0,1.000000,0.109302,0.186163,0.232675,0.204317,0.208331,0.290274,0.166602,0.231541,0.124137,0.260060,0.219353,0.169977,0.169044,0.310388,0.259992,0.389463,0.384863,0.308966,0.343651,0.167149,0.162611,0.335030,0.413047,0.073859,0.078845,0.182770,0.025505,0.170688,0.223980,0.069112,0.330876,0.200371,0.211183,0.360948,0.170669,0.145724,0.107391,0.248942,0.189838,0.203772,0.174160,0.364279,0.058539,0.209639,0.157191,0.145924,0.274639,0.249983,0.319377,0.209476,0.294740,0.238582,0.251205,0.278959,0.234708,0.261352,0.233534,0.206569,0.185287,0.184608,0.356924,0.304892,0.195321,0.283159,0.105875,0.250869,0.224649,0.112595,0.236030,0.131769,0.210193,0.195903,0.342056,0.207025,0.120301,0.398721,0.283037,0.266068,0.092744,0.111496,0.168392,0.264867,0.202134,0.267149,0.272729,0.333430,0.289886,0.271345,0.261356,0.152461,0.094667,0.252563,0.096235,0.191296,0.327628,0.277774,0.098879,0.256678,0.277555,0.206618,0.216075,0.192113,0.292884,0.202468,0.273980,0.267373,0.229138,0.305607,0.001656,0.144724,0.289641,0.127157,0.283647,0.311935,0.310360,0.248628,0.113622,0.166375,0.295234,0.139164,0.215412,0.324296,0.208864,0.357214,0.286655,0.198499,0.142585,0.123379,0.294479,0.195038,0.108867,0.158925,0.112103,0.248999,0.374099,0.220160,0.218284,0.009383,0.199466,0.226508,0.171930,0.125285,0.209748,0.121319,-0.002982,0.237710,0.107982,0.183292,0.126078,0.140278,0.294271,0.133782,0.161569,0.220377,0.218659,0.365214,0.305814,0.324099,0.201397,0.329796,0.223863,0.272892,0.131963,0.111694,0.310116,0.152276,0.264354,0.308298,0.220482,0.097181,0.118051,0.290492,0.178596,0.093688,0.279487,0.371581,0.254030,0.238174,0.083882,0.218424,0.297804,0.226487,0.153407,0.117141,0.063260,0.143487,0.349531,0.250207,0.041062,0.108941,0.268325,0.163987,0.250254,0.295094,0.323449,0.171774,0.247954,0.118756,0.249124,#
1,0.109302,1.000000,0.165801,0.111508,0.018439,0.147840,0.188849,0.256220,0.343041,0.220349,0.307188,0.220384,0.182039,0.069989,0.101430,0.105873,0.082842,0.094744,0.129390,0.159229,0.010691,0.263679,0.163252,-0.030141,0.177987,0.016753,0.004154,0.229022,0.057409,0.088668,0.169198,0.110491,0.117462,0.258935,0.003445,0.081401,0.150980,0.104203,0.282352,0.185720,0.228761,0.007293,0.243058,0.054489,0.031902,0.078883,0.254076,0.096694,0.247836,0.097641,0.072204,0.171435,0.142152,0.109339,0.167307,0.106100,0.103187,-0.026479,0.008597,0.117188,0.151499,0.157601,0.118120,0.085031,0.077680,0.322336,0.229292,0.267121,0.144531,0.246615,0.295613,0.218697,0.273613,0.135615,0.204950,0.162266,0.191450,0.112584,0.213489,-0.035189,0.142880,0.084703,0.071319,0.195808,0.292803,0.109649,0.209904,0.337519,0.182436,0.097903,0.116431,0.194071,0.059087,0.196828,0.245452,0.204385,0.079718,0.180730,0.195695,0.159155,0.194136,0.089795,0.097302,0.056435,0.065966,0.234089,0.104926,0.215341,0.231610,0.059809,0.043128,0.166172,0.045448,0.128031,0.132690,0.334383,0.196883,0.003224,0.142467,0.083418,0.041057,0.233596,0.158052,0.146034,0.194247,0.102592,0.136855,0.101777,0.289880,0.173730,0.027819,0.288892,0.041047,0.119141,0.221966,0.148196,0.232188,0.190365,0.117551,0.150479,0.264319,0.159438,0.118183,0.264526,0.263163,0.065255,0.059350,0.048097,0.217102,-0.035537,0.314385,0.229750,0.070066,-0.004181,0.234350,0.200564,0.128530,0.193804,-0.019947,0.026145,0.172176,0.202451,0.135337,0.280315,0.106605,0.098931,0.173570,0.016743,0.121865,0.177632,0.138494,0.162343,0.108625,0.060876,0.182958,0.260642,0.127369,0.206012,0.074600,0.079981,0.215078,0.081410,0.245204,0.178143,0.146748,0.161265,0.133234,-0.003531,0.295882,0.274877,0.249999,0.337307,0.075704,0.075013,0.153416,0.002719,0.083880,0.309498,0.012469,0.313283,#
2,0.186163,0.165801,1.000000,0.236098,0.284871,0.219344,0.284053,0.251449,0.301844,0.247080,0.282395,0.219778,0.100768,0.349770,0.250770,0.227293,0.011505,0.202791,0.150933,0.256053,0.228798,0.209307,0.193586,0.232475,0.140409,0.184775,0.333467,0.197993,0.203832,0.200558,0.185176,0.202255,0.240630,0.217655,0.227093,0.094411,0.206965,0.180757,0.308968,0.126632,0.192333,0.127857,0.329390,0.135455,0.150456,0.215242,0.296179,0.088806,0.065718,0.166775,0.169012,0.292063,0.305485,0.206144,0.249953,0.249191,0.275555,-0.008596,0.296492,0.270103,0.452648,0.224518,0.092475,0.213814,0.205577,0.214439,0.084186,0.322244,0.160664,0.205517,0.340127,0.255047,0.130780,0.333770,0.270479,0.142718,0.185085,0.156399,0.216722,0.137091,0.269324,0.176386,0.277271,0.055386,0.393952,0.258835,0.172557,0.362328,0.108948,0.126767,0.247456,0.209235,0.338115,0.312625,0.251195,0.261838,0.209519,0.159276,0.293573,0.158978,0.222724,0.239832,0.114891,0.232629,0.101419,0.282997,0.332070,0.330356,0.173171,0.058006,0.248051,0.205944,0.312700,0.193676,0.141447,0.265919,0.185349,0.240488,0.090435,0.228528,0.147472,0.085390,0.125327,0.287120,0.215335,0.076527,0.207234,0.179046,0.233007,0.279244,0.173296,0.257933,0.239006,0.279130,0.296120,0.150019,0.281626,0.272764,0.300191,0.167276,0.099500,0.351774,0.072906,0.109959,0.302919,0.154257,0.082909,0.146776,0.176459,0.179839,0.273294,0.266366,0.268679,0.306235,0.144014,0.161511,0.154650,-0.006697,0.280552,0.127204,0.085536,0.154778,0.291728,0.220226,0.135493,0.281620,0.139779,0.022939,0.200410,0.217570,0.222190,0.249662,0.296581,0.098795,0.228675,0.248198,0.157951,0.283614,0.132343,0.056504,0.151750,0.422717,0.169901,0.331194,0.179358,0.212235,0.172697,0.114104,0.218650,0.235426,0.224386,0.220356,0.354105,0.284287,0.225897,0.147321,0.071699,0.147719,0.193320,0.374245,#
3,0.232675,0.111508,0.236098,1.000000,0.241339,0.180623,0.269885,0.277225,0.458799,0.310236,0.308119,0.242697,0.165738,0.199951,0.291043,0.155204,0.168960,0.281093,0.417147,0.262917,0.179303,0.302659,0.336323,0.259119,0.154079,0.207826,0.330727,0.244995,0.202468,0.323645,0.227848,0.226671,0.342476,0.401696,0.215461,0.243252,0.125352,0.294736,0.315738,0.297719,0.189360,0.305290,0.384345,0.296445,0.196180,0.232985,0.129256,0.197575,0.117901,0.136222,0.277389,0.189857,0.335246,0.090427,0.174100,0.324890,0.321811,0.169598,0.292907,0.278081,0.226337,0.230503,0.208575,0.215517,0.421570,0.078904,0.116969,0.180571,-0.063904,0.348389,0.212629,0.297084,0.334008,0.174045,0.169583,0.178826,0.224990,0.240458,0.161135,0.138760,0.261469,0.200876,0.369358,0.050166,0.329923,0.242153,0.279144,0.308073,0.225062,0.233551,0.436148,0.295692,0.193681,0.265622,0.338968,0.306900,0.104871,0.213529,0.324284,0.103736,0.160193,0.198285,0.164835,0.039448,0.420185,0.114588,0.328837,0.275508,0.226124,0.110336,0.190944,0.098230,0.202624,0.243341,0.146123,0.276059,0.131908,0.192622,0.177028,0.213334,0.171052,0.320754,0.255559,0.139371,0.198438,0.241736,0.242227,0.394782,0.173997,0.166968,0.318051,0.291507,0.155886,0.259863,0.225945,0.383302,0.209465,0.184773,0.094292,0.243970,0.084975,0.410453,0.321431,0.048284,0.172434,0.363087,0.254873,0.325575,0.150308,0.251571,0.246946,0.139675,0.188429,0.295169,0.243486,0.139503,0.176756,0.139692,0.397075,0.183685,0.202918,0.204138,0.145404,0.159970,0.136078,0.301499,0.318322,0.203782,0.277589,0.243049,0.205421,0.110405,0.189237,0.206261,0.135429,0.319445,0.325864,0.299789,0.134929,0.218660,0.083477,0.361905,0.203500,0.199557,0.180039,0.122551,0.255053,0.187087,0.228480,0.310118,0.392527,0.227139,0.255890,0.240510,0.306635,0.288699,0.230509,0.196505,0.088564,0.258436,#
4,0.204317,0.018439,0.284871,0.241339,1.000000,0.288399,0.222456,0.333228,0.302671,0.327231,0.136492,0.326013,0.219836,0.227853,0.275726,0.194290,0.246275,0.275061,0.248217,0.448006,0.368730,0.256804,0.339382,0.375325,0.095231,0.225171,0.292931,0.059342,0.320670,0.215300,0.256183,0.324641,0.340710,0.370436,0.214128,0.193482,0.333334,0.191886,0.379725,0.252828,0.282707,0.273515,0.303662,0.228156,0.192836,0.284279,0.348498,0.307141,0.125362,0.136412,0.243598,0.288190,0.270521,0.178602,0.303357,0.343565,0.252514,0.171929,0.334389,0.341850,0.186065,0.347356,0.249577,0.139467,0.304451,0.220845,0.123163,0.303870,0.142214,0.246050,0.229067,0.310029,0.339076,0.312584,0.321745,0.101729,0.247625,0.320606,0.272042,0.230604,0.197809,0.273713,0.294283,0.113639,0.357057,0.246246,0.237903,0.267115,0.175561,0.186325,0.353305,0.249763,0.259863,0.185486,0.356033,0.344541,0.248762,0.226096,0.155185,0.209157,0.216374,0.225046,0.255375,0.211586,0.170106,0.293189,0.257613,0.245883,0.338942,0.318529,0.205033,0.264446,0.309281,0.350544,0.213061,0.196008,0.311557,0.277092,0.119805,0.254587,0.059666,0.246168,0.322601,0.185183,0.345027,0.156835,0.222141,0.332112,0.359876,0.323077,0.369855,0.159114,0.297932,0.327750,0.375047,0.309805,0.151354,0.196850,0.280810,0.088613,0.132316,0.267026,0.327508,0.117535,0.279940,0.218597,0.290214,0.237828,0.142273,0.310457,0.236949,0.354875,0.281099,0.418592,0.428211,0.270065,0.319838,0.132307,0.195317,0.227793,0.300723,0.178824,0.336785,0.039743,0.022109,0.299323,0.085437,0.175582,0.270423,0.296676,0.114759,0.224554,0.392401,0.177120,0.249914,0.301255,0.401020,0.345641,0.220175,0.239100,0.158306,0.220471,0.297006,0.192136,0.273306,0.307356,0.088782,0.281203,0.323953,0.388130,0.106544,0.226897,0.178749,0.202715,0.248084,0.325162,0.283107,0.123577,0.381362,0.402813,#
5,0.208331,0.147840,0.219344,0.180623,0.288399,1.000000,0.091957,0.323361,0.282699,0.159371,0.298531,0.189771,0.124765,0.044662,0.280377,0.262442,0.182316,0.286530,0.041115,0.436683,0.165585,0.162952,0.268539,0.216429,0.167642,0.153927,0.370526,0.202061,0.247649,0.130298,0.358877,0.271023,0.328851,0.241065,0.106877,0.251026,0.221580,0.094473,0.271578,0.126886,0.356444,0.157715,0.235962,0.251248,0.196189,0.316152,0.355212,0.202084,0.278661,-0.034428,0.240495,0.213302,0.187176,0.198023,0.010433,0.400529,0.296718,0.060975,0.432029,0.292722,0.149085,0.347719,0.275826,0.304282,0.349069,0.208025,0.031518,0.309075,0.154308,0.080092,0.237444,0.185863,0.309100,0.180452,0.166301,0.286263,0.308152,0.333081,0.265722,0.209184,0.328886,0.133951,0.309892,0.127187,0.114215,0.255498,0.347329,0.385186,0.241851,0.038329,0.103414,0.241397,0.421482,0.404180,0.254264,0.228383,0.166599,0.281681,0.357050,0.242798,0.184684,0.201543,0.250566,0.199213,0.203735,0.331124,0.214564,0.258361,0.146320,0.203048,0.152888,0.369969,0.186581,0.146748,0.161010,0.189901,0.294766,0.109911,0.048631,0.290413,0.061068,0.275653,0.218059,0.270552,0.126750,0.102785,0.336171,0.164480,0.149889,0.285406,0.394379,0.306433,0.312073,0.338135,0.279284,0.263083,0.304215,0.224393,0.156424,0.124677,0.154073,0.127913,0.200952,0.216846,0.362632,0.146620,0.130977,0.145616,0.251903,0.143463,0.264945,0.182061,0.176685,0.187945,0.230243,0.142053,0.368488,0.169956,0.212072,0.181133,0.292414,0.192752,0.284854,0.130724,0.257304,0.214775,-0.001522,0.338692,0.279966,0.296245,0.344476,0.263238,0.208089,0.197394,0.203423,0.186766,0.216286,0.258520,0.244873,0.271542,0.319049,0.264421,0.431115,0.193333,0.252204,0.212803,0.250456,0.212232,0.150147,0.240281,0.172747,0.292486,0.114941,0.153541,0.093227,0.170964,0.127823,0.162801,0.213451,0.319755,#
6,0.290274,0.188849,0.284053,0.269885,0.222456,0.091957,1.000000,0.181377,0.308072,0.123076,0.186679,0.198311,0.295387,0.324649,0.129873,0.152972,0.180354,0.283853,0.213868,0.154412,0.338462,0.252736,0.099302,0.276688,0.194155,0.169588,0.134313,0.192870,0.187691,0.324881,0.161110,0.168923,0.137711,0.251597,0.280338,0.186545,0.087267,0.116592,0.182970,0.255627,0.158888,0.227689,0.328140,0.189408,0.327768,0.083639,0.216869,0.004772,0.328601,0.179279,0.178828,0.280257,0.269450,0.111250,0.280123,0.215859,0.230250,0.237429,0.296172,0.195109,0.242800,0.160705,0.188275,0.050994,0.379439,0.270462,0.287199,0.160543,0.150390,0.213838,0.214053,0.211964,0.173924,0.414186,0.207554,0.161809,0.290381,0.117924,0.246620,0.073989,0.200236,0.166309,0.240689,0.085000,0.147810,0.235218,0.214382,0.231262,0.254390,0.207573,0.168095,0.184596,0.087412,0.140830,0.198248,0.174109,0.297542,0.232639,0.222930,0.305306,0.159812,0.219573,0.298437,0.125928,0.067460,0.084370,0.274588,0.134999,0.181629,0.080817,0.148783,0.161094,0.018701,0.144754,0.266354,0.141821,0.408312,0.161362,0.208547,0.211237,0.269634,0.218178,0.262297,0.292746,0.280231,0.321880,0.193286,0.214042,0.048687,0.184074,0.152117,0.232299,0.259659,0.148938,0.195595,0.273542,0.247211,0.132300,0.291963,0.252990,0.254343,0.291209,0.130499,0.058933,0.178334,0.249339,0.125175,0.152690,0.158516,0.047887,0.339369,0.230459,0.194443,0.139866,0.175781,0.190212,0.232585,0.234226,0.250441,0.080299,0.200157,0.252213,0.243501,0.208875,0.150112,0.320583,0.209556,0.133287,0.191775,0.119029,0.228614,0.183354,0.102151,0.093752,0.197752,0.241223,0.265554,0.246831,0.215435,0.112824,0.232367,0.189858,0.319488,0.253274,0.147301,0.148872,0.063632,0.280681,0.109010,0.217575,0.093483,0.215353,0.162342,0.289846,0.205864,0.168703,0.170443,0.261331,0.272128,0.274437,#
7,0.166602,0.256220,0.251449,0.277225,0.333228,0.323361,0.181377,1.000000,0.512585,0.284144,0.260656,0.345305,0.248293,0.293539,0.448874,0.140072,0.353933,0.264226,0.274556,0.294932,0.212816,0.306033,0.434603,0.330383,0.337022,0.308302,0.294836,0.324751,0.309311,0.270740,0.104871,0.324517,0.287190,0.305507,0.159789,0.151795,0.310218,0.134330,0.382234,0.216946,0.291989,0.176744,0.336826,0.340605,0.293431,0.350702,0.320552,0.337787,0.157596,0.180817,0.325822,0.238516,0.252685,0.329141,0.204662,0.267390,0.143348,0.281147,0.271703,0.264431,0.166669,0.325963,0.255245,0.107310,0.317452,0.296499,0.175147,0.331897,0.251830,0.494563,0.259543,0.075793,0.447541,0.289195,0.388653,0.168622,0.285348,0.241065,0.366465,0.241081,0.305030,0.297565,0.289873,0.168133,0.303063,0.266759,0.328034,0.377557,0.257131,0.248982,0.187647,0.274279,0.332177,0.329161,0.401606,0.160618,0.286331,0.362827,0.312497,0.269148,0.336398,0.224788,0.257587,0.274336,0.229357,0.356699,0.261819,0.285789,0.225888,0.165816,0.346534,0.200962,0.289366,0.357808,0.345407,0.224332,0.288166,0.119473,0.145681,0.428111,0.226799,0.339507,0.294751,0.429680,0.387974,0.225410,0.369627,0.388396,0.260641,0.146645,0.264267,0.138416,0.349148,0.244740,0.411394,0.414654,0.282303,0.231307,0.235672,0.248578,0.255229,0.316312,0.319600,0.077610,0.292894,0.262925,0.277058,0.165462,0.306957,0.269325,0.252193,0.345092,0.285605,0.327639,0.229464,0.392624,0.249009,0.262195,0.316515,0.267039,0.344107,0.119376,0.436693,0.138562,0.143786,0.314344,0.266882,0.175573,0.198361,0.202338,0.348020,0.408093,0.332069,0.252206,0.291369,0.329811,0.275208,0.305180,0.176986,0.282582,0.400250,0.254966,0.264138,0.232347,0.236600,0.336240,0.181805,0.177889,0.275180,0.333250,0.305407,0.311586,0.217500,0.144957,0.238864,0.233201,0.257944,0.302616,0.227121,0.320446,#
8,0.231541,0.343041,0.301844,0.458799,0.302671,0.282699,0.308072,0.512585,1.000000,0.399314,0.262453,0.297483,0.235326,0.325773,0.401533,0.323128,0.174726,0.302658,0.265805,0.343043,0.135255,0.461689,0.427729,0.262396,0.064433,0.331024,0.301030,0.414816,0.245030,0.348899,0.212399,0.270326,0.288916,0.371176,0.211611,0.210045,0.302484,0.238021,0.277650,0.312738,0.282068,0.388475,0.412122,0.275214,0.172322,0.231170,0.195110,0.247493,0.302595,0.307474,0.320709,0.359861,0.209795,0.277595,0.230140,0.459461,0.263703,0.305001,0.237842,0.410037,0.321673,0.305133,0.417250,0.171509,0.335474,0.396599,0.233204,0.398002,0.263932,0.450684,0.325163,0.266279,0.411855,0.453299,0.275978,0.303665,0.310862,0.316159,0.314209,0.285968,0.314210,0.287987,0.259318,0.169563,0.349636,0.292444,0.251424,0.322429,0.132560,0.297384,0.286781,0.270729,0.303891,0.364453,0.467456,0.291085,0.279465,0.281591,0.357744,0.222373,0.269815,0.290669,0.295054,0.317634,0.341242,0.312604,0.339119,0.329970,0.279093,0.162464,0.284924,0.286855,0.271513,0.282430,0.415796,0.390880,0.320665,0.124671,0.205585,0.407674,0.256040,0.305362,0.387611,0.331979,0.308536,0.360242,0.328021,0.363017,0.235592,0.294983,0.269537,0.168889,0.399743,0.404687,0.513633,0.366893,0.266974,0.263058,0.110763,0.288170,0.148786,0.417347,0.429982,0.214175,0.281773,0.312789,0.368593,0.244187,0.327425,0.206732,0.318787,0.282347,0.233080,0.448798,0.411366,0.348102,0.281377,0.339282,0.300312,0.311500,0.311871,0.197147,0.384533,0.287998,0.244229,0.289812,0.281679,0.133158,0.344907,0.392433,0.323413,0.336043,0.299227,0.241722,0.390905,0.365822,0.244725,0.345061,0.305703,0.226185,0.354952,0.327780,0.206338,0.421473,0.326603,0.341797,0.257989,0.245254,0.313139,0.319318,0.343036,0.277231,0.361580,0.218564,0.297874,0.303453,0.226933,0.291615,0.304244,0.359019,#
9,0.124137,0.220349,0.247080,0.310236,0.327231,0.159371,0.123076,0.284144,0.399314,1.000000,0.294639,0.141488,0.223679,0.226053,0.350904,0.261171,0.195708,0.233923,0.378657,0.402842,0.378154,0.315782,0.337956,0.347953,0.134000,0.095371,0.246031,0.336108,0.179893,0.372311,0.177980,0.144571,0.230357,0.379044,0.310540,0.270786,0.161229,0.154621,0.356914,0.166197,0.371654,0.207579,0.280563,0.147587,0.298319,0.191789,0.237411,0.200337,0.101357,0.156928,0.104851,0.244006,0.198132,0.165437,0.139739,0.362105,0.199314,0.235723,0.283493,0.255616,0.245169,0.262265,0.320187,0.250283,0.322016,0.425934,0.243978,0.346427,0.223923,0.224739,0.408755,0.258806,0.195487,0.258891,0.231254,0.194912,0.114020,0.320190,0.297219,0.350831,0.202297,0.206136,0.200968,0.139427,0.435318,0.147502,0.186127,0.406332,0.177348,-0.046783,0.257516,0.364549,0.325163,0.205977,0.378804,0.219251,0.239591,0.438425,0.347053,0.055963,0.150041,0.176199,0.394990,0.156408,0.365452,0.276343,0.271774,0.146416,0.311576,0.220493,0.313063,0.336402,0.466920,0.351470,0.161552,0.282140,0.203073,0.094192,0.135153,0.214208,0.283272,0.300746,0.327196,0.275750,0.254555,0.100172,0.224035,0.216856,0.350784,0.244790,0.249831,0.238050,0.321294,0.419831,0.340795,0.222566,0.186081,0.226092,0.132344,0.248975,0.030818,0.399325,0.364099,0.255033,0.237962,0.252318,0.241797,0.238318,0.120177,0.228028,0.148969,0.129376,0.281993,0.343090,0.306481,0.318914,0.257685,0.309584,0.265984,0.253721,0.250553,0.202490,0.322368,0.364811,0.273491,0.215685,0.204823,0.145060,0.392531,0.212211,0.367844,0.398209,0.188780,0.266961,0.299993,0.454632,0.163789,0.342282,0.317236,0.269915,0.167566,0.196343,0.244707,0.228791,0.226470,0.369837,0.069409,0.118388,0.466357,0.238046,0.267023,0.248429,0.259177,0.169812,0.230145,0.192037,0.119999,0.233219,0.141182,0.190837,#
10,0.260060,0.307188,0.282395,0.308119,0.136492,0.298531,0.186679,0.260656,0.262453,0.294639,1.000000,0.189554,-0.007881,0.161685,0.186401,0.262293,0.172096,0.155354,0.193664,0.291092,0.221444,0.114546,0.199293,0.224832,0.058294,0.077730,0.183735,0.377242,0.060320,0.293276,0.118804,0.213562,0.171467,0.295895,0.242107,0.203064,0.172559,0.179548,0.240298,0.066964,0.340164,0.144596,0.160526,0.087736,0.310747,0.292138,0.307970,0.204477,0.299182,0.381538,0.006315,0.215388,0.318218,0.140560,0.100227,0.261385,0.178131,0.068683,0.211361,0.177928,0.182191,0.305747,0.304529,0.342780,0.297935,0.131104,0.185949,0.136810,0.061809,0.171434,0.142368,0.337469,0.233152,0.221645,0.118811,0.206232,0.162073,0.271512,0.155015,0.071058,0.376642,0.198136,0.215414,0.154313,0.273244,0.132297,0.235299,0.398865,0.156299,0.224333,0.229558,0.411295,0.257439,0.362685,0.292943,0.340350,0.079191,0.192839,0.386464,0.250345,0.173024,0.205561,0.208005,0.260665,0.406350,0.021985,0.181155,0.261805,0.149389,0.126658,0.079847,0.209235,0.179393,0.205490,0.196731,0.349971,0.187132,0.088852,0.206537,0.233503,0.182929,0.357668,0.062967,0.149957,0.032761,0.178320,0.333907,0.257520,0.250884,0.085328,0.053627,0.154748,0.144794,0.196295,0.311514,0.171014,0.159289,0.272423,0.081980,0.135292,0.283378,0.086373,0.172937,0.165633,0.167033,0.065458,0.023340,0.100798,0.237166,0.143873,0.313564,0.226248,0.330040,0.277498,0.109133,0.177602,0.341754,0.138949,0.259699,0.154279,0.312330,0.150750,0.283831,0.280488,0.170737,0.214795,0.313810,0.206846,0.341472,0.284275,0.255224,0.149128,0.101063,0.146570,0.223513,0.155822,0.221261,0.393532,0.112514,0.258274,0.152427,0.134058,0.310722,0.154339,0.188173,0.071913,0.084612,0.091765,0.129605,0.299824,0.287103,0.196343,0.192887,0.141903,0.292139,0.148040,0.042474,0.280486,0.159020,0.343800,#
11,0.219353,0.220384,0.219778,0.242697,0.326013,0.189771,0.198311,0.345305,0.297483,0.141488,0.189554,1.000000,0.220556,0.215710,0.240617,0.091896,0.187807,0.310694,0.222889,0.134005,0.182715,0.306325,0.235495,0.142871,0.172838,0.301068,0.084262,0.309897,0.242972,0.244467,0.255383,0.266763,0.243359,0.280196,0.205635,0.091179,0.390168,0.147562,0.146469,0.352636,0.239462,0.291881,0.307077,0.189209,0.124098,0.307759,0.367943,0.216598,0.192911,0.202220,0.193792,0.291202,0.264043,0.338107,0.233564,0.203936,-0.004411,0.274510,0.211074,0.212598,0.145210,0.178254,0.375706,0.098152,0.302406,0.284336,0.227867,0.292633,0.245874,0.374221,0.271820,0.229001,0.252358,0.252936,0.198224,0.055208,0.279251,0.270249,0.202286,-0.022569,0.263804,0.267217,0.238480,0.036665,0.242152,0.178243,0.109476,0.229259,0.213146,0.095932,0.180040,0.369974,0.258807,0.235966,0.330094,0.382032,0.188815,0.196432,0.236840,0.173560,0.157629,0.284761,0.207500,0.195366,0.258778,0.376305,0.223021,0.349122,0.351770,0.214404,0.364014,0.218529,0.287208,0.280428,0.016958,0.355156,0.214337,0.304719,0.045555,0.363596,0.090535,0.283861,0.312695,0.163786,0.259534,0.201365,0.213218,0.223722,0.280033,0.203691,0.192382,0.283000,0.353564,0.323990,0.255644,0.215707,0.244327,0.258504,0.131132,0.280481,0.218003,0.149110,0.186829,0.195371,0.384161,0.137397,0.353046,0.211320,0.140020,0.204621,0.256141,0.231910,0.185015,0.238717,0.338269,0.206962,0.293287,0.136193,0.324507,0.144359,0.163550,0.256745,0.274143,0.122743,0.253108,0.060483,0.219397,0.130335,0.264600,0.359941,0.214571,0.200135,0.208471,0.279640,0.149643,0.261035,0.107636,0.238658,0.135318,0.326119,0.309370,0.147238,0.340332,0.168453,0.293196,0.169508,0.094629,0.285368,0.300846,0.359531,0.309344,0.178163,0.356243,0.283822,0.298773,0.243604,0.218410,0.288977,0.175760,0.256401,#
12,0.169977,0.182039,0.100768,0.165738,0.219836,0.124765,0.295387,0.248293,0.235326,0.223679,-0.007881,0.220556,1.000000,0.204295,0.326773,0.097110,0.344317,0.312875,0.310349,0.275925,0.189252,0.260729,0.257227,0.233345,0.042033,0.105882,0.185054,0.235169,0.272843,0.097628,0.098616,0.208225,0.270880,0.212026,0.222813,0.175805,0.193761,0.091658,0.143806,0.300279,0.048666,0.088452,0.208249,0.381664,0.138382,0.203756,0.248467,0.051319,0.171875,0.081608,0.277823,0.116516,0.211552,0.194400,0.263600,0.158659,0.058438,0.208857,0.178531,0.071669,0.051642,0.318186,0.043828,0.197984,0.335496,0.221090,0.131080,0.212334,0.189079,0.204288,0.209488,0.148670,0.325781,0.204302,0.301708,0.253790,0.226189,0.067003,0.164252,0.075572,0.191972,0.163413,0.151908,0.160756,0.066040,0.190939,0.197194,0.239732,0.285044,0.128728,0.131153,0.081836,0.104186,0.094462,0.212781,0.289686,0.387434,0.350304,0.166341,0.035227,0.087651,0.251690,0.259987,0.286614,0.199228,0.127074,0.223203,0.129327,0.159635,0.125103,0.255273,0.093325,0.173258,0.176439,0.312148,0.147588,0.385639,0.063286,0.170213,0.089956,0.197566,0.246146,0.292447,0.294528,0.270528,0.119901,0.090283,0.044386,0.028488,0.148019,0.178194,0.161868,0.072049,0.226011,0.251888,0.124736,0.266326,0.228500,0.261263,0.057486,0.174157,0.337117,0.258850,0.061187,0.229240,0.156556,0.214740,0.197207,0.104696,0.336765,0.157517,0.306489,0.214026,0.111436,0.156330,0.423719,0.167946,0.108756,0.223588,0.166008,0.227355,0.305289,0.336021,0.160402,0.363991,0.149379,0.282100,0.219191,0.086504,0.128831,0.278091,0.255096,0.135246,0.204941,0.130832,0.205785,0.232505,0.316941,0.254195,0.038724,0.218815,0.232652,0.284884,0.201906,0.024543,0.208156,0.164991,0.364514,0.201545,0.070251,0.189215,0.114471,0.217134,0.254673,0.176272,0.196261,0.118815,0.199973,0.223190,0.099766,#
13,0.169044,0.069989,0.349770,0.199951,0.227853,0.044662,0.324649,0.293539,0.325773,0.226053,0.161685,0.215710,0.204295,1.000000,0.250317,0.177159,0.278919,0.293737,0.333029,0.241294,0.324408,0.308126,0.379504,0.289169,0.065473,0.288927,0.203852,0.365368,0.344116,0.361234,0.068756,0.261535,0.329732,0.291340,0.245963,0.088828,0.229632,0.210802,0.215312,0.264243,0.339741,0.314623,0.334652,0.195500,0.406994,0.232246,0.191437,0.251020,0.326116,0.164634,0.144653,0.399442,0.229326,0.297106,0.262790,0.252220,0.126316,0.241667,0.206371,0.219038,0.264293,0.303561,0.238741,0.212666,0.316573,0.237308,0.267890,0.213132,0.306117,0.263548,0.217923,0.223541,0.020890,0.345232,0.367218,0.279170,0.224002,0.280172,0.300489,0.268871,0.246757,0.233007,0.378992,0.144953,0.261777,0.215021,0.122585,0.226248,0.335146,0.225603,0.266297,0.222907,0.365651,0.324274,0.401720,0.156181,0.260039,0.262274,0.272416,0.396256,0.222819,0.243543,0.171291,0.412403,0.218911,0.347960,0.233183,0.276535,0.243646,0.217430,0.299886,0.254068,0.378457,0.344621,0.282440,0.307782,0.192647,0.377366,0.221842,0.426899,0.264348,0.279186,0.214169,0.158458,0.254978,0.068065,0.157313,0.097382,0.222221,0.180054,0.097060,0.297410,0.271208,0.207412,0.438071,0.228283,0.210910,0.181171,0.304120,0.233961,-0.068038,0.297830,0.439081,0.148415,0.108121,0.271597,0.290361,0.248941,0.206057,0.191207,0.196339,0.301260,0.244489,0.394696,0.206135,0.383008,0.190171,0.119802,0.295043,0.299750,0.312202,0.242081,0.296515,0.272380,0.208512,0.304336,0.291127,0.181502,0.302584,0.148117,0.239922,0.275066,0.212101,0.209336,0.318713,0.256282,0.198539,0.446077,0.288556,0.176654,0.194147,0.346816,0.285673,0.284284,0.278635,0.293432,0.201500,0.245424,0.068189,0.200512,0.338963,0.239432,0.331941,0.354700,0.343155,0.215834,0.265146,0.162361,0.320010,0.251690,#
14,0.310388,0.101430,0.250770,0.291043,0.275726,0.280377,0.129873,0.448874,0.401533,0.350904,0.186401,0.240617,0.326773,0.250317,1.000000,0.364689,0.322136,0.258517,0.385594,0.377033,0.276893,0.193119,0.311081,0.323936,0.193636,0.137577,0.329404,0.281585,0.408404,0.268496,0.213034,0.394878,0.302388,0.271276,0.315468,0.203101,0.251294,0.212584,0.294797,0.268009,0.204072,0.173990,0.395555,0.241100,0.261893,0.302988,0.202411,0.170661,0.058144,0.207669,0.229429,0.219593,0.182489,0.371568,0.235385,0.282399,0.252659,0.247907,0.342337,0.243953,0.255678,0.358662,0.289726,0.384543,0.250927,0.170414,0.190308,0.311699,0.166005,0.390460,0.308499,0.197990,0.293562,0.193087,0.365838,0.249220,0.445165,0.275551,0.204540,0.090331,0.343424,0.355424,0.359779,0.337273,0.270218,0.271877,0.246985,0.413819,0.230588,0.105830,0.135508,0.162410,0.377718,0.386216,0.326058,0.414797,0.537157,0.340540,0.388261,0.084614,0.229882,0.243050,0.357651,0.191909,0.384504,0.245264,0.239879,0.191956,0.096843,0.103787,0.275190,0.221602,0.330215,0.305694,0.268945,0.341796,0.357194,0.113560,0.203122,0.274243,0.345238,0.332160,0.353452,0.319726,0.401075,0.111233,0.191232,0.416361,0.186178,0.370717,0.210929,0.208898,0.309241,0.351239,0.402897,0.317571,0.230898,0.338773,0.197822,0.196139,0.077693,0.309855,0.291232,0.244851,0.226642,0.377781,0.267030,0.217408,0.201227,0.150227,0.278565,0.275290,0.207337,0.301162,0.391914,0.342426,0.368192,0.179507,0.229503,0.243648,0.276459,0.185574,0.379119,0.217884,0.192383,0.286516,0.268512,0.162584,0.312003,0.337091,0.232957,0.275270,0.290210,0.342276,0.214296,0.399781,0.271948,0.322949,0.268886,0.081393,0.365975,0.397841,0.292075,0.201048,0.245975,0.189928,0.237055,0.139865,0.166344,0.238112,0.099587,0.263690,0.393342,0.274905,0.294947,0.207651,0.236301,0.146997,0.299021,0.169891,#
15,0.259992,0.105873,0.227293,0.155204,0.194290,0.262442,0.152972,0.140072,0.323128,0.261171,0.262293,0.091896,0.097110,0.177159,0.364689,1.000000,0.222191,0.257861,0.161046,0.266504,0.073765,0.210670,0.265232,0.301809,0.103374,0.160089,0.169542,0.181534,0.152379,0.365370,0.094448,0.299557,0.122371,0.227402,0.195170,0.280682,0.268822,0.107705,0.284355,0.117221,0.145693,0.182730,0.225990,0.192384,0.257187,0.181288,0.162337,0.340975,0.157376,0.248830,0.006936,0.341589,0.198454,0.179798,0.160859,0.187330,0.205663,0.056028,0.199093,0.211723,0.278758,0.238087,0.260742,0.282877,0.198345,0.270409,0.152074,0.193703,0.049347,0.037792,0.262848,0.093840,0.058163,0.197141,0.228695,0.171296,0.249718,0.244487,0.196362,0.090036,0.399795,0.204716,-0.031455,0.213517,0.332164,0.269278,0.112541,0.434085,0.116512,0.102268,0.161224,0.110403,0.150113,0.152893,0.191210,0.255906,0.272191,0.159193,0.138576,0.087517,0.295104,0.128587,0.293113,0.285757,0.178652,0.200439,0.314692,0.209917,0.073155,0.224539,0.036608,0.188322,0.186057,0.229884,0.047211,0.207310,0.178154,0.149517,0.106512,0.163188,0.235629,0.152652,0.197254,0.144944,0.091355,0.183680,0.311216,0.255497,0.117720,0.414797,-0.041771,0.041510,0.172629,0.161663,0.247028,0.138434,0.046501,0.001434,0.160925,0.144253,0.043833,0.134916,0.236651,0.032002,0.145003,0.130996,0.125819,0.184899,0.157147,0.061063,0.223987,0.079472,0.277832,0.280961,0.172483,0.172360,0.356187,0.187845,0.137709,0.232259,0.176304,0.129014,0.335264,-0.045986,0.203800,0.268234,0.242894,0.275454,0.355035,0.085380,0.038533,0.337234,-0.045267,0.198975,0.133821,0.300897,0.236368,0.248182,0.148599,0.182819,0.214876,0.189766,0.216573,0.262216,0.188031,0.252719,-0.029128,0.200041,0.017674,0.180736,0.114793,0.226847,0.237964,0.132733,0.120514,0.188330,0.234357,0.247730,0.204295,0.180388,#
16,0.389463,0.082842,0.011505,0.168960,0.246275,0.182316,0.180354,0.353933,0.174726,0.195708,0.172096,0.187807,0.344317,0.278919,0.322136,0.222191,1.000000,0.257938,0.164403,0.345633,0.294541,0.204115,0.143637,0.231612,0.114833,0.258417,0.253018,0.017339,0.144697,0.261368,0.049047,0.300475,0.294967,0.389640,0.212495,0.167483,0.315000,0.104885,0.283610,0.213830,0.192035,0.155104,0.288514,0.214584,0.157027,0.257835,0.087378,0.153082,0.196010,0.247673,0.112834,0.119187,0.309380,0.452417,0.215158,0.235814,0.027582,0.236541,0.269873,0.129489,0.065951,0.346856,0.212032,0.166393,0.271993,0.185190,0.076935,0.264576,0.246981,0.323481,0.123101,0.115425,0.284891,0.268313,0.232486,0.182396,0.196788,0.285253,0.262263,0.245023,0.269413,0.226145,0.174383,0.323695,0.248331,0.296001,0.280124,0.262506,0.289923,0.174633,0.176171,0.172406,0.229667,0.124724,0.339080,0.305453,0.311063,0.254029,0.268256,0.226482,0.012501,0.155555,0.260112,0.292623,0.156174,0.362197,0.297637,0.172170,0.221093,0.141548,0.231805,0.277632,0.312949,0.224437,0.317741,0.316740,0.415729,0.189997,0.191430,0.234462,0.344971,0.396784,0.329892,0.297845,0.387094,0.256610,0.232742,0.206902,0.162539,0.195284,0.213087,0.131144,0.230528,0.043260,0.348838,0.280397,0.171461,0.134855,0.127510,0.200624,0.110820,0.183531,0.248156,0.149905,0.183146,0.109610,0.252053,0.132896,0.258848,0.373760,0.070703,0.299781,0.157459,0.194190,0.253041,0.361272,0.344513,0.221781,0.269366,0.357492,0.215816,0.218828,0.312342,0.145972,0.139899,0.235897,0.229510,0.298165,0.217111,0.041854,0.269797,0.364880,0.119638,0.145001,0.173030,0.185103,0.207182,0.248269,0.304831,0.075545,0.061022,0.223725,0.265470,0.045792,0.296855,0.384600,0.188949,0.326800,0.210160,0.210054,0.288683,0.175093,0.189039,0.168942,0.191140,0.210678,0.215617,0.055900,0.153280,0.160815,#
17,0.384863,0.094744,0.202791,0.281093,0.275061,0.286530,0.283853,0.264226,0.302658,0.233923,0.155354,0.310694,0.312875,0.293737,0.258517,0.257861,0.257938,1.000000,0.228624,0.279239,0.289590,0.268199,0.301728,0.444923,0.230467,0.239138,0.335783,0.194049,0.200339,0.245692,0.221147,0.205148,0.252246,0.285628,0.298262,0.327803,0.171089,0.234279,0.382457,0.276146,0.401385,0.371211,0.407310,0.251409,0.207823,0.230716,0.229692,0.364893,0.278549,0.241546,0.277135,0.344565,0.249985,0.181300,0.251238,0.318629,0.227212,0.119132,0.324523,0.094525,0.208568,0.318634,0.113788,0.239011,0.269928,0.398656,0.270136,0.401585,0.227683,0.259058,0.199294,0.316969,0.136162,0.187615,0.189943,0.201491,0.298035,0.218964,0.288980,0.178544,0.257612,0.231641,0.262816,0.141915,0.198748,0.201378,0.366386,0.221025,0.282766,0.187923,0.247748,0.174722,0.366330,0.256458,0.295918,0.436954,0.273197,0.180899,0.159726,0.196186,0.274724,0.002656,0.202494,0.286650,0.219716,0.207680,0.316944,0.231068,0.256415,0.132217,0.298797,0.224008,0.174166,0.339605,0.260152,0.138563,0.153270,0.240242,0.133307,0.293277,0.207014,0.310266,0.289730,0.226760,0.392872,0.350296,0.288259,0.170535,0.149056,0.291169,0.407846,0.268188,0.345984,0.197207,0.172349,0.322035,0.257720,0.244563,0.333734,0.330600,0.224198,0.330217,0.407208,0.220106,0.246903,0.247953,0.260359,0.305634,0.192845,0.107750,0.301220,0.127931,0.158085,0.284710,0.358542,0.432172,0.402174,0.254872,0.291447,0.183226,0.213493,0.238256,0.420556,0.253424,0.217817,0.309511,0.125540,0.220991,0.407462,0.173836,0.385531,0.163485,0.206456,0.177562,0.230739,0.232732,0.350199,0.265572,0.259040,0.368614,0.216540,0.441592,0.298115,0.292627,0.297713,0.218461,0.226474,0.376113,0.226493,0.115887,0.174951,0.262734,0.332841,0.272663,0.373913,0.385462,0.134240,0.389231,0.186244,0.296476,#
18,0.308966,0.129390,0.150933,0.417147,0.248217,0.041115,0.213868,0.274556,0.265805,0.378657,0.193664,0.222889,0.310349,0.333029,0.385594,0.161046,0.164403,0.228624,1.000000,0.403629,0.253623,0.261903,0.343751,0.276653,0.158775,0.210254,0.115776,0.295688,0.234460,0.197703,-0.036918,0.234391,0.261717,0.362067,0.331934,0.263079,0.215746,0.187175,0.210756,0.301324,0.322122,0.076164,0.275171,0.169138,0.381345,0.169652,0.225451,0.174587,0.071135,0.189716,0.102379,0.225618,0.320380,0.143678,0.258337,0.259305,0.157860,0.243994,0.207222,0.244096,0.227864,0.215988,0.320596,0.151862,0.426345,0.176694,0.216515,0.225305,-0.036253,0.216121,0.257272,0.086819,0.192841,0.204170,0.326279,0.218445,0.343688,0.237016,0.253476,0.161410,0.167899,0.158523,0.306179,0.218002,0.212394,0.170295,0.238095,0.238677,0.204179,0.128690,0.316192,0.192689,0.208468,0.197915,0.429491,0.299499,0.332163,0.259573,0.252474,0.238440,0.288506,0.274238,0.261645,0.271381,0.436032,0.260505,0.210756,0.103518,0.193261,0.042548,0.286356,0.120289,0.370894,0.315344,0.099057,0.175641,0.166012,0.023590,0.154232,0.271213,0.261396,0.345769,0.216497,0.029249,0.220038,0.070486,0.132481,0.259043,0.290158,0.156776,0.082938,0.282836,0.105701,0.257197,0.271270,0.318190,0.285365,0.266852,0.096848,0.152167,0.063946,0.325404,0.326894,0.267696,0.153819,0.370716,0.262947,0.143153,0.111472,0.222354,0.177109,0.334939,0.236140,0.299361,0.159426,0.299420,0.235164,0.258582,0.237814,0.269084,0.303650,0.163730,0.306806,0.218803,0.220581,0.358314,0.294306,0.208285,0.244125,0.267605,0.167930,0.297415,0.236626,0.197625,0.080888,0.317365,0.266849,0.364820,0.164980,0.197514,0.179591,0.235962,0.254394,0.205875,0.222810,0.144672,0.356564,0.158063,0.172003,0.160861,0.324099,0.218350,0.195832,0.346979,0.347504,0.268981,0.142617,0.161732,0.259868,0.198823,#
19,0.343651,0.159229,0.256053,0.262917,0.448006,0.436683,0.154412,0.294932,0.343043,0.402842,0.291092,0.134005,0.275925,0.241294,0.377033,0.266504,0.345633,0.279239,0.403629,1.000000,0.260048,0.181797,0.346024,0.322500,0.168959,0.145776,0.350915,0.198040,0.274583,0.342492,0.254649,0.262407,0.202969,0.278719,0.201652,0.231463,0.322081,0.102987,0.311070,0.268744,0.352486,0.159531,0.282162,0.200683,0.226275,0.288858,0.323495,0.187785,0.296417,0.191696,0.104183,0.270550,0.229361,0.266313,0.182483,0.311784,0.284643,0.154557,0.355146,0.201627,0.256060,0.470061,0.364258,0.293856,0.387697,0.189679,0.184291,0.322349,0.088009,0.189405,0.337375,0.166841,0.253863,0.283647,0.266391,0.274782,0.279369,0.307591,0.419595,0.225819,0.262267,0.144157,0.337751,0.249807,0.228771,0.345064,0.241837,0.421143,0.299514,0.026814,0.234963,0.263359,0.395756,0.252907,0.337816,0.372008,0.391268,0.291566,0.206505,0.229030,0.220790,0.175909,0.294452,0.310979,0.301826,0.362518,0.287873,0.293162,0.192499,0.044396,0.128657,0.246030,0.343797,0.324644,0.271542,0.169996,0.357624,0.265448,0.168566,0.152593,0.171727,0.389010,0.345671,0.269642,0.383962,0.143325,0.356515,0.221585,0.296466,0.351380,0.277653,0.247635,0.241562,0.280650,0.445632,0.247134,0.267621,0.294553,0.144731,0.161699,0.053414,0.250860,0.327474,0.171280,0.272913,0.257245,0.231333,0.145446,0.304234,0.271563,0.287956,0.435840,0.257158,0.295790,0.311689,0.380263,0.384531,0.233827,0.310746,0.360554,0.437769,0.180832,0.328556,0.135251,0.311942,0.322715,0.162984,0.247047,0.349142,0.240588,0.264691,0.351532,0.330308,0.242695,0.238133,0.267422,0.290472,0.421420,0.330530,0.202784,0.098300,0.391522,0.370311,0.375405,0.395666,0.222228,0.200878,0.261638,0.278125,0.236149,0.320635,0.333488,0.219969,0.312829,0.227009,0.351386,0.099892,0.169724,0.367447,0.275969,#
20,0.167149,0.010691,0.228798,0.179303,0.368730,0.165585,0.338462,0.212816,0.135255,0.378154,0.221444,0.182715,0.189252,0.324408,0.276893,0.073765,0.294541,0.289590,0.253623,0.260048,1.000000,0.327738,0.176068,0.247557,0.133191,0.259405,0.292093,0.126428,0.217806,0.275552,0.013388,0.131212,0.251809,0.331572,0.300967,0.359321,0.305547,0.121825,0.371914,0.291373,0.250358,0.362186,0.168870,0.127497,0.346151,0.251696,0.329961,0.071373,0.090494,0.147509,0.085935,0.280911,0.156194,0.286466,0.298504,0.230526,0.254419,0.292958,0.259184,0.153399,0.245146,0.283896,0.328521,0.087128,0.250507,0.219337,0.175100,0.211918,0.249586,0.327008,0.376643,0.212774,0.063246,0.243368,0.278242,0.101844,0.207214,0.253592,0.169288,0.171316,0.153368,0.314193,0.381473,0.132328,0.215913,0.139190,0.315168,0.215261,0.304422,0.185863,0.273438,0.296611,0.270055,0.323076,0.449908,0.207681,0.170491,0.300855,0.285421,0.164072,0.270467,0.137914,0.368543,0.162179,0.270427,0.138118,0.222823,0.212603,0.140168,0.332793,0.296861,0.322254,0.266372,0.128024,0.292471,0.232925,0.351672,0.329885,0.099222,0.363090,0.261467,0.280743,0.220647,0.323395,0.210597,0.222523,0.262207,0.135804,0.420418,0.288452,0.363320,0.212371,0.201841,0.350616,0.316513,0.157854,0.200258,0.135634,0.228633,0.245206,0.154635,0.240927,0.227279,0.183988,0.230325,0.209208,0.191646,0.106135,0.087143,0.367998,0.297763,0.255788,0.192031,0.395950,0.255305,0.290770,0.224564,0.129056,0.216749,0.307821,0.191557,0.305818,0.312198,0.226715,0.284685,0.072729,0.093724,0.204129,0.358794,0.200561,0.316730,0.183839,0.314349,0.063534,0.102073,0.266059,0.076680,0.278306,0.395514,0.150161,0.192447,0.216999,0.252752,0.193552,0.164187,0.121405,0.197697,0.339558,0.160841,0.241833,0.060375,0.153568,0.176314,0.404738,0.184887,0.136400,0.170505,0.166833,0.321792,0.298457,#
21,0.162611,0.263679,0.209307,0.302659,0.256804,0.162952,0.252736,0.306033,0.461689,0.315782,0.114546,0.306325,0.260729,0.308126,0.193119,0.210670,0.204115,0.268199,0.261903,0.181797,0.327738,1.000000,0.211553,0.251780,0.121963,0.233369,0.229774,0.183997,0.215396,0.240852,0.156902,0.253073,0.281850,0.279960,0.297445,0.285100,0.392298,0.308723,0.339987,0.200265,0.257229,0.296646,0.218157,0.262543,0.207067,0.247491,0.198241,0.261776,0.223559,0.051865,0.168804,0.306076,0.089614,0.159184,0.277456,0.261181,0.216775,0.234897,0.216654,0.100600,0.327650,0.163367,0.336285,0.082258,0.395364,0.333338,0.203815,0.324784,0.221070,0.237686,0.349116,0.226799,0.247177,0.394564,0.331760,0.171380,0.197386,0.248049,0.224395,0.263774,0.164999,0.208459,0.241798,0.012793,0.340599,0.182188,0.304656,0.271277,0.218393,0.282825,0.186919,0.106132,0.184705,0.240660,0.382730,0.221049,0.298414,0.175981,0.150922,0.223589,0.290770,0.318112,0.378907,0.162363,0.207827,0.343392,0.150116,0.104031,0.248332,0.296265,0.328812,0.293069,0.186944,0.254677,0.160574,0.362464,0.413676,0.159022,0.061287,0.269533,0.204084,0.358831,0.291213,0.241895,0.265400,0.162737,0.231767,0.312305,0.259162,0.226100,0.319278,0.282788,0.362690,0.234931,0.248477,0.241722,0.115977,0.100447,0.184329,0.295456,0.198969,0.306048,0.275490,0.260828,0.276900,0.309399,0.299695,0.255223,0.181916,0.317951,0.295676,0.195329,0.121756,0.341670,0.373580,0.407848,0.234833,0.165382,0.210438,0.278573,0.258001,0.308852,0.349887,0.290847,0.337201,0.152051,0.219781,0.262000,0.230759,0.355141,0.268477,0.179964,0.152637,0.043435,0.229432,0.390542,0.086727,0.381116,0.171258,0.162317,0.237888,0.295877,0.239611,0.269388,0.203545,0.298437,0.174869,0.228592,0.162081,0.359440,0.297551,0.184791,0.242191,0.350838,0.335305,0.206283,0.278977,0.323195,0.256690,0.201116,#
