0,1.000000,-0.054445,0.170422,0.176032,0.196677,0.063102,-0.023883,-0.015697,0.173197,0.090730,0.116931,-0.007390,0.095328,0.056083,0.276318,0.165686,0.103659,0.227760,0.267380,0.243490,0.142075,0.207351,0.212185,0.284115,0.129687,0.099788,0.240110,0.065493,0.194338,0.253880,0.006494,0.144246,0.136017,0.193454,0.120145,0.139332,0.145458,0.135351,0.205385,0.232607,0.126582,0.177468,0.179001,0.172036,-0.013772,0.094761,0.069991,0.214250,0.134552,0.269220,0.178171,-0.007579,0.099410,0.243333,0.211619,0.225084,0.249329,0.173250,-0.082368,0.014445,0.170595,0.072348,0.254211,0.024270,0.053801,0.063197,0.041911,0.122950,0.138009,0.171271,0.136881,0.044187,0.191601,0.188694,0.075242,-0.101467,0.222941,0.173615,0.091243,0.083689,0.110474,0.069177,0.064294,0.168419,0.277972,-0.003359,0.158687,0.157931,0.183488,0.175516,0.083959,0.032017,0.194262,0.163449,0.270825,0.250047,0.228776,0.023998,0.106419,0.200039,0.265745,0.204205,0.036757,0.203533,0.232658,0.224957,0.277106,0.161632,0.165625,-0.035624,-0.000203,0.109352,-0.018551,0.188654,0.068402,0.040617,0.080165,0.089135,0.101623,0.038785,0.275459,0.192026,0.139315,0.163927,0.084138,0.190124,0.142630,-0.003114,0.110045,0.232899,0.291661,0.034253,0.153270,0.058281,0.106502,0.104984,0.217611,0.150106,0.075854,0.143271,0.252085,0.184578,0.155456,0.092851,0.037852,0.180803,0.170031,0.114574,0.138568,0.126874,0.001066,0.056568,0.177829,0.099899,0.188170,0.237552,0.119811,0.029941,0.121629,0.214715,0.135465,0.217986,-0.029992,0.010619,0.145387,0.167013,0.047706,0.201848,0.196137,0.105795,0.194872,-0.027534,0.198326,0.192765,-0.066083,0.193844,0.303116,0.154077,0.109872,0.050776,0.174247,0.217080,0.076028,0.093354,0.112095,0.080090,0.298605,0.301254,0.168163,0.055533,0.117088,0.209685,0.116010,0.132092,0.265984,0.003800,-0.000844,0.187892,0.341005,0.184104,#
1,-0.054445,1.000000,0.191759,0.136734,0.114733,0.146610,0.284625,0.099191,0.251582,-0.000767,0.290592,0.230609,0.086631,0.150364,0.018894,-0.024002,0.123548,0.168449,-0.053618,0.096590,0.086405,0.201162,0.027093,0.008546,0.079005,0.157920,0.191234,0.228126,-0.143827,0.174376,0.169734,0.097932,0.023233,0.159153,0.036389,0.231906,0.079356,0.025797,0.278369,0.104703,0.029291,-0.030733,0.196817,0.113391,0.085662,0.201392,0.335234,0.155073,0.024235,-0.075881,0.158821,0.088376,0.296574,0.221907,0.007073,0.193347,0.109639,-0.099582,0.010101,0.029299,0.051512,0.073221,0.209739,0.046416,0.060896,0.158894,-0.005272,0.227470,0.156958,0.232759,0.104540,0.174808,0.243563,0.001108,0.209311,0.116793,0.093467,0.129368,0.268043,0.120342,0.073597,0.226781,0.147954,0.074955,0.171581,-0.169538,0.221086,0.095235,0.137572,0.106290,0.136748,0.127095,0.075875,0.145967,0.038195,0.154441,0.036772,-0.017951,0.008040,0.103105,0.188025,0.061069,0.114018,0.123550,0.042389,0.121761,0.240124,0.239681,0.076814,0.086713,0.179416,0.123731,0.003809,0.086437,0.228716,0.296545,0.180614,0.054358,-0.019617,0.124368,0.004014,0.114511,0.173728,0.171004,0.089390,0.101067,0.181942,0.089641,0.175993,0.172388,0.111452,0.141019,0.084484,0.223864,0.280596,0.190669,0.146486,0.219618,0.238838,0.157956,0.110384,0.059266,0.147175,0.179043,0.207302,0.152425,0.062390,0.010416,0.166189,0.071779,0.137925,0.065587,-0.040753,-0.122130,0.297561,0.165032,0.006582,0.041547,-0.053224,-0.133607,-0.043777,0.190280,0.223585,0.208167,0.197579,0.000510,0.039305,0.002501,0.111210,0.232362,0.143259,0.202045,0.087533,0.019105,-0.044163,0.173268,0.008378,0.246906,0.130548,0.001411,0.099935,0.061405,0.166618,0.025257,0.213276,0.127758,0.092349,-0.020517,0.093451,0.202784,0.178836,0.093492,-0.064289,0.138811,0.189719,0.070921,-0.124744,0.166887,0.038767,0.253599,#
2,0.170422,0.191759,1.000000,0.183297,0.190188,0.125660,0.218168,0.208253,0.145506,0.087510,0.318992,0.316868,0.118493,0.282239,0.057319,0.242409,0.087525,0.102146,0.063853,0.149710,0.266504,0.319546,-0.046989,0.105910,0.251783,0.295019,0.282142,0.212695,0.062636,0.302912,0.019759,-0.022776,0.067641,0.080098,0.065399,0.201267,0.160139,-0.065878,0.104080,0.059134,0.228046,0.176764,0.362621,0.106553,0.014501,0.115156,0.205545,0.190267,0.078591,0.154638,0.276695,0.211721,0.160603,0.133685,0.046847,0.147728,0.056978,0.047254,0.131592,0.218218,0.233783,0.029917,0.044289,0.193981,0.232902,0.250326,0.188871,0.119295,0.278289,0.261578,0.076492,0.204451,0.113778,0.220828,0.196709,0.143844,0.146013,0.153669,0.131955,0.062059,0.244042,0.046153,0.017710,0.015158,0.220714,0.064170,0.176821,0.224404,0.135366,0.102575,0.039412,0.255543,0.261553,0.244796,0.039182,0.259696,0.232863,0.096378,0.250138,0.147168,0.158318,0.114814,0.014318,0.227951,0.054557,0.098939,0.160285,0.238923,0.262230,0.268358,0.140408,0.192488,0.194504,0.152479,0.162645,0.326935,0.214882,0.106838,-0.229495,0.086294,0.227453,0.085351,0.049121,0.086935,0.108195,0.070425,0.293268,0.124203,0.148125,0.206695,0.111274,0.213705,0.158384,0.075398,0.278902,0.224000,0.162548,0.153209,0.117162,-0.018169,0.156683,0.109068,0.227718,0.083484,0.315558,0.185627,-0.022282,0.115124,0.269727,-0.061027,0.145234,0.230404,0.230461,0.070636,0.178297,0.034042,0.046082,-0.047892,0.073192,0.174623,0.119174,0.368028,0.172836,0.198847,0.191082,0.170884,0.185314,0.096823,-0.097179,0.104626,0.110144,0.385527,0.124114,0.031078,0.206317,0.049529,0.276218,0.202704,-0.051203,0.137787,0.298646,0.106228,0.040114,0.305818,0.083565,0.175607,0.101326,0.012581,0.170878,-0.005572,0.029133,0.232873,0.296979,0.070876,0.190993,0.030036,-0.060603,0.249553,0.291465,0.303388,#
3,0.176032,0.136734,0.183297,1.000000,0.200252,0.240686,0.313248,0.108960,0.290990,0.116838,0.298261,0.256158,0.214853,0.115066,0.162091,0.212413,0.184227,0.288457,0.259343,0.196321,0.214563,0.176591,0.153492,0.391823,0.164166,0.246828,0.199866,0.223174,0.202407,0.317265,0.164820,0.242927,0.413692,0.247753,-0.029063,0.190231,0.293907,0.219469,0.318487,0.125508,0.211339,0.277833,0.245645,0.351023,0.007755,0.203558,0.226021,0.242688,0.056779,0.207180,0.223212,0.279995,0.230766,0.094558,0.087721,0.304828,0.094539,0.090806,0.103574,0.138209,0.197833,0.101828,0.198924,0.100068,0.375201,0.261819,0.172188,0.108986,0.101482,0.298922,0.122709,0.175007,0.277371,0.121504,0.219181,0.297433,0.208007,0.153841,0.214987,0.067389,0.332281,0.220225,0.151700,-0.010911,0.282718,0.065494,0.165707,0.140719,0.282688,0.218308,0.192559,0.199108,0.224121,0.217562,0.117517,0.261534,0.259416,-0.013576,0.284650,0.278944,0.314694,0.108548,0.193529,0.228395,0.287825,0.094779,0.226676,0.224163,0.158824,0.188373,0.178802,0.130977,0.184519,0.102440,0.116662,0.149751,0.257498,0.074970,-0.029586,0.126656,0.216459,0.140146,0.129069,0.333014,0.105390,0.118049,0.285362,0.230135,0.057680,0.345597,0.278869,0.312279,0.264895,0.271830,0.246947,0.207278,-0.003286,0.180005,0.242838,0.112031,0.245680,0.251198,0.189611,0.182091,0.099346,0.153197,0.322501,0.254680,0.130185,0.121817,-0.013238,0.067584,0.117602,0.140532,0.297840,0.095708,0.077050,0.116325,0.187603,0.269623,0.238526,0.287457,0.280094,0.204892,0.157499,0.134869,0.162713,0.192113,0.071930,0.117288,0.215392,0.095128,0.119251,0.004808,0.072667,0.190892,0.281980,0.248608,0.085088,0.175163,0.112696,0.292930,0.301326,0.069520,0.020590,0.154156,0.156368,0.165712,0.031420,0.094420,0.047266,0.215214,0.362964,0.081610,0.246073,0.198304,0.244730,0.293417,0.191480,0.150866,#
4,0.196677,0.114733,0.190188,0.200252,1.000000,0.271425,0.011322,0.094812,0.253655,0.068596,0.091042,0.091399,0.087295,0.103598,0.052069,0.076824,0.017344,0.207458,0.135572,0.306549,0.310151,0.164059,0.119327,0.243684,0.171742,0.278480,0.110508,0.168743,0.123305,0.120754,0.027836,0.097037,0.111704,0.101659,0.040618,0.267708,0.371687,0.099961,0.064998,0.036048,0.123336,0.431769,0.169424,0.080775,0.186410,0.074868,0.330205,0.147266,0.158959,0.172276,0.122574,0.106347,0.074086,0.249703,0.233417,0.323306,0.141067,0.037595,0.061103,0.006362,0.122136,0.156209,0.057349,-0.007250,0.137355,0.002384,0.141394,0.111846,0.036091,0.194086,0.146448,0.142117,0.206972,0.252499,0.051855,-0.004025,0.147632,0.287473,0.190325,0.070728,0.295804,0.184771,0.042907,-0.049247,0.329241,-0.028089,0.154185,0.145329,0.129007,0.217671,0.230774,0.102934,0.128715,0.126339,0.077969,0.279134,0.127227,0.112777,0.088153,0.143999,0.099643,0.004192,0.174941,0.172375,0.136256,0.140582,0.039216,0.259015,0.123195,0.198939,0.323207,0.226070,0.238532,0.316530,0.143900,0.002730,0.167654,-0.024622,-0.064570,0.057305,0.107854,0.091029,0.134923,0.046386,0.323308,-0.011137,0.244986,0.001207,0.159174,0.060586,0.273748,0.051124,0.201665,0.128354,0.183503,0.172984,0.113392,0.128870,0.183167,0.183980,0.304186,0.040505,0.171178,0.004983,0.203940,0.238442,0.133159,0.224287,0.183860,-0.041301,0.063507,0.103126,0.125989,0.286627,0.259056,0.028913,0.283477,0.109213,0.051081,0.164128,0.174703,0.163397,-0.021465,0.094686,-0.046223,0.207982,-0.015061,0.047089,0.038553,0.137062,-0.002752,0.042494,0.279848,0.202679,0.131676,0.110604,0.250145,0.242432,0.142702,0.143263,0.030340,0.054553,0.282990,0.045494,0.116231,0.104065,-0.011496,0.251932,0.143030,0.199193,0.102866,0.162829,0.114346,0.016224,0.270272,0.183744,0.090457,0.287229,0.169385,0.390422,#
5,0.063102,0.146610,0.125660,0.240686,0.271425,1.000000,0.205108,0.150079,0.292891,0.226059,0.192917,0.118357,0.226851,0.183937,0.188251,0.062602,0.049774,0.177840,0.040601,0.154587,0.180280,0.083110,0.065003,0.074492,0.175856,0.167147,0.157633,0.257401,0.192023,0.216704,0.161407,0.199229,0.286828,0.141808,0.068072,0.192629,0.310775,0.119707,0.178604,0.129963,0.183038,0.199052,0.137249,0.220429,0.031979,0.124890,0.205058,0.010565,0.167453,0.186380,0.129030,0.180905,0.135002,0.060842,0.119562,0.286257,0.018058,-0.028530,0.142367,0.063913,0.143934,0.086572,0.193855,0.022335,0.180336,0.160429,0.251757,0.075265,0.215671,0.116603,0.180866,0.162669,0.273976,0.322535,0.082915,0.088149,0.234681,0.140290,0.194203,0.142817,0.120531,0.238535,0.263717,-0.101400,0.164564,0.024003,0.096942,-0.001429,0.160654,0.009646,0.008476,0.199652,0.216997,0.311739,0.065529,0.315025,0.102802,0.070282,0.168587,-0.055431,0.133795,0.163060,0.073817,0.151493,0.050770,0.129800,0.085794,0.249565,0.037053,0.105191,0.249394,0.098672,0.100347,0.141572,0.152886,0.110124,0.249806,0.133775,-0.000083,0.039429,0.064611,0.206839,0.036820,0.240996,0.050991,0.052661,0.041903,-0.074431,0.286475,0.153279,0.328825,0.120514,0.223310,0.189778,0.327245,0.303718,0.106414,0.167107,0.075365,-0.044525,0.252094,0.145359,0.177068,0.235342,0.207234,0.167371,0.211190,0.083206,0.003745,0.157676,0.254764,-0.016585,0.209129,0.195214,0.212488,0.196888,0.131905,0.057819,0.231052,0.036017,0.143591,0.149260,0.221986,0.169178,0.117808,0.080479,0.084404,0.145293,0.182421,0.276775,0.215871,0.144474,0.182781,0.072667,-0.027863,0.175079,0.168731,0.162028,0.244568,-0.012061,0.075077,0.062735,0.372081,0.153669,-0.009105,0.245792,0.196391,0.055032,0.092383,0.077235,0.061040,0.215554,0.212979,0.152966,0.353606,-0.025379,-0.032414,0.329376,0.105272,0.289859,#
6,-0.023883,0.284625,0.218168,0.313248,0.011322,0.205108,1.000000,0.134208,0.291735,0.094763,0.134257,0.149180,0.037758,0.228663,0.038588,0.163190,0.092430,0.091828,0.131382,0.019071,0.202534,0.189303,-0.061497,0.006358,0.062834,0.168156,0.131948,0.188371,0.120028,0.261336,0.094889,0.141008,0.094714,0.196577,-0.093211,0.039836,0.086019,0.184861,0.085210,0.155920,0.000092,0.099049,-0.020093,0.169023,0.057358,0.154654,0.135819,0.082911,0.027922,-0.037665,0.052367,0.086684,0.200218,0.160836,-0.025873,0.126964,0.055347,0.092067,0.115131,0.248874,0.173373,-0.050152,0.171958,0.129446,0.194388,0.359859,0.130733,0.204988,0.155148,0.099166,0.059675,0.166706,0.193337,0.123902,0.257446,0.175756,0.232140,0.217007,0.288219,0.092650,0.087530,0.076729,0.228391,-0.013923,0.163041,0.067651,0.138809,0.196123,0.030810,0.116270,0.083907,0.203233,0.109397,0.156219,0.073765,0.101232,0.173985,0.049022,0.168304,0.219537,0.160296,0.224092,0.112665,0.053732,-0.161661,0.265832,0.087393,0.074715,0.205632,0.175589,0.196632,0.205929,0.097539,-0.122671,0.015462,0.257526,0.281505,-0.003012,0.051567,0.094157,0.154610,0.193007,-0.051460,0.221838,0.035127,0.104508,0.078651,0.195613,0.074968,0.194795,0.114535,0.067275,0.162139,0.017028,0.258483,0.230636,0.036771,0.204608,0.231163,0.158911,0.081503,0.161210,0.037491,0.144644,0.034573,0.089325,0.205724,0.072730,0.129541,-0.187036,0.183351,-0.073843,0.145666,0.037446,0.304069,0.048525,0.001049,0.167265,0.133956,-0.001282,-0.010710,0.261107,0.304565,0.146837,0.200668,0.178916,-0.031306,0.108909,0.091995,0.157393,-0.040685,0.109620,0.132343,0.030622,0.042528,0.200472,0.031684,0.243393,0.232589,-0.078460,0.050238,0.089989,0.230660,0.256216,0.202873,0.178135,0.117196,0.095582,0.079657,0.218672,0.028181,0.126709,0.142482,0.170679,0.074586,0.035187,0.113795,0.190864,0.107860,0.243378,#
7,-0.015697,0.099191,0.208253,0.108960,0.094812,0.150079,0.134208,1.000000,0.200737,0.124047,0.248023,0.370340,-0.080931,0.153975,0.269542,0.159856,0.081568,0.307463,-0.012637,0.113523,0.092374,0.181267,0.203948,0.032579,0.182233,0.096219,0.184745,0.335715,0.023618,0.257213,0.034266,-0.002622,0.104634,0.084489,-0.044503,0.116522,-0.003647,-0.059943,0.211133,0.135728,0.161496,0.132600,0.102568,0.112039,0.171358,0.187610,0.061182,0.177966,0.144098,0.091514,0.173393,0.133201,0.041091,0.146163,0.122131,0.069013,0.175261,0.177396,0.181243,0.020646,0.213399,0.054399,0.157396,0.093617,0.245699,0.142738,0.171172,-0.013901,0.138265,0.307578,0.044581,0.052055,0.219521,0.166161,0.012365,0.052036,-0.037637,0.209776,0.117057,0.275479,0.210149,0.091069,0.201730,0.022592,0.249604,-0.060578,0.056463,-0.006083,0.087643,0.181074,0.003457,0.128473,0.202298,0.231642,-0.062001,0.032462,-0.045401,0.060016,0.013343,0.104228,0.173919,0.035953,0.057264,0.029129,-0.079452,0.193574,0.277917,0.109063,0.109951,0.182168,-0.013574,0.059378,-0.003307,0.102435,0.337563,0.167747,-0.076782,-0.014851,-0.058008,0.310034,0.153635,0.133392,0.026062,0.187588,0.164001,0.097780,0.219505,0.133916,0.089027,0.124367,0.117800,0.056019,0.228323,0.116453,0.341082,0.182061,-0.116365,0.283617,0.013451,0.061927,0.254557,-0.025299,0.066092,-0.052023,0.111604,0.114288,0.167001,0.072682,0.091721,0.015428,0.133222,0.133788,0.033165,0.071557,0.026765,0.086273,0.197279,0.152645,0.202778,0.146802,0.099715,0.164855,0.187749,0.041617,-0.057975,0.224893,0.187001,0.046890,0.027626,0.076673,0.110388,0.145041,0.212720,-0.007188,0.156640,0.009743,0.095089,0.127244,-0.102559,0.136614,0.156979,0.094036,0.171677,0.225588,-0.212978,0.126151,-0.069128,-0.065357,0.061517,0.256478,0.177404,0.015588,0.216614,0.054469,0.203776,0.029787,-0.025625,0.153210,0.187061,0.188967,#
8,0.173197,0.251582,0.145506,0.290990,0.253655,0.292891,0.291735,0.200737,1.000000,0.231110,0.291061,0.156940,0.182909,0.119395,0.352693,0.190281,-0.029857,0.198686,0.098044,0.183038,0.194048,0.173853,0.185407,0.319193,0.086892,0.210222,0.144370,0.246452,0.092259,0.304841,0.023487,0.186132,0.126942,0.086034,0.146236,0.230888,0.242115,0.048977,0.213957,0.112515,0.174839,0.192262,0.112537,0.081405,0.291148,0.265994,0.128789,0.171010,0.136019,0.154865,0.201264,0.412716,0.064863,0.349750,0.140094,0.328814,0.236171,0.257410,0.124639,0.254168,0.215655,0.168011,0.297153,-0.074518,0.289946,0.304702,0.158978,0.083629,0.369915,0.138322,0.142483,0.112484,0.268398,0.049672,0.164820,0.163063,0.147450,0.177059,0.130474,0.152602,0.215985,0.356584,0.232501,-0.000373,0.369600,0.144950,0.143528,0.074433,0.110713,0.316824,0.126201,0.273501,0.213261,0.087304,0.364166,0.333117,0.284266,0.085024,0.190491,0.088022,0.190431,0.108869,0.132564,0.203096,0.181985,0.103573,0.219440,0.249438,0.027800,0.269970,0.141347,0.150852,-0.012710,0.209591,0.219941,0.280134,0.120555,0.107079,0.044649,0.236196,0.260042,0.171985,0.156488,0.191302,0.174199,0.224991,0.176141,0.300400,-0.018698,0.298560,0.210875,-0.027359,0.290026,0.157721,0.292520,0.246466,0.064453,0.262096,0.236911,0.045958,0.250053,0.216745,0.311025,0.048427,0.048223,0.131323,0.219115,0.202530,0.167557,0.057378,0.300358,0.000208,0.174804,0.192880,0.387892,0.298813,0.218773,0.266962,0.159474,0.131711,0.056525,0.190764,0.090046,0.099430,0.220593,0.154378,0.189380,0.029905,0.189878,0.160186,0.102456,0.186546,0.136839,0.088990,0.095527,0.190782,0.086323,0.294187,0.183684,0.122945,0.164303,0.169647,0.188542,0.250289,0.089376,0.170495,0.020861,0.054546,0.124483,0.206516,0.223278,0.157445,0.212564,0.152236,0.415661,0.007246,0.034311,0.112617,0.102995,0.130137,#
9,0.090730,-0.000767,0.087510,0.116838,0.068596,0.226059,0.094763,0.124047,0.231110,1.000000,0.376634,-0.001338,0.088462,0.225553,0.222792,0.232379,0.002068,0.087760,-0.070143,0.291378,0.070311,0.023056,0.021826,0.067086,0.028891,-0.001206,0.244398,0.171859,0.095675,0.189419,0.171312,0.091907,0.044492,0.146836,0.200156,0.098380,-0.051287,0.193919,0.087371,-0.034748,0.296699,0.144460,0.108154,-0.068352,0.046112,0.174349,0.127886,0.079032,0.134165,0.104741,0.083654,0.236039,0.007229,0.130669,0.057477,0.277049,0.110755,0.163859,0.142219,-0.071792,0.226054,0.030021,0.208295,0.001822,0.208399,0.187125,0.034409,-0.037851,0.158840,-0.005681,0.167864,0.215600,0.114710,0.127576,0.114023,0.163653,0.006344,0.059141,0.194809,0.166157,0.154883,0.285838,0.009181,-0.045556,0.256055,0.044015,0.086558,0.108593,-0.094644,-0.045736,-0.020879,0.145381,0.192009,0.021214,0.106280,0.187517,0.180478,0.171887,0.160881,-0.054143,0.067335,0.137213,0.306049,0.079847,0.285841,0.066325,0.137582,0.053755,0.193787,-0.019219,0.070736,0.043720,0.101299,0.235553,0.111088,0.120060,-0.016902,0.158570,0.161158,-0.045447,0.179885,0.343089,0.011282,0.186846,-0.005183,0.146655,-0.116739,0.177882,0.123634,0.255865,0.146190,-0.001351,0.074448,0.138523,0.123895,0.148318,0.143343,0.308084,0.134541,-0.167750,0.060406,0.154184,0.208564,0.039832,0.053636,0.198163,0.159732,0.188423,0.045895,0.353148,0.076626,-0.132258,0.321032,0.250449,0.178878,0.187199,0.143532,0.145861,0.271299,0.052312,0.145887,0.126295,-0.002554,0.297602,0.113803,0.077294,0.100981,0.064233,0.279240,0.082287,0.171826,0.195700,0.063122,0.126917,0.042731,0.150685,0.175820,0.101325,0.006886,0.040225,-0.036552,0.049218,0.235065,0.177535,0.009298,0.128421,0.094842,0.083604,0.229929,0.033559,0.114595,0.118707,0.078297,0.169317,0.106293,0.111315,0.117496,0.010565,0.133249,0.188802,#
10,0.116931,0.290592,0.318992,0.298261,0.091042,0.192917,0.134257,0.248023,0.291061,0.376634,1.000000,0.203962,0.035853,0.218696,0.229366,0.118189,0.073310,0.185653,0.149775,0.202474,0.069562,0.138930,-0.097404,0.174637,0.098919,0.051100,0.149584,0.294716,0.049304,0.288426,0.187653,0.141761,0.191560,0.170926,0.136829,0.200588,0.114429,0.096281,0.339225,0.152631,0.269408,0.078340,0.157924,0.029206,-0.086392,0.207089,0.232337,0.135209,0.146590,0.177118,0.181791,0.242234,0.063547,0.244433,-0.011361,0.296614,0.100011,-0.004906,0.100867,0.112338,0.084401,0.162561,0.124750,0.139658,0.397109,0.281090,0.175789,0.099341,0.183117,0.200586,0.142587,0.220520,0.227733,0.167837,0.121494,0.146908,0.091424,0.042252,0.105821,0.162107,0.288438,0.113762,0.249980,0.077716,0.392068,-0.050398,0.188714,0.137769,0.086200,0.120861,0.014966,0.139383,0.222144,0.141772,0.102141,0.293124,0.188641,-0.002508,0.215924,0.151272,0.061612,0.029718,0.194570,0.007943,0.204274,0.032514,0.178795,0.306686,0.186763,0.063480,0.082829,0.207811,0.118710,0.165987,0.380815,0.310257,0.086948,0.022707,0.012766,0.124605,0.182455,0.276488,0.016099,0.117225,0.046907,0.001434,0.153697,0.190795,0.146569,0.269192,0.289695,0.113141,0.111093,0.139649,0.189648,0.118830,-0.025886,0.403817,0.148442,-0.056268,0.230393,0.087612,0.240433,0.135106,0.127939,0.102604,0.051928,0.036631,0.055853,0.130381,0.126045,0.169340,0.201253,0.003602,0.325272,0.098336,0.182695,-0.087380,0.219350,0.142890,0.209302,0.054418,0.325871,0.212076,0.212849,0.146573,0.231535,0.106339,0.143791,0.208953,0.267308,0.243385,0.090404,0.171866,0.074087,0.081757,0.165970,0.263733,0.001424,0.104805,0.148502,0.090274,0.276639,0.080012,0.140047,0.223173,0.013694,-0.165511,0.133820,0.233501,0.208879,0.106045,0.179699,0.033600,0.236989,0.001699,-0.047853,0.215990,0.247329,0.390997,#
11,-0.007390,0.230609,0.316868,0.256158,0.091399,0.118357,0.149180,0.370340,0.156940,-0.001338,0.203962,1.000000,0.050149,0.148124,-0.015199,0.083688,0.062866,0.291389,0.090173,-0.051082,0.086488,0.202850,-0.045936,0.156708,0.285852,0.295410,0.014227,0.352638,-0.129631,0.279194,0.224194,0.127237,0.124535,0.161662,0.117558,0.184008,0.200452,0.011290,0.148486,0.125635,0.099865,0.228946,0.312477,0.271402,-0.017296,0.228356,0.159595,0.106065,0.174716,0.006903,0.213245,0.230598,0.100559,0.313666,-0.027165,0.049571,0.119616,0.202467,0.151422,-0.038274,0.044543,0.074775,0.251720,0.105128,0.168476,0.291414,0.200983,0.265213,0.156425,0.234923,0.027204,0.073764,0.277121,0.071575,0.020144,0.130927,0.067194,0.091818,0.202169,0.139012,0.198042,0.114548,0.254132,0.055867,0.235146,-0.095598,0.139409,0.290740,0.183426,0.051231,0.102007,0.224617,0.388767,0.430923,0.100456,0.216413,-0.021384,0.067494,0.225285,0.259973,0.190120,0.115969,0.008442,0.169176,0.018333,0.283091,0.272336,0.312271,0.318331,0.131368,0.205667,0.129496,0.187113,0.174862,-0.021779,0.377649,0.064127,0.104623,-0.086747,0.153332,0.081164,0.157546,0.213961,0.176804,0.141287,0.027301,0.206072,0.181670,0.222322,0.160357,0.089290,0.267633,0.264436,0.259954,0.146979,0.154856,-0.183513,0.394684,-0.023832,0.210674,0.156415,0.089595,0.110915,0.088404,0.165632,0.150045,0.166469,0.083280,0.097718,-0.004527,0.054652,0.264387,0.100180,0.107575,0.257353,0.108164,0.102048,-0.051679,0.197741,0.137603,0.201312,0.263684,0.055472,0.049901,0.131260,0.129288,0.316014,0.123696,0.154679,0.173681,0.202889,0.128617,0.063301,-0.036714,0.181111,0.145929,0.242167,0.194652,0.018608,0.071542,0.238601,0.129930,0.194621,0.043335,-0.097934,0.174761,-0.001344,0.069890,0.040855,0.211542,0.040755,0.083132,0.268791,0.166597,0.347116,0.129889,0.111579,0.245670,0.124520,0.227461,#
12,0.095328,0.086631,0.118493,0.214853,0.087295,0.226851,0.037758,-0.080931,0.182909,0.088462,0.035853,0.050149,1.000000,-0.044065,0.172258,0.104212,0.313833,0.147137,0.198359,0.294699,0.095421,0.083187,0.162166,0.188781,0.007708,0.156619,0.181189,0.196510,0.009702,0.208379,-0.022510,0.214677,0.131696,0.142586,0.160622,0.323716,0.165110,0.019696,0.149531,0.076697,0.174895,0.047647,0.158758,0.202116,0.285196,0.123144,0.192724,-0.121323,0.163187,0.046748,0.227062,0.106865,0.087414,0.188843,0.150301,0.166199,0.019273,0.145081,-0.056927,-0.084341,0.044915,0.165475,0.073295,0.192385,0.276686,0.172070,0.152660,0.094245,0.056883,0.047101,0.052725,0.164254,0.105485,0.056446,0.223323,0.215386,0.144413,-0.012679,0.159413,0.029810,0.181033,0.171975,-0.012349,0.019366,0.113581,0.183353,0.113272,0.283350,0.119075,-0.012544,0.084229,0.085751,0.018884,0.185765,0.207024,0.165971,0.282754,0.120219,0.141747,-0.013144,0.185947,0.141401,0.082075,0.090502,0.270440,0.002040,0.237718,0.071700,-0.039587,0.044221,0.261313,0.043381,0.106401,0.155301,0.068525,0.053352,0.142140,0.050500,0.120409,-0.013390,0.164709,0.184722,0.288886,0.171918,0.156763,-0.043542,0.246130,0.021393,0.027539,0.049933,0.156242,0.078209,0.103227,0.093100,0.121503,0.090356,0.192634,0.102272,0.147848,0.098793,0.147067,0.102570,0.101792,0.083957,-0.005851,0.126496,0.000855,0.207906,0.037405,-0.011745,0.042383,0.159540,0.104063,0.127863,0.008031,0.197658,0.054344,-0.086704,0.048103,0.066604,-0.008925,0.300519,0.172991,0.290152,0.113184,0.004490,0.283849,0.002477,0.073656,0.082650,0.139603,0.090199,0.093584,0.090518,0.136222,0.102952,0.206955,0.218957,0.004551,0.168846,0.140752,0.118078,0.251168,0.077487,0.136116,0.038798,0.156496,0.193991,0.091653,-0.032586,0.198388,0.054777,0.077938,0.156513,0.145480,0.061385,0.142824,0.194599,0.159861,0.055986,#
13,0.056083,0.150364,0.282239,0.115066,0.103598,0.183937,0.228663,0.153975,0.119395,0.225553,0.218696,0.148124,-0.044065,1.000000,0.287382,0.094010,0.205987,0.063904,0.137885,0.273855,0.207141,0.143309,-0.098531,0.161756,0.017792,0.325613,0.284666,0.238379,0.096974,0.162424,0.217889,0.174508,0.192404,0.182626,0.152182,0.067886,0.069935,0.102312,0.003868,0.153119,-0.022767,0.180193,0.203236,0.152676,0.012251,0.219903,0.258763,0.142722,0.147892,0.095254,0.197837,0.178510,0.154339,0.250205,0.064902,0.260073,0.090098,0.188431,0.018343,0.234209,0.209525,0.146581,0.283692,0.089189,0.201657,0.178724,0.390542,0.175255,0.314709,0.166083,0.063421,0.108112,0.160739,0.072810,0.261805,0.136536,0.310605,0.303931,0.343650,0.131592,0.188731,0.313559,0.080789,0.297356,0.273930,0.044621,0.207368,0.181659,0.251520,0.022105,0.032193,0.124018,0.206963,0.249515,0.020899,0.101650,0.234388,0.028676,0.206251,0.254491,0.220071,0.261001,0.227314,0.201941,0.029022,0.187012,0.192138,0.247857,0.317007,0.189671,0.072529,0.088465,0.368502,0.157082,0.244945,0.270170,0.351172,0.163117,-0.025450,0.123611,0.311550,0.243658,0.145989,0.243110,0.243080,0.012973,0.095242,-0.038693,0.289266,0.251979,0.113178,0.116969,0.125788,0.103679,0.318479,0.176392,0.123343,0.186018,0.215316,0.152964,0.023784,0.084665,0.364217,0.206903,0.189272,0.270374,0.173426,0.228865,0.078315,0.089076,0.128597,0.097673,0.144672,0.288583,0.253270,0.229053,-0.006607,0.236255,0.283767,0.207105,0.070847,0.372007,0.085775,0.301301,0.207724,0.091762,0.079314,0.036414,0.145009,0.192151,0.163007,0.297783,0.212771,0.089823,0.111157,0.158493,0.178064,0.136133,0.226919,-0.101563,0.126382,0.224197,0.215309,0.190140,0.183531,0.223983,0.224335,0.138436,0.022884,0.198445,0.086444,0.204100,0.202646,0.122819,0.214364,0.182203,0.040010,0.166773,0.260890,0.244505,#
14,0.276318,0.018894,0.057319,0.162091,0.052069,0.188251,0.038588,0.269542,0.352693,0.222792,0.229366,-0.015199,0.172258,0.287382,1.000000,0.246852,0.114589,0.112774,0.195487,0.388758,0.159416,0.033744,0.184926,0.314564,0.076919,0.045480,0.272613,0.265632,0.144041,0.215254,0.000493,0.150135,0.107922,0.072275,0.200580,0.168639,0.099826,0.168002,0.100929,0.270952,0.185581,0.076396,0.230248,-0.041151,0.142984,0.312981,0.186697,0.027542,0.099568,0.186322,0.268551,0.141394,0.209621,0.297291,0.303185,0.271464,0.234312,0.084566,0.036965,0.040063,0.253204,0.272522,0.138122,0.079102,0.250428,0.044059,0.259034,0.104889,0.150217,0.199741,0.028546,0.051613,0.119354,0.253215,0.176724,0.177672,0.164553,0.139882,0.125022,0.190467,0.249575,0.182189,0.140924,0.145489,0.192625,0.221182,-0.013390,0.079809,0.114505,0.077807,0.139593,0.144929,0.206175,0.131424,0.243632,0.094785,0.193428,0.067627,0.094665,0.088381,0.205464,0.180485,0.124106,0.249817,0.166747,0.139177,0.315626,0.275136,0.092309,0.177880,0.000428,-0.026763,0.155928,0.105739,0.194114,0.142261,0.095250,0.116411,0.165805,0.171236,0.420472,0.293167,0.000773,0.108197,0.181956,0.074047,0.164699,0.134877,-0.009019,0.301311,0.144421,0.067412,0.138400,-0.020708,0.146420,0.044570,0.058331,0.186340,-0.026932,-0.007485,0.238547,0.236750,0.273146,0.070830,0.012465,0.287523,0.144726,0.159777,-0.031395,0.060667,0.167818,0.103437,-0.022681,0.187716,0.186846,0.177952,0.246283,0.093468,0.126997,0.162338,0.059693,0.181675,0.061274,0.105759,0.196834,0.050783,0.144633,0.056544,0.104167,0.191963,0.246625,0.277683,0.242731,0.134131,0.038414,0.058640,0.335472,0.264771,0.268398,0.107287,0.081378,0.168772,0.195959,0.179838,0.157787,0.153800,0.159091,-0.058090,0.013245,0.189308,0.089918,0.160356,0.178060,0.168667,0.202417,-0.061641,-0.092009,0.115480,0.249471,0.150154,#
15,0.165686,-0.024002,0.242409,0.212413,0.076824,0.062602,0.163190,0.159856,0.190281,0.232379,0.118189,0.083688,0.104212,0.094010,0.246852,1.000000,0.227944,0.269974,0.148314,0.153752,0.105497,0.131803,0.184907,0.271800,0.089510,0.293198,0.224786,0.165765,0.163488,0.249859,0.058579,0.211675,0.113724,0.199874,0.158712,0.016462,0.053002,0.089199,0.161436,0.055603,0.132942,0.193407,0.157031,0.151874,0.152770,0.175127,-0.085167,0.093676,-0.001658,0.294059,-0.033621,0.226895,0.160908,0.157283,0.127827,0.192497,0.143745,0.133410,0.183113,0.193094,0.155242,-0.035436,0.234516,-0.037069,0.176390,0.166807,0.130935,0.172219,0.103571,0.048148,0.248919,0.157852,0.115410,0.151150,0.175460,0.181931,0.019564,0.197629,0.032349,0.208649,0.228639,0.100370,0.003959,0.194510,0.198340,0.121864,0.083174,0.191315,0.219181,0.238547,0.025431,0.185669,0.141836,0.212136,0.066212,0.112362,0.329804,0.034423,0.069372,0.022169,0.236308,0.107556,0.069147,0.159519,0.010807,0.083007,0.179140,0.144523,0.026317,0.187188,0.075386,0.170994,0.099000,0.018202,0.097290,0.273186,0.108716,-0.104542,0.072304,0.009415,0.292267,0.263533,0.103119,0.258559,0.204091,0.062639,0.102921,0.189091,0.070999,0.185319,0.089755,0.232530,0.129066,0.124699,0.151023,0.207495,0.000299,0.075914,0.007213,-0.057842,0.055566,0.278264,0.151770,0.057223,0.173557,0.051203,0.082528,0.241794,0.276525,0.123606,0.114316,-0.073020,0.083840,0.353386,0.059714,0.317144,0.131306,0.094129,0.201168,0.156376,0.009352,0.097368,0.247920,0.100322,0.158782,0.195304,0.182600,0.093119,0.136213,0.062063,-0.010063,0.118189,0.133780,-0.056603,0.150132,0.095352,0.279992,0.080457,-0.090833,0.118467,0.237701,0.122982,0.151799,0.282375,0.000086,0.134050,0.042106,0.105963,0.026492,0.064222,-0.024684,0.096238,0.187007,0.096058,0.134669,0.044136,0.047383,0.195375,0.097730,-0.102944,#
16,0.103659,0.123548,0.087525,0.184227,0.017344,0.049774,0.092430,0.081568,-0.029857,0.002068,0.073310,0.062866,0.313833,0.205987,0.114589,0.227944,1.000000,0.144599,0.136040,0.320542,0.191588,0.152961,0.115166,0.065665,-0.107145,0.196302,0.114883,0.044023,0.027298,0.292531,0.059414,0.234036,0.011358,0.297497,0.110536,0.153875,0.151917,0.025530,0.136447,0.059939,-0.015397,0.126368,0.113892,0.127732,0.118787,0.297824,0.043841,0.031596,0.107540,0.049640,0.080591,0.152651,0.263972,0.153002,0.087293,0.054699,0.001812,0.058040,0.057639,-0.084657,0.033767,0.230681,0.285627,0.240265,0.246991,0.069039,0.134712,0.311956,0.026971,0.198047,-0.039992,0.261710,0.271839,-0.019663,0.061590,0.170402,0.050688,0.208973,0.110608,0.054823,0.048579,0.095540,0.001647,0.126988,0.148888,0.101429,0.151300,0.145641,0.141949,-0.014096,0.035748,0.209241,0.053260,0.092702,0.053884,0.032102,0.204602,-0.042047,0.065033,0.145468,0.131323,-0.008393,-0.089534,0.038589,0.087952,0.082160,0.187359,0.040048,-0.053390,0.147206,0.120392,0.088353,0.101291,0.083275,0.135017,0.222606,0.093055,0.049459,-0.069847,0.275410,0.167485,0.159924,0.111417,0.228464,0.200808,-0.137224,0.122463,-0.061770,0.069862,0.164259,0.041827,0.010210,0.263208,-0.133328,0.307792,0.229216,-0.084162,0.256373,0.106424,0.177585,0.008220,0.080794,0.070230,0.106249,0.168428,0.074209,0.047944,0.159198,0.198315,0.034222,-0.114523,0.192094,-0.019909,0.043988,0.172644,0.160969,0.004262,0.020004,0.089267,0.145707,-0.024022,0.268644,0.181819,0.230281,0.096063,0.063302,0.161928,0.007941,-0.003486,0.061281,0.015973,0.031585,0.038762,0.000814,0.109919,0.176652,-0.001348,0.080663,0.119811,0.030183,0.031701,0.134285,0.186763,-0.031063,-0.008273,0.174590,0.205595,0.120558,0.035981,0.082224,0.244527,-0.082981,-0.029357,0.066132,0.171512,0.241220,-0.066183,0.145868,-0.021541,0.019358,#
17,0.227760,0.168449,0.102146,0.288457,0.207458,0.177840,0.091828,0.307463,0.198686,0.087760,0.185653,0.291389,0.147137,0.063904,0.112774,0.269974,0.144599,1.000000,0.091288,0.197198,0.279136,0.133625,0.062117,0.262347,0.013991,0.159624,0.115555,0.120337,0.022525,0.235628,0.150235,0.116631,0.345957,0.176385,0.076067,0.207900,0.022837,0.185054,0.243876,0.055330,0.230786,0.160475,0.047428,0.249099,0.055237,0.252358,0.228704,0.027282,0.137340,0.092790,0.167143,0.146137,0.048877,0.219571,0.107669,0.193647,0.248208,0.139250,0.003496,-0.009293,0.199026,0.103205,0.175421,0.042136,0.207570,0.265756,0.267438,0.220171,0.158300,0.261573,0.084725,0.231294,0.220833,0.085419,0.147158,0.277148,0.085807,0.182678,0.060401,0.252036,0.110925,0.200365,0.297187,0.043625,0.137753,-0.110677,0.207350,0.196055,0.185791,0.171879,0.036921,0.079836,0.208373,0.192646,0.042243,0.219139,0.148821,0.229937,0.213516,0.162905,0.172868,-0.007594,0.107798,0.201735,0.053900,0.216756,0.192480,0.200878,0.149330,-0.006028,0.202104,0.148651,0.138843,0.311130,0.113187,0.247308,0.058111,0.042105,0.010963,0.079818,0.056526,0.275432,0.157068,0.276925,0.401093,0.068030,0.122094,0.158653,0.114460,0.155436,0.150129,0.205251,0.267861,0.110614,0.180934,0.329321,0.155556,0.247347,0.080898,0.213772,0.179659,0.196228,0.069346,0.174425,0.215095,0.224914,0.035764,0.084230,0.042313,0.014808,0.142466,-0.041818,-0.013479,0.239920,0.272321,0.273352,0.138163,0.059205,0.335139,0.233278,0.106885,0.254337,0.234634,0.206626,0.144690,0.228501,0.150515,0.166960,0.176110,0.037490,0.275645,0.089356,0.070361,0.026638,0.183162,0.068836,0.264738,0.134444,-0.149214,0.243639,0.078619,0.240413,0.258353,0.148328,-0.035461,0.126564,0.152824,0.064231,0.171235,0.194211,0.170332,0.258376,0.249984,0.105183,0.370782,0.144651,0.098265,0.178300,0.051326,0.171258,#
18,0.267380,-0.053618,0.063853,0.259343,0.135572,0.040601,0.131382,-0.012637,0.098044,-0.070143,0.149775,0.090173,0.198359,0.137885,0.195487,0.148314,0.136040,0.091288,1.000000,0.115427,0.210685,0.130176,-0.017877,0.358856,0.154195,0.115552,0.139783,0.273920,0.124588,0.106591,0.062801,-0.018897,0.204506,0.082449,0.229516,0.256195,0.206627,0.067581,0.106729,0.325668,0.102269,0.194313,0.161748,0.180209,0.106369,0.088103,0.047919,0.003270,-0.038569,0.269120,0.206402,-0.008238,0.167771,0.166340,0.092056,0.160961,0.165710,0.085838,-0.022439,-0.028754,0.062336,0.066668,0.217498,0.109800,0.143987,0.111087,0.298120,0.193974,-0.014387,-0.013979,-0.019719,0.018611,0.063964,-0.040793,0.058289,0.164048,0.080277,0.183146,0.142886,0.111319,0.237241,0.005159,0.128650,0.210092,0.106977,-0.058656,0.224715,0.034286,0.192977,0.105501,0.219149,0.041962,0.085776,0.190499,0.077563,0.279107,0.330901,0.085916,0.146562,0.234204,0.042315,0.192517,0.184264,0.163542,0.273000,0.140425,0.143223,0.111590,0.129187,0.147267,0.250574,0.239682,0.158136,0.074203,0.054671,0.090748,0.086946,-0.163152,0.080004,0.148251,0.149070,0.169552,0.106116,0.010754,0.119793,0.002776,0.213842,0.097260,0.187786,0.133317,0.175803,0.220593,0.085426,0.130352,0.158765,-0.070253,0.018454,0.223832,0.038304,0.150279,0.153113,0.053918,0.158872,0.089552,0.155598,0.184199,0.040280,0.065474,0.013102,0.022585,0.039272,0.147781,0.062060,0.105367,0.134708,0.215745,0.240571,0.057346,-0.021085,0.332375,0.175013,0.170918,0.176564,0.130926,0.104910,0.200305,0.182061,0.111523,0.034606,0.202517,-0.054999,0.088327,0.177266,0.100117,-0.034210,0.275933,0.248393,0.194286,0.244684,-0.075906,0.099174,0.093415,0.235485,0.023198,0.142567,0.025647,0.286777,0.169026,0.058015,0.090610,0.103471,0.214799,0.221473,0.055439,0.144975,0.008303,0.079357,0.218158,0.258839,0.045631,#
19,0.243490,0.096590,0.149710,0.196321,0.306549,0.154587,0.019071,0.113523,0.183038,0.291378,0.202474,-0.051082,0.294699,0.273855,0.388758,0.153752,0.320542,0.197198,0.115427,1.000000,0.226092,0.136469,0.167205,0.178942,0.024499,0.345574,0.294202,0.190608,0.157584,0.295274,0.070912,0.234599,0.164153,0.170837,0.195246,0.329927,0.045675,0.023447,0.260488,0.147899,0.184247,0.249170,0.050334,0.065655,0.116479,0.314627,0.269360,0.279051,0.045512,0.267357,0.255804,0.158659,0.101012,0.342629,0.212438,0.349221,0.207795,0.137956,0.126531,0.086722,0.186000,0.267517,0.215176,0.262612,0.320423,0.099252,0.158821,0.236622,0.094712,0.256401,0.174531,0.188085,0.181381,0.088446,0.250411,0.415991,0.137205,0.308770,0.325384,0.148421,0.295724,0.292214,0.199226,0.148880,0.347781,0.048912,0.137281,0.192911,0.201940,0.053309,0.029593,0.189311,0.272672,0.154349,0.077750,0.282536,0.285515,0.212739,0.000615,0.113978,0.138841,0.163027,0.264301,0.226036,0.326926,0.300272,0.126619,0.380405,0.051451,0.077324,0.143548,0.164563,0.192848,0.275636,0.241301,0.159402,0.239440,0.241519,0.192516,-0.021021,0.419782,0.369217,0.233078,0.296435,0.353249,0.052916,0.266603,0.184881,0.022268,0.311248,0.121595,-0.006619,0.232916,0.099923,0.244529,0.188611,0.108750,0.387129,0.187817,0.077574,0.086044,0.306956,0.297969,0.123995,0.104495,0.241637,0.098709,0.239382,0.179512,0.011688,0.169259,0.240475,0.139344,0.304343,0.299044,0.141331,0.195106,0.009013,0.164672,0.122414,0.304566,0.257522,0.248363,0.246560,0.246296,0.151038,0.112435,0.115692,0.235278,0.132434,0.186310,0.236789,0.310460,0.175875,0.073881,0.119295,0.306224,0.214842,0.167832,0.063759,0.075969,0.218621,0.320449,0.201259,0.156218,0.189526,0.196256,0.179828,0.152357,0.169392,0.381515,0.211867,0.007999,0.144595,0.270511,0.116215,0.090667,0.184330,0.258582,0.334766,#
20,0.142075,0.086405,0.266504,0.214563,0.310151,0.180280,0.202534,0.092374,0.194048,0.070311,0.069562,0.086488,0.095421,0.207141,0.159416,0.105497,0.191588,0.279136,0.210685,0.226092,1.000000,0.154997,0.063346,0.225110,0.229531,0.280417,0.132029,0.189877,0.072022,0.210358,0.036353,0.013318,0.176198,0.158722,0.071237,0.114023,0.229813,0.103301,0.118879,0.207103,0.210585,0.345956,0.041888,-0.031061,0.218501,0.237007,0.332178,0.070626,0.109810,0.121922,-0.000584,0.200005,0.064691,0.309302,0.184747,0.126058,0.193226,0.196985,0.114028,-0.036035,0.146609,0.148420,0.267330,0.097870,0.138496,0.102867,0.194786,0.182734,0.327036,0.201501,0.179702,0.255463,0.298346,0.142041,0.007775,0.030299,0.113172,0.329799,0.187988,0.107816,0.210195,0.173470,0.260741,-0.004095,0.236900,0.126051,0.144901,0.148745,0.286128,0.105336,0.118981,0.253491,0.156048,0.253571,0.214414,0.170352,0.215958,0.269846,0.177070,0.020921,0.185710,0.066682,0.152527,0.142825,0.089673,0.181578,0.100180,0.190105,0.082318,0.213369,0.275631,0.299157,0.121252,0.196806,0.125368,0.320651,0.255452,0.093629,-0.061242,0.185217,0.068017,0.243870,0.054236,0.055427,0.220013,0.008431,0.223006,0.159350,0.206831,0.163753,0.151691,0.136517,0.210478,0.015513,0.267504,0.133519,0.213033,0.241856,0.141588,0.104317,0.242521,0.142795,0.151099,0.201604,0.243515,0.149078,-0.005581,0.167678,0.216768,0.111089,0.216746,0.144276,-0.017663,0.170591,0.204139,0.160079,0.097270,-0.005976,0.081420,0.349208,0.157634,0.293809,0.186306,0.155288,0.228432,0.116962,-0.050014,0.232732,0.062568,0.040952,0.184004,0.069925,0.023753,0.064355,0.100572,0.184996,0.090241,0.149653,0.251949,0.152057,0.015437,0.159941,0.129374,0.165802,0.166709,-0.069239,0.230130,0.114200,0.137379,0.337395,0.076979,0.254939,0.158892,0.151857,0.258854,0.201791,0.076914,0.203365,0.166419,0.226011,#
