0,1.000000,-0.037642,0.185724,0.199914,0.218405,0.070587,0.006007,-0.001904,0.222768,0.070818,0.115529,0.031229,0.120930,0.087987,0.272720,0.178072,0.122729,0.244514,0.264411,0.263307,0.164853,0.204549,0.218340,0.293403,0.149599,0.103656,0.230416,0.048418,0.189131,0.256770,-0.001929,0.161092,0.135921,0.200101,0.106386,0.152540,0.161558,0.149017,0.212464,0.254240,0.168099,0.184311,0.183981,0.201243,-0.018742,0.094848,0.075905,0.225701,0.131350,0.293647,0.163527,-0.018014,0.092341,0.262233,0.208013,0.238219,0.239989,0.180245,-0.025842,0.054123,0.196448,0.057066,0.258556,0.038838,0.085763,0.072812,0.087943,0.142422,0.143923,0.199353,0.127902,0.051063,0.231750,0.217857,0.110731,-0.106658,0.222822,0.180824,0.080790,0.080368,0.140064,0.054753,0.102502,0.157961,0.312238,0.006365,0.176978,0.205672,0.226420,0.218331,0.110926,0.037940,0.202274,0.202827,0.272913,0.259065,0.233650,0.033291,0.127204,0.215404,0.285787,0.190195,0.058816,0.204361,0.252376,0.233607,0.306816,0.156004,0.190142,-0.046420,0.000294,0.143616,0.002772,0.207441,0.083822,0.046314,0.098352,0.098737,0.090803,0.083819,0.322677,0.197294,0.136129,0.180662,0.123243,0.237344,0.146488,0.035101,0.146981,0.251158,0.292166,0.065441,0.174029,0.056690,0.112865,0.121714,0.259511,0.154365,0.113419,0.155066,0.261393,0.177549,0.144860,0.124549,0.076243,0.219719,0.197920,0.145499,0.167788,0.157605,0.022204,0.083428,0.183896,0.103983,0.215041,0.212380,0.116028,0.040116,0.093519,0.252636,0.133770,0.261972,0.022493,0.026536,0.137597,0.200489,0.078438,0.207120,0.209690,0.132827,0.240697,-0.018399,0.192796,0.213476,-0.071107,0.251046,0.314118,0.181587,0.125694,0.033175,0.207853,0.218745,0.061713,0.117211,0.110252,0.115544,0.291659,0.292780,0.213081,0.044590,0.140585,0.217250,0.133349,0.096198,0.255313,-0.004458,0.043785,0.171789,0.361342,0.187158,#
1,-0.037642,1.000000,0.185423,0.178870,0.145136,0.178377,0.278149,0.109536,0.293892,0.023858,0.336183,0.253036,0.083902,0.172699,0.038016,-0.012148,0.141620,0.159487,-0.035775,0.112119,0.115654,0.198114,0.036598,0.060145,0.090961,0.189045,0.215919,0.243421,-0.104844,0.167308,0.211089,0.129336,0.033219,0.187379,0.030893,0.228982,0.095844,0.017310,0.283052,0.134362,0.039110,-0.013760,0.221178,0.128117,0.115939,0.219335,0.366947,0.173706,0.017519,-0.014158,0.169055,0.104058,0.317038,0.241330,-0.003712,0.194855,0.122983,-0.065236,0.054901,0.049817,0.077611,0.110905,0.221844,0.034312,0.078759,0.157725,0.020451,0.242428,0.185452,0.249308,0.114460,0.184034,0.276911,0.000450,0.225518,0.117422,0.087564,0.165136,0.260628,0.119510,0.115841,0.254125,0.194540,0.073841,0.205113,-0.159992,0.211744,0.114262,0.185450,0.123423,0.170764,0.136338,0.066474,0.185366,0.044917,0.176370,0.047698,-0.044073,0.048617,0.120681,0.195951,0.087791,0.134668,0.140763,0.072932,0.132991,0.250947,0.278920,0.113236,0.120987,0.179110,0.117584,0.024825,0.109707,0.254693,0.323516,0.175346,0.082943,-0.028445,0.126578,0.021321,0.124319,0.173762,0.167284,0.105486,0.087111,0.161689,0.102727,0.187164,0.199909,0.110307,0.181053,0.090124,0.236620,0.302310,0.211514,0.135763,0.243854,0.231671,0.159156,0.107886,0.074192,0.162539,0.207165,0.236876,0.162545,0.091279,0.019830,0.166745,0.099173,0.148231,0.079454,-0.016650,-0.106983,0.317954,0.161443,0.025743,0.028141,-0.036714,-0.108703,0.016859,0.200696,0.222541,0.230377,0.200971,0.003009,0.090240,0.052002,0.157498,0.280613,0.162163,0.200319,0.108095,0.030621,-0.003295,0.180826,0.028822,0.277254,0.130355,0.007116,0.092381,0.057690,0.205899,0.055571,0.223850,0.134989,0.079732,-0.000095,0.087664,0.209324,0.195727,0.091882,-0.040449,0.159379,0.199679,0.096136,-0.083475,0.183209,0.042594,0.252298,#
2,0.185724,0.185423,1.000000,0.207280,0.190371,0.137101,0.230749,0.231049,0.196061,0.092911,0.333827,0.342637,0.144122,0.312162,0.070348,0.232758,0.068137,0.116018,0.074969,0.174848,0.282726,0.333734,-0.039697,0.111191,0.237055,0.304306,0.270742,0.241406,0.076160,0.323431,0.039127,0.022841,0.084817,0.079595,0.070314,0.231425,0.166829,-0.076336,0.092418,0.049903,0.236315,0.194879,0.357224,0.127377,0.024225,0.128065,0.217232,0.207988,0.097233,0.176472,0.284660,0.230236,0.145043,0.163504,0.028783,0.176291,0.063059,0.063336,0.159491,0.229482,0.251104,0.013172,0.074398,0.214315,0.257551,0.242515,0.189438,0.132662,0.277276,0.280172,0.083367,0.187191,0.142705,0.240244,0.209320,0.137474,0.176353,0.166665,0.133063,0.050062,0.253587,0.041465,0.046516,0.020850,0.220192,0.057853,0.187323,0.235771,0.150299,0.113407,0.040920,0.249002,0.278548,0.252312,0.040733,0.271837,0.253313,0.097548,0.263013,0.152939,0.184697,0.116129,0.028747,0.232950,0.066254,0.101461,0.181802,0.253293,0.263028,0.275398,0.150638,0.189319,0.203298,0.156149,0.155381,0.350326,0.220804,0.110745,-0.234302,0.115596,0.220632,0.097973,0.031582,0.096978,0.138887,0.089700,0.299586,0.155897,0.154497,0.207989,0.119523,0.217296,0.172502,0.065285,0.268868,0.225560,0.163967,0.183399,0.138102,-0.018102,0.162328,0.115233,0.225006,0.089819,0.331301,0.201231,-0.001198,0.142152,0.292072,-0.039581,0.138721,0.249081,0.229736,0.075899,0.198108,0.035122,0.062774,-0.052867,0.092106,0.193562,0.142569,0.387967,0.154220,0.207640,0.200283,0.181094,0.210413,0.098089,-0.069640,0.139126,0.118461,0.355982,0.133136,0.057944,0.186234,0.065364,0.282173,0.219660,-0.028832,0.150685,0.329444,0.128519,0.042073,0.339295,0.086386,0.179096,0.107344,0.007321,0.180915,-0.005503,0.043116,0.228646,0.325845,0.061018,0.223550,0.025776,-0.035119,0.242050,0.309564,0.308709,#
3,0.199914,0.178870,0.207280,1.000000,0.235067,0.247535,0.362562,0.121160,0.312779,0.085320,0.280663,0.278688,0.254469,0.135520,0.139633,0.220320,0.215642,0.316084,0.249168,0.201693,0.239218,0.195674,0.159014,0.393054,0.198321,0.247752,0.210898,0.204881,0.182923,0.321725,0.152202,0.228682,0.419989,0.268226,-0.014627,0.186989,0.320815,0.243194,0.335768,0.174159,0.250820,0.280918,0.257417,0.395923,0.016861,0.213076,0.247681,0.237823,0.058587,0.225088,0.212493,0.256493,0.233735,0.110224,0.097808,0.310456,0.086028,0.099093,0.105038,0.171060,0.227884,0.083407,0.192317,0.110609,0.394154,0.310848,0.211463,0.146275,0.108252,0.316954,0.122115,0.198541,0.308310,0.143223,0.259960,0.302021,0.192891,0.163144,0.235539,0.093556,0.360180,0.206186,0.178865,-0.012606,0.322147,0.113748,0.209079,0.182341,0.304484,0.255540,0.199427,0.207534,0.241520,0.253878,0.133875,0.251429,0.257312,0.018033,0.305814,0.300913,0.335384,0.092228,0.214399,0.235975,0.299918,0.118581,0.255194,0.203992,0.187015,0.171739,0.178824,0.189678,0.201970,0.135682,0.123199,0.135098,0.293850,0.068250,-0.017747,0.157595,0.245769,0.148968,0.161159,0.386424,0.160969,0.183135,0.286999,0.250395,0.125373,0.367338,0.292317,0.319686,0.286974,0.274769,0.263776,0.224439,0.065259,0.171132,0.283354,0.138429,0.278397,0.260255,0.172698,0.204112,0.128732,0.183283,0.329233,0.289979,0.180307,0.155846,0.029963,0.112419,0.117846,0.162236,0.333502,0.099367,0.057648,0.136453,0.168797,0.288941,0.230656,0.333325,0.326282,0.228808,0.158032,0.174855,0.159586,0.170504,0.064511,0.110391,0.253337,0.141235,0.122892,-0.005258,0.060553,0.275935,0.291615,0.273149,0.088092,0.153733,0.171457,0.307490,0.290439,0.070654,0.039157,0.192386,0.170441,0.168568,0.086461,0.092448,0.082484,0.234731,0.356500,0.064572,0.227890,0.211468,0.282505,0.295080,0.209572,0.177157,#
4,0.218405,0.145136,0.190371,0.235067,1.000000,0.291743,0.038126,0.079412,0.293684,0.063287,0.091241,0.088843,0.096245,0.101923,0.053908,0.118389,0.060195,0.191432,0.151986,0.307885,0.315423,0.151061,0.128775,0.292086,0.203660,0.285919,0.134996,0.091529,0.171967,0.087550,0.048943,0.090930,0.099914,0.136695,0.024068,0.258746,0.346665,0.091217,0.079005,0.070690,0.178364,0.424655,0.208410,0.071126,0.196654,0.071168,0.330148,0.139442,0.124819,0.216565,0.076517,0.081634,0.123667,0.220655,0.230716,0.307862,0.157927,0.066573,0.134603,0.067026,0.156222,0.150098,0.054138,-0.006413,0.162450,0.041907,0.188722,0.105028,0.067859,0.210632,0.123687,0.153119,0.228362,0.260877,0.080997,-0.011835,0.120320,0.320738,0.188221,0.047518,0.310600,0.177952,0.063886,-0.080712,0.363257,0.005274,0.148057,0.193360,0.218621,0.267551,0.254059,0.137650,0.124384,0.177765,0.093694,0.287558,0.142534,0.098282,0.089161,0.160389,0.097657,0.016942,0.176385,0.193552,0.176090,0.130432,0.046631,0.272325,0.160915,0.211551,0.310425,0.228520,0.264752,0.351889,0.173655,0.015697,0.167332,-0.037198,-0.057614,0.056625,0.177648,0.078158,0.135056,0.055927,0.328366,0.051580,0.197715,0.073599,0.154460,0.116911,0.243260,0.124085,0.207929,0.114461,0.206733,0.174694,0.166072,0.088634,0.207453,0.170251,0.296510,0.047184,0.149905,0.045137,0.222441,0.253224,0.159243,0.250080,0.176505,-0.007063,0.107742,0.098624,0.151152,0.272335,0.276050,0.001823,0.278660,0.101131,0.003904,0.217538,0.157532,0.211458,0.041872,0.092439,-0.040980,0.215914,0.048704,0.097513,0.074034,0.153034,0.064694,0.074776,0.275695,0.190054,0.137204,0.193298,0.263372,0.254029,0.171110,0.099754,0.042046,0.042097,0.285936,0.087784,0.084902,0.135276,-0.008873,0.269316,0.186627,0.201945,0.138279,0.146946,0.127804,0.004870,0.197025,0.191150,0.145857,0.282898,0.167432,0.343748,#
5,0.070587,0.178377,0.137101,0.247535,0.291743,1.000000,0.227648,0.156897,0.300253,0.225654,0.202918,0.124466,0.239416,0.174566,0.169584,0.072224,0.081952,0.161169,0.051579,0.155116,0.207322,0.097806,0.060216,0.111087,0.204158,0.168680,0.189030,0.222687,0.215150,0.194821,0.181056,0.204507,0.296612,0.177897,0.086981,0.176016,0.308630,0.095666,0.180570,0.173076,0.209356,0.197477,0.162051,0.236500,0.065222,0.144115,0.219239,0.004171,0.150752,0.243482,0.093838,0.169611,0.178997,0.051541,0.101794,0.270950,0.024839,-0.005807,0.164094,0.087954,0.165918,0.078219,0.186210,0.013746,0.197679,0.209153,0.263484,0.098297,0.223497,0.126864,0.177282,0.173807,0.297498,0.313408,0.112509,0.080602,0.196234,0.159478,0.207510,0.140941,0.146132,0.224594,0.284416,-0.102150,0.203752,0.078027,0.096516,0.038744,0.221163,0.045477,0.014912,0.224203,0.205298,0.338264,0.073473,0.307764,0.089149,0.063807,0.183969,-0.035193,0.145279,0.164416,0.088132,0.166665,0.076537,0.136270,0.099298,0.252544,0.067775,0.117433,0.250255,0.108946,0.127415,0.176552,0.144545,0.118409,0.260636,0.114558,0.020827,0.041990,0.067065,0.204388,0.054614,0.255850,0.089057,0.100608,0.011767,-0.039838,0.319491,0.193366,0.310562,0.154288,0.213564,0.176821,0.344467,0.303088,0.130680,0.163956,0.078792,-0.034683,0.270671,0.161972,0.142060,0.249999,0.219051,0.153220,0.206360,0.118307,0.010441,0.193829,0.275662,0.023686,0.217660,0.196046,0.241356,0.196372,0.133184,0.031051,0.224974,0.065934,0.157454,0.176534,0.230526,0.177739,0.130126,0.086908,0.110782,0.170668,0.202305,0.288220,0.237896,0.175861,0.186787,0.049409,-0.025788,0.247045,0.168588,0.181552,0.253986,-0.025980,0.096621,0.053130,0.383975,0.168573,-0.005937,0.264167,0.201498,0.071035,0.125252,0.093481,0.097943,0.195440,0.223466,0.154204,0.300708,0.008237,0.023621,0.338344,0.087031,0.275852,#
6,0.006007,0.278149,0.230749,0.362562,0.038126,0.227648,1.000000,0.155317,0.331231,0.113593,0.189658,0.193004,0.037014,0.251324,0.044579,0.169564,0.112591,0.083832,0.150681,0.053806,0.244579,0.185704,-0.061790,0.048106,0.083995,0.183865,0.144241,0.205058,0.140420,0.262486,0.108209,0.200946,0.110522,0.215890,-0.097013,0.047433,0.118085,0.169351,0.087534,0.187721,0.021604,0.116447,-0.010638,0.199842,0.065346,0.172103,0.147012,0.116311,0.024233,0.052129,0.044584,0.102625,0.215315,0.187812,-0.046096,0.137975,0.052080,0.108128,0.189307,0.256841,0.188049,-0.035239,0.182722,0.119924,0.218143,0.348976,0.151062,0.230122,0.161415,0.128398,0.063883,0.169015,0.247283,0.137426,0.279317,0.162628,0.223661,0.226693,0.264617,0.078561,0.141228,0.075056,0.280433,-0.004766,0.219403,0.064741,0.123172,0.240307,0.102919,0.150091,0.128345,0.219772,0.088920,0.198316,0.065276,0.131357,0.166692,0.022607,0.217421,0.238227,0.188727,0.229545,0.145055,0.058526,-0.124314,0.280051,0.128008,0.097542,0.233491,0.187217,0.202549,0.213359,0.120715,-0.099931,0.018367,0.288727,0.286082,0.022842,0.038645,0.125361,0.170997,0.206489,-0.063627,0.203199,0.061916,0.109590,0.076840,0.224971,0.101134,0.221402,0.109367,0.107149,0.161855,0.021893,0.269805,0.255021,0.015102,0.253823,0.225512,0.177634,0.094889,0.164199,0.031065,0.179468,0.070459,0.098786,0.232639,0.091617,0.131315,-0.135986,0.168364,-0.036471,0.166296,0.039609,0.329276,0.023807,0.028279,0.137043,0.139414,0.043128,0.047403,0.273765,0.294488,0.166294,0.199847,0.191741,0.016836,0.161317,0.134543,0.225598,-0.000010,0.091369,0.135246,0.065020,0.062979,0.229174,0.047818,0.284436,0.242903,-0.069749,0.042367,0.072340,0.249094,0.283120,0.212003,0.200251,0.093572,0.101916,0.099096,0.220169,0.048302,0.117016,0.180151,0.154924,0.059403,0.036712,0.145545,0.192955,0.108749,0.246938,#
7,-0.001904,0.109536,0.231049,0.121160,0.079412,0.156897,0.155317,1.000000,0.216596,0.125744,0.261612,0.378202,-0.055655,0.146038,0.256352,0.150775,0.069716,0.298383,0.004159,0.137077,0.111919,0.199648,0.191109,0.032209,0.179100,0.076978,0.177376,0.326355,0.035332,0.261703,0.036208,0.047509,0.125407,0.085522,-0.022208,0.142250,-0.023275,-0.100381,0.188928,0.124148,0.184091,0.136121,0.096681,0.123458,0.168533,0.197669,0.043959,0.184554,0.150551,0.143260,0.133420,0.141358,0.056996,0.145593,0.087415,0.086214,0.176228,0.172817,0.219603,0.028362,0.213498,-0.000214,0.174572,0.110231,0.269293,0.159364,0.157953,-0.003500,0.115502,0.317435,0.038853,0.029306,0.235464,0.184231,0.028679,0.029917,-0.036465,0.197799,0.121423,0.245098,0.204520,0.049192,0.203534,0.030252,0.258376,-0.044570,0.049936,0.032186,0.133930,0.199941,-0.009127,0.145264,0.200198,0.229589,-0.070786,0.037348,-0.057605,0.054966,0.001580,0.104560,0.200512,0.019218,0.064243,0.031212,-0.062801,0.181853,0.295545,0.105141,0.099806,0.172881,0.006632,0.049297,0.016637,0.110050,0.282017,0.191185,-0.063424,-0.050941,-0.043952,0.323638,0.137368,0.133186,0.005575,0.186407,0.189872,0.157612,0.214437,0.197928,0.091738,0.136735,0.099619,0.069177,0.215336,0.081815,0.321028,0.163272,-0.116228,0.304541,0.027458,0.066316,0.272537,-0.021078,0.015926,-0.049645,0.109702,0.096600,0.160431,0.115636,0.091803,0.044790,0.112119,0.165661,0.029418,0.036331,0.047805,0.075845,0.214501,0.112078,0.200178,0.182557,0.083582,0.189504,0.154917,0.030211,-0.038034,0.224950,0.204661,0.052863,0.044430,0.103722,0.121804,0.122823,0.198307,0.006173,0.103379,0.066956,0.084165,0.133747,-0.059441,0.137865,0.182094,0.096465,0.154475,0.249800,-0.227805,0.138375,-0.058781,-0.072816,0.099797,0.261567,0.193287,-0.019701,0.254979,0.020083,0.167478,0.016103,0.003760,0.139004,0.172139,0.164568,#
8,0.222768,0.293892,0.196061,0.312779,0.293684,0.300253,0.331231,0.216596,1.000000,0.200036,0.319702,0.207597,0.204479,0.120421,0.304154,0.211848,0.043158,0.198511,0.100610,0.216080,0.251054,0.173536,0.170821,0.342866,0.163167,0.189098,0.156366,0.188566,0.065280,0.286820,-0.024801,0.222150,0.139523,0.123847,0.148900,0.219661,0.283172,0.051969,0.233628,0.196281,0.249422,0.186456,0.117938,0.140665,0.266346,0.271677,0.116855,0.189208,0.112245,0.270846,0.136531,0.377215,0.102404,0.354881,0.128352,0.321882,0.205837,0.242315,0.218213,0.283161,0.232357,0.130872,0.270314,-0.081996,0.322789,0.348553,0.214724,0.133969,0.348756,0.178136,0.122337,0.135826,0.343140,0.087914,0.223837,0.134011,0.082735,0.153637,0.108186,0.145833,0.282222,0.297372,0.281127,0.003749,0.479773,0.190505,0.149915,0.189574,0.231261,0.400163,0.176291,0.317104,0.181762,0.164117,0.351573,0.345075,0.231187,0.087361,0.231477,0.122200,0.236654,0.067748,0.176574,0.198219,0.227111,0.123481,0.290484,0.218902,0.073109,0.225496,0.144851,0.221588,0.028441,0.251611,0.190847,0.277346,0.162302,0.099689,0.053007,0.293326,0.324530,0.174579,0.173465,0.190784,0.233362,0.325535,0.172646,0.364843,0.073828,0.350294,0.188699,0.029265,0.283013,0.149089,0.308933,0.272698,0.114097,0.281347,0.261293,0.097339,0.303549,0.206485,0.245546,0.106887,0.092087,0.147351,0.226985,0.254329,0.192332,0.141596,0.305862,0.076691,0.187769,0.171050,0.430789,0.247447,0.216966,0.231865,0.095636,0.213348,0.042467,0.245842,0.155395,0.116949,0.210131,0.206721,0.215369,0.058042,0.197308,0.204992,0.195860,0.218921,0.104771,0.106553,0.076593,0.345438,0.094461,0.343461,0.202543,0.087641,0.193265,0.124907,0.161140,0.249389,0.094271,0.244748,-0.000235,0.054342,0.228199,0.201867,0.268487,0.145181,0.238224,0.075897,0.314043,-0.003266,0.110026,0.099170,0.093478,0.132788,#
9,0.070818,0.023858,0.092911,0.085320,0.063287,0.225654,0.113593,0.125744,0.200036,1.000000,0.366540,-0.021054,0.101484,0.206057,0.204797,0.220809,0.002953,0.083597,-0.077340,0.270653,0.066481,0.044102,0.012548,0.052478,0.030927,-0.014598,0.252948,0.162141,0.090231,0.183716,0.173687,0.069114,0.053973,0.151864,0.226636,0.085705,-0.069394,0.178627,0.083233,-0.028515,0.289079,0.136164,0.109912,-0.068042,0.063190,0.183224,0.132614,0.055852,0.136249,0.093191,0.070158,0.228210,0.023104,0.118201,0.052409,0.266267,0.112878,0.161681,0.096880,-0.077027,0.222367,0.009401,0.201569,0.001464,0.200595,0.226426,0.019530,-0.030171,0.149586,-0.019144,0.171970,0.218914,0.096284,0.113662,0.113050,0.166797,-0.010830,0.055847,0.227031,0.181584,0.138566,0.276002,-0.009507,-0.041017,0.245598,0.082246,0.099493,0.094466,-0.102457,-0.054940,-0.054051,0.151928,0.199284,0.009625,0.111549,0.164298,0.172857,0.189764,0.145889,-0.056677,0.062090,0.131647,0.297948,0.083498,0.270778,0.068068,0.122954,0.038320,0.180284,-0.021762,0.076149,0.047600,0.101106,0.237050,0.085601,0.108567,-0.006463,0.127856,0.187106,-0.060262,0.125616,0.341483,0.031461,0.213092,0.007424,0.172899,-0.126718,0.178658,0.140267,0.251224,0.144771,-0.018576,0.064287,0.126820,0.124942,0.133553,0.159748,0.294251,0.132929,-0.167343,0.074981,0.165876,0.186853,0.021465,0.035671,0.169493,0.130043,0.195586,0.053947,0.344218,0.088444,-0.113985,0.309736,0.257599,0.179888,0.213073,0.132635,0.139452,0.282015,0.035207,0.130186,0.123140,-0.009860,0.296584,0.126225,0.070139,0.074818,0.039272,0.261944,0.049842,0.148507,0.221880,0.065055,0.088711,0.021899,0.164221,0.161129,0.087953,0.006341,0.037220,-0.016630,0.057435,0.234484,0.165312,0.017943,0.124238,0.116565,0.084812,0.233926,0.046419,0.121099,0.110630,0.066394,0.181033,0.086301,0.129140,0.116565,0.020840,0.116225,0.197907,#
10,0.115529,0.336183,0.333827,0.280663,0.091241,0.202918,0.189658,0.261612,0.319702,0.366540,1.000000,0.195056,0.087003,0.234546,0.231393,0.115790,0.060228,0.213866,0.146751,0.195592,0.064304,0.179929,-0.092152,0.162812,0.087852,0.048503,0.159241,0.292667,0.056433,0.308150,0.212833,0.115867,0.206418,0.179167,0.166939,0.221212,0.085389,0.096350,0.341367,0.146328,0.290801,0.081547,0.177242,0.035555,-0.060559,0.221797,0.258038,0.110150,0.167330,0.143668,0.179408,0.238869,0.062918,0.253743,-0.009342,0.317502,0.119768,0.014061,0.055958,0.144321,0.114686,0.125073,0.145436,0.175638,0.421788,0.341930,0.182302,0.110614,0.195971,0.204736,0.149718,0.223668,0.218627,0.182757,0.139768,0.161504,0.114740,0.067676,0.160111,0.182865,0.265304,0.108201,0.241604,0.071528,0.367971,-0.005243,0.241345,0.129889,0.068781,0.123508,-0.032431,0.137337,0.273443,0.142380,0.130370,0.273405,0.224061,0.035368,0.192856,0.156520,0.069736,0.028163,0.187915,0.024743,0.197758,0.033545,0.170958,0.305040,0.186881,0.068225,0.092128,0.225267,0.127952,0.187212,0.381989,0.311259,0.110270,-0.019465,0.037860,0.124987,0.168968,0.286232,0.032976,0.184191,0.089858,0.062035,0.150546,0.226156,0.161053,0.276479,0.310598,0.100252,0.134446,0.121322,0.193790,0.102179,0.038042,0.381745,0.196228,-0.069372,0.247259,0.111122,0.232535,0.119639,0.127695,0.117091,0.044972,0.078672,0.097492,0.127364,0.173670,0.187322,0.192092,0.010884,0.348758,0.137451,0.168263,-0.065630,0.234491,0.137646,0.172745,0.100591,0.335657,0.219335,0.239867,0.159827,0.225341,0.058541,0.137909,0.174198,0.262635,0.280427,0.107495,0.143169,0.033106,0.125283,0.165522,0.257907,0.022457,0.096183,0.225646,0.138580,0.275263,0.101244,0.150206,0.228440,0.059866,-0.168272,0.159244,0.247690,0.235305,0.112345,0.180104,0.047067,0.256151,0.023308,-0.021306,0.224764,0.269981,0.411569,#
11,0.031229,0.253036,0.342637,0.278688,0.088843,0.124466,0.193004,0.378202,0.207597,-0.021054,0.195056,1.000000,0.089876,0.157053,-0.027902,0.097089,0.067262,0.297222,0.102482,-0.016029,0.106236,0.213874,-0.044784,0.163372,0.294497,0.277355,0.008018,0.311414,-0.116889,0.281196,0.213928,0.160018,0.132217,0.164841,0.117703,0.216282,0.178545,-0.007395,0.139938,0.125363,0.159560,0.230354,0.312529,0.284746,-0.026746,0.225564,0.140827,0.112310,0.173045,0.060614,0.161221,0.217637,0.110711,0.312461,-0.043280,0.073974,0.121095,0.204606,0.220315,0.007657,0.069947,0.009075,0.269094,0.135309,0.210362,0.315099,0.224236,0.271689,0.145533,0.262360,0.008342,0.057113,0.305632,0.115576,0.054996,0.107724,0.072241,0.092950,0.202557,0.104098,0.196673,0.067185,0.264380,0.043730,0.256528,-0.075551,0.150557,0.344146,0.249556,0.108212,0.101941,0.244300,0.400955,0.441981,0.100474,0.222688,-0.019653,0.074177,0.211631,0.266904,0.221276,0.093148,0.018136,0.174436,0.046327,0.270780,0.301671,0.300578,0.318307,0.110954,0.213162,0.141397,0.209438,0.196421,-0.039332,0.392062,0.083723,0.070676,-0.079000,0.193553,0.139867,0.154365,0.192470,0.193801,0.182878,0.124937,0.201415,0.274694,0.234741,0.188047,0.070075,0.296521,0.271735,0.223351,0.137611,0.143142,-0.132906,0.389163,0.025368,0.213168,0.173326,0.086053,0.060904,0.106508,0.181331,0.169838,0.181774,0.142670,0.114241,0.033724,0.063320,0.286788,0.101031,0.070607,0.281920,0.081122,0.107075,-0.066860,0.159264,0.199824,0.156933,0.323159,0.080733,0.040619,0.141181,0.155354,0.349019,0.128056,0.172282,0.196887,0.250150,0.122005,0.044117,-0.013658,0.121062,0.235079,0.241112,0.207373,0.073194,0.047662,0.286372,0.135611,0.160145,0.084564,-0.125502,0.208446,0.011938,0.060550,0.112409,0.206207,0.075235,0.059445,0.304946,0.108465,0.299754,0.103243,0.155897,0.218167,0.132509,0.194236,#
12,0.120930,0.083902,0.144122,0.254469,0.096245,0.239416,0.037014,-0.055655,0.204479,0.101484,0.087003,0.089876,1.000000,-0.042975,0.164339,0.107037,0.327488,0.133406,0.218617,0.328330,0.136038,0.082888,0.152109,0.208889,0.031769,0.151633,0.181866,0.197919,0.017941,0.207331,-0.029712,0.278479,0.149006,0.154176,0.160828,0.334185,0.190443,-0.008883,0.144064,0.099878,0.200524,0.056963,0.153412,0.229436,0.273764,0.135642,0.183160,-0.090353,0.158089,0.140652,0.200939,0.119559,0.108049,0.203317,0.119234,0.175646,0.009519,0.142950,0.023571,-0.078826,0.046978,0.150704,0.079378,0.187382,0.298952,0.166641,0.160192,0.115875,0.041996,0.074653,0.048423,0.156421,0.156800,0.075568,0.241606,0.190739,0.127075,-0.025869,0.132575,-0.000136,0.221294,0.144004,0.026200,0.032083,0.170971,0.179796,0.091046,0.334665,0.195597,0.030304,0.118031,0.110240,-0.010471,0.213686,0.188461,0.193599,0.261978,0.095436,0.174303,0.001388,0.218732,0.129433,0.110388,0.088110,0.299958,0.003769,0.279369,0.079051,-0.021947,0.038045,0.272424,0.047294,0.129694,0.165550,0.040351,0.083270,0.149980,0.054532,0.115725,0.026789,0.173771,0.191955,0.271708,0.143512,0.178118,-0.014639,0.245000,0.067240,0.050891,0.077681,0.140365,0.113353,0.089292,0.083557,0.122596,0.101047,0.169075,0.152040,0.142356,0.120721,0.169869,0.098322,0.068130,0.111109,0.016852,0.118563,0.013983,0.230816,0.028827,0.037971,0.012536,0.197796,0.117018,0.107002,0.034204,0.165413,0.083763,-0.135322,0.039803,0.120395,0.019374,0.310867,0.156864,0.296802,0.115451,0.018336,0.321722,0.046183,0.105231,0.147025,0.173433,0.065352,0.078278,0.125478,0.127112,0.153627,0.210207,0.250924,0.026975,0.174323,0.134149,0.093104,0.249146,0.096359,0.134378,0.066502,0.136545,0.189561,0.128444,-0.028094,0.213893,0.029136,0.123402,0.115973,0.105285,0.045497,0.168433,0.185890,0.146768,0.042270,#
13,0.087987,0.172699,0.312162,0.135520,0.101923,0.174566,0.251324,0.146038,0.120421,0.206057,0.234546,0.157053,-0.042975,1.000000,0.267196,0.121739,0.241138,0.054418,0.146888,0.294702,0.217604,0.126858,-0.110525,0.168148,0.057205,0.302547,0.270630,0.176206,0.089311,0.144778,0.173517,0.187556,0.181544,0.184695,0.137219,0.071447,0.063065,0.095728,0.012809,0.172596,0.034533,0.168257,0.199700,0.155943,-0.027406,0.201968,0.222680,0.151952,0.123757,0.147064,0.141707,0.151986,0.179945,0.227938,0.062935,0.256147,0.076343,0.166137,0.102159,0.255810,0.205592,0.104291,0.270600,0.093422,0.218666,0.193739,0.409848,0.175195,0.295171,0.184654,0.032596,0.108122,0.181622,0.101574,0.277275,0.111305,0.283782,0.278312,0.325466,0.100531,0.201606,0.266960,0.079255,0.287156,0.327103,0.049850,0.200122,0.249504,0.324402,0.082566,0.059343,0.162453,0.190560,0.265537,0.008109,0.116761,0.214117,0.022117,0.203113,0.263071,0.232544,0.232448,0.235681,0.195088,0.057032,0.177848,0.221958,0.227942,0.317484,0.153839,0.073299,0.112590,0.384129,0.170955,0.220830,0.273401,0.367556,0.144897,-0.023268,0.151254,0.362956,0.232296,0.135612,0.232136,0.242967,0.089549,0.091230,0.030122,0.314819,0.277988,0.083029,0.158990,0.117250,0.085170,0.313328,0.176827,0.155473,0.174994,0.237755,0.169936,0.039934,0.062961,0.320621,0.232435,0.193430,0.274136,0.179212,0.252395,0.066757,0.119357,0.121321,0.107374,0.154550,0.245769,0.256607,0.179385,-0.006127,0.213799,0.215852,0.270987,0.017222,0.398710,0.123525,0.289088,0.199988,0.115097,0.102534,0.063881,0.144829,0.212048,0.219551,0.303564,0.176018,0.108637,0.079199,0.237659,0.176949,0.144813,0.264800,-0.138507,0.127085,0.194244,0.174856,0.199131,0.156199,0.266411,0.217331,0.131440,0.094795,0.193212,0.103289,0.184575,0.219447,0.052182,0.128805,0.142397,0.067330,0.139783,0.251406,0.222040,#
14,0.272720,0.038016,0.070348,0.139633,0.053908,0.169584,0.044579,0.256352,0.304154,0.204797,0.231393,-0.027902,0.164339,0.267196,1.000000,0.254335,0.144182,0.110079,0.185225,0.376395,0.154644,0.023485,0.174232,0.294545,0.108898,0.022191,0.268057,0.244794,0.110622,0.201143,-0.046976,0.120287,0.097890,0.071239,0.203343,0.143471,0.115339,0.181788,0.114900,0.295849,0.194077,0.057687,0.219402,-0.039692,0.118555,0.302247,0.172634,0.016300,0.084354,0.180945,0.257418,0.115281,0.222192,0.284324,0.317545,0.250760,0.217853,0.054805,0.029507,0.027874,0.234975,0.266266,0.106568,0.066680,0.233629,0.061762,0.256237,0.111396,0.131050,0.189624,0.016080,0.067952,0.106197,0.247599,0.175504,0.174936,0.129237,0.109005,0.123692,0.207227,0.255341,0.160987,0.121408,0.149220,0.220540,0.238295,-0.013060,0.094581,0.115859,0.087324,0.145031,0.164006,0.194643,0.119083,0.239578,0.084901,0.165554,0.079399,0.091448,0.089158,0.195230,0.158695,0.123857,0.239672,0.161707,0.146766,0.317544,0.248883,0.084552,0.147595,-0.005822,0.003353,0.150983,0.103917,0.173736,0.116142,0.108148,0.107564,0.180164,0.166295,0.399016,0.289214,0.020264,0.107098,0.169277,0.097667,0.165877,0.129641,0.021328,0.298086,0.138980,0.061156,0.126192,-0.018748,0.147030,0.046029,0.074074,0.170453,-0.034466,0.011790,0.258722,0.226322,0.256769,0.071957,-0.001097,0.272257,0.122166,0.149295,-0.037129,0.063595,0.167427,0.106890,-0.028143,0.180413,0.175739,0.168067,0.233212,0.090331,0.091996,0.163450,0.028431,0.168298,0.082093,0.101817,0.186467,0.059288,0.114097,0.047215,0.070858,0.169711,0.251403,0.307657,0.225971,0.117568,0.032038,0.087374,0.328567,0.258171,0.263037,0.089743,0.073181,0.146690,0.173618,0.146007,0.165849,0.171390,0.156325,-0.063812,0.039746,0.188232,0.086566,0.164830,0.152825,0.144502,0.165940,-0.072269,-0.094891,0.110585,0.235626,0.170588,#
15,0.178072,-0.012148,0.232758,0.220320,0.118389,0.072224,0.169564,0.150775,0.211848,0.220809,0.115790,0.097089,0.107037,0.121739,0.254335,1.000000,0.255470,0.283801,0.138517,0.147390,0.116157,0.122730,0.198615,0.292090,0.112180,0.316995,0.236562,0.166365,0.161390,0.241328,0.064730,0.184397,0.103387,0.216959,0.142675,-0.001983,0.080367,0.125924,0.183690,0.099160,0.141828,0.198035,0.174358,0.172613,0.163590,0.174719,-0.055973,0.093409,-0.010224,0.282965,-0.015235,0.210516,0.157423,0.173796,0.147414,0.183559,0.141024,0.151788,0.185355,0.213615,0.178614,0.004707,0.222835,-0.047261,0.175140,0.174916,0.166514,0.188669,0.132702,0.058724,0.252227,0.186199,0.135639,0.148174,0.193526,0.193481,0.006304,0.222724,0.030614,0.241318,0.263201,0.126533,0.037300,0.183702,0.225446,0.135296,0.103078,0.197208,0.220965,0.247966,0.054700,0.180774,0.147605,0.239555,0.083106,0.112637,0.344182,0.042883,0.103768,0.040802,0.227671,0.118741,0.083850,0.166964,0.024923,0.105695,0.184272,0.150085,0.063991,0.193819,0.060401,0.206462,0.103723,0.041046,0.143910,0.258400,0.115227,-0.072874,0.063340,0.016165,0.308269,0.269967,0.128443,0.283349,0.214175,0.053510,0.094881,0.167018,0.109154,0.199022,0.104040,0.245290,0.151165,0.149778,0.174953,0.235815,0.034104,0.063396,0.018802,-0.050115,0.054724,0.281362,0.179886,0.084774,0.202436,0.087218,0.104142,0.230733,0.303512,0.133203,0.152243,-0.064404,0.096819,0.402800,0.078155,0.317445,0.115780,0.124380,0.193381,0.153623,0.036404,0.111998,0.287644,0.127550,0.144732,0.213573,0.192255,0.099131,0.141884,0.062785,0.019874,0.149916,0.150889,-0.060009,0.192171,0.114830,0.298948,0.102828,-0.116542,0.104424,0.249082,0.123927,0.167294,0.282255,0.015809,0.148429,0.033394,0.119828,0.031146,0.056753,-0.009908,0.127972,0.162943,0.111466,0.150646,0.066797,0.069734,0.205411,0.119608,-0.083918,#
16,0.122729,0.141620,0.068137,0.215642,0.060195,0.081952,0.112591,0.069716,0.043158,0.002953,0.060228,0.067262,0.327488,0.241138,0.144182,0.255470,1.000000,0.152302,0.142696,0.311951,0.195332,0.147564,0.142868,0.123746,-0.094551,0.235067,0.144109,0.016022,0.079182,0.276585,0.111111,0.205850,0.002715,0.324510,0.089723,0.149508,0.139930,0.048111,0.153541,0.090051,0.017182,0.139031,0.162712,0.127071,0.155921,0.297031,0.083408,0.025025,0.092970,0.054986,0.089933,0.141100,0.276278,0.156686,0.102835,0.055665,0.029747,0.112260,0.084076,-0.018289,0.088041,0.265274,0.294567,0.242935,0.263386,0.092538,0.185273,0.309326,0.086043,0.212407,-0.039474,0.279262,0.285308,-0.011416,0.089785,0.185016,0.056877,0.274881,0.122642,0.065980,0.071410,0.136133,0.039849,0.095749,0.157588,0.123036,0.169386,0.153774,0.176185,0.017308,0.058893,0.210970,0.075745,0.145465,0.088596,0.037448,0.254358,-0.042450,0.084009,0.164766,0.121492,0.029245,-0.082367,0.070456,0.116281,0.090581,0.176622,0.071997,0.002505,0.185714,0.105499,0.094505,0.120473,0.122957,0.206737,0.228546,0.089590,0.070735,-0.074960,0.257555,0.216598,0.161187,0.124859,0.267568,0.216996,-0.124110,0.088011,-0.040617,0.067084,0.199933,0.044599,0.061909,0.296022,-0.119964,0.335765,0.245238,-0.027216,0.218170,0.136699,0.155902,-0.010635,0.099978,0.101944,0.138264,0.203625,0.121701,0.092294,0.170686,0.217964,0.045978,-0.043230,0.175643,0.006962,0.079898,0.197371,0.165608,-0.004140,0.054769,0.083437,0.161236,-0.008105,0.306999,0.234137,0.250686,0.097539,0.076216,0.214984,0.035895,0.037574,0.069279,0.057754,0.067249,0.070070,-0.008250,0.150244,0.201577,0.030828,0.101205,0.121390,0.006163,0.057928,0.156168,0.218293,0.014729,-0.015781,0.183849,0.214255,0.148152,0.040830,0.082586,0.267357,-0.061720,-0.029230,0.100685,0.180559,0.272968,-0.011640,0.160270,0.009309,-0.001933,#
17,0.244514,0.159487,0.116018,0.316084,0.191432,0.161169,0.083832,0.298383,0.198511,0.083597,0.213866,0.297222,0.133406,0.054418,0.110079,0.283801,0.152302,1.000000,0.101242,0.216758,0.276923,0.109884,0.055035,0.254595,0.027370,0.143232,0.091389,0.096917,0.016755,0.229720,0.115764,0.139957,0.332002,0.158668,0.052977,0.217615,0.022325,0.175332,0.243088,0.046799,0.251000,0.155546,0.032331,0.241969,0.013630,0.232484,0.194738,0.045040,0.124667,0.118981,0.142213,0.141025,0.051849,0.210275,0.101598,0.195586,0.237829,0.115724,0.073692,-0.008124,0.181859,0.081783,0.172774,0.044440,0.211011,0.241472,0.264942,0.207538,0.137702,0.270439,0.064627,0.219365,0.222887,0.103091,0.141879,0.256925,0.079626,0.153865,0.026722,0.223546,0.115342,0.172152,0.290380,0.038267,0.162632,-0.139899,0.188325,0.229453,0.221831,0.195523,0.062212,0.099608,0.192866,0.185317,0.022677,0.243216,0.138098,0.216010,0.213656,0.159907,0.177237,-0.026624,0.110106,0.188845,0.068747,0.204247,0.209899,0.195471,0.138020,-0.031176,0.201895,0.149254,0.139897,0.297783,0.093333,0.257094,0.053418,0.041347,-0.000703,0.098693,0.097486,0.268975,0.130858,0.250201,0.372654,0.092366,0.128226,0.203236,0.106772,0.156180,0.131730,0.227106,0.259410,0.101635,0.163658,0.330456,0.146035,0.255645,0.083492,0.220966,0.179115,0.171224,0.048764,0.185755,0.211440,0.223465,0.044213,0.083226,0.018723,0.024356,0.110651,-0.049561,-0.007301,0.206172,0.256452,0.230915,0.150792,0.037200,0.295937,0.272865,0.089537,0.251840,0.229145,0.191737,0.132913,0.233122,0.169435,0.199113,0.179902,0.064596,0.295313,0.061948,0.039180,0.059748,0.165199,0.082110,0.264124,0.134900,-0.128891,0.232866,0.054448,0.217620,0.227491,0.154756,-0.065906,0.143831,0.135672,0.052257,0.200742,0.183537,0.161335,0.243662,0.265039,0.051536,0.352666,0.099249,0.091242,0.152091,0.044898,0.154301,#
18,0.264411,-0.035775,0.074969,0.249168,0.151986,0.051579,0.150681,0.004159,0.100610,-0.077340,0.146751,0.102482,0.218617,0.146888,0.185225,0.138517,0.142696,0.101242,1.000000,0.114613,0.226710,0.150966,-0.019402,0.351273,0.163860,0.118633,0.151895,0.291102,0.115886,0.112920,0.068709,-0.014846,0.219482,0.096619,0.249183,0.250987,0.227167,0.068558,0.109342,0.346481,0.105975,0.199546,0.165278,0.208084,0.125081,0.105309,0.067667,-0.000744,-0.029816,0.275013,0.212268,-0.010235,0.169766,0.184141,0.087326,0.163843,0.164533,0.094097,-0.045330,-0.024855,0.074773,0.062330,0.218627,0.111106,0.151386,0.138926,0.294599,0.222097,-0.012888,-0.008060,-0.010222,0.028634,0.081374,-0.038415,0.076502,0.168393,0.072240,0.189848,0.162106,0.133276,0.252564,0.001713,0.144450,0.220590,0.120354,-0.025713,0.248317,0.042164,0.189234,0.108469,0.211497,0.040954,0.092266,0.198150,0.084506,0.270290,0.331646,0.102143,0.161694,0.243259,0.056810,0.189076,0.196680,0.168940,0.271427,0.157847,0.153990,0.105738,0.138161,0.148715,0.255433,0.263717,0.165334,0.087732,0.047720,0.087682,0.105581,-0.172407,0.091901,0.154790,0.124031,0.179455,0.127516,0.033283,0.151259,0.020095,0.212856,0.091662,0.231445,0.140393,0.188163,0.210367,0.089675,0.132138,0.167312,-0.064869,0.034938,0.234999,0.045046,0.167337,0.174721,0.067788,0.150951,0.091119,0.165288,0.181806,0.033952,0.083680,0.038776,0.041153,0.054288,0.179411,0.058458,0.127698,0.156325,0.235403,0.236990,0.058178,-0.005902,0.324903,0.196243,0.181720,0.175304,0.147629,0.112366,0.210971,0.171470,0.095655,0.032757,0.201109,-0.048432,0.108512,0.189208,0.086112,-0.037206,0.292537,0.248372,0.206631,0.240887,-0.072027,0.129756,0.104252,0.243028,0.019118,0.169021,0.035183,0.300036,0.170757,0.070484,0.096747,0.119270,0.221896,0.219444,0.063710,0.150981,0.029589,0.095967,0.228970,0.262073,0.066896,#
19,0.263307,0.112119,0.174848,0.201693,0.307885,0.155116,0.053806,0.137077,0.216080,0.270653,0.195592,-0.016029,0.328330,0.294702,0.376395,0.147390,0.311951,0.216758,0.114613,1.000000,0.246483,0.155603,0.166311,0.169100,0.031708,0.334900,0.277535,0.192320,0.141765,0.311167,0.059034,0.257537,0.177783,0.168889,0.202722,0.349098,0.054447,0.022531,0.252862,0.155233,0.211970,0.255467,0.046328,0.100339,0.108621,0.318578,0.270742,0.286506,0.060150,0.286873,0.241141,0.155633,0.088010,0.366694,0.196665,0.368572,0.199120,0.136707,0.150016,0.105216,0.201364,0.224277,0.228106,0.282449,0.343294,0.116441,0.172093,0.260771,0.082179,0.276136,0.171989,0.179189,0.212120,0.120402,0.273333,0.402343,0.146749,0.300962,0.329062,0.145418,0.305006,0.261599,0.219027,0.153163,0.363427,0.063892,0.161332,0.226959,0.221115,0.085410,0.028858,0.189062,0.286806,0.172834,0.077708,0.281698,0.284837,0.231215,0.006538,0.124027,0.172976,0.140520,0.278683,0.223298,0.330176,0.307212,0.161913,0.365098,0.059698,0.058155,0.151783,0.191691,0.203629,0.281026,0.216162,0.165040,0.262283,0.229630,0.193036,0.027949,0.411171,0.376234,0.228626,0.320867,0.389369,0.110312,0.277489,0.222972,0.058743,0.313459,0.126737,-0.001290,0.244779,0.084270,0.234152,0.189658,0.140772,0.401957,0.220827,0.094235,0.110962,0.303552,0.270245,0.132753,0.124928,0.257879,0.107174,0.274356,0.213724,0.042866,0.169825,0.275226,0.132031,0.305719,0.321407,0.135060,0.195263,0.007584,0.156960,0.151013,0.301373,0.293943,0.249232,0.253805,0.248213,0.178505,0.118583,0.096357,0.236722,0.149367,0.208636,0.230180,0.304349,0.191366,0.035810,0.176879,0.304474,0.231925,0.190845,0.060110,0.124523,0.232596,0.294413,0.216608,0.163127,0.212121,0.205147,0.165528,0.195688,0.163114,0.393195,0.209033,0.035585,0.108243,0.270185,0.102912,0.117759,0.168850,0.272484,0.348731,#
20,0.164853,0.115654,0.282726,0.239218,0.315423,0.207322,0.244579,0.111919,0.251054,0.066481,0.064304,0.106236,0.136038,0.217604,0.154644,0.116157,0.195332,0.276923,0.226710,0.246483,1.000000,0.177267,0.067837,0.249687,0.236986,0.278904,0.147605,0.152355,0.108420,0.208029,0.064167,0.049691,0.193440,0.183034,0.085015,0.139107,0.204471,0.071992,0.110458,0.217907,0.256515,0.352249,0.067930,-0.012011,0.237496,0.250387,0.337150,0.071141,0.108480,0.181347,-0.046385,0.196572,0.093486,0.309853,0.156822,0.143413,0.207331,0.222867,0.164462,0.014433,0.183485,0.103461,0.287429,0.119119,0.183440,0.146560,0.217304,0.197172,0.330474,0.226955,0.171593,0.242338,0.330731,0.168580,0.047582,0.016717,0.112715,0.353990,0.203706,0.083145,0.218370,0.147371,0.283899,-0.013547,0.256202,0.161818,0.154621,0.195417,0.350222,0.151240,0.114357,0.271696,0.167282,0.288535,0.223012,0.172313,0.229445,0.269955,0.174654,0.038144,0.213177,0.066351,0.162835,0.162511,0.120204,0.175443,0.125008,0.197159,0.106257,0.221026,0.282667,0.298545,0.153352,0.230532,0.116117,0.343107,0.269581,0.061412,-0.045932,0.206102,0.101000,0.243512,0.046219,0.080447,0.268218,0.091923,0.199467,0.241658,0.217961,0.203875,0.134309,0.176567,0.217703,-0.015362,0.271669,0.124040,0.254675,0.239417,0.178271,0.100113,0.256321,0.157391,0.109533,0.216596,0.262481,0.159602,0.013089,0.226745,0.235736,0.150403,0.237902,0.179691,-0.007313,0.155251,0.242828,0.152898,0.106336,-0.024743,0.072030,0.393703,0.143618,0.350014,0.195771,0.156152,0.246350,0.132980,0.001140,0.248953,0.099134,0.068404,0.222120,0.078560,0.025209,0.066128,0.062956,0.268589,0.095518,0.169731,0.296175,0.134093,0.067392,0.174751,0.129101,0.214968,0.152631,-0.038069,0.248644,0.119013,0.188061,0.341738,0.121077,0.228125,0.199266,0.131470,0.213462,0.207096,0.136970,0.197352,0.168175,0.190553,#
21,0.204549,0.198114,0.333734,0.195674,0.151061,0.097806,0.185704,0.199648,0.173536,0.044102,0.179929,0.213874,0.082888,0.126858,0.023485,0.122730,0.147564,0.109884,0.150966,0.155603,0.177267,1.000000,0.039011,0.119447,0.056495,0.120936,0.212356,0.228931,0.229137,0.202469,0.115465,0.188998,0.129212,0.227326,0.016778,0.281275,0.241792,0.169083,0.287711,0.106108,0.075523,0.165749,0.105386,0.183803,0.026375,0.187476,0.234016,0.262296,0.015740,0.167430,0.140808,0.119819,0.018179,0.168870,0.139154,0.143440,0.111952,0.063521,-0.077615,0.052323,0.099448,-0.021237,0.237043,0.138108,0.315911,0.236781,0.058617,0.147411,0.290711,0.309096,0.270888,0.130250,0.396353,0.282503,0.058127,0.125619,0.085735,0.135023,0.037188,0.115858,0.244906,0.112641,0.091771,-0.153451,0.253487,-0.082598,0.206376,0.062905,0.233770,0.296340,0.049643,0.046084,0.054349,0.047347,0.175061,0.161350,0.200458,0.147450,0.044351,0.230867,0.402557,0.161660,0.073743,0.105921,0.136714,0.154110,0.211608,0.162749,0.167768,0.135483,0.210391,0.168714,0.086685,0.158360,0.121505,0.301332,0.220482,0.070098,0.047882,0.165005,0.074478,0.216541,0.041401,0.259670,0.114846,0.040772,0.160023,0.172193,0.023053,0.114109,0.089475,0.144828,0.320335,0.084007,0.133730,0.118815,0.238730,0.145804,0.034209,0.271016,0.201730,0.234183,0.142768,0.129217,0.210449,0.209394,0.163613,0.159195,0.195645,0.049903,0.048800,0.049312,0.108610,0.006023,0.268289,0.051414,-0.030251,0.089909,0.030471,0.106598,0.215421,0.339223,0.150155,0.075038,0.188764,0.075791,0.021792,0.165807,0.095717,0.308006,0.074005,0.157184,0.169034,0.113933,0.003561,0.273033,0.300719,0.195892,0.042639,0.146416,0.104380,0.132797,0.034089,0.198355,-0.037656,0.111509,0.190464,0.252021,0.232072,0.130036,0.269958,0.021283,0.296580,0.113837,0.305431,0.212134,0.081993,0.268436,0.205092,0.195976,#
