0,1.000000,0.077098,0.191028,0.172606,0.277174,0.141422,0.087832,0.019745,0.250268,0.119349,0.198191,0.065780,0.114361,0.026941,0.303888,0.147551,0.131186,0.289009,0.260599,0.336791,0.195545,0.210017,0.274289,0.296540,0.197387,0.138825,0.211687,0.038370,0.238630,0.299603,0.036963,0.143017,0.147474,0.176599,0.054277,0.158471,0.141231,0.119358,0.323784,0.294598,0.212307,0.149135,0.199321,0.214877,0.033559,0.141960,0.138945,0.269532,0.228043,0.248753,0.189248,-0.003227,0.084953,0.207066,0.210489,0.282890,0.279031,0.207155,0.078227,0.076042,0.254355,0.035149,0.185961,0.055209,0.131392,0.100768,0.100907,0.194446,0.229478,0.169068,0.209179,0.108130,0.283686,0.228742,0.142974,-0.101608,0.170156,0.250409,0.099825,0.041525,0.155350,0.095732,0.168097,0.199003,0.334259,0.072432,0.174100,0.148788,0.248207,0.139095,0.073163,0.108227,0.137986,0.235966,0.303013,0.206056,0.323078,0.047116,0.152884,0.256280,0.281656,0.197107,0.058354,0.215721,0.207537,0.222147,0.258373,0.160971,0.059721,-0.138917,-0.021027,0.136154,0.064372,0.195643,0.078457,0.112607,0.182861,0.144008,0.091117,0.058385,0.282181,0.194371,0.124343,0.195834,0.142189,0.269036,0.169686,0.000716,0.150412,0.253575,0.306611,0.079185,0.251708,0.087558,0.183404,0.063622,0.334529,0.127791,0.118855,0.260453,0.323878,0.199816,0.111711,0.188263,0.128148,0.208081,0.144502,0.098002,0.275014,0.136737,0.042553,0.033734,0.187458,0.122790,0.242569,0.151777,0.064099,0.077130,0.196574,0.235756,0.164842,0.221765,0.127592,0.032428,0.189175,0.104625,0.133287,0.299752,0.164719,0.112693,0.307209,-0.057436,0.230117,0.105342,-0.017631,0.231186,0.308443,0.179526,0.135327,0.128029,0.199001,0.207816,0.083073,0.069479,0.123403,0.158302,0.345384,0.334604,0.258101,0.086422,0.117964,0.188459,0.108199,0.076452,0.248814,-0.019757,0.055831,0.247017,0.441934,0.258228,#
1,0.077098,1.000000,0.214217,0.237826,0.206938,0.193807,0.309094,0.123589,0.277997,0.043346,0.349536,0.264552,0.183171,0.218842,0.127790,0.015004,0.166208,0.188195,0.115636,0.199498,0.131992,0.253833,0.062097,0.201793,0.190296,0.229281,0.279330,0.289704,-0.039718,0.237713,0.250306,0.202151,0.074813,0.199943,-0.027754,0.163882,0.173524,0.134193,0.340756,0.083187,0.053799,0.061951,0.309977,0.217857,0.229499,0.209361,0.388518,0.243158,0.059958,0.060994,0.225229,0.131614,0.314602,0.165748,0.048210,0.187341,0.228009,0.147420,0.179283,0.098379,0.160578,0.161668,0.261161,0.071668,0.132381,0.187845,0.001052,0.197480,0.216960,0.286746,0.062565,0.102366,0.309071,0.104502,0.230428,0.087657,0.141706,0.211450,0.310153,0.099896,0.262598,0.258661,0.167073,0.212512,0.251115,-0.149649,0.235678,0.129071,0.163794,0.210060,0.147606,0.195273,0.140597,0.252080,0.124561,0.187243,0.103577,0.032474,0.102140,0.127260,0.240952,0.088530,0.139745,0.214228,0.114669,0.226246,0.337397,0.317859,0.064249,0.174941,0.315434,0.197303,0.061863,0.143435,0.243778,0.280893,0.187006,0.162837,0.073300,0.158555,0.087225,0.178133,0.202306,0.213380,0.148435,0.118940,0.167266,0.091936,0.097505,0.190951,0.187543,0.177133,0.150499,0.202018,0.336108,0.348246,0.185643,0.321425,0.219718,0.268612,0.187061,0.103872,0.247228,0.152405,0.253647,0.184601,0.101986,0.073226,0.232987,0.135959,0.068265,0.102811,0.092675,-0.029119,0.327068,0.164483,0.090217,0.047014,0.020148,0.015396,0.042872,0.293674,0.271629,0.224596,0.244960,0.120967,0.086538,0.191411,0.183869,0.316929,0.186217,0.195010,0.173304,0.095643,0.078004,0.176542,0.034853,0.328592,0.235030,0.115960,0.148005,0.183247,0.226229,0.072056,0.159888,0.167495,0.131386,0.143179,0.129261,0.178019,0.323077,0.079098,0.044581,0.221860,0.200452,0.168416,-0.028808,0.179943,0.142847,0.209006,#
2,0.191028,0.214217,1.000000,0.240836,0.182911,0.097651,0.252336,0.243413,0.160889,0.140204,0.302957,0.370449,0.199534,0.336365,0.071755,0.231098,0.146450,0.099888,0.201424,0.208294,0.266291,0.385511,-0.020801,0.129136,0.252667,0.272647,0.267338,0.216188,0.115824,0.314812,0.056103,0.079032,0.085773,0.084999,0.057159,0.223273,0.176322,-0.000296,0.123942,0.089383,0.304644,0.199038,0.340407,0.109884,0.099483,0.196416,0.202533,0.209562,0.080894,0.252821,0.340987,0.256973,0.216308,0.161329,-0.000897,0.179182,0.112636,0.166321,0.176227,0.201591,0.187386,0.102036,0.188449,0.256858,0.279285,0.276224,0.170503,0.108317,0.290133,0.304826,0.044419,0.122260,0.176421,0.193786,0.249878,0.154646,0.189536,0.224508,0.218942,0.019334,0.359046,0.072181,-0.002915,0.160053,0.206265,0.042578,0.274391,0.260065,0.055689,0.078298,-0.059410,0.247568,0.291520,0.214815,0.139053,0.299608,0.307962,0.116996,0.257872,0.157400,0.244949,0.102835,0.121733,0.234421,0.072509,0.146443,0.165736,0.143437,0.135519,0.240832,0.187773,0.244795,0.166751,0.145061,0.142366,0.318137,0.220557,0.172557,-0.123011,0.056990,0.196549,0.226606,0.094608,0.108556,0.202332,0.074956,0.286854,0.167750,0.158937,0.150153,0.196759,0.131381,0.161417,0.087917,0.344894,0.252966,0.270955,0.258094,0.124925,0.092286,0.135003,0.113708,0.286674,0.156440,0.331378,0.256993,-0.020150,0.151692,0.347607,0.066969,0.113630,0.294042,0.223214,0.154740,0.188868,0.125219,0.096805,0.051517,0.141025,0.235136,0.169529,0.361259,0.156193,0.389008,0.190370,0.157970,0.176274,0.156057,0.023730,0.184280,0.090636,0.309712,0.119013,0.071475,0.221618,0.083674,0.266618,0.183699,0.074081,0.219758,0.281414,0.125003,0.017677,0.391426,0.056665,0.196841,0.168088,0.134248,0.260823,0.030694,0.096071,0.179365,0.312412,0.019259,0.212573,0.044971,-0.041060,0.162767,0.335166,0.274156,#
3,0.172606,0.237826,0.240836,1.000000,0.290932,0.285475,0.334300,0.145087,0.257360,0.047817,0.263858,0.276947,0.230613,0.197569,0.140178,0.135151,0.220732,0.272693,0.225191,0.226440,0.252364,0.218506,0.156644,0.350818,0.216381,0.209236,0.164867,0.148785,0.191817,0.288549,0.164354,0.232292,0.411485,0.273173,-0.077750,0.193020,0.357088,0.290267,0.356774,0.143984,0.296281,0.331002,0.260272,0.434308,0.107280,0.219848,0.248878,0.281909,0.097570,0.247695,0.293648,0.241461,0.307045,0.007641,0.060521,0.338056,0.167615,0.140163,0.233699,0.241220,0.240601,0.092878,0.228897,0.144580,0.353121,0.283440,0.181122,0.183003,0.139825,0.303798,0.093399,0.126193,0.316324,0.166536,0.281853,0.310917,0.203803,0.214364,0.292437,0.058215,0.353424,0.224728,0.183407,0.136162,0.316830,0.143141,0.210603,0.162204,0.249705,0.247181,0.151313,0.248216,0.259614,0.306362,0.141924,0.280212,0.270811,0.072030,0.261826,0.267802,0.337378,0.066909,0.225102,0.241415,0.246739,0.213441,0.243535,0.177378,0.124838,0.159392,0.135851,0.201476,0.197492,0.173379,0.100843,0.098106,0.319726,0.138765,0.019580,0.162488,0.241031,0.156482,0.161507,0.396363,0.174998,0.100676,0.303296,0.203561,0.187122,0.329342,0.340847,0.251670,0.256073,0.304238,0.346281,0.219609,0.182063,0.228881,0.334144,0.181485,0.248650,0.265758,0.231735,0.199612,0.138981,0.185595,0.232225,0.260871,0.227660,0.210561,0.061874,0.155729,0.112433,0.169088,0.315855,0.105818,0.052701,0.181146,0.219993,0.317536,0.278376,0.260302,0.365425,0.318871,0.185501,0.171238,0.152764,0.230342,0.039642,0.172577,0.240679,0.147214,0.176719,-0.023385,0.016858,0.246841,0.257628,0.255639,0.129281,0.197909,0.198901,0.322757,0.333257,0.149960,-0.003763,0.198530,0.196704,0.207694,0.133731,0.123615,0.114648,0.247679,0.306058,-0.002522,0.184457,0.224908,0.250980,0.267060,0.286470,0.194266,#
4,0.277174,0.206938,0.182911,0.290932,1.000000,0.292055,0.103234,0.053994,0.318612,0.166519,0.157057,0.074370,0.200942,0.142506,0.130108,0.182056,0.119363,0.258211,0.234142,0.370598,0.326349,0.208223,0.181910,0.336650,0.140562,0.270476,0.060451,0.073501,0.188792,0.100590,0.085951,0.138117,0.143865,0.109894,0.062332,0.292128,0.369384,0.168650,0.135760,0.086508,0.283446,0.425015,0.212243,0.107161,0.272910,0.142820,0.367181,0.213679,0.201518,0.303148,0.195860,0.116585,0.142217,0.171922,0.195151,0.353983,0.251656,0.161530,0.246977,0.123035,0.250068,0.229219,0.143239,0.021752,0.197246,0.116892,0.272268,0.150502,0.153922,0.182521,0.180886,0.182249,0.258815,0.241315,0.143353,0.023176,0.105184,0.325423,0.279859,0.012344,0.407186,0.238045,0.056188,0.049766,0.416872,0.066272,0.154419,0.216671,0.227060,0.258453,0.241338,0.140971,0.122920,0.237184,0.161389,0.347029,0.246035,0.190112,0.166419,0.112434,0.161884,-0.042095,0.280927,0.249098,0.194337,0.147106,0.082628,0.231829,0.073188,0.109130,0.341500,0.225118,0.314093,0.438982,0.236974,0.057968,0.206018,0.019377,0.067553,-0.015142,0.187691,0.222042,0.220488,0.073581,0.336089,0.026625,0.254233,0.086738,0.174895,0.130200,0.276764,0.110472,0.262442,0.170567,0.269783,0.210560,0.317068,0.129016,0.167589,0.226241,0.301101,0.076635,0.262267,0.176500,0.206197,0.291714,0.057211,0.239879,0.278081,0.110015,0.175123,0.075337,0.193144,0.340534,0.283250,0.084207,0.306678,0.176812,0.072924,0.253685,0.191773,0.168000,0.140564,0.249774,0.077100,0.280670,0.066134,0.132579,0.104441,0.212006,0.119664,0.110788,0.302966,0.170876,0.196520,0.266875,0.283568,0.283106,0.181877,0.137650,0.072025,0.050406,0.304799,0.160971,0.079110,0.163988,0.119796,0.313073,0.242750,0.217501,0.217410,0.129156,0.184684,0.001823,0.144248,0.205650,0.137693,0.309578,0.241580,0.296582,#
5,0.141422,0.193807,0.097651,0.285475,0.292055,1.000000,0.209882,0.170674,0.320889,0.269400,0.260480,0.141503,0.261257,0.180299,0.248777,0.089298,0.168622,0.223979,0.154135,0.154828,0.262882,0.148970,0.120929,0.196818,0.184913,0.200375,0.197189,0.264780,0.205562,0.188231,0.164931,0.239525,0.299961,0.195453,0.093446,0.195420,0.319750,0.178732,0.192967,0.233320,0.179781,0.242363,0.157990,0.213692,0.104073,0.150321,0.210326,0.031194,0.151524,0.287627,0.105861,0.184715,0.124851,0.020400,0.167551,0.272061,0.040445,0.081506,0.214228,0.105224,0.156934,0.074315,0.240585,0.041880,0.213047,0.219285,0.289617,0.132358,0.177470,0.162211,0.168657,0.169030,0.314645,0.366598,0.108394,0.051944,0.197023,0.179621,0.245228,0.144142,0.189111,0.270464,0.255818,-0.043597,0.198927,0.048666,0.133866,0.117510,0.210130,0.093688,0.025336,0.238674,0.213533,0.323340,0.137760,0.319949,0.150073,0.081640,0.186192,0.002808,0.172126,0.179583,0.095427,0.176671,0.172886,0.151811,0.126876,0.210360,0.034206,0.094389,0.330957,0.151234,0.165164,0.164806,0.158286,0.146015,0.258640,0.127138,0.069547,0.036247,0.066261,0.203413,0.094843,0.294832,0.126861,0.124381,0.037865,0.006344,0.302125,0.220613,0.280318,0.195545,0.278716,0.144975,0.368573,0.377314,0.180964,0.182511,0.068425,0.060764,0.285107,0.200627,0.212217,0.248127,0.246293,0.196583,0.147176,0.167588,0.011612,0.227614,0.248448,-0.035822,0.220512,0.281713,0.226150,0.225593,0.160834,0.064479,0.245766,0.136313,0.209552,0.250733,0.209368,0.192621,0.111501,0.120734,0.141993,0.217755,0.250826,0.272235,0.232936,0.151299,0.206676,0.044174,0.002151,0.284662,0.242007,0.177635,0.272821,0.025388,0.132346,0.103073,0.396021,0.184544,0.030849,0.232067,0.270922,0.128475,0.177273,0.095446,0.128218,0.152096,0.255839,0.198336,0.334596,0.036681,0.077950,0.337605,0.133578,0.285376,#
6,0.087832,0.309094,0.252336,0.334300,0.103234,0.209882,1.000000,0.175238,0.247095,0.106501,0.258701,0.203679,0.049768,0.230321,0.112623,0.140634,0.164403,0.167901,0.236957,0.168226,0.222750,0.146821,-0.033689,0.064450,0.099154,0.181457,0.125426,0.157570,0.186799,0.206784,0.137015,0.226154,0.144674,0.197323,-0.072320,0.052741,0.099658,0.242756,0.168725,0.177160,0.146780,0.061713,0.078529,0.198942,0.101531,0.161714,0.237466,0.246725,0.121382,0.192834,0.153223,0.139430,0.260849,0.178077,-0.102831,0.101128,0.107008,0.163229,0.286553,0.369354,0.196079,0.124220,0.189175,0.184477,0.221241,0.409756,0.216093,0.249870,0.217819,0.176132,0.069572,0.154655,0.257466,0.150585,0.274077,0.191709,0.215749,0.286641,0.311204,0.100359,0.171145,0.098609,0.319747,0.122113,0.275294,0.071327,0.150614,0.196710,0.129935,0.196039,0.177292,0.176057,0.168265,0.230759,0.140083,0.155233,0.172194,0.082447,0.231187,0.197672,0.217974,0.283392,0.218138,0.103516,-0.142294,0.264227,0.160009,0.115448,0.163708,0.172564,0.188419,0.227603,0.122368,-0.011413,0.129579,0.290025,0.328507,0.062695,0.163058,0.118788,0.210782,0.255907,-0.001898,0.120504,0.143473,-0.002616,0.055128,0.225242,0.074908,0.256977,0.179218,0.106682,0.218068,0.066870,0.298329,0.254813,0.127694,0.324437,0.170189,0.189089,0.150123,0.115665,0.063331,0.320537,0.068012,0.114024,0.144141,0.024468,0.210070,-0.111883,0.219662,-0.005769,0.232818,0.025333,0.338202,0.036567,0.026094,0.195629,0.153270,0.061014,0.060523,0.314001,0.313759,0.272546,0.250109,0.181035,0.080115,0.204924,0.148206,0.282377,-0.011292,0.047366,0.209569,0.097522,0.094588,0.206325,0.095847,0.297182,0.298413,0.009766,0.041086,0.157588,0.215518,0.337743,0.252027,0.217478,0.122601,0.179289,0.217064,0.314134,0.152661,0.156386,0.228119,0.166707,0.066919,0.085552,0.093130,0.188975,0.162452,0.289269,#
7,0.019745,0.123589,0.243413,0.145087,0.053994,0.170674,0.175238,1.000000,0.156259,0.137786,0.275176,0.388399,0.054313,0.191735,0.230421,0.135969,0.108344,0.351052,0.098829,0.224582,0.146198,0.246961,0.142754,0.054632,0.197750,0.092331,0.216015,0.322628,0.024500,0.283773,0.139658,0.045960,0.210368,0.062497,-0.006925,0.160611,-0.064315,-0.043542,0.170461,0.124801,0.199586,0.173670,0.163409,0.191365,0.169336,0.165861,0.059180,0.192877,0.217317,0.190056,0.166001,0.094627,0.087365,0.166157,0.083002,0.142772,0.196561,0.237946,0.225885,0.087917,0.245585,0.057865,0.186943,0.163266,0.280463,0.194202,0.199789,-0.017493,0.132174,0.247492,0.142221,0.026107,0.296479,0.174958,0.057207,0.131793,0.032571,0.239051,0.213343,0.239291,0.251859,0.070298,0.232909,0.088908,0.233725,0.053037,0.067167,0.063902,0.188508,0.186088,0.007830,0.107356,0.188138,0.251099,-0.013339,0.113231,0.036693,0.172528,0.023427,0.096190,0.206429,0.033974,0.130385,0.094578,-0.058902,0.241922,0.381642,0.120941,0.078761,0.141281,-0.002247,0.047681,0.065540,0.158066,0.282511,0.233649,-0.022439,0.045782,-0.002019,0.216944,0.133512,0.205810,0.072480,0.181517,0.212730,0.096976,0.173945,0.157766,0.123292,0.104410,0.163340,0.131109,0.213929,0.096209,0.392665,0.212432,0.027906,0.430265,0.065792,0.187191,0.294017,0.066731,0.015425,0.076897,0.161368,0.115323,0.216274,0.161055,0.129752,0.118804,0.162736,0.214386,0.069991,0.014952,0.030288,0.151689,0.215955,0.080942,0.253616,0.168845,0.114044,0.209711,0.224843,0.145740,0.077045,0.224546,0.275948,0.191217,0.080429,0.145964,0.158065,0.125915,0.165747,0.039812,0.085310,0.071796,0.092766,0.146658,0.014385,0.184424,0.185528,0.129547,0.180355,0.260791,-0.228794,0.122095,0.062625,0.044350,0.160421,0.223648,0.254856,-0.014135,0.255713,0.121554,0.157341,0.075981,0.013547,0.108634,0.267318,0.133755,#
8,0.250268,0.277997,0.160889,0.257360,0.318612,0.320889,0.247095,0.156259,1.000000,0.166869,0.265049,0.249346,0.199738,0.101248,0.283323,0.120164,0.099568,0.185028,0.153712,0.229814,0.237208,0.182648,0.111006,0.341783,0.139602,0.174894,0.109235,0.195455,0.002868,0.183792,0.039549,0.218261,0.107718,0.142534,0.050152,0.231449,0.301884,0.050959,0.194501,0.208163,0.210112,0.201693,0.068954,0.162605,0.299649,0.220596,0.111856,0.189047,0.116026,0.167763,0.105724,0.308166,0.107608,0.322847,0.126654,0.304785,0.121412,0.283693,0.177105,0.266296,0.208512,0.092581,0.304839,-0.038933,0.334386,0.347894,0.180091,0.134373,0.373281,0.200358,0.024022,0.120690,0.334985,0.084973,0.151114,0.058589,0.101987,0.214882,0.174801,0.063431,0.214401,0.257100,0.260279,0.070361,0.367054,0.118235,0.140061,0.211167,0.233599,0.262952,0.108080,0.302658,0.207483,0.116592,0.355879,0.364754,0.216768,0.098733,0.211398,0.078528,0.212044,0.048098,0.151528,0.153067,0.233560,0.226121,0.307296,0.175277,-0.004545,0.133857,0.132979,0.167622,-0.036083,0.267003,0.111658,0.286980,0.213557,0.142719,0.017802,0.257687,0.261444,0.159024,0.126190,0.162648,0.220754,0.233172,0.164438,0.289107,0.086732,0.232922,0.204393,0.030310,0.233425,0.118544,0.322884,0.231614,0.153466,0.318931,0.305018,0.142691,0.274867,0.154526,0.144938,0.088879,0.093291,0.124530,0.164653,0.244613,0.120466,0.181159,0.259410,0.036243,0.171899,0.161605,0.366577,0.271691,0.175418,0.204228,0.154596,0.209442,0.078949,0.184391,0.094384,0.171567,0.224134,0.136625,0.236982,0.181977,0.159606,0.170805,0.225629,0.087039,0.121698,0.078664,0.003846,0.276134,0.135988,0.279534,0.239822,0.150583,0.179336,0.168176,0.107022,0.169673,0.058383,0.217955,-0.021715,0.055835,0.322126,0.292734,0.237035,0.120776,0.175177,0.054109,0.283429,-0.002026,0.121514,-0.000948,0.115786,0.181290,#
9,0.119349,0.043346,0.140204,0.047817,0.166519,0.269400,0.106501,0.137786,0.166869,1.000000,0.337213,0.026668,-0.012594,0.204978,0.161963,0.161559,0.073193,0.050950,-0.071068,0.292026,0.071261,0.096957,0.004511,0.028484,-0.033626,0.054006,0.235796,0.084885,0.093181,0.146692,0.212342,0.128447,0.015833,0.180933,0.157730,0.113985,-0.005778,0.213981,0.096078,-0.034524,0.272875,0.222830,0.086434,-0.092961,0.068656,0.180987,0.122783,0.117371,0.071332,0.094359,0.054980,0.279635,0.112739,0.092548,0.073846,0.258216,0.142049,0.213918,0.159660,-0.047725,0.193648,0.045383,0.270001,0.033836,0.181062,0.183219,-0.011568,-0.008066,0.141792,0.032222,0.143903,0.208120,0.158926,0.162082,0.059720,0.107085,0.030397,0.112055,0.291545,0.146833,0.098416,0.298514,-0.072516,0.024706,0.228610,0.109652,0.180385,0.119901,-0.080957,-0.046109,-0.104867,0.158637,0.154355,-0.005094,0.133327,0.176683,0.121631,0.136078,0.119421,0.009677,0.103179,0.193134,0.258184,0.131484,0.245392,0.149221,0.113812,0.050327,0.200451,0.048517,0.082756,0.117747,0.077215,0.237297,0.058220,0.140954,0.030773,0.208486,0.210434,-0.053328,0.163655,0.274821,0.003239,0.205491,0.104865,0.189823,-0.110442,0.150638,0.155202,0.219769,0.194469,0.004510,0.067753,0.078414,0.151817,0.168151,0.213265,0.293153,0.143093,-0.085465,0.099693,0.205230,0.162464,0.029260,0.068900,0.175366,0.123043,0.227883,0.136048,0.350323,0.048045,-0.103096,0.342394,0.313261,0.201741,0.264728,0.152687,0.185271,0.341369,0.054780,0.166558,0.084729,-0.023182,0.318969,0.089787,0.023221,0.072640,0.108361,0.283380,0.036939,0.131403,0.129519,0.114586,0.064174,-0.042702,0.144737,0.180448,0.059990,0.053754,0.109041,0.014838,0.134884,0.265537,0.181160,-0.021438,0.167442,0.142104,0.173832,0.290985,0.107547,0.078724,0.122737,-0.004648,0.161422,0.147969,0.137822,0.083762,0.014348,0.157600,0.220376,#
10,0.198191,0.349536,0.302957,0.263858,0.157057,0.260480,0.258701,0.275176,0.265049,0.337213,1.000000,0.167059,0.090955,0.219955,0.235294,0.082277,0.193134,0.263572,0.300760,0.283716,0.097732,0.186328,-0.065346,0.194063,0.114326,0.104946,0.221696,0.267320,0.124149,0.268828,0.265471,0.215680,0.198008,0.114111,0.098051,0.235710,0.065944,0.198223,0.359296,0.093014,0.225515,0.132284,0.228265,0.078834,-0.018431,0.177287,0.240763,0.235769,0.239217,0.220084,0.225042,0.259685,0.104842,0.152420,0.054029,0.291738,0.122351,0.185684,0.153961,0.186112,0.119263,0.223579,0.161427,0.229328,0.379381,0.363228,0.188217,0.094722,0.204738,0.172286,0.148992,0.174176,0.325769,0.242860,0.134294,0.238957,0.184541,0.116142,0.239132,0.135163,0.229544,0.160506,0.212442,0.205665,0.317735,0.028588,0.300079,0.146799,0.091862,0.142727,-0.036336,0.089847,0.254488,0.127038,0.230729,0.297613,0.301819,0.022061,0.218997,0.169201,0.127484,0.112792,0.245139,0.131310,0.197447,0.141773,0.219835,0.262158,0.105961,0.119161,0.140507,0.288132,0.147401,0.170649,0.349613,0.289843,0.149543,0.108724,0.138008,0.018433,0.119319,0.230681,0.112195,0.208384,0.196298,0.054233,0.097404,0.192067,0.132501,0.302223,0.373741,0.135917,0.234055,0.053825,0.267076,0.247885,0.215917,0.414992,0.207028,0.119745,0.325274,0.125931,0.234356,0.164887,0.176738,0.130239,-0.011333,0.122198,0.179625,0.183848,0.147318,0.166541,0.323382,0.059024,0.307451,0.207371,0.197747,0.013039,0.260269,0.206316,0.169180,0.176407,0.352973,0.287282,0.233755,0.148507,0.279322,0.237090,0.213888,0.155613,0.219731,0.196652,0.125326,0.110770,0.070784,0.119119,0.185299,0.224158,0.147156,0.253339,0.247992,0.179089,0.315371,0.125618,0.123197,0.250485,0.141790,0.065735,0.230767,0.166697,0.290630,0.096946,0.151482,0.100723,0.301079,0.089939,0.028981,0.249143,0.379318,0.427494,#
11,0.065780,0.264552,0.370449,0.276947,0.074370,0.141503,0.203679,0.388399,0.249346,0.026668,0.167059,1.000000,0.120057,0.156059,0.018120,0.124702,0.079908,0.285466,0.177351,0.062682,0.063475,0.248470,-0.015285,0.198339,0.333936,0.264523,0.024357,0.284973,-0.109277,0.316964,0.258252,0.211564,0.159169,0.146106,0.063642,0.181477,0.206498,0.044721,0.187729,0.116210,0.247619,0.236956,0.280168,0.334915,0.053244,0.295176,0.135230,0.152883,0.192170,0.128217,0.281987,0.227787,0.152559,0.247271,-0.085122,0.135947,0.232217,0.255047,0.287006,0.078917,0.106746,0.027937,0.326377,0.170499,0.244871,0.346382,0.213296,0.271560,0.186138,0.266285,0.025251,-0.045024,0.292585,0.131892,0.087422,0.146599,0.115610,0.150633,0.291166,0.162167,0.287883,0.063465,0.222716,0.128881,0.271215,-0.061081,0.178097,0.279285,0.216370,0.073160,0.022815,0.259172,0.395982,0.468812,0.104791,0.270813,0.051089,0.162074,0.217414,0.243998,0.262291,0.047461,0.084650,0.171896,0.053015,0.318471,0.303691,0.229432,0.203944,0.069542,0.194635,0.132738,0.164461,0.184078,-0.026055,0.383037,0.111249,0.103793,0.013323,0.150835,0.137884,0.233730,0.213865,0.177022,0.188483,0.166572,0.224213,0.278984,0.234683,0.179935,0.114547,0.252682,0.271269,0.260958,0.230721,0.196029,0.011894,0.427001,0.035107,0.246419,0.168918,0.146881,0.136476,0.149507,0.153077,0.214262,0.163736,0.128482,0.221293,0.098588,0.055957,0.317822,0.166486,0.155954,0.285701,0.144124,0.128003,-0.007439,0.206595,0.219076,0.176485,0.260366,0.143255,0.161995,0.201815,0.159327,0.323671,0.198415,0.189435,0.254207,0.262027,0.128241,0.076544,-0.032844,0.122774,0.269445,0.237040,0.219770,0.126765,0.151540,0.256556,0.153661,0.119559,0.150252,-0.163158,0.274187,0.115453,0.147834,0.145103,0.140310,0.113268,-0.000053,0.292647,0.046443,0.288180,0.106865,0.129366,0.178382,0.219090,0.161468,#
12,0.114361,0.183171,0.199534,0.230613,0.200942,0.261257,0.049768,0.054313,0.199738,-0.012594,0.090955,0.120057,1.000000,-0.021168,0.169404,0.092827,0.226520,0.119177,0.195623,0.355618,0.101834,0.094965,0.107500,0.205951,0.024337,0.113217,0.180886,0.145664,0.078584,0.227334,-0.052615,0.295444,0.193624,0.199815,0.129094,0.332761,0.275878,0.010635,0.239035,0.017466,0.236258,0.081981,0.217362,0.269599,0.250546,0.146258,0.161571,-0.043485,0.159456,0.145383,0.272455,0.097157,0.138203,0.149144,0.097681,0.135450,0.048404,0.156858,0.162454,-0.001845,0.094445,0.119892,0.101104,0.166803,0.273454,0.157495,0.150020,0.149145,0.136740,0.063587,-0.018583,0.170856,0.146225,0.072978,0.267627,0.118100,0.137065,0.059317,0.108518,-0.084145,0.209500,0.132599,0.033164,0.123306,0.237938,0.207246,0.069829,0.236422,0.175968,0.073607,0.132543,0.149776,-0.021935,0.281763,0.160738,0.192638,0.247729,0.082831,0.169925,-0.016723,0.272553,0.127702,0.060623,0.082612,0.240460,0.141767,0.246176,0.127277,-0.003383,0.136919,0.210446,0.033296,0.108390,0.186197,0.028121,0.043123,0.133207,0.132147,0.110482,0.152803,0.180193,0.108699,0.239609,0.165129,0.185151,-0.034535,0.299970,0.038693,0.092180,0.043760,0.172563,0.058358,0.084272,0.100552,0.133916,0.141475,0.193581,0.141033,0.167076,0.138283,0.241849,0.010756,0.113873,0.050022,0.031356,0.081762,0.002082,0.197967,0.163616,0.060958,0.067789,0.233239,0.097651,0.098755,0.009126,0.086354,0.059407,-0.052019,0.073606,0.136237,-0.001093,0.321726,0.190330,0.276144,0.082227,0.026884,0.304767,0.021135,0.092405,0.222423,0.126506,0.092492,0.162914,0.123671,0.135558,0.072148,0.193834,0.304585,0.001894,0.225051,0.163212,0.131326,0.277623,0.195061,0.107583,0.140955,0.087486,0.200789,0.075827,-0.064425,0.210478,0.116210,0.146028,0.100753,0.044613,0.082465,0.100352,0.188007,0.201452,0.148207,#
13,0.026941,0.218842,0.336365,0.197569,0.142506,0.180299,0.230321,0.191735,0.101248,0.204978,0.219955,0.156059,-0.021168,1.000000,0.248684,0.132410,0.221047,0.059603,0.188629,0.242693,0.207903,0.201061,-0.093547,0.167507,0.147397,0.260795,0.305815,0.172914,0.122459,0.142996,0.217822,0.243888,0.205328,0.182420,0.107717,0.088490,0.082448,0.138517,0.067975,0.100228,0.110054,0.225034,0.205737,0.218289,0.094141,0.198455,0.187648,0.183663,0.108153,0.179029,0.192488,0.175380,0.298708,0.187826,0.111720,0.262476,0.108494,0.240843,0.196482,0.226009,0.227313,0.087144,0.329723,0.077525,0.165720,0.233401,0.396894,0.134691,0.319869,0.170744,-0.048023,0.069338,0.192385,0.123014,0.298759,0.168750,0.310072,0.297310,0.297293,0.092244,0.215685,0.307821,0.065948,0.374434,0.307826,0.008260,0.262947,0.283537,0.221498,0.175917,0.068396,0.200463,0.238970,0.286911,0.069132,0.198950,0.219858,0.039608,0.172086,0.207662,0.290982,0.177400,0.284419,0.221499,0.063230,0.236664,0.285109,0.221249,0.331006,0.195513,0.113668,0.173728,0.343763,0.186840,0.188517,0.211537,0.331165,0.225404,0.043105,0.167892,0.350503,0.257293,0.154456,0.292213,0.284952,0.078539,0.054716,0.061258,0.336566,0.238507,0.160754,0.139377,0.098824,0.106042,0.335132,0.272812,0.263515,0.230484,0.333789,0.199121,0.011602,0.086531,0.376764,0.138944,0.242511,0.327204,0.126454,0.278339,0.031830,0.203782,0.124957,0.143259,0.203832,0.276775,0.238379,0.221426,0.065741,0.307250,0.215212,0.311897,0.021494,0.370992,0.111776,0.388105,0.192166,0.173427,0.098792,0.138131,0.195800,0.285032,0.167208,0.280074,0.186940,0.136217,0.137803,0.267512,0.153021,0.150282,0.276980,-0.048889,0.141421,0.201538,0.212210,0.292147,0.126146,0.259716,0.209050,0.172702,0.116743,0.230147,0.154637,0.227453,0.198909,0.070034,0.128252,0.204991,0.119464,0.169806,0.238331,0.216944,#
14,0.303888,0.127790,0.071755,0.140178,0.130108,0.248777,0.112623,0.230421,0.283323,0.161963,0.235294,0.018120,0.169404,0.248684,1.000000,0.245932,0.151031,0.244355,0.228995,0.389286,0.166404,0.108857,0.165660,0.308805,0.129406,0.089766,0.247604,0.259955,0.191047,0.198579,0.036335,0.174801,0.159569,0.042553,0.115158,0.184708,0.156445,0.195360,0.161537,0.258672,0.247240,0.117933,0.270819,0.059485,0.163536,0.302734,0.155457,0.134499,0.138441,0.123014,0.307767,0.067079,0.233626,0.204963,0.392408,0.285111,0.231389,0.106067,0.149910,0.077823,0.321177,0.213883,0.091769,0.122124,0.234943,0.141486,0.283531,0.206006,0.249321,0.164987,0.033176,0.201080,0.146977,0.310463,0.152987,0.125050,0.113357,0.192874,0.157811,0.198178,0.256675,0.187351,0.193243,0.263565,0.307874,0.248779,-0.018835,0.129262,0.157472,0.126784,0.232886,0.166487,0.230767,0.185620,0.281856,0.138155,0.254410,0.089918,0.083306,0.119851,0.220993,0.185260,0.131296,0.234430,0.160109,0.259745,0.369515,0.358994,0.131429,0.168714,-0.020274,-0.017169,0.168776,0.145167,0.141932,0.143802,0.153362,0.217846,0.186241,0.216078,0.406375,0.221995,0.006861,0.150797,0.247502,0.075851,0.157067,0.162814,-0.016984,0.327163,0.153903,0.204636,0.186609,-0.009408,0.180869,0.081187,0.199517,0.189390,0.071742,0.131851,0.330911,0.259457,0.252011,0.094302,0.088079,0.269885,0.101119,0.134229,0.002479,0.046604,0.199331,0.029345,0.015366,0.205654,0.205398,0.152852,0.213732,0.171228,0.164679,0.128518,0.100792,0.205825,0.067139,0.136334,0.207568,-0.000672,0.193103,0.183875,0.088208,0.219390,0.311783,0.264505,0.248333,0.121129,0.110264,0.086173,0.388236,0.281161,0.274864,0.206064,0.085949,0.205540,0.229294,0.199229,0.233899,0.206337,0.205113,0.045257,0.129356,0.229804,0.096612,0.207902,0.176292,0.220095,0.215229,-0.005717,-0.012806,0.191785,0.275145,0.213114,#
15,0.147551,0.015004,0.231098,0.135151,0.182056,0.089298,0.140634,0.135969,0.120164,0.161559,0.082277,0.124702,0.092827,0.132410,0.245932,1.000000,0.261604,0.234856,0.192563,0.200064,0.060727,0.097825,0.126420,0.216032,0.097818,0.285083,0.198653,0.160359,0.165929,0.134096,0.109497,0.209839,0.071711,0.231707,0.049896,0.039079,0.147367,0.084686,0.195568,0.031214,0.210801,0.199359,0.168940,0.175114,0.178202,0.162339,-0.077224,0.139727,-0.027031,0.187140,0.016034,0.145639,0.221831,0.127088,0.110624,0.148692,0.061131,0.164283,0.212572,0.206607,0.155985,0.029163,0.285834,0.031568,0.138919,0.188183,0.140296,0.226953,0.206700,0.038321,0.133364,0.205816,0.120315,0.137466,0.147644,0.127951,-0.019046,0.320164,0.101632,0.159610,0.225332,0.085896,0.037769,0.285934,0.185358,0.084769,0.075244,0.206906,0.195954,0.140668,-0.002033,0.154510,0.189521,0.258408,0.096576,0.148302,0.302532,0.044382,0.097641,-0.054910,0.215443,0.087124,0.131948,0.129609,-0.032795,0.236214,0.163906,0.154802,0.065241,0.195400,-0.000764,0.162574,0.029007,0.088815,0.137330,0.259083,0.138219,-0.002954,0.076827,0.027377,0.280473,0.226018,0.072432,0.276822,0.230785,-0.107338,0.081902,0.097215,0.162725,0.118000,0.110945,0.222139,0.083924,0.145125,0.207786,0.187912,0.079536,0.119716,0.053194,-0.061251,0.020579,0.201355,0.125361,0.076597,0.202952,0.053493,0.079030,0.188457,0.307319,0.169266,0.147592,-0.053746,0.110123,0.384563,0.048755,0.340200,0.092633,0.177106,0.189955,0.094713,0.065616,0.040186,0.211591,0.185895,0.107978,0.142226,0.212391,0.135024,0.161818,0.077852,-0.026946,0.073965,0.216205,-0.073919,0.163118,-0.017032,0.288871,0.050309,-0.089122,0.156318,0.214306,0.151677,0.155123,0.290128,-0.007936,0.189416,0.021925,0.135605,0.108822,0.142161,-0.035196,0.172286,0.151473,0.064849,0.084361,0.070269,0.012627,0.148797,0.122310,0.010735,#
16,0.131186,0.166208,0.146450,0.220732,0.119363,0.168622,0.164403,0.108344,0.099568,0.073193,0.193134,0.079908,0.226520,0.221047,0.151031,0.261604,1.000000,0.169757,0.195849,0.276662,0.227075,0.165430,0.229990,0.112594,-0.067768,0.316250,0.158439,-0.038840,0.064731,0.216062,0.137399,0.249036,-0.016931,0.308803,0.020652,0.215963,0.141959,0.060545,0.189168,0.158716,0.098645,0.162108,0.130783,0.123330,0.202444,0.306512,0.085982,0.113377,0.123132,0.049705,0.107133,0.222051,0.310523,0.073068,0.157361,0.108226,0.040212,0.116254,0.204234,0.058001,0.098307,0.249686,0.302408,0.239656,0.263931,0.166291,0.191278,0.328501,0.093602,0.201865,-0.004884,0.240031,0.286959,0.034815,0.113970,0.240088,0.067504,0.307435,0.190518,0.118171,0.069022,0.181591,0.052808,0.102069,0.128439,0.105191,0.255256,0.169182,0.173414,0.039262,0.069596,0.222818,0.081124,0.152571,0.139163,0.082547,0.269372,-0.043366,0.082815,0.189093,0.164542,0.071268,-0.046725,0.100913,0.156151,0.086995,0.203882,0.027167,-0.074712,0.180760,0.107311,0.156772,0.141853,0.125049,0.240204,0.292343,0.101185,0.090142,-0.048501,0.171878,0.162941,0.116440,0.174070,0.221470,0.242905,-0.092514,0.081646,-0.010478,0.115002,0.235919,0.089447,0.115500,0.359792,-0.108071,0.380912,0.272334,0.069044,0.248800,0.162947,0.217395,0.006184,0.150078,0.112056,0.174194,0.269542,0.143039,-0.088540,0.159987,0.216519,0.093586,0.038532,0.110029,0.102019,0.155854,0.174715,0.184078,0.001869,0.091292,0.165910,0.204951,0.011354,0.272903,0.307243,0.333785,0.125891,0.092949,0.308570,0.156369,0.043081,0.051497,0.032325,0.050628,0.062150,-0.060960,0.142137,0.229360,0.098610,0.095473,0.116756,0.117148,0.098679,0.150757,0.238795,0.022438,0.017542,0.193686,0.297593,0.168317,0.122648,0.102100,0.234399,-0.105221,-0.043881,0.094465,0.210132,0.225760,0.014498,0.216939,0.097710,0.051898,#
17,0.289009,0.188195,0.099888,0.272693,0.258211,0.223979,0.167901,0.351052,0.185028,0.050950,0.263572,0.285466,0.119177,0.059603,0.244355,0.234856,0.169757,1.000000,0.195946,0.360555,0.354106,0.129629,0.141900,0.281178,0.145612,0.190780,0.083922,0.131820,0.100048,0.271686,0.107682,0.138333,0.362871,0.121298,0.009114,0.203546,0.070159,0.213920,0.303238,0.084140,0.307916,0.201196,0.114725,0.303699,0.136293,0.190277,0.168460,0.128144,0.231365,0.209678,0.247384,0.076886,0.034051,0.132634,0.148971,0.246062,0.340531,0.241762,0.247839,0.199528,0.260694,0.109990,0.184028,0.118342,0.219297,0.251356,0.278388,0.263813,0.201961,0.282677,0.086689,0.197444,0.270006,0.181443,0.174624,0.201003,0.088718,0.285144,0.105757,0.281538,0.187706,0.135847,0.434628,0.139070,0.248009,-0.067820,0.144643,0.181152,0.264130,0.183821,0.031281,0.159520,0.250090,0.294250,0.062335,0.196139,0.309927,0.355669,0.186666,0.192744,0.165029,-0.009374,0.165294,0.193463,0.078389,0.318594,0.224688,0.220708,0.029960,-0.061959,0.173764,0.160127,0.148379,0.311144,0.114531,0.279296,0.144116,0.072539,0.016082,0.184296,0.119456,0.248335,0.108339,0.260969,0.409296,0.014273,0.169774,0.228367,0.104151,0.171919,0.118545,0.212286,0.312165,0.182916,0.263906,0.287602,0.255777,0.311343,0.132273,0.319388,0.256949,0.197641,0.113056,0.192373,0.232945,0.189904,-0.048026,0.027265,0.112075,-0.011688,0.153193,-0.038440,0.005739,0.283240,0.254990,0.170910,0.132578,0.101919,0.365354,0.323465,0.225827,0.296183,0.285816,0.166809,0.164186,0.220585,0.233022,0.322371,0.114083,0.174737,0.326631,0.059684,0.116310,0.079945,0.175246,0.027895,0.261392,0.178643,-0.054356,0.342304,0.042766,0.276843,0.260624,0.197115,0.019481,0.170535,0.162310,0.192366,0.286386,0.202072,0.224440,0.227882,0.235518,0.045456,0.344722,0.144154,0.164662,0.142845,0.236366,0.234180,#
18,0.260599,0.115636,0.201424,0.225191,0.234142,0.154135,0.236957,0.098829,0.153712,-0.071068,0.300760,0.177351,0.195623,0.188629,0.228995,0.192563,0.195849,0.195946,1.000000,0.233148,0.213706,0.173963,-0.001079,0.318415,0.279612,0.141591,0.200560,0.278306,0.133297,0.165984,0.168715,0.105040,0.246338,0.124596,0.156984,0.303405,0.262454,0.124013,0.188133,0.248594,0.153463,0.264740,0.196945,0.256645,0.139629,0.167062,0.139140,0.140091,0.085270,0.232615,0.244434,0.027932,0.262019,0.173330,0.093095,0.171708,0.157713,0.146953,0.153709,0.034741,0.127626,0.115935,0.219556,0.162507,0.120515,0.280250,0.317834,0.306151,0.157065,0.008316,0.013086,0.118322,0.126023,0.040020,0.092823,0.234950,0.093437,0.256277,0.280898,0.112702,0.258936,0.091870,0.213737,0.277887,0.248230,-0.053514,0.253697,0.048927,0.187611,0.118488,0.252009,0.103497,0.196892,0.297482,0.192482,0.313949,0.312054,0.121368,0.234658,0.262879,0.118308,0.252751,0.236186,0.179334,0.273477,0.298251,0.198571,0.208935,0.189225,0.234081,0.183105,0.361939,0.152901,0.104040,0.142707,0.193468,0.140390,-0.010343,0.198383,0.203886,0.125779,0.166232,0.139924,0.110428,0.251737,-0.004349,0.184777,0.101214,0.247896,0.207176,0.240650,0.275831,0.187732,0.136157,0.274537,-0.011790,0.185464,0.293467,0.058940,0.248571,0.235548,0.038602,0.187281,0.098122,0.207224,0.198196,-0.009891,0.083230,0.135688,0.034979,0.114917,0.214906,0.199556,0.143851,0.184885,0.263354,0.262857,0.192319,0.025058,0.321956,0.153773,0.225073,0.178047,0.206152,0.150891,0.162934,0.232426,0.235073,0.115992,0.201266,-0.009830,0.069566,0.238373,0.052390,0.045602,0.177611,0.234356,0.271900,0.323355,0.091803,0.166743,0.177625,0.304677,0.094978,0.169643,0.133691,0.266775,0.227225,0.144844,0.167967,0.155479,0.286439,0.256331,0.097314,0.200123,0.053839,0.063369,0.280146,0.333436,0.223999,#
19,0.336791,0.199498,0.208294,0.226440,0.370598,0.154828,0.168226,0.224582,0.229814,0.292026,0.283716,0.062682,0.355618,0.242693,0.389286,0.200064,0.276662,0.360555,0.233148,1.000000,0.224101,0.262329,0.178937,0.240081,0.042785,0.330067,0.284256,0.166226,0.207053,0.347312,0.075481,0.314386,0.254704,0.153033,0.191380,0.336738,0.068419,0.102088,0.387163,0.134814,0.254173,0.268315,0.126476,0.128278,0.124995,0.277392,0.297675,0.378607,0.137184,0.296476,0.271621,0.173647,0.148894,0.318641,0.223020,0.270543,0.222951,0.222104,0.236854,0.149446,0.319895,0.194668,0.220949,0.219962,0.349797,0.243771,0.229507,0.283939,0.219198,0.267510,0.199723,0.306834,0.293342,0.086810,0.272852,0.383171,0.133140,0.351656,0.371888,0.051966,0.301878,0.304437,0.209162,0.170979,0.408296,0.067702,0.194257,0.198644,0.252768,0.149528,0.096034,0.223614,0.238239,0.202135,0.180644,0.224083,0.335340,0.215649,0.044577,0.166943,0.245656,0.181023,0.268961,0.298195,0.320273,0.305551,0.219463,0.431619,0.096462,0.059141,0.161181,0.228079,0.261431,0.362016,0.244410,0.237381,0.296098,0.288759,0.224333,0.052267,0.400204,0.348836,0.235109,0.344846,0.483534,0.154300,0.261019,0.231915,0.020964,0.226831,0.173778,0.078681,0.364110,0.122049,0.207418,0.234818,0.257785,0.352749,0.188564,0.287595,0.241297,0.272043,0.250938,0.197318,0.201953,0.225799,0.049676,0.279236,0.282730,0.038524,0.179242,0.188721,0.172901,0.351945,0.284951,0.106864,0.190775,0.154253,0.252171,0.169645,0.270586,0.330713,0.281459,0.270570,0.197972,0.191451,0.162421,0.222317,0.252539,0.125913,0.256107,0.142668,0.318571,0.153373,0.139301,0.115471,0.366857,0.309164,0.154522,0.214742,0.144478,0.329555,0.256166,0.225597,0.195070,0.253848,0.204696,0.262015,0.294944,0.213801,0.348531,0.254395,0.139395,0.182875,0.246085,0.141814,0.154927,0.178837,0.320088,0.422932,#
20,0.195545,0.131992,0.266291,0.252364,0.326349,0.262882,0.222750,0.146198,0.237208,0.071261,0.097732,0.063475,0.101834,0.207903,0.166404,0.060727,0.227075,0.354106,0.213706,0.224101,1.000000,0.193524,0.073833,0.251672,0.234632,0.257427,0.133709,0.115769,0.120481,0.182984,0.106445,0.124344,0.185818,0.121087,0.003828,0.137637,0.190971,0.142509,0.123615,0.173122,0.236368,0.363893,0.060192,0.080188,0.269376,0.271124,0.325245,0.163127,0.177103,0.214118,0.039325,0.191537,0.171063,0.201089,0.160754,0.157393,0.250465,0.237114,0.224186,0.034756,0.240712,0.065639,0.262546,0.132484,0.155142,0.155650,0.225592,0.204593,0.359353,0.223061,0.163815,0.219755,0.356002,0.209468,0.027989,0.068526,0.181525,0.335086,0.198488,0.104363,0.126063,0.188225,0.273853,0.096124,0.235892,0.138321,0.197789,0.159381,0.348594,0.192651,0.095809,0.253102,0.175759,0.291399,0.205596,0.205486,0.259955,0.240050,0.150647,0.029722,0.220050,0.055380,0.157434,0.188122,0.112599,0.211643,0.174516,0.176540,0.083488,0.188728,0.268374,0.250137,0.157789,0.249995,0.086213,0.278462,0.264753,0.097106,-0.017737,0.158129,0.085414,0.225408,0.062903,0.101961,0.300741,0.097055,0.188721,0.244977,0.223342,0.206936,0.158172,0.208580,0.253459,-0.033723,0.289894,0.213369,0.387910,0.241163,0.254917,0.144940,0.252212,0.170772,0.109902,0.210791,0.303114,0.174032,-0.143117,0.223013,0.222488,0.179501,0.237860,0.145603,0.031186,0.155625,0.201664,0.169285,0.128357,0.046316,0.110742,0.427512,0.146940,0.310534,0.209589,0.250375,0.260860,0.143134,-0.000610,0.298073,0.063331,0.069010,0.257260,0.057174,0.058444,0.051851,0.075031,0.344468,0.113369,0.156482,0.288923,0.216314,0.127119,0.173481,0.153264,0.273099,0.107057,-0.032019,0.262248,0.161845,0.219715,0.314262,0.133961,0.241044,0.153916,0.087167,0.252576,0.251281,0.195200,0.243554,0.180827,0.164397,#
21,0.210017,0.253833,0.385511,0.218506,0.208223,0.148970,0.146821,0.246961,0.182648,0.096957,0.186328,0.248470,0.094965,0.201061,0.108857,0.097825,0.165430,0.129629,0.173963,0.262329,0.193524,1.000000,0.080835,0.152968,0.210529,0.095469,0.216251,0.256633,0.219009,0.289064,0.152190,0.222567,0.132449,0.264690,-0.030569,0.255563,0.307096,0.221421,0.342807,0.099980,0.181077,0.238793,0.088992,0.258390,0.180340,0.220771,0.270986,0.284678,0.050445,0.184888,0.218257,0.120037,0.184220,0.163454,0.140714,0.190835,0.199040,0.145432,0.039097,0.097251,0.155812,-0.006661,0.285493,0.189630,0.298967,0.240743,0.075164,0.175482,0.321133,0.371676,0.228554,0.122856,0.397003,0.329262,0.059169,0.142056,0.147441,0.194257,0.131828,0.146655,0.301879,0.187620,0.142896,-0.038881,0.291030,-0.098369,0.251535,0.094336,0.221022,0.281811,-0.003704,0.158682,0.173809,0.152668,0.202865,0.185972,0.249651,0.217149,0.020287,0.235334,0.377818,0.108230,0.101383,0.153978,0.179936,0.232085,0.293771,0.216512,0.171814,0.080205,0.203869,0.209760,0.102394,0.222798,0.132550,0.321440,0.269946,0.127293,0.114925,0.209806,0.164822,0.303119,0.019634,0.327718,0.179050,0.011922,0.188058,0.171076,0.078877,0.065324,0.118826,0.122146,0.296700,0.125901,0.221028,0.131564,0.338123,0.221872,0.105624,0.293164,0.179614,0.307424,0.185603,0.092245,0.237740,0.252735,0.097344,0.205584,0.206621,0.059658,0.019828,0.138999,0.135946,0.075119,0.287979,0.087072,0.033040,0.159606,0.109439,0.157599,0.295292,0.280640,0.177573,0.126036,0.246774,0.096954,0.025844,0.260182,0.064154,0.324513,0.147749,0.121205,0.266891,0.139116,0.037394,0.251808,0.256887,0.243910,0.119243,0.199251,0.136317,0.241410,0.056660,0.229366,-0.027458,0.125471,0.166973,0.252422,0.330448,0.232864,0.278783,0.069635,0.271340,0.069186,0.288256,0.243113,0.136780,0.229993,0.259269,0.227488,#
