0,1.000000,0.806185,0.818329,0.771944,0.756970,0.843193,0.814823,0.825722,0.823270,0.772815,0.792196,0.823678,0.769783,0.798028,0.785542,0.806084,0.835575,0.840305,0.809078,0.790267,0.823288,0.757581,0.829162,0.841147,0.748524,0.771728,0.787704,0.789102,0.778431,0.820547,0.793486,0.828259,0.803627,0.809598,0.823895,0.785234,0.744754,0.810685,0.826621,0.844351,0.829063,0.763411,0.828341,0.797823,0.809883,0.739025,0.822412,0.833694,0.804427,0.828724,0.793223,0.825890,0.810688,0.815066,0.829159,0.846896,0.805757,0.837023,0.813694,0.807041,0.818033,0.780266,0.834553,0.806610,0.821782,0.802843,0.845561,0.817614,0.806630,0.752301,0.799507,0.816470,0.845410,0.819859,0.794143,0.800222,0.833526,0.810785,0.813489,0.777107,0.847042,0.809586,0.814610,0.830134,0.820773,0.838305,0.829961,0.815728,0.766649,0.800469,0.759318,0.812031,0.805961,0.797951,0.799751,0.783228,0.782446,0.797037,0.831372,0.840921,0.828051,0.799572,0.833230,0.820274,0.791136,0.810526,0.771525,0.824714,0.792102,0.732446,0.795409,0.833255,0.797662,0.799732,0.801456,0.843064,0.801402,0.785765,0.797897,0.788912,0.734067,0.856532,0.828917,0.868224,0.829722,0.804698,0.778899,0.780981,0.768090,0.791527,0.816008,0.816079,0.822154,0.767249,0.818360,0.812797,0.802251,0.808135,0.802853,0.831382,0.778762,0.774360,0.759802,0.833649,0.797713,0.693433,0.802881,0.754036,0.819521,0.805276,0.821694,0.836301,0.799347,0.760341,0.792016,0.789586,0.824608,0.825595,0.846207,0.786244,0.829160,0.812233,0.812083,0.815443,0.801008,0.796155,0.818447,0.798075,0.805803,0.796998,0.819836,0.805273,0.784670,0.835049,0.829514,0.790278,0.818153,0.849962,0.809354,0.776101,0.787071,0.807435,0.771373,0.780721,0.798764,0.770569,0.769568,0.799624,0.792714,0.797697,0.769887,0.811639,0.802379,0.811894,0.774784,0.812907,0.793201,0.838514,0.814432,0.790784,#
1,0.806185,1.000000,0.777012,0.796084,0.793216,0.835103,0.728774,0.795056,0.830737,0.776949,0.775651,0.793781,0.771407,0.770946,0.795969,0.788744,0.793319,0.794156,0.795648,0.799924,0.792488,0.835303,0.831721,0.811005,0.778070,0.718232,0.825100,0.817889,0.777546,0.749377,0.828169,0.841471,0.794290,0.827481,0.771005,0.800009,0.747992,0.809840,0.826325,0.821408,0.793699,0.723555,0.781151,0.790717,0.769180,0.759999,0.816570,0.803378,0.799567,0.791821,0.766539,0.822588,0.804570,0.766251,0.819032,0.795109,0.784157,0.811417,0.800272,0.738042,0.773210,0.772149,0.755616,0.752880,0.804840,0.811572,0.796009,0.815205,0.807829,0.803191,0.770258,0.800601,0.851130,0.743712,0.800188,0.787406,0.784059,0.778435,0.802786,0.738679,0.813087,0.778890,0.814605,0.828218,0.831477,0.811962,0.801830,0.800448,0.801967,0.780200,0.737883,0.770169,0.821837,0.808500,0.797432,0.787594,0.760769,0.794290,0.795766,0.792764,0.817299,0.787032,0.769469,0.778920,0.772817,0.815126,0.760123,0.816603,0.783080,0.746733,0.787199,0.791399,0.764228,0.824472,0.752547,0.783255,0.776916,0.776612,0.761660,0.726356,0.805670,0.801239,0.781245,0.806625,0.794395,0.766107,0.788449,0.784029,0.790775,0.827366,0.781152,0.836283,0.770843,0.776480,0.819862,0.796808,0.793977,0.791595,0.806396,0.776726,0.808073,0.784936,0.822172,0.831725,0.770704,0.764243,0.767042,0.740238,0.814128,0.756135,0.809975,0.851351,0.794849,0.721280,0.824244,0.752040,0.818977,0.799224,0.759944,0.741502,0.798616,0.839498,0.791649,0.827309,0.782230,0.746181,0.807771,0.764718,0.753252,0.777422,0.793751,0.773145,0.782966,0.826368,0.777664,0.783538,0.794555,0.859441,0.756193,0.786356,0.769049,0.776627,0.769219,0.805930,0.773590,0.822256,0.773684,0.728028,0.804331,0.790001,0.796553,0.761449,0.783825,0.786219,0.799928,0.718980,0.770910,0.818499,0.764439,0.773958,#
2,0.818329,0.777012,1.000000,0.764839,0.759047,0.790567,0.771221,0.789680,0.804111,0.737045,0.751304,0.742854,0.736989,0.784637,0.773377,0.765223,0.770499,0.782014,0.773134,0.777901,0.753887,0.749377,0.770520,0.837032,0.736258,0.741364,0.821327,0.794235,0.816941,0.786609,0.795271,0.775748,0.787380,0.764678,0.771851,0.762875,0.740642,0.783624,0.817389,0.780293,0.755480,0.738301,0.797961,0.766262,0.736096,0.728128,0.830340,0.754867,0.759179,0.814692,0.768512,0.806888,0.810728,0.795122,0.836655,0.802086,0.786476,0.760438,0.776910,0.758852,0.827812,0.788696,0.767736,0.793444,0.785901,0.788374,0.770432,0.786176,0.779649,0.782128,0.777366,0.767116,0.815408,0.783736,0.811378,0.773923,0.781130,0.773342,0.759551,0.779674,0.815990,0.810401,0.822085,0.793052,0.840543,0.797032,0.762014,0.806395,0.720701,0.746852,0.764970,0.791130,0.830328,0.764647,0.783367,0.777680,0.756988,0.757389,0.836807,0.807366,0.793243,0.774402,0.768147,0.767427,0.712974,0.799994,0.790509,0.777874,0.767558,0.708489,0.786379,0.742773,0.794562,0.769463,0.739382,0.746634,0.745235,0.787703,0.781664,0.726108,0.740538,0.759736,0.740198,0.827402,0.792720,0.733560,0.769332,0.759242,0.748997,0.799517,0.803413,0.812968,0.819779,0.787913,0.787794,0.788413,0.795369,0.798005,0.819117,0.769315,0.733418,0.801041,0.695021,0.753274,0.733943,0.786087,0.756975,0.734613,0.774461,0.775903,0.797325,0.817842,0.776937,0.779847,0.768711,0.762672,0.791952,0.734089,0.767241,0.718081,0.743263,0.749843,0.771640,0.788919,0.741055,0.787354,0.813611,0.742065,0.755241,0.766909,0.789369,0.761465,0.782345,0.761974,0.810411,0.765840,0.739635,0.810096,0.763437,0.727656,0.736858,0.817838,0.721062,0.818922,0.743215,0.777674,0.764081,0.749444,0.766093,0.765179,0.769016,0.774760,0.845946,0.781130,0.749621,0.776928,0.743588,0.794641,0.742598,0.779317,#
3,0.771944,0.796084,0.764839,1.000000,0.786237,0.773147,0.760370,0.740084,0.814692,0.758951,0.744994,0.779745,0.766311,0.773430,0.736185,0.804802,0.796671,0.770198,0.826868,0.777053,0.760181,0.780837,0.780477,0.766610,0.787060,0.761255,0.801779,0.773209,0.737798,0.768078,0.778671,0.826303,0.767432,0.793150,0.768764,0.780696,0.731959,0.798838,0.728561,0.813954,0.779363,0.717589,0.799686,0.796855,0.761827,0.809888,0.808084,0.748301,0.795566,0.748584,0.775051,0.745884,0.792754,0.752573,0.754171,0.815991,0.744694,0.783784,0.814133,0.757951,0.768329,0.736348,0.738714,0.780219,0.825638,0.769532,0.745440,0.780242,0.729337,0.766376,0.742547,0.772903,0.805639,0.754540,0.746895,0.746173,0.753178,0.753325,0.753945,0.757845,0.804822,0.747764,0.782783,0.782709,0.822673,0.807570,0.782924,0.749712,0.729414,0.738639,0.754219,0.775480,0.808153,0.784853,0.771367,0.791544,0.716837,0.758570,0.784724,0.789299,0.730703,0.763015,0.748350,0.738637,0.774697,0.767732,0.733061,0.768237,0.752699,0.722922,0.771308,0.755384,0.723889,0.783151,0.744126,0.793920,0.719567,0.743255,0.773941,0.693031,0.738204,0.771159,0.775424,0.763296,0.773680,0.770358,0.774608,0.770400,0.763047,0.772826,0.758660,0.794652,0.734694,0.771756,0.801888,0.802443,0.842617,0.738627,0.749042,0.766792,0.714393,0.792525,0.788426,0.714027,0.719071,0.803838,0.719817,0.793866,0.800916,0.753063,0.778642,0.808951,0.724204,0.747374,0.798696,0.711256,0.784751,0.752789,0.764709,0.723697,0.778487,0.781286,0.742306,0.778687,0.749026,0.763594,0.800368,0.722371,0.777794,0.741366,0.770722,0.792078,0.773949,0.804235,0.754693,0.784889,0.791136,0.810021,0.777553,0.767520,0.704222,0.793762,0.727281,0.776457,0.752611,0.773656,0.743172,0.700227,0.786239,0.831605,0.762282,0.761424,0.757369,0.759229,0.753843,0.761105,0.738208,0.763415,0.719606,0.783495,#
4,0.756970,0.793216,0.759047,0.786237,1.000000,0.825236,0.766760,0.761672,0.757892,0.756438,0.722625,0.792841,0.742121,0.800123,0.734970,0.772713,0.802785,0.815237,0.799308,0.827868,0.782568,0.763342,0.762342,0.817325,0.741260,0.730016,0.800331,0.753000,0.751124,0.762811,0.831367,0.795351,0.824228,0.749900,0.757287,0.757397,0.742101,0.765450,0.756781,0.806951,0.799043,0.710833,0.766726,0.783315,0.746976,0.786288,0.791142,0.784431,0.803286,0.775262,0.767538,0.758078,0.815981,0.737618,0.805196,0.806366,0.765087,0.777335,0.807341,0.785977,0.725049,0.759852,0.761867,0.755159,0.815354,0.790196,0.781603,0.771416,0.753110,0.760196,0.771987,0.817615,0.800298,0.782887,0.766827,0.720096,0.754282,0.797808,0.783040,0.785170,0.760039,0.765347,0.823267,0.752501,0.807853,0.777142,0.746937,0.726433,0.768085,0.761419,0.735964,0.754840,0.759880,0.762162,0.731466,0.759488,0.752659,0.746425,0.756200,0.784931,0.805563,0.794528,0.777870,0.744010,0.771669,0.780932,0.770735,0.765875,0.784035,0.746980,0.754144,0.774036,0.782504,0.840136,0.751876,0.756156,0.766646,0.807932,0.752145,0.702640,0.737203,0.787616,0.821633,0.770861,0.760987,0.776103,0.722222,0.780539,0.819210,0.788018,0.807958,0.792201,0.757674,0.777995,0.824811,0.799327,0.796663,0.785941,0.757942,0.730257,0.714720,0.802020,0.787224,0.761512,0.733461,0.718065,0.791975,0.719160,0.770873,0.792586,0.784392,0.851940,0.731461,0.712917,0.825469,0.755203,0.822626,0.729587,0.790151,0.716369,0.740592,0.775865,0.820876,0.763756,0.763884,0.762901,0.748261,0.722260,0.775703,0.766312,0.770474,0.797465,0.785482,0.779765,0.814760,0.790222,0.788083,0.805988,0.760802,0.742775,0.755719,0.773235,0.793840,0.765895,0.811948,0.786994,0.737835,0.801908,0.749187,0.756640,0.751318,0.715670,0.755417,0.798585,0.744724,0.731366,0.767819,0.767218,0.774832,0.739281,#
5,0.843193,0.835103,0.790567,0.773147,0.825236,1.000000,0.752622,0.792574,0.814265,0.765342,0.765044,0.796033,0.716759,0.732684,0.779447,0.842629,0.782614,0.812436,0.776054,0.799826,0.772950,0.775917,0.799745,0.819735,0.756715,0.768787,0.835665,0.816909,0.752678,0.762438,0.841338,0.822758,0.797361,0.796544,0.784299,0.801496,0.744027,0.784386,0.792862,0.796371,0.830018,0.699143,0.752135,0.778247,0.786582,0.793339,0.822969,0.805239,0.815117,0.771638,0.771170,0.788581,0.798568,0.821570,0.772346,0.853626,0.797277,0.814890,0.850360,0.800606,0.778414,0.791297,0.783739,0.827982,0.788514,0.799182,0.784239,0.801388,0.772849,0.779719,0.808886,0.787458,0.836679,0.789930,0.768866,0.763310,0.824924,0.791263,0.761961,0.760860,0.833058,0.780075,0.808728,0.800549,0.822617,0.819314,0.795502,0.804089,0.786121,0.742125,0.732164,0.794489,0.818178,0.819917,0.748539,0.746571,0.774415,0.763825,0.817412,0.806478,0.847873,0.802708,0.847972,0.794300,0.801602,0.791577,0.769488,0.796849,0.757297,0.783715,0.755800,0.829709,0.772989,0.782628,0.694802,0.759405,0.798698,0.766972,0.729248,0.773201,0.737411,0.794342,0.813518,0.847318,0.767686,0.800282,0.787272,0.792273,0.783993,0.808364,0.832323,0.836149,0.823117,0.812852,0.794877,0.773197,0.819441,0.791519,0.771279,0.798626,0.771445,0.755525,0.798004,0.821030,0.819623,0.719159,0.742391,0.764244,0.797410,0.786816,0.828645,0.837798,0.754012,0.750485,0.786230,0.742624,0.829053,0.798030,0.804779,0.774589,0.792103,0.822662,0.794643,0.789094,0.792623,0.779345,0.756896,0.775745,0.783474,0.776899,0.828318,0.789941,0.770944,0.795935,0.814081,0.787014,0.767936,0.813510,0.794697,0.792554,0.819276,0.794229,0.762986,0.788286,0.825123,0.803467,0.760001,0.766098,0.770563,0.800030,0.738006,0.795030,0.773012,0.791114,0.714579,0.745651,0.757301,0.796182,0.782305,0.766726,#
6,0.814823,0.728774,0.771221,0.760370,0.766760,0.752622,1.000000,0.739140,0.776840,0.716534,0.731537,0.756358,0.744143,0.796910,0.711830,0.747160,0.805229,0.807515,0.784232,0.747302,0.817916,0.720546,0.720963,0.788990,0.752837,0.747337,0.780178,0.754314,0.736995,0.788084,0.782604,0.792861,0.780593,0.778350,0.787265,0.780480,0.735735,0.742809,0.764451,0.782804,0.772552,0.772190,0.777423,0.769582,0.804014,0.710065,0.796593,0.745972,0.821301,0.804137,0.778673,0.802474,0.815863,0.706477,0.804831,0.799930,0.796706,0.807204,0.819402,0.726461,0.788907,0.733399,0.748631,0.754056,0.828003,0.748308,0.819682,0.744749,0.768858,0.731021,0.754121,0.792294,0.789763,0.801071,0.735397,0.730390,0.769889,0.780425,0.767349,0.728989,0.794160,0.779097,0.782223,0.818214,0.759332,0.794540,0.760608,0.740159,0.771319,0.766056,0.742144,0.745324,0.717705,0.763742,0.744094,0.758296,0.772351,0.758228,0.777896,0.788310,0.794155,0.764712,0.780689,0.767708,0.764373,0.717169,0.793362,0.750594,0.770018,0.685300,0.710286,0.758203,0.723294,0.757817,0.735382,0.733993,0.754714,0.784082,0.751002,0.720599,0.750156,0.776213,0.756822,0.809447,0.819984,0.774676,0.735576,0.787509,0.703764,0.756527,0.778195,0.788779,0.758899,0.721044,0.774076,0.789046,0.786875,0.768425,0.817715,0.771215,0.761193,0.780286,0.736601,0.760955,0.722465,0.762554,0.758401,0.745422,0.764089,0.750077,0.776498,0.818987,0.707208,0.697368,0.744253,0.731492,0.784621,0.723595,0.789288,0.747795,0.790281,0.765733,0.741638,0.781319,0.774364,0.780322,0.816418,0.691329,0.768170,0.755557,0.804919,0.757594,0.734118,0.732976,0.762977,0.782411,0.783468,0.798224,0.766728,0.749578,0.765567,0.736224,0.795058,0.782034,0.744898,0.756840,0.727065,0.770096,0.718258,0.766055,0.726009,0.763044,0.743976,0.783134,0.784082,0.771435,0.764002,0.789674,0.754697,0.756070,#
7,0.825722,0.795056,0.789680,0.740084,0.761672,0.792574,0.739140,1.000000,0.835573,0.765851,0.759297,0.763181,0.761313,0.783735,0.780224,0.745987,0.784920,0.786077,0.813854,0.767182,0.778248,0.747870,0.855977,0.807596,0.760274,0.805225,0.793095,0.794086,0.769363,0.779667,0.738879,0.812990,0.757441,0.776399,0.771317,0.777193,0.754170,0.749162,0.781317,0.773346,0.811889,0.720557,0.782989,0.780586,0.769417,0.740518,0.798378,0.805437,0.772982,0.753186,0.780516,0.780485,0.809393,0.822620,0.799221,0.794461,0.769275,0.810213,0.769309,0.787537,0.730665,0.764213,0.781246,0.783367,0.799698,0.814522,0.823882,0.798853,0.811574,0.751774,0.783456,0.712333,0.833212,0.791397,0.804309,0.757638,0.803135,0.756025,0.771515,0.747156,0.804141,0.786852,0.802960,0.768069,0.821446,0.783644,0.825957,0.780838,0.756891,0.749733,0.759671,0.813918,0.784777,0.764351,0.800206,0.758032,0.797415,0.804359,0.802442,0.799863,0.799841,0.761439,0.782292,0.776153,0.764914,0.776948,0.760439,0.790592,0.768476,0.707844,0.837997,0.773879,0.789411,0.798132,0.709902,0.784441,0.748850,0.747769,0.723417,0.776763,0.772499,0.762632,0.752209,0.837803,0.841943,0.770338,0.750348,0.795005,0.726037,0.771535,0.783522,0.794723,0.802926,0.721672,0.814514,0.826048,0.822241,0.792048,0.760233,0.794540,0.771738,0.807405,0.796711,0.771867,0.764870,0.752068,0.784929,0.696012,0.806274,0.783305,0.766386,0.806570,0.804844,0.739225,0.785076,0.791292,0.799963,0.777975,0.798836,0.748654,0.827415,0.765561,0.833900,0.742462,0.776548,0.769346,0.816566,0.772296,0.766509,0.729168,0.832408,0.802919,0.755642,0.799725,0.783940,0.756202,0.782188,0.795709,0.770880,0.758595,0.766503,0.761153,0.774879,0.777528,0.761798,0.818667,0.758678,0.742534,0.781687,0.804408,0.796573,0.774763,0.744669,0.757846,0.766737,0.757464,0.758413,0.819276,0.777007,0.743719,#
8,0.823270,0.830737,0.804111,0.814692,0.757892,0.814265,0.776840,0.835573,1.000000,0.800172,0.754367,0.789437,0.788326,0.786402,0.762832,0.814556,0.806723,0.823561,0.788978,0.816951,0.781208,0.804724,0.827303,0.792937,0.752134,0.793166,0.806119,0.818672,0.772167,0.802529,0.773698,0.811863,0.798355,0.800142,0.767294,0.810859,0.756893,0.799556,0.792190,0.800367,0.806032,0.739488,0.841326,0.778164,0.779042,0.735208,0.781503,0.807585,0.811691,0.801079,0.780933,0.811167,0.781591,0.830859,0.810598,0.830851,0.771260,0.801110,0.791375,0.750696,0.804772,0.777604,0.798994,0.802755,0.801652,0.841003,0.807339,0.823075,0.813086,0.787621,0.762681,0.807073,0.861354,0.816865,0.774216,0.759147,0.784721,0.791308,0.767654,0.778418,0.812004,0.771327,0.798833,0.833368,0.830850,0.814255,0.777886,0.811766,0.750199,0.760571,0.780436,0.808400,0.806311,0.781445,0.828115,0.788397,0.762605,0.804886,0.848300,0.803274,0.809425,0.756297,0.793873,0.832052,0.764208,0.786171,0.811216,0.833709,0.771679,0.753265,0.802883,0.809813,0.812096,0.799715,0.734582,0.807465,0.750336,0.764777,0.786501,0.788001,0.772288,0.765226,0.782415,0.827388,0.807663,0.809666,0.763071,0.776702,0.785988,0.782813,0.773011,0.808722,0.797242,0.787323,0.854802,0.784481,0.813611,0.786855,0.755449,0.812604,0.793521,0.822725,0.800635,0.808599,0.778838,0.733527,0.783363,0.737317,0.808857,0.794398,0.778800,0.823826,0.764296,0.805082,0.796299,0.779744,0.825088,0.796299,0.809830,0.797133,0.825286,0.793560,0.838206,0.808966,0.787572,0.762456,0.793948,0.781665,0.791911,0.777439,0.825717,0.804536,0.771220,0.795424,0.829105,0.791483,0.787518,0.857856,0.779493,0.730963,0.755819,0.805351,0.744683,0.824891,0.796018,0.812589,0.791865,0.764611,0.808464,0.828404,0.792168,0.813035,0.802469,0.779984,0.743427,0.778999,0.781453,0.793205,0.755876,0.832877,#
9,0.772815,0.776949,0.737045,0.758951,0.756438,0.765342,0.716534,0.765851,0.800172,1.000000,0.697152,0.738005,0.763499,0.773654,0.790811,0.758723,0.788503,0.769855,0.783859,0.753316,0.804033,0.746996,0.783845,0.808739,0.728361,0.735750,0.779453,0.816349,0.723050,0.793232,0.735303,0.777781,0.777964,0.790391,0.784977,0.773537,0.739469,0.742493,0.769208,0.784317,0.780095,0.746955,0.754249,0.744822,0.789039,0.712710,0.758886,0.770191,0.728858,0.726849,0.721832,0.725425,0.730516,0.763725,0.773566,0.783547,0.750576,0.819776,0.773331,0.748838,0.753191,0.740696,0.770953,0.760836,0.761111,0.829270,0.775531,0.803494,0.802969,0.725851,0.758320,0.744273,0.782770,0.753280,0.774754,0.724450,0.749078,0.817824,0.763560,0.782887,0.756288,0.767594,0.749997,0.835284,0.809685,0.770003,0.742386,0.805786,0.724462,0.686909,0.716003,0.749714,0.797077,0.752315,0.773735,0.751677,0.729106,0.781669,0.797465,0.773318,0.793344,0.782838,0.778901,0.780598,0.763697,0.791455,0.749084,0.767815,0.793668,0.784338,0.790397,0.798653,0.799145,0.771380,0.713812,0.799655,0.674483,0.721567,0.695700,0.735486,0.747896,0.765784,0.803835,0.795604,0.790970,0.745856,0.782925,0.712150,0.795833,0.744719,0.754317,0.788711,0.772336,0.781001,0.795903,0.742535,0.769783,0.744975,0.753649,0.771954,0.724179,0.808886,0.780644,0.787280,0.732072,0.762210,0.765934,0.721608,0.778884,0.737052,0.733434,0.782671,0.722850,0.757282,0.777443,0.750876,0.756424,0.772638,0.770600,0.751761,0.776732,0.805187,0.769613,0.773504,0.784801,0.774405,0.723135,0.742973,0.780938,0.735763,0.815191,0.791205,0.767911,0.742621,0.774422,0.824893,0.744094,0.811375,0.766905,0.776558,0.788793,0.741469,0.764706,0.753385,0.753104,0.805134,0.689729,0.735619,0.821136,0.741198,0.773042,0.777079,0.739351,0.731111,0.728181,0.714830,0.754110,0.764160,0.743995,0.734006,#
10,0.792196,0.775651,0.751304,0.744994,0.722625,0.765044,0.731537,0.759297,0.754367,0.697152,1.000000,0.740076,0.703001,0.743313,0.682716,0.741444,0.777117,0.736846,0.773809,0.738420,0.752447,0.724981,0.784404,0.808262,0.675454,0.718748,0.773480,0.801898,0.735865,0.779693,0.738857,0.774074,0.760208,0.781452,0.779269,0.767846,0.725648,0.768766,0.769579,0.768002,0.764885,0.716784,0.748905,0.728534,0.754334,0.760605,0.808026,0.764373,0.779254,0.817725,0.717412,0.771188,0.758682,0.704416,0.770468,0.797564,0.774488,0.792149,0.727253,0.747726,0.773747,0.745696,0.814907,0.773081,0.792491,0.722704,0.763664,0.708246,0.775697,0.746705,0.768389,0.770140,0.827549,0.690529,0.757902,0.790808,0.768682,0.794499,0.755007,0.710141,0.814820,0.757317,0.757129,0.763273,0.775683,0.772382,0.782444,0.746715,0.735105,0.787321,0.690054,0.775354,0.800580,0.734500,0.748151,0.767821,0.710081,0.768800,0.788120,0.816957,0.761145,0.740631,0.749030,0.803528,0.822747,0.759272,0.747299,0.735873,0.745219,0.727412,0.740114,0.731778,0.770501,0.762113,0.706653,0.790966,0.712614,0.740438,0.755235,0.725208,0.747218,0.779068,0.687335,0.788749,0.732693,0.740240,0.780448,0.761755,0.751644,0.761652,0.729925,0.746506,0.749684,0.743196,0.792410,0.812579,0.760312,0.719669,0.770718,0.801446,0.801580,0.759598,0.720319,0.760643,0.665656,0.693392,0.753161,0.723236,0.785877,0.752508,0.752521,0.772250,0.768356,0.732966,0.777991,0.734968,0.787424,0.807055,0.754952,0.710288,0.799706,0.746425,0.752885,0.773494,0.738197,0.708918,0.783500,0.730191,0.778995,0.767901,0.766110,0.767874,0.704932,0.746145,0.767521,0.743332,0.752309,0.794115,0.723749,0.770858,0.721337,0.730768,0.786230,0.738680,0.706153,0.775140,0.721984,0.754981,0.702259,0.787011,0.762800,0.717966,0.749890,0.761233,0.764209,0.753292,0.736232,0.789728,0.744402,0.759452,#
11,0.823678,0.793781,0.742854,0.779745,0.792841,0.796033,0.756358,0.763181,0.789437,0.738005,0.740076,1.000000,0.795685,0.758163,0.750874,0.772785,0.790959,0.818620,0.823120,0.769486,0.755894,0.744860,0.798027,0.791819,0.744723,0.742413,0.770145,0.763230,0.777571,0.746204,0.779316,0.791100,0.806211,0.788239,0.751080,0.771655,0.783782,0.788067,0.760519,0.797494,0.798464,0.741775,0.778728,0.764669,0.757911,0.729624,0.851119,0.793951,0.772631,0.824226,0.773747,0.742893,0.804002,0.754382,0.805118,0.812218,0.747479,0.807145,0.787832,0.753876,0.733627,0.737463,0.807815,0.756546,0.798192,0.789240,0.796057,0.793093,0.795128,0.783717,0.805451,0.761286,0.801991,0.773917,0.786975,0.723351,0.829891,0.808903,0.755839,0.713408,0.802643,0.765961,0.796025,0.793467,0.816127,0.788911,0.752503,0.728949,0.731102,0.725406,0.762050,0.801425,0.782855,0.734100,0.751322,0.796917,0.756950,0.779623,0.786509,0.774450,0.765001,0.789152,0.805906,0.767532,0.819770,0.772696,0.765940,0.819357,0.793713,0.772601,0.816740,0.806785,0.788330,0.773933,0.682284,0.786577,0.749620,0.768795,0.765484,0.760359,0.705393,0.787646,0.787183,0.807676,0.794105,0.782931,0.795418,0.761044,0.771389,0.785624,0.808271,0.770636,0.785027,0.779944,0.787372,0.768629,0.823438,0.757608,0.778566,0.749845,0.760271,0.759082,0.763617,0.800545,0.782368,0.706995,0.785836,0.751684,0.784985,0.779709,0.765941,0.780987,0.755334,0.764279,0.798051,0.748387,0.831408,0.752478,0.780990,0.716138,0.769609,0.789591,0.810331,0.781385,0.826402,0.717052,0.806287,0.731510,0.777995,0.815810,0.793103,0.771106,0.775287,0.808225,0.766578,0.787381,0.768377,0.799633,0.755423,0.791462,0.756746,0.754713,0.799673,0.752507,0.795446,0.741507,0.743325,0.805496,0.768238,0.766829,0.795989,0.776137,0.775478,0.758787,0.741338,0.763843,0.767830,0.778565,0.755083,0.756489,#
12,0.769783,0.771407,0.736989,0.766311,0.742121,0.716759,0.744143,0.761313,0.788326,0.763499,0.703001,0.795685,1.000000,0.766988,0.783931,0.737215,0.760983,0.787341,0.805283,0.759966,0.760739,0.706319,0.806500,0.790526,0.731904,0.744790,0.729007,0.765866,0.774218,0.715555,0.748268,0.773730,0.775200,0.800030,0.764687,0.779268,0.749955,0.759311,0.768622,0.764801,0.701672,0.676884,0.738048,0.776826,0.759204,0.753965,0.788559,0.731519,0.744990,0.756469,0.812598,0.732139,0.759749,0.745293,0.814451,0.766283,0.737648,0.784055,0.750283,0.734151,0.717584,0.749730,0.760693,0.745889,0.797226,0.783474,0.765958,0.716100,0.788070,0.761123,0.766157,0.739854,0.785772,0.758009,0.789389,0.719891,0.788736,0.765273,0.758604,0.756821,0.767076,0.752161,0.785224,0.802639,0.752330,0.771658,0.717329,0.755369,0.743921,0.698560,0.745118,0.765840,0.768070,0.697607,0.725149,0.803469,0.803586,0.762275,0.758478,0.735565,0.736871,0.780001,0.769420,0.789755,0.725235,0.746572,0.729510,0.730464,0.783477,0.743891,0.770077,0.750553,0.741050,0.755462,0.774238,0.774218,0.684894,0.711697,0.761445,0.749047,0.699701,0.749167,0.754905,0.804628,0.796234,0.772093,0.747818,0.719842,0.745252,0.756371,0.720567,0.743559,0.719872,0.741815,0.742615,0.761729,0.752333,0.793679,0.736001,0.736514,0.783524,0.787993,0.744792,0.772265,0.718850,0.723561,0.752677,0.702719,0.775782,0.789835,0.750655,0.787329,0.744162,0.697931,0.753937,0.791264,0.816638,0.781489,0.784490,0.731950,0.772106,0.788568,0.782633,0.750088,0.815589,0.692547,0.750140,0.761501,0.699386,0.753404,0.775449,0.753929,0.751632,0.762881,0.739336,0.742306,0.812090,0.827339,0.731149,0.692032,0.737530,0.765745,0.771499,0.749032,0.686452,0.748381,0.685710,0.766081,0.765201,0.754923,0.724035,0.744555,0.723486,0.762531,0.712021,0.755682,0.743278,0.777281,0.768375,0.690675,#
13,0.798028,0.770946,0.784637,0.773430,0.800123,0.732684,0.796910,0.783735,0.786402,0.773654,0.743313,0.758163,0.766988,1.000000,0.732520,0.752887,0.754214,0.823591,0.807657,0.768257,0.773709,0.744467,0.820909,0.796227,0.741954,0.734465,0.750241,0.795770,0.771028,0.805594,0.732855,0.770719,0.804077,0.793920,0.713470,0.751303,0.734068,0.783694,0.807383,0.799549,0.845870,0.742997,0.792091,0.749936,0.809636,0.760789,0.783886,0.783268,0.810190,0.797260,0.765861,0.816812,0.780644,0.755752,0.824713,0.825152,0.770448,0.805190,0.793462,0.768695,0.783956,0.767048,0.756364,0.791189,0.819253,0.805402,0.799227,0.762217,0.799038,0.758820,0.741545,0.777997,0.771589,0.810935,0.786075,0.753554,0.776388,0.778623,0.812684,0.785850,0.780916,0.773765,0.816219,0.804438,0.789542,0.791101,0.736553,0.739467,0.785613,0.766201,0.734832,0.789791,0.780544,0.749505,0.777453,0.749128,0.758011,0.752534,0.758868,0.813356,0.808886,0.771530,0.778680,0.819645,0.775897,0.808111,0.766971,0.793039,0.779205,0.725506,0.790117,0.792032,0.777927,0.798261,0.756898,0.808094,0.707630,0.800896,0.790136,0.759626,0.757125,0.778228,0.740794,0.765034,0.782966,0.763738,0.791819,0.747919,0.757759,0.763358,0.769339,0.771216,0.749511,0.754309,0.818724,0.769472,0.780618,0.779097,0.821232,0.761337,0.751315,0.831677,0.794856,0.772365,0.702263,0.743265,0.799466,0.729149,0.800479,0.776678,0.768077,0.822371,0.753505,0.751523,0.768052,0.767177,0.808729,0.765761,0.813084,0.733796,0.803716,0.791182,0.780282,0.798605,0.789058,0.777996,0.796196,0.765188,0.805482,0.763712,0.787352,0.799873,0.804662,0.771122,0.841084,0.800700,0.796275,0.845372,0.776884,0.762782,0.752245,0.776128,0.805443,0.772564,0.787792,0.795910,0.729517,0.787405,0.737355,0.762096,0.769820,0.761253,0.773929,0.805764,0.787700,0.722678,0.761833,0.799717,0.764077,0.737996,#
14,0.785542,0.795969,0.773377,0.736185,0.734970,0.779447,0.711830,0.780224,0.762832,0.790811,0.682716,0.750874,0.783931,0.732520,1.000000,0.772011,0.765817,0.731776,0.725544,0.744966,0.755492,0.717395,0.757828,0.803628,0.727636,0.670347,0.764345,0.763272,0.736971,0.761496,0.773175,0.772667,0.752049,0.750791,0.754615,0.739043,0.696908,0.762633,0.775209,0.729025,0.748259,0.697600,0.785195,0.767151,0.739531,0.729879,0.769012,0.727002,0.708449,0.725612,0.718008,0.727604,0.714005,0.800355,0.767474,0.752173,0.732812,0.750364,0.782306,0.700601,0.739675,0.791882,0.744437,0.743410,0.755426,0.749699,0.748516,0.771894,0.780656,0.748628,0.735889,0.738441,0.786342,0.726123,0.771605,0.725214,0.772704,0.771839,0.741113,0.691716,0.776778,0.771121,0.792000,0.807666,0.779054,0.775969,0.751765,0.786575,0.752965,0.649359,0.682286,0.723595,0.765348,0.767588,0.773885,0.747665,0.811563,0.751402,0.782496,0.732775,0.768894,0.763863,0.790450,0.705787,0.736214,0.778769,0.718238,0.738645,0.760484,0.708155,0.781791,0.781048,0.780625,0.746854,0.704009,0.748772,0.710811,0.707672,0.721180,0.697559,0.729749,0.757505,0.754721,0.781133,0.802471,0.682658,0.749243,0.770471,0.698642,0.759297,0.734635,0.772164,0.727655,0.736892,0.760832,0.746251,0.783080,0.758825,0.738860,0.753371,0.743473,0.762453,0.689883,0.769218,0.714888,0.752450,0.776215,0.677786,0.777810,0.701494,0.766772,0.761361,0.700877,0.694677,0.783875,0.738967,0.757136,0.759386,0.741511,0.711621,0.749687,0.741633,0.761192,0.740678,0.725757,0.714907,0.726825,0.734465,0.700019,0.768384,0.763945,0.755344,0.742007,0.797188,0.768972,0.784511,0.763358,0.792346,0.721715,0.694472,0.739096,0.790034,0.778097,0.722357,0.742021,0.736741,0.722335,0.698039,0.748166,0.733475,0.694501,0.727855,0.763102,0.761308,0.709316,0.730476,0.741543,0.746297,0.703342,0.668588,#
15,0.806084,0.788744,0.765223,0.804802,0.772713,0.842629,0.747160,0.745987,0.814556,0.758723,0.741444,0.772785,0.737215,0.752887,0.772011,1.000000,0.787041,0.799356,0.774306,0.779904,0.764850,0.767925,0.762436,0.798183,0.754983,0.747415,0.762666,0.760329,0.742195,0.792641,0.798923,0.806184,0.770263,0.815851,0.745730,0.826780,0.776681,0.777113,0.804090,0.762403,0.743998,0.708642,0.780691,0.744648,0.811575,0.751830,0.807447,0.811777,0.800421,0.784812,0.747324,0.794601,0.752859,0.746465,0.783922,0.782326,0.779048,0.765021,0.763950,0.729017,0.793107,0.767072,0.765391,0.816602,0.770681,0.799265,0.750391,0.773422,0.760982,0.718288,0.785770,0.758686,0.770644,0.759169,0.771365,0.717639,0.785332,0.793795,0.782295,0.739892,0.806348,0.779872,0.779310,0.807046,0.821276,0.811044,0.727496,0.783864,0.733548,0.694983,0.706786,0.731395,0.778681,0.776439,0.724137,0.744359,0.739169,0.764083,0.760516,0.769744,0.808105,0.737342,0.805164,0.792655,0.761667,0.783001,0.781795,0.800068,0.740747,0.782955,0.716569,0.755339,0.772633,0.773320,0.700582,0.746840,0.753362,0.770235,0.763915,0.746440,0.720411,0.753308,0.760936,0.802018,0.764786,0.755236,0.806641,0.738419,0.793168,0.804079,0.755078,0.754186,0.741721,0.730510,0.791067,0.755694,0.769407,0.740089,0.761271,0.767295,0.736037,0.754532,0.750906,0.760632,0.744358,0.738311,0.745007,0.741492,0.778594,0.759141,0.811816,0.773086,0.790925,0.780076,0.777249,0.746802,0.818499,0.766028,0.790057,0.745997,0.755302,0.802117,0.814084,0.743863,0.796055,0.747960,0.783766,0.779855,0.794972,0.717480,0.757435,0.796037,0.732517,0.803694,0.753234,0.819561,0.778341,0.798634,0.779899,0.753905,0.766307,0.777758,0.749412,0.796975,0.762704,0.733434,0.677923,0.739590,0.739385,0.799511,0.727793,0.783502,0.770858,0.775935,0.746980,0.733666,0.771817,0.799496,0.772220,0.802871,#
16,0.835575,0.793319,0.770499,0.796671,0.802785,0.782614,0.805229,0.784920,0.806723,0.788503,0.777117,0.790959,0.760983,0.754214,0.765817,0.787041,1.000000,0.815746,0.813006,0.771559,0.859749,0.800200,0.757880,0.813707,0.745944,0.795012,0.804668,0.730791,0.763485,0.761998,0.803667,0.838231,0.820473,0.798165,0.780937,0.792804,0.801086,0.786876,0.812511,0.807907,0.785869,0.765599,0.785331,0.776879,0.770529,0.777540,0.783542,0.795832,0.794402,0.809196,0.746874,0.778617,0.805909,0.808056,0.835547,0.818252,0.713614,0.803795,0.800513,0.746229,0.796419,0.773267,0.795661,0.771398,0.804697,0.788340,0.819592,0.796220,0.823587,0.801341,0.781932,0.791163,0.817930,0.776755,0.799051,0.744571,0.796739,0.803986,0.778660,0.805126,0.836227,0.801992,0.803779,0.818774,0.820494,0.791774,0.810369,0.763572,0.768530,0.781560,0.737386,0.784769,0.810354,0.780896,0.800273,0.821293,0.788373,0.758090,0.829131,0.785639,0.806122,0.761241,0.780149,0.798281,0.771860,0.836348,0.814990,0.776303,0.824494,0.754261,0.816443,0.807653,0.791146,0.813756,0.785536,0.836522,0.802512,0.791760,0.752288,0.712388,0.738310,0.806892,0.765211,0.820382,0.814285,0.785612,0.771708,0.752088,0.786195,0.777417,0.810121,0.784855,0.807112,0.747411,0.829806,0.843120,0.790756,0.758657,0.780147,0.799939,0.777561,0.797310,0.798136,0.801179,0.738574,0.731802,0.798555,0.768277,0.773620,0.786842,0.771543,0.826392,0.732736,0.745039,0.847366,0.776710,0.809708,0.782755,0.785215,0.767574,0.767134,0.782371,0.833451,0.794684,0.794427,0.801136,0.801691,0.773751,0.801086,0.764966,0.786802,0.798235,0.778468,0.784880,0.786494,0.787172,0.755452,0.846069,0.779363,0.765080,0.758731,0.762548,0.815128,0.766164,0.779978,0.799200,0.784805,0.789387,0.782865,0.792905,0.806673,0.758419,0.813059,0.786472,0.762590,0.777792,0.780148,0.811136,0.791412,0.792243,#
17,0.840305,0.794156,0.782014,0.770198,0.815237,0.812436,0.807515,0.786077,0.823561,0.769855,0.736846,0.818620,0.787341,0.823591,0.731776,0.799356,0.815746,1.000000,0.783997,0.811099,0.808406,0.753100,0.808861,0.839301,0.828763,0.776619,0.804211,0.784576,0.753802,0.808173,0.807687,0.820933,0.754801,0.775298,0.775184,0.823895,0.760797,0.795978,0.818695,0.825342,0.812302,0.781146,0.808112,0.780458,0.788274,0.746639,0.798066,0.845271,0.829201,0.821150,0.800727,0.785848,0.810844,0.770684,0.820923,0.836298,0.788243,0.793362,0.811097,0.748475,0.779543,0.778564,0.765481,0.785805,0.796332,0.852092,0.841232,0.813411,0.790256,0.778307,0.787227,0.776010,0.791549,0.790768,0.771923,0.751019,0.820253,0.821855,0.803183,0.800255,0.822523,0.786723,0.825712,0.828366,0.809049,0.805168,0.805716,0.789222,0.773224,0.776845,0.756989,0.773002,0.808902,0.779434,0.762237,0.824558,0.801508,0.749259,0.763290,0.823686,0.826900,0.750421,0.810054,0.810843,0.741197,0.770307,0.800525,0.808145,0.760661,0.779197,0.796264,0.805390,0.766066,0.825173,0.774759,0.778865,0.733477,0.798053,0.747664,0.762377,0.769204,0.791499,0.797504,0.823291,0.816386,0.823977,0.798616,0.764492,0.781113,0.795412,0.831244,0.825072,0.804106,0.754421,0.785539,0.812443,0.800831,0.797273,0.828549,0.824394,0.800642,0.816243,0.849885,0.800340,0.777848,0.741204,0.801262,0.761131,0.826210,0.753373,0.807357,0.821707,0.771528,0.754922,0.815851,0.827284,0.864603,0.781067,0.811398,0.750371,0.810872,0.796252,0.842471,0.770215,0.822933,0.794610,0.757022,0.758382,0.803625,0.773376,0.832434,0.790884,0.790515,0.787419,0.832915,0.767948,0.797083,0.843388,0.780102,0.795214,0.785563,0.817840,0.803105,0.813894,0.825807,0.780922,0.769902,0.842272,0.760204,0.773771,0.780340,0.787330,0.807145,0.800782,0.793114,0.807721,0.779682,0.835960,0.787118,0.769003,#
18,0.809078,0.795648,0.773134,0.826868,0.799308,0.776054,0.784232,0.813854,0.788978,0.783859,0.773809,0.823120,0.805283,0.807657,0.725544,0.774306,0.813006,0.783997,1.000000,0.812033,0.792168,0.796740,0.806018,0.795181,0.760842,0.791414,0.804999,0.789407,0.763533,0.808219,0.756247,0.811879,0.810402,0.825526,0.793560,0.823319,0.773091,0.784824,0.798465,0.793124,0.823384,0.706068,0.782844,0.763344,0.824446,0.758251,0.842473,0.797839,0.789326,0.758961,0.762028,0.761338,0.811000,0.760338,0.807372,0.824013,0.764874,0.812181,0.802698,0.795145,0.795772,0.758000,0.775879,0.769984,0.829711,0.778658,0.773383,0.800295,0.770016,0.790121,0.813549,0.764619,0.819566,0.772304,0.818715,0.744610,0.820715,0.782187,0.821703,0.778048,0.791990,0.755575,0.807836,0.814595,0.833429,0.809115,0.782469,0.766861,0.785010,0.744229,0.773469,0.767845,0.824275,0.773532,0.797357,0.760051,0.771318,0.815690,0.805094,0.815719,0.804199,0.761811,0.801728,0.811574,0.794538,0.824363,0.767285,0.783780,0.796349,0.759522,0.813135,0.777822,0.822697,0.820711,0.723052,0.761240,0.777684,0.772101,0.774134,0.753899,0.756472,0.818003,0.773586,0.803896,0.803121,0.760007,0.813310,0.745275,0.819922,0.760411,0.801079,0.803436,0.792777,0.762740,0.809367,0.806807,0.849297,0.781711,0.791587,0.781158,0.751500,0.824965,0.780136,0.823983,0.746358,0.782877,0.783865,0.717207,0.825736,0.784273,0.774490,0.850341,0.770532,0.745886,0.792388,0.799271,0.806931,0.828078,0.806680,0.752515,0.812949,0.774436,0.826495,0.793461,0.818285,0.788345,0.842950,0.777872,0.754557,0.757699,0.792500,0.834311,0.800874,0.773507,0.761090,0.795052,0.778183,0.850028,0.761483,0.796525,0.771271,0.786676,0.781947,0.775457,0.778066,0.812349,0.767060,0.763945,0.756598,0.797167,0.794838,0.786707,0.743763,0.827292,0.796244,0.774100,0.747606,0.821184,0.788138,0.766593,#
19,0.790267,0.799924,0.777901,0.777053,0.827868,0.799826,0.747302,0.767182,0.816951,0.753316,0.738420,0.769486,0.759966,0.768257,0.744966,0.779904,0.771559,0.811099,0.812033,1.000000,0.764760,0.760599,0.781824,0.792244,0.741430,0.705219,0.791901,0.744588,0.772354,0.792364,0.787568,0.829837,0.775280,0.767692,0.736565,0.797415,0.719394,0.766213,0.782533,0.798338,0.798894,0.706083,0.772170,0.769742,0.759253,0.747249,0.829997,0.788694,0.794332,0.709421,0.698660,0.766891,0.763491,0.759503,0.794100,0.757848,0.800992,0.762842,0.774321,0.698567,0.786000,0.740662,0.806667,0.770852,0.803785,0.809444,0.767923,0.769464,0.760330,0.752328,0.763190,0.778416,0.804916,0.761547,0.774916,0.714043,0.757375,0.749118,0.752085,0.733526,0.780475,0.731018,0.814940,0.761311,0.782166,0.753357,0.758476,0.797494,0.775881,0.704239,0.739643,0.764245,0.786247,0.773707,0.752866,0.733199,0.762855,0.753355,0.765588,0.801507,0.800906,0.752982,0.763697,0.762947,0.753534,0.753081,0.758382,0.754107,0.752240,0.695188,0.742756,0.760771,0.787018,0.811073,0.736605,0.755574,0.760504,0.764069,0.728384,0.698018,0.733471,0.790111,0.752008,0.814694,0.800332,0.749543,0.760381,0.759556,0.824452,0.821089,0.766523,0.813259,0.769374,0.773074,0.799608,0.802954,0.781160,0.764948,0.762193,0.767269,0.745090,0.763682,0.776613,0.779497,0.710456,0.730610,0.741781,0.685970,0.794169,0.750396,0.761051,0.819501,0.735620,0.701228,0.800566,0.757783,0.809466,0.788147,0.797509,0.764463,0.759667,0.788099,0.783591,0.753644,0.773399,0.753494,0.736246,0.769170,0.755069,0.742476,0.759852,0.796127,0.769299,0.758912,0.801702,0.748870,0.776507,0.852281,0.738181,0.728735,0.702416,0.799028,0.788261,0.817729,0.782635,0.747200,0.736556,0.768967,0.763697,0.780443,0.765205,0.758480,0.762559,0.805166,0.746266,0.778439,0.731212,0.755900,0.758453,0.741424,#
20,0.823288,0.792488,0.753887,0.760181,0.782568,0.772950,0.817916,0.778248,0.781208,0.804033,0.752447,0.755894,0.760739,0.773709,0.755492,0.764850,0.859749,0.808406,0.792168,0.764760,1.000000,0.761693,0.755557,0.808043,0.741345,0.777779,0.798540,0.770071,0.736491,0.792825,0.771100,0.810746,0.771597,0.815618,0.788936,0.810326,0.776667,0.752716,0.812337,0.802732,0.781606,0.794435,0.760928,0.807996,0.795195,0.746768,0.799609,0.780585,0.779332,0.770280,0.761513,0.801514,0.787194,0.783925,0.798053,0.803709,0.761355,0.799396,0.789355,0.745756,0.806900,0.746387,0.817702,0.758139,0.811954,0.798681,0.815845,0.757671,0.801162,0.764544,0.766785,0.768414,0.770456,0.780321,0.785887,0.702466,0.765281,0.800025,0.778191,0.783067,0.790354,0.820672,0.794926,0.832582,0.778372,0.784966,0.798018,0.763679,0.766972,0.778086,0.771638,0.784915,0.787856,0.798106,0.805514,0.762362,0.742708,0.737597,0.796721,0.789981,0.795422,0.771819,0.807817,0.805487,0.784165,0.737876,0.795470,0.801887,0.789350,0.789674,0.793517,0.794195,0.753768,0.759051,0.784904,0.767265,0.754631,0.796285,0.723402,0.730479,0.796919,0.795765,0.759705,0.844254,0.796117,0.797846,0.750252,0.738474,0.778920,0.770289,0.798120,0.768880,0.801451,0.788554,0.807270,0.781097,0.761239,0.800308,0.795709,0.821472,0.757511,0.778375,0.763619,0.796235,0.759001,0.737835,0.785554,0.747141,0.783362,0.807157,0.798414,0.816373,0.768322,0.746476,0.811955,0.776317,0.793621,0.787263,0.784791,0.758976,0.778596,0.797031,0.786144,0.779571,0.828109,0.713084,0.761578,0.730804,0.779922,0.766337,0.792811,0.776547,0.807747,0.768622,0.771914,0.772801,0.757555,0.837249,0.778785,0.786657,0.741450,0.755623,0.791589,0.773381,0.746804,0.793934,0.754696,0.797026,0.751404,0.755546,0.725333,0.746647,0.779251,0.810339,0.761109,0.731778,0.781111,0.794288,0.777910,0.773777,#
21,0.757581,0.835303,0.749377,0.780837,0.763342,0.775917,0.720546,0.747870,0.804724,0.746996,0.724981,0.744860,0.706319,0.744467,0.717395,0.767925,0.800200,0.753100,0.796740,0.760599,0.761693,1.000000,0.777147,0.802602,0.715586,0.699984,0.804544,0.722041,0.715382,0.734335,0.756701,0.759736,0.778009,0.785629,0.760803,0.804817,0.756176,0.759250,0.776319,0.742859,0.759104,0.752987,0.759108,0.741088,0.794074,0.737802,0.767595,0.789240,0.778034,0.726964,0.717023,0.775334,0.752339,0.714151,0.783561,0.777776,0.756130,0.755938,0.822632,0.690501,0.763702,0.756733,0.730140,0.729853,0.816221,0.753873,0.763326,0.766794,0.767118,0.755864,0.741673,0.778600,0.782601,0.759675,0.797208,0.733712,0.734685,0.761442,0.755215,0.758352,0.737342,0.733871,0.784631,0.774899,0.832293,0.754334,0.737734,0.762895,0.782627,0.754843,0.677835,0.698856,0.781551,0.717626,0.765860,0.738379,0.746398,0.721281,0.750878,0.787177,0.764634,0.763954,0.751308,0.763884,0.685344,0.814922,0.731885,0.741420,0.749530,0.764301,0.782005,0.758945,0.769322,0.791617,0.663125,0.714240,0.753177,0.791380,0.716773,0.708541,0.737883,0.745597,0.751322,0.776944,0.777129,0.695969,0.761701,0.770858,0.760302,0.782656,0.775280,0.797513,0.754440,0.737930,0.800962,0.742702,0.727935,0.718052,0.736763,0.772112,0.757794,0.775262,0.740889,0.741583,0.719320,0.727088,0.753219,0.690854,0.728594,0.745797,0.752388,0.818266,0.731147,0.727271,0.766854,0.759696,0.803742,0.737788,0.727132,0.723946,0.787645,0.778175,0.793598,0.774618,0.803904,0.729725,0.778020,0.762099,0.695929,0.744078,0.774572,0.752510,0.745320,0.753733,0.746135,0.756925,0.696118,0.803307,0.746736,0.739507,0.709759,0.765197,0.745218,0.775116,0.742428,0.788060,0.755423,0.677172,0.725762,0.774731,0.744865,0.733315,0.733674,0.760953,0.748304,0.731485,0.758956,0.780026,0.678268,0.778314,#
