0,1.000000,-0.020592,-0.032742,0.024047,-0.018133,0.106014,-0.098819,0.067939,0.040299,-0.103707,-0.124399,-0.006869,0.141835,-0.275783,0.217518,-0.117082,0.057679,0.016679,-0.014843,0.155015,-0.084940,-0.104399,0.064964,0.050174,0.060310,0.006848,0.179132,0.015653,-0.114308,0.053697,-0.092899,-0.045607,-0.045409,-0.212918,0.152952,0.056608,0.076727,-0.063904,0.101916,0.058605,-0.045629,-0.076942,0.137325,0.078136,-0.067960,-0.040608,0.066420,-0.038546,-0.132252,0.012689,0.092708,-0.006906,0.145953,0.199352,-0.050768,0.124400,-0.123847,0.009740,-0.088654,-0.128376,0.222212,-0.143718,-0.005126,0.076103,-0.072859,0.205393,-0.151941,0.195661,-0.101579,0.036007,0.014654,-0.039812,0.029945,-0.093418,0.063526,-0.081082,-0.162372,-0.098531,-0.137698,-0.060844,0.234078,0.099908,-0.205277,-0.078023,-0.044757,0.197840,-0.016321,-0.227704,-0.198376,-0.039136,-0.022777,-0.005417,-0.087382,0.022614,0.028020,0.116792,-0.046534,-0.042690,0.043904,0.109754,-0.106608,-0.057344,-0.102668,-0.021259,0.106987,-0.130720,-0.203391,0.062391,0.082575,-0.028186,0.161060,-0.093488,-0.029145,-0.041175,-0.027151,0.047943,-0.095349,-0.131615,0.114589,0.079547,0.007211,0.195657,0.081281,0.110869,-0.007602,0.074279,0.027590,0.029420,-0.080873,-0.083137,-0.040417,-0.017219,-0.031158,-0.084978,-0.050310,-0.107724,0.132171,0.142190,-0.064981,-0.023704,-0.147811,0.153464,-0.116883,0.116873,0.075692,-0.072177,-0.021745,0.011699,0.133101,0.001397,-0.011377,-0.207745,0.004165,-0.064557,-0.039256,-0.003243,-0.058916,0.010186,0.115353,0.092664,0.110423,0.225627,-0.138717,-0.138232,0.051946,0.049067,0.036094,-0.066676,0.165428,0.070340,0.114198,-0.068465,0.172345,0.042018,0.101113,-0.234559,-0.011679,0.030753,0.072619,-0.017906,-0.141229,0.062015,-0.180122,0.030442,0.053205,-0.034855,0.012587,0.195244,0.020303,0.105051,-0.072126,0.031186,0.079533,-0.055491,-0.062589,-0.062226,-0.088096,-0.078584,0.000119,0.049885,#
1,-0.020592,1.000000,-0.111280,0.215691,0.074971,0.103816,-0.020614,-0.071028,-0.058540,-0.051494,0.019171,-0.062186,0.097519,0.120020,-0.095845,-0.040015,0.130124,-0.019078,0.083663,0.021993,0.254570,0.180702,0.174733,0.280523,0.032361,-0.008758,0.095554,-0.092121,-0.138937,-0.113429,-0.005536,0.236331,0.106947,-0.019922,0.094761,0.097316,-0.118112,0.097743,-0.028678,0.078632,0.055869,0.034626,-0.049058,0.055100,0.020077,0.248473,0.088298,0.051908,0.007368,0.034323,0.130026,0.226272,0.154288,0.019769,0.040973,0.217563,-0.192082,0.064476,0.182401,0.043714,0.032062,0.006361,-0.126225,-0.108722,-0.088578,0.016004,0.078476,0.165255,0.159604,0.178666,0.064140,0.074849,0.266198,0.007977,-0.046526,-0.076180,0.107249,0.053460,0.100593,-0.024514,0.073795,0.192663,0.189818,0.052723,0.042902,0.032044,0.015388,-0.101093,0.045256,0.099874,0.046481,-0.006830,0.065422,-0.077383,-0.080424,-0.024147,0.082586,-0.034145,-0.095859,0.121557,-0.003582,0.164999,0.055719,0.169171,0.075795,-0.008244,-0.088435,0.217160,-0.033464,-0.058437,0.108470,0.108799,-0.087620,0.029579,-0.006363,0.039016,0.310429,0.277288,0.081348,-0.089407,0.207473,0.143931,-0.025630,0.141001,-0.052687,0.069506,0.244303,0.169613,0.120568,0.092285,-0.038370,-0.061068,-0.053473,0.180492,-0.043986,-0.027426,0.004337,-0.034763,0.135066,-0.053846,-0.045265,0.008950,-0.092097,-0.091583,-0.081687,-0.044196,0.100541,-0.106459,-0.039283,0.007768,0.061898,0.054409,-0.095480,0.061889,0.170652,-0.053203,0.062357,0.055573,-0.002054,-0.006299,-0.049264,0.170724,0.158494,0.100952,0.010784,-0.048810,-0.053842,0.154859,-0.077725,0.114487,0.162144,-0.092575,0.062433,0.078408,0.102621,0.012235,0.060181,0.104323,0.068293,-0.072129,0.001168,-0.092068,-0.041460,-0.142514,-0.031087,0.186145,0.012684,-0.179376,0.051174,0.040584,-0.000281,0.070264,-0.015139,0.191896,0.165550,0.045882,0.137153,-0.104863,0.031317,0.067960,#
2,-0.032742,-0.111280,1.000000,-0.038782,-0.115346,0.006075,0.021270,0.144901,-0.122119,0.083024,0.019109,-0.120965,0.004407,-0.088543,-0.029197,-0.113154,0.062189,0.059614,0.090966,0.082728,0.092377,-0.006026,-0.227010,-0.000650,-0.088418,-0.131810,0.003727,-0.032502,-0.089599,0.091406,-0.001372,0.035395,0.124012,0.071451,0.141980,0.034884,0.191088,-0.062420,0.136092,0.091526,0.255377,0.110802,-0.088466,-0.070739,-0.002832,0.136209,0.103913,-0.069259,-0.042262,0.216698,-0.057601,-0.114194,-0.041523,0.177376,0.151835,0.103636,0.084007,-0.045117,-0.164141,-0.045823,0.083411,0.069833,-0.004307,0.175228,-0.019141,-0.029648,0.275469,-0.198819,0.258625,0.056582,0.159639,-0.014826,-0.030468,0.204864,-0.050517,-0.050542,0.078680,0.218181,0.096315,0.251209,-0.028058,0.132908,0.007302,0.151353,0.081094,0.254754,0.140541,0.190035,0.023368,0.014653,0.255039,0.035009,-0.019327,-0.157883,0.284453,-0.010224,-0.104564,0.005442,0.077366,-0.018765,0.067541,-0.131653,-0.176223,0.057591,0.128295,0.214949,0.022075,-0.070795,0.298265,0.005925,0.081485,0.044395,0.066685,-0.120058,0.038622,-0.086426,-0.117878,-0.052243,0.111565,-0.080953,0.003792,0.091399,0.025698,-0.040698,0.125918,0.209274,-0.002670,0.048952,-0.047283,0.087947,0.054248,0.128086,0.161078,0.147953,-0.123633,-0.112648,-0.172654,-0.055590,-0.111151,0.041759,0.122400,0.006910,-0.056347,-0.071000,-0.021859,0.108389,0.147497,0.012812,0.132868,-0.105800,0.105325,-0.038920,-0.059618,0.156530,-0.085004,0.201964,0.014055,0.004714,-0.038163,-0.114573,0.015884,-0.301264,0.019822,0.028165,-0.074822,0.027929,0.114419,-0.006117,-0.053728,0.054304,0.074181,-0.056398,0.041356,-0.067543,0.087719,0.123621,0.161069,0.071034,-0.013057,-0.084139,-0.070560,0.141522,0.110413,0.184786,-0.031718,0.103786,0.000262,0.141018,0.028353,-0.097472,-0.159509,0.069013,0.013458,0.148668,0.042578,0.256849,0.161820,-0.034735,-0.055748,-0.103844,#
3,0.024047,0.215691,-0.038782,1.000000,0.088571,0.091830,-0.115034,0.082126,0.074607,0.032883,-0.039317,0.002828,0.213747,-0.033363,-0.039425,-0.034738,0.131370,-0.052190,0.027862,-0.018016,0.187597,0.222403,0.060159,-0.032597,0.188035,0.219940,0.144971,0.100310,0.036353,0.005214,-0.068821,0.184154,0.094576,0.134662,0.111254,0.049530,-0.053711,0.056074,-0.070513,0.167323,0.076444,0.087156,-0.004207,-0.068850,0.196584,0.191755,-0.011001,0.212835,0.142227,0.030854,0.069592,0.052295,0.157507,0.103092,0.203813,0.086616,-0.206711,0.061311,0.318302,0.010693,0.153371,0.110638,-0.088150,0.079547,0.073222,0.208620,-0.043466,-0.004104,0.040492,0.226342,-0.046996,0.116782,0.283773,0.164393,0.009221,0.008533,0.002880,-0.003156,0.128435,0.167950,0.105609,0.091376,-0.009958,0.039257,-0.008260,0.080237,0.015503,0.087899,0.001230,0.080445,-0.094115,0.081802,0.166613,0.001849,0.152912,0.149412,0.053028,0.052554,-0.184194,0.204529,0.042877,-0.123618,-0.112847,0.107442,0.071033,0.086454,0.120392,0.282287,-0.023227,0.011389,0.032251,0.173748,0.038090,0.124627,0.081333,0.018529,0.246526,0.108970,0.093478,0.021481,-0.048965,0.043996,-0.055955,0.114947,0.044427,0.084995,0.252482,0.158463,-0.011665,0.155634,-0.010453,0.047753,-0.024119,0.301191,0.124668,0.014872,0.137461,-0.044774,0.097827,0.055483,0.061056,-0.001085,-0.085540,-0.007612,-0.201819,0.109280,0.040700,0.088336,0.095774,-0.143686,-0.048214,-0.043167,0.075975,0.047240,0.115367,0.011659,0.154249,0.136890,-0.045051,0.156800,0.211395,0.215894,0.086705,0.326176,0.143031,0.034251,-0.010059,-0.002454,0.035084,0.147411,0.164541,0.013868,0.009132,0.073861,-0.145673,0.196114,0.042483,-0.022916,0.138412,0.019088,-0.041350,0.173652,-0.038450,0.122961,-0.012618,0.111653,-0.056745,-0.118314,0.206653,0.085292,-0.085763,0.075384,0.128419,0.086850,0.105230,0.087038,0.120455,-0.007547,-0.016407,0.195811,#
4,-0.018133,0.074971,-0.115346,0.088571,1.000000,0.098734,0.057757,-0.021606,-0.099413,0.047206,0.114499,-0.099016,-0.112446,-0.124127,0.051856,0.055472,-0.085770,-0.051979,-0.214889,0.022990,0.067930,0.162664,0.256939,0.079816,-0.023362,-0.138590,-0.031826,0.024320,0.168616,0.072297,0.111949,-0.019387,0.062897,-0.038082,0.051577,0.139984,-0.116915,-0.117350,0.040298,0.188384,-0.094230,0.062612,0.102528,0.081226,0.253774,-0.111533,0.182324,-0.014004,-0.135358,-0.061082,0.171962,0.143803,-0.024654,-0.153244,0.008649,0.068499,-0.065873,0.151209,0.215511,-0.059432,-0.027769,0.081032,0.130426,0.015875,0.196517,0.293944,0.016396,-0.068968,-0.027667,0.054484,0.175534,0.010654,-0.048812,-0.072305,0.018947,0.145424,0.102719,0.015738,0.109743,0.027226,-0.134126,0.157527,0.067949,-0.146208,0.070531,-0.102374,0.021461,0.061318,0.112496,0.145084,-0.124985,-0.136102,0.036553,-0.067826,0.091192,0.120382,0.152929,0.066934,-0.110776,-0.040882,-0.030404,0.167983,-0.055440,0.122557,0.013993,-0.157614,0.079556,0.066429,0.000275,0.167065,-0.090291,0.043563,0.236090,0.261348,0.021069,0.002141,-0.097091,0.311376,-0.073210,0.102790,0.045371,0.071706,0.012158,0.027261,0.062642,0.092407,0.176074,-0.038610,0.165881,0.106662,0.175220,0.061684,-0.095845,0.050536,0.097461,0.008709,-0.017257,0.172752,0.009838,0.053556,-0.134780,0.236506,-0.011949,0.161867,-0.056484,0.148923,0.036067,-0.144514,0.069064,0.040030,-0.118032,0.188581,0.005168,-0.155213,0.142303,-0.102089,0.132870,0.206585,0.174823,0.042010,-0.112758,0.223235,0.010923,0.177958,0.093245,-0.035863,0.114620,0.048474,-0.042218,0.045036,0.032214,0.003259,0.023363,0.006056,-0.007536,0.036047,0.043538,0.137439,0.051828,0.154366,0.134926,0.012110,0.094633,0.100363,0.222979,0.141204,-0.015228,0.092219,-0.032768,0.064012,0.068012,-0.068405,0.085604,0.012489,0.122087,-0.157643,-0.024463,-0.037277,0.001230,0.114497,#
5,0.106014,0.103816,0.006075,0.091830,0.098734,1.000000,-0.066279,0.077602,0.031894,0.081388,-0.100145,-0.138612,0.077832,-0.129603,-0.038451,-0.076233,0.056759,-0.017091,0.130621,0.182625,-0.010203,-0.126024,-0.017591,0.041819,0.162391,0.185198,0.098786,0.136057,-0.094626,0.166862,-0.026162,0.066097,0.053043,0.217917,0.092277,0.079957,0.035380,-0.102025,-0.024868,0.135850,-0.111784,0.059613,0.018507,0.016139,0.102528,0.049881,-0.102771,0.218242,-0.036643,0.091070,0.152773,-0.067327,-0.012558,0.002850,0.157275,0.271497,-0.071017,0.001605,0.085148,0.036842,-0.098743,-0.189350,-0.001954,0.171777,-0.052054,0.024794,-0.132512,-0.006302,0.051031,0.135162,0.199066,0.091278,0.056801,0.091770,0.057356,-0.043301,-0.128228,0.216086,0.048095,0.015199,-0.002693,0.160093,0.035202,-0.017376,-0.061311,-0.019053,0.001353,-0.072425,0.095769,-0.019844,0.180292,-0.143479,-0.038393,-0.034455,0.039227,-0.236915,0.178467,0.137560,0.107431,-0.084013,0.112042,-0.013857,0.165401,0.132563,0.035300,-0.054340,0.061005,0.122780,-0.109483,0.077284,0.005982,0.041624,0.049485,-0.015106,-0.086445,-0.128575,0.262891,0.178229,0.136746,0.006331,-0.048400,0.083383,0.003326,0.149604,0.032621,0.102658,0.306872,-0.046994,0.031502,-0.171808,-0.018122,0.107893,0.113608,0.192792,-0.007279,-0.157420,-0.174219,0.091397,-0.071248,-0.010485,-0.077809,-0.064842,0.018165,-0.014238,0.311749,0.028791,-0.032821,0.130654,0.042789,0.119229,0.217475,0.044671,0.240674,0.006145,0.109049,-0.008169,0.112688,0.028247,0.065358,0.018161,0.041336,0.180847,0.037431,0.059438,0.051166,-0.136400,-0.211724,0.151435,0.097532,0.029325,0.231468,0.077193,0.003115,0.010800,-0.149138,0.229447,0.208085,0.059563,0.152521,0.126731,0.091454,-0.060344,-0.251027,0.061500,-0.008683,0.120106,0.046442,0.116509,0.236017,0.159383,-0.108506,0.174182,0.046520,0.194368,0.093558,0.067936,-0.035062,0.108331,0.037788,0.188272,#
6,-0.098819,-0.020614,0.021270,-0.115034,0.057757,-0.066279,1.000000,-0.090866,0.068551,0.164795,0.199063,-0.011068,-0.003090,-0.155198,-0.192886,0.362771,0.180275,0.130101,-0.013449,-0.087925,-0.059137,0.008216,-0.085118,-0.056852,0.131506,0.077462,-0.066980,0.024298,0.120197,-0.033249,0.039885,0.123882,0.037781,0.091932,0.024898,0.014595,0.049541,0.066881,-0.063499,-0.050032,0.061109,0.051956,0.242037,0.157397,-0.043070,-0.054955,0.052157,0.093159,-0.066484,0.057684,-0.056137,0.000185,-0.030007,-0.154092,0.028795,-0.012720,0.042538,0.031907,0.002556,-0.155492,0.185913,0.051207,0.045578,-0.040222,0.169247,0.007598,0.020201,0.044659,0.021684,-0.058077,0.174994,0.215700,-0.117576,0.015268,-0.026845,0.131418,0.212908,0.150467,0.223435,0.052146,-0.012716,0.120418,-0.097552,0.198657,0.041158,-0.136230,0.112183,0.053469,-0.054555,-0.029472,-0.019827,0.038285,-0.025656,-0.019809,0.078113,0.057417,0.135904,0.062097,-0.050577,-0.040975,0.027934,0.158174,-0.025545,0.025242,0.150019,-0.051921,0.020738,0.089296,0.210519,-0.102394,-0.047828,-0.026697,0.034420,0.146395,0.001720,0.159785,-0.150302,0.035269,-0.086735,0.148835,-0.009851,0.064906,-0.249829,-0.045874,0.025216,-0.004113,-0.041645,-0.028839,0.102658,0.007993,0.132676,0.055087,0.003244,-0.035812,0.035941,-0.052022,0.102581,-0.073447,0.056573,0.196189,-0.005133,-0.024742,-0.119251,-0.008380,0.002929,0.157250,0.050799,0.158505,0.023680,-0.007134,-0.026369,0.072129,-0.118831,-0.035777,-0.027212,-0.041641,-0.015385,-0.240382,-0.138789,0.124172,-0.061102,0.014873,-0.085853,-0.022189,-0.109123,0.028727,0.074340,-0.041734,0.031722,0.006337,-0.036153,0.193226,-0.212419,-0.123926,0.023023,0.178213,0.054774,0.106593,-0.040427,-0.089047,0.079943,0.026295,0.001228,0.060956,-0.001212,-0.031813,0.113469,-0.137468,0.105919,0.026061,-0.007408,0.064082,-0.107401,0.004598,0.024397,0.129407,0.111692,-0.077492,-0.017140,0.019762,#
7,0.067939,-0.071028,0.144901,0.082126,-0.021606,0.077602,-0.090866,1.000000,0.132643,-0.090803,-0.126017,-0.148450,0.169520,0.000027,0.069732,-0.061689,0.011063,0.169967,0.083637,0.129583,0.167195,-0.016247,0.007902,-0.095647,0.007968,0.200113,0.032492,-0.094527,0.046472,0.162241,-0.062917,0.010339,0.076534,0.026773,0.064259,0.122449,-0.093336,0.090859,0.279597,0.112785,0.060421,0.228945,-0.048470,-0.036498,-0.030909,0.104295,0.128574,0.170625,0.217174,0.067084,-0.057969,0.103074,0.113176,0.059221,0.163806,-0.035599,0.001568,-0.243927,0.192468,0.272299,-0.012871,0.163027,0.020032,0.055593,0.095948,0.051396,0.112900,-0.098622,-0.178192,-0.051367,0.135577,-0.007816,0.080202,0.134141,-0.014549,-0.042885,-0.069990,0.029172,-0.037823,0.037104,0.225076,0.074891,0.088582,0.093016,-0.010337,0.208655,-0.007554,0.095701,-0.043404,0.117304,0.109419,-0.025347,0.182556,-0.026705,0.166637,0.144873,0.112039,0.222822,0.192849,0.052170,-0.010472,-0.077842,-0.222536,-0.113450,0.092306,-0.009641,-0.090696,0.168354,0.129048,-0.058611,0.167812,0.050614,0.190158,0.088940,0.159001,0.042323,-0.033594,-0.013124,0.139215,0.134536,0.120235,0.079435,0.092434,0.034145,0.068070,0.148267,-0.000388,0.092728,0.005579,0.093442,0.011343,0.139209,0.174772,-0.096576,-0.074271,-0.058596,-0.091841,0.225702,0.010809,0.012263,-0.101016,0.001500,0.008094,0.005946,0.124726,0.120128,0.072222,0.000035,-0.078801,-0.055831,-0.113012,0.131714,-0.000055,-0.122350,0.041509,0.240828,0.160233,0.073376,0.042812,-0.037869,0.109187,-0.042771,0.114983,0.006840,-0.017807,-0.036480,0.017413,-0.028571,-0.238181,-0.100786,0.150599,-0.045106,0.104557,0.082550,0.105078,-0.113687,-0.028143,-0.023388,0.115461,0.012933,0.087336,0.049007,-0.053379,0.135749,0.098792,0.144350,0.115913,0.053194,0.152704,0.224994,0.130721,0.034121,0.046645,0.046846,0.100387,0.068097,0.049587,0.114864,0.029872,0.035321,#
8,0.040299,-0.058540,-0.122119,0.074607,-0.099413,0.031894,0.068551,0.132643,1.000000,0.014408,0.014264,0.115775,0.081115,0.105275,0.039487,0.139224,0.000863,0.009118,-0.126803,0.104024,0.161891,0.023379,-0.066133,0.046910,0.242829,0.099958,0.082215,-0.186336,-0.039300,0.021701,0.048075,0.047612,0.053715,-0.041660,-0.027315,0.325840,0.034015,0.049353,-0.094172,-0.020068,0.019900,-0.038635,0.280341,0.145272,-0.024593,-0.057445,-0.034918,-0.020083,0.112139,0.061483,0.040247,0.088563,0.125672,-0.024476,-0.054781,0.051987,0.022375,-0.028964,0.003713,-0.039945,0.144292,0.130373,0.160740,0.156907,0.069207,0.110583,0.115519,0.118448,0.128924,-0.085353,0.117615,0.234748,0.124183,-0.035605,-0.003265,-0.072330,-0.068551,-0.000929,0.133391,0.039914,0.085335,0.075036,-0.128993,-0.008920,0.058991,0.007640,0.142377,0.061732,-0.074108,-0.084872,0.106096,-0.021563,-0.082459,-0.022250,-0.101750,-0.018868,0.255213,0.185259,0.234254,0.207355,-0.014064,-0.274173,0.089359,0.206571,-0.128118,0.110894,0.017268,-0.012231,-0.080301,0.188244,-0.045285,-0.010893,-0.013290,0.005792,-0.132583,0.063255,0.131509,-0.007640,-0.043983,0.111454,0.052241,0.045778,0.083761,0.167985,0.042578,0.075640,-0.129527,-0.035759,0.173182,0.165184,-0.073456,0.217407,0.084590,-0.066213,-0.102867,0.118910,0.028322,0.013559,0.149482,0.019008,-0.080290,-0.109302,-0.038524,-0.289147,0.078933,0.002636,0.020602,0.269405,-0.015545,0.096114,-0.058347,0.171261,-0.082247,0.168781,0.139215,0.008513,0.079621,0.113394,0.219680,-0.128925,0.062783,-0.104855,-0.012289,-0.127352,-0.132855,-0.003476,-0.002759,0.149600,0.081729,-0.139108,0.024798,0.184693,-0.195768,0.031639,0.103070,0.024927,0.084467,-0.041265,0.104986,0.063646,0.112802,-0.027383,0.021271,-0.005463,-0.041279,-0.052751,0.211387,0.055357,0.005325,0.157807,0.142158,0.123091,0.121924,0.062935,-0.004428,-0.135334,-0.243572,0.011772,-0.054882,0.225088,#
9,-0.103707,-0.051494,0.083024,0.032883,0.047206,0.081388,0.164795,-0.090803,0.014408,1.000000,-0.001371,-0.052410,0.092496,-0.087568,0.037915,0.115157,-0.001041,0.076543,-0.159169,-0.123107,0.003537,-0.017017,-0.130756,0.033501,0.070254,-0.087717,0.107380,0.076343,-0.106623,-0.126538,-0.050700,0.086899,-0.042497,-0.001933,-0.013496,0.091007,0.097270,-0.039694,-0.008117,0.015375,-0.108962,-0.028075,-0.036400,-0.025356,0.044783,-0.057662,-0.046046,0.110640,0.133125,0.171678,0.108333,-0.028249,-0.113167,-0.122830,-0.080908,-0.022090,0.116898,0.116954,-0.171440,0.015167,0.085804,0.024620,0.034723,-0.144469,-0.135655,0.085338,-0.050377,-0.034274,0.115309,-0.011433,0.142494,0.074526,-0.008239,0.043304,-0.165439,-0.037594,0.152365,0.064447,0.012668,0.154642,0.010103,0.130521,-0.019284,0.089970,0.119990,0.027751,0.166439,0.186705,-0.007754,0.101348,0.156967,-0.132846,0.043625,-0.134235,0.132817,-0.062529,0.010454,-0.024704,0.084331,0.104637,0.125311,0.130850,0.059149,0.000430,0.029797,0.037190,-0.130753,0.242733,0.121428,0.009895,-0.027729,0.167415,-0.035570,0.012407,0.020083,0.126258,-0.055238,0.084430,0.106916,0.140783,-0.193236,0.090656,-0.041525,-0.011166,0.160629,0.163031,0.006738,0.053727,0.068254,-0.014280,-0.043220,0.006782,-0.029304,-0.005525,0.092413,-0.175330,0.056106,0.007746,-0.019465,0.005982,0.155796,0.074413,0.132725,0.155853,0.085699,0.301666,-0.019798,0.169508,0.048521,0.016190,-0.027182,0.094340,0.058300,0.037405,-0.014614,-0.048003,0.016469,0.090245,0.226597,0.043296,-0.051471,0.063808,0.193053,0.062094,-0.010747,0.041849,-0.158145,0.135851,0.128666,0.067301,0.080730,-0.019497,-0.011596,-0.266685,-0.067041,0.163732,0.274292,0.114981,-0.056628,0.092823,0.116009,0.130336,0.100056,0.013646,0.088899,0.040154,0.073176,0.078072,0.137452,-0.002566,-0.162063,-0.090339,-0.025752,-0.088979,-0.145469,0.036957,0.074272,0.082283,-0.043656,-0.040924,#
10,-0.124399,0.019171,0.019109,-0.039317,0.114499,-0.100145,0.199063,-0.126017,0.014264,-0.001371,1.000000,0.101178,-0.031950,-0.069749,-0.145740,0.150396,0.184180,-0.023142,0.028801,-0.066234,0.031358,0.075244,-0.154687,0.178860,-0.004644,0.070026,-0.046432,0.035240,0.070428,0.011715,0.026433,-0.004567,0.041315,0.093300,-0.005657,-0.030468,0.124683,-0.008996,-0.124247,-0.082018,0.088283,-0.107410,0.045903,-0.077525,-0.016634,0.037040,0.239316,0.023796,-0.043909,0.147426,-0.063240,0.201972,0.025997,-0.127299,-0.024399,0.250206,0.040330,0.115773,-0.144066,0.029026,0.064664,0.014548,0.153747,0.141661,0.028259,-0.047835,0.178956,-0.050355,0.137046,-0.103970,0.247998,0.162365,0.007890,-0.062359,0.077502,0.187983,-0.142353,0.009410,0.166685,-0.097016,0.026674,-0.057384,0.018802,-0.106645,0.000083,0.057682,0.123339,-0.076563,-0.068806,0.234832,-0.010706,0.139878,0.134382,-0.210865,-0.056299,0.004194,0.053692,0.171496,-0.029452,-0.018102,-0.042150,-0.007197,-0.050313,0.036574,-0.040297,0.080543,0.249640,-0.139295,0.013461,0.030163,0.010138,0.021002,0.152971,0.160959,0.013357,0.079913,-0.070933,0.138671,-0.013182,-0.051157,0.039871,0.071140,-0.093879,-0.029398,0.005777,0.066295,0.102863,-0.025072,0.143521,0.075485,0.029235,0.071862,-0.011078,0.109290,0.158604,0.198252,-0.067243,0.037318,0.122635,0.151472,0.004640,0.061319,0.103308,0.068853,-0.001794,0.174413,0.085010,0.139705,0.006800,0.180702,-0.053428,-0.033046,-0.021874,0.119169,0.121891,-0.079970,0.124213,-0.010703,0.010736,-0.107906,-0.043847,-0.060521,0.012201,0.108863,-0.085198,0.020900,0.016629,0.027479,0.095519,0.066642,-0.229763,0.107535,-0.102653,0.022326,0.167507,0.133350,-0.039821,-0.051766,-0.054237,0.065022,-0.153067,-0.109976,-0.016049,0.116505,-0.183953,0.069938,0.224083,0.068467,-0.091255,0.055401,-0.044198,-0.012727,0.065514,0.238132,0.028897,-0.047337,-0.001595,-0.067634,-0.024184,0.161344,#
11,-0.006869,-0.062186,-0.120965,0.002828,-0.099016,-0.138612,-0.011068,-0.148450,0.115775,-0.052410,0.101178,1.000000,0.030456,0.065525,0.124678,-0.001785,-0.105795,-0.004093,0.118724,-0.055792,-0.067225,0.010065,0.059448,0.058590,0.089051,0.037630,-0.020948,-0.021455,-0.033895,-0.057867,0.197835,0.173866,0.062854,0.076312,-0.047868,0.067445,0.051803,0.136597,-0.051759,-0.084531,0.127274,-0.127826,0.071088,-0.044736,0.026461,-0.240518,0.048890,0.032153,0.046326,-0.049567,-0.233101,-0.057849,0.164470,0.007532,0.030024,-0.008880,-0.063027,0.298489,0.041425,0.216749,0.031648,0.000041,0.157841,0.027952,-0.007198,-0.122262,0.051100,0.093202,0.030444,0.034916,-0.153713,-0.043825,0.055701,-0.071932,0.271478,0.145497,0.030616,0.005157,-0.017398,-0.087441,-0.123352,0.014305,0.004892,0.010287,0.031651,-0.119781,0.073025,0.009953,0.037408,-0.069684,-0.038083,-0.004893,0.034016,0.029536,-0.238288,0.093116,-0.010171,0.139549,-0.047960,0.088516,-0.084825,-0.029447,0.034991,0.074024,-0.017276,0.084793,0.126709,0.049613,0.011153,-0.048430,0.050871,0.120841,-0.068916,0.035608,0.062189,-0.081979,-0.024030,0.090090,-0.103501,0.243649,0.090713,-0.074640,0.023915,0.208361,-0.020957,-0.043380,-0.006550,0.124852,0.244905,0.213136,0.065334,0.055401,0.149411,0.075086,0.097000,0.186425,0.109394,0.152824,0.105937,0.202733,-0.160781,-0.242144,0.157428,0.149611,-0.046764,0.044660,-0.018789,0.028284,-0.089797,-0.144618,-0.036691,-0.021104,0.017829,0.261499,0.035288,-0.021339,-0.018497,-0.047225,-0.039134,0.030862,0.069121,0.116718,-0.026364,0.018294,0.031989,0.207391,0.137191,0.022687,0.034077,0.045864,0.134979,-0.026819,0.065350,0.066245,-0.016746,0.097334,0.083523,-0.063344,0.053065,0.053127,-0.006524,-0.078821,0.074908,0.010791,0.008679,-0.042742,0.136935,-0.015332,-0.133687,-0.182813,0.097523,0.114938,0.073326,0.057737,0.061011,-0.098925,-0.106988,0.073852,0.003837,0.039693,#
12,0.141835,0.097519,0.004407,0.213747,-0.112446,0.077832,-0.003090,0.169520,0.081115,0.092496,-0.031950,0.030456,1.000000,-0.019889,0.099008,0.050692,-0.005309,-0.051909,0.142820,-0.068496,0.153854,0.031445,0.009760,0.069053,0.160034,0.178439,0.020841,-0.060117,-0.042774,0.007823,0.074988,-0.014063,0.018634,0.173137,0.250820,0.083698,0.090852,0.074085,-0.030774,-0.068050,0.009148,-0.104783,0.053979,0.011772,0.156957,0.100459,0.272609,0.175948,0.171903,0.184346,0.121808,-0.068367,-0.004610,-0.011604,0.120298,0.106435,0.026943,-0.158020,0.124319,0.049881,0.028212,0.123426,0.153316,-0.022699,-0.017499,0.085574,-0.099138,0.136544,0.184595,0.053618,0.085398,0.067227,0.146058,0.022929,0.002913,0.137810,-0.079011,0.117826,0.044644,0.169131,0.186750,0.239137,0.049359,-0.035265,0.035238,0.112080,-0.040284,0.103234,-0.134640,0.000178,0.206053,-0.035480,0.136332,0.220433,-0.013398,0.082125,0.050525,-0.074548,-0.048800,-0.045350,0.003494,0.066797,-0.025022,-0.001119,-0.019964,0.047845,0.000089,0.214452,0.109343,0.041075,0.112034,0.088522,0.058139,-0.108050,0.072299,-0.005499,-0.113227,0.078747,0.135213,0.113852,0.077313,0.184290,0.038222,0.150603,0.118820,0.283509,0.097818,0.084426,-0.030261,0.078705,-0.240900,-0.063343,0.096483,-0.006524,-0.104930,-0.079417,-0.010912,0.041059,0.041305,-0.102909,-0.075652,-0.188254,-0.136734,0.044495,-0.196597,0.239381,0.121510,0.121016,-0.059076,0.045018,0.218319,-0.130916,0.133922,-0.011265,0.172157,0.072424,0.163437,0.161712,0.168564,-0.158586,0.039065,0.131512,0.096675,0.004818,0.116789,-0.048858,-0.048897,0.164846,0.095047,0.081202,0.143941,-0.115832,0.120602,-0.074923,0.078479,0.060206,0.145634,0.002863,-0.232852,-0.052707,0.015361,0.088057,-0.073926,0.063469,-0.093386,0.042753,0.060130,0.019863,0.176152,-0.001382,-0.110011,0.011283,-0.059083,-0.110856,0.015945,0.111965,-0.042675,0.070870,0.068223,0.082639,#
13,-0.275783,0.120020,-0.088543,-0.033363,-0.124127,-0.129603,-0.155198,0.000027,0.105275,-0.087568,-0.069749,0.065525,-0.019889,1.000000,0.085229,-0.101751,-0.136307,0.006283,-0.024822,-0.069695,0.011707,-0.016410,0.133392,0.057383,-0.041820,0.187373,-0.040989,-0.028137,-0.009618,0.089943,-0.005885,0.005239,0.025281,0.003068,-0.200885,0.015095,-0.038472,0.076467,-0.154003,-0.023214,0.103534,0.028309,0.145272,-0.192399,0.042443,0.112754,-0.121023,0.066130,0.103264,0.019458,-0.123411,0.001804,0.036294,-0.066786,0.048458,-0.015729,0.094050,0.143966,0.035444,0.051411,-0.111147,0.100731,-0.037759,-0.103327,0.102571,0.004566,0.150973,0.186061,0.074634,0.033325,-0.115280,-0.108106,0.189653,-0.045686,-0.034073,0.095926,0.062306,-0.030362,0.081454,-0.057545,-0.111346,0.065635,0.052391,0.099587,-0.146128,0.095071,-0.041410,0.130009,0.108979,-0.075686,0.016779,0.091424,0.154572,0.008970,-0.086182,-0.082304,-0.005765,0.016406,-0.011418,0.047696,-0.004248,-0.025637,0.151476,-0.097210,-0.092903,0.072237,-0.065064,0.009786,-0.160778,-0.059187,-0.095764,-0.022756,-0.017510,0.000479,0.158944,-0.093177,-0.003242,-0.027150,0.035865,-0.130593,0.054297,-0.065577,0.126134,-0.086816,-0.049186,-0.038502,0.018625,0.021285,0.042068,0.155324,-0.074333,-0.211255,-0.067765,0.105393,-0.047322,0.058464,-0.002507,0.019654,0.226412,0.056187,0.010651,-0.134870,-0.045091,-0.133617,-0.178021,0.064536,0.019379,0.017346,0.045406,-0.186527,0.058693,-0.019908,-0.001034,0.051513,0.004397,-0.137043,0.002889,-0.231136,-0.039601,-0.054301,-0.035065,-0.099982,0.126924,-0.081482,-0.016560,-0.018590,0.095215,0.136233,-0.083664,0.025284,-0.005255,-0.004232,-0.120398,0.155705,0.081590,0.089003,0.065902,-0.119841,-0.059020,-0.009992,0.026353,-0.074395,0.120474,0.008972,-0.173005,0.075384,-0.094223,-0.193372,-0.073318,0.038468,0.202627,-0.007944,0.100219,-0.001291,0.014856,0.087301,-0.154045,0.250935,-0.014050,-0.045477,#
14,0.217518,-0.095845,-0.029197,-0.039425,0.051856,-0.038451,-0.192886,0.069732,0.039487,0.037915,-0.145740,0.124678,0.099008,0.085229,1.000000,-0.078213,-0.086130,0.110940,-0.165709,0.117857,-0.133219,0.019414,0.081595,0.223869,0.012109,-0.023009,0.077176,0.039128,-0.051940,0.032524,0.299940,-0.054878,-0.052581,-0.076008,0.091479,0.099129,0.038361,0.007187,0.174197,-0.046256,0.007361,-0.015477,-0.093395,-0.045840,0.002674,0.091454,0.033060,-0.052197,0.068584,-0.071185,-0.076558,0.144927,0.118565,-0.085883,0.047770,0.036614,0.060739,-0.018362,0.115304,-0.151418,0.014277,-0.009990,0.116497,0.065395,-0.037848,0.025419,-0.050744,-0.056249,0.025189,-0.048421,0.076653,-0.066095,0.199603,0.144934,0.053413,0.103738,-0.077781,-0.042773,-0.135781,0.014817,-0.034767,0.056640,0.101817,0.096336,-0.016482,0.000769,-0.022495,0.055912,-0.031697,0.062405,0.127659,-0.086672,0.117553,0.216490,0.015721,-0.006772,-0.147901,0.019748,-0.143055,0.045974,-0.142295,-0.039995,0.045452,0.005629,0.008984,-0.025810,-0.001170,-0.122180,0.147672,0.059321,-0.092168,0.139791,0.104963,0.049500,-0.071998,-0.144636,-0.040026,-0.172271,0.059250,0.071385,0.126021,-0.038047,0.143522,0.113844,0.068507,-0.059234,-0.034515,0.067503,-0.058042,0.028383,-0.036269,0.036930,-0.090856,0.050126,-0.007128,-0.137876,0.175491,0.158340,0.022890,0.008059,0.020322,0.082991,0.037507,0.238382,-0.021304,0.128363,0.066824,-0.065048,0.033677,-0.060275,0.254836,-0.034882,0.236291,0.022532,0.060548,-0.032887,0.097209,-0.030494,-0.002221,0.017338,-0.047537,0.000757,0.002222,-0.183318,0.336706,0.161525,-0.027964,0.044135,0.026413,0.018742,0.090581,-0.253276,-0.014065,-0.008112,0.014418,0.021183,-0.061088,-0.029969,0.060893,0.029559,0.038910,-0.015144,-0.075694,-0.052594,0.009843,0.107999,0.000519,0.012684,0.005714,-0.002551,0.051949,0.038622,0.102054,-0.016015,-0.121632,-0.153906,-0.065740,0.074424,-0.119948,-0.163516,#
15,-0.117082,-0.040015,-0.113154,-0.034738,0.055472,-0.076233,0.362771,-0.061689,0.139224,0.115157,0.150396,-0.001785,0.050692,-0.101751,-0.078213,1.000000,0.087953,0.073914,0.094749,-0.077963,-0.088251,0.077753,-0.044505,0.169063,0.115939,0.055923,-0.159359,0.071832,0.025543,-0.180286,0.078607,0.158954,0.111338,0.268318,-0.009802,0.028245,0.043009,0.194822,-0.179911,-0.077957,-0.049651,-0.139323,0.109498,0.045538,0.017179,0.109436,0.074966,0.013776,0.047464,0.082925,-0.013566,0.068288,-0.083661,0.039492,0.034793,0.104247,0.113720,-0.004462,-0.015970,0.106314,0.182263,0.129473,0.128511,0.076761,0.053175,-0.089994,0.007880,0.101030,0.029139,-0.006628,0.123255,0.038247,-0.136675,0.123697,0.003536,-0.006093,0.004645,-0.001184,0.203478,-0.061697,-0.144985,0.055523,-0.053323,0.153061,0.094024,-0.022138,-0.077280,0.022251,-0.008240,-0.180862,-0.081924,0.095903,0.086417,0.055768,-0.072928,0.059389,0.110140,0.181704,0.050222,0.042823,-0.035741,0.127406,-0.012122,0.243059,0.086594,-0.063456,-0.023900,0.026701,-0.008652,0.165984,-0.084766,-0.016521,0.140884,0.027910,0.110511,0.006398,-0.125068,-0.073775,-0.069683,0.288135,-0.071893,0.206398,-0.019084,0.061546,-0.035928,0.045409,0.045826,0.026066,0.064092,0.175610,0.148744,0.020510,-0.111007,-0.101222,0.057328,0.091434,0.181428,-0.048422,-0.104954,0.181609,0.044588,-0.048738,0.076451,0.060574,0.029979,0.141646,-0.008623,0.017451,0.058889,0.023325,0.091471,0.312400,0.083190,0.036206,0.093414,0.053224,-0.019692,-0.029135,0.144140,0.064986,-0.022397,0.021940,0.090903,0.163129,-0.046315,-0.019379,-0.041763,-0.066255,0.092292,0.143224,-0.069057,0.131209,-0.162459,0.130591,-0.019766,0.218251,0.069113,0.004233,0.083833,0.042868,0.112067,-0.027562,0.019791,0.086896,0.184619,-0.063308,-0.050676,-0.060807,0.045724,0.040252,-0.083124,0.152522,-0.081978,0.043179,-0.067150,0.021544,0.039588,-0.092646,0.141534,-0.006447,#
16,0.057679,0.130124,0.062189,0.131370,-0.085770,0.056759,0.180275,0.011063,0.000863,-0.001041,0.184180,-0.105795,-0.005309,-0.136307,-0.086130,0.087953,1.000000,0.058745,0.274201,0.159583,0.282490,-0.302937,0.057345,0.020884,0.101226,0.137055,-0.003776,0.090223,-0.108080,0.025834,0.040040,0.205086,-0.022118,-0.084335,0.139847,0.084271,0.163493,0.230153,0.059347,0.158209,0.040856,-0.065549,0.079389,0.001363,0.098328,0.007245,0.056278,0.054469,-0.043260,0.105778,0.032172,0.099380,0.037287,0.006232,0.006840,0.165939,-0.073374,0.092578,-0.026529,-0.057638,0.196535,0.087840,0.112512,-0.023909,0.013131,0.102543,0.107805,0.110645,0.128290,0.011163,0.179907,0.012986,0.003649,0.044632,-0.008110,-0.066267,-0.002372,0.056876,-0.048283,0.115011,0.278934,0.064602,0.103344,0.022392,0.094989,0.100663,-0.000081,-0.061084,-0.069335,0.037438,-0.200942,0.089857,0.112510,-0.249621,0.091394,0.086944,-0.001706,0.177069,0.020742,0.158061,0.040403,0.105660,0.023842,0.225547,0.097519,-0.027806,0.046945,0.016519,0.286450,0.027978,0.025728,0.057065,0.093538,0.069067,0.141882,0.123242,0.258244,0.018071,-0.020167,-0.076672,-0.101114,-0.050954,-0.009614,-0.013872,0.198799,0.001556,-0.006239,-0.034401,0.052392,-0.008376,0.122380,0.025990,0.001478,0.092613,-0.021191,0.141769,0.146941,-0.029795,0.035425,-0.094539,-0.038339,0.054135,0.087117,-0.078146,-0.119993,0.010428,0.275834,0.144817,0.106501,-0.045029,-0.058391,0.026680,-0.184104,0.055344,0.199051,-0.005350,-0.060356,-0.010592,-0.087183,0.026743,0.212362,-0.037052,0.112388,-0.046247,0.211005,0.023610,-0.021814,0.079091,0.059055,0.133645,-0.168133,0.190446,0.042959,0.176643,-0.007914,0.045788,0.105595,0.266557,0.127443,0.128658,0.037793,-0.047459,-0.060982,0.212284,-0.178002,-0.117550,0.103998,0.038047,0.197797,0.072843,0.035089,0.105829,-0.016284,0.092351,0.175505,0.168182,0.175570,-0.037496,-0.026083,0.090672,#
17,0.016679,-0.019078,0.059614,-0.052190,-0.051979,-0.017091,0.130101,0.169967,0.009118,0.076543,-0.023142,-0.004093,-0.051909,0.006283,0.110940,0.073914,0.058745,1.000000,0.074069,0.103976,-0.042402,0.005326,0.025386,-0.166409,0.152233,0.057994,-0.106214,0.049758,-0.056880,0.022273,-0.003570,0.190613,-0.070454,-0.127131,-0.126580,-0.197373,-0.005102,0.167564,0.162200,0.122059,0.108877,0.083137,-0.015521,0.031425,0.056815,0.166327,-0.003597,0.143089,0.005769,0.058421,-0.072774,-0.066230,0.084280,-0.024368,0.117400,0.013322,0.085512,-0.079538,-0.018794,0.050427,0.052576,-0.067046,0.241352,-0.051484,-0.048792,-0.037359,0.257034,-0.042423,-0.037355,-0.126823,0.121695,-0.102104,-0.129362,0.208130,0.125098,-0.109470,-0.154012,0.066352,0.190081,-0.010481,-0.033496,0.166806,-0.039764,0.181687,-0.075263,-0.055808,0.133907,-0.017331,-0.095745,0.004200,-0.011936,-0.071575,0.146542,0.071136,0.187611,0.077402,-0.038883,0.008136,0.145857,0.181330,-0.121955,-0.093350,-0.057801,-0.180483,-0.094794,0.165153,-0.184701,-0.039464,0.015392,0.051748,0.130785,-0.100470,0.193389,0.034300,0.240770,-0.085655,-0.164197,0.002141,0.105481,0.188228,0.023385,0.031937,-0.001070,-0.127670,-0.037847,-0.036429,-0.076564,0.075046,0.095862,-0.044002,-0.011430,0.109158,0.094683,-0.022445,-0.020799,-0.005514,0.175733,0.059123,-0.091700,0.217336,0.020581,0.014747,0.162796,0.024571,0.112641,-0.035584,-0.167325,-0.045968,0.021974,-0.013989,0.062892,0.017789,-0.017429,0.121148,0.012644,0.033416,0.094671,-0.188476,0.034560,-0.002319,-0.033793,0.027026,0.128738,-0.072038,-0.097151,-0.176844,-0.127674,-0.075397,0.028226,-0.076086,0.011877,-0.013073,0.014824,-0.080813,0.042336,-0.013718,0.078810,0.035136,0.094614,0.168053,-0.049358,-0.022065,-0.077768,0.185213,-0.067900,-0.106061,0.149832,0.069966,-0.030155,-0.062217,0.063734,0.045650,-0.079878,-0.045949,-0.151621,0.102811,-0.025847,-0.102468,0.027002,-0.210064,#
18,-0.014843,0.083663,0.090966,0.027862,-0.214889,0.130621,-0.013449,0.083637,-0.126803,-0.159169,0.028801,0.118724,0.142820,-0.024822,-0.165709,0.094749,0.274201,0.074069,1.000000,0.070404,0.053717,0.080540,0.012326,-0.021234,-0.034225,0.147990,-0.039916,-0.070624,-0.002081,0.067303,-0.136542,0.222286,0.077130,0.149377,0.089526,0.105069,0.008863,0.261908,0.001753,0.027264,0.115314,-0.052944,0.185760,-0.172042,0.066528,-0.005904,0.106687,0.208424,0.077738,-0.013474,-0.079810,-0.010100,0.105204,-0.071043,0.086150,0.100327,-0.041180,-0.040176,0.003685,0.156678,0.081195,0.059710,0.019259,-0.033388,0.055213,-0.062467,0.110821,-0.158082,-0.056260,0.070177,0.032563,-0.104977,-0.039435,-0.002039,0.126182,-0.068638,-0.095967,0.048762,-0.196475,-0.078270,0.027440,-0.050489,0.148403,-0.071757,0.145538,0.262474,-0.262239,0.022655,0.018786,-0.105664,0.016918,0.005407,0.052586,0.006492,0.007253,0.013320,0.079729,0.101264,0.024379,0.083581,-0.008089,-0.041322,0.027925,0.025203,0.079645,0.095326,-0.058514,0.175047,0.107609,0.093764,0.173381,-0.064802,0.005975,-0.064946,0.010291,-0.018759,0.002196,-0.037611,0.154989,0.111256,0.056867,-0.109652,-0.035720,0.053300,0.230995,-0.042475,0.161766,0.075629,0.075459,0.005132,-0.066335,0.119267,0.106557,-0.037468,-0.102338,0.048051,0.108402,0.015029,-0.050574,-0.020857,-0.133911,0.011575,-0.045371,-0.042179,0.054664,0.033741,0.046277,0.120611,0.113763,-0.072410,0.063709,-0.172506,0.144719,0.130945,0.110596,0.231040,0.022123,-0.095289,-0.199571,-0.103050,0.140753,0.039222,0.226873,-0.004281,-0.013112,-0.107989,0.129318,0.001604,-0.069149,0.117609,0.081745,0.041106,0.059256,0.215074,0.028764,-0.026826,-0.000622,0.041147,0.017734,0.022659,-0.013176,0.001997,-0.068996,0.027563,-0.062038,-0.124713,0.088899,-0.004565,-0.108717,0.051999,-0.016317,0.225809,-0.035060,0.110994,0.111495,0.078373,-0.014027,0.143201,0.000461,0.159062,#
19,0.155015,0.021993,0.082728,-0.018016,0.022990,0.182625,-0.087925,0.129583,0.104024,-0.123107,-0.066234,-0.055792,-0.068496,-0.069695,0.117857,-0.077963,0.159583,0.103976,0.070404,1.000000,0.077416,-0.184109,-0.049982,0.024601,0.165757,0.025999,0.010384,-0.053525,-0.288183,0.143825,0.024643,0.132796,0.182777,-0.032089,0.140837,0.096927,0.078881,0.118174,0.114244,0.101983,0.138151,0.117761,0.016431,-0.022368,-0.023020,0.083050,-0.006752,-0.011313,0.102453,0.205082,0.089030,-0.006034,0.120529,0.068762,0.038313,0.113196,0.026296,-0.094890,-0.087298,-0.016859,0.001613,-0.018365,0.133260,0.069203,0.091724,-0.078798,0.182512,0.003568,0.190361,-0.021103,0.109241,-0.002984,0.045989,-0.009340,-0.155425,0.095125,-0.131700,-0.007894,0.047471,-0.074942,0.220942,-0.011258,-0.012264,-0.028465,0.061797,0.051752,-0.037964,-0.074255,0.119341,0.050324,-0.110731,-0.011297,-0.096995,0.012545,-0.027269,-0.057606,0.069223,0.296283,0.090761,0.185781,-0.121929,-0.114221,0.046934,0.091153,0.046506,-0.096043,0.036549,-0.148899,0.031173,-0.148096,0.115412,-0.020298,-0.012955,0.003108,-0.048259,0.017902,0.103657,-0.024577,0.207548,-0.071723,0.157094,-0.095060,0.071922,0.057727,0.083735,0.119546,-0.032966,0.186139,0.071716,-0.036709,0.114594,0.170760,0.057278,0.054732,-0.117967,0.145690,-0.050780,0.086960,0.059921,-0.081347,-0.025568,0.113684,-0.146989,-0.164776,0.046586,-0.059714,-0.005399,0.015908,0.070944,0.057583,-0.006107,-0.006373,-0.003857,0.082750,0.187184,0.022125,0.148724,-0.124030,0.162836,-0.011534,0.110020,0.135022,-0.057367,0.149608,0.206116,0.147826,-0.062711,0.067155,-0.035653,0.020643,-0.092757,0.083586,0.105793,0.207512,0.164001,-0.081944,0.107073,0.065243,0.099859,0.008358,0.008011,0.124901,0.105550,0.047465,0.012598,-0.024137,-0.080065,0.020707,-0.024282,0.106515,0.052055,0.066036,-0.047364,0.071800,0.091785,-0.009750,0.098453,-0.138476,0.037446,-0.020969,#
20,-0.084940,0.254570,0.092377,0.187597,0.067930,-0.010203,-0.059137,0.167195,0.161891,0.003537,0.031358,-0.067225,0.153854,0.011707,-0.133219,-0.088251,0.282490,-0.042402,0.053717,0.077416,1.000000,-0.047034,0.014504,0.203550,0.131107,0.198495,-0.113813,0.037699,0.038360,-0.078375,0.120850,0.191822,0.200533,0.093931,0.033339,0.135482,-0.005257,0.015178,0.012241,0.119266,0.116284,0.037591,0.031946,-0.120678,0.227441,-0.042251,0.123134,0.105235,-0.063384,0.059590,0.128162,0.177713,0.064223,-0.016281,0.163649,-0.110582,-0.265832,-0.027682,0.020821,0.007946,0.116908,0.064531,0.200102,0.008472,-0.049673,0.233823,0.134672,0.025254,0.010479,-0.048402,0.116498,0.043557,0.209785,0.081693,-0.154769,-0.073977,0.094938,0.002983,0.140105,0.106407,0.176094,0.118337,0.065897,-0.092233,0.016920,0.155159,0.039884,0.203446,0.051231,0.113042,0.088033,0.048009,0.118175,0.010552,0.030735,0.144000,0.084707,0.033800,0.103276,0.063106,0.167613,0.009066,0.043584,0.190743,-0.005001,0.177844,0.216474,-0.053995,0.063862,0.144822,0.030048,0.098478,-0.083888,-0.064237,0.196835,0.052163,0.178855,0.053353,-0.043020,-0.081967,0.029348,0.116136,0.051677,0.137971,0.056587,0.104116,-0.020596,0.015053,0.001913,0.179789,0.098890,0.071346,0.250683,0.056401,-0.051491,0.180356,-0.003449,0.111104,0.144282,0.059443,0.002569,0.035533,0.012523,-0.090749,-0.009291,-0.042969,0.101617,0.108103,-0.075299,0.001381,0.016386,0.048277,-0.127013,0.153559,0.037886,0.060206,-0.018106,0.209338,0.077481,-0.049661,0.163760,0.027596,0.083909,0.010769,0.040781,0.050023,-0.008325,0.194061,-0.067835,-0.097659,0.108904,-0.074714,-0.039663,0.025289,0.049632,-0.021880,0.062449,0.166203,0.029730,0.091503,0.092181,0.039717,0.010201,0.064996,-0.031859,0.120785,0.040625,-0.079156,0.158531,0.091672,0.103036,0.203834,0.262222,0.112224,0.233750,0.154060,0.109759,0.108246,0.030244,0.091021,#
