0,1.000000,0.772928,0.770911,0.716774,0.709715,0.782484,0.770433,0.778831,0.790108,0.727239,0.807644,0.775498,0.714096,0.745861,0.708789,0.781148,0.817386,0.806823,0.763653,0.756029,0.781432,0.700664,0.770359,0.804586,0.697398,0.725675,0.723219,0.740151,0.713261,0.775978,0.739803,0.790024,0.749538,0.757609,0.758327,0.727419,0.720271,0.742491,0.785279,0.793126,0.780821,0.728718,0.799136,0.725356,0.766066,0.704039,0.782223,0.792613,0.781036,0.797305,0.761071,0.804574,0.764201,0.784383,0.784787,0.801888,0.750558,0.806340,0.754557,0.758866,0.775969,0.735406,0.803379,0.763697,0.779148,0.753627,0.818818,0.756103,0.773325,0.699280,0.746009,0.743856,0.810998,0.792328,0.748016,0.757425,0.800721,0.758667,0.792374,0.731188,0.804072,0.763667,0.783447,0.777150,0.788708,0.797107,0.806267,0.800899,0.728069,0.769221,0.727885,0.752827,0.764699,0.737083,0.767440,0.761861,0.761501,0.742627,0.782035,0.815773,0.763748,0.743762,0.793773,0.797876,0.721153,0.774483,0.735668,0.783016,0.762349,0.698886,0.763868,0.786481,0.772758,0.760518,0.768170,0.813906,0.739232,0.765936,0.724961,0.740553,0.677048,0.817245,0.807346,0.820826,0.812676,0.761940,0.718997,0.710610,0.706826,0.736525,0.750342,0.761945,0.769911,0.716760,0.782889,0.785486,0.753995,0.778423,0.751863,0.812669,0.757009,0.723910,0.694507,0.765593,0.769051,0.621222,0.774512,0.711997,0.778588,0.754090,0.760424,0.814139,0.772804,0.701531,0.760617,0.743983,0.782292,0.807841,0.809149,0.743107,0.801198,0.775208,0.774247,0.757678,0.763110,0.761672,0.776824,0.735774,0.771151,0.749777,0.779214,0.783056,0.762608,0.797978,0.807137,0.745022,0.781069,0.806250,0.762441,0.725246,0.719068,0.759319,0.733885,0.738819,0.751206,0.738671,0.724159,0.759283,0.752792,0.749264,0.719260,0.777349,0.765451,0.769345,0.755489,0.779592,0.748509,0.789364,0.774396,0.767419,#
1,0.772928,1.000000,0.722747,0.753984,0.710651,0.746432,0.672398,0.760391,0.831376,0.735149,0.761658,0.721559,0.699654,0.682770,0.719749,0.740695,0.755916,0.736650,0.750687,0.750634,0.740617,0.776806,0.759069,0.737422,0.729049,0.686435,0.740300,0.765031,0.703008,0.699921,0.765963,0.784307,0.698060,0.761849,0.693978,0.733382,0.702245,0.749424,0.782520,0.742704,0.723744,0.680138,0.741316,0.703506,0.699701,0.708730,0.752505,0.753954,0.768530,0.750381,0.705272,0.780871,0.746891,0.731674,0.779886,0.724364,0.712852,0.748105,0.707002,0.675716,0.746694,0.711910,0.702563,0.705901,0.743039,0.757744,0.765948,0.737275,0.748505,0.752563,0.700166,0.751038,0.814369,0.708732,0.742250,0.714556,0.726859,0.695502,0.754742,0.680566,0.759912,0.721757,0.751002,0.771455,0.795752,0.735988,0.762359,0.788360,0.758526,0.727935,0.707064,0.714013,0.757566,0.749643,0.763209,0.736338,0.728664,0.730541,0.740854,0.735855,0.765356,0.683502,0.691887,0.736202,0.686516,0.767161,0.715692,0.762789,0.745750,0.716065,0.748258,0.714042,0.697069,0.776771,0.679400,0.745883,0.712119,0.731498,0.688470,0.648512,0.737310,0.744906,0.705994,0.750802,0.758534,0.715509,0.697071,0.699978,0.716163,0.752493,0.691006,0.791808,0.709453,0.698885,0.776126,0.759375,0.734776,0.751155,0.724608,0.745780,0.800910,0.724329,0.751162,0.766126,0.725359,0.669484,0.722056,0.709067,0.752229,0.673877,0.741679,0.807525,0.758414,0.649431,0.781906,0.711911,0.766400,0.765154,0.699619,0.702510,0.747563,0.773852,0.745386,0.751553,0.727410,0.697997,0.758716,0.671282,0.685540,0.708224,0.736906,0.715130,0.741902,0.779632,0.733754,0.741854,0.755311,0.806064,0.687809,0.726336,0.705378,0.720000,0.711764,0.741968,0.716294,0.788177,0.730762,0.647928,0.790048,0.751084,0.742115,0.743164,0.731987,0.732328,0.763122,0.659889,0.690006,0.789997,0.700454,0.744053,#
2,0.770911,0.722747,1.000000,0.723051,0.724768,0.738970,0.720167,0.751703,0.786577,0.690055,0.716869,0.680095,0.685326,0.737478,0.701147,0.723617,0.717721,0.752194,0.717907,0.748068,0.728887,0.686404,0.725543,0.784655,0.664089,0.703046,0.765987,0.748274,0.743430,0.745488,0.748304,0.748465,0.727621,0.720732,0.709902,0.696390,0.701230,0.729496,0.789174,0.729489,0.674385,0.690517,0.765062,0.706559,0.688096,0.711982,0.794123,0.699900,0.702222,0.747224,0.728910,0.778491,0.757145,0.750530,0.787019,0.760099,0.746462,0.712412,0.723882,0.699980,0.813717,0.722282,0.732245,0.742500,0.741962,0.737170,0.696810,0.716335,0.721994,0.738932,0.725384,0.712405,0.761415,0.729688,0.770528,0.722773,0.722037,0.699675,0.736388,0.730150,0.768803,0.741061,0.775652,0.711519,0.792107,0.750536,0.720582,0.786589,0.688854,0.687580,0.729272,0.715544,0.786271,0.734499,0.762451,0.736871,0.729671,0.691108,0.775893,0.741736,0.732179,0.707830,0.720805,0.735656,0.640386,0.771358,0.744516,0.729520,0.715350,0.646444,0.742118,0.664752,0.755564,0.708834,0.701117,0.690244,0.681215,0.754483,0.709631,0.675530,0.677960,0.713224,0.688878,0.802471,0.745780,0.657239,0.702005,0.716517,0.703434,0.754048,0.734680,0.760829,0.774176,0.760151,0.768871,0.742537,0.764532,0.744733,0.773178,0.745690,0.692337,0.750674,0.653618,0.691668,0.705842,0.723781,0.706435,0.701660,0.702685,0.757116,0.737945,0.773609,0.748009,0.730729,0.713033,0.712837,0.731783,0.685958,0.734151,0.678726,0.686420,0.694116,0.710499,0.722880,0.663330,0.729757,0.729827,0.646364,0.712526,0.696052,0.733895,0.724128,0.763416,0.708745,0.757700,0.710691,0.699719,0.751725,0.701982,0.669563,0.678764,0.760020,0.644643,0.784071,0.683471,0.740205,0.726756,0.684277,0.734170,0.748343,0.701887,0.731497,0.813584,0.737941,0.702585,0.735262,0.668101,0.745668,0.712665,0.741379,#
3,0.716774,0.753984,0.723051,1.000000,0.764171,0.731193,0.706079,0.731463,0.805927,0.714987,0.724650,0.739207,0.698347,0.743679,0.682432,0.738730,0.755513,0.737136,0.793288,0.741627,0.733187,0.727915,0.719233,0.718450,0.736968,0.735501,0.757922,0.739107,0.697289,0.758766,0.749621,0.797121,0.720334,0.751715,0.715305,0.717866,0.693697,0.776521,0.717259,0.775354,0.726159,0.715612,0.753092,0.767234,0.706920,0.775559,0.772538,0.699784,0.756463,0.686649,0.742660,0.691570,0.763352,0.709148,0.706357,0.791282,0.705831,0.754594,0.757537,0.723529,0.746147,0.658380,0.694003,0.745807,0.798904,0.713000,0.689525,0.731609,0.653647,0.742531,0.687426,0.742849,0.784550,0.710311,0.710186,0.704121,0.720744,0.699520,0.728020,0.735648,0.755954,0.704561,0.746768,0.740053,0.791136,0.776142,0.773014,0.732880,0.711871,0.722067,0.763576,0.730483,0.766147,0.770904,0.739281,0.730854,0.678686,0.721113,0.737535,0.716708,0.696397,0.690199,0.711152,0.688863,0.760242,0.712894,0.700714,0.711463,0.721776,0.689480,0.732099,0.667482,0.684797,0.768739,0.727736,0.773665,0.677071,0.703330,0.738919,0.652602,0.695409,0.766439,0.729739,0.722193,0.718432,0.735551,0.720964,0.737095,0.720700,0.721372,0.717252,0.768576,0.715003,0.731965,0.764415,0.791100,0.786823,0.714584,0.728007,0.742384,0.681573,0.765525,0.768561,0.677406,0.697235,0.762903,0.692002,0.804181,0.757140,0.726135,0.728421,0.768190,0.698584,0.722194,0.762169,0.667805,0.739655,0.700341,0.743701,0.697286,0.714135,0.718935,0.701967,0.727458,0.696337,0.734564,0.761320,0.647763,0.725209,0.694301,0.733657,0.746403,0.764741,0.767464,0.725425,0.748080,0.752545,0.782663,0.715046,0.716328,0.686964,0.766450,0.672681,0.720107,0.713106,0.777275,0.737019,0.631210,0.755568,0.815520,0.726840,0.731862,0.724433,0.714664,0.732124,0.717345,0.680385,0.741769,0.711836,0.732967,#
4,0.709715,0.710651,0.724768,0.764171,1.000000,0.785986,0.728116,0.746846,0.764075,0.727400,0.668554,0.749251,0.703649,0.747042,0.685021,0.739666,0.780375,0.793419,0.761113,0.799656,0.779299,0.718511,0.706804,0.755746,0.694493,0.725853,0.736723,0.695738,0.713317,0.715262,0.793557,0.772077,0.782854,0.710067,0.686566,0.702001,0.732461,0.731544,0.740350,0.749988,0.737532,0.655278,0.724843,0.749327,0.706579,0.779422,0.742996,0.749549,0.765695,0.701753,0.720314,0.713496,0.789474,0.713684,0.760408,0.763258,0.712478,0.735353,0.777064,0.745746,0.726250,0.708236,0.729718,0.706106,0.772273,0.760677,0.716628,0.716231,0.697238,0.715520,0.737990,0.773997,0.744374,0.735382,0.747322,0.652925,0.704268,0.725514,0.760414,0.746488,0.725364,0.711481,0.753853,0.705528,0.767046,0.732657,0.713395,0.715826,0.724869,0.711467,0.730872,0.690282,0.727543,0.727569,0.732854,0.744916,0.722151,0.676642,0.700778,0.728303,0.779113,0.736594,0.736315,0.720056,0.707751,0.755203,0.731510,0.735520,0.742447,0.706975,0.704946,0.706575,0.720215,0.785241,0.679620,0.720638,0.715593,0.772975,0.680909,0.636756,0.662744,0.747491,0.774772,0.737893,0.727145,0.721544,0.683629,0.751699,0.777518,0.751995,0.747708,0.734049,0.732541,0.755633,0.813779,0.758924,0.749309,0.709812,0.722353,0.695516,0.666341,0.743751,0.752589,0.715640,0.714636,0.650155,0.754634,0.696543,0.714549,0.768957,0.746326,0.801314,0.701194,0.685309,0.781884,0.729310,0.784525,0.681642,0.732052,0.706426,0.709564,0.689401,0.785813,0.688688,0.695703,0.701882,0.688900,0.651412,0.742649,0.694915,0.740695,0.770060,0.775083,0.733531,0.770788,0.766042,0.776184,0.774798,0.714700,0.698236,0.706808,0.705319,0.704326,0.725870,0.765423,0.782547,0.704398,0.749355,0.729738,0.754744,0.661921,0.680695,0.716045,0.761676,0.689692,0.714118,0.697417,0.722889,0.757742,0.690535,#
5,0.782484,0.746432,0.738970,0.731193,0.785986,1.000000,0.692820,0.769633,0.797137,0.698367,0.763504,0.735604,0.674770,0.690028,0.710819,0.809789,0.782729,0.804173,0.711232,0.796550,0.754009,0.725543,0.758841,0.791073,0.730634,0.728114,0.823353,0.755863,0.719614,0.739068,0.803190,0.810043,0.786749,0.766250,0.714426,0.754003,0.721935,0.746145,0.761675,0.743118,0.791615,0.690057,0.709939,0.759270,0.764582,0.782612,0.810859,0.778154,0.781464,0.719766,0.748770,0.755146,0.750626,0.801670,0.706897,0.829864,0.759476,0.756649,0.831510,0.768000,0.753239,0.761560,0.773631,0.781859,0.772532,0.765531,0.728428,0.756798,0.735362,0.702086,0.746182,0.759880,0.803639,0.722376,0.736190,0.758802,0.789520,0.767179,0.736313,0.734159,0.820605,0.726642,0.766669,0.761075,0.755544,0.779893,0.789907,0.807868,0.769444,0.729911,0.705742,0.747854,0.801846,0.798957,0.761970,0.732509,0.753925,0.751664,0.810989,0.777517,0.778919,0.746538,0.789049,0.791298,0.739964,0.774583,0.757833,0.753008,0.718507,0.749580,0.731256,0.796607,0.738098,0.741544,0.683224,0.740900,0.759436,0.756219,0.683547,0.725544,0.696774,0.773905,0.755502,0.811642,0.724730,0.734895,0.756114,0.731512,0.714322,0.759744,0.781327,0.820180,0.793638,0.774776,0.780458,0.776695,0.797345,0.740865,0.763039,0.760047,0.748428,0.726276,0.759659,0.768788,0.793178,0.675938,0.705578,0.731875,0.789636,0.755881,0.758431,0.786560,0.701039,0.712863,0.757744,0.722379,0.821016,0.757480,0.769073,0.726676,0.766318,0.769984,0.757980,0.725221,0.753748,0.743823,0.683256,0.749501,0.754036,0.741579,0.797059,0.782443,0.746399,0.760891,0.794054,0.722985,0.746633,0.804799,0.748902,0.752254,0.781747,0.760775,0.733869,0.736780,0.784128,0.798556,0.766707,0.743181,0.722059,0.775237,0.691591,0.763876,0.729981,0.740270,0.663330,0.732340,0.713133,0.748370,0.746428,0.733708,#
6,0.770433,0.672398,0.720167,0.706079,0.728116,0.692820,1.000000,0.693303,0.734665,0.668458,0.714113,0.702490,0.700075,0.752913,0.634939,0.696395,0.769292,0.774441,0.727963,0.703194,0.789072,0.670917,0.651377,0.744230,0.694748,0.713781,0.727658,0.708168,0.673273,0.751219,0.738547,0.745916,0.715141,0.728631,0.722778,0.731521,0.705313,0.674888,0.720959,0.741681,0.716123,0.740461,0.735340,0.706595,0.764813,0.671962,0.751398,0.681744,0.786271,0.770698,0.733668,0.759160,0.768302,0.661120,0.760077,0.751181,0.749595,0.773694,0.775347,0.663252,0.741487,0.691376,0.693623,0.713499,0.795180,0.692015,0.784344,0.685899,0.719113,0.683521,0.703441,0.736818,0.741204,0.773790,0.687218,0.677608,0.726651,0.713712,0.740172,0.686857,0.746439,0.728471,0.742926,0.743209,0.715417,0.744007,0.712789,0.705060,0.741940,0.718485,0.699913,0.683991,0.665977,0.700316,0.700813,0.714912,0.743634,0.709908,0.717763,0.746694,0.741504,0.714482,0.742170,0.722047,0.712516,0.668497,0.758615,0.702592,0.705962,0.645607,0.672311,0.700002,0.661124,0.707708,0.682694,0.671186,0.732903,0.759314,0.675012,0.663965,0.713163,0.718059,0.713019,0.777935,0.783576,0.741707,0.686020,0.725292,0.640829,0.705672,0.736099,0.738708,0.708242,0.658385,0.743280,0.752316,0.751097,0.714935,0.779285,0.733930,0.734747,0.734736,0.685558,0.701596,0.687469,0.705838,0.718155,0.687084,0.709746,0.710321,0.731651,0.790494,0.665643,0.629421,0.698990,0.680322,0.734148,0.677436,0.759413,0.714023,0.747189,0.731096,0.699635,0.723027,0.736188,0.722548,0.772783,0.623626,0.719011,0.688329,0.775942,0.722784,0.706357,0.679677,0.732144,0.734034,0.733609,0.739572,0.719224,0.694161,0.719375,0.678507,0.745470,0.747245,0.694902,0.726705,0.661686,0.729129,0.674856,0.725679,0.669964,0.709608,0.702045,0.744099,0.743422,0.710405,0.707320,0.761237,0.724007,0.709116,#
7,0.778831,0.760391,0.751703,0.731463,0.746846,0.769633,0.693303,1.000000,0.842730,0.727305,0.758493,0.734341,0.734121,0.745045,0.748865,0.714344,0.780421,0.771372,0.771697,0.764533,0.773699,0.731203,0.822810,0.791516,0.739302,0.778607,0.774529,0.749548,0.740071,0.746806,0.722467,0.805921,0.729142,0.769766,0.717713,0.739294,0.750165,0.707297,0.781332,0.751031,0.738360,0.705681,0.757564,0.782560,0.745693,0.742141,0.792417,0.777847,0.731995,0.718314,0.784677,0.751114,0.786477,0.797295,0.757920,0.791655,0.740887,0.803288,0.737063,0.751493,0.722201,0.734886,0.767950,0.739032,0.785917,0.777004,0.758681,0.759153,0.777282,0.740315,0.762772,0.676429,0.818942,0.760687,0.794434,0.734379,0.786297,0.733095,0.776193,0.721865,0.793796,0.755471,0.782671,0.750250,0.767727,0.764272,0.805623,0.771785,0.746679,0.733027,0.744966,0.768200,0.762110,0.755450,0.797060,0.745234,0.784090,0.787034,0.760157,0.752828,0.752657,0.740240,0.752718,0.766065,0.743078,0.755996,0.750917,0.769382,0.740105,0.674339,0.819426,0.713093,0.769249,0.767466,0.717565,0.776905,0.722145,0.730430,0.685145,0.746249,0.739681,0.765042,0.731454,0.821069,0.824318,0.738559,0.722210,0.786594,0.693584,0.718174,0.758971,0.757916,0.780617,0.690810,0.804054,0.830417,0.774136,0.774652,0.739953,0.789115,0.739836,0.792162,0.764888,0.735395,0.763560,0.735696,0.769195,0.699341,0.784829,0.772034,0.729452,0.771244,0.783246,0.731654,0.757337,0.788599,0.770688,0.751040,0.772249,0.718306,0.791137,0.718177,0.803623,0.714946,0.754395,0.737201,0.780711,0.718494,0.743252,0.705285,0.814810,0.786676,0.749014,0.788684,0.756398,0.737079,0.755679,0.765350,0.743874,0.743566,0.744436,0.739241,0.724234,0.747149,0.745239,0.793233,0.750635,0.697824,0.758952,0.800022,0.758664,0.741068,0.712889,0.732117,0.748167,0.749138,0.711932,0.786706,0.761669,0.731822,#
8,0.790108,0.831376,0.786577,0.805927,0.764075,0.797137,0.734665,0.842730,1.000000,0.780748,0.755996,0.788951,0.757152,0.771831,0.748604,0.783139,0.792340,0.818891,0.770732,0.801124,0.773660,0.805877,0.796596,0.778890,0.715180,0.769655,0.793906,0.806282,0.749917,0.782769,0.770238,0.802166,0.765429,0.796582,0.717889,0.780798,0.762979,0.765405,0.799265,0.800807,0.753239,0.751990,0.811856,0.769784,0.765270,0.725571,0.774083,0.785521,0.783020,0.781337,0.778619,0.777498,0.781114,0.821181,0.790771,0.825045,0.747920,0.812510,0.766259,0.732941,0.789856,0.751289,0.772001,0.782830,0.789901,0.818223,0.770975,0.797750,0.781953,0.805906,0.744312,0.775331,0.855452,0.820744,0.766079,0.735205,0.790392,0.774062,0.775264,0.781409,0.788858,0.749607,0.800501,0.819636,0.811910,0.806485,0.771092,0.815239,0.750280,0.758584,0.772414,0.772184,0.797995,0.761427,0.823040,0.770845,0.750804,0.772491,0.816916,0.767592,0.795526,0.758244,0.797333,0.809845,0.748687,0.773519,0.805775,0.824426,0.734990,0.743132,0.809088,0.762763,0.804847,0.789362,0.749655,0.797572,0.755699,0.763035,0.751235,0.770353,0.753634,0.761270,0.799838,0.810526,0.788182,0.804892,0.751776,0.776030,0.777903,0.752336,0.758828,0.784826,0.785725,0.771068,0.854384,0.789284,0.777805,0.784654,0.741932,0.808033,0.780012,0.815547,0.789244,0.793577,0.796740,0.725325,0.776904,0.720755,0.786299,0.792801,0.747587,0.820836,0.764074,0.789790,0.775017,0.784229,0.801250,0.779917,0.794347,0.788630,0.797363,0.785844,0.817691,0.797668,0.775721,0.747746,0.775659,0.735098,0.772884,0.773324,0.820425,0.796148,0.795770,0.789674,0.824420,0.775191,0.759363,0.835042,0.755219,0.712080,0.760076,0.799217,0.698039,0.811659,0.790897,0.804642,0.781004,0.724870,0.803363,0.822381,0.770750,0.776202,0.790891,0.765751,0.733560,0.769136,0.758970,0.782395,0.765252,0.820312,#
9,0.727239,0.735149,0.690055,0.714987,0.727400,0.698367,0.668458,0.727305,0.780748,1.000000,0.678256,0.680983,0.706435,0.716371,0.729355,0.707496,0.749794,0.738592,0.742677,0.732588,0.790276,0.692419,0.742394,0.781440,0.665641,0.707400,0.718191,0.774346,0.659823,0.764082,0.694531,0.739980,0.726551,0.751337,0.740418,0.715825,0.712083,0.693414,0.754815,0.738053,0.734017,0.728586,0.723563,0.703116,0.750547,0.674220,0.717089,0.726591,0.678190,0.670582,0.672977,0.683286,0.672410,0.710041,0.735676,0.740992,0.709309,0.783070,0.713155,0.701544,0.744972,0.680958,0.753555,0.725787,0.727148,0.790088,0.736617,0.752459,0.741248,0.678357,0.715328,0.709109,0.734912,0.689411,0.737298,0.677154,0.695077,0.749802,0.734523,0.751220,0.711376,0.712333,0.695392,0.771686,0.774885,0.721783,0.702030,0.779917,0.704106,0.635859,0.693262,0.695100,0.748399,0.714667,0.742394,0.697070,0.694402,0.741446,0.750460,0.705615,0.755717,0.715808,0.734315,0.740065,0.720802,0.740735,0.718910,0.720277,0.753335,0.752140,0.756074,0.734499,0.754617,0.732500,0.662746,0.772943,0.633497,0.690894,0.637279,0.683769,0.698694,0.721801,0.744132,0.769299,0.740295,0.690082,0.721639,0.667195,0.752158,0.695819,0.694255,0.744825,0.734747,0.732744,0.761950,0.716862,0.722594,0.695036,0.706643,0.739900,0.688851,0.778265,0.754064,0.742987,0.692901,0.694620,0.735175,0.690451,0.718539,0.688897,0.674226,0.726970,0.686402,0.700066,0.740587,0.712873,0.711411,0.727497,0.737101,0.732709,0.733323,0.756704,0.727999,0.720736,0.734314,0.724349,0.659825,0.679644,0.737105,0.678332,0.761965,0.752417,0.741429,0.706001,0.740878,0.787875,0.704803,0.774070,0.706359,0.728434,0.738791,0.685936,0.731938,0.704428,0.699981,0.791003,0.655435,0.678653,0.791320,0.713195,0.718893,0.745037,0.683884,0.679020,0.691602,0.670007,0.695193,0.737942,0.714858,0.693937,#
10,0.807644,0.761658,0.716869,0.724650,0.668554,0.763504,0.714113,0.758493,0.755996,0.678256,1.000000,0.703751,0.673044,0.709100,0.653377,0.725581,0.757718,0.729817,0.742276,0.715958,0.735640,0.661919,0.754784,0.776868,0.657006,0.713117,0.736403,0.798416,0.705382,0.771511,0.722431,0.767205,0.713921,0.747281,0.739576,0.742060,0.688700,0.751177,0.745677,0.726220,0.749691,0.700135,0.709684,0.732240,0.744273,0.742803,0.795842,0.764680,0.780115,0.791813,0.683760,0.731724,0.768099,0.717162,0.755444,0.771952,0.731278,0.785231,0.699666,0.727544,0.770454,0.724572,0.800176,0.778898,0.770244,0.710957,0.747375,0.673853,0.749848,0.739015,0.704889,0.743100,0.813434,0.692721,0.705437,0.753170,0.760729,0.784785,0.767919,0.697161,0.810240,0.733596,0.714580,0.767893,0.744630,0.722061,0.775186,0.774048,0.708067,0.763873,0.689308,0.766672,0.786324,0.738103,0.763699,0.765639,0.703948,0.729961,0.786574,0.795929,0.745041,0.718242,0.737062,0.799282,0.777189,0.724043,0.712594,0.734573,0.743579,0.710426,0.729602,0.721943,0.714678,0.729583,0.688468,0.778702,0.690858,0.699707,0.709957,0.692714,0.702802,0.780339,0.668723,0.789016,0.689874,0.729865,0.760631,0.746137,0.697379,0.697025,0.702209,0.731110,0.733116,0.704097,0.776682,0.801521,0.752358,0.706627,0.742730,0.801909,0.806310,0.733727,0.688683,0.731782,0.680241,0.641887,0.714510,0.700054,0.772450,0.713482,0.730503,0.768431,0.772606,0.678025,0.734627,0.736129,0.776253,0.785646,0.742479,0.726317,0.806092,0.719454,0.710972,0.731485,0.711552,0.705323,0.761425,0.691662,0.770745,0.741564,0.771580,0.753345,0.690747,0.725498,0.753822,0.720988,0.758733,0.794066,0.702379,0.765722,0.719897,0.689930,0.745997,0.713716,0.706169,0.761576,0.697403,0.718759,0.711498,0.779024,0.728290,0.721640,0.728849,0.733161,0.742046,0.749680,0.706876,0.781074,0.759176,0.731643,#
11,0.775498,0.721559,0.680095,0.739207,0.749251,0.735604,0.702490,0.734341,0.788951,0.680983,0.703751,1.000000,0.751625,0.695892,0.681409,0.733364,0.755371,0.786416,0.784068,0.725301,0.732254,0.690770,0.738445,0.715297,0.688780,0.711701,0.688108,0.705932,0.718634,0.705823,0.718111,0.759538,0.748070,0.746109,0.674300,0.705543,0.762200,0.742724,0.718115,0.741125,0.717534,0.697599,0.721216,0.706025,0.713040,0.706020,0.802022,0.744433,0.726357,0.761634,0.727406,0.690439,0.754736,0.721357,0.752612,0.766138,0.692241,0.753374,0.714955,0.692582,0.703420,0.663546,0.777359,0.708741,0.747439,0.736957,0.737783,0.721053,0.736916,0.745032,0.753016,0.721543,0.749662,0.741279,0.745806,0.647887,0.788572,0.741090,0.727340,0.650378,0.755708,0.696693,0.734519,0.722570,0.771907,0.728770,0.701252,0.711474,0.695302,0.676578,0.726050,0.735700,0.735275,0.700003,0.727946,0.760773,0.732028,0.724736,0.734531,0.715622,0.699743,0.716620,0.747296,0.740869,0.768046,0.729221,0.712753,0.770718,0.737931,0.742105,0.786803,0.737370,0.739929,0.726340,0.624443,0.744548,0.694321,0.735115,0.683351,0.715931,0.641869,0.749467,0.733424,0.775856,0.757055,0.728507,0.723394,0.699755,0.726235,0.728082,0.744982,0.720082,0.737885,0.732074,0.769782,0.747817,0.778129,0.701392,0.720675,0.717612,0.741981,0.702351,0.727095,0.757063,0.756367,0.630177,0.744039,0.729318,0.723617,0.756910,0.697209,0.729407,0.723406,0.720047,0.751325,0.698838,0.782745,0.706331,0.751230,0.685793,0.709809,0.729635,0.772519,0.703974,0.775958,0.641493,0.737073,0.636442,0.730657,0.745646,0.747340,0.733551,0.758094,0.759331,0.713213,0.739193,0.730023,0.754379,0.683990,0.740885,0.715560,0.690530,0.726472,0.709411,0.744466,0.695751,0.701888,0.753358,0.742963,0.755935,0.736682,0.732643,0.749063,0.708808,0.694637,0.713364,0.704227,0.740157,0.731920,0.713710,#
12,0.714096,0.699654,0.685326,0.698347,0.703649,0.674770,0.700075,0.734121,0.757152,0.706435,0.673044,0.751625,1.000000,0.729529,0.719996,0.669797,0.735950,0.758357,0.742813,0.737830,0.738677,0.647698,0.756424,0.755825,0.676286,0.709945,0.685728,0.717425,0.740896,0.683977,0.704978,0.728946,0.734800,0.754880,0.691817,0.724767,0.734484,0.709880,0.745438,0.721305,0.642173,0.639463,0.693760,0.744136,0.701099,0.712745,0.749686,0.666858,0.701145,0.700676,0.778190,0.684659,0.702013,0.711918,0.763114,0.723210,0.685619,0.737607,0.699362,0.662744,0.674834,0.705720,0.717250,0.701131,0.771826,0.728035,0.704766,0.661393,0.745498,0.706979,0.711942,0.681383,0.741349,0.702768,0.763602,0.688015,0.746872,0.706539,0.729791,0.720468,0.727120,0.686575,0.750239,0.734080,0.701939,0.733164,0.683210,0.723865,0.727932,0.655041,0.727571,0.716367,0.727285,0.641011,0.686870,0.759468,0.773458,0.733886,0.709200,0.683120,0.669825,0.734332,0.736344,0.755372,0.680885,0.702206,0.699675,0.679287,0.742753,0.706652,0.739014,0.688310,0.697788,0.707506,0.752489,0.728147,0.657759,0.671823,0.694447,0.701065,0.670733,0.714321,0.699299,0.783098,0.759162,0.737374,0.700536,0.644580,0.673709,0.704759,0.682093,0.696229,0.682309,0.688099,0.702741,0.722732,0.705604,0.743618,0.705503,0.689352,0.753882,0.751283,0.706343,0.726671,0.693517,0.669509,0.719786,0.653893,0.741686,0.762752,0.694992,0.745445,0.699342,0.643500,0.706939,0.749674,0.776519,0.736724,0.759507,0.703623,0.723612,0.738085,0.752074,0.688972,0.777485,0.629894,0.697765,0.722403,0.642663,0.678906,0.742151,0.720251,0.725650,0.723229,0.707141,0.676580,0.759964,0.795207,0.669520,0.610473,0.685949,0.728389,0.727672,0.701567,0.633106,0.744269,0.638550,0.736721,0.712319,0.712155,0.676211,0.689710,0.683682,0.705987,0.667031,0.711853,0.687538,0.741777,0.750045,0.617398,#
13,0.745861,0.682770,0.737478,0.743679,0.747042,0.690028,0.752913,0.745045,0.771831,0.716371,0.709100,0.695892,0.729529,1.000000,0.662723,0.721397,0.737630,0.791064,0.766123,0.714301,0.759926,0.708540,0.781674,0.752261,0.694807,0.702578,0.695045,0.767510,0.748227,0.773557,0.668210,0.752479,0.768409,0.771394,0.646138,0.697604,0.719945,0.750961,0.768138,0.742043,0.797280,0.696299,0.754745,0.730786,0.781233,0.737617,0.724088,0.739332,0.775388,0.725501,0.734680,0.788520,0.737883,0.725537,0.774186,0.791255,0.732357,0.759516,0.753628,0.704302,0.768083,0.713918,0.715111,0.767558,0.786219,0.756846,0.730984,0.701830,0.759355,0.709192,0.670026,0.734350,0.719164,0.780215,0.761272,0.706394,0.726901,0.729590,0.774115,0.750790,0.748354,0.705734,0.777751,0.757448,0.743929,0.742477,0.692572,0.710645,0.771482,0.732807,0.716326,0.744002,0.755847,0.729828,0.759606,0.713424,0.723341,0.703107,0.725832,0.780532,0.742331,0.722105,0.722009,0.818173,0.727648,0.780814,0.727862,0.750426,0.732281,0.685153,0.756339,0.733052,0.737133,0.758708,0.726315,0.768559,0.658950,0.784788,0.736244,0.732063,0.711148,0.744668,0.683578,0.732627,0.739117,0.696159,0.726459,0.679061,0.688527,0.709293,0.719533,0.735149,0.710597,0.709115,0.791951,0.756902,0.728938,0.736153,0.781905,0.735459,0.719063,0.802723,0.765941,0.732002,0.675132,0.691052,0.775850,0.698156,0.750291,0.752667,0.710455,0.784953,0.695453,0.699730,0.721186,0.730793,0.764406,0.734392,0.788024,0.703139,0.772120,0.740883,0.734731,0.752129,0.739468,0.714707,0.735954,0.700112,0.763071,0.683341,0.750580,0.785872,0.777292,0.726702,0.788824,0.767300,0.755171,0.830725,0.727677,0.709161,0.704222,0.734314,0.747424,0.737481,0.738398,0.771396,0.697063,0.743948,0.697088,0.734446,0.715008,0.714237,0.748646,0.760898,0.749397,0.684941,0.723398,0.750187,0.725126,0.703192,#
14,0.708789,0.719749,0.701147,0.682432,0.685021,0.710819,0.634939,0.748865,0.748604,0.729355,0.653377,0.681409,0.719996,0.662723,1.000000,0.718144,0.727186,0.673868,0.676527,0.677844,0.737318,0.676880,0.683040,0.747302,0.668853,0.610774,0.687150,0.706006,0.694955,0.705853,0.710104,0.743353,0.695694,0.715404,0.680730,0.664638,0.682663,0.703180,0.749647,0.664185,0.635640,0.650431,0.720299,0.731965,0.687488,0.693147,0.696126,0.671253,0.629982,0.635639,0.672810,0.666930,0.660206,0.752557,0.698736,0.703615,0.677233,0.689984,0.704515,0.640033,0.713864,0.706988,0.699446,0.682114,0.684177,0.683525,0.663324,0.696826,0.700567,0.707400,0.676968,0.682731,0.731672,0.659856,0.744823,0.651055,0.729963,0.698877,0.696858,0.625049,0.731072,0.718676,0.724260,0.766513,0.719505,0.717170,0.687091,0.754097,0.709573,0.612296,0.649464,0.631606,0.720833,0.734440,0.736106,0.702453,0.773761,0.691784,0.731636,0.658653,0.711838,0.709587,0.723251,0.651588,0.676111,0.709886,0.663936,0.661352,0.684254,0.652936,0.730950,0.683792,0.725322,0.697437,0.650068,0.724348,0.643270,0.671006,0.640644,0.650548,0.678687,0.730415,0.689269,0.727221,0.753143,0.605339,0.670815,0.740411,0.657719,0.702809,0.648945,0.703437,0.679698,0.683930,0.722815,0.731242,0.683360,0.700557,0.703434,0.722614,0.694503,0.703413,0.629409,0.726872,0.672230,0.704645,0.750285,0.661165,0.718529,0.657403,0.698206,0.687449,0.633580,0.636992,0.733138,0.683300,0.690174,0.703365,0.671153,0.654911,0.682148,0.648321,0.722737,0.671685,0.662164,0.636222,0.658835,0.648805,0.623727,0.715154,0.710155,0.714185,0.708911,0.734239,0.715157,0.736243,0.707885,0.756528,0.639930,0.630502,0.688953,0.731599,0.695672,0.676131,0.669528,0.699959,0.691432,0.618287,0.690888,0.715995,0.599460,0.663708,0.730434,0.707506,0.655200,0.677681,0.672127,0.693852,0.665987,0.601356,#
15,0.781148,0.740695,0.723617,0.738730,0.739666,0.809789,0.696395,0.714344,0.783139,0.707496,0.725581,0.733364,0.669797,0.721397,0.718144,1.000000,0.756185,0.783009,0.747247,0.744720,0.737612,0.703063,0.711709,0.756004,0.706129,0.704673,0.710470,0.719610,0.699006,0.766674,0.755230,0.782752,0.729391,0.770849,0.671480,0.780402,0.776342,0.725077,0.789786,0.710828,0.708195,0.697193,0.739203,0.697598,0.776887,0.699074,0.776338,0.796939,0.772151,0.727660,0.699122,0.764965,0.728053,0.718077,0.740830,0.729010,0.728710,0.717086,0.713158,0.695592,0.775773,0.693500,0.732495,0.789045,0.728013,0.773929,0.719017,0.724675,0.704507,0.655679,0.720816,0.690645,0.715817,0.702078,0.733851,0.673746,0.760195,0.744029,0.751530,0.708393,0.771844,0.730854,0.729023,0.774224,0.798519,0.771004,0.711885,0.780858,0.697826,0.671812,0.705763,0.670111,0.744244,0.728549,0.698840,0.710254,0.701491,0.703986,0.736395,0.727892,0.780276,0.691110,0.786869,0.750111,0.687551,0.735346,0.760176,0.762791,0.705887,0.749555,0.684732,0.704077,0.735466,0.731268,0.667026,0.730210,0.709794,0.753926,0.695835,0.701593,0.678041,0.725780,0.722615,0.757688,0.715299,0.707372,0.767865,0.696175,0.751349,0.774854,0.674664,0.701662,0.708889,0.690841,0.757923,0.714441,0.728924,0.685080,0.751490,0.731648,0.702834,0.698410,0.712628,0.710957,0.729242,0.682761,0.715195,0.695080,0.750317,0.705798,0.743707,0.731794,0.761330,0.704617,0.730894,0.706958,0.791116,0.717306,0.735717,0.716077,0.732394,0.755036,0.789350,0.667402,0.747316,0.728995,0.746805,0.743331,0.762641,0.676591,0.711501,0.779113,0.714909,0.760779,0.730899,0.760502,0.747909,0.785646,0.725509,0.697282,0.715563,0.725824,0.719095,0.759678,0.714882,0.742277,0.655925,0.696532,0.688979,0.769370,0.667301,0.758371,0.738933,0.717288,0.716287,0.714647,0.731641,0.763785,0.763771,0.748252,#
16,0.817386,0.755916,0.717721,0.755513,0.780375,0.782729,0.769292,0.780421,0.792340,0.749794,0.757718,0.755371,0.735950,0.737630,0.727186,0.756185,1.000000,0.799250,0.752360,0.765921,0.830045,0.754264,0.694858,0.785066,0.719342,0.773061,0.779245,0.693466,0.715111,0.752137,0.784752,0.824213,0.799428,0.756476,0.714848,0.761563,0.770920,0.734102,0.776664,0.776337,0.744954,0.751771,0.755615,0.752629,0.732315,0.764337,0.756444,0.760740,0.777146,0.773868,0.724728,0.738656,0.776530,0.802563,0.794382,0.800370,0.669599,0.789340,0.775076,0.696660,0.746761,0.748016,0.758840,0.725746,0.765072,0.744699,0.765547,0.774026,0.811500,0.778266,0.725389,0.720637,0.798862,0.759055,0.767822,0.715036,0.769490,0.789903,0.787964,0.779354,0.811713,0.764610,0.782981,0.789342,0.782141,0.767558,0.792320,0.754910,0.744436,0.757805,0.726412,0.738310,0.786518,0.767213,0.779857,0.811591,0.771365,0.743650,0.790990,0.754264,0.747527,0.731469,0.773522,0.780936,0.735781,0.815127,0.786984,0.754287,0.807588,0.725958,0.800958,0.774125,0.765673,0.788402,0.784851,0.803311,0.770944,0.757139,0.705032,0.669380,0.713405,0.802857,0.760335,0.803426,0.795049,0.770348,0.765095,0.711456,0.734700,0.735881,0.791107,0.748188,0.794197,0.701624,0.816079,0.815935,0.771664,0.727776,0.765820,0.782207,0.745590,0.775112,0.768968,0.764801,0.740181,0.692369,0.763956,0.736808,0.772927,0.781737,0.732657,0.816547,0.723670,0.721241,0.819718,0.744747,0.776050,0.749522,0.777445,0.769867,0.733056,0.758950,0.805247,0.741451,0.760036,0.771285,0.763625,0.744553,0.778575,0.718460,0.786225,0.779532,0.765665,0.750509,0.767941,0.748545,0.729592,0.824556,0.747072,0.718714,0.733233,0.736632,0.769125,0.726126,0.767289,0.792600,0.754922,0.768114,0.751370,0.767191,0.782200,0.725759,0.799648,0.754822,0.733438,0.742638,0.747823,0.773671,0.796997,0.749155,#
17,0.806823,0.736650,0.752194,0.737136,0.793419,0.804173,0.774441,0.771372,0.818891,0.738592,0.729817,0.786416,0.758357,0.791064,0.673868,0.783009,0.799250,1.000000,0.737501,0.797785,0.796446,0.708979,0.775821,0.817224,0.796107,0.769518,0.776846,0.757143,0.723886,0.784464,0.778010,0.795194,0.717667,0.751604,0.716234,0.796715,0.750460,0.763042,0.808974,0.789952,0.775424,0.759154,0.791127,0.755033,0.754611,0.722815,0.771060,0.817810,0.806491,0.787198,0.774261,0.762494,0.772551,0.743858,0.784076,0.820692,0.754643,0.763025,0.784355,0.706303,0.766007,0.745004,0.738858,0.771369,0.773185,0.824938,0.800639,0.776716,0.760085,0.732071,0.752901,0.745615,0.766613,0.743599,0.761132,0.719742,0.793235,0.781781,0.781785,0.776589,0.803526,0.749531,0.799279,0.789122,0.774379,0.776921,0.788380,0.771986,0.756723,0.743780,0.762232,0.740077,0.781829,0.752034,0.745173,0.793950,0.773633,0.729323,0.728064,0.793222,0.798655,0.700202,0.781814,0.797342,0.717932,0.743272,0.790098,0.785300,0.730404,0.758149,0.766860,0.762060,0.729130,0.794907,0.744838,0.747568,0.703287,0.780104,0.705459,0.726932,0.730545,0.770172,0.746839,0.811420,0.786579,0.797869,0.773027,0.721195,0.722718,0.764304,0.808255,0.799997,0.789448,0.724163,0.760724,0.796231,0.769223,0.762403,0.808289,0.802985,0.782497,0.790638,0.825231,0.771927,0.776805,0.702516,0.785190,0.747088,0.788699,0.731802,0.775369,0.785887,0.744466,0.727187,0.787727,0.803775,0.847684,0.753812,0.793427,0.731626,0.779610,0.746696,0.829288,0.728680,0.794768,0.760575,0.703858,0.715217,0.777018,0.721683,0.824877,0.770286,0.768629,0.770896,0.809085,0.743446,0.769827,0.820750,0.749712,0.760803,0.754836,0.793119,0.773854,0.786890,0.795649,0.778733,0.744459,0.823449,0.729855,0.752673,0.733991,0.767686,0.780140,0.769174,0.757317,0.786420,0.727973,0.813198,0.762409,0.746670,#
18,0.763653,0.750687,0.717907,0.793288,0.761113,0.711232,0.727963,0.771697,0.770732,0.742677,0.742276,0.784068,0.742813,0.766123,0.676527,0.747247,0.752360,0.737501,1.000000,0.760802,0.750319,0.741130,0.751590,0.719833,0.717688,0.745120,0.728588,0.747220,0.701881,0.761668,0.693182,0.781007,0.754961,0.787644,0.736407,0.779454,0.730537,0.741763,0.751906,0.742256,0.759087,0.653838,0.719530,0.704346,0.792854,0.718591,0.800223,0.760433,0.738811,0.683791,0.710593,0.718504,0.782225,0.722190,0.766651,0.780884,0.709070,0.782696,0.735907,0.754058,0.769149,0.668696,0.740738,0.727163,0.790290,0.739009,0.729875,0.735106,0.707341,0.750944,0.757440,0.714424,0.775078,0.735650,0.770524,0.671500,0.791204,0.717089,0.795051,0.722598,0.735800,0.707171,0.752501,0.768597,0.789900,0.742561,0.738505,0.747587,0.734185,0.702618,0.743810,0.702685,0.774199,0.747240,0.776233,0.711985,0.740200,0.752614,0.752733,0.759971,0.769914,0.705289,0.752677,0.774211,0.741224,0.768397,0.709689,0.727490,0.748805,0.716242,0.769065,0.718559,0.783453,0.785376,0.666623,0.724474,0.704626,0.730401,0.687321,0.711127,0.689059,0.791732,0.738342,0.752033,0.748611,0.702968,0.743210,0.708444,0.793236,0.698390,0.727847,0.756240,0.738918,0.727091,0.772265,0.782805,0.792817,0.744877,0.742141,0.750127,0.723181,0.775625,0.736917,0.784400,0.711379,0.737072,0.739850,0.687492,0.764126,0.730116,0.702724,0.819513,0.745629,0.682123,0.742665,0.753220,0.750656,0.786715,0.767451,0.716563,0.760690,0.723404,0.786392,0.743417,0.762081,0.751145,0.786996,0.686030,0.708323,0.713566,0.747382,0.792528,0.775377,0.718557,0.712596,0.756557,0.743641,0.806135,0.706301,0.768409,0.735791,0.728638,0.718486,0.738150,0.728591,0.769246,0.724321,0.688592,0.718085,0.772170,0.729863,0.746248,0.702948,0.789892,0.770224,0.723382,0.685378,0.768454,0.771073,0.727543,#
19,0.756029,0.750634,0.748068,0.741627,0.799656,0.796550,0.703194,0.764533,0.801124,0.732588,0.715958,0.725301,0.737830,0.714301,0.677844,0.744720,0.765921,0.797785,0.760802,1.000000,0.750093,0.713000,0.727696,0.746560,0.683173,0.693848,0.767356,0.706391,0.733534,0.747918,0.752552,0.805611,0.718814,0.731504,0.637404,0.749683,0.720705,0.697904,0.775803,0.745587,0.742035,0.667263,0.731157,0.725105,0.719955,0.738531,0.807851,0.754959,0.774956,0.651962,0.664812,0.719895,0.734450,0.747111,0.736713,0.716552,0.740631,0.738035,0.752609,0.658109,0.758164,0.720715,0.757026,0.734653,0.757969,0.778376,0.691484,0.716323,0.731912,0.716848,0.721412,0.712004,0.770104,0.730069,0.758340,0.660145,0.728746,0.707177,0.745506,0.711429,0.749000,0.679502,0.777956,0.733239,0.736262,0.722598,0.742233,0.803683,0.748397,0.655914,0.744119,0.705323,0.769899,0.714503,0.745431,0.729030,0.738261,0.697252,0.719255,0.770365,0.759801,0.716762,0.739226,0.746183,0.688712,0.746050,0.737628,0.740284,0.727257,0.660988,0.713136,0.706783,0.740463,0.749240,0.715670,0.715243,0.726220,0.732488,0.668318,0.639013,0.674973,0.761954,0.723472,0.790109,0.786913,0.721806,0.758215,0.708547,0.765757,0.775319,0.724136,0.761744,0.748889,0.750665,0.787532,0.752499,0.750689,0.718557,0.731908,0.750721,0.709852,0.706961,0.717617,0.719482,0.731599,0.682412,0.708896,0.656457,0.756807,0.738902,0.727934,0.794072,0.701982,0.676363,0.750387,0.739237,0.782990,0.772969,0.746768,0.733676,0.740224,0.728343,0.743145,0.678795,0.744854,0.724099,0.684714,0.723298,0.727686,0.680424,0.758234,0.793267,0.767481,0.717903,0.771332,0.719857,0.750701,0.820360,0.703466,0.688223,0.659373,0.746221,0.722888,0.789128,0.757208,0.744614,0.699415,0.736444,0.757122,0.757937,0.705621,0.740462,0.729788,0.774918,0.691196,0.779572,0.657174,0.721166,0.727558,0.703557,#
20,0.781432,0.740617,0.728887,0.733187,0.779299,0.754009,0.789072,0.773699,0.773660,0.790276,0.735640,0.732254,0.738677,0.759926,0.737318,0.737612,0.830045,0.796446,0.750319,0.750093,1.000000,0.734608,0.716172,0.773574,0.709527,0.769009,0.774527,0.736111,0.705060,0.778033,0.749348,0.782918,0.742345,0.798328,0.741090,0.791988,0.753027,0.731082,0.798964,0.791905,0.743414,0.782796,0.726194,0.778253,0.773116,0.733345,0.785488,0.742562,0.742308,0.736865,0.725095,0.771988,0.752959,0.771989,0.769437,0.786990,0.734173,0.788109,0.771504,0.711841,0.787997,0.715866,0.800052,0.727013,0.803250,0.778696,0.787673,0.731508,0.776489,0.732661,0.750350,0.739573,0.745069,0.749736,0.779352,0.673265,0.745004,0.756851,0.770304,0.762216,0.763244,0.805076,0.770133,0.785203,0.743941,0.761298,0.786692,0.752368,0.741025,0.749607,0.754144,0.754947,0.765685,0.774733,0.811010,0.729767,0.720270,0.718331,0.749549,0.753980,0.784172,0.738520,0.798628,0.780832,0.779707,0.718754,0.775867,0.782058,0.744310,0.777017,0.775563,0.760965,0.719370,0.730067,0.744465,0.730730,0.737201,0.774084,0.666271,0.688265,0.771814,0.771085,0.728096,0.832973,0.767187,0.780643,0.748039,0.710478,0.748427,0.752786,0.781634,0.740384,0.787646,0.774171,0.801687,0.760599,0.734965,0.754261,0.793757,0.791059,0.738452,0.752077,0.746490,0.780768,0.744238,0.716406,0.759589,0.720974,0.755657,0.796972,0.775058,0.786673,0.771403,0.733617,0.796473,0.756014,0.766248,0.751238,0.773770,0.757089,0.739277,0.771913,0.773592,0.748963,0.799950,0.669746,0.718401,0.689567,0.758436,0.730156,0.791223,0.748170,0.810408,0.750194,0.759849,0.751562,0.736152,0.801968,0.759587,0.763725,0.732317,0.729001,0.743141,0.747559,0.713655,0.795429,0.720627,0.772463,0.723852,0.744722,0.678429,0.705594,0.756166,0.794947,0.727348,0.690656,0.735676,0.773239,0.784580,0.735716,#
21,0.700664,0.776806,0.686404,0.727915,0.718511,0.725543,0.670917,0.731203,0.805877,0.692419,0.661919,0.690770,0.647698,0.708540,0.676880,0.703063,0.754264,0.708979,0.741130,0.713000,0.734608,1.000000,0.706941,0.745367,0.675777,0.659327,0.747309,0.665153,0.676556,0.705833,0.713515,0.717559,0.730228,0.733717,0.701001,0.758802,0.715202,0.731149,0.747709,0.694981,0.689893,0.711543,0.698895,0.709540,0.735140,0.687346,0.704214,0.736607,0.724330,0.643681,0.662005,0.721344,0.707352,0.680132,0.729981,0.739845,0.710054,0.713780,0.773017,0.610438,0.735109,0.679078,0.673408,0.669838,0.775106,0.695891,0.699519,0.727607,0.701116,0.724593,0.683992,0.719257,0.740110,0.723798,0.763982,0.674842,0.689058,0.694403,0.727733,0.707827,0.685104,0.679343,0.729708,0.724719,0.793407,0.701235,0.692728,0.731362,0.744343,0.720360,0.650177,0.629118,0.734236,0.693497,0.735107,0.677568,0.707853,0.671267,0.682427,0.719817,0.723854,0.708585,0.717607,0.715125,0.638063,0.753328,0.675469,0.683474,0.700668,0.725069,0.732931,0.684224,0.717534,0.758093,0.607535,0.668082,0.708396,0.736735,0.629268,0.664020,0.703659,0.729705,0.703658,0.743911,0.726196,0.650736,0.703134,0.733183,0.712034,0.726104,0.743185,0.752329,0.726759,0.685620,0.760062,0.695200,0.642714,0.657407,0.716088,0.740340,0.715317,0.727813,0.707765,0.711008,0.683925,0.673857,0.713216,0.672207,0.684760,0.704272,0.706512,0.772760,0.697415,0.683577,0.715212,0.709637,0.740853,0.664509,0.691245,0.710735,0.726452,0.710392,0.766840,0.725386,0.752170,0.667262,0.739030,0.695929,0.626328,0.671473,0.746720,0.693275,0.716886,0.689772,0.707187,0.710428,0.632568,0.766722,0.687439,0.678342,0.677116,0.721214,0.651964,0.731817,0.701079,0.780909,0.715832,0.605102,0.668830,0.752318,0.685468,0.676230,0.702840,0.707772,0.714427,0.665895,0.699460,0.738050,0.673834,0.703213,#
