0,1.000000,0.062994,0.168738,0.162840,0.264816,0.139248,0.055098,-0.011438,0.228585,0.089242,0.145626,0.038465,0.114228,0.019496,0.303537,0.141962,0.094274,0.266794,0.235035,0.299182,0.177048,0.202615,0.255021,0.279863,0.163999,0.107055,0.200800,0.047844,0.251104,0.270644,-0.000578,0.118917,0.137940,0.178765,0.043170,0.153991,0.160712,0.085333,0.311171,0.277150,0.222405,0.139575,0.187731,0.201857,0.013130,0.142451,0.112760,0.255679,0.187008,0.213738,0.194968,-0.044662,0.048611,0.175158,0.211974,0.277845,0.277431,0.166086,0.074385,0.040382,0.235980,-0.005643,0.180059,0.065911,0.120065,0.071078,0.068514,0.212034,0.196665,0.143616,0.186285,0.089910,0.239528,0.241395,0.130523,-0.152760,0.131587,0.237761,0.069687,0.046933,0.169225,0.071915,0.141868,0.206015,0.327958,0.050531,0.147705,0.164546,0.213066,0.145564,0.084883,0.085731,0.137070,0.228945,0.274574,0.214785,0.319672,0.051431,0.114251,0.224445,0.252500,0.168412,0.039111,0.179880,0.196022,0.215997,0.224824,0.159033,0.080883,-0.124464,-0.023386,0.096713,0.052112,0.183146,0.062626,0.063006,0.156161,0.127401,0.065299,0.078370,0.278375,0.147795,0.103650,0.192838,0.098455,0.262647,0.169993,-0.003937,0.129599,0.261833,0.281627,0.064029,0.229050,0.072927,0.168366,0.050687,0.298806,0.114530,0.118700,0.220937,0.310750,0.197385,0.129688,0.153973,0.111180,0.207970,0.177976,0.089394,0.255984,0.120310,0.035683,0.009059,0.159181,0.106864,0.245854,0.113373,0.050175,0.061272,0.165251,0.201403,0.184770,0.213314,0.098679,-0.005453,0.153128,0.102069,0.112315,0.259122,0.169850,0.110928,0.271331,-0.020425,0.222690,0.113381,-0.032708,0.224653,0.313846,0.157569,0.109011,0.093539,0.183655,0.191403,0.081262,0.086742,0.131834,0.137447,0.357150,0.330926,0.231256,0.050157,0.101930,0.177384,0.130120,0.067082,0.227427,-0.034269,0.038738,0.248222,0.417284,0.242212,#
1,0.062994,1.000000,0.206025,0.234432,0.200925,0.193492,0.300030,0.113400,0.269924,0.032933,0.340301,0.256063,0.183650,0.216513,0.126922,0.012252,0.153226,0.179607,0.103125,0.185550,0.124607,0.248915,0.051887,0.193749,0.176571,0.218665,0.274656,0.293633,-0.035699,0.227230,0.239067,0.193354,0.069116,0.200051,-0.034025,0.162189,0.181698,0.120736,0.334897,0.072417,0.055332,0.057274,0.305072,0.212754,0.223405,0.210534,0.379885,0.237432,0.045300,0.041618,0.224517,0.117119,0.305634,0.154120,0.047480,0.184260,0.225329,0.132894,0.177172,0.079770,0.152083,0.149165,0.254728,0.077352,0.127408,0.178192,-0.014311,0.203696,0.205390,0.278243,0.051578,0.096827,0.298579,0.109172,0.225100,0.071876,0.127170,0.200982,0.301477,0.101050,0.269432,0.251224,0.156982,0.214927,0.248183,-0.160947,0.224748,0.137319,0.149660,0.207566,0.150109,0.187727,0.141445,0.249021,0.112736,0.189084,0.101313,0.034983,0.088555,0.113398,0.227092,0.075772,0.133456,0.202317,0.108367,0.223334,0.326605,0.315879,0.073188,0.179859,0.315479,0.184931,0.057696,0.137932,0.238201,0.270755,0.177174,0.156983,0.062851,0.165416,0.084925,0.160941,0.194378,0.212071,0.133422,0.114276,0.167004,0.089850,0.087778,0.193092,0.176020,0.171135,0.142014,0.196177,0.330865,0.342522,0.169948,0.317316,0.219575,0.257589,0.179987,0.100793,0.252591,0.137808,0.246937,0.183505,0.116653,0.069341,0.221455,0.127025,0.064579,0.094818,0.081322,-0.038496,0.327942,0.150951,0.085448,0.039572,0.003579,-0.003069,0.049689,0.289776,0.262731,0.212683,0.233247,0.119077,0.078123,0.177237,0.186187,0.307183,0.172467,0.216117,0.167292,0.099367,0.073174,0.171306,0.033558,0.322082,0.226175,0.101740,0.142454,0.174939,0.225777,0.074955,0.159538,0.158316,0.131009,0.140185,0.117821,0.165302,0.317004,0.073821,0.053292,0.218775,0.191716,0.163604,-0.032281,0.179851,0.127266,0.200838,#
2,0.168738,0.206025,1.000000,0.237309,0.171957,0.098626,0.234782,0.226833,0.143491,0.124117,0.276059,0.358105,0.204959,0.336251,0.070886,0.229089,0.124299,0.085285,0.180187,0.180132,0.255565,0.379600,-0.039341,0.112859,0.234683,0.252354,0.259751,0.228905,0.125214,0.298154,0.033996,0.064421,0.075561,0.085366,0.046805,0.221903,0.191035,-0.028661,0.109857,0.070285,0.310410,0.193065,0.333552,0.102137,0.088190,0.200746,0.188664,0.200420,0.056168,0.221769,0.342589,0.233814,0.195612,0.142773,-0.001996,0.175558,0.108477,0.141283,0.173546,0.169049,0.174310,0.079185,0.179194,0.270439,0.273037,0.260366,0.148216,0.119722,0.271640,0.289466,0.025086,0.114171,0.144973,0.204246,0.241946,0.128548,0.162974,0.208065,0.202256,0.020070,0.373540,0.056634,-0.012996,0.165332,0.204110,0.025660,0.253921,0.277876,0.025354,0.076782,-0.055303,0.235035,0.294943,0.212690,0.120352,0.304308,0.306522,0.122569,0.237045,0.132593,0.218288,0.079631,0.110579,0.212574,0.062448,0.142147,0.144560,0.147526,0.153661,0.251527,0.190892,0.222625,0.162136,0.138133,0.131744,0.295072,0.202840,0.163318,-0.144876,0.069140,0.193561,0.200900,0.081038,0.111917,0.174749,0.066243,0.288118,0.165511,0.142822,0.155603,0.174546,0.122348,0.146887,0.076573,0.338165,0.242610,0.241778,0.252448,0.124480,0.059091,0.120625,0.109599,0.298269,0.129277,0.321632,0.256286,0.004079,0.147140,0.328672,0.050215,0.108112,0.282575,0.205841,0.140121,0.192838,0.097889,0.089910,0.039997,0.115596,0.210844,0.183862,0.356999,0.136067,0.370291,0.169009,0.155859,0.163577,0.126305,0.026533,0.174039,0.072227,0.350280,0.109674,0.078453,0.215219,0.074246,0.263094,0.168816,0.057523,0.197269,0.274664,0.110134,0.021844,0.395763,0.057433,0.180857,0.168795,0.129632,0.244304,0.010007,0.086798,0.171423,0.333040,0.012373,0.198136,0.036004,-0.045699,0.165167,0.311837,0.261297,#
3,0.162840,0.234432,0.237309,1.000000,0.284962,0.290600,0.336391,0.141566,0.252641,0.060443,0.273733,0.283426,0.247664,0.200462,0.144250,0.138899,0.228168,0.279173,0.214890,0.230368,0.254897,0.207004,0.154612,0.340829,0.231866,0.200168,0.160776,0.167462,0.198471,0.296248,0.171596,0.236942,0.398146,0.270893,-0.088651,0.196118,0.359694,0.283472,0.348975,0.131407,0.289313,0.328986,0.255531,0.437932,0.110431,0.228524,0.257482,0.283881,0.110278,0.220807,0.281708,0.230557,0.307709,0.017521,0.058618,0.338186,0.160586,0.148884,0.228297,0.205563,0.238769,0.101929,0.208194,0.164436,0.350043,0.284287,0.172002,0.184554,0.145884,0.298810,0.090284,0.137882,0.325672,0.173091,0.276875,0.319258,0.197883,0.187652,0.295337,0.049126,0.362033,0.224953,0.198884,0.138665,0.324247,0.133681,0.194327,0.184945,0.248104,0.223792,0.137284,0.247558,0.274949,0.314773,0.149441,0.272951,0.273234,0.074907,0.272419,0.264213,0.315528,0.057420,0.228110,0.243902,0.242023,0.214533,0.251370,0.193648,0.133097,0.149227,0.144267,0.204182,0.204895,0.178090,0.095781,0.096975,0.316771,0.142586,0.015956,0.156488,0.241636,0.173697,0.162190,0.407649,0.168758,0.090332,0.299826,0.198250,0.176204,0.331162,0.332046,0.249014,0.261250,0.298800,0.350330,0.206073,0.167482,0.235167,0.331001,0.180149,0.240681,0.258836,0.224145,0.187324,0.132780,0.181074,0.248119,0.260548,0.204176,0.191935,0.054457,0.164292,0.113297,0.151362,0.323099,0.100241,0.058409,0.175896,0.207592,0.313188,0.281913,0.258211,0.359353,0.307818,0.193017,0.166266,0.153459,0.236634,0.042013,0.143754,0.254884,0.162331,0.164473,-0.017576,0.040348,0.235082,0.233851,0.253690,0.134270,0.188231,0.205393,0.314650,0.344176,0.129256,-0.019736,0.186796,0.170202,0.208694,0.136720,0.133430,0.120568,0.245228,0.315021,-0.002228,0.182480,0.222417,0.264693,0.273637,0.271660,0.184566,#
4,0.264816,0.200925,0.171957,0.284962,1.000000,0.291308,0.087526,0.039778,0.308887,0.151210,0.132428,0.061660,0.199241,0.139879,0.129226,0.178846,0.100932,0.246781,0.222210,0.357933,0.318386,0.203719,0.171325,0.328518,0.123258,0.258118,0.053417,0.078710,0.194590,0.084372,0.068305,0.125951,0.138925,0.110430,0.056797,0.290107,0.381888,0.153717,0.127047,0.074602,0.287864,0.422320,0.205890,0.099565,0.264747,0.142780,0.354551,0.206245,0.181003,0.287256,0.197672,0.099461,0.125483,0.156232,0.195702,0.350980,0.249809,0.141497,0.245945,0.104568,0.240911,0.212318,0.138679,0.027912,0.191845,0.103148,0.260687,0.159490,0.136957,0.170485,0.169470,0.172704,0.240401,0.247511,0.137188,0.001249,0.085897,0.315991,0.267628,0.014289,0.415132,0.227768,0.043521,0.052384,0.412518,0.055931,0.140942,0.224023,0.210957,0.259541,0.246695,0.130409,0.122036,0.232183,0.146049,0.351518,0.243284,0.194098,0.147750,0.094220,0.145234,-0.060395,0.273124,0.233536,0.188328,0.143785,0.064499,0.229078,0.084563,0.118180,0.341795,0.208201,0.308259,0.432816,0.230435,0.032661,0.194424,0.010438,0.054365,-0.005183,0.184423,0.197576,0.210969,0.071822,0.324370,0.021408,0.254502,0.085274,0.164918,0.132989,0.264740,0.103633,0.251023,0.163651,0.262048,0.204983,0.303253,0.122634,0.167362,0.208654,0.293576,0.074038,0.272211,0.160366,0.198053,0.291814,0.073437,0.236634,0.267076,0.100722,0.172533,0.063391,0.180160,0.332969,0.284332,0.064548,0.301027,0.170016,0.054878,0.239370,0.202060,0.162590,0.126783,0.236575,0.058481,0.280196,0.054917,0.110332,0.106657,0.207080,0.101448,0.134332,0.298704,0.175130,0.185294,0.262598,0.283296,0.273701,0.170154,0.121768,0.063751,0.040342,0.302857,0.167503,0.082603,0.153685,0.124841,0.310050,0.229464,0.200767,0.210128,0.123871,0.197442,-0.003185,0.132195,0.200922,0.128487,0.309026,0.226715,0.289100,#
5,0.139248,0.193492,0.098626,0.290600,0.291308,1.000000,0.214885,0.172166,0.322625,0.277854,0.276867,0.148220,0.269951,0.183243,0.251921,0.093376,0.177853,0.230432,0.151408,0.162588,0.267787,0.143531,0.121652,0.193758,0.196651,0.199677,0.196330,0.273828,0.209654,0.196404,0.173276,0.244903,0.293383,0.194989,0.088394,0.198839,0.321638,0.178226,0.190682,0.228707,0.176299,0.242693,0.157508,0.218795,0.108286,0.156769,0.218268,0.034470,0.163054,0.277118,0.100158,0.183094,0.128564,0.030559,0.166827,0.274047,0.037592,0.090767,0.211695,0.087233,0.158558,0.084390,0.228518,0.054336,0.212882,0.223203,0.290498,0.132754,0.185372,0.162698,0.170795,0.177451,0.330682,0.370422,0.107090,0.059528,0.199299,0.164590,0.250840,0.137763,0.194359,0.274052,0.264751,-0.041245,0.204782,0.045581,0.127238,0.130484,0.214921,0.080522,0.017730,0.241411,0.222816,0.329295,0.145430,0.315628,0.153607,0.083746,0.197048,0.000991,0.162216,0.178974,0.099667,0.183002,0.172027,0.153716,0.135722,0.219908,0.037484,0.087160,0.334853,0.157742,0.171140,0.169444,0.157383,0.153413,0.260905,0.131579,0.070767,0.032116,0.068336,0.216482,0.097512,0.302420,0.128269,0.119782,0.037584,0.004610,0.298909,0.222100,0.279816,0.195443,0.285334,0.143548,0.373259,0.370262,0.179709,0.188037,0.067350,0.063078,0.283570,0.197966,0.207208,0.247320,0.245204,0.194381,0.156085,0.168800,0.000193,0.218473,0.244665,-0.027116,0.225872,0.273121,0.231055,0.230367,0.165772,0.063295,0.243495,0.136798,0.211457,0.251545,0.209529,0.189939,0.119639,0.118830,0.144813,0.229147,0.252421,0.251987,0.243471,0.159346,0.200924,0.047327,0.018565,0.278837,0.226930,0.179407,0.279071,0.021511,0.138493,0.100452,0.401458,0.169142,0.020646,0.228021,0.250655,0.131309,0.182723,0.104674,0.134013,0.153201,0.261197,0.199631,0.338040,0.037403,0.090086,0.341666,0.127993,0.283031,#
6,0.055098,0.300030,0.234782,0.336391,0.087526,0.214885,1.000000,0.153992,0.227740,0.096325,0.228161,0.192475,0.068382,0.230743,0.114709,0.140165,0.145039,0.156999,0.208951,0.134921,0.213190,0.132033,-0.054960,0.039772,0.094312,0.151562,0.113072,0.181942,0.201109,0.193274,0.118167,0.215251,0.128099,0.198203,-0.090491,0.051838,0.115477,0.214254,0.150916,0.152120,0.148219,0.053177,0.064822,0.194548,0.090613,0.170649,0.228790,0.238265,0.102132,0.142977,0.147623,0.102572,0.238410,0.163171,-0.107281,0.096702,0.098440,0.140547,0.282961,0.319168,0.180083,0.104495,0.169254,0.210699,0.212476,0.395680,0.187663,0.264278,0.199373,0.152443,0.047944,0.153522,0.227275,0.164979,0.264111,0.167566,0.182830,0.257314,0.296560,0.097451,0.189248,0.081660,0.315844,0.128620,0.278352,0.048278,0.116756,0.228503,0.097694,0.184295,0.175192,0.160962,0.183705,0.235152,0.124201,0.156203,0.171796,0.088574,0.214764,0.167582,0.176152,0.258740,0.209538,0.076297,-0.158770,0.262387,0.141932,0.130268,0.186845,0.178210,0.197183,0.203442,0.121380,-0.017529,0.115395,0.261829,0.309686,0.053766,0.144163,0.128923,0.208747,0.239647,-0.018068,0.134200,0.105622,-0.018651,0.052286,0.221133,0.049011,0.265202,0.148291,0.094571,0.206681,0.051851,0.293769,0.237470,0.077923,0.323523,0.169180,0.153911,0.131016,0.107814,0.070169,0.289340,0.049936,0.109951,0.179808,0.017912,0.177124,-0.140952,0.211078,-0.014883,0.214604,-0.000621,0.349084,0.000436,0.020773,0.182845,0.118333,0.021455,0.075649,0.308765,0.291172,0.241185,0.232251,0.176675,0.065630,0.175452,0.153794,0.258254,-0.019987,0.087231,0.194368,0.107492,0.102804,0.192078,0.083188,0.282390,0.287164,-0.028293,0.036209,0.138466,0.227940,0.333588,0.243921,0.194083,0.112107,0.175813,0.199752,0.300320,0.147708,0.146632,0.253215,0.161761,0.047463,0.075021,0.096387,0.195579,0.121336,0.270486,#
7,-0.011438,0.113400,0.226833,0.141566,0.039778,0.172166,0.153992,1.000000,0.136290,0.120940,0.243091,0.375472,0.063698,0.190493,0.231926,0.133754,0.084013,0.338836,0.071185,0.193366,0.132909,0.237981,0.125175,0.033927,0.180843,0.062894,0.207100,0.339436,0.034624,0.265681,0.116329,0.029223,0.199201,0.062736,-0.019260,0.159443,-0.050785,-0.078258,0.155435,0.103638,0.205507,0.166495,0.152747,0.184196,0.158069,0.171339,0.043726,0.182849,0.191898,0.151701,0.166875,0.062349,0.060334,0.145666,0.082736,0.138306,0.192773,0.212127,0.224229,0.048091,0.231453,0.032077,0.175592,0.181022,0.273359,0.174105,0.174844,-0.005900,0.108535,0.228364,0.122552,0.018440,0.266381,0.187324,0.045016,0.102010,-0.005203,0.219443,0.194389,0.242220,0.267323,0.052166,0.219879,0.094446,0.232682,0.033337,0.038357,0.085945,0.159543,0.183884,0.011853,0.090747,0.194839,0.250256,-0.035412,0.117051,0.032534,0.179941,-0.002095,0.065081,0.173496,0.005225,0.119096,0.065459,-0.072713,0.239025,0.362531,0.127475,0.098407,0.152220,0.000966,0.016978,0.059890,0.151123,0.272428,0.202557,-0.048813,0.034318,-0.024126,0.232501,0.130185,0.179146,0.057032,0.186710,0.180686,0.086982,0.174324,0.155148,0.103589,0.109724,0.137107,0.120615,0.199328,0.083702,0.386662,0.199886,-0.020097,0.427247,0.065383,0.153232,0.280807,0.061383,0.026291,0.042287,0.147676,0.112978,0.249542,0.156058,0.104922,0.099630,0.156907,0.201776,0.047186,-0.004643,0.034080,0.121029,0.210119,0.067924,0.227640,0.137438,0.130081,0.203555,0.202865,0.115395,0.051357,0.223018,0.264410,0.158778,0.085179,0.134011,0.138401,0.165564,0.154663,0.047769,0.082653,0.060542,0.088972,0.129129,-0.005099,0.156285,0.178234,0.112869,0.186430,0.266586,-0.229518,0.101715,0.063379,0.038750,0.140243,0.203066,0.247500,-0.026171,0.279063,0.115614,0.139233,0.066669,0.008763,0.111386,0.237519,0.115839,#
8,0.228585,0.269924,0.143491,0.252641,0.308887,0.322625,0.227740,0.136290,1.000000,0.148500,0.233361,0.233852,0.203504,0.098125,0.283329,0.116121,0.074722,0.169387,0.130289,0.200331,0.225315,0.174108,0.093551,0.328082,0.120279,0.150603,0.098314,0.206940,0.010477,0.164024,0.014738,0.203219,0.097454,0.143067,0.039393,0.229835,0.318413,0.022632,0.181387,0.191141,0.215341,0.195023,0.057125,0.153886,0.289382,0.223410,0.095198,0.178435,0.088637,0.134687,0.105570,0.285653,0.082100,0.303837,0.126385,0.301193,0.117003,0.258480,0.174690,0.234551,0.194086,0.066291,0.295705,-0.026279,0.328246,0.332255,0.156405,0.145572,0.354376,0.181009,0.002783,0.110631,0.308022,0.093794,0.141202,0.027154,0.070354,0.198951,0.154967,0.064623,0.226994,0.243156,0.244299,0.074267,0.364485,0.101713,0.115972,0.227922,0.207957,0.261336,0.113174,0.289850,0.210519,0.113377,0.338032,0.370937,0.213587,0.103596,0.187331,0.048902,0.184199,0.021578,0.139902,0.126355,0.224396,0.221767,0.286702,0.177571,0.010672,0.144489,0.134716,0.141115,-0.043901,0.259871,0.099742,0.259587,0.194346,0.131746,-0.002795,0.272726,0.258394,0.130352,0.111661,0.164074,0.191654,0.225772,0.164155,0.287835,0.068026,0.238796,0.181966,0.018155,0.218673,0.106826,0.314697,0.221564,0.116848,0.312460,0.306103,0.109670,0.262667,0.150500,0.156011,0.058171,0.079048,0.122209,0.192481,0.240253,0.099300,0.165427,0.255038,0.021191,0.151745,0.146368,0.371442,0.247971,0.168426,0.193484,0.128053,0.182230,0.092079,0.177319,0.071028,0.145360,0.201023,0.133913,0.224467,0.150652,0.163873,0.161625,0.202841,0.120789,0.111564,0.085214,-0.001067,0.268468,0.133950,0.265277,0.223816,0.124140,0.169685,0.153806,0.109208,0.176557,0.059223,0.201239,-0.017562,0.049427,0.305145,0.271831,0.227499,0.111238,0.193744,0.047216,0.269025,-0.012556,0.113166,-0.000698,0.084087,0.166163,#
9,0.089242,0.032933,0.124117,0.060443,0.151210,0.277854,0.096325,0.120940,0.148500,1.000000,0.329700,0.029888,0.026599,0.208892,0.168354,0.165901,0.073276,0.055375,-0.104360,0.277953,0.069773,0.075348,-0.008482,0.002476,-0.004795,0.023637,0.223465,0.122829,0.108673,0.151336,0.212034,0.129412,-0.007661,0.178275,0.134715,0.119438,0.005640,0.186750,0.076583,-0.064520,0.264200,0.217012,0.074508,-0.085891,0.067877,0.196935,0.130232,0.114958,0.080134,0.030462,0.038930,0.245290,0.096610,0.098020,0.070007,0.256458,0.129428,0.213996,0.149787,-0.117597,0.182063,0.047433,0.233936,0.074338,0.171855,0.171575,-0.041930,-0.000666,0.139639,0.010261,0.129159,0.223019,0.142741,0.177787,0.048165,0.100071,-0.002608,0.066565,0.285103,0.134170,0.118813,0.290658,-0.042550,0.031545,0.240568,0.086061,0.141816,0.166056,-0.107288,-0.074868,-0.120448,0.149588,0.185831,0.013124,0.135571,0.167741,0.125818,0.142969,0.125199,-0.018230,0.049732,0.166059,0.257028,0.118610,0.232550,0.149095,0.114586,0.083557,0.220606,0.038854,0.098149,0.105299,0.087690,0.242001,0.044876,0.120039,0.011528,0.208922,0.196036,-0.055455,0.163586,0.288642,-0.002214,0.233707,0.072308,0.168933,-0.113306,0.141300,0.127984,0.225208,0.163401,-0.004313,0.068602,0.064903,0.154521,0.141324,0.167653,0.299782,0.138266,-0.117485,0.079623,0.192819,0.155619,-0.010208,0.051614,0.167268,0.158396,0.225363,0.089694,0.312379,0.033752,-0.091872,0.333209,0.277585,0.216800,0.242814,0.157313,0.171569,0.307997,0.022227,0.177938,0.078795,-0.050013,0.283829,0.089379,0.015139,0.066879,0.094979,0.286734,-0.005640,0.149814,0.166400,0.091553,0.076481,-0.004878,0.122597,0.146165,0.047524,0.053259,0.076667,0.024316,0.114315,0.288455,0.152789,-0.045753,0.139708,0.106171,0.172666,0.284692,0.113173,0.084014,0.113527,0.016853,0.157921,0.136276,0.129453,0.109330,0.028699,0.112483,0.196906,#
10,0.145626,0.340301,0.276059,0.273733,0.132428,0.276867,0.228161,0.243091,0.233361,0.329700,1.000000,0.148751,0.128998,0.226319,0.246447,0.083003,0.162648,0.251992,0.254104,0.229951,0.079345,0.164010,-0.105232,0.156979,0.110881,0.045800,0.206110,0.320604,0.152575,0.251137,0.239997,0.199732,0.172556,0.116949,0.070728,0.244146,0.095924,0.145128,0.338414,0.046149,0.235547,0.121393,0.212817,0.072290,-0.039732,0.199412,0.230589,0.224800,0.212598,0.130479,0.222688,0.200729,0.056522,0.128287,0.051988,0.294498,0.110712,0.148046,0.147699,0.093403,0.089595,0.193792,0.129743,0.284349,0.374369,0.338677,0.136160,0.118974,0.173755,0.130645,0.114326,0.177721,0.273027,0.276862,0.114869,0.198138,0.121160,0.065278,0.211721,0.135643,0.269712,0.135047,0.216750,0.224196,0.331466,-0.013997,0.248270,0.211126,0.030642,0.126533,-0.041160,0.062278,0.291552,0.138960,0.209393,0.308052,0.308989,0.034411,0.193661,0.113002,0.048263,0.058504,0.235082,0.083376,0.180298,0.139031,0.192234,0.297361,0.149702,0.132443,0.159022,0.249341,0.150381,0.167898,0.336220,0.234328,0.108292,0.096138,0.103359,0.037183,0.116254,0.208934,0.090048,0.240807,0.129209,0.028360,0.096894,0.188807,0.089918,0.324923,0.329496,0.118535,0.218418,0.028121,0.262924,0.220668,0.130005,0.424130,0.210395,0.048558,0.302199,0.115165,0.254871,0.097933,0.149699,0.126166,0.049542,0.116196,0.121983,0.140143,0.133608,0.157081,0.297241,0.013502,0.334088,0.152201,0.196040,-0.015032,0.204564,0.145120,0.204148,0.166311,0.315594,0.230092,0.204874,0.143474,0.263924,0.184844,0.230724,0.118829,0.208224,0.280990,0.098270,0.133297,0.090397,0.094570,0.167326,0.197020,0.124822,0.199291,0.248565,0.147456,0.347387,0.124490,0.112262,0.212794,0.128865,0.058487,0.202567,0.142028,0.290215,0.078611,0.197324,0.092377,0.278164,0.073555,0.038509,0.269460,0.317187,0.404046,#
11,0.038465,0.256063,0.358105,0.283426,0.061660,0.148220,0.192475,0.375472,0.233852,0.029888,0.148751,1.000000,0.145376,0.158351,0.023221,0.127001,0.073268,0.284187,0.151478,0.039266,0.059134,0.232223,-0.028925,0.178033,0.340046,0.241358,0.013362,0.311431,-0.096440,0.315524,0.252792,0.208321,0.141053,0.145265,0.046543,0.184810,0.218331,0.017832,0.172096,0.091563,0.244547,0.231653,0.270483,0.336421,0.049505,0.306806,0.135997,0.148285,0.190050,0.077788,0.271023,0.199133,0.136214,0.244946,-0.087902,0.134730,0.223496,0.249215,0.280669,0.023345,0.095164,0.021643,0.300131,0.199849,0.237654,0.335915,0.189759,0.280238,0.178482,0.249126,0.009406,-0.035497,0.277896,0.144943,0.077291,0.134408,0.087447,0.116030,0.283014,0.154816,0.305299,0.054073,0.232564,0.134751,0.278285,-0.081779,0.146740,0.312754,0.196178,0.052551,0.012965,0.250139,0.414864,0.476744,0.100955,0.266720,0.053124,0.168145,0.214877,0.222681,0.221780,0.021632,0.080831,0.157585,0.042199,0.317591,0.299418,0.250073,0.223528,0.066201,0.205456,0.117773,0.170090,0.185341,-0.038244,0.370160,0.093564,0.101873,-0.002300,0.153092,0.136883,0.235852,0.207233,0.196927,0.161357,0.150954,0.222087,0.272835,0.213102,0.185949,0.086987,0.244969,0.268901,0.250076,0.230563,0.175785,-0.034952,0.429821,0.032539,0.225226,0.152393,0.138104,0.136253,0.117414,0.139154,0.208838,0.195202,0.126074,0.185536,0.070212,0.045076,0.319560,0.154651,0.129701,0.297394,0.121029,0.129841,-0.020043,0.177135,0.193115,0.188515,0.255006,0.121037,0.130657,0.196026,0.153372,0.317548,0.183214,0.194126,0.220197,0.266604,0.163354,0.058900,-0.023339,0.142374,0.253061,0.214212,0.208032,0.122172,0.123649,0.258783,0.136936,0.137366,0.134762,-0.176687,0.252367,0.093395,0.146155,0.135852,0.138277,0.114046,-0.008395,0.313368,0.042302,0.277268,0.099601,0.143508,0.187996,0.183323,0.142279,#
12,0.114228,0.183650,0.204959,0.247664,0.199241,0.269951,0.068382,0.063698,0.203504,0.026599,0.128998,0.145376,1.000000,-0.009845,0.177898,0.103235,0.257927,0.144900,0.192481,0.385446,0.118074,0.082306,0.115696,0.198976,0.076807,0.113672,0.179890,0.172471,0.085933,0.256480,-0.019794,0.313400,0.178127,0.195519,0.114971,0.338968,0.268853,0.013372,0.234176,0.009415,0.220265,0.085535,0.215511,0.283799,0.263684,0.162130,0.190365,-0.027642,0.202940,0.118893,0.249231,0.094664,0.154410,0.182608,0.094650,0.141008,0.041874,0.193991,0.154674,-0.038676,0.102989,0.154940,0.073808,0.192362,0.272609,0.171765,0.149718,0.142901,0.165476,0.067039,-0.007574,0.199951,0.179227,0.080776,0.264981,0.150004,0.144523,0.027223,0.128225,-0.097999,0.217306,0.145421,0.079847,0.124950,0.254885,0.201170,0.057736,0.263174,0.191125,0.037734,0.103792,0.159878,0.013811,0.300304,0.189903,0.177512,0.255239,0.086005,0.208388,-0.008487,0.250988,0.128748,0.076273,0.105198,0.238550,0.148644,0.276891,0.157550,-0.000797,0.111024,0.222677,0.056943,0.128544,0.201673,0.029787,0.067214,0.140896,0.147715,0.118822,0.131832,0.185315,0.163568,0.250297,0.193702,0.196798,-0.044680,0.292645,0.033835,0.085393,0.047208,0.169320,0.062540,0.107657,0.100179,0.151080,0.125101,0.193119,0.158860,0.162125,0.157909,0.237160,0.004988,0.093195,0.046578,0.030493,0.076802,0.011911,0.201477,0.136672,0.041192,0.059427,0.258531,0.114432,0.079647,0.025764,0.098232,0.076581,-0.050283,0.068700,0.142938,-0.002744,0.321770,0.191507,0.271111,0.115549,0.022489,0.314824,0.052449,0.094024,0.175629,0.173449,0.093462,0.147967,0.128035,0.178160,0.059829,0.155284,0.311777,0.026410,0.224585,0.183180,0.127921,0.297727,0.150318,0.074367,0.132824,0.041974,0.206484,0.096347,-0.025688,0.226537,0.119119,0.148530,0.105570,0.055772,0.085479,0.137957,0.199564,0.192773,0.142625,#
13,0.019496,0.216513,0.336251,0.200462,0.139879,0.183243,0.230743,0.190493,0.098125,0.208892,0.226319,0.158351,-0.009845,1.000000,0.250664,0.133932,0.223824,0.061989,0.183589,0.246967,0.209303,0.195262,-0.097039,0.162156,0.152316,0.257888,0.303356,0.181689,0.126396,0.146158,0.220628,0.245527,0.198730,0.181719,0.101576,0.090625,0.084941,0.134210,0.063699,0.093399,0.107627,0.224144,0.203345,0.219739,0.094885,0.203081,0.190333,0.184549,0.112516,0.165571,0.187141,0.170154,0.300175,0.191804,0.110126,0.262656,0.105050,0.245199,0.194323,0.207301,0.226349,0.089915,0.317754,0.087157,0.164218,0.233807,0.396000,0.136497,0.323240,0.168273,-0.051308,0.074788,0.196344,0.127129,0.296488,0.171373,0.311303,0.281771,0.299304,0.087625,0.220656,0.308860,0.073367,0.375766,0.310815,0.002446,0.255382,0.292390,0.221883,0.164083,0.062737,0.199872,0.244821,0.289816,0.071639,0.196041,0.221567,0.041919,0.176050,0.206164,0.280587,0.173534,0.285487,0.223218,0.060815,0.237006,0.288606,0.226997,0.337570,0.190596,0.117389,0.174964,0.345724,0.188444,0.186170,0.214531,0.330860,0.227167,0.040621,0.166213,0.351402,0.261060,0.153959,0.296911,0.286782,0.072824,0.053271,0.058871,0.332266,0.239768,0.155078,0.137456,0.100140,0.102487,0.336321,0.265858,0.261541,0.232771,0.332637,0.200714,0.006596,0.083718,0.373943,0.132321,0.239279,0.325239,0.136097,0.278124,0.019794,0.194430,0.121021,0.146459,0.204432,0.268036,0.242056,0.221003,0.067500,0.305168,0.209522,0.312449,0.024524,0.370062,0.107624,0.386246,0.194589,0.171033,0.098057,0.140536,0.196675,0.267189,0.172152,0.293667,0.180960,0.139424,0.145047,0.261584,0.141406,0.148713,0.279229,-0.057279,0.143881,0.197732,0.217635,0.279395,0.117085,0.253987,0.194664,0.173323,0.117277,0.233616,0.156307,0.225837,0.204962,0.069370,0.126934,0.204239,0.125468,0.172921,0.232186,0.212255,#
14,0.303537,0.126922,0.070886,0.144250,0.129226,0.251921,0.114709,0.231926,0.283329,0.168354,0.246447,0.023221,0.177898,0.250664,1.000000,0.247918,0.156596,0.248575,0.227207,0.401623,0.169061,0.103972,0.166096,0.306176,0.138626,0.086335,0.246438,0.267590,0.194961,0.203975,0.040674,0.178219,0.153900,0.042518,0.110484,0.187323,0.158255,0.194785,0.159427,0.254745,0.243901,0.117826,0.270050,0.063036,0.166823,0.306995,0.161113,0.136455,0.146157,0.110836,0.301338,0.062264,0.237110,0.211263,0.391374,0.285912,0.228927,0.112110,0.147794,0.061274,0.322542,0.220711,0.082126,0.131892,0.234357,0.143543,0.282980,0.207085,0.254501,0.163996,0.032954,0.206694,0.153253,0.314287,0.151865,0.130652,0.112485,0.179287,0.160837,0.193431,0.261489,0.189185,0.200251,0.265117,0.311423,0.246267,-0.027607,0.140460,0.159101,0.115969,0.224527,0.167100,0.237677,0.190724,0.287028,0.134986,0.256719,0.092463,0.090743,0.119539,0.212081,0.184433,0.134039,0.239398,0.158848,0.261327,0.376337,0.363191,0.135451,0.163676,-0.015259,-0.016055,0.173129,0.148415,0.140534,0.148381,0.153958,0.221260,0.186531,0.213376,0.407605,0.230132,0.007893,0.158301,0.251070,0.071100,0.156590,0.160903,-0.021906,0.328433,0.150941,0.204638,0.191123,-0.011533,0.184536,0.075422,0.198553,0.193330,0.071370,0.134236,0.329310,0.256974,0.247969,0.089464,0.086073,0.268340,0.109218,0.134882,-0.008067,0.038080,0.196045,0.035743,0.016389,0.197984,0.209522,0.153577,0.217085,0.169772,0.160477,0.127413,0.103178,0.206124,0.064135,0.131563,0.213870,-0.002138,0.194712,0.191223,0.089552,0.202810,0.316933,0.275881,0.243025,0.124435,0.120079,0.081307,0.372961,0.283015,0.279097,0.204603,0.090510,0.202988,0.235316,0.187047,0.222881,0.202095,0.189448,0.046891,0.132370,0.236307,0.100232,0.208419,0.181748,0.220796,0.216674,-0.005625,-0.001727,0.195765,0.272307,0.209675,#
15,0.141962,0.012252,0.229089,0.138899,0.178846,0.093376,0.140165,0.133754,0.116121,0.165901,0.083003,0.127001,0.103235,0.133932,0.247918,1.000000,0.264892,0.237116,0.187275,0.202362,0.061307,0.091431,0.124267,0.210563,0.105181,0.281696,0.195873,0.170236,0.170260,0.137733,0.111289,0.211285,0.064460,0.230833,0.043078,0.041244,0.150603,0.077770,0.190967,0.023371,0.208132,0.198612,0.166430,0.176912,0.179164,0.166807,-0.072588,0.140675,-0.021368,0.171558,0.010634,0.138749,0.222030,0.130996,0.109520,0.148587,0.057318,0.167419,0.209369,0.185663,0.154991,0.032811,0.273425,0.043427,0.136832,0.187615,0.134207,0.228638,0.209337,0.033176,0.131463,0.210227,0.121780,0.142032,0.144349,0.130791,-0.028163,0.303063,0.101621,0.154542,0.231597,0.085674,0.046367,0.287472,0.189733,0.079120,0.063988,0.218531,0.193981,0.129000,-0.007754,0.152778,0.197473,0.262909,0.098923,0.144841,0.303919,0.046258,0.102202,-0.062675,0.202645,0.081106,0.133004,0.129504,-0.036645,0.236239,0.167146,0.163570,0.070652,0.189822,0.004363,0.162837,0.033212,0.090909,0.134103,0.263356,0.135943,-0.001541,0.074376,0.025369,0.281253,0.231409,0.072224,0.282196,0.229616,-0.112727,0.080243,0.094490,0.156265,0.119520,0.104164,0.220543,0.085773,0.141513,0.210065,0.180190,0.068956,0.122872,0.051467,-0.069901,0.014688,0.198054,0.122169,0.066711,0.198637,0.050913,0.089545,0.188553,0.293510,0.158170,0.143141,-0.049368,0.109306,0.374609,0.053563,0.342440,0.094618,0.173931,0.182642,0.088906,0.069393,0.038474,0.208146,0.178433,0.110773,0.139558,0.212719,0.137045,0.163502,0.063055,-0.017058,0.083971,0.209448,-0.070097,0.170672,-0.023360,0.274593,0.047754,-0.088084,0.150410,0.216060,0.146658,0.162198,0.276590,-0.016195,0.182662,0.010785,0.136016,0.109674,0.145472,-0.032750,0.170736,0.157588,0.064446,0.082467,0.068939,0.022190,0.152772,0.112138,0.003776,#
16,0.094274,0.153226,0.124299,0.228168,0.100932,0.177853,0.145039,0.084013,0.074722,0.073276,0.162648,0.073268,0.257927,0.223824,0.156596,0.264892,1.000000,0.165402,0.159298,0.248847,0.220350,0.144441,0.212485,0.082826,-0.054048,0.283929,0.144979,-0.000489,0.082253,0.209660,0.125009,0.242814,-0.041814,0.309507,-0.002457,0.219971,0.158412,0.021667,0.167902,0.125766,0.096300,0.154439,0.116203,0.123950,0.195976,0.322272,0.083707,0.105969,0.114922,-0.020750,0.095370,0.180404,0.289034,0.065049,0.155591,0.105741,0.028137,0.100550,0.196389,-0.015869,0.080882,0.239115,0.271236,0.278016,0.254566,0.146787,0.156559,0.343161,0.078812,0.175258,-0.028562,0.248010,0.260032,0.052824,0.099116,0.220932,0.023897,0.263225,0.174966,0.110362,0.091803,0.167350,0.066909,0.110226,0.137429,0.078269,0.214261,0.215915,0.140686,0.015174,0.059122,0.209371,0.109999,0.164910,0.130313,0.078737,0.271428,-0.035438,0.074606,0.155344,0.107582,0.035283,-0.054845,0.075735,0.141584,0.084673,0.192918,0.055805,-0.050650,0.179500,0.121708,0.132719,0.146933,0.125584,0.225006,0.263474,0.074952,0.085616,-0.072350,0.178580,0.161679,0.115338,0.163359,0.247238,0.203915,-0.114693,0.078439,-0.019387,0.084563,0.244933,0.049833,0.103720,0.354445,-0.126971,0.380418,0.246408,0.005657,0.251871,0.160027,0.181545,-0.018906,0.139470,0.114250,0.129389,0.251344,0.136735,-0.048984,0.156355,0.169983,0.056550,0.024019,0.109730,0.082335,0.121415,0.189933,0.149873,0.001820,0.073986,0.123977,0.166007,0.027863,0.266431,0.278515,0.294289,0.112515,0.085233,0.299219,0.128188,0.048923,0.014460,0.037760,0.096581,0.039022,-0.048500,0.165203,0.209231,0.073430,0.076163,0.107370,0.076596,0.100695,0.127074,0.260828,0.007291,-0.001445,0.163407,0.270368,0.165640,0.106209,0.094643,0.234714,-0.118812,-0.018457,0.089441,0.193460,0.215966,0.032309,0.228924,0.043807,0.023910,#
17,0.266794,0.179607,0.085285,0.279173,0.246781,0.230432,0.156999,0.338836,0.169387,0.055375,0.251992,0.284187,0.144900,0.061989,0.248575,0.237116,0.165402,1.000000,0.171194,0.349173,0.351161,0.113451,0.130355,0.262009,0.157425,0.166988,0.074111,0.159442,0.112763,0.270738,0.102496,0.135365,0.345009,0.120323,-0.007700,0.206846,0.080807,0.191559,0.288655,0.060462,0.304332,0.196484,0.104608,0.305909,0.133242,0.202103,0.170401,0.124430,0.230840,0.161788,0.236910,0.045723,0.017166,0.131471,0.146376,0.244451,0.331778,0.236767,0.241338,0.145062,0.251386,0.106006,0.158865,0.147698,0.212143,0.240848,0.256827,0.271804,0.195896,0.266328,0.072937,0.206206,0.257051,0.194686,0.164569,0.192284,0.060975,0.249630,0.096373,0.273659,0.204449,0.127604,0.440789,0.144688,0.255709,-0.087826,0.113644,0.215532,0.246279,0.161356,0.021089,0.150835,0.270889,0.303871,0.059713,0.191745,0.311853,0.362104,0.185643,0.171153,0.123985,-0.034582,0.162742,0.181132,0.068045,0.318267,0.221277,0.240601,0.047085,-0.065492,0.184448,0.147346,0.154222,0.313064,0.103469,0.263818,0.127657,0.070988,0.001273,0.185924,0.118550,0.252368,0.101577,0.280018,0.390995,-0.001213,0.166853,0.222057,0.082725,0.177623,0.091968,0.204614,0.310352,0.171904,0.263988,0.267601,0.220796,0.315011,0.129741,0.302699,0.241431,0.189511,0.111686,0.163020,0.219207,0.184962,-0.019875,0.024906,0.076825,-0.039589,0.142501,-0.034509,-0.006646,0.257403,0.266448,0.150278,0.134102,0.090255,0.341092,0.302643,0.237384,0.291585,0.267071,0.137116,0.158970,0.214605,0.227357,0.312697,0.118471,0.141642,0.331373,0.091958,0.098966,0.089863,0.194278,0.011541,0.237280,0.167674,-0.058510,0.319358,0.046531,0.261360,0.277294,0.179732,0.003785,0.148956,0.138235,0.191458,0.279337,0.200946,0.226064,0.220569,0.255043,0.042161,0.335433,0.137255,0.178406,0.151799,0.202630,0.216617,#
18,0.235035,0.103125,0.180187,0.214890,0.222210,0.151408,0.208951,0.071185,0.130289,-0.104360,0.254104,0.151478,0.192481,0.183589,0.227207,0.187275,0.159298,0.171194,1.000000,0.190601,0.194662,0.167414,-0.026706,0.303702,0.242895,0.111794,0.189562,0.286286,0.143046,0.133956,0.133875,0.079812,0.239603,0.126176,0.149465,0.300631,0.284125,0.092045,0.173465,0.231139,0.163453,0.257614,0.185983,0.243492,0.121208,0.166635,0.111940,0.122930,0.040377,0.201170,0.252225,-0.009536,0.232536,0.139594,0.093582,0.165061,0.154905,0.103469,0.152718,0.003571,0.106640,0.075862,0.216937,0.171143,0.109552,0.256068,0.294749,0.325547,0.121794,-0.020604,-0.014975,0.098649,0.073461,0.048570,0.080171,0.195680,0.053160,0.246725,0.255587,0.120655,0.272656,0.068365,0.184639,0.285777,0.239404,-0.075887,0.232164,0.061133,0.150898,0.127732,0.267152,0.081418,0.193335,0.289217,0.160793,0.325488,0.307769,0.126858,0.196955,0.233064,0.087442,0.227531,0.219585,0.142925,0.264401,0.293150,0.162756,0.204435,0.212462,0.255552,0.183155,0.330907,0.140299,0.089448,0.129211,0.149086,0.113452,-0.029328,0.176272,0.226867,0.119057,0.117725,0.119815,0.105451,0.216092,-0.013717,0.186359,0.099290,0.231185,0.214179,0.215174,0.265982,0.163133,0.123535,0.260316,-0.023746,0.143731,0.282149,0.058368,0.208972,0.220842,0.034433,0.207441,0.062651,0.192587,0.198444,0.017008,0.074055,0.117361,0.019531,0.110675,0.191601,0.171332,0.131333,0.185519,0.231055,0.251402,0.179868,-0.009696,0.292540,0.172974,0.216850,0.152789,0.177299,0.113244,0.162202,0.213796,0.191389,0.120218,0.201983,-0.048061,0.110344,0.232543,0.059017,0.026506,0.171039,0.242042,0.252770,0.300537,0.058742,0.150077,0.161244,0.302094,0.114986,0.180084,0.114640,0.281610,0.221318,0.115364,0.132195,0.139438,0.277609,0.280834,0.088598,0.178558,0.041588,0.043602,0.280577,0.306686,0.208008,#
19,0.299182,0.185550,0.180132,0.230368,0.357933,0.162588,0.134921,0.193366,0.200331,0.277953,0.229951,0.039266,0.385446,0.246967,0.401623,0.202362,0.248847,0.349173,0.190601,1.000000,0.209184,0.247445,0.153191,0.210451,0.029793,0.291789,0.272879,0.204304,0.232833,0.329158,0.040626,0.300861,0.236694,0.156860,0.173413,0.345098,0.094325,0.051078,0.370753,0.097504,0.265618,0.262894,0.108573,0.120856,0.108832,0.295967,0.284473,0.372358,0.103000,0.227958,0.273672,0.118609,0.107578,0.297533,0.227167,0.270218,0.217286,0.185126,0.234966,0.074508,0.301548,0.162429,0.199676,0.261530,0.343862,0.215575,0.187134,0.312858,0.188307,0.235650,0.170545,0.307026,0.241490,0.108794,0.260482,0.351200,0.074841,0.318814,0.350889,0.051698,0.336928,0.285960,0.204002,0.185093,0.418565,0.033148,0.147202,0.248688,0.207136,0.140439,0.099029,0.202727,0.263360,0.209202,0.155119,0.232588,0.340449,0.232601,0.009651,0.117487,0.186703,0.137675,0.258313,0.262795,0.309291,0.307689,0.190072,0.458307,0.133847,0.072549,0.174795,0.188155,0.263415,0.362014,0.228694,0.182696,0.266228,0.281079,0.196853,0.072634,0.405524,0.321858,0.218420,0.368904,0.444906,0.137084,0.265773,0.231072,-0.019207,0.242563,0.126706,0.060705,0.351283,0.102346,0.199116,0.213772,0.188973,0.354395,0.191100,0.235883,0.218534,0.268608,0.272235,0.142626,0.180321,0.226033,0.103244,0.278170,0.240495,-0.000372,0.169678,0.175983,0.140960,0.326006,0.304168,0.051986,0.186434,0.135159,0.204617,0.113978,0.304760,0.327122,0.246084,0.222541,0.166127,0.189196,0.142324,0.172075,0.267771,0.099898,0.238090,0.212743,0.303688,0.173058,0.148061,0.095449,0.360339,0.287943,0.132106,0.166800,0.137673,0.309339,0.277583,0.231965,0.191992,0.222858,0.200880,0.260910,0.270065,0.188407,0.345824,0.243537,0.178237,0.177382,0.222391,0.128817,0.158529,0.191414,0.265984,0.404083,#
20,0.177048,0.124607,0.255565,0.254897,0.318386,0.267787,0.213190,0.132909,0.225315,0.069773,0.079345,0.059134,0.118074,0.209303,0.169061,0.061307,0.220350,0.351161,0.194662,0.209184,1.000000,0.182143,0.062924,0.237268,0.235752,0.240187,0.125805,0.135551,0.130535,0.178310,0.098687,0.119142,0.172699,0.120892,-0.008286,0.139632,0.201562,0.123760,0.111870,0.155767,0.235793,0.360154,0.051721,0.079794,0.265555,0.279387,0.323131,0.158807,0.171147,0.178379,0.033804,0.168963,0.157902,0.196134,0.159224,0.156014,0.244350,0.229085,0.219665,-0.005648,0.232586,0.057831,0.244817,0.152890,0.148981,0.144935,0.208349,0.212989,0.353411,0.209168,0.152756,0.222382,0.347129,0.219482,0.019884,0.055759,0.161451,0.308945,0.190404,0.099867,0.139380,0.181355,0.275722,0.100782,0.239322,0.123892,0.175372,0.184009,0.336621,0.178756,0.091069,0.245925,0.189459,0.296550,0.200009,0.204031,0.260831,0.245241,0.144885,0.008518,0.190107,0.035894,0.153444,0.175736,0.104604,0.210202,0.167903,0.189850,0.098715,0.188506,0.275099,0.238935,0.160593,0.249488,0.076849,0.264938,0.253154,0.093706,-0.030781,0.162834,0.084181,0.221461,0.055862,0.115359,0.284605,0.085454,0.187486,0.241128,0.207437,0.212212,0.137863,0.202631,0.249047,-0.043681,0.289039,0.199697,0.367979,0.242051,0.253686,0.124372,0.241312,0.165132,0.111312,0.188659,0.293988,0.170779,-0.121971,0.221038,0.196934,0.159561,0.230753,0.144507,0.018582,0.136474,0.209751,0.151749,0.127737,0.036132,0.086946,0.414391,0.157544,0.306615,0.193874,0.229505,0.253929,0.139266,-0.008359,0.288277,0.067222,0.048917,0.255440,0.083945,0.045603,0.059383,0.086392,0.333399,0.100078,0.146605,0.284185,0.197471,0.126629,0.160829,0.164494,0.262724,0.097552,-0.051323,0.245928,0.160749,0.211029,0.309527,0.133426,0.235263,0.170037,0.083590,0.243626,0.246539,0.201421,0.250142,0.153881,0.150145,#
21,0.202615,0.248915,0.379600,0.207004,0.203719,0.143531,0.132033,0.237981,0.174108,0.075348,0.164010,0.232223,0.082306,0.195262,0.103972,0.091431,0.144441,0.113451,0.167414,0.247445,0.182143,1.000000,0.070580,0.148359,0.179909,0.085656,0.211746,0.247668,0.219009,0.269188,0.132708,0.207936,0.132449,0.264690,-0.030569,0.249314,0.314468,0.213095,0.339070,0.095349,0.186616,0.233990,0.083877,0.247030,0.169577,0.214232,0.252316,0.275369,0.023428,0.183018,0.223683,0.111578,0.170915,0.142482,0.140714,0.185447,0.199040,0.122145,0.039097,0.097251,0.146921,-0.029674,0.288628,0.181303,0.294397,0.229290,0.065320,0.180855,0.303373,0.366207,0.219354,0.106133,0.385098,0.329262,0.054217,0.121202,0.136417,0.196824,0.117234,0.152177,0.301879,0.176892,0.117635,-0.038881,0.279878,-0.104545,0.248482,0.087776,0.209037,0.289985,0.007068,0.148455,0.160395,0.141039,0.183650,0.191060,0.243546,0.217149,-0.003869,0.225809,0.377701,0.099283,0.090679,0.137168,0.175822,0.226393,0.273513,0.202363,0.177132,0.091788,0.197483,0.193928,0.091602,0.211896,0.127192,0.309721,0.261537,0.116611,0.105100,0.221097,0.160073,0.267911,0.008295,0.311265,0.167490,0.011922,0.188058,0.171076,0.074260,0.065324,0.111227,0.115992,0.282095,0.120593,0.209967,0.131564,0.336986,0.210793,0.105624,0.282957,0.174877,0.307424,0.196288,0.082655,0.232944,0.252735,0.104640,0.200307,0.206621,0.059658,0.019828,0.122030,0.122142,0.075119,0.281687,0.072410,0.023358,0.154669,0.101226,0.147397,0.301827,0.275623,0.169905,0.118713,0.226455,0.096954,0.014309,0.242877,0.064154,0.329119,0.119295,0.135498,0.266891,0.139116,0.018094,0.251808,0.264659,0.235346,0.104012,0.192087,0.123170,0.236958,0.047676,0.242509,-0.015397,0.120996,0.179923,0.247251,0.317168,0.210557,0.266548,0.064419,0.277502,0.063875,0.278909,0.238627,0.117063,0.223857,0.255778,0.223426,#
