0,1.000000,0.765614,0.794746,0.749663,0.680966,0.768158,0.748888,0.772436,0.741204,0.733928,0.740086,0.790230,0.752882,0.706592,0.748384,0.718484,0.736112,0.798903,0.757615,0.735747,0.769042,0.729148,0.750473,0.747310,0.692658,0.748721,0.761176,0.777816,0.695945,0.745519,0.747842,0.738672,0.707163,0.692032,0.762022,0.752687,0.746445,0.762043,0.750658,0.790877,0.746517,0.725497,0.761721,0.779451,0.744926,0.696563,0.782120,0.778337,0.724302,0.799427,0.757580,0.703824,0.782737,0.793518,0.751803,0.776010,0.750015,0.794805,0.749838,0.776289,0.791244,0.681247,0.753752,0.753537,0.733665,0.754394,0.797459,0.782639,0.746260,0.696933,0.772048,0.763758,0.818241,0.767767,0.760529,0.759546,0.761851,0.773680,0.768147,0.744676,0.809110,0.767683,0.754763,0.793577,0.732483,0.805594,0.747656,0.728423,0.675080,0.734725,0.729631,0.735363,0.728038,0.763291,0.762939,0.749871,0.702040,0.714327,0.757646,0.776912,0.759542,0.753534,0.696537,0.730143,0.757096,0.723158,0.717513,0.775465,0.777753,0.734563,0.774698,0.719615,0.784433,0.698303,0.739149,0.820956,0.691755,0.730697,0.734411,0.698654,0.708452,0.846186,0.745813,0.802828,0.725549,0.728739,0.731941,0.746394,0.711703,0.719042,0.734109,0.765120,0.762283,0.717415,0.759646,0.716706,0.742887,0.786517,0.733103,0.758203,0.726706,0.754381,0.678825,0.790154,0.788394,0.687025,0.752911,0.685881,0.770416,0.752870,0.737562,0.721291,0.728793,0.719241,0.739027,0.704350,0.723933,0.759932,0.782138,0.773419,0.764725,0.769476,0.720359,0.764192,0.732973,0.759170,0.770523,0.725421,0.721901,0.779750,0.759599,0.729918,0.744803,0.788580,0.818998,0.693022,0.740038,0.758973,0.739846,0.770876,0.728028,0.787901,0.692742,0.725138,0.738363,0.703051,0.773144,0.732894,0.733119,0.792219,0.747278,0.768288,0.726487,0.736543,0.723782,0.727420,0.726951,0.779301,0.789118,0.744491,#
1,0.765614,1.000000,0.754806,0.773735,0.748043,0.807380,0.707480,0.735296,0.758694,0.757358,0.749979,0.749116,0.750351,0.769810,0.771378,0.734652,0.719039,0.744101,0.764508,0.779866,0.797319,0.818180,0.793727,0.790754,0.713161,0.712553,0.819600,0.780004,0.694062,0.713261,0.805582,0.774350,0.754071,0.762931,0.790574,0.803288,0.688617,0.807496,0.788975,0.781381,0.726759,0.721829,0.713645,0.757665,0.731311,0.730808,0.797818,0.765843,0.804701,0.785086,0.760764,0.798670,0.780088,0.729243,0.806203,0.776917,0.752406,0.805768,0.793808,0.759927,0.743424,0.747235,0.682267,0.707293,0.769879,0.760378,0.814089,0.779120,0.772323,0.780815,0.761498,0.774586,0.852949,0.730062,0.776116,0.792402,0.728200,0.785209,0.753251,0.742258,0.803021,0.758458,0.825461,0.811967,0.777917,0.773112,0.713431,0.729714,0.758514,0.762389,0.739687,0.722639,0.764713,0.772545,0.711709,0.687113,0.737119,0.735163,0.735533,0.793239,0.765462,0.803498,0.726658,0.747974,0.762434,0.727571,0.717325,0.783316,0.764896,0.714660,0.758395,0.741008,0.757244,0.719885,0.717391,0.752215,0.756142,0.791839,0.748384,0.689770,0.798170,0.768543,0.713589,0.786136,0.692448,0.698704,0.756843,0.759887,0.779909,0.783454,0.734817,0.783421,0.721092,0.767256,0.789378,0.710804,0.716926,0.740454,0.767941,0.685618,0.781402,0.767427,0.730699,0.759031,0.740251,0.750147,0.769216,0.696779,0.773289,0.749405,0.786572,0.776538,0.763549,0.713149,0.760367,0.713643,0.756325,0.773936,0.719790,0.751158,0.744252,0.775218,0.769158,0.786897,0.790990,0.719896,0.746866,0.756429,0.673178,0.778584,0.763883,0.721130,0.756097,0.791100,0.782266,0.693274,0.741223,0.819159,0.711578,0.779341,0.755241,0.757358,0.704078,0.726479,0.734224,0.781685,0.764303,0.670009,0.756053,0.767469,0.770461,0.738456,0.706699,0.763108,0.796680,0.707355,0.715237,0.772848,0.734940,0.732705,#
2,0.794746,0.754806,1.000000,0.731474,0.670206,0.770876,0.715518,0.734897,0.747879,0.740609,0.721237,0.706937,0.678958,0.690079,0.742518,0.711527,0.691616,0.746744,0.684052,0.744168,0.694034,0.729914,0.688156,0.770771,0.695897,0.654879,0.796990,0.799908,0.746537,0.743437,0.773828,0.753177,0.723229,0.700795,0.722660,0.762212,0.728021,0.753035,0.791352,0.747054,0.703307,0.752473,0.744711,0.708957,0.695534,0.684509,0.815346,0.699999,0.697470,0.809604,0.753208,0.723845,0.751902,0.785142,0.812273,0.751934,0.739605,0.758736,0.700115,0.751132,0.796260,0.736790,0.712619,0.776294,0.735615,0.749833,0.800823,0.725035,0.736125,0.743137,0.770982,0.736128,0.802703,0.720472,0.776485,0.770919,0.748264,0.765482,0.736984,0.778147,0.767826,0.760273,0.757609,0.786949,0.771755,0.801951,0.723923,0.792319,0.734983,0.705042,0.735870,0.734401,0.748098,0.691323,0.754554,0.694879,0.700589,0.705290,0.827594,0.757216,0.717569,0.710180,0.674856,0.701530,0.714218,0.780575,0.749291,0.712706,0.787600,0.721083,0.755185,0.678333,0.776343,0.685607,0.701058,0.727212,0.709169,0.727648,0.774002,0.650564,0.723156,0.724177,0.699592,0.764419,0.737098,0.683999,0.727710,0.735263,0.728329,0.772946,0.776317,0.794570,0.782734,0.795676,0.770186,0.730058,0.689003,0.726564,0.716894,0.688483,0.762813,0.745319,0.680655,0.699673,0.737924,0.761705,0.721935,0.718394,0.735790,0.728254,0.759307,0.731578,0.714902,0.732701,0.710184,0.721113,0.733715,0.683935,0.687122,0.709452,0.692324,0.663228,0.707721,0.752024,0.701471,0.731361,0.792836,0.681896,0.677427,0.729516,0.723463,0.701642,0.721644,0.721065,0.760555,0.676498,0.699897,0.774460,0.733854,0.734983,0.714799,0.789900,0.644772,0.770049,0.715553,0.734665,0.705853,0.679525,0.749392,0.737274,0.712785,0.739506,0.770145,0.726384,0.718156,0.761893,0.707370,0.776487,0.674215,0.741100,#
3,0.749663,0.773735,0.731474,1.000000,0.721099,0.748163,0.716174,0.721507,0.737948,0.730467,0.707207,0.727400,0.737761,0.693755,0.711343,0.734945,0.699992,0.715636,0.728457,0.698106,0.728311,0.764956,0.687808,0.708627,0.728931,0.728383,0.736195,0.740774,0.710511,0.663904,0.738292,0.772601,0.706186,0.748516,0.758327,0.738360,0.678158,0.740955,0.682805,0.781559,0.723347,0.707679,0.699132,0.712168,0.710342,0.732203,0.801274,0.721400,0.784098,0.755168,0.768048,0.677714,0.762518,0.700263,0.754937,0.739652,0.656096,0.748416,0.808643,0.748629,0.715295,0.722319,0.674734,0.710110,0.772826,0.751464,0.727068,0.732861,0.690520,0.713894,0.711603,0.781839,0.792188,0.758917,0.734348,0.712674,0.692924,0.741600,0.738527,0.758681,0.771909,0.683194,0.732974,0.784200,0.730952,0.756552,0.707397,0.680980,0.696726,0.747533,0.671761,0.701252,0.748620,0.749974,0.724161,0.713061,0.679982,0.659055,0.714711,0.752277,0.696747,0.705674,0.637364,0.701184,0.742573,0.726650,0.707723,0.752421,0.721324,0.705846,0.707167,0.711086,0.703130,0.697177,0.711120,0.745264,0.695835,0.704510,0.723563,0.641418,0.671283,0.739772,0.649952,0.741357,0.679429,0.695049,0.734785,0.728303,0.703253,0.749750,0.697052,0.744244,0.680308,0.774360,0.781964,0.738476,0.769711,0.700136,0.683612,0.667937,0.707727,0.726178,0.695078,0.694546,0.695007,0.771597,0.683360,0.685947,0.711182,0.663295,0.701315,0.717724,0.700598,0.688327,0.717959,0.646638,0.754697,0.734183,0.678688,0.737556,0.740732,0.732245,0.684491,0.770704,0.728769,0.723112,0.728194,0.671116,0.706292,0.717173,0.742773,0.734241,0.711526,0.741062,0.702638,0.696562,0.707146,0.731167,0.745535,0.696007,0.679963,0.759503,0.658460,0.705259,0.672526,0.707054,0.700721,0.638778,0.769580,0.761124,0.682204,0.696587,0.692188,0.708140,0.722174,0.716830,0.724372,0.742347,0.675531,0.726530,#
4,0.680966,0.748043,0.670206,0.721099,1.000000,0.730008,0.744838,0.665056,0.640512,0.691578,0.678144,0.710860,0.649367,0.697251,0.656874,0.721015,0.671238,0.738234,0.685754,0.731025,0.732636,0.716988,0.671657,0.725866,0.683906,0.641456,0.718470,0.694109,0.677103,0.649381,0.785431,0.690049,0.726152,0.650389,0.689353,0.723578,0.643880,0.721464,0.665186,0.769287,0.692792,0.670154,0.647235,0.721059,0.689929,0.666297,0.741034,0.672782,0.729392,0.739268,0.729184,0.694490,0.732578,0.624813,0.727366,0.724194,0.658128,0.721081,0.752800,0.721421,0.667575,0.709315,0.671227,0.656514,0.731235,0.739919,0.770040,0.668768,0.669740,0.703174,0.721929,0.770662,0.730570,0.680878,0.689205,0.706402,0.680483,0.716766,0.732871,0.708794,0.678118,0.689396,0.741246,0.693294,0.714480,0.673877,0.622579,0.625110,0.699055,0.755691,0.645650,0.652480,0.629623,0.683022,0.656093,0.687566,0.695032,0.618625,0.639331,0.721544,0.730065,0.719964,0.658658,0.679272,0.715895,0.669164,0.704783,0.701190,0.731050,0.687589,0.667072,0.682126,0.704643,0.736475,0.685699,0.706882,0.667181,0.765968,0.661776,0.609930,0.712331,0.702622,0.731252,0.727703,0.652912,0.697450,0.682939,0.679426,0.750566,0.723723,0.766668,0.733259,0.640134,0.697535,0.753684,0.708873,0.711171,0.711222,0.673473,0.635952,0.673222,0.757089,0.692511,0.701811,0.669004,0.692740,0.732021,0.633667,0.669274,0.700036,0.696551,0.778673,0.643918,0.616745,0.730011,0.669458,0.730761,0.678591,0.706902,0.686033,0.630494,0.694343,0.734829,0.721943,0.720947,0.679093,0.704726,0.668530,0.637902,0.722188,0.680974,0.670497,0.704394,0.692287,0.763497,0.678266,0.682867,0.735380,0.694135,0.692491,0.742341,0.689138,0.698962,0.649192,0.734284,0.697916,0.683237,0.719604,0.667646,0.666588,0.652858,0.661193,0.656530,0.701532,0.721637,0.606591,0.670368,0.732566,0.698291,0.638102,#
5,0.768158,0.807380,0.770876,0.748163,0.730008,1.000000,0.682400,0.743036,0.716192,0.730001,0.676760,0.717250,0.689598,0.721287,0.729456,0.697890,0.703483,0.742187,0.731063,0.774649,0.742901,0.715009,0.692298,0.745712,0.711585,0.746270,0.781947,0.795852,0.639617,0.721718,0.768611,0.778426,0.754677,0.748673,0.715669,0.786840,0.716905,0.721155,0.739961,0.766254,0.720573,0.721687,0.655101,0.719721,0.739862,0.721499,0.770243,0.760251,0.762315,0.774643,0.773178,0.672387,0.751959,0.767520,0.755995,0.829061,0.709836,0.747437,0.781217,0.780576,0.698256,0.699166,0.718556,0.765481,0.718306,0.710734,0.766771,0.735981,0.726316,0.768468,0.789983,0.760212,0.809668,0.719977,0.748869,0.706076,0.724252,0.766367,0.734739,0.739953,0.762074,0.752122,0.776858,0.755388,0.716266,0.749476,0.684093,0.707097,0.757640,0.751103,0.726843,0.670238,0.717510,0.744058,0.702112,0.617095,0.741271,0.676273,0.771822,0.702023,0.767587,0.740507,0.770370,0.740583,0.740832,0.745145,0.731147,0.743257,0.725854,0.732371,0.726203,0.750421,0.735673,0.646071,0.643689,0.724076,0.755366,0.769945,0.709527,0.641220,0.710580,0.775796,0.725101,0.813342,0.686324,0.708213,0.781406,0.698087,0.761937,0.732214,0.732793,0.805068,0.761400,0.797268,0.768323,0.682764,0.688500,0.756012,0.683877,0.689143,0.720908,0.729512,0.726760,0.731277,0.826046,0.693311,0.715389,0.707774,0.733690,0.783866,0.762742,0.751482,0.711972,0.695893,0.738455,0.664233,0.767241,0.730054,0.718981,0.733324,0.712933,0.759028,0.735174,0.752185,0.765786,0.693913,0.688438,0.735807,0.678754,0.722949,0.781375,0.715096,0.736645,0.731529,0.750051,0.689275,0.713088,0.779766,0.758293,0.746176,0.728715,0.751132,0.638266,0.699832,0.709011,0.758277,0.703499,0.690354,0.775393,0.771056,0.697919,0.768332,0.687684,0.764692,0.707571,0.715652,0.681153,0.781717,0.711745,0.688730,#
6,0.748888,0.707480,0.715518,0.716174,0.744838,0.682400,1.000000,0.681425,0.733486,0.763733,0.713508,0.725386,0.690256,0.742191,0.652662,0.767793,0.720198,0.787810,0.734219,0.713024,0.762906,0.710734,0.682805,0.713706,0.743448,0.722431,0.749673,0.758044,0.682035,0.740260,0.754486,0.768800,0.731576,0.717666,0.715768,0.763388,0.737226,0.753034,0.706309,0.755908,0.743377,0.735389,0.757020,0.752080,0.738661,0.613912,0.772153,0.743790,0.774932,0.795902,0.762695,0.727507,0.760789,0.647772,0.754896,0.716338,0.739646,0.789123,0.773571,0.698339,0.763543,0.739429,0.689485,0.682696,0.772970,0.741063,0.807470,0.761383,0.743189,0.691057,0.770652,0.794509,0.773121,0.725147,0.701749,0.755784,0.763100,0.785732,0.771579,0.713118,0.759013,0.745811,0.711188,0.828527,0.750035,0.736966,0.714033,0.721084,0.745198,0.748839,0.691572,0.706204,0.657605,0.750627,0.715014,0.707622,0.698952,0.706867,0.733134,0.738830,0.747882,0.757718,0.697168,0.713665,0.779955,0.669126,0.752903,0.721248,0.775104,0.695142,0.685457,0.686027,0.703835,0.726515,0.660257,0.737629,0.658276,0.730031,0.698009,0.698495,0.693818,0.724423,0.692255,0.782258,0.722203,0.696857,0.686858,0.724099,0.692683,0.714533,0.759493,0.723260,0.680096,0.688045,0.747837,0.716703,0.757969,0.721666,0.755742,0.742917,0.740239,0.778059,0.666871,0.708476,0.719242,0.754205,0.754774,0.695506,0.712605,0.697720,0.711715,0.774366,0.661771,0.694440,0.688335,0.681690,0.729069,0.637618,0.711302,0.774913,0.729934,0.720202,0.698587,0.722659,0.750954,0.739821,0.779681,0.644262,0.686952,0.749430,0.724927,0.740987,0.693130,0.693747,0.732601,0.717126,0.714358,0.762586,0.722970,0.750784,0.736470,0.774679,0.703339,0.735411,0.704322,0.701727,0.729632,0.700300,0.712420,0.719319,0.704957,0.721022,0.685623,0.696544,0.742147,0.763930,0.748744,0.768310,0.712588,0.744282,#
7,0.772436,0.735296,0.734897,0.721507,0.665056,0.743036,0.681425,1.000000,0.731026,0.664142,0.715638,0.715483,0.717135,0.720967,0.706143,0.679124,0.687942,0.732759,0.722064,0.721368,0.756883,0.687845,0.764470,0.707355,0.691780,0.746296,0.726062,0.732565,0.663838,0.761626,0.710013,0.717213,0.694865,0.704693,0.741417,0.748469,0.724041,0.737183,0.705001,0.742626,0.717357,0.747155,0.670928,0.704475,0.701777,0.678476,0.755647,0.764932,0.759852,0.736250,0.738499,0.706061,0.773305,0.764041,0.777335,0.730114,0.721485,0.741852,0.766163,0.800809,0.656939,0.711714,0.745582,0.746085,0.754829,0.739115,0.811330,0.696580,0.737104,0.650488,0.758423,0.692843,0.772432,0.769452,0.756602,0.741620,0.731852,0.748569,0.689534,0.683114,0.784764,0.694131,0.768588,0.750993,0.700011,0.748765,0.735642,0.682003,0.710916,0.723726,0.699093,0.759786,0.701250,0.694061,0.717689,0.696185,0.720918,0.748256,0.742304,0.724462,0.740972,0.697088,0.682930,0.692540,0.737460,0.686180,0.717646,0.755202,0.761676,0.702161,0.778184,0.700918,0.751123,0.692098,0.669635,0.744193,0.675404,0.710848,0.715728,0.691445,0.733969,0.725185,0.670980,0.747695,0.732683,0.751936,0.706880,0.724330,0.672242,0.705431,0.722187,0.754664,0.743558,0.688371,0.751233,0.749096,0.719629,0.756399,0.661922,0.685049,0.702449,0.701729,0.723492,0.713506,0.748141,0.687903,0.744511,0.619544,0.713076,0.693347,0.718027,0.728012,0.718756,0.636323,0.685460,0.723082,0.745599,0.731900,0.741205,0.714138,0.727175,0.694859,0.766669,0.716275,0.740993,0.697637,0.749359,0.680566,0.637463,0.712450,0.765893,0.694665,0.695604,0.756452,0.715368,0.655292,0.671468,0.692299,0.737586,0.735561,0.705669,0.724845,0.696818,0.732454,0.670709,0.718123,0.730398,0.674194,0.740141,0.761680,0.720824,0.722025,0.669543,0.707807,0.741794,0.715262,0.718860,0.786081,0.750883,0.682455,#
8,0.741204,0.758694,0.747879,0.737948,0.640512,0.716192,0.733486,0.731026,1.000000,0.747843,0.714618,0.732215,0.719459,0.746237,0.708230,0.746300,0.676147,0.781006,0.666366,0.741506,0.748079,0.750417,0.695803,0.707873,0.729832,0.701159,0.730575,0.703872,0.730812,0.691319,0.742048,0.763794,0.683066,0.686580,0.715267,0.789070,0.694550,0.758667,0.699598,0.745311,0.676895,0.689198,0.788002,0.715757,0.693704,0.651126,0.742760,0.707609,0.760255,0.739074,0.786374,0.712304,0.698278,0.748885,0.754918,0.753295,0.741044,0.741557,0.724763,0.706789,0.741818,0.713536,0.764088,0.724332,0.766684,0.761409,0.776751,0.753325,0.791016,0.701253,0.750463,0.758431,0.792128,0.735870,0.742083,0.711296,0.714301,0.769139,0.716358,0.709014,0.766414,0.709943,0.714837,0.757194,0.760190,0.735245,0.675019,0.740305,0.680661,0.679407,0.718983,0.684442,0.681213,0.683493,0.694787,0.679579,0.730274,0.723830,0.803293,0.784900,0.739682,0.677248,0.730259,0.748581,0.701418,0.733178,0.707536,0.726999,0.692889,0.733486,0.687732,0.691719,0.743527,0.679154,0.633130,0.742827,0.680978,0.708747,0.725104,0.731267,0.665994,0.710536,0.662787,0.770082,0.685453,0.721324,0.681186,0.712275,0.735221,0.731640,0.695364,0.751968,0.723712,0.709925,0.759033,0.708324,0.741334,0.706412,0.718676,0.701832,0.730750,0.745249,0.721871,0.648639,0.745890,0.672415,0.683073,0.694044,0.731631,0.725906,0.685855,0.756552,0.653352,0.755253,0.686361,0.668364,0.736121,0.740914,0.759941,0.743298,0.722575,0.663835,0.739749,0.716520,0.697258,0.682644,0.729742,0.715522,0.711601,0.695949,0.728945,0.714873,0.657130,0.727168,0.760797,0.688929,0.711348,0.765128,0.712374,0.715424,0.711953,0.743622,0.696868,0.719939,0.706843,0.688583,0.773744,0.669870,0.710576,0.755649,0.751614,0.748849,0.745147,0.732849,0.725368,0.672937,0.670495,0.747998,0.701380,0.747921,#
9,0.733928,0.757358,0.740609,0.730467,0.691578,0.730001,0.763733,0.664142,0.747843,1.000000,0.722682,0.696894,0.714772,0.751537,0.747324,0.740684,0.709175,0.756320,0.700662,0.685889,0.770907,0.705738,0.668289,0.728615,0.721685,0.647254,0.747927,0.813605,0.681323,0.758067,0.726594,0.772970,0.731844,0.720160,0.704790,0.752260,0.705877,0.725246,0.724472,0.783786,0.727148,0.743079,0.695882,0.712108,0.740852,0.681264,0.741907,0.725537,0.745300,0.752339,0.759380,0.702073,0.687043,0.702474,0.748925,0.743173,0.758646,0.826550,0.684222,0.722068,0.752860,0.738398,0.703201,0.713982,0.712037,0.788045,0.803634,0.741795,0.791261,0.701507,0.735737,0.762168,0.758943,0.712761,0.732193,0.738465,0.762239,0.797235,0.729568,0.802296,0.777432,0.756892,0.731262,0.823789,0.746186,0.728656,0.712046,0.783066,0.726914,0.717314,0.717012,0.682361,0.730958,0.698504,0.720150,0.670270,0.697385,0.679523,0.724585,0.751609,0.794529,0.749131,0.748367,0.729968,0.749906,0.741052,0.710414,0.767273,0.781420,0.756447,0.730422,0.717407,0.735365,0.712441,0.674723,0.782708,0.614365,0.739659,0.696524,0.697439,0.671999,0.746004,0.694399,0.777857,0.728103,0.712460,0.725002,0.708795,0.757846,0.703645,0.719839,0.787444,0.707221,0.720405,0.769758,0.671032,0.735610,0.729633,0.722338,0.684312,0.794702,0.796022,0.735831,0.760198,0.752533,0.775323,0.737946,0.750505,0.743557,0.723628,0.679557,0.709462,0.720717,0.728310,0.723993,0.706567,0.691292,0.736641,0.697753,0.767591,0.750870,0.766861,0.730424,0.736398,0.730352,0.759147,0.704328,0.709905,0.740279,0.707911,0.738822,0.715336,0.705040,0.691600,0.761179,0.752407,0.733954,0.794860,0.683099,0.772508,0.763181,0.730958,0.743838,0.686362,0.713697,0.737745,0.719334,0.692218,0.747813,0.701847,0.724235,0.741921,0.679439,0.701326,0.710070,0.689060,0.746162,0.739401,0.716826,0.703742,#
10,0.740086,0.749979,0.721237,0.707207,0.678144,0.676760,0.713508,0.715638,0.714618,0.722682,1.000000,0.730383,0.719174,0.716610,0.662259,0.699336,0.719843,0.701543,0.760681,0.708107,0.728347,0.714081,0.712921,0.753222,0.676973,0.710097,0.737994,0.758991,0.695297,0.716072,0.714606,0.701352,0.698577,0.730188,0.728973,0.750399,0.740991,0.749735,0.728377,0.722336,0.718473,0.673239,0.715326,0.695204,0.696211,0.716592,0.812390,0.722241,0.737561,0.796109,0.717418,0.733075,0.723878,0.657782,0.758114,0.762147,0.728444,0.802514,0.677920,0.746882,0.729727,0.738760,0.753534,0.719100,0.746107,0.689485,0.788934,0.719582,0.771428,0.708466,0.805482,0.751518,0.795155,0.638306,0.724112,0.781715,0.687879,0.767698,0.733388,0.695765,0.788880,0.711095,0.717813,0.734347,0.713598,0.702166,0.732010,0.682945,0.709367,0.780116,0.664892,0.713582,0.760587,0.668384,0.675126,0.702437,0.684080,0.745664,0.721428,0.754024,0.713106,0.676910,0.686394,0.735956,0.735988,0.722112,0.713835,0.704673,0.725812,0.700076,0.730117,0.663708,0.765113,0.701249,0.665603,0.749571,0.635143,0.709653,0.717076,0.666448,0.701236,0.735156,0.667930,0.762746,0.651782,0.703067,0.724767,0.692885,0.758914,0.735602,0.694961,0.744120,0.676894,0.704217,0.756070,0.790559,0.701996,0.681613,0.741353,0.736757,0.759270,0.764636,0.654046,0.713286,0.697596,0.735055,0.755884,0.688567,0.712799,0.740836,0.660247,0.705440,0.690271,0.684492,0.755655,0.665426,0.738242,0.753882,0.687191,0.687871,0.753525,0.681328,0.718565,0.716523,0.731434,0.685039,0.742760,0.667040,0.690546,0.775123,0.716770,0.750644,0.648610,0.700683,0.761218,0.687477,0.670213,0.729760,0.667983,0.757023,0.692431,0.700367,0.699673,0.680054,0.631832,0.717664,0.732869,0.708302,0.657794,0.739657,0.719141,0.648626,0.682204,0.758809,0.719597,0.691752,0.705589,0.751642,0.713183,0.754154,#
11,0.790230,0.749116,0.706937,0.727400,0.710860,0.717250,0.725386,0.715483,0.732215,0.696894,0.730383,1.000000,0.744461,0.737086,0.737423,0.733291,0.725662,0.790576,0.778290,0.730871,0.737274,0.705583,0.764533,0.743569,0.730115,0.699044,0.736104,0.724259,0.741673,0.678299,0.752495,0.765922,0.755962,0.728470,0.679361,0.756168,0.753388,0.784053,0.709241,0.745917,0.743688,0.680133,0.717922,0.697140,0.711616,0.651732,0.797743,0.782029,0.732918,0.795758,0.729491,0.681214,0.777969,0.704143,0.776154,0.748792,0.689256,0.797241,0.743306,0.768035,0.709675,0.682990,0.787295,0.701517,0.740227,0.737811,0.755551,0.736217,0.786215,0.725385,0.775615,0.722940,0.776165,0.756288,0.789870,0.730284,0.757875,0.784251,0.719170,0.681438,0.751702,0.726260,0.749965,0.752827,0.776326,0.718830,0.643732,0.701077,0.668438,0.688553,0.723570,0.696729,0.693378,0.708635,0.667422,0.735043,0.700238,0.725051,0.737798,0.761248,0.725831,0.733441,0.743196,0.727112,0.751091,0.725967,0.741310,0.763980,0.793975,0.700896,0.758783,0.746129,0.764252,0.663154,0.657845,0.754206,0.706908,0.694648,0.731644,0.735902,0.658206,0.720041,0.713463,0.789342,0.700677,0.751086,0.764057,0.750531,0.749558,0.768838,0.740592,0.722659,0.753331,0.730653,0.775358,0.726775,0.769275,0.718686,0.744578,0.710383,0.717134,0.730483,0.720140,0.732814,0.743330,0.688907,0.776883,0.696104,0.726151,0.731822,0.708967,0.717083,0.713943,0.750851,0.761227,0.679690,0.749838,0.702199,0.705503,0.720951,0.762869,0.743789,0.800493,0.745159,0.775286,0.704829,0.772039,0.664810,0.714975,0.797275,0.761081,0.703657,0.760888,0.802483,0.765048,0.705051,0.731361,0.723601,0.719245,0.746318,0.728172,0.696544,0.743215,0.684417,0.740148,0.662500,0.745461,0.751181,0.677606,0.698637,0.742330,0.757557,0.698845,0.734780,0.700466,0.704668,0.732783,0.750602,0.735176,0.670919,#
12,0.752882,0.750351,0.678958,0.737761,0.649367,0.689598,0.690256,0.717135,0.719459,0.714772,0.719174,0.744461,1.000000,0.735023,0.698673,0.695639,0.659937,0.740427,0.764109,0.690064,0.738169,0.654379,0.736253,0.756951,0.705766,0.731292,0.696293,0.738855,0.691988,0.694530,0.704774,0.722034,0.684823,0.732390,0.731190,0.745169,0.700954,0.751814,0.718855,0.700717,0.634608,0.638601,0.668410,0.682548,0.727473,0.679148,0.782248,0.725863,0.754547,0.758467,0.796725,0.644543,0.704253,0.721316,0.756610,0.757129,0.708457,0.727737,0.722254,0.715661,0.684640,0.679236,0.730576,0.660952,0.738016,0.730266,0.736321,0.714237,0.757491,0.703347,0.724081,0.735854,0.763225,0.723625,0.748812,0.716169,0.719399,0.748568,0.739678,0.720857,0.747212,0.697749,0.743295,0.756114,0.681707,0.751387,0.637394,0.719383,0.664564,0.674614,0.729417,0.685655,0.746213,0.672817,0.655324,0.684004,0.725210,0.674951,0.693558,0.714266,0.683086,0.748522,0.693543,0.713360,0.682298,0.666935,0.681665,0.729512,0.755936,0.714303,0.710185,0.696943,0.719062,0.668860,0.756427,0.742298,0.598836,0.670268,0.719118,0.692367,0.660777,0.750884,0.665953,0.741574,0.685484,0.760030,0.739392,0.688135,0.692335,0.698167,0.639188,0.666669,0.663721,0.686303,0.702698,0.706378,0.682288,0.721520,0.666523,0.629985,0.751302,0.715271,0.680052,0.734842,0.651312,0.690369,0.741777,0.637556,0.718212,0.721528,0.721664,0.672450,0.705441,0.655067,0.695129,0.727350,0.739740,0.750925,0.762287,0.691054,0.712481,0.735484,0.718335,0.722871,0.762912,0.628727,0.681019,0.731299,0.657041,0.731187,0.735988,0.664469,0.717497,0.721532,0.723931,0.649476,0.766661,0.751168,0.657103,0.686292,0.701808,0.751934,0.679772,0.646962,0.627480,0.655951,0.705042,0.697371,0.763029,0.729108,0.679901,0.717377,0.619412,0.697834,0.666029,0.728854,0.699907,0.754764,0.748227,0.670648,#
13,0.706592,0.769810,0.690079,0.693755,0.697251,0.721287,0.742191,0.720967,0.746237,0.751537,0.716610,0.737086,0.735023,1.000000,0.705959,0.699790,0.659413,0.790860,0.781704,0.727545,0.743362,0.698945,0.759145,0.706848,0.714546,0.723851,0.703297,0.750201,0.719998,0.800142,0.703015,0.734845,0.744783,0.764796,0.657373,0.741989,0.714698,0.795105,0.725120,0.779054,0.803061,0.692439,0.737586,0.717723,0.754728,0.711823,0.763462,0.760409,0.796933,0.776350,0.775239,0.762412,0.704881,0.688511,0.793416,0.798449,0.766138,0.800129,0.761966,0.769893,0.735434,0.718192,0.717417,0.744245,0.795169,0.769558,0.783706,0.753899,0.775703,0.694783,0.724687,0.755703,0.790550,0.763164,0.751879,0.728203,0.747399,0.787111,0.770527,0.724943,0.765581,0.722925,0.758542,0.809455,0.737965,0.792686,0.661847,0.685675,0.762394,0.717970,0.679941,0.739113,0.707288,0.746526,0.707314,0.671956,0.716805,0.695316,0.729055,0.764231,0.736300,0.749135,0.777071,0.739635,0.779526,0.765059,0.713778,0.770124,0.748958,0.729908,0.738603,0.704900,0.751553,0.717367,0.689456,0.761026,0.660781,0.726669,0.768447,0.681754,0.740697,0.728783,0.707732,0.708267,0.699424,0.720816,0.753667,0.724134,0.735078,0.704289,0.741835,0.709156,0.715591,0.738003,0.751037,0.714272,0.723205,0.754238,0.777309,0.664574,0.761652,0.776604,0.754380,0.697459,0.714227,0.717742,0.748987,0.699607,0.737221,0.722355,0.771043,0.765806,0.690135,0.735527,0.688751,0.687593,0.776905,0.712884,0.743687,0.723801,0.753697,0.712384,0.739657,0.748283,0.779971,0.702502,0.756862,0.708820,0.725214,0.745064,0.740331,0.758811,0.766055,0.756001,0.775081,0.735109,0.745812,0.780051,0.714646,0.767258,0.755132,0.729337,0.762801,0.690440,0.735547,0.737171,0.705271,0.717903,0.702187,0.753668,0.751171,0.737682,0.698294,0.741213,0.747329,0.707042,0.735789,0.778477,0.740845,0.690677,#
14,0.748384,0.771378,0.742518,0.711343,0.656874,0.729456,0.652662,0.706143,0.708230,0.747324,0.662259,0.737423,0.698673,0.705959,1.000000,0.680488,0.674361,0.703516,0.648969,0.701178,0.718733,0.704306,0.730306,0.777404,0.699151,0.631927,0.742340,0.710294,0.656952,0.719404,0.762320,0.692461,0.685099,0.657443,0.718414,0.752984,0.642889,0.744935,0.735402,0.696701,0.699591,0.686705,0.716567,0.691524,0.691377,0.692009,0.724922,0.692474,0.678862,0.702662,0.694868,0.707392,0.687395,0.754281,0.740153,0.736407,0.666814,0.700605,0.721264,0.692793,0.721396,0.736507,0.707882,0.701782,0.721542,0.708566,0.743000,0.699560,0.761625,0.705334,0.715669,0.686377,0.756148,0.709615,0.753810,0.700785,0.683528,0.759074,0.705577,0.687568,0.717979,0.690825,0.744051,0.745291,0.728462,0.746336,0.618304,0.664287,0.709391,0.598436,0.680423,0.632612,0.719905,0.753701,0.721454,0.666676,0.724645,0.675948,0.691054,0.703411,0.722315,0.715336,0.711754,0.658261,0.707677,0.716602,0.686194,0.682049,0.766116,0.710628,0.718755,0.745066,0.741247,0.646976,0.591439,0.732649,0.627219,0.664815,0.674172,0.673896,0.691407,0.731804,0.652896,0.726817,0.730965,0.594889,0.738069,0.727599,0.666184,0.702277,0.671912,0.764163,0.689265,0.696914,0.720587,0.698463,0.734035,0.709051,0.691516,0.684681,0.708411,0.737171,0.614539,0.718111,0.694471,0.711331,0.770546,0.658576,0.706954,0.664547,0.711832,0.701714,0.639626,0.696518,0.714269,0.665962,0.689533,0.681221,0.650749,0.694597,0.719504,0.675956,0.702666,0.688745,0.721887,0.654465,0.649760,0.657384,0.607600,0.747856,0.702169,0.659985,0.704079,0.736071,0.783283,0.676416,0.683717,0.712417,0.681860,0.714809,0.680581,0.721928,0.711055,0.691776,0.710757,0.702807,0.734971,0.653204,0.715993,0.674295,0.679123,0.695115,0.707632,0.703958,0.637702,0.678740,0.681516,0.720696,0.662262,0.621004,#
15,0.718484,0.734652,0.711527,0.734945,0.721015,0.697890,0.767793,0.679124,0.746300,0.740684,0.699336,0.733291,0.695639,0.699790,0.680488,1.000000,0.671046,0.749040,0.713273,0.692465,0.706187,0.766181,0.718714,0.720373,0.728710,0.670511,0.687489,0.711691,0.688908,0.675490,0.773729,0.756305,0.746503,0.765284,0.678824,0.759926,0.731539,0.780501,0.715117,0.707856,0.665013,0.683783,0.730739,0.709230,0.755618,0.682506,0.763496,0.702912,0.755654,0.768139,0.752607,0.697388,0.689330,0.715112,0.734218,0.723018,0.723381,0.740688,0.743931,0.712829,0.742401,0.718646,0.695230,0.729373,0.744457,0.729919,0.755853,0.748759,0.719707,0.666076,0.748208,0.704870,0.698740,0.694726,0.754013,0.735680,0.735810,0.731320,0.755675,0.717276,0.720074,0.694722,0.710605,0.760596,0.754276,0.723010,0.621397,0.705912,0.699861,0.673833,0.649146,0.686268,0.721219,0.729969,0.652753,0.686855,0.670156,0.698580,0.705913,0.730678,0.729184,0.711352,0.724203,0.732722,0.714624,0.692950,0.668404,0.730558,0.722744,0.739559,0.684883,0.634328,0.749978,0.685537,0.662700,0.704124,0.636237,0.693310,0.703326,0.756306,0.685901,0.714728,0.665089,0.772736,0.678218,0.705157,0.730638,0.654791,0.742268,0.760919,0.726654,0.695159,0.682848,0.640321,0.734091,0.713494,0.741549,0.657281,0.682743,0.706649,0.690576,0.724394,0.670325,0.694444,0.738292,0.739007,0.670681,0.688987,0.708656,0.725275,0.716567,0.751373,0.684894,0.712471,0.704140,0.648965,0.737773,0.674502,0.728491,0.708426,0.683257,0.717094,0.730991,0.704689,0.718597,0.676503,0.725236,0.660122,0.700771,0.741989,0.679150,0.726483,0.653545,0.739939,0.735485,0.748018,0.700438,0.716491,0.701219,0.744813,0.721508,0.742426,0.672256,0.706583,0.718040,0.680349,0.665758,0.630672,0.661995,0.715260,0.693203,0.741322,0.653066,0.670301,0.673964,0.657925,0.713719,0.713890,0.731874,0.718067,#
16,0.736112,0.719039,0.691616,0.699992,0.671238,0.703483,0.720198,0.687942,0.676147,0.709175,0.719843,0.725662,0.659937,0.659413,0.674361,0.671046,1.000000,0.747873,0.750047,0.713215,0.783740,0.675718,0.665392,0.715906,0.700989,0.721696,0.720425,0.661061,0.604838,0.685052,0.754252,0.722690,0.697332,0.635198,0.704778,0.742069,0.749141,0.765194,0.706632,0.732482,0.694688,0.681750,0.674121,0.684388,0.707119,0.699043,0.723057,0.703741,0.735779,0.757482,0.667587,0.690517,0.713143,0.715347,0.718493,0.758068,0.638057,0.736755,0.704348,0.666125,0.740889,0.739351,0.689056,0.676025,0.715310,0.682240,0.789755,0.697665,0.741547,0.704291,0.744395,0.738261,0.756099,0.680458,0.718543,0.702141,0.694964,0.747687,0.685924,0.731944,0.780006,0.719476,0.733694,0.752330,0.717755,0.718514,0.703135,0.629376,0.655733,0.690082,0.624405,0.694637,0.699904,0.683778,0.696946,0.715131,0.702445,0.690883,0.732378,0.713570,0.749614,0.716687,0.686954,0.704432,0.702265,0.744303,0.732320,0.692135,0.781122,0.689971,0.709814,0.696710,0.728947,0.685474,0.683439,0.759203,0.737649,0.723512,0.697559,0.565856,0.632299,0.682109,0.694779,0.741615,0.706950,0.669290,0.654714,0.645121,0.748893,0.675493,0.740059,0.700889,0.701452,0.661280,0.723201,0.756896,0.701081,0.680977,0.659918,0.649614,0.721790,0.718704,0.716268,0.694979,0.653763,0.678273,0.749484,0.698710,0.702235,0.674132,0.658668,0.722680,0.609851,0.675534,0.782312,0.638529,0.719456,0.706234,0.663482,0.682265,0.700783,0.652239,0.767364,0.684670,0.734592,0.725677,0.696022,0.687962,0.676585,0.736232,0.675416,0.715854,0.684563,0.743680,0.725103,0.696645,0.655053,0.780169,0.668875,0.737806,0.720611,0.666541,0.692927,0.675700,0.631280,0.661940,0.735758,0.680405,0.714991,0.709289,0.715398,0.678304,0.676615,0.699696,0.711478,0.714884,0.728976,0.783518,0.705426,0.688526,#
17,0.798903,0.744101,0.746744,0.715636,0.738234,0.742187,0.787810,0.732759,0.781006,0.756320,0.701543,0.790576,0.740427,0.790860,0.703516,0.749040,0.747873,1.000000,0.740010,0.791682,0.768041,0.721001,0.768797,0.717643,0.773887,0.753323,0.774680,0.764670,0.706905,0.761851,0.788894,0.794265,0.726699,0.707236,0.698516,0.787413,0.751021,0.800283,0.756258,0.822061,0.725963,0.738612,0.728742,0.731122,0.744198,0.703204,0.768020,0.756533,0.784622,0.808364,0.774142,0.679268,0.750454,0.754131,0.779226,0.764033,0.763513,0.784401,0.737094,0.755731,0.717412,0.729933,0.773462,0.737335,0.772650,0.773541,0.849069,0.788183,0.772420,0.712934,0.768901,0.765872,0.777726,0.769598,0.806122,0.722647,0.780446,0.805759,0.774262,0.788968,0.781460,0.758527,0.797074,0.814207,0.747851,0.749699,0.711514,0.756386,0.723576,0.713067,0.710107,0.700953,0.726946,0.738298,0.718490,0.737131,0.722813,0.708645,0.772080,0.788253,0.780623,0.726315,0.738982,0.728924,0.743559,0.753636,0.717445,0.726346,0.754544,0.786703,0.763954,0.685345,0.791964,0.716064,0.746261,0.763726,0.692439,0.720091,0.766033,0.735992,0.733440,0.762154,0.767707,0.771720,0.712123,0.733339,0.721866,0.746980,0.768365,0.739550,0.754155,0.785144,0.784198,0.731787,0.773036,0.762501,0.803508,0.754980,0.717659,0.749481,0.787949,0.771652,0.783937,0.755745,0.779984,0.723793,0.763092,0.688254,0.778088,0.737564,0.737190,0.785731,0.707887,0.749884,0.748802,0.725117,0.810599,0.742626,0.748039,0.762131,0.765305,0.733971,0.792309,0.720208,0.767457,0.716397,0.693162,0.654214,0.752073,0.746828,0.736525,0.753218,0.763858,0.767495,0.827647,0.671444,0.751301,0.788252,0.733383,0.787393,0.771211,0.785019,0.749996,0.771753,0.735848,0.709210,0.761009,0.765311,0.691068,0.732229,0.781747,0.750420,0.701077,0.759660,0.752309,0.752795,0.746495,0.783558,0.781144,0.670348,#
18,0.757615,0.764508,0.684052,0.728457,0.685754,0.731063,0.734219,0.722064,0.666366,0.700662,0.760681,0.778290,0.764109,0.781704,0.648969,0.713273,0.750047,0.740010,1.000000,0.704833,0.743017,0.742578,0.727085,0.695280,0.677071,0.773431,0.747212,0.735250,0.697533,0.771022,0.681301,0.773139,0.738512,0.758788,0.724333,0.794071,0.733844,0.773276,0.737484,0.760472,0.738696,0.700754,0.717808,0.677819,0.749629,0.692883,0.772822,0.797370,0.807252,0.756823,0.701592,0.709623,0.751743,0.653570,0.759045,0.742063,0.721477,0.760389,0.722952,0.794979,0.716045,0.711050,0.706877,0.703709,0.778290,0.688189,0.769187,0.696020,0.702573,0.707473,0.736597,0.720691,0.778321,0.690982,0.785925,0.722497,0.743910,0.740999,0.710238,0.708635,0.752794,0.714183,0.763726,0.774693,0.746385,0.764864,0.674434,0.723009,0.749100,0.711596,0.707868,0.692196,0.755504,0.755560,0.714407,0.686289,0.712158,0.736712,0.736482,0.757910,0.752290,0.704972,0.723821,0.736972,0.733312,0.737002,0.726069,0.749233,0.773131,0.754327,0.773496,0.679588,0.743921,0.714052,0.686383,0.754326,0.697832,0.720443,0.766150,0.671229,0.715964,0.755628,0.688780,0.750268,0.735029,0.703612,0.781015,0.670599,0.770960,0.687770,0.730604,0.747109,0.729568,0.675261,0.746608,0.737541,0.769094,0.732984,0.692005,0.713506,0.753408,0.759238,0.715916,0.781226,0.721030,0.693287,0.747965,0.676305,0.764071,0.719227,0.726866,0.734812,0.749068,0.695608,0.748953,0.743898,0.735413,0.759316,0.702663,0.698320,0.773691,0.743294,0.808871,0.741453,0.746342,0.686223,0.824105,0.690768,0.679044,0.742013,0.734126,0.729000,0.756849,0.771328,0.723395,0.707091,0.714912,0.779759,0.712728,0.774400,0.735350,0.742270,0.714284,0.680405,0.695552,0.718797,0.722264,0.721098,0.689808,0.760154,0.723605,0.725363,0.650142,0.769154,0.713392,0.698168,0.716052,0.811523,0.748152,0.727055,#
19,0.735747,0.779866,0.744168,0.698106,0.731025,0.774649,0.713024,0.721368,0.741506,0.685889,0.708107,0.730871,0.690064,0.727545,0.701178,0.692465,0.713215,0.791682,0.704833,1.000000,0.759218,0.688025,0.684050,0.727962,0.719719,0.692208,0.724803,0.714974,0.657173,0.728751,0.775878,0.792663,0.732902,0.686627,0.680963,0.806150,0.680506,0.754507,0.719230,0.742217,0.743585,0.731765,0.707512,0.693749,0.700735,0.723495,0.792246,0.726235,0.739570,0.739177,0.695748,0.675678,0.722436,0.702366,0.757772,0.710483,0.745186,0.756313,0.712584,0.693786,0.716396,0.666647,0.744678,0.705983,0.714345,0.736839,0.781976,0.702258,0.762544,0.703632,0.748705,0.737257,0.769010,0.697645,0.737616,0.703773,0.676852,0.751182,0.693813,0.708624,0.769394,0.694449,0.777027,0.745292,0.697738,0.683906,0.693097,0.710676,0.759585,0.697291,0.654584,0.695405,0.668466,0.726940,0.692004,0.669041,0.719555,0.715505,0.726845,0.767252,0.743015,0.708125,0.706025,0.711393,0.753507,0.680713,0.735139,0.685089,0.742062,0.677798,0.733042,0.671222,0.733370,0.696565,0.716503,0.751358,0.727407,0.732638,0.740928,0.624584,0.766095,0.713338,0.662931,0.817554,0.709821,0.716353,0.724184,0.707222,0.801251,0.783275,0.732524,0.778849,0.735399,0.736358,0.754868,0.744771,0.712371,0.721599,0.719274,0.685315,0.742707,0.759581,0.694859,0.714987,0.725646,0.660255,0.682136,0.635361,0.745818,0.715300,0.687388,0.752647,0.676380,0.710858,0.771556,0.677053,0.775632,0.726737,0.710149,0.722862,0.699522,0.727559,0.724334,0.740347,0.730892,0.667357,0.678871,0.730142,0.677995,0.712988,0.694062,0.739591,0.736548,0.729781,0.783810,0.649480,0.721835,0.759279,0.723001,0.688801,0.682201,0.737924,0.736501,0.735903,0.679102,0.683155,0.685916,0.705615,0.716246,0.736654,0.718542,0.721304,0.678348,0.761625,0.755978,0.704377,0.702158,0.716574,0.694272,0.673106,#
20,0.769042,0.797319,0.694034,0.728311,0.732636,0.742901,0.762906,0.756883,0.748079,0.770907,0.728347,0.737274,0.738169,0.743362,0.718733,0.706187,0.783740,0.768041,0.743017,0.759218,1.000000,0.732831,0.708385,0.769102,0.756634,0.733190,0.757934,0.770490,0.697524,0.760443,0.775586,0.761770,0.723070,0.757953,0.732459,0.771623,0.724331,0.760899,0.742479,0.779399,0.761064,0.769859,0.718112,0.774975,0.770103,0.680195,0.780338,0.769195,0.766400,0.744096,0.755985,0.756308,0.731866,0.723469,0.759567,0.758388,0.706772,0.772787,0.748754,0.727382,0.765440,0.733211,0.791278,0.698196,0.779140,0.771666,0.826785,0.726134,0.764240,0.702338,0.746371,0.778652,0.769089,0.731832,0.743063,0.699013,0.714150,0.782413,0.779717,0.786393,0.767579,0.770466,0.763306,0.800938,0.708430,0.736342,0.717882,0.716031,0.771121,0.799300,0.715120,0.716161,0.716832,0.770051,0.727721,0.731966,0.699353,0.676062,0.737207,0.769899,0.810086,0.759616,0.714587,0.772185,0.771455,0.710118,0.785683,0.769397,0.775976,0.778821,0.731867,0.758817,0.728747,0.661334,0.748085,0.770726,0.717739,0.775011,0.681831,0.660915,0.743343,0.748408,0.711731,0.794159,0.702779,0.721383,0.683805,0.700348,0.738301,0.756919,0.745090,0.744601,0.775413,0.747333,0.767991,0.733599,0.711790,0.779149,0.742949,0.747742,0.758773,0.715377,0.757147,0.750383,0.751156,0.710951,0.790850,0.715698,0.725398,0.750684,0.739423,0.776479,0.706112,0.690487,0.779089,0.700211,0.724242,0.769823,0.737120,0.739757,0.743583,0.738644,0.737630,0.750951,0.814808,0.696328,0.701350,0.710405,0.671417,0.749231,0.747080,0.724434,0.756244,0.773485,0.762228,0.703775,0.726861,0.795320,0.712409,0.772182,0.735756,0.726044,0.714299,0.675863,0.696346,0.740252,0.754587,0.745315,0.723126,0.728115,0.707668,0.747645,0.731481,0.751337,0.761582,0.722740,0.752966,0.802129,0.751293,0.717208,#
21,0.729148,0.818180,0.729914,0.764956,0.716988,0.715009,0.710734,0.687845,0.750417,0.705738,0.714081,0.705583,0.654379,0.698945,0.704306,0.766181,0.675718,0.721001,0.742578,0.688025,0.732831,1.000000,0.716472,0.743164,0.646870,0.703886,0.768545,0.704784,0.718368,0.680532,0.708900,0.688805,0.737900,0.727208,0.720813,0.772822,0.702613,0.737427,0.724427,0.732948,0.707456,0.736952,0.708405,0.738021,0.717013,0.711382,0.736050,0.740869,0.750244,0.754985,0.693893,0.751168,0.736027,0.679872,0.745399,0.743119,0.714684,0.723900,0.764060,0.715688,0.704848,0.738827,0.662392,0.693164,0.755778,0.711536,0.774375,0.706553,0.710094,0.745701,0.709814,0.773887,0.761448,0.741812,0.785374,0.736337,0.739734,0.739426,0.740224,0.725330,0.724192,0.689927,0.783476,0.773345,0.774456,0.723497,0.641028,0.744853,0.739253,0.738440,0.634778,0.675241,0.740657,0.721111,0.718168,0.726496,0.705382,0.660365,0.713117,0.778534,0.739147,0.709419,0.641570,0.725824,0.704380,0.741241,0.683065,0.738790,0.704483,0.751237,0.763546,0.672753,0.743430,0.699484,0.629509,0.680599,0.693301,0.773555,0.704772,0.692842,0.713013,0.690194,0.665031,0.714934,0.659014,0.654150,0.719320,0.712080,0.706604,0.741701,0.740836,0.759669,0.688616,0.710767,0.781271,0.664916,0.709048,0.670182,0.704961,0.723422,0.750352,0.738790,0.644662,0.730368,0.692767,0.699324,0.707478,0.664909,0.694858,0.735517,0.711553,0.773012,0.694066,0.704855,0.684762,0.697174,0.723599,0.730093,0.653845,0.727649,0.709407,0.732110,0.730906,0.731531,0.768528,0.699516,0.748306,0.673383,0.646469,0.741691,0.730542,0.706967,0.723593,0.713187,0.709047,0.690965,0.628743,0.718859,0.709889,0.728500,0.703609,0.763920,0.701639,0.705276,0.697539,0.726563,0.730367,0.648693,0.660288,0.744976,0.714854,0.679841,0.704710,0.694448,0.706543,0.656185,0.721101,0.749613,0.656225,0.736650,#
