0,1.000000,0.095960,0.094596,0.097863,0.186925,0.051145,-0.105587,-0.120419,0.104723,0.088867,0.083773,-0.010728,0.033087,-0.069242,0.199982,0.270460,0.144687,0.157308,0.216343,0.197912,0.024283,0.011994,0.166511,0.291991,0.116557,0.123423,0.125116,-0.086835,0.012042,0.103351,0.026491,0.166688,0.048606,0.114113,0.220528,0.039325,0.113966,-0.006423,0.180323,0.128173,0.093244,0.030960,0.275846,-0.024411,-0.008919,-0.016539,-0.008016,0.284677,0.138422,0.278227,0.088261,0.056600,0.047727,0.167672,0.165641,0.148070,0.177595,0.076356,-0.026541,0.018758,0.093894,0.067050,0.221657,-0.074367,-0.061405,-0.038339,-0.005369,0.160391,0.106798,0.103668,0.110674,-0.043473,0.170360,0.180828,0.055644,-0.191425,0.227912,0.173062,0.082442,-0.033792,-0.019523,-0.025855,0.019023,0.194958,0.291043,0.017278,0.253820,0.166313,0.188960,0.105504,0.101778,0.009141,0.182307,0.052696,0.107085,0.277959,0.160251,-0.028918,0.086896,0.143942,0.177771,0.123397,-0.051229,0.172332,0.101177,0.056834,0.224218,0.176859,0.187368,-0.039102,-0.022028,0.097719,-0.021748,0.142618,0.096739,0.063583,0.037373,0.004969,0.014694,-0.058550,0.145777,0.140909,0.246080,0.053457,0.180676,0.176431,0.096640,-0.143271,0.102348,0.171615,0.194378,-0.009152,0.021303,0.057108,0.043247,0.089763,0.148700,0.025928,-0.081369,0.073801,0.228505,0.091125,0.074689,0.021441,0.048977,0.023464,0.053641,0.072072,0.226560,0.074531,-0.118872,0.094857,0.120712,-0.052597,0.158384,0.213611,0.160924,0.107310,0.032446,0.096617,0.087365,0.177028,-0.062700,-0.067235,0.056404,0.217133,-0.034828,0.148378,0.220433,0.074315,0.024391,-0.044490,0.069618,0.141812,-0.128166,0.199643,0.254297,0.112395,0.080879,-0.059927,0.113997,0.169889,0.052365,0.004930,0.058383,-0.069504,0.090421,0.253266,0.277590,-0.011519,0.029011,0.184301,-0.049530,0.086314,0.213322,0.118230,-0.024397,0.090444,0.179055,0.126999,#
1,0.095960,1.000000,0.164936,0.102281,0.128090,0.097109,0.230276,0.145341,0.260330,0.108964,0.271000,0.225796,0.068029,0.015874,0.016111,-0.022202,0.090930,0.134392,0.005726,0.195693,0.006356,0.145579,0.071266,0.012356,0.070474,0.114365,0.097984,0.198822,-0.211506,0.164181,0.141148,0.102351,-0.063944,0.112457,0.012717,0.253517,0.039520,-0.061441,0.249969,0.093706,-0.028349,0.054036,0.229313,0.061404,0.054250,0.129958,0.371299,0.085742,0.177012,0.003281,0.111462,0.042738,0.241054,0.277896,0.131138,0.165637,0.080457,-0.031896,-0.047342,0.076651,0.049191,0.075112,0.222393,-0.005816,-0.047253,0.180781,0.070210,0.165950,0.095108,0.250372,0.156488,0.151914,0.248133,0.045387,0.136919,0.091052,0.111056,0.114061,0.293979,0.105409,0.116262,0.171761,0.073448,0.079025,0.261944,-0.159290,0.159335,0.209718,0.102274,-0.053401,0.044511,0.142561,-0.067589,0.058071,-0.007723,0.079065,0.036803,0.024308,0.027110,0.087393,0.189139,0.053293,0.127154,0.036067,0.032760,0.090606,0.177073,0.229898,0.106313,0.119301,0.104014,0.134153,-0.004302,0.126442,0.179735,0.293725,0.116182,-0.014131,0.043203,0.038687,-0.118234,0.138989,0.162150,0.167898,0.103932,0.088623,0.134286,0.139570,0.170103,0.153487,-0.001758,0.048925,0.062404,0.163918,0.230449,0.119506,0.169365,0.237630,0.173030,0.198300,0.138285,0.045799,0.083782,0.186472,0.222977,0.021221,0.047756,-0.050094,0.095949,-0.048649,0.148950,0.072918,-0.000128,-0.094668,0.211125,0.216636,0.007554,0.037458,-0.106105,-0.102099,-0.007962,0.171813,0.235984,0.173934,0.134393,0.088400,-0.021339,-0.076574,0.098806,0.269022,0.178309,0.224898,0.046142,0.090063,0.069721,0.185667,0.128316,0.115116,0.143595,0.018778,0.069065,0.074418,0.156783,-0.093836,0.198579,0.090116,0.068836,-0.108440,0.183098,0.237648,0.211589,0.150295,-0.188764,0.122420,0.166506,0.053074,-0.103761,0.188318,0.040282,0.289949,#
2,0.094596,0.164936,1.000000,0.067703,0.197446,0.060245,0.109701,0.060820,0.053758,0.095864,0.245817,0.296027,0.029239,0.130692,-0.092978,0.183707,-0.025694,0.009411,0.026784,0.060928,0.205347,0.172172,-0.090220,-0.005948,0.109502,0.239629,0.154654,0.020250,-0.141256,0.085541,-0.005655,-0.038436,-0.006021,-0.033318,0.078402,0.067920,0.134639,-0.085446,0.102193,-0.072010,0.138497,0.016280,0.270184,-0.060008,0.077503,0.018698,0.158493,0.017596,0.074279,0.037137,0.069038,0.206229,0.090981,0.073729,-0.015118,0.014713,0.117688,0.031504,0.118776,0.124783,0.281826,-0.060068,-0.043185,0.109818,0.200163,0.093909,0.138112,0.047251,0.119149,0.083052,0.082217,0.221085,-0.077269,0.102795,0.166279,0.011574,0.078529,0.086209,0.081834,-0.030702,0.089044,-0.116884,0.008062,-0.058598,0.142606,0.076897,0.222765,0.171547,0.100761,-0.055385,-0.021530,0.198135,0.114030,0.124961,0.029697,0.160982,0.148042,0.004444,0.129848,0.016995,0.122853,0.053459,-0.052282,0.192184,0.025170,0.079050,0.149371,0.222148,0.122892,0.173346,0.164917,0.121443,0.157654,0.032570,-0.007805,0.236470,0.200296,0.009007,-0.216874,0.012216,0.059142,-0.015937,0.004022,0.061738,0.088614,-0.026857,0.179955,0.030309,0.164002,0.082004,-0.002807,0.136877,0.115498,0.085565,0.157273,0.095083,0.133143,0.017483,0.006127,-0.056065,0.158488,0.101214,0.141826,0.021324,0.325630,-0.008204,-0.247975,0.010130,0.114702,-0.005886,0.075461,0.072177,0.208603,0.159968,0.061081,0.010634,0.100115,-0.093147,0.070022,0.062087,-0.042827,0.186359,0.120804,0.105401,0.103659,0.116505,0.022491,-0.053301,-0.002376,0.021122,-0.027115,0.310168,0.010346,0.085797,0.056391,0.093355,0.178933,0.062410,-0.164222,-0.013620,0.131104,0.151185,-0.110872,0.146317,0.034993,0.135615,0.055651,-0.117463,0.222780,-0.033657,0.030304,0.159090,0.090996,0.001888,0.142539,0.018479,-0.184398,0.161575,0.180332,0.234239,#
3,0.097863,0.102281,0.067703,1.000000,0.114590,0.081585,0.199947,0.044178,0.287931,0.083822,0.218711,0.145427,0.056718,-0.009171,0.127453,0.082443,0.037074,0.145676,0.213261,0.160557,0.114910,0.095120,0.124304,0.286397,0.117758,0.240012,0.162766,0.084322,0.091030,0.172849,0.111041,0.147128,0.346539,0.172811,-0.026335,0.106716,0.131269,0.208848,0.326486,0.105455,0.022820,0.260262,0.189485,0.231168,-0.021601,0.035816,0.055615,0.184640,-0.015746,0.132480,0.102173,0.195784,0.168262,-0.019071,0.066417,0.232965,0.161879,0.046461,-0.002744,0.139503,0.147741,-0.005728,0.093433,-0.002412,0.270256,0.047830,0.031367,-0.004084,-0.047357,0.218952,0.115657,0.128655,0.168660,0.081929,0.120276,0.108984,0.104996,0.114469,0.148957,0.036129,0.240735,0.098088,0.134526,0.079770,0.225826,0.047364,0.085884,0.060939,0.169144,0.152873,0.228928,0.168051,0.075072,0.099200,0.080221,0.121273,0.152043,-0.105133,0.105190,0.112234,0.268357,0.017594,0.019824,0.038087,0.311618,-0.006000,0.215529,0.265758,0.003661,0.033756,0.153259,-0.031277,0.109392,0.073317,0.045123,0.057199,0.133763,0.118830,0.064372,0.044673,0.138069,0.089997,0.086491,0.182249,0.018273,0.111469,0.198883,0.261707,-0.005462,0.169960,0.220077,0.183530,0.194221,0.159994,0.109100,0.165281,-0.092259,0.101140,0.128980,0.104064,0.144529,0.258047,0.164563,0.114358,0.078620,0.048282,0.242706,0.276529,0.041758,0.123541,0.000368,-0.039951,0.024317,0.189768,0.197445,0.109688,0.059582,0.086157,0.168776,0.130814,0.118395,0.122186,0.182369,0.240625,0.123715,0.059224,0.076232,0.064034,0.069393,0.028303,0.152231,-0.034121,-0.005819,0.001865,-0.047897,0.175376,0.184502,0.159693,0.014960,0.073442,0.058112,0.284044,0.125203,-0.096257,0.020135,-0.009125,0.143849,0.077903,0.057414,0.115366,0.076816,0.073379,0.156515,0.110959,0.151001,0.146637,0.183515,0.181068,0.113333,0.080007,#
4,0.186925,0.128090,0.197446,0.114590,1.000000,0.252037,-0.006265,0.128880,0.255390,0.137990,0.010996,0.091123,0.180712,0.025500,0.143683,0.138071,0.029877,0.129085,0.143750,0.353295,0.345916,0.054931,0.150297,0.214677,0.109211,0.283525,0.084190,0.024426,0.155968,0.058247,0.084476,0.131908,0.124555,0.084974,0.076937,0.217701,0.400252,-0.002060,0.178391,0.145558,0.016592,0.293399,0.143467,0.080409,0.345446,0.162136,0.356688,0.123220,0.093933,0.105274,0.047705,0.139741,0.104903,0.238940,0.281557,0.300619,0.158983,0.101168,0.147239,0.047961,0.236741,0.200061,0.083761,-0.063435,0.110973,-0.011975,0.036948,0.128993,-0.023998,0.138241,0.261888,0.217655,0.189764,0.129732,0.102531,-0.060394,0.128653,0.185800,0.238252,0.069187,0.222836,0.174447,-0.010110,0.031087,0.417413,0.085027,0.158382,0.216689,0.123437,0.153754,0.249867,0.040665,0.130617,0.071580,0.136542,0.265482,0.142093,0.065047,0.002750,0.084967,0.122424,0.029334,0.180260,0.163311,0.129301,0.125338,0.059165,0.248208,0.064045,0.192555,0.248681,0.211363,0.199303,0.263546,0.065342,-0.013969,0.172687,-0.016280,-0.029717,0.012540,0.073961,0.073270,0.138050,0.043148,0.285383,-0.019556,0.265186,0.081059,0.247448,0.106486,0.233836,-0.002161,0.188921,0.224633,0.259817,0.173895,0.030599,0.068831,0.200049,0.101714,0.264537,-0.000208,0.222155,0.042777,0.197614,0.236865,0.076905,0.245219,0.132152,0.064957,0.112685,0.121426,0.219739,0.326708,0.212522,0.075771,0.308069,0.156581,-0.038432,0.151673,0.150337,0.112525,-0.061969,0.045896,-0.122163,0.142610,-0.018893,0.064694,0.048259,0.081145,-0.101967,0.037585,0.387554,0.240491,0.127951,0.206521,0.239061,0.238909,0.099546,0.096296,0.074792,-0.001067,0.170133,0.075918,0.089791,0.088585,-0.111956,0.165150,0.188135,0.282018,-0.024831,0.129814,-0.050999,0.065086,0.201972,0.223282,0.026004,0.223241,0.179721,0.310594,#
5,0.051145,0.097109,0.060245,0.081585,0.252037,1.000000,0.018065,0.155004,0.197498,0.163438,0.160921,0.097722,0.300181,0.045513,0.121811,-0.013509,0.074232,0.110549,-0.112614,0.200323,0.055513,-0.125811,0.131246,0.109063,0.164665,0.089919,0.139454,0.175123,0.153941,0.154713,0.169377,0.176246,0.232452,0.124826,0.007186,0.179547,0.201551,-0.019739,0.136228,0.048177,0.217912,0.186292,0.099419,0.246057,0.049329,0.119608,0.216880,-0.062270,0.265302,0.066848,0.138659,0.150870,0.110977,0.089086,0.084647,0.268744,0.075602,-0.100283,0.265270,0.061078,0.025501,0.206579,0.079328,-0.021607,0.218141,0.086018,0.103779,0.083074,0.141047,-0.039168,0.092741,0.163779,0.189641,0.113073,0.030717,0.053523,0.197482,0.120715,0.221855,0.094348,0.151129,0.092747,0.211929,-0.027796,0.095864,0.076855,0.136053,0.104302,0.107602,-0.123243,0.047853,0.215806,0.269547,0.290876,0.085195,0.260986,0.002574,0.125863,0.221240,0.072183,0.065023,0.093203,-0.173128,0.107286,0.086603,0.117983,0.126441,0.236564,0.103241,0.092100,0.177320,0.209665,-0.000341,0.106638,0.132262,0.036664,0.041051,0.067180,-0.030599,0.016615,-0.088021,0.170793,0.034374,0.112053,-0.062166,-0.038708,0.084444,-0.096099,0.108226,0.107538,0.289773,0.067588,0.164790,0.163302,0.274601,0.266298,0.098468,0.153382,0.113586,-0.059607,0.172137,0.115606,0.140696,0.206701,0.255828,0.136868,0.061691,0.044335,0.086518,0.112407,0.134441,0.001043,0.179367,0.122478,0.129849,0.153878,0.175125,0.029039,0.134533,-0.088331,0.164099,0.047013,0.148467,0.143220,0.040105,0.118175,-0.067659,0.141401,0.209671,0.207109,0.275724,0.157221,0.091359,0.132627,0.014532,0.126894,0.242285,0.182003,0.194916,-0.023367,0.168885,0.023774,0.330455,0.058907,0.022773,0.194371,0.161287,0.002583,0.047247,0.014788,0.085393,0.115794,0.018002,0.057303,0.114559,-0.008303,-0.101746,0.234372,0.063501,0.262999,#
6,-0.105587,0.230276,0.109701,0.199947,-0.006265,0.018065,1.000000,0.022131,0.207961,-0.008188,0.037101,0.123307,0.068250,0.098042,-0.115710,0.096261,0.038082,0.036065,0.051838,0.003245,0.092160,0.160105,-0.098357,-0.142730,-0.021103,0.162499,0.062863,0.077488,-0.047718,0.201235,-0.026911,0.044081,-0.012352,0.059547,-0.129485,-0.023417,0.018006,0.078436,0.043883,0.107203,-0.097350,-0.041668,0.032807,0.068474,0.004663,0.004457,0.003911,-0.021007,0.051429,-0.054728,-0.070716,0.056031,0.018439,0.105042,-0.052423,0.059303,-0.127831,-0.018924,0.048788,0.117758,0.161919,-0.068729,0.102895,-0.009625,0.064680,0.254833,0.001051,0.139679,0.005126,0.010223,0.092196,0.088307,-0.047084,0.124020,0.169991,0.039708,0.065915,0.088426,0.181812,-0.038654,0.003178,-0.061241,0.129207,-0.046320,0.082942,-0.001140,0.014223,0.098041,-0.131440,-0.031922,0.034482,0.029484,-0.075019,-0.075794,-0.011916,0.030081,0.098137,-0.025223,0.003097,0.153222,0.066573,0.145647,-0.010874,-0.075009,-0.178254,0.139158,0.029098,-0.009377,0.097106,0.087260,0.047192,0.093824,-0.013370,-0.272705,0.011603,0.121874,0.257579,-0.117125,0.007908,-0.013914,0.048349,0.031120,-0.096712,0.108401,-0.010385,0.065369,-0.014468,0.055178,-0.066847,-0.007385,0.056832,-0.064092,0.010458,-0.023390,0.099084,0.036350,-0.037060,-0.022318,0.086203,0.119825,-0.015643,0.133463,-0.063717,0.045148,-0.045931,-0.014132,0.125282,-0.051699,0.033783,-0.203645,0.225277,-0.067066,0.054259,-0.048181,0.215016,0.023208,-0.017638,0.146909,-0.012358,-0.068757,-0.130599,0.146321,0.244675,0.128417,0.101892,0.089789,-0.074975,0.042118,0.033713,-0.033479,-0.072833,0.009905,0.032045,-0.025927,0.097447,0.049213,-0.085580,0.053899,0.210930,-0.187601,-0.013653,-0.023047,0.104688,0.108953,0.160530,0.132743,0.005982,0.017641,-0.027954,0.144180,-0.009224,0.047032,-0.028297,0.147868,-0.093639,-0.038051,0.045851,0.140710,-0.017580,0.186239,#
7,-0.120419,0.145341,0.060820,0.044178,0.128880,0.155004,0.022131,1.000000,0.257144,0.081556,0.194152,0.316220,0.035901,-0.020995,0.179969,0.044563,0.133688,0.278093,-0.073517,0.095520,0.076793,0.078372,0.142380,0.042293,0.124627,0.098950,0.106142,0.130936,-0.071044,0.053058,0.059591,0.011165,0.065369,0.071788,-0.050843,0.058993,-0.014080,-0.106232,0.208827,0.127941,0.019855,0.087962,-0.002802,0.155980,0.240515,0.185892,0.160576,0.074742,0.122716,0.042893,0.140917,0.065940,-0.023707,0.189983,0.062807,0.086770,0.182096,0.258949,0.105935,0.003434,0.201712,0.108638,0.070616,-0.058087,0.199548,0.063741,0.079551,-0.030923,0.052689,0.290529,0.115691,0.063808,0.254448,0.083275,0.089316,0.078210,-0.044967,0.124932,0.150986,0.250012,0.179371,0.054868,0.131673,0.035633,0.101946,0.062393,0.059172,-0.049832,0.072386,0.123668,-0.102155,0.100063,0.079780,0.134051,-0.051219,-0.076395,-0.083516,0.116766,-0.048418,0.106291,0.101687,0.005194,-0.016238,0.069792,-0.049342,0.126735,0.211212,0.105343,0.050732,0.186826,0.027556,0.016362,-0.052771,0.048464,0.328428,0.178563,-0.099032,-0.120257,-0.075203,0.251283,0.016873,0.138571,-0.010992,0.163692,0.153757,0.074586,0.208122,0.182916,0.066948,-0.017849,0.044933,-0.000577,0.208237,0.021865,0.298739,0.224659,-0.184211,0.299927,0.104918,0.073952,0.159361,0.009693,0.035132,-0.009422,0.144882,0.088202,0.095584,0.067960,0.084791,0.074151,0.161374,0.092197,0.077906,0.168835,-0.031027,0.222968,0.152833,0.091618,0.105559,0.134013,-0.022118,0.009746,0.171248,-0.023814,-0.111685,0.280216,0.063737,-0.067066,0.045299,0.042738,0.117719,0.096450,0.168508,0.098844,0.143552,0.070930,0.050080,0.059204,-0.154549,0.185921,0.231115,0.132695,0.083145,0.076131,-0.164179,0.082255,-0.064759,-0.205747,0.129337,0.261541,0.165524,-0.028578,0.008233,-0.035570,0.074102,0.059461,-0.088765,0.160291,0.125845,0.121229,#
8,0.104723,0.260330,0.053758,0.287931,0.255390,0.197498,0.207961,0.257144,1.000000,0.177172,0.185764,0.177429,0.175318,0.071268,0.241832,0.126298,-0.022101,0.186235,0.099143,0.159406,0.046126,0.144671,0.161294,0.211658,0.025403,0.175265,0.067589,0.154607,0.007004,0.239741,0.009270,0.141232,0.021894,0.050561,0.034452,0.203175,0.203090,-0.042623,0.150217,0.077340,0.052098,0.215090,0.124121,0.120758,0.224565,0.097020,0.094812,0.084080,0.241284,0.131806,0.198834,0.334045,0.030563,0.342327,0.084332,0.369669,0.220960,0.250664,0.004630,0.199932,0.265890,0.137973,0.264942,-0.196693,0.183401,0.218788,0.126300,0.035552,0.248228,0.195404,0.224923,0.066153,0.188902,0.074042,0.190160,0.127339,0.141445,0.155956,0.216849,0.074943,0.241448,0.240258,0.119346,0.016427,0.268509,0.106237,0.132431,0.110425,0.045864,0.182707,0.118299,0.194290,0.067511,-0.003474,0.321613,0.235588,0.209862,0.054179,0.109827,0.096240,0.183302,0.103439,0.106841,0.160262,0.197268,0.063505,0.173470,0.197254,0.007868,0.201621,0.061409,0.050488,-0.039522,0.141458,0.274040,0.238117,0.056461,0.066780,0.021863,0.210171,0.138324,0.149403,0.187739,0.111468,0.099116,0.206026,0.118327,0.245797,0.026216,0.243750,0.124239,-0.074852,0.258001,0.232487,0.285680,0.239406,-0.002163,0.138181,0.198720,0.081491,0.196265,0.177287,0.279904,0.055307,0.061628,0.114971,0.267327,0.201369,0.151629,0.041880,0.268405,-0.031957,0.148281,0.205962,0.327111,0.363344,0.176759,0.264731,0.128118,0.166884,-0.003332,0.067609,0.072717,0.208116,0.148134,0.200059,0.143104,-0.089712,0.218082,0.153157,0.135625,0.164692,0.106591,0.070294,0.188689,0.101188,0.052891,0.198818,0.148492,0.109781,0.173877,0.177221,0.062550,0.093602,0.101646,0.153940,0.018680,-0.031718,0.122694,0.241248,0.213553,0.041669,0.119648,0.102346,0.334124,0.086587,0.048454,0.133786,0.117220,0.101990,#
9,0.088867,0.108964,0.095864,0.083822,0.137990,0.163438,-0.008188,0.081556,0.177172,1.000000,0.304297,-0.005022,0.089352,0.091880,0.133048,0.174721,-0.042955,0.029641,-0.093411,0.246358,0.005266,-0.058245,0.096130,0.142368,-0.037176,0.008494,0.164153,0.076570,0.058794,0.072294,0.266398,0.074151,-0.046806,0.162730,0.264094,0.083345,-0.074808,0.101043,0.134852,-0.107528,0.281361,0.031548,0.131750,-0.107996,0.090615,0.124039,0.110889,0.028971,0.077030,0.070170,0.046816,0.228822,-0.092324,0.049463,0.078398,0.257160,0.116323,0.153234,0.158586,-0.033316,0.210110,0.085082,0.196128,-0.009186,0.226687,0.138028,0.004999,-0.003709,0.058897,-0.050172,0.302891,0.200876,0.095319,0.052489,0.109220,0.075566,-0.022912,-0.024454,0.230327,0.154750,0.110777,0.217154,-0.050045,-0.078704,0.271835,0.043010,0.102056,0.138168,-0.122303,-0.184594,-0.019457,0.152602,0.140285,-0.110162,0.043805,0.115718,0.177458,0.203910,0.126555,-0.081492,0.089990,0.092078,0.248050,0.023588,0.298959,0.034660,0.114286,-0.032896,0.222787,-0.023400,-0.009291,0.084077,0.064281,0.288245,0.034465,0.087827,-0.104675,0.083339,0.081686,-0.047396,0.028233,0.210870,0.002657,0.158879,-0.054511,0.083222,-0.155803,0.153735,0.138466,0.244956,0.089796,-0.035585,0.027296,0.175254,0.130493,0.172823,0.110762,0.220460,0.117124,-0.187117,-0.058329,0.106563,0.176804,0.092291,0.071393,0.086651,0.105546,0.166991,0.021864,0.236828,0.087292,-0.148632,0.298508,0.161866,0.203164,0.161119,0.162282,0.187464,0.205261,-0.002691,0.107512,0.067830,0.014997,0.296545,0.040058,0.080117,0.019994,0.004622,0.278838,0.019474,0.114252,0.174196,0.007406,0.168143,0.089851,0.207201,0.129518,0.017072,-0.021826,0.011467,0.026866,-0.011001,0.190432,0.088926,-0.038506,0.066628,-0.059314,-0.003215,0.328945,0.087078,0.081756,0.091725,-0.084365,0.111639,-0.006706,0.155697,0.079376,0.054222,0.069911,0.107089,#
10,0.083773,0.271000,0.245817,0.218711,0.010996,0.160921,0.037101,0.194152,0.185764,0.304297,1.000000,0.099402,-0.039705,0.049051,0.087079,0.064668,0.044264,0.133815,0.073512,0.171403,0.005173,-0.005255,-0.097512,0.094231,0.083643,0.047766,0.078366,0.196413,-0.057551,0.157428,0.146856,0.142154,0.133809,0.063648,0.098168,0.101543,0.048852,0.022496,0.326207,0.070056,0.198277,0.078030,0.054749,-0.061229,-0.064374,0.113001,0.168550,0.120851,0.157415,0.203317,0.038444,0.183031,0.080440,0.174903,0.025256,0.212493,0.041925,-0.016306,-0.007016,0.186682,-0.025460,0.080637,0.110733,0.109918,0.263709,0.217730,0.181448,0.033720,0.070733,0.109178,0.078363,0.192954,0.157697,0.056311,0.090840,0.099509,0.070280,0.021772,0.102865,0.078615,0.222858,0.079357,0.218502,0.082650,0.307233,-0.113765,0.099309,0.148164,0.017798,0.069611,-0.031249,0.177912,0.129117,0.060323,0.059170,0.250367,0.084531,-0.066645,0.165844,0.045045,0.031593,0.009173,0.039850,-0.076022,0.165188,-0.122880,0.148812,0.287577,0.097500,0.040027,0.068634,0.104568,-0.008026,0.090348,0.296162,0.297888,0.028377,0.022184,0.011304,0.069787,0.043089,0.264423,-0.061190,0.101126,-0.025163,0.021703,0.118270,0.163206,0.144017,0.151505,0.213907,0.010464,0.005192,0.075981,0.077321,0.108259,-0.071006,0.414018,0.088230,-0.058409,0.214251,0.070451,0.167251,0.036356,0.124827,0.023922,-0.055570,-0.040242,0.025216,0.120158,0.105794,0.164135,0.215570,0.014919,0.194434,0.131225,0.224119,-0.167382,0.161799,0.040751,0.163158,0.015363,0.321361,0.145958,0.125670,0.138505,0.165765,0.009762,0.160617,0.247815,0.210829,0.124828,-0.053745,0.157782,0.056390,0.030270,0.157790,0.177421,-0.093152,0.028003,0.040733,0.098816,0.254462,-0.033984,0.102981,0.143218,-0.006373,-0.210877,0.141674,0.161597,0.208515,0.057025,0.082465,0.005448,0.221889,-0.031542,-0.110275,0.145522,0.140450,0.313611,#
11,-0.010728,0.225796,0.296027,0.145427,0.091123,0.097722,0.123307,0.316220,0.177429,-0.005022,0.099402,1.000000,0.042149,0.065717,-0.057406,0.026046,0.014947,0.221655,0.120875,-0.133998,0.042051,0.163346,-0.107990,0.035659,0.198411,0.295543,-0.025039,0.188606,-0.209610,0.224821,0.119195,0.056948,0.068187,0.076694,0.136493,0.154131,0.183597,-0.040530,0.150401,0.204736,-0.122495,0.123739,0.282234,0.186918,0.032110,0.155228,0.128532,-0.006485,0.115191,0.042256,0.110845,0.170281,0.039214,0.290074,-0.042940,-0.006837,0.025297,0.289492,0.146064,-0.044050,0.111806,-0.025967,0.190875,-0.029525,0.067749,0.216798,0.146080,0.230510,0.150184,0.185142,0.052184,0.031222,0.226275,0.044019,-0.036263,0.040989,0.025818,-0.005921,0.039140,0.112599,0.161355,0.123615,0.184756,0.043313,0.263734,-0.133382,0.068562,0.183854,0.124172,-0.034102,0.005749,0.197300,0.244857,0.416555,0.015576,0.133729,-0.010620,0.059588,0.143592,0.190882,0.116136,0.123425,-0.014619,0.172846,-0.018705,0.254895,0.205311,0.273819,0.169992,0.109361,0.173118,0.109512,0.068893,0.116603,-0.055112,0.273583,0.054238,0.049030,-0.133091,0.110551,-0.021739,0.089699,0.171989,0.123351,0.134828,-0.006822,0.048921,0.164377,0.178775,0.093404,0.023211,0.172680,0.250205,0.171965,0.149801,0.046938,-0.256507,0.299579,0.012270,0.200947,0.139342,0.031709,0.095227,0.188264,0.181549,0.045435,0.103539,-0.006658,-0.017070,-0.044809,0.069738,0.259064,0.038174,0.169237,0.140742,0.192643,0.076956,-0.060239,0.121526,0.032553,0.098036,0.250428,0.024200,-0.010594,0.047273,0.057358,0.266071,0.067266,0.128545,0.159433,0.080004,0.020409,-0.109174,-0.064663,0.106590,0.094767,0.107437,0.091146,-0.014247,0.023391,0.262830,0.084965,0.098384,-0.090453,-0.049328,0.073940,-0.039584,0.016448,0.058580,0.294049,0.093687,0.091165,0.195440,0.206913,0.295123,0.061809,0.093507,0.145579,0.066784,0.155424,#
12,0.033087,0.068029,0.029239,0.056718,0.180712,0.300181,0.068250,0.035901,0.175318,0.089352,-0.039705,0.042149,1.000000,0.054572,0.231329,0.069884,0.302669,0.146590,0.132525,0.247788,0.115358,0.119759,0.143979,0.267557,0.000607,0.151744,0.180187,0.190418,0.048065,0.106456,-0.020354,0.224393,0.149777,0.080495,0.109453,0.296220,0.138147,-0.021064,0.086988,0.087453,0.112887,-0.036913,0.192090,0.310326,0.305013,0.177394,0.261375,-0.104019,0.172702,0.071155,0.252602,0.096469,0.033561,0.251930,0.117783,0.179736,0.031132,0.111659,0.051174,-0.147333,0.085940,0.295105,0.004902,0.186886,0.293531,0.094749,0.029331,0.115249,0.151915,0.047263,0.100196,0.130081,0.175280,0.047825,0.260366,0.192780,0.131347,-0.008052,0.140999,0.047327,0.199072,0.126746,-0.063157,0.057941,0.107711,0.134428,0.120788,0.299527,0.250916,-0.021459,0.074740,0.078670,0.083295,0.167698,0.171306,0.169345,0.368641,0.160943,0.082556,0.106835,0.098091,0.182721,0.123253,0.122512,0.169796,0.011633,0.104862,0.042837,-0.054141,0.061188,0.313360,0.091101,0.113638,0.135464,0.104712,-0.064874,0.238390,-0.120766,0.104195,-0.094512,0.189610,0.138300,0.210809,0.225450,0.154310,-0.081995,0.171751,-0.029630,-0.029225,-0.022602,0.159136,0.026461,0.149983,0.112374,0.189866,-0.001414,0.182743,0.072653,0.248095,0.044616,0.130500,0.070279,0.161734,0.063185,0.034088,0.193578,-0.035290,0.130662,0.044886,0.108706,0.063139,0.177698,0.134399,0.129819,0.021113,0.235272,0.064548,-0.005300,0.029373,0.077166,0.038933,0.300285,0.165066,0.222323,0.177527,0.012189,0.209653,0.108805,0.051495,0.058019,0.136317,0.139304,0.082307,0.160397,0.197219,0.114704,0.167259,0.182524,0.145657,0.105455,0.143761,0.140250,0.173461,-0.023253,0.055515,0.082963,0.132303,0.187537,0.085334,-0.001548,0.058033,-0.046435,0.023181,0.101344,-0.013887,0.082412,0.106953,0.224236,0.151283,0.011353,#
13,-0.069242,0.015874,0.130692,-0.009171,0.025500,0.045513,0.098042,-0.020995,0.071268,0.091880,0.049051,0.065717,0.054572,1.000000,0.140165,-0.036112,0.210139,0.016208,0.101940,0.208070,0.140775,0.030413,-0.091661,0.045295,-0.113869,0.252533,0.236778,0.120807,-0.019288,0.071906,0.153621,0.131458,0.092145,0.069990,0.174185,0.108129,0.043963,0.042047,-0.099679,0.154222,-0.061238,0.167159,0.081699,0.042152,0.118284,0.127592,0.183167,0.033648,0.156794,-0.048905,0.091074,0.128420,0.037087,0.283739,-0.023395,0.190457,-0.002458,0.187597,-0.016133,0.112829,0.155918,0.115950,0.178398,0.020974,0.164386,0.066858,0.272310,0.214848,0.218626,0.041006,0.088235,0.105715,0.035068,-0.055949,0.188117,0.146419,0.202571,0.168492,0.241682,0.061638,0.089358,0.171885,0.040434,0.245291,0.147977,0.106510,0.175486,0.130639,0.075058,-0.063458,-0.004338,0.066928,0.040338,0.217856,0.030073,-0.022742,0.134977,0.026804,0.030442,0.253930,0.119045,0.231762,0.106386,0.224926,0.090801,0.109420,0.100583,0.072027,0.229175,0.132949,-0.044320,0.060989,0.317217,0.081502,0.246347,0.180026,0.205495,0.089934,-0.098035,0.167627,0.172018,0.117800,0.186410,0.087987,0.157226,-0.116193,0.011388,-0.135996,0.157544,0.120165,0.050595,0.081787,0.042805,0.070355,0.221376,0.081271,0.056084,0.138958,0.217496,0.112653,-0.206430,0.068043,0.337815,0.221221,0.142114,0.206945,0.067038,0.168569,-0.003511,0.036815,0.091976,0.108733,0.111497,0.226895,0.212954,0.232634,-0.038645,0.171097,0.154028,0.198417,-0.044105,0.250991,0.009658,0.315534,0.048781,0.025548,-0.034382,-0.053475,0.119346,-0.028958,0.107134,0.268825,0.062655,0.116624,0.082547,0.092858,0.048666,0.083073,0.131046,-0.077108,0.083502,0.222922,0.067240,0.084010,0.217041,0.163400,0.211267,0.018375,-0.051653,0.122880,0.133511,0.063508,0.026181,0.125332,0.032722,0.171745,-0.011866,0.012024,0.215485,0.111357,#
14,0.199982,0.016111,-0.092978,0.127453,0.143683,0.121811,-0.115710,0.179969,0.241832,0.133048,0.087079,-0.057406,0.231329,0.140165,1.000000,0.206277,0.136551,0.105473,0.178666,0.225963,0.115315,-0.023126,0.152818,0.300829,-0.006303,-0.026434,0.152723,0.139448,0.109771,0.073143,-0.050109,0.200578,-0.000472,0.066817,0.252349,0.085268,0.106467,0.108032,0.039917,0.235682,0.052722,-0.108629,0.179202,0.006248,0.246004,0.236412,0.110017,-0.076249,0.066130,0.158528,0.180172,0.053995,0.238419,0.236295,0.301618,0.227292,0.198508,0.035916,-0.003857,0.055501,0.292127,0.204370,0.094487,-0.049870,0.091498,-0.054820,0.181960,0.138233,-0.052352,0.206647,0.196503,0.027949,0.093247,0.219385,0.309479,0.055764,0.249295,0.117403,0.078174,0.067481,0.141764,0.160852,0.041974,0.121575,0.123416,0.155150,-0.050565,0.078414,0.019840,-0.021701,0.064544,0.171711,0.124444,0.093515,0.191158,0.057050,0.220345,0.070566,-0.023001,0.064794,0.177441,0.202662,0.037466,0.206754,0.171057,-0.080396,0.158775,0.053815,-0.102337,0.159539,-0.040814,-0.165647,0.015896,0.222482,0.084585,0.072201,0.042861,-0.054018,0.032171,0.124733,0.195854,0.215730,-0.060372,0.053998,0.115630,-0.020477,0.064915,0.126413,0.106834,0.243034,0.027099,0.019570,0.062001,0.021363,0.060033,0.168067,-0.110591,0.039495,0.056646,0.012216,0.105776,0.168292,0.215755,0.136501,-0.013728,0.314716,0.074186,0.091497,-0.065063,0.052353,0.203673,0.115771,-0.003378,0.131159,0.170601,0.232394,0.248551,0.092286,0.008091,0.166823,-0.042070,0.168621,0.113829,0.109540,0.098083,0.069011,0.093010,-0.064486,0.057402,0.260682,0.166592,0.120862,0.092673,0.093627,0.089819,0.022210,0.201909,0.196635,0.189951,0.033589,0.116139,0.187491,0.081428,0.019483,0.050916,0.034572,0.049960,-0.214867,0.063875,0.230742,0.010542,0.008432,0.010459,0.122334,0.044696,0.025215,-0.103017,0.059220,0.174447,-0.016770,#
15,0.270460,-0.022202,0.183707,0.082443,0.138071,-0.013509,0.096261,0.044563,0.126298,0.174721,0.064668,0.026046,0.069884,-0.036112,0.206277,1.000000,0.212301,0.223400,0.160142,0.158403,0.027804,0.035572,0.152932,0.247124,0.044166,0.205749,0.144782,0.065830,0.096084,0.201666,0.000604,0.136644,0.005181,0.163692,0.071924,0.029557,0.026373,-0.078394,0.136467,0.041372,0.100240,0.099128,0.169320,0.081075,0.154408,0.048059,-0.130314,0.019242,0.051982,0.201637,-0.155454,0.229520,0.103650,0.161037,0.165390,0.088340,0.118572,0.087122,0.176977,0.142208,0.144434,-0.077647,0.197575,-0.062013,0.107400,0.133013,0.049146,0.128753,0.023302,-0.067689,0.216980,0.091835,0.025162,0.093881,0.081387,0.023187,-0.035121,0.095677,-0.003113,0.104025,0.214625,-0.074347,-0.103034,0.219058,0.200466,0.083103,0.067805,0.258538,0.035547,0.111217,0.076694,0.124015,0.045089,0.065306,0.022712,0.047526,0.302666,0.010749,0.038878,0.108645,0.166443,0.062774,-0.078522,0.056559,-0.039079,0.013057,0.104806,0.025767,0.022255,0.108071,-0.033524,0.226683,0.006016,0.035712,0.016370,0.179605,-0.078456,-0.179092,-0.038806,-0.087266,0.149181,0.142878,0.106314,0.064388,0.122030,0.014615,0.063216,0.221592,0.016276,0.166252,-0.015409,0.051169,0.035867,0.071855,0.140136,0.149561,-0.054551,-0.044041,0.016084,-0.067739,-0.044194,0.160401,0.063433,0.046488,0.222874,0.044184,-0.010034,0.129334,0.288873,-0.001418,0.008849,-0.073951,0.058369,0.127807,0.011875,0.212228,0.132095,0.101471,0.066888,0.141836,0.024710,0.034182,0.207160,0.074108,0.052329,0.241414,0.112627,0.109061,0.154530,-0.037033,-0.058265,0.092800,0.017130,-0.011841,0.148631,0.001221,0.292786,0.106171,-0.067594,0.125275,0.170973,0.020426,0.048868,0.248420,0.017541,0.031214,-0.041177,0.117531,0.004469,0.082002,-0.099108,0.050428,0.081666,0.018152,-0.041337,0.124652,0.018096,0.092294,0.091350,-0.129619,#
16,0.144687,0.090930,-0.025694,0.037074,0.029877,0.074232,0.038082,0.133688,-0.022101,-0.042955,0.044264,0.014947,0.302669,0.210139,0.136551,0.212301,1.000000,0.071096,0.039535,0.396460,0.124276,0.082456,-0.002227,0.056326,-0.076181,0.196481,0.180960,-0.071895,0.000854,0.294654,-0.031889,0.226089,-0.030308,0.226662,0.120711,0.132623,0.065154,-0.055057,0.148573,0.067524,-0.132624,0.026120,0.177985,0.142317,0.117702,0.235704,0.024228,0.022120,0.110014,0.045627,0.036223,0.126300,0.220853,0.225836,0.087775,0.063086,0.022290,-0.004787,0.062302,-0.119461,0.007774,0.320410,0.196805,0.107306,0.127963,0.029222,-0.072414,0.344898,0.085918,0.142841,-0.100217,0.181585,0.256344,-0.023505,0.045357,0.129380,0.023125,0.260474,0.127891,0.029771,0.030916,-0.030410,-0.062967,0.217021,0.199343,0.125983,0.141679,0.145529,0.166320,-0.018711,0.045904,0.124634,0.105696,-0.010730,0.033999,0.041787,0.182205,-0.021604,0.023305,0.157411,-0.039410,-0.004188,-0.102975,0.005668,0.015690,0.063632,0.134592,0.097344,-0.038565,0.088917,0.125821,0.062739,0.096400,0.051713,0.216965,0.163698,0.071190,0.011489,0.023959,0.156329,0.221467,0.207540,0.143632,0.146535,0.280606,-0.047804,0.146105,-0.107487,-0.001949,0.139275,0.067270,-0.123936,0.262193,-0.234479,0.291951,0.203827,-0.053607,0.161368,0.092934,0.133734,-0.012926,0.085636,0.087747,0.023378,0.179034,0.043498,0.015345,0.110536,0.236396,0.176344,-0.116179,0.242001,-0.036150,0.079095,0.134767,0.145439,0.025240,0.119361,0.017811,0.090782,0.029799,0.201411,0.131802,0.150243,0.064117,0.042993,0.132323,0.034620,0.011248,-0.010684,0.021664,0.067544,0.006337,0.041629,0.051712,0.119968,0.001774,0.069836,0.173257,-0.036476,0.083915,0.137249,0.069862,-0.126139,0.022298,0.122181,0.135386,0.139586,0.097639,0.110181,0.232371,-0.182642,-0.180581,0.051099,0.058918,0.238802,-0.051637,0.083530,-0.051957,0.049367,#
17,0.157308,0.134392,0.009411,0.145676,0.129085,0.110549,0.036065,0.278093,0.186235,0.029641,0.133815,0.221655,0.146590,0.016208,0.105473,0.223400,0.071096,1.000000,0.046832,0.185483,0.212103,-0.031922,0.041494,0.214950,-0.056391,0.162944,0.139367,0.006806,-0.035101,0.139289,0.123760,0.024311,0.242526,0.005964,0.082107,0.172200,-0.179117,0.054255,0.262602,0.081214,0.169505,0.108083,0.046146,0.181688,0.074706,0.170740,0.156443,0.063206,0.060069,0.073064,0.090233,0.110590,-0.039076,0.169369,0.080606,0.180011,0.213778,0.114315,0.051646,-0.027935,0.139774,0.120602,0.087210,0.014291,0.140447,0.204861,0.169408,0.221803,0.089470,0.125252,-0.020611,0.227759,0.122926,-0.054521,0.045421,0.233885,-0.037059,0.027501,0.001706,0.219529,0.098145,0.069528,0.255654,0.106985,0.083508,-0.088433,0.216037,0.121615,0.127961,0.122242,0.092437,0.047494,0.217484,0.139404,-0.058073,0.142783,0.043431,0.152897,0.095170,0.107136,0.089002,-0.094431,-0.034336,0.183470,0.055717,0.100788,0.171816,0.145466,0.149986,-0.024305,0.080640,0.214045,-0.014658,0.162471,0.117490,0.155369,-0.018562,-0.007549,-0.022948,0.104289,-0.011402,0.201717,0.111148,0.091589,0.269639,0.070007,0.051591,0.086405,-0.002224,0.078103,0.170625,0.067893,0.151954,0.073877,0.191025,0.158225,0.061042,0.217479,0.113888,0.137094,0.166824,0.137028,0.143233,0.141176,0.163298,0.210852,-0.018523,0.131278,-0.006567,-0.009630,0.088045,-0.044051,-0.049769,0.110445,0.230723,0.293909,0.122941,0.072827,0.238316,0.089363,0.110650,0.144241,0.187507,0.193791,0.063575,0.177471,0.081531,0.135770,0.176835,-0.073308,0.156105,0.038292,0.013439,0.033348,0.144343,-0.012894,0.233665,0.110704,-0.145573,0.240588,0.176125,0.180001,0.137468,0.099681,0.000313,0.014589,0.056031,0.028478,0.116595,0.177477,0.138029,0.179923,0.101573,0.083172,0.222767,0.095092,-0.019884,0.087017,0.013226,0.105201,#
18,0.216343,0.005726,0.026784,0.213261,0.143750,-0.112614,0.051838,-0.073517,0.099143,-0.093411,0.073512,0.120875,0.132525,0.101940,0.178666,0.160142,0.039535,0.046832,1.000000,-0.026073,0.124711,0.104118,0.053343,0.223856,0.088585,0.099506,-0.011800,0.217997,-0.011275,-0.051539,-0.021248,-0.065164,0.076102,0.079633,0.220077,0.167363,0.226369,0.077177,0.029215,0.363907,-0.004341,0.135849,0.162931,0.050716,0.158389,-0.014921,-0.013693,0.015277,-0.039324,0.202680,0.153457,0.046319,0.173733,0.054695,0.129340,0.161962,0.076945,0.069893,-0.101205,0.005331,0.108439,-0.036615,0.202364,0.016968,0.172070,0.008555,0.227404,0.122852,-0.089349,0.008797,0.001888,0.017768,0.004134,-0.059060,0.045087,0.064913,0.019921,0.105718,0.021134,0.016587,0.046898,-0.002401,0.034456,0.219020,0.113640,-0.093764,0.135367,0.037208,0.128128,0.085455,0.203222,-0.003780,-0.068382,0.158714,0.044161,0.264347,0.263056,0.034860,0.017877,0.131171,0.089260,0.098571,0.065288,0.035215,0.230078,0.000523,0.099339,-0.009870,0.008468,0.038950,0.218998,0.102344,0.173931,0.065227,0.002301,0.120820,-0.024401,-0.235138,0.031380,0.139448,0.062063,0.080307,0.128402,-0.078699,0.079944,-0.090468,0.046616,0.134919,0.225094,-0.002394,0.005666,0.209913,-0.022896,0.148472,0.104212,-0.084938,-0.070225,0.132061,-0.074410,0.128484,0.004697,-0.029811,0.109590,0.088497,0.059448,0.120581,0.009937,0.101293,-0.080399,-0.013303,-0.039071,0.138041,0.009467,0.095727,0.089551,0.182871,0.161466,0.064411,-0.112241,0.312017,0.089425,0.129599,0.078970,0.146505,0.024458,0.199455,0.140625,0.052224,0.012514,0.230693,-0.146031,-0.014142,0.107831,0.090463,-0.060619,0.222684,0.146551,0.057272,0.184816,-0.085553,0.037131,0.025847,0.131029,-0.086277,0.057742,-0.114665,0.229871,0.004583,0.071020,0.088789,-0.019976,0.098204,0.123166,0.046833,0.098980,0.059749,0.005687,0.148741,0.178859,-0.009614,#
19,0.197912,0.195693,0.060928,0.160557,0.353295,0.200323,0.003245,0.095520,0.159406,0.246358,0.171403,-0.133998,0.247788,0.208070,0.225963,0.158403,0.396460,0.185483,-0.026073,1.000000,0.189289,-0.039416,0.116386,0.181101,-0.061863,0.329179,0.226822,0.076257,-0.007270,0.204244,0.203180,0.196477,0.067714,0.082798,0.072277,0.267483,0.058530,-0.118459,0.273607,0.106014,0.109807,0.157280,0.095818,0.061978,0.120410,0.229880,0.250712,0.227463,0.170096,0.264556,0.140036,0.216056,0.017515,0.278049,0.204621,0.271272,0.184882,0.058141,0.176031,0.040164,0.234977,0.322921,0.234840,0.173787,0.356261,-0.054364,0.109758,0.227567,-0.043529,0.181257,0.217952,0.132871,0.163685,0.078450,0.241170,0.338738,0.074944,0.254390,0.424221,0.099243,0.189990,0.153228,0.136177,0.151378,0.245122,0.064702,0.181257,0.264727,0.165925,-0.056434,0.077021,0.161635,0.153078,0.002272,0.021930,0.252699,0.245788,0.190350,-0.057388,0.098771,0.121987,0.045619,0.150609,0.183650,0.259734,0.233953,0.175252,0.304275,0.039414,-0.003608,0.134158,0.152946,0.085302,0.207468,0.242657,0.066026,0.221997,0.176266,0.113205,-0.153625,0.238958,0.234651,0.250231,0.253621,0.324187,0.036745,0.292228,0.115832,0.040285,0.224179,0.048313,-0.118893,0.221030,0.126089,0.313677,0.172058,0.017501,0.267873,0.143577,0.057970,0.033294,0.213905,0.180564,0.060671,0.179366,0.143616,0.021610,0.180330,0.214992,0.041046,0.100403,0.233055,0.087836,0.179709,0.306652,0.151955,0.178190,0.061554,0.137458,0.160203,0.251857,0.171173,0.180943,0.163065,0.172032,0.190917,0.039683,0.156706,0.307911,0.005726,0.121620,0.179582,0.227332,0.287889,0.128707,0.100320,0.234110,0.222166,0.170229,-0.017512,-0.025651,0.197170,0.209659,0.144202,0.203113,0.116365,0.061106,0.138641,0.179652,0.178401,0.312285,0.184921,-0.147462,0.055175,0.114921,0.284094,-0.031421,0.151265,0.214214,0.267398,#
20,0.024283,0.006356,0.205347,0.114910,0.345916,0.055513,0.092160,0.076793,0.046126,0.005266,0.005173,0.042051,0.115358,0.140775,0.115315,0.027804,0.124276,0.212103,0.124711,0.189289,1.000000,0.079861,0.053888,0.047486,0.144732,0.296645,0.133040,-0.043658,0.039512,0.040833,-0.063337,-0.053782,0.053829,0.047733,0.030616,0.005069,0.156319,0.030113,0.129669,0.178636,0.059231,0.167794,0.019213,-0.025317,0.253978,0.072909,0.268955,-0.022307,0.006691,0.062751,-0.143209,0.108365,-0.007756,0.188093,0.171827,0.161503,0.132393,0.115987,0.048434,-0.123877,0.225447,0.175355,0.164650,-0.029183,0.024415,-0.061388,0.005479,0.167605,0.116790,0.141432,0.188619,0.298543,0.075272,0.010411,0.054855,-0.076234,0.035813,0.250385,0.183249,-0.059481,0.110320,0.062154,0.110752,0.000757,0.147820,0.105867,0.105428,0.046537,0.239528,-0.024273,0.091644,0.049045,0.085484,0.097801,0.170130,0.053980,0.133085,0.154241,0.102177,-0.074953,0.149314,0.035146,0.109123,0.069947,0.131158,0.046986,0.081263,0.123844,-0.033757,0.131523,0.145408,0.204272,0.042704,0.023049,0.071243,0.212676,0.238278,0.034872,-0.068358,0.199490,0.040922,0.215473,-0.019642,-0.028616,0.074969,-0.032857,0.117105,0.054750,0.208223,0.084621,0.137649,0.028938,0.085874,0.090312,0.197652,0.037850,0.165180,-0.007657,0.116872,0.008818,0.177137,0.118597,0.195170,0.140048,0.156420,0.121348,-0.024386,0.141361,0.106525,0.215705,0.227242,0.065204,-0.105047,0.224382,0.091347,0.113779,0.109203,-0.018862,0.024333,0.269893,0.095338,0.178252,0.178153,0.189781,0.080492,0.040476,-0.084792,0.140889,0.086328,-0.003097,0.112596,-0.032541,0.000709,0.037028,-0.005455,0.050913,-0.003586,0.016629,0.198895,0.036068,0.052008,0.111484,-0.068897,0.033864,0.123284,-0.180658,0.125556,0.074664,0.047637,0.351997,-0.047104,0.098121,-0.022609,0.121717,0.151572,0.123123,-0.000690,0.205083,0.165130,0.141982,#
