0,1.000000,0.256736,0.294857,0.181436,0.274232,0.311866,0.250192,0.232549,0.265236,0.297240,0.326806,0.311676,0.221559,0.136365,0.332235,0.174745,0.301527,0.441425,0.198624,0.180375,0.306774,0.353738,0.285827,0.320234,0.257779,0.171994,0.234248,0.327189,0.368517,0.212891,0.194142,0.141462,0.319198,0.164963,0.161915,0.330298,0.349522,0.251089,0.310649,0.315533,0.137037,0.301732,0.156138,0.287013,0.205972,0.283574,0.392126,0.223364,0.323851,0.304723,0.385279,0.203434,0.244889,0.162537,0.426451,0.239019,0.309510,0.309619,0.256395,0.179250,0.282699,0.239892,0.246053,0.292376,0.375226,0.172115,0.343131,0.243051,0.251457,0.264788,0.414536,0.343181,0.353161,0.309902,0.203012,0.197667,0.175654,0.277549,0.276693,0.174924,0.372539,0.255464,0.299138,0.261750,0.227575,0.345242,0.270405,0.251308,0.351072,0.214571,0.270337,0.174789,0.161054,0.186727,0.314188,0.220657,0.297748,0.284911,0.294747,0.359839,0.285255,0.339947,0.203527,0.262620,0.192324,0.254661,0.259104,0.259024,0.219714,0.132432,0.196958,0.227140,0.269092,0.235884,0.173290,0.283724,0.328456,0.157074,0.368330,0.273198,0.364256,0.077390,0.170005,0.173568,0.193485,0.470701,0.118809,0.207577,0.167026,0.365644,0.290156,0.316054,0.233979,0.193688,0.214711,0.147261,0.333559,0.221707,0.295204,0.495283,0.247369,0.300223,0.278032,0.276912,0.309648,0.295410,0.241669,0.044760,0.294510,0.244726,0.311341,0.181876,0.288470,0.239623,0.199889,0.118884,0.124249,0.181682,0.310680,0.368720,0.297335,0.286320,0.090991,0.297584,0.339117,0.091797,0.101966,0.173108,0.304934,0.177555,0.393434,0.074494,0.379411,0.458316,0.209980,0.253429,0.362568,0.300505,0.319153,0.243224,0.237372,0.389997,0.153186,0.108455,0.158002,0.399797,0.288491,0.424543,0.290930,0.113597,0.310486,0.288608,0.067964,0.106594,0.295838,0.139777,0.204011,0.159320,0.290923,0.317115,#
1,0.256736,1.000000,0.136457,0.166575,0.408630,0.315303,0.263508,0.256557,0.133008,0.162662,0.294444,0.227106,0.249423,0.283440,0.127543,0.096184,0.087111,0.250594,0.265160,0.149375,0.135664,0.280557,0.166297,0.271802,0.336659,0.302075,0.264506,0.252806,0.328556,0.056033,0.300549,0.207649,0.421920,0.228748,0.247042,0.087545,0.207577,0.211760,0.233172,0.210544,0.211962,0.219824,0.384754,0.226251,0.247455,0.222558,0.312327,0.291049,0.285137,0.218605,0.434473,0.091756,0.301634,0.189338,0.298723,0.257015,0.294102,0.315748,0.362795,0.260716,0.246772,0.301036,0.213622,0.272358,0.269657,0.211670,0.180656,0.315424,0.257812,0.144884,0.354682,0.231770,0.336775,0.271429,0.276631,-0.039417,0.276535,0.216579,0.307790,0.244458,0.206803,0.389648,0.256201,0.375558,0.082536,0.199709,0.333059,0.306711,0.258219,0.362113,0.319319,0.356694,0.124328,0.178660,0.173921,0.264421,0.181026,0.219501,0.167358,0.178313,0.144538,0.171564,0.167766,0.243683,0.161792,0.136012,0.194185,0.314632,0.161111,0.194542,0.354857,0.230294,0.222474,0.246398,0.236261,0.299009,0.290404,0.134389,0.385179,0.269146,0.148399,0.233628,0.303999,0.204027,0.219875,0.367153,0.177294,0.127651,0.222071,0.192675,0.307101,0.225019,0.113009,0.192359,0.361576,0.312929,0.230033,0.171908,0.227919,0.396901,0.345909,0.182159,0.063342,0.134093,0.288037,0.203085,0.293915,0.070009,0.384536,0.249520,0.316837,0.207301,0.224127,0.115380,0.250689,0.186671,0.266734,0.311846,0.228680,0.070286,0.026520,0.304399,0.093796,0.255524,0.293767,0.375251,0.146353,0.296430,0.312187,0.255862,0.288128,0.175268,0.204445,0.221648,0.314623,0.167251,0.022510,0.311480,0.273052,0.168761,0.239156,0.209288,0.254433,0.206106,0.305903,0.304467,0.154060,0.384021,0.224235,0.286266,0.366651,0.214487,0.049111,0.078118,0.245484,0.287644,0.102327,0.253300,0.048350,0.266004,#
2,0.294857,0.136457,1.000000,0.328212,0.105638,0.333741,0.251846,0.241986,0.028538,0.121448,0.051607,0.252314,0.205020,0.147329,0.224433,0.118270,0.159071,0.235054,0.207564,0.156934,0.152217,0.308927,0.372037,0.307775,0.258686,0.185420,0.259871,0.132638,0.250080,0.165814,0.220528,0.198395,0.282971,0.159641,0.093846,0.233112,0.276689,0.284175,0.209731,0.150700,0.294942,0.252542,0.108236,0.089720,0.079612,0.348869,0.237311,0.281132,0.166906,0.203295,0.202092,0.298063,0.252465,0.192926,0.174329,0.306750,0.062720,0.263992,0.096960,0.193521,0.023829,0.284769,0.164178,0.252457,0.358661,0.276251,0.213577,0.067604,0.155588,0.319956,0.258942,0.050041,0.151290,0.283575,0.207278,0.276479,0.120940,0.213000,0.184685,0.358355,0.347459,0.113173,0.147978,0.172110,0.083403,0.271976,0.320973,0.235163,0.079493,0.276578,0.175901,0.170859,0.166355,0.052186,0.220249,0.115716,0.187026,0.115722,0.250336,0.210759,0.321356,0.262518,0.176980,0.128599,0.307319,0.148082,0.176013,0.249511,0.127402,0.190432,0.232108,0.226828,0.160834,0.132634,0.101867,0.179830,0.076807,0.244823,0.120621,0.079041,0.211060,0.201445,0.156500,0.086385,0.108099,0.223420,0.122068,0.188058,0.147703,0.261525,0.195791,0.237418,0.093151,0.040609,0.155995,0.264588,0.192730,0.274672,0.045883,0.130427,0.023215,0.176746,0.235691,0.209196,0.393109,0.190730,0.287001,0.057127,0.296653,0.179904,0.248644,0.272019,0.223241,0.190404,0.090735,0.067676,0.034842,0.179920,0.296452,0.100383,0.332827,0.249555,0.201716,0.287772,0.247027,0.056390,0.191282,0.267525,0.136625,0.166240,0.228635,0.241695,0.174387,0.245827,0.318334,0.212359,0.404285,0.285990,0.297803,0.214019,0.223992,0.120717,0.143471,0.122575,0.091714,0.310084,0.174500,0.230088,0.218133,0.033760,0.232868,0.140428,0.273044,0.111632,0.247456,0.038171,0.247513,0.059183,0.310165,0.239424,#
3,0.181436,0.166575,0.328212,1.000000,0.248380,0.140803,0.210112,0.242299,0.078576,0.206509,0.161273,0.284161,0.116313,0.195258,0.135826,0.099521,0.091913,0.233820,0.178360,0.119126,0.034358,0.235025,0.190151,0.306112,0.278741,0.196584,0.148809,0.065246,0.207702,0.108961,0.300884,0.252532,0.262878,0.366254,0.049424,0.202785,0.307900,0.308803,0.284382,0.091525,0.224050,0.213131,0.270732,0.150002,0.188312,0.333399,0.284488,0.194715,0.180783,0.247165,0.327017,0.136952,0.112963,0.154271,0.074203,0.293496,0.205813,0.313335,0.217390,0.265427,0.083260,0.170564,0.146873,0.347881,0.208206,0.225718,0.141059,0.321277,0.066258,0.161394,0.326008,0.011499,0.119078,0.305636,0.254999,0.206885,0.150508,0.260633,0.246728,0.299488,0.230611,0.224332,0.191889,0.235821,0.159882,0.221364,0.330406,0.176934,0.216874,0.346654,0.208420,0.215816,0.148350,0.253772,0.078342,0.167772,0.198444,0.085378,0.321230,0.182198,0.285963,0.176378,0.255428,0.158423,0.219525,0.156589,0.249030,0.211072,0.149030,0.005769,0.212390,0.227490,0.198410,0.221502,0.050140,0.161903,0.258917,0.166401,0.217700,0.169262,0.253717,0.140828,0.268447,0.218597,0.191583,0.194227,0.222434,0.084554,0.165092,0.297399,0.137980,0.247576,0.298938,0.253908,0.177820,0.242265,0.121369,0.075921,0.220737,0.320283,0.243062,0.163297,0.260934,0.204941,0.318500,0.137897,0.319155,0.157546,0.255957,0.186766,0.219090,0.141961,0.119681,0.172858,0.119207,0.099123,0.167708,0.222199,0.014560,0.292495,0.339266,0.212116,0.232955,0.367437,0.291378,0.262480,0.255688,0.192785,0.185382,0.244808,0.205867,0.170731,0.201759,0.326379,0.264300,0.179198,0.113961,0.207917,0.205069,0.105861,0.209833,0.291595,0.305315,0.304662,0.139957,0.237556,0.107055,0.330745,0.051657,-0.015291,0.231912,0.225246,0.245679,0.206676,0.078679,0.208700,0.182289,0.175680,0.230990,0.239583,#
4,0.274232,0.408630,0.105638,0.248380,1.000000,0.189868,0.362166,0.174064,0.221283,0.195981,0.249660,0.122986,0.212271,0.190833,0.059347,0.081654,0.103633,0.167428,0.241746,0.261088,0.113435,0.289593,0.233405,0.273739,0.202858,0.260873,0.113766,0.257053,0.359396,-0.015385,0.130498,0.163167,0.366751,0.138249,0.191044,0.127848,0.140215,0.304485,0.143385,0.177209,0.239470,0.264574,0.194504,0.149843,0.311928,0.214553,0.322868,0.274031,0.185726,0.331603,0.247941,0.055441,0.161239,0.219263,0.196335,0.182444,0.173509,0.212080,0.183435,0.259581,0.241834,0.188761,0.105205,0.164340,0.164226,0.063976,0.216571,0.173877,0.127986,0.162035,0.232295,0.216765,0.196112,0.158999,0.227368,-0.072303,0.183833,0.199044,0.077518,0.084118,0.301005,0.304053,0.150242,0.218018,0.184997,0.201951,0.192691,0.167139,0.242827,0.366557,0.268051,0.192699,-0.046541,0.194902,-0.008225,0.312453,0.132428,0.326361,0.377013,0.280883,0.250285,0.133065,0.156174,0.249237,0.233870,0.047107,0.076287,0.197014,0.128246,0.247786,0.357723,0.157063,0.245014,0.393247,0.176848,0.076758,0.191441,-0.025393,0.324606,0.056309,0.155521,0.269163,0.273677,0.096200,0.178462,0.306977,0.137838,0.133426,-0.088128,0.158887,0.212728,0.160769,0.228197,0.156696,0.294217,0.241967,0.150105,-0.022156,0.108589,0.300535,0.220918,0.034898,0.124022,0.283169,0.224968,0.110680,0.268736,0.021570,0.213363,0.362378,0.222628,0.230985,0.310160,0.218116,0.054927,0.027205,0.251651,0.145883,0.163756,0.171327,0.161108,0.144722,0.141608,0.358594,0.163776,0.369062,0.056806,0.062842,0.158273,0.182204,0.288979,0.053243,0.129946,0.172224,0.274901,0.105780,0.215424,0.198926,0.262948,0.027109,0.108722,0.153512,0.159788,0.126344,0.156379,0.230491,0.147374,0.384084,0.211941,0.119667,0.310569,0.146442,0.128090,0.085298,0.043507,0.229760,0.228801,0.368965,0.108929,0.182052,#
5,0.311866,0.315303,0.333741,0.140803,0.189868,1.000000,0.159360,0.255487,0.151631,0.272907,0.160210,0.195565,0.178134,0.094829,0.247595,0.259296,0.291167,0.322376,0.268990,0.062683,0.293013,0.359425,0.303517,0.434721,0.220603,0.254272,0.202299,0.268539,0.329919,0.137312,0.122978,0.299093,0.371937,0.147624,0.168195,0.134662,0.369345,0.144447,0.236761,0.328542,0.221258,0.264744,0.054584,0.293083,0.172854,0.287215,0.250288,0.158017,0.297618,0.274514,0.294942,0.183878,0.240764,0.111057,0.207546,0.189464,0.068821,0.366348,0.238335,0.259917,0.268997,0.276248,0.206848,0.269884,0.263387,0.232958,0.310124,0.281350,0.168156,0.197416,0.379828,0.133328,0.300034,0.417750,0.223726,0.141458,0.247321,0.229957,0.188889,0.310532,0.286228,0.269798,0.326811,0.133882,0.089393,0.376185,0.185343,0.226966,0.237639,0.312175,0.166373,0.325018,0.072381,0.168259,0.102520,0.186462,0.221285,0.040423,0.305268,0.148301,0.323116,0.278502,0.276454,0.294376,0.102831,0.161846,0.046342,0.333576,0.128762,0.202184,0.354015,0.161454,0.332876,0.114442,0.200940,0.213024,0.396996,0.247158,0.204238,0.239461,0.071353,0.181997,0.175018,0.156258,0.254113,0.237654,0.126807,0.001507,0.298916,0.393087,0.141592,0.379505,0.164539,0.170716,0.422664,0.207581,0.141483,0.111679,0.166100,0.261788,0.250716,0.260903,0.110874,0.223671,0.325095,0.120463,0.196627,0.176798,0.222433,0.151877,0.278923,0.179319,0.300984,0.346041,0.114288,0.176474,0.247652,0.155908,0.399499,0.086734,0.213424,0.175804,0.271350,0.141778,0.306909,-0.002204,0.097698,0.265945,0.251797,0.310549,0.159000,0.255615,0.336630,0.268099,0.162267,0.225202,0.182530,0.217272,0.330717,0.185389,0.293753,0.360557,0.211237,0.090348,0.246073,0.374017,0.225703,0.288270,0.205532,0.235870,0.402450,0.133020,0.158678,0.186717,0.305723,0.234700,0.128999,0.325543,0.151039,0.355732,#
6,0.250192,0.263508,0.251846,0.210112,0.362166,0.159360,1.000000,0.207170,0.082295,0.108442,0.209288,0.112934,0.059629,0.186228,0.068362,0.084908,0.176043,0.170524,0.197685,0.202500,0.172485,0.245790,0.163640,0.166615,0.155729,0.078221,0.086522,0.179280,0.275228,0.066216,0.073651,0.183283,0.257232,0.038377,0.046431,0.000400,0.154095,0.090236,0.276867,0.144178,0.227802,0.228870,0.185005,0.249982,0.052586,0.130100,0.343431,0.362343,0.200008,0.346388,0.115846,0.194243,0.281174,0.156384,0.068043,0.199836,0.232955,0.305092,0.240067,0.246677,0.013666,0.216776,0.036959,0.235301,0.102749,0.350731,0.203868,0.204490,0.176420,0.140308,0.268573,0.190140,0.288958,0.108545,0.141484,0.092190,0.174671,0.078889,0.159641,0.218610,0.306017,0.305572,0.251874,0.157052,0.126411,0.238386,0.184984,0.308163,0.270692,0.280663,0.274601,0.186610,0.076335,0.283399,0.146453,0.343545,0.153862,0.124924,0.292645,0.221779,0.282799,0.235514,0.044463,0.126955,0.070891,0.274109,0.091670,0.161434,0.155707,0.136913,0.247189,0.118278,0.259518,0.177372,0.147269,0.115270,0.299671,0.153326,0.275890,0.148824,0.102332,0.251641,0.180973,0.017194,0.135924,0.112260,0.087148,0.247573,0.012530,0.284248,0.175812,0.109181,0.260625,0.021237,0.344333,0.181119,0.119178,0.242886,0.174081,0.207104,0.119920,-0.006738,0.086579,0.379396,0.063119,0.189651,0.197111,0.041836,0.180950,0.136439,0.215438,0.129852,0.271416,0.229025,0.159506,0.110660,0.035320,0.091578,0.159272,0.135225,0.120748,0.176193,0.141215,0.154775,0.238654,0.142875,0.094820,0.153444,0.285711,0.278018,0.053984,0.136532,0.162300,0.194129,0.183413,0.235134,0.151059,0.260539,0.270337,0.026828,-0.049775,0.064453,0.074389,0.258406,0.215496,0.156057,0.179270,0.212300,0.249508,0.211851,0.200759,0.095912,0.270858,0.146145,0.130060,0.195239,0.143010,0.188443,0.085658,0.281132,#
7,0.232549,0.256557,0.241986,0.242299,0.174064,0.255487,0.207170,1.000000,0.063441,0.318213,0.228313,0.324831,0.162950,0.276217,0.074538,0.190386,0.113409,0.308921,0.208602,0.278144,0.187292,0.297814,0.401121,0.221702,0.327361,0.126351,0.204921,0.280348,0.367707,0.087172,0.321893,0.364393,0.398482,0.169209,0.149267,0.186942,0.197144,0.183915,0.259854,0.191799,0.109861,0.179916,0.346742,0.120139,0.154861,0.285350,0.190897,0.291214,0.391508,0.338043,0.396439,0.149436,0.148108,0.275712,0.305629,0.237338,0.183821,0.313966,0.193384,0.319639,0.207472,0.139460,0.199300,0.242415,0.339062,0.086974,0.185899,0.336879,0.175369,0.337035,0.284986,0.113686,0.345545,0.413602,0.271396,0.171839,0.273821,0.243182,0.270048,0.347554,0.274920,0.309026,0.320711,0.344443,0.173196,0.271937,0.403509,0.177747,0.250546,0.311523,0.304296,0.201491,0.233887,0.175241,0.162277,0.350106,0.120109,0.057156,0.202266,0.048115,0.363485,0.253289,0.213636,0.242029,0.169234,0.305207,0.257501,0.162799,0.270541,0.024643,0.194478,0.216333,0.179898,0.315685,0.286265,0.208390,0.205683,0.245891,0.309729,0.287719,0.254080,0.275338,0.245681,0.378995,0.334809,0.200948,0.234248,0.299142,0.211425,0.246229,0.177114,0.196350,0.208773,0.271173,0.375170,0.173180,0.147750,0.292934,0.306994,0.418494,0.327890,0.408998,0.042510,0.309274,0.253900,0.200396,0.336507,0.151747,0.323232,0.144810,0.290960,0.401413,0.124425,0.124023,0.107772,0.347618,0.208429,0.311238,0.173593,0.246388,0.222842,0.257562,0.127609,0.331684,0.332813,0.113423,0.249179,0.217271,0.348219,0.264074,0.292546,0.211535,0.224568,0.172929,0.150770,0.137719,0.187752,0.298646,0.109549,0.237950,0.165414,0.336995,0.085317,0.181443,0.080923,0.300367,0.324512,0.393619,0.106683,0.228405,0.281448,0.216205,0.144759,0.264231,0.051797,0.272802,0.323886,0.263395,0.227284,0.306384,#
8,0.265236,0.133008,0.028538,0.078576,0.221283,0.151631,0.082295,0.063441,1.000000,0.080264,0.236415,0.136184,0.165864,0.160378,0.231768,0.118053,0.133895,0.001889,-0.003008,0.199650,0.166574,0.101369,0.135787,0.120461,0.158434,0.101470,-0.051538,0.200937,0.100094,0.167018,0.047246,0.143057,0.167386,0.201161,0.121923,0.148600,0.161502,0.139249,0.173292,0.318098,0.079687,0.033813,-0.067334,0.143453,0.288716,0.244154,0.226897,0.191122,0.007717,0.109157,-0.002593,0.168987,0.053021,0.278751,0.164450,0.150818,0.064261,0.104111,0.120280,0.173030,0.134046,-0.057286,0.240211,0.220410,0.223476,0.094719,0.210619,0.165587,0.216537,0.129032,0.068576,0.187846,0.215003,0.127744,0.048610,-0.026256,0.147416,0.025452,0.144014,-0.008649,0.158785,0.136130,0.196985,0.010943,0.151950,0.131169,0.156006,0.068154,0.176447,0.099689,0.181803,0.100412,0.059848,0.133893,0.057382,0.309309,0.196524,0.054126,0.088550,0.088786,0.188836,-0.042515,0.083058,0.050411,0.103712,-0.063719,0.230433,0.106500,-0.047262,0.030338,0.053670,0.079296,0.037640,0.124319,0.084504,0.117340,0.252899,0.076558,0.011725,0.153262,0.164194,-0.020825,0.088490,0.034042,0.113872,0.232494,-0.053700,0.134723,0.001585,0.144326,0.141902,0.101283,0.030833,0.022892,0.247339,0.144628,0.116763,0.147502,0.207997,0.231216,0.099664,0.163509,0.286912,0.171326,0.115832,0.124003,0.181697,0.228898,0.165119,0.187764,0.098419,0.169052,0.177426,0.173745,0.160985,0.101127,0.053239,-0.003022,0.090175,0.167261,-0.037889,0.107464,-0.011791,0.192931,0.073838,0.086807,0.058773,0.183724,0.090136,0.122627,0.273175,-0.178259,0.063578,0.353097,0.147619,0.164386,0.053191,0.222220,0.119650,0.061561,0.143352,0.078548,-0.148346,0.138185,0.204855,0.078249,0.036912,0.102633,0.140362,0.003098,0.158560,0.106634,0.037510,0.069723,0.016481,0.086264,0.128382,-0.091715,0.148092,0.159984,#
9,0.297240,0.162662,0.121448,0.206509,0.195981,0.272907,0.108442,0.318213,0.080264,1.000000,0.320249,0.203157,0.086091,0.151430,0.217530,0.279243,0.132590,0.191161,0.142526,0.278663,0.122116,0.260228,0.301011,0.279646,0.220818,0.212423,0.171443,0.350117,0.283386,0.062784,0.318624,0.288019,0.217388,0.169738,0.166061,0.183852,0.097934,0.237865,0.293597,0.209864,0.251376,0.317899,0.169560,0.023637,0.235595,0.415908,0.293009,0.319978,0.227756,0.182749,0.342681,0.244239,0.197142,0.151570,0.251146,0.355515,0.383576,0.258708,0.108582,0.238647,0.100066,0.207974,0.279739,0.251794,0.251886,0.221654,0.134616,0.340883,0.280006,0.125200,0.246319,0.287178,0.160059,0.296995,0.286884,0.158072,0.348026,0.161548,0.308666,0.270750,0.259878,0.250258,0.328338,0.255934,0.226650,0.407457,0.407287,0.128940,0.245356,0.240230,0.146990,0.349999,0.092707,0.278118,0.213527,0.241153,0.374754,0.135398,0.237489,0.273572,0.377140,0.258904,0.325739,0.084392,0.221543,0.115024,0.242750,0.274748,0.200488,0.092972,0.164899,0.190232,0.244882,0.241599,0.184548,0.294923,0.312327,0.342307,0.449280,0.209271,0.341320,0.360440,0.295963,0.232239,0.342029,0.301636,0.004669,0.205278,0.090586,0.191573,0.211451,0.328983,0.130080,0.301076,0.346029,0.119516,0.224699,0.198041,0.161006,0.306612,0.147003,0.220890,0.146415,0.176970,0.309268,-0.034941,0.301651,0.180063,0.159431,0.288589,0.314554,0.246553,0.344452,0.239706,0.106528,0.294906,0.315063,0.233452,0.277517,0.218536,0.180423,0.116303,0.029017,0.385388,0.280399,0.280877,0.142558,0.236089,0.330568,0.315473,0.217200,0.262379,0.301304,0.270225,0.164008,0.163118,0.173643,0.066600,0.083125,0.346336,0.134547,0.321062,0.253628,0.180060,0.177832,0.253396,0.329762,0.360015,0.337936,0.126315,0.291871,0.246963,0.086729,0.217554,0.176144,0.288884,0.146135,0.063838,0.242615,0.264799,#
10,0.326806,0.294444,0.051607,0.161273,0.249660,0.160210,0.209288,0.228313,0.236415,0.320249,1.000000,0.063639,0.059994,0.249069,0.153996,0.073179,0.190232,0.152461,0.307185,0.193615,0.150776,0.138245,0.227575,0.077995,0.116054,0.106407,0.285089,0.215496,0.152134,0.137346,0.215022,0.175814,0.157303,0.123414,0.171709,0.216045,0.076619,0.180207,0.227850,0.141986,0.026474,0.074913,0.224252,0.027465,0.167023,0.262006,0.208914,0.315220,0.302711,0.269744,0.139871,0.222038,0.187260,0.185184,0.223410,0.215184,0.129087,0.264923,0.186385,0.079858,0.183993,0.209760,0.175787,0.275993,0.191022,0.170664,0.166697,0.195994,0.190444,0.088240,0.231105,0.141247,0.135146,0.171772,0.189419,0.165574,0.329735,0.063997,0.192743,0.047998,0.131152,0.309674,0.161122,0.207180,0.124727,0.230700,0.334707,0.101798,0.234906,0.173076,0.109239,0.154557,0.174333,0.074353,0.078087,0.184810,0.293654,0.003884,0.256787,0.279949,0.311094,0.215733,0.089951,0.197199,0.175154,0.038178,0.233754,0.174394,0.094604,0.120293,0.091790,0.110990,0.156628,0.186410,0.205378,0.306520,0.229091,0.004699,0.156404,0.108653,0.107816,0.007360,0.212074,0.137080,0.236542,0.201391,-0.033079,0.095885,0.041530,0.338798,0.201630,0.142990,0.135975,0.019780,0.238788,0.204428,0.144110,0.162241,0.046237,0.408309,0.221916,0.141308,0.285426,0.139244,0.150056,0.135487,0.062239,0.176551,0.153675,0.264318,0.151371,0.267760,0.242210,0.237878,0.194099,0.229935,0.269045,0.138404,0.132259,0.288464,0.049681,0.164169,0.153390,0.330456,0.169625,0.109953,0.045292,0.050146,0.128544,0.235299,0.168480,0.086185,0.273664,0.186097,0.191858,-0.012690,0.009816,0.222279,0.341663,0.292926,0.254780,0.167896,0.228904,0.121775,0.203746,0.118311,0.111808,0.276331,0.194992,0.175230,0.221254,0.145830,0.057070,0.110789,0.137914,0.320503,0.145686,0.250417,0.260956,0.299624,#
11,0.311676,0.227106,0.252314,0.284161,0.122986,0.195565,0.112934,0.324831,0.136184,0.203157,0.063639,1.000000,0.296957,0.109840,0.072257,0.255202,0.237966,0.329526,0.128884,-0.025064,0.188629,0.239465,0.254330,0.315998,0.322742,0.276431,0.063058,0.328382,0.074019,0.239840,0.303021,0.312847,0.289039,0.188891,0.123385,0.051709,0.349810,0.256526,0.170351,0.173252,0.266997,0.273338,0.244882,0.355140,0.073719,0.366515,0.218087,0.335357,0.228781,0.166869,0.371088,0.203077,0.140304,0.273168,0.189043,0.258817,0.389475,0.170703,0.248431,0.196199,0.164662,0.298004,0.303848,0.339696,0.357204,0.159396,0.281938,0.329290,0.192930,0.261876,0.241679,0.127637,0.217980,0.335615,0.367213,0.252684,0.208615,0.199608,0.445157,0.240281,0.310565,0.090096,0.252424,0.288036,0.295869,0.285703,0.444230,0.221342,0.180658,0.204981,0.433511,0.251267,0.218715,0.326405,0.223411,0.211676,0.124221,0.206575,0.197693,0.336584,0.323481,0.279478,0.216170,0.041169,0.222276,0.308258,0.184223,0.187837,0.236591,0.205137,0.178577,0.155909,0.269912,0.215735,0.002135,0.504567,0.309546,0.113208,0.317806,0.228365,0.150051,0.255308,0.300860,0.215751,0.220269,0.207818,0.322683,0.377337,0.274587,0.283832,0.144284,0.438118,0.066284,0.183766,0.173884,0.182809,0.115346,0.227896,0.124184,0.379832,0.188010,0.320002,0.168370,0.357718,0.290089,0.235095,0.387354,0.189911,0.375715,0.199941,0.228819,0.325194,0.161896,0.219799,0.259400,0.108990,0.167134,0.132566,0.139921,0.190325,0.234348,0.140075,0.091164,0.272976,0.476999,0.178885,0.207471,0.265273,0.480133,0.172737,0.313967,0.051947,0.244730,0.287776,0.201989,0.333109,0.373212,0.245792,0.167778,0.109692,0.356732,0.262554,0.177688,0.181522,0.160408,0.331828,0.275488,0.194100,0.204724,0.240195,0.036729,0.173249,0.204644,-0.009622,0.150663,0.155581,0.268239,0.130860,0.064173,0.352539,#
12,0.221559,0.249423,0.205020,0.116313,0.212271,0.178134,0.059629,0.162950,0.165864,0.086091,0.059994,0.296957,1.000000,0.087519,0.198394,0.191075,0.131111,0.224074,0.293535,0.214075,0.223079,0.078429,0.243497,0.252231,0.350974,0.082327,0.045356,0.280705,0.330738,0.237679,0.159801,0.261767,0.325453,0.202162,0.163406,0.111888,0.319810,0.146935,0.179014,0.223946,0.306778,0.203404,0.333530,0.225028,0.162309,0.384657,0.203751,0.133469,0.230395,0.142944,0.314203,0.067218,0.114798,0.261985,0.150214,0.180743,0.205945,0.288657,0.257385,0.281313,0.171116,0.278598,0.182177,0.200102,0.211750,0.191082,0.198527,0.134375,0.141243,0.081691,0.151050,0.225578,0.119322,0.174807,0.299785,0.206929,0.163187,0.162344,0.114718,0.196091,0.242335,0.145207,0.284940,0.254476,0.219141,0.359125,0.266921,0.220697,0.281275,0.323601,0.236304,0.223861,0.088560,0.242854,0.169329,0.047970,0.302347,0.242772,0.118531,0.135581,0.191222,0.238275,0.210844,0.211515,0.271649,0.195031,0.181181,0.161504,0.141566,0.351401,0.198950,0.025257,0.269738,0.257637,0.064705,0.301352,0.240747,0.297525,0.135487,0.191273,0.087647,0.302736,0.277953,0.189341,0.089907,0.308267,0.182099,0.096839,0.153255,0.087428,0.128672,0.314882,0.127263,0.118845,0.115907,0.226786,0.194420,0.204851,0.135745,0.277634,0.313314,0.313429,0.100916,0.141634,0.101845,0.162798,0.357713,0.127396,0.312045,0.182977,0.280404,0.447636,0.149382,0.203958,0.217948,0.093876,0.189986,-0.084312,0.111417,0.066410,0.258984,0.130654,0.111334,0.304506,0.227141,0.298973,0.159207,0.031238,0.252495,0.216346,0.125977,0.144852,0.301326,0.211823,0.275464,0.064310,0.208311,0.310260,0.008336,0.202257,0.254785,0.232329,0.216832,0.182072,0.232833,0.302612,0.185065,0.291728,0.145246,0.073603,0.317969,0.361848,0.134269,0.128109,0.125683,0.169343,0.221883,0.014679,0.235824,0.268255,#
13,0.136365,0.283440,0.147329,0.195258,0.190833,0.094829,0.186228,0.276217,0.160378,0.151430,0.249069,0.109840,0.087519,1.000000,0.185187,0.217035,0.089270,0.085052,0.156910,0.144672,0.085608,0.217400,0.188884,0.027361,0.329315,0.241515,0.196749,0.220225,0.155395,-0.006447,0.202583,0.153324,0.258737,0.153998,0.021983,0.126704,0.141525,0.213617,0.109679,0.066065,0.144163,0.168777,0.303455,0.090401,0.166192,0.145851,0.301483,0.218785,0.275870,0.154387,0.243964,0.164362,0.237777,0.084570,0.222045,0.423836,0.187317,0.236905,0.203017,0.251059,0.184858,0.165824,0.291007,0.221999,0.119032,0.102342,0.311028,0.172586,0.369310,0.247569,0.100783,0.163479,0.311981,0.140452,0.224635,0.007104,0.222586,0.217219,0.228070,0.211581,0.240976,0.337712,0.230056,0.336277,0.303736,0.180871,0.372415,0.200114,0.227653,0.372891,0.223760,0.195291,0.201150,0.121156,0.174525,0.197347,0.147499,0.035004,0.122229,0.210302,0.414451,0.184509,0.174215,0.029726,0.166123,0.249960,0.184319,0.165139,0.190856,0.114323,0.183903,0.092808,0.253495,0.207020,0.178400,0.086284,0.216635,0.127005,0.222962,0.210341,0.241548,0.310066,0.048446,0.183118,0.112707,0.190638,0.091398,0.170445,0.311497,0.206017,0.199573,0.116770,0.140650,0.186980,0.304116,0.129205,0.202152,0.242168,0.339485,0.251822,0.236837,0.199156,0.165820,0.162522,0.258243,0.310217,0.242086,0.127098,-0.033191,0.232331,0.289765,0.099073,0.260591,0.245855,0.269986,0.175717,0.084297,0.195661,0.157437,0.072837,0.091827,0.289870,0.067792,0.300760,0.189672,0.281185,0.056667,0.165554,0.289705,0.284656,0.294877,0.269908,0.267806,0.148467,0.192420,0.181895,0.098526,0.181327,0.291736,0.063711,0.209135,0.105078,0.123376,0.220032,0.036758,0.250861,0.178251,0.345963,0.249380,0.288415,0.063298,0.179327,0.202373,0.110106,0.152199,0.235095,0.213560,0.191229,0.242089,0.284969,#
14,0.332235,0.127543,0.224433,0.135826,0.059347,0.247595,0.068362,0.074538,0.231768,0.217530,0.153996,0.072257,0.198394,0.185187,1.000000,0.271925,0.071568,0.197145,0.240504,0.208871,0.094727,0.067860,0.284354,0.249109,0.251272,0.138948,0.156078,0.102226,0.244358,0.040055,0.119457,0.045754,0.161678,0.084865,0.175584,0.278964,0.223675,0.275946,0.285063,0.257938,0.263917,0.224033,0.286142,0.181736,0.142340,0.263758,0.313640,0.223170,0.190994,0.059724,0.348439,0.139576,0.080824,0.141033,0.272390,0.210060,0.198678,0.234793,0.122541,0.187557,0.199834,0.303158,0.131613,0.266036,0.250763,0.154553,0.162083,0.185320,0.191179,0.151423,0.090648,0.216900,0.028975,0.351405,-0.077970,-0.021599,0.080842,0.183225,0.071740,0.189031,0.246379,0.006833,0.255358,0.275132,0.132353,0.271568,0.102966,0.129350,0.204097,0.191175,0.246274,0.115392,0.190284,0.247425,0.174385,0.035946,0.209882,0.120586,0.298240,0.125851,0.115244,0.206879,0.168099,0.128737,0.100792,0.120423,0.297520,0.356619,0.164854,0.128941,0.034399,0.085584,0.233488,0.020422,0.132074,0.196072,0.070253,0.269654,0.227291,0.140765,0.244824,0.158471,0.168399,0.160917,0.071593,0.163876,0.021263,0.067364,0.002634,0.202026,-0.036220,0.268108,0.227003,0.022549,0.039925,0.081374,0.220674,0.167956,0.152455,0.162842,0.306644,0.292673,0.256436,0.082459,0.126325,0.106418,0.176695,-0.035899,0.117352,0.141307,0.188502,0.028053,0.124187,0.223164,0.079637,-0.000286,0.170547,0.151384,0.136296,-0.035983,0.155856,0.201389,0.028316,0.093409,0.239970,0.112125,0.195390,0.182224,0.099194,0.155249,0.281342,0.144236,0.240893,0.306942,0.243637,0.070055,0.269735,0.224637,0.224554,0.285137,0.245428,0.336317,0.107029,0.171397,0.168063,0.184302,0.137008,0.248412,0.055178,0.000443,0.210047,0.138090,0.134122,0.320138,0.129566,-0.016635,0.033208,0.125244,0.251432,0.298749,#
15,0.174745,0.096184,0.118270,0.099521,0.081654,0.259296,0.084908,0.190386,0.118053,0.279243,0.073179,0.255202,0.191075,0.217035,0.271925,1.000000,0.123773,0.345548,0.224052,0.058651,-0.030771,0.156511,0.215056,0.251646,0.307638,0.093407,0.170554,0.212653,0.207421,-0.029434,0.227204,0.265372,0.216483,0.202588,0.147066,0.097038,0.266238,0.275764,0.258087,0.226812,0.358589,0.239209,0.212071,0.152138,0.319652,0.214464,0.208736,0.229094,0.123961,0.165158,0.335860,0.112385,0.218500,0.162517,0.213034,0.107315,0.192390,0.313353,0.172301,0.263667,0.116513,0.197687,0.062731,0.155044,0.112805,0.114538,0.385637,0.342330,0.205651,0.122279,0.056499,0.365476,0.111987,0.210529,0.302489,0.184436,0.146489,0.275095,0.212315,0.131622,0.421693,0.142209,0.154817,0.228667,0.122035,0.280278,0.347401,0.054307,0.296141,0.257529,0.244172,0.050951,0.202747,0.396842,0.202270,0.169092,0.223400,0.142045,0.305623,0.229053,0.347284,0.249924,0.286208,0.203326,0.232278,0.098209,0.122811,0.110862,0.188509,0.277887,0.140897,0.172332,0.148228,0.072199,0.073804,0.330215,0.288167,0.171700,0.208751,0.265084,0.211469,0.277954,0.077705,0.282944,0.031677,0.167716,0.114242,0.153770,0.203881,0.105637,0.039862,0.342750,0.072071,0.189701,0.248515,0.207346,0.200639,0.012266,0.183881,0.137645,0.255223,0.255882,0.336900,0.130086,0.269204,0.207474,0.426645,0.043799,0.142430,0.252187,0.358127,0.128757,0.199599,0.462419,0.079855,0.335014,0.099896,0.208537,0.257031,0.157019,0.107717,0.159301,0.039488,0.240528,0.277805,0.205081,0.132453,0.089700,0.199877,0.298203,0.176417,0.166772,0.232878,0.151891,0.232886,0.085561,0.263981,0.194172,0.051166,0.271394,0.186936,0.266289,0.060890,0.097008,0.194127,0.272625,0.166734,0.237633,0.158983,0.093679,-0.020010,0.408021,0.073814,0.259665,0.096838,0.117288,0.113314,0.148003,0.031781,0.227870,#
16,0.301527,0.087111,0.159071,0.091913,0.103633,0.291167,0.176043,0.113409,0.133895,0.132590,0.190232,0.237966,0.131111,0.089270,0.071568,0.123773,1.000000,0.276819,0.109389,-0.046399,0.421077,0.160992,0.403072,0.116398,0.169640,0.151772,0.101725,0.041382,0.075052,0.050889,0.194344,0.378914,0.076263,0.165334,0.023438,0.124906,0.225397,0.093036,0.151683,0.270514,0.015156,0.261724,0.094670,0.228016,0.118884,0.169177,0.232730,0.147745,0.240865,0.088926,-0.032117,0.203761,0.338250,0.128559,0.142086,0.169192,0.000841,0.251680,0.189093,0.000809,0.073228,0.326795,0.104044,0.236141,0.271941,0.155208,0.214605,0.308191,0.021196,0.203420,0.105890,0.229567,0.184120,0.164353,0.232678,0.362007,0.138961,0.132382,0.278378,0.141503,0.109491,0.115015,0.094921,0.119308,0.147518,0.320423,0.380010,0.158676,0.222527,0.134685,0.172718,0.145535,0.098385,0.107822,0.122715,0.184521,0.119485,0.027926,0.305642,0.172298,0.248205,0.165368,0.019752,0.111679,0.070175,0.186504,0.129042,0.011709,0.107008,0.066843,0.165168,0.126955,0.205209,0.146046,0.189279,0.320418,0.206165,0.029913,0.089504,0.148383,0.072903,0.105832,0.285467,0.076894,0.148414,0.050571,0.055759,0.030150,0.127888,0.222875,-0.014797,0.236871,0.168868,0.068963,0.246945,0.180353,-0.012309,0.166011,0.156767,0.348226,0.022520,0.180340,-0.007814,0.262210,0.096463,0.122620,0.087316,0.023797,0.080628,-0.054386,0.201131,0.097751,0.159819,0.103483,0.157861,0.206774,0.062274,0.055445,0.179422,0.144206,0.041941,0.253413,0.212975,0.241937,0.066098,0.093681,0.108004,0.173475,0.151299,0.050775,0.006501,-0.070606,0.255035,0.032417,0.080302,0.224395,0.086729,0.129239,0.141689,0.080059,0.084965,0.203363,0.109479,-0.108685,-0.008804,0.025501,0.266909,0.223402,0.147314,0.087973,0.134431,-0.014552,0.025933,0.089223,0.243177,0.194038,-0.007259,0.105397,0.053459,0.241066,#
17,0.441425,0.250594,0.235054,0.233820,0.167428,0.322376,0.170524,0.308921,0.001889,0.191161,0.152461,0.329526,0.224074,0.085052,0.197145,0.345548,0.276819,1.000000,0.184269,0.234519,0.224673,0.345791,0.401480,0.406756,0.354098,0.175163,0.062695,0.173061,0.305514,0.170524,0.261288,0.395844,0.438225,0.245885,0.074703,0.137835,0.275809,0.461747,0.210054,0.058893,0.204678,0.192203,0.203803,0.294860,0.180313,0.302046,0.306361,0.226156,0.448203,0.308436,0.293326,0.088313,0.086092,0.294055,0.227852,0.180504,0.311796,0.463667,0.202848,0.312158,0.200350,0.273248,0.133148,0.265114,0.215408,0.257828,0.357511,0.373038,0.257398,0.380523,0.363720,0.267014,0.328573,0.339383,0.312958,0.342025,0.249161,0.352603,0.212508,0.243317,0.347893,0.291016,0.465286,0.296283,0.279640,0.307662,0.317388,0.243857,0.396071,0.351130,0.282480,0.188174,0.226456,0.226788,0.198754,0.170067,0.197951,0.328570,0.275819,0.292652,0.320574,0.243247,0.180054,0.293984,0.222505,0.281562,0.194237,0.426400,0.060766,0.061205,0.193539,0.117730,0.176484,0.273325,0.048016,0.328152,0.270038,0.190522,0.286634,0.315272,0.203202,0.137723,0.171959,0.247614,0.278014,0.337394,0.230085,0.237334,0.117707,0.206675,0.047690,0.297854,0.294536,0.353843,0.288806,0.205652,0.336700,0.071478,0.267350,0.409868,0.292975,0.350024,0.174217,0.230254,0.391252,0.283549,0.193131,0.099363,0.300835,0.080938,0.434205,0.141807,0.202367,0.381322,0.228058,0.264244,0.159819,0.251899,0.414632,0.266744,0.355156,0.286000,0.121728,0.180836,0.389894,0.244756,0.104911,0.296610,0.185426,0.210776,0.436412,0.247104,0.206253,0.353638,0.325507,0.106565,0.354761,0.276339,0.130335,0.291253,0.265386,0.527379,0.202151,0.007657,0.146019,0.298227,0.345202,0.362344,0.307558,0.200899,0.188323,0.373838,-0.012414,0.150146,0.334671,0.293873,0.350437,0.146961,0.177477,0.334537,#
18,0.198624,0.265160,0.207564,0.178360,0.241746,0.268990,0.197685,0.208602,-0.003008,0.142526,0.307185,0.128884,0.293535,0.156910,0.240504,0.224052,0.109389,0.184269,1.000000,0.235335,0.059057,0.149577,0.051392,0.267330,0.257632,0.270170,0.307892,0.176599,0.347920,0.037728,0.284301,0.280503,0.405356,0.102289,0.173880,0.227423,0.323407,0.180688,0.177993,0.169790,0.233500,0.173099,0.205866,0.143276,0.169896,0.181198,0.181415,0.177059,0.145021,0.165647,0.295686,0.041488,0.201030,0.314770,0.151255,0.065596,0.216045,0.374803,0.143979,0.101557,0.110276,0.233830,0.171936,0.372899,0.100188,0.311212,0.275454,0.311454,0.105527,-0.075661,0.096893,0.216594,0.149072,0.264861,0.218176,0.032193,0.078660,0.167554,0.287676,0.377648,0.376183,0.159766,0.186000,0.243369,0.178002,0.120858,0.290086,0.167975,0.274840,0.194309,0.278683,0.107738,0.165185,0.146557,0.182918,0.066425,0.331202,0.131169,0.172170,0.326381,0.188989,0.404583,0.261028,0.175548,0.251879,0.150048,0.113372,0.172772,0.153184,0.155541,0.261372,0.260472,0.116343,0.310551,0.085705,0.096114,0.169996,0.134565,0.294776,0.174579,0.038463,0.282049,0.205110,0.138384,0.144458,0.248083,0.105215,0.179441,0.171562,0.256678,0.166917,0.208585,0.210389,0.066753,0.276573,0.049157,0.124964,0.256465,0.221185,0.380601,0.343452,0.056279,0.110288,0.149662,0.204908,0.197653,0.118968,-0.026795,0.161759,0.136966,0.149548,0.210734,0.288506,0.236269,0.127638,0.261071,0.275468,0.262704,0.084504,0.206718,0.183011,0.218729,0.132152,0.236168,0.188745,0.200413,0.246404,0.200955,0.195434,0.195137,0.049800,0.155187,0.307411,0.098416,0.198895,0.005656,0.150764,0.403114,0.482998,0.236231,0.172369,0.307098,0.174494,0.066882,0.393851,0.304414,0.182876,0.411203,0.223701,0.165958,0.279820,0.165691,0.112711,0.242444,0.178422,0.162848,0.212171,0.214661,0.209964,0.356657,#
19,0.180375,0.149375,0.156934,0.119126,0.261088,0.062683,0.202500,0.278144,0.199650,0.278663,0.193615,-0.025064,0.214075,0.144672,0.208871,0.058651,-0.046399,0.234519,0.235335,1.000000,-0.046862,0.208605,0.226840,0.275791,0.182646,0.189813,0.087841,0.135163,0.225179,0.202339,0.084589,0.160954,0.231144,0.054650,0.190919,0.231691,-0.005662,0.175987,0.361125,0.165341,0.135456,0.086411,0.181415,0.015258,0.212164,0.314438,0.300024,0.309597,0.292705,0.206290,0.152557,0.110453,0.050285,0.338981,0.198170,0.178847,0.196817,0.263615,0.084479,0.214584,0.126137,0.132948,0.158995,0.156434,0.124304,0.179922,0.078943,0.218986,0.166156,0.162108,0.213225,0.183634,0.257449,0.061981,0.176050,0.018298,0.254155,0.286066,0.202387,0.134153,0.245637,0.153875,0.277991,0.072461,0.290025,0.195484,0.215284,0.110649,0.267511,0.272494,0.114045,0.239235,0.172473,0.108424,0.127343,0.194486,0.211575,0.209435,0.074872,0.137335,0.201433,0.168201,0.208576,0.141865,0.159197,0.081238,0.298609,0.404203,0.068159,-0.056983,0.241561,0.203320,0.228926,0.232008,0.196225,0.130366,0.188230,0.316606,0.252056,0.153019,0.204449,0.322324,0.136270,0.109485,0.324805,0.238702,0.085152,0.163267,-0.054742,0.120026,0.113001,0.053432,0.249406,0.201661,0.170999,0.178210,0.209163,0.150417,0.177637,0.329593,0.269499,0.132238,0.118471,0.120097,0.243535,0.128922,0.167302,0.287918,0.313584,0.037880,0.185053,0.154403,0.219704,0.222194,0.026554,0.175865,0.230053,0.179325,0.188550,-0.037166,0.146281,0.150780,0.191916,0.182226,0.159028,0.206841,0.107696,0.158090,0.078591,0.185763,0.352976,0.153577,0.210795,0.128908,0.191178,0.047396,0.097117,0.243314,0.015140,0.188357,0.134234,0.287914,0.040604,0.177180,0.171522,0.193765,0.213212,0.339244,0.150565,0.035175,0.271116,0.184896,0.136087,0.321593,0.147532,0.230005,0.190921,0.220709,0.315500,0.367990,#
20,0.306774,0.135664,0.152217,0.034358,0.113435,0.293013,0.172485,0.187292,0.166574,0.122116,0.150776,0.188629,0.223079,0.085608,0.094727,-0.030771,0.421077,0.224673,0.059057,-0.046862,1.000000,0.156002,0.250282,0.177876,0.204482,0.086951,0.063745,0.240224,0.104474,0.162928,0.133723,0.187445,0.213309,0.095112,0.221070,0.063933,0.149773,0.113714,0.098488,0.193192,0.039954,0.309406,0.187446,0.207990,0.086510,0.356556,0.156898,0.169967,0.289468,0.121071,0.087273,0.231381,0.389237,0.178434,0.150720,0.069226,0.178694,0.184855,0.031767,0.222852,0.170483,0.038789,0.186557,0.269812,0.315937,0.024644,0.160325,0.166865,0.173507,0.196435,0.185192,0.116797,0.385876,0.305452,0.129756,0.186998,0.236897,0.038798,0.008471,0.289347,0.086169,0.058021,0.324788,0.148243,0.040987,0.275377,0.301108,0.239042,0.228863,0.257160,0.176529,0.360758,0.129915,0.166744,0.059099,0.072810,0.143186,0.082202,0.103962,0.075587,0.103572,0.161972,0.081435,0.179083,-0.032807,0.202451,0.150624,0.053226,0.063561,0.192223,0.235128,-0.036025,0.236948,0.228215,0.134305,0.238538,0.328045,0.063477,0.041464,0.030099,0.021974,0.079012,0.241569,0.125354,0.215930,0.179042,0.214652,0.312693,0.091325,0.264478,-0.015404,0.259667,0.063268,0.010055,0.224511,0.167567,0.090692,0.331924,0.211512,0.361588,0.175581,0.275466,-0.117748,0.145732,0.226572,0.032834,0.140436,0.074776,0.042343,0.112946,0.147191,0.228574,0.095959,0.036983,0.216286,0.184512,-0.066814,-0.004744,0.129041,0.060336,0.120792,0.167095,0.111110,0.100762,0.274497,0.112899,0.018750,0.203478,0.181169,0.102466,0.131070,0.071337,0.102588,0.257470,0.131136,0.229744,-0.003939,0.070984,0.305162,0.260042,0.175713,0.188183,0.131073,0.149598,0.128037,0.154781,0.089330,0.194046,0.202506,0.093994,0.291678,0.089956,0.111734,0.120997,0.216930,0.230447,0.088142,0.128122,0.022915,0.176058,#
21,0.353738,0.280557,0.308927,0.235025,0.289593,0.359425,0.245790,0.297814,0.101369,0.260228,0.138245,0.239465,0.078429,0.217400,0.067860,0.156511,0.160992,0.345791,0.149577,0.208605,0.156002,1.000000,0.243430,0.376343,0.353576,0.176734,0.251102,0.284198,0.239637,0.145970,0.301378,0.344565,0.286513,0.306600,0.198882,0.263421,0.313891,0.287865,0.318796,0.130433,0.235421,0.356872,0.085591,0.186694,0.315818,0.262129,0.360692,0.277464,0.204364,0.331883,0.317787,0.082302,0.354227,0.276599,0.334803,0.214344,0.291072,0.338781,0.266202,0.191853,0.133066,0.238217,0.288302,0.240722,0.339163,0.192460,0.286789,0.327670,0.295531,0.356504,0.427625,0.131243,0.334463,0.243337,0.281617,0.145577,0.290122,0.182323,0.171389,0.260335,0.394486,0.294724,0.170148,0.186335,0.277175,0.251209,0.287073,0.266589,0.340347,0.352413,0.181480,0.193887,0.233214,0.178533,0.306827,0.299402,0.181929,0.285652,0.285586,0.309227,0.376493,0.230668,0.160294,0.305680,0.260063,0.339001,0.076992,0.292542,0.182601,0.112567,0.244122,0.204066,0.390755,0.240732,0.096846,0.241005,0.349355,0.093812,0.381319,0.334811,0.216734,0.281106,0.084433,0.365176,0.209930,0.360657,0.183891,0.285978,0.127350,0.171080,0.290105,0.112398,0.279346,0.238097,0.219626,0.176717,0.248527,0.167537,0.281438,0.400154,0.195514,0.334233,0.230742,0.188519,0.227716,0.212842,0.275221,0.266671,0.249475,0.137860,0.303831,0.229679,0.283398,0.370032,0.171848,0.221434,0.211402,0.291968,0.148883,0.232641,0.377460,0.118415,0.073001,0.273219,0.328019,0.147751,-0.052944,0.311983,0.177620,0.247177,0.291992,0.168355,0.340004,0.228051,0.171695,0.137483,0.269419,0.228172,0.315617,0.246774,0.197197,0.328031,0.111055,0.131689,0.165952,0.234268,0.279386,0.312088,0.415477,0.193193,0.272649,0.241217,0.190389,0.046906,0.340917,0.299169,0.283830,0.213785,0.107874,0.327359,#
