0,1.000000,0.808200,0.825929,0.793243,0.747188,0.837503,0.811606,0.818922,0.811085,0.765605,0.793326,0.824781,0.788642,0.803283,0.789753,0.783912,0.814235,0.846386,0.808062,0.801748,0.832496,0.786757,0.837894,0.824374,0.731561,0.787630,0.793552,0.790245,0.782352,0.816761,0.799281,0.813461,0.813284,0.799563,0.822968,0.795772,0.764386,0.820946,0.818955,0.838431,0.829609,0.785019,0.818555,0.789811,0.815523,0.763433,0.829356,0.832274,0.809398,0.834930,0.814168,0.815375,0.828516,0.827382,0.828542,0.850772,0.814032,0.850473,0.811218,0.804824,0.835690,0.784735,0.818645,0.809882,0.827001,0.814938,0.859242,0.802539,0.808959,0.754706,0.804410,0.807167,0.845423,0.832297,0.807710,0.802701,0.840659,0.803252,0.821152,0.791840,0.835280,0.807706,0.827995,0.837519,0.818527,0.845017,0.806777,0.817689,0.771617,0.808467,0.789094,0.823621,0.801701,0.820758,0.795152,0.801388,0.802381,0.784956,0.818987,0.859509,0.824897,0.801936,0.829446,0.830973,0.794784,0.815042,0.785465,0.822480,0.793877,0.745208,0.805431,0.819265,0.805472,0.773765,0.802965,0.837121,0.805323,0.782919,0.809380,0.797674,0.769428,0.867377,0.811586,0.864514,0.811879,0.807620,0.777901,0.798457,0.777863,0.784136,0.820454,0.819224,0.822387,0.773111,0.826296,0.802782,0.796473,0.812860,0.807061,0.821535,0.788378,0.784545,0.765681,0.830958,0.806898,0.716792,0.807877,0.767716,0.822793,0.832551,0.849067,0.820885,0.809812,0.803218,0.787257,0.779760,0.809949,0.819790,0.846068,0.823759,0.833005,0.823209,0.796832,0.825292,0.834767,0.810961,0.830519,0.808582,0.797457,0.787924,0.832907,0.808228,0.793396,0.840579,0.845016,0.782898,0.798616,0.836574,0.797030,0.793917,0.793045,0.811233,0.785653,0.779037,0.805928,0.779983,0.801664,0.816534,0.770102,0.798171,0.780487,0.821678,0.805313,0.815448,0.779236,0.807995,0.774856,0.836580,0.814628,0.794461,#
1,0.808200,1.000000,0.785377,0.823044,0.800174,0.837136,0.757797,0.798781,0.824414,0.794337,0.799527,0.798769,0.796755,0.786431,0.799834,0.803533,0.782152,0.796942,0.810367,0.822640,0.810154,0.860680,0.840489,0.810873,0.765380,0.740198,0.825454,0.829549,0.796667,0.761970,0.839045,0.842905,0.816056,0.838310,0.764336,0.794801,0.761463,0.845590,0.830870,0.815716,0.801569,0.762402,0.773421,0.796318,0.780198,0.787609,0.843083,0.796996,0.822917,0.818245,0.784184,0.833607,0.816914,0.785828,0.838995,0.812404,0.795817,0.835126,0.815649,0.770532,0.803502,0.802794,0.735207,0.762950,0.816607,0.823196,0.829947,0.827457,0.815961,0.811182,0.790658,0.811646,0.860190,0.766832,0.810349,0.818657,0.801990,0.781488,0.820310,0.782894,0.821730,0.782019,0.844289,0.846290,0.830597,0.808860,0.789304,0.822462,0.817466,0.809698,0.772986,0.796531,0.833540,0.826618,0.786198,0.800441,0.789527,0.790964,0.788860,0.825671,0.832287,0.821118,0.774640,0.803546,0.775937,0.817131,0.777874,0.833117,0.781572,0.755244,0.796498,0.772166,0.794648,0.806495,0.778641,0.790446,0.806081,0.805833,0.765922,0.751266,0.830015,0.824202,0.778468,0.815425,0.787805,0.777614,0.792817,0.802733,0.805254,0.834474,0.795416,0.846290,0.768430,0.772019,0.842744,0.804674,0.795478,0.793140,0.805567,0.770232,0.826979,0.797008,0.822056,0.852533,0.792424,0.788348,0.788731,0.757588,0.832081,0.798135,0.835282,0.848862,0.817928,0.764365,0.818499,0.761352,0.825388,0.824246,0.778690,0.797127,0.811575,0.846394,0.783368,0.846105,0.811049,0.782656,0.817142,0.786787,0.767090,0.784870,0.806186,0.794767,0.783096,0.831162,0.808743,0.777296,0.783267,0.854057,0.746204,0.812719,0.796499,0.797291,0.793277,0.787506,0.793170,0.836762,0.822030,0.743102,0.785349,0.784255,0.821948,0.780804,0.798660,0.793448,0.824387,0.742714,0.785888,0.828671,0.786260,0.790367,#
2,0.825929,0.785377,1.000000,0.783890,0.756362,0.800761,0.771355,0.796278,0.796032,0.745646,0.761701,0.734406,0.748799,0.787962,0.778947,0.761180,0.761495,0.793572,0.765985,0.794592,0.772274,0.770864,0.776759,0.835350,0.731236,0.747996,0.828698,0.802398,0.824742,0.801486,0.807277,0.768022,0.785329,0.760871,0.788089,0.787157,0.755459,0.799512,0.827965,0.778128,0.764554,0.775091,0.795145,0.768029,0.746901,0.745801,0.832356,0.757118,0.768649,0.818005,0.785658,0.810884,0.816013,0.810118,0.837375,0.821352,0.799173,0.774068,0.785327,0.760558,0.839586,0.793881,0.761452,0.805243,0.789812,0.819315,0.797284,0.788217,0.788752,0.789874,0.786896,0.768688,0.823309,0.795748,0.809649,0.795827,0.789255,0.781820,0.779875,0.792896,0.814404,0.800425,0.830375,0.804025,0.841293,0.814170,0.764659,0.821214,0.729517,0.764449,0.791509,0.807305,0.831997,0.795502,0.782444,0.791700,0.771129,0.760035,0.845046,0.823706,0.800812,0.771013,0.775827,0.781897,0.715476,0.801501,0.803753,0.778281,0.787191,0.728388,0.790846,0.749937,0.806883,0.759040,0.751641,0.755627,0.760751,0.792475,0.797109,0.735464,0.783555,0.775429,0.743920,0.830266,0.788256,0.750074,0.780947,0.772505,0.767204,0.802505,0.826523,0.818771,0.825653,0.802387,0.803448,0.787129,0.789558,0.799507,0.829055,0.758147,0.754137,0.812412,0.704460,0.772160,0.746975,0.794233,0.771863,0.749610,0.783172,0.799012,0.822032,0.805422,0.783720,0.798107,0.769412,0.770911,0.781018,0.746262,0.772565,0.744481,0.752044,0.756207,0.768918,0.809791,0.775058,0.789495,0.832290,0.759488,0.751184,0.763268,0.799578,0.766346,0.782875,0.763332,0.824345,0.767557,0.732984,0.809596,0.772791,0.756717,0.756395,0.827200,0.734203,0.820235,0.758809,0.783443,0.785948,0.768493,0.771720,0.777420,0.774843,0.783611,0.844505,0.786192,0.761193,0.789151,0.736430,0.797710,0.757030,0.801048,#
3,0.793243,0.823044,0.783890,1.000000,0.797448,0.809739,0.767260,0.787846,0.815754,0.786967,0.792315,0.769225,0.796925,0.777781,0.759046,0.810652,0.770483,0.777794,0.811849,0.795968,0.761480,0.828614,0.793336,0.779942,0.766349,0.779608,0.802116,0.797100,0.777062,0.772631,0.793050,0.828489,0.798414,0.821474,0.795752,0.783673,0.750910,0.821289,0.742970,0.805134,0.795341,0.755822,0.783376,0.798762,0.765943,0.835922,0.835936,0.777179,0.828707,0.786076,0.806451,0.757052,0.813436,0.776167,0.789009,0.833544,0.761438,0.802407,0.849407,0.783665,0.782348,0.786368,0.736958,0.803883,0.837035,0.821639,0.780339,0.815566,0.756637,0.774548,0.765553,0.814472,0.841333,0.779059,0.777107,0.785915,0.781678,0.781389,0.791077,0.802458,0.814531,0.738262,0.811120,0.818881,0.828372,0.829334,0.786147,0.795503,0.765532,0.777673,0.769979,0.824625,0.836564,0.819187,0.775288,0.806603,0.753770,0.754875,0.812344,0.815371,0.752046,0.785227,0.752891,0.769023,0.798191,0.794129,0.755731,0.795540,0.772320,0.756866,0.785736,0.755244,0.766595,0.784697,0.762811,0.805035,0.761531,0.748651,0.802871,0.740139,0.764117,0.805879,0.769864,0.782406,0.766187,0.770528,0.795423,0.788848,0.774477,0.772939,0.765717,0.813316,0.746681,0.806200,0.844531,0.803543,0.831803,0.751763,0.760689,0.748360,0.761205,0.797433,0.781469,0.762792,0.750355,0.808617,0.746325,0.771921,0.808390,0.787043,0.799920,0.808818,0.766651,0.784242,0.782003,0.741179,0.809807,0.769769,0.777811,0.778182,0.796444,0.793511,0.745030,0.820816,0.793930,0.782146,0.808265,0.749953,0.778829,0.761214,0.780205,0.813843,0.767243,0.809247,0.781948,0.790994,0.768918,0.804179,0.786628,0.789032,0.724764,0.826784,0.750619,0.778521,0.763461,0.794892,0.779049,0.721644,0.796937,0.830493,0.780081,0.762591,0.761591,0.747852,0.767548,0.793346,0.748656,0.774013,0.758003,0.807273,#
4,0.747188,0.800174,0.756362,0.797448,1.000000,0.836251,0.780290,0.776438,0.748067,0.772530,0.755966,0.775533,0.750776,0.801794,0.736529,0.780809,0.792131,0.818017,0.797733,0.837746,0.791490,0.784126,0.769406,0.811669,0.736908,0.745230,0.801754,0.766124,0.760877,0.775916,0.838593,0.785599,0.829102,0.757023,0.763498,0.770786,0.744988,0.801688,0.771343,0.802895,0.793248,0.748734,0.751175,0.793815,0.749690,0.786324,0.806536,0.786135,0.811359,0.792051,0.782530,0.766003,0.818960,0.741258,0.815042,0.831360,0.774621,0.787306,0.822786,0.791939,0.734825,0.776740,0.754044,0.767412,0.820761,0.806831,0.814570,0.780022,0.770187,0.769343,0.780233,0.818973,0.809331,0.794671,0.756561,0.761741,0.760499,0.811333,0.797294,0.801859,0.765113,0.756844,0.835004,0.768385,0.808430,0.776548,0.747380,0.745546,0.783097,0.792085,0.757759,0.772331,0.767843,0.794473,0.722338,0.757164,0.768741,0.747977,0.758202,0.794443,0.820103,0.807182,0.797742,0.760168,0.766628,0.772401,0.778021,0.774466,0.795947,0.762408,0.761289,0.757234,0.796363,0.832188,0.759411,0.753125,0.783690,0.815196,0.760290,0.708235,0.779037,0.800134,0.819965,0.793390,0.761936,0.794814,0.732717,0.784301,0.840531,0.781844,0.843485,0.799433,0.755089,0.778861,0.839286,0.805304,0.793662,0.793630,0.762743,0.718096,0.742094,0.814542,0.786908,0.790563,0.744124,0.736906,0.809395,0.718997,0.779679,0.812117,0.811071,0.852283,0.746507,0.739670,0.813313,0.770729,0.828556,0.746329,0.784086,0.745137,0.756222,0.779712,0.823558,0.791072,0.800016,0.761353,0.767096,0.736739,0.776036,0.766308,0.781758,0.789356,0.772033,0.766129,0.831948,0.785729,0.768811,0.802690,0.761217,0.777797,0.781077,0.787840,0.795560,0.756465,0.828852,0.799527,0.779560,0.802975,0.747654,0.749328,0.769780,0.722939,0.751919,0.793106,0.772239,0.747181,0.768061,0.777770,0.791224,0.754223,#
5,0.837503,0.837136,0.800761,0.809739,0.836251,1.000000,0.772853,0.815185,0.818072,0.764850,0.779669,0.783940,0.739840,0.749748,0.772129,0.833490,0.776307,0.818984,0.787379,0.812622,0.793801,0.801987,0.797064,0.802928,0.744778,0.794108,0.847075,0.832948,0.767132,0.784630,0.837265,0.822750,0.806994,0.807929,0.786656,0.810752,0.767345,0.807663,0.808186,0.809077,0.813310,0.743742,0.752515,0.789026,0.799422,0.807910,0.834032,0.814592,0.815153,0.790372,0.801623,0.776646,0.802947,0.829405,0.793412,0.875755,0.811564,0.820267,0.861595,0.820943,0.798572,0.806466,0.781074,0.835271,0.804482,0.821087,0.801755,0.803092,0.780379,0.795103,0.831550,0.807429,0.845765,0.807566,0.777132,0.782703,0.825217,0.797158,0.782581,0.776873,0.840515,0.792908,0.820174,0.821128,0.826570,0.831541,0.798816,0.814598,0.785598,0.785041,0.768719,0.794639,0.813222,0.821732,0.766920,0.758446,0.795765,0.759301,0.829071,0.812298,0.844607,0.818513,0.857110,0.805887,0.791374,0.801569,0.788887,0.817727,0.761161,0.788520,0.773372,0.807423,0.801224,0.776241,0.738517,0.764613,0.815404,0.796089,0.755444,0.780627,0.782940,0.818075,0.813517,0.862430,0.763589,0.815314,0.809294,0.804345,0.822321,0.792924,0.846981,0.842913,0.827753,0.823496,0.810088,0.789185,0.822074,0.802966,0.770998,0.779457,0.778713,0.771555,0.796093,0.833263,0.831026,0.741887,0.784576,0.777092,0.796376,0.830837,0.848664,0.839446,0.772623,0.779156,0.780775,0.754350,0.837350,0.818065,0.813347,0.817121,0.792004,0.836396,0.802541,0.817593,0.819131,0.785424,0.779239,0.802091,0.771518,0.778477,0.844827,0.803819,0.779515,0.789031,0.826124,0.778878,0.735441,0.818177,0.806262,0.825186,0.816443,0.802501,0.772549,0.790033,0.826267,0.799854,0.799322,0.794581,0.780748,0.815018,0.754858,0.817511,0.779467,0.802432,0.750567,0.768252,0.774981,0.817482,0.809973,0.804103,#
6,0.811606,0.757797,0.771355,0.767260,0.780290,0.772853,1.000000,0.765551,0.782910,0.756462,0.780244,0.761536,0.783471,0.810949,0.718022,0.771613,0.803647,0.824955,0.779358,0.759437,0.817236,0.751867,0.754543,0.789043,0.762709,0.776404,0.783570,0.774759,0.768321,0.796027,0.800059,0.811702,0.824950,0.810996,0.789635,0.777179,0.756013,0.780526,0.768273,0.790484,0.786575,0.785952,0.780127,0.792394,0.803652,0.719876,0.820745,0.777805,0.839548,0.827663,0.813366,0.813261,0.828151,0.701927,0.832789,0.819812,0.813666,0.828247,0.838129,0.748009,0.794060,0.785334,0.751619,0.764972,0.843204,0.782079,0.849085,0.785217,0.799641,0.744478,0.780081,0.818935,0.806610,0.811466,0.757408,0.767873,0.788237,0.802070,0.790618,0.755391,0.813122,0.788406,0.786924,0.838803,0.777813,0.790277,0.775530,0.778797,0.797980,0.808972,0.753629,0.781935,0.745345,0.796083,0.741165,0.774323,0.795909,0.779028,0.788217,0.789792,0.815552,0.797363,0.801261,0.800127,0.775977,0.737099,0.797597,0.767828,0.786654,0.709003,0.727279,0.756425,0.747998,0.760604,0.750018,0.748979,0.771833,0.786796,0.762667,0.761905,0.775498,0.798582,0.756533,0.838111,0.800823,0.796624,0.736632,0.790987,0.740697,0.759094,0.803845,0.795118,0.764288,0.729087,0.800359,0.798052,0.799025,0.790964,0.818418,0.776449,0.792654,0.789634,0.744770,0.799708,0.751950,0.778809,0.803195,0.749924,0.772129,0.767310,0.795960,0.834459,0.735000,0.726668,0.744655,0.734480,0.826904,0.719481,0.786325,0.795673,0.808352,0.791602,0.758471,0.802281,0.809197,0.796462,0.818965,0.711738,0.777442,0.770508,0.817562,0.777544,0.729710,0.738940,0.782265,0.799759,0.775770,0.805763,0.768889,0.768874,0.779474,0.764332,0.796578,0.793540,0.753403,0.789416,0.766303,0.795447,0.726054,0.771713,0.735494,0.759393,0.753341,0.769811,0.803373,0.806222,0.780348,0.805341,0.777479,0.772843,#
7,0.818922,0.798781,0.796278,0.787846,0.776438,0.815185,0.765551,1.000000,0.841450,0.776685,0.774463,0.753926,0.785140,0.791565,0.783953,0.760795,0.776169,0.798701,0.802650,0.788099,0.800861,0.772189,0.839490,0.802062,0.760608,0.813195,0.809040,0.806985,0.781586,0.821825,0.763725,0.803026,0.769625,0.787275,0.783835,0.799882,0.782551,0.781186,0.800197,0.786137,0.805319,0.772626,0.793283,0.787893,0.773529,0.769000,0.811108,0.807809,0.796985,0.769313,0.813401,0.781709,0.819798,0.836207,0.812231,0.815526,0.790566,0.808684,0.808659,0.794539,0.755028,0.781370,0.778086,0.798194,0.820983,0.838712,0.851681,0.811800,0.821917,0.766398,0.815160,0.740036,0.836549,0.813084,0.786852,0.775848,0.812514,0.777998,0.784048,0.765348,0.818307,0.790630,0.826948,0.788236,0.822934,0.792319,0.842210,0.791413,0.766757,0.781656,0.789905,0.831615,0.797523,0.787156,0.796812,0.767223,0.815059,0.812024,0.819695,0.812376,0.810625,0.766569,0.798849,0.776650,0.761564,0.781190,0.781235,0.813570,0.777145,0.739546,0.841362,0.785626,0.807393,0.799866,0.730226,0.782252,0.771865,0.767814,0.751304,0.779648,0.794298,0.786169,0.771815,0.838521,0.831954,0.796057,0.766172,0.799347,0.751444,0.767058,0.808053,0.810933,0.798286,0.747689,0.819019,0.827888,0.818810,0.801040,0.765720,0.773198,0.779874,0.809078,0.800208,0.792926,0.789906,0.772791,0.805147,0.709234,0.803399,0.802770,0.783368,0.812414,0.806748,0.741421,0.778273,0.797840,0.810989,0.786867,0.821419,0.775103,0.814349,0.773669,0.830001,0.776918,0.820850,0.776469,0.830594,0.796489,0.757450,0.741659,0.842286,0.816226,0.743607,0.784337,0.797280,0.758495,0.754886,0.800653,0.787049,0.777792,0.776377,0.781658,0.784965,0.785383,0.776503,0.810986,0.791420,0.769606,0.794266,0.823667,0.802810,0.801520,0.757155,0.767172,0.779610,0.785972,0.768526,0.818623,0.803645,0.794170,#
8,0.811085,0.824414,0.796032,0.815754,0.748067,0.818072,0.782910,0.841450,1.000000,0.798824,0.778317,0.785749,0.804882,0.790306,0.771042,0.799304,0.775295,0.826316,0.763443,0.825305,0.809167,0.802526,0.797662,0.792532,0.768326,0.810351,0.814117,0.806851,0.785918,0.794528,0.795257,0.817182,0.800557,0.796067,0.770473,0.806891,0.776361,0.817141,0.780877,0.792390,0.805087,0.760713,0.849600,0.761873,0.780174,0.757215,0.816495,0.803861,0.815831,0.802552,0.806535,0.800223,0.784530,0.832430,0.814051,0.831629,0.779779,0.805128,0.811738,0.757697,0.799888,0.789586,0.800399,0.812484,0.827383,0.838262,0.829511,0.838732,0.827165,0.774905,0.781886,0.816856,0.841795,0.817264,0.770903,0.760549,0.785207,0.794368,0.784016,0.781706,0.818006,0.782918,0.804189,0.822483,0.834827,0.811785,0.774480,0.820477,0.764204,0.773307,0.777517,0.806294,0.821769,0.800395,0.791872,0.788216,0.771734,0.802675,0.854099,0.818549,0.818860,0.763868,0.797819,0.813836,0.756064,0.789914,0.804033,0.817000,0.748028,0.779661,0.781040,0.802449,0.820487,0.776590,0.744573,0.791792,0.764986,0.766452,0.788293,0.787544,0.774161,0.784382,0.790379,0.818114,0.766866,0.809114,0.754459,0.778537,0.785715,0.794164,0.779363,0.809798,0.789009,0.779026,0.841049,0.803356,0.811383,0.798247,0.786621,0.803796,0.772921,0.814008,0.812097,0.789564,0.789329,0.743889,0.769409,0.734074,0.799987,0.811041,0.793046,0.836970,0.766176,0.824427,0.767713,0.757361,0.825404,0.799898,0.827931,0.809820,0.800826,0.786778,0.815367,0.817249,0.801333,0.779816,0.789178,0.796028,0.788287,0.763932,0.841646,0.810628,0.757571,0.793209,0.820537,0.789276,0.767366,0.819822,0.777131,0.744862,0.782310,0.809593,0.768878,0.798620,0.789167,0.802812,0.830736,0.772192,0.807548,0.828580,0.813249,0.821524,0.828369,0.783254,0.767104,0.769314,0.767443,0.792895,0.774880,0.838035,#
9,0.765605,0.794337,0.745646,0.786967,0.772530,0.764850,0.756462,0.776685,0.798824,1.000000,0.749722,0.746643,0.791542,0.793970,0.783947,0.786784,0.799274,0.788220,0.788088,0.771339,0.830250,0.777448,0.792746,0.807864,0.730279,0.759472,0.789541,0.832174,0.726376,0.823780,0.750242,0.780248,0.809477,0.793215,0.772482,0.778827,0.753515,0.795676,0.780353,0.784988,0.797371,0.786336,0.758194,0.766066,0.800361,0.732870,0.783533,0.771589,0.772892,0.767007,0.743679,0.754528,0.751748,0.778237,0.800184,0.799703,0.763926,0.834434,0.779144,0.773118,0.787785,0.763520,0.758407,0.767822,0.774899,0.841192,0.822446,0.809155,0.811428,0.749353,0.768178,0.746983,0.788355,0.781971,0.782031,0.759524,0.762277,0.820248,0.771792,0.815260,0.774789,0.781753,0.783829,0.852765,0.802344,0.769368,0.747323,0.809487,0.744557,0.742386,0.761529,0.773811,0.815906,0.771306,0.774608,0.765105,0.744060,0.776113,0.787798,0.799648,0.814620,0.802669,0.789193,0.803646,0.774492,0.783536,0.775560,0.794970,0.802816,0.807957,0.810644,0.787207,0.807624,0.764359,0.734413,0.810613,0.699467,0.756597,0.711481,0.762599,0.771280,0.794761,0.797916,0.811755,0.778860,0.775053,0.789248,0.741024,0.808609,0.754399,0.780740,0.805192,0.769287,0.772152,0.801357,0.754197,0.782239,0.767523,0.752853,0.778672,0.760328,0.834879,0.794047,0.804136,0.759725,0.803993,0.809879,0.748106,0.792357,0.787448,0.754035,0.799364,0.753737,0.782234,0.786039,0.761947,0.779001,0.772904,0.786254,0.797767,0.790295,0.828816,0.777266,0.793208,0.813073,0.802284,0.745025,0.754942,0.798481,0.753874,0.821379,0.808988,0.761456,0.751558,0.807372,0.823013,0.744015,0.819952,0.756704,0.801791,0.798576,0.761272,0.779513,0.759581,0.779354,0.834349,0.759998,0.770746,0.793325,0.733697,0.792132,0.799923,0.762696,0.738885,0.752402,0.734170,0.776492,0.769892,0.758201,0.777842,#
10,0.793326,0.799527,0.761701,0.792315,0.755966,0.779669,0.780244,0.774463,0.778317,0.749722,1.000000,0.760451,0.751266,0.770849,0.718467,0.786687,0.777922,0.759717,0.779978,0.773762,0.783828,0.763576,0.808449,0.827087,0.695940,0.743901,0.795766,0.812228,0.774262,0.814644,0.796734,0.779932,0.804057,0.813184,0.787497,0.791922,0.765692,0.802351,0.788203,0.783272,0.786546,0.755500,0.774699,0.745893,0.772584,0.796364,0.841040,0.778091,0.811972,0.837382,0.769759,0.797986,0.783708,0.730849,0.800863,0.821811,0.801708,0.821379,0.772047,0.768504,0.812945,0.788156,0.812114,0.797238,0.830569,0.743950,0.810475,0.751020,0.807930,0.764080,0.823051,0.801863,0.843628,0.735977,0.760296,0.822093,0.795890,0.820800,0.785898,0.758400,0.838971,0.768187,0.785523,0.796827,0.798098,0.769007,0.799960,0.777522,0.771315,0.820290,0.736440,0.816573,0.832487,0.773381,0.739223,0.792379,0.751321,0.805723,0.793641,0.837465,0.795282,0.777518,0.787062,0.818059,0.831568,0.771306,0.777046,0.768095,0.752928,0.756532,0.753350,0.758438,0.800565,0.784701,0.724043,0.796357,0.744149,0.765459,0.780756,0.756803,0.775440,0.806277,0.721744,0.806479,0.728956,0.787172,0.776740,0.777744,0.796869,0.779895,0.767471,0.784933,0.749919,0.755071,0.823056,0.834428,0.783339,0.739290,0.787469,0.798847,0.810709,0.771727,0.736102,0.792965,0.714840,0.742360,0.789507,0.762935,0.794277,0.774666,0.785275,0.802064,0.776036,0.750467,0.792033,0.733595,0.825787,0.814878,0.781748,0.762505,0.808962,0.765376,0.751740,0.806867,0.801683,0.754995,0.788013,0.757951,0.794699,0.789144,0.786472,0.807165,0.708353,0.749542,0.804997,0.776140,0.734612,0.799289,0.732947,0.787175,0.754687,0.762802,0.798668,0.753565,0.737870,0.800168,0.758758,0.778315,0.717644,0.811344,0.776813,0.748940,0.771816,0.783998,0.776911,0.797250,0.773001,0.798325,0.774705,0.795896,#
11,0.824781,0.798769,0.734406,0.769225,0.775533,0.783940,0.761536,0.753926,0.785749,0.746643,0.760451,1.000000,0.806667,0.770934,0.753073,0.769860,0.779091,0.824432,0.827723,0.791486,0.754567,0.758047,0.813615,0.785478,0.737068,0.746856,0.772372,0.764096,0.784819,0.736671,0.782907,0.798517,0.816950,0.788702,0.734777,0.776476,0.792470,0.807658,0.744251,0.795438,0.802183,0.744450,0.775054,0.760700,0.767119,0.725738,0.856724,0.807659,0.790599,0.824001,0.765911,0.757033,0.808426,0.754087,0.803870,0.813210,0.747833,0.818089,0.776746,0.752831,0.746143,0.749316,0.809135,0.765973,0.800813,0.798097,0.804688,0.798123,0.809013,0.775370,0.804000,0.760398,0.809083,0.783719,0.807751,0.746705,0.829393,0.804966,0.776183,0.725704,0.779453,0.752593,0.795790,0.801977,0.818173,0.793755,0.730605,0.755686,0.741621,0.737240,0.777760,0.807887,0.780064,0.748679,0.738890,0.801760,0.774851,0.769663,0.766604,0.793820,0.770949,0.802171,0.811609,0.781055,0.814389,0.778945,0.765698,0.798264,0.790121,0.758325,0.804011,0.795176,0.803554,0.750767,0.691537,0.779754,0.761040,0.769030,0.776459,0.779078,0.736540,0.796148,0.765428,0.798905,0.769824,0.786456,0.789995,0.772670,0.787761,0.789773,0.810218,0.770486,0.781083,0.774303,0.814261,0.769261,0.810509,0.765756,0.784122,0.758719,0.768981,0.762380,0.775330,0.800265,0.784507,0.728309,0.805049,0.757558,0.786611,0.801544,0.797469,0.775388,0.764472,0.791935,0.804525,0.734222,0.821066,0.755093,0.773578,0.768246,0.788165,0.785242,0.801459,0.782551,0.841033,0.735160,0.822135,0.737655,0.797002,0.799374,0.798309,0.776773,0.791442,0.832833,0.777099,0.782492,0.766129,0.801279,0.737662,0.812436,0.767846,0.754973,0.802504,0.758650,0.805614,0.755290,0.774960,0.805401,0.754065,0.758305,0.790434,0.764876,0.779048,0.753022,0.744873,0.780194,0.740424,0.784890,0.762973,0.742850,#
12,0.788642,0.796755,0.748799,0.796925,0.750776,0.739840,0.783471,0.785140,0.804882,0.791542,0.751266,0.806667,1.000000,0.787887,0.789573,0.769416,0.771895,0.813155,0.822991,0.788198,0.793197,0.741728,0.800397,0.795042,0.747838,0.776458,0.748462,0.789729,0.793248,0.765504,0.759916,0.796279,0.789116,0.824504,0.774618,0.799587,0.776080,0.816752,0.789589,0.783868,0.724600,0.726702,0.758492,0.782822,0.783336,0.760452,0.822958,0.747973,0.787491,0.788045,0.819877,0.763061,0.776381,0.765639,0.838083,0.805457,0.763119,0.808975,0.777104,0.762898,0.751686,0.767733,0.770078,0.772455,0.813992,0.831369,0.814253,0.757561,0.817432,0.787353,0.784233,0.772421,0.806534,0.781746,0.803654,0.764567,0.811076,0.790102,0.796179,0.781311,0.786551,0.765442,0.816446,0.826960,0.771374,0.804086,0.737815,0.801611,0.756663,0.742271,0.784117,0.789827,0.796239,0.733273,0.733173,0.812846,0.818778,0.781378,0.783145,0.768250,0.753791,0.800855,0.801223,0.807402,0.734154,0.771120,0.748848,0.754508,0.803885,0.767890,0.778819,0.755298,0.784837,0.751342,0.816472,0.795118,0.733472,0.753193,0.791356,0.779788,0.747994,0.788241,0.775270,0.810561,0.797197,0.798499,0.774748,0.747655,0.772792,0.790278,0.757082,0.764787,0.736679,0.760964,0.782240,0.790049,0.764188,0.798596,0.756023,0.747371,0.816400,0.808681,0.760706,0.810629,0.743284,0.749931,0.791522,0.722129,0.805863,0.825996,0.781512,0.792594,0.775940,0.735509,0.764122,0.804507,0.829370,0.814468,0.810818,0.773866,0.784704,0.795720,0.795308,0.792821,0.838246,0.710182,0.795434,0.789327,0.737253,0.761034,0.800385,0.783638,0.752635,0.785544,0.757560,0.747537,0.821702,0.844637,0.748049,0.748583,0.773054,0.789223,0.799382,0.757672,0.717570,0.772403,0.744195,0.798026,0.780283,0.777539,0.756832,0.768770,0.749987,0.771793,0.757964,0.797094,0.761670,0.803237,0.801746,0.736961,#
13,0.803283,0.786431,0.787962,0.777781,0.801794,0.749748,0.810949,0.791565,0.790306,0.793970,0.770849,0.770934,0.787887,1.000000,0.747262,0.759177,0.750655,0.839198,0.804183,0.783447,0.796857,0.764945,0.821991,0.788061,0.762196,0.761323,0.760480,0.803292,0.788478,0.827053,0.747278,0.787328,0.818961,0.811168,0.726301,0.766972,0.765527,0.812559,0.813684,0.806857,0.843001,0.761432,0.807613,0.757796,0.819824,0.772565,0.813364,0.791933,0.821818,0.810104,0.791911,0.825080,0.797064,0.755980,0.838082,0.840123,0.793189,0.818866,0.819228,0.772468,0.793995,0.782531,0.760911,0.804138,0.834012,0.827066,0.827568,0.785377,0.819177,0.766823,0.763788,0.793636,0.776318,0.822955,0.800568,0.766305,0.793625,0.801844,0.827558,0.782645,0.788224,0.791386,0.827199,0.812917,0.812186,0.807041,0.749176,0.773360,0.796501,0.783286,0.751583,0.803192,0.795210,0.785107,0.774728,0.764653,0.782490,0.768875,0.778551,0.826980,0.812950,0.787009,0.806553,0.825278,0.777668,0.816501,0.772855,0.794997,0.783736,0.752123,0.791305,0.792064,0.795527,0.793108,0.767375,0.806980,0.728407,0.800182,0.801364,0.770457,0.791548,0.806405,0.750070,0.783591,0.775203,0.777870,0.795813,0.762880,0.785703,0.776292,0.798111,0.775329,0.759492,0.760266,0.825415,0.782705,0.786584,0.793278,0.838612,0.771158,0.766168,0.841292,0.805200,0.787622,0.723821,0.760167,0.809366,0.734718,0.816328,0.794197,0.805171,0.824283,0.767505,0.788487,0.768621,0.761255,0.820583,0.772386,0.817483,0.763191,0.805799,0.809187,0.785035,0.809589,0.818151,0.789870,0.822521,0.781946,0.811518,0.767480,0.812478,0.808001,0.801834,0.781738,0.842999,0.814614,0.798239,0.847047,0.786472,0.781413,0.777108,0.789554,0.824467,0.777338,0.797500,0.804500,0.767390,0.807622,0.743124,0.776297,0.783088,0.778798,0.791884,0.805889,0.810287,0.733384,0.764593,0.812113,0.778565,0.752809,#
14,0.789753,0.799834,0.778947,0.759046,0.736529,0.772129,0.718022,0.783953,0.771042,0.783947,0.718467,0.753073,0.789573,0.747262,1.000000,0.773122,0.756413,0.753463,0.713387,0.752374,0.766790,0.750211,0.770601,0.809869,0.712692,0.697535,0.777311,0.762656,0.736240,0.767657,0.784965,0.747086,0.767589,0.736574,0.763002,0.760847,0.701026,0.784920,0.785494,0.722240,0.763680,0.732023,0.783443,0.760141,0.740637,0.735722,0.774373,0.736643,0.732939,0.750001,0.748535,0.746166,0.730370,0.808771,0.771995,0.772590,0.730172,0.766726,0.772224,0.704278,0.763331,0.794409,0.745084,0.759249,0.766238,0.775186,0.785858,0.768370,0.798037,0.748869,0.728289,0.722845,0.793336,0.756698,0.767810,0.748185,0.769851,0.772520,0.753234,0.735557,0.779957,0.759548,0.801125,0.817029,0.778193,0.785184,0.743699,0.772945,0.773422,0.686701,0.727256,0.744935,0.776874,0.796616,0.771744,0.769781,0.804957,0.744319,0.764431,0.747013,0.789075,0.755257,0.794736,0.726966,0.746736,0.777145,0.748295,0.744185,0.778921,0.738962,0.786702,0.777939,0.773226,0.739087,0.701370,0.758057,0.717938,0.713729,0.742171,0.723172,0.767910,0.770947,0.748329,0.791110,0.787770,0.710894,0.763359,0.782171,0.704221,0.766276,0.759118,0.794025,0.735166,0.736542,0.780210,0.756550,0.788431,0.761520,0.753771,0.750966,0.764990,0.788119,0.695797,0.785357,0.735377,0.771662,0.804497,0.705337,0.768414,0.733782,0.779946,0.769599,0.719977,0.742791,0.789659,0.740055,0.767421,0.754949,0.737514,0.736914,0.768477,0.748483,0.767492,0.774632,0.761387,0.723227,0.742936,0.744087,0.714577,0.767917,0.766728,0.764658,0.741054,0.794570,0.801954,0.779673,0.744103,0.771648,0.724438,0.730887,0.749743,0.788990,0.771918,0.731642,0.769631,0.771725,0.770126,0.730018,0.738481,0.729769,0.722295,0.732340,0.773656,0.760527,0.712621,0.736327,0.742910,0.741354,0.703749,0.708371,#
15,0.783912,0.803533,0.761180,0.810652,0.780809,0.833490,0.771613,0.760795,0.799304,0.786784,0.786687,0.769860,0.769416,0.759177,0.773122,1.000000,0.777876,0.793950,0.770644,0.780102,0.779355,0.786642,0.777018,0.799742,0.755389,0.761349,0.759603,0.766128,0.758018,0.789595,0.817855,0.810769,0.802696,0.823312,0.735369,0.815349,0.782324,0.816087,0.797092,0.748662,0.752615,0.734070,0.767048,0.758048,0.814726,0.765961,0.837087,0.801673,0.813493,0.808555,0.769862,0.804028,0.759445,0.750194,0.802608,0.799880,0.787475,0.786249,0.772933,0.751106,0.807043,0.804183,0.745552,0.814848,0.784157,0.795871,0.789874,0.785338,0.778901,0.733520,0.803437,0.768006,0.777147,0.768978,0.772447,0.759638,0.796282,0.795606,0.790966,0.771810,0.816586,0.783575,0.793318,0.818227,0.819436,0.787706,0.723660,0.797846,0.757614,0.743419,0.726944,0.756904,0.795919,0.792388,0.702633,0.747849,0.758723,0.769609,0.751676,0.781468,0.822738,0.777831,0.816747,0.810125,0.761561,0.769374,0.784678,0.812481,0.741843,0.796992,0.729411,0.735718,0.790325,0.764523,0.712719,0.751478,0.766062,0.784526,0.761681,0.769939,0.741979,0.771554,0.752327,0.825395,0.745109,0.771274,0.786520,0.749307,0.807544,0.803452,0.778723,0.767283,0.727104,0.714920,0.794957,0.766838,0.778106,0.759466,0.758630,0.756365,0.759708,0.766861,0.753688,0.780237,0.757716,0.770359,0.773179,0.746366,0.787679,0.785287,0.824867,0.792222,0.806016,0.801803,0.765449,0.746479,0.842732,0.761919,0.790323,0.783303,0.766522,0.815376,0.806388,0.761877,0.821927,0.768750,0.778599,0.782825,0.799087,0.732290,0.762037,0.805188,0.713811,0.792505,0.776459,0.823815,0.759931,0.784357,0.756842,0.768393,0.783692,0.791951,0.761853,0.774082,0.764633,0.763835,0.732942,0.744771,0.719579,0.780454,0.738579,0.786683,0.773258,0.768757,0.771050,0.747689,0.790962,0.804556,0.782431,0.809834,#
16,0.814235,0.782152,0.761495,0.770483,0.792131,0.776307,0.803647,0.776169,0.775295,0.799274,0.777922,0.779091,0.771895,0.750655,0.756413,0.777876,1.000000,0.801706,0.814675,0.772851,0.856647,0.790979,0.751777,0.795445,0.738403,0.781885,0.793065,0.730193,0.757300,0.768801,0.804375,0.825335,0.821459,0.777547,0.759846,0.797139,0.804294,0.799705,0.784775,0.795521,0.773186,0.759800,0.765480,0.775046,0.772447,0.788293,0.795352,0.765910,0.786269,0.804513,0.755865,0.762532,0.803013,0.802799,0.816798,0.827385,0.714702,0.803712,0.797335,0.728933,0.804917,0.781021,0.768658,0.757396,0.794483,0.773534,0.837712,0.781756,0.823082,0.799357,0.789449,0.768110,0.798652,0.766402,0.778623,0.751051,0.796320,0.803959,0.765287,0.800766,0.828503,0.799605,0.813247,0.801230,0.811480,0.778373,0.800373,0.755433,0.764658,0.781796,0.743794,0.783481,0.801121,0.784398,0.774312,0.807985,0.795001,0.767999,0.816593,0.797968,0.806757,0.779862,0.787657,0.806378,0.754313,0.811570,0.799340,0.771520,0.819514,0.765704,0.799883,0.793797,0.799232,0.783067,0.761376,0.835598,0.801859,0.784126,0.727106,0.703613,0.753462,0.795207,0.762511,0.829181,0.795647,0.781548,0.749181,0.756344,0.786472,0.761554,0.823926,0.777514,0.780807,0.729526,0.809023,0.826686,0.778086,0.768731,0.758583,0.780677,0.775685,0.790284,0.794378,0.812883,0.735804,0.747780,0.805725,0.768444,0.774707,0.781848,0.768676,0.808492,0.737210,0.759922,0.839337,0.765547,0.793229,0.773056,0.777617,0.768860,0.758964,0.784390,0.826345,0.786851,0.813817,0.796485,0.803471,0.768436,0.783022,0.758404,0.783100,0.800469,0.763625,0.767158,0.798917,0.791782,0.735726,0.836131,0.761963,0.776398,0.766039,0.755683,0.814390,0.754706,0.778401,0.788925,0.808094,0.782989,0.759776,0.777509,0.796833,0.766201,0.791598,0.779169,0.769002,0.781007,0.769221,0.809829,0.785955,0.790054,#
17,0.846386,0.796942,0.793572,0.777794,0.818017,0.818984,0.824955,0.798701,0.826316,0.788220,0.759717,0.824432,0.813155,0.839198,0.753463,0.793950,0.801706,1.000000,0.816745,0.838128,0.811718,0.787684,0.821618,0.822520,0.822753,0.815210,0.813625,0.796656,0.776388,0.819059,0.806277,0.829799,0.787015,0.787601,0.774717,0.820302,0.783055,0.822983,0.804482,0.846960,0.818644,0.780584,0.813502,0.776832,0.805551,0.759272,0.831729,0.853816,0.829403,0.837628,0.819384,0.774628,0.825035,0.775476,0.835197,0.844558,0.798832,0.806526,0.822881,0.756577,0.802420,0.803498,0.776323,0.795662,0.815722,0.859241,0.850757,0.825006,0.802270,0.776829,0.811159,0.792108,0.804330,0.819904,0.801194,0.747788,0.836577,0.830716,0.824079,0.824219,0.825245,0.806052,0.845559,0.842544,0.818250,0.809350,0.789205,0.823286,0.778742,0.791333,0.780986,0.778024,0.822946,0.800980,0.758967,0.820889,0.830030,0.757007,0.765388,0.852931,0.836576,0.779965,0.830389,0.817015,0.753139,0.801170,0.795871,0.806933,0.752151,0.792675,0.807792,0.787612,0.805784,0.810508,0.790388,0.773853,0.757402,0.795335,0.769114,0.770597,0.801504,0.819971,0.793763,0.835887,0.796657,0.808625,0.793554,0.794023,0.798515,0.786603,0.827238,0.839757,0.812081,0.768214,0.816299,0.825394,0.820772,0.811667,0.823741,0.819083,0.805212,0.821359,0.846268,0.818899,0.797627,0.773703,0.825671,0.752514,0.838373,0.781674,0.836402,0.815173,0.798999,0.801769,0.801658,0.820232,0.874309,0.802717,0.826492,0.804145,0.810759,0.814898,0.846112,0.796180,0.853415,0.814832,0.783280,0.778074,0.806879,0.754755,0.853404,0.812001,0.806394,0.800339,0.851562,0.771837,0.769819,0.840159,0.766510,0.824120,0.800747,0.834957,0.812565,0.817355,0.832182,0.798390,0.814865,0.853546,0.744073,0.788898,0.806513,0.813500,0.808651,0.817239,0.819190,0.819487,0.769360,0.853664,0.796548,0.760966,#
18,0.808062,0.810367,0.765985,0.811849,0.797733,0.787379,0.779358,0.802650,0.763443,0.788088,0.779978,0.827723,0.822991,0.804183,0.713387,0.770644,0.814675,0.816745,1.000000,0.810660,0.793194,0.804507,0.824078,0.766008,0.753140,0.810677,0.800680,0.800462,0.772700,0.818203,0.742379,0.827985,0.823560,0.812555,0.784286,0.831589,0.787642,0.807497,0.802432,0.805244,0.815178,0.743430,0.787287,0.773089,0.815134,0.761434,0.831072,0.807635,0.803906,0.777107,0.777245,0.774220,0.823749,0.745071,0.806422,0.831848,0.783224,0.808688,0.805204,0.802536,0.796490,0.779093,0.765907,0.756465,0.822927,0.798199,0.800320,0.800004,0.763622,0.785942,0.803901,0.747851,0.816482,0.768206,0.833942,0.759016,0.825314,0.784847,0.813860,0.773623,0.783738,0.770195,0.822828,0.816017,0.839965,0.815214,0.779137,0.782058,0.792796,0.747878,0.792861,0.778354,0.816180,0.803887,0.793628,0.780354,0.790757,0.810895,0.800974,0.821252,0.801497,0.764843,0.804151,0.818951,0.771421,0.820804,0.764497,0.787355,0.814628,0.790434,0.827984,0.764868,0.817801,0.796422,0.730853,0.771782,0.778030,0.778038,0.771180,0.767266,0.792285,0.831344,0.764252,0.819383,0.799835,0.762219,0.824861,0.742560,0.836854,0.758333,0.819239,0.796598,0.787490,0.764479,0.807324,0.802905,0.841806,0.783280,0.784611,0.780191,0.770215,0.840174,0.791705,0.844144,0.765475,0.778857,0.797794,0.717016,0.845901,0.796698,0.796335,0.828760,0.795518,0.775541,0.803077,0.798041,0.815635,0.819149,0.794262,0.775671,0.815069,0.806628,0.844316,0.796408,0.824827,0.769666,0.867377,0.777883,0.760127,0.765429,0.800429,0.828625,0.799841,0.789802,0.764674,0.790435,0.776239,0.853187,0.766967,0.820015,0.781778,0.796686,0.791601,0.787736,0.778992,0.826997,0.791531,0.804313,0.748584,0.798126,0.802065,0.784229,0.746004,0.808406,0.797743,0.775054,0.734887,0.830341,0.784208,0.783337,#
19,0.801748,0.822640,0.794592,0.795968,0.837746,0.812622,0.759437,0.788099,0.825305,0.771339,0.773762,0.791486,0.788198,0.783447,0.752374,0.780102,0.772851,0.838128,0.810660,1.000000,0.803838,0.794729,0.795256,0.795875,0.758636,0.751775,0.806780,0.756383,0.789782,0.801690,0.809847,0.837226,0.801932,0.777587,0.758497,0.829077,0.753512,0.796569,0.794590,0.798050,0.810858,0.744097,0.782189,0.780084,0.776259,0.773217,0.865043,0.796788,0.800992,0.743359,0.760203,0.774890,0.789744,0.770829,0.807970,0.801108,0.827578,0.804134,0.788229,0.717292,0.810602,0.762619,0.806979,0.788917,0.829209,0.837802,0.823691,0.781284,0.794258,0.776675,0.783561,0.782940,0.811052,0.774400,0.788149,0.740182,0.773126,0.766235,0.771058,0.758891,0.806450,0.759990,0.829616,0.776828,0.812124,0.778005,0.774191,0.805979,0.799290,0.747572,0.777407,0.787244,0.804216,0.818845,0.760234,0.769198,0.780017,0.779762,0.782297,0.815911,0.814022,0.777365,0.793498,0.795447,0.762989,0.765853,0.784556,0.774683,0.779295,0.749650,0.761792,0.757866,0.800877,0.805407,0.757273,0.779606,0.773839,0.777404,0.743382,0.729198,0.792601,0.816297,0.767498,0.856940,0.798144,0.777540,0.776574,0.778847,0.855171,0.842344,0.813924,0.830408,0.792511,0.777090,0.804604,0.827886,0.799310,0.784536,0.793188,0.776518,0.769715,0.800264,0.793775,0.804533,0.736722,0.751355,0.761223,0.719183,0.813554,0.779536,0.789733,0.835024,0.766733,0.781639,0.811019,0.759172,0.830352,0.795132,0.802689,0.781151,0.774771,0.820187,0.799687,0.789899,0.813252,0.757589,0.760957,0.796989,0.762114,0.759970,0.792931,0.816980,0.771105,0.765154,0.828661,0.770218,0.773597,0.835389,0.756872,0.770879,0.736720,0.806071,0.815149,0.818585,0.792257,0.780074,0.788823,0.811921,0.776600,0.795399,0.797346,0.779730,0.783008,0.808785,0.784314,0.780745,0.755679,0.780759,0.773200,0.783449,#
20,0.832496,0.810154,0.772274,0.761480,0.791490,0.793801,0.817236,0.800861,0.809167,0.830250,0.783828,0.754567,0.793197,0.796857,0.766790,0.779355,0.856647,0.811718,0.793194,0.803838,1.000000,0.788896,0.772995,0.829534,0.746860,0.788148,0.814135,0.790139,0.763452,0.806797,0.794620,0.816975,0.797373,0.822419,0.803903,0.804622,0.785224,0.793772,0.812265,0.806111,0.806602,0.812998,0.763880,0.819115,0.806508,0.774447,0.828655,0.782122,0.791915,0.785136,0.789599,0.808894,0.787668,0.800521,0.819024,0.825630,0.767626,0.817908,0.805394,0.760749,0.822836,0.792972,0.820826,0.775339,0.825437,0.832290,0.842778,0.790787,0.828205,0.770033,0.798170,0.786366,0.784120,0.808737,0.787149,0.725007,0.778526,0.817635,0.803316,0.831241,0.815771,0.819566,0.815035,0.841604,0.782726,0.783449,0.807861,0.791310,0.786624,0.814641,0.787221,0.808709,0.811202,0.820575,0.790091,0.773759,0.757789,0.755872,0.806776,0.823103,0.841964,0.804451,0.809986,0.839783,0.789022,0.763302,0.802714,0.799403,0.802803,0.803341,0.789017,0.810414,0.789533,0.751448,0.795962,0.794941,0.786897,0.806272,0.727736,0.753887,0.814507,0.814336,0.774107,0.859278,0.775687,0.804577,0.753077,0.762872,0.788906,0.787827,0.813694,0.789424,0.816142,0.795718,0.829753,0.786448,0.776472,0.816498,0.802745,0.814894,0.780632,0.782469,0.772697,0.837032,0.788433,0.748151,0.824535,0.756499,0.789189,0.834046,0.808733,0.827182,0.787148,0.773813,0.802091,0.789975,0.807301,0.811982,0.810798,0.800678,0.790378,0.807312,0.802275,0.809278,0.854359,0.751403,0.768936,0.770019,0.780424,0.763079,0.803373,0.810823,0.811497,0.770015,0.806755,0.778767,0.760828,0.839340,0.786273,0.811688,0.777152,0.780064,0.801684,0.770544,0.772027,0.816862,0.807392,0.821108,0.756034,0.766642,0.756405,0.765175,0.799519,0.823406,0.789005,0.765381,0.784086,0.803685,0.798459,0.793154,#
21,0.786757,0.860680,0.770864,0.828614,0.784126,0.801987,0.751867,0.772189,0.802526,0.777448,0.763576,0.758047,0.741728,0.764945,0.750211,0.786642,0.790979,0.787684,0.804507,0.794729,0.788896,1.000000,0.808973,0.813293,0.717440,0.745100,0.814051,0.753900,0.765569,0.755007,0.783725,0.777182,0.805541,0.807018,0.785696,0.807582,0.771063,0.790044,0.809131,0.755674,0.795751,0.799372,0.767741,0.748383,0.805869,0.776324,0.796852,0.806025,0.811971,0.773097,0.754484,0.797244,0.785603,0.750676,0.826188,0.799908,0.785164,0.795160,0.846607,0.741098,0.786959,0.793483,0.721904,0.751515,0.829589,0.803037,0.808608,0.805362,0.777947,0.769024,0.760572,0.806201,0.813515,0.784306,0.829262,0.783982,0.779238,0.776397,0.801262,0.803180,0.769592,0.744286,0.814379,0.809897,0.841899,0.773169,0.739755,0.805885,0.813454,0.778782,0.720916,0.755022,0.821724,0.778228,0.770548,0.774999,0.782183,0.733966,0.771625,0.820007,0.788487,0.777431,0.759209,0.791327,0.723471,0.827646,0.760561,0.775374,0.766320,0.793707,0.804179,0.759865,0.796705,0.792697,0.708283,0.742392,0.787760,0.812582,0.745613,0.752032,0.773556,0.787570,0.765106,0.789415,0.784996,0.732852,0.779708,0.793196,0.788208,0.800829,0.795538,0.814366,0.760994,0.757846,0.847912,0.771227,0.755123,0.725219,0.765969,0.773955,0.797980,0.798695,0.757029,0.779134,0.756114,0.751935,0.781089,0.719234,0.766292,0.796580,0.790974,0.817670,0.770464,0.764582,0.770712,0.777065,0.825614,0.764991,0.749985,0.784022,0.808218,0.803784,0.790121,0.814091,0.832423,0.775813,0.788073,0.772438,0.725674,0.763130,0.800240,0.778993,0.753950,0.772557,0.781337,0.771474,0.699497,0.802658,0.758017,0.775803,0.751452,0.814711,0.778582,0.775467,0.775798,0.816847,0.787681,0.717871,0.731167,0.794304,0.787893,0.754236,0.762777,0.781156,0.777596,0.756819,0.787528,0.794828,0.717159,0.800231,#
