0,1.000000,0.041591,0.166977,0.124871,0.273364,0.080342,0.072632,-0.042113,0.208431,0.140836,0.171228,0.021311,0.068418,0.029983,0.263149,0.109295,0.109421,0.259463,0.233465,0.296868,0.221958,0.211472,0.226171,0.285804,0.168952,0.091634,0.193534,-0.016194,0.238724,0.262927,0.004299,0.125702,0.101761,0.173641,0.027616,0.114041,0.124195,0.127871,0.305339,0.267005,0.170512,0.151083,0.167233,0.182445,0.001840,0.164998,0.148550,0.267465,0.215862,0.211952,0.170863,-0.044514,0.073532,0.202432,0.179445,0.265223,0.285981,0.182327,0.009945,0.054194,0.230508,0.031558,0.153831,0.021388,0.079440,0.096459,0.055198,0.173960,0.225811,0.149496,0.221850,0.108719,0.252447,0.219187,0.113402,-0.096953,0.171456,0.228239,0.054625,0.035907,0.149759,0.094190,0.138820,0.191773,0.316738,0.036434,0.162801,0.124261,0.258624,0.131295,0.108381,0.089019,0.098034,0.203536,0.314876,0.143196,0.302287,0.044198,0.153414,0.255216,0.252348,0.197334,0.083281,0.177086,0.189288,0.195166,0.247578,0.123260,0.068517,-0.131285,-0.031086,0.157339,0.085849,0.179992,0.042948,0.100356,0.170849,0.158287,0.137035,0.069615,0.269669,0.189955,0.140036,0.147397,0.134056,0.241627,0.097489,-0.014018,0.138371,0.239554,0.280624,0.079815,0.247743,0.061136,0.132349,0.017262,0.349074,0.073361,0.095553,0.269138,0.300957,0.161320,0.109502,0.183678,0.106079,0.169387,0.108400,0.124371,0.260422,0.112723,0.017386,-0.003087,0.207597,0.149111,0.226303,0.128863,0.033631,0.094976,0.153506,0.259528,0.110972,0.231987,0.075517,0.015680,0.174303,0.060116,0.108271,0.274866,0.154071,0.082544,0.273383,-0.107497,0.208919,0.123794,0.001525,0.223978,0.298717,0.185739,0.140653,0.086525,0.144446,0.214765,0.044135,0.049060,0.127692,0.149518,0.338070,0.320656,0.267873,0.106312,0.088922,0.173754,0.104762,0.049428,0.210892,0.019473,0.057876,0.203666,0.397883,0.239902,#
1,0.041591,1.000000,0.181599,0.197506,0.209601,0.138845,0.290816,0.076771,0.248414,0.043166,0.323147,0.235328,0.139475,0.215631,0.095383,-0.008043,0.141918,0.162711,0.095622,0.175357,0.144169,0.244630,0.023751,0.205242,0.178878,0.220302,0.249772,0.256637,-0.047260,0.216379,0.206333,0.192882,0.037199,0.191349,-0.050712,0.134036,0.152295,0.121626,0.326834,0.069093,0.026082,0.058983,0.277025,0.194271,0.195326,0.237086,0.382473,0.254148,0.043951,0.037129,0.205441,0.105686,0.306004,0.152831,0.017018,0.187291,0.215992,0.142419,0.149537,0.073059,0.150092,0.155207,0.233688,0.034141,0.083265,0.174332,-0.032367,0.190726,0.209971,0.272913,0.070808,0.096355,0.280756,0.085620,0.196579,0.093926,0.131996,0.196222,0.281438,0.096471,0.256191,0.262532,0.159167,0.205995,0.237038,-0.187192,0.215835,0.114805,0.166010,0.209578,0.173001,0.182379,0.112858,0.222602,0.136904,0.153196,0.082481,0.038666,0.103931,0.111190,0.231225,0.081389,0.152057,0.183862,0.114760,0.221437,0.322205,0.290532,0.074704,0.171081,0.302961,0.189801,0.075283,0.143707,0.219373,0.258853,0.157106,0.181722,0.119316,0.153681,0.066187,0.174740,0.212570,0.183599,0.143200,0.117917,0.113798,0.101442,0.100682,0.174235,0.174497,0.175820,0.145090,0.191608,0.306980,0.315627,0.181573,0.296734,0.197077,0.277310,0.162610,0.068881,0.239914,0.147987,0.218484,0.175667,0.077563,0.079393,0.210870,0.120750,0.050307,0.089835,0.074563,-0.015523,0.323357,0.137957,0.078206,0.063093,-0.001583,0.013712,0.027889,0.289194,0.225157,0.201362,0.219037,0.088754,0.060680,0.175553,0.173414,0.293558,0.154610,0.166101,0.139466,0.104567,0.080823,0.165738,0.016243,0.330908,0.245614,0.093447,0.126211,0.174086,0.194384,0.056618,0.153655,0.153563,0.111887,0.124189,0.124027,0.194472,0.291074,0.061652,0.043798,0.211422,0.164743,0.197838,-0.009922,0.154879,0.112301,0.179354,#
2,0.166977,0.181599,1.000000,0.212278,0.194863,0.006054,0.210369,0.213958,0.137580,0.136208,0.271122,0.354146,0.145826,0.342756,0.055854,0.231287,0.114683,0.077905,0.181669,0.208279,0.289561,0.376291,-0.049851,0.144884,0.278954,0.293853,0.238491,0.190155,0.114151,0.317214,0.047080,0.074725,0.049266,0.070207,0.050270,0.227913,0.162635,0.017849,0.116498,0.080883,0.285627,0.192455,0.306108,0.087879,0.063273,0.254403,0.190929,0.235123,0.053888,0.253533,0.326430,0.248543,0.218134,0.160550,-0.032069,0.197924,0.094035,0.174378,0.147241,0.195038,0.190968,0.091845,0.203748,0.231690,0.243752,0.254968,0.160053,0.118754,0.298473,0.305233,0.067483,0.105264,0.146581,0.174921,0.208515,0.176220,0.187624,0.234183,0.194315,0.025023,0.357590,0.092514,0.003171,0.171509,0.212752,0.015463,0.277626,0.252112,0.051778,0.089404,-0.017968,0.256724,0.287504,0.200292,0.178290,0.301280,0.299671,0.143636,0.271177,0.127695,0.241762,0.105344,0.135943,0.218845,0.109386,0.169702,0.143985,0.100905,0.143533,0.224142,0.148443,0.217916,0.185333,0.167711,0.143066,0.305540,0.184837,0.194243,-0.064504,0.032974,0.187305,0.230420,0.102401,0.102411,0.216124,0.103110,0.263521,0.202885,0.168079,0.119869,0.202289,0.135617,0.163867,0.103716,0.324587,0.231026,0.274147,0.252278,0.101976,0.104771,0.113894,0.108341,0.282949,0.161035,0.301835,0.258266,-0.034391,0.160747,0.327085,0.077456,0.109770,0.319812,0.192874,0.177728,0.191860,0.078611,0.095247,0.080830,0.135277,0.231354,0.209320,0.352367,0.133159,0.358661,0.149052,0.131334,0.151510,0.156800,0.020984,0.165761,0.066761,0.297722,0.069379,0.085011,0.222209,0.088841,0.246778,0.192610,0.095830,0.225978,0.299642,0.101073,-0.026410,0.396971,0.028869,0.181554,0.145624,0.111095,0.254548,0.052068,0.057874,0.177871,0.336959,0.023486,0.168084,0.075101,0.007999,0.154292,0.324726,0.226685,#
3,0.124871,0.197506,0.212278,1.000000,0.275089,0.188450,0.289070,0.105442,0.217990,0.096314,0.232591,0.253100,0.167055,0.199917,0.102935,0.100047,0.194784,0.240493,0.176658,0.190892,0.293061,0.222979,0.104989,0.338815,0.224534,0.161488,0.153974,0.108179,0.190023,0.259949,0.179619,0.222189,0.368289,0.265945,-0.086446,0.189895,0.362847,0.337887,0.350905,0.097387,0.233741,0.329781,0.228395,0.413546,0.078123,0.277832,0.267693,0.287728,0.055667,0.213723,0.284520,0.209506,0.312423,0.020720,0.017869,0.319164,0.179149,0.106091,0.117398,0.246432,0.211561,0.089035,0.251183,0.129758,0.321642,0.277002,0.147642,0.177343,0.148280,0.295224,0.128789,0.107113,0.283101,0.148507,0.255677,0.344293,0.224089,0.217092,0.259021,0.064033,0.347312,0.246153,0.157662,0.146181,0.323336,0.122488,0.231722,0.129669,0.250453,0.239940,0.224464,0.244519,0.235278,0.295212,0.180459,0.242430,0.277920,0.082264,0.264118,0.242898,0.294397,0.077810,0.266565,0.204679,0.259011,0.210209,0.224465,0.125011,0.119032,0.171588,0.104898,0.220355,0.230787,0.171649,0.076532,0.104615,0.321234,0.144636,0.084643,0.167097,0.248954,0.143683,0.182014,0.370437,0.193522,0.075799,0.253366,0.208337,0.163256,0.291114,0.322538,0.265526,0.256783,0.307999,0.292903,0.180785,0.209654,0.198207,0.306086,0.195106,0.217891,0.270924,0.239762,0.201595,0.130608,0.119269,0.210639,0.304042,0.213692,0.215407,0.056456,0.156379,0.124560,0.200918,0.296622,0.052954,0.021513,0.219442,0.165230,0.348013,0.253263,0.271577,0.342110,0.298073,0.158351,0.126311,0.124211,0.219094,0.047989,0.156904,0.205694,0.104894,0.153254,0.009364,0.036646,0.271369,0.253416,0.267259,0.146033,0.177886,0.158495,0.311553,0.300387,0.144524,-0.025764,0.192906,0.183467,0.175066,0.132487,0.160261,0.097838,0.251478,0.329815,-0.022350,0.125016,0.283772,0.271987,0.220183,0.237440,0.152373,#
4,0.273364,0.209601,0.194863,0.275089,1.000000,0.287438,0.101179,0.044609,0.329995,0.113144,0.165461,0.048416,0.234743,0.179467,0.153901,0.201460,0.109104,0.264486,0.248008,0.394556,0.328874,0.186844,0.181841,0.344881,0.143766,0.307160,0.066246,0.073555,0.202214,0.122446,0.059647,0.129482,0.149367,0.109463,0.065465,0.272909,0.332968,0.161494,0.119762,0.092171,0.311856,0.401620,0.211937,0.089374,0.298489,0.140220,0.375236,0.201772,0.227141,0.310181,0.172108,0.137824,0.138465,0.171459,0.211658,0.372096,0.233576,0.170991,0.280185,0.128493,0.270475,0.228516,0.121567,0.013092,0.193580,0.107286,0.294443,0.146918,0.172888,0.189606,0.161337,0.197770,0.268561,0.255471,0.129406,0.008385,0.093986,0.323039,0.278656,0.020061,0.416902,0.230250,0.073378,0.062136,0.401822,0.052136,0.158132,0.212012,0.234737,0.282117,0.211631,0.162317,0.149276,0.228136,0.170701,0.351279,0.199515,0.204726,0.179466,0.130197,0.166908,-0.029030,0.270402,0.277137,0.206252,0.147116,0.099501,0.233713,0.085282,0.127076,0.345971,0.205751,0.299565,0.431139,0.265690,0.063562,0.175832,0.024076,0.071354,-0.029712,0.177835,0.250959,0.203780,0.091171,0.317011,0.071170,0.280161,0.090247,0.176036,0.133041,0.282458,0.101223,0.262540,0.171324,0.290525,0.235454,0.311490,0.122019,0.196727,0.213043,0.317618,0.070140,0.254167,0.180123,0.211146,0.324827,0.055113,0.234010,0.260753,0.115165,0.157615,0.068385,0.192344,0.349944,0.292104,0.090038,0.306110,0.168160,0.080017,0.233021,0.222351,0.159136,0.153164,0.266023,0.082516,0.287910,0.071006,0.120831,0.075597,0.196588,0.143369,0.132235,0.248166,0.151722,0.198274,0.225806,0.243462,0.294899,0.184570,0.138980,0.085028,0.075036,0.276144,0.169936,0.082938,0.155461,0.111229,0.322514,0.253049,0.192661,0.190666,0.142711,0.184334,0.022619,0.145388,0.209300,0.167327,0.335337,0.277245,0.280079,#
5,0.080342,0.138845,0.006054,0.188450,0.287438,1.000000,0.206212,0.064480,0.245026,0.266834,0.189148,0.078930,0.166779,0.138051,0.157603,0.028938,0.129637,0.166045,0.124794,0.074841,0.260887,0.131770,0.050781,0.201412,0.120805,0.163501,0.102582,0.179136,0.178413,0.114945,0.041365,0.223285,0.244158,0.179506,0.021875,0.100413,0.273080,0.084435,0.155643,0.230316,0.129970,0.259678,0.069602,0.173114,-0.006811,0.169288,0.155602,0.047471,0.124887,0.249562,0.067755,0.111743,0.085499,-0.038478,0.100517,0.265318,0.001158,0.075797,0.194191,0.008197,0.124843,0.054274,0.143179,-0.054078,0.105007,0.199020,0.195148,0.104143,0.128606,0.111502,0.171274,0.161698,0.243319,0.324746,0.033071,0.049775,0.157237,0.114658,0.174010,0.117597,0.157794,0.257609,0.230703,-0.093939,0.143642,-0.024364,0.044767,0.103598,0.213046,0.068031,0.046572,0.175331,0.115851,0.241974,0.120731,0.245609,0.103152,0.068140,0.179462,-0.032370,0.166250,0.140174,0.101869,0.083066,0.134587,0.115580,0.072604,0.154781,0.064846,0.059561,0.320189,0.133921,0.191656,0.160394,0.071826,0.062462,0.197529,0.171287,0.137161,0.036545,-0.005627,0.178510,0.115179,0.201801,0.093131,0.095648,-0.121750,0.012442,0.336139,0.211769,0.247224,0.185759,0.261753,0.092699,0.300207,0.281631,0.142735,0.104974,-0.006868,0.070049,0.223750,0.075445,0.185130,0.228084,0.137428,0.190675,0.087678,0.157134,-0.041230,0.159794,0.210039,-0.095672,0.177634,0.298210,0.210130,0.195064,0.145424,0.081799,0.235739,0.133076,0.162958,0.234012,0.067031,0.134147,0.044068,0.051023,0.087610,0.178288,0.230637,0.213779,0.143524,0.071284,0.172863,0.050905,-0.006749,0.251158,0.223843,0.154617,0.280012,-0.044065,0.066390,0.072896,0.359788,0.130409,0.029268,0.202396,0.238521,0.090189,0.158309,0.125531,0.052891,0.076778,0.225126,0.153859,0.283603,0.063432,0.076766,0.279210,0.042466,0.255308,#
6,0.072632,0.290816,0.210369,0.289070,0.101179,0.206212,1.000000,0.130994,0.215388,0.081824,0.224061,0.180658,0.006466,0.193526,0.071745,0.121649,0.147270,0.145449,0.235511,0.135828,0.200484,0.130674,-0.053225,0.074240,0.064115,0.182940,0.067562,0.121102,0.165880,0.177048,0.056757,0.218632,0.126703,0.185562,-0.109448,0.004535,0.066729,0.151972,0.150858,0.191373,0.137834,0.067129,0.035494,0.185573,0.042374,0.156330,0.190982,0.264841,0.112207,0.185560,0.133132,0.108190,0.235190,0.136134,-0.132638,0.104665,0.076582,0.176467,0.308533,0.300563,0.188327,0.110693,0.123562,0.135045,0.174113,0.394091,0.169813,0.240977,0.180606,0.149164,0.058714,0.148779,0.225137,0.121884,0.241374,0.180836,0.180027,0.246211,0.284719,0.080999,0.150867,0.082966,0.316991,0.090433,0.240793,0.038485,0.085134,0.201000,0.125661,0.181549,0.164988,0.136334,0.119186,0.184988,0.116416,0.133524,0.141658,0.072109,0.222936,0.182984,0.233438,0.251026,0.203905,0.059817,-0.159704,0.254598,0.131242,0.096527,0.180191,0.140898,0.178513,0.202899,0.122994,-0.009846,0.086339,0.232058,0.284190,0.085223,0.185772,0.111510,0.163816,0.237741,0.000542,0.077308,0.119171,-0.004761,-0.010779,0.239643,0.100911,0.258559,0.169236,0.093996,0.203342,0.040054,0.277507,0.206268,0.089712,0.302875,0.133104,0.191035,0.119672,0.038920,0.040496,0.303752,-0.000819,0.132858,0.120625,-0.002487,0.185221,-0.147243,0.198028,-0.027754,0.193001,0.016459,0.335025,0.026777,0.028521,0.194429,0.170117,0.042487,0.055507,0.292659,0.235460,0.242449,0.218487,0.159641,0.055755,0.189334,0.131044,0.251048,-0.053310,0.016048,0.189299,0.088577,0.077593,0.174782,0.082681,0.273381,0.294012,-0.014678,0.026849,0.137068,0.199829,0.304857,0.251667,0.196740,0.101472,0.165820,0.199401,0.317517,0.111833,0.107525,0.199485,0.147642,0.047445,0.079981,0.089515,0.169309,0.125877,0.277196,#
7,-0.042113,0.076771,0.213958,0.105442,0.044609,0.064480,0.130994,1.000000,0.109796,0.177987,0.243474,0.361573,-0.019638,0.200209,0.193525,0.100438,0.076613,0.321719,0.050031,0.189821,0.187462,0.249651,0.084349,0.036825,0.202239,0.045748,0.202552,0.284630,0.020974,0.255108,0.143072,0.028574,0.155963,0.050587,-0.019843,0.147744,-0.069908,0.014985,0.155781,0.079044,0.139262,0.170835,0.122270,0.158209,0.140294,0.223445,0.072741,0.195964,0.183089,0.152181,0.149756,0.058820,0.087156,0.177195,0.039965,0.124086,0.205984,0.209628,0.118651,0.089328,0.219957,0.052581,0.200750,0.142475,0.238529,0.184467,0.165486,-0.032153,0.141504,0.237790,0.175892,0.008270,0.260844,0.158220,0.015294,0.160596,0.046647,0.238838,0.172814,0.248730,0.246948,0.087631,0.209731,0.097083,0.235349,0.021806,0.087101,0.027646,0.192319,0.183862,0.076438,0.103962,0.162312,0.233082,0.025273,0.053615,0.034337,0.186541,0.024097,0.069796,0.162099,0.042407,0.170037,0.056607,-0.052642,0.236926,0.368839,0.063638,0.077602,0.155790,-0.036978,0.058278,0.095919,0.154489,0.258101,0.237812,-0.037038,0.053959,0.065845,0.222547,0.135693,0.199088,0.090340,0.147579,0.227915,0.077792,0.111182,0.161975,0.100875,0.063836,0.138039,0.142102,0.214014,0.093032,0.342171,0.172015,0.051756,0.404410,0.035566,0.200508,0.265874,0.067090,0.016891,0.076310,0.148434,0.057396,0.190800,0.202726,0.109123,0.118987,0.153599,0.210931,0.077909,0.047135,0.005331,0.101621,0.189572,0.116810,0.202017,0.195237,0.077085,0.219401,0.194893,0.118564,0.042680,0.179609,0.250425,0.174469,0.082900,0.123990,0.119285,0.081618,0.134168,0.071274,0.107820,0.088665,0.081096,0.159765,0.028289,0.159033,0.141397,0.117845,0.137340,0.256111,-0.256571,0.111652,0.041832,0.008161,0.162644,0.261433,0.234136,-0.013311,0.278283,0.103056,0.093630,0.134664,0.037423,0.057624,0.221120,0.087596,#
8,0.208431,0.248414,0.137580,0.217990,0.329995,0.245026,0.215388,0.109796,1.000000,0.170159,0.242702,0.208410,0.164831,0.128051,0.265141,0.101139,0.068472,0.158858,0.126024,0.215999,0.273105,0.173412,0.060359,0.340818,0.140572,0.159895,0.094272,0.157280,0.007584,0.168611,0.026130,0.204338,0.062359,0.134947,0.038713,0.209384,0.283148,0.089183,0.173465,0.179432,0.181016,0.192324,0.029781,0.124618,0.291792,0.262760,0.126982,0.185016,0.103949,0.138893,0.079013,0.293397,0.104842,0.330111,0.102313,0.305146,0.117345,0.269395,0.119276,0.265552,0.199437,0.089494,0.294697,-0.069701,0.298234,0.339117,0.162806,0.122711,0.388958,0.194260,0.038352,0.119315,0.311365,0.077316,0.113261,0.069262,0.105744,0.213281,0.138729,0.069248,0.217695,0.269214,0.250748,0.080225,0.362248,0.085988,0.153659,0.186143,0.242347,0.275253,0.147194,0.309067,0.197793,0.092736,0.389942,0.330412,0.190488,0.117013,0.222499,0.067773,0.182136,0.057713,0.178161,0.137994,0.246179,0.218657,0.302828,0.133709,0.001886,0.153589,0.114635,0.169760,-0.020217,0.263705,0.109241,0.288377,0.189964,0.154959,0.071871,0.255637,0.256531,0.170982,0.134960,0.140635,0.222268,0.239591,0.122627,0.298083,0.072139,0.208189,0.188072,0.031243,0.235341,0.114836,0.289962,0.211837,0.171078,0.286452,0.299892,0.147137,0.261117,0.142938,0.144648,0.090288,0.080099,0.104632,0.139006,0.274877,0.095034,0.180763,0.242552,0.021155,0.180236,0.196427,0.360846,0.240932,0.154314,0.230064,0.115009,0.220280,0.058916,0.186602,0.071076,0.158255,0.205175,0.100297,0.217602,0.159929,0.145945,0.144376,0.206893,0.061075,0.071536,0.093810,0.020559,0.268156,0.108334,0.298637,0.256391,0.127149,0.148778,0.173480,0.056172,0.167511,0.047890,0.207376,-0.044461,0.034222,0.333661,0.310652,0.203920,0.126290,0.190324,0.047237,0.240474,0.042104,0.156397,-0.028928,0.096869,0.139325,#
9,0.140836,0.043166,0.136208,0.096314,0.113144,0.266834,0.081824,0.177987,0.170159,1.000000,0.331221,0.079196,-0.047399,0.147569,0.150532,0.148957,0.086064,0.054228,-0.091938,0.265099,0.066365,0.117995,0.030478,0.019825,-0.001685,0.021145,0.241740,0.108310,0.073366,0.136912,0.268479,0.142428,0.019987,0.173568,0.172005,0.169804,0.047130,0.222992,0.128740,-0.041648,0.220755,0.227035,0.099987,-0.055783,0.049363,0.197405,0.113209,0.136818,0.020530,0.102804,0.088330,0.261315,0.126519,0.104229,0.058947,0.228338,0.161773,0.199404,0.080249,-0.025425,0.165415,0.042494,0.316193,0.068815,0.213667,0.186882,-0.017590,0.016405,0.122677,0.035657,0.173243,0.167731,0.159225,0.140672,0.084812,0.138931,0.056841,0.127949,0.307634,0.144021,0.078166,0.308450,-0.076696,0.028062,0.253347,0.143908,0.186162,0.120430,-0.096586,-0.073725,-0.053076,0.140450,0.139929,0.030328,0.131912,0.226692,0.188312,0.120220,0.099886,-0.024188,0.093200,0.185556,0.261814,0.104676,0.247621,0.174344,0.093324,0.050263,0.163206,0.018717,0.057630,0.132100,0.087708,0.257396,0.031244,0.149746,0.074843,0.187700,0.212155,-0.044369,0.185966,0.218473,0.016686,0.209976,0.137473,0.140923,-0.098329,0.158260,0.140498,0.193692,0.199648,0.022780,0.067174,0.099171,0.140947,0.150811,0.215125,0.333916,0.105551,-0.065982,0.083383,0.239550,0.170920,0.030665,0.079959,0.102930,0.144979,0.229881,0.158408,0.354972,0.085719,-0.055379,0.343634,0.286255,0.186404,0.239193,0.156740,0.196593,0.334257,0.074098,0.174964,0.092263,-0.000665,0.294807,0.082974,0.027511,0.070879,0.142868,0.320215,0.071304,0.117258,0.115837,0.165653,0.088866,-0.048547,0.199813,0.219122,0.042036,0.056067,0.134543,0.031270,0.092255,0.299233,0.178848,-0.044207,0.175644,0.152054,0.153702,0.261968,0.135385,0.124582,0.119261,0.013932,0.148640,0.147494,0.131154,0.057452,-0.006621,0.118422,0.225884,#
10,0.171228,0.323147,0.271122,0.232591,0.165461,0.189148,0.224061,0.243474,0.242702,0.331221,1.000000,0.139259,0.036094,0.224485,0.218371,0.072613,0.165161,0.245618,0.283523,0.276827,0.116525,0.174015,-0.102382,0.206022,0.127349,0.111254,0.192508,0.240427,0.121662,0.263074,0.241478,0.211483,0.166549,0.101750,0.087091,0.229380,0.048559,0.200605,0.353785,0.081675,0.202956,0.125748,0.190261,0.053671,-0.056950,0.223448,0.231989,0.255446,0.218889,0.212828,0.206738,0.246812,0.101072,0.148584,0.024815,0.306312,0.105903,0.189319,0.123305,0.174237,0.116441,0.216979,0.164501,0.201240,0.347438,0.347698,0.171716,0.097386,0.208127,0.165529,0.168115,0.162539,0.301827,0.226712,0.091601,0.256277,0.180629,0.117030,0.213015,0.140107,0.224958,0.175780,0.218357,0.211822,0.318275,-0.000337,0.295604,0.133906,0.090462,0.151037,-0.000233,0.092791,0.243870,0.106165,0.261279,0.289580,0.287291,0.040899,0.228620,0.145303,0.117128,0.112642,0.261605,0.110118,0.223040,0.153754,0.200540,0.227032,0.114359,0.103341,0.107750,0.270788,0.164147,0.185485,0.342081,0.275116,0.115155,0.126619,0.200474,-0.000222,0.106154,0.232776,0.120569,0.196483,0.203741,0.071943,0.057969,0.219440,0.137742,0.279065,0.378945,0.138824,0.235972,0.060005,0.240051,0.222099,0.217413,0.409102,0.186084,0.129990,0.308209,0.111523,0.228828,0.166743,0.143176,0.127574,-0.030503,0.131037,0.155174,0.186367,0.139462,0.176195,0.306736,0.078280,0.309307,0.170051,0.194957,0.037227,0.254423,0.204510,0.191892,0.164754,0.325053,0.257878,0.199758,0.120208,0.259021,0.234453,0.210332,0.133805,0.196147,0.177507,0.081016,0.123592,0.069364,0.119041,0.164711,0.231779,0.166153,0.252026,0.251862,0.162263,0.282748,0.121619,0.103864,0.237399,0.119785,0.042051,0.225773,0.187547,0.258566,0.091111,0.166448,0.100752,0.262946,0.121075,0.068342,0.237747,0.363497,0.391343,#
11,0.021311,0.235328,0.354146,0.253100,0.048416,0.078930,0.180658,0.361573,0.208410,0.079196,0.139259,1.000000,0.062110,0.140670,-0.031356,0.079371,0.062799,0.254253,0.134499,0.009931,0.086964,0.259350,-0.072607,0.175573,0.315510,0.200090,0.008781,0.250913,-0.120274,0.274912,0.250877,0.200687,0.114360,0.140350,0.046849,0.160995,0.211325,0.075662,0.177336,0.073848,0.185014,0.242543,0.258395,0.316952,0.019378,0.325690,0.145332,0.149541,0.157746,0.086203,0.277745,0.187511,0.149353,0.248968,-0.129339,0.101133,0.248470,0.220853,0.180516,0.068175,0.067644,0.024932,0.316235,0.156806,0.213077,0.350694,0.165773,0.258284,0.176706,0.248075,0.048864,-0.060701,0.259925,0.113087,0.068357,0.167834,0.128784,0.134584,0.261034,0.158720,0.275295,0.069176,0.186662,0.121446,0.263574,-0.083203,0.175371,0.254964,0.215798,0.051268,0.076394,0.234337,0.351370,0.452675,0.116333,0.227250,0.060006,0.154256,0.210261,0.228057,0.222440,0.047092,0.116374,0.123920,0.035296,0.300179,0.286032,0.193957,0.199389,0.081409,0.183114,0.163557,0.192650,0.173058,-0.068840,0.380747,0.119361,0.106583,0.053716,0.167937,0.136797,0.209070,0.234556,0.131335,0.194215,0.116949,0.159391,0.272058,0.213448,0.154037,0.082353,0.262368,0.265691,0.244481,0.174748,0.148342,0.028490,0.400626,-0.001238,0.256744,0.134304,0.132004,0.141244,0.143992,0.141852,0.142644,0.136295,0.161279,0.214837,0.083120,0.047265,0.303212,0.190579,0.174984,0.261035,0.112331,0.099193,0.014629,0.155169,0.250534,0.118073,0.275206,0.102754,0.145699,0.187133,0.118094,0.303545,0.181628,0.197478,0.241742,0.221142,0.079832,0.078155,-0.005194,0.145506,0.285560,0.243003,0.219000,0.131065,0.119618,0.206555,0.142793,0.097987,0.132547,-0.172953,0.272811,0.106722,0.119656,0.143886,0.171821,0.105035,-0.011219,0.295089,0.014398,0.250293,0.149009,0.118867,0.120981,0.156232,0.143819,#
12,0.068418,0.139475,0.145826,0.167055,0.234743,0.166779,0.006466,-0.019638,0.164831,-0.047399,0.036094,0.062110,1.000000,-0.000282,0.148446,0.087636,0.184670,0.088429,0.182466,0.359554,0.122964,0.063535,0.067303,0.232278,0.031477,0.144676,0.128677,0.093223,0.079555,0.223542,-0.106375,0.289137,0.151571,0.185857,0.106651,0.306251,0.234982,0.003562,0.216067,0.009307,0.229410,0.068665,0.155820,0.234291,0.211724,0.200867,0.141171,-0.031714,0.150071,0.133187,0.235790,0.079459,0.127073,0.134712,0.065593,0.165409,0.009905,0.171898,0.164926,-0.029124,0.102843,0.107993,0.081337,0.109323,0.207068,0.122980,0.130847,0.150023,0.145166,0.050517,-0.010629,0.167692,0.102407,0.049104,0.203718,0.125731,0.116064,0.052617,0.059441,-0.084758,0.209069,0.144760,0.042079,0.128821,0.226062,0.160365,0.058830,0.225776,0.183137,0.097948,0.161738,0.157614,-0.036382,0.244111,0.199954,0.157276,0.203138,0.114813,0.189336,-0.045825,0.275717,0.125392,0.068434,0.062100,0.276785,0.152669,0.226201,0.072898,0.018681,0.118280,0.175575,-0.018273,0.124045,0.203753,0.030873,0.007141,0.062450,0.166817,0.192246,0.125794,0.149021,0.128448,0.248898,0.146253,0.181879,0.011494,0.255393,0.070370,0.109494,0.014430,0.171153,0.051209,0.082213,0.103377,0.096082,0.108545,0.185988,0.101514,0.148758,0.148181,0.221535,-0.028479,0.095525,0.048652,-0.032681,0.113713,-0.030288,0.201905,0.118162,0.055517,0.041498,0.236621,0.045118,0.129744,0.009974,0.038420,0.052051,-0.029799,0.065439,0.117779,0.024394,0.303640,0.141047,0.237161,0.024454,-0.017540,0.277799,-0.002887,0.067241,0.182088,0.096024,0.068013,0.080444,0.128721,0.133703,0.045887,0.149952,0.321998,0.022493,0.215147,0.163060,0.117836,0.218162,0.190249,0.089192,0.112820,0.049075,0.181006,0.067585,-0.055002,0.143239,0.104765,0.159798,0.106332,-0.021634,0.120221,0.167182,0.183497,0.195530,0.081918,#
13,0.029983,0.215631,0.342756,0.199917,0.179467,0.138051,0.193526,0.200209,0.128051,0.147569,0.224485,0.140670,-0.000282,1.000000,0.292537,0.173270,0.200814,0.076077,0.198437,0.296368,0.220552,0.173924,-0.079172,0.189954,0.194045,0.326194,0.311934,0.187968,0.141458,0.190067,0.220155,0.240976,0.212324,0.174394,0.130309,0.118563,0.065925,0.166607,0.066471,0.109339,0.144484,0.195350,0.203510,0.205821,0.126983,0.224763,0.197145,0.184331,0.121226,0.203842,0.170909,0.212791,0.302948,0.201157,0.132176,0.299008,0.089295,0.259776,0.226091,0.252287,0.260040,0.084466,0.343879,0.079938,0.172334,0.208084,0.439741,0.152505,0.347104,0.192873,-0.043213,0.071575,0.207371,0.136422,0.276369,0.164316,0.300322,0.324159,0.305286,0.110834,0.230682,0.316824,0.104252,0.394915,0.318998,0.006266,0.289296,0.275700,0.221197,0.213516,0.063679,0.244342,0.289852,0.296851,0.111314,0.231543,0.190639,0.079199,0.190859,0.204776,0.296645,0.194274,0.273094,0.267674,0.121460,0.269500,0.294633,0.213944,0.325609,0.194074,0.091146,0.130075,0.326182,0.202536,0.247711,0.224702,0.291730,0.223557,0.065958,0.128619,0.349871,0.288159,0.135694,0.339312,0.288226,0.151170,0.114032,0.088051,0.332289,0.220107,0.187098,0.134581,0.110465,0.141591,0.363996,0.312361,0.265967,0.250162,0.360278,0.191780,0.039233,0.121676,0.366314,0.152248,0.254174,0.362748,0.142615,0.271352,0.017029,0.238288,0.124945,0.175211,0.182090,0.288792,0.255868,0.202743,0.077024,0.307255,0.231321,0.279440,0.101835,0.348244,0.159013,0.385635,0.183489,0.186777,0.103199,0.147100,0.176154,0.278351,0.203535,0.313769,0.118737,0.122677,0.129468,0.245543,0.112514,0.172738,0.289382,-0.015185,0.192341,0.207062,0.178369,0.314601,0.104994,0.246696,0.194446,0.178147,0.121211,0.208985,0.130710,0.257008,0.223392,0.110495,0.119805,0.210029,0.182557,0.216278,0.294815,0.175900,#
14,0.263149,0.095383,0.055854,0.102935,0.153901,0.157603,0.071745,0.193525,0.265141,0.150532,0.218371,-0.031356,0.148446,0.292537,1.000000,0.241468,0.118494,0.225394,0.205960,0.393860,0.206852,0.092886,0.122362,0.307423,0.145736,0.092133,0.247369,0.231666,0.206766,0.199696,0.035855,0.158641,0.120459,0.034573,0.116051,0.172369,0.133384,0.244717,0.138540,0.227717,0.230177,0.097545,0.244759,0.016353,0.171991,0.346974,0.182446,0.122195,0.134759,0.098719,0.277123,0.064645,0.235275,0.219248,0.382420,0.292133,0.226069,0.088774,0.100558,0.097013,0.321535,0.212998,0.103374,0.102360,0.200006,0.123288,0.286584,0.198329,0.278421,0.167271,0.046443,0.202901,0.126295,0.314697,0.114000,0.133037,0.120430,0.203484,0.127041,0.211496,0.266450,0.201048,0.190778,0.283758,0.306177,0.219884,0.020993,0.098715,0.166212,0.152434,0.264939,0.191720,0.242775,0.171424,0.325132,0.094639,0.219256,0.118629,0.099580,0.115385,0.188853,0.205361,0.155582,0.240490,0.186966,0.258922,0.371832,0.322025,0.137403,0.196665,-0.042881,-0.027261,0.181973,0.137244,0.164034,0.157008,0.124788,0.225229,0.244384,0.201904,0.405802,0.246522,0.008247,0.148195,0.250018,0.103524,0.141833,0.168705,-0.036229,0.296904,0.142489,0.205266,0.190827,-0.001279,0.153745,0.079910,0.224063,0.156126,0.081577,0.130917,0.327008,0.261748,0.252311,0.101565,0.091462,0.258253,0.080406,0.164453,-0.025527,0.062057,0.181173,0.023185,0.018445,0.245722,0.199712,0.116659,0.192113,0.193584,0.125515,0.131837,0.101747,0.204792,0.069546,0.128579,0.191252,-0.032983,0.175917,0.162955,0.068126,0.195034,0.309410,0.256861,0.179977,0.131776,0.130713,0.076670,0.346844,0.308130,0.292446,0.192747,0.063418,0.217856,0.172033,0.207830,0.221440,0.194104,0.185277,0.030106,0.141783,0.235326,0.058427,0.229540,0.199743,0.227177,0.168567,0.041750,0.039899,0.183856,0.279291,0.162161,#
15,0.109295,-0.008043,0.231287,0.100047,0.201460,0.028938,0.121649,0.100438,0.101139,0.148957,0.072613,0.079371,0.087636,0.173270,0.241468,1.000000,0.241377,0.219460,0.178859,0.198799,0.092211,0.086961,0.084083,0.209544,0.093274,0.278910,0.202841,0.133038,0.180629,0.128204,0.090001,0.193072,0.039752,0.229636,0.044904,0.011901,0.123442,0.120515,0.171694,0.001784,0.201869,0.185643,0.151658,0.137902,0.192439,0.183743,-0.050437,0.121444,-0.017774,0.162843,-0.011080,0.141816,0.219419,0.135830,0.103460,0.148274,0.059376,0.146448,0.175945,0.212654,0.154148,0.031610,0.264516,0.013128,0.108463,0.181091,0.138720,0.212390,0.228755,0.036591,0.134648,0.218148,0.105566,0.146099,0.121715,0.126811,-0.015602,0.317032,0.073682,0.167416,0.237188,0.087933,0.026177,0.296240,0.175614,0.056444,0.095620,0.182471,0.208308,0.160337,0.014530,0.168392,0.193575,0.241489,0.123579,0.100407,0.263193,0.060907,0.109924,-0.047534,0.188487,0.101968,0.151570,0.134932,-0.027416,0.220319,0.171831,0.128695,0.074837,0.233797,-0.003940,0.169470,0.038279,0.069951,0.149739,0.268574,0.118433,0.002067,0.111311,0.023753,0.277645,0.249173,0.073180,0.266273,0.223526,-0.090534,0.060423,0.089938,0.146229,0.102480,0.094446,0.220375,0.085436,0.138198,0.188710,0.187304,0.099408,0.080793,0.066443,-0.067099,0.018148,0.190432,0.126890,0.079983,0.210440,0.048866,0.055429,0.215087,0.289042,0.168773,0.124378,-0.077694,0.129931,0.419479,0.041134,0.327813,0.069440,0.188720,0.154711,0.101311,0.044063,0.043286,0.205288,0.195409,0.104899,0.119620,0.203137,0.108368,0.138342,0.053909,-0.030231,0.064339,0.165361,-0.068598,0.186752,-0.033928,0.255676,0.072742,-0.081516,0.134656,0.187275,0.174460,0.109452,0.292952,-0.007399,0.181737,0.007499,0.129859,0.126235,0.141035,-0.067612,0.186277,0.160818,0.064600,0.051036,0.108893,0.043315,0.138806,0.124042,-0.021847,#
16,0.109421,0.141918,0.114683,0.194784,0.109104,0.129637,0.147270,0.076613,0.068472,0.086064,0.165161,0.062799,0.184670,0.200814,0.118494,0.241377,1.000000,0.147787,0.175764,0.247660,0.232287,0.161978,0.212301,0.111084,-0.076874,0.299241,0.129510,-0.073648,0.053017,0.191503,0.111975,0.244790,-0.049115,0.302500,0.002321,0.197642,0.133137,0.049549,0.181793,0.148491,0.067123,0.164922,0.099326,0.109899,0.164694,0.329431,0.069940,0.124908,0.099595,0.031138,0.097334,0.195929,0.303520,0.061071,0.129695,0.100721,0.031978,0.109894,0.167215,0.034713,0.082520,0.243999,0.281239,0.216679,0.234859,0.157464,0.157489,0.327742,0.080186,0.186930,0.006924,0.228801,0.262070,0.012443,0.088019,0.250736,0.061838,0.292395,0.166486,0.112517,0.055561,0.184844,0.040375,0.091711,0.118135,0.086364,0.231555,0.160543,0.170111,0.028712,0.096487,0.202192,0.049803,0.130504,0.143777,0.056431,0.263162,-0.044359,0.079072,0.170296,0.155157,0.061465,-0.038018,0.065229,0.152397,0.082110,0.182301,-0.003520,-0.071350,0.169809,0.089480,0.153614,0.155704,0.129164,0.206496,0.270727,0.084842,0.102401,-0.015866,0.172115,0.147589,0.100992,0.185055,0.193144,0.241853,-0.104439,0.031152,-0.004310,0.117874,0.221253,0.076665,0.116814,0.355000,-0.118511,0.355720,0.235902,0.062760,0.232694,0.132020,0.226297,-0.022587,0.121186,0.105793,0.168427,0.238640,0.121765,-0.109647,0.164392,0.203298,0.079558,0.030367,0.104104,0.086673,0.163083,0.165778,0.160442,-0.007827,0.106777,0.154215,0.209872,-0.005911,0.269693,0.264262,0.313717,0.099186,0.065512,0.291266,0.149277,0.043439,0.033669,-0.002260,0.018604,0.050791,-0.049712,0.143452,0.229276,0.095020,0.088107,0.122312,0.101810,0.079120,0.133064,0.222988,0.006451,0.007592,0.184109,0.286770,0.149187,0.112302,0.121326,0.216095,-0.123185,-0.044646,0.079060,0.183336,0.246911,0.019730,0.189582,0.060613,0.029589,#
17,0.259463,0.162711,0.077905,0.240493,0.264486,0.166045,0.145449,0.321719,0.158858,0.054228,0.245618,0.254253,0.088429,0.076077,0.225394,0.219460,0.147787,1.000000,0.175937,0.345858,0.379245,0.121393,0.104583,0.279642,0.140643,0.176945,0.068182,0.098338,0.103225,0.257074,0.087329,0.125759,0.338051,0.114661,-0.003293,0.180757,0.053004,0.224557,0.287775,0.060333,0.285787,0.195420,0.084323,0.279046,0.122256,0.218677,0.177684,0.124539,0.222504,0.188569,0.228670,0.059079,0.028841,0.133089,0.128930,0.243467,0.339067,0.230433,0.203276,0.191896,0.252688,0.107430,0.171212,0.094636,0.185310,0.242882,0.260490,0.256544,0.209021,0.276186,0.096201,0.197672,0.249399,0.175434,0.145505,0.208244,0.088354,0.278441,0.074044,0.285232,0.187751,0.140860,0.429880,0.142600,0.239218,-0.098191,0.147392,0.161690,0.271163,0.189949,0.059108,0.159453,0.236384,0.274827,0.083872,0.159371,0.286664,0.368045,0.193358,0.186952,0.142177,-0.005137,0.184417,0.177312,0.082183,0.313714,0.218116,0.191082,0.036370,-0.055796,0.162270,0.162174,0.163689,0.309025,0.106823,0.274844,0.123424,0.082336,0.056978,0.182892,0.111213,0.254568,0.115360,0.240983,0.407829,0.015650,0.132872,0.233363,0.095244,0.153229,0.102480,0.213566,0.312419,0.176422,0.235692,0.268662,0.266617,0.285712,0.123343,0.325093,0.243312,0.178861,0.111180,0.192843,0.220958,0.173429,-0.074808,0.045599,0.091992,-0.016701,0.137016,-0.055080,0.003965,0.310438,0.247799,0.146725,0.114962,0.118922,0.344931,0.333229,0.215666,0.299343,0.260804,0.155874,0.147398,0.194815,0.216793,0.307630,0.101668,0.152794,0.310404,0.036190,0.079623,0.090974,0.190786,0.020996,0.241164,0.189622,-0.046367,0.327665,0.010497,0.281949,0.226236,0.191993,0.013393,0.160992,0.147269,0.178757,0.293266,0.214447,0.197155,0.226239,0.242296,0.036871,0.316408,0.180622,0.186635,0.121225,0.217661,0.206292,#
18,0.233465,0.095622,0.181669,0.176658,0.248008,0.124794,0.235511,0.050031,0.126024,-0.091938,0.283523,0.134499,0.182466,0.198437,0.205960,0.178859,0.175764,0.175937,1.000000,0.216120,0.219680,0.157715,-0.041299,0.320589,0.250062,0.140086,0.173233,0.245388,0.133138,0.147083,0.104163,0.089173,0.224747,0.119258,0.131196,0.251923,0.224469,0.095916,0.161198,0.243011,0.150083,0.258749,0.167635,0.226744,0.121353,0.169530,0.133422,0.133888,0.094622,0.214279,0.216723,0.010188,0.245296,0.155259,0.077771,0.174723,0.139669,0.144580,0.157484,0.006805,0.124830,0.111480,0.164041,0.123923,0.074490,0.269730,0.293014,0.289645,0.152015,-0.006726,0.002869,0.128521,0.101676,0.033122,0.059047,0.222132,0.074010,0.230679,0.252696,0.106517,0.257308,0.080877,0.206279,0.265062,0.219226,-0.091445,0.222868,0.036584,0.195812,0.125255,0.244932,0.092497,0.173306,0.259976,0.190524,0.277861,0.263387,0.124599,0.239605,0.269136,0.111180,0.244304,0.238662,0.162100,0.259572,0.279119,0.191960,0.188933,0.207411,0.247753,0.185068,0.357749,0.156820,0.090435,0.128654,0.168766,0.103303,0.005733,0.227203,0.200763,0.097615,0.176578,0.140791,0.078984,0.228681,0.004812,0.141104,0.099527,0.253463,0.205177,0.225367,0.266315,0.180904,0.113328,0.256058,-0.035930,0.175635,0.257269,0.053442,0.244656,0.222637,-0.009052,0.175153,0.091655,0.176131,0.210256,-0.040156,0.082853,0.109676,0.010877,0.085519,0.183801,0.194471,0.159874,0.180891,0.257763,0.252491,0.194298,0.010543,0.315367,0.138385,0.217572,0.132470,0.201614,0.136255,0.139745,0.217135,0.207749,0.087314,0.168167,-0.031543,0.049518,0.195566,0.047015,0.051378,0.141495,0.203788,0.274432,0.324611,0.061695,0.141694,0.187531,0.269690,0.079684,0.176549,0.118133,0.249328,0.221578,0.149502,0.164738,0.113489,0.266002,0.241918,0.087594,0.178406,0.072150,0.077597,0.268184,0.317350,0.204244,#
19,0.296868,0.175357,0.208279,0.190892,0.394556,0.074841,0.135828,0.189821,0.215999,0.265099,0.276827,0.009931,0.359554,0.296368,0.393860,0.198799,0.247660,0.345858,0.216120,1.000000,0.262727,0.243809,0.135463,0.234815,0.054265,0.334275,0.291901,0.139147,0.226610,0.350853,0.067883,0.294608,0.223271,0.148225,0.191873,0.314247,0.042110,0.157053,0.358605,0.102615,0.247443,0.244067,0.105091,0.083816,0.148095,0.308281,0.332145,0.357717,0.147346,0.274281,0.237364,0.177777,0.149685,0.331616,0.219578,0.276392,0.217797,0.203852,0.196830,0.169150,0.322673,0.196492,0.214931,0.202612,0.322944,0.229335,0.239278,0.270483,0.252753,0.271147,0.201507,0.316188,0.281728,0.098701,0.241149,0.378537,0.137981,0.356200,0.347464,0.066636,0.316730,0.309856,0.205221,0.192891,0.399890,0.036871,0.225958,0.167967,0.264451,0.179357,0.115691,0.250611,0.255589,0.187427,0.220472,0.180412,0.286531,0.241278,0.063562,0.175033,0.213034,0.203181,0.289237,0.313553,0.337656,0.296350,0.229736,0.402891,0.105278,0.097156,0.152328,0.225951,0.268470,0.346734,0.270536,0.253666,0.267921,0.291450,0.269637,0.040296,0.397870,0.377891,0.230683,0.344195,0.474235,0.183310,0.256663,0.229448,-0.000649,0.202890,0.161349,0.076769,0.366497,0.124698,0.189278,0.244324,0.282017,0.319374,0.210313,0.279822,0.245140,0.270490,0.251751,0.203671,0.215955,0.222534,0.027905,0.308469,0.256809,0.052680,0.155128,0.173994,0.192064,0.391036,0.279723,0.081789,0.166579,0.168436,0.213457,0.171437,0.272155,0.331283,0.287091,0.280154,0.193114,0.168719,0.150873,0.195647,0.222374,0.099947,0.262803,0.141619,0.245387,0.157035,0.163553,0.094561,0.318884,0.337661,0.168245,0.198113,0.121272,0.354562,0.198104,0.235041,0.189611,0.242392,0.186663,0.254884,0.313472,0.208007,0.310828,0.277522,0.158704,0.191350,0.208619,0.187309,0.202071,0.177391,0.332969,0.379966,#
20,0.221958,0.144169,0.289561,0.293061,0.328874,0.260887,0.200484,0.187462,0.273105,0.066365,0.116525,0.086964,0.122964,0.220552,0.206852,0.092211,0.232287,0.379245,0.219680,0.262727,1.000000,0.192901,0.107944,0.265086,0.279888,0.293139,0.160883,0.152072,0.131410,0.220598,0.155373,0.136447,0.207868,0.122278,0.037094,0.191035,0.207346,0.176892,0.143772,0.180857,0.250349,0.351731,0.080977,0.097466,0.301215,0.291890,0.339480,0.172232,0.173179,0.244438,0.049530,0.223155,0.190123,0.222403,0.181403,0.176333,0.255002,0.250682,0.220171,0.075420,0.259468,0.068812,0.307106,0.162446,0.194170,0.153083,0.267840,0.230912,0.376751,0.246217,0.176154,0.211204,0.384966,0.221047,0.039911,0.081585,0.195808,0.367862,0.228433,0.119933,0.137468,0.207533,0.301025,0.122951,0.265679,0.162774,0.232390,0.163517,0.343982,0.207362,0.105776,0.282162,0.218768,0.327090,0.229257,0.264929,0.276507,0.257918,0.158773,0.024631,0.227962,0.074415,0.157737,0.223284,0.154861,0.249898,0.187234,0.188087,0.070850,0.187930,0.255537,0.239073,0.153859,0.273022,0.126334,0.303707,0.273737,0.087954,-0.014702,0.141875,0.112070,0.233065,0.057304,0.152193,0.322279,0.127387,0.254924,0.265597,0.218985,0.196965,0.185976,0.215493,0.264612,0.004900,0.324467,0.252102,0.398685,0.288066,0.273772,0.147878,0.274559,0.220432,0.118945,0.224070,0.335949,0.178020,-0.113941,0.227584,0.232845,0.218225,0.260311,0.190057,0.028650,0.157577,0.215531,0.163327,0.143437,0.053690,0.126496,0.420354,0.209722,0.310143,0.263819,0.258633,0.271632,0.167695,0.012744,0.327355,0.077354,0.093025,0.290797,0.089492,0.050971,0.053818,0.070084,0.357186,0.113580,0.168384,0.300224,0.258052,0.177625,0.170437,0.161572,0.298086,0.089624,-0.024947,0.269326,0.169452,0.219780,0.310695,0.153276,0.269377,0.180056,0.115627,0.266528,0.251128,0.220602,0.275915,0.217706,0.156243,#
21,0.211472,0.244630,0.376291,0.222979,0.186844,0.131770,0.130674,0.249651,0.173412,0.117995,0.174015,0.259350,0.063535,0.173924,0.092886,0.086961,0.161978,0.121393,0.157715,0.243809,0.192901,1.000000,0.079885,0.151133,0.213571,0.079317,0.205648,0.256018,0.207764,0.276528,0.157747,0.225659,0.123297,0.259496,-0.031905,0.264313,0.314483,0.210541,0.349905,0.093966,0.153767,0.241647,0.078408,0.264810,0.157177,0.237033,0.260976,0.299063,0.024770,0.184079,0.223434,0.105313,0.184603,0.160213,0.124637,0.181767,0.201018,0.141706,0.004044,0.090680,0.142323,-0.011131,0.288507,0.188940,0.299985,0.238359,0.058815,0.182257,0.305130,0.364167,0.242439,0.106025,0.389459,0.314471,0.054051,0.156486,0.151335,0.192161,0.127621,0.143558,0.288426,0.194007,0.137783,-0.040644,0.294270,-0.096943,0.238836,0.091803,0.212444,0.264014,0.021922,0.144513,0.155926,0.152409,0.203800,0.197656,0.264802,0.212819,0.014152,0.215704,0.374265,0.102627,0.108292,0.130267,0.182506,0.242093,0.277961,0.206837,0.162861,0.063636,0.187780,0.212282,0.111609,0.234672,0.109615,0.311324,0.273640,0.128724,0.134715,0.210408,0.164306,0.278266,0.027812,0.318674,0.188605,-0.003196,0.173290,0.181079,0.077936,0.051575,0.117489,0.127101,0.293344,0.128921,0.207336,0.110228,0.333938,0.230951,0.080823,0.301237,0.163084,0.297534,0.185559,0.089607,0.225776,0.220349,0.098518,0.208068,0.207503,0.060591,0.028204,0.151734,0.129569,0.071907,0.281304,0.069082,0.032604,0.171441,0.104728,0.163798,0.305688,0.279962,0.163026,0.107142,0.235401,0.087811,0.015628,0.269572,0.078013,0.327622,0.129655,0.105223,0.272890,0.150699,0.034071,0.266053,0.265362,0.233625,0.122595,0.203142,0.138218,0.220996,0.060100,0.222465,-0.040038,0.123492,0.164286,0.239110,0.318888,0.249739,0.283295,0.060433,0.272404,0.060766,0.279804,0.250650,0.131750,0.212629,0.230232,0.221530,#
