0,1.000000,0.028665,-0.051099,-0.016291,0.075342,0.113776,0.064523,-0.101011,0.019557,-0.031778,0.104151,-0.093782,-0.011286,-0.143306,0.176955,0.329799,0.193837,0.201134,0.107953,0.147233,-0.054497,-0.098270,0.201173,0.296121,-0.029945,-0.028724,0.056965,-0.173583,-0.030712,0.076740,-0.047297,0.248069,0.025888,0.153878,0.227559,0.014180,-0.055074,0.044061,0.152060,0.105204,0.071992,-0.026695,0.159346,-0.116200,0.034978,-0.032263,-0.041584,0.164218,0.113961,0.208064,-0.024371,0.074346,0.016760,0.088048,0.235338,0.086613,0.138444,0.105658,-0.002347,0.026736,0.099094,0.140821,0.143772,-0.015803,-0.068400,-0.010613,0.074769,0.134544,-0.010382,0.045889,0.042749,-0.062691,0.056705,0.200356,0.024241,-0.157042,0.228420,0.102516,-0.032912,0.083409,-0.064297,0.002313,0.005551,0.130485,0.167711,0.050356,0.146218,0.109991,0.195353,0.191034,0.002044,-0.006905,0.158203,-0.086800,-0.047504,0.093430,0.038576,-0.084969,0.040425,0.177673,0.122505,0.038970,-0.027993,0.081399,0.020290,0.109878,0.155993,0.118805,0.169575,-0.129422,-0.046911,0.108075,-0.070744,-0.022953,0.129871,0.036894,0.018622,-0.111566,0.105771,0.055747,0.030475,0.009764,0.164092,0.097971,0.135726,0.145083,0.112169,-0.079196,0.029751,0.162633,0.099853,0.015380,-0.124438,-0.058958,0.011059,0.092433,0.050513,-0.036337,-0.217507,0.090346,0.200125,0.025380,-0.033074,0.093527,0.019147,-0.133997,0.096570,-0.024462,0.062856,-0.056248,-0.105682,0.058364,0.061579,-0.088825,-0.031690,0.197628,0.164004,0.102062,0.061677,0.042737,0.136008,0.109912,0.073080,-0.115808,0.063421,0.252574,-0.054017,0.189148,0.171837,0.013729,-0.077798,-0.059623,0.105514,0.025728,-0.028265,0.143591,0.227154,0.077145,0.083841,-0.002350,0.118271,0.095515,0.125994,0.006781,0.093568,-0.098474,0.038022,0.219023,0.138999,-0.121248,-0.170349,0.093297,-0.119309,0.091679,0.105179,0.135447,-0.018699,0.109488,0.018242,0.093828,#
1,0.028665,1.000000,0.032064,0.042784,-0.025858,0.039960,0.149867,0.084423,0.214484,0.050027,0.148254,0.227667,0.038114,-0.178429,-0.083324,-0.066883,-0.005672,0.080067,-0.099358,0.043179,-0.158135,0.110427,0.020356,-0.130148,0.082897,0.048850,-0.022180,0.117255,-0.218038,0.006121,0.067617,0.020196,-0.096492,0.089079,-0.095320,0.080717,0.066652,-0.029361,0.143626,0.021120,0.001816,-0.094255,0.143110,0.028755,-0.053084,-0.034128,0.285221,0.017351,0.067975,-0.026783,0.065459,-0.016297,0.115787,0.092144,0.073451,0.086506,0.003279,-0.093034,-0.152568,0.047219,-0.029417,0.012120,0.111293,-0.038130,-0.126373,0.136831,0.065412,0.158458,0.087680,0.106967,0.114775,0.099266,0.193170,-0.045921,0.124669,0.024212,0.046752,0.008145,0.189728,0.011977,0.063905,0.081724,-0.100792,0.043943,0.173532,-0.066011,0.085954,0.146608,0.036235,-0.049246,0.005574,0.022614,-0.120797,0.024104,0.038059,0.043784,-0.067869,-0.040669,-0.035887,0.055159,0.150344,0.069622,-0.033237,-0.069828,-0.074629,0.043214,0.110321,0.118977,0.108258,0.003339,-0.042109,0.081224,-0.020052,0.004583,0.057974,0.197124,0.088480,-0.085782,0.018331,-0.080058,-0.167087,0.072714,0.119603,0.137948,0.023500,0.041921,0.059170,0.067538,0.109972,0.110370,-0.029965,0.120771,0.018557,0.034674,0.040719,0.070019,0.195343,0.163041,0.083790,0.211567,0.126108,-0.006314,0.060101,0.240486,0.248344,-0.048327,-0.042167,-0.017009,0.014036,-0.124841,0.083755,0.034061,-0.041349,-0.140760,0.181458,0.090064,-0.103702,0.054846,-0.280609,-0.173462,-0.103268,0.122265,0.097139,0.152366,0.074704,-0.077340,-0.054947,-0.142876,-0.032796,0.168063,0.086825,0.123206,0.043203,0.033965,0.016589,0.094517,0.043703,0.074960,0.049941,-0.001927,0.054807,-0.067110,0.069554,-0.019694,0.130448,0.077058,0.006217,-0.124308,0.196176,0.119796,0.138033,0.073786,-0.192662,0.058891,-0.006916,-0.011661,-0.038611,0.135908,-0.092731,0.227760,#
2,-0.051099,0.032064,1.000000,0.017720,0.218556,0.059503,0.137482,0.006689,0.039266,0.072561,0.206589,0.152944,0.017476,0.153629,-0.052161,0.147051,-0.028700,-0.021901,0.086056,0.065880,0.181521,0.118543,-0.063876,-0.013675,-0.072731,0.142897,0.134867,-0.066629,-0.131987,0.029572,-0.013415,0.035660,0.066419,-0.032379,0.079144,0.066885,0.084061,0.024919,0.071592,-0.175654,-0.028240,-0.043032,0.104874,-0.001548,0.095792,0.040235,0.053607,-0.048481,-0.058634,-0.010075,0.006887,0.161530,0.088401,-0.047703,0.118820,-0.007768,0.120199,-0.099328,0.215498,0.144128,0.308244,0.088372,-0.035055,0.095100,0.086483,0.096489,0.004529,0.084033,0.076320,-0.038311,0.033156,0.190427,-0.085138,0.072943,0.209373,0.052194,0.069962,0.074816,0.002066,0.076533,0.061424,-0.086032,0.049725,-0.118877,0.108187,0.080074,0.049376,0.147205,-0.011577,-0.089495,0.041864,0.135008,0.069472,0.142014,-0.031348,0.136623,0.050793,0.023665,0.124078,0.040534,0.093206,0.099024,-0.044546,0.161072,-0.044600,0.172753,0.081259,0.158367,0.122082,0.078296,0.138142,0.074506,0.176067,0.039832,-0.000679,0.136348,0.090427,-0.045533,-0.157009,0.071243,-0.098830,-0.105457,0.008537,0.033439,0.054906,-0.043515,0.174103,0.050633,0.144022,0.085873,-0.108346,0.115528,0.010813,0.168043,0.134175,-0.132634,0.088539,0.030245,0.086174,-0.049123,0.090381,0.110431,-0.003525,-0.002374,0.200844,-0.125179,-0.149193,-0.090780,0.096459,-0.005023,0.071115,0.093676,0.199468,0.122137,-0.131874,0.039898,0.088806,-0.093618,0.051495,0.077140,-0.113046,0.128860,0.148866,0.211830,-0.015575,0.217840,-0.036282,-0.067001,-0.057669,0.085195,-0.103413,0.253260,0.140978,-0.056029,0.073812,-0.003784,0.040877,0.001127,-0.114097,-0.027785,0.094099,0.204101,-0.120354,0.066245,0.051337,0.108953,0.092087,-0.038775,0.009447,-0.017853,0.022837,0.068809,0.152185,0.149875,0.127522,0.023382,-0.099168,-0.019431,0.077725,0.100980,#
3,-0.016291,0.042784,0.017720,1.000000,0.086553,-0.008820,0.063643,-0.007267,0.253104,0.087184,0.117178,0.041729,0.034505,-0.041032,0.089483,-0.001822,0.018585,0.107265,0.162816,0.139168,0.098844,0.105436,0.213302,0.197123,0.051526,0.167116,0.127764,0.017041,0.124341,0.134272,0.092919,0.103577,0.292571,0.188660,-0.090160,0.113037,0.072867,0.231433,0.264309,0.042736,-0.033676,0.206234,0.133347,0.170390,-0.039543,0.115696,-0.030877,0.155421,-0.084176,-0.006727,0.055392,0.083236,0.173292,-0.044413,0.084557,0.141932,0.121288,-0.008634,0.019592,0.139069,0.172147,-0.018988,0.004890,-0.040791,0.281408,-0.012875,-0.009148,-0.152520,-0.076228,0.199627,0.022678,0.113372,0.167388,-0.054550,0.071813,0.065009,0.011959,0.079674,-0.031821,-0.135329,0.151613,0.140920,0.194101,0.007046,0.189047,-0.007645,-0.023703,0.015866,0.115113,0.032622,0.210381,0.120490,0.009384,0.074891,0.046165,0.063680,0.037975,-0.131306,0.139306,-0.012615,0.142189,0.053202,-0.008129,-0.049625,0.276181,-0.026795,0.207823,0.174433,-0.038540,0.017800,0.114864,-0.060540,0.070880,0.014853,0.034988,0.025389,0.025944,0.133321,0.030373,-0.005733,0.025010,0.000982,0.084299,0.089305,-0.042145,0.111153,0.137331,0.220920,-0.023055,-0.023691,0.175825,0.100426,0.068000,0.124000,0.014574,0.133918,0.013601,0.023975,0.093132,0.078798,-0.031055,0.242687,0.117255,-0.062061,0.031257,0.012306,0.156700,0.274950,0.020002,0.136933,-0.035833,-0.047389,0.013175,0.086981,0.167757,-0.026105,-0.072242,0.060066,0.199164,0.031850,0.007068,0.043177,0.095015,0.221264,0.029698,0.035387,0.028051,0.072331,-0.058025,0.081059,0.097016,-0.130669,0.002095,-0.084284,0.006931,0.118223,0.116359,0.056750,-0.074362,0.145773,-0.038579,0.268811,0.113551,-0.197211,-0.114504,-0.040576,0.072403,0.031820,0.106036,0.110580,0.146570,0.070751,0.063650,0.018129,0.094561,0.053814,0.186941,-0.007028,0.004775,-0.004469,#
4,0.075342,-0.025858,0.218556,0.086553,1.000000,0.167743,-0.004958,0.089635,0.187737,0.170021,-0.061765,0.086977,0.097085,0.062348,0.099213,0.131605,-0.012799,0.111551,0.095944,0.288867,0.323371,0.043038,0.178774,0.198684,-0.074774,0.173537,0.062615,-0.137955,0.135327,0.033987,0.116778,0.102614,0.186184,0.133803,0.025653,0.137698,0.327854,0.021697,0.187272,0.079451,0.028278,0.212797,0.072049,0.066337,0.174747,0.153936,0.240331,0.147513,0.010995,0.018042,0.015816,0.129476,0.140407,0.169221,0.331344,0.196731,0.107933,0.089843,0.219754,0.172637,0.147542,0.185063,0.069035,-0.064930,0.064563,0.027324,0.005222,0.141238,-0.024090,0.103125,0.200728,0.154470,0.153779,0.119486,0.104844,-0.006195,0.038157,0.183207,0.089584,0.180279,0.138991,0.203602,0.053825,0.020994,0.333260,0.095063,0.086965,0.112633,0.099567,0.067284,0.268221,-0.051811,0.156525,0.045637,0.156440,0.162224,0.028940,0.043027,0.004154,0.075822,0.089351,0.090268,0.141888,0.100091,0.042378,0.236052,0.008249,0.149293,0.207405,0.220766,0.118169,0.223770,0.265387,0.210476,0.079635,0.021574,0.185747,0.096626,-0.015131,0.099870,-0.075590,0.045902,0.095119,0.032209,0.195103,-0.055708,0.188805,0.137988,0.272435,0.129130,0.182049,0.002262,0.116077,0.251166,0.155633,0.088221,0.030622,-0.013414,0.144302,0.015801,0.075413,0.094038,0.143033,-0.004524,0.216976,0.144143,0.116721,0.153775,0.012104,0.114665,0.015448,0.173401,0.147289,0.287529,0.242044,0.073728,0.252029,0.081550,-0.095485,0.127685,0.137342,0.057153,0.058421,-0.046786,-0.171711,0.108568,-0.061310,0.085824,0.000562,0.136816,-0.088452,0.055155,0.384040,0.131813,0.208316,0.186614,0.179518,0.171413,0.076832,0.178741,-0.016945,0.033662,0.134582,0.046826,0.193340,0.125675,-0.150615,0.184319,0.139059,0.267348,-0.089996,0.153157,-0.006559,0.084821,0.119885,0.147894,0.193036,-0.029201,0.165241,0.318927,#
5,0.113776,0.039960,0.059503,-0.008820,0.167743,1.000000,-0.017107,0.167612,0.093475,0.171904,0.167025,0.065897,0.162684,-0.052873,0.063196,0.138696,0.013188,0.115244,-0.202565,0.286648,-0.010245,-0.021025,0.214972,0.115976,0.111160,0.040105,0.154158,0.066098,0.162269,0.070202,0.266906,0.194958,0.223021,0.226250,-0.065660,0.174890,0.131906,0.005378,0.153568,0.037310,0.200056,0.041836,-0.033694,0.174281,0.078694,0.098642,0.200614,0.064831,0.192924,-0.044179,0.119656,0.168330,-0.021675,0.007492,0.076697,0.199220,0.127083,-0.053521,0.361782,0.134280,0.046834,0.148187,0.130426,0.087363,0.245386,0.122724,-0.037540,0.128128,0.172337,-0.239819,0.140011,0.079264,0.205445,0.122768,0.101903,0.143321,0.149345,0.154656,0.112648,0.091519,0.208963,0.071170,0.159655,0.029860,0.025191,0.038147,0.090308,0.158506,0.136496,-0.130274,-0.045525,0.107279,0.278842,0.301841,0.033779,0.144342,-0.060191,0.130368,0.193516,0.187296,0.097933,0.172537,-0.110094,0.128136,0.039395,0.276258,0.196793,0.208995,0.146498,0.050469,-0.015894,0.190837,-0.013333,0.022398,0.097752,-0.007262,0.111624,0.109929,-0.067939,0.036386,-0.088092,0.132362,0.072745,0.155812,-0.097887,0.000169,0.176090,0.005120,0.082138,0.095872,0.248409,0.085709,0.231280,0.234484,0.125018,0.170751,0.127804,0.139534,0.047639,-0.098501,0.068375,0.070334,0.127251,0.114233,0.193747,-0.002815,0.021084,0.030704,0.051293,-0.028276,0.163763,0.069139,0.249135,0.113644,-0.012029,0.110490,0.166841,0.052418,0.085266,0.000411,0.140452,0.049233,0.205970,0.117921,0.041536,0.121846,-0.122923,0.244868,0.199070,0.109794,0.299087,0.071013,0.170649,0.073020,0.007977,0.111754,0.134087,0.146251,0.101704,0.161338,0.204648,0.047965,0.272647,0.095513,0.069119,0.101355,0.115016,0.104760,0.064092,-0.048248,-0.019093,0.162643,-0.022064,0.059523,0.124216,-0.022887,0.080462,0.111742,0.145515,0.258637,#
6,0.064523,0.149867,0.137482,0.063643,-0.004958,-0.017107,1.000000,-0.027826,0.147105,-0.013440,-0.009213,0.047973,0.088899,0.063801,-0.027515,0.090700,0.001533,0.038082,0.040943,-0.069513,0.089851,0.124806,-0.099248,0.021679,0.014554,0.055371,0.020246,0.028126,-0.036340,0.151254,0.066171,0.012490,-0.046878,0.052765,-0.005382,0.038949,-0.162238,0.082639,-0.026475,-0.014068,-0.100451,-0.126593,0.112522,0.032391,0.132843,-0.057879,0.014978,-0.127758,0.073947,0.007955,-0.013552,0.032483,0.060175,0.054808,0.006161,0.059770,-0.040926,-0.029895,0.072736,0.099545,0.205816,-0.129989,0.101670,-0.072349,0.138395,0.156354,0.059860,0.060167,-0.082661,0.028171,0.036109,0.036544,-0.064343,0.220754,0.166594,0.062034,0.108554,0.031895,0.028426,-0.058260,0.042056,-0.059111,0.063562,-0.067804,-0.039223,0.109076,0.073022,0.028274,-0.077100,-0.088940,-0.008271,-0.138271,-0.090202,-0.085042,-0.022007,-0.023710,0.180897,0.029662,0.005913,0.242660,0.058534,0.159657,0.141910,0.045214,-0.173328,0.028324,0.152250,-0.053246,0.050936,-0.049671,0.058700,0.076075,-0.074569,-0.237081,0.102691,-0.040960,0.223914,-0.048009,0.027250,-0.085003,0.129016,-0.022206,-0.027026,0.136938,0.003582,0.141616,-0.086751,0.009624,-0.062116,0.011038,0.002835,0.000975,0.068915,-0.000805,-0.001119,0.060694,0.034402,-0.096975,0.083083,0.071111,-0.002651,0.134913,-0.134149,-0.100070,-0.014600,0.042302,0.040949,0.010909,0.053907,-0.187528,0.216922,-0.096794,0.062541,-0.177755,0.091295,0.009487,-0.066043,0.270239,-0.024636,-0.071567,-0.167078,0.090823,0.102024,0.196821,0.005096,0.134726,-0.062694,-0.037304,-0.069147,-0.041220,0.040873,0.018347,-0.084024,-0.046395,0.140892,0.066623,-0.013489,0.006906,0.020298,-0.082969,0.047760,-0.056295,0.139702,-0.025176,0.090452,0.028869,-0.049494,0.049717,-0.125419,0.048795,-0.025114,0.104053,-0.178968,0.107089,-0.067021,-0.103520,0.107496,0.024665,0.083089,0.123778,#
7,-0.101011,0.084423,0.006689,-0.007267,0.089635,0.167612,-0.027826,1.000000,0.296773,0.069577,0.143466,0.193173,0.030939,-0.033130,0.162743,-0.021809,0.081585,0.160692,-0.032088,-0.053860,-0.019932,0.080639,0.137850,0.089399,0.219354,0.059753,-0.018239,0.121759,-0.021126,0.015906,-0.041897,-0.015242,0.093828,0.036400,-0.074907,0.062422,-0.039095,-0.055936,0.201447,0.087054,-0.057370,-0.033593,0.009844,0.196384,0.179323,0.084165,0.117630,-0.009145,-0.052763,-0.017483,0.105363,-0.039790,-0.064891,0.092745,0.075824,-0.004478,0.053914,0.137688,0.096785,0.015743,0.034607,0.142215,0.019208,-0.061421,0.035796,0.144132,0.055131,-0.018395,0.036809,0.271142,0.055586,-0.024306,0.329158,-0.014825,-0.002520,0.026351,-0.066737,-0.039197,0.069014,0.263314,0.073803,0.033471,0.030332,-0.025123,0.069973,0.055775,0.097808,0.032300,0.004999,0.067242,-0.090349,-0.049526,0.050987,0.034429,-0.043204,-0.148009,-0.021276,0.112696,-0.042561,0.098367,0.072309,0.021475,-0.076044,0.003524,-0.055962,0.110262,0.095229,0.055052,0.005401,0.045953,0.063341,0.018181,0.033525,0.029935,0.259113,0.048660,0.043812,-0.179338,-0.104147,0.146353,-0.017569,0.095315,-0.034826,0.082036,0.124153,-0.023502,0.183247,0.074674,0.023719,-0.027373,0.039335,0.071629,0.253121,0.004019,0.190129,0.189847,-0.212353,0.148118,-0.053961,-0.003266,0.183136,0.054177,0.079661,-0.027059,0.084663,0.010112,0.094078,-0.025600,-0.000697,0.131594,0.023804,0.090669,0.112510,0.057807,-0.071776,0.142152,0.093004,0.047718,0.049539,0.087837,0.105189,-0.144385,0.212709,-0.031939,-0.179052,0.235773,0.127054,-0.075385,-0.039238,-0.032129,0.111256,0.043694,0.139410,0.062024,0.144271,0.031940,-0.016764,0.022414,-0.180597,0.180496,0.271443,0.042578,0.067892,0.043153,-0.092225,0.114510,-0.138992,-0.178750,-0.005219,0.218818,0.092039,0.010577,-0.004696,-0.086758,0.063396,-0.027024,-0.042073,0.070825,0.027129,0.081652,#
8,0.019557,0.214484,0.039266,0.253104,0.187737,0.093475,0.147105,0.296773,1.000000,0.177805,0.110548,0.150068,0.101369,-0.024527,0.213136,0.250440,-0.067365,0.165941,0.024384,0.056014,-0.097426,0.211246,0.211137,0.201414,-0.048289,0.152233,0.040171,0.134438,-0.033655,0.172975,-0.025582,0.102732,0.055483,0.087514,-0.037338,0.094463,0.144036,-0.022740,0.110161,0.108818,0.038559,0.133848,0.156604,0.066388,0.178782,0.042841,-0.020150,0.040246,0.112656,0.090712,0.138219,0.253909,-0.001213,0.192242,0.088750,0.237240,0.158203,0.202849,0.001982,0.297719,0.211013,0.022223,0.193596,-0.101056,0.165151,0.279530,0.103833,0.030768,0.212860,0.174581,0.172491,0.008629,0.117153,0.168128,0.174890,0.118913,-0.019868,0.054324,0.076460,0.188806,0.194863,0.158150,0.050538,0.010975,0.152843,0.105003,0.011323,0.026652,-0.045793,0.230766,0.106755,0.124295,0.074521,0.031615,0.241902,0.140953,0.145789,-0.000897,0.112112,0.072187,0.142327,0.041356,0.052938,0.095944,0.082259,0.061030,0.200064,0.163223,0.081946,0.163133,0.045542,0.106161,0.018104,0.041691,0.286552,0.237228,0.129006,-0.057402,0.015767,0.203026,0.062644,0.073357,0.146522,0.127744,0.129014,0.173515,0.161742,0.265899,0.015522,0.145755,0.073792,-0.039441,0.211027,0.169975,0.223793,0.215110,-0.062341,0.032396,-0.028473,0.002140,0.059156,0.142450,0.213077,0.046238,0.051262,0.019181,0.259705,0.091814,0.107438,-0.045960,0.108741,-0.044512,0.068061,0.182615,0.240034,0.289765,0.135213,0.269994,0.019659,0.117945,0.017393,0.034579,0.169520,0.137208,0.093544,0.174170,0.090001,-0.084528,0.047797,0.180202,0.073476,0.112501,0.176854,0.010096,0.292198,0.040601,0.033309,0.152080,0.064223,0.182181,0.137726,0.086945,-0.007351,0.102109,0.098481,0.156953,-0.074154,-0.005214,0.171244,0.135221,0.077226,0.096131,0.077828,0.016432,0.167833,0.054040,0.097461,0.070838,0.057827,0.060028,#
9,-0.031778,0.050027,0.072561,0.087184,0.170021,0.171904,-0.013440,0.069577,0.177805,1.000000,0.195729,-0.028088,0.075763,-0.000096,0.125146,0.160989,-0.006876,-0.018929,-0.037304,0.230743,0.086697,0.068481,0.162605,0.185764,-0.087199,-0.016717,0.124787,0.062063,0.091050,0.061595,0.202090,0.063240,-0.052627,0.227845,0.233861,0.078659,-0.015089,0.055042,0.124613,-0.082713,0.182044,-0.052756,0.094454,-0.068224,0.062856,0.086836,0.048894,-0.015929,-0.118296,0.030503,-0.029767,0.044822,-0.067176,0.083861,-0.050089,0.078510,0.010529,-0.010746,0.233585,0.084464,0.137274,0.095559,0.217676,0.151479,0.076419,0.179512,0.007773,0.014856,0.073331,-0.059895,0.286254,0.072753,0.092631,0.097258,0.057808,0.029140,-0.212572,-0.054119,0.143141,0.228029,0.015468,0.152855,-0.096992,-0.142383,0.242712,-0.048751,0.037238,0.187671,-0.188759,-0.140394,0.013295,0.209017,0.129068,-0.049816,0.052049,0.061305,0.105308,0.185775,0.161556,-0.200554,0.015801,0.098889,0.184071,-0.012416,0.231045,0.100889,0.080443,-0.140340,0.136513,0.051948,0.058804,0.112085,0.160488,0.356605,-0.057610,0.107416,0.008723,-0.044230,0.038964,-0.137385,-0.030165,0.133986,0.003987,0.102487,-0.006489,0.030536,-0.067012,0.161150,0.119393,0.183623,0.056194,-0.061670,0.163469,0.251096,0.131590,0.121858,0.059470,0.048459,-0.053107,-0.117816,-0.100855,0.130926,0.150140,0.094368,-0.131995,0.030100,0.101416,0.016525,0.009709,0.123096,-0.036966,-0.128494,0.224545,0.162582,0.212934,0.055376,0.055780,0.084995,0.181764,-0.067703,0.138627,-0.025246,0.068818,0.212877,0.052136,0.034664,0.015552,0.018526,0.260798,-0.010464,0.089082,0.040584,0.017156,0.100503,0.113628,0.187795,0.004040,0.133663,0.106476,0.064224,0.020580,-0.020424,0.109534,0.088937,0.035519,0.097178,-0.097643,-0.020482,0.284534,0.138223,0.078268,0.102894,-0.007149,0.040039,-0.048209,-0.003533,0.038539,0.078368,-0.048870,0.151172,#
10,0.104151,0.148254,0.206589,0.117178,-0.061765,0.167025,-0.009213,0.143466,0.110548,0.195729,1.000000,0.004008,-0.168811,-0.140738,0.043621,0.129579,0.006073,0.060997,-0.067475,0.104370,-0.055931,-0.071660,-0.029257,0.121442,-0.009267,-0.095868,-0.018563,0.232838,-0.087641,0.123639,0.066323,0.079854,0.122160,0.096481,0.093234,0.028704,-0.026405,0.010936,0.172088,-0.035284,0.205516,-0.094667,-0.082861,-0.097869,0.038358,0.030349,0.069820,0.039458,0.125883,0.258567,-0.063714,0.117684,-0.041364,0.057938,-0.096389,0.139188,-0.030443,-0.098808,-0.030193,0.172675,0.073695,0.078755,0.098967,0.262700,0.178876,0.079074,0.109707,-0.065922,-0.082481,-0.056086,0.007951,0.149993,0.064432,0.083252,0.043707,0.075935,-0.056950,0.016986,-0.057707,0.064148,0.230843,0.061879,0.113406,0.015731,0.202862,-0.031697,-0.003996,0.220335,-0.041694,0.096857,-0.022429,0.188701,0.098446,0.101380,0.099032,0.173853,-0.070293,-0.107813,0.278009,0.105932,-0.025184,0.072595,0.033835,-0.030244,0.167095,-0.184866,0.155553,0.162165,0.043716,-0.035694,-0.066020,0.118996,-0.067737,-0.036054,0.153454,0.256614,0.032050,-0.017162,0.013507,0.031830,0.018656,0.147134,-0.077499,0.074402,-0.159161,0.026074,0.203021,0.254797,0.052873,-0.065565,0.024333,-0.002452,0.043736,0.009785,0.114804,-0.011507,-0.039326,0.301066,-0.104227,-0.028258,0.226593,-0.051369,-0.025412,-0.004303,0.044666,-0.146896,-0.060569,-0.049386,0.043213,-0.007294,0.100802,0.082594,0.244633,0.024807,0.033972,-0.020691,0.111276,-0.081336,0.140916,-0.052406,0.077608,-0.098741,0.201950,0.117928,0.025738,0.095231,0.162701,-0.032406,0.129023,0.155072,0.042643,-0.037075,-0.059558,0.106871,0.136593,0.000094,0.121970,0.197391,-0.106059,0.144472,0.016919,0.023987,0.167328,-0.019697,0.014210,0.081570,-0.052495,-0.226357,0.099216,0.113569,0.136762,0.009050,0.007018,-0.016282,0.167353,-0.052709,-0.126375,0.107196,0.019506,0.244205,#
11,-0.093782,0.227667,0.152944,0.041729,0.086977,0.065897,0.047973,0.193173,0.150068,-0.028088,0.004008,1.000000,0.030643,-0.016065,-0.112053,-0.075107,-0.013323,0.151974,0.014317,-0.214971,-0.018188,0.157347,-0.100297,-0.146259,0.125233,0.126457,-0.217365,0.185505,-0.126419,0.068823,0.152494,0.066971,0.018880,0.091402,-0.004386,0.035380,0.139021,-0.133655,0.024288,0.133220,-0.015420,0.125770,0.196455,-0.007260,0.030605,0.026521,0.082134,-0.074228,0.086658,-0.039506,-0.027082,0.122165,-0.013890,0.212256,0.057677,-0.104131,-0.146455,0.246759,0.076942,0.030030,0.059909,-0.044289,0.046126,-0.137513,0.028933,0.124941,0.126841,0.083721,0.124332,0.079690,-0.002522,-0.012315,0.094781,-0.063786,-0.067089,-0.152659,0.056644,-0.084196,-0.076898,-0.030508,0.119584,0.058293,0.080295,-0.045163,0.139115,-0.079590,-0.059588,0.003494,0.197001,-0.020216,-0.191474,0.102249,0.137923,0.124767,0.063099,0.088222,-0.096349,-0.093420,0.105718,0.119175,0.025153,0.076902,-0.075638,0.037550,-0.071769,0.138210,0.071817,0.150828,0.087880,0.167968,0.158811,0.125508,0.050489,0.073635,-0.092303,0.195085,-0.054639,0.081625,-0.243669,0.046893,-0.073255,0.057251,0.039931,-0.050311,0.068362,-0.099917,-0.108324,-0.021823,0.067601,0.029306,0.078645,0.106148,0.169902,0.106541,0.068278,0.069889,-0.160675,0.200529,-0.061650,0.168204,0.061006,-0.145803,0.083417,0.122140,0.209646,-0.098392,0.060593,-0.051949,-0.082350,-0.049110,0.014274,0.132734,0.059908,0.080204,0.078030,0.105954,0.070092,-0.104705,0.069283,-0.079891,-0.049670,0.096959,-0.065841,-0.018721,-0.083892,-0.015019,0.119905,0.008732,-0.052324,0.117433,-0.009383,-0.007589,0.035240,-0.143376,0.053857,-0.000445,-0.067026,0.061576,-0.127036,0.113883,0.133047,-0.031591,0.069376,-0.114492,-0.056460,0.025409,-0.074786,-0.016388,0.087951,0.149612,0.128989,-0.109361,0.226607,0.157930,0.235685,-0.007093,0.013356,-0.021118,-0.031059,0.107435,#
12,-0.011286,0.038114,0.017476,0.034505,0.097085,0.162684,0.088899,0.030939,0.101369,0.075763,-0.168811,0.030643,1.000000,0.061543,0.229619,0.079764,0.265047,0.139946,0.072034,0.205499,-0.029268,0.186328,0.092886,0.159413,-0.144263,0.135426,0.041185,0.115142,0.093658,-0.005419,-0.040682,0.149455,0.165260,0.093808,0.066320,0.118611,0.098111,-0.008987,0.069434,0.146814,0.002019,-0.057041,0.129074,0.260402,0.119395,0.148058,0.098901,-0.024564,0.109078,-0.015943,0.128170,0.032287,-0.023212,0.156339,0.228426,0.045846,-0.026891,0.053601,0.038938,-0.115224,-0.002437,0.270485,-0.149823,0.135142,0.268280,0.081528,0.028170,0.078726,0.162222,0.078583,0.150131,0.037189,0.156659,0.047205,0.179203,0.187355,0.095206,-0.154955,0.005854,0.002407,0.191751,0.046978,-0.067579,0.038374,0.053333,0.084741,0.091157,0.099074,0.178845,0.020491,-0.043365,-0.060841,0.023164,0.015920,0.056010,0.158370,0.332322,0.101992,-0.029471,0.014317,0.086542,0.079431,0.040342,0.141422,0.063762,0.051511,0.048987,-0.027089,-0.056602,0.003072,0.240886,0.020368,0.048603,0.043605,0.144250,-0.051501,0.249493,-0.133099,0.121137,-0.153738,0.122888,0.078552,0.194016,0.226254,0.151750,-0.187292,0.029132,-0.085819,-0.099860,0.094859,0.050755,-0.022797,-0.000477,0.189386,0.069726,-0.076528,0.145771,0.109872,0.222043,0.062839,0.064471,0.157277,0.109616,-0.040668,0.037959,0.134701,0.046369,0.093216,0.023895,0.112037,-0.035749,0.185146,0.071954,0.005102,0.039864,0.269197,0.002886,-0.099543,-0.012117,0.004300,-0.001034,0.294572,0.214374,0.123372,0.197076,-0.001591,0.140991,0.188709,0.002732,0.014630,0.144875,0.155574,0.001627,0.153198,0.157359,0.061978,0.131883,0.132485,0.060275,-0.021318,0.094863,0.133623,0.124124,0.009949,0.038358,0.079951,0.102422,0.259748,0.004428,-0.057983,0.055044,-0.068585,0.113421,0.142102,-0.052658,0.088097,0.101627,0.090239,0.098917,-0.064627,#
13,-0.143306,-0.178429,0.153629,-0.041032,0.062348,-0.052873,0.063801,-0.033130,-0.024527,-0.000096,-0.140738,-0.016065,0.061543,1.000000,0.212186,-0.011827,0.156006,-0.000321,0.061438,0.155085,0.089522,-0.001124,-0.009448,0.100106,-0.270247,0.145680,0.138747,0.080858,-0.038623,0.058330,-0.013896,0.046467,0.120442,0.013356,0.191046,0.098164,-0.036573,0.064561,-0.176044,0.083904,-0.110678,0.060665,0.094620,0.048845,0.131315,0.124957,0.024868,-0.033690,0.031863,-0.092182,0.064860,-0.029521,0.001232,0.257928,0.062836,0.024164,-0.098203,0.071234,0.011570,0.201800,0.159681,0.186946,0.086589,0.093582,0.027377,-0.012669,0.223565,0.105960,0.065823,0.026817,-0.008631,-0.017220,-0.109041,0.022688,0.191888,0.175737,0.086946,0.061417,0.090054,0.213638,0.049009,0.216148,0.063849,0.105207,0.023604,0.015526,0.018643,0.036496,0.017909,-0.059339,0.064625,0.027273,0.033528,0.135828,-0.020217,-0.122874,0.025868,-0.019924,0.035552,0.248244,-0.018602,0.189470,0.074175,0.282856,0.006629,0.091460,0.088971,0.007568,0.133635,0.118968,0.002092,0.086458,0.292829,0.049740,0.165056,0.126744,0.170808,0.140170,-0.074447,0.174746,-0.013840,-0.051006,0.150625,0.016024,0.086008,-0.164316,-0.005996,-0.132728,0.072538,0.056213,-0.139369,0.040107,-0.019283,0.056152,0.209598,-0.067551,0.008545,-0.056320,-0.005694,0.114223,-0.284299,0.079310,0.266977,0.158403,0.004210,0.118018,0.139804,0.029805,-0.006404,0.046376,-0.054202,0.083391,0.044936,0.180151,0.048241,0.162510,-0.120476,0.058722,0.132926,0.091585,-0.017230,0.157444,0.058787,0.177917,-0.008103,0.103948,-0.097472,-0.062263,0.027015,-0.008845,0.062505,0.242673,0.085036,0.060525,0.203153,0.033012,0.053666,0.164765,0.131183,-0.063435,-0.026156,0.253659,0.022394,0.033194,0.258304,0.173948,0.189611,-0.008941,-0.202781,0.079298,0.103845,0.071656,0.060953,0.194714,-0.044282,0.145220,-0.014458,-0.159102,0.068943,0.028497,#
14,0.176955,-0.083324,-0.052161,0.089483,0.099213,0.063196,-0.027515,0.162743,0.213136,0.125146,0.043621,-0.112053,0.229619,0.212186,1.000000,0.220025,0.124818,0.096116,0.166134,0.236812,0.072868,0.059176,0.092616,0.295375,-0.035021,-0.028315,0.172054,0.053035,0.147192,0.045299,-0.054404,0.259769,0.051240,0.086382,0.217743,0.097858,0.100750,0.068227,0.087895,0.197675,-0.112821,-0.069383,0.135242,-0.016547,0.247940,0.245550,0.067788,-0.074696,0.001445,0.164591,0.130309,-0.001758,0.163341,0.201631,0.295913,0.090295,0.134885,0.073543,0.108340,0.111522,0.131151,0.168777,0.113833,0.126642,-0.016546,-0.082517,0.093557,0.188887,-0.041478,0.167594,0.208019,0.059962,0.099450,0.173981,0.288495,0.087786,0.209549,0.116787,0.062991,0.005367,0.178142,0.220170,0.066803,0.174152,0.097569,0.069005,-0.044755,0.146262,-0.003276,-0.002713,-0.061097,0.108965,0.138602,0.068338,0.090140,0.077014,0.300008,0.051861,-0.017803,0.005935,0.153422,0.234483,0.151300,0.183589,0.175281,-0.055495,0.128784,0.000022,-0.102964,0.100139,0.061979,-0.138789,0.108003,0.215846,0.165024,0.081516,0.184774,-0.068536,0.085397,0.060415,0.153368,0.170857,0.012142,0.037912,0.170684,-0.022964,0.068137,0.150937,0.033445,0.247508,0.013420,-0.045602,0.001315,0.095465,0.103230,0.091833,-0.198281,0.132550,0.019705,0.027129,0.097993,0.160094,0.160341,0.103469,-0.081524,0.216420,0.136094,0.042895,-0.089112,-0.026549,0.153650,0.084151,0.025732,0.092459,0.168755,0.270680,0.121515,0.064346,-0.007239,0.115910,0.003292,0.045076,0.196871,0.073223,0.104753,0.062915,0.078206,-0.033243,0.077259,0.263563,0.164852,-0.006093,0.127542,0.059640,0.063280,0.047225,0.169176,0.127281,0.206261,0.027314,0.197658,0.269269,0.078803,-0.006068,0.101145,-0.016508,0.075325,-0.147762,-0.015056,0.225483,-0.056866,0.050851,0.074643,0.162861,0.138803,0.074915,0.000667,-0.003354,0.080919,-0.091401,#
15,0.329799,-0.066883,0.147051,-0.001822,0.131605,0.138696,0.090700,-0.021809,0.250440,0.160989,0.129579,-0.075107,0.079764,-0.011827,0.220025,1.000000,0.195145,0.247755,0.099358,0.159573,0.041033,0.019456,0.155301,0.286192,0.014275,0.196607,0.051220,0.007844,0.076946,0.240285,0.016981,0.216168,0.011049,0.200062,0.066906,0.257152,0.104416,-0.094502,0.253901,-0.000567,0.044185,0.046959,0.088664,-0.004755,0.162267,0.104716,-0.145026,0.121951,0.074217,0.193124,-0.135303,0.368187,0.046534,0.125307,0.193473,0.141849,0.086546,0.075747,0.198247,0.232237,0.198191,0.063114,0.228333,0.014288,-0.045528,0.270938,0.034210,0.103695,-0.009335,-0.139223,0.205986,0.076362,0.008444,0.036113,0.037335,0.066289,0.043544,0.070808,-0.024153,0.019772,0.281957,0.127677,-0.122163,0.245014,0.226005,0.049257,0.009482,0.353992,0.027227,0.098020,0.030481,0.047341,0.032185,0.019521,0.084820,-0.015911,0.246018,-0.028431,0.063503,0.053863,0.207820,0.093076,0.100180,0.082985,0.011576,0.107464,0.123731,0.087343,-0.037098,0.141374,-0.051997,0.191080,0.042634,0.072201,0.051067,0.097731,-0.051910,-0.036527,0.022364,-0.031990,0.123811,0.063964,0.175163,0.068950,0.037376,0.063103,0.143672,0.219437,0.013499,0.247109,-0.041153,-0.009578,0.013318,0.193574,0.076046,0.060167,-0.150178,-0.022893,0.035123,-0.084940,-0.025577,0.117287,0.073843,-0.001434,0.094894,-0.097420,0.108787,0.053231,0.174103,-0.062272,0.064942,-0.078978,0.210529,0.138491,-0.018847,0.275748,0.202418,0.154107,-0.002315,0.203407,0.048388,0.020800,0.281750,-0.010322,0.101401,0.205220,0.139481,0.153778,0.222243,-0.024987,-0.091694,0.107008,-0.070872,0.068789,0.144421,0.060157,0.212834,0.133414,0.098486,0.132922,0.192815,0.082468,0.098291,0.241665,0.004829,0.074531,-0.046550,0.232749,-0.046463,0.089179,-0.161075,0.056493,0.122012,0.089050,-0.023750,0.109807,0.133124,0.142651,0.047414,-0.044843,#
16,0.193837,-0.005672,-0.028700,0.018585,-0.012799,0.013188,0.001533,0.081585,-0.067365,-0.006876,0.006073,-0.013323,0.265047,0.156006,0.124818,0.195145,1.000000,0.007801,-0.085739,0.301398,0.098140,0.050079,0.050807,0.132717,-0.160470,0.081715,0.112285,-0.142255,-0.032729,0.255153,-0.105767,0.157587,0.026853,0.206303,0.117087,0.051753,0.064449,0.001266,0.118123,-0.057154,-0.030475,-0.075659,0.161207,0.120069,-0.015666,0.116861,-0.037377,0.053031,-0.042506,0.047565,0.021347,0.080481,0.154877,0.165404,0.146694,-0.054359,-0.021270,-0.052676,0.013955,-0.045016,-0.100770,0.231835,0.184461,0.130912,0.074841,0.041359,-0.062815,0.241485,0.113447,0.168958,-0.077954,0.110745,0.210264,-0.013746,0.034691,0.105970,-0.093191,0.156213,-0.007249,0.112343,0.072237,-0.018901,-0.106227,0.209500,0.083559,0.161085,0.140911,0.084237,0.079988,0.053624,0.048511,0.109848,0.137792,-0.114152,0.090272,-0.032525,0.141238,-0.050194,0.005498,0.203297,-0.114785,0.000654,-0.068878,0.092145,0.018794,0.036805,0.103391,0.079690,-0.026070,0.075540,0.038091,0.052630,0.100301,-0.018421,0.238426,0.098491,0.109931,0.070013,0.038374,0.026399,0.230640,0.206387,0.130019,0.163208,0.183884,-0.065007,0.089782,-0.118603,-0.032362,0.214911,0.054336,-0.113283,0.208684,-0.209155,0.235453,0.129171,-0.072383,-0.021074,-0.055906,0.030834,-0.039854,0.116346,0.052486,0.041684,0.160856,-0.029861,0.060949,0.085529,0.169192,0.280250,-0.230693,0.240666,-0.035767,0.045606,0.030893,0.137318,0.037540,-0.019534,0.016776,0.103316,0.036492,0.142333,0.132824,0.086300,0.060514,-0.022634,0.103893,0.102781,-0.006914,-0.075357,0.092573,0.179094,-0.036345,-0.030271,0.066900,0.076216,0.018810,0.059078,0.111613,-0.015832,0.059750,0.075256,0.020498,-0.067581,0.100298,0.156560,0.112320,0.151065,0.027020,0.056928,0.192295,-0.202726,-0.164966,0.046604,-0.035120,0.240273,0.063125,-0.112164,-0.105471,0.014118,#
17,0.201134,0.080067,-0.021901,0.107265,0.111551,0.115244,0.038082,0.160692,0.165941,-0.018929,0.060997,0.151974,0.139946,-0.000321,0.096116,0.247755,0.007801,1.000000,0.006617,0.059864,0.114925,-0.007492,-0.020246,0.144856,-0.000184,0.183577,0.026396,-0.032041,-0.037462,-0.021278,0.096892,0.027464,0.190159,-0.035214,0.044987,0.184822,-0.164961,-0.000759,0.254641,0.076218,0.168845,0.142588,0.079623,0.120918,0.033434,0.023812,0.058630,0.095715,-0.029741,0.054896,0.081332,0.090375,-0.046939,0.050519,0.119888,0.150804,0.148073,0.018122,0.038236,0.035062,0.077159,0.164487,-0.045077,0.008326,0.031567,0.259496,0.180540,0.201436,0.063197,0.031340,0.013386,0.168891,0.048444,-0.080375,0.006364,0.144475,-0.043299,-0.100097,-0.102488,0.141807,0.149218,0.095993,0.077637,0.084489,-0.000172,-0.091047,0.252401,0.037572,0.152818,0.090110,-0.076602,-0.123562,0.172002,0.029865,-0.073908,0.142914,0.065448,0.038124,0.028995,0.026341,0.105938,-0.167137,-0.008141,0.067305,-0.012631,0.016196,0.135696,0.145311,0.085941,0.028759,0.140092,0.176626,0.006675,0.090490,0.162787,-0.020356,0.033374,-0.023570,-0.020251,-0.000429,-0.015303,0.102683,0.086832,0.037762,0.232748,0.095374,0.104851,-0.102465,-0.083493,0.108220,0.225088,0.121752,0.142314,0.031777,-0.007757,0.097119,0.028553,0.154077,0.051771,0.108346,0.165750,0.110918,0.152351,0.093877,0.133741,0.045561,0.014034,0.095143,-0.104939,-0.100411,0.048651,-0.057285,0.072004,0.068457,0.257651,0.238206,0.101816,0.080752,0.051920,0.026529,0.029587,0.015560,0.187407,0.132604,0.026530,0.088551,0.006944,0.071573,0.079108,-0.057212,0.090337,-0.059778,0.079860,0.041120,0.095699,0.014419,0.101196,0.024024,-0.098275,0.241978,0.209227,0.130269,0.088006,0.124612,-0.034611,0.056389,0.019024,0.128509,0.051931,-0.007302,0.045138,0.061036,0.167845,0.106731,0.165388,0.100240,-0.000614,0.092298,-0.058044,0.140545,#
18,0.107953,-0.099358,0.086056,0.162816,0.095944,-0.202565,0.040943,-0.032088,0.024384,-0.037304,-0.067475,0.014317,0.072034,0.061438,0.166134,0.099358,-0.085739,0.006617,1.000000,0.042225,0.038790,0.048024,0.132279,0.186088,0.005441,-0.037367,-0.138673,0.115157,-0.018100,-0.079926,-0.145027,-0.149206,0.061186,0.034753,0.152118,0.118718,0.016047,0.091664,-0.012868,0.282810,0.042055,-0.046829,0.093341,-0.073348,0.206618,0.019815,0.006461,0.021407,-0.114913,0.081567,-0.058557,0.027380,0.140364,0.020053,0.156402,0.154333,0.018114,0.018633,-0.080787,0.058532,0.168510,-0.006454,0.082846,-0.049969,0.088931,0.007973,0.098044,-0.001236,-0.156298,0.029341,-0.056024,-0.020134,-0.093647,-0.131052,0.077495,0.060159,0.091619,0.094289,-0.019950,0.037978,-0.046791,-0.009108,0.063512,0.120306,-0.058003,-0.086715,-0.016292,-0.000061,-0.017391,0.046847,0.116040,-0.083495,-0.073459,-0.075700,0.036593,0.126179,0.197812,-0.006195,-0.002988,0.060512,0.071378,0.072264,0.106603,-0.016753,0.138864,0.056106,0.026156,-0.102990,-0.041892,-0.037288,0.106438,0.044245,0.203235,-0.056626,-0.033028,-0.008230,-0.095614,-0.200867,-0.057636,0.084870,-0.015138,-0.014437,0.025105,-0.192766,0.042375,-0.210882,-0.067586,0.105310,0.159981,-0.062060,-0.077784,0.189418,-0.172343,0.148960,0.096264,-0.036320,0.005702,0.096050,-0.105119,0.006203,-0.106842,-0.020620,0.058232,0.094434,0.037236,0.113979,0.024821,0.032624,-0.103048,-0.008536,-0.018445,0.058350,-0.050222,0.015011,0.005513,0.110097,0.124008,0.103587,-0.046453,0.207851,0.051817,0.017706,0.041651,0.111448,-0.018714,0.251549,0.078280,0.051825,-0.047871,0.186066,-0.152843,-0.035227,0.076596,0.051854,-0.029478,0.185391,0.073497,0.004633,-0.028959,-0.028685,-0.002664,-0.014888,0.118457,-0.050117,0.013243,-0.153584,0.277239,-0.130958,-0.025427,-0.011475,-0.010060,0.111136,0.137894,0.083728,0.049157,0.014717,-0.047671,-0.011456,0.176102,-0.089741,#
19,0.147233,0.043179,0.065880,0.139168,0.288867,0.286648,-0.069513,-0.053860,0.056014,0.230743,0.104370,-0.214971,0.205499,0.155085,0.236812,0.159573,0.301398,0.059864,0.042225,1.000000,0.037867,-0.065996,0.098667,0.143620,-0.087644,0.164862,0.114305,-0.035298,0.030501,0.134606,0.155589,0.147104,0.065191,0.124200,0.048201,0.066639,0.077297,0.002722,0.200501,0.057416,0.142059,0.008520,-0.049327,-0.044459,0.017595,0.072625,0.210123,0.097125,0.001588,0.159360,-0.034728,0.109490,-0.017533,0.126485,0.157802,0.186927,0.101327,-0.087740,0.177530,0.132726,0.194650,0.348383,0.181844,0.165413,0.242260,-0.014811,0.057743,0.189847,-0.075303,-0.010407,0.156863,0.130328,0.125351,0.094653,0.183945,0.325889,0.033267,0.118780,0.263343,0.121833,0.145602,0.104743,0.126795,0.109205,0.102621,0.121120,-0.015590,0.276532,0.083210,-0.152368,0.040244,0.021184,0.177660,-0.019133,-0.019973,0.106308,0.140160,0.076271,-0.085424,0.057519,0.122842,0.148613,0.073449,0.131367,0.218375,0.268370,0.038002,0.185441,0.045404,-0.136309,-0.027293,0.049460,0.252392,0.170243,0.119697,-0.014272,0.283354,0.092352,0.125442,-0.300257,0.037328,0.171771,0.170878,0.165398,0.244715,-0.062449,0.211837,0.044302,0.024946,0.162732,0.017739,-0.024144,0.036343,0.041241,0.201343,0.056505,0.065483,0.144115,-0.011101,-0.050114,-0.088762,0.119518,0.180881,0.115189,0.059082,0.109927,-0.010951,0.050318,0.090711,0.057854,0.032890,0.237061,0.078449,0.166060,0.180324,0.122596,0.044968,0.056735,0.113178,0.192273,0.229643,0.067610,0.108003,0.098146,0.131754,0.106480,-0.024756,0.168186,0.176705,-0.015028,0.032920,0.110837,0.244478,0.215018,0.120026,0.045338,0.135715,0.247354,0.150908,0.039679,-0.087721,0.193457,0.184558,0.186092,0.249931,0.074970,0.065007,0.030885,0.085869,0.020912,0.247864,0.178836,-0.041972,0.073441,-0.051565,0.189427,-0.009511,0.080898,0.121453,0.139687,#
20,-0.054497,-0.158135,0.181521,0.098844,0.323371,-0.010245,0.089851,-0.019932,-0.097426,0.086697,-0.055931,-0.018188,-0.029268,0.089522,0.072868,0.041033,0.098140,0.114925,0.038790,0.037867,1.000000,0.086806,0.016610,0.038959,0.046040,0.204430,0.125430,-0.182949,-0.012632,-0.084868,-0.044239,-0.041396,0.069449,0.064945,0.072952,0.162821,0.145240,0.072690,0.174278,0.119975,0.021258,0.189479,-0.034868,-0.096980,0.223027,0.034150,0.217798,-0.020425,-0.146051,0.003946,-0.179792,0.033782,-0.009180,0.124079,0.280272,0.089879,0.143891,0.087904,0.088660,-0.057025,0.149675,0.120766,0.136352,0.024994,-0.011310,-0.060687,-0.000148,0.093250,0.061972,0.175887,0.234397,0.130627,-0.020430,0.017550,0.057091,-0.067444,-0.025937,0.182816,0.019753,-0.028414,0.070605,0.126834,0.012551,-0.022995,0.034407,0.074467,0.084131,-0.030514,0.062170,-0.019738,0.137822,-0.030945,0.139162,0.105863,0.107807,-0.077695,0.030929,0.172176,0.089078,-0.035509,0.052104,-0.014491,0.235782,-0.040559,0.104241,0.013256,0.080487,0.078908,-0.028517,0.181234,0.208501,0.239762,0.089894,-0.152108,0.141028,0.090176,0.202889,0.103237,0.019812,0.168416,0.077639,0.116867,0.013885,0.028837,0.035163,0.009383,0.170579,0.024274,0.228874,0.119363,0.181663,0.002607,0.035765,0.164236,0.055745,-0.134010,0.050565,-0.143653,0.055497,0.005289,0.044953,0.175112,0.070911,0.014082,0.056612,-0.024821,0.020701,0.050938,-0.007604,0.180204,0.160575,0.091660,-0.078262,0.204992,-0.078062,0.064406,0.066445,-0.074486,-0.081108,0.273181,0.027786,0.061693,0.129855,0.102711,0.103126,-0.069177,-0.100976,0.114395,0.040451,-0.027215,0.075166,-0.099670,0.105170,-0.071583,-0.004412,0.032169,-0.112740,-0.047237,0.213741,0.106447,0.081404,0.083251,-0.038379,-0.023956,0.113560,-0.186559,0.049310,0.154081,0.005737,0.230152,-0.116388,0.011568,0.002215,0.156142,0.018751,0.004124,0.088373,0.038207,0.128294,0.202730,#
