0,1.000000,0.151800,0.318592,0.184641,0.249903,0.224376,0.170425,0.108935,0.243835,0.200871,0.400701,0.175832,0.094722,0.089715,0.369698,0.268195,0.212100,0.320902,0.297390,0.294922,0.288257,0.355898,0.195079,0.328796,0.195227,0.179676,0.305924,0.220224,0.387403,0.273310,0.180822,0.168425,0.232149,0.193759,0.096619,0.352313,0.230337,0.225355,0.430121,0.434227,0.195233,0.255199,0.110965,0.306969,0.195636,0.319923,0.260875,0.314375,0.254051,0.338425,0.328426,0.158927,0.276303,0.198551,0.303787,0.290904,0.221706,0.243229,0.206421,0.258168,0.346908,0.172112,0.220843,0.230710,0.308601,0.219969,0.274447,0.258187,0.254204,0.221784,0.303262,0.269595,0.310938,0.212702,0.127144,0.009643,0.300858,0.266848,0.235715,0.074612,0.316864,0.127024,0.195997,0.303327,0.294004,0.215837,0.300990,0.241763,0.419272,0.113496,0.212751,0.096851,0.152992,0.290133,0.323107,0.230919,0.426906,0.212260,0.329371,0.353114,0.309151,0.331837,0.206498,0.328386,0.220418,0.213451,0.299160,0.225770,0.145273,0.097339,0.125738,0.224189,0.184901,0.260430,0.165625,0.153206,0.328108,0.168551,0.208871,0.245099,0.366079,0.264679,0.255196,0.249886,0.191126,0.369275,0.230427,0.122073,0.180675,0.293931,0.282080,0.310218,0.319191,0.275541,0.181530,0.080979,0.294448,0.189820,0.203670,0.411468,0.219508,0.206236,0.235961,0.184788,0.284928,0.238599,0.199478,0.212720,0.311944,0.201474,0.235906,0.239335,0.319075,0.203763,0.176288,0.163104,0.076361,0.214035,0.321969,0.337690,0.223478,0.363464,0.126135,0.143300,0.352947,0.020429,0.210678,0.212705,0.164160,0.245365,0.364031,-0.023988,0.343011,0.294716,0.165459,0.217620,0.351691,0.247464,0.253877,0.255740,0.273800,0.420428,0.031221,0.078033,0.251201,0.251987,0.292596,0.409070,0.296549,0.121713,0.273395,0.269324,0.166825,0.173897,0.335250,0.083244,0.089778,0.293070,0.444285,0.295993,#
1,0.151800,1.000000,0.155416,0.341534,0.369119,0.195454,0.290298,0.179879,0.233115,0.096671,0.451630,0.301292,0.191005,0.238120,0.132370,0.090209,0.170050,0.268646,0.232804,0.226348,0.151406,0.291249,0.158310,0.260144,0.305409,0.303427,0.294960,0.417553,0.317833,0.251085,0.316443,0.291564,0.346562,0.212398,0.106469,0.144538,0.152702,0.287034,0.437803,0.224507,0.146007,0.233992,0.302003,0.277287,0.170903,0.344550,0.315523,0.337833,0.113833,0.150776,0.389051,0.212307,0.349429,0.141676,0.192725,0.329068,0.265207,0.237231,0.336941,0.345858,0.228704,0.281660,0.187208,0.344608,0.247814,0.311657,0.012136,0.264379,0.349498,0.212648,0.202010,0.214884,0.385843,0.137420,0.284622,0.098249,0.274864,0.238258,0.328528,0.136044,0.251131,0.364607,0.345844,0.371291,0.171446,0.043939,0.352222,0.207520,0.313264,0.411063,0.264300,0.338147,0.152476,0.284374,0.159933,0.180159,0.233333,0.203097,0.235814,0.174792,0.240058,0.178502,0.225030,0.263907,0.196702,0.249497,0.166547,0.329936,0.104241,0.294150,0.367701,0.238121,0.145835,0.271019,0.276123,0.290690,0.255912,0.179721,0.280248,0.335599,0.218019,0.203901,0.333185,0.286190,0.257957,0.384765,0.162604,0.228212,0.104326,0.262097,0.252964,0.296376,0.194955,0.304499,0.412215,0.352070,0.181060,0.273859,0.200719,0.341309,0.261099,0.097863,0.187939,0.211626,0.308358,0.223701,0.253697,0.153028,0.230635,0.292811,0.151360,0.285743,0.227945,0.090395,0.295565,0.216537,0.210019,0.158969,0.242723,0.058615,0.120197,0.380858,0.224087,0.218347,0.280572,0.205772,0.129302,0.215556,0.231148,0.395018,0.249316,0.285067,0.243410,0.143950,0.309306,0.147028,0.069850,0.305769,0.277192,0.189441,0.205611,0.266044,0.214175,0.090347,0.281294,0.291149,0.171552,0.273681,0.242065,0.251819,0.429102,0.225934,0.224816,0.169910,0.286837,0.276813,0.085618,0.208855,0.167011,0.106655,#
2,0.318592,0.155416,1.000000,0.293809,0.168735,0.119204,0.269866,0.185069,0.026142,0.037109,0.133531,0.301675,0.141184,0.229227,0.151741,0.214720,0.212713,0.120661,0.252154,0.218186,0.304922,0.378614,0.170668,0.242141,0.287403,0.303092,0.361033,0.178791,0.209264,0.288589,0.140195,0.087867,0.126854,0.173441,0.018915,0.211225,0.172808,0.150566,0.225632,0.183880,0.282093,0.295725,0.204927,0.155834,0.151947,0.318615,0.155219,0.321915,0.131984,0.259573,0.292709,0.354155,0.280245,0.145793,0.028205,0.216073,0.164439,0.190627,0.168483,0.255617,0.021288,0.228739,0.273999,0.229319,0.284181,0.306925,0.088630,0.138145,0.226834,0.372528,0.122768,0.173455,0.155179,0.145818,0.264970,0.173504,0.233233,0.303009,0.213564,0.168087,0.313324,0.042317,0.107261,0.243740,0.124726,0.152669,0.341314,0.224267,0.256003,0.160241,0.180343,0.208296,0.270730,0.147614,0.190221,0.081578,0.252351,0.229365,0.262727,0.207644,0.330106,0.242197,0.142762,0.237839,0.148381,0.175459,0.181026,0.240485,0.131727,0.230691,0.240786,0.207198,0.300896,0.185963,0.216631,0.259218,0.185665,0.238630,0.043426,0.122346,0.229740,0.306793,0.199328,0.171000,0.219221,0.211546,0.250392,0.135351,0.086960,0.241859,0.213438,0.310660,0.221913,0.088300,0.210607,0.310191,0.131819,0.193344,0.056152,0.134418,-0.012630,0.110843,0.251772,0.157384,0.355550,0.185851,0.160491,0.199470,0.316195,0.177327,0.174912,0.360075,0.235843,0.220261,0.107211,0.136192,0.037014,0.112817,0.162523,0.152081,0.267837,0.293477,0.228209,0.259990,0.290289,0.106469,0.149732,0.287535,0.005244,0.199163,0.067572,0.238340,0.132275,0.047949,0.240668,0.110744,0.358872,0.192829,0.255479,0.217592,0.295338,0.185783,0.006483,0.283891,0.048780,0.211004,0.177740,0.141749,0.285092,0.019783,0.140193,0.217657,0.382347,0.107813,0.228640,0.080444,0.077480,0.230605,0.279590,0.188832,#
3,0.184641,0.341534,0.293809,1.000000,0.314572,0.103539,0.292181,0.208277,0.202892,0.069794,0.289931,0.353204,0.149509,0.275359,0.165080,0.238107,0.241561,0.275323,0.227347,0.229532,0.240556,0.276287,0.275814,0.371069,0.356877,0.214204,0.284699,0.134278,0.256491,0.242523,0.287384,0.434625,0.353392,0.321937,0.016610,0.299170,0.387303,0.398983,0.384352,0.164168,0.317385,0.361846,0.262428,0.376720,0.184573,0.366015,0.393131,0.389649,0.109320,0.291302,0.317811,0.201908,0.320606,0.184795,0.107632,0.339448,0.279304,0.289075,0.238903,0.327833,0.164431,0.124949,0.203363,0.263748,0.289318,0.344483,0.181756,0.349173,0.222080,0.292134,0.304230,0.102287,0.307335,0.142049,0.348810,0.334270,0.289529,0.337368,0.388392,0.114623,0.354938,0.322507,0.181227,0.309475,0.321535,0.251996,0.347679,0.153501,0.358656,0.374216,0.281899,0.293226,0.301651,0.341250,0.184999,0.236905,0.370217,0.154456,0.360968,0.297745,0.408112,0.219503,0.324302,0.292658,0.344047,0.258314,0.192507,0.223619,0.079307,0.220024,0.321105,0.196194,0.255857,0.255212,0.113569,0.219514,0.357257,0.114142,0.231379,0.242705,0.405061,0.217356,0.273586,0.451194,0.223977,0.206185,0.300747,0.205998,0.127622,0.344989,0.253669,0.329959,0.316355,0.271474,0.291647,0.227235,0.133018,0.113485,0.408686,0.289420,0.310046,0.283817,0.236579,0.314254,0.337179,0.155163,0.316326,0.304615,0.263809,0.249172,0.145142,0.204642,0.137075,0.190531,0.179308,0.190719,0.206379,0.275036,0.163392,0.308512,0.260075,0.321045,0.356368,0.400125,0.371282,0.214265,0.296637,0.246905,0.140265,0.278916,0.322725,0.223324,0.241925,0.095607,0.205027,0.192897,0.240601,0.337527,0.245490,0.232514,0.296965,0.370162,0.342728,0.212828,0.147801,0.194000,0.201777,0.309206,0.060826,0.234944,0.183392,0.322291,0.345002,0.174922,0.189935,0.306338,0.212636,0.327752,0.272045,0.237149,#
4,0.249903,0.369119,0.168735,0.314572,1.000000,0.135293,0.306008,0.186504,0.236178,-0.011645,0.192462,0.147672,0.220158,0.179228,0.084875,0.152968,0.096818,0.147051,0.299703,0.280670,0.214659,0.250185,0.245112,0.276094,0.191656,0.373740,0.099439,0.278974,0.302871,0.049558,0.089232,0.140323,0.301892,0.105170,0.063400,0.174230,0.233352,0.255368,0.184128,0.167937,0.307699,0.313424,0.173849,0.149687,0.376345,0.149900,0.256786,0.323659,0.199785,0.228067,0.229601,0.113884,0.241432,0.146533,0.223043,0.353784,0.174609,0.187979,0.273523,0.265413,0.319167,0.194621,0.071088,0.079906,0.156167,0.136485,0.209093,0.148952,0.204601,0.160167,0.194673,0.172065,0.266658,0.182243,0.090002,-0.138281,0.186169,0.264945,0.168144,0.047722,0.288183,0.226345,0.090456,0.174879,0.215773,0.166964,0.243875,0.251614,0.348963,0.381177,0.207636,0.200854,0.031887,0.266132,0.028709,0.228240,0.236599,0.299508,0.333903,0.204611,0.223397,0.059811,0.234577,0.283143,0.220649,0.193500,0.023233,0.237561,0.063633,0.200646,0.393768,0.112086,0.174104,0.422644,0.217683,0.057493,0.144693,-0.141535,0.229274,0.047944,0.271319,0.225097,0.296473,0.095120,0.262759,0.184634,0.269574,0.151453,0.072777,0.184944,0.155154,0.186047,0.172460,0.146105,0.241193,0.144234,0.228100,-0.040069,0.075367,0.280861,0.285055,-0.049428,0.058670,0.228994,0.219833,0.174147,0.225853,0.082370,0.232411,0.249911,0.236897,0.119458,0.147191,0.192490,0.036999,0.114676,0.264718,0.214520,0.221883,0.251368,0.136192,0.199632,0.105179,0.266364,0.161148,0.268403,0.054085,0.119346,0.008142,0.267635,0.182542,0.120953,0.130297,0.032935,0.333773,0.141924,0.248556,0.197904,0.226135,0.124533,0.043826,0.110413,0.216576,0.189003,0.061701,0.127069,0.130694,0.396308,0.189328,0.147218,0.196562,0.136001,0.258895,0.064533,0.031251,0.286316,0.200282,0.414230,0.160164,0.144258,#
5,0.224376,0.195454,0.119204,0.103539,0.135293,1.000000,0.176187,0.039771,0.118747,0.218242,0.205735,0.110709,0.137114,0.017485,0.224129,0.121291,0.230984,0.140673,0.146336,-0.089877,0.238670,0.214229,0.134721,0.296529,0.121527,0.110501,0.185239,0.200871,0.182853,0.182187,0.105832,0.250281,0.246941,0.152157,0.055734,0.044982,0.265620,0.033826,0.185635,0.258668,0.092053,0.240623,-0.016569,0.342862,0.106810,0.214500,0.123626,0.100137,0.102000,0.285836,0.200995,0.131162,0.200721,-0.016226,0.065010,0.117433,-0.018279,0.190308,0.272947,0.131276,0.136126,0.193551,0.130509,0.075947,0.200160,0.182024,0.214361,0.130273,0.080786,0.129141,0.229244,0.184849,0.132923,0.280136,0.148374,0.025837,0.248457,0.133231,0.196410,0.186318,0.087020,0.112461,0.239875,0.056570,0.048948,0.207198,0.070231,0.106783,0.236145,0.150221,0.101679,0.243551,0.008321,0.174581,0.105541,0.042864,0.117507,0.025440,0.232470,0.040297,0.182964,0.234168,0.146983,0.156615,0.051454,0.115006,-0.005530,0.270185,0.100967,0.089506,0.275418,0.073812,0.232231,0.077922,0.184585,0.043654,0.254736,0.122990,0.114979,0.122908,0.095500,0.151656,0.067788,0.151970,0.071498,0.076956,-0.081167,-0.019578,0.340065,0.328956,0.123724,0.278370,0.145069,0.111865,0.270529,0.202882,-0.001588,0.036556,0.035939,0.104734,0.198056,0.100028,0.105912,0.175391,0.110360,0.033362,0.135110,0.078127,-0.060792,0.169095,0.187724,0.028583,0.092071,0.249051,0.057884,0.100569,0.208288,0.048667,0.362219,-0.023988,0.072299,0.152517,0.135305,0.063879,0.160071,-0.054508,0.001852,0.160241,0.197654,0.315611,0.069005,0.087568,0.160339,0.078068,0.054196,0.111446,0.146055,0.179698,0.271679,0.053434,0.189722,0.153338,0.237513,0.081385,0.245148,0.223483,0.215114,0.139068,0.064440,0.123368,0.178949,0.034402,0.140155,0.142068,0.302505,0.105657,-0.032885,0.286925,0.039550,0.178402,#
6,0.170425,0.290298,0.269866,0.292181,0.306008,0.176187,1.000000,0.192250,0.102946,0.016198,0.191583,0.132971,0.034066,0.213946,0.091435,0.142622,0.199792,0.226252,0.283999,0.247586,0.233909,0.188210,0.114770,0.182139,0.116985,0.188150,0.168625,0.257704,0.381244,0.189703,0.131136,0.247537,0.218163,0.175368,0.071627,0.082291,0.162830,0.232971,0.266692,0.247209,0.250959,0.216788,0.026851,0.253364,0.099880,0.228880,0.219226,0.400344,0.125664,0.325499,0.161551,0.263964,0.315250,0.148670,0.050601,0.257279,0.167051,0.273267,0.277885,0.372334,0.104647,0.202930,0.096228,0.218195,0.137280,0.377643,0.204284,0.251204,0.253325,0.209942,0.201518,0.217287,0.326835,-0.002057,0.281309,0.112807,0.210620,0.284285,0.286258,0.136280,0.223511,0.285370,0.268950,0.232378,0.235681,0.223449,0.152387,0.246206,0.258854,0.338389,0.303691,0.152948,0.129204,0.281011,0.136844,0.304686,0.211553,0.206638,0.318991,0.250685,0.328774,0.221212,0.150733,0.191829,0.032993,0.362167,0.010574,0.173043,0.169049,0.205304,0.245074,0.217132,0.237235,0.159864,0.211351,0.155783,0.241469,0.109979,0.213001,0.206462,0.221698,0.280620,0.174631,0.138620,0.231643,0.131293,0.152155,0.290331,0.124896,0.350642,0.262902,0.173808,0.291233,0.084709,0.406582,0.167579,0.198626,0.272072,0.200165,0.182096,0.096545,-0.058012,0.003461,0.342047,0.092418,0.263586,0.241409,0.104221,0.206904,0.085995,0.281116,0.165448,0.237967,0.159814,0.187292,0.171483,0.088887,0.212804,0.281715,0.132207,0.145591,0.272989,0.242071,0.189630,0.262246,0.106282,0.144201,0.246320,0.264617,0.310333,0.056598,0.128753,0.197378,0.137793,0.207656,0.261328,0.131408,0.258893,0.329612,0.105281,0.015722,0.171233,0.210061,0.350258,0.320259,0.215803,0.186205,0.242583,0.274357,0.244252,0.113137,0.123510,0.295568,0.171829,0.137130,0.107380,0.146017,0.256451,0.108986,0.268088,#
7,0.108935,0.179879,0.185069,0.208277,0.186504,0.039771,0.192250,1.000000,0.059097,0.242618,0.198367,0.348888,0.012531,0.227769,0.141538,0.220497,0.088640,0.282453,0.237759,0.224148,0.197218,0.244738,0.311544,0.113052,0.293430,0.120532,0.270052,0.350966,0.235565,0.111933,0.253967,0.184701,0.300220,0.142492,0.051166,0.258639,0.039124,0.140241,0.236159,0.215923,0.163177,0.248200,0.223571,0.142082,0.198057,0.253429,0.133467,0.251564,0.227197,0.209818,0.281567,0.218626,0.129486,0.089713,0.130726,0.236590,0.217444,0.250842,0.219481,0.249239,0.196213,0.060941,0.231034,0.196853,0.313580,0.204887,0.185415,0.146722,0.158531,0.280962,0.209796,0.081672,0.339129,0.179246,0.117066,0.094052,0.200191,0.268865,0.257467,0.331863,0.188738,0.230034,0.288690,0.229111,0.229701,0.142944,0.265658,0.005846,0.227370,0.321116,0.204281,0.168870,0.166042,0.201104,0.057231,0.237139,0.147057,0.186549,0.141899,0.026439,0.257583,0.096101,0.170101,0.141370,0.010498,0.355610,0.345499,0.062740,0.203057,0.163798,0.188584,0.204221,-0.007072,0.173169,0.327079,0.168381,0.045060,0.100189,0.230215,0.261730,0.244147,0.223234,0.126328,0.204045,0.251360,0.119149,0.221672,0.278913,0.153525,0.166518,0.064500,0.248958,0.231137,0.186702,0.429065,0.150573,0.046648,0.418002,0.221189,0.261213,0.307695,0.178719,-0.032095,0.209546,0.228316,0.112869,0.251655,0.123432,0.091264,0.199840,0.182921,0.317015,0.055450,0.000869,-0.069393,0.252037,0.227478,0.249716,0.244007,0.242700,0.116786,0.289801,0.171612,0.152954,0.145236,0.160027,0.386178,0.192223,0.287313,0.243659,0.165136,0.135728,0.155751,0.037273,0.216081,0.139614,0.151482,0.132304,0.042796,0.272858,0.148788,0.173058,0.081315,0.189601,-0.049809,0.173971,0.169052,0.235929,0.108583,0.299705,0.202970,0.125099,0.304865,0.227845,0.082908,0.170685,0.099463,0.223086,0.284273,0.122087,#
8,0.243835,0.233115,0.026142,0.202892,0.236178,0.118747,0.102946,0.059097,1.000000,0.001916,0.283462,0.164135,0.161461,0.180980,0.303090,0.140095,0.060190,0.053086,0.152291,0.195009,0.276179,0.170400,0.006280,0.233439,0.111516,0.126211,0.155449,0.214437,0.097193,0.140971,0.059752,0.178461,0.184687,0.182179,0.050980,0.251163,0.273235,0.146806,0.232529,0.286503,0.157011,0.193746,-0.046833,0.174323,0.354723,0.239827,0.189367,0.287975,0.074795,0.165226,0.051421,0.264671,0.111033,0.365712,0.212708,0.217310,0.185520,0.142868,0.099770,0.271651,0.191912,0.065187,0.196687,0.078478,0.240087,0.256491,0.171188,0.204790,0.287993,0.220684,0.065911,0.210517,0.272526,0.040164,0.059491,-0.022373,0.163370,0.151335,0.234781,-0.054084,0.205051,0.202901,0.242745,0.086734,0.249689,0.141072,0.120821,0.145359,0.349625,0.286609,0.183511,0.168295,0.143142,0.123874,0.288855,0.283190,0.232299,0.145934,0.178943,0.124168,0.211843,0.063402,0.147183,0.159845,0.202035,0.072254,0.231672,0.150992,-0.014679,0.211104,0.078238,0.138601,0.022197,0.176010,0.111543,0.249332,0.238331,0.114696,0.050611,0.233887,0.283668,0.109090,0.180075,0.213650,0.227617,0.337760,0.099463,0.265460,0.081813,0.163168,0.194200,0.149089,0.116320,0.114947,0.233443,0.136975,0.113335,0.202117,0.361396,0.288611,0.291507,0.180281,0.227384,0.106024,0.187710,0.098518,0.211955,0.248543,0.075747,0.133261,0.264434,0.115637,0.103896,0.169033,0.317061,0.212991,0.113407,0.135417,0.124871,0.243283,0.010536,0.206463,0.019557,0.224409,0.205231,0.153172,0.207803,0.213740,0.112078,0.163247,0.204919,-0.035315,0.126921,0.228737,0.109745,0.115504,0.088014,0.241811,0.301819,0.118875,0.155741,0.195986,-0.003680,0.216050,0.202560,0.181716,0.010385,0.064945,0.225428,0.162946,0.182347,0.153577,0.186924,0.113910,0.185857,0.109260,0.103952,-0.006608,0.083936,0.094647,#
9,0.200871,0.096671,0.037109,0.069794,-0.011645,0.218242,0.016198,0.242618,0.001916,1.000000,0.242612,0.136572,-0.041001,0.115564,0.192549,0.132576,0.160264,-0.017307,-0.033695,0.196617,0.178373,0.146795,0.163058,0.111174,0.053826,0.073403,0.234908,0.200051,0.177045,0.049849,0.324316,0.235053,0.102699,0.089361,0.181070,0.189175,-0.064077,0.218390,0.160936,0.151492,0.138875,0.270265,0.034748,-0.002521,0.101866,0.256054,0.075313,0.173846,0.023456,0.007596,0.228995,0.206254,0.163556,0.041738,0.153591,0.216154,0.190062,0.116664,0.070347,0.120027,0.066534,0.118183,0.209031,0.126847,0.258406,0.164805,-0.060018,0.151729,0.148944,0.065669,0.175101,0.173021,0.159772,0.164514,0.166818,0.079550,0.280403,0.084491,0.325724,0.104404,-0.053449,0.145969,0.046422,0.154452,0.142800,0.236890,0.289052,0.110614,-0.020320,0.102840,-0.003713,0.231784,0.025761,0.127595,0.083095,0.113110,0.261910,0.069154,0.107283,0.059788,0.254594,0.208500,0.220174,0.068096,0.123009,0.160854,0.121397,0.121307,0.191489,0.052002,0.050730,0.068221,0.078103,0.166548,0.086455,0.154917,0.211816,0.186190,0.347214,-0.027065,0.320748,0.241109,0.120528,0.285694,0.152893,0.143517,-0.034214,0.196884,0.114241,0.179782,0.142835,0.213482,0.008396,0.131063,0.137087,0.016096,0.141736,0.240818,0.083892,0.112478,0.114371,0.318467,-0.033120,0.081408,0.120651,-0.052774,0.245472,0.100459,0.021283,0.302332,0.133498,0.050085,0.246381,0.070364,-0.043625,0.162637,0.156355,0.186218,0.395553,-0.001494,0.104103,0.090993,-0.007968,0.242490,0.177711,0.027112,0.098109,0.180597,0.376999,0.158906,0.112995,0.124114,0.171031,0.103872,0.056971,0.121794,0.138826,-0.058016,0.011255,0.307315,0.063973,0.208086,0.234534,0.150359,0.104730,0.109488,0.180664,0.269786,0.214936,0.100185,0.189660,0.076988,0.075907,0.160051,0.099498,0.121987,0.075133,0.035452,0.126347,0.114262,#
10,0.400701,0.451630,0.133531,0.289931,0.192462,0.205735,0.191583,0.198367,0.283462,0.242612,1.000000,0.135246,-0.005987,0.269069,0.283591,0.140394,0.127411,0.234727,0.350565,0.192424,0.117627,0.273498,0.136081,0.206993,0.194643,0.092270,0.355645,0.241815,0.243765,0.237858,0.325173,0.295558,0.223510,0.210477,0.071680,0.313501,0.063967,0.292561,0.354271,0.260523,0.101059,0.187915,0.179226,0.090307,0.137206,0.290231,0.247219,0.343088,0.258285,0.208069,0.185262,0.225977,0.224410,0.191428,0.186919,0.247601,0.174717,0.231080,0.199131,0.223800,0.093452,0.197559,0.239283,0.272391,0.265759,0.297265,0.182892,0.154822,0.281362,0.193436,0.299282,0.186612,0.315619,0.144619,0.116942,0.117598,0.316154,0.070243,0.293454,0.124259,0.176440,0.242904,0.244089,0.260237,0.222517,0.072835,0.326538,0.124168,0.295132,0.268841,0.083711,0.147974,0.243978,0.153592,0.188283,0.161132,0.308584,0.056674,0.230473,0.236998,0.290806,0.212987,0.194679,0.246195,0.263245,0.106914,0.265638,0.301673,0.077430,0.197234,0.131855,0.227809,0.068538,0.196165,0.252893,0.333371,0.215803,0.038139,0.223568,0.142612,0.176173,0.143947,0.210770,0.260647,0.194154,0.247684,0.018629,0.211126,0.151681,0.387140,0.327259,0.202176,0.198284,0.119604,0.241851,0.236196,0.140788,0.293928,0.121894,0.301739,0.305749,0.171934,0.286964,0.231706,0.195792,0.147635,0.122995,0.160778,0.098449,0.283726,0.183782,0.232842,0.295413,0.137261,0.215394,0.236550,0.226282,0.129097,0.280580,0.272691,0.171208,0.207427,0.209833,0.218549,0.260043,0.063327,0.171958,0.191877,0.191569,0.223305,0.264781,0.187883,0.215083,0.188009,0.208703,0.049649,0.141173,0.209243,0.350206,0.303323,0.299607,0.196736,0.274823,0.071975,0.228823,0.186092,0.097845,0.227366,0.256651,0.211563,0.247668,0.202903,0.120987,0.131917,0.274095,0.227622,0.099321,0.285700,0.318563,0.291456,#
11,0.175832,0.301292,0.301675,0.353204,0.147672,0.110709,0.132971,0.348888,0.164135,0.136572,0.135246,1.000000,0.152519,0.120368,0.065630,0.215412,0.205018,0.262529,0.203660,0.042562,0.187267,0.286333,0.128485,0.259675,0.349153,0.237146,0.147253,0.311545,-0.067708,0.247561,0.269441,0.236501,0.211981,0.238062,0.029658,0.177564,0.123638,0.183385,0.261195,0.178312,0.248708,0.357541,0.287863,0.381118,0.083261,0.357848,0.201512,0.280089,0.125871,0.148911,0.420389,0.153207,0.250881,0.259517,0.013230,0.216414,0.402120,0.175908,0.237066,0.204986,0.054909,0.237334,0.271426,0.306834,0.285075,0.303513,0.200328,0.332119,0.182338,0.300475,0.127602,0.082877,0.280409,0.154410,0.201873,0.137916,0.232568,0.212776,0.365435,0.172077,0.265537,-0.041060,0.260630,0.336831,0.282742,0.087173,0.359760,0.222814,0.264117,0.208412,0.315192,0.282661,0.264693,0.457895,0.108671,0.178092,0.137176,0.183695,0.240603,0.280764,0.313185,0.192970,0.203755,0.175731,0.161945,0.311054,0.284306,0.189539,0.261576,0.191492,0.270860,0.218585,0.328602,0.184768,-0.031616,0.393614,0.247003,0.120049,0.219805,0.192828,0.211294,0.304283,0.310243,0.269434,0.258555,0.186530,0.273753,0.332164,0.237072,0.222904,0.138701,0.400689,0.172267,0.242967,0.170830,0.150932,-0.084600,0.315794,0.072693,0.289359,0.206078,0.201346,0.146841,0.283797,0.236220,0.068933,0.360431,0.065460,0.157737,0.154213,0.112242,0.370883,0.183804,0.188339,0.167957,0.129788,0.113522,0.043717,0.142742,0.203124,0.104534,0.232812,0.112851,0.225962,0.284080,0.148541,0.333990,0.268789,0.358063,0.253678,0.261034,0.010245,0.151784,0.051012,0.200413,0.300706,0.335207,0.122134,0.119346,0.140507,0.280875,0.249253,0.097905,0.182857,0.027897,0.251356,0.249307,0.171177,0.142774,0.161663,0.150782,0.099240,0.368700,-0.041276,0.259939,0.162085,0.083303,0.205214,0.144913,0.217905,#
12,0.094722,0.191005,0.141184,0.149509,0.220158,0.137114,0.034066,0.012531,0.161461,-0.041001,-0.005987,0.152519,1.000000,0.044802,0.191953,0.103185,0.194348,0.035770,0.203493,0.307644,0.240233,-0.003951,0.136143,0.131939,0.169116,0.114688,0.119580,0.155275,0.216970,0.306062,0.010202,0.229777,0.249172,0.191826,0.060434,0.127840,0.194566,0.050878,0.177279,0.134104,0.357031,0.146860,0.217132,0.226936,0.195279,0.280274,0.103982,0.027595,0.146334,0.077144,0.275653,0.161431,0.167638,0.200891,0.051282,0.140678,0.153525,0.158053,0.177073,0.185301,0.121883,0.149810,0.135100,0.142335,0.194881,0.163205,0.077065,0.021834,0.088355,0.044958,0.020360,0.188662,0.085154,-0.003542,0.234936,0.088741,0.212503,0.141676,0.149141,0.056298,0.136032,0.099350,0.128123,0.186953,0.235921,0.285889,0.077955,0.203448,0.259533,0.184337,0.197305,0.242399,0.079585,0.207390,0.101302,-0.053837,0.268562,0.162296,0.035706,0.072838,0.158705,0.213527,0.149282,0.134613,0.292569,0.170324,0.130759,0.031681,0.059287,0.219014,0.237628,-0.087554,0.172962,0.254608,0.064507,0.089692,0.113523,0.190900,0.158901,0.177767,0.119935,0.233471,0.285228,0.168518,0.010816,0.225324,0.175197,0.116121,0.090651,0.084555,0.152108,0.187091,0.091799,0.030006,0.040899,0.086261,0.029978,0.128612,0.139578,0.224143,0.240603,0.056279,0.015129,0.146328,-0.009446,0.143425,0.188509,0.073021,0.148488,0.030737,0.076212,0.350566,0.010949,0.109368,0.130406,0.027289,0.084839,-0.111876,0.085506,-0.019034,0.005280,0.254631,0.112189,0.224773,0.042767,0.066905,0.185224,0.034008,0.099642,0.250546,0.072841,0.084151,0.151953,0.063043,0.163736,-0.061553,0.175005,0.220553,0.036192,0.184884,0.162774,0.137847,0.215854,0.127647,0.197093,0.237265,0.097878,0.189949,0.100074,0.036551,0.240183,0.169851,0.190793,0.115733,0.054773,0.101177,0.114920,0.148125,0.174200,0.104370,#
13,0.089715,0.238120,0.229227,0.275359,0.179228,0.017485,0.213946,0.227769,0.180980,0.115564,0.269069,0.120368,0.044802,1.000000,0.221978,0.203124,0.135392,0.030278,0.187902,0.239515,0.123191,0.185849,0.078391,0.105871,0.365352,0.228184,0.227376,0.193702,0.191115,0.110647,0.290092,0.214702,0.266756,0.242670,0.030918,0.187493,0.004409,0.273479,0.140269,0.176651,0.051695,0.192799,0.310141,0.132422,0.116722,0.254847,0.239210,0.214858,0.178198,0.131018,0.238314,0.245176,0.258794,0.119665,0.169749,0.381700,0.139600,0.150913,0.247103,0.352448,0.210268,0.118678,0.323209,0.098584,0.146785,0.268052,0.361785,0.152853,0.391689,0.239660,0.033715,0.084865,0.227437,0.062347,0.268667,0.027320,0.274600,0.281089,0.306817,0.043056,0.265920,0.303280,0.192771,0.433355,0.389144,0.058223,0.364078,0.291870,0.231262,0.385699,0.206605,0.224626,0.253336,0.218105,0.064158,0.218718,0.201041,0.101882,0.244134,0.230205,0.339042,0.218360,0.153270,0.220115,0.176053,0.300574,0.211911,0.122943,0.250602,0.143074,0.189211,0.114168,0.186728,0.194144,0.146780,0.191437,0.261976,0.154623,0.144111,0.183929,0.273923,0.271262,0.131502,0.332916,0.185917,0.186738,0.103754,0.163707,0.314247,0.290642,0.177203,0.137426,0.058938,0.137290,0.296842,0.276059,0.182392,0.185704,0.399387,0.233402,0.181528,0.204022,0.249969,0.206656,0.309319,0.324384,0.247402,0.271494,0.008058,0.293808,0.194418,0.220018,0.201055,0.236839,0.229835,0.242891,-0.026633,0.322686,0.219513,0.132131,0.137797,0.379506,0.121510,0.360524,0.260771,0.245735,0.120895,0.135869,0.222787,0.295539,0.261580,0.316868,0.200391,0.011222,0.238525,0.174094,0.058510,0.134036,0.227266,0.030546,0.300679,0.224995,0.145336,0.283015,0.062447,0.230353,0.258574,0.292226,0.225265,0.212287,0.072295,0.269316,0.268782,0.124850,0.036954,0.179058,0.160163,0.228873,0.263673,0.171953,#
14,0.369698,0.132370,0.151741,0.165080,0.084875,0.224129,0.091435,0.141538,0.303090,0.192549,0.283591,0.065630,0.191953,0.221978,1.000000,0.366065,0.210004,0.173338,0.241066,0.280054,0.229501,0.147060,0.256058,0.306393,0.221466,0.061951,0.275009,0.240540,0.286556,0.255197,0.119687,0.154045,0.149632,0.091967,0.220323,0.254215,0.296943,0.324514,0.301640,0.361689,0.303826,0.228349,0.231174,0.191830,0.237374,0.386702,0.198993,0.296055,0.191321,0.126654,0.350051,0.180503,0.251011,0.205960,0.358563,0.241914,0.291209,0.160670,0.138967,0.223226,0.285202,0.260373,0.127715,0.213822,0.302135,0.214562,0.173994,0.234296,0.251446,0.197308,0.096070,0.280332,0.091686,0.316505,0.073457,0.064536,0.201339,0.220814,0.244217,0.148176,0.282613,0.052266,0.287959,0.306612,0.285834,0.280643,0.121499,0.060979,0.294673,0.287446,0.334941,0.207919,0.247502,0.255304,0.251538,-0.000502,0.280759,0.163025,0.297867,0.188103,0.181363,0.274303,0.199114,0.203943,0.158418,0.285731,0.342259,0.394750,0.157811,0.246013,-0.016100,0.062410,0.143326,0.076084,0.218125,0.290399,0.117461,0.249419,0.285728,0.284689,0.407676,0.248388,0.129725,0.229806,0.182156,0.191401,0.210906,0.167773,0.045233,0.330647,0.097365,0.332211,0.176174,0.030930,0.119468,0.106216,0.164811,0.158289,0.163052,0.203635,0.368055,0.306584,0.299213,0.083479,0.179313,0.227488,0.205055,0.144044,0.080626,0.132896,0.201841,0.139384,0.040788,0.173386,0.158444,0.079109,0.208836,0.173722,0.239734,-0.030117,0.106291,0.303416,0.133918,0.138895,0.317456,0.052801,0.221251,0.251343,0.097660,0.295008,0.297559,0.259599,0.256572,0.244340,0.175389,0.070227,0.341714,0.292048,0.333858,0.295358,0.262364,0.371671,0.163877,0.224684,0.200829,0.226690,0.152804,0.143788,0.130756,0.213761,0.156823,0.275565,0.227627,0.365881,0.169654,0.051776,-0.043152,0.248801,0.246548,0.212550,#
15,0.268195,0.090209,0.214720,0.238107,0.152968,0.121291,0.142622,0.220497,0.140095,0.132576,0.140394,0.215412,0.103185,0.203124,0.366065,1.000000,0.236933,0.332041,0.285510,0.164251,0.267190,0.159132,0.146593,0.288157,0.231005,0.346004,0.318730,0.235248,0.284138,0.094999,0.209185,0.217585,0.221542,0.354102,0.091036,0.106472,0.141447,0.202981,0.300773,0.240718,0.347807,0.280668,0.273443,0.213824,0.314511,0.299171,0.114775,0.222266,0.049881,0.210379,0.313056,0.271006,0.312843,0.192061,0.295567,0.173781,0.192239,0.223603,0.167293,0.394762,0.225604,0.096756,0.251247,0.139585,0.160510,0.231377,0.250794,0.311938,0.229533,0.206466,0.213673,0.263546,0.187385,0.133611,0.214824,0.158562,0.129835,0.366295,0.234432,0.145372,0.340321,0.113766,0.241892,0.348330,0.212870,0.127730,0.236605,0.139666,0.350894,0.296150,0.197871,0.148535,0.268183,0.354561,0.136648,0.067203,0.276937,0.126946,0.291893,0.177548,0.270940,0.216886,0.284296,0.241856,0.023394,0.205811,0.209124,0.172365,0.184511,0.367731,0.109414,0.274581,0.208440,0.089966,0.202591,0.366623,0.267216,0.035368,0.188419,0.213493,0.293927,0.353404,0.155624,0.362450,0.202264,0.057678,0.201494,0.140779,0.185651,0.188359,0.098242,0.388755,0.148791,0.209460,0.216429,0.246846,0.132070,0.111390,0.198986,0.119688,0.148329,0.276652,0.207532,0.149068,0.303123,0.236223,0.328166,0.157738,0.261672,0.179996,0.276549,0.100722,0.178412,0.378153,-0.024861,0.349839,0.040339,0.256773,0.199764,0.130932,0.006098,0.223921,0.219591,0.255541,0.233008,0.159091,0.214507,0.224665,0.179940,0.256174,0.082962,0.069027,0.276023,0.098312,0.264200,-0.016306,0.280446,0.146218,0.066691,0.291696,0.271663,0.321959,0.097609,0.314687,0.153867,0.212030,0.101061,0.263182,0.188725,0.155588,-0.015639,0.283609,0.205292,0.261717,0.103059,0.119615,0.044260,0.235901,0.125228,0.107396,#
16,0.212100,0.170050,0.212713,0.241561,0.096818,0.230984,0.199792,0.088640,0.060190,0.160264,0.127411,0.205018,0.194348,0.135392,0.210004,0.236933,1.000000,0.224375,0.111301,0.152826,0.401570,0.256888,0.279328,0.192478,0.109614,0.302755,0.230870,0.059431,0.182180,0.062717,0.188635,0.360165,0.007265,0.293870,0.022814,0.234773,0.194779,0.129238,0.220906,0.259974,0.110348,0.296181,0.175313,0.240904,0.199056,0.355980,0.213321,0.177343,0.211813,0.036516,0.130993,0.260642,0.364213,0.038920,0.188201,0.109748,0.096689,0.172339,0.255067,0.126435,0.036503,0.397883,0.247265,0.256764,0.268769,0.209118,0.208940,0.394220,0.091241,0.245659,0.087593,0.293790,0.324605,0.045183,0.187891,0.340883,0.189517,0.283066,0.317202,0.097620,0.099409,0.076020,0.149649,0.178907,0.179411,0.236060,0.351305,0.128165,0.280962,0.107433,0.239006,0.261136,0.082897,0.191318,0.138344,0.079413,0.228369,0.112013,0.337768,0.177454,0.241581,0.154500,0.037405,0.172691,0.158613,0.228644,0.150526,-0.017252,0.023219,0.259842,0.256853,0.190029,0.171542,0.142108,0.226354,0.437301,0.220184,0.133541,0.111098,0.229535,0.130599,0.200829,0.232250,0.224339,0.192905,0.097575,0.148146,0.038322,0.137444,0.204241,0.111938,0.287690,0.362289,0.066043,0.288446,0.285278,-0.011084,0.232946,0.231155,0.300712,0.068745,0.184791,0.043171,0.232651,0.226676,0.115864,0.102564,0.179650,0.184962,0.055595,0.145052,0.224058,0.181111,0.113147,0.172367,0.172310,0.052851,0.081983,0.185125,0.072874,0.094992,0.321599,0.257504,0.305203,0.219353,0.079484,0.296200,0.221872,0.108892,0.119709,0.037049,-0.027241,0.203057,0.005677,0.126113,0.217704,0.075945,0.037023,0.203843,0.157840,0.235968,0.299927,0.211726,-0.010454,0.017426,0.133709,0.273251,0.199963,0.178736,0.124507,0.265561,-0.040736,0.066924,0.142228,0.241297,0.203946,-0.066643,0.209482,0.079773,0.215396,#
17,0.320902,0.268646,0.120661,0.275323,0.147051,0.140673,0.226252,0.282453,0.053086,-0.017307,0.234727,0.262529,0.035770,0.030278,0.173338,0.332041,0.224375,1.000000,0.178879,0.242686,0.347046,0.256707,0.278493,0.280441,0.297151,0.190706,0.154873,0.147391,0.266311,0.238985,0.176531,0.338137,0.367057,0.208723,-0.014611,0.208159,0.096155,0.375431,0.329242,0.047623,0.186746,0.163103,0.121048,0.333412,0.142010,0.285503,0.266252,0.175838,0.270888,0.221720,0.198277,0.090971,0.170833,0.151453,0.125749,0.235593,0.294869,0.405139,0.202728,0.358383,0.199841,0.203990,0.186115,0.210090,0.142348,0.305895,0.236921,0.242451,0.205117,0.313127,0.286408,0.171466,0.332150,0.107581,0.140626,0.263136,0.232554,0.330346,0.128700,0.252101,0.216528,0.227537,0.477102,0.291322,0.267687,0.094310,0.235470,0.180891,0.414832,0.281617,0.234741,0.134036,0.198952,0.240182,0.058414,0.056068,0.261955,0.297866,0.298770,0.241261,0.201620,0.153954,0.112738,0.253085,0.051968,0.340147,0.249809,0.361692,-0.029481,0.074099,0.181422,0.206526,0.148986,0.239527,0.119871,0.307518,0.198410,0.131640,0.158754,0.325642,0.135349,0.213399,0.180956,0.270718,0.350743,0.130386,0.214861,0.185110,0.057844,0.139022,0.023586,0.308161,0.352877,0.323719,0.258900,0.210544,0.281964,0.160579,0.218218,0.292848,0.225948,0.205512,0.120123,0.162646,0.319894,0.170500,0.076168,0.156615,0.193152,0.099381,0.226417,0.065662,0.122586,0.234238,0.069367,0.255336,0.107423,0.189113,0.368395,0.188648,0.258788,0.285233,0.250400,0.118730,0.276493,0.218703,0.143398,0.280536,0.081451,0.257540,0.319888,0.135363,0.132944,0.177883,0.328135,0.032911,0.231697,0.165175,0.081562,0.306355,0.206064,0.430443,0.150147,-0.011821,0.047060,0.146447,0.153171,0.280336,0.255635,0.285719,0.180859,0.259666,0.214665,0.146442,0.386046,0.198733,0.221366,0.122866,0.174867,0.148412,#
18,0.297390,0.232804,0.252154,0.227347,0.299703,0.146336,0.283999,0.237759,0.152291,-0.033695,0.350565,0.203660,0.203493,0.187902,0.241066,0.285510,0.111301,0.178879,1.000000,0.181949,0.247145,0.188005,0.040364,0.332872,0.348685,0.208687,0.295506,0.345119,0.289881,0.164973,0.211492,0.216497,0.295971,0.083430,0.095911,0.280404,0.269540,0.181067,0.232247,0.312589,0.219123,0.282499,0.190554,0.204072,0.161891,0.269514,0.130017,0.216540,0.163670,0.217025,0.322407,0.069531,0.376245,0.336392,0.189247,0.209764,0.220319,0.314313,0.191952,0.189885,0.138761,0.160455,0.233348,0.240118,0.037411,0.347637,0.295359,0.323370,0.198941,0.050086,0.077560,0.191981,0.223197,0.173472,0.117369,0.074987,0.141316,0.293241,0.318321,0.266451,0.317270,0.122980,0.212872,0.355262,0.198733,0.046935,0.323944,0.112712,0.334933,0.218466,0.289888,0.190466,0.224846,0.271543,0.198162,0.133328,0.375789,0.313885,0.124445,0.306254,0.229353,0.305598,0.334982,0.308872,0.216101,0.280214,0.170477,0.227749,0.185637,0.352201,0.319947,0.366581,0.170869,0.253903,0.156895,0.190779,0.179097,0.117700,0.268417,0.268934,0.182400,0.278404,0.177289,0.155174,0.255933,0.226555,0.206430,0.163283,0.273252,0.251024,0.210961,0.364900,0.212872,0.162202,0.308485,0.012375,0.101943,0.290049,0.185284,0.338005,0.314750,0.118167,0.086218,0.151377,0.269146,0.168863,0.134049,0.083679,0.134148,0.167980,0.171108,0.305060,0.263430,0.130413,0.159318,0.351901,0.273729,0.269971,0.127709,0.338464,0.196623,0.238388,0.166613,0.228083,0.239960,0.106123,0.316691,0.217448,0.114928,0.276759,0.058106,0.175183,0.313399,0.049263,0.192551,0.108887,0.199863,0.348105,0.443969,0.284411,0.174826,0.280177,0.240416,0.079077,0.322774,0.219221,0.198594,0.356481,0.232571,0.258698,0.229670,0.357466,0.336189,0.176927,0.159836,0.135316,0.160474,0.308675,0.331661,0.215207,#
19,0.294922,0.226348,0.218186,0.229532,0.280670,-0.089877,0.247586,0.224148,0.195009,0.196617,0.192424,0.042562,0.307644,0.239515,0.280054,0.164251,0.152826,0.242686,0.181949,1.000000,0.154619,0.270650,0.241057,0.241038,0.152663,0.297264,0.242543,0.171270,0.280605,0.263012,0.152868,0.280597,0.239281,0.129971,0.158727,0.252625,0.032419,0.212004,0.428331,0.149942,0.116426,0.188548,0.083433,0.109629,0.186760,0.293023,0.263736,0.385266,0.209628,0.182122,0.179993,0.254526,0.118887,0.344298,0.190268,0.188690,0.137819,0.194937,0.219226,0.222446,0.184763,0.172629,0.176467,0.148805,0.180552,0.308256,0.070747,0.210599,0.258238,0.275933,0.226847,0.253479,0.269263,-0.028393,0.195258,0.229707,0.210269,0.273740,0.310564,-0.019214,0.241833,0.243699,0.217461,0.218253,0.385921,0.084800,0.265278,0.138004,0.311251,0.258071,0.137984,0.248968,0.185040,0.144432,0.212197,0.109263,0.233424,0.274079,0.167966,0.165326,0.251678,0.177799,0.158757,0.208593,0.235218,0.345172,0.190826,0.365428,0.016857,0.081092,0.232848,0.128542,0.117113,0.276866,0.268993,0.201548,0.220727,0.196196,0.324714,0.106445,0.358207,0.285498,0.191697,0.269849,0.321721,0.297951,0.252286,0.267086,-0.042768,0.184836,0.046848,0.094846,0.316441,0.218025,0.124558,0.163470,0.251107,0.216569,0.255868,0.297554,0.264309,0.271217,0.073661,0.082408,0.252693,0.147587,0.130932,0.306723,0.334650,0.114583,0.183173,0.204422,0.191983,0.239816,0.079571,0.139931,0.127969,0.154699,0.206446,-0.048346,0.226942,0.306111,0.313213,0.203490,0.266714,0.196813,0.109914,0.149431,0.177210,0.153510,0.287538,0.105970,0.216810,0.031504,0.250014,-0.001807,0.296660,0.227594,0.102354,0.284899,0.162388,0.421042,0.052390,0.108748,0.140146,0.215472,0.201806,0.359718,0.290975,0.191051,0.221606,0.205952,0.201366,0.335568,0.134360,0.131165,0.257257,0.195167,0.273789,0.303364,#
20,0.288257,0.151406,0.304922,0.240556,0.214659,0.238670,0.233909,0.197218,0.276179,0.178373,0.117627,0.187267,0.240233,0.123191,0.229501,0.267190,0.401570,0.347046,0.247145,0.154619,1.000000,0.227547,0.220567,0.341300,0.366344,0.262505,0.191928,0.357758,0.266662,0.297737,0.222750,0.267615,0.221335,0.209100,0.127657,0.204122,0.184734,0.211164,0.172152,0.272302,0.274463,0.473721,0.143025,0.222677,0.301504,0.399198,0.218987,0.272554,0.246558,0.122405,0.165409,0.300193,0.411534,0.161419,0.114892,0.154617,0.270162,0.229377,0.264270,0.348197,0.210250,0.127090,0.312993,0.318304,0.366634,0.227808,0.272594,0.242999,0.327087,0.292735,0.174136,0.310894,0.422865,0.210553,0.192263,0.141253,0.337179,0.370810,0.209618,0.224675,0.163493,0.033049,0.385577,0.269683,0.206522,0.337231,0.357166,0.243823,0.373408,0.388303,0.260750,0.354759,0.248217,0.289216,0.189895,0.120962,0.452575,0.254963,0.222128,0.110590,0.222602,0.127931,0.227384,0.338879,0.144472,0.256285,0.166540,0.193797,0.082262,0.302244,0.261079,0.131757,0.179322,0.312919,0.143013,0.348307,0.343372,0.130749,0.073987,0.263369,0.253943,0.231605,0.203518,0.224262,0.275227,0.219791,0.339173,0.375917,0.111678,0.294235,0.144808,0.394305,0.269137,0.090049,0.327740,0.225056,0.292306,0.333246,0.320175,0.296115,0.230080,0.235234,-0.001044,0.165939,0.307679,0.068747,0.156294,0.231939,0.238453,0.239320,0.280235,0.275392,0.105046,0.046138,0.191999,0.251266,0.166579,0.088517,0.304930,0.333968,0.256338,0.298973,0.185301,0.187383,0.387514,0.197205,0.130033,0.324227,0.170213,0.179606,0.215694,0.149731,0.124401,0.189268,0.195618,0.247002,0.100509,0.061575,0.349575,0.376416,0.275439,0.295734,0.162864,0.216987,0.180073,0.060274,0.178356,0.220872,0.315856,0.197477,0.239080,0.320909,0.277223,0.122385,0.329028,0.200636,0.141345,0.254703,0.189118,0.145981,#
21,0.355898,0.291249,0.378614,0.276287,0.250185,0.214229,0.188210,0.244738,0.170400,0.146795,0.273498,0.286333,-0.003951,0.185849,0.147060,0.159132,0.256888,0.256707,0.188005,0.270650,0.227547,1.000000,0.206687,0.336428,0.294344,0.138410,0.352353,0.323258,0.282153,0.317987,0.261469,0.252733,0.205859,0.313226,0.057451,0.280751,0.282550,0.252070,0.374872,0.166549,0.203130,0.350341,0.128848,0.280849,0.298264,0.322297,0.334575,0.381519,0.046069,0.329877,0.278517,0.179470,0.321609,0.206012,0.172663,0.187505,0.258019,0.249172,0.225694,0.180010,0.134304,0.132248,0.344265,0.312075,0.348693,0.276608,0.140181,0.253258,0.330306,0.380404,0.432840,0.162413,0.389934,0.222011,0.167014,0.191757,0.224553,0.239220,0.234545,0.192358,0.365277,0.201138,0.183653,0.190240,0.350060,0.117072,0.303978,0.132546,0.283770,0.372156,0.173015,0.268595,0.285021,0.180243,0.272812,0.232361,0.284686,0.256900,0.175683,0.275825,0.420263,0.159181,0.135202,0.282232,0.252863,0.346628,0.155465,0.246139,0.132487,0.195210,0.287537,0.152105,0.239236,0.341808,0.153704,0.300091,0.344761,0.096232,0.250018,0.322916,0.279851,0.306974,0.079437,0.392639,0.196242,0.272125,0.191082,0.248421,0.135535,0.206023,0.225588,0.214551,0.334663,0.230287,0.281177,0.153427,0.273116,0.229631,0.150067,0.363129,0.164274,0.238147,0.209123,0.065690,0.277360,0.212431,0.190728,0.333397,0.228435,0.161040,0.190379,0.215355,0.221665,0.304145,0.189916,0.180027,0.162063,0.199665,0.209508,0.158788,0.368509,0.172255,0.172667,0.144652,0.297346,0.044619,0.023017,0.327939,0.079026,0.308290,0.165932,0.121539,0.326703,0.179884,0.181546,0.153842,0.193205,0.145081,0.248242,0.280865,0.233101,0.330067,0.077876,0.179921,0.145376,0.164952,0.268211,0.225538,0.442063,0.210409,0.268091,0.109712,0.304492,0.034629,0.351488,0.280065,0.170702,0.183123,0.230269,0.298140,#
