0,1.000000,0.193058,0.379702,0.218252,0.275948,0.250376,0.179484,0.082976,0.270414,0.226514,0.342687,0.268014,0.139128,0.117096,0.417840,0.231494,0.211282,0.356226,0.271690,0.245001,0.276249,0.370964,0.221937,0.367346,0.217515,0.176532,0.336377,0.280389,0.396071,0.255240,0.164490,0.140029,0.234555,0.166034,0.086207,0.423278,0.323101,0.249318,0.373902,0.388025,0.203566,0.355452,0.152815,0.266987,0.135254,0.344637,0.354679,0.326274,0.338142,0.298196,0.372842,0.257345,0.266876,0.111269,0.349664,0.316187,0.215663,0.246087,0.189071,0.261111,0.319667,0.231772,0.280919,0.273151,0.301043,0.217635,0.321427,0.253887,0.289321,0.244045,0.383637,0.273462,0.395577,0.268840,0.108744,0.115405,0.200231,0.298140,0.266178,0.112565,0.373394,0.167791,0.266193,0.249839,0.298577,0.264396,0.243293,0.157336,0.380619,0.232104,0.221482,0.170440,0.123094,0.265871,0.389637,0.244548,0.439960,0.315341,0.322986,0.365574,0.305009,0.313542,0.263675,0.360767,0.205202,0.233440,0.305364,0.254914,0.163723,0.198810,0.214387,0.189678,0.207846,0.261893,0.145166,0.211079,0.354009,0.185414,0.248750,0.290728,0.402024,0.203957,0.207460,0.186967,0.210725,0.406774,0.195691,0.141555,0.206810,0.296946,0.282619,0.353837,0.355297,0.287285,0.212560,0.167751,0.344124,0.223240,0.226623,0.419402,0.237991,0.215586,0.296125,0.197997,0.364195,0.201889,0.189426,0.209736,0.296033,0.258959,0.281146,0.249568,0.318049,0.229450,0.155029,0.077740,0.110339,0.192049,0.393879,0.342465,0.250880,0.341644,0.114060,0.145930,0.344782,0.033066,0.286123,0.219856,0.188116,0.202336,0.397364,0.011216,0.379222,0.349735,0.180612,0.276579,0.349533,0.237585,0.316500,0.239212,0.241972,0.396020,0.069883,0.023365,0.168555,0.307159,0.331986,0.399861,0.365983,0.189039,0.302391,0.290142,0.232902,0.136362,0.364314,0.159165,0.083217,0.191435,0.419861,0.282726,#
1,0.193058,1.000000,0.121339,0.298676,0.368478,0.248835,0.274975,0.187615,0.209964,0.097173,0.428437,0.295019,0.246759,0.272828,0.202391,0.150786,0.149726,0.259797,0.228210,0.243606,0.116220,0.291508,0.161190,0.314868,0.273347,0.308657,0.285574,0.383268,0.324994,0.210676,0.292630,0.267199,0.350311,0.249170,0.139190,0.171475,0.208017,0.296566,0.451271,0.227589,0.187597,0.251448,0.344134,0.247312,0.150517,0.354107,0.325778,0.336793,0.220951,0.153817,0.409540,0.234637,0.344853,0.134371,0.281538,0.347744,0.263171,0.256359,0.347210,0.350183,0.217178,0.322475,0.226801,0.349053,0.213884,0.289739,0.060015,0.282129,0.327743,0.186469,0.254435,0.187076,0.415225,0.168381,0.273260,0.104832,0.281013,0.192821,0.271076,0.177901,0.258271,0.390967,0.350613,0.346944,0.175771,0.081134,0.325226,0.256313,0.326913,0.429624,0.281270,0.387753,0.136743,0.329010,0.190136,0.165433,0.229701,0.183882,0.185167,0.156648,0.199973,0.196469,0.227742,0.236347,0.152246,0.280738,0.172717,0.334167,0.104562,0.338311,0.374232,0.218708,0.166005,0.276149,0.271668,0.275208,0.292661,0.152689,0.319640,0.322782,0.195196,0.206837,0.335227,0.255643,0.232269,0.383159,0.192266,0.229241,0.119291,0.250416,0.291371,0.290010,0.145134,0.295375,0.410611,0.377283,0.144522,0.293247,0.216338,0.338921,0.308205,0.120092,0.167207,0.195836,0.295310,0.234007,0.261917,0.147705,0.256659,0.290380,0.151159,0.254911,0.284927,0.165785,0.239764,0.209390,0.230306,0.144912,0.273402,0.036369,0.084606,0.354022,0.216791,0.183682,0.281847,0.246044,0.162282,0.255175,0.268982,0.386669,0.280011,0.274362,0.276832,0.191401,0.339768,0.162703,0.132320,0.340952,0.294056,0.211821,0.231335,0.248205,0.266804,0.100463,0.292525,0.303960,0.184553,0.315528,0.221464,0.297072,0.453236,0.227719,0.241511,0.206143,0.286060,0.307939,0.069124,0.247131,0.149408,0.106929,#
2,0.379702,0.121339,1.000000,0.319651,0.206358,0.135574,0.229281,0.177966,0.019431,0.019286,0.087132,0.270692,0.187112,0.148191,0.217637,0.178618,0.192618,0.115150,0.158335,0.208241,0.287777,0.361705,0.277787,0.247364,0.272248,0.234444,0.309357,0.162488,0.218363,0.263323,0.119941,0.080120,0.141121,0.141926,0.056704,0.226933,0.211668,0.153676,0.194293,0.184539,0.251424,0.296775,0.171658,0.127178,0.049603,0.347055,0.192218,0.329570,0.168109,0.193819,0.256340,0.350561,0.284165,0.081898,0.117519,0.215130,0.110943,0.141035,0.128225,0.202204,0.010786,0.222583,0.293564,0.181865,0.282793,0.241716,0.073172,0.024872,0.189251,0.313083,0.273524,0.058129,0.193695,0.234049,0.142482,0.235877,0.169041,0.243923,0.179917,0.202406,0.380107,0.070015,0.096968,0.175770,0.132847,0.171194,0.325730,0.184133,0.178212,0.181365,0.186410,0.243022,0.212120,0.092491,0.160422,0.064669,0.203947,0.197026,0.223081,0.153378,0.311870,0.222360,0.179008,0.216848,0.178443,0.184539,0.167911,0.231694,0.056131,0.284395,0.266864,0.136935,0.185940,0.167692,0.200657,0.247815,0.188206,0.214057,0.077054,0.115368,0.242329,0.232486,0.163341,0.061390,0.172485,0.180334,0.238574,0.112340,0.096947,0.259172,0.171119,0.330072,0.142058,0.034524,0.179021,0.324949,0.148213,0.171980,-0.000912,0.115558,0.011764,0.126763,0.249186,0.161824,0.377593,0.173320,0.192982,0.223108,0.348528,0.203738,0.127405,0.376295,0.220448,0.161589,0.085245,0.035315,0.006731,0.093981,0.206584,0.116252,0.265566,0.200413,0.224035,0.212327,0.331982,0.021738,0.150816,0.265564,0.002002,0.152503,0.142860,0.172838,0.120035,0.125618,0.223691,0.165709,0.377773,0.173677,0.237255,0.240246,0.279587,0.145303,0.066444,0.194338,0.021061,0.204343,0.151202,0.160711,0.257620,0.120840,0.202175,0.168146,0.386055,0.089408,0.224013,0.129699,0.095053,0.184047,0.303545,0.150888,#
3,0.218252,0.298676,0.319651,1.000000,0.361509,0.125036,0.221329,0.231651,0.199211,0.063997,0.257577,0.422135,0.192624,0.256858,0.163128,0.266759,0.207272,0.295289,0.219153,0.177364,0.154022,0.289632,0.280592,0.356923,0.348255,0.225893,0.199523,0.175736,0.242247,0.234227,0.245806,0.394660,0.299956,0.341719,0.013314,0.295122,0.356031,0.410589,0.378275,0.164454,0.282453,0.326205,0.190212,0.291439,0.206489,0.342964,0.362173,0.333807,0.149750,0.310331,0.347833,0.204047,0.254680,0.150151,0.159310,0.376844,0.280817,0.306531,0.278805,0.264598,0.136298,0.147360,0.230382,0.295176,0.246170,0.288678,0.230295,0.336047,0.186803,0.266223,0.330309,0.137451,0.272947,0.139942,0.284795,0.359656,0.265406,0.259706,0.346380,0.188930,0.351836,0.294512,0.198938,0.279387,0.311231,0.251323,0.378675,0.125372,0.333720,0.373082,0.256315,0.298316,0.265013,0.364844,0.183515,0.241510,0.336774,0.278777,0.296213,0.315725,0.369340,0.167722,0.327958,0.221997,0.299124,0.241514,0.160503,0.212654,0.084250,0.215801,0.325017,0.196926,0.236339,0.225928,0.095078,0.209288,0.307294,0.039501,0.263538,0.256295,0.357514,0.181265,0.269929,0.360729,0.202460,0.154956,0.266614,0.176043,0.194568,0.329435,0.198766,0.366154,0.330749,0.304323,0.244275,0.223412,0.133813,0.119034,0.325037,0.306123,0.308021,0.211386,0.299755,0.288339,0.354104,0.141467,0.301089,0.287342,0.249717,0.236828,0.150567,0.250608,0.159009,0.224643,0.150068,0.171045,0.205600,0.207179,0.086527,0.306920,0.257674,0.308790,0.323794,0.338858,0.317951,0.252505,0.300918,0.278906,0.130818,0.275569,0.298002,0.178831,0.239435,0.166423,0.230155,0.190012,0.302508,0.317089,0.234474,0.257536,0.312797,0.324442,0.301425,0.220773,0.162454,0.225727,0.181472,0.328579,0.090443,0.184992,0.181601,0.277698,0.373645,0.219643,0.155969,0.288558,0.173661,0.292807,0.248765,0.188867,#
4,0.275948,0.368478,0.206358,0.361509,1.000000,0.178072,0.314142,0.223514,0.268921,0.036966,0.218604,0.202571,0.268004,0.208903,0.135141,0.175655,0.123291,0.196113,0.283891,0.278935,0.211292,0.261554,0.265222,0.319565,0.250695,0.365944,0.131861,0.311110,0.332844,0.058918,0.106334,0.225513,0.330953,0.174238,0.124771,0.199884,0.228968,0.271482,0.188576,0.203855,0.271445,0.323254,0.188554,0.149375,0.359973,0.228445,0.296046,0.318899,0.220499,0.247327,0.245556,0.139024,0.237125,0.117480,0.244862,0.360275,0.179833,0.201149,0.290252,0.319520,0.310939,0.248548,0.096368,0.093650,0.166826,0.173056,0.276646,0.183356,0.234808,0.210627,0.251294,0.202256,0.264555,0.212751,0.136991,-0.073078,0.205481,0.303470,0.181867,0.029722,0.316099,0.254166,0.144905,0.244466,0.252713,0.158713,0.275529,0.235788,0.347896,0.403060,0.219076,0.249856,0.018774,0.308046,0.044170,0.256946,0.277191,0.357847,0.397600,0.251337,0.256681,0.050248,0.256236,0.336673,0.203652,0.229699,0.073940,0.277255,0.097345,0.239106,0.395563,0.126653,0.206257,0.420544,0.206267,0.079069,0.162749,-0.118219,0.195926,0.067662,0.310123,0.202559,0.347799,0.144431,0.323957,0.198845,0.243183,0.162424,0.087557,0.220324,0.196922,0.218496,0.219999,0.202145,0.282835,0.240371,0.244427,-0.007742,0.100138,0.282310,0.293813,0.039978,0.130030,0.250406,0.236126,0.156360,0.250563,0.097620,0.222559,0.305007,0.266747,0.195562,0.186827,0.243787,0.043767,0.130335,0.253453,0.202087,0.296241,0.255127,0.147518,0.234540,0.143633,0.336293,0.153536,0.283954,0.096019,0.102015,0.073632,0.247259,0.244222,0.080798,0.158813,0.053823,0.364843,0.148328,0.304189,0.223933,0.238077,0.133520,0.092575,0.172081,0.219143,0.155197,0.041219,0.156009,0.220637,0.411632,0.216501,0.161887,0.250263,0.182587,0.294729,0.062686,0.019828,0.288316,0.197397,0.403185,0.182348,0.167586,#
5,0.250376,0.248835,0.135574,0.125036,0.178072,1.000000,0.200735,0.066740,0.143958,0.218650,0.161390,0.095366,0.184208,0.012475,0.272780,0.162800,0.158426,0.171433,0.148070,-0.043781,0.248229,0.289689,0.171350,0.366212,0.187551,0.118681,0.155100,0.217105,0.222301,0.131094,0.098565,0.238544,0.251504,0.109506,0.058682,0.105320,0.346553,0.088989,0.215007,0.262608,0.149502,0.298293,-0.004802,0.339908,0.108814,0.244154,0.213900,0.082223,0.167055,0.269759,0.272558,0.138296,0.211477,-0.034119,0.132849,0.177098,-0.008380,0.227663,0.291156,0.197477,0.135836,0.218991,0.187554,0.075072,0.191520,0.185939,0.263452,0.164541,0.091885,0.187976,0.333598,0.166578,0.210541,0.333980,0.124506,0.035290,0.225413,0.169192,0.182219,0.177940,0.129598,0.144174,0.255422,0.003580,0.021613,0.262690,0.050274,0.152089,0.233485,0.194387,0.147196,0.275729,0.014324,0.200795,0.112559,0.119860,0.149096,0.103860,0.218381,0.043859,0.229333,0.211847,0.203364,0.200730,0.060411,0.135632,-0.014723,0.277356,0.070188,0.163957,0.298656,0.077652,0.297513,0.087771,0.188337,0.039052,0.326850,0.145870,0.191095,0.148368,0.067214,0.162507,0.040132,0.203260,0.072785,0.167184,-0.028761,0.011373,0.346251,0.276150,0.141628,0.323882,0.138275,0.132556,0.301068,0.196154,0.065183,0.098599,0.077295,0.113550,0.279801,0.185090,0.109906,0.178781,0.151321,0.055137,0.177803,0.146633,0.039852,0.209917,0.214618,0.029757,0.150755,0.283868,0.028324,0.095735,0.251521,0.076557,0.390742,0.003988,0.173832,0.139610,0.144299,0.063952,0.254861,-0.058747,0.056373,0.184621,0.202938,0.305261,0.120358,0.136305,0.177662,0.166195,0.112066,0.140623,0.175164,0.167497,0.274703,0.140812,0.195850,0.176014,0.281554,0.072623,0.272723,0.241313,0.185360,0.165673,0.061560,0.173783,0.238598,0.153598,0.159540,0.167688,0.289879,0.151268,0.041390,0.337284,0.072055,0.222880,#
6,0.179484,0.274975,0.229281,0.221329,0.314142,0.200735,1.000000,0.213454,0.095627,-0.005938,0.189287,0.144353,0.075165,0.200476,0.172269,0.126504,0.194755,0.219528,0.229233,0.227814,0.203378,0.184514,0.162704,0.164090,0.051219,0.170933,0.136142,0.229757,0.319374,0.147044,0.096143,0.210167,0.242275,0.150677,0.048122,0.124730,0.187160,0.203626,0.276512,0.217165,0.274268,0.252433,0.081276,0.271587,0.043618,0.177022,0.247677,0.407743,0.199128,0.276497,0.123475,0.289289,0.299801,0.132748,0.159092,0.245780,0.176542,0.291251,0.269863,0.312287,0.068355,0.270522,0.070681,0.244858,0.135407,0.371248,0.274832,0.202629,0.206057,0.190950,0.252477,0.165347,0.344174,0.099737,0.189635,0.130914,0.208121,0.194133,0.219977,0.186805,0.272495,0.312558,0.249197,0.154552,0.200399,0.241196,0.119377,0.300234,0.268487,0.321611,0.269811,0.174423,0.082717,0.281003,0.133331,0.305518,0.181521,0.220745,0.301175,0.230886,0.217628,0.216971,0.143733,0.155493,-0.017095,0.355554,0.028058,0.180176,0.139010,0.192396,0.301610,0.155160,0.222414,0.154774,0.185835,0.131591,0.266246,0.106396,0.238960,0.190419,0.175471,0.252789,0.150548,0.048236,0.182934,0.096502,0.153344,0.264716,0.095353,0.312338,0.214815,0.144557,0.225513,0.018921,0.372632,0.192472,0.126516,0.271518,0.219910,0.178382,0.161913,-0.037367,0.025653,0.368566,0.076953,0.221902,0.190335,0.087484,0.150526,0.081029,0.283737,0.170592,0.225980,0.217165,0.150295,0.104042,0.120573,0.158565,0.279268,0.100301,0.117192,0.221782,0.221209,0.119407,0.242304,0.109283,0.173414,0.243230,0.253819,0.291290,0.088875,0.095413,0.234112,0.165066,0.241856,0.279221,0.172800,0.269620,0.292462,0.112839,-0.014570,0.061720,0.228723,0.290884,0.283541,0.201788,0.217900,0.218770,0.240249,0.295647,0.155643,0.073600,0.338527,0.203140,0.123200,0.205059,0.160876,0.221235,0.098525,0.224804,#
7,0.082976,0.187615,0.177966,0.231651,0.223514,0.066740,0.213454,1.000000,0.090203,0.224177,0.199970,0.281368,0.062179,0.193531,0.165507,0.219970,0.018469,0.227707,0.223028,0.263806,0.221282,0.239131,0.354262,0.126993,0.290585,0.077432,0.223399,0.292918,0.246235,0.062045,0.264414,0.221288,0.294602,0.147790,0.104205,0.243903,0.059612,0.197647,0.227246,0.291282,0.164962,0.243548,0.248663,0.123846,0.184810,0.275413,0.127857,0.272283,0.283007,0.219716,0.260152,0.227192,0.159026,0.149857,0.176621,0.255985,0.122389,0.269353,0.204500,0.283027,0.256168,0.062993,0.168249,0.186348,0.329915,0.179701,0.159732,0.168881,0.126493,0.304616,0.216553,0.024178,0.278604,0.267828,0.206243,0.088431,0.241554,0.280076,0.250734,0.268606,0.183959,0.241852,0.235685,0.197769,0.168466,0.151809,0.246260,0.046291,0.233151,0.287506,0.212508,0.151249,0.184854,0.204230,0.047820,0.324827,0.163307,0.199300,0.184044,-0.008940,0.237696,0.087559,0.265594,0.194557,0.001995,0.371449,0.356977,0.081272,0.271963,0.208517,0.184886,0.162389,0.027965,0.184434,0.279388,0.104324,0.130424,0.135843,0.211400,0.243292,0.230150,0.197147,0.147413,0.296974,0.268271,0.180494,0.302866,0.364630,0.112093,0.128563,0.032593,0.205934,0.164930,0.213396,0.342069,0.174696,0.058008,0.370340,0.233140,0.229776,0.366669,0.281828,-0.024727,0.200639,0.203529,0.099837,0.275185,0.152100,0.144182,0.210769,0.180422,0.363339,0.066108,0.065475,-0.079962,0.224852,0.232336,0.278902,0.254232,0.257145,0.150144,0.280496,0.163850,0.175123,0.230088,0.125620,0.378835,0.198041,0.260916,0.230955,0.243750,0.089622,0.139397,0.036768,0.223265,0.118660,0.180919,0.164690,0.060546,0.270333,0.125564,0.199066,0.067879,0.130145,0.029642,0.195463,0.134075,0.281790,0.113481,0.280685,0.202197,0.239023,0.307941,0.247379,0.046543,0.233595,0.174913,0.313478,0.300721,0.135555,#
8,0.270414,0.209964,0.019431,0.199211,0.268921,0.143958,0.095627,0.090203,1.000000,0.034953,0.282952,0.150990,0.196511,0.171887,0.320446,0.162290,0.035211,0.078792,0.129149,0.207499,0.255641,0.191637,0.067742,0.253121,0.148678,0.149105,0.122211,0.266891,0.133039,0.130316,0.052058,0.225862,0.189789,0.222768,0.115758,0.251939,0.249067,0.181806,0.275440,0.343317,0.157826,0.147206,-0.120828,0.133132,0.352194,0.285128,0.229853,0.259144,0.077127,0.167446,0.052971,0.259121,0.100779,0.355038,0.257243,0.272973,0.176410,0.148802,0.134596,0.259721,0.206230,0.105209,0.217522,0.096112,0.249179,0.246979,0.222981,0.196924,0.282746,0.224367,0.145892,0.250599,0.234963,0.081509,0.046898,0.016652,0.176317,0.116422,0.234012,-0.017173,0.211563,0.226974,0.261370,0.081622,0.250772,0.144560,0.200164,0.168652,0.331991,0.260988,0.183808,0.165759,0.110100,0.157389,0.255292,0.324358,0.245552,0.236247,0.189474,0.146823,0.210722,0.055227,0.172067,0.154865,0.199638,0.111758,0.246457,0.170932,-0.018001,0.213846,0.099017,0.151759,0.019892,0.159590,0.103185,0.234221,0.244003,0.099965,0.055270,0.241133,0.265164,0.088981,0.205715,0.215633,0.244841,0.302409,0.088523,0.264882,0.106052,0.173803,0.174846,0.191683,0.112331,0.159459,0.213696,0.182472,0.154166,0.219897,0.335909,0.283512,0.295672,0.208377,0.282280,0.125231,0.207955,0.107868,0.235418,0.265733,0.085487,0.179944,0.263389,0.170732,0.137436,0.206257,0.329916,0.223511,0.108038,0.125726,0.131251,0.246895,0.036735,0.218031,0.039903,0.244450,0.232086,0.157862,0.203383,0.212643,0.157533,0.164193,0.241737,-0.057191,0.123586,0.284879,0.155175,0.135098,0.149374,0.237632,0.277562,0.167191,0.181263,0.211108,-0.005647,0.195158,0.249067,0.201739,0.042791,0.098249,0.246748,0.164660,0.222574,0.182889,0.226607,0.161559,0.141597,0.096964,0.133723,-0.023853,0.109890,0.097601,#
9,0.226514,0.097173,0.019286,0.063997,0.036966,0.218650,-0.005938,0.224177,0.034953,1.000000,0.243356,0.179626,-0.004480,0.155045,0.234251,0.133571,0.123780,0.018741,-0.028334,0.184696,0.112229,0.188333,0.208740,0.145817,0.052313,0.166813,0.214007,0.301113,0.191330,0.056174,0.299593,0.219337,0.088821,0.104607,0.216128,0.215143,0.003747,0.256292,0.186560,0.167325,0.196777,0.288135,0.005146,-0.064396,0.144022,0.266641,0.169396,0.164007,0.067382,-0.022193,0.263234,0.266594,0.134851,-0.000852,0.183109,0.283031,0.242582,0.158403,0.119510,0.095646,0.069569,0.206713,0.247777,0.232521,0.264516,0.154328,0.013478,0.188412,0.159701,0.121738,0.238427,0.257571,0.193669,0.218244,0.154962,0.097018,0.255839,0.062944,0.351183,0.166730,-0.017036,0.203775,0.115299,0.113406,0.152821,0.300110,0.335541,0.110694,0.015800,0.125209,-0.011299,0.228267,0.017884,0.134842,0.109656,0.158271,0.308087,0.214887,0.085371,0.146989,0.229630,0.174527,0.274293,0.049488,0.107561,0.170343,0.145850,0.173597,0.192077,0.055009,0.087107,0.064160,0.129994,0.165322,0.101355,0.157700,0.208543,0.190718,0.404621,0.058435,0.302903,0.238490,0.105027,0.223688,0.151076,0.167857,-0.055244,0.198058,0.135634,0.158693,0.123649,0.259474,0.051890,0.203231,0.139890,0.034532,0.198225,0.283542,0.118215,0.142751,0.151000,0.246082,0.052356,0.105852,0.124452,-0.043906,0.225650,0.136913,-0.019514,0.350302,0.197587,0.105348,0.248602,0.136567,0.004302,0.145789,0.219002,0.132076,0.384487,0.027809,0.128226,0.093688,-0.023063,0.231985,0.156698,0.066587,0.127931,0.209307,0.399459,0.166969,0.139684,0.137757,0.207911,0.197211,0.107366,0.143885,0.196763,-0.085638,0.055037,0.335618,0.066438,0.192995,0.237228,0.148835,0.097866,0.149927,0.217846,0.269074,0.283207,0.111004,0.194546,0.111372,0.156327,0.194049,0.089067,0.172248,0.093345,-0.011934,0.110512,0.126253,#
10,0.342687,0.428437,0.087132,0.257577,0.218604,0.161390,0.189287,0.199970,0.282952,0.243356,1.000000,0.086294,-0.004245,0.254780,0.281435,0.156529,0.126076,0.217828,0.374724,0.158417,0.104435,0.273927,0.165501,0.162446,0.123530,0.109240,0.356371,0.247712,0.233230,0.175945,0.280846,0.248129,0.185754,0.236838,0.070877,0.305164,0.092741,0.302985,0.330738,0.255629,0.104825,0.156138,0.171216,0.020697,0.165272,0.256805,0.244731,0.335556,0.264387,0.223943,0.148265,0.250694,0.221220,0.192943,0.200711,0.272055,0.160487,0.246825,0.193929,0.155262,0.087569,0.215240,0.216212,0.281818,0.214711,0.265427,0.182474,0.175338,0.264959,0.189246,0.268531,0.244404,0.251594,0.143099,0.124901,0.158961,0.283976,0.028095,0.237810,0.125980,0.151800,0.272379,0.218372,0.230372,0.168882,0.103220,0.339444,0.101662,0.259733,0.250641,0.063232,0.109608,0.206815,0.125680,0.213393,0.145976,0.317401,0.128530,0.223976,0.232628,0.235475,0.198749,0.185460,0.230116,0.218429,0.117630,0.259167,0.304791,0.103081,0.210566,0.128815,0.216139,0.097437,0.179444,0.229967,0.309563,0.213797,-0.003700,0.198905,0.157273,0.162241,0.149715,0.183837,0.253526,0.145087,0.220557,0.036567,0.205955,0.107844,0.345252,0.277310,0.179536,0.188248,0.137075,0.180973,0.246005,0.121662,0.292863,0.113207,0.300296,0.289149,0.170275,0.274957,0.170375,0.155907,0.124358,0.118970,0.114768,0.044771,0.281830,0.192599,0.235115,0.283812,0.187630,0.246826,0.220401,0.248094,0.091058,0.224026,0.289035,0.154430,0.219464,0.191759,0.220502,0.220192,0.091309,0.157087,0.188036,0.164317,0.235367,0.233415,0.124602,0.242178,0.193195,0.212075,-0.012327,0.136294,0.189123,0.373220,0.317818,0.258032,0.163661,0.262902,0.053044,0.217994,0.180359,0.082645,0.227418,0.263056,0.189426,0.231674,0.191067,0.142263,0.167026,0.238915,0.217350,0.134277,0.247273,0.293869,0.259660,#
11,0.268014,0.295019,0.270692,0.422135,0.202571,0.095366,0.144353,0.281368,0.150990,0.179626,0.086294,1.000000,0.163142,0.097678,0.124677,0.215158,0.156965,0.260904,0.185508,0.077854,0.188005,0.271162,0.245161,0.298407,0.345773,0.279143,0.136135,0.320193,-0.011143,0.226035,0.297300,0.284154,0.249054,0.229164,0.098051,0.194160,0.182984,0.272468,0.283188,0.236000,0.280009,0.383698,0.233850,0.341793,0.046937,0.396354,0.299172,0.304347,0.166729,0.126007,0.404036,0.214785,0.262478,0.258691,0.103568,0.319413,0.366998,0.155770,0.239835,0.204214,0.126364,0.239087,0.319997,0.309568,0.302824,0.281753,0.198396,0.296368,0.179576,0.262979,0.261615,0.065710,0.274228,0.210797,0.237475,0.195214,0.207890,0.206794,0.420793,0.208939,0.290638,0.004017,0.252894,0.295059,0.306898,0.153240,0.396272,0.215836,0.226898,0.228089,0.341492,0.263722,0.221661,0.446657,0.105050,0.189057,0.149641,0.260315,0.195490,0.289121,0.313381,0.227847,0.298997,0.165244,0.226342,0.365270,0.266839,0.218132,0.267186,0.230634,0.282551,0.179324,0.292144,0.176101,-0.052554,0.397286,0.290732,0.112091,0.318458,0.240028,0.219077,0.267994,0.303507,0.243020,0.229134,0.191345,0.335976,0.398939,0.232709,0.256189,0.077876,0.459815,0.106730,0.270315,0.111664,0.165283,-0.001612,0.296991,0.088416,0.296983,0.201904,0.194394,0.122732,0.323590,0.264420,0.124151,0.378647,0.132723,0.240752,0.224230,0.084945,0.368944,0.194689,0.163519,0.204318,0.080810,0.105398,0.077681,0.187109,0.268670,0.144328,0.220989,0.128689,0.212646,0.396501,0.132548,0.299139,0.308888,0.421736,0.224878,0.337609,0.024504,0.172988,0.170221,0.190515,0.318772,0.385172,0.110936,0.149211,0.169318,0.299700,0.250018,0.192940,0.130217,0.095724,0.269916,0.235520,0.230388,0.196588,0.221393,0.144578,0.133151,0.391874,-0.009546,0.217901,0.169289,0.152345,0.226065,0.172348,0.235823,#
12,0.139128,0.246759,0.187112,0.192624,0.268004,0.184208,0.075165,0.062179,0.196511,-0.004480,-0.004245,0.163142,1.000000,0.076246,0.243732,0.116375,0.168878,0.106577,0.201171,0.310569,0.272757,0.071678,0.186924,0.193055,0.271802,0.114200,0.146832,0.222914,0.274595,0.248144,0.014744,0.257766,0.270401,0.214776,0.079282,0.208617,0.266937,0.101334,0.218332,0.157148,0.338806,0.196301,0.217444,0.219637,0.190893,0.320910,0.220806,0.015256,0.166445,0.076048,0.310310,0.175083,0.183081,0.143474,0.089660,0.217523,0.153921,0.198270,0.203744,0.234782,0.132186,0.207985,0.183957,0.160677,0.200851,0.204582,0.174377,0.072629,0.128170,0.128191,0.136623,0.252533,0.129248,0.076721,0.246558,0.179190,0.185292,0.175718,0.144748,0.053859,0.167201,0.159441,0.179099,0.191431,0.215096,0.327358,0.110205,0.211485,0.230916,0.244449,0.221421,0.278181,0.063146,0.238070,0.107906,0.009489,0.325480,0.305480,0.084123,0.110195,0.189963,0.201436,0.183540,0.209481,0.289344,0.219987,0.149316,0.070967,0.054729,0.274881,0.299057,-0.078132,0.241950,0.247158,0.059700,0.105254,0.201035,0.209790,0.183842,0.214664,0.131471,0.217351,0.299994,0.236522,0.027207,0.287606,0.198078,0.129936,0.112719,0.070886,0.135166,0.262104,0.111623,0.076637,0.064550,0.146554,0.105788,0.199586,0.167708,0.236030,0.287602,0.163226,0.075330,0.154657,0.069207,0.127097,0.243387,0.103151,0.185782,0.116276,0.148668,0.369041,0.057614,0.176594,0.123931,0.027391,0.111638,-0.095188,0.133690,0.011358,0.104408,0.302154,0.145136,0.287240,0.108026,0.103108,0.229155,0.027382,0.134457,0.251463,0.114131,0.099019,0.178952,0.137961,0.243551,-0.025779,0.201796,0.203162,0.042884,0.264372,0.168018,0.186865,0.243691,0.093696,0.182442,0.271060,0.119412,0.213080,0.138855,0.088327,0.317598,0.271515,0.251764,0.140846,0.044521,0.114086,0.172759,0.104626,0.201786,0.145644,#
13,0.117096,0.272828,0.148191,0.256858,0.208903,0.012475,0.200476,0.193531,0.171887,0.155045,0.254780,0.097678,0.076246,1.000000,0.282432,0.233215,0.113021,0.032388,0.224222,0.215356,0.083981,0.232059,0.128757,0.118521,0.296837,0.274040,0.238725,0.248503,0.203088,0.072612,0.222198,0.100117,0.222508,0.229434,0.015383,0.228824,0.166935,0.295753,0.126737,0.129512,0.149029,0.227485,0.330487,0.079955,0.139279,0.226824,0.300929,0.253848,0.278676,0.113315,0.297348,0.290826,0.268784,0.068553,0.202755,0.451863,0.181395,0.165875,0.259802,0.288759,0.200361,0.170430,0.375079,0.179435,0.109627,0.226584,0.360727,0.198465,0.386894,0.256204,0.089026,0.122381,0.313342,0.129213,0.194755,0.023250,0.197421,0.310246,0.256910,0.129302,0.284311,0.388962,0.239368,0.351665,0.391317,0.184838,0.348683,0.291480,0.242837,0.420784,0.233425,0.246278,0.258049,0.183088,0.146821,0.207343,0.231778,0.147310,0.160926,0.225972,0.325904,0.208535,0.186998,0.174497,0.196946,0.320328,0.212317,0.130574,0.254539,0.215517,0.206260,0.089625,0.211516,0.221428,0.196637,0.194781,0.265724,0.140431,0.264895,0.254617,0.285294,0.318656,0.058115,0.229593,0.108723,0.245269,0.131476,0.152726,0.337216,0.232737,0.194683,0.163419,0.075987,0.165297,0.324683,0.212436,0.232575,0.246709,0.410619,0.276150,0.236468,0.136974,0.211307,0.136861,0.284773,0.334433,0.270027,0.232252,-0.018305,0.291397,0.247244,0.156625,0.201499,0.264132,0.269413,0.197613,0.083350,0.271764,0.191387,0.134995,0.122140,0.335184,0.069442,0.323882,0.252683,0.269778,0.154427,0.165572,0.200968,0.335175,0.253924,0.337789,0.278990,0.097216,0.256340,0.180896,0.061084,0.086957,0.316569,0.087470,0.242343,0.172430,0.221387,0.328166,0.027410,0.253385,0.203802,0.315078,0.248865,0.304027,0.080970,0.243371,0.308421,0.149891,0.093288,0.255806,0.173804,0.223985,0.231014,0.194465,#
14,0.417840,0.202391,0.217637,0.163128,0.135141,0.272780,0.172269,0.165507,0.320446,0.234251,0.281435,0.124677,0.243732,0.282432,1.000000,0.410365,0.181554,0.238727,0.261069,0.271644,0.239589,0.231132,0.300220,0.344892,0.281937,0.134496,0.321508,0.312076,0.299752,0.209621,0.108421,0.150186,0.178175,0.096194,0.181529,0.341659,0.359293,0.349710,0.357621,0.339252,0.351301,0.310153,0.282280,0.213763,0.245518,0.378040,0.320566,0.295687,0.293462,0.154744,0.421578,0.233877,0.243405,0.172363,0.421569,0.345949,0.320998,0.205364,0.204111,0.271078,0.277134,0.345492,0.190300,0.268394,0.300404,0.280311,0.279773,0.301164,0.291315,0.289387,0.190506,0.330239,0.168526,0.416054,0.046330,0.109053,0.214409,0.279918,0.228799,0.195826,0.325358,0.133983,0.348167,0.291739,0.263648,0.346658,0.141231,0.158769,0.327746,0.323293,0.346936,0.258070,0.242842,0.302390,0.306369,0.103672,0.324292,0.330489,0.315253,0.239178,0.195768,0.270460,0.242025,0.236527,0.179373,0.324689,0.361493,0.406896,0.197507,0.308690,0.089291,0.076642,0.238298,0.099266,0.232027,0.315863,0.176281,0.291836,0.377903,0.325663,0.387480,0.265188,0.129669,0.236982,0.201235,0.268445,0.237375,0.192037,0.085069,0.292064,0.105488,0.403335,0.229828,0.088647,0.160722,0.143050,0.246622,0.234065,0.241654,0.250457,0.426777,0.338780,0.356992,0.128253,0.244522,0.212488,0.213044,0.140243,0.111261,0.192850,0.297032,0.146667,0.118415,0.264198,0.171885,0.075869,0.269003,0.155713,0.259289,0.021109,0.189322,0.342197,0.136228,0.162914,0.374791,0.103785,0.287758,0.247813,0.135494,0.317530,0.317887,0.312503,0.333041,0.321795,0.276061,0.118875,0.407674,0.277405,0.355299,0.365345,0.262742,0.328633,0.198036,0.227641,0.196562,0.273944,0.195519,0.165070,0.181662,0.258738,0.213384,0.337882,0.313490,0.404435,0.169913,0.111848,0.028341,0.253821,0.276014,0.253193,#
15,0.231494,0.150786,0.178618,0.266759,0.175655,0.162800,0.126504,0.219970,0.162290,0.133571,0.156529,0.215158,0.116375,0.233215,0.410365,1.000000,0.173840,0.339337,0.271362,0.166836,0.241580,0.211817,0.210668,0.285723,0.267533,0.305928,0.277640,0.275816,0.289775,0.104012,0.174604,0.225376,0.175139,0.309478,0.119823,0.136327,0.239889,0.256789,0.319521,0.285994,0.376866,0.291587,0.241417,0.189560,0.308106,0.324277,0.208281,0.241933,0.079587,0.107082,0.332159,0.273725,0.342789,0.127800,0.289835,0.222793,0.203015,0.269675,0.166976,0.369096,0.267892,0.142656,0.223770,0.229971,0.213480,0.195153,0.295548,0.320563,0.235749,0.230836,0.248572,0.303449,0.264990,0.285332,0.222525,0.149279,0.120591,0.393013,0.261174,0.160489,0.386212,0.155389,0.282605,0.293954,0.176735,0.182613,0.294092,0.124632,0.354891,0.308880,0.212046,0.129444,0.256392,0.370241,0.130610,0.127930,0.320868,0.237871,0.301457,0.193418,0.239290,0.158651,0.372166,0.310178,0.036051,0.221049,0.247810,0.214961,0.200749,0.384581,0.162947,0.251739,0.226675,0.079389,0.232624,0.401064,0.349689,0.085237,0.222413,0.274396,0.265964,0.320986,0.161355,0.340003,0.209446,0.140256,0.214957,0.156688,0.248257,0.147944,0.037386,0.400756,0.171412,0.237955,0.220024,0.269920,0.207387,0.141376,0.180619,0.141120,0.217391,0.304575,0.342846,0.173989,0.335242,0.245948,0.352354,0.199501,0.216659,0.245692,0.335610,0.151235,0.123987,0.455030,0.002612,0.333950,0.075421,0.215281,0.196995,0.108072,0.077335,0.210087,0.215375,0.252895,0.278640,0.165994,0.195802,0.222686,0.160150,0.293811,0.171417,0.111150,0.278323,0.116965,0.293548,0.042941,0.254708,0.094373,0.092029,0.309849,0.231114,0.292595,0.085714,0.284522,0.183694,0.252882,0.064558,0.233577,0.245137,0.207488,0.023113,0.381800,0.288115,0.307493,0.142598,0.217847,0.074793,0.203184,0.095988,0.179421,#
16,0.211282,0.149726,0.192618,0.207272,0.123291,0.158426,0.194755,0.018469,0.035211,0.123780,0.126076,0.156965,0.168878,0.113021,0.181554,0.173840,1.000000,0.193695,0.100197,0.123114,0.411377,0.201057,0.293536,0.101720,0.044421,0.259990,0.208935,0.008783,0.158733,0.032990,0.201625,0.337362,0.006790,0.275367,-0.008746,0.233383,0.189030,0.142987,0.203198,0.261727,0.083134,0.301445,0.160215,0.228874,0.162181,0.261866,0.185584,0.205256,0.206550,0.011407,0.043949,0.283735,0.342389,0.064939,0.198445,0.135556,0.032081,0.169395,0.226592,0.054451,0.069988,0.369435,0.164377,0.290024,0.292825,0.210458,0.210826,0.351991,0.033566,0.229550,0.043365,0.311935,0.207929,0.112767,0.206628,0.348381,0.152632,0.239086,0.299928,0.108774,0.069632,0.084574,0.089496,0.116383,0.134397,0.237495,0.333985,0.109656,0.272953,0.089239,0.175840,0.192591,0.068757,0.131782,0.107048,0.066295,0.211063,0.171597,0.316339,0.162139,0.120805,0.171939,0.060073,0.138210,0.146627,0.212541,0.123854,-0.024001,0.062451,0.189735,0.258091,0.126624,0.139856,0.141388,0.190122,0.399307,0.246557,0.132395,0.133728,0.233884,0.109404,0.159285,0.228493,0.187638,0.126752,0.076786,0.185756,0.038657,0.091447,0.167536,-0.006318,0.245030,0.283174,0.039726,0.171251,0.270417,-0.029737,0.176606,0.220141,0.280631,0.059549,0.120637,0.035918,0.225983,0.194977,0.100430,0.041522,0.142196,0.137616,0.024494,0.144685,0.213335,0.106055,0.107610,0.168117,0.101776,0.064602,0.067632,0.138778,0.091411,0.071883,0.325891,0.229578,0.264286,0.234703,0.107480,0.221042,0.223214,0.034057,0.081640,0.006731,-0.055889,0.206042,-0.002653,0.108818,0.168251,0.056297,0.025556,0.185390,0.103462,0.180381,0.234875,0.196349,-0.061752,0.031759,0.124942,0.234060,0.206906,0.226748,0.089744,0.206646,-0.078821,0.089808,0.158125,0.206407,0.253722,-0.061020,0.183970,0.058441,0.184500,#
17,0.356226,0.259797,0.115150,0.295289,0.196113,0.171433,0.219528,0.227707,0.078792,0.018741,0.217828,0.260904,0.106577,0.032388,0.238727,0.339337,0.193695,1.000000,0.166823,0.237144,0.317061,0.238317,0.314689,0.317375,0.262957,0.202656,0.134181,0.150280,0.282128,0.218553,0.173040,0.367586,0.365213,0.225791,0.035584,0.221355,0.152377,0.430040,0.267827,0.080369,0.192429,0.224258,0.135162,0.286578,0.120674,0.314468,0.297745,0.193825,0.380133,0.221084,0.223453,0.165369,0.152395,0.145401,0.206558,0.254909,0.242536,0.420218,0.192081,0.398494,0.211687,0.245387,0.180339,0.232025,0.122696,0.287279,0.247925,0.276267,0.190261,0.339580,0.343007,0.142935,0.314771,0.166607,0.200318,0.292463,0.218979,0.342152,0.143617,0.220674,0.242889,0.259653,0.478187,0.283580,0.265060,0.128428,0.183735,0.147293,0.411888,0.327974,0.236966,0.157626,0.178718,0.231078,0.105108,0.102363,0.287657,0.364161,0.307987,0.270127,0.157240,0.131669,0.202081,0.273246,0.014495,0.350293,0.256717,0.399226,0.030591,0.141831,0.176254,0.154866,0.188425,0.245298,0.077246,0.294351,0.232690,0.157590,0.184702,0.354217,0.145210,0.164402,0.178085,0.286785,0.362497,0.189393,0.239558,0.241748,0.037677,0.119607,0.002942,0.299808,0.340178,0.384300,0.194627,0.267639,0.303878,0.135843,0.243104,0.289195,0.262603,0.254663,0.147001,0.170267,0.297914,0.164990,0.078849,0.183985,0.213836,0.128841,0.242595,0.135889,0.140827,0.297034,0.063152,0.207064,0.133821,0.159167,0.416821,0.218622,0.264734,0.265969,0.241092,0.109663,0.285195,0.217003,0.151620,0.302992,0.082873,0.210462,0.399095,0.089267,0.191579,0.218489,0.323077,0.017828,0.287731,0.188460,0.141616,0.276074,0.219669,0.444763,0.165165,-0.079277,0.067166,0.182638,0.184646,0.317523,0.305375,0.280729,0.177384,0.322701,0.243369,0.147031,0.357937,0.257223,0.239569,0.131374,0.169118,0.165837,#
18,0.271690,0.228210,0.158335,0.219153,0.283891,0.148070,0.229233,0.223028,0.129149,-0.028334,0.374724,0.185508,0.201171,0.224222,0.261069,0.271362,0.100197,0.166823,1.000000,0.195952,0.196777,0.166997,0.039053,0.332586,0.315281,0.204018,0.278682,0.297368,0.281462,0.175344,0.211175,0.213459,0.302182,0.096231,0.139394,0.275293,0.321678,0.181046,0.238199,0.313155,0.234371,0.292213,0.200442,0.197784,0.145748,0.262180,0.146171,0.234677,0.172992,0.152467,0.285181,0.070591,0.370654,0.299898,0.180855,0.190498,0.253472,0.339792,0.176726,0.165064,0.138647,0.194847,0.211435,0.289072,0.054481,0.343630,0.346332,0.317038,0.167822,0.042675,0.090410,0.193006,0.248301,0.222864,0.106334,0.039344,0.134353,0.259764,0.300584,0.274659,0.319151,0.163455,0.212364,0.341652,0.230147,0.078553,0.323950,0.105608,0.363524,0.222655,0.277249,0.188346,0.237283,0.269522,0.178607,0.082116,0.387146,0.282140,0.079069,0.309803,0.168694,0.293385,0.341613,0.300619,0.194879,0.272216,0.189195,0.254646,0.154681,0.299098,0.293873,0.336826,0.167552,0.258380,0.175463,0.170819,0.211120,0.124497,0.293234,0.286155,0.169958,0.275521,0.186698,0.111201,0.214514,0.238851,0.212317,0.140988,0.266102,0.239002,0.223962,0.325527,0.176034,0.145054,0.323917,-0.002331,0.055111,0.305115,0.198128,0.330102,0.353843,0.069785,0.096716,0.154900,0.198000,0.180727,0.118854,0.102536,0.073736,0.171879,0.177289,0.289670,0.221570,0.159146,0.143720,0.349925,0.302446,0.241016,0.150126,0.313379,0.154324,0.211709,0.165017,0.196628,0.217334,0.143277,0.305979,0.232233,0.115257,0.260132,0.098956,0.165430,0.311836,0.048270,0.187618,0.102156,0.199667,0.352025,0.449216,0.262774,0.182306,0.266332,0.281607,0.072300,0.318221,0.196318,0.206769,0.346163,0.223018,0.309003,0.234778,0.335897,0.342965,0.186771,0.173401,0.197646,0.124542,0.314059,0.295202,0.242371,#
19,0.245001,0.243606,0.208241,0.177364,0.278935,-0.043781,0.227814,0.263806,0.207499,0.184696,0.158417,0.077854,0.310569,0.215356,0.271644,0.166836,0.123114,0.237144,0.195952,1.000000,0.114574,0.332061,0.229361,0.255759,0.143161,0.302016,0.172350,0.208898,0.261077,0.290591,0.106747,0.228439,0.199390,0.065053,0.151514,0.253889,0.081255,0.228896,0.441035,0.158257,0.185552,0.183180,0.075972,0.075183,0.201440,0.307575,0.285744,0.365035,0.232951,0.115931,0.205604,0.276250,0.121877,0.352192,0.219415,0.191001,0.187870,0.245777,0.231313,0.174008,0.145452,0.203131,0.190266,0.201918,0.193614,0.268388,0.095409,0.208788,0.238049,0.265246,0.226405,0.287592,0.318030,-0.028303,0.192836,0.178201,0.178958,0.265158,0.318726,0.030899,0.265129,0.233585,0.231959,0.114418,0.354148,0.100504,0.284408,0.136538,0.339117,0.247871,0.146390,0.233964,0.184698,0.170847,0.206232,0.156118,0.236011,0.352747,0.139582,0.163465,0.231609,0.155539,0.173532,0.195811,0.198979,0.333706,0.189462,0.377193,-0.001684,0.078887,0.254148,0.153654,0.166144,0.283413,0.282930,0.212070,0.228859,0.200299,0.325292,0.123410,0.291715,0.314263,0.146587,0.238632,0.337556,0.285732,0.236616,0.259088,-0.030164,0.130509,0.049241,0.080005,0.350377,0.221261,0.130171,0.184731,0.234430,0.261655,0.250576,0.298969,0.300694,0.252254,0.115355,0.093169,0.258059,0.176451,0.093032,0.339240,0.295400,0.113536,0.169631,0.201313,0.183835,0.302683,0.067295,0.145428,0.194482,0.129084,0.179476,-0.070647,0.255139,0.281459,0.307821,0.158699,0.250970,0.202421,0.146021,0.208948,0.156072,0.167917,0.294749,0.148671,0.216152,0.052898,0.254942,0.051227,0.286157,0.222788,0.101310,0.290996,0.141393,0.375945,0.021705,0.127883,0.140451,0.229818,0.210449,0.330370,0.295681,0.180149,0.242965,0.237632,0.226960,0.377477,0.156220,0.203465,0.261525,0.200164,0.257789,0.310020,#
20,0.276249,0.116220,0.287777,0.154022,0.211292,0.248229,0.203378,0.221282,0.255641,0.112229,0.104435,0.188005,0.272757,0.083981,0.239589,0.241580,0.411377,0.317061,0.196777,0.114574,1.000000,0.194370,0.229585,0.279780,0.317254,0.177196,0.129822,0.294540,0.214976,0.280523,0.182523,0.230156,0.201462,0.205105,0.114804,0.201428,0.160960,0.176973,0.140318,0.268840,0.233171,0.425775,0.145146,0.207317,0.226873,0.363971,0.164111,0.276517,0.289892,0.082615,0.106689,0.285114,0.402238,0.168287,0.178262,0.120801,0.218945,0.214139,0.234786,0.251938,0.181609,0.132760,0.257480,0.309773,0.364674,0.174047,0.285685,0.173187,0.263556,0.222954,0.158992,0.259023,0.375947,0.276084,0.115592,0.152911,0.323025,0.284065,0.135278,0.264194,0.169877,0.034989,0.348963,0.205224,0.165751,0.295051,0.344038,0.247099,0.348425,0.356746,0.227193,0.359762,0.210129,0.285637,0.164298,0.111298,0.387013,0.233943,0.204603,0.048560,0.111563,0.122574,0.204805,0.298351,0.093253,0.255573,0.169069,0.166177,0.095687,0.292774,0.290347,0.082221,0.110642,0.306326,0.103463,0.326419,0.341971,0.096651,0.035047,0.212858,0.217818,0.183511,0.197591,0.137980,0.244961,0.145211,0.329611,0.348652,0.118759,0.273012,0.088696,0.339037,0.196757,0.030370,0.251685,0.258284,0.218072,0.301786,0.256608,0.272462,0.243952,0.230839,0.010100,0.147337,0.302344,0.031268,0.127183,0.173901,0.179886,0.193993,0.242010,0.281274,0.075498,0.080432,0.142537,0.189926,0.150079,0.034106,0.280099,0.272126,0.195893,0.239742,0.156830,0.124383,0.359269,0.188345,0.116001,0.311550,0.134791,0.161021,0.220714,0.080788,0.119068,0.161324,0.193776,0.264136,0.103793,0.072764,0.309911,0.339847,0.235270,0.210164,0.131490,0.172549,0.164227,0.060995,0.169938,0.219794,0.291682,0.203222,0.259290,0.242784,0.295075,0.135642,0.332478,0.257491,0.108537,0.223587,0.169705,0.088088,#
21,0.370964,0.291508,0.361705,0.289632,0.261554,0.289689,0.184514,0.239131,0.191637,0.188333,0.273927,0.271162,0.071678,0.232059,0.231132,0.211817,0.201057,0.238317,0.166997,0.332061,0.194370,1.000000,0.242338,0.429874,0.302195,0.183208,0.331580,0.342963,0.311515,0.294268,0.262132,0.311900,0.218625,0.364166,0.166486,0.291259,0.317842,0.306226,0.416399,0.240933,0.262641,0.360637,0.155988,0.244960,0.298486,0.395806,0.383625,0.379422,0.143196,0.330005,0.308416,0.221110,0.333372,0.215579,0.255314,0.221795,0.251080,0.289208,0.252623,0.233972,0.165578,0.212310,0.365422,0.343937,0.356319,0.261927,0.201739,0.300262,0.330284,0.395691,0.494837,0.144801,0.416487,0.286573,0.240007,0.192950,0.287486,0.221024,0.252003,0.192803,0.380309,0.249063,0.204143,0.178823,0.357192,0.159419,0.319275,0.204539,0.327302,0.364538,0.198068,0.306833,0.296331,0.247902,0.291328,0.291017,0.325936,0.272792,0.181117,0.287910,0.423838,0.163528,0.210152,0.316290,0.232560,0.386935,0.199276,0.299758,0.147421,0.242590,0.297533,0.133091,0.298032,0.347771,0.133410,0.270130,0.419333,0.117163,0.267551,0.325174,0.261873,0.299207,0.110499,0.433273,0.229240,0.313536,0.229352,0.304119,0.135741,0.209550,0.275780,0.216469,0.313099,0.280901,0.260477,0.217516,0.281489,0.238681,0.204598,0.350954,0.237356,0.302107,0.259058,0.102123,0.262877,0.222847,0.216966,0.375493,0.272462,0.218394,0.208882,0.258500,0.291200,0.402612,0.168055,0.191177,0.183407,0.205686,0.275805,0.159138,0.377918,0.158201,0.184628,0.162755,0.345605,0.061636,0.063521,0.364845,0.142228,0.300873,0.270570,0.119853,0.328781,0.238376,0.229673,0.186580,0.292072,0.191953,0.281114,0.308815,0.279000,0.364782,0.115535,0.159347,0.202841,0.202319,0.314710,0.273110,0.442302,0.234534,0.298744,0.219276,0.338213,0.077246,0.326447,0.329765,0.202706,0.254373,0.228584,0.324429,#
