0,1.000000,0.292749,0.284175,0.177856,0.248533,0.294654,0.247079,0.209068,0.271356,0.314150,0.337778,0.313762,0.238298,0.149631,0.349073,0.243770,0.343834,0.463840,0.188216,0.204401,0.308137,0.397942,0.276908,0.328609,0.249612,0.170402,0.248883,0.313048,0.342838,0.230402,0.189521,0.140386,0.264252,0.150151,0.185499,0.255478,0.309110,0.236952,0.231845,0.327080,0.120449,0.317390,0.135511,0.279848,0.223389,0.227837,0.391727,0.209120,0.374197,0.269697,0.376927,0.194199,0.177882,0.168668,0.407980,0.204242,0.315573,0.282809,0.200067,0.181097,0.315801,0.195694,0.226790,0.249775,0.396402,0.082830,0.343180,0.237267,0.215416,0.288924,0.404256,0.378354,0.319296,0.320757,0.209355,0.215122,0.143489,0.289949,0.289376,0.165517,0.329543,0.201954,0.274629,0.248152,0.234990,0.371607,0.240218,0.166114,0.360674,0.219229,0.278502,0.169904,0.156473,0.182379,0.289249,0.257199,0.242674,0.283494,0.299783,0.321284,0.266858,0.335628,0.191247,0.251230,0.166930,0.273919,0.313553,0.277194,0.235606,0.184852,0.197762,0.315936,0.283861,0.313445,0.184254,0.343820,0.324719,0.176533,0.367046,0.329675,0.345968,0.099757,0.190202,0.176925,0.176846,0.423845,0.117717,0.240702,0.256781,0.342369,0.275540,0.354995,0.241903,0.168039,0.226644,0.152180,0.316441,0.217227,0.312406,0.477732,0.196523,0.261109,0.283064,0.274176,0.340914,0.304457,0.229928,0.085374,0.294205,0.229972,0.300804,0.164307,0.253445,0.225927,0.213227,0.114556,0.105363,0.210282,0.332265,0.397053,0.329903,0.249343,0.093494,0.329997,0.271721,0.117254,0.073930,0.163551,0.221079,0.207549,0.401141,0.045448,0.391379,0.461841,0.252433,0.226633,0.354888,0.257930,0.291478,0.263229,0.262393,0.409371,0.150555,0.085347,0.139708,0.412286,0.264408,0.420291,0.325084,0.027132,0.298927,0.312911,0.068130,0.115459,0.264003,0.185814,0.202599,0.161499,0.252135,0.300695,#
1,0.292749,1.000000,0.127892,0.192105,0.414518,0.306808,0.275865,0.240489,0.125691,0.232087,0.334313,0.248839,0.283147,0.313918,0.161419,0.160257,0.171475,0.235843,0.311507,0.184622,0.160547,0.336048,0.163180,0.269495,0.320588,0.333283,0.310728,0.274746,0.361400,0.082331,0.317608,0.243868,0.411497,0.236185,0.280449,0.042588,0.206662,0.237453,0.196015,0.214849,0.214287,0.244521,0.384403,0.219374,0.260250,0.188490,0.323614,0.294656,0.330929,0.221760,0.413963,0.105121,0.301257,0.195440,0.321748,0.245965,0.293562,0.311480,0.338664,0.296910,0.297945,0.287821,0.224320,0.255943,0.315353,0.170564,0.213421,0.336231,0.275913,0.149052,0.378843,0.238960,0.316685,0.289558,0.294312,-0.010110,0.281529,0.230450,0.317171,0.274727,0.207143,0.373234,0.248476,0.377303,0.120063,0.244073,0.298091,0.255722,0.288799,0.337298,0.332819,0.352983,0.166843,0.177317,0.170957,0.308550,0.183541,0.249081,0.179994,0.192530,0.160992,0.159274,0.177872,0.216159,0.199531,0.152869,0.240162,0.322125,0.205181,0.229076,0.372602,0.311321,0.269979,0.277870,0.262011,0.330150,0.347410,0.163265,0.365552,0.312326,0.155378,0.281330,0.316094,0.245736,0.223614,0.352912,0.203287,0.174152,0.291434,0.209055,0.318270,0.276438,0.115004,0.155180,0.392188,0.290729,0.213143,0.194866,0.260698,0.369942,0.310739,0.162603,0.057353,0.124727,0.346860,0.202802,0.290528,0.107250,0.377756,0.247603,0.313000,0.216263,0.212173,0.120591,0.277973,0.230007,0.252706,0.375030,0.281901,0.106509,0.104443,0.287798,0.085097,0.280486,0.242388,0.347662,0.144014,0.272163,0.280855,0.309813,0.297095,0.148436,0.213434,0.246785,0.355942,0.178987,0.029277,0.267649,0.230352,0.212830,0.287185,0.210498,0.249816,0.250642,0.322517,0.356046,0.170641,0.426931,0.231995,0.179676,0.353164,0.271614,0.076708,0.119070,0.257951,0.298364,0.143686,0.266601,0.094393,0.254744,#
2,0.284175,0.127892,1.000000,0.312123,0.099954,0.318009,0.193218,0.212131,0.008378,0.131904,0.015694,0.157964,0.185751,0.163320,0.193805,0.105609,0.163927,0.229662,0.217302,0.138565,0.099726,0.280558,0.327353,0.285648,0.201358,0.174430,0.274458,0.114700,0.213265,0.109076,0.274713,0.226516,0.220946,0.098577,0.104820,0.152772,0.265496,0.249773,0.135412,0.148507,0.270560,0.293464,0.095662,0.051373,0.032143,0.312640,0.233503,0.252007,0.178667,0.186747,0.187449,0.254299,0.215336,0.164399,0.212826,0.280977,0.014877,0.241094,0.072332,0.115793,0.009154,0.244226,0.141703,0.244886,0.356998,0.229709,0.160939,0.080090,0.124561,0.275099,0.221445,0.043303,0.137674,0.254154,0.227603,0.233012,0.095061,0.193999,0.172176,0.317032,0.343909,0.105070,0.121348,0.171029,0.063638,0.242291,0.291662,0.181912,0.059121,0.204983,0.131374,0.147210,0.144862,0.030820,0.152295,0.125144,0.123809,0.104191,0.165232,0.200273,0.267828,0.275808,0.144419,0.100577,0.261521,0.093363,0.139562,0.192347,0.084552,0.167823,0.260854,0.242130,0.148362,0.146809,0.086803,0.146902,0.036462,0.214322,0.077737,0.104650,0.176631,0.152976,0.164581,0.062028,0.072559,0.130411,0.071872,0.141297,0.191936,0.194372,0.214257,0.248957,0.084732,0.029695,0.093137,0.238306,0.114723,0.217094,0.050620,0.123093,0.006454,0.137058,0.226825,0.190335,0.351795,0.148880,0.285516,0.045225,0.305071,0.156294,0.216081,0.211561,0.231330,0.116401,0.017139,0.059056,0.031255,0.183012,0.262918,0.137602,0.312721,0.214454,0.175945,0.303109,0.188434,0.031324,0.087391,0.244728,0.067178,0.122625,0.175304,0.228746,0.185672,0.218643,0.270987,0.216112,0.322227,0.280776,0.293251,0.156908,0.224767,0.100294,0.086057,0.050734,0.060532,0.268603,0.190347,0.211429,0.236488,0.007033,0.225094,0.105247,0.209910,0.090025,0.222782,0.060286,0.183489,0.042737,0.291231,0.195006,#
3,0.177856,0.192105,0.312123,1.000000,0.212486,0.101288,0.138045,0.264171,0.081753,0.242580,0.152138,0.219312,0.067404,0.175638,0.119306,0.072203,0.124614,0.268309,0.080987,0.151633,0.038699,0.245029,0.197214,0.273569,0.205697,0.183971,0.151563,0.001437,0.144121,0.078823,0.284312,0.235898,0.166542,0.335633,0.037641,0.157419,0.228470,0.257348,0.211816,0.023586,0.187247,0.192592,0.235017,0.059506,0.183032,0.353723,0.284107,0.219432,0.234957,0.199096,0.286298,0.101175,0.048735,0.201946,0.075322,0.263153,0.181853,0.270673,0.145921,0.193305,0.140403,0.116563,0.088348,0.268184,0.223894,0.128202,0.059932,0.256247,0.035297,0.208283,0.306453,0.005337,0.082211,0.291014,0.227148,0.167681,0.080391,0.297931,0.212085,0.231033,0.199806,0.149480,0.200539,0.213752,0.096138,0.207054,0.282735,0.082004,0.150169,0.314647,0.134420,0.203837,0.094263,0.167788,0.005225,0.131164,0.111723,0.055549,0.291731,0.084890,0.198141,0.106131,0.215992,0.171956,0.175079,0.127306,0.268236,0.197169,0.089397,0.003481,0.162175,0.224595,0.108394,0.250104,0.080455,0.155014,0.165503,0.147155,0.146533,0.197320,0.231603,0.110094,0.225599,0.221651,0.130303,0.152721,0.150925,0.080980,0.198998,0.217742,0.147605,0.136469,0.247145,0.243365,0.194019,0.283211,0.092428,0.052580,0.264313,0.294723,0.170305,0.115426,0.222528,0.161149,0.352210,0.150841,0.298962,0.149489,0.274574,0.154077,0.224916,0.057283,0.075522,0.100697,0.093059,0.101030,0.188985,0.243486,0.054871,0.278650,0.292513,0.204863,0.227967,0.389130,0.205080,0.264041,0.192737,0.181502,0.149034,0.247533,0.231829,0.187850,0.133345,0.329727,0.262050,0.125637,0.118686,0.136182,0.121478,0.068762,0.181415,0.297333,0.267508,0.230039,0.056555,0.186990,0.090551,0.251134,0.058996,-0.042213,0.266772,0.190895,0.138251,0.172189,0.076292,0.226021,0.128220,0.142600,0.184145,0.208468,#
4,0.248533,0.414518,0.099954,0.212486,1.000000,0.183578,0.354924,0.177528,0.165266,0.212346,0.252736,0.127228,0.182006,0.210189,0.086649,0.089956,0.120749,0.180438,0.222528,0.253854,0.119300,0.298180,0.223313,0.248443,0.143192,0.265615,0.102690,0.242352,0.338886,-0.013272,0.167602,0.154839,0.311434,0.153739,0.202734,0.099074,0.068030,0.304223,0.111675,0.225713,0.237281,0.249994,0.210717,0.126039,0.268880,0.241414,0.310917,0.285468,0.239121,0.339135,0.210785,0.057800,0.195374,0.242543,0.219896,0.154687,0.114285,0.201614,0.216418,0.273232,0.300407,0.225197,0.133675,0.137653,0.177668,0.075689,0.235262,0.164789,0.179869,0.199101,0.247474,0.186979,0.167396,0.205602,0.226056,-0.057205,0.189758,0.204518,0.014257,0.088550,0.287025,0.273118,0.186434,0.210000,0.146865,0.204792,0.146750,0.132948,0.247844,0.279905,0.237304,0.202066,-0.019616,0.249514,0.003842,0.310664,0.103983,0.355880,0.334760,0.243682,0.239483,0.097080,0.139583,0.255065,0.203976,0.043076,0.119422,0.157633,0.139206,0.248042,0.314829,0.179165,0.252101,0.384292,0.240597,0.112496,0.191004,-0.026042,0.327245,0.110435,0.134134,0.253370,0.248399,0.164357,0.196135,0.280438,0.145639,0.166918,-0.061096,0.132397,0.186770,0.202690,0.224576,0.110208,0.259921,0.252915,0.127478,-0.021935,0.092547,0.314039,0.190948,0.037186,0.043516,0.287122,0.289670,0.133804,0.278858,-0.007713,0.228512,0.335700,0.249288,0.195364,0.246463,0.177922,0.071783,0.092263,0.240898,0.230853,0.173112,0.168417,0.178035,0.139692,0.124685,0.304912,0.177512,0.345339,0.052160,0.015637,0.195097,0.227932,0.268044,0.057504,0.051390,0.167791,0.294156,0.104061,0.178885,0.146672,0.232920,0.055888,0.139093,0.164848,0.135221,0.114089,0.139557,0.211716,0.145510,0.398645,0.229050,0.077700,0.301241,0.170219,0.114596,0.117111,0.085907,0.220264,0.211691,0.378309,0.159788,0.140784,#
5,0.294654,0.306808,0.318009,0.101288,0.183578,1.000000,0.110044,0.207888,0.110324,0.289880,0.157505,0.145171,0.154382,0.104782,0.226766,0.251923,0.280620,0.304677,0.281635,0.050255,0.245400,0.359212,0.227563,0.414933,0.151746,0.234903,0.219402,0.255667,0.309913,0.089044,0.140406,0.303611,0.303048,0.110179,0.159737,0.085976,0.324585,0.121936,0.168068,0.340867,0.191673,0.279106,0.029998,0.263174,0.128364,0.230580,0.232197,0.132595,0.311748,0.242686,0.271396,0.154865,0.198541,0.084081,0.234889,0.152173,0.010996,0.355228,0.230325,0.201752,0.276864,0.274729,0.216794,0.245183,0.262809,0.189342,0.277822,0.293585,0.155303,0.139742,0.359754,0.112876,0.267891,0.421113,0.247861,0.113062,0.212312,0.208654,0.175098,0.264815,0.258564,0.224910,0.291909,0.110759,0.081288,0.332373,0.126101,0.156771,0.231505,0.203712,0.111863,0.304474,0.054426,0.158769,0.067331,0.183617,0.144094,0.031808,0.232257,0.126382,0.303831,0.266021,0.238140,0.269784,0.097731,0.102264,0.047900,0.264419,0.088759,0.177082,0.361147,0.186939,0.343988,0.132458,0.211967,0.184958,0.374790,0.207731,0.178494,0.286053,0.041452,0.152023,0.173650,0.147814,0.240376,0.154449,0.096928,-0.033667,0.316205,0.343239,0.162623,0.382627,0.156292,0.140440,0.346240,0.167915,0.085941,0.073580,0.164325,0.250576,0.212636,0.209599,0.089386,0.211913,0.303084,0.084984,0.191759,0.143149,0.214483,0.124512,0.236156,0.138234,0.298555,0.286115,0.069154,0.194688,0.231684,0.165609,0.368673,0.106053,0.204057,0.147273,0.223963,0.108350,0.270213,-0.018553,0.003060,0.231082,0.200761,0.281515,0.102359,0.223634,0.341429,0.271260,0.104360,0.199701,0.116248,0.194532,0.312176,0.137780,0.261750,0.349557,0.173647,0.047368,0.224502,0.342104,0.216771,0.273920,0.239638,0.169142,0.401371,0.103003,0.110810,0.164944,0.288171,0.240556,0.090637,0.291929,0.161748,0.303122,#
6,0.247079,0.275865,0.193218,0.138045,0.354924,0.110044,1.000000,0.224481,0.057457,0.130858,0.205612,0.096653,0.034351,0.172133,0.045985,0.089415,0.204499,0.168399,0.128916,0.252608,0.188263,0.296191,0.180616,0.137721,0.121460,0.070576,0.089431,0.145102,0.230663,0.085938,0.018348,0.162165,0.198071,0.019726,0.036023,-0.042359,0.082146,0.071840,0.209553,0.115840,0.180413,0.240280,0.163684,0.207894,0.112498,0.116932,0.321684,0.361496,0.241434,0.287603,0.070105,0.188748,0.183544,0.171423,0.075126,0.180980,0.247591,0.275038,0.183357,0.247418,0.079379,0.150016,-0.004021,0.135295,0.143323,0.241807,0.140533,0.129781,0.126114,0.183809,0.237428,0.206812,0.231948,0.160820,0.126353,0.114888,0.090846,0.076211,0.107466,0.179252,0.220403,0.215783,0.246203,0.117484,0.090532,0.254200,0.140270,0.237684,0.234723,0.267707,0.251792,0.174488,0.033593,0.265747,0.120781,0.331888,0.099225,0.137460,0.286298,0.183600,0.227505,0.177292,-0.026975,0.139461,0.050626,0.276900,0.160547,0.145642,0.133905,0.159022,0.239579,0.137384,0.216729,0.239055,0.148351,0.157486,0.226961,0.132077,0.246866,0.201232,0.090736,0.281777,0.127436,0.031400,0.125262,0.115522,0.044551,0.275281,0.073218,0.236238,0.181803,0.021670,0.239350,-0.051561,0.378873,0.197584,0.097634,0.244015,0.162039,0.192320,0.060467,-0.073462,0.032311,0.345308,0.098856,0.225214,0.167840,0.061885,0.213932,0.100260,0.210368,0.076818,0.210844,0.215919,0.134718,0.121240,0.029613,0.094443,0.207577,0.120412,0.135753,0.161044,0.122346,0.172904,0.172587,0.172562,0.046821,0.106695,0.229901,0.282925,0.082803,0.144676,0.142252,0.179710,0.175266,0.172844,0.200991,0.197286,0.186509,0.059202,-0.085998,0.056152,0.076551,0.195400,0.180481,0.095426,0.161931,0.151241,0.283488,0.163005,0.220667,0.087548,0.240057,0.116395,0.120922,0.207372,0.104582,0.158722,0.038529,0.222113,#
7,0.209068,0.240489,0.212131,0.264171,0.177528,0.207888,0.224481,1.000000,0.086237,0.358251,0.219332,0.317362,0.158329,0.252486,0.047613,0.157126,0.142270,0.261134,0.183117,0.312151,0.202304,0.298204,0.444919,0.195846,0.357445,0.184542,0.233162,0.301947,0.333503,0.100522,0.305449,0.390283,0.446398,0.174596,0.177420,0.221800,0.252998,0.208036,0.271070,0.168356,0.097579,0.194628,0.363593,0.102491,0.203159,0.315161,0.180536,0.350939,0.389951,0.336148,0.396802,0.144069,0.154814,0.287333,0.324738,0.269856,0.223072,0.296890,0.181366,0.344866,0.198667,0.088090,0.154867,0.219682,0.360375,0.065451,0.162559,0.312314,0.172201,0.419128,0.302729,0.080685,0.362775,0.396743,0.272821,0.216637,0.291839,0.236968,0.229833,0.369191,0.255109,0.315784,0.309353,0.328361,0.162283,0.307721,0.403314,0.211978,0.229119,0.352742,0.321105,0.186312,0.237388,0.119361,0.185947,0.349638,0.168799,0.079268,0.226540,0.091203,0.325436,0.217982,0.176095,0.243424,0.182209,0.317007,0.237848,0.222002,0.299937,0.052558,0.214942,0.196351,0.200376,0.246798,0.270179,0.220625,0.238771,0.281569,0.302701,0.244464,0.266741,0.306381,0.175361,0.402164,0.328628,0.276213,0.234113,0.318462,0.212148,0.265887,0.238936,0.164460,0.225541,0.222403,0.402153,0.207922,0.140416,0.309002,0.321886,0.385174,0.333635,0.418300,0.046420,0.262828,0.281588,0.225056,0.306097,0.196398,0.348344,0.134239,0.309594,0.443879,0.145775,0.133311,0.117037,0.317940,0.241404,0.321885,0.213504,0.222602,0.265333,0.286041,0.154800,0.364041,0.295957,0.082310,0.286372,0.175496,0.372632,0.264435,0.328632,0.228991,0.240674,0.159929,0.187554,0.173578,0.239897,0.320441,0.068238,0.270512,0.187653,0.331980,0.101020,0.184299,0.117634,0.313030,0.309987,0.374371,0.089418,0.248385,0.294436,0.223237,0.155016,0.281508,0.072010,0.280101,0.339986,0.277182,0.210127,0.314630,#
8,0.271356,0.125691,0.008378,0.081753,0.165266,0.110324,0.057457,0.086237,1.000000,0.134448,0.196566,0.170026,0.148569,0.129730,0.209321,0.206200,0.194605,-0.030116,-0.054831,0.219432,0.169827,0.159606,0.164178,0.153740,0.126409,0.121753,0.006262,0.210030,0.044138,0.162444,0.064094,0.183784,0.091250,0.192114,0.191514,0.096598,0.126754,0.161143,0.099211,0.341645,0.030254,0.090586,-0.042002,0.129656,0.290483,0.211230,0.217946,0.193859,0.077746,0.113772,-0.023462,0.137180,-0.012069,0.243046,0.172787,0.091184,0.092959,0.134552,0.117883,0.190474,0.169641,-0.101123,0.219529,0.199805,0.256072,-0.029758,0.169729,0.170855,0.174585,0.211116,0.081926,0.187283,0.167124,0.163557,0.065936,0.013240,0.105513,0.035946,0.117795,-0.003504,0.103494,0.077956,0.115952,-0.023921,0.121755,0.208117,0.103126,0.010665,0.189304,0.099840,0.198803,0.078167,0.101729,0.115201,0.016092,0.339296,0.135549,0.086807,0.042619,0.089809,0.159266,-0.082230,0.000991,0.060046,0.110345,-0.060901,0.261199,0.137619,-0.018275,0.085596,0.049101,0.185038,0.079610,0.110807,0.034743,0.215007,0.282771,0.060858,0.010752,0.197596,0.162566,0.024679,0.071028,0.094588,0.133151,0.226218,-0.030557,0.196371,0.138026,0.161477,0.214170,0.161028,0.041029,-0.043082,0.217601,0.148732,0.078940,0.154949,0.201777,0.183945,0.078991,0.195830,0.241099,0.130734,0.233239,0.155020,0.162175,0.276123,0.214699,0.164367,0.133445,0.161980,0.154842,0.170671,0.181534,0.099875,0.076346,0.044473,0.140075,0.170713,0.051832,0.141620,-0.000908,0.212077,0.050687,0.047412,0.057131,0.102653,-0.000023,0.118754,0.275179,-0.224540,0.079313,0.357100,0.211542,0.212536,0.040347,0.172342,0.045061,0.123099,0.176534,0.073662,-0.136184,0.125421,0.206042,0.085531,0.001804,0.072314,0.158108,-0.067912,0.166651,0.152334,0.041971,0.114038,0.030375,0.151944,0.152179,-0.077442,0.145000,0.135936,#
9,0.314150,0.232087,0.131904,0.242580,0.212346,0.289880,0.130858,0.358251,0.134448,1.000000,0.329905,0.297113,0.177754,0.123092,0.292346,0.314868,0.208944,0.251709,0.222769,0.321322,0.192321,0.316236,0.361865,0.322170,0.261521,0.236699,0.228100,0.387913,0.351366,0.101640,0.345223,0.318859,0.231073,0.202005,0.209896,0.236124,0.177792,0.294232,0.307347,0.231549,0.266272,0.330203,0.186036,0.057626,0.252358,0.463911,0.315625,0.370237,0.260600,0.217120,0.409549,0.241388,0.244189,0.256108,0.232596,0.353446,0.411745,0.277783,0.107228,0.281000,0.165838,0.268553,0.343291,0.293724,0.276500,0.256898,0.152072,0.409643,0.329270,0.183805,0.267822,0.257302,0.205093,0.336824,0.313894,0.236975,0.391553,0.203409,0.326430,0.355060,0.290872,0.269889,0.400080,0.240644,0.252528,0.425343,0.445847,0.146142,0.302888,0.257095,0.225495,0.402904,0.154544,0.370454,0.291262,0.298401,0.399652,0.190095,0.229973,0.274600,0.358294,0.265175,0.338047,0.171009,0.237744,0.178399,0.328419,0.350161,0.198576,0.135615,0.228584,0.243999,0.253229,0.300413,0.181441,0.343946,0.369712,0.423593,0.465470,0.241855,0.368934,0.373157,0.314605,0.307538,0.357331,0.359680,0.082224,0.281609,0.153424,0.249567,0.209118,0.401816,0.251004,0.279266,0.395984,0.112405,0.231181,0.211477,0.184708,0.355212,0.164637,0.268712,0.196829,0.206016,0.348696,0.050534,0.278884,0.198865,0.184151,0.282829,0.337410,0.329555,0.331989,0.289129,0.140830,0.326536,0.359261,0.273002,0.322658,0.284581,0.269510,0.146395,0.057380,0.372081,0.320427,0.263192,0.251597,0.245164,0.357109,0.347457,0.281430,0.272867,0.321120,0.299136,0.218961,0.191145,0.208134,0.161210,0.048982,0.406510,0.185521,0.402271,0.257717,0.223447,0.227414,0.308144,0.340602,0.381615,0.340268,0.164573,0.313046,0.297184,0.120493,0.242120,0.231238,0.243855,0.206574,0.135811,0.292862,0.282986,#
10,0.337778,0.334313,0.015694,0.152138,0.252736,0.157505,0.205612,0.219332,0.196566,0.329905,1.000000,0.142477,0.086609,0.202666,0.211772,0.164475,0.227367,0.205010,0.311864,0.223915,0.190473,0.187860,0.233765,0.104683,0.113904,0.080042,0.288636,0.208824,0.195790,0.187185,0.122128,0.129534,0.157608,0.139656,0.154090,0.210035,0.031032,0.189704,0.211832,0.096109,0.023565,0.058782,0.184368,0.036302,0.218013,0.233766,0.200817,0.265130,0.305126,0.251816,0.105663,0.231286,0.144298,0.233847,0.191173,0.188420,0.147315,0.229966,0.129552,0.119124,0.278282,0.211556,0.164472,0.213171,0.205779,0.080576,0.187996,0.170774,0.142943,0.101993,0.226378,0.169365,0.059076,0.251141,0.161692,0.213816,0.281818,0.086398,0.195620,0.085240,0.091379,0.243519,0.163777,0.186215,0.127715,0.239577,0.313493,0.029107,0.241363,0.204557,0.150680,0.182225,0.207585,0.089206,0.061679,0.187249,0.286770,0.024540,0.300252,0.262285,0.327165,0.155321,0.111183,0.216835,0.205680,0.078843,0.320347,0.206478,0.108904,0.148837,0.092391,0.170220,0.123041,0.262299,0.204596,0.338476,0.200577,0.024553,0.124995,0.141046,0.119115,0.055718,0.203842,0.157328,0.220527,0.217243,-0.011855,0.161703,0.079408,0.329847,0.112833,0.125154,0.115960,-0.026975,0.335308,0.198579,0.165768,0.174213,0.008445,0.392847,0.169324,0.114838,0.273862,0.122320,0.219755,0.157161,0.033651,0.189329,0.133468,0.253468,0.145925,0.259153,0.157734,0.310540,0.206733,0.260077,0.227518,0.145157,0.215727,0.285347,0.107821,0.127765,0.128454,0.319104,0.127194,0.165131,0.074886,0.038670,0.091456,0.302322,0.202375,0.067036,0.251549,0.212739,0.229926,-0.090318,0.093685,0.178328,0.251263,0.374169,0.233292,0.174039,0.253063,0.147352,0.192842,0.147105,0.121506,0.287598,0.189842,0.081705,0.188779,0.227000,0.085509,0.110456,0.121242,0.267313,0.170009,0.259998,0.243317,0.281434,#
11,0.313762,0.248839,0.157964,0.219312,0.127228,0.145171,0.096653,0.317362,0.170026,0.297113,0.142477,1.000000,0.279742,0.121465,0.030998,0.244742,0.288594,0.274829,0.084785,0.045398,0.227185,0.310611,0.218382,0.271125,0.273993,0.286139,0.110400,0.313690,0.069732,0.233332,0.251667,0.319761,0.242495,0.187390,0.106520,0.044727,0.279413,0.237757,0.125677,0.089006,0.223933,0.265553,0.202604,0.276574,0.133195,0.312555,0.208610,0.382072,0.266741,0.098401,0.315452,0.220036,0.068076,0.279873,0.189987,0.239112,0.415081,0.169970,0.175742,0.187465,0.220648,0.246230,0.282105,0.244205,0.385059,0.050545,0.248796,0.260963,0.209177,0.237569,0.248540,0.137377,0.194491,0.311036,0.352286,0.213622,0.142977,0.222338,0.444437,0.170810,0.254633,-0.007420,0.207379,0.262889,0.325976,0.289858,0.385359,0.140989,0.152462,0.174010,0.381825,0.210536,0.164534,0.199783,0.209821,0.180681,0.069948,0.184663,0.220538,0.327116,0.329452,0.204065,0.169845,0.007643,0.288931,0.282883,0.206512,0.168955,0.233707,0.211335,0.125000,0.148464,0.254012,0.238064,0.040732,0.478914,0.287088,0.062572,0.268205,0.255487,0.155437,0.321898,0.263263,0.219185,0.204442,0.213787,0.291518,0.376895,0.279205,0.286172,0.227955,0.314561,-0.014463,0.155591,0.234400,0.167791,0.133908,0.279116,0.208299,0.317607,0.099775,0.250761,0.160685,0.309331,0.331990,0.231278,0.353605,0.205692,0.350218,0.203955,0.207282,0.338004,0.183432,0.202421,0.295319,0.144503,0.181798,0.142256,0.213682,0.163437,0.207925,0.155747,0.062281,0.295070,0.385766,0.167372,0.170346,0.245951,0.445287,0.178390,0.340759,0.027869,0.236634,0.315263,0.180966,0.264883,0.398250,0.166977,0.079852,0.088690,0.280812,0.237391,0.180391,0.197619,0.119701,0.320575,0.217822,0.151993,0.222410,0.157559,0.091849,0.138519,0.165956,-0.049331,0.149625,0.178754,0.290714,0.072847,0.046820,0.332794,#
12,0.238298,0.283147,0.185751,0.067404,0.182006,0.154382,0.034351,0.158329,0.148569,0.177754,0.086609,0.279742,1.000000,0.118732,0.203517,0.220614,0.216984,0.183955,0.286925,0.255333,0.249335,0.149637,0.238545,0.218973,0.278693,0.136478,0.096651,0.285976,0.325907,0.233293,0.185552,0.299465,0.239400,0.189068,0.211098,0.034192,0.272489,0.159654,0.090740,0.227117,0.284016,0.209253,0.350277,0.168187,0.153322,0.359490,0.207522,0.169999,0.316429,0.128310,0.263494,0.057946,0.101010,0.270971,0.189976,0.141950,0.184673,0.284784,0.239013,0.298078,0.248723,0.256554,0.188271,0.153636,0.267168,0.122977,0.185799,0.090178,0.180095,0.115193,0.170352,0.206626,0.078435,0.173687,0.311757,0.212094,0.139771,0.177287,0.084150,0.176972,0.226760,0.094869,0.284756,0.230231,0.216083,0.397807,0.184445,0.144251,0.278358,0.239335,0.189464,0.202595,0.111363,0.201375,0.154653,0.081948,0.250546,0.275856,0.080305,0.093721,0.145751,0.191170,0.174249,0.194303,0.286414,0.181203,0.224582,0.141711,0.152827,0.381564,0.178635,0.114694,0.299306,0.260689,0.108083,0.335957,0.278434,0.310225,0.085539,0.243600,0.076979,0.339346,0.257776,0.255188,0.086562,0.275678,0.181951,0.142139,0.253796,0.068243,0.192655,0.339470,0.097318,0.059330,0.121974,0.216381,0.150719,0.223016,0.181558,0.222152,0.252919,0.287026,0.031220,0.107910,0.186935,0.173012,0.350586,0.144589,0.331348,0.161117,0.288674,0.420808,0.121402,0.139896,0.247604,0.150543,0.208417,0.007133,0.179422,0.074773,0.313732,0.141141,0.094400,0.306605,0.167899,0.238972,0.120183,-0.034547,0.223008,0.262348,0.129817,0.124526,0.264585,0.231048,0.311646,0.097975,0.173352,0.211312,-0.081611,0.222214,0.301418,0.217076,0.187189,0.203229,0.219072,0.322949,0.185715,0.278503,0.150775,-0.032007,0.334217,0.392133,0.106003,0.171503,0.179878,0.202474,0.232944,0.002484,0.283427,0.223681,#
13,0.149631,0.313918,0.163320,0.175638,0.210189,0.104782,0.172133,0.252486,0.129730,0.123092,0.202666,0.121465,0.118732,1.000000,0.199499,0.227890,0.069476,0.102151,0.125340,0.170795,0.081726,0.241655,0.211239,0.044461,0.351513,0.253489,0.170310,0.232505,0.151595,0.017309,0.143223,0.099737,0.231961,0.124213,0.021985,0.098799,0.129988,0.241089,0.027154,0.100707,0.128309,0.151152,0.311496,0.114163,0.186219,0.129490,0.295197,0.211147,0.298212,0.118103,0.262922,0.124560,0.156388,0.127330,0.222929,0.395578,0.178479,0.201334,0.198199,0.270042,0.246331,0.158161,0.296360,0.192568,0.138980,0.027752,0.275697,0.109086,0.319643,0.314213,0.069977,0.159427,0.248923,0.204848,0.252031,0.076723,0.169420,0.188659,0.193100,0.191902,0.190231,0.298425,0.266946,0.282265,0.277827,0.179398,0.363041,0.163319,0.201237,0.331321,0.255538,0.215741,0.193129,0.164085,0.191504,0.229640,0.098356,0.069999,0.101978,0.153483,0.333774,0.162030,0.138736,0.092310,0.134381,0.256335,0.267035,0.168991,0.137676,0.157052,0.251898,0.163480,0.254858,0.274468,0.155968,0.134828,0.195415,0.178148,0.227941,0.234495,0.241184,0.304758,0.019402,0.189385,0.107337,0.184093,0.092041,0.199302,0.370610,0.142600,0.178369,0.118683,0.181309,0.126090,0.286806,0.152420,0.170942,0.199831,0.271946,0.261179,0.224786,0.156823,0.135702,0.172127,0.284560,0.350616,0.237960,0.124698,0.004784,0.212405,0.277144,0.058273,0.200509,0.226078,0.243367,0.140671,0.092226,0.177206,0.177035,0.065620,0.162012,0.264698,0.049090,0.272590,0.202983,0.304383,0.020299,0.141443,0.264353,0.298256,0.265858,0.270772,0.268342,0.174397,0.209153,0.162415,0.141740,0.172588,0.243248,0.092872,0.204619,0.110087,0.137090,0.192095,0.044412,0.247250,0.200292,0.310712,0.273797,0.249006,0.068645,0.210245,0.200240,0.114476,0.163241,0.231023,0.176362,0.174447,0.222956,0.230828,#
14,0.349073,0.161419,0.193805,0.119306,0.086649,0.226766,0.045985,0.047613,0.209321,0.292346,0.211772,0.030998,0.203517,0.199499,1.000000,0.289367,0.129513,0.164452,0.268286,0.240610,0.084928,0.105956,0.239181,0.207747,0.212462,0.159560,0.197138,0.109284,0.277995,0.037463,0.068390,0.057249,0.153327,0.063079,0.169668,0.239875,0.205066,0.266012,0.249839,0.202079,0.261335,0.228585,0.249480,0.138058,0.171026,0.213835,0.312488,0.209160,0.203344,0.028124,0.294843,0.139457,0.055754,0.149681,0.317167,0.222949,0.176468,0.183571,0.057160,0.174922,0.246053,0.260533,0.097276,0.202569,0.290576,0.062941,0.166160,0.154415,0.168328,0.113664,0.086900,0.221322,-0.023213,0.349092,-0.077650,-0.033466,0.051201,0.180962,0.085861,0.175916,0.240066,-0.031394,0.233838,0.273896,0.161404,0.261870,0.039840,0.047679,0.185252,0.172344,0.217874,0.100429,0.191009,0.179807,0.127332,0.054376,0.210902,0.117109,0.321798,0.139367,0.114236,0.162784,0.179070,0.063780,0.146572,0.092629,0.304231,0.345039,0.173395,0.128868,0.043848,0.129546,0.233245,0.050868,0.163347,0.159883,0.059245,0.278445,0.164480,0.151971,0.240351,0.186656,0.151769,0.152878,0.030066,0.143011,-0.018263,0.065331,0.035119,0.155145,-0.029976,0.208031,0.173340,-0.021085,0.103295,0.064135,0.193461,0.163476,0.178872,0.105959,0.245136,0.214611,0.269494,0.040955,0.119001,0.059986,0.162805,-0.013527,0.099907,0.132453,0.140513,-0.000820,0.119864,0.212512,0.051470,0.026570,0.143867,0.173885,0.181596,-0.028718,0.176470,0.157327,-0.011595,0.125817,0.119484,0.124551,0.122809,0.154266,0.061731,0.215615,0.282584,0.128498,0.238523,0.327766,0.230257,0.026495,0.286475,0.155425,0.160300,0.283742,0.244692,0.304599,0.084944,0.178923,0.160297,0.213786,0.173896,0.253094,0.061855,-0.111998,0.193755,0.164459,0.110396,0.312533,0.108918,-0.015622,0.039536,0.103414,0.252854,0.274926,#
15,0.243770,0.160257,0.105609,0.072203,0.089956,0.251923,0.089415,0.157126,0.206200,0.314868,0.164475,0.244742,0.220614,0.227890,0.289367,1.000000,0.167263,0.331723,0.233043,0.101935,-0.028695,0.219131,0.167536,0.230076,0.317489,0.117753,0.216549,0.229142,0.217816,-0.044488,0.183044,0.258165,0.184163,0.191371,0.152366,0.131527,0.267182,0.261481,0.223959,0.221321,0.357252,0.197742,0.158793,0.115808,0.337603,0.163587,0.221011,0.309682,0.169175,0.108374,0.364494,0.097358,0.194116,0.220991,0.211169,0.106552,0.201796,0.284956,0.112468,0.221189,0.137861,0.193991,0.059810,0.116258,0.135800,0.086018,0.400044,0.321892,0.226467,0.138345,0.071951,0.368679,0.137329,0.146613,0.334017,0.175908,0.147225,0.304578,0.275868,0.072979,0.426686,0.095786,0.141481,0.199171,0.167300,0.258881,0.316103,-0.015819,0.295390,0.240253,0.221061,0.030255,0.157442,0.310086,0.242410,0.195924,0.182503,0.108701,0.353513,0.191018,0.339662,0.240342,0.275049,0.189981,0.256922,0.084097,0.152818,0.170794,0.169154,0.306251,0.128711,0.218188,0.164939,0.114731,0.134225,0.319791,0.312253,0.216789,0.225206,0.275718,0.215110,0.266980,0.073284,0.263809,-0.013097,0.181170,0.097152,0.142233,0.215228,0.090031,0.109200,0.256598,0.078280,0.189496,0.247062,0.222940,0.227473,0.018050,0.284526,0.095712,0.192046,0.195695,0.450267,0.138122,0.217621,0.210557,0.410592,0.056712,0.113576,0.259537,0.314988,0.194737,0.265379,0.429414,0.117216,0.307822,0.129240,0.208472,0.252019,0.169898,0.088200,0.159738,0.036273,0.248709,0.199608,0.206497,0.101080,0.100611,0.185333,0.323684,0.234612,0.133412,0.253314,0.223074,0.240270,0.059299,0.278862,0.232311,0.047592,0.206036,0.176775,0.308941,0.045680,0.094538,0.201215,0.333428,0.129822,0.186188,0.215999,0.047493,0.026711,0.375300,0.029769,0.232570,0.080174,0.161813,0.152063,0.123969,0.014106,0.262082,#
16,0.343834,0.171475,0.163927,0.124614,0.120749,0.280620,0.204499,0.142270,0.194605,0.208944,0.227367,0.288594,0.216984,0.069476,0.129513,0.167263,1.000000,0.262006,0.137844,0.047853,0.475443,0.229394,0.454850,0.131359,0.200468,0.238493,0.169396,0.101235,0.142987,0.103118,0.140640,0.394777,0.106328,0.172947,0.097474,0.133453,0.292560,0.153360,0.132136,0.231605,0.036635,0.241790,0.120521,0.227265,0.174512,0.181100,0.260621,0.226282,0.287641,0.111248,-0.018771,0.191548,0.357440,0.211178,0.143195,0.174123,0.069908,0.227045,0.140263,0.084146,0.154863,0.302056,0.093324,0.223160,0.319231,0.120452,0.242387,0.272818,0.045331,0.301190,0.157429,0.209811,0.190368,0.142565,0.233687,0.412343,0.164179,0.174013,0.293725,0.193366,0.144932,0.126466,0.131116,0.092771,0.178248,0.378210,0.349924,0.143441,0.227654,0.194943,0.225952,0.158947,0.152708,0.041528,0.152385,0.248168,0.165371,0.078314,0.351696,0.165256,0.202448,0.124876,0.040540,0.140470,0.128055,0.237386,0.189669,0.140011,0.143502,0.151248,0.208809,0.222268,0.240872,0.150014,0.199324,0.354800,0.302879,0.147776,0.061322,0.116553,0.109058,0.178476,0.259587,0.142399,0.125037,0.142962,0.107384,0.126523,0.212977,0.258695,0.042210,0.247732,0.196889,0.029813,0.346445,0.204096,0.008816,0.201326,0.212443,0.276973,0.001656,0.187815,0.021099,0.234928,0.180522,0.168187,0.063800,0.099043,0.099901,-0.037533,0.218609,0.159070,0.166048,0.130987,0.224020,0.197306,0.118513,0.113080,0.293386,0.148722,0.157565,0.271157,0.237498,0.278625,0.015848,0.063749,0.180407,0.160581,0.161727,0.152627,0.109099,-0.064029,0.247957,0.095429,0.198010,0.261401,0.163510,0.109316,0.060211,0.150475,0.177456,0.216627,0.122228,-0.004483,0.042736,0.154032,0.279011,0.215965,0.110051,0.035870,0.151754,0.073687,0.058858,0.149888,0.282277,0.195337,0.092459,0.151022,0.092299,0.272525,#
17,0.463840,0.235843,0.229662,0.268309,0.180438,0.304677,0.168399,0.261134,-0.030116,0.251709,0.205010,0.274829,0.183955,0.102151,0.164452,0.331723,0.262006,1.000000,0.180320,0.229913,0.149036,0.349666,0.321591,0.381130,0.355740,0.202034,0.091096,0.196176,0.278860,0.129985,0.250746,0.415081,0.464505,0.227613,0.074911,0.141503,0.268699,0.457086,0.191335,0.062754,0.200621,0.202515,0.178042,0.278405,0.183326,0.232182,0.298205,0.245154,0.464509,0.279921,0.283557,0.074018,0.055310,0.256341,0.289994,0.204530,0.284098,0.441867,0.194762,0.273284,0.167261,0.243897,0.092994,0.238564,0.235352,0.249411,0.376754,0.386507,0.237047,0.374011,0.395343,0.264586,0.320321,0.316133,0.364949,0.342928,0.262871,0.332490,0.238706,0.204895,0.336878,0.276210,0.397047,0.304226,0.315300,0.293197,0.276637,0.204401,0.396424,0.324281,0.246782,0.149080,0.208255,0.139665,0.188022,0.181019,0.187635,0.299158,0.309350,0.352436,0.358528,0.241988,0.158837,0.211310,0.253658,0.230298,0.150379,0.437197,0.080648,0.051642,0.190726,0.147909,0.245863,0.236537,0.073967,0.297904,0.297452,0.192635,0.317425,0.316767,0.195674,0.127181,0.149436,0.215939,0.264229,0.316259,0.193518,0.188574,0.105753,0.168936,0.110036,0.260895,0.277269,0.345015,0.234208,0.217766,0.328869,0.052901,0.301991,0.372560,0.265161,0.298882,0.226107,0.212228,0.352783,0.220421,0.200897,0.110214,0.286874,0.072358,0.397942,0.159458,0.272322,0.349029,0.215695,0.237552,0.143306,0.260488,0.381549,0.268074,0.357151,0.268121,0.093561,0.196243,0.317882,0.243604,0.005884,0.272372,0.168090,0.225904,0.414610,0.213017,0.249242,0.395335,0.307247,0.096731,0.343090,0.274141,0.149414,0.245072,0.259431,0.529931,0.200353,-0.022316,0.164882,0.335086,0.339440,0.371362,0.369697,0.118399,0.187753,0.367174,-0.042363,0.143806,0.283093,0.361887,0.356694,0.107113,0.161771,0.350435,#
18,0.188216,0.311507,0.217302,0.080987,0.222528,0.281635,0.128916,0.183117,-0.054831,0.222769,0.311864,0.084785,0.286925,0.125340,0.268286,0.233043,0.137844,0.180320,1.000000,0.261421,0.079418,0.138874,0.046051,0.236885,0.163025,0.311549,0.306406,0.173400,0.358678,0.017888,0.210963,0.242618,0.357449,0.053870,0.179930,0.172422,0.252791,0.169012,0.096413,0.101757,0.237611,0.093030,0.198359,0.073466,0.130435,0.181644,0.186200,0.205166,0.188311,0.151423,0.211007,-0.005192,0.211978,0.390340,0.169403,0.008661,0.152913,0.314343,0.101867,0.080713,0.219081,0.236053,0.132134,0.314306,0.111164,0.280714,0.268579,0.203939,0.116988,-0.032297,0.103670,0.185190,0.069542,0.235166,0.183069,0.001227,0.030080,0.184849,0.250059,0.341041,0.400294,0.110894,0.219293,0.202325,0.126537,0.110516,0.190581,0.078062,0.205952,0.112080,0.223303,0.099531,0.183114,0.028610,0.131342,0.045682,0.284744,0.128671,0.151236,0.236842,0.095917,0.309564,0.277178,0.181456,0.269267,0.109487,0.126449,0.162440,0.111844,0.170490,0.226232,0.304212,0.068445,0.271698,0.143707,0.064349,0.163483,0.175894,0.190045,0.142639,0.018821,0.278197,0.146863,0.167700,0.073979,0.205986,0.062099,0.207048,0.200426,0.169451,0.154770,0.139602,0.104517,0.021666,0.314841,0.073511,0.096271,0.248974,0.230730,0.285155,0.264280,0.011340,0.004540,0.095254,0.293845,0.175630,0.101472,-0.053943,0.143401,0.120343,0.152121,0.125255,0.244911,0.166184,0.144107,0.292986,0.300427,0.322337,0.194678,0.141435,0.188169,0.206864,0.095662,0.194064,0.115458,0.154297,0.198164,0.180843,0.223557,0.276831,0.030312,0.148090,0.190909,0.143237,0.243956,-0.016142,0.155707,0.288225,0.367998,0.236029,0.193770,0.257559,0.130427,0.099895,0.365765,0.355226,0.216508,0.374873,0.173017,0.061492,0.278350,0.213046,0.027621,0.283616,0.227773,0.140282,0.203654,0.178072,0.239581,0.333977,#
19,0.204401,0.184622,0.138565,0.151633,0.253854,0.050255,0.252608,0.312151,0.219432,0.321322,0.223915,0.045398,0.255333,0.170795,0.240610,0.101935,0.047853,0.229913,0.261421,1.000000,0.027307,0.277921,0.284182,0.276037,0.211232,0.241589,0.127230,0.160609,0.248164,0.258079,0.111516,0.202118,0.245431,0.102765,0.234468,0.229703,0.025949,0.224916,0.358187,0.196443,0.139781,0.107544,0.221559,0.025009,0.258319,0.338041,0.307330,0.354112,0.343776,0.221556,0.159810,0.145259,0.075760,0.367842,0.207919,0.193009,0.240615,0.280548,0.092041,0.303157,0.181097,0.129015,0.185915,0.152700,0.183643,0.188272,0.115065,0.231309,0.215096,0.235264,0.251092,0.180552,0.271547,0.110148,0.186798,0.093784,0.282159,0.303424,0.182741,0.197910,0.232147,0.152009,0.311682,0.071760,0.311691,0.269247,0.220649,0.123717,0.306743,0.292674,0.153491,0.251428,0.218221,0.146991,0.187543,0.240105,0.251410,0.264354,0.109870,0.157381,0.210042,0.161320,0.206240,0.161610,0.178847,0.146758,0.360873,0.434875,0.131905,0.008680,0.253516,0.250997,0.275527,0.249661,0.218772,0.213618,0.258980,0.364500,0.268506,0.194714,0.225405,0.384263,0.126794,0.192566,0.360736,0.301992,0.141432,0.244816,0.028244,0.183150,0.142312,0.114323,0.300405,0.155156,0.232400,0.189057,0.219114,0.204635,0.206906,0.338225,0.267621,0.157789,0.108899,0.121825,0.330808,0.194056,0.163735,0.328577,0.340221,0.035011,0.225155,0.200084,0.192944,0.253186,0.090301,0.221464,0.240641,0.253991,0.251792,-0.010335,0.237472,0.178584,0.216417,0.210291,0.164836,0.188461,0.187433,0.135080,0.098130,0.239995,0.394765,0.162738,0.217929,0.137868,0.264338,0.091634,0.138759,0.236744,-0.016670,0.274299,0.199536,0.321690,0.068806,0.226711,0.210107,0.231687,0.208873,0.375163,0.153595,0.012902,0.280160,0.241305,0.198168,0.373380,0.196129,0.236608,0.241215,0.258646,0.345950,0.367091,#
20,0.308137,0.160547,0.099726,0.038699,0.119300,0.245400,0.188263,0.202304,0.169827,0.192321,0.190473,0.227185,0.249335,0.081726,0.084928,-0.028695,0.475443,0.149036,0.079418,0.027307,1.000000,0.252349,0.253660,0.158624,0.197692,0.149011,0.148084,0.276371,0.122376,0.174366,0.122306,0.235007,0.186680,0.110580,0.263611,0.084611,0.169609,0.165594,0.062171,0.201370,0.005115,0.338370,0.205273,0.184988,0.145762,0.325829,0.141045,0.228406,0.339718,0.099352,0.081907,0.226480,0.359468,0.187839,0.184293,0.071939,0.210479,0.201356,0.022076,0.270852,0.219783,0.020881,0.203089,0.234390,0.372238,-0.063700,0.134616,0.146754,0.183775,0.243074,0.210916,0.075962,0.370347,0.336460,0.172525,0.254742,0.222064,0.038140,-0.004094,0.305265,0.042230,0.005002,0.293285,0.102243,0.068399,0.316387,0.250682,0.209340,0.244711,0.228779,0.180341,0.341115,0.153940,0.129762,0.102741,0.121836,0.137745,0.130255,0.104621,0.107682,0.082856,0.118457,0.006350,0.178859,0.035086,0.204851,0.211583,0.094096,0.086237,0.230450,0.268097,0.043587,0.296161,0.230331,0.131253,0.283682,0.385044,0.088202,0.043366,0.061697,0.039343,0.153856,0.198318,0.196854,0.242406,0.232802,0.251620,0.355731,0.174026,0.298088,0.095063,0.242244,0.107057,-0.082489,0.236239,0.151829,0.067939,0.356813,0.242351,0.326570,0.146568,0.251434,-0.118823,0.112969,0.276371,0.072640,0.110975,0.120013,0.081702,0.089748,0.132675,0.290560,0.104308,0.035912,0.239912,0.207274,-0.022040,0.042270,0.167686,0.078071,0.223314,0.201484,0.104293,0.105498,0.235915,0.080402,0.030665,0.119542,0.154698,0.138062,0.169941,0.050864,0.133525,0.284887,0.150969,0.254090,0.029374,0.053770,0.235031,0.301151,0.190476,0.198197,0.149499,0.178806,0.172043,0.184626,0.075506,0.170186,0.231007,0.028547,0.325760,0.109777,0.135524,0.141891,0.247326,0.253736,0.144386,0.134066,0.066728,0.146894,#
21,0.397942,0.336048,0.280558,0.245029,0.298180,0.359212,0.296191,0.298204,0.159606,0.316236,0.187860,0.310611,0.149637,0.241655,0.105956,0.219131,0.229394,0.349666,0.138874,0.277921,0.252349,1.000000,0.299414,0.391142,0.385091,0.227767,0.255019,0.300431,0.273333,0.221854,0.263192,0.334505,0.296791,0.329942,0.222368,0.229791,0.306607,0.322772,0.279528,0.124435,0.238928,0.339092,0.112782,0.193936,0.370047,0.249128,0.383094,0.323259,0.264081,0.315297,0.310970,0.118903,0.320585,0.319471,0.297194,0.196576,0.354539,0.340919,0.226668,0.286977,0.216442,0.211063,0.292656,0.209665,0.374179,0.165486,0.323274,0.277080,0.328082,0.411262,0.455770,0.174954,0.323001,0.253640,0.264475,0.188755,0.277020,0.216804,0.181207,0.274445,0.365732,0.266373,0.210880,0.169478,0.309780,0.326445,0.281093,0.243111,0.354338,0.374542,0.221501,0.202997,0.238175,0.163356,0.344336,0.327204,0.188350,0.314040,0.342606,0.274215,0.368465,0.205595,0.182666,0.337870,0.287352,0.397437,0.172285,0.330386,0.223317,0.195371,0.245896,0.267348,0.420072,0.294735,0.131069,0.314642,0.413108,0.152728,0.370540,0.352323,0.244988,0.368459,0.094715,0.392899,0.225406,0.400769,0.226001,0.362189,0.202574,0.223134,0.302802,0.140651,0.281992,0.220724,0.320503,0.199336,0.290809,0.235424,0.325455,0.369246,0.160430,0.322355,0.215497,0.192603,0.341735,0.268203,0.266481,0.310509,0.250470,0.166450,0.337096,0.254790,0.258144,0.391834,0.265941,0.239657,0.223720,0.330125,0.267328,0.225332,0.434322,0.140879,0.099854,0.312015,0.312676,0.150152,0.017856,0.334540,0.170233,0.300079,0.337316,0.157701,0.331798,0.268274,0.270422,0.143152,0.328247,0.163517,0.257103,0.312361,0.230348,0.337654,0.153899,0.217063,0.177695,0.295942,0.252628,0.334521,0.389090,0.120998,0.296056,0.298506,0.243091,0.100098,0.367395,0.310865,0.333260,0.215278,0.117678,0.334169,#
