0,1.000000,0.028205,0.068489,0.022904,0.143115,0.066524,0.044972,-0.075789,0.022418,-0.025520,0.110115,-0.059343,-0.012254,-0.093657,0.163455,0.356365,0.206749,0.141208,0.132287,0.193964,-0.024361,-0.015960,0.197875,0.345795,0.014806,0.030653,0.099958,-0.152270,-0.019135,0.084246,-0.003925,0.217352,0.020647,0.173774,0.210857,0.002731,-0.017357,-0.023139,0.153231,0.139773,0.075163,0.009805,0.177591,-0.080684,0.025038,-0.019878,-0.037179,0.233991,0.134658,0.230675,-0.029086,0.099819,0.017326,0.111839,0.191287,0.084213,0.169784,0.124270,-0.001372,0.036474,0.131989,0.098380,0.175859,0.009121,-0.015350,-0.024665,0.043987,0.139720,0.044814,0.060410,0.094834,-0.068425,0.124509,0.225426,0.037602,-0.137535,0.224025,0.171428,-0.024378,0.077288,0.005383,0.019696,-0.000952,0.139646,0.200886,0.053497,0.241514,0.128880,0.235261,0.150851,-0.023080,0.015023,0.175537,-0.041085,0.040250,0.164832,0.087339,-0.042639,0.062588,0.196721,0.199871,0.072197,-0.020430,0.160906,0.051802,0.104176,0.224416,0.100355,0.204891,-0.079629,-0.063607,0.085562,-0.045066,-0.007950,0.152000,0.082587,0.096125,-0.056508,0.063703,0.022420,0.081820,0.061104,0.203928,0.097401,0.126847,0.167977,0.165436,-0.062140,0.050343,0.162070,0.049674,0.018982,-0.031068,-0.046620,0.045879,0.099604,0.098141,-0.001501,-0.215242,0.070465,0.211086,0.087075,-0.047054,0.044348,0.101598,-0.102450,0.094591,0.071560,0.118517,-0.030427,-0.105932,0.097642,0.115958,-0.068858,0.049243,0.215043,0.135641,0.109489,0.047655,0.063720,0.087061,0.111759,0.075240,-0.115259,0.073108,0.243045,-0.016582,0.137252,0.201308,-0.018059,-0.066285,-0.030821,0.106205,0.062007,-0.054725,0.197934,0.254973,0.082804,0.076207,-0.006001,0.116768,0.130409,0.086510,0.055367,0.083723,-0.072800,0.032490,0.234943,0.184014,-0.063696,-0.108501,0.112177,-0.117387,0.071903,0.146117,0.169771,0.003497,0.107500,0.163123,0.142899,#
1,0.028205,1.000000,0.036130,0.061646,-0.017101,0.059001,0.134448,0.074248,0.220048,0.032338,0.179770,0.233625,0.017171,-0.178524,-0.100323,-0.076381,-0.033228,0.057303,-0.078332,0.050602,-0.190188,0.114715,0.033841,-0.106644,0.065770,0.025532,-0.050148,0.141542,-0.246963,0.032040,0.110718,0.002201,-0.117104,0.086534,-0.095171,0.064885,0.089460,-0.043207,0.156040,0.050004,0.005989,-0.080607,0.125870,0.031828,-0.093544,-0.026486,0.290398,0.037242,0.090261,-0.001817,0.080666,-0.001476,0.126287,0.093689,0.047102,0.077927,0.026634,-0.099344,-0.158081,0.055578,-0.023053,0.012161,0.083365,-0.033319,-0.132514,0.142994,0.058764,0.153162,0.041642,0.129199,0.116468,0.128545,0.197938,-0.038438,0.092990,0.051819,0.046421,-0.016169,0.191652,-0.012449,0.079762,0.083297,-0.080330,0.049793,0.195235,-0.106706,0.103191,0.124583,0.063096,-0.056832,0.015088,0.053895,-0.107542,0.030078,0.047103,0.061773,-0.101865,-0.055081,-0.055839,0.051660,0.171039,0.051851,0.014335,-0.060571,-0.036927,0.058335,0.085234,0.147871,0.108381,0.021593,-0.040698,0.048543,-0.037582,0.015477,0.061495,0.201485,0.092893,-0.051576,0.017561,-0.086897,-0.157180,0.072541,0.150122,0.120995,-0.000963,0.053761,0.072769,0.103163,0.112520,0.112851,-0.071652,0.144515,0.007096,0.083949,0.060265,0.046290,0.157703,0.164229,0.083433,0.139443,0.154907,-0.021654,0.042711,0.202168,0.240829,-0.058309,-0.032193,-0.071067,-0.001209,-0.115408,0.086335,0.029261,-0.042969,-0.140675,0.189408,0.098108,-0.096663,0.051134,-0.298419,-0.171052,-0.067668,0.110684,0.100994,0.117577,0.088977,-0.056942,-0.056518,-0.149800,-0.015037,0.187121,0.077347,0.133070,0.025125,0.045458,0.030468,0.119331,0.053241,0.055672,0.052992,0.005134,0.035211,-0.066208,0.067387,-0.045451,0.110794,0.096974,0.017657,-0.105953,0.177332,0.112089,0.165272,0.100639,-0.203121,0.046131,0.025331,-0.027145,-0.041727,0.161582,-0.066745,0.240226,#
2,0.068489,0.036130,1.000000,0.039083,0.250014,0.015427,0.069722,0.052634,0.024909,0.071525,0.174972,0.194344,0.048482,0.197807,-0.062635,0.205914,-0.014406,-0.032044,0.123530,0.102942,0.186923,0.184317,-0.052636,0.030686,0.042505,0.215954,0.166697,-0.059484,-0.137656,0.057376,-0.033510,-0.005645,0.013970,-0.059826,0.111289,0.056582,0.058370,-0.054736,0.084450,-0.125733,0.031400,-0.026155,0.233439,-0.004553,0.136536,0.044304,0.112521,-0.013692,-0.007706,0.037440,0.032061,0.159779,0.106568,0.013891,0.073229,-0.001500,0.159138,-0.057105,0.165114,0.123732,0.322341,0.062718,-0.034505,0.107884,0.124408,0.086087,0.040511,0.065959,0.116013,0.012179,0.084961,0.181001,-0.057949,0.140599,0.212363,0.016010,0.099652,0.101617,0.030282,0.089659,0.120412,-0.064655,0.018372,-0.095611,0.152274,0.044519,0.144293,0.165614,0.040294,-0.094262,0.005962,0.129954,0.124714,0.160878,0.024758,0.142075,0.105782,0.034154,0.092823,0.033862,0.160064,0.099930,-0.030233,0.222784,-0.030346,0.119976,0.172227,0.160243,0.101435,0.088300,0.159431,0.065877,0.176850,0.057911,-0.007454,0.136242,0.144212,-0.040848,-0.192820,0.025256,-0.055035,-0.101139,0.054075,0.060329,0.076202,-0.035757,0.231773,-0.004621,0.145184,0.083907,-0.122100,0.180861,0.092775,0.155488,0.151640,-0.073829,0.122994,0.033906,0.057666,-0.011135,0.105768,0.140179,0.044209,0.023769,0.239711,-0.048057,-0.143638,-0.016571,0.156818,-0.002318,0.083332,0.113129,0.234415,0.163474,-0.065371,0.071117,0.025415,-0.046366,0.025457,0.101086,-0.112950,0.143797,0.128920,0.149006,0.038796,0.179627,0.000184,-0.088473,-0.058047,0.028207,-0.089711,0.249343,0.120643,-0.008758,0.066762,0.060733,0.099321,0.059313,-0.135726,-0.026446,0.121999,0.213701,-0.158921,0.145015,-0.020085,0.104486,0.102165,-0.036670,0.078364,-0.075346,0.042326,0.114312,0.124069,0.091372,0.116226,0.061031,-0.162927,0.092012,0.163943,0.176449,#
3,0.022904,0.061646,0.039083,1.000000,0.090930,-0.010561,0.025666,-0.014154,0.258106,0.072040,0.096308,0.060424,0.051236,-0.047900,0.093611,0.025305,0.022220,0.126600,0.172598,0.141593,0.137602,0.115416,0.223740,0.206455,0.056975,0.180707,0.106969,-0.015641,0.074651,0.141632,0.092720,0.084030,0.277448,0.189225,-0.080690,0.092592,0.083437,0.169659,0.282665,0.092233,0.000324,0.202838,0.183892,0.143176,-0.063128,0.098322,0.000598,0.166961,-0.098394,0.044954,0.056690,0.061800,0.193149,-0.011665,0.100077,0.113441,0.111513,-0.036667,-0.015943,0.143869,0.166003,-0.014081,-0.015590,-0.027566,0.264179,-0.006328,0.015954,-0.184277,-0.064377,0.263891,0.059019,0.099680,0.117605,-0.004492,0.069447,0.024078,0.038474,0.058204,-0.023381,-0.107929,0.178892,0.112768,0.189681,0.017720,0.194833,-0.036178,-0.014623,-0.019969,0.118133,0.081058,0.227726,0.125686,0.050406,0.074102,0.063725,0.048952,0.027698,-0.139019,0.099099,-0.031247,0.157475,-0.019726,0.009824,-0.014740,0.252457,-0.069724,0.206783,0.208522,-0.082801,0.031954,0.131717,-0.053713,0.066436,0.055784,0.063846,0.011037,0.009615,0.127866,-0.007664,-0.023190,0.025719,0.001366,0.111078,0.095440,-0.039102,0.121461,0.156110,0.182599,-0.030098,0.009423,0.189718,0.128667,0.068212,0.169425,0.043154,0.139497,-0.014597,0.009909,0.077334,0.071186,-0.045431,0.218955,0.110801,-0.027873,0.035894,0.005083,0.152733,0.218804,0.032340,0.133544,-0.039799,-0.064905,0.002883,0.114889,0.153254,-0.001552,-0.077134,0.050548,0.170401,0.039308,0.021226,0.057191,0.151051,0.186275,0.076115,0.026243,0.020857,0.077218,-0.087373,0.056785,0.104299,-0.113578,0.040461,-0.087583,0.015962,0.107816,0.118938,0.085005,-0.085784,0.149248,-0.030741,0.273254,0.092958,-0.183649,-0.120172,-0.049081,0.090391,0.045283,0.105503,0.054725,0.156717,0.064382,0.055454,0.026006,0.093928,0.050128,0.141395,0.044810,0.016781,0.035594,#
4,0.143115,-0.017101,0.250014,0.090930,1.000000,0.131704,-0.053791,0.130201,0.163171,0.157435,-0.091548,0.115096,0.130557,0.084205,0.084355,0.169492,-0.026703,0.133706,0.125942,0.290460,0.311115,0.059173,0.186116,0.192743,0.006166,0.215866,0.040516,-0.140673,0.103882,0.072035,0.071184,0.069486,0.116097,0.086678,0.056219,0.137596,0.281351,-0.029450,0.188138,0.098183,0.060994,0.197540,0.185425,0.037293,0.219726,0.168829,0.301810,0.110498,0.022092,0.042349,0.031481,0.131522,0.150789,0.193370,0.336852,0.198904,0.123179,0.091651,0.170619,0.153697,0.165538,0.191621,0.029884,-0.071821,0.054558,0.016622,0.060335,0.108580,-0.024965,0.131532,0.216814,0.138965,0.128593,0.153490,0.111680,-0.067002,0.062876,0.145577,0.107541,0.196957,0.151529,0.204919,0.021636,0.017969,0.373837,0.046220,0.110871,0.118686,0.123993,0.081618,0.236781,-0.058405,0.186781,0.015599,0.158873,0.137148,0.055123,0.026336,-0.055950,0.057450,0.117160,0.050450,0.142949,0.114482,0.042964,0.189787,0.047632,0.160559,0.152413,0.195434,0.143574,0.209345,0.246278,0.220095,0.041982,-0.017755,0.191262,0.058160,-0.059806,0.062472,-0.080452,0.014353,0.093157,0.036021,0.228724,-0.088280,0.217987,0.070896,0.243673,0.125913,0.163922,0.056306,0.128436,0.229654,0.152708,0.130750,0.032535,-0.041471,0.111769,0.031301,0.098097,0.090719,0.207319,0.034228,0.207713,0.189748,0.105042,0.149597,0.050168,0.107706,0.019556,0.164582,0.167066,0.314093,0.232437,0.079786,0.208960,0.099012,-0.111229,0.120298,0.158584,0.055949,0.037032,-0.119512,-0.125303,0.093881,-0.051917,0.096184,-0.030834,0.073054,-0.093778,0.052759,0.374916,0.148766,0.202712,0.207577,0.209860,0.218328,0.041756,0.172643,0.005290,0.002739,0.103705,0.112157,0.106528,0.111634,-0.144869,0.159338,0.155790,0.197104,-0.090160,0.202190,-0.024458,0.027275,0.097861,0.154959,0.106499,0.086011,0.178650,0.340146,#
5,0.066524,0.059001,0.015427,-0.010561,0.131704,1.000000,-0.016160,0.167615,0.080572,0.184902,0.183406,0.073375,0.197567,-0.044135,0.059391,0.097424,0.018076,0.125649,-0.147385,0.212946,-0.047688,-0.055318,0.172115,0.109205,0.149522,0.018584,0.105967,0.055008,0.152631,0.065586,0.253018,0.183352,0.179168,0.187458,-0.045024,0.162108,0.133386,-0.017655,0.181236,0.018386,0.171575,0.053317,0.002371,0.151905,0.063169,0.120669,0.254594,-0.061737,0.131649,-0.012904,0.092067,0.121798,-0.005009,-0.015724,0.132609,0.204006,0.144368,-0.110980,0.313506,0.108295,0.010335,0.150934,0.090270,0.026537,0.208169,0.119532,0.024728,0.124087,0.126741,-0.164456,0.109998,0.049838,0.186316,0.093406,0.069276,0.097005,0.151477,0.068795,0.088597,0.107901,0.152456,0.048947,0.147821,0.018278,0.030848,0.026387,0.100259,0.111216,0.073442,-0.135970,-0.069978,0.084731,0.295259,0.251709,0.009329,0.122204,-0.049502,0.137531,0.117201,0.114247,0.057554,0.111725,-0.112752,0.056868,0.062318,0.224928,0.153621,0.180760,0.116625,-0.032578,0.065525,0.181153,0.004068,0.033717,0.139468,-0.043206,0.060759,0.061475,-0.059652,-0.014674,-0.101640,0.128741,0.046483,0.159781,-0.077798,-0.057127,0.120353,-0.045866,0.073905,0.107984,0.249658,0.078282,0.153821,0.182333,0.103993,0.205899,0.060333,0.110881,0.018667,-0.130716,0.084443,0.076902,0.156481,0.190221,0.180764,0.028639,0.039813,-0.031560,-0.002547,0.019866,0.113429,0.021447,0.188294,0.062119,-0.007544,0.121960,0.172754,0.034831,0.071172,-0.036747,0.148611,0.009805,0.197566,0.112113,0.067026,0.105943,-0.111000,0.254552,0.154482,0.101136,0.288289,0.082442,0.147503,0.040984,-0.020761,0.073778,0.155204,0.157503,0.076302,0.109991,0.204992,-0.027837,0.327528,0.105988,0.034850,0.108850,0.096790,0.059349,0.002136,-0.094257,-0.009234,0.184134,-0.037158,-0.000421,0.084140,-0.067831,0.031917,0.172931,0.103755,0.275223,#
6,0.044972,0.134448,0.069722,0.025666,-0.053791,-0.016160,1.000000,-0.057898,0.127809,-0.043818,-0.026959,0.019500,0.060152,0.029893,-0.049919,0.095392,-0.005679,0.059269,0.015962,-0.103499,0.107504,0.064832,-0.099997,-0.041244,-0.023310,0.035097,-0.006164,-0.001824,-0.021612,0.158495,0.038325,0.024215,-0.049335,0.051555,-0.028458,0.045408,-0.213094,0.122469,-0.054215,-0.025414,-0.108065,-0.148140,0.070148,0.015314,0.115453,-0.066556,0.016516,-0.155105,0.052627,-0.018090,-0.011392,0.013168,0.046673,0.057995,0.037105,0.052408,-0.087631,-0.050497,0.052996,0.090681,0.181878,-0.093978,0.096560,-0.092421,0.107356,0.139827,0.063488,0.026832,-0.078059,0.010674,0.035815,0.016181,-0.118412,0.202130,0.155293,0.025246,0.119861,0.017732,0.032816,-0.049164,0.009503,-0.082801,0.065530,-0.077821,-0.052096,0.103260,0.001993,0.011259,-0.096069,-0.059635,0.003105,-0.158042,-0.102558,-0.109426,-0.057388,-0.085344,0.137777,-0.002302,-0.016328,0.257747,0.012959,0.133646,0.112953,0.010497,-0.199230,0.014405,0.096861,-0.042651,0.008576,-0.058681,0.015856,0.099949,-0.082875,-0.279236,0.055604,-0.063944,0.177424,-0.074607,0.022807,-0.062077,0.100370,-0.037687,-0.078400,0.129910,-0.015073,0.118338,-0.117312,-0.019061,-0.080337,0.007383,0.023600,-0.010717,0.021508,-0.002658,-0.022746,0.041564,0.029251,-0.120068,0.087720,0.105120,-0.032274,0.101391,-0.149408,-0.077931,-0.049316,0.011305,0.026676,-0.026437,0.033661,-0.200067,0.260191,-0.116925,0.056623,-0.164080,0.019435,-0.006968,-0.066749,0.252680,-0.027782,-0.071458,-0.162619,0.080008,0.117761,0.182574,0.010907,0.116330,-0.078433,-0.011941,-0.085005,-0.094915,0.010992,0.002371,-0.041709,-0.089841,0.142508,0.015681,-0.050314,-0.004239,0.022237,-0.088894,0.048493,-0.084985,0.133525,-0.029374,0.103350,0.005236,-0.036261,0.029462,-0.149698,0.001158,-0.064313,0.073101,-0.180961,0.131137,-0.079787,-0.112510,0.081102,-0.002351,0.010722,0.063520,#
7,-0.075789,0.074248,0.052634,-0.014154,0.130201,0.167615,-0.057898,1.000000,0.290679,0.045040,0.136131,0.215401,0.045483,-0.035317,0.155495,0.022623,0.084144,0.160202,-0.049948,-0.034354,0.000389,0.074144,0.159796,0.084141,0.205810,0.084630,-0.004057,0.113941,-0.074420,0.029642,-0.001740,-0.032709,0.131346,0.066907,-0.062122,0.066602,-0.027672,-0.078689,0.209167,0.114192,-0.025515,-0.061196,0.056117,0.173663,0.179194,0.082419,0.134336,0.041055,-0.002901,0.000156,0.123143,-0.007606,-0.035020,0.109679,0.016434,-0.000014,0.069744,0.182273,0.109938,0.048669,0.052516,0.125344,0.047985,-0.026019,0.054281,0.169236,0.045069,-0.048567,0.048315,0.247765,0.087449,-0.002538,0.303792,0.047511,0.003679,0.035559,-0.033925,-0.000399,0.080259,0.269210,0.126464,0.044978,0.056651,0.001257,0.075770,0.048360,0.060382,0.046430,0.040483,0.075428,-0.060080,-0.017833,0.063633,0.085516,-0.044694,-0.170218,-0.038145,0.104798,-0.014165,0.121943,0.095942,0.034777,-0.021041,0.046994,-0.069972,0.093100,0.130500,0.092115,0.020332,0.098543,0.036365,0.004428,0.058976,0.015719,0.277351,0.055973,0.034727,-0.133115,-0.110059,0.186862,-0.006218,0.082125,0.000164,0.084008,0.105110,0.011674,0.197778,0.110026,0.031544,-0.041554,0.046560,0.067341,0.251997,0.040073,0.232305,0.169308,-0.192375,0.189678,-0.029192,-0.020152,0.165009,-0.013573,0.060263,-0.044827,0.065574,-0.002214,0.093552,-0.038154,0.002000,0.102025,0.045219,0.087097,0.134356,0.117186,-0.094053,0.126064,0.088010,0.080868,0.021912,0.130531,0.093616,-0.099958,0.247014,-0.077891,-0.174423,0.218308,0.120110,-0.085370,-0.057499,-0.021116,0.101905,0.030017,0.149922,0.101527,0.179254,0.055682,-0.019267,0.028862,-0.176737,0.215224,0.264099,0.058751,0.040404,0.045513,-0.125532,0.104635,-0.129755,-0.151952,0.035608,0.209976,0.087049,-0.010603,-0.028872,-0.073220,0.062734,-0.019532,-0.057865,0.083490,0.084222,0.105286,#
8,0.022418,0.220048,0.024909,0.258106,0.163171,0.080572,0.127809,0.290679,1.000000,0.151603,0.131655,0.151187,0.055396,-0.029436,0.164537,0.239693,-0.087351,0.133171,0.044314,0.043258,-0.132438,0.186264,0.211403,0.173182,-0.062458,0.140394,0.004703,0.154316,-0.026086,0.208469,-0.021552,0.091892,0.016851,0.080250,-0.065851,0.095223,0.120651,-0.004695,0.093914,0.125958,0.008261,0.149010,0.111681,0.078671,0.128848,0.075409,0.000066,0.027332,0.102596,0.079864,0.149226,0.267472,-0.016255,0.202574,0.094609,0.240401,0.147271,0.182920,-0.034570,0.278419,0.205141,0.048525,0.181364,-0.133219,0.146220,0.255914,0.096620,0.002747,0.198787,0.172327,0.183937,-0.004965,0.131625,0.133213,0.143819,0.113343,-0.024291,0.036895,0.083913,0.161134,0.169398,0.159385,0.056352,0.009228,0.191787,0.063484,0.047324,0.012303,-0.029695,0.228650,0.091549,0.130349,0.068847,0.017579,0.244938,0.137110,0.107095,-0.020814,0.075137,0.090950,0.155809,0.019717,0.044345,0.082387,0.133065,0.082163,0.161206,0.174153,0.045681,0.166859,0.009142,0.081693,0.001333,-0.007951,0.238954,0.242878,0.134633,-0.037928,-0.005425,0.191704,0.063996,0.087396,0.120182,0.103087,0.103881,0.150000,0.162384,0.280535,-0.000024,0.133776,0.014423,-0.039984,0.184031,0.182066,0.217127,0.192091,-0.069563,0.030532,-0.034328,-0.015671,0.082555,0.158450,0.199171,0.015173,0.061584,0.001103,0.264964,0.068529,0.082407,-0.017631,0.138658,-0.030441,0.106633,0.192078,0.236342,0.289227,0.120347,0.252915,0.006883,0.119406,0.026740,-0.013060,0.157241,0.092759,0.122433,0.170498,0.107165,-0.082278,0.077254,0.110031,0.025249,0.126185,0.191102,-0.010771,0.277125,0.037784,0.033698,0.118677,0.062609,0.163250,0.126834,0.058916,-0.009820,0.107859,0.070716,0.176390,-0.064649,-0.019376,0.152800,0.125604,0.102941,0.114140,0.066462,-0.011954,0.192860,0.040361,0.077803,0.074549,0.064513,0.047317,#
9,-0.025520,0.032338,0.071525,0.072040,0.157435,0.184902,-0.043818,0.045040,0.151603,1.000000,0.217068,-0.003326,0.063126,0.014472,0.075567,0.191298,-0.011291,-0.038368,-0.021164,0.204700,0.055588,0.008782,0.155394,0.138662,-0.069888,0.004407,0.111876,0.070147,0.090301,0.085563,0.225470,0.043414,-0.053419,0.236899,0.219474,0.088320,-0.044366,0.075475,0.123371,-0.083751,0.176640,-0.060932,0.097048,-0.078669,0.046265,0.118428,0.083238,-0.039846,-0.107843,0.013340,-0.040363,0.060116,-0.062745,0.103451,-0.081765,0.113587,0.021712,0.008619,0.207968,0.070559,0.131685,0.108955,0.234372,0.129755,0.077208,0.173695,0.014622,-0.022282,0.070564,-0.080369,0.304889,0.075447,0.079734,0.096833,0.014004,0.008017,-0.185019,-0.048468,0.159523,0.212814,-0.001804,0.164786,-0.075214,-0.128274,0.282012,-0.062890,0.041570,0.200629,-0.176487,-0.171402,0.000042,0.199120,0.132391,-0.027729,0.018189,0.011144,0.082102,0.171282,0.151686,-0.199655,0.014789,0.114556,0.192931,-0.019537,0.265077,0.098631,0.077794,-0.131698,0.125344,0.058625,0.031060,0.103836,0.185978,0.285823,-0.129068,0.101914,-0.006484,-0.012984,0.039974,-0.128713,-0.023706,0.125383,-0.016883,0.095690,-0.044094,0.001304,-0.083299,0.166082,0.125785,0.156324,0.030818,-0.092551,0.116102,0.245693,0.124405,0.108672,0.069160,0.092860,-0.039174,-0.098942,-0.116234,0.111615,0.152858,0.090432,-0.151119,0.017465,0.115066,-0.001577,-0.018275,0.137122,-0.003565,-0.123244,0.266146,0.207274,0.198784,0.044296,0.026061,0.107790,0.161816,-0.040997,0.121765,-0.046783,0.057763,0.156793,0.083275,-0.001859,0.039661,0.034374,0.259407,-0.076278,0.030292,0.034237,-0.001381,0.105371,0.113267,0.192712,0.007181,0.112158,0.104142,0.052598,0.014333,-0.057712,0.112954,0.110529,-0.018741,0.113562,-0.090533,-0.038892,0.278964,0.102707,0.067209,0.111558,-0.041431,0.016043,-0.047868,-0.012748,-0.003953,0.099258,-0.046337,0.144318,#
10,0.110115,0.179770,0.174972,0.096308,-0.091548,0.183406,-0.026959,0.136131,0.131655,0.217068,1.000000,0.027177,-0.155533,-0.127972,0.050962,0.100994,0.021651,0.078487,-0.024440,0.082465,-0.057591,-0.071275,-0.049613,0.135993,0.001449,-0.097971,-0.054863,0.216571,-0.100451,0.104026,0.041367,0.072746,0.087772,0.075784,0.098276,0.003028,-0.012120,-0.023868,0.206701,-0.003371,0.212231,-0.059866,-0.059842,-0.106339,-0.011687,0.022703,0.092816,-0.001299,0.083813,0.294562,-0.090699,0.066730,-0.032537,0.091212,-0.038383,0.114593,-0.045027,-0.160762,-0.079972,0.136458,0.035149,0.102448,0.060075,0.239063,0.141175,0.085470,0.150093,-0.054249,-0.088875,0.044931,0.016687,0.129393,0.048162,0.076807,0.014424,0.033017,-0.055068,-0.045476,-0.056911,0.070548,0.190038,0.030624,0.098905,0.023857,0.204761,-0.054278,0.049218,0.165368,-0.079242,0.139749,-0.038365,0.168259,0.138413,0.080863,0.097217,0.168081,-0.077911,-0.097572,0.213653,0.051687,-0.029453,-0.005595,0.016795,-0.035531,0.172134,-0.197082,0.119954,0.172335,0.006938,-0.064960,0.009303,0.139508,-0.073092,0.004841,0.220665,0.246312,0.015255,-0.041090,-0.001272,-0.017912,0.018419,0.163908,-0.061928,0.091146,-0.140110,0.011550,0.196148,0.197227,0.060556,-0.018054,0.030196,0.016661,0.018986,0.040251,0.114804,0.004167,-0.101481,0.286155,-0.136260,-0.017066,0.227587,-0.005603,-0.032387,0.045452,0.075263,-0.151314,-0.038837,-0.103581,0.007691,0.026832,0.076376,0.071219,0.210754,0.007535,0.072629,0.027658,0.108915,-0.109928,0.124546,-0.065802,0.099696,-0.130037,0.252480,0.104826,0.088643,0.086321,0.174671,-0.018683,0.118365,0.142162,0.042131,0.006850,-0.032351,0.079820,0.140680,-0.029788,0.137290,0.202120,-0.114885,0.114420,0.033190,0.002239,0.190499,-0.032941,0.024706,0.102619,-0.046344,-0.227795,0.066877,0.070800,0.158347,0.018170,0.005731,-0.024919,0.155720,-0.080471,-0.184684,0.153872,-0.024551,0.263620,#
11,-0.059343,0.233625,0.194344,0.060424,0.115096,0.073375,0.019500,0.215401,0.151187,-0.003326,0.027177,1.000000,0.045595,0.031883,-0.137360,-0.092718,0.002833,0.120685,0.049510,-0.185276,-0.064941,0.177806,-0.100458,-0.115157,0.156269,0.142275,-0.180472,0.201566,-0.153090,0.081350,0.169446,0.059875,0.011403,0.081209,0.038676,0.051443,0.138439,-0.114483,0.057702,0.142749,-0.002735,0.146777,0.225696,0.006322,0.037699,0.069160,0.127327,-0.067590,0.144887,-0.025811,0.000462,0.153918,0.018671,0.236446,0.012959,-0.077054,-0.094160,0.283702,0.070878,0.010576,0.062463,-0.048768,0.052495,-0.136045,0.055656,0.157904,0.138682,0.106831,0.106390,0.085679,0.000405,0.026765,0.152476,-0.048092,-0.064784,-0.128431,0.053726,-0.072815,-0.061469,-0.057595,0.116359,0.102227,0.088665,-0.009765,0.170369,-0.106353,0.028355,0.026738,0.217105,-0.045936,-0.185271,0.134097,0.159349,0.161624,0.058622,0.103244,-0.095191,-0.085262,0.106728,0.116408,0.063690,0.119503,-0.035480,0.047998,-0.006484,0.168861,0.112033,0.167481,0.115982,0.168806,0.218898,0.093055,0.072384,0.044719,-0.088136,0.211668,-0.018193,0.129649,-0.210956,0.045691,-0.042720,0.050117,0.085421,-0.022285,0.083007,-0.071228,-0.053543,0.014508,0.091878,0.004775,0.053183,0.149083,0.175186,0.118043,0.089059,0.071340,-0.157180,0.240718,-0.049085,0.145193,0.103781,-0.115665,0.086632,0.094224,0.238020,-0.060483,0.092441,-0.042698,-0.119327,-0.026773,0.012200,0.173952,0.103974,0.100656,0.135728,0.115755,0.043385,-0.059519,0.054339,-0.045817,-0.034366,0.095190,-0.110965,-0.054725,-0.044000,-0.029130,0.158258,-0.008256,-0.019819,0.137211,-0.034167,0.012922,-0.014699,-0.094275,0.079106,0.054565,-0.008378,0.050536,-0.117598,0.114957,0.137449,-0.024942,0.078353,-0.108549,-0.128401,0.078839,-0.065637,0.002469,0.138346,0.132911,0.161481,-0.073723,0.193946,0.106675,0.207429,-0.022685,0.026849,0.042875,0.008462,0.167510,#
12,-0.012254,0.017171,0.048482,0.051236,0.130557,0.197567,0.060152,0.045483,0.055396,0.063126,-0.155533,0.045595,1.000000,0.058064,0.201497,0.095382,0.279002,0.123693,0.052403,0.179475,-0.014562,0.178698,0.094245,0.141264,-0.094904,0.132747,0.116682,0.088879,0.096863,0.038318,-0.036242,0.179296,0.185375,0.088999,0.105853,0.170524,0.048376,0.058762,0.055936,0.100337,0.046840,-0.077093,0.172295,0.265669,0.180553,0.185483,0.193964,-0.049456,0.181801,-0.029813,0.224581,0.057476,0.020654,0.156179,0.191398,0.077094,0.020180,0.117708,0.048264,-0.086254,0.000243,0.290291,-0.113616,0.118511,0.331445,0.098807,0.045756,0.051945,0.172577,0.026612,0.154881,0.082866,0.192128,0.082615,0.215473,0.202109,0.128676,-0.096044,0.012928,0.026955,0.232894,0.071080,-0.055858,0.037300,0.067004,0.079465,0.050861,0.133430,0.196450,-0.000126,0.025929,-0.021898,0.049517,0.046654,0.050586,0.122479,0.308506,0.068262,-0.013088,0.064107,0.066559,0.152975,0.065802,0.097873,0.079196,0.041547,0.082175,-0.007106,-0.039942,-0.006230,0.233033,0.029116,0.100181,-0.028920,0.098953,-0.031531,0.240785,-0.131637,0.172059,-0.092820,0.118348,0.059209,0.174390,0.270270,0.140866,-0.184592,0.032477,-0.043821,-0.074575,0.041279,0.101324,0.032903,0.007013,0.156379,0.089766,-0.065705,0.191698,0.097228,0.261539,0.057762,0.088689,0.095871,0.131942,0.006204,0.026612,0.206272,0.030158,0.098066,0.005800,0.113123,0.019122,0.166963,0.093145,0.050548,-0.041348,0.242821,-0.000020,-0.044719,-0.026030,0.052378,0.019508,0.346624,0.139416,0.108885,0.171228,-0.039313,0.135860,0.164256,-0.006737,0.027726,0.114572,0.112700,0.014113,0.152584,0.181415,0.085087,0.156741,0.152006,0.066888,-0.006625,0.106906,0.130872,0.124299,0.047255,-0.012594,0.069199,0.129070,0.240604,0.044430,-0.131399,0.020121,-0.082290,0.090324,0.108318,-0.104415,0.086782,0.135424,0.114035,0.110585,-0.018415,#
13,-0.093657,-0.178524,0.197807,-0.047900,0.084205,-0.044135,0.029893,-0.035317,-0.029436,0.014472,-0.127972,0.031883,0.058064,1.000000,0.184220,0.013751,0.189592,-0.025807,0.088415,0.152730,0.100019,0.007057,-0.027914,0.101309,-0.208540,0.184685,0.185278,0.067689,-0.022480,0.054058,-0.013533,0.040703,0.131245,0.019354,0.193696,0.103711,-0.038152,0.068191,-0.152203,0.090007,-0.095760,0.086879,0.119202,0.064131,0.119810,0.142790,0.062889,-0.021394,0.059743,-0.080837,0.072783,-0.027429,0.017338,0.304586,0.046487,0.043437,-0.073892,0.097097,-0.014083,0.173735,0.145705,0.190927,0.119316,0.080204,0.061388,-0.004707,0.227121,0.111737,0.107935,0.044958,0.028922,-0.013628,-0.069298,0.042756,0.175006,0.162002,0.107253,0.110766,0.107053,0.203501,0.051655,0.223386,0.068016,0.128929,0.052170,0.019108,0.092382,0.053488,0.027350,-0.075009,0.065164,0.022749,0.070376,0.184122,-0.008739,-0.133848,0.036504,-0.005859,0.035659,0.249305,0.006020,0.224281,0.061664,0.298204,0.035102,0.089713,0.128469,0.014658,0.151366,0.133990,0.026137,0.104558,0.329036,0.008315,0.171696,0.154884,0.192715,0.173930,-0.068576,0.167730,0.020998,-0.031615,0.165185,0.050022,0.082314,-0.157270,0.018387,-0.146887,0.111554,0.048719,-0.134535,0.052716,0.004143,0.059075,0.216862,-0.056027,0.034252,-0.008499,0.005328,0.158206,-0.285676,0.119357,0.260043,0.161013,0.060630,0.135884,0.154034,0.065008,-0.016589,0.073763,-0.028165,0.113704,0.094617,0.222076,0.090024,0.182808,-0.152036,0.085978,0.112397,0.138621,-0.043834,0.153290,0.051959,0.154266,0.034718,0.058771,-0.046623,-0.075635,0.045769,-0.046272,0.027936,0.256145,0.109753,0.068138,0.209277,0.053549,0.085911,0.157933,0.131686,-0.075445,-0.005319,0.261848,0.020836,0.061537,0.225971,0.197335,0.201160,-0.005911,-0.147546,0.056069,0.109651,0.072652,0.040731,0.176110,-0.050733,0.147669,-0.020146,-0.130179,0.100548,0.072464,#
14,0.163455,-0.100323,-0.062635,0.093611,0.084355,0.059391,-0.049919,0.155495,0.164537,0.075567,0.050962,-0.137360,0.201497,0.184220,1.000000,0.250507,0.111815,0.070446,0.165371,0.199801,0.089935,0.014245,0.095321,0.252024,-0.031522,-0.035375,0.149274,0.042421,0.171309,0.092850,-0.049520,0.260463,0.019694,0.084816,0.188715,0.113512,0.061312,0.074306,0.052010,0.193591,-0.147725,-0.087232,0.121687,-0.025866,0.234697,0.285879,0.120278,-0.121124,-0.037470,0.160800,0.150305,0.006723,0.158927,0.183127,0.323176,0.098611,0.131290,0.048584,0.076364,0.128677,0.132798,0.191010,0.123505,0.092346,-0.027894,-0.126393,0.097208,0.127565,-0.033275,0.145431,0.233147,0.025775,0.078507,0.165319,0.288050,0.052996,0.237843,0.122830,0.058204,0.026114,0.190305,0.206987,0.070916,0.155818,0.126525,0.052431,-0.065415,0.134725,-0.002435,-0.017249,-0.069659,0.114124,0.138413,0.042471,0.106071,0.049320,0.282130,0.028005,-0.059495,0.036801,0.146541,0.217152,0.141465,0.153678,0.197189,-0.086940,0.107759,-0.011100,-0.163107,0.087673,-0.014641,-0.160799,0.117599,0.164065,0.091599,0.074142,0.162730,-0.082953,0.056938,0.065221,0.142955,0.190985,-0.057046,0.010105,0.139532,-0.076056,0.041242,0.150683,0.005444,0.231100,-0.016306,-0.067917,-0.033950,0.063036,0.100105,0.089618,-0.178013,0.103368,0.020434,-0.007761,0.105414,0.131928,0.161340,0.118774,-0.100035,0.227311,0.115499,0.035901,-0.073470,-0.004575,0.195821,0.047830,0.048551,0.104179,0.093448,0.250400,0.125392,0.049472,-0.026504,0.113975,-0.009881,0.023969,0.183230,0.037973,0.102069,0.047334,0.069634,-0.036866,0.065675,0.190580,0.128020,-0.025725,0.162123,0.020504,0.012864,0.020242,0.159168,0.128172,0.198768,0.002585,0.189753,0.224888,0.076162,0.048673,0.078496,-0.039418,0.084253,-0.196263,-0.045223,0.217664,-0.061317,0.042200,0.062825,0.136505,0.147442,0.073454,-0.048204,-0.008753,0.110888,-0.100618,#
15,0.356365,-0.076381,0.205914,0.025305,0.169492,0.097424,0.095392,0.022623,0.239693,0.191298,0.100994,-0.092718,0.095382,0.013751,0.250507,1.000000,0.234054,0.239443,0.105034,0.166733,0.121617,0.101092,0.131090,0.328750,0.090089,0.230446,0.123560,-0.016729,0.146111,0.226936,-0.020635,0.230138,-0.006352,0.189906,0.076076,0.256721,0.103913,-0.133748,0.234492,-0.026217,0.063035,0.068911,0.130345,0.023046,0.216423,0.092781,-0.119810,0.115341,0.043362,0.206361,-0.128049,0.325855,0.038095,0.123445,0.232506,0.131082,0.099178,0.063797,0.196181,0.232112,0.207616,0.043000,0.256764,0.008485,0.007661,0.229384,0.044643,0.118829,0.076642,-0.111474,0.230142,0.037128,0.072341,0.054921,0.098050,0.037837,0.042748,0.131309,-0.031429,0.075576,0.311348,0.108254,-0.173898,0.213833,0.217175,0.096599,0.067714,0.362318,0.008603,0.087225,0.014915,0.023640,0.061349,0.007664,0.163183,0.028106,0.329496,0.013809,0.068705,0.060151,0.212033,0.116378,0.034094,0.101254,-0.015820,0.054598,0.183241,0.030536,-0.023463,0.115048,-0.039351,0.230196,0.069661,0.109895,0.087384,0.126943,-0.000677,-0.092435,-0.003894,-0.069464,0.139003,0.110598,0.155533,0.106104,0.075748,0.051787,0.157337,0.171606,0.028778,0.262872,-0.001285,0.018990,0.110443,0.116743,0.074075,0.124750,-0.078349,-0.072610,0.011689,-0.036066,-0.022910,0.189375,0.110651,0.057019,0.172233,-0.013752,0.075466,0.173115,0.246176,-0.036511,0.058104,-0.073408,0.199832,0.119072,-0.003937,0.292427,0.191350,0.146920,0.015136,0.192978,0.008655,0.040769,0.268975,0.063418,0.076644,0.190519,0.141011,0.109810,0.210990,-0.049231,-0.044151,0.107795,-0.025870,0.045470,0.096542,0.063284,0.237365,0.189112,0.078989,0.106154,0.227058,0.101233,0.080338,0.315667,0.047221,0.039280,-0.057578,0.201484,-0.022060,0.132608,-0.157271,0.054210,0.147496,0.071910,-0.038154,0.154712,0.163494,0.129354,0.104841,-0.009313,#
16,0.206749,-0.033228,-0.014406,0.022220,-0.026703,0.018076,-0.005679,0.084144,-0.087351,-0.011291,0.021651,0.002833,0.279002,0.189592,0.111815,0.234054,1.000000,0.014473,-0.072589,0.292880,0.035184,0.016321,0.045257,0.104893,-0.102685,0.113820,0.120869,-0.104415,-0.014448,0.281174,-0.122680,0.140641,0.033724,0.194630,0.121521,0.064193,0.030973,0.028653,0.113600,-0.093206,-0.027432,-0.096500,0.182082,0.119003,0.035211,0.135189,-0.030124,0.030979,0.009345,0.006738,0.016665,0.100937,0.150679,0.170116,0.099506,-0.000358,0.013785,0.003370,0.009952,-0.062683,-0.081402,0.229594,0.189447,0.126551,0.100574,0.036155,-0.051311,0.239372,0.095145,0.108826,-0.092673,0.137363,0.226773,-0.015450,0.000926,0.113411,-0.073090,0.169086,0.010374,0.085158,0.050180,0.012945,-0.092795,0.214564,0.115774,0.164612,0.128843,0.138608,0.109510,0.007494,0.013386,0.080255,0.119911,-0.097644,0.039906,-0.075296,0.163350,-0.070171,0.022653,0.199517,-0.115337,0.067092,-0.061900,0.084934,0.037250,0.043818,0.122846,0.077675,-0.019234,0.069944,0.026948,0.044880,0.111475,-0.077716,0.195611,0.083605,0.118051,0.079095,0.058751,0.033261,0.235307,0.168535,0.121289,0.164658,0.175475,-0.097450,0.070602,-0.125566,-0.026783,0.175446,0.037723,-0.131145,0.191820,-0.249853,0.204835,0.140269,-0.034951,0.019377,-0.046644,0.074053,-0.044984,0.104345,0.107235,0.038836,0.124517,-0.012459,0.066413,0.106338,0.168191,0.267254,-0.213158,0.243170,-0.003334,0.072707,0.041533,0.115474,-0.006613,0.029031,0.023063,0.122025,0.022562,0.137118,0.096432,0.052440,0.062337,-0.042530,0.120916,0.122439,-0.009802,-0.094415,0.067692,0.151443,-0.117505,0.002701,0.077182,0.111744,0.030064,0.053360,0.102379,-0.012533,0.065445,0.066865,0.016570,-0.036832,0.037290,0.158904,0.111793,0.127028,0.040016,0.036785,0.156059,-0.166785,-0.190910,0.016309,-0.042117,0.250193,0.042553,-0.073254,-0.118239,-0.003165,#
17,0.141208,0.057303,-0.032044,0.126600,0.133706,0.125649,0.059269,0.160202,0.133171,-0.038368,0.078487,0.120685,0.123693,-0.025807,0.070446,0.239443,0.014473,1.000000,-0.018277,0.030642,0.144963,-0.035110,-0.026228,0.120813,-0.017924,0.159469,0.047481,-0.045955,-0.003011,-0.007938,0.142793,0.051501,0.224485,-0.009719,0.028404,0.219241,-0.179910,0.038084,0.227754,0.041584,0.135011,0.131407,0.030469,0.134677,0.038476,0.060459,0.080970,0.069252,-0.057470,0.033448,0.097268,0.117480,-0.048780,-0.000828,0.121959,0.170908,0.156874,0.024886,0.062213,0.070673,0.079902,0.160141,0.001841,-0.015008,0.052311,0.248304,0.157585,0.183813,0.078189,-0.032079,0.007809,0.167706,0.071309,-0.104165,0.032434,0.167905,-0.047625,-0.061452,-0.129222,0.159883,0.161876,0.103790,0.094506,0.071295,-0.005727,-0.062358,0.195055,0.046385,0.141128,0.057813,-0.049868,-0.099852,0.149503,0.029278,-0.059805,0.157041,0.056737,0.041151,0.057762,0.070941,0.086482,-0.140545,-0.012638,0.026132,0.003532,0.015574,0.129863,0.119090,0.116220,0.018778,0.085851,0.164203,0.043826,0.037064,0.143932,-0.001197,0.017007,-0.011167,-0.006023,0.034909,-0.021963,0.131074,0.036516,0.025651,0.215704,0.085780,0.070463,-0.051228,-0.090634,0.073937,0.234681,0.086895,0.122282,-0.019963,-0.003347,0.089812,0.061019,0.151293,0.079226,0.056984,0.176476,0.080287,0.134612,0.084729,0.136204,0.058364,0.003081,0.121619,-0.115037,-0.082595,0.058905,-0.073956,0.082140,0.058191,0.192561,0.200117,0.134369,0.077979,0.056323,0.025486,-0.004395,0.019691,0.158417,0.173284,-0.028980,0.082079,-0.001660,0.049626,0.082015,-0.071799,0.072824,-0.085332,0.098161,0.020450,0.061031,-0.003944,0.091584,0.010517,-0.092743,0.238480,0.193055,0.105358,0.111866,0.146212,-0.033118,0.041978,0.005337,0.109436,0.039637,0.043665,0.048229,0.026504,0.169389,0.096157,0.157258,0.094647,0.045050,0.026706,-0.016545,0.119165,#
18,0.132287,-0.078332,0.123530,0.172598,0.125942,-0.147385,0.015962,-0.049948,0.044314,-0.021164,-0.024440,0.049510,0.052403,0.088415,0.165371,0.105034,-0.072589,-0.018277,1.000000,0.048914,0.045149,0.077839,0.118615,0.232191,0.033027,-0.028375,-0.106598,0.114962,-0.020571,-0.078800,-0.119639,-0.155788,0.067516,0.035258,0.155628,0.099164,0.057059,0.078931,0.025785,0.292979,0.080011,-0.003339,0.099750,-0.047103,0.160209,0.012171,0.034976,0.053928,-0.079164,0.113622,-0.039940,0.004372,0.164553,0.069404,0.140565,0.153805,0.060142,0.021021,-0.092383,0.050540,0.153800,-0.000535,0.082108,-0.051380,0.122842,0.023780,0.103208,0.021074,-0.149485,0.092718,-0.025335,0.015603,-0.052202,-0.097072,0.040636,0.078616,0.109735,0.120148,-0.002053,0.027201,-0.020387,-0.012584,0.082872,0.136352,-0.032466,-0.094983,0.065759,-0.010863,-0.003189,0.039710,0.140662,-0.070662,-0.019161,-0.026649,0.060167,0.138585,0.183601,0.000401,-0.013817,0.043861,0.090368,0.087966,0.126440,0.007523,0.167059,0.057802,0.036271,-0.074086,-0.015953,-0.010790,0.145410,0.067619,0.220642,-0.042147,0.009278,0.025663,-0.061500,-0.163102,-0.035705,0.068744,0.019228,0.007087,0.079574,-0.157583,0.024793,-0.188438,-0.042190,0.114191,0.216865,-0.038341,-0.070216,0.234816,-0.138326,0.196152,0.119745,-0.035857,-0.001934,0.115663,-0.098515,0.011691,-0.097579,0.018214,0.044979,0.112727,0.086282,0.130475,0.040553,0.010449,-0.100130,0.022039,-0.000551,0.064212,-0.048130,0.038012,0.060734,0.156951,0.110095,0.118199,-0.070014,0.247105,0.071562,0.021477,0.051876,0.095595,0.018383,0.233220,0.097136,0.031070,-0.020798,0.218963,-0.160007,-0.007229,0.110101,0.054657,-0.000666,0.215875,0.106619,0.002812,-0.019208,-0.032952,0.007505,0.017024,0.120825,-0.058666,0.032829,-0.108037,0.298974,-0.109585,-0.013116,-0.041935,0.005137,0.133246,0.122833,0.081877,0.066042,0.015273,-0.028405,0.023202,0.196628,-0.016233,#
19,0.193964,0.050602,0.102942,0.141593,0.290460,0.212946,-0.103499,-0.034354,0.043258,0.204700,0.082465,-0.185276,0.179475,0.152730,0.199801,0.166733,0.292880,0.030642,0.048914,1.000000,0.046109,-0.035701,0.115276,0.134725,-0.088234,0.183440,0.106844,-0.032805,0.010466,0.161041,0.153924,0.129884,0.022859,0.121739,0.036921,0.065738,0.048362,-0.018869,0.176587,0.104178,0.141000,0.018606,-0.028960,-0.039495,-0.001363,0.090999,0.214328,0.136442,0.003354,0.162573,-0.020441,0.138251,-0.028366,0.152644,0.148774,0.162356,0.076921,-0.083545,0.151586,0.119968,0.207183,0.356481,0.176156,0.173057,0.229932,-0.029241,0.043304,0.166093,-0.048400,-0.004690,0.187668,0.112725,0.136772,0.097479,0.195515,0.318152,0.025725,0.127769,0.273345,0.106240,0.159522,0.110910,0.108906,0.114442,0.131616,0.074903,0.036400,0.269322,0.121732,-0.143025,0.021990,0.044273,0.177038,-0.023654,0.019263,0.124958,0.125073,0.072175,-0.105611,0.093472,0.172459,0.125744,0.064718,0.170528,0.235350,0.269464,0.057775,0.198469,0.007709,-0.108649,-0.062280,0.020608,0.221322,0.154240,0.072720,-0.006961,0.309068,0.114657,0.073835,-0.307461,0.049164,0.188144,0.170485,0.146303,0.245092,-0.053292,0.257062,0.037421,-0.000736,0.155155,-0.037083,0.001188,0.068266,0.066980,0.213974,0.041890,0.076788,0.138185,-0.022762,-0.049142,-0.065145,0.136703,0.161895,0.057092,0.092299,0.098045,-0.015151,0.073844,0.106242,0.059873,0.054271,0.262893,0.136876,0.191440,0.186338,0.123087,0.019287,0.044785,0.100627,0.197838,0.227020,0.052467,0.106932,0.053372,0.162205,0.104556,-0.005290,0.155348,0.197725,-0.102246,0.012067,0.126337,0.268493,0.219428,0.102653,0.061377,0.139257,0.234915,0.143427,0.039404,-0.086796,0.198450,0.134636,0.203367,0.208911,0.080466,0.077196,0.041990,0.118452,0.011324,0.282646,0.185223,-0.042919,0.057619,-0.024573,0.195967,-0.042974,0.092005,0.173006,0.137665,#
20,-0.024361,-0.190188,0.186923,0.137602,0.311115,-0.047688,0.107504,0.000389,-0.132438,0.055588,-0.057591,-0.064941,-0.014562,0.100019,0.089935,0.121617,0.035184,0.144963,0.045149,0.046109,1.000000,0.083114,0.032799,0.028719,0.114780,0.236716,0.083238,-0.112118,0.022784,-0.042898,-0.069152,-0.092782,0.027824,0.027078,0.052832,0.151633,0.111317,0.028857,0.140500,0.083042,0.019984,0.145005,0.013533,-0.115703,0.305059,0.021398,0.192663,-0.042019,-0.142840,-0.025601,-0.221564,0.045975,-0.045441,0.078077,0.252258,0.128727,0.183370,0.105228,0.090452,-0.049434,0.217574,0.089400,0.099717,0.036757,-0.002726,-0.120374,0.008080,0.058817,0.028416,0.113377,0.220324,0.124268,-0.052132,0.016634,0.032938,-0.079842,-0.011130,0.163781,0.025822,-0.035583,0.082411,0.132582,0.002097,-0.065745,0.069319,0.078854,0.047624,0.018721,0.108994,-0.078764,0.054847,-0.081992,0.095310,0.066510,0.097677,-0.094127,0.100959,0.158301,0.091537,-0.055386,0.063665,0.008624,0.238384,-0.034494,0.089008,-0.025695,0.095552,0.044434,-0.059431,0.164983,0.141541,0.216812,0.046208,-0.152482,0.070940,0.040099,0.223368,0.054675,-0.016266,0.135136,0.063725,0.072780,-0.019848,-0.019758,0.020829,-0.059054,0.143039,-0.011415,0.189247,0.098082,0.132869,-0.016208,0.049942,0.087594,0.002839,-0.100785,0.104041,-0.176649,0.029238,0.007469,0.049334,0.157212,0.174011,0.012654,-0.020864,0.002789,-0.018046,0.098900,0.107904,0.145721,0.177143,0.054661,-0.086723,0.195477,-0.093041,0.028891,0.030857,-0.059169,-0.062318,0.237670,0.017083,0.050374,0.103516,0.089602,0.067588,-0.042842,-0.130993,0.139583,0.011388,-0.068770,0.106390,-0.152937,0.004314,-0.045911,-0.044966,0.069618,-0.122402,-0.018105,0.178241,0.112199,0.076731,0.069259,-0.076978,0.047994,0.073050,-0.237937,0.028338,0.106525,-0.026803,0.265539,-0.163150,0.088781,0.000148,0.123669,0.052642,0.051873,0.032242,0.086366,0.155533,0.142044,#
