0,1.000000,0.269972,0.290914,0.168374,0.210577,0.311607,0.299834,0.185417,0.249602,0.280074,0.355509,0.311165,0.228762,0.198923,0.321849,0.239087,0.366837,0.411730,0.232529,0.224312,0.295252,0.342086,0.247820,0.316190,0.195961,0.201208,0.274923,0.316278,0.303592,0.236611,0.170221,0.108305,0.277948,0.140354,0.150570,0.257793,0.271384,0.187417,0.222529,0.344324,0.006519,0.286005,0.135295,0.330442,0.198644,0.202055,0.334980,0.163597,0.359338,0.270501,0.364510,0.181434,0.143699,0.191062,0.340667,0.200955,0.311386,0.294318,0.149547,0.128719,0.261556,0.125928,0.229335,0.255006,0.352858,-0.013809,0.321517,0.215221,0.190421,0.308990,0.383753,0.323235,0.232000,0.326051,0.227175,0.233760,0.102313,0.291213,0.298698,0.144738,0.320678,0.164606,0.243981,0.300823,0.213058,0.329678,0.260694,0.157887,0.328467,0.161748,0.271603,0.178403,0.119418,0.135719,0.215038,0.280342,0.231410,0.245532,0.310288,0.273575,0.224701,0.345625,0.169594,0.262749,0.150849,0.241863,0.259111,0.284566,0.253573,0.221526,0.153877,0.343359,0.270077,0.269786,0.174931,0.353327,0.347159,0.125506,0.336041,0.284273,0.354734,0.106020,0.151667,0.148519,0.164641,0.384842,0.113803,0.219208,0.253052,0.321502,0.262406,0.301954,0.233585,0.114807,0.266099,0.148791,0.260091,0.243720,0.290782,0.444258,0.197753,0.265344,0.328075,0.292761,0.318917,0.310560,0.237277,0.100583,0.276502,0.186920,0.260036,0.095111,0.152494,0.233555,0.240150,0.111765,0.113697,0.130350,0.343646,0.310042,0.351303,0.228778,0.156016,0.307830,0.296289,0.119208,0.032004,0.099391,0.284766,0.185029,0.370985,0.041741,0.368243,0.430148,0.224935,0.193803,0.276514,0.175904,0.343213,0.267503,0.269521,0.383951,0.169108,0.097684,0.144758,0.364999,0.263078,0.401163,0.279646,0.105770,0.231131,0.272858,0.033973,0.025868,0.278292,0.153150,0.227962,0.199450,0.251876,0.336718,#
1,0.269972,1.000000,0.137068,0.158596,0.315511,0.266804,0.265847,0.219435,0.059023,0.237315,0.346977,0.276435,0.224124,0.303738,0.202599,0.158508,0.124545,0.191233,0.344770,0.148959,0.148281,0.327910,0.065956,0.250379,0.330726,0.327667,0.285811,0.297539,0.311793,0.071962,0.278183,0.170015,0.396868,0.227174,0.273735,-0.029355,0.225811,0.221149,0.159447,0.176592,0.206644,0.196941,0.366761,0.228549,0.201233,0.135096,0.281731,0.232341,0.260652,0.212346,0.381311,0.113556,0.258827,0.144018,0.288455,0.181940,0.318630,0.316080,0.329881,0.269942,0.256220,0.204365,0.177289,0.247086,0.315870,0.117209,0.201117,0.291420,0.276581,0.096327,0.356886,0.160876,0.258568,0.251990,0.316401,0.031543,0.267712,0.201961,0.315473,0.234552,0.206454,0.379367,0.289230,0.416298,0.059532,0.243855,0.262568,0.217646,0.275022,0.285113,0.332675,0.349170,0.152323,0.160729,0.119963,0.286418,0.182847,0.223605,0.207198,0.244996,0.084901,0.192148,0.185322,0.211409,0.163584,0.127472,0.220297,0.264397,0.230438,0.254501,0.277014,0.300603,0.284877,0.245296,0.252689,0.305746,0.375306,0.140253,0.352936,0.245418,0.145559,0.275327,0.291927,0.234948,0.203115,0.322975,0.172294,0.159072,0.314597,0.151335,0.361317,0.252344,0.066206,0.119272,0.353231,0.232938,0.173116,0.147396,0.240534,0.348305,0.321881,0.115094,0.046813,0.096773,0.325844,0.203147,0.253210,0.078598,0.344986,0.289445,0.208455,0.224035,0.144193,0.133752,0.254834,0.222197,0.210625,0.317528,0.265997,0.115459,0.059171,0.279361,0.097117,0.269093,0.263892,0.290573,0.094527,0.267474,0.261562,0.290364,0.314013,0.165487,0.144854,0.246772,0.338371,0.178575,0.039240,0.301429,0.307582,0.201050,0.298614,0.175084,0.185200,0.299721,0.342280,0.350425,0.169921,0.397955,0.172948,0.205301,0.334589,0.322702,0.040763,0.116261,0.252994,0.303623,0.143706,0.289961,0.096649,0.232819,#
2,0.290914,0.137068,1.000000,0.290724,0.079652,0.303002,0.185245,0.179449,0.029615,0.095339,0.016201,0.180737,0.208673,0.187092,0.193598,0.096785,0.203681,0.229669,0.277260,0.183705,0.130401,0.267960,0.312305,0.286197,0.243818,0.219009,0.282624,0.140896,0.159984,0.090174,0.287284,0.212454,0.241578,0.116480,0.112342,0.176666,0.279172,0.222069,0.145795,0.204321,0.201812,0.272045,0.162572,0.134564,0.048269,0.326186,0.217955,0.188010,0.168666,0.237116,0.228106,0.247497,0.239262,0.200702,0.215615,0.287733,0.070606,0.241894,0.093694,0.095226,-0.036406,0.242102,0.193676,0.251490,0.337002,0.172476,0.195869,0.101432,0.138554,0.308767,0.231476,0.016277,0.056186,0.237394,0.265106,0.294257,0.118874,0.217145,0.193664,0.296558,0.327439,0.091207,0.126421,0.218429,0.070845,0.239777,0.285335,0.225680,0.071264,0.184687,0.176589,0.177803,0.129518,0.075466,0.175918,0.168259,0.164622,0.139505,0.184746,0.197398,0.198849,0.316607,0.173931,0.125482,0.275317,0.088565,0.150282,0.178831,0.112141,0.189126,0.250120,0.285789,0.190082,0.188209,0.052879,0.143203,0.059875,0.227000,0.073546,0.064637,0.162378,0.144448,0.243900,0.097483,0.112368,0.152632,0.070294,0.149892,0.240263,0.140463,0.199890,0.247914,0.111784,0.070935,0.109160,0.232891,0.095827,0.257258,0.072197,0.137369,0.037718,0.099026,0.245828,0.158108,0.363146,0.116621,0.297658,0.078700,0.334807,0.180147,0.196965,0.186403,0.120949,0.138149,0.058405,0.079123,0.066601,0.133061,0.258941,0.124861,0.310959,0.257217,0.195892,0.338938,0.222789,0.067724,0.115759,0.202303,0.138163,0.170745,0.177271,0.196348,0.124987,0.225774,0.328434,0.216768,0.307934,0.256591,0.383607,0.189684,0.274723,0.091364,0.076755,0.024186,0.116082,0.238680,0.204753,0.238137,0.176886,0.061701,0.245013,0.096140,0.145037,0.128035,0.306185,0.101199,0.205379,0.051724,0.328010,0.256260,#
3,0.168374,0.158596,0.290724,1.000000,0.153697,0.114681,0.078038,0.217908,0.094714,0.193934,0.100570,0.160504,0.105217,0.211814,0.092022,0.038895,0.163136,0.257439,0.136704,0.135889,0.100745,0.189738,0.234349,0.240488,0.170313,0.178842,0.180383,0.032063,0.097617,0.028313,0.247480,0.182472,0.118412,0.325978,0.009960,0.149248,0.201292,0.250270,0.144897,0.046961,0.155796,0.099637,0.296879,0.103775,0.143441,0.289935,0.242152,0.146145,0.163823,0.186827,0.358230,0.099778,0.048609,0.219115,0.059116,0.257431,0.150459,0.207240,0.100416,0.149022,0.116686,0.100649,0.153751,0.230231,0.212411,0.092151,0.056329,0.248103,0.064573,0.218693,0.307767,0.020593,-0.013635,0.272491,0.264565,0.168013,0.031677,0.288279,0.150868,0.189632,0.147911,0.104365,0.199407,0.230584,0.048162,0.173552,0.260087,0.117210,0.143567,0.249426,0.170354,0.185998,0.013025,0.223268,-0.003576,0.191045,0.117981,0.045248,0.303440,0.032503,0.119530,0.189949,0.235742,0.140663,0.217528,0.049036,0.191550,0.204614,0.099403,0.098555,0.169768,0.199077,0.134893,0.230673,0.078889,0.167119,0.166608,0.120470,0.084144,0.147341,0.216587,0.111260,0.248278,0.169009,0.157022,0.182297,0.164860,0.010524,0.200957,0.143932,0.157916,0.085039,0.205618,0.263096,0.171552,0.258235,0.091921,0.031527,0.231420,0.226953,0.178918,0.053274,0.194569,0.134311,0.325282,0.095024,0.221984,0.150796,0.261423,0.166989,0.200350,-0.004929,0.046629,0.125962,0.053380,0.092003,0.184875,0.175665,0.054117,0.267576,0.275269,0.169281,0.280798,0.420036,0.199926,0.270779,0.175942,0.068497,0.148406,0.261729,0.207215,0.105803,0.090887,0.281461,0.275653,0.070731,0.071488,0.055941,0.142703,0.180792,0.224752,0.255738,0.231528,0.208738,0.064811,0.136657,0.061560,0.268307,0.053167,0.039549,0.298181,0.171256,0.056987,0.105013,0.084341,0.204638,0.166768,0.101269,0.194926,0.200730,#
4,0.210577,0.315511,0.079652,0.153697,1.000000,0.121938,0.371060,0.139448,0.147384,0.194162,0.276926,0.157200,0.176931,0.221011,0.035688,0.089558,0.046991,0.201405,0.240173,0.210637,0.063635,0.198883,0.231066,0.248858,0.083192,0.293355,0.105305,0.191299,0.298987,0.016603,0.181576,0.096895,0.324153,0.093184,0.195405,0.086503,0.057366,0.351866,0.124607,0.181530,0.244763,0.162108,0.201952,0.162984,0.238901,0.190982,0.304603,0.230984,0.214021,0.350592,0.226958,0.068187,0.141406,0.209472,0.188057,0.161812,0.124299,0.182616,0.130109,0.212054,0.239366,0.134260,0.118232,0.152282,0.125252,-0.013047,0.191000,0.117770,0.182351,0.152380,0.205422,0.216823,0.051840,0.230976,0.224269,-0.078954,0.054649,0.187768,0.002179,0.054228,0.266273,0.274037,0.130790,0.247127,0.074709,0.136310,0.139085,0.124208,0.240540,0.227125,0.177458,0.196339,-0.061758,0.213999,-0.052862,0.239518,0.087377,0.398340,0.248652,0.218885,0.294408,0.126337,0.078949,0.278923,0.202934,0.057139,0.094076,0.128949,0.184258,0.228299,0.236933,0.128211,0.193684,0.382875,0.182937,0.027403,0.172756,-0.044831,0.261726,0.076593,0.030877,0.253546,0.203694,0.184482,0.158422,0.277288,0.093340,0.177357,-0.046364,0.103689,0.164531,0.233824,0.189002,0.022662,0.190714,0.205183,0.032779,0.015682,0.033692,0.189530,0.126077,0.024186,0.102795,0.314618,0.287375,0.161359,0.246139,-0.010134,0.189252,0.334789,0.224742,0.177948,0.171766,0.202072,0.060891,0.135900,0.290433,0.109412,0.169356,0.159496,0.170044,0.103829,0.179312,0.286903,0.190198,0.352186,0.057569,0.063480,0.239199,0.208792,0.284865,0.096717,0.000325,0.066252,0.237884,0.029642,0.172542,0.008318,0.156103,0.104206,0.110695,0.098842,0.141314,0.074457,0.134227,0.201028,0.102132,0.320956,0.229441,0.075643,0.169624,0.173925,0.047044,0.037721,0.091467,0.202738,0.275031,0.361229,0.164645,0.095925,#
5,0.311607,0.266804,0.303002,0.114681,0.121938,1.000000,0.107822,0.176497,0.078990,0.328049,0.127819,0.213761,0.200854,0.101564,0.135887,0.255898,0.245081,0.354436,0.275785,0.104422,0.220728,0.302847,0.252625,0.398010,0.130744,0.235860,0.268642,0.246327,0.248249,0.095505,0.137032,0.331676,0.294185,0.089378,0.145538,0.101283,0.345580,0.125154,0.240693,0.319902,0.140372,0.209161,0.064026,0.301942,0.145444,0.265508,0.225345,0.062450,0.305306,0.264561,0.290425,0.146996,0.169595,0.107885,0.279900,0.176253,0.088950,0.439192,0.214511,0.153940,0.234907,0.255422,0.266305,0.207134,0.275336,0.138606,0.220530,0.305773,0.105268,0.160693,0.391691,0.109794,0.239248,0.378346,0.258921,0.179206,0.202519,0.247286,0.203306,0.226406,0.267988,0.196195,0.299328,0.104937,0.060216,0.261128,0.174604,0.247374,0.210962,0.130417,0.145154,0.277591,0.029879,0.142877,0.039270,0.202210,0.203379,0.065598,0.179880,0.141538,0.273710,0.298975,0.295882,0.246612,0.164401,0.083833,0.099883,0.207855,0.196524,0.168180,0.296748,0.171871,0.297174,0.174093,0.192287,0.205926,0.317464,0.296692,0.130272,0.278853,0.018983,0.136782,0.225392,0.177383,0.241149,0.193140,0.055323,0.084433,0.308899,0.336508,0.131150,0.349276,0.039070,0.144974,0.283582,0.152545,0.052216,0.105972,0.196511,0.200364,0.211515,0.270201,0.156098,0.250726,0.242167,0.123571,0.121868,0.198353,0.215007,0.153569,0.213968,0.090738,0.197822,0.311985,0.125647,0.237074,0.216184,0.156721,0.397412,0.059353,0.240313,0.165046,0.222463,0.147501,0.233424,0.063016,0.102436,0.250900,0.306709,0.270771,0.093341,0.165055,0.300682,0.197552,0.092364,0.147168,0.067784,0.137901,0.240244,0.207885,0.278320,0.385581,0.210611,0.037793,0.239821,0.278596,0.194216,0.268293,0.226817,0.229433,0.398871,0.135626,0.066436,0.152759,0.282203,0.239242,0.228191,0.210028,0.252681,0.314462,#
6,0.299834,0.265847,0.185245,0.078038,0.371060,0.107822,1.000000,0.182024,0.066638,0.170177,0.214572,0.085284,0.099693,0.195834,0.085219,0.089004,0.215001,0.147203,0.197264,0.288980,0.169476,0.249810,0.227683,0.179637,0.150388,0.067742,0.091524,0.184224,0.214790,0.060025,0.075546,0.133298,0.208290,0.026225,0.064827,0.006113,0.068607,0.098471,0.211809,0.137238,0.175947,0.204870,0.229603,0.277872,0.167566,0.093048,0.299475,0.338623,0.262818,0.327638,0.135993,0.173933,0.207731,0.180644,0.126741,0.243049,0.294956,0.304532,0.139217,0.229017,0.061053,0.130457,0.045735,0.126414,0.119424,0.222060,0.161289,0.097697,0.130289,0.212137,0.222330,0.177050,0.174291,0.204786,0.195573,0.136202,0.121300,0.071374,0.086873,0.173100,0.217238,0.202966,0.201243,0.173679,0.073504,0.280434,0.151611,0.284224,0.279925,0.230036,0.309114,0.143420,-0.007095,0.298178,0.127046,0.339307,0.160990,0.178244,0.311744,0.187775,0.199546,0.242726,0.018890,0.209016,0.073735,0.266145,0.188485,0.141986,0.166225,0.146714,0.230725,0.181589,0.222237,0.316873,0.147104,0.097543,0.204580,0.182739,0.252964,0.137825,0.100170,0.295155,0.185670,0.047369,0.159211,0.167510,0.050266,0.239423,0.118058,0.240777,0.181727,0.083383,0.271461,-0.064125,0.359301,0.165425,0.127959,0.261016,0.147800,0.151255,0.062083,-0.081758,0.096471,0.288953,0.129735,0.287570,0.172132,0.090548,0.227047,0.155113,0.246698,0.041220,0.172442,0.222724,0.137081,0.160024,0.110362,0.113788,0.194357,0.145360,0.149905,0.179654,0.113238,0.231961,0.185770,0.222481,0.097381,0.081147,0.256784,0.330545,0.101074,0.169675,0.123752,0.195473,0.252929,0.124754,0.157292,0.138027,0.195498,0.172047,-0.070617,0.043218,0.124989,0.128508,0.186085,0.067688,0.131657,0.188280,0.317030,0.169431,0.209918,0.073813,0.186711,0.108793,0.159193,0.211574,0.171326,0.133973,0.111010,0.214543,#
7,0.185417,0.219435,0.179449,0.217908,0.139448,0.176497,0.182024,1.000000,0.046132,0.319941,0.204955,0.294566,0.205846,0.226998,-0.012014,0.104346,0.146299,0.237367,0.210112,0.293511,0.200567,0.204262,0.430862,0.163385,0.337394,0.188052,0.213678,0.309790,0.230057,0.088576,0.297920,0.356458,0.386559,0.132783,0.163382,0.197714,0.233221,0.157907,0.203042,0.202152,0.028520,0.123009,0.368630,0.129756,0.171110,0.255787,0.138481,0.259152,0.370779,0.308983,0.394531,0.122594,0.167366,0.291915,0.304263,0.279102,0.221782,0.259320,0.116702,0.287534,0.149841,0.034913,0.169003,0.171126,0.320609,0.036550,0.120541,0.278817,0.128961,0.426330,0.279545,0.052478,0.283062,0.359173,0.263556,0.177016,0.294417,0.195431,0.221680,0.345975,0.183374,0.266278,0.287224,0.343699,0.129310,0.277108,0.366212,0.248846,0.221751,0.295139,0.325712,0.195067,0.131938,0.129929,0.148257,0.302654,0.179230,0.070638,0.202587,0.050857,0.302404,0.205958,0.131707,0.197359,0.172472,0.271973,0.183330,0.203276,0.278004,0.090627,0.230345,0.136620,0.166766,0.262678,0.208958,0.205763,0.214034,0.252229,0.250105,0.181683,0.201158,0.286383,0.141119,0.333638,0.313822,0.289271,0.241141,0.245919,0.209138,0.201395,0.223590,0.139317,0.181288,0.182694,0.356717,0.200986,0.099907,0.293477,0.285982,0.347665,0.306805,0.373767,0.030258,0.210131,0.271240,0.214746,0.249997,0.168999,0.300020,0.111291,0.287048,0.433277,0.086274,0.140026,0.087470,0.305022,0.273785,0.258248,0.216097,0.255682,0.269055,0.290756,0.185066,0.391888,0.254353,0.084961,0.284473,0.109685,0.384028,0.268244,0.309969,0.212788,0.153805,0.139103,0.179283,0.107919,0.190495,0.227862,0.084490,0.338796,0.161833,0.298071,0.077297,0.085806,0.128604,0.255234,0.270278,0.375693,0.027431,0.264308,0.238197,0.171999,0.073110,0.267975,0.082054,0.242790,0.318342,0.296721,0.231244,0.286456,#
8,0.249602,0.059023,0.029615,0.094714,0.147384,0.078990,0.066638,0.046132,1.000000,0.069197,0.208436,0.169314,0.145232,0.182676,0.188118,0.209187,0.197935,0.027751,-0.007206,0.194868,0.208555,0.083580,0.179430,0.125896,0.119891,0.163529,0.043030,0.193777,0.002089,0.170401,0.065308,0.115413,0.106150,0.161689,0.198861,0.097304,0.142957,0.200513,0.103254,0.375317,0.017694,0.041796,0.053307,0.189807,0.251568,0.168507,0.215330,0.117204,0.052572,0.144151,0.055586,0.192901,0.002010,0.266148,0.130233,0.142442,0.114881,0.077512,0.058911,0.147943,0.138546,-0.146574,0.271422,0.216363,0.227324,-0.090448,0.174507,0.194480,0.221904,0.201683,0.078423,0.276168,0.047889,0.203930,0.084245,0.036004,0.029889,0.039995,0.120964,-0.027785,0.055173,0.058971,0.105751,0.018560,0.057514,0.178139,0.106461,0.047124,0.169023,0.068487,0.207200,0.122958,0.067753,0.164697,0.034563,0.329667,0.156244,0.104113,0.002200,0.060920,0.183964,-0.020174,-0.023992,0.064174,0.142308,-0.068554,0.213223,0.147226,0.026997,0.145435,0.016143,0.132686,0.084649,0.124776,-0.042257,0.183304,0.300333,0.043001,-0.049265,0.196076,0.079156,0.028554,0.076734,0.138443,0.142543,0.247032,-0.048644,0.187418,0.178841,0.106170,0.193883,0.185140,0.061920,-0.048791,0.217835,0.130211,0.030766,0.200274,0.183217,0.116904,0.073681,0.134674,0.279174,0.138663,0.241974,0.127788,0.138044,0.282666,0.215690,0.203243,0.120042,0.119635,0.067346,0.235835,0.184556,0.149538,0.181516,-0.109481,0.159004,0.186752,0.031323,0.149058,0.066567,0.243469,0.102640,0.096208,0.087557,0.090478,0.082245,0.162172,0.300491,-0.220000,0.010021,0.306464,0.217932,0.181577,0.073515,0.078735,0.061170,0.196595,0.202438,0.035071,-0.152405,0.086690,0.253599,0.069808,-0.002629,0.023683,0.143027,-0.012453,0.116383,0.120381,-0.038544,0.107334,0.093185,0.172738,0.168005,-0.077592,0.186753,0.169458,#
9,0.280074,0.237315,0.095339,0.193934,0.194162,0.328049,0.170177,0.319941,0.069197,1.000000,0.306156,0.301251,0.181845,0.096763,0.232846,0.292530,0.253865,0.174969,0.262708,0.311213,0.189687,0.280025,0.297695,0.292687,0.228744,0.289743,0.192093,0.411502,0.276793,0.093977,0.298991,0.331055,0.189772,0.209430,0.169773,0.204657,0.152341,0.216440,0.247638,0.284490,0.131006,0.334990,0.131080,0.104800,0.226928,0.466685,0.253629,0.291516,0.241346,0.204847,0.338116,0.188028,0.255605,0.262786,0.138732,0.274514,0.378253,0.244557,0.095543,0.240266,0.097433,0.259473,0.304832,0.259451,0.213064,0.195383,0.136496,0.384384,0.281858,0.158428,0.270387,0.186464,0.141215,0.306350,0.282705,0.215406,0.364636,0.189638,0.330271,0.319200,0.277757,0.209176,0.392168,0.227103,0.264422,0.390805,0.418803,0.128902,0.281185,0.183931,0.183907,0.439775,0.077238,0.311422,0.235027,0.308809,0.380949,0.133990,0.242350,0.219267,0.287372,0.212575,0.257285,0.117040,0.203757,0.131298,0.264396,0.310992,0.148924,0.172242,0.217129,0.241348,0.264587,0.267989,0.118449,0.368039,0.389130,0.332248,0.437784,0.199436,0.328957,0.323638,0.263923,0.232150,0.336818,0.307442,0.081002,0.273695,0.118287,0.150217,0.189284,0.325665,0.194628,0.223632,0.419490,0.119429,0.173028,0.206200,0.158677,0.363561,0.165572,0.225385,0.154177,0.196820,0.313838,-0.012706,0.268882,0.187368,0.152400,0.199006,0.262041,0.305656,0.285897,0.283079,0.168578,0.273427,0.294635,0.221948,0.319430,0.189221,0.269297,0.109199,0.084953,0.337422,0.272326,0.232045,0.199189,0.153063,0.374136,0.309904,0.186065,0.220226,0.271796,0.290126,0.168922,0.165957,0.111767,0.076017,0.163826,0.364568,0.165762,0.374774,0.242656,0.209045,0.222391,0.277916,0.342930,0.350821,0.257473,0.213207,0.297375,0.229526,0.074798,0.215137,0.234578,0.214653,0.145667,0.208635,0.221688,0.283164,#
10,0.355509,0.346977,0.016201,0.100570,0.276926,0.127819,0.214572,0.204955,0.208436,0.306156,1.000000,0.187584,0.111350,0.209170,0.247698,0.166760,0.283529,0.193790,0.398318,0.254930,0.194112,0.189746,0.200168,0.113896,0.169986,0.137086,0.274457,0.246244,0.189342,0.196066,0.167754,0.140370,0.188226,0.165596,0.173901,0.232617,0.071994,0.202625,0.219468,0.150635,-0.039977,0.046954,0.232407,0.103136,0.246862,0.236211,0.194502,0.235765,0.305143,0.302322,0.134552,0.204256,0.176522,0.247782,0.209919,0.178156,0.185770,0.207576,0.136223,0.112618,0.266148,0.214128,0.165942,0.255108,0.178983,0.029409,0.242121,0.183510,0.171577,0.101740,0.221636,0.125396,0.005697,0.265464,0.186439,0.253558,0.295177,0.110910,0.218097,0.071021,0.091368,0.269483,0.160866,0.247997,0.150990,0.265087,0.299663,0.038481,0.280471,0.200021,0.166107,0.227688,0.207859,0.141139,0.095604,0.215873,0.284047,0.063273,0.327258,0.264327,0.296404,0.190900,0.107289,0.289685,0.203429,0.096434,0.335937,0.186493,0.113207,0.161915,0.094481,0.223528,0.159002,0.306802,0.186565,0.314007,0.232828,0.015581,0.146092,0.095919,0.111773,0.085866,0.266091,0.207654,0.264210,0.227776,-0.013000,0.146232,0.138072,0.289937,0.149129,0.162642,0.190133,-0.020664,0.363489,0.193164,0.167936,0.227096,0.003675,0.449845,0.201988,0.086783,0.276062,0.066704,0.250656,0.137634,0.089898,0.186835,0.159139,0.263835,0.140865,0.275961,0.114380,0.313062,0.232183,0.267430,0.245679,0.114745,0.188449,0.287523,0.094989,0.163062,0.139464,0.332013,0.168034,0.172317,0.080495,0.027301,0.135216,0.342692,0.226013,0.078544,0.233235,0.246930,0.296049,-0.073526,0.087971,0.173103,0.346644,0.394619,0.256766,0.166374,0.251411,0.144418,0.229443,0.150258,0.156342,0.313319,0.160179,0.097033,0.190289,0.211497,0.054357,0.147317,0.207121,0.314451,0.183856,0.313836,0.235135,0.317764,#
11,0.311165,0.276435,0.180737,0.160504,0.157200,0.213761,0.085284,0.294566,0.169314,0.301251,0.187584,1.000000,0.322321,0.159793,0.072544,0.248489,0.337314,0.244147,0.168592,0.062648,0.199258,0.298543,0.221508,0.294969,0.282709,0.295702,0.139229,0.364887,0.122611,0.264217,0.292360,0.391533,0.268191,0.213697,0.135300,0.077591,0.297378,0.283975,0.152266,0.109676,0.214551,0.243290,0.274859,0.289847,0.132958,0.296750,0.209160,0.329281,0.266268,0.114357,0.300225,0.210963,0.096207,0.287672,0.194203,0.259806,0.384707,0.179562,0.161728,0.193634,0.217024,0.277967,0.260443,0.268759,0.392766,0.085285,0.225050,0.231142,0.230766,0.242110,0.210475,0.129997,0.174997,0.367962,0.317213,0.184643,0.181590,0.244265,0.468641,0.133954,0.270453,0.013231,0.176105,0.296866,0.234883,0.307215,0.428562,0.152861,0.218499,0.136459,0.369781,0.227723,0.161182,0.177421,0.165825,0.204353,0.102212,0.156322,0.251645,0.345482,0.385519,0.218359,0.198027,0.071295,0.278866,0.254799,0.250186,0.167916,0.279358,0.297158,0.100783,0.172650,0.279465,0.267021,0.082965,0.492755,0.317913,0.058132,0.237073,0.233522,0.177920,0.361926,0.230283,0.233103,0.256614,0.241272,0.312504,0.312417,0.303601,0.244685,0.319934,0.384654,0.015841,0.070299,0.224319,0.184746,0.162437,0.290715,0.173231,0.272743,0.145351,0.281960,0.194449,0.251841,0.339073,0.315550,0.330756,0.184205,0.317091,0.241792,0.177659,0.334868,0.192059,0.219661,0.321746,0.174779,0.214117,0.164496,0.223044,0.128043,0.220161,0.128710,0.112374,0.353678,0.341537,0.211958,0.204210,0.240637,0.407782,0.239424,0.328336,0.101982,0.298935,0.308926,0.222243,0.256022,0.333664,0.170571,0.107831,0.181626,0.287762,0.223316,0.223023,0.196197,0.103495,0.356804,0.220809,0.178785,0.262141,0.172432,0.035832,0.151745,0.174675,-0.125780,0.188796,0.170354,0.326846,0.120726,0.129384,0.365290,#
12,0.228762,0.224124,0.208673,0.105217,0.176931,0.200854,0.099693,0.205846,0.145232,0.181845,0.111350,0.322321,1.000000,0.165120,0.204853,0.274260,0.196478,0.182774,0.366816,0.284776,0.231319,0.095355,0.188955,0.187627,0.264964,0.179500,0.147587,0.310042,0.313065,0.249177,0.195192,0.303939,0.277318,0.147947,0.218374,0.001686,0.300447,0.154316,0.100329,0.221318,0.276480,0.146168,0.329303,0.180660,0.161986,0.353668,0.155061,0.231870,0.286426,0.151605,0.275519,0.027555,0.056776,0.294959,0.192793,0.202711,0.226051,0.281642,0.177936,0.268378,0.248439,0.183426,0.165176,0.179817,0.252807,0.038348,0.167070,0.067744,0.148988,0.082963,0.164377,0.138108,0.043778,0.208121,0.276909,0.217117,0.079710,0.190167,0.111539,0.192144,0.289079,0.088886,0.280676,0.300965,0.225310,0.368289,0.230409,0.122531,0.275092,0.230037,0.241569,0.208097,0.098514,0.215354,0.094903,0.048784,0.226328,0.241782,0.101010,0.103888,0.176860,0.216301,0.160797,0.248303,0.293377,0.158530,0.215496,0.170115,0.170653,0.417260,0.157422,0.090814,0.212935,0.243441,0.117951,0.302814,0.284750,0.352385,0.102086,0.232285,0.120157,0.377283,0.247227,0.258034,0.047556,0.266029,0.106057,0.153281,0.232553,0.073726,0.204520,0.332948,0.063294,0.016493,0.187006,0.217631,0.109911,0.230574,0.178486,0.195614,0.298243,0.334563,0.145035,0.159691,0.176076,0.206433,0.384179,0.158550,0.331229,0.146057,0.294587,0.386499,0.061694,0.151044,0.234942,0.170144,0.235612,-0.010484,0.183228,0.023000,0.329232,0.172274,0.101463,0.270657,0.183628,0.236033,0.119378,-0.048868,0.333055,0.256793,0.135908,0.157107,0.249126,0.191430,0.269389,0.051817,0.147359,0.179084,-0.075418,0.159497,0.310285,0.208701,0.228495,0.232071,0.216575,0.247054,0.189442,0.237479,0.110073,0.009643,0.263136,0.346773,0.150231,0.180454,0.171358,0.164791,0.306110,0.041889,0.286328,0.212665,#
13,0.198923,0.303738,0.187092,0.211814,0.221011,0.101564,0.195834,0.226998,0.182676,0.096763,0.209170,0.159793,0.165120,1.000000,0.180558,0.238730,0.132075,0.179653,0.164314,0.197439,0.151480,0.220312,0.252612,0.032221,0.380962,0.298236,0.203362,0.254235,0.143410,0.033574,0.157622,0.085062,0.237363,0.142805,0.041174,0.133593,0.186137,0.303863,0.063484,0.186802,0.124965,0.150889,0.376487,0.189247,0.203049,0.144621,0.313998,0.159453,0.324878,0.165819,0.336483,0.178317,0.224202,0.182867,0.247844,0.441974,0.236833,0.200960,0.171623,0.260715,0.264049,0.196602,0.380709,0.209261,0.149857,0.004560,0.320446,0.191256,0.357769,0.351511,0.122130,0.248920,0.208380,0.242952,0.300482,0.153829,0.176008,0.225602,0.217261,0.183508,0.164159,0.290867,0.297240,0.288593,0.291445,0.196956,0.379915,0.255066,0.186539,0.315041,0.300210,0.276252,0.174969,0.247686,0.283969,0.301582,0.152638,0.127910,0.088619,0.141504,0.319060,0.225781,0.157286,0.106252,0.207615,0.253631,0.261412,0.158993,0.186919,0.196372,0.262886,0.158051,0.286186,0.336426,0.090223,0.160437,0.212557,0.199411,0.203976,0.251015,0.198063,0.292267,0.099087,0.257556,0.166240,0.231920,0.103305,0.250457,0.418892,0.112472,0.172674,0.139536,0.212118,0.178618,0.309738,0.167923,0.193459,0.269265,0.295576,0.298592,0.244570,0.132033,0.163152,0.174519,0.291479,0.326430,0.234785,0.165897,0.055066,0.269412,0.299477,0.040894,0.173044,0.296910,0.289599,0.187078,0.172892,0.105508,0.209522,0.100224,0.164887,0.311881,0.079826,0.332804,0.250105,0.370500,0.084999,0.136587,0.348007,0.344629,0.316119,0.234750,0.221337,0.204774,0.275864,0.173299,0.165863,0.134990,0.288236,0.173478,0.242712,0.149440,0.129535,0.180128,0.129818,0.234631,0.231987,0.333425,0.299232,0.301131,0.119437,0.182328,0.146060,0.163285,0.227745,0.295783,0.212266,0.174356,0.278971,0.295497,#
14,0.321849,0.202599,0.193598,0.092022,0.035688,0.135887,0.085219,-0.012014,0.188118,0.232846,0.247698,0.072544,0.204853,0.180558,1.000000,0.242034,0.176357,0.182797,0.244069,0.266155,0.103261,0.087292,0.205437,0.194179,0.196236,0.197147,0.196856,0.068633,0.221709,0.085822,0.049730,0.046694,0.136525,0.070432,0.125607,0.247753,0.213016,0.222985,0.278554,0.251287,0.192135,0.240723,0.242588,0.183958,0.118271,0.231777,0.356461,0.106670,0.213796,0.023399,0.267285,0.179023,0.062836,0.168305,0.247957,0.156944,0.209843,0.210107,0.081048,0.158321,0.181642,0.272032,0.119855,0.233199,0.275382,0.036948,0.162562,0.209244,0.178312,0.150838,0.084998,0.250549,-0.130243,0.276092,-0.048866,0.026620,0.057224,0.198579,0.141095,0.148618,0.159676,-0.028295,0.277751,0.288779,0.173289,0.245039,0.006776,0.094311,0.149294,0.161303,0.147438,0.194309,0.180987,0.160437,0.149894,0.098506,0.203915,0.176465,0.278695,0.103055,0.086567,0.142445,0.147370,0.025951,0.134019,0.127250,0.281119,0.310497,0.201640,0.141154,0.030128,0.145406,0.290072,0.037887,0.093535,0.238514,0.097049,0.226140,0.120303,0.131307,0.154210,0.167646,0.167142,0.176309,0.057351,0.113090,0.013973,0.091401,0.086651,0.099247,-0.040313,0.153218,0.203971,-0.027751,0.086702,0.091799,0.125385,0.244625,0.182381,0.117502,0.208794,0.174259,0.207564,0.032040,0.109769,-0.013453,0.154951,-0.025375,0.083155,0.093522,0.082774,0.022228,0.027929,0.247895,0.113737,0.016895,0.120440,0.011101,0.212788,-0.043392,0.193359,0.166733,0.070045,0.130073,0.168184,0.128941,0.091740,0.167782,0.099530,0.207275,0.306491,0.107097,0.175742,0.341921,0.242824,0.064164,0.298086,0.125482,0.217445,0.324129,0.246373,0.314396,0.032278,0.208182,0.243136,0.233155,0.223002,0.256634,-0.002144,-0.056917,0.179650,0.189237,0.040750,0.306873,0.192443,0.035779,0.004630,0.142410,0.252691,0.369297,#
15,0.239087,0.158508,0.096785,0.038895,0.089558,0.255898,0.089004,0.104346,0.209187,0.292530,0.166760,0.248489,0.274260,0.238730,0.242034,1.000000,0.199652,0.331482,0.245764,0.141990,-0.028673,0.163387,0.181358,0.234897,0.311984,0.141720,0.232402,0.224150,0.162608,-0.038880,0.203534,0.275509,0.184842,0.197803,0.145416,0.175530,0.249683,0.230684,0.245170,0.275187,0.295747,0.189425,0.181792,0.179976,0.358602,0.180627,0.209661,0.240219,0.192630,0.130873,0.366323,0.089771,0.222512,0.263140,0.195419,0.134402,0.232162,0.312548,0.101117,0.196933,0.087180,0.201390,0.108944,0.108094,0.096504,0.049777,0.394557,0.331130,0.204368,0.182412,0.066386,0.370231,0.059682,0.136332,0.342284,0.194364,0.175464,0.322626,0.304968,0.048669,0.398672,0.061852,0.111383,0.210862,0.164677,0.233389,0.330910,0.042861,0.296373,0.209873,0.222944,0.055983,0.123574,0.291796,0.245819,0.207379,0.222707,0.131828,0.332928,0.150467,0.323170,0.233484,0.284040,0.185011,0.269226,0.073872,0.157245,0.159091,0.191866,0.312667,0.129978,0.240066,0.169959,0.153867,0.089630,0.337633,0.301988,0.221694,0.194150,0.252731,0.178550,0.240837,0.098234,0.265100,0.005080,0.198391,0.107580,0.142392,0.234009,0.048140,0.070726,0.256782,0.085553,0.187322,0.246642,0.253441,0.214860,0.068950,0.292353,0.067068,0.181358,0.193214,0.472059,0.117952,0.217633,0.216839,0.404812,0.089074,0.109590,0.246736,0.319272,0.156193,0.177819,0.444725,0.165516,0.322800,0.175463,0.168740,0.269722,0.139046,0.121775,0.176394,0.068490,0.280696,0.190541,0.259652,0.145661,0.065040,0.248609,0.341693,0.213698,0.120436,0.217161,0.205770,0.266708,0.032699,0.224049,0.150665,0.064382,0.269570,0.182494,0.314511,0.073281,0.032378,0.227852,0.299467,0.121643,0.194862,0.182794,0.085026,-0.016043,0.336277,-0.039585,0.223843,0.141061,0.163029,0.172225,0.126100,0.066212,0.309570,#
16,0.366837,0.124545,0.203681,0.163136,0.046991,0.245081,0.215001,0.146299,0.197935,0.253865,0.283529,0.337314,0.196478,0.132075,0.176357,0.199652,1.000000,0.291983,0.214963,0.044189,0.479388,0.173433,0.454094,0.119907,0.187547,0.251348,0.221834,0.127936,0.134557,0.116886,0.150107,0.314784,0.128836,0.137163,0.108157,0.107622,0.335715,0.226536,0.154384,0.203738,0.075025,0.149919,0.206615,0.252307,0.140752,0.113083,0.245855,0.235013,0.247574,0.124360,0.068831,0.247868,0.324578,0.204704,0.143906,0.230330,0.128557,0.246484,0.041877,0.026311,0.153717,0.213330,0.125467,0.259383,0.342936,0.064506,0.230130,0.292877,0.079794,0.290447,0.136556,0.205857,0.113513,0.188884,0.306911,0.478902,0.119966,0.172661,0.302654,0.195581,0.145706,0.145484,0.154731,0.199884,0.123296,0.387308,0.385865,0.152590,0.207025,0.149873,0.278644,0.161204,0.136919,0.103937,0.122651,0.275276,0.177532,0.082885,0.361798,0.209570,0.205541,0.236646,0.079098,0.214393,0.165289,0.222358,0.168795,0.149762,0.235168,0.200504,0.137857,0.204456,0.208506,0.139889,0.212338,0.336630,0.332619,0.189812,0.039189,0.073452,0.128174,0.254749,0.272153,0.194458,0.148251,0.157316,0.082486,0.118248,0.270272,0.281765,0.111576,0.262910,0.207265,0.004943,0.349437,0.140644,-0.042901,0.222479,0.185308,0.204548,0.022271,0.204709,0.104785,0.246195,0.179842,0.214766,0.048215,0.100943,0.090596,0.044111,0.202072,0.135509,0.125334,0.188563,0.210948,0.261192,0.190683,0.015506,0.316887,0.186761,0.141259,0.289177,0.289913,0.307891,0.117910,0.084919,0.163264,0.195442,0.237443,0.172512,0.201104,-0.017039,0.210351,0.084322,0.214135,0.237794,0.191114,0.105190,0.046660,0.229298,0.210518,0.214941,0.121527,0.053464,0.092322,0.125507,0.291209,0.202806,0.137796,0.112425,0.101264,0.119113,0.045997,0.116014,0.286693,0.214859,0.197445,0.150290,0.156829,0.286057,#
17,0.411730,0.191233,0.229669,0.257439,0.201405,0.354436,0.147203,0.237367,0.027751,0.174969,0.193790,0.244147,0.182774,0.179653,0.182797,0.331482,0.291983,1.000000,0.267330,0.225782,0.171667,0.311596,0.323795,0.365708,0.337413,0.256633,0.119572,0.206519,0.296908,0.103961,0.242083,0.418140,0.498628,0.192087,0.097178,0.137840,0.260243,0.462070,0.183441,0.085472,0.159272,0.122195,0.277344,0.308391,0.145672,0.177247,0.289132,0.192303,0.410706,0.302344,0.317175,0.069628,0.055941,0.281683,0.258523,0.243028,0.244369,0.337959,0.173610,0.243786,0.142566,0.249445,0.113078,0.236418,0.204974,0.230100,0.348788,0.380755,0.272662,0.362334,0.358272,0.287091,0.250633,0.352885,0.286759,0.281820,0.210280,0.334761,0.232407,0.167330,0.325002,0.251879,0.332135,0.340102,0.224757,0.242034,0.283464,0.197272,0.432787,0.302207,0.267355,0.149374,0.175805,0.152442,0.125091,0.167114,0.194118,0.268918,0.312345,0.337610,0.392070,0.269153,0.137216,0.209909,0.246848,0.189385,0.127442,0.499193,0.097618,0.162119,0.174147,0.111808,0.246865,0.224928,0.087324,0.272587,0.328950,0.166429,0.248694,0.321249,0.165774,0.149372,0.114878,0.201709,0.284104,0.335873,0.184215,0.117482,0.104426,0.088984,0.132253,0.287243,0.257977,0.319131,0.249223,0.194884,0.299865,0.063515,0.268326,0.307926,0.290545,0.261447,0.259644,0.187747,0.354609,0.218207,0.158988,0.099384,0.265898,0.088787,0.360817,0.105859,0.201515,0.370065,0.205728,0.267126,0.212923,0.209888,0.385959,0.217696,0.324041,0.250448,0.160792,0.242168,0.289823,0.282366,0.031820,0.219975,0.173238,0.281498,0.363495,0.211184,0.266176,0.314768,0.294678,0.052780,0.322113,0.216718,0.185207,0.311022,0.300689,0.470087,0.182665,-0.079650,0.149977,0.320534,0.303339,0.380509,0.347197,0.154271,0.123270,0.344308,-0.085156,0.121057,0.328220,0.334081,0.353425,0.124554,0.204211,0.386578,#
18,0.232529,0.344770,0.277260,0.136704,0.240173,0.275785,0.197264,0.210112,-0.007206,0.262708,0.398318,0.168592,0.366816,0.164314,0.244069,0.245764,0.214963,0.267330,1.000000,0.363685,0.105208,0.118535,0.079871,0.230813,0.181794,0.319510,0.411155,0.210704,0.412635,0.115401,0.288687,0.333791,0.379751,0.070281,0.190157,0.229219,0.328874,0.233235,0.202459,0.160787,0.272183,0.066616,0.281981,0.089649,0.152971,0.222454,0.239490,0.224426,0.230504,0.176017,0.268982,0.048261,0.259955,0.459667,0.228600,0.120530,0.244569,0.406219,0.064475,0.092682,0.247536,0.265819,0.201911,0.394480,0.165559,0.339922,0.256384,0.286515,0.139389,0.044224,0.126394,0.230374,0.065843,0.256711,0.218383,0.092247,0.125344,0.257179,0.350552,0.361605,0.396348,0.187255,0.281684,0.276681,0.129914,0.144293,0.290043,0.193755,0.228185,0.135966,0.258118,0.202066,0.197471,0.118453,0.191008,0.119019,0.308445,0.197730,0.145443,0.253503,0.206941,0.362050,0.356609,0.265370,0.335617,0.125254,0.189698,0.183558,0.218752,0.249854,0.275946,0.325433,0.055226,0.334411,0.172582,0.160900,0.192753,0.271997,0.204258,0.152727,0.067994,0.369663,0.221319,0.260790,0.154268,0.271134,0.076344,0.225024,0.273725,0.212960,0.243263,0.189015,0.173520,0.026421,0.363917,0.160725,0.138536,0.347426,0.249040,0.315764,0.308104,0.111755,0.097936,0.109159,0.303626,0.239376,0.130574,-0.025305,0.150300,0.165752,0.217887,0.156630,0.271897,0.232393,0.202517,0.350946,0.366515,0.305043,0.262402,0.190561,0.269373,0.274463,0.165146,0.265366,0.175310,0.245055,0.264871,0.234225,0.345476,0.339565,0.145521,0.223000,0.205696,0.176089,0.325079,0.013103,0.152444,0.310697,0.318765,0.357394,0.213529,0.340866,0.201063,0.155872,0.435947,0.331113,0.293038,0.440862,0.252314,0.130072,0.255463,0.226683,0.064435,0.264825,0.296561,0.187205,0.333989,0.212380,0.366613,0.430564,#
19,0.224312,0.148959,0.183705,0.135889,0.210637,0.104422,0.288980,0.293511,0.194868,0.311213,0.254930,0.062648,0.284776,0.197439,0.266155,0.141990,0.044189,0.225782,0.363685,1.000000,0.057760,0.211431,0.250401,0.245060,0.243837,0.256015,0.164522,0.246755,0.212200,0.294576,0.115552,0.176052,0.227576,0.119632,0.255743,0.197693,0.085386,0.292216,0.315525,0.238284,0.146620,0.067598,0.257564,0.081415,0.240963,0.301991,0.247860,0.267663,0.299773,0.241159,0.185511,0.164756,0.094984,0.378464,0.199265,0.208524,0.252643,0.273973,0.026977,0.288229,0.166705,0.065676,0.170634,0.169143,0.188055,0.142987,0.132131,0.170428,0.242511,0.182960,0.271830,0.193435,0.196362,0.178319,0.210729,0.104719,0.236783,0.312451,0.184929,0.149751,0.266522,0.144188,0.372835,0.114310,0.233831,0.293697,0.243686,0.137412,0.330521,0.217077,0.185410,0.303316,0.173759,0.194846,0.196777,0.261477,0.282512,0.220594,0.149230,0.170163,0.215312,0.235109,0.201290,0.189480,0.212772,0.078701,0.343277,0.386779,0.166680,0.136193,0.200841,0.201805,0.289172,0.275332,0.171053,0.182740,0.298247,0.362242,0.249345,0.151133,0.212769,0.389533,0.086531,0.206020,0.347842,0.338000,0.088317,0.211183,0.069397,0.086533,0.227683,0.158683,0.240626,0.071660,0.226273,0.199671,0.255394,0.179526,0.186872,0.280275,0.335769,0.123639,0.170971,0.119186,0.335345,0.228660,0.140680,0.332503,0.322055,0.093177,0.173851,0.196094,0.185855,0.327434,0.081064,0.239343,0.268949,0.194267,0.263523,-0.009037,0.233876,0.169404,0.257261,0.232933,0.159179,0.192051,0.215296,0.083443,0.168138,0.284708,0.427941,0.201713,0.158355,0.133810,0.280766,0.054827,0.111422,0.190517,0.064709,0.337231,0.221025,0.308559,0.071841,0.242495,0.242795,0.219708,0.222282,0.311675,0.145713,0.061441,0.252526,0.205974,0.162756,0.372713,0.201185,0.230895,0.298855,0.315802,0.390386,0.329603,#
20,0.295252,0.148281,0.130401,0.100745,0.063635,0.220728,0.169476,0.200567,0.208555,0.189687,0.194112,0.199258,0.231319,0.151480,0.103261,-0.028673,0.479388,0.171667,0.105208,0.057760,1.000000,0.231819,0.262845,0.140301,0.195973,0.147284,0.199102,0.277468,0.103898,0.144165,0.108241,0.168434,0.198864,0.095094,0.259665,0.084392,0.161280,0.153184,0.067154,0.211397,0.004071,0.279166,0.278956,0.204284,0.111222,0.293611,0.133771,0.223414,0.294977,0.108304,0.162062,0.272877,0.351835,0.219557,0.172018,0.132307,0.249594,0.191718,0.005205,0.256082,0.212462,-0.014610,0.275918,0.235366,0.384005,-0.087516,0.132604,0.184667,0.218128,0.281704,0.203840,0.098606,0.308443,0.317834,0.214572,0.298033,0.250555,0.043830,0.004193,0.303182,0.005739,-0.002131,0.310371,0.159209,0.034013,0.308643,0.263245,0.241132,0.219791,0.227096,0.245880,0.339885,0.144510,0.184228,0.105123,0.154910,0.167433,0.136803,0.122296,0.113276,0.047152,0.190791,0.072357,0.170223,0.065981,0.172831,0.180331,0.141364,0.133703,0.285140,0.252853,0.038989,0.304096,0.216202,0.149955,0.304600,0.400130,0.118001,0.026891,0.047904,0.062541,0.174215,0.246547,0.204944,0.259052,0.255155,0.251860,0.330167,0.207012,0.300507,0.099399,0.218012,0.119662,-0.025854,0.264600,0.133660,0.055626,0.350382,0.250953,0.314952,0.166471,0.220327,-0.063614,0.114437,0.273721,0.054820,0.087332,0.137121,0.090367,0.147193,0.126376,0.231493,0.025784,0.078923,0.219888,0.235174,0.052164,-0.035028,0.191815,0.102896,0.213609,0.226917,0.150257,0.152903,0.292067,0.113275,0.038990,0.080510,0.193821,0.172329,0.207625,0.040088,0.090288,0.266497,0.183735,0.246368,0.058998,0.059949,0.248467,0.389591,0.246752,0.192744,0.112773,0.190809,0.218705,0.140529,0.080179,0.200825,0.219960,0.101323,0.334254,0.126307,0.098394,0.144840,0.276439,0.259108,0.176962,0.107414,0.143578,0.205197,#
21,0.342086,0.327910,0.267960,0.189738,0.198883,0.302847,0.249810,0.204262,0.083580,0.280025,0.189746,0.298543,0.095355,0.220312,0.087292,0.163387,0.173433,0.311596,0.118535,0.211431,0.231819,1.000000,0.218086,0.374748,0.352383,0.220159,0.201701,0.275397,0.153461,0.210319,0.197367,0.227801,0.241415,0.280621,0.209816,0.153607,0.281450,0.273348,0.224048,0.094250,0.205474,0.285370,0.125574,0.204900,0.274597,0.151847,0.362244,0.173316,0.208201,0.266835,0.258179,0.150131,0.298652,0.267910,0.192185,0.148806,0.353884,0.318579,0.183922,0.211640,0.134394,0.124800,0.275095,0.142158,0.343490,0.145767,0.250164,0.235264,0.299360,0.383722,0.411280,0.152580,0.209107,0.192553,0.249882,0.162365,0.267722,0.141479,0.177496,0.217580,0.286890,0.206905,0.188798,0.173043,0.208557,0.284305,0.216740,0.234884,0.314028,0.294697,0.185089,0.192645,0.156635,0.098227,0.250187,0.264339,0.213189,0.291331,0.309318,0.298663,0.320797,0.171281,0.134564,0.245012,0.229509,0.367917,0.108423,0.292845,0.237965,0.223009,0.152489,0.191179,0.420754,0.262045,0.043744,0.299680,0.423454,0.073863,0.279765,0.299825,0.140875,0.326331,-0.019422,0.329734,0.193882,0.372079,0.238222,0.316218,0.210239,0.136817,0.296529,0.100422,0.200225,0.151101,0.218469,0.126450,0.200043,0.186045,0.284417,0.287721,0.103195,0.244490,0.171079,0.133239,0.312564,0.277303,0.160525,0.261204,0.165628,0.190385,0.214369,0.235021,0.142819,0.420393,0.253637,0.238768,0.247012,0.199807,0.281048,0.254806,0.396598,0.106864,0.144996,0.338256,0.294860,0.130156,-0.023878,0.332439,0.129747,0.276187,0.315179,0.163193,0.230362,0.241575,0.220769,0.106201,0.329957,0.120562,0.306713,0.365205,0.204845,0.278133,0.059816,0.161979,0.199329,0.285489,0.193625,0.295387,0.323833,0.146345,0.213418,0.330805,0.156958,0.062192,0.365290,0.287380,0.257253,0.227812,0.155983,0.323386,#
