0,1.000000,-0.013662,0.151655,0.145143,0.156888,0.013585,-0.044685,-0.031820,0.108024,0.056901,0.110639,-0.031952,0.073977,-0.016446,0.176696,0.203428,0.160399,0.184082,0.222299,0.237072,0.064972,0.072151,0.191115,0.245837,0.102479,0.077215,0.171284,-0.013907,0.066779,0.190544,-0.010984,0.129390,0.050449,0.084473,0.084012,0.052956,0.122427,-0.037939,0.158278,0.163227,0.102991,0.094355,0.220098,0.048082,-0.016396,0.056441,-0.002275,0.224448,0.194008,0.278901,0.119533,-0.013018,0.105804,0.214595,0.205983,0.158557,0.178132,0.137880,-0.082030,0.008339,0.153431,0.040635,0.243043,-0.046484,-0.032749,-0.030781,-0.000718,0.071769,0.099288,0.133634,0.070513,-0.036349,0.152057,0.161229,0.041057,-0.161651,0.201097,0.171599,0.106903,-0.004249,0.035078,-0.037004,0.042237,0.195883,0.315454,0.005408,0.183219,0.192622,0.176065,0.143253,0.105214,0.007089,0.165085,0.115578,0.196458,0.296370,0.200179,-0.059129,0.016781,0.146782,0.184636,0.176324,0.009838,0.187205,0.134636,0.148532,0.282558,0.111205,0.183373,-0.047963,-0.023002,0.031459,-0.037720,0.141458,0.075485,0.030382,0.009733,0.050052,0.071550,-0.041354,0.215201,0.147808,0.176036,0.132987,0.143267,0.186478,0.105160,-0.083203,0.121721,0.153955,0.216099,-0.018600,0.064086,0.052183,0.072892,0.051570,0.176437,0.120715,-0.061826,0.136428,0.249573,0.119115,0.062644,-0.015507,0.031854,0.116112,0.096366,0.104094,0.162935,0.114518,-0.128231,0.114785,0.192612,0.045488,0.117334,0.195056,0.129736,0.086430,0.063658,0.172152,0.166284,0.211739,-0.073587,-0.041630,0.070897,0.159859,0.027294,0.167382,0.192073,0.092718,0.059504,-0.083113,0.165258,0.133675,-0.066680,0.168724,0.245229,0.091531,0.028411,-0.040394,0.023567,0.193280,0.033116,0.043856,0.062424,-0.027013,0.195260,0.265682,0.206054,-0.013823,0.081547,0.170569,0.014720,0.127464,0.293799,0.102585,-0.060559,0.087130,0.255594,0.160791,#
1,-0.013662,1.000000,0.218415,0.100895,0.126411,0.102983,0.257389,0.154316,0.278472,0.016561,0.282410,0.239833,0.062867,0.063008,-0.061632,-0.039549,0.113605,0.136863,-0.041080,0.181938,0.028287,0.173377,0.042824,-0.074654,0.040149,0.174514,0.125988,0.192084,-0.263262,0.160042,0.120119,0.045413,-0.040028,0.114025,-0.036063,0.245516,0.088955,-0.018285,0.234767,0.077162,-0.037355,0.072156,0.242403,0.032890,0.032910,0.152588,0.375090,0.125780,0.145265,0.026272,0.159333,0.062854,0.256267,0.228783,0.066863,0.187819,0.013414,-0.072535,-0.081486,0.092555,0.055278,0.074194,0.213392,-0.011841,0.003808,0.130652,0.025829,0.143385,0.162432,0.271726,0.163871,0.120259,0.215921,0.051904,0.175950,0.129073,0.072067,0.098554,0.284080,0.094638,0.096781,0.190296,0.070583,0.043288,0.149266,-0.175267,0.153182,0.147071,0.130894,0.003787,0.102726,0.119622,-0.065408,0.053418,-0.023350,0.097101,0.022438,-0.023134,-0.011678,0.104093,0.178917,0.055151,0.095259,0.068429,0.024599,0.097454,0.204253,0.256915,0.093722,0.097677,0.142431,0.094060,0.004014,0.040840,0.270409,0.262826,0.124120,0.025140,-0.026935,0.018090,-0.107900,0.125419,0.178081,0.173104,0.126013,0.095475,0.149748,0.125226,0.155649,0.149501,0.011792,0.092398,0.056507,0.190998,0.263410,0.112366,0.175488,0.212452,0.115396,0.158894,0.073363,0.018777,0.105584,0.151479,0.249015,0.068766,0.080010,-0.065684,0.120991,0.037652,0.145273,0.124756,-0.029003,-0.046149,0.196071,0.223301,-0.037960,0.064828,-0.112903,-0.098811,-0.052433,0.184698,0.199590,0.193810,0.128301,0.070561,-0.018889,-0.075899,0.113524,0.248908,0.182713,0.209730,0.026116,0.048778,0.083324,0.082992,0.073714,0.117130,0.110210,0.026416,0.082809,0.027993,0.153830,-0.079050,0.238070,0.073476,0.093522,-0.114087,0.145139,0.214720,0.221308,0.123812,-0.121687,0.133111,0.141338,0.066168,-0.107791,0.183662,0.019569,0.293643,#
2,0.151655,0.218415,1.000000,0.174985,0.183533,0.050912,0.183072,0.163612,0.099511,0.117874,0.288760,0.282553,0.044625,0.198461,-0.031364,0.208443,0.031208,0.059168,0.072773,0.136217,0.221360,0.208277,0.000430,0.048829,0.160601,0.263096,0.228204,0.148170,-0.012716,0.230085,0.021911,-0.056207,-0.011703,0.025401,0.070820,0.112011,0.112850,-0.120233,0.151843,-0.003655,0.202535,0.146098,0.337214,0.008686,0.046445,0.047687,0.101860,0.127961,0.093026,0.111376,0.181860,0.207894,0.114134,0.062755,0.024593,0.087084,0.099955,-0.001790,0.124478,0.203509,0.283294,-0.086450,-0.015838,0.203190,0.234683,0.153330,0.170655,0.076167,0.156832,0.202826,0.104651,0.194061,0.033707,0.130944,0.199840,0.077779,0.108946,0.127875,0.172753,0.002020,0.182022,-0.034929,0.006685,0.012336,0.165317,0.056281,0.224336,0.213539,0.118985,-0.017303,0.055154,0.225405,0.181482,0.245418,0.023897,0.195499,0.231227,-0.011521,0.162212,0.076655,0.178469,0.073244,-0.008361,0.212270,0.055572,0.124126,0.199454,0.208258,0.218959,0.199216,0.118650,0.168776,0.171279,0.095729,0.128521,0.267580,0.147201,0.113847,-0.190808,0.080425,0.156681,0.060310,0.032089,0.059288,0.091606,0.036019,0.185248,0.075158,0.192770,0.169171,0.056580,0.203419,0.135195,0.121623,0.280969,0.174238,0.165515,0.116302,0.044763,0.003499,0.158386,0.100624,0.203801,0.054206,0.319862,0.095930,-0.061311,0.131368,0.166663,-0.036249,0.105022,0.144676,0.209329,0.110273,0.121283,0.038141,0.085154,-0.058217,0.095584,0.118713,0.035300,0.276829,0.173199,0.216298,0.131511,0.144679,0.145779,-0.058924,-0.015996,0.103671,-0.017273,0.284972,0.103416,0.034764,0.104292,0.077390,0.205334,0.150942,-0.140566,0.054480,0.191137,0.109937,0.016420,0.284778,0.074419,0.136668,0.089490,-0.057145,0.196819,0.016855,0.034289,0.195574,0.219169,0.093538,0.194595,0.045439,-0.130857,0.207627,0.264390,0.253108,#
3,0.145143,0.100895,0.174985,1.000000,0.145404,0.139358,0.194864,0.112855,0.267908,0.090641,0.257329,0.175496,0.152542,0.005727,0.128131,0.070827,0.122720,0.171127,0.253641,0.188287,0.153333,0.104218,0.161181,0.351487,0.138745,0.236972,0.200286,0.129724,0.173611,0.250964,0.154039,0.183129,0.369828,0.198113,-0.009152,0.164609,0.167449,0.129716,0.340926,0.087876,0.089755,0.252810,0.211599,0.287407,-0.028064,0.127843,0.080982,0.166131,-0.012404,0.175188,0.185205,0.160540,0.160987,0.035580,0.066836,0.252913,0.149922,0.066489,0.062506,0.147337,0.156186,0.030099,0.123571,0.029514,0.300506,0.097088,0.075900,0.022787,-0.033613,0.241600,0.138021,0.116840,0.181363,0.076645,0.168748,0.178158,0.139505,0.112110,0.193163,0.044010,0.334274,0.120342,0.121573,0.062770,0.246677,0.057177,0.135284,0.088465,0.203929,0.138634,0.210590,0.167335,0.140191,0.155437,0.073104,0.151857,0.232183,-0.090096,0.198780,0.196324,0.272532,0.072675,0.063167,0.141898,0.345190,0.075500,0.253055,0.225108,0.085971,0.132956,0.124649,0.039121,0.100068,0.095045,0.104750,0.056917,0.123940,0.116164,-0.000055,0.090372,0.141681,0.091782,0.099488,0.246103,0.040238,0.098491,0.230101,0.228020,0.001675,0.257459,0.265612,0.227575,0.209835,0.203498,0.183791,0.195969,-0.066882,0.147129,0.183231,0.138535,0.197006,0.258937,0.177286,0.172056,0.111328,0.095066,0.271802,0.254723,0.101584,0.102788,-0.012961,0.049526,0.056351,0.158859,0.200328,0.139317,0.087022,0.083773,0.140944,0.151469,0.155089,0.209818,0.236582,0.253469,0.087683,0.056303,0.093805,0.053731,0.040341,0.045361,0.160971,-0.024381,0.058600,-0.037489,0.009286,0.198543,0.216365,0.189819,0.003409,0.094974,0.128800,0.270202,0.202776,-0.031266,0.035157,0.036041,0.148390,0.105464,0.042031,0.114399,0.125062,0.139474,0.236854,0.111144,0.179243,0.136791,0.217359,0.223714,0.164160,0.079129,#
4,0.156888,0.126411,0.183533,0.145404,1.000000,0.220986,-0.003973,0.131198,0.267808,0.091649,0.056470,0.073519,0.117918,0.027957,0.096436,0.099904,0.009341,0.152634,0.147122,0.312385,0.348318,0.069548,0.120660,0.208838,0.107199,0.311766,0.069078,0.038459,0.111649,0.056079,0.081267,0.080091,0.092479,0.064949,0.055585,0.214621,0.367039,0.014791,0.187768,0.110277,0.032395,0.341526,0.119081,0.057345,0.327935,0.121020,0.340558,0.158718,0.099261,0.138967,0.060955,0.109965,0.102091,0.203168,0.271048,0.307209,0.126734,0.091379,0.106936,0.070013,0.209522,0.152144,0.071024,-0.029206,0.101849,-0.009604,0.066899,0.108081,-0.022847,0.176852,0.218399,0.179732,0.183933,0.128184,0.073199,-0.060872,0.119632,0.159315,0.235647,0.065527,0.237439,0.197108,-0.006727,0.030612,0.369876,0.067252,0.150466,0.157319,0.090066,0.207062,0.285670,0.035177,0.120261,0.101216,0.101993,0.264159,0.105173,0.041824,-0.034810,0.059913,0.134896,-0.006451,0.144921,0.175781,0.146474,0.086155,0.054000,0.215181,0.098528,0.205965,0.236913,0.180993,0.156187,0.255140,0.091761,0.000251,0.134150,-0.016250,-0.048928,0.046234,0.046154,0.054715,0.114104,-0.010341,0.267300,0.003535,0.266337,0.096538,0.222477,0.094318,0.252931,-0.033234,0.181260,0.180715,0.245130,0.173075,0.002841,0.108960,0.206882,0.120208,0.262586,0.009233,0.225639,0.028821,0.180595,0.255313,0.096234,0.308833,0.137639,0.035165,0.081640,0.113651,0.226945,0.310144,0.229233,0.067843,0.303011,0.120297,-0.054268,0.160630,0.157215,0.093154,-0.051139,0.072284,-0.118044,0.150972,0.000441,0.050024,0.058843,0.090797,-0.111692,-0.010771,0.337591,0.221661,0.130921,0.169273,0.246701,0.247566,0.098632,0.152734,0.073077,-0.026276,0.173083,0.070829,0.113455,0.076203,-0.059485,0.192676,0.155389,0.261204,-0.007329,0.133492,-0.006438,0.058209,0.234641,0.228007,0.017711,0.233038,0.183840,0.331945,#
5,0.013585,0.102983,0.050912,0.139358,0.220986,1.000000,0.036856,0.179239,0.229728,0.157708,0.206805,0.062670,0.214615,0.110964,0.152747,0.002773,0.032040,0.073490,-0.052708,0.190486,0.047012,-0.081590,0.097972,0.097443,0.167031,0.149933,0.160916,0.193589,0.153198,0.145174,0.129692,0.143913,0.260049,0.127940,0.004317,0.141202,0.155031,-0.019185,0.148892,0.034089,0.172683,0.198879,0.102274,0.251914,0.063024,0.041140,0.185693,-0.005764,0.204313,0.095704,0.148214,0.116947,0.061356,0.037683,0.094497,0.317064,0.032203,-0.114324,0.194740,0.098724,0.034099,0.092457,0.075226,0.011717,0.159452,0.082992,0.110657,0.012357,0.139386,0.003217,0.054073,0.128971,0.196205,0.169276,0.030323,0.008866,0.155914,0.126202,0.230580,0.108046,0.158106,0.142982,0.194708,0.063776,0.072185,0.060765,0.097905,0.006512,0.054308,-0.046230,0.108076,0.141484,0.248191,0.241373,0.060677,0.257883,-0.031457,0.078038,0.217893,0.007254,0.043470,0.108129,-0.134932,0.103165,0.075494,0.076420,0.137208,0.271984,0.095047,0.057078,0.138944,0.158773,0.026445,0.093635,0.211847,0.060316,0.047405,0.114020,0.055905,0.037044,0.021888,0.231422,-0.022996,0.087525,-0.108244,-0.015828,0.062828,-0.054408,0.135232,0.070216,0.284893,0.075560,0.159802,0.121292,0.272919,0.294213,0.087318,0.171586,0.100001,-0.084176,0.163086,0.165581,0.147720,0.191744,0.224238,0.199508,0.164234,0.138008,0.045184,0.148248,0.174855,-0.044458,0.159086,0.164175,0.139764,0.155565,0.173289,0.021220,0.142114,-0.096077,0.148811,0.017570,0.170066,0.179999,0.087145,0.127956,-0.001512,0.112274,0.208734,0.241636,0.261054,0.160491,0.143447,0.090108,-0.031518,0.101889,0.212224,0.187897,0.203917,-0.011264,0.155928,-0.047002,0.339849,0.077971,-0.020518,0.202250,0.207141,0.014599,-0.015799,0.027461,0.031133,0.184193,0.029143,0.064907,0.190423,-0.041235,-0.066068,0.268435,0.057986,0.293360,#
6,-0.044685,0.257389,0.183072,0.194864,-0.003973,0.036856,1.000000,0.133501,0.224450,0.046008,0.093644,0.153431,0.080581,0.122797,-0.023942,0.073722,0.037961,0.049226,0.068625,0.020230,0.132263,0.182023,-0.021495,-0.081539,0.043196,0.186910,0.078496,0.139784,0.024767,0.229600,-0.002691,0.065817,-0.015490,0.093821,-0.108332,-0.007090,0.000199,0.078466,0.071980,0.122535,-0.043824,0.046409,0.038326,0.066351,0.013653,0.055884,0.044277,0.040019,0.069464,-0.001366,0.015720,0.036610,0.074810,0.143125,-0.009169,0.098568,-0.068299,-0.002260,0.083412,0.181498,0.128347,-0.036588,0.108653,0.078953,0.119474,0.304160,0.026078,0.168846,0.093811,0.093195,0.079627,0.100472,0.035422,0.097252,0.188169,0.098683,0.131149,0.126470,0.239150,-0.007928,0.091805,0.003970,0.141708,-0.028822,0.171984,-0.007127,0.024285,0.175547,-0.062641,-0.008203,0.054704,0.091013,0.016958,0.044736,0.006355,0.067718,0.135890,-0.006532,0.041251,0.185077,0.104633,0.192600,-0.000127,-0.051872,-0.152456,0.200360,0.041007,0.019633,0.177541,0.147050,0.065810,0.116091,0.012329,-0.225522,0.045408,0.178323,0.217457,-0.085417,0.014661,0.049680,0.107906,0.080595,-0.089020,0.168607,0.023854,0.095915,-0.006289,0.096016,-0.064784,0.063069,0.106679,-0.048397,0.052182,-0.028445,0.159359,0.078250,0.021904,0.100734,0.125065,0.144721,0.034362,0.147326,0.005979,0.058564,-0.048713,0.030092,0.160858,-0.004182,0.092292,-0.230311,0.204805,-0.016203,0.108357,-0.018562,0.227067,0.026149,0.033937,0.135818,0.003227,-0.056072,-0.037328,0.226548,0.283312,0.180663,0.137573,0.099891,-0.054003,0.062160,0.041809,0.037158,-0.049189,0.026453,0.055021,-0.028578,0.126535,0.092308,-0.015615,0.070380,0.233960,-0.141750,0.002191,-0.005202,0.161121,0.141705,0.159369,0.150962,0.065583,0.061903,0.006839,0.166016,0.010150,0.021645,0.049242,0.188718,-0.018948,-0.057545,0.075755,0.179661,0.049499,0.198485,#
7,-0.031820,0.154316,0.163612,0.112855,0.131198,0.179239,0.133501,1.000000,0.315407,0.130337,0.210194,0.339357,-0.003266,0.104885,0.279226,0.122907,0.141692,0.283979,-0.004534,0.195893,0.114319,0.148301,0.171753,0.057291,0.174662,0.122002,0.185611,0.234373,0.017095,0.242568,0.044923,-0.028324,0.077376,0.123130,-0.071212,0.087094,-0.022104,-0.081773,0.263004,0.205175,0.034178,0.193319,0.087105,0.181471,0.208409,0.203368,0.131348,0.135207,0.177559,0.102933,0.201873,0.093991,0.025140,0.199264,0.110860,0.129790,0.200985,0.221569,0.171872,0.050424,0.251704,0.037976,0.076778,0.041542,0.231337,0.121721,0.103885,-0.024002,0.130897,0.353317,0.104418,0.055344,0.304815,0.156645,0.074003,0.069701,-0.007840,0.204108,0.189918,0.293389,0.263329,0.105463,0.167457,0.122754,0.181567,0.044478,0.078033,0.011253,0.104459,0.150020,-0.001503,0.125223,0.163789,0.242196,-0.036214,-0.029553,-0.024106,0.105360,-0.019480,0.149168,0.142657,0.044609,0.071795,0.063162,-0.042410,0.210815,0.270879,0.156629,0.104325,0.191989,0.002031,0.077478,-0.017294,0.093122,0.391680,0.174685,-0.065893,-0.025770,-0.002066,0.258923,0.153425,0.241443,0.012356,0.158876,0.181170,0.131960,0.215486,0.234992,0.092075,0.084115,0.100374,0.050737,0.261979,0.039085,0.404372,0.222530,-0.124327,0.329772,0.108403,0.096819,0.209325,0.014515,0.093669,0.032569,0.185556,0.168334,0.191224,0.176646,0.109256,0.071402,0.173474,0.087217,0.074396,0.184246,0.001256,0.211754,0.152611,0.144552,0.174809,0.152806,0.048081,0.075129,0.208446,0.059952,-0.021804,0.284649,0.177676,-0.025875,0.058989,0.117625,0.121508,0.134811,0.231701,0.068240,0.163818,0.050244,0.102592,0.138395,-0.096825,0.194603,0.248383,0.106839,0.129376,0.206676,-0.108960,0.104631,-0.002490,-0.124948,0.096412,0.335366,0.177311,0.041349,0.134612,0.053093,0.133697,0.069893,-0.053279,0.164886,0.203990,0.201119,#
8,0.108024,0.278472,0.099511,0.267908,0.267808,0.229728,0.224450,0.315407,1.000000,0.214400,0.236177,0.207180,0.170918,0.089089,0.318822,0.134584,-0.036274,0.163503,0.114670,0.176822,0.081501,0.168635,0.181907,0.228954,0.077530,0.200636,0.078981,0.191095,0.039546,0.256934,0.003354,0.170644,0.051424,0.078517,0.067746,0.190399,0.198862,-0.020417,0.173612,0.080645,0.055838,0.245477,0.136327,0.118252,0.238443,0.138262,0.136590,0.117233,0.245153,0.168219,0.239451,0.331987,0.063183,0.352964,0.112039,0.370488,0.253877,0.227557,0.056507,0.231262,0.241744,0.141032,0.257083,-0.127967,0.196547,0.237811,0.131853,0.036426,0.291279,0.226484,0.210762,0.071353,0.221460,0.086868,0.213589,0.129542,0.186651,0.195466,0.228021,0.083158,0.277796,0.305745,0.146404,0.046727,0.319795,0.105221,0.144431,0.140654,0.093725,0.207677,0.130785,0.208428,0.134166,0.055086,0.313763,0.252950,0.237293,0.038116,0.161541,0.117240,0.191250,0.145994,0.125115,0.154837,0.203638,0.089490,0.177224,0.237067,0.031324,0.250441,0.081529,0.060840,-0.017095,0.163800,0.284107,0.258159,0.062355,0.069433,0.050095,0.223875,0.180469,0.225869,0.177855,0.158160,0.132869,0.209263,0.121215,0.289650,0.019727,0.284543,0.146981,-0.062783,0.280862,0.223733,0.287366,0.247016,0.034531,0.214498,0.203554,0.075944,0.233194,0.196410,0.317801,0.044564,0.067730,0.152041,0.268835,0.213160,0.187185,0.069255,0.284241,-0.020995,0.167991,0.244724,0.317820,0.366551,0.218579,0.258286,0.141998,0.155689,0.030175,0.125393,0.102698,0.212318,0.187639,0.215344,0.164583,-0.084942,0.221282,0.205942,0.142678,0.182412,0.114937,0.062403,0.180275,0.128956,0.112238,0.216604,0.171207,0.095719,0.175126,0.182039,0.112274,0.117114,0.090650,0.169628,0.064937,-0.004838,0.119068,0.253052,0.210917,0.061698,0.162357,0.128878,0.370155,0.033910,0.078739,0.143078,0.128158,0.112438,#
9,0.056901,0.016561,0.117874,0.090641,0.091649,0.157708,0.046008,0.130337,0.214400,1.000000,0.368845,-0.014551,0.057059,0.154629,0.166133,0.185400,-0.063336,0.035730,-0.092387,0.317463,0.046098,-0.036010,0.055731,0.031608,-0.034711,0.017772,0.225293,0.130729,0.033496,0.141301,0.190071,0.033778,-0.017279,0.128855,0.196354,0.061645,-0.108335,0.157452,0.143230,-0.071214,0.271331,0.122320,0.111262,-0.113236,0.066834,0.151208,0.100742,0.054323,0.127079,0.102214,0.051925,0.223947,-0.037592,0.083122,0.072728,0.266301,0.112855,0.140913,0.138172,-0.026533,0.224539,0.030478,0.200837,-0.011342,0.218173,0.152989,-0.009158,-0.081620,0.091650,-0.040859,0.217006,0.201407,0.043030,0.055369,0.099501,0.111890,-0.044468,-0.000533,0.236577,0.160216,0.143135,0.236719,-0.014600,-0.052989,0.253571,0.056068,0.079838,0.108585,-0.120749,-0.127376,0.009838,0.123583,0.163700,-0.047641,0.102504,0.147614,0.147802,0.126791,0.079068,-0.118003,0.084552,0.113396,0.286392,0.022524,0.321353,0.056889,0.172008,0.048925,0.197906,-0.049091,0.009269,0.021324,0.047332,0.211831,0.084176,0.075309,-0.080536,0.152049,0.148812,-0.070564,0.114103,0.302903,-0.030160,0.167665,-0.036201,0.136360,-0.111947,0.197471,0.128941,0.257805,0.125841,-0.052041,0.044394,0.167670,0.112225,0.109008,0.137315,0.277204,0.074811,-0.191994,0.025590,0.139111,0.216253,0.011240,0.048442,0.155439,0.140794,0.206130,-0.008070,0.367668,0.092005,-0.144551,0.323938,0.267917,0.151169,0.169918,0.148905,0.169763,0.237310,0.015546,0.137394,0.058207,-0.013784,0.310981,0.075567,0.049665,0.063941,-0.007440,0.310935,0.042905,0.144980,0.155028,0.068858,0.149590,0.076407,0.134103,0.168582,0.027073,-0.043659,0.013402,-0.011173,-0.005196,0.189994,0.148865,-0.001381,0.086910,0.040762,0.024010,0.254581,0.065065,0.124062,0.081727,-0.027490,0.171812,0.060708,0.105858,0.057419,0.011197,0.122216,0.172313,#
10,0.110639,0.282410,0.288760,0.257329,0.056470,0.206805,0.093644,0.210194,0.236177,0.368845,1.000000,0.126184,-0.013099,0.119250,0.131331,0.118816,0.067709,0.128930,0.128026,0.213991,0.016407,0.009009,-0.085264,0.111811,0.063068,0.025970,0.134288,0.232672,-0.024204,0.234889,0.182771,0.121353,0.147611,0.084317,0.087125,0.182819,0.087407,-0.016822,0.316360,0.116893,0.201854,0.078713,0.119151,-0.047370,-0.053258,0.147016,0.169772,0.129598,0.168137,0.226934,0.097166,0.181811,0.063179,0.198370,-0.007402,0.245911,0.043611,-0.023995,0.072168,0.183640,0.059628,0.119796,0.130708,0.119936,0.343561,0.215718,0.188869,0.049486,0.107821,0.117286,0.140081,0.209995,0.191042,0.111844,0.081498,0.108146,0.081216,0.042134,0.137108,0.138786,0.259503,0.072371,0.207172,0.106243,0.353311,-0.099825,0.151715,0.160507,0.029476,0.074170,0.014953,0.180217,0.141300,0.084404,0.053850,0.269035,0.148053,-0.032535,0.201321,0.093097,0.053441,0.054553,0.115629,-0.043675,0.163337,-0.057175,0.201807,0.277572,0.116367,0.038209,0.061969,0.205740,0.020391,0.118703,0.353501,0.278633,0.048837,0.044138,0.008515,0.054212,0.095747,0.261270,-0.004599,0.110462,0.000467,0.019609,0.141149,0.157839,0.179871,0.223781,0.235190,0.077266,0.059128,0.131211,0.176917,0.111525,-0.050478,0.377897,0.079720,-0.099710,0.231242,0.034368,0.160095,0.091797,0.168156,0.039066,0.003941,-0.021036,0.031391,0.106192,0.081014,0.193969,0.172438,-0.002200,0.224326,0.115458,0.225365,-0.091371,0.188073,0.058189,0.183430,0.030699,0.338347,0.195602,0.161750,0.139595,0.171111,0.067123,0.156974,0.239371,0.210617,0.206946,-0.008844,0.152083,0.113745,0.042307,0.123716,0.222178,-0.068705,0.057287,0.090319,0.063258,0.251173,0.046183,0.142103,0.119962,-0.050139,-0.202860,0.176568,0.223894,0.230559,0.092228,0.086413,0.056851,0.188300,0.015276,-0.089352,0.165533,0.204669,0.359061,#
11,-0.031952,0.239833,0.282553,0.175496,0.073519,0.062670,0.153431,0.339357,0.207180,-0.014551,0.126184,1.000000,0.078968,0.057821,-0.037526,0.036454,0.030235,0.256675,0.144883,-0.058338,0.087211,0.170550,-0.056665,0.059148,0.227152,0.298028,-0.006259,0.267949,-0.169378,0.237348,0.150352,0.082696,0.078050,0.086840,0.155457,0.190603,0.187437,-0.063393,0.178033,0.234536,-0.037795,0.224241,0.277959,0.192473,0.078126,0.197873,0.121939,0.070873,0.132716,0.035479,0.133807,0.194956,0.062539,0.319476,-0.029498,-0.017469,0.044539,0.275431,0.114823,-0.016467,0.069213,-0.031061,0.220959,0.054518,0.073970,0.248649,0.156854,0.258698,0.139545,0.216012,0.066679,0.060934,0.280605,0.041142,-0.014895,0.108505,0.023552,-0.003032,0.115465,0.133971,0.170473,0.134485,0.212062,0.074063,0.232466,-0.106933,0.074080,0.234476,0.137615,0.003229,0.051616,0.218054,0.260398,0.445058,0.058828,0.138512,0.010969,0.018386,0.116020,0.211014,0.157944,0.141336,-0.030681,0.181511,0.015823,0.251563,0.214440,0.272168,0.197836,0.119676,0.176049,0.107361,0.093672,0.135372,-0.009543,0.331083,0.045840,0.115198,-0.082671,0.142430,0.027476,0.140904,0.189238,0.122076,0.127542,0.024966,0.099071,0.218249,0.223704,0.085173,0.041968,0.217183,0.248222,0.205834,0.166622,0.099384,-0.247836,0.422146,0.004212,0.216095,0.114216,0.064664,0.145488,0.133956,0.182713,0.117877,0.153613,0.052705,0.012400,-0.016050,0.116929,0.289233,0.082642,0.134380,0.181602,0.216673,0.092231,-0.081514,0.113487,0.099484,0.123869,0.260371,0.036414,0.028840,0.071488,0.078649,0.300568,0.037786,0.123501,0.159748,0.085559,0.027882,-0.025593,-0.056436,0.142668,0.131377,0.152251,0.152848,-0.026346,0.078936,0.246469,0.104444,0.132020,0.003424,-0.044976,0.093402,-0.012940,0.008161,0.070328,0.291649,0.076459,0.077093,0.205694,0.260989,0.319895,0.078429,0.083344,0.174828,0.105718,0.153014,#
12,0.073977,0.062867,0.044625,0.152542,0.117918,0.214615,0.080581,-0.003266,0.170918,0.057059,-0.013099,0.078968,1.000000,-0.022810,0.165488,0.089748,0.345706,0.203935,0.167105,0.286897,0.117799,0.095475,0.106720,0.219851,0.023439,0.173388,0.207340,0.190751,0.037582,0.258152,-0.061433,0.220244,0.110445,0.104637,0.137869,0.294074,0.115117,-0.010517,0.146489,0.116016,0.154152,0.047537,0.193730,0.272300,0.261163,0.150335,0.231956,-0.104390,0.190878,0.074196,0.266211,0.085628,0.058139,0.237567,0.112653,0.217319,0.003377,0.123274,-0.013689,-0.136169,0.073280,0.233265,0.018215,0.192641,0.212682,0.223698,0.088585,0.141658,0.103490,0.086837,0.085282,0.156390,0.157714,0.048943,0.250485,0.238753,0.158387,-0.006747,0.179549,0.016223,0.231968,0.164830,-0.025838,0.048849,0.099787,0.177676,0.120665,0.280247,0.139098,-0.017965,0.079274,0.069997,0.083591,0.217141,0.212715,0.193972,0.316113,0.151999,0.063433,0.059686,0.090344,0.155182,0.153384,0.133084,0.227384,-0.006207,0.137511,0.063391,0.000453,0.075162,0.265352,0.059070,0.095331,0.123956,0.133900,0.022636,0.201207,-0.032426,0.114016,-0.028516,0.183907,0.192116,0.239250,0.164155,0.153723,-0.001627,0.224951,-0.025327,-0.024157,0.027092,0.198836,0.058654,0.104099,0.111182,0.135050,0.042138,0.189728,0.097451,0.240118,0.094269,0.166010,0.112699,0.129141,0.071434,-0.025297,0.209169,0.036217,0.227831,0.062828,0.059241,0.103736,0.199123,0.181144,0.122898,0.033127,0.240081,0.068389,-0.085421,0.022775,0.098099,0.038673,0.274087,0.190014,0.298682,0.162384,0.043708,0.323997,0.043680,0.052762,0.066430,0.168899,0.110908,0.111654,0.088090,0.195662,0.090255,0.222178,0.214716,0.082981,0.178192,0.173215,0.122900,0.254817,0.033515,0.121720,0.114626,0.191477,0.222782,0.037705,-0.040214,0.117949,0.024742,0.059735,0.134745,0.066255,0.077521,0.155357,0.214708,0.160544,0.061495,#
13,-0.016446,0.063008,0.198461,0.005727,0.027957,0.110964,0.122797,0.104885,0.089089,0.154629,0.119250,0.057821,-0.022810,1.000000,0.281313,0.024679,0.160205,-0.027462,0.118822,0.215997,0.122889,0.092003,-0.054300,0.083787,-0.026119,0.294872,0.269026,0.177170,0.084403,0.106822,0.102967,0.136982,0.139775,0.094441,0.181357,0.037049,-0.022016,0.057513,-0.047099,0.151633,-0.109161,0.167672,0.145934,0.113921,0.076176,0.115156,0.153617,0.106456,0.131219,0.038353,0.129687,0.130283,0.039991,0.223566,0.050664,0.233126,0.016256,0.143497,0.032606,0.185896,0.156763,0.032928,0.146321,0.051887,0.127121,0.079764,0.277141,0.168988,0.264999,0.102860,0.022543,0.044767,0.072506,-0.006919,0.219131,0.101282,0.217730,0.242204,0.218554,0.068077,0.153473,0.262498,0.028317,0.342400,0.225503,0.054059,0.144840,0.091337,0.149559,-0.030649,0.007044,0.051925,0.135510,0.256208,-0.024386,0.006984,0.181281,-0.012877,0.132848,0.246525,0.124943,0.255011,0.156370,0.196965,0.050598,0.119507,0.113104,0.151369,0.237786,0.159730,-0.063690,0.082944,0.328735,0.104353,0.285767,0.168210,0.223200,0.111532,-0.015582,0.172375,0.285887,0.221092,0.114567,0.131146,0.165422,-0.091044,-0.043138,-0.084438,0.150925,0.162647,0.062339,0.066082,0.069265,0.038076,0.263463,0.072380,0.086108,0.159479,0.244952,0.107025,-0.102381,0.097442,0.394901,0.243328,0.146100,0.241138,0.139511,0.212635,0.002036,0.070798,0.127546,0.066688,0.082226,0.281298,0.182756,0.248602,-0.020652,0.192822,0.195637,0.132751,0.003088,0.312624,0.062100,0.301188,0.108716,0.033149,0.045894,-0.062893,0.114190,0.109694,0.087606,0.250892,0.115074,0.075411,0.019627,0.085529,0.096206,0.092052,0.182327,-0.144681,0.118687,0.187500,0.128506,0.120680,0.162040,0.176616,0.238944,0.067692,-0.103555,0.176215,0.080853,0.127645,0.123931,0.122437,0.116012,0.084567,0.037968,0.031510,0.211504,0.132823,#
14,0.176696,-0.061632,-0.031364,0.128131,0.096436,0.152747,-0.023942,0.279226,0.318822,0.166133,0.131331,-0.037526,0.165488,0.281313,1.000000,0.256377,0.092511,0.098476,0.233949,0.326213,0.163686,0.007278,0.153205,0.243027,0.032663,0.003763,0.233655,0.234074,0.143796,0.154170,-0.093624,0.164588,0.071071,0.056232,0.204282,0.109922,0.046346,0.136058,0.071332,0.286088,0.072060,0.047993,0.177360,-0.010413,0.239396,0.256637,0.096571,0.033343,0.103782,0.196296,0.220482,0.041764,0.264724,0.303201,0.264214,0.264340,0.224679,0.047665,0.024124,0.100400,0.278757,0.152289,0.106238,0.026212,0.112800,0.015521,0.193093,0.097810,0.079830,0.217180,0.080188,0.043711,0.094882,0.214228,0.253897,0.133720,0.240396,0.169281,0.142212,0.136733,0.252090,0.173709,0.067377,0.197589,0.180001,0.165622,-0.023065,0.076235,0.097072,0.070185,0.128960,0.148779,0.212516,0.197181,0.213395,0.101220,0.181420,0.016896,-0.024647,0.047763,0.197568,0.262347,0.136346,0.229783,0.161767,0.024614,0.219537,0.197592,-0.060206,0.150436,-0.032317,-0.131384,0.056534,0.137571,0.191741,0.108509,0.105439,0.065692,0.150325,0.136880,0.360222,0.336386,-0.037967,0.055395,0.164487,0.076465,0.131784,0.152525,0.116380,0.314393,0.103242,0.047917,0.124799,0.029329,0.138030,0.110025,-0.044886,0.117927,0.027640,-0.025896,0.234131,0.197304,0.300651,0.094704,-0.012263,0.359944,0.153105,0.190166,-0.067101,0.138965,0.158508,0.110788,0.016030,0.220691,0.128214,0.219821,0.264657,0.106809,0.056555,0.149944,0.055008,0.135664,0.125755,0.168247,0.187952,0.027152,0.106288,-0.037062,0.098949,0.285370,0.185007,0.195494,0.209284,0.059103,0.090589,0.003081,0.260164,0.223697,0.219610,0.085712,0.122444,0.169549,0.099525,0.145965,0.087375,0.081299,0.134813,-0.136403,0.038135,0.255639,0.048069,-0.000934,0.077821,0.215569,0.145485,-0.007385,-0.084823,0.056493,0.268555,0.092115,#
15,0.203428,-0.039549,0.208443,0.070827,0.099904,0.002773,0.073722,0.122907,0.134584,0.185400,0.118816,0.036454,0.089748,0.024679,0.256377,1.000000,0.169049,0.200740,0.172422,0.182241,0.018880,0.048435,0.173565,0.209862,0.077301,0.255793,0.184264,0.088649,0.120973,0.141807,-0.032353,0.156473,0.095156,0.153304,0.092932,-0.001394,-0.008911,-0.069763,0.126034,0.030763,0.097085,0.133753,0.136790,0.097481,0.146772,0.112401,-0.115968,0.095280,-0.008313,0.235054,-0.066089,0.205856,0.144713,0.160238,0.117814,0.157418,0.104323,0.112222,0.142892,0.199650,0.116230,-0.068619,0.193364,-0.051444,0.080341,0.141244,0.074714,0.082777,0.082344,-0.034903,0.186237,0.084083,0.009246,0.063199,0.126616,0.078530,-0.031354,0.128651,0.014095,0.123925,0.251181,0.022125,-0.086074,0.262380,0.191008,0.099572,0.049799,0.185511,0.100226,0.181413,0.054130,0.107650,0.103589,0.110636,0.031737,0.080898,0.295543,-0.038228,0.060834,0.081417,0.176241,0.129517,-0.025722,0.106967,-0.027004,0.010629,0.128046,0.163530,0.039295,0.148562,-0.005232,0.201655,0.051858,-0.040549,0.075923,0.242367,-0.052930,-0.103292,0.003928,-0.052505,0.235376,0.226129,0.080535,0.122042,0.152431,0.040612,0.072467,0.226924,-0.001075,0.160886,0.007069,0.096195,0.025200,0.093269,0.099293,0.137466,-0.029855,0.032301,-0.011476,-0.096639,0.003203,0.221108,0.139659,0.004444,0.190938,0.091298,0.028712,0.177048,0.272600,0.064117,0.047286,-0.031170,0.090913,0.261536,-0.042095,0.268376,0.144005,0.076093,0.069869,0.090201,0.035540,0.043344,0.205013,0.108983,0.102696,0.220353,0.128082,0.060174,0.148048,0.041693,-0.028335,0.111769,0.105674,-0.077318,0.145752,0.007523,0.325216,0.076063,-0.101085,0.114444,0.207520,0.016480,0.126245,0.252870,-0.016175,0.074774,0.013890,0.110005,-0.038167,0.039161,-0.100234,0.058308,0.083763,0.059123,0.050260,0.046962,0.045365,0.105846,0.087577,-0.112356,#
16,0.160399,0.113605,0.031208,0.122720,0.009341,0.032040,0.037961,0.141692,-0.036274,-0.063336,0.067709,0.030235,0.345706,0.160205,0.092511,0.169049,1.000000,0.096965,0.094424,0.369454,0.118186,0.140080,0.023907,0.105226,-0.060422,0.205020,0.165622,-0.032389,0.024007,0.318799,0.024820,0.197687,-0.015965,0.244045,0.117275,0.173959,0.069976,-0.105319,0.148222,0.032055,-0.071993,0.074269,0.147162,0.187627,0.103815,0.302133,0.033197,0.038703,0.093123,0.081650,0.139461,0.075062,0.248561,0.199563,0.071306,0.085093,-0.004905,0.029459,0.034649,-0.100370,0.009783,0.320825,0.200772,0.166734,0.138322,0.028980,-0.001615,0.333854,0.058451,0.215252,-0.049686,0.151501,0.284705,-0.014192,0.037248,0.121704,0.036927,0.247651,0.134337,0.059920,0.091372,0.044186,-0.012479,0.222849,0.168609,0.114139,0.141343,0.124852,0.133775,0.010421,0.079266,0.156684,0.107902,0.047858,0.021529,0.048404,0.232969,-0.012293,0.008067,0.194766,-0.003439,0.021404,-0.084899,0.056804,0.071520,0.064822,0.150068,0.068401,0.037885,0.162824,0.111182,0.056284,0.080437,0.100228,0.203335,0.196470,0.010460,0.009951,-0.013310,0.218694,0.178565,0.179731,0.121267,0.167153,0.248615,-0.070859,0.144945,-0.072360,-0.031419,0.114515,0.085060,-0.064443,0.260704,-0.224602,0.266128,0.227799,-0.079756,0.265706,0.104076,0.191221,-0.037501,0.118514,0.071658,0.049556,0.192501,0.105888,0.026679,0.186491,0.265508,0.079803,-0.098909,0.269474,0.026726,0.068582,0.166564,0.171241,0.030646,0.083057,0.012262,0.116114,0.045566,0.234329,0.164939,0.205963,0.105562,0.061463,0.203373,0.023785,-0.037061,0.032974,0.025496,0.041636,0.038109,-0.008924,0.134872,0.156113,0.011153,0.083466,0.117323,0.006729,0.107619,0.126007,0.136892,-0.109550,0.022446,0.137610,0.201235,0.141578,0.050596,0.071568,0.263458,-0.097653,-0.124468,0.059691,0.111589,0.245410,-0.044559,0.123331,-0.037705,0.048041,#
17,0.184082,0.136863,0.059168,0.171127,0.152634,0.073490,0.049226,0.283979,0.163503,0.035730,0.128930,0.256675,0.203935,-0.027462,0.098476,0.200740,0.096965,1.000000,0.064595,0.178572,0.231747,0.009967,0.061741,0.219213,-0.049505,0.170087,0.138197,-0.003428,-0.005991,0.178300,0.122790,0.044551,0.247881,0.050003,0.084763,0.164693,-0.124797,0.035726,0.264088,0.087116,0.156328,0.082786,0.041027,0.193968,0.108149,0.223612,0.212306,0.015616,0.028118,0.063129,0.125927,0.084557,-0.021379,0.171622,0.113041,0.189794,0.217612,0.136269,0.036279,-0.039621,0.173942,0.126698,0.099350,0.038854,0.145569,0.207161,0.153292,0.212572,0.080918,0.153808,0.040540,0.249574,0.147926,-0.035059,0.081386,0.212152,-0.026004,0.040172,0.009588,0.224932,0.090246,0.106971,0.276593,0.101678,0.119498,-0.085502,0.190693,0.160971,0.099889,0.130947,0.099705,0.036755,0.204399,0.115989,-0.003492,0.153716,0.084994,0.170787,0.099965,0.123164,0.065542,-0.041908,-0.003719,0.176068,0.074650,0.142282,0.185917,0.120432,0.146146,-0.018538,0.090431,0.186575,0.025827,0.214317,0.101915,0.159841,-0.038679,-0.003393,-0.005721,0.113042,0.021497,0.220393,0.097486,0.168368,0.263055,0.040017,0.042276,0.130811,0.030933,0.069498,0.165604,0.107532,0.161667,0.085810,0.180554,0.200270,0.096823,0.256749,0.108389,0.152223,0.119772,0.154242,0.100373,0.143108,0.159883,0.258532,-0.001784,0.128296,0.008970,-0.001445,0.134560,-0.022494,-0.008503,0.166774,0.232824,0.284420,0.136793,0.066877,0.243293,0.122254,0.104751,0.200126,0.192901,0.202417,0.068047,0.189529,0.134275,0.146734,0.145441,-0.067895,0.170174,0.045078,0.040499,0.019074,0.169859,0.013404,0.218555,0.099701,-0.183069,0.226764,0.131649,0.171663,0.157263,0.084218,-0.034214,0.038336,0.083227,0.023234,0.113550,0.183026,0.127800,0.222079,0.102255,0.091361,0.253340,0.084339,0.017254,0.107054,-0.000874,0.089580,#
18,0.222299,-0.041080,0.072773,0.253641,0.147122,-0.052708,0.068625,-0.004534,0.114670,-0.092387,0.128026,0.144883,0.167105,0.118822,0.233949,0.172422,0.094424,0.064595,1.000000,0.060452,0.196542,0.106169,0.048347,0.273212,0.122628,0.103175,0.032039,0.272523,0.047880,0.046248,-0.006972,-0.021878,0.147057,0.093257,0.237215,0.210875,0.226261,0.049532,0.087858,0.337249,0.063709,0.179990,0.163575,0.079687,0.170992,0.047989,0.015893,0.019219,-0.001914,0.225263,0.170031,0.031432,0.163831,0.148777,0.138482,0.141892,0.103114,0.077605,-0.026777,-0.000331,0.079552,-0.062784,0.226785,0.063975,0.167137,0.086339,0.266054,0.135146,-0.068939,0.012770,-0.055222,0.019395,-0.004972,-0.051560,0.053332,0.124352,0.046773,0.110686,0.067272,0.028370,0.178593,-0.006428,0.057010,0.221977,0.138356,-0.054214,0.190197,0.057489,0.163996,0.096108,0.215843,-0.026495,0.024833,0.198697,0.057301,0.274373,0.279513,0.005319,0.094338,0.183864,0.083132,0.145960,0.113642,0.120198,0.267411,0.081028,0.137633,0.039345,0.062575,0.125740,0.180867,0.158737,0.153246,0.047169,0.063507,0.121279,0.025231,-0.201752,0.048492,0.161960,0.108490,0.147992,0.128767,-0.054547,0.109161,-0.070152,0.127463,0.128472,0.226606,0.089160,0.074760,0.216068,0.017643,0.159305,0.148348,-0.092346,-0.056212,0.197242,-0.032487,0.146229,0.130640,0.015758,0.147130,0.101008,0.091081,0.170358,0.019220,0.094459,-0.026721,0.010612,-0.054013,0.154134,0.044627,0.069410,0.082216,0.200841,0.215695,0.036267,-0.120800,0.318215,0.132634,0.157225,0.140936,0.132531,0.020313,0.183817,0.140136,0.035672,0.018099,0.212216,-0.124517,0.018019,0.173099,0.066039,-0.045497,0.242600,0.232606,0.112999,0.199488,-0.054339,0.073487,0.039111,0.176982,-0.002185,0.080947,-0.034475,0.268275,0.053389,0.037836,0.092326,0.031102,0.162772,0.203420,0.060624,0.153432,0.023644,0.024205,0.165046,0.223809,0.026999,#
19,0.237072,0.181938,0.136217,0.188287,0.312385,0.190486,0.020230,0.195893,0.176822,0.317463,0.213991,-0.058338,0.286897,0.215997,0.326213,0.182241,0.369454,0.178572,0.060452,1.000000,0.208183,0.001899,0.175747,0.197038,0.024150,0.365707,0.267643,0.127419,0.086486,0.271401,0.184118,0.238804,0.138505,0.138428,0.124907,0.257530,0.042028,-0.110051,0.309642,0.141128,0.146551,0.242497,0.078623,0.063973,0.132691,0.318405,0.300378,0.267725,0.138736,0.285300,0.252542,0.175639,0.101943,0.323402,0.210736,0.353978,0.224201,0.129753,0.165237,0.102821,0.210861,0.318842,0.246486,0.239206,0.321097,0.058129,0.170652,0.226151,0.050599,0.247754,0.210671,0.166340,0.203179,0.058494,0.258493,0.400055,0.137880,0.314421,0.477762,0.147884,0.297383,0.268948,0.191136,0.206099,0.346518,0.100411,0.168426,0.286943,0.205689,-0.003048,0.082735,0.183677,0.251992,0.114563,0.088066,0.299657,0.245885,0.194324,-0.016621,0.089866,0.141029,0.154365,0.244285,0.225856,0.286134,0.304422,0.214297,0.401985,0.119947,0.071227,0.135558,0.151666,0.164689,0.206906,0.268829,0.186220,0.222177,0.258659,0.192815,-0.059206,0.366744,0.360275,0.248884,0.333681,0.360705,0.098530,0.314171,0.158137,0.063083,0.290439,0.112109,-0.027746,0.234890,0.144845,0.299734,0.204481,0.090099,0.392546,0.140677,0.075390,0.112356,0.292553,0.237877,0.070067,0.144718,0.211004,0.084614,0.288610,0.234715,0.045939,0.144283,0.261125,0.179006,0.314358,0.272640,0.185811,0.240179,0.018588,0.160333,0.131647,0.302437,0.209312,0.224280,0.246128,0.248619,0.184201,0.120251,0.130179,0.294216,0.103584,0.172715,0.241614,0.332446,0.200809,0.152673,0.173623,0.325118,0.214353,0.139500,0.018263,0.013980,0.200763,0.313289,0.189314,0.182723,0.201543,0.158735,0.175102,0.180807,0.172813,0.335771,0.227718,-0.082918,0.131671,0.266815,0.219361,0.044559,0.184591,0.236582,0.312111,#
20,0.064972,0.028287,0.221360,0.153333,0.348318,0.047012,0.132263,0.114319,0.081501,0.046098,0.016407,0.087211,0.117799,0.122889,0.163686,0.018880,0.118186,0.231747,0.196542,0.208183,1.000000,0.130982,0.099577,0.141481,0.186664,0.293168,0.106406,0.031477,0.069398,0.108272,0.015487,-0.067291,0.052522,0.097203,0.060494,0.079089,0.162131,0.022999,0.170348,0.177518,0.145348,0.262632,0.013272,-0.043435,0.287025,0.119674,0.309912,0.022783,0.042665,0.085153,-0.062091,0.090013,0.038088,0.234415,0.187013,0.150332,0.182678,0.134823,0.100337,-0.101530,0.193480,0.171756,0.172165,0.114560,0.083917,-0.012795,0.063584,0.209377,0.166249,0.209117,0.216250,0.294276,0.154661,0.030231,0.006843,-0.074068,0.087085,0.259936,0.226464,0.007034,0.201681,0.097978,0.177339,0.021339,0.193871,0.102356,0.144390,0.123694,0.253058,0.003834,0.178205,0.115632,0.144280,0.184821,0.164603,0.061098,0.160234,0.192782,0.096361,-0.012844,0.200896,0.075731,0.116566,0.095172,0.165697,0.119842,0.086309,0.114895,0.062482,0.201873,0.137420,0.255932,0.054492,0.100941,0.076088,0.255819,0.204929,0.030727,-0.051404,0.253153,0.054803,0.225342,0.009829,-0.028373,0.086085,-0.019775,0.151819,0.113668,0.205632,0.132234,0.185330,0.068778,0.140865,0.083799,0.240638,0.065023,0.168499,0.124789,0.131080,0.056382,0.180732,0.132850,0.210111,0.173982,0.198354,0.171614,-0.032872,0.225646,0.175720,0.133992,0.194885,0.068680,-0.039060,0.174050,0.149619,0.098355,0.173752,-0.032230,0.035200,0.295106,0.152880,0.201201,0.231068,0.241116,0.155091,0.065760,-0.050266,0.181104,0.087602,0.015865,0.112921,0.019912,0.016802,0.037936,0.068328,0.123408,0.065711,0.074648,0.225012,0.115539,0.055505,0.117250,-0.026651,0.082312,0.146356,-0.131174,0.191523,0.115673,0.081376,0.370865,-0.015215,0.129749,0.044012,0.153742,0.190846,0.152700,0.012272,0.242814,0.198052,0.169394,#
