0,1.000000,0.126310,0.260822,0.159122,0.241921,0.108204,0.098729,0.023533,0.146515,0.205417,0.240550,0.059666,0.120775,-0.000705,0.245648,0.123881,0.142496,0.310100,0.259222,0.311676,0.281059,0.243721,0.170803,0.330516,0.247540,0.186379,0.212946,0.104565,0.309992,0.322349,0.034526,0.193120,0.186270,0.202146,-0.009198,0.161526,0.077306,0.196826,0.346553,0.226749,0.184533,0.157417,0.120570,0.188243,0.006477,0.178369,0.169973,0.260754,0.211149,0.278574,0.188847,0.001508,0.162122,0.138819,0.208427,0.264994,0.220483,0.246126,0.119327,0.110197,0.254774,0.102787,0.146673,0.097554,0.067059,0.136835,0.103502,0.180329,0.227333,0.134952,0.301729,0.171428,0.337401,0.230131,0.126100,0.023485,0.237662,0.229986,0.062954,0.042419,0.133395,0.149861,0.163586,0.247759,0.291748,0.053428,0.220491,0.223511,0.335449,0.118678,0.185353,0.103382,0.079908,0.223471,0.292736,0.141943,0.311989,0.156365,0.192166,0.207785,0.225810,0.253918,0.122530,0.191366,0.158470,0.174299,0.268676,0.157521,0.084502,-0.028517,0.050660,0.179777,0.169553,0.237500,0.054452,0.076569,0.292596,0.193670,0.229907,0.118872,0.332973,0.207147,0.199256,0.190896,0.173934,0.295128,0.214841,0.047486,0.140060,0.178853,0.313071,0.231011,0.296010,0.214691,0.185954,0.022868,0.331692,0.037785,0.196254,0.301159,0.288990,0.147755,0.112991,0.100828,0.189457,0.206228,0.167109,0.156311,0.317419,0.152185,0.047150,0.071357,0.316052,0.115175,0.127995,0.176347,0.060849,0.096926,0.197426,0.224004,0.165853,0.289182,0.085328,0.033728,0.247432,0.076799,0.168001,0.217280,0.122343,0.123501,0.399511,-0.033919,0.228230,0.232884,0.052723,0.216676,0.333511,0.275298,0.210668,0.103152,0.203447,0.270257,0.027807,0.022501,0.180222,0.071805,0.355896,0.330891,0.270050,0.133716,0.129559,0.191227,0.135898,0.117391,0.315375,0.006318,0.076194,0.227114,0.402159,0.263646,#
1,0.126310,1.000000,0.141199,0.286318,0.245554,0.095907,0.254980,0.100801,0.264290,0.068778,0.360896,0.237281,0.202159,0.228558,0.130956,-0.012006,0.167639,0.205183,0.135826,0.187250,0.168070,0.253492,0.047120,0.168198,0.207779,0.218167,0.302029,0.297568,0.086413,0.239716,0.206496,0.260933,0.141582,0.239281,-0.034854,0.144022,0.129180,0.197613,0.332182,0.148343,0.027689,0.143937,0.239302,0.225816,0.187371,0.259340,0.380423,0.279748,0.054917,0.089793,0.216732,0.099558,0.341234,0.169337,0.107514,0.197829,0.248700,0.158454,0.238191,0.161078,0.196257,0.232774,0.193807,0.163322,0.080082,0.181091,-0.013531,0.180816,0.295575,0.198914,0.119714,0.105943,0.333170,0.066666,0.199083,0.123773,0.245465,0.209493,0.264577,0.067013,0.119189,0.363543,0.213782,0.244857,0.201207,-0.076933,0.247399,0.120989,0.305314,0.327812,0.187278,0.261647,0.118328,0.245435,0.133221,0.163892,0.130309,0.111653,0.112263,0.066782,0.239592,0.146200,0.163501,0.185573,0.155189,0.162859,0.323334,0.342170,0.059743,0.251806,0.282674,0.145364,0.080790,0.163643,0.277596,0.292436,0.284184,0.126284,0.193606,0.217054,0.104406,0.152793,0.241188,0.222983,0.184002,0.220128,0.127835,0.140742,0.072802,0.172330,0.188274,0.196039,0.145634,0.279407,0.347452,0.301939,0.179915,0.220540,0.212321,0.317475,0.232332,0.053426,0.229861,0.127981,0.240948,0.239678,0.132734,0.088267,0.244913,0.207049,0.037997,0.168961,0.080835,-0.039811,0.285563,0.212228,0.154685,0.126459,0.079320,0.027977,0.036156,0.334402,0.163448,0.195107,0.266092,0.122983,0.075226,0.132807,0.164270,0.352153,0.219985,0.195525,0.143440,0.145032,0.133333,0.125607,0.056929,0.323783,0.259084,0.090645,0.130346,0.173158,0.183790,0.028184,0.192963,0.151019,0.160634,0.240134,0.080890,0.216579,0.348834,0.174790,0.035542,0.222088,0.237239,0.265851,-0.012776,0.168592,0.111980,0.119479,#
2,0.260822,0.141199,1.000000,0.300444,0.167027,0.066468,0.203505,0.188187,0.046503,0.147580,0.180413,0.313052,0.178156,0.286856,0.077640,0.246882,0.180791,0.112929,0.255660,0.223212,0.304505,0.357088,0.038697,0.193628,0.267152,0.323163,0.247551,0.133723,0.072258,0.302580,0.058600,0.056885,0.064776,0.149908,0.005156,0.218750,0.139110,0.066309,0.126214,0.174353,0.246870,0.260899,0.273014,0.098815,0.031005,0.246689,0.092437,0.254078,0.072731,0.207143,0.354605,0.302450,0.283611,0.128422,-0.010584,0.205807,0.109120,0.182110,0.128593,0.229182,0.075110,0.185114,0.210836,0.212076,0.251086,0.239898,0.123155,0.043447,0.263228,0.314471,0.044694,0.100936,0.148025,0.151989,0.267856,0.206688,0.213489,0.268903,0.126271,0.046368,0.303427,0.098456,0.066895,0.205241,0.203247,0.005383,0.327201,0.235916,0.135280,0.196213,0.058272,0.224646,0.199158,0.174405,0.217833,0.160946,0.276375,0.105771,0.267597,0.160161,0.265987,0.182424,0.162838,0.162242,0.120390,0.173725,0.229174,0.148898,0.146502,0.231032,0.130333,0.217236,0.223461,0.157610,0.188442,0.270438,0.222271,0.202321,-0.003325,0.084932,0.200999,0.249525,0.145575,0.154273,0.228514,0.118653,0.299595,0.228858,0.139007,0.120351,0.194975,0.200306,0.205247,0.142303,0.338225,0.295318,0.243308,0.218828,0.050242,0.110388,0.010884,0.105574,0.262437,0.098180,0.282489,0.274727,0.047149,0.140390,0.304474,0.088047,0.092249,0.295768,0.220967,0.161820,0.074479,0.098941,0.058891,0.092260,0.151530,0.206203,0.244557,0.335852,0.159636,0.296321,0.186486,0.088588,0.178946,0.190146,0.026199,0.159392,0.066941,0.270862,0.068298,0.109303,0.173624,0.153517,0.350566,0.191125,0.138813,0.270741,0.279733,0.119033,-0.017106,0.316836,0.011115,0.161119,0.123349,0.169347,0.238890,0.029792,0.124658,0.232506,0.345845,0.076615,0.193033,0.070992,0.057202,0.186916,0.271348,0.205237,#
3,0.159122,0.286318,0.300444,1.000000,0.319525,0.150173,0.313372,0.159840,0.228439,0.137826,0.311122,0.271817,0.192458,0.200203,0.174937,0.184644,0.199912,0.309320,0.248807,0.244923,0.325936,0.251767,0.097185,0.363426,0.269269,0.254624,0.238365,0.189392,0.279070,0.225190,0.253918,0.357791,0.346449,0.268003,0.011798,0.264168,0.365090,0.401964,0.374994,0.144048,0.308904,0.357269,0.220817,0.432057,0.130436,0.326488,0.355600,0.305890,0.079183,0.306719,0.311797,0.188300,0.358386,0.081296,0.110301,0.375689,0.230883,0.229686,0.164995,0.286981,0.207410,0.139655,0.211224,0.242484,0.291375,0.306549,0.180194,0.292120,0.183884,0.242900,0.235236,0.135093,0.370286,0.183760,0.294588,0.431089,0.339466,0.270915,0.301878,0.054977,0.319384,0.351792,0.197718,0.281945,0.316792,0.171787,0.271612,0.159939,0.333426,0.287209,0.203495,0.258974,0.277699,0.380036,0.177756,0.286931,0.397691,0.164785,0.313827,0.268385,0.342146,0.180128,0.288100,0.291695,0.342021,0.250524,0.230836,0.173699,0.097519,0.268484,0.163573,0.211956,0.225819,0.219058,0.126267,0.177962,0.379217,0.112058,0.242177,0.230155,0.327244,0.194938,0.212316,0.425896,0.249856,0.167527,0.277383,0.192936,0.139102,0.279677,0.316420,0.316470,0.326991,0.331932,0.335465,0.198462,0.213688,0.211082,0.406623,0.253192,0.280060,0.295910,0.269863,0.221968,0.214832,0.159656,0.187812,0.325679,0.259060,0.275250,0.127522,0.245085,0.161413,0.216209,0.299583,0.150266,0.087452,0.211893,0.212414,0.331972,0.299153,0.300168,0.346562,0.382167,0.226639,0.218904,0.223937,0.221971,0.101696,0.228282,0.315188,0.178891,0.130635,0.059384,0.109732,0.247166,0.271532,0.322905,0.175975,0.186243,0.270760,0.350303,0.295973,0.210491,0.059998,0.200366,0.167448,0.242050,0.118349,0.200461,0.151143,0.349598,0.376421,0.100364,0.211145,0.314071,0.265404,0.286290,0.271475,0.210620,#
4,0.241921,0.245554,0.167027,0.319525,1.000000,0.113740,0.083152,0.037273,0.274616,0.024955,0.170132,0.004583,0.290554,0.243707,0.175396,0.161972,0.121740,0.221967,0.270377,0.374094,0.290211,0.114742,0.145916,0.276371,0.115530,0.341985,0.078727,0.085818,0.189867,0.036364,-0.018899,0.141663,0.220803,0.128137,0.031038,0.222888,0.276485,0.194096,0.078012,0.128599,0.291775,0.396499,0.142803,0.089020,0.350068,0.121162,0.362138,0.227314,0.189613,0.309233,0.120811,0.074388,0.203583,0.156056,0.237772,0.332635,0.252165,0.151193,0.278969,0.124699,0.289194,0.248649,0.000845,0.079094,0.112188,0.031723,0.283210,0.122728,0.180086,0.090582,0.138418,0.180212,0.258818,0.142433,0.122222,0.034056,0.131859,0.278863,0.218122,-0.064392,0.324458,0.257739,0.018769,0.121763,0.360495,0.113209,0.159385,0.196615,0.318159,0.349402,0.174291,0.142529,0.053205,0.251460,0.095205,0.294891,0.216428,0.243606,0.196273,0.092912,0.177492,0.015887,0.231381,0.260278,0.215183,0.096331,0.054636,0.237585,0.017754,0.165064,0.327578,0.099666,0.298991,0.428625,0.226967,0.028649,0.225213,-0.060371,0.129935,-0.031040,0.244677,0.167939,0.232601,0.094350,0.320868,0.139458,0.282108,0.123972,0.126718,0.075169,0.210939,0.105049,0.213124,0.182107,0.300118,0.200463,0.277853,-0.006849,0.193999,0.254497,0.328722,-0.009136,0.213426,0.139850,0.186455,0.338278,0.068992,0.142600,0.242455,0.121781,0.156113,0.090444,0.146282,0.291368,0.152104,0.105123,0.287018,0.104472,0.123015,0.224768,0.161976,0.147555,0.073239,0.273139,0.097313,0.317388,0.090596,0.067744,0.028687,0.152664,0.175514,0.122012,0.145094,0.170562,0.215921,0.149720,0.266728,0.222270,0.181895,0.074385,0.026274,0.044786,0.234819,0.147171,0.114859,0.080557,0.149297,0.348278,0.126267,0.130162,0.180619,0.170867,0.182233,0.061944,0.091159,0.255598,0.154529,0.304431,0.221934,0.234543,#
5,0.108204,0.095907,0.066468,0.150173,0.113740,1.000000,0.104831,-0.000707,0.095421,0.235942,0.138032,0.031275,0.211185,0.031869,0.197980,0.049571,0.140044,0.170183,0.113243,-0.018925,0.261069,0.115055,0.107471,0.271133,0.180817,0.138305,0.150738,0.115287,0.165891,0.143421,0.001468,0.237815,0.224897,0.169583,-0.035436,-0.005216,0.234075,0.012165,0.127371,0.208186,0.107895,0.274594,-0.003163,0.243425,-0.019782,0.152077,0.028886,0.020237,0.109340,0.272007,0.102480,0.128847,0.105825,-0.136463,0.075268,0.112996,-0.047907,0.136587,0.254563,-0.011986,0.112884,0.119039,0.092482,-0.006881,0.144461,0.135382,0.163118,0.033217,0.113448,0.055540,0.177900,0.150883,0.174781,0.246216,0.125410,0.092161,0.182183,0.075000,0.039919,0.085625,0.031265,0.186006,0.228738,-0.012493,0.047484,0.053662,-0.017009,0.084896,0.206196,0.112032,0.014428,0.215295,0.023248,0.173297,0.093683,0.070790,0.046804,-0.003029,0.181863,-0.090123,0.153636,0.228297,0.060456,0.103690,0.084030,0.058322,0.071571,0.174276,0.060154,0.013878,0.233414,0.027672,0.182690,0.091594,0.072679,0.027006,0.202284,0.208644,0.089108,0.076082,0.039835,0.092211,0.042250,0.109915,0.067034,0.064401,-0.075504,-0.020456,0.342714,0.218755,0.144675,0.178168,0.198745,0.125476,0.306167,0.189702,0.063619,0.004625,0.046339,0.035368,0.190008,0.091380,0.092253,0.133920,0.005468,0.047988,0.064839,0.099847,-0.108677,0.124977,0.125207,-0.053784,0.143293,0.239940,0.108648,0.129848,0.158827,-0.006673,0.277439,0.025165,0.113055,0.164406,0.103372,0.022075,0.060667,-0.069058,0.025439,0.105899,0.196251,0.220644,0.156450,0.139950,0.124734,0.079059,-0.077135,0.145804,0.215940,0.173782,0.227337,-0.029285,0.113311,0.091203,0.222612,0.059521,0.102911,0.177929,0.187374,0.090693,0.060558,0.137961,0.088916,0.056701,0.167568,0.101133,0.297574,0.045017,-0.023790,0.278812,0.058300,0.199678,#
6,0.098729,0.254980,0.203505,0.313372,0.083152,0.104831,1.000000,0.079190,0.176960,0.026057,0.213263,0.126147,-0.026678,0.204153,0.070296,0.102892,0.172316,0.154338,0.189594,0.148755,0.155702,0.136890,-0.094312,-0.004549,-0.012257,0.158285,0.107330,0.055630,0.135948,0.149525,0.003364,0.219992,0.107973,0.178419,-0.116970,-0.002974,0.033142,0.196830,0.167918,0.186829,0.075226,0.001659,-0.019649,0.177850,0.020365,0.136347,0.242005,0.293225,0.069019,0.187399,0.098312,0.101187,0.279188,0.200847,-0.083632,0.136745,0.096592,0.197404,0.227411,0.302706,0.151232,0.168400,0.027065,0.181380,0.054614,0.346016,0.176437,0.184744,0.242769,0.133785,0.068135,0.126546,0.231791,0.085021,0.212719,0.165568,0.123889,0.263644,0.234056,0.010965,0.104536,0.224116,0.266366,0.105014,0.251977,0.100012,0.076783,0.182192,0.182641,0.213084,0.148213,0.068357,0.003233,0.191840,0.124701,0.134485,0.144002,0.065405,0.224082,0.195542,0.273950,0.257669,0.139578,0.057611,-0.135197,0.205228,0.098223,0.131664,0.083641,0.192236,0.114211,0.186412,0.130168,-0.006797,0.106268,0.205786,0.287210,0.052330,0.204688,0.146962,0.133122,0.230125,-0.015501,0.102607,0.186620,0.042560,-0.029694,0.229843,0.068414,0.256267,0.159632,0.031875,0.185592,0.047146,0.305142,0.204369,0.128651,0.237124,0.129010,0.118904,0.092020,-0.038570,0.072012,0.296200,0.015854,0.158195,0.131132,0.005173,0.193271,-0.052555,0.178198,-0.017484,0.172811,0.026723,0.248461,0.066694,-0.047637,0.182725,0.199493,0.096449,0.054682,0.264600,0.209131,0.245876,0.253255,0.116025,0.053510,0.161666,0.122259,0.219042,-0.008632,-0.013552,0.132975,0.041620,0.073541,0.172705,0.102860,0.264299,0.273006,-0.035958,-0.008699,0.100855,0.146811,0.341105,0.241056,0.169686,0.119134,0.217645,0.152413,0.266466,0.096678,0.114974,0.176191,0.188982,0.036441,0.113665,0.114519,0.165862,0.074050,0.209454,#
7,0.023533,0.100801,0.188187,0.159840,0.037273,-0.000707,0.079190,1.000000,0.117736,0.228935,0.228926,0.350911,0.052608,0.200812,0.214863,0.167639,0.125969,0.344832,0.173024,0.199528,0.265773,0.249659,0.119800,0.079893,0.249584,0.086769,0.287090,0.339996,0.115885,0.166886,0.178221,0.155822,0.196761,0.131540,0.043067,0.188305,-0.016711,0.094694,0.154913,0.145512,0.178662,0.238196,0.193347,0.141119,0.129080,0.262310,0.089306,0.258006,0.265204,0.157423,0.154125,0.089120,0.187209,0.188583,0.069440,0.113144,0.235856,0.217849,0.140985,0.141060,0.188342,0.062482,0.228488,0.249638,0.301341,0.197309,0.198530,0.090135,0.150092,0.272424,0.149237,0.043592,0.345402,0.179381,0.093200,0.252416,0.161253,0.260818,0.182359,0.322446,0.163452,0.116383,0.288489,0.192016,0.222794,0.076727,0.174413,-0.007275,0.265270,0.272123,0.133797,0.174243,0.219484,0.207816,0.069264,0.071345,0.143293,0.202416,0.053744,0.025660,0.234537,0.086846,0.224768,0.128916,-0.008776,0.259132,0.396179,0.082370,0.101353,0.203892,0.025430,0.068414,0.068182,0.198449,0.275692,0.258522,0.073863,0.055693,0.176950,0.278738,0.233332,0.215220,0.078035,0.193544,0.248560,0.145702,0.123739,0.237556,0.069420,0.099779,0.094968,0.216091,0.211667,0.152816,0.374048,0.173208,0.069760,0.449610,0.137226,0.296717,0.344257,0.111913,-0.004426,0.083052,0.161600,0.078198,0.240190,0.191380,0.094138,0.164622,0.138957,0.268105,0.077393,-0.005516,0.081452,0.244027,0.231604,0.183334,0.233837,0.240010,0.115031,0.216629,0.159683,0.129627,0.104321,0.210417,0.333364,0.186788,0.171651,0.178497,0.109867,0.117207,0.125979,0.120863,0.147347,0.097839,0.112842,0.111414,0.094413,0.186802,0.157018,0.178646,0.159307,0.198755,-0.160483,0.161005,0.111622,0.092943,0.138711,0.256673,0.217244,0.129435,0.295239,0.147017,0.127380,0.212706,0.046668,0.115345,0.244245,0.099114,#
8,0.146515,0.264290,0.046503,0.228439,0.274616,0.095421,0.176960,0.117736,1.000000,0.068312,0.268315,0.152588,0.171960,0.186800,0.278522,0.046174,0.039404,0.104755,0.113462,0.182824,0.210226,0.125811,-0.009453,0.238209,0.108253,0.146230,0.112235,0.188672,0.032026,0.089856,-0.055391,0.257324,0.119577,0.115903,-0.011298,0.160755,0.252816,0.085369,0.134972,0.171837,0.113531,0.146723,0.003274,0.102075,0.299293,0.204071,0.134084,0.168576,0.073913,0.127312,0.015501,0.209860,0.121675,0.333573,0.124754,0.215309,0.076578,0.234418,0.124036,0.216308,0.222412,0.056716,0.212803,0.010681,0.201752,0.250105,0.165249,0.127001,0.360841,0.137189,0.019507,0.101670,0.285858,-0.012692,0.087431,0.054495,0.097883,0.122479,0.117437,-0.028528,0.135909,0.270034,0.205322,0.087121,0.298191,0.130780,0.119364,0.150625,0.266861,0.297072,0.121486,0.254868,0.143858,0.072210,0.306598,0.329016,0.151592,0.160250,0.195906,-0.017380,0.203874,0.020377,0.114473,0.148541,0.247058,0.150117,0.245661,0.113905,-0.066290,0.194728,0.067347,0.112094,-0.050642,0.229295,0.059310,0.262518,0.196573,0.083999,0.075388,0.228409,0.268330,0.062283,0.118596,0.087514,0.219650,0.283312,0.096830,0.269906,0.039537,0.148635,0.140362,0.023567,0.145270,0.143685,0.289620,0.152566,0.147140,0.172521,0.332132,0.194738,0.309658,0.095047,0.108132,0.014049,0.032638,0.057629,0.123676,0.219219,0.046999,0.172718,0.220088,0.025560,0.138216,0.149181,0.292759,0.252397,0.146063,0.183767,0.130985,0.242849,-0.004119,0.174693,0.005758,0.155094,0.169221,0.113744,0.209993,0.125709,0.094147,0.105292,0.215214,0.034253,0.000127,0.117057,0.051285,0.132875,0.080518,0.264563,0.277934,0.054767,0.119532,0.155857,-0.001121,0.167936,0.087722,0.130112,-0.032428,0.026278,0.222830,0.240205,0.140693,0.118506,0.172824,0.053165,0.165565,0.057996,0.119729,-0.087608,0.045613,0.094555,#
9,0.205417,0.068778,0.147580,0.137826,0.024955,0.235942,0.026057,0.228935,0.068312,1.000000,0.263582,0.080872,0.047938,0.156551,0.184070,0.129406,0.100453,0.062647,-0.004322,0.248031,0.143816,0.068517,0.096345,0.056364,0.049596,0.112452,0.317712,0.129167,0.172875,0.034381,0.245512,0.258698,0.081797,0.171737,0.163889,0.131861,0.030783,0.193564,0.080532,0.068237,0.214306,0.304716,0.059848,-0.068605,0.057248,0.244097,0.079562,0.155636,0.044765,0.070740,0.119992,0.241578,0.174903,0.074716,0.108885,0.128663,0.196278,0.196155,0.120285,0.001669,0.176690,0.088499,0.251422,0.109119,0.234670,0.157745,-0.017609,-0.001972,0.164732,-0.025291,0.167429,0.142307,0.195985,0.109467,0.209566,0.222155,0.165973,0.149688,0.302328,0.132667,-0.011119,0.292345,0.004671,0.152136,0.196597,0.242030,0.236323,0.085962,-0.001350,0.060407,-0.020920,0.207209,0.121054,0.053849,0.135494,0.116394,0.242866,0.105803,0.096806,-0.010097,0.139395,0.263379,0.262813,0.142655,0.224817,0.167060,0.133637,0.082401,0.130737,0.087203,0.046400,0.084519,0.110160,0.242599,0.074816,0.203269,0.178876,0.213212,0.310025,-0.004001,0.261913,0.185908,0.079448,0.250363,0.123526,0.246817,-0.067097,0.153949,0.110441,0.156761,0.162122,0.109232,0.046070,0.157216,0.195867,0.134593,0.189514,0.272720,0.185784,0.042711,0.120666,0.269358,0.082668,-0.012033,0.037695,0.020291,0.144194,0.159312,0.102262,0.338046,0.081962,-0.025717,0.332104,0.194839,0.108931,0.258657,0.197235,0.172719,0.374149,0.089850,0.152431,0.091900,-0.027106,0.244979,0.106088,0.059774,0.127459,0.186304,0.360289,0.082596,0.082979,0.170334,0.171077,0.110379,-0.053492,0.129103,0.272068,0.025189,0.082011,0.121507,0.041966,0.146974,0.250575,0.116407,0.030165,0.202927,0.171724,0.250965,0.195175,0.150066,0.151259,0.200120,0.063925,0.153037,0.154036,0.121187,0.096944,0.025200,0.196214,0.218597,#
10,0.240550,0.360896,0.180413,0.311122,0.170132,0.138032,0.213263,0.228926,0.268315,0.263582,1.000000,0.077781,0.069609,0.266901,0.270863,0.044335,0.174551,0.251528,0.336349,0.280707,0.096910,0.165822,-0.057302,0.163113,0.154571,0.093553,0.242068,0.240185,0.175699,0.226085,0.220598,0.281846,0.256782,0.151725,0.085736,0.200988,0.075596,0.233638,0.343860,0.184527,0.126833,0.183594,0.194108,0.057288,-0.063274,0.186649,0.198833,0.260948,0.245342,0.205777,0.176213,0.232249,0.133772,0.154845,0.092263,0.276277,0.122387,0.194268,0.193865,0.220366,0.102649,0.232716,0.168891,0.291891,0.309739,0.311912,0.165859,0.080735,0.220904,0.150616,0.168730,0.149568,0.299779,0.168867,0.144578,0.261322,0.267505,0.079471,0.175321,0.065829,0.079791,0.242109,0.285968,0.235836,0.287123,0.028928,0.291735,0.101181,0.203084,0.297501,0.036319,0.089130,0.196637,0.091495,0.226516,0.290622,0.253774,0.032479,0.227531,0.118865,0.152004,0.152841,0.230354,0.137855,0.259933,0.109848,0.215653,0.261052,0.115411,0.164144,0.024706,0.230804,0.142577,0.155534,0.379013,0.303256,0.193527,0.041967,0.238200,0.039248,0.108366,0.166016,0.130381,0.194000,0.224447,0.166276,0.056203,0.205263,0.112703,0.277690,0.357942,0.146746,0.219991,0.134652,0.274125,0.288104,0.191168,0.336872,0.155055,0.207751,0.332049,0.095931,0.234852,0.117523,0.095797,0.161539,0.008041,0.111872,0.151305,0.183043,0.112844,0.203837,0.288443,0.076109,0.269484,0.234956,0.252323,0.039602,0.298503,0.205340,0.171053,0.198770,0.276006,0.201806,0.196675,0.141850,0.233603,0.206736,0.172279,0.167777,0.222143,0.146714,0.064032,0.157599,0.115821,0.059260,0.187879,0.210847,0.222701,0.230885,0.248044,0.141841,0.279974,0.073948,0.124807,0.198546,0.130988,0.127862,0.172016,0.167279,0.272938,0.188112,0.138718,0.135955,0.274261,0.175141,0.053791,0.230752,0.308854,0.340331,#
11,0.059666,0.237281,0.313052,0.271817,0.004583,0.031275,0.126147,0.350911,0.152588,0.080872,0.077781,1.000000,0.188805,0.089386,-0.040551,0.129344,0.136305,0.235958,0.150730,-0.016404,0.103369,0.227325,-0.026515,0.147064,0.285867,0.211149,0.051166,0.296350,-0.134017,0.226499,0.209410,0.215893,0.110303,0.226968,-0.035385,0.173992,0.155384,0.073320,0.140336,0.083232,0.170751,0.256206,0.240536,0.371302,-0.007137,0.298067,0.094735,0.150629,0.143778,0.020180,0.278172,0.105961,0.255005,0.237217,-0.132246,0.096518,0.264960,0.174622,0.170086,0.071140,0.023741,0.105272,0.255367,0.182586,0.218893,0.301837,0.135460,0.198087,0.131511,0.205805,0.001215,-0.034041,0.292575,0.056183,0.113629,0.197102,0.154480,0.138575,0.196918,0.174352,0.234735,0.000854,0.125776,0.215358,0.224290,-0.033239,0.227875,0.269464,0.265525,0.111277,0.168590,0.200424,0.284108,0.402287,0.073244,0.121171,0.078905,0.119406,0.170017,0.207591,0.272144,0.096999,0.138975,0.113178,0.123891,0.280630,0.325511,0.172319,0.170342,0.127615,0.215598,0.126405,0.146613,0.154070,-0.090678,0.377342,0.179313,0.081978,0.122873,0.168095,0.172788,0.217084,0.303397,0.165435,0.232464,0.118864,0.190407,0.316709,0.159614,0.160017,0.082161,0.261969,0.211600,0.277909,0.164503,0.054806,-0.045914,0.299704,0.011570,0.266205,0.094671,0.104659,0.115939,0.101243,0.088627,0.046145,0.146427,0.102295,0.194135,0.105874,-0.011553,0.274261,0.125870,0.078670,0.193186,0.099084,0.057878,0.045522,0.183232,0.294257,0.135706,0.261135,0.016446,0.135672,0.191874,0.064695,0.371981,0.167492,0.279891,0.199351,0.214967,0.039723,0.082440,0.019054,0.095329,0.250614,0.339476,0.135539,0.091572,0.066211,0.191097,0.165129,0.064996,0.082732,-0.174278,0.256709,0.134539,0.124380,0.064011,0.125116,0.127090,0.057613,0.325715,-0.040319,0.242661,0.129269,0.078319,0.132240,0.144815,0.137467,#
12,0.120775,0.202159,0.178156,0.192458,0.290554,0.211185,-0.026678,0.052608,0.171960,0.047938,0.069609,0.188805,1.000000,0.068098,0.197800,0.076106,0.229934,0.070057,0.251314,0.337843,0.265775,0.069630,0.150800,0.221949,0.120907,0.191197,0.164855,0.163356,0.170952,0.282158,-0.073934,0.276624,0.247862,0.196562,0.135801,0.268976,0.276874,0.014410,0.209319,0.173915,0.361861,0.211133,0.203943,0.190157,0.236720,0.322445,0.141373,0.046498,0.174700,0.135231,0.297622,0.181795,0.171204,0.145214,0.090467,0.176972,0.104695,0.154930,0.233643,0.077621,0.201090,0.123378,0.149302,0.163910,0.320007,0.149195,0.164204,0.124069,0.246839,0.023412,-0.011882,0.169427,0.132582,0.040190,0.228109,0.187833,0.234381,0.140183,0.085528,0.029863,0.097897,0.167757,0.140994,0.163472,0.279855,0.217068,0.127327,0.203916,0.250454,0.239066,0.160896,0.301826,0.081315,0.317390,0.188735,0.095106,0.307527,0.146948,0.148576,-0.023702,0.263930,0.213213,0.173729,0.093104,0.323895,0.198005,0.220998,0.105895,0.091083,0.195392,0.254070,-0.004310,0.138625,0.261366,0.101388,0.145085,0.174477,0.206828,0.226869,0.186606,0.206845,0.220053,0.303778,0.199374,0.114903,0.117610,0.233209,0.189699,0.147586,0.099483,0.176056,0.148090,0.153137,0.088872,0.147040,0.128580,0.144814,0.155580,0.094553,0.233654,0.284763,0.010282,0.058291,0.173533,-0.021321,0.183807,0.110715,0.105678,0.133344,0.082609,0.068074,0.338986,0.021158,0.111825,0.103623,0.088268,0.145261,-0.034012,0.126355,0.148318,0.050768,0.337212,0.115492,0.260706,0.097764,0.012575,0.255374,-0.013466,0.149538,0.270143,0.103006,0.145451,0.116239,0.103949,0.131170,0.072746,0.205564,0.276766,0.064178,0.250880,0.136862,0.123047,0.268160,0.193915,0.147977,0.185505,0.109155,0.276669,0.080657,0.064483,0.266568,0.202660,0.200830,0.111692,0.101458,0.153221,0.131462,0.218041,0.247526,0.119699,#
13,-0.000705,0.228558,0.286856,0.200203,0.243707,0.031869,0.204153,0.200812,0.186800,0.156551,0.266901,0.089386,0.068098,1.000000,0.245930,0.175779,0.175696,0.030392,0.172915,0.296477,0.134827,0.194471,-0.092526,0.139689,0.177446,0.256258,0.317868,0.233623,0.116605,0.180250,0.208073,0.246986,0.207086,0.222633,0.102895,0.131251,0.055929,0.180914,0.045096,0.101422,0.064788,0.190485,0.221563,0.185247,0.098990,0.189551,0.200147,0.208484,0.143406,0.193493,0.098760,0.164498,0.325335,0.218597,0.141268,0.339141,0.096300,0.170781,0.193407,0.266917,0.275812,0.086850,0.320726,0.103586,0.146065,0.191392,0.438672,0.128361,0.352328,0.183021,-0.096600,0.075635,0.244510,0.137804,0.271521,0.128680,0.310923,0.277474,0.261295,0.091011,0.197629,0.341745,0.067652,0.386421,0.345669,0.023161,0.270816,0.302234,0.211417,0.311712,0.112883,0.205539,0.218124,0.268185,0.072819,0.228564,0.231626,0.091659,0.141302,0.162983,0.303540,0.181558,0.261261,0.288895,0.161219,0.252133,0.237435,0.187692,0.300786,0.194535,0.070927,0.087579,0.260367,0.210907,0.233137,0.187880,0.300653,0.171275,0.084147,0.066554,0.318166,0.270270,0.108285,0.333244,0.297932,0.115265,0.130167,0.114232,0.288142,0.224930,0.197332,0.083873,0.053830,0.146876,0.342240,0.323227,0.237515,0.231848,0.383435,0.214155,0.105096,0.101720,0.345234,0.165973,0.252325,0.386060,0.170823,0.305297,0.052575,0.284419,0.099354,0.177184,0.175050,0.255129,0.299300,0.237220,0.050635,0.314434,0.250945,0.270605,0.106640,0.315316,0.104839,0.381590,0.191189,0.166711,0.138165,0.088778,0.179011,0.286456,0.164853,0.296866,0.100197,0.111821,0.143715,0.244518,0.124254,0.160489,0.244667,-0.024164,0.171809,0.147359,0.227779,0.328512,0.062664,0.213259,0.159836,0.211423,0.139996,0.183563,0.122631,0.285259,0.225416,0.060018,0.080582,0.245456,0.116992,0.217667,0.255957,0.152259,#
14,0.245648,0.130956,0.077640,0.174937,0.175396,0.197980,0.070296,0.214863,0.278522,0.184070,0.270863,-0.040551,0.197800,0.245930,1.000000,0.272794,0.128666,0.218807,0.208623,0.373557,0.194320,0.104842,0.165196,0.338936,0.180575,0.104753,0.269315,0.219302,0.200357,0.270088,0.044712,0.178229,0.131874,0.083773,0.096160,0.176202,0.169475,0.264377,0.175770,0.258384,0.286559,0.165765,0.229085,0.035639,0.201876,0.352531,0.174609,0.142334,0.154289,0.153712,0.340226,0.094268,0.239751,0.210317,0.369338,0.301992,0.222266,0.141745,0.145758,0.120038,0.315710,0.215823,0.112856,0.153514,0.235312,0.126700,0.258321,0.205548,0.238270,0.147611,0.076914,0.221170,0.147748,0.310294,0.106276,0.151074,0.173723,0.207312,0.092366,0.200864,0.225995,0.203000,0.216527,0.287984,0.316408,0.195418,0.013830,0.087802,0.214394,0.251428,0.237804,0.195728,0.246213,0.230034,0.282540,0.011578,0.215429,0.132468,0.105060,0.087572,0.189854,0.230938,0.194284,0.220013,0.191968,0.243868,0.344319,0.351630,0.143233,0.212601,-0.066909,-0.036117,0.174542,0.139316,0.197532,0.168434,0.147495,0.250652,0.252257,0.208381,0.403558,0.264571,0.019272,0.173918,0.237381,0.105103,0.192175,0.150459,-0.009780,0.291582,0.161279,0.203819,0.246808,0.007804,0.158457,0.116191,0.176989,0.154400,0.118796,0.154769,0.369819,0.268522,0.246868,0.068451,0.079954,0.264663,0.114999,0.160733,0.007185,0.108739,0.200217,0.064696,0.046836,0.251585,0.161150,0.135089,0.205691,0.171188,0.180039,0.053326,0.094122,0.231834,0.113934,0.127706,0.222228,-0.030007,0.209998,0.167686,0.039260,0.238648,0.353605,0.299251,0.144339,0.148967,0.135920,0.062983,0.340578,0.360435,0.298738,0.278782,0.099248,0.221805,0.168208,0.220776,0.240192,0.165313,0.116940,0.068508,0.121793,0.256483,0.123455,0.240982,0.187099,0.290163,0.181141,0.038864,-0.011092,0.189361,0.233426,0.189219,#
15,0.123881,-0.012006,0.246882,0.184644,0.161972,0.049571,0.102892,0.167639,0.046174,0.129406,0.044335,0.129344,0.076106,0.175779,0.272794,1.000000,0.291687,0.246825,0.208121,0.182420,0.166009,0.088613,0.113074,0.256571,0.138914,0.370643,0.247875,0.141020,0.235413,0.120882,0.084741,0.284900,0.097588,0.294494,0.039440,0.021994,0.153563,0.170678,0.190777,0.045288,0.264616,0.229586,0.139225,0.117725,0.231005,0.225041,0.006836,0.144844,0.029305,0.167629,0.071218,0.206771,0.260185,0.095358,0.109289,0.138695,0.034469,0.195206,0.180006,0.242307,0.140137,0.036453,0.244937,0.049269,0.129483,0.191283,0.184389,0.232883,0.182251,0.054885,0.179906,0.234172,0.175161,0.128986,0.173217,0.268309,0.042119,0.358322,0.098440,0.168034,0.241176,0.152118,0.096735,0.331654,0.185661,0.055469,0.135406,0.139878,0.285847,0.245583,0.060387,0.134909,0.207365,0.318994,0.113086,0.027275,0.227788,0.060581,0.181676,-0.020635,0.206211,0.121044,0.198468,0.148010,-0.071060,0.203136,0.192533,0.171149,0.089934,0.322295,-0.003960,0.237673,0.108259,0.091591,0.189383,0.318638,0.198122,0.061703,0.167833,0.094264,0.326375,0.274403,0.132665,0.355908,0.221163,0.006700,0.153596,0.089533,0.144895,0.049966,0.115798,0.335472,0.191475,0.171755,0.204182,0.259733,0.099841,0.075975,0.145693,-0.005921,0.017982,0.179102,0.152736,0.028590,0.216585,0.100375,0.144771,0.189833,0.287790,0.190468,0.165780,-0.034538,0.198599,0.396016,-0.061106,0.352654,0.071951,0.176471,0.197559,0.105864,0.051560,0.129890,0.195233,0.180042,0.153740,0.153766,0.258607,0.171954,0.112209,0.073362,0.007597,0.088359,0.152706,-0.035862,0.199922,-0.019832,0.269624,0.112398,0.013551,0.175416,0.205731,0.213703,0.078301,0.260510,0.038936,0.153293,-0.007578,0.179847,0.073282,0.154128,-0.065719,0.189729,0.181754,0.198470,0.089644,0.075473,0.094928,0.154828,0.109968,0.004131,#
16,0.142496,0.167639,0.180791,0.199912,0.121740,0.140044,0.172316,0.125969,0.039404,0.100453,0.174551,0.136305,0.229934,0.175696,0.128666,0.291687,1.000000,0.186575,0.191761,0.234435,0.301417,0.205050,0.262740,0.174040,0.014683,0.358223,0.204175,0.055318,0.130485,0.190835,0.141719,0.359708,0.008570,0.342127,0.021642,0.228106,0.149286,0.072592,0.166935,0.169217,0.109126,0.225205,0.134816,0.134657,0.204194,0.372092,0.126157,0.145298,0.164241,0.034456,0.119409,0.230141,0.366030,0.032907,0.158340,0.114115,0.028751,0.134221,0.213444,0.080157,0.139248,0.269194,0.260952,0.231601,0.260584,0.167907,0.240995,0.363334,0.063451,0.186877,0.055849,0.273687,0.346381,0.025350,0.189592,0.382542,0.149851,0.333316,0.205628,0.119976,0.085427,0.204979,0.080146,0.150592,0.145842,0.128867,0.281354,0.201342,0.212358,0.115550,0.189163,0.179450,0.049136,0.165755,0.121759,0.041372,0.300956,-0.017336,0.144845,0.203785,0.172689,0.121571,0.026085,0.165891,0.165191,0.107992,0.187159,0.017673,-0.027370,0.257112,0.162144,0.186814,0.178085,0.161148,0.228570,0.347553,0.200897,0.131439,0.050303,0.203752,0.202595,0.123865,0.237763,0.258787,0.240292,-0.022648,0.127077,0.032335,0.087759,0.209722,0.105972,0.232266,0.424701,-0.037497,0.352049,0.272307,0.049574,0.246980,0.214159,0.288051,0.020697,0.139834,0.101511,0.214059,0.248929,0.152119,-0.021409,0.163192,0.222712,0.074595,0.068361,0.158364,0.149050,0.140531,0.179849,0.213999,0.038334,0.081208,0.205877,0.212858,0.058715,0.336670,0.218137,0.305880,0.143012,0.103599,0.322458,0.161214,0.082010,0.082980,0.004218,0.050421,0.083585,-0.005323,0.159525,0.241603,0.137852,0.134604,0.166093,0.095829,0.147534,0.145394,0.231494,0.007476,0.040355,0.172394,0.253477,0.210676,0.125550,0.178399,0.210379,-0.050268,0.022908,0.106043,0.254252,0.210543,0.004153,0.244138,0.097764,0.087147,#
17,0.310100,0.205183,0.112929,0.309320,0.221967,0.170183,0.154338,0.344832,0.104755,0.062647,0.251528,0.235958,0.070057,0.030392,0.218807,0.246825,0.186575,1.000000,0.200308,0.339618,0.391744,0.167948,0.129002,0.347388,0.211534,0.214718,0.155012,0.151822,0.198078,0.237378,0.118347,0.267028,0.389847,0.167627,0.015628,0.234192,0.041321,0.336947,0.302876,0.065296,0.238405,0.198970,0.083566,0.300861,0.123598,0.230019,0.224658,0.150869,0.255682,0.212569,0.238930,0.077533,0.144820,0.087287,0.191509,0.259851,0.300763,0.319220,0.263432,0.274794,0.226066,0.186758,0.125297,0.200547,0.181782,0.270190,0.294991,0.280148,0.200573,0.287049,0.201175,0.216036,0.344259,0.192369,0.198885,0.330758,0.182669,0.307340,0.086021,0.262978,0.158229,0.247806,0.483660,0.223265,0.210556,-0.020670,0.200038,0.193060,0.373123,0.252813,0.162169,0.137536,0.200226,0.284326,0.104296,0.168090,0.263171,0.380964,0.283895,0.181000,0.153800,0.072849,0.176037,0.226543,0.072223,0.279937,0.239021,0.262724,0.026104,0.064765,0.153765,0.169261,0.197818,0.313306,0.148149,0.244823,0.251844,0.132182,0.159096,0.266728,0.171529,0.232037,0.110799,0.317941,0.463502,0.095220,0.261637,0.216441,0.069599,0.101203,0.135346,0.291884,0.357966,0.311422,0.269545,0.298282,0.300514,0.242073,0.232953,0.321766,0.231585,0.163705,0.121693,0.125041,0.254861,0.205127,-0.026671,0.129008,0.118317,0.085350,0.172689,0.010444,0.128754,0.257794,0.154108,0.258312,0.140248,0.163880,0.396249,0.300777,0.265450,0.338715,0.230977,0.115489,0.218780,0.204549,0.255841,0.288935,0.089658,0.190739,0.377737,0.100152,0.096444,0.191458,0.225918,0.041987,0.252320,0.230701,0.026713,0.351031,0.076135,0.328067,0.185890,0.130209,0.085181,0.124058,0.144327,0.235514,0.269940,0.221588,0.175632,0.292961,0.228133,0.137118,0.369692,0.208166,0.201627,0.149874,0.191907,0.185880,#
18,0.259222,0.135826,0.255660,0.248807,0.270377,0.113243,0.189594,0.173024,0.113462,-0.004322,0.336349,0.150730,0.251314,0.172915,0.208623,0.208121,0.191761,0.200308,1.000000,0.244199,0.290887,0.176606,-0.014909,0.371008,0.289183,0.206420,0.258674,0.273785,0.186118,0.166846,0.118249,0.143125,0.253828,0.112406,0.150048,0.313117,0.258475,0.153775,0.228758,0.300628,0.200212,0.343168,0.173641,0.147755,0.127687,0.236941,0.148492,0.219451,0.141944,0.255374,0.263676,0.100058,0.307486,0.208157,0.122092,0.181186,0.180558,0.187306,0.185337,0.053500,0.140290,0.145212,0.186673,0.222348,0.116050,0.293973,0.296978,0.332881,0.227212,0.040415,-0.002252,0.168441,0.205376,0.112800,0.066721,0.221270,0.133054,0.283457,0.238162,0.170120,0.218774,0.105616,0.268997,0.302106,0.264110,-0.053702,0.298644,0.054411,0.270218,0.245329,0.259044,0.165229,0.210807,0.323814,0.238037,0.237464,0.384643,0.194639,0.188282,0.219652,0.168125,0.239502,0.291280,0.175921,0.226689,0.285760,0.196809,0.247520,0.167359,0.315394,0.220039,0.376919,0.191886,0.169626,0.205706,0.171192,0.180745,0.109568,0.305872,0.223539,0.126521,0.227719,0.169099,0.154694,0.260077,0.088875,0.188937,0.169548,0.293301,0.197827,0.256988,0.315423,0.216161,0.157329,0.339724,0.002794,0.205141,0.314155,0.159804,0.303680,0.339248,0.029698,0.130735,0.085647,0.252611,0.189451,-0.006423,0.107707,0.157184,0.125842,0.111640,0.255666,0.219445,0.150871,0.181048,0.355643,0.255410,0.218079,0.083025,0.340821,0.182986,0.212474,0.194025,0.225108,0.214672,0.163629,0.327834,0.231508,0.128350,0.218412,0.013780,0.148335,0.184107,0.048650,0.098579,0.160353,0.235565,0.331874,0.345267,0.218741,0.160072,0.248219,0.272889,0.087979,0.207374,0.151245,0.263947,0.336938,0.194123,0.185567,0.180119,0.338318,0.286736,0.142336,0.197108,0.095577,0.129428,0.315785,0.351463,0.221256,#
19,0.311676,0.187250,0.223212,0.244923,0.374094,-0.018925,0.148755,0.199528,0.182824,0.248031,0.280707,-0.016404,0.337843,0.296477,0.373557,0.182420,0.234435,0.339618,0.244199,1.000000,0.225485,0.225611,0.129851,0.257215,0.069168,0.346670,0.312946,0.127359,0.222527,0.320427,0.052272,0.305961,0.258240,0.171721,0.198087,0.297362,0.010669,0.192484,0.366513,0.125702,0.188417,0.279052,0.054988,0.076404,0.157921,0.298653,0.290750,0.400115,0.164436,0.295689,0.195051,0.182502,0.181651,0.328291,0.238355,0.243349,0.227809,0.190567,0.205746,0.181961,0.324254,0.223979,0.166109,0.227099,0.268047,0.248777,0.226615,0.278621,0.287505,0.239462,0.177876,0.304255,0.293744,0.082045,0.270564,0.369398,0.178666,0.329668,0.303017,0.029833,0.258811,0.339649,0.215826,0.221073,0.374400,0.065901,0.235303,0.169331,0.305315,0.258179,0.101467,0.260137,0.201097,0.191862,0.233139,0.147409,0.306507,0.274046,0.085289,0.145326,0.222169,0.220973,0.261827,0.300815,0.284463,0.265986,0.226171,0.428577,0.069622,0.082775,0.116668,0.158699,0.286407,0.351824,0.275724,0.209081,0.293798,0.261287,0.300930,0.041703,0.432479,0.321240,0.211133,0.343598,0.482384,0.214916,0.280393,0.251396,-0.033491,0.166776,0.112616,0.086181,0.338050,0.160223,0.219920,0.268732,0.290298,0.306118,0.246511,0.308638,0.287232,0.256194,0.199583,0.161929,0.231832,0.234002,0.036143,0.307370,0.269438,0.073839,0.147728,0.193738,0.208156,0.356307,0.219722,0.129248,0.163567,0.161200,0.246516,0.134689,0.246231,0.298336,0.273291,0.244674,0.225044,0.190973,0.173499,0.178896,0.174180,0.098401,0.265881,0.166079,0.187136,0.175732,0.188367,0.089516,0.319938,0.342877,0.166880,0.222001,0.099954,0.340114,0.178351,0.190269,0.188842,0.223687,0.200046,0.317101,0.302304,0.183653,0.294379,0.295816,0.152419,0.203769,0.173464,0.237750,0.227686,0.181558,0.317024,0.331469,#
20,0.281059,0.168070,0.304505,0.325936,0.290211,0.261069,0.155702,0.265773,0.210226,0.143816,0.096910,0.103369,0.265775,0.134827,0.194320,0.166009,0.301417,0.391744,0.290887,0.225485,1.000000,0.214898,0.198399,0.344183,0.372555,0.323194,0.252304,0.268248,0.211641,0.204978,0.171261,0.250900,0.276156,0.233271,0.008902,0.215667,0.211388,0.210246,0.129081,0.226616,0.265853,0.439683,0.131884,0.113902,0.273985,0.329447,0.298992,0.221582,0.262143,0.217555,0.094080,0.270143,0.325654,0.144908,0.181445,0.152303,0.239151,0.230440,0.284397,0.159457,0.260167,0.139282,0.314465,0.236240,0.305728,0.159796,0.304970,0.238748,0.338644,0.265504,0.152524,0.264352,0.480222,0.223957,0.166926,0.233669,0.319602,0.385609,0.185873,0.213909,0.070221,0.177563,0.363873,0.214951,0.257762,0.217631,0.317652,0.185797,0.405264,0.359395,0.255872,0.315681,0.199145,0.279333,0.221696,0.156137,0.333646,0.250813,0.172332,-0.017732,0.254606,0.161822,0.245717,0.284245,0.167337,0.251455,0.224115,0.201197,0.121322,0.259654,0.319415,0.238316,0.145288,0.302504,0.156765,0.310818,0.408216,0.150471,0.095013,0.191565,0.203385,0.247381,0.098353,0.223217,0.316207,0.171705,0.359062,0.353377,0.175268,0.209164,0.184650,0.340192,0.281277,0.133082,0.344002,0.248125,0.331004,0.279396,0.366410,0.243810,0.316494,0.247915,0.055188,0.205840,0.300861,0.150671,0.014595,0.208698,0.229711,0.244683,0.227035,0.248404,0.073345,0.055534,0.226390,0.265205,0.179025,0.092451,0.202999,0.397371,0.268207,0.330812,0.207141,0.198589,0.334712,0.137493,0.115610,0.294391,0.153888,0.157511,0.261568,0.147428,0.090390,0.130946,0.070868,0.360838,0.196753,0.161702,0.329671,0.293621,0.204981,0.219747,0.170232,0.198139,0.139849,-0.016024,0.267099,0.252145,0.208603,0.339025,0.191484,0.367005,0.221372,0.110352,0.331232,0.251520,0.171138,0.332627,0.239684,0.176906,#
21,0.243721,0.253492,0.357088,0.251767,0.114742,0.115055,0.136890,0.249659,0.125811,0.068517,0.165822,0.227325,0.069630,0.194471,0.104842,0.088613,0.205050,0.167948,0.176606,0.225611,0.214898,1.000000,0.110393,0.185581,0.243879,0.111011,0.248183,0.255867,0.209807,0.249304,0.117098,0.253873,0.201410,0.294117,-0.061880,0.267599,0.300460,0.230160,0.358446,0.090756,0.130606,0.239609,0.055986,0.281268,0.188140,0.204231,0.231953,0.302311,0.025819,0.165305,0.204728,0.093429,0.236951,0.122999,0.131349,0.148051,0.187432,0.187347,0.082336,0.110434,0.140697,0.014629,0.273646,0.239060,0.283518,0.241411,0.052490,0.173544,0.282383,0.358620,0.253627,0.130935,0.374777,0.278028,0.105013,0.197018,0.182326,0.180178,0.099443,0.121618,0.244402,0.194291,0.147000,0.018617,0.261824,-0.083403,0.256305,0.104981,0.270237,0.293651,0.063815,0.102590,0.128159,0.134352,0.176179,0.185886,0.210828,0.185125,0.057801,0.200272,0.395598,0.128156,0.087334,0.143518,0.169540,0.214527,0.306280,0.224900,0.166526,0.108767,0.161473,0.186161,0.128018,0.217834,0.102065,0.299731,0.298578,0.137342,0.162576,0.241314,0.209103,0.241938,0.051548,0.333125,0.229516,0.054062,0.230694,0.189568,0.091465,0.022273,0.104983,0.144737,0.284000,0.192802,0.229865,0.106785,0.329614,0.173138,0.086653,0.308808,0.127332,0.272326,0.189287,0.027241,0.185354,0.186322,0.079010,0.178501,0.201257,0.049850,0.024902,0.143870,0.124541,0.038364,0.202939,0.084882,0.044615,0.170579,0.148767,0.171742,0.299725,0.287891,0.128640,0.077533,0.233952,0.086183,0.021727,0.251350,0.060084,0.297096,0.181045,0.092295,0.264524,0.211813,0.046361,0.231593,0.274393,0.189954,0.150106,0.204597,0.132772,0.260732,-0.007702,0.172760,-0.004576,0.089608,0.224211,0.233136,0.285680,0.227721,0.244577,0.094228,0.254496,0.079404,0.269580,0.255775,0.148274,0.195316,0.213154,0.207907,#
