0,1.000000,-0.108322,0.170557,0.178488,0.211708,0.070627,-0.029576,-0.048417,0.119987,0.088304,0.115323,-0.039515,0.083679,0.035642,0.273514,0.167184,0.118065,0.243336,0.271155,0.238917,0.151131,0.188200,0.206569,0.286911,0.124290,0.089716,0.260157,0.023073,0.199214,0.234812,-0.018527,0.146386,0.125526,0.158820,0.128447,0.135769,0.125331,0.119643,0.207853,0.209545,0.121577,0.124905,0.160793,0.141167,-0.014978,0.105524,0.015576,0.220159,0.086092,0.262495,0.134160,-0.048575,0.116109,0.217535,0.202078,0.200596,0.243694,0.162652,-0.082849,0.014134,0.190236,0.046962,0.240785,0.024126,0.017056,0.027785,0.018796,0.108375,0.101315,0.149718,0.117666,0.062164,0.186108,0.147593,0.077953,-0.127564,0.254885,0.195385,0.053996,0.059292,0.075954,0.030153,0.060828,0.180361,0.269731,-0.014106,0.190486,0.136373,0.197019,0.192829,0.068145,0.038104,0.220204,0.168968,0.252443,0.242182,0.247817,0.004984,0.083056,0.170110,0.258931,0.203359,0.041989,0.199911,0.207675,0.192682,0.253401,0.148491,0.136352,-0.030923,0.018127,0.068238,-0.022994,0.201860,0.031350,0.027481,0.093212,0.086394,0.101776,-0.004876,0.275660,0.178142,0.120451,0.166057,0.089609,0.200496,0.137227,-0.033130,0.115472,0.216521,0.302980,0.023275,0.117216,0.056724,0.076940,0.113072,0.206905,0.108682,0.058059,0.136772,0.271136,0.170882,0.132179,0.075148,0.054106,0.179307,0.120461,0.108190,0.122730,0.127286,-0.059029,0.045458,0.186253,0.078619,0.166758,0.216082,0.157158,0.029407,0.139397,0.161227,0.140705,0.222476,-0.015955,0.002591,0.122234,0.153052,0.024199,0.196017,0.170123,0.139416,0.124803,-0.057491,0.193559,0.157119,-0.127270,0.209598,0.284524,0.155731,0.088816,0.025932,0.145351,0.227354,0.070172,0.093148,0.071321,0.032400,0.280457,0.339768,0.196001,0.023599,0.078769,0.191338,0.087077,0.154269,0.274736,0.029027,-0.037092,0.168674,0.332055,0.191424,#
1,-0.108322,1.000000,0.159920,0.117496,0.111362,0.145367,0.265742,0.107995,0.266905,-0.000164,0.266015,0.232078,0.092305,0.142131,-0.021313,-0.030919,0.112119,0.178062,-0.084725,0.110130,0.066467,0.218425,0.059108,-0.022841,0.050060,0.152244,0.124171,0.232361,-0.190413,0.137706,0.129321,0.070296,0.028249,0.189869,-0.014874,0.210921,0.083768,0.062802,0.223817,0.091834,0.042637,0.036746,0.196482,0.105994,0.078176,0.140999,0.351316,0.106975,0.143022,-0.078440,0.163439,0.094876,0.253412,0.228314,-0.006532,0.189594,0.057798,-0.107104,0.006929,0.029866,-0.003324,0.029326,0.184816,0.013082,0.073573,0.147042,-0.003267,0.200045,0.165451,0.266721,0.101544,0.119463,0.221344,0.016523,0.221549,0.153350,0.078180,0.113641,0.268744,0.096823,0.090404,0.239405,0.097797,0.040973,0.138031,-0.156803,0.176979,0.091576,0.132024,0.022694,0.094203,0.102228,-0.008015,0.132515,0.010285,0.127516,0.005425,-0.001877,0.014483,0.132676,0.191937,0.025153,0.093593,0.105863,0.054154,0.110190,0.206512,0.243916,0.041996,0.063937,0.130991,0.125103,-0.005095,0.076553,0.252427,0.272333,0.164415,0.020849,-0.027594,0.118203,-0.027282,0.133144,0.155628,0.155491,0.091016,0.043385,0.166708,0.108872,0.143808,0.159460,0.046120,0.157838,0.090666,0.186995,0.263543,0.165717,0.155014,0.207343,0.236390,0.162854,0.052578,0.056152,0.145158,0.198734,0.193419,0.118706,0.089142,-0.031451,0.150566,0.040712,0.180801,0.027667,-0.091976,-0.084196,0.278071,0.184218,-0.038607,-0.006492,-0.073888,-0.088378,-0.077781,0.166469,0.225392,0.225578,0.198308,0.023862,-0.001899,-0.040059,0.122981,0.230045,0.195420,0.203988,0.042189,0.023727,-0.000460,0.103717,0.008603,0.203222,0.106555,0.025351,0.072855,0.023371,0.163125,-0.005636,0.213660,0.144380,0.102427,-0.071842,0.046751,0.205848,0.182134,0.068615,-0.083792,0.115933,0.168268,0.048485,-0.093863,0.165149,0.038919,0.240000,#
2,0.170557,0.159920,1.000000,0.179835,0.195077,0.171509,0.172989,0.193113,0.123479,0.109818,0.310818,0.258543,0.073472,0.247980,0.019189,0.249843,0.078751,0.098218,0.058191,0.168749,0.276000,0.273446,0.006205,0.095488,0.236906,0.276573,0.279212,0.176173,0.037996,0.241013,0.029229,-0.036600,0.086781,0.080653,0.035569,0.179796,0.154681,-0.091789,0.114303,0.044389,0.209615,0.169086,0.320328,0.068812,0.005660,0.080414,0.139201,0.167790,0.093226,0.130649,0.222337,0.193570,0.129265,0.108292,0.018478,0.105693,0.065416,0.030154,0.138091,0.244538,0.221115,-0.051425,0.033977,0.181138,0.216318,0.194033,0.204907,0.062995,0.232312,0.217991,0.088358,0.165032,0.100747,0.175280,0.201240,0.117268,0.151782,0.173523,0.134657,0.051322,0.230031,0.009230,0.021077,0.030171,0.191571,0.082614,0.196333,0.216756,0.110719,0.057663,0.000715,0.266486,0.209966,0.230054,0.047529,0.218621,0.211578,0.083684,0.252214,0.111213,0.189490,0.109348,-0.031271,0.202010,0.053310,0.098252,0.178741,0.255125,0.228744,0.230445,0.152280,0.170718,0.184905,0.161785,0.148071,0.317954,0.172006,0.152459,-0.247224,0.040168,0.185937,0.076135,0.026222,0.086733,0.125493,0.056817,0.301592,0.130762,0.139460,0.184652,0.071710,0.198833,0.140033,0.061218,0.257883,0.251400,0.169154,0.120889,0.089404,-0.019554,0.157148,0.099650,0.196147,0.092016,0.366658,0.153013,-0.065770,0.092303,0.255022,-0.094382,0.107116,0.195091,0.194948,0.076119,0.125832,0.043209,0.066736,-0.095386,0.092676,0.136188,0.079836,0.340852,0.178766,0.211637,0.170364,0.176968,0.119648,0.047289,-0.070587,0.096792,0.082454,0.361188,0.095231,0.031989,0.153620,0.067738,0.249390,0.201632,-0.099589,0.093672,0.231900,0.095826,0.050808,0.321499,0.063898,0.135236,0.092560,0.033489,0.185881,-0.008728,0.034176,0.221672,0.255046,0.080578,0.202630,0.073245,-0.083853,0.193682,0.282658,0.270559,#
3,0.178488,0.117496,0.179835,1.000000,0.155216,0.228466,0.264540,0.069669,0.291707,0.123001,0.294938,0.178102,0.165905,0.042555,0.147672,0.174117,0.174959,0.238534,0.237338,0.200578,0.223758,0.111504,0.191541,0.391392,0.175860,0.235953,0.184385,0.186016,0.179753,0.272001,0.176133,0.221388,0.427477,0.210190,-0.037553,0.169994,0.269594,0.180868,0.319698,0.115419,0.179111,0.272173,0.205447,0.284337,-0.008135,0.182425,0.113902,0.196389,0.055367,0.186830,0.161875,0.257515,0.167654,0.064425,0.086417,0.243465,0.102114,0.082213,0.107979,0.145843,0.148942,0.031667,0.182510,0.067098,0.366557,0.171654,0.171150,0.046547,0.042672,0.232130,0.115606,0.129519,0.236357,0.094720,0.174185,0.243853,0.151580,0.128044,0.189319,0.052763,0.316897,0.183188,0.155933,0.020564,0.258426,0.077475,0.120743,0.107523,0.212791,0.176541,0.164805,0.212046,0.155122,0.183995,0.114004,0.227804,0.229133,-0.039301,0.268874,0.224206,0.309535,0.071538,0.087938,0.176124,0.291701,0.074422,0.268723,0.234856,0.080834,0.149514,0.170509,0.115089,0.133390,0.091863,0.093032,0.115758,0.198204,0.129133,-0.052132,0.084632,0.186016,0.088677,0.119302,0.309439,0.107164,0.110302,0.276367,0.218552,0.003102,0.285892,0.259275,0.269295,0.228657,0.197287,0.215329,0.197307,-0.035906,0.165875,0.198769,0.112568,0.231823,0.250131,0.129649,0.184116,0.114744,0.079610,0.260069,0.209172,0.117673,0.068499,-0.016166,0.052178,0.056515,0.130373,0.238744,0.121811,0.081396,0.052702,0.172205,0.199581,0.160965,0.255344,0.252850,0.198826,0.123699,0.079527,0.122316,0.143686,0.062753,0.046361,0.186016,0.026310,0.060361,-0.006581,0.020991,0.223098,0.226151,0.236209,0.035327,0.122642,0.027859,0.272252,0.282016,0.078724,0.024154,0.091511,0.129938,0.145538,0.008347,0.070070,0.082468,0.202658,0.313519,0.099804,0.236987,0.161939,0.214098,0.221292,0.158219,0.085871,#
4,0.211708,0.111362,0.195077,0.155216,1.000000,0.299832,-0.008781,0.121139,0.267845,0.072277,0.074883,0.070737,0.117895,0.097447,0.090386,0.108173,0.021664,0.208634,0.163144,0.307354,0.332276,0.105455,0.151955,0.245052,0.171391,0.286916,0.141822,0.146687,0.127257,0.116314,0.028054,0.111303,0.120354,0.076337,0.055446,0.240105,0.358039,0.037042,0.123767,0.099336,0.089388,0.389072,0.162099,0.076626,0.216777,0.100860,0.327912,0.184008,0.118261,0.142206,0.103855,0.146563,0.053288,0.258955,0.239307,0.328933,0.144077,0.040027,0.104059,0.012229,0.169412,0.134695,0.059280,0.009154,0.118299,0.019483,0.122801,0.094938,0.046633,0.155104,0.155557,0.156887,0.237351,0.188554,0.045802,-0.025811,0.128941,0.260702,0.164003,0.076447,0.287330,0.172980,0.057579,0.016593,0.346650,0.017005,0.179375,0.156173,0.101353,0.242347,0.245946,0.084770,0.129839,0.140509,0.131233,0.266526,0.125408,0.098244,0.065379,0.133433,0.088755,0.008779,0.166073,0.194980,0.121170,0.153587,0.038159,0.241886,0.152986,0.193595,0.322390,0.235810,0.243106,0.282597,0.180740,0.020586,0.127870,0.000729,-0.073943,0.060272,0.094912,0.071899,0.128353,0.017639,0.312851,-0.009562,0.224031,0.018198,0.128404,0.039555,0.258711,0.017838,0.180917,0.162427,0.211801,0.162252,0.109404,0.153115,0.213833,0.162618,0.340883,0.043381,0.189769,0.021122,0.223593,0.278572,0.105083,0.268157,0.176384,-0.024473,0.033170,0.137908,0.169654,0.250329,0.253289,0.073878,0.310946,0.095211,0.007352,0.139043,0.170105,0.147653,-0.052752,0.084443,-0.069261,0.226258,-0.028928,0.055090,0.037893,0.102741,-0.048015,0.035886,0.310802,0.222148,0.094930,0.164153,0.254844,0.277162,0.165990,0.139417,0.027677,0.035586,0.300847,0.068195,0.109630,0.115653,0.019117,0.275631,0.127720,0.204036,0.043559,0.197695,0.087514,0.025857,0.247093,0.228346,0.056849,0.237598,0.149156,0.373468,#
5,0.070627,0.145367,0.171509,0.228466,0.299832,1.000000,0.130176,0.181579,0.341322,0.231478,0.218799,0.131672,0.217811,0.151686,0.242382,0.069848,0.017964,0.150321,0.019796,0.206364,0.181177,0.054516,0.158309,0.083500,0.191375,0.186384,0.132882,0.248803,0.159326,0.184270,0.155722,0.167121,0.282864,0.165195,0.050419,0.184773,0.317479,0.117560,0.223667,0.124805,0.194195,0.208938,0.134188,0.200309,0.029762,0.131513,0.197230,0.012482,0.186604,0.120885,0.125505,0.243967,0.051090,0.066729,0.165890,0.316201,0.010030,-0.054941,0.180420,0.069076,0.136687,0.051347,0.154181,0.022841,0.252224,0.154883,0.217899,0.016045,0.196207,0.091376,0.175539,0.135001,0.239451,0.260342,0.065128,0.055495,0.166949,0.075480,0.171910,0.116944,0.132515,0.193913,0.267358,-0.059159,0.162190,0.112121,0.088609,-0.004373,0.101117,-0.021727,0.013726,0.160884,0.226367,0.274294,0.116015,0.285917,0.035714,0.065637,0.173966,-0.038479,0.151591,0.117746,-0.010540,0.117726,0.087570,0.140087,0.127322,0.279619,0.079046,0.093702,0.196791,0.134944,0.135250,0.120202,0.176846,0.124210,0.129727,0.133580,-0.041678,0.036882,0.059448,0.201264,0.027320,0.192173,0.055825,-0.000809,0.039995,-0.002552,0.198778,0.141401,0.284082,0.076109,0.190085,0.174119,0.320052,0.262934,0.115725,0.172770,0.053126,-0.072909,0.211077,0.166952,0.183545,0.264096,0.218439,0.173046,0.176326,0.117745,-0.018070,0.126535,0.209165,-0.032348,0.207551,0.194075,0.207223,0.177869,0.111412,0.015553,0.177052,0.010863,0.128435,0.082409,0.202338,0.164372,0.071454,0.108721,0.061172,0.102669,0.210808,0.220651,0.240829,0.160276,0.223721,0.141012,-0.057476,0.182284,0.220266,0.148972,0.241131,0.008992,0.081618,0.000149,0.370995,0.183362,-0.036659,0.239970,0.199828,0.007283,0.017192,0.064238,0.012675,0.227676,0.185715,0.106375,0.328753,-0.030744,-0.086614,0.295951,0.091283,0.304110,#
6,-0.029576,0.265742,0.172989,0.264540,-0.008781,0.130176,1.000000,0.100814,0.294936,0.063322,0.114567,0.143119,0.077933,0.194783,0.059286,0.118748,0.104380,0.074090,0.102941,0.007956,0.193242,0.187864,-0.062608,-0.003281,0.063831,0.174814,0.088773,0.164301,0.100180,0.263917,0.017585,0.120423,0.066556,0.150114,-0.085137,0.022921,0.049491,0.182875,0.041162,0.157926,-0.003407,0.102419,-0.011178,0.116268,0.061406,0.154587,0.101993,0.052176,0.051546,-0.039438,0.035464,0.068193,0.153474,0.165227,-0.001069,0.110545,-0.006244,0.095607,0.114869,0.209368,0.134005,-0.069783,0.121629,0.096910,0.181935,0.330880,0.069804,0.192767,0.146783,0.100706,0.013202,0.159561,0.150544,0.120646,0.221338,0.162237,0.177852,0.157771,0.210956,0.046104,0.071566,0.070300,0.179333,-0.003195,0.153959,0.062389,0.070694,0.156546,-0.014907,0.095560,0.060572,0.168534,0.083982,0.145563,0.036456,0.099236,0.167486,0.037457,0.119050,0.224939,0.105960,0.166819,0.050249,0.035476,-0.174995,0.212905,0.048545,0.046099,0.154651,0.181025,0.138779,0.190872,0.058320,-0.154108,0.018843,0.214561,0.275700,-0.058050,0.054603,0.078986,0.164422,0.160413,-0.064384,0.166849,0.015051,0.073670,0.028812,0.165827,-0.006158,0.126753,0.111393,0.036847,0.114263,-0.079468,0.225332,0.155826,-0.003145,0.195128,0.228850,0.154943,0.034384,0.159823,0.017068,0.140657,-0.028599,0.062395,0.182106,0.038634,0.107999,-0.205188,0.194269,-0.067809,0.123891,0.019188,0.282809,0.057399,-0.018911,0.132541,0.067817,-0.026065,-0.051086,0.250104,0.276079,0.120848,0.170563,0.133850,-0.031231,0.100666,0.040078,0.119517,-0.051198,0.063920,0.090321,0.002484,0.026815,0.161609,0.008816,0.204326,0.233532,-0.056962,0.035692,0.046067,0.191638,0.212529,0.192908,0.153386,0.115250,0.043746,0.014129,0.174143,0.003525,0.101367,0.109090,0.175661,0.027591,-0.046955,0.098561,0.172250,0.078681,0.236308,#
7,-0.048417,0.107995,0.193113,0.069669,0.121139,0.181579,0.100814,1.000000,0.221857,0.131439,0.217781,0.360685,-0.049896,0.145527,0.255235,0.181720,0.072521,0.321616,-0.017171,0.134187,0.093355,0.155093,0.257403,0.008494,0.152300,0.097401,0.148006,0.322228,-0.013613,0.214639,0.003666,-0.016288,0.118971,0.105950,-0.084809,0.081509,0.000653,-0.067826,0.206440,0.161774,0.153766,0.169066,0.096247,0.108633,0.184257,0.147380,0.086614,0.162970,0.223751,0.065683,0.163050,0.167860,-0.018417,0.160225,0.108306,0.070444,0.136516,0.165768,0.205129,0.032894,0.199952,-0.007806,0.137120,0.078989,0.247427,0.145333,0.166310,-0.053490,0.151217,0.310978,0.055250,0.014281,0.221804,0.132754,0.027972,0.073402,-0.062623,0.186449,0.110469,0.261141,0.221927,0.094857,0.170346,0.033179,0.229093,-0.016807,0.051417,0.005654,0.068186,0.121786,-0.030522,0.097213,0.133199,0.228278,-0.043296,-0.000566,-0.071794,0.066661,0.013460,0.125103,0.183263,0.013167,0.031566,0.032823,-0.072718,0.198151,0.247798,0.113185,0.104969,0.156815,-0.055405,0.068687,0.002741,0.078862,0.378673,0.162499,-0.118619,-0.022136,-0.073488,0.303103,0.112333,0.145195,0.004003,0.162393,0.165049,0.047334,0.200769,0.166395,0.036366,0.105931,0.047753,0.052145,0.223799,0.112079,0.344036,0.162044,-0.099282,0.282934,0.041361,0.053540,0.229802,-0.025631,0.083245,-0.016877,0.133166,0.121408,0.171842,0.071033,0.073352,-0.000519,0.143805,0.115815,0.020288,0.086201,-0.009984,0.125337,0.178708,0.104529,0.168336,0.170405,0.074619,0.131450,0.174986,0.057766,-0.071472,0.265893,0.135164,0.011354,0.050756,0.051628,0.127179,0.147866,0.198210,0.019185,0.164554,-0.018730,0.104321,0.112216,-0.107788,0.152792,0.131414,0.051337,0.189067,0.216015,-0.217528,0.150899,-0.035085,-0.083767,0.015904,0.266184,0.139920,0.017758,0.187428,0.038125,0.176680,0.061323,-0.019706,0.113720,0.178342,0.161785,#
8,0.119987,0.266905,0.123479,0.291707,0.267845,0.341322,0.294936,0.221857,1.000000,0.241712,0.265961,0.161204,0.184950,0.140371,0.309463,0.210482,-0.031765,0.236149,0.093459,0.193315,0.185292,0.193406,0.204550,0.290694,0.050908,0.202690,0.108689,0.258969,0.064932,0.278997,0.004490,0.181887,0.146235,0.129548,0.096417,0.214162,0.260063,0.082896,0.180499,0.116745,0.188630,0.242762,0.113717,0.107276,0.292028,0.213500,0.175402,0.148914,0.237890,0.161547,0.213712,0.416004,0.054412,0.358521,0.107985,0.338124,0.205505,0.253684,0.123445,0.267415,0.193849,0.137749,0.306471,-0.089571,0.292569,0.323654,0.186054,0.073883,0.389157,0.179084,0.161542,0.075769,0.287690,0.062778,0.205679,0.214905,0.186649,0.202525,0.160902,0.153495,0.234607,0.379941,0.204648,-0.036185,0.349260,0.144624,0.144963,0.093336,0.142177,0.260234,0.093526,0.264326,0.154770,0.098048,0.348901,0.313931,0.274669,0.106100,0.208384,0.117680,0.211921,0.115465,0.171070,0.213101,0.185084,0.113931,0.181659,0.254388,0.015560,0.251489,0.129315,0.151448,-0.004343,0.211425,0.251103,0.278150,0.135237,0.090985,0.043731,0.238375,0.226381,0.212428,0.142010,0.209322,0.183225,0.191700,0.177061,0.314025,-0.014790,0.330937,0.152593,0.008583,0.322910,0.177352,0.302566,0.264638,0.090976,0.258239,0.254430,0.055397,0.235970,0.210643,0.326720,0.071108,0.068464,0.127598,0.259870,0.182544,0.163429,0.050017,0.327529,-0.031942,0.147547,0.230708,0.392762,0.331753,0.193037,0.252867,0.174159,0.188965,0.053290,0.188283,0.109342,0.129757,0.241676,0.199996,0.151116,0.005370,0.214244,0.193437,0.142736,0.208971,0.113934,0.092881,0.140333,0.145311,0.095268,0.282021,0.170264,0.139592,0.150232,0.162422,0.211079,0.229815,0.092335,0.204485,0.044368,0.046130,0.120138,0.232772,0.221284,0.149823,0.219743,0.141878,0.417417,0.039809,0.074621,0.123873,0.118850,0.122316,#
9,0.088304,-0.000164,0.109818,0.123001,0.072277,0.231478,0.063322,0.131439,0.241712,1.000000,0.389237,-0.007548,0.064394,0.216293,0.229642,0.231655,-0.015052,0.073450,-0.079448,0.309105,0.069103,0.010372,0.056937,0.068278,0.032383,-0.000666,0.240159,0.169469,0.082232,0.169548,0.187580,0.078721,0.047505,0.161749,0.186008,0.096098,-0.045552,0.199136,0.103226,-0.046686,0.301662,0.147094,0.097459,-0.080256,0.036957,0.168647,0.114664,0.073832,0.140724,0.079975,0.078480,0.249455,-0.021883,0.122945,0.064727,0.281741,0.121756,0.151125,0.148489,-0.060389,0.214400,0.010968,0.206392,0.001747,0.236705,0.178297,0.036386,-0.065479,0.140990,-0.021481,0.172557,0.194732,0.101066,0.105253,0.111711,0.148201,-0.015296,0.050086,0.203621,0.166525,0.158162,0.262742,0.016151,-0.036575,0.250335,0.071549,0.087914,0.110752,-0.122516,-0.065294,-0.022815,0.140602,0.192441,0.001562,0.124085,0.170035,0.150720,0.169808,0.170906,-0.055778,0.084369,0.132050,0.300766,0.060198,0.300383,0.076784,0.162990,0.071777,0.217506,-0.031517,0.061866,0.055308,0.113098,0.234702,0.108270,0.127544,-0.064993,0.174612,0.142096,-0.050608,0.170690,0.346434,0.008331,0.182481,0.000967,0.133694,-0.106522,0.201558,0.107805,0.271632,0.124275,-0.015431,0.069202,0.140851,0.119225,0.149736,0.150671,0.309891,0.112503,-0.174437,0.045319,0.159380,0.201413,0.048784,0.070507,0.185318,0.144879,0.194270,0.041549,0.334185,0.058530,-0.148605,0.305973,0.254415,0.179273,0.178233,0.134006,0.135384,0.270545,0.041739,0.138665,0.100653,-0.005923,0.300267,0.101632,0.085710,0.086086,0.040660,0.293133,0.063624,0.180904,0.204910,0.073761,0.150555,0.030904,0.160966,0.190619,0.098770,-0.007116,0.034612,-0.048522,0.034674,0.235084,0.193001,0.002286,0.119380,0.087413,0.071795,0.221016,0.034970,0.108698,0.121162,0.068966,0.152172,0.105188,0.116141,0.099886,-0.007755,0.132032,0.190268,#
10,0.115323,0.266015,0.310818,0.294938,0.074883,0.218799,0.114567,0.217781,0.265961,0.389237,1.000000,0.145594,0.003772,0.189399,0.194211,0.108980,0.075560,0.179173,0.142995,0.202557,0.076626,0.103245,-0.079900,0.164918,0.089047,0.032734,0.146013,0.267660,0.034562,0.250885,0.194074,0.136240,0.206506,0.153416,0.122208,0.186533,0.102100,0.077089,0.330911,0.140734,0.253535,0.073784,0.126623,-0.013411,-0.095801,0.179999,0.164272,0.105561,0.156842,0.177570,0.135468,0.207111,0.042860,0.220900,-0.040409,0.251831,0.103972,-0.010632,0.095191,0.126786,0.063243,0.111322,0.123114,0.120788,0.372102,0.225923,0.191840,0.064524,0.146460,0.167430,0.146650,0.193032,0.218940,0.151516,0.115196,0.125558,0.095772,0.058856,0.101462,0.159682,0.272569,0.093180,0.253017,0.082937,0.373158,-0.059644,0.186453,0.122944,0.066321,0.087857,-0.023276,0.158151,0.173335,0.135132,0.088403,0.270639,0.187151,-0.015596,0.210208,0.112544,0.071708,0.021620,0.171795,-0.012913,0.194579,0.018613,0.186348,0.310553,0.130403,0.034972,0.097344,0.181276,0.088644,0.175511,0.351705,0.292528,0.079693,0.058270,0.006108,0.086102,0.153319,0.263827,-0.000036,0.120651,0.056227,-0.000571,0.154125,0.170162,0.155135,0.245025,0.272441,0.102392,0.096186,0.112133,0.168989,0.139157,-0.034383,0.385730,0.125215,-0.050424,0.238365,0.076078,0.204127,0.133366,0.157462,0.061231,0.017446,-0.003917,0.047341,0.103918,0.113866,0.148804,0.163189,0.004934,0.289763,0.118171,0.198719,-0.129540,0.242090,0.108427,0.172969,0.046397,0.333493,0.220264,0.204734,0.126760,0.190768,0.074405,0.141583,0.212463,0.234686,0.207428,0.044724,0.148783,0.040190,0.094720,0.121747,0.263080,-0.041372,0.062347,0.083204,0.091021,0.276276,0.082386,0.135756,0.182167,0.001467,-0.154501,0.154674,0.226859,0.226382,0.089879,0.145723,0.056659,0.247971,0.012646,-0.057520,0.177955,0.238576,0.364148,#
11,-0.039515,0.232078,0.258543,0.178102,0.070737,0.131672,0.143119,0.360685,0.161204,-0.007548,0.145594,1.000000,0.089228,0.110832,-0.052804,0.071643,0.084994,0.302770,0.086914,-0.075596,0.102833,0.144112,-0.030984,0.127841,0.270863,0.298444,-0.022321,0.327047,-0.168861,0.254239,0.179605,0.128158,0.144061,0.113316,0.106535,0.136803,0.171204,-0.050513,0.118833,0.186621,0.053638,0.254270,0.304752,0.230127,0.008822,0.196658,0.117796,0.067545,0.240374,0.011625,0.166455,0.221699,0.037853,0.330286,-0.062135,-0.013077,0.067335,0.223603,0.175431,-0.047050,0.015741,-0.009443,0.245147,0.065273,0.097660,0.251952,0.194654,0.241186,0.160174,0.214303,0.019560,0.041405,0.289212,0.057418,-0.006325,0.132892,0.025585,0.057130,0.155706,0.124304,0.193211,0.133516,0.222659,0.087100,0.219517,-0.106942,0.093894,0.280280,0.142289,-0.009768,0.043155,0.219592,0.292243,0.462678,0.082494,0.196091,-0.018355,0.055291,0.184181,0.243142,0.156926,0.087231,-0.069373,0.177506,-0.017993,0.260850,0.230629,0.290022,0.237280,0.103328,0.183498,0.104799,0.123462,0.143095,0.021738,0.346622,0.067437,0.116331,-0.088542,0.128269,0.031517,0.126244,0.197348,0.140378,0.133755,0.000928,0.160349,0.150551,0.186963,0.067756,0.048571,0.255663,0.246095,0.206292,0.140880,0.125483,-0.227646,0.413005,0.013046,0.224617,0.155731,0.074619,0.091392,0.105329,0.167856,0.122918,0.149072,0.031509,0.079845,-0.026368,0.101711,0.287577,0.066105,0.099349,0.189681,0.211371,0.114369,-0.140122,0.154124,0.125023,0.132780,0.266681,0.009887,0.048085,0.116352,0.110638,0.279859,0.102050,0.124740,0.133520,0.165339,0.059912,-0.027501,-0.078170,0.174136,0.141709,0.178627,0.184797,0.001811,0.055842,0.169997,0.096331,0.200056,0.008765,-0.092232,0.170503,0.023200,0.059294,0.002811,0.208981,0.039006,0.075102,0.216832,0.215451,0.322504,0.120761,0.122721,0.177291,0.089989,0.153473,#
12,0.083679,0.092305,0.073472,0.165905,0.117895,0.217811,0.077933,-0.049896,0.184950,0.064394,0.003772,0.089228,1.000000,-0.005594,0.201525,0.124588,0.326480,0.188662,0.216623,0.264286,0.099288,0.096861,0.130049,0.175084,-0.007658,0.168506,0.182457,0.194512,0.023122,0.242435,-0.081127,0.231904,0.117299,0.119414,0.171166,0.298122,0.151936,0.012165,0.140730,0.135824,0.173206,0.044736,0.189481,0.232033,0.313315,0.142923,0.261584,-0.077791,0.166687,0.061418,0.249745,0.124946,0.109114,0.219088,0.152045,0.200002,-0.030461,0.158410,-0.031782,-0.104412,0.086666,0.193730,0.067763,0.196303,0.241005,0.233167,0.111689,0.130779,0.112609,0.089746,0.040892,0.197561,0.145260,0.051782,0.235217,0.244789,0.160977,-0.036804,0.115888,0.020761,0.177012,0.203296,-0.044147,0.032086,0.135833,0.170332,0.115780,0.284221,0.152621,0.019798,0.091660,0.047268,0.039566,0.222178,0.199780,0.184156,0.306441,0.122904,0.104289,0.030435,0.136950,0.144903,0.140309,0.145468,0.232477,-0.007945,0.147590,0.027387,-0.015542,0.074296,0.232222,0.045380,0.111067,0.120514,0.118835,0.055651,0.187119,-0.010551,0.137301,0.015038,0.174070,0.191950,0.276188,0.152035,0.131266,-0.047779,0.197969,0.007426,0.014294,0.050917,0.155887,0.091912,0.101622,0.126473,0.149119,0.052451,0.181225,0.124131,0.211613,0.089318,0.161971,0.097169,0.147019,0.088470,-0.040358,0.187322,0.036801,0.233554,0.032948,0.038544,0.058003,0.197039,0.157587,0.105741,0.030830,0.232446,0.060287,-0.070344,0.000941,0.104783,0.027027,0.315319,0.157464,0.268030,0.116811,0.036243,0.301338,0.048266,0.039554,0.103682,0.113863,0.104412,0.108834,0.076110,0.152691,0.079550,0.225317,0.223803,0.060896,0.213563,0.188712,0.107270,0.252998,0.043051,0.127230,0.089088,0.194181,0.194850,0.066161,-0.027600,0.116418,0.072011,0.089321,0.160421,0.110205,0.071627,0.152860,0.213507,0.154362,0.072911,#
13,0.035642,0.142131,0.247980,0.042555,0.097447,0.151686,0.194783,0.145527,0.140371,0.216293,0.189399,0.110832,-0.005594,1.000000,0.304186,0.072187,0.214007,0.047142,0.113952,0.285495,0.210695,0.105564,-0.055056,0.144405,0.003961,0.338231,0.240677,0.209722,0.057101,0.129624,0.154890,0.151975,0.189445,0.153637,0.139062,0.029711,0.039454,0.079009,-0.025719,0.178991,-0.044935,0.206052,0.201838,0.094334,0.025178,0.198953,0.226032,0.107456,0.212416,0.075145,0.169507,0.188285,0.066902,0.262519,0.077098,0.240148,0.029144,0.190309,0.039127,0.220784,0.172349,0.087361,0.241663,0.051664,0.190270,0.138243,0.354919,0.132045,0.310314,0.151923,0.037054,0.074295,0.125270,0.046497,0.237859,0.127609,0.254744,0.247520,0.284785,0.090033,0.186467,0.310188,0.027774,0.337173,0.258377,0.071582,0.150477,0.156128,0.199340,-0.039508,-0.013400,0.086447,0.133305,0.241454,0.008055,0.074424,0.211994,0.017800,0.169406,0.261164,0.189748,0.207622,0.151095,0.184829,0.021976,0.151772,0.163955,0.236292,0.272139,0.174607,0.002230,0.080626,0.342075,0.121256,0.279295,0.235936,0.315142,0.140770,-0.039370,0.102321,0.294542,0.218303,0.127766,0.184111,0.236645,-0.041653,0.047563,-0.039535,0.207231,0.177452,0.068644,0.080330,0.079107,0.015669,0.299412,0.108905,0.097879,0.181056,0.227693,0.148124,-0.029336,0.083016,0.353866,0.228626,0.166114,0.245700,0.146942,0.201731,0.050390,0.058270,0.149667,0.096848,0.113023,0.286825,0.201933,0.280123,-0.024414,0.173467,0.217174,0.189249,0.006808,0.346264,0.042548,0.296566,0.173432,0.078148,0.041621,-0.001121,0.120730,0.134137,0.156451,0.260156,0.166272,0.084982,0.095155,0.128784,0.155842,0.099122,0.219558,-0.091520,0.082234,0.168277,0.200253,0.164233,0.179356,0.212527,0.241780,0.090439,-0.058936,0.174072,0.058634,0.192890,0.148477,0.127074,0.167767,0.138614,0.022968,0.105394,0.233323,0.207759,#
14,0.273514,-0.021313,0.019189,0.147672,0.090386,0.242382,0.059286,0.255235,0.309463,0.229642,0.194211,-0.052804,0.201525,0.304186,1.000000,0.277662,0.148376,0.178300,0.214895,0.389425,0.173737,0.026195,0.184299,0.301571,0.038010,0.033702,0.277481,0.237918,0.140265,0.195857,-0.061973,0.167443,0.118406,0.060517,0.184621,0.150605,0.091263,0.174857,0.070967,0.287667,0.190052,0.073704,0.230555,-0.053912,0.162600,0.293348,0.189339,0.025907,0.140751,0.212191,0.245510,0.102490,0.241705,0.303572,0.271021,0.259948,0.193503,0.089114,0.036844,0.044065,0.276446,0.238258,0.131033,0.067641,0.192937,0.033831,0.258822,0.103967,0.158984,0.227816,0.023970,0.056552,0.147691,0.238869,0.220737,0.209299,0.236743,0.182211,0.100739,0.171182,0.235584,0.189450,0.105174,0.136952,0.180019,0.197526,0.021324,0.076814,0.163972,0.057960,0.096081,0.144443,0.177146,0.172712,0.215123,0.088538,0.239324,0.067586,0.073736,0.091557,0.209392,0.193058,0.182259,0.287703,0.134845,0.111908,0.243326,0.255837,0.038194,0.179701,0.006163,-0.075678,0.150128,0.116803,0.204250,0.123074,0.158804,0.091248,0.184705,0.137846,0.408863,0.319956,-0.031021,0.123604,0.192742,0.065185,0.150937,0.099691,-0.000362,0.300987,0.128058,0.094482,0.132514,-0.014721,0.136317,0.057387,0.065761,0.152067,0.006288,0.000118,0.264142,0.221055,0.282548,0.073590,0.034417,0.306820,0.145933,0.140561,-0.050876,0.075454,0.152390,0.088869,-0.016805,0.195626,0.159142,0.212486,0.281143,0.082002,0.149566,0.175139,0.065341,0.210477,0.085694,0.121164,0.203380,0.081341,0.100089,0.053489,0.089517,0.267407,0.202047,0.266837,0.214435,0.088855,0.020476,0.028684,0.324645,0.267897,0.260045,0.108451,0.037854,0.182045,0.217864,0.152544,0.130675,0.152034,0.186267,-0.014539,0.036493,0.183779,0.051108,0.143753,0.158281,0.206438,0.212544,-0.009074,-0.083467,0.106565,0.260427,0.147035,#
15,0.167184,-0.030919,0.249843,0.174117,0.108173,0.069848,0.118748,0.181720,0.210482,0.231655,0.108980,0.071643,0.124588,0.072187,0.277662,1.000000,0.217196,0.268813,0.149612,0.177271,0.115521,0.090717,0.242837,0.267105,0.083062,0.301984,0.216905,0.142379,0.141322,0.222788,0.033708,0.200384,0.113883,0.196113,0.146823,-0.008723,0.046204,0.060679,0.193359,0.083842,0.121133,0.187034,0.151090,0.134701,0.168360,0.177389,-0.082168,0.105091,0.010631,0.250196,-0.051762,0.263807,0.108902,0.166675,0.141649,0.201049,0.123963,0.121043,0.217476,0.193272,0.169300,-0.082970,0.209423,-0.036738,0.186750,0.167850,0.100245,0.133041,0.101193,0.025505,0.245298,0.145508,0.109901,0.092060,0.171125,0.163832,-0.026090,0.154958,0.000316,0.190106,0.227100,0.077523,-0.008164,0.239520,0.196912,0.175835,0.089737,0.192375,0.185648,0.223574,0.017451,0.150821,0.124285,0.203520,0.103074,0.087109,0.298841,0.026842,0.054608,0.030851,0.233647,0.081620,0.025424,0.157573,0.015061,0.084086,0.174117,0.145375,0.039258,0.175998,0.038010,0.182499,0.111978,-0.007847,0.134119,0.278472,0.041629,-0.105970,0.049640,0.001544,0.274990,0.254805,0.087131,0.219644,0.201614,0.028841,0.085195,0.218642,-0.001406,0.162903,0.051431,0.202513,0.098892,0.123236,0.151059,0.175850,0.002902,0.078178,0.022663,-0.076727,0.040590,0.281592,0.163561,0.079406,0.186884,0.076332,0.055017,0.267978,0.256766,0.113675,0.083654,-0.070923,0.097947,0.337104,0.033275,0.337390,0.135714,0.058459,0.151549,0.138926,-0.009174,0.059712,0.225471,0.094979,0.124438,0.221695,0.153355,0.070563,0.142769,0.018477,-0.020857,0.114948,0.148670,-0.021248,0.118045,0.104024,0.300726,0.080132,-0.085757,0.130795,0.233784,0.079816,0.159881,0.290686,-0.021049,0.137168,0.064048,0.095995,-0.022600,0.057406,-0.077478,0.108264,0.152031,0.081337,0.105686,0.068506,0.012835,0.146848,0.080160,-0.123077,#
16,0.118065,0.112119,0.078751,0.174959,0.021664,0.017964,0.104380,0.072521,-0.031765,-0.015052,0.075560,0.084994,0.326480,0.214007,0.148376,0.217196,1.000000,0.148252,0.140021,0.309146,0.191653,0.165247,0.096263,0.074838,-0.098542,0.204919,0.124462,0.039522,0.038909,0.319844,0.034634,0.239949,-0.005546,0.272914,0.133636,0.158766,0.139735,0.021754,0.137827,0.067733,-0.011810,0.102847,0.128585,0.127461,0.126263,0.328319,0.050226,0.048073,0.077194,0.052261,0.089541,0.147878,0.285926,0.157843,0.108655,0.068523,-0.011346,0.063183,0.059706,-0.104359,0.048036,0.266145,0.282336,0.246124,0.246710,0.082958,0.102788,0.331018,0.033421,0.207210,-0.059178,0.286316,0.275107,-0.023254,0.052681,0.162488,0.042849,0.194885,0.077863,0.044784,0.039662,0.093185,-0.007225,0.139947,0.164587,0.095907,0.145205,0.136204,0.150624,0.015673,0.050143,0.194060,0.093781,0.099604,0.049842,0.048520,0.216794,-0.047371,0.042472,0.153358,0.102777,-0.019173,-0.092222,0.049863,0.078606,0.065427,0.165537,0.021302,-0.047941,0.166697,0.111765,0.085171,0.102175,0.074019,0.126898,0.221785,0.105188,0.021235,-0.060980,0.282980,0.191358,0.151290,0.114963,0.219014,0.188962,-0.134789,0.105481,-0.074536,0.058987,0.164890,0.066240,0.002289,0.248826,-0.145423,0.310586,0.206826,-0.097322,0.264144,0.113504,0.170618,0.010432,0.083141,0.076123,0.096959,0.133761,0.091642,0.042753,0.173236,0.195594,0.050567,-0.120593,0.214942,0.005618,0.025032,0.194036,0.155479,0.010340,0.033788,0.066719,0.134023,-0.009828,0.277399,0.176519,0.212266,0.087602,0.050110,0.190288,0.030157,-0.029499,0.064580,-0.002028,0.028808,0.053120,-0.008353,0.095222,0.179945,0.007607,0.082404,0.140195,0.046977,0.059050,0.133539,0.174149,-0.041444,-0.017625,0.169279,0.204713,0.118377,0.023226,0.064793,0.204096,-0.081990,-0.027408,0.069115,0.158560,0.216724,-0.078466,0.161330,-0.027637,0.038064,#
17,0.243336,0.178062,0.098218,0.238534,0.208634,0.150321,0.074090,0.321616,0.236149,0.073450,0.179173,0.302770,0.188662,0.047142,0.178300,0.268813,0.148252,1.000000,0.102134,0.195486,0.297525,0.093333,0.081609,0.274586,0.030489,0.181359,0.129596,0.108706,0.026158,0.257589,0.137454,0.122155,0.342098,0.137544,0.107426,0.192476,0.001156,0.135913,0.287277,0.113153,0.210587,0.138668,0.055361,0.239023,0.084773,0.296898,0.227944,0.051294,0.099626,0.067596,0.166029,0.188892,0.007308,0.238231,0.144465,0.207478,0.243953,0.148303,0.040357,-0.027346,0.221128,0.109457,0.167103,0.048574,0.210641,0.284413,0.228991,0.216620,0.168582,0.234973,0.074255,0.250725,0.228504,0.048699,0.114946,0.250440,0.020910,0.120050,0.010529,0.256044,0.109775,0.198258,0.308399,0.109677,0.162626,-0.072329,0.187975,0.193632,0.141211,0.204516,0.058733,0.050971,0.228540,0.195143,0.080825,0.223475,0.140057,0.218112,0.179729,0.162195,0.133830,-0.032142,0.060880,0.212342,0.047329,0.216795,0.193476,0.181206,0.176980,0.001078,0.175322,0.171835,0.130258,0.272237,0.147079,0.255929,0.012592,0.042865,0.003671,0.097258,0.064018,0.245771,0.164520,0.233855,0.386234,0.066076,0.089243,0.165919,0.053225,0.121998,0.155962,0.164214,0.240784,0.099478,0.202734,0.287379,0.133085,0.289833,0.108760,0.197105,0.190957,0.207679,0.081593,0.185057,0.191695,0.251753,0.010082,0.119895,0.035628,0.023790,0.133359,0.004476,0.020347,0.204496,0.281935,0.318278,0.148123,0.041940,0.268536,0.206327,0.092443,0.239703,0.191109,0.182215,0.117940,0.215696,0.172808,0.184823,0.151324,-0.032516,0.243448,0.074857,0.090628,0.047298,0.159661,0.105239,0.275663,0.151476,-0.116613,0.260376,0.099326,0.212725,0.255418,0.155680,-0.031926,0.134283,0.171204,0.047870,0.125886,0.186146,0.120413,0.293018,0.236298,0.108652,0.335713,0.125920,0.066830,0.141443,0.022040,0.158939,#
18,0.271155,-0.084725,0.058191,0.237338,0.163144,0.019796,0.102941,-0.017171,0.093459,-0.079448,0.142995,0.086914,0.216623,0.113952,0.214895,0.149612,0.140021,0.102134,1.000000,0.134573,0.211224,0.121484,0.020982,0.358140,0.146628,0.122351,0.114027,0.247393,0.101218,0.082053,0.003491,-0.037945,0.191896,0.073054,0.219424,0.244141,0.193050,0.069562,0.098538,0.321633,0.111595,0.191070,0.164468,0.151506,0.111802,0.083108,0.033646,-0.002905,-0.013863,0.248396,0.190002,-0.005897,0.129887,0.170166,0.106881,0.163616,0.124570,0.075492,-0.008662,-0.039914,0.059244,0.029399,0.176361,0.097142,0.147175,0.093905,0.255788,0.165914,-0.023745,-0.014100,-0.045430,0.011177,0.036380,-0.075545,0.054807,0.156525,0.053135,0.153910,0.091780,0.068169,0.227026,-0.019986,0.093897,0.229354,0.095662,-0.032136,0.219689,0.016244,0.181399,0.083552,0.204154,0.009247,0.074460,0.185608,0.071937,0.265418,0.318962,0.079291,0.123524,0.249293,0.034949,0.154464,0.162809,0.156434,0.273489,0.111433,0.116186,0.106519,0.113991,0.149046,0.212907,0.229800,0.164627,0.062663,0.065723,0.073237,0.057197,-0.204244,0.069902,0.125317,0.148572,0.164945,0.086750,-0.030296,0.120383,-0.037581,0.192679,0.103888,0.129974,0.099173,0.152142,0.206388,0.045166,0.100800,0.130566,-0.119347,0.013073,0.202235,0.038093,0.139296,0.124267,0.053917,0.157880,0.098038,0.145620,0.188340,0.013564,0.063377,-0.013022,0.010773,0.010922,0.136399,0.061251,0.099460,0.108966,0.210878,0.238784,0.025201,-0.060718,0.314012,0.169611,0.148923,0.172173,0.123777,0.072143,0.210594,0.158533,0.089643,0.023167,0.200441,-0.065652,0.073689,0.172887,0.100794,-0.064954,0.254783,0.264731,0.171358,0.237856,-0.056650,0.085963,0.056619,0.226964,0.009267,0.108052,0.010898,0.294856,0.154015,0.013555,0.060150,0.049358,0.200985,0.191600,0.046074,0.121979,0.000970,0.049838,0.197838,0.250435,0.047556,#
19,0.238917,0.110130,0.168749,0.200578,0.307354,0.206364,0.007956,0.134187,0.193315,0.309105,0.202557,-0.075596,0.264286,0.285495,0.389425,0.177271,0.309146,0.195486,0.134573,1.000000,0.240432,0.107033,0.186182,0.178335,0.022914,0.342434,0.323930,0.194303,0.162962,0.286550,0.116450,0.247146,0.186777,0.180920,0.190027,0.322389,0.056988,-0.003430,0.299438,0.172252,0.165849,0.239295,0.034402,0.081726,0.122975,0.316193,0.268598,0.293461,0.033120,0.254406,0.250633,0.180118,0.106759,0.337328,0.200650,0.351244,0.242336,0.136720,0.142100,0.110366,0.204369,0.261064,0.249538,0.278532,0.323700,0.107525,0.189751,0.227457,0.093477,0.232517,0.204752,0.179967,0.211135,0.068273,0.262898,0.407243,0.155895,0.333641,0.359056,0.179598,0.301047,0.288576,0.233982,0.171691,0.355188,0.069107,0.163773,0.214204,0.203473,0.055973,0.036977,0.203386,0.271497,0.157531,0.114516,0.270373,0.277355,0.211402,0.016537,0.098344,0.159183,0.198501,0.288081,0.231660,0.327726,0.334169,0.152205,0.387279,0.075685,0.061165,0.171982,0.178113,0.202146,0.274057,0.248252,0.183918,0.217656,0.292490,0.181539,-0.016101,0.399587,0.376640,0.236615,0.317923,0.359366,0.066532,0.281396,0.201112,0.042590,0.346969,0.107076,-0.010910,0.252437,0.143586,0.275259,0.226270,0.122033,0.411093,0.190205,0.074929,0.117085,0.308136,0.301713,0.134478,0.146410,0.247352,0.095176,0.259926,0.188448,0.012641,0.156009,0.247840,0.147599,0.302977,0.311709,0.170546,0.210091,0.006057,0.180348,0.119866,0.309166,0.251579,0.250852,0.257465,0.253640,0.168450,0.097399,0.111082,0.256868,0.127596,0.173806,0.250288,0.335942,0.196552,0.068969,0.166329,0.309838,0.249197,0.166047,0.042064,0.066123,0.230526,0.344712,0.229758,0.167546,0.196402,0.200539,0.205546,0.176753,0.196968,0.373455,0.238828,0.004958,0.149873,0.282927,0.164891,0.087709,0.166732,0.261744,0.324414,#
20,0.151131,0.066467,0.276000,0.223758,0.332276,0.181177,0.193242,0.093355,0.185292,0.069103,0.076626,0.102833,0.099288,0.210695,0.173737,0.115521,0.191653,0.297525,0.211224,0.240432,1.000000,0.165327,0.080257,0.230485,0.228006,0.285112,0.131800,0.181049,0.067268,0.205903,0.015025,0.008152,0.168436,0.165220,0.067684,0.116589,0.231098,0.117265,0.124834,0.195536,0.227551,0.330377,0.045785,-0.035507,0.216744,0.244852,0.333959,0.081060,0.109810,0.110688,-0.002890,0.199643,0.064539,0.306820,0.195705,0.140901,0.183674,0.188174,0.118320,-0.037739,0.157966,0.148770,0.258156,0.103009,0.150722,0.108399,0.176583,0.177017,0.318002,0.213017,0.171081,0.260394,0.298667,0.119458,0.017594,0.027915,0.124501,0.338888,0.173938,0.091784,0.204704,0.155376,0.256728,-0.001686,0.239374,0.138900,0.162432,0.147133,0.309279,0.109434,0.121545,0.240588,0.184246,0.253571,0.216331,0.167873,0.213918,0.268754,0.173567,0.033574,0.190833,0.058001,0.171859,0.144245,0.092822,0.174289,0.089710,0.190457,0.098166,0.220587,0.271673,0.296407,0.142004,0.201428,0.120264,0.327894,0.247662,0.073429,-0.065756,0.177581,0.075517,0.255966,0.046367,0.050216,0.224040,-0.005001,0.224220,0.166064,0.203291,0.176516,0.146973,0.139312,0.200021,0.021797,0.261498,0.126694,0.220575,0.229883,0.134853,0.096694,0.240838,0.145160,0.157539,0.202440,0.241828,0.162977,-0.014962,0.181375,0.209302,0.113549,0.178237,0.135898,-0.004744,0.169383,0.215879,0.140070,0.101776,-0.005817,0.079626,0.341098,0.178012,0.288748,0.199969,0.155052,0.218245,0.132895,-0.060288,0.229755,0.063771,0.056641,0.175269,0.079490,0.038114,0.069470,0.078844,0.179221,0.113067,0.145939,0.251220,0.163427,0.021983,0.155286,0.130211,0.165842,0.141792,-0.073031,0.230184,0.119517,0.132812,0.326094,0.042122,0.252299,0.157743,0.143331,0.259324,0.211645,0.059100,0.213319,0.171080,0.254434,#
