0,1.000000,-0.019131,-0.032742,0.025568,-0.018774,0.106655,-0.101108,0.067413,0.041467,-0.103707,-0.124399,-0.008007,0.141835,-0.275783,0.217518,-0.116928,0.058172,0.017640,-0.014672,0.152700,-0.086996,-0.106667,0.067270,0.047842,0.061871,0.004675,0.180581,0.015653,-0.112850,0.052990,-0.092162,-0.045607,-0.045409,-0.212918,0.153280,0.056608,0.075494,-0.063904,0.098341,0.058177,-0.046972,-0.077290,0.137325,0.078185,-0.066720,-0.040396,0.067042,-0.038421,-0.131739,0.012689,0.091271,-0.008010,0.144786,0.199352,-0.051167,0.124400,-0.125896,0.010673,-0.088654,-0.127573,0.219853,-0.143134,-0.005749,0.076432,-0.074549,0.205393,-0.152457,0.190750,-0.101579,0.036007,0.014856,-0.038729,0.029617,-0.094264,0.063526,-0.084109,-0.163064,-0.100477,-0.137698,-0.059720,0.236506,0.099725,-0.205000,-0.078237,-0.045425,0.195379,-0.016029,-0.227246,-0.198376,-0.039136,-0.023545,-0.007360,-0.086080,0.022614,0.026078,0.116091,-0.044896,-0.042690,0.043452,0.109899,-0.106045,-0.059855,-0.102668,-0.019978,0.106987,-0.130391,-0.203391,0.063569,0.082901,-0.028204,0.161196,-0.094202,-0.029964,-0.040996,-0.026067,0.048346,-0.094798,-0.131615,0.112950,0.079560,0.007211,0.196640,0.081733,0.110869,-0.008491,0.074210,0.027590,0.028046,-0.080652,-0.083113,-0.041594,-0.016482,-0.032508,-0.084282,-0.048886,-0.109344,0.134297,0.139552,-0.063219,-0.024092,-0.147811,0.151060,-0.118045,0.117111,0.075692,-0.070393,-0.022236,0.012489,0.134589,0.001666,-0.011847,-0.207312,0.004165,-0.064321,-0.039256,-0.002959,-0.058543,0.010470,0.115036,0.091710,0.107442,0.223203,-0.141496,-0.138232,0.050593,0.050490,0.036094,-0.067565,0.165428,0.070340,0.114003,-0.068897,0.171990,0.041449,0.101113,-0.235179,-0.011290,0.032988,0.072619,-0.018148,-0.142380,0.062015,-0.178921,0.029566,0.053205,-0.034855,0.012587,0.195244,0.019257,0.102626,-0.073496,0.034012,0.079756,-0.055491,-0.062589,-0.067228,-0.088096,-0.079383,0.000119,0.050056,#
1,-0.019131,1.000000,-0.066546,0.189536,0.031144,0.091844,0.020147,-0.049251,-0.087800,-0.063793,0.055343,-0.085064,0.133278,0.117381,-0.094504,-0.054747,0.144478,-0.014400,0.061045,0.008882,0.260347,0.143147,0.161329,0.255538,0.016272,0.007311,0.087183,-0.083437,-0.106647,-0.133112,0.008856,0.227145,0.111175,0.001680,0.108667,0.075686,-0.129274,0.076338,-0.032667,0.073715,0.075474,0.040103,-0.045326,0.069813,0.017477,0.236347,0.129277,0.039663,-0.041289,0.062405,0.126851,0.235395,0.144853,0.010581,0.050487,0.227130,-0.150202,0.102201,0.159746,0.021167,0.052676,0.012511,-0.091142,-0.112651,-0.078303,0.005599,0.085260,0.127793,0.177401,0.156971,0.083459,0.070836,0.268808,0.003725,-0.045035,-0.042531,0.090110,0.074017,0.105201,0.015847,0.113248,0.212806,0.183484,0.052068,0.002609,0.024614,0.025404,-0.118754,0.009848,0.100993,0.049456,0.010898,0.080715,-0.054198,-0.124466,0.000409,0.081090,-0.028176,-0.104686,0.124668,-0.015273,0.185419,0.062483,0.160232,0.099330,-0.006530,-0.071852,0.203170,-0.009654,-0.092662,0.111423,0.103336,-0.113547,0.015811,0.029957,0.072835,0.282717,0.276355,0.056110,-0.079550,0.210915,0.144087,-0.013984,0.148106,-0.047569,0.083571,0.239371,0.161401,0.092577,0.083331,-0.015727,-0.051755,-0.048665,0.193473,-0.039856,-0.008871,-0.029531,-0.047065,0.166647,-0.034737,-0.080904,-0.001617,-0.133373,-0.074992,-0.085113,-0.014754,0.099101,-0.096252,-0.072467,0.028039,0.052306,0.055856,-0.103568,0.060319,0.144173,-0.038273,0.026905,0.045838,0.013466,0.010272,-0.070967,0.138953,0.127027,0.106277,-0.009637,-0.073230,-0.035701,0.150043,-0.072512,0.128627,0.174077,-0.115101,0.067963,0.059229,0.119407,0.000288,0.085828,0.104059,0.073648,-0.074250,0.019547,-0.098664,-0.042908,-0.145423,-0.054651,0.187017,-0.025066,-0.164875,0.038316,0.017051,0.005925,0.056245,-0.013226,0.199333,0.174005,0.094353,0.143421,-0.112608,0.023907,0.096366,#
2,-0.032742,-0.066546,1.000000,-0.011795,-0.140105,0.019473,0.006959,0.132418,-0.110182,0.083024,0.019109,-0.147739,0.004407,-0.088543,-0.029197,-0.078395,0.086603,0.075458,0.107124,0.051699,0.064049,0.023106,-0.202325,-0.040098,-0.048314,-0.187972,0.021385,-0.032502,-0.074476,0.075706,0.014540,0.035395,0.124012,0.071451,0.128294,0.034884,0.175142,-0.062420,0.075974,0.075994,0.241153,0.096858,-0.088466,-0.084373,0.028912,0.167970,0.089273,-0.054803,-0.058700,0.216698,-0.100345,-0.140581,-0.054878,0.177376,0.137818,0.103636,0.071061,-0.015028,-0.164141,-0.060236,0.107670,0.084519,-0.031706,0.189262,-0.049678,-0.029648,0.259368,-0.220547,0.258625,0.056582,0.174348,0.001143,-0.046790,0.158284,-0.050517,-0.082023,0.094867,0.186619,0.096315,0.262449,-0.046848,0.104685,-0.010775,0.136249,0.113940,0.221805,0.152562,0.174183,0.023368,0.014653,0.213029,0.006081,-0.004815,-0.157883,0.249059,0.004910,-0.058217,0.005442,0.061021,-0.004967,0.114134,-0.161530,-0.176223,0.100848,0.128295,0.227811,0.022075,-0.042780,0.285655,0.038147,0.108389,0.003909,0.047450,-0.095885,0.063824,-0.067961,-0.130079,-0.052243,0.097575,-0.067060,0.003792,0.136716,0.053671,-0.040698,0.111371,0.222490,-0.002670,0.018885,-0.031602,0.102657,0.040531,0.159665,0.131263,0.162608,-0.093746,-0.141556,-0.159906,-0.086011,-0.093976,0.028803,0.122400,-0.022631,-0.043526,-0.055332,-0.021859,0.123342,0.117882,0.026015,0.146860,-0.090676,0.075308,-0.024810,-0.059618,0.170761,-0.085004,0.215561,-0.042417,0.017855,-0.024220,-0.144361,-0.014749,-0.312128,0.053326,0.028165,-0.090550,0.044608,0.114419,-0.021443,-0.053728,0.054304,0.087391,-0.070065,0.070346,-0.081551,0.087719,0.139017,0.175044,0.106384,-0.013057,-0.097934,-0.086966,0.141522,0.136618,0.170113,-0.031718,0.103786,0.000262,0.141018,0.012884,-0.125039,-0.188548,0.118239,0.027894,0.148668,0.042578,0.213062,0.161820,-0.051221,-0.055748,-0.073290,#
3,0.025568,0.189536,-0.011795,1.000000,0.079430,0.078248,-0.084941,0.106191,0.051457,0.026304,-0.017589,0.006662,0.239406,-0.035195,-0.039149,-0.066728,0.126266,-0.059290,0.005819,-0.006844,0.211732,0.188287,0.036022,-0.020895,0.158874,0.269239,0.132605,0.107616,0.045933,0.002515,-0.070740,0.180712,0.098983,0.150204,0.131059,0.037386,-0.051839,0.043733,-0.038317,0.176244,0.099947,0.100610,-0.001751,-0.053433,0.179592,0.169114,0.023165,0.199901,0.123311,0.048229,0.095488,0.073999,0.161344,0.099684,0.222018,0.093719,-0.177049,0.066948,0.309301,0.006477,0.150322,0.106564,-0.052005,0.071339,0.099824,0.206539,-0.030781,-0.008084,0.051399,0.216786,-0.045704,0.107160,0.300271,0.190750,0.010064,0.048051,-0.017174,0.030327,0.133199,0.183481,0.142699,0.122566,-0.002434,0.048903,-0.053375,0.096108,0.013841,0.086918,-0.019965,0.082980,-0.067492,0.112356,0.170260,0.016195,0.139611,0.157027,0.025366,0.057300,-0.182666,0.201215,0.009328,-0.099006,-0.110348,0.077901,0.086513,0.080859,0.132750,0.262055,-0.000210,-0.027203,0.017594,0.196592,0.033180,0.104119,0.086465,0.029816,0.241318,0.110034,0.086925,0.018594,-0.048271,0.016859,-0.065575,0.120925,0.056891,0.085574,0.253827,0.173432,-0.039001,0.144564,0.012075,0.033602,-0.003087,0.303168,0.110980,0.044027,0.112857,-0.034332,0.108763,0.077292,0.041517,0.010019,-0.120904,-0.006784,-0.207424,0.117973,0.058829,0.087674,0.070480,-0.142470,-0.036184,-0.052004,0.072069,0.038298,0.101059,0.011965,0.163980,0.125620,-0.044479,0.188639,0.216266,0.208027,0.048417,0.335439,0.142436,0.011027,0.001280,0.003455,0.039127,0.158243,0.165825,0.009063,-0.005413,0.072613,-0.137714,0.184207,0.049264,-0.044271,0.144381,0.027180,-0.021124,0.172735,-0.056333,0.131700,-0.027221,0.114350,-0.080004,-0.111092,0.210749,0.089939,-0.067261,0.039242,0.122722,0.092491,0.112291,0.156401,0.126266,-0.002913,-0.021750,0.196137,#
4,-0.018774,0.031144,-0.140105,0.079430,1.000000,0.089675,0.047564,-0.020500,-0.093255,0.053135,0.088924,-0.051092,-0.131652,-0.119556,0.048879,0.025383,-0.116792,-0.068102,-0.212278,0.061813,0.091358,0.157295,0.234694,0.127492,-0.056221,-0.092535,-0.040881,0.018028,0.128634,0.097647,0.083766,-0.012912,0.059066,-0.050424,0.057304,0.149333,-0.092404,-0.100861,0.099966,0.202084,-0.089268,0.073190,0.097263,0.084090,0.218166,-0.131997,0.172925,-0.021487,-0.083935,-0.077200,0.212929,0.161488,-0.006407,-0.143993,0.016872,0.061006,-0.077798,0.090464,0.223615,-0.028297,-0.065954,0.058979,0.134170,0.003313,0.214968,0.292511,0.028410,-0.017809,-0.037221,0.066505,0.140649,-0.003776,-0.031318,-0.022786,0.016984,0.152686,0.094613,0.038389,0.103530,-0.014281,-0.139553,0.173696,0.088406,-0.126275,0.063088,-0.062862,0.001292,0.084340,0.130158,0.140730,-0.080156,-0.115951,0.013205,-0.080433,0.141138,0.086081,0.102831,0.061274,-0.086114,-0.056197,-0.069084,0.182113,-0.059060,0.084181,-0.000059,-0.168614,0.067054,0.044668,0.000477,0.152712,-0.117048,0.085037,0.260045,0.239282,-0.028404,-0.033875,-0.064359,0.303895,-0.043436,0.078858,0.042009,0.024070,-0.023075,0.022476,0.070412,0.066290,0.174999,-0.004184,0.166008,0.095589,0.171355,0.020060,-0.067238,0.024273,0.062634,0.026709,-0.009598,0.204059,-0.025596,0.054404,-0.109848,0.263935,-0.001919,0.133417,-0.053467,0.110377,0.065418,-0.158838,0.073332,0.011289,-0.077762,0.167427,0.010254,-0.164308,0.154890,-0.122739,0.198320,0.193810,0.145928,0.058255,-0.064637,0.246996,-0.002016,0.169459,0.117339,-0.036407,0.099995,0.064178,-0.044570,0.035445,0.009495,0.030477,-0.012147,0.032722,-0.017824,0.027109,0.011152,0.099333,0.046798,0.166122,0.137531,0.014934,0.064391,0.111615,0.231544,0.137245,0.007620,0.080492,-0.009541,0.105392,0.090659,-0.106681,0.066954,0.007957,0.113529,-0.131974,-0.027614,-0.016735,0.006296,0.063809,#
5,0.106655,0.091844,0.019473,0.078248,0.089675,1.000000,-0.051284,0.088389,0.019820,0.077719,-0.089345,-0.136828,0.089083,-0.131495,-0.038087,-0.091315,0.054856,-0.019217,0.121227,0.184765,-0.002082,-0.150901,-0.028989,0.043639,0.149037,0.206374,0.092423,0.139058,-0.088792,0.162934,-0.025898,0.063339,0.054021,0.225163,0.100868,0.073281,0.035319,-0.109497,-0.012169,0.138602,-0.103757,0.064602,0.019555,0.023637,0.094392,0.038294,-0.088104,0.212176,-0.047995,0.100061,0.162035,-0.059762,-0.012620,-0.000420,0.164536,0.275045,-0.054839,0.006240,0.078114,0.033009,-0.098065,-0.192136,0.015944,0.168036,-0.042626,0.021691,-0.127772,-0.009538,0.056124,0.128842,0.200492,0.086157,0.061440,0.100534,0.057566,-0.026496,-0.138948,0.234419,0.049643,0.023543,0.012944,0.174560,0.037818,-0.013911,-0.084909,-0.014322,0.001364,-0.074566,0.084948,-0.019626,0.192053,-0.133723,-0.036794,-0.027589,0.030156,-0.232434,0.167219,0.139711,0.107976,-0.087178,0.099096,-0.001710,0.168284,0.120032,0.042418,-0.058021,0.066216,0.111714,-0.099959,0.060922,-0.000703,0.048803,0.044955,-0.026021,-0.080366,-0.120437,0.256933,0.178151,0.130948,0.005757,-0.048069,0.071865,-0.000020,0.152256,0.037177,0.103435,0.305826,-0.042172,0.019243,-0.179428,-0.008264,0.102456,0.122874,0.192893,-0.012917,-0.147240,-0.190018,0.093839,-0.064514,-0.001690,-0.089253,-0.061257,0.002355,-0.012399,0.311433,0.033484,-0.025983,0.131290,0.030086,0.121301,0.220607,0.041739,0.238904,0.001887,0.101171,-0.007006,0.110655,0.021665,0.066849,0.030571,0.040451,0.173374,0.019506,0.060504,0.048126,-0.148777,-0.207348,0.153464,0.099358,0.033089,0.231360,0.072837,-0.002839,0.009048,-0.145043,0.223053,0.210641,0.051485,0.154149,0.129613,0.101236,-0.063251,-0.259671,0.063557,-0.016404,0.120693,0.034462,0.121334,0.234892,0.157361,-0.101182,0.160616,0.043436,0.197229,0.096615,0.100300,-0.033572,0.109148,0.035392,0.187406,#
6,-0.101108,0.020147,0.006959,-0.084941,0.047564,-0.051284,1.000000,-0.111758,0.090369,0.171222,0.189442,-0.027400,-0.014363,-0.156524,-0.195902,0.406066,0.198086,0.144554,0.007094,-0.109648,-0.086621,0.048695,-0.058231,-0.083121,0.175857,0.028342,-0.049980,0.021870,0.122806,-0.039125,0.049188,0.128732,0.037406,0.086062,0.008690,0.022373,0.040520,0.075484,-0.111709,-0.061987,0.042185,0.039620,0.243349,0.144197,-0.015165,-0.025365,0.026528,0.111512,-0.064760,0.048976,-0.092380,-0.024712,-0.038224,-0.153242,0.014740,-0.015688,0.015957,0.044257,0.010591,-0.161278,0.201065,0.062825,0.011249,-0.028479,0.143317,0.011175,0.005018,0.033120,0.016609,-0.050676,0.183390,0.234568,-0.133950,-0.021951,-0.027193,0.098966,0.236119,0.118667,0.224795,0.051873,-0.041041,0.091542,-0.112448,0.187964,0.083663,-0.161804,0.120924,0.048576,-0.043080,-0.029411,-0.056142,0.009407,-0.018319,-0.027684,0.068780,0.062012,0.177216,0.061085,-0.060969,-0.030472,0.072144,0.130829,-0.028368,0.066291,0.144316,-0.042093,0.015562,0.122147,0.194498,-0.067624,-0.025528,-0.059224,0.028138,0.175362,0.011712,0.163261,-0.153276,0.036504,-0.090340,0.159289,-0.010527,0.104302,-0.230264,-0.047966,0.012067,0.003623,-0.039835,-0.052131,0.129709,0.023608,0.114859,0.080311,-0.024795,-0.026993,0.061397,-0.083032,0.128809,-0.094840,0.059835,0.181989,0.006972,-0.046241,-0.096380,-0.000658,0.004533,0.162283,0.027108,0.168994,0.046512,-0.001754,-0.048212,0.085000,-0.117478,-0.024051,-0.018544,-0.034731,-0.051940,-0.228693,-0.133603,0.097123,-0.078812,0.013875,-0.048651,-0.024203,-0.116788,0.052198,0.069690,-0.054368,0.030519,0.002429,-0.028853,0.190151,-0.191054,-0.130163,0.018269,0.197933,0.059121,0.138990,-0.042122,-0.101480,0.061892,0.028755,0.024484,0.050354,0.006414,-0.032390,0.127332,-0.144030,0.097481,0.009182,-0.033516,0.112267,-0.096293,0.003128,0.021742,0.074148,0.111359,-0.088841,-0.014599,0.033750,#
7,0.067413,-0.049251,0.132418,0.106191,-0.020500,0.088389,-0.111758,1.000000,0.148907,-0.087398,-0.137936,-0.151930,0.159589,0.001452,0.069654,-0.042836,0.018252,0.177282,0.098721,0.120452,0.153918,0.008985,0.025212,-0.105394,0.030771,0.176218,0.043701,-0.097612,0.043411,0.162004,-0.060768,0.013395,0.076213,0.020478,0.054682,0.130153,-0.097157,0.098513,0.253893,0.108143,0.047391,0.222869,-0.049747,-0.046910,-0.015576,0.123653,0.112062,0.182557,0.221470,0.058836,-0.075275,0.090177,0.110573,0.062168,0.156081,-0.038387,-0.018161,-0.237559,0.200974,0.272139,-0.007778,0.168608,-0.002340,0.062655,0.080518,0.054899,0.105044,-0.097933,-0.184183,-0.044216,0.136652,0.001062,0.073525,0.115790,-0.014641,-0.068695,-0.058812,0.008755,-0.038726,0.030734,0.210008,0.057233,0.083292,0.087532,0.015948,0.196895,-0.004939,0.095747,-0.032512,0.117730,0.091294,-0.043978,0.184451,-0.033852,0.164682,0.143523,0.133374,0.222523,0.189561,0.058310,0.013739,-0.097946,-0.225510,-0.092355,0.086586,-0.004049,-0.096235,0.189193,0.117786,-0.036069,0.180079,0.034528,0.189491,0.105433,0.156741,0.039793,-0.031011,-0.012486,0.140609,0.138401,0.119826,0.099763,0.101741,0.032240,0.060250,0.150606,0.001757,0.082167,0.022205,0.103678,-0.001934,0.150773,0.160990,-0.093764,-0.062132,-0.077766,-0.075920,0.215040,0.008410,0.000721,-0.090476,-0.008287,0.027196,0.008264,0.126921,0.118523,0.060267,0.003841,-0.064065,-0.055190,-0.122407,0.138460,0.002577,-0.116667,0.050025,0.242855,0.139469,0.082946,0.044038,-0.056278,0.101797,-0.038375,0.143517,0.005296,-0.018798,-0.021525,0.012385,-0.034029,-0.241106,-0.105055,0.153136,-0.044322,0.116072,0.082526,0.101091,-0.104416,-0.029378,-0.007504,0.115085,0.007416,0.075321,0.051251,-0.041626,0.130708,0.106397,0.145687,0.128756,0.049115,0.149539,0.216616,0.117597,0.061782,0.052479,0.044970,0.098970,0.032563,0.048275,0.110149,0.032584,0.038951,#
8,0.041467,-0.087800,-0.110182,0.051457,-0.093255,0.019820,0.090369,0.148907,1.000000,0.010921,0.024516,0.125669,0.091715,0.104797,0.039647,0.114921,-0.009680,0.001252,-0.144400,0.118814,0.181294,-0.005850,-0.087634,0.064242,0.217251,0.138981,0.070456,-0.185501,-0.040109,0.025374,0.042473,0.044671,0.055462,-0.036111,-0.014810,0.322042,0.039197,0.043884,-0.060209,-0.012440,0.034666,-0.029113,0.283410,0.158658,-0.044488,-0.081271,-0.014314,-0.033229,0.107323,0.069832,0.066530,0.106959,0.131068,-0.027018,-0.044253,0.054728,0.044347,-0.034674,-0.002928,-0.036708,0.133280,0.123616,0.192250,0.148979,0.091268,0.108540,0.127664,0.123452,0.135045,-0.092804,0.112638,0.225434,0.135628,-0.009487,-0.003287,-0.046836,-0.084343,0.025674,0.135038,0.041559,0.108076,0.098938,-0.120073,0.000143,0.029328,0.024060,0.138097,0.065792,-0.084829,-0.085269,0.133313,0.000342,-0.086399,-0.016071,-0.096415,-0.020825,0.228583,0.188202,0.242402,0.200578,-0.044937,-0.257114,0.091526,0.180643,-0.123399,0.103911,0.021937,-0.035415,-0.066250,0.164859,-0.062047,0.011662,-0.011230,-0.013532,-0.136641,0.062359,0.132401,-0.008996,-0.043326,0.106030,0.053106,0.018069,0.070688,0.171211,0.052813,0.070427,-0.131877,-0.020372,0.157962,0.155626,-0.060124,0.199706,0.104937,-0.072893,-0.119716,0.143261,0.011434,0.027880,0.148471,0.032574,-0.091058,-0.095219,-0.059283,-0.293521,0.078240,0.001021,0.038197,0.265632,-0.032918,0.092088,-0.042948,0.163472,-0.085280,0.161545,0.132780,0.003507,0.100286,0.103823,0.216581,-0.109957,0.073320,-0.105294,-0.042653,-0.126898,-0.129538,-0.019515,0.001888,0.157861,0.083705,-0.136298,0.019522,0.186439,-0.213228,0.035848,0.108766,0.012894,0.081940,-0.062268,0.107503,0.071948,0.128791,-0.029366,0.004539,0.001955,-0.048587,-0.053019,0.201990,0.060414,0.010249,0.168054,0.161716,0.092232,0.114127,0.065389,-0.002618,-0.096151,-0.243995,0.018342,-0.057609,0.213656,#
9,-0.103707,-0.063793,0.083024,0.026304,0.053135,0.077719,0.171222,-0.087398,0.010921,1.000000,-0.001371,-0.043209,0.092496,-0.087568,0.037915,0.105857,-0.007060,0.072587,-0.164689,-0.113577,0.011118,-0.026154,-0.138914,0.043497,0.059185,-0.074222,0.103669,0.076343,-0.109724,-0.121117,-0.054899,0.086899,-0.042497,-0.001933,-0.009331,0.091007,0.100526,-0.039694,0.007954,0.019880,-0.105951,-0.023941,-0.036400,-0.021717,0.037373,-0.066958,-0.041925,0.106736,0.134766,0.171678,0.120132,-0.021473,-0.109863,-0.122830,-0.077095,-0.022090,0.122763,0.106107,-0.171440,0.019422,0.077203,0.020178,0.043310,-0.148483,-0.128667,0.085338,-0.045842,-0.025743,0.115309,-0.011433,0.136779,0.069868,-0.003398,0.054457,-0.165439,-0.031318,0.148650,0.075195,0.012668,0.148156,0.014370,0.139755,-0.013878,0.094311,0.114319,0.035948,0.162226,0.189626,-0.007754,0.101348,0.168910,-0.126673,0.040171,-0.134235,0.135470,-0.066210,-0.002041,-0.024704,0.088517,0.100440,0.114037,0.139135,0.059149,-0.010450,0.029797,0.033322,-0.130753,0.236644,0.126429,0.000888,-0.035453,0.177139,-0.031062,0.005301,0.012156,0.120734,-0.051528,0.084430,0.109282,0.136300,-0.193236,0.078082,-0.048452,-0.011166,0.164254,0.158074,0.006738,0.061097,0.065096,-0.018360,-0.040193,-0.002613,-0.022086,-0.010044,0.084953,-0.168864,0.053418,0.015663,-0.022988,0.009920,0.155796,0.081436,0.130342,0.151547,0.085699,0.294599,-0.011346,0.165833,0.045197,0.011815,-0.018327,0.090098,0.058300,0.033459,-0.014614,-0.051844,0.029672,0.086616,0.221637,0.051118,-0.042811,0.067039,0.188293,0.062094,-0.006835,0.038289,-0.158145,0.139342,0.128666,0.067301,0.076407,-0.016046,-0.020184,-0.261303,-0.067041,0.160186,0.267476,0.105642,-0.056628,0.096804,0.121433,0.130336,0.092278,0.016908,0.088899,0.040154,0.073176,0.078072,0.140493,0.006153,-0.155182,-0.104595,-0.030011,-0.088979,-0.145469,0.054752,0.074272,0.085806,-0.043656,-0.047482,#
10,-0.124399,0.055343,0.019109,-0.017589,0.088924,-0.089345,0.189442,-0.137936,0.024516,-0.001371,1.000000,0.076727,-0.031950,-0.069749,-0.145740,0.180597,0.203288,-0.009777,0.041196,-0.090613,0.007648,0.101027,-0.133815,0.143612,0.029031,0.027126,-0.032624,0.035240,0.081544,-0.000163,0.038825,-0.004567,0.041315,0.093300,-0.017567,-0.030468,0.111522,-0.008996,-0.169697,-0.094627,0.075513,-0.119240,0.045903,-0.088337,0.009074,0.061397,0.230021,0.036198,-0.057448,0.147426,-0.098096,0.181767,0.015900,-0.127299,-0.035813,0.250206,0.029101,0.136017,-0.144066,0.016430,0.084968,0.026892,0.134888,0.152081,0.003800,-0.047835,0.166231,-0.071084,0.137046,-0.103970,0.259448,0.175867,-0.005743,-0.098110,0.077502,0.167570,-0.130879,-0.018359,0.166685,-0.083410,0.012593,-0.082677,0.004548,-0.119018,0.024851,0.031113,0.133350,-0.087619,-0.068806,0.234832,-0.044173,0.117610,0.145051,-0.210865,-0.077241,0.016003,0.091337,0.171496,-0.041992,-0.006586,-0.004938,-0.030989,-0.050313,0.071874,-0.040297,0.091332,0.249640,-0.116718,0.001938,0.056074,0.032059,-0.012006,0.136843,0.182372,0.034164,0.092548,-0.081345,0.138671,-0.024085,-0.039617,0.039871,0.107510,-0.070253,-0.029398,-0.005871,0.077825,0.102863,-0.049047,0.158368,0.087081,0.018332,0.097673,-0.035661,0.121583,0.182461,0.177064,-0.056529,0.011869,0.133665,0.141311,0.004640,0.036947,0.115836,0.080495,-0.001794,0.185967,0.061116,0.150296,0.017503,0.191480,-0.076587,-0.021272,-0.021874,0.130368,0.121891,-0.068070,0.073369,0.000220,0.021509,-0.132183,-0.067761,-0.070772,0.039245,0.108863,-0.098154,0.034779,0.016629,0.014675,0.095519,0.066642,-0.217575,0.095141,-0.078433,0.010795,0.167507,0.145605,-0.027302,-0.022954,-0.054237,0.053306,-0.166547,-0.109976,0.005200,0.104952,-0.183953,0.069938,0.224083,0.068467,-0.103649,0.029982,-0.066815,0.025874,0.076825,0.238132,0.028897,-0.096254,-0.001595,-0.079824,-0.024184,0.181282,#
11,-0.008007,-0.085064,-0.147739,0.006662,-0.051092,-0.136828,-0.027400,-0.151930,0.125669,-0.043209,0.076727,1.000000,0.006946,0.066521,0.121472,-0.015786,-0.127532,-0.015506,0.123698,-0.025878,-0.051590,0.019350,0.053409,0.093895,0.072867,0.060817,-0.023508,-0.026346,-0.062133,-0.032632,0.175193,0.178497,0.059410,0.061456,-0.046851,0.080868,0.066753,0.149125,-0.011069,-0.069287,0.122637,-0.119654,0.067118,-0.044618,0.009626,-0.247340,0.034116,0.031241,0.086734,-0.066860,-0.197040,-0.045775,0.174606,0.013548,0.032583,-0.014860,-0.082594,0.243448,0.056086,0.235670,0.001137,-0.013087,0.151607,0.020799,0.003480,-0.113465,0.056643,0.128994,0.018873,0.049266,-0.172478,-0.050475,0.065599,-0.039657,0.266784,0.141441,0.032263,0.014019,-0.019977,-0.120007,-0.136940,0.021594,0.021699,0.020499,0.039494,-0.092601,0.056724,0.031028,0.059401,-0.068363,-0.011824,0.002151,0.016467,0.014382,-0.180961,0.066169,-0.036500,0.133670,-0.030886,0.076730,-0.103776,-0.023462,0.030292,0.054144,-0.031622,0.073915,0.114066,0.041825,0.005134,-0.047179,0.031340,0.146139,-0.039863,0.028928,0.020354,-0.110353,0.002034,0.090041,-0.077365,0.224400,0.087422,-0.100458,-0.000207,0.200335,-0.016552,-0.060411,-0.002636,0.145021,0.254299,0.207501,0.057653,0.028734,0.162397,0.055344,0.074772,0.191483,0.123232,0.175903,0.073472,0.196703,-0.134618,-0.211108,0.174283,0.128729,-0.043684,0.016335,0.001588,0.014582,-0.076436,-0.162672,-0.009932,-0.030318,0.023757,0.250179,0.052818,-0.038937,0.037645,-0.047953,-0.056322,0.036840,0.099758,0.141708,-0.024020,0.014653,0.053418,0.212464,0.124061,0.034089,0.030396,0.036756,0.115425,-0.003569,0.040923,0.086163,-0.026950,0.095551,0.055520,-0.082486,0.049055,0.063168,-0.006944,-0.073380,0.057443,0.019761,0.024638,-0.042330,0.160017,-0.024298,-0.113551,-0.142202,0.109478,0.095133,0.061601,0.052210,0.054982,-0.095777,-0.108525,0.086588,0.009074,0.002871,#
12,0.141835,0.133278,0.004407,0.239406,-0.131652,0.089083,-0.014363,0.159589,0.091715,0.092496,-0.031950,0.006946,1.000000,-0.019889,0.099008,0.079420,0.014659,-0.039423,0.155139,-0.091675,0.130750,0.056331,0.031668,0.036540,0.195260,0.138488,0.034607,-0.060117,-0.031395,-0.004534,0.086935,-0.014063,0.018634,0.173137,0.240124,0.083698,0.077992,0.074085,-0.076459,-0.080474,-0.004017,-0.116413,0.053979,0.002101,0.181619,0.124940,0.263234,0.188778,0.154618,0.184346,0.086315,-0.089929,-0.015061,-0.011604,0.109460,0.106435,0.015722,-0.130732,0.124319,0.037316,0.048628,0.135337,0.135482,-0.011996,-0.041152,0.085574,-0.112039,0.111978,0.184595,0.053618,0.097791,0.080407,0.132599,-0.013544,0.002913,0.116660,-0.066614,0.091955,0.044644,0.178861,0.176098,0.217328,0.034398,-0.047499,0.060538,0.085598,-0.029934,0.091934,-0.134640,0.000178,0.172949,-0.059216,0.146832,0.220433,-0.034586,0.093082,0.086837,-0.074548,-0.061058,-0.034685,0.039792,0.044176,-0.025022,0.033345,-0.019964,0.058471,0.000089,0.239428,0.099403,0.066761,0.132692,0.055575,0.043127,-0.089494,0.091460,0.008053,-0.123096,0.078747,0.124035,0.124680,0.077313,0.219725,0.059719,0.150603,0.107553,0.293832,0.097818,0.060177,-0.017294,0.090118,-0.254252,-0.037779,0.072636,0.006097,-0.080380,-0.103001,-0.000460,0.016691,0.053840,-0.114300,-0.075652,-0.210282,-0.127320,0.056107,-0.196597,0.250048,0.098623,0.130886,-0.049166,0.055803,0.193317,-0.119265,0.133922,-0.000301,0.172157,0.082678,0.110886,0.172943,0.178377,-0.182316,0.014930,0.119596,0.125340,0.004818,0.103468,-0.035733,-0.048897,0.152079,0.095047,0.081202,0.153771,-0.126609,0.143919,-0.086281,0.078479,0.071984,0.156256,0.030308,-0.232852,-0.063353,0.002339,0.088057,-0.052406,0.052101,-0.093386,0.042753,0.060130,0.019863,0.162782,-0.024653,-0.132447,0.049545,-0.047912,-0.110856,0.015945,0.072215,-0.042675,0.057832,0.068223,0.103765,#
13,-0.275783,0.117381,-0.088543,-0.035195,-0.119556,-0.131495,-0.156524,0.001452,0.104797,-0.087568,-0.069749,0.066521,-0.019889,1.000000,0.085229,-0.105755,-0.136949,0.005483,-0.026564,-0.066631,0.013076,-0.019079,0.132458,0.058814,-0.045013,0.193355,-0.041903,-0.028137,-0.011032,0.089922,-0.007457,0.005239,0.025281,0.003068,-0.201035,0.015095,-0.037582,0.076467,-0.148819,-0.021528,0.105089,0.028972,0.145272,-0.191776,0.041011,0.110603,-0.121997,0.064835,0.101220,0.019458,-0.118948,0.003036,0.036828,-0.066786,0.049202,-0.015729,0.096907,0.138690,0.035444,0.052553,-0.111644,0.099854,-0.036548,-0.104823,0.104619,0.004566,0.152845,0.183863,0.074634,0.033325,-0.116144,-0.108938,0.191317,-0.043298,-0.034073,0.099452,0.061015,-0.028225,0.081454,-0.057416,-0.113174,0.067721,0.054156,0.101084,-0.152563,0.096942,-0.041843,0.130666,0.108979,-0.075686,0.019447,0.093724,0.153105,0.008970,-0.082386,-0.083129,-0.008771,0.016406,-0.010692,0.046174,-0.007293,-0.023723,0.151476,-0.100734,-0.092903,0.070810,-0.065064,0.007703,-0.161310,-0.062859,-0.097537,-0.019974,-0.017501,-0.001362,0.153547,-0.091820,-0.001808,-0.027150,0.036259,-0.131634,0.054297,-0.068372,0.122959,-0.086816,-0.049408,-0.039835,0.018625,0.022526,0.041684,0.155156,-0.075003,-0.212112,-0.066536,0.104205,-0.048518,0.062012,-0.003202,0.020883,0.222941,0.057906,0.010651,-0.132449,-0.047080,-0.132727,-0.178021,0.063986,0.022350,0.016640,0.044470,-0.186785,0.060412,-0.021394,-0.001034,0.050928,0.004397,-0.136978,0.006181,-0.233195,-0.039992,-0.052675,-0.032231,-0.097636,0.127602,-0.081482,-0.015654,-0.018591,0.095215,0.136846,-0.083664,0.025284,-0.006674,-0.003514,-0.121971,0.156181,0.081590,0.088706,0.064642,-0.122306,-0.059020,-0.009348,0.028214,-0.074395,0.117662,0.009646,-0.173005,0.075384,-0.094223,-0.193372,-0.072247,0.040011,0.205379,-0.011208,0.098607,-0.001291,0.014856,0.095360,-0.154045,0.251131,-0.014050,-0.045894,#
14,0.217518,-0.094504,-0.029197,-0.039149,0.048879,-0.038087,-0.195902,0.069654,0.039647,0.037915,-0.145740,0.121472,0.099008,0.085229,1.000000,-0.077643,-0.083837,0.111965,-0.167132,0.116157,-0.134479,0.021042,0.083210,0.217996,0.013115,-0.025258,0.078683,0.039128,-0.051574,0.031708,0.298319,-0.054878,-0.052581,-0.076008,0.092013,0.099129,0.037004,0.007187,0.170219,-0.046729,0.006131,-0.016021,-0.093395,-0.046486,0.003757,0.093387,0.032920,-0.052593,0.065957,-0.071185,-0.076938,0.144598,0.117248,-0.085883,0.047386,0.036614,0.061078,-0.016153,0.115304,-0.150689,0.014417,-0.009412,0.117971,0.065951,-0.039125,0.025419,-0.051401,-0.055317,0.025189,-0.048421,0.076700,-0.065562,0.198908,0.142305,0.053413,0.104297,-0.077668,-0.044593,-0.135781,0.015166,-0.036675,0.055478,0.100827,0.095680,-0.015797,-0.001099,-0.021956,0.055728,-0.031697,0.062405,0.126659,-0.089264,0.118034,0.216490,0.013658,-0.006182,-0.146000,0.019748,-0.143110,0.046441,-0.141254,-0.042116,0.045452,0.007861,0.008984,-0.025307,-0.001170,-0.122317,0.148216,0.061803,-0.090965,0.136785,0.102552,0.050764,-0.069472,-0.141450,-0.040183,-0.172271,0.057776,0.070995,0.126021,-0.035610,0.143273,0.113844,0.068183,-0.058427,-0.034515,0.066091,-0.057320,0.028978,-0.037659,0.037064,-0.092920,0.050468,-0.005359,-0.139614,0.178270,0.155738,0.023882,0.007608,0.020322,0.080637,0.038471,0.238179,-0.021304,0.128266,0.066281,-0.063785,0.034470,-0.060036,0.251604,-0.034325,0.236291,0.022379,0.060548,-0.032204,0.090231,-0.030088,-0.001722,0.015855,-0.048530,0.000262,0.003481,-0.183318,0.333209,0.164139,-0.027964,0.042867,0.026413,0.018742,0.090056,-0.252748,-0.012892,-0.008600,0.014418,0.021793,-0.059983,-0.027880,0.060893,0.029682,0.038540,-0.015144,-0.074698,-0.053669,0.009843,0.107999,0.000519,0.012684,0.004465,-0.003607,0.050463,0.040833,0.102523,-0.016015,-0.121632,-0.164054,-0.065740,0.073003,-0.119948,-0.159338,#
15,-0.116928,-0.054747,-0.078395,-0.066728,0.025383,-0.091315,0.406066,-0.042836,0.114921,0.105857,0.180597,-0.015786,0.079420,-0.105755,-0.077643,1.000000,0.094818,0.073909,0.073771,-0.083276,-0.080307,0.039196,-0.064122,0.158388,0.096775,0.080686,-0.172276,0.078399,0.047307,-0.194506,0.086926,0.151475,0.115068,0.287874,0.003836,0.010222,0.036519,0.178023,-0.171978,-0.079937,-0.031847,-0.134685,0.113130,0.059904,0.008400,0.091999,0.111507,-0.000474,0.010435,0.105790,-0.007512,0.080124,-0.089882,0.031861,0.045059,0.112009,0.155395,0.021165,-0.035407,0.090847,0.192335,0.131769,0.168370,0.072071,0.068403,-0.099245,0.015219,0.077521,0.042953,-0.025152,0.135580,0.031229,-0.134208,0.128964,0.004949,0.027857,-0.013812,0.021069,0.208428,-0.031910,-0.114872,0.075714,-0.054908,0.156923,0.056325,-0.022423,-0.072184,0.010011,-0.037652,-0.181840,-0.072329,0.117454,0.096183,0.074669,-0.103998,0.075784,0.100624,0.188390,0.045834,0.041570,-0.055548,0.149983,-0.007395,0.229575,0.105791,-0.065818,-0.011016,0.007206,0.012532,0.137635,-0.089546,-0.013113,0.122152,0.011491,0.132757,0.030342,-0.143362,-0.076372,-0.087922,0.293978,-0.070699,0.197724,-0.015826,0.067049,-0.029768,0.053092,0.041207,0.025240,0.037053,0.166809,0.172154,0.020749,-0.102703,-0.094684,0.054513,0.113230,0.154293,-0.053093,-0.081720,0.202403,0.015686,-0.052722,0.041865,0.070060,0.027108,0.161308,-0.004512,0.022688,0.030333,0.036289,0.089551,0.312813,0.076468,0.031853,0.071903,0.062060,-0.035021,-0.040853,0.154200,0.085399,-0.035588,-0.000060,0.057794,0.168865,-0.060399,-0.043589,-0.028666,-0.068519,0.097611,0.155302,-0.062867,0.115257,-0.165105,0.118129,-0.007128,0.207994,0.086020,-0.004268,0.088866,0.043882,0.131435,-0.033594,0.012922,0.088290,0.166785,-0.063507,-0.082407,-0.049815,0.038070,0.027455,-0.074081,0.132928,-0.084708,0.048609,-0.061858,0.071079,0.044213,-0.097057,0.136241,0.011468,#
16,0.058172,0.144478,0.086603,0.126266,-0.116792,0.054856,0.198086,0.018252,-0.009680,-0.007060,0.203288,-0.127532,0.014659,-0.136949,-0.083837,0.094818,1.000000,0.066703,0.267146,0.136597,0.271688,-0.319814,0.059360,-0.006526,0.109141,0.125565,-0.001258,0.093846,-0.082380,0.008455,0.053510,0.197049,-0.019910,-0.070558,0.141050,0.071392,0.149244,0.215610,0.032123,0.147011,0.045580,-0.068020,0.081588,0.004382,0.108571,0.010621,0.072500,0.053395,-0.075837,0.120469,0.012683,0.092687,0.026192,0.001379,0.006973,0.169623,-0.054252,0.123273,-0.039066,-0.075468,0.214210,0.097048,0.124018,-0.019554,0.007390,0.096356,0.103881,0.077693,0.137256,-0.000794,0.195162,0.018007,-0.001772,0.023356,-0.007393,-0.059441,-0.005338,0.054798,-0.045413,0.141119,0.294546,0.062421,0.091867,0.015551,0.085760,0.082348,0.011228,-0.075775,-0.088432,0.038179,-0.214312,0.087870,0.125443,-0.233940,0.050862,0.104943,0.015779,0.178990,0.009625,0.164133,0.052548,0.104761,0.027719,0.236532,0.109253,-0.021016,0.056112,0.019409,0.293773,0.023243,0.037736,0.036952,0.070195,0.070855,0.168024,0.146559,0.233647,0.016533,-0.039340,-0.064385,-0.098744,-0.031473,0.008206,-0.009984,0.194805,0.015344,-0.008899,-0.049817,0.042611,-0.007816,0.129883,0.043632,-0.007453,0.105148,-0.006421,0.140735,0.133046,-0.048607,0.060172,-0.088264,-0.057730,0.035556,0.070905,-0.061768,-0.120265,0.033052,0.260372,0.154416,0.093939,-0.026754,-0.074371,0.032957,-0.186576,0.059173,0.182038,0.008713,-0.098231,-0.010365,-0.071884,0.025261,0.182566,-0.058701,0.107906,-0.042318,0.190288,0.016819,-0.011610,0.069206,0.061709,0.140149,-0.153099,0.168868,0.058000,0.157412,0.001862,0.044779,0.124273,0.277726,0.129621,0.120539,0.042035,-0.049920,-0.050137,0.203301,-0.189100,-0.116245,0.081563,0.046271,0.181241,0.046546,0.026575,0.117142,-0.008223,0.095364,0.178768,0.178326,0.177429,-0.047560,-0.029840,0.115984,#
17,0.017640,-0.014400,0.075458,-0.059290,-0.068102,-0.019217,0.144554,0.177282,0.001252,0.072587,-0.009777,-0.015506,-0.039423,0.005483,0.111965,0.073909,0.066703,1.000000,0.068780,0.094379,-0.043629,-0.004982,0.024657,-0.174552,0.153390,0.057867,-0.106050,0.053305,-0.043067,0.013925,0.003534,0.186716,-0.068699,-0.118790,-0.122870,-0.204089,-0.010229,0.159835,0.151529,0.118998,0.114518,0.083417,-0.013669,0.035402,0.060704,0.166263,0.009331,0.141221,-0.013584,0.068906,-0.077436,-0.066712,0.079571,-0.027352,0.119006,0.017717,0.100577,-0.059159,-0.026358,0.040545,0.062367,-0.062045,0.256205,-0.050670,-0.048620,-0.040157,0.257403,-0.056528,-0.030983,-0.133587,0.130112,-0.100990,-0.129738,0.199746,0.125610,-0.102935,-0.158198,0.071082,0.191900,0.006744,-0.022903,0.171122,-0.042984,0.179824,-0.087852,-0.061614,0.138835,-0.024676,-0.107474,0.005225,-0.015598,-0.070033,0.153039,0.079651,0.162656,0.087534,-0.032392,0.010714,0.141123,0.184398,-0.120572,-0.091411,-0.054401,-0.179265,-0.085949,0.167290,-0.177975,-0.041159,0.022677,0.045329,0.134605,-0.106215,0.179498,0.033330,0.250847,-0.069504,-0.172407,0.002050,0.094764,0.192752,0.024524,0.037825,0.007322,-0.124270,-0.037583,-0.028796,-0.078102,0.068367,0.089153,-0.045247,-0.004808,0.115870,0.093203,-0.015787,-0.014875,-0.002134,0.167590,0.049949,-0.075866,0.223523,0.008586,0.007054,0.152306,0.032666,0.111472,-0.021829,-0.169419,-0.040034,0.012915,-0.004538,0.055986,0.020613,-0.019646,0.122131,0.004020,0.039972,0.071588,-0.190322,0.041251,0.000446,-0.044482,0.014870,0.122904,-0.069327,-0.105839,-0.182996,-0.120759,-0.078374,0.030490,-0.071097,0.018605,-0.022306,0.020427,-0.087940,0.048218,-0.015787,0.088751,0.040004,0.096488,0.165505,-0.044258,-0.023432,-0.073713,0.182237,-0.075717,-0.105060,0.137408,0.075505,-0.036194,-0.072556,0.061945,0.047761,-0.076719,-0.043459,-0.148239,0.117075,-0.023242,-0.106528,0.024826,-0.190728,#
18,-0.014672,0.061045,0.107124,0.005819,-0.212278,0.121227,0.007094,0.098721,-0.144400,-0.164689,0.041196,0.123698,0.155139,-0.026564,-0.167132,0.073771,0.267146,0.068780,1.000000,0.079941,0.068625,0.053888,-0.005473,-0.009722,-0.060766,0.181639,-0.050582,-0.068414,0.001161,0.067911,-0.139223,0.219984,0.078570,0.157554,0.101607,0.098261,0.012063,0.256851,0.027232,0.032831,0.130549,-0.045103,0.188230,-0.163777,0.051800,-0.025969,0.130597,0.199094,0.067558,-0.004122,-0.059786,0.004243,0.107732,-0.074401,0.096925,0.103890,-0.019869,-0.039821,-0.004297,0.155847,0.074823,0.053991,0.045336,-0.041542,0.073270,-0.067227,0.121194,-0.154866,-0.051326,0.063279,0.030522,-0.115502,-0.031193,0.017608,0.127136,-0.044709,-0.111132,0.073305,-0.196454,-0.071790,0.048860,-0.032393,0.155942,-0.065837,0.121106,0.274869,-0.266162,0.023229,0.006744,-0.106144,0.037810,0.023820,0.052183,0.013330,0.003496,0.013776,0.057626,0.103834,0.028466,0.077804,-0.033048,-0.022420,0.029904,0.001805,0.087106,0.089926,-0.053508,0.158552,0.124009,0.069553,0.161782,-0.048205,0.004189,-0.083074,0.009378,-0.014574,0.000055,-0.039451,0.152705,0.108056,0.057846,-0.131855,-0.044578,0.056008,0.240923,-0.044806,0.160638,0.086447,0.059512,-0.004966,-0.054067,0.105891,0.122791,-0.041477,-0.115244,0.068575,0.092664,0.024828,-0.046213,-0.008475,-0.147102,0.020673,-0.066860,-0.043340,0.053508,0.036370,0.060342,0.118300,0.097691,-0.072993,0.074738,-0.180160,0.142933,0.124311,0.101555,0.229051,0.035464,-0.105908,-0.201949,-0.086913,0.145576,0.035088,0.206295,-0.002582,-0.012840,-0.124930,0.135897,0.006653,-0.068059,0.122486,0.078994,0.038909,0.046350,0.215811,0.034034,-0.038374,0.000939,0.024945,0.019912,0.028772,0.000790,-0.000114,-0.083172,0.032715,-0.070153,-0.125482,0.076313,0.000209,-0.106848,0.058279,-0.001672,0.202916,-0.042045,0.114190,0.115303,0.125247,-0.012370,0.148006,-0.002298,0.153444,#
19,0.152700,0.008882,0.051699,-0.006844,0.061813,0.184765,-0.109648,0.120452,0.118814,-0.113577,-0.090613,-0.025878,-0.091675,-0.066631,0.116157,-0.083276,0.136597,0.094379,0.079941,1.000000,0.084802,-0.169908,-0.048672,0.053701,0.160131,0.036901,0.011531,-0.058580,-0.309470,0.162579,0.008700,0.139513,0.178201,-0.046277,0.137097,0.111517,0.091773,0.132849,0.138522,0.111039,0.129827,0.120023,0.013301,-0.026177,-0.032178,0.080645,-0.026868,-0.008528,0.139273,0.183292,0.108666,-0.001438,0.130620,0.074598,0.037486,0.106140,0.001266,-0.128634,-0.069803,0.005712,-0.023261,-0.028169,0.120009,0.065592,0.095581,-0.070732,0.184148,0.038679,0.176369,-0.004803,0.086546,-0.006491,0.051788,0.011744,-0.154578,0.084010,-0.125448,-0.006599,0.044637,-0.106944,0.201419,-0.011980,0.000150,-0.020223,0.079262,0.067908,-0.049930,-0.054607,0.142331,0.049889,-0.093105,-0.012088,-0.110627,-0.003329,0.017156,-0.079005,0.051982,0.289246,0.102552,0.175602,-0.131480,-0.115526,0.042009,0.082269,0.030253,-0.101423,0.024907,-0.148812,0.020893,-0.139579,0.101138,-0.000231,0.012901,0.002959,-0.082115,-0.011404,0.125364,-0.021888,0.225736,-0.083062,0.153486,-0.111073,0.052550,0.053148,0.083719,0.103003,-0.028515,0.199268,0.087907,-0.035425,0.102938,0.148201,0.064997,0.038619,-0.129241,0.145582,-0.030675,0.105549,0.031070,-0.087687,-0.000155,0.130729,-0.124419,-0.177777,0.049299,-0.083329,0.008407,0.005012,0.088564,0.037366,0.013785,-0.012753,0.002117,0.078101,0.203707,0.006122,0.184876,-0.120920,0.144378,-0.011513,0.134564,0.159585,-0.046635,0.145192,0.222114,0.159150,-0.073574,0.075059,-0.039291,0.011477,-0.104859,0.102774,0.087381,0.222938,0.150896,-0.078754,0.081163,0.052649,0.095419,0.016301,0.002193,0.128725,0.094166,0.053178,0.029765,-0.024218,-0.052689,0.010559,-0.009340,0.132279,0.058585,0.058983,-0.054031,0.066987,0.085414,-0.018342,0.093717,-0.125447,0.042726,-0.050221,#
20,-0.086996,0.260347,0.064049,0.211732,0.091358,-0.002082,-0.086621,0.153918,0.181294,0.011118,0.007648,-0.051590,0.130750,0.013076,-0.134479,-0.080307,0.271688,-0.043629,0.068625,0.084802,1.000000,-0.021206,0.025171,0.211113,0.143047,0.190354,-0.107334,0.031816,0.018651,-0.065012,0.111664,0.198484,0.198646,0.080031,0.024478,0.149526,0.001070,0.029315,0.013691,0.122584,0.103198,0.034440,0.028647,-0.130842,0.230298,-0.033149,0.099209,0.113820,-0.032300,0.040996,0.128998,0.173215,0.068855,-0.010128,0.157703,-0.116785,-0.299844,-0.051123,0.035443,0.021585,0.101980,0.060704,0.179781,0.010007,-0.058638,0.240997,0.131182,0.045791,-0.000353,-0.034292,0.102676,0.046274,0.209269,0.082612,-0.156613,-0.099524,0.106600,-0.010336,0.137626,0.079369,0.153641,0.107283,0.069726,-0.092683,0.044552,0.157669,0.032894,0.213802,0.073854,0.112016,0.086224,0.035775,0.109186,-0.004623,0.058321,0.127573,0.086635,0.029771,0.108236,0.060915,0.178118,-0.003416,0.038993,0.200439,-0.020170,0.176866,0.205939,-0.043486,0.049401,0.168990,0.027902,0.099570,-0.068134,-0.056053,0.169504,0.030715,0.193521,0.055017,-0.028302,-0.088266,0.027130,0.117567,0.044495,0.133956,0.052110,0.094866,-0.016841,0.018437,0.022574,0.186600,0.083332,0.065432,0.247406,0.047797,-0.052934,0.170516,0.019077,0.117013,0.122320,0.047522,0.025099,0.040850,0.037900,-0.099956,-0.007709,-0.059934,0.101808,0.102720,-0.055758,-0.011754,0.021769,0.047592,-0.122462,0.155362,0.055219,0.050656,0.001562,0.216438,0.067426,-0.062738,0.175039,0.046670,0.108459,0.007570,0.052413,0.067103,-0.019742,0.195570,-0.071630,-0.106705,0.100557,-0.060785,-0.043448,0.036914,0.038666,-0.014426,0.045436,0.167720,0.025934,0.092543,0.080285,0.043112,0.010384,0.064840,-0.016645,0.120161,0.064378,-0.089099,0.165665,0.104720,0.098191,0.218116,0.261168,0.108014,0.229316,0.131927,0.105965,0.111735,0.034867,0.071674,#
