0,1.000000,0.091803,0.081851,0.086558,0.180326,0.032166,-0.110421,-0.139184,0.090499,0.077541,0.076276,-0.010738,0.039767,-0.099825,0.157723,0.249066,0.146031,0.170905,0.186095,0.184830,0.016737,-0.000490,0.164518,0.267623,0.110721,0.107221,0.111503,-0.099840,-0.005547,0.106284,0.020415,0.163666,0.016246,0.105999,0.207948,0.031876,0.116516,0.001436,0.173451,0.132084,0.094722,0.032671,0.260796,-0.034771,-0.020598,-0.018409,-0.008376,0.258175,0.157103,0.261288,0.072650,0.057797,0.061739,0.161260,0.168377,0.137020,0.177335,0.078616,-0.040685,0.008552,0.091674,0.076653,0.217225,-0.088696,-0.064861,-0.036315,-0.008629,0.164519,0.088515,0.097603,0.114604,-0.033809,0.165427,0.165725,0.049530,-0.190773,0.231618,0.163738,0.074728,-0.047260,-0.045523,-0.034733,0.025230,0.164705,0.288226,0.018719,0.238849,0.179629,0.167737,0.089969,0.081910,0.024548,0.160587,0.060557,0.121780,0.275397,0.149830,-0.023562,0.061598,0.132586,0.178589,0.105535,-0.070159,0.150622,0.104726,0.045094,0.214853,0.140834,0.180092,-0.049446,-0.014442,0.077341,-0.036903,0.146702,0.060346,0.064669,0.016769,-0.000689,0.001908,-0.059438,0.109527,0.117926,0.245915,0.048251,0.175161,0.178213,0.092600,-0.143923,0.098523,0.157734,0.187052,-0.026201,0.009679,0.052430,0.017312,0.089544,0.149734,0.024353,-0.083569,0.088089,0.213591,0.082271,0.055647,0.013272,0.035431,0.007885,0.037187,0.062897,0.221182,0.064317,-0.120472,0.096816,0.132344,-0.053202,0.154522,0.204357,0.148690,0.092177,0.031313,0.103849,0.085010,0.172669,-0.077278,-0.070456,0.041246,0.217435,-0.032866,0.146055,0.221078,0.066857,0.031120,-0.066058,0.044383,0.149617,-0.125943,0.193754,0.259002,0.100649,0.063613,-0.058092,0.094514,0.183986,0.042240,-0.012292,0.069414,-0.078935,0.095529,0.246688,0.280786,-0.025144,0.041267,0.157928,-0.062618,0.083082,0.202727,0.121942,-0.037539,0.075387,0.170957,0.121048,#
1,0.091803,1.000000,0.164711,0.101524,0.124970,0.107720,0.229518,0.145650,0.260925,0.105377,0.277103,0.225981,0.061655,0.023251,0.018570,-0.018940,0.089012,0.141854,0.004907,0.199306,0.006655,0.144900,0.068341,0.014267,0.075400,0.116268,0.099416,0.203705,-0.212104,0.166764,0.142100,0.099920,-0.056031,0.108500,0.012682,0.253484,0.031748,-0.055866,0.255648,0.089470,-0.023022,0.064060,0.229790,0.065572,0.045320,0.131860,0.367991,0.092427,0.189099,0.009588,0.111224,0.047854,0.246439,0.277815,0.127837,0.164373,0.079231,-0.034402,-0.039085,0.078588,0.042731,0.070030,0.220789,-0.006511,-0.049008,0.184810,0.080582,0.167578,0.097927,0.250426,0.146812,0.143170,0.244479,0.044631,0.134037,0.094778,0.112949,0.116717,0.290971,0.104725,0.122460,0.173841,0.079977,0.079894,0.257667,-0.160810,0.163937,0.198342,0.110266,-0.053503,0.044131,0.147755,-0.055657,0.072816,-0.017676,0.080140,0.034557,0.019453,0.030362,0.091752,0.195801,0.048364,0.124870,0.041542,0.033936,0.089486,0.177075,0.229808,0.112257,0.128609,0.102666,0.138623,-0.013756,0.119243,0.176024,0.292556,0.119240,-0.015192,0.038051,0.039826,-0.123829,0.139038,0.161183,0.162394,0.108261,0.092629,0.137664,0.134643,0.163879,0.157593,0.003595,0.044884,0.062471,0.163610,0.227191,0.111150,0.164279,0.239715,0.175583,0.204211,0.151190,0.047460,0.094362,0.189035,0.228412,0.020124,0.041634,-0.047732,0.099369,-0.050650,0.145482,0.070659,-0.000831,-0.098546,0.209736,0.224361,0.006799,0.035674,-0.105263,-0.109395,-0.006193,0.169987,0.237222,0.171760,0.136023,0.087099,-0.022376,-0.081056,0.103967,0.275118,0.177951,0.222205,0.044893,0.086236,0.068969,0.182047,0.143815,0.119095,0.146440,0.017366,0.078438,0.078859,0.160579,-0.089635,0.209112,0.093362,0.075346,-0.103590,0.176649,0.235339,0.222348,0.150019,-0.176380,0.119366,0.167466,0.049050,-0.110999,0.185529,0.040888,0.295641,#
2,0.081851,0.164711,1.000000,0.072664,0.196874,0.087131,0.111872,0.075621,0.064770,0.096721,0.257952,0.294944,0.015701,0.156530,-0.063968,0.196381,-0.029707,0.009569,0.041025,0.073321,0.208384,0.178304,-0.093403,0.009400,0.119992,0.249526,0.163550,0.038384,-0.131311,0.086616,-0.000760,-0.040831,0.020119,-0.034868,0.083771,0.072887,0.121345,-0.081824,0.113374,-0.080689,0.146109,0.028413,0.276937,-0.046634,0.071439,0.023166,0.151088,0.041233,0.077623,0.053801,0.078066,0.213569,0.088139,0.076666,-0.022114,0.018275,0.115218,0.026166,0.137266,0.132789,0.275541,-0.072836,-0.044609,0.116625,0.199064,0.097626,0.154993,0.046524,0.132320,0.085310,0.062907,0.201705,-0.083217,0.109253,0.165064,0.015608,0.077506,0.094328,0.079491,-0.022649,0.116171,-0.108285,0.012315,-0.038972,0.136033,0.072907,0.235583,0.146779,0.123704,-0.045516,-0.009880,0.195086,0.138290,0.143190,0.004197,0.162481,0.150703,-0.006324,0.145938,0.029398,0.130588,0.056893,-0.044012,0.208077,0.023782,0.083498,0.153551,0.242609,0.135353,0.191980,0.157099,0.138682,0.156986,0.018787,0.016324,0.232720,0.215600,0.010384,-0.217857,0.014505,0.071811,-0.001114,0.001162,0.055567,0.097193,-0.022114,0.186789,0.022918,0.155017,0.094800,0.008979,0.141180,0.122166,0.087402,0.169497,0.082240,0.123807,0.020230,0.011897,-0.057550,0.183924,0.107605,0.166320,0.030824,0.339442,-0.000335,-0.251340,0.018630,0.121855,-0.002931,0.069672,0.066394,0.198124,0.155339,0.059905,0.025839,0.104897,-0.086429,0.071620,0.046680,-0.039580,0.184892,0.133273,0.104351,0.115024,0.112629,0.019585,-0.058253,0.003951,0.034180,-0.032294,0.316797,0.022910,0.075161,0.053815,0.089908,0.200840,0.074046,-0.144992,-0.016540,0.154759,0.149156,-0.097957,0.159265,0.039655,0.145706,0.062567,-0.106710,0.210441,-0.028907,0.034636,0.172647,0.116756,-0.001539,0.149307,0.009920,-0.186531,0.164965,0.185116,0.244244,#
3,0.086558,0.101524,0.072664,1.000000,0.111582,0.106954,0.200366,0.055388,0.294392,0.081440,0.231333,0.145322,0.043382,0.018484,0.140515,0.093792,0.032949,0.150899,0.219664,0.171336,0.117328,0.099202,0.120141,0.292724,0.127666,0.248326,0.169310,0.099458,0.095812,0.175777,0.114515,0.143199,0.353693,0.169902,-0.022478,0.109646,0.117278,0.216730,0.337413,0.096428,0.031560,0.277642,0.194601,0.241122,-0.034661,0.040245,0.047272,0.201844,-0.009366,0.147157,0.107935,0.204683,0.169450,-0.016746,0.059344,0.233623,0.159658,0.041244,0.015302,0.146455,0.138988,-0.017776,0.090849,0.002555,0.268501,0.052694,0.048727,-0.003566,-0.034767,0.220121,0.095491,0.110212,0.161883,0.085627,0.117435,0.114944,0.105777,0.121010,0.145084,0.040481,0.260816,0.104756,0.141933,0.091863,0.218450,0.043660,0.098465,0.039453,0.189125,0.157938,0.234145,0.170261,0.098675,0.120309,0.055508,0.123209,0.151191,-0.115576,0.118573,0.122889,0.277648,0.015873,0.023020,0.054869,0.310912,-0.004468,0.218745,0.279999,0.016453,0.053443,0.147782,-0.013460,0.102962,0.058356,0.060368,0.054363,0.148153,0.119660,0.061601,0.046911,0.142013,0.099256,0.083545,0.173983,0.027070,0.117456,0.206038,0.253625,-0.021183,0.180875,0.231347,0.183742,0.197901,0.160776,0.117854,0.151307,-0.103678,0.103760,0.134494,0.107258,0.170803,0.263005,0.187759,0.122188,0.093661,0.052261,0.241946,0.282066,0.049217,0.123817,-0.006504,-0.044636,0.018334,0.184148,0.195357,0.124565,0.062701,0.088567,0.170365,0.115646,0.121870,0.120060,0.191263,0.238804,0.132363,0.056342,0.073992,0.058254,0.076901,0.041233,0.148280,-0.032369,0.001641,-0.006985,-0.050135,0.170539,0.208413,0.169621,0.028884,0.069734,0.081691,0.286101,0.134616,-0.082855,0.029059,0.000275,0.153345,0.087919,0.044371,0.116254,0.085214,0.084703,0.182061,0.106106,0.156841,0.138029,0.180343,0.181650,0.117113,0.090702,#
4,0.180326,0.124970,0.196874,0.111582,1.000000,0.273258,-0.009200,0.129344,0.257681,0.127786,0.023925,0.091698,0.168456,0.036482,0.140432,0.142353,0.025990,0.145579,0.136696,0.362020,0.345910,0.052849,0.143968,0.213934,0.120466,0.286244,0.085602,0.036209,0.151027,0.064807,0.085477,0.126316,0.127607,0.075353,0.074495,0.217656,0.387769,0.012281,0.190635,0.137483,0.029241,0.319567,0.143158,0.087841,0.332321,0.167388,0.348862,0.135787,0.117383,0.117553,0.046587,0.152996,0.117478,0.239349,0.276029,0.296584,0.157819,0.096563,0.160938,0.051961,0.224162,0.191357,0.078358,-0.067605,0.106439,-0.004073,0.058513,0.133304,-0.018809,0.137251,0.240323,0.200627,0.176975,0.124605,0.093694,-0.051908,0.133489,0.190648,0.229862,0.065974,0.235886,0.178133,0.003302,0.031679,0.408205,0.081845,0.168469,0.197732,0.140849,0.152005,0.246403,0.053010,0.150273,0.103406,0.115484,0.268905,0.135207,0.054835,0.007195,0.093168,0.135883,0.014860,0.171930,0.172408,0.132729,0.119679,0.059848,0.254521,0.077062,0.212456,0.247403,0.220388,0.182455,0.248293,0.063221,-0.016762,0.179767,-0.019665,-0.043473,0.014893,0.056844,0.073145,0.135944,0.026546,0.295550,-0.009917,0.273910,0.069735,0.229943,0.114797,0.246524,-0.015040,0.186943,0.223267,0.252899,0.154660,0.016725,0.071931,0.206712,0.115578,0.292147,0.001603,0.242671,0.048018,0.209853,0.232210,0.059145,0.249818,0.140272,0.059421,0.103326,0.117311,0.220247,0.321026,0.209024,0.091085,0.306111,0.149336,-0.036776,0.137574,0.154714,0.107595,-0.057079,0.040621,-0.118381,0.139983,-0.021743,0.056266,0.059358,0.094423,-0.102373,0.024183,0.378874,0.235044,0.126284,0.196308,0.273713,0.246429,0.106108,0.093855,0.094725,0.010562,0.177712,0.080199,0.109564,0.094907,-0.099328,0.176029,0.173780,0.274724,-0.007175,0.130114,-0.025647,0.057999,0.204590,0.216071,0.011307,0.214616,0.181216,0.322866,#
5,0.032166,0.107720,0.087131,0.106954,0.273258,1.000000,0.032455,0.194570,0.220986,0.195112,0.164895,0.096570,0.290020,0.111391,0.186902,0.019334,0.071337,0.072257,-0.047959,0.214195,0.071678,-0.096003,0.139780,0.150292,0.167520,0.117036,0.164008,0.195323,0.192780,0.141982,0.180572,0.184918,0.281972,0.147929,0.032920,0.194222,0.208478,-0.046443,0.140093,0.043278,0.205971,0.169081,0.125884,0.259876,0.090756,0.120642,0.224656,-0.024888,0.216043,0.084855,0.167625,0.139665,0.068504,0.100291,0.080213,0.290806,0.073389,-0.101533,0.282476,0.077872,0.044550,0.183435,0.090085,0.012187,0.228508,0.074957,0.098664,0.070599,0.169962,-0.025748,0.107233,0.152890,0.214628,0.149706,0.052032,0.042643,0.183102,0.134276,0.242403,0.124147,0.187812,0.108785,0.186690,0.028181,0.115256,0.074462,0.153041,0.077928,0.130423,-0.088621,0.088685,0.173691,0.288905,0.262774,0.059005,0.259374,0.031225,0.118878,0.261661,0.088265,0.056838,0.144059,-0.123109,0.137410,0.073237,0.146871,0.139089,0.277640,0.107861,0.100226,0.158402,0.235684,0.048056,0.111619,0.198814,0.034876,0.076833,0.079733,0.006280,0.017530,0.000121,0.209433,0.032889,0.134832,-0.057108,-0.048692,0.087336,-0.087369,0.139254,0.125648,0.292088,0.112808,0.190926,0.175587,0.325534,0.285479,0.105324,0.152827,0.115264,-0.098595,0.182865,0.128671,0.161565,0.219653,0.271712,0.171678,0.113388,0.059522,0.089372,0.135131,0.143678,-0.001276,0.149176,0.130236,0.140565,0.159595,0.197726,0.067764,0.133764,-0.094495,0.163839,0.059301,0.177739,0.153288,0.068363,0.115354,-0.068487,0.148592,0.198945,0.211167,0.257094,0.213059,0.146557,0.114391,0.013559,0.149982,0.226556,0.196909,0.222286,-0.024503,0.190438,-0.015110,0.342081,0.090505,-0.010854,0.209971,0.141557,0.007474,0.052927,0.053958,0.048005,0.159164,0.030302,0.066927,0.129429,-0.012265,-0.062911,0.270931,0.076784,0.265281,#
6,-0.110421,0.229518,0.111872,0.200366,-0.009200,0.032455,1.000000,0.026551,0.211138,-0.011500,0.043957,0.123363,0.060856,0.106230,-0.103514,0.100965,0.035811,0.039959,0.053949,0.008716,0.092939,0.160759,-0.101163,-0.135752,-0.014688,0.165779,0.065526,0.085893,-0.046459,0.203689,-0.025212,0.041450,-0.002425,0.056788,-0.128411,-0.021760,0.009269,0.084328,0.050263,0.102927,-0.091966,-0.033221,0.035142,0.074371,-0.004065,0.006566,-0.001004,-0.009539,0.058061,-0.045976,-0.068269,0.061457,0.020163,0.105816,-0.056302,0.058463,-0.128541,-0.021789,0.058565,0.121038,0.157060,-0.074163,0.101080,-0.008525,0.063275,0.258387,0.011140,0.140390,0.010339,0.010598,0.081030,0.078128,-0.053471,0.124845,0.168019,0.043226,0.066934,0.091927,0.179355,-0.037210,0.017088,-0.057617,0.134672,-0.040212,0.077538,-0.002791,0.021002,0.085949,-0.117905,-0.030377,0.036793,0.031886,-0.060786,-0.066544,-0.024452,0.031266,0.097419,-0.030828,0.010224,0.158291,0.072475,0.143850,-0.010891,-0.064728,-0.177991,0.139586,0.030350,0.003367,0.104586,0.097898,0.044547,0.100526,-0.020549,-0.284063,0.018348,0.119608,0.261393,-0.117238,0.004257,-0.012625,0.047627,0.034711,-0.097916,0.103289,-0.005462,0.069349,-0.010659,0.049958,-0.079158,-0.001043,0.063620,-0.067185,0.011553,-0.023326,0.100922,0.026293,-0.043928,-0.020764,0.089024,0.123730,-0.000861,0.135602,-0.049251,0.049180,-0.036926,-0.012850,0.121939,-0.047883,0.037657,-0.204634,0.221852,-0.069706,0.051704,-0.051424,0.214361,0.031968,-0.017041,0.146794,-0.011319,-0.077721,-0.128540,0.145184,0.247123,0.126760,0.104900,0.088224,-0.076883,0.037849,0.038113,-0.025858,-0.074873,0.008278,0.033293,-0.030268,0.096525,0.045907,-0.074912,0.059226,0.215047,-0.189217,-0.000404,-0.020488,0.109707,0.113671,0.168882,0.136727,0.012073,0.023294,-0.036160,0.143725,-0.003569,0.051646,-0.013908,0.145343,-0.090715,-0.042716,0.042300,0.139056,-0.015060,0.191912,#
7,-0.139184,0.145650,0.075621,0.055388,0.129344,0.194570,0.026551,1.000000,0.272283,0.087056,0.210112,0.311010,0.014454,0.039179,0.218318,0.070074,0.124796,0.269794,-0.039500,0.114996,0.083367,0.091975,0.136544,0.069461,0.138249,0.119612,0.122206,0.156827,-0.050117,0.052091,0.067179,0.008246,0.109948,0.072892,-0.037066,0.066959,-0.032775,-0.105938,0.222650,0.112456,0.027753,0.100744,0.014005,0.173851,0.238332,0.189650,0.149276,0.111233,0.115813,0.069695,0.156393,0.072478,-0.036070,0.193738,0.050548,0.094234,0.175997,0.246444,0.134823,0.019100,0.192042,0.083138,0.069366,-0.040121,0.198124,0.066004,0.101104,-0.034256,0.078033,0.291941,0.089732,0.034321,0.248609,0.098407,0.089991,0.082090,-0.048168,0.137147,0.149640,0.260793,0.222461,0.068800,0.131365,0.069852,0.093866,0.055575,0.082664,-0.085568,0.109586,0.138814,-0.076383,0.086886,0.119533,0.149923,-0.090984,-0.072540,-0.074988,0.098442,-0.010372,0.124387,0.110213,0.018918,0.003507,0.102218,-0.053480,0.136251,0.217606,0.149939,0.068662,0.213307,0.014081,0.049556,-0.051221,0.028099,0.358320,0.170382,-0.061830,-0.113987,-0.068472,0.250345,0.050407,0.162620,-0.014801,0.156305,0.164320,0.078286,0.216109,0.171395,0.055215,0.005486,0.061816,0.011828,0.219245,0.026271,0.322117,0.207158,-0.195282,0.299693,0.111184,0.063319,0.196096,0.021744,0.076580,0.006111,0.169837,0.103829,0.104660,0.081592,0.094182,0.080909,0.152255,0.082892,0.058212,0.161509,-0.030101,0.242368,0.162320,0.105433,0.106218,0.108492,-0.016754,0.010518,0.192329,-0.023652,-0.087158,0.270545,0.058205,-0.072037,0.051479,0.061649,0.105447,0.115150,0.192583,0.078956,0.136854,0.068759,0.072067,0.077885,-0.121429,0.177275,0.266075,0.119768,0.100837,0.101407,-0.164319,0.099582,-0.059763,-0.187668,0.110872,0.271259,0.163208,0.004706,0.047022,-0.038441,0.086216,0.045093,-0.082604,0.170287,0.133593,0.135688,#
8,0.090499,0.260925,0.064770,0.294392,0.257681,0.220986,0.211138,0.272283,1.000000,0.183284,0.196369,0.176268,0.161857,0.106590,0.263736,0.141949,-0.025684,0.180637,0.120279,0.171691,0.051316,0.154082,0.159558,0.227514,0.034516,0.188243,0.079580,0.171253,0.021334,0.237512,0.015549,0.140235,0.052898,0.053501,0.043479,0.208776,0.193728,-0.044059,0.159106,0.069184,0.056363,0.222993,0.134541,0.133014,0.229092,0.100451,0.089950,0.107847,0.237292,0.147453,0.209879,0.336875,0.020911,0.344559,0.077308,0.374705,0.217560,0.243436,0.025026,0.208874,0.263389,0.121850,0.264192,-0.181662,0.184695,0.219285,0.139680,0.032239,0.261038,0.198343,0.214220,0.048885,0.189498,0.085769,0.191790,0.129053,0.137744,0.164235,0.218411,0.085546,0.265417,0.247716,0.118238,0.040468,0.266771,0.102131,0.146605,0.085970,0.069751,0.193233,0.133170,0.184031,0.092361,0.002625,0.290759,0.235852,0.216338,0.044017,0.130994,0.108423,0.187740,0.115734,0.121345,0.178542,0.192809,0.072293,0.178642,0.221548,0.019595,0.218344,0.052426,0.070963,-0.035688,0.130509,0.294758,0.233872,0.077620,0.069869,0.028285,0.210782,0.163058,0.165939,0.183800,0.110503,0.106528,0.207409,0.124355,0.240531,0.021429,0.255154,0.134045,-0.064199,0.266503,0.234944,0.302065,0.233384,-0.008794,0.139747,0.202554,0.073442,0.218560,0.184159,0.300860,0.065506,0.079008,0.126705,0.278945,0.209116,0.157464,0.047705,0.264627,-0.036099,0.134674,0.202898,0.326551,0.373973,0.183990,0.274402,0.129479,0.151908,0.000066,0.068538,0.088894,0.207686,0.160827,0.196049,0.139515,-0.091947,0.221068,0.164000,0.128051,0.179580,0.125286,0.058518,0.185198,0.102204,0.065229,0.209594,0.165276,0.106284,0.196208,0.168277,0.074656,0.110254,0.099964,0.164641,0.020371,-0.022715,0.113564,0.250763,0.211369,0.062817,0.142538,0.100835,0.340164,0.078252,0.055377,0.142838,0.122948,0.111220,#
9,0.077541,0.105377,0.096721,0.081440,0.127786,0.195112,-0.011500,0.087056,0.183284,1.000000,0.323174,-0.005432,0.071222,0.110430,0.138484,0.183054,-0.049378,0.045306,-0.094698,0.259654,0.003853,-0.058706,0.087339,0.145511,-0.023536,0.016618,0.167847,0.093989,0.055822,0.079401,0.269052,0.066424,-0.029917,0.152139,0.263661,0.083524,-0.099829,0.118501,0.150922,-0.120901,0.299735,0.057033,0.133966,-0.096212,0.063864,0.130077,0.096358,0.050642,0.102630,0.088377,0.047849,0.245568,-0.082217,0.049705,0.068784,0.253830,0.113477,0.146541,0.178994,-0.026273,0.192947,0.071477,0.190494,-0.011061,0.222284,0.148678,0.031860,-0.000545,0.068447,-0.051789,0.274566,0.177133,0.077882,0.048064,0.099399,0.087016,-0.019845,-0.017897,0.220436,0.153588,0.137373,0.222999,-0.035613,-0.071848,0.256454,0.038031,0.116520,0.111832,-0.094373,-0.185030,-0.019660,0.165881,0.169161,-0.080021,0.014192,0.118879,0.170637,0.190409,0.135347,-0.069847,0.105576,0.077178,0.241742,0.040605,0.302905,0.029120,0.116227,-0.008332,0.240958,0.002680,-0.014212,0.100989,0.039530,0.267586,0.040175,0.084084,-0.088622,0.080728,0.068224,-0.045136,0.012671,0.213884,-0.001458,0.141510,-0.043325,0.095235,-0.147431,0.140207,0.111700,0.257763,0.106094,-0.049264,0.026497,0.173425,0.128749,0.147139,0.093977,0.225738,0.124909,-0.176490,-0.023670,0.111102,0.206766,0.100079,0.089513,0.083375,0.086727,0.173679,0.032079,0.232216,0.074263,-0.156668,0.296246,0.152608,0.198187,0.181935,0.161031,0.181302,0.209174,-0.023732,0.112706,0.061901,0.022995,0.292125,0.047062,0.076296,0.016640,-0.007409,0.294786,0.037103,0.112695,0.163177,0.003526,0.159331,0.086381,0.194405,0.167970,0.028567,-0.009034,0.006920,0.056268,0.000550,0.201568,0.098070,-0.018956,0.076273,-0.043470,0.010157,0.310897,0.078666,0.103728,0.097718,-0.050083,0.103105,-0.002142,0.144648,0.063617,0.044007,0.072504,0.121803,#
10,0.076276,0.277103,0.257952,0.231333,0.023925,0.164895,0.043957,0.210112,0.196369,0.323174,1.000000,0.099402,-0.039705,0.073840,0.114480,0.077297,0.044264,0.115199,0.100960,0.176305,0.012855,0.007289,-0.091102,0.112516,0.083643,0.059224,0.090173,0.202919,-0.037966,0.150875,0.152395,0.148310,0.154613,0.077016,0.109951,0.109709,0.056315,0.007743,0.326207,0.070056,0.192686,0.066374,0.067534,-0.053862,-0.042320,0.113001,0.175899,0.131461,0.132829,0.207216,0.052361,0.177056,0.059619,0.179787,0.025256,0.225027,0.041925,-0.016306,0.000432,0.192940,-0.013261,0.073656,0.117944,0.125006,0.271466,0.212307,0.176571,0.028316,0.082821,0.115798,0.092445,0.192954,0.174359,0.075244,0.103268,0.092892,0.064824,0.028108,0.115708,0.093060,0.230946,0.086007,0.206274,0.105377,0.322894,-0.113765,0.105814,0.139660,0.024803,0.083843,-0.012151,0.157475,0.134419,0.040470,0.052240,0.250367,0.099897,-0.066645,0.182084,0.051264,0.026376,0.034931,0.063224,-0.062773,0.159517,-0.107491,0.154931,0.297581,0.097500,0.040027,0.061032,0.113890,0.018671,0.097470,0.318785,0.297888,0.042097,0.028160,0.031147,0.069787,0.085803,0.279795,-0.061190,0.115913,-0.025163,0.014610,0.118270,0.169451,0.166280,0.157478,0.213907,0.034210,0.018765,0.083872,0.103321,0.122827,-0.065342,0.414018,0.088230,-0.078840,0.214251,0.076640,0.171767,0.043568,0.130288,0.041197,-0.029043,-0.033415,0.025216,0.132057,0.113725,0.164135,0.202491,0.021107,0.201946,0.131225,0.235453,-0.147425,0.161799,0.040751,0.163158,0.022052,0.332109,0.152187,0.136642,0.138505,0.165765,0.015664,0.154967,0.247815,0.204081,0.154013,-0.025906,0.150721,0.056390,0.044315,0.147496,0.182807,-0.078760,0.028003,0.047852,0.079015,0.259196,-0.020032,0.085644,0.150042,-0.017998,-0.210877,0.149169,0.181724,0.191304,0.076070,0.082465,0.010886,0.228132,-0.031542,-0.091079,0.165740,0.146844,0.313611,#
11,-0.010738,0.225981,0.294944,0.145322,0.091698,0.096570,0.123363,0.311010,0.176268,-0.005432,0.099402,1.000000,0.042149,0.060983,-0.056682,0.025225,0.014947,0.224145,0.118860,-0.133860,0.042096,0.162381,-0.108210,0.035377,0.198411,0.292526,-0.024770,0.186761,-0.209076,0.225140,0.119067,0.057130,0.065273,0.076650,0.135737,0.153957,0.185216,-0.040294,0.150401,0.204736,-0.122430,0.125489,0.280381,0.185975,0.032506,0.155228,0.129216,-0.006233,0.117930,0.041422,0.109706,0.171112,0.039218,0.289481,-0.042940,-0.007320,0.025297,0.289492,0.144797,-0.044497,0.113182,-0.025884,0.191245,-0.030012,0.067900,0.217362,0.147898,0.230961,0.147338,0.185159,0.052938,0.031222,0.228975,0.044708,-0.036311,0.040470,0.026357,-0.005842,0.038903,0.111676,0.155636,0.123275,0.186259,0.042062,0.266226,-0.133382,0.068167,0.181713,0.121992,-0.034496,0.004631,0.198653,0.241614,0.430878,0.015332,0.133729,-0.010497,0.059588,0.139339,0.189951,0.117115,0.123563,-0.015091,0.169622,-0.018771,0.255051,0.204460,0.263204,0.169992,0.109361,0.172640,0.107474,0.070276,0.117630,-0.053458,0.273583,0.052761,0.048487,-0.134665,0.110551,-0.022648,0.088115,0.171989,0.124346,0.134828,-0.006914,0.048921,0.164654,0.183092,0.092850,0.023211,0.173290,0.249576,0.172619,0.147162,0.047322,-0.257898,0.299579,0.012270,0.202666,0.139342,0.031101,0.094144,0.188058,0.180152,0.044904,0.104964,-0.006574,-0.017070,-0.045315,0.069416,0.259064,0.038434,0.169774,0.141051,0.192643,0.075765,-0.060065,0.121526,0.032553,0.098036,0.250950,0.024082,-0.010546,0.046427,0.057358,0.266071,0.066994,0.129039,0.159433,0.079837,0.020097,-0.108499,-0.064467,0.106590,0.095674,0.110470,0.090100,-0.013935,0.023391,0.259345,0.086458,0.097984,-0.089909,-0.049625,0.073651,-0.039458,0.016448,0.059090,0.294965,0.095531,0.089116,0.195440,0.206372,0.293786,0.061809,0.094102,0.145678,0.066726,0.155424,#
12,0.039767,0.061655,0.015701,0.043382,0.168456,0.290020,0.060856,0.014454,0.161857,0.071222,-0.039705,0.042149,1.000000,0.021343,0.187992,0.054069,0.302669,0.169899,0.100058,0.239949,0.106990,0.105367,0.137883,0.243661,0.000607,0.137125,0.166586,0.180210,0.026475,0.113262,-0.026535,0.218569,0.116533,0.066419,0.095779,0.287646,0.131718,-0.004496,0.086988,0.087453,0.121931,-0.024361,0.177858,0.301818,0.288171,0.177394,0.255588,-0.115227,0.205978,0.063620,0.235423,0.104458,0.055838,0.245373,0.117783,0.165992,0.031132,0.111659,0.043535,-0.154877,0.074155,0.300406,-0.001921,0.168810,0.286653,0.101539,0.037079,0.122253,0.135780,0.040798,0.088834,0.130081,0.162062,0.029164,0.249295,0.199845,0.138501,-0.014245,0.128147,0.030710,0.175731,0.118882,-0.049249,0.030544,0.095238,0.134428,0.113006,0.303513,0.239370,-0.037690,0.053292,0.101703,0.074576,0.196608,0.176061,0.169345,0.354090,0.160943,0.058806,0.100014,0.105452,0.156246,0.097937,0.107069,0.176017,-0.004083,0.097333,0.019166,-0.054141,0.061188,0.319844,0.076923,0.087755,0.129714,0.066316,-0.064874,0.218390,-0.128648,0.084019,-0.094512,0.142900,0.115705,0.210809,0.213047,0.154310,-0.075329,0.171751,-0.036881,-0.050408,-0.029974,0.159136,0.001358,0.135650,0.105919,0.157936,-0.015518,0.177248,0.072653,0.248095,0.067087,0.130500,0.062800,0.153455,0.056910,0.026850,0.173775,-0.065316,0.123746,0.044886,0.095651,0.056168,0.177698,0.147079,0.124219,0.014180,0.235272,0.051307,-0.025392,0.029373,0.077166,0.038933,0.293657,0.148826,0.216147,0.162651,0.012189,0.209653,0.102362,0.058554,0.058019,0.143131,0.109205,0.052290,0.166013,0.197219,0.101547,0.186782,0.174842,0.130314,0.105455,0.134368,0.162491,0.166263,-0.038165,0.077152,0.075257,0.146345,0.187537,0.079064,-0.022053,0.081353,-0.067792,0.023181,0.094568,-0.021773,0.082412,0.085554,0.204017,0.144557,0.011353,#
13,-0.099825,0.023251,0.156530,0.018484,0.036482,0.111391,0.106230,0.039179,0.106590,0.110430,0.073840,0.060983,0.021343,1.000000,0.221995,0.016483,0.188758,-0.010407,0.163375,0.231258,0.150589,0.060422,-0.087289,0.098671,-0.085008,0.280480,0.258630,0.161510,0.026541,0.062564,0.162815,0.125694,0.172850,0.079380,0.193360,0.121518,0.020893,0.027025,-0.069236,0.125964,-0.052137,0.170182,0.111687,0.075053,0.126088,0.129826,0.165508,0.098165,0.119245,-0.000039,0.124506,0.127435,0.000881,0.282700,-0.038335,0.204134,-0.007434,0.164157,0.035945,0.135355,0.146117,0.070641,0.173391,0.056837,0.162769,0.063634,0.286013,0.191660,0.253315,0.052022,0.055866,0.058558,0.039229,-0.015073,0.189914,0.140550,0.181573,0.183911,0.240107,0.093626,0.169144,0.188296,0.028898,0.297828,0.139870,0.092559,0.205614,0.063199,0.132497,-0.021660,0.045167,0.029635,0.104327,0.215582,-0.035572,-0.016663,0.150606,0.001017,0.096410,0.272947,0.121336,0.261368,0.147654,0.268948,0.074596,0.131303,0.114520,0.154890,0.244420,0.168257,-0.065756,0.114661,0.331795,0.053529,0.316528,0.162565,0.252371,0.097184,-0.069017,0.162781,0.245551,0.165363,0.169850,0.085574,0.167536,-0.107727,0.026728,-0.137200,0.149249,0.151679,0.073145,0.114182,0.071546,0.078020,0.273268,0.062567,0.039178,0.137533,0.217602,0.076934,-0.137490,0.086712,0.381023,0.235622,0.179713,0.233714,0.099065,0.185185,0.012854,0.055266,0.082864,0.091440,0.069170,0.211518,0.207380,0.252672,-0.009403,0.197634,0.149711,0.153457,-0.034132,0.243625,0.056494,0.303032,0.087805,0.016655,-0.038649,-0.055064,0.118611,0.000854,0.082061,0.305132,0.120515,0.079989,0.071373,0.097095,0.067420,0.112887,0.174099,-0.080851,0.143735,0.180512,0.096940,0.129670,0.192702,0.185570,0.198415,0.039355,-0.069286,0.150451,0.108652,0.122144,0.081615,0.118758,0.056256,0.142877,0.013788,0.043463,0.222310,0.128690,#
14,0.157723,0.018570,-0.063968,0.140515,0.140432,0.186902,-0.103514,0.218318,0.263736,0.138484,0.114480,-0.056682,0.187992,0.221995,1.000000,0.239365,0.119794,0.091644,0.219668,0.250610,0.122029,0.001685,0.140910,0.329628,0.018531,0.011912,0.175294,0.179827,0.136253,0.069898,-0.034557,0.188897,0.075883,0.066792,0.262742,0.096263,0.072872,0.103761,0.065229,0.203761,0.063068,-0.084060,0.198040,0.038940,0.233560,0.236697,0.090416,-0.008601,0.054202,0.196143,0.201844,0.063774,0.210619,0.238136,0.271155,0.232525,0.184174,0.020289,0.047256,0.079095,0.268807,0.158320,0.089519,-0.021267,0.089250,-0.047536,0.211845,0.125895,-0.006827,0.207200,0.148185,-0.019816,0.082751,0.235709,0.299661,0.061413,0.233559,0.135598,0.075622,0.089629,0.215183,0.176677,0.042022,0.171193,0.106192,0.139056,-0.009244,0.014679,0.081863,0.007958,0.097874,0.146372,0.185410,0.115269,0.115658,0.059641,0.223943,0.040444,0.036065,0.095029,0.186272,0.216408,0.066248,0.251238,0.156955,-0.059814,0.167925,0.131015,-0.067829,0.200420,-0.060183,-0.102900,0.017714,0.181935,0.151418,0.061323,0.095937,-0.044433,0.040779,0.124294,0.240906,0.248521,-0.065318,0.041273,0.131206,-0.011532,0.080096,0.106224,0.083492,0.268315,0.054296,0.038489,0.082653,0.027081,0.106899,0.134588,-0.128468,0.044353,0.067250,-0.004301,0.165704,0.180570,0.272454,0.155475,0.032521,0.328634,0.085858,0.110371,-0.045110,0.062073,0.183964,0.098136,-0.032324,0.116640,0.164070,0.259309,0.257837,0.111472,0.011880,0.121811,-0.032415,0.161918,0.148615,0.104827,0.129226,0.057649,0.081489,-0.072446,0.066597,0.281884,0.143559,0.147402,0.133068,0.060745,0.078944,0.017506,0.233050,0.220483,0.226528,0.022335,0.176777,0.163416,0.108893,0.062321,0.050151,0.062535,0.056003,-0.182852,0.032838,0.241920,0.007034,0.060140,0.073267,0.111581,0.064575,0.002070,-0.091451,0.075057,0.182528,0.009431,#
15,0.249066,-0.018940,0.196381,0.093792,0.142353,0.019334,0.100965,0.070074,0.141949,0.183054,0.077297,0.025225,0.054069,0.016483,0.239365,1.000000,0.204738,0.210806,0.188133,0.172785,0.035205,0.049059,0.150627,0.267604,0.054634,0.221920,0.159169,0.087560,0.114356,0.197716,0.008331,0.135278,0.047014,0.168190,0.083722,0.038208,0.015272,-0.083514,0.146688,0.030657,0.102935,0.104373,0.182404,0.096204,0.160102,0.051658,-0.133860,0.049826,0.038623,0.219433,-0.135509,0.230397,0.086488,0.165050,0.155237,0.097328,0.114345,0.079784,0.197722,0.153410,0.141918,-0.094838,0.196760,-0.045202,0.109427,0.131406,0.062345,0.122147,0.045164,-0.060766,0.204425,0.070386,0.026316,0.109855,0.085038,0.023170,-0.038771,0.106816,0.000898,0.117317,0.246955,-0.061159,-0.106931,0.244327,0.198227,0.078229,0.085739,0.223728,0.064261,0.126560,0.097610,0.107946,0.075998,0.069467,-0.008706,0.048679,0.310092,-0.001492,0.069201,0.122823,0.169658,0.079977,-0.056606,0.082736,-0.044331,0.025203,0.112264,0.066403,0.035244,0.127559,-0.044658,0.247904,0.016033,0.023489,0.058398,0.173886,-0.047525,-0.172007,-0.028346,-0.084457,0.184757,0.165225,0.101354,0.063930,0.129500,0.015427,0.069895,0.215453,0.012993,0.181728,-0.003200,0.066802,0.049767,0.076226,0.167154,0.141526,-0.061762,-0.040465,0.020781,-0.081146,-0.015688,0.168479,0.093219,0.059432,0.240397,0.060720,0.004367,0.139253,0.293056,0.007491,0.005502,-0.078905,0.040505,0.124364,0.014227,0.225398,0.142440,0.116654,0.067493,0.123362,0.027771,0.036420,0.225189,0.075186,0.070707,0.234963,0.108331,0.105362,0.156072,-0.023253,-0.067373,0.115100,0.045589,-0.026053,0.143719,0.004285,0.306874,0.120295,-0.041499,0.119926,0.197607,0.005369,0.063460,0.266325,0.010642,0.045857,-0.041959,0.126539,-0.006050,0.096636,-0.107519,0.078121,0.108018,0.016965,-0.028820,0.113445,0.028306,0.105639,0.099071,-0.117015,#
16,0.146031,0.089012,-0.029707,0.032949,0.025990,0.071337,0.035811,0.124796,-0.025684,-0.049378,0.044264,0.014947,0.302669,0.188758,0.119794,0.204738,1.000000,0.078966,0.029187,0.392119,0.121634,0.077455,-0.004219,0.049338,-0.076181,0.190270,0.176040,-0.073698,-0.006171,0.297189,-0.033745,0.224636,-0.038100,0.223081,0.115897,0.129924,0.063372,-0.049845,0.148573,0.067524,-0.130108,0.030539,0.173053,0.139452,0.112665,0.235704,0.022183,0.017637,0.121879,0.042710,0.030665,0.129264,0.228850,0.223370,0.087775,0.058429,0.022290,-0.004787,0.059531,-0.122004,0.003949,0.320704,0.195022,0.101014,0.125898,0.031306,-0.070274,0.347377,0.080064,0.140826,-0.107222,0.181585,0.254574,-0.028740,0.041801,0.131383,0.025758,0.257755,0.124017,0.024095,0.024168,-0.032592,-0.059086,0.203982,0.196945,0.125983,0.138585,0.146149,0.161145,-0.024156,0.038683,0.132650,0.101935,-0.003420,0.035672,0.041787,0.177913,-0.021604,0.015585,0.154671,-0.036994,-0.013344,-0.110976,0.001006,0.017587,0.058810,0.131679,0.086474,-0.038565,0.088917,0.127741,0.057469,0.089552,0.050032,0.198196,0.163698,0.064576,0.008632,0.017241,0.156329,0.205912,0.198011,0.143632,0.143193,0.280606,-0.045841,0.146105,-0.110635,-0.008706,0.136033,0.067270,-0.133044,0.257135,-0.235906,0.278144,0.202831,-0.055915,0.161368,0.092934,0.141870,-0.012926,0.082774,0.084748,0.021871,0.175454,0.037056,0.006106,0.108193,0.236396,0.172079,-0.118917,0.242001,-0.031422,0.077488,0.132860,0.145439,0.020747,0.113235,0.017811,0.090782,0.029799,0.199575,0.125953,0.148462,0.059042,0.042993,0.132323,0.032226,0.013395,-0.010684,0.023780,0.057907,-0.003171,0.043382,0.051712,0.116621,0.007116,0.067409,0.166901,-0.036476,0.080494,0.144966,0.067575,-0.129798,0.029466,0.119345,0.140879,0.139586,0.096255,0.104159,0.243199,-0.186718,-0.180581,0.048643,0.055851,0.238802,-0.059643,0.076923,-0.053845,0.049367,#
17,0.170905,0.141854,0.009569,0.150899,0.145579,0.072257,0.039959,0.269794,0.180637,0.045306,0.115199,0.224145,0.169899,-0.010407,0.091644,0.210806,0.078966,1.000000,0.049757,0.169803,0.216922,-0.032237,0.053743,0.210452,-0.072449,0.153702,0.136372,-0.013462,-0.030954,0.132745,0.123507,0.035427,0.219255,0.020431,0.084763,0.173482,-0.153756,0.036996,0.247853,0.096194,0.154980,0.080796,0.045514,0.169528,0.113479,0.166169,0.177615,0.038177,0.033790,0.050953,0.089704,0.095241,-0.054948,0.170189,0.093227,0.187466,0.219263,0.124385,0.027638,-0.037400,0.167971,0.136594,0.097732,0.016846,0.149574,0.195954,0.141871,0.220852,0.078000,0.128959,0.022247,0.259818,0.149636,-0.046393,0.060381,0.222126,-0.041006,0.020273,0.016964,0.223102,0.061662,0.064342,0.240831,0.099431,0.109185,-0.083081,0.199989,0.151005,0.094654,0.122469,0.092822,0.034529,0.182680,0.103328,-0.023872,0.140606,0.055563,0.172293,0.082061,0.094179,0.073155,-0.075861,-0.025931,0.161569,0.052998,0.110261,0.170690,0.114440,0.131732,-0.055315,0.085751,0.192444,0.016756,0.195670,0.108059,0.162556,-0.036404,-0.004040,-0.005423,0.102241,0.007709,0.196437,0.117024,0.117017,0.259331,0.056668,0.040368,0.104748,0.035147,0.064402,0.154358,0.085298,0.154818,0.080413,0.191042,0.197460,0.084295,0.214963,0.105998,0.123937,0.127247,0.132452,0.106889,0.134535,0.142514,0.216926,0.007217,0.125287,-0.017839,-0.003220,0.106118,-0.036151,-0.046506,0.124794,0.242177,0.272700,0.125844,0.083524,0.237478,0.114861,0.106389,0.154618,0.178677,0.204187,0.054943,0.184811,0.087080,0.150898,0.162963,-0.093792,0.158742,0.055870,0.019130,0.044572,0.149696,0.007053,0.201165,0.098797,-0.158361,0.248934,0.141823,0.168771,0.125807,0.088383,-0.024253,0.003919,0.037167,0.013024,0.145610,0.192315,0.117626,0.170873,0.061639,0.095272,0.217955,0.109466,-0.000133,0.100775,0.011710,0.089059,#
18,0.186095,0.004907,0.041025,0.219664,0.136696,-0.047959,0.053949,-0.039500,0.120279,-0.094698,0.100960,0.118860,0.100058,0.163375,0.219668,0.188133,0.029187,0.049757,1.000000,0.002877,0.129872,0.115976,0.043441,0.246815,0.110201,0.123835,0.008241,0.251546,0.005349,-0.047184,-0.011543,-0.071658,0.126001,0.073323,0.228222,0.174009,0.193342,0.085951,0.053668,0.338576,0.012279,0.163981,0.176702,0.076414,0.137674,-0.005448,-0.031762,0.064822,-0.031495,0.236001,0.168348,0.061741,0.168182,0.060734,0.111119,0.165100,0.070485,0.056606,-0.056588,0.025315,0.087483,-0.065498,0.194685,0.031488,0.167494,0.017852,0.262491,0.119374,-0.055769,0.012986,-0.046154,-0.024309,-0.011332,-0.046170,0.038766,0.075467,0.018878,0.121406,0.013791,0.030282,0.111301,0.014697,0.044552,0.248269,0.093610,-0.100293,0.164600,-0.013324,0.178836,0.101230,0.220531,-0.007428,-0.008887,0.195533,-0.011912,0.265387,0.261982,0.009553,0.057843,0.154644,0.105996,0.100927,0.079033,0.077580,0.223913,0.007693,0.108710,0.051887,0.036525,0.081681,0.200762,0.141523,0.161619,0.031158,0.049693,0.112306,0.018254,-0.229642,0.028121,0.142057,0.083746,0.106849,0.120466,-0.096699,0.098213,-0.077705,0.062003,0.115675,0.197017,0.027097,0.031692,0.211776,-0.009063,0.148954,0.130947,-0.119768,-0.092789,0.136483,-0.061178,0.126399,0.063365,-0.015098,0.165067,0.106367,0.095602,0.132903,0.005708,0.116556,-0.062945,-0.009415,-0.053445,0.124718,-0.009026,0.083003,0.085014,0.214052,0.169579,0.072568,-0.106360,0.273096,0.095333,0.124219,0.105064,0.140493,0.049254,0.189218,0.132613,0.038920,0.026821,0.256444,-0.154164,-0.003107,0.129052,0.067066,-0.065847,0.209858,0.189151,0.082432,0.213892,-0.092142,0.092418,0.022908,0.153147,-0.052252,0.070386,-0.089182,0.243077,0.026423,0.040986,0.093769,-0.009215,0.129934,0.179263,0.037549,0.113629,0.039897,0.000250,0.152160,0.186154,0.014229,#
19,0.184830,0.199306,0.073321,0.171336,0.362020,0.214195,0.008716,0.114996,0.171691,0.259654,0.176305,-0.133860,0.239949,0.231258,0.250610,0.172785,0.392119,0.169803,0.002877,1.000000,0.195613,-0.026796,0.118647,0.199432,-0.057526,0.339463,0.237502,0.089423,0.011462,0.199002,0.208235,0.198766,0.096087,0.092085,0.083305,0.273604,0.058097,-0.130093,0.277079,0.100885,0.107061,0.153759,0.108759,0.071450,0.136408,0.230582,0.252285,0.242358,0.151665,0.273528,0.153164,0.213200,-0.000633,0.281617,0.199861,0.280701,0.182180,0.054855,0.187207,0.048263,0.241688,0.307292,0.237967,0.187296,0.359588,-0.058169,0.112492,0.220791,-0.026757,0.185865,0.221522,0.123304,0.172698,0.095166,0.249209,0.334104,0.069624,0.260541,0.432369,0.112238,0.208503,0.160796,0.126953,0.174417,0.252543,0.062436,0.191078,0.244257,0.179213,-0.040838,0.095548,0.143371,0.167363,-0.008555,0.004538,0.251965,0.257518,0.184282,-0.031599,0.107683,0.120388,0.067093,0.170416,0.197793,0.252365,0.245797,0.180731,0.319702,0.044895,0.004666,0.124721,0.167640,0.105133,0.206109,0.267970,0.063894,0.236273,0.180711,0.128115,-0.152437,0.275716,0.251191,0.246878,0.262495,0.326142,0.033127,0.294001,0.116561,0.049405,0.233540,0.052700,-0.100218,0.232584,0.131086,0.334869,0.177521,0.017237,0.267339,0.144708,0.040977,0.044734,0.219938,0.193454,0.069399,0.189840,0.158988,0.042183,0.187142,0.216664,0.050911,0.102519,0.229182,0.073181,0.181560,0.309911,0.157913,0.188135,0.078383,0.137124,0.152023,0.251818,0.174694,0.194612,0.166213,0.184450,0.187675,0.037932,0.158426,0.305299,0.011391,0.113000,0.204007,0.250120,0.275672,0.126140,0.108883,0.234992,0.230110,0.184846,-0.019383,-0.008321,0.180148,0.217369,0.159093,0.191606,0.125634,0.054273,0.142138,0.179080,0.194882,0.300320,0.203859,-0.135417,0.057311,0.122158,0.278303,-0.016151,0.166871,0.219544,0.270289,#
20,0.016737,0.006655,0.208384,0.117328,0.345910,0.071678,0.092939,0.083367,0.051316,0.003853,0.012855,0.042096,0.106990,0.150589,0.122029,0.035205,0.121634,0.216922,0.129872,0.195613,1.000000,0.082745,0.051647,0.054124,0.150920,0.300176,0.137295,-0.032191,0.042979,0.042719,-0.060824,-0.055660,0.065382,0.045668,0.033222,0.007528,0.148172,0.033942,0.136715,0.172956,0.065314,0.178540,0.023755,-0.017573,0.253101,0.075212,0.265072,-0.008388,0.010668,0.072153,-0.137872,0.113134,-0.007777,0.189306,0.167333,0.162386,0.131472,0.111749,0.059171,-0.118515,0.222105,0.166274,0.163131,-0.025504,0.023363,-0.058858,0.016219,0.167720,0.123249,0.142974,0.179073,0.286906,0.070734,0.013832,0.053004,-0.074045,0.036363,0.254866,0.181349,-0.056444,0.123787,0.066328,0.115315,0.009341,0.143372,0.103097,0.113704,0.033078,0.250323,-0.020368,0.095417,0.049093,0.099673,0.112259,0.153285,0.055266,0.133506,0.147140,0.109706,-0.067401,0.155552,0.034993,0.111703,0.080024,0.130929,0.048727,0.083898,0.134817,-0.025338,0.143342,0.141522,0.212632,0.039234,0.013538,0.079504,0.210786,0.244532,0.034634,-0.070567,0.200769,0.044725,0.218660,-0.020987,-0.034930,0.079557,-0.029317,0.122080,0.049393,0.204146,0.091647,0.144444,0.029080,0.088736,0.090812,0.201427,0.027636,0.159800,-0.005913,0.119947,0.009787,0.193547,0.121551,0.208523,0.145303,0.165267,0.123800,-0.026925,0.145420,0.111494,0.215962,0.223729,0.062184,-0.108021,0.221148,0.090078,0.123501,0.111339,-0.016606,0.025474,0.260328,0.097549,0.177462,0.183821,0.188379,0.085904,0.038702,-0.086045,0.137598,0.090844,0.005439,0.110199,-0.031166,0.005640,0.030641,-0.007322,0.048291,0.009239,0.023363,0.204953,0.034203,0.066504,0.112320,-0.061808,0.040562,0.130053,-0.172993,0.131481,0.080937,0.039565,0.354141,-0.043093,0.104211,-0.006477,0.119238,0.154694,0.117791,-0.003419,0.205733,0.167268,0.149007,#
