0,1.000000,0.768617,0.798534,0.755541,0.689539,0.768778,0.753903,0.776626,0.743986,0.737435,0.752269,0.793638,0.757979,0.710072,0.751282,0.727332,0.742928,0.797274,0.776027,0.740833,0.773119,0.742573,0.755239,0.757459,0.695100,0.757564,0.763619,0.781338,0.701199,0.754283,0.754607,0.744907,0.711922,0.698422,0.765612,0.755853,0.755529,0.775249,0.755944,0.794728,0.751803,0.731128,0.770105,0.782814,0.747813,0.703846,0.792562,0.790771,0.732653,0.797666,0.761137,0.719345,0.785120,0.791114,0.754472,0.782221,0.756284,0.798609,0.754555,0.782641,0.796489,0.695512,0.759130,0.756957,0.738913,0.758568,0.802825,0.788209,0.750842,0.704189,0.774327,0.767324,0.819117,0.771257,0.761839,0.769460,0.765071,0.773744,0.770482,0.754641,0.812199,0.767682,0.766306,0.796975,0.737239,0.812660,0.749684,0.747929,0.682511,0.742473,0.734243,0.744544,0.737447,0.771680,0.770951,0.751618,0.706932,0.719172,0.760085,0.778971,0.765112,0.764809,0.705118,0.731394,0.760773,0.726448,0.722746,0.781146,0.778437,0.739412,0.777177,0.728422,0.787406,0.703238,0.748124,0.823710,0.697394,0.736658,0.746204,0.702138,0.714755,0.853933,0.753829,0.801912,0.734564,0.734834,0.732824,0.749546,0.717669,0.724724,0.739862,0.770792,0.767037,0.720275,0.763812,0.725837,0.743632,0.788856,0.742758,0.764724,0.733357,0.755313,0.682030,0.799553,0.786786,0.696580,0.761531,0.691531,0.771132,0.779306,0.742747,0.729127,0.736030,0.737076,0.743324,0.717559,0.730049,0.767473,0.786208,0.779198,0.771648,0.776276,0.730079,0.770369,0.739007,0.761593,0.774909,0.729442,0.731803,0.783133,0.768394,0.744309,0.760859,0.795157,0.822906,0.702850,0.746603,0.762742,0.743546,0.772016,0.729589,0.789151,0.697404,0.728491,0.740072,0.708118,0.772808,0.734706,0.739162,0.800784,0.745681,0.769520,0.734774,0.736997,0.728790,0.730815,0.736941,0.779592,0.797955,0.752999,#
1,0.768617,1.000000,0.763605,0.783905,0.761114,0.816202,0.713266,0.752282,0.777940,0.761700,0.760830,0.752585,0.750624,0.780609,0.780594,0.752789,0.740827,0.757098,0.773054,0.788962,0.804728,0.828304,0.806298,0.791385,0.727617,0.733273,0.834000,0.797973,0.715813,0.727838,0.815528,0.790361,0.762602,0.777767,0.787164,0.805173,0.705694,0.817600,0.801185,0.787096,0.744631,0.734223,0.740558,0.753973,0.747036,0.745510,0.800650,0.779470,0.815662,0.794355,0.766620,0.810827,0.781503,0.749482,0.817242,0.784791,0.762851,0.809886,0.794825,0.764315,0.759881,0.763399,0.696994,0.713029,0.767018,0.769991,0.819949,0.794145,0.789427,0.795479,0.777683,0.787490,0.855996,0.746432,0.786243,0.805659,0.749147,0.791553,0.772493,0.764995,0.812268,0.763957,0.839209,0.807199,0.790911,0.782843,0.735134,0.750628,0.775780,0.771591,0.739825,0.723104,0.780854,0.786740,0.719550,0.689048,0.740310,0.749121,0.751981,0.801856,0.779061,0.812764,0.731758,0.766608,0.760247,0.738703,0.737741,0.795637,0.757025,0.733865,0.778483,0.752877,0.759694,0.744438,0.732945,0.769538,0.765585,0.799367,0.759044,0.711599,0.790297,0.775516,0.726175,0.781419,0.713618,0.704445,0.749002,0.766419,0.785036,0.795428,0.736891,0.787529,0.733077,0.770993,0.802105,0.727138,0.723070,0.756617,0.781759,0.700142,0.791578,0.763304,0.751324,0.771076,0.730791,0.755374,0.783541,0.697810,0.791847,0.766776,0.796747,0.792115,0.768467,0.736805,0.776789,0.726878,0.768396,0.779091,0.732791,0.768174,0.762662,0.792034,0.785039,0.798027,0.795944,0.729481,0.751950,0.772154,0.693587,0.775373,0.770318,0.737381,0.764181,0.793437,0.798524,0.713321,0.758157,0.824202,0.730545,0.777247,0.763094,0.770217,0.722922,0.728694,0.753135,0.779187,0.779546,0.674483,0.763881,0.778067,0.785152,0.758106,0.729145,0.759252,0.806979,0.716685,0.731574,0.774479,0.757767,0.753328,#
2,0.798534,0.763605,1.000000,0.742556,0.684292,0.777911,0.720096,0.746111,0.755336,0.745461,0.733402,0.709926,0.684929,0.693402,0.748462,0.721447,0.701353,0.745654,0.698159,0.750653,0.702039,0.745053,0.691661,0.778514,0.699477,0.670989,0.804988,0.804559,0.754921,0.752467,0.780054,0.761328,0.731055,0.709021,0.725128,0.765612,0.738929,0.760612,0.796386,0.752087,0.714354,0.758587,0.755834,0.714344,0.703823,0.694174,0.824655,0.713717,0.709036,0.809584,0.761259,0.741313,0.753761,0.788526,0.816249,0.760026,0.748589,0.764506,0.707879,0.757778,0.802182,0.752479,0.724221,0.780287,0.736470,0.755760,0.807871,0.733171,0.744083,0.751806,0.774552,0.744202,0.807084,0.729608,0.780887,0.778425,0.755852,0.766482,0.742307,0.787888,0.777567,0.764779,0.769354,0.789127,0.778519,0.808506,0.732737,0.810509,0.743708,0.719395,0.741438,0.743447,0.761777,0.704172,0.761468,0.696759,0.706086,0.713953,0.831130,0.760303,0.727393,0.724476,0.686017,0.707792,0.717028,0.782417,0.756390,0.723781,0.785444,0.728911,0.761050,0.692943,0.781267,0.695359,0.712772,0.736103,0.718571,0.737115,0.784075,0.662417,0.727550,0.736747,0.708448,0.765859,0.747209,0.691434,0.728635,0.741910,0.729865,0.779494,0.781165,0.801134,0.788136,0.799847,0.777070,0.738353,0.693365,0.736774,0.729180,0.699010,0.769718,0.746478,0.687122,0.719178,0.734578,0.773050,0.730469,0.720779,0.742967,0.751767,0.766517,0.740401,0.724108,0.748082,0.719075,0.731647,0.744551,0.696587,0.695956,0.723961,0.702350,0.681308,0.717203,0.763692,0.708443,0.734826,0.796592,0.693293,0.687280,0.735353,0.732559,0.712909,0.736297,0.725089,0.767346,0.694202,0.714379,0.778261,0.742078,0.732858,0.720833,0.791721,0.656596,0.773839,0.723176,0.741173,0.714465,0.683686,0.759047,0.754243,0.715720,0.747183,0.784241,0.727710,0.728584,0.765017,0.719649,0.775270,0.688882,0.753410,#
3,0.755541,0.783905,0.742556,1.000000,0.731655,0.753754,0.730187,0.734666,0.749717,0.735727,0.730123,0.736390,0.747625,0.709388,0.723951,0.755253,0.719423,0.719957,0.759265,0.710434,0.740336,0.783701,0.700410,0.725400,0.736253,0.747781,0.743331,0.756665,0.723215,0.684446,0.753364,0.785942,0.715423,0.762302,0.767477,0.745026,0.698598,0.768383,0.696538,0.791092,0.739531,0.720752,0.726399,0.715062,0.719152,0.748832,0.816847,0.745690,0.802380,0.760445,0.770301,0.700582,0.769175,0.714267,0.762397,0.753701,0.673749,0.762026,0.813030,0.765003,0.730213,0.744265,0.682012,0.719978,0.786441,0.761123,0.742073,0.748325,0.706615,0.730203,0.725735,0.787826,0.801566,0.766531,0.737179,0.735681,0.710388,0.747367,0.746009,0.781166,0.780485,0.694233,0.757949,0.796738,0.743829,0.773781,0.723550,0.715437,0.712694,0.759482,0.676260,0.716903,0.765199,0.769675,0.741149,0.717995,0.688762,0.673863,0.728328,0.762769,0.713886,0.726466,0.656718,0.712431,0.752066,0.737373,0.723648,0.767513,0.725623,0.720143,0.725477,0.718221,0.709191,0.713482,0.731415,0.760720,0.705648,0.713122,0.746372,0.653045,0.683998,0.741572,0.672040,0.741885,0.702738,0.708035,0.734029,0.738448,0.717164,0.762249,0.708256,0.753863,0.690956,0.778172,0.793561,0.758485,0.780589,0.711182,0.702671,0.684685,0.724579,0.726946,0.707289,0.708969,0.698389,0.778809,0.704679,0.698976,0.726254,0.705384,0.713945,0.737384,0.714839,0.723360,0.731820,0.671810,0.759326,0.740220,0.691777,0.745875,0.759361,0.741808,0.707040,0.779894,0.742932,0.732668,0.738169,0.683024,0.727443,0.727832,0.758811,0.762923,0.739012,0.756719,0.718110,0.712426,0.714010,0.740534,0.757574,0.701230,0.692301,0.770065,0.666551,0.709748,0.682503,0.711966,0.714076,0.640179,0.776931,0.772303,0.691194,0.707235,0.706070,0.714384,0.722906,0.724107,0.743786,0.748733,0.704185,0.751180,#
4,0.689539,0.761114,0.684292,0.731655,1.000000,0.743197,0.757819,0.683701,0.663690,0.698715,0.696601,0.720389,0.657763,0.708257,0.675542,0.741182,0.694719,0.746765,0.704787,0.744406,0.746806,0.731300,0.687586,0.733183,0.696359,0.662776,0.732993,0.714197,0.695158,0.668000,0.802314,0.711842,0.738015,0.668815,0.697016,0.728973,0.663189,0.740001,0.682315,0.779200,0.712045,0.686682,0.677138,0.721899,0.703424,0.687017,0.751089,0.689146,0.748631,0.745621,0.738298,0.711992,0.739057,0.650299,0.739153,0.737038,0.676206,0.735499,0.757592,0.735346,0.687197,0.728498,0.684887,0.669394,0.740636,0.750489,0.782198,0.689776,0.691821,0.721026,0.736981,0.781383,0.744340,0.697462,0.697271,0.725830,0.701362,0.723372,0.747793,0.735512,0.693767,0.703192,0.761802,0.704738,0.730862,0.690255,0.647644,0.654559,0.715870,0.767187,0.646576,0.663554,0.652200,0.703728,0.670876,0.691911,0.703093,0.639491,0.661362,0.731943,0.746567,0.736035,0.674413,0.695690,0.722768,0.680837,0.722813,0.718509,0.730024,0.706345,0.688227,0.691507,0.712488,0.757241,0.704798,0.725391,0.681775,0.773693,0.681030,0.633075,0.718046,0.709712,0.750708,0.732226,0.677583,0.708464,0.681485,0.693871,0.763642,0.739512,0.772362,0.741984,0.656148,0.707965,0.768779,0.727772,0.726290,0.726285,0.688829,0.653936,0.692337,0.755943,0.709265,0.717177,0.672741,0.700853,0.750797,0.643371,0.689854,0.729344,0.711796,0.798820,0.658297,0.649483,0.747222,0.685797,0.741893,0.687119,0.721187,0.700847,0.655360,0.709864,0.754967,0.734799,0.734621,0.687844,0.711905,0.686400,0.662710,0.729896,0.693587,0.697192,0.723009,0.705013,0.780599,0.696989,0.697890,0.745407,0.712377,0.697892,0.755372,0.702110,0.711508,0.656048,0.747029,0.702612,0.702674,0.722474,0.680704,0.682912,0.667189,0.680248,0.676475,0.709196,0.727027,0.619113,0.688986,0.736409,0.725333,0.666743,#
5,0.768778,0.816202,0.777911,0.753754,0.743197,1.000000,0.695639,0.760588,0.734148,0.729220,0.697136,0.718748,0.694081,0.721513,0.747007,0.716492,0.721769,0.731456,0.747058,0.782481,0.755265,0.729390,0.692506,0.748417,0.710314,0.763104,0.792072,0.805629,0.660964,0.735442,0.779779,0.792692,0.764273,0.758100,0.719187,0.782367,0.732797,0.729906,0.746724,0.770806,0.740962,0.731873,0.686832,0.716096,0.745290,0.740651,0.779704,0.769167,0.783814,0.769960,0.779191,0.694187,0.749068,0.786950,0.759241,0.836226,0.728502,0.763050,0.781171,0.794187,0.709891,0.724276,0.729625,0.774684,0.721184,0.717224,0.781177,0.750246,0.743885,0.782088,0.793489,0.765236,0.822077,0.731703,0.745125,0.719160,0.742367,0.760135,0.735881,0.760770,0.776749,0.769421,0.795282,0.767886,0.731933,0.759851,0.710295,0.739330,0.769709,0.770959,0.717226,0.685314,0.741050,0.764152,0.713581,0.615919,0.743538,0.696263,0.788662,0.704768,0.782670,0.758589,0.788532,0.747825,0.743913,0.745160,0.745013,0.760405,0.716880,0.744985,0.740750,0.752803,0.740298,0.668862,0.666813,0.740490,0.766403,0.773845,0.727607,0.663649,0.718223,0.774673,0.746355,0.813292,0.710377,0.718695,0.770302,0.715278,0.759885,0.745700,0.736755,0.808817,0.766647,0.801314,0.780886,0.697944,0.710860,0.769333,0.697003,0.705133,0.737726,0.720625,0.733842,0.753945,0.821817,0.700598,0.729820,0.710206,0.749643,0.817182,0.773225,0.771188,0.725686,0.726037,0.754398,0.676626,0.772435,0.734658,0.730812,0.745139,0.732398,0.771813,0.750144,0.764905,0.776245,0.694476,0.690570,0.750235,0.696647,0.735898,0.787566,0.737563,0.758110,0.736991,0.761416,0.715793,0.724882,0.780329,0.773223,0.736808,0.748054,0.752956,0.648615,0.700011,0.717961,0.758930,0.726417,0.684581,0.784873,0.790256,0.701077,0.779088,0.711815,0.771115,0.703198,0.715059,0.699874,0.772177,0.741062,0.723283,#
6,0.753903,0.713266,0.720096,0.730187,0.757819,0.695639,1.000000,0.693630,0.735185,0.767102,0.722880,0.724185,0.695900,0.728440,0.660026,0.767405,0.718898,0.771791,0.741936,0.716973,0.767021,0.724080,0.672564,0.720060,0.735716,0.729869,0.758392,0.753222,0.687831,0.743466,0.755904,0.771801,0.739783,0.716913,0.717775,0.763675,0.742788,0.746815,0.704574,0.757658,0.748380,0.737016,0.755859,0.761406,0.739921,0.620339,0.783989,0.747501,0.780073,0.787426,0.776596,0.744590,0.758693,0.652123,0.754249,0.723422,0.747760,0.793959,0.782427,0.705508,0.761814,0.754118,0.705237,0.690593,0.769904,0.743090,0.814595,0.762161,0.744244,0.695018,0.762084,0.798727,0.779406,0.731903,0.703306,0.752638,0.761765,0.778028,0.765562,0.713494,0.771689,0.754320,0.716039,0.832302,0.753695,0.739329,0.717397,0.737598,0.746026,0.767175,0.697659,0.720606,0.674394,0.756991,0.719704,0.707012,0.703691,0.713123,0.737202,0.732920,0.752484,0.769869,0.711093,0.708722,0.781998,0.664107,0.750766,0.728912,0.771807,0.695921,0.681359,0.701996,0.712553,0.724135,0.668455,0.738463,0.669995,0.739327,0.705475,0.706025,0.702421,0.743787,0.697081,0.789695,0.724908,0.703941,0.691658,0.732571,0.683388,0.718696,0.764855,0.732429,0.682181,0.696543,0.750843,0.716031,0.760480,0.730568,0.760564,0.749543,0.743818,0.779931,0.660813,0.736448,0.719049,0.771565,0.753534,0.694074,0.711315,0.719204,0.717164,0.775549,0.672917,0.699207,0.692314,0.683967,0.742320,0.655965,0.716339,0.787747,0.730938,0.737199,0.697882,0.736800,0.754559,0.735533,0.780106,0.654258,0.686976,0.760080,0.731017,0.743453,0.707416,0.691850,0.731499,0.735548,0.730517,0.761380,0.726932,0.742020,0.742523,0.766506,0.709423,0.741361,0.705065,0.714059,0.733705,0.704011,0.726668,0.745479,0.695623,0.723783,0.706004,0.702311,0.751525,0.761884,0.755149,0.759171,0.716587,0.751557,#
7,0.776626,0.752282,0.746111,0.734666,0.683701,0.760588,0.693630,1.000000,0.753353,0.672027,0.729975,0.721883,0.720442,0.727889,0.724168,0.700477,0.711510,0.740041,0.732371,0.734778,0.769743,0.702613,0.775295,0.710089,0.703641,0.762842,0.745628,0.751507,0.686763,0.773552,0.727122,0.739267,0.709640,0.720936,0.743870,0.750933,0.738783,0.747106,0.720202,0.751702,0.737289,0.760006,0.700733,0.704000,0.716789,0.699459,0.761897,0.773312,0.777286,0.742947,0.749574,0.722797,0.775266,0.784787,0.787798,0.741814,0.736990,0.754534,0.769599,0.808607,0.677080,0.731431,0.759542,0.754750,0.756719,0.749253,0.820628,0.717205,0.757811,0.672872,0.771284,0.708944,0.785245,0.785062,0.763528,0.755554,0.752139,0.752631,0.707667,0.710385,0.797862,0.710565,0.785478,0.756636,0.718983,0.759781,0.756791,0.707269,0.729216,0.739983,0.696305,0.763578,0.722692,0.714333,0.727176,0.697462,0.726316,0.764789,0.761370,0.733099,0.757569,0.713665,0.697165,0.710981,0.740028,0.695880,0.736346,0.770621,0.754106,0.722002,0.793531,0.711733,0.756912,0.718320,0.689327,0.761845,0.692237,0.721963,0.730046,0.716117,0.734157,0.733963,0.691286,0.751391,0.753463,0.758753,0.702166,0.737890,0.679609,0.723045,0.726406,0.761549,0.756420,0.700240,0.767657,0.763939,0.734658,0.772430,0.677816,0.700990,0.720102,0.699658,0.740631,0.732607,0.745609,0.696623,0.759959,0.625182,0.734122,0.716705,0.733211,0.749736,0.729122,0.665303,0.707609,0.732507,0.758925,0.739583,0.754458,0.732171,0.748443,0.715470,0.782994,0.732491,0.751925,0.704240,0.752216,0.701986,0.661231,0.719253,0.772033,0.715998,0.709889,0.762381,0.734760,0.680780,0.692479,0.702413,0.755929,0.734815,0.723193,0.735434,0.713282,0.735654,0.690676,0.721162,0.751149,0.677752,0.751808,0.776905,0.733057,0.741920,0.695170,0.714049,0.749221,0.724005,0.734655,0.783552,0.774917,0.710545,#
8,0.743986,0.777940,0.755336,0.749717,0.663690,0.734148,0.735185,0.753353,1.000000,0.750447,0.732450,0.728951,0.723696,0.750997,0.719762,0.759435,0.691128,0.771678,0.682291,0.749090,0.755941,0.772784,0.692627,0.718097,0.729047,0.726984,0.751676,0.718159,0.750202,0.706616,0.744959,0.770760,0.694887,0.701326,0.714417,0.790038,0.713265,0.762286,0.704525,0.748412,0.699425,0.696625,0.807552,0.717853,0.706515,0.667196,0.756763,0.729300,0.777257,0.745075,0.791861,0.739739,0.696840,0.764821,0.762249,0.765010,0.756060,0.751131,0.731280,0.717148,0.748249,0.741742,0.776843,0.731008,0.758261,0.767874,0.789687,0.761302,0.801213,0.719524,0.757745,0.767144,0.801937,0.747239,0.748294,0.721117,0.733081,0.768252,0.719757,0.721413,0.783860,0.725309,0.735344,0.759998,0.772632,0.746150,0.701294,0.771265,0.702357,0.706303,0.724589,0.698119,0.712144,0.705828,0.704597,0.678016,0.733845,0.737663,0.814432,0.787729,0.755555,0.701000,0.746477,0.759639,0.701637,0.737083,0.724256,0.745950,0.686365,0.744825,0.707216,0.709899,0.747662,0.696476,0.654873,0.758141,0.696147,0.722412,0.740280,0.745903,0.671736,0.720121,0.675858,0.766519,0.704424,0.728807,0.677237,0.724823,0.724399,0.743272,0.701735,0.761333,0.725839,0.712875,0.770501,0.718320,0.747143,0.725907,0.740128,0.717369,0.740948,0.740899,0.731520,0.682825,0.734075,0.688588,0.694558,0.692211,0.750815,0.757143,0.699346,0.767221,0.668901,0.773259,0.702775,0.684996,0.747447,0.753615,0.769217,0.764035,0.735356,0.692590,0.749983,0.737047,0.705252,0.690075,0.735639,0.733266,0.718891,0.706324,0.740553,0.723559,0.678725,0.726052,0.768776,0.720700,0.729555,0.766255,0.729173,0.701462,0.725433,0.749710,0.712055,0.721764,0.721083,0.695377,0.789337,0.669355,0.726148,0.782028,0.757851,0.763710,0.774240,0.732486,0.736001,0.671730,0.692239,0.743951,0.725717,0.774768,#
9,0.737435,0.761700,0.745461,0.735727,0.698715,0.729220,0.767102,0.672027,0.750447,1.000000,0.735102,0.701257,0.720336,0.758858,0.748235,0.750288,0.717956,0.759858,0.720796,0.691993,0.773858,0.721153,0.676921,0.740534,0.727069,0.661343,0.750849,0.818190,0.687522,0.767368,0.733216,0.777993,0.734637,0.727763,0.708075,0.756825,0.716751,0.742596,0.731607,0.787802,0.732912,0.748505,0.708082,0.715513,0.745346,0.687891,0.752332,0.743315,0.752005,0.755342,0.759897,0.717719,0.691307,0.703411,0.753151,0.749876,0.763183,0.827493,0.689365,0.727866,0.760025,0.750216,0.707511,0.716003,0.717163,0.792363,0.807336,0.748435,0.794543,0.709441,0.742419,0.766157,0.759604,0.717086,0.736193,0.751323,0.766511,0.799866,0.735478,0.812240,0.779667,0.753583,0.744612,0.823724,0.750346,0.738370,0.715366,0.800855,0.733673,0.722340,0.724024,0.690193,0.739176,0.708727,0.728969,0.674017,0.701920,0.684117,0.726996,0.757456,0.798788,0.759877,0.752325,0.733802,0.752768,0.747064,0.717533,0.772871,0.783244,0.761753,0.737774,0.726718,0.737555,0.718137,0.685359,0.787481,0.620507,0.745758,0.709277,0.699505,0.676757,0.752360,0.701860,0.773834,0.737223,0.717600,0.725408,0.710399,0.767001,0.709562,0.725718,0.792240,0.712666,0.720778,0.773625,0.682513,0.732913,0.733135,0.734817,0.692485,0.799133,0.797015,0.740268,0.767066,0.748552,0.782303,0.748370,0.756157,0.747332,0.749634,0.685950,0.717072,0.726775,0.746872,0.728531,0.722663,0.697046,0.743344,0.703655,0.773149,0.758360,0.773143,0.741662,0.742360,0.735563,0.764497,0.711709,0.713898,0.750981,0.709978,0.748764,0.730011,0.720758,0.699476,0.767587,0.757077,0.739551,0.799099,0.688543,0.775591,0.760111,0.736926,0.748224,0.689639,0.717921,0.740437,0.720331,0.694886,0.751365,0.709775,0.727266,0.744359,0.688451,0.698940,0.717204,0.693957,0.756341,0.743352,0.728425,0.712838,#
10,0.752269,0.760830,0.733402,0.730123,0.696601,0.697136,0.722880,0.729975,0.732450,0.735102,1.000000,0.740518,0.725337,0.715567,0.677399,0.710353,0.733480,0.713945,0.762716,0.721440,0.741310,0.724152,0.726253,0.754963,0.691634,0.720161,0.757165,0.768746,0.709622,0.724201,0.730639,0.722426,0.714872,0.739523,0.734311,0.757861,0.748867,0.751355,0.742824,0.734003,0.729814,0.687625,0.724981,0.705895,0.711671,0.728676,0.817569,0.724788,0.746343,0.800498,0.739705,0.744638,0.732302,0.674253,0.771782,0.770869,0.738615,0.809611,0.691773,0.752846,0.744803,0.749356,0.775063,0.729701,0.749541,0.702139,0.797023,0.735578,0.785122,0.720033,0.811551,0.769661,0.804253,0.661072,0.739502,0.787478,0.700409,0.774053,0.753144,0.713971,0.802600,0.721674,0.726162,0.737433,0.727719,0.710079,0.741275,0.693902,0.719699,0.791659,0.672452,0.719246,0.771485,0.680126,0.682682,0.709738,0.694449,0.758401,0.735132,0.759680,0.724824,0.688266,0.694042,0.746085,0.741357,0.728345,0.724426,0.716570,0.726399,0.715110,0.736504,0.684334,0.777593,0.717636,0.676681,0.759696,0.653731,0.725112,0.724130,0.690261,0.703750,0.761867,0.679014,0.775684,0.664822,0.711587,0.732121,0.705734,0.768848,0.748918,0.702231,0.754803,0.695085,0.722395,0.768911,0.798709,0.710142,0.699751,0.747724,0.746736,0.769859,0.772019,0.668453,0.733916,0.702409,0.750849,0.764918,0.692000,0.722624,0.749155,0.675571,0.720209,0.700453,0.696333,0.768937,0.668943,0.761918,0.771770,0.701465,0.710088,0.766740,0.704636,0.729101,0.733783,0.741002,0.691182,0.748036,0.686283,0.706957,0.779647,0.723235,0.762357,0.656001,0.706829,0.775717,0.704698,0.697918,0.741010,0.684011,0.764142,0.704503,0.707930,0.719259,0.692951,0.650958,0.729675,0.744916,0.722900,0.676059,0.758386,0.727425,0.668505,0.703652,0.765556,0.741790,0.706874,0.715238,0.753592,0.723213,0.759882,#
11,0.793638,0.752585,0.709926,0.736390,0.720389,0.718748,0.724185,0.721883,0.728951,0.701257,0.740518,1.000000,0.750178,0.734487,0.735216,0.734833,0.724063,0.782353,0.793869,0.732408,0.737647,0.722643,0.760653,0.756262,0.726611,0.708899,0.740506,0.722019,0.742825,0.684692,0.751369,0.763897,0.758358,0.729566,0.680615,0.759940,0.760120,0.789388,0.708202,0.746921,0.745580,0.680683,0.718518,0.706044,0.713756,0.653119,0.810631,0.795665,0.735785,0.793204,0.734850,0.700148,0.778117,0.698258,0.775878,0.754499,0.694526,0.797192,0.751071,0.770848,0.708686,0.697537,0.794434,0.703501,0.738443,0.740277,0.760623,0.735132,0.783008,0.727540,0.771893,0.726038,0.775829,0.757846,0.792292,0.733204,0.755710,0.782248,0.715809,0.680319,0.757953,0.725575,0.756482,0.752902,0.776255,0.723925,0.645595,0.718970,0.673048,0.700710,0.735797,0.708275,0.704950,0.714843,0.673722,0.736605,0.704402,0.725148,0.735415,0.760478,0.728692,0.745449,0.749683,0.723529,0.752593,0.725562,0.740667,0.768142,0.795263,0.700424,0.755671,0.761276,0.768203,0.660178,0.664827,0.754194,0.711425,0.703470,0.740080,0.733814,0.664936,0.734679,0.713661,0.788485,0.702696,0.755133,0.768577,0.751212,0.746230,0.769096,0.746648,0.730430,0.752980,0.731253,0.774899,0.728654,0.761799,0.722578,0.755542,0.716161,0.717793,0.734396,0.715109,0.750848,0.737990,0.704573,0.778176,0.697282,0.724298,0.755661,0.711630,0.715735,0.721146,0.757545,0.759287,0.690886,0.757723,0.716417,0.708164,0.731510,0.761528,0.755895,0.801176,0.754527,0.776522,0.707041,0.777185,0.668809,0.714774,0.801084,0.769777,0.706225,0.775471,0.803418,0.763268,0.716741,0.740715,0.724015,0.719187,0.741854,0.725244,0.695603,0.746989,0.689345,0.739203,0.671473,0.741842,0.755016,0.686695,0.716279,0.736664,0.755861,0.711960,0.732272,0.711899,0.703461,0.740873,0.748937,0.737234,0.677138,#
12,0.757979,0.750624,0.684929,0.747625,0.657763,0.694081,0.695900,0.720442,0.723696,0.720336,0.725337,0.750178,1.000000,0.731861,0.702672,0.701441,0.667000,0.744492,0.773394,0.696101,0.742999,0.662956,0.744462,0.761190,0.711558,0.734151,0.701568,0.741238,0.694615,0.699833,0.714189,0.731477,0.691248,0.734854,0.734642,0.748054,0.706012,0.759100,0.726105,0.706621,0.640201,0.646325,0.673120,0.688394,0.731284,0.684635,0.787411,0.730131,0.756566,0.756885,0.805119,0.654701,0.708701,0.720514,0.760478,0.760936,0.712422,0.730935,0.728562,0.719565,0.692354,0.686336,0.739553,0.665923,0.743013,0.734773,0.740054,0.721691,0.761235,0.706882,0.725831,0.742835,0.764617,0.730742,0.752886,0.722258,0.720670,0.749725,0.747452,0.730702,0.751326,0.698338,0.748175,0.756973,0.686864,0.755552,0.639967,0.728392,0.668012,0.680721,0.732685,0.690947,0.748848,0.678465,0.661183,0.687747,0.729916,0.680099,0.696909,0.716055,0.687770,0.753677,0.696809,0.713615,0.686259,0.669786,0.684641,0.732691,0.756537,0.719150,0.710036,0.707015,0.724729,0.674065,0.759864,0.744383,0.607412,0.677864,0.725330,0.698659,0.664203,0.765457,0.672400,0.746117,0.691175,0.763368,0.742975,0.691808,0.701434,0.703542,0.644533,0.673233,0.672947,0.694094,0.707868,0.712765,0.683314,0.725546,0.671659,0.636694,0.755712,0.719124,0.682768,0.743189,0.653281,0.699870,0.747612,0.641814,0.716992,0.735657,0.726466,0.679989,0.710245,0.666925,0.699827,0.731952,0.750193,0.760206,0.766216,0.699523,0.718933,0.742862,0.725065,0.729050,0.767198,0.632050,0.684709,0.734799,0.667806,0.732878,0.740655,0.676066,0.725726,0.727426,0.730437,0.656519,0.776607,0.755958,0.662303,0.691262,0.702668,0.751970,0.686700,0.653446,0.633511,0.662740,0.705431,0.704094,0.768379,0.737094,0.679833,0.720314,0.629332,0.699841,0.676324,0.736593,0.704958,0.754690,0.751277,0.673757,#
13,0.710072,0.780609,0.693402,0.709388,0.708257,0.721513,0.728440,0.727889,0.750997,0.758858,0.715567,0.734487,0.731861,1.000000,0.698165,0.704093,0.667594,0.809289,0.778992,0.729864,0.739679,0.714476,0.770837,0.711752,0.730012,0.735461,0.721824,0.758380,0.730089,0.801063,0.700527,0.736337,0.744882,0.772516,0.648792,0.749670,0.720089,0.796590,0.731991,0.777982,0.800792,0.694846,0.739525,0.721123,0.767964,0.707432,0.762610,0.775191,0.787392,0.790771,0.776544,0.772089,0.707662,0.687431,0.804919,0.796625,0.760655,0.786181,0.765739,0.755045,0.742044,0.723324,0.727442,0.734311,0.778795,0.775140,0.777997,0.755889,0.776704,0.702143,0.736816,0.768369,0.780505,0.771397,0.772414,0.732515,0.752099,0.797665,0.790800,0.727496,0.767959,0.709161,0.760480,0.783466,0.740734,0.792805,0.666783,0.689604,0.771489,0.716431,0.699018,0.727189,0.714744,0.745779,0.704441,0.675567,0.717123,0.694675,0.726752,0.773459,0.737262,0.750833,0.759152,0.753231,0.767954,0.773598,0.723472,0.770399,0.744060,0.737109,0.748610,0.729205,0.749904,0.725635,0.690575,0.764978,0.665446,0.739109,0.764447,0.688904,0.723447,0.748621,0.695387,0.697197,0.699631,0.714134,0.752224,0.715628,0.734258,0.708104,0.739093,0.712941,0.720380,0.734070,0.753086,0.717030,0.698305,0.760738,0.791454,0.668436,0.755209,0.779886,0.767988,0.705298,0.692017,0.728665,0.750727,0.691586,0.745924,0.718094,0.772641,0.760421,0.687289,0.732879,0.694011,0.697553,0.790581,0.725747,0.746078,0.743400,0.753708,0.733753,0.742430,0.757587,0.771302,0.714818,0.763268,0.717567,0.726518,0.728104,0.743064,0.749808,0.757244,0.748620,0.780947,0.739284,0.763517,0.784093,0.718832,0.765174,0.739721,0.741338,0.781585,0.694430,0.751494,0.736429,0.704025,0.728310,0.706629,0.757569,0.766900,0.748864,0.714397,0.721152,0.779078,0.714734,0.741097,0.784150,0.738350,0.686270,#
14,0.751282,0.780594,0.748462,0.723951,0.675542,0.747007,0.660026,0.724168,0.719762,0.748235,0.677399,0.735216,0.702672,0.698165,1.000000,0.690082,0.683149,0.688615,0.659130,0.708484,0.727799,0.719354,0.721644,0.779532,0.693656,0.650664,0.756297,0.715308,0.672594,0.727393,0.766576,0.702549,0.697012,0.664845,0.719611,0.751282,0.656693,0.741094,0.736261,0.700565,0.714767,0.692681,0.730073,0.695517,0.697610,0.704306,0.736714,0.700443,0.696324,0.699733,0.708636,0.727773,0.684847,0.765694,0.742171,0.745903,0.683108,0.712914,0.728010,0.704671,0.724859,0.756886,0.723763,0.711875,0.717576,0.713232,0.755701,0.707305,0.769423,0.716173,0.714626,0.694695,0.768164,0.720470,0.753138,0.703594,0.695474,0.751544,0.703209,0.697473,0.736330,0.708917,0.755190,0.752939,0.738891,0.751611,0.640209,0.690735,0.719189,0.628445,0.680219,0.649310,0.741439,0.767008,0.727833,0.663943,0.727880,0.690438,0.705746,0.701106,0.734242,0.732367,0.730021,0.663701,0.709725,0.712860,0.694849,0.698050,0.757073,0.717786,0.723684,0.756199,0.747973,0.658985,0.609702,0.741402,0.644000,0.676265,0.686965,0.690362,0.698968,0.743567,0.666785,0.732803,0.742557,0.607046,0.735014,0.740682,0.656190,0.711992,0.677727,0.771541,0.692864,0.705407,0.730406,0.703648,0.745051,0.724072,0.701845,0.697143,0.718551,0.732914,0.619118,0.747885,0.692578,0.725371,0.773907,0.657445,0.716708,0.692612,0.721426,0.713219,0.654491,0.711155,0.725099,0.671659,0.702483,0.695491,0.661856,0.712334,0.728863,0.697771,0.708450,0.706779,0.729238,0.653930,0.652676,0.674004,0.615598,0.759441,0.709714,0.669606,0.721429,0.734681,0.786321,0.704029,0.701622,0.712652,0.695465,0.702507,0.697218,0.719149,0.719132,0.695419,0.716737,0.711437,0.749220,0.653004,0.731240,0.704562,0.677174,0.706314,0.733098,0.710929,0.645077,0.676728,0.695321,0.710932,0.680847,0.648817,#
15,0.727332,0.752789,0.721447,0.755253,0.741182,0.716492,0.767405,0.700477,0.759435,0.750288,0.710353,0.734833,0.701441,0.704093,0.690082,1.000000,0.682720,0.752496,0.718948,0.702834,0.715307,0.784265,0.721981,0.727968,0.735885,0.691002,0.712947,0.722767,0.707675,0.686633,0.777936,0.766037,0.757935,0.774934,0.679402,0.767095,0.743417,0.779348,0.722951,0.714583,0.681578,0.692489,0.742113,0.718730,0.769502,0.692070,0.774038,0.717945,0.764457,0.776522,0.767794,0.719631,0.692942,0.726879,0.746994,0.733646,0.734614,0.746092,0.755361,0.717037,0.750894,0.738088,0.716619,0.735305,0.737043,0.740098,0.765827,0.757416,0.731330,0.681553,0.755798,0.721606,0.709739,0.712165,0.769208,0.740537,0.747996,0.737520,0.767962,0.726517,0.739050,0.705014,0.722477,0.757467,0.765694,0.731136,0.641665,0.724412,0.716136,0.695552,0.663896,0.694464,0.742348,0.742332,0.660131,0.690699,0.678194,0.711000,0.718454,0.737288,0.741067,0.727229,0.732019,0.744829,0.715055,0.700042,0.683432,0.744237,0.720088,0.750543,0.698092,0.661478,0.758698,0.699881,0.675959,0.717134,0.653750,0.711265,0.711999,0.771755,0.687001,0.738865,0.670541,0.775831,0.689803,0.711584,0.734279,0.666647,0.737924,0.771002,0.732460,0.707855,0.691816,0.650969,0.745617,0.720140,0.740390,0.678615,0.701717,0.718774,0.698681,0.729687,0.683364,0.723207,0.730353,0.758014,0.678796,0.686893,0.723535,0.740245,0.728516,0.758291,0.695833,0.720728,0.717515,0.659538,0.758282,0.695852,0.739454,0.734679,0.693671,0.745635,0.737936,0.726228,0.723726,0.685633,0.733245,0.680478,0.707674,0.746428,0.689600,0.728624,0.664378,0.738431,0.745577,0.769910,0.726533,0.723494,0.715829,0.739628,0.728929,0.749441,0.694351,0.715469,0.734570,0.692044,0.682089,0.641799,0.680753,0.741672,0.704535,0.757301,0.685099,0.671577,0.700386,0.664580,0.727687,0.715300,0.742657,0.731752,#
16,0.742928,0.740827,0.701353,0.719423,0.694719,0.721769,0.718898,0.711510,0.691128,0.717956,0.733480,0.724063,0.667000,0.667594,0.683149,0.682720,1.000000,0.746173,0.759314,0.721888,0.789036,0.702014,0.664565,0.726978,0.705204,0.744220,0.745099,0.674576,0.629973,0.698057,0.755307,0.729319,0.709270,0.650873,0.703450,0.749344,0.763217,0.765131,0.711799,0.736860,0.712348,0.688692,0.691309,0.693693,0.722205,0.708135,0.737702,0.724724,0.747769,0.766933,0.681660,0.718181,0.714215,0.727689,0.730774,0.768806,0.654358,0.742489,0.716296,0.672817,0.747083,0.762832,0.709233,0.682919,0.705139,0.693337,0.800146,0.705473,0.751257,0.719987,0.751885,0.752149,0.765115,0.696323,0.733535,0.708560,0.710754,0.752190,0.695328,0.738726,0.797810,0.729792,0.748015,0.749724,0.730839,0.728158,0.721760,0.657101,0.676947,0.714397,0.641717,0.705457,0.726877,0.701129,0.704271,0.716718,0.708902,0.703466,0.743893,0.721072,0.762168,0.736284,0.699379,0.718582,0.701947,0.749771,0.745937,0.710008,0.776495,0.701772,0.724325,0.723049,0.736723,0.699121,0.698364,0.771125,0.751122,0.740878,0.708976,0.587494,0.636172,0.703353,0.699246,0.741879,0.718800,0.677185,0.657735,0.657695,0.738823,0.687972,0.746059,0.714118,0.705990,0.667785,0.734822,0.762327,0.700746,0.702123,0.684567,0.665266,0.728583,0.722009,0.726760,0.727611,0.643140,0.699972,0.755601,0.695589,0.720097,0.696629,0.672546,0.729430,0.624925,0.686036,0.792220,0.653683,0.738159,0.726927,0.676202,0.710647,0.709893,0.685619,0.773070,0.708837,0.738551,0.734023,0.705795,0.707166,0.680856,0.742319,0.688262,0.716780,0.698795,0.740438,0.733867,0.725831,0.681228,0.783530,0.685400,0.727445,0.728515,0.676741,0.713622,0.683392,0.651127,0.673466,0.749341,0.687427,0.732507,0.739430,0.725863,0.697432,0.711110,0.698395,0.735316,0.716705,0.745511,0.782464,0.720368,0.709371,#
17,0.797274,0.757098,0.745654,0.719957,0.746765,0.731456,0.771791,0.740041,0.771678,0.759858,0.713945,0.782353,0.744492,0.809289,0.688615,0.752496,0.746173,1.000000,0.763226,0.787975,0.759213,0.751818,0.767357,0.740975,0.774728,0.773761,0.781096,0.767887,0.714132,0.771522,0.775060,0.779101,0.721114,0.716440,0.690717,0.796162,0.763868,0.815840,0.752989,0.817239,0.729014,0.733380,0.734778,0.736678,0.751010,0.696214,0.782986,0.794834,0.781979,0.820420,0.762934,0.707525,0.749126,0.739373,0.783100,0.768486,0.762307,0.773185,0.741984,0.748719,0.714320,0.748087,0.772388,0.726555,0.759453,0.777034,0.847348,0.780389,0.765170,0.719337,0.775456,0.767327,0.766728,0.765368,0.816811,0.732071,0.781894,0.812807,0.774679,0.780559,0.782415,0.742471,0.809146,0.797045,0.745787,0.758458,0.712176,0.779477,0.736397,0.717656,0.737587,0.705585,0.741740,0.745309,0.723291,0.738463,0.723161,0.701215,0.761614,0.797637,0.781487,0.741487,0.734776,0.735921,0.736491,0.762782,0.725090,0.732223,0.756372,0.784738,0.774408,0.709227,0.786111,0.711971,0.752131,0.766643,0.690373,0.731246,0.775012,0.723317,0.730139,0.770327,0.754995,0.749672,0.713019,0.730846,0.721677,0.736122,0.759525,0.736775,0.758630,0.790544,0.775006,0.715422,0.769359,0.765410,0.772976,0.756278,0.747806,0.754074,0.779540,0.774855,0.786842,0.767584,0.753207,0.738617,0.766219,0.685719,0.783559,0.763813,0.736448,0.774101,0.710556,0.755524,0.744029,0.752806,0.811740,0.754347,0.746906,0.775421,0.759634,0.751328,0.794686,0.730188,0.760290,0.731407,0.707242,0.656403,0.744223,0.738563,0.750943,0.746021,0.777079,0.762760,0.823790,0.683695,0.756027,0.787773,0.730919,0.777594,0.751755,0.794002,0.759199,0.771307,0.741564,0.710752,0.751138,0.766613,0.693644,0.742640,0.789818,0.750795,0.717376,0.736727,0.774322,0.747600,0.760847,0.791281,0.783014,0.676618,#
18,0.776027,0.773054,0.698159,0.759265,0.704787,0.747058,0.741936,0.732371,0.682291,0.720796,0.762716,0.793869,0.773394,0.778992,0.659130,0.718948,0.759314,0.763226,1.000000,0.719118,0.754950,0.751531,0.746952,0.699961,0.698454,0.776152,0.767551,0.742945,0.707903,0.775741,0.697728,0.793537,0.755664,0.766386,0.732162,0.808012,0.738693,0.773540,0.754686,0.774870,0.743021,0.715294,0.715084,0.697847,0.767072,0.699939,0.779586,0.796536,0.805777,0.767839,0.731059,0.719124,0.766640,0.659964,0.777423,0.750430,0.727661,0.764765,0.742677,0.796281,0.732310,0.715830,0.734994,0.713980,0.784304,0.703376,0.775211,0.711019,0.714921,0.714580,0.744902,0.745303,0.785007,0.714650,0.810154,0.726517,0.748070,0.755089,0.738225,0.721767,0.767490,0.717996,0.764065,0.772657,0.757276,0.770306,0.676385,0.721644,0.754308,0.721891,0.725493,0.696044,0.760836,0.757516,0.719507,0.700963,0.726260,0.746581,0.744045,0.766585,0.758369,0.710934,0.722959,0.746631,0.740946,0.746242,0.732565,0.755126,0.781526,0.766988,0.772726,0.708767,0.762177,0.725364,0.690724,0.760520,0.714847,0.740732,0.767859,0.692909,0.717344,0.798002,0.691186,0.769555,0.737841,0.711573,0.799765,0.680093,0.788457,0.700753,0.739889,0.760879,0.751890,0.698144,0.758283,0.744297,0.766985,0.748102,0.698690,0.721837,0.760637,0.778642,0.728007,0.798699,0.729246,0.716825,0.754674,0.681235,0.765252,0.715796,0.739883,0.743328,0.756418,0.696723,0.759552,0.743642,0.767997,0.786482,0.716226,0.723638,0.782568,0.767359,0.815451,0.759404,0.754468,0.695663,0.833503,0.707418,0.693163,0.745265,0.740586,0.734808,0.755431,0.778571,0.738704,0.717361,0.748307,0.795519,0.722845,0.792064,0.738982,0.750314,0.739005,0.700525,0.713604,0.737622,0.727361,0.747906,0.708710,0.777832,0.733752,0.740789,0.669545,0.776074,0.750872,0.720803,0.721198,0.820212,0.745161,0.719133,#
19,0.740833,0.788962,0.750653,0.710434,0.744406,0.782481,0.716973,0.734778,0.749090,0.691993,0.721440,0.732408,0.696101,0.729864,0.708484,0.702834,0.721888,0.787975,0.719118,1.000000,0.765045,0.706471,0.685847,0.737573,0.721846,0.708412,0.737601,0.722634,0.670926,0.738646,0.780891,0.798993,0.740737,0.695852,0.683509,0.808910,0.693560,0.761086,0.724480,0.746778,0.753743,0.737638,0.720613,0.699939,0.709179,0.731693,0.803197,0.740949,0.750124,0.742339,0.704985,0.696724,0.724117,0.710483,0.763394,0.720358,0.754796,0.762236,0.720616,0.701964,0.723069,0.687080,0.756308,0.712205,0.713780,0.743427,0.790536,0.710207,0.769408,0.714380,0.752880,0.745321,0.775192,0.707714,0.743474,0.712076,0.688303,0.752117,0.698947,0.718419,0.780449,0.702837,0.788699,0.748387,0.707559,0.693923,0.704850,0.733031,0.768467,0.714010,0.663342,0.706394,0.687975,0.739440,0.700754,0.671244,0.724810,0.724228,0.734943,0.769937,0.752461,0.723790,0.717183,0.717716,0.755398,0.685398,0.743299,0.698421,0.740209,0.686750,0.740531,0.687597,0.739226,0.705562,0.728258,0.759610,0.736861,0.742928,0.752074,0.637421,0.770175,0.726572,0.672128,0.817484,0.720834,0.723354,0.725217,0.715202,0.800667,0.789638,0.738653,0.786421,0.740306,0.740926,0.762266,0.752285,0.715446,0.732965,0.733429,0.696558,0.749801,0.760404,0.700731,0.736534,0.721199,0.675142,0.691059,0.637939,0.753607,0.740585,0.696921,0.760313,0.687314,0.725920,0.778346,0.689656,0.786070,0.739716,0.718539,0.738323,0.709010,0.744846,0.732889,0.753796,0.736807,0.673404,0.685925,0.740247,0.686390,0.720198,0.704602,0.749309,0.751691,0.732793,0.789560,0.670806,0.736438,0.762864,0.732207,0.684777,0.690011,0.741549,0.746100,0.740561,0.688556,0.691209,0.696508,0.709127,0.727995,0.755729,0.721470,0.730358,0.699442,0.761673,0.766583,0.706971,0.715870,0.716193,0.708784,0.690430,#
20,0.773119,0.804728,0.702039,0.740336,0.746806,0.755265,0.767021,0.769743,0.755941,0.773858,0.741310,0.737647,0.742999,0.739679,0.727799,0.715307,0.789036,0.759213,0.754950,0.765045,1.000000,0.748421,0.705472,0.775735,0.754374,0.746627,0.769482,0.774352,0.709370,0.768353,0.780498,0.769167,0.732422,0.762797,0.734649,0.772823,0.735364,0.762918,0.745538,0.782896,0.771220,0.774521,0.730204,0.779429,0.774593,0.691116,0.791678,0.778864,0.777363,0.743356,0.766366,0.774763,0.731542,0.732592,0.763053,0.767176,0.719250,0.780138,0.755801,0.736358,0.769537,0.751992,0.803212,0.706555,0.777400,0.775872,0.835060,0.733199,0.771115,0.712797,0.747145,0.784908,0.777615,0.741172,0.746140,0.704804,0.723509,0.778866,0.779659,0.794187,0.780724,0.779254,0.774323,0.805228,0.718174,0.743537,0.729632,0.738720,0.778052,0.814796,0.719225,0.728920,0.735569,0.781313,0.735246,0.731275,0.704689,0.687782,0.746536,0.769410,0.817430,0.774239,0.728839,0.773422,0.773223,0.710655,0.790179,0.779838,0.771609,0.783774,0.737085,0.771676,0.735643,0.671180,0.759129,0.777663,0.729052,0.783417,0.694559,0.674383,0.749504,0.761540,0.721681,0.796959,0.714261,0.729182,0.684830,0.711453,0.734019,0.764236,0.750349,0.753347,0.779054,0.753435,0.775347,0.739765,0.719112,0.788808,0.753615,0.757481,0.766335,0.715588,0.757464,0.773970,0.748171,0.725438,0.795850,0.716278,0.733113,0.776450,0.747623,0.784036,0.717580,0.705222,0.785983,0.708936,0.736083,0.782334,0.745019,0.754853,0.751586,0.756050,0.744149,0.764965,0.819423,0.697974,0.705724,0.722229,0.678975,0.758343,0.755348,0.733860,0.772140,0.774595,0.767101,0.725044,0.742064,0.796425,0.722627,0.764953,0.744683,0.726589,0.723094,0.681334,0.703442,0.748116,0.763570,0.746793,0.736488,0.751376,0.707316,0.755326,0.751882,0.754828,0.769276,0.723370,0.764295,0.795840,0.763780,0.734526,#
21,0.742573,0.828304,0.745053,0.783701,0.731300,0.729390,0.724080,0.702613,0.772784,0.721153,0.724152,0.722643,0.662956,0.714476,0.719354,0.784265,0.702014,0.751818,0.751531,0.706471,0.748421,1.000000,0.747067,0.747326,0.675526,0.717537,0.785968,0.727996,0.735096,0.696085,0.732947,0.717106,0.752531,0.745185,0.728715,0.783773,0.716137,0.755736,0.749068,0.749129,0.722071,0.756166,0.728954,0.744392,0.737406,0.728121,0.741219,0.750199,0.760792,0.770191,0.711676,0.759874,0.750423,0.699634,0.766408,0.754001,0.725589,0.734132,0.773850,0.723404,0.730711,0.747644,0.682519,0.703643,0.766562,0.728731,0.782132,0.731173,0.733187,0.761086,0.732270,0.794864,0.770901,0.763933,0.803917,0.755528,0.757134,0.756642,0.773458,0.754961,0.736536,0.696881,0.796869,0.774166,0.789767,0.737289,0.659261,0.755124,0.754233,0.743230,0.643559,0.676570,0.749812,0.733887,0.728515,0.737790,0.717058,0.678391,0.729957,0.793844,0.753064,0.719032,0.646033,0.746721,0.712161,0.757503,0.703628,0.750761,0.709408,0.772716,0.780001,0.690593,0.754681,0.726417,0.646015,0.700515,0.708477,0.786624,0.716292,0.717366,0.711890,0.711513,0.680893,0.724608,0.679474,0.664358,0.724789,0.722088,0.731821,0.759070,0.747731,0.769103,0.713573,0.727563,0.797628,0.686171,0.716818,0.688980,0.717215,0.735799,0.765521,0.747604,0.672949,0.738086,0.698166,0.709875,0.728072,0.674937,0.713639,0.744732,0.728438,0.793172,0.702629,0.728265,0.706052,0.708895,0.745781,0.742630,0.672415,0.746210,0.732507,0.749637,0.752580,0.745122,0.780367,0.713856,0.758014,0.693474,0.675462,0.741189,0.739652,0.730032,0.729213,0.727674,0.734801,0.701644,0.655078,0.737380,0.728116,0.746724,0.713284,0.780825,0.724560,0.717631,0.720883,0.733310,0.744059,0.666370,0.674119,0.751699,0.735985,0.703374,0.719157,0.700402,0.729935,0.680385,0.733774,0.761887,0.676834,0.744945,#
