0,1.000000,0.795272,0.798318,0.748835,0.738772,0.811877,0.804075,0.811489,0.810926,0.761473,0.787508,0.804559,0.747803,0.776039,0.749397,0.788887,0.820187,0.835407,0.779657,0.783308,0.805382,0.725022,0.802601,0.823436,0.734079,0.753596,0.763588,0.760087,0.736154,0.807753,0.780058,0.803718,0.770090,0.776015,0.794979,0.756013,0.720062,0.783960,0.819628,0.828065,0.803820,0.759420,0.819835,0.760451,0.788258,0.724236,0.812142,0.816105,0.795116,0.824603,0.779697,0.811631,0.793526,0.806896,0.811992,0.826710,0.779879,0.823058,0.786295,0.790155,0.804400,0.765604,0.823299,0.779903,0.805259,0.784274,0.838760,0.793027,0.785533,0.740484,0.783259,0.784175,0.832836,0.822574,0.761010,0.783809,0.820145,0.794734,0.813933,0.767166,0.826871,0.788817,0.804049,0.805990,0.804860,0.825062,0.830381,0.822429,0.748575,0.784483,0.738598,0.784577,0.782854,0.769317,0.798855,0.773896,0.787227,0.774679,0.803666,0.821997,0.800612,0.774166,0.823731,0.806763,0.755723,0.794227,0.758140,0.811125,0.787098,0.720596,0.787670,0.812691,0.789227,0.779738,0.797922,0.832370,0.778448,0.766419,0.776608,0.757451,0.711025,0.838704,0.824425,0.849338,0.818136,0.792172,0.761172,0.748657,0.735265,0.760180,0.791118,0.792180,0.797706,0.737147,0.802715,0.786688,0.786723,0.796964,0.779962,0.821965,0.773279,0.755665,0.733380,0.795301,0.791408,0.658122,0.785628,0.730896,0.807113,0.771362,0.801819,0.826316,0.803340,0.738012,0.781027,0.780149,0.807986,0.809124,0.835830,0.771301,0.816203,0.796987,0.790267,0.784727,0.787016,0.793380,0.802526,0.766869,0.794280,0.784565,0.798417,0.789892,0.790404,0.819641,0.833407,0.768820,0.810748,0.823332,0.789074,0.753550,0.767168,0.788041,0.750484,0.757659,0.788552,0.752865,0.756307,0.775439,0.784158,0.773040,0.758916,0.795663,0.778090,0.795399,0.774200,0.805397,0.770524,0.826477,0.803297,0.769581,#
1,0.795272,1.000000,0.746978,0.776369,0.756260,0.779575,0.709017,0.769224,0.829189,0.763378,0.752738,0.757057,0.731602,0.721377,0.754167,0.774767,0.759847,0.768979,0.763938,0.782221,0.760870,0.788610,0.794769,0.769209,0.760760,0.694734,0.773296,0.781626,0.718977,0.721077,0.803669,0.804302,0.737460,0.783349,0.735771,0.762610,0.703644,0.781463,0.806837,0.783722,0.751717,0.699170,0.759935,0.741729,0.735649,0.733521,0.789840,0.778323,0.784895,0.774937,0.735802,0.803146,0.778446,0.749618,0.802611,0.758515,0.744021,0.781792,0.745692,0.707365,0.765330,0.740880,0.736139,0.725073,0.776475,0.785945,0.786344,0.770142,0.770722,0.787078,0.739685,0.776652,0.831608,0.744283,0.747529,0.744217,0.754590,0.742251,0.790384,0.709446,0.779950,0.749351,0.784880,0.797548,0.807692,0.772497,0.783697,0.802485,0.772917,0.744490,0.706810,0.736379,0.775258,0.784252,0.787189,0.759365,0.759492,0.755480,0.757187,0.753667,0.788661,0.735430,0.734758,0.757281,0.723781,0.778425,0.731410,0.790763,0.776590,0.729103,0.762122,0.756598,0.737633,0.797577,0.725458,0.764298,0.735197,0.739303,0.725922,0.680434,0.760736,0.772443,0.755516,0.777107,0.770788,0.742153,0.735984,0.744776,0.749175,0.776733,0.737687,0.809252,0.726294,0.731341,0.788751,0.767407,0.760498,0.782430,0.747356,0.760427,0.805684,0.756192,0.785105,0.784984,0.749647,0.711711,0.733437,0.722554,0.775664,0.696428,0.779178,0.831298,0.794076,0.686251,0.801211,0.733952,0.789675,0.773929,0.738363,0.725066,0.767280,0.809346,0.754772,0.789269,0.753552,0.735862,0.778549,0.702724,0.729265,0.750560,0.753352,0.733447,0.770015,0.805696,0.762616,0.764568,0.783552,0.820337,0.722467,0.760410,0.741084,0.745260,0.738476,0.773703,0.755461,0.779750,0.748640,0.675228,0.801894,0.761995,0.773002,0.748755,0.746571,0.760197,0.795379,0.697317,0.731706,0.800292,0.737517,0.758297,#
2,0.798318,0.746978,1.000000,0.742876,0.744230,0.769593,0.756370,0.772474,0.795400,0.719176,0.731072,0.724903,0.716292,0.768315,0.742488,0.752906,0.751830,0.770246,0.747709,0.763238,0.741670,0.718426,0.744138,0.803765,0.714127,0.722980,0.802015,0.774104,0.782961,0.776300,0.771529,0.757576,0.759717,0.739230,0.740040,0.738160,0.727030,0.768387,0.805239,0.762037,0.721837,0.724996,0.783042,0.727489,0.720303,0.721116,0.820779,0.728484,0.741994,0.797122,0.747211,0.794725,0.800711,0.793332,0.821171,0.778160,0.763517,0.743934,0.750863,0.740722,0.824059,0.769507,0.760155,0.772273,0.776270,0.773923,0.750082,0.758237,0.763570,0.761120,0.755472,0.754587,0.791850,0.783128,0.788006,0.759155,0.763035,0.752559,0.750263,0.767301,0.793211,0.783847,0.803769,0.756369,0.823984,0.771798,0.756005,0.816420,0.708191,0.726439,0.748790,0.763860,0.810810,0.742880,0.788641,0.765863,0.757585,0.726531,0.818407,0.789052,0.767619,0.755958,0.750328,0.758588,0.674369,0.795361,0.778792,0.760334,0.745663,0.692155,0.778453,0.720036,0.784614,0.739585,0.732558,0.720410,0.730562,0.771275,0.755998,0.693422,0.714625,0.737207,0.734289,0.816171,0.774734,0.711453,0.749025,0.723289,0.729642,0.782535,0.779094,0.799998,0.799804,0.773482,0.783492,0.764346,0.781737,0.778180,0.788514,0.751487,0.731049,0.777023,0.671901,0.719595,0.730064,0.758336,0.734510,0.697889,0.746717,0.763699,0.770681,0.811370,0.773485,0.766204,0.745405,0.750430,0.771511,0.720358,0.752979,0.702058,0.717845,0.735945,0.742375,0.754487,0.710283,0.770445,0.779655,0.703528,0.743876,0.746004,0.769512,0.744407,0.785783,0.741610,0.803592,0.740305,0.726856,0.780934,0.742272,0.704795,0.725270,0.801364,0.684756,0.801532,0.730648,0.756190,0.747625,0.714553,0.765147,0.749952,0.757708,0.750910,0.834079,0.767017,0.737271,0.765300,0.719126,0.779579,0.730777,0.764158,#
3,0.748835,0.776369,0.742876,1.000000,0.775049,0.735183,0.744672,0.726652,0.812164,0.740219,0.733722,0.770494,0.738548,0.759483,0.719807,0.785896,0.781356,0.759844,0.817449,0.754345,0.752955,0.767492,0.753757,0.745353,0.783056,0.739031,0.781090,0.750560,0.721194,0.753684,0.765034,0.816333,0.745666,0.775508,0.750604,0.758321,0.721921,0.791798,0.725692,0.806275,0.744487,0.715158,0.782110,0.782947,0.744817,0.794519,0.796343,0.733086,0.774042,0.730917,0.766090,0.725561,0.794059,0.742502,0.738667,0.802616,0.725757,0.774836,0.787636,0.746201,0.768921,0.703652,0.729955,0.754799,0.815521,0.754992,0.732063,0.760937,0.695853,0.763400,0.729202,0.752636,0.791773,0.754569,0.724904,0.728727,0.747590,0.736980,0.743748,0.749989,0.790368,0.734332,0.766813,0.774077,0.809809,0.791334,0.779001,0.751788,0.710565,0.739406,0.747385,0.751859,0.794313,0.772947,0.773199,0.781180,0.714333,0.731836,0.765330,0.764461,0.712655,0.751731,0.732522,0.719942,0.753723,0.740798,0.721181,0.746952,0.735999,0.709593,0.760706,0.724173,0.712873,0.771920,0.738311,0.796856,0.699176,0.728936,0.755715,0.670985,0.721595,0.766077,0.772338,0.737731,0.752088,0.753685,0.751714,0.758861,0.752972,0.750816,0.735418,0.775748,0.716563,0.753620,0.785031,0.794355,0.806866,0.726322,0.740811,0.757653,0.702173,0.777328,0.773644,0.689261,0.705572,0.788601,0.709751,0.785775,0.787703,0.719921,0.757858,0.793204,0.716176,0.728780,0.790312,0.704667,0.764709,0.728467,0.741843,0.704507,0.759259,0.760166,0.723970,0.762494,0.731779,0.755153,0.793229,0.686453,0.760006,0.741155,0.747941,0.774951,0.779892,0.784563,0.753320,0.769186,0.779217,0.796108,0.757234,0.755882,0.694885,0.780639,0.693814,0.759906,0.740419,0.761794,0.743929,0.661154,0.772799,0.821181,0.749687,0.735908,0.741345,0.742530,0.757236,0.753692,0.722419,0.747693,0.716217,0.762682,#
4,0.738772,0.756260,0.744230,0.775049,1.000000,0.818062,0.760007,0.755520,0.762807,0.739242,0.691201,0.779194,0.732688,0.783960,0.717294,0.770662,0.803032,0.808887,0.776221,0.819634,0.787401,0.748971,0.736380,0.792811,0.738278,0.719519,0.783212,0.731086,0.742166,0.751409,0.820755,0.787208,0.812252,0.733775,0.727358,0.738793,0.743585,0.762793,0.753534,0.793418,0.768034,0.689870,0.746133,0.779158,0.735615,0.783653,0.777679,0.766691,0.795372,0.751571,0.755495,0.744216,0.817809,0.747078,0.789449,0.792821,0.743588,0.764786,0.790662,0.763723,0.729909,0.748974,0.755167,0.740548,0.809916,0.778953,0.756129,0.752696,0.738361,0.752586,0.756279,0.809799,0.782447,0.792316,0.752060,0.701929,0.742978,0.787468,0.783449,0.776257,0.750133,0.742635,0.808205,0.737815,0.793221,0.760320,0.740931,0.738902,0.761228,0.749868,0.727997,0.732323,0.750652,0.757842,0.744725,0.757919,0.755851,0.723084,0.742512,0.772237,0.784564,0.791095,0.764990,0.746789,0.748271,0.770383,0.760797,0.757678,0.773646,0.738796,0.744280,0.755506,0.772875,0.821821,0.752256,0.741746,0.763341,0.793033,0.722950,0.677854,0.720309,0.782991,0.821240,0.766131,0.752148,0.765371,0.703977,0.754582,0.798184,0.766009,0.803267,0.781548,0.745133,0.763220,0.819690,0.790173,0.770207,0.772441,0.733656,0.716132,0.709692,0.786681,0.775384,0.741131,0.740252,0.701680,0.778392,0.698932,0.755729,0.782646,0.772707,0.849076,0.727310,0.708269,0.809387,0.750094,0.809185,0.715169,0.780468,0.716033,0.722949,0.755045,0.803732,0.741378,0.745272,0.745701,0.730542,0.693697,0.770085,0.739753,0.761776,0.789160,0.793172,0.768796,0.809089,0.779651,0.779786,0.797599,0.746066,0.725651,0.750735,0.761418,0.754080,0.758963,0.811163,0.771984,0.722922,0.777817,0.748128,0.747689,0.736418,0.687234,0.749405,0.785167,0.742059,0.732884,0.756265,0.750863,0.776063,0.722495,#
5,0.811877,0.779575,0.769593,0.735183,0.818062,1.000000,0.744840,0.770455,0.802378,0.735057,0.751405,0.773942,0.707628,0.727987,0.743784,0.827011,0.783273,0.816788,0.730280,0.803129,0.773560,0.750675,0.778286,0.803338,0.757858,0.741930,0.835288,0.782227,0.744347,0.761416,0.826681,0.811047,0.804484,0.767766,0.755355,0.781906,0.732049,0.790149,0.784653,0.783445,0.823686,0.683266,0.731295,0.759175,0.770541,0.784666,0.821075,0.778956,0.802256,0.749900,0.754955,0.782536,0.779097,0.825311,0.742644,0.839534,0.778853,0.791883,0.844233,0.773229,0.767911,0.782172,0.787381,0.797492,0.796903,0.790390,0.770267,0.795867,0.762170,0.738600,0.790099,0.773096,0.816867,0.770643,0.746429,0.777631,0.810643,0.777265,0.757175,0.748138,0.825374,0.755340,0.794501,0.762808,0.800185,0.805948,0.805787,0.813089,0.778880,0.738586,0.709948,0.773187,0.813178,0.803700,0.770566,0.744976,0.782379,0.759241,0.807442,0.798697,0.814205,0.781938,0.830462,0.796929,0.776882,0.780540,0.767358,0.776071,0.744122,0.770787,0.742384,0.826872,0.771337,0.763768,0.690560,0.742468,0.787061,0.753460,0.687008,0.747991,0.736553,0.782321,0.796877,0.835087,0.751160,0.776826,0.777760,0.742113,0.751865,0.794130,0.827792,0.832264,0.808257,0.800890,0.785127,0.758251,0.803765,0.758568,0.780097,0.772004,0.768253,0.738540,0.789577,0.791940,0.800162,0.699579,0.725517,0.730914,0.801549,0.765676,0.808287,0.823307,0.738827,0.739026,0.784374,0.723035,0.823480,0.773097,0.797954,0.752308,0.778325,0.805092,0.785091,0.762444,0.773675,0.759065,0.733300,0.772348,0.776302,0.753293,0.813993,0.784002,0.773866,0.773061,0.829885,0.748469,0.751829,0.806704,0.773190,0.767159,0.803352,0.778631,0.742366,0.773505,0.813654,0.813624,0.754278,0.758771,0.737062,0.776172,0.733260,0.759575,0.758329,0.766266,0.712733,0.734056,0.746909,0.770687,0.783286,0.730082,#
6,0.804075,0.709017,0.756370,0.744672,0.760007,0.744840,1.000000,0.728050,0.759371,0.708555,0.723477,0.742098,0.735298,0.790142,0.683884,0.740505,0.792594,0.807182,0.759425,0.736379,0.807431,0.699733,0.700030,0.775485,0.737860,0.738292,0.772325,0.742384,0.706157,0.778686,0.773100,0.778180,0.758417,0.760807,0.761026,0.766177,0.721112,0.718575,0.754325,0.773766,0.751318,0.771257,0.766740,0.743530,0.796312,0.704610,0.789025,0.728914,0.816479,0.798015,0.769326,0.790287,0.805493,0.702803,0.787950,0.786478,0.782527,0.800464,0.812628,0.712471,0.770457,0.726711,0.729913,0.738805,0.816200,0.734698,0.807723,0.727085,0.758899,0.721446,0.740679,0.765397,0.778840,0.806862,0.715571,0.717550,0.760537,0.774260,0.768701,0.726109,0.778294,0.761254,0.779792,0.797402,0.747039,0.789274,0.760540,0.745351,0.760202,0.752400,0.727968,0.721343,0.707387,0.742151,0.746332,0.753910,0.774338,0.745452,0.758883,0.781343,0.772062,0.757352,0.778668,0.760122,0.743747,0.712310,0.783690,0.743443,0.757008,0.677821,0.707388,0.745333,0.714505,0.741010,0.735077,0.711894,0.744307,0.774817,0.736075,0.698279,0.737738,0.757097,0.759062,0.799526,0.808260,0.765767,0.736934,0.763861,0.673755,0.743599,0.764705,0.773028,0.743213,0.702091,0.769133,0.768354,0.786454,0.754886,0.807135,0.759731,0.756777,0.769318,0.722084,0.734236,0.728332,0.746480,0.742932,0.718109,0.753612,0.737389,0.765547,0.817528,0.711594,0.680727,0.734060,0.722201,0.774063,0.710367,0.786524,0.739775,0.784061,0.763754,0.723507,0.757530,0.765423,0.774630,0.798520,0.668029,0.762114,0.740482,0.801553,0.754585,0.744116,0.719387,0.761093,0.768376,0.779536,0.778702,0.755772,0.732363,0.758516,0.719768,0.777668,0.773099,0.734567,0.746666,0.711064,0.759030,0.711773,0.748214,0.715272,0.742842,0.730175,0.774235,0.775889,0.765165,0.750384,0.779885,0.748820,0.737519,#
7,0.811489,0.769224,0.772474,0.726652,0.755520,0.770455,0.728050,1.000000,0.844957,0.742820,0.745727,0.756671,0.746521,0.766731,0.768708,0.728876,0.788460,0.775198,0.794707,0.763655,0.778206,0.741360,0.824777,0.790892,0.760963,0.791871,0.776175,0.767180,0.758105,0.766728,0.731005,0.802172,0.743190,0.761103,0.740436,0.758076,0.764869,0.732918,0.788262,0.766191,0.770833,0.712331,0.772817,0.775476,0.748968,0.733828,0.789611,0.788104,0.758659,0.739193,0.777222,0.766452,0.811201,0.824308,0.782594,0.785622,0.750795,0.805124,0.744970,0.764680,0.737866,0.749526,0.777015,0.752939,0.787195,0.794646,0.794639,0.782932,0.794236,0.754571,0.779129,0.681042,0.820218,0.796567,0.798970,0.745071,0.796255,0.746421,0.773654,0.734342,0.799386,0.768257,0.789694,0.764038,0.807546,0.778428,0.819628,0.785472,0.746498,0.746612,0.758393,0.788012,0.773560,0.752078,0.800934,0.759255,0.795325,0.787851,0.780200,0.782768,0.775407,0.763716,0.779734,0.769167,0.745246,0.761863,0.757130,0.782107,0.758447,0.696001,0.831583,0.740462,0.786832,0.777902,0.716940,0.785012,0.741864,0.731417,0.699771,0.749550,0.763386,0.764380,0.757613,0.828110,0.842111,0.765811,0.741654,0.783478,0.711906,0.751255,0.772863,0.769082,0.797472,0.700683,0.805790,0.812090,0.784276,0.777144,0.745498,0.786353,0.754699,0.792592,0.777520,0.750800,0.769421,0.739692,0.776489,0.681446,0.805422,0.769025,0.750548,0.795680,0.803553,0.742033,0.768802,0.790548,0.779215,0.763101,0.776007,0.749250,0.810200,0.737942,0.818464,0.722726,0.759673,0.753564,0.815790,0.748798,0.757149,0.717207,0.820875,0.789172,0.765842,0.787914,0.781767,0.743386,0.767711,0.783119,0.755015,0.739644,0.751236,0.756986,0.733038,0.762616,0.761107,0.808565,0.752555,0.712940,0.771382,0.796797,0.784203,0.745885,0.736618,0.742767,0.771748,0.763925,0.743967,0.802366,0.776894,0.724524,#
8,0.810926,0.829189,0.795400,0.812164,0.762807,0.802378,0.759371,0.844957,1.000000,0.793857,0.747769,0.798055,0.773172,0.784221,0.760062,0.797701,0.801521,0.824400,0.787756,0.796003,0.781589,0.810417,0.806422,0.780640,0.739706,0.782107,0.801446,0.816249,0.757424,0.790023,0.771465,0.810949,0.776160,0.797436,0.742076,0.795277,0.770308,0.777525,0.803987,0.807064,0.764598,0.751746,0.826875,0.767888,0.773527,0.734945,0.775416,0.802082,0.796760,0.793139,0.786179,0.790164,0.799227,0.833047,0.799522,0.826000,0.759605,0.812807,0.779285,0.751274,0.801470,0.760511,0.782486,0.781120,0.783675,0.831299,0.785985,0.810443,0.794889,0.812109,0.762854,0.774829,0.855533,0.839176,0.771408,0.743029,0.794840,0.793025,0.774396,0.787889,0.800572,0.761355,0.799448,0.839976,0.827997,0.818880,0.780953,0.824670,0.742785,0.768993,0.781346,0.780690,0.809793,0.765336,0.831486,0.794549,0.764395,0.776517,0.831759,0.789706,0.801555,0.775781,0.807063,0.819091,0.745140,0.784589,0.807587,0.832302,0.752045,0.749770,0.813478,0.779839,0.814325,0.789140,0.753025,0.810007,0.750138,0.762689,0.778221,0.777078,0.765732,0.765080,0.812648,0.813831,0.803073,0.810354,0.770631,0.782856,0.791496,0.775247,0.759497,0.785829,0.796744,0.781291,0.859172,0.772697,0.789517,0.783305,0.753697,0.816857,0.782086,0.812297,0.792527,0.797103,0.801821,0.731050,0.783039,0.722584,0.804771,0.794096,0.768144,0.826465,0.772715,0.802145,0.784666,0.790461,0.809179,0.790158,0.789416,0.791940,0.818889,0.790740,0.824643,0.795505,0.781864,0.761187,0.794804,0.753932,0.784248,0.788144,0.824361,0.805532,0.802615,0.781963,0.830767,0.784049,0.779320,0.845841,0.769206,0.724134,0.763136,0.800725,0.701762,0.820468,0.797025,0.807939,0.796246,0.735622,0.813987,0.828375,0.784866,0.787846,0.802511,0.777543,0.745197,0.788925,0.774476,0.788674,0.765178,0.817725,#
9,0.761473,0.763378,0.719176,0.740219,0.739242,0.735057,0.708555,0.742820,0.793857,1.000000,0.689357,0.722646,0.740066,0.754996,0.760500,0.745977,0.773829,0.759597,0.765125,0.742441,0.795322,0.717873,0.765871,0.797831,0.716718,0.719762,0.760644,0.803564,0.696850,0.784538,0.719255,0.761143,0.757019,0.767237,0.771936,0.755233,0.724694,0.730683,0.765020,0.767795,0.763793,0.741182,0.751627,0.721377,0.770729,0.692431,0.749219,0.755859,0.714466,0.716402,0.707316,0.715864,0.719189,0.750381,0.762960,0.767288,0.731434,0.811185,0.748223,0.733045,0.754174,0.717083,0.773647,0.744496,0.753402,0.818671,0.770406,0.787149,0.783183,0.706717,0.742220,0.727324,0.768930,0.743644,0.750852,0.711950,0.733870,0.801873,0.750440,0.774109,0.740742,0.751600,0.733527,0.816195,0.799077,0.748763,0.736596,0.803728,0.711254,0.671993,0.714161,0.734667,0.775488,0.734309,0.769619,0.736530,0.727215,0.767144,0.782697,0.751884,0.775167,0.763646,0.765528,0.768301,0.744671,0.767603,0.745356,0.752153,0.790412,0.772715,0.777633,0.781178,0.790797,0.754443,0.702111,0.794908,0.653627,0.705069,0.678319,0.713151,0.729342,0.752981,0.790383,0.782960,0.768674,0.728078,0.757507,0.684772,0.773591,0.722602,0.733327,0.774164,0.755992,0.761630,0.774856,0.721831,0.747167,0.734078,0.734517,0.763265,0.716951,0.795370,0.761011,0.760253,0.720725,0.732077,0.759369,0.703584,0.759291,0.700422,0.714063,0.768569,0.711129,0.731694,0.768268,0.738386,0.741100,0.756902,0.756450,0.735036,0.762865,0.790168,0.753340,0.755659,0.768787,0.767435,0.706814,0.716098,0.766677,0.728251,0.794227,0.774335,0.759481,0.726590,0.774933,0.812627,0.731809,0.794903,0.749643,0.761728,0.769717,0.723854,0.756982,0.733361,0.742598,0.797934,0.681280,0.706443,0.810279,0.718789,0.766453,0.767724,0.716391,0.712450,0.726819,0.703726,0.735638,0.751566,0.728491,0.719963,#
10,0.787508,0.752738,0.731072,0.733722,0.691201,0.751405,0.723477,0.745727,0.747769,0.689357,1.000000,0.708215,0.687927,0.709138,0.649682,0.741055,0.768533,0.728981,0.746715,0.711053,0.751249,0.697107,0.765326,0.783790,0.659662,0.712742,0.746334,0.795571,0.715935,0.761249,0.725026,0.759541,0.723093,0.761461,0.752082,0.743414,0.707886,0.761255,0.762362,0.738588,0.736586,0.690254,0.714178,0.718350,0.746188,0.752642,0.787459,0.750682,0.779875,0.796369,0.697285,0.750348,0.756559,0.710461,0.752402,0.775052,0.743737,0.777992,0.703235,0.725789,0.773791,0.737244,0.797628,0.778250,0.775683,0.708349,0.745763,0.674763,0.755645,0.747661,0.742406,0.758088,0.814707,0.708252,0.723577,0.759974,0.758953,0.784382,0.758975,0.703674,0.802207,0.733849,0.738630,0.753423,0.760989,0.748843,0.778684,0.764412,0.721890,0.766855,0.669754,0.757590,0.792686,0.726311,0.761459,0.763565,0.715691,0.734439,0.777872,0.805458,0.740796,0.721846,0.729574,0.810567,0.794622,0.740663,0.722467,0.729107,0.743323,0.724065,0.727026,0.716293,0.748134,0.740593,0.700878,0.771935,0.699390,0.714644,0.723567,0.706338,0.717637,0.765401,0.676984,0.783785,0.712024,0.726985,0.756478,0.727979,0.707777,0.716515,0.719151,0.733303,0.725939,0.717467,0.776650,0.803453,0.738332,0.715937,0.733596,0.799280,0.810592,0.741122,0.701059,0.732085,0.673907,0.663226,0.730656,0.709609,0.756868,0.725035,0.746852,0.770416,0.770899,0.708139,0.756966,0.729144,0.774639,0.799250,0.749660,0.706659,0.795587,0.725707,0.722370,0.748267,0.727669,0.700768,0.765636,0.689903,0.772859,0.731749,0.757811,0.761965,0.710403,0.731656,0.753040,0.735517,0.746708,0.784471,0.703658,0.760073,0.719371,0.699746,0.749996,0.734022,0.698927,0.750699,0.696763,0.728069,0.710691,0.771546,0.743449,0.700272,0.735414,0.743118,0.760901,0.756247,0.721183,0.781960,0.741581,0.745261,#
11,0.804559,0.757057,0.724903,0.770494,0.779194,0.773942,0.742098,0.756671,0.798055,0.722646,0.708215,1.000000,0.782360,0.739986,0.736037,0.771642,0.776846,0.811852,0.804305,0.753305,0.749525,0.724654,0.772587,0.750724,0.741340,0.728725,0.740187,0.736294,0.755833,0.734280,0.759765,0.777342,0.783914,0.770578,0.719490,0.750797,0.769833,0.787045,0.746605,0.782277,0.760937,0.726027,0.749214,0.741113,0.749894,0.726210,0.838470,0.775791,0.759521,0.803201,0.754692,0.723087,0.798817,0.764228,0.790853,0.793755,0.723124,0.790963,0.760704,0.734411,0.731103,0.718242,0.803421,0.738268,0.788948,0.780391,0.781395,0.767666,0.778186,0.775913,0.789884,0.757022,0.784117,0.789216,0.764229,0.697440,0.821922,0.794665,0.755417,0.696728,0.785514,0.744820,0.776248,0.771896,0.799466,0.765133,0.746844,0.748085,0.713980,0.710466,0.738037,0.777647,0.768037,0.728099,0.770745,0.790797,0.765229,0.755086,0.769252,0.757532,0.744270,0.771569,0.785747,0.768017,0.795262,0.762957,0.745369,0.805512,0.776155,0.768734,0.811571,0.789738,0.778842,0.756057,0.671695,0.771256,0.731870,0.748955,0.729816,0.736115,0.678425,0.776062,0.783772,0.795762,0.782634,0.767616,0.775173,0.731309,0.753140,0.759943,0.791027,0.761303,0.763168,0.763526,0.785824,0.763060,0.802706,0.742502,0.749254,0.732718,0.767245,0.739909,0.751861,0.781195,0.781040,0.687614,0.763770,0.734162,0.765144,0.764741,0.742987,0.772775,0.763020,0.759781,0.783079,0.742596,0.816560,0.734853,0.775677,0.713178,0.745360,0.773688,0.791247,0.753401,0.807406,0.699869,0.780523,0.688776,0.771867,0.796133,0.780423,0.755255,0.787800,0.794799,0.758898,0.774331,0.765176,0.781214,0.735959,0.779149,0.760519,0.738368,0.757850,0.741983,0.787616,0.711925,0.727666,0.776005,0.772241,0.761932,0.782259,0.750576,0.769103,0.745069,0.737724,0.756206,0.751841,0.763174,0.757563,0.740009,#
12,0.747803,0.731602,0.716292,0.738548,0.732688,0.707628,0.735298,0.746521,0.773172,0.740066,0.687927,0.782360,1.000000,0.758194,0.753150,0.719481,0.763331,0.784350,0.769248,0.758203,0.759199,0.687080,0.785553,0.782220,0.723860,0.727981,0.724741,0.742482,0.764010,0.704029,0.736519,0.760473,0.771466,0.780624,0.732924,0.762914,0.750959,0.745095,0.765399,0.752811,0.680248,0.661753,0.727078,0.767452,0.740354,0.744080,0.782436,0.706770,0.733200,0.740357,0.805223,0.719088,0.746544,0.742867,0.789866,0.752021,0.716430,0.770674,0.742100,0.705059,0.704640,0.744451,0.752040,0.718828,0.792185,0.766665,0.738243,0.705444,0.780167,0.738297,0.751332,0.707427,0.767454,0.745561,0.779392,0.720695,0.774798,0.756340,0.755557,0.748179,0.759239,0.726789,0.776066,0.779891,0.733478,0.766001,0.715552,0.753182,0.735893,0.687460,0.740860,0.743867,0.762530,0.673076,0.728498,0.803376,0.800350,0.755959,0.741919,0.725711,0.700066,0.777066,0.763217,0.786687,0.702398,0.735877,0.725527,0.720481,0.773479,0.729758,0.761003,0.735136,0.734478,0.731451,0.777404,0.757339,0.677711,0.696104,0.741017,0.724251,0.695274,0.737242,0.747947,0.796992,0.785623,0.758867,0.748066,0.682939,0.710827,0.742211,0.715688,0.723471,0.708124,0.723544,0.729590,0.738063,0.734059,0.768162,0.733011,0.716445,0.767787,0.773976,0.728357,0.744321,0.717307,0.707361,0.741023,0.669511,0.775434,0.776973,0.737056,0.776139,0.731674,0.686767,0.742176,0.777495,0.806243,0.764481,0.771213,0.718956,0.763142,0.771757,0.768647,0.726860,0.802610,0.671183,0.736595,0.756931,0.689147,0.730388,0.767159,0.749937,0.752786,0.747906,0.739325,0.715995,0.796335,0.819069,0.713889,0.663884,0.714940,0.752682,0.748251,0.735263,0.676222,0.750318,0.670556,0.757861,0.741207,0.730610,0.714367,0.712393,0.708937,0.741332,0.705076,0.753443,0.731343,0.755711,0.762252,0.659232,#
13,0.776039,0.721377,0.768315,0.759483,0.783960,0.727987,0.790142,0.766731,0.784221,0.754996,0.709138,0.739986,0.758194,1.000000,0.713563,0.753170,0.747418,0.815294,0.784635,0.744824,0.780502,0.728578,0.806771,0.772183,0.734401,0.723898,0.732901,0.787502,0.772868,0.794705,0.712787,0.764629,0.796232,0.786401,0.685701,0.736368,0.732523,0.789706,0.800706,0.783121,0.825048,0.717566,0.770629,0.752594,0.805473,0.751016,0.765067,0.766095,0.797865,0.766666,0.749206,0.807179,0.780644,0.760354,0.808056,0.813170,0.751845,0.792560,0.782283,0.744499,0.790081,0.750361,0.748316,0.789939,0.815208,0.797087,0.773332,0.746238,0.785013,0.741553,0.717572,0.774613,0.748532,0.811755,0.774629,0.737643,0.764351,0.765830,0.801956,0.777705,0.772855,0.751551,0.798078,0.789541,0.772706,0.769161,0.724710,0.742413,0.778033,0.753295,0.732083,0.777348,0.775609,0.748494,0.789402,0.740405,0.753128,0.732482,0.753228,0.803549,0.790876,0.769119,0.760891,0.824984,0.760271,0.792397,0.753454,0.784201,0.761225,0.712878,0.775845,0.779826,0.760531,0.777951,0.749004,0.789949,0.703699,0.786624,0.768672,0.746599,0.740370,0.770308,0.728306,0.762662,0.758720,0.744901,0.774985,0.717684,0.728857,0.744315,0.766598,0.764538,0.738404,0.741458,0.807020,0.761103,0.751956,0.761338,0.805461,0.743932,0.744669,0.817265,0.787246,0.759420,0.705742,0.729460,0.788138,0.705805,0.777426,0.765010,0.758247,0.814425,0.739296,0.737327,0.746629,0.754845,0.796109,0.749693,0.807065,0.729237,0.790386,0.773134,0.761904,0.784526,0.770524,0.754845,0.774255,0.743026,0.796521,0.732772,0.782121,0.793441,0.802472,0.758064,0.829726,0.790233,0.784603,0.845342,0.764015,0.747633,0.749349,0.759909,0.768916,0.769935,0.779379,0.783678,0.711751,0.764409,0.728390,0.749454,0.751909,0.733324,0.768004,0.789958,0.777173,0.716688,0.752962,0.782870,0.761649,0.718891,#
14,0.749397,0.754167,0.742488,0.719807,0.717294,0.743784,0.683884,0.768708,0.760062,0.760500,0.649682,0.736037,0.753150,0.713563,1.000000,0.748018,0.747722,0.711159,0.707666,0.707709,0.749455,0.710323,0.721027,0.776196,0.722778,0.637893,0.734962,0.734725,0.732609,0.738237,0.753340,0.759827,0.732341,0.735860,0.728750,0.712130,0.690276,0.755339,0.769558,0.715188,0.694570,0.683431,0.749404,0.763802,0.719765,0.707798,0.743076,0.705715,0.672301,0.690450,0.702201,0.696120,0.714023,0.790038,0.744285,0.733673,0.711295,0.734648,0.750031,0.677102,0.738461,0.750408,0.728920,0.710302,0.732799,0.728090,0.717814,0.749163,0.742072,0.745934,0.719822,0.713182,0.764216,0.723661,0.757111,0.697570,0.766216,0.753725,0.723675,0.673327,0.760241,0.755104,0.767262,0.804336,0.755474,0.754302,0.734870,0.780614,0.726859,0.648260,0.664539,0.689584,0.751855,0.760156,0.772819,0.732509,0.798962,0.720137,0.760258,0.701291,0.750478,0.759679,0.770585,0.684082,0.713558,0.743702,0.695772,0.710089,0.728361,0.688991,0.763699,0.740119,0.764307,0.730281,0.692029,0.746181,0.690132,0.685404,0.688276,0.675905,0.710836,0.754504,0.747590,0.753284,0.775148,0.658027,0.723189,0.762240,0.686395,0.733860,0.711858,0.746270,0.710972,0.714038,0.738772,0.740812,0.722898,0.737949,0.730556,0.734945,0.720939,0.740230,0.670731,0.755794,0.700033,0.742702,0.764464,0.665342,0.760886,0.669921,0.742154,0.734580,0.685234,0.679095,0.765064,0.729536,0.726761,0.726130,0.708780,0.694547,0.719438,0.706555,0.741353,0.723125,0.701252,0.690134,0.715232,0.695074,0.672992,0.761224,0.741897,0.731511,0.743850,0.770365,0.755449,0.767313,0.740919,0.780009,0.694072,0.675909,0.734439,0.775160,0.724526,0.704818,0.723065,0.714886,0.716275,0.652229,0.724318,0.721850,0.665796,0.683104,0.750148,0.738837,0.704062,0.718985,0.725553,0.719543,0.702842,0.631599,#
15,0.788887,0.774767,0.752906,0.785896,0.770662,0.827011,0.740505,0.728876,0.797701,0.745977,0.741055,0.771642,0.719481,0.753170,0.748018,1.000000,0.784667,0.808882,0.760486,0.764564,0.770110,0.755371,0.747597,0.797096,0.746652,0.724830,0.762702,0.746707,0.734900,0.790741,0.795259,0.806214,0.762223,0.803237,0.730577,0.812760,0.781822,0.775527,0.817025,0.758375,0.729533,0.716365,0.769323,0.731204,0.806170,0.740271,0.810845,0.806603,0.788055,0.777769,0.745928,0.786581,0.759205,0.739533,0.771616,0.769037,0.767299,0.764101,0.754677,0.723221,0.792820,0.748284,0.763522,0.799086,0.771678,0.796979,0.744624,0.767631,0.740777,0.708907,0.777125,0.738083,0.755077,0.755665,0.755500,0.719288,0.789832,0.790152,0.780110,0.747927,0.797742,0.771135,0.775525,0.798446,0.816498,0.806497,0.738265,0.794333,0.729738,0.701906,0.705142,0.709354,0.778803,0.757437,0.733134,0.745480,0.746569,0.742169,0.750556,0.754026,0.796599,0.733959,0.806607,0.783566,0.739306,0.771128,0.789100,0.790483,0.732453,0.777116,0.712901,0.740043,0.774083,0.763928,0.709804,0.747642,0.749710,0.771749,0.751971,0.737591,0.717313,0.749326,0.767091,0.786530,0.743441,0.739835,0.802327,0.717960,0.787170,0.797055,0.743928,0.741088,0.731566,0.722522,0.780601,0.741521,0.747635,0.729147,0.776826,0.764149,0.729372,0.741018,0.742614,0.736645,0.741876,0.723416,0.749058,0.723188,0.774450,0.736844,0.802253,0.766367,0.782625,0.760038,0.776922,0.744804,0.814704,0.751108,0.774466,0.717315,0.751388,0.797845,0.807816,0.727144,0.792502,0.747646,0.781535,0.768672,0.786221,0.721328,0.740583,0.799057,0.747122,0.786298,0.766228,0.800862,0.766951,0.794367,0.764900,0.745226,0.761844,0.762866,0.737783,0.788786,0.758052,0.742998,0.682673,0.719042,0.723364,0.783904,0.727954,0.764602,0.759593,0.763465,0.754794,0.734157,0.769134,0.793900,0.776928,0.781600,#
16,0.820187,0.759847,0.751830,0.781356,0.803032,0.783273,0.792594,0.788460,0.801521,0.773829,0.768533,0.776846,0.763331,0.747418,0.747722,0.784667,1.000000,0.814415,0.778182,0.777407,0.851920,0.791647,0.730406,0.800883,0.743555,0.788097,0.800256,0.703888,0.741667,0.753046,0.797605,0.823692,0.811610,0.782625,0.741250,0.781173,0.798440,0.762195,0.805669,0.804246,0.755611,0.758898,0.774793,0.760194,0.757207,0.780865,0.776386,0.774994,0.789432,0.800796,0.739628,0.764047,0.789359,0.815590,0.811764,0.810714,0.694569,0.792465,0.794295,0.720645,0.778412,0.778336,0.779555,0.745135,0.790475,0.770745,0.791134,0.785862,0.822868,0.793712,0.776351,0.753181,0.808852,0.783399,0.794197,0.738955,0.786118,0.802690,0.790039,0.797260,0.829791,0.781137,0.802646,0.800124,0.807033,0.797712,0.810200,0.770542,0.756449,0.770360,0.716847,0.756616,0.808027,0.762172,0.807931,0.826309,0.789300,0.757406,0.806934,0.785110,0.772736,0.760758,0.781199,0.798805,0.754085,0.839250,0.806370,0.773536,0.811168,0.750193,0.817779,0.792336,0.791179,0.796778,0.791749,0.818574,0.795623,0.778469,0.729333,0.682382,0.735609,0.794671,0.770887,0.812684,0.820127,0.783401,0.789447,0.724664,0.755530,0.767599,0.805082,0.763001,0.798232,0.726852,0.832326,0.824975,0.784518,0.734935,0.772225,0.782520,0.766404,0.789347,0.785507,0.777919,0.746494,0.726056,0.780450,0.739879,0.783063,0.785950,0.760742,0.822205,0.744423,0.750021,0.841864,0.769721,0.798063,0.769964,0.780909,0.773291,0.757073,0.772523,0.823716,0.770049,0.784970,0.785821,0.789219,0.765181,0.801087,0.740745,0.789220,0.797774,0.794192,0.777528,0.787438,0.772100,0.748749,0.831080,0.769861,0.740449,0.746947,0.757763,0.782521,0.757922,0.773682,0.792506,0.766974,0.787301,0.770319,0.779719,0.796756,0.724854,0.807090,0.775120,0.756723,0.777652,0.768439,0.793325,0.792730,0.769981,#
17,0.835407,0.768979,0.770246,0.759844,0.808887,0.816788,0.807182,0.775198,0.824400,0.759597,0.728981,0.811852,0.784350,0.815294,0.711159,0.808882,0.814415,1.000000,0.761209,0.810944,0.808951,0.738316,0.798154,0.836344,0.827385,0.776138,0.799090,0.778308,0.744075,0.803567,0.801301,0.814392,0.747375,0.765786,0.757504,0.822647,0.759876,0.789908,0.816965,0.818066,0.800241,0.771163,0.813706,0.777600,0.779201,0.740035,0.792637,0.836251,0.827078,0.815212,0.794680,0.784546,0.805010,0.771860,0.810358,0.833666,0.779170,0.786665,0.805604,0.728942,0.781932,0.773982,0.765555,0.782991,0.792801,0.844724,0.827260,0.807989,0.785835,0.764720,0.778760,0.761438,0.783639,0.789115,0.765820,0.746150,0.810757,0.817444,0.799571,0.795095,0.822834,0.772192,0.821320,0.814960,0.802554,0.799064,0.801915,0.788703,0.767841,0.764852,0.763447,0.765251,0.802777,0.773548,0.765227,0.820587,0.799860,0.748694,0.754887,0.821342,0.808897,0.748048,0.808156,0.813910,0.733394,0.759896,0.800423,0.808161,0.755558,0.773717,0.789503,0.797779,0.759278,0.812343,0.771228,0.766592,0.731423,0.789292,0.739822,0.746956,0.761943,0.784572,0.790768,0.828437,0.806159,0.818803,0.796831,0.743040,0.753181,0.791158,0.831149,0.817486,0.801935,0.740190,0.775794,0.799736,0.791313,0.785344,0.817799,0.816141,0.795280,0.810256,0.841793,0.786694,0.787614,0.727206,0.795958,0.742518,0.818903,0.740801,0.805743,0.817271,0.769776,0.745476,0.809904,0.818657,0.861448,0.773291,0.811118,0.753182,0.805845,0.787410,0.837559,0.758757,0.814532,0.782115,0.745061,0.749085,0.800535,0.756743,0.832741,0.787152,0.787778,0.786590,0.832178,0.761572,0.792113,0.839189,0.775657,0.781709,0.773714,0.814660,0.789761,0.810469,0.822934,0.776811,0.759048,0.835234,0.751308,0.760678,0.772995,0.774072,0.799513,0.791904,0.788535,0.806548,0.771569,0.827015,0.780580,0.761546,#
18,0.779657,0.763938,0.747709,0.817449,0.776221,0.730280,0.759425,0.794707,0.787756,0.765125,0.746715,0.804305,0.769248,0.784635,0.707666,0.760486,0.778182,0.761209,1.000000,0.776086,0.774417,0.772604,0.775222,0.749504,0.747115,0.769239,0.763967,0.763688,0.732249,0.789460,0.725575,0.792081,0.774317,0.805869,0.771344,0.799654,0.745372,0.776360,0.779457,0.771900,0.776977,0.688374,0.746749,0.730581,0.811679,0.738549,0.818235,0.778279,0.759820,0.727073,0.735019,0.733996,0.803715,0.748972,0.792250,0.799603,0.739875,0.792887,0.760377,0.781583,0.793754,0.713405,0.763814,0.746674,0.810748,0.761617,0.758444,0.764940,0.730619,0.779300,0.792382,0.755812,0.797638,0.775312,0.788841,0.706680,0.807965,0.754307,0.802553,0.758806,0.762360,0.734433,0.778916,0.792723,0.812340,0.772586,0.765400,0.769966,0.757728,0.729218,0.749926,0.736849,0.797484,0.764063,0.799741,0.733822,0.765903,0.781784,0.780896,0.783999,0.790489,0.733001,0.771126,0.793053,0.765877,0.795596,0.738728,0.751836,0.765607,0.744238,0.795885,0.742781,0.804293,0.804707,0.698022,0.746615,0.748121,0.747688,0.742018,0.728185,0.720740,0.802010,0.758938,0.775626,0.770102,0.731289,0.774296,0.722526,0.808930,0.727204,0.764772,0.786532,0.763864,0.737925,0.791978,0.799126,0.810625,0.766264,0.758608,0.762693,0.746926,0.801967,0.760593,0.804116,0.726141,0.757757,0.761147,0.700022,0.790478,0.748173,0.741098,0.831028,0.766570,0.721802,0.771094,0.787841,0.778416,0.803261,0.788386,0.735590,0.779514,0.749168,0.802896,0.766567,0.789567,0.771585,0.814222,0.721053,0.729942,0.743657,0.763116,0.805676,0.799350,0.745337,0.743552,0.778210,0.766122,0.824201,0.733048,0.783464,0.770386,0.764182,0.737387,0.754591,0.756100,0.777499,0.754828,0.711474,0.749258,0.787057,0.771277,0.758622,0.723154,0.812507,0.787958,0.751834,0.721199,0.803737,0.779556,0.746272,#
19,0.783308,0.782221,0.763238,0.754345,0.819634,0.803129,0.736379,0.763655,0.796003,0.742441,0.711053,0.753305,0.758203,0.744824,0.707709,0.764564,0.777407,0.810944,0.776086,1.000000,0.762852,0.740456,0.753101,0.776821,0.717934,0.694569,0.786224,0.726705,0.745890,0.772348,0.782496,0.816404,0.744538,0.743270,0.685712,0.770955,0.725782,0.729353,0.784979,0.780699,0.768887,0.688920,0.752647,0.754852,0.741430,0.745814,0.820652,0.766653,0.793889,0.687113,0.689750,0.741747,0.759783,0.766097,0.765370,0.734138,0.769146,0.755584,0.767193,0.669008,0.769647,0.747757,0.776077,0.751348,0.782347,0.788705,0.727059,0.747894,0.750971,0.754823,0.744110,0.731271,0.783430,0.775223,0.755941,0.692630,0.745651,0.743533,0.765074,0.733599,0.764752,0.694514,0.811110,0.745798,0.767336,0.750869,0.757389,0.809038,0.773458,0.679429,0.731177,0.729315,0.783187,0.742349,0.752751,0.741694,0.764465,0.718692,0.740753,0.792138,0.764726,0.757825,0.769763,0.759852,0.712330,0.754296,0.746437,0.758921,0.747631,0.684092,0.741798,0.739895,0.775738,0.777228,0.755857,0.726953,0.763950,0.745477,0.698690,0.665698,0.716919,0.773559,0.766989,0.810712,0.800277,0.746386,0.766797,0.723994,0.785130,0.795004,0.763494,0.785583,0.756448,0.751473,0.793045,0.766597,0.771777,0.751039,0.734842,0.759292,0.728983,0.741286,0.753734,0.740184,0.740177,0.707254,0.720711,0.647278,0.783351,0.747351,0.754266,0.825162,0.732504,0.688870,0.774454,0.754313,0.793559,0.783908,0.781039,0.760147,0.756833,0.775776,0.750597,0.716742,0.764580,0.743029,0.721911,0.749700,0.749978,0.706070,0.757173,0.801202,0.787615,0.745377,0.792686,0.728879,0.760851,0.835475,0.721144,0.701559,0.683925,0.778741,0.747833,0.809247,0.785843,0.735545,0.709996,0.753249,0.767634,0.756532,0.751574,0.731834,0.749720,0.788826,0.736089,0.792180,0.713631,0.740230,0.752700,0.714597,#
20,0.805382,0.760870,0.741670,0.752955,0.787401,0.773560,0.807431,0.778206,0.781589,0.795322,0.751249,0.749525,0.759199,0.780502,0.749455,0.770110,0.851920,0.808951,0.774417,0.762852,1.000000,0.758027,0.740394,0.795325,0.742022,0.772400,0.796757,0.758472,0.721907,0.793977,0.762030,0.805259,0.769372,0.813549,0.769431,0.811180,0.770856,0.745118,0.804288,0.808039,0.758600,0.798234,0.751773,0.793400,0.794609,0.750948,0.797092,0.768361,0.769650,0.762532,0.754400,0.796791,0.777967,0.790050,0.785143,0.802371,0.759069,0.793701,0.785074,0.735506,0.798073,0.739595,0.818951,0.741949,0.808821,0.793399,0.804359,0.751217,0.800002,0.754520,0.764812,0.753772,0.764850,0.785585,0.786747,0.700477,0.761025,0.799653,0.780268,0.779197,0.784321,0.813334,0.794753,0.815046,0.769328,0.785453,0.800542,0.771353,0.756331,0.777831,0.759687,0.769385,0.787923,0.793536,0.819744,0.761551,0.744971,0.742155,0.785413,0.791763,0.779244,0.773082,0.806961,0.806580,0.782682,0.740016,0.789902,0.795255,0.768426,0.790173,0.797094,0.785656,0.756441,0.753032,0.783681,0.755447,0.747266,0.793803,0.708038,0.713981,0.798258,0.787937,0.763014,0.840772,0.791325,0.791847,0.762401,0.722688,0.767702,0.776862,0.790354,0.761265,0.797436,0.782175,0.815422,0.777493,0.756480,0.782060,0.798320,0.808125,0.756657,0.775308,0.762055,0.789372,0.760655,0.739185,0.775998,0.726280,0.787367,0.808960,0.788208,0.812707,0.782656,0.749783,0.814964,0.770993,0.787201,0.776852,0.788495,0.762631,0.767369,0.799215,0.785127,0.766203,0.819282,0.698795,0.744704,0.719248,0.779889,0.759599,0.796337,0.775179,0.821839,0.762760,0.776301,0.762592,0.758066,0.828096,0.774712,0.775555,0.744099,0.755906,0.769364,0.770997,0.736497,0.790364,0.748422,0.793130,0.740950,0.752530,0.718170,0.718322,0.779450,0.809678,0.756286,0.723331,0.775915,0.783353,0.783823,0.760300,#
21,0.725022,0.788610,0.718426,0.767492,0.748971,0.750675,0.699733,0.741360,0.810417,0.717873,0.697107,0.724654,0.687080,0.728578,0.710323,0.755371,0.791647,0.738316,0.772604,0.740456,0.758027,1.000000,0.744119,0.779137,0.720541,0.676356,0.781758,0.687204,0.712668,0.716522,0.740673,0.745867,0.768540,0.772153,0.732340,0.788631,0.749949,0.755472,0.769243,0.730195,0.714348,0.738065,0.727852,0.740364,0.778360,0.722859,0.745555,0.770002,0.754412,0.696510,0.702273,0.754011,0.745280,0.712896,0.760520,0.765017,0.738008,0.736216,0.799347,0.660222,0.762994,0.730519,0.717123,0.699395,0.801822,0.734900,0.734897,0.749905,0.740243,0.748512,0.728366,0.756499,0.765575,0.759574,0.787181,0.714227,0.724435,0.747439,0.747361,0.740870,0.726339,0.716168,0.764491,0.768208,0.812732,0.738953,0.724893,0.761893,0.760308,0.753494,0.656153,0.667506,0.772310,0.712623,0.773354,0.729814,0.739381,0.703824,0.730179,0.768622,0.740666,0.756665,0.730651,0.755261,0.661064,0.787698,0.712614,0.719331,0.725691,0.752597,0.766219,0.727978,0.757227,0.779310,0.652801,0.707937,0.735504,0.772497,0.682023,0.685493,0.725818,0.742598,0.741279,0.756467,0.761427,0.677480,0.745861,0.754364,0.739013,0.760982,0.762548,0.777614,0.740557,0.713721,0.785287,0.739854,0.677196,0.694268,0.729777,0.752008,0.741644,0.760896,0.726752,0.726740,0.706015,0.720721,0.737213,0.679167,0.722800,0.719864,0.733075,0.796736,0.724655,0.721156,0.754018,0.750060,0.782501,0.706380,0.705714,0.718670,0.763985,0.746861,0.782098,0.759385,0.786694,0.705807,0.768849,0.736054,0.677720,0.725119,0.761083,0.733982,0.748606,0.732474,0.737610,0.741237,0.677733,0.796491,0.725366,0.720089,0.702621,0.754651,0.693618,0.764487,0.727044,0.772588,0.746771,0.646430,0.701327,0.764738,0.721499,0.691407,0.723260,0.739865,0.746605,0.722942,0.747021,0.754309,0.681130,0.750695,#
