0,1.000000,0.266390,0.285887,0.158166,0.257007,0.316596,0.249051,0.190121,0.250275,0.288750,0.341976,0.323945,0.212241,0.151504,0.340738,0.197230,0.296819,0.441657,0.179109,0.174132,0.302788,0.376441,0.243461,0.320410,0.238617,0.151092,0.210981,0.308600,0.357532,0.219161,0.188808,0.105022,0.274158,0.166572,0.147600,0.293307,0.282463,0.235851,0.264747,0.339060,0.127573,0.280843,0.137249,0.281157,0.194197,0.233972,0.383240,0.208219,0.350401,0.269802,0.370220,0.207547,0.202832,0.155798,0.401390,0.198284,0.295772,0.307713,0.250906,0.180797,0.309417,0.249319,0.260162,0.264908,0.369862,0.155633,0.350120,0.230445,0.249965,0.257971,0.410128,0.355372,0.318535,0.323266,0.198677,0.191422,0.146299,0.275998,0.280194,0.142761,0.333880,0.204301,0.287666,0.245981,0.230443,0.339674,0.244039,0.199660,0.359341,0.163670,0.250393,0.169139,0.145108,0.197272,0.316475,0.216340,0.242737,0.275223,0.287394,0.312852,0.296058,0.336633,0.198260,0.255072,0.182907,0.250214,0.293190,0.230308,0.215169,0.145928,0.160253,0.257607,0.272816,0.266865,0.202668,0.311388,0.310539,0.146035,0.375362,0.318257,0.351312,0.076612,0.183007,0.170727,0.200845,0.431120,0.118613,0.212814,0.181894,0.357604,0.267856,0.322183,0.214701,0.188894,0.188795,0.143584,0.338863,0.225095,0.290544,0.495836,0.207790,0.268849,0.258862,0.289325,0.327045,0.295544,0.246380,0.029126,0.274248,0.240884,0.299863,0.161934,0.261307,0.216807,0.223599,0.134191,0.100627,0.195695,0.301619,0.368844,0.283547,0.264784,0.072133,0.270939,0.337169,0.104667,0.078692,0.176593,0.277851,0.193230,0.369844,0.045215,0.367163,0.475974,0.212765,0.212293,0.342304,0.254285,0.316224,0.235774,0.218614,0.392202,0.156519,0.106809,0.133910,0.394096,0.255762,0.427530,0.312097,0.049211,0.307454,0.285793,0.067210,0.106351,0.280044,0.157592,0.196977,0.129515,0.280008,0.296721,#
1,0.266390,1.000000,0.143525,0.158415,0.414254,0.326410,0.260514,0.231283,0.132954,0.170795,0.296457,0.236962,0.266103,0.303717,0.138663,0.112280,0.104355,0.248618,0.286988,0.151490,0.147807,0.302807,0.149919,0.277315,0.318636,0.303100,0.267112,0.253146,0.343717,0.056552,0.334221,0.211102,0.393490,0.227618,0.253861,0.055261,0.185895,0.219253,0.195120,0.231825,0.209150,0.216960,0.385629,0.224326,0.223088,0.197754,0.318665,0.291075,0.312346,0.213752,0.433203,0.090280,0.289630,0.191111,0.291668,0.224189,0.283173,0.332617,0.369379,0.269239,0.272753,0.318521,0.243424,0.276906,0.274393,0.210345,0.185598,0.333745,0.279220,0.133472,0.356924,0.227528,0.328337,0.272647,0.283425,-0.043367,0.266744,0.220497,0.311587,0.233916,0.204881,0.376062,0.264275,0.367898,0.092088,0.204573,0.317696,0.282681,0.277126,0.302980,0.312464,0.354564,0.130609,0.200292,0.180352,0.276594,0.145202,0.230950,0.136931,0.148780,0.139666,0.177436,0.166406,0.251070,0.166597,0.131333,0.217274,0.287908,0.151715,0.206240,0.355679,0.260807,0.234061,0.262735,0.251367,0.314124,0.302804,0.134472,0.374567,0.304848,0.144870,0.240339,0.325121,0.221683,0.231300,0.334424,0.191934,0.138363,0.253057,0.199179,0.311863,0.256162,0.119407,0.191204,0.345103,0.295467,0.218669,0.176247,0.237622,0.402317,0.331640,0.174427,0.042858,0.147742,0.311120,0.208624,0.299793,0.058684,0.378082,0.251846,0.313928,0.197654,0.216332,0.090305,0.267114,0.215492,0.265315,0.339755,0.235400,0.085758,0.041192,0.301277,0.083357,0.238444,0.306441,0.343626,0.138343,0.295889,0.296628,0.262279,0.264285,0.156423,0.197488,0.238263,0.319793,0.172335,-0.010410,0.288181,0.265016,0.163222,0.246229,0.210583,0.244808,0.224158,0.299376,0.312534,0.147500,0.401166,0.226353,0.240796,0.372304,0.218332,0.049011,0.093553,0.262263,0.291210,0.107962,0.244298,0.078115,0.247754,#
2,0.285887,0.143525,1.000000,0.336006,0.100887,0.335014,0.246054,0.244863,0.026441,0.134052,0.045657,0.255363,0.219121,0.164242,0.232108,0.128147,0.192088,0.232918,0.247188,0.158343,0.164876,0.320313,0.371081,0.308009,0.239174,0.194302,0.282737,0.136463,0.266949,0.157970,0.280993,0.233190,0.265785,0.162776,0.115734,0.209999,0.288384,0.295635,0.195396,0.164139,0.293351,0.275117,0.126131,0.084341,0.053022,0.349432,0.243967,0.286318,0.188049,0.219314,0.203545,0.297781,0.270855,0.193518,0.183871,0.292606,0.050924,0.289241,0.112886,0.199881,0.038870,0.301723,0.191986,0.272358,0.368980,0.284247,0.214047,0.099172,0.187038,0.313722,0.263772,0.033586,0.163524,0.285030,0.216823,0.272829,0.130376,0.221061,0.180152,0.377317,0.358794,0.122722,0.159741,0.176716,0.088643,0.282365,0.319523,0.235006,0.101805,0.235357,0.173178,0.172871,0.190371,0.078980,0.222919,0.130803,0.177769,0.136334,0.203940,0.213873,0.319043,0.275022,0.172635,0.135571,0.312966,0.146453,0.180535,0.230276,0.127684,0.189652,0.242157,0.239149,0.169390,0.129904,0.105327,0.187267,0.096817,0.242330,0.106774,0.105720,0.209489,0.207289,0.171621,0.119897,0.121297,0.205655,0.140918,0.200215,0.177324,0.284965,0.210727,0.277683,0.112442,0.036465,0.145510,0.243344,0.169364,0.279033,0.060194,0.141406,0.028098,0.192138,0.223179,0.211133,0.411918,0.199003,0.289870,0.052524,0.306065,0.175915,0.257239,0.272684,0.223661,0.176591,0.095661,0.104936,0.047556,0.217794,0.301089,0.129801,0.348604,0.259736,0.200755,0.285223,0.259884,0.023125,0.199372,0.256118,0.133824,0.165235,0.216367,0.238056,0.174357,0.241123,0.319447,0.235886,0.365181,0.287020,0.292272,0.218894,0.246111,0.125317,0.126200,0.136355,0.093675,0.311245,0.180885,0.251413,0.210430,0.029272,0.237551,0.145749,0.275458,0.128041,0.270949,0.033601,0.255032,0.073393,0.343951,0.226881,#
3,0.158166,0.158415,0.336006,1.000000,0.200058,0.127845,0.170510,0.233497,0.030988,0.205986,0.137024,0.267667,0.062531,0.160342,0.133249,0.082888,0.067759,0.234405,0.098912,0.104094,0.011162,0.216672,0.174950,0.290429,0.235457,0.189568,0.121831,0.038238,0.154626,0.086073,0.282470,0.210398,0.205917,0.356720,0.042842,0.193768,0.241454,0.286741,0.245872,0.092578,0.208865,0.167870,0.260351,0.116430,0.151821,0.335214,0.265083,0.205745,0.207402,0.226753,0.297502,0.104929,0.099292,0.168268,0.067380,0.257537,0.162280,0.285939,0.221058,0.238137,0.112182,0.177887,0.121303,0.310387,0.194852,0.209437,0.113273,0.279885,0.052767,0.225698,0.330246,-0.021767,0.070508,0.308755,0.238368,0.207799,0.123355,0.262850,0.208149,0.268254,0.204021,0.174729,0.184076,0.204176,0.098827,0.206636,0.285102,0.133228,0.174506,0.297909,0.164691,0.208355,0.144005,0.221357,0.061669,0.138957,0.147530,0.068389,0.296745,0.113917,0.240661,0.124582,0.226976,0.162742,0.189583,0.131188,0.252019,0.208615,0.125511,0.002062,0.157415,0.235987,0.174813,0.174269,0.072537,0.171420,0.223900,0.172438,0.203054,0.165817,0.235379,0.100236,0.222975,0.237930,0.169335,0.172185,0.199131,0.087500,0.161352,0.251066,0.123789,0.213578,0.260797,0.228809,0.133113,0.279718,0.107645,0.053464,0.197105,0.288602,0.203515,0.156561,0.209227,0.183157,0.351925,0.139888,0.312418,0.130947,0.258100,0.157502,0.227747,0.096981,0.075327,0.120466,0.123625,0.090953,0.172088,0.246849,0.013553,0.250398,0.322828,0.211587,0.223440,0.324057,0.282673,0.242615,0.232851,0.163541,0.200404,0.270284,0.189942,0.161758,0.133992,0.341430,0.279468,0.158646,0.102137,0.155170,0.162241,0.094552,0.204069,0.284672,0.291753,0.273378,0.106319,0.227792,0.087046,0.280807,0.048564,-0.046165,0.228050,0.224193,0.202285,0.212776,0.082742,0.217529,0.158170,0.151640,0.221074,0.221691,#
4,0.257007,0.414254,0.100887,0.200058,1.000000,0.177513,0.334750,0.173860,0.176031,0.206353,0.241524,0.118552,0.171809,0.190197,0.069233,0.093594,0.125566,0.173308,0.212275,0.250864,0.107742,0.305157,0.214532,0.259403,0.130510,0.252791,0.114795,0.234256,0.329239,-0.040888,0.169510,0.159072,0.286439,0.137914,0.210278,0.094376,0.056608,0.291256,0.096627,0.208021,0.222415,0.257032,0.197735,0.113978,0.263256,0.219539,0.310688,0.281029,0.242315,0.332283,0.214841,0.037067,0.171363,0.224400,0.205106,0.133067,0.121064,0.215129,0.204714,0.245778,0.289943,0.218897,0.120125,0.138468,0.165623,0.049515,0.206914,0.171294,0.155436,0.197718,0.239904,0.187704,0.167370,0.179032,0.222629,-0.083072,0.171359,0.214167,0.030215,0.067166,0.285191,0.261319,0.147550,0.204634,0.141175,0.203807,0.136887,0.116700,0.244336,0.288099,0.225646,0.189139,-0.029282,0.209597,-0.020746,0.306966,0.070813,0.342269,0.319486,0.231961,0.231065,0.099219,0.120220,0.252205,0.208627,0.026432,0.097849,0.167329,0.123820,0.251297,0.305538,0.187044,0.237576,0.372935,0.216531,0.108780,0.171243,-0.049343,0.317286,0.102764,0.129452,0.248082,0.258884,0.150594,0.184935,0.271181,0.137966,0.156261,-0.058082,0.133958,0.209494,0.177642,0.211684,0.125558,0.245942,0.248662,0.123695,-0.034275,0.102220,0.296680,0.186508,0.043024,0.050976,0.276547,0.277723,0.125238,0.269552,-0.011936,0.226106,0.335283,0.243428,0.194095,0.267606,0.168695,0.067642,0.071294,0.253742,0.215203,0.162539,0.165692,0.158406,0.150328,0.128674,0.315084,0.167731,0.336343,0.038561,0.015560,0.160181,0.207883,0.275658,0.036883,0.061037,0.170315,0.287900,0.106732,0.163031,0.145197,0.232149,0.027844,0.125185,0.159616,0.130126,0.098646,0.121838,0.210105,0.126914,0.372975,0.228463,0.081725,0.311679,0.149376,0.092335,0.101795,0.070600,0.241751,0.217820,0.375823,0.140618,0.148636,#
5,0.316596,0.326410,0.335014,0.127845,0.177513,1.000000,0.152844,0.235834,0.143953,0.279825,0.164659,0.206011,0.187728,0.116279,0.259906,0.278155,0.316945,0.322203,0.291034,0.061772,0.302674,0.382823,0.283206,0.436039,0.191218,0.252333,0.209237,0.264238,0.339997,0.134714,0.160541,0.309193,0.332998,0.149846,0.179205,0.099120,0.344709,0.149040,0.200102,0.352191,0.215511,0.268363,0.062638,0.286721,0.144320,0.265484,0.254131,0.157487,0.330355,0.270793,0.289037,0.184174,0.236263,0.109651,0.204550,0.155718,0.050215,0.387146,0.249642,0.266457,0.296254,0.297329,0.239166,0.273477,0.270393,0.231173,0.314862,0.306118,0.195601,0.186749,0.383213,0.127877,0.292448,0.424823,0.229869,0.135543,0.239797,0.236589,0.186819,0.306335,0.280961,0.252645,0.331919,0.126309,0.093994,0.382379,0.164221,0.199435,0.259778,0.249769,0.152460,0.323778,0.084555,0.195888,0.108211,0.197769,0.183978,0.055671,0.263653,0.118803,0.324175,0.284645,0.270350,0.297439,0.102934,0.158153,0.074250,0.303313,0.123962,0.210509,0.346279,0.194106,0.342542,0.131453,0.219493,0.234475,0.404360,0.241193,0.197670,0.284681,0.063694,0.186412,0.194364,0.183323,0.269050,0.204036,0.142708,0.015466,0.330034,0.407641,0.148247,0.416962,0.171098,0.165298,0.402641,0.187868,0.128358,0.116719,0.176959,0.268576,0.235089,0.257794,0.084169,0.233789,0.352365,0.129137,0.202980,0.163462,0.221530,0.146991,0.280984,0.166388,0.287277,0.321953,0.133199,0.216375,0.244666,0.193747,0.400664,0.105531,0.223828,0.176141,0.259827,0.119362,0.319245,-0.019924,0.090451,0.258746,0.236543,0.317747,0.138335,0.236113,0.330629,0.277666,0.166882,0.228132,0.140512,0.190738,0.322994,0.184744,0.303695,0.365737,0.198463,0.103458,0.236046,0.375493,0.215742,0.303460,0.211578,0.193846,0.405901,0.138016,0.157432,0.200068,0.321815,0.239474,0.132247,0.320990,0.181880,0.335215,#
6,0.249051,0.260514,0.246054,0.170510,0.334750,0.152844,1.000000,0.181392,0.048847,0.098464,0.208110,0.107581,0.019583,0.170927,0.068441,0.085435,0.154394,0.172473,0.139295,0.191067,0.156218,0.244178,0.133972,0.155270,0.126969,0.057163,0.054319,0.155965,0.237491,0.060438,0.035153,0.133139,0.214204,0.027862,0.028640,-0.014355,0.078071,0.062743,0.241644,0.154206,0.214343,0.192981,0.161332,0.233677,0.034739,0.104874,0.326884,0.356573,0.220159,0.313755,0.087338,0.183678,0.248035,0.157175,0.051947,0.165459,0.208946,0.282403,0.233243,0.230027,0.036311,0.218582,0.021144,0.193019,0.089102,0.332526,0.195789,0.164333,0.159603,0.170592,0.265820,0.189072,0.249196,0.115301,0.125365,0.088785,0.143935,0.074319,0.141598,0.183023,0.268282,0.252795,0.237098,0.131488,0.093804,0.225865,0.147219,0.263619,0.249341,0.242810,0.246043,0.177964,0.058052,0.268827,0.139700,0.322468,0.104817,0.106270,0.289914,0.167811,0.270333,0.207686,0.023117,0.120631,0.045139,0.262857,0.108437,0.150496,0.144282,0.140940,0.198678,0.130665,0.246605,0.169468,0.173192,0.132110,0.264609,0.148326,0.279030,0.161874,0.084488,0.231134,0.157227,0.011359,0.123831,0.087855,0.066714,0.249839,0.007582,0.251753,0.151223,0.079342,0.224454,0.001609,0.319226,0.203250,0.123758,0.235853,0.154597,0.185398,0.075890,-0.029857,0.049640,0.373704,0.078050,0.189184,0.192113,0.019933,0.167302,0.118570,0.211503,0.098209,0.239203,0.200441,0.170883,0.104938,0.018367,0.096063,0.152548,0.098234,0.096396,0.160730,0.125191,0.115548,0.227123,0.149709,0.067084,0.141707,0.280734,0.298264,0.039427,0.116698,0.120017,0.208035,0.187937,0.192172,0.148497,0.214202,0.253115,0.016662,-0.070670,0.057837,0.071257,0.231204,0.186814,0.143939,0.150824,0.178689,0.264097,0.165590,0.193438,0.090142,0.250720,0.140053,0.114013,0.208875,0.123642,0.158634,0.062820,0.267165,#
7,0.190121,0.231283,0.244863,0.233497,0.173860,0.235834,0.181392,1.000000,0.055618,0.309909,0.185745,0.288036,0.137253,0.228428,0.053301,0.146740,0.089225,0.293795,0.178809,0.270966,0.168248,0.243838,0.417510,0.203781,0.330865,0.136287,0.196839,0.280592,0.340882,0.063553,0.299360,0.356840,0.432662,0.146839,0.145225,0.208868,0.224731,0.174486,0.267922,0.154797,0.105807,0.166252,0.340849,0.105759,0.144497,0.307823,0.177241,0.303605,0.361347,0.338214,0.388910,0.118208,0.159496,0.287580,0.309569,0.247506,0.174239,0.282529,0.185062,0.292723,0.186525,0.120413,0.150751,0.231842,0.321739,0.084999,0.153100,0.323510,0.149154,0.385495,0.275266,0.074826,0.345728,0.383988,0.254454,0.171061,0.275268,0.231571,0.241791,0.346094,0.277905,0.322167,0.312870,0.331983,0.135187,0.255087,0.402603,0.198207,0.211284,0.324626,0.300313,0.194188,0.229694,0.131913,0.143345,0.324658,0.137962,0.043845,0.191174,0.050817,0.315371,0.225381,0.198917,0.244701,0.156934,0.286238,0.205223,0.187946,0.250779,0.009323,0.202669,0.170914,0.152584,0.237971,0.261554,0.172239,0.185089,0.263126,0.276963,0.228852,0.249766,0.247902,0.193592,0.370653,0.302654,0.219016,0.208183,0.283783,0.172271,0.221928,0.175711,0.150414,0.191710,0.256924,0.379801,0.199572,0.128468,0.268692,0.284458,0.394616,0.335309,0.413604,0.032431,0.272190,0.237004,0.189454,0.314335,0.148119,0.325374,0.131823,0.290826,0.395931,0.131411,0.112566,0.079113,0.316981,0.225037,0.292469,0.177529,0.212221,0.207404,0.261770,0.133615,0.330596,0.310276,0.086671,0.246793,0.199700,0.370805,0.253860,0.290179,0.226751,0.209532,0.156823,0.149586,0.140974,0.207184,0.310550,0.081854,0.227843,0.160812,0.314128,0.071956,0.158036,0.083285,0.295722,0.333941,0.363965,0.072074,0.260243,0.271054,0.205984,0.113163,0.254122,0.047990,0.251646,0.307941,0.264504,0.200616,0.310476,#
8,0.250275,0.132954,0.026441,0.030988,0.176031,0.143953,0.048847,0.055618,1.000000,0.085542,0.224743,0.130529,0.138144,0.156310,0.241732,0.124683,0.148792,-0.001267,-0.042512,0.189921,0.163681,0.106939,0.117816,0.105384,0.101047,0.095380,-0.057507,0.183435,0.070945,0.150426,0.065225,0.134980,0.093781,0.197783,0.134346,0.119552,0.101465,0.126499,0.131398,0.341346,0.061843,0.008895,-0.067671,0.116014,0.246091,0.242450,0.215357,0.195578,0.045436,0.101611,-0.036551,0.153574,0.056084,0.285016,0.167338,0.107388,0.019153,0.100688,0.133360,0.158639,0.168443,-0.038308,0.252395,0.202706,0.223818,0.084449,0.200094,0.157012,0.236823,0.155196,0.069058,0.161130,0.191556,0.135248,0.039958,-0.033791,0.133133,0.029932,0.111939,-0.031008,0.143984,0.097710,0.197190,-0.013492,0.117867,0.128195,0.109371,0.025945,0.170467,0.028145,0.145339,0.094170,0.073947,0.137135,0.050042,0.303875,0.147527,0.059289,0.037874,0.033998,0.163436,-0.077867,0.053600,0.051196,0.081626,-0.084990,0.246194,0.080513,-0.063017,0.029729,0.003153,0.104000,0.027136,0.103382,0.109948,0.138009,0.239992,0.066870,-0.004382,0.187597,0.144310,-0.047516,0.070960,0.070545,0.113039,0.198170,-0.059084,0.150150,0.028896,0.121608,0.140402,0.109554,0.009756,-0.005080,0.207002,0.144935,0.094255,0.140895,0.204595,0.219757,0.067037,0.168655,0.239111,0.162533,0.152659,0.132699,0.178226,0.207590,0.170311,0.161732,0.107197,0.136745,0.140511,0.128584,0.173273,0.133960,0.055299,0.039013,0.090119,0.160175,-0.042100,0.110227,-0.027226,0.148051,0.076040,0.055221,0.042382,0.154090,0.089355,0.138990,0.256088,-0.195985,0.005517,0.358690,0.154788,0.165192,0.007866,0.179023,0.086014,0.058940,0.155096,0.076601,-0.177840,0.122354,0.180362,0.062468,0.020199,0.073745,0.145139,-0.029733,0.156169,0.107273,0.004727,0.083023,0.041537,0.090160,0.116785,-0.105066,0.172015,0.131925,#
9,0.288750,0.170795,0.134052,0.205986,0.206353,0.279825,0.098464,0.309909,0.085542,1.000000,0.304019,0.197961,0.102823,0.152584,0.218045,0.273375,0.143377,0.183898,0.158088,0.281841,0.129968,0.258027,0.303088,0.281166,0.210948,0.227436,0.179383,0.359236,0.297739,0.054123,0.344778,0.301428,0.210229,0.160549,0.178124,0.168654,0.109963,0.249185,0.273150,0.210603,0.252549,0.321896,0.182177,0.020383,0.214171,0.408815,0.299867,0.331360,0.236974,0.190480,0.346216,0.230691,0.203882,0.161559,0.253482,0.340549,0.378679,0.267138,0.117331,0.240429,0.112864,0.217890,0.289032,0.265064,0.253656,0.226318,0.127124,0.358931,0.293937,0.131181,0.249269,0.264421,0.162643,0.282868,0.291934,0.154527,0.349333,0.162620,0.305840,0.270135,0.272309,0.260252,0.338211,0.248194,0.227910,0.409180,0.403704,0.129903,0.250345,0.206386,0.145294,0.349544,0.103420,0.285432,0.213297,0.249555,0.364401,0.146679,0.204935,0.265906,0.355667,0.260105,0.324428,0.099687,0.228150,0.106291,0.237269,0.267568,0.185340,0.097425,0.181415,0.199347,0.248439,0.225377,0.183145,0.288903,0.326448,0.355195,0.425370,0.208084,0.341687,0.362141,0.298479,0.247176,0.341720,0.289705,0.013753,0.209115,0.110349,0.195215,0.226710,0.344296,0.138432,0.299500,0.341422,0.112738,0.205930,0.193584,0.166311,0.303503,0.148959,0.224557,0.134398,0.175299,0.321442,-0.031911,0.301711,0.173909,0.163382,0.291080,0.315691,0.243226,0.353192,0.220040,0.108888,0.309467,0.329063,0.249282,0.288735,0.228552,0.192797,0.125831,0.027366,0.381542,0.288213,0.241342,0.141471,0.232044,0.331910,0.314033,0.200771,0.258009,0.301058,0.276770,0.170057,0.182291,0.153290,0.060500,0.067998,0.339464,0.148124,0.314244,0.240453,0.195980,0.181924,0.264911,0.336927,0.368299,0.318119,0.119618,0.298100,0.249311,0.078030,0.229148,0.197645,0.282156,0.150202,0.064526,0.260539,0.256064,#
10,0.341976,0.296457,0.045657,0.137024,0.241524,0.164659,0.208110,0.185745,0.224743,0.304019,1.000000,0.068673,0.040938,0.242914,0.154879,0.079561,0.158932,0.154504,0.266476,0.186928,0.138806,0.145494,0.192207,0.078607,0.112775,0.085914,0.246103,0.198694,0.130207,0.145171,0.168202,0.116331,0.133731,0.116637,0.142331,0.201710,0.010690,0.158689,0.195089,0.151401,0.019536,0.033474,0.192592,0.024090,0.170998,0.214424,0.197964,0.300810,0.309995,0.226684,0.125619,0.220060,0.135595,0.182559,0.197012,0.187513,0.121773,0.241663,0.170673,0.073293,0.199666,0.203720,0.162428,0.236177,0.178471,0.149769,0.168505,0.154196,0.164370,0.098582,0.225821,0.161885,0.093700,0.177809,0.177065,0.162175,0.295233,0.056830,0.196841,0.004536,0.092207,0.259671,0.146330,0.184826,0.116933,0.216796,0.315642,0.058298,0.217721,0.152780,0.091476,0.147244,0.141029,0.052296,0.077972,0.168260,0.251612,-0.017654,0.278066,0.233400,0.312749,0.201341,0.086679,0.189325,0.162162,0.031589,0.253402,0.166688,0.083365,0.131666,0.055946,0.126889,0.151244,0.203996,0.226703,0.319998,0.200291,0.002862,0.169517,0.118008,0.099125,-0.001393,0.205610,0.109548,0.227737,0.182316,-0.049059,0.090921,0.032711,0.315266,0.173022,0.113896,0.101446,0.016801,0.224638,0.222240,0.164305,0.159677,0.029715,0.396653,0.182600,0.104018,0.277974,0.145412,0.153049,0.129498,0.062837,0.163626,0.129722,0.264548,0.136627,0.249984,0.221543,0.222847,0.209810,0.213759,0.241104,0.122034,0.126155,0.261225,0.027723,0.139878,0.136712,0.311563,0.158969,0.136229,0.016870,0.060544,0.113072,0.249352,0.155133,0.061698,0.259445,0.210807,0.194979,-0.057520,0.023689,0.181854,0.338914,0.279614,0.219655,0.163163,0.240895,0.109134,0.181380,0.117603,0.082267,0.258736,0.213299,0.119823,0.216986,0.140028,0.050430,0.098961,0.109098,0.334768,0.132398,0.210891,0.220678,0.290755,#
11,0.323945,0.236962,0.255363,0.267667,0.118552,0.206011,0.107581,0.288036,0.130529,0.197961,0.068673,1.000000,0.292768,0.105872,0.074920,0.256975,0.219047,0.328217,0.096167,-0.026475,0.184657,0.244408,0.230744,0.319257,0.321054,0.269233,0.036185,0.323528,0.064747,0.241967,0.276987,0.273749,0.272260,0.178797,0.108354,0.036733,0.312658,0.247819,0.134661,0.181046,0.263913,0.243922,0.228991,0.354695,0.067818,0.328355,0.215645,0.333961,0.240951,0.139104,0.364830,0.195156,0.105008,0.279343,0.171613,0.230590,0.384870,0.156766,0.240854,0.193097,0.185269,0.299492,0.298932,0.317129,0.349476,0.147063,0.280495,0.304320,0.181278,0.277312,0.240871,0.135416,0.187740,0.333231,0.361900,0.249346,0.183573,0.194203,0.450391,0.206064,0.287139,0.056393,0.248644,0.267704,0.293579,0.276810,0.429558,0.189872,0.165885,0.173845,0.425951,0.247294,0.197964,0.317236,0.224051,0.204856,0.084891,0.194263,0.202804,0.296317,0.312513,0.269125,0.214293,0.046584,0.217813,0.300422,0.200618,0.180626,0.220192,0.218368,0.162110,0.175334,0.269331,0.224021,0.019854,0.512993,0.297157,0.120714,0.318031,0.234025,0.145062,0.250876,0.298305,0.201549,0.213021,0.189268,0.313627,0.375634,0.272520,0.264594,0.134200,0.424747,0.042391,0.181843,0.159098,0.195747,0.124657,0.223802,0.114453,0.367247,0.159180,0.292377,0.155291,0.362637,0.299964,0.232323,0.388669,0.177436,0.359308,0.203371,0.218936,0.311129,0.149236,0.198081,0.273632,0.095829,0.159078,0.125213,0.144286,0.169077,0.223251,0.127175,0.077858,0.253570,0.473266,0.182352,0.185187,0.274313,0.470192,0.185515,0.295520,0.032396,0.230790,0.314226,0.210142,0.297730,0.377422,0.212423,0.157852,0.095886,0.336074,0.256046,0.182996,0.182938,0.146486,0.341270,0.258031,0.177756,0.211018,0.193404,0.039974,0.172369,0.196576,-0.009523,0.142716,0.167597,0.261236,0.100765,0.050009,0.344349,#
12,0.212241,0.266103,0.219121,0.062531,0.171809,0.187728,0.019583,0.137253,0.138144,0.102823,0.040938,0.292768,1.000000,0.090618,0.210784,0.198287,0.153038,0.216290,0.283761,0.208934,0.231838,0.095277,0.222797,0.244414,0.282403,0.095100,0.046584,0.273457,0.325863,0.215331,0.191032,0.257857,0.234022,0.185366,0.186565,0.058752,0.264274,0.149471,0.103819,0.250977,0.291909,0.174196,0.346000,0.196893,0.094448,0.367233,0.202222,0.149652,0.285539,0.139463,0.288766,0.037347,0.117900,0.275528,0.149202,0.112349,0.154967,0.298004,0.278077,0.273783,0.226039,0.314534,0.215190,0.194325,0.212372,0.184634,0.183023,0.110257,0.181020,0.099486,0.156890,0.187406,0.086631,0.167361,0.301436,0.197089,0.144596,0.168526,0.084039,0.166574,0.239706,0.110122,0.299490,0.220694,0.191040,0.358878,0.206264,0.172117,0.278912,0.207036,0.195212,0.217402,0.109017,0.249474,0.167896,0.053742,0.228558,0.260467,0.041118,0.055227,0.139402,0.212034,0.182973,0.230656,0.260730,0.169798,0.206834,0.120895,0.109338,0.363684,0.167612,0.079765,0.271393,0.239497,0.094347,0.322491,0.251087,0.302725,0.105613,0.226097,0.067358,0.287005,0.275225,0.237971,0.088122,0.252741,0.192655,0.116965,0.209478,0.060335,0.147040,0.345377,0.116227,0.093901,0.056259,0.214274,0.158347,0.195161,0.137535,0.253001,0.277956,0.313074,0.026585,0.139910,0.156289,0.173386,0.358315,0.092900,0.315713,0.162529,0.287848,0.410428,0.112667,0.131159,0.239996,0.132873,0.209211,-0.030692,0.127885,0.058962,0.272601,0.139809,0.091717,0.244170,0.244319,0.234251,0.136622,0.000286,0.248144,0.234118,0.082802,0.120622,0.243845,0.232266,0.290413,0.091076,0.140213,0.251040,-0.041738,0.189836,0.278265,0.224166,0.182380,0.194316,0.209024,0.306835,0.175225,0.269635,0.137300,0.020638,0.326206,0.367707,0.097845,0.158499,0.178707,0.173372,0.215399,-0.002743,0.284910,0.228024,#
13,0.151504,0.303717,0.164242,0.160342,0.190197,0.116279,0.170927,0.228428,0.156310,0.152584,0.242914,0.105872,0.090618,1.000000,0.188096,0.210898,0.059055,0.077398,0.109979,0.147086,0.084436,0.219533,0.167234,0.031631,0.317289,0.249442,0.163132,0.221999,0.148477,-0.011302,0.152360,0.097126,0.225051,0.130062,0.010932,0.102438,0.090240,0.210866,0.049375,0.073592,0.140545,0.112500,0.294015,0.082559,0.146167,0.109126,0.304145,0.233009,0.297057,0.123663,0.233216,0.139066,0.196912,0.104033,0.202448,0.381107,0.168586,0.217291,0.199071,0.246655,0.222231,0.176175,0.288482,0.198992,0.107495,0.088416,0.301781,0.105371,0.360726,0.279461,0.102302,0.160279,0.271562,0.123264,0.220802,0.001290,0.189876,0.210248,0.227556,0.157497,0.224210,0.302954,0.236958,0.298835,0.292994,0.167997,0.339210,0.160214,0.198113,0.315199,0.204241,0.190412,0.178690,0.083543,0.175732,0.193318,0.088625,0.024432,0.117029,0.135894,0.376935,0.158759,0.168799,0.050037,0.162836,0.230847,0.204190,0.156496,0.152671,0.136990,0.171327,0.128970,0.254303,0.206836,0.200518,0.091201,0.214744,0.150535,0.213099,0.201404,0.237088,0.302415,0.036309,0.170295,0.093974,0.162788,0.080882,0.170874,0.321648,0.166753,0.200134,0.092102,0.110144,0.182756,0.281679,0.149081,0.206450,0.231263,0.328654,0.216153,0.199172,0.166755,0.135615,0.168263,0.281298,0.308432,0.245264,0.105343,-0.050471,0.238580,0.279732,0.068410,0.250260,0.200643,0.291696,0.154348,0.093418,0.189356,0.175806,0.030127,0.086008,0.281445,0.049884,0.264660,0.193826,0.267494,0.022272,0.173609,0.287440,0.303907,0.262751,0.245746,0.235672,0.193243,0.210737,0.162768,0.097517,0.130329,0.265831,0.036744,0.195177,0.086677,0.124297,0.233883,0.018450,0.274247,0.166124,0.318083,0.244977,0.229728,0.073933,0.181035,0.179817,0.118940,0.161187,0.248811,0.205243,0.148710,0.231490,0.270968,#
14,0.340738,0.138663,0.232108,0.133249,0.069233,0.259906,0.068441,0.053301,0.241732,0.218045,0.154879,0.074920,0.210784,0.188096,1.000000,0.271472,0.063085,0.194177,0.243909,0.213389,0.098734,0.073405,0.274979,0.256509,0.257931,0.144549,0.146144,0.108079,0.254121,0.042088,0.105163,0.028643,0.159774,0.077136,0.170688,0.266034,0.219564,0.279854,0.263858,0.261105,0.266839,0.212330,0.282555,0.186279,0.138766,0.241530,0.319844,0.227722,0.196553,0.049803,0.353888,0.133282,0.064024,0.148258,0.263438,0.195306,0.200475,0.234140,0.120710,0.191614,0.211780,0.306033,0.135714,0.264648,0.249220,0.152607,0.162662,0.174421,0.189531,0.156094,0.092878,0.218339,0.017227,0.344398,-0.075484,-0.023414,0.070294,0.180842,0.079404,0.172387,0.242240,-0.001331,0.259145,0.265195,0.139433,0.270062,0.095129,0.118892,0.202885,0.170768,0.249229,0.115400,0.181056,0.246499,0.177633,0.040527,0.193005,0.118437,0.295254,0.104210,0.103991,0.208441,0.172584,0.138621,0.106209,0.115750,0.302514,0.353781,0.151902,0.140282,0.039471,0.100768,0.239194,0.030248,0.137742,0.196391,0.077319,0.282303,0.223256,0.139830,0.247703,0.162194,0.174658,0.153188,0.067693,0.154354,0.022642,0.067171,0.012924,0.199065,-0.030051,0.268111,0.224288,0.026077,0.035421,0.084652,0.222989,0.166480,0.152783,0.155960,0.299327,0.277204,0.258697,0.089956,0.132764,0.104966,0.180446,-0.041799,0.110032,0.150673,0.182368,0.022168,0.127428,0.212102,0.090287,-0.010867,0.172492,0.146919,0.144832,-0.046960,0.157778,0.196743,0.022787,0.084970,0.243747,0.107106,0.185802,0.193110,0.095458,0.160018,0.267006,0.133716,0.244818,0.326227,0.250532,0.065514,0.270790,0.213528,0.221371,0.276046,0.238530,0.331555,0.110549,0.184366,0.168195,0.199177,0.134438,0.251002,0.053325,-0.020488,0.216743,0.139719,0.133476,0.321467,0.131323,-0.010328,0.034329,0.109889,0.245452,0.295983,#
15,0.197230,0.112280,0.128147,0.082888,0.093594,0.278155,0.085435,0.146740,0.124683,0.273375,0.079561,0.256975,0.198287,0.210898,0.271472,1.000000,0.089649,0.342813,0.194068,0.062341,-0.032737,0.159347,0.194390,0.262500,0.323178,0.094328,0.136172,0.216020,0.207943,-0.023013,0.173899,0.214496,0.215061,0.188100,0.125682,0.087244,0.237721,0.271930,0.222561,0.228500,0.361707,0.200624,0.195546,0.158060,0.325612,0.173815,0.212811,0.233325,0.127221,0.132853,0.337732,0.100540,0.171849,0.175204,0.190837,0.082874,0.194316,0.295684,0.160394,0.265038,0.135807,0.196492,0.054029,0.134082,0.102684,0.102643,0.385818,0.303308,0.184935,0.137704,0.056865,0.377657,0.078522,0.199526,0.299641,0.182486,0.117957,0.267246,0.226410,0.086909,0.400366,0.114605,0.155209,0.202945,0.123463,0.269963,0.337305,0.026991,0.278168,0.237113,0.241847,0.047490,0.171803,0.378792,0.205881,0.164683,0.189274,0.125465,0.326296,0.183685,0.333002,0.241894,0.294710,0.214612,0.235439,0.088696,0.139313,0.112025,0.164196,0.296933,0.138435,0.192230,0.151124,0.088857,0.087002,0.332620,0.281436,0.191430,0.211952,0.255129,0.213753,0.278977,0.075334,0.252841,0.016395,0.155774,0.102408,0.147206,0.197976,0.076229,0.033803,0.318339,0.046391,0.196373,0.245509,0.228847,0.218569,0.005688,0.172632,0.113712,0.229566,0.219935,0.341281,0.139813,0.273129,0.201272,0.431236,0.033409,0.121990,0.268058,0.343553,0.116334,0.199973,0.448086,0.097508,0.310283,0.096755,0.183762,0.266724,0.126362,0.097838,0.144386,0.026701,0.227308,0.275914,0.215156,0.106937,0.110495,0.193316,0.311747,0.157794,0.146942,0.226614,0.191468,0.244991,0.056199,0.284668,0.163832,0.041935,0.252545,0.161804,0.254855,0.075944,0.109473,0.186897,0.294657,0.153389,0.222078,0.161497,0.049669,-0.011779,0.408012,0.066220,0.256190,0.085932,0.131262,0.108389,0.109577,0.006826,0.226107,#
16,0.296819,0.104355,0.192088,0.067759,0.125566,0.316945,0.154394,0.089225,0.148792,0.143377,0.158932,0.219047,0.153038,0.059055,0.063085,0.089649,1.000000,0.262182,0.078849,-0.038298,0.428278,0.137453,0.417888,0.122193,0.165349,0.189353,0.084333,0.062349,0.082261,0.033685,0.147946,0.357030,0.071572,0.130198,0.027606,0.119467,0.242913,0.108457,0.110480,0.256403,0.018227,0.221315,0.106825,0.227726,0.095470,0.164468,0.246079,0.184394,0.242678,0.084599,-0.036676,0.163566,0.328728,0.164500,0.138229,0.144718,-0.016663,0.233762,0.191079,-0.008448,0.094928,0.334492,0.090247,0.240066,0.264479,0.157411,0.190708,0.259132,0.015864,0.251611,0.109742,0.200755,0.166722,0.122022,0.235232,0.363012,0.126624,0.123529,0.275262,0.101908,0.128090,0.122308,0.118062,0.078980,0.128699,0.312560,0.364844,0.159141,0.184421,0.097045,0.167928,0.144338,0.088803,0.053254,0.119252,0.187063,0.094732,0.025603,0.287892,0.124451,0.176332,0.139787,0.014598,0.149282,0.076736,0.162525,0.115614,0.022357,0.055069,0.083766,0.194730,0.141759,0.204055,0.108182,0.186819,0.297817,0.225283,0.074027,0.056231,0.091327,0.076405,0.093731,0.265868,0.066242,0.118859,0.044010,0.046230,0.024085,0.136965,0.190817,0.011574,0.210763,0.155318,0.066514,0.240606,0.206565,-0.025121,0.145549,0.146752,0.310880,0.011328,0.168986,-0.034785,0.255584,0.109410,0.117350,0.084360,0.007975,0.078424,-0.047289,0.197496,0.078988,0.175886,0.057127,0.161765,0.170493,0.104354,0.035466,0.214256,0.105234,0.050968,0.265549,0.210696,0.219923,0.073887,0.055320,0.087932,0.181017,0.172498,0.056089,-0.025050,-0.074969,0.233380,0.069867,0.101120,0.242386,0.095021,0.108818,0.103268,0.050304,0.088834,0.175353,0.102163,-0.079799,-0.006475,0.060681,0.286126,0.188100,0.110209,0.077960,0.152544,-0.012884,-0.009931,0.105019,0.269167,0.191780,-0.012552,0.080337,0.056811,0.239287,#
17,0.441657,0.248618,0.232918,0.234405,0.173308,0.322203,0.172473,0.293795,-0.001267,0.183898,0.154504,0.328217,0.216290,0.077398,0.194177,0.342813,0.262182,1.000000,0.170489,0.234013,0.217687,0.339908,0.390456,0.407504,0.369870,0.167645,0.046384,0.169485,0.297928,0.172884,0.245207,0.376933,0.458664,0.243626,0.061425,0.139557,0.266747,0.453084,0.203377,0.056367,0.204739,0.181463,0.190100,0.297954,0.187624,0.283190,0.303234,0.222800,0.444020,0.291017,0.294209,0.086094,0.066132,0.296330,0.218472,0.177059,0.318059,0.455433,0.194490,0.308931,0.200434,0.265512,0.119846,0.250708,0.209610,0.251276,0.357557,0.375866,0.240000,0.396050,0.361180,0.271049,0.319172,0.339802,0.308001,0.342025,0.237943,0.348785,0.216201,0.231755,0.331277,0.278571,0.455667,0.292553,0.281335,0.302071,0.320493,0.235374,0.394513,0.351858,0.285000,0.186630,0.210893,0.220246,0.197303,0.161377,0.190816,0.315690,0.287941,0.287029,0.322828,0.241210,0.182479,0.291047,0.219657,0.280582,0.193836,0.431469,0.055532,0.064006,0.189152,0.114923,0.172375,0.269584,0.051896,0.328152,0.255555,0.194890,0.288765,0.315077,0.203030,0.134113,0.166018,0.232325,0.273400,0.337394,0.220272,0.232327,0.103616,0.199796,0.037329,0.282193,0.283640,0.357214,0.294263,0.219105,0.343458,0.068881,0.259729,0.411671,0.284487,0.334848,0.180111,0.229561,0.385880,0.279864,0.191989,0.097659,0.290651,0.083258,0.427593,0.139601,0.202920,0.384456,0.228515,0.255464,0.151019,0.241270,0.411601,0.257945,0.341442,0.275525,0.117983,0.180429,0.380993,0.250050,0.096078,0.305255,0.182936,0.215030,0.432829,0.240511,0.209859,0.361495,0.326841,0.083842,0.370252,0.270994,0.130478,0.287359,0.248106,0.526493,0.209593,0.002408,0.142214,0.300912,0.335706,0.364315,0.309003,0.184788,0.186757,0.370660,-0.016336,0.142240,0.309771,0.298117,0.346209,0.133499,0.153997,0.337302,#
18,0.179109,0.286988,0.247188,0.098912,0.212275,0.291034,0.139295,0.178809,-0.042512,0.158088,0.266476,0.096167,0.283761,0.109979,0.243909,0.194068,0.078849,0.170489,1.000000,0.238892,0.049834,0.122799,0.043122,0.262117,0.198092,0.308952,0.286961,0.180030,0.326588,-0.001159,0.242200,0.230730,0.345755,0.050629,0.187915,0.203803,0.273958,0.179622,0.091209,0.171089,0.226762,0.089156,0.218464,0.107844,0.103455,0.180434,0.176726,0.224005,0.184613,0.149750,0.269443,-0.031180,0.192154,0.370545,0.147974,-0.011660,0.159357,0.350590,0.155933,0.069798,0.170653,0.263057,0.157511,0.355882,0.080155,0.308168,0.238544,0.222546,0.109059,-0.002072,0.100313,0.163634,0.090843,0.232136,0.211198,0.022594,0.040866,0.163605,0.250339,0.323846,0.384553,0.119923,0.208916,0.179457,0.108900,0.098297,0.216333,0.123012,0.213864,0.090753,0.235307,0.097179,0.165173,0.071968,0.174316,0.047955,0.260426,0.128046,0.115589,0.222952,0.073471,0.352995,0.233161,0.221059,0.239056,0.103698,0.115727,0.169214,0.084684,0.177753,0.240948,0.303284,0.097564,0.248234,0.110626,0.087871,0.168101,0.178807,0.253697,0.135422,0.014635,0.247956,0.151877,0.161458,0.103192,0.215133,0.083183,0.191564,0.201739,0.186262,0.190041,0.171477,0.167368,0.032010,0.224006,0.085657,0.095137,0.229255,0.200536,0.319565,0.307319,0.041774,0.021410,0.128831,0.260010,0.202921,0.109308,-0.077164,0.164475,0.117648,0.155430,0.154693,0.268311,0.142712,0.144286,0.247814,0.329511,0.292967,0.120640,0.138347,0.185425,0.236731,0.115085,0.157459,0.196463,0.139716,0.210982,0.177329,0.227267,0.227199,-0.004093,0.142077,0.222335,0.143524,0.234288,0.021975,0.129212,0.344976,0.424499,0.207688,0.183763,0.281613,0.147094,0.071491,0.384306,0.337552,0.185662,0.345570,0.194909,0.125025,0.302104,0.171377,0.036461,0.277052,0.230382,0.170067,0.195795,0.176318,0.228664,0.337707,#
19,0.174132,0.151490,0.158343,0.104094,0.250864,0.061772,0.191067,0.270966,0.189921,0.281841,0.186928,-0.026475,0.208934,0.147086,0.213389,0.062341,-0.038298,0.234013,0.238892,1.000000,-0.045321,0.213497,0.217691,0.271773,0.160576,0.188448,0.089968,0.129432,0.221168,0.195023,0.101243,0.163432,0.205389,0.051854,0.197222,0.213540,-0.030051,0.173838,0.340573,0.175616,0.128938,0.080626,0.183085,0.003660,0.190912,0.306822,0.297665,0.311314,0.311423,0.204230,0.143201,0.104091,0.052451,0.341118,0.198809,0.158651,0.182075,0.269222,0.091964,0.211397,0.141943,0.143954,0.168614,0.153047,0.124929,0.177791,0.074789,0.229901,0.177815,0.170285,0.215097,0.170091,0.251651,0.063809,0.175623,0.015311,0.249724,0.289662,0.192711,0.129278,0.240392,0.140905,0.278946,0.064077,0.285282,0.195893,0.199586,0.093624,0.275029,0.235157,0.099604,0.237090,0.180374,0.115061,0.126069,0.194688,0.189753,0.214201,0.048548,0.117221,0.191396,0.162557,0.199700,0.144326,0.154039,0.074204,0.302930,0.391097,0.062005,-0.055035,0.231150,0.213169,0.228260,0.222952,0.206478,0.139326,0.186401,0.316726,0.242108,0.171855,0.197840,0.318671,0.134823,0.128483,0.329802,0.221252,0.088448,0.170494,-0.035420,0.115907,0.114734,0.064013,0.248604,0.193531,0.153566,0.174439,0.195625,0.149310,0.178647,0.331969,0.259594,0.133930,0.096173,0.118191,0.260627,0.133045,0.166505,0.279397,0.315191,0.027903,0.188648,0.142759,0.208926,0.203376,0.033341,0.197829,0.230309,0.204354,0.190102,-0.040508,0.148384,0.152178,0.185738,0.165573,0.162828,0.183710,0.102335,0.146859,0.076663,0.191220,0.340934,0.145837,0.197350,0.131447,0.194430,0.052553,0.073226,0.227406,-0.000030,0.187880,0.141078,0.289127,0.028502,0.174894,0.162809,0.190697,0.207979,0.343447,0.150249,0.018769,0.271409,0.186216,0.126748,0.327409,0.158619,0.230745,0.188000,0.218928,0.325466,0.356333,#
20,0.302788,0.147807,0.164876,0.011162,0.107742,0.302674,0.156218,0.168248,0.163681,0.129968,0.138806,0.184657,0.231838,0.084436,0.098734,-0.032737,0.428278,0.217687,0.049834,-0.045321,1.000000,0.159793,0.242265,0.178424,0.180847,0.099224,0.060429,0.243210,0.108520,0.152862,0.137560,0.181241,0.183394,0.081626,0.228599,0.041189,0.133010,0.119396,0.060428,0.200951,0.036419,0.295806,0.194285,0.199934,0.057962,0.340533,0.160580,0.182299,0.309421,0.117694,0.079269,0.213800,0.380221,0.190256,0.148115,0.037628,0.161048,0.186509,0.039938,0.220689,0.195157,0.054967,0.198211,0.270121,0.314957,0.023105,0.151626,0.152181,0.187485,0.210456,0.187751,0.099336,0.374378,0.294208,0.132434,0.181825,0.226685,0.038749,-0.001364,0.272640,0.090458,0.046734,0.333636,0.127503,0.030086,0.273634,0.278425,0.221462,0.224534,0.203514,0.163131,0.357844,0.134114,0.161907,0.059088,0.078181,0.109361,0.089907,0.071746,0.035115,0.071468,0.151382,0.072868,0.194017,-0.033549,0.188639,0.158317,0.040076,0.040358,0.200640,0.235709,-0.006980,0.238772,0.216392,0.144336,0.241406,0.335728,0.074833,0.024939,0.031648,0.016066,0.072939,0.239997,0.139517,0.211870,0.155751,0.219100,0.318208,0.116059,0.255562,-0.000525,0.268658,0.058038,0.002872,0.204809,0.166118,0.076258,0.325899,0.212065,0.350575,0.161296,0.269538,-0.151984,0.146223,0.248239,0.035341,0.142001,0.060335,0.042170,0.110570,0.147072,0.212612,0.087023,0.000595,0.225698,0.194647,-0.048256,0.010481,0.142344,0.052272,0.129004,0.171109,0.102386,0.073539,0.282893,0.082980,0.006244,0.197592,0.180757,0.109817,0.107292,0.059976,0.076926,0.274043,0.140914,0.236619,-0.028258,0.043681,0.284268,0.248851,0.183815,0.179114,0.118427,0.163170,0.121173,0.166186,0.089296,0.183099,0.191450,0.067847,0.298794,0.092545,0.094707,0.134936,0.237759,0.230620,0.087044,0.116058,0.044315,0.160245,#
21,0.376441,0.302807,0.320313,0.216672,0.305157,0.382823,0.244178,0.243838,0.106939,0.258027,0.145494,0.244408,0.095277,0.219533,0.073405,0.159347,0.137453,0.339908,0.122799,0.213497,0.159793,1.000000,0.216921,0.387068,0.354209,0.180592,0.220075,0.287506,0.246836,0.151265,0.263724,0.297407,0.265486,0.290653,0.183717,0.235267,0.276690,0.287096,0.265549,0.142159,0.234951,0.318009,0.076213,0.190069,0.306971,0.212646,0.365934,0.282135,0.220346,0.298503,0.315570,0.069212,0.304555,0.289295,0.309792,0.175293,0.286088,0.328040,0.257969,0.196186,0.164730,0.245692,0.293044,0.223638,0.330490,0.180741,0.286470,0.287660,0.286259,0.366723,0.426850,0.143386,0.299856,0.230679,0.281504,0.139920,0.259093,0.175424,0.184335,0.212856,0.374041,0.263120,0.176359,0.154459,0.284084,0.242524,0.263127,0.230192,0.328790,0.302759,0.171454,0.190191,0.206852,0.158342,0.311362,0.300794,0.131248,0.275148,0.287687,0.250988,0.355601,0.221798,0.164715,0.320243,0.263671,0.327155,0.105541,0.279962,0.153027,0.136922,0.242334,0.238845,0.397014,0.260321,0.116725,0.248459,0.350016,0.112226,0.376267,0.338239,0.216015,0.283438,0.092539,0.343709,0.201292,0.332648,0.180243,0.284454,0.142444,0.146756,0.285691,0.100450,0.259671,0.242364,0.204317,0.187208,0.258810,0.162755,0.274969,0.380070,0.162570,0.295471,0.218773,0.203270,0.242481,0.208875,0.281571,0.251669,0.227883,0.151510,0.287757,0.212621,0.278715,0.338834,0.196220,0.205307,0.209595,0.281014,0.162947,0.211996,0.371075,0.106238,0.056383,0.248722,0.332693,0.148341,-0.081787,0.331043,0.164948,0.261328,0.261144,0.140553,0.329599,0.272735,0.185626,0.115471,0.270645,0.187001,0.303236,0.223526,0.178643,0.315475,0.120227,0.154131,0.155387,0.258249,0.263875,0.300657,0.413158,0.131765,0.282756,0.242051,0.183057,0.053621,0.334542,0.312962,0.280529,0.172930,0.099016,0.315933,#
