0,1.000000,0.018603,-0.118259,0.095044,0.014008,0.044448,-0.053965,0.063354,0.035682,-0.067954,-0.200796,0.018430,0.138308,-0.279357,0.250885,-0.138637,0.018611,0.025922,-0.033121,0.122718,-0.093763,-0.065122,0.062883,-0.004981,0.109971,0.031377,0.232744,-0.008973,-0.109850,-0.024393,-0.092855,-0.050949,-0.092546,-0.199711,0.124464,0.027226,0.079822,-0.085124,0.086710,-0.011437,-0.046383,-0.028546,0.102412,0.056499,-0.087268,-0.036642,0.076208,-0.078523,-0.066516,-0.009742,0.099392,-0.054179,0.149836,0.174146,-0.079018,0.097392,-0.060447,0.035575,-0.005384,-0.148031,0.191209,-0.141898,-0.082877,0.038508,-0.027126,0.146196,-0.232459,0.174819,-0.146939,0.001388,-0.044951,-0.044789,0.034600,-0.091515,0.024840,-0.091447,-0.109007,-0.172006,-0.129340,-0.016439,0.226656,0.092337,-0.111882,-0.020174,-0.094589,0.204124,-0.016192,-0.218358,-0.130795,-0.031245,-0.036387,-0.120661,-0.135863,0.036776,-0.011058,0.095909,-0.058363,-0.046936,0.021673,0.113200,-0.111435,-0.067091,-0.172915,-0.047170,0.111489,-0.197334,-0.244930,0.040648,0.044612,-0.035401,0.160465,-0.081237,-0.111316,-0.074343,-0.090436,0.087993,-0.077193,-0.153540,0.137501,0.065637,0.108440,0.106654,0.060033,0.067185,-0.000043,0.055424,0.036656,0.101018,-0.101462,-0.059120,-0.086492,-0.021995,-0.039393,-0.094196,-0.051956,-0.129601,0.125210,0.130009,-0.057493,-0.045493,-0.172652,0.181857,-0.127614,0.132599,0.074349,0.002504,0.026081,-0.086333,0.095129,-0.073214,0.029206,-0.191632,-0.043374,-0.147776,-0.096047,-0.036373,-0.029372,-0.039739,0.069803,0.128369,0.117683,0.286354,-0.121338,-0.140181,0.060858,0.079602,0.067049,-0.089164,0.154650,0.059359,0.120344,-0.060964,0.145617,0.016243,0.095586,-0.185768,-0.034812,0.026884,0.099101,0.018369,-0.100484,0.075123,-0.156665,-0.022217,0.061154,0.053216,-0.002019,0.104845,-0.011552,0.121559,-0.070289,-0.067639,0.020135,-0.074816,-0.017973,-0.099139,-0.102176,-0.106889,-0.108738,0.067647,#
1,0.018603,1.000000,0.006664,0.170041,0.019276,0.096334,0.073800,-0.052818,-0.091555,-0.052706,0.100638,-0.114546,0.231841,0.163231,-0.109293,-0.038972,0.133946,0.002604,0.095275,-0.027538,0.267906,0.140462,0.145094,0.296113,0.052908,-0.023284,0.059449,-0.045845,-0.081552,-0.050273,0.013618,0.215133,0.105497,-0.038556,0.075898,0.076170,-0.118013,0.094856,-0.011262,0.072417,0.105234,0.063630,-0.021552,0.089798,0.070340,0.243272,0.139566,0.068582,-0.080046,0.124759,0.109863,0.162440,0.124705,0.011413,0.072760,0.203806,-0.158265,0.071398,0.140298,-0.002943,0.086104,0.034697,-0.065914,-0.079461,-0.103377,0.040622,0.113640,0.105369,0.195834,0.159384,0.080668,0.117246,0.276553,0.036835,-0.054003,-0.075111,0.108548,0.099686,0.148853,0.054949,0.113873,0.202734,0.109804,0.008611,0.062610,0.094673,0.029125,-0.125779,-0.025400,0.157977,0.088271,0.041712,0.087873,-0.010500,-0.085402,0.002312,0.111355,-0.071377,-0.075743,0.157524,0.008473,0.182826,0.103663,0.206966,0.115061,0.017797,-0.063832,0.200170,0.046779,-0.140694,0.118625,0.117478,-0.054536,-0.009549,0.120480,0.068739,0.230039,0.251594,0.069433,-0.021062,0.147439,0.196664,-0.001357,0.148290,-0.024505,0.086739,0.189723,0.177868,0.125835,0.063944,-0.045496,-0.079368,-0.071748,0.234453,-0.027319,0.002934,0.016146,-0.020265,0.206938,-0.028278,-0.059194,-0.014926,-0.196681,-0.075897,-0.114883,-0.027758,0.128289,-0.037330,-0.079245,0.124901,0.037309,0.056014,-0.084243,0.094786,0.164892,0.005313,0.041846,0.032584,0.004096,-0.029427,-0.076585,0.119087,0.113596,0.052488,-0.018711,-0.058935,0.021978,0.090488,-0.053539,0.130486,0.185076,-0.112878,0.140852,0.027404,0.167311,-0.003104,0.055627,0.145462,-0.014504,-0.112456,0.000060,-0.128984,-0.034456,-0.071932,-0.123025,0.132815,0.010043,-0.046599,0.013325,-0.027246,-0.074178,0.098828,0.061010,0.192817,0.138909,0.126716,0.155184,-0.133543,0.101761,0.044287,#
2,-0.118259,0.006664,1.000000,-0.032023,-0.140579,0.086271,0.037677,0.150883,-0.097947,0.037209,0.064187,-0.181510,-0.009926,-0.049696,-0.076970,-0.091875,0.035713,0.037891,0.125070,0.069999,0.015191,0.055400,-0.179182,-0.065002,-0.013139,-0.176469,0.071229,-0.029320,-0.008012,0.059209,-0.066725,0.029505,0.119052,0.027517,0.157742,0.048080,0.113615,-0.102921,0.018314,0.136528,0.261255,0.117605,-0.064580,-0.037576,-0.004518,0.196049,0.055006,-0.031804,-0.071822,0.216707,-0.090114,-0.088901,0.030316,0.223526,0.125975,0.101136,0.069069,-0.003839,-0.075963,-0.105374,0.089947,0.144160,-0.040888,0.153838,-0.030872,-0.051530,0.260381,-0.192894,0.266947,0.102513,0.185447,0.089223,-0.020092,0.224629,-0.018767,-0.049398,0.055253,0.200600,0.076740,0.243405,-0.005529,0.133047,0.017077,0.114805,0.139921,0.191274,0.159760,0.181225,0.077669,0.034144,0.244502,0.036264,0.003416,-0.143791,0.198261,0.008079,-0.017812,0.041390,0.036943,-0.003215,0.102133,-0.195297,-0.175020,0.106856,0.133100,0.268499,0.050135,0.052497,0.249321,-0.024297,0.134153,0.027417,0.077753,-0.008113,0.050514,-0.075106,-0.089210,-0.007116,0.069161,-0.061351,0.042809,0.161363,0.032492,-0.072755,0.070244,0.196625,-0.003304,0.027962,-0.032884,0.164432,0.044344,0.162100,0.098387,0.181982,-0.030362,-0.140638,-0.104184,-0.075165,-0.039308,-0.030399,0.116062,0.007660,-0.004030,-0.033561,-0.028407,0.084448,0.139253,0.060744,0.167777,-0.089983,-0.039303,0.003861,-0.074218,0.172068,-0.025852,0.212629,-0.009832,0.018574,-0.023539,-0.099197,0.008464,-0.261442,0.062650,0.025156,-0.105230,0.055739,0.166288,-0.005363,-0.071501,0.042152,0.118080,-0.067750,0.092577,-0.009212,0.075751,0.165570,0.212128,0.101311,0.004125,-0.058393,-0.077654,0.157772,0.165632,0.176691,0.027943,0.093488,0.017598,0.112769,0.040147,-0.088828,-0.079744,0.087511,-0.095414,0.274121,0.042210,0.184858,0.133755,-0.071117,-0.098581,-0.026119,#
3,0.095044,0.170041,-0.032023,1.000000,0.098816,0.036229,-0.127617,0.079533,0.016772,0.067965,-0.033342,-0.011669,0.231467,-0.043583,-0.004795,-0.091551,0.155043,-0.034403,-0.027077,-0.036463,0.244836,0.129189,0.013888,-0.032011,0.128416,0.224933,0.091470,0.100152,-0.007678,-0.019502,-0.014136,0.150690,0.053594,0.133721,0.109069,-0.014624,-0.024550,0.067499,-0.040522,0.169429,0.069504,0.080528,-0.008766,-0.069608,0.148767,0.143948,-0.009719,0.202080,0.109774,0.043115,0.092309,0.065887,0.117168,0.079329,0.205823,0.068227,-0.179514,0.054333,0.273143,0.046164,0.151906,0.082807,-0.064555,0.066740,0.094631,0.193969,-0.018464,-0.001894,0.011585,0.175602,-0.053699,0.036898,0.238933,0.136731,-0.029801,0.005045,-0.004741,0.006756,0.163727,0.179804,0.117716,0.114671,-0.004734,0.065102,-0.039987,0.118094,0.002671,0.084028,-0.043723,0.082639,-0.138246,0.068194,0.150550,-0.025994,0.190621,0.155294,-0.008792,0.019950,-0.140725,0.183248,0.027056,-0.093621,-0.128240,0.055214,0.078403,0.068155,0.109012,0.182550,-0.014155,-0.001175,0.004933,0.170464,-0.020470,0.059347,0.105611,0.046189,0.235591,0.070302,0.090726,-0.021784,-0.026859,0.000008,-0.077704,0.095546,0.051285,0.072101,0.216756,0.149879,-0.041239,0.095505,-0.011011,-0.038998,0.008702,0.268792,0.095494,0.039056,0.073120,-0.058649,0.092657,0.098345,0.027901,0.021786,-0.134331,-0.028444,-0.204701,0.128570,0.087834,0.010208,0.048847,-0.131031,0.000401,-0.052022,0.066070,0.021885,0.110828,-0.007072,0.127867,0.137844,-0.013409,0.166529,0.203981,0.191502,-0.002397,0.305262,0.150459,-0.008764,-0.068952,0.009684,0.076314,0.158149,0.155789,-0.007590,-0.038909,0.007701,-0.113546,0.175892,0.024313,-0.048533,0.115464,0.001520,-0.033615,0.149829,-0.065857,0.128935,-0.059273,0.123800,-0.118764,-0.092450,0.171630,0.033527,-0.105524,0.022308,0.202093,0.005964,0.095529,0.113130,0.148008,0.017298,-0.002497,0.166912,#
4,0.014008,0.019276,-0.140579,0.098816,1.000000,0.065059,0.036076,-0.010057,-0.100407,0.052435,0.080636,-0.054507,-0.104142,-0.116091,0.054039,0.023431,-0.123438,-0.056530,-0.202823,0.040736,0.107872,0.152988,0.248596,0.139169,-0.057346,-0.094733,-0.055450,-0.001885,0.123677,0.110361,0.087398,-0.003650,0.045045,-0.042307,0.026636,0.137850,-0.094595,-0.079191,0.114430,0.186621,-0.081567,0.066000,0.090886,0.066825,0.227899,-0.128593,0.195058,-0.028333,-0.085211,-0.062595,0.201097,0.112545,-0.017702,-0.144919,0.007334,0.068934,-0.087966,0.069909,0.214606,-0.018840,-0.055187,0.029970,0.132238,0.035675,0.213931,0.303112,0.026095,-0.040273,-0.019276,0.068516,0.114543,-0.017263,-0.019338,-0.029119,0.008037,0.138306,0.114467,0.019288,0.113707,-0.008943,-0.148059,0.163499,0.070585,-0.137297,0.067432,-0.032308,-0.000919,0.077088,0.107941,0.150743,-0.076896,-0.117966,0.050195,-0.052642,0.150970,0.086463,0.110354,0.032554,-0.065504,-0.044536,-0.090968,0.170170,-0.054085,0.091696,-0.021920,-0.193236,0.084008,0.011387,0.003996,0.172935,-0.109552,0.094593,0.241869,0.234224,-0.005199,-0.020608,-0.079188,0.269572,-0.025952,0.087317,0.024882,0.002878,-0.023743,0.036051,0.106888,0.075698,0.168505,-0.010437,0.164560,0.083141,0.144815,0.019755,-0.053978,0.068457,0.066496,0.047471,-0.005286,0.206515,-0.005717,0.089016,-0.096251,0.265072,-0.037048,0.126335,-0.057274,0.118143,0.064053,-0.148385,0.043007,0.031644,-0.024176,0.160819,0.016274,-0.191399,0.134224,-0.106683,0.201189,0.216153,0.140307,0.036496,-0.070763,0.236982,0.010205,0.159483,0.101848,-0.042270,0.132943,0.034628,-0.040713,0.046711,-0.007319,0.036398,0.011886,0.029884,-0.005112,0.020473,-0.011519,0.122794,0.039749,0.167416,0.138115,0.010156,0.051274,0.116839,0.193126,0.158816,0.010709,0.101924,-0.025979,0.109418,0.044220,-0.102540,0.132964,-0.016948,0.093661,-0.106041,-0.044995,-0.036609,0.027772,0.037221,#
5,0.044448,0.096334,0.086271,0.036229,0.065059,1.000000,-0.000085,0.065733,0.026994,0.049024,-0.079663,-0.176184,0.153503,-0.041412,-0.029614,-0.075632,0.016941,-0.027802,0.110947,0.221506,-0.026987,-0.145906,-0.021836,0.059153,0.189136,0.193734,0.108472,0.154684,-0.044018,0.150363,-0.067616,0.052827,0.034548,0.202716,0.061593,0.079986,0.043162,-0.141417,-0.006955,0.114122,-0.070489,0.106314,0.058856,0.055533,0.071904,0.084630,-0.100325,0.237399,-0.079851,0.111488,0.149571,-0.030973,0.051093,-0.016804,0.152308,0.239069,-0.057110,0.013530,0.092983,-0.014479,-0.027387,-0.100336,0.052834,0.152191,-0.010654,0.039573,-0.171943,-0.000907,0.075242,0.141122,0.202217,0.122117,0.087092,0.107694,0.088195,-0.028266,-0.187123,0.272981,0.076921,0.025536,0.042482,0.142408,0.036174,-0.011666,-0.041477,-0.041937,-0.014883,-0.015195,0.112980,-0.060548,0.252211,-0.074811,-0.059912,0.004310,0.026117,-0.217346,0.147745,0.109371,0.103338,-0.061803,0.096878,0.004044,0.173786,0.104292,0.015152,-0.044022,0.104804,0.169005,-0.088157,0.013694,-0.028575,0.000638,0.085740,-0.000059,-0.037929,-0.127339,0.254577,0.195673,0.139479,0.027597,-0.003671,0.132270,-0.033703,0.136462,0.029429,0.112299,0.315338,-0.015025,0.007312,-0.092453,-0.016494,0.109689,0.069174,0.194091,0.024782,-0.185965,-0.152414,0.153214,-0.034842,-0.058126,-0.057709,-0.077495,-0.006158,0.003346,0.265001,0.032408,0.023384,0.165064,0.063088,0.134685,0.188478,0.047307,0.237934,0.000763,0.145867,-0.027268,0.155588,0.003531,0.056269,0.002837,0.006099,0.180627,0.028555,0.043976,0.077430,-0.123693,-0.165285,0.173160,0.068958,0.017654,0.243405,0.106168,0.027654,0.002692,-0.115211,0.225817,0.241667,0.073727,0.103636,0.138145,0.087700,-0.072556,-0.212491,0.062429,0.020580,0.110315,0.018594,0.145353,0.280998,0.175411,-0.038080,0.140799,-0.030178,0.224788,0.076900,0.116211,-0.051979,0.143046,0.019295,0.177874,#
6,-0.053965,0.073800,0.037677,-0.127617,0.036076,-0.000085,1.000000,-0.081958,0.089221,0.129179,0.241810,-0.047149,0.066455,-0.138054,-0.210675,0.441169,0.179904,0.177469,0.026321,-0.086979,-0.068080,-0.002448,-0.046863,-0.037276,0.180044,0.000769,0.004292,0.042769,0.088548,-0.056024,0.014529,0.173215,0.040761,0.103883,-0.044062,0.065634,-0.024204,0.069943,-0.099800,0.026238,0.093784,-0.012970,0.300956,0.142122,-0.128968,-0.057705,0.086107,0.138774,-0.056707,0.100803,-0.080867,-0.002001,-0.007966,-0.131476,0.010586,-0.047901,-0.097434,0.039354,0.002781,-0.084681,0.172219,0.084892,0.039187,-0.094506,0.105683,0.041268,0.062593,0.080535,0.066009,-0.056111,0.176309,0.220469,-0.104468,-0.074049,0.040307,0.087727,0.232080,0.071190,0.129189,0.059652,0.023804,0.149450,-0.109539,0.116795,0.017187,-0.139670,0.135436,0.040607,-0.052329,-0.027921,-0.002555,0.064908,0.090076,0.022171,0.079629,0.048447,0.242909,0.018956,-0.099929,-0.013693,-0.016502,0.052879,0.066917,0.064731,0.156601,-0.060120,0.076223,0.174495,0.191007,-0.004073,-0.009264,-0.080888,0.045486,0.238612,0.057621,0.165594,-0.087338,0.071160,-0.098478,0.190243,-0.001684,0.195623,-0.276127,-0.038824,0.025339,0.006141,-0.050565,-0.058274,0.074573,0.060965,0.083356,0.082823,0.054927,0.043612,0.082876,-0.128873,0.157279,-0.070624,0.053273,0.187908,0.025350,-0.082201,-0.049684,0.036233,0.046441,0.099007,0.006869,0.256329,0.011433,0.021018,0.030062,0.109559,-0.116775,-0.030064,-0.002092,-0.016695,-0.038055,-0.098142,-0.087568,0.075560,-0.134681,-0.018527,0.018824,-0.014046,-0.189529,-0.003520,0.109592,0.025857,0.008842,0.032412,-0.037947,0.183376,-0.199473,-0.121221,0.044865,0.135572,0.049654,0.206878,-0.050719,-0.020551,0.046438,0.023808,-0.002692,0.052900,0.042268,-0.001179,0.168905,-0.067422,0.050824,0.097682,-0.003523,0.122131,-0.078599,0.067284,0.030291,0.089573,0.059384,-0.110919,0.057170,0.095918,#
7,0.063354,-0.052818,0.150883,0.079533,-0.010057,0.065733,-0.081958,1.000000,0.153461,-0.059879,-0.149281,-0.194176,0.151077,0.019235,0.071014,-0.047554,0.026740,0.168332,0.059109,0.085523,0.156230,0.041108,0.003225,-0.083749,0.031449,0.155725,-0.030013,-0.104922,0.083877,0.194171,-0.050689,-0.013835,0.086813,-0.046515,0.071201,0.110481,-0.092726,0.098282,0.263235,0.135832,0.026094,0.233025,-0.046143,-0.011675,0.037149,0.136095,0.077980,0.207156,0.184164,0.070205,-0.110154,0.053854,0.092841,0.054982,0.188701,-0.057066,0.003743,-0.248406,0.196585,0.211816,0.030053,0.150082,0.000579,0.075550,0.058110,0.052420,0.104843,-0.115404,-0.161838,-0.051435,0.117676,0.049894,0.063488,0.141150,-0.076899,-0.093225,-0.077498,0.035186,0.001153,0.042452,0.176286,0.064280,0.049402,0.055069,0.058002,0.220021,0.001178,0.090079,-0.068616,0.148723,0.077221,-0.055984,0.183598,-0.025576,0.187839,0.145936,0.132415,0.227077,0.203382,0.041930,0.083546,-0.069108,-0.251367,-0.055783,0.081255,0.054437,-0.106929,0.168652,0.149472,-0.103699,0.187425,0.042930,0.204520,0.084954,0.205115,0.010751,-0.102026,-0.039445,0.136135,0.156370,0.059269,0.102911,0.116882,-0.019193,0.049479,0.141910,-0.044370,0.060341,0.032886,0.076663,-0.017859,0.126349,0.106841,-0.110353,-0.031447,-0.020691,-0.070514,0.199171,0.034406,0.001368,-0.063134,0.000923,-0.009667,-0.013992,0.100425,0.094496,0.104297,-0.018403,-0.090861,0.011121,-0.155104,0.161685,0.003947,-0.096086,0.063913,0.225280,0.102003,0.050033,0.028980,-0.062066,0.105019,-0.049535,0.116707,-0.053742,0.008501,0.001570,-0.010693,-0.104959,-0.213822,-0.123487,0.166515,-0.051505,0.146611,0.088140,0.105966,-0.065188,-0.041260,-0.000044,0.061914,-0.036478,0.067400,0.019161,-0.026790,0.156763,0.069907,0.070696,0.147153,0.087377,0.142116,0.136865,0.076718,0.060284,0.093732,0.014804,0.077889,0.055106,0.068099,0.092928,0.043062,0.000835,#
8,0.035682,-0.091555,-0.097947,0.016772,-0.100407,0.026994,0.089221,0.153461,1.000000,-0.000536,0.022974,0.119670,0.079334,0.103921,0.036801,0.137760,0.016226,-0.007090,-0.183024,0.134733,0.182206,0.008175,-0.091038,0.098922,0.196620,0.139547,0.038865,-0.169777,-0.026359,0.050538,0.037675,0.057753,0.101414,-0.048997,-0.009204,0.339581,0.027077,0.040503,-0.036321,0.016949,0.031913,-0.056764,0.294022,0.176561,-0.031005,-0.073730,-0.001573,-0.020220,0.097815,0.075053,0.048139,0.114369,0.131551,-0.032320,-0.017074,0.051817,0.014708,-0.026144,-0.020541,-0.070002,0.145274,0.105242,0.213162,0.129317,0.057208,0.133346,0.136295,0.129075,0.157575,-0.084306,0.105527,0.228114,0.158311,-0.028881,-0.009542,-0.043684,-0.111320,0.051217,0.108867,0.033964,0.106783,0.112893,-0.142587,-0.031634,-0.003047,0.002993,0.144109,0.059375,-0.118003,-0.089572,0.146316,0.035288,-0.058868,-0.000571,-0.085977,-0.017436,0.220980,0.203708,0.206234,0.187502,-0.032106,-0.238236,0.111410,0.189887,-0.128813,0.132706,0.042044,-0.016326,-0.037861,0.156146,-0.066865,0.000942,0.023644,-0.007055,-0.120962,0.034123,0.110998,0.002879,-0.052346,0.114818,0.001783,0.045847,0.080609,0.177927,0.044970,0.070579,-0.129854,-0.044465,0.130209,0.146513,-0.045634,0.229993,0.087865,-0.074328,-0.115473,0.157026,0.001659,0.020958,0.119773,0.038925,-0.060444,-0.114729,-0.040732,-0.297145,0.072560,-0.040969,0.019487,0.296960,-0.043889,0.104685,-0.034224,0.171822,-0.088313,0.188114,0.104435,-0.024693,0.071503,0.130247,0.212983,-0.107500,0.053619,-0.136360,-0.026167,-0.116886,-0.117184,-0.028566,-0.015296,0.153539,0.077685,-0.133212,0.022899,0.185074,-0.208518,0.055232,0.086990,0.008758,0.079934,-0.044876,0.100770,0.068451,0.111897,-0.035827,-0.001543,-0.001841,-0.035937,-0.100779,0.221468,0.082813,0.017821,0.171432,0.160715,0.110524,0.123586,0.065698,0.008966,-0.048849,-0.246018,0.016761,-0.054557,0.228386,#
9,-0.067954,-0.052706,0.037209,0.067965,0.052435,0.049024,0.129179,-0.059879,-0.000536,1.000000,0.006671,-0.043618,0.072292,-0.106736,0.010171,0.076209,0.001393,0.065349,-0.153943,-0.135970,0.020896,-0.036743,-0.104126,0.026931,0.032489,-0.067075,0.094935,0.036120,-0.117028,-0.095656,-0.076001,0.108463,-0.047220,-0.003550,-0.041824,0.066100,0.050599,0.004118,-0.016321,0.017287,-0.095305,-0.080416,-0.053522,-0.044401,0.024233,-0.050521,-0.025187,0.080949,0.149150,0.184030,0.102829,-0.063242,-0.104049,-0.095422,-0.120281,0.004832,0.099374,0.082695,-0.154396,0.027825,0.039125,-0.027194,-0.001254,-0.121375,-0.137345,0.084472,-0.052926,-0.043421,0.124111,0.018747,0.085655,0.048680,0.021503,0.039558,-0.190721,-0.041332,0.183194,0.043037,-0.004640,0.131176,0.001093,0.155981,-0.032239,0.077163,0.094220,0.056491,0.172292,0.150879,-0.044106,0.150285,0.135981,-0.133102,0.120090,-0.117292,0.148187,-0.063239,0.006855,-0.035217,0.092124,0.099443,0.066363,0.099186,0.062089,-0.000737,-0.007951,0.009441,-0.100424,0.180971,0.095535,0.022892,-0.012013,0.217509,-0.067423,0.033746,0.001527,0.161727,-0.036212,0.034259,0.119081,0.100782,-0.192938,0.006884,-0.053696,0.014538,0.192195,0.129322,-0.005054,0.017577,0.029938,-0.042423,-0.069404,0.008728,-0.005611,0.057067,0.093407,-0.107691,0.044348,-0.033850,0.005221,0.074323,0.165815,0.114583,0.129774,0.131849,0.098168,0.278627,-0.048000,0.179904,-0.005840,-0.006981,0.018586,0.087397,0.024877,-0.032693,-0.059691,-0.046582,0.012221,0.126582,0.219630,0.071869,-0.033577,0.058233,0.197962,0.093071,-0.057825,-0.008479,-0.117986,0.095623,0.136697,0.097928,0.056313,-0.016602,-0.009689,-0.227935,-0.087093,0.157273,0.237778,0.141007,-0.027913,0.117313,0.115223,0.155306,0.061874,0.021506,0.052589,0.088480,0.066590,0.060020,0.092009,0.043740,-0.184317,-0.122593,0.034714,-0.079649,-0.149204,0.072579,0.036602,0.029948,-0.065157,-0.045839,#
10,-0.200796,0.100638,0.064187,-0.033342,0.080636,-0.079663,0.241810,-0.149281,0.022974,0.006671,1.000000,0.056985,0.055083,0.022711,-0.128493,0.166616,0.132646,-0.012610,0.053786,-0.058017,-0.011431,0.067076,-0.120762,0.128169,0.091214,0.019290,0.038247,0.109206,0.068200,0.001546,-0.014233,-0.031044,-0.012230,0.078384,-0.056643,-0.049108,0.128864,-0.025082,-0.160898,-0.132122,0.107070,-0.066832,0.083084,-0.095960,-0.019055,0.094048,0.201692,0.039399,-0.042041,0.153045,-0.053890,0.194116,0.041509,-0.145901,-0.044666,0.169830,0.066590,0.144346,-0.084080,0.009647,0.055753,0.152872,0.130086,0.105722,0.039385,-0.044484,0.125146,-0.034037,0.097399,-0.129833,0.244344,0.215377,-0.027930,-0.078842,0.120151,0.154457,-0.140473,-0.026091,0.187719,-0.032188,0.040562,-0.059733,0.031535,-0.069627,0.022559,0.041035,0.119148,-0.044004,0.022689,0.207998,0.020678,0.102500,0.086819,-0.187653,-0.053423,0.011219,0.077876,0.143408,-0.062903,0.010672,-0.025155,-0.040927,-0.017503,0.056156,-0.046106,0.099613,0.240547,-0.057182,0.006674,0.030047,0.017492,-0.044592,0.154052,0.175746,0.037458,0.114174,-0.035340,0.142561,0.022839,-0.008529,0.162797,0.179606,-0.111785,-0.077431,-0.027501,0.059100,0.099152,0.001818,0.156083,0.128607,-0.024657,0.058583,-0.074275,0.095061,0.178927,0.079131,-0.037338,0.071014,0.144482,0.047397,0.001570,0.021771,0.142631,0.120104,-0.040119,0.238257,0.117328,0.116459,0.030894,0.150555,-0.110807,-0.011228,-0.045357,0.115996,0.141985,-0.077169,0.142451,-0.003292,0.025562,-0.147592,-0.101347,-0.031267,0.053023,0.082681,-0.076904,0.021383,0.068063,0.068562,0.038426,0.064751,-0.208344,0.096647,-0.082125,-0.034145,0.206599,0.135893,0.011063,-0.008174,-0.114384,0.063047,-0.189748,-0.105184,0.070051,0.124435,-0.136625,0.088430,0.173854,0.076132,-0.084833,0.048363,-0.027922,-0.033066,-0.041829,0.289592,0.068942,-0.140023,-0.015010,-0.033122,-0.070339,0.195600,#
11,0.018430,-0.114546,-0.181510,-0.011669,-0.054507,-0.176184,-0.047149,-0.194176,0.119670,-0.043618,0.056985,1.000000,-0.053356,0.081028,0.148246,-0.018105,-0.065821,-0.012745,0.048692,-0.000712,-0.036840,-0.034023,0.048480,0.092833,0.044193,0.025380,-0.067766,-0.008373,-0.102631,-0.036870,0.207886,0.175676,0.059743,0.047562,-0.111991,0.052473,0.068954,0.170566,-0.000322,-0.119492,0.113757,-0.171616,0.076530,-0.046453,-0.035399,-0.237966,0.018277,0.024155,0.084782,-0.062615,-0.231861,-0.027949,0.172374,-0.028915,-0.001927,-0.047224,-0.115991,0.254422,0.036884,0.225051,0.019057,-0.017271,0.140053,-0.019299,-0.009122,-0.100493,0.029304,0.141927,-0.014312,0.031668,-0.211369,-0.110898,0.067544,-0.141364,0.230409,0.110857,0.015886,0.028730,-0.019072,-0.135287,-0.135354,0.005625,0.017140,0.042374,-0.022609,-0.129106,0.045361,0.039515,0.027732,-0.085759,-0.065564,0.010221,0.003046,-0.008771,-0.124173,0.073745,-0.111938,0.108611,-0.048478,0.060972,-0.111108,-0.005852,0.041273,0.018835,-0.068906,0.067899,0.135848,-0.004189,0.000713,-0.037427,-0.020548,0.089318,-0.070352,0.006325,0.018993,-0.082403,0.004470,0.062697,-0.082374,0.159490,0.119731,-0.121700,-0.023697,0.210767,-0.036044,-0.101326,-0.008673,0.112039,0.184433,0.186872,0.047168,0.033332,0.131824,0.013652,0.044306,0.176346,0.062238,0.142594,0.023964,0.221702,-0.116974,-0.217524,0.205175,0.100194,-0.070037,-0.005629,-0.002447,-0.024772,-0.091593,-0.204069,0.040333,-0.030594,-0.035987,0.208772,0.002801,-0.118467,-0.002684,-0.043420,-0.059553,0.034446,0.050274,0.097580,-0.058163,0.054040,0.075359,0.164240,0.078729,0.034756,0.029471,0.043462,0.109157,0.010423,-0.009247,0.026821,-0.043736,0.079366,0.040766,-0.053078,0.018167,0.055444,-0.044186,-0.075083,0.056292,-0.013703,0.027334,-0.038283,0.108425,-0.027627,-0.116348,-0.133785,0.114454,0.056278,0.087953,-0.016148,0.075099,-0.079603,-0.111775,0.112782,-0.040826,0.009149,#
12,0.138308,0.231841,-0.009926,0.231467,-0.104142,0.153503,0.066455,0.151077,0.079334,0.072292,0.055083,-0.053356,1.000000,0.002470,0.027770,0.051346,0.024245,-0.054217,0.128791,-0.135587,0.088669,0.082624,-0.007549,-0.020078,0.255998,0.092417,0.054169,-0.065338,0.050055,-0.048727,0.068645,-0.037567,0.013334,0.069807,0.232203,0.078379,-0.035622,0.029763,-0.208264,-0.002752,0.050362,-0.128055,0.073617,0.103835,0.092096,0.113653,0.222887,0.242415,0.139788,0.265599,0.046643,-0.079875,0.077540,0.033065,0.067716,0.078318,-0.017754,-0.118018,0.264672,-0.026278,0.043369,0.170074,0.071797,-0.121311,-0.063310,0.022535,-0.089684,0.133372,0.172213,0.089840,0.095034,0.149695,0.183996,0.019539,-0.050687,0.118912,-0.059193,0.104592,0.027218,0.183471,0.250261,0.245542,0.085503,-0.091638,0.079214,0.108248,-0.001922,0.078399,-0.126198,0.138589,0.122447,-0.058342,0.152737,0.214439,-0.065724,0.087345,0.131809,-0.061161,-0.092047,-0.033999,0.067522,-0.027324,-0.050918,0.042856,0.014959,0.123149,0.039924,0.316829,0.041509,-0.041485,0.159248,0.095885,0.024262,-0.000836,0.106965,0.030069,-0.105993,0.124439,0.022650,0.073267,0.111555,0.196127,0.028420,0.094705,0.036881,0.207915,0.022401,0.098277,-0.063594,0.144598,-0.286525,-0.073824,0.023185,0.013129,-0.007446,-0.085268,0.058988,-0.048246,0.116463,-0.142265,-0.100841,-0.140210,-0.090845,0.055862,-0.206664,0.162043,0.165643,0.161688,-0.048029,0.084296,0.066715,-0.058089,0.058884,-0.046088,0.212937,0.028044,0.098801,0.171129,0.184927,-0.108257,0.045903,0.158237,0.070024,0.006552,0.059245,-0.020138,-0.015865,0.115032,0.163130,0.056854,0.235456,-0.130708,0.160770,-0.075037,0.066843,0.151179,0.134844,0.063384,-0.283255,-0.011990,0.019480,0.093814,-0.036904,0.061450,-0.082254,0.030009,0.108357,0.044080,0.107160,-0.012709,-0.033302,-0.045517,-0.119325,-0.012199,0.008823,0.042832,-0.064897,-0.032681,0.016842,0.181250,#
13,-0.279357,0.163231,-0.049696,-0.043583,-0.116091,-0.041412,-0.138054,0.019235,0.103921,-0.106736,0.022711,0.081028,0.002470,1.000000,0.032902,-0.091360,-0.164334,0.011070,0.050565,-0.081763,-0.012925,-0.010292,0.117980,0.046782,-0.009128,0.204806,0.033894,0.009537,0.005574,0.094913,-0.028478,0.010395,0.037137,0.001262,-0.158791,0.059146,-0.077859,0.050208,-0.194441,0.054448,0.147638,0.054013,0.159172,-0.172195,0.022077,0.061072,-0.108965,0.085797,0.110503,0.056665,-0.083953,0.022572,0.054947,-0.013380,0.066267,-0.005669,0.078401,0.143568,0.077923,0.100203,-0.165194,0.130260,-0.033258,-0.135420,0.085027,-0.004119,0.240933,0.208394,0.074821,0.054795,-0.051757,-0.052221,0.195335,0.026767,0.024841,0.135517,0.091008,-0.034321,0.037432,-0.044255,-0.057134,0.097640,0.060314,0.066542,-0.124308,0.124908,-0.021153,0.105446,0.150625,-0.013992,0.050560,0.121773,0.157859,0.005630,-0.121468,-0.096540,0.072393,0.047004,-0.029280,0.069843,-0.022811,-0.077140,0.196149,-0.075498,-0.017199,0.094780,-0.075901,0.086714,-0.168329,-0.075325,-0.058362,0.031859,0.025210,0.049375,0.155619,-0.098905,0.037776,0.037634,-0.004212,-0.094909,0.033772,-0.015629,0.137795,-0.077570,-0.070865,-0.044712,-0.001820,0.069609,0.090220,0.164539,-0.049758,-0.225979,-0.016630,0.128777,-0.043075,0.027871,0.063722,0.037311,0.237838,0.028190,-0.032845,-0.125142,-0.018760,-0.096341,-0.136520,0.040184,0.002121,0.097321,0.089284,-0.153304,-0.030857,-0.014346,0.025670,0.106936,0.049328,-0.074518,0.040526,-0.226575,-0.013348,-0.020678,0.014189,-0.071760,0.136308,-0.080144,-0.069246,-0.003013,0.143471,0.177167,-0.072356,0.023660,0.024884,-0.025296,-0.101020,0.176258,0.091178,0.081386,0.063555,-0.139709,-0.041429,0.019683,0.045696,-0.064127,0.111741,0.050909,-0.155377,0.056793,-0.035505,-0.149556,-0.100975,0.067672,0.239971,0.026210,0.055404,0.109284,0.015777,0.055505,-0.154558,0.218280,0.047043,0.000370,#
14,0.250885,-0.109293,-0.076970,-0.004795,0.054039,-0.029614,-0.210675,0.071014,0.036801,0.010171,-0.128493,0.148246,0.027770,0.032902,1.000000,-0.083065,-0.049233,0.103534,-0.162325,0.101566,-0.149577,0.044773,0.089553,0.191147,-0.003482,-0.007163,0.076956,-0.006081,-0.030084,0.016928,0.316078,-0.032992,-0.030285,-0.063699,0.098086,0.108946,0.000498,0.012311,0.130522,-0.055295,0.012573,-0.041047,-0.124690,-0.038432,-0.004508,0.091249,0.047957,-0.068933,0.074839,-0.069938,-0.108563,0.137719,0.141289,-0.064694,0.015653,0.095986,0.043926,-0.014973,0.137955,-0.164635,0.013979,-0.072329,0.092346,0.081257,-0.039903,0.008441,-0.040623,-0.083521,0.027530,-0.010591,0.088089,-0.090098,0.239291,0.142705,0.039276,0.133380,-0.048832,-0.040219,-0.155683,-0.022437,-0.032303,0.029834,0.111180,0.088355,-0.020819,-0.024313,-0.013285,0.028877,-0.062637,0.099662,0.081700,-0.076818,0.150601,0.203195,-0.021801,-0.002581,-0.141701,0.046688,-0.143410,0.049976,-0.165461,-0.060912,0.023627,0.003298,0.013378,-0.050770,0.022674,-0.135226,0.119577,0.068358,-0.085818,0.175679,0.074168,0.092216,-0.106549,-0.124320,-0.037390,-0.168996,0.016960,0.027102,0.095351,-0.117483,0.159436,0.165354,0.075580,-0.074472,-0.022519,0.059166,-0.068364,0.026688,-0.008973,0.073928,-0.081925,0.083870,-0.005917,-0.094098,0.180016,0.113702,0.027472,0.063714,0.005155,0.118232,0.038808,0.222963,0.000315,0.109283,0.023991,-0.027994,0.045396,-0.078411,0.242826,-0.044288,0.226373,-0.005671,0.027727,-0.029536,0.074568,-0.050399,-0.021186,0.058295,-0.012639,-0.002431,-0.011113,-0.129372,0.310256,0.171237,-0.014132,0.006123,0.054053,0.021521,0.096783,-0.243433,-0.011314,0.022747,-0.024867,0.039258,-0.080785,-0.034955,0.124074,0.048345,0.062225,0.008691,-0.111918,-0.076400,-0.005090,0.135390,0.013016,-0.027662,-0.006926,0.032437,0.067776,0.053557,0.131870,-0.006265,-0.137494,-0.147661,-0.076528,0.026277,-0.150748,-0.147455,#
15,-0.138637,-0.038972,-0.091875,-0.091551,0.023431,-0.075632,0.441169,-0.047554,0.137760,0.076209,0.166616,-0.018105,0.051346,-0.091360,-0.083065,1.000000,0.115620,0.072582,0.017337,-0.049843,-0.085992,0.070139,-0.076036,0.181702,0.106662,0.077862,-0.173290,0.064398,0.079532,-0.212867,0.078291,0.180304,0.154493,0.280819,-0.033797,0.053868,-0.007095,0.140840,-0.163829,-0.064825,-0.006171,-0.152462,0.128827,0.094482,-0.034174,0.100779,0.144322,0.013641,0.021085,0.125498,-0.047391,0.088414,-0.043442,0.014840,0.045800,0.097627,0.106492,0.050605,-0.016390,0.050043,0.222110,0.110850,0.170737,0.006401,0.046706,-0.092150,0.002757,0.077563,0.073761,-0.014785,0.107651,0.037053,-0.058590,0.080548,-0.004578,0.033477,-0.035782,0.031978,0.157306,-0.034729,-0.073682,0.071198,-0.024080,0.115023,-0.018061,-0.061587,-0.059584,0.021879,-0.052623,-0.177575,-0.049826,0.149646,0.133950,0.108406,-0.123577,0.068205,0.097200,0.190735,-0.008855,0.045046,-0.061604,0.140917,0.006783,0.214403,0.103636,-0.065826,0.038622,0.048899,0.015812,0.123224,-0.109532,-0.035382,0.125962,0.042249,0.138642,0.014969,-0.141092,-0.039821,-0.119379,0.282920,-0.084224,0.195164,-0.029354,0.070855,-0.036093,0.041290,0.050415,0.039194,-0.033852,0.207661,0.169565,0.084729,-0.124898,-0.076490,0.067718,0.108519,0.150232,-0.060168,-0.101475,0.204575,0.049848,-0.065768,0.069885,0.071851,0.020478,0.109132,-0.005624,0.067475,0.011251,0.029425,0.126000,0.334430,0.043570,0.015724,0.029420,0.003843,-0.046925,-0.019004,0.127178,0.105425,-0.069434,-0.026278,0.096104,0.193891,-0.057726,-0.036062,-0.018064,-0.072368,0.087384,0.146609,-0.045244,0.138857,-0.167620,0.129914,-0.034422,0.222991,0.070966,0.036238,0.088767,0.091977,0.135189,-0.035679,0.012098,0.038148,0.197231,-0.068494,-0.030308,-0.045694,0.037177,0.081807,-0.023943,0.101767,-0.109373,0.061965,-0.040271,0.128655,0.022367,-0.117777,0.106316,0.058395,#
16,0.018611,0.133946,0.035713,0.155043,-0.123438,0.016941,0.179904,0.026740,0.016226,0.001393,0.132646,-0.065821,0.024245,-0.164334,-0.049233,0.115620,1.000000,0.061026,0.267593,0.175704,0.284403,-0.303180,0.084397,-0.002031,0.092680,0.184529,0.029323,0.095645,-0.124093,-0.010428,0.051793,0.225430,0.001558,0.006356,0.147306,0.089631,0.187603,0.218071,0.086583,0.090827,0.022932,-0.067262,0.063157,-0.048853,0.130152,0.027757,0.110957,0.008298,-0.012894,0.063932,0.043738,0.107034,-0.000236,-0.032480,0.022494,0.178902,-0.029634,0.148246,-0.042006,-0.059163,0.178444,0.078944,0.125023,-0.023154,0.025986,0.109309,0.060167,0.084024,0.119245,-0.018845,0.181995,-0.018533,-0.000028,-0.012449,0.019141,-0.034538,-0.002394,0.031708,-0.075583,0.147178,0.268253,0.069189,0.137905,0.064672,-0.007565,0.027664,0.004710,-0.064708,-0.055909,-0.040678,-0.185671,0.058705,0.118860,-0.223649,0.037352,0.099909,-0.018123,0.206200,-0.031692,0.152378,0.030535,0.139468,0.029544,0.206271,0.103904,-0.065311,0.034405,0.002646,0.305791,0.085327,0.017793,0.021681,0.054262,0.037436,0.100799,0.144967,0.259879,0.019877,0.008276,-0.060040,-0.061556,-0.047713,0.017322,0.020565,0.217284,0.043972,0.054487,-0.041160,0.024224,-0.011717,0.145443,0.101257,0.015139,0.086660,-0.061190,0.105531,0.082641,-0.035730,-0.006405,-0.097573,-0.056862,-0.001102,0.101655,-0.049433,-0.119035,0.097959,0.218270,0.119271,0.083713,-0.116744,-0.000922,0.013274,-0.189824,0.052291,0.096033,-0.002435,-0.083867,-0.001599,-0.091979,0.029691,0.167692,-0.055465,0.170732,0.001797,0.223515,0.001874,-0.029931,0.120545,0.003871,0.154260,-0.180517,0.172479,0.009583,0.156233,-0.029416,0.027323,0.138534,0.257164,0.192105,0.130526,0.046051,-0.024721,-0.051581,0.147704,-0.148175,-0.077677,0.058614,-0.037531,0.195966,0.092108,0.024320,0.120042,-0.056757,0.070405,0.235983,0.185176,0.182117,-0.008072,-0.084271,0.140788,#
17,0.025922,0.002604,0.037891,-0.034403,-0.056530,-0.027802,0.177469,0.168332,-0.007090,0.065349,-0.012610,-0.012745,-0.054217,0.011070,0.103534,0.072582,0.061026,1.000000,0.063284,0.072528,-0.047710,0.008903,0.013422,-0.190606,0.178086,0.053379,-0.084666,0.030968,-0.027273,-0.028248,0.007341,0.198079,-0.080770,-0.117863,-0.169798,-0.198148,-0.044892,0.143282,0.127765,0.099173,0.138161,0.091431,-0.022294,0.042765,0.014619,0.160351,0.031740,0.133902,0.007205,0.090851,-0.102435,-0.095092,0.104178,-0.032212,0.086876,0.007747,0.089296,-0.050535,0.012248,0.038309,0.065245,-0.074098,0.220100,-0.083769,-0.039817,-0.067332,0.255990,-0.073521,-0.034461,-0.136640,0.100719,-0.107025,-0.090839,0.178648,0.107191,-0.109567,-0.121444,0.039445,0.179216,0.016229,0.000272,0.151325,-0.004484,0.167253,-0.110659,-0.049867,0.143341,-0.024604,-0.100390,0.038291,-0.025394,-0.086911,0.168458,0.098659,0.139085,0.074598,-0.022388,-0.008582,0.121807,0.197672,-0.144678,-0.122739,-0.066745,-0.187421,-0.087476,0.116298,-0.159343,-0.037754,-0.005807,0.041272,0.127224,-0.099012,0.136478,0.047880,0.246840,-0.042752,-0.158976,0.003564,0.075281,0.173702,0.050576,-0.011303,-0.014050,-0.129750,-0.029121,-0.050170,-0.082311,0.105419,0.056905,-0.015118,-0.028979,0.118580,0.104839,0.015568,-0.001649,-0.007403,0.177080,0.035427,-0.061419,0.238861,0.004724,0.024702,0.146355,0.034186,0.118298,-0.029221,-0.154519,-0.033856,-0.007216,-0.016957,0.088513,0.034998,-0.052684,0.073300,-0.022112,0.026846,0.082158,-0.204721,0.017337,0.014969,-0.047957,0.020913,0.134048,-0.051609,-0.132802,-0.170962,-0.083426,-0.103251,0.039408,-0.074734,0.027310,-0.005273,0.021078,-0.098440,0.045010,0.005644,0.054420,0.064766,0.100919,0.206732,-0.021743,-0.020756,-0.077499,0.148350,-0.083226,-0.053621,0.145068,0.066773,-0.066926,-0.035798,0.074245,0.000416,-0.077251,-0.039461,-0.142941,0.122025,-0.045743,-0.146693,-0.007054,-0.173857,#
18,-0.033121,0.095275,0.125070,-0.027077,-0.202823,0.110947,0.026321,0.059109,-0.183024,-0.153943,0.053786,0.048692,0.128791,0.050565,-0.162325,0.017337,0.267593,0.063284,1.000000,0.071665,0.059308,-0.001644,-0.018679,-0.052019,-0.046203,0.116490,-0.078523,-0.045720,0.000404,0.039452,-0.149861,0.163444,0.008101,0.068562,0.064300,0.021589,0.004057,0.254721,-0.023139,0.032033,0.129217,-0.043662,0.217756,-0.133399,-0.016286,-0.007155,0.034324,0.233124,0.024477,0.007742,-0.076364,0.033458,0.145554,-0.090791,0.053528,0.034185,-0.003893,-0.044453,0.031940,0.127046,0.096472,0.129682,0.015427,-0.088947,0.096936,-0.103848,0.099479,-0.129405,-0.101820,0.043374,0.007379,-0.104282,-0.082018,-0.000390,0.084892,-0.096741,-0.147582,0.086150,-0.146028,-0.073844,0.055583,-0.031755,0.179904,-0.034916,0.169505,0.280315,-0.289944,0.055397,0.032931,-0.090994,-0.019210,-0.001685,-0.008481,-0.028673,0.056768,0.022281,0.010505,0.069131,0.056320,0.062854,-0.007381,-0.031542,-0.004096,-0.024818,0.057585,0.137967,-0.058169,0.151141,0.090132,0.008152,0.144999,-0.097581,-0.031129,-0.084442,0.037973,0.011940,0.011499,-0.068744,0.146860,0.053211,0.160403,-0.129059,-0.099629,-0.029836,0.190824,-0.110366,0.110008,0.075629,0.037311,0.012677,-0.101301,0.014001,0.051692,-0.106697,-0.074299,0.044445,0.083083,0.009905,-0.010096,-0.057350,-0.155789,0.063423,-0.056061,-0.061479,0.013616,0.018635,0.156976,0.029363,0.097856,-0.073579,0.007339,-0.155231,0.092365,0.083196,0.165835,0.173597,0.025109,-0.145028,-0.189357,-0.093194,0.126802,0.053817,0.131231,-0.044155,0.009945,-0.145294,0.108816,0.007392,-0.048715,0.106110,0.104057,0.038672,0.026711,0.162444,0.067190,-0.017545,0.017058,0.037426,-0.061711,0.013185,-0.030744,-0.021399,-0.037737,0.048776,-0.062932,-0.128853,0.006637,0.009859,-0.102934,0.005768,0.048522,0.122383,-0.084437,0.104329,0.104065,0.062362,-0.013174,0.178350,-0.057881,0.145681,#
19,0.122718,-0.027538,0.069999,-0.036463,0.040736,0.221506,-0.086979,0.085523,0.134733,-0.135970,-0.058017,-0.000712,-0.135587,-0.081763,0.101566,-0.049843,0.175704,0.072528,0.071665,1.000000,0.058997,-0.165653,-0.053603,0.053694,0.146143,0.049906,0.018031,-0.019930,-0.291844,0.164422,0.013613,0.143793,0.212122,-0.026705,0.153763,0.143582,0.107767,0.112972,0.138299,0.087337,0.127968,0.122081,0.024851,-0.003915,-0.021741,0.088939,-0.031926,-0.002610,0.126552,0.162246,0.109009,0.065423,0.147999,0.064374,0.042438,0.125643,-0.011495,-0.099391,-0.087046,-0.018018,0.002990,-0.005466,0.152861,0.052091,0.091769,-0.039586,0.189795,0.051085,0.156707,0.019781,0.145625,-0.012035,0.065945,-0.001577,-0.114328,0.119626,-0.153029,0.062120,0.037196,-0.133291,0.211460,-0.039162,-0.015815,0.000895,0.059951,-0.013145,-0.053711,-0.035813,0.141856,0.007771,-0.082970,0.056392,-0.155124,-0.033315,0.009478,-0.061996,0.015341,0.319645,0.071819,0.172925,-0.121111,-0.078336,0.066480,0.061765,0.051680,-0.070454,0.032708,-0.098182,0.039759,-0.147314,0.062098,-0.027695,0.057014,0.021306,-0.104166,-0.028036,0.127974,0.028731,0.199396,-0.094409,0.130893,-0.075172,0.064110,0.102949,0.055005,0.106041,0.011891,0.192697,0.087851,-0.016625,0.165977,0.190018,0.042382,-0.008782,-0.155098,0.106053,-0.038393,0.115849,-0.016287,-0.102650,-0.006352,0.110603,-0.083921,-0.173324,0.040528,-0.090980,-0.033874,0.055346,0.156496,0.006070,-0.037008,-0.033616,0.004239,0.117679,0.186581,-0.007062,0.182372,-0.150182,0.141534,0.007058,0.134845,0.142280,-0.061788,0.192379,0.246611,0.158781,-0.096683,0.109120,-0.051909,0.004378,-0.087338,0.119116,0.066442,0.209519,0.117584,-0.093089,0.109214,0.027055,0.113495,0.000799,-0.010578,0.143701,0.095692,0.035733,0.074056,-0.062771,-0.057342,-0.000459,0.045290,0.157174,0.111545,0.096897,-0.115378,0.082815,0.092461,-0.004794,0.116820,-0.076899,0.033857,-0.025737,#
20,-0.093763,0.267906,0.015191,0.244836,0.107872,-0.026987,-0.068080,0.156230,0.182206,0.020896,-0.011431,-0.036840,0.088669,-0.012925,-0.149577,-0.085992,0.284403,-0.047710,0.059308,0.058997,1.000000,0.015889,0.019894,0.189300,0.144506,0.210964,-0.117397,0.000440,0.038344,-0.077407,0.123447,0.204438,0.199160,0.080534,0.027039,0.141787,-0.013656,0.028842,-0.005471,0.107360,0.096707,0.038111,0.001966,-0.128683,0.244921,-0.033775,0.104391,0.097648,-0.012301,0.036207,0.111818,0.140270,0.067408,-0.012059,0.150174,-0.100342,-0.287092,-0.043864,0.067553,-0.002268,0.094914,0.018466,0.143506,0.009450,-0.054014,0.216330,0.122504,0.022007,-0.008006,-0.030375,0.083219,0.042662,0.225603,0.088868,-0.196013,-0.093784,0.133223,-0.022886,0.143022,0.079853,0.137848,0.098736,0.094962,-0.084144,0.026193,0.153087,0.041848,0.198956,0.074010,0.141460,0.057301,0.001090,0.112607,-0.004138,0.037450,0.122531,0.085464,0.048678,0.099788,0.055829,0.198605,-0.002059,0.000911,0.200114,-0.017669,0.155845,0.205516,-0.062299,0.035200,0.159567,0.034104,0.128892,-0.095488,-0.059103,0.144806,0.041740,0.181739,0.043094,-0.042370,-0.109099,0.019552,0.049808,0.053718,0.133169,0.056684,0.081046,-0.019783,0.030012,0.015592,0.172682,0.081035,0.080659,0.250501,0.057181,-0.050622,0.198627,0.014134,0.083325,0.123699,0.072636,0.020081,0.065685,0.029267,-0.113024,-0.003532,-0.056474,0.101697,0.085121,-0.071905,-0.027608,0.025065,0.055119,-0.146325,0.132139,0.014343,0.038401,-0.011866,0.196948,0.037548,-0.033410,0.199738,0.057513,0.107924,0.019502,0.048741,0.082523,-0.013834,0.157113,-0.057908,-0.111875,0.105774,-0.055702,-0.045335,0.047820,0.014567,0.022311,0.021347,0.164533,0.051297,0.098475,0.102675,0.051771,0.005007,0.044286,-0.033168,0.134407,0.075652,-0.131978,0.139321,0.104685,0.088667,0.204430,0.275244,0.096991,0.233297,0.138115,0.109727,0.074711,-0.002560,0.077834,#
