0,1.000000,0.715136,0.729405,0.700135,0.669103,0.736998,0.718294,0.724303,0.717438,0.678485,0.775055,0.727220,0.671870,0.707632,0.661183,0.749292,0.791010,0.759483,0.734255,0.709651,0.739251,0.643350,0.720412,0.776014,0.648555,0.685877,0.670568,0.685079,0.680859,0.744931,0.688975,0.759917,0.706399,0.703210,0.726166,0.680382,0.663032,0.723769,0.738935,0.732450,0.753992,0.651533,0.767150,0.654568,0.736151,0.690693,0.703846,0.745202,0.726595,0.747036,0.706744,0.757050,0.732013,0.735259,0.745824,0.764031,0.705262,0.767873,0.697895,0.722072,0.754079,0.696174,0.764291,0.738885,0.747077,0.685076,0.776912,0.700149,0.716587,0.676533,0.699404,0.698825,0.770855,0.741083,0.697903,0.708291,0.758525,0.715110,0.754527,0.693717,0.742476,0.697688,0.731528,0.734681,0.740515,0.752270,0.774328,0.748879,0.664003,0.735680,0.672686,0.707929,0.736556,0.686257,0.729458,0.722751,0.716913,0.697346,0.734573,0.768160,0.714284,0.696406,0.756269,0.757184,0.660804,0.746351,0.694397,0.729651,0.735886,0.651688,0.717766,0.725851,0.732393,0.737106,0.742597,0.775685,0.705411,0.726030,0.693189,0.692265,0.619211,0.772865,0.762060,0.777324,0.781085,0.720643,0.689435,0.662650,0.650406,0.699905,0.712717,0.699232,0.706570,0.691107,0.737517,0.754530,0.723359,0.717910,0.689895,0.787196,0.722948,0.680327,0.641525,0.710412,0.713630,0.550161,0.709732,0.675153,0.736526,0.697797,0.702015,0.769612,0.753845,0.637458,0.732284,0.678829,0.752308,0.778858,0.776956,0.677712,0.759640,0.727878,0.736194,0.723446,0.716270,0.706881,0.726273,0.689048,0.737856,0.716708,0.707908,0.739344,0.722631,0.759577,0.739802,0.728267,0.748174,0.772076,0.702230,0.656325,0.680524,0.722010,0.709303,0.702606,0.700511,0.674856,0.661477,0.722915,0.703653,0.687734,0.643312,0.736352,0.717404,0.735716,0.707293,0.739921,0.688425,0.742312,0.730211,0.713622,#
1,0.715136,1.000000,0.680061,0.720322,0.676745,0.716619,0.624990,0.736324,0.794093,0.699957,0.717840,0.688339,0.661495,0.654214,0.661211,0.712205,0.711627,0.693612,0.720417,0.709164,0.693500,0.754695,0.722512,0.689917,0.697494,0.640922,0.688335,0.743397,0.664352,0.676021,0.731037,0.744803,0.680079,0.743083,0.646992,0.690619,0.674398,0.740924,0.744599,0.705930,0.701488,0.640839,0.716128,0.667571,0.677972,0.681209,0.716927,0.710223,0.751855,0.716350,0.675728,0.757318,0.714821,0.697488,0.745554,0.694014,0.683841,0.707347,0.655688,0.645477,0.701450,0.679822,0.670966,0.691704,0.727373,0.730230,0.736803,0.703305,0.711534,0.744697,0.678241,0.712211,0.787513,0.676933,0.711884,0.696284,0.673708,0.640147,0.736834,0.656113,0.728409,0.680448,0.712033,0.724437,0.761483,0.708245,0.721080,0.763740,0.714278,0.685404,0.665332,0.670233,0.705516,0.718724,0.731947,0.701543,0.672843,0.705380,0.719710,0.699139,0.731432,0.637189,0.670246,0.698004,0.643490,0.753739,0.685564,0.720717,0.722719,0.676484,0.699803,0.685568,0.667431,0.744837,0.657568,0.708632,0.683215,0.710745,0.664331,0.637645,0.678726,0.714715,0.672546,0.713804,0.727335,0.674362,0.668571,0.667141,0.683529,0.728087,0.631589,0.762544,0.670052,0.679607,0.756637,0.722085,0.710543,0.721243,0.684173,0.731209,0.773301,0.703505,0.717279,0.734791,0.688086,0.608521,0.688434,0.674309,0.726479,0.626756,0.732241,0.781730,0.721331,0.603748,0.763085,0.684321,0.727091,0.730585,0.662279,0.683803,0.707939,0.739917,0.712153,0.741843,0.698074,0.665697,0.715757,0.624954,0.664940,0.663057,0.721724,0.697445,0.705002,0.748733,0.704782,0.724583,0.730185,0.777685,0.633826,0.684023,0.691963,0.681681,0.699114,0.710837,0.700792,0.772854,0.689748,0.600283,0.749910,0.727932,0.710483,0.719937,0.695357,0.689182,0.711273,0.617087,0.655534,0.763554,0.655166,0.702525,#
2,0.729405,0.680061,1.000000,0.713451,0.679645,0.706046,0.668104,0.701908,0.728344,0.660605,0.678368,0.632586,0.628591,0.695345,0.643448,0.691372,0.675597,0.696823,0.682830,0.710592,0.688283,0.636628,0.685718,0.755630,0.636335,0.657061,0.731155,0.712759,0.703664,0.708161,0.721708,0.710270,0.706627,0.693363,0.671535,0.647054,0.667421,0.721035,0.755908,0.665579,0.651200,0.631989,0.723432,0.650046,0.646481,0.686506,0.731891,0.645372,0.651037,0.707449,0.684778,0.738348,0.718601,0.697329,0.755244,0.716645,0.728533,0.665753,0.671421,0.661609,0.781104,0.681441,0.702234,0.717861,0.717849,0.679092,0.656540,0.669675,0.656702,0.710378,0.692136,0.660536,0.722280,0.685250,0.727453,0.675751,0.667956,0.651254,0.708775,0.707909,0.730079,0.690288,0.744217,0.663740,0.753949,0.722811,0.685734,0.759067,0.628522,0.643373,0.691968,0.676841,0.751496,0.690851,0.726887,0.691909,0.668266,0.650685,0.760062,0.693722,0.702845,0.654867,0.694723,0.680362,0.598600,0.750893,0.735102,0.687952,0.682912,0.595899,0.709557,0.617692,0.720778,0.677198,0.668553,0.645846,0.650156,0.734419,0.676431,0.642746,0.623554,0.667008,0.646764,0.774839,0.707768,0.615318,0.690073,0.678169,0.665425,0.727670,0.682967,0.720339,0.729742,0.743081,0.735171,0.717293,0.744500,0.694798,0.727826,0.718110,0.654633,0.718982,0.601962,0.642005,0.669576,0.661190,0.642826,0.673753,0.659771,0.712567,0.695403,0.730296,0.698328,0.691711,0.683326,0.660543,0.689431,0.649407,0.704769,0.628067,0.627125,0.646315,0.677964,0.696114,0.618785,0.689781,0.674566,0.582946,0.686074,0.663018,0.700013,0.689218,0.731881,0.669412,0.705326,0.702908,0.669011,0.719171,0.633157,0.601091,0.645373,0.728077,0.601592,0.752797,0.638747,0.692858,0.667105,0.643141,0.704307,0.706234,0.663264,0.698629,0.780358,0.690119,0.651476,0.692729,0.615352,0.707309,0.674071,0.701053,#
3,0.700135,0.720322,0.713451,1.000000,0.743353,0.722792,0.673091,0.723061,0.799486,0.711676,0.715279,0.712883,0.639348,0.725540,0.660498,0.718545,0.715629,0.707581,0.778636,0.734843,0.711202,0.711926,0.717441,0.700669,0.715466,0.714270,0.741915,0.723795,0.696787,0.745977,0.752768,0.780958,0.712029,0.735620,0.673606,0.722062,0.671892,0.754822,0.701939,0.721680,0.712085,0.698849,0.740988,0.741365,0.691602,0.755945,0.731623,0.683805,0.731702,0.663960,0.722458,0.684525,0.758191,0.679681,0.680737,0.778837,0.728016,0.735297,0.745957,0.732066,0.710151,0.641911,0.690069,0.754925,0.804413,0.665173,0.676770,0.693522,0.617719,0.721706,0.679712,0.712114,0.760254,0.704446,0.692659,0.682520,0.713150,0.696353,0.715372,0.704108,0.746862,0.678129,0.747965,0.709782,0.756898,0.749854,0.750286,0.710892,0.692131,0.698554,0.752413,0.723212,0.739419,0.749706,0.727299,0.722966,0.660877,0.688247,0.732550,0.682699,0.685149,0.694792,0.695527,0.658566,0.754692,0.695612,0.688351,0.720069,0.701807,0.671904,0.722858,0.626728,0.687743,0.759261,0.691575,0.770331,0.633315,0.721327,0.716399,0.642078,0.672137,0.753165,0.703284,0.702373,0.703023,0.714586,0.702661,0.732592,0.678961,0.705034,0.696710,0.768775,0.699296,0.707745,0.740268,0.773150,0.759634,0.701112,0.689531,0.724746,0.646839,0.767172,0.739593,0.655577,0.706837,0.722862,0.677807,0.778678,0.733188,0.696220,0.704764,0.730774,0.672306,0.692467,0.734278,0.642463,0.741098,0.674403,0.750798,0.667441,0.701907,0.703244,0.678689,0.717386,0.676439,0.704032,0.761618,0.625439,0.732816,0.676847,0.729355,0.726548,0.749439,0.765514,0.708837,0.719065,0.732910,0.764365,0.688936,0.685281,0.660868,0.753375,0.674219,0.742726,0.694281,0.739918,0.707845,0.618821,0.734739,0.812218,0.731541,0.709582,0.711573,0.699952,0.719473,0.700758,0.652479,0.721238,0.690115,0.693676,#
4,0.669103,0.676745,0.679645,0.743353,1.000000,0.759914,0.698671,0.708770,0.718026,0.701556,0.616365,0.728992,0.685867,0.719589,0.649499,0.714661,0.770207,0.769622,0.736983,0.769621,0.765432,0.682394,0.666274,0.729362,0.667742,0.701799,0.712398,0.658380,0.672540,0.685195,0.753351,0.755053,0.761388,0.674536,0.660702,0.659961,0.703144,0.724432,0.704718,0.716037,0.720557,0.600805,0.690472,0.713893,0.679763,0.771767,0.706407,0.720225,0.729894,0.656527,0.686488,0.675121,0.758655,0.678604,0.734583,0.733533,0.666320,0.710602,0.731833,0.706419,0.711889,0.677149,0.699381,0.673083,0.738661,0.726624,0.675674,0.688492,0.658408,0.697135,0.701141,0.747148,0.722586,0.694772,0.714105,0.610137,0.662829,0.684911,0.725916,0.729341,0.689078,0.679883,0.715136,0.675956,0.732893,0.705343,0.693307,0.680491,0.676511,0.679159,0.694439,0.636829,0.705174,0.701119,0.704219,0.706923,0.684131,0.645907,0.663968,0.700289,0.748304,0.698257,0.722028,0.686653,0.667020,0.733781,0.695816,0.687507,0.728540,0.678584,0.669398,0.668115,0.678803,0.767216,0.672282,0.681784,0.710513,0.730905,0.650702,0.597663,0.629334,0.713893,0.746393,0.708160,0.695022,0.689708,0.663654,0.706903,0.748429,0.727674,0.717350,0.691748,0.693667,0.745780,0.794484,0.735152,0.738101,0.664374,0.702867,0.657816,0.635212,0.710288,0.741468,0.677431,0.675870,0.618991,0.709547,0.685833,0.680637,0.742522,0.708442,0.779595,0.670899,0.654598,0.770658,0.696358,0.748183,0.661142,0.690986,0.660575,0.670069,0.665779,0.765596,0.654402,0.662322,0.672030,0.636777,0.591720,0.700529,0.671806,0.693936,0.740649,0.757986,0.697782,0.729664,0.754598,0.763232,0.755376,0.671162,0.659059,0.690301,0.673813,0.680612,0.677214,0.729280,0.750345,0.669551,0.718836,0.699241,0.711187,0.605024,0.650589,0.678423,0.732916,0.643800,0.678101,0.662540,0.691402,0.738815,0.658179,#
5,0.736998,0.716619,0.706046,0.722792,0.759914,1.000000,0.642374,0.741314,0.755317,0.656744,0.735983,0.696903,0.633388,0.662586,0.674302,0.786928,0.756362,0.767902,0.681810,0.770796,0.723409,0.695472,0.723700,0.762561,0.695430,0.701489,0.799527,0.724598,0.692179,0.705716,0.776426,0.796046,0.759824,0.734839,0.674215,0.726074,0.682301,0.737419,0.723311,0.696709,0.771871,0.648527,0.676311,0.719753,0.738584,0.780698,0.768748,0.736080,0.758303,0.667248,0.713823,0.729964,0.724234,0.769269,0.663015,0.809879,0.719506,0.724815,0.797242,0.745587,0.727980,0.742577,0.746273,0.764498,0.757468,0.720837,0.700751,0.712906,0.699764,0.691215,0.715519,0.717123,0.778257,0.685693,0.703032,0.729955,0.752582,0.738357,0.719384,0.714112,0.792489,0.683848,0.727779,0.724521,0.709005,0.743748,0.760325,0.776334,0.724455,0.689815,0.661577,0.717038,0.774687,0.766935,0.743532,0.701395,0.715307,0.724991,0.781206,0.743313,0.748049,0.726088,0.756440,0.759439,0.706110,0.770305,0.726382,0.710323,0.707465,0.710362,0.691281,0.760385,0.705477,0.726159,0.671365,0.704971,0.732865,0.723473,0.653694,0.691684,0.654605,0.741092,0.715815,0.778170,0.692539,0.695151,0.740056,0.709480,0.673863,0.745899,0.752449,0.785420,0.764541,0.768180,0.753098,0.754569,0.785724,0.704495,0.720633,0.736451,0.719625,0.693120,0.734674,0.733316,0.755383,0.627640,0.661980,0.706716,0.761931,0.707101,0.727625,0.746791,0.677749,0.677931,0.744618,0.677943,0.789134,0.729327,0.735682,0.686593,0.725824,0.728786,0.723612,0.700760,0.728994,0.702189,0.633596,0.705271,0.735956,0.713883,0.758594,0.754418,0.714248,0.747169,0.761760,0.700300,0.718786,0.780443,0.707445,0.707761,0.755939,0.731013,0.724619,0.709415,0.763158,0.766914,0.732831,0.700022,0.675973,0.744797,0.640208,0.732684,0.703889,0.709500,0.617419,0.696322,0.675996,0.710145,0.716023,0.677315,#
6,0.718294,0.624990,0.668104,0.673091,0.698671,0.642374,1.000000,0.640710,0.680259,0.599682,0.658161,0.656623,0.671048,0.731575,0.580772,0.650361,0.729299,0.739179,0.691280,0.648093,0.754373,0.633316,0.592868,0.697441,0.654154,0.675437,0.680785,0.667850,0.630073,0.725970,0.693650,0.704663,0.678447,0.686029,0.682937,0.678537,0.652345,0.656206,0.663763,0.701815,0.687416,0.693600,0.703740,0.657633,0.739472,0.655223,0.710686,0.614560,0.755429,0.723082,0.696942,0.730347,0.726395,0.615702,0.719560,0.721975,0.698494,0.737715,0.723027,0.617380,0.713493,0.659867,0.640474,0.687499,0.774718,0.643887,0.747274,0.640430,0.676914,0.672249,0.660320,0.695119,0.709194,0.739072,0.642726,0.642239,0.672387,0.668401,0.711230,0.659174,0.692544,0.682091,0.686392,0.694918,0.658426,0.704211,0.679356,0.651056,0.682601,0.677185,0.645450,0.624470,0.621094,0.661818,0.665660,0.672278,0.695602,0.674893,0.666759,0.710907,0.696092,0.666177,0.711095,0.677645,0.659644,0.645500,0.712735,0.630095,0.676215,0.589945,0.600780,0.651252,0.612758,0.667880,0.669265,0.608872,0.713886,0.716305,0.646169,0.619895,0.661632,0.672491,0.668519,0.736141,0.749134,0.698328,0.650662,0.681156,0.582963,0.663995,0.694406,0.681561,0.656269,0.637246,0.705713,0.712978,0.726600,0.666731,0.748984,0.702929,0.705567,0.700793,0.644941,0.646083,0.625280,0.661899,0.668944,0.656618,0.672023,0.659759,0.702743,0.760482,0.629206,0.579837,0.675698,0.639965,0.685585,0.644749,0.712315,0.664187,0.701062,0.681429,0.652807,0.696044,0.694905,0.681828,0.727187,0.552184,0.682337,0.647550,0.727007,0.692993,0.660046,0.636553,0.686583,0.713499,0.701935,0.697942,0.665603,0.638513,0.692638,0.638413,0.719889,0.705645,0.658831,0.691114,0.612768,0.683299,0.610134,0.676575,0.589476,0.675826,0.657056,0.714497,0.694686,0.668572,0.658849,0.722897,0.686127,0.656737,#
7,0.724303,0.736324,0.701908,0.723061,0.708770,0.741314,0.640710,1.000000,0.810167,0.687563,0.712679,0.702684,0.710429,0.722034,0.708770,0.681879,0.745862,0.729082,0.750986,0.722091,0.739194,0.696501,0.796451,0.758004,0.722926,0.749284,0.737326,0.724520,0.702515,0.717610,0.692978,0.781984,0.708820,0.752726,0.678227,0.677632,0.712810,0.709051,0.732610,0.709508,0.731817,0.662029,0.723775,0.742701,0.714866,0.731493,0.762924,0.732796,0.699092,0.671574,0.763148,0.726121,0.736769,0.766720,0.718477,0.768856,0.695849,0.778398,0.689382,0.712453,0.690634,0.708286,0.740771,0.715619,0.772038,0.741704,0.722474,0.729755,0.741352,0.737990,0.731012,0.615165,0.806844,0.726648,0.757103,0.706407,0.738877,0.685175,0.757706,0.709147,0.756548,0.725176,0.734625,0.702014,0.722424,0.738621,0.789782,0.746658,0.689893,0.695017,0.708084,0.722247,0.727912,0.729554,0.773936,0.706310,0.730772,0.765343,0.732334,0.724813,0.718942,0.683514,0.740309,0.724033,0.712716,0.748021,0.725028,0.713390,0.715682,0.627297,0.781496,0.675008,0.733216,0.732130,0.725536,0.740740,0.718145,0.683210,0.657789,0.726750,0.693942,0.729405,0.693027,0.790810,0.787076,0.700791,0.710527,0.759935,0.639866,0.682024,0.701431,0.714623,0.742632,0.684730,0.785053,0.811598,0.761858,0.737591,0.715930,0.765231,0.713112,0.763348,0.747073,0.690850,0.720548,0.692624,0.728043,0.685484,0.752287,0.735098,0.709556,0.738300,0.748988,0.703140,0.747968,0.768099,0.722395,0.735677,0.725615,0.690331,0.746493,0.668815,0.779185,0.689617,0.726000,0.708398,0.736979,0.662632,0.721197,0.682951,0.794394,0.768284,0.713767,0.769098,0.721131,0.731306,0.743719,0.733600,0.694807,0.697037,0.726367,0.710522,0.682779,0.693540,0.711508,0.778501,0.711405,0.644547,0.718931,0.766267,0.701886,0.719908,0.680183,0.689715,0.696168,0.705718,0.670683,0.759888,0.740407,0.683650,#
8,0.717438,0.794093,0.728344,0.799486,0.718026,0.755317,0.680259,0.810167,1.000000,0.740512,0.698978,0.754256,0.724669,0.761196,0.718645,0.742400,0.730954,0.780497,0.740904,0.759250,0.724086,0.784359,0.757195,0.730845,0.650822,0.743567,0.740542,0.785578,0.725592,0.749617,0.749470,0.770712,0.729660,0.761928,0.654082,0.744629,0.713783,0.757923,0.739155,0.738000,0.721272,0.725255,0.785340,0.715258,0.738096,0.707075,0.734942,0.729319,0.763043,0.713338,0.754775,0.749839,0.725449,0.785948,0.739126,0.803413,0.695414,0.791178,0.706467,0.702489,0.761722,0.723406,0.755698,0.765155,0.775328,0.765199,0.737906,0.743310,0.758015,0.801141,0.706564,0.712063,0.823079,0.790005,0.723264,0.704346,0.756392,0.748301,0.755449,0.756411,0.737365,0.716830,0.761213,0.760885,0.736189,0.755867,0.728114,0.765174,0.674461,0.700337,0.721048,0.711869,0.761350,0.725146,0.802117,0.736762,0.711450,0.739902,0.774976,0.717418,0.751186,0.732164,0.760355,0.772508,0.709159,0.760380,0.761772,0.782525,0.718415,0.701758,0.756398,0.706772,0.764078,0.760590,0.761248,0.762218,0.720162,0.718716,0.711061,0.747830,0.703143,0.718275,0.745417,0.769730,0.753695,0.750242,0.723855,0.750417,0.718411,0.719904,0.708170,0.728792,0.756704,0.758794,0.827254,0.743156,0.760643,0.742435,0.700579,0.765693,0.725853,0.784925,0.775170,0.745873,0.743943,0.690086,0.749987,0.687502,0.755010,0.728318,0.732362,0.764931,0.729720,0.768176,0.762198,0.749117,0.744069,0.754383,0.759702,0.757789,0.749394,0.742395,0.774993,0.780096,0.750602,0.698247,0.736616,0.671233,0.765395,0.742401,0.780631,0.749828,0.767392,0.770856,0.789282,0.732242,0.731290,0.799381,0.708870,0.653194,0.735903,0.783895,0.678313,0.785887,0.762275,0.763345,0.742923,0.664446,0.738032,0.784437,0.720827,0.741802,0.770222,0.737826,0.708456,0.726523,0.727040,0.736596,0.746008,0.754159,#
9,0.678485,0.699957,0.660605,0.711676,0.701556,0.656744,0.599682,0.687563,0.740512,1.000000,0.649842,0.612280,0.644208,0.693562,0.695897,0.660022,0.691734,0.685178,0.714055,0.699848,0.756034,0.664450,0.718801,0.746730,0.633475,0.663379,0.676855,0.744545,0.638401,0.738795,0.676170,0.700028,0.693683,0.717505,0.690507,0.668719,0.646702,0.667431,0.711545,0.686941,0.714856,0.694398,0.695369,0.649158,0.708172,0.664719,0.656768,0.664590,0.632081,0.616473,0.622908,0.671505,0.626132,0.665431,0.689544,0.718816,0.674306,0.740302,0.680640,0.683180,0.703287,0.665076,0.703447,0.717000,0.729863,0.743384,0.711435,0.704982,0.693999,0.672764,0.681955,0.655447,0.704114,0.661816,0.705320,0.643024,0.635671,0.732787,0.726753,0.727631,0.648454,0.654365,0.634689,0.725780,0.728818,0.669942,0.666794,0.744692,0.654186,0.590345,0.650617,0.673323,0.710867,0.670686,0.728573,0.671184,0.635316,0.698861,0.706571,0.662859,0.731822,0.687066,0.684961,0.687378,0.690347,0.743298,0.681737,0.670418,0.724905,0.704513,0.705356,0.683153,0.750526,0.703463,0.629658,0.736629,0.580120,0.665400,0.611611,0.626306,0.647705,0.680256,0.705567,0.715355,0.692229,0.644221,0.693525,0.650094,0.695707,0.657079,0.648005,0.704296,0.688665,0.721910,0.719536,0.682179,0.675995,0.660125,0.641541,0.719671,0.661790,0.762341,0.700226,0.697787,0.645736,0.622362,0.698063,0.650300,0.671347,0.627543,0.636222,0.677704,0.660959,0.650744,0.715666,0.676383,0.683196,0.697216,0.693735,0.682738,0.685020,0.683942,0.680454,0.696362,0.690242,0.670893,0.618711,0.629914,0.730694,0.646687,0.720881,0.738577,0.687675,0.701752,0.715273,0.776011,0.662895,0.733453,0.656138,0.669135,0.681619,0.646477,0.694587,0.691612,0.670274,0.765990,0.601463,0.628281,0.753435,0.678535,0.650878,0.712913,0.655176,0.649221,0.641605,0.623130,0.632017,0.695906,0.669645,0.615519,#
10,0.775055,0.717840,0.678368,0.715279,0.616365,0.735983,0.658161,0.712679,0.698978,0.649842,1.000000,0.656440,0.610779,0.662305,0.597451,0.696906,0.717951,0.668457,0.715183,0.677630,0.692354,0.605060,0.721139,0.748037,0.626452,0.666689,0.694478,0.763924,0.673905,0.739649,0.692369,0.735812,0.688896,0.717881,0.697383,0.703739,0.645151,0.731514,0.704165,0.658939,0.733729,0.643852,0.666140,0.675144,0.709687,0.714685,0.732662,0.729519,0.733765,0.767792,0.632910,0.694689,0.738551,0.659893,0.716828,0.733430,0.716597,0.745370,0.662827,0.694862,0.727618,0.686798,0.777390,0.761835,0.748334,0.646651,0.707428,0.616428,0.690328,0.712300,0.668036,0.694467,0.780369,0.648135,0.650944,0.711257,0.716300,0.742904,0.733728,0.658026,0.778282,0.682823,0.668820,0.726387,0.701097,0.680997,0.736405,0.746144,0.664351,0.732185,0.651877,0.739087,0.745385,0.694698,0.725021,0.733935,0.644430,0.682245,0.768698,0.756853,0.712520,0.672421,0.714014,0.756817,0.752088,0.691126,0.690296,0.700842,0.706837,0.673863,0.692338,0.670213,0.681604,0.693044,0.650174,0.751978,0.653585,0.674689,0.676911,0.661394,0.655453,0.742415,0.616876,0.747566,0.633025,0.694872,0.743470,0.719314,0.639263,0.660395,0.641220,0.698390,0.679954,0.676061,0.741006,0.776195,0.714600,0.657273,0.692976,0.776622,0.776118,0.700523,0.638419,0.690913,0.640591,0.566198,0.660065,0.666176,0.723082,0.665962,0.682840,0.719653,0.732771,0.618789,0.696277,0.686895,0.753310,0.750431,0.708795,0.689884,0.771722,0.674113,0.670901,0.698055,0.670516,0.658019,0.724920,0.655162,0.751992,0.718357,0.745645,0.717939,0.643862,0.693480,0.707562,0.701160,0.732995,0.762483,0.646258,0.716975,0.681861,0.644842,0.719399,0.683084,0.656175,0.718209,0.635513,0.686710,0.673543,0.744548,0.688333,0.682486,0.692089,0.683257,0.685308,0.704935,0.655357,0.746440,0.717221,0.677576,#
11,0.727220,0.688339,0.632586,0.712883,0.728992,0.696903,0.656623,0.702684,0.754256,0.612280,0.656440,1.000000,0.722889,0.677658,0.639912,0.692059,0.707924,0.756785,0.756905,0.681465,0.689824,0.667789,0.704133,0.664876,0.648548,0.676554,0.638384,0.671710,0.691391,0.678771,0.682603,0.722512,0.718512,0.709677,0.623057,0.656383,0.718437,0.728229,0.665772,0.706459,0.690102,0.660546,0.696264,0.665290,0.680696,0.697091,0.776067,0.691763,0.698438,0.717121,0.696041,0.669109,0.718565,0.691561,0.712163,0.748352,0.638357,0.716186,0.664002,0.663995,0.667718,0.640128,0.737907,0.691718,0.735978,0.699824,0.705810,0.681580,0.705665,0.746881,0.724939,0.678830,0.723927,0.715809,0.720806,0.619042,0.749398,0.711268,0.709780,0.620778,0.710665,0.650463,0.682663,0.670627,0.724754,0.685860,0.668013,0.661922,0.635494,0.632506,0.681111,0.696049,0.697913,0.664319,0.707574,0.735108,0.688334,0.693511,0.687692,0.680606,0.656001,0.684502,0.713312,0.702618,0.730700,0.723139,0.661860,0.719593,0.716671,0.699605,0.738698,0.696972,0.719672,0.693922,0.606386,0.698771,0.664373,0.699836,0.661483,0.681844,0.580551,0.716025,0.696063,0.734141,0.723229,0.684690,0.690110,0.667327,0.679228,0.694536,0.711260,0.667302,0.700224,0.720959,0.738549,0.710049,0.753818,0.665541,0.679654,0.691199,0.717642,0.672448,0.689854,0.716324,0.716575,0.574933,0.712598,0.701384,0.691610,0.715939,0.674661,0.692723,0.703147,0.684971,0.736022,0.670563,0.749461,0.678240,0.708078,0.637668,0.662786,0.674237,0.735672,0.681225,0.744237,0.589152,0.698829,0.572779,0.707189,0.714112,0.702381,0.714420,0.718717,0.742272,0.680919,0.715125,0.696901,0.715437,0.634156,0.697360,0.682466,0.655010,0.702701,0.678941,0.726284,0.663945,0.667615,0.713905,0.689045,0.723939,0.675844,0.704828,0.720807,0.683986,0.648299,0.679017,0.659221,0.702334,0.696846,0.657288,#
12,0.671870,0.661495,0.628591,0.639348,0.685867,0.633388,0.671048,0.710429,0.724669,0.644208,0.610779,0.722889,1.000000,0.711497,0.690312,0.624097,0.696052,0.742337,0.706093,0.692440,0.706649,0.622177,0.725811,0.712395,0.634767,0.678402,0.648287,0.681511,0.708396,0.665028,0.648500,0.689778,0.700416,0.709586,0.651796,0.682459,0.686843,0.678094,0.704745,0.700044,0.605427,0.594984,0.671204,0.719295,0.676659,0.695384,0.736335,0.623233,0.665795,0.655887,0.753266,0.665464,0.657573,0.696211,0.729449,0.703946,0.630396,0.705252,0.649388,0.625893,0.646277,0.685943,0.667058,0.680319,0.741221,0.704446,0.656405,0.632760,0.725156,0.697597,0.673802,0.650621,0.724156,0.673171,0.746039,0.668553,0.712272,0.668523,0.689090,0.686369,0.689133,0.654187,0.699781,0.697087,0.653986,0.694349,0.657908,0.680186,0.683913,0.618012,0.683608,0.660639,0.694719,0.614502,0.658628,0.730434,0.749292,0.701194,0.658740,0.659395,0.617381,0.703974,0.717923,0.733893,0.623989,0.674925,0.626725,0.614816,0.713838,0.673239,0.685093,0.644121,0.674998,0.662971,0.738265,0.678799,0.637093,0.618899,0.672121,0.670030,0.629789,0.681243,0.662118,0.746673,0.724488,0.695915,0.649399,0.588773,0.616627,0.657693,0.650902,0.652601,0.641382,0.663044,0.665181,0.672845,0.666855,0.718009,0.687822,0.652935,0.729832,0.728026,0.677327,0.687329,0.655796,0.643031,0.690212,0.624038,0.710089,0.741637,0.667802,0.725529,0.681157,0.600934,0.680057,0.741580,0.747087,0.715958,0.710129,0.654635,0.697338,0.713396,0.712381,0.656004,0.739100,0.592311,0.660976,0.675953,0.590634,0.641274,0.692749,0.699148,0.687231,0.686129,0.679690,0.634367,0.730449,0.763112,0.633553,0.570575,0.661376,0.691346,0.703094,0.663504,0.597546,0.719540,0.613867,0.703846,0.656375,0.670535,0.603006,0.661683,0.640341,0.686353,0.615172,0.682550,0.645244,0.710745,0.717193,0.570508,#
13,0.707632,0.654214,0.695345,0.725540,0.719589,0.662586,0.731575,0.722034,0.761196,0.693562,0.662305,0.677658,0.711497,1.000000,0.637439,0.693895,0.704698,0.775787,0.744283,0.681962,0.742400,0.690761,0.764120,0.723606,0.662578,0.683240,0.665394,0.754711,0.722075,0.756459,0.645038,0.731964,0.753469,0.752487,0.606302,0.668542,0.694264,0.746666,0.737937,0.706185,0.786685,0.675226,0.734156,0.702797,0.770512,0.722968,0.707454,0.713638,0.758792,0.684995,0.721146,0.776869,0.695908,0.703696,0.748277,0.776860,0.704570,0.749227,0.711179,0.679690,0.752740,0.693960,0.704150,0.755100,0.770149,0.727402,0.705962,0.674395,0.744229,0.696314,0.641045,0.698302,0.699610,0.762439,0.739587,0.685439,0.705010,0.708605,0.754384,0.735878,0.729585,0.693263,0.758468,0.727168,0.696156,0.717254,0.673381,0.680042,0.729932,0.698321,0.683750,0.698019,0.733728,0.713958,0.744432,0.683444,0.698640,0.681511,0.702332,0.762369,0.715985,0.702167,0.712140,0.801761,0.703020,0.768958,0.693641,0.721654,0.722708,0.661027,0.729206,0.704148,0.710537,0.737228,0.732698,0.745687,0.644445,0.758701,0.709483,0.723647,0.685534,0.722697,0.649220,0.712718,0.717669,0.659586,0.709119,0.643871,0.647697,0.683360,0.688332,0.705187,0.692068,0.698427,0.775960,0.728385,0.719497,0.710912,0.778304,0.702076,0.686149,0.786321,0.764559,0.704116,0.646926,0.674515,0.758485,0.686709,0.730702,0.722668,0.696855,0.759094,0.663006,0.688145,0.710957,0.717039,0.725857,0.725190,0.767421,0.673160,0.750177,0.734254,0.709527,0.736790,0.723290,0.693229,0.707198,0.647915,0.743713,0.662513,0.727081,0.762142,0.766983,0.706048,0.770351,0.741485,0.744291,0.817387,0.697773,0.681361,0.695445,0.720918,0.742067,0.709040,0.715064,0.745268,0.674186,0.715126,0.656635,0.703854,0.686740,0.696494,0.729413,0.743567,0.728841,0.655586,0.706964,0.728458,0.718263,0.669492,#
14,0.661183,0.661211,0.643448,0.660498,0.649499,0.674302,0.580772,0.708770,0.718645,0.695897,0.597451,0.639912,0.690312,0.637439,1.000000,0.686667,0.673270,0.630987,0.647613,0.631418,0.691705,0.637937,0.641829,0.713402,0.617633,0.569535,0.635789,0.671047,0.679245,0.684655,0.677344,0.710587,0.664222,0.670554,0.631401,0.623471,0.629266,0.679865,0.701315,0.595286,0.603393,0.597156,0.695609,0.678455,0.665707,0.672052,0.645869,0.626089,0.581189,0.577053,0.636538,0.628563,0.609529,0.720683,0.652551,0.676430,0.645516,0.657030,0.662496,0.607414,0.686032,0.677266,0.673300,0.668811,0.656751,0.623810,0.609041,0.646767,0.663159,0.694019,0.638282,0.636692,0.694135,0.615620,0.706940,0.615078,0.704523,0.666273,0.652413,0.577161,0.677921,0.679879,0.681677,0.719588,0.658327,0.666955,0.646514,0.708164,0.658775,0.565118,0.599159,0.568363,0.689989,0.708223,0.701664,0.673728,0.753373,0.645886,0.692768,0.606120,0.663709,0.675949,0.701502,0.610821,0.627792,0.673606,0.611800,0.612125,0.647404,0.625403,0.681301,0.618983,0.696121,0.656642,0.632378,0.690209,0.607218,0.634607,0.603176,0.621033,0.633243,0.690620,0.633781,0.683102,0.714828,0.546516,0.631715,0.706039,0.584246,0.659735,0.600292,0.661145,0.630420,0.657156,0.683354,0.683375,0.644775,0.651550,0.667456,0.682062,0.646142,0.675048,0.593128,0.682035,0.627204,0.669865,0.718299,0.626742,0.678151,0.604865,0.664849,0.634917,0.598620,0.583666,0.703828,0.644229,0.661261,0.674098,0.633744,0.610969,0.643983,0.606282,0.681438,0.640819,0.617419,0.584144,0.623765,0.610243,0.599516,0.690113,0.661885,0.670082,0.675544,0.698319,0.665744,0.699789,0.680182,0.720450,0.591689,0.575754,0.666953,0.708798,0.677766,0.651558,0.621091,0.651373,0.647997,0.578031,0.629710,0.668967,0.522672,0.625706,0.696211,0.682065,0.617532,0.635024,0.621959,0.648507,0.629446,0.530686,#
15,0.749292,0.712205,0.691372,0.718545,0.714661,0.786928,0.650361,0.681879,0.742400,0.660022,0.696906,0.692059,0.624097,0.693895,0.686667,1.000000,0.723830,0.748121,0.720017,0.713513,0.707708,0.672273,0.679299,0.722192,0.679518,0.669799,0.677326,0.680636,0.671879,0.741234,0.721090,0.761877,0.695095,0.736936,0.624632,0.752970,0.736823,0.699690,0.761382,0.671782,0.681875,0.658167,0.713200,0.654888,0.746364,0.685591,0.739198,0.767568,0.740521,0.691646,0.657274,0.758133,0.699547,0.682302,0.704377,0.702519,0.689203,0.674995,0.679067,0.664698,0.747217,0.673970,0.685972,0.774524,0.708749,0.737649,0.685831,0.685363,0.665080,0.641099,0.684958,0.645371,0.689127,0.672964,0.704743,0.640059,0.719244,0.713402,0.728697,0.677429,0.740115,0.692083,0.678072,0.745015,0.766857,0.733710,0.679547,0.752484,0.656343,0.635164,0.668737,0.636267,0.708596,0.693561,0.674584,0.682804,0.656361,0.663112,0.693710,0.700021,0.751954,0.660942,0.760281,0.713990,0.648852,0.722933,0.717540,0.723563,0.679176,0.711395,0.634260,0.656033,0.718464,0.703143,0.642163,0.691208,0.680614,0.723131,0.673872,0.657490,0.639820,0.689775,0.683793,0.710465,0.670691,0.668553,0.740739,0.669838,0.702734,0.752371,0.632377,0.660882,0.665525,0.671056,0.723664,0.680882,0.691235,0.652460,0.715470,0.704294,0.677501,0.664854,0.672431,0.670649,0.693330,0.632232,0.678002,0.665464,0.708308,0.663642,0.706954,0.694244,0.749426,0.660203,0.704843,0.673820,0.769192,0.686146,0.688011,0.671599,0.694955,0.711263,0.755389,0.629326,0.712626,0.688950,0.718233,0.707562,0.736109,0.646984,0.663521,0.760941,0.669468,0.751516,0.704426,0.736027,0.717728,0.754997,0.690903,0.652438,0.669371,0.684385,0.691318,0.739840,0.682171,0.712754,0.615553,0.653299,0.641777,0.742012,0.602122,0.728485,0.714074,0.687631,0.663186,0.678061,0.689939,0.732816,0.728802,0.698286,#
16,0.791010,0.711627,0.675597,0.715629,0.770207,0.756362,0.729299,0.745862,0.730954,0.691734,0.717951,0.707924,0.696052,0.704698,0.673270,0.723830,1.000000,0.763992,0.718632,0.722563,0.795255,0.721956,0.649009,0.746233,0.698603,0.728430,0.742609,0.642705,0.683893,0.739584,0.741232,0.784178,0.785841,0.716945,0.674271,0.709943,0.726193,0.706434,0.736654,0.744877,0.726996,0.692143,0.732334,0.712244,0.702554,0.752212,0.705417,0.716990,0.731278,0.750347,0.678210,0.712757,0.749790,0.779472,0.763539,0.779971,0.629254,0.739213,0.743288,0.663001,0.704120,0.725133,0.699764,0.716306,0.747184,0.706486,0.717584,0.747905,0.765347,0.776475,0.691681,0.689247,0.776578,0.729131,0.737976,0.688016,0.717096,0.746607,0.756191,0.749486,0.769195,0.707621,0.728599,0.749742,0.753325,0.735382,0.768924,0.716187,0.706303,0.738684,0.684906,0.702303,0.749053,0.739522,0.748237,0.790822,0.720374,0.700601,0.761850,0.722724,0.706933,0.676177,0.760332,0.744206,0.683255,0.798317,0.749103,0.696304,0.768226,0.686306,0.751181,0.734800,0.759385,0.748181,0.748013,0.761412,0.753377,0.736867,0.692480,0.627967,0.653547,0.772253,0.731753,0.758433,0.750555,0.741652,0.729592,0.666759,0.681918,0.687541,0.756086,0.710051,0.740986,0.674630,0.784488,0.783669,0.725058,0.685834,0.723697,0.771969,0.728505,0.760790,0.713544,0.722846,0.707859,0.620698,0.716520,0.703521,0.733642,0.761329,0.695982,0.800911,0.695684,0.655133,0.792130,0.718480,0.766425,0.716799,0.735275,0.726646,0.693485,0.707917,0.775169,0.715684,0.706696,0.739148,0.726140,0.715961,0.747443,0.680648,0.749899,0.775591,0.714586,0.709377,0.731866,0.738871,0.691404,0.791868,0.696364,0.665669,0.702202,0.689970,0.735736,0.696736,0.738698,0.771586,0.714217,0.749542,0.705957,0.731336,0.716363,0.695675,0.757467,0.723869,0.663306,0.708050,0.687588,0.740111,0.746221,0.709130,#
17,0.759483,0.693612,0.696823,0.707581,0.769622,0.767902,0.739179,0.729082,0.780497,0.685178,0.668457,0.756785,0.742337,0.775787,0.630987,0.748121,0.763992,1.000000,0.702005,0.754423,0.763870,0.675860,0.734400,0.781513,0.761821,0.743136,0.738314,0.723489,0.685776,0.762156,0.736203,0.763577,0.678650,0.708596,0.676192,0.757235,0.704523,0.755090,0.764388,0.751512,0.752046,0.713905,0.764901,0.710460,0.730174,0.711756,0.735239,0.778331,0.776679,0.733578,0.744660,0.728233,0.724067,0.710517,0.745917,0.799059,0.699713,0.732165,0.725664,0.663820,0.748137,0.717513,0.698575,0.750006,0.745200,0.791317,0.762475,0.743444,0.727477,0.723080,0.713020,0.703505,0.737050,0.699580,0.725840,0.686899,0.755503,0.747545,0.752123,0.757267,0.758786,0.710930,0.753959,0.748072,0.719206,0.739248,0.767216,0.723471,0.692575,0.702638,0.713158,0.678471,0.756698,0.722687,0.715248,0.758359,0.736410,0.697875,0.675998,0.761273,0.757466,0.650120,0.757556,0.766384,0.663803,0.723781,0.743743,0.726583,0.707352,0.723876,0.713673,0.717837,0.683899,0.768198,0.744382,0.697260,0.683480,0.732736,0.674358,0.692825,0.685554,0.730714,0.702666,0.778219,0.755296,0.758601,0.747454,0.670874,0.673736,0.729011,0.779839,0.748865,0.751400,0.709645,0.725168,0.760099,0.752203,0.716103,0.787167,0.772443,0.753293,0.761132,0.812708,0.725232,0.730063,0.669286,0.744265,0.728075,0.762541,0.681583,0.749259,0.752073,0.717282,0.694785,0.776456,0.779005,0.810507,0.734790,0.752923,0.680079,0.739206,0.708736,0.800797,0.700876,0.762759,0.724998,0.646730,0.650393,0.742798,0.686740,0.776317,0.737711,0.737915,0.734549,0.767844,0.719050,0.744876,0.792336,0.700323,0.716791,0.738567,0.770160,0.756152,0.746981,0.766551,0.742170,0.708800,0.790803,0.671358,0.700665,0.665562,0.740866,0.743451,0.745451,0.719029,0.754871,0.685316,0.780625,0.736814,0.701596,#
18,0.734255,0.720417,0.682830,0.778636,0.736983,0.681810,0.691280,0.750986,0.740904,0.714055,0.715183,0.756905,0.706093,0.744283,0.647613,0.720017,0.718632,0.702005,1.000000,0.735534,0.724806,0.714769,0.730292,0.687129,0.692085,0.718885,0.700983,0.716806,0.681325,0.740124,0.662028,0.763130,0.730106,0.759260,0.697498,0.758849,0.689611,0.718039,0.720070,0.702742,0.742237,0.616128,0.694671,0.663827,0.771108,0.702492,0.769985,0.735086,0.705546,0.647086,0.677131,0.707365,0.761823,0.690479,0.736513,0.763226,0.679878,0.756605,0.711000,0.734397,0.741412,0.646923,0.709206,0.711141,0.776333,0.698221,0.698231,0.699612,0.673574,0.740737,0.730104,0.674898,0.756975,0.714429,0.746425,0.640656,0.765846,0.688767,0.770738,0.690208,0.704279,0.674920,0.714874,0.739025,0.755359,0.704004,0.710936,0.718563,0.703345,0.672187,0.717114,0.671237,0.744548,0.720848,0.759409,0.689099,0.709780,0.716623,0.721165,0.737336,0.742545,0.682410,0.731604,0.747080,0.714391,0.751935,0.666366,0.694569,0.726676,0.685368,0.739491,0.672395,0.775232,0.762424,0.645696,0.693974,0.677191,0.703321,0.662320,0.679952,0.658361,0.768167,0.701883,0.711297,0.711037,0.666132,0.715055,0.684891,0.744548,0.666930,0.693555,0.734701,0.705796,0.708563,0.742859,0.755709,0.762039,0.722964,0.713657,0.721544,0.695311,0.755930,0.708392,0.759636,0.683582,0.700456,0.713060,0.660800,0.724981,0.696860,0.667680,0.791848,0.728633,0.639592,0.716681,0.730481,0.729348,0.765274,0.732771,0.680338,0.735553,0.689013,0.755174,0.714847,0.733893,0.718780,0.771581,0.651202,0.684285,0.694142,0.714281,0.771700,0.745613,0.704590,0.686683,0.727095,0.719271,0.781223,0.675782,0.740550,0.701131,0.694546,0.697173,0.721593,0.695123,0.741215,0.695947,0.653857,0.678439,0.747123,0.686711,0.718457,0.678656,0.769559,0.729005,0.690448,0.644379,0.742061,0.743321,0.678947,#
19,0.709651,0.709164,0.710592,0.734843,0.769621,0.770796,0.648093,0.722091,0.759250,0.699848,0.677630,0.681465,0.692440,0.681962,0.631418,0.713513,0.722563,0.754423,0.735534,1.000000,0.708945,0.672899,0.690482,0.710429,0.648560,0.651130,0.729916,0.668250,0.708174,0.717450,0.729047,0.779597,0.691109,0.698501,0.581686,0.711502,0.676462,0.681218,0.734675,0.686097,0.724205,0.614161,0.695522,0.670136,0.684992,0.721777,0.757530,0.710535,0.737453,0.595264,0.618067,0.686741,0.693290,0.701701,0.694001,0.679689,0.715723,0.698055,0.713722,0.620428,0.723585,0.690240,0.728689,0.716867,0.741994,0.726690,0.649149,0.665721,0.681453,0.699827,0.686717,0.659378,0.736250,0.692644,0.717821,0.615483,0.682405,0.667948,0.719339,0.681346,0.700839,0.624832,0.740292,0.682818,0.683306,0.679703,0.707353,0.773679,0.700582,0.608725,0.708239,0.664182,0.735336,0.673207,0.714073,0.694945,0.689255,0.653055,0.683412,0.730771,0.728156,0.675375,0.710484,0.699764,0.650165,0.726732,0.710878,0.698685,0.696768,0.614686,0.664233,0.654262,0.710550,0.719474,0.694631,0.675228,0.696847,0.705956,0.634272,0.596439,0.621845,0.723978,0.678182,0.751927,0.750116,0.681576,0.741314,0.678614,0.717970,0.749190,0.674074,0.723877,0.704010,0.735090,0.755079,0.720503,0.721744,0.672020,0.684804,0.721023,0.671719,0.672136,0.677461,0.672682,0.693573,0.622362,0.659463,0.620444,0.716756,0.690522,0.691796,0.752215,0.661973,0.628423,0.725292,0.697677,0.754880,0.746867,0.712900,0.693734,0.694339,0.680292,0.706304,0.647430,0.709745,0.679473,0.637421,0.679926,0.710083,0.649457,0.722244,0.766205,0.733401,0.689985,0.730576,0.699693,0.725166,0.793339,0.648039,0.627323,0.617450,0.716072,0.695420,0.769631,0.721592,0.703013,0.645687,0.701376,0.717204,0.719760,0.652280,0.707900,0.696918,0.742652,0.642868,0.744310,0.600906,0.677881,0.691533,0.643387,#
20,0.739251,0.693500,0.688283,0.711202,0.765432,0.723409,0.754373,0.739194,0.724086,0.756034,0.692354,0.689824,0.706649,0.742400,0.691705,0.707708,0.795255,0.763870,0.724806,0.708945,1.000000,0.706105,0.673872,0.738553,0.675389,0.736491,0.731770,0.704354,0.681726,0.771743,0.718362,0.743259,0.725610,0.773335,0.705767,0.760656,0.717335,0.721547,0.762311,0.750442,0.727061,0.737563,0.702248,0.740171,0.763691,0.723825,0.737848,0.693552,0.706375,0.694955,0.689755,0.743387,0.722171,0.743298,0.735390,0.767731,0.712417,0.752605,0.730897,0.690005,0.761569,0.687680,0.774596,0.724829,0.798735,0.740627,0.753973,0.691240,0.734730,0.730461,0.729725,0.706587,0.707678,0.716988,0.752885,0.642839,0.701164,0.720804,0.748872,0.740997,0.710381,0.762442,0.730127,0.740700,0.697761,0.729890,0.760661,0.709534,0.691364,0.721792,0.715879,0.717537,0.733448,0.749915,0.789081,0.698839,0.671021,0.683939,0.719871,0.712483,0.752063,0.696303,0.789924,0.749014,0.741066,0.698680,0.751517,0.740130,0.713630,0.754330,0.727805,0.721540,0.695575,0.695905,0.723135,0.686953,0.713021,0.764189,0.643673,0.665573,0.723423,0.738460,0.691268,0.806009,0.735749,0.751721,0.724983,0.674487,0.708985,0.720676,0.749012,0.694343,0.745660,0.764611,0.776716,0.724560,0.705593,0.712408,0.755979,0.782991,0.710415,0.738457,0.704991,0.743044,0.708569,0.660642,0.719157,0.688829,0.729513,0.768252,0.756992,0.757975,0.749947,0.685896,0.780639,0.726623,0.747270,0.724272,0.751352,0.722432,0.700620,0.732903,0.745682,0.739278,0.769264,0.621007,0.673607,0.648684,0.746274,0.695550,0.761415,0.730854,0.783843,0.712857,0.715968,0.744911,0.707591,0.773154,0.709772,0.717754,0.719091,0.701214,0.728917,0.729859,0.686365,0.769114,0.672298,0.754900,0.670861,0.707469,0.608867,0.675919,0.716731,0.776105,0.682631,0.651932,0.687734,0.739887,0.748654,0.690636,#
21,0.643350,0.754695,0.636628,0.711926,0.682394,0.695472,0.633316,0.696501,0.784359,0.664450,0.605060,0.667789,0.622177,0.690761,0.637937,0.672273,0.721956,0.675860,0.714769,0.672899,0.706105,1.000000,0.670999,0.711314,0.639340,0.629354,0.713726,0.642431,0.636757,0.677652,0.688468,0.686205,0.713314,0.714104,0.665413,0.728958,0.692109,0.735177,0.707950,0.648345,0.670700,0.682830,0.665772,0.672838,0.718699,0.669113,0.673404,0.698192,0.703481,0.584941,0.637701,0.689253,0.656335,0.644001,0.695723,0.713489,0.673917,0.692313,0.721032,0.570326,0.714128,0.647441,0.656317,0.644749,0.757361,0.656230,0.669314,0.697472,0.670931,0.710999,0.654061,0.675566,0.713478,0.690753,0.735578,0.645637,0.650474,0.659579,0.708723,0.696126,0.647155,0.652626,0.700992,0.683575,0.748944,0.673646,0.666326,0.698801,0.688556,0.677932,0.603620,0.566948,0.705585,0.666272,0.711106,0.634470,0.666986,0.649133,0.653857,0.685817,0.692485,0.673851,0.703074,0.679596,0.600471,0.742334,0.646423,0.635841,0.688517,0.697995,0.697739,0.652906,0.677365,0.737276,0.608781,0.628603,0.696206,0.703773,0.592502,0.649276,0.663953,0.700012,0.668878,0.723330,0.702409,0.606045,0.691149,0.697080,0.681374,0.702779,0.704778,0.712482,0.702125,0.675726,0.741334,0.661552,0.632805,0.611242,0.695313,0.710333,0.678913,0.700104,0.696911,0.674173,0.644216,0.644933,0.678648,0.655666,0.661501,0.659506,0.692578,0.741640,0.654910,0.668757,0.706843,0.683132,0.688453,0.645100,0.660394,0.681386,0.686508,0.689202,0.745268,0.711390,0.736242,0.637161,0.695263,0.634283,0.600879,0.641139,0.721282,0.659857,0.698007,0.656912,0.668653,0.691813,0.609258,0.745495,0.638564,0.635186,0.669021,0.704866,0.632050,0.692017,0.675858,0.753346,0.682157,0.552182,0.622014,0.718493,0.651213,0.652425,0.673191,0.676430,0.686978,0.628187,0.677775,0.709675,0.657672,0.666963,#
