0,1.000000,0.048914,0.109725,0.182618,0.138875,0.188296,0.260582,0.073360,0.146375,0.077521,0.212951,0.138502,0.097302,0.060586,0.254820,0.246477,0.345822,0.334555,0.258918,0.319398,0.147374,0.055441,0.275351,0.392761,0.077914,0.044342,0.117728,-0.037160,0.116546,0.213384,0.029186,0.292884,0.116042,0.176931,0.318538,0.193387,0.091545,0.097629,0.252918,0.139066,0.176906,0.120763,0.346825,-0.005662,0.191477,0.099053,0.104793,0.212823,0.185841,0.294773,0.110436,0.245252,0.168962,0.182413,0.254351,0.148176,0.246998,0.191654,0.167952,0.107448,0.142615,0.345988,0.270772,0.093415,0.208364,0.073462,0.156403,0.163649,0.119641,0.164314,0.107614,0.131829,0.169519,0.280105,0.125859,0.055788,0.329342,0.232234,0.185338,0.012953,0.060465,0.098302,0.203966,0.193572,0.172626,0.241008,0.320706,0.207219,0.288190,0.233303,0.113223,0.073924,0.208901,0.066995,0.131877,0.270788,0.258922,0.059894,0.215323,0.252193,0.168250,0.156986,0.075929,0.261897,0.144710,0.243622,0.200550,0.186769,0.244881,-0.063382,0.055396,0.244285,0.061203,0.200048,0.280115,0.269208,0.167317,0.096450,0.169822,0.236250,0.105981,0.168656,0.282448,0.220776,0.290415,0.226617,0.177915,0.065837,0.073621,0.297404,0.164644,0.090485,0.121623,0.045352,0.158075,0.327324,0.141160,0.133964,-0.024724,0.177965,0.192112,0.101108,0.085199,0.207149,0.094779,-0.030371,0.181481,0.035222,0.178659,0.064064,0.094757,0.236074,0.103826,0.097853,0.185373,0.205007,0.284819,0.255664,0.268366,0.131165,0.306880,0.219883,0.218763,0.115287,0.065474,0.300700,0.075895,0.230244,0.244282,0.142586,0.032912,0.091912,0.250132,0.096724,0.027951,0.227530,0.304190,0.198932,0.201942,0.036043,0.162274,0.239252,0.194409,0.085706,0.042686,-0.018785,0.098485,0.346609,0.219715,-0.041289,0.010957,0.235317,0.121864,0.219849,0.263566,0.279175,0.128065,0.192995,0.057373,0.195986,#
1,0.048914,1.000000,0.016897,0.002871,-0.036259,0.015313,0.182297,0.148511,0.212298,0.113309,0.176960,0.184271,0.113330,-0.070881,-0.004979,0.035173,0.017611,0.012208,-0.014285,0.019760,-0.058555,0.145567,0.086187,-0.046070,0.131734,-0.098316,-0.076849,0.096590,-0.135113,-0.020963,0.137563,-0.031965,-0.035207,0.161999,-0.135776,0.008913,0.039049,0.058920,0.155315,0.124936,0.007474,-0.074905,0.134728,0.004557,0.006768,-0.065188,0.195549,-0.045048,0.128017,0.048280,0.039375,0.025334,0.092810,0.080790,0.121509,0.042794,-0.006135,-0.127144,-0.090446,0.001611,0.055765,0.093191,0.074525,-0.102537,-0.057357,0.241290,0.180046,0.156425,0.094699,0.145795,0.185099,0.170695,0.193017,-0.008286,0.131936,0.039244,0.130188,0.005650,0.215163,-0.106630,-0.018587,0.058487,-0.109194,0.151656,0.208423,0.001473,0.123681,0.230252,0.078138,0.031690,0.020724,0.052387,-0.132303,0.074017,0.033551,0.137381,-0.029530,0.017801,0.013632,0.057910,0.141882,0.023507,-0.045068,-0.009801,-0.086369,0.139564,0.122693,0.151086,0.206989,0.073030,-0.062776,0.036996,-0.125842,0.006271,0.111151,0.250628,0.094191,-0.098372,0.068763,-0.063894,-0.153020,0.086050,0.060318,0.024916,0.098405,0.026051,0.034747,0.017800,0.184217,0.122627,-0.101297,0.146495,-0.071802,0.041638,0.089726,0.050363,0.126682,0.110987,0.070737,0.049126,0.199409,0.033239,0.012834,0.168193,0.158984,-0.076360,-0.047215,-0.022949,0.118091,-0.121178,0.248095,0.086240,-0.039818,-0.128659,0.181263,0.146154,-0.021672,0.156989,-0.150155,-0.076329,-0.003381,0.131655,0.107653,0.225253,0.077406,0.046977,0.054952,-0.079396,-0.007248,0.132587,0.038889,0.037527,0.038844,-0.039878,0.046257,0.149485,0.128183,0.023547,0.008926,-0.013149,0.117554,-0.053812,0.133936,0.020175,0.039826,0.024996,0.038243,-0.068402,0.249683,0.167487,0.104792,0.205380,-0.059372,-0.011121,0.054778,-0.094844,0.009404,0.276813,-0.048505,0.221640,#
2,0.109725,0.016897,1.000000,0.122278,0.222875,0.129073,0.253347,0.139862,0.146235,0.186331,0.230711,0.125546,0.038719,0.260013,0.133786,0.146523,-0.096526,0.137139,0.063989,0.199254,0.226248,0.158731,0.074348,0.183729,0.096449,0.089198,0.218055,0.117360,0.045775,0.135495,0.108111,0.096112,0.137045,0.064937,0.175287,0.073804,0.133020,0.082506,0.194274,0.039384,0.062468,0.110247,0.213024,0.089369,0.130316,0.149069,0.219625,0.030506,-0.077036,0.116894,0.134950,0.183806,0.219225,0.098484,0.146275,0.150080,0.231171,-0.073838,0.222971,0.207230,0.408183,0.165566,0.043747,0.078943,0.184341,0.148824,0.046029,0.180886,0.161777,0.079339,0.275757,0.213266,-0.012951,0.232715,0.251734,0.092894,0.077881,0.048623,0.116599,0.102392,0.163723,0.119525,0.205947,-0.019029,0.294975,0.168022,0.167885,0.267066,0.057187,0.106582,0.141465,0.150150,0.190228,0.228677,0.066873,0.234060,0.124773,0.039421,0.183778,0.084726,0.207818,0.187504,0.020832,0.182325,-0.005642,0.188459,0.272615,0.258285,0.108508,0.034380,0.150733,0.162202,0.202054,0.101673,0.125501,0.176110,0.129060,0.148188,-0.051610,0.128174,0.037083,-0.049483,0.018976,0.227338,0.136233,-0.044301,0.202854,0.093103,0.178410,0.220205,0.053638,0.143392,0.134488,0.249580,0.240977,0.040391,0.174593,0.202865,0.248846,0.117005,0.083155,0.221362,-0.105004,-0.011040,0.189469,0.093996,-0.050823,0.013263,0.083709,0.072643,0.182037,0.134159,0.235873,0.195215,0.101134,0.104610,0.096933,-0.044113,0.244739,0.053853,-0.047702,0.112805,0.176584,0.182527,0.055948,0.213079,0.068007,-0.069740,0.119528,0.165337,0.106951,0.218245,0.288774,0.122622,0.127661,0.138736,0.108643,0.108387,0.052886,0.003119,0.024080,0.309805,0.029725,0.255740,0.056543,0.099691,0.102227,0.078576,0.136274,0.083751,0.110662,0.151588,0.296469,0.232625,0.132546,0.110586,0.009344,0.101254,0.126347,0.294485,#
3,0.182618,0.002871,0.122278,1.000000,0.175985,0.098452,0.206663,0.159615,0.324803,0.222692,0.234720,0.172175,0.075406,0.076618,0.187180,0.096104,0.066327,0.222086,0.335725,0.177663,0.166539,0.210324,0.262800,0.254717,0.122014,0.130823,0.248268,0.156715,0.077766,0.289150,0.172124,0.094622,0.235799,0.301537,0.109373,0.226542,0.041352,0.262206,0.241161,0.225193,0.042437,0.287548,0.287681,0.259444,0.193008,0.161104,0.052312,0.102676,-0.003019,0.101471,0.218198,0.058912,0.279134,0.007055,0.108941,0.243515,0.257804,0.088902,0.233809,0.167642,0.145406,0.171850,0.176629,0.045886,0.338862,-0.009439,0.019293,0.044096,-0.125128,0.256653,0.137769,0.254647,0.246954,0.021125,0.084285,0.088433,0.150368,0.134478,0.090744,0.079073,0.153450,0.146883,0.266484,-0.009084,0.207959,0.124547,0.238925,0.198828,0.182804,0.213725,0.357884,0.222783,0.033858,0.195508,0.178295,0.246439,-0.014359,0.081817,0.194627,0.033838,0.105277,0.116025,0.038696,-0.006839,0.344725,0.012657,0.259755,0.194401,0.150241,0.106541,0.123161,-0.006125,0.083752,0.136525,0.092603,0.184041,0.049122,0.106158,0.079068,0.093868,0.028146,0.195093,0.134673,0.056954,0.086558,0.156321,0.210627,0.319308,0.117836,0.121026,0.243113,0.216167,0.071370,0.229728,0.086319,0.291061,0.082663,0.078643,0.047370,0.188201,0.030555,0.258843,0.214278,-0.035802,0.090700,0.307498,0.158719,0.268073,0.083561,0.201189,0.166720,-0.001714,0.113709,0.219089,0.212580,0.043307,0.095028,0.094927,0.310977,0.091451,0.075634,0.145249,0.040935,0.097676,0.081230,0.231313,0.237748,0.123137,0.167622,0.183013,0.120846,0.024072,0.150366,0.126279,0.009517,0.210403,0.256368,0.146322,0.039822,0.168501,-0.009870,0.269794,0.100392,0.067802,0.058794,-0.023475,0.164932,0.133092,0.151487,0.225880,0.250555,0.124234,0.157123,0.171128,0.229718,0.225278,0.166670,0.155853,-0.017035,0.168317,#
4,0.138875,-0.036259,0.222875,0.175985,1.000000,0.220931,0.094955,0.199818,0.135844,0.240215,0.082195,0.226225,0.129552,0.138867,0.193135,0.111882,0.103821,0.173688,0.163636,0.393159,0.378670,0.160213,0.224711,0.279068,0.006134,0.109885,0.183989,-0.049387,0.280953,0.117648,0.188548,0.211919,0.233712,0.282115,0.060849,0.227105,0.286112,0.126811,0.321371,0.176445,0.121113,0.211507,0.183084,0.173082,0.191205,0.273954,0.308226,0.189252,0.041948,0.108283,0.116522,0.113958,0.241367,0.116089,0.255593,0.243012,0.188000,0.062860,0.237324,0.261088,0.113334,0.277624,0.192133,0.033864,0.195628,0.110523,-0.030805,0.231202,0.053180,0.168770,0.211711,0.281583,0.303034,0.173689,0.231104,0.039084,0.168138,0.226658,0.177092,0.156325,0.144477,0.223120,0.159438,0.077310,0.250264,0.114537,0.196570,0.147577,0.134670,0.104200,0.297366,0.135844,0.143531,0.149857,0.245356,0.264051,0.125016,0.168195,0.023225,0.168763,0.175581,0.173084,0.150148,0.179416,0.070216,0.215838,0.101209,0.144032,0.305732,0.296720,0.127855,0.206570,0.222490,0.248722,0.155303,0.101187,0.277034,0.202198,0.009258,0.124243,-0.073549,0.160525,0.146023,0.091476,0.234610,0.040574,0.183773,0.208584,0.354594,0.243678,0.313885,0.099543,0.207130,0.309567,0.238489,0.204314,0.012940,0.109895,0.240192,0.001269,0.075055,0.133486,0.220573,0.077623,0.222772,0.220827,0.203386,0.171054,0.109425,0.215412,0.164365,0.274204,0.256409,0.332355,0.391457,0.113843,0.223103,0.124954,0.083479,0.127625,0.204502,0.140894,0.206844,0.018389,-0.089337,0.157843,0.011440,0.068164,0.150725,0.211777,0.071754,0.152620,0.413202,0.126748,0.162199,0.229123,0.288553,0.224789,0.099601,0.197199,0.034426,0.127616,0.165651,0.038787,0.239592,0.182549,-0.034494,0.207397,0.212202,0.355775,0.010164,0.152992,0.084683,0.173922,0.184065,0.265635,0.226517,0.053544,0.250923,0.330598,#
5,0.188296,0.015313,0.129073,0.098452,0.220931,1.000000,0.042533,0.161736,0.144599,0.137427,0.195784,0.079237,0.062969,-0.112536,0.122724,0.192301,0.064900,0.194236,-0.096593,0.331081,0.118505,0.025953,0.199908,0.121185,0.165498,0.038564,0.275455,0.118361,0.189707,0.080085,0.285419,0.178290,0.225657,0.206091,-0.024783,0.226712,0.129962,-0.012880,0.212149,0.089926,0.250706,0.121418,0.137788,0.197187,0.214264,0.222096,0.281700,0.131233,0.175148,-0.041361,0.149238,0.093662,0.145540,0.073323,-0.020768,0.315445,0.279221,0.010346,0.355006,0.195901,0.066716,0.268303,0.214232,0.182351,0.239088,0.122702,-0.141514,0.216808,0.207418,-0.115980,0.172757,0.175921,0.268094,0.106716,0.040387,0.172396,0.199769,0.283555,0.181221,0.135889,0.291257,0.115159,0.184886,0.127040,-0.001415,0.123669,0.286374,0.265143,0.208521,-0.047797,0.049337,0.184620,0.341874,0.320905,0.056303,0.184423,0.021958,0.259531,0.258796,0.165587,0.124568,0.204567,0.046745,0.154312,0.107948,0.266580,0.190386,0.168633,0.083465,0.178992,0.039342,0.294863,0.031586,0.047784,0.124584,0.119188,0.187828,0.087716,0.010060,0.199261,-0.069981,0.126307,0.151636,0.202811,-0.025771,0.025408,0.260345,0.065610,0.075621,0.152230,0.327460,0.208524,0.244514,0.310738,0.164595,0.172949,0.180332,0.159009,0.158827,-0.029177,0.062648,0.023135,0.137694,0.174365,0.248724,0.060039,0.057126,0.104066,0.222138,0.051589,0.205710,0.018225,0.206512,0.101020,0.068561,0.125630,0.250667,0.167603,0.112537,0.135655,0.207297,0.164133,0.181844,0.168278,0.169821,0.151940,-0.090149,0.256430,0.227394,0.199248,0.319645,0.186576,0.215991,0.135209,0.033491,0.095643,0.191721,0.081465,0.226163,0.208404,0.248245,0.177349,0.295746,0.055345,0.163595,0.079157,0.130260,0.157319,0.094894,0.123550,0.044080,0.189932,0.107196,0.098574,0.072694,0.130831,0.079343,0.135745,0.192371,0.306385,#
6,0.260582,0.182297,0.253347,0.206663,0.094955,0.042533,1.000000,0.075480,0.259036,0.035090,0.175725,0.143891,0.249124,0.220497,0.040675,0.087058,0.101001,0.180295,0.129381,0.069554,0.285625,0.211560,0.002272,0.170259,0.062739,0.062853,0.058296,0.100999,0.085675,0.229851,0.093484,0.088050,0.008331,0.160782,0.233390,0.185643,-0.024017,0.067323,0.101521,0.163721,-0.014794,0.136065,0.258096,0.144571,0.321171,0.063644,0.186716,-0.128119,0.266308,0.120906,0.114861,0.159056,0.252563,0.086580,0.129812,0.112151,0.208854,0.137125,0.225428,0.165895,0.222824,0.070184,0.151956,0.002251,0.325049,0.156083,0.167846,0.108701,0.006981,0.138366,0.185565,0.165322,0.110420,0.342213,0.143315,0.160229,0.196067,-0.002506,0.182379,0.047248,0.138817,0.120818,0.174800,0.002674,0.001517,0.197853,0.233324,0.135585,0.148565,0.137539,0.075616,0.101218,0.045301,0.061321,0.117459,0.088323,0.237892,0.122233,0.153855,0.244161,0.083728,0.199089,0.257348,0.087461,-0.068852,-0.014292,0.169419,0.018347,0.088130,0.057609,0.068567,0.094188,-0.088402,0.002368,0.223028,0.082664,0.359094,0.079328,0.128392,0.104603,0.184631,0.158065,0.074484,0.186110,0.190069,0.254805,0.080988,0.120102,-0.007831,0.199452,0.052450,0.145877,0.155926,0.072496,0.087725,0.249235,0.110394,0.067203,0.222419,0.187885,0.207400,0.181702,0.011120,-0.002933,0.054777,0.175578,0.028961,0.061558,0.122882,-0.008465,0.280587,0.102481,0.134861,0.012779,0.152833,0.055699,0.092582,0.243721,0.220392,-0.005925,0.059506,0.207960,0.114420,0.175090,0.114867,0.237288,0.164988,0.067983,0.089819,0.073505,0.180034,0.084193,0.067332,0.014592,0.172419,0.103896,0.145323,0.163232,0.166023,-0.006728,0.130229,0.089353,0.204578,0.125145,0.077082,0.072197,-0.036472,0.202089,0.005285,0.156749,0.062981,0.147192,0.017818,0.277979,0.131072,0.096386,0.114137,0.167275,0.136484,0.217511,#
7,0.073360,0.148511,0.139862,0.159615,0.199818,0.161736,0.075480,1.000000,0.359274,0.124558,0.199381,0.206639,0.127493,0.112641,0.300819,0.005303,0.227682,0.138154,0.122672,0.149542,0.069020,0.105194,0.267334,0.252028,0.256689,0.177851,0.108622,0.190706,0.155375,0.120722,0.031812,0.138898,0.105360,0.169373,-0.047885,0.080560,0.191263,0.061703,0.322799,0.079154,0.035868,-0.015056,0.203092,0.282072,0.242252,0.232679,0.257480,0.171833,-0.002249,0.127564,0.274951,0.004541,0.166924,0.276613,0.073379,0.045101,-0.010674,0.149025,0.131953,0.166626,0.053005,0.241942,0.129405,-0.051516,0.142681,0.179995,-0.026082,0.203005,0.164469,0.421066,0.155883,-0.061287,0.400538,0.096120,0.238971,0.038684,0.103771,0.152246,0.288157,0.139520,0.190690,0.199691,0.087995,0.078025,0.130376,0.136231,0.275740,0.191609,0.145620,0.164473,0.116493,0.136341,0.170740,0.214928,0.189609,0.022984,0.129973,0.242247,0.147565,0.207290,0.208781,0.127823,0.067463,0.184313,0.084585,0.199392,0.087903,0.133348,0.097285,0.089868,0.212177,0.041947,0.166533,0.210425,0.343951,0.115490,0.189112,-0.054238,0.035843,0.282580,0.056358,0.185568,0.095399,0.338222,0.240042,0.127151,0.275707,0.252873,0.125654,0.065351,0.162724,-0.000470,0.230485,0.124520,0.164350,0.264335,0.047849,0.065421,0.131545,0.136376,0.159525,0.102441,0.175447,-0.008018,0.154028,0.178139,0.159323,0.019476,0.284511,0.166509,0.147209,0.129148,0.218697,0.145066,0.105364,0.229830,0.120423,0.243885,0.189030,0.129709,0.153621,0.023891,0.322088,0.064730,0.027660,0.249144,0.142064,0.008305,-0.012306,0.114993,0.242549,0.258596,0.271269,0.117016,0.134721,0.106405,0.155911,0.129733,0.082003,0.183804,0.271883,0.164337,0.126682,0.035396,0.115472,0.197531,-0.005309,0.046108,0.141739,0.235239,0.188674,0.117537,0.073784,0.102004,0.153426,0.115726,0.125317,0.249203,0.059915,0.246618,#
8,0.146375,0.212298,0.146235,0.324803,0.135844,0.144599,0.259036,0.359274,1.000000,0.301522,0.141370,0.221904,0.102720,0.066390,0.272934,0.246528,0.023720,0.161991,0.054628,0.123405,-0.009314,0.252527,0.296058,0.207634,-0.025961,0.181679,0.109433,0.271146,-0.001801,0.249150,0.047014,0.155861,0.029306,0.182977,0.035210,0.129772,0.135090,0.102092,0.129280,0.157138,0.028858,0.265893,0.288858,0.174161,0.169715,0.101526,0.072551,-0.023818,0.103043,0.177788,0.262357,0.157814,0.116583,0.182804,0.084154,0.299306,0.148040,0.217770,0.133760,0.313036,0.245096,0.161211,0.355192,-0.078735,0.155633,0.306733,0.073403,0.208350,0.253866,0.263094,0.201475,0.132074,0.263941,0.273828,0.152268,0.179454,0.114941,0.135553,0.152444,0.185925,0.155707,0.146039,0.048822,0.074992,0.145500,0.187667,0.198124,0.099411,-0.039178,0.176645,0.141100,0.168461,0.111808,0.206598,0.245528,0.193691,0.128739,0.120703,0.166370,0.097750,0.196083,0.151478,0.038483,0.228836,0.192392,0.152455,0.246278,0.152340,0.102614,0.131334,0.139577,0.092547,0.070930,0.092860,0.306501,0.294833,0.153656,-0.032185,0.074574,0.287578,0.073852,0.074193,0.174871,0.142962,0.105769,0.209956,0.215922,0.209766,0.070506,0.301677,0.082746,-0.016982,0.306002,0.301524,0.320460,0.272327,0.018541,0.097095,-0.000572,0.112791,0.026924,0.197712,0.233042,0.066874,0.081327,0.170591,0.264639,0.053083,0.246886,0.116918,0.205982,0.011769,0.154018,0.279528,0.316321,0.280673,0.102065,0.295796,0.162164,0.146952,0.059694,0.111213,0.237402,0.226355,0.181434,0.201538,0.119975,-0.086379,0.186259,0.292444,0.192121,0.202270,0.188733,0.081173,0.248228,0.106974,0.063781,0.089129,0.167378,0.129239,0.232405,0.155976,-0.016834,0.229595,0.190763,0.129048,0.069945,0.123267,0.220370,0.123877,0.132080,0.070622,0.228388,0.123686,0.166012,0.146362,0.119350,0.132234,0.127651,0.222012,#
9,0.077521,0.113309,0.186331,0.222692,0.240215,0.137427,0.035090,0.124558,0.301522,1.000000,0.213711,0.087221,0.136179,0.001181,0.248151,0.196501,0.047124,0.113028,0.213766,0.275103,0.251310,0.180999,0.202509,0.291433,0.055955,0.022283,0.184681,0.205444,0.028498,0.167120,0.128267,0.017556,0.052081,0.272698,0.197828,0.190371,0.093879,0.139950,0.252732,0.030143,0.189130,0.081660,0.197312,0.059347,0.163523,0.099716,0.178599,0.060241,-0.082768,0.099902,0.055640,0.076996,0.145782,0.099938,-0.033932,0.231644,0.080649,0.140101,0.231617,0.196279,0.164577,0.139866,0.293529,0.133656,0.159588,0.289248,0.056779,0.180172,0.143973,0.063854,0.361886,0.172680,0.139217,0.122581,0.111944,0.101623,-0.078339,0.165947,0.195513,0.259014,0.107078,0.165944,0.041676,0.028294,0.279116,0.048886,0.113776,0.270624,-0.008157,-0.150711,0.139183,0.321539,0.196759,0.089299,0.230342,0.137878,0.160473,0.328360,0.278214,-0.124765,-0.024319,0.154124,0.304419,0.095672,0.254654,0.196451,0.170936,-0.094941,0.223403,0.169254,0.233248,0.230919,0.316943,0.220060,0.032597,0.215968,0.082490,-0.029125,0.087121,0.073234,0.086487,0.145499,0.204718,0.145036,0.124214,0.109412,0.094369,0.117256,0.272450,0.238599,0.131266,0.078720,0.218821,0.389688,0.213617,0.101735,-0.009222,0.118878,0.048868,0.128822,-0.089300,0.234016,0.227749,0.158739,0.057776,0.118362,0.166011,0.154841,0.030509,0.166764,0.039589,-0.099343,0.228047,0.207966,0.294539,0.196405,0.141920,0.235630,0.174541,0.143464,0.105868,0.097887,0.151698,0.265467,0.175521,0.096161,0.061652,0.015174,0.254075,0.140061,0.272833,0.246230,0.120566,0.170785,0.147248,0.220910,0.084818,0.164401,0.292608,0.114405,0.022773,0.104064,0.117495,0.076553,0.043522,0.264874,-0.072443,0.015131,0.438627,0.143525,0.109994,0.151460,0.169528,0.083017,0.072316,0.102199,-0.008388,0.175131,0.013787,0.130011,#
10,0.212951,0.176960,0.230711,0.234720,0.082195,0.195784,0.175725,0.199381,0.141370,0.213711,1.000000,0.135949,-0.082349,0.040540,0.092374,0.201681,0.139035,0.122033,0.120043,0.215611,0.122416,-0.007387,0.074653,0.210756,0.027750,0.008089,0.053131,0.300645,-0.108093,0.227620,0.097055,0.080480,0.114178,0.175042,0.216556,0.154463,0.089707,0.130269,0.166698,-0.002340,0.249026,0.087224,0.079675,0.028256,0.247373,0.205399,0.260712,0.149249,0.209884,0.376291,0.057013,0.090621,0.234816,0.093567,0.008763,0.161295,0.114695,-0.009376,0.141212,0.165506,0.116312,0.280761,0.242249,0.277522,0.278245,0.070664,0.159355,0.038429,0.029222,0.097234,0.067321,0.269555,0.163094,0.139400,0.079053,0.184396,0.053876,0.238064,0.103271,0.005205,0.333714,0.144434,0.149674,0.080591,0.198046,0.083312,0.205866,0.322311,0.065591,0.201812,0.193337,0.347192,0.116647,0.273326,0.152911,0.331510,0.007501,0.112640,0.338387,0.180217,0.095542,0.145078,0.148824,0.157637,0.343170,-0.075795,0.119638,0.188984,0.108327,0.076860,-0.031012,0.162326,0.102849,0.162056,0.207141,0.348097,0.148693,-0.041252,0.128763,0.152549,0.104136,0.269939,-0.012535,0.083789,-0.019339,0.130188,0.315664,0.249802,0.151011,0.044470,-0.023504,0.060782,0.065359,0.103490,0.228789,0.096934,0.055162,0.209075,0.011502,0.084855,0.256306,-0.054887,0.052939,0.069226,0.068500,0.004991,-0.058472,-0.010506,0.187670,0.060907,0.247839,0.082838,0.268321,0.175283,0.082314,0.104036,0.309962,0.102978,0.254905,0.082754,0.207443,0.099294,0.241322,0.223122,0.101939,0.214650,0.277913,0.120343,0.259698,0.261068,0.125249,0.077584,0.058278,0.176384,0.128334,0.029983,0.186714,0.306999,0.047548,0.208774,0.055855,0.080074,0.251856,0.077535,0.128521,0.012424,0.029470,0.024535,0.087673,0.190142,0.220691,0.110072,0.142634,0.076822,0.250065,0.108610,-0.040381,0.267578,0.108046,0.295994,#
11,0.138502,0.184271,0.125546,0.172175,0.226225,0.079237,0.143891,0.206639,0.221904,0.087221,0.135949,1.000000,0.156211,0.066540,0.090874,-0.002882,0.094624,0.210607,0.129297,0.036396,0.126877,0.196794,0.129170,0.028690,0.096780,0.200190,-0.076144,0.253078,0.066826,0.163142,0.203535,0.197881,0.075880,0.209869,0.105886,0.088602,0.279379,0.081863,0.100184,0.314825,0.083144,0.163688,0.237141,0.146342,0.149807,0.253184,0.299370,0.070287,0.088710,0.132071,0.070010,0.167278,0.227783,0.259545,0.168430,0.044645,-0.079713,0.244698,0.120503,0.101281,0.077085,0.124437,0.304263,-0.066584,0.206711,0.214989,0.122881,0.200267,0.270931,0.241499,0.174807,0.135968,0.159764,0.101708,0.084190,-0.053264,0.113710,0.183063,0.101923,-0.086851,0.165055,0.181512,0.119147,-0.017038,0.100748,0.092148,0.133131,0.074076,0.173789,0.008047,0.074300,0.378174,0.196268,0.135281,0.218927,0.305888,0.080852,0.115372,0.124636,0.163250,0.059575,0.202945,0.028049,0.184292,0.157654,0.254464,0.137048,0.259119,0.203576,0.182405,0.202660,0.108651,0.168026,0.138575,0.018944,0.270149,0.110402,0.232268,-0.035388,0.265871,-0.027195,0.179896,0.155587,0.098080,0.069660,0.069438,0.110702,0.072021,0.224283,0.159138,0.099753,0.184103,0.220201,0.247764,0.095820,0.099397,0.078134,0.155314,0.029523,0.244237,0.175526,-0.001783,0.098570,0.136948,0.284875,0.056747,0.217120,0.064503,0.104033,0.120038,0.183701,0.096657,0.153404,0.119295,0.268945,0.185228,0.141755,0.132299,0.245760,0.026616,0.018124,0.207598,0.149039,0.093745,0.173403,0.008487,0.127162,0.046370,0.126292,0.281240,0.163388,0.128302,0.117267,0.107824,0.031757,0.104292,0.013309,0.122680,0.073977,0.266892,0.175773,0.029888,0.223254,0.038751,0.193712,0.043863,-0.045849,0.253534,0.242908,0.275891,0.177313,0.011635,0.275135,0.306470,0.292619,0.146527,0.163520,0.189312,0.024723,0.184495,#
12,0.097302,0.113330,0.038719,0.075406,0.129552,0.062969,0.249124,0.127493,0.102720,0.136179,-0.082349,0.156211,1.000000,0.114474,0.269128,0.058328,0.299447,0.257762,0.266410,0.218027,0.155430,0.195398,0.200809,0.189251,0.007102,0.018815,0.092712,0.161737,0.198897,0.034734,0.019454,0.160314,0.173207,0.143113,0.148642,0.206186,0.139460,0.053123,0.112771,0.245341,-0.056002,0.022280,0.133660,0.339537,0.153741,0.130966,0.208879,-0.040217,0.078778,0.032751,0.193958,0.006381,0.141199,0.118638,0.205438,0.074302,0.008049,0.124704,0.116462,-0.005838,0.004060,0.286990,-0.050778,0.108627,0.300351,0.159353,0.067464,0.129738,0.168759,0.131213,0.163291,0.093094,0.290126,0.058476,0.240990,0.239138,0.169444,-0.066766,0.051405,-0.012571,0.165791,0.100059,0.049552,0.117112,-0.098259,0.135509,0.171096,0.127731,0.259894,0.054901,0.043741,0.009367,-0.027466,0.051285,0.071478,0.255532,0.370940,0.286181,0.070812,0.005229,0.062756,0.152690,0.125567,0.242661,0.109180,0.069599,0.140231,0.069029,0.083979,0.080812,0.217702,0.033967,0.109467,0.047727,0.236204,0.079126,0.341056,0.012387,0.085369,-0.006654,0.121899,0.186074,0.193455,0.238044,0.226356,-0.042905,0.117155,-0.069351,-0.010320,0.133540,0.083747,0.134129,0.020611,0.171427,0.114076,0.032285,0.194217,0.137449,0.230883,-0.002026,0.134293,0.252848,0.167437,0.018761,0.162359,0.177776,0.133548,0.105363,0.088646,0.240678,0.098773,0.217657,0.169359,-0.000669,0.108290,0.379884,0.090192,0.060148,0.159104,0.082796,0.111225,0.299182,0.258123,0.158499,0.308467,0.103953,0.223935,0.135196,0.034532,0.052125,0.199096,0.270450,0.095962,0.194911,0.096172,0.125853,0.151792,0.200793,0.117050,0.028491,0.129225,0.144835,0.165139,0.101485,-0.002028,0.101513,0.083014,0.343913,0.108640,-0.056771,0.097717,0.040951,0.158724,0.205096,0.136537,0.128329,0.080649,0.113321,0.131866,-0.013522,#
13,0.060586,-0.070881,0.260013,0.076618,0.138867,-0.112536,0.220497,0.112641,0.066390,0.001181,0.040540,0.066540,0.114474,1.000000,0.120885,0.043630,0.169317,0.162022,0.193745,0.116385,0.225115,0.190888,0.195472,0.201160,-0.087223,0.177893,0.049186,0.187109,0.137972,0.105348,0.045322,0.046227,0.193103,0.084851,0.110980,0.062350,0.125509,0.186006,0.031565,0.155432,0.010051,0.191832,0.159494,0.124588,0.305313,0.143333,0.120330,0.090503,0.179913,0.125269,0.081993,0.146048,0.156505,0.272848,0.127447,0.138140,-0.030508,0.084672,0.052960,0.141098,0.129325,0.209003,0.142496,0.065951,0.211809,0.023032,0.154129,0.063542,0.151460,0.156432,0.136205,0.140102,-0.089064,0.143001,0.290076,0.242626,0.078699,0.128058,0.253721,0.200685,0.106361,0.198098,0.213081,0.026403,0.049588,0.074619,0.051992,0.043924,0.190449,0.141392,0.145800,0.009774,0.145038,0.219259,0.174747,0.025570,0.151545,0.069875,0.113092,0.298557,0.099207,0.195487,0.078586,0.329468,0.017078,0.215329,0.108729,0.113859,0.200179,0.158015,0.134088,0.193350,0.194947,0.179686,0.301311,0.186561,0.129704,0.209568,0.076064,0.228143,0.042327,0.150626,0.020292,0.014856,0.129862,-0.046440,0.038871,-0.054023,0.132493,0.089161,-0.052825,0.111466,0.075610,0.109346,0.292235,0.057287,0.027797,0.060710,0.174064,0.160806,-0.157242,0.119853,0.274482,0.023701,-0.053122,0.193463,0.116426,0.103312,0.077784,0.020967,0.056997,0.146710,0.106564,0.210308,0.192195,0.184846,0.017457,0.042529,0.205932,0.156510,0.131203,0.136747,0.148160,0.144703,0.065479,0.189827,0.177009,0.049403,0.081240,0.067490,0.106910,0.129770,0.160693,0.191107,0.202099,0.034189,0.136575,0.255103,0.179053,0.024700,-0.051523,0.216234,0.095130,0.088619,0.161547,0.148766,0.125637,0.148915,-0.088065,0.068049,0.209648,0.094655,0.175916,0.293477,0.194712,0.129692,0.158840,0.115230,0.169027,0.083235,#
14,0.254820,-0.004979,0.133786,0.187180,0.193135,0.122724,0.040675,0.300819,0.272934,0.248151,0.092374,0.090874,0.269128,0.120885,1.000000,0.274518,0.181492,0.175724,0.229184,0.266317,0.239874,0.051404,0.157673,0.286777,0.084325,-0.035297,0.178901,0.142415,0.284390,0.134128,0.150887,0.269430,0.132520,0.106698,0.130728,0.126655,0.096007,0.136662,0.175773,0.179124,-0.052037,0.042288,0.261876,0.201628,0.271251,0.192406,0.110238,-0.032277,-0.075406,0.178361,0.151675,-0.013382,0.146605,0.330605,0.162188,0.157068,0.171083,0.170812,0.225205,0.097658,0.151408,0.302401,0.187008,0.233009,0.076365,0.024483,0.062976,0.206890,0.074234,0.294467,0.193503,0.131584,0.197874,0.048642,0.259176,0.117251,0.360224,0.162728,0.169136,0.068988,0.221176,0.303411,0.166398,0.309966,0.146065,0.147943,0.178825,0.269634,0.142316,0.030877,0.021916,0.020958,0.255622,0.264839,0.101640,0.318916,0.401471,0.222944,0.216885,0.016354,0.149214,0.182699,0.212890,0.178281,0.253163,0.078676,0.160308,0.052903,-0.068988,0.093528,0.185685,0.055017,0.228618,0.183882,0.281596,0.242028,0.307376,-0.011709,0.085769,0.094829,0.198442,0.203673,0.150002,0.188257,0.264325,0.002095,0.070022,0.293842,0.073341,0.280942,0.110606,0.053633,0.159635,0.306886,0.220902,0.187507,-0.010236,0.224670,0.122247,0.082068,0.016557,0.170431,0.173840,0.130210,0.032937,0.274537,0.125874,0.127868,0.110934,0.069552,0.192921,0.107912,0.122727,0.172213,0.273312,0.249067,0.244962,0.183942,0.094034,0.170682,0.093806,0.080282,0.250834,0.176757,0.128422,0.209703,0.174141,0.015133,0.136846,0.290907,0.181380,0.129487,0.236834,0.199622,0.068139,0.223581,0.183862,0.148966,0.221784,0.001698,0.262793,0.290011,0.104193,0.004256,0.141566,0.053812,0.058411,0.011598,0.042176,0.168307,-0.006147,0.067095,0.273007,0.267552,0.248136,0.101953,0.147600,0.047670,0.189230,0.105442,#
15,0.246477,0.035173,0.146523,0.096104,0.111882,0.192301,0.087058,0.005303,0.246528,0.196501,0.201681,-0.002882,0.058328,0.043630,0.274518,1.000000,0.152066,0.162310,0.075311,0.178341,0.020197,0.111273,0.208037,0.250595,0.061295,0.085599,0.057866,0.107300,0.087155,0.362813,0.022610,0.230921,0.016146,0.157805,0.113549,0.278353,0.197510,0.037180,0.236745,0.054369,0.006574,0.122897,0.130753,0.150737,0.252945,0.136940,0.100680,0.243285,0.058936,0.218201,-0.082562,0.271801,0.161538,0.101528,0.122526,0.111347,0.162634,-0.000176,0.122797,0.144437,0.223549,0.143305,0.220952,0.173828,0.098523,0.224397,0.022826,0.130132,0.026600,-0.081607,0.228710,0.067705,-0.001871,0.123202,0.140158,0.091533,0.155903,0.191600,0.128602,0.020163,0.345396,0.152481,-0.154889,0.196227,0.259349,0.174007,0.073927,0.383315,0.071742,0.048344,0.112816,0.028096,0.065207,0.077171,0.056643,0.186557,0.192663,0.092897,0.039990,0.043722,0.256367,0.094148,0.166818,0.226681,0.097512,0.113508,0.270863,0.139730,-0.005834,0.195541,-0.085113,0.128135,0.061613,0.128455,0.018994,0.125350,0.076803,0.102635,0.071771,0.065287,0.161363,0.036383,0.141854,0.095663,-0.047576,0.107647,0.220206,0.171863,0.056633,0.372492,-0.114186,-0.052508,0.108268,0.102999,0.153046,0.060567,-0.087262,-0.075906,0.111705,0.043822,-0.024658,0.044511,0.162220,-0.004568,0.084896,0.048351,0.050159,0.117685,0.120119,0.008260,0.167232,-0.018218,0.250317,0.208691,0.072765,0.120841,0.246399,0.162210,0.051359,0.165882,0.102370,0.100104,0.260586,-0.076817,0.156258,0.217414,0.184777,0.204839,0.285358,0.001676,-0.001459,0.270348,-0.088678,0.097660,0.047986,0.229059,0.167720,0.146034,0.098302,0.105041,0.157145,0.096640,0.107447,0.168348,0.094950,0.123694,-0.113686,0.141188,-0.047206,0.105363,0.003710,0.122138,0.183767,0.087335,0.057452,0.141128,0.203410,0.212461,0.136908,0.106556,#
16,0.345822,0.017611,-0.096526,0.066327,0.103821,0.064900,0.101001,0.227682,0.023720,0.047124,0.139035,0.094624,0.299447,0.169317,0.181492,0.152066,1.000000,0.141538,0.126112,0.290895,0.265213,0.138059,0.083698,0.156154,0.014600,0.161430,0.138194,-0.082092,0.048205,0.287675,-0.034871,0.206086,0.173217,0.330864,0.140879,0.169032,0.236901,0.044520,0.239167,0.107915,0.054544,0.072998,0.161525,0.184059,0.158679,0.194319,0.032850,0.067561,0.072935,0.158946,0.013880,0.060535,0.226005,0.372795,0.097180,0.120983,-0.061187,0.120938,0.179709,0.061344,0.024641,0.259227,0.166849,0.069177,0.208990,0.143941,-0.045897,0.195602,0.160178,0.259772,0.047094,0.093887,0.195550,0.127015,0.123774,0.124774,0.102169,0.222377,0.183334,0.181541,0.140242,0.137799,0.089260,0.253905,0.104977,0.192668,0.271391,0.186935,0.251681,0.128461,0.103680,0.045641,0.149881,0.055781,0.203245,0.217730,0.256820,0.084325,0.144330,0.225628,-0.047703,0.056208,0.128159,0.190941,0.042594,0.251395,0.188069,0.144387,0.145918,0.108352,0.140685,0.221004,0.233126,0.045780,0.299982,0.193634,0.297041,0.111745,0.113093,0.127147,0.266499,0.292867,0.279268,0.259023,0.293049,0.087015,0.147503,0.072966,0.092485,0.197291,0.101156,0.069651,0.171853,-0.073716,0.234199,0.181049,0.049349,0.050037,0.033910,0.125260,0.027512,0.046864,0.136287,0.119998,0.149044,0.034072,0.131842,0.022372,0.242641,0.319795,-0.019420,0.191628,0.069826,0.071350,0.168815,0.237301,0.227658,0.193221,0.180590,0.279994,0.075457,0.216462,0.240333,0.134577,0.123561,0.180004,0.147938,0.248999,0.163569,-0.023311,0.181222,0.293817,0.056993,0.022822,0.137050,0.077869,0.121606,0.155741,0.186734,-0.023481,-0.034578,0.090097,0.182966,-0.093038,0.211303,0.227246,0.122274,0.285782,0.071254,0.089228,0.193106,0.034389,0.038688,0.130587,0.104492,0.147953,0.172326,0.011606,0.055340,0.024559,#
17,0.334555,0.012208,0.137139,0.222086,0.173688,0.194236,0.180295,0.138154,0.161991,0.113028,0.122033,0.210607,0.257762,0.162022,0.175724,0.162310,0.141538,1.000000,0.137769,0.217333,0.233992,0.134070,0.098989,0.359638,0.112987,0.139021,0.173959,0.067888,0.054117,0.133921,0.165681,0.066463,0.118510,0.097767,0.192275,0.341020,0.052030,0.149813,0.264690,0.181016,0.232009,0.300419,0.284441,0.189912,0.135454,0.186121,0.165511,0.228845,0.160913,0.194924,0.224258,0.132342,0.197725,0.120077,0.164239,0.201255,0.165310,0.000896,0.223813,0.021936,0.134744,0.244049,0.014681,0.094163,0.180379,0.327171,0.156415,0.340826,0.122988,0.170356,0.160069,0.248803,0.049316,0.060340,0.135828,0.175936,0.160252,0.109050,0.217068,0.094469,0.165417,0.139936,0.137709,0.079567,0.031594,0.091054,0.343684,0.129163,0.208470,0.134858,0.156753,0.050319,0.254689,0.183534,0.132386,0.348139,0.171996,0.125148,0.075894,0.146853,0.190525,-0.074839,0.123768,0.196423,0.099303,0.116429,0.147281,0.098737,0.182861,0.077512,0.217528,0.184715,0.046689,0.238810,0.242849,0.049234,0.136638,0.086378,0.047935,0.131822,0.104304,0.242202,0.113634,0.158815,0.294911,0.243116,0.213266,0.051734,0.083972,0.235070,0.345172,0.176027,0.206196,0.129735,-0.008421,0.244851,0.107037,0.183857,0.256413,0.281834,0.205060,0.190199,0.261879,0.092235,0.161075,0.217354,0.095007,0.181813,0.124706,-0.016320,0.198129,-0.000250,0.059123,0.156326,0.359104,0.281209,0.285211,0.239607,0.263988,0.090043,0.116170,0.182610,0.285732,0.209427,0.140562,0.168558,0.084191,0.134658,0.237797,0.067636,0.332732,0.075115,0.174734,0.126335,0.138224,0.063041,0.218769,0.125755,0.125327,0.308883,0.096573,0.305801,0.189745,0.192467,0.222543,0.105849,0.183054,0.277447,0.141878,0.019430,0.093117,0.195881,0.224207,0.235073,0.247114,0.351579,0.064675,0.314146,0.007198,0.197292,#
18,0.258918,-0.014285,0.063989,0.335725,0.163636,-0.096593,0.129381,0.122672,0.054628,0.213766,0.120043,0.129297,0.266410,0.193745,0.229184,0.075311,0.126112,0.137769,1.000000,0.332319,0.149398,0.174338,0.257318,0.242684,0.094823,0.142509,-0.026409,0.173636,0.080303,0.092031,-0.069175,0.062986,0.179457,0.256719,0.291087,0.237263,0.141197,0.168578,0.142319,0.226654,0.165803,-0.021435,0.140683,0.126107,0.308507,0.049160,0.161044,0.129125,-0.096019,0.164907,0.081234,0.122486,0.228297,0.047516,0.146118,0.158063,0.046540,0.124312,0.110855,0.193407,0.136082,0.123808,0.247439,0.033325,0.387790,0.079773,0.128731,0.114771,-0.135783,0.114036,0.165820,0.050978,0.115726,0.042970,0.239198,0.171574,0.241420,0.155973,0.200585,0.072527,0.041765,0.109868,0.220198,0.115769,0.042374,0.035992,0.199964,0.139110,0.099894,0.098357,0.238188,0.064519,0.023922,0.088179,0.232082,0.240693,0.278630,0.075634,0.142473,0.188812,0.166518,0.188758,0.154513,0.141598,0.331917,0.143869,0.113893,0.004536,0.125518,-0.022401,0.174515,0.072262,0.244741,0.178210,0.095379,0.062332,0.070534,-0.115131,0.061185,0.131538,0.113864,0.208950,0.185418,-0.036046,0.132946,-0.041734,0.053948,0.186168,0.226137,0.104413,-0.024364,0.177440,-0.001490,0.156128,0.134797,0.183341,0.181478,0.187680,-0.012475,0.080209,-0.013094,0.156944,0.195235,0.191758,0.077121,0.303247,0.123678,0.029114,0.049109,0.128729,0.069671,0.208167,0.121459,0.176761,0.110126,0.158294,0.153118,0.195028,0.172259,0.177285,0.172592,0.092403,0.219134,0.130770,0.128912,0.340360,0.210031,0.144218,0.138014,0.220372,0.026963,0.208477,0.179127,0.149426,-0.027308,0.175501,0.250030,0.229594,0.046666,0.089620,0.058032,0.139626,0.148443,0.094758,0.096379,-0.008754,0.324509,0.084689,0.076684,0.023009,0.186993,0.069292,0.086499,0.265773,0.270600,0.225333,0.067982,0.175778,0.195947,0.075212,#
19,0.319398,0.019760,0.199254,0.177663,0.393159,0.331081,0.069554,0.149542,0.123405,0.275103,0.215611,0.036396,0.218027,0.116385,0.266317,0.178341,0.290895,0.217333,0.332319,1.000000,0.167647,0.070069,0.201086,0.229853,0.085799,0.032253,0.228110,0.032619,0.177895,0.249765,0.231381,0.089356,0.122696,0.156215,0.122168,0.224152,0.217769,0.047030,0.211432,0.213851,0.180448,0.104997,0.145319,0.127278,0.134304,0.176479,0.286167,0.127228,0.178389,0.227489,0.066699,0.073450,0.155081,0.207088,0.089646,0.228991,0.259077,-0.001528,0.229369,0.148321,0.171346,0.417926,0.272352,0.216296,0.340555,0.047908,0.057186,0.290437,-0.055390,0.099876,0.304082,0.138805,0.231298,0.203292,0.190498,0.258866,0.190641,0.225106,0.404336,0.147795,0.217734,0.131806,0.228139,0.195457,0.084558,0.254973,0.152045,0.333023,0.201472,-0.045577,0.182408,0.089921,0.267636,0.150371,0.131363,0.319503,0.317146,0.198577,0.109746,0.141522,0.125489,0.160332,0.202995,0.187208,0.143495,0.320847,0.195940,0.214512,0.179228,-0.027403,0.048221,0.223839,0.257573,0.225430,0.255431,0.121197,0.340408,0.167785,0.099520,-0.036780,0.050638,0.333403,0.256517,0.198638,0.366324,0.051053,0.299605,0.174680,0.227118,0.258931,0.200860,0.146138,0.127848,0.181096,0.334564,0.165077,0.134086,0.245266,0.094137,0.062164,-0.003968,0.148131,0.225398,0.084022,0.158900,0.217581,0.099454,0.076450,0.257393,0.142968,0.196264,0.313129,0.162731,0.180510,0.257624,0.226741,0.255929,0.206473,0.299364,0.331520,0.338464,0.127729,0.230150,0.100446,0.232462,0.247335,0.134318,0.187050,0.249115,0.170876,0.159323,0.278954,0.354745,0.287531,0.146462,0.162923,0.235251,0.283539,0.244005,0.109460,-0.044119,0.283214,0.232586,0.255178,0.383785,0.144840,0.147649,0.156766,0.195859,0.125278,0.295370,0.272643,0.132127,0.235202,0.152613,0.349907,0.032790,0.151058,0.322551,0.205580,#
20,0.147374,-0.058555,0.226248,0.166539,0.378670,0.118505,0.285625,0.069020,-0.009314,0.251310,0.122416,0.126877,0.155430,0.225115,0.239874,0.020197,0.265213,0.233992,0.149398,0.167647,1.000000,0.225043,0.069558,0.204611,0.079858,0.240413,0.222154,-0.057137,0.176145,0.070385,0.034126,0.043821,0.196618,0.283620,0.203054,0.372887,0.269128,0.172700,0.363737,0.286922,0.079830,0.262103,0.105957,0.059142,0.239069,0.165398,0.338137,-0.064071,-0.008340,0.191943,0.028707,0.107702,0.157768,0.295676,0.303647,0.224685,0.199529,0.203434,0.190710,0.119748,0.159840,0.224751,0.207027,0.025801,0.134587,0.062111,0.048754,0.216130,0.152503,0.292249,0.380510,0.184239,0.147377,0.178601,0.178776,0.057734,0.139664,0.160317,0.164987,0.074951,0.175279,0.340616,0.252389,0.105174,0.122888,0.083819,0.223525,0.123886,0.192281,0.090698,0.251245,0.171540,0.164448,0.291292,0.371332,0.136848,0.126009,0.280521,0.274148,0.105387,0.160363,0.125449,0.282772,0.058806,0.153968,0.104082,0.203528,0.094855,0.110850,0.257369,0.263335,0.306152,0.174362,0.005495,0.272264,0.219646,0.346976,0.275916,0.110166,0.240410,0.151727,0.266836,0.169646,0.266594,0.174502,0.186045,0.200202,0.097800,0.401080,0.225741,0.351149,0.137430,0.127951,0.294383,0.169824,0.074743,0.109326,0.070198,0.177416,0.171436,0.098803,0.243592,0.186540,0.157424,0.141344,0.202334,0.118983,0.068686,0.047973,0.284271,0.274604,0.211987,0.105450,0.333755,0.200786,0.168019,0.096560,0.046931,0.155915,0.261897,0.119386,0.246776,0.241702,0.181362,0.176651,0.032551,0.016514,0.112179,0.257880,0.133924,0.306825,0.104206,0.293799,0.033296,0.041342,0.147928,0.053040,0.170587,0.339767,0.080860,0.075436,0.174965,0.104060,0.080364,0.183643,0.047857,0.167122,0.259216,0.136555,0.245643,0.001384,0.054942,0.151446,0.374747,0.149567,0.085819,0.125719,0.133652,0.273912,0.270992,#
