0,1.000000,0.502338,0.529267,0.522255,0.505518,0.507667,0.561191,0.514290,0.496039,0.449755,0.531855,0.540483,0.465792,0.506390,0.458238,0.576965,0.628353,0.586724,0.564717,0.574853,0.531808,0.442525,0.448682,0.611584,0.393431,0.507992,0.465711,0.471631,0.473693,0.519995,0.454192,0.599602,0.504272,0.522170,0.569742,0.428758,0.414020,0.504731,0.525465,0.501154,0.512755,0.453065,0.586322,0.414839,0.534345,0.484236,0.479803,0.535049,0.522759,0.509512,0.506890,0.608099,0.541655,0.555732,0.552854,0.530887,0.547710,0.586622,0.491143,0.509718,0.534746,0.482240,0.573447,0.505787,0.590724,0.434944,0.572210,0.435971,0.426303,0.472588,0.438531,0.511137,0.572655,0.622712,0.449979,0.490751,0.582563,0.421711,0.567667,0.484574,0.521173,0.511766,0.560934,0.523153,0.523615,0.551546,0.616802,0.616539,0.518584,0.570469,0.510702,0.400372,0.542730,0.479535,0.476913,0.504484,0.478326,0.493218,0.526880,0.616712,0.517082,0.493902,0.487866,0.566821,0.475263,0.583297,0.452545,0.536920,0.546057,0.391146,0.511004,0.539888,0.522434,0.571593,0.552938,0.567980,0.506932,0.545473,0.514826,0.503296,0.470502,0.627094,0.626985,0.577428,0.633010,0.546396,0.499316,0.478634,0.442110,0.514608,0.519423,0.502075,0.531599,0.473750,0.520582,0.583391,0.469027,0.538641,0.430028,0.571813,0.475156,0.426053,0.386953,0.500200,0.454249,0.322488,0.502600,0.475101,0.528581,0.431478,0.462589,0.629214,0.583552,0.423164,0.533843,0.465454,0.618134,0.553082,0.588978,0.486604,0.549366,0.579571,0.570186,0.479505,0.498551,0.527235,0.534254,0.486516,0.519524,0.460563,0.483682,0.510344,0.540071,0.638288,0.504108,0.583908,0.608040,0.586065,0.524937,0.382197,0.496492,0.548328,0.448884,0.501027,0.510689,0.435668,0.375344,0.518354,0.505726,0.419338,0.434387,0.541548,0.468769,0.580599,0.566314,0.593984,0.440080,0.512329,0.439961,0.494561,#
1,0.502338,1.000000,0.520722,0.493536,0.482993,0.522880,0.436982,0.553399,0.622379,0.516719,0.551560,0.512130,0.485734,0.413145,0.459140,0.509425,0.504823,0.499602,0.492943,0.538958,0.474327,0.556519,0.495671,0.427714,0.474940,0.422862,0.446034,0.562487,0.474062,0.466515,0.556905,0.519174,0.484504,0.583273,0.488982,0.484743,0.434943,0.512272,0.611426,0.492858,0.516995,0.422232,0.518120,0.445267,0.483111,0.479081,0.548569,0.475312,0.572203,0.434284,0.482090,0.605229,0.520419,0.510654,0.571743,0.495583,0.507336,0.426746,0.389829,0.405048,0.503951,0.430908,0.468911,0.457429,0.526068,0.571277,0.592282,0.501206,0.506357,0.549959,0.510654,0.546907,0.613650,0.502807,0.562684,0.544418,0.416608,0.411515,0.552010,0.440089,0.498449,0.516333,0.520085,0.523221,0.562010,0.523937,0.540578,0.608962,0.514378,0.468510,0.504983,0.490034,0.505846,0.542245,0.572930,0.495633,0.429789,0.512636,0.507080,0.526083,0.572916,0.448485,0.436618,0.455847,0.426581,0.577670,0.393195,0.524075,0.541565,0.451277,0.417067,0.469558,0.489164,0.537657,0.465429,0.530112,0.492423,0.498920,0.482486,0.427030,0.456589,0.550143,0.483251,0.540369,0.562318,0.467588,0.455405,0.501746,0.556833,0.522427,0.446479,0.608394,0.484396,0.460872,0.551623,0.487569,0.523425,0.528279,0.479392,0.540492,0.579674,0.479498,0.463845,0.588456,0.510485,0.432662,0.443394,0.487613,0.559628,0.384894,0.577610,0.591688,0.503749,0.381635,0.606856,0.513835,0.520280,0.529553,0.431429,0.464308,0.481257,0.527296,0.523796,0.554169,0.469167,0.388440,0.544155,0.389552,0.456009,0.464703,0.516682,0.489371,0.488705,0.501847,0.518125,0.551055,0.550092,0.581333,0.415541,0.408472,0.498734,0.423445,0.487191,0.557251,0.523773,0.593925,0.445895,0.350885,0.587984,0.556718,0.519098,0.591726,0.454814,0.476383,0.503827,0.403782,0.393751,0.620706,0.403375,0.513156,#
2,0.529267,0.520722,1.000000,0.548773,0.569575,0.549695,0.521748,0.528063,0.594510,0.467599,0.484461,0.482354,0.388831,0.538913,0.437372,0.530066,0.416345,0.534377,0.469508,0.553264,0.508691,0.475379,0.510058,0.564219,0.459339,0.504410,0.602716,0.524213,0.517280,0.514258,0.530980,0.521914,0.537700,0.552955,0.517211,0.456932,0.445074,0.523877,0.604296,0.475187,0.435354,0.449214,0.552343,0.449718,0.462173,0.491692,0.533324,0.450146,0.441420,0.438285,0.500217,0.625589,0.579176,0.530041,0.606141,0.553175,0.568289,0.416848,0.536061,0.505460,0.658467,0.468957,0.452468,0.492316,0.532303,0.494337,0.451559,0.469355,0.424315,0.545212,0.540513,0.511953,0.516077,0.553558,0.563432,0.491540,0.474935,0.403240,0.515951,0.527224,0.512752,0.544013,0.646099,0.385116,0.610732,0.532046,0.505159,0.640185,0.457153,0.483827,0.588444,0.449525,0.610886,0.545433,0.523709,0.499076,0.440869,0.483473,0.589325,0.547414,0.570378,0.495402,0.433677,0.519107,0.444402,0.587351,0.578685,0.575914,0.492674,0.426448,0.499244,0.449315,0.567086,0.512228,0.444337,0.455333,0.494542,0.583319,0.472116,0.479174,0.479470,0.458333,0.463221,0.631567,0.530946,0.429533,0.507154,0.533466,0.517231,0.588846,0.530470,0.575371,0.581831,0.590185,0.559219,0.493924,0.533051,0.518261,0.533603,0.509723,0.442084,0.568085,0.403820,0.447769,0.498162,0.479520,0.413500,0.482686,0.486229,0.488170,0.541674,0.580980,0.581415,0.515248,0.521779,0.446499,0.507708,0.395207,0.563401,0.442831,0.404358,0.477401,0.567966,0.468512,0.450051,0.518120,0.501605,0.382380,0.459509,0.463977,0.528826,0.491735,0.577644,0.502550,0.510933,0.544566,0.512442,0.581904,0.429564,0.367291,0.482952,0.597562,0.387016,0.571601,0.503034,0.532168,0.442198,0.400315,0.491662,0.512525,0.482537,0.553685,0.629584,0.581403,0.495986,0.474176,0.369711,0.515533,0.447511,0.564181,#
3,0.522255,0.493536,0.548773,1.000000,0.622906,0.492283,0.531394,0.559446,0.664956,0.580341,0.555691,0.558736,0.484930,0.568114,0.498502,0.547091,0.497129,0.578835,0.649238,0.585039,0.566793,0.540640,0.525588,0.535969,0.500741,0.592960,0.592094,0.599844,0.539186,0.590772,0.585152,0.633592,0.559870,0.595279,0.571733,0.529601,0.464338,0.591892,0.565424,0.604250,0.529765,0.541330,0.586094,0.590839,0.529898,0.593591,0.517675,0.476830,0.491085,0.430557,0.594450,0.543392,0.582300,0.511325,0.532343,0.625521,0.602944,0.575410,0.541912,0.586334,0.537826,0.412531,0.537392,0.546192,0.699662,0.467526,0.505867,0.443187,0.322891,0.529973,0.515608,0.567265,0.584394,0.559094,0.502161,0.497256,0.508580,0.482972,0.490054,0.534049,0.612238,0.532741,0.612387,0.454708,0.563226,0.569968,0.618929,0.597077,0.501541,0.548257,0.696340,0.532248,0.541671,0.594112,0.567262,0.570316,0.449342,0.501388,0.549372,0.512081,0.545800,0.563955,0.488542,0.451969,0.710513,0.505275,0.484550,0.523377,0.528747,0.472512,0.554645,0.425778,0.506344,0.574489,0.497199,0.638985,0.409806,0.541876,0.536856,0.464446,0.504586,0.652407,0.563740,0.494323,0.549509,0.597724,0.506568,0.634944,0.503665,0.482109,0.552405,0.604614,0.552392,0.524907,0.514423,0.632041,0.510741,0.531270,0.452427,0.586784,0.389259,0.631656,0.590877,0.470236,0.528680,0.602528,0.508344,0.652553,0.567741,0.529251,0.535447,0.537461,0.504599,0.575588,0.599542,0.442229,0.589509,0.467778,0.660490,0.500603,0.514378,0.531371,0.482732,0.505121,0.486707,0.510984,0.605486,0.449456,0.609583,0.513902,0.551200,0.518843,0.552579,0.613388,0.565061,0.581401,0.636150,0.625472,0.456387,0.459028,0.456492,0.602706,0.446992,0.569225,0.572160,0.543563,0.475500,0.463465,0.539550,0.627544,0.591149,0.535552,0.540082,0.583910,0.596107,0.567223,0.478479,0.541597,0.465656,0.477237,#
4,0.505518,0.482993,0.569575,0.622906,1.000000,0.621138,0.563976,0.618047,0.566884,0.535873,0.422811,0.653375,0.545158,0.579899,0.486835,0.550824,0.654075,0.620286,0.569752,0.655927,0.671501,0.494112,0.502713,0.592678,0.508365,0.614677,0.576595,0.500328,0.587741,0.540834,0.613305,0.630561,0.632776,0.560834,0.514100,0.486606,0.593034,0.557934,0.590594,0.570369,0.561000,0.455167,0.534730,0.575993,0.544401,0.638780,0.570797,0.586834,0.567682,0.441764,0.554265,0.578591,0.628138,0.556503,0.625802,0.608672,0.518951,0.575233,0.576253,0.557207,0.535105,0.519315,0.542903,0.521124,0.625936,0.581491,0.495594,0.516167,0.456606,0.564992,0.530456,0.594178,0.599356,0.600726,0.585893,0.444156,0.491855,0.540833,0.545407,0.618898,0.510099,0.544359,0.601488,0.482365,0.558866,0.560312,0.556267,0.538627,0.527315,0.497951,0.596545,0.497811,0.563236,0.576010,0.545725,0.539871,0.500831,0.454156,0.497675,0.586458,0.625117,0.593584,0.569552,0.528430,0.519664,0.614921,0.540459,0.591231,0.628740,0.570750,0.528992,0.529512,0.509027,0.644785,0.500541,0.529543,0.583053,0.613356,0.483085,0.455412,0.446220,0.557603,0.615361,0.567128,0.593289,0.552470,0.531368,0.578467,0.637375,0.577727,0.602527,0.507116,0.578414,0.621402,0.664361,0.610375,0.506224,0.518091,0.549435,0.479412,0.438345,0.552093,0.590634,0.500620,0.561247,0.482217,0.563488,0.567471,0.507078,0.590782,0.549084,0.658966,0.538124,0.525934,0.675447,0.559730,0.658419,0.465817,0.561187,0.509800,0.523445,0.506325,0.644122,0.428959,0.425011,0.506671,0.499424,0.457082,0.593439,0.535810,0.516633,0.587757,0.654589,0.551053,0.622242,0.597884,0.674974,0.628698,0.487170,0.483006,0.533171,0.526546,0.541821,0.502253,0.605989,0.625272,0.437095,0.594371,0.533322,0.609205,0.423502,0.529674,0.482801,0.627251,0.490721,0.570902,0.496223,0.553308,0.615646,0.540025,#
5,0.507667,0.522880,0.549695,0.492283,0.621138,1.000000,0.425546,0.568874,0.569656,0.434157,0.502857,0.492273,0.399114,0.439640,0.474424,0.611898,0.558637,0.559443,0.386147,0.655128,0.524147,0.446624,0.488611,0.543618,0.488974,0.522473,0.626761,0.523812,0.535631,0.487741,0.628680,0.614872,0.574136,0.546492,0.463124,0.506962,0.481771,0.475367,0.556304,0.437906,0.591501,0.445108,0.440096,0.556817,0.561973,0.628150,0.603056,0.539541,0.589662,0.334155,0.546043,0.581627,0.544166,0.586902,0.428406,0.672980,0.582322,0.478690,0.653226,0.530180,0.544283,0.553469,0.551929,0.568459,0.598569,0.522188,0.452244,0.507296,0.456404,0.442418,0.511622,0.505946,0.583710,0.524682,0.516619,0.580987,0.549258,0.538590,0.504050,0.560235,0.600000,0.509692,0.573460,0.510931,0.437803,0.584040,0.598768,0.626958,0.548450,0.426925,0.474496,0.512375,0.618987,0.641187,0.539643,0.469099,0.474642,0.539020,0.625412,0.573997,0.559245,0.556359,0.547991,0.546726,0.492206,0.623817,0.485715,0.547400,0.505837,0.514832,0.422854,0.570863,0.479346,0.507710,0.463372,0.473493,0.563475,0.535428,0.441571,0.491060,0.448368,0.553441,0.510958,0.587591,0.483393,0.491785,0.573307,0.524538,0.492018,0.561600,0.605919,0.601750,0.609999,0.595863,0.562963,0.558617,0.574627,0.526956,0.514745,0.485315,0.485601,0.465797,0.511055,0.558151,0.596522,0.441880,0.424601,0.506234,0.584385,0.471688,0.549571,0.565398,0.468653,0.479484,0.574341,0.428951,0.657423,0.481674,0.554458,0.461025,0.518842,0.484914,0.566774,0.448381,0.531694,0.473502,0.394111,0.551710,0.541033,0.519357,0.589101,0.571544,0.508434,0.545861,0.585696,0.494074,0.544302,0.598867,0.501408,0.489324,0.588980,0.500662,0.531123,0.516245,0.609929,0.592463,0.507094,0.492106,0.433018,0.556552,0.415033,0.564405,0.429676,0.500423,0.370024,0.519563,0.410587,0.526114,0.487177,0.482128,#
6,0.561191,0.436982,0.521748,0.531394,0.563976,0.425546,1.000000,0.466429,0.535295,0.390944,0.402342,0.467794,0.507250,0.560697,0.380154,0.495773,0.551877,0.587399,0.513789,0.496202,0.620610,0.450708,0.348543,0.498951,0.446814,0.508556,0.502077,0.459152,0.481086,0.580138,0.492897,0.534127,0.504397,0.508106,0.556259,0.507476,0.411674,0.420180,0.471053,0.561552,0.476415,0.522253,0.532560,0.423102,0.580128,0.465853,0.516938,0.360022,0.604777,0.477341,0.527132,0.633729,0.566083,0.429633,0.591498,0.558898,0.534491,0.563205,0.544163,0.423518,0.503336,0.403157,0.430950,0.476890,0.647013,0.486782,0.609821,0.419060,0.465774,0.496127,0.443714,0.512384,0.496138,0.611444,0.505559,0.433829,0.448031,0.388213,0.475239,0.452798,0.477247,0.533687,0.521856,0.421127,0.429007,0.552348,0.513922,0.484619,0.526672,0.476712,0.485400,0.427275,0.438605,0.483907,0.496391,0.445814,0.548118,0.491967,0.455989,0.574445,0.530099,0.442181,0.539039,0.477201,0.460562,0.430621,0.511603,0.440970,0.437578,0.444104,0.411602,0.441036,0.395676,0.503208,0.495182,0.366661,0.590689,0.534746,0.499309,0.427475,0.486153,0.534530,0.514264,0.601157,0.626650,0.601234,0.479416,0.529405,0.397847,0.469703,0.513091,0.497949,0.565718,0.462387,0.516754,0.515093,0.524529,0.442336,0.588064,0.509383,0.527823,0.511609,0.462246,0.428140,0.435428,0.508865,0.408477,0.495768,0.465626,0.427198,0.556231,0.583052,0.428305,0.428617,0.528723,0.455260,0.504279,0.498316,0.572392,0.477635,0.464467,0.520788,0.522327,0.466744,0.438988,0.516623,0.577638,0.383670,0.523658,0.436998,0.529745,0.495741,0.423046,0.432451,0.495230,0.555771,0.548574,0.509800,0.494366,0.407850,0.492945,0.415708,0.517332,0.560741,0.493289,0.493477,0.371309,0.538851,0.350778,0.496597,0.374989,0.545731,0.463844,0.592454,0.508377,0.437456,0.426792,0.568657,0.523871,0.465796,#
7,0.514290,0.553399,0.528063,0.559446,0.618047,0.568874,0.466429,1.000000,0.686935,0.508883,0.501813,0.551351,0.473400,0.540501,0.564937,0.507733,0.578843,0.554247,0.564615,0.556121,0.543085,0.520281,0.634924,0.551884,0.581244,0.531825,0.559041,0.541513,0.534003,0.507954,0.455389,0.639674,0.509414,0.589379,0.484202,0.450470,0.530287,0.478894,0.598827,0.493283,0.520823,0.452298,0.512298,0.573691,0.549563,0.566641,0.582408,0.584979,0.482487,0.407649,0.602121,0.561683,0.558200,0.588531,0.520057,0.542768,0.503058,0.572364,0.491329,0.513504,0.480421,0.512964,0.533082,0.446584,0.592148,0.552148,0.508289,0.544903,0.518083,0.605131,0.504777,0.391504,0.642285,0.563168,0.602789,0.471184,0.531956,0.448150,0.586678,0.513234,0.533602,0.553161,0.585785,0.499440,0.561344,0.531951,0.632268,0.582908,0.498924,0.540796,0.522761,0.515798,0.553443,0.570850,0.622409,0.453167,0.479785,0.571217,0.554758,0.561744,0.614262,0.521765,0.517125,0.519265,0.526055,0.594811,0.483736,0.514353,0.501179,0.436648,0.564893,0.462035,0.573127,0.560130,0.579993,0.513669,0.542358,0.432436,0.452551,0.602549,0.533039,0.579924,0.523958,0.632485,0.621735,0.498461,0.548349,0.627950,0.489362,0.433951,0.542793,0.503561,0.609542,0.475796,0.611446,0.636149,0.548097,0.530843,0.509125,0.548716,0.513490,0.544921,0.563341,0.424400,0.529043,0.528075,0.508224,0.469224,0.584224,0.523986,0.501083,0.583270,0.545253,0.577050,0.575602,0.593228,0.534787,0.533539,0.544224,0.511227,0.572359,0.443804,0.637749,0.427012,0.460897,0.537110,0.527627,0.400181,0.504633,0.454266,0.602194,0.594722,0.549444,0.598999,0.570724,0.574065,0.552784,0.558243,0.481604,0.477162,0.580241,0.485330,0.467721,0.526053,0.532642,0.617746,0.407220,0.436437,0.520882,0.584064,0.502481,0.572392,0.460616,0.449384,0.521301,0.512891,0.450489,0.578884,0.506216,0.512053,#
8,0.496039,0.622379,0.594510,0.664956,0.566884,0.569656,0.535295,0.686935,1.000000,0.573472,0.491626,0.569818,0.535667,0.588357,0.565395,0.601430,0.524038,0.614443,0.535566,0.629280,0.531594,0.647932,0.588574,0.519482,0.403093,0.592517,0.581493,0.642013,0.567449,0.591988,0.540057,0.603723,0.561522,0.589779,0.495245,0.539777,0.509004,0.545177,0.579905,0.547368,0.516446,0.565407,0.601514,0.526279,0.555438,0.509096,0.534772,0.545146,0.567617,0.512487,0.609383,0.637615,0.527228,0.621174,0.571427,0.654677,0.538998,0.607752,0.509207,0.531568,0.596127,0.514070,0.614738,0.518749,0.609937,0.601188,0.566719,0.542378,0.551235,0.639281,0.551694,0.537204,0.648709,0.669836,0.567769,0.534157,0.523734,0.518667,0.552170,0.601917,0.572919,0.575714,0.611876,0.507454,0.558661,0.590145,0.537639,0.590458,0.452563,0.536572,0.580524,0.519419,0.614621,0.579848,0.643354,0.546107,0.524308,0.566587,0.600242,0.530021,0.605646,0.565270,0.576687,0.586685,0.555579,0.591618,0.559140,0.593024,0.509736,0.517564,0.536525,0.546957,0.594057,0.576488,0.622981,0.581837,0.574103,0.498883,0.532385,0.594313,0.540726,0.558672,0.594547,0.602761,0.586303,0.620666,0.554621,0.623166,0.545931,0.543476,0.552637,0.523991,0.643510,0.625197,0.698567,0.572031,0.540283,0.526493,0.470573,0.578143,0.495593,0.628435,0.637267,0.529537,0.546967,0.528846,0.565707,0.509354,0.583178,0.517465,0.575936,0.596695,0.561497,0.673186,0.607133,0.579218,0.589329,0.580648,0.600676,0.624596,0.533787,0.521312,0.631459,0.569547,0.552735,0.488089,0.535409,0.467201,0.607498,0.590248,0.614586,0.586416,0.566936,0.571888,0.655839,0.571184,0.541324,0.657779,0.529226,0.396987,0.570372,0.587725,0.416169,0.683451,0.620192,0.614846,0.511907,0.471565,0.527489,0.564354,0.565686,0.547217,0.604657,0.560074,0.536558,0.575220,0.525334,0.547882,0.560933,0.559600,#
9,0.449755,0.516719,0.467599,0.580341,0.535873,0.434157,0.390944,0.508883,0.573472,1.000000,0.454686,0.393577,0.454203,0.489387,0.541795,0.483113,0.468566,0.487633,0.578747,0.572866,0.608239,0.489261,0.562410,0.579027,0.403935,0.471999,0.510293,0.600091,0.421331,0.558246,0.447585,0.511867,0.540171,0.551645,0.554242,0.453861,0.399201,0.417952,0.545270,0.524295,0.563254,0.481061,0.495651,0.449492,0.520822,0.474455,0.458604,0.441395,0.401945,0.363321,0.420173,0.505335,0.416519,0.467866,0.478122,0.539620,0.477896,0.514022,0.497207,0.502553,0.487248,0.409590,0.510605,0.486498,0.570466,0.594353,0.557335,0.487142,0.458562,0.435998,0.527176,0.455153,0.473501,0.487805,0.563135,0.478514,0.342190,0.538134,0.497473,0.568882,0.465317,0.491063,0.472176,0.461515,0.529951,0.434756,0.479729,0.575162,0.432368,0.377564,0.500317,0.464750,0.551142,0.503637,0.526721,0.460786,0.442186,0.545659,0.512086,0.445532,0.539097,0.463241,0.484576,0.459909,0.581367,0.534830,0.464396,0.421084,0.505211,0.475660,0.510769,0.512865,0.603876,0.537865,0.424630,0.548717,0.377690,0.439619,0.385034,0.369225,0.458670,0.515516,0.554614,0.544483,0.498245,0.439139,0.505600,0.461743,0.550447,0.464309,0.456623,0.528361,0.545784,0.621691,0.543674,0.482031,0.438859,0.477265,0.394121,0.526390,0.361410,0.620001,0.537454,0.509783,0.451356,0.444633,0.458526,0.503005,0.444726,0.404611,0.444911,0.461816,0.467583,0.492299,0.526715,0.478364,0.513229,0.486272,0.514832,0.505239,0.480745,0.445977,0.529381,0.533123,0.474386,0.440133,0.423479,0.428318,0.559171,0.439234,0.534728,0.584830,0.483589,0.530605,0.535919,0.637308,0.479815,0.554641,0.456183,0.481420,0.480510,0.393897,0.432577,0.519486,0.510356,0.650699,0.358706,0.377967,0.599558,0.451505,0.472700,0.517378,0.463775,0.463779,0.440163,0.420782,0.371841,0.485792,0.434246,0.401093,#
10,0.531855,0.551560,0.484461,0.555691,0.422811,0.502857,0.402342,0.501813,0.491626,0.454686,1.000000,0.471281,0.307482,0.441609,0.394801,0.512329,0.448982,0.436239,0.501324,0.532959,0.485304,0.364995,0.466357,0.520923,0.392382,0.416983,0.459739,0.588178,0.405168,0.510177,0.444217,0.510795,0.471394,0.543255,0.510473,0.483070,0.393714,0.469564,0.522775,0.411702,0.503203,0.400018,0.412539,0.410990,0.463313,0.541935,0.526332,0.504843,0.538526,0.515285,0.357375,0.500892,0.538328,0.439822,0.478495,0.459705,0.491748,0.442590,0.424267,0.443162,0.462495,0.442548,0.571072,0.499831,0.548378,0.387565,0.455806,0.336671,0.363978,0.483974,0.387836,0.516938,0.526374,0.424606,0.440847,0.486403,0.427987,0.492465,0.478332,0.425330,0.564156,0.516331,0.542215,0.442786,0.471487,0.420863,0.551333,0.597617,0.465627,0.530276,0.496851,0.496898,0.541088,0.548068,0.492152,0.503976,0.303060,0.446428,0.619171,0.601117,0.522295,0.441451,0.436319,0.510289,0.636144,0.429437,0.387370,0.497148,0.451545,0.432716,0.401046,0.410638,0.459434,0.450457,0.457129,0.545764,0.400186,0.415577,0.503233,0.462708,0.484328,0.604720,0.374224,0.481477,0.353918,0.467525,0.577906,0.535674,0.509318,0.415052,0.372122,0.459648,0.474017,0.471985,0.531093,0.506605,0.417404,0.483959,0.384102,0.487782,0.550204,0.436320,0.385324,0.474043,0.376731,0.354910,0.338450,0.414412,0.489474,0.381427,0.493472,0.526720,0.528567,0.425513,0.485841,0.420685,0.602380,0.475421,0.501406,0.442384,0.580290,0.432879,0.516262,0.447640,0.438750,0.412613,0.549045,0.415505,0.520012,0.491980,0.502707,0.442886,0.407910,0.485857,0.468193,0.484118,0.556595,0.593966,0.366824,0.466246,0.436511,0.348861,0.491287,0.459200,0.478977,0.457049,0.309591,0.390656,0.409959,0.546077,0.450587,0.475962,0.465310,0.476902,0.505632,0.462063,0.318714,0.568262,0.447597,0.514939,#
11,0.540483,0.512130,0.482354,0.558736,0.653375,0.492273,0.467794,0.551351,0.569818,0.393577,0.471281,1.000000,0.541860,0.496953,0.446085,0.466030,0.533471,0.609023,0.574044,0.510450,0.524250,0.484380,0.463012,0.454951,0.418275,0.558426,0.434997,0.510898,0.530909,0.463106,0.502359,0.549977,0.564898,0.556486,0.453594,0.441828,0.569865,0.526242,0.455621,0.593134,0.463648,0.505654,0.540333,0.474599,0.458286,0.550994,0.658072,0.481113,0.481093,0.467373,0.506131,0.546451,0.548576,0.571167,0.570944,0.559012,0.427598,0.524931,0.474735,0.465800,0.430893,0.423476,0.588436,0.429501,0.591598,0.491341,0.511892,0.495819,0.507076,0.606940,0.540706,0.550541,0.552669,0.558970,0.535790,0.369282,0.539031,0.499061,0.480029,0.388594,0.564749,0.512000,0.546970,0.427789,0.555952,0.498481,0.488921,0.511006,0.501830,0.446419,0.559836,0.527720,0.521722,0.486482,0.555119,0.590948,0.459632,0.465482,0.502568,0.511501,0.485903,0.526216,0.476838,0.498319,0.566429,0.626265,0.452283,0.566095,0.575977,0.530986,0.592287,0.541611,0.576565,0.544598,0.394823,0.551374,0.458516,0.565502,0.434740,0.551516,0.409495,0.553795,0.534540,0.513913,0.576187,0.482361,0.523767,0.478870,0.551020,0.519861,0.560764,0.503946,0.573500,0.572370,0.550622,0.546147,0.505443,0.479972,0.484630,0.536451,0.524868,0.457667,0.496231,0.525317,0.563682,0.373066,0.536643,0.499629,0.455256,0.532131,0.484317,0.534258,0.474434,0.535322,0.609803,0.467421,0.570365,0.482906,0.575306,0.454874,0.423801,0.503195,0.553769,0.426368,0.523331,0.356239,0.533574,0.391023,0.569550,0.541163,0.501629,0.492216,0.512868,0.586453,0.481262,0.559357,0.533965,0.543537,0.401875,0.478487,0.523055,0.447561,0.534097,0.476893,0.609724,0.453501,0.377560,0.529415,0.514940,0.568939,0.518454,0.543948,0.551850,0.541659,0.497303,0.527186,0.451265,0.556930,0.460497,0.498930,#
12,0.465792,0.485734,0.388831,0.484930,0.545158,0.399114,0.507250,0.473400,0.535667,0.454203,0.307482,0.541860,1.000000,0.511620,0.515739,0.434568,0.562544,0.579042,0.551733,0.556926,0.498641,0.460208,0.509284,0.519156,0.415355,0.449673,0.448934,0.478683,0.576932,0.415792,0.452023,0.481742,0.567626,0.494036,0.487709,0.476152,0.430125,0.438094,0.472426,0.533763,0.348209,0.337377,0.463403,0.598667,0.428164,0.505579,0.564135,0.382657,0.459410,0.411754,0.577730,0.491349,0.459342,0.523572,0.541730,0.498230,0.393359,0.490350,0.432975,0.367070,0.379612,0.450505,0.404548,0.414219,0.589955,0.517613,0.452558,0.388161,0.454782,0.503649,0.482715,0.447014,0.518604,0.509699,0.587463,0.493252,0.502601,0.423953,0.478302,0.494475,0.499420,0.470261,0.540743,0.455302,0.406119,0.520459,0.474099,0.498841,0.527714,0.442112,0.475717,0.399526,0.521439,0.369382,0.439189,0.549249,0.627035,0.576829,0.430903,0.441654,0.398729,0.491553,0.499922,0.553550,0.450868,0.490771,0.362383,0.366364,0.480055,0.428457,0.502697,0.410018,0.479577,0.513764,0.597207,0.436321,0.465806,0.380113,0.478827,0.373922,0.451347,0.517766,0.497285,0.567910,0.518949,0.488669,0.421747,0.370319,0.417380,0.466903,0.456717,0.459642,0.447832,0.469993,0.481613,0.491306,0.474308,0.521695,0.504166,0.390995,0.507740,0.621174,0.504204,0.482366,0.470515,0.467248,0.506997,0.468758,0.498851,0.590558,0.420825,0.575181,0.447323,0.413923,0.493019,0.579429,0.584275,0.459532,0.520839,0.467750,0.491827,0.541851,0.548957,0.449509,0.537560,0.351035,0.462842,0.499668,0.381721,0.372335,0.508588,0.512889,0.480877,0.513077,0.456494,0.479263,0.570939,0.590724,0.455078,0.290544,0.456576,0.482625,0.454338,0.490673,0.385421,0.522627,0.433147,0.536014,0.466240,0.436236,0.432022,0.432978,0.422090,0.528004,0.390462,0.505031,0.407885,0.482854,0.488710,0.319886,#
13,0.506390,0.413145,0.538913,0.568114,0.579899,0.439640,0.560697,0.540501,0.588357,0.489387,0.441609,0.496953,0.511620,1.000000,0.427915,0.498676,0.504152,0.585542,0.573867,0.544745,0.561527,0.485905,0.590672,0.500710,0.419968,0.520342,0.447341,0.615513,0.565567,0.588488,0.397895,0.541376,0.613763,0.588035,0.430719,0.422328,0.496995,0.529005,0.516055,0.529434,0.599796,0.493170,0.548658,0.519816,0.619535,0.531103,0.518455,0.505469,0.592604,0.434718,0.544153,0.667964,0.476850,0.560085,0.574477,0.615059,0.506799,0.543581,0.508677,0.496589,0.541940,0.469660,0.515260,0.539933,0.584948,0.518948,0.532845,0.424271,0.506462,0.488748,0.446958,0.501052,0.450864,0.655992,0.600047,0.492682,0.461189,0.457068,0.517970,0.556428,0.553093,0.509948,0.644187,0.447254,0.470928,0.519081,0.462399,0.456936,0.574711,0.507575,0.522266,0.501643,0.569375,0.555670,0.556196,0.443632,0.514003,0.499621,0.486289,0.620526,0.523044,0.501390,0.490620,0.647491,0.551111,0.636750,0.415037,0.546850,0.502751,0.449574,0.543048,0.531904,0.534076,0.570153,0.564935,0.563706,0.458429,0.605413,0.519982,0.550250,0.480735,0.575870,0.440118,0.503287,0.540463,0.402976,0.531766,0.424373,0.508959,0.476245,0.511345,0.512249,0.524856,0.527850,0.606543,0.535314,0.473084,0.530469,0.590064,0.459789,0.372620,0.613117,0.607108,0.492778,0.444982,0.496909,0.538419,0.544403,0.558922,0.530078,0.470291,0.590316,0.429586,0.562920,0.535502,0.548717,0.545703,0.481435,0.603303,0.488681,0.584427,0.530401,0.528057,0.518314,0.471680,0.488228,0.530283,0.465760,0.596383,0.453288,0.535165,0.607654,0.587720,0.495956,0.594571,0.558047,0.564201,0.668480,0.535807,0.415137,0.482156,0.502435,0.538028,0.536962,0.550900,0.546518,0.424999,0.518550,0.408130,0.498146,0.526832,0.537033,0.518025,0.588655,0.549617,0.428715,0.461354,0.507867,0.541547,0.463084,#
14,0.458238,0.459140,0.437372,0.498502,0.486835,0.474424,0.380154,0.564937,0.565395,0.541795,0.394801,0.446085,0.515739,0.427915,1.000000,0.533363,0.489474,0.412977,0.497395,0.498645,0.530094,0.460043,0.437958,0.547302,0.418385,0.349822,0.474882,0.509925,0.501142,0.507621,0.463039,0.539458,0.497262,0.519780,0.506297,0.412497,0.396736,0.480693,0.530610,0.397247,0.376568,0.378084,0.497950,0.490825,0.478352,0.486688,0.450141,0.385990,0.331196,0.367732,0.455692,0.464266,0.390287,0.595242,0.439790,0.493280,0.466395,0.448256,0.496046,0.411178,0.454589,0.487136,0.493995,0.451364,0.465512,0.394222,0.414161,0.408469,0.399056,0.549363,0.438918,0.427907,0.488115,0.462186,0.556407,0.433694,0.528010,0.449980,0.413313,0.359304,0.517362,0.536397,0.539626,0.489426,0.450596,0.461781,0.466185,0.544794,0.494001,0.368698,0.408218,0.311017,0.528848,0.558595,0.484064,0.475513,0.631758,0.491779,0.516842,0.389263,0.474736,0.469663,0.521255,0.374387,0.528933,0.476254,0.370986,0.364965,0.409292,0.385725,0.509094,0.459574,0.511237,0.475801,0.455452,0.498890,0.420692,0.424949,0.395163,0.432695,0.476194,0.541757,0.468298,0.510499,0.543292,0.321141,0.448276,0.577946,0.411548,0.495065,0.399270,0.440834,0.470047,0.511482,0.505509,0.498008,0.404675,0.468987,0.431179,0.454630,0.378090,0.501752,0.419421,0.487228,0.391736,0.533717,0.524716,0.481708,0.516207,0.374314,0.461491,0.461249,0.394377,0.422394,0.539007,0.472113,0.512899,0.456955,0.417295,0.459119,0.453567,0.406416,0.523628,0.420288,0.395895,0.364771,0.421811,0.377322,0.383700,0.518252,0.453410,0.458169,0.529379,0.560543,0.442127,0.547928,0.507385,0.554592,0.405739,0.320538,0.495644,0.554147,0.433641,0.472349,0.450186,0.451594,0.433484,0.332832,0.399944,0.459498,0.309456,0.418064,0.526065,0.530453,0.439235,0.456803,0.391123,0.407785,0.408686,0.320531,#
15,0.576965,0.509425,0.530066,0.547091,0.550824,0.611898,0.495773,0.507733,0.601430,0.483113,0.512329,0.466030,0.434568,0.498676,0.533363,1.000000,0.512252,0.592020,0.534238,0.570358,0.522435,0.489375,0.490001,0.540865,0.449770,0.522889,0.504789,0.500827,0.521131,0.592992,0.508956,0.601810,0.525508,0.566991,0.485210,0.574040,0.534993,0.484925,0.610276,0.480781,0.482697,0.477252,0.520493,0.445796,0.596565,0.505011,0.548667,0.591584,0.539802,0.474836,0.472895,0.663195,0.513899,0.498793,0.542518,0.506006,0.576296,0.474800,0.495345,0.478195,0.600698,0.440366,0.518692,0.577637,0.543008,0.591366,0.495605,0.427493,0.424967,0.409984,0.517214,0.444574,0.458109,0.515776,0.535368,0.453629,0.506770,0.472260,0.525856,0.493152,0.613409,0.541830,0.488308,0.489044,0.585977,0.555132,0.491899,0.625793,0.463391,0.448098,0.528821,0.415116,0.530280,0.519811,0.459207,0.490449,0.466353,0.490126,0.468073,0.516687,0.614593,0.452468,0.586787,0.532633,0.491543,0.543715,0.533969,0.517972,0.456066,0.523884,0.415493,0.484011,0.541846,0.517350,0.427383,0.520756,0.507158,0.522152,0.486339,0.460760,0.479374,0.519331,0.516785,0.525123,0.475973,0.530004,0.591895,0.537776,0.508965,0.621664,0.420067,0.446086,0.516596,0.498830,0.521152,0.498750,0.434827,0.403937,0.512773,0.531008,0.439483,0.472812,0.499393,0.457436,0.466662,0.455466,0.472633,0.475478,0.516947,0.430732,0.538376,0.475678,0.605791,0.499127,0.529831,0.485077,0.638209,0.508228,0.488993,0.536236,0.443958,0.543507,0.617130,0.348406,0.520032,0.506130,0.540860,0.557801,0.597202,0.439860,0.448989,0.629111,0.404825,0.578057,0.509415,0.612952,0.573826,0.602544,0.500218,0.417394,0.481190,0.488543,0.455596,0.582573,0.521670,0.547882,0.346695,0.463340,0.393371,0.524861,0.425152,0.525543,0.522717,0.543141,0.477710,0.511569,0.494779,0.550288,0.529394,0.474109,#
16,0.628353,0.504823,0.416345,0.497129,0.654075,0.558637,0.551877,0.578843,0.524038,0.468566,0.448982,0.533471,0.562544,0.504152,0.489474,0.512252,1.000000,0.587627,0.529818,0.614274,0.657410,0.529764,0.371194,0.538027,0.462291,0.591970,0.564440,0.423671,0.480610,0.523059,0.526549,0.627373,0.622559,0.551082,0.526975,0.488356,0.520693,0.481490,0.539780,0.555684,0.467691,0.505879,0.530355,0.490793,0.520519,0.590467,0.472383,0.475249,0.525383,0.511035,0.485264,0.497115,0.567081,0.657246,0.594989,0.586024,0.415950,0.548343,0.549436,0.437713,0.450035,0.541986,0.499978,0.488441,0.551406,0.483426,0.506280,0.519699,0.566441,0.645179,0.464383,0.480615,0.612235,0.599511,0.557025,0.451981,0.508337,0.512370,0.543139,0.562898,0.554174,0.514194,0.566766,0.552531,0.530192,0.503108,0.596876,0.578176,0.540063,0.527494,0.550387,0.422662,0.564892,0.557778,0.550994,0.612225,0.519795,0.507523,0.560611,0.560086,0.501709,0.476574,0.552882,0.561691,0.496987,0.660948,0.514505,0.464792,0.580439,0.494994,0.572732,0.564090,0.584475,0.542303,0.541512,0.569188,0.637524,0.552018,0.526141,0.422121,0.475338,0.654706,0.566558,0.602534,0.609494,0.573277,0.560536,0.475317,0.524474,0.474274,0.600916,0.495655,0.581413,0.459269,0.600837,0.596812,0.471456,0.487817,0.474757,0.575798,0.502084,0.530461,0.514073,0.561146,0.467464,0.421864,0.502356,0.509449,0.578578,0.581563,0.472249,0.654582,0.494066,0.454533,0.655433,0.566838,0.622865,0.509238,0.525849,0.557967,0.471203,0.530547,0.646790,0.470173,0.482244,0.525503,0.528295,0.555234,0.538114,0.462927,0.550854,0.595962,0.510047,0.514993,0.510337,0.563701,0.517757,0.609757,0.519327,0.388755,0.492441,0.470262,0.538143,0.478536,0.593907,0.626255,0.447066,0.595934,0.485934,0.519650,0.554711,0.515670,0.501521,0.553292,0.468946,0.510880,0.427855,0.500113,0.529500,0.483202,#
17,0.586724,0.499602,0.534377,0.578835,0.620286,0.559443,0.587399,0.554247,0.614443,0.487633,0.436239,0.609023,0.579042,0.585542,0.412977,0.592020,0.587627,1.000000,0.493588,0.593447,0.565459,0.519998,0.503594,0.636374,0.544628,0.583931,0.578128,0.527115,0.513321,0.585698,0.559637,0.618701,0.518060,0.537898,0.516433,0.586855,0.480313,0.576183,0.601296,0.567332,0.569530,0.534577,0.581334,0.527367,0.494872,0.554975,0.565402,0.621179,0.592023,0.515208,0.577891,0.601394,0.557282,0.542302,0.553529,0.621918,0.508550,0.491183,0.531154,0.417970,0.518367,0.482222,0.476291,0.537121,0.581279,0.666389,0.610394,0.538826,0.495727,0.528935,0.531220,0.556820,0.510230,0.540049,0.525959,0.520225,0.565988,0.507166,0.509448,0.589659,0.580634,0.579576,0.589131,0.502965,0.506057,0.520169,0.642566,0.547911,0.532887,0.548183,0.605442,0.431832,0.580060,0.531465,0.498868,0.617291,0.554131,0.467499,0.436501,0.599780,0.607520,0.430461,0.523191,0.581204,0.515967,0.533514,0.563766,0.544636,0.527614,0.502054,0.519099,0.521729,0.470592,0.619691,0.568877,0.478416,0.482944,0.569216,0.493136,0.479634,0.523862,0.572260,0.540123,0.596547,0.615285,0.626137,0.589851,0.513395,0.480858,0.570660,0.639417,0.618209,0.636391,0.522015,0.496250,0.636819,0.556124,0.518866,0.618756,0.599174,0.539425,0.591826,0.675827,0.544615,0.562879,0.534437,0.544536,0.605378,0.571847,0.453431,0.582034,0.546169,0.522219,0.523603,0.618822,0.641675,0.695273,0.543039,0.580148,0.474961,0.481740,0.523400,0.644684,0.520705,0.553417,0.516190,0.444605,0.457565,0.621772,0.457719,0.621199,0.523098,0.531142,0.545675,0.603718,0.568958,0.618917,0.628950,0.488061,0.510575,0.569180,0.620598,0.532051,0.599369,0.622241,0.556567,0.478183,0.606967,0.462463,0.487365,0.477196,0.577768,0.573520,0.617097,0.578516,0.641223,0.447326,0.633864,0.461139,0.497455,#
18,0.564717,0.492943,0.469508,0.649238,0.569752,0.386147,0.513789,0.564615,0.535566,0.578747,0.501324,0.574044,0.551733,0.573867,0.497395,0.534238,0.529818,0.493588,1.000000,0.624572,0.554409,0.519991,0.533935,0.493636,0.475606,0.542824,0.479196,0.566724,0.534683,0.550070,0.420264,0.560944,0.559476,0.555722,0.564631,0.547725,0.474980,0.493934,0.518583,0.547335,0.561661,0.373744,0.511306,0.465099,0.612709,0.506583,0.558666,0.519935,0.444713,0.421564,0.465215,0.542428,0.597367,0.510645,0.568241,0.547630,0.488408,0.603952,0.463986,0.522623,0.543234,0.414290,0.548226,0.462014,0.643880,0.487807,0.505822,0.424059,0.347025,0.540403,0.522469,0.443866,0.554689,0.544444,0.573435,0.405901,0.571143,0.462480,0.571100,0.509889,0.534200,0.477463,0.568088,0.483354,0.513489,0.488111,0.552642,0.578493,0.509994,0.465601,0.555326,0.431852,0.553654,0.539259,0.625670,0.470230,0.527525,0.537234,0.518627,0.556010,0.588305,0.475884,0.539418,0.555494,0.611928,0.574583,0.420933,0.450479,0.481685,0.415573,0.603611,0.426368,0.623172,0.584843,0.436922,0.467875,0.463106,0.448576,0.464873,0.428929,0.482506,0.660462,0.526452,0.468002,0.516936,0.442615,0.506193,0.523403,0.590131,0.432289,0.467171,0.521674,0.497025,0.513390,0.535823,0.589823,0.502708,0.559556,0.478932,0.501956,0.427320,0.595739,0.507070,0.596980,0.468489,0.549443,0.528493,0.464933,0.496586,0.521338,0.425508,0.633835,0.516050,0.474895,0.530567,0.527227,0.558603,0.553797,0.543056,0.522301,0.529098,0.491763,0.584758,0.492720,0.534575,0.545494,0.629575,0.445876,0.521439,0.499986,0.509121,0.611270,0.542114,0.514707,0.472994,0.588058,0.558998,0.612614,0.441491,0.512537,0.459524,0.468963,0.440718,0.516770,0.529133,0.499439,0.486363,0.464182,0.459479,0.519806,0.547236,0.499335,0.466673,0.624222,0.542221,0.524080,0.412683,0.529231,0.534764,0.435898,#
19,0.574853,0.538958,0.553264,0.585039,0.655927,0.655128,0.496202,0.556121,0.629280,0.572866,0.532959,0.510450,0.556926,0.544745,0.498645,0.570358,0.614274,0.593447,0.624572,1.000000,0.579712,0.492021,0.538362,0.568851,0.495513,0.493012,0.628309,0.521698,0.559129,0.611995,0.590341,0.629933,0.547135,0.567565,0.468942,0.557970,0.533389,0.486683,0.611610,0.555013,0.573527,0.454883,0.522795,0.505214,0.568266,0.562950,0.632222,0.538971,0.615740,0.408985,0.490202,0.590294,0.511970,0.591385,0.542454,0.577053,0.592782,0.544848,0.568344,0.467855,0.578357,0.598410,0.609367,0.577629,0.633997,0.532600,0.507945,0.512003,0.449615,0.554619,0.568968,0.476367,0.578574,0.590309,0.606095,0.479592,0.558841,0.500761,0.590027,0.583120,0.572339,0.505031,0.630742,0.520554,0.494760,0.571031,0.576990,0.650860,0.610260,0.402878,0.548455,0.479658,0.637747,0.536114,0.544707,0.559086,0.568896,0.542012,0.534669,0.583280,0.618073,0.510799,0.596334,0.562209,0.551090,0.616974,0.554584,0.573611,0.532377,0.427552,0.478072,0.505026,0.562164,0.586079,0.562045,0.509286,0.608579,0.570231,0.487968,0.419197,0.475380,0.629576,0.534884,0.600450,0.607093,0.514934,0.651028,0.545887,0.610357,0.624517,0.554717,0.545772,0.552106,0.579803,0.639605,0.570508,0.577421,0.544429,0.497713,0.533501,0.495801,0.562397,0.558218,0.546030,0.550158,0.504018,0.528183,0.460613,0.618742,0.530215,0.525051,0.695226,0.523308,0.493441,0.611439,0.595011,0.672884,0.583672,0.599296,0.571864,0.606361,0.522420,0.591310,0.432397,0.616884,0.522513,0.444543,0.524082,0.587661,0.544132,0.590146,0.641765,0.620134,0.553681,0.591709,0.592171,0.584331,0.693732,0.550410,0.406139,0.451376,0.580298,0.550034,0.645427,0.657699,0.549017,0.496650,0.546898,0.557667,0.562001,0.540249,0.586887,0.502310,0.643623,0.494519,0.665161,0.402252,0.517921,0.575580,0.496784,#
20,0.531808,0.474327,0.508691,0.566793,0.671501,0.524147,0.620610,0.543085,0.531594,0.608239,0.485304,0.524250,0.498641,0.561527,0.530094,0.522435,0.657410,0.565459,0.554409,0.579712,1.000000,0.546722,0.427711,0.522644,0.485607,0.609973,0.579473,0.541996,0.518225,0.616061,0.506297,0.546546,0.571369,0.623929,0.590963,0.586933,0.521556,0.476227,0.572669,0.606452,0.506762,0.607836,0.492905,0.561504,0.627529,0.547350,0.561485,0.449035,0.484176,0.454454,0.468647,0.582685,0.515009,0.638682,0.565222,0.595986,0.528284,0.574616,0.574735,0.493313,0.560951,0.490163,0.612232,0.476365,0.648029,0.521340,0.582856,0.440936,0.466124,0.568199,0.565271,0.530673,0.493579,0.577849,0.618216,0.398965,0.461499,0.501037,0.516988,0.568651,0.533527,0.603862,0.619191,0.494661,0.474041,0.543404,0.595357,0.555534,0.542351,0.554884,0.576824,0.530317,0.545205,0.612139,0.658030,0.480132,0.456662,0.517441,0.515449,0.542375,0.624810,0.507361,0.628663,0.567786,0.589150,0.517492,0.532093,0.580251,0.466781,0.614389,0.551876,0.565648,0.529851,0.496084,0.536267,0.496633,0.581118,0.596133,0.416631,0.473040,0.575038,0.599533,0.513473,0.654041,0.552305,0.533827,0.567625,0.484642,0.608092,0.533625,0.605228,0.519187,0.592147,0.635362,0.600601,0.497783,0.436507,0.527695,0.564142,0.619377,0.465210,0.557786,0.498639,0.546512,0.534866,0.495231,0.511410,0.510399,0.549297,0.585623,0.563307,0.602424,0.534810,0.552904,0.648692,0.557211,0.574354,0.451300,0.565898,0.577604,0.524810,0.579165,0.592314,0.499492,0.557116,0.388150,0.492963,0.457580,0.591459,0.528099,0.556465,0.546744,0.608480,0.510984,0.510501,0.589682,0.502385,0.604437,0.548594,0.473193,0.521749,0.491925,0.562638,0.531779,0.538614,0.580763,0.408551,0.585878,0.438793,0.522406,0.411307,0.486556,0.463166,0.677561,0.490704,0.427123,0.445144,0.526944,0.563668,0.507771,#
21,0.442525,0.556519,0.475379,0.540640,0.494112,0.446624,0.450708,0.520281,0.647932,0.489261,0.364995,0.484380,0.460208,0.485905,0.460043,0.489375,0.529764,0.519998,0.519991,0.492021,0.546722,1.000000,0.456356,0.548760,0.343008,0.473591,0.517792,0.443145,0.484360,0.502039,0.490209,0.484162,0.580451,0.540736,0.560066,0.537534,0.494773,0.552295,0.565969,0.466819,0.463059,0.528289,0.461910,0.474193,0.544210,0.459144,0.445927,0.495465,0.444430,0.314002,0.438999,0.556433,0.410839,0.467490,0.561066,0.523488,0.525670,0.501199,0.494872,0.311920,0.546444,0.406579,0.515932,0.353374,0.615545,0.481221,0.505198,0.464320,0.445659,0.504261,0.498663,0.503786,0.508464,0.532096,0.610952,0.455645,0.383026,0.410339,0.462838,0.520943,0.462087,0.489429,0.526018,0.386097,0.554860,0.476186,0.488311,0.561514,0.479686,0.500696,0.474651,0.315227,0.513562,0.479920,0.573595,0.431203,0.482820,0.439512,0.425591,0.526339,0.539679,0.522026,0.525575,0.464169,0.420082,0.584023,0.400844,0.396040,0.502696,0.536737,0.527684,0.460304,0.497962,0.536171,0.378705,0.429270,0.535876,0.499706,0.368611,0.456088,0.461929,0.571465,0.500276,0.549551,0.562228,0.425875,0.508697,0.571723,0.487455,0.485154,0.562682,0.542429,0.587782,0.489994,0.515438,0.463353,0.318577,0.363254,0.483246,0.586227,0.456985,0.519101,0.490275,0.488763,0.453089,0.488850,0.493446,0.481650,0.431962,0.464158,0.538019,0.512989,0.443230,0.548597,0.551158,0.521115,0.502603,0.435812,0.490658,0.516065,0.455307,0.486735,0.578028,0.505888,0.542976,0.393728,0.519097,0.488324,0.418289,0.486211,0.536150,0.435443,0.421542,0.405292,0.507397,0.524636,0.426291,0.584744,0.397111,0.370497,0.451367,0.505039,0.374346,0.520907,0.513246,0.562393,0.442800,0.372958,0.355228,0.515078,0.484189,0.448023,0.475208,0.553743,0.513670,0.469179,0.487616,0.538518,0.437532,0.412717,#
