0,1.000000,0.163105,0.294664,0.125038,0.237995,0.140430,0.190944,0.072589,0.232132,0.154963,0.299685,0.152418,0.168706,0.075055,0.349036,0.251953,0.221643,0.317794,0.284073,0.308077,0.313864,0.309540,0.200332,0.326848,0.228468,0.158712,0.291543,0.213866,0.326768,0.318390,0.126745,0.199660,0.155107,0.184169,0.081506,0.282395,0.186207,0.185285,0.366923,0.366864,0.249438,0.264984,0.125148,0.323815,0.134604,0.256727,0.204178,0.303722,0.206155,0.324432,0.265713,0.109717,0.270274,0.221680,0.308743,0.261803,0.285290,0.273273,0.132774,0.238530,0.314751,0.160011,0.217265,0.161225,0.182123,0.163654,0.220041,0.212379,0.199733,0.239201,0.306992,0.228117,0.331207,0.170683,0.151173,-0.018703,0.283224,0.250755,0.218608,0.064686,0.279912,0.111809,0.127918,0.294225,0.272160,0.204793,0.282138,0.222622,0.413196,0.101123,0.242276,0.092346,0.165299,0.262577,0.288230,0.208030,0.398866,0.212933,0.227217,0.339557,0.306605,0.293252,0.187410,0.313391,0.237627,0.200902,0.318288,0.197609,0.135771,0.093536,0.082643,0.159012,0.259641,0.276005,0.114677,0.124008,0.332853,0.194439,0.151345,0.189167,0.354336,0.273250,0.276441,0.223604,0.167184,0.321379,0.283687,0.091826,0.155114,0.244634,0.257348,0.296475,0.309788,0.215140,0.199301,0.058529,0.313634,0.120340,0.239694,0.396351,0.223822,0.202000,0.181182,0.164218,0.228478,0.292675,0.218359,0.152124,0.310759,0.174055,0.149763,0.210611,0.291505,0.148605,0.136163,0.189840,0.091348,0.149555,0.262951,0.291221,0.146214,0.365717,0.106012,0.100031,0.329382,0.024464,0.207604,0.221332,0.212505,0.255291,0.392344,-0.011729,0.301654,0.364492,0.131971,0.253910,0.334707,0.248225,0.232045,0.204858,0.226009,0.357343,0.033959,0.053848,0.284509,0.161478,0.328553,0.369773,0.292373,0.123974,0.225335,0.227941,0.142293,0.159897,0.349300,0.059588,0.053203,0.262188,0.394214,0.309432,#
1,0.163105,1.000000,0.150165,0.304979,0.371925,0.157754,0.279427,0.150768,0.241521,0.080445,0.414104,0.289056,0.224534,0.238957,0.124381,0.077796,0.189149,0.267409,0.211449,0.246863,0.166644,0.306888,0.192363,0.283635,0.318988,0.293229,0.338484,0.394271,0.227312,0.298754,0.279836,0.322889,0.273693,0.239885,0.100596,0.117920,0.124834,0.242825,0.391444,0.167891,0.187970,0.253103,0.303345,0.264476,0.185969,0.332376,0.350651,0.371011,0.077146,0.184697,0.339399,0.176703,0.349957,0.179335,0.186500,0.281490,0.328064,0.265649,0.310122,0.307562,0.222146,0.253425,0.209338,0.294738,0.167400,0.247631,0.014855,0.262695,0.365824,0.228708,0.252800,0.173791,0.395989,0.108980,0.298759,0.098698,0.266282,0.260022,0.329177,0.143965,0.234638,0.369710,0.302593,0.346774,0.181492,0.049191,0.349703,0.179678,0.317041,0.422763,0.294232,0.363725,0.184150,0.274435,0.164907,0.171006,0.216590,0.187696,0.163763,0.155182,0.287563,0.180147,0.224808,0.268628,0.229983,0.216574,0.192059,0.347435,0.081858,0.278423,0.365116,0.200579,0.211297,0.291268,0.252585,0.292524,0.292066,0.196123,0.239369,0.298242,0.244781,0.201140,0.362816,0.293803,0.255299,0.346818,0.192030,0.202354,0.098531,0.278431,0.228200,0.278050,0.203386,0.251429,0.426083,0.347542,0.177794,0.224421,0.227643,0.346658,0.277128,0.085807,0.182364,0.223055,0.291976,0.289785,0.282900,0.128673,0.231935,0.282829,0.096693,0.235156,0.205886,0.079423,0.251662,0.269903,0.258195,0.142080,0.167352,0.056734,0.050761,0.356542,0.192195,0.213611,0.282864,0.185656,0.115257,0.213001,0.269065,0.394059,0.254184,0.299605,0.232590,0.224736,0.287740,0.153721,0.046737,0.317880,0.308516,0.150241,0.164961,0.221792,0.240494,0.090302,0.318718,0.204502,0.208927,0.260283,0.235959,0.248112,0.394280,0.206793,0.183233,0.167462,0.313962,0.281568,0.047989,0.210910,0.144742,0.136383,#
2,0.294664,0.150165,1.000000,0.266960,0.157054,0.098384,0.293248,0.170238,0.033445,0.060763,0.103710,0.302005,0.176849,0.239910,0.131569,0.212799,0.214299,0.104375,0.240650,0.206198,0.335029,0.389607,0.165650,0.223675,0.309622,0.287471,0.346844,0.195218,0.204904,0.286051,0.133420,0.104989,0.096052,0.185837,0.031437,0.201135,0.162723,0.145927,0.194927,0.168354,0.290144,0.306968,0.222122,0.172246,0.124899,0.311468,0.136628,0.313221,0.124871,0.235749,0.276842,0.354589,0.278033,0.157994,-0.003170,0.207038,0.183174,0.200282,0.140389,0.283768,0.004735,0.234120,0.271509,0.237820,0.257692,0.282924,0.065923,0.107687,0.211876,0.389067,0.130844,0.156331,0.162320,0.135421,0.268926,0.162300,0.235177,0.287903,0.202427,0.174041,0.314736,0.049300,0.094108,0.237298,0.148005,0.166690,0.348996,0.201562,0.237681,0.163243,0.188497,0.212540,0.292585,0.140321,0.192751,0.091235,0.262117,0.214908,0.244178,0.184547,0.328155,0.237159,0.131740,0.229781,0.138544,0.183367,0.189216,0.224133,0.141921,0.233001,0.220875,0.184167,0.310594,0.182189,0.201929,0.266281,0.179061,0.262379,0.015233,0.121730,0.216150,0.320231,0.214921,0.153947,0.207605,0.218445,0.257404,0.149109,0.074035,0.220763,0.197771,0.295685,0.210498,0.076425,0.245207,0.301996,0.144679,0.181330,0.063794,0.121758,-0.012839,0.131779,0.240288,0.142827,0.316137,0.193751,0.180406,0.209961,0.310375,0.156197,0.154218,0.347068,0.254638,0.193067,0.078600,0.145205,0.033291,0.096153,0.155599,0.127530,0.249711,0.319525,0.217724,0.261615,0.277331,0.130594,0.152004,0.294806,0.044860,0.220947,0.064804,0.235673,0.132081,0.098294,0.246171,0.127850,0.357786,0.180513,0.258244,0.210776,0.274579,0.171556,-0.001073,0.265261,0.060309,0.203259,0.160048,0.145899,0.303722,-0.000468,0.151468,0.211952,0.385769,0.126862,0.248703,0.066555,0.060798,0.201202,0.285652,0.211173,#
3,0.125038,0.304979,0.266960,1.000000,0.282585,0.091279,0.318863,0.218217,0.186032,0.050946,0.267841,0.341356,0.172926,0.280480,0.177293,0.233104,0.238321,0.276998,0.218842,0.234352,0.251851,0.254053,0.240177,0.336543,0.379069,0.216503,0.240662,0.157087,0.269593,0.232349,0.275460,0.426703,0.373773,0.291240,-0.002472,0.276450,0.368287,0.412922,0.390820,0.163111,0.319021,0.351234,0.266546,0.396733,0.130731,0.356666,0.346423,0.347886,0.092467,0.264828,0.338511,0.198974,0.316493,0.159361,0.116390,0.372820,0.253618,0.260451,0.213582,0.375685,0.159431,0.135970,0.185041,0.255902,0.297205,0.358186,0.158107,0.328942,0.186113,0.293419,0.268216,0.121447,0.308556,0.155277,0.353866,0.336257,0.282072,0.302983,0.347065,0.088004,0.350690,0.304553,0.200159,0.309475,0.304396,0.239416,0.337041,0.167650,0.345268,0.363567,0.253844,0.270850,0.285373,0.327929,0.148581,0.233521,0.364485,0.175670,0.324252,0.291167,0.371661,0.212130,0.308267,0.280935,0.324382,0.265163,0.192274,0.187609,0.098228,0.226024,0.288011,0.174310,0.258588,0.238682,0.096778,0.200108,0.329366,0.138983,0.227233,0.226902,0.368055,0.238967,0.252829,0.427125,0.213741,0.181288,0.296984,0.201241,0.103913,0.304386,0.237187,0.324708,0.313848,0.256642,0.265888,0.217547,0.127285,0.126493,0.395318,0.269778,0.289285,0.298252,0.195908,0.297569,0.306744,0.125225,0.313117,0.307479,0.235492,0.225483,0.160717,0.232527,0.137362,0.176765,0.202774,0.161630,0.151255,0.256305,0.179474,0.289165,0.268334,0.347358,0.369767,0.393903,0.349756,0.221422,0.283970,0.252252,0.121798,0.269194,0.338941,0.215611,0.222574,0.060007,0.199010,0.198805,0.250627,0.320398,0.187345,0.234870,0.271234,0.372203,0.329536,0.212791,0.109467,0.207265,0.174413,0.277287,0.080249,0.232380,0.179719,0.316306,0.365430,0.148860,0.163100,0.296952,0.218445,0.308520,0.253542,0.221839,#
4,0.237995,0.371925,0.157054,0.282585,1.000000,0.086538,0.303504,0.145497,0.246857,-0.022667,0.145085,0.141110,0.260692,0.173529,0.055692,0.146612,0.108788,0.142179,0.277129,0.276486,0.237753,0.264718,0.266087,0.301495,0.216506,0.354794,0.107291,0.256781,0.235817,0.091467,0.061789,0.168678,0.224596,0.124998,0.055744,0.146042,0.191168,0.222964,0.128512,0.110913,0.333948,0.336699,0.184072,0.145181,0.378008,0.122197,0.264924,0.338880,0.169474,0.241456,0.169380,0.088150,0.231839,0.177188,0.199323,0.312512,0.229785,0.208637,0.241104,0.242118,0.286556,0.175970,0.074841,0.036138,0.069534,0.085778,0.191532,0.127239,0.200400,0.178466,0.244038,0.119344,0.275993,0.146031,0.096080,-0.145381,0.185387,0.262729,0.166802,0.038676,0.271692,0.220573,0.036750,0.162251,0.238498,0.176828,0.235051,0.219961,0.340869,0.405278,0.227486,0.219937,0.062839,0.263033,0.025014,0.220246,0.230520,0.263784,0.287538,0.187190,0.252518,0.050250,0.213568,0.271849,0.232389,0.181077,0.032750,0.236680,0.024783,0.189688,0.394906,0.056307,0.219043,0.427247,0.189565,0.060014,0.172164,-0.118275,0.187921,0.011334,0.277109,0.222740,0.324706,0.095306,0.234560,0.165165,0.282620,0.142108,0.066813,0.176888,0.148674,0.164063,0.167513,0.110226,0.270163,0.124200,0.233672,-0.106588,0.100536,0.277449,0.294507,-0.058833,0.044421,0.211917,0.198778,0.230899,0.251676,0.076211,0.241256,0.231146,0.184740,0.070322,0.135497,0.184318,-0.011362,0.154958,0.299237,0.185526,0.153806,0.236228,0.084433,0.158823,0.082021,0.270079,0.153515,0.263558,0.045162,0.120493,0.046625,0.276860,0.181294,0.132644,0.117393,0.109865,0.324006,0.135449,0.220258,0.180310,0.235455,0.098489,0.018048,0.064649,0.236578,0.164849,0.096518,0.057823,0.155764,0.383326,0.198418,0.133323,0.172337,0.101360,0.233123,0.071522,0.063504,0.279528,0.169346,0.387251,0.139227,0.172919,#
5,0.140430,0.157754,0.098384,0.091279,0.086538,1.000000,0.222669,0.032164,0.110187,0.192399,0.148366,0.099316,0.186473,0.003291,0.219717,0.103319,0.225932,0.131867,0.120709,-0.062139,0.237540,0.200483,0.117080,0.266660,0.143423,0.101699,0.176851,0.207805,0.167226,0.190145,0.060385,0.277319,0.229038,0.144184,0.030045,-0.047823,0.227399,0.014275,0.157387,0.216164,0.129470,0.240195,-0.003333,0.353604,0.029314,0.164991,0.055716,0.070149,0.068995,0.280029,0.174538,0.127868,0.171689,-0.014870,0.058045,0.118126,-0.007500,0.184587,0.224935,0.149796,0.139251,0.185896,0.122365,0.063585,0.163719,0.162311,0.189550,0.075299,0.032030,0.123592,0.203915,0.176256,0.142586,0.282876,0.155583,0.040729,0.230383,0.104592,0.135761,0.155856,0.063220,0.109112,0.228245,0.044504,0.015619,0.212117,0.042649,0.092153,0.219087,0.111638,0.086785,0.226449,0.015757,0.147825,0.071743,0.041577,0.090495,0.020887,0.158535,0.007573,0.172462,0.251291,0.129292,0.154104,0.051926,0.098916,0.022725,0.234790,0.105017,0.086474,0.235593,0.017781,0.271840,0.071651,0.148773,0.024754,0.227427,0.179616,0.078116,0.081048,0.064417,0.171011,0.055357,0.115890,0.052483,0.052970,-0.077633,-0.043150,0.308530,0.279868,0.089220,0.257103,0.153965,0.069814,0.272128,0.202368,-0.016457,0.001823,0.040206,0.061051,0.168638,0.112898,0.064440,0.175046,0.044903,0.035929,0.166425,0.048176,-0.079748,0.135492,0.177352,0.014271,0.107845,0.221342,0.061067,0.109087,0.183155,0.007538,0.338949,-0.046500,0.032698,0.134987,0.149890,0.064467,0.122572,-0.065695,-0.026247,0.152809,0.209692,0.320961,0.081377,0.086245,0.127818,0.091436,0.035726,0.126717,0.181887,0.153578,0.244295,-0.004700,0.121832,0.129022,0.234013,0.060358,0.216006,0.208337,0.198274,0.083772,0.053827,0.118252,0.172638,0.009269,0.154580,0.111956,0.307200,0.093892,-0.041768,0.258168,0.001638,0.186019,#
6,0.190944,0.279427,0.293248,0.318863,0.303504,0.222669,1.000000,0.214585,0.126210,0.044576,0.245345,0.149218,0.027065,0.228722,0.112041,0.144077,0.203586,0.224941,0.278809,0.260669,0.232427,0.254076,0.129619,0.180336,0.115187,0.202960,0.232208,0.270553,0.379767,0.185558,0.131895,0.267364,0.245959,0.210692,0.077057,0.100071,0.184834,0.237721,0.294637,0.271543,0.262927,0.226516,0.036339,0.246847,0.125994,0.265206,0.268598,0.423319,0.135725,0.371209,0.187802,0.292287,0.313623,0.163654,0.043443,0.263520,0.164014,0.271146,0.304106,0.397275,0.155905,0.196051,0.124359,0.264249,0.197307,0.372846,0.253556,0.264017,0.299727,0.207919,0.224643,0.237992,0.333224,0.032264,0.278348,0.150647,0.216595,0.307668,0.265448,0.143316,0.250153,0.315977,0.306926,0.226058,0.264735,0.247671,0.172001,0.236867,0.268690,0.328023,0.294138,0.167439,0.155104,0.290588,0.169568,0.330324,0.231935,0.211032,0.321152,0.229692,0.363648,0.280095,0.175895,0.224536,0.051649,0.344597,0.047208,0.197992,0.187189,0.202261,0.253887,0.240634,0.238103,0.168825,0.226603,0.181709,0.247770,0.147474,0.221835,0.223846,0.245343,0.293797,0.179058,0.151227,0.258991,0.154184,0.139470,0.292239,0.121432,0.389060,0.241948,0.170267,0.316727,0.087244,0.409684,0.200630,0.181957,0.300867,0.194645,0.187749,0.091191,-0.037314,0.038074,0.373198,0.091721,0.261625,0.274160,0.131683,0.209494,0.092958,0.320621,0.159472,0.273153,0.179533,0.202915,0.198986,0.096168,0.252059,0.291986,0.189274,0.146999,0.287862,0.250285,0.234260,0.274767,0.090761,0.126520,0.236095,0.265284,0.317677,0.053599,0.126658,0.226026,0.140636,0.221610,0.266712,0.178470,0.266356,0.366886,0.093213,-0.014863,0.205288,0.216980,0.358083,0.298034,0.245245,0.166708,0.264326,0.282373,0.242857,0.153449,0.156195,0.304713,0.171580,0.160726,0.130907,0.149455,0.287533,0.145430,0.291165,#
7,0.072589,0.150768,0.170238,0.218217,0.145497,0.032164,0.214585,1.000000,0.070208,0.244004,0.191550,0.350350,0.035616,0.236206,0.150595,0.220348,0.104186,0.294531,0.210672,0.250015,0.215797,0.287632,0.312301,0.115818,0.325693,0.126747,0.282561,0.351756,0.199759,0.143706,0.235227,0.212144,0.271939,0.159396,0.026456,0.242998,-0.020910,0.132305,0.230875,0.196159,0.184978,0.265675,0.233551,0.140426,0.182241,0.255465,0.135927,0.257815,0.202350,0.237481,0.275875,0.220276,0.116086,0.100046,0.123537,0.240379,0.236761,0.237576,0.199944,0.273960,0.201432,0.048181,0.236289,0.187942,0.310632,0.193551,0.196959,0.137769,0.166461,0.295493,0.239633,0.073032,0.352438,0.188788,0.125320,0.127075,0.204515,0.261100,0.221944,0.302003,0.191383,0.235709,0.298537,0.222056,0.248901,0.157575,0.261373,-0.000732,0.225895,0.327681,0.191883,0.180801,0.191388,0.202548,0.051082,0.247432,0.150467,0.171909,0.099369,0.010572,0.286110,0.132914,0.151393,0.149563,0.022975,0.345299,0.356782,0.056600,0.188858,0.155367,0.176870,0.160453,0.039322,0.169974,0.312324,0.178529,0.060100,0.149738,0.214297,0.237600,0.243290,0.244573,0.133392,0.205721,0.237561,0.104398,0.208585,0.273341,0.139388,0.160374,0.052887,0.231064,0.254216,0.161701,0.428657,0.146793,0.029244,0.414797,0.225549,0.256333,0.298428,0.190987,-0.048795,0.222435,0.212643,0.136005,0.291942,0.148362,0.078976,0.174353,0.201829,0.305947,0.070441,0.016592,-0.060142,0.275828,0.216950,0.245422,0.205834,0.257268,0.101302,0.260293,0.177808,0.185251,0.138394,0.136189,0.359750,0.193477,0.283475,0.243429,0.177438,0.139370,0.154857,0.057813,0.215998,0.119262,0.160321,0.107947,0.044145,0.269588,0.111209,0.172134,0.101733,0.187401,-0.060648,0.160335,0.163411,0.207778,0.141702,0.286853,0.207677,0.112461,0.310780,0.212227,0.098386,0.182541,0.092066,0.203558,0.283437,0.145748,#
8,0.232132,0.241521,0.033445,0.186032,0.246857,0.110187,0.126210,0.070208,1.000000,-0.005114,0.265999,0.160365,0.185887,0.183873,0.298615,0.127440,0.053257,0.038654,0.155870,0.195539,0.275636,0.153823,0.006968,0.209034,0.108741,0.122274,0.173446,0.233309,0.099823,0.130376,0.039833,0.190287,0.195914,0.183931,0.060794,0.233921,0.304003,0.137757,0.222016,0.280276,0.181277,0.188615,-0.036607,0.180216,0.344386,0.225518,0.172623,0.282231,0.069459,0.156537,0.044033,0.263052,0.108959,0.372234,0.209868,0.213731,0.190228,0.159403,0.083395,0.280312,0.208269,0.064050,0.204014,0.089947,0.228650,0.237282,0.163343,0.184802,0.276640,0.216863,0.039811,0.216654,0.277808,0.041256,0.067696,-0.028112,0.148818,0.155826,0.220279,-0.037391,0.200179,0.213537,0.239175,0.079793,0.239413,0.141272,0.122879,0.134651,0.345501,0.266088,0.193110,0.161956,0.146305,0.106022,0.287397,0.284905,0.221571,0.166949,0.144630,0.104630,0.205636,0.072924,0.165812,0.167983,0.206554,0.061444,0.250244,0.145564,0.013138,0.216418,0.057305,0.145941,0.041690,0.186558,0.104833,0.242622,0.217367,0.131474,0.035254,0.232169,0.281014,0.114681,0.180734,0.196495,0.246155,0.331920,0.124167,0.258663,0.065256,0.148977,0.164150,0.146431,0.116578,0.096335,0.241663,0.154478,0.117479,0.203536,0.367311,0.276137,0.286938,0.189268,0.222581,0.115290,0.152710,0.097797,0.218474,0.221290,0.072172,0.134197,0.242956,0.111461,0.115044,0.132066,0.309723,0.219485,0.115886,0.130096,0.129249,0.245537,-0.018571,0.245438,0.018732,0.212460,0.193571,0.167846,0.207123,0.209078,0.139083,0.174251,0.206813,-0.034069,0.116121,0.241161,0.102529,0.156435,0.115587,0.260214,0.308802,0.082215,0.118766,0.185723,-0.015794,0.215037,0.201098,0.175433,0.006032,0.064148,0.202888,0.173511,0.184993,0.162957,0.187084,0.110345,0.188935,0.103314,0.095614,0.002509,0.075793,0.097486,#
9,0.154963,0.080445,0.060763,0.050946,-0.022667,0.192399,0.044576,0.244004,-0.005114,1.000000,0.209646,0.136467,-0.022929,0.069657,0.147979,0.101541,0.117256,-0.066094,-0.043612,0.169287,0.114008,0.124998,0.176516,0.085679,0.019437,0.040742,0.295095,0.181593,0.175622,0.021172,0.282653,0.258013,0.102641,0.090883,0.181615,0.105303,-0.040658,0.179577,0.113000,0.091048,0.185137,0.255928,0.044938,-0.034334,0.049493,0.190138,0.018789,0.156782,0.016995,0.010540,0.168246,0.213100,0.109491,0.068909,0.131330,0.167027,0.190000,0.147827,0.038250,0.066492,0.092128,0.087197,0.201606,0.129961,0.213112,0.119385,-0.085707,0.078478,0.108618,0.019997,0.135757,0.141424,0.152354,0.142935,0.146656,0.080678,0.244095,0.083621,0.285351,0.104774,-0.097018,0.147427,-0.018874,0.141082,0.095450,0.251723,0.260088,0.059427,-0.041539,0.022825,-0.002231,0.199555,0.026765,0.090883,0.076622,0.106710,0.224545,0.052192,0.059124,0.010117,0.242140,0.222090,0.244112,0.069926,0.128700,0.125743,0.137907,0.101136,0.197546,0.042483,0.026302,0.071090,0.081083,0.173339,0.060157,0.142243,0.159692,0.207584,0.314714,-0.057894,0.313595,0.217147,0.098316,0.257305,0.153056,0.153995,-0.018955,0.170348,0.085208,0.145162,0.099223,0.193625,-0.001331,0.101275,0.152810,0.040184,0.130425,0.190242,0.098960,0.050903,0.073386,0.311830,-0.024916,0.078934,0.059371,-0.046315,0.255424,0.028045,0.053172,0.314812,0.078899,-0.000509,0.267780,0.005787,-0.074988,0.190975,0.190733,0.164412,0.374933,0.017744,0.035790,0.076463,0.002519,0.245778,0.140868,0.020457,0.084530,0.141972,0.406573,0.172448,0.081902,0.120944,0.139866,0.126980,0.032688,0.171688,0.218976,-0.073278,0.041956,0.213369,-0.016118,0.174689,0.210708,0.099950,0.088191,0.085867,0.176760,0.247692,0.120721,0.122725,0.181612,0.061433,0.069825,0.142125,0.121932,0.096099,0.070002,0.033405,0.097843,0.114120,#
10,0.299685,0.414104,0.103710,0.267841,0.145085,0.148366,0.245345,0.191550,0.265999,0.209646,1.000000,0.117867,0.046234,0.252343,0.257774,0.120212,0.100394,0.213904,0.348113,0.177760,0.101969,0.214055,0.096127,0.156038,0.218081,0.062080,0.305419,0.261215,0.264995,0.223177,0.296574,0.309149,0.216273,0.172311,0.050666,0.227635,0.019084,0.291900,0.316937,0.216079,0.126366,0.172089,0.200876,0.102913,0.017441,0.216060,0.127885,0.279482,0.240119,0.151692,0.145437,0.221763,0.188415,0.181851,0.176483,0.256190,0.164370,0.226876,0.131477,0.251169,0.063923,0.205403,0.204639,0.253103,0.209166,0.292697,0.112585,0.067728,0.195548,0.182248,0.241933,0.171985,0.321827,0.129442,0.115005,0.103838,0.296955,0.006439,0.237386,0.089291,0.138510,0.213844,0.207963,0.264472,0.177980,0.062481,0.296465,0.107671,0.264840,0.229038,0.060893,0.101278,0.235168,0.114279,0.133506,0.148683,0.283043,0.050118,0.167504,0.213452,0.233836,0.188353,0.168038,0.219613,0.241308,0.108969,0.266958,0.236914,0.085990,0.207867,0.069592,0.185166,0.083739,0.178131,0.213885,0.309525,0.155250,0.072712,0.187365,0.102004,0.112789,0.154376,0.186692,0.207681,0.159120,0.228589,0.026067,0.204390,0.110709,0.304041,0.308594,0.182078,0.178295,0.086036,0.243469,0.222527,0.145442,0.268444,0.127021,0.246889,0.272124,0.187220,0.235938,0.191896,0.113755,0.126684,0.123780,0.114582,0.085588,0.256218,0.147910,0.239993,0.306386,0.071056,0.207322,0.216748,0.186196,0.062260,0.280204,0.229740,0.142138,0.217813,0.234014,0.197562,0.207690,0.084982,0.166599,0.189638,0.202815,0.232198,0.276434,0.184243,0.166299,0.180249,0.192088,0.076890,0.175754,0.169410,0.284981,0.265803,0.252289,0.158308,0.251213,0.024705,0.194454,0.177525,0.069906,0.167962,0.249175,0.217523,0.232294,0.167743,0.144387,0.105098,0.265745,0.191427,0.099411,0.234087,0.277745,0.283568,#
11,0.152418,0.289056,0.302005,0.341356,0.141110,0.099316,0.149218,0.350350,0.160365,0.136467,0.117867,1.000000,0.170279,0.116510,0.054895,0.209274,0.195889,0.246952,0.201629,0.036988,0.186685,0.280421,0.120368,0.241900,0.354223,0.226261,0.142226,0.323951,-0.060000,0.234124,0.261792,0.239215,0.215823,0.232739,0.032284,0.160694,0.128998,0.179794,0.248199,0.170236,0.255805,0.354260,0.294389,0.390424,0.056282,0.350664,0.178568,0.263476,0.122429,0.133764,0.418716,0.154000,0.242484,0.258944,0.003049,0.212731,0.391669,0.178806,0.224535,0.215420,0.053750,0.239557,0.262184,0.307859,0.276217,0.292757,0.185859,0.310606,0.163683,0.297808,0.111650,0.078236,0.279195,0.149878,0.199673,0.131018,0.225204,0.201764,0.349347,0.172391,0.260771,-0.039942,0.251493,0.333095,0.282914,0.089314,0.357649,0.211075,0.252387,0.194309,0.309502,0.271887,0.263951,0.450761,0.101224,0.177929,0.131371,0.184370,0.224147,0.264907,0.297538,0.186629,0.204215,0.170191,0.153044,0.311875,0.281455,0.173876,0.277146,0.193103,0.256859,0.218821,0.319530,0.180477,-0.043970,0.390599,0.227600,0.130786,0.207893,0.190572,0.197197,0.306333,0.304265,0.254594,0.255274,0.185953,0.278525,0.334043,0.225311,0.203509,0.123019,0.395405,0.163632,0.234425,0.176774,0.152033,-0.082766,0.316638,0.073660,0.274296,0.195176,0.209008,0.138352,0.268087,0.208667,0.062472,0.357959,0.051160,0.156329,0.146766,0.099291,0.369805,0.190680,0.165465,0.157368,0.127446,0.105667,0.030706,0.146339,0.197207,0.090995,0.255044,0.114148,0.222420,0.270620,0.160703,0.332503,0.266337,0.361067,0.259745,0.255931,0.006558,0.143588,0.059348,0.197753,0.321190,0.348980,0.115755,0.113964,0.122814,0.258922,0.242019,0.085030,0.168757,0.021569,0.249658,0.233989,0.166099,0.133271,0.161354,0.152670,0.096069,0.371507,-0.042763,0.260771,0.150120,0.079735,0.196803,0.139028,0.218020,#
12,0.168706,0.224534,0.176849,0.172926,0.260692,0.186473,0.027065,0.035616,0.185887,-0.022929,0.046234,0.170279,1.000000,0.061990,0.213835,0.108829,0.208520,0.044716,0.219446,0.317899,0.245254,0.047006,0.173463,0.158882,0.157659,0.135829,0.203061,0.160666,0.205653,0.315705,0.018060,0.245172,0.282344,0.230608,0.077065,0.180634,0.250203,0.049939,0.211126,0.164244,0.372308,0.160927,0.217865,0.219662,0.270851,0.339468,0.187954,0.080708,0.163784,0.136961,0.309331,0.176557,0.190083,0.224956,0.063552,0.137174,0.166493,0.179338,0.225825,0.177245,0.173426,0.145116,0.172473,0.172528,0.244389,0.159231,0.135758,0.064624,0.153897,0.047249,0.055897,0.210780,0.096322,0.016150,0.242285,0.111620,0.226176,0.195268,0.172188,0.087821,0.164247,0.137449,0.158172,0.186470,0.268553,0.302410,0.107094,0.205923,0.290750,0.194293,0.216377,0.273082,0.099612,0.227251,0.145414,-0.036396,0.291833,0.181988,0.050606,0.074033,0.210259,0.252039,0.193899,0.173377,0.323149,0.154957,0.156266,0.083751,0.074046,0.220883,0.274905,-0.049967,0.177670,0.281303,0.093923,0.116276,0.143618,0.191946,0.181248,0.203576,0.171042,0.236478,0.303660,0.204730,0.055620,0.242333,0.184248,0.114870,0.107383,0.152240,0.146654,0.202644,0.120370,0.035786,0.051149,0.125320,0.022899,0.157022,0.146052,0.258103,0.261464,0.056327,0.064201,0.190825,0.021219,0.164618,0.206645,0.085771,0.165664,0.061762,0.097665,0.349911,0.025817,0.137119,0.142183,0.065037,0.125291,-0.067740,0.093450,0.039114,0.001556,0.284053,0.109768,0.256011,0.075839,0.051219,0.184831,0.028911,0.111298,0.258510,0.071539,0.093792,0.187400,0.080033,0.176623,-0.052336,0.197097,0.263583,0.104030,0.189254,0.159485,0.167451,0.236640,0.157239,0.213309,0.244170,0.114065,0.234574,0.090569,0.051918,0.263671,0.210570,0.181226,0.125561,0.077596,0.133219,0.115408,0.211975,0.212845,0.124604,#
13,0.075055,0.238957,0.239910,0.280480,0.173529,0.003291,0.228722,0.236206,0.183873,0.069657,0.252343,0.116510,0.061990,1.000000,0.228078,0.183790,0.132607,0.028360,0.177356,0.267016,0.088351,0.198617,0.104129,0.110034,0.362332,0.232293,0.305165,0.174045,0.141072,0.135054,0.245612,0.247689,0.260194,0.257603,0.009522,0.134896,-0.003827,0.239244,0.126707,0.129190,0.107582,0.193368,0.313759,0.106070,0.108354,0.230692,0.249819,0.235482,0.153418,0.185363,0.211108,0.235622,0.239067,0.146743,0.186612,0.358558,0.166617,0.169730,0.236702,0.319396,0.253560,0.086673,0.339882,0.079505,0.116565,0.232693,0.386553,0.138292,0.407112,0.224627,0.028238,0.074849,0.238501,0.062097,0.275491,0.056620,0.253096,0.306323,0.274039,0.034953,0.250362,0.318726,0.173171,0.420902,0.366880,0.061460,0.351856,0.276154,0.244268,0.352477,0.212981,0.225150,0.265061,0.200410,0.059673,0.215325,0.169146,0.111313,0.172390,0.205923,0.370839,0.253761,0.175301,0.244144,0.214358,0.256858,0.245801,0.135977,0.249990,0.132812,0.183812,0.104154,0.231815,0.216460,0.130902,0.186745,0.263364,0.187671,0.121579,0.146322,0.295821,0.268417,0.128524,0.335592,0.204017,0.163101,0.124503,0.122054,0.298340,0.302367,0.141577,0.126214,0.087317,0.092079,0.287987,0.305820,0.158432,0.153718,0.418107,0.216588,0.167099,0.190393,0.261772,0.241651,0.294859,0.360414,0.277042,0.233113,0.018609,0.302931,0.173749,0.189936,0.198665,0.230181,0.233426,0.289046,0.005815,0.324177,0.165950,0.174361,0.077934,0.364486,0.128408,0.377235,0.254931,0.211373,0.091542,0.113294,0.235516,0.290740,0.267147,0.329984,0.181307,0.037142,0.216950,0.195516,0.103510,0.147763,0.254645,-0.047970,0.231438,0.205923,0.160796,0.281898,0.058661,0.187623,0.281135,0.262652,0.183837,0.236679,0.055774,0.267730,0.252151,0.088803,0.051453,0.192186,0.150329,0.260838,0.240786,0.181159,#
14,0.349036,0.124381,0.131569,0.177293,0.055692,0.219717,0.112041,0.150595,0.298615,0.147979,0.257774,0.054895,0.213835,0.228078,1.000000,0.345001,0.230810,0.198518,0.211465,0.340334,0.228908,0.169888,0.261922,0.303169,0.239159,0.088272,0.323263,0.231562,0.211687,0.299520,0.069569,0.189701,0.126051,0.106482,0.176925,0.211682,0.247273,0.296022,0.307378,0.326809,0.348067,0.233247,0.226621,0.175388,0.228631,0.383179,0.213555,0.313609,0.142349,0.181581,0.349985,0.160734,0.245098,0.212561,0.382347,0.246586,0.315131,0.151405,0.114064,0.222509,0.321657,0.232512,0.155303,0.182431,0.289963,0.189773,0.201440,0.242929,0.268668,0.199996,0.104679,0.288470,0.114668,0.329512,0.100023,0.111410,0.184894,0.235139,0.193633,0.119944,0.274562,0.078344,0.306392,0.283952,0.262678,0.270447,0.113262,0.071193,0.308672,0.266596,0.321401,0.219410,0.258081,0.238822,0.230947,0.003298,0.255262,0.186760,0.195275,0.170253,0.224661,0.317364,0.201131,0.231306,0.200071,0.237694,0.376071,0.400476,0.154634,0.230759,-0.033911,0.018411,0.218875,0.096737,0.195937,0.280413,0.137287,0.297950,0.266264,0.231312,0.417568,0.268943,0.131827,0.230164,0.197537,0.137212,0.218788,0.121466,0.021370,0.336707,0.060333,0.315707,0.222171,-0.025200,0.094674,0.125473,0.129135,0.147537,0.167454,0.200837,0.353840,0.298361,0.275231,0.140887,0.163426,0.257591,0.248403,0.122368,0.056444,0.114233,0.213877,0.128856,0.036334,0.188347,0.191675,0.120426,0.201720,0.169674,0.179584,-0.001269,0.061709,0.267141,0.137970,0.155485,0.311836,0.001115,0.172611,0.241963,0.095658,0.271345,0.325407,0.267886,0.236540,0.242636,0.150398,0.065348,0.350481,0.301254,0.327852,0.254308,0.185971,0.358671,0.194265,0.249614,0.181918,0.182332,0.167649,0.093421,0.140333,0.216691,0.140070,0.270825,0.213623,0.307468,0.166492,0.085057,-0.052954,0.269286,0.217056,0.221691,#
15,0.251953,0.077796,0.212799,0.233104,0.146612,0.103319,0.144077,0.220348,0.127440,0.101541,0.120212,0.209274,0.108829,0.183790,0.345001,1.000000,0.220593,0.319295,0.287830,0.147664,0.249041,0.136735,0.142631,0.284742,0.223187,0.333949,0.322277,0.226803,0.278261,0.085725,0.191946,0.213932,0.229057,0.335289,0.079616,0.072779,0.147167,0.190518,0.287361,0.224264,0.358535,0.269239,0.271730,0.206565,0.299708,0.278733,0.084237,0.203334,0.042041,0.212775,0.298175,0.261011,0.297348,0.189646,0.296758,0.161437,0.180476,0.223299,0.157184,0.381622,0.223180,0.087396,0.234519,0.119001,0.136827,0.221601,0.237281,0.291806,0.208127,0.191191,0.192991,0.255280,0.180369,0.120709,0.206644,0.153599,0.112469,0.357427,0.216960,0.134673,0.324782,0.098619,0.216219,0.346863,0.187241,0.119458,0.217786,0.130622,0.344668,0.276080,0.188473,0.128314,0.253263,0.343755,0.118893,0.053315,0.259082,0.127943,0.270130,0.169542,0.250564,0.198368,0.286804,0.232020,0.021264,0.195762,0.197908,0.157246,0.182819,0.367209,0.099801,0.283110,0.198751,0.086029,0.192625,0.354039,0.247968,0.031501,0.179381,0.197521,0.281026,0.341928,0.137821,0.353197,0.194991,0.044262,0.205419,0.123915,0.175579,0.170361,0.087086,0.387549,0.139390,0.196450,0.200204,0.246347,0.125778,0.092000,0.201557,0.097457,0.131261,0.265130,0.204184,0.133810,0.292667,0.231313,0.312962,0.130432,0.271066,0.182712,0.252631,0.092666,0.164323,0.368147,-0.028834,0.344362,0.041507,0.244081,0.193851,0.132194,-0.014509,0.225908,0.225208,0.248026,0.218959,0.154155,0.209495,0.213734,0.170421,0.247696,0.076818,0.066956,0.258183,0.081366,0.251261,-0.008495,0.296097,0.137373,0.049604,0.270265,0.250900,0.307664,0.088198,0.295917,0.138757,0.194888,0.103169,0.244287,0.164365,0.169156,-0.035438,0.272366,0.199923,0.243451,0.094906,0.107029,0.045213,0.236291,0.101874,0.092398,#
16,0.221643,0.189149,0.214299,0.238321,0.108788,0.225932,0.203586,0.104186,0.053257,0.117256,0.100394,0.195889,0.208520,0.132607,0.230810,0.220593,1.000000,0.230756,0.112135,0.186649,0.393061,0.250619,0.296197,0.193465,0.103925,0.313209,0.284644,0.052830,0.139531,0.086153,0.153047,0.374521,0.006325,0.293803,0.009536,0.209732,0.206917,0.104408,0.222298,0.237258,0.153902,0.292050,0.172109,0.228093,0.206127,0.351322,0.225996,0.194467,0.187633,0.072698,0.124925,0.238694,0.368018,0.052288,0.220840,0.102386,0.119203,0.186704,0.250568,0.097860,0.075438,0.382980,0.264966,0.230176,0.249074,0.185490,0.224262,0.403743,0.097281,0.238851,0.076252,0.302689,0.333816,0.048966,0.203817,0.351781,0.169672,0.308103,0.301377,0.103064,0.087059,0.092200,0.146376,0.167378,0.144317,0.222299,0.347817,0.131556,0.298553,0.081705,0.249335,0.263494,0.081452,0.174286,0.128382,0.070277,0.199432,0.146058,0.270579,0.169169,0.260565,0.170800,0.062892,0.193806,0.193967,0.193562,0.182094,-0.000698,0.034336,0.256652,0.251750,0.195968,0.211549,0.167402,0.220632,0.424994,0.223854,0.147011,0.102022,0.200503,0.151969,0.201229,0.230309,0.226002,0.221277,0.062981,0.178783,-0.000493,0.124193,0.216674,0.080827,0.290644,0.379414,0.025998,0.265747,0.309305,-0.026419,0.225724,0.242100,0.300910,0.069031,0.170781,0.036312,0.262399,0.221677,0.140095,0.116465,0.131912,0.182427,0.064781,0.126019,0.216705,0.160796,0.101789,0.186998,0.198972,0.073801,0.080587,0.158230,0.095394,0.050273,0.330969,0.254952,0.296558,0.220305,0.053900,0.277592,0.212382,0.117206,0.109252,0.056818,-0.013632,0.185054,0.019515,0.102326,0.244542,0.096269,0.073098,0.216692,0.111703,0.187948,0.285049,0.223882,0.011061,0.023456,0.093626,0.297241,0.178848,0.149211,0.150265,0.241614,-0.036034,0.048617,0.108656,0.235706,0.218631,-0.074855,0.252000,0.052397,0.210679,#
17,0.317794,0.267409,0.104375,0.276998,0.142179,0.131867,0.224941,0.294531,0.038654,-0.066094,0.213904,0.246952,0.044716,0.028360,0.198518,0.319295,0.230756,1.000000,0.176405,0.266731,0.345383,0.240832,0.275435,0.277997,0.301831,0.203406,0.169061,0.145305,0.230457,0.256528,0.149230,0.338035,0.376390,0.191244,-0.038767,0.186090,0.081279,0.363454,0.337516,0.028450,0.210136,0.154566,0.113105,0.327916,0.134713,0.280790,0.263694,0.174410,0.242822,0.244985,0.205992,0.068459,0.174647,0.143225,0.163675,0.245312,0.294115,0.392446,0.193975,0.351767,0.217072,0.195752,0.189199,0.174213,0.129647,0.298806,0.241541,0.252242,0.201952,0.309614,0.272660,0.186270,0.336060,0.113250,0.155149,0.271779,0.218016,0.333838,0.108622,0.237406,0.204596,0.222196,0.481224,0.283315,0.233407,0.073352,0.224413,0.197842,0.424375,0.269750,0.228266,0.129819,0.182461,0.226264,0.032818,0.042912,0.236677,0.331835,0.238602,0.242763,0.202635,0.153971,0.119480,0.259058,0.075335,0.316989,0.258565,0.361710,-0.024773,0.072029,0.170342,0.201303,0.178805,0.247661,0.110918,0.287080,0.199522,0.138028,0.156830,0.294302,0.138224,0.218110,0.169795,0.268619,0.361629,0.085849,0.230094,0.151603,0.045190,0.136413,0.005567,0.311366,0.363366,0.288424,0.218967,0.217277,0.264661,0.161197,0.218766,0.292524,0.221408,0.191240,0.097299,0.179758,0.320792,0.176580,0.078767,0.123774,0.177309,0.098922,0.220310,0.075847,0.093896,0.237207,0.097711,0.256119,0.099639,0.181744,0.359677,0.196680,0.236567,0.287444,0.252088,0.105150,0.274325,0.194182,0.124689,0.277719,0.066574,0.233742,0.340246,0.142615,0.110418,0.151118,0.305533,0.038923,0.231788,0.183055,0.063615,0.291092,0.174432,0.420195,0.160515,0.011211,0.037843,0.116600,0.169429,0.248121,0.257489,0.304489,0.152110,0.256430,0.202177,0.106849,0.358813,0.209435,0.216803,0.145862,0.143942,0.132895,#
18,0.284073,0.211449,0.240650,0.218842,0.277129,0.120709,0.278809,0.210672,0.155870,-0.043612,0.348113,0.201629,0.219446,0.177356,0.211465,0.287830,0.112135,0.176405,1.000000,0.165088,0.261074,0.200374,0.040511,0.353445,0.368595,0.193198,0.282089,0.330439,0.261813,0.181214,0.205563,0.221740,0.259503,0.083081,0.082497,0.278986,0.238542,0.169601,0.204282,0.295056,0.220476,0.293876,0.193404,0.201916,0.150353,0.262000,0.121133,0.210321,0.150180,0.222729,0.294023,0.059014,0.365185,0.343751,0.169526,0.189431,0.231798,0.309493,0.175918,0.181005,0.107539,0.152004,0.216403,0.209682,-0.005760,0.332042,0.283934,0.310464,0.191614,0.054269,0.100620,0.158930,0.220641,0.151548,0.110034,0.073529,0.144253,0.276604,0.311961,0.244428,0.308754,0.104115,0.180514,0.353965,0.214586,0.052428,0.311911,0.095716,0.323992,0.231897,0.283053,0.192141,0.234436,0.275500,0.191409,0.126342,0.382884,0.282686,0.112731,0.301067,0.233078,0.283062,0.311887,0.290277,0.208426,0.282340,0.151519,0.216360,0.153581,0.346735,0.324678,0.345760,0.175699,0.241306,0.139645,0.193161,0.190827,0.121374,0.252260,0.252963,0.171621,0.273816,0.181788,0.155501,0.222517,0.216940,0.194577,0.163544,0.273962,0.241908,0.219477,0.353244,0.203002,0.152391,0.312456,-0.011286,0.100001,0.263459,0.193032,0.333267,0.310079,0.111567,0.078982,0.125404,0.266864,0.188808,0.140577,0.098156,0.141316,0.152578,0.151950,0.285438,0.251791,0.138327,0.131473,0.359239,0.279766,0.253017,0.091342,0.335738,0.184336,0.208541,0.161746,0.239430,0.233401,0.098389,0.311637,0.218598,0.113157,0.275377,0.050645,0.176113,0.311227,0.066293,0.189144,0.086414,0.182462,0.315325,0.414419,0.292786,0.172330,0.262658,0.249596,0.052811,0.321205,0.190347,0.202746,0.342662,0.255837,0.249133,0.214449,0.332496,0.328748,0.177275,0.171960,0.125342,0.152012,0.278108,0.325396,0.224881,#
19,0.308077,0.246863,0.206198,0.234352,0.276486,-0.062139,0.260669,0.250015,0.195539,0.169287,0.177760,0.036988,0.317899,0.267016,0.340334,0.147664,0.186649,0.266731,0.165088,1.000000,0.166423,0.296275,0.253080,0.227936,0.166159,0.327761,0.313931,0.185707,0.205687,0.301837,0.109859,0.310005,0.235113,0.158310,0.134808,0.237670,0.017988,0.190639,0.446140,0.136737,0.171862,0.194818,0.085073,0.102980,0.207741,0.312453,0.310684,0.416353,0.164751,0.240411,0.211348,0.231682,0.144346,0.343134,0.231587,0.206696,0.177182,0.195041,0.209187,0.232670,0.250397,0.152791,0.227502,0.144818,0.195322,0.276319,0.122579,0.245949,0.298043,0.282024,0.236206,0.285805,0.292511,0.017263,0.231565,0.265054,0.195643,0.309999,0.272153,-0.005284,0.250768,0.284826,0.267659,0.193046,0.365564,0.078627,0.278817,0.156545,0.335383,0.240989,0.151688,0.272624,0.201171,0.131616,0.207947,0.120479,0.213365,0.325239,0.067767,0.149787,0.304759,0.241627,0.188696,0.255687,0.284604,0.287644,0.257604,0.390796,0.052160,0.076720,0.212525,0.113555,0.204136,0.304566,0.259858,0.197214,0.244493,0.245140,0.311322,0.074413,0.386690,0.311501,0.203942,0.273760,0.365798,0.237946,0.275373,0.217971,-0.057183,0.217477,0.000684,0.096954,0.361997,0.155356,0.106223,0.202032,0.216063,0.235940,0.252738,0.311454,0.269453,0.269299,0.059768,0.169912,0.238805,0.179047,0.181900,0.277178,0.287472,0.110260,0.203598,0.204488,0.183015,0.245409,0.131663,0.184371,0.129228,0.175628,0.170002,-0.005378,0.178303,0.309102,0.295664,0.208811,0.275849,0.150521,0.070788,0.147665,0.186263,0.140948,0.321929,0.122745,0.210412,0.063418,0.225504,0.021286,0.302209,0.279703,0.147348,0.245224,0.088367,0.414935,0.089645,0.170874,0.140286,0.179381,0.214313,0.334642,0.298074,0.198543,0.215669,0.231912,0.182430,0.281769,0.131962,0.177278,0.228109,0.252235,0.258258,0.310127,#
20,0.313864,0.166644,0.335029,0.251851,0.237753,0.237540,0.232427,0.215797,0.275636,0.114008,0.101969,0.186685,0.245254,0.088351,0.228908,0.249041,0.393061,0.345383,0.261074,0.166423,1.000000,0.223820,0.258868,0.368475,0.344454,0.266181,0.285716,0.336564,0.230360,0.311487,0.182893,0.288882,0.242067,0.212633,0.111271,0.160420,0.226720,0.173960,0.164507,0.238878,0.332640,0.474103,0.137340,0.189907,0.323477,0.385927,0.232668,0.295108,0.238914,0.185854,0.133053,0.289573,0.400833,0.187804,0.148914,0.119027,0.284134,0.261067,0.278691,0.283923,0.262304,0.093559,0.327497,0.291486,0.347477,0.198520,0.300308,0.239502,0.344498,0.266098,0.160092,0.310420,0.431275,0.202318,0.191263,0.161028,0.314823,0.414390,0.195490,0.231552,0.137025,0.039539,0.356619,0.265144,0.153906,0.336408,0.343451,0.233890,0.400957,0.350644,0.274006,0.350400,0.241906,0.275626,0.188790,0.104031,0.424439,0.281198,0.169588,0.096836,0.242919,0.145660,0.271851,0.365398,0.186735,0.211187,0.188276,0.218540,0.075382,0.301577,0.278670,0.159660,0.200811,0.345060,0.138769,0.343082,0.342530,0.130201,0.061908,0.235894,0.285763,0.208089,0.189694,0.233519,0.307119,0.199179,0.374580,0.335615,0.102885,0.321425,0.117191,0.408654,0.289338,0.052778,0.306729,0.266203,0.275323,0.311070,0.346287,0.284845,0.218098,0.204516,0.018075,0.195114,0.319158,0.098554,0.159715,0.167433,0.275974,0.277510,0.246038,0.253248,0.085216,0.028833,0.197569,0.294799,0.222272,0.086699,0.274727,0.404010,0.201947,0.291295,0.197243,0.188278,0.396293,0.162168,0.112247,0.302072,0.173959,0.167126,0.213942,0.164816,0.097946,0.184337,0.167841,0.284750,0.153439,0.087428,0.375910,0.314680,0.223934,0.279072,0.173113,0.214417,0.178374,0.011197,0.219759,0.198020,0.248921,0.248270,0.208914,0.327485,0.254354,0.081660,0.339383,0.211953,0.142624,0.316492,0.157861,0.134886,#
21,0.309540,0.306888,0.389607,0.254053,0.264718,0.200483,0.254076,0.287632,0.153823,0.124998,0.214055,0.280421,0.047006,0.198617,0.169888,0.136735,0.250619,0.240832,0.200374,0.296275,0.223820,1.000000,0.192380,0.273842,0.307177,0.142161,0.369822,0.384946,0.310514,0.300342,0.228842,0.278002,0.247502,0.305578,0.067627,0.221573,0.330671,0.252085,0.376828,0.147389,0.257756,0.340732,0.151518,0.311178,0.241204,0.287428,0.276058,0.359522,0.028946,0.303413,0.297166,0.180930,0.331199,0.209223,0.192506,0.211833,0.262514,0.273088,0.189468,0.216511,0.175003,0.143741,0.361832,0.338509,0.343949,0.265294,0.111825,0.213658,0.289240,0.382525,0.374073,0.197626,0.415228,0.241678,0.195696,0.186549,0.194652,0.238709,0.194759,0.219781,0.363618,0.225515,0.198440,0.185419,0.312003,0.107166,0.312678,0.134134,0.282764,0.328495,0.186910,0.249603,0.284897,0.140875,0.251509,0.240749,0.258897,0.328900,0.095481,0.249946,0.395741,0.176968,0.167982,0.303181,0.265443,0.345338,0.210865,0.223969,0.212872,0.217615,0.238413,0.158994,0.280082,0.368640,0.138512,0.279851,0.294628,0.143530,0.233854,0.320466,0.264582,0.341219,0.068483,0.355426,0.238577,0.258212,0.249212,0.235717,0.095132,0.156356,0.167218,0.217442,0.345210,0.195285,0.289352,0.189270,0.287522,0.248678,0.158533,0.339143,0.151044,0.269770,0.171584,0.089836,0.203098,0.194957,0.207348,0.271058,0.210308,0.156516,0.168990,0.240369,0.245851,0.231964,0.213338,0.179030,0.137956,0.182869,0.241130,0.141174,0.336396,0.253427,0.187189,0.108669,0.272277,0.075345,0.017787,0.333928,0.124166,0.332012,0.193119,0.123927,0.304451,0.194600,0.167206,0.244301,0.257022,0.186113,0.250161,0.222787,0.160682,0.322958,0.048367,0.194108,0.131128,0.172039,0.252532,0.214207,0.422134,0.239435,0.277838,0.128970,0.328466,0.010379,0.346105,0.274469,0.166933,0.206098,0.207032,0.297019,#
