0,1.000000,-0.044989,0.173108,0.180339,0.204053,0.070534,-0.022222,-0.015575,0.174447,0.092432,0.125301,-0.005867,0.092936,0.050729,0.272632,0.169056,0.119117,0.222548,0.270670,0.241697,0.148653,0.205753,0.209710,0.287821,0.144688,0.100189,0.247836,0.051846,0.200916,0.243103,0.008088,0.141529,0.137273,0.202635,0.123347,0.127842,0.148613,0.129206,0.208743,0.247033,0.133109,0.175336,0.183658,0.177179,-0.004980,0.099259,0.072758,0.212376,0.125287,0.278346,0.168521,-0.013397,0.116589,0.240163,0.205765,0.216880,0.249302,0.175776,-0.075932,0.017017,0.173623,0.075083,0.248142,0.015007,0.055310,0.075619,0.048483,0.129599,0.139594,0.172590,0.136202,0.052498,0.196399,0.184260,0.082257,-0.104708,0.206140,0.175572,0.091592,0.085264,0.120248,0.066034,0.071101,0.166802,0.295751,0.012392,0.157214,0.169669,0.201111,0.183864,0.090525,0.042449,0.187540,0.170828,0.271182,0.251469,0.223957,0.018482,0.113326,0.204586,0.263287,0.204960,0.041421,0.205757,0.238879,0.228828,0.279320,0.162828,0.172159,-0.032890,-0.000501,0.116615,-0.009859,0.196159,0.067075,0.040428,0.082984,0.086124,0.107278,0.036093,0.270286,0.190191,0.147854,0.165196,0.089065,0.196172,0.129622,0.001065,0.125130,0.240807,0.287744,0.046835,0.149328,0.057740,0.114984,0.107702,0.220982,0.146451,0.070612,0.149982,0.259029,0.187330,0.145068,0.100313,0.041693,0.176437,0.168641,0.116648,0.139944,0.137727,0.006435,0.065295,0.182468,0.100214,0.193556,0.237364,0.120095,0.018691,0.116910,0.223065,0.139521,0.220471,-0.020428,0.014322,0.145348,0.169098,0.054121,0.217279,0.200811,0.109799,0.202690,-0.014259,0.198840,0.184894,-0.057101,0.209024,0.302928,0.159351,0.107740,0.044961,0.175189,0.211458,0.082220,0.092863,0.114624,0.088586,0.295526,0.304228,0.177012,0.060697,0.124027,0.205904,0.115613,0.133137,0.250679,0.013174,0.012882,0.192379,0.337284,0.184181,#
1,-0.044989,1.000000,0.184906,0.169433,0.129742,0.172124,0.286281,0.100178,0.297439,0.016926,0.310863,0.235608,0.088068,0.161228,0.033811,-0.007880,0.136028,0.157077,-0.036022,0.105290,0.099856,0.198476,0.035234,0.050883,0.086530,0.176700,0.210477,0.211827,-0.100254,0.161410,0.207048,0.112302,0.027409,0.181299,0.032185,0.232473,0.068696,0.011674,0.278503,0.118348,0.045821,-0.021659,0.221173,0.110187,0.111002,0.210002,0.349943,0.159686,0.013592,-0.031070,0.150940,0.093901,0.323108,0.220467,-0.001714,0.192979,0.127109,-0.068896,0.049627,0.054860,0.074765,0.088325,0.220635,0.041815,0.077607,0.166947,0.015661,0.226564,0.180477,0.244385,0.104949,0.177199,0.259778,0.000852,0.220527,0.115522,0.088770,0.161632,0.268046,0.108909,0.090750,0.241119,0.170767,0.064495,0.187069,-0.154171,0.213181,0.112126,0.182983,0.124897,0.152940,0.141310,0.072675,0.174891,0.047196,0.167827,0.052315,-0.038766,0.022676,0.113113,0.188267,0.083454,0.120017,0.140915,0.067437,0.119382,0.239955,0.268462,0.101705,0.115893,0.178176,0.110211,0.023647,0.108908,0.247791,0.317632,0.173918,0.060376,-0.020468,0.119379,0.024125,0.114253,0.170307,0.172689,0.099011,0.105390,0.154446,0.118629,0.167867,0.198377,0.100394,0.179997,0.088299,0.220135,0.294217,0.194690,0.149682,0.213826,0.241423,0.148222,0.104100,0.071883,0.148555,0.197484,0.223904,0.160778,0.084257,0.024231,0.162204,0.088433,0.152936,0.066747,-0.021094,-0.121738,0.309947,0.162818,0.018956,0.030224,-0.048966,-0.108956,-0.019175,0.209070,0.227260,0.214247,0.204448,-0.002359,0.085732,0.043818,0.148573,0.257965,0.163825,0.204803,0.100662,0.019601,-0.022651,0.189400,0.021648,0.259867,0.141214,-0.003972,0.098820,0.061367,0.191420,0.057934,0.205249,0.133552,0.090320,-0.002436,0.095918,0.211099,0.194876,0.083661,-0.043924,0.154726,0.176917,0.089873,-0.086834,0.176609,0.038068,0.230791,#
2,0.173108,0.184906,1.000000,0.197854,0.180600,0.135489,0.223551,0.224810,0.180377,0.099416,0.328252,0.327849,0.134503,0.300437,0.067748,0.229639,0.064876,0.105389,0.075060,0.164360,0.272366,0.333649,-0.044883,0.105154,0.233946,0.299451,0.275179,0.231363,0.080275,0.317015,0.042088,0.011407,0.082695,0.078564,0.076120,0.223723,0.153056,-0.086971,0.088583,0.042810,0.226204,0.189111,0.356867,0.113230,0.028335,0.127731,0.212088,0.198988,0.093349,0.165213,0.279763,0.229845,0.155868,0.149851,0.026492,0.167806,0.066440,0.059715,0.145356,0.219813,0.242674,0.015325,0.068926,0.207362,0.248646,0.244853,0.177529,0.124236,0.274686,0.270759,0.083945,0.186613,0.124576,0.229856,0.199228,0.139162,0.169565,0.162891,0.138258,0.049710,0.237681,0.043394,0.029462,0.021747,0.208791,0.061404,0.180056,0.223996,0.139594,0.100055,0.029006,0.252576,0.274108,0.239426,0.038604,0.266079,0.249702,0.093192,0.246546,0.146315,0.173712,0.119523,0.018871,0.232972,0.057978,0.095757,0.168080,0.252976,0.253580,0.280408,0.150675,0.178292,0.199433,0.150639,0.148307,0.347778,0.215710,0.099505,-0.228574,0.098331,0.206055,0.092643,0.034134,0.091689,0.126063,0.077049,0.292629,0.145665,0.141534,0.202559,0.113770,0.211306,0.162841,0.062111,0.268065,0.215744,0.151815,0.172049,0.124486,-0.022321,0.159389,0.116840,0.220606,0.078129,0.319343,0.187108,-0.016123,0.132285,0.283054,-0.050752,0.134276,0.240080,0.227338,0.070234,0.188372,0.042279,0.061491,-0.060951,0.096929,0.182862,0.130227,0.380286,0.141894,0.199548,0.203673,0.169060,0.202238,0.098875,-0.076062,0.124951,0.103383,0.359685,0.132747,0.043043,0.183571,0.048087,0.275752,0.207033,-0.032683,0.151542,0.320551,0.125338,0.046500,0.333389,0.083597,0.169682,0.108998,0.009475,0.169273,0.000357,0.035920,0.221832,0.319660,0.073319,0.214895,0.031177,-0.048237,0.248079,0.300407,0.299911,#
3,0.180339,0.169433,0.197854,1.000000,0.232403,0.251665,0.340146,0.119065,0.291703,0.104396,0.295761,0.268928,0.234149,0.120441,0.139397,0.210590,0.215988,0.303076,0.251578,0.189409,0.236915,0.194413,0.152804,0.393362,0.197316,0.251456,0.223283,0.218155,0.186787,0.315107,0.162597,0.224757,0.425399,0.271746,-0.005611,0.168333,0.322212,0.234177,0.334719,0.176466,0.223139,0.278900,0.256156,0.390385,0.029682,0.220854,0.253155,0.235524,0.055618,0.223564,0.223672,0.266658,0.247478,0.105080,0.092882,0.298277,0.086910,0.097440,0.080051,0.144890,0.214179,0.106865,0.183347,0.089589,0.380094,0.305377,0.191225,0.145906,0.106648,0.304792,0.132332,0.203751,0.296670,0.117293,0.246894,0.308018,0.178961,0.159855,0.237139,0.102246,0.357981,0.220390,0.171838,-0.001805,0.318890,0.115917,0.194243,0.159841,0.290302,0.233606,0.195763,0.208249,0.226255,0.240752,0.128358,0.249260,0.245446,0.004705,0.306956,0.297422,0.325497,0.102903,0.211901,0.235082,0.293279,0.121159,0.242905,0.212424,0.180663,0.185704,0.180183,0.176378,0.196371,0.126666,0.116312,0.134839,0.285657,0.073187,-0.012650,0.134477,0.207479,0.149039,0.170563,0.371668,0.143842,0.139347,0.280225,0.213887,0.120818,0.360487,0.292490,0.309659,0.272852,0.283015,0.268497,0.223738,0.026498,0.178049,0.251792,0.140356,0.277757,0.267598,0.179585,0.194522,0.115952,0.157248,0.316910,0.269233,0.165020,0.148316,0.016139,0.108141,0.118603,0.169442,0.324766,0.113530,0.063161,0.122091,0.192608,0.267955,0.246827,0.303742,0.303658,0.229704,0.160005,0.156354,0.147242,0.181619,0.062349,0.105891,0.229885,0.142187,0.129992,-0.021815,0.082421,0.244434,0.286629,0.267298,0.066831,0.168651,0.143982,0.298983,0.311595,0.051431,0.050637,0.176985,0.162370,0.175275,0.053994,0.102519,0.070192,0.231374,0.348478,0.092979,0.233774,0.229122,0.268156,0.312423,0.192818,0.184392,#
4,0.204053,0.129742,0.180600,0.232403,1.000000,0.297067,0.010382,0.082933,0.279036,0.084769,0.117726,0.090154,0.073773,0.096113,0.055647,0.105580,0.062572,0.178243,0.152639,0.301245,0.320048,0.147878,0.122702,0.295037,0.204290,0.293781,0.147817,0.119739,0.171269,0.082751,0.060232,0.097270,0.106319,0.142609,0.031873,0.238753,0.359911,0.085466,0.078486,0.082702,0.147916,0.425799,0.203976,0.075496,0.211075,0.082691,0.339501,0.144689,0.124024,0.224919,0.097173,0.095646,0.130373,0.227057,0.223669,0.297030,0.154482,0.067627,0.116954,0.038399,0.144046,0.182053,0.045274,-0.030886,0.146230,0.028846,0.172333,0.112388,0.068310,0.201243,0.138055,0.160377,0.228265,0.238012,0.071135,-0.006815,0.106135,0.317811,0.181569,0.060783,0.321576,0.196880,0.071370,-0.064503,0.368375,0.003571,0.132352,0.176369,0.205492,0.248056,0.260473,0.133461,0.105150,0.172614,0.086277,0.288783,0.127739,0.082692,0.109773,0.159142,0.090908,0.028423,0.181972,0.189767,0.170731,0.139412,0.040618,0.283263,0.161490,0.226223,0.309070,0.221541,0.260070,0.343192,0.171371,0.017198,0.158676,-0.015792,-0.058999,0.040298,0.138113,0.082865,0.144234,0.035965,0.319761,-0.000250,0.193829,0.030035,0.161574,0.108938,0.247147,0.112997,0.194533,0.129722,0.213209,0.182600,0.121737,0.110476,0.171225,0.178127,0.296542,0.053129,0.162722,0.042210,0.221110,0.236525,0.150016,0.226469,0.166634,-0.007551,0.091483,0.102450,0.153813,0.286635,0.271464,0.013255,0.286016,0.086628,0.034770,0.195491,0.197004,0.177316,0.014216,0.101475,-0.042440,0.202815,0.039224,0.112251,0.077567,0.161349,0.039774,0.071320,0.285361,0.185049,0.166999,0.158507,0.261543,0.257560,0.142037,0.118645,0.011613,0.030438,0.310217,0.069367,0.104147,0.121115,-0.023690,0.274884,0.153880,0.208902,0.127139,0.148032,0.120277,0.033140,0.213161,0.209165,0.132328,0.299708,0.153771,0.356860,#
5,0.070534,0.172124,0.135489,0.251665,0.297067,1.000000,0.219301,0.161653,0.311586,0.232452,0.211421,0.132698,0.235432,0.180765,0.171164,0.068601,0.084274,0.161436,0.051850,0.157633,0.212674,0.096959,0.059867,0.114463,0.206393,0.173638,0.193569,0.229843,0.214130,0.196260,0.184322,0.211143,0.299491,0.181572,0.088913,0.172620,0.313326,0.097989,0.182196,0.179258,0.203368,0.200769,0.160780,0.242915,0.070811,0.149455,0.223858,0.010336,0.152051,0.249890,0.102844,0.174678,0.179448,0.059873,0.100230,0.272485,0.022899,-0.003105,0.167096,0.080923,0.165548,0.090884,0.185160,0.006147,0.196682,0.201538,0.267046,0.104621,0.225081,0.128002,0.183361,0.177660,0.306444,0.313159,0.114244,0.082448,0.194175,0.159705,0.202099,0.145953,0.155269,0.231387,0.291804,-0.095150,0.210729,0.076457,0.093551,0.037087,0.221746,0.042250,0.023134,0.222008,0.199135,0.345581,0.071471,0.310819,0.084889,0.059249,0.192228,-0.032672,0.148551,0.167912,0.094156,0.165522,0.077552,0.141132,0.103643,0.256587,0.072365,0.122302,0.249898,0.111587,0.127993,0.176171,0.147759,0.120260,0.260632,0.124574,0.017620,0.043396,0.061258,0.207933,0.057779,0.249262,0.091493,0.081384,0.013694,-0.053836,0.325539,0.192576,0.313726,0.153124,0.213517,0.182734,0.347123,0.307990,0.116753,0.172946,0.069132,-0.028329,0.272835,0.164173,0.148415,0.254505,0.225824,0.155975,0.210244,0.112617,0.010967,0.198156,0.270547,0.029715,0.220088,0.202933,0.245443,0.199097,0.137125,0.028674,0.233937,0.061250,0.168311,0.170992,0.228215,0.183936,0.128542,0.087832,0.111696,0.176190,0.206409,0.295344,0.240194,0.173492,0.191201,0.052941,-0.011067,0.243230,0.171699,0.188180,0.241833,-0.017958,0.089391,0.049801,0.390589,0.164937,0.003285,0.264793,0.192484,0.073159,0.117365,0.094986,0.096621,0.199456,0.224274,0.163359,0.306183,0.014565,0.023097,0.343905,0.087675,0.281434,#
6,-0.022222,0.286281,0.223551,0.340146,0.010382,0.219301,1.000000,0.137192,0.305701,0.113593,0.165843,0.151787,0.028599,0.217258,0.036006,0.169564,0.102888,0.066714,0.150681,0.030453,0.214755,0.185704,-0.070063,0.029912,0.074926,0.166594,0.144241,0.168233,0.149113,0.247068,0.108209,0.167833,0.101373,0.207345,-0.089062,0.037570,0.075967,0.150323,0.079239,0.161875,0.012240,0.099195,-0.010638,0.164111,0.065346,0.162059,0.127230,0.090569,0.014789,0.019303,0.025005,0.092491,0.234454,0.148637,-0.046096,0.121736,0.061268,0.098232,0.163956,0.249884,0.172710,-0.053335,0.174344,0.119924,0.203725,0.362654,0.127705,0.203846,0.152483,0.105120,0.055028,0.160865,0.205393,0.121407,0.259013,0.162628,0.216051,0.218835,0.281727,0.068062,0.097939,0.065763,0.233851,-0.013954,0.186149,0.074508,0.114093,0.219062,0.084671,0.132295,0.095133,0.228903,0.088920,0.166718,0.065276,0.114833,0.166692,0.022607,0.171852,0.221604,0.164337,0.229545,0.117357,0.058526,-0.141090,0.258196,0.094248,0.088999,0.207549,0.187217,0.202549,0.189961,0.112467,-0.108580,0.000561,0.279379,0.276822,-0.012646,0.057083,0.090850,0.147399,0.189080,-0.063627,0.203199,0.034487,0.116874,0.057993,0.231151,0.066036,0.213103,0.091704,0.097943,0.146132,0.004682,0.261227,0.226063,0.015102,0.213005,0.218348,0.159662,0.085546,0.164199,0.013211,0.153984,0.034027,0.067870,0.208137,0.083188,0.108296,-0.162400,0.168364,-0.062437,0.157531,0.013832,0.307192,0.033182,0.019870,0.129828,0.130481,0.027344,0.002283,0.263057,0.281739,0.140356,0.208187,0.169788,-0.001291,0.152471,0.117012,0.185680,-0.026010,0.100392,0.126983,0.033340,0.040983,0.216965,0.030295,0.249693,0.249253,-0.079121,0.032388,0.072340,0.239462,0.275479,0.191691,0.184679,0.108948,0.101916,0.090392,0.230313,0.039079,0.098934,0.165849,0.164522,0.030196,0.036712,0.128767,0.192955,0.086387,0.218311,#
7,-0.015575,0.100178,0.224810,0.119065,0.082933,0.161653,0.137192,1.000000,0.207008,0.139667,0.274444,0.379354,-0.072011,0.142281,0.257087,0.142596,0.071516,0.290964,0.004965,0.131630,0.115361,0.197472,0.187476,0.035022,0.180224,0.083279,0.185866,0.336146,0.035965,0.258689,0.043813,0.051109,0.129620,0.089658,-0.016954,0.128863,-0.007876,-0.105452,0.188369,0.130770,0.164737,0.137080,0.094583,0.125053,0.178204,0.204850,0.052071,0.187561,0.150351,0.147981,0.145684,0.150075,0.062145,0.149584,0.083188,0.078440,0.174577,0.173839,0.210060,0.009153,0.206244,0.022880,0.169165,0.094242,0.259637,0.150947,0.147804,0.001425,0.115149,0.312277,0.048814,0.034799,0.235294,0.169512,0.021009,0.033427,-0.046408,0.195779,0.117875,0.252419,0.211111,0.062360,0.206330,0.040142,0.261278,-0.044652,0.039633,0.017728,0.124800,0.186909,-0.004253,0.143100,0.187221,0.226684,-0.075213,0.038576,-0.066816,0.044965,0.016023,0.103893,0.196365,0.027302,0.067634,0.030148,-0.067187,0.186577,0.293720,0.112341,0.100051,0.183446,0.006931,0.042821,0.013673,0.104859,0.280286,0.192131,-0.069713,-0.037114,-0.043951,0.320367,0.111673,0.135672,0.012475,0.173472,0.184048,0.121049,0.212321,0.167522,0.095250,0.132133,0.102280,0.061870,0.206318,0.091804,0.325604,0.167600,-0.145455,0.312232,0.002659,0.071774,0.273136,-0.016349,0.024480,-0.052824,0.107158,0.082330,0.154591,0.099707,0.084254,0.043747,0.101667,0.167320,0.031301,0.047798,0.044137,0.084467,0.219738,0.102874,0.218626,0.168666,0.110165,0.167950,0.137883,0.036443,-0.038217,0.217145,0.198585,0.062867,0.046342,0.107834,0.106774,0.121486,0.205088,0.000744,0.122064,0.042045,0.082730,0.135918,-0.076391,0.150487,0.163934,0.088912,0.171586,0.238477,-0.212242,0.129261,-0.067304,-0.068565,0.077478,0.267052,0.186370,-0.018821,0.250736,0.039302,0.177488,0.028791,-0.006135,0.151396,0.163454,0.174119,#
8,0.174447,0.297439,0.180377,0.291703,0.279036,0.311586,0.305701,0.207008,1.000000,0.240098,0.344031,0.161017,0.169148,0.066210,0.309389,0.203062,0.036101,0.165106,0.106633,0.183140,0.233174,0.177085,0.158783,0.342083,0.158473,0.188918,0.183254,0.197381,0.079770,0.272338,-0.009521,0.198430,0.144445,0.127496,0.178165,0.187764,0.270470,0.019254,0.232471,0.189165,0.202929,0.176362,0.117867,0.104640,0.300381,0.287691,0.115374,0.171214,0.104312,0.253357,0.146837,0.402077,0.141501,0.330307,0.125242,0.298038,0.222491,0.241611,0.161058,0.241544,0.202939,0.160948,0.259363,-0.122248,0.292187,0.365734,0.165146,0.117761,0.353978,0.137845,0.137221,0.142801,0.299861,0.030150,0.188657,0.147237,0.054370,0.147009,0.128353,0.157800,0.260491,0.325243,0.243482,0.014146,0.467063,0.209211,0.121554,0.134682,0.196222,0.362735,0.150524,0.338354,0.162327,0.115416,0.357212,0.341547,0.220503,0.068570,0.216733,0.104601,0.202715,0.087839,0.156709,0.203374,0.209030,0.116543,0.250524,0.235233,0.042570,0.258139,0.151741,0.186665,0.011432,0.239801,0.171693,0.280712,0.143409,0.083509,0.078221,0.237819,0.240342,0.167268,0.195116,0.170932,0.190615,0.272108,0.150691,0.325013,0.040609,0.343366,0.182400,0.001460,0.253543,0.156265,0.322214,0.260706,0.054049,0.276408,0.207060,0.089794,0.306107,0.225214,0.253476,0.071144,0.041557,0.076016,0.187306,0.219748,0.153328,0.112208,0.296288,0.051163,0.189321,0.170093,0.412489,0.290006,0.229118,0.210094,0.132875,0.167712,0.060749,0.182613,0.099714,0.102550,0.228067,0.161273,0.188135,0.071074,0.186822,0.175531,0.135805,0.236691,0.113668,0.058619,0.099994,0.289915,0.071993,0.319879,0.181255,0.108257,0.145376,0.113342,0.197358,0.222549,0.103072,0.213250,0.000282,0.066459,0.177143,0.234519,0.253142,0.128455,0.218807,0.131866,0.314429,0.023920,0.068399,0.129725,0.043321,0.131050,#
9,0.092432,0.016926,0.099416,0.104396,0.084769,0.232452,0.113593,0.139667,0.240098,1.000000,0.374110,0.012267,0.108537,0.238118,0.211051,0.220809,0.010004,0.098112,-0.077340,0.291598,0.088270,0.044102,0.019507,0.065613,0.039198,-0.001154,0.252948,0.180607,0.083438,0.196874,0.173687,0.093429,0.060431,0.157862,0.220732,0.093846,-0.038078,0.194773,0.089853,-0.009684,0.299453,0.148193,0.109912,-0.040498,0.063190,0.190419,0.145858,0.075191,0.143232,0.117008,0.084679,0.234328,0.009248,0.147236,0.052409,0.281935,0.106052,0.169300,0.122999,-0.070820,0.237457,0.023491,0.208728,0.001464,0.216120,0.212396,0.039784,-0.010800,0.156182,-0.000721,0.177852,0.225008,0.131704,0.128719,0.132490,0.166797,-0.005083,0.061798,0.213262,0.187992,0.166962,0.281493,0.025136,-0.034682,0.269858,0.075086,0.107313,0.117881,-0.089581,-0.039664,-0.028173,0.144940,0.199284,0.036421,0.111549,0.177661,0.172857,0.189764,0.172203,-0.044862,0.082905,0.131647,0.318335,0.083498,0.284268,0.082561,0.151602,0.044646,0.200441,-0.021762,0.076149,0.067871,0.108366,0.244754,0.100459,0.115366,0.001085,0.152832,0.172821,-0.033107,0.160413,0.353806,0.031461,0.213092,0.029953,0.162367,-0.113249,0.170024,0.166384,0.258551,0.156726,-0.011063,0.077686,0.138609,0.131877,0.153662,0.159748,0.313090,0.142303,-0.152601,0.082867,0.165876,0.197803,0.042037,0.064702,0.201600,0.153070,0.203870,0.073663,0.365330,0.088444,-0.093982,0.315951,0.273123,0.200141,0.206677,0.138443,0.147238,0.286406,0.047678,0.152006,0.139688,0.003474,0.314216,0.120007,0.091364,0.088650,0.045986,0.275352,0.078507,0.173113,0.214484,0.071997,0.114406,0.035852,0.181007,0.175304,0.114024,-0.000295,0.043532,-0.009171,0.057435,0.238125,0.173437,0.031267,0.138890,0.102608,0.084812,0.244000,0.039571,0.129073,0.124920,0.078202,0.176411,0.107049,0.129140,0.133038,0.020840,0.136571,0.214156,#
10,0.125301,0.310863,0.328252,0.295761,0.117726,0.211421,0.165843,0.274444,0.344031,0.374110,1.000000,0.229633,0.076421,0.260898,0.235485,0.104502,0.068536,0.217112,0.144355,0.208003,0.092593,0.173985,-0.087810,0.177908,0.094965,0.068685,0.164959,0.326141,0.047605,0.314139,0.216403,0.145717,0.214036,0.186859,0.161831,0.212375,0.130452,0.107735,0.342495,0.171540,0.274367,0.095765,0.171225,0.068476,-0.049031,0.233277,0.276148,0.133573,0.171540,0.174563,0.205937,0.250983,0.050465,0.286055,-0.013491,0.320268,0.107668,0.023324,0.067197,0.130859,0.118394,0.160893,0.144068,0.154997,0.420230,0.310769,0.190975,0.135433,0.199785,0.215729,0.164164,0.231391,0.253799,0.178732,0.151322,0.160876,0.109509,0.071241,0.137571,0.197165,0.302481,0.127647,0.280908,0.087600,0.393556,-0.014942,0.234139,0.138237,0.074214,0.124082,0.001684,0.124207,0.255058,0.166196,0.122607,0.284578,0.209474,0.023582,0.233654,0.166873,0.086133,0.035589,0.211770,0.022622,0.204792,0.056135,0.195262,0.314076,0.206839,0.077648,0.090104,0.239038,0.129599,0.185572,0.390694,0.314017,0.111004,0.025828,0.020516,0.146329,0.170168,0.298491,0.038967,0.167473,0.104824,0.015367,0.160898,0.181540,0.192470,0.273957,0.321583,0.099713,0.137026,0.143647,0.202946,0.129744,0.006395,0.411413,0.176748,-0.046165,0.251412,0.112761,0.250648,0.138730,0.155963,0.129847,0.060908,0.067224,0.108496,0.147136,0.158849,0.208831,0.197224,0.044811,0.362007,0.135266,0.177537,-0.067837,0.257261,0.133538,0.229186,0.089135,0.330627,0.242061,0.227453,0.169887,0.231063,0.075413,0.152452,0.208484,0.268045,0.264945,0.120287,0.164256,0.071435,0.112654,0.177189,0.285094,-0.004877,0.115787,0.211039,0.127501,0.293228,0.093962,0.174747,0.231115,0.033073,-0.160778,0.141907,0.240477,0.231904,0.127040,0.184836,0.059118,0.285131,0.035617,-0.015671,0.232626,0.278797,0.432401,#
11,-0.005867,0.235608,0.327849,0.268928,0.090154,0.132698,0.151787,0.379354,0.161017,0.012267,0.229633,1.000000,0.052170,0.136433,-0.028388,0.078734,0.068505,0.275202,0.104589,-0.037777,0.107479,0.211146,-0.057202,0.165367,0.295462,0.287704,0.028674,0.341740,-0.114488,0.271359,0.233354,0.159263,0.141099,0.172992,0.133664,0.184158,0.197240,-0.024064,0.137719,0.135412,0.109112,0.230059,0.309510,0.279905,-0.003531,0.241662,0.155195,0.112439,0.170528,0.065358,0.187447,0.238026,0.128980,0.311757,-0.052620,0.049106,0.120782,0.204676,0.183371,-0.041486,0.044663,0.057743,0.255033,0.098529,0.180338,0.302317,0.190658,0.276354,0.144407,0.240693,0.028420,0.067307,0.291558,0.070835,0.030429,0.115836,0.047440,0.087606,0.201361,0.122149,0.207100,0.095067,0.261192,0.065095,0.257264,-0.074931,0.124155,0.312298,0.223927,0.065513,0.102389,0.244126,0.374364,0.427025,0.090377,0.221951,-0.042506,0.051180,0.228801,0.262210,0.203989,0.112201,0.019123,0.171875,0.032934,0.279691,0.284797,0.317785,0.313128,0.136290,0.215416,0.121173,0.201468,0.183031,-0.050090,0.394692,0.067798,0.087697,-0.074289,0.159301,0.058688,0.157536,0.208745,0.165464,0.156368,0.048114,0.191180,0.209721,0.234501,0.174555,0.072429,0.280121,0.247048,0.242974,0.148241,0.148473,-0.202796,0.406807,-0.037152,0.220059,0.173039,0.096803,0.077418,0.093034,0.165142,0.125362,0.159001,0.103442,0.089216,0.023438,0.039289,0.285919,0.104067,0.090507,0.267875,0.103501,0.119721,-0.093443,0.203881,0.160376,0.211476,0.267131,0.033023,0.047861,0.142279,0.124438,0.332772,0.148887,0.172181,0.197958,0.207963,0.121721,0.058529,-0.036260,0.163373,0.176267,0.234490,0.203714,0.034096,0.076231,0.240506,0.118868,0.200096,0.052925,-0.099890,0.182993,-0.004277,0.071047,0.057059,0.223131,0.055547,0.055204,0.291497,0.157391,0.317962,0.133401,0.128736,0.247591,0.102422,0.213486,#
12,0.092936,0.088068,0.134503,0.234149,0.073773,0.235432,0.028599,-0.072011,0.169148,0.108537,0.076421,0.052170,1.000000,-0.081075,0.158703,0.103659,0.321834,0.114738,0.220751,0.309542,0.112647,0.082313,0.144136,0.195271,0.023243,0.140122,0.187265,0.175719,0.025864,0.193205,-0.026230,0.252749,0.144077,0.149378,0.172980,0.323624,0.158664,-0.028497,0.137299,0.081520,0.184845,0.042719,0.153018,0.199055,0.281080,0.131456,0.169920,-0.112210,0.151187,0.114743,0.189331,0.115522,0.127926,0.171953,0.118191,0.158842,0.016635,0.135134,-0.010921,-0.099373,0.027702,0.142374,0.069110,0.181194,0.283513,0.177178,0.134548,0.095448,0.034452,0.049430,0.045896,0.152780,0.117949,0.052142,0.221343,0.193637,0.115801,-0.034047,0.147067,-0.005302,0.187531,0.141891,-0.012944,0.029094,0.144147,0.189276,0.078006,0.313411,0.176196,0.003969,0.091202,0.117902,-0.016389,0.183694,0.187471,0.180639,0.259214,0.091066,0.141933,-0.014336,0.195572,0.133796,0.087939,0.087440,0.286504,-0.011332,0.251177,0.075800,-0.045583,0.042922,0.274106,0.021985,0.121634,0.156846,0.023392,0.075793,0.139816,0.028333,0.132652,-0.013260,0.138863,0.178618,0.277217,0.138497,0.152051,-0.022777,0.229341,0.060915,0.021284,0.067430,0.127513,0.101740,0.069553,0.073119,0.118116,0.079688,0.156479,0.125977,0.123297,0.108251,0.162969,0.100476,0.056498,0.087043,-0.018619,0.084275,-0.015103,0.218445,0.003554,0.014293,0.007270,0.176506,0.110696,0.089206,0.010110,0.179474,0.079611,-0.149496,0.041730,0.099845,-0.003434,0.292414,0.135498,0.277443,0.123231,-0.009891,0.306834,0.044073,0.090716,0.115080,0.146861,0.073458,0.074209,0.095624,0.116994,0.129645,0.195162,0.222882,0.025964,0.172359,0.116907,0.089903,0.250891,0.082630,0.123975,0.047141,0.146641,0.192795,0.110751,-0.017641,0.203744,0.012916,0.108800,0.134350,0.084991,0.051713,0.149706,0.192538,0.122929,0.025111,#
13,0.050729,0.161228,0.300437,0.120441,0.096113,0.180765,0.217258,0.142281,0.066210,0.238118,0.260898,0.136433,-0.081075,1.000000,0.268891,0.106599,0.243535,0.026166,0.150320,0.276368,0.212705,0.124914,-0.124827,0.167303,0.053782,0.309501,0.292735,0.199307,0.095858,0.132005,0.191298,0.180038,0.188595,0.190915,0.154698,0.039038,0.071305,0.078655,0.007210,0.175961,-0.014498,0.164484,0.198140,0.142743,-0.007669,0.215707,0.231413,0.146344,0.119763,0.143413,0.160084,0.167854,0.202952,0.219276,0.056203,0.234824,0.078498,0.164128,0.059247,0.216434,0.183339,0.140832,0.259183,0.061799,0.189897,0.188066,0.383245,0.173454,0.295240,0.159085,0.048181,0.115887,0.157577,0.059054,0.256476,0.119626,0.265549,0.275180,0.332195,0.113683,0.201087,0.290803,0.065038,0.305952,0.322450,0.053585,0.176951,0.214418,0.301681,0.039549,0.051138,0.165525,0.167571,0.242154,-0.001590,0.111622,0.197867,0.001522,0.208832,0.256945,0.212759,0.252121,0.232026,0.194896,0.041147,0.181474,0.199034,0.243003,0.309478,0.176918,0.074440,0.088368,0.379153,0.158318,0.210687,0.274442,0.356765,0.150264,-0.014646,0.111131,0.304025,0.233156,0.150517,0.209880,0.216800,0.025737,0.076952,-0.022917,0.308754,0.266677,0.081364,0.141989,0.089129,0.098222,0.323010,0.174963,0.097328,0.186375,0.187196,0.172383,0.036425,0.072316,0.332800,0.217235,0.172059,0.234345,0.153351,0.219285,0.037844,0.105217,0.101405,0.098949,0.156163,0.256919,0.240548,0.204171,0.001417,0.193030,0.253794,0.236543,0.061330,0.352622,0.078580,0.291459,0.205373,0.081530,0.080778,0.079653,0.140935,0.204550,0.177753,0.309111,0.187726,0.082829,0.112039,0.184207,0.167413,0.133807,0.234575,-0.117927,0.082367,0.181439,0.209064,0.172411,0.174050,0.242980,0.208945,0.142090,0.044259,0.211712,0.084423,0.178864,0.204792,0.096409,0.139153,0.169980,0.037387,0.165734,0.223990,0.233436,#
14,0.272632,0.033811,0.067748,0.139397,0.055647,0.171164,0.036006,0.257087,0.309389,0.211051,0.235485,-0.028388,0.158703,0.268891,1.000000,0.250461,0.144531,0.106439,0.185589,0.377333,0.155392,0.022899,0.173005,0.294497,0.109325,0.024852,0.271672,0.246467,0.110195,0.200568,-0.043573,0.121917,0.099634,0.072928,0.205731,0.137756,0.118611,0.181163,0.114941,0.296801,0.186128,0.057676,0.218512,-0.038592,0.122614,0.304852,0.174913,0.017807,0.083932,0.182025,0.260219,0.118563,0.224746,0.285546,0.315716,0.249058,0.216646,0.055230,0.023364,0.019383,0.232658,0.269938,0.103953,0.059660,0.230672,0.057617,0.255975,0.113214,0.131143,0.187782,0.020426,0.070425,0.106491,0.243931,0.174235,0.175600,0.125106,0.107872,0.121169,0.210346,0.255550,0.165435,0.122855,0.152582,0.222087,0.237715,-0.018268,0.090553,0.112298,0.081649,0.146840,0.162563,0.189297,0.117955,0.237300,0.085478,0.160457,0.074707,0.095885,0.088747,0.194805,0.161745,0.125574,0.238413,0.160345,0.148642,0.319889,0.251343,0.084713,0.151777,-0.005683,0.000764,0.150023,0.101963,0.173300,0.116251,0.105397,0.110866,0.179436,0.165448,0.409937,0.289753,0.022735,0.101467,0.167801,0.080599,0.165065,0.115503,0.023081,0.296164,0.139802,0.057953,0.122689,-0.014319,0.148817,0.048728,0.061324,0.173216,-0.046236,0.014925,0.258626,0.228135,0.258500,0.071048,-0.002634,0.274231,0.120562,0.143223,-0.041288,0.063792,0.162513,0.107595,-0.027664,0.183038,0.174984,0.171702,0.235229,0.086642,0.100151,0.158425,0.040863,0.161015,0.074617,0.104213,0.185868,0.055110,0.112024,0.051451,0.071428,0.170796,0.249920,0.306376,0.228499,0.116678,0.040432,0.077566,0.328941,0.259150,0.252611,0.094482,0.064993,0.143082,0.180204,0.141503,0.169308,0.168619,0.150902,-0.061663,0.029706,0.190831,0.082823,0.165068,0.151036,0.154013,0.168817,-0.066908,-0.100683,0.115899,0.234896,0.173386,#
15,0.169056,-0.007880,0.229639,0.210590,0.105580,0.068601,0.169564,0.142596,0.203062,0.220809,0.104502,0.078734,0.103659,0.106599,0.250461,1.000000,0.251008,0.278383,0.138517,0.138150,0.102773,0.122730,0.195597,0.283408,0.108142,0.308121,0.236562,0.147912,0.165625,0.234582,0.064730,0.169235,0.099173,0.213206,0.146969,-0.006612,0.060750,0.118053,0.179760,0.087462,0.138860,0.190238,0.174358,0.156312,0.163590,0.170204,-0.064333,0.081780,-0.014494,0.266283,-0.023483,0.205252,0.166327,0.156089,0.147414,0.177722,0.145077,0.147709,0.176802,0.211246,0.172310,-0.004229,0.219493,-0.047261,0.169323,0.180912,0.158446,0.176475,0.128691,0.047967,0.247565,0.182612,0.116831,0.142539,0.185251,0.193481,0.002415,0.219296,0.038136,0.235261,0.240254,0.121786,0.016445,0.178696,0.210307,0.139678,0.099283,0.189808,0.214551,0.243969,0.040163,0.184808,0.147605,0.227374,0.083106,0.105235,0.344182,0.042883,0.083161,0.033186,0.218245,0.118741,0.071380,0.166964,0.017453,0.095951,0.170930,0.145593,0.052567,0.193819,0.060401,0.197466,0.100432,0.037716,0.136375,0.254173,0.110998,-0.086766,0.071318,-0.000555,0.313086,0.261531,0.128443,0.283349,0.205016,0.056333,0.086637,0.168904,0.092853,0.195301,0.095980,0.241643,0.144653,0.140524,0.171031,0.222091,0.034104,0.046331,0.014419,-0.056914,0.050913,0.281362,0.170622,0.073391,0.187635,0.074882,0.093168,0.228468,0.296685,0.122106,0.152243,-0.075984,0.092857,0.385649,0.067725,0.323275,0.111764,0.121479,0.188215,0.148331,0.014774,0.106586,0.284931,0.115588,0.148467,0.206021,0.185268,0.095377,0.133988,0.045140,0.008785,0.154184,0.146935,-0.075351,0.178731,0.109618,0.291754,0.087256,-0.111506,0.099325,0.247310,0.123927,0.162568,0.279867,0.007274,0.142391,0.040316,0.119828,0.027058,0.061211,-0.014535,0.119950,0.157222,0.116131,0.135478,0.066797,0.062303,0.205411,0.110745,-0.093899,#
16,0.119117,0.136028,0.064876,0.215988,0.062572,0.084274,0.102888,0.071516,0.036101,0.010004,0.068536,0.068505,0.321834,0.243535,0.144531,0.251008,1.000000,0.149169,0.143053,0.312753,0.197186,0.146843,0.141686,0.125369,-0.093507,0.237604,0.148695,0.026361,0.078961,0.275476,0.114286,0.207489,0.005211,0.326098,0.092344,0.143318,0.144869,0.047284,0.153255,0.093469,0.006218,0.139625,0.160986,0.128441,0.160432,0.300414,0.086805,0.027101,0.092826,0.058613,0.095910,0.145073,0.279139,0.159222,0.100745,0.052348,0.028188,0.113077,0.079782,-0.028746,0.083782,0.270856,0.292392,0.234194,0.260648,0.087055,0.183119,0.310731,0.086450,0.211230,-0.033940,0.281199,0.288055,-0.020816,0.087409,0.186371,0.052114,0.274526,0.119728,0.069920,0.076333,0.141799,0.043038,0.100196,0.160391,0.122682,0.164986,0.150716,0.173450,0.010130,0.062104,0.208870,0.069007,0.145727,0.086002,0.038800,0.249266,-0.047714,0.089612,0.164413,0.120359,0.032675,-0.079200,0.069634,0.114469,0.093137,0.177402,0.075797,0.002893,0.190352,0.104968,0.092312,0.118990,0.121069,0.206941,0.228931,0.086737,0.076863,-0.076105,0.260208,0.214092,0.162711,0.127590,0.260425,0.216848,-0.139827,0.087397,-0.054321,0.069624,0.197621,0.046390,0.058653,0.293724,-0.114007,0.337564,0.246732,-0.041564,0.221307,0.125494,0.158815,-0.009546,0.101986,0.105919,0.137998,0.205555,0.118018,0.090262,0.163507,0.216982,0.046497,-0.048741,0.176725,0.007819,0.085025,0.196830,0.169859,-0.000950,0.050738,0.093120,0.155215,0.009875,0.301733,0.229116,0.252178,0.096553,0.072050,0.213326,0.041066,0.038965,0.072154,0.050837,0.065698,0.073876,-0.010315,0.157987,0.193775,0.030548,0.103152,0.110714,0.012495,0.048056,0.152044,0.225216,0.008326,-0.009473,0.180619,0.207121,0.149877,0.029139,0.084763,0.264203,-0.060815,-0.031624,0.110533,0.184286,0.278888,-0.016280,0.166192,0.004713,0.005079,#
17,0.222548,0.157077,0.105389,0.303076,0.178243,0.161436,0.066714,0.290964,0.165106,0.098112,0.217112,0.275202,0.114738,0.026166,0.106439,0.278383,0.149169,1.000000,0.102560,0.200132,0.264237,0.109182,0.046171,0.248038,0.021930,0.139296,0.100790,0.095478,0.022634,0.218509,0.123803,0.124214,0.333313,0.158992,0.063544,0.201550,0.010968,0.161164,0.239938,0.038355,0.229061,0.147202,0.030110,0.223250,0.023328,0.235854,0.191153,0.032120,0.119573,0.105242,0.142455,0.144522,0.068484,0.191354,0.098713,0.179656,0.243873,0.111038,0.042085,-0.034332,0.165974,0.090549,0.163567,0.028211,0.192812,0.244674,0.243424,0.197424,0.133528,0.252691,0.068690,0.220938,0.196771,0.076843,0.122305,0.262408,0.065485,0.148839,0.033818,0.225992,0.098907,0.179702,0.267781,0.042638,0.147711,-0.136166,0.174652,0.205473,0.204397,0.172207,0.046291,0.103841,0.182611,0.161997,0.017974,0.235578,0.129197,0.208081,0.198430,0.150208,0.158383,-0.020252,0.097116,0.188712,0.055539,0.198654,0.187222,0.198967,0.123462,-0.022390,0.203707,0.130336,0.133224,0.290400,0.081429,0.254027,0.041306,0.030182,0.010262,0.066140,0.049517,0.263413,0.138279,0.239924,0.355587,0.064440,0.115111,0.181021,0.089055,0.147074,0.125120,0.216223,0.243901,0.100909,0.164377,0.319812,0.118604,0.245247,0.053597,0.216698,0.175146,0.176385,0.046610,0.169128,0.188634,0.195162,0.019973,0.063015,-0.004625,0.007053,0.101132,-0.064643,-0.010789,0.200885,0.241037,0.247862,0.152171,0.022381,0.310168,0.252536,0.089735,0.224563,0.206259,0.182909,0.138026,0.212401,0.153859,0.204361,0.171563,0.046079,0.271895,0.066139,0.040802,0.035353,0.171200,0.048474,0.254493,0.116210,-0.141240,0.239718,0.028468,0.212075,0.240708,0.138644,-0.064839,0.125096,0.136743,0.056874,0.176010,0.196711,0.149606,0.234751,0.253990,0.075488,0.344297,0.111963,0.070921,0.164643,0.019839,0.148815,#
18,0.270670,-0.036022,0.075060,0.251578,0.152639,0.051850,0.150681,0.004965,0.106633,-0.077340,0.144355,0.104589,0.220751,0.150320,0.185589,0.138517,0.143053,0.102560,1.000000,0.116309,0.227078,0.150966,-0.019074,0.350893,0.164826,0.118783,0.151895,0.283486,0.116063,0.114095,0.068709,-0.013866,0.219504,0.097290,0.249901,0.252772,0.222301,0.069828,0.109266,0.344227,0.107075,0.199751,0.165278,0.209202,0.125081,0.105293,0.068026,-0.000141,-0.029424,0.273872,0.210169,-0.009772,0.169967,0.184451,0.087326,0.166113,0.164010,0.095118,-0.045229,-0.024678,0.075722,0.061186,0.219158,0.111106,0.153530,0.137447,0.302027,0.221582,-0.012503,-0.008079,-0.009799,0.029408,0.083261,-0.038875,0.078470,0.168393,0.072446,0.189896,0.161014,0.132463,0.249277,0.002726,0.145314,0.219964,0.121249,-0.025546,0.250301,0.043794,0.191819,0.111535,0.211989,0.040507,0.092266,0.202168,0.084506,0.270890,0.331646,0.102143,0.158599,0.243926,0.058577,0.189076,0.196648,0.168940,0.272864,0.157267,0.157202,0.105763,0.139619,0.148715,0.255433,0.267178,0.166452,0.088309,0.048671,0.087520,0.105818,-0.167422,0.091200,0.160669,0.133286,0.179382,0.127516,0.033283,0.155061,0.018786,0.214008,0.090003,0.231492,0.141283,0.188066,0.211087,0.090910,0.131228,0.167811,-0.063820,0.034938,0.230180,0.046118,0.167930,0.175676,0.067788,0.150082,0.092369,0.168169,0.189298,0.035079,0.084206,0.040360,0.042461,0.054288,0.179845,0.058289,0.126433,0.158123,0.235958,0.236335,0.058803,-0.005485,0.330208,0.183421,0.186607,0.178987,0.147775,0.111949,0.215338,0.173104,0.095580,0.033515,0.200830,-0.049170,0.108562,0.189473,0.088135,-0.036130,0.300762,0.249727,0.207490,0.239027,-0.071727,0.131748,0.104252,0.241207,0.019662,0.167322,0.036323,0.297154,0.170757,0.071768,0.097168,0.119646,0.222852,0.221203,0.063866,0.149695,0.029589,0.097926,0.228970,0.266902,0.066509,#
19,0.241697,0.105290,0.164360,0.189409,0.301245,0.157633,0.030453,0.131630,0.183140,0.291598,0.208003,-0.037777,0.309542,0.276368,0.377333,0.138150,0.312753,0.200132,0.116309,1.000000,0.238948,0.154881,0.158644,0.165573,0.027858,0.336894,0.291815,0.200432,0.147968,0.302975,0.069021,0.248831,0.180598,0.171494,0.216012,0.332413,0.053625,0.007613,0.251178,0.153360,0.183643,0.251430,0.043632,0.086305,0.122819,0.325659,0.273178,0.280049,0.056107,0.279924,0.248586,0.164158,0.103784,0.355444,0.193265,0.355962,0.202803,0.134300,0.120964,0.076738,0.184757,0.242279,0.219338,0.264041,0.326541,0.114185,0.146886,0.256043,0.078947,0.259426,0.181436,0.183295,0.191295,0.091687,0.257852,0.410627,0.132017,0.298286,0.335770,0.152329,0.296509,0.275077,0.203136,0.162614,0.355221,0.068136,0.144923,0.201935,0.203196,0.056192,0.018489,0.193116,0.273403,0.152571,0.072365,0.277812,0.274668,0.220331,0.005742,0.116338,0.155742,0.151901,0.272165,0.223397,0.321971,0.306810,0.141625,0.373478,0.047616,0.071534,0.153683,0.174577,0.197183,0.273239,0.207707,0.163737,0.253013,0.226404,0.203727,-0.006409,0.380764,0.375103,0.239271,0.307544,0.373787,0.070693,0.268609,0.189743,0.047276,0.305708,0.123753,-0.015713,0.227607,0.090178,0.238954,0.184359,0.103795,0.398927,0.188232,0.093146,0.107897,0.311852,0.274290,0.118345,0.104626,0.230312,0.085842,0.253187,0.195546,0.029470,0.157786,0.267773,0.131617,0.307737,0.309288,0.152044,0.200229,-0.009073,0.179177,0.125252,0.304779,0.261388,0.223071,0.250273,0.253518,0.156249,0.102502,0.105789,0.232477,0.138361,0.180053,0.234029,0.311118,0.172419,0.053441,0.140084,0.297675,0.220585,0.172436,0.073043,0.095171,0.224943,0.314814,0.199101,0.170995,0.194477,0.201746,0.172864,0.165194,0.175758,0.384506,0.203027,0.021769,0.138469,0.270964,0.120145,0.097895,0.185993,0.253396,0.350198,#
20,0.148653,0.099856,0.272366,0.236915,0.320048,0.212674,0.214755,0.115361,0.233174,0.088270,0.092593,0.107479,0.112647,0.212705,0.155392,0.102773,0.197186,0.264237,0.227078,0.238948,1.000000,0.173823,0.061582,0.253644,0.237431,0.287160,0.160350,0.180517,0.107939,0.202933,0.075896,0.056523,0.199578,0.188889,0.093079,0.117637,0.222880,0.065847,0.109779,0.227979,0.225184,0.353672,0.064539,-0.007254,0.251618,0.261685,0.347596,0.076986,0.108372,0.190439,-0.021877,0.210250,0.099748,0.315649,0.149737,0.131035,0.203509,0.223214,0.146451,-0.016708,0.170791,0.138179,0.278576,0.093042,0.165865,0.131975,0.201062,0.203965,0.329927,0.216460,0.185482,0.249940,0.331198,0.143088,0.036888,0.021848,0.097832,0.350172,0.196727,0.096674,0.231929,0.166723,0.290504,0.002776,0.262380,0.159398,0.138149,0.176698,0.337392,0.127900,0.121524,0.267350,0.147003,0.284138,0.214734,0.174695,0.213624,0.252965,0.193591,0.037048,0.206722,0.077476,0.168698,0.158665,0.114493,0.184376,0.119379,0.208487,0.106844,0.236299,0.282008,0.290868,0.148690,0.221539,0.113686,0.343301,0.260451,0.081267,-0.047339,0.192837,0.054944,0.247438,0.056155,0.060208,0.258099,0.036306,0.195309,0.193226,0.224106,0.195432,0.138959,0.165703,0.203613,0.001569,0.278652,0.132764,0.207981,0.257904,0.139961,0.108856,0.256461,0.163154,0.123378,0.213901,0.260394,0.138665,0.002528,0.201848,0.225136,0.149768,0.220379,0.183192,-0.003855,0.172437,0.237714,0.165626,0.115694,-0.040005,0.103333,0.372488,0.186292,0.317683,0.169861,0.165506,0.243554,0.117881,-0.009020,0.262386,0.102633,0.077931,0.199650,0.074950,0.036479,0.058990,0.096051,0.234232,0.093795,0.174359,0.264325,0.154199,0.035742,0.162030,0.156236,0.195312,0.171683,-0.054121,0.230337,0.125414,0.152983,0.348800,0.109364,0.228897,0.191376,0.161537,0.230021,0.225838,0.122609,0.215238,0.154321,0.207214,#
21,0.205753,0.198476,0.333649,0.194413,0.147878,0.096959,0.185704,0.197472,0.177085,0.044102,0.173985,0.211146,0.082313,0.124914,0.022899,0.122730,0.146843,0.109182,0.150966,0.154881,0.173823,1.000000,0.038448,0.117429,0.055719,0.119110,0.212356,0.219080,0.230406,0.201018,0.115465,0.185005,0.127820,0.226229,0.017417,0.282121,0.231361,0.167970,0.286723,0.102942,0.075069,0.163465,0.105386,0.180070,0.026375,0.186004,0.230415,0.259250,0.015103,0.162791,0.137428,0.118038,0.020230,0.164268,0.139154,0.142926,0.113079,0.062741,-0.082674,0.051522,0.098064,-0.023329,0.236604,0.138108,0.318115,0.236633,0.057411,0.143745,0.290176,0.310336,0.268972,0.129361,0.396237,0.285856,0.056585,0.125619,0.085009,0.134092,0.038387,0.113879,0.236336,0.111133,0.086335,-0.153948,0.249448,-0.081914,0.206378,0.061843,0.234613,0.300743,0.047020,0.047265,0.054349,0.044395,0.175061,0.159475,0.200458,0.147450,0.039037,0.229582,0.404272,0.161660,0.070917,0.105921,0.135647,0.151249,0.210913,0.161596,0.165130,0.135483,0.210391,0.168174,0.086722,0.158093,0.119929,0.300080,0.219975,0.065545,0.049261,0.166103,0.075792,0.213847,0.041401,0.259670,0.114077,0.040799,0.158784,0.171047,0.019279,0.113213,0.087574,0.144732,0.321498,0.080962,0.132739,0.115487,0.238730,0.138603,0.033332,0.268545,0.201589,0.234183,0.139965,0.127568,0.208787,0.213298,0.163265,0.159281,0.195931,0.047640,0.048800,0.046230,0.107421,0.003551,0.267502,0.052940,-0.031281,0.089657,0.029557,0.106561,0.195233,0.345479,0.151249,0.072198,0.189784,0.074743,0.020078,0.164439,0.094328,0.301898,0.073609,0.158309,0.167812,0.111991,0.001425,0.278182,0.299478,0.192168,0.043467,0.144805,0.104902,0.132797,0.032815,0.198454,-0.039655,0.111407,0.190297,0.252021,0.233587,0.131642,0.269855,0.019321,0.296965,0.115331,0.297623,0.212134,0.081568,0.268436,0.206142,0.190747,#
