0,1.000000,0.061658,0.194523,0.143709,0.282865,0.108552,0.085989,-0.015691,0.228497,0.136336,0.195392,0.031041,0.107999,0.050449,0.287222,0.122046,0.122711,0.273186,0.244753,0.319160,0.224506,0.215549,0.236447,0.279650,0.171895,0.098071,0.219467,0.007111,0.250514,0.280095,0.021563,0.127038,0.119685,0.181270,0.041714,0.121648,0.130267,0.146293,0.307824,0.266325,0.190916,0.148338,0.191086,0.188292,0.040031,0.145439,0.170458,0.250582,0.235386,0.217931,0.176948,-0.024778,0.080194,0.214804,0.200294,0.265491,0.294644,0.178804,0.022188,0.076205,0.239335,0.040609,0.157479,0.043043,0.106220,0.107659,0.080179,0.171855,0.242423,0.161181,0.211192,0.122087,0.272294,0.238613,0.134250,-0.105055,0.178463,0.237193,0.073974,0.040706,0.162567,0.090310,0.141752,0.201185,0.321101,0.050910,0.181160,0.126193,0.263885,0.141531,0.088970,0.104679,0.122990,0.218280,0.312593,0.153740,0.302731,0.044442,0.156713,0.272734,0.251897,0.208522,0.081643,0.206402,0.186710,0.191142,0.267957,0.142806,0.064954,-0.103634,-0.009731,0.170345,0.077380,0.169687,0.066053,0.122886,0.186608,0.145091,0.107034,0.075618,0.282321,0.205460,0.133357,0.167178,0.132794,0.251054,0.133667,-0.026675,0.128504,0.248824,0.283885,0.080307,0.252663,0.064798,0.155307,0.048982,0.358634,0.084519,0.123903,0.260457,0.321140,0.180609,0.117825,0.188172,0.137818,0.176131,0.117434,0.129453,0.270541,0.122038,0.020489,-0.004735,0.229077,0.150118,0.229470,0.147290,0.033822,0.082594,0.153651,0.261547,0.110153,0.240303,0.108980,0.046923,0.197809,0.078704,0.124750,0.275586,0.150904,0.094955,0.298723,-0.084157,0.219828,0.116475,0.010303,0.220200,0.301435,0.196074,0.135531,0.093406,0.151217,0.235894,0.055794,0.062089,0.138434,0.158888,0.346490,0.333802,0.280748,0.090242,0.104794,0.193447,0.105671,0.058800,0.229167,0.013721,0.051801,0.221777,0.430050,0.254683,#
1,0.061658,1.000000,0.213855,0.222470,0.209229,0.182260,0.307864,0.108341,0.268447,0.047040,0.347314,0.252091,0.180790,0.229316,0.117859,0.002197,0.162301,0.179538,0.109322,0.189881,0.141096,0.253529,0.041950,0.195020,0.174113,0.217345,0.277072,0.278753,-0.036848,0.228142,0.223771,0.195160,0.062677,0.201132,-0.034737,0.142887,0.164222,0.133849,0.331476,0.070406,0.044759,0.061211,0.304366,0.206595,0.230378,0.206921,0.399720,0.235141,0.064195,0.046326,0.217979,0.122859,0.310072,0.164224,0.042336,0.179190,0.230749,0.136428,0.158227,0.092962,0.153581,0.163793,0.234040,0.063205,0.119455,0.190251,-0.009985,0.187356,0.219172,0.281505,0.060134,0.109117,0.303277,0.106583,0.225038,0.084418,0.140894,0.200669,0.300524,0.098295,0.265016,0.253579,0.157295,0.209683,0.240390,-0.160394,0.228750,0.120086,0.168846,0.210812,0.148864,0.191439,0.132469,0.240083,0.123871,0.167658,0.090486,0.030704,0.102685,0.133675,0.230484,0.090594,0.148327,0.208390,0.101956,0.212136,0.340118,0.312253,0.067300,0.194912,0.322397,0.210649,0.066017,0.131273,0.237093,0.278461,0.184427,0.163628,0.078296,0.166003,0.083689,0.182104,0.205356,0.199623,0.141064,0.110521,0.150772,0.082260,0.089309,0.189115,0.176192,0.176111,0.148703,0.189853,0.328231,0.342270,0.191149,0.308123,0.221951,0.266692,0.184125,0.088481,0.247717,0.150192,0.250704,0.172594,0.089182,0.083659,0.228464,0.125818,0.056846,0.085741,0.107608,-0.019393,0.322298,0.162936,0.079080,0.047213,0.000838,0.022345,0.017233,0.299340,0.255814,0.231666,0.247766,0.110765,0.082215,0.178949,0.175340,0.307397,0.180027,0.185949,0.166598,0.098318,0.090042,0.165954,0.028597,0.334198,0.233655,0.100231,0.129653,0.194813,0.216539,0.066993,0.167174,0.166018,0.129115,0.141217,0.136710,0.177515,0.312845,0.077827,0.040135,0.214720,0.192849,0.183582,-0.031267,0.169231,0.134430,0.206658,#
2,0.194523,0.213855,1.000000,0.249595,0.178465,0.086851,0.240476,0.252972,0.164794,0.151131,0.304763,0.380481,0.196369,0.340617,0.076492,0.233066,0.147332,0.101189,0.194357,0.212106,0.273657,0.388524,-0.020443,0.127103,0.260916,0.272103,0.273326,0.223711,0.117722,0.319520,0.074862,0.080923,0.084825,0.085307,0.065635,0.234836,0.184177,0.022829,0.129303,0.082430,0.296130,0.197201,0.343676,0.113201,0.105321,0.204161,0.211198,0.210777,0.073244,0.257124,0.345518,0.260011,0.221544,0.169782,-0.001217,0.175989,0.119737,0.161210,0.150270,0.210099,0.185698,0.103279,0.199309,0.263581,0.286671,0.277265,0.175895,0.113296,0.294769,0.308873,0.053114,0.117786,0.179599,0.194956,0.253793,0.161578,0.197031,0.231459,0.224010,0.023063,0.359692,0.079229,-0.003873,0.166622,0.214258,0.049480,0.281223,0.257555,0.054589,0.078192,-0.044205,0.252404,0.297669,0.223184,0.146865,0.318408,0.315898,0.120232,0.258152,0.153045,0.239514,0.109299,0.128328,0.237246,0.080302,0.153358,0.166862,0.141630,0.127609,0.247804,0.182304,0.251538,0.170566,0.148981,0.146862,0.324228,0.227894,0.167080,-0.117796,0.057494,0.204586,0.224696,0.096594,0.115615,0.210271,0.072585,0.297800,0.169874,0.151370,0.142186,0.199761,0.135852,0.163895,0.095369,0.347370,0.257535,0.278730,0.269762,0.125434,0.095143,0.136288,0.127225,0.290651,0.158969,0.336681,0.238769,-0.015593,0.160702,0.350988,0.076669,0.120176,0.305666,0.232506,0.159237,0.187636,0.117866,0.095861,0.056576,0.136138,0.241461,0.179688,0.365354,0.166766,0.389528,0.191795,0.158938,0.176648,0.162908,0.031318,0.190631,0.094429,0.312329,0.122635,0.077840,0.226893,0.094892,0.270858,0.187456,0.077205,0.228112,0.294553,0.123445,0.019456,0.395795,0.051247,0.199520,0.170633,0.131730,0.261902,0.036051,0.103537,0.187160,0.318064,0.021365,0.210277,0.051553,-0.037488,0.162337,0.337087,0.271357,#
3,0.143709,0.222470,0.249595,1.000000,0.279587,0.229804,0.305933,0.138640,0.243726,0.093725,0.264452,0.266714,0.216468,0.223441,0.133083,0.114030,0.213550,0.258532,0.191660,0.212497,0.290332,0.230076,0.122321,0.325886,0.222136,0.163526,0.191046,0.138113,0.202051,0.277357,0.199924,0.222567,0.386897,0.274605,-0.065301,0.199154,0.369694,0.356736,0.352988,0.097338,0.255993,0.324652,0.261258,0.419869,0.126505,0.243560,0.293287,0.262809,0.082065,0.220194,0.293298,0.231969,0.316850,0.037857,0.048772,0.311769,0.194440,0.100062,0.130605,0.270138,0.218458,0.099649,0.252807,0.158174,0.350975,0.290808,0.177353,0.173232,0.163505,0.306578,0.114442,0.123136,0.309138,0.173984,0.283189,0.326905,0.231845,0.224715,0.280838,0.068807,0.359507,0.235985,0.158110,0.154298,0.326370,0.142325,0.251405,0.133262,0.253922,0.246316,0.194141,0.260042,0.263584,0.313447,0.169496,0.255148,0.280040,0.077024,0.262901,0.266182,0.291275,0.090522,0.259517,0.238806,0.247546,0.200472,0.249974,0.154797,0.110719,0.201964,0.132401,0.240218,0.216266,0.156207,0.102244,0.133593,0.342907,0.124951,0.041422,0.176400,0.265440,0.157467,0.171358,0.390877,0.189634,0.074381,0.295801,0.184130,0.148206,0.302972,0.323370,0.263016,0.259669,0.305990,0.319389,0.218632,0.221357,0.212121,0.338240,0.182833,0.243815,0.292039,0.248467,0.204297,0.173885,0.121027,0.221252,0.306520,0.231072,0.223342,0.062167,0.150052,0.159706,0.196833,0.297327,0.083599,0.022464,0.197864,0.164159,0.350305,0.244285,0.282626,0.378714,0.330722,0.193646,0.150516,0.147372,0.220278,0.046990,0.174109,0.237968,0.132309,0.174073,0.001473,0.048004,0.266101,0.259637,0.274906,0.135264,0.184412,0.163795,0.335918,0.317694,0.157904,-0.007486,0.205376,0.199746,0.194895,0.148701,0.138757,0.124503,0.272410,0.324279,-0.012927,0.156118,0.267951,0.254047,0.239239,0.270313,0.179867,#
4,0.282865,0.209229,0.178465,0.279587,1.000000,0.304506,0.112158,0.046443,0.318083,0.148709,0.154472,0.069960,0.204152,0.139819,0.126815,0.183387,0.118948,0.258049,0.241550,0.370983,0.317935,0.202606,0.188462,0.342157,0.126322,0.282930,0.049277,0.069947,0.186533,0.098305,0.056282,0.136726,0.147818,0.109669,0.053302,0.272078,0.353561,0.132982,0.130603,0.096010,0.292201,0.425478,0.206786,0.106382,0.264502,0.130391,0.356628,0.216550,0.208234,0.310125,0.190822,0.114557,0.134372,0.159186,0.195075,0.359244,0.241302,0.169612,0.265284,0.104731,0.254340,0.227651,0.113554,0.011402,0.190110,0.115250,0.266793,0.148571,0.145883,0.177433,0.169122,0.187540,0.257736,0.239527,0.138621,0.014910,0.093116,0.311011,0.278695,0.006715,0.405175,0.227795,0.059478,0.041590,0.402115,0.060227,0.131252,0.222536,0.228379,0.258414,0.221890,0.132555,0.115382,0.224109,0.148637,0.358332,0.230395,0.186745,0.166478,0.116298,0.172191,-0.048498,0.272427,0.245535,0.184738,0.143091,0.081330,0.235649,0.080084,0.106649,0.346059,0.219845,0.309793,0.440689,0.231092,0.044763,0.193194,0.024260,0.062439,-0.015874,0.172454,0.223569,0.218095,0.066119,0.321959,0.030633,0.248170,0.088518,0.183219,0.136647,0.278329,0.105712,0.258956,0.160675,0.275587,0.206238,0.303079,0.126393,0.166208,0.223843,0.299907,0.051513,0.255577,0.171927,0.188805,0.303895,0.052972,0.229348,0.273102,0.097133,0.167627,0.066560,0.186281,0.338463,0.286649,0.090751,0.313045,0.169915,0.083774,0.246451,0.201198,0.162632,0.122778,0.249708,0.075445,0.283609,0.065048,0.128839,0.095521,0.203917,0.116618,0.110623,0.298707,0.162515,0.193787,0.246553,0.278396,0.278257,0.178749,0.133657,0.074504,0.053551,0.306298,0.153930,0.084781,0.159159,0.117401,0.315415,0.241950,0.210811,0.206381,0.117672,0.171974,-0.000095,0.148819,0.200801,0.134187,0.314954,0.243590,0.299599,#
5,0.108552,0.182260,0.086851,0.229804,0.304506,1.000000,0.230203,0.118615,0.291076,0.242271,0.248437,0.095018,0.261257,0.193275,0.217333,0.063366,0.157500,0.201689,0.154135,0.125619,0.262882,0.138483,0.078049,0.186396,0.127194,0.180100,0.173313,0.225512,0.205562,0.156433,0.081072,0.218972,0.280284,0.195453,0.058617,0.118500,0.276881,0.130656,0.157827,0.223627,0.179781,0.242363,0.135077,0.181501,0.091298,0.123961,0.210326,0.009667,0.174100,0.259358,0.078982,0.161135,0.101202,-0.002493,0.155327,0.262022,0.029569,0.067816,0.221391,0.064984,0.147117,0.074315,0.151362,0.002110,0.168931,0.219285,0.255934,0.098544,0.165497,0.140101,0.142447,0.191567,0.293247,0.366598,0.086609,0.026791,0.172430,0.136682,0.212680,0.129464,0.189111,0.242509,0.234672,-0.065037,0.155060,0.010848,0.092518,0.105956,0.223128,0.093688,0.001761,0.213676,0.177824,0.274996,0.114939,0.263814,0.095242,0.069443,0.186192,0.023805,0.162132,0.167531,0.095427,0.155809,0.128817,0.104783,0.126876,0.199949,0.055782,0.122379,0.354042,0.162747,0.165164,0.133102,0.133269,0.119544,0.230133,0.138135,0.069547,0.048699,0.032966,0.214423,0.094843,0.247677,0.089062,0.112085,-0.019936,-0.017681,0.302125,0.231326,0.252412,0.181067,0.267877,0.099962,0.349483,0.351714,0.168882,0.128499,0.068425,0.050093,0.273666,0.124371,0.200384,0.235002,0.216912,0.204843,0.109382,0.167588,-0.008709,0.181533,0.209474,-0.096130,0.233828,0.295267,0.215787,0.236573,0.141532,0.051985,0.229543,0.136313,0.159298,0.250733,0.151167,0.204274,0.111501,0.096043,0.129903,0.176964,0.214271,0.234972,0.210414,0.126988,0.182933,0.033076,0.016478,0.232760,0.217469,0.177635,0.261003,-0.023441,0.082349,0.128765,0.370431,0.159902,0.055877,0.220458,0.258944,0.128475,0.189311,0.082946,0.090515,0.125917,0.223561,0.176235,0.324337,0.049379,0.065754,0.318602,0.113672,0.285376,#
6,0.085989,0.307864,0.240476,0.305933,0.112158,0.230203,1.000000,0.154558,0.237892,0.074529,0.250206,0.188120,0.054280,0.223284,0.100849,0.137404,0.160604,0.162515,0.248270,0.160339,0.204200,0.134954,-0.039183,0.069618,0.067788,0.192771,0.100983,0.144051,0.180536,0.196978,0.075384,0.219019,0.146429,0.194370,-0.091416,0.014142,0.072857,0.174501,0.153470,0.190965,0.161490,0.062883,0.066298,0.191521,0.086290,0.136017,0.216386,0.245236,0.135479,0.193108,0.139055,0.131206,0.241450,0.151441,-0.103544,0.106163,0.088494,0.172887,0.322713,0.325142,0.199605,0.119982,0.128850,0.156685,0.200566,0.402349,0.200135,0.238197,0.199244,0.163246,0.048296,0.164202,0.248732,0.145251,0.260483,0.169395,0.187667,0.256784,0.301176,0.087537,0.166513,0.079201,0.320849,0.102396,0.246361,0.054368,0.107742,0.202091,0.132040,0.193982,0.142677,0.156284,0.149106,0.202271,0.115012,0.144899,0.139428,0.073609,0.227847,0.204662,0.232822,0.264497,0.201270,0.094011,-0.161298,0.249393,0.155964,0.119012,0.175797,0.168678,0.197811,0.215616,0.113137,-0.019417,0.115538,0.256387,0.298781,0.071819,0.151882,0.116860,0.179376,0.257438,-0.006396,0.100456,0.117899,0.002443,0.033329,0.222706,0.089631,0.268242,0.173985,0.093561,0.208762,0.044284,0.301886,0.241238,0.103338,0.311880,0.166280,0.181792,0.144851,0.062718,0.050330,0.308473,0.039009,0.141472,0.131154,0.004996,0.196813,-0.134925,0.199564,-0.029745,0.217918,0.019486,0.338903,0.049855,0.029241,0.179962,0.169925,0.046334,0.055940,0.301446,0.271623,0.270817,0.243863,0.178439,0.075630,0.190340,0.126576,0.261818,-0.020018,0.041850,0.197547,0.080449,0.087665,0.169197,0.083326,0.285704,0.287695,-0.005997,0.035490,0.162708,0.209752,0.318822,0.261646,0.206225,0.114501,0.182719,0.214640,0.298209,0.129122,0.131039,0.200959,0.159123,0.072509,0.073360,0.084627,0.190992,0.159902,0.291547,#
7,-0.015691,0.108341,0.252972,0.138640,0.046443,0.118615,0.154558,1.000000,0.139560,0.177952,0.276832,0.376185,0.041698,0.219934,0.221505,0.113844,0.101153,0.337812,0.067908,0.209051,0.183752,0.258085,0.104270,0.027359,0.197671,0.044153,0.239098,0.310937,0.034979,0.270932,0.165502,0.033473,0.182446,0.064656,0.000509,0.158251,-0.053067,0.033654,0.162746,0.079938,0.162856,0.168892,0.162846,0.171478,0.187655,0.188145,0.102422,0.172186,0.206424,0.159859,0.163605,0.083000,0.096337,0.191012,0.071348,0.116712,0.222370,0.200997,0.131356,0.115093,0.225111,0.065307,0.202133,0.172434,0.273938,0.202310,0.193617,-0.032911,0.154096,0.249040,0.159821,0.026896,0.288716,0.183825,0.056326,0.145806,0.059232,0.244275,0.198772,0.248672,0.259067,0.079350,0.207738,0.104577,0.239384,0.047750,0.106421,0.034642,0.195864,0.186987,0.049341,0.117236,0.188776,0.253597,0.012468,0.072988,0.041265,0.177315,0.025337,0.098401,0.161562,0.055332,0.164840,0.089990,-0.063728,0.225340,0.390848,0.098312,0.069072,0.186459,-0.001850,0.085626,0.083355,0.138359,0.282364,0.263914,0.000495,0.035381,0.019521,0.233871,0.155221,0.210101,0.082794,0.169875,0.223142,0.071603,0.158327,0.137234,0.086929,0.083212,0.141850,0.142243,0.217457,0.092755,0.367676,0.209707,0.066353,0.414513,0.070803,0.188933,0.289991,0.092327,0.030997,0.080987,0.191814,0.056799,0.202397,0.206179,0.131144,0.126337,0.158400,0.202835,0.117812,0.042984,0.010078,0.133142,0.188498,0.096882,0.201156,0.201532,0.066429,0.233267,0.234191,0.159561,0.085048,0.204160,0.271690,0.177344,0.083139,0.143411,0.153767,0.108899,0.161273,0.062437,0.118125,0.087606,0.092052,0.166298,0.018428,0.166404,0.146230,0.145608,0.161797,0.267168,-0.230437,0.127861,0.063860,0.032661,0.177808,0.237834,0.260393,0.009536,0.270976,0.110065,0.130275,0.118694,0.014906,0.078006,0.251312,0.121462,#
8,0.228497,0.268447,0.164794,0.243726,0.318083,0.291076,0.237892,0.139560,1.000000,0.187074,0.264784,0.232738,0.192832,0.120878,0.273457,0.101355,0.093078,0.171904,0.135343,0.216050,0.262510,0.188153,0.078718,0.326956,0.128760,0.143803,0.119389,0.180254,0.008747,0.169793,0.044586,0.208979,0.085607,0.144760,0.047445,0.215084,0.300336,0.088584,0.183925,0.180304,0.188030,0.199901,0.063397,0.144334,0.309646,0.228988,0.139488,0.173630,0.113589,0.143858,0.098436,0.299272,0.108950,0.333772,0.117734,0.289153,0.135334,0.260388,0.119641,0.272972,0.194750,0.097206,0.291780,-0.039994,0.323958,0.355508,0.170213,0.120066,0.386284,0.197765,0.030292,0.126291,0.328008,0.090507,0.147665,0.062906,0.113730,0.210436,0.159991,0.065879,0.220055,0.258201,0.243039,0.075814,0.362569,0.108950,0.154750,0.193237,0.241649,0.264914,0.128151,0.304877,0.202171,0.109883,0.366788,0.343311,0.208377,0.099817,0.213922,0.084111,0.183310,0.059049,0.174012,0.146946,0.223987,0.208425,0.314005,0.160645,-0.006797,0.168949,0.138244,0.195810,-0.025557,0.251771,0.106556,0.300718,0.222085,0.138596,0.031005,0.272423,0.267433,0.164075,0.133315,0.146724,0.220300,0.217423,0.144953,0.275696,0.064247,0.222562,0.186805,0.033773,0.234428,0.108131,0.304586,0.226321,0.175348,0.299594,0.310181,0.142442,0.271686,0.153497,0.153142,0.089198,0.107555,0.089961,0.149238,0.274179,0.118126,0.177570,0.250461,0.016240,0.206179,0.183402,0.356415,0.263413,0.155026,0.212186,0.117200,0.230770,0.037978,0.199584,0.090552,0.183472,0.230542,0.118587,0.233115,0.166170,0.155322,0.163001,0.219742,0.072237,0.114226,0.091096,0.026724,0.274587,0.131291,0.293423,0.242316,0.130424,0.147402,0.184625,0.089471,0.168814,0.063017,0.220237,-0.023440,0.048550,0.337770,0.300225,0.233839,0.129939,0.179566,0.042489,0.267081,0.026025,0.120969,-0.025704,0.101169,0.174654,#
9,0.136336,0.047040,0.151131,0.093725,0.148709,0.242271,0.074529,0.177952,0.187074,1.000000,0.341547,0.062345,-0.017844,0.202939,0.184920,0.174335,0.079359,0.064055,-0.083038,0.308303,0.085255,0.108778,0.028903,0.028014,0.018290,0.055200,0.258299,0.114995,0.095713,0.167788,0.276343,0.140873,0.023310,0.178423,0.188421,0.177495,0.035427,0.263186,0.122571,-0.043842,0.251777,0.216773,0.104606,-0.070518,0.085762,0.207573,0.138758,0.126683,0.044156,0.110546,0.075952,0.291513,0.135157,0.122161,0.078039,0.253406,0.159747,0.207238,0.103033,0.001076,0.191014,0.048078,0.331466,0.072445,0.214636,0.182985,0.017104,0.017789,0.158073,0.052296,0.170387,0.184154,0.172927,0.162156,0.077786,0.133757,0.060725,0.148930,0.312153,0.159587,0.098766,0.318343,-0.061862,0.051298,0.263477,0.140497,0.222154,0.116355,-0.088054,-0.045084,-0.061955,0.180321,0.183293,0.038118,0.159016,0.227150,0.168891,0.145561,0.118156,-0.008965,0.092718,0.208328,0.267597,0.145457,0.277669,0.183118,0.114609,0.051278,0.171925,0.041853,0.060251,0.122318,0.083581,0.256753,0.078927,0.171709,0.063156,0.189087,0.215141,-0.057205,0.197545,0.260185,0.007597,0.241044,0.140104,0.188896,-0.063318,0.162386,0.137062,0.194233,0.211237,0.021154,0.077471,0.115662,0.159804,0.187819,0.233574,0.335652,0.142511,-0.072784,0.107032,0.263712,0.176089,0.041015,0.102610,0.135024,0.150037,0.242291,0.152709,0.382515,0.080890,-0.053034,0.348163,0.311094,0.200087,0.239808,0.157678,0.198291,0.336825,0.067503,0.204743,0.092362,0.032527,0.309293,0.091761,0.035195,0.079166,0.140034,0.309731,0.068372,0.147525,0.142873,0.132177,0.082524,-0.041675,0.188447,0.198522,0.067210,0.065260,0.144594,0.045323,0.116970,0.281034,0.201900,-0.043480,0.176465,0.151073,0.165981,0.282308,0.121815,0.112457,0.151341,0.029140,0.174727,0.145213,0.144195,0.094824,0.021698,0.166687,0.211097,#
10,0.195392,0.347314,0.304763,0.264452,0.154472,0.248437,0.250206,0.276832,0.264784,0.341547,1.000000,0.166773,0.087841,0.226399,0.235672,0.078973,0.191953,0.262517,0.293151,0.283027,0.106624,0.188923,-0.074890,0.189763,0.116199,0.096049,0.225936,0.268425,0.126506,0.268437,0.260620,0.214532,0.194114,0.114607,0.100759,0.236478,0.069331,0.206117,0.360098,0.083532,0.216572,0.130641,0.229222,0.076186,-0.013562,0.181749,0.250883,0.233524,0.233916,0.218321,0.225958,0.259069,0.107713,0.158456,0.051279,0.287202,0.128261,0.178118,0.128650,0.189834,0.115059,0.225111,0.162309,0.230635,0.380208,0.364889,0.188623,0.093698,0.209493,0.173142,0.153270,0.173400,0.325883,0.244527,0.135440,0.241873,0.189699,0.118291,0.238639,0.137736,0.231038,0.163309,0.209351,0.209129,0.318625,0.029888,0.302231,0.141150,0.092686,0.142725,-0.024214,0.092682,0.256148,0.129526,0.235074,0.304510,0.301562,0.023634,0.219834,0.168467,0.118628,0.117850,0.253389,0.131084,0.197664,0.140689,0.220748,0.258348,0.102176,0.129383,0.139119,0.297934,0.151397,0.168958,0.350231,0.294060,0.154927,0.104985,0.142840,0.021534,0.124913,0.230722,0.114604,0.208247,0.199007,0.049442,0.097445,0.190371,0.123657,0.295354,0.373854,0.139122,0.235375,0.054418,0.264448,0.248043,0.224320,0.421118,0.207800,0.120813,0.325190,0.129390,0.237987,0.166183,0.182202,0.114046,-0.013662,0.132643,0.180793,0.186227,0.148125,0.167849,0.336615,0.065610,0.304412,0.201477,0.193958,0.017220,0.253434,0.213903,0.168370,0.181173,0.351185,0.290650,0.235705,0.145756,0.278266,0.238346,0.215309,0.156911,0.220020,0.195268,0.125305,0.116237,0.077884,0.123631,0.186321,0.228720,0.148946,0.254969,0.250332,0.182271,0.314531,0.128322,0.122248,0.251462,0.142499,0.063199,0.234761,0.169745,0.292041,0.103002,0.155189,0.099294,0.295998,0.100833,0.030165,0.246221,0.378880,0.424151,#
11,0.031041,0.252091,0.380481,0.266714,0.069960,0.095018,0.188120,0.376185,0.232738,0.062345,0.166773,1.000000,0.109579,0.183719,0.004258,0.101377,0.071584,0.271616,0.150498,0.042638,0.098382,0.259350,-0.062403,0.175573,0.328381,0.223621,0.043353,0.270075,-0.101141,0.303934,0.266360,0.200687,0.131123,0.149420,0.065558,0.170414,0.211325,0.106464,0.177336,0.073848,0.215626,0.234275,0.278775,0.316952,0.068011,0.312100,0.176071,0.131243,0.186327,0.096155,0.277745,0.216574,0.158412,0.267476,-0.099730,0.110897,0.255800,0.220853,0.201951,0.099322,0.085902,0.034710,0.325285,0.174612,0.234404,0.356679,0.204498,0.258284,0.206022,0.266730,0.038423,-0.041817,0.283965,0.140450,0.084878,0.157288,0.137115,0.151761,0.276333,0.169771,0.296970,0.069176,0.197530,0.140754,0.272319,-0.071946,0.207185,0.254964,0.225925,0.073643,0.057507,0.266458,0.395431,0.467379,0.125540,0.236037,0.049523,0.165290,0.221605,0.251248,0.222440,0.065992,0.116374,0.166904,0.044088,0.300179,0.313261,0.210555,0.199389,0.113331,0.199794,0.170652,0.182928,0.163299,-0.030884,0.408166,0.128458,0.096352,0.033227,0.167937,0.154084,0.240395,0.225394,0.160652,0.194215,0.142927,0.205666,0.260955,0.203369,0.162912,0.090657,0.262368,0.275051,0.254478,0.202837,0.191574,0.046015,0.407877,0.039688,0.248416,0.163851,0.158845,0.149896,0.153099,0.178874,0.162301,0.146188,0.170302,0.221900,0.101184,0.047265,0.303212,0.213460,0.186005,0.270139,0.129796,0.099193,0.004942,0.155169,0.250534,0.129962,0.283686,0.146743,0.176866,0.211688,0.137176,0.319945,0.181628,0.188486,0.249724,0.257712,0.110672,0.069558,-0.013607,0.157226,0.276616,0.235667,0.239430,0.131065,0.129259,0.218474,0.172973,0.097987,0.153198,-0.161134,0.280514,0.116133,0.138602,0.163038,0.152401,0.114168,0.018815,0.303954,0.032281,0.264763,0.149009,0.130533,0.150218,0.202212,0.151892,#
12,0.107999,0.180790,0.196369,0.216468,0.204152,0.261257,0.054280,0.041698,0.192832,-0.017844,0.087841,0.109579,1.000000,-0.018359,0.162601,0.086563,0.223923,0.114171,0.195623,0.351164,0.101834,0.092135,0.099479,0.204205,0.009684,0.109041,0.173022,0.137341,0.078584,0.220382,-0.067441,0.290824,0.190357,0.199815,0.119447,0.310501,0.262815,0.000161,0.231128,0.014239,0.236258,0.081981,0.211110,0.264319,0.247065,0.138952,0.161571,-0.048718,0.164749,0.140410,0.265279,0.090999,0.132334,0.141536,0.094362,0.132812,0.045979,0.155147,0.161961,-0.011149,0.092161,0.119892,0.077051,0.154674,0.262994,0.157495,0.141233,0.142171,0.133932,0.058005,-0.023850,0.176788,0.141063,0.072978,0.262150,0.110831,0.129389,0.048154,0.101005,-0.087279,0.209500,0.124669,0.027494,0.116870,0.225339,0.197886,0.058535,0.234499,0.179307,0.073607,0.124096,0.143156,-0.029946,0.268171,0.153176,0.184310,0.231456,0.080408,0.169925,-0.011456,0.272446,0.124175,0.060623,0.077565,0.228899,0.131094,0.246176,0.124956,0.001491,0.145442,0.215472,0.036220,0.108390,0.180027,0.021364,0.036373,0.125162,0.134068,0.110482,0.156302,0.169745,0.111549,0.239609,0.153662,0.174671,-0.038116,0.289534,0.033653,0.092180,0.046588,0.166915,0.054788,0.081471,0.088871,0.130368,0.135781,0.189987,0.129820,0.167076,0.135995,0.239090,-0.006721,0.111215,0.046346,0.024006,0.083493,-0.007607,0.197967,0.158819,0.049508,0.058113,0.220116,0.100726,0.102678,0.006422,0.088256,0.054787,-0.055298,0.069388,0.136237,-0.016266,0.321726,0.172930,0.279247,0.082227,0.020998,0.301563,0.011187,0.083181,0.213113,0.120911,0.086974,0.156616,0.120957,0.140212,0.059279,0.188169,0.304585,-0.000290,0.216086,0.156392,0.138784,0.273067,0.188926,0.114137,0.137426,0.084382,0.200789,0.078396,-0.066529,0.199111,0.108636,0.137067,0.095586,0.041196,0.086662,0.097807,0.184116,0.198165,0.148207,#
13,0.050449,0.229316,0.340617,0.223441,0.139819,0.193275,0.223284,0.219934,0.120878,0.202939,0.226399,0.183719,-0.018359,1.000000,0.268134,0.150854,0.229333,0.073719,0.196255,0.263304,0.200526,0.203590,-0.067285,0.180763,0.169940,0.289991,0.306982,0.197727,0.120191,0.162825,0.229053,0.257891,0.225206,0.182902,0.121302,0.120040,0.095879,0.130271,0.085761,0.116988,0.119085,0.227786,0.216157,0.242443,0.095256,0.203260,0.178915,0.201440,0.100600,0.206616,0.205718,0.189942,0.307367,0.191035,0.119640,0.276272,0.107158,0.259366,0.208487,0.231161,0.239689,0.085394,0.342596,0.091223,0.188428,0.232930,0.416625,0.155167,0.319976,0.181581,-0.041406,0.059679,0.206302,0.121985,0.309436,0.175943,0.310943,0.311354,0.320324,0.095308,0.215343,0.315899,0.084229,0.379883,0.323300,0.025833,0.261834,0.298003,0.216534,0.176824,0.068502,0.207959,0.255100,0.305007,0.071707,0.250731,0.239675,0.044335,0.172832,0.198528,0.311109,0.177334,0.278635,0.232822,0.082433,0.265878,0.285093,0.233782,0.323594,0.178617,0.103182,0.163012,0.341785,0.209090,0.199822,0.212647,0.334575,0.223219,0.038664,0.160216,0.355753,0.252853,0.152959,0.319364,0.297170,0.091288,0.084889,0.077756,0.346807,0.237775,0.182319,0.143224,0.103412,0.125624,0.359494,0.286942,0.258958,0.268778,0.334802,0.205570,0.018204,0.104654,0.379411,0.143582,0.242423,0.332906,0.148545,0.269858,0.040463,0.219032,0.143446,0.174382,0.191433,0.269019,0.250101,0.220235,0.082984,0.308590,0.243897,0.306288,0.061354,0.368418,0.130633,0.383687,0.191255,0.192364,0.105755,0.163069,0.210410,0.302122,0.179216,0.297901,0.199240,0.135942,0.126291,0.278997,0.164282,0.146651,0.281893,-0.023504,0.183019,0.189872,0.232873,0.301818,0.115706,0.263549,0.214678,0.176049,0.108616,0.233244,0.168420,0.231289,0.206549,0.082905,0.140962,0.193987,0.125276,0.189957,0.254735,0.221124,#
14,0.287222,0.117859,0.076492,0.133083,0.126815,0.217333,0.100849,0.221505,0.273457,0.184920,0.235672,0.004258,0.162601,0.268134,1.000000,0.233050,0.146366,0.234990,0.210803,0.381053,0.189944,0.115537,0.141944,0.294672,0.126662,0.059372,0.260223,0.251059,0.198757,0.188415,0.051148,0.167716,0.141328,0.044186,0.117824,0.178397,0.159910,0.229495,0.155758,0.232633,0.224431,0.115322,0.269505,0.044206,0.174631,0.313357,0.183011,0.120770,0.133112,0.102626,0.305331,0.058699,0.237590,0.217918,0.386648,0.270376,0.246753,0.081235,0.091695,0.092700,0.309311,0.219675,0.097951,0.125976,0.228736,0.146917,0.278726,0.197233,0.262266,0.164488,0.043325,0.204079,0.140322,0.316963,0.151876,0.132301,0.128054,0.193835,0.147229,0.203378,0.261317,0.191646,0.177330,0.271024,0.307918,0.244695,0.005067,0.111529,0.162910,0.127480,0.253555,0.171315,0.229251,0.184650,0.294418,0.112978,0.252884,0.092476,0.085498,0.123097,0.194073,0.198159,0.152686,0.231451,0.155465,0.248666,0.375388,0.347226,0.126407,0.200427,-0.019045,0.006471,0.180707,0.131961,0.139915,0.161287,0.165525,0.212826,0.200450,0.228195,0.413985,0.225591,0.013376,0.141049,0.251263,0.059717,0.145602,0.149980,-0.040118,0.314071,0.139433,0.210989,0.188616,-0.014232,0.162686,0.077821,0.222460,0.173842,0.075544,0.132735,0.328717,0.262437,0.261333,0.096788,0.105946,0.232897,0.089544,0.162389,0.002249,0.049480,0.195522,0.018166,0.044990,0.226008,0.194084,0.141908,0.196866,0.180527,0.130803,0.148745,0.069566,0.220535,0.071383,0.145766,0.213842,-0.016975,0.189272,0.174136,0.088041,0.216477,0.308505,0.255034,0.244907,0.135283,0.133143,0.093617,0.387710,0.294579,0.278122,0.194055,0.057075,0.218328,0.217616,0.201598,0.236135,0.209831,0.206206,0.038276,0.140873,0.238315,0.097746,0.220242,0.184228,0.213471,0.198967,0.021198,-0.012247,0.173803,0.265309,0.206327,#
15,0.122046,0.002197,0.233066,0.114030,0.183387,0.063366,0.137404,0.113844,0.101355,0.174335,0.078973,0.101377,0.086563,0.150854,0.233050,1.000000,0.256498,0.221766,0.178696,0.184392,0.079105,0.100530,0.093828,0.201955,0.078574,0.260090,0.203329,0.141271,0.172244,0.117151,0.095815,0.199102,0.049189,0.234779,0.042296,0.013304,0.138970,0.105489,0.181570,0.003705,0.193485,0.198840,0.162091,0.155368,0.184012,0.165247,-0.056778,0.123521,-0.024590,0.163818,0.004430,0.133147,0.219840,0.132333,0.101206,0.132620,0.070052,0.141319,0.167470,0.205027,0.142669,0.033046,0.260540,0.022967,0.121428,0.193065,0.126362,0.211510,0.214936,0.031812,0.134772,0.215885,0.109422,0.142822,0.140822,0.127126,-0.013670,0.309515,0.083264,0.160322,0.230567,0.081893,0.015595,0.287128,0.174906,0.070310,0.081166,0.190452,0.204342,0.141619,0.010959,0.151830,0.179684,0.245765,0.101989,0.109393,0.286472,0.042791,0.099213,-0.047701,0.191726,0.093903,0.150006,0.121612,-0.050645,0.214043,0.168661,0.141187,0.067623,0.230696,0.006222,0.187352,0.038116,0.067549,0.128913,0.265583,0.141419,-0.004764,0.088221,0.039223,0.279763,0.233415,0.077832,0.257539,0.223993,-0.127119,0.054462,0.079448,0.145695,0.111234,0.090344,0.223945,0.081934,0.129509,0.188454,0.179284,0.095762,0.089455,0.055741,-0.064877,0.013175,0.185782,0.129634,0.074484,0.209323,0.027532,0.058469,0.212416,0.304036,0.158521,0.133111,-0.081894,0.138325,0.408953,0.035135,0.336729,0.071411,0.182191,0.157624,0.111059,0.021754,0.051127,0.198154,0.197810,0.112945,0.123986,0.207317,0.114836,0.151999,0.064485,-0.037294,0.057132,0.207719,-0.066149,0.186096,-0.024201,0.282545,0.059613,-0.092021,0.132911,0.182138,0.169282,0.137042,0.286579,-0.000071,0.189814,0.018565,0.130323,0.122277,0.145662,-0.044998,0.175778,0.149631,0.051515,0.066609,0.096136,0.008877,0.128190,0.106957,0.003464,#
16,0.122711,0.162301,0.147332,0.213550,0.118948,0.157500,0.160604,0.101153,0.093078,0.079359,0.191953,0.071584,0.223923,0.229333,0.146366,0.256498,1.000000,0.164720,0.189021,0.271906,0.235948,0.166813,0.223188,0.106005,-0.073006,0.309688,0.160445,-0.046740,0.067138,0.210709,0.129176,0.245086,-0.026401,0.309787,0.019077,0.205636,0.139044,0.069982,0.184343,0.148483,0.090363,0.160843,0.127712,0.116776,0.204707,0.306152,0.095892,0.107530,0.122937,0.039775,0.103852,0.217820,0.309433,0.075576,0.154244,0.101532,0.044892,0.106754,0.180888,0.059422,0.092912,0.251628,0.285071,0.235764,0.258347,0.168304,0.186676,0.324881,0.097387,0.199943,-0.003268,0.242747,0.284449,0.036580,0.111207,0.239116,0.070912,0.302521,0.184772,0.118308,0.070665,0.180157,0.044879,0.102739,0.124335,0.100697,0.253134,0.162694,0.176351,0.039390,0.075927,0.221875,0.077971,0.148047,0.141632,0.068590,0.261890,-0.043476,0.083846,0.191694,0.154615,0.074848,-0.038793,0.098009,0.150151,0.078132,0.205782,0.020953,-0.074478,0.196524,0.110142,0.167691,0.145952,0.118585,0.237327,0.293311,0.102904,0.089050,-0.043261,0.177275,0.162716,0.118316,0.176682,0.215189,0.239622,-0.100691,0.072983,-0.017737,0.107417,0.231191,0.082194,0.116223,0.359483,-0.113492,0.376817,0.269416,0.076384,0.242392,0.164027,0.217172,0.003600,0.143029,0.114653,0.173445,0.270078,0.129748,-0.097036,0.170257,0.215125,0.090512,0.033363,0.101618,0.114520,0.164492,0.170250,0.180521,-0.007344,0.092939,0.154212,0.212600,-0.006319,0.278554,0.298696,0.339217,0.128056,0.085919,0.306530,0.150722,0.039875,0.047344,0.029438,0.044334,0.058936,-0.056396,0.152496,0.224671,0.095886,0.100082,0.117186,0.109778,0.086163,0.158111,0.233250,0.021531,0.020373,0.193527,0.296922,0.166176,0.128045,0.103777,0.230798,-0.101023,-0.042242,0.090144,0.204147,0.239350,0.013936,0.209914,0.092370,0.048996,#
17,0.273186,0.179538,0.101189,0.258532,0.258049,0.201689,0.162515,0.337812,0.171904,0.064055,0.262517,0.271616,0.114171,0.073719,0.234990,0.221766,0.164720,1.000000,0.182604,0.350674,0.372780,0.132145,0.117687,0.270050,0.132747,0.167844,0.088927,0.117611,0.105321,0.260540,0.100640,0.129300,0.350425,0.122576,0.004508,0.185893,0.065762,0.227803,0.294361,0.061621,0.292619,0.199569,0.109091,0.291333,0.141700,0.193983,0.188383,0.114593,0.231006,0.192301,0.241605,0.066075,0.032544,0.138538,0.141696,0.233134,0.349297,0.223652,0.205272,0.200839,0.250605,0.113211,0.169998,0.113423,0.207238,0.256045,0.269809,0.253625,0.209377,0.279842,0.088934,0.203774,0.263363,0.185453,0.170072,0.201612,0.094754,0.277896,0.091617,0.283302,0.190724,0.133478,0.424340,0.141001,0.240757,-0.078777,0.150578,0.166769,0.270483,0.184518,0.044231,0.158518,0.243239,0.285169,0.068601,0.170644,0.298688,0.356724,0.188346,0.198606,0.143166,-0.002283,0.181065,0.187680,0.066918,0.305002,0.228792,0.210036,0.029387,-0.039889,0.178980,0.180737,0.157127,0.299674,0.109213,0.285528,0.147698,0.070271,0.025513,0.195228,0.121185,0.253405,0.113126,0.247136,0.404434,-0.000981,0.151821,0.216501,0.087602,0.164568,0.102913,0.214217,0.312387,0.172500,0.249048,0.282260,0.269837,0.295214,0.134885,0.318826,0.253821,0.187778,0.117899,0.191874,0.238662,0.164965,-0.065776,0.046789,0.108892,-0.017344,0.143209,-0.058042,0.028412,0.301693,0.245877,0.164688,0.115598,0.105931,0.344453,0.339684,0.201210,0.307420,0.275622,0.175755,0.168618,0.207595,0.228474,0.310769,0.107676,0.166189,0.322077,0.046530,0.109368,0.088176,0.194971,0.025392,0.256747,0.188163,-0.054938,0.328703,0.010847,0.291404,0.248568,0.194712,0.025172,0.171119,0.161046,0.188294,0.298214,0.205851,0.218717,0.231845,0.235248,0.034584,0.333397,0.167616,0.163186,0.125596,0.226335,0.229816,#
18,0.244753,0.109322,0.194357,0.191660,0.241550,0.154135,0.248270,0.067908,0.135343,-0.083038,0.293151,0.150498,0.195623,0.196255,0.210803,0.178696,0.189021,0.182604,1.000000,0.216997,0.213706,0.167216,-0.029319,0.313073,0.243346,0.130059,0.184985,0.256231,0.133297,0.147527,0.113785,0.092212,0.235003,0.124596,0.135308,0.255170,0.235708,0.094428,0.167529,0.243802,0.153463,0.264740,0.182805,0.238799,0.131693,0.150052,0.139140,0.127990,0.099227,0.216690,0.228550,0.013013,0.246622,0.157810,0.085656,0.165292,0.150133,0.140291,0.157764,0.011144,0.121616,0.115935,0.162377,0.137382,0.093971,0.280250,0.297852,0.287814,0.149695,-0.004514,-0.001390,0.132181,0.113294,0.040020,0.079872,0.218327,0.079128,0.228943,0.262765,0.103741,0.258936,0.075703,0.201537,0.262919,0.220655,-0.075805,0.223500,0.041770,0.195410,0.118488,0.232892,0.088879,0.175640,0.267573,0.177219,0.286232,0.276220,0.114026,0.234658,0.275660,0.112538,0.244482,0.236186,0.166557,0.246632,0.272666,0.198571,0.202801,0.201057,0.254596,0.197190,0.370648,0.152901,0.084944,0.127273,0.176105,0.123246,-0.003213,0.198383,0.211310,0.104710,0.173132,0.139924,0.081415,0.227469,-0.012555,0.151602,0.087431,0.247896,0.213516,0.224209,0.266753,0.180939,0.108857,0.263599,-0.027493,0.177660,0.265035,0.058940,0.242178,0.228452,-0.003077,0.179665,0.090231,0.188191,0.201905,-0.034189,0.083230,0.123101,0.008506,0.090803,0.180444,0.207622,0.151935,0.178921,0.269292,0.253489,0.184201,0.012070,0.321956,0.125658,0.225073,0.142188,0.213379,0.150891,0.149036,0.224920,0.211148,0.093559,0.178545,-0.023673,0.054987,0.224414,0.045667,0.054486,0.146266,0.219292,0.271900,0.316103,0.063527,0.140379,0.193447,0.289433,0.080034,0.184171,0.126302,0.259175,0.227225,0.152501,0.160165,0.132122,0.268533,0.235666,0.084110,0.194045,0.061812,0.055721,0.269897,0.323011,0.223999,#
19,0.319160,0.189881,0.212106,0.212497,0.370983,0.125619,0.160339,0.209051,0.216050,0.308303,0.283027,0.042638,0.351164,0.263304,0.381053,0.184392,0.271906,0.350674,0.216997,1.000000,0.247206,0.267800,0.151266,0.225173,0.031279,0.305495,0.292913,0.151150,0.214157,0.336146,0.075699,0.306617,0.237067,0.155177,0.188776,0.319205,0.066330,0.132483,0.378638,0.108069,0.234328,0.267254,0.121257,0.110329,0.132806,0.283968,0.323995,0.367237,0.136067,0.277815,0.266308,0.163246,0.149590,0.327231,0.215370,0.255861,0.235376,0.199802,0.183679,0.155663,0.308291,0.200336,0.209499,0.217000,0.339307,0.249911,0.219876,0.272545,0.229953,0.264992,0.204965,0.313881,0.285984,0.091399,0.269591,0.386154,0.143107,0.346686,0.361209,0.054084,0.307818,0.304756,0.191950,0.175392,0.402780,0.056904,0.205339,0.181600,0.260438,0.150401,0.113776,0.224712,0.232297,0.194720,0.190305,0.195501,0.325485,0.216875,0.046104,0.173853,0.220617,0.191415,0.290571,0.293428,0.310497,0.290108,0.224907,0.421144,0.095835,0.089550,0.166856,0.255046,0.273576,0.349116,0.240116,0.248834,0.302624,0.286365,0.238172,0.064083,0.403543,0.355690,0.242568,0.331965,0.480888,0.138185,0.243439,0.218225,-0.000719,0.217294,0.156650,0.082049,0.365495,0.111356,0.187812,0.229329,0.277262,0.334946,0.192349,0.287894,0.238063,0.263934,0.258852,0.197789,0.213303,0.194099,0.032348,0.306651,0.281134,0.034464,0.169081,0.171479,0.204542,0.375145,0.274253,0.098615,0.172008,0.161222,0.220800,0.188880,0.243267,0.345888,0.274209,0.282572,0.204179,0.175976,0.157605,0.207535,0.247672,0.117206,0.250414,0.129380,0.313537,0.164933,0.162639,0.114418,0.364079,0.322172,0.156163,0.197160,0.111978,0.347533,0.242374,0.224361,0.201373,0.256159,0.204176,0.257077,0.309669,0.220170,0.344315,0.261400,0.142380,0.173280,0.230122,0.170531,0.154619,0.158873,0.309315,0.418901,#
20,0.224506,0.141096,0.273657,0.290332,0.317935,0.262882,0.204200,0.183752,0.262510,0.085255,0.106624,0.098382,0.101834,0.200526,0.189944,0.079105,0.235948,0.372780,0.213706,0.247206,1.000000,0.200704,0.109538,0.261915,0.271345,0.280111,0.147146,0.146076,0.120481,0.206880,0.151652,0.139639,0.203632,0.121087,0.028948,0.188382,0.215406,0.160363,0.148950,0.182473,0.236368,0.363893,0.075881,0.105864,0.276927,0.285609,0.325245,0.180430,0.159663,0.242199,0.057835,0.209219,0.186965,0.214364,0.168438,0.166133,0.256992,0.248764,0.210413,0.059825,0.249715,0.065639,0.303476,0.158363,0.187036,0.155650,0.250512,0.231187,0.365418,0.238684,0.179979,0.203833,0.373431,0.209468,0.042884,0.085947,0.194546,0.359738,0.224366,0.113162,0.126063,0.205109,0.294776,0.111297,0.262875,0.165038,0.217110,0.168183,0.339982,0.192651,0.110753,0.267878,0.200621,0.321440,0.217897,0.265567,0.294098,0.248328,0.150647,0.014365,0.230643,0.063447,0.157434,0.202757,0.142603,0.247609,0.174516,0.186010,0.067180,0.173309,0.251002,0.244197,0.157789,0.276721,0.103270,0.290554,0.279648,0.088316,-0.017737,0.150548,0.106682,0.217234,0.062903,0.136599,0.323693,0.106683,0.231964,0.264741,0.223342,0.196923,0.181732,0.217844,0.261251,-0.002910,0.311628,0.232302,0.392336,0.288652,0.254917,0.152694,0.261327,0.209070,0.117082,0.218547,0.315298,0.163734,-0.116721,0.223013,0.236980,0.208028,0.265329,0.189268,0.023501,0.148805,0.210403,0.160670,0.144702,0.053870,0.128524,0.427512,0.198157,0.310534,0.243786,0.243700,0.260860,0.161961,0.007522,0.332058,0.088000,0.094565,0.273401,0.075058,0.074299,0.059329,0.065476,0.369820,0.130934,0.156482,0.296638,0.254256,0.171134,0.157032,0.175713,0.289450,0.090305,-0.024482,0.270746,0.161845,0.211949,0.321858,0.158952,0.255633,0.172334,0.103290,0.262597,0.246308,0.204091,0.262750,0.197267,0.164397,#
21,0.215549,0.253529,0.388524,0.230076,0.202606,0.138483,0.134954,0.258085,0.188153,0.108778,0.188923,0.259350,0.092135,0.203590,0.115537,0.100530,0.166813,0.132145,0.167216,0.267800,0.200704,1.000000,0.086002,0.151133,0.221420,0.092810,0.223535,0.266148,0.221145,0.295579,0.167243,0.225659,0.133171,0.264562,-0.019901,0.270213,0.314483,0.232537,0.349905,0.093966,0.173143,0.237422,0.093802,0.264810,0.185937,0.228310,0.279101,0.287400,0.042229,0.189642,0.223434,0.123791,0.190519,0.171976,0.141023,0.188394,0.205113,0.141706,0.016726,0.109777,0.154138,-0.005240,0.294059,0.198675,0.308163,0.241773,0.082505,0.182257,0.325766,0.375770,0.235714,0.117456,0.400765,0.330041,0.063966,0.149963,0.156162,0.203108,0.137813,0.150938,0.301964,0.194007,0.144547,-0.029582,0.299622,-0.089639,0.260221,0.091803,0.219194,0.281231,0.010264,0.165053,0.181942,0.162892,0.210417,0.202767,0.260472,0.220432,0.021052,0.229926,0.374265,0.114904,0.108292,0.157760,0.189107,0.242093,0.294530,0.215550,0.162861,0.083614,0.196836,0.216064,0.105633,0.228429,0.138045,0.328106,0.277288,0.121652,0.118843,0.210408,0.174517,0.300547,0.021692,0.337957,0.188605,0.010702,0.201108,0.173766,0.071219,0.057091,0.122995,0.127101,0.299165,0.135523,0.223286,0.136772,0.344756,0.235324,0.106134,0.295758,0.181366,0.313451,0.190492,0.095446,0.245530,0.234611,0.104382,0.214072,0.211314,0.071613,0.028204,0.151734,0.143735,0.078661,0.287470,0.079665,0.032604,0.164370,0.104728,0.163798,0.314627,0.284142,0.189662,0.126621,0.247978,0.099228,0.027464,0.269572,0.072834,0.331797,0.152394,0.124012,0.271324,0.145709,0.040661,0.260791,0.262107,0.247343,0.122595,0.209475,0.145565,0.239613,0.060100,0.235616,-0.032904,0.128781,0.169964,0.249715,0.331555,0.237416,0.286463,0.079828,0.278541,0.072391,0.286435,0.250650,0.139633,0.231463,0.261822,0.224312,#
