0,1.000000,0.029019,-0.118780,0.156307,0.022004,0.056062,-0.043177,0.047276,0.023776,-0.058040,-0.168159,0.004054,0.156713,-0.235000,0.241487,-0.096786,0.031729,0.035974,-0.005073,0.109262,-0.103175,-0.048500,0.024430,0.013368,0.112462,0.042374,0.217012,-0.055898,-0.058446,-0.005162,-0.101677,-0.056806,-0.069760,-0.232670,0.177279,0.023007,0.099545,-0.059754,0.039123,0.000531,-0.040507,-0.045880,0.110210,0.084605,-0.063821,0.005499,0.024890,-0.069461,-0.025647,-0.000287,0.120128,-0.066510,0.152028,0.130950,-0.100417,0.131277,-0.067847,0.011481,0.024476,-0.158329,0.192013,-0.125068,-0.093109,0.043540,0.037083,0.157600,-0.240417,0.176650,-0.119552,0.062415,0.025495,-0.056524,0.012302,-0.102273,0.025751,-0.087582,-0.144646,-0.137764,-0.105350,0.031117,0.197142,0.030576,-0.125851,-0.018431,-0.082760,0.186546,-0.056483,-0.246426,-0.148341,-0.045562,-0.085030,-0.091656,-0.148986,0.059918,-0.028272,0.143382,-0.059330,-0.023069,-0.000756,0.060314,-0.187704,-0.055495,-0.197312,-0.039700,0.102314,-0.146780,-0.207552,0.029715,0.096654,-0.019703,0.164329,-0.084114,-0.097798,-0.073543,-0.065709,0.109408,-0.097417,-0.161538,0.146393,0.083870,0.103311,0.094541,0.078715,0.021241,0.014453,0.075978,0.076982,0.133663,-0.064997,-0.009021,-0.098496,-0.083471,-0.088625,-0.075413,0.000006,-0.115779,0.126694,0.088392,-0.127168,-0.022491,-0.147235,0.217823,-0.141184,0.103637,0.010971,-0.009184,0.040047,-0.105982,0.106644,-0.083743,0.033428,-0.167242,0.022094,-0.168594,-0.049000,-0.066435,-0.027420,-0.046440,0.045583,0.130068,0.127798,0.314132,-0.087672,-0.068311,0.049751,0.066552,0.088133,-0.084105,0.205019,0.090166,0.078284,-0.050791,0.137578,0.069569,0.092984,-0.142338,-0.022013,0.017939,0.126182,0.036499,-0.114622,0.099025,-0.136430,0.007427,0.080025,0.053859,0.003125,0.110039,-0.049436,0.107124,-0.095936,-0.099308,0.002050,-0.022152,-0.007021,-0.083279,-0.138945,-0.130721,-0.148817,0.103653,#
1,0.029019,1.000000,-0.040596,0.089516,0.042381,0.115043,0.105976,-0.015083,-0.096274,-0.013237,0.067692,-0.069934,0.253008,0.167653,-0.160329,-0.023867,0.120149,0.000285,0.113922,-0.040030,0.215359,0.112738,0.145055,0.298135,-0.008838,-0.062106,0.017338,-0.007386,-0.051030,0.076737,0.008886,0.162023,0.160034,-0.036797,0.030666,0.066825,-0.087692,0.052701,-0.017149,0.017966,0.103328,0.034109,-0.029124,0.123292,0.125902,0.162928,0.131775,0.073342,-0.068255,0.130147,0.097149,0.109732,0.176804,0.091097,0.039345,0.194244,-0.098529,0.034635,0.135562,0.035762,0.019086,0.031697,-0.028558,-0.004154,-0.056499,0.048789,0.122294,0.107685,0.179105,0.161286,0.126779,0.150054,0.245976,0.037201,-0.038343,-0.035535,0.108495,0.101306,0.152213,-0.003868,0.095316,0.173746,0.155292,-0.050104,0.089045,0.098448,0.035451,-0.145318,0.003058,0.159138,0.105259,0.024351,0.023331,0.008012,-0.106722,-0.024350,0.137616,-0.086487,-0.050397,0.143981,0.020104,0.164912,0.195284,0.198509,0.086465,-0.024093,-0.028533,0.233485,-0.000775,-0.139331,0.143111,0.154698,0.002928,0.009723,0.115993,0.088070,0.252767,0.313847,0.081971,0.030961,0.070186,0.233013,-0.004618,0.196097,-0.007177,0.068321,0.193845,0.132460,0.094420,0.065235,-0.033394,-0.037877,-0.073577,0.153560,-0.045082,-0.039857,-0.032048,-0.052223,0.209350,-0.008604,-0.019469,0.082855,-0.229812,-0.080495,-0.071945,-0.072896,0.127916,-0.083895,-0.042526,0.132436,0.059937,0.112120,-0.099635,0.099089,0.127454,0.063307,0.106773,0.030828,0.087315,0.028768,-0.067292,0.123528,0.130904,0.071356,-0.027507,-0.029539,0.101280,0.178773,-0.025379,0.126928,0.256153,-0.119694,0.189842,0.030040,0.189284,-0.022244,0.023180,0.150744,-0.050155,-0.139770,0.026148,-0.109394,-0.026129,-0.098280,-0.096171,0.173221,-0.005752,0.062735,-0.015549,-0.041029,-0.044331,0.111283,0.063516,0.181665,0.130796,0.194099,0.139761,-0.126407,0.108280,0.025534,#
2,-0.118780,-0.040596,1.000000,-0.012186,-0.182968,0.077959,-0.001720,0.080539,-0.065730,0.044847,0.050060,-0.184961,-0.030708,-0.051172,-0.075570,-0.049668,0.011922,0.100738,0.125573,0.030783,0.056876,0.055374,-0.154492,-0.070771,0.040928,-0.152750,0.098190,-0.037242,-0.064904,0.008979,-0.038202,0.042450,0.163309,0.047405,0.179691,0.045245,0.117815,-0.073124,0.028570,0.111634,0.288595,0.098808,-0.035109,-0.102045,0.061253,0.247043,0.034250,-0.025601,-0.062127,0.217003,-0.044131,-0.042248,-0.026706,0.164361,0.115912,0.115069,0.109505,0.031769,-0.065483,-0.058264,0.128177,0.107895,-0.009297,0.127603,-0.086710,-0.079433,0.202781,-0.182231,0.250130,0.098165,0.196844,0.102348,-0.015849,0.239334,-0.052355,-0.035739,0.077943,0.176136,0.024517,0.245741,0.022630,0.183051,0.033683,0.090844,0.086569,0.199530,0.157194,0.191317,0.067261,0.014334,0.200591,0.045391,0.043773,-0.153007,0.176808,0.058585,-0.005064,0.021589,0.095978,-0.040239,0.047844,-0.246257,-0.157300,0.141291,0.174880,0.231269,0.068557,0.070132,0.256348,0.026881,0.127716,0.040425,0.030871,-0.034703,-0.008399,-0.027563,-0.097546,0.011108,0.041697,-0.010575,0.066996,0.158228,0.005901,-0.077141,0.086421,0.219166,0.020064,0.082941,-0.022663,0.138237,-0.007617,0.160778,0.072567,0.225683,0.036621,-0.106912,-0.093783,-0.070950,-0.027319,-0.037892,-0.007903,-0.014505,0.018162,-0.035879,0.002328,0.094003,0.185132,0.129515,0.124474,-0.064873,0.000814,-0.019869,-0.131892,0.129429,-0.012346,0.170757,-0.003413,0.003390,-0.034812,-0.110266,0.057917,-0.227750,0.055876,0.015527,-0.112740,0.031144,0.104000,0.003943,-0.074962,0.059517,0.157934,-0.065476,0.084194,-0.095750,0.025508,0.197146,0.271454,0.056717,0.005543,-0.017215,0.011847,0.187105,0.203187,0.245899,0.037896,0.043300,-0.013676,0.105219,0.105648,-0.071516,-0.076429,0.111480,-0.150064,0.247844,0.035243,0.155570,0.139061,-0.073617,-0.104102,0.027618,#
3,0.156307,0.089516,-0.012186,1.000000,0.132587,0.081558,-0.147080,0.176451,0.038023,0.023204,-0.145172,-0.056038,0.097819,-0.029914,0.005357,-0.189759,0.117966,-0.027338,-0.072029,-0.040175,0.225705,0.093684,0.056756,-0.110181,0.053509,0.233826,0.079768,0.154034,0.015935,0.096328,-0.047644,0.051265,0.015077,0.089664,0.046733,-0.049411,-0.052659,0.028909,-0.044959,0.121708,0.079008,0.139086,0.023351,-0.074375,0.134386,-0.003914,-0.035357,0.213136,0.071847,0.000277,0.063033,0.078809,0.138424,0.108210,0.219846,0.020950,-0.136053,-0.043307,0.221052,0.079026,0.141038,0.055466,-0.119035,0.105881,0.040016,0.194992,-0.046271,-0.009430,-0.003241,0.073494,-0.074713,0.064593,0.240488,0.137039,-0.046349,0.020040,0.053624,-0.053618,0.120891,0.134017,0.152977,0.107209,-0.023170,0.066760,-0.018520,0.124407,0.029286,0.111399,-0.041258,0.082992,-0.126160,0.076394,0.088518,-0.065769,0.196355,0.056563,0.008672,-0.011509,-0.066843,0.239030,0.027851,-0.075529,-0.109321,0.040201,0.021758,0.010254,0.112037,0.242233,-0.064303,-0.007197,-0.024755,0.148050,0.039769,0.054697,-0.040091,0.047220,0.219824,0.112540,0.034546,-0.018991,-0.043852,-0.026173,-0.121868,0.116233,0.074869,0.119312,0.139222,0.108433,-0.120868,-0.003370,0.025191,0.003584,0.052067,0.084185,0.054245,-0.046290,0.035792,-0.031154,0.092661,0.064821,-0.014875,0.037344,-0.178559,0.034073,-0.146971,0.107353,0.094585,-0.069987,0.043630,-0.140944,-0.045339,-0.075900,0.049769,-0.025663,-0.015876,0.045130,0.146339,0.035699,0.023222,0.214627,0.243770,0.189195,-0.022309,0.298138,0.095141,0.004975,-0.067516,-0.046717,0.003107,0.092477,0.183858,-0.072833,-0.016979,-0.092265,-0.103854,0.018980,-0.048765,-0.011549,0.085492,-0.076435,0.014749,0.114389,-0.048946,0.171370,-0.060195,0.167504,-0.157808,-0.045181,0.162445,0.082534,-0.084445,0.069925,0.179690,-0.028632,0.074057,0.156029,0.207392,0.065210,-0.048266,0.121774,#
4,0.022004,0.042381,-0.182968,0.132587,1.000000,0.096222,0.059919,-0.006149,-0.069137,0.069499,0.039832,-0.015464,-0.082836,-0.135001,0.049828,0.032997,-0.121147,-0.093712,-0.206995,0.033061,0.105833,0.136840,0.245596,0.136707,-0.060415,-0.095898,-0.053417,0.072186,0.094550,0.113370,0.076389,0.041338,0.023152,-0.001246,0.058084,0.153391,-0.097118,-0.067534,0.097214,0.192658,-0.086363,0.038248,0.087369,0.055646,0.242868,-0.154155,0.199712,-0.007327,-0.123572,-0.053771,0.225807,0.113382,-0.013011,-0.162905,0.006780,0.041663,-0.081588,0.085606,0.190271,-0.057523,-0.053494,0.010215,0.159303,0.004098,0.196704,0.308360,0.011493,-0.027797,-0.003324,0.041785,0.067785,-0.066884,0.000948,-0.066335,-0.038373,0.130944,0.125275,-0.029785,0.130216,0.019012,-0.145989,0.192890,0.066625,-0.106220,0.074235,-0.012480,0.013171,0.111157,0.058147,0.150944,0.006899,-0.128333,0.049121,-0.023640,0.125677,0.065348,0.136132,0.045827,-0.035464,-0.005414,-0.071031,0.187673,-0.011349,0.082275,-0.035327,-0.187171,0.103302,0.011529,0.008484,0.135706,-0.131100,0.094107,0.218069,0.212249,0.016825,0.004435,-0.102491,0.274949,-0.034244,0.092009,0.039058,0.015009,-0.017676,0.061523,0.077521,0.082859,0.175572,-0.017427,0.214131,0.064429,0.124822,0.021268,-0.041431,0.068192,0.043831,0.003596,0.030151,0.178743,0.050007,0.092008,-0.058900,0.237429,0.001864,0.130702,-0.047393,0.129253,0.025868,-0.122254,0.022412,0.039960,-0.026938,0.167014,-0.011258,-0.136091,0.120957,-0.115180,0.167866,0.224361,0.145075,0.032333,-0.086841,0.265003,0.027724,0.169373,0.109631,-0.043374,0.070461,0.023080,-0.078498,0.058498,-0.011542,-0.007448,0.011360,-0.004469,-0.005898,0.008475,0.002295,0.148039,0.068840,0.171766,0.167527,-0.026953,0.035247,0.096466,0.120293,0.187209,0.007842,0.091994,-0.021845,0.136806,0.073722,-0.047591,0.163455,-0.002900,0.086785,-0.138776,-0.038384,-0.040059,0.079216,0.046956,#
5,0.056062,0.115043,0.077959,0.081558,0.096222,1.000000,0.014644,0.059741,0.005916,0.034655,-0.070714,-0.185338,0.139767,-0.016594,-0.013835,-0.056097,0.074479,-0.021016,0.126121,0.234028,-0.007386,-0.116357,-0.013046,0.087731,0.173736,0.189945,0.128184,0.113214,0.006999,0.168995,-0.081543,0.055196,0.019606,0.179503,0.103650,0.076681,0.059788,-0.135465,-0.054453,0.127319,-0.090563,0.120610,0.078305,0.120960,0.099572,0.112922,-0.122962,0.241988,-0.078877,0.108635,0.171924,-0.024329,0.065358,-0.047761,0.136806,0.242215,-0.066448,-0.047553,0.102329,-0.051307,-0.012356,-0.049692,0.032468,0.136243,0.040929,0.058771,-0.177344,-0.000157,0.113038,0.153592,0.256887,0.116679,0.072724,0.095896,0.077920,-0.027660,-0.195541,0.283659,0.107046,0.056191,0.056110,0.098469,0.017553,0.014148,-0.013856,-0.049813,-0.037323,-0.027054,0.101619,-0.074623,0.190147,-0.051846,-0.071409,0.006950,0.045506,-0.212812,0.178088,0.113888,0.103004,-0.040591,0.006813,0.068171,0.142096,0.119969,-0.028657,0.012235,0.132648,0.183600,-0.063486,0.000352,-0.012308,-0.000244,0.125604,0.030830,-0.050351,-0.102195,0.267573,0.198360,0.112336,0.000385,0.012678,0.083832,-0.012962,0.103887,0.067719,0.133019,0.323207,-0.006511,0.029558,-0.082748,0.012586,0.060524,0.022718,0.119087,0.053032,-0.151409,-0.156370,0.145187,-0.096816,-0.059954,-0.032140,-0.041200,0.000271,-0.006921,0.206466,0.055001,0.020594,0.121809,0.065361,0.101690,0.152910,0.051154,0.300467,-0.019667,0.183099,0.000156,0.144271,-0.020557,0.026039,-0.028882,0.021454,0.218594,0.038748,0.108353,0.076090,-0.150919,-0.132080,0.100011,0.063995,0.050035,0.171939,0.090553,0.050920,0.063622,-0.106263,0.197667,0.223866,0.106669,0.136937,0.145265,0.040594,-0.082782,-0.206511,0.092428,0.019744,0.092971,0.014211,0.153911,0.249784,0.182117,-0.046616,0.097608,-0.035285,0.257113,0.081798,0.157642,-0.021264,0.130085,-0.042288,0.219079,#
6,-0.043177,0.105976,-0.001720,-0.147080,0.059919,0.014644,1.000000,-0.067470,0.069308,0.128163,0.253952,-0.026021,0.098708,-0.116741,-0.232322,0.447560,0.183774,0.136573,0.037805,-0.083409,-0.104998,0.000025,-0.074975,-0.022063,0.167956,-0.028707,-0.015287,0.020393,0.132737,-0.003488,0.017088,0.148111,0.058659,0.080962,-0.043645,0.046410,-0.017763,0.053340,-0.119217,0.037600,0.102688,-0.017938,0.267155,0.196714,-0.145850,-0.084999,0.079172,0.139745,-0.037864,0.123085,-0.102449,-0.031749,0.010216,-0.084577,-0.014260,-0.031767,-0.102765,0.003649,0.033039,-0.103994,0.121095,0.123371,0.022379,-0.052519,0.195244,0.066379,0.092301,0.091352,0.065594,-0.011860,0.207339,0.212577,-0.114097,-0.065126,0.059905,0.086543,0.183767,0.108291,0.161588,0.067971,-0.022628,0.090031,-0.108390,0.091753,0.053808,-0.141884,0.137209,0.025715,-0.040138,-0.020641,0.002577,0.069530,0.052065,0.063809,0.071877,0.051037,0.220749,0.021860,-0.138525,-0.025170,-0.007448,0.047811,0.096481,0.031558,0.143406,-0.026489,0.083349,0.155279,0.187149,-0.018132,0.002804,-0.061670,0.098085,0.240813,0.110335,0.147603,-0.068579,0.067940,-0.063682,0.176955,-0.033224,0.207085,-0.236123,-0.041111,0.010531,0.000026,-0.029735,-0.087955,0.067925,0.090934,0.089403,0.075569,0.032810,0.034715,0.064793,-0.142838,0.126406,-0.094017,0.025402,0.203946,0.115493,-0.023594,-0.074287,0.008272,0.030489,0.067803,-0.011696,0.226313,0.037386,0.014474,0.027853,0.147873,-0.071845,-0.015660,0.016886,0.021256,-0.011187,-0.060791,-0.077449,0.081528,-0.158398,-0.025715,0.046802,0.021234,-0.202081,0.018269,0.180304,0.055482,0.049379,0.056680,-0.045258,0.203871,-0.206002,-0.027235,0.089181,0.165673,0.034285,0.205067,-0.050386,-0.033795,-0.013028,0.045599,-0.039563,0.013385,0.043171,0.037377,0.188441,-0.031312,0.004685,0.062952,-0.014974,0.095147,-0.048084,0.093946,0.034084,0.117168,0.001232,-0.115497,0.058270,0.094053,#
7,0.047276,-0.015083,0.080539,0.176451,-0.006149,0.059741,-0.067470,1.000000,0.167722,-0.014055,-0.089632,-0.205453,0.203355,-0.025815,0.059792,-0.023456,0.051862,0.152105,0.096136,0.091504,0.139543,0.097980,-0.000114,-0.016106,0.127922,0.101952,-0.040740,-0.148039,0.073660,0.193676,-0.007464,0.035600,0.142624,-0.021083,0.096621,0.104556,-0.053780,0.126090,0.240438,0.159212,0.062934,0.176293,-0.091149,-0.003370,0.055471,0.237924,0.107471,0.246775,0.156573,0.137079,-0.074115,0.053911,0.046365,0.013758,0.192303,-0.014969,0.011487,-0.196117,0.236880,0.159827,0.037745,0.187925,0.047885,0.073782,0.113542,0.083987,0.074546,-0.116900,-0.187756,-0.006971,0.169567,0.004131,0.092057,0.131558,-0.076265,-0.096815,-0.113219,0.020260,0.029677,0.051294,0.194874,0.076742,0.059662,0.065835,0.072113,0.215021,0.002825,0.106167,-0.086793,0.180029,0.049880,-0.084305,0.235506,0.037852,0.188752,0.210705,0.118003,0.280769,0.202062,0.058857,0.063623,-0.102659,-0.262933,-0.017357,0.078399,0.103745,-0.089403,0.169292,0.085372,-0.067788,0.214987,0.041381,0.154227,0.031976,0.312089,-0.018554,-0.054422,0.010824,0.168364,0.214557,0.049599,0.075685,0.196173,-0.042773,0.003885,0.099904,0.020170,0.049354,0.015314,0.114425,-0.054622,0.136803,0.059459,-0.031416,-0.038114,0.035785,-0.068131,0.188195,0.080463,0.014182,-0.016597,0.028338,-0.007180,-0.035008,0.082867,0.110970,0.089138,0.016482,-0.076939,0.077019,-0.133561,0.211122,-0.037418,-0.056952,0.122615,0.271503,0.119025,0.115666,0.010249,-0.070018,0.104300,0.000087,0.120877,-0.004215,0.035763,0.003342,-0.003787,-0.106466,-0.138749,-0.078075,0.150788,0.030523,0.136257,0.142800,0.121875,0.061981,0.000434,0.004412,0.104465,0.021331,0.058962,0.043138,-0.096505,0.118585,0.055090,0.054981,0.162625,0.112899,0.132999,0.090432,0.037546,0.067120,0.069414,0.068830,0.102632,0.030926,0.047716,0.082809,0.069255,0.071032,#
8,0.023776,-0.096274,-0.065730,0.038023,-0.069137,0.005916,0.069308,0.167722,1.000000,-0.024554,0.017700,0.102580,0.058142,0.108966,0.044113,0.134510,0.025153,-0.015150,-0.155071,0.126929,0.159246,0.033447,-0.116528,0.132078,0.207616,0.121932,0.034348,-0.198710,-0.022621,0.091310,0.064386,0.060038,0.111865,-0.074886,0.006159,0.349619,0.038737,0.068167,-0.047324,0.023284,0.061728,-0.059822,0.268091,0.183517,0.011772,-0.066662,-0.027337,-0.030096,0.114415,0.085382,0.033975,0.119187,0.137115,-0.046926,-0.023060,0.047960,0.000462,-0.037491,-0.036940,-0.080280,0.172072,0.152265,0.228124,0.140969,0.133574,0.131376,0.157189,0.109031,0.165581,-0.041913,0.132076,0.213122,0.155582,-0.017940,-0.015068,-0.008691,-0.130468,0.029457,0.133620,0.080660,0.082602,0.099307,-0.105736,-0.058316,0.024053,-0.019098,0.175443,0.057768,-0.129269,-0.102493,0.110396,0.096806,-0.047875,0.002215,-0.084173,-0.012775,0.254703,0.232808,0.218721,0.175277,-0.069924,-0.240952,0.106338,0.199683,-0.134825,0.200693,0.063405,-0.023702,-0.032770,0.157380,-0.023657,0.003316,0.009472,0.015144,-0.086165,0.042528,0.167401,0.046752,-0.047741,0.092726,0.002600,0.019221,0.089988,0.140292,0.052475,0.083649,-0.076171,-0.027975,0.122844,0.191145,-0.030743,0.233985,0.052094,-0.065813,-0.124160,0.238806,0.013992,0.009838,0.065629,-0.005703,-0.033877,-0.049787,-0.004686,-0.306141,0.022198,-0.038758,0.020309,0.277379,-0.048043,0.093697,-0.043569,0.218198,-0.044295,0.205298,0.145235,-0.007434,0.086025,0.106583,0.218664,-0.087724,0.048818,-0.130808,-0.045330,-0.065958,-0.135499,-0.068485,-0.005996,0.169803,0.104001,-0.120794,-0.035221,0.165532,-0.208075,0.133408,0.106182,0.038948,0.084469,-0.044400,0.127362,0.062283,0.137424,0.023951,0.037215,0.015958,-0.032079,-0.116307,0.215307,0.094871,0.014494,0.135852,0.177161,0.078305,0.095093,0.115642,0.040139,-0.032983,-0.233827,0.001627,-0.028392,0.240957,#
9,-0.058040,-0.013237,0.044847,0.023204,0.069499,0.034655,0.128163,-0.014055,-0.024554,1.000000,0.082348,-0.094218,0.051557,-0.094669,0.013165,0.032805,-0.014518,0.112426,-0.156220,-0.120168,-0.001596,-0.003090,-0.083386,0.020473,0.042476,-0.111323,0.090783,-0.024149,-0.060827,-0.019838,-0.044293,0.036934,-0.006246,-0.063240,-0.127385,-0.004055,0.026530,-0.065094,-0.017308,-0.006415,-0.098877,-0.080069,-0.085707,-0.005744,-0.085876,-0.055238,0.004463,0.035350,0.165333,0.167059,0.069377,-0.057584,-0.096280,-0.021981,-0.143433,0.048311,0.084475,0.048472,-0.125426,0.085722,-0.028775,0.029151,-0.053632,-0.070829,-0.084199,0.078690,-0.007015,-0.053440,0.087099,0.053717,0.148742,0.078457,0.042504,0.065167,-0.095419,-0.011126,0.131065,0.143997,0.041684,0.050852,-0.000120,0.104383,-0.034057,0.054506,0.096013,-0.000078,0.206353,0.099304,0.011574,0.185400,0.066759,-0.131965,0.082858,-0.131759,0.219134,-0.066086,-0.039263,-0.035215,0.010577,0.094799,0.086026,0.091050,-0.001617,-0.015003,-0.012339,0.019098,-0.115093,0.180244,0.025642,-0.004982,0.019129,0.224522,-0.014420,0.064670,0.018691,0.088946,-0.024469,0.045162,0.161530,0.093110,-0.269162,0.009851,-0.033983,-0.016758,0.195426,0.061674,-0.000902,-0.004827,-0.105978,-0.019767,-0.008689,0.024671,0.005092,0.013798,0.058560,-0.088956,-0.060126,-0.010088,-0.022829,0.105220,0.212793,0.180892,0.011215,0.128268,0.130612,0.237395,-0.022642,0.148732,0.044573,0.016576,0.017522,0.127692,0.047574,-0.024690,-0.083880,0.019934,0.073879,0.161767,0.213693,0.087071,-0.037513,-0.027555,0.158914,0.069030,-0.075223,0.015594,0.003394,0.090960,0.204977,0.103872,0.068740,0.076623,-0.024818,-0.130576,-0.015912,0.183678,0.161648,0.111066,-0.073662,0.107713,-0.008218,0.168244,-0.003414,-0.043865,0.157314,0.115946,0.082946,0.122514,0.046689,-0.011878,-0.282732,-0.149568,0.017244,-0.055312,-0.159878,0.155646,-0.004937,0.049807,-0.088450,-0.093512,#
10,-0.168159,0.067692,0.050060,-0.145172,0.039832,-0.070714,0.253952,-0.089632,0.017700,0.082348,1.000000,0.041443,0.048284,0.012730,-0.146937,0.124687,0.122669,0.007612,0.070186,-0.046537,-0.039763,0.016778,-0.136136,0.135072,0.091024,0.012022,0.011827,0.049907,0.073316,0.067358,-0.021235,-0.092557,0.033387,0.015517,-0.129686,-0.073464,0.183477,-0.054072,-0.101057,-0.170440,0.153248,-0.046471,0.026357,-0.095243,-0.068615,0.004615,0.195410,0.076769,-0.004445,0.162252,-0.109606,0.133859,0.029200,-0.071045,-0.035430,0.180584,0.077794,0.149638,-0.069770,0.021380,0.028470,0.109566,0.141619,0.168376,0.010256,-0.033056,0.134682,-0.036040,0.045039,-0.156265,0.269902,0.251351,-0.040270,-0.060047,0.172152,0.117035,-0.142748,-0.021548,0.121697,-0.106266,0.046652,-0.059119,0.043202,-0.091294,0.062624,0.029619,0.131025,-0.034260,0.087863,0.222400,0.019026,0.074995,0.060145,-0.166369,-0.068213,-0.026028,0.020822,0.151213,-0.059486,-0.028489,0.034634,-0.119325,0.028361,0.058546,-0.013589,0.031495,0.210432,-0.037567,-0.025698,0.116464,0.076122,-0.044418,0.128709,0.171543,0.064161,0.074329,0.014105,0.119420,0.031802,0.054458,0.143553,0.202931,-0.098650,-0.046367,-0.023711,0.044729,0.103837,-0.066423,0.054478,0.159279,-0.028084,0.125335,-0.033547,0.090359,0.161402,0.070634,-0.073547,0.092405,0.187423,0.028417,-0.000884,0.043189,0.128870,0.154649,0.029789,0.227016,0.136031,0.125066,0.076256,0.203609,-0.113641,0.000911,-0.065196,0.096165,0.109182,-0.068079,0.184244,0.003418,0.070932,-0.074835,-0.103858,-0.022995,0.078457,0.016370,-0.078115,0.106604,0.158420,0.099363,0.089688,0.034954,-0.125088,0.139932,-0.048375,-0.029985,0.230214,0.163578,0.013233,0.013112,-0.158985,0.055264,-0.164181,-0.063620,0.064101,0.047118,-0.082316,0.122731,0.197769,0.139655,-0.077207,-0.011052,-0.015954,-0.036841,-0.056005,0.223194,0.068981,-0.116375,-0.043259,0.020992,-0.043267,0.167266,#
11,0.004054,-0.069934,-0.184961,-0.056038,-0.015464,-0.185338,-0.026021,-0.205453,0.102580,-0.094218,0.041443,1.000000,0.005583,0.084522,0.097995,0.018842,-0.095988,-0.038228,0.019047,-0.010274,-0.049335,-0.026707,0.067170,0.068863,-0.003807,-0.002967,-0.055865,0.059751,-0.093906,-0.032521,0.210569,0.163272,0.060773,0.107713,-0.131659,0.065623,0.022352,0.104350,-0.001224,-0.108400,0.046763,-0.182554,0.096679,-0.002370,0.000801,-0.265292,0.053379,-0.026029,0.080826,-0.064081,-0.230962,-0.019296,0.232708,0.063319,-0.041686,-0.055086,-0.098038,0.221065,0.051879,0.263143,-0.057920,0.025293,0.131667,0.023076,0.057120,-0.098280,0.071113,0.149565,-0.008409,0.066858,-0.226824,-0.077070,0.055842,-0.098856,0.233079,0.147603,-0.003381,0.092080,0.040619,-0.154082,-0.173312,-0.011285,0.044083,-0.020000,-0.046973,-0.106991,0.054341,0.001185,0.043178,-0.084540,-0.023302,0.006536,-0.033494,-0.009107,-0.100547,0.094619,-0.075033,0.039015,-0.091127,0.073244,-0.057682,0.012734,0.077285,-0.032193,-0.070274,0.058251,0.116560,-0.020504,-0.022257,-0.132729,-0.049699,0.141236,0.036744,0.040564,0.005124,-0.065870,-0.025852,0.087647,-0.039024,0.107935,0.058050,-0.050924,-0.039816,0.248477,-0.031625,-0.132083,-0.040514,0.106143,0.216168,0.153771,0.067269,0.036465,0.126020,0.000729,0.010389,0.137245,0.017056,0.132459,0.002191,0.272290,-0.044006,-0.158398,0.163088,0.041321,-0.047274,-0.048949,-0.014349,-0.054243,-0.085507,-0.243710,0.075239,0.004834,-0.032521,0.222842,-0.002255,-0.069525,0.037199,0.008998,-0.017000,-0.008638,0.039289,0.042645,-0.066115,0.052654,0.071467,0.133925,0.116061,0.126303,0.009119,0.054861,0.145749,0.011042,-0.022273,0.066219,-0.016105,0.047967,0.001689,-0.103084,-0.012426,0.034022,-0.132208,-0.081648,0.022622,-0.005039,0.022913,-0.019356,0.100620,-0.005115,-0.126842,-0.099207,0.124677,0.039347,0.147275,-0.009847,0.056075,-0.028907,-0.147624,0.073694,-0.038252,-0.017261,#
12,0.156713,0.253008,-0.030708,0.097819,-0.082836,0.139767,0.098708,0.203355,0.058142,0.051557,0.048284,0.005583,1.000000,-0.004572,-0.023366,0.027075,-0.014261,-0.083883,0.100159,-0.122422,0.051516,0.052456,0.008505,-0.040735,0.202910,0.051220,0.057168,-0.033145,0.056384,0.002956,0.068657,-0.105058,0.022509,0.078735,0.133699,0.072300,-0.054353,-0.066084,-0.151751,-0.014566,0.015488,-0.104744,0.040995,0.152758,0.064000,0.015078,0.264462,0.214169,0.150011,0.263312,-0.015561,-0.110901,0.135483,0.185515,0.039068,0.064299,-0.010790,-0.141671,0.274737,0.014958,-0.055566,0.191813,0.053491,-0.036578,-0.010077,0.032161,-0.024462,0.141946,0.134884,0.092478,0.066072,0.198870,0.174476,0.073533,0.012241,0.124464,-0.079853,0.163088,0.042592,0.097854,0.218068,0.228707,0.110433,-0.160529,0.097624,0.114914,0.034437,0.056349,-0.051315,0.150693,0.178919,-0.070478,0.091537,0.214278,-0.046498,0.057394,0.115506,-0.116387,-0.141835,-0.021095,0.182010,-0.056374,0.013562,-0.022281,0.026529,0.072647,-0.007930,0.309399,-0.012468,-0.089447,0.172873,0.140743,0.122489,0.032498,0.114434,-0.005334,-0.094206,0.123162,0.069190,0.033468,0.050633,0.267895,0.021341,0.162823,0.035411,0.149966,-0.022225,0.024211,-0.107016,0.131855,-0.251297,-0.007920,0.062913,-0.018195,-0.078331,-0.142621,-0.013033,-0.018227,0.130401,-0.127572,-0.006620,-0.077634,-0.145149,0.035452,-0.134295,0.110955,0.149434,0.123398,-0.013407,0.068330,0.079054,-0.010009,0.055781,-0.017950,0.172510,0.108255,0.161099,0.223060,0.252476,-0.105472,0.017177,0.102845,0.067982,-0.056596,0.048215,0.023946,0.104773,0.208820,0.159191,0.037489,0.314427,-0.098068,0.174738,-0.009535,0.132910,0.116453,0.080675,0.040699,-0.338533,-0.056830,-0.071230,0.104729,-0.101718,-0.004453,-0.059187,0.083476,0.138748,0.100973,0.092138,-0.028301,-0.005865,-0.071617,-0.044478,-0.048147,-0.006203,0.100663,-0.121021,-0.020223,0.047002,0.114985,#
13,-0.235000,0.167653,-0.051172,-0.029914,-0.135001,-0.016594,-0.116741,-0.025815,0.108966,-0.094669,0.012730,0.084522,-0.004572,1.000000,0.035060,-0.052487,-0.135271,0.036834,0.051559,-0.085982,0.044759,-0.015712,0.149704,0.060750,0.007671,0.215895,0.087056,-0.008888,0.005408,0.075718,-0.032668,0.008670,0.048157,0.007298,-0.114051,0.036688,-0.064586,0.061638,-0.211504,0.057989,0.159995,0.072549,0.171423,-0.133951,0.040031,0.055718,-0.121246,0.116839,0.102190,0.070515,-0.054508,0.046710,0.020547,-0.035794,0.049302,-0.000218,0.098293,0.103876,0.105626,0.061336,-0.149109,0.140284,-0.045969,-0.171614,0.080622,0.009013,0.213020,0.238918,0.093774,0.031540,-0.021907,-0.042944,0.203754,0.035873,-0.008640,0.105884,0.094141,-0.015856,0.015540,-0.019676,-0.024825,0.103319,0.036079,0.086839,-0.111684,0.150527,-0.023919,0.128199,0.149237,-0.030257,0.015361,0.120283,0.154553,0.024102,-0.127053,-0.086804,0.078478,0.021444,0.005711,0.087516,-0.080031,-0.078600,0.228469,-0.073636,-0.006320,0.098360,-0.040434,0.105862,-0.151279,-0.055725,-0.047126,0.051553,0.050698,0.044645,0.120570,-0.052011,0.047951,0.006330,-0.043425,-0.103573,0.078621,-0.021366,0.144158,-0.072528,-0.050609,0.012794,0.011050,0.071106,0.110446,0.139757,-0.070643,-0.249783,-0.051407,0.093178,0.014104,0.052393,0.060401,0.036158,0.251754,0.020310,-0.048059,-0.130781,0.004234,-0.101607,-0.142632,0.062029,0.015059,0.123556,0.066847,-0.155595,-0.050887,-0.023208,0.021844,0.077040,0.070553,-0.064953,0.025438,-0.221442,-0.048407,-0.062552,0.041669,-0.013096,0.172702,-0.065831,-0.079439,0.004728,0.153991,0.106094,-0.103123,0.078770,0.024939,-0.038305,-0.082129,0.183614,0.091122,0.064696,0.094935,-0.118885,-0.021325,0.040643,0.029796,-0.065699,0.099734,0.075458,-0.171722,0.044781,-0.032489,-0.138462,-0.074765,0.080201,0.247126,0.015521,0.053587,0.105539,-0.000050,0.071517,-0.145428,0.223527,0.014522,0.062570,#
14,0.241487,-0.160329,-0.075570,0.005357,0.049828,-0.013835,-0.232322,0.059792,0.044113,0.013165,-0.146937,0.097995,-0.023366,0.035060,1.000000,-0.096729,-0.074599,0.140573,-0.172332,0.094703,-0.159904,0.052769,0.119423,0.163609,-0.003288,-0.006874,0.050279,0.012833,-0.010935,0.037103,0.318110,-0.068939,-0.019138,-0.060373,0.085546,0.079091,-0.007546,0.021072,0.099206,-0.091853,0.017529,-0.053494,-0.077129,-0.074126,-0.011067,0.095700,0.041519,-0.078521,0.040279,-0.090599,-0.078359,0.149775,0.117813,-0.103857,0.028659,0.096265,0.095314,-0.028118,0.118856,-0.125186,0.021244,-0.102492,0.090892,0.081198,-0.107178,-0.011504,-0.092685,-0.090470,0.013920,-0.054329,0.111153,-0.078591,0.236008,0.109207,0.023311,0.143001,-0.014703,-0.064723,-0.183437,-0.055346,-0.001632,0.024376,0.086993,0.105428,-0.051581,-0.027925,-0.036189,0.024994,-0.071802,0.109068,0.049483,-0.112529,0.145467,0.164063,-0.022174,-0.017366,-0.151635,0.040643,-0.099267,0.055834,-0.201577,-0.051360,0.000534,0.033117,-0.019345,-0.094960,0.039928,-0.113502,0.080312,0.093613,-0.129582,0.141176,0.064830,0.063811,-0.185194,-0.126571,-0.083236,-0.135559,-0.011718,0.090230,0.067838,-0.156575,0.139602,0.147690,0.080520,-0.074308,-0.057768,0.067144,-0.109138,-0.037235,-0.010548,0.069133,-0.078718,0.015092,0.011673,-0.128080,0.166868,0.111323,0.035525,0.084164,-0.073892,0.092682,-0.003951,0.247572,0.022977,0.105136,0.035048,-0.039634,0.042725,-0.060329,0.248752,-0.089214,0.181795,-0.052661,-0.022470,-0.036238,0.074226,-0.094441,-0.029037,0.073882,0.020318,-0.009401,-0.032276,-0.121879,0.302792,0.168902,-0.057363,-0.050553,0.046940,-0.006254,0.108951,-0.233894,-0.014168,-0.085578,-0.066895,0.002852,-0.099543,-0.033713,0.099731,0.047407,0.119282,-0.029566,-0.103063,-0.044893,0.018107,0.118900,-0.039061,-0.012656,-0.021790,0.061149,0.026152,0.096592,0.069052,-0.026370,-0.155372,-0.143679,-0.034822,0.040031,-0.212650,-0.146407,#
15,-0.096786,-0.023867,-0.049668,-0.189759,0.032997,-0.056097,0.447560,-0.023456,0.134510,0.032805,0.124687,0.018842,0.027075,-0.052487,-0.096729,1.000000,0.091909,0.071079,-0.004751,-0.067758,-0.080634,0.029357,-0.073588,0.141228,0.059120,0.085968,-0.144860,0.090187,0.087329,-0.165206,0.080970,0.121160,0.150516,0.253648,-0.060694,0.019058,-0.055845,0.100761,-0.155091,-0.076345,-0.007702,-0.113508,0.119352,0.126800,-0.071089,0.017444,0.133901,-0.020285,0.046446,0.102653,-0.096577,0.102610,-0.015836,0.095330,0.005073,0.076456,0.106386,-0.016228,-0.017005,0.079958,0.170840,0.136172,0.122966,0.034491,0.092098,-0.102905,0.056417,0.101855,0.078640,-0.014345,0.083369,0.068553,-0.053496,0.118537,0.001103,0.053509,-0.058681,0.091829,0.171067,-0.029662,-0.113024,0.048882,-0.017738,0.071854,-0.005663,-0.053689,-0.005949,0.013326,-0.026246,-0.193535,-0.018743,0.194646,0.073073,0.096214,-0.115625,0.028283,0.102230,0.133127,-0.022336,0.040337,-0.023935,0.129684,0.057306,0.142340,0.128284,-0.067713,0.045562,0.038076,0.040693,0.059833,-0.100855,0.012515,0.214417,0.086083,0.105550,0.037804,-0.148245,-0.074804,-0.113657,0.217952,-0.096367,0.247044,-0.066925,0.093317,-0.030106,0.076585,0.045262,0.028665,-0.047540,0.193359,0.197945,0.096940,-0.110362,-0.126432,0.052768,0.087061,0.103057,-0.062423,-0.139774,0.191374,0.097501,-0.026151,0.055273,0.057379,0.066340,0.067264,-0.000679,0.050267,-0.000380,-0.015171,0.111379,0.346051,0.087746,0.029487,0.002376,0.038410,-0.025522,-0.013352,0.141151,0.103883,-0.084393,-0.077894,0.106652,0.163520,-0.108878,-0.024236,0.049653,-0.017871,0.045103,0.167303,-0.018071,0.094973,-0.167759,0.196575,0.020423,0.166468,0.038485,0.013705,0.052828,0.041388,0.081548,-0.013549,-0.010923,0.026602,0.200140,-0.018856,-0.015945,-0.020210,0.046345,0.081782,-0.007412,0.095182,-0.063885,0.055392,-0.063674,0.182575,-0.020494,-0.109643,0.132164,0.013135,#
16,0.031729,0.120149,0.011922,0.117966,-0.121147,0.074479,0.183774,0.051862,0.025153,-0.014518,0.122669,-0.095988,-0.014261,-0.135271,-0.074599,0.091909,1.000000,0.079395,0.256410,0.157292,0.233544,-0.354141,0.081875,-0.078282,0.084574,0.174318,-0.033750,0.129890,-0.069634,0.079863,0.065115,0.133660,0.037237,-0.027919,0.101594,0.008492,0.142175,0.197057,0.047761,0.052636,0.052592,-0.092383,0.076837,-0.065591,0.047834,-0.032794,0.110082,-0.025010,-0.026674,0.052909,0.032818,0.107859,-0.014208,-0.000373,-0.001496,0.209091,0.020159,0.105123,-0.032900,-0.001021,0.095882,0.063701,0.076856,0.041662,0.036242,0.099517,0.057213,0.104968,0.088896,-0.019767,0.211924,-0.013039,0.007169,-0.028666,0.039678,-0.008706,-0.030532,0.075404,-0.075764,0.109755,0.237724,0.001466,0.102554,0.041879,-0.029483,0.012682,0.011282,-0.094951,-0.058506,-0.012378,-0.167982,0.027875,0.051487,-0.221298,0.022191,0.070104,-0.090773,0.189378,-0.049339,0.130021,0.062328,0.112327,0.057315,0.167858,0.095950,-0.113200,0.046347,-0.016822,0.263679,0.070217,-0.054861,0.010706,0.123203,-0.014288,0.061255,0.109220,0.254530,0.031177,0.041138,-0.026128,-0.158510,-0.026471,0.008906,0.005674,0.179338,0.029722,0.019835,-0.065954,-0.057335,-0.068434,0.147875,0.110785,0.037386,0.031091,-0.085597,0.001643,0.001015,-0.070523,-0.009366,-0.058993,-0.032701,0.012897,-0.015562,-0.050814,-0.055178,0.005184,0.224244,0.104781,0.106927,-0.100400,0.024333,0.013354,-0.220682,0.026748,0.017964,0.015531,-0.047905,0.003404,-0.093015,0.061120,0.168792,-0.147483,0.179095,-0.002085,0.175594,0.049875,0.004428,0.117130,0.035084,0.140710,-0.135986,0.221176,-0.041333,0.128408,-0.004515,0.020202,0.092848,0.229553,0.136712,0.096402,0.033567,-0.049703,-0.125726,0.121973,-0.107977,-0.011144,0.040660,0.010237,0.140059,0.094297,-0.060714,0.195927,-0.079121,0.069540,0.206772,0.210906,0.109415,0.010803,-0.119674,0.101122,#
17,0.035974,0.000285,0.100738,-0.027338,-0.093712,-0.021016,0.136573,0.152105,-0.015150,0.112426,0.007612,-0.038228,-0.083883,0.036834,0.140573,0.071079,0.079395,1.000000,0.086559,0.057026,0.000886,-0.010714,0.023302,-0.204655,0.194821,0.090849,-0.060969,0.002486,-0.012109,0.005774,0.035005,0.157694,-0.026231,-0.152515,-0.174750,-0.262031,-0.051244,0.161875,0.114273,0.040259,0.186900,0.099173,-0.023809,0.000840,-0.048844,0.164690,0.014497,0.087152,0.042079,0.042776,-0.106515,-0.079076,0.073208,-0.036910,0.076250,0.016359,0.078405,-0.053325,0.006545,0.095806,0.082067,-0.079808,0.201797,-0.096824,-0.088124,-0.111108,0.260297,-0.066571,-0.042759,-0.136208,0.132421,-0.063286,-0.061261,0.156962,0.111759,-0.076489,-0.118548,0.086940,0.149746,0.005675,0.029561,0.149594,0.004445,0.168852,-0.126326,-0.068168,0.175118,-0.037400,-0.065475,0.038880,-0.098674,-0.066136,0.153405,0.033028,0.168022,0.047974,-0.046524,-0.008054,0.129674,0.154528,-0.164904,-0.152082,-0.094932,-0.173725,-0.041673,0.086942,-0.095552,-0.021254,0.017780,0.066745,0.163433,-0.072535,0.094056,0.094890,0.216125,-0.024168,-0.132642,-0.035504,0.056502,0.192261,0.035816,-0.020915,-0.058156,-0.145239,-0.002740,-0.028405,-0.023203,0.134747,-0.034372,0.001080,-0.004018,0.113433,0.119793,-0.012412,0.053774,0.050345,0.142221,0.021042,-0.069162,0.215913,-0.059278,0.020022,0.117875,0.063106,0.135541,-0.024735,-0.101857,0.005454,-0.004283,-0.010419,0.073628,0.023511,-0.048042,0.058913,-0.029824,0.003563,0.085659,-0.207865,-0.009737,0.073200,-0.023026,-0.013826,0.112399,-0.086150,-0.131920,-0.138253,-0.060813,-0.103519,0.050566,-0.038073,0.049830,-0.014646,0.053511,-0.099565,0.030410,0.016212,0.044835,0.051289,0.052328,0.196485,-0.002140,0.012859,-0.057654,0.107447,0.003530,-0.051935,0.100458,0.089397,-0.028496,-0.070285,0.012557,0.017561,-0.124736,-0.061573,-0.155648,0.163439,-0.012049,-0.102701,-0.001901,-0.185439,#
18,-0.005073,0.113922,0.125573,-0.072029,-0.206995,0.126121,0.037805,0.096136,-0.155071,-0.156220,0.070186,0.019047,0.100159,0.051559,-0.172332,-0.004751,0.256410,0.086559,1.000000,0.061659,0.063320,-0.000568,0.002455,-0.076810,-0.039901,0.104731,-0.068067,-0.041609,-0.010653,0.072032,-0.149782,0.154954,0.017452,0.042361,0.031100,0.003886,-0.015324,0.211284,-0.014148,0.021662,0.123274,-0.056992,0.209842,-0.132209,-0.066934,-0.017507,0.039874,0.234665,0.018504,-0.000302,-0.080365,0.067022,0.142642,-0.067104,0.026108,0.055058,0.001241,-0.050489,0.037926,0.155636,0.060927,0.134513,-0.006980,-0.088909,0.094678,-0.097803,0.101235,-0.130020,-0.113325,0.032896,0.017842,-0.113903,-0.062049,0.015767,0.111824,-0.087376,-0.164818,0.114540,-0.126949,-0.113378,0.071970,-0.028813,0.170028,-0.035651,0.161044,0.256680,-0.277324,0.048784,0.033899,-0.083402,-0.011316,0.005180,-0.028717,-0.022812,0.075569,0.031487,0.011086,0.065118,0.036998,0.067168,0.000278,-0.038061,-0.016321,-0.030690,0.061263,0.137256,-0.072187,0.164892,0.064260,-0.025468,0.146807,-0.085141,-0.011554,-0.098202,0.017976,0.000939,-0.025030,-0.058757,0.153437,0.059301,0.148771,-0.096977,-0.091549,-0.033613,0.191335,-0.116662,0.104169,0.077802,0.001407,0.008434,-0.096251,0.021332,0.068207,-0.113849,-0.087873,0.022094,0.035800,0.025534,0.007930,-0.039231,-0.136506,0.078492,-0.109383,-0.060957,0.068991,-0.014076,0.181320,0.048279,0.101695,-0.041252,0.015000,-0.116504,0.081705,0.097996,0.137715,0.198977,0.043796,-0.138045,-0.194744,-0.121549,0.141894,0.023475,0.123555,-0.067595,-0.014043,-0.142674,0.133027,-0.000463,-0.043066,0.109291,0.127541,0.070262,0.001346,0.175241,0.110705,-0.023290,-0.007015,0.014085,-0.058427,0.022335,-0.082682,-0.039972,-0.084067,0.047088,-0.031792,-0.111571,0.027725,0.038701,-0.107106,0.010869,0.025274,0.158253,-0.083224,0.129019,0.090972,0.082861,-0.052133,0.187802,-0.049759,0.140571,#
19,0.109262,-0.040030,0.030783,-0.040175,0.033061,0.234028,-0.083409,0.091504,0.126929,-0.120168,-0.046537,-0.010274,-0.122422,-0.085982,0.094703,-0.067758,0.157292,0.057026,0.061659,1.000000,0.027991,-0.178888,-0.064072,0.038550,0.153196,0.045510,-0.024002,-0.008685,-0.261740,0.160169,0.005483,0.133026,0.211911,-0.022022,0.130123,0.128525,0.105660,0.112334,0.130998,0.081109,0.136549,0.113493,0.029351,-0.019081,-0.068481,0.089441,-0.015124,-0.000535,0.109629,0.163347,0.110696,0.038525,0.140472,0.063747,0.059619,0.133295,0.000135,-0.085422,-0.076873,-0.014165,-0.021045,-0.034368,0.146137,0.076409,0.056342,-0.036705,0.180200,0.052314,0.133489,0.009186,0.138113,-0.011430,0.064263,-0.025343,-0.096557,0.097465,-0.151515,0.055665,0.020386,-0.162899,0.207215,-0.057596,-0.043244,0.012941,0.051860,-0.012425,-0.081332,-0.039760,0.143340,0.033222,-0.058883,0.000771,-0.163020,-0.027148,-0.003182,-0.078900,-0.037581,0.315057,0.060428,0.168049,-0.081468,-0.090114,0.065314,0.058812,0.040158,-0.111973,0.013282,-0.109922,0.007745,-0.123144,0.021894,-0.054942,0.051655,-0.015588,-0.100166,-0.068757,0.125365,0.018373,0.215164,-0.058273,0.100712,-0.077081,0.071394,0.106234,0.027184,0.069775,-0.023634,0.164061,0.060271,-0.041149,0.155564,0.195570,0.066285,-0.007179,-0.166829,0.053216,-0.048293,0.112858,0.013263,-0.075193,-0.006332,0.074243,-0.130402,-0.159990,0.062030,-0.112526,-0.050592,0.051925,0.173050,0.025178,-0.026763,-0.067912,-0.022164,0.095077,0.161374,-0.017200,0.183249,-0.136347,0.143676,0.024278,0.120673,0.126354,-0.056668,0.173722,0.255319,0.194664,-0.098258,0.081521,-0.030163,-0.027125,-0.062192,0.153727,0.050790,0.166078,0.100788,-0.084979,0.098456,0.029318,0.082256,-0.006151,-0.004333,0.113412,0.073752,-0.000116,0.075954,-0.045063,-0.061008,-0.005747,0.012097,0.158534,0.078820,0.123399,-0.114794,0.047839,0.081457,-0.028599,0.098262,-0.063125,0.011909,-0.046346,#
20,-0.103175,0.215359,0.056876,0.225705,0.105833,-0.007386,-0.104998,0.139543,0.159246,-0.001596,-0.039763,-0.049335,0.051516,0.044759,-0.159904,-0.080634,0.233544,0.000886,0.063320,0.027991,1.000000,-0.008538,0.001920,0.146638,0.125888,0.226837,-0.172434,-0.011207,0.098252,-0.015583,0.149313,0.100140,0.256635,0.042638,0.005584,0.073741,-0.047644,0.043628,-0.038486,0.059705,0.148514,0.051764,0.026735,-0.148033,0.253194,-0.092868,0.067239,0.050029,0.023751,0.016373,0.097202,0.126583,0.056907,0.011184,0.134120,-0.093405,-0.259168,-0.101771,0.077790,0.069527,0.060962,0.009578,0.113951,0.075881,-0.035947,0.177616,0.130333,0.032686,-0.031568,-0.002844,0.130199,0.099408,0.206658,0.096757,-0.193567,-0.055154,0.122742,0.018657,0.112609,0.079857,0.084841,0.032372,0.089527,-0.143643,0.006931,0.154114,0.042969,0.172760,0.098933,0.140513,0.013620,0.011294,0.064539,-0.032184,0.019736,0.104766,0.036945,0.012537,0.120298,-0.015169,0.178618,-0.052731,0.029372,0.171393,-0.004579,0.119634,0.241677,-0.079495,0.027850,0.195416,0.005389,0.130786,-0.044008,-0.060154,0.088496,0.043626,0.210776,0.044638,-0.031641,-0.089509,-0.046652,0.049669,0.011255,0.110224,0.060195,0.103421,-0.023605,0.039918,-0.046822,0.145863,0.080580,0.079225,0.246033,0.007531,-0.016798,0.188795,-0.038734,0.051278,0.059885,0.078622,-0.020488,0.102295,-0.033641,-0.120706,0.015020,-0.123386,0.124466,0.049391,-0.064874,-0.054502,0.044935,0.032427,-0.130809,0.065804,-0.015137,0.033673,0.033676,0.173345,0.047295,0.021500,0.214564,0.011853,0.109575,0.031529,-0.003749,0.107786,0.024551,0.184723,-0.028350,-0.121014,0.147156,-0.058020,-0.053743,0.026907,-0.003353,0.018491,0.003263,0.125411,-0.019445,0.055882,0.157764,0.099691,0.028416,0.060168,0.026004,0.161723,0.029171,-0.096177,0.116609,0.086454,0.041528,0.212345,0.223247,0.067492,0.216173,0.178009,0.079124,0.088032,-0.054211,0.050080,#
