0,1.000000,0.203163,0.378309,0.194047,0.286525,0.269073,0.182493,0.116765,0.276773,0.229815,0.344655,0.283575,0.131642,0.127744,0.391922,0.245349,0.207618,0.374322,0.260106,0.251333,0.306642,0.373212,0.236302,0.365535,0.244047,0.175270,0.359119,0.288658,0.390273,0.257726,0.164144,0.173929,0.255185,0.157891,0.085000,0.415309,0.331208,0.230025,0.353731,0.404264,0.189568,0.367391,0.151190,0.271098,0.173298,0.332173,0.358866,0.347576,0.365316,0.295619,0.387670,0.268183,0.277032,0.088659,0.386583,0.300155,0.240710,0.242585,0.200189,0.269040,0.333233,0.230621,0.288784,0.277263,0.321726,0.201765,0.346604,0.295966,0.306500,0.263726,0.368733,0.291320,0.416780,0.287047,0.131939,0.132667,0.227327,0.303447,0.274776,0.117902,0.394593,0.168739,0.284793,0.251644,0.310266,0.288081,0.261387,0.176275,0.405257,0.238993,0.218420,0.181265,0.128157,0.264327,0.399479,0.246762,0.434743,0.332231,0.300081,0.376603,0.308719,0.335948,0.276331,0.349411,0.224892,0.240478,0.304138,0.276509,0.167011,0.204481,0.236715,0.194474,0.212460,0.250845,0.154544,0.222428,0.369418,0.202576,0.249525,0.317454,0.396188,0.213331,0.222223,0.168968,0.220167,0.412867,0.193043,0.178701,0.203303,0.338818,0.288696,0.360743,0.340669,0.297395,0.236001,0.182518,0.359542,0.224691,0.250100,0.449368,0.256103,0.224073,0.292727,0.204849,0.376311,0.187223,0.205106,0.216058,0.290610,0.227833,0.300271,0.254952,0.325894,0.242818,0.170787,0.108411,0.128742,0.180925,0.410629,0.352265,0.242929,0.340582,0.104110,0.142563,0.354932,0.017443,0.265505,0.235203,0.204401,0.213333,0.405091,0.067475,0.406797,0.355427,0.186043,0.258256,0.371437,0.244929,0.338982,0.259638,0.248547,0.402928,0.079544,0.017381,0.201486,0.322142,0.343492,0.411083,0.357064,0.184418,0.306631,0.300386,0.231635,0.132411,0.382853,0.177649,0.074369,0.213194,0.385774,0.286182,#
1,0.203163,1.000000,0.122363,0.284588,0.374904,0.259692,0.276285,0.202822,0.214493,0.100079,0.429756,0.303116,0.242528,0.278166,0.189020,0.159468,0.148188,0.270868,0.222331,0.247185,0.135265,0.293919,0.169936,0.315413,0.287093,0.307452,0.298420,0.387682,0.324079,0.212963,0.292804,0.281853,0.359655,0.246910,0.138851,0.167776,0.214216,0.287821,0.448491,0.238462,0.180611,0.258810,0.344100,0.250540,0.170286,0.349355,0.328901,0.346072,0.237800,0.153493,0.417062,0.240977,0.350522,0.122713,0.303525,0.340756,0.274979,0.256195,0.353503,0.354792,0.225916,0.322487,0.232032,0.352292,0.226386,0.281588,0.079163,0.300531,0.336317,0.197874,0.246621,0.197817,0.422416,0.179606,0.284881,0.115279,0.297268,0.197660,0.276052,0.180608,0.270904,0.392125,0.360540,0.349236,0.184037,0.097813,0.333558,0.267293,0.341811,0.433500,0.279679,0.392339,0.139860,0.328342,0.197864,0.167332,0.228056,0.194289,0.173482,0.164598,0.203288,0.210267,0.235181,0.231298,0.163785,0.284805,0.173512,0.347393,0.106747,0.343865,0.381735,0.221529,0.169600,0.271441,0.276608,0.281449,0.301097,0.163140,0.322744,0.336282,0.193511,0.212312,0.344098,0.249357,0.237763,0.387449,0.191550,0.251201,0.117761,0.273718,0.295014,0.294634,0.136456,0.301146,0.418679,0.383554,0.155559,0.296099,0.228908,0.356382,0.317655,0.125170,0.166419,0.199599,0.302443,0.226156,0.269315,0.152051,0.254954,0.275546,0.163105,0.258833,0.289894,0.173226,0.247852,0.223508,0.242666,0.138591,0.283648,0.044314,0.080198,0.354831,0.211591,0.181546,0.288654,0.239204,0.150719,0.263126,0.277318,0.391934,0.286100,0.295761,0.292667,0.196344,0.344064,0.153242,0.147193,0.344429,0.306309,0.223624,0.235243,0.253681,0.273733,0.096117,0.308011,0.311914,0.192186,0.321898,0.218079,0.294915,0.456514,0.234354,0.241497,0.203620,0.299745,0.316051,0.064239,0.258010,0.130385,0.109920,#
2,0.378309,0.122363,1.000000,0.319651,0.206358,0.135278,0.229652,0.176367,0.019431,0.020637,0.088690,0.271111,0.188116,0.150262,0.215880,0.180132,0.197685,0.116487,0.161010,0.209303,0.283669,0.364626,0.279024,0.252343,0.270481,0.233681,0.306884,0.163730,0.224336,0.264168,0.122138,0.080456,0.141385,0.146776,0.057786,0.232503,0.211668,0.157795,0.203363,0.184884,0.255927,0.296684,0.174395,0.129798,0.050532,0.352377,0.192415,0.325127,0.167588,0.196015,0.255610,0.349414,0.285604,0.085474,0.117056,0.220325,0.111765,0.145469,0.128225,0.202689,0.012570,0.224964,0.293336,0.184746,0.280841,0.243926,0.073375,0.026808,0.189950,0.311096,0.272105,0.059682,0.192967,0.233624,0.142032,0.238078,0.169041,0.243885,0.181185,0.205498,0.374818,0.072416,0.097384,0.179684,0.132847,0.170502,0.324110,0.184133,0.177678,0.183946,0.186410,0.244225,0.214507,0.094284,0.161283,0.066680,0.209651,0.201833,0.219978,0.156668,0.316440,0.221129,0.179806,0.220572,0.179831,0.185064,0.170009,0.231694,0.057621,0.291500,0.265554,0.140017,0.187336,0.171336,0.200657,0.250470,0.188287,0.214259,0.081817,0.114892,0.242329,0.232898,0.163341,0.065764,0.172485,0.182346,0.241443,0.112340,0.098181,0.253869,0.172920,0.330466,0.145555,0.036072,0.178510,0.324952,0.148432,0.176548,0.001404,0.115091,0.013703,0.129552,0.248437,0.162496,0.376960,0.174665,0.192464,0.224009,0.354810,0.209903,0.127405,0.381686,0.222635,0.162901,0.088348,0.037619,0.004966,0.093981,0.207070,0.116252,0.269746,0.204420,0.225118,0.213173,0.333468,0.024218,0.165433,0.265441,0.003069,0.152514,0.144244,0.168707,0.118625,0.126337,0.223787,0.165709,0.375803,0.174815,0.235414,0.239492,0.283224,0.148904,0.071625,0.194338,0.022713,0.204724,0.151131,0.162021,0.261291,0.123027,0.205538,0.168072,0.388425,0.089960,0.225853,0.131578,0.097469,0.183787,0.307493,0.153015,#
3,0.194047,0.284588,0.319651,1.000000,0.361509,0.117577,0.214610,0.200855,0.199211,0.052219,0.244562,0.397328,0.186770,0.237917,0.167535,0.242723,0.190043,0.265692,0.209568,0.164566,0.137490,0.273346,0.253787,0.341815,0.337389,0.232102,0.184831,0.163829,0.227762,0.227544,0.234798,0.366536,0.277304,0.326876,0.007238,0.281130,0.356031,0.404681,0.371460,0.134170,0.273979,0.306843,0.178384,0.273523,0.175349,0.333834,0.354888,0.297001,0.142143,0.298624,0.325998,0.197062,0.237146,0.139786,0.151097,0.369438,0.250720,0.290501,0.278805,0.258370,0.116077,0.136495,0.223528,0.277626,0.231006,0.283796,0.205210,0.296065,0.159992,0.245581,0.335030,0.117651,0.220967,0.125495,0.276101,0.330573,0.265406,0.274483,0.333194,0.170452,0.326194,0.281516,0.191921,0.262971,0.311231,0.221431,0.356356,0.125372,0.324720,0.353322,0.256315,0.280859,0.251081,0.353494,0.171554,0.229724,0.321900,0.238981,0.308403,0.286772,0.349486,0.160155,0.313920,0.212321,0.268270,0.235787,0.147851,0.212654,0.071400,0.190256,0.290307,0.178225,0.223432,0.215770,0.095078,0.187370,0.284831,0.025299,0.242080,0.239431,0.357514,0.174343,0.269929,0.351244,0.202460,0.138894,0.254235,0.176043,0.187772,0.307546,0.185176,0.351501,0.321878,0.292275,0.217293,0.207585,0.127479,0.100106,0.301817,0.289486,0.291968,0.188717,0.306774,0.274460,0.339228,0.135309,0.286163,0.275569,0.235272,0.230334,0.150567,0.228679,0.138989,0.204439,0.122413,0.144019,0.219929,0.207179,0.055488,0.306920,0.245548,0.292433,0.318890,0.332466,0.295719,0.242613,0.292176,0.259929,0.123770,0.268270,0.284105,0.154529,0.217034,0.160340,0.238713,0.190012,0.293694,0.303011,0.218181,0.242297,0.291281,0.300112,0.272185,0.220773,0.146551,0.204199,0.173221,0.306746,0.077985,0.173182,0.162064,0.270661,0.364381,0.214301,0.173589,0.261381,0.161282,0.268765,0.245121,0.175702,#
4,0.286525,0.374904,0.206358,0.361509,1.000000,0.180520,0.317413,0.232779,0.268921,0.044888,0.226667,0.213260,0.272309,0.220031,0.131004,0.187922,0.137125,0.207574,0.293219,0.285920,0.214511,0.272460,0.279609,0.334298,0.252592,0.362116,0.137968,0.317601,0.349698,0.063086,0.114460,0.231255,0.337350,0.190790,0.129182,0.214713,0.228968,0.283350,0.207329,0.216692,0.282020,0.331380,0.197811,0.161046,0.362215,0.238700,0.299317,0.328652,0.222587,0.255963,0.253585,0.142109,0.247294,0.128379,0.245921,0.374165,0.191040,0.216366,0.290252,0.322749,0.320007,0.256745,0.099355,0.105460,0.172163,0.178023,0.282384,0.189027,0.246929,0.218540,0.247053,0.210782,0.282680,0.219173,0.139836,-0.054602,0.205481,0.297451,0.189231,0.041803,0.321356,0.264106,0.148174,0.258096,0.252713,0.170271,0.283382,0.235788,0.348981,0.415386,0.219076,0.258987,0.028249,0.316191,0.051271,0.265339,0.293785,0.383251,0.386457,0.269177,0.271594,0.053941,0.262670,0.347348,0.218144,0.232950,0.083075,0.277255,0.105102,0.259617,0.405925,0.139429,0.214522,0.433015,0.206267,0.093297,0.172459,-0.107812,0.215437,0.073428,0.310123,0.206487,0.347799,0.161192,0.323957,0.207957,0.252765,0.162424,0.092242,0.222550,0.205430,0.225747,0.231100,0.208353,0.290496,0.248256,0.247205,0.005738,0.109611,0.284190,0.299370,0.053970,0.125879,0.257100,0.242823,0.160639,0.255705,0.104417,0.236041,0.319202,0.266747,0.211515,0.198661,0.253656,0.060402,0.141863,0.249120,0.202087,0.309767,0.255127,0.157614,0.247973,0.147879,0.340445,0.166315,0.297086,0.121613,0.111577,0.077774,0.250092,0.251581,0.088626,0.164508,0.057765,0.361847,0.148328,0.306228,0.231443,0.242516,0.140273,0.106543,0.189226,0.241871,0.155197,0.049027,0.166217,0.223631,0.420606,0.226209,0.170572,0.263894,0.185423,0.302032,0.065916,0.011469,0.300456,0.207285,0.409209,0.188081,0.176450,#
5,0.269073,0.259692,0.135278,0.117577,0.180520,1.000000,0.204628,0.093642,0.145454,0.228691,0.171663,0.116332,0.186442,0.030139,0.260286,0.182248,0.173157,0.193995,0.153704,-0.031862,0.262824,0.303002,0.193955,0.381074,0.198421,0.112719,0.170111,0.227583,0.236564,0.136815,0.107513,0.256256,0.267726,0.124455,0.063222,0.117478,0.347720,0.092921,0.228930,0.284924,0.155410,0.312529,0.005409,0.354406,0.135204,0.251315,0.219325,0.110676,0.178874,0.278739,0.287327,0.144977,0.226958,-0.030655,0.147713,0.184369,0.019095,0.243579,0.292945,0.203579,0.153980,0.226958,0.193509,0.091000,0.204926,0.186330,0.281463,0.189720,0.116125,0.204599,0.323399,0.183981,0.246494,0.345441,0.134580,0.061993,0.231972,0.161237,0.193409,0.193839,0.149573,0.155782,0.263228,0.019412,0.025792,0.282746,0.069512,0.156707,0.243776,0.210820,0.145856,0.289288,0.026843,0.209885,0.124563,0.130059,0.163543,0.139693,0.199292,0.069878,0.247571,0.221904,0.215169,0.207599,0.086495,0.141969,-0.004386,0.282523,0.080637,0.187849,0.320924,0.094158,0.307426,0.094363,0.190467,0.059771,0.341984,0.160683,0.213060,0.164094,0.066407,0.169792,0.044155,0.217298,0.075136,0.181857,-0.019324,0.021675,0.349055,0.291910,0.153616,0.334201,0.144889,0.144094,0.318891,0.210013,0.074866,0.115336,0.097143,0.131171,0.291901,0.205068,0.103602,0.189141,0.164814,0.055215,0.189941,0.156749,0.051638,0.212529,0.219151,0.049869,0.167593,0.298885,0.053525,0.120144,0.248692,0.073098,0.412358,0.007042,0.183346,0.154277,0.145772,0.067807,0.272693,-0.053383,0.072511,0.200113,0.211592,0.310859,0.132903,0.159700,0.196017,0.172385,0.108418,0.135345,0.186304,0.178514,0.287126,0.155425,0.214096,0.198778,0.310383,0.070321,0.287126,0.257829,0.193018,0.183138,0.068849,0.181814,0.255300,0.160172,0.166891,0.170168,0.285979,0.173040,0.049289,0.352609,0.067466,0.233773,#
6,0.182493,0.276285,0.229652,0.214610,0.317413,0.204628,1.000000,0.216547,0.097837,-0.004840,0.190114,0.147984,0.072266,0.202186,0.165791,0.129483,0.195033,0.222030,0.227456,0.228706,0.208850,0.185729,0.165644,0.164454,0.058079,0.170981,0.141923,0.231597,0.321202,0.148054,0.096148,0.214290,0.245314,0.150042,0.047512,0.123444,0.190101,0.200178,0.277087,0.219756,0.273032,0.254752,0.080450,0.273013,0.053284,0.174178,0.249139,0.405467,0.206209,0.276881,0.127229,0.291448,0.302134,0.128528,0.169495,0.243457,0.180742,0.292311,0.273100,0.314027,0.072304,0.271146,0.073032,0.246082,0.140807,0.368385,0.277186,0.207429,0.208757,0.194477,0.249015,0.169206,0.342068,0.104292,0.194175,0.134759,0.215710,0.196904,0.222235,0.188115,0.274968,0.313524,0.253559,0.155588,0.204042,0.243835,0.123459,0.305502,0.274972,0.323292,0.269208,0.176763,0.083902,0.281509,0.136856,0.306176,0.181396,0.224352,0.294966,0.233491,0.219592,0.222222,0.146657,0.153704,-0.011228,0.357347,0.027765,0.186681,0.139810,0.194599,0.302545,0.156472,0.223876,0.153056,0.188320,0.134338,0.268526,0.110415,0.241704,0.196202,0.174990,0.254837,0.155266,0.042750,0.185585,0.098828,0.152852,0.274828,0.095080,0.317438,0.216632,0.146138,0.223075,0.022531,0.372763,0.195733,0.131571,0.273434,0.223659,0.185886,0.166198,-0.035478,0.025319,0.368891,0.081057,0.218507,0.193292,0.089308,0.149699,0.072904,0.289259,0.172038,0.227776,0.219202,0.153584,0.109809,0.127114,0.155533,0.281168,0.103834,0.115164,0.222375,0.219371,0.118391,0.244750,0.105852,0.173922,0.245560,0.256823,0.293665,0.091943,0.107027,0.238901,0.167458,0.244437,0.274712,0.178405,0.270805,0.295774,0.118401,-0.012977,0.063795,0.232681,0.288934,0.287990,0.204619,0.220583,0.221207,0.239110,0.295276,0.156831,0.076079,0.338913,0.201865,0.129516,0.207824,0.159123,0.224350,0.089742,0.226150,#
7,0.116765,0.202822,0.176367,0.200855,0.232779,0.093642,0.216547,1.000000,0.098337,0.230689,0.207446,0.306083,0.057575,0.211720,0.135925,0.244650,0.023840,0.262264,0.212281,0.272995,0.261361,0.248034,0.376183,0.133244,0.318772,0.072505,0.255458,0.303650,0.244845,0.070055,0.265063,0.263094,0.322140,0.147462,0.104669,0.239942,0.070627,0.178592,0.206492,0.323239,0.153031,0.265358,0.249318,0.138065,0.235174,0.263347,0.137621,0.309726,0.314346,0.221070,0.285868,0.239481,0.179464,0.129474,0.223742,0.240121,0.164667,0.272077,0.213781,0.290289,0.279927,0.068236,0.179523,0.198615,0.354681,0.162770,0.202826,0.232919,0.161532,0.330067,0.196016,0.060314,0.328064,0.292035,0.230581,0.121591,0.267915,0.275128,0.263245,0.279034,0.222537,0.246268,0.256782,0.206218,0.181324,0.194246,0.273129,0.068323,0.264275,0.300427,0.206046,0.169444,0.194319,0.206207,0.070373,0.327765,0.163682,0.237351,0.150955,0.024015,0.249781,0.119700,0.282276,0.185744,0.043248,0.374999,0.356515,0.106578,0.277262,0.226264,0.223202,0.175731,0.041430,0.175582,0.284081,0.128802,0.162324,0.162857,0.222057,0.278576,0.222960,0.208730,0.162604,0.283759,0.273551,0.196422,0.301311,0.398722,0.111341,0.188751,0.049509,0.220424,0.151306,0.229052,0.371963,0.196748,0.083114,0.376802,0.265719,0.272704,0.386211,0.298012,-0.028041,0.211762,0.224618,0.085941,0.293546,0.163670,0.145323,0.178003,0.200552,0.375349,0.087659,0.092415,-0.042416,0.263172,0.242937,0.260612,0.290069,0.264918,0.146862,0.284674,0.152885,0.171867,0.251172,0.113206,0.368135,0.222276,0.277371,0.242469,0.258782,0.156779,0.187204,0.050731,0.222283,0.097789,0.210501,0.178297,0.098726,0.295849,0.143573,0.218899,0.095309,0.120126,0.077642,0.222167,0.152208,0.302322,0.109621,0.276949,0.215336,0.251275,0.306252,0.241084,0.057375,0.262122,0.169182,0.340379,0.261057,0.146120,#
8,0.276773,0.214493,0.019431,0.199211,0.268921,0.145454,0.097837,0.098337,1.000000,0.040455,0.288564,0.158804,0.199435,0.179461,0.316634,0.170410,0.043468,0.088094,0.134945,0.212234,0.256131,0.198655,0.078309,0.263616,0.150099,0.146338,0.126016,0.271218,0.143368,0.133155,0.057641,0.228008,0.194719,0.236142,0.118850,0.264011,0.249067,0.189949,0.294117,0.348720,0.164321,0.152849,-0.115444,0.141208,0.350021,0.293563,0.231989,0.264336,0.079248,0.173329,0.059819,0.260690,0.108118,0.367536,0.256372,0.282948,0.182971,0.159384,0.134596,0.261877,0.212518,0.110727,0.219181,0.103753,0.251225,0.251075,0.226128,0.197322,0.289428,0.228725,0.143002,0.255055,0.245654,0.086676,0.049086,0.029055,0.176317,0.111472,0.238736,-0.008999,0.215278,0.234010,0.262139,0.090592,0.250772,0.151697,0.205419,0.168652,0.331989,0.269439,0.183808,0.172044,0.116736,0.163185,0.258470,0.329801,0.257800,0.253666,0.182431,0.159155,0.221155,0.057641,0.176570,0.161599,0.208851,0.114108,0.253481,0.170932,-0.012777,0.228534,0.109189,0.160788,0.025640,0.166942,0.103185,0.243515,0.249022,0.105472,0.067396,0.242307,0.265164,0.091856,0.205715,0.230520,0.244841,0.308864,0.094629,0.264882,0.109372,0.174759,0.180681,0.196482,0.119374,0.163680,0.218463,0.187837,0.156171,0.230999,0.337904,0.283150,0.298573,0.218692,0.279612,0.129756,0.212298,0.110740,0.238909,0.270528,0.093960,0.188600,0.263389,0.181924,0.145543,0.212776,0.339511,0.228322,0.104111,0.125726,0.141861,0.246895,0.043007,0.227712,0.042664,0.247257,0.239676,0.166418,0.230618,0.217983,0.159883,0.166085,0.246525,-0.046783,0.127521,0.287124,0.152936,0.135098,0.151287,0.242574,0.278985,0.171032,0.190537,0.223339,0.008431,0.195158,0.249687,0.207796,0.045175,0.105719,0.254209,0.170347,0.232115,0.184596,0.231721,0.163914,0.137883,0.106408,0.140456,-0.015821,0.113705,0.103753,#
9,0.229815,0.100079,0.020637,0.052219,0.044888,0.228691,-0.004840,0.230689,0.040455,1.000000,0.242955,0.183684,-0.010085,0.156155,0.224574,0.135809,0.117279,0.026207,-0.038340,0.185620,0.127494,0.186896,0.209812,0.141121,0.066595,0.168874,0.224577,0.303641,0.184379,0.057925,0.297595,0.229894,0.096376,0.095035,0.214591,0.207550,0.010281,0.245424,0.170666,0.170790,0.187827,0.290922,0.001445,-0.066141,0.156122,0.258581,0.171806,0.168892,0.084130,-0.026109,0.267369,0.271546,0.137561,-0.017985,0.204142,0.273944,0.247713,0.151911,0.127138,0.100071,0.074587,0.204447,0.251827,0.230885,0.273013,0.145285,0.027346,0.203685,0.163788,0.128643,0.234448,0.262018,0.195459,0.225784,0.166261,0.098608,0.272165,0.071242,0.353125,0.164623,-0.004101,0.201914,0.125398,0.109932,0.161192,0.303884,0.339290,0.122476,0.031713,0.124314,-0.011336,0.229563,0.017264,0.131743,0.114945,0.157779,0.303361,0.213373,0.080556,0.146797,0.227146,0.187678,0.278382,0.041281,0.111453,0.174273,0.142827,0.187741,0.191658,0.050085,0.092021,0.061617,0.129952,0.157415,0.107465,0.158820,0.213741,0.196806,0.402778,0.073464,0.303046,0.242939,0.115129,0.212020,0.157640,0.169337,-0.060283,0.220146,0.133340,0.180765,0.124678,0.261835,0.039906,0.207571,0.146817,0.040585,0.207163,0.281074,0.127349,0.160282,0.158846,0.245234,0.054397,0.106739,0.130337,-0.053099,0.230817,0.138397,-0.028045,0.335213,0.209995,0.102201,0.248455,0.139281,0.006205,0.153746,0.235735,0.127121,0.383835,0.035402,0.120877,0.088624,-0.029563,0.229517,0.158413,0.054839,0.107022,0.213416,0.405672,0.172098,0.142833,0.158894,0.220623,0.200799,0.114520,0.136017,0.208838,-0.084006,0.067216,0.342540,0.064434,0.191224,0.235236,0.146276,0.113331,0.154645,0.223656,0.271162,0.277278,0.105487,0.192757,0.117008,0.154220,0.191329,0.104684,0.175145,0.085625,-0.003060,0.091599,0.126380,#
10,0.344655,0.429756,0.088690,0.244562,0.226667,0.171663,0.190114,0.207446,0.288564,0.242955,1.000000,0.090842,-0.010773,0.255103,0.270538,0.158579,0.118120,0.221825,0.367466,0.159208,0.120230,0.271948,0.166274,0.157272,0.137873,0.111414,0.365862,0.249988,0.225989,0.176820,0.277829,0.258494,0.192421,0.228122,0.068592,0.297548,0.099881,0.290953,0.317684,0.257700,0.093765,0.159597,0.167025,0.018153,0.177252,0.247592,0.246931,0.337135,0.280473,0.220487,0.154093,0.255815,0.223151,0.177777,0.222994,0.261607,0.167508,0.240077,0.201759,0.158992,0.091977,0.212027,0.220957,0.280076,0.224469,0.255957,0.192636,0.192506,0.266931,0.195772,0.263864,0.249454,0.250818,0.151218,0.136288,0.160167,0.301229,0.036598,0.239631,0.122730,0.161528,0.270280,0.228388,0.227100,0.178071,0.111625,0.343126,0.113846,0.274618,0.249599,0.062692,0.111273,0.205317,0.121396,0.217829,0.144583,0.311406,0.126117,0.217272,0.231818,0.231905,0.211936,0.190297,0.222094,0.219957,0.121641,0.256072,0.319118,0.101625,0.206255,0.132878,0.213224,0.097076,0.170094,0.236176,0.309529,0.218198,0.003689,0.192309,0.171032,0.161969,0.154417,0.193597,0.241223,0.152319,0.220992,0.030612,0.229294,0.104860,0.363356,0.277934,0.180903,0.176362,0.141337,0.187671,0.250162,0.131366,0.289349,0.122520,0.316227,0.295459,0.168573,0.276946,0.170343,0.161818,0.114999,0.125088,0.116120,0.035524,0.263391,0.205462,0.232438,0.283501,0.190114,0.246730,0.227427,0.266329,0.085826,0.226113,0.296914,0.146364,0.214297,0.184633,0.217470,0.221592,0.077911,0.135087,0.192075,0.172531,0.240388,0.236245,0.147516,0.254800,0.196781,0.219517,-0.021365,0.149442,0.190084,0.381834,0.325576,0.255608,0.160798,0.260247,0.049036,0.232214,0.184513,0.088964,0.229348,0.256121,0.183645,0.229031,0.196641,0.139708,0.163178,0.257966,0.219467,0.125353,0.252878,0.274507,0.258923,#
11,0.283575,0.303116,0.271111,0.397328,0.213260,0.116332,0.147984,0.306083,0.158804,0.183684,0.090842,1.000000,0.156150,0.107822,0.104977,0.228705,0.153219,0.280462,0.174997,0.085997,0.219121,0.274270,0.257932,0.297684,0.368356,0.277485,0.162637,0.328144,-0.017786,0.229138,0.296403,0.311572,0.268696,0.222922,0.097345,0.186069,0.192573,0.254648,0.263085,0.255103,0.267591,0.395158,0.232135,0.345331,0.086331,0.384999,0.303770,0.325004,0.196189,0.125265,0.417263,0.226035,0.272720,0.239067,0.144578,0.304996,0.385548,0.152596,0.250339,0.212540,0.143076,0.238126,0.327766,0.313108,0.322801,0.267157,0.226378,0.332649,0.198655,0.281314,0.249482,0.087241,0.299057,0.229457,0.257796,0.210403,0.233542,0.213141,0.426410,0.213437,0.313222,0.006514,0.271228,0.297138,0.318564,0.179583,0.410180,0.233679,0.253681,0.234860,0.337883,0.272139,0.225228,0.444076,0.119004,0.191968,0.143896,0.276721,0.176929,0.300476,0.316812,0.251510,0.310613,0.155799,0.243913,0.371097,0.266003,0.239339,0.269280,0.236068,0.301142,0.183508,0.295919,0.166623,-0.041601,0.405259,0.306760,0.130353,0.319915,0.267090,0.216358,0.276581,0.317237,0.227469,0.237926,0.200486,0.333012,0.432782,0.229801,0.297107,0.086461,0.465528,0.092313,0.280392,0.136729,0.180058,0.018941,0.298098,0.114203,0.328893,0.220644,0.202862,0.121706,0.328455,0.277993,0.110994,0.390418,0.140063,0.236132,0.195153,0.105886,0.373648,0.203962,0.177256,0.218901,0.110389,0.123286,0.068391,0.208962,0.279137,0.137369,0.220331,0.119663,0.208991,0.405617,0.118585,0.281754,0.322542,0.433972,0.234937,0.346713,0.077618,0.205978,0.177942,0.196459,0.301380,0.405460,0.119254,0.174686,0.190817,0.305359,0.257510,0.201993,0.124467,0.129338,0.285051,0.247548,0.243615,0.189664,0.217416,0.150122,0.145784,0.389770,-0.011630,0.235791,0.186709,0.144710,0.245800,0.140461,0.239947,#
12,0.131642,0.242528,0.188116,0.186770,0.272309,0.186442,0.072266,0.057575,0.199435,-0.010085,-0.010773,0.156150,1.000000,0.068505,0.240739,0.108856,0.158614,0.099113,0.193319,0.306630,0.270760,0.063931,0.176406,0.184850,0.273630,0.117855,0.147067,0.219167,0.266479,0.246633,0.007912,0.252530,0.263893,0.204438,0.075568,0.199159,0.270860,0.090246,0.206089,0.146623,0.332581,0.190645,0.211168,0.211818,0.183641,0.313923,0.219092,0.007908,0.171628,0.068846,0.304133,0.175094,0.176919,0.132118,0.098092,0.209063,0.146640,0.188284,0.207813,0.234500,0.126348,0.202701,0.183270,0.152725,0.200266,0.198154,0.169979,0.072318,0.120168,0.123909,0.136124,0.246734,0.112348,0.075247,0.248332,0.168179,0.194378,0.186208,0.141082,0.044545,0.162580,0.152676,0.180953,0.183136,0.219605,0.315929,0.105271,0.217714,0.235209,0.236372,0.221516,0.272423,0.056525,0.232157,0.105876,0.003605,0.318361,0.289206,0.086021,0.098324,0.180707,0.205173,0.180687,0.202045,0.277890,0.219502,0.142939,0.078045,0.049196,0.263851,0.285722,-0.088620,0.237206,0.239888,0.062531,0.097263,0.194817,0.206458,0.172404,0.214785,0.130827,0.216820,0.305247,0.225945,0.030115,0.281459,0.190804,0.141599,0.108616,0.077163,0.130138,0.257443,0.100925,0.074305,0.059767,0.143359,0.107889,0.191021,0.163505,0.238021,0.284405,0.153638,0.078622,0.149380,0.066712,0.119658,0.239936,0.098923,0.176854,0.102209,0.154973,0.360789,0.050018,0.170208,0.113026,0.023083,0.124728,-0.098605,0.123298,0.014559,0.094444,0.294811,0.139929,0.283519,0.100490,0.092595,0.217078,0.023325,0.135828,0.251066,0.110423,0.101861,0.177255,0.137259,0.250697,-0.030507,0.204635,0.198490,0.043084,0.262303,0.158762,0.176305,0.231552,0.092007,0.182588,0.264009,0.119524,0.206629,0.129926,0.080415,0.309304,0.271777,0.247079,0.136977,0.057987,0.105525,0.164142,0.099660,0.190567,0.140620,#
13,0.127744,0.278166,0.150262,0.237917,0.220031,0.030139,0.202186,0.211720,0.179461,0.156155,0.255103,0.107822,0.068505,1.000000,0.265821,0.239623,0.104160,0.047920,0.212866,0.218232,0.111010,0.231518,0.135207,0.112688,0.317611,0.276150,0.257825,0.254045,0.193506,0.075405,0.219705,0.124699,0.235737,0.218461,0.012873,0.217221,0.176358,0.278431,0.099261,0.141221,0.134753,0.235802,0.326732,0.079775,0.164297,0.214304,0.305082,0.266093,0.302556,0.109508,0.307537,0.299494,0.273715,0.045908,0.236434,0.438466,0.196596,0.157945,0.270463,0.294843,0.209176,0.167600,0.381247,0.178909,0.128282,0.212912,0.376337,0.229283,0.394008,0.268822,0.082022,0.135606,0.321924,0.144065,0.212271,0.030747,0.221582,0.321952,0.262429,0.128660,0.300276,0.386891,0.254553,0.349421,0.403395,0.200722,0.357934,0.308433,0.265803,0.421907,0.232344,0.250573,0.258187,0.179692,0.156155,0.206826,0.222669,0.151129,0.149070,0.229727,0.324564,0.228455,0.195880,0.163581,0.206407,0.325520,0.209170,0.150956,0.254324,0.213104,0.217379,0.088232,0.212577,0.209459,0.205657,0.199345,0.276195,0.152707,0.259924,0.276061,0.283786,0.325220,0.072021,0.211210,0.118628,0.248731,0.125719,0.185513,0.334018,0.267309,0.198128,0.168552,0.058730,0.173380,0.336393,0.221086,0.246960,0.243146,0.422488,0.303325,0.249336,0.138618,0.212758,0.140095,0.293888,0.322192,0.279499,0.235157,-0.028564,0.264750,0.265799,0.155398,0.204343,0.270775,0.274718,0.213706,0.103490,0.263571,0.201954,0.146155,0.112293,0.331108,0.060374,0.320109,0.257918,0.254903,0.123623,0.175427,0.213579,0.342610,0.260267,0.366794,0.301323,0.103715,0.264930,0.167296,0.082924,0.091131,0.333004,0.104334,0.242586,0.172519,0.220912,0.322280,0.054831,0.262269,0.214246,0.320968,0.239802,0.297831,0.079771,0.252117,0.306131,0.145560,0.113710,0.263598,0.164074,0.236895,0.202789,0.194987,#
14,0.391922,0.189020,0.215880,0.167535,0.131004,0.260286,0.165791,0.135925,0.316634,0.224574,0.270538,0.104977,0.240739,0.265821,1.000000,0.387727,0.172169,0.211179,0.257529,0.260078,0.215307,0.218842,0.277010,0.335548,0.265537,0.137803,0.300847,0.299845,0.293556,0.203510,0.100791,0.124506,0.156918,0.086791,0.176848,0.336529,0.354584,0.350766,0.363677,0.308190,0.350177,0.290791,0.274493,0.199917,0.209872,0.375377,0.311820,0.261538,0.277200,0.146171,0.398158,0.223955,0.227459,0.172672,0.399598,0.345839,0.289451,0.195594,0.199825,0.262707,0.256502,0.337561,0.181831,0.254637,0.280660,0.280342,0.250174,0.256143,0.265041,0.267292,0.195280,0.307065,0.125991,0.396256,0.034719,0.087081,0.206158,0.286760,0.216401,0.182092,0.297218,0.124542,0.335356,0.279953,0.258782,0.313798,0.121504,0.152794,0.311836,0.307595,0.345515,0.242646,0.231696,0.294302,0.292752,0.095113,0.316955,0.299316,0.324469,0.216494,0.181053,0.256661,0.227667,0.232785,0.153348,0.316777,0.352944,0.399332,0.187093,0.292367,0.062460,0.062333,0.227815,0.095107,0.228311,0.297059,0.155219,0.274236,0.366427,0.301956,0.386324,0.255858,0.124840,0.235666,0.197444,0.253995,0.229095,0.181010,0.080757,0.261206,0.094108,0.388982,0.227620,0.077515,0.135961,0.127918,0.235333,0.221764,0.217879,0.227199,0.406691,0.320902,0.359943,0.116576,0.229459,0.211843,0.197689,0.130191,0.102220,0.197441,0.289661,0.131002,0.102331,0.245484,0.148585,0.050634,0.273730,0.156820,0.228573,0.017836,0.182912,0.331802,0.134633,0.158608,0.355068,0.100445,0.297391,0.228991,0.125421,0.307225,0.303780,0.273763,0.302550,0.313394,0.278508,0.121946,0.391405,0.264616,0.332956,0.345376,0.246312,0.310038,0.177001,0.227863,0.174574,0.252585,0.184796,0.146306,0.175974,0.252012,0.198556,0.327245,0.306405,0.399954,0.176980,0.089681,0.021962,0.230324,0.282140,0.242229,#
15,0.245349,0.159468,0.180132,0.242723,0.187922,0.182248,0.129483,0.244650,0.170410,0.135809,0.158579,0.228705,0.108856,0.239623,0.387727,1.000000,0.166865,0.354309,0.258768,0.172479,0.271197,0.213333,0.221135,0.281982,0.292172,0.304727,0.300766,0.283054,0.281362,0.107507,0.172893,0.253591,0.193985,0.299888,0.117681,0.123779,0.250318,0.236315,0.295550,0.300858,0.361464,0.302901,0.237824,0.191296,0.334588,0.310773,0.214102,0.261153,0.111202,0.103608,0.345400,0.283576,0.349992,0.103829,0.327767,0.204581,0.224233,0.263787,0.178886,0.374979,0.280190,0.140656,0.231471,0.231808,0.235146,0.179426,0.318744,0.355211,0.251246,0.248237,0.237246,0.318498,0.284923,0.301908,0.243441,0.161150,0.149051,0.402588,0.268716,0.161997,0.405388,0.154538,0.300362,0.293102,0.191189,0.205380,0.309151,0.144274,0.380618,0.312743,0.209852,0.137827,0.258661,0.366889,0.143172,0.129643,0.313086,0.248837,0.282655,0.201814,0.240182,0.183371,0.382226,0.298032,0.054600,0.228525,0.245295,0.237564,0.202512,0.386031,0.181382,0.252940,0.229071,0.066542,0.241317,0.407002,0.362614,0.101841,0.218798,0.300704,0.263015,0.328891,0.177306,0.322612,0.219794,0.147163,0.210454,0.194949,0.244240,0.194340,0.044392,0.406605,0.154375,0.247848,0.239416,0.281081,0.225017,0.139710,0.202108,0.177980,0.234424,0.308943,0.340531,0.179038,0.347130,0.230718,0.363525,0.204230,0.208599,0.213601,0.355510,0.153064,0.130841,0.462830,0.016117,0.353180,0.095594,0.204850,0.215030,0.120675,0.067465,0.206762,0.204558,0.248686,0.287539,0.148420,0.165087,0.236027,0.175474,0.302964,0.181086,0.159298,0.306979,0.125381,0.300491,0.027195,0.277952,0.101117,0.117467,0.327463,0.234457,0.296030,0.089376,0.276433,0.214628,0.266192,0.078274,0.244242,0.235299,0.201513,0.026152,0.390343,0.285828,0.301508,0.163675,0.231174,0.064412,0.221997,0.061929,0.182341,#
16,0.207618,0.148188,0.197685,0.190043,0.137125,0.173157,0.195033,0.023840,0.043468,0.117279,0.118120,0.153219,0.158614,0.104160,0.172169,0.166865,1.000000,0.190243,0.079826,0.118583,0.428451,0.190549,0.283363,0.082644,0.063698,0.271072,0.222636,0.006940,0.135872,0.031132,0.192527,0.347012,0.010506,0.252117,-0.016416,0.210148,0.201843,0.115189,0.163977,0.254279,0.059358,0.300294,0.148016,0.217923,0.171285,0.242746,0.188251,0.199962,0.231199,-0.002777,0.044784,0.291994,0.339055,0.031254,0.232558,0.108776,0.033754,0.147726,0.241417,0.058261,0.066898,0.363018,0.170047,0.278848,0.304829,0.193936,0.218664,0.363535,0.028601,0.232877,0.040624,0.314016,0.190116,0.119206,0.222518,0.337563,0.181114,0.264969,0.299816,0.094627,0.077361,0.072225,0.103448,0.100281,0.149788,0.237406,0.335197,0.129636,0.295995,0.077067,0.177554,0.187816,0.058732,0.120073,0.109933,0.057628,0.188816,0.146840,0.319199,0.146278,0.102831,0.191357,0.061697,0.118499,0.138039,0.217542,0.111488,-0.002537,0.053902,0.167273,0.250455,0.111702,0.133210,0.120707,0.201983,0.391181,0.247033,0.136206,0.107818,0.250120,0.109902,0.163706,0.246312,0.153919,0.139117,0.069694,0.172462,0.074079,0.083771,0.198543,-0.013403,0.243857,0.261801,0.041052,0.171751,0.271561,-0.018232,0.158933,0.225372,0.304884,0.066508,0.105793,0.043117,0.222373,0.198350,0.083001,0.044350,0.138604,0.116111,-0.018579,0.166719,0.196734,0.095188,0.103287,0.155786,0.105036,0.096039,0.059908,0.129953,0.104691,0.050707,0.311944,0.218804,0.259601,0.227797,0.080262,0.172206,0.222796,0.043959,0.087873,0.004938,-0.023316,0.221590,-0.000055,0.125562,0.156547,0.073818,0.020071,0.198255,0.112577,0.166084,0.217988,0.173710,-0.068039,0.050606,0.123687,0.242711,0.202414,0.210074,0.073502,0.192725,-0.073690,0.080132,0.151213,0.244068,0.246670,-0.084621,0.185480,0.023083,0.177775,#
17,0.374322,0.270868,0.116487,0.265692,0.207574,0.193995,0.222030,0.262264,0.088094,0.026207,0.221825,0.280462,0.099113,0.047920,0.211179,0.354309,0.190243,1.000000,0.154255,0.244611,0.350663,0.243234,0.330415,0.316070,0.291085,0.198817,0.166485,0.162333,0.275321,0.222108,0.172905,0.398446,0.386076,0.218239,0.035874,0.212140,0.163059,0.407317,0.242218,0.111142,0.176673,0.241951,0.134062,0.291983,0.167254,0.299813,0.302698,0.226635,0.409216,0.219552,0.245624,0.178480,0.167472,0.121045,0.252572,0.236289,0.272302,0.416549,0.203746,0.404279,0.231826,0.244422,0.191089,0.237770,0.152036,0.268022,0.281444,0.325097,0.214852,0.360428,0.324317,0.168444,0.347927,0.190482,0.225191,0.310648,0.248350,0.345423,0.156017,0.227058,0.272844,0.260581,0.493939,0.285752,0.278055,0.163665,0.207484,0.168146,0.438235,0.335576,0.232274,0.171003,0.184352,0.229721,0.122858,0.107250,0.281743,0.385481,0.279403,0.286064,0.164308,0.160950,0.218062,0.260894,0.045089,0.356078,0.256443,0.419982,0.037566,0.150120,0.205104,0.161722,0.194285,0.232700,0.088364,0.307413,0.254516,0.179117,0.187106,0.383372,0.141861,0.175625,0.194342,0.268022,0.369606,0.200536,0.236976,0.281897,0.036739,0.176477,0.015295,0.309189,0.322800,0.393563,0.224100,0.282721,0.321476,0.139735,0.270824,0.328484,0.283509,0.264871,0.143023,0.178926,0.313157,0.149032,0.099799,0.191857,0.208674,0.092542,0.263609,0.144262,0.153537,0.311498,0.085724,0.239638,0.152137,0.146342,0.437505,0.229772,0.256267,0.265406,0.228589,0.106934,0.299345,0.200530,0.121076,0.319586,0.103542,0.222521,0.408092,0.150589,0.231812,0.226595,0.325569,0.000414,0.313509,0.198003,0.173409,0.299169,0.228394,0.453051,0.179247,-0.084357,0.108942,0.203820,0.200089,0.332669,0.295678,0.274734,0.184994,0.333040,0.241692,0.141826,0.375132,0.277761,0.230343,0.159830,0.131271,0.172417,#
18,0.260106,0.222331,0.161010,0.209568,0.293219,0.153704,0.227456,0.212281,0.134945,-0.038340,0.367466,0.174997,0.193319,0.212866,0.257529,0.258768,0.079826,0.154255,1.000000,0.189287,0.201018,0.154416,0.022353,0.319330,0.323467,0.212349,0.280745,0.293601,0.264679,0.172873,0.201977,0.210928,0.295458,0.071972,0.133943,0.257714,0.330070,0.162536,0.212944,0.296450,0.219803,0.284624,0.189328,0.184066,0.139998,0.247567,0.144480,0.218343,0.183835,0.140820,0.278200,0.071378,0.361836,0.282520,0.197121,0.172722,0.241821,0.323801,0.184932,0.165704,0.128703,0.185316,0.212581,0.276631,0.056146,0.334311,0.339241,0.309450,0.154616,0.037777,0.091352,0.186818,0.218071,0.221126,0.112231,0.020871,0.150780,0.280694,0.295955,0.261302,0.312951,0.152485,0.218093,0.328950,0.240021,0.069804,0.316416,0.117045,0.373882,0.208899,0.279159,0.179426,0.227533,0.259658,0.176276,0.072559,0.372106,0.253819,0.084594,0.290945,0.151142,0.301885,0.338670,0.288438,0.178130,0.273592,0.178088,0.269098,0.145604,0.278914,0.276142,0.323491,0.159003,0.244265,0.182222,0.156444,0.202716,0.120582,0.273831,0.289049,0.170574,0.276528,0.197230,0.083049,0.222568,0.229472,0.200179,0.162351,0.261012,0.248950,0.216525,0.319353,0.157750,0.141943,0.312818,-0.008526,0.059798,0.290037,0.193240,0.337263,0.352163,0.052063,0.103650,0.146947,0.194619,0.169466,0.115456,0.096191,0.054095,0.147609,0.190438,0.272824,0.209057,0.148815,0.125825,0.338043,0.330491,0.238509,0.132613,0.322753,0.137841,0.195748,0.156421,0.190987,0.205196,0.124343,0.279916,0.225404,0.118459,0.261824,0.093281,0.171502,0.310817,0.047451,0.200752,0.094693,0.207136,0.345908,0.448823,0.262614,0.165625,0.247964,0.258890,0.069410,0.320701,0.187473,0.208562,0.335837,0.209355,0.297762,0.219776,0.338623,0.336272,0.180961,0.201094,0.183538,0.108884,0.305532,0.276842,0.233927,#
19,0.251333,0.247185,0.209303,0.164566,0.285920,-0.031862,0.228706,0.272995,0.212234,0.185620,0.159208,0.085997,0.306630,0.218232,0.260078,0.172479,0.118583,0.244611,0.189287,1.000000,0.131518,0.332822,0.234081,0.254743,0.157576,0.302447,0.184903,0.212842,0.257239,0.291970,0.105387,0.241407,0.208380,0.057529,0.149822,0.249060,0.087187,0.218422,0.436303,0.166395,0.177905,0.189075,0.073902,0.076315,0.214822,0.300795,0.288388,0.369543,0.248906,0.114400,0.213309,0.281557,0.127023,0.342778,0.240789,0.182190,0.197962,0.242901,0.238176,0.178770,0.152474,0.202336,0.194915,0.203155,0.204814,0.260081,0.110414,0.226975,0.244766,0.273039,0.220345,0.294460,0.322722,-0.016374,0.204017,0.184081,0.195250,0.272167,0.322316,0.031162,0.274966,0.233676,0.241940,0.114004,0.362116,0.112840,0.291094,0.147745,0.352824,0.250093,0.145590,0.237267,0.185609,0.169071,0.212565,0.156848,0.232547,0.357910,0.131223,0.167357,0.231924,0.169031,0.180064,0.189838,0.205303,0.337517,0.188451,0.389868,-0.000738,0.078598,0.260635,0.154111,0.167899,0.278116,0.288148,0.215994,0.236379,0.207788,0.326214,0.138931,0.290849,0.318302,0.156023,0.230303,0.343082,0.288395,0.234344,0.280552,-0.031871,0.155171,0.052554,0.084485,0.343409,0.226508,0.140548,0.191334,0.243710,0.261557,0.259961,0.315165,0.308206,0.254206,0.115971,0.095445,0.264234,0.168194,0.100598,0.341711,0.292483,0.094742,0.181965,0.202189,0.186341,0.306616,0.073144,0.157114,0.208349,0.123298,0.187284,-0.062773,0.250818,0.280146,0.302461,0.156552,0.254890,0.193696,0.130498,0.215775,0.164778,0.173614,0.298926,0.172216,0.231088,0.057501,0.260120,0.042057,0.298069,0.225075,0.114987,0.300157,0.143307,0.378566,0.022917,0.124454,0.156706,0.236320,0.217480,0.334950,0.290786,0.176725,0.243952,0.242841,0.225775,0.374562,0.169892,0.209688,0.256419,0.209206,0.240324,0.311233,#
20,0.306642,0.135265,0.283669,0.137490,0.214511,0.262824,0.208850,0.261361,0.256131,0.127494,0.120230,0.219121,0.270760,0.111010,0.215307,0.271197,0.428451,0.350663,0.201018,0.131518,1.000000,0.213283,0.263282,0.296963,0.334512,0.166001,0.158247,0.308102,0.230359,0.285023,0.193830,0.264576,0.231306,0.223201,0.119686,0.215622,0.165027,0.177742,0.147940,0.306389,0.236113,0.445253,0.157737,0.228085,0.268988,0.367365,0.173383,0.316836,0.309235,0.095722,0.137459,0.294232,0.420754,0.169469,0.207251,0.124987,0.257180,0.232973,0.238026,0.260405,0.210732,0.144283,0.265401,0.329872,0.383784,0.169857,0.318126,0.222743,0.297416,0.250917,0.142227,0.285764,0.429697,0.297408,0.135382,0.192269,0.334642,0.269791,0.153602,0.285202,0.204516,0.052433,0.361203,0.225805,0.171752,0.330320,0.368106,0.254628,0.365376,0.378150,0.222148,0.377364,0.225940,0.295590,0.182544,0.126044,0.403820,0.287593,0.172158,0.090403,0.138173,0.143083,0.223900,0.302401,0.136439,0.262501,0.182968,0.177298,0.111262,0.326150,0.328771,0.106752,0.127560,0.310804,0.108202,0.353185,0.367324,0.123300,0.064064,0.240481,0.213142,0.194493,0.203539,0.149489,0.246744,0.166859,0.339695,0.365502,0.123377,0.307597,0.108018,0.353564,0.201131,0.050853,0.284964,0.279145,0.232003,0.323293,0.285903,0.300501,0.265680,0.259634,0.001888,0.164001,0.320445,0.029558,0.149035,0.189000,0.194957,0.187285,0.250915,0.308240,0.102589,0.109855,0.180972,0.228754,0.145814,0.028014,0.320791,0.275197,0.206214,0.258337,0.155147,0.127707,0.384214,0.193602,0.132691,0.333873,0.151211,0.172951,0.239108,0.130872,0.157784,0.171295,0.186893,0.249151,0.125969,0.092180,0.332611,0.359057,0.261237,0.242651,0.173215,0.165036,0.196184,0.093801,0.183329,0.246391,0.298302,0.212280,0.282343,0.252891,0.302218,0.137566,0.325033,0.290905,0.117344,0.253892,0.154283,0.105608,#
21,0.373212,0.293919,0.364626,0.273346,0.272460,0.303002,0.185729,0.248034,0.198655,0.186896,0.271948,0.274270,0.063931,0.231518,0.218842,0.213333,0.190549,0.243234,0.154416,0.332822,0.213283,1.000000,0.242057,0.424326,0.319766,0.187105,0.344959,0.345696,0.301521,0.295738,0.257965,0.324794,0.226834,0.353796,0.163091,0.279586,0.327816,0.289947,0.399378,0.243489,0.249075,0.363625,0.149668,0.241612,0.309780,0.384772,0.387367,0.381054,0.165182,0.325631,0.314156,0.228352,0.335071,0.195267,0.283821,0.205650,0.257803,0.280191,0.263190,0.239432,0.169824,0.207731,0.370867,0.340727,0.367771,0.249909,0.214484,0.317511,0.332435,0.402017,0.490076,0.152559,0.410679,0.295416,0.254885,0.192426,0.310527,0.234954,0.254704,0.188630,0.388973,0.245130,0.217526,0.172764,0.369502,0.168612,0.324587,0.220679,0.346472,0.362562,0.197979,0.307730,0.294455,0.242819,0.296765,0.288988,0.316206,0.267915,0.174611,0.285247,0.419916,0.181118,0.215923,0.305390,0.234638,0.391811,0.193821,0.318863,0.145173,0.235766,0.299514,0.127914,0.297246,0.337472,0.141615,0.269693,0.422915,0.125604,0.259028,0.340650,0.261136,0.304495,0.123812,0.419654,0.238218,0.313990,0.222581,0.334354,0.131771,0.238414,0.276114,0.218686,0.299029,0.285591,0.267498,0.222704,0.293438,0.231820,0.214941,0.371622,0.246110,0.299221,0.263105,0.102199,0.269268,0.211017,0.223809,0.376513,0.263112,0.191697,0.226378,0.253326,0.290057,0.404040,0.167133,0.200887,0.206036,0.198835,0.277619,0.169708,0.369028,0.150073,0.175942,0.158463,0.345479,0.043401,0.024070,0.368520,0.152576,0.307638,0.273759,0.149747,0.344063,0.242976,0.239641,0.175187,0.308080,0.192588,0.294187,0.319309,0.275324,0.361260,0.107592,0.155064,0.221518,0.206984,0.322821,0.275652,0.434142,0.226557,0.295084,0.226912,0.334954,0.072266,0.352517,0.331023,0.191805,0.261025,0.202510,0.323014,#
