0,1.000000,0.015677,-0.121401,0.133577,0.013844,0.043095,-0.056810,0.058224,0.006704,-0.062601,-0.168739,0.014843,0.171454,-0.250284,0.248602,-0.123690,0.013607,0.016225,-0.016824,0.126948,-0.122633,-0.063083,0.015001,0.000479,0.103314,0.050190,0.195440,-0.041778,-0.061084,-0.032181,-0.106144,-0.059669,-0.088115,-0.222075,0.145885,0.031628,0.090414,-0.059834,0.069137,-0.000314,-0.041104,-0.030273,0.108052,0.059918,-0.091324,-0.008619,0.052070,-0.087216,-0.026022,-0.008661,0.092821,-0.095267,0.166175,0.158569,-0.073870,0.118089,-0.081623,0.038115,0.015218,-0.147549,0.189525,-0.145807,-0.093965,0.065078,0.000215,0.146731,-0.222427,0.171745,-0.142195,0.054706,-0.017643,-0.039862,0.008537,-0.108388,0.042918,-0.099859,-0.133968,-0.150117,-0.126602,0.008166,0.186314,0.039258,-0.126915,-0.023701,-0.091861,0.196094,-0.061500,-0.250423,-0.129971,-0.029933,-0.050120,-0.126992,-0.144413,0.041541,-0.028828,0.114030,-0.094699,-0.029855,-0.016153,0.059607,-0.123659,-0.067816,-0.202090,-0.051452,0.112310,-0.193167,-0.253164,0.015439,0.086309,-0.008740,0.147324,-0.102988,-0.113173,-0.074993,-0.056116,0.074501,-0.082283,-0.179088,0.167397,0.084037,0.092893,0.098720,0.063959,0.041460,-0.000561,0.045868,0.044738,0.112809,-0.082813,-0.021256,-0.094667,-0.058352,-0.049934,-0.059179,-0.029641,-0.137963,0.140267,0.106039,-0.106557,-0.021525,-0.156053,0.181035,-0.152219,0.118056,0.025217,-0.008717,0.023043,-0.110964,0.119419,-0.089612,0.038276,-0.210034,0.007967,-0.174461,-0.067236,-0.078910,-0.029339,-0.037791,0.064512,0.154108,0.103809,0.286230,-0.103827,-0.113310,0.068291,0.092138,0.077094,-0.066964,0.205460,0.049842,0.102541,-0.043188,0.138183,0.038668,0.076017,-0.148917,-0.031600,0.018453,0.090169,0.015580,-0.099942,0.091554,-0.138512,-0.028134,0.082458,0.060679,0.000335,0.087120,-0.052956,0.103845,-0.097045,-0.095318,0.015490,-0.075864,-0.007466,-0.110188,-0.132687,-0.119636,-0.137864,0.059903,#
1,0.015677,1.000000,-0.039560,0.099578,0.035644,0.096282,0.103239,-0.027289,-0.077161,-0.032500,0.087612,-0.082398,0.266680,0.153835,-0.180004,-0.014804,0.101785,-0.011379,0.102388,-0.046521,0.218124,0.133547,0.146491,0.303462,0.015857,-0.066772,0.021151,-0.021434,-0.088008,0.022704,0.006848,0.199407,0.153447,-0.022536,0.041373,0.113900,-0.083856,0.042503,0.002744,0.044980,0.075656,0.016519,-0.021935,0.108468,0.161283,0.204897,0.136773,0.092432,-0.068500,0.149807,0.114526,0.134082,0.169584,0.074117,0.037983,0.214468,-0.100421,0.073193,0.148414,0.035806,0.026782,0.022894,-0.016835,-0.013659,-0.056997,0.061887,0.100766,0.099015,0.181216,0.178720,0.121297,0.133371,0.241220,0.060887,-0.033041,-0.047760,0.110126,0.091074,0.154755,-0.003680,0.095212,0.195017,0.154850,-0.058530,0.068814,0.095139,0.009951,-0.146882,-0.010772,0.154064,0.107967,0.029180,0.054872,0.025503,-0.117455,0.031539,0.151253,-0.082892,-0.065232,0.132471,0.018196,0.163588,0.179532,0.218075,0.095584,-0.013483,-0.068697,0.230737,-0.002381,-0.138135,0.126413,0.147703,-0.012322,-0.021273,0.117214,0.086138,0.212120,0.329904,0.091641,0.040523,0.090989,0.243426,0.013484,0.193464,-0.009983,0.058316,0.183790,0.153500,0.135830,0.074546,-0.060118,-0.046910,-0.086003,0.230933,-0.044789,-0.038058,-0.018918,-0.033091,0.214427,0.010666,-0.037585,0.069571,-0.225646,-0.101075,-0.072164,-0.069899,0.144515,-0.061013,-0.052062,0.147496,0.087814,0.108712,-0.115152,0.094298,0.147912,0.039256,0.106110,0.040152,0.085991,-0.015865,-0.056861,0.138684,0.127261,0.076167,-0.021444,-0.057448,0.077294,0.190955,-0.015398,0.115933,0.255969,-0.088310,0.153075,0.012833,0.185093,0.008418,0.050340,0.123481,-0.022132,-0.101047,0.030060,-0.112004,-0.024757,-0.050908,-0.107668,0.142926,0.015659,0.036599,-0.005296,-0.020212,-0.029644,0.103692,0.064211,0.208720,0.145730,0.159366,0.113428,-0.151590,0.103374,0.049684,#
2,-0.121401,-0.039560,1.000000,-0.026865,-0.177885,0.086532,-0.004169,0.090478,-0.097836,0.064931,0.031509,-0.167534,-0.031094,-0.045555,-0.054387,-0.066593,0.029853,0.106180,0.134212,0.048108,0.048358,0.030202,-0.154728,-0.080957,0.011786,-0.146447,0.086031,-0.017318,-0.027055,0.048953,-0.034092,-0.000257,0.165251,0.045128,0.154612,0.002810,0.111504,-0.063024,0.018283,0.084428,0.306569,0.119042,-0.041317,-0.093896,0.013304,0.181940,0.050546,-0.054496,-0.065357,0.194376,-0.070131,-0.079597,-0.011020,0.194351,0.132467,0.087530,0.108518,0.004641,-0.080833,-0.053843,0.118976,0.109834,-0.017281,0.145531,-0.100833,-0.098296,0.230086,-0.177383,0.241402,0.079358,0.188593,0.130557,-0.013528,0.217476,-0.051345,-0.027632,0.084608,0.187958,0.016272,0.235876,0.020969,0.166057,0.035154,0.098158,0.099739,0.209652,0.176433,0.189860,0.093452,0.030120,0.189898,0.023680,0.017892,-0.181738,0.192749,-0.009093,-0.031790,0.012726,0.103436,-0.022931,0.079200,-0.245148,-0.145949,0.115322,0.166180,0.206315,0.097637,0.070767,0.246496,0.030310,0.135920,0.044015,0.042313,-0.000605,-0.002902,-0.042254,-0.057116,-0.013253,0.040949,-0.020290,0.037782,0.138123,-0.016390,-0.062675,0.084771,0.216794,0.019523,0.050946,-0.075665,0.122173,0.025336,0.180841,0.097227,0.163886,0.023751,-0.105948,-0.103637,-0.084318,-0.024307,-0.053375,0.006527,-0.015091,0.006665,-0.011428,0.004403,0.096338,0.160527,0.099919,0.141402,-0.085856,-0.025502,-0.032847,-0.126935,0.131827,-0.038896,0.190499,-0.003454,0.002097,-0.025999,-0.053850,0.038196,-0.252516,0.051167,-0.005222,-0.104759,0.068497,0.123679,0.000344,-0.086436,0.058650,0.166945,-0.089574,0.126249,-0.089494,0.019973,0.163996,0.240873,0.086276,-0.042634,-0.057968,0.009800,0.184096,0.200491,0.183839,0.051419,0.066638,-0.040900,0.126673,0.094376,-0.091299,-0.096203,0.108663,-0.146247,0.207689,0.021372,0.189199,0.176633,-0.045168,-0.099906,-0.012664,#
3,0.133577,0.099578,-0.026865,1.000000,0.132196,0.048509,-0.141909,0.128511,0.048700,0.008364,-0.103337,-0.063762,0.128122,-0.052623,-0.014887,-0.146948,0.126701,-0.028099,-0.074311,-0.040252,0.238852,0.141880,0.079243,-0.070396,0.086947,0.205260,0.095128,0.127953,-0.015677,0.031040,-0.041232,0.107999,0.021022,0.126462,0.071019,0.001367,-0.034600,0.016359,-0.041377,0.149954,0.031461,0.100770,0.041866,-0.063500,0.199327,0.081488,-0.021621,0.228209,0.058765,0.028568,0.107656,0.109871,0.129053,0.077559,0.208541,0.050841,-0.123610,-0.006373,0.241871,0.071616,0.149990,0.071120,-0.088784,0.084504,0.055128,0.209870,-0.078008,-0.017010,0.005176,0.097335,-0.049400,0.049946,0.226023,0.159260,-0.044089,0.015395,0.052635,-0.051896,0.136642,0.128175,0.169681,0.126416,-0.014229,0.059910,-0.043561,0.121315,-0.008956,0.099117,-0.052814,0.074420,-0.149732,0.069653,0.129897,-0.044598,0.198158,0.136782,0.041954,-0.011146,-0.080326,0.239730,-0.012607,-0.056333,-0.135401,0.082060,0.013552,0.035617,0.088600,0.244741,-0.080992,-0.009534,-0.032244,0.150435,0.033684,0.031488,-0.038427,0.054538,0.175838,0.150222,0.036933,-0.003241,-0.028454,-0.028108,-0.085967,0.107358,0.085881,0.095973,0.132672,0.134482,-0.063245,0.003502,0.003602,-0.018634,0.008432,0.145557,0.070017,-0.012232,0.044600,-0.011652,0.089711,0.096554,-0.034277,0.042099,-0.171482,-0.001494,-0.164414,0.123185,0.111160,-0.050303,0.035829,-0.124239,-0.011743,-0.073858,0.023863,-0.032516,0.029750,0.042466,0.147802,0.056067,0.014091,0.139063,0.264604,0.222063,-0.030418,0.322931,0.118143,-0.041257,-0.082263,-0.046106,0.019309,0.104057,0.169352,-0.024999,-0.042242,-0.091910,-0.116124,0.057738,-0.020292,-0.036723,0.126474,-0.015788,-0.006162,0.101709,-0.051215,0.236839,-0.067170,0.107277,-0.144291,-0.059386,0.167488,0.104324,-0.077568,0.044211,0.169958,0.007350,0.088548,0.137243,0.195520,0.024855,-0.077321,0.175432,#
4,0.013844,0.035644,-0.177885,0.132196,1.000000,0.076454,0.050660,-0.019443,-0.087304,0.055441,0.037140,-0.013223,-0.083239,-0.140904,0.053923,0.032662,-0.105152,-0.097360,-0.198975,0.042792,0.102651,0.147803,0.252378,0.152859,-0.059845,-0.109522,-0.047027,0.052499,0.101614,0.113772,0.088642,0.033137,0.025861,0.006774,0.055114,0.153664,-0.088307,-0.059968,0.096062,0.194351,-0.081401,0.048303,0.083907,0.071604,0.258484,-0.143460,0.209467,-0.014151,-0.125290,-0.046994,0.214636,0.109401,-0.012142,-0.155751,0.012623,0.035476,-0.080014,0.074065,0.188042,-0.065484,-0.042668,0.034146,0.162204,0.013053,0.217614,0.306180,0.015932,-0.032223,-0.006900,0.048847,0.077349,-0.050360,-0.008001,-0.055620,-0.038688,0.136863,0.127704,-0.031612,0.127253,0.021149,-0.142790,0.188995,0.079010,-0.119232,0.081605,-0.006806,0.017934,0.108779,0.071901,0.149974,-0.025264,-0.127100,0.058347,-0.029442,0.135536,0.061274,0.141029,0.040235,-0.028680,0.006271,-0.080946,0.189814,-0.013246,0.084951,-0.043385,-0.178491,0.109349,0.013785,-0.007063,0.144894,-0.113068,0.098287,0.226005,0.224479,0.018825,0.000242,-0.066319,0.284170,-0.036880,0.075037,0.038106,-0.006801,-0.012197,0.059651,0.087185,0.081374,0.179971,-0.026395,0.197505,0.063195,0.135855,0.030107,-0.059829,0.053375,0.039528,0.039173,0.031180,0.189400,0.028886,0.070961,-0.057237,0.255723,0.013539,0.124725,-0.066958,0.141197,0.020576,-0.142796,0.023781,0.026794,-0.034052,0.174037,-0.007483,-0.142497,0.134428,-0.084924,0.175160,0.221253,0.148189,0.034111,-0.085409,0.274733,0.016042,0.180142,0.114862,-0.052476,0.083733,0.026559,-0.076069,0.063678,-0.026097,-0.006195,0.029306,0.020375,-0.007692,0.006579,-0.000198,0.155218,0.064674,0.160936,0.161893,-0.007044,0.040864,0.100444,0.119751,0.162542,0.000299,0.099175,-0.020341,0.121318,0.079659,-0.077494,0.154285,-0.007583,0.094860,-0.124744,-0.013838,-0.042848,0.065744,0.053487,#
5,0.043095,0.096282,0.086532,0.048509,0.076454,1.000000,0.005280,0.084141,0.014299,0.027616,-0.070715,-0.187016,0.141993,-0.023781,-0.019832,-0.087395,0.029109,-0.045763,0.105172,0.235441,-0.027935,-0.139522,-0.036338,0.058289,0.169480,0.207786,0.102230,0.131004,-0.015321,0.136020,-0.096149,0.060475,-0.004618,0.176038,0.076288,0.100449,0.042559,-0.140961,-0.015688,0.136969,-0.091307,0.126322,0.072082,0.075796,0.062121,0.097297,-0.116610,0.241143,-0.071357,0.102055,0.142766,-0.037023,0.067886,-0.033425,0.159073,0.237416,-0.083399,-0.006656,0.091431,-0.035256,-0.019831,-0.094344,0.025946,0.148807,-0.005249,0.051840,-0.165803,-0.007648,0.096056,0.146080,0.202217,0.111894,0.073557,0.099650,0.094020,-0.048658,-0.188792,0.267557,0.083612,0.042225,0.034511,0.114272,0.006488,0.010614,-0.028391,-0.050405,-0.045395,-0.021926,0.102960,-0.066319,0.244635,-0.068750,-0.065660,0.002081,0.026199,-0.217184,0.144285,0.115453,0.083292,-0.062880,0.080993,0.044813,0.141698,0.104292,-0.005714,-0.025537,0.085421,0.163516,-0.056319,0.006966,-0.042572,-0.026157,0.098486,0.005072,-0.043936,-0.136578,0.238330,0.171678,0.134378,0.007446,0.015250,0.110126,-0.027076,0.119133,0.041528,0.117325,0.293211,-0.013044,0.034083,-0.085746,-0.003317,0.078257,0.069174,0.180336,0.024693,-0.197099,-0.142702,0.162914,-0.066299,-0.052203,-0.044178,-0.092851,-0.007215,0.004292,0.234343,0.041039,0.015923,0.135881,0.068016,0.111103,0.167091,0.016099,0.288118,-0.019779,0.156312,-0.044045,0.135153,-0.017278,0.040628,-0.016736,-0.002547,0.184184,0.034758,0.057916,0.078206,-0.129963,-0.159440,0.122873,0.062767,-0.001883,0.200506,0.098877,0.020465,0.015319,-0.117937,0.201828,0.230926,0.089633,0.117928,0.129793,0.069390,-0.093340,-0.205589,0.081477,0.014327,0.109591,0.030909,0.116152,0.253470,0.188410,-0.035957,0.117547,-0.018785,0.230242,0.083584,0.107422,-0.050420,0.136100,-0.014606,0.171221,#
6,-0.056810,0.103239,-0.004169,-0.141909,0.050660,0.005280,1.000000,-0.067740,0.081177,0.123602,0.264192,-0.030050,0.111247,-0.126906,-0.243834,0.441398,0.165194,0.127795,0.026773,-0.085675,-0.106369,0.005817,-0.076794,-0.024140,0.179478,-0.025072,-0.020324,0.021755,0.111067,-0.043919,0.010656,0.170499,0.049777,0.092153,-0.046118,0.076471,-0.021094,0.045495,-0.101789,0.052198,0.083728,-0.027886,0.271895,0.176040,-0.132677,-0.052260,0.087942,0.148743,-0.037996,0.129577,-0.092042,-0.024292,0.008180,-0.090297,-0.008986,-0.019715,-0.106460,0.037409,0.038264,-0.098742,0.120828,0.102363,0.028481,-0.055548,0.177641,0.070627,0.083345,0.086209,0.062533,-0.005571,0.190405,0.201931,-0.116607,-0.057841,0.067958,0.075163,0.187548,0.101695,0.158710,0.060704,-0.024630,0.105826,-0.110975,0.091237,0.035345,-0.143906,0.117135,0.024507,-0.047675,-0.019184,0.023152,0.062886,0.069820,0.071613,0.063345,0.076214,0.217936,0.023348,-0.153529,-0.034745,0.011919,0.043919,0.085721,0.040809,0.152569,-0.035421,0.053627,0.149603,0.187224,-0.017519,-0.016684,-0.071827,0.082818,0.218661,0.113048,0.140111,-0.088710,0.069930,-0.053181,0.185754,-0.026721,0.218422,-0.229209,-0.038010,0.001919,-0.015517,-0.048397,-0.078251,0.091721,0.093394,0.071589,0.072963,0.039276,0.087633,0.059776,-0.153860,0.136958,-0.082981,0.041371,0.217127,0.102233,-0.047769,-0.078211,0.000190,0.038446,0.066428,-0.005389,0.238823,0.034949,0.025807,0.047723,0.135432,-0.087344,-0.017677,0.020630,-0.003594,-0.014895,-0.051533,-0.075512,0.059081,-0.158179,-0.028015,0.044365,0.009119,-0.195957,0.011117,0.157396,0.064971,0.054797,0.038527,-0.034720,0.222644,-0.232207,-0.052806,0.080937,0.182458,0.048003,0.186551,-0.043137,-0.015625,-0.006919,0.033761,-0.041459,0.032859,0.037186,0.027632,0.203071,-0.056605,0.009393,0.078049,-0.008567,0.099947,-0.041598,0.097464,0.039459,0.086532,-0.017818,-0.126814,0.060858,0.093991,#
7,0.058224,-0.027289,0.090478,0.128511,-0.019443,0.084141,-0.067740,1.000000,0.165072,-0.003403,-0.110389,-0.198439,0.178664,-0.010169,0.067514,-0.057919,0.022855,0.142801,0.087305,0.088227,0.118423,0.045212,-0.026103,-0.053866,0.100134,0.124156,-0.062756,-0.118766,0.082971,0.221874,-0.019715,0.000288,0.126610,-0.050262,0.068973,0.079798,-0.071974,0.127583,0.252281,0.139988,0.087826,0.189896,-0.102552,-0.029222,-0.012814,0.161668,0.100055,0.231991,0.163807,0.111262,-0.109960,0.028748,0.050736,0.034540,0.201313,-0.032955,-0.000346,-0.197768,0.208603,0.168572,0.023173,0.143651,0.025702,0.086456,0.078522,0.067284,0.097217,-0.110588,-0.194774,-0.027841,0.127582,0.006354,0.098154,0.113054,-0.070616,-0.101747,-0.109499,0.014239,0.009303,0.048346,0.168446,0.067550,0.045926,0.070614,0.078090,0.210132,0.023066,0.113210,-0.080782,0.185701,0.098379,-0.087063,0.202704,0.025189,0.170312,0.139984,0.080123,0.277409,0.199299,0.042609,0.119416,-0.120667,-0.236511,-0.051245,0.092454,0.070966,-0.094577,0.153843,0.101082,-0.064628,0.198957,0.027115,0.142406,0.032108,0.308148,-0.033243,-0.047703,-0.029584,0.171681,0.204438,0.040225,0.090473,0.164335,-0.032741,-0.018130,0.110550,0.011087,0.030322,-0.014822,0.107751,-0.048577,0.151112,0.105740,-0.045003,-0.056938,-0.015255,-0.068406,0.177351,0.094733,-0.001919,-0.008356,-0.001711,-0.015010,-0.006645,0.112138,0.087505,0.075854,0.018808,-0.070698,0.074387,-0.142744,0.196008,-0.026236,-0.049400,0.075935,0.236257,0.106396,0.101021,0.019704,-0.021009,0.075449,-0.040039,0.126793,-0.044989,0.018466,0.043760,-0.006726,-0.098787,-0.148286,-0.105149,0.168182,0.002169,0.134505,0.116096,0.125848,0.037369,-0.016307,0.012356,0.070145,-0.018362,0.082952,0.038255,-0.093968,0.071486,0.058662,0.099106,0.161211,0.105888,0.126001,0.078366,0.035521,0.096314,0.079656,0.034894,0.089009,0.018693,0.033545,0.108047,0.100142,0.012815,#
8,0.006704,-0.077161,-0.097836,0.048700,-0.087304,0.014299,0.081177,0.165072,1.000000,0.009838,0.037970,0.117435,0.097260,0.098708,0.042003,0.136106,0.019893,-0.013534,-0.167782,0.135214,0.163498,0.021265,-0.116282,0.107311,0.203904,0.137967,0.016063,-0.155052,-0.023556,0.062308,0.046485,0.082719,0.105440,-0.047070,-0.007930,0.358087,0.029144,0.055289,-0.040667,0.017519,0.033966,-0.081174,0.282635,0.155873,-0.028908,-0.043407,-0.000402,-0.037459,0.103996,0.069830,0.046607,0.104851,0.151546,-0.041305,-0.013237,0.053117,-0.000528,0.001504,-0.032951,-0.058373,0.150281,0.113508,0.235197,0.134180,0.071316,0.123839,0.153093,0.111824,0.161141,-0.056133,0.105484,0.206865,0.164174,-0.047746,-0.001523,-0.021651,-0.122122,0.041617,0.137995,0.043818,0.093732,0.109735,-0.120778,-0.031814,-0.007320,-0.015926,0.147001,0.048002,-0.130762,-0.083136,0.147841,0.041293,-0.049294,-0.007287,-0.081549,-0.011934,0.229117,0.229169,0.192479,0.176583,-0.027523,-0.232462,0.091621,0.198501,-0.133449,0.155839,0.048842,-0.026976,-0.037034,0.141904,-0.060692,-0.004840,-0.006861,0.004442,-0.079068,0.025186,0.117820,0.022289,-0.032047,0.125378,-0.020261,0.039679,0.079787,0.165179,0.037259,0.042053,-0.106421,-0.028386,0.128945,0.176646,-0.035818,0.227767,0.092351,-0.045991,-0.127966,0.169765,0.015975,0.003482,0.115594,0.046171,-0.043298,-0.103325,-0.040746,-0.297011,0.047852,-0.041827,0.011417,0.300104,-0.034205,0.104658,-0.023798,0.183276,-0.078500,0.212106,0.118357,-0.038498,0.072264,0.133136,0.222144,-0.084906,0.041584,-0.161362,-0.043512,-0.101109,-0.103834,-0.043259,-0.033419,0.168165,0.104034,-0.141276,0.003327,0.183516,-0.219995,0.070424,0.082081,0.040454,0.074316,-0.052497,0.106464,0.070372,0.128540,-0.027801,0.017770,-0.018758,-0.024981,-0.100056,0.211315,0.079278,0.004873,0.157617,0.154633,0.116411,0.116640,0.085308,0.022030,-0.054677,-0.238701,0.006219,-0.028520,0.214940,#
9,-0.062601,-0.032500,0.064931,0.008364,0.055441,0.027616,0.123602,-0.003403,0.009838,1.000000,0.089979,-0.117983,0.042237,-0.101172,-0.010197,0.023034,-0.062844,0.093750,-0.178143,-0.141071,-0.010032,-0.001219,-0.101444,0.013232,0.064095,-0.105214,0.088375,-0.039558,-0.112031,-0.070657,-0.055111,0.069422,-0.024043,-0.076089,-0.123566,0.046229,0.019392,-0.076905,0.015790,0.023141,-0.111292,-0.089528,-0.090503,-0.039271,-0.062221,-0.021728,-0.012329,0.061867,0.178103,0.186062,0.070056,-0.031535,-0.115201,-0.040961,-0.151338,0.068922,0.076035,0.090970,-0.122170,0.087705,-0.022500,-0.002314,-0.055793,-0.078663,-0.090729,0.092100,-0.024703,-0.064850,0.087221,0.068088,0.125713,0.050773,0.038812,0.095947,-0.094052,-0.030462,0.129579,0.121743,0.031914,0.064324,-0.018796,0.127930,-0.040576,0.041747,0.080666,-0.010557,0.190087,0.108756,-0.012077,0.175698,0.102404,-0.113103,0.108776,-0.110806,0.192196,-0.018428,-0.034618,-0.026641,-0.003679,0.062442,0.101912,0.072472,-0.006150,-0.006649,0.011477,0.030996,-0.174848,0.169370,0.042017,-0.002081,-0.002226,0.209383,-0.039577,0.018406,0.016051,0.087141,-0.060568,0.052329,0.175717,0.098192,-0.244981,0.040434,-0.023263,-0.028292,0.181449,0.072344,-0.016131,0.019481,-0.058861,-0.003452,-0.049820,0.019497,0.005841,0.109208,0.052537,-0.108397,-0.045631,0.011037,-0.017321,0.108318,0.195983,0.157781,0.023187,0.113650,0.145609,0.225169,-0.001132,0.177357,0.028672,0.039646,0.045244,0.127508,0.043902,-0.028660,-0.073958,-0.026648,0.069203,0.158575,0.217240,0.047267,-0.035920,-0.021633,0.163315,0.060124,-0.095142,-0.007827,-0.029365,0.111090,0.214143,0.077270,0.072261,0.096689,-0.081586,-0.154566,-0.011946,0.216006,0.200375,0.075360,-0.042441,0.131507,0.015545,0.172211,0.003830,0.011855,0.142554,0.105990,0.121697,0.086129,0.061701,0.006724,-0.262615,-0.137489,0.019639,-0.031282,-0.146936,0.100308,-0.059270,0.028508,-0.070825,-0.085337,#
10,-0.168739,0.087612,0.031509,-0.103337,0.037140,-0.070715,0.264192,-0.110389,0.037970,0.089979,1.000000,0.034823,0.068519,0.006338,-0.158098,0.155186,0.133705,0.020969,0.069310,-0.054579,-0.016521,0.044819,-0.118053,0.145730,0.110902,0.004778,0.027013,0.045288,0.056586,0.043120,-0.022435,-0.049573,0.043537,0.033699,-0.100645,-0.052375,0.190039,-0.063981,-0.114088,-0.156449,0.119443,-0.078217,0.042494,-0.084988,-0.030161,0.059343,0.194784,0.094405,-0.011985,0.173594,-0.063058,0.161093,0.022690,-0.099021,-0.054202,0.203108,0.088513,0.164589,-0.048918,0.018735,0.028196,0.112900,0.154290,0.141040,0.018033,-0.018548,0.103792,-0.033701,0.061144,-0.142344,0.294508,0.226787,-0.038009,-0.056377,0.166030,0.115573,-0.146171,-0.011380,0.143288,-0.106596,0.067095,-0.049385,0.040495,-0.079820,0.043104,0.025452,0.103838,-0.040386,0.065925,0.214688,0.002031,0.072381,0.075406,-0.145368,-0.065320,0.031451,0.048559,0.153105,-0.065799,-0.025329,-0.010879,-0.099537,0.012711,0.084903,-0.021050,0.052714,0.218922,-0.025628,-0.026805,0.100319,0.066430,-0.033546,0.127101,0.153081,0.060076,0.096022,-0.025123,0.137236,0.027551,0.072356,0.152410,0.203249,-0.075792,-0.053407,-0.014580,0.040173,0.112776,-0.036751,0.093834,0.164374,-0.044435,0.094007,-0.060553,0.120212,0.185511,0.074536,-0.074916,0.088443,0.189722,0.062480,-0.009653,0.046720,0.121189,0.130020,0.020816,0.228592,0.152650,0.146601,0.069977,0.214286,-0.090840,0.011287,-0.078830,0.096406,0.128739,-0.071571,0.180041,0.017001,0.055822,-0.119435,-0.076980,0.001947,0.084253,0.044707,-0.067301,0.077784,0.142790,0.086161,0.096738,0.060074,-0.128327,0.160403,-0.066322,-0.035615,0.226768,0.184944,0.029720,-0.003626,-0.121684,0.097367,-0.182435,-0.080364,0.054604,0.089787,-0.083090,0.095399,0.203700,0.142070,-0.074249,0.012849,-0.022262,-0.028761,-0.058257,0.266711,0.069155,-0.118376,-0.054598,-0.003035,-0.060786,0.208033,#
11,0.014843,-0.082398,-0.167534,-0.063762,-0.013223,-0.187016,-0.030050,-0.198439,0.117435,-0.117983,0.034823,1.000000,-0.016374,0.090805,0.091828,0.016256,-0.109932,-0.042559,0.019181,-0.022402,-0.052001,-0.021733,0.061582,0.072843,0.003448,-0.006370,-0.048166,0.038919,-0.111304,-0.031007,0.213922,0.159753,0.059543,0.089891,-0.121615,0.078402,0.023770,0.106562,0.002393,-0.099525,0.053807,-0.176822,0.089284,-0.001333,0.023093,-0.250733,0.034452,-0.013082,0.089414,-0.053915,-0.229527,-0.001419,0.222969,0.051729,-0.052297,-0.048442,-0.099325,0.217446,0.051862,0.255515,-0.048300,0.028466,0.126991,0.020012,0.083005,-0.091534,0.064289,0.148694,-0.003803,0.077453,-0.222313,-0.089023,0.052643,-0.081216,0.228744,0.148645,-0.009764,0.082552,0.038301,-0.135179,-0.184185,-0.010818,0.048055,-0.032988,-0.038675,-0.113020,0.060891,0.008111,0.032554,-0.099655,-0.027566,0.043435,-0.028575,0.005295,-0.114057,0.106930,-0.061147,0.044968,-0.084323,0.061330,-0.079159,0.004652,0.083040,-0.030755,-0.063448,0.087179,0.116125,-0.021207,-0.012382,-0.129541,-0.040918,0.141995,0.037003,0.028910,-0.000123,-0.056409,-0.024534,0.098522,-0.044095,0.095444,0.080123,-0.047801,-0.031652,0.236362,-0.031130,-0.110437,-0.030256,0.118585,0.228819,0.169367,0.055653,0.032954,0.106871,0.019684,0.013758,0.145268,0.019489,0.140773,-0.017315,0.247817,-0.045459,-0.142009,0.182911,0.032856,-0.050655,-0.053456,-0.001707,-0.052304,-0.099289,-0.240231,0.075192,0.024248,-0.018225,0.221572,0.010079,-0.071739,0.039670,-0.005321,-0.021451,-0.022543,0.045466,0.059562,-0.062940,0.067723,0.049808,0.116701,0.117161,0.131721,0.010338,0.059266,0.130371,0.006799,-0.035914,0.083189,-0.001410,0.057218,0.016565,-0.112976,0.010746,0.039574,-0.122245,-0.060346,0.032222,0.029823,0.015134,-0.024978,0.116646,-0.007741,-0.119350,-0.100973,0.144182,0.030169,0.139915,0.017835,0.067217,-0.037970,-0.164936,0.064601,-0.030264,-0.003402,#
12,0.171454,0.266680,-0.031094,0.128122,-0.083239,0.141993,0.111247,0.178664,0.097260,0.042237,0.068519,-0.016374,1.000000,-0.004274,-0.045727,0.063025,-0.014261,-0.071899,0.100159,-0.146146,0.074439,0.084992,0.018332,-0.020781,0.234316,0.041035,0.083553,-0.056605,0.023352,-0.019326,0.067866,-0.058523,0.033562,0.077688,0.179659,0.106076,-0.042785,-0.077147,-0.167032,0.009186,-0.009339,-0.137599,0.051680,0.161334,0.121292,0.076076,0.243106,0.250670,0.150011,0.288010,0.030452,-0.061727,0.117152,0.140421,0.006431,0.099699,0.002247,-0.131695,0.294341,0.002986,-0.046479,0.197268,0.063807,-0.068809,0.022640,0.056415,-0.064007,0.143203,0.159094,0.115138,0.104223,0.161976,0.174808,0.096180,-0.000663,0.124464,-0.092713,0.165417,0.066284,0.122240,0.230658,0.239930,0.109389,-0.159477,0.084593,0.103167,0.013860,0.056349,-0.088636,0.129920,0.150522,-0.039758,0.111896,0.252385,-0.058087,0.132972,0.161746,-0.105300,-0.141835,-0.032364,0.112422,-0.044892,0.003185,0.010562,0.026529,0.125026,-0.007653,0.321607,-0.000999,-0.102530,0.170271,0.151935,0.122489,0.001405,0.104115,0.032610,-0.135494,0.154956,0.058999,0.044241,0.082519,0.275661,0.052690,0.139354,0.045546,0.177337,-0.000169,0.069755,-0.045013,0.153713,-0.283181,-0.045514,0.013835,0.030737,-0.044472,-0.115277,-0.014001,-0.019034,0.118364,-0.101133,-0.016320,-0.055536,-0.135413,0.002525,-0.142919,0.109890,0.184552,0.152342,-0.033214,0.090431,0.100501,0.022131,0.055781,-0.017662,0.205988,0.092652,0.159695,0.223060,0.230891,-0.170991,0.052061,0.144574,0.081466,-0.009456,0.035799,-0.023849,0.090985,0.198307,0.168838,0.070085,0.293405,-0.077707,0.138083,0.000966,0.146809,0.150858,0.114721,0.013539,-0.276142,0.000525,-0.084638,0.102245,-0.102764,0.077697,-0.069608,0.052921,0.163507,0.103444,0.103416,-0.003095,0.004017,-0.067674,-0.055981,0.024845,0.004668,0.091012,-0.155022,-0.055486,0.034556,0.178340,#
13,-0.250284,0.153835,-0.045555,-0.052623,-0.140904,-0.023781,-0.126906,-0.010169,0.098708,-0.101172,0.006338,0.090805,-0.004274,1.000000,0.038826,-0.077496,-0.154736,0.020795,0.042837,-0.077861,0.028467,-0.032562,0.137837,0.046015,-0.001121,0.223015,0.070169,0.001293,0.004293,0.063694,-0.036000,0.000299,0.033526,0.008148,-0.140736,0.041854,-0.074182,0.063103,-0.191274,0.058109,0.163142,0.087222,0.165080,-0.153267,0.014255,0.034243,-0.109783,0.106254,0.105655,0.063163,-0.078037,0.027363,0.027170,-0.015559,0.071022,-0.011361,0.088154,0.120204,0.095187,0.071073,-0.151915,0.117874,-0.050128,-0.154208,0.055079,0.000066,0.228334,0.235317,0.079135,0.025291,-0.058077,-0.032166,0.201785,0.035668,0.002202,0.097295,0.102745,-0.025713,-0.002756,-0.032574,-0.038663,0.108252,0.035197,0.081739,-0.113671,0.155566,-0.021702,0.130685,0.163808,-0.020329,0.043412,0.110949,0.156446,0.011476,-0.132470,-0.108599,0.051247,0.017998,-0.002877,0.082203,-0.027727,-0.091763,0.229964,-0.085721,0.003589,0.072177,-0.068380,0.094800,-0.154870,-0.045316,-0.058049,0.038240,0.039642,0.041976,0.128226,-0.080862,0.056407,-0.009991,-0.030310,-0.105478,0.073373,-0.015669,0.130534,-0.061099,-0.063785,-0.002749,-0.011637,0.055585,0.093469,0.134432,-0.068492,-0.227730,-0.019865,0.111267,-0.009402,0.027442,0.068993,0.047867,0.262514,0.012752,-0.051923,-0.155915,0.001424,-0.088137,-0.126737,0.058760,0.002413,0.115861,0.073883,-0.158683,-0.050440,-0.048564,0.016126,0.075272,0.052919,-0.075584,0.023820,-0.219652,-0.034418,-0.038393,0.021347,-0.036574,0.164566,-0.099872,-0.074550,0.024802,0.145274,0.122499,-0.105256,0.046405,0.040996,-0.037999,-0.085030,0.160856,0.083368,0.058375,0.089938,-0.119293,-0.049178,0.019857,0.047904,-0.065397,0.101979,0.051981,-0.172879,0.055687,-0.032019,-0.159977,-0.074935,0.075674,0.256508,0.017949,0.063102,0.072101,0.000693,0.052005,-0.144126,0.234016,0.029338,0.024662,#
14,0.248602,-0.180004,-0.054387,-0.014887,0.053923,-0.019832,-0.243834,0.067514,0.042003,-0.010197,-0.158098,0.091828,-0.045727,0.038826,1.000000,-0.111242,-0.087444,0.130300,-0.172332,0.093436,-0.171383,0.047726,0.110558,0.162402,-0.005067,-0.009498,0.050279,-0.006047,-0.016904,0.042606,0.321795,-0.081473,-0.024814,-0.077564,0.080533,0.083674,-0.009514,0.027476,0.111693,-0.087206,0.033306,-0.034631,-0.089717,-0.074568,-0.001036,0.073292,0.031521,-0.077634,0.048429,-0.085255,-0.096121,0.151913,0.112328,-0.099901,0.031684,0.090130,0.089722,-0.036324,0.111018,-0.132224,0.030648,-0.096333,0.082511,0.090909,-0.088518,-0.011504,-0.085056,-0.094469,0.009050,-0.048806,0.104685,-0.074624,0.230457,0.127387,0.021342,0.143001,-0.015272,-0.078862,-0.195298,-0.041502,-0.016704,0.022521,0.093421,0.087875,-0.038813,-0.029158,-0.023184,0.032027,-0.068042,0.102122,0.044309,-0.089229,0.147873,0.166874,-0.030650,-0.025635,-0.151635,0.041155,-0.091696,0.047776,-0.199513,-0.064138,0.009283,0.024651,-0.011901,-0.084366,0.031898,-0.119435,0.083244,0.105440,-0.117432,0.136740,0.064830,0.062744,-0.186625,-0.132756,-0.058488,-0.130081,-0.012204,0.069948,0.081130,-0.158441,0.137674,0.141204,0.078262,-0.059104,-0.055775,0.062988,-0.113803,-0.030902,-0.011681,0.080541,-0.083653,0.021544,0.001391,-0.107414,0.171396,0.122685,0.015514,0.051995,-0.072873,0.103565,0.014401,0.247424,0.018661,0.101737,0.036414,-0.052575,0.036802,-0.065276,0.239749,-0.083104,0.196562,-0.057808,-0.018256,-0.031658,0.078537,-0.108366,-0.024645,0.079327,0.013360,-0.004146,-0.036385,-0.121879,0.288719,0.163347,-0.050271,-0.040591,0.045182,-0.016229,0.096885,-0.241521,-0.014650,-0.065368,-0.058264,0.001623,-0.095086,-0.033713,0.102429,0.033302,0.135111,-0.002923,-0.091251,-0.035914,0.013063,0.115371,-0.031981,-0.017752,-0.015340,0.048610,0.044431,0.077437,0.062984,-0.024580,-0.145378,-0.151002,-0.037562,0.041061,-0.198959,-0.150176,#
15,-0.123690,-0.014804,-0.066593,-0.146948,0.032662,-0.087395,0.441398,-0.057919,0.136106,0.023034,0.155186,0.016256,0.063025,-0.077496,-0.111242,1.000000,0.098508,0.065438,-0.010505,-0.062231,-0.067074,0.071051,-0.052132,0.164298,0.086106,0.067063,-0.135340,0.075571,0.062042,-0.230098,0.082381,0.167930,0.150547,0.291656,-0.047838,0.063522,-0.043010,0.088336,-0.147232,-0.051475,-0.049495,-0.136420,0.135078,0.125638,-0.015289,0.088360,0.156072,-0.009638,0.034029,0.122322,-0.055410,0.120736,-0.017435,0.077529,0.006741,0.097251,0.109804,0.023274,0.005350,0.078347,0.176339,0.141467,0.145490,0.021825,0.091473,-0.088829,0.030815,0.091478,0.079600,0.004403,0.091981,0.061600,-0.061420,0.135037,0.007889,0.046382,-0.053743,0.091301,0.181336,-0.044625,-0.093451,0.069365,-0.011502,0.066888,-0.031557,-0.050906,-0.042067,0.002549,-0.030695,-0.191911,-0.037896,0.177321,0.111568,0.105742,-0.106998,0.092757,0.119377,0.129059,-0.040736,0.047089,-0.039723,0.141857,0.028647,0.174641,0.120429,-0.060965,0.016931,0.040949,0.019546,0.058682,-0.112180,0.013225,0.203564,0.067204,0.108249,0.032973,-0.162453,-0.042410,-0.104079,0.228350,-0.090659,0.237598,-0.041851,0.094076,-0.021141,0.043106,0.029404,0.046238,-0.005490,0.192567,0.179461,0.083180,-0.132657,-0.073146,0.059378,0.099559,0.112170,-0.042408,-0.128233,0.218224,0.077097,-0.032239,0.052111,0.029640,0.047510,0.083639,0.008832,0.061003,-0.002065,-0.005642,0.138903,0.336880,0.057980,0.021520,0.035438,0.033567,-0.021457,0.010637,0.137425,0.048719,-0.066248,-0.052668,0.092610,0.175613,-0.079016,-0.056419,0.029420,-0.013951,0.058933,0.167036,-0.019056,0.136662,-0.185978,0.175982,0.000924,0.196106,0.057638,-0.008689,0.076411,0.083946,0.062976,-0.027211,-0.016167,0.069593,0.191533,-0.063230,-0.009844,-0.039228,0.050759,0.101221,-0.004763,0.072928,-0.063449,0.070484,-0.051749,0.162327,-0.020865,-0.137773,0.102170,0.052374,#
16,0.013607,0.101785,0.029853,0.126701,-0.105152,0.029109,0.165194,0.022855,0.019893,-0.062844,0.133705,-0.109932,-0.014261,-0.154736,-0.087444,0.098508,1.000000,0.061943,0.256410,0.161547,0.230204,-0.299410,0.095394,-0.035703,0.110845,0.143355,-0.017836,0.078950,-0.098933,0.033285,0.083007,0.155924,0.036026,-0.012074,0.112515,0.053467,0.157194,0.198337,0.065913,0.085327,0.036865,-0.086548,0.075249,-0.051879,0.127296,0.015314,0.115904,-0.012973,-0.026674,0.086327,0.042427,0.130636,-0.025627,-0.010554,0.002420,0.220106,0.019362,0.120180,-0.019184,-0.017105,0.123111,0.093133,0.090688,0.045370,0.081004,0.114146,0.043146,0.089799,0.086342,0.010772,0.225623,-0.008677,-0.012816,0.017403,0.040738,-0.008706,-0.029135,0.056956,-0.078450,0.125046,0.235296,0.016290,0.122983,0.008162,-0.028488,0.014075,-0.000438,-0.094951,-0.054170,-0.026118,-0.203554,0.056364,0.094955,-0.209039,0.023546,0.121598,-0.063102,0.188263,-0.049339,0.132053,0.038282,0.110677,0.042880,0.192000,0.095950,-0.078187,0.015103,-0.018214,0.244563,0.090057,-0.039199,0.010057,0.123203,-0.025228,0.062606,0.106099,0.263684,0.076045,0.043134,-0.044361,-0.135476,-0.043757,0.034930,-0.008561,0.192532,0.027747,0.018121,-0.055653,-0.029185,-0.056162,0.136813,0.114933,-0.010038,0.080030,-0.089912,0.061441,0.015490,-0.036235,-0.042962,-0.075382,-0.046672,0.041888,0.015121,-0.078304,-0.087796,0.024694,0.237092,0.083224,0.096170,-0.103114,0.037889,0.024656,-0.220682,0.011197,0.066364,0.033534,-0.032719,0.003404,-0.090705,0.019614,0.180408,-0.105047,0.159354,0.026125,0.179677,0.003296,0.006629,0.135393,0.048473,0.138607,-0.164751,0.246378,-0.054349,0.157874,-0.006056,0.048961,0.121865,0.213951,0.168633,0.119148,0.035835,-0.013621,-0.109949,0.190037,-0.122357,-0.064745,0.054578,-0.005959,0.155255,0.090026,-0.031398,0.134414,-0.093903,0.097449,0.238916,0.198803,0.113644,-0.018557,-0.135436,0.138445,#
17,0.016225,-0.011379,0.106180,-0.028099,-0.097360,-0.045763,0.127795,0.142801,-0.013534,0.093750,0.020969,-0.042559,-0.071899,0.020795,0.130300,0.065438,0.061943,1.000000,0.075861,0.062114,-0.007088,0.004365,0.023378,-0.193891,0.209957,0.086210,-0.067266,-0.007996,-0.037412,-0.045183,0.035932,0.180270,-0.038436,-0.137277,-0.185225,-0.229947,-0.051293,0.157826,0.144782,0.061893,0.167851,0.096683,-0.021656,-0.015028,-0.023829,0.186762,0.028446,0.093723,0.042395,0.055825,-0.102941,-0.075806,0.072285,-0.036994,0.090242,0.024509,0.072216,-0.018800,0.012541,0.099220,0.090448,-0.086970,0.211613,-0.092010,-0.097044,-0.108126,0.255440,-0.078742,-0.052517,-0.125486,0.114061,-0.064999,-0.070028,0.180913,0.123703,-0.089077,-0.114323,0.074475,0.143008,-0.002339,0.023974,0.169671,0.008835,0.157401,-0.140702,-0.067253,0.156671,-0.038956,-0.063819,0.040394,-0.085855,-0.074831,0.183007,0.037162,0.164505,0.076041,-0.049944,-0.009187,0.116533,0.149305,-0.145279,-0.160103,-0.107885,-0.159957,-0.033358,0.083489,-0.143289,-0.030426,0.007795,0.077172,0.150489,-0.085935,0.080050,0.076405,0.223858,-0.043850,-0.133973,-0.024193,0.070731,0.193836,0.046672,-0.014544,-0.050422,-0.144488,-0.007857,-0.050917,-0.047001,0.139982,-0.013677,0.002833,-0.018362,0.122405,0.120617,0.043800,0.040583,0.047783,0.159032,0.046396,-0.063197,0.218331,-0.075330,0.002137,0.124830,0.053157,0.133471,-0.020052,-0.100410,0.009729,-0.006307,-0.005034,0.093183,0.006861,-0.063430,0.052104,-0.016800,-0.011535,0.088102,-0.200806,-0.002231,0.051437,-0.026687,-0.010733,0.100185,-0.098730,-0.123543,-0.152468,-0.078888,-0.087866,0.058574,-0.065967,0.054978,0.010886,0.031026,-0.114784,0.018543,0.036243,0.061953,0.033607,0.058238,0.206972,0.006708,0.014246,-0.054228,0.134697,-0.004845,-0.073089,0.114737,0.061557,-0.021827,-0.061244,0.027285,0.004808,-0.122904,-0.070794,-0.144467,0.132645,-0.022075,-0.117167,-0.002594,-0.181386,#
18,-0.016824,0.102388,0.134212,-0.074311,-0.198975,0.105172,0.026773,0.087305,-0.167782,-0.178143,0.069310,0.019181,0.100159,0.042837,-0.172332,-0.010505,0.256410,0.075861,1.000000,0.070245,0.055863,0.011059,0.006209,-0.061624,-0.036589,0.093728,-0.068067,-0.057477,-0.014732,0.058083,-0.140199,0.150552,0.013675,0.049615,0.023223,0.015449,-0.011724,0.213704,-0.003807,0.029777,0.121130,-0.044582,0.205225,-0.127644,-0.045026,-0.012099,0.049678,0.231558,0.018504,0.007934,-0.086327,0.063956,0.143453,-0.059938,0.037168,0.051251,-0.002268,-0.046677,0.037648,0.151350,0.070850,0.142464,-0.003151,-0.078033,0.105479,-0.097803,0.105016,-0.136413,-0.121224,0.040972,0.013346,-0.101716,-0.070485,0.030631,0.116149,-0.087376,-0.160907,0.106975,-0.134210,-0.115169,0.067072,-0.025501,0.179266,-0.051406,0.162973,0.260904,-0.274078,0.048784,0.045022,-0.084025,-0.024451,0.009271,-0.015052,-0.026482,0.078055,0.033604,0.011086,0.061299,0.036998,0.071110,0.008890,-0.041221,-0.018694,-0.026362,0.061263,0.143373,-0.089308,0.161709,0.052657,-0.012867,0.152055,-0.088239,-0.011554,-0.095207,0.021661,-0.011215,-0.001860,-0.046497,0.157709,0.047331,0.154315,-0.107454,-0.087303,-0.033901,0.193509,-0.126861,0.098827,0.070440,-0.002902,0.008486,-0.092488,0.032715,0.059530,-0.108147,-0.099148,0.042338,0.041930,0.041292,-0.004181,-0.052514,-0.140353,0.084998,-0.098492,-0.063744,0.055406,-0.004837,0.178196,0.030089,0.102246,-0.048818,0.014886,-0.122501,0.081705,0.090449,0.148033,0.205665,0.049860,-0.138045,-0.188478,-0.118763,0.137237,0.030944,0.111086,-0.067595,-0.009709,-0.150308,0.136305,0.010503,-0.040704,0.100633,0.119786,0.076504,0.005578,0.183391,0.107194,-0.019117,-0.003716,0.014085,-0.063921,0.018486,-0.077692,-0.023041,-0.076818,0.055154,-0.035079,-0.126242,0.027941,0.031733,-0.103447,0.003101,0.035802,0.127715,-0.087311,0.124273,0.101762,0.079958,-0.039562,0.182653,-0.053028,0.137548,#
19,0.126948,-0.046521,0.048108,-0.040252,0.042792,0.235441,-0.085675,0.088227,0.135214,-0.141071,-0.054579,-0.022402,-0.146146,-0.077861,0.093436,-0.062231,0.161547,0.062114,0.070245,1.000000,0.031208,-0.164321,-0.061985,0.051701,0.159938,0.035617,-0.007882,-0.035752,-0.270533,0.181685,0.014843,0.122944,0.219971,-0.041387,0.148938,0.130292,0.112167,0.118077,0.124885,0.087337,0.146911,0.117731,0.022149,-0.002187,-0.036261,0.083530,-0.037634,0.010219,0.116752,0.175829,0.109009,0.057504,0.130555,0.051223,0.046526,0.137931,0.004366,-0.108132,-0.074883,-0.028502,-0.008526,-0.013015,0.142178,0.072778,0.097745,-0.028523,0.173423,0.053629,0.144160,0.021344,0.162569,-0.017725,0.061230,-0.006858,-0.109738,0.106195,-0.160086,0.052266,0.024191,-0.139378,0.204041,-0.063655,-0.034973,0.001292,0.067134,-0.016136,-0.067952,-0.033735,0.136358,0.018142,-0.082644,0.042167,-0.162963,-0.013939,-0.007669,-0.064422,-0.014455,0.320982,0.076787,0.166021,-0.123172,-0.090796,0.073088,0.061765,0.040424,-0.076751,0.027115,-0.105163,0.014744,-0.119542,0.042543,-0.047656,0.062209,-0.014900,-0.107392,-0.049769,0.132224,0.036392,0.205300,-0.074646,0.121597,-0.085157,0.082116,0.089779,0.036818,0.104485,-0.000422,0.175189,0.066015,-0.028541,0.153994,0.190821,0.034258,-0.013824,-0.157493,0.084889,-0.051553,0.115608,-0.016439,-0.097928,-0.001534,0.108810,-0.109921,-0.169404,0.047284,-0.111564,-0.039137,0.041747,0.163393,0.023095,-0.034362,-0.039592,-0.001056,0.092914,0.177926,-0.002120,0.190074,-0.152226,0.137683,0.011750,0.132991,0.151777,-0.051897,0.205042,0.236984,0.174532,-0.083452,0.080164,-0.030215,-0.007664,-0.087714,0.143578,0.052126,0.200027,0.120632,-0.081005,0.110893,0.030355,0.109417,-0.001435,-0.001833,0.140639,0.084589,0.033776,0.072612,-0.053681,-0.053954,0.007228,0.019676,0.148788,0.094561,0.101874,-0.129182,0.084371,0.092461,-0.017002,0.095564,-0.070848,0.011697,-0.021538,#
20,-0.122633,0.218124,0.048358,0.238852,0.102651,-0.027935,-0.106369,0.118423,0.163498,-0.010032,-0.016521,-0.052001,0.074439,0.028467,-0.171383,-0.067074,0.230204,-0.007088,0.055863,0.031208,1.000000,0.016439,0.011202,0.157930,0.144249,0.216028,-0.169342,-0.018687,0.077484,-0.064623,0.148615,0.133240,0.253417,0.068210,0.010681,0.108818,-0.042285,0.035289,-0.025912,0.079105,0.118189,0.034931,0.037396,-0.151855,0.277275,-0.039681,0.082744,0.058154,0.018070,0.031034,0.115121,0.139210,0.055528,0.001251,0.139716,-0.076993,-0.257664,-0.068179,0.090161,0.071286,0.065871,0.008989,0.128458,0.070238,-0.040699,0.185954,0.114836,0.025723,-0.032595,0.009954,0.128350,0.093600,0.201131,0.111169,-0.186924,-0.062301,0.127759,0.016071,0.116716,0.070546,0.092331,0.049275,0.091473,-0.146662,-0.012152,0.154529,0.017068,0.166992,0.095451,0.142464,0.010052,-0.002043,0.092344,-0.023886,0.020264,0.144084,0.045580,0.011873,0.105172,-0.014225,0.181431,-0.046778,0.011985,0.190325,-0.003194,0.122810,0.221343,-0.079964,0.016546,0.195707,-0.007602,0.127430,-0.053126,-0.076485,0.091590,0.037449,0.182049,0.061593,-0.022739,-0.077090,-0.040870,0.053026,0.025673,0.113869,0.061294,0.082186,-0.038349,0.052045,-0.016780,0.148398,0.066406,0.072720,0.232264,0.056201,-0.015567,0.183393,-0.029708,0.068072,0.069179,0.099595,-0.034748,0.089374,-0.035012,-0.135941,0.009037,-0.112713,0.131789,0.059939,-0.066565,-0.045485,0.067071,0.022105,-0.150303,0.060913,0.004679,0.023018,0.034641,0.188977,0.047912,-0.011819,0.221558,0.023780,0.101074,0.034649,0.015502,0.087926,0.007277,0.192339,-0.017972,-0.131481,0.149832,-0.026627,-0.072908,0.011022,-0.016819,0.041954,0.019585,0.107702,-0.005350,0.083291,0.151164,0.088963,0.026075,0.090786,0.020979,0.130710,0.038260,-0.115890,0.121599,0.101258,0.047022,0.197245,0.224655,0.076543,0.225252,0.157938,0.072764,0.067398,-0.065133,0.070023,#
