0,1.000000,0.559885,0.592082,0.559891,0.540930,0.572712,0.598869,0.591724,0.556076,0.506929,0.603703,0.578700,0.511426,0.562390,0.500217,0.606102,0.661518,0.603918,0.597172,0.611766,0.593384,0.482729,0.522337,0.648559,0.484252,0.582989,0.526413,0.522741,0.549428,0.582474,0.519822,0.637294,0.541379,0.574082,0.610150,0.501918,0.503895,0.541548,0.585962,0.571149,0.586666,0.524158,0.641096,0.476826,0.592788,0.534682,0.532776,0.583947,0.581971,0.554278,0.568748,0.660437,0.605565,0.607185,0.621535,0.607719,0.602708,0.643137,0.567070,0.550684,0.587897,0.533255,0.629400,0.578998,0.641844,0.493030,0.614595,0.500297,0.508419,0.514637,0.488146,0.538741,0.627834,0.669083,0.517758,0.566310,0.631280,0.507899,0.603852,0.558217,0.581554,0.566073,0.625626,0.568086,0.555755,0.610631,0.672911,0.649836,0.565844,0.585243,0.534236,0.497589,0.582291,0.540028,0.527694,0.554311,0.548731,0.544941,0.582231,0.657696,0.549561,0.520287,0.554722,0.614665,0.520832,0.636598,0.513754,0.618267,0.603669,0.452427,0.585884,0.596072,0.549932,0.612084,0.602382,0.624929,0.536920,0.606870,0.550178,0.570915,0.500003,0.646856,0.650846,0.614832,0.674143,0.603567,0.553801,0.531504,0.491769,0.567656,0.556904,0.518779,0.577443,0.529762,0.576271,0.634689,0.510820,0.604954,0.497485,0.627321,0.538019,0.493213,0.459108,0.552302,0.526807,0.387941,0.551671,0.526534,0.576373,0.488183,0.519134,0.670843,0.634665,0.477725,0.592254,0.510910,0.663462,0.612003,0.642018,0.543626,0.607939,0.619832,0.632251,0.522243,0.554467,0.581805,0.601460,0.565820,0.578005,0.519077,0.549336,0.559628,0.593443,0.674316,0.545571,0.614015,0.645945,0.627474,0.556493,0.461098,0.539805,0.593549,0.521499,0.536130,0.564957,0.502311,0.455978,0.550207,0.550460,0.513349,0.486885,0.592218,0.512570,0.626177,0.597208,0.629016,0.513007,0.594078,0.533845,0.588036,#
1,0.559885,1.000000,0.564491,0.556564,0.528062,0.579627,0.511735,0.611560,0.667614,0.558222,0.597007,0.564660,0.544058,0.498385,0.486475,0.568369,0.573556,0.560392,0.555896,0.562310,0.558446,0.632046,0.549006,0.519515,0.531977,0.511782,0.507308,0.603682,0.521426,0.521485,0.616885,0.587959,0.536673,0.642860,0.528340,0.566517,0.522215,0.589999,0.651308,0.568055,0.565541,0.507317,0.584918,0.507926,0.532643,0.527119,0.590683,0.548333,0.629656,0.505701,0.538987,0.666638,0.566857,0.551582,0.641434,0.564442,0.567530,0.514162,0.471901,0.468185,0.561618,0.486107,0.540533,0.531687,0.603324,0.629235,0.637186,0.579639,0.586706,0.591105,0.562160,0.604810,0.671102,0.551380,0.597821,0.597817,0.474081,0.485997,0.625920,0.503152,0.565029,0.584177,0.563275,0.591380,0.629153,0.594840,0.593460,0.656653,0.573597,0.531936,0.547616,0.539174,0.546055,0.585067,0.611082,0.549895,0.498421,0.550124,0.580422,0.591184,0.618960,0.500797,0.490950,0.523077,0.507991,0.631088,0.492762,0.589956,0.634074,0.506092,0.507880,0.553784,0.514174,0.598786,0.526404,0.577636,0.515459,0.592649,0.525027,0.506657,0.517032,0.580411,0.544034,0.593960,0.624728,0.563655,0.518621,0.564354,0.571512,0.596012,0.501085,0.635912,0.557076,0.529375,0.616291,0.576717,0.578967,0.591259,0.540703,0.624067,0.640303,0.545646,0.558691,0.641755,0.558677,0.487156,0.522851,0.555018,0.596694,0.465792,0.633145,0.640826,0.580808,0.451855,0.654158,0.576257,0.593963,0.600774,0.525104,0.522137,0.538430,0.592130,0.575352,0.614102,0.545868,0.469190,0.593110,0.471731,0.527964,0.494894,0.598961,0.526739,0.560344,0.585271,0.565595,0.600732,0.614433,0.633636,0.457704,0.509527,0.569825,0.490672,0.547433,0.617274,0.570504,0.665192,0.532823,0.420258,0.637167,0.607291,0.552073,0.618799,0.546724,0.541989,0.578445,0.475327,0.495469,0.676804,0.488900,0.578034,#
2,0.592082,0.564491,1.000000,0.616649,0.579071,0.580857,0.558065,0.573989,0.638384,0.534440,0.553401,0.511579,0.454099,0.588905,0.493835,0.585711,0.507848,0.590065,0.538976,0.573942,0.562564,0.541987,0.548440,0.636962,0.508895,0.568804,0.648136,0.560044,0.570337,0.584949,0.586693,0.582238,0.595009,0.596592,0.577912,0.518650,0.523133,0.591665,0.640931,0.551180,0.494145,0.531500,0.605058,0.496717,0.500286,0.552365,0.590436,0.494916,0.512398,0.518880,0.560580,0.681182,0.601701,0.591678,0.658873,0.621419,0.621156,0.496986,0.586560,0.551088,0.695633,0.534613,0.535974,0.554974,0.607350,0.546752,0.509953,0.550018,0.490703,0.595362,0.582257,0.559991,0.574537,0.590427,0.621810,0.564974,0.533078,0.458408,0.583790,0.596257,0.598605,0.612243,0.666839,0.465583,0.653460,0.613900,0.564997,0.670374,0.540319,0.529754,0.605053,0.527812,0.656542,0.593971,0.582349,0.565747,0.507382,0.533698,0.654759,0.593376,0.617618,0.521009,0.509129,0.560983,0.500455,0.643570,0.638786,0.633966,0.569501,0.476486,0.577283,0.507699,0.606775,0.586615,0.528052,0.532932,0.511215,0.630868,0.549470,0.538349,0.529895,0.519976,0.526050,0.641065,0.582341,0.506536,0.583441,0.590500,0.544241,0.626456,0.564302,0.617263,0.644953,0.624896,0.598617,0.581272,0.598022,0.572195,0.584206,0.590210,0.510903,0.633288,0.490713,0.517315,0.552444,0.550289,0.477499,0.542516,0.513797,0.539576,0.582371,0.622197,0.598256,0.578300,0.570352,0.531659,0.575782,0.469800,0.614893,0.510894,0.461948,0.553875,0.606401,0.528793,0.497753,0.597122,0.556825,0.454914,0.547311,0.521712,0.584300,0.533939,0.610496,0.569074,0.563536,0.609678,0.560174,0.633632,0.487283,0.436070,0.547723,0.648330,0.447255,0.622516,0.559677,0.578322,0.531829,0.446366,0.551292,0.586754,0.549277,0.589595,0.689010,0.646983,0.546218,0.547295,0.451682,0.587295,0.522555,0.617447,#
3,0.559891,0.556564,0.616649,1.000000,0.659984,0.563436,0.582388,0.611220,0.697947,0.623295,0.613898,0.582588,0.519187,0.622450,0.533679,0.592268,0.571958,0.604676,0.691680,0.609638,0.623360,0.594971,0.560084,0.596502,0.586465,0.650310,0.656473,0.628016,0.590896,0.645220,0.645658,0.674319,0.604227,0.643474,0.601710,0.596035,0.549053,0.621035,0.628061,0.662076,0.600773,0.604820,0.638409,0.631648,0.568527,0.638492,0.584897,0.526966,0.561978,0.485614,0.639865,0.620962,0.631273,0.559170,0.608883,0.694625,0.643774,0.620755,0.613636,0.623007,0.587166,0.476903,0.597761,0.607114,0.748478,0.518397,0.544190,0.533267,0.415307,0.572203,0.550213,0.607890,0.630684,0.600206,0.567495,0.572702,0.555475,0.555747,0.561980,0.607690,0.676881,0.607091,0.659078,0.532941,0.613111,0.655613,0.671164,0.628165,0.580830,0.585106,0.694019,0.600842,0.604583,0.649772,0.607100,0.626856,0.516319,0.546766,0.618211,0.557353,0.582266,0.579015,0.553363,0.504068,0.718557,0.579159,0.561159,0.599316,0.603303,0.528082,0.613381,0.498738,0.542997,0.642443,0.573069,0.679109,0.443053,0.614938,0.579367,0.535504,0.556849,0.672864,0.606350,0.524843,0.589459,0.652780,0.576428,0.666001,0.544149,0.543471,0.600326,0.637114,0.619063,0.579368,0.582946,0.690007,0.571092,0.595161,0.540714,0.644188,0.470603,0.692114,0.634017,0.515656,0.587979,0.654771,0.570933,0.690033,0.586017,0.569050,0.593963,0.612657,0.553540,0.621653,0.647504,0.503628,0.642540,0.529314,0.715030,0.548903,0.569115,0.579831,0.551732,0.548765,0.542351,0.578768,0.658836,0.524124,0.648346,0.554564,0.598304,0.553996,0.608825,0.667556,0.606031,0.631589,0.658024,0.668152,0.517722,0.536505,0.533079,0.641832,0.507137,0.618261,0.623162,0.610170,0.555548,0.502604,0.600062,0.691850,0.626384,0.573710,0.602615,0.635083,0.637675,0.626303,0.556520,0.633231,0.547673,0.573778,#
4,0.540930,0.528062,0.579071,0.659984,1.000000,0.644679,0.602368,0.609757,0.588421,0.569577,0.465229,0.671190,0.580851,0.622719,0.525833,0.598946,0.685329,0.679894,0.636521,0.692024,0.702953,0.562602,0.510822,0.638092,0.541337,0.632635,0.611430,0.530776,0.563594,0.561550,0.644006,0.661437,0.672539,0.599811,0.562608,0.533744,0.609151,0.614475,0.621515,0.620917,0.594787,0.489732,0.569653,0.593436,0.553622,0.668286,0.603008,0.611944,0.596985,0.518243,0.575093,0.592545,0.648266,0.587646,0.646805,0.629788,0.538681,0.589289,0.611564,0.598613,0.559273,0.557635,0.595406,0.544121,0.646729,0.608024,0.551322,0.561308,0.487539,0.592879,0.569813,0.643100,0.615516,0.613478,0.611364,0.480196,0.514427,0.574213,0.596276,0.633884,0.561681,0.592340,0.633803,0.527064,0.612418,0.596133,0.582381,0.579592,0.567262,0.555996,0.622656,0.501044,0.591997,0.606363,0.572823,0.587409,0.534726,0.493663,0.547683,0.613983,0.659401,0.617612,0.600171,0.552761,0.583818,0.631771,0.582152,0.588307,0.653151,0.580047,0.543634,0.571011,0.538338,0.666284,0.558203,0.558426,0.606565,0.634957,0.534623,0.492326,0.508048,0.610419,0.660503,0.584880,0.610507,0.583347,0.557256,0.609217,0.665479,0.614839,0.631652,0.551566,0.610631,0.656081,0.694149,0.641134,0.566651,0.566442,0.574354,0.524208,0.476914,0.590992,0.632169,0.548633,0.569218,0.528157,0.601338,0.608582,0.532016,0.633056,0.600548,0.695896,0.554991,0.562327,0.690234,0.609985,0.680254,0.491298,0.598970,0.538865,0.556473,0.553487,0.672702,0.491884,0.506265,0.530243,0.527199,0.472027,0.598245,0.560008,0.548158,0.594164,0.685791,0.602854,0.641700,0.640979,0.690738,0.659296,0.536741,0.521650,0.578409,0.559659,0.557198,0.556687,0.646246,0.651739,0.498154,0.621648,0.572282,0.619148,0.455030,0.539778,0.551754,0.666262,0.545408,0.608047,0.534146,0.574750,0.638625,0.568453,#
5,0.572712,0.579627,0.580857,0.563436,0.644679,1.000000,0.492721,0.603168,0.618059,0.493447,0.557939,0.540781,0.472743,0.516619,0.521977,0.671627,0.624363,0.638589,0.476513,0.687494,0.593616,0.540662,0.531144,0.625411,0.530379,0.581652,0.670359,0.569668,0.554276,0.540529,0.675148,0.674249,0.631409,0.607046,0.526785,0.574347,0.543849,0.569421,0.598646,0.521048,0.631792,0.515967,0.508245,0.598015,0.591845,0.673327,0.644648,0.593916,0.639825,0.435463,0.594874,0.634043,0.578811,0.633292,0.499285,0.708543,0.627070,0.545012,0.694460,0.586240,0.591010,0.605008,0.623923,0.616191,0.654961,0.582412,0.525166,0.580951,0.522820,0.498834,0.569825,0.576376,0.634596,0.564705,0.561711,0.630294,0.592350,0.585581,0.584880,0.604574,0.661722,0.582762,0.609380,0.576111,0.523249,0.639282,0.641475,0.677099,0.605417,0.502754,0.524939,0.545498,0.652314,0.675487,0.587795,0.536692,0.534642,0.583339,0.683822,0.628699,0.616116,0.599795,0.597796,0.595635,0.579377,0.663435,0.564708,0.586845,0.587596,0.548977,0.496763,0.630534,0.518092,0.570539,0.536864,0.532226,0.587998,0.602345,0.512574,0.549478,0.518617,0.613958,0.580350,0.627975,0.547438,0.568922,0.620616,0.587927,0.520237,0.625702,0.642804,0.645799,0.664511,0.646699,0.619675,0.633882,0.642611,0.588654,0.558392,0.567635,0.547887,0.535357,0.598757,0.626934,0.624354,0.506751,0.498417,0.573603,0.620112,0.546014,0.609066,0.617406,0.528022,0.542216,0.619678,0.515080,0.708690,0.545566,0.616174,0.520169,0.567001,0.562519,0.609375,0.530369,0.608594,0.536498,0.451328,0.591545,0.597615,0.556548,0.648395,0.599275,0.571473,0.620483,0.629696,0.563222,0.604737,0.653012,0.549748,0.556672,0.646027,0.561850,0.572870,0.587381,0.659642,0.649114,0.586206,0.545149,0.499925,0.597446,0.468381,0.591886,0.531808,0.570792,0.459102,0.580778,0.491175,0.581034,0.549466,0.533410,#
6,0.598869,0.511735,0.558065,0.582388,0.602368,0.492721,1.000000,0.523275,0.584616,0.447174,0.469340,0.513480,0.555156,0.621526,0.424990,0.552850,0.604574,0.642075,0.580070,0.541716,0.677263,0.529416,0.413743,0.569652,0.517783,0.563865,0.566194,0.511013,0.504258,0.616389,0.554794,0.586730,0.553271,0.576028,0.596497,0.579277,0.483714,0.494484,0.535046,0.624139,0.542096,0.569085,0.585900,0.477670,0.610831,0.520084,0.567824,0.430333,0.650490,0.553211,0.577122,0.673117,0.618904,0.478155,0.640138,0.616938,0.573861,0.603447,0.604348,0.484217,0.544189,0.460436,0.500981,0.543149,0.688224,0.544670,0.660642,0.501391,0.531453,0.537027,0.498884,0.571921,0.549135,0.642877,0.548428,0.504808,0.497166,0.468430,0.549263,0.513026,0.542138,0.602959,0.575553,0.493386,0.507086,0.607099,0.569299,0.537493,0.577767,0.536933,0.527389,0.475318,0.490948,0.535485,0.532596,0.513746,0.600159,0.533267,0.526307,0.616837,0.572448,0.484338,0.586921,0.531919,0.543876,0.487653,0.580678,0.495376,0.524112,0.479333,0.476257,0.517413,0.429985,0.556425,0.560088,0.425263,0.616167,0.604659,0.547444,0.494348,0.547656,0.574739,0.569979,0.640347,0.664459,0.660474,0.527351,0.579500,0.440417,0.551085,0.560400,0.532173,0.613307,0.530454,0.592735,0.582383,0.588391,0.518453,0.632668,0.568144,0.581186,0.573555,0.548149,0.495860,0.479832,0.563320,0.485595,0.559291,0.516266,0.500510,0.619920,0.645781,0.509263,0.482896,0.582430,0.518704,0.572376,0.558933,0.633141,0.521715,0.519228,0.573950,0.580212,0.537642,0.534925,0.555461,0.619854,0.442242,0.565621,0.472024,0.589753,0.524562,0.511125,0.514748,0.535837,0.604072,0.597372,0.564953,0.541309,0.493232,0.554010,0.477004,0.558174,0.618734,0.551745,0.573204,0.463837,0.576424,0.425242,0.541827,0.416401,0.573415,0.546001,0.634433,0.577446,0.499867,0.505901,0.626769,0.585000,0.541450,#
7,0.591724,0.611560,0.573989,0.611220,0.609757,0.603168,0.523275,1.000000,0.735899,0.577889,0.592464,0.602071,0.558774,0.613190,0.610411,0.564777,0.638229,0.606214,0.622401,0.589037,0.629514,0.585300,0.705148,0.636125,0.619529,0.620884,0.593751,0.598030,0.593437,0.585789,0.530722,0.684204,0.564450,0.647171,0.561448,0.542092,0.616904,0.573802,0.632291,0.595738,0.578476,0.548372,0.592260,0.618362,0.608103,0.616618,0.616693,0.629495,0.560527,0.509801,0.661305,0.643613,0.597234,0.654447,0.599881,0.626763,0.583524,0.663934,0.568255,0.569126,0.549123,0.575274,0.626288,0.547092,0.665129,0.621791,0.589551,0.613106,0.606418,0.642649,0.577199,0.456656,0.706388,0.615192,0.654289,0.554737,0.598466,0.530797,0.644003,0.587569,0.616654,0.617916,0.633458,0.553613,0.612728,0.607449,0.688327,0.638449,0.560708,0.577030,0.563316,0.600399,0.578853,0.613771,0.674090,0.520802,0.570003,0.623250,0.630074,0.630470,0.655471,0.558750,0.592942,0.587599,0.622836,0.644052,0.567095,0.601556,0.595993,0.481156,0.665155,0.554097,0.594134,0.609162,0.638246,0.601849,0.557464,0.539045,0.519157,0.666643,0.566247,0.623558,0.578762,0.681181,0.687629,0.590550,0.608264,0.690994,0.518786,0.530063,0.566656,0.525193,0.654723,0.545416,0.656000,0.701878,0.599209,0.611878,0.542208,0.640578,0.581045,0.606673,0.662569,0.534185,0.587518,0.583665,0.568363,0.544950,0.644795,0.608165,0.565177,0.619379,0.617987,0.633296,0.633352,0.659942,0.622276,0.623631,0.615283,0.590749,0.631534,0.539293,0.679885,0.515379,0.557208,0.609130,0.595340,0.492887,0.607201,0.526323,0.690256,0.637259,0.608244,0.665242,0.607129,0.621510,0.631053,0.619052,0.511928,0.553349,0.620010,0.559063,0.548020,0.575112,0.593089,0.665291,0.523604,0.482916,0.567575,0.659203,0.567892,0.616524,0.547742,0.537180,0.580190,0.569887,0.540177,0.649805,0.609880,0.585367,#
8,0.556076,0.667614,0.638384,0.697947,0.588421,0.618059,0.584616,0.735899,1.000000,0.620397,0.564556,0.613764,0.590961,0.645502,0.597424,0.640414,0.585423,0.648749,0.586438,0.652238,0.607086,0.689071,0.645694,0.590622,0.472155,0.665650,0.622087,0.678014,0.621412,0.643979,0.600614,0.651319,0.602665,0.642020,0.547269,0.608427,0.592727,0.607221,0.622910,0.624526,0.574176,0.635705,0.661384,0.578203,0.607466,0.557175,0.577959,0.597016,0.626559,0.575503,0.657882,0.693726,0.574484,0.667746,0.643149,0.710067,0.602378,0.676542,0.582375,0.578197,0.647719,0.566190,0.678898,0.591963,0.670715,0.652272,0.619285,0.605225,0.626431,0.669808,0.602381,0.578668,0.703851,0.705844,0.618469,0.597779,0.578148,0.588406,0.610277,0.654942,0.637231,0.628642,0.658873,0.563404,0.606569,0.651842,0.599880,0.637211,0.519288,0.571836,0.607068,0.591280,0.639672,0.624160,0.683953,0.593426,0.591689,0.611486,0.659112,0.593645,0.642410,0.596091,0.630686,0.637352,0.616224,0.645400,0.621724,0.664200,0.594128,0.565547,0.622132,0.616451,0.613833,0.625685,0.667637,0.641892,0.590706,0.584589,0.573135,0.655342,0.574090,0.589017,0.633384,0.644852,0.644209,0.680649,0.607784,0.672062,0.572787,0.605311,0.585335,0.548284,0.684882,0.669169,0.731192,0.639463,0.584155,0.597178,0.525353,0.654544,0.563890,0.671755,0.696412,0.596218,0.603390,0.575733,0.616739,0.568559,0.626643,0.581861,0.625820,0.637515,0.621777,0.711184,0.656497,0.631165,0.651478,0.645582,0.661301,0.675044,0.593170,0.586859,0.677579,0.620237,0.615949,0.559739,0.597588,0.548269,0.665658,0.633388,0.680434,0.624668,0.618823,0.635286,0.685283,0.612596,0.604213,0.698157,0.557052,0.486098,0.616931,0.635831,0.495666,0.710809,0.662639,0.664927,0.590085,0.516913,0.574968,0.636834,0.609440,0.589804,0.655756,0.620500,0.588115,0.619756,0.599222,0.623562,0.641915,0.629616,#
9,0.506929,0.558222,0.534440,0.623295,0.569577,0.493447,0.447174,0.577889,0.620397,1.000000,0.505423,0.442985,0.499079,0.538191,0.560587,0.526136,0.529639,0.523460,0.603736,0.578773,0.645396,0.539099,0.601090,0.629241,0.466984,0.552754,0.560854,0.628227,0.509499,0.606149,0.509882,0.576965,0.575070,0.592550,0.578669,0.514537,0.490129,0.476848,0.586965,0.575485,0.605177,0.562220,0.555781,0.510948,0.568238,0.516787,0.507136,0.510449,0.472124,0.406037,0.483017,0.579729,0.465491,0.511011,0.558467,0.596193,0.544698,0.587993,0.554870,0.537472,0.549968,0.459241,0.562163,0.548536,0.627001,0.638279,0.580799,0.549949,0.537813,0.485690,0.560197,0.495374,0.546969,0.538552,0.604171,0.540422,0.406165,0.585050,0.555320,0.618406,0.525190,0.541454,0.508346,0.528202,0.571242,0.512049,0.535305,0.610250,0.495169,0.418955,0.526547,0.536507,0.587259,0.548062,0.572873,0.504009,0.497430,0.576800,0.571101,0.509017,0.579392,0.502377,0.530680,0.516284,0.595285,0.601396,0.533158,0.519244,0.587285,0.548481,0.588246,0.567564,0.624017,0.596992,0.472994,0.596408,0.398295,0.521152,0.426046,0.446506,0.490355,0.534937,0.589171,0.578565,0.561018,0.519646,0.566080,0.516369,0.565276,0.513465,0.499616,0.556416,0.605883,0.650586,0.583130,0.566692,0.479846,0.524817,0.469347,0.607912,0.444226,0.655802,0.583521,0.549879,0.519998,0.490150,0.516463,0.548623,0.474753,0.450694,0.485396,0.504108,0.525722,0.545629,0.577117,0.529634,0.569404,0.554793,0.576352,0.557731,0.530502,0.506207,0.571377,0.566066,0.495375,0.523151,0.485275,0.519692,0.618397,0.476473,0.593680,0.622903,0.525786,0.583452,0.588151,0.667364,0.535797,0.599593,0.481997,0.555995,0.538981,0.455529,0.501587,0.562162,0.545258,0.688965,0.434338,0.438423,0.639590,0.530067,0.517578,0.561465,0.521030,0.521827,0.491176,0.479646,0.462325,0.561116,0.505533,0.477703,#
10,0.603703,0.597007,0.553401,0.613898,0.465229,0.557939,0.469340,0.592464,0.564556,0.505423,1.000000,0.528017,0.386254,0.506222,0.421998,0.566308,0.524669,0.498396,0.536779,0.536265,0.548331,0.448029,0.534743,0.601136,0.452510,0.519458,0.522259,0.627520,0.513919,0.572938,0.514559,0.600303,0.519764,0.598124,0.541628,0.552391,0.499763,0.556952,0.568160,0.481167,0.548122,0.509212,0.492490,0.491625,0.527154,0.587009,0.571256,0.595011,0.604939,0.563751,0.445520,0.597570,0.584595,0.489776,0.570745,0.533186,0.575327,0.550310,0.491077,0.491450,0.539157,0.495662,0.623721,0.576816,0.623622,0.475241,0.495789,0.438282,0.477057,0.543047,0.443723,0.564370,0.614879,0.492912,0.490847,0.561371,0.499382,0.545109,0.556931,0.498341,0.615650,0.575381,0.567100,0.528407,0.536386,0.504179,0.607195,0.641027,0.530216,0.571021,0.543035,0.570708,0.578653,0.586743,0.549416,0.551955,0.385171,0.483048,0.674995,0.667691,0.578753,0.500734,0.491060,0.580645,0.663027,0.518116,0.488316,0.599961,0.572193,0.520641,0.517054,0.492369,0.488751,0.532211,0.502928,0.600753,0.419197,0.522497,0.550789,0.541618,0.520578,0.626371,0.438526,0.543645,0.461267,0.573733,0.640390,0.602423,0.514196,0.492242,0.428038,0.496062,0.559140,0.524239,0.583792,0.619970,0.471038,0.533774,0.466462,0.598233,0.629023,0.503735,0.482090,0.535574,0.460958,0.415799,0.426350,0.484322,0.526830,0.445305,0.531908,0.560154,0.604798,0.497209,0.552710,0.495993,0.665339,0.574688,0.576211,0.512923,0.624171,0.514510,0.557907,0.506915,0.466620,0.517841,0.602524,0.525932,0.612726,0.523526,0.592977,0.502100,0.472393,0.557874,0.542816,0.539144,0.629122,0.647475,0.393965,0.564799,0.511220,0.433498,0.565594,0.524883,0.518664,0.544334,0.407595,0.470154,0.480397,0.614265,0.503238,0.532395,0.544117,0.542558,0.567924,0.525855,0.438470,0.638082,0.523525,0.580495,#
11,0.578700,0.564660,0.511579,0.582588,0.671190,0.540781,0.513480,0.602071,0.613764,0.442985,0.528017,1.000000,0.587062,0.547127,0.487612,0.508401,0.560623,0.657354,0.608677,0.558333,0.577465,0.526333,0.521131,0.510988,0.483794,0.597762,0.492354,0.558511,0.559715,0.507322,0.543091,0.593554,0.593019,0.602402,0.500097,0.501847,0.605193,0.586479,0.511318,0.637022,0.525910,0.541487,0.580840,0.521835,0.508572,0.591367,0.677912,0.541578,0.528190,0.534514,0.562466,0.581554,0.609795,0.603876,0.605490,0.599471,0.476136,0.567602,0.527442,0.510222,0.471045,0.466889,0.626950,0.497474,0.615435,0.544899,0.569748,0.534431,0.559682,0.632184,0.583457,0.583947,0.593315,0.598791,0.565966,0.444210,0.581870,0.559977,0.523061,0.443561,0.592282,0.559705,0.597868,0.474011,0.591325,0.522890,0.540175,0.551974,0.524495,0.485549,0.601986,0.557744,0.542856,0.524048,0.579791,0.632316,0.517819,0.503910,0.540317,0.554952,0.522136,0.561626,0.526087,0.549602,0.632863,0.642780,0.505251,0.597687,0.619158,0.557279,0.619398,0.588125,0.586811,0.561418,0.444538,0.583527,0.492602,0.606913,0.481641,0.592491,0.451007,0.588149,0.571774,0.568883,0.623412,0.546622,0.546893,0.529772,0.586918,0.581368,0.587694,0.512915,0.596321,0.614175,0.605063,0.596625,0.551324,0.538955,0.520963,0.576273,0.566173,0.501541,0.559317,0.580087,0.591579,0.427066,0.578352,0.548509,0.515720,0.585640,0.535122,0.576209,0.549148,0.565462,0.650153,0.514917,0.614978,0.545920,0.611050,0.496565,0.473849,0.547147,0.599829,0.491445,0.592368,0.399646,0.575165,0.445739,0.603270,0.571231,0.557070,0.525984,0.577576,0.619897,0.520472,0.587151,0.583069,0.582214,0.432143,0.538061,0.549832,0.498706,0.573268,0.523223,0.649816,0.515355,0.443898,0.562776,0.548336,0.594238,0.540729,0.578963,0.590795,0.572379,0.546702,0.555261,0.508033,0.592855,0.520401,0.561332,#
12,0.511426,0.544058,0.454099,0.519187,0.580851,0.472743,0.555156,0.558774,0.590961,0.499079,0.386254,0.587062,1.000000,0.565420,0.541454,0.474680,0.594502,0.603062,0.576772,0.588510,0.564163,0.501936,0.575572,0.565736,0.496204,0.530333,0.506228,0.529472,0.637278,0.477178,0.512691,0.534823,0.591799,0.550611,0.520681,0.543004,0.513577,0.489641,0.531227,0.591479,0.423913,0.418756,0.528229,0.648470,0.497289,0.545747,0.597219,0.456559,0.522152,0.457823,0.630642,0.559336,0.529718,0.563968,0.608726,0.565762,0.463882,0.560922,0.508415,0.418115,0.444372,0.493913,0.465666,0.496572,0.633326,0.571992,0.499162,0.454199,0.538328,0.539568,0.528068,0.483013,0.582774,0.564968,0.625161,0.559664,0.554386,0.505805,0.526381,0.552213,0.545009,0.521472,0.599296,0.507590,0.454925,0.566988,0.537729,0.543737,0.559923,0.472104,0.511721,0.479547,0.549512,0.428153,0.484327,0.585841,0.674403,0.611810,0.490021,0.504106,0.440381,0.528482,0.550954,0.607421,0.504662,0.547126,0.436453,0.464740,0.554767,0.488956,0.573808,0.485897,0.498170,0.552506,0.624797,0.493231,0.495283,0.473333,0.505321,0.454631,0.479905,0.532377,0.530285,0.617569,0.579978,0.561989,0.474189,0.433968,0.455437,0.531463,0.498137,0.472044,0.499506,0.525266,0.543572,0.556358,0.508209,0.582771,0.558937,0.468669,0.567442,0.650274,0.562128,0.534375,0.534030,0.508242,0.558213,0.519948,0.552005,0.632152,0.478699,0.614311,0.533369,0.463416,0.554224,0.609249,0.632871,0.538146,0.582031,0.520645,0.549991,0.583053,0.605307,0.497477,0.588671,0.419669,0.528398,0.577534,0.456098,0.420059,0.576888,0.557702,0.544389,0.564262,0.501971,0.510712,0.621348,0.628337,0.476686,0.390966,0.502065,0.532227,0.525441,0.527946,0.439335,0.584098,0.497729,0.575753,0.510755,0.511290,0.470425,0.488317,0.471852,0.568725,0.448226,0.541004,0.489379,0.559267,0.567182,0.421819,#
13,0.562390,0.498385,0.588905,0.622450,0.622719,0.516619,0.621526,0.613190,0.645502,0.538191,0.506222,0.547127,0.565420,1.000000,0.463541,0.560469,0.573338,0.643816,0.624352,0.575288,0.630489,0.566221,0.633748,0.584402,0.503669,0.591315,0.530987,0.655699,0.610492,0.634994,0.482631,0.614171,0.651036,0.653335,0.472342,0.518901,0.576098,0.605029,0.583100,0.594646,0.657828,0.564526,0.608898,0.581978,0.657404,0.584186,0.575801,0.588121,0.652399,0.510482,0.610351,0.725028,0.548181,0.594279,0.642517,0.674082,0.568321,0.608990,0.578276,0.551125,0.591183,0.523411,0.574532,0.614627,0.653963,0.588373,0.583923,0.521473,0.589230,0.540300,0.502975,0.565220,0.531090,0.693787,0.632978,0.574226,0.522977,0.535045,0.598109,0.613518,0.608630,0.591974,0.680915,0.534976,0.551465,0.589288,0.535402,0.515990,0.626191,0.566043,0.569122,0.555986,0.611774,0.601604,0.590171,0.516532,0.578105,0.535479,0.561480,0.669327,0.572751,0.548650,0.546937,0.696137,0.618540,0.682606,0.518466,0.612374,0.608025,0.507222,0.607338,0.605059,0.553847,0.627701,0.617369,0.602733,0.490307,0.683061,0.568024,0.614067,0.542485,0.604087,0.508194,0.568767,0.611738,0.522760,0.587052,0.499880,0.535246,0.569356,0.565508,0.543634,0.595453,0.591483,0.679467,0.629435,0.544503,0.595275,0.652186,0.546714,0.467362,0.667633,0.679306,0.556051,0.505269,0.556981,0.611250,0.609394,0.600816,0.591911,0.542757,0.651571,0.536620,0.609922,0.601126,0.608831,0.621914,0.571662,0.670976,0.539432,0.628520,0.591244,0.586907,0.586736,0.549824,0.553389,0.586034,0.542126,0.650811,0.482796,0.613524,0.634530,0.662623,0.576745,0.643523,0.610082,0.626273,0.712019,0.570407,0.525118,0.556285,0.566917,0.590391,0.607033,0.601518,0.637560,0.518242,0.573014,0.487607,0.554467,0.555062,0.577519,0.602097,0.632746,0.623057,0.502029,0.558299,0.597336,0.607059,0.553489,#
14,0.500217,0.486475,0.493835,0.533679,0.525833,0.521977,0.424990,0.610411,0.597424,0.560587,0.421998,0.487612,0.541454,0.463541,1.000000,0.559667,0.527559,0.436118,0.510047,0.494534,0.558455,0.498619,0.471530,0.579439,0.462397,0.429698,0.508823,0.532726,0.574428,0.537342,0.507828,0.595067,0.521267,0.546116,0.515806,0.456421,0.469330,0.518440,0.557536,0.436836,0.406151,0.456793,0.545786,0.542589,0.520227,0.508290,0.478508,0.450553,0.385947,0.378877,0.492934,0.517249,0.423669,0.614273,0.511977,0.526715,0.521244,0.516139,0.539379,0.438518,0.514451,0.513303,0.527683,0.490700,0.512847,0.440181,0.422969,0.456775,0.470131,0.581868,0.463971,0.456363,0.548577,0.502648,0.582663,0.469484,0.558198,0.486476,0.461866,0.404217,0.547466,0.552726,0.562331,0.539005,0.484389,0.509662,0.501497,0.576316,0.527915,0.397280,0.431059,0.375861,0.552513,0.587031,0.523947,0.492962,0.649627,0.515443,0.555994,0.447467,0.510859,0.508438,0.541412,0.423042,0.521231,0.538423,0.426898,0.454013,0.484349,0.466234,0.568684,0.505695,0.531165,0.526757,0.473934,0.533234,0.431382,0.486533,0.410145,0.488364,0.490898,0.546613,0.494812,0.535416,0.588995,0.390543,0.495795,0.607161,0.417893,0.514087,0.437100,0.469885,0.523651,0.536270,0.526575,0.561442,0.421745,0.495830,0.490973,0.533533,0.443346,0.526848,0.450553,0.507091,0.454115,0.549919,0.562066,0.511100,0.524345,0.399845,0.481652,0.479957,0.439611,0.467515,0.573008,0.502723,0.544393,0.506898,0.472730,0.502663,0.493677,0.451483,0.551941,0.438981,0.394117,0.439520,0.466242,0.464575,0.438392,0.536953,0.503252,0.497265,0.543675,0.594818,0.491643,0.569933,0.548003,0.585268,0.416891,0.397225,0.540893,0.586247,0.493962,0.502362,0.467739,0.497808,0.468712,0.393739,0.443140,0.520556,0.348171,0.456878,0.553819,0.570329,0.472557,0.492227,0.461664,0.465700,0.458892,0.376198,#
15,0.606102,0.568369,0.585711,0.592268,0.598946,0.671627,0.552850,0.564777,0.640414,0.526136,0.566308,0.508401,0.474680,0.560469,0.559667,1.000000,0.569147,0.619696,0.582550,0.600848,0.586168,0.547275,0.532149,0.591854,0.532028,0.587449,0.567232,0.541261,0.565755,0.632547,0.572352,0.644552,0.565755,0.618452,0.517156,0.631473,0.601087,0.526041,0.663489,0.547803,0.549666,0.540287,0.578660,0.501338,0.632601,0.549166,0.598681,0.638265,0.595832,0.521152,0.523875,0.702672,0.571350,0.539118,0.611492,0.577328,0.616701,0.531809,0.568397,0.525070,0.642616,0.490644,0.573867,0.627583,0.605848,0.628735,0.535495,0.504361,0.500465,0.455919,0.554490,0.496474,0.518885,0.560760,0.584103,0.518926,0.547720,0.545693,0.583858,0.554770,0.661923,0.599773,0.547680,0.551648,0.630673,0.621605,0.551420,0.659551,0.528265,0.494459,0.550530,0.483889,0.577856,0.574896,0.502798,0.542949,0.524733,0.532697,0.535578,0.564313,0.643667,0.485542,0.629885,0.576956,0.533504,0.601276,0.593170,0.584490,0.535408,0.574118,0.487418,0.550201,0.567738,0.576517,0.493871,0.565224,0.536293,0.593816,0.518853,0.528210,0.528254,0.542875,0.559462,0.561254,0.525621,0.591912,0.632746,0.578116,0.546877,0.662775,0.477437,0.484995,0.574297,0.555656,0.584876,0.562532,0.490224,0.478532,0.581314,0.591078,0.507451,0.538363,0.554836,0.502539,0.524622,0.507771,0.535644,0.530607,0.549464,0.484410,0.595750,0.548425,0.648145,0.545831,0.582950,0.530359,0.678339,0.561106,0.564394,0.576215,0.504427,0.584909,0.670568,0.405815,0.578202,0.558779,0.596244,0.615764,0.625767,0.478436,0.512975,0.653366,0.478448,0.633575,0.549586,0.648655,0.609598,0.642907,0.544203,0.500298,0.544403,0.534512,0.514222,0.625325,0.571190,0.611314,0.432310,0.506460,0.460568,0.588638,0.465051,0.562016,0.578195,0.591056,0.534364,0.563415,0.565621,0.623644,0.596895,0.559499,#
16,0.661518,0.573556,0.507848,0.571958,0.685329,0.624363,0.604574,0.638229,0.585423,0.529639,0.524669,0.560623,0.594502,0.573338,0.527559,0.569147,1.000000,0.623268,0.588609,0.632838,0.702892,0.594239,0.438788,0.612513,0.555780,0.652964,0.641921,0.477438,0.549557,0.596090,0.600188,0.679246,0.663402,0.614255,0.561229,0.570360,0.604601,0.536446,0.611020,0.621680,0.550766,0.582099,0.593273,0.549580,0.563174,0.642517,0.553920,0.538593,0.599772,0.569329,0.557140,0.601717,0.622010,0.689301,0.666598,0.669591,0.491567,0.606235,0.620748,0.495077,0.512533,0.596640,0.568441,0.571459,0.640927,0.543575,0.549293,0.609909,0.629930,0.679694,0.508041,0.539646,0.661805,0.639966,0.616820,0.548627,0.564239,0.583802,0.618367,0.640285,0.632210,0.605714,0.611858,0.629559,0.594138,0.609063,0.657949,0.611819,0.621727,0.572632,0.567158,0.517837,0.630678,0.617991,0.593683,0.671798,0.584530,0.549866,0.634920,0.603942,0.548598,0.504465,0.615711,0.607941,0.542055,0.717776,0.601654,0.558379,0.663127,0.551616,0.637191,0.621873,0.612175,0.624472,0.617721,0.620111,0.648167,0.635697,0.579454,0.505920,0.538488,0.675641,0.616021,0.626199,0.653096,0.649912,0.631401,0.536749,0.558723,0.551823,0.645336,0.540056,0.654165,0.527882,0.667460,0.678116,0.548237,0.560115,0.569038,0.642869,0.578871,0.616931,0.586872,0.603282,0.538117,0.504861,0.575500,0.574554,0.598082,0.619710,0.542642,0.717329,0.560683,0.521375,0.701635,0.624709,0.682258,0.580777,0.609539,0.602140,0.531542,0.588194,0.696611,0.528967,0.541735,0.600937,0.593850,0.622136,0.605748,0.506961,0.609737,0.624026,0.584356,0.591817,0.565992,0.624098,0.565288,0.660704,0.575211,0.490757,0.572692,0.536375,0.588504,0.551284,0.645091,0.691821,0.544348,0.627143,0.562213,0.599488,0.594736,0.560407,0.584886,0.610671,0.540321,0.586345,0.527056,0.612554,0.605842,0.586644,#
17,0.603918,0.560392,0.590065,0.604676,0.679894,0.638589,0.642075,0.606214,0.648749,0.523460,0.498396,0.657354,0.603062,0.643816,0.436118,0.619696,0.623268,1.000000,0.539252,0.637402,0.636823,0.563227,0.552523,0.656689,0.631082,0.655973,0.620220,0.568437,0.556179,0.617507,0.621543,0.644449,0.550917,0.590282,0.546069,0.648214,0.557899,0.586661,0.656593,0.636806,0.633863,0.590227,0.644059,0.576053,0.552433,0.583534,0.604129,0.659502,0.640191,0.538475,0.603479,0.637005,0.617910,0.582338,0.630546,0.677476,0.552873,0.545017,0.617989,0.467536,0.576065,0.523219,0.537469,0.584977,0.628357,0.693380,0.645094,0.582927,0.566378,0.555488,0.572970,0.589468,0.563755,0.586217,0.580659,0.557763,0.594118,0.594209,0.554087,0.634440,0.631233,0.612294,0.672254,0.544294,0.546747,0.590250,0.689158,0.598266,0.576489,0.577808,0.618763,0.498095,0.613771,0.592655,0.541702,0.644644,0.605269,0.522984,0.498981,0.647220,0.632552,0.462726,0.568553,0.621639,0.547872,0.591621,0.601915,0.615322,0.576803,0.559279,0.575575,0.592519,0.499939,0.655384,0.613977,0.529470,0.523536,0.631517,0.495549,0.552013,0.557897,0.581700,0.568431,0.629157,0.640722,0.658040,0.619415,0.545520,0.534219,0.608333,0.683640,0.643330,0.666418,0.581260,0.552819,0.654816,0.578321,0.594308,0.674593,0.649549,0.590553,0.628807,0.692785,0.576615,0.621461,0.562324,0.593204,0.641853,0.611850,0.504164,0.645924,0.610272,0.572152,0.563391,0.664072,0.654620,0.721219,0.578001,0.648077,0.522911,0.553890,0.555312,0.714544,0.547994,0.623825,0.554478,0.515912,0.530924,0.625261,0.504825,0.659692,0.561497,0.582517,0.605179,0.623537,0.592586,0.650178,0.662595,0.529465,0.577407,0.616166,0.643932,0.599483,0.622011,0.666328,0.609131,0.532969,0.642095,0.508731,0.569515,0.510215,0.614473,0.599277,0.662733,0.613474,0.669094,0.516266,0.692813,0.550434,0.585647,#
18,0.597172,0.555896,0.538976,0.691680,0.636521,0.476513,0.580070,0.622401,0.586438,0.603736,0.536779,0.608677,0.576772,0.624352,0.510047,0.582550,0.588609,0.539252,1.000000,0.639124,0.606309,0.585270,0.559882,0.556626,0.563122,0.605530,0.562825,0.599792,0.591918,0.590579,0.496579,0.630456,0.595149,0.614016,0.570161,0.611844,0.551717,0.543578,0.587381,0.589800,0.621347,0.454070,0.567435,0.533196,0.646317,0.551702,0.613822,0.602002,0.516898,0.460380,0.525947,0.615784,0.659739,0.532064,0.640207,0.607352,0.541889,0.645431,0.534722,0.563736,0.592852,0.460942,0.582759,0.530247,0.694220,0.544667,0.528479,0.511524,0.441071,0.582685,0.549461,0.505586,0.611413,0.590626,0.605836,0.482696,0.607091,0.529995,0.636564,0.566465,0.579864,0.550857,0.608549,0.569293,0.578967,0.562975,0.603893,0.613173,0.572158,0.521670,0.585954,0.488038,0.607512,0.588903,0.646910,0.526468,0.571087,0.559775,0.578192,0.603569,0.625365,0.520808,0.574396,0.605601,0.628155,0.638071,0.510894,0.531715,0.580858,0.492963,0.641833,0.499798,0.638802,0.647502,0.492439,0.500068,0.492604,0.545805,0.497065,0.501033,0.539068,0.668247,0.573752,0.517411,0.575000,0.538779,0.562863,0.566483,0.611705,0.506574,0.533223,0.559645,0.573125,0.568266,0.610592,0.670132,0.557640,0.604875,0.574821,0.573749,0.510543,0.648156,0.560961,0.615757,0.528593,0.594269,0.599429,0.525117,0.519667,0.556147,0.490282,0.692301,0.589404,0.524403,0.589481,0.570611,0.613337,0.612416,0.617537,0.554662,0.573413,0.537319,0.635815,0.537138,0.569812,0.601436,0.670692,0.527568,0.564895,0.509735,0.566134,0.635599,0.609903,0.580636,0.534738,0.630332,0.601953,0.656211,0.486171,0.607338,0.539886,0.522845,0.498673,0.582975,0.569134,0.592643,0.546319,0.528060,0.531947,0.570904,0.563158,0.539178,0.540925,0.655775,0.606251,0.580744,0.511307,0.611945,0.584970,0.527828,#
19,0.611766,0.562310,0.573942,0.609638,0.692024,0.687494,0.541716,0.589037,0.652238,0.578773,0.536265,0.558333,0.588510,0.575288,0.494534,0.600848,0.632838,0.637402,0.639124,1.000000,0.608633,0.544761,0.556099,0.603444,0.518188,0.551236,0.647573,0.545730,0.596567,0.612221,0.618853,0.685676,0.567998,0.594397,0.477348,0.588748,0.576828,0.544601,0.626060,0.580547,0.581395,0.514532,0.563786,0.553123,0.598309,0.573642,0.635831,0.607593,0.639473,0.430741,0.515629,0.608475,0.537960,0.597477,0.593707,0.579251,0.628139,0.596875,0.597399,0.496831,0.624212,0.610357,0.631367,0.594363,0.646580,0.574416,0.522574,0.542231,0.511642,0.582241,0.594667,0.514922,0.627213,0.616943,0.608169,0.494513,0.577735,0.526401,0.627172,0.584892,0.581951,0.518432,0.645176,0.564457,0.538173,0.581476,0.591234,0.686034,0.617069,0.446104,0.584909,0.489816,0.637806,0.551346,0.570887,0.567508,0.582741,0.556239,0.564207,0.634512,0.653564,0.562461,0.595480,0.601029,0.568637,0.651273,0.591552,0.615498,0.595083,0.493087,0.524082,0.552629,0.570252,0.611997,0.561801,0.526061,0.617871,0.612447,0.497499,0.467840,0.498490,0.638279,0.564488,0.632397,0.651551,0.566880,0.661123,0.578465,0.607052,0.641693,0.584601,0.570285,0.589890,0.604176,0.653816,0.624790,0.588519,0.563422,0.535642,0.603597,0.545889,0.567852,0.585771,0.569221,0.581679,0.510279,0.569438,0.494482,0.628589,0.557833,0.546546,0.691491,0.566317,0.527909,0.635270,0.620883,0.686987,0.619196,0.633570,0.600255,0.632750,0.561567,0.607916,0.464399,0.621393,0.563672,0.471151,0.583410,0.605019,0.543932,0.629750,0.661939,0.635136,0.593308,0.631548,0.608262,0.629319,0.713814,0.547155,0.479254,0.498662,0.608636,0.593501,0.674258,0.661707,0.591131,0.520357,0.611358,0.585642,0.583202,0.550715,0.605789,0.542361,0.671381,0.537983,0.676193,0.469704,0.537761,0.596310,0.518024,#
20,0.593384,0.558446,0.562564,0.623360,0.702953,0.593616,0.677263,0.629514,0.607086,0.645396,0.548331,0.577465,0.564163,0.630489,0.558455,0.586168,0.702892,0.636823,0.606309,0.608633,1.000000,0.623186,0.509618,0.613230,0.565138,0.671628,0.654998,0.597822,0.577831,0.662579,0.578183,0.629200,0.614018,0.691011,0.619554,0.662327,0.601390,0.574551,0.637483,0.661384,0.578531,0.665878,0.564074,0.626555,0.670404,0.603601,0.614462,0.553267,0.566028,0.538302,0.557305,0.667661,0.592039,0.663314,0.636737,0.661170,0.594151,0.644050,0.635571,0.551486,0.609527,0.543575,0.659043,0.574105,0.708696,0.602570,0.635039,0.541870,0.565928,0.614993,0.612525,0.596053,0.577010,0.631493,0.645040,0.505638,0.533290,0.577437,0.603487,0.626890,0.590062,0.677323,0.656249,0.582144,0.560886,0.604603,0.655029,0.606178,0.597906,0.611679,0.629289,0.582343,0.589105,0.648696,0.679154,0.554940,0.536305,0.549304,0.587942,0.607908,0.666954,0.562465,0.669792,0.636978,0.665445,0.581519,0.625205,0.644857,0.593271,0.657524,0.622034,0.639754,0.545681,0.566486,0.590847,0.545548,0.601898,0.685416,0.480817,0.552792,0.626044,0.626993,0.577896,0.711616,0.637080,0.647378,0.619150,0.562304,0.622422,0.631868,0.648850,0.544946,0.656039,0.688207,0.684154,0.613317,0.518948,0.595592,0.630835,0.688997,0.554302,0.624018,0.606138,0.612519,0.585181,0.560006,0.595571,0.587769,0.602566,0.648002,0.624464,0.662417,0.644107,0.603174,0.706252,0.623466,0.656242,0.565277,0.643699,0.619797,0.576769,0.640326,0.644107,0.581735,0.629218,0.473785,0.556175,0.542213,0.659957,0.547045,0.644367,0.584159,0.692013,0.593389,0.576022,0.639648,0.586569,0.661608,0.575815,0.586597,0.591337,0.567174,0.615453,0.610543,0.592957,0.677377,0.511783,0.639917,0.518472,0.571642,0.453152,0.539061,0.564815,0.708283,0.583147,0.503457,0.554970,0.617751,0.628633,0.596706,#
21,0.482729,0.632046,0.541987,0.594971,0.562602,0.540662,0.529416,0.585300,0.689071,0.539099,0.448029,0.526333,0.501936,0.566221,0.498619,0.547275,0.594239,0.563227,0.585270,0.544761,0.623186,1.000000,0.509736,0.610209,0.463540,0.541964,0.606618,0.501468,0.523745,0.561805,0.568421,0.543355,0.621618,0.616078,0.588208,0.619919,0.570259,0.594006,0.646244,0.545395,0.557283,0.578307,0.531744,0.534653,0.587555,0.522991,0.526027,0.561270,0.526489,0.394207,0.509551,0.630877,0.502057,0.512252,0.630028,0.611952,0.569437,0.548260,0.582015,0.389200,0.586406,0.470115,0.574230,0.455442,0.678830,0.540967,0.558374,0.554821,0.526149,0.546739,0.542821,0.566012,0.563207,0.581966,0.655380,0.544587,0.446393,0.512531,0.546390,0.593061,0.538691,0.583198,0.597891,0.479180,0.619905,0.568868,0.563448,0.602960,0.555491,0.557523,0.510682,0.403379,0.578682,0.550648,0.599663,0.513041,0.553434,0.489074,0.509630,0.571294,0.576278,0.551088,0.585810,0.526206,0.497433,0.636538,0.499199,0.477519,0.589054,0.575837,0.575759,0.542068,0.526518,0.600303,0.471724,0.481850,0.574244,0.594264,0.421880,0.532152,0.535403,0.596913,0.557241,0.596010,0.606781,0.526033,0.564152,0.613388,0.540542,0.574087,0.620414,0.574094,0.643357,0.566406,0.614254,0.544463,0.412921,0.463151,0.572786,0.630509,0.531745,0.599522,0.568583,0.539364,0.512243,0.556826,0.572151,0.553190,0.487287,0.529488,0.617628,0.614075,0.537727,0.590450,0.615889,0.571430,0.579156,0.513658,0.582783,0.553196,0.521439,0.536475,0.650812,0.567471,0.631060,0.456899,0.584537,0.549408,0.477828,0.518393,0.594522,0.475171,0.530544,0.499570,0.552175,0.580357,0.486058,0.635956,0.469579,0.480281,0.531487,0.558022,0.440900,0.589517,0.579960,0.651012,0.532841,0.423890,0.445045,0.575283,0.512406,0.495480,0.557488,0.597715,0.588091,0.539421,0.572016,0.635623,0.526353,0.532392,#
