0,1.000000,0.665214,0.636830,0.626755,0.611566,0.666890,0.680062,0.659946,0.654207,0.604923,0.691929,0.661196,0.598020,0.644336,0.581859,0.683867,0.724544,0.683104,0.672707,0.632522,0.661578,0.587399,0.652000,0.710595,0.573972,0.627809,0.616952,0.600047,0.605894,0.666368,0.603711,0.702713,0.628097,0.647992,0.689929,0.599569,0.591226,0.632005,0.667130,0.661664,0.667034,0.600835,0.700894,0.563874,0.687781,0.619485,0.612446,0.671130,0.689646,0.647307,0.658627,0.717904,0.663955,0.680095,0.689387,0.698010,0.663801,0.711131,0.672912,0.650677,0.694883,0.632181,0.687622,0.655262,0.697795,0.573691,0.702022,0.620569,0.625519,0.585780,0.629235,0.641510,0.707202,0.709586,0.616191,0.644278,0.699646,0.610434,0.683775,0.632901,0.655829,0.643691,0.688620,0.664213,0.657713,0.679176,0.725563,0.695432,0.635704,0.663538,0.598895,0.580666,0.656601,0.605044,0.633688,0.637986,0.663546,0.644065,0.649160,0.714933,0.660860,0.612067,0.660229,0.696809,0.592859,0.699724,0.591107,0.686243,0.672445,0.561816,0.644195,0.679480,0.643358,0.683397,0.651462,0.706111,0.653880,0.685243,0.623007,0.650509,0.570493,0.722038,0.702670,0.698814,0.728243,0.661248,0.637630,0.615659,0.571391,0.634364,0.646344,0.610847,0.628482,0.604132,0.662207,0.683686,0.658176,0.665377,0.596352,0.705260,0.644640,0.590632,0.583569,0.651219,0.631174,0.475061,0.657031,0.578440,0.681716,0.589969,0.622538,0.733539,0.699673,0.555397,0.666747,0.600086,0.718601,0.720422,0.719205,0.616330,0.693374,0.681247,0.704555,0.630496,0.652601,0.646581,0.657711,0.636241,0.658233,0.638384,0.644999,0.666150,0.642846,0.715512,0.649978,0.696259,0.705496,0.705345,0.643974,0.579563,0.626372,0.657548,0.651211,0.609168,0.667325,0.612860,0.574914,0.619513,0.632027,0.618812,0.578273,0.665929,0.587501,0.684584,0.672764,0.666776,0.611630,0.684474,0.628811,0.666557,#
1,0.665214,1.000000,0.625707,0.658223,0.616038,0.669617,0.580581,0.675596,0.752718,0.652192,0.662722,0.630084,0.620009,0.581005,0.592760,0.668030,0.653902,0.636697,0.678847,0.635529,0.622606,0.714313,0.655700,0.630557,0.641393,0.578186,0.622257,0.681593,0.596813,0.616976,0.686540,0.683394,0.614698,0.699015,0.604142,0.643000,0.627700,0.683293,0.687860,0.648501,0.637468,0.589373,0.664705,0.600621,0.633803,0.614471,0.645867,0.646740,0.709170,0.630196,0.623414,0.716575,0.653746,0.628738,0.713913,0.636770,0.630326,0.629488,0.581619,0.589787,0.656337,0.603632,0.621020,0.635992,0.676201,0.686489,0.703613,0.640110,0.651688,0.678472,0.636086,0.665796,0.727299,0.621747,0.664274,0.643243,0.613166,0.561336,0.691032,0.596751,0.649903,0.628420,0.640159,0.657515,0.712544,0.655163,0.674864,0.712389,0.675990,0.629698,0.604098,0.600252,0.645138,0.656088,0.685333,0.634350,0.624295,0.637267,0.651022,0.648873,0.701958,0.574190,0.594080,0.642364,0.605541,0.702729,0.607007,0.673553,0.684962,0.616231,0.628896,0.623854,0.611166,0.697116,0.591508,0.635382,0.610189,0.657605,0.609348,0.593500,0.622112,0.678111,0.623962,0.660981,0.679657,0.640418,0.608343,0.638756,0.642139,0.666500,0.572014,0.715452,0.612916,0.597008,0.684112,0.655305,0.668794,0.673156,0.614755,0.665050,0.721326,0.625447,0.656180,0.694919,0.630587,0.554494,0.615907,0.628755,0.686979,0.560348,0.689604,0.723453,0.685111,0.552433,0.718315,0.645883,0.682566,0.683059,0.603249,0.624419,0.617386,0.688884,0.674117,0.676198,0.645218,0.617280,0.658139,0.562092,0.598129,0.583783,0.680094,0.636940,0.636331,0.695303,0.636065,0.692649,0.675151,0.720459,0.569922,0.601942,0.645284,0.609541,0.631977,0.664497,0.647946,0.726675,0.640667,0.522723,0.706654,0.661554,0.643598,0.691431,0.644377,0.615894,0.649438,0.524411,0.607081,0.728859,0.597874,0.627954,#
2,0.636830,0.625707,1.000000,0.652615,0.622247,0.640917,0.607258,0.610362,0.676170,0.579044,0.586456,0.540899,0.522222,0.617894,0.538430,0.623209,0.571571,0.623381,0.600941,0.622551,0.599349,0.597084,0.600821,0.679488,0.552893,0.608011,0.692355,0.618675,0.629166,0.630932,0.657273,0.631128,0.648087,0.626991,0.630559,0.569036,0.577080,0.624003,0.667413,0.598966,0.553045,0.574254,0.644936,0.566501,0.552680,0.605620,0.639370,0.550001,0.577268,0.595122,0.615380,0.706386,0.656697,0.640523,0.705614,0.663138,0.664768,0.567292,0.635109,0.593757,0.722971,0.593187,0.604508,0.613701,0.649244,0.583523,0.575142,0.591013,0.552444,0.616318,0.652136,0.616104,0.625620,0.630225,0.660244,0.617553,0.585475,0.519867,0.609739,0.641181,0.654749,0.650483,0.703516,0.531890,0.684751,0.656333,0.626034,0.698526,0.591976,0.572896,0.637689,0.557431,0.689454,0.619618,0.632438,0.630495,0.619004,0.591591,0.675087,0.619784,0.649214,0.555286,0.581944,0.606643,0.541379,0.696508,0.669212,0.651678,0.606479,0.512339,0.634550,0.554316,0.637188,0.620917,0.550535,0.563603,0.592314,0.697237,0.583856,0.567733,0.573384,0.583433,0.566543,0.687736,0.627399,0.550164,0.620148,0.629873,0.583357,0.673060,0.621723,0.664620,0.666534,0.669811,0.660722,0.644285,0.682702,0.620917,0.649525,0.629472,0.560068,0.674700,0.545544,0.573842,0.599094,0.600604,0.573580,0.597000,0.586682,0.611201,0.630328,0.672226,0.647176,0.623011,0.623346,0.579224,0.622170,0.552475,0.650073,0.553186,0.519998,0.577631,0.642150,0.601212,0.563959,0.623641,0.599016,0.531538,0.610048,0.581343,0.643957,0.600202,0.627800,0.602712,0.600882,0.669362,0.602951,0.651056,0.570584,0.510133,0.579849,0.673945,0.509296,0.672240,0.607715,0.629946,0.610375,0.526245,0.613484,0.626983,0.607940,0.619785,0.700372,0.669276,0.600569,0.593858,0.523606,0.644580,0.578796,0.641119,#
3,0.626755,0.658223,0.652615,1.000000,0.705385,0.654854,0.612950,0.642334,0.752619,0.683190,0.652636,0.647518,0.570952,0.662246,0.592143,0.667191,0.637826,0.658382,0.735709,0.646047,0.654488,0.673133,0.640443,0.648204,0.656490,0.649833,0.701625,0.665859,0.619649,0.683507,0.710521,0.718305,0.663191,0.678165,0.635900,0.662415,0.612147,0.677842,0.648534,0.699069,0.643371,0.641916,0.686935,0.688552,0.627821,0.691120,0.647172,0.618728,0.664503,0.552174,0.672861,0.649208,0.680701,0.616856,0.643581,0.724437,0.655666,0.656726,0.685738,0.679474,0.649835,0.552267,0.608743,0.671256,0.757439,0.585834,0.615424,0.625277,0.506561,0.614005,0.640369,0.667003,0.675661,0.635893,0.627201,0.618123,0.624373,0.611361,0.621747,0.649824,0.693678,0.637905,0.707352,0.598524,0.690146,0.690826,0.706581,0.659358,0.645384,0.638830,0.716127,0.635885,0.655204,0.680990,0.676978,0.669584,0.613049,0.623749,0.663478,0.604382,0.651562,0.622609,0.617973,0.589473,0.736985,0.635661,0.609504,0.668788,0.645069,0.600878,0.664981,0.549343,0.622270,0.704115,0.617083,0.709224,0.557456,0.678759,0.638198,0.575733,0.604804,0.729474,0.649594,0.594808,0.627435,0.669913,0.625685,0.686909,0.621457,0.616608,0.640175,0.704726,0.643091,0.630172,0.661485,0.710692,0.687379,0.653914,0.605546,0.661836,0.557668,0.723862,0.699234,0.592318,0.665514,0.684113,0.630247,0.722383,0.661836,0.637154,0.650226,0.668044,0.625278,0.665212,0.698463,0.561317,0.677911,0.604239,0.737080,0.575651,0.621853,0.631416,0.633039,0.631827,0.616943,0.641440,0.702702,0.600437,0.695050,0.603554,0.665967,0.641456,0.655410,0.704130,0.652471,0.677538,0.690407,0.710856,0.589114,0.613667,0.582172,0.684275,0.602993,0.665324,0.674101,0.661797,0.655724,0.545846,0.666745,0.743457,0.665657,0.647153,0.662099,0.659152,0.676571,0.614391,0.605462,0.688119,0.621709,0.634107,#
4,0.611566,0.616038,0.622247,0.705385,1.000000,0.723334,0.652706,0.659967,0.672384,0.656006,0.550982,0.694044,0.650677,0.675368,0.595728,0.667837,0.727417,0.722730,0.704300,0.728610,0.731319,0.638584,0.610540,0.690478,0.615074,0.661089,0.678710,0.604718,0.610595,0.632817,0.708815,0.719406,0.722193,0.638919,0.623794,0.605408,0.668200,0.675736,0.656466,0.676266,0.654648,0.551605,0.630078,0.665017,0.636271,0.731613,0.662762,0.674086,0.689406,0.589956,0.649298,0.633810,0.705145,0.637567,0.696668,0.692981,0.612262,0.654099,0.696448,0.668566,0.659985,0.625253,0.647938,0.617548,0.695530,0.668591,0.623604,0.633276,0.590129,0.638314,0.663485,0.698419,0.674815,0.653442,0.675393,0.551835,0.598981,0.622796,0.662743,0.692156,0.635184,0.637458,0.676303,0.601839,0.685470,0.649464,0.636467,0.629059,0.640051,0.621746,0.658325,0.561892,0.653978,0.651755,0.648114,0.653867,0.642707,0.589896,0.606756,0.650005,0.714974,0.649175,0.677925,0.634734,0.626934,0.689819,0.642926,0.641875,0.693132,0.637923,0.614469,0.625890,0.620116,0.730822,0.613915,0.621659,0.673593,0.699728,0.596519,0.556701,0.574372,0.683611,0.707709,0.654869,0.647170,0.638075,0.618875,0.656931,0.715868,0.674478,0.680648,0.634498,0.656406,0.712893,0.750551,0.689865,0.681451,0.626170,0.638545,0.593692,0.568702,0.652713,0.708478,0.626456,0.625347,0.578510,0.663846,0.642034,0.630769,0.700094,0.663434,0.742469,0.636337,0.621452,0.736879,0.664971,0.722230,0.606480,0.653178,0.598404,0.617623,0.607768,0.738636,0.581545,0.599049,0.615035,0.578675,0.555256,0.651362,0.623115,0.634283,0.686011,0.714086,0.655457,0.683614,0.708190,0.727992,0.714691,0.611815,0.608303,0.636958,0.618159,0.632262,0.613051,0.698829,0.715253,0.604215,0.676898,0.639212,0.663629,0.540141,0.604013,0.618989,0.695191,0.602897,0.620036,0.608036,0.647786,0.705719,0.612218,#
5,0.666890,0.669617,0.640917,0.654854,0.723334,1.000000,0.582406,0.680286,0.709188,0.593942,0.658937,0.626971,0.563288,0.606080,0.616351,0.738170,0.694530,0.711750,0.600884,0.721005,0.661579,0.645018,0.658547,0.710384,0.635290,0.648349,0.754316,0.659676,0.619371,0.637301,0.730396,0.747458,0.698158,0.682460,0.623646,0.663174,0.636999,0.670840,0.655744,0.632117,0.696342,0.603082,0.605343,0.664067,0.688540,0.744129,0.703372,0.680246,0.720047,0.566338,0.668655,0.691948,0.663088,0.719017,0.601702,0.758753,0.676432,0.655592,0.775827,0.695330,0.680612,0.700875,0.693136,0.701939,0.711074,0.644767,0.628300,0.659865,0.624990,0.605973,0.663011,0.671812,0.715940,0.627837,0.635680,0.669944,0.694251,0.662126,0.656592,0.667745,0.728343,0.641546,0.684520,0.656990,0.643155,0.688551,0.709071,0.734535,0.702376,0.615156,0.601427,0.624951,0.725969,0.723210,0.685999,0.634485,0.658428,0.659291,0.728377,0.690445,0.717789,0.678353,0.682621,0.703839,0.654593,0.735414,0.657780,0.665993,0.657708,0.656541,0.608976,0.709768,0.628824,0.668087,0.594352,0.631729,0.682550,0.679208,0.593350,0.653531,0.622073,0.701663,0.652661,0.705233,0.627089,0.639100,0.695924,0.665062,0.611934,0.699168,0.700156,0.731989,0.705740,0.704937,0.693416,0.696130,0.733434,0.657503,0.644952,0.652380,0.662854,0.615915,0.695447,0.688455,0.692212,0.574668,0.609420,0.626677,0.716107,0.633498,0.683578,0.706710,0.622871,0.619661,0.698586,0.607115,0.759520,0.673191,0.687139,0.622371,0.643988,0.674056,0.688496,0.610148,0.690562,0.647460,0.541350,0.662896,0.670798,0.651072,0.717728,0.695860,0.637424,0.696776,0.698976,0.660843,0.667511,0.735022,0.646924,0.641809,0.713965,0.667633,0.683806,0.640197,0.735603,0.729677,0.667029,0.621965,0.602571,0.678967,0.574262,0.676300,0.617544,0.645635,0.565206,0.617680,0.607979,0.664820,0.645537,0.611879,#
6,0.680062,0.580581,0.607258,0.612950,0.652706,0.582406,1.000000,0.580113,0.625017,0.529062,0.582195,0.582632,0.642412,0.677469,0.504703,0.597212,0.667379,0.694888,0.657239,0.571035,0.723358,0.575494,0.531772,0.656706,0.578041,0.630699,0.650376,0.590173,0.543844,0.674455,0.629987,0.645342,0.624215,0.647424,0.667275,0.630909,0.571106,0.581306,0.602815,0.694178,0.625317,0.629960,0.658937,0.572197,0.687145,0.576289,0.647806,0.529104,0.720042,0.635639,0.661306,0.720066,0.669127,0.562107,0.695936,0.691015,0.626612,0.675491,0.668701,0.598857,0.648010,0.572466,0.572598,0.625758,0.737057,0.584216,0.728023,0.584303,0.613867,0.588838,0.620027,0.641883,0.629997,0.694789,0.600549,0.591863,0.595529,0.575200,0.631724,0.593247,0.626708,0.663922,0.631216,0.590637,0.572769,0.660752,0.630120,0.586394,0.645382,0.614176,0.594816,0.543251,0.584915,0.593140,0.608868,0.609913,0.682206,0.631012,0.584042,0.655263,0.635460,0.582359,0.661747,0.626715,0.617638,0.574388,0.663729,0.571237,0.609217,0.551235,0.546526,0.601170,0.537781,0.631836,0.596576,0.528848,0.699619,0.668763,0.593300,0.558716,0.622375,0.640912,0.615350,0.691554,0.713595,0.685522,0.593300,0.634255,0.503947,0.598477,0.641716,0.617955,0.634774,0.575288,0.650126,0.656331,0.679433,0.606457,0.707478,0.651948,0.648525,0.654005,0.612420,0.594117,0.582409,0.610991,0.606701,0.605948,0.596236,0.588054,0.684500,0.714201,0.594599,0.524714,0.639509,0.597622,0.626402,0.628753,0.699701,0.597892,0.610496,0.632725,0.635104,0.615063,0.633961,0.615976,0.677531,0.536308,0.626677,0.586086,0.669656,0.622889,0.563135,0.585521,0.622092,0.669269,0.662331,0.636933,0.631866,0.582864,0.643273,0.572518,0.649306,0.647277,0.639414,0.656080,0.568507,0.630893,0.534406,0.619185,0.522137,0.627650,0.608335,0.688108,0.644757,0.583587,0.600640,0.686958,0.653585,0.603640,#
7,0.659946,0.675596,0.610362,0.642334,0.659967,0.680286,0.580113,1.000000,0.752716,0.633142,0.643682,0.632647,0.645385,0.659208,0.650305,0.599074,0.696918,0.654472,0.690872,0.642719,0.670659,0.627643,0.731589,0.698135,0.661266,0.671528,0.665444,0.665009,0.634818,0.636739,0.628001,0.725844,0.631979,0.690995,0.623319,0.598248,0.669158,0.628551,0.662575,0.653258,0.642737,0.597456,0.656516,0.698976,0.663271,0.666061,0.692135,0.674351,0.641000,0.573950,0.721422,0.674989,0.663176,0.709808,0.656190,0.692630,0.635085,0.719393,0.626796,0.634545,0.628211,0.645054,0.677577,0.632033,0.715645,0.657172,0.658097,0.663976,0.666335,0.668490,0.667637,0.531253,0.756331,0.668210,0.687140,0.629412,0.670360,0.605488,0.696017,0.649709,0.680570,0.667350,0.675691,0.634159,0.647958,0.662509,0.739730,0.683756,0.634738,0.625331,0.617938,0.632090,0.642568,0.646628,0.722756,0.615173,0.667740,0.699975,0.666386,0.657417,0.683626,0.610941,0.662606,0.653731,0.664097,0.709955,0.637616,0.647223,0.654966,0.526435,0.718154,0.600253,0.658198,0.669583,0.665472,0.650111,0.643484,0.628361,0.566037,0.684613,0.628825,0.681893,0.624286,0.727415,0.727855,0.620345,0.645852,0.716295,0.576878,0.590144,0.638667,0.615921,0.675357,0.592871,0.716929,0.763058,0.700329,0.687266,0.631078,0.693905,0.631558,0.678785,0.696611,0.622345,0.651165,0.635735,0.668738,0.600346,0.701475,0.684672,0.622821,0.687475,0.685131,0.658099,0.688587,0.713692,0.660302,0.674135,0.667960,0.628841,0.684081,0.584347,0.720960,0.601112,0.644225,0.648589,0.654424,0.588885,0.664564,0.595641,0.752386,0.701022,0.643208,0.711703,0.648567,0.686067,0.684989,0.655561,0.607430,0.622574,0.670748,0.623673,0.611863,0.616605,0.655429,0.717802,0.628649,0.559492,0.651035,0.702977,0.638306,0.662761,0.590497,0.594050,0.638380,0.626738,0.611534,0.706019,0.667759,0.624456,#
8,0.654207,0.752718,0.676170,0.752619,0.672384,0.709188,0.625017,0.752716,1.000000,0.690015,0.631478,0.696849,0.669994,0.712753,0.657726,0.695375,0.667021,0.725313,0.684001,0.700324,0.669307,0.751906,0.702346,0.673924,0.583304,0.707050,0.702275,0.733072,0.661989,0.700679,0.696564,0.710382,0.676291,0.715717,0.617264,0.692077,0.656911,0.695118,0.663777,0.698908,0.642116,0.689821,0.735014,0.656504,0.684922,0.631938,0.661778,0.671270,0.713366,0.635933,0.710332,0.722381,0.652156,0.751086,0.700953,0.772727,0.631367,0.738116,0.654261,0.664045,0.710896,0.662226,0.701237,0.701845,0.721611,0.702903,0.693405,0.694101,0.687884,0.740357,0.675983,0.664874,0.771835,0.752494,0.671252,0.654733,0.694513,0.677693,0.693357,0.710045,0.677939,0.680835,0.718110,0.672205,0.680489,0.712267,0.668106,0.715539,0.634993,0.644360,0.677058,0.638955,0.712767,0.669545,0.758224,0.684699,0.672515,0.695143,0.715635,0.659639,0.718022,0.678575,0.701047,0.727880,0.675698,0.715421,0.710746,0.749277,0.668083,0.658370,0.699099,0.663311,0.709736,0.716760,0.706211,0.715123,0.677291,0.676440,0.650182,0.708059,0.660981,0.674901,0.697558,0.706888,0.700291,0.710068,0.667401,0.708857,0.664818,0.665410,0.658211,0.665677,0.711425,0.702522,0.789132,0.687038,0.701522,0.689650,0.623190,0.707390,0.663637,0.748852,0.750780,0.697649,0.692895,0.640496,0.711565,0.626702,0.707531,0.663207,0.681322,0.720277,0.700347,0.740926,0.731899,0.710550,0.694852,0.699506,0.724788,0.710259,0.679831,0.692585,0.747028,0.702181,0.710073,0.644691,0.677618,0.642363,0.726061,0.689682,0.738192,0.688815,0.694855,0.723508,0.732779,0.690773,0.674195,0.758162,0.657866,0.575249,0.682086,0.737158,0.617356,0.734329,0.740752,0.716492,0.700237,0.599207,0.667169,0.717662,0.673229,0.691860,0.721526,0.702343,0.663218,0.647799,0.675366,0.688170,0.710462,0.703939,#
9,0.604923,0.652192,0.579044,0.683190,0.656006,0.593942,0.529062,0.633142,0.690015,1.000000,0.593767,0.553574,0.588365,0.626910,0.629766,0.599320,0.614970,0.624450,0.694058,0.621418,0.710106,0.631423,0.680174,0.702095,0.573107,0.620108,0.649882,0.692191,0.578292,0.679887,0.599511,0.649335,0.648425,0.678750,0.660567,0.615329,0.568409,0.587372,0.652865,0.667224,0.670317,0.634183,0.636856,0.580162,0.659462,0.601204,0.585002,0.591212,0.570660,0.511983,0.570918,0.635516,0.554860,0.623154,0.643155,0.682981,0.595123,0.678703,0.636100,0.629457,0.631945,0.582164,0.626680,0.654063,0.687047,0.687905,0.662914,0.642893,0.625399,0.595165,0.635671,0.606263,0.650052,0.601983,0.668373,0.599210,0.548736,0.677073,0.639956,0.674840,0.594631,0.614898,0.589715,0.644283,0.657022,0.594033,0.616286,0.697525,0.606426,0.523303,0.608343,0.604769,0.664218,0.603786,0.669389,0.609854,0.601182,0.651402,0.636828,0.597350,0.683405,0.607210,0.627998,0.632686,0.659806,0.676985,0.630829,0.615603,0.659565,0.652750,0.669175,0.642718,0.707948,0.678205,0.529552,0.686334,0.524410,0.616790,0.523247,0.557221,0.588021,0.627487,0.661806,0.659931,0.638157,0.588762,0.642907,0.596679,0.647467,0.583782,0.593146,0.655708,0.651349,0.691704,0.656945,0.621559,0.606120,0.607654,0.574374,0.684390,0.583166,0.728504,0.665103,0.650214,0.611533,0.569658,0.633561,0.598488,0.593605,0.548948,0.570182,0.607318,0.606006,0.606697,0.665263,0.630260,0.631183,0.655428,0.661135,0.630773,0.632145,0.633185,0.649302,0.648416,0.604158,0.610146,0.569630,0.600059,0.690671,0.585627,0.656818,0.679084,0.605841,0.670950,0.664372,0.744543,0.614949,0.680887,0.593616,0.631168,0.619925,0.580275,0.627060,0.608223,0.653050,0.738217,0.546057,0.544618,0.704533,0.630358,0.597491,0.660557,0.592933,0.625893,0.590639,0.539435,0.575771,0.640402,0.594869,0.572841,#
10,0.691929,0.662722,0.586456,0.652636,0.550982,0.658937,0.582195,0.643682,0.631478,0.593767,1.000000,0.580355,0.531791,0.596358,0.513365,0.619769,0.615760,0.591106,0.650726,0.584768,0.620773,0.542314,0.651238,0.693097,0.544192,0.608091,0.644135,0.714281,0.581856,0.662536,0.614305,0.674981,0.611050,0.662209,0.650882,0.626872,0.594738,0.643679,0.640991,0.600449,0.646908,0.589003,0.584808,0.593785,0.652607,0.662103,0.646166,0.664523,0.689214,0.673699,0.581990,0.655416,0.666033,0.586550,0.666625,0.653761,0.654556,0.667020,0.602861,0.617519,0.664160,0.629285,0.716401,0.674094,0.698602,0.533574,0.617945,0.534684,0.599762,0.607418,0.601661,0.654901,0.709146,0.568632,0.570338,0.644703,0.625859,0.646461,0.642636,0.594441,0.718197,0.649598,0.629100,0.650229,0.614754,0.590979,0.683624,0.698617,0.632229,0.649750,0.607067,0.621757,0.665318,0.629752,0.646229,0.671984,0.574920,0.599223,0.707798,0.698959,0.669510,0.588932,0.624060,0.693833,0.715250,0.627635,0.598280,0.651554,0.646246,0.600285,0.610457,0.592983,0.593510,0.620427,0.538225,0.675825,0.580286,0.627291,0.605992,0.614978,0.610884,0.707722,0.525306,0.635786,0.548061,0.632812,0.698943,0.669326,0.575283,0.573802,0.556864,0.611202,0.596427,0.588749,0.662552,0.708752,0.625209,0.617757,0.593601,0.703029,0.721393,0.616241,0.582932,0.644996,0.565237,0.502393,0.598896,0.548933,0.648962,0.569816,0.622801,0.664800,0.685194,0.555814,0.635947,0.606275,0.716778,0.698004,0.669688,0.605068,0.713825,0.595564,0.632930,0.610110,0.606111,0.586691,0.655298,0.621325,0.683876,0.658421,0.687631,0.627108,0.524863,0.630660,0.638573,0.657801,0.695089,0.708930,0.545383,0.658882,0.611377,0.543414,0.672095,0.578535,0.638487,0.661770,0.545277,0.584108,0.591973,0.673684,0.616649,0.602169,0.589603,0.627648,0.654763,0.617056,0.582297,0.715392,0.622234,0.620530,#
11,0.661196,0.630084,0.540899,0.647518,0.694044,0.626971,0.582632,0.632647,0.696849,0.553574,0.580355,1.000000,0.655917,0.616602,0.568002,0.615570,0.636207,0.707496,0.695050,0.593740,0.626697,0.611900,0.626531,0.592928,0.570782,0.606938,0.568212,0.603936,0.614406,0.592631,0.619731,0.661598,0.658174,0.640369,0.564977,0.573956,0.676934,0.652668,0.586083,0.679862,0.602462,0.597591,0.632273,0.607545,0.607561,0.636846,0.705461,0.635318,0.637583,0.633510,0.650043,0.633357,0.653809,0.635565,0.657657,0.679949,0.547094,0.637279,0.604897,0.586372,0.598215,0.569410,0.670910,0.583371,0.675540,0.610409,0.644375,0.626522,0.629922,0.665311,0.676511,0.631462,0.645635,0.644724,0.654904,0.534976,0.673861,0.626907,0.617422,0.547451,0.648076,0.613616,0.645917,0.578757,0.658135,0.606560,0.608364,0.590914,0.584005,0.553746,0.621144,0.592068,0.618874,0.588447,0.642773,0.680410,0.629843,0.614452,0.617559,0.604676,0.611555,0.610277,0.636623,0.631829,0.694174,0.681539,0.582521,0.671778,0.658400,0.634079,0.674102,0.629513,0.646792,0.637766,0.507315,0.618490,0.596950,0.660392,0.571663,0.624064,0.509921,0.674449,0.631270,0.630917,0.655170,0.608765,0.620396,0.596252,0.622864,0.616235,0.654860,0.576712,0.629809,0.651184,0.670861,0.643917,0.676205,0.616214,0.588268,0.615288,0.650989,0.599683,0.650210,0.668551,0.670796,0.498343,0.664780,0.610492,0.616594,0.658706,0.608726,0.640607,0.644252,0.640436,0.692526,0.584702,0.694348,0.618516,0.680646,0.556939,0.591941,0.591585,0.692543,0.605060,0.687908,0.506424,0.618280,0.522587,0.655807,0.657461,0.645112,0.628860,0.630539,0.695493,0.613239,0.673922,0.645096,0.658990,0.534686,0.640961,0.612585,0.563286,0.648152,0.587025,0.708359,0.587038,0.589986,0.643776,0.607588,0.646679,0.615651,0.638242,0.660908,0.627991,0.603716,0.591562,0.597017,0.656390,0.614991,0.606493,#
12,0.598020,0.620009,0.522222,0.570952,0.650677,0.563288,0.642412,0.645385,0.669994,0.588365,0.531791,0.655917,1.000000,0.648080,0.619499,0.548607,0.650546,0.679632,0.656018,0.608827,0.641234,0.578286,0.675894,0.645540,0.576345,0.612325,0.602296,0.610841,0.683824,0.579277,0.574467,0.613409,0.652615,0.639269,0.622288,0.622105,0.590712,0.591214,0.617008,0.682618,0.528095,0.516186,0.607770,0.689427,0.612835,0.622732,0.659169,0.540319,0.606745,0.561054,0.703200,0.632746,0.596554,0.653983,0.686857,0.654852,0.554159,0.657132,0.613357,0.548726,0.573004,0.601164,0.564039,0.582847,0.695351,0.627871,0.595143,0.553378,0.644651,0.631533,0.621378,0.591172,0.672677,0.621028,0.687881,0.620517,0.642955,0.600994,0.616325,0.621398,0.631332,0.603235,0.654807,0.606113,0.560251,0.629327,0.605343,0.619945,0.638857,0.577124,0.592799,0.579272,0.631573,0.509254,0.586597,0.665918,0.731238,0.679307,0.562762,0.585339,0.567661,0.628398,0.642017,0.691841,0.583276,0.624148,0.545253,0.546393,0.635043,0.591217,0.640278,0.599176,0.601452,0.633665,0.671481,0.614209,0.585573,0.557051,0.570581,0.582122,0.575583,0.611736,0.602860,0.692760,0.651947,0.636698,0.570038,0.539631,0.533653,0.589673,0.589162,0.567437,0.568409,0.593014,0.606393,0.615853,0.606724,0.638316,0.637615,0.591164,0.663386,0.708883,0.652098,0.620714,0.602484,0.571068,0.649528,0.550578,0.644900,0.689692,0.575144,0.685653,0.605782,0.533213,0.629196,0.684941,0.684881,0.661424,0.664072,0.627573,0.632153,0.679263,0.664280,0.572667,0.666463,0.524648,0.591899,0.630994,0.541053,0.551159,0.645304,0.640441,0.600603,0.633052,0.600231,0.607519,0.681721,0.710232,0.569894,0.497058,0.607066,0.631580,0.638476,0.577311,0.562139,0.670782,0.568465,0.645608,0.585767,0.603821,0.563383,0.572349,0.554562,0.649692,0.548637,0.600711,0.598698,0.640126,0.642495,0.517393,#
13,0.644336,0.581005,0.617894,0.662246,0.675368,0.606080,0.677469,0.659208,0.712753,0.626910,0.596358,0.616602,0.648080,1.000000,0.547226,0.628596,0.637718,0.710501,0.705157,0.602912,0.686448,0.637743,0.710064,0.657672,0.590275,0.639307,0.615724,0.703061,0.656439,0.703517,0.562483,0.675128,0.701648,0.711030,0.566505,0.601956,0.638494,0.681474,0.650166,0.670667,0.713961,0.628111,0.667814,0.640649,0.733072,0.646248,0.630565,0.648726,0.718520,0.597628,0.686110,0.755662,0.609556,0.663750,0.704092,0.746368,0.632412,0.687636,0.654311,0.636128,0.688861,0.625870,0.637604,0.690749,0.710436,0.642411,0.658684,0.612826,0.672832,0.621570,0.600019,0.644254,0.623193,0.725943,0.697046,0.634543,0.634769,0.621368,0.681839,0.678853,0.668418,0.652299,0.715335,0.642405,0.629771,0.656021,0.602835,0.596056,0.692516,0.637825,0.624372,0.616895,0.680431,0.650604,0.667167,0.607251,0.660711,0.627115,0.627687,0.717770,0.667273,0.627850,0.647265,0.760925,0.675293,0.728082,0.613906,0.678325,0.666832,0.607248,0.669072,0.668706,0.642301,0.698826,0.658800,0.680561,0.585097,0.733698,0.634475,0.687851,0.617904,0.677770,0.586135,0.643200,0.661801,0.593554,0.657291,0.580361,0.598475,0.611046,0.642659,0.625071,0.639180,0.635296,0.722162,0.668190,0.654312,0.658387,0.710409,0.632382,0.593622,0.735981,0.744042,0.653898,0.586547,0.614908,0.697206,0.634879,0.688147,0.659745,0.616333,0.712962,0.618586,0.659805,0.665365,0.685955,0.677169,0.668208,0.734243,0.617338,0.709119,0.676210,0.664692,0.663547,0.650035,0.641378,0.636145,0.605644,0.699791,0.594065,0.676166,0.697221,0.706352,0.657242,0.707664,0.694900,0.684887,0.772263,0.654476,0.611775,0.637058,0.655826,0.681495,0.640691,0.687319,0.697254,0.617698,0.654597,0.563739,0.627807,0.628397,0.651146,0.664565,0.703432,0.684995,0.553980,0.651090,0.663715,0.678190,0.617878,#
14,0.581859,0.592760,0.538430,0.592143,0.595728,0.616351,0.504703,0.650305,0.657726,0.629766,0.513365,0.568002,0.619499,0.547226,1.000000,0.618247,0.605771,0.530625,0.592194,0.541558,0.620279,0.580994,0.566448,0.644033,0.543688,0.492035,0.590628,0.601392,0.621600,0.606824,0.601044,0.651904,0.600570,0.616093,0.593229,0.548468,0.540585,0.597201,0.617775,0.533069,0.498684,0.526466,0.616427,0.616215,0.605455,0.583547,0.564867,0.538604,0.507503,0.465365,0.575587,0.572523,0.508078,0.686666,0.583272,0.619078,0.574221,0.589727,0.619595,0.535753,0.604685,0.599711,0.580736,0.585113,0.578385,0.512058,0.527677,0.562923,0.566468,0.635436,0.579574,0.556378,0.633376,0.562687,0.646148,0.550326,0.638547,0.581847,0.553158,0.486465,0.608374,0.619680,0.624145,0.636233,0.569970,0.585018,0.572338,0.640140,0.606749,0.481988,0.506158,0.447736,0.620038,0.629584,0.615152,0.586255,0.725086,0.605684,0.614341,0.520013,0.600274,0.587481,0.627943,0.532518,0.576821,0.614890,0.512245,0.541907,0.562217,0.548882,0.627682,0.574435,0.617309,0.604900,0.524889,0.614046,0.550039,0.584846,0.492245,0.553869,0.559366,0.625928,0.563025,0.615549,0.647131,0.452029,0.564926,0.656693,0.507128,0.581082,0.533182,0.571912,0.567925,0.593461,0.611955,0.617748,0.568853,0.575808,0.586173,0.613117,0.548217,0.612685,0.542641,0.610123,0.556479,0.612419,0.660180,0.564059,0.619014,0.504605,0.565173,0.569136,0.524450,0.522736,0.646953,0.587463,0.596402,0.601358,0.563227,0.553089,0.587652,0.534204,0.623773,0.547888,0.511216,0.502586,0.541251,0.554829,0.527431,0.619940,0.589024,0.586203,0.599826,0.649445,0.575333,0.647157,0.615977,0.646393,0.522875,0.500228,0.607885,0.653266,0.601889,0.562514,0.571714,0.583359,0.580163,0.479582,0.539356,0.609382,0.444405,0.549287,0.607898,0.636752,0.555838,0.544161,0.549923,0.558543,0.546763,0.466778,#
15,0.683867,0.668030,0.623209,0.667191,0.667837,0.738170,0.597212,0.599074,0.695375,0.599320,0.619769,0.615570,0.548607,0.628596,0.618247,1.000000,0.651353,0.690540,0.662807,0.637455,0.643964,0.636029,0.616538,0.662448,0.621226,0.616426,0.639425,0.599385,0.608389,0.681874,0.658579,0.696079,0.640646,0.685129,0.582000,0.703307,0.660375,0.615495,0.699838,0.623650,0.612345,0.600374,0.650550,0.580029,0.688226,0.610256,0.665196,0.709141,0.685523,0.595399,0.587317,0.730273,0.633236,0.626558,0.660891,0.650734,0.626040,0.600325,0.636789,0.609563,0.691465,0.589347,0.597178,0.711759,0.651199,0.677220,0.620889,0.614242,0.571318,0.539138,0.638443,0.589011,0.604063,0.616478,0.644297,0.581859,0.645858,0.635956,0.654989,0.614492,0.681167,0.649627,0.624450,0.645113,0.700033,0.679823,0.619987,0.709645,0.615729,0.571489,0.612482,0.537793,0.647278,0.623001,0.602222,0.620455,0.614721,0.618511,0.604676,0.631947,0.714385,0.579547,0.690852,0.660904,0.600744,0.662366,0.660778,0.677887,0.606381,0.657782,0.567309,0.602679,0.653000,0.656568,0.544288,0.633034,0.637800,0.671119,0.600767,0.584733,0.597919,0.630386,0.621171,0.629849,0.592729,0.622897,0.684370,0.625183,0.628603,0.704738,0.560160,0.591625,0.603658,0.598551,0.664026,0.609445,0.623380,0.574422,0.657262,0.636259,0.606943,0.622767,0.631922,0.604530,0.635641,0.574983,0.634360,0.597085,0.636168,0.573048,0.655711,0.632624,0.708727,0.599172,0.658199,0.606237,0.719134,0.619666,0.638566,0.610174,0.602430,0.667723,0.730873,0.522543,0.662483,0.626336,0.667019,0.684322,0.689892,0.567550,0.594475,0.705987,0.564765,0.702545,0.627745,0.705636,0.668262,0.701968,0.633407,0.586876,0.606678,0.625036,0.627850,0.666416,0.656500,0.660788,0.562064,0.574588,0.561032,0.680604,0.540896,0.657524,0.644846,0.658837,0.610079,0.592052,0.632897,0.683383,0.664985,0.643565,#
16,0.724544,0.653902,0.571571,0.637826,0.727417,0.694530,0.667379,0.696918,0.667021,0.614970,0.615760,0.636207,0.650546,0.637718,0.605771,0.651353,1.000000,0.682768,0.661814,0.656572,0.742940,0.661774,0.568589,0.681366,0.627420,0.680680,0.700689,0.551228,0.595340,0.663937,0.660826,0.734588,0.718028,0.672219,0.627691,0.637662,0.676367,0.619423,0.666954,0.684796,0.623535,0.642322,0.658485,0.624473,0.645914,0.691526,0.623032,0.632086,0.693718,0.654354,0.633057,0.662720,0.671553,0.735651,0.713372,0.721078,0.555201,0.670140,0.700545,0.600181,0.619765,0.668118,0.620536,0.639372,0.689622,0.608033,0.632537,0.688849,0.696973,0.719122,0.619853,0.616400,0.711943,0.685351,0.683042,0.616615,0.639622,0.651521,0.683885,0.698519,0.686448,0.658435,0.671897,0.682839,0.675251,0.662918,0.705943,0.645640,0.674794,0.649300,0.618594,0.589150,0.694984,0.676078,0.665616,0.716047,0.669520,0.638772,0.689105,0.656587,0.635036,0.585115,0.685503,0.677860,0.614322,0.754696,0.664072,0.633974,0.714589,0.628338,0.688624,0.685805,0.683095,0.692807,0.667959,0.681864,0.717178,0.689165,0.638963,0.578874,0.603517,0.734643,0.663954,0.687720,0.699920,0.692931,0.692756,0.606324,0.617615,0.613613,0.697109,0.615903,0.688946,0.591361,0.723714,0.718178,0.655473,0.629309,0.635953,0.688003,0.650593,0.675054,0.670965,0.667810,0.628047,0.560829,0.649642,0.623872,0.673106,0.682586,0.625482,0.763453,0.640491,0.589613,0.743433,0.671394,0.735131,0.660220,0.673509,0.666371,0.609839,0.646817,0.752123,0.613721,0.626796,0.679845,0.650221,0.677822,0.664175,0.599290,0.685413,0.709379,0.636621,0.651742,0.647048,0.684998,0.628071,0.726675,0.644210,0.588673,0.645231,0.609715,0.674247,0.611465,0.705378,0.743423,0.637020,0.668630,0.634949,0.673707,0.660165,0.627678,0.661232,0.655505,0.608316,0.619793,0.606575,0.680238,0.679460,0.653302,#
17,0.683104,0.636697,0.623381,0.658382,0.722730,0.711750,0.694888,0.654472,0.725313,0.624450,0.591106,0.707496,0.679632,0.710501,0.530625,0.690540,0.682768,1.000000,0.641438,0.662864,0.689551,0.642860,0.656701,0.720524,0.700252,0.687386,0.690173,0.634137,0.607979,0.692509,0.684150,0.707042,0.622738,0.652502,0.623777,0.709601,0.631837,0.670181,0.708763,0.703239,0.696979,0.650527,0.699408,0.645054,0.657796,0.650911,0.656460,0.717285,0.721924,0.626077,0.684799,0.682450,0.671551,0.647225,0.692733,0.749766,0.622830,0.634161,0.694540,0.578018,0.686392,0.626310,0.603319,0.667714,0.690847,0.738559,0.709933,0.666827,0.657501,0.630683,0.662942,0.660701,0.646819,0.635952,0.659119,0.624237,0.694257,0.665544,0.650769,0.702541,0.690535,0.666888,0.711187,0.647075,0.633941,0.658756,0.734841,0.659240,0.654983,0.650578,0.662367,0.566386,0.686145,0.648127,0.630748,0.709384,0.691279,0.625343,0.580900,0.696296,0.715449,0.549322,0.668557,0.708315,0.618262,0.655129,0.683269,0.686229,0.639222,0.651325,0.646617,0.656273,0.602282,0.728867,0.662133,0.615797,0.616765,0.691240,0.580326,0.629556,0.630365,0.667534,0.639113,0.694611,0.683282,0.712248,0.687030,0.618751,0.600818,0.649849,0.738027,0.707859,0.702630,0.631700,0.624344,0.693435,0.690013,0.661821,0.727607,0.707492,0.687555,0.705604,0.763403,0.671203,0.684125,0.618532,0.678989,0.669232,0.701932,0.592162,0.704852,0.681189,0.657946,0.626832,0.717995,0.720062,0.768188,0.675166,0.716070,0.602705,0.652090,0.640826,0.779036,0.637355,0.713260,0.652748,0.576710,0.601123,0.677931,0.610530,0.722971,0.654622,0.640416,0.685134,0.694170,0.682641,0.705629,0.737263,0.621232,0.662469,0.686649,0.717727,0.689286,0.660002,0.736766,0.680225,0.641659,0.711312,0.585369,0.637979,0.595917,0.682847,0.671029,0.722462,0.674429,0.688655,0.617244,0.745092,0.640419,0.643232,#
18,0.672707,0.678847,0.600941,0.735709,0.704300,0.600884,0.657239,0.690872,0.684001,0.694058,0.650726,0.695050,0.656018,0.705157,0.592194,0.662807,0.661814,0.641438,1.000000,0.660133,0.676172,0.674592,0.678966,0.633384,0.647886,0.651527,0.649697,0.667164,0.634345,0.673065,0.589411,0.697602,0.673978,0.692143,0.656889,0.701460,0.625394,0.644446,0.663529,0.683625,0.694991,0.544124,0.648848,0.610945,0.733239,0.645723,0.695240,0.684237,0.646819,0.545991,0.620732,0.676950,0.713681,0.627720,0.703024,0.702318,0.611916,0.707307,0.657659,0.668841,0.703003,0.571140,0.633566,0.622513,0.741279,0.628374,0.633237,0.642135,0.583246,0.657581,0.673800,0.624628,0.703041,0.643776,0.690427,0.571981,0.685683,0.630557,0.722584,0.637025,0.649001,0.633188,0.675912,0.671441,0.686518,0.638817,0.660781,0.679730,0.655759,0.617046,0.657376,0.585798,0.680603,0.649885,0.739738,0.620126,0.665849,0.660480,0.651917,0.676938,0.726617,0.619836,0.670701,0.698299,0.678547,0.705132,0.596452,0.626972,0.663308,0.603997,0.692320,0.602176,0.734024,0.727880,0.568593,0.626381,0.613489,0.641286,0.584413,0.604629,0.614049,0.740380,0.647105,0.624693,0.644724,0.603972,0.646364,0.642217,0.693459,0.592311,0.624445,0.661121,0.634566,0.643600,0.694002,0.705587,0.699249,0.669937,0.662142,0.672330,0.629625,0.718794,0.672239,0.712562,0.633700,0.652500,0.684690,0.566586,0.641013,0.646490,0.600467,0.753269,0.663241,0.589456,0.672995,0.658161,0.664284,0.727014,0.700975,0.623190,0.664768,0.633537,0.714815,0.641316,0.667040,0.673053,0.726152,0.610457,0.646875,0.621235,0.657956,0.725016,0.668747,0.640384,0.637536,0.706399,0.672527,0.738181,0.581347,0.694965,0.634887,0.612598,0.645584,0.645638,0.676913,0.687540,0.647572,0.590627,0.622569,0.676675,0.637458,0.639230,0.624894,0.717068,0.682581,0.611306,0.605210,0.702476,0.672356,0.630156,#
19,0.632522,0.635529,0.622551,0.646047,0.728610,0.721005,0.571035,0.642719,0.700324,0.621418,0.584768,0.593740,0.608827,0.602912,0.541558,0.637455,0.656572,0.662864,0.660133,1.000000,0.633826,0.597355,0.601706,0.627111,0.564318,0.578563,0.672830,0.588845,0.627723,0.641599,0.657908,0.713708,0.606562,0.627784,0.522453,0.633352,0.608869,0.586479,0.635544,0.616782,0.607889,0.554234,0.605036,0.591613,0.615798,0.629174,0.680975,0.636839,0.683441,0.475460,0.546330,0.633486,0.586041,0.644135,0.624929,0.599957,0.656211,0.626512,0.655665,0.549725,0.648975,0.623746,0.655290,0.625424,0.661802,0.620670,0.562895,0.590070,0.572059,0.618625,0.632750,0.576058,0.657120,0.639871,0.641483,0.526735,0.596686,0.554477,0.642098,0.606809,0.610581,0.551249,0.678818,0.581084,0.603030,0.602860,0.620986,0.706345,0.652920,0.506073,0.625107,0.548812,0.660269,0.585185,0.620506,0.601310,0.627233,0.591315,0.592841,0.663487,0.677815,0.592023,0.619908,0.623646,0.588258,0.682511,0.613772,0.637571,0.627494,0.535285,0.570955,0.595408,0.616799,0.649997,0.605309,0.579450,0.638113,0.658576,0.533763,0.527910,0.545105,0.666775,0.598990,0.673643,0.681004,0.600905,0.685150,0.610826,0.658728,0.687338,0.605573,0.621488,0.629516,0.657221,0.693847,0.645329,0.644770,0.593176,0.577337,0.626426,0.571661,0.585183,0.634239,0.593695,0.605835,0.543277,0.590852,0.521822,0.663993,0.600337,0.592140,0.710048,0.602080,0.570390,0.673082,0.638571,0.699991,0.672288,0.643973,0.633605,0.622392,0.603215,0.640115,0.514460,0.635843,0.612446,0.518822,0.625641,0.644235,0.558338,0.661311,0.693587,0.657886,0.610751,0.638471,0.634319,0.648034,0.728630,0.580063,0.526809,0.536097,0.639741,0.625858,0.709494,0.674180,0.628859,0.562363,0.630609,0.626727,0.629220,0.583266,0.641380,0.589755,0.673452,0.578171,0.657951,0.507685,0.589840,0.630572,0.571137,#
20,0.661578,0.622606,0.599349,0.654488,0.731319,0.661579,0.723358,0.670659,0.669307,0.710106,0.620773,0.626697,0.641234,0.686448,0.620279,0.643964,0.742940,0.689551,0.676172,0.633826,1.000000,0.668278,0.601236,0.674426,0.622674,0.700503,0.703887,0.647624,0.619416,0.716675,0.643125,0.681551,0.668701,0.731737,0.674644,0.705603,0.659198,0.639762,0.687909,0.710489,0.644969,0.707712,0.624049,0.688118,0.728268,0.651019,0.667609,0.619494,0.651381,0.611696,0.639320,0.707592,0.639667,0.705840,0.687229,0.725256,0.654799,0.701596,0.693164,0.625550,0.700812,0.622752,0.705039,0.642075,0.753659,0.651451,0.693002,0.619537,0.644264,0.658002,0.690932,0.653682,0.641984,0.673986,0.702454,0.582655,0.618766,0.643719,0.677591,0.691042,0.651438,0.721546,0.691020,0.659206,0.622162,0.663282,0.698997,0.647880,0.651562,0.665723,0.668652,0.632776,0.654343,0.692733,0.724797,0.625299,0.622714,0.639427,0.644341,0.650549,0.716127,0.623699,0.737140,0.696009,0.712032,0.636846,0.688989,0.693754,0.649602,0.701851,0.668706,0.688563,0.620797,0.637967,0.637129,0.614491,0.666132,0.732263,0.548565,0.609136,0.675269,0.686997,0.630884,0.754483,0.676090,0.692454,0.673773,0.621136,0.659345,0.660236,0.705671,0.611854,0.688123,0.719850,0.726808,0.659833,0.627187,0.658613,0.687748,0.731514,0.629080,0.691934,0.673172,0.688909,0.647767,0.609713,0.673090,0.621945,0.672609,0.705086,0.682332,0.712497,0.708424,0.648926,0.742081,0.680433,0.705080,0.641002,0.701720,0.675742,0.652758,0.684359,0.704078,0.658257,0.703888,0.556321,0.606090,0.605993,0.702693,0.628142,0.706488,0.661477,0.723378,0.655203,0.644250,0.704411,0.645626,0.717887,0.647986,0.661004,0.657781,0.632944,0.679822,0.650060,0.661539,0.723957,0.611550,0.698853,0.585736,0.630655,0.537336,0.599242,0.629103,0.747259,0.638640,0.554688,0.630758,0.676351,0.690762,0.645735,#
21,0.587399,0.714313,0.597084,0.673133,0.638584,0.645018,0.575494,0.627643,0.751906,0.631423,0.542314,0.611900,0.578286,0.637743,0.580994,0.636029,0.661774,0.642860,0.674592,0.597355,0.668278,1.000000,0.612407,0.681402,0.579041,0.579311,0.681812,0.577715,0.562908,0.630352,0.649048,0.623334,0.681973,0.674115,0.636474,0.691435,0.642645,0.680488,0.670912,0.623575,0.619866,0.633757,0.616097,0.615344,0.667084,0.605764,0.604965,0.652017,0.641283,0.485494,0.583928,0.665395,0.584712,0.593367,0.675211,0.676538,0.603540,0.618066,0.667584,0.524390,0.670220,0.571302,0.597582,0.569173,0.715866,0.611414,0.635254,0.647925,0.606454,0.623807,0.630632,0.638655,0.637772,0.633038,0.704405,0.598060,0.575151,0.589658,0.635081,0.653381,0.595327,0.625089,0.659904,0.577322,0.702021,0.627142,0.622834,0.660312,0.652066,0.635221,0.573851,0.479878,0.656489,0.610430,0.680644,0.595099,0.637733,0.591795,0.588118,0.629116,0.663478,0.620391,0.655068,0.635356,0.570587,0.692302,0.595319,0.591257,0.649205,0.665462,0.652592,0.598559,0.633993,0.696486,0.542664,0.572121,0.654949,0.662645,0.522199,0.598351,0.617021,0.679377,0.625882,0.658803,0.650497,0.574487,0.630546,0.653614,0.630566,0.640937,0.665056,0.672541,0.674015,0.618160,0.683318,0.598272,0.560025,0.561525,0.639281,0.667761,0.629642,0.667488,0.657758,0.629063,0.610176,0.605667,0.640730,0.603957,0.594190,0.608880,0.672669,0.686248,0.631737,0.641999,0.681867,0.639253,0.633929,0.599592,0.647014,0.606089,0.604491,0.634178,0.729758,0.645140,0.707696,0.575016,0.650833,0.628293,0.550836,0.588265,0.668261,0.587552,0.610304,0.597437,0.621113,0.651582,0.562073,0.711483,0.563701,0.573603,0.607260,0.653462,0.569950,0.628376,0.658097,0.704040,0.644899,0.492441,0.549793,0.650135,0.587199,0.602627,0.647832,0.655531,0.645452,0.550642,0.640177,0.691038,0.618254,0.607932,#
