0,1.000000,0.091637,0.065727,0.110782,0.081504,0.110009,0.222331,-0.037187,0.079920,0.091596,0.148616,0.044525,0.071091,0.050572,0.188937,0.246827,0.277667,0.264132,0.212188,0.244530,0.094969,-0.010116,0.250014,0.372743,0.084126,-0.035312,0.131868,-0.054527,-0.009945,0.147423,0.020413,0.270137,0.107248,0.181410,0.339569,0.144055,-0.011942,0.066405,0.210087,0.107867,0.087522,0.082661,0.276692,-0.080189,0.176302,0.050830,0.081219,0.212818,0.118843,0.257423,0.073650,0.157427,0.150073,0.096245,0.221228,0.084309,0.238988,0.176990,0.115689,0.115036,0.097408,0.304621,0.231377,0.062529,0.081740,0.063224,0.106309,0.159606,0.064654,0.126281,0.108794,0.079225,0.105272,0.204448,0.132269,-0.002382,0.289283,0.217057,0.133125,0.042827,0.027319,0.005801,0.111697,0.192957,0.199566,0.195212,0.251472,0.196857,0.257840,0.240215,0.130052,0.048221,0.160736,0.005946,0.058113,0.153897,0.157895,-0.036468,0.160034,0.208893,0.187017,0.152312,0.052608,0.222987,0.146426,0.213857,0.183377,0.175252,0.223732,-0.044451,-0.019436,0.182052,0.007543,0.145029,0.222475,0.188324,0.079866,-0.043368,0.161328,0.191179,0.140115,0.089036,0.248475,0.187806,0.270106,0.200114,0.179319,-0.048800,0.042449,0.298762,0.155705,0.089714,-0.003054,0.027873,0.165214,0.253444,0.064668,0.031744,-0.054672,0.150140,0.192202,0.115287,0.033279,0.190851,0.059002,-0.062784,0.136043,0.009693,0.104362,0.035535,-0.025509,0.105984,0.067836,0.013425,0.042293,0.219995,0.239935,0.205808,0.216465,0.068587,0.209905,0.234708,0.113427,0.055156,0.052580,0.288332,0.086603,0.156640,0.280590,0.098648,-0.028081,0.033920,0.226088,0.119909,0.002368,0.169806,0.254521,0.213909,0.206995,0.035054,0.188476,0.208500,0.144491,0.096928,0.008845,-0.061677,0.085565,0.318699,0.172754,-0.062922,-0.055898,0.176131,-0.020676,0.173227,0.212310,0.232372,0.012947,0.168806,0.014488,0.126102,#
1,0.091637,1.000000,-0.011567,-0.053210,-0.021207,-0.011595,0.167284,0.147046,0.199161,0.091118,0.130655,0.151996,0.097122,-0.082902,-0.001094,0.002697,0.049084,0.010695,0.002461,0.010837,-0.050538,0.146109,0.117975,-0.078297,0.102583,-0.096463,-0.092713,0.097968,-0.180039,0.016281,0.090470,-0.034320,-0.122310,0.116526,-0.125899,0.021763,0.114335,0.018126,0.130053,0.076028,0.005614,-0.077641,0.114039,-0.013661,0.051473,-0.079571,0.249424,0.011902,0.102101,0.015517,0.011059,-0.025801,0.134132,0.109524,0.095287,0.030271,0.008804,-0.067636,-0.105406,-0.040371,0.026933,0.064450,0.110134,-0.107447,-0.099319,0.163211,0.160461,0.151822,0.110287,0.138996,0.183939,0.155856,0.183812,-0.013889,0.133725,0.026241,0.097678,0.046889,0.262886,-0.054345,-0.047882,0.082534,-0.127026,0.088093,0.163969,0.025642,0.152699,0.199498,0.075578,0.012369,0.062594,0.024700,-0.136357,0.042468,0.022047,0.144194,-0.019289,0.069033,-0.037194,0.037870,0.133648,-0.006704,-0.014534,0.019450,-0.045856,0.141950,0.121606,0.148810,0.192555,0.054186,-0.038155,0.042080,-0.069220,0.043006,0.108709,0.265619,0.139906,-0.108250,0.077139,-0.026552,-0.152964,0.093472,0.065856,0.023592,0.094942,0.012038,0.084066,0.004529,0.176261,0.111202,-0.149909,0.116120,-0.048841,-0.025700,0.055551,0.032816,0.200824,0.107761,0.047821,0.127491,0.204733,0.016587,0.006923,0.164497,0.158329,-0.048692,-0.036273,-0.037604,0.093185,-0.102140,0.192057,0.062401,-0.094873,-0.157406,0.170354,0.130497,0.017268,0.167884,-0.173186,-0.100258,-0.031687,0.128160,0.070305,0.180402,0.094056,0.034246,0.025488,-0.040566,-0.020684,0.116680,0.024722,0.057980,0.035671,0.023604,0.015984,0.167142,0.046732,0.024635,0.045629,-0.033545,0.083968,-0.099498,0.138211,-0.001025,0.089163,-0.037251,0.015867,-0.077543,0.213882,0.149130,0.099758,0.206784,-0.109126,0.013897,0.041756,-0.098448,0.011496,0.277876,-0.059208,0.277754,#
2,0.065727,-0.011567,1.000000,-0.017321,0.159316,0.089339,0.181314,0.109114,0.106955,0.146702,0.164607,0.157368,0.007210,0.217717,0.035189,0.139485,-0.147239,0.066127,0.071222,0.085365,0.157855,0.115047,-0.013220,0.119184,0.055605,0.060333,0.151393,0.066481,-0.024103,0.043684,0.080909,-0.012396,0.109342,-0.010904,0.083287,0.028490,0.064991,0.037568,0.164296,-0.060274,-0.028363,0.054033,0.173808,-0.011645,0.106943,0.058558,0.092263,-0.037924,-0.108201,0.097662,0.083576,0.160755,0.103065,0.112471,0.111477,0.091410,0.129687,-0.029903,0.203857,0.161436,0.347461,0.137781,-0.012754,0.084131,0.072796,0.150376,0.042951,0.117113,0.123368,0.015905,0.167249,0.188422,-0.115880,0.134393,0.215458,0.086589,0.031093,-0.006938,0.059007,0.112234,0.078812,-0.010469,0.120753,-0.041114,0.204311,0.136576,0.064182,0.226036,-0.016964,0.034866,0.085308,0.052862,0.155961,0.204704,0.046052,0.162191,0.125424,0.035880,0.146515,0.032077,0.127092,0.180674,-0.045181,0.147825,-0.071360,0.199590,0.212162,0.238763,0.100972,-0.008580,0.169598,0.184274,0.228343,0.049217,0.052054,0.150426,0.050573,0.044830,-0.081496,0.099695,-0.039932,-0.101888,-0.032580,0.207001,0.080438,-0.075709,0.192997,0.048768,0.159899,0.125572,0.007248,0.098635,0.092333,0.222807,0.175532,-0.009341,0.120671,0.129422,0.167581,0.044630,0.038168,0.189387,-0.112961,-0.069399,0.196226,-0.042907,-0.105182,-0.044534,0.069607,0.025178,0.131445,0.049705,0.225874,0.160143,-0.036442,0.074474,0.054124,-0.064535,0.165414,0.025581,-0.097752,0.100653,0.126740,0.176243,-0.022520,0.229459,0.065827,-0.063246,0.021079,0.136055,-0.070817,0.173537,0.221525,0.118787,0.142598,0.084642,0.053865,0.081460,-0.002978,-0.006420,0.064519,0.224936,-0.059920,0.240125,-0.011531,0.118799,0.060223,0.040351,0.106285,-0.035454,0.016962,0.124010,0.231829,0.230908,0.061918,-0.008256,-0.051350,-0.014363,0.070578,0.186245,#
3,0.110782,-0.053210,-0.017321,1.000000,0.100670,0.051777,0.130616,0.093810,0.294325,0.221301,0.231391,0.096543,0.061697,0.000076,0.181302,0.044858,0.041429,0.143443,0.284017,0.144546,0.097998,0.151511,0.284855,0.175929,0.077057,0.109609,0.181866,0.085081,0.091021,0.218049,0.170241,0.098972,0.320706,0.210136,0.058776,0.122914,0.008161,0.287648,0.236179,0.187422,-0.003102,0.197140,0.199560,0.197035,0.077167,0.173858,-0.068286,0.122763,-0.070671,0.032147,0.149779,0.052615,0.194031,0.008129,0.087012,0.232684,0.072205,0.025351,0.171208,0.165139,0.170785,0.122114,0.088334,0.038499,0.331391,0.036063,-0.048338,-0.090557,-0.183678,0.193466,0.114466,0.163181,0.203540,0.047708,0.038985,0.094219,0.088058,0.123631,0.019713,0.002098,0.154950,0.097134,0.231270,-0.006161,0.189792,0.153853,0.139905,0.153487,0.086192,0.114502,0.299510,0.090811,0.012631,0.095092,0.108607,0.186639,0.039910,-0.025726,0.172511,-0.044733,0.084551,0.166731,0.065037,0.019865,0.380911,0.074449,0.261230,0.213104,0.113278,0.092610,0.059790,-0.021079,0.038779,0.110427,0.075403,0.142258,-0.040165,0.088878,0.106684,0.076941,0.031398,0.168252,0.058844,0.041921,-0.004810,0.155537,0.195256,0.283172,0.071143,0.032589,0.228597,0.171196,0.039593,0.219671,0.033860,0.212984,0.070265,-0.005081,-0.045180,0.054225,0.007465,0.286174,0.136325,-0.045269,0.034280,0.167808,0.204499,0.292740,0.081786,0.182847,0.146403,-0.026792,0.070986,0.122654,0.229285,-0.034417,0.029208,0.104583,0.321739,0.083489,0.033872,0.035505,0.065367,0.186897,0.072037,0.125889,0.179874,0.081659,0.024398,0.140947,0.071680,-0.074841,0.081629,0.089754,-0.001618,0.145374,0.203547,0.090275,-0.009343,0.184901,0.029640,0.246090,0.150212,0.019917,-0.035832,0.015667,0.087441,0.103144,0.133246,0.243110,0.201710,0.137877,0.091772,0.102015,0.164844,0.176668,0.187057,0.080827,0.002340,0.093275,#
4,0.081504,-0.021207,0.159316,0.100670,1.000000,0.162316,0.004756,0.073003,0.131229,0.244877,0.012002,0.128274,0.078561,0.055336,0.105363,0.058637,0.033158,0.077166,0.132378,0.299789,0.329256,0.110931,0.192043,0.199264,-0.099207,0.071365,0.100715,-0.109479,0.161532,0.055170,0.136751,0.120717,0.170218,0.163486,0.062069,0.185348,0.313230,0.103727,0.231249,0.108981,0.031670,0.188206,0.094929,0.060866,0.160549,0.172779,0.250839,0.170046,0.018515,0.008447,0.010899,0.089089,0.174148,0.126756,0.215901,0.205750,0.096174,0.100295,0.160031,0.186790,0.102358,0.205764,0.111761,0.048545,0.098475,0.049856,-0.087759,0.153051,-0.010677,0.102054,0.173527,0.218473,0.237144,0.137744,0.192393,0.028925,0.081040,0.214720,0.172140,0.196115,0.086090,0.136513,0.046248,-0.009209,0.224206,0.119210,0.094344,0.063957,0.040055,0.031057,0.281125,-0.027357,0.132226,0.027301,0.230938,0.190661,0.067532,0.110172,-0.031291,0.105631,0.099660,0.119271,0.179832,0.166977,0.079947,0.234947,0.042668,0.102642,0.274964,0.299438,0.115145,0.187485,0.240140,0.211604,0.066038,0.055829,0.219753,0.104998,-0.005844,0.139586,-0.085702,0.081965,0.077206,0.062123,0.142797,0.032106,0.218939,0.158478,0.311434,0.155954,0.202435,0.033168,0.154936,0.254612,0.159504,0.124853,0.010882,0.011540,0.152957,-0.023716,0.089188,0.135547,0.186885,0.033159,0.215764,0.175767,0.164337,0.173424,0.045683,0.205636,0.017796,0.211744,0.161694,0.267997,0.305447,0.022446,0.227367,0.102937,-0.025114,0.107866,0.167058,0.102770,0.110354,-0.034341,-0.136791,0.117958,-0.025112,0.061540,0.055704,0.152572,-0.023802,0.117523,0.358857,0.180777,0.147624,0.191977,0.173759,0.180752,0.088478,0.167235,0.007613,0.047150,0.109164,-0.016903,0.222869,0.192037,-0.128406,0.144129,0.168369,0.300734,-0.072704,0.129493,-0.043119,0.135702,0.108886,0.214468,0.181625,-0.025442,0.202538,0.293619,#
5,0.110009,-0.011595,0.089339,0.051777,0.162316,1.000000,-0.023892,0.165960,0.126271,0.120755,0.200343,0.107518,0.078600,-0.090767,0.120662,0.138544,0.034492,0.141786,-0.135371,0.289560,0.027585,-0.036681,0.167004,0.093629,0.135711,0.006935,0.223361,0.098500,0.136665,0.082472,0.266507,0.161303,0.221822,0.173138,-0.025608,0.165585,0.053118,-0.016550,0.191552,0.092506,0.211708,0.066031,0.079430,0.135469,0.141783,0.206548,0.204174,0.111721,0.169114,-0.090886,0.135843,0.102811,0.062767,0.045592,0.003638,0.264133,0.197092,0.007769,0.321477,0.181646,0.057074,0.266973,0.144429,0.206620,0.232223,0.130185,-0.110665,0.162914,0.177035,-0.201114,0.105725,0.133400,0.268832,0.108842,0.041736,0.167774,0.193555,0.195995,0.122432,0.117276,0.293257,0.046495,0.173879,0.116787,-0.008202,0.070811,0.230708,0.221825,0.170240,-0.094529,0.010631,0.132678,0.298491,0.318533,0.015226,0.127136,0.002156,0.204059,0.235735,0.146292,0.049084,0.210037,0.014409,0.157306,0.076786,0.257904,0.213101,0.183322,0.110404,0.166577,0.025818,0.264464,-0.005312,-0.000006,0.103773,0.116569,0.113825,0.057479,-0.024965,0.153277,-0.113740,0.087105,0.129058,0.143134,-0.030611,0.014448,0.209955,0.026812,0.092698,0.117245,0.301033,0.149539,0.231369,0.325351,0.125211,0.194940,0.107973,0.108845,0.060771,-0.103582,0.038154,0.059680,0.176247,0.196384,0.238718,-0.018535,0.031118,0.121140,0.134629,0.028432,0.191722,0.049193,0.184812,0.123059,0.033574,0.116760,0.157949,0.093073,0.104848,0.084386,0.158380,0.114287,0.180718,0.161276,0.094897,0.138501,-0.110898,0.236889,0.160599,0.167726,0.303525,0.125307,0.192725,0.064991,0.021363,0.096511,0.185231,0.086229,0.181836,0.162385,0.284938,0.115126,0.259333,0.054751,0.086309,0.135646,0.102959,0.092180,0.101045,0.077637,0.020658,0.178458,0.096065,0.076162,0.052615,0.116335,0.018691,0.057381,0.145117,0.267485,#
6,0.222331,0.167284,0.181314,0.130616,0.004756,-0.023892,1.000000,0.033907,0.189995,0.005422,0.125376,0.104397,0.214927,0.177226,-0.004469,0.045900,0.078478,0.130223,0.100499,0.008224,0.232795,0.189865,-0.031921,0.066704,0.068166,0.022787,0.020676,0.041820,0.036665,0.142170,0.073273,0.048179,0.061304,0.085480,0.122050,0.110094,-0.119787,0.049106,0.117231,0.082753,-0.098933,0.028550,0.153678,0.060486,0.259421,0.040534,0.087639,-0.168970,0.157183,0.077163,0.059303,0.084682,0.164536,0.056056,0.094986,0.095516,0.098634,0.105275,0.190207,0.141896,0.217812,0.020938,0.103555,-0.014934,0.261297,0.192488,0.137703,0.011274,-0.043829,0.073802,0.141828,0.153214,0.039554,0.308501,0.094480,0.157837,0.129098,-0.022138,0.089991,0.021661,0.104046,0.022837,0.138039,0.003785,-0.057782,0.187237,0.166221,0.111130,0.041931,0.054947,0.021931,-0.005469,-0.026848,-0.006633,0.032364,-0.021192,0.279131,0.086875,0.091065,0.183600,0.075748,0.258055,0.205069,0.082088,-0.062594,0.018655,0.161156,0.021159,0.061842,0.003553,0.025439,0.105911,-0.097119,-0.057251,0.197423,0.037338,0.296503,0.007243,0.136593,0.071940,0.156037,0.113333,0.013565,0.162548,0.122691,0.213442,0.064757,0.017402,-0.035437,0.123997,0.014375,0.139561,0.134252,0.028875,0.059039,0.172177,0.056835,-0.009506,0.139491,0.085618,0.167383,0.178814,-0.059049,-0.011995,0.029967,0.032966,0.039946,0.013044,0.096861,-0.049427,0.267304,-0.006586,0.105802,-0.084281,0.090610,0.038226,0.021767,0.248681,0.170629,-0.031049,-0.001299,0.171287,0.106292,0.231900,0.081004,0.198908,0.109996,0.021920,-0.005170,0.050536,0.050022,0.027221,-0.018520,0.007185,0.187023,0.027953,0.060068,0.124335,0.099701,0.016831,0.172564,0.030561,0.192176,0.131071,-0.014363,0.061392,-0.079795,0.173377,-0.016575,0.122325,-0.017650,0.139970,-0.082572,0.252560,0.051091,-0.016077,0.063651,0.061391,0.124429,0.116628,#
7,-0.037187,0.147046,0.109114,0.093810,0.073003,0.165960,0.033907,1.000000,0.307184,0.119468,0.162801,0.142548,0.055201,0.097957,0.228416,-0.030606,0.166764,0.109800,0.064349,0.063836,-0.033303,0.105364,0.153061,0.171096,0.270383,0.135991,0.066818,0.185981,0.037850,0.062146,-0.028607,0.082405,0.116747,0.097500,-0.089236,0.024155,0.088896,0.041125,0.310243,0.056273,-0.082128,-0.102394,0.062020,0.197988,0.162439,0.150544,0.200873,0.050723,-0.057312,0.046152,0.240867,-0.047128,0.046729,0.205191,0.043841,0.058136,-0.063750,0.107421,0.083997,0.132534,0.039855,0.198599,0.040532,-0.017695,0.108036,0.200398,0.005634,0.148382,0.107003,0.341033,0.105378,-0.022121,0.366485,0.062508,0.184521,0.050976,0.057679,0.084051,0.197860,0.164327,0.149107,0.076437,0.062943,0.073235,0.143486,0.062704,0.227066,0.175717,0.048543,0.117258,0.044827,0.004721,0.088758,0.182250,0.117560,-0.108319,0.006699,0.196360,0.099324,0.188629,0.147890,0.127856,-0.021155,0.134002,0.046022,0.222418,0.046743,0.072732,0.074111,0.054485,0.178010,0.029012,0.138430,0.095387,0.289100,0.077267,0.052695,-0.173974,-0.001797,0.252688,0.015407,0.091287,0.035001,0.279870,0.178150,0.070796,0.212859,0.114897,0.123963,0.006180,0.081836,-0.004270,0.231651,0.085981,0.147833,0.233239,-0.062972,0.025381,0.026951,0.098305,0.115717,0.122349,0.174133,0.013259,0.182741,0.144133,0.102040,0.008991,0.162271,0.135278,0.065982,0.060908,0.178820,0.143268,0.020909,0.229795,0.019520,0.183757,0.076737,0.111502,0.151597,0.028669,0.296626,0.037746,-0.063229,0.254390,0.089167,-0.062447,-0.038764,0.070363,0.157136,0.281119,0.222944,0.064792,0.170104,0.053555,0.112809,0.064819,-0.017535,0.172319,0.270345,0.129263,0.026905,0.045178,0.009520,0.255371,-0.044286,-0.081602,0.140328,0.184272,0.174337,0.054640,0.023698,0.052024,0.069806,0.009485,0.002910,0.154717,0.003185,0.195288,#
8,0.079920,0.199161,0.106955,0.294325,0.131229,0.126271,0.189995,0.307184,1.000000,0.298380,0.109437,0.180466,0.113721,0.017800,0.235363,0.243102,-0.021282,0.069383,0.046166,0.073031,-0.063784,0.187056,0.295543,0.169223,-0.068232,0.123940,0.037274,0.212092,-0.027596,0.215062,0.028574,0.095771,0.059403,0.139564,0.027714,0.102663,0.119452,0.086137,0.089676,0.148765,0.000139,0.241269,0.238105,0.106911,0.166151,0.057061,0.001839,0.012284,0.092769,0.117872,0.238797,0.187342,0.083894,0.229831,0.058124,0.273208,0.028273,0.220150,0.104966,0.279616,0.247225,0.126538,0.252286,-0.040224,0.126209,0.293749,0.042775,0.144905,0.186060,0.191219,0.170327,0.040292,0.201965,0.252623,0.169245,0.166238,0.086042,0.078534,0.163508,0.192544,0.156275,0.107627,-0.014128,0.027471,0.109541,0.220815,0.087012,0.065333,-0.089404,0.160147,0.107842,0.066522,0.115637,0.157118,0.245141,0.173627,0.160722,0.095755,0.164864,0.041956,0.144928,0.157035,0.108587,0.262831,0.168728,0.139056,0.248887,0.196403,0.117449,0.162560,0.109539,0.072424,0.040672,0.094188,0.295682,0.269238,0.144403,-0.090323,0.077679,0.254406,0.080529,0.029732,0.124614,0.121093,0.041111,0.225061,0.225124,0.196036,0.054350,0.240543,0.041245,-0.058419,0.251850,0.277361,0.250101,0.256448,-0.024884,0.004028,-0.064633,0.016723,0.015022,0.192919,0.256957,0.063334,0.055302,0.106575,0.233103,0.099613,0.258376,0.082219,0.179480,0.031558,0.111047,0.259455,0.268316,0.192115,0.099600,0.289864,0.139373,0.134152,0.043555,0.084035,0.162749,0.174172,0.178028,0.189373,0.141989,-0.058045,0.088665,0.260541,0.138368,0.175652,0.165804,0.054324,0.246454,0.076789,0.051869,0.106947,0.171330,0.145908,0.237633,0.110417,-0.014186,0.154816,0.153434,0.168693,-0.007984,0.085242,0.236628,0.091288,0.102836,0.117327,0.163360,0.116144,0.137041,0.124479,0.107249,0.082004,0.103698,0.153430,#
9,0.091596,0.091118,0.146702,0.221301,0.244877,0.120755,0.005422,0.119468,0.298380,1.000000,0.223324,0.090735,0.155125,-0.012922,0.246696,0.196257,0.061806,0.084722,0.214976,0.261835,0.242572,0.143584,0.237552,0.306651,0.041127,0.016180,0.168608,0.185285,0.066116,0.160747,0.147202,0.044393,0.075428,0.273262,0.207013,0.173175,0.112101,0.141327,0.244200,0.019211,0.197595,0.057790,0.205533,0.062150,0.145847,0.132675,0.154336,0.098426,-0.082702,0.085618,0.030377,0.073584,0.144846,0.124987,-0.044974,0.196759,0.027831,0.138853,0.231338,0.196459,0.148377,0.143960,0.291429,0.116753,0.145569,0.288476,0.022093,0.150366,0.139242,0.054403,0.363660,0.111834,0.132982,0.116933,0.110173,0.082562,-0.070989,0.170740,0.207904,0.239379,0.112729,0.180456,0.019770,0.047024,0.284357,0.069523,0.098006,0.258700,-0.021782,-0.183118,0.147834,0.328794,0.203282,0.083439,0.228336,0.139670,0.233318,0.261132,0.292404,-0.148499,-0.023437,0.152954,0.307053,0.107219,0.262835,0.232873,0.179255,-0.082547,0.212469,0.175843,0.226748,0.244425,0.287317,0.245501,0.047676,0.218457,0.079914,-0.030961,0.094574,0.081047,0.091110,0.153784,0.209296,0.152646,0.114267,0.121977,0.101017,0.139432,0.267092,0.233046,0.166756,0.058993,0.205569,0.420253,0.215973,0.090806,0.013128,0.091781,0.045016,0.093879,-0.091126,0.242006,0.211240,0.140819,0.031999,0.084035,0.187497,0.161478,0.065811,0.177537,0.029690,-0.099757,0.226363,0.174151,0.288812,0.182380,0.144448,0.242784,0.224603,0.121968,0.071533,0.063295,0.168606,0.303116,0.182308,0.075302,0.068809,0.016440,0.234389,0.143073,0.266843,0.212902,0.119558,0.166943,0.139969,0.221313,0.081326,0.160125,0.290506,0.119940,0.067211,0.097979,0.153298,0.046310,0.041974,0.245412,-0.074432,0.039357,0.423310,0.159656,0.102076,0.160327,0.160012,0.089776,0.076297,0.089508,0.009387,0.167270,0.032872,0.126198,#
10,0.148616,0.130655,0.164607,0.231391,0.012002,0.200343,0.125376,0.162801,0.109437,0.223324,1.000000,0.099051,-0.086547,0.016351,0.066350,0.195842,0.115492,0.064893,0.086887,0.160696,0.046534,-0.058264,0.051656,0.183993,0.008691,-0.032516,0.003199,0.265110,-0.109166,0.200449,0.088148,0.086295,0.167769,0.139564,0.226801,0.103136,0.051876,0.123482,0.154840,-0.003932,0.208584,0.020982,0.005291,-0.025825,0.178069,0.201230,0.194789,0.140457,0.202124,0.310954,0.017257,0.091400,0.173921,0.087321,-0.016919,0.144024,0.005301,-0.046332,0.115071,0.160590,0.101232,0.262262,0.156573,0.294859,0.275143,0.100314,0.141342,-0.043969,-0.036438,0.010132,0.044699,0.202165,0.125921,0.132509,0.058547,0.176871,0.052991,0.188210,0.070525,-0.011760,0.334494,0.097350,0.123547,0.100346,0.222184,0.082197,0.142698,0.306848,0.008883,0.159575,0.154095,0.268943,0.086749,0.252920,0.113009,0.296709,0.007208,0.025903,0.347592,0.148644,0.053841,0.153790,0.139471,0.157224,0.324927,-0.030006,0.121084,0.194378,0.094593,0.083662,-0.068293,0.160881,0.036013,0.126932,0.198959,0.334001,0.074485,-0.086162,0.123692,0.126433,0.097010,0.231748,-0.050709,0.054589,-0.080047,0.129365,0.277920,0.207573,0.148525,0.003424,-0.006250,0.032415,0.036866,0.100072,0.210316,0.085459,0.014240,0.155920,-0.054603,-0.001889,0.219181,-0.025835,0.065315,0.066156,0.049825,-0.069205,-0.070020,0.027423,0.167972,0.050212,0.215859,0.084328,0.250075,0.156837,0.052687,0.056134,0.250262,0.074853,0.270556,0.053388,0.181129,0.057073,0.244701,0.240099,0.068237,0.190299,0.267868,0.101399,0.210536,0.230318,0.091828,0.037060,0.028384,0.111731,0.138583,0.005511,0.194166,0.269116,-0.001161,0.212578,0.102008,0.062399,0.254928,0.024181,0.056273,0.070176,-0.007104,-0.028983,0.074694,0.190992,0.221910,0.102429,0.110741,0.051994,0.218741,0.051236,-0.072136,0.210513,0.104271,0.265363,#
11,0.044525,0.151996,0.157368,0.096543,0.128274,0.107518,0.104397,0.142548,0.180466,0.090735,0.099051,1.000000,0.123543,0.058940,-0.000844,0.035028,0.027034,0.151478,0.109373,-0.077790,0.030205,0.161256,-0.012820,-0.003631,0.067565,0.147981,-0.138322,0.233369,-0.021711,0.114809,0.157280,0.122469,0.083205,0.185909,0.124092,0.066962,0.200415,0.032503,0.058693,0.324588,-0.019611,0.128719,0.171350,0.059645,0.129352,0.151465,0.222957,-0.026090,0.116670,0.078031,0.045667,0.180690,0.134447,0.258428,0.133638,0.028998,-0.153905,0.237676,0.108217,0.088674,0.029579,0.096750,0.195440,-0.007171,0.159352,0.229028,0.162759,0.165934,0.197294,0.130012,0.104219,0.116982,0.062950,0.024254,0.073519,-0.051739,0.123605,0.084830,0.066537,-0.050459,0.100518,0.069505,0.072785,-0.010699,0.108065,0.042063,0.027072,0.080169,0.145610,-0.023309,0.007566,0.281443,0.173286,0.149519,0.216492,0.253926,-0.017925,0.058185,0.132806,0.149145,-0.025008,0.181851,-0.012327,0.139755,0.061067,0.269348,0.094891,0.208560,0.208505,0.201231,0.182686,0.111760,0.142922,0.054575,-0.062191,0.241031,0.008589,0.121446,-0.085075,0.203080,-0.055287,0.096097,0.110690,0.057468,0.007400,0.036099,0.042642,-0.016728,0.224968,0.107787,0.056485,0.170805,0.185604,0.226935,0.044283,0.099392,-0.041712,0.094939,-0.040178,0.209338,0.127991,0.002239,0.146711,0.142437,0.310298,0.021236,0.120770,0.085258,0.038766,0.068137,0.100124,0.082739,0.147658,0.163399,0.137054,0.145463,0.080168,0.081356,0.176265,-0.001760,0.009469,0.243211,0.071868,0.017487,0.089783,0.052634,0.166102,0.053650,0.112255,0.231176,0.065864,0.144916,0.087638,0.037427,0.072890,0.062815,0.053431,0.109913,0.016761,0.260479,0.186693,0.006809,0.128003,-0.012280,0.112216,0.131520,-0.088337,0.161813,0.239460,0.190275,0.175205,-0.034796,0.239026,0.288387,0.227992,0.044665,0.055892,0.130148,-0.041303,0.119842,#
12,0.071091,0.097122,0.007210,0.061697,0.078561,0.078600,0.214927,0.055201,0.113721,0.155125,-0.086547,0.123543,1.000000,0.105005,0.253212,0.064047,0.299378,0.210251,0.222265,0.197226,0.108452,0.156016,0.146908,0.180659,-0.050566,0.019596,0.070081,0.134342,0.126906,0.010990,-0.001751,0.153380,0.169855,0.133655,0.186523,0.175965,0.123262,0.034988,0.060680,0.249012,-0.104463,0.011670,0.135082,0.306362,0.111117,0.118279,0.158131,-0.072038,0.125785,0.010474,0.158594,0.014839,0.105896,0.124587,0.215480,0.033382,-0.034654,0.118242,0.072447,-0.012656,0.017942,0.277723,-0.095221,0.120139,0.269908,0.129923,0.051669,0.119974,0.145306,0.096701,0.147649,0.045742,0.288373,0.053655,0.240771,0.245723,0.186318,-0.086225,0.032384,-0.011933,0.156036,0.061565,0.016385,0.121665,-0.053866,0.114142,0.109061,0.120506,0.251425,0.020038,0.020839,-0.008595,-0.025013,0.016415,0.101896,0.231955,0.354545,0.172778,0.055403,-0.018822,0.027190,0.134627,0.133436,0.228049,0.094019,0.087909,0.137176,0.062388,0.085350,0.094276,0.190477,0.012834,0.115667,0.021229,0.175346,0.050992,0.311866,-0.021170,0.047363,-0.018615,0.144785,0.141488,0.196636,0.229514,0.203074,-0.053165,0.118934,-0.096471,-0.037454,0.134050,0.071870,0.085479,0.002197,0.152854,0.083703,0.030249,0.135582,0.095608,0.217692,-0.022824,0.154366,0.273992,0.152215,0.013028,0.136358,0.156695,0.118844,0.093490,0.051225,0.234808,0.035545,0.221848,0.159024,-0.000076,0.062786,0.346368,0.062087,0.041540,0.135595,0.072195,0.062214,0.274007,0.222873,0.164509,0.254524,0.080988,0.219776,0.126744,0.041504,0.015703,0.202836,0.236293,0.056932,0.188105,0.100003,0.110347,0.151519,0.213966,0.109572,-0.019997,0.130992,0.147884,0.132510,0.087472,-0.022024,0.133873,0.090388,0.326496,0.083008,-0.071988,0.068508,0.022196,0.119405,0.147983,0.106729,0.111344,0.017794,0.117198,0.098232,-0.052921,#
13,0.050572,-0.082902,0.217717,0.000076,0.055336,-0.090767,0.177226,0.097957,0.017800,-0.012922,0.016351,0.058940,0.105005,1.000000,0.128774,0.027754,0.190481,0.136579,0.150962,0.098075,0.161093,0.156454,0.136352,0.170094,-0.109673,0.174115,0.044687,0.168923,0.050235,0.101017,0.004640,0.066887,0.182427,0.081133,0.100295,0.011924,0.061832,0.141847,0.022329,0.126631,-0.043031,0.135270,0.118114,0.074429,0.264131,0.151008,0.071940,0.073645,0.160881,0.103107,0.061785,0.084017,0.109292,0.249629,0.133311,0.090835,-0.054346,0.075138,0.022748,0.134554,0.106167,0.201713,0.135470,0.066129,0.161993,0.010371,0.167505,0.043509,0.142710,0.097711,0.098210,0.127423,-0.104174,0.115593,0.287548,0.233029,0.094073,0.101487,0.201625,0.207469,0.076750,0.152804,0.220554,0.055146,0.056607,0.015937,0.030374,0.049149,0.171426,0.100205,0.127729,0.008318,0.099453,0.223648,0.148910,-0.049317,0.122836,0.012879,0.057339,0.280712,0.078521,0.207292,0.028668,0.317557,0.003289,0.233543,0.135511,0.112180,0.207486,0.129308,0.105871,0.189289,0.212091,0.149866,0.260834,0.168737,0.074505,0.179064,0.032037,0.198030,0.032669,0.108550,0.034871,-0.016138,0.133489,-0.101211,0.012614,-0.134491,0.127732,0.092675,-0.056706,0.073691,0.090722,0.071487,0.268070,0.060678,-0.050002,0.025416,0.124984,0.155130,-0.171150,0.133744,0.252589,0.054031,-0.065719,0.155976,0.112220,0.055611,-0.001167,0.002170,0.004501,0.117071,0.097678,0.202974,0.129886,0.207398,-0.051320,0.006657,0.183544,0.106006,0.044314,0.115264,0.130260,0.148956,-0.002605,0.173276,0.144746,0.029521,0.100708,0.038980,0.083334,0.097627,0.127004,0.167591,0.201021,0.019727,0.114982,0.271309,0.152824,-0.018716,-0.021485,0.192280,0.056855,0.107146,0.121153,0.133165,0.154415,0.112570,-0.118171,0.032543,0.185823,0.058958,0.136149,0.256224,0.151063,0.076081,0.059313,0.087572,0.123926,0.051554,#
14,0.188937,-0.001094,0.035189,0.181302,0.105363,0.120662,-0.004469,0.228416,0.235363,0.246696,0.066350,-0.000844,0.253212,0.128774,1.000000,0.248909,0.149807,0.123736,0.136259,0.281022,0.173674,0.010283,0.120292,0.225261,0.080692,-0.053263,0.186209,0.128305,0.142644,0.116256,0.108632,0.281722,0.137783,0.095018,0.143081,0.051848,0.011602,0.110584,0.159003,0.173805,-0.110743,0.006493,0.193162,0.125558,0.208343,0.194943,0.092939,-0.018961,-0.105378,0.149394,0.149770,-0.060542,0.141119,0.256826,0.179708,0.131369,0.118092,0.125247,0.143513,0.121577,0.186012,0.258675,0.159946,0.233301,0.048291,0.001431,0.045634,0.216685,0.028481,0.242886,0.186024,0.093065,0.203914,0.075540,0.282586,0.123621,0.339149,0.146939,0.084769,0.068397,0.246845,0.271994,0.153436,0.286889,0.185464,0.111563,0.112178,0.274469,0.108560,-0.015864,0.005886,0.012026,0.201427,0.183303,0.045545,0.233375,0.319152,0.130407,0.111259,-0.048381,0.156570,0.224788,0.216648,0.194823,0.279054,0.039151,0.202242,0.073930,-0.058451,0.117844,0.099317,-0.036100,0.218064,0.150691,0.210465,0.179546,0.245214,-0.044868,0.072957,0.061271,0.240654,0.147568,0.120220,0.145253,0.245170,-0.030101,0.078315,0.184657,0.028117,0.296264,0.074078,0.000128,0.139148,0.245095,0.175311,0.166425,-0.119415,0.160333,0.068987,0.056558,0.017216,0.209224,0.129503,0.163050,-0.016652,0.255481,0.128093,0.120997,-0.009458,0.052992,0.143746,0.074726,0.089485,0.136809,0.245316,0.216114,0.139673,0.143643,0.047275,0.142493,0.001871,0.036896,0.188520,0.158283,0.090931,0.142833,0.110100,-0.048707,0.132619,0.226150,0.208081,0.060530,0.188552,0.163242,0.035142,0.173198,0.149983,0.180573,0.207315,-0.046072,0.236378,0.275915,0.076358,0.031934,0.074088,0.073633,0.043733,-0.074192,0.021242,0.159046,-0.049729,0.049239,0.181111,0.148809,0.195862,0.108235,0.041584,0.042558,0.138674,0.053089,#
15,0.246827,0.002697,0.139485,0.044858,0.058637,0.138544,0.045900,-0.030606,0.243102,0.196257,0.195842,0.035028,0.064047,0.027754,0.248909,1.000000,0.128033,0.115404,0.060508,0.127428,-0.022469,0.056257,0.182724,0.265965,-0.008864,0.081037,0.048210,0.085720,0.076598,0.282494,0.064613,0.204578,0.047075,0.144335,0.056435,0.197930,0.096125,0.082793,0.218246,0.009898,-0.054620,0.071011,0.151913,0.134616,0.185246,0.125034,-0.059005,0.185108,0.013143,0.233461,-0.138552,0.271170,0.031469,0.091929,0.152838,0.048339,0.097985,-0.024665,0.108686,0.175768,0.205890,0.153532,0.207765,0.127882,0.024629,0.282070,-0.008932,0.067334,0.058256,-0.071470,0.168057,0.041813,-0.049794,0.059295,0.104410,0.077126,0.120769,0.170839,0.044451,-0.069753,0.288193,0.059138,-0.198981,0.231831,0.218560,0.108545,-0.002390,0.355404,0.043732,-0.002751,0.077780,0.000551,0.086996,0.074169,0.038935,0.139233,0.242594,-0.028908,0.054687,0.038492,0.232580,0.118391,0.093874,0.172639,0.072912,0.151730,0.247328,0.097399,-0.012691,0.156782,-0.106836,0.139868,0.068974,0.072015,-0.024369,0.078749,-0.015074,0.029023,0.040042,0.000229,0.120058,0.022199,0.120610,0.099844,-0.042009,0.080685,0.170984,0.198978,0.026748,0.320977,-0.071011,-0.064036,0.045279,0.198815,0.136606,-0.011518,-0.139863,-0.134566,0.080613,-0.048223,-0.013013,0.062595,0.063746,-0.017428,0.063237,-0.104585,0.061828,0.058176,0.116998,-0.045948,0.154962,-0.084278,0.269756,0.153458,-0.002637,0.185367,0.204726,0.147528,0.056073,0.139169,0.032880,0.043615,0.285322,0.024168,0.106300,0.175694,0.214583,0.153731,0.227921,0.007418,-0.072156,0.171933,-0.141377,0.117293,0.051373,0.185747,0.158977,0.128076,0.081500,0.101661,0.229282,0.087778,0.094026,0.219644,0.044241,0.097941,-0.109433,0.201401,-0.074068,0.056034,-0.085357,0.066653,0.177623,0.059192,0.001897,0.098755,0.195134,0.179635,0.123386,0.010853,#
16,0.277667,0.049084,-0.147239,0.041429,0.033158,0.034492,0.078478,0.166764,-0.021282,0.061806,0.115492,0.027034,0.299378,0.190481,0.149807,0.128033,1.000000,0.085654,0.058403,0.246198,0.207405,0.084528,0.050958,0.137053,0.022406,0.108410,0.160729,-0.066125,-0.092675,0.264619,-0.041912,0.199721,0.163834,0.349294,0.180372,0.106905,0.112001,0.047746,0.224731,0.120370,-0.043836,0.050444,0.080304,0.127499,0.112339,0.149562,0.009657,0.037177,0.018176,0.125936,0.010486,0.017113,0.205348,0.265934,0.106841,0.086623,-0.123459,0.098367,0.126238,0.103351,0.003457,0.236339,0.118879,0.063256,0.150422,0.161018,-0.062904,0.215351,0.122131,0.238620,0.027704,0.070356,0.182531,0.102023,0.146442,0.099624,0.058801,0.182381,0.095947,0.199786,0.147936,0.044655,0.025086,0.250043,0.146460,0.128549,0.216620,0.176718,0.236774,0.134457,0.108071,0.013336,0.096052,0.001315,0.112786,0.096778,0.123484,0.003342,0.090424,0.206611,-0.054196,0.072559,0.089481,0.166920,0.049545,0.197036,0.194601,0.120635,0.147378,0.153062,0.074404,0.122494,0.166930,-0.046316,0.257281,0.128631,0.199216,0.001866,0.110431,0.069775,0.286826,0.244920,0.236173,0.211280,0.311811,0.076716,0.124187,-0.039255,0.074928,0.206303,0.095142,0.056319,0.072763,-0.071360,0.240692,0.144083,-0.050615,-0.039405,-0.026885,0.101183,0.016418,0.100831,0.118638,0.124710,0.137951,0.018222,0.083146,0.040150,0.114253,0.313475,-0.112533,0.114138,0.042823,0.034639,0.077793,0.274285,0.129052,0.108639,0.135333,0.236682,0.004361,0.224382,0.176619,0.083653,0.098506,0.166029,0.145203,0.157659,0.175192,-0.093297,0.179220,0.241014,0.034387,-0.007479,0.105494,0.031947,0.101179,0.163369,0.178385,-0.049996,-0.018119,0.052151,0.123983,-0.054614,0.143816,0.250698,0.092600,0.216886,0.048476,0.064053,0.161598,-0.040158,-0.066882,0.056458,0.060689,0.154464,0.067879,-0.034312,0.001336,-0.040164,#
17,0.264132,0.010695,0.066127,0.143443,0.077166,0.141786,0.130223,0.109800,0.069383,0.084722,0.064893,0.151478,0.210251,0.136579,0.123736,0.115404,0.085654,1.000000,0.101045,0.143062,0.158631,0.111704,0.065926,0.268222,0.146855,0.081495,0.146370,0.047334,-0.030536,0.074395,0.130460,0.029432,0.134730,0.017880,0.116469,0.284051,-0.053905,0.124749,0.286758,0.120247,0.149751,0.213664,0.137357,0.103038,0.073975,0.137825,0.120003,0.212450,0.035367,0.129387,0.199545,0.040904,0.123437,0.036210,0.119878,0.199745,0.071536,-0.027510,0.183818,0.005512,0.099654,0.189977,-0.054494,0.093455,0.116077,0.353885,0.148561,0.283342,0.065506,0.084273,0.114919,0.251116,-0.024030,0.023016,0.100976,0.163021,0.081989,0.073431,0.120177,0.105889,0.137575,0.035745,0.094921,0.059822,-0.011916,0.057523,0.298393,0.103558,0.112736,0.072652,0.124283,-0.075483,0.160546,0.126548,-0.002238,0.243586,0.129486,0.122417,-0.003807,0.081092,0.175871,-0.030524,0.056365,0.194284,0.109175,0.117191,0.137529,0.080979,0.156608,0.045563,0.176225,0.160912,0.007438,0.174882,0.218729,0.005039,0.025196,-0.010276,0.061794,0.093984,0.063383,0.191935,0.035346,0.103420,0.243329,0.201844,0.188551,-0.098435,0.075970,0.171740,0.288197,0.173014,0.174646,0.083510,-0.033471,0.178217,0.053405,0.118229,0.153199,0.226622,0.140691,0.202686,0.230270,0.092803,0.158866,0.144309,0.073465,0.176124,0.032215,-0.048631,0.148938,-0.116360,0.010719,0.084186,0.289430,0.281418,0.189089,0.198860,0.198909,0.044054,0.065829,0.168159,0.259101,0.198398,0.112904,0.144871,0.019191,0.073758,0.165180,0.018044,0.222239,0.038719,0.122994,0.091592,0.130851,-0.003261,0.137415,0.074267,0.052652,0.334284,0.123454,0.239618,0.147656,0.204940,0.121049,0.107563,0.123887,0.191794,0.124087,-0.019560,0.044215,0.162715,0.138853,0.206705,0.175916,0.264667,-0.014715,0.203145,-0.024285,0.129702,#
18,0.212188,0.002461,0.071222,0.284017,0.132378,-0.135371,0.100499,0.064349,0.046166,0.214976,0.086887,0.109373,0.222265,0.150962,0.136259,0.060508,0.058403,0.101045,1.000000,0.261183,0.119284,0.170351,0.200892,0.196798,0.091246,0.117130,-0.057949,0.158633,0.019021,0.009048,-0.074722,-0.019629,0.177123,0.206636,0.245952,0.223510,0.096565,0.175422,0.107650,0.195517,0.106642,-0.046032,0.090992,0.067011,0.276863,-0.026980,0.105953,0.041900,-0.122547,0.136139,0.031770,0.103720,0.164382,0.011107,0.120186,0.141880,0.008221,0.127025,0.078824,0.148381,0.131376,0.093694,0.212244,0.033366,0.329162,0.083438,0.110571,0.084506,-0.184873,0.097487,0.134293,0.061883,0.075065,0.001049,0.190396,0.169067,0.189609,0.125606,0.154615,0.081888,0.008241,0.018793,0.150557,0.089760,0.031574,0.007643,0.143690,0.102238,0.025730,0.074780,0.198756,-0.008447,-0.011238,0.035694,0.219606,0.194129,0.239654,0.050781,0.125560,0.171409,0.122917,0.162414,0.103239,0.089811,0.296072,0.143608,0.047309,-0.025677,0.098688,-0.043860,0.171792,0.068930,0.226810,0.116027,0.039324,0.028184,-0.006872,-0.206893,0.044196,0.134959,0.082528,0.158007,0.142915,-0.057458,0.076090,-0.051325,0.046751,0.145465,0.208103,0.053674,-0.070084,0.182515,-0.055847,0.157464,0.133069,0.130802,0.143689,0.157266,-0.056597,0.035351,-0.020203,0.145082,0.170100,0.154634,0.089897,0.273329,0.076626,-0.000288,0.024712,0.112772,0.022389,0.130361,0.102394,0.143302,0.032006,0.139656,0.135391,0.170749,0.083782,0.186166,0.177677,0.102179,0.184300,0.127049,0.086855,0.350426,0.194849,0.104685,0.103659,0.221606,-0.070944,0.200696,0.129681,0.160588,-0.009940,0.132397,0.196330,0.174880,-0.006941,0.090500,0.058679,0.100003,0.075166,0.102500,0.055961,0.017499,0.302334,0.048387,0.070405,-0.023728,0.133843,0.037878,0.043439,0.247131,0.244444,0.164126,0.019540,0.104872,0.168178,0.000132,#
19,0.244530,0.010837,0.085365,0.144546,0.299789,0.289560,0.008224,0.063836,0.073031,0.261835,0.160696,-0.077790,0.197226,0.098075,0.281022,0.127428,0.246198,0.143062,0.261183,1.000000,0.086359,0.010050,0.179416,0.149206,0.039002,0.002849,0.212662,0.016913,0.019931,0.221711,0.179705,0.084530,0.096348,0.092971,0.117361,0.124102,0.128618,0.022633,0.195355,0.171769,0.101607,0.054497,0.047568,0.018908,0.078678,0.138144,0.246321,0.162975,0.096980,0.182279,0.048914,0.019706,0.113542,0.139860,0.098293,0.205600,0.153408,-0.025588,0.141902,0.185206,0.181488,0.354500,0.234505,0.217178,0.280054,0.031848,0.026884,0.264216,-0.106765,0.027073,0.263097,0.085446,0.187504,0.202163,0.215512,0.265014,0.119658,0.214395,0.316600,0.138581,0.202231,0.055158,0.194540,0.144298,0.060758,0.229079,0.050260,0.314874,0.159959,-0.133281,0.170239,0.001887,0.229007,0.042389,0.030832,0.208549,0.248545,0.125347,-0.011152,0.058612,0.121632,0.217111,0.215262,0.218903,0.191793,0.283909,0.227594,0.199761,0.176439,-0.015264,-0.034010,0.128384,0.272633,0.188333,0.175386,0.045745,0.264702,0.098595,0.109247,-0.097210,0.070047,0.297950,0.182474,0.155898,0.346144,0.013037,0.312211,0.060043,0.164013,0.217377,0.135103,0.077337,0.082213,0.114643,0.237801,0.099993,0.061084,0.152175,-0.009753,0.033492,-0.019374,0.194901,0.152821,0.106015,0.112486,0.157149,0.101447,0.084407,0.118606,0.106086,0.114887,0.250867,0.099284,0.111151,0.210204,0.191014,0.143711,0.171879,0.243087,0.290547,0.228605,0.061018,0.150225,0.074853,0.208727,0.158486,0.075747,0.136693,0.165346,0.073251,0.138435,0.190486,0.309846,0.268658,0.090630,0.095441,0.171571,0.290878,0.244445,0.071099,-0.063748,0.240685,0.210850,0.278472,0.299818,0.148175,0.071323,0.061432,0.158637,0.086006,0.236301,0.244949,-0.007210,0.119588,0.055299,0.353129,-0.049852,0.118794,0.265432,0.147820,#
20,0.094969,-0.050538,0.157855,0.097998,0.329256,0.027585,0.232795,-0.033303,-0.063784,0.242572,0.046534,0.030205,0.108452,0.161093,0.173674,-0.022469,0.207405,0.158631,0.119284,0.086359,1.000000,0.186793,0.045928,0.117291,0.042269,0.203786,0.185641,-0.102976,0.073903,-0.019635,0.001147,-0.022060,0.183426,0.199909,0.154520,0.320428,0.223812,0.159075,0.334606,0.216507,-0.012319,0.219744,0.003604,-0.045625,0.212448,0.088870,0.287798,-0.081456,-0.106938,0.138837,-0.038616,0.048260,0.093135,0.270968,0.267505,0.201083,0.100448,0.206930,0.128594,0.100466,0.141698,0.153125,0.154910,0.009261,0.029230,0.053757,-0.009204,0.154886,0.106943,0.256352,0.349387,0.141991,0.058288,0.127974,0.153786,0.040379,0.041250,0.159281,0.105235,0.079803,0.125176,0.263297,0.166369,0.050952,0.071601,0.078356,0.125890,0.077781,0.113843,0.022162,0.236365,0.049186,0.130747,0.187204,0.306007,0.023772,0.078469,0.232999,0.199812,0.026056,0.146061,0.139006,0.277177,0.047553,0.176370,0.096656,0.168134,0.061621,0.075413,0.258994,0.224213,0.279467,0.178126,-0.051092,0.210450,0.154710,0.286644,0.180726,0.127323,0.229504,0.146641,0.222302,0.085713,0.248418,0.102973,0.164070,0.223321,0.006303,0.352719,0.145959,0.277514,0.110789,0.052682,0.257512,0.108322,-0.033769,0.085903,-0.033462,0.102562,0.126313,0.083181,0.247818,0.109135,0.129025,0.117302,0.124494,0.099878,0.050535,-0.010310,0.258006,0.189423,0.094846,0.040696,0.235175,0.109929,0.124602,0.054878,0.033223,0.072123,0.241436,0.055789,0.220089,0.163150,0.166557,0.168774,-0.020528,-0.019606,0.072015,0.166854,0.077492,0.198150,0.043726,0.237288,0.065414,0.015990,0.072450,-0.051974,0.135306,0.323796,0.089495,0.070666,0.113563,0.065938,0.068401,0.127593,0.028402,0.088479,0.214924,0.095927,0.197060,-0.092021,0.021159,0.017023,0.328763,0.059860,0.017218,0.079063,0.060525,0.242802,0.195907,#
