0,1.000000,0.075784,0.016211,0.057247,0.113523,0.108573,0.164271,-0.047646,0.038442,0.087270,0.142251,-0.002390,0.061131,0.053704,0.186897,0.261034,0.248903,0.260254,0.188872,0.250685,0.071426,-0.016776,0.256196,0.372756,0.076061,0.005078,0.099174,-0.101143,-0.017609,0.123306,0.037214,0.255738,0.124511,0.201611,0.339523,0.142790,-0.006824,0.083213,0.249075,0.125757,0.113278,0.066427,0.228538,-0.108556,0.170295,0.007335,0.060645,0.205059,0.127013,0.253742,0.022069,0.170410,0.087073,0.074414,0.239358,0.116393,0.234270,0.184752,0.119662,0.101176,0.143763,0.277772,0.231069,0.088237,0.100422,0.049917,0.166861,0.125280,0.037652,0.107313,0.122991,0.078794,0.033575,0.217884,0.113608,-0.010281,0.286964,0.142434,0.116283,0.073620,-0.011835,0.011380,0.084713,0.168407,0.215319,0.175955,0.239154,0.208081,0.233415,0.209132,0.087299,0.045687,0.149848,-0.008003,-0.001618,0.137028,0.141186,-0.030299,0.072056,0.213818,0.147872,0.124169,0.043865,0.155031,0.118650,0.211851,0.142511,0.142383,0.200349,-0.083431,-0.042841,0.155448,-0.027088,0.112249,0.203457,0.153620,0.099667,-0.073985,0.190241,0.166952,0.119945,0.082969,0.270272,0.154060,0.226253,0.169397,0.194339,-0.066741,0.059202,0.276409,0.096078,0.114306,-0.067662,-0.010162,0.108923,0.201976,0.040564,0.039096,-0.074722,0.122204,0.205317,0.067158,0.006802,0.217882,0.055969,-0.052896,0.142848,0.044576,0.102867,0.038730,-0.044665,0.124554,0.074807,-0.018389,0.012686,0.210195,0.219877,0.205313,0.160786,0.075425,0.209612,0.220259,0.102317,0.003468,0.067523,0.304797,0.030676,0.162671,0.291975,0.089117,-0.020403,0.019921,0.191090,0.155567,0.028037,0.161778,0.277007,0.195998,0.128016,0.061345,0.200736,0.171725,0.167932,0.068832,0.050842,-0.066465,0.056378,0.321042,0.157239,-0.055235,-0.078972,0.145108,-0.039223,0.186396,0.160829,0.196570,0.004850,0.199389,0.032220,0.098256,#
1,0.075784,1.000000,-0.008781,-0.063348,-0.025727,-0.013539,0.162151,0.140761,0.198630,0.093519,0.122025,0.158636,0.091558,-0.100149,-0.001563,-0.011823,0.053179,0.010112,-0.009651,0.001348,-0.048312,0.152330,0.108650,-0.084486,0.103344,-0.111648,-0.089980,0.096397,-0.189584,0.019352,0.095524,-0.038932,-0.127061,0.105110,-0.141731,0.020939,0.111914,0.006215,0.121293,0.070440,0.001976,-0.079254,0.113766,-0.017102,0.040485,-0.080005,0.241025,0.016021,0.097121,0.004137,0.011267,-0.033259,0.135128,0.107884,0.072052,0.026397,0.008705,-0.075584,-0.114329,-0.042964,0.020855,0.056402,0.104515,-0.103435,-0.104201,0.172008,0.138904,0.157897,0.118580,0.145155,0.167815,0.154729,0.182557,-0.022723,0.132357,0.011437,0.094224,0.054004,0.262406,-0.056744,-0.050416,0.076341,-0.122428,0.083325,0.157609,0.013543,0.144962,0.191029,0.074563,0.000676,0.063171,0.026575,-0.134747,0.028282,0.015904,0.150638,-0.021987,0.062919,-0.042598,0.031817,0.136411,-0.021579,-0.010799,0.012322,-0.049942,0.139196,0.118842,0.141514,0.195065,0.053136,-0.036815,0.039722,-0.068208,0.030475,0.109026,0.265520,0.135667,-0.099873,0.066720,-0.034196,-0.149508,0.085969,0.066914,0.020740,0.100215,0.011808,0.067523,0.005956,0.181280,0.103719,-0.140332,0.124169,-0.036526,-0.022933,0.057163,0.023095,0.197399,0.112729,0.051389,0.134919,0.195990,0.016656,0.011579,0.163749,0.160629,-0.055057,-0.032671,-0.031674,0.080163,-0.103303,0.184447,0.051192,-0.111550,-0.179783,0.180965,0.122176,0.014874,0.164935,-0.194790,-0.106490,-0.044880,0.127462,0.064721,0.184746,0.089208,0.023571,0.010467,-0.059083,-0.021301,0.113359,0.029796,0.055235,0.037127,0.011031,0.016898,0.171255,0.032098,0.011015,0.050048,-0.043916,0.064875,-0.108906,0.124074,-0.018545,0.086829,-0.035989,0.016657,-0.094361,0.213703,0.144652,0.092353,0.204735,-0.112381,-0.001358,0.041007,-0.090277,0.005372,0.273921,-0.060827,0.273891,#
2,0.016211,-0.008781,1.000000,-0.062681,0.144893,0.048708,0.155033,0.081867,0.060824,0.115834,0.158186,0.141746,-0.036669,0.208648,-0.012161,0.135438,-0.157644,0.017367,0.073530,0.032265,0.127186,0.153233,-0.034988,0.102926,0.041366,0.077119,0.128340,0.008622,-0.083189,0.026775,0.048490,-0.031286,0.094598,-0.039086,0.035342,-0.014899,0.084645,0.054053,0.144772,-0.095374,-0.008416,0.026848,0.176577,-0.028874,0.091330,0.043589,0.049325,-0.015317,-0.092941,0.072675,0.038507,0.202091,0.043913,0.035453,0.077392,0.046196,0.136250,-0.041304,0.168154,0.158449,0.349330,0.071439,-0.042139,0.103796,0.093615,0.108714,0.036879,0.066170,0.104994,-0.012163,0.115448,0.173707,-0.156616,0.132888,0.242023,0.051236,-0.018166,-0.003819,0.046572,0.060796,0.044235,-0.048093,0.095822,-0.064650,0.192837,0.085926,-0.012921,0.163738,-0.061039,0.013154,0.040467,0.065092,0.120824,0.173767,0.027143,0.156936,0.101749,0.002402,0.065243,0.028231,0.145331,0.108448,-0.072807,0.105662,-0.108976,0.189696,0.169868,0.171612,0.110355,-0.000864,0.123966,0.167101,0.190903,0.013196,0.007248,0.136126,0.025236,0.019882,-0.097259,0.073360,-0.038296,-0.112973,-0.065020,0.171179,0.077145,-0.111649,0.173608,0.011697,0.163430,0.066141,-0.022031,0.072387,0.096642,0.185219,0.153615,-0.087194,0.078182,0.123250,0.146373,0.005665,0.031438,0.166229,-0.175832,-0.064301,0.196957,-0.072533,-0.121162,-0.055232,-0.002197,0.008168,0.116526,0.077525,0.223307,0.112224,-0.083173,0.051807,0.035143,-0.103579,0.098769,-0.000005,-0.100099,0.038852,0.102093,0.151815,-0.046743,0.200994,0.056766,-0.087761,0.006805,0.152239,-0.082459,0.163947,0.177609,0.062418,0.112449,0.055199,0.009719,0.031241,-0.078197,-0.022012,0.054775,0.192379,-0.086193,0.196746,-0.028331,0.098040,0.044156,0.003009,0.072531,-0.032336,-0.021385,0.081235,0.193816,0.179288,0.043660,-0.030500,-0.068060,-0.000889,0.076983,0.169402,#
3,0.057247,-0.063348,-0.062681,1.000000,0.096686,0.031601,0.076289,0.062063,0.250832,0.225089,0.191015,0.079941,0.018571,-0.045989,0.174373,0.023777,0.055526,0.118504,0.265056,0.107454,0.089500,0.181960,0.266873,0.173142,0.059527,0.107054,0.185509,0.036084,0.054301,0.207299,0.172485,0.077456,0.312554,0.192494,0.007713,0.106767,0.028621,0.291026,0.223085,0.177159,0.016453,0.181806,0.186564,0.149236,0.041669,0.164583,-0.108708,0.143505,-0.066336,-0.007856,0.109064,0.082722,0.152754,-0.055139,0.043867,0.222889,0.076309,0.006265,0.127122,0.154309,0.178908,0.052693,0.085011,0.056172,0.321801,0.013789,-0.069549,-0.125620,-0.178148,0.175299,0.066388,0.164727,0.166097,0.001285,0.085449,0.058712,0.046116,0.121972,0.013160,-0.022792,0.119381,0.071886,0.229326,-0.044267,0.178395,0.095789,0.064129,0.091996,0.033303,0.077162,0.282307,0.101605,-0.028710,0.036836,0.086766,0.187133,0.024973,-0.052401,0.099060,-0.059401,0.090303,0.096503,0.054974,-0.044426,0.344819,0.084166,0.213236,0.145191,0.124701,0.101754,0.033497,-0.046334,0.022558,0.038321,0.039434,0.138863,-0.048984,0.078850,0.071376,0.035163,0.038071,0.148681,0.051374,0.018466,-0.006110,0.123908,0.161432,0.279154,0.084178,-0.022713,0.225556,0.189620,0.049213,0.207131,0.005748,0.166100,0.012217,0.006980,-0.052985,0.038251,-0.021194,0.284137,0.103725,-0.034122,0.045546,0.153080,0.222103,0.342225,0.019196,0.190231,0.087099,-0.049862,0.038072,0.056071,0.234555,-0.062025,-0.001614,0.094724,0.263914,0.069407,0.004936,0.002017,0.052888,0.176855,0.049369,0.104507,0.122231,0.041322,0.045232,0.135150,0.089147,-0.100445,0.062266,0.055173,-0.012714,0.134219,0.153650,0.033846,-0.057176,0.163401,-0.021424,0.208921,0.135737,-0.076994,-0.035760,0.009625,0.082046,0.047397,0.110298,0.243233,0.160138,0.115152,0.055639,0.052571,0.133123,0.152160,0.174634,0.086392,0.002612,0.034960,#
4,0.113523,-0.025727,0.144893,0.096686,1.000000,0.166958,-0.001481,0.079949,0.131337,0.242078,0.027036,0.101716,0.087718,0.078608,0.108400,0.083246,0.015796,0.080483,0.139341,0.315969,0.319703,0.097151,0.206905,0.207652,-0.099681,0.103577,0.084101,-0.118082,0.171394,0.044553,0.140567,0.122947,0.183690,0.181890,0.087843,0.190680,0.308942,0.123082,0.250680,0.123277,0.044046,0.185258,0.078313,0.058944,0.174424,0.154425,0.255693,0.159935,0.025978,0.024882,-0.002930,0.096524,0.160466,0.136308,0.245956,0.223084,0.093972,0.115530,0.177046,0.184445,0.125888,0.219884,0.115467,0.053177,0.113229,0.042769,-0.036806,0.141906,-0.030393,0.089576,0.199375,0.217770,0.216473,0.158248,0.168058,0.045779,0.090929,0.171927,0.165764,0.214058,0.077889,0.148127,0.030613,-0.007801,0.236377,0.133916,0.116166,0.086139,0.041088,0.035186,0.269091,-0.031687,0.132198,0.046309,0.207794,0.174802,0.064977,0.121278,-0.058665,0.115666,0.078719,0.136562,0.173136,0.156687,0.080072,0.231973,0.041963,0.117565,0.258425,0.269742,0.109948,0.182719,0.226185,0.228879,0.064815,0.041218,0.229938,0.085054,0.022749,0.144090,-0.095736,0.090350,0.087519,0.054047,0.118422,0.025670,0.244057,0.152852,0.308800,0.164961,0.167448,0.036830,0.108921,0.240492,0.138129,0.121203,0.017803,0.009148,0.142132,-0.038606,0.104709,0.112871,0.180476,0.044338,0.208463,0.186496,0.161828,0.177531,0.068761,0.205150,0.033038,0.237922,0.185360,0.288215,0.290828,0.031116,0.225229,0.108258,-0.028452,0.118910,0.183571,0.104790,0.112058,-0.056538,-0.120014,0.138461,-0.025571,0.086967,0.059459,0.154157,-0.027124,0.118772,0.347880,0.207721,0.158022,0.189313,0.203473,0.197604,0.059988,0.189715,0.040666,0.046438,0.130503,0.001171,0.236669,0.187879,-0.138627,0.170235,0.169073,0.306600,-0.067046,0.123664,-0.043710,0.163566,0.094418,0.193944,0.185341,-0.008418,0.209183,0.310632,#
5,0.108573,-0.013539,0.048708,0.031601,0.166958,1.000000,-0.041715,0.159896,0.103574,0.104117,0.205901,0.073730,0.063609,-0.079664,0.102337,0.161474,0.022472,0.118356,-0.126690,0.282108,0.003332,-0.030508,0.172350,0.101353,0.120417,0.047505,0.204574,0.069632,0.121499,0.062547,0.250628,0.157240,0.224914,0.177710,-0.023736,0.149723,0.067583,0.012640,0.192971,0.089582,0.238025,0.050266,0.069168,0.120068,0.147907,0.194704,0.196038,0.116377,0.190431,-0.091254,0.103622,0.140755,0.024096,0.010777,0.023426,0.255643,0.198740,0.016784,0.314090,0.178949,0.074772,0.250705,0.140900,0.213854,0.248684,0.096762,-0.074858,0.130804,0.155319,-0.234216,0.104252,0.127781,0.245859,0.115983,0.053547,0.172587,0.175609,0.168210,0.114848,0.100645,0.274718,0.040323,0.148488,0.110055,-0.005747,0.056511,0.215979,0.196840,0.142203,-0.096225,-0.020264,0.135051,0.271892,0.325484,0.006409,0.105497,-0.009581,0.199382,0.190858,0.154761,0.043360,0.193975,-0.006557,0.133806,0.056450,0.257769,0.193345,0.165398,0.106003,0.162424,-0.007048,0.256493,-0.035918,-0.012079,0.078748,0.102081,0.112259,0.024236,-0.018311,0.146041,-0.119335,0.093492,0.117142,0.123708,-0.049556,-0.009191,0.224295,0.005128,0.086750,0.098777,0.262902,0.135407,0.199720,0.298251,0.099502,0.169263,0.091501,0.101255,0.040791,-0.139820,0.040266,0.042736,0.139849,0.207630,0.235858,-0.018282,0.022610,0.120828,0.121714,0.027100,0.196567,0.081403,0.208112,0.119099,-0.001893,0.116890,0.146577,0.082816,0.077343,0.085541,0.178585,0.088816,0.175658,0.133766,0.090596,0.142312,-0.119391,0.255545,0.162942,0.178725,0.299262,0.121286,0.165551,0.061545,0.007903,0.076812,0.185436,0.079510,0.133963,0.174323,0.317723,0.100184,0.268245,0.042306,0.087596,0.122001,0.089883,0.095835,0.084522,0.088578,0.008409,0.159656,0.071146,0.075246,0.031943,0.082714,0.019110,0.072288,0.153142,0.275299,#
6,0.164271,0.162151,0.155033,0.076289,-0.001481,-0.041715,1.000000,-0.000596,0.140241,0.010106,0.067404,0.089867,0.176108,0.131294,-0.008419,0.021372,0.104799,0.108118,0.068553,-0.030347,0.241156,0.219817,-0.060601,0.067318,0.046583,0.010476,0.033257,-0.002855,0.004369,0.129012,0.075115,0.023929,0.043962,0.066446,0.072663,0.098471,-0.099041,0.038088,0.096082,0.073520,-0.081952,0.010220,0.139404,-0.003435,0.226475,0.037977,0.058709,-0.157694,0.167291,0.035586,0.016927,0.117965,0.131861,0.003363,0.048619,0.085274,0.103435,0.085368,0.140932,0.128895,0.222793,-0.054287,0.110308,-0.004000,0.233968,0.182103,0.103248,-0.006413,-0.017982,0.051241,0.094248,0.159960,0.002392,0.243382,0.155434,0.127496,0.086556,-0.017623,0.089206,-0.001710,0.067337,-0.002849,0.139312,-0.035773,-0.078352,0.129941,0.089588,0.040321,-0.020252,0.015196,0.002235,0.001830,-0.074241,-0.076094,0.020021,-0.026548,0.276723,0.065375,0.018127,0.173264,0.082364,0.199459,0.202366,0.026099,-0.123009,0.035984,0.107577,-0.058064,0.075202,0.022536,0.005537,0.088502,-0.105682,-0.152968,0.168460,0.038885,0.299847,-0.002043,0.087137,0.027611,0.168896,0.087218,0.005307,0.154252,0.130164,0.183319,0.022463,0.011744,-0.025832,0.078681,0.015051,0.163267,0.153921,0.017460,0.037258,0.139751,-0.005623,0.008429,0.146771,0.078623,0.127985,0.191066,-0.099618,-0.002005,0.046780,0.019108,0.056759,0.057889,0.036146,-0.038081,0.200101,-0.044502,0.068862,-0.163316,0.101714,0.014601,-0.012883,0.250959,0.104997,-0.044990,-0.040764,0.155711,0.102685,0.233829,0.054044,0.178638,0.035898,-0.026095,0.026311,0.035421,0.071530,0.003803,-0.028614,-0.026891,0.182480,0.014658,0.000479,0.070580,0.077257,-0.014950,0.116961,-0.015478,0.180268,0.035103,-0.015141,0.061942,-0.082007,0.112484,-0.042490,0.115144,-0.071755,0.127502,-0.125630,0.205963,0.013644,-0.047712,0.048618,0.057569,0.123270,0.052524,#
7,-0.047646,0.140761,0.081867,0.062063,0.079949,0.159896,-0.000596,1.000000,0.285754,0.117810,0.147642,0.119603,0.037375,0.087764,0.226818,-0.028690,0.165320,0.098258,0.052225,0.053638,-0.046016,0.113047,0.149681,0.173324,0.260764,0.150235,0.058737,0.161414,0.022778,0.048385,-0.030077,0.071758,0.117323,0.097669,-0.102652,0.015922,0.099229,0.048722,0.311674,0.057350,-0.066244,-0.116119,0.044208,0.171747,0.152921,0.135865,0.186739,0.054986,-0.050014,0.033861,0.215588,-0.028130,0.011953,0.185492,0.039701,0.060385,-0.063523,0.106703,0.069021,0.124663,0.055930,0.172288,0.041082,-0.006459,0.107870,0.189335,0.018512,0.131038,0.103897,0.323797,0.094659,-0.023046,0.338827,0.051286,0.194933,0.040607,0.041183,0.062803,0.192921,0.162865,0.126381,0.069995,0.050802,0.056033,0.143458,0.036912,0.203777,0.154105,0.021320,0.100285,0.023125,0.006021,0.069454,0.164595,0.096333,-0.116961,-0.003355,0.190893,0.047945,0.189113,0.139445,0.099152,-0.029844,0.098783,0.019958,0.227118,0.014538,0.038418,0.072018,0.047415,0.164498,0.014640,0.124671,0.064650,0.274625,0.066350,0.055736,-0.192957,-0.004822,0.237153,0.012343,0.084082,0.036411,0.266148,0.165987,0.049872,0.208299,0.106146,0.130415,-0.018534,0.059778,0.002203,0.210251,0.067085,0.124589,0.206879,-0.092356,0.030497,0.018324,0.084349,0.109303,0.108466,0.154242,0.025965,0.185869,0.141914,0.107652,0.028836,0.143108,0.138407,0.041101,0.063180,0.176014,0.118100,0.007683,0.222828,0.003214,0.180937,0.035846,0.109222,0.147319,0.012011,0.290994,0.018209,-0.068116,0.253049,0.057629,-0.071950,-0.025993,0.066046,0.164897,0.273528,0.209644,0.063094,0.172370,0.044473,0.103322,0.043902,-0.057720,0.172460,0.267281,0.106555,0.031435,0.006833,0.019845,0.253787,-0.054553,-0.100998,0.128090,0.186479,0.154973,0.038102,0.003339,0.040573,0.043648,-0.011876,-0.003955,0.165230,0.008378,0.176038,#
8,0.038442,0.198630,0.060824,0.250832,0.131337,0.103574,0.140241,0.285754,1.000000,0.293740,0.080397,0.161861,0.076781,-0.014909,0.220071,0.234768,-0.021812,0.038217,0.022344,0.034177,-0.089949,0.218654,0.282879,0.161622,-0.085344,0.132566,0.021642,0.165171,-0.073999,0.202572,0.020331,0.076288,0.049559,0.124193,-0.019212,0.079557,0.138629,0.090570,0.085337,0.135512,0.021408,0.225441,0.225209,0.071385,0.142718,0.035292,-0.040653,0.029376,0.106019,0.088272,0.199133,0.219846,0.024281,0.177604,0.023488,0.262189,0.030190,0.212341,0.068728,0.274276,0.260791,0.059289,0.244042,-0.019517,0.131228,0.278565,0.039389,0.110549,0.186843,0.174024,0.128215,0.032469,0.157718,0.233165,0.197595,0.130182,0.048420,0.066247,0.155931,0.173579,0.119906,0.082920,-0.034219,-0.004350,0.101065,0.171427,0.014297,0.013638,-0.138835,0.126399,0.070361,0.076364,0.083662,0.111771,0.213514,0.172741,0.143807,0.073030,0.080707,0.035044,0.148087,0.085967,0.096993,0.210576,0.131130,0.140779,0.201638,0.126875,0.123854,0.160201,0.077012,0.048096,0.010099,0.034926,0.269136,0.259184,0.138694,-0.113075,0.060879,0.224950,0.082909,0.011803,0.119115,0.089201,0.033203,0.197295,0.201901,0.178809,0.067247,0.193391,0.017727,-0.059388,0.245839,0.255472,0.223247,0.196851,-0.081351,0.009033,-0.083499,-0.010206,0.001744,0.173466,0.226721,0.080872,0.059625,0.089359,0.245059,0.128305,0.206218,0.078903,0.140759,0.031261,0.090130,0.205345,0.258452,0.172294,0.076547,0.278269,0.062260,0.119476,0.027000,0.042246,0.146521,0.150565,0.164463,0.171694,0.094658,-0.093200,0.098070,0.264719,0.150455,0.160911,0.134971,0.022730,0.242798,0.059354,0.013825,0.054161,0.114771,0.133356,0.214633,0.065308,-0.028800,0.084810,0.160929,0.161846,-0.023883,0.041524,0.215106,0.091342,0.060913,0.082836,0.129276,0.072174,0.105627,0.101481,0.092449,0.098188,0.111910,0.110935,#
9,0.087270,0.093519,0.115834,0.225089,0.242078,0.104117,0.010106,0.117810,0.293740,1.000000,0.233271,0.059807,0.144492,0.007604,0.231272,0.223998,0.054780,0.057452,0.247808,0.255389,0.226482,0.150797,0.246208,0.317463,0.022124,0.060154,0.158828,0.171329,0.055517,0.142095,0.117200,0.042701,0.074702,0.276650,0.218160,0.156386,0.131021,0.178204,0.231538,0.011817,0.223424,0.044680,0.207164,0.049938,0.158496,0.134893,0.156204,0.103272,-0.060433,0.093931,0.003626,0.118650,0.126623,0.100008,-0.018278,0.178534,0.028685,0.151277,0.221480,0.198282,0.156354,0.131689,0.290352,0.112173,0.157045,0.253997,0.045564,0.123935,0.120743,0.014262,0.364681,0.107317,0.128514,0.117688,0.130223,0.101508,-0.096881,0.157076,0.205300,0.211607,0.098037,0.175698,-0.007374,0.046779,0.283949,0.064680,0.083833,0.224526,-0.053508,-0.170715,0.130729,0.333744,0.170792,0.093611,0.238941,0.113258,0.229113,0.257846,0.274282,-0.140862,-0.021388,0.148043,0.286739,0.102835,0.249966,0.235844,0.169834,-0.100858,0.212512,0.187325,0.202328,0.243399,0.270438,0.259791,0.021760,0.213070,0.074662,-0.065983,0.088959,0.080638,0.090396,0.167199,0.186318,0.143504,0.101824,0.104196,0.119215,0.123334,0.252878,0.229052,0.133970,0.030217,0.186511,0.402081,0.203328,0.083737,0.000045,0.079117,0.028073,0.064222,-0.094973,0.237550,0.173441,0.143720,0.028439,0.086486,0.176801,0.150082,0.055624,0.179158,0.035828,-0.069034,0.259203,0.190007,0.263612,0.189803,0.134887,0.235209,0.226502,0.125221,0.096803,0.039799,0.170777,0.287486,0.173088,0.078062,0.097316,0.041994,0.235465,0.158658,0.257059,0.214335,0.098360,0.156026,0.116643,0.200310,0.078706,0.167557,0.265447,0.130295,0.103281,0.093944,0.164160,0.046317,0.029734,0.232039,-0.080991,0.047741,0.415971,0.172751,0.100576,0.151286,0.137899,0.091135,0.066100,0.053217,0.016332,0.173671,0.035968,0.141645,#
10,0.142251,0.122025,0.158186,0.191015,0.027036,0.205901,0.067404,0.147642,0.080397,0.233271,1.000000,0.100164,-0.100904,-0.019646,0.071123,0.169626,0.110192,0.074036,0.038847,0.151627,0.043738,-0.052321,0.038502,0.166920,0.017727,-0.056463,-0.012113,0.244979,-0.129924,0.204266,0.123847,0.073425,0.172646,0.134151,0.194822,0.108138,0.042338,0.098892,0.180722,0.000926,0.208327,0.015331,-0.022674,-0.040686,0.154080,0.165685,0.163837,0.146309,0.190987,0.291194,-0.004372,0.066534,0.139783,0.074312,-0.051830,0.166988,0.006014,-0.060190,0.111434,0.150294,0.117177,0.240493,0.147579,0.327252,0.280492,0.124030,0.142564,-0.054939,-0.034787,0.034181,0.026016,0.203558,0.076988,0.133449,0.039349,0.130822,0.057267,0.160885,0.060840,0.016937,0.321043,0.091043,0.130553,0.076863,0.227591,0.049764,0.119124,0.322302,0.009119,0.112089,0.134337,0.272957,0.101309,0.221439,0.052951,0.317286,-0.006424,0.019626,0.330000,0.139854,0.037816,0.116330,0.154967,0.105169,0.317032,-0.036015,0.091581,0.155443,0.089172,0.045605,-0.070738,0.142487,0.023475,0.086725,0.200998,0.318531,0.082160,-0.076635,0.135917,0.101785,0.090965,0.213886,-0.020901,0.030819,-0.089657,0.120835,0.254391,0.207553,0.180715,-0.029233,-0.011660,0.072166,0.019296,0.095307,0.187215,0.032585,-0.009843,0.176893,-0.057945,0.000847,0.227714,-0.058840,0.078230,0.086263,0.052043,-0.080315,-0.054596,0.067459,0.147556,0.044081,0.189445,0.064533,0.215732,0.103258,0.058951,0.033220,0.244811,0.071686,0.225420,0.042292,0.155150,0.048829,0.226681,0.222086,0.076895,0.184012,0.210048,0.062175,0.216188,0.216228,0.112377,0.023231,0.013169,0.117084,0.169050,0.016575,0.189099,0.234369,-0.039439,0.206623,0.060796,0.028399,0.241500,-0.025801,0.086907,0.077844,-0.023418,-0.058735,0.068127,0.183924,0.197943,0.079502,0.109879,0.031847,0.194980,0.063926,-0.092987,0.229808,0.114120,0.229347,#
11,-0.002390,0.158636,0.141746,0.079941,0.101716,0.073730,0.089867,0.119603,0.161861,0.059807,0.100164,1.000000,0.098134,0.036436,-0.042032,0.006935,0.018384,0.122008,0.103311,-0.127205,0.006599,0.190577,-0.037699,-0.038277,0.071000,0.124983,-0.158967,0.204775,-0.072614,0.118647,0.136364,0.110937,0.063621,0.144428,0.068897,0.033160,0.194849,0.022523,0.035945,0.282538,-0.026394,0.113083,0.181565,0.075898,0.111215,0.135774,0.178986,-0.005865,0.116059,0.051810,0.033521,0.173428,0.104154,0.211884,0.075146,-0.017446,-0.150898,0.218125,0.083008,0.086850,0.007250,0.054643,0.152384,0.008700,0.177321,0.215497,0.125498,0.137202,0.181405,0.136034,0.046767,0.094457,0.050871,0.036612,0.066745,-0.098996,0.096836,0.105804,0.055564,-0.092329,0.089719,0.035111,0.065778,-0.019600,0.088673,0.003162,-0.024172,0.045344,0.141229,-0.045213,-0.020979,0.288736,0.167374,0.120086,0.190351,0.264874,-0.040172,0.026261,0.107271,0.137921,-0.002309,0.126105,-0.019423,0.120393,0.057295,0.238722,0.072906,0.155494,0.215088,0.193151,0.155522,0.097644,0.112529,0.044128,-0.082654,0.226231,-0.023752,0.125463,-0.089957,0.189478,-0.049384,0.088651,0.088600,0.023611,0.017498,0.030090,0.008103,-0.043384,0.227471,0.060041,0.059153,0.147787,0.201521,0.205686,0.041537,0.033514,-0.064380,0.084588,-0.055925,0.196038,0.129337,-0.021227,0.132749,0.138394,0.298836,-0.013368,0.109187,0.066331,-0.022668,0.038484,0.101170,0.096521,0.122194,0.119455,0.115055,0.117661,0.078140,0.042970,0.134873,-0.034687,0.004824,0.194969,0.039389,0.007738,0.073664,0.011996,0.176029,0.018121,0.075910,0.240285,0.056944,0.137075,0.051066,-0.024137,0.048144,0.049505,0.012164,0.065164,-0.018620,0.232615,0.164341,-0.018643,0.079772,-0.047250,0.089131,0.115380,-0.098618,0.130208,0.217103,0.186129,0.152679,-0.071388,0.218316,0.226151,0.234441,0.061134,0.038071,0.134677,-0.039317,0.108737,#
12,0.061131,0.091558,-0.036669,0.018571,0.087718,0.063609,0.176108,0.037375,0.076781,0.144492,-0.100904,0.098134,1.000000,0.095909,0.241557,0.065419,0.289429,0.195456,0.211004,0.181030,0.088325,0.168800,0.142516,0.176720,-0.059437,0.037943,0.047894,0.094564,0.101871,-0.005317,-0.003899,0.141728,0.172107,0.132431,0.167261,0.163084,0.132161,0.044345,0.074114,0.246519,-0.086952,-0.006571,0.114343,0.286487,0.099128,0.091644,0.130985,-0.065723,0.136375,-0.004856,0.121328,0.033143,0.054613,0.087582,0.205280,0.032661,-0.034566,0.117214,0.057902,-0.022998,0.038360,0.244671,-0.104124,0.141332,0.284602,0.112788,0.073703,0.088059,0.130736,0.081791,0.131423,0.039556,0.245539,0.057575,0.241007,0.222307,0.170396,-0.113524,0.020776,-0.015864,0.126934,0.049918,-0.004260,0.102549,-0.052281,0.082679,0.071286,0.102168,0.227779,-0.007589,-0.016262,-0.005183,-0.042476,-0.010571,0.064071,0.226201,0.342419,0.163171,-0.023136,-0.019817,0.016577,0.090911,0.124126,0.181647,0.068557,0.084308,0.099324,0.012087,0.080796,0.075652,0.167694,-0.007929,0.085886,-0.015562,0.153793,0.030741,0.313791,-0.043308,0.054136,-0.044479,0.139466,0.135047,0.200817,0.201799,0.185752,-0.081046,0.113770,-0.120202,-0.028050,0.099920,0.038170,0.092059,-0.023855,0.123606,0.049578,-0.024251,0.107908,0.099475,0.203902,-0.050344,0.157839,0.241614,0.126018,0.030247,0.135565,0.148811,0.122002,0.113566,0.020421,0.230675,0.013812,0.240982,0.155065,-0.043036,0.038187,0.335175,0.045832,0.029916,0.080056,0.064785,0.059395,0.251084,0.208269,0.132931,0.254010,0.077433,0.193937,0.117030,0.045870,0.013441,0.209745,0.225940,0.023095,0.181844,0.102235,0.098300,0.143802,0.186982,0.049690,-0.016791,0.127069,0.116038,0.132000,0.047854,-0.008206,0.126301,0.071577,0.315027,0.063673,-0.070099,0.041634,-0.009065,0.096044,0.131030,0.076749,0.091316,0.006449,0.138423,0.108488,-0.086411,#
13,0.053704,-0.100149,0.208648,-0.045989,0.078608,-0.079664,0.131294,0.087764,-0.014909,0.007604,-0.019646,0.036436,0.095909,1.000000,0.155005,0.022884,0.198305,0.149754,0.117106,0.109503,0.171824,0.151150,0.136044,0.182287,-0.118794,0.176525,0.050456,0.154983,0.056267,0.090708,0.035002,0.055506,0.190873,0.094649,0.096276,0.027116,0.068935,0.134725,0.045493,0.149454,-0.028863,0.133544,0.084595,0.028881,0.249083,0.133009,0.065911,0.069498,0.159131,0.090122,0.035173,0.087996,0.087173,0.260310,0.130800,0.128054,-0.055673,0.071237,0.014339,0.122583,0.134377,0.187118,0.155511,0.080219,0.143188,0.019908,0.179883,0.045954,0.160193,0.092617,0.104079,0.140967,-0.150446,0.085830,0.295709,0.224307,0.094120,0.066512,0.201484,0.243422,0.052729,0.161401,0.226104,0.030424,0.064642,-0.007876,0.010691,0.050293,0.148437,0.068772,0.121837,0.005660,0.090425,0.201720,0.116526,-0.052748,0.123715,0.019051,0.011165,0.280095,0.054903,0.197667,0.033711,0.281551,-0.027443,0.253018,0.107770,0.092945,0.202370,0.110691,0.114404,0.178371,0.221049,0.102432,0.260275,0.162982,0.098527,0.176306,0.028825,0.176162,0.027612,0.091683,0.062931,-0.020188,0.120014,-0.124921,0.005032,-0.129776,0.148371,0.084284,-0.071087,0.117735,0.064624,0.071866,0.242832,0.050008,-0.079326,0.047909,0.132605,0.161103,-0.181094,0.126103,0.258028,0.073675,-0.055332,0.166544,0.135913,0.109078,-0.003434,0.020203,-0.045169,0.090919,0.079699,0.176436,0.147778,0.202839,-0.071615,0.024577,0.153949,0.115994,0.017732,0.131013,0.135180,0.136649,0.000714,0.187405,0.075441,0.012439,0.136553,0.016790,0.107416,0.084670,0.134963,0.195622,0.230836,0.026942,0.116873,0.259608,0.138135,-0.017293,-0.052832,0.170828,0.075053,0.063199,0.153783,0.145844,0.149946,0.093797,-0.123148,0.026480,0.166351,0.057493,0.132873,0.262048,0.113788,0.055248,0.051629,0.095809,0.130163,0.006830,#
14,0.186897,-0.001563,-0.012161,0.174373,0.108400,0.102337,-0.008419,0.226818,0.220071,0.231272,0.071123,-0.042032,0.241557,0.155005,1.000000,0.284201,0.141819,0.093714,0.168013,0.275742,0.152046,0.016135,0.130595,0.241941,0.058860,0.002475,0.173245,0.103486,0.131715,0.091257,0.077008,0.282382,0.139970,0.104554,0.156257,0.031424,0.034799,0.154433,0.152880,0.170525,-0.078806,-0.011029,0.189389,0.105629,0.222947,0.193890,0.092820,-0.014750,-0.078438,0.159340,0.116372,-0.005232,0.111346,0.231743,0.210648,0.116519,0.119965,0.140523,0.131597,0.121333,0.203285,0.245605,0.162254,0.233116,0.061873,-0.049286,0.079872,0.184283,0.004530,0.195177,0.189841,0.088538,0.190110,0.077451,0.303866,0.145282,0.316576,0.123843,0.079736,0.039960,0.228486,0.269122,0.122315,0.288079,0.188015,0.104178,0.093107,0.236947,0.069093,-0.001974,-0.021945,0.014572,0.162956,0.194785,0.053463,0.202323,0.314937,0.126586,0.055944,-0.037102,0.154822,0.217435,0.191195,0.183685,0.259509,0.044723,0.185244,0.057393,-0.062060,0.129039,0.063888,-0.044094,0.194270,0.152966,0.183139,0.170410,0.244051,-0.088707,0.070289,0.056438,0.239792,0.160921,0.097389,0.131261,0.227621,-0.058057,0.101439,0.165395,0.011763,0.289694,0.028474,-0.029387,0.111666,0.214093,0.152556,0.154324,-0.143379,0.149652,0.049259,0.019181,0.013306,0.201543,0.079666,0.171413,-0.020708,0.261488,0.117314,0.113105,-0.022693,0.057590,0.150643,0.116949,0.125145,0.147833,0.212052,0.224715,0.126654,0.136624,0.026884,0.148848,0.027671,0.008543,0.190935,0.133345,0.081593,0.150020,0.134759,-0.019409,0.139396,0.243778,0.198262,0.058516,0.162932,0.157034,0.011016,0.147079,0.150528,0.187130,0.164037,-0.030872,0.282706,0.271772,0.094903,0.023969,0.067070,0.056115,0.034656,-0.067807,0.001968,0.176020,-0.059407,0.034330,0.154083,0.153378,0.179140,0.062594,0.048803,0.054440,0.145373,0.061495,#
15,0.261034,-0.011823,0.135438,0.023777,0.083246,0.161474,0.021372,-0.028690,0.234768,0.223998,0.169626,0.006935,0.065419,0.022884,0.284201,1.000000,0.136376,0.132189,0.044101,0.155511,-0.007386,0.037574,0.192384,0.288978,-0.021066,0.096575,0.064604,0.088280,0.102791,0.268058,0.089058,0.200510,0.059154,0.168844,0.079046,0.222035,0.105111,0.086005,0.231890,0.041340,-0.037074,0.074143,0.123306,0.088842,0.181481,0.121571,-0.041285,0.172309,0.014874,0.235816,-0.156437,0.281472,0.029360,0.114746,0.177029,0.090676,0.096214,-0.018565,0.109462,0.165579,0.230168,0.160381,0.237965,0.125141,-0.000625,0.292123,0.015736,0.081371,0.076173,-0.086300,0.194278,0.060226,-0.071735,0.026335,0.120773,0.098704,0.125950,0.133455,0.048315,-0.033627,0.276249,0.077990,-0.198909,0.218937,0.227331,0.110925,0.003575,0.356771,0.020045,-0.011495,0.084948,-0.005713,0.073178,0.070454,0.032687,0.123845,0.251907,-0.010926,0.037083,0.041012,0.204188,0.135885,0.096752,0.155232,0.049843,0.177168,0.239589,0.111189,-0.019676,0.148054,-0.095705,0.136874,0.086446,0.041006,-0.025146,0.079940,0.014247,0.017901,0.035345,-0.010999,0.115209,0.013525,0.142709,0.114189,-0.055039,0.065906,0.181719,0.216113,0.033301,0.339712,-0.083834,-0.029569,0.018470,0.208949,0.116908,0.014687,-0.153555,-0.116386,0.090798,-0.043190,-0.027163,0.073398,0.063084,-0.003959,0.075676,-0.079023,0.080072,0.101381,0.142915,-0.017015,0.122488,-0.109703,0.272919,0.158282,0.015624,0.193520,0.188482,0.175840,0.053860,0.160502,0.018936,0.074160,0.302499,0.020269,0.110510,0.200063,0.175891,0.160644,0.266916,-0.011140,-0.054042,0.165721,-0.122847,0.159052,0.075215,0.193058,0.172284,0.138853,0.085747,0.111673,0.225884,0.082437,0.126579,0.209923,0.070258,0.109947,-0.104779,0.201615,-0.067466,0.054293,-0.092916,0.083499,0.181252,0.087756,-0.029481,0.067313,0.198217,0.177555,0.123733,-0.012659,#
16,0.248903,0.053179,-0.157644,0.055526,0.015796,0.022472,0.104799,0.165320,-0.021812,0.054780,0.110192,0.018384,0.289429,0.198305,0.141819,0.136376,1.000000,0.065543,0.086256,0.233013,0.206755,0.091126,0.049124,0.143968,0.004723,0.121950,0.172507,-0.064378,-0.096314,0.253831,-0.073096,0.199963,0.150121,0.335033,0.181243,0.094924,0.127930,0.064799,0.185437,0.107050,-0.033264,0.046033,0.095772,0.115445,0.116604,0.171646,0.020594,0.041708,0.031726,0.126919,0.009524,0.049980,0.221370,0.260731,0.109783,0.059362,-0.121987,0.098887,0.106411,0.104873,-0.010547,0.239961,0.120565,0.044394,0.136634,0.135854,-0.076154,0.214587,0.127359,0.205649,0.019088,0.069140,0.206454,0.074528,0.176670,0.118729,0.034150,0.198045,0.100142,0.161770,0.149122,0.036425,0.017724,0.255534,0.132535,0.128729,0.209414,0.130546,0.209965,0.158067,0.115719,0.015409,0.064827,0.005663,0.149407,0.078987,0.126139,-0.003790,0.100855,0.206490,-0.036496,0.075831,0.073414,0.191686,0.038301,0.202456,0.199606,0.128679,0.155276,0.183617,0.063087,0.129569,0.172305,-0.045840,0.243758,0.139010,0.186079,-0.012103,0.076835,0.073735,0.293149,0.251220,0.204150,0.220091,0.316056,0.069398,0.123671,-0.041851,0.053925,0.209709,0.095532,0.028409,0.090733,-0.076545,0.250528,0.165134,-0.059141,-0.049523,-0.027275,0.091431,-0.006507,0.125445,0.095054,0.112523,0.138947,0.018326,0.073286,0.022230,0.104134,0.315125,-0.117482,0.123597,0.058148,0.051605,0.072003,0.279516,0.121364,0.104467,0.156893,0.234683,0.014223,0.219277,0.182975,0.095396,0.077533,0.154629,0.183472,0.167589,0.175987,-0.083973,0.169381,0.242482,0.036587,-0.031614,0.073908,0.015518,0.076654,0.172047,0.195955,-0.058216,-0.006748,0.060775,0.120132,-0.058822,0.113519,0.242012,0.102813,0.213286,0.042735,0.068150,0.164326,-0.030895,-0.082566,0.047535,0.067095,0.128922,0.075843,-0.048369,-0.006857,-0.030215,#
17,0.260254,0.010112,0.017367,0.118504,0.080483,0.118356,0.108118,0.098258,0.038217,0.057452,0.074036,0.122008,0.195456,0.149754,0.093714,0.132189,0.065543,1.000000,0.109885,0.123728,0.128300,0.126306,0.066360,0.263685,0.138495,0.118507,0.114961,0.003875,-0.063107,0.056642,0.112338,0.020960,0.137911,0.016796,0.105931,0.264228,-0.045208,0.153219,0.293928,0.109984,0.173022,0.196797,0.126455,0.098246,0.076390,0.114288,0.095320,0.224109,0.053723,0.127654,0.164284,0.070458,0.071871,-0.012758,0.125435,0.185325,0.073219,-0.021901,0.176311,0.000842,0.117287,0.158223,-0.072301,0.110200,0.146996,0.328136,0.180211,0.244979,0.031578,0.059287,0.102223,0.241423,-0.063838,0.047838,0.097955,0.150530,0.061078,0.046470,0.107715,0.086510,0.111325,0.021867,0.064763,0.049521,-0.010130,0.033359,0.278921,0.081670,0.090658,0.063586,0.083952,-0.072559,0.141333,0.121218,-0.029459,0.230909,0.110761,0.110790,-0.086698,0.088112,0.172238,-0.078033,0.036363,0.159797,0.092989,0.106573,0.107734,0.038853,0.152005,0.032210,0.141301,0.145924,-0.037060,0.172222,0.194444,-0.019086,0.017542,-0.042691,0.076917,0.081634,0.056230,0.199922,0.023411,0.068772,0.223725,0.181732,0.197665,-0.133254,0.076155,0.140821,0.246146,0.158180,0.142144,0.039778,-0.067903,0.125448,0.031448,0.109055,0.128776,0.194519,0.152501,0.166981,0.195282,0.107036,0.151645,0.135840,0.063448,0.174428,0.002211,-0.061505,0.157987,-0.081935,0.024758,0.063029,0.253276,0.276383,0.180408,0.180353,0.159374,0.035742,0.083344,0.129364,0.243100,0.162317,0.111844,0.141875,0.016386,0.081705,0.155861,0.029475,0.216076,0.032176,0.078659,0.078713,0.119668,-0.026542,0.137189,0.054607,-0.020211,0.347268,0.148377,0.219395,0.147453,0.197712,0.124413,0.089768,0.103167,0.195052,0.102544,-0.009119,0.026904,0.129205,0.112428,0.194933,0.157094,0.241419,-0.021431,0.229143,-0.013996,0.129058,#
18,0.188872,-0.009651,0.073530,0.265056,0.139341,-0.126690,0.068553,0.052225,0.022344,0.247808,0.038847,0.103311,0.211004,0.117106,0.168013,0.044101,0.086256,0.109885,1.000000,0.265447,0.143100,0.173132,0.192564,0.209750,0.079705,0.100801,-0.030858,0.159382,0.025502,0.002668,-0.055384,-0.032721,0.173218,0.207404,0.232915,0.243486,0.109744,0.160008,0.100401,0.210605,0.116666,-0.047215,0.074505,0.015439,0.256390,-0.021232,0.107796,0.042584,-0.130316,0.116499,0.019422,0.112409,0.171064,0.010999,0.100429,0.163478,0.008356,0.115102,0.054822,0.138971,0.137804,0.074624,0.236941,0.033836,0.290433,0.096553,0.084669,0.105608,-0.150480,0.091394,0.124729,0.078111,0.061397,-0.059490,0.228355,0.164039,0.181415,0.123936,0.162903,0.097342,-0.007578,0.019099,0.167172,0.068270,0.025326,-0.019456,0.120361,0.076983,-0.007609,0.051992,0.214766,-0.008585,-0.032125,-0.000550,0.217981,0.195759,0.250566,0.051610,0.117326,0.163338,0.117562,0.152942,0.111843,0.067936,0.270270,0.170100,0.022719,-0.049049,0.105857,-0.031172,0.191731,0.064327,0.257659,0.061533,0.033676,0.039867,0.007990,-0.205670,0.008894,0.113640,0.089982,0.137986,0.157791,-0.045605,0.081886,-0.069040,0.022937,0.167472,0.222126,0.048306,-0.056514,0.225219,-0.041860,0.179893,0.128311,0.145898,0.117822,0.184582,-0.039177,0.050790,-0.054403,0.168557,0.176490,0.163463,0.109104,0.281783,0.100804,0.047501,0.013027,0.137129,-0.040575,0.085776,0.074582,0.118055,0.066481,0.135531,0.116908,0.193231,0.064731,0.194016,0.146403,0.125428,0.198428,0.141225,0.075751,0.351615,0.139148,0.077342,0.144948,0.203307,-0.047871,0.191307,0.158083,0.165338,0.002846,0.141701,0.169712,0.160024,0.009416,0.073366,0.010706,0.085419,0.080546,0.048969,0.067645,0.031624,0.316885,0.011254,0.072093,-0.036187,0.112803,0.052166,0.037995,0.237303,0.223513,0.146053,0.013894,0.094202,0.164074,-0.048921,#
19,0.250685,0.001348,0.032265,0.107454,0.315969,0.282108,-0.030347,0.053638,0.034177,0.255389,0.151627,-0.127205,0.181030,0.109503,0.275742,0.155511,0.233013,0.123728,0.265447,1.000000,0.065122,0.010050,0.188020,0.166868,0.018592,0.054246,0.193424,-0.024467,0.010091,0.193177,0.173031,0.074997,0.106025,0.110658,0.126079,0.114041,0.147060,0.055408,0.210251,0.181608,0.137048,0.036162,0.019399,-0.018816,0.079322,0.116692,0.237439,0.162975,0.118399,0.183306,-0.002014,0.063317,0.063288,0.110613,0.127370,0.215201,0.153408,-0.014114,0.131543,0.175521,0.215450,0.331806,0.241707,0.227089,0.288110,-0.004019,0.076036,0.231529,-0.127298,-0.012774,0.269644,0.085446,0.140432,0.197625,0.227520,0.270677,0.100071,0.162685,0.307104,0.138581,0.167116,0.055158,0.163743,0.126656,0.069859,0.213711,0.022440,0.291380,0.118417,-0.145538,0.136766,0.001887,0.194750,0.033783,0.008165,0.179851,0.237768,0.125347,-0.105644,0.068092,0.100541,0.195453,0.195085,0.174340,0.158071,0.291484,0.192480,0.175055,0.165261,-0.024512,-0.067346,0.111205,0.245344,0.163169,0.147206,0.026192,0.275009,0.056795,0.116242,-0.118356,0.060052,0.299870,0.182474,0.134205,0.313754,-0.021779,0.330280,0.041144,0.164013,0.199503,0.080692,0.078757,0.034717,0.077372,0.194940,0.070033,0.032659,0.153119,-0.029870,-0.001801,-0.019052,0.171317,0.108369,0.126028,0.112486,0.164827,0.102011,0.104636,0.110560,0.114580,0.097381,0.279846,0.119916,0.097802,0.181324,0.191014,0.121851,0.171879,0.206750,0.297625,0.241939,0.040290,0.149203,0.035640,0.207405,0.173889,0.048364,0.155144,0.185307,0.073686,0.139412,0.180853,0.283909,0.281626,0.090630,0.075687,0.180128,0.284923,0.183519,0.090170,-0.043927,0.216591,0.234240,0.261822,0.315967,0.137027,0.053708,0.062095,0.141067,0.096732,0.219792,0.225024,-0.037966,0.128549,0.013901,0.300991,-0.049852,0.139155,0.276087,0.132945,#
20,0.071426,-0.048312,0.127186,0.089500,0.319703,0.003332,0.241156,-0.046016,-0.089949,0.226482,0.043738,0.006599,0.088325,0.171824,0.152046,-0.007386,0.206755,0.128300,0.143100,0.065122,1.000000,0.203488,0.043734,0.122115,0.023095,0.236595,0.177806,-0.134501,0.052926,-0.037740,-0.033702,-0.028526,0.176609,0.192375,0.147984,0.301631,0.245454,0.189134,0.311723,0.201857,0.010011,0.206999,0.007746,-0.062411,0.217109,0.093129,0.282046,-0.071699,-0.086482,0.136842,-0.069345,0.092448,0.069547,0.241377,0.269590,0.172596,0.102973,0.211762,0.106823,0.100170,0.142228,0.128362,0.149266,0.007075,0.036029,0.011286,-0.002427,0.127380,0.094857,0.219398,0.333248,0.135542,0.051846,0.119008,0.181011,0.046974,0.007671,0.158150,0.101711,0.040370,0.109301,0.250264,0.145532,0.045617,0.063945,0.059577,0.094789,0.029286,0.078125,0.030694,0.220659,0.054146,0.094820,0.186065,0.314985,0.003252,0.070512,0.221307,0.167929,0.029897,0.155579,0.115952,0.257485,0.035432,0.156989,0.097943,0.150752,0.034629,0.080316,0.274984,0.196940,0.276694,0.160080,-0.064976,0.184866,0.151255,0.275871,0.154311,0.110236,0.226412,0.150199,0.230076,0.057686,0.237258,0.098419,0.144918,0.227069,-0.013824,0.341651,0.126683,0.255556,0.083204,0.050618,0.235103,0.096995,-0.053888,0.065402,-0.046159,0.088571,0.099440,0.071228,0.246474,0.066757,0.130617,0.116234,0.118424,0.089526,0.038323,-0.040629,0.257939,0.190522,0.124402,0.058026,0.237444,0.082179,0.124628,0.041996,0.018091,0.051113,0.237737,0.071826,0.194407,0.159653,0.154945,0.152518,-0.029433,-0.006788,0.083218,0.166742,0.090810,0.190080,0.040556,0.218054,0.038642,-0.014172,0.047478,-0.070838,0.127787,0.301359,0.087781,0.089669,0.103366,0.065517,0.051942,0.109745,0.011136,0.084984,0.210620,0.077402,0.208125,-0.108253,0.004944,-0.014076,0.311922,0.050256,-0.014300,0.081190,0.064036,0.245453,0.203563,#
