0,1.000000,0.281198,0.279429,0.174065,0.249047,0.286466,0.281880,0.188101,0.269697,0.262237,0.330302,0.293108,0.238209,0.158714,0.311959,0.227004,0.385179,0.442894,0.189802,0.192979,0.327194,0.380506,0.278676,0.313027,0.214790,0.197670,0.247887,0.304441,0.330014,0.239805,0.164547,0.125643,0.250928,0.159964,0.155300,0.260457,0.285153,0.221972,0.206928,0.361604,0.070529,0.324470,0.119867,0.307326,0.200266,0.217957,0.381483,0.174130,0.370512,0.261338,0.361294,0.196423,0.187289,0.183960,0.357787,0.169981,0.278678,0.253874,0.185559,0.168356,0.295384,0.198170,0.229902,0.252656,0.371256,0.050048,0.348875,0.244987,0.223673,0.302002,0.407826,0.395525,0.278310,0.319431,0.209917,0.205876,0.096662,0.290932,0.277128,0.150762,0.300350,0.180127,0.265425,0.234785,0.241699,0.352470,0.227745,0.163955,0.330576,0.199423,0.247611,0.198257,0.131362,0.162036,0.286409,0.286258,0.218642,0.273379,0.288331,0.260211,0.244002,0.328807,0.144377,0.228432,0.163142,0.263775,0.256702,0.274515,0.213243,0.214337,0.208318,0.324798,0.310164,0.282893,0.152258,0.367608,0.342878,0.104210,0.340268,0.323976,0.314482,0.076789,0.167609,0.153016,0.176029,0.393961,0.134490,0.219442,0.247729,0.313844,0.255281,0.316692,0.248685,0.152698,0.244593,0.174172,0.296996,0.242138,0.297406,0.474378,0.181999,0.228361,0.255517,0.287559,0.332181,0.260005,0.232575,0.084676,0.291047,0.187334,0.285016,0.137186,0.246270,0.236193,0.227842,0.089402,0.090429,0.140750,0.336244,0.353499,0.336757,0.222246,0.142808,0.310760,0.268396,0.106718,0.032697,0.110724,0.226933,0.187083,0.371517,0.011496,0.384371,0.445091,0.233959,0.222197,0.327514,0.189433,0.340723,0.265072,0.257286,0.390338,0.136648,0.084506,0.144533,0.415325,0.271085,0.413099,0.317335,0.061473,0.291935,0.268185,0.036440,0.068922,0.274692,0.180160,0.175134,0.192626,0.206367,0.324814,#
1,0.281198,1.000000,0.138538,0.180055,0.359829,0.266643,0.272171,0.228721,0.073561,0.232940,0.350780,0.244518,0.246139,0.282289,0.191420,0.147241,0.161153,0.196549,0.317505,0.141425,0.160680,0.331662,0.094005,0.242291,0.318097,0.313338,0.285267,0.295411,0.339931,0.091542,0.287811,0.199886,0.369386,0.231553,0.269582,-0.018695,0.219427,0.236043,0.142380,0.198465,0.249603,0.227151,0.362092,0.185999,0.206239,0.137189,0.301271,0.271613,0.287335,0.178753,0.365732,0.116670,0.286220,0.156432,0.289954,0.197697,0.276833,0.302062,0.315355,0.287635,0.294648,0.246906,0.172407,0.249756,0.323974,0.179437,0.199537,0.309265,0.272419,0.109866,0.355756,0.198916,0.300711,0.262036,0.292343,-0.015522,0.283679,0.195919,0.309322,0.258263,0.191345,0.381288,0.286653,0.380907,0.088986,0.264174,0.265512,0.218960,0.266344,0.311219,0.322004,0.360224,0.143146,0.170679,0.145243,0.287627,0.158386,0.214717,0.201444,0.216300,0.133792,0.156864,0.164079,0.201111,0.166191,0.125211,0.203736,0.287780,0.189499,0.265020,0.345926,0.285153,0.275308,0.240059,0.253964,0.333785,0.365192,0.121089,0.361870,0.270224,0.155063,0.288728,0.268338,0.215150,0.207781,0.319351,0.199113,0.115750,0.294482,0.180419,0.370288,0.255272,0.097425,0.115669,0.357524,0.275811,0.209325,0.147186,0.230632,0.361327,0.313112,0.127083,0.012881,0.098044,0.331514,0.197596,0.265767,0.056390,0.333730,0.266112,0.256588,0.240028,0.244695,0.126126,0.243263,0.200751,0.211533,0.337297,0.272675,0.140458,0.077398,0.272687,0.096895,0.263721,0.236946,0.290540,0.081628,0.262879,0.233567,0.284096,0.314723,0.176928,0.179999,0.273085,0.338735,0.188136,0.039948,0.301686,0.282778,0.193942,0.266049,0.193438,0.201229,0.281860,0.324782,0.363400,0.177877,0.417058,0.223945,0.182542,0.337380,0.283268,0.081286,0.107316,0.228909,0.288372,0.105227,0.311156,0.070493,0.226507,#
2,0.279429,0.138538,1.000000,0.330393,0.123618,0.298119,0.210466,0.209411,0.046521,0.083876,0.018285,0.158588,0.197809,0.180713,0.180490,0.089049,0.224763,0.237752,0.248183,0.175717,0.137238,0.281136,0.320742,0.272479,0.207899,0.219739,0.284256,0.116548,0.203349,0.104928,0.280860,0.230578,0.230175,0.095864,0.100897,0.166674,0.267577,0.225323,0.138683,0.201309,0.242168,0.283863,0.137818,0.076967,0.032770,0.317826,0.243345,0.261758,0.182893,0.200440,0.209785,0.251468,0.239494,0.204989,0.199489,0.295417,0.024670,0.210334,0.073862,0.106673,0.008213,0.264435,0.178397,0.258386,0.343205,0.216356,0.177716,0.131436,0.133695,0.310513,0.224175,0.046274,0.112892,0.239253,0.223345,0.250959,0.108070,0.207288,0.190494,0.328871,0.313980,0.097830,0.115058,0.194826,0.101266,0.236675,0.288113,0.203260,0.051519,0.223417,0.155612,0.183482,0.129250,0.072869,0.165934,0.152414,0.115263,0.124926,0.170178,0.173759,0.255195,0.276001,0.136110,0.107381,0.266253,0.095448,0.117016,0.225950,0.069039,0.192560,0.308156,0.263743,0.159350,0.150920,0.074695,0.173627,0.057550,0.202506,0.077235,0.105076,0.172790,0.166443,0.204608,0.067903,0.104825,0.128604,0.092004,0.121434,0.204249,0.184638,0.200057,0.228093,0.137499,0.068578,0.140381,0.257420,0.097279,0.263589,0.056156,0.159012,0.019036,0.117614,0.219607,0.178032,0.360131,0.101702,0.311297,0.047787,0.323586,0.137691,0.233464,0.196755,0.206487,0.123790,0.035520,0.056963,0.059743,0.145953,0.268358,0.129760,0.317792,0.247896,0.205252,0.316871,0.211689,0.050341,0.075522,0.214527,0.108124,0.143443,0.174378,0.205406,0.166936,0.230738,0.296966,0.226101,0.325161,0.265989,0.348582,0.149546,0.244628,0.099089,0.077353,0.037997,0.093933,0.246237,0.208822,0.251809,0.214409,0.042638,0.235218,0.069018,0.200027,0.115267,0.277611,0.080053,0.166601,0.075553,0.286607,0.259602,#
3,0.174065,0.180055,0.330393,1.000000,0.215861,0.080048,0.170029,0.266749,0.123745,0.206733,0.166736,0.192045,0.078487,0.211640,0.103256,0.072366,0.171568,0.275059,0.099355,0.158020,0.089939,0.232149,0.221393,0.258442,0.197609,0.201287,0.184438,0.009458,0.153323,0.093131,0.288129,0.215999,0.171645,0.353836,0.023716,0.178972,0.220194,0.273104,0.200507,0.071718,0.193287,0.195591,0.258267,0.088852,0.172114,0.350156,0.281080,0.216967,0.228406,0.205344,0.319275,0.131002,0.074253,0.237200,0.045705,0.275646,0.172588,0.246589,0.126415,0.203187,0.139257,0.121785,0.126285,0.301419,0.216591,0.111201,0.095327,0.280730,0.082780,0.237073,0.312815,0.060894,0.036499,0.308433,0.255914,0.183095,0.061378,0.310502,0.205519,0.234050,0.173599,0.157629,0.216579,0.229996,0.101229,0.216046,0.290437,0.098622,0.136311,0.325543,0.136562,0.248039,0.090890,0.201468,0.053203,0.176198,0.098685,0.061488,0.292318,0.030376,0.194416,0.142616,0.216552,0.184691,0.195576,0.120230,0.224313,0.217926,0.082763,0.057956,0.191324,0.237040,0.141273,0.238851,0.064798,0.176947,0.196983,0.117475,0.142728,0.194520,0.227064,0.117736,0.249318,0.236951,0.146217,0.156671,0.161280,0.049605,0.220857,0.206173,0.149207,0.128637,0.291737,0.264024,0.238211,0.317698,0.103415,0.089936,0.259007,0.295992,0.177912,0.083467,0.226274,0.176693,0.365405,0.107374,0.321086,0.160214,0.287029,0.148999,0.244738,0.041209,0.080279,0.131747,0.093460,0.101337,0.215872,0.176374,0.066021,0.274925,0.303305,0.203184,0.281851,0.387819,0.240591,0.268620,0.170123,0.136530,0.178263,0.260066,0.251216,0.186242,0.124865,0.323762,0.285099,0.133909,0.122514,0.091251,0.153572,0.101696,0.200949,0.289619,0.258015,0.241247,0.089124,0.183292,0.119823,0.251421,0.072275,-0.003881,0.269661,0.149413,0.115302,0.147538,0.110880,0.238816,0.133545,0.164420,0.172532,0.245967,#
4,0.249047,0.359829,0.123618,0.215861,1.000000,0.202234,0.381515,0.184471,0.183449,0.207179,0.252771,0.096095,0.193665,0.235293,0.065952,0.119080,0.104327,0.196171,0.217755,0.227351,0.135101,0.270105,0.269011,0.243877,0.129720,0.260544,0.137187,0.244164,0.357160,0.007992,0.173287,0.145281,0.316485,0.170410,0.201776,0.113664,0.063224,0.359689,0.097592,0.232576,0.291126,0.252947,0.193017,0.144780,0.267648,0.246657,0.298230,0.274172,0.228263,0.346415,0.230682,0.083474,0.201866,0.251914,0.216791,0.174106,0.090115,0.193115,0.192291,0.294131,0.297199,0.219375,0.138492,0.157417,0.179889,0.056782,0.249099,0.129006,0.217171,0.192714,0.263911,0.260181,0.135033,0.257308,0.230747,-0.082654,0.127573,0.214460,-0.009409,0.076245,0.303307,0.278579,0.198210,0.190472,0.107316,0.203088,0.169307,0.135988,0.248475,0.273729,0.225315,0.217397,-0.015722,0.240757,0.041847,0.298793,0.105752,0.345088,0.318822,0.203862,0.270945,0.133389,0.131978,0.254764,0.230615,0.027256,0.097813,0.150961,0.144891,0.287199,0.300466,0.155100,0.264324,0.384013,0.223773,0.092492,0.196399,-0.040880,0.315064,0.124531,0.113923,0.229555,0.236645,0.175282,0.165152,0.298883,0.114064,0.160349,-0.061516,0.117988,0.178846,0.236361,0.194517,0.080669,0.259916,0.285410,0.158629,-0.024944,0.085978,0.269007,0.191733,0.020011,0.083837,0.335837,0.300945,0.138295,0.274309,0.016945,0.227760,0.356156,0.263450,0.173879,0.268693,0.212470,0.053531,0.101726,0.259619,0.200115,0.181194,0.160018,0.194853,0.108110,0.158693,0.294493,0.161966,0.349352,0.074025,-0.010815,0.210633,0.231445,0.271248,0.075929,0.061268,0.122908,0.277560,0.080069,0.177624,0.069733,0.213492,0.100925,0.142572,0.146885,0.147882,0.108464,0.129156,0.224145,0.142643,0.352518,0.267363,0.074153,0.279385,0.133139,0.091115,0.075375,0.069501,0.203000,0.252580,0.368671,0.161175,0.107251,#
5,0.286466,0.266643,0.298119,0.080048,0.202234,1.000000,0.107080,0.207119,0.112505,0.306434,0.126029,0.138540,0.173934,0.100682,0.191169,0.260397,0.249442,0.311239,0.253421,0.058274,0.211399,0.348287,0.266231,0.427186,0.135765,0.236536,0.224592,0.228456,0.313798,0.088702,0.150537,0.337575,0.314637,0.109284,0.160432,0.114350,0.302215,0.126262,0.196553,0.318288,0.192193,0.270967,0.003527,0.267006,0.154491,0.264756,0.236457,0.128540,0.316343,0.255717,0.255071,0.130195,0.186156,0.087173,0.262240,0.156294,0.003625,0.370497,0.248692,0.211080,0.259305,0.291015,0.212609,0.229223,0.254257,0.174932,0.256893,0.268373,0.142894,0.144020,0.361903,0.132646,0.274707,0.415360,0.209002,0.081413,0.182270,0.223337,0.163850,0.251550,0.277265,0.216772,0.255746,0.072861,0.075511,0.293841,0.140665,0.165416,0.243152,0.201762,0.094874,0.271241,0.070313,0.113806,0.068730,0.144871,0.154578,0.039875,0.195383,0.104997,0.319666,0.252380,0.247712,0.256308,0.108124,0.110407,0.076685,0.253579,0.096189,0.149037,0.344821,0.189600,0.329209,0.148597,0.215662,0.164259,0.334052,0.239927,0.165297,0.302604,0.023346,0.116735,0.182475,0.148458,0.216014,0.168651,0.070121,0.006789,0.280361,0.353175,0.113903,0.401386,0.101965,0.135032,0.310805,0.178532,0.091318,0.078752,0.173465,0.228637,0.192605,0.232357,0.115039,0.239209,0.291852,0.100240,0.176036,0.167880,0.215710,0.109736,0.248456,0.116819,0.280141,0.271218,0.076984,0.201976,0.217351,0.200274,0.360015,0.065459,0.224142,0.131203,0.214943,0.101728,0.206561,0.005051,0.051948,0.238620,0.201768,0.266068,0.062704,0.210899,0.375744,0.205132,0.076889,0.166534,0.093161,0.135410,0.257153,0.158162,0.252928,0.342859,0.203690,0.011007,0.182651,0.341292,0.186214,0.262942,0.246692,0.141306,0.380366,0.093033,0.097957,0.160718,0.273292,0.216683,0.127704,0.247973,0.169695,0.282151,#
6,0.281880,0.272171,0.210466,0.170029,0.381515,0.107080,1.000000,0.243416,0.101750,0.163149,0.215706,0.099289,0.044646,0.200596,0.072542,0.108757,0.224086,0.193815,0.136799,0.295087,0.204256,0.311530,0.220887,0.155992,0.139231,0.084532,0.109142,0.149226,0.270096,0.081123,0.041036,0.153562,0.229618,0.029599,0.056043,-0.007606,0.089191,0.106601,0.248210,0.135521,0.222177,0.252762,0.200113,0.223231,0.144574,0.134872,0.341274,0.415778,0.270448,0.309924,0.117310,0.211407,0.200871,0.194339,0.105983,0.231666,0.279471,0.294489,0.176261,0.264152,0.110255,0.170578,0.043101,0.152859,0.157478,0.243909,0.166238,0.174878,0.149530,0.221004,0.250106,0.230546,0.244328,0.195531,0.157959,0.147069,0.115029,0.093371,0.112687,0.207813,0.228321,0.225169,0.238872,0.134519,0.119835,0.277269,0.166395,0.259006,0.229788,0.293541,0.297207,0.173121,0.055396,0.285801,0.153672,0.348318,0.121828,0.166844,0.292420,0.188222,0.229328,0.208443,0.003293,0.174017,0.077919,0.295648,0.175090,0.179987,0.154143,0.144846,0.255135,0.168615,0.224044,0.263864,0.163489,0.159505,0.228660,0.172238,0.268811,0.218005,0.118067,0.294743,0.181908,0.071084,0.153007,0.134259,0.057718,0.288324,0.094106,0.286478,0.166251,0.044813,0.279984,-0.007978,0.402619,0.200158,0.121572,0.277460,0.181311,0.224033,0.069820,-0.059395,0.067905,0.350760,0.118714,0.238948,0.197625,0.088543,0.251936,0.135244,0.257429,0.059583,0.218868,0.229268,0.151639,0.151248,0.086403,0.112017,0.216912,0.137832,0.145351,0.191609,0.121037,0.197130,0.207311,0.206971,0.065828,0.120534,0.255369,0.297075,0.116433,0.154459,0.159404,0.202132,0.213005,0.183168,0.224075,0.202061,0.185627,0.089258,-0.063156,0.085265,0.095499,0.197083,0.196503,0.094188,0.173012,0.190991,0.322868,0.173738,0.248027,0.081441,0.249454,0.152660,0.141226,0.232037,0.130728,0.150888,0.068039,0.261053,#
7,0.188101,0.228721,0.209411,0.266749,0.184471,0.207119,0.243416,1.000000,0.091059,0.314333,0.214618,0.315993,0.159805,0.251074,0.021201,0.146500,0.171448,0.256775,0.216148,0.313368,0.225152,0.274686,0.412353,0.163073,0.357921,0.222179,0.231026,0.310358,0.301299,0.102218,0.294047,0.385538,0.436870,0.160189,0.174177,0.201051,0.261411,0.185006,0.246885,0.207214,0.059603,0.175317,0.373820,0.116789,0.184366,0.299206,0.166759,0.332261,0.370843,0.334840,0.384074,0.134922,0.169616,0.304662,0.298691,0.266069,0.214849,0.250143,0.168304,0.329196,0.188809,0.080641,0.151995,0.216641,0.341478,0.042898,0.160703,0.323310,0.167278,0.415448,0.301555,0.079674,0.332240,0.385047,0.237478,0.198420,0.271379,0.231623,0.238198,0.361993,0.234920,0.298928,0.307628,0.331697,0.165082,0.291161,0.388854,0.212711,0.219267,0.345614,0.332860,0.217832,0.204410,0.136375,0.175372,0.333328,0.154705,0.061988,0.225538,0.066450,0.324442,0.204075,0.134424,0.227110,0.175249,0.302048,0.204185,0.228575,0.276620,0.100086,0.236764,0.169505,0.195186,0.239394,0.240143,0.223809,0.253124,0.252040,0.288042,0.239266,0.240077,0.301378,0.161867,0.387034,0.327189,0.265620,0.225528,0.286967,0.205938,0.226563,0.235585,0.146474,0.216199,0.217143,0.413074,0.222192,0.114893,0.318630,0.315097,0.393631,0.344153,0.390449,0.038456,0.256521,0.278755,0.189328,0.305729,0.181849,0.338455,0.111361,0.294511,0.432336,0.123920,0.145402,0.114797,0.306833,0.248032,0.278364,0.214742,0.213626,0.258000,0.299566,0.180009,0.363193,0.277448,0.077967,0.268793,0.136051,0.393983,0.270031,0.309773,0.214751,0.205905,0.152250,0.175816,0.163199,0.235513,0.287830,0.122464,0.247655,0.189201,0.313087,0.079118,0.158870,0.132299,0.291541,0.310424,0.374069,0.045856,0.267531,0.275449,0.176774,0.139438,0.310383,0.095110,0.274088,0.315345,0.323129,0.189195,0.333196,#
8,0.269697,0.073561,0.046521,0.123745,0.183449,0.112505,0.101750,0.091059,1.000000,0.078186,0.205647,0.134557,0.161277,0.183475,0.195550,0.227953,0.225666,0.010556,-0.010303,0.204108,0.228084,0.114347,0.193625,0.121428,0.131140,0.149970,0.057896,0.221683,0.047461,0.175156,0.075004,0.148550,0.101871,0.195719,0.195366,0.110895,0.136516,0.202215,0.074197,0.391938,0.048194,0.088222,0.008084,0.167985,0.280991,0.194459,0.198271,0.184796,0.068339,0.135112,0.048388,0.174919,0.030093,0.286978,0.149430,0.152347,0.087104,0.075727,0.067061,0.190358,0.177046,-0.100044,0.257628,0.232652,0.240253,-0.058420,0.207592,0.182615,0.225582,0.213918,0.103367,0.269335,0.102669,0.225722,0.080572,0.012928,0.050136,0.050644,0.108555,0.002410,0.091510,0.070506,0.129493,0.002027,0.105052,0.212284,0.123499,0.033245,0.175711,0.107112,0.224175,0.134586,0.086298,0.178787,0.077367,0.346557,0.133804,0.076123,0.044710,0.031961,0.189708,-0.027014,-0.026347,0.074753,0.148917,-0.080945,0.206204,0.167041,-0.027217,0.163504,0.078174,0.152373,0.090408,0.116446,-0.010012,0.199569,0.303973,0.037731,0.002602,0.207989,0.138794,0.028713,0.082176,0.120318,0.127680,0.244426,-0.045665,0.156270,0.156210,0.133664,0.202579,0.184041,0.082691,-0.037279,0.269287,0.186601,0.098311,0.183872,0.195384,0.162861,0.104216,0.149566,0.285216,0.161699,0.255562,0.117660,0.186527,0.291311,0.229387,0.177300,0.167443,0.125941,0.153609,0.222390,0.166551,0.116798,0.156275,-0.036539,0.152403,0.177410,0.058100,0.148567,0.049351,0.214693,0.087781,0.072282,0.071860,0.046076,0.073969,0.156754,0.294244,-0.215238,0.054173,0.331383,0.225683,0.193266,0.059330,0.090835,0.078510,0.155289,0.197996,0.057082,-0.131079,0.107398,0.231956,0.066068,0.023584,0.030620,0.170928,-0.033319,0.149583,0.068492,0.012622,0.108587,0.063302,0.153422,0.161622,-0.048326,0.145545,0.151034,#
9,0.262237,0.232940,0.083876,0.206733,0.207179,0.306434,0.163149,0.314333,0.078186,1.000000,0.305215,0.298705,0.162829,0.085272,0.222070,0.276995,0.252325,0.193613,0.236558,0.298276,0.193500,0.285177,0.301405,0.289985,0.209052,0.299006,0.178783,0.385022,0.283705,0.096543,0.289777,0.323853,0.182598,0.187248,0.167486,0.192200,0.146585,0.221609,0.256213,0.271189,0.156155,0.332030,0.133236,0.074795,0.204412,0.452925,0.289382,0.301325,0.241929,0.186224,0.331774,0.203166,0.246654,0.252364,0.120414,0.264167,0.358005,0.217124,0.094701,0.234805,0.109139,0.266617,0.303589,0.255960,0.214698,0.217581,0.117336,0.414531,0.288335,0.151082,0.258746,0.220118,0.155139,0.295365,0.257470,0.191474,0.340518,0.177989,0.328629,0.327377,0.250927,0.211378,0.379160,0.206959,0.263585,0.375613,0.407345,0.117577,0.265293,0.199832,0.161502,0.435899,0.074397,0.302595,0.218015,0.300680,0.370317,0.141336,0.211733,0.218104,0.323295,0.188799,0.236158,0.090313,0.194605,0.147820,0.254502,0.329155,0.138204,0.164401,0.232947,0.218360,0.260465,0.249097,0.114546,0.376754,0.390184,0.317584,0.422257,0.225972,0.301244,0.335360,0.239531,0.231210,0.350565,0.293980,0.097023,0.261942,0.103615,0.161987,0.182212,0.324167,0.203954,0.229013,0.390585,0.112033,0.146488,0.214726,0.148203,0.347860,0.138048,0.221241,0.119487,0.197753,0.312538,-0.033120,0.256119,0.166055,0.143138,0.192456,0.265013,0.316192,0.304199,0.282480,0.163596,0.276998,0.295840,0.197113,0.324722,0.201990,0.256775,0.099583,0.096058,0.340482,0.267967,0.231992,0.182295,0.182043,0.353168,0.300329,0.182613,0.217044,0.279178,0.278314,0.144537,0.173044,0.142882,0.079832,0.136546,0.347147,0.150548,0.362938,0.225931,0.199420,0.217037,0.301503,0.331968,0.359263,0.268882,0.206083,0.286109,0.244101,0.085234,0.217572,0.232059,0.218125,0.110092,0.207597,0.204075,0.295697,#
10,0.330302,0.350780,0.018285,0.166736,0.252771,0.126029,0.215706,0.214618,0.205647,0.305215,1.000000,0.142954,0.085653,0.207394,0.213362,0.143781,0.276208,0.199919,0.336808,0.248615,0.218893,0.189546,0.204893,0.084416,0.121546,0.106551,0.289340,0.216716,0.181298,0.186581,0.119435,0.119917,0.152333,0.137488,0.146905,0.204446,0.037406,0.164402,0.202250,0.134267,-0.009424,0.048747,0.215767,0.045721,0.203178,0.220595,0.204509,0.268773,0.293823,0.247725,0.116810,0.232364,0.160463,0.254028,0.170625,0.185835,0.155662,0.203094,0.127165,0.110001,0.279769,0.215221,0.180115,0.225680,0.196759,0.076006,0.198027,0.208867,0.151527,0.119305,0.219784,0.153303,0.034028,0.225450,0.163784,0.231684,0.305993,0.086928,0.211080,0.090656,0.058183,0.246307,0.174119,0.212435,0.154163,0.244001,0.299925,0.037091,0.227784,0.215515,0.167438,0.216013,0.192060,0.124298,0.068608,0.206952,0.271406,0.032442,0.311780,0.251045,0.301993,0.156846,0.103378,0.222118,0.198793,0.074247,0.296304,0.224839,0.092257,0.179659,0.127701,0.180606,0.135840,0.253747,0.200017,0.366235,0.224241,-0.005055,0.127754,0.126414,0.120213,0.076240,0.227106,0.156024,0.247261,0.205731,0.009124,0.125320,0.096681,0.321275,0.125437,0.098529,0.159248,-0.004055,0.358915,0.209738,0.152517,0.197677,0.004904,0.428809,0.180421,0.088254,0.247474,0.100119,0.224019,0.114735,0.051788,0.171767,0.136310,0.247757,0.144675,0.256579,0.146946,0.314110,0.211717,0.249714,0.232501,0.101156,0.216536,0.293662,0.101459,0.151546,0.155418,0.326351,0.154314,0.162674,0.044355,0.007453,0.109077,0.309245,0.212603,0.053555,0.227953,0.235648,0.252357,-0.070968,0.101167,0.186874,0.310292,0.372296,0.244497,0.171315,0.229230,0.152092,0.222236,0.130035,0.144119,0.325198,0.167984,0.112289,0.195597,0.208664,0.080159,0.128065,0.162538,0.283453,0.144611,0.300644,0.233271,0.330662,#
11,0.293108,0.244518,0.158588,0.192045,0.096095,0.138540,0.099289,0.315993,0.134557,0.298705,0.142954,1.000000,0.278369,0.103739,0.008563,0.238164,0.272058,0.256954,0.077317,0.016221,0.215283,0.308002,0.201205,0.262948,0.261722,0.270966,0.114831,0.316243,0.050799,0.253392,0.245179,0.331012,0.221709,0.195440,0.088542,0.022792,0.275771,0.233228,0.099461,0.072143,0.243033,0.250054,0.168220,0.261348,0.103880,0.308870,0.201564,0.359965,0.233974,0.079435,0.281325,0.213646,0.054311,0.259991,0.176687,0.196150,0.398301,0.171831,0.188221,0.198941,0.197453,0.232538,0.245208,0.248074,0.394408,0.052817,0.233247,0.218739,0.215082,0.223667,0.242033,0.132689,0.179902,0.283916,0.334701,0.187245,0.122728,0.218784,0.438414,0.147253,0.253646,0.005580,0.233023,0.249296,0.303179,0.283310,0.376341,0.126981,0.161919,0.163935,0.351877,0.221482,0.164462,0.170774,0.205981,0.154264,0.048816,0.171858,0.215373,0.323402,0.327802,0.203416,0.166078,-0.013112,0.273949,0.275180,0.200636,0.138744,0.230595,0.243033,0.113018,0.133984,0.269019,0.219091,0.039174,0.491757,0.292541,0.040447,0.260511,0.237266,0.143445,0.310680,0.237471,0.197558,0.180451,0.209244,0.273000,0.352467,0.270351,0.263303,0.250462,0.313126,-0.051872,0.121393,0.202191,0.186895,0.140263,0.253276,0.194257,0.293812,0.096862,0.238411,0.135446,0.319093,0.325233,0.228139,0.328881,0.185391,0.317288,0.194909,0.176758,0.353799,0.200206,0.203205,0.273294,0.122186,0.130518,0.118510,0.210262,0.160278,0.216177,0.125386,0.086508,0.277989,0.342002,0.135313,0.152599,0.236135,0.408017,0.165135,0.331287,0.038526,0.243159,0.283312,0.156297,0.256918,0.389725,0.151533,0.077142,0.097706,0.270900,0.215642,0.166975,0.208822,0.105483,0.337613,0.217619,0.122298,0.223631,0.147186,0.066609,0.148413,0.156475,-0.101403,0.135773,0.159708,0.305455,0.078795,0.028479,0.306851,#
12,0.238209,0.246139,0.197809,0.078487,0.193665,0.173934,0.044646,0.159805,0.161277,0.162829,0.085653,0.278369,1.000000,0.126934,0.208713,0.241983,0.207137,0.203655,0.314466,0.245800,0.259131,0.121354,0.226732,0.198297,0.295081,0.154630,0.109797,0.299732,0.312327,0.238216,0.191030,0.293641,0.239455,0.172429,0.233003,0.017061,0.295509,0.178726,0.074864,0.245314,0.320137,0.187848,0.360338,0.175088,0.153188,0.351912,0.196936,0.163024,0.297845,0.139058,0.271226,0.059968,0.114251,0.280584,0.200265,0.178250,0.193591,0.253494,0.219983,0.294692,0.256365,0.247893,0.185518,0.154171,0.265721,0.110627,0.185915,0.076449,0.184059,0.088964,0.177010,0.226283,0.058602,0.197669,0.272346,0.184735,0.110635,0.175850,0.088736,0.171561,0.238602,0.085201,0.287074,0.229580,0.200205,0.392063,0.189094,0.146434,0.285136,0.237980,0.219221,0.216217,0.094567,0.222434,0.160636,0.047391,0.259588,0.265556,0.078798,0.096703,0.179977,0.199115,0.161293,0.192318,0.294143,0.164684,0.223404,0.148545,0.145722,0.417744,0.182834,0.068844,0.278169,0.277358,0.080275,0.309030,0.276707,0.330856,0.080817,0.252671,0.059938,0.332182,0.254936,0.259540,0.065203,0.293438,0.142701,0.126257,0.246618,0.043379,0.192161,0.372962,0.069306,0.045324,0.127312,0.225486,0.157947,0.212858,0.182834,0.210756,0.271412,0.272856,0.068549,0.118409,0.194739,0.177224,0.344075,0.144874,0.324526,0.181837,0.293083,0.408303,0.114633,0.162682,0.229989,0.161903,0.243547,-0.010839,0.182253,0.091475,0.309618,0.158396,0.095001,0.313956,0.142818,0.247552,0.148414,-0.051126,0.254047,0.281719,0.131017,0.136928,0.247982,0.211848,0.300683,0.074784,0.188637,0.182203,-0.069305,0.220815,0.304156,0.205796,0.183451,0.168087,0.220723,0.305625,0.174401,0.257175,0.139499,-0.038092,0.308841,0.355718,0.099666,0.211113,0.184224,0.188650,0.240383,0.017406,0.300859,0.206671,#
13,0.158714,0.282289,0.180713,0.211640,0.235293,0.100682,0.200596,0.251074,0.183475,0.085272,0.207394,0.103739,0.126934,1.000000,0.196450,0.237626,0.114832,0.124598,0.152987,0.181223,0.130668,0.217962,0.234119,0.028995,0.348996,0.288444,0.192631,0.236136,0.159173,0.018447,0.148260,0.072137,0.245600,0.127361,0.028887,0.119905,0.132524,0.264304,0.022606,0.156488,0.130064,0.155085,0.345405,0.149545,0.192348,0.122870,0.287666,0.221698,0.304047,0.137820,0.304716,0.151072,0.186363,0.170586,0.207469,0.433390,0.182172,0.162849,0.161279,0.264016,0.259620,0.166717,0.336622,0.211774,0.123930,0.002763,0.302960,0.150185,0.345281,0.334755,0.085359,0.208339,0.209735,0.245986,0.264328,0.092422,0.147903,0.197013,0.188798,0.203591,0.171603,0.282112,0.255981,0.291471,0.294090,0.184734,0.372313,0.181377,0.178154,0.336924,0.287104,0.244695,0.182588,0.206496,0.224224,0.258149,0.101720,0.074065,0.104099,0.111024,0.331038,0.189433,0.126380,0.108548,0.161123,0.246550,0.227736,0.203306,0.129405,0.188489,0.276175,0.161586,0.260914,0.277720,0.126075,0.134001,0.212314,0.163560,0.221798,0.243329,0.231596,0.302069,0.045079,0.211158,0.124032,0.189612,0.097177,0.179140,0.378140,0.138903,0.156085,0.122882,0.228378,0.153854,0.332417,0.169972,0.175054,0.239391,0.271654,0.270411,0.232785,0.130782,0.166449,0.182703,0.297306,0.319185,0.264929,0.145210,0.036946,0.221306,0.307216,0.025052,0.189979,0.254898,0.250787,0.156060,0.159831,0.126384,0.185176,0.065510,0.161706,0.282404,0.078879,0.280718,0.235820,0.327272,0.024662,0.104547,0.310635,0.313292,0.278925,0.261950,0.250035,0.181275,0.231723,0.159031,0.151807,0.122924,0.278382,0.107673,0.222438,0.110655,0.136608,0.175979,0.078203,0.225670,0.211263,0.315087,0.281688,0.276221,0.074664,0.146826,0.181141,0.129903,0.194727,0.242866,0.173396,0.194955,0.222096,0.269866,#
14,0.311959,0.191420,0.180490,0.103256,0.065952,0.191169,0.072542,0.021201,0.195550,0.222070,0.213362,0.008563,0.208713,0.196450,1.000000,0.245269,0.196931,0.129981,0.278982,0.255880,0.113181,0.100863,0.214792,0.185996,0.179585,0.185489,0.199803,0.099586,0.251448,0.049257,0.041616,0.064398,0.126990,0.076887,0.119686,0.240648,0.179341,0.208637,0.222468,0.241336,0.195754,0.225428,0.238840,0.155251,0.127456,0.206905,0.317167,0.165361,0.182046,0.004541,0.269022,0.128688,0.059942,0.169518,0.253965,0.151589,0.137810,0.155115,0.073118,0.170499,0.208146,0.272073,0.093744,0.220067,0.267662,0.044299,0.169062,0.168428,0.179400,0.137820,0.075955,0.206788,-0.081772,0.293670,-0.078326,-0.035625,0.035502,0.187065,0.088328,0.157741,0.186737,-0.038326,0.250942,0.282640,0.181718,0.243787,0.005039,0.046341,0.167683,0.167183,0.168272,0.153844,0.168230,0.165278,0.123925,0.099223,0.165185,0.116717,0.325035,0.071791,0.073477,0.145355,0.142611,0.033503,0.125984,0.083911,0.251718,0.344990,0.143771,0.177865,0.077637,0.152464,0.284615,0.000812,0.154713,0.223345,0.095237,0.202298,0.140647,0.123045,0.216500,0.184026,0.140196,0.117042,0.044133,0.104687,0.016685,0.018366,0.036392,0.098879,-0.023884,0.136717,0.202218,-0.034125,0.123975,0.100080,0.160869,0.195790,0.159990,0.108019,0.236805,0.174711,0.199366,0.030503,0.107995,-0.026727,0.167056,-0.039917,0.078994,0.056559,0.105533,0.000864,0.104753,0.210777,0.060901,-0.025095,0.082828,0.085216,0.183142,-0.078593,0.188617,0.131654,0.056251,0.101272,0.128706,0.093917,0.053140,0.090211,0.049708,0.198091,0.255439,0.090909,0.224579,0.321301,0.226639,0.041360,0.255917,0.119130,0.228510,0.286586,0.249684,0.279969,0.052829,0.203619,0.179621,0.217269,0.203776,0.268306,0.019037,-0.070128,0.191517,0.145152,0.080762,0.269223,0.148878,-0.015920,-0.008229,0.152362,0.195798,0.330889,#
15,0.227004,0.147241,0.089049,0.072366,0.119080,0.260397,0.108757,0.146500,0.227953,0.276995,0.143781,0.238164,0.241983,0.237626,0.245269,1.000000,0.206515,0.337268,0.241199,0.125910,-0.009791,0.207530,0.184864,0.224402,0.302083,0.158025,0.225651,0.212654,0.204849,-0.048912,0.184371,0.282538,0.193946,0.192086,0.140101,0.157469,0.249216,0.237015,0.236423,0.259112,0.322195,0.194998,0.164262,0.147859,0.351338,0.182312,0.226497,0.304769,0.177366,0.124613,0.364003,0.079916,0.208247,0.254922,0.195301,0.107643,0.193598,0.263189,0.123032,0.216771,0.119473,0.219699,0.085580,0.116753,0.105756,0.058677,0.400939,0.350422,0.224729,0.164191,0.078751,0.378292,0.112282,0.137219,0.309899,0.167998,0.125848,0.324853,0.281564,0.068009,0.411188,0.075947,0.113141,0.189029,0.195462,0.226102,0.317835,0.003416,0.289696,0.246237,0.215635,0.050353,0.146230,0.294629,0.246592,0.205264,0.175321,0.121069,0.333538,0.140342,0.335995,0.226455,0.261071,0.178960,0.263995,0.087101,0.135730,0.188808,0.155411,0.313738,0.160683,0.234753,0.172349,0.115615,0.117325,0.337938,0.311526,0.200993,0.208741,0.287216,0.189091,0.248576,0.090534,0.260413,-0.005546,0.177140,0.103572,0.146962,0.202864,0.066356,0.067462,0.238128,0.089886,0.210678,0.268847,0.249069,0.209154,0.058779,0.291894,0.100791,0.184523,0.186621,0.446513,0.149317,0.216093,0.172714,0.422030,0.073599,0.126337,0.222530,0.328865,0.166124,0.232908,0.428969,0.142349,0.305075,0.133904,0.184395,0.255099,0.123661,0.101371,0.163149,0.062869,0.247710,0.184904,0.229112,0.107338,0.064777,0.216197,0.322827,0.197158,0.094152,0.255637,0.191965,0.235487,0.048471,0.256471,0.170480,0.062905,0.206973,0.185777,0.300588,0.053447,0.063930,0.201901,0.319743,0.129834,0.196489,0.194500,0.068522,0.020071,0.336879,0.005938,0.238750,0.116297,0.161774,0.147830,0.132464,-0.009997,0.303941,#
16,0.385179,0.161153,0.224763,0.171568,0.104327,0.249442,0.224086,0.171448,0.225666,0.252325,0.276208,0.272058,0.207137,0.114832,0.196931,0.206515,1.000000,0.282627,0.159126,0.026996,0.509204,0.231551,0.478318,0.128999,0.228148,0.219886,0.208870,0.139986,0.189086,0.125174,0.159561,0.336943,0.116148,0.198841,0.117674,0.136319,0.321060,0.238824,0.118901,0.245526,0.142266,0.251787,0.161842,0.226840,0.166055,0.159137,0.259194,0.261651,0.280114,0.112838,0.046957,0.262274,0.375449,0.219409,0.158020,0.225486,0.088099,0.237124,0.093904,0.112143,0.197124,0.284598,0.119010,0.270767,0.361797,0.134924,0.285822,0.283609,0.114941,0.310752,0.170763,0.267316,0.173940,0.208940,0.300338,0.445378,0.172106,0.174662,0.284831,0.215374,0.155604,0.163192,0.190378,0.133461,0.158064,0.445980,0.377891,0.145681,0.219609,0.213226,0.269142,0.192264,0.177043,0.112441,0.215177,0.277183,0.177630,0.073944,0.384249,0.179591,0.215187,0.205356,0.079109,0.186269,0.160324,0.229141,0.169335,0.157467,0.165722,0.206386,0.205559,0.220129,0.268262,0.154334,0.207416,0.353673,0.339781,0.167214,0.089550,0.113585,0.148317,0.212431,0.281675,0.187327,0.134273,0.168815,0.104750,0.087083,0.261514,0.292047,0.098634,0.294573,0.244593,0.039048,0.372965,0.218757,0.066560,0.197787,0.210834,0.278154,0.034154,0.172108,0.060678,0.250159,0.215704,0.186996,0.090429,0.103696,0.115553,0.035490,0.248905,0.164094,0.229001,0.183866,0.194487,0.224136,0.181779,0.077180,0.308355,0.223418,0.157386,0.284168,0.266126,0.297018,0.089138,0.061904,0.165961,0.161534,0.175407,0.181985,0.200120,-0.004001,0.251732,0.140245,0.244452,0.280306,0.218183,0.130923,0.079091,0.214369,0.198991,0.237084,0.111889,0.045184,0.083813,0.172173,0.311340,0.211894,0.177358,0.052122,0.167488,0.070567,0.066838,0.153467,0.277245,0.218005,0.122944,0.169408,0.125092,0.273865,#
17,0.442894,0.196549,0.237752,0.275059,0.196171,0.311239,0.193815,0.256775,0.010556,0.193613,0.199919,0.256954,0.203655,0.124598,0.129981,0.337268,0.282627,1.000000,0.214339,0.226846,0.184249,0.313072,0.319665,0.348767,0.357397,0.234138,0.123448,0.202831,0.253205,0.141933,0.256631,0.418997,0.462107,0.219382,0.075920,0.140716,0.276886,0.458475,0.170800,0.110450,0.191472,0.176880,0.197413,0.299769,0.174902,0.227708,0.288365,0.221193,0.435250,0.293229,0.300244,0.074812,0.079823,0.291918,0.278404,0.230241,0.279606,0.392147,0.182135,0.269809,0.155103,0.243679,0.109353,0.254379,0.217070,0.222458,0.380680,0.382083,0.255680,0.371266,0.400707,0.300937,0.272110,0.324252,0.322995,0.311930,0.220525,0.342266,0.241678,0.192424,0.325180,0.269283,0.398764,0.304133,0.306758,0.271523,0.278378,0.218203,0.399592,0.328099,0.258627,0.194086,0.186654,0.174718,0.212642,0.161584,0.178999,0.295541,0.295753,0.311965,0.384544,0.252706,0.129377,0.203438,0.267539,0.211828,0.124107,0.446976,0.061241,0.123461,0.219901,0.110849,0.242621,0.242716,0.037343,0.291180,0.308514,0.180094,0.302471,0.321131,0.163389,0.119750,0.152858,0.216260,0.249099,0.332595,0.160548,0.157276,0.105242,0.123012,0.103366,0.274168,0.258322,0.345008,0.257391,0.255598,0.331946,0.070420,0.299514,0.359172,0.281393,0.264457,0.250247,0.230803,0.362249,0.184606,0.204901,0.116892,0.280834,0.055829,0.404887,0.145914,0.251872,0.373590,0.201947,0.237559,0.174436,0.206760,0.383583,0.260145,0.364028,0.277495,0.130468,0.196655,0.291161,0.254560,0.032461,0.225285,0.216127,0.253197,0.400615,0.205685,0.228188,0.350749,0.299683,0.074374,0.341504,0.205332,0.175843,0.253687,0.271903,0.504704,0.194070,-0.056345,0.176813,0.309591,0.336679,0.348683,0.351078,0.128106,0.156596,0.304691,-0.069138,0.150549,0.314188,0.347344,0.366310,0.130760,0.157231,0.358386,#
18,0.189802,0.317505,0.248183,0.099355,0.217755,0.253421,0.136799,0.216148,-0.010303,0.236558,0.336808,0.077317,0.314466,0.152987,0.278982,0.241199,0.159126,0.214339,1.000000,0.301257,0.114504,0.157885,0.075830,0.239878,0.190875,0.302209,0.363875,0.190964,0.384583,0.045889,0.254091,0.271511,0.375242,0.079469,0.183468,0.201952,0.268953,0.186850,0.110968,0.119457,0.292592,0.078067,0.232649,0.076319,0.134005,0.205064,0.213037,0.225668,0.168857,0.169258,0.256348,0.018463,0.224773,0.417186,0.209380,0.041353,0.182671,0.332077,0.130870,0.125835,0.223123,0.248495,0.162850,0.368548,0.143600,0.301414,0.292754,0.210960,0.175274,0.002673,0.115398,0.217685,0.055913,0.224849,0.204512,0.022214,0.060184,0.218951,0.267446,0.348619,0.399849,0.172813,0.272359,0.237258,0.127581,0.137622,0.214727,0.107433,0.244285,0.161938,0.242366,0.148917,0.220440,0.089662,0.202655,0.056022,0.284428,0.168141,0.164699,0.233621,0.128396,0.366314,0.347150,0.218151,0.293429,0.122075,0.150705,0.183394,0.133285,0.230041,0.265633,0.331415,0.103677,0.291238,0.182121,0.096200,0.192609,0.225483,0.221742,0.140290,0.050468,0.308705,0.207074,0.205412,0.091709,0.253478,0.053058,0.177466,0.237809,0.177803,0.193366,0.175521,0.137177,0.057419,0.332265,0.127450,0.148233,0.268911,0.246842,0.300721,0.290038,0.009169,0.027610,0.112996,0.328501,0.164655,0.122550,-0.042853,0.149766,0.145814,0.189032,0.153677,0.267263,0.189593,0.121753,0.304587,0.306307,0.309421,0.205870,0.185918,0.222735,0.228395,0.138226,0.214544,0.140084,0.161836,0.216896,0.172908,0.237114,0.317637,0.084936,0.182121,0.217434,0.130645,0.289447,0.002679,0.186371,0.295632,0.358469,0.309311,0.230294,0.265378,0.136140,0.123138,0.384962,0.364807,0.252811,0.410882,0.205604,0.064796,0.282013,0.230989,0.024049,0.284799,0.275035,0.158420,0.267572,0.175538,0.276879,0.362428,#
19,0.192979,0.141425,0.175717,0.158020,0.227351,0.058274,0.295087,0.313368,0.204108,0.298276,0.248615,0.016221,0.245800,0.181223,0.255880,0.125910,0.026996,0.226846,0.301257,1.000000,0.059707,0.234148,0.252194,0.238010,0.214815,0.247106,0.140132,0.199073,0.224951,0.297112,0.086265,0.155044,0.214575,0.098496,0.243390,0.177024,0.048181,0.272604,0.298412,0.218115,0.192351,0.092590,0.211374,0.024627,0.212326,0.295916,0.274414,0.318324,0.300967,0.204054,0.153259,0.180230,0.084770,0.366102,0.162925,0.190785,0.211628,0.237017,0.032095,0.305847,0.179525,0.080374,0.147970,0.164909,0.184338,0.175075,0.121590,0.177623,0.248175,0.178194,0.261066,0.228764,0.223154,0.153925,0.173661,0.048413,0.214668,0.287462,0.168251,0.175278,0.242564,0.145738,0.368350,0.072990,0.256177,0.288090,0.214768,0.096948,0.303346,0.265796,0.145879,0.301404,0.186945,0.168691,0.195290,0.216430,0.242978,0.210821,0.121481,0.145586,0.242221,0.187516,0.157835,0.140441,0.182077,0.098273,0.312340,0.422105,0.109910,0.111612,0.236435,0.174608,0.284204,0.230177,0.169826,0.191788,0.298141,0.330319,0.253671,0.185486,0.195235,0.383386,0.044090,0.172713,0.322520,0.306620,0.100243,0.186570,0.026527,0.120513,0.194196,0.131105,0.252089,0.081674,0.230254,0.213563,0.237006,0.161931,0.180001,0.291890,0.297909,0.099324,0.121297,0.145920,0.343743,0.192751,0.144199,0.311241,0.310694,0.046712,0.188627,0.210770,0.233550,0.311525,0.040743,0.213723,0.256898,0.178313,0.264060,0.011838,0.226101,0.152550,0.265182,0.194694,0.149468,0.153234,0.167201,0.091952,0.107474,0.248579,0.420038,0.206195,0.179763,0.125676,0.235076,0.068633,0.153787,0.193863,0.030404,0.285229,0.191646,0.291994,0.030914,0.235172,0.222969,0.240643,0.213530,0.303695,0.152811,0.016027,0.241336,0.197143,0.185352,0.378388,0.169254,0.213013,0.230075,0.322563,0.340298,0.320102,#
20,0.327194,0.160680,0.137238,0.089939,0.135101,0.211399,0.204256,0.225152,0.228084,0.193500,0.218893,0.215283,0.259131,0.130668,0.113181,-0.009791,0.509204,0.184249,0.114504,0.059707,1.000000,0.256623,0.277575,0.153093,0.225532,0.164232,0.192981,0.292689,0.151544,0.182401,0.153395,0.215321,0.209949,0.126918,0.275378,0.113966,0.188159,0.198827,0.073356,0.243241,0.040906,0.327457,0.267045,0.200897,0.155669,0.326537,0.156071,0.265444,0.336658,0.123370,0.155717,0.262410,0.381617,0.231248,0.204545,0.135923,0.243298,0.189452,0.009514,0.291200,0.246602,0.033548,0.255678,0.278790,0.386347,-0.055605,0.178679,0.195498,0.236949,0.281521,0.221566,0.122909,0.345032,0.356943,0.211882,0.289767,0.248847,0.062322,0.013123,0.326756,0.032787,0.035853,0.317535,0.149717,0.088489,0.348487,0.272019,0.235038,0.243727,0.267031,0.230895,0.374958,0.170314,0.207012,0.168842,0.159994,0.144735,0.160897,0.127062,0.097123,0.099233,0.177297,0.043321,0.222982,0.073380,0.208675,0.202524,0.139405,0.098635,0.270687,0.305165,0.061710,0.316414,0.247365,0.139660,0.297718,0.406500,0.114199,0.072308,0.069515,0.070545,0.189554,0.262848,0.242247,0.273656,0.260874,0.252920,0.317934,0.216716,0.319920,0.115026,0.266318,0.183289,-0.027564,0.288127,0.179805,0.104430,0.390539,0.253109,0.356703,0.175891,0.236891,-0.073696,0.118064,0.308158,0.052583,0.152970,0.134967,0.115029,0.127746,0.183579,0.276520,0.117199,0.074266,0.232361,0.229857,0.052426,0.007715,0.180931,0.124916,0.233294,0.240125,0.135439,0.134910,0.290119,0.106960,0.042103,0.102760,0.198684,0.184209,0.231926,0.072079,0.130969,0.305944,0.210993,0.269375,0.071258,0.062349,0.258236,0.351362,0.226470,0.216119,0.147788,0.191630,0.216315,0.174679,0.115122,0.204942,0.261022,0.057779,0.340379,0.089883,0.132279,0.167618,0.293344,0.282191,0.171638,0.149923,0.098505,0.199179,#
21,0.380506,0.331662,0.281136,0.232149,0.270105,0.348287,0.311530,0.274686,0.114347,0.285177,0.189546,0.308002,0.121354,0.217962,0.100863,0.207530,0.231551,0.313072,0.157885,0.234148,0.256623,1.000000,0.232156,0.360541,0.374256,0.239981,0.225719,0.316576,0.232579,0.228694,0.224301,0.298666,0.257045,0.319480,0.211565,0.171484,0.315601,0.312908,0.224409,0.132406,0.236698,0.324794,0.091439,0.185264,0.326097,0.200991,0.356163,0.284853,0.228959,0.283097,0.263388,0.116078,0.318189,0.295418,0.243988,0.150902,0.327876,0.306149,0.196879,0.261777,0.203943,0.177328,0.245973,0.190639,0.361956,0.151073,0.306123,0.254656,0.313345,0.375145,0.444918,0.149368,0.295717,0.239576,0.237910,0.161396,0.246000,0.183721,0.173565,0.253669,0.350673,0.244449,0.223873,0.164349,0.291273,0.321730,0.247041,0.212209,0.327151,0.339338,0.205178,0.220605,0.195204,0.147726,0.304244,0.305521,0.163362,0.273291,0.351174,0.274757,0.346966,0.181026,0.125361,0.306923,0.257285,0.371092,0.115839,0.304276,0.193104,0.239098,0.229238,0.225261,0.420319,0.259775,0.088014,0.312952,0.430321,0.082255,0.349878,0.327429,0.214939,0.357669,0.021373,0.353963,0.202401,0.363561,0.219052,0.316008,0.189495,0.172490,0.328040,0.106369,0.242834,0.172260,0.301270,0.189986,0.266115,0.201753,0.297566,0.355855,0.161507,0.282279,0.176038,0.176411,0.323185,0.251086,0.243143,0.269329,0.212359,0.153508,0.280300,0.258697,0.268024,0.402620,0.249746,0.209494,0.195452,0.280306,0.262477,0.224876,0.413049,0.120893,0.116924,0.292111,0.287124,0.107310,-0.034823,0.310288,0.151840,0.274739,0.319941,0.159355,0.291110,0.276769,0.234563,0.135042,0.322488,0.151657,0.330302,0.276412,0.207275,0.311448,0.110633,0.218886,0.179948,0.291837,0.246562,0.303892,0.365266,0.134260,0.270878,0.274220,0.237248,0.090238,0.346829,0.293816,0.285056,0.272930,0.073542,0.313581,#
