0,1.000000,0.035139,-0.037365,0.026089,0.103724,0.120297,0.125104,-0.101918,0.045212,-0.021044,0.122010,-0.067280,-0.008686,-0.066192,0.158582,0.295211,0.176218,0.217724,0.136215,0.147607,-0.016157,-0.044975,0.209822,0.329076,-0.002993,-0.044497,0.049794,-0.121731,-0.073840,0.107565,-0.017009,0.252926,0.085955,0.190498,0.271898,0.047211,-0.040999,0.074072,0.169983,0.109422,0.106349,0.049345,0.218557,-0.144675,0.133364,0.024319,-0.016397,0.220996,0.134918,0.245617,-0.003732,0.113460,0.051324,0.076020,0.229530,0.126326,0.177854,0.126785,0.091528,0.030548,0.120052,0.209217,0.193914,-0.015868,-0.014045,0.016445,0.080049,0.092155,0.006197,0.045312,0.054043,0.030374,0.018835,0.193298,0.046028,-0.094653,0.240162,0.150843,0.013561,0.087662,-0.026052,-0.007339,0.042408,0.159894,0.189984,0.123087,0.171184,0.149806,0.184738,0.210584,-0.015874,-0.014907,0.121707,-0.052242,-0.081086,0.119709,0.060033,-0.031586,0.037336,0.197966,0.118845,0.070953,0.040221,0.105799,0.061774,0.166752,0.142947,0.134000,0.196198,-0.099264,-0.051056,0.122871,-0.044066,0.082667,0.163912,0.094895,0.041378,-0.108180,0.154219,0.158106,0.073361,0.017865,0.206153,0.085917,0.182798,0.161412,0.130402,-0.119140,0.029732,0.173156,0.067830,0.051645,-0.095063,0.008161,0.068249,0.111375,0.021497,-0.005746,-0.169256,0.114328,0.187869,0.029950,-0.024293,0.132459,0.027713,-0.104341,0.118943,0.013323,0.064198,-0.053007,-0.057321,0.067156,0.032161,-0.057661,-0.027027,0.176213,0.196054,0.136515,0.107972,0.070613,0.159434,0.140471,0.086986,-0.023342,0.065088,0.280731,-0.026293,0.201853,0.226113,0.077796,-0.088688,-0.134233,0.148090,0.067590,-0.009941,0.133310,0.239494,0.113052,0.144197,-0.001163,0.161083,0.083159,0.146863,0.004480,0.076720,-0.146991,0.059286,0.275286,0.153129,-0.092821,-0.157569,0.154599,-0.031797,0.110192,0.133045,0.152366,-0.016740,0.174938,0.021646,0.120001,#
1,0.035139,1.000000,0.019565,0.052374,-0.006887,-0.014182,0.140727,0.090270,0.192936,0.041258,0.119880,0.203464,0.078192,-0.141372,-0.026044,-0.024785,0.054611,0.042695,-0.063193,0.013500,-0.069206,0.122128,0.055842,-0.145603,0.055533,-0.017153,-0.075203,0.102731,-0.249035,0.023937,0.088843,0.014026,-0.066619,0.047726,-0.093892,0.091916,0.079665,-0.002845,0.121834,0.008658,-0.014561,-0.053282,0.148994,0.043515,-0.001318,-0.058374,0.282416,-0.003106,0.071816,-0.053019,0.049189,-0.038147,0.148951,0.029301,0.080989,0.039185,0.032225,-0.110177,-0.096908,-0.019148,0.032777,0.065633,0.095440,-0.093739,-0.131854,0.142530,0.057201,0.146665,0.082759,0.092791,0.072679,0.110091,0.202099,-0.104551,0.089116,0.030372,0.091593,0.027953,0.178038,-0.009487,0.042922,0.078788,-0.115707,0.094274,0.146754,-0.005656,0.095107,0.188197,0.081220,-0.043520,-0.001435,0.025691,-0.158314,0.029121,-0.018781,0.074056,-0.016955,-0.015839,-0.009865,0.028787,0.123667,0.026874,0.019236,-0.034347,-0.029459,0.107770,0.058376,0.129471,0.154067,0.056526,-0.062333,0.036902,-0.018395,0.034366,0.049517,0.223833,0.153973,-0.091670,-0.002517,-0.095161,-0.122021,0.074133,0.132885,0.055220,0.073619,0.026383,0.083324,0.060509,0.111295,0.136848,-0.080530,0.160488,-0.019712,0.023562,0.062604,0.051368,0.164117,0.116611,0.069954,0.193060,0.137662,-0.005299,0.089674,0.235109,0.249499,-0.051547,-0.066450,0.007273,0.025125,-0.080545,0.095562,0.058991,-0.094069,-0.135663,0.169074,0.068498,-0.051820,0.060433,-0.251708,-0.132385,-0.103415,0.132730,0.065503,0.211841,0.084846,-0.037889,-0.032447,-0.106761,-0.059431,0.125456,0.042762,0.094118,0.061286,-0.028605,-0.003670,0.092379,0.034007,0.036515,0.053711,-0.055175,0.098621,-0.068770,0.062728,-0.058825,0.079567,0.035153,0.005824,-0.137141,0.158409,0.117805,0.131077,0.125030,-0.084902,0.017338,0.064090,-0.023318,-0.030310,0.192358,-0.085330,0.212285,#
2,-0.037365,0.019565,1.000000,-0.008411,0.198835,0.068923,0.136930,0.072905,0.078506,0.118928,0.202702,0.158440,-0.043754,0.160371,-0.112384,0.074144,-0.106721,0.028585,0.101200,0.054256,0.165338,0.134307,-0.089441,0.001133,-0.013364,0.183891,0.133508,-0.008438,-0.166836,0.002493,-0.022666,0.011330,0.095624,0.016027,0.097128,0.061412,0.100497,-0.000791,0.077986,-0.161265,0.027316,-0.023413,0.100021,-0.046707,0.100383,0.024790,0.047120,-0.046053,-0.050232,0.018444,0.015381,0.185286,0.048213,-0.005245,0.068501,0.043712,0.091748,-0.028733,0.226835,0.195185,0.323422,0.066293,-0.007172,0.066064,0.101016,0.123677,-0.001282,0.092844,0.060795,-0.062232,0.078871,0.168549,-0.122122,0.114892,0.226682,0.036802,0.031202,0.040346,0.035641,0.108471,0.070245,-0.077524,0.082865,-0.135306,0.160217,0.053261,0.040126,0.105751,-0.067445,-0.059345,-0.009955,0.078111,0.084983,0.160977,0.017994,0.103868,0.033060,0.018844,0.111030,0.082320,0.111740,0.120578,-0.025710,0.142754,-0.093646,0.164186,0.140048,0.184387,0.143987,0.049514,0.169090,0.124923,0.178880,0.053829,-0.004361,0.131552,0.026306,-0.041422,-0.151795,0.122051,-0.081208,-0.128943,0.011197,0.101355,0.039114,-0.026327,0.175505,0.038144,0.129070,0.070590,-0.089270,0.085157,0.039637,0.184873,0.127462,-0.093656,0.101881,0.118834,0.107275,-0.003137,0.052555,0.141904,-0.053177,-0.003846,0.206208,-0.079085,-0.120401,-0.142096,0.052966,-0.024575,0.080355,0.077278,0.251097,0.127019,-0.118033,0.041736,0.044888,-0.111293,0.074777,0.047922,-0.117759,0.103161,0.183741,0.175117,-0.019605,0.222814,-0.043723,-0.058094,0.005952,0.117706,-0.079826,0.240958,0.167206,-0.017764,0.088108,-0.010288,0.031318,0.029650,-0.062633,-0.024537,0.081666,0.193911,-0.138539,0.124286,0.046866,0.115104,0.099246,-0.013562,0.067835,-0.042172,0.036390,0.064920,0.154737,0.186207,0.094527,0.010090,-0.124580,-0.037968,0.067066,0.121511,#
3,0.026089,0.052374,-0.008411,1.000000,0.074298,-0.022294,0.073783,0.011488,0.277490,0.095539,0.179971,0.069485,0.001430,-0.025608,0.124292,0.003444,0.005683,0.143776,0.183592,0.084481,0.097478,0.106351,0.216286,0.182266,0.053726,0.107997,0.157935,0.052618,0.111810,0.140759,0.089381,0.107159,0.336157,0.169114,-0.038526,0.092600,0.042386,0.238623,0.257321,0.130480,-0.037602,0.206921,0.203515,0.135477,0.004367,0.147580,-0.067477,0.120336,-0.081628,0.017957,0.032674,0.091735,0.145976,-0.084666,0.078604,0.175849,0.160403,-0.014509,0.004853,0.162208,0.194338,0.010099,0.025448,-0.028851,0.254898,-0.023379,-0.030812,-0.196455,-0.081350,0.200933,0.029384,0.134598,0.173504,-0.057417,0.103294,0.066135,0.053038,0.091421,-0.041933,-0.090467,0.144849,0.129009,0.219124,-0.029507,0.131412,0.028469,-0.034868,0.040403,0.095120,0.062757,0.195388,0.134450,-0.024013,0.002787,0.020782,0.099327,0.022677,-0.109151,0.134918,-0.042330,0.105082,0.055315,0.012052,-0.059019,0.275933,-0.007671,0.233462,0.180305,0.020938,0.075365,0.036828,-0.069847,0.073502,0.005542,0.028589,0.085352,0.021855,0.163097,0.015824,0.073121,-0.026360,0.044058,0.074630,0.037633,-0.012534,0.121649,0.166929,0.228079,-0.024252,-0.017652,0.184120,0.183745,0.059738,0.137238,0.035508,0.135178,-0.015687,0.025925,0.061790,0.037079,0.018143,0.262589,0.143509,-0.026896,0.055987,0.009610,0.194746,0.314023,-0.011224,0.190455,-0.013503,-0.045080,0.045192,0.052481,0.189405,-0.060709,-0.081867,0.043019,0.239629,0.064406,0.016697,0.027817,0.054317,0.227964,0.042874,0.060148,0.081964,0.028875,-0.020174,0.085845,0.068947,-0.138705,0.021527,-0.042246,0.002733,0.115207,0.122628,0.051081,-0.052114,0.127943,-0.001695,0.251516,0.113111,-0.191157,-0.116974,-0.030265,0.043711,0.023680,0.131081,0.156918,0.146599,0.113193,0.100419,0.003017,0.147798,0.069624,0.127175,0.009136,0.026637,-0.003392,#
4,0.103724,-0.006887,0.198835,0.074298,1.000000,0.180689,-0.011202,0.101057,0.186790,0.164324,0.004491,0.108875,0.071657,0.043038,0.123108,0.135919,-0.028113,0.100169,0.098007,0.268838,0.312593,0.067672,0.194949,0.196094,-0.107631,0.128124,0.073411,-0.105310,0.156358,0.054273,0.107644,0.091521,0.194982,0.128744,0.034536,0.131997,0.321079,0.071431,0.213909,0.111182,0.021622,0.209984,0.108720,0.060047,0.171997,0.156196,0.241256,0.158883,0.047136,0.032649,-0.011558,0.123776,0.139791,0.147237,0.331672,0.204744,0.121266,0.083601,0.161730,0.166457,0.117544,0.184396,0.110814,-0.009099,0.060498,0.007410,-0.020419,0.129148,-0.011849,0.104547,0.212318,0.181600,0.159955,0.133209,0.129171,0.015614,0.081208,0.192418,0.092349,0.224312,0.118206,0.168161,0.060951,-0.007422,0.293726,0.114921,0.072425,0.097735,0.093745,0.032495,0.267166,-0.062530,0.163367,0.035744,0.187898,0.154769,0.037478,0.059253,-0.034251,0.074054,0.066175,0.127297,0.152187,0.105527,0.011195,0.224987,0.071293,0.153395,0.203901,0.251802,0.087471,0.213938,0.230390,0.189643,0.093445,0.035930,0.192241,0.112624,-0.024227,0.155646,-0.100437,0.084490,0.086033,0.005112,0.150502,-0.032404,0.223695,0.147258,0.279062,0.165755,0.186426,0.026294,0.121241,0.262330,0.168762,0.090251,-0.012876,0.011362,0.141978,0.016703,0.107083,0.067826,0.149472,0.009313,0.212977,0.142256,0.146344,0.191541,-0.000160,0.121187,0.031888,0.218412,0.181801,0.269981,0.281972,0.032246,0.252258,0.056128,-0.076329,0.133637,0.132875,0.044325,0.075695,-0.064523,-0.166755,0.082412,-0.053183,0.076153,0.011197,0.167744,-0.047935,0.063345,0.360839,0.214005,0.185009,0.210399,0.183282,0.183600,0.074400,0.181002,0.025743,0.003765,0.134248,0.008094,0.199478,0.172930,-0.163344,0.149904,0.139931,0.280005,-0.095432,0.129266,-0.005692,0.128229,0.125273,0.151447,0.173173,-0.029455,0.208109,0.316404,#
5,0.120297,-0.014182,0.068923,-0.022294,0.180689,1.000000,-0.018642,0.161050,0.093986,0.126581,0.184316,0.087762,0.097198,-0.040716,0.065475,0.139202,-0.011288,0.122530,-0.173244,0.258094,-0.013852,-0.040176,0.210105,0.118258,0.120671,0.005559,0.173483,0.073134,0.127404,0.082243,0.233651,0.144434,0.212883,0.190142,-0.000474,0.169950,0.117428,0.014023,0.108103,0.079453,0.191757,0.060142,0.044307,0.138101,0.135407,0.162445,0.211174,0.102204,0.220822,-0.029375,0.116347,0.138577,0.030871,-0.010569,0.096313,0.192105,0.189397,-0.057876,0.357480,0.129873,0.066859,0.192142,0.143700,0.111122,0.234941,0.078968,-0.027592,0.123205,0.148095,-0.208437,0.141332,0.099188,0.188394,0.157765,0.063401,0.130240,0.182259,0.200827,0.125796,0.061265,0.216270,0.049730,0.157233,0.019404,-0.002547,0.077008,0.108758,0.191083,0.121801,-0.135390,-0.006522,0.144109,0.261801,0.276491,-0.024261,0.161289,-0.044851,0.145381,0.178705,0.185926,0.061745,0.174187,-0.080587,0.149504,0.051800,0.260063,0.226889,0.181644,0.130983,0.088675,-0.052884,0.197999,-0.003956,0.017734,0.100688,0.039410,0.107203,0.098210,-0.056658,0.125675,-0.132562,0.130038,0.032925,0.062184,-0.104295,-0.007977,0.205921,-0.051712,0.114809,0.083814,0.238473,0.127196,0.207271,0.233991,0.142052,0.163833,0.101876,0.101701,0.039449,-0.119091,0.090465,0.055224,0.149552,0.121358,0.198659,-0.030023,0.033983,0.096238,0.071775,0.007535,0.191276,0.060072,0.190133,0.102020,-0.035120,0.104132,0.197440,0.100347,0.106540,0.059068,0.170661,0.045697,0.150716,0.140281,0.076767,0.135253,-0.113970,0.251735,0.181050,0.153354,0.307882,0.070040,0.169195,0.072367,0.029630,0.101162,0.162404,0.116417,0.104104,0.201669,0.249647,0.047884,0.278077,0.098212,0.097178,0.073666,0.109900,0.109988,0.043543,0.009703,-0.014367,0.173989,0.025639,0.034559,0.099292,0.064056,0.006199,0.107743,0.171932,0.257914,#
6,0.125104,0.140727,0.136930,0.073783,-0.011202,-0.018642,1.000000,-0.012169,0.129071,-0.033088,0.029867,0.045064,0.073738,0.107481,-0.045912,0.046379,0.004257,0.077844,0.045877,-0.096639,0.124097,0.184282,-0.069049,0.014280,0.042915,-0.025214,0.042352,0.017528,-0.063502,0.153446,0.100748,0.031519,0.019747,0.053769,0.040054,0.039624,-0.158529,0.064387,0.000744,0.036683,-0.076689,-0.069950,0.170997,-0.038227,0.215645,0.005561,-0.019017,-0.108721,0.119808,0.005757,-0.019334,0.055106,0.043964,-0.016825,0.030478,0.097772,0.020543,-0.033776,0.133103,0.087325,0.226069,-0.099452,0.121462,-0.040197,0.152469,0.143216,0.037907,0.002345,-0.065396,0.012438,0.056131,0.095437,-0.101081,0.219324,0.193815,0.053120,0.129707,0.031098,0.031819,-0.006178,0.050921,-0.116112,0.073681,-0.108101,-0.071557,0.192450,0.068798,0.047100,-0.075234,-0.028377,-0.047755,-0.177113,-0.098522,-0.103299,-0.094491,-0.032313,0.214643,0.038902,-0.001307,0.227159,0.037028,0.175533,0.207912,0.033421,-0.176990,0.056505,0.122403,-0.053685,0.106125,-0.006683,-0.009555,0.066443,-0.101534,-0.146771,0.120177,-0.002009,0.242729,-0.046382,0.043277,-0.002354,0.112360,0.043799,-0.018624,0.091452,0.090195,0.148907,-0.040073,0.037711,-0.082574,0.044706,-0.015330,0.081103,0.091437,0.024437,0.027334,0.063377,-0.007243,-0.103869,0.091992,0.067915,0.043596,0.136138,-0.107956,-0.074411,-0.008317,0.034578,0.051351,0.044488,0.051882,-0.161224,0.224152,-0.085778,0.052032,-0.197378,0.067882,-0.020263,-0.053493,0.224272,0.040773,-0.035330,-0.143031,0.107706,0.098922,0.216125,0.018685,0.158537,-0.024252,-0.029701,-0.046680,-0.025787,0.007995,-0.070696,-0.069489,-0.026884,0.158384,0.016700,-0.028519,-0.001597,0.071911,-0.078647,0.074171,-0.066531,0.152565,-0.028190,0.077772,0.018712,-0.064327,0.064894,-0.079419,0.099917,-0.049650,0.193478,-0.125480,0.138936,0.007036,-0.062613,0.098890,0.078372,0.104772,0.106370,#
7,-0.101918,0.090270,0.072905,0.011488,0.101057,0.161050,-0.012169,1.000000,0.335411,0.060067,0.101704,0.130534,0.054198,0.030939,0.198192,-0.026000,0.171593,0.130637,-0.016524,-0.016408,-0.041952,0.099543,0.134656,0.166044,0.204312,0.137563,-0.022565,0.117014,-0.014863,0.016903,-0.079736,-0.010002,0.092392,0.062500,-0.113345,0.084665,0.036762,-0.042816,0.235045,0.035989,-0.047679,-0.081734,0.039749,0.198682,0.143179,0.085190,0.139677,-0.013705,-0.074630,-0.006641,0.170712,0.017137,-0.019504,0.149413,0.114696,0.000110,0.005699,0.145434,0.117555,0.073618,0.015738,0.130408,0.019215,-0.107017,0.034649,0.166073,0.099042,0.080531,0.065944,0.308536,0.054803,-0.014380,0.311755,-0.005197,0.015567,0.066065,-0.071438,0.022774,0.076617,0.227892,0.077345,0.082877,0.058962,0.046391,0.145899,0.067282,0.108242,0.074682,0.002141,0.069736,-0.039121,0.026241,0.062723,0.066025,0.069577,-0.184040,-0.012297,0.105560,0.007988,0.168871,0.079563,0.045502,-0.120099,0.052046,-0.040410,0.136436,0.042146,0.042361,-0.043626,0.021054,0.146012,0.024543,0.082810,0.031243,0.294151,0.072815,0.052792,-0.158088,-0.080447,0.160360,0.024221,0.079200,-0.009244,0.179865,0.129450,-0.015040,0.175389,0.048748,0.050962,-0.049636,0.057362,0.002075,0.236936,0.011891,0.198087,0.177906,-0.202389,0.131140,-0.035847,0.063726,0.124519,0.062963,0.098793,-0.026917,0.133029,0.064466,0.085825,0.002240,0.029662,0.090088,0.044777,0.110011,0.081720,0.091479,-0.032215,0.185206,0.089917,0.116391,0.018674,0.085539,0.090387,-0.082777,0.211754,0.025488,-0.161381,0.205819,0.086262,-0.081269,-0.099251,0.029033,0.141550,0.122041,0.175720,0.080761,0.182676,0.051092,-0.002775,0.028391,-0.124066,0.197403,0.265419,0.069839,0.079947,0.046559,-0.087045,0.180540,-0.073639,-0.197522,0.019772,0.202799,0.120285,0.007203,-0.005263,-0.061765,0.027448,-0.040235,-0.039230,0.070744,-0.031342,0.114142,#
8,0.045212,0.192936,0.078506,0.277490,0.186790,0.093986,0.129071,0.335411,1.000000,0.185493,0.100969,0.184389,0.098892,-0.026360,0.230021,0.236640,-0.052383,0.118322,0.074785,0.029409,-0.035762,0.188186,0.258806,0.208885,-0.050372,0.164319,-0.002085,0.195519,-0.074100,0.198373,-0.051261,0.083363,0.070763,0.084506,-0.049671,0.089839,0.153644,0.026778,0.106768,0.125520,0.070438,0.200845,0.206045,0.087587,0.175218,0.022632,-0.014465,0.057582,0.132026,0.094822,0.138157,0.254414,0.046948,0.172601,0.069133,0.258059,0.116708,0.244508,0.020841,0.278880,0.224253,0.044440,0.239249,-0.086606,0.164966,0.272891,0.119035,0.071007,0.224189,0.198065,0.150070,0.047848,0.131226,0.177366,0.170440,0.133244,0.048439,0.114931,0.122601,0.175818,0.160086,0.131339,0.023930,0.026904,0.128456,0.168791,-0.000375,0.004065,-0.058708,0.161300,0.088368,0.150178,0.098407,0.086653,0.273019,0.138491,0.156259,0.044077,0.100072,0.061305,0.137085,0.047337,0.071317,0.160646,0.106233,0.100829,0.205354,0.177523,0.067252,0.151790,0.095108,0.102038,0.025523,-0.003134,0.325953,0.247654,0.126367,-0.093237,0.033306,0.257037,0.099319,0.049334,0.185406,0.066824,0.077616,0.192891,0.215117,0.218460,0.044469,0.180058,0.060882,-0.029804,0.221989,0.232664,0.264860,0.189716,-0.088424,0.074190,-0.029339,0.035896,0.041414,0.142801,0.229072,0.059874,0.055040,0.025040,0.266926,0.144428,0.148969,0.002347,0.140302,0.041976,0.055137,0.190572,0.250989,0.222310,0.156820,0.281652,0.025172,0.176904,-0.004196,0.024821,0.168228,0.158885,0.121783,0.155996,0.098763,-0.075867,0.065327,0.246170,0.152569,0.147312,0.166457,0.045643,0.275416,0.063277,0.039614,0.102483,0.092357,0.174309,0.204963,0.079264,-0.023864,0.042557,0.080024,0.138519,-0.021238,0.003468,0.195889,0.126752,0.058460,0.071062,0.143915,0.038293,0.150885,0.059459,0.073891,0.091628,0.107278,0.066840,#
9,-0.021044,0.041258,0.118928,0.095539,0.164324,0.126581,-0.033088,0.060067,0.185493,1.000000,0.160056,-0.046197,0.073254,0.035427,0.183695,0.154591,0.046851,-0.103856,0.030219,0.193510,0.138159,0.085573,0.192819,0.209140,-0.099791,-0.017061,0.078174,0.111952,0.050574,0.072819,0.151283,0.015189,-0.026607,0.216965,0.215208,0.074150,0.050916,0.112594,0.104926,-0.086586,0.191654,-0.035592,0.158081,-0.033117,0.062015,0.056745,0.066313,-0.033323,-0.099173,0.035990,-0.017478,0.070945,-0.024211,0.053611,-0.056031,0.070434,-0.021453,0.011402,0.248348,0.079662,0.141350,0.114753,0.256815,0.120375,0.062032,0.186147,0.003269,0.080245,0.074914,-0.025734,0.260930,0.115755,0.055000,0.085616,0.032477,0.054746,-0.138550,0.028571,0.170045,0.177948,-0.025964,0.148092,-0.092746,-0.084632,0.249039,0.025114,0.023328,0.195221,-0.192456,-0.183858,0.023607,0.266014,0.110585,-0.024758,0.125129,0.050045,0.134899,0.209455,0.157115,-0.173505,-0.032516,0.104673,0.182358,0.060050,0.247593,0.170283,0.082204,-0.140399,0.112159,0.071128,0.118715,0.072749,0.175822,0.316237,-0.045994,0.155580,0.018355,-0.034842,0.027201,-0.037683,0.031511,0.102360,0.000188,0.076219,-0.062590,0.036597,-0.039227,0.091946,0.143165,0.202438,0.031164,-0.060196,0.128092,0.272191,0.150269,0.075475,0.021461,0.064256,-0.055284,-0.056345,-0.128608,0.138435,0.151198,0.104977,-0.075970,0.079771,0.101905,0.083001,0.022996,0.149736,0.008691,-0.066488,0.189684,0.169761,0.246313,-0.003243,0.056951,0.133242,0.177736,-0.029363,0.093652,-0.021772,0.048219,0.272144,0.101318,-0.006637,0.006228,0.011124,0.232853,0.067093,0.137394,0.101242,0.018831,0.143909,0.078069,0.217958,0.013196,0.085691,0.163836,0.054070,0.106848,-0.029580,0.087970,0.063285,0.019009,0.107343,-0.030100,-0.043835,0.303613,0.105025,0.087283,0.092189,0.095030,0.049064,-0.059316,-0.001752,-0.012367,0.117557,-0.044392,0.164186,#
10,0.122010,0.119880,0.202702,0.179971,0.004491,0.184316,0.029867,0.101704,0.100969,0.160056,1.000000,0.029428,-0.143479,-0.088955,0.065329,0.171702,0.042925,0.038861,-0.037028,0.123673,0.015122,-0.080248,-0.006558,0.157073,-0.011959,-0.117035,-0.035116,0.223888,-0.126516,0.183399,0.087447,0.076162,0.128440,0.092476,0.146059,0.072746,-0.042753,0.057817,0.160814,-0.049510,0.206481,-0.008945,-0.013869,-0.094212,0.150004,0.102719,0.120432,0.141818,0.139225,0.274848,-0.050898,0.095771,0.076961,0.044922,-0.051470,0.121646,0.047746,-0.099164,0.072535,0.122308,0.119341,0.193736,0.120163,0.257869,0.216412,0.055704,0.148917,-0.094704,-0.076632,-0.011265,-0.015997,0.226836,0.076807,0.076456,0.004866,0.129496,-0.000354,0.106697,-0.016391,0.003934,0.273064,0.060954,0.110298,0.079521,0.206117,0.052487,0.061012,0.311754,0.005754,0.086931,0.034980,0.239250,0.061492,0.149008,-0.004387,0.233446,-0.029681,-0.046064,0.312001,0.105265,-0.027698,0.070172,0.089948,0.030471,0.271051,-0.123611,0.103097,0.147954,0.030052,0.000298,-0.077373,0.125592,-0.022089,0.043323,0.200335,0.307380,0.109812,-0.063415,0.089140,0.071407,0.043440,0.135515,-0.041980,-0.039593,-0.110670,0.020562,0.228604,0.191725,0.089222,-0.058695,-0.028580,0.039375,0.034104,0.061464,0.185361,-0.014131,-0.060898,0.234244,-0.073791,-0.045780,0.229297,-0.080456,0.032720,0.020094,0.019437,-0.179135,-0.073418,0.035947,0.113366,0.028299,0.141955,0.089979,0.135119,0.075633,0.000783,-0.011261,0.212393,-0.008106,0.167494,0.030494,0.134040,-0.053972,0.162578,0.233814,0.038110,0.141193,0.179546,0.054466,0.125621,0.192455,0.025834,-0.093785,-0.033139,0.074413,0.171430,-0.015590,0.170747,0.196037,-0.092850,0.168696,0.066738,0.040152,0.206130,-0.077293,0.010877,0.004081,-0.035557,-0.168432,0.037327,0.167686,0.141649,0.060860,0.106070,-0.051116,0.176875,0.017822,-0.122788,0.170448,0.040526,0.259778,#
11,-0.067280,0.203464,0.158440,0.069485,0.108875,0.087762,0.045064,0.130534,0.184389,-0.046197,0.029428,1.000000,0.043688,-0.007053,-0.060036,-0.027000,-0.017180,0.127848,0.008644,-0.202804,-0.056227,0.129480,-0.087996,-0.128796,0.054558,0.156239,-0.169401,0.181527,-0.099323,0.094588,0.096825,0.074706,0.045987,0.062514,-0.008207,0.041288,0.130130,-0.080620,0.003132,0.184740,-0.014036,0.081601,0.261677,0.047659,0.043411,0.072871,0.108455,-0.063633,0.093250,0.007973,-0.017957,0.181073,0.016171,0.182120,0.074895,-0.076174,-0.108585,0.211234,0.029258,0.040574,-0.009494,0.004056,0.109458,-0.066627,0.034347,0.116905,0.122527,0.099441,0.153221,0.133566,0.009584,0.070284,0.081121,-0.050409,-0.040225,-0.103696,0.090012,0.017512,-0.055108,-0.067254,0.094064,0.044643,0.096297,-0.039082,0.096904,0.001051,-0.066128,0.035850,0.176683,-0.057418,-0.119049,0.213310,0.148499,0.086429,0.120361,0.135143,-0.076796,-0.064414,0.102923,0.125825,-0.011738,0.093461,-0.111302,0.086521,-0.024109,0.156486,0.093113,0.136259,0.043695,0.185535,0.159176,0.098916,0.065292,0.071310,-0.073241,0.222714,-0.033756,0.106690,-0.204956,0.150278,-0.088650,0.068919,0.080551,-0.060044,0.033895,-0.096071,-0.091712,-0.063948,0.103697,0.054211,0.070698,0.133549,0.192932,0.155810,0.072076,0.034641,-0.150358,0.193256,-0.076290,0.190877,0.079373,-0.127577,0.103498,0.151932,0.244851,-0.090575,0.102180,0.032074,-0.050985,-0.024773,0.029073,0.155199,0.032950,0.091765,0.094901,0.038996,0.045185,-0.049786,0.062763,-0.052918,-0.039971,0.138992,-0.077139,0.033430,-0.036948,-0.059099,0.128328,-0.044845,-0.028818,0.191256,0.016373,0.025273,0.018310,-0.063901,0.049637,0.023088,-0.033047,0.044696,-0.078890,0.165643,0.199760,-0.018682,0.076472,-0.108940,0.020406,0.048295,-0.069355,0.009353,0.114939,0.167981,0.124850,-0.120485,0.240904,0.146618,0.202715,0.053774,0.002699,0.012979,-0.023471,0.121545,#
12,-0.008686,0.078192,-0.043754,0.001430,0.071657,0.097198,0.073738,0.054198,0.098892,0.073254,-0.143479,0.043688,1.000000,0.063444,0.296146,0.103356,0.273104,0.129275,0.121044,0.121133,-0.024574,0.176826,0.095500,0.125471,-0.136756,0.031475,0.028105,0.144904,0.071661,-0.010046,-0.038242,0.126680,0.161913,0.045091,0.110498,0.085376,0.087336,0.021706,0.027081,0.202191,-0.051502,-0.078225,0.160437,0.252315,0.113007,0.132640,0.068890,-0.079503,0.099253,-0.014351,0.106631,-0.006119,-0.056623,0.119111,0.198804,0.029817,-0.018638,0.019394,-0.008743,-0.117264,0.036534,0.273241,-0.152373,0.119416,0.221508,0.079715,0.016073,0.039403,0.133295,0.047495,0.098122,0.010488,0.168525,-0.013756,0.176376,0.179650,0.134063,-0.161195,-0.033988,0.026226,0.184710,0.046404,-0.071642,0.038559,-0.017808,0.067428,0.068198,0.092843,0.175962,0.009759,-0.088352,-0.059232,-0.055007,-0.055960,0.007084,0.190797,0.292092,0.121567,-0.080617,-0.049092,0.025215,0.068509,0.054727,0.116315,0.062260,0.052948,0.072710,-0.025046,-0.000238,0.072959,0.156528,-0.027002,0.042017,-0.010548,0.105893,0.006777,0.222624,-0.082732,0.042690,-0.103226,0.095167,0.094860,0.134604,0.170771,0.142678,-0.190215,0.023433,-0.106236,-0.105020,0.083904,0.055141,0.043756,-0.062291,0.124172,0.053583,-0.091351,0.082024,0.098652,0.178721,-0.008046,0.106042,0.151559,0.109129,-0.004622,0.074714,0.136818,0.077769,0.115048,-0.035680,0.152475,-0.014356,0.212720,0.119414,-0.061927,0.069752,0.245083,0.019790,-0.107102,-0.015543,0.014625,-0.019580,0.249674,0.167260,0.121545,0.194454,0.022648,0.181739,0.119250,-0.007104,-0.012335,0.111529,0.158332,0.010133,0.169814,0.088021,0.113123,0.130775,0.133742,0.034878,-0.088540,0.136473,0.085252,0.114344,0.010048,-0.006881,0.074219,0.092068,0.209358,-0.012461,-0.049425,0.072157,-0.059781,0.138178,0.094338,0.006554,0.060326,0.000891,0.092181,0.118419,-0.073004,#
13,-0.066192,-0.141372,0.160371,-0.025608,0.043038,-0.040716,0.107481,0.030939,-0.026360,0.035427,-0.088955,-0.007053,0.063444,1.000000,0.177399,-0.063182,0.143278,0.020715,0.069320,0.134584,0.145545,0.090848,0.025232,0.105044,-0.235669,0.098798,0.114765,0.124077,-0.064696,0.075425,0.033478,0.066576,0.202595,0.068730,0.194918,0.108185,-0.021457,0.090306,-0.105656,0.091317,-0.050543,0.148041,0.120228,-0.005969,0.193256,0.107802,0.006757,-0.010515,0.080870,-0.078063,0.046883,0.007452,-0.031570,0.216285,0.042689,0.080047,-0.090847,0.117988,0.081504,0.184545,0.168475,0.190585,0.140468,0.094449,0.067620,0.012248,0.188889,0.060915,0.097362,0.001287,0.024224,0.052778,-0.133224,0.034470,0.241200,0.196628,0.118165,0.040124,0.124215,0.295954,0.043048,0.164883,0.091982,0.081183,0.031910,0.083560,0.012589,0.019768,0.012179,-0.027937,-0.018716,-0.068298,0.040572,0.191121,-0.011094,-0.145244,0.064823,0.007886,0.026105,0.262509,-0.008772,0.229105,0.154367,0.279130,-0.023306,0.148090,0.103465,0.048437,0.191603,0.131152,-0.002100,0.095179,0.251024,0.126586,0.200970,0.137485,0.195117,0.126718,-0.046971,0.228720,0.036015,-0.006754,0.197631,0.022145,0.121292,-0.124441,0.047740,-0.099348,0.032440,0.115670,-0.162614,0.075221,0.028886,0.123650,0.249359,-0.039444,-0.032746,0.020243,0.032949,0.156420,-0.267572,0.084658,0.257893,0.169301,-0.011233,0.147121,0.149036,0.022830,-0.028946,0.049404,-0.027945,0.131457,0.085663,0.185549,0.066809,0.109433,-0.125096,-0.024273,0.203340,0.095058,-0.025516,0.158504,0.122786,0.188450,-0.015295,0.112480,-0.067206,-0.025062,0.098206,0.019205,0.082540,0.157602,0.098535,0.129902,0.198647,0.004110,0.027321,0.190808,0.187748,-0.093095,0.009409,0.225066,0.020126,-0.001975,0.205754,0.189797,0.199649,0.007175,-0.133312,0.071949,0.084143,0.127733,0.125164,0.279136,0.021705,0.107276,0.012375,-0.094194,0.101712,0.028661,#
14,0.158582,-0.026044,-0.112384,0.124292,0.123108,0.065475,-0.045912,0.198192,0.230021,0.183695,0.065329,-0.060036,0.296146,0.177399,1.000000,0.257990,0.122822,0.061705,0.169324,0.225527,0.131424,0.030065,0.096032,0.277671,-0.053157,-0.019859,0.116845,0.115606,0.142916,0.080536,-0.026628,0.276511,0.075174,0.121140,0.189017,0.095857,0.055955,0.138747,0.094403,0.172688,-0.100142,-0.019884,0.093858,0.052621,0.263550,0.167439,0.096809,-0.067122,-0.045062,0.185025,0.096021,-0.015971,0.156460,0.215768,0.244501,0.076256,0.114441,0.103348,0.134305,0.069385,0.144797,0.213053,0.121514,0.085268,-0.007062,-0.060673,0.071045,0.127349,-0.036033,0.180289,0.187005,0.088149,0.159399,0.098262,0.282779,0.145525,0.246656,0.119599,0.081567,0.009359,0.183319,0.253156,0.085487,0.217831,0.100795,0.074580,-0.022276,0.160604,0.031814,-0.022926,-0.078740,0.090754,0.082308,0.112188,0.087343,0.150713,0.254781,0.097974,-0.014266,-0.024570,0.174118,0.214627,0.141148,0.188092,0.253227,0.017153,0.147037,0.039107,-0.071153,0.111079,0.074152,-0.147200,0.138948,0.208328,0.165735,0.090805,0.227607,-0.095036,0.102192,0.022478,0.203439,0.124460,0.053135,0.035239,0.128512,-0.018171,0.048828,0.130883,0.015511,0.245871,-0.020887,-0.023239,0.003681,0.134778,0.133028,0.098500,-0.193469,0.169407,0.021449,-0.003370,0.095638,0.161451,0.154544,0.118463,-0.104991,0.218606,0.123152,0.027742,-0.108482,0.006318,0.162574,0.097588,0.058673,0.140624,0.192317,0.231506,0.140015,0.077088,-0.001921,0.116154,-0.007723,0.009672,0.209626,0.108732,0.064067,0.098084,0.120126,0.000346,0.155539,0.217648,0.150516,-0.025933,0.142308,0.081185,0.011813,0.060845,0.187247,0.161629,0.158709,-0.023065,0.224100,0.249307,0.069003,-0.050491,0.044153,-0.043866,0.068144,-0.111475,-0.047108,0.172114,-0.045261,0.026652,0.140635,0.123218,0.163859,0.006014,0.043011,0.043055,0.102306,-0.069441,#
15,0.295211,-0.024785,0.074144,0.003444,0.135919,0.139202,0.046379,-0.026000,0.236640,0.154591,0.171702,-0.027000,0.103356,-0.063182,0.257990,1.000000,0.166141,0.181702,0.088918,0.141450,0.039489,0.017365,0.165704,0.255150,-0.069016,0.143774,0.019248,0.022843,0.110303,0.264105,0.017914,0.191811,-0.005155,0.172414,0.042485,0.254683,0.075774,0.000172,0.243987,-0.015042,0.009756,0.040556,0.059778,0.067625,0.151944,0.061102,-0.089404,0.146370,0.090608,0.197634,-0.177780,0.313332,0.064073,0.093344,0.164923,0.081315,0.108451,0.046009,0.119478,0.150034,0.159965,0.103921,0.250779,0.057549,-0.031701,0.245677,-0.002028,0.061458,-0.005385,-0.128831,0.177740,0.102680,0.041652,-0.004674,0.013934,0.110812,0.083092,0.082690,-0.019024,0.006457,0.251295,0.104622,-0.124550,0.259237,0.176631,0.051432,0.012838,0.331315,0.064901,0.016199,0.048039,0.044368,0.008772,0.036353,0.091158,0.030556,0.250355,0.005408,0.017507,0.032404,0.184664,0.098013,0.097424,0.096586,0.029060,0.112203,0.202603,0.097849,-0.067484,0.173492,-0.063482,0.144211,0.006677,0.068495,0.043167,0.086595,-0.005455,-0.033818,0.004060,-0.028766,0.133393,0.059271,0.168299,0.031452,-0.051212,0.066101,0.141700,0.200158,0.013862,0.279954,-0.076720,-0.001963,0.006857,0.182459,0.077340,0.057125,-0.187887,-0.005150,0.030913,-0.092112,0.004212,0.065245,0.059496,0.004950,0.060905,-0.107189,0.117468,0.073458,0.164058,-0.059071,0.067161,-0.050044,0.215164,0.145711,0.007969,0.215165,0.219525,0.169016,-0.006501,0.185140,0.043102,-0.007139,0.308473,-0.001837,0.089035,0.187510,0.133529,0.161451,0.229008,-0.027524,-0.060084,0.094233,-0.114050,0.111142,0.067391,0.109159,0.220091,0.150237,0.039196,0.114527,0.248952,0.052071,0.089282,0.173487,0.009746,0.070581,-0.067642,0.198007,-0.102519,0.058930,-0.148722,-0.010468,0.141745,0.076208,-0.021715,0.089369,0.157591,0.158243,0.087760,-0.050955,#
16,0.176218,0.054611,-0.106721,0.005683,-0.028113,-0.011288,0.004257,0.171593,-0.052383,0.046851,0.042925,-0.017180,0.273104,0.143278,0.122822,0.166141,1.000000,0.045158,-0.079853,0.244027,0.139091,0.065657,0.011097,0.104412,-0.071498,0.027163,0.089601,-0.078576,-0.074045,0.240357,-0.049683,0.159174,0.055443,0.275671,0.144306,0.018280,0.024685,0.010795,0.136210,-0.064116,-0.026161,-0.019482,0.112531,0.081810,0.039733,0.070657,-0.062170,0.020506,-0.090964,0.051914,-0.017626,0.033145,0.079995,0.208116,0.105724,-0.051314,-0.019642,-0.008633,0.087936,-0.035922,-0.039015,0.224593,0.127883,0.051550,0.055784,0.038163,-0.103506,0.135833,0.081343,0.148240,-0.074453,0.077413,0.238374,-0.060148,0.022162,0.109346,-0.075762,0.067408,-0.023101,0.179746,0.128376,0.022936,-0.061173,0.207127,0.119800,0.112754,0.165579,0.098571,0.096596,0.148452,-0.023754,-0.001963,0.031758,-0.122404,0.019112,-0.004416,0.068556,-0.047774,-0.001297,0.174384,-0.097151,-0.017535,-0.040129,0.016484,0.045156,0.074247,0.129215,0.099349,0.068011,0.108841,-0.012440,0.063912,0.125324,-0.006826,0.210446,0.132615,0.117065,0.051682,0.023774,-0.008687,0.242876,0.182858,0.073238,0.193644,0.203538,-0.066979,0.051460,-0.098632,-0.100498,0.161977,0.047176,-0.063148,0.174354,-0.216166,0.233444,0.168281,-0.090039,-0.000238,-0.052296,-0.051184,-0.019269,0.131413,0.030074,0.044847,0.141592,-0.011252,0.031228,0.018336,0.088179,0.300316,-0.214823,0.189915,0.026209,0.053225,0.043376,0.175747,0.038392,-0.055119,0.048896,0.086902,0.022242,0.065604,0.120542,0.070200,-0.001208,0.055651,0.158779,0.146882,0.055725,-0.168347,0.011037,0.113842,0.011821,-0.042958,0.037969,0.028905,0.023858,0.121336,0.067083,-0.084487,0.029198,0.041464,0.012468,-0.049834,0.004567,0.163576,0.077580,0.162432,-0.009202,0.029352,0.222843,-0.159478,-0.119112,0.013103,0.026495,0.160154,0.046241,-0.099169,-0.108819,0.021710,#
17,0.217724,0.042695,0.028585,0.143776,0.100169,0.122530,0.077844,0.130637,0.118322,-0.103856,0.038861,0.127848,0.129275,0.020715,0.061705,0.181702,0.045158,1.000000,0.023828,0.063575,0.130817,0.039496,0.013679,0.164067,0.044736,0.155438,0.040920,-0.060120,-0.063232,-0.019524,0.089815,0.011596,0.176940,-0.027042,0.039185,0.177695,-0.121922,-0.009033,0.287603,0.069478,0.173024,0.196020,0.133184,0.087768,0.046248,0.087124,0.062621,0.147069,0.034820,0.029887,0.120976,0.103725,-0.002446,0.011806,0.173716,0.161469,0.150493,0.008537,0.083576,0.030717,0.044308,0.125490,-0.018525,0.088772,0.050787,0.224681,0.204702,0.222263,0.077173,0.051256,0.003430,0.222290,-0.015886,-0.033063,-0.007401,0.131062,-0.012635,-0.054880,-0.087819,0.110293,0.170863,0.031148,0.057729,0.065862,-0.007325,-0.031305,0.248251,0.015117,0.150399,0.077479,-0.072245,-0.122226,0.184869,0.074232,-0.112594,0.071685,0.094197,0.028319,-0.020799,0.043539,0.094452,-0.128745,0.013513,0.080498,-0.029925,0.003470,0.105218,0.090321,0.022369,0.011039,0.159455,0.156484,-0.023547,0.096606,0.205846,-0.016403,0.025381,-0.045370,0.007753,0.095708,-0.003001,0.120301,0.048122,0.016216,0.221193,0.104368,0.127148,-0.130915,-0.083418,0.117518,0.228453,0.133365,0.153053,0.029600,-0.012793,0.055194,-0.015068,0.117835,0.085530,0.146143,0.175614,0.076462,0.156453,0.098233,0.157137,0.043186,-0.001244,0.170827,-0.059745,-0.124457,0.066591,-0.017735,0.008559,0.044319,0.228898,0.220344,0.115903,0.090439,0.039094,0.059661,0.013263,0.037784,0.197191,0.150350,0.060571,0.037679,-0.017698,0.075509,0.011785,0.018857,0.140462,-0.087774,0.038773,0.069681,0.099312,-0.012238,0.104777,-0.010522,-0.057099,0.300956,0.241682,0.135308,0.116384,0.106632,-0.011425,0.054504,0.083405,0.131614,0.064086,0.014776,0.025135,0.072669,0.154230,0.168275,0.126978,0.166097,-0.028150,0.113355,-0.041014,0.127064,#
18,0.136215,-0.063193,0.101200,0.183592,0.098007,-0.173244,0.045877,-0.016524,0.074785,0.030219,-0.037028,0.008644,0.121044,0.069320,0.169324,0.088918,-0.079853,0.023828,1.000000,0.078271,0.036456,0.082966,0.130305,0.213575,-0.024081,0.035589,-0.134238,0.147134,0.012643,-0.071145,-0.143188,-0.105229,0.136885,0.102876,0.104573,0.129174,0.020874,0.113271,0.050370,0.273863,0.098752,-0.058361,0.076338,-0.056221,0.214883,-0.025588,0.005527,-0.008307,-0.138628,0.112133,-0.070168,0.103100,0.095032,0.046632,0.147186,0.196085,-0.011606,0.068041,-0.058405,0.086726,0.136728,-0.010202,0.109053,-0.080398,0.106902,0.040279,0.065718,0.002433,-0.113955,0.057305,0.003212,0.022704,-0.087998,-0.125881,0.145667,0.104871,0.094829,0.084567,0.003969,0.088201,-0.065945,0.013079,0.120627,0.125060,-0.007656,-0.058521,-0.020130,0.016115,-0.022521,0.089872,0.113958,-0.105672,-0.048642,-0.053688,0.160191,0.130668,0.207588,-0.008331,0.053026,0.109071,0.111867,0.089551,0.081414,-0.005181,0.143383,0.116531,0.039216,-0.062784,-0.020199,-0.059597,0.156644,0.065229,0.220745,-0.013495,-0.012540,-0.017705,-0.055788,-0.209255,-0.015179,0.065282,0.024442,-0.006784,0.107653,-0.097818,0.049376,-0.194517,-0.062438,0.152456,0.134433,-0.035039,-0.082133,0.171208,-0.126968,0.222343,0.120352,-0.018012,0.054984,0.162752,-0.090568,0.064297,-0.127177,0.024695,0.058704,0.090315,0.035359,0.164419,0.024726,-0.002358,-0.124132,-0.021596,-0.020928,0.059237,0.000974,0.071793,0.052676,0.090834,0.067723,0.071547,-0.013993,0.181117,0.034871,0.045334,0.097818,0.120886,-0.024513,0.250271,0.089982,0.054304,0.030933,0.187289,-0.151959,-0.023390,0.103083,0.124931,-0.007867,0.157172,0.066587,0.040479,0.018696,-0.035327,-0.011398,-0.001241,0.106500,-0.050287,0.009987,-0.093389,0.284021,-0.104829,0.035418,-0.049116,-0.013925,0.119974,0.164193,0.137488,0.067406,-0.042784,0.030589,0.019587,0.164456,-0.071027,#
19,0.147607,0.013500,0.054256,0.084481,0.268838,0.258094,-0.096639,-0.016408,0.029409,0.193510,0.123673,-0.202804,0.121133,0.134584,0.225527,0.141450,0.244027,0.063575,0.078271,1.000000,0.026401,-0.043542,0.111789,0.098937,-0.081088,0.060289,0.119496,-0.044846,0.000436,0.112839,0.142548,0.075885,0.052837,0.058036,0.100050,0.045347,0.085124,-0.007888,0.155330,0.109192,0.113860,0.007310,-0.023188,-0.074246,0.034441,0.087489,0.205065,0.090685,0.073085,0.144616,-0.070708,0.060640,-0.034665,0.057418,0.143800,0.157716,0.157820,-0.122061,0.117979,0.101868,0.225025,0.341518,0.199776,0.213175,0.233984,-0.038359,0.031118,0.174567,-0.127537,-0.063967,0.152211,0.109260,0.082602,0.112273,0.145321,0.271420,0.043772,0.099041,0.253657,0.134432,0.125178,0.040859,0.108223,0.061496,0.035305,0.132867,-0.045621,0.234219,0.062434,-0.182819,0.008861,-0.017955,0.173187,-0.076719,-0.087278,0.084804,0.177717,0.069606,-0.181643,0.036799,0.061134,0.155140,0.125444,0.115081,0.138127,0.228996,0.126984,0.177837,0.053225,-0.089113,-0.096108,0.019408,0.190465,0.149269,0.080799,-0.004397,0.250259,0.120376,0.048675,-0.214965,-0.005965,0.199577,0.085656,0.083063,0.215563,-0.074799,0.253023,0.029633,0.025837,0.189505,0.005407,0.021276,0.011366,-0.013124,0.161688,0.051583,-0.006584,0.146962,-0.034416,-0.067164,-0.044639,0.097879,0.152442,0.111877,0.075484,0.092351,0.016980,0.069603,0.059690,0.080196,0.038546,0.261499,0.073272,0.099164,0.163295,0.083966,0.047340,0.040802,0.137658,0.209384,0.233075,0.012366,0.101381,0.053322,0.166245,0.109515,-0.033606,0.147800,0.149495,-0.009007,0.043054,0.089608,0.211683,0.228269,0.076521,0.066634,0.120468,0.228995,0.141230,0.043558,-0.033088,0.167423,0.170307,0.218115,0.271546,0.047709,0.036651,-0.025800,0.074824,0.040690,0.256959,0.176065,-0.025857,0.068354,-0.052006,0.247201,-0.108120,0.068367,0.168410,0.110700,#
20,-0.016157,-0.069206,0.165338,0.097478,0.312593,-0.013852,0.124097,-0.041952,-0.035762,0.138159,0.015122,-0.056227,-0.024574,0.145545,0.131424,0.039489,0.139091,0.130817,0.036456,0.026401,1.000000,0.153307,-0.022283,0.100541,0.028652,0.220749,0.144798,-0.119001,0.015806,-0.072496,-0.040887,-0.015568,0.115287,0.139257,0.074820,0.173837,0.183388,0.135101,0.255013,0.111705,0.029768,0.142668,-0.000653,-0.125929,0.214353,0.025138,0.218082,-0.041565,-0.180312,0.062660,-0.175582,0.095001,-0.052976,0.194616,0.281963,0.134491,0.116367,0.109470,0.075721,0.029245,0.128607,0.119981,0.158157,-0.016045,-0.017387,-0.031497,-0.013914,0.098292,0.100808,0.186373,0.273165,0.155214,-0.031347,0.005605,0.145490,0.017572,-0.013599,0.189431,0.011281,0.030430,0.091080,0.185859,0.103603,0.012128,0.096523,0.047396,0.090035,0.008996,0.052983,0.023091,0.135966,-0.033222,0.095878,0.101580,0.242476,-0.081310,-0.009634,0.184032,0.121547,0.019803,0.054293,0.045108,0.213090,-0.052873,0.097084,0.052463,0.111794,0.105487,-0.000100,0.212055,0.210770,0.262185,0.122426,-0.120811,0.162076,0.154850,0.213831,0.179117,0.029614,0.210902,0.094465,0.149148,0.030965,0.161011,0.037510,0.054980,0.154554,0.043317,0.215687,0.107627,0.217175,-0.019296,0.017514,0.182454,0.087655,-0.105582,0.038431,-0.098822,0.076940,0.025340,0.026387,0.186107,0.075700,0.051397,0.090955,0.054009,0.054495,0.045230,-0.074452,0.129569,0.201495,0.092649,-0.006118,0.227245,0.032786,0.097007,0.035181,-0.075220,-0.067948,0.233022,0.011056,0.090051,0.157133,0.136937,0.088277,-0.093981,-0.091762,0.092904,0.078731,0.003225,0.073397,-0.065441,0.164602,0.041132,-0.004637,0.061705,-0.099204,0.041165,0.254427,0.068108,0.069575,0.054915,-0.030067,-0.023278,0.078009,-0.093380,0.072823,0.128375,0.040183,0.212972,-0.074108,0.022638,-0.001877,0.221591,0.050956,-0.078016,0.077119,0.045061,0.089336,0.251429,#
