0,1.000000,0.686087,0.723666,0.655492,0.569499,0.699786,0.655880,0.695908,0.652686,0.656498,0.679472,0.736052,0.680681,0.581591,0.707193,0.634642,0.675542,0.706681,0.681442,0.651144,0.646225,0.631018,0.675059,0.666993,0.647376,0.645713,0.695208,0.694515,0.598895,0.651139,0.697516,0.627242,0.630988,0.595897,0.686926,0.662791,0.695515,0.689155,0.678741,0.729626,0.660660,0.631642,0.689857,0.722816,0.657949,0.624874,0.720027,0.712182,0.615093,0.722178,0.692386,0.603309,0.730867,0.710698,0.643965,0.709515,0.685685,0.736548,0.668341,0.707632,0.744418,0.608867,0.689574,0.674167,0.659678,0.706076,0.704868,0.738928,0.688592,0.610818,0.716836,0.690057,0.762894,0.691514,0.694215,0.680779,0.671169,0.702967,0.676929,0.672578,0.778270,0.694230,0.679611,0.731700,0.675938,0.739575,0.683429,0.609781,0.574731,0.677457,0.662770,0.659860,0.646507,0.705144,0.648455,0.692428,0.597759,0.638316,0.702661,0.687725,0.676029,0.700931,0.605474,0.651146,0.684670,0.618242,0.622929,0.721815,0.713150,0.663590,0.720255,0.644577,0.724533,0.590673,0.674534,0.758638,0.605527,0.644303,0.655326,0.649611,0.621661,0.789378,0.668113,0.749242,0.646965,0.658439,0.644297,0.657777,0.627734,0.635560,0.639624,0.682207,0.665326,0.650330,0.680405,0.637769,0.648147,0.727042,0.649619,0.657119,0.628184,0.656338,0.605550,0.754086,0.728981,0.588019,0.679775,0.614008,0.702687,0.667186,0.681274,0.620289,0.667464,0.606865,0.651900,0.612050,0.625863,0.692799,0.730694,0.702335,0.690253,0.724577,0.628562,0.670390,0.672750,0.719192,0.720854,0.641337,0.639125,0.721537,0.691578,0.646845,0.686148,0.731601,0.756848,0.588671,0.637049,0.675124,0.696994,0.702141,0.634079,0.717971,0.601288,0.637376,0.654361,0.612974,0.701612,0.696496,0.678795,0.718798,0.682545,0.706257,0.652081,0.666069,0.635948,0.640196,0.632699,0.701748,0.723897,0.676405,#
1,0.686087,1.000000,0.698677,0.718885,0.658235,0.741327,0.617502,0.646697,0.667253,0.686883,0.684137,0.666196,0.677497,0.688148,0.719336,0.624480,0.639986,0.640497,0.674196,0.699010,0.722443,0.748397,0.745107,0.731330,0.664293,0.614569,0.756586,0.708529,0.602867,0.608565,0.750271,0.696848,0.695028,0.700321,0.712179,0.748414,0.578860,0.744285,0.714706,0.724252,0.640302,0.621336,0.613530,0.690281,0.652627,0.681629,0.727276,0.701638,0.724506,0.711524,0.686976,0.717712,0.724630,0.659458,0.711084,0.710782,0.668506,0.725227,0.737906,0.691315,0.654530,0.710768,0.571492,0.615024,0.686129,0.705439,0.739690,0.729816,0.723262,0.712187,0.707475,0.708822,0.807338,0.617965,0.685204,0.716113,0.650905,0.707219,0.668601,0.681990,0.756611,0.695253,0.776153,0.743019,0.693852,0.695982,0.664351,0.633938,0.701165,0.701102,0.698037,0.631612,0.698586,0.704482,0.579065,0.614403,0.670472,0.661508,0.690266,0.734863,0.681765,0.768762,0.646574,0.687128,0.688957,0.619487,0.638068,0.726133,0.686391,0.637820,0.688545,0.678300,0.679393,0.611411,0.657453,0.662276,0.690200,0.721232,0.656699,0.578343,0.742035,0.705661,0.622356,0.718357,0.606024,0.619105,0.684780,0.689564,0.712920,0.720784,0.654434,0.722012,0.621366,0.746158,0.701856,0.631201,0.628616,0.674985,0.688738,0.603544,0.713996,0.665116,0.652950,0.716341,0.663040,0.664550,0.703285,0.647755,0.713410,0.656265,0.730901,0.685942,0.680064,0.612323,0.678514,0.627142,0.676490,0.712086,0.668060,0.666741,0.664055,0.741116,0.690427,0.718580,0.720089,0.665039,0.695948,0.691921,0.567363,0.695610,0.710845,0.626967,0.700076,0.741775,0.711921,0.595125,0.661117,0.753742,0.673974,0.701512,0.669218,0.689124,0.644443,0.653652,0.634109,0.720002,0.689235,0.589891,0.696564,0.695199,0.715860,0.648645,0.645375,0.712903,0.734004,0.635218,0.638627,0.692505,0.657358,0.667059,#
2,0.723666,0.698677,1.000000,0.683354,0.601980,0.705546,0.648651,0.690505,0.643323,0.682592,0.690909,0.642640,0.617256,0.592543,0.678192,0.587640,0.642377,0.700132,0.630192,0.668382,0.630454,0.665505,0.617726,0.701342,0.660409,0.598182,0.725751,0.740274,0.681092,0.656040,0.708987,0.667353,0.692316,0.667587,0.650497,0.698129,0.679623,0.692136,0.753137,0.707552,0.670183,0.674611,0.626489,0.653021,0.622382,0.646584,0.780285,0.643642,0.670703,0.783249,0.656200,0.624948,0.683151,0.726609,0.748607,0.679808,0.678779,0.697520,0.640700,0.695898,0.719471,0.690301,0.644149,0.730699,0.668613,0.700768,0.763149,0.646366,0.700186,0.680268,0.757454,0.657785,0.774450,0.648960,0.709961,0.720413,0.695879,0.715306,0.679380,0.738727,0.734424,0.729989,0.713658,0.717865,0.689700,0.716439,0.721804,0.718267,0.694853,0.671427,0.729237,0.689680,0.671977,0.650716,0.683077,0.650213,0.618227,0.650758,0.784840,0.725689,0.662403,0.640119,0.605095,0.645622,0.658091,0.717527,0.677089,0.635894,0.747451,0.682527,0.704790,0.586645,0.726290,0.608147,0.660209,0.642076,0.619344,0.633753,0.720985,0.578709,0.667585,0.710958,0.616462,0.690814,0.659000,0.655628,0.671760,0.660141,0.686812,0.708224,0.706758,0.765226,0.696063,0.752327,0.686757,0.652772,0.604971,0.670209,0.646607,0.615269,0.724955,0.648238,0.620810,0.680422,0.666426,0.714613,0.657371,0.664502,0.691153,0.627734,0.712685,0.634264,0.676154,0.646713,0.614488,0.685393,0.675222,0.651110,0.616430,0.645326,0.651068,0.632700,0.665568,0.668677,0.627225,0.709715,0.776769,0.629051,0.598267,0.648451,0.709307,0.620768,0.667039,0.643908,0.686219,0.596559,0.641555,0.719146,0.688713,0.690334,0.643134,0.736747,0.598358,0.706906,0.632090,0.668812,0.649547,0.637040,0.716138,0.678603,0.692414,0.661604,0.720254,0.672415,0.678071,0.718930,0.641654,0.740445,0.624042,0.672417,#
3,0.655492,0.718885,0.683354,1.000000,0.645497,0.664461,0.636613,0.653277,0.630616,0.675019,0.628514,0.647000,0.673985,0.591064,0.646264,0.645109,0.615433,0.648152,0.642004,0.617800,0.656885,0.695980,0.611951,0.636647,0.710707,0.645653,0.673260,0.673401,0.649375,0.559017,0.662609,0.694798,0.628731,0.701883,0.658516,0.653636,0.587143,0.674686,0.600581,0.717875,0.657640,0.637341,0.610344,0.629642,0.627533,0.677631,0.735685,0.677643,0.740005,0.689469,0.680548,0.562471,0.682358,0.621366,0.684594,0.659021,0.574135,0.665965,0.753160,0.682989,0.652626,0.660739,0.574143,0.621352,0.692323,0.701233,0.662730,0.654240,0.644710,0.654484,0.677223,0.703953,0.740956,0.671472,0.659172,0.620084,0.620928,0.665521,0.665534,0.687571,0.723969,0.629000,0.662557,0.731158,0.655586,0.673739,0.655143,0.599265,0.627240,0.666344,0.610369,0.641469,0.679799,0.685395,0.620266,0.668172,0.601298,0.587166,0.640803,0.690983,0.630964,0.629979,0.551710,0.608847,0.656387,0.631039,0.648066,0.701014,0.634448,0.628373,0.602942,0.632675,0.629148,0.611652,0.671698,0.674294,0.619111,0.637361,0.642449,0.555635,0.586453,0.673822,0.555206,0.672037,0.609846,0.619966,0.673041,0.652645,0.638387,0.689878,0.607076,0.696711,0.588428,0.720730,0.714223,0.663318,0.701373,0.637248,0.629073,0.583137,0.647931,0.626874,0.599385,0.644923,0.616577,0.702139,0.608993,0.633638,0.650387,0.561280,0.616296,0.621324,0.636254,0.587181,0.627146,0.575685,0.688052,0.672738,0.605893,0.661663,0.701267,0.691587,0.617977,0.708230,0.643336,0.665470,0.644582,0.574946,0.613720,0.636040,0.701036,0.651320,0.645438,0.663992,0.638035,0.632888,0.632689,0.638136,0.703332,0.623630,0.581684,0.707736,0.594560,0.615975,0.584347,0.623886,0.616364,0.564326,0.744051,0.696386,0.609939,0.616744,0.641477,0.636323,0.654630,0.655152,0.655781,0.678957,0.611317,0.656632,#
4,0.569499,0.658235,0.601980,0.645497,1.000000,0.669919,0.685515,0.551651,0.535262,0.593419,0.602802,0.632403,0.557977,0.563292,0.590398,0.604695,0.552430,0.637622,0.569503,0.635712,0.617073,0.630597,0.573204,0.620892,0.640940,0.502288,0.625843,0.602532,0.590598,0.554297,0.731377,0.567226,0.652862,0.527548,0.597279,0.622278,0.511504,0.642449,0.558731,0.690537,0.569266,0.565064,0.574816,0.669043,0.589750,0.591658,0.675322,0.591457,0.606087,0.649162,0.636259,0.576610,0.624643,0.528815,0.651311,0.653424,0.534208,0.633691,0.689340,0.624821,0.571214,0.659997,0.553071,0.580286,0.641901,0.706286,0.683812,0.562506,0.620891,0.615512,0.683201,0.683597,0.633968,0.550327,0.580236,0.636951,0.599918,0.653668,0.651435,0.630315,0.605845,0.599244,0.642193,0.596648,0.653152,0.563800,0.587798,0.535527,0.613933,0.677957,0.567686,0.511177,0.523740,0.634741,0.519569,0.587751,0.619571,0.512908,0.563245,0.585211,0.657435,0.679179,0.560541,0.590872,0.628290,0.554734,0.644399,0.622061,0.629035,0.612204,0.569195,0.600549,0.640230,0.657830,0.578787,0.616042,0.545905,0.701696,0.559644,0.533649,0.627856,0.580919,0.626303,0.656588,0.586175,0.630333,0.604893,0.563522,0.679272,0.659256,0.703953,0.651159,0.552208,0.630926,0.666962,0.609617,0.584820,0.618763,0.587212,0.534333,0.558896,0.655801,0.568208,0.629481,0.567881,0.599973,0.633752,0.544719,0.562767,0.608069,0.614377,0.672365,0.546127,0.508732,0.654459,0.570470,0.647279,0.615958,0.643185,0.576902,0.529629,0.629126,0.626317,0.630089,0.621025,0.608134,0.650682,0.549094,0.515103,0.618101,0.610657,0.576092,0.622373,0.594011,0.676222,0.589429,0.587088,0.643455,0.633189,0.629777,0.683624,0.615489,0.641004,0.591398,0.632603,0.625314,0.575938,0.659878,0.589623,0.549845,0.586858,0.558856,0.596463,0.607423,0.641883,0.489948,0.559078,0.634994,0.614988,0.581913,#
5,0.699786,0.741327,0.705546,0.664461,0.669919,1.000000,0.610317,0.663213,0.624440,0.633675,0.610723,0.659407,0.631535,0.602445,0.673959,0.592521,0.618939,0.651362,0.674841,0.712424,0.638163,0.616380,0.608047,0.666339,0.680430,0.647916,0.706490,0.726049,0.563847,0.647273,0.713471,0.686075,0.683254,0.685854,0.641982,0.715306,0.640825,0.645001,0.655842,0.694764,0.637950,0.618860,0.566281,0.670522,0.658943,0.647693,0.723966,0.718773,0.672714,0.706048,0.699315,0.562403,0.683531,0.692861,0.688331,0.775527,0.627011,0.677741,0.729815,0.711155,0.604794,0.631374,0.632963,0.699848,0.641131,0.646560,0.688479,0.652625,0.679362,0.703458,0.761746,0.676025,0.755499,0.629534,0.689227,0.625651,0.642908,0.709368,0.663417,0.649308,0.710741,0.695442,0.712222,0.677913,0.637412,0.668451,0.641599,0.613121,0.688600,0.698578,0.658317,0.583586,0.617730,0.710472,0.572018,0.525533,0.678217,0.613073,0.718620,0.592431,0.712126,0.691590,0.709803,0.667247,0.659033,0.644828,0.670402,0.690094,0.648199,0.672547,0.643862,0.673651,0.662928,0.570153,0.570265,0.633605,0.683475,0.717171,0.630489,0.578641,0.618361,0.697067,0.634161,0.755012,0.624342,0.649211,0.716376,0.597697,0.701905,0.659934,0.652050,0.750094,0.683991,0.730834,0.695843,0.593301,0.568157,0.697788,0.607884,0.567131,0.630749,0.605238,0.641386,0.684338,0.760318,0.603506,0.626587,0.625769,0.663323,0.703048,0.734969,0.674562,0.657930,0.612258,0.657086,0.582025,0.696168,0.671244,0.666411,0.641034,0.655109,0.708207,0.638015,0.655935,0.705960,0.631740,0.629771,0.655916,0.577101,0.636166,0.729570,0.638212,0.675509,0.631273,0.658005,0.593380,0.635262,0.721750,0.706212,0.707926,0.661077,0.683716,0.559889,0.629483,0.613579,0.669722,0.621878,0.659487,0.738916,0.690798,0.651016,0.717603,0.628557,0.703487,0.644407,0.636919,0.580988,0.717523,0.640682,0.626627,#
6,0.655880,0.617502,0.648651,0.636613,0.685515,0.610317,1.000000,0.586987,0.642389,0.705821,0.653946,0.681139,0.600440,0.637098,0.585370,0.709417,0.665508,0.726000,0.633969,0.635254,0.678897,0.625456,0.587892,0.634005,0.730066,0.657913,0.674733,0.691613,0.597780,0.660823,0.715135,0.689666,0.678045,0.652572,0.610324,0.689012,0.671914,0.689326,0.633156,0.697016,0.673144,0.647841,0.708374,0.694824,0.656310,0.549789,0.710539,0.709014,0.695591,0.729412,0.682714,0.634610,0.694019,0.552015,0.664871,0.659094,0.662075,0.726874,0.708995,0.620486,0.713535,0.704846,0.612308,0.623007,0.714350,0.709792,0.753312,0.706397,0.718789,0.619123,0.734387,0.736920,0.704147,0.615997,0.632610,0.678974,0.698645,0.742026,0.725642,0.658505,0.716147,0.689245,0.634420,0.755074,0.705578,0.625445,0.670813,0.625320,0.660663,0.663059,0.627482,0.646066,0.562927,0.687148,0.568672,0.659481,0.639462,0.662949,0.663540,0.662381,0.689226,0.703563,0.631114,0.630088,0.699783,0.560870,0.688908,0.665516,0.708541,0.628684,0.607380,0.604023,0.635215,0.641661,0.580897,0.661720,0.560835,0.679238,0.596099,0.631293,0.612569,0.623853,0.602416,0.715951,0.653427,0.616319,0.597992,0.663013,0.645580,0.634639,0.710425,0.686554,0.604328,0.633700,0.670582,0.632507,0.657876,0.663897,0.703294,0.680462,0.666987,0.646340,0.567004,0.668946,0.641665,0.684773,0.686282,0.677572,0.630789,0.610114,0.636617,0.673891,0.585652,0.598172,0.598046,0.603520,0.637349,0.557417,0.630772,0.713360,0.659655,0.695853,0.610493,0.647714,0.683983,0.708670,0.718351,0.529058,0.614830,0.664491,0.665851,0.684662,0.611081,0.608130,0.662531,0.650612,0.632188,0.680101,0.667001,0.702864,0.650299,0.693952,0.648218,0.673430,0.633078,0.623399,0.663313,0.629275,0.668761,0.645506,0.657925,0.655483,0.643140,0.621564,0.679414,0.700790,0.682221,0.696857,0.659648,0.666169,#
7,0.695908,0.646697,0.690505,0.653277,0.551651,0.663213,0.586987,1.000000,0.630492,0.589751,0.617581,0.604760,0.639373,0.606604,0.676034,0.556767,0.596765,0.665615,0.610886,0.629327,0.640810,0.573360,0.680277,0.599500,0.650909,0.644366,0.667223,0.633778,0.570604,0.667273,0.637408,0.618522,0.605106,0.603119,0.637853,0.658395,0.598898,0.660372,0.650805,0.670539,0.637303,0.671135,0.568016,0.649603,0.596957,0.620210,0.676992,0.686521,0.703080,0.645305,0.660329,0.598481,0.668481,0.657535,0.685619,0.651129,0.674617,0.647293,0.698205,0.736313,0.585682,0.651654,0.662153,0.623094,0.654530,0.685380,0.733739,0.616168,0.672514,0.558267,0.714972,0.598172,0.718126,0.658392,0.661280,0.672879,0.647950,0.660660,0.556894,0.611077,0.748039,0.615464,0.712685,0.699506,0.626785,0.654194,0.689644,0.591226,0.636010,0.642966,0.637626,0.667238,0.608430,0.633575,0.639453,0.635387,0.622767,0.655486,0.696793,0.640505,0.659121,0.630236,0.577069,0.568039,0.684157,0.560035,0.637204,0.689394,0.690641,0.585286,0.706660,0.625529,0.703126,0.574379,0.615893,0.678725,0.585502,0.630721,0.617169,0.619020,0.661638,0.637354,0.600994,0.672764,0.653518,0.659167,0.613654,0.658688,0.582872,0.646664,0.623682,0.692356,0.658822,0.623396,0.673481,0.671921,0.631667,0.717697,0.584258,0.599746,0.616238,0.609069,0.645715,0.666419,0.685923,0.600666,0.681635,0.538962,0.623531,0.596230,0.621631,0.633184,0.634857,0.507807,0.584594,0.649182,0.659986,0.676858,0.647262,0.645238,0.651544,0.621134,0.716703,0.636168,0.661549,0.638320,0.679667,0.564070,0.513752,0.628646,0.712844,0.574142,0.625994,0.688861,0.641761,0.543814,0.573828,0.567468,0.673216,0.654407,0.604281,0.672895,0.607977,0.661669,0.592363,0.623018,0.677174,0.597887,0.695323,0.685495,0.635009,0.617682,0.620407,0.618962,0.660954,0.625209,0.642905,0.722772,0.665814,0.609549,#
8,0.652686,0.667253,0.643323,0.630616,0.535262,0.624440,0.642389,0.630492,1.000000,0.655562,0.639531,0.657583,0.650696,0.624128,0.648512,0.627838,0.579585,0.657910,0.533941,0.642720,0.646209,0.636588,0.609784,0.614572,0.703743,0.586593,0.644794,0.574758,0.650253,0.583991,0.681518,0.650712,0.591743,0.586706,0.607672,0.733657,0.612283,0.658533,0.597584,0.649760,0.563814,0.548376,0.726052,0.631941,0.593953,0.555343,0.654903,0.622006,0.636884,0.636744,0.701571,0.596089,0.622810,0.641235,0.617882,0.675644,0.638693,0.665372,0.628264,0.603453,0.640832,0.636716,0.672368,0.648658,0.696502,0.703388,0.664676,0.679033,0.748051,0.594397,0.693359,0.682149,0.721830,0.607739,0.675458,0.596010,0.640904,0.689671,0.639696,0.611397,0.710070,0.636215,0.643086,0.657096,0.670254,0.626670,0.621485,0.637963,0.583095,0.602600,0.647075,0.595501,0.544110,0.606012,0.518316,0.588244,0.670532,0.692604,0.742298,0.698553,0.653378,0.580189,0.662181,0.673757,0.578957,0.601887,0.630031,0.634278,0.595870,0.676234,0.580557,0.612060,0.641275,0.567820,0.550295,0.655613,0.596376,0.599946,0.611421,0.644244,0.570072,0.620063,0.560776,0.702581,0.631530,0.652669,0.562163,0.599462,0.667231,0.646165,0.576414,0.686165,0.624783,0.622336,0.637894,0.627151,0.612152,0.631280,0.626182,0.588755,0.624043,0.611711,0.641253,0.594966,0.654884,0.568287,0.596335,0.645141,0.656597,0.619970,0.602297,0.678955,0.543632,0.656389,0.588089,0.543400,0.640561,0.692106,0.708114,0.623468,0.634601,0.587507,0.629770,0.591339,0.597601,0.634097,0.650511,0.616081,0.618200,0.569176,0.660639,0.635621,0.561307,0.617628,0.665167,0.564955,0.617588,0.685797,0.635495,0.634660,0.611350,0.631549,0.633764,0.616006,0.608881,0.572502,0.714173,0.607333,0.637562,0.664612,0.681713,0.652284,0.671104,0.662644,0.635271,0.583201,0.553673,0.650373,0.618101,0.669666,#
9,0.656498,0.686883,0.682592,0.675019,0.593419,0.633675,0.705821,0.589751,0.655562,1.000000,0.656696,0.600144,0.657314,0.678905,0.701634,0.641149,0.638088,0.670153,0.622795,0.597813,0.696813,0.597057,0.593089,0.646255,0.689911,0.545203,0.679447,0.755345,0.606583,0.661281,0.650487,0.698087,0.671239,0.659486,0.608172,0.678946,0.609742,0.652724,0.653334,0.731362,0.671952,0.659384,0.590958,0.656608,0.685423,0.624528,0.668491,0.656724,0.682422,0.696268,0.691283,0.594767,0.604900,0.601312,0.649698,0.652020,0.700835,0.765785,0.607399,0.650350,0.678257,0.693274,0.608182,0.603255,0.624053,0.722597,0.737569,0.678621,0.741356,0.615366,0.687343,0.691268,0.716514,0.616169,0.646670,0.662030,0.697338,0.723962,0.636708,0.744539,0.742987,0.701936,0.675627,0.777427,0.655180,0.641001,0.673916,0.709583,0.673410,0.680895,0.666916,0.608119,0.647429,0.640446,0.629862,0.610568,0.610979,0.598306,0.667565,0.702841,0.731946,0.694878,0.677622,0.669375,0.686041,0.637545,0.646245,0.722849,0.734341,0.685350,0.641807,0.654687,0.652766,0.637154,0.633356,0.710758,0.528308,0.655111,0.598224,0.604946,0.593651,0.701718,0.601151,0.710509,0.660127,0.639892,0.638152,0.631617,0.679560,0.629911,0.614497,0.731737,0.601885,0.665848,0.693230,0.593921,0.659272,0.662660,0.650663,0.578241,0.735893,0.709898,0.674172,0.729276,0.677470,0.713189,0.665001,0.699331,0.693729,0.623167,0.626884,0.635845,0.655145,0.645587,0.617395,0.630440,0.609110,0.671822,0.642430,0.695547,0.702928,0.714423,0.665051,0.645166,0.662011,0.726972,0.658794,0.655314,0.642270,0.638642,0.674165,0.611308,0.637490,0.598598,0.687098,0.676480,0.670284,0.737160,0.621372,0.707639,0.702698,0.668337,0.689880,0.605968,0.619627,0.635993,0.660234,0.646396,0.700429,0.624845,0.671190,0.657864,0.615143,0.642606,0.641944,0.617123,0.698273,0.665607,0.631051,0.633624,#
10,0.679472,0.684137,0.690909,0.628514,0.602802,0.610723,0.653946,0.617581,0.639531,0.656696,1.000000,0.680463,0.660989,0.619790,0.617621,0.612880,0.652025,0.622557,0.693495,0.647318,0.652558,0.633639,0.640769,0.702370,0.647679,0.625183,0.683577,0.706214,0.645636,0.657402,0.674692,0.608258,0.634449,0.663629,0.657951,0.687504,0.678636,0.688128,0.654020,0.666716,0.654472,0.583903,0.663767,0.620923,0.616339,0.648390,0.759994,0.674309,0.649751,0.741113,0.645780,0.664139,0.669805,0.589159,0.685800,0.716327,0.667046,0.756587,0.612753,0.685887,0.676773,0.691410,0.696343,0.661259,0.671218,0.630237,0.735619,0.670702,0.735372,0.635802,0.778398,0.709945,0.745320,0.527194,0.669046,0.727887,0.615495,0.708100,0.680155,0.636870,0.735319,0.652434,0.674213,0.670686,0.647550,0.636181,0.696762,0.606646,0.650237,0.722725,0.599866,0.650083,0.693030,0.596769,0.531247,0.647593,0.631545,0.697740,0.665489,0.679512,0.630153,0.618193,0.623336,0.672630,0.660146,0.638280,0.658831,0.644922,0.654113,0.640151,0.681836,0.590300,0.708458,0.632741,0.613882,0.681970,0.561733,0.663302,0.626114,0.593494,0.630514,0.666106,0.584900,0.703159,0.598789,0.613382,0.656448,0.636542,0.706001,0.669105,0.650500,0.707130,0.605592,0.667650,0.692510,0.752683,0.613499,0.648015,0.687769,0.677913,0.685738,0.668188,0.570767,0.672335,0.619588,0.662433,0.707940,0.646751,0.660563,0.673200,0.598027,0.619637,0.604876,0.605546,0.687551,0.593475,0.672901,0.692877,0.636493,0.603206,0.702329,0.632927,0.612327,0.654077,0.662251,0.633386,0.687910,0.578634,0.605866,0.708944,0.658437,0.692737,0.588223,0.634296,0.711884,0.620556,0.588200,0.669729,0.625202,0.693838,0.607973,0.641229,0.645793,0.617151,0.533728,0.648996,0.676016,0.654659,0.606867,0.667153,0.657566,0.593207,0.634661,0.699719,0.660621,0.635614,0.629370,0.672476,0.648610,0.717332,#
11,0.736052,0.666196,0.642640,0.647000,0.632403,0.659407,0.681139,0.604760,0.657583,0.600144,0.680463,1.000000,0.675331,0.630134,0.693828,0.637120,0.652188,0.722256,0.721473,0.660739,0.630102,0.607626,0.679933,0.664539,0.704412,0.620070,0.666200,0.640901,0.678133,0.603593,0.699345,0.679891,0.690565,0.625502,0.586092,0.672924,0.685957,0.725190,0.628076,0.669145,0.671648,0.566243,0.674592,0.636544,0.614614,0.559720,0.723632,0.731925,0.637638,0.719625,0.645685,0.585620,0.716807,0.618013,0.684730,0.694628,0.603551,0.762278,0.681445,0.704581,0.637881,0.618999,0.722547,0.637832,0.672710,0.682526,0.678856,0.669640,0.733985,0.633451,0.737544,0.661070,0.716659,0.667470,0.738828,0.670142,0.693995,0.730502,0.664233,0.608888,0.678569,0.655282,0.715209,0.691753,0.728184,0.629902,0.618679,0.605105,0.590245,0.613985,0.654544,0.607929,0.589933,0.659585,0.515008,0.661269,0.647702,0.674715,0.675188,0.675402,0.642421,0.678759,0.677669,0.659159,0.678716,0.616819,0.679678,0.694246,0.716905,0.639556,0.718262,0.688387,0.690099,0.593126,0.586924,0.685239,0.623536,0.618321,0.616135,0.691461,0.572761,0.648729,0.624227,0.718836,0.663288,0.653509,0.692514,0.699107,0.687250,0.690547,0.700077,0.670767,0.702691,0.682037,0.694948,0.670872,0.683184,0.698465,0.665642,0.634633,0.614848,0.599790,0.629229,0.705222,0.658358,0.602524,0.722311,0.636094,0.665648,0.646670,0.642250,0.631664,0.619446,0.690319,0.674817,0.605128,0.677926,0.636175,0.646027,0.638783,0.719494,0.696620,0.691880,0.686164,0.701580,0.661461,0.733219,0.559578,0.617208,0.724903,0.704114,0.649458,0.707014,0.739561,0.688155,0.613039,0.657429,0.656938,0.661354,0.679377,0.659236,0.631099,0.686647,0.631235,0.658361,0.565981,0.696450,0.703520,0.618954,0.603974,0.678423,0.700252,0.640183,0.650492,0.625245,0.637197,0.643899,0.648382,0.673821,0.621944,#
12,0.680681,0.677497,0.617256,0.673985,0.557977,0.631535,0.600440,0.639373,0.650696,0.657314,0.660989,0.675331,1.000000,0.629760,0.683693,0.593207,0.593477,0.653385,0.686886,0.604438,0.657473,0.570597,0.656738,0.671847,0.680674,0.668232,0.629279,0.664940,0.606156,0.595236,0.672839,0.617385,0.636842,0.660597,0.668220,0.673620,0.620624,0.696581,0.656313,0.647867,0.549143,0.528345,0.593943,0.622932,0.657760,0.636266,0.737455,0.655642,0.690079,0.705240,0.724367,0.536831,0.601186,0.631573,0.673701,0.706576,0.635225,0.652996,0.657538,0.631412,0.622628,0.624349,0.661392,0.601347,0.675952,0.688932,0.643988,0.650055,0.737960,0.629567,0.683757,0.687792,0.709845,0.635227,0.691232,0.658492,0.652836,0.698554,0.663065,0.675084,0.718545,0.623720,0.694963,0.679105,0.629785,0.663616,0.607805,0.654626,0.576969,0.627387,0.688265,0.590729,0.684807,0.626345,0.540892,0.630324,0.642423,0.584220,0.621555,0.621768,0.593525,0.694235,0.624277,0.628508,0.607566,0.597732,0.605052,0.654991,0.709179,0.654676,0.642161,0.651726,0.675870,0.545458,0.688601,0.671413,0.495910,0.568254,0.637337,0.627916,0.599181,0.674546,0.580697,0.691669,0.632384,0.714731,0.662647,0.603415,0.622079,0.629805,0.532415,0.595460,0.584097,0.641671,0.617392,0.625802,0.555497,0.666047,0.593843,0.536987,0.657426,0.617774,0.591781,0.708978,0.572794,0.619348,0.669119,0.592347,0.629607,0.646867,0.671395,0.557570,0.649152,0.543617,0.620103,0.644210,0.674235,0.714224,0.693978,0.611075,0.642258,0.683622,0.642832,0.634013,0.701341,0.592380,0.621368,0.661627,0.585082,0.657326,0.691083,0.562759,0.647155,0.657776,0.652126,0.572412,0.695509,0.678306,0.579149,0.618875,0.626308,0.690494,0.620696,0.583513,0.530561,0.569289,0.644768,0.635573,0.707555,0.660477,0.625130,0.634321,0.555776,0.622951,0.583041,0.656097,0.614988,0.693552,0.679603,0.606395,#
13,0.581591,0.688148,0.592543,0.591064,0.563292,0.602445,0.637098,0.606604,0.624128,0.678905,0.619790,0.630134,0.629760,1.000000,0.612586,0.571174,0.537479,0.694751,0.659812,0.623751,0.643788,0.559601,0.683687,0.615096,0.670633,0.603491,0.604637,0.654355,0.609954,0.696895,0.592668,0.613701,0.653845,0.692848,0.476127,0.644247,0.603534,0.716023,0.606295,0.687857,0.717117,0.582405,0.637633,0.603618,0.656027,0.634045,0.650301,0.670986,0.689023,0.678562,0.675009,0.636527,0.613245,0.590028,0.681323,0.719845,0.680377,0.702069,0.659370,0.684476,0.654793,0.659231,0.594356,0.638418,0.701861,0.705630,0.685538,0.684487,0.722299,0.604506,0.664235,0.658152,0.723365,0.638422,0.625464,0.599889,0.670090,0.685014,0.678857,0.618753,0.700486,0.648453,0.668023,0.746469,0.637895,0.702247,0.579562,0.561913,0.683562,0.608163,0.597351,0.663790,0.602705,0.643045,0.555066,0.585041,0.629099,0.610644,0.664403,0.685033,0.635957,0.672889,0.701267,0.646157,0.672420,0.644773,0.630413,0.708601,0.627431,0.633518,0.624074,0.621619,0.650772,0.582324,0.622471,0.672270,0.547402,0.624087,0.659808,0.560508,0.649802,0.630036,0.606823,0.610767,0.608754,0.624884,0.665554,0.617197,0.641688,0.617089,0.639375,0.620002,0.596590,0.680788,0.635309,0.633438,0.609425,0.678607,0.709453,0.558303,0.692600,0.663292,0.660845,0.624439,0.613002,0.601499,0.667683,0.633717,0.672154,0.608351,0.680339,0.651099,0.578214,0.626011,0.571560,0.581047,0.687319,0.614446,0.681576,0.616035,0.678841,0.664480,0.652907,0.665396,0.676825,0.629589,0.654840,0.588852,0.619059,0.649775,0.669898,0.672189,0.690335,0.679957,0.712460,0.639340,0.641743,0.673014,0.670277,0.666251,0.639903,0.635938,0.697650,0.572207,0.634136,0.646513,0.590810,0.637376,0.632487,0.660224,0.656323,0.631175,0.624784,0.665772,0.648941,0.632407,0.633094,0.680727,0.661974,0.574261,#
14,0.707193,0.719336,0.678192,0.646264,0.590398,0.673959,0.585370,0.676034,0.648512,0.701634,0.617621,0.693828,0.683693,0.612586,1.000000,0.586764,0.633208,0.642418,0.614804,0.636384,0.635287,0.623076,0.664481,0.702044,0.668016,0.548239,0.682809,0.636212,0.599813,0.638614,0.731987,0.593824,0.634621,0.607148,0.704992,0.702900,0.590398,0.679694,0.700591,0.654421,0.657181,0.600454,0.609033,0.653749,0.625517,0.642461,0.706102,0.618566,0.661341,0.664702,0.631318,0.634624,0.626434,0.664024,0.674368,0.667161,0.618980,0.651112,0.675634,0.625467,0.641528,0.683060,0.669250,0.613394,0.658946,0.658037,0.671179,0.642807,0.722901,0.642179,0.685380,0.620941,0.735051,0.667295,0.715375,0.662458,0.610946,0.723425,0.615827,0.635820,0.702608,0.632447,0.707036,0.683332,0.672180,0.686273,0.585700,0.574894,0.653277,0.581195,0.650587,0.566716,0.638822,0.739156,0.662776,0.616207,0.615855,0.614384,0.642068,0.643220,0.662316,0.672201,0.654117,0.591069,0.687785,0.649215,0.607205,0.632439,0.759344,0.658670,0.677983,0.676805,0.718272,0.591395,0.542702,0.659858,0.547224,0.582605,0.627056,0.668625,0.630803,0.691297,0.591221,0.672255,0.649116,0.569372,0.681815,0.654472,0.601616,0.644077,0.557051,0.705611,0.583078,0.610025,0.667059,0.632116,0.677818,0.652016,0.631298,0.578049,0.645312,0.671952,0.589298,0.687813,0.630622,0.658600,0.726253,0.573416,0.649409,0.569727,0.691298,0.640934,0.619087,0.616310,0.634948,0.607014,0.621603,0.657652,0.584436,0.639249,0.674796,0.623281,0.669095,0.583297,0.690274,0.621878,0.614237,0.610096,0.530213,0.682652,0.647120,0.561840,0.660755,0.670990,0.721839,0.592942,0.623673,0.665159,0.618011,0.677364,0.618991,0.661230,0.637711,0.630997,0.641743,0.619812,0.715533,0.650800,0.684284,0.594625,0.657701,0.637541,0.644503,0.654861,0.591253,0.594141,0.615815,0.678476,0.586761,0.540664,#
15,0.634642,0.624480,0.587640,0.645109,0.604695,0.592521,0.709417,0.556767,0.627838,0.641149,0.612880,0.637120,0.593207,0.571174,0.586764,1.000000,0.592129,0.679548,0.646679,0.602435,0.577743,0.639363,0.599595,0.640745,0.671027,0.561662,0.574764,0.591984,0.575753,0.535002,0.683523,0.663105,0.615826,0.701296,0.553660,0.679408,0.629881,0.710239,0.593219,0.598603,0.556033,0.526282,0.630565,0.620197,0.631275,0.573334,0.666080,0.595779,0.647386,0.659149,0.645625,0.580055,0.620130,0.612478,0.605531,0.632634,0.652600,0.645957,0.653609,0.635166,0.664197,0.658201,0.592883,0.601391,0.663791,0.629856,0.654199,0.674878,0.616484,0.571478,0.680076,0.630407,0.638020,0.568362,0.641377,0.625633,0.624501,0.609966,0.675246,0.599743,0.619765,0.629674,0.659132,0.694597,0.660044,0.609885,0.531392,0.562915,0.593672,0.557219,0.556164,0.614918,0.596529,0.648794,0.479814,0.615643,0.587887,0.637132,0.657617,0.683597,0.625868,0.626485,0.628654,0.609188,0.622504,0.556566,0.554502,0.650678,0.599753,0.642609,0.587817,0.526407,0.646977,0.572363,0.636920,0.603730,0.509753,0.580254,0.578599,0.674169,0.551483,0.626599,0.586269,0.672884,0.586158,0.589376,0.589302,0.573725,0.667009,0.676766,0.655284,0.626003,0.531612,0.541544,0.630115,0.675150,0.662477,0.605967,0.573858,0.604145,0.591049,0.562335,0.567137,0.653264,0.623764,0.636828,0.572052,0.598963,0.638526,0.586688,0.630889,0.671629,0.593939,0.626780,0.600577,0.565913,0.628909,0.557875,0.654280,0.626986,0.607870,0.677456,0.635757,0.629748,0.631757,0.609958,0.626569,0.520320,0.604457,0.641459,0.581949,0.652270,0.558066,0.654972,0.653069,0.615867,0.592598,0.619019,0.640771,0.660203,0.594890,0.658528,0.555741,0.605309,0.643745,0.525325,0.577108,0.540424,0.581658,0.604575,0.585153,0.645303,0.582838,0.580392,0.570502,0.594993,0.582153,0.608270,0.659608,0.626564,#
16,0.675542,0.639986,0.642377,0.615433,0.552430,0.618939,0.665508,0.596765,0.579585,0.638088,0.652025,0.652188,0.593477,0.537479,0.633208,0.592129,1.000000,0.673932,0.694385,0.654961,0.695492,0.544551,0.561728,0.648009,0.677369,0.633356,0.648054,0.583077,0.513921,0.576875,0.699755,0.627170,0.611526,0.533604,0.616947,0.662754,0.676336,0.706375,0.627898,0.661528,0.596403,0.576173,0.594545,0.610092,0.603804,0.623203,0.649777,0.636513,0.653162,0.706274,0.592229,0.587364,0.647803,0.630483,0.615290,0.675593,0.554854,0.654847,0.633672,0.586513,0.683845,0.697677,0.601554,0.566528,0.618011,0.604645,0.728480,0.644150,0.682112,0.636076,0.700816,0.662949,0.718131,0.585168,0.631979,0.625036,0.605431,0.679055,0.587029,0.676212,0.738868,0.651460,0.674717,0.692608,0.655618,0.638708,0.648613,0.514833,0.562088,0.634348,0.560127,0.622272,0.629667,0.611279,0.566283,0.667614,0.603148,0.613432,0.687943,0.634191,0.673785,0.673196,0.605050,0.628053,0.636702,0.651219,0.661637,0.649639,0.721012,0.606582,0.633514,0.624330,0.662004,0.614491,0.638906,0.668196,0.676099,0.659683,0.599187,0.485981,0.539570,0.580433,0.607198,0.667011,0.631193,0.567693,0.560304,0.558432,0.664027,0.584594,0.664955,0.622461,0.617325,0.606401,0.654079,0.709452,0.635975,0.620081,0.576874,0.530961,0.633186,0.593108,0.625738,0.634014,0.564583,0.560310,0.682960,0.637798,0.636213,0.566802,0.605618,0.631493,0.530800,0.578386,0.678320,0.562290,0.630817,0.615572,0.612901,0.608063,0.638689,0.588346,0.685238,0.602469,0.675562,0.674210,0.629127,0.611651,0.584771,0.667934,0.570551,0.627156,0.618580,0.677353,0.655756,0.616724,0.547576,0.726111,0.621077,0.667829,0.635815,0.602388,0.595437,0.626709,0.505385,0.547567,0.669084,0.627611,0.675837,0.614351,0.643848,0.620788,0.620750,0.641934,0.642168,0.635204,0.659745,0.701308,0.625726,0.628983,#
17,0.706681,0.640497,0.700132,0.648152,0.637622,0.651362,0.726000,0.665615,0.657910,0.670153,0.622557,0.722256,0.653385,0.694751,0.642418,0.679548,0.673932,1.000000,0.669532,0.718802,0.651694,0.618450,0.679639,0.606238,0.750301,0.672890,0.692344,0.688654,0.619888,0.656714,0.719657,0.703723,0.647385,0.623374,0.581520,0.659627,0.636979,0.752988,0.696092,0.772908,0.652207,0.657508,0.636202,0.681426,0.662115,0.649488,0.703407,0.725407,0.719719,0.755272,0.687420,0.548757,0.646593,0.664091,0.709700,0.673237,0.698491,0.697579,0.670362,0.695144,0.639723,0.677740,0.704117,0.629547,0.677555,0.707700,0.801355,0.710752,0.706866,0.620343,0.730132,0.650859,0.710179,0.676506,0.738510,0.645094,0.673829,0.733212,0.685028,0.718929,0.732125,0.690828,0.722325,0.760780,0.675792,0.649821,0.667236,0.662252,0.644237,0.628182,0.650271,0.610502,0.629059,0.694660,0.600374,0.685956,0.633109,0.612051,0.702187,0.707926,0.709388,0.668247,0.645368,0.632907,0.676765,0.650895,0.641307,0.669809,0.668884,0.706330,0.688793,0.571684,0.730182,0.633533,0.702436,0.684210,0.577047,0.639899,0.691966,0.679468,0.633123,0.690259,0.658590,0.671885,0.603881,0.621114,0.629273,0.687081,0.694501,0.660467,0.700899,0.727974,0.686321,0.662018,0.701942,0.676060,0.730032,0.661329,0.643990,0.662886,0.698193,0.642709,0.703736,0.689887,0.687296,0.635245,0.650752,0.605647,0.709546,0.623629,0.677964,0.672617,0.658284,0.664419,0.618263,0.669182,0.727270,0.650427,0.666825,0.693395,0.706914,0.683412,0.720047,0.622138,0.707256,0.659882,0.629454,0.551493,0.626865,0.679022,0.650743,0.647373,0.693443,0.680428,0.754784,0.578694,0.668171,0.697662,0.678112,0.739923,0.699538,0.727275,0.680149,0.712606,0.644311,0.588957,0.672070,0.693554,0.635658,0.645248,0.746126,0.688429,0.644995,0.672511,0.693176,0.677070,0.673786,0.701170,0.708998,0.587031,#
18,0.681442,0.674196,0.630192,0.642004,0.569503,0.674841,0.633969,0.610886,0.533941,0.622795,0.693495,0.721473,0.686886,0.659812,0.614804,0.646679,0.694385,0.669532,1.000000,0.633316,0.632625,0.661731,0.622415,0.598753,0.648870,0.668188,0.685876,0.656515,0.600880,0.672861,0.638640,0.665576,0.665174,0.692252,0.616580,0.704530,0.628794,0.732054,0.646801,0.716197,0.646617,0.606150,0.655874,0.594327,0.646898,0.624751,0.723223,0.758282,0.695086,0.686855,0.597897,0.593940,0.670590,0.561257,0.689213,0.678485,0.653978,0.660050,0.646865,0.732008,0.688927,0.668900,0.627491,0.623846,0.700379,0.629349,0.676629,0.636287,0.659632,0.650910,0.700501,0.640345,0.721280,0.567724,0.715209,0.637686,0.640415,0.655212,0.608707,0.625516,0.711441,0.641420,0.691258,0.717291,0.723173,0.684818,0.611682,0.640074,0.653131,0.622911,0.643188,0.598780,0.694092,0.700111,0.572454,0.638191,0.624130,0.640631,0.686236,0.649645,0.661546,0.654036,0.640680,0.620833,0.643277,0.675376,0.651416,0.711954,0.690127,0.675822,0.717964,0.599625,0.693053,0.572432,0.622846,0.679090,0.598420,0.653003,0.700671,0.596743,0.616378,0.630541,0.592972,0.685275,0.672263,0.593080,0.693518,0.582757,0.706719,0.614097,0.687335,0.692481,0.634100,0.631139,0.688841,0.675498,0.656371,0.658561,0.632290,0.619797,0.642217,0.641188,0.613334,0.735885,0.634921,0.586227,0.646407,0.615433,0.693826,0.620565,0.673807,0.582461,0.705775,0.580813,0.681368,0.674210,0.637063,0.672510,0.614440,0.622455,0.705486,0.718868,0.731908,0.669088,0.687444,0.635696,0.766173,0.558694,0.592923,0.686203,0.666469,0.632996,0.698848,0.730097,0.659983,0.638576,0.589021,0.690919,0.684281,0.724951,0.626377,0.678424,0.631381,0.604492,0.607660,0.627074,0.619591,0.638559,0.631566,0.673369,0.652795,0.679387,0.605988,0.698769,0.628009,0.628384,0.594996,0.743901,0.669698,0.655864,#
19,0.651144,0.699010,0.668382,0.617800,0.635712,0.712424,0.635254,0.629327,0.642720,0.597813,0.647318,0.660739,0.604438,0.623751,0.636384,0.602435,0.654961,0.718802,0.633316,1.000000,0.660642,0.577357,0.592025,0.628519,0.689182,0.613084,0.640935,0.646128,0.556029,0.623778,0.719747,0.717840,0.659033,0.596806,0.582685,0.723306,0.591596,0.693194,0.642373,0.662037,0.660450,0.642750,0.626483,0.622717,0.615686,0.661157,0.731873,0.679156,0.649795,0.666604,0.606792,0.550040,0.647272,0.620959,0.663396,0.632721,0.640322,0.696594,0.631548,0.623786,0.640842,0.608374,0.674419,0.631095,0.638125,0.688893,0.708090,0.631506,0.720065,0.625714,0.692945,0.641112,0.709345,0.592476,0.665542,0.623391,0.581969,0.685005,0.613094,0.633962,0.724760,0.606326,0.714379,0.662842,0.631812,0.568417,0.646577,0.609342,0.686430,0.623898,0.584687,0.617777,0.587347,0.666266,0.569755,0.586568,0.634670,0.645513,0.655463,0.689412,0.672008,0.656436,0.632515,0.659215,0.680515,0.584315,0.669285,0.623930,0.656585,0.602245,0.663832,0.588349,0.660980,0.622044,0.648103,0.669112,0.643696,0.640224,0.660871,0.545425,0.701562,0.631327,0.528928,0.760010,0.640217,0.649158,0.629358,0.626642,0.741380,0.704660,0.663849,0.721130,0.648330,0.682585,0.676680,0.687110,0.612880,0.628582,0.640159,0.573961,0.639262,0.639126,0.604333,0.656466,0.634255,0.562455,0.571053,0.569951,0.689485,0.626482,0.612395,0.648315,0.601238,0.617846,0.676746,0.585113,0.702354,0.645687,0.658356,0.642822,0.624493,0.685511,0.634700,0.658494,0.674357,0.623383,0.604888,0.660049,0.569779,0.638647,0.604067,0.657870,0.663245,0.648883,0.714918,0.559228,0.637554,0.693146,0.674667,0.622681,0.602093,0.658868,0.667392,0.673960,0.569434,0.585081,0.589442,0.632414,0.644589,0.659078,0.673969,0.642649,0.598253,0.700752,0.675821,0.627024,0.615817,0.610340,0.611425,0.585394,#
20,0.646225,0.722443,0.630454,0.656885,0.617073,0.638163,0.678897,0.640810,0.646209,0.696813,0.652558,0.630102,0.657473,0.643788,0.635287,0.577743,0.695492,0.651694,0.632625,0.660642,1.000000,0.633958,0.612359,0.682977,0.717036,0.663281,0.659439,0.709216,0.585923,0.638772,0.693568,0.640168,0.658948,0.692173,0.627802,0.677425,0.619099,0.674943,0.618189,0.709407,0.678921,0.672856,0.614364,0.667266,0.704831,0.607722,0.691087,0.694597,0.669047,0.691501,0.623557,0.629453,0.624560,0.652036,0.655981,0.645879,0.572368,0.660173,0.661757,0.623250,0.663078,0.677221,0.684251,0.623376,0.673814,0.682290,0.754956,0.629482,0.715134,0.598085,0.698366,0.692989,0.693569,0.627200,0.627984,0.592474,0.638069,0.701153,0.704850,0.711962,0.699359,0.699854,0.674661,0.699528,0.591312,0.632833,0.682764,0.641255,0.697913,0.744392,0.667809,0.617525,0.622156,0.689493,0.577967,0.659378,0.596259,0.567250,0.646462,0.680522,0.720943,0.678754,0.634557,0.709979,0.670165,0.623019,0.731143,0.689314,0.685408,0.724917,0.610259,0.697773,0.632221,0.525520,0.664986,0.655820,0.610791,0.662480,0.557019,0.530007,0.671437,0.668521,0.574861,0.722937,0.621457,0.650306,0.590917,0.574639,0.628515,0.668536,0.636347,0.656964,0.691107,0.695835,0.657504,0.639863,0.589537,0.686383,0.657617,0.675175,0.657580,0.576106,0.638425,0.675669,0.654349,0.596570,0.685509,0.655815,0.642506,0.639280,0.678647,0.653250,0.629785,0.585588,0.664026,0.595857,0.634514,0.685145,0.683105,0.622909,0.674868,0.676802,0.634749,0.646350,0.705564,0.633254,0.627406,0.642645,0.555257,0.637669,0.664230,0.605656,0.655417,0.690701,0.673403,0.637095,0.627679,0.719484,0.644420,0.676728,0.648539,0.634098,0.657932,0.604317,0.542958,0.648718,0.646014,0.657951,0.633076,0.632238,0.637686,0.653626,0.656316,0.677619,0.688414,0.647748,0.664348,0.710029,0.665035,0.639681,#
21,0.631018,0.748397,0.665505,0.695980,0.630597,0.616380,0.625456,0.573360,0.636588,0.597057,0.633639,0.607626,0.570597,0.559601,0.623076,0.639363,0.544551,0.618450,0.661731,0.577357,0.633958,1.000000,0.644146,0.649984,0.586932,0.548344,0.680379,0.596743,0.651629,0.567762,0.612170,0.545977,0.649791,0.654950,0.624680,0.693001,0.573814,0.641335,0.610689,0.645208,0.595129,0.646291,0.589065,0.663449,0.621744,0.618856,0.667741,0.676100,0.626719,0.676040,0.582033,0.626959,0.661811,0.603069,0.663612,0.645324,0.601586,0.614846,0.709413,0.613396,0.584926,0.680331,0.528113,0.579983,0.640340,0.635547,0.680459,0.613630,0.638347,0.666675,0.667448,0.674349,0.684338,0.633640,0.686797,0.648767,0.663188,0.638003,0.646805,0.621160,0.646370,0.612990,0.696695,0.704267,0.675060,0.646212,0.589461,0.678244,0.683688,0.666637,0.562631,0.555523,0.634572,0.661341,0.592140,0.634994,0.623403,0.560153,0.656179,0.669955,0.652473,0.663484,0.526226,0.653839,0.605539,0.623264,0.610827,0.679886,0.584485,0.686828,0.684067,0.554893,0.652577,0.607888,0.553284,0.560337,0.585202,0.700410,0.622116,0.612582,0.604593,0.591442,0.537430,0.620353,0.568244,0.577115,0.639208,0.593728,0.600522,0.680813,0.673665,0.678489,0.547866,0.629099,0.691946,0.568899,0.595145,0.543801,0.621644,0.622098,0.659364,0.634682,0.533062,0.648355,0.569168,0.592138,0.598842,0.544880,0.630380,0.622913,0.641120,0.658308,0.600151,0.605994,0.579776,0.608658,0.633076,0.663217,0.592032,0.619902,0.625881,0.683673,0.615218,0.622682,0.686520,0.620499,0.688157,0.557189,0.497244,0.639451,0.673338,0.591753,0.664156,0.611622,0.596640,0.585508,0.509413,0.623419,0.679720,0.660349,0.607687,0.708948,0.637916,0.615437,0.563262,0.636359,0.620833,0.567800,0.577510,0.633299,0.646541,0.588014,0.629250,0.604201,0.628736,0.572190,0.609910,0.650362,0.544377,0.679331,#
