0,1.000000,-0.090992,0.146345,0.173949,0.188502,0.095633,-0.032781,-0.049985,0.127600,0.075759,0.134017,-0.040555,0.080002,0.040469,0.275520,0.195734,0.135238,0.250399,0.267770,0.235510,0.135172,0.166856,0.206640,0.287508,0.144151,0.073329,0.252256,0.037608,0.187973,0.234480,-0.028267,0.161966,0.137741,0.171859,0.112926,0.136867,0.142274,0.089375,0.185147,0.213093,0.134182,0.128912,0.159949,0.141453,0.002489,0.096386,0.024789,0.234992,0.121126,0.264171,0.137838,-0.028537,0.131674,0.234021,0.200752,0.198159,0.227210,0.157093,-0.085252,0.024511,0.172811,0.035488,0.254541,0.024214,0.027473,0.042178,0.031875,0.107773,0.118697,0.142439,0.074763,0.053202,0.197066,0.155759,0.068100,-0.121896,0.262195,0.215331,0.057609,0.053356,0.079893,0.051195,0.053109,0.199368,0.270001,-0.031514,0.174476,0.157196,0.185420,0.211600,0.072997,0.037854,0.215333,0.174025,0.257735,0.270605,0.238557,0.015584,0.121799,0.190573,0.250987,0.213677,0.024030,0.207067,0.176264,0.181415,0.274531,0.150215,0.138335,-0.037183,0.030428,0.085535,-0.023896,0.194722,0.052965,0.060249,0.085551,0.095117,0.097125,-0.002546,0.293404,0.191444,0.138488,0.167149,0.100987,0.204843,0.136655,-0.035647,0.117535,0.200861,0.276818,0.039075,0.118796,0.047344,0.083510,0.134261,0.207758,0.124467,0.050963,0.141684,0.290923,0.170371,0.100337,0.063589,0.062984,0.181035,0.115529,0.098757,0.148265,0.114634,-0.086939,0.057943,0.167689,0.051615,0.163055,0.207141,0.168963,0.029404,0.124568,0.158616,0.143906,0.233684,-0.018629,-0.009014,0.137455,0.169688,0.024040,0.216004,0.175227,0.159880,0.140909,-0.046641,0.173600,0.149884,-0.116577,0.200915,0.289630,0.171253,0.091747,0.036538,0.129845,0.223974,0.094938,0.105244,0.082565,0.032515,0.280439,0.340903,0.192051,0.013813,0.076309,0.211858,0.102070,0.147587,0.288194,0.043287,-0.033189,0.161021,0.314292,0.200757,#
1,-0.090992,1.000000,0.147762,0.071420,0.098851,0.123969,0.237718,0.088066,0.227475,-0.027728,0.257221,0.215566,0.069308,0.119973,-0.048241,-0.062023,0.085225,0.145952,-0.063565,0.116133,0.020289,0.205205,0.028759,-0.056771,0.054039,0.130224,0.149316,0.228930,-0.185978,0.128544,0.087621,0.054818,0.009645,0.143151,-0.038839,0.243533,0.041959,0.025426,0.184340,0.056290,0.007203,0.037020,0.185250,0.112330,0.034992,0.109541,0.330023,0.106931,0.112109,-0.069518,0.152025,0.029416,0.258836,0.224789,-0.014391,0.186995,0.056855,-0.127875,-0.041007,0.039381,-0.016446,0.039153,0.158243,0.027728,-0.009213,0.132371,-0.010755,0.181598,0.146492,0.227846,0.104879,0.114369,0.186777,0.000575,0.203267,0.122322,0.074758,0.119935,0.270514,0.074634,0.116715,0.194325,0.081686,0.050975,0.104525,-0.208931,0.161572,0.080734,0.083574,0.007801,0.101819,0.114856,-0.001025,0.099220,-0.018323,0.100966,-0.006325,-0.016261,0.018270,0.156326,0.153051,0.072141,0.084367,0.076631,0.039284,0.075116,0.163987,0.242077,0.040452,0.064366,0.129781,0.148658,-0.022324,0.064782,0.234963,0.233313,0.118579,0.017134,-0.049085,0.084384,-0.067805,0.130312,0.143080,0.122058,0.050585,0.052120,0.152197,0.097981,0.122116,0.172842,0.039668,0.107843,0.058024,0.193419,0.234899,0.134363,0.165733,0.184070,0.239731,0.141975,0.042461,0.029689,0.138981,0.183222,0.215519,0.132508,0.081329,-0.093320,0.134104,0.022615,0.170286,0.055561,-0.082340,-0.098795,0.238259,0.174357,-0.037830,0.003612,-0.091583,-0.140079,-0.055720,0.157182,0.239147,0.242712,0.172390,0.035032,-0.019684,-0.065577,0.117356,0.248449,0.213929,0.220646,0.004762,0.013899,0.009760,0.059104,0.027430,0.196837,0.121310,0.007644,0.090009,0.023670,0.154197,-0.046989,0.211414,0.114235,0.101966,-0.063310,0.034011,0.194267,0.191193,0.043709,-0.113372,0.103086,0.113159,0.016942,-0.064716,0.149626,0.042362,0.248140,#
2,0.146345,0.147762,1.000000,0.196269,0.217728,0.139506,0.180560,0.199878,0.130103,0.128036,0.283636,0.271573,0.081342,0.246316,0.020972,0.217303,0.062857,0.107838,0.054108,0.168086,0.298054,0.289845,0.014566,0.101442,0.208618,0.294386,0.276809,0.173484,0.046252,0.241537,0.052155,-0.046556,0.078884,0.086837,0.055192,0.170796,0.141262,-0.047377,0.142743,0.050132,0.208722,0.164277,0.322460,0.065859,-0.008258,0.097116,0.135810,0.142844,0.077829,0.122141,0.215638,0.191747,0.103976,0.087389,0.020092,0.106689,0.083762,0.040268,0.151679,0.225180,0.238401,-0.040970,0.026504,0.173267,0.237812,0.177615,0.188817,0.068457,0.213468,0.237688,0.131764,0.174008,0.095015,0.167835,0.215127,0.118603,0.139348,0.142696,0.136017,0.061145,0.218878,-0.002725,0.034436,-0.005077,0.199386,0.112948,0.206379,0.201650,0.131979,0.033639,-0.006969,0.260103,0.212686,0.234316,0.053575,0.200595,0.219360,0.072647,0.185726,0.070238,0.204685,0.076671,-0.007518,0.197389,0.085982,0.116749,0.175620,0.250990,0.216772,0.234677,0.136804,0.136495,0.189905,0.167388,0.121181,0.299745,0.188804,0.139431,-0.226429,0.044867,0.179533,0.053969,0.007785,0.097601,0.126462,0.043196,0.305016,0.134758,0.136746,0.196460,0.095402,0.194154,0.146077,0.076139,0.258451,0.233579,0.161963,0.102228,0.095509,-0.018025,0.147140,0.103671,0.226208,0.105678,0.342822,0.143984,-0.058324,0.115037,0.222391,-0.073417,0.139634,0.171223,0.212258,0.106384,0.141516,0.050834,0.054051,-0.098679,0.111915,0.152960,0.068808,0.323315,0.173664,0.223671,0.160258,0.145973,0.121645,0.027084,-0.075036,0.058707,0.071833,0.338517,0.122033,0.040104,0.137952,0.089754,0.243197,0.176695,-0.104478,0.083876,0.241978,0.095948,0.027728,0.308630,0.052863,0.153805,0.090069,0.026012,0.190906,0.005005,0.032526,0.197258,0.247033,0.089375,0.215178,0.064895,-0.091344,0.204561,0.292180,0.251123,#
3,0.173949,0.071420,0.196269,1.000000,0.153380,0.197747,0.238129,0.069310,0.269663,0.114392,0.254899,0.156786,0.159014,0.028676,0.123957,0.104281,0.150563,0.209137,0.249855,0.208134,0.197436,0.115588,0.168903,0.385054,0.144768,0.244554,0.225088,0.162621,0.201276,0.279966,0.166566,0.201762,0.411280,0.173015,-0.022448,0.189079,0.199978,0.190105,0.310931,0.087716,0.141823,0.278889,0.201023,0.299169,-0.058520,0.174610,0.090855,0.172678,-0.011936,0.185938,0.161180,0.185429,0.146651,0.034779,0.077534,0.249288,0.129267,0.091597,0.089459,0.142589,0.151924,0.054420,0.134359,0.061971,0.321440,0.125740,0.129951,0.038202,0.013257,0.220194,0.148900,0.131118,0.219408,0.076881,0.169856,0.229284,0.134835,0.116935,0.173078,0.065202,0.321985,0.119533,0.165308,0.009344,0.238120,0.090636,0.144219,0.073402,0.211465,0.153579,0.173164,0.224961,0.171201,0.171373,0.091612,0.170645,0.235111,-0.051951,0.211094,0.198258,0.271607,0.066635,0.106036,0.167240,0.317792,0.075831,0.228711,0.225887,0.092479,0.165284,0.152744,0.096232,0.137211,0.102397,0.075902,0.039586,0.161011,0.113042,-0.029424,0.068731,0.147704,0.079753,0.089053,0.283977,0.059350,0.088240,0.270067,0.215232,-0.038238,0.305910,0.283483,0.238562,0.219522,0.197313,0.186527,0.165165,-0.030381,0.151988,0.216133,0.099045,0.200161,0.247117,0.172313,0.192818,0.123995,0.079407,0.265040,0.207480,0.079983,0.081211,0.009486,0.049149,0.083536,0.165408,0.220903,0.134976,0.065035,0.071764,0.187286,0.173215,0.175040,0.235998,0.246880,0.212637,0.080550,0.067893,0.102106,0.100011,0.036422,0.024405,0.172267,0.028698,0.055668,-0.003612,-0.010606,0.214081,0.240678,0.221955,0.027229,0.098198,0.083458,0.284497,0.244443,0.012941,0.014259,0.066864,0.144231,0.143343,0.016198,0.070996,0.110199,0.175384,0.276420,0.097283,0.196838,0.129877,0.241835,0.210356,0.168795,0.077056,#
4,0.188502,0.098851,0.217728,0.153380,1.000000,0.237739,0.034655,0.095950,0.286580,0.094670,0.050974,0.057876,0.136913,0.073845,0.100242,0.079365,-0.016063,0.201120,0.168507,0.314637,0.360593,0.135572,0.151867,0.221559,0.125509,0.299121,0.137906,0.097807,0.135772,0.077387,0.040442,0.065735,0.086929,0.070375,0.068824,0.245520,0.363855,0.061894,0.161492,0.139972,0.073953,0.345417,0.151905,0.041662,0.237977,0.109706,0.339760,0.156056,0.055541,0.138754,0.071766,0.139457,0.036577,0.225404,0.241127,0.310775,0.126312,0.072788,0.102033,-0.006768,0.186317,0.143577,0.048683,0.009534,0.142416,0.006541,0.105028,0.099807,0.024779,0.156046,0.192331,0.170786,0.211225,0.166407,0.054085,-0.031414,0.116525,0.176164,0.147021,0.074759,0.266985,0.169733,0.058452,-0.044987,0.358277,0.052499,0.170827,0.109206,0.108933,0.204459,0.222892,0.078656,0.110352,0.105934,0.118228,0.233704,0.141596,0.072844,-0.011556,0.086564,0.110014,-0.000775,0.195067,0.183488,0.155749,0.143519,0.027651,0.231288,0.114461,0.202602,0.293597,0.225956,0.214777,0.263394,0.105021,-0.015864,0.162589,-0.011040,-0.100725,0.069607,0.109563,0.040153,0.090387,0.020646,0.306956,-0.005205,0.215295,0.049091,0.142127,0.053805,0.276811,-0.018194,0.160327,0.157882,0.225121,0.110782,0.091279,0.121841,0.222855,0.141970,0.309951,0.020726,0.231985,0.036489,0.195835,0.272995,0.104963,0.274601,0.129207,-0.034876,0.079247,0.102120,0.178917,0.249599,0.267632,0.055625,0.275934,0.099978,0.009957,0.144919,0.160516,0.135381,-0.035651,0.085408,-0.081260,0.177936,-0.018983,0.039365,0.032080,0.064213,-0.100551,0.013631,0.330611,0.234122,0.071030,0.161931,0.221034,0.242102,0.152365,0.145425,0.043100,0.017977,0.250896,0.088745,0.124449,0.094702,-0.035005,0.270982,0.141843,0.235679,0.032440,0.169756,0.065027,0.042825,0.261184,0.198593,0.015711,0.244983,0.173650,0.340286,#
5,0.095633,0.123969,0.139506,0.197747,0.237739,1.000000,0.074153,0.178762,0.312060,0.182437,0.208311,0.092625,0.194387,0.147390,0.208871,0.043267,0.035841,0.105105,0.026744,0.203449,0.100301,0.012350,0.118644,0.077639,0.198536,0.156921,0.175266,0.247281,0.160972,0.199589,0.113419,0.170783,0.278589,0.125124,0.041083,0.206849,0.249974,0.065645,0.157257,0.078830,0.162132,0.229017,0.122952,0.227195,0.007134,0.098107,0.186277,0.025902,0.175438,0.122899,0.142116,0.184899,0.064793,0.070352,0.148495,0.316993,0.018019,-0.063246,0.150246,0.091508,0.097885,0.055494,0.110356,0.013906,0.182872,0.120997,0.183985,0.003609,0.199428,0.052832,0.114849,0.111355,0.245426,0.255001,0.033325,0.046242,0.163436,0.127363,0.149516,0.124009,0.142141,0.148524,0.257786,0.003946,0.123736,0.086144,0.099253,-0.005548,0.077701,0.008589,0.043542,0.174985,0.235707,0.268830,0.087175,0.258021,0.023060,0.079141,0.210243,-0.001469,0.071907,0.139396,-0.028923,0.125144,0.062278,0.122646,0.099067,0.267122,0.114291,0.097232,0.199288,0.150262,0.138824,0.125713,0.215850,0.095489,0.050501,0.132129,0.003027,0.020757,0.028945,0.231506,0.034495,0.144158,0.007952,-0.015577,0.025818,-0.021524,0.139414,0.125651,0.260289,0.071403,0.180145,0.139406,0.287567,0.273174,0.130744,0.200512,0.057772,-0.076203,0.192691,0.167053,0.163964,0.246247,0.254272,0.176335,0.169587,0.096648,0.002601,0.118747,0.156652,-0.003031,0.196492,0.182487,0.165377,0.186488,0.115699,0.043922,0.163960,-0.042340,0.152666,0.083817,0.178330,0.146693,0.043245,0.143740,0.028715,0.090053,0.183916,0.246620,0.246870,0.189102,0.169602,0.127787,-0.077177,0.145733,0.243409,0.175342,0.233184,-0.002629,0.124161,0.017974,0.372131,0.114806,-0.026648,0.203502,0.233810,0.010507,0.019195,0.036873,0.056132,0.243919,0.156672,0.084096,0.277740,-0.040060,-0.040734,0.254295,0.065461,0.317200,#
6,-0.032781,0.237718,0.180560,0.238129,0.034655,0.074153,1.000000,0.091832,0.256775,0.069465,0.101198,0.170995,0.055219,0.177374,0.048302,0.102023,0.057301,0.082215,0.122297,0.005276,0.203812,0.205293,-0.063007,-0.029722,0.070846,0.170749,0.073264,0.189457,0.106954,0.257205,0.002264,0.118197,0.060276,0.127233,-0.108494,0.025478,0.041926,0.188279,0.038992,0.130918,-0.011525,0.100904,-0.013930,0.110325,-0.003906,0.143926,0.051266,0.037667,0.048946,-0.033083,0.011670,0.044283,0.133281,0.156594,0.001050,0.104767,0.007463,0.063449,0.088102,0.199761,0.155058,-0.064488,0.127352,0.126711,0.149315,0.342469,0.095915,0.172997,0.110246,0.089247,0.082048,0.169630,0.092885,0.111950,0.229819,0.126224,0.173246,0.140644,0.244081,0.006714,0.103134,0.038032,0.163779,-0.036308,0.138161,0.009633,0.044718,0.164645,-0.059685,0.045530,0.042502,0.167306,0.096506,0.123794,0.040397,0.100109,0.158462,0.008681,0.082996,0.220627,0.128053,0.192955,0.048806,-0.019185,-0.173079,0.193073,0.007738,0.050645,0.127638,0.170570,0.136039,0.183558,0.048168,-0.167038,-0.025427,0.184175,0.277779,-0.065580,-0.003839,0.036351,0.128935,0.117221,-0.084729,0.173650,0.010024,0.092613,0.027118,0.149067,0.010607,0.156860,0.118067,-0.022867,0.089992,-0.027663,0.199771,0.113336,-0.002955,0.126568,0.218573,0.139639,0.057765,0.134327,0.011712,0.123855,-0.042040,0.069382,0.176016,-0.024468,0.068434,-0.208381,0.217362,-0.051286,0.157566,0.013241,0.261540,0.041621,-0.004893,0.109633,0.064256,-0.030579,-0.047898,0.227942,0.301627,0.166955,0.158730,0.117794,-0.026608,0.075191,0.054407,0.106534,-0.016721,0.051837,0.089024,-0.005436,0.073583,0.147213,0.029563,0.160830,0.264809,-0.084636,0.004489,0.038652,0.192023,0.205001,0.150119,0.179037,0.106143,0.051803,-0.016627,0.166015,-0.029181,0.039986,0.116192,0.170603,-0.004269,-0.073133,0.120490,0.189940,0.101947,0.230562,#
7,-0.049985,0.088066,0.199878,0.069310,0.095950,0.178762,0.091832,1.000000,0.229181,0.121048,0.190733,0.331054,-0.043221,0.138695,0.244008,0.133480,0.071671,0.292905,-0.016213,0.142986,0.066116,0.148831,0.235680,0.007347,0.119400,0.104974,0.189007,0.293025,-0.000746,0.215117,-0.000185,-0.042502,0.098923,0.084566,-0.061848,0.098176,-0.050971,-0.064154,0.200701,0.163607,0.123388,0.166658,0.089168,0.116380,0.194618,0.143866,0.096752,0.150383,0.175091,0.061777,0.167886,0.118055,-0.023254,0.138539,0.100018,0.073109,0.142561,0.197763,0.201738,0.035491,0.189607,0.006583,0.094345,0.060203,0.230446,0.102821,0.118387,-0.048953,0.146561,0.303520,0.044931,0.011118,0.233380,0.120799,0.017922,0.076881,-0.073336,0.173395,0.077979,0.285839,0.207063,0.058918,0.182644,0.035309,0.220641,0.020942,0.079449,-0.033402,0.085690,0.126547,-0.015891,0.107529,0.134250,0.221979,-0.070642,-0.055131,-0.062129,0.068448,-0.012975,0.104393,0.139687,0.000679,0.048563,0.050296,-0.046489,0.201599,0.235553,0.100878,0.120060,0.175861,-0.071027,0.063664,0.002969,0.088767,0.369660,0.120916,-0.147220,-0.032752,-0.032231,0.316731,0.105668,0.156719,-0.015159,0.135176,0.127275,0.023623,0.192453,0.178514,-0.002948,0.104926,0.062960,0.045492,0.222185,0.076579,0.341532,0.150767,-0.097656,0.302538,0.061236,0.046793,0.186998,-0.021656,0.122435,-0.002099,0.145176,0.119179,0.177423,0.097521,0.059742,0.003895,0.147039,0.101747,0.023132,0.111789,-0.015639,0.137768,0.154366,0.135859,0.176904,0.146285,0.084020,0.127751,0.159367,0.040976,-0.102052,0.258477,0.116736,-0.010582,0.021896,0.039994,0.087098,0.155077,0.191946,0.026499,0.113117,-0.026402,0.096300,0.120434,-0.130711,0.150458,0.194092,0.060143,0.152751,0.173870,-0.200049,0.115768,-0.029586,-0.088608,0.040647,0.276698,0.176567,0.025363,0.148910,0.040042,0.158173,0.040615,-0.018066,0.094252,0.176526,0.154807,#
8,0.127600,0.227475,0.130103,0.269663,0.286580,0.312060,0.256775,0.229181,1.000000,0.233805,0.245552,0.168420,0.161369,0.128860,0.290678,0.167510,-0.065678,0.228334,0.114533,0.198281,0.159678,0.197023,0.192874,0.281549,0.051637,0.200897,0.131845,0.284645,0.080904,0.298698,-0.021807,0.185835,0.142337,0.086576,0.086173,0.235686,0.209476,0.082168,0.157717,0.064531,0.167961,0.267002,0.112221,0.128486,0.232655,0.199053,0.128582,0.137772,0.234098,0.170244,0.213792,0.377155,0.035973,0.354221,0.104439,0.351642,0.242199,0.236334,0.093697,0.274271,0.203482,0.157646,0.288609,-0.076405,0.230482,0.310578,0.184639,0.052848,0.366204,0.162279,0.209931,0.077357,0.254447,0.052407,0.206546,0.186600,0.180974,0.219097,0.176909,0.138245,0.272662,0.334859,0.203515,-0.038856,0.327789,0.106609,0.146502,0.092038,0.108546,0.232509,0.097949,0.281988,0.183565,0.086101,0.352759,0.297945,0.271954,0.091002,0.183558,0.122259,0.191869,0.139462,0.172973,0.180825,0.189750,0.104391,0.133904,0.260699,0.021158,0.257919,0.127378,0.143263,-0.001757,0.218836,0.240672,0.228961,0.094287,0.082993,0.031731,0.204326,0.177045,0.196404,0.126607,0.193975,0.155793,0.192386,0.176222,0.297678,-0.040894,0.365815,0.166255,-0.045217,0.315124,0.216657,0.267672,0.240025,0.104996,0.221354,0.260546,0.042139,0.248548,0.203058,0.337900,0.060221,0.079230,0.137083,0.263798,0.137374,0.133443,0.060144,0.341844,-0.009009,0.186421,0.245002,0.368425,0.342516,0.211122,0.258667,0.182097,0.168071,0.071302,0.168316,0.118529,0.169212,0.214420,0.204279,0.139335,-0.036722,0.213111,0.189985,0.180460,0.218252,0.098056,0.086579,0.161391,0.128273,0.133164,0.263384,0.193447,0.108076,0.168318,0.175252,0.207794,0.175463,0.055316,0.216168,0.069507,0.050815,0.103654,0.220188,0.228956,0.105473,0.209095,0.132222,0.383276,0.011383,0.123764,0.122425,0.132398,0.126458,#
9,0.075759,-0.027728,0.128036,0.114392,0.094670,0.182437,0.069465,0.121048,0.233805,1.000000,0.361339,-0.012438,0.064594,0.199263,0.224395,0.194529,-0.048447,0.064485,-0.070245,0.312506,0.080952,0.031373,0.051961,0.052536,0.005998,0.011327,0.244075,0.151079,0.092906,0.154571,0.188235,0.053389,0.026275,0.145954,0.189253,0.101987,-0.065100,0.213390,0.118789,-0.047536,0.288113,0.132063,0.092608,-0.089336,0.012845,0.168835,0.099419,0.051459,0.102559,0.079387,0.060003,0.227426,-0.040556,0.098950,0.064383,0.274844,0.127222,0.159662,0.138120,-0.072184,0.228357,0.023288,0.191021,0.006791,0.230760,0.161435,0.024592,-0.069690,0.114211,-0.025100,0.215119,0.203350,0.072677,0.089510,0.116984,0.133423,-0.026515,0.009864,0.200980,0.158479,0.157234,0.240985,0.017308,-0.073143,0.246869,0.078981,0.086851,0.083188,-0.125781,-0.097063,-0.032439,0.139854,0.192853,-0.019556,0.115904,0.140913,0.156320,0.148226,0.108766,-0.080839,0.089681,0.127559,0.316072,0.040300,0.318906,0.071760,0.139415,0.066261,0.195719,-0.025388,0.044742,0.042930,0.102726,0.227067,0.061975,0.085133,-0.057494,0.161985,0.114548,-0.062421,0.156814,0.313579,-0.020276,0.179392,-0.016906,0.130451,-0.111744,0.208394,0.105471,0.289258,0.142615,-0.053618,0.054088,0.154412,0.109404,0.109546,0.144367,0.272834,0.118100,-0.189103,0.027859,0.143232,0.229088,0.054313,0.057778,0.183612,0.144621,0.184241,0.001943,0.331536,0.091643,-0.159609,0.325984,0.261280,0.175626,0.170542,0.119281,0.135539,0.273440,0.037643,0.137566,0.083056,0.004857,0.317204,0.081969,0.058145,0.085628,0.014229,0.285834,0.035503,0.169887,0.190074,0.084931,0.155477,0.023112,0.157034,0.186674,0.069996,-0.007746,0.022996,-0.034167,0.029179,0.203600,0.180251,-0.008775,0.113806,0.067673,0.070688,0.221632,0.046820,0.101961,0.085454,0.050089,0.156593,0.092315,0.089857,0.094657,-0.001070,0.150415,0.172254,#
10,0.134017,0.257221,0.283636,0.254899,0.050974,0.208311,0.101198,0.190733,0.245552,0.361339,1.000000,0.122744,-0.011922,0.168497,0.182404,0.109520,0.059490,0.152785,0.158923,0.205523,0.038690,0.082752,-0.105145,0.134255,0.097433,0.004895,0.153587,0.261539,0.032432,0.229382,0.154674,0.123615,0.194222,0.122836,0.093665,0.208831,0.092142,0.028118,0.289683,0.129017,0.236581,0.063395,0.110711,-0.020347,-0.112615,0.149077,0.153386,0.114312,0.142327,0.186702,0.118271,0.186470,0.056748,0.223729,-0.044782,0.240442,0.080070,-0.020493,0.058689,0.136114,0.043072,0.108859,0.110040,0.131145,0.349084,0.223692,0.193497,0.048791,0.141462,0.127070,0.117426,0.182806,0.194600,0.140975,0.091428,0.103812,0.097911,0.059369,0.092647,0.133978,0.287680,0.072573,0.230729,0.093847,0.351900,-0.102937,0.158022,0.116802,0.021762,0.086928,-0.020148,0.163227,0.167236,0.101384,0.065146,0.266001,0.176353,-0.023614,0.223840,0.139446,0.040941,0.066638,0.154409,-0.032000,0.164174,-0.020732,0.165057,0.304694,0.118916,0.029858,0.098068,0.213163,0.064261,0.154339,0.330339,0.284728,0.047952,0.060714,-0.021367,0.063921,0.146418,0.264368,-0.005544,0.093521,0.031492,0.014610,0.136773,0.168385,0.145739,0.241196,0.249689,0.067563,0.066111,0.099476,0.154164,0.118835,-0.032551,0.371428,0.119933,-0.071262,0.237437,0.049529,0.179551,0.112464,0.171536,0.071568,0.005824,-0.054228,0.045978,0.072809,0.087607,0.169913,0.155100,-0.029930,0.257148,0.096479,0.200839,-0.121813,0.212955,0.072193,0.190335,0.046283,0.340629,0.216413,0.194627,0.138561,0.180264,0.072247,0.140150,0.234466,0.242645,0.218038,0.007075,0.139030,0.050697,0.050665,0.126708,0.261602,-0.033790,0.061994,0.082332,0.082107,0.277012,0.073496,0.145014,0.150247,-0.015564,-0.144259,0.145763,0.215587,0.223056,0.084818,0.135733,0.044437,0.218481,-0.006958,-0.047974,0.159399,0.232513,0.367389,#
11,-0.040555,0.215566,0.271573,0.156786,0.057876,0.092625,0.170995,0.331054,0.168420,-0.012438,0.122744,1.000000,0.103682,0.078645,-0.060086,0.030648,0.051030,0.268492,0.105441,-0.061940,0.091558,0.154639,-0.061947,0.094876,0.233402,0.301758,0.003660,0.269491,-0.160952,0.215004,0.166551,0.074037,0.102030,0.078538,0.115626,0.170742,0.152622,-0.063597,0.125706,0.221387,0.011801,0.220656,0.291447,0.206445,0.021807,0.187927,0.131191,0.052037,0.157467,0.015759,0.140386,0.179620,0.037376,0.307531,-0.068086,-0.030210,0.040440,0.271977,0.153685,-0.052920,0.011265,0.004190,0.214446,0.063708,0.073851,0.226139,0.161688,0.246563,0.147098,0.188171,0.022893,0.046273,0.273923,0.029263,-0.023347,0.122751,0.015133,-0.007969,0.118882,0.127949,0.181464,0.104334,0.221612,0.053444,0.217861,-0.085839,0.091628,0.229362,0.135848,-0.025689,0.041009,0.230500,0.280648,0.424822,0.043313,0.142676,-0.006199,0.036477,0.130176,0.224055,0.132189,0.105129,-0.047706,0.177353,0.006520,0.235521,0.211304,0.280362,0.215952,0.123070,0.162409,0.127164,0.090083,0.127300,-0.037407,0.308781,0.062646,0.108745,-0.106314,0.135131,0.037456,0.118902,0.162755,0.111447,0.093288,0.001946,0.141261,0.187290,0.176153,0.074671,0.062806,0.215782,0.216916,0.175581,0.144164,0.072866,-0.244249,0.410313,0.031199,0.199336,0.102974,0.043843,0.136088,0.116110,0.171839,0.130867,0.149577,0.025049,0.044633,-0.055585,0.123713,0.274362,0.067731,0.096172,0.183837,0.195484,0.076471,-0.115173,0.144840,0.094390,0.147553,0.267347,0.020984,0.032530,0.089964,0.087704,0.278108,0.084600,0.107097,0.122573,0.107482,0.058745,-0.035620,-0.069699,0.136618,0.110613,0.153560,0.176159,-0.017056,0.065207,0.221456,0.084319,0.145987,0.001251,-0.062871,0.110857,-0.029957,0.064647,0.024321,0.240282,0.054238,0.064909,0.177628,0.228055,0.313712,0.079299,0.100151,0.165035,0.107168,0.136485,#
12,0.080002,0.069308,0.081342,0.159014,0.136913,0.194387,0.055219,-0.043221,0.161369,0.064594,-0.011922,0.103682,1.000000,-0.009553,0.190824,0.100100,0.310910,0.195226,0.225092,0.263920,0.096250,0.102812,0.129947,0.173330,-0.007433,0.171923,0.187783,0.218293,0.029913,0.255210,-0.086405,0.240612,0.118800,0.106553,0.167397,0.301992,0.126661,0.024239,0.135971,0.109847,0.169608,0.056615,0.193758,0.242827,0.283622,0.140444,0.237821,-0.088969,0.176546,0.062396,0.248605,0.103047,0.092373,0.212158,0.151199,0.205310,-0.007303,0.143209,-0.043358,-0.108190,0.097287,0.202637,0.059177,0.206225,0.223443,0.227015,0.113382,0.122292,0.093112,0.089903,0.079200,0.201469,0.124597,0.048961,0.241992,0.231969,0.155187,-0.030266,0.131486,0.011979,0.194651,0.180588,-0.043305,0.022760,0.124341,0.153047,0.116873,0.294852,0.140182,-0.003292,0.090033,0.049971,0.055682,0.226278,0.206722,0.178592,0.304068,0.113174,0.081267,0.024476,0.137172,0.145546,0.141909,0.124634,0.236466,-0.005538,0.126670,0.029353,-0.013141,0.072613,0.231345,0.029530,0.119327,0.125305,0.109827,0.025887,0.174910,-0.017873,0.125723,-0.007468,0.146233,0.174216,0.269227,0.152588,0.125715,-0.050287,0.202077,-0.010291,0.006056,0.067282,0.164905,0.071151,0.098964,0.157338,0.128362,0.037751,0.187778,0.096451,0.211255,0.087453,0.174521,0.095341,0.151077,0.083788,-0.041569,0.189078,0.036513,0.214035,0.012170,0.050620,0.072049,0.208199,0.181771,0.118262,0.016183,0.236911,0.069504,-0.080007,0.009778,0.103284,0.030820,0.302292,0.161058,0.297060,0.102790,0.032212,0.299060,0.025737,0.039018,0.091155,0.140775,0.100831,0.109467,0.072485,0.168351,0.080211,0.249514,0.204653,0.072509,0.195502,0.190123,0.113245,0.255438,0.014250,0.101100,0.107845,0.211122,0.196322,0.053918,-0.037454,0.112889,0.040964,0.086922,0.155979,0.090616,0.062172,0.179670,0.219728,0.162802,0.071973,#
13,0.040469,0.119973,0.246316,0.028676,0.073845,0.147390,0.177374,0.138695,0.128860,0.199263,0.168497,0.078645,-0.009553,1.000000,0.290100,0.030177,0.207726,0.010443,0.121855,0.293198,0.175984,0.094721,-0.082681,0.136528,-0.016142,0.334162,0.277358,0.185402,0.068882,0.129221,0.139427,0.134573,0.173171,0.125483,0.146811,0.048391,-0.010584,0.066288,-0.042999,0.168858,-0.080498,0.207495,0.194024,0.103657,0.012309,0.186842,0.227642,0.100021,0.173714,0.075425,0.170672,0.136958,0.065301,0.247581,0.068772,0.242193,0.033993,0.207884,0.021969,0.226440,0.160131,0.099906,0.205917,0.042746,0.152727,0.103552,0.320684,0.129333,0.304226,0.132855,0.027936,0.068926,0.123985,0.033819,0.224790,0.121697,0.247505,0.244110,0.264346,0.102771,0.184187,0.278810,0.032431,0.336510,0.242914,0.082911,0.165118,0.131520,0.197032,-0.036712,-0.000096,0.097390,0.137652,0.229987,-0.018972,0.029654,0.215780,0.016615,0.149558,0.253124,0.145492,0.210937,0.158089,0.190874,0.033471,0.145072,0.141096,0.227441,0.281715,0.187962,-0.008641,0.083396,0.340073,0.125775,0.273027,0.197887,0.279978,0.133750,-0.014995,0.099832,0.284127,0.226295,0.111929,0.155174,0.202294,-0.056217,0.035682,-0.039136,0.171043,0.179132,0.075916,0.062559,0.069378,-0.011160,0.287997,0.094490,0.103277,0.190267,0.242135,0.138299,-0.066553,0.079228,0.373832,0.233355,0.182303,0.249004,0.148166,0.203160,0.038143,0.056189,0.145524,0.097134,0.118150,0.293656,0.186534,0.286189,-0.041041,0.199427,0.218228,0.159876,0.020440,0.342761,0.033650,0.291009,0.147078,0.080274,0.022587,-0.023063,0.098233,0.132158,0.135643,0.270885,0.149723,0.086878,0.063221,0.111676,0.159497,0.104091,0.209327,-0.101173,0.130637,0.175270,0.174728,0.121253,0.196467,0.183205,0.247133,0.089994,-0.047086,0.174801,0.088656,0.193318,0.115896,0.123567,0.137942,0.118356,0.036449,0.085678,0.231270,0.206136,#
14,0.275520,-0.048241,0.020972,0.123957,0.100242,0.208871,0.048302,0.244008,0.290678,0.224395,0.182404,-0.060086,0.190824,0.290100,1.000000,0.259399,0.120191,0.169440,0.229764,0.394106,0.163988,0.030063,0.175623,0.281922,0.033930,0.027254,0.282951,0.240480,0.146605,0.185714,-0.080388,0.157045,0.106417,0.033233,0.171716,0.162546,0.073942,0.164923,0.060282,0.278206,0.177001,0.067873,0.224610,-0.058351,0.136262,0.281457,0.168051,0.017970,0.124422,0.217935,0.229342,0.073136,0.233993,0.295298,0.270679,0.255208,0.195318,0.080173,0.012478,0.041635,0.279745,0.245870,0.120460,0.080346,0.165330,0.027014,0.261161,0.091416,0.138802,0.211612,0.049634,0.058908,0.115754,0.229894,0.216932,0.188288,0.232201,0.167950,0.104501,0.151789,0.251568,0.165576,0.095338,0.118971,0.166175,0.171022,0.009290,0.067480,0.135853,0.033466,0.090451,0.147561,0.182125,0.151457,0.208486,0.072742,0.235571,0.051366,0.052869,0.091375,0.203376,0.212486,0.182470,0.263029,0.132586,0.093068,0.219893,0.255060,0.025856,0.178574,-0.000464,-0.070669,0.138865,0.107054,0.173417,0.091895,0.146543,0.086190,0.150304,0.115801,0.397624,0.300399,-0.048141,0.112757,0.179974,0.071998,0.143766,0.094799,-0.002591,0.316002,0.129961,0.056068,0.112592,-0.002490,0.118296,0.026064,0.066502,0.119831,0.003844,-0.016105,0.268712,0.202230,0.283067,0.063852,0.034173,0.312955,0.141570,0.104497,-0.074986,0.066901,0.159658,0.098211,-0.002421,0.185461,0.139390,0.201122,0.285333,0.080576,0.142576,0.161425,0.073628,0.198508,0.097937,0.138371,0.189499,0.074096,0.096317,0.034789,0.089232,0.260695,0.216216,0.264817,0.203699,0.085839,0.031508,0.008083,0.338242,0.247729,0.272250,0.095944,0.038103,0.177620,0.208850,0.137127,0.118260,0.147231,0.176498,-0.010051,0.025246,0.181062,0.043674,0.114618,0.149919,0.202710,0.190668,-0.032770,-0.073712,0.106156,0.270498,0.142348,#
15,0.195734,-0.062023,0.217303,0.104281,0.079365,0.043267,0.102023,0.133480,0.167510,0.194529,0.109520,0.030648,0.100100,0.030177,0.259399,1.000000,0.180065,0.224372,0.180400,0.185026,0.059956,0.067557,0.206165,0.211550,0.091584,0.256605,0.229741,0.110646,0.141208,0.181378,-0.029692,0.171191,0.085769,0.139036,0.102176,0.028150,0.028170,-0.010997,0.137886,0.064207,0.083534,0.164359,0.123494,0.116192,0.151074,0.127241,-0.113832,0.113750,-0.044783,0.267469,-0.084911,0.219193,0.125735,0.165416,0.134989,0.180707,0.085508,0.109436,0.154914,0.205619,0.141883,-0.083334,0.187486,-0.015482,0.114970,0.163072,0.104197,0.105364,0.084897,-0.043909,0.215108,0.134166,0.059359,0.070407,0.133945,0.122454,-0.025677,0.140903,-0.016930,0.145942,0.253146,0.035000,-0.043383,0.240731,0.160058,0.104481,0.045704,0.174913,0.109982,0.211233,0.016824,0.159193,0.112492,0.140852,0.063279,0.064871,0.284642,0.005722,0.072660,0.071151,0.189747,0.156458,0.004571,0.119600,-0.021091,0.016024,0.129121,0.135004,0.015644,0.169264,0.035047,0.235328,0.067713,-0.043043,0.094252,0.248078,-0.003244,-0.104517,-0.008902,-0.040305,0.262453,0.249411,0.069282,0.177156,0.160852,0.055732,0.054701,0.219595,-0.010028,0.163593,0.025770,0.133969,0.042578,0.108071,0.123747,0.128789,0.003247,0.047969,0.015711,-0.117538,0.026137,0.230835,0.135611,0.047811,0.206049,0.093736,0.036180,0.179009,0.241886,0.062506,0.056231,-0.040314,0.091873,0.272952,-0.025371,0.298164,0.133882,0.071239,0.106645,0.080577,0.019039,0.054848,0.247679,0.093502,0.102056,0.232464,0.139062,0.061716,0.141227,0.055310,-0.027660,0.131055,0.091603,-0.034588,0.136916,0.029792,0.308550,0.072842,-0.072585,0.128027,0.233970,0.063121,0.147552,0.278978,-0.015461,0.076934,0.025852,0.112806,-0.039854,0.043290,-0.082423,0.088660,0.130251,0.063623,0.043205,0.027871,0.025124,0.120738,0.080445,-0.120046,#
16,0.135238,0.085225,0.062857,0.150563,-0.016063,0.035841,0.057301,0.071671,-0.065678,-0.048447,0.059490,0.051030,0.310910,0.207726,0.120191,0.180065,1.000000,0.108627,0.149036,0.311813,0.127740,0.134654,0.062241,0.068029,-0.099520,0.187262,0.166714,0.025089,0.047969,0.333317,0.002390,0.239157,-0.014797,0.237455,0.129829,0.182167,0.075011,-0.009191,0.091244,0.027168,-0.046806,0.120867,0.120159,0.152867,0.102651,0.302578,0.035346,0.050922,0.047729,0.054930,0.101583,0.082042,0.288844,0.152495,0.096166,0.074068,0.000772,0.060719,0.033516,-0.086607,0.023526,0.275738,0.241055,0.238183,0.183462,0.047727,0.070276,0.320416,0.029779,0.176465,-0.084296,0.269698,0.276021,-0.029979,0.028685,0.151265,0.037936,0.227446,0.057733,0.053874,0.047773,0.041228,-0.006446,0.174857,0.132380,0.081688,0.158041,0.127749,0.133474,0.029760,0.073650,0.209490,0.106572,0.092881,0.022817,0.010397,0.209355,-0.040144,0.062030,0.168986,0.036686,0.000198,-0.099844,0.052489,0.068723,0.053950,0.134825,0.012635,-0.017126,0.174150,0.110985,0.094212,0.106426,0.082262,0.151856,0.185596,0.039975,0.017382,-0.023210,0.269772,0.161665,0.173391,0.112296,0.178356,0.145528,-0.148188,0.092487,-0.090419,0.009092,0.160377,0.061283,-0.012787,0.240859,-0.174656,0.282940,0.207218,-0.083035,0.279944,0.121850,0.163688,-0.013754,0.083527,0.076750,0.089639,0.164557,0.096037,0.040889,0.157717,0.197784,0.049358,-0.140299,0.234476,0.008063,0.032771,0.160097,0.166265,0.009623,0.059811,0.064163,0.088525,0.013470,0.272949,0.160687,0.204808,0.056820,0.074333,0.161817,0.010152,-0.052561,0.083092,-0.007458,0.052959,0.016330,-0.014880,0.073020,0.151972,0.027914,0.099262,0.136335,0.031891,0.105735,0.148007,0.165909,-0.105330,-0.013762,0.137170,0.233794,0.119361,0.027132,0.045783,0.239663,-0.075360,-0.060838,0.053768,0.108365,0.202510,-0.039620,0.131754,-0.040404,0.049286,#
17,0.250399,0.145952,0.107838,0.209137,0.201120,0.105105,0.082215,0.292905,0.228334,0.064485,0.152785,0.268492,0.195226,0.010443,0.169440,0.224372,0.108627,1.000000,0.126292,0.215136,0.279840,0.101101,0.050194,0.241474,-0.008948,0.179605,0.163365,0.043113,0.041926,0.225000,0.114491,0.070518,0.308951,0.091087,0.109703,0.231047,-0.038673,0.120304,0.285830,0.123934,0.169616,0.109941,0.034819,0.222976,0.078415,0.283483,0.229663,0.033686,0.003109,0.074762,0.139888,0.124804,0.001993,0.212699,0.141998,0.197864,0.230772,0.180497,0.003230,-0.031856,0.220745,0.129261,0.126939,0.051919,0.171030,0.255371,0.199361,0.213769,0.146792,0.203055,0.089412,0.258879,0.199803,0.018447,0.099391,0.233200,0.008558,0.066393,-0.026601,0.254626,0.106592,0.154457,0.306456,0.079334,0.147677,-0.069232,0.184630,0.142140,0.121483,0.183685,0.057556,0.059875,0.223251,0.146176,0.040318,0.167690,0.151247,0.199480,0.125836,0.148237,0.101148,-0.007493,0.080975,0.200849,0.068104,0.187736,0.156426,0.168934,0.158361,0.014735,0.154844,0.192593,0.099793,0.259969,0.089436,0.197275,-0.008033,0.031323,-0.019944,0.087043,0.053041,0.235806,0.126882,0.203562,0.351402,0.067963,0.066777,0.191699,0.033592,0.136372,0.172237,0.107693,0.207352,0.074482,0.193987,0.234826,0.130117,0.272952,0.127078,0.167449,0.145879,0.177477,0.122286,0.191711,0.199841,0.264551,0.005482,0.097750,-0.006351,-0.001349,0.155457,-0.005379,0.029706,0.202175,0.266408,0.306052,0.119104,0.069638,0.260485,0.171469,0.110739,0.233104,0.207243,0.182960,0.083264,0.197694,0.163687,0.159794,0.133970,-0.042381,0.205167,0.076708,0.076721,0.054406,0.131711,0.066627,0.268042,0.137291,-0.131694,0.264617,0.148052,0.206791,0.205432,0.134938,-0.014976,0.074905,0.132024,0.053607,0.142225,0.207897,0.135944,0.275987,0.195759,0.112923,0.309320,0.079369,0.057784,0.126825,0.039075,0.144103,#
18,0.267770,-0.063565,0.054108,0.249855,0.168507,0.026744,0.122297,-0.016213,0.114533,-0.070245,0.158923,0.105441,0.225092,0.121855,0.229764,0.180400,0.149036,0.126292,1.000000,0.132741,0.230227,0.122793,0.036424,0.365290,0.157896,0.121451,0.093895,0.275277,0.092829,0.078774,0.013959,-0.029139,0.205731,0.100874,0.213267,0.237286,0.230686,0.069204,0.108315,0.347983,0.135772,0.187876,0.170370,0.142244,0.140242,0.090708,0.045831,0.004707,0.016490,0.249168,0.187648,0.037503,0.135216,0.181666,0.112639,0.161382,0.114076,0.075220,0.003579,-0.041123,0.062400,0.019733,0.203953,0.099022,0.198916,0.116013,0.276059,0.173036,-0.012804,-0.002527,-0.052311,0.013312,0.044656,-0.067597,0.060501,0.168615,0.059230,0.150795,0.105019,0.063481,0.226871,0.013737,0.091651,0.218843,0.111579,-0.032543,0.205360,0.032082,0.186129,0.088459,0.196820,0.002805,0.068200,0.195337,0.086983,0.301825,0.319745,0.082998,0.131269,0.247595,0.060043,0.149469,0.157766,0.161658,0.260150,0.113332,0.144050,0.112775,0.104164,0.142999,0.220816,0.230689,0.164017,0.058230,0.065393,0.112092,0.081630,-0.199095,0.055748,0.137521,0.173906,0.162510,0.098766,-0.011184,0.150869,-0.028189,0.200166,0.110354,0.151399,0.093506,0.142404,0.228536,0.051671,0.108930,0.150787,-0.107343,0.008918,0.202549,0.031562,0.148356,0.145346,0.056145,0.141524,0.095968,0.135971,0.187757,0.012977,0.068969,-0.000050,0.006640,0.006132,0.134006,0.052119,0.083178,0.124819,0.202206,0.248022,0.014797,-0.063664,0.339336,0.162216,0.156866,0.174564,0.122809,0.094607,0.207889,0.170228,0.109626,0.035500,0.199876,-0.060136,0.067562,0.180050,0.101616,-0.051788,0.266861,0.262455,0.172054,0.242457,-0.045645,0.059659,0.049958,0.248537,0.041962,0.114626,0.029244,0.284250,0.154941,0.011507,0.063977,0.033590,0.211101,0.217652,0.050087,0.154874,0.016700,0.036473,0.207828,0.248103,0.048271,#
19,0.235510,0.116133,0.168086,0.208134,0.314637,0.203449,0.005276,0.142986,0.198281,0.312506,0.205523,-0.061940,0.263920,0.293198,0.394106,0.185026,0.311813,0.215136,0.132741,1.000000,0.247979,0.108591,0.197333,0.185286,0.030681,0.342336,0.316032,0.222826,0.161076,0.294746,0.122852,0.263393,0.199128,0.196312,0.186536,0.318671,0.064403,0.004580,0.299983,0.171988,0.180388,0.247422,0.040655,0.085016,0.121883,0.321453,0.269473,0.292569,0.056976,0.253828,0.252525,0.205412,0.103394,0.341934,0.202754,0.353742,0.249859,0.130033,0.150089,0.108762,0.208997,0.259127,0.263777,0.281642,0.355832,0.115519,0.201171,0.228504,0.093799,0.244274,0.208393,0.181175,0.211912,0.074447,0.269372,0.413292,0.156905,0.338275,0.379285,0.174681,0.309232,0.308430,0.233732,0.165392,0.362411,0.063467,0.160080,0.232175,0.204463,0.052329,0.035065,0.201455,0.277629,0.169590,0.127858,0.290790,0.275750,0.211940,0.019302,0.096292,0.172030,0.191555,0.283894,0.229019,0.319623,0.339746,0.161826,0.393900,0.075536,0.057465,0.176587,0.168829,0.209224,0.275521,0.247885,0.200559,0.224260,0.293806,0.171401,-0.018114,0.407452,0.367484,0.243159,0.334383,0.381920,0.066978,0.289198,0.197319,0.049223,0.349904,0.105512,-0.004852,0.259915,0.161954,0.280003,0.234956,0.123247,0.402040,0.186760,0.082368,0.135656,0.312501,0.290946,0.132228,0.141512,0.246995,0.095759,0.258774,0.189595,0.019665,0.153598,0.251261,0.152323,0.295278,0.319826,0.171352,0.221178,-0.003697,0.183001,0.133069,0.306278,0.250756,0.249735,0.268369,0.263851,0.166785,0.101724,0.113853,0.263634,0.122675,0.197656,0.246494,0.339045,0.195102,0.082283,0.176639,0.321602,0.243014,0.173293,0.039255,0.052974,0.231610,0.361973,0.233675,0.160621,0.225004,0.208214,0.205232,0.172457,0.194075,0.361670,0.235176,0.016918,0.149671,0.301126,0.175917,0.093725,0.174479,0.261801,0.326277,#
20,0.135172,0.020289,0.298054,0.197436,0.360593,0.100301,0.203812,0.066116,0.159678,0.080952,0.038690,0.091558,0.096250,0.175984,0.163988,0.059956,0.127740,0.279840,0.230227,0.247979,1.000000,0.193333,0.068799,0.193533,0.187710,0.290554,0.137027,0.142327,0.084053,0.171839,0.007396,-0.038794,0.130643,0.128369,0.067153,0.131343,0.204538,0.134264,0.142550,0.198624,0.197052,0.299287,0.033425,-0.057916,0.182775,0.237230,0.307814,0.047272,0.033551,0.112675,-0.037797,0.149267,0.036645,0.267558,0.194201,0.126568,0.183070,0.198865,0.090780,-0.055866,0.178699,0.166215,0.232725,0.115350,0.116585,0.084676,0.161291,0.164137,0.271769,0.196144,0.239193,0.272772,0.241850,0.090084,0.020978,-0.004492,0.106731,0.263928,0.166230,0.072468,0.207698,0.107907,0.247045,-0.063569,0.227608,0.136102,0.149495,0.100437,0.284260,0.052182,0.100948,0.238740,0.180874,0.207441,0.197024,0.118593,0.219965,0.229088,0.082189,-0.002311,0.196287,0.067238,0.195903,0.104161,0.124717,0.152118,0.042045,0.180144,0.062263,0.226770,0.242994,0.282360,0.115685,0.183358,0.037941,0.260295,0.253570,0.055693,-0.107686,0.154703,0.049493,0.206045,-0.002233,0.037160,0.196431,0.001000,0.210327,0.175889,0.202878,0.205522,0.171640,0.066616,0.164784,0.038997,0.243164,0.052579,0.209203,0.166968,0.142002,0.065319,0.214846,0.109727,0.198160,0.204203,0.220762,0.163864,-0.017323,0.149075,0.141680,0.103319,0.224898,0.120687,0.027144,0.176173,0.200581,0.120669,0.077739,-0.005809,0.080120,0.330029,0.180086,0.259194,0.219805,0.180269,0.185172,0.090037,-0.059825,0.188396,0.056387,0.019691,0.153631,0.059108,0.048957,0.075186,0.073728,0.159679,0.103000,0.097909,0.252604,0.145179,0.037942,0.139971,0.075370,0.149780,0.127411,-0.101117,0.186070,0.120805,0.129715,0.341922,0.028002,0.190679,0.126316,0.148512,0.232459,0.164252,0.048737,0.218935,0.201836,0.225871,#
