0,1.000000,0.712735,0.751924,0.687343,0.598877,0.730501,0.689556,0.721758,0.688633,0.691794,0.708592,0.762504,0.704138,0.625570,0.728245,0.682302,0.703655,0.741814,0.715115,0.675718,0.674713,0.668569,0.689416,0.697318,0.655697,0.686282,0.723750,0.724101,0.622951,0.686921,0.722887,0.664408,0.658286,0.621327,0.719386,0.688081,0.724527,0.716258,0.706267,0.753426,0.687344,0.665890,0.717938,0.736598,0.681796,0.653525,0.740734,0.719588,0.654398,0.742589,0.713920,0.642629,0.741522,0.740892,0.682626,0.737530,0.707851,0.759090,0.695118,0.734976,0.763517,0.640966,0.718186,0.713140,0.688091,0.734819,0.737005,0.754870,0.714713,0.643994,0.740554,0.715038,0.781133,0.723464,0.715827,0.713397,0.702049,0.733328,0.707699,0.699893,0.789874,0.717816,0.707852,0.761449,0.702731,0.757152,0.716642,0.645595,0.606201,0.694041,0.690347,0.677144,0.682536,0.729906,0.683031,0.711527,0.621002,0.660554,0.729891,0.721668,0.699837,0.721552,0.638574,0.675606,0.715300,0.663192,0.649932,0.726621,0.736340,0.689920,0.750778,0.675936,0.750928,0.624002,0.695796,0.785045,0.627934,0.671211,0.684764,0.678367,0.655809,0.811240,0.695825,0.772040,0.674842,0.689376,0.669095,0.691697,0.661374,0.659831,0.681786,0.710601,0.701240,0.675453,0.705462,0.668860,0.691055,0.750042,0.672390,0.705743,0.666890,0.690219,0.638688,0.768727,0.754954,0.624178,0.711098,0.645253,0.720316,0.696854,0.691228,0.655740,0.700370,0.647330,0.680341,0.651970,0.656849,0.726888,0.745341,0.729566,0.716093,0.751607,0.673208,0.706259,0.692996,0.737611,0.746091,0.669732,0.670544,0.736585,0.713496,0.681719,0.706731,0.759023,0.780067,0.627227,0.668432,0.702569,0.721645,0.721575,0.664325,0.742110,0.625602,0.672510,0.686885,0.648397,0.726832,0.713955,0.705019,0.744002,0.709807,0.732999,0.666613,0.688255,0.663017,0.667621,0.663462,0.726752,0.751883,0.709129,#
1,0.712735,1.000000,0.731939,0.746792,0.689068,0.774531,0.654021,0.673908,0.710729,0.725273,0.714882,0.697981,0.703536,0.723478,0.736816,0.676172,0.672117,0.681906,0.708820,0.725020,0.749092,0.782882,0.752263,0.750114,0.681642,0.663418,0.784344,0.739157,0.625373,0.644556,0.777246,0.726859,0.723403,0.721199,0.743190,0.773650,0.624725,0.766580,0.740513,0.748230,0.670743,0.661929,0.654255,0.701399,0.675436,0.707556,0.754290,0.706571,0.759363,0.739455,0.711644,0.747560,0.737902,0.693838,0.748072,0.741204,0.688808,0.753966,0.758388,0.715103,0.694026,0.735480,0.617683,0.666751,0.715680,0.735691,0.768145,0.755154,0.746916,0.743133,0.735379,0.738170,0.826956,0.668667,0.708719,0.751629,0.691572,0.743324,0.697325,0.717526,0.778280,0.716668,0.790269,0.772104,0.733260,0.724104,0.698463,0.676915,0.716985,0.719801,0.721779,0.657404,0.730172,0.724240,0.633766,0.634196,0.679258,0.679791,0.715824,0.758385,0.709881,0.786402,0.678248,0.711486,0.722036,0.673310,0.663134,0.742230,0.713173,0.672639,0.724551,0.708887,0.715445,0.645268,0.669654,0.696677,0.708206,0.745057,0.690794,0.631419,0.773332,0.728207,0.657361,0.749723,0.637556,0.667841,0.716398,0.715124,0.739564,0.743838,0.696234,0.744855,0.666811,0.759848,0.736676,0.667697,0.668565,0.704558,0.714641,0.653180,0.744435,0.703451,0.684795,0.725273,0.699120,0.694981,0.732395,0.672647,0.733137,0.699584,0.743577,0.713118,0.716702,0.651765,0.710142,0.659034,0.707592,0.747946,0.684487,0.706907,0.694459,0.767171,0.730667,0.751760,0.735463,0.694049,0.717618,0.712769,0.619042,0.717066,0.731519,0.661963,0.713908,0.771071,0.745972,0.637554,0.688226,0.779962,0.693664,0.721086,0.702182,0.718109,0.659736,0.695588,0.667354,0.754189,0.723683,0.611146,0.719176,0.724430,0.737645,0.684492,0.656007,0.729019,0.758712,0.659965,0.661657,0.717707,0.691619,0.696809,#
2,0.751924,0.731939,1.000000,0.716825,0.623360,0.734709,0.677231,0.720681,0.685189,0.728003,0.714390,0.662345,0.646229,0.645739,0.700125,0.645167,0.680887,0.731314,0.671669,0.700298,0.663254,0.701180,0.641292,0.725643,0.675088,0.647447,0.762800,0.770733,0.697541,0.678402,0.732996,0.710142,0.711652,0.690969,0.683341,0.731454,0.713907,0.722845,0.778802,0.725947,0.694034,0.711309,0.662161,0.666057,0.649643,0.674917,0.797143,0.652826,0.712897,0.800875,0.692391,0.663194,0.703036,0.752059,0.774488,0.713131,0.696546,0.728547,0.662738,0.726853,0.757548,0.719443,0.679024,0.759780,0.704923,0.733014,0.787429,0.684454,0.726592,0.721899,0.772467,0.690362,0.804090,0.691954,0.727387,0.749580,0.732881,0.744476,0.699515,0.763778,0.762239,0.747961,0.736108,0.753955,0.730556,0.739687,0.740366,0.748574,0.711318,0.692404,0.749358,0.714449,0.721155,0.666822,0.739807,0.670948,0.624586,0.666546,0.809090,0.763633,0.694327,0.671142,0.639222,0.677949,0.695180,0.759980,0.699400,0.664391,0.769770,0.704166,0.730565,0.634983,0.756295,0.638352,0.679323,0.679447,0.652064,0.654934,0.750307,0.621724,0.709354,0.735078,0.652673,0.729818,0.688510,0.702466,0.694855,0.690275,0.710450,0.731431,0.732086,0.780908,0.730747,0.771570,0.722959,0.695306,0.657531,0.696859,0.675570,0.655717,0.757584,0.695655,0.654816,0.695583,0.707657,0.740233,0.695872,0.696033,0.715868,0.677711,0.719786,0.675895,0.708315,0.676813,0.651586,0.708068,0.707474,0.684671,0.644923,0.689871,0.682093,0.664550,0.721665,0.710156,0.658647,0.735977,0.787963,0.659670,0.645392,0.683412,0.726670,0.649749,0.684916,0.687794,0.730055,0.636921,0.669686,0.746950,0.711869,0.706996,0.677997,0.762777,0.609578,0.735732,0.667987,0.705101,0.685994,0.654892,0.732153,0.714019,0.711919,0.683321,0.724236,0.702678,0.692566,0.739201,0.672204,0.765210,0.657524,0.697579,#
3,0.687343,0.746792,0.716825,1.000000,0.680811,0.706711,0.670609,0.679188,0.677250,0.712974,0.663229,0.678644,0.705572,0.633762,0.675074,0.686911,0.650645,0.684881,0.682644,0.651737,0.691253,0.736263,0.633551,0.662948,0.721399,0.684884,0.707883,0.708365,0.674806,0.602615,0.698902,0.725355,0.662237,0.722900,0.700140,0.689535,0.630265,0.704931,0.636679,0.744025,0.686468,0.673466,0.650607,0.648789,0.654430,0.701323,0.764847,0.688583,0.767347,0.719027,0.707620,0.608458,0.696805,0.661662,0.725338,0.696162,0.598528,0.700683,0.777281,0.707231,0.688725,0.687866,0.616576,0.675535,0.723280,0.734844,0.697966,0.684829,0.681531,0.691561,0.705909,0.732890,0.764815,0.713630,0.686604,0.666366,0.665021,0.706831,0.695689,0.720557,0.747322,0.654791,0.688768,0.757954,0.696612,0.702699,0.692112,0.647563,0.652130,0.692783,0.643653,0.660886,0.718665,0.711052,0.671696,0.683908,0.616811,0.607513,0.671215,0.716137,0.664400,0.662908,0.593355,0.643449,0.691860,0.686308,0.674019,0.715874,0.667326,0.664641,0.646186,0.669736,0.672505,0.645254,0.681837,0.704723,0.645310,0.664864,0.680496,0.605914,0.633349,0.698065,0.592957,0.710023,0.648073,0.672484,0.701039,0.679865,0.670253,0.713615,0.650325,0.720456,0.637840,0.740961,0.744517,0.695099,0.730118,0.669481,0.659805,0.630155,0.680127,0.671840,0.632033,0.662788,0.658259,0.731044,0.646956,0.661979,0.673181,0.614595,0.636987,0.654708,0.672410,0.625630,0.667502,0.609872,0.721518,0.714470,0.632806,0.698417,0.727069,0.718201,0.662564,0.738427,0.669145,0.693051,0.673573,0.609061,0.660249,0.662315,0.727363,0.681751,0.668004,0.700998,0.677798,0.673650,0.664028,0.677297,0.722792,0.653088,0.625430,0.736242,0.617892,0.660719,0.619064,0.668590,0.653730,0.589318,0.760258,0.724403,0.644611,0.652908,0.653885,0.661956,0.681569,0.678848,0.679962,0.708004,0.647762,0.691170,#
4,0.598877,0.689068,0.623360,0.680811,1.000000,0.680973,0.704819,0.591937,0.559141,0.634153,0.624709,0.646536,0.570740,0.617885,0.601486,0.675379,0.592347,0.672980,0.606542,0.662171,0.637213,0.649164,0.595138,0.657742,0.658616,0.551265,0.664259,0.633196,0.597131,0.561612,0.739769,0.612850,0.662626,0.560929,0.605347,0.647151,0.546882,0.672766,0.591543,0.704100,0.595331,0.603586,0.601122,0.676116,0.612062,0.625823,0.688714,0.605261,0.639268,0.670877,0.669067,0.607413,0.659705,0.555846,0.670121,0.671659,0.566090,0.655101,0.699531,0.666447,0.616641,0.694735,0.587443,0.592361,0.669544,0.720083,0.710900,0.603711,0.627779,0.655347,0.699734,0.699056,0.674843,0.588862,0.595026,0.651292,0.623341,0.665901,0.665365,0.649657,0.638158,0.630841,0.661006,0.646137,0.681298,0.595616,0.593096,0.555782,0.628979,0.686990,0.594925,0.557204,0.565856,0.639760,0.566691,0.619156,0.630027,0.542115,0.602853,0.641575,0.683030,0.700098,0.583394,0.612601,0.658897,0.585560,0.663519,0.656846,0.646762,0.626633,0.591559,0.633230,0.655123,0.675519,0.622396,0.654080,0.575597,0.719416,0.592746,0.561526,0.654742,0.617256,0.661290,0.682613,0.596734,0.652256,0.626207,0.601270,0.700434,0.686273,0.734549,0.672173,0.571648,0.652739,0.698192,0.656978,0.642053,0.638203,0.611807,0.575501,0.605536,0.682357,0.604678,0.642447,0.603053,0.620270,0.664423,0.578022,0.598895,0.639059,0.626486,0.708014,0.591092,0.541449,0.669839,0.602707,0.664232,0.628220,0.664477,0.621653,0.562113,0.667779,0.683664,0.671633,0.650314,0.637098,0.663748,0.578171,0.550484,0.656481,0.617898,0.604258,0.637653,0.633563,0.715242,0.609914,0.606494,0.662827,0.665324,0.640098,0.698175,0.639262,0.642402,0.611151,0.669413,0.644914,0.602968,0.670434,0.618034,0.590079,0.594855,0.583049,0.606142,0.640843,0.660710,0.525807,0.589722,0.659793,0.646980,0.597178,#
5,0.730501,0.774531,0.734709,0.706711,0.680973,1.000000,0.648761,0.702284,0.670896,0.690723,0.645032,0.681999,0.653734,0.664834,0.692912,0.666965,0.663104,0.699210,0.714921,0.739954,0.669626,0.657385,0.629811,0.701357,0.692849,0.704643,0.750120,0.764651,0.581954,0.672036,0.733284,0.733365,0.701638,0.709628,0.676528,0.743073,0.684825,0.683184,0.694992,0.715131,0.667052,0.667876,0.611503,0.681110,0.685389,0.682548,0.740406,0.722407,0.724477,0.730854,0.731874,0.612418,0.708390,0.724555,0.720863,0.801062,0.659680,0.716455,0.743952,0.751261,0.659347,0.672034,0.675966,0.728148,0.680208,0.684218,0.728217,0.692537,0.701902,0.743203,0.779380,0.710193,0.791307,0.678607,0.710262,0.666556,0.681850,0.740811,0.688827,0.688746,0.740718,0.721227,0.740270,0.728472,0.688813,0.702436,0.663087,0.650732,0.708572,0.709395,0.689171,0.622675,0.673490,0.722446,0.635838,0.561613,0.686170,0.639549,0.754961,0.654501,0.740104,0.717291,0.736330,0.695791,0.703728,0.696021,0.694724,0.714600,0.676351,0.695468,0.681519,0.715107,0.704590,0.606472,0.604589,0.681447,0.708726,0.737492,0.668084,0.628151,0.662992,0.732700,0.675755,0.787981,0.649404,0.688646,0.740337,0.644003,0.730313,0.690372,0.688355,0.772538,0.720460,0.752424,0.734283,0.646436,0.641350,0.727918,0.639618,0.630046,0.684020,0.660023,0.681317,0.703466,0.795319,0.639748,0.672267,0.665437,0.694324,0.744401,0.735465,0.718292,0.700957,0.655076,0.685688,0.624131,0.723969,0.701074,0.690382,0.692381,0.691304,0.743573,0.707289,0.711127,0.730410,0.666557,0.657097,0.688394,0.624354,0.671995,0.741439,0.675166,0.693818,0.683753,0.711699,0.634348,0.666144,0.748807,0.733250,0.719407,0.693317,0.718013,0.572859,0.668822,0.660205,0.708333,0.662810,0.676323,0.762385,0.730608,0.672339,0.738831,0.643101,0.731677,0.665973,0.667798,0.620496,0.745891,0.680517,0.660295,#
6,0.689556,0.654021,0.677231,0.670609,0.704819,0.648761,1.000000,0.620767,0.680020,0.742794,0.680008,0.697812,0.631679,0.681388,0.615963,0.751551,0.701290,0.753389,0.680225,0.667567,0.707596,0.666145,0.613643,0.664680,0.733401,0.695221,0.710232,0.727030,0.621142,0.687600,0.738371,0.728430,0.696646,0.676825,0.652318,0.720778,0.704360,0.721707,0.664359,0.718484,0.696825,0.681674,0.735433,0.706740,0.680044,0.581178,0.734909,0.717925,0.726863,0.750656,0.713362,0.672938,0.708887,0.598108,0.701577,0.693546,0.677965,0.751022,0.731440,0.658198,0.746382,0.729543,0.647169,0.665454,0.745632,0.740459,0.778774,0.733084,0.746489,0.663737,0.749197,0.758892,0.733789,0.661876,0.656415,0.711161,0.730473,0.768196,0.744531,0.689318,0.738547,0.710526,0.662320,0.783623,0.738325,0.657911,0.692354,0.664283,0.680915,0.684984,0.658804,0.665600,0.625068,0.705380,0.629730,0.679311,0.648683,0.673024,0.697340,0.700748,0.717181,0.729965,0.662341,0.661707,0.731122,0.626797,0.708849,0.683324,0.731830,0.656704,0.642184,0.647946,0.675501,0.666091,0.602437,0.692923,0.593030,0.694417,0.640597,0.662145,0.654224,0.654052,0.635623,0.750162,0.686720,0.666091,0.625227,0.691158,0.671143,0.658947,0.740199,0.704765,0.644446,0.665262,0.704213,0.671812,0.703519,0.689687,0.724665,0.714200,0.698516,0.692924,0.597930,0.685199,0.683072,0.710619,0.718478,0.706787,0.654412,0.655871,0.648667,0.707963,0.623668,0.629768,0.637882,0.634279,0.672317,0.595273,0.660583,0.746231,0.688112,0.720538,0.664127,0.686977,0.712346,0.730103,0.738279,0.569245,0.659360,0.694249,0.689530,0.707093,0.636401,0.654294,0.703144,0.686902,0.660015,0.711134,0.695044,0.722397,0.683617,0.724777,0.662064,0.704730,0.664435,0.662385,0.688656,0.646269,0.682654,0.679082,0.682810,0.678667,0.653590,0.654793,0.692479,0.723601,0.707712,0.727092,0.689824,0.698364,#
7,0.721758,0.673908,0.720681,0.679188,0.591937,0.702284,0.620767,1.000000,0.660100,0.622728,0.650604,0.637701,0.674466,0.640707,0.701581,0.609663,0.629844,0.695986,0.665194,0.654323,0.673293,0.621643,0.702283,0.632150,0.667623,0.673265,0.691275,0.668217,0.600580,0.705654,0.672807,0.652212,0.634352,0.635148,0.682616,0.688360,0.634274,0.689884,0.676987,0.701089,0.668126,0.695689,0.605700,0.664537,0.626488,0.644264,0.719539,0.719118,0.718787,0.680602,0.687472,0.639385,0.688792,0.698742,0.728382,0.682194,0.679245,0.678810,0.734062,0.760323,0.615179,0.674430,0.692116,0.680442,0.682273,0.714350,0.761375,0.644500,0.699763,0.596074,0.738760,0.624775,0.733524,0.700443,0.691924,0.706098,0.677509,0.697900,0.596203,0.648143,0.762538,0.646585,0.723495,0.723507,0.658825,0.693064,0.718685,0.638746,0.660336,0.668412,0.676353,0.678235,0.647230,0.665174,0.668696,0.650468,0.644395,0.672899,0.717622,0.655385,0.689501,0.668075,0.614017,0.604425,0.716427,0.621755,0.661708,0.702539,0.714872,0.633504,0.739176,0.649679,0.726622,0.607250,0.632710,0.701953,0.606165,0.653281,0.670382,0.652910,0.690899,0.665637,0.625143,0.703675,0.687005,0.707823,0.649595,0.678891,0.616849,0.668890,0.682515,0.709397,0.686637,0.648611,0.701211,0.697821,0.669475,0.730020,0.611276,0.641034,0.636017,0.648859,0.668173,0.671971,0.711777,0.628080,0.702735,0.574046,0.644629,0.633805,0.649270,0.651278,0.675492,0.543304,0.623470,0.677552,0.688354,0.710607,0.677999,0.675000,0.673224,0.653985,0.734349,0.660968,0.692966,0.662913,0.711026,0.599883,0.563066,0.646046,0.736766,0.602935,0.654061,0.717491,0.667898,0.588335,0.603628,0.612681,0.703697,0.689351,0.644709,0.697818,0.637230,0.694636,0.614259,0.662678,0.684975,0.609761,0.706313,0.705888,0.666908,0.661728,0.624949,0.645514,0.690635,0.654419,0.660986,0.746496,0.699285,0.653289,#
8,0.688633,0.710729,0.685189,0.677250,0.559141,0.670896,0.680020,0.660100,1.000000,0.708049,0.677281,0.681800,0.669011,0.682787,0.667128,0.705913,0.629797,0.713859,0.603400,0.679913,0.682200,0.693807,0.623849,0.658091,0.710267,0.654819,0.689288,0.637408,0.658232,0.619397,0.705974,0.699674,0.619471,0.624810,0.656642,0.756637,0.661441,0.705230,0.632063,0.683568,0.607914,0.603637,0.760398,0.640691,0.618378,0.596596,0.686508,0.638615,0.697183,0.674945,0.723725,0.652832,0.648196,0.690867,0.676058,0.713007,0.674746,0.701825,0.657917,0.652239,0.699772,0.676332,0.715119,0.697440,0.733467,0.730971,0.714937,0.714420,0.765419,0.650855,0.720829,0.725512,0.760062,0.677610,0.692224,0.647830,0.673140,0.728817,0.669912,0.657912,0.732778,0.670454,0.672531,0.710475,0.726001,0.673144,0.644237,0.679412,0.606730,0.618586,0.683809,0.629402,0.613239,0.628595,0.588347,0.622577,0.675903,0.698517,0.775795,0.744502,0.686357,0.619538,0.691299,0.691502,0.639581,0.680464,0.649271,0.661122,0.622846,0.706499,0.632062,0.657519,0.691059,0.596832,0.579234,0.695919,0.613558,0.630156,0.662700,0.693557,0.615724,0.657825,0.611703,0.739971,0.656106,0.696287,0.613395,0.644515,0.699010,0.677036,0.636697,0.708645,0.666674,0.659319,0.692777,0.675478,0.680371,0.676608,0.658067,0.656215,0.675833,0.668230,0.668947,0.616062,0.701295,0.602860,0.637586,0.672430,0.681455,0.669024,0.620876,0.709537,0.609415,0.698160,0.631136,0.598961,0.676364,0.713725,0.723776,0.687580,0.679868,0.638513,0.692608,0.659816,0.629441,0.664227,0.679795,0.650068,0.677227,0.611716,0.685806,0.674549,0.589627,0.680348,0.719984,0.616869,0.642270,0.721182,0.672346,0.654953,0.649639,0.680383,0.642059,0.669394,0.651815,0.633606,0.737007,0.621694,0.662190,0.703461,0.700631,0.691319,0.685514,0.687818,0.666260,0.624035,0.579226,0.690852,0.666803,0.710423,#
9,0.691794,0.725273,0.728003,0.712974,0.634153,0.690723,0.742794,0.622728,0.708049,1.000000,0.698992,0.644659,0.688943,0.720684,0.725358,0.702711,0.676366,0.721543,0.680757,0.636850,0.732244,0.663849,0.613099,0.681616,0.702257,0.615592,0.716777,0.791192,0.632822,0.708072,0.691640,0.734151,0.705197,0.688308,0.671966,0.711084,0.661774,0.693696,0.687537,0.764155,0.707516,0.700424,0.644143,0.671931,0.708689,0.658379,0.710384,0.678970,0.732434,0.732898,0.714771,0.652359,0.629852,0.659280,0.709900,0.698270,0.721897,0.796717,0.650440,0.688801,0.718571,0.722313,0.660061,0.675053,0.665939,0.757270,0.778478,0.708824,0.769303,0.660372,0.723306,0.731658,0.745184,0.681954,0.681660,0.715593,0.733330,0.770255,0.679760,0.780459,0.761680,0.729383,0.704200,0.807070,0.708604,0.688798,0.713361,0.754442,0.697941,0.700032,0.706123,0.631507,0.695156,0.675500,0.677713,0.635128,0.631680,0.621407,0.701884,0.729970,0.758752,0.726459,0.713368,0.697340,0.732439,0.710067,0.672902,0.733207,0.758005,0.728080,0.696548,0.690314,0.705937,0.672625,0.647441,0.744321,0.551946,0.687716,0.653780,0.666488,0.641995,0.731740,0.642573,0.748533,0.693363,0.693986,0.686952,0.669532,0.717218,0.663066,0.679149,0.756234,0.657387,0.694941,0.735215,0.636245,0.709220,0.703710,0.681597,0.650213,0.766643,0.752066,0.703171,0.739112,0.718992,0.742487,0.700123,0.722908,0.712931,0.674379,0.649518,0.666555,0.705730,0.691580,0.662439,0.676003,0.653158,0.714613,0.668323,0.739615,0.736172,0.749740,0.708888,0.696431,0.687302,0.749622,0.697158,0.688017,0.694999,0.661857,0.706087,0.656053,0.665037,0.656759,0.728791,0.721391,0.700339,0.773479,0.656133,0.733607,0.739870,0.710377,0.710339,0.666521,0.657058,0.693945,0.691208,0.663155,0.722416,0.664118,0.705667,0.705280,0.633360,0.665707,0.681261,0.651250,0.714795,0.702725,0.679456,0.687017,#
10,0.708592,0.714882,0.714390,0.663229,0.624709,0.645032,0.680008,0.650604,0.677281,0.698992,1.000000,0.698599,0.685934,0.665071,0.642272,0.662578,0.686294,0.657231,0.724796,0.678232,0.681249,0.668169,0.661692,0.725052,0.661850,0.665747,0.720119,0.735193,0.664084,0.678357,0.699854,0.651724,0.657030,0.685930,0.685928,0.719127,0.708916,0.715978,0.685232,0.686704,0.677902,0.624869,0.693076,0.636051,0.641921,0.674653,0.777198,0.679725,0.687890,0.760284,0.679295,0.694833,0.688809,0.623623,0.714030,0.742593,0.684245,0.776924,0.635546,0.713880,0.713644,0.718238,0.722975,0.693463,0.703850,0.665208,0.759206,0.702956,0.757432,0.676999,0.791652,0.733017,0.773992,0.577037,0.688517,0.752783,0.655516,0.734372,0.699535,0.668947,0.760671,0.674364,0.697911,0.706985,0.686950,0.664043,0.717574,0.643528,0.669076,0.741056,0.628292,0.675542,0.733937,0.616034,0.595308,0.667122,0.638686,0.711038,0.696703,0.717393,0.661697,0.648100,0.653182,0.700060,0.691880,0.683531,0.681120,0.669645,0.681283,0.663250,0.707115,0.633647,0.735388,0.659249,0.634828,0.712860,0.595717,0.682491,0.660065,0.629118,0.671241,0.691650,0.620385,0.736440,0.630189,0.659377,0.677462,0.666331,0.726833,0.693226,0.678015,0.726287,0.644708,0.691349,0.723536,0.783416,0.658733,0.673605,0.711620,0.708368,0.718241,0.707042,0.605926,0.687447,0.660508,0.690098,0.739080,0.676591,0.685745,0.712856,0.611247,0.658934,0.639653,0.636454,0.716519,0.620870,0.702733,0.722957,0.660546,0.646387,0.726029,0.662289,0.667456,0.691966,0.688550,0.663065,0.704957,0.610497,0.647471,0.737019,0.678360,0.715029,0.610388,0.673921,0.747665,0.654768,0.618388,0.698659,0.650774,0.709886,0.642416,0.672673,0.655492,0.650807,0.573983,0.682073,0.707982,0.671232,0.628890,0.700230,0.678616,0.618274,0.644521,0.725836,0.676362,0.659774,0.659151,0.700191,0.676984,0.735544,#
11,0.762504,0.697981,0.662345,0.678644,0.646536,0.681999,0.697812,0.637701,0.681800,0.644659,0.698599,1.000000,0.697271,0.676493,0.709644,0.692427,0.689095,0.743753,0.756574,0.691892,0.657807,0.638882,0.704023,0.691318,0.721814,0.654114,0.703745,0.673127,0.690822,0.614522,0.718594,0.718726,0.703664,0.656144,0.609634,0.707223,0.711774,0.752568,0.657753,0.684631,0.693591,0.604737,0.699360,0.645072,0.637659,0.590315,0.746816,0.741452,0.669648,0.742794,0.683779,0.619489,0.742456,0.646089,0.708715,0.716392,0.618728,0.777498,0.697808,0.734372,0.682661,0.650579,0.745498,0.663812,0.705439,0.706021,0.703631,0.708800,0.749199,0.679721,0.749550,0.682448,0.751744,0.705060,0.749496,0.691233,0.723432,0.746519,0.676576,0.638206,0.711748,0.679392,0.726079,0.727780,0.758396,0.661185,0.626787,0.637389,0.605151,0.636686,0.679371,0.642551,0.641040,0.666353,0.579946,0.681253,0.648612,0.687735,0.705757,0.713367,0.674843,0.708246,0.699700,0.687138,0.706854,0.662061,0.697568,0.727672,0.736515,0.660899,0.732884,0.721927,0.708982,0.614847,0.613494,0.712134,0.657513,0.633302,0.658073,0.710426,0.613902,0.672417,0.655022,0.750145,0.686535,0.698692,0.708944,0.719626,0.704078,0.715130,0.726523,0.683250,0.721495,0.704483,0.729589,0.714401,0.723046,0.710716,0.691588,0.656400,0.647039,0.643339,0.656878,0.709759,0.692955,0.624124,0.748238,0.665540,0.694374,0.687864,0.659467,0.665361,0.656266,0.706223,0.703209,0.624279,0.703663,0.656909,0.673405,0.680915,0.739766,0.723304,0.739556,0.717204,0.733172,0.690097,0.742049,0.590108,0.660598,0.761013,0.716965,0.666201,0.719997,0.769954,0.727199,0.642258,0.675438,0.685963,0.688448,0.696727,0.686746,0.659105,0.688359,0.655663,0.685232,0.603508,0.718293,0.711098,0.632656,0.640033,0.689098,0.719816,0.643085,0.684964,0.639627,0.663898,0.667438,0.676590,0.699129,0.640394,#
12,0.704138,0.703536,0.646229,0.705572,0.570740,0.653734,0.631679,0.674466,0.669011,0.688943,0.685934,0.697271,1.000000,0.676489,0.696377,0.665607,0.629579,0.693205,0.727022,0.626432,0.677376,0.600320,0.675736,0.709856,0.690869,0.706012,0.662353,0.696417,0.618934,0.621649,0.687768,0.659128,0.650318,0.687926,0.689401,0.691897,0.653370,0.722577,0.685995,0.669482,0.580189,0.569279,0.623449,0.632728,0.682159,0.666767,0.755150,0.681579,0.712800,0.726859,0.748307,0.578183,0.634322,0.664985,0.701158,0.725859,0.657503,0.680526,0.679298,0.678524,0.652451,0.657225,0.692006,0.630113,0.698098,0.709180,0.680872,0.677899,0.742800,0.660218,0.703641,0.700918,0.734580,0.671027,0.710968,0.679379,0.672370,0.717679,0.689174,0.697477,0.735639,0.657533,0.712453,0.719907,0.656310,0.697309,0.623280,0.675940,0.603062,0.634907,0.719123,0.621034,0.712455,0.644512,0.572124,0.656245,0.663881,0.616072,0.656943,0.665421,0.623078,0.717765,0.650815,0.652114,0.648151,0.634384,0.629268,0.674186,0.724844,0.680035,0.672686,0.674570,0.694501,0.575863,0.725713,0.706808,0.519223,0.592630,0.675617,0.652626,0.624854,0.712794,0.613871,0.715057,0.646882,0.732947,0.687354,0.641444,0.652799,0.653968,0.587013,0.620963,0.607147,0.663087,0.646830,0.664324,0.622381,0.683514,0.614239,0.594942,0.693074,0.650555,0.627400,0.717785,0.608995,0.642577,0.695926,0.627745,0.657687,0.671803,0.681389,0.591908,0.692972,0.581500,0.637950,0.681773,0.689324,0.730132,0.717418,0.647784,0.667040,0.721056,0.687981,0.672409,0.727342,0.619574,0.650178,0.690828,0.613381,0.677869,0.699325,0.597222,0.669070,0.692463,0.685478,0.601149,0.715910,0.700953,0.619754,0.638330,0.651620,0.709824,0.636154,0.610367,0.569658,0.601471,0.657429,0.644411,0.730764,0.690336,0.643035,0.666463,0.565724,0.651851,0.610027,0.688227,0.644664,0.715936,0.714303,0.638071,#
13,0.625570,0.723478,0.645739,0.633762,0.617885,0.664834,0.681388,0.640707,0.682787,0.720684,0.665071,0.676493,0.676489,1.000000,0.653262,0.623652,0.582835,0.733010,0.708759,0.659012,0.687352,0.625471,0.705754,0.647214,0.691186,0.655769,0.650637,0.701485,0.648597,0.747611,0.646910,0.656901,0.696300,0.716995,0.559124,0.686774,0.654932,0.744226,0.651674,0.724738,0.746920,0.630615,0.683645,0.630930,0.690628,0.665666,0.699752,0.697185,0.731114,0.718647,0.707801,0.683940,0.637457,0.645135,0.733448,0.760722,0.693687,0.746575,0.702220,0.715201,0.688250,0.688535,0.643815,0.710087,0.734510,0.750404,0.726824,0.714057,0.761324,0.646160,0.702925,0.696985,0.746945,0.691828,0.672289,0.662228,0.719089,0.739619,0.721564,0.674717,0.728931,0.677888,0.698948,0.772514,0.687537,0.740369,0.635350,0.629774,0.713865,0.644490,0.644342,0.678451,0.653817,0.684659,0.611627,0.605526,0.653129,0.639333,0.694050,0.704104,0.676570,0.711611,0.740281,0.689057,0.716609,0.709300,0.666892,0.722290,0.670378,0.686702,0.679891,0.661079,0.703066,0.632337,0.633972,0.709103,0.579334,0.660489,0.707938,0.624615,0.698645,0.666458,0.641929,0.663480,0.657507,0.689780,0.709086,0.650877,0.683932,0.651479,0.695585,0.656194,0.657387,0.706613,0.677763,0.667845,0.654815,0.711307,0.737267,0.621490,0.720516,0.712489,0.696191,0.646794,0.661517,0.647618,0.705981,0.670837,0.695768,0.665488,0.702885,0.682760,0.627388,0.669249,0.624308,0.621387,0.727318,0.675420,0.709988,0.659311,0.709037,0.698583,0.691719,0.702213,0.705524,0.666603,0.695978,0.631194,0.669605,0.669130,0.706117,0.708048,0.717920,0.719026,0.743982,0.690174,0.683284,0.720716,0.697046,0.704532,0.691340,0.677001,0.727843,0.633046,0.666317,0.702244,0.632895,0.661437,0.659078,0.694021,0.700660,0.678821,0.638759,0.690480,0.686708,0.660783,0.664353,0.714248,0.702469,0.632046,#
14,0.728245,0.736816,0.700125,0.675074,0.601486,0.692912,0.615963,0.701581,0.667128,0.725358,0.642272,0.709644,0.696377,0.653262,1.000000,0.642738,0.664995,0.680209,0.655915,0.656826,0.655902,0.649361,0.678025,0.735587,0.664357,0.591393,0.704955,0.666730,0.614378,0.663537,0.741257,0.633276,0.646538,0.630968,0.723729,0.716679,0.620952,0.709246,0.717644,0.677119,0.679849,0.628998,0.635276,0.666303,0.644909,0.665152,0.718187,0.633675,0.680954,0.681229,0.652979,0.666531,0.643519,0.695775,0.703264,0.689391,0.646002,0.669728,0.696109,0.663849,0.667510,0.708083,0.692124,0.640825,0.683575,0.679575,0.702630,0.661150,0.737630,0.671183,0.701071,0.643499,0.753610,0.695307,0.723716,0.681609,0.629904,0.737154,0.641988,0.652229,0.711572,0.660240,0.728761,0.717426,0.687673,0.703708,0.605353,0.598000,0.674693,0.592828,0.676212,0.587437,0.675850,0.755079,0.688220,0.644780,0.636654,0.630492,0.676455,0.687952,0.681079,0.689954,0.673848,0.609443,0.713000,0.683815,0.626937,0.638374,0.770267,0.673543,0.700911,0.701817,0.735138,0.610866,0.578240,0.689186,0.567526,0.601713,0.656753,0.677315,0.650977,0.721121,0.621035,0.694053,0.668402,0.592780,0.688135,0.688847,0.628502,0.660070,0.599953,0.725632,0.609267,0.639242,0.686114,0.663012,0.724516,0.675495,0.646761,0.628374,0.680007,0.697499,0.612997,0.705898,0.660676,0.679709,0.748076,0.604480,0.666534,0.594568,0.695595,0.672444,0.652944,0.648260,0.656438,0.648470,0.643219,0.675372,0.610630,0.668918,0.698353,0.655640,0.709706,0.624516,0.710587,0.638838,0.642930,0.638351,0.562200,0.702484,0.664548,0.595002,0.681826,0.702727,0.745752,0.621149,0.646200,0.682654,0.653858,0.691501,0.638328,0.687151,0.654028,0.653673,0.672349,0.638807,0.723985,0.664361,0.704778,0.625183,0.677096,0.659862,0.658398,0.680258,0.609602,0.626752,0.644162,0.704512,0.621463,0.580738,#
15,0.682302,0.676172,0.645167,0.686911,0.675379,0.666965,0.751551,0.609663,0.705913,0.702711,0.662578,0.692427,0.665607,0.623652,0.642738,1.000000,0.635863,0.710434,0.693100,0.647682,0.637083,0.697873,0.647060,0.660733,0.714839,0.622260,0.642524,0.655998,0.634748,0.607671,0.749556,0.708716,0.676329,0.725534,0.637117,0.741126,0.689001,0.732277,0.664267,0.640132,0.598234,0.593582,0.684738,0.654886,0.687426,0.617585,0.727926,0.637030,0.710175,0.711606,0.704664,0.632555,0.655976,0.660253,0.659969,0.695585,0.654056,0.720559,0.700946,0.673728,0.699567,0.690881,0.649344,0.686260,0.706889,0.702839,0.695896,0.722859,0.678097,0.621869,0.723349,0.673695,0.677732,0.628367,0.710006,0.698832,0.707660,0.688842,0.723376,0.680082,0.680871,0.657699,0.695377,0.725348,0.720440,0.668239,0.604003,0.651006,0.640430,0.615154,0.612250,0.643203,0.655357,0.694642,0.565868,0.623127,0.612532,0.682909,0.685615,0.695107,0.682937,0.684011,0.691148,0.685986,0.679156,0.632844,0.615125,0.690960,0.665541,0.708318,0.654097,0.586380,0.709713,0.647583,0.641344,0.656884,0.568198,0.627008,0.641534,0.739724,0.636505,0.666997,0.625441,0.737386,0.653476,0.688417,0.657951,0.606910,0.713455,0.718429,0.699778,0.667613,0.618150,0.576398,0.680537,0.715022,0.695679,0.642531,0.626513,0.652427,0.627825,0.640405,0.633295,0.674363,0.682537,0.695571,0.634743,0.657743,0.679828,0.675264,0.661259,0.714516,0.637749,0.668339,0.660000,0.589052,0.687131,0.650654,0.698043,0.668948,0.642619,0.707635,0.684869,0.667290,0.677381,0.668673,0.671385,0.578406,0.661462,0.666594,0.627809,0.688867,0.601905,0.695737,0.698551,0.678302,0.655289,0.688105,0.662536,0.710473,0.673778,0.695625,0.601291,0.667433,0.678504,0.614701,0.644504,0.580686,0.613480,0.653068,0.645324,0.692050,0.591259,0.622011,0.615118,0.619145,0.634772,0.648880,0.699016,0.673226,#
16,0.703655,0.672117,0.680887,0.650645,0.592347,0.663104,0.701290,0.629844,0.629797,0.676366,0.686294,0.689095,0.629579,0.582835,0.664995,0.635863,1.000000,0.710868,0.725462,0.680806,0.723802,0.594366,0.586050,0.676931,0.685862,0.674452,0.681925,0.627173,0.549944,0.625566,0.732053,0.662562,0.647054,0.562185,0.663416,0.692451,0.709312,0.731242,0.662984,0.693275,0.628795,0.616549,0.633885,0.635569,0.635192,0.651961,0.680486,0.651120,0.688534,0.730573,0.623260,0.628900,0.662836,0.669334,0.659511,0.710858,0.585578,0.690791,0.667300,0.622427,0.707236,0.721999,0.639745,0.621968,0.651592,0.648004,0.758057,0.668194,0.716302,0.666560,0.729544,0.693317,0.739065,0.628215,0.664146,0.669083,0.648429,0.717909,0.628816,0.707276,0.756053,0.676890,0.706431,0.722538,0.686198,0.667020,0.693253,0.565847,0.598337,0.659949,0.597676,0.639789,0.667621,0.647902,0.611149,0.686328,0.628790,0.639158,0.714705,0.667603,0.699872,0.698153,0.642323,0.659779,0.672946,0.693931,0.690361,0.659550,0.749417,0.642322,0.675810,0.659292,0.700486,0.651614,0.657238,0.702670,0.698261,0.689174,0.633909,0.539086,0.586055,0.618698,0.639534,0.701227,0.667109,0.613352,0.597098,0.598950,0.697576,0.614405,0.705355,0.658393,0.665031,0.635860,0.681727,0.732481,0.674040,0.655669,0.607762,0.591431,0.669772,0.636552,0.659317,0.660461,0.608819,0.603865,0.716634,0.668273,0.658697,0.611340,0.622289,0.667302,0.572758,0.622769,0.709981,0.604287,0.666282,0.664394,0.638392,0.642682,0.669274,0.623896,0.721416,0.643303,0.695764,0.698762,0.664749,0.643757,0.622793,0.685310,0.606053,0.665417,0.646966,0.709094,0.688187,0.656719,0.590433,0.752543,0.648689,0.694387,0.670735,0.639327,0.626127,0.667175,0.549465,0.594908,0.702850,0.654072,0.703944,0.648627,0.680822,0.655365,0.639017,0.665597,0.671884,0.661385,0.691545,0.727292,0.661699,0.669128,#
17,0.741814,0.681906,0.731314,0.684881,0.672980,0.699210,0.753389,0.695986,0.713859,0.721543,0.657231,0.743753,0.693205,0.733010,0.680209,0.710434,0.710868,1.000000,0.707068,0.752503,0.691858,0.669905,0.702252,0.633388,0.755279,0.713205,0.734981,0.729922,0.653256,0.692600,0.755070,0.742505,0.681300,0.647364,0.638496,0.705191,0.680442,0.780923,0.729467,0.793100,0.679880,0.697390,0.677884,0.703198,0.690538,0.675818,0.732307,0.722306,0.759930,0.777579,0.722714,0.599364,0.660485,0.701651,0.747263,0.717507,0.714105,0.734802,0.698750,0.719133,0.686888,0.706292,0.734426,0.683232,0.720055,0.751210,0.822268,0.741175,0.752158,0.670756,0.751706,0.694375,0.744760,0.718695,0.759445,0.694924,0.725570,0.772694,0.711532,0.752477,0.761911,0.707880,0.753310,0.787274,0.723667,0.677312,0.705924,0.710220,0.671039,0.665025,0.677450,0.633072,0.692580,0.719904,0.677859,0.702222,0.640814,0.626211,0.733492,0.742573,0.740323,0.700076,0.683346,0.674269,0.712455,0.714042,0.671850,0.689564,0.706679,0.730364,0.722617,0.631487,0.772609,0.668378,0.707417,0.717441,0.618820,0.665017,0.723568,0.714659,0.688826,0.712531,0.691610,0.721413,0.654579,0.684684,0.657006,0.714495,0.720622,0.688396,0.721411,0.751171,0.738764,0.695146,0.737966,0.713009,0.758130,0.697550,0.679020,0.697910,0.731735,0.699537,0.729961,0.714063,0.732795,0.677399,0.696609,0.645267,0.729568,0.683047,0.689081,0.716792,0.684757,0.696585,0.669298,0.692134,0.767935,0.701648,0.693457,0.731628,0.736562,0.705492,0.769435,0.669143,0.732318,0.692488,0.659059,0.592318,0.678778,0.712718,0.686553,0.677972,0.714623,0.722246,0.792047,0.632529,0.703821,0.734493,0.698175,0.761027,0.737270,0.762342,0.696683,0.751165,0.680306,0.643652,0.718862,0.719174,0.656578,0.685434,0.775080,0.707964,0.662619,0.703942,0.707349,0.696988,0.707110,0.735411,0.733780,0.630569,#
18,0.715115,0.708820,0.671669,0.682644,0.606542,0.714921,0.680225,0.665194,0.603400,0.680757,0.724796,0.756574,0.727022,0.708759,0.655915,0.693100,0.725462,0.707068,1.000000,0.660258,0.667225,0.691044,0.657159,0.632737,0.667006,0.719036,0.734040,0.707900,0.641123,0.722907,0.679288,0.713832,0.697722,0.704217,0.674065,0.739412,0.680455,0.747785,0.706412,0.735604,0.670461,0.658669,0.693662,0.624522,0.695706,0.661389,0.746481,0.770789,0.741341,0.713614,0.649631,0.637461,0.694918,0.605673,0.716188,0.724599,0.668681,0.720211,0.677389,0.772788,0.707909,0.700852,0.670632,0.671796,0.728742,0.689729,0.714791,0.670240,0.699483,0.679393,0.726705,0.669569,0.745410,0.606545,0.760734,0.688226,0.698868,0.707314,0.655565,0.681497,0.743762,0.666760,0.732893,0.752295,0.750888,0.718146,0.661816,0.688263,0.696967,0.648852,0.682566,0.623181,0.735857,0.732816,0.626312,0.653585,0.653118,0.687968,0.718678,0.691612,0.698529,0.689135,0.689380,0.678788,0.692500,0.711553,0.697447,0.721974,0.733634,0.711120,0.759121,0.647394,0.739805,0.635911,0.649429,0.729746,0.641225,0.684286,0.728940,0.646428,0.673182,0.683015,0.630080,0.732206,0.711945,0.648098,0.724468,0.630802,0.744524,0.647133,0.717757,0.730614,0.694297,0.656257,0.710881,0.710762,0.713810,0.687940,0.661145,0.683259,0.686990,0.696852,0.672926,0.761171,0.686254,0.643091,0.701929,0.675585,0.723069,0.679553,0.670933,0.642438,0.730424,0.630528,0.708939,0.703278,0.675549,0.734223,0.655571,0.653756,0.726631,0.744997,0.782922,0.708686,0.718229,0.676422,0.796745,0.612157,0.620759,0.698368,0.687056,0.674999,0.728290,0.758459,0.700284,0.681769,0.647436,0.728089,0.709264,0.748974,0.678844,0.706129,0.663856,0.645849,0.654664,0.675533,0.669484,0.669509,0.666090,0.713145,0.695749,0.701617,0.616675,0.728808,0.650902,0.651849,0.657958,0.766049,0.704991,0.695089,#
19,0.675718,0.725020,0.700298,0.651737,0.662171,0.739954,0.667567,0.654323,0.679913,0.636850,0.678232,0.691892,0.626432,0.659012,0.656826,0.647682,0.680806,0.752503,0.660258,1.000000,0.686922,0.620472,0.603835,0.656642,0.695248,0.654757,0.672355,0.673216,0.576930,0.652337,0.742334,0.738860,0.687292,0.621970,0.615346,0.742515,0.626418,0.719096,0.665948,0.690524,0.687287,0.673732,0.658847,0.641152,0.634059,0.686803,0.747303,0.674348,0.684013,0.689855,0.627757,0.589837,0.660642,0.652260,0.699058,0.663521,0.673266,0.715607,0.655077,0.647294,0.675765,0.640144,0.702634,0.668204,0.667011,0.711986,0.735694,0.656514,0.741159,0.658053,0.720988,0.674905,0.735858,0.634250,0.679877,0.659317,0.617892,0.711793,0.642944,0.659799,0.741677,0.633030,0.738019,0.697642,0.665215,0.595613,0.682882,0.639476,0.702769,0.643625,0.609327,0.643084,0.621267,0.688797,0.614306,0.614122,0.650379,0.662117,0.683647,0.724317,0.691792,0.673313,0.656516,0.673412,0.703805,0.626221,0.688261,0.639731,0.680745,0.626310,0.695388,0.623379,0.689813,0.646827,0.667291,0.699600,0.661950,0.670686,0.678682,0.586069,0.726673,0.657692,0.570013,0.776818,0.662294,0.673968,0.652453,0.660923,0.763523,0.725087,0.697987,0.748573,0.684473,0.702522,0.704833,0.712837,0.646470,0.663878,0.665618,0.624133,0.679608,0.666315,0.633928,0.677512,0.665054,0.597680,0.607728,0.593136,0.707582,0.656592,0.629275,0.679375,0.637934,0.657526,0.702222,0.625125,0.726215,0.679388,0.666803,0.678630,0.658499,0.714990,0.677392,0.696270,0.685012,0.648261,0.630736,0.677435,0.609949,0.664203,0.631877,0.692521,0.678045,0.682524,0.743043,0.595626,0.663049,0.713403,0.692931,0.641289,0.627227,0.687845,0.681716,0.706335,0.609060,0.619727,0.631807,0.655481,0.677763,0.688550,0.696998,0.672991,0.621479,0.714877,0.704396,0.652882,0.640432,0.639740,0.644820,0.616964,#
20,0.674713,0.749092,0.663254,0.691253,0.637213,0.669626,0.707596,0.673293,0.682200,0.732244,0.681249,0.657807,0.677376,0.687352,0.655902,0.637083,0.723802,0.691858,0.667225,0.686922,1.000000,0.668107,0.629892,0.711282,0.723946,0.704905,0.695899,0.737001,0.604735,0.664726,0.715527,0.678533,0.681432,0.712577,0.657791,0.702809,0.655893,0.703610,0.652126,0.730115,0.702893,0.706387,0.648172,0.680355,0.723215,0.639680,0.709950,0.697969,0.705718,0.713844,0.653199,0.664577,0.647584,0.681920,0.688634,0.677633,0.605183,0.690913,0.682051,0.659608,0.698200,0.707085,0.714479,0.657699,0.701999,0.710050,0.781042,0.661207,0.733841,0.636779,0.721771,0.718272,0.725011,0.666755,0.650987,0.630405,0.671669,0.727589,0.727586,0.734604,0.723138,0.722817,0.701240,0.736762,0.633900,0.661415,0.708460,0.670410,0.716032,0.755353,0.691649,0.646674,0.661299,0.706871,0.625932,0.682037,0.612600,0.594166,0.679854,0.721977,0.741757,0.699843,0.662592,0.728739,0.701999,0.663732,0.749276,0.705864,0.708764,0.741035,0.646520,0.727064,0.666878,0.561220,0.689491,0.692872,0.635580,0.687455,0.592586,0.574944,0.703237,0.699298,0.613624,0.749372,0.644728,0.681071,0.622239,0.615356,0.659580,0.693426,0.672880,0.685415,0.722263,0.715483,0.689970,0.676902,0.641071,0.712662,0.681495,0.718332,0.698357,0.619328,0.671652,0.693446,0.689103,0.629834,0.717758,0.682729,0.668912,0.675144,0.687151,0.689290,0.667779,0.626148,0.688621,0.633358,0.662985,0.714741,0.699028,0.663689,0.703165,0.709101,0.686567,0.689055,0.723160,0.661568,0.652976,0.668733,0.596089,0.665380,0.682538,0.642136,0.673294,0.724707,0.711293,0.667758,0.656264,0.740726,0.670554,0.692125,0.675036,0.665576,0.670119,0.640505,0.586738,0.679761,0.680340,0.675696,0.662958,0.668160,0.660804,0.680382,0.668622,0.700570,0.710328,0.674343,0.692769,0.732851,0.696807,0.667172,#
21,0.668569,0.782882,0.701180,0.736263,0.649164,0.657385,0.666145,0.621643,0.693807,0.663849,0.668169,0.638882,0.600320,0.625471,0.649361,0.697873,0.594366,0.669905,0.691044,0.620472,0.668107,1.000000,0.660752,0.680607,0.607944,0.620950,0.731320,0.651880,0.668239,0.601711,0.644989,0.606933,0.678151,0.675701,0.661913,0.725868,0.627977,0.677456,0.658286,0.670141,0.626821,0.695939,0.635080,0.679527,0.652513,0.657544,0.684426,0.668577,0.693074,0.701859,0.625034,0.668246,0.683037,0.639488,0.696595,0.688823,0.642370,0.664860,0.721854,0.656699,0.644330,0.717339,0.583300,0.619524,0.681653,0.679826,0.719310,0.657332,0.672093,0.709397,0.696049,0.715342,0.729806,0.678788,0.708433,0.693274,0.710548,0.681790,0.674738,0.666911,0.686694,0.640397,0.734246,0.751273,0.724847,0.675047,0.626058,0.710509,0.705800,0.683983,0.596661,0.598878,0.687683,0.679151,0.663624,0.662237,0.633098,0.592758,0.697783,0.728484,0.685222,0.687006,0.572225,0.685589,0.654260,0.673315,0.643493,0.703930,0.623998,0.703536,0.719364,0.614559,0.701686,0.646326,0.583636,0.619135,0.621856,0.727312,0.648511,0.661527,0.658370,0.635008,0.591830,0.670693,0.601551,0.623888,0.670796,0.643139,0.639565,0.711855,0.695969,0.713181,0.610693,0.659293,0.730963,0.623608,0.656694,0.598125,0.656606,0.679566,0.716005,0.686876,0.587970,0.678557,0.628524,0.637904,0.654459,0.592517,0.664872,0.679082,0.643682,0.711159,0.641742,0.654935,0.618006,0.647198,0.672010,0.704314,0.616959,0.673833,0.668398,0.717889,0.692858,0.685228,0.705613,0.659551,0.708215,0.596907,0.553282,0.676895,0.693013,0.637778,0.681195,0.665320,0.660812,0.629461,0.557209,0.659865,0.700060,0.672740,0.646634,0.742405,0.646343,0.660965,0.620456,0.680986,0.680980,0.601112,0.619086,0.682108,0.672650,0.614123,0.650202,0.637832,0.651831,0.603497,0.653828,0.684548,0.590542,0.703502,#
