0,1.000000,0.095746,0.143346,0.203499,0.170243,0.179517,0.267231,0.113547,0.180624,0.106510,0.242609,0.162509,0.139529,0.144152,0.271240,0.237078,0.357925,0.357972,0.282702,0.334428,0.182416,0.140432,0.312625,0.398168,0.052448,0.036725,0.153600,0.007947,0.146840,0.217997,0.045839,0.304606,0.158954,0.193544,0.327241,0.179141,0.110497,0.089252,0.240527,0.165579,0.172604,0.152793,0.332878,0.044022,0.223557,0.135119,0.120503,0.250273,0.235118,0.307885,0.142688,0.269469,0.218217,0.218615,0.260879,0.192156,0.257293,0.214506,0.171272,0.129674,0.161404,0.349364,0.289954,0.156905,0.242646,0.080299,0.209435,0.200982,0.097525,0.208989,0.107497,0.189069,0.163727,0.311853,0.163202,0.081299,0.376976,0.262475,0.242076,0.090155,0.071687,0.144245,0.228354,0.197899,0.231002,0.241928,0.332959,0.247143,0.284836,0.256062,0.127911,0.077295,0.236731,0.074734,0.156844,0.290415,0.240764,0.064232,0.214050,0.277507,0.193944,0.199512,0.149143,0.307201,0.168673,0.240095,0.234294,0.216774,0.274139,-0.007088,0.105318,0.255630,0.104804,0.244436,0.315156,0.275735,0.221430,0.108064,0.142221,0.256522,0.116223,0.192366,0.283721,0.202590,0.320561,0.257125,0.174117,0.085984,0.109186,0.265784,0.178986,0.090524,0.120329,0.094665,0.206960,0.343861,0.171884,0.178689,-0.007085,0.189975,0.216059,0.133159,0.107841,0.209391,0.095453,-0.026965,0.202498,0.084048,0.174791,0.101983,0.116160,0.263979,0.126614,0.132432,0.182590,0.199061,0.325402,0.307633,0.287828,0.180339,0.301163,0.214899,0.235396,0.134081,0.096128,0.285622,0.122803,0.257393,0.277520,0.195691,0.083339,0.091521,0.277820,0.121381,0.059900,0.252640,0.349472,0.223650,0.237622,0.061305,0.186215,0.269881,0.196665,0.107707,0.076648,0.026919,0.098363,0.346424,0.213048,0.016059,0.082727,0.238156,0.121755,0.254393,0.287195,0.300531,0.152012,0.226721,0.089094,0.232816,#
1,0.095746,1.000000,0.099699,0.073601,0.001480,0.112504,0.213383,0.247681,0.327237,0.220068,0.279569,0.224590,0.148838,0.065116,0.074422,0.093692,0.051927,0.082241,0.091710,0.140746,0.039303,0.231124,0.153441,-0.016802,0.174117,-0.010430,0.017748,0.227686,0.026990,0.119461,0.157722,0.080015,0.060899,0.261039,-0.046710,0.044162,0.125992,0.094956,0.254879,0.156522,0.203605,0.004104,0.227451,0.051525,0.055517,0.037535,0.243708,0.068076,0.232609,0.062612,0.045287,0.180722,0.118515,0.108004,0.149339,0.063443,0.071914,-0.039053,-0.004198,0.058648,0.142977,0.164238,0.146353,0.031175,0.018300,0.336825,0.212700,0.227321,0.142010,0.240694,0.254559,0.191533,0.225557,0.110805,0.174763,0.092433,0.187090,0.114179,0.221840,-0.033949,0.068705,0.062551,0.030811,0.190088,0.289655,0.089609,0.183454,0.308515,0.190472,0.104249,0.104355,0.178166,0.047837,0.175004,0.226786,0.176861,0.047409,0.129948,0.129050,0.135487,0.193476,0.071923,0.068037,0.080604,0.045585,0.206863,0.110200,0.227652,0.228193,0.088754,0.035872,0.095164,0.038222,0.105842,0.123993,0.306528,0.146337,0.000262,0.138180,0.066885,0.006154,0.191780,0.134708,0.131132,0.166177,0.110669,0.101732,0.064076,0.239369,0.181540,0.001493,0.270888,0.029300,0.102278,0.199515,0.119534,0.202112,0.156394,0.127476,0.136039,0.237986,0.116073,0.118665,0.257035,0.252176,0.009941,0.053226,0.052812,0.196609,-0.019932,0.305305,0.180135,0.054985,-0.014191,0.212413,0.204707,0.101816,0.192385,-0.078901,0.011620,0.128050,0.200555,0.157353,0.274058,0.149277,0.086652,0.126014,0.012230,0.101668,0.182903,0.111474,0.105622,0.080864,-0.025286,0.134415,0.240102,0.127636,0.193081,0.105894,0.051976,0.219760,0.051745,0.278746,0.144131,0.091779,0.135491,0.086703,0.010093,0.275609,0.254612,0.219990,0.305705,0.016206,0.082632,0.126739,-0.030508,0.049178,0.306482,0.029510,0.309681,#
2,0.143346,0.099699,1.000000,0.185871,0.245054,0.163819,0.259424,0.183114,0.228542,0.223756,0.297106,0.154900,0.083029,0.341676,0.159152,0.180139,-0.050005,0.197985,0.149805,0.262510,0.235840,0.212178,0.138916,0.213143,0.118069,0.145146,0.265757,0.196368,0.156396,0.213632,0.147116,0.164940,0.201498,0.167474,0.196599,0.072365,0.195029,0.131094,0.291643,0.085047,0.186729,0.123961,0.273121,0.137698,0.155123,0.171236,0.253521,0.112079,0.020841,0.136788,0.147985,0.294805,0.257564,0.120976,0.192518,0.173539,0.241130,-0.020938,0.267515,0.237440,0.440039,0.208230,0.060425,0.178160,0.206324,0.221580,0.082335,0.248723,0.182113,0.163694,0.288354,0.252785,0.047849,0.289832,0.248050,0.116076,0.130949,0.134689,0.159383,0.127959,0.221918,0.131456,0.257958,0.015040,0.353033,0.197395,0.182378,0.335312,0.122598,0.151769,0.203775,0.221104,0.278493,0.280268,0.165775,0.254236,0.164412,0.107487,0.256277,0.179831,0.195398,0.190093,0.074011,0.227102,0.092496,0.224797,0.263974,0.300375,0.116376,0.049089,0.222630,0.186582,0.295547,0.163131,0.146570,0.211793,0.174435,0.189234,0.020145,0.201165,0.116024,0.026471,0.103942,0.283768,0.183205,-0.001919,0.226942,0.117442,0.227842,0.232336,0.130978,0.236300,0.202346,0.290078,0.263029,0.062871,0.234318,0.234585,0.272465,0.164214,0.098076,0.271810,0.002492,0.060567,0.260413,0.144433,0.008680,0.090736,0.161781,0.135575,0.231921,0.208526,0.273320,0.263901,0.101851,0.119485,0.193895,-0.000123,0.261403,0.121246,0.045203,0.142065,0.215809,0.220552,0.097506,0.251356,0.120264,-0.005151,0.193413,0.202623,0.172670,0.240134,0.281267,0.087393,0.184364,0.186115,0.150523,0.230884,0.087953,0.067316,0.117326,0.394818,0.138356,0.330208,0.114233,0.163098,0.121791,0.108629,0.157615,0.179261,0.188074,0.177228,0.339539,0.289660,0.204237,0.142744,0.043773,0.146742,0.178982,0.362729,#
3,0.203499,0.073601,0.185871,1.000000,0.207931,0.129853,0.261530,0.222240,0.405919,0.298139,0.298128,0.188418,0.131201,0.184305,0.227617,0.120007,0.112456,0.264545,0.395076,0.258571,0.209375,0.285999,0.306565,0.252474,0.137141,0.167984,0.306007,0.240794,0.165657,0.349086,0.201474,0.187697,0.292985,0.383603,0.164680,0.230398,0.093368,0.270770,0.297963,0.263520,0.163828,0.304965,0.344336,0.296392,0.218944,0.190949,0.094028,0.186654,0.084977,0.106763,0.225827,0.179576,0.303138,0.036436,0.137400,0.266826,0.299990,0.153837,0.265348,0.215308,0.208306,0.226034,0.203347,0.161150,0.383290,0.071618,0.084151,0.116450,-0.068602,0.324553,0.165305,0.280380,0.275166,0.125220,0.122792,0.119804,0.192628,0.225511,0.128999,0.137509,0.197409,0.166189,0.333426,0.032133,0.296314,0.195094,0.274422,0.261912,0.247741,0.249071,0.416184,0.289852,0.157647,0.239399,0.287406,0.277009,0.048256,0.158223,0.263616,0.102530,0.148450,0.167119,0.114923,0.054485,0.403082,0.052930,0.296000,0.268919,0.185499,0.117309,0.162456,0.041456,0.184912,0.203685,0.146794,0.222097,0.092025,0.174724,0.138781,0.175498,0.136197,0.277264,0.220099,0.133528,0.149273,0.203936,0.228846,0.349993,0.146734,0.137488,0.291551,0.273129,0.118976,0.255302,0.179595,0.331054,0.147902,0.132493,0.081507,0.236934,0.070199,0.353632,0.293739,0.028058,0.138495,0.333424,0.213182,0.305891,0.131561,0.233769,0.218551,0.078254,0.184014,0.268640,0.200636,0.115334,0.162367,0.142926,0.355282,0.169542,0.157425,0.198180,0.100962,0.161574,0.133711,0.276335,0.283477,0.191635,0.256033,0.230515,0.172256,0.071416,0.170087,0.140237,0.080064,0.279125,0.320050,0.260945,0.135282,0.204354,0.048946,0.329840,0.191153,0.162378,0.112111,0.072895,0.199734,0.192948,0.174205,0.275344,0.363649,0.182658,0.209142,0.252706,0.288445,0.268407,0.200542,0.185651,0.075103,0.246764,#
4,0.170243,0.001480,0.245054,0.207931,1.000000,0.258677,0.158709,0.255672,0.226339,0.305335,0.120332,0.223902,0.182659,0.182612,0.203028,0.156005,0.187698,0.218144,0.220143,0.446321,0.388567,0.233174,0.304089,0.314871,0.055335,0.167321,0.236927,0.027121,0.297619,0.181330,0.229122,0.289030,0.300292,0.348716,0.165537,0.237134,0.287110,0.168271,0.390198,0.227479,0.238178,0.233210,0.247630,0.207705,0.211439,0.275724,0.320812,0.275376,0.104468,0.134348,0.130142,0.226167,0.250912,0.119070,0.283582,0.290628,0.267063,0.136899,0.279099,0.278362,0.149140,0.332024,0.199997,0.091761,0.261863,0.169587,0.041297,0.294552,0.113631,0.198173,0.215674,0.288264,0.319475,0.260322,0.260828,0.068239,0.195531,0.283809,0.224443,0.231756,0.173457,0.246208,0.248390,0.111659,0.297860,0.197132,0.254837,0.199273,0.196930,0.165412,0.325766,0.230227,0.242457,0.162384,0.318711,0.288335,0.188395,0.202139,0.099084,0.223002,0.194173,0.207264,0.191185,0.226342,0.112266,0.243002,0.184490,0.216656,0.277549,0.297650,0.131195,0.239141,0.278577,0.287240,0.225310,0.138587,0.291490,0.273934,0.077026,0.182792,0.032778,0.231777,0.234853,0.181201,0.276690,0.089206,0.193042,0.261814,0.370124,0.272095,0.364904,0.138698,0.235872,0.308722,0.314556,0.257403,0.065876,0.138745,0.256624,0.075779,0.126924,0.222536,0.305978,0.125545,0.247274,0.210195,0.226432,0.195510,0.140294,0.264720,0.204267,0.330243,0.282563,0.382596,0.382830,0.235181,0.253208,0.137486,0.149337,0.193832,0.270518,0.162589,0.256836,0.045572,-0.035348,0.260079,0.053269,0.164370,0.213200,0.249583,0.109000,0.208919,0.390729,0.112708,0.226794,0.265036,0.350064,0.303666,0.207491,0.213105,0.088927,0.178693,0.226552,0.123358,0.243312,0.272394,0.023488,0.260845,0.273499,0.373505,0.076335,0.185760,0.129783,0.209384,0.248970,0.298696,0.270394,0.076638,0.331186,0.381979,#
5,0.179517,0.112504,0.163819,0.129853,0.258677,1.000000,0.052240,0.255375,0.195143,0.132198,0.272487,0.103196,0.087865,0.013479,0.212044,0.231367,0.116696,0.253603,0.000297,0.439394,0.204572,0.148212,0.234242,0.186219,0.154595,0.108639,0.341932,0.185650,0.236873,0.125319,0.338311,0.237034,0.284268,0.216202,0.041431,0.263138,0.193148,0.072013,0.256755,0.091167,0.336764,0.148270,0.174362,0.239632,0.209118,0.284257,0.330373,0.187538,0.257121,-0.045116,0.144736,0.182582,0.148466,0.139038,-0.012732,0.362635,0.292254,0.036158,0.394835,0.213255,0.113325,0.339235,0.256797,0.251575,0.299783,0.182819,-0.026993,0.270970,0.145466,0.039566,0.211942,0.169197,0.272850,0.135874,0.102550,0.231974,0.285809,0.306367,0.232548,0.207687,0.286688,0.104869,0.257888,0.127853,0.054176,0.204120,0.334874,0.332481,0.278624,0.038863,0.069086,0.220339,0.391676,0.391783,0.198938,0.178558,0.109176,0.241186,0.297929,0.244508,0.184662,0.187491,0.192814,0.219607,0.160640,0.291238,0.168651,0.252747,0.098775,0.195391,0.113254,0.334688,0.161852,0.086265,0.158914,0.122509,0.264760,0.119177,0.011543,0.235686,0.030552,0.249318,0.167998,0.278421,0.067430,0.050752,0.326932,0.087963,0.136232,0.235163,0.381294,0.292765,0.280457,0.336888,0.228154,0.196085,0.244426,0.166782,0.147933,0.113545,0.149281,0.089420,0.179914,0.218295,0.337163,0.123397,0.074266,0.123593,0.234510,0.104878,0.237737,0.146002,0.172140,0.151729,0.169209,0.115546,0.336405,0.162219,0.152758,0.165461,0.266455,0.187656,0.228901,0.138594,0.240444,0.175290,-0.050457,0.332730,0.249154,0.268956,0.331320,0.240191,0.201149,0.141597,0.162725,0.152459,0.188349,0.206355,0.253087,0.256908,0.286424,0.219837,0.396889,0.139498,0.200436,0.166891,0.198822,0.212754,0.086157,0.213495,0.140933,0.261206,0.069985,0.155750,0.070746,0.150944,0.102434,0.142304,0.203625,0.304165,#
6,0.267231,0.213383,0.259424,0.261530,0.158709,0.052240,1.000000,0.141125,0.305814,0.115033,0.193370,0.131708,0.263263,0.287210,0.083833,0.124002,0.157125,0.238205,0.198352,0.122858,0.311889,0.206657,0.066551,0.221436,0.144186,0.114190,0.085826,0.175991,0.120363,0.301176,0.136120,0.127039,0.086308,0.237585,0.267232,0.209016,0.017685,0.089154,0.190172,0.235110,0.093413,0.162102,0.314541,0.174726,0.359127,0.084420,0.190771,-0.054297,0.322376,0.153499,0.132002,0.230547,0.273737,0.095305,0.243457,0.147969,0.231060,0.205869,0.264506,0.170584,0.234650,0.145208,0.153074,0.028116,0.350528,0.237363,0.235707,0.157251,0.119721,0.173059,0.188992,0.170517,0.137663,0.367923,0.171891,0.163813,0.230050,0.094109,0.216229,0.073511,0.182394,0.130060,0.221160,0.064587,0.098252,0.218294,0.255222,0.186674,0.230893,0.171371,0.141416,0.178258,0.095729,0.106522,0.183825,0.128934,0.261386,0.219969,0.202095,0.314310,0.108022,0.184597,0.267105,0.129663,0.028532,0.024076,0.218309,0.092407,0.110966,0.068932,0.073562,0.120461,-0.016219,0.092884,0.285157,0.121694,0.387204,0.116981,0.180579,0.172883,0.250448,0.192710,0.160098,0.258912,0.207499,0.291562,0.131048,0.161790,0.033966,0.179091,0.132079,0.208002,0.200360,0.100480,0.137874,0.261890,0.198357,0.100132,0.257376,0.242183,0.232418,0.219678,0.104725,0.053035,0.149923,0.227418,0.075086,0.100370,0.173150,0.029622,0.318821,0.182528,0.185152,0.100511,0.162551,0.159985,0.160374,0.261462,0.235315,0.028042,0.142984,0.228728,0.201699,0.205135,0.122027,0.305607,0.198250,0.121339,0.129936,0.081524,0.225774,0.148836,0.070503,0.006682,0.176411,0.197261,0.205279,0.239003,0.188771,0.070818,0.185718,0.171998,0.290098,0.206267,0.125886,0.128601,0.010701,0.250377,0.074569,0.195766,0.066232,0.165222,0.100465,0.305614,0.212297,0.119896,0.148710,0.217550,0.193605,0.251190,#
7,0.113547,0.247681,0.183114,0.222240,0.255672,0.255375,0.141125,1.000000,0.470554,0.273030,0.261692,0.251441,0.190960,0.252600,0.373988,0.082756,0.297734,0.209774,0.240331,0.270361,0.218842,0.256418,0.394473,0.283250,0.291392,0.233543,0.237804,0.315650,0.224916,0.272685,0.053857,0.260981,0.196001,0.278189,0.092273,0.147855,0.238093,0.084895,0.376399,0.161232,0.222439,0.113868,0.282257,0.335953,0.345810,0.323211,0.277114,0.291087,0.118603,0.131884,0.252329,0.189314,0.219248,0.283956,0.140818,0.147544,0.112689,0.246682,0.217970,0.184688,0.143247,0.318562,0.229831,0.030268,0.256691,0.276419,0.103530,0.277715,0.237528,0.453507,0.194881,0.017619,0.371213,0.201558,0.331572,0.108886,0.206247,0.213555,0.326011,0.247555,0.227120,0.241715,0.238321,0.138566,0.233644,0.208939,0.361174,0.303788,0.261997,0.237481,0.137443,0.268984,0.317686,0.282559,0.347983,0.090211,0.210803,0.307185,0.231997,0.279914,0.293603,0.169143,0.186170,0.303566,0.180976,0.272395,0.175596,0.250657,0.127821,0.170956,0.275753,0.115899,0.256756,0.291917,0.370566,0.152942,0.234909,0.068226,0.085339,0.380623,0.177929,0.278340,0.171733,0.407781,0.294011,0.163326,0.315267,0.301176,0.226804,0.120409,0.222329,0.093723,0.278860,0.204235,0.337966,0.355793,0.184214,0.160029,0.200056,0.234622,0.228862,0.199666,0.279116,0.053883,0.245629,0.213291,0.203654,0.099553,0.310160,0.248433,0.205253,0.256428,0.279584,0.278358,0.180516,0.362789,0.184413,0.294444,0.261206,0.219972,0.261883,0.089508,0.385877,0.135669,0.124912,0.280801,0.222094,0.155867,0.122602,0.163542,0.321037,0.354832,0.295860,0.123076,0.228200,0.257194,0.214469,0.266316,0.160232,0.241882,0.354031,0.207053,0.235725,0.161315,0.155700,0.289596,0.083094,0.156442,0.202494,0.285537,0.257360,0.232932,0.121375,0.165545,0.223625,0.174731,0.213394,0.263287,0.154777,0.295024,#
8,0.180624,0.327237,0.228542,0.405919,0.226339,0.195143,0.305814,0.470554,1.000000,0.396632,0.266381,0.232112,0.174367,0.296423,0.323020,0.276051,0.112528,0.268137,0.229852,0.308099,0.131755,0.403809,0.383051,0.238565,0.004408,0.260320,0.256501,0.414462,0.133018,0.378798,0.166104,0.196854,0.185200,0.343961,0.150591,0.167874,0.231778,0.186293,0.247214,0.250708,0.211474,0.345777,0.369988,0.272897,0.221708,0.177656,0.142215,0.196720,0.260673,0.234622,0.289759,0.347510,0.166426,0.238941,0.150133,0.342876,0.209964,0.274574,0.199411,0.348996,0.315819,0.300255,0.422625,0.096672,0.271857,0.405328,0.190792,0.319373,0.259455,0.405501,0.234134,0.210183,0.296683,0.375221,0.223759,0.238269,0.232357,0.306179,0.277691,0.290486,0.205408,0.220547,0.211587,0.122927,0.296812,0.239452,0.271005,0.251688,0.116514,0.295362,0.241056,0.270827,0.280142,0.303227,0.409255,0.243545,0.207945,0.197084,0.268847,0.217860,0.214587,0.218908,0.237803,0.342540,0.312835,0.216608,0.273684,0.297629,0.195292,0.188844,0.224212,0.181817,0.242933,0.225540,0.432189,0.334489,0.253077,0.050746,0.146532,0.377156,0.193474,0.212665,0.295910,0.287395,0.213321,0.320499,0.262015,0.279609,0.171967,0.297115,0.209631,0.118551,0.343485,0.364889,0.455448,0.301527,0.174801,0.198313,0.072995,0.268738,0.103326,0.276407,0.381100,0.172758,0.230595,0.239175,0.313558,0.184823,0.319836,0.203934,0.272704,0.161506,0.216132,0.409363,0.383761,0.317562,0.240528,0.372198,0.239981,0.266387,0.205769,0.169635,0.357649,0.277526,0.258804,0.262183,0.227044,0.107511,0.289928,0.382791,0.268277,0.254005,0.241408,0.095450,0.312547,0.280218,0.202552,0.314409,0.291017,0.179715,0.320093,0.284768,0.214568,0.373893,0.234889,0.290389,0.159486,0.236066,0.246416,0.254039,0.282042,0.183679,0.259396,0.244344,0.269236,0.239704,0.165267,0.260260,0.264449,0.337187,#
9,0.106510,0.220068,0.223756,0.298139,0.305335,0.132198,0.115033,0.273030,0.396632,1.000000,0.292268,0.117517,0.203390,0.212063,0.340320,0.246200,0.181381,0.218428,0.366213,0.385812,0.370855,0.289854,0.324207,0.344738,0.111793,0.066233,0.228975,0.331334,0.137925,0.377767,0.162707,0.119962,0.200150,0.369388,0.298234,0.264493,0.132475,0.136525,0.351834,0.146731,0.346204,0.185259,0.269807,0.142678,0.312986,0.181226,0.221713,0.175542,0.087880,0.132165,0.088473,0.234436,0.188935,0.153492,0.112204,0.331605,0.184897,0.222422,0.272423,0.239243,0.240665,0.257671,0.316940,0.235511,0.298764,0.424780,0.227124,0.335268,0.216375,0.207006,0.384377,0.236378,0.161177,0.232680,0.214830,0.181037,0.082886,0.315077,0.285344,0.350431,0.175428,0.183816,0.186220,0.122572,0.427517,0.131558,0.195899,0.392168,0.166579,-0.058012,0.243111,0.359372,0.321579,0.184172,0.368769,0.201126,0.219145,0.426403,0.332181,0.053635,0.125622,0.151084,0.384060,0.160618,0.353956,0.250102,0.251923,0.130422,0.289847,0.224553,0.296434,0.303967,0.458783,0.338540,0.164958,0.270738,0.180132,0.066181,0.115973,0.200107,0.264858,0.274810,0.302375,0.255374,0.225406,0.082385,0.193449,0.192940,0.330664,0.242212,0.231309,0.221669,0.304380,0.399873,0.323920,0.207925,0.159940,0.209285,0.116746,0.240404,0.013549,0.352745,0.345168,0.240336,0.222102,0.228208,0.224533,0.216304,0.118475,0.224399,0.132140,0.090314,0.274340,0.329941,0.299024,0.307545,0.233125,0.318433,0.250107,0.233981,0.214287,0.191277,0.313480,0.358899,0.272450,0.205908,0.189378,0.135802,0.374416,0.203328,0.354246,0.368552,0.166979,0.214622,0.280179,0.431520,0.143850,0.336023,0.304748,0.249636,0.150966,0.182813,0.243312,0.207901,0.205671,0.359540,0.036307,0.109167,0.460125,0.218086,0.248749,0.219109,0.223021,0.176068,0.223611,0.166401,0.100230,0.217397,0.117253,0.179681,#
10,0.242609,0.279569,0.297106,0.298128,0.120332,0.272487,0.193370,0.261692,0.266381,0.292268,1.000000,0.200623,-0.006326,0.165404,0.163811,0.244177,0.171085,0.171821,0.208077,0.285505,0.199673,0.114441,0.179050,0.235384,0.043794,0.067441,0.153235,0.383226,0.017158,0.311617,0.103084,0.201092,0.161069,0.271755,0.251688,0.174216,0.172551,0.148843,0.232521,0.049764,0.341022,0.142199,0.153902,0.098151,0.311475,0.280486,0.290554,0.217573,0.277936,0.345280,0.050523,0.236716,0.303213,0.115332,0.059520,0.228004,0.148512,0.071284,0.216799,0.198961,0.193166,0.300088,0.301291,0.349159,0.315223,0.154461,0.214422,0.099506,0.082177,0.158186,0.105916,0.332228,0.186828,0.205710,0.134034,0.217917,0.132912,0.274523,0.134163,0.067522,0.364192,0.173478,0.229354,0.115644,0.272093,0.116952,0.252830,0.413482,0.137905,0.237785,0.212172,0.425788,0.234767,0.339054,0.264802,0.359298,0.072973,0.175836,0.398118,0.259118,0.144653,0.166748,0.215268,0.245630,0.422830,-0.005916,0.154537,0.239934,0.130929,0.132276,0.076333,0.201293,0.178070,0.216404,0.201645,0.351873,0.186677,0.036142,0.172431,0.248917,0.167774,0.319873,0.070437,0.134038,0.027734,0.153377,0.334103,0.260134,0.240040,0.088021,0.027349,0.141623,0.137009,0.197101,0.318441,0.152120,0.157547,0.276385,0.062784,0.135207,0.271836,0.029334,0.129100,0.121954,0.149261,0.059450,0.000849,0.068408,0.236307,0.138439,0.296305,0.188096,0.328177,0.264129,0.117111,0.160451,0.379262,0.152402,0.273178,0.152571,0.282690,0.141735,0.270599,0.269527,0.161637,0.214696,0.317431,0.189512,0.353292,0.292506,0.221630,0.141215,0.084286,0.146216,0.206165,0.120522,0.235141,0.387007,0.074923,0.264473,0.152425,0.135015,0.322358,0.177700,0.168802,0.059164,0.071060,0.089422,0.118269,0.268060,0.270926,0.175166,0.188804,0.147601,0.282955,0.145472,0.030055,0.288382,0.157682,0.342135,#
11,0.162509,0.224590,0.154900,0.188418,0.223902,0.103196,0.131708,0.251441,0.232112,0.117517,0.200623,1.000000,0.156278,0.150976,0.116669,0.016421,0.106017,0.243324,0.191336,0.096658,0.176236,0.254479,0.170195,0.032115,0.095926,0.208733,-0.022478,0.299746,0.143583,0.225908,0.210350,0.190084,0.140398,0.247472,0.142680,0.108357,0.310446,0.090846,0.138088,0.311820,0.148071,0.213979,0.242817,0.173077,0.178401,0.293938,0.325874,0.152395,0.157437,0.159933,0.085599,0.220637,0.239106,0.287593,0.163149,0.051861,-0.037350,0.233159,0.134249,0.123842,0.115839,0.155821,0.340932,0.018433,0.246585,0.246927,0.137302,0.247792,0.224556,0.312560,0.214366,0.173345,0.158718,0.140068,0.112540,-0.003402,0.174137,0.236679,0.130997,-0.033537,0.194075,0.203651,0.181952,-0.005012,0.142855,0.103543,0.157020,0.124953,0.216088,0.056885,0.119532,0.380800,0.249027,0.179489,0.268439,0.319936,0.086049,0.131194,0.151453,0.195738,0.086948,0.229624,0.115973,0.223727,0.201772,0.282809,0.096806,0.306389,0.239320,0.213628,0.265749,0.139700,0.247123,0.187326,0.032652,0.298664,0.161979,0.253321,-0.040998,0.297455,0.029132,0.224386,0.146147,0.125672,0.118469,0.114012,0.141448,0.090088,0.265400,0.171855,0.148125,0.248098,0.258937,0.281880,0.142191,0.126544,0.120462,0.183025,0.069970,0.275115,0.193962,-0.000480,0.129900,0.183885,0.342235,0.088505,0.267121,0.124847,0.146839,0.166574,0.203841,0.129617,0.179306,0.167374,0.297897,0.150612,0.209883,0.176273,0.278872,0.071256,0.058074,0.231258,0.176224,0.123941,0.218466,-0.003935,0.180311,0.105796,0.173073,0.321936,0.189226,0.141485,0.167365,0.140942,0.076516,0.170444,-0.006237,0.190679,0.100161,0.287222,0.232812,0.085802,0.293336,0.075370,0.224889,0.103344,-0.029512,0.258779,0.222616,0.317329,0.265680,0.075265,0.265202,0.325637,0.304440,0.178477,0.174824,0.234984,0.047699,0.221471,#
12,0.139529,0.148838,0.083029,0.131201,0.182659,0.087865,0.263263,0.190960,0.174367,0.203390,-0.006326,0.156278,1.000000,0.183868,0.270926,0.061147,0.307327,0.294282,0.301203,0.276382,0.196446,0.255686,0.220472,0.200323,0.017994,0.065952,0.132035,0.225586,0.244451,0.086500,0.070017,0.179549,0.242918,0.179503,0.194770,0.183626,0.172638,0.060912,0.136386,0.277531,0.027888,0.069838,0.160845,0.377705,0.144150,0.181708,0.218194,0.049913,0.147208,0.069582,0.228888,0.089168,0.182318,0.135863,0.232375,0.104099,0.047262,0.194303,0.141870,0.027323,0.030301,0.304628,0.006592,0.169923,0.322145,0.205631,0.103489,0.175341,0.189265,0.169640,0.183423,0.139392,0.289566,0.164833,0.272525,0.239904,0.186559,0.039401,0.120284,0.069437,0.165670,0.133564,0.125231,0.142363,0.013466,0.146498,0.206422,0.204658,0.298278,0.131899,0.097985,0.078602,0.068234,0.072049,0.159791,0.266918,0.357590,0.330150,0.132706,0.048512,0.067174,0.225075,0.224930,0.288122,0.177044,0.079901,0.165866,0.103527,0.110142,0.109147,0.223876,0.076909,0.151666,0.137797,0.319333,0.102193,0.377149,0.042463,0.126656,0.048127,0.179445,0.219194,0.265774,0.293113,0.236570,0.061554,0.090781,-0.020300,0.028773,0.105981,0.156343,0.146153,0.025637,0.223782,0.214624,0.063615,0.224470,0.193849,0.239635,0.051905,0.172973,0.290708,0.218813,0.042635,0.198710,0.151350,0.162315,0.158167,0.097119,0.299456,0.126855,0.275660,0.215374,0.072189,0.117889,0.397524,0.161225,0.112153,0.201554,0.152094,0.201772,0.296414,0.275462,0.164043,0.330151,0.118968,0.269027,0.203732,0.059582,0.101791,0.258560,0.248441,0.126973,0.182185,0.102641,0.165866,0.210210,0.278811,0.228010,0.034093,0.183562,0.205443,0.245268,0.178643,-0.023074,0.173144,0.126062,0.358295,0.155785,0.035409,0.166304,0.080809,0.197024,0.258272,0.166862,0.185235,0.101584,0.186385,0.197273,0.081431,#
13,0.144152,0.065116,0.341676,0.184305,0.182612,0.013479,0.287210,0.252600,0.296423,0.212063,0.165404,0.150976,0.183868,1.000000,0.208497,0.150058,0.254212,0.261773,0.326801,0.231645,0.314434,0.290763,0.356744,0.243654,0.029927,0.254901,0.153946,0.354975,0.308382,0.342165,0.043124,0.236990,0.309173,0.270165,0.231380,0.112342,0.194448,0.187704,0.222085,0.250230,0.310821,0.281293,0.309769,0.183951,0.422365,0.233953,0.166034,0.227919,0.316943,0.156077,0.092128,0.368243,0.220725,0.263790,0.236525,0.208240,0.129028,0.220791,0.170473,0.195379,0.250265,0.289756,0.200962,0.200305,0.303244,0.207693,0.230242,0.207300,0.292673,0.231372,0.204893,0.205132,-0.010331,0.311153,0.343125,0.288698,0.177586,0.257988,0.266141,0.269383,0.244325,0.208365,0.366185,0.130884,0.221880,0.187435,0.147766,0.192200,0.333861,0.209683,0.244007,0.218784,0.360388,0.307797,0.384734,0.123377,0.228245,0.256421,0.263196,0.412831,0.192189,0.220849,0.135820,0.416075,0.191581,0.317771,0.177436,0.247221,0.193332,0.198707,0.256239,0.243528,0.359878,0.312546,0.296228,0.290587,0.183070,0.347825,0.190247,0.398658,0.254626,0.266995,0.150318,0.145565,0.207682,0.016500,0.133688,0.042615,0.228039,0.150601,0.082436,0.284369,0.227679,0.186923,0.411463,0.199281,0.169610,0.153738,0.277687,0.229366,-0.076955,0.254106,0.413180,0.142216,0.079501,0.270437,0.248301,0.208200,0.214093,0.159355,0.172339,0.277592,0.243805,0.368290,0.183001,0.358836,0.152211,0.131347,0.286529,0.275855,0.285726,0.227189,0.240983,0.276754,0.168474,0.284561,0.288876,0.169556,0.268767,0.114234,0.237016,0.267288,0.200667,0.173156,0.312366,0.224081,0.153320,0.430572,0.260828,0.159642,0.151062,0.333741,0.241953,0.254204,0.270235,0.275777,0.171986,0.223463,0.028111,0.180617,0.328581,0.210616,0.306958,0.362970,0.351040,0.193756,0.257022,0.132305,0.273441,0.233483,#
14,0.271240,0.074422,0.159152,0.227617,0.203028,0.212044,0.083833,0.373988,0.323020,0.340320,0.163811,0.116669,0.270926,0.208497,1.000000,0.327333,0.247711,0.198707,0.343575,0.365721,0.319336,0.141111,0.264883,0.282930,0.151480,0.046244,0.289102,0.268185,0.355002,0.276838,0.171781,0.339369,0.206032,0.246599,0.239463,0.207875,0.179192,0.177987,0.278876,0.215808,0.132016,0.125418,0.334413,0.229021,0.315576,0.261495,0.152484,0.116661,0.010985,0.171964,0.112360,0.165947,0.134913,0.325206,0.188886,0.172924,0.235820,0.212645,0.287743,0.128866,0.225604,0.359025,0.274044,0.314062,0.165512,0.135416,0.104972,0.252209,0.145091,0.346799,0.254413,0.149234,0.210852,0.100303,0.290338,0.167545,0.399157,0.246659,0.156426,0.090115,0.259186,0.312984,0.293946,0.335889,0.192562,0.207146,0.254760,0.330989,0.260473,0.091451,0.082065,0.138722,0.362345,0.353386,0.261538,0.350963,0.481953,0.275636,0.293477,0.078551,0.204623,0.204192,0.282509,0.230794,0.335608,0.153756,0.162493,0.167032,-0.008549,0.106890,0.203649,0.129649,0.302092,0.224574,0.286126,0.264915,0.301509,0.093063,0.154136,0.199598,0.305304,0.277974,0.243406,0.309808,0.309723,0.042411,0.135378,0.323138,0.145753,0.343615,0.172251,0.172765,0.241166,0.326691,0.324161,0.236102,0.114703,0.263067,0.176125,0.179501,0.045301,0.214610,0.265110,0.245511,0.176874,0.332360,0.194981,0.173426,0.187645,0.118658,0.236888,0.190419,0.197604,0.253818,0.335690,0.318000,0.300383,0.195981,0.143360,0.201723,0.200388,0.168423,0.325409,0.227194,0.185501,0.243429,0.209003,0.147683,0.245397,0.307446,0.203748,0.214705,0.262209,0.211208,0.138865,0.344300,0.214197,0.273176,0.283333,0.027782,0.319176,0.350465,0.261142,0.111280,0.155602,0.122236,0.136625,0.127017,0.071905,0.189817,0.033627,0.186125,0.306854,0.302224,0.278663,0.150371,0.190253,0.097758,0.259243,0.135256,#
15,0.237078,0.093692,0.180139,0.120007,0.156005,0.231367,0.124002,0.082756,0.276051,0.246200,0.244177,0.016421,0.061147,0.150058,0.327333,1.000000,0.179391,0.223087,0.130017,0.253385,0.087444,0.184235,0.239047,0.276702,0.079225,0.117621,0.139756,0.165516,0.124411,0.364146,0.069485,0.268204,0.070220,0.210917,0.151990,0.291089,0.232934,0.088062,0.276046,0.087385,0.107627,0.158098,0.186065,0.179362,0.274876,0.158411,0.136197,0.312237,0.139005,0.233618,-0.067999,0.315488,0.176389,0.146177,0.138769,0.135946,0.199564,0.029381,0.161359,0.152210,0.256723,0.228478,0.244241,0.245178,0.151778,0.248117,0.102458,0.166679,0.030763,0.000396,0.238966,0.066836,0.015791,0.154669,0.181832,0.130937,0.218849,0.222739,0.170011,0.087684,0.372546,0.179010,-0.080306,0.208984,0.297377,0.237508,0.109277,0.394956,0.128487,0.090860,0.135860,0.092089,0.133027,0.130369,0.155449,0.212468,0.231622,0.123597,0.082169,0.084132,0.282097,0.108641,0.251332,0.301744,0.140989,0.157339,0.282561,0.195713,0.021395,0.220726,-0.014233,0.146475,0.162836,0.184400,0.046780,0.163711,0.145521,0.141987,0.080328,0.115833,0.212428,0.124713,0.134455,0.135462,0.028666,0.149954,0.280775,0.202786,0.099380,0.388592,-0.064338,0.019231,0.131316,0.140792,0.200788,0.089978,-0.020597,-0.052492,0.147061,0.132096,0.030033,0.089733,0.220450,0.031518,0.117250,0.104021,0.081918,0.161336,0.147974,0.036928,0.200550,0.037449,0.271000,0.254583,0.131522,0.150378,0.310493,0.189811,0.091142,0.208293,0.139374,0.117321,0.301208,-0.047478,0.191762,0.241900,0.212334,0.268135,0.321459,0.054573,0.021711,0.308098,-0.063739,0.132449,0.098087,0.271453,0.203088,0.216848,0.149739,0.156793,0.180217,0.155417,0.187176,0.214823,0.148049,0.222721,-0.089424,0.191742,-0.035703,0.157482,0.085883,0.190493,0.190528,0.137000,0.107182,0.158687,0.213230,0.223596,0.177770,0.160767,#
16,0.357925,0.051927,-0.050005,0.112456,0.187698,0.116696,0.157125,0.297734,0.112528,0.181381,0.171085,0.106017,0.307327,0.254212,0.247711,0.179391,1.000000,0.226604,0.135756,0.332585,0.308753,0.168602,0.093308,0.201825,0.074150,0.202144,0.205914,0.001570,0.075937,0.274551,0.005805,0.251030,0.225409,0.365823,0.161499,0.152363,0.270493,0.061882,0.267325,0.166961,0.143491,0.119463,0.238941,0.209289,0.188969,0.220215,0.039512,0.123002,0.161226,0.207438,0.056097,0.087984,0.277444,0.412625,0.161508,0.140564,-0.009741,0.213304,0.232291,0.058667,0.044826,0.342109,0.195393,0.107489,0.226729,0.175311,0.029426,0.202410,0.245327,0.282992,0.058125,0.078455,0.204411,0.202927,0.183448,0.129988,0.134146,0.267891,0.223586,0.247567,0.198471,0.177180,0.129090,0.298296,0.193839,0.248111,0.295673,0.202498,0.298034,0.174018,0.133963,0.167656,0.200428,0.078905,0.282003,0.267257,0.256711,0.195565,0.198782,0.232405,-0.028746,0.106090,0.208349,0.313333,0.122217,0.297684,0.237693,0.142820,0.152484,0.148693,0.180547,0.215058,0.292032,0.170673,0.331181,0.264047,0.379178,0.147345,0.140608,0.191054,0.309059,0.343053,0.264174,0.279467,0.327723,0.207632,0.198045,0.124548,0.130055,0.172735,0.172812,0.096368,0.175585,0.014257,0.295160,0.215332,0.089798,0.072747,0.098499,0.188620,0.085862,0.083933,0.205085,0.123512,0.138889,0.064022,0.194450,0.082069,0.252105,0.359221,0.023712,0.224358,0.148975,0.148858,0.212892,0.336154,0.319075,0.240466,0.222006,0.332575,0.146963,0.202326,0.265488,0.143220,0.128753,0.204667,0.189764,0.284516,0.172292,0.010245,0.234188,0.321312,0.084545,0.050819,0.110633,0.117002,0.170195,0.208729,0.292705,0.044925,0.009243,0.182756,0.250408,-0.008310,0.231207,0.345753,0.112961,0.325170,0.146001,0.159822,0.246558,0.107438,0.119584,0.184413,0.169794,0.170941,0.176409,0.022656,0.110432,0.136905,#
17,0.357972,0.082241,0.197985,0.264545,0.218144,0.253603,0.238205,0.209774,0.268137,0.218428,0.171821,0.243324,0.294282,0.261773,0.198707,0.223087,0.226604,1.000000,0.227163,0.268890,0.269127,0.249612,0.263957,0.400929,0.189674,0.192627,0.271369,0.180748,0.146687,0.221453,0.192022,0.169467,0.220349,0.253593,0.288481,0.354726,0.126455,0.199342,0.394433,0.254974,0.369518,0.331911,0.379432,0.242947,0.222888,0.228747,0.195285,0.346895,0.260338,0.225068,0.235643,0.308104,0.236599,0.129843,0.207262,0.257581,0.224835,0.091301,0.289879,0.067857,0.195540,0.301552,0.061754,0.227511,0.263864,0.376877,0.235558,0.394282,0.216625,0.215747,0.173186,0.298659,0.091455,0.130285,0.158607,0.212923,0.236655,0.191530,0.240935,0.176097,0.250032,0.195093,0.249608,0.113573,0.144965,0.163368,0.408903,0.182949,0.274520,0.171500,0.215010,0.178166,0.353624,0.228509,0.257718,0.416601,0.234285,0.163512,0.141175,0.218703,0.231347,-0.039973,0.164250,0.283736,0.194906,0.153121,0.244693,0.187148,0.189403,0.109859,0.242754,0.211594,0.145202,0.303140,0.278583,0.105152,0.143732,0.192580,0.082147,0.257356,0.189747,0.286407,0.222871,0.208689,0.346181,0.293509,0.265906,0.109942,0.155239,0.260809,0.391348,0.250128,0.295300,0.175105,0.118142,0.287274,0.210600,0.216240,0.296277,0.328585,0.216956,0.262215,0.363569,0.200475,0.212576,0.247216,0.199582,0.248113,0.203839,0.066583,0.271309,0.081877,0.157782,0.243213,0.340544,0.399289,0.377033,0.276595,0.287487,0.150785,0.172076,0.218239,0.355188,0.256550,0.167350,0.286546,0.120101,0.203986,0.375052,0.137558,0.377059,0.153173,0.189917,0.138918,0.213350,0.182183,0.309315,0.237634,0.213622,0.356950,0.165923,0.430974,0.249039,0.266409,0.281393,0.190572,0.188567,0.352879,0.185910,0.079913,0.152139,0.222590,0.304826,0.283601,0.382231,0.364749,0.118062,0.365539,0.110649,0.276554,#
18,0.282702,0.091710,0.149805,0.395076,0.220143,0.000297,0.198352,0.240331,0.229852,0.366213,0.208077,0.191336,0.301203,0.326801,0.343575,0.130017,0.135756,0.227163,1.000000,0.402007,0.248707,0.258967,0.311671,0.267925,0.139390,0.185714,0.066626,0.295921,0.192067,0.205823,-0.064097,0.210714,0.238900,0.330045,0.321687,0.249258,0.205860,0.152709,0.200836,0.277359,0.316470,0.066764,0.244560,0.171240,0.385163,0.145207,0.196626,0.184932,0.042562,0.164656,0.097910,0.227536,0.294156,0.092175,0.215738,0.209698,0.133361,0.237786,0.189677,0.233061,0.222486,0.205153,0.303870,0.133230,0.428036,0.182631,0.220687,0.178879,-0.023458,0.189412,0.219691,0.081587,0.138574,0.171061,0.318375,0.212014,0.308158,0.225667,0.216857,0.156215,0.137457,0.126947,0.299514,0.184873,0.184275,0.132607,0.251485,0.222967,0.203336,0.141328,0.289055,0.203205,0.172750,0.172833,0.385227,0.298644,0.311705,0.233096,0.235900,0.251792,0.262514,0.236304,0.244517,0.264688,0.436467,0.222574,0.162507,0.077653,0.156603,0.038162,0.272082,0.106230,0.360072,0.303521,0.104718,0.145450,0.158777,-0.015364,0.108550,0.259634,0.241875,0.307763,0.208872,0.022084,0.200403,0.020491,0.138942,0.230665,0.284473,0.132383,0.053560,0.266731,0.076436,0.258671,0.252660,0.277305,0.261671,0.248086,0.072799,0.149490,0.059289,0.264887,0.276899,0.229018,0.123738,0.361699,0.222710,0.101648,0.105994,0.195984,0.149181,0.294006,0.237740,0.272285,0.139651,0.273267,0.259087,0.266382,0.230967,0.263214,0.273139,0.152449,0.262740,0.215628,0.195908,0.342593,0.286853,0.189365,0.240277,0.260255,0.134835,0.287595,0.221352,0.185108,0.049851,0.275211,0.265606,0.337764,0.129042,0.201643,0.159194,0.219312,0.238948,0.206491,0.187940,0.114625,0.333216,0.151856,0.135930,0.122514,0.302139,0.188562,0.182589,0.350826,0.336221,0.262802,0.124397,0.159923,0.251644,0.190004,#
19,0.334428,0.140746,0.262510,0.258571,0.446321,0.439394,0.122858,0.270361,0.308099,0.385812,0.285505,0.096658,0.276382,0.231645,0.365721,0.253385,0.332585,0.268890,0.402007,1.000000,0.262106,0.190677,0.331746,0.305330,0.164203,0.135672,0.321371,0.188421,0.276450,0.328424,0.244985,0.260792,0.207789,0.259804,0.195560,0.253383,0.323750,0.092524,0.316548,0.266822,0.355916,0.156966,0.261667,0.193645,0.216280,0.290985,0.312804,0.194853,0.289767,0.201566,0.067205,0.255799,0.219858,0.229991,0.176605,0.313456,0.293529,0.147992,0.338319,0.191296,0.239839,0.457327,0.338110,0.295827,0.389636,0.171567,0.170845,0.327830,0.085271,0.175331,0.344145,0.171856,0.258869,0.279255,0.254325,0.286589,0.269334,0.289063,0.397173,0.220524,0.280657,0.138457,0.331269,0.245138,0.209442,0.329184,0.244942,0.419832,0.309344,0.026582,0.222793,0.257074,0.377164,0.253068,0.322054,0.364037,0.387230,0.299985,0.213009,0.240164,0.216560,0.172952,0.283165,0.303089,0.289682,0.361498,0.264018,0.280834,0.178066,0.021358,0.112752,0.262864,0.334043,0.313617,0.272793,0.155876,0.366851,0.259484,0.148772,0.129629,0.173894,0.395616,0.358220,0.276940,0.389435,0.108891,0.365293,0.210094,0.313690,0.312063,0.277544,0.247014,0.229922,0.286099,0.445834,0.228576,0.261640,0.287348,0.132557,0.162305,0.063645,0.250296,0.306667,0.167413,0.262345,0.272231,0.206496,0.126940,0.303302,0.236893,0.277785,0.444599,0.260740,0.280494,0.292369,0.364048,0.380961,0.227682,0.311207,0.360483,0.444528,0.176940,0.286238,0.140661,0.274400,0.307152,0.166134,0.239505,0.347966,0.221947,0.265223,0.364825,0.336340,0.259142,0.244441,0.260873,0.282958,0.400794,0.306826,0.208425,0.075606,0.384058,0.331207,0.369407,0.408265,0.211109,0.200204,0.252750,0.265515,0.230398,0.321948,0.336412,0.229716,0.306135,0.229536,0.356085,0.104117,0.164014,0.367146,0.268051,#
20,0.182416,0.039303,0.235840,0.209375,0.388567,0.204572,0.311889,0.218842,0.131755,0.370855,0.199673,0.176236,0.196446,0.314434,0.319336,0.087444,0.308753,0.269127,0.248707,0.262106,1.000000,0.330544,0.191319,0.223727,0.138294,0.274012,0.299153,0.109106,0.256668,0.238119,0.025225,0.150301,0.286595,0.343440,0.313226,0.418310,0.308190,0.144898,0.398095,0.319381,0.249524,0.358255,0.177430,0.111984,0.331522,0.290419,0.346976,0.055153,0.114045,0.186890,0.029605,0.249224,0.180597,0.298481,0.334553,0.284088,0.299258,0.287241,0.249202,0.154827,0.228375,0.277023,0.307068,0.106305,0.245776,0.179598,0.141610,0.280264,0.222325,0.338446,0.430722,0.217559,0.129384,0.268027,0.270718,0.129911,0.227691,0.238918,0.173993,0.171316,0.214680,0.341349,0.381315,0.162646,0.219989,0.157026,0.315168,0.220199,0.312392,0.161356,0.289144,0.273830,0.292993,0.347845,0.497979,0.190426,0.181597,0.351591,0.326613,0.164981,0.282837,0.172376,0.375261,0.159841,0.250144,0.171000,0.236469,0.216722,0.152735,0.301913,0.297385,0.357324,0.262394,0.117501,0.292471,0.256635,0.369842,0.360530,0.122068,0.348088,0.288328,0.334743,0.219058,0.334150,0.220769,0.228509,0.254057,0.152262,0.449830,0.264658,0.397521,0.227666,0.204476,0.345045,0.328214,0.189561,0.219626,0.145240,0.232501,0.247117,0.167968,0.301281,0.254763,0.222263,0.247366,0.237447,0.202029,0.119119,0.098168,0.348904,0.314519,0.310857,0.193304,0.407575,0.251529,0.295767,0.174049,0.117027,0.226124,0.305068,0.227585,0.308962,0.304807,0.235893,0.256643,0.067188,0.108874,0.214343,0.352108,0.177835,0.361264,0.209257,0.335692,0.084086,0.142055,0.303844,0.050298,0.284699,0.399699,0.144055,0.181884,0.224537,0.209966,0.172825,0.217594,0.139150,0.230448,0.328298,0.181525,0.278658,0.085179,0.183152,0.194161,0.393408,0.207452,0.141399,0.196637,0.151109,0.315827,0.294336,#
21,0.140432,0.231124,0.212178,0.285999,0.233174,0.148212,0.206657,0.256418,0.403809,0.289854,0.114441,0.254479,0.255686,0.290763,0.141111,0.184235,0.168602,0.249612,0.258967,0.190677,0.330544,1.000000,0.179995,0.213662,0.109694,0.212471,0.176489,0.170267,0.212578,0.219335,0.136671,0.240825,0.278718,0.246958,0.282528,0.310251,0.388064,0.286838,0.342663,0.188587,0.255979,0.291505,0.175817,0.251977,0.195910,0.239408,0.173592,0.271103,0.206851,0.061817,0.114342,0.281563,0.065932,0.098133,0.259812,0.240568,0.222533,0.223255,0.182545,0.073750,0.303196,0.143442,0.294137,0.067680,0.395437,0.308910,0.182044,0.314027,0.218463,0.210956,0.347415,0.230372,0.237930,0.378593,0.308508,0.174943,0.170256,0.218547,0.181334,0.254774,0.170953,0.192973,0.225144,0.005747,0.306593,0.144079,0.310285,0.250373,0.234965,0.285006,0.162022,0.101699,0.150670,0.233886,0.346067,0.203406,0.275066,0.170717,0.142614,0.240717,0.280001,0.304545,0.354845,0.153381,0.187649,0.324745,0.095710,0.080851,0.217278,0.264047,0.307410,0.308571,0.167704,0.226780,0.163477,0.337619,0.421068,0.151121,0.023831,0.234434,0.200260,0.355799,0.284317,0.251121,0.250008,0.105070,0.246992,0.285283,0.280140,0.171477,0.311558,0.276643,0.339722,0.241499,0.224012,0.199079,0.082329,0.073738,0.162644,0.294557,0.209257,0.290322,0.239488,0.248243,0.253339,0.325743,0.254841,0.222631,0.177625,0.266203,0.273809,0.192372,0.126739,0.312616,0.339239,0.378948,0.233760,0.159664,0.202594,0.273926,0.257557,0.300668,0.279524,0.296949,0.282429,0.122713,0.219436,0.248161,0.219700,0.327127,0.261339,0.196115,0.159501,0.060772,0.226151,0.370430,0.061118,0.342691,0.140647,0.169590,0.203813,0.275896,0.180356,0.255217,0.192535,0.274908,0.159294,0.214705,0.126455,0.342105,0.290646,0.175008,0.248418,0.342498,0.334048,0.210308,0.278546,0.313931,0.235158,0.186475,#
