0,1.000000,0.775655,0.774323,0.714002,0.713544,0.785502,0.776117,0.778643,0.792183,0.730043,0.806724,0.777457,0.716962,0.748288,0.712016,0.779976,0.816950,0.808540,0.766044,0.758566,0.782819,0.699785,0.774401,0.801431,0.701412,0.727415,0.725954,0.742762,0.717683,0.780416,0.741681,0.790031,0.751294,0.756444,0.762801,0.730857,0.722753,0.746356,0.789419,0.793608,0.782943,0.731774,0.800845,0.726136,0.763659,0.704583,0.782039,0.795771,0.783362,0.801222,0.761108,0.807112,0.767928,0.786640,0.787779,0.803248,0.752895,0.808445,0.755828,0.761639,0.778661,0.737921,0.802946,0.766033,0.777814,0.756163,0.821005,0.762321,0.775283,0.703823,0.746380,0.746725,0.812952,0.800474,0.751188,0.759618,0.802501,0.760554,0.793567,0.734907,0.803680,0.767629,0.783152,0.779532,0.791562,0.800890,0.811296,0.803037,0.731346,0.772343,0.722732,0.756705,0.765225,0.740032,0.770659,0.760965,0.764115,0.745852,0.784215,0.816241,0.765053,0.743719,0.795225,0.797215,0.723844,0.775307,0.738780,0.784572,0.764986,0.703765,0.766130,0.787923,0.776037,0.763495,0.770983,0.816040,0.746996,0.764329,0.730419,0.743796,0.683511,0.818377,0.808068,0.823006,0.813488,0.765293,0.722136,0.715209,0.712248,0.739275,0.757722,0.765143,0.770927,0.722361,0.784108,0.780209,0.756877,0.780795,0.753929,0.815522,0.759829,0.725857,0.697895,0.767308,0.771888,0.626363,0.777570,0.714367,0.781949,0.756939,0.766967,0.816704,0.775630,0.705125,0.760201,0.745045,0.783735,0.808884,0.811444,0.744586,0.801574,0.775736,0.776509,0.756017,0.764747,0.767848,0.782746,0.740985,0.774362,0.751024,0.781274,0.782910,0.765731,0.798935,0.811005,0.747055,0.783789,0.808252,0.764036,0.725308,0.721992,0.762250,0.737465,0.740312,0.756472,0.734641,0.727017,0.762299,0.756161,0.751983,0.729161,0.776952,0.768390,0.772516,0.757278,0.788549,0.750683,0.794211,0.775489,0.762768,#
1,0.775655,1.000000,0.733100,0.765675,0.727392,0.751738,0.682818,0.758548,0.833864,0.743388,0.772981,0.732594,0.712849,0.688376,0.729542,0.757500,0.767518,0.748888,0.760811,0.763790,0.751599,0.786962,0.776740,0.750129,0.741348,0.688714,0.751366,0.767023,0.713386,0.700540,0.776431,0.794216,0.711411,0.776025,0.708544,0.745077,0.715107,0.757600,0.792019,0.754733,0.727447,0.687792,0.751390,0.718006,0.714991,0.723129,0.765882,0.765223,0.773865,0.762953,0.719347,0.793562,0.755155,0.736259,0.788161,0.736485,0.724473,0.758427,0.722016,0.685607,0.758778,0.727278,0.716228,0.714220,0.756473,0.767918,0.772731,0.746562,0.758359,0.763139,0.714917,0.760171,0.820107,0.722754,0.753447,0.726360,0.736598,0.708128,0.765323,0.691727,0.771177,0.731298,0.763458,0.779967,0.800356,0.750698,0.772063,0.794392,0.767852,0.736605,0.694576,0.720561,0.768939,0.758539,0.779012,0.749277,0.740669,0.738243,0.748592,0.746964,0.766990,0.698974,0.696320,0.749045,0.693964,0.779451,0.726066,0.772913,0.750788,0.725871,0.758622,0.726019,0.712631,0.784542,0.692777,0.756581,0.726240,0.744818,0.698933,0.659368,0.744975,0.747209,0.719548,0.757488,0.769052,0.717661,0.708045,0.716090,0.728031,0.761220,0.704813,0.797931,0.708555,0.714191,0.785944,0.770842,0.745557,0.760044,0.729222,0.754925,0.806437,0.736937,0.761315,0.769267,0.730601,0.689005,0.731045,0.714346,0.760019,0.682290,0.752557,0.814531,0.766858,0.659590,0.792166,0.725528,0.777325,0.775384,0.707304,0.705071,0.759292,0.785358,0.750067,0.764690,0.739765,0.708766,0.767822,0.682133,0.703195,0.721543,0.739685,0.729239,0.754341,0.795887,0.740817,0.753183,0.766529,0.812288,0.701238,0.739677,0.709049,0.730442,0.724848,0.755102,0.725314,0.777811,0.738413,0.660483,0.796056,0.759597,0.752585,0.740950,0.736213,0.743794,0.773573,0.684071,0.705109,0.792401,0.702286,0.756507,#
2,0.774323,0.733100,1.000000,0.726797,0.725364,0.735051,0.734408,0.746418,0.789451,0.692898,0.723604,0.687807,0.693821,0.740734,0.705798,0.723288,0.728712,0.754074,0.720710,0.749440,0.733689,0.696142,0.725793,0.789797,0.676004,0.706133,0.769695,0.753363,0.752552,0.756292,0.753612,0.754979,0.731863,0.721570,0.725113,0.706980,0.705689,0.738239,0.788361,0.733867,0.678775,0.695831,0.772758,0.711527,0.693018,0.718392,0.795055,0.700978,0.707288,0.763331,0.736037,0.779214,0.766416,0.755175,0.795859,0.762774,0.753163,0.723050,0.726306,0.702035,0.814567,0.736423,0.738364,0.744117,0.744708,0.739744,0.703847,0.731613,0.728063,0.749066,0.728482,0.719839,0.764803,0.750693,0.771758,0.729865,0.726970,0.706472,0.741368,0.738366,0.772983,0.751257,0.778013,0.714055,0.798730,0.750819,0.717967,0.787765,0.696993,0.696091,0.722246,0.724487,0.791932,0.738811,0.762778,0.745276,0.739908,0.698049,0.779743,0.747389,0.727634,0.712563,0.721742,0.739667,0.643130,0.773205,0.750466,0.733829,0.712504,0.657046,0.749571,0.670304,0.756338,0.716426,0.702992,0.692597,0.701564,0.757891,0.721998,0.682372,0.690630,0.712639,0.700700,0.808780,0.749904,0.665679,0.706709,0.716889,0.716510,0.757956,0.752816,0.768175,0.776712,0.759839,0.773130,0.746138,0.765889,0.751509,0.775379,0.756102,0.697697,0.756472,0.655778,0.692501,0.701598,0.724201,0.714984,0.698991,0.712263,0.762685,0.754286,0.783372,0.748258,0.736215,0.720451,0.720233,0.734922,0.696278,0.739917,0.679680,0.691643,0.708570,0.714310,0.725388,0.674488,0.725945,0.745516,0.659481,0.713155,0.702000,0.738788,0.727440,0.764471,0.709060,0.768388,0.715777,0.701537,0.754559,0.708173,0.676386,0.684341,0.768121,0.645962,0.785976,0.696686,0.732467,0.727624,0.686265,0.741890,0.751606,0.722455,0.729771,0.819795,0.748987,0.708571,0.735837,0.681363,0.757212,0.713591,0.744630,#
3,0.714002,0.765675,0.726797,1.000000,0.776647,0.723874,0.714766,0.715748,0.800494,0.719161,0.741351,0.749409,0.714811,0.740469,0.692013,0.759001,0.772300,0.746643,0.797435,0.752990,0.744247,0.752891,0.736730,0.740082,0.752523,0.727895,0.767048,0.734422,0.707985,0.749332,0.761691,0.808382,0.733508,0.770172,0.733563,0.733086,0.707567,0.780864,0.719690,0.786141,0.722573,0.717519,0.762706,0.782183,0.728760,0.791913,0.786614,0.708030,0.756563,0.708843,0.759766,0.704684,0.768942,0.708662,0.718186,0.798157,0.718781,0.765692,0.771100,0.726578,0.754566,0.687965,0.712014,0.746651,0.811838,0.722313,0.696395,0.740634,0.667916,0.755705,0.706476,0.751256,0.785575,0.727742,0.718814,0.718084,0.728812,0.713368,0.739299,0.743367,0.768882,0.714584,0.761264,0.744925,0.790437,0.784778,0.770678,0.733284,0.723163,0.728792,0.732498,0.732688,0.780343,0.775265,0.754001,0.752036,0.696804,0.726070,0.741320,0.729613,0.686188,0.710520,0.706887,0.707686,0.758806,0.728229,0.710568,0.722850,0.716076,0.700230,0.744327,0.681610,0.698869,0.774775,0.736282,0.778624,0.697986,0.724143,0.746378,0.661989,0.702745,0.757255,0.746494,0.726398,0.730271,0.729935,0.728863,0.748217,0.734794,0.728181,0.732676,0.771933,0.704166,0.739483,0.773830,0.808354,0.790728,0.724044,0.725011,0.750941,0.687498,0.778553,0.773257,0.675394,0.690748,0.778009,0.701033,0.795175,0.762396,0.728608,0.741330,0.776015,0.701991,0.726626,0.778602,0.688712,0.749998,0.716464,0.745487,0.691165,0.728243,0.742686,0.701880,0.747080,0.714868,0.731753,0.770144,0.659798,0.739688,0.711165,0.729191,0.761151,0.772302,0.784449,0.729620,0.758809,0.759506,0.783575,0.728686,0.736056,0.684998,0.774184,0.683655,0.735382,0.721278,0.749333,0.737235,0.641611,0.759288,0.816144,0.738298,0.717623,0.723237,0.729569,0.744531,0.736245,0.703041,0.740039,0.704305,0.755059,#
4,0.713544,0.727392,0.725364,0.776647,1.000000,0.778833,0.745766,0.736980,0.767270,0.731726,0.684063,0.760049,0.718168,0.750282,0.693205,0.746269,0.797291,0.797754,0.765960,0.803610,0.787595,0.739005,0.711424,0.771055,0.713030,0.727659,0.745202,0.701381,0.727051,0.725350,0.803084,0.784569,0.790669,0.719004,0.710162,0.719195,0.741010,0.743720,0.738471,0.759302,0.741409,0.662686,0.738396,0.760557,0.720004,0.791936,0.751261,0.751971,0.771365,0.727314,0.735861,0.718013,0.801639,0.719226,0.774131,0.769572,0.725079,0.751031,0.783754,0.748411,0.730736,0.733764,0.742564,0.708689,0.781326,0.765844,0.726226,0.735650,0.708123,0.732416,0.747604,0.784379,0.749487,0.762625,0.750874,0.667416,0.712809,0.737145,0.769458,0.758175,0.736483,0.726400,0.762987,0.710581,0.775549,0.735199,0.708799,0.717751,0.737078,0.723209,0.717424,0.701751,0.741953,0.734907,0.737357,0.762746,0.739135,0.686713,0.707747,0.739514,0.770762,0.747952,0.736416,0.731125,0.710625,0.762399,0.741138,0.743751,0.737248,0.721001,0.718602,0.715869,0.724131,0.795120,0.684763,0.724981,0.742252,0.783661,0.697938,0.647250,0.679363,0.744993,0.791242,0.747107,0.736025,0.729497,0.692143,0.754133,0.794443,0.758426,0.771394,0.744534,0.733374,0.755281,0.821198,0.772133,0.752683,0.721210,0.724555,0.711389,0.674503,0.756362,0.756166,0.715759,0.707164,0.656283,0.765723,0.691682,0.727682,0.775803,0.767761,0.814532,0.702138,0.693716,0.795049,0.743301,0.790502,0.698742,0.739509,0.706229,0.719620,0.714398,0.789006,0.700412,0.713415,0.694155,0.710239,0.668636,0.746538,0.707412,0.745199,0.778254,0.778240,0.739268,0.783346,0.774829,0.779360,0.778876,0.726396,0.712826,0.712291,0.719013,0.707716,0.734425,0.781038,0.768465,0.705808,0.752630,0.740386,0.759925,0.687928,0.676071,0.723763,0.778003,0.701558,0.716598,0.718422,0.735779,0.756740,0.706742,#
5,0.785502,0.751738,0.735051,0.723874,0.778833,1.000000,0.705558,0.765688,0.799267,0.697517,0.762035,0.737340,0.676893,0.691800,0.710748,0.797725,0.785819,0.800370,0.709031,0.791456,0.753175,0.723436,0.750338,0.787906,0.735126,0.731263,0.821553,0.761074,0.725425,0.752982,0.802004,0.809018,0.784209,0.756306,0.724710,0.758096,0.719901,0.751732,0.757227,0.740652,0.795534,0.692926,0.713852,0.755065,0.757920,0.778430,0.803686,0.774298,0.784333,0.731449,0.748197,0.749803,0.757459,0.805447,0.713104,0.826890,0.761079,0.762121,0.825317,0.766605,0.749039,0.767159,0.772184,0.780886,0.766236,0.763053,0.732290,0.769715,0.736426,0.707803,0.741056,0.762595,0.804124,0.740941,0.732634,0.760145,0.789928,0.767771,0.735718,0.738838,0.817335,0.734214,0.761993,0.759587,0.761010,0.774067,0.785402,0.806854,0.771940,0.734909,0.703421,0.755321,0.800681,0.799282,0.754385,0.732828,0.758421,0.755407,0.812182,0.777504,0.774939,0.742217,0.789745,0.787208,0.739832,0.769312,0.759517,0.751652,0.713715,0.755749,0.733930,0.795329,0.732155,0.744831,0.679497,0.737903,0.774660,0.750995,0.693426,0.728493,0.707327,0.773079,0.759706,0.816226,0.723510,0.744252,0.756148,0.725074,0.722804,0.759776,0.796194,0.824835,0.798657,0.769321,0.779130,0.769123,0.794489,0.743690,0.764374,0.767332,0.750773,0.725865,0.756874,0.768661,0.789038,0.667221,0.710724,0.727969,0.796007,0.759586,0.772034,0.793030,0.697667,0.715324,0.756030,0.722157,0.818105,0.761146,0.772588,0.727379,0.763766,0.774591,0.760288,0.717827,0.756695,0.737461,0.697088,0.759056,0.746828,0.740065,0.802044,0.777161,0.742022,0.750923,0.803622,0.721916,0.742862,0.804821,0.748294,0.748426,0.787051,0.764909,0.729135,0.732004,0.794669,0.795479,0.764921,0.740554,0.727233,0.774921,0.710848,0.763708,0.736204,0.746567,0.663463,0.723981,0.718321,0.760792,0.747511,0.726817,#
6,0.776117,0.682818,0.734408,0.714766,0.745766,0.705558,1.000000,0.699510,0.742199,0.680146,0.724519,0.712968,0.710448,0.759596,0.647580,0.713466,0.775917,0.787042,0.740025,0.718563,0.798194,0.679814,0.673253,0.751573,0.704644,0.718765,0.738933,0.713867,0.683129,0.752447,0.748615,0.754823,0.727058,0.742346,0.731405,0.740151,0.717343,0.684502,0.736331,0.752738,0.722533,0.748080,0.744263,0.717898,0.772845,0.683364,0.763656,0.697304,0.792969,0.777394,0.742604,0.774467,0.775067,0.669256,0.767574,0.762968,0.758583,0.780963,0.787505,0.675520,0.755647,0.700534,0.704920,0.724342,0.804267,0.705264,0.791352,0.694473,0.729253,0.693784,0.716066,0.745744,0.750916,0.781135,0.701929,0.688963,0.736802,0.724154,0.750512,0.696548,0.756621,0.736594,0.754281,0.754461,0.723098,0.761544,0.729163,0.716093,0.750748,0.726993,0.694902,0.691446,0.677730,0.711420,0.719541,0.723213,0.751889,0.718838,0.727469,0.756305,0.750609,0.725597,0.749527,0.733348,0.722147,0.683554,0.767491,0.714510,0.717746,0.656072,0.683533,0.711795,0.679196,0.717101,0.697646,0.685540,0.741350,0.768107,0.684030,0.674196,0.720412,0.725478,0.722206,0.784582,0.793127,0.745114,0.697698,0.743661,0.652066,0.716639,0.744256,0.746575,0.710847,0.678513,0.753751,0.758583,0.763873,0.724553,0.786030,0.741668,0.743304,0.744281,0.699373,0.710101,0.699920,0.725212,0.726781,0.698271,0.718235,0.718566,0.739680,0.796823,0.679226,0.640358,0.709041,0.691781,0.746421,0.688175,0.766635,0.720168,0.757961,0.738255,0.707772,0.734591,0.744596,0.741455,0.779284,0.633908,0.737456,0.700391,0.780421,0.735181,0.721679,0.699165,0.738892,0.744853,0.747541,0.749687,0.730026,0.705256,0.724959,0.688689,0.760423,0.759344,0.703140,0.725374,0.673835,0.741742,0.684065,0.736397,0.679484,0.713459,0.708260,0.752287,0.753412,0.738093,0.716439,0.765310,0.729629,0.717749,#
7,0.778643,0.758548,0.746418,0.715748,0.736980,0.765688,0.699510,1.000000,0.841804,0.723472,0.750547,0.730673,0.729141,0.744083,0.744674,0.698918,0.775186,0.764021,0.766084,0.755983,0.767593,0.718642,0.811926,0.780066,0.736113,0.779427,0.768361,0.751285,0.739891,0.756048,0.716411,0.798157,0.722187,0.754193,0.719454,0.736541,0.743284,0.707667,0.776546,0.743305,0.738562,0.704781,0.755181,0.771394,0.732627,0.731377,0.780490,0.771757,0.730877,0.721076,0.775666,0.742863,0.787109,0.797489,0.757400,0.784714,0.736909,0.801119,0.727103,0.747445,0.715090,0.731152,0.760130,0.735223,0.773502,0.771007,0.757888,0.765189,0.772924,0.738445,0.751988,0.674367,0.815784,0.770121,0.788097,0.730013,0.782377,0.728346,0.770439,0.721060,0.785132,0.756663,0.772448,0.745369,0.768473,0.756226,0.801892,0.768104,0.743809,0.732762,0.742960,0.770716,0.754764,0.751601,0.786628,0.736613,0.781067,0.786147,0.757334,0.747373,0.748647,0.729682,0.750731,0.756262,0.740221,0.746412,0.747763,0.763355,0.735936,0.675139,0.814822,0.707549,0.760930,0.765405,0.711005,0.770965,0.728951,0.718910,0.688924,0.744554,0.744236,0.762954,0.728281,0.820730,0.817577,0.743655,0.718049,0.778645,0.695001,0.714295,0.765791,0.757776,0.782623,0.683587,0.797558,0.812421,0.768239,0.772118,0.738448,0.789741,0.738147,0.784418,0.759014,0.733077,0.759356,0.724420,0.768739,0.694548,0.785539,0.771285,0.735535,0.771576,0.778811,0.729931,0.748062,0.780419,0.763610,0.747838,0.771498,0.716987,0.783118,0.714532,0.802821,0.701763,0.749799,0.732636,0.786359,0.722057,0.733475,0.698373,0.816303,0.776221,0.741881,0.774781,0.760259,0.730956,0.749167,0.761903,0.737858,0.732851,0.745834,0.737802,0.717035,0.737515,0.749627,0.790466,0.746497,0.692363,0.758891,0.795935,0.769829,0.739477,0.715085,0.731428,0.742097,0.740795,0.708683,0.793827,0.760900,0.716951,#
8,0.792183,0.833864,0.789451,0.800494,0.767270,0.799267,0.742199,0.841804,1.000000,0.783135,0.757863,0.791508,0.760018,0.774008,0.751514,0.782726,0.794422,0.820693,0.773314,0.803219,0.775943,0.801794,0.800122,0.778453,0.720156,0.771331,0.795883,0.808551,0.754625,0.787788,0.772309,0.803047,0.767576,0.795070,0.725338,0.784110,0.765247,0.769752,0.802840,0.801918,0.755877,0.755165,0.814480,0.770147,0.764257,0.726990,0.774694,0.788661,0.785708,0.787487,0.779507,0.780458,0.785489,0.823498,0.794766,0.826448,0.751285,0.815516,0.767712,0.735851,0.792506,0.755396,0.773458,0.785169,0.789426,0.820116,0.774362,0.804660,0.784505,0.808924,0.745630,0.778597,0.857123,0.829919,0.769139,0.738781,0.792918,0.776723,0.777544,0.785055,0.789828,0.754921,0.800835,0.821721,0.815024,0.810205,0.775038,0.817378,0.754004,0.762710,0.766486,0.776533,0.798780,0.764480,0.825590,0.771229,0.755080,0.775890,0.818996,0.770074,0.796058,0.759104,0.798825,0.809646,0.751225,0.774947,0.808298,0.825770,0.736654,0.748158,0.811321,0.765327,0.807780,0.792428,0.752830,0.800015,0.765133,0.762799,0.757356,0.773570,0.759860,0.762296,0.802324,0.813493,0.790136,0.808325,0.754928,0.779967,0.782951,0.755287,0.767926,0.788378,0.786490,0.776130,0.854953,0.785389,0.780678,0.787889,0.744138,0.811929,0.782795,0.816021,0.791673,0.794995,0.798576,0.728891,0.780576,0.722509,0.790430,0.795808,0.756014,0.824360,0.766938,0.792429,0.775593,0.785328,0.803016,0.782996,0.797161,0.789745,0.798591,0.788055,0.819719,0.795753,0.778424,0.752469,0.783214,0.741460,0.776111,0.774944,0.822539,0.796485,0.798389,0.791138,0.828918,0.777143,0.762436,0.836902,0.757742,0.714010,0.762735,0.802509,0.701946,0.812134,0.796587,0.799746,0.783365,0.728315,0.806632,0.824452,0.781148,0.775561,0.794033,0.770408,0.736794,0.777587,0.762544,0.788161,0.766286,0.814956,#
9,0.730043,0.743388,0.692898,0.719161,0.731726,0.697517,0.680146,0.723472,0.783135,1.000000,0.685959,0.688273,0.713750,0.719225,0.733993,0.711057,0.757662,0.742472,0.746352,0.736616,0.794168,0.700383,0.746864,0.785315,0.675970,0.709467,0.723327,0.777374,0.668860,0.770220,0.701131,0.745988,0.731488,0.753631,0.751657,0.724314,0.717188,0.701172,0.756888,0.742830,0.737068,0.732895,0.730778,0.708881,0.753718,0.681914,0.721577,0.730041,0.683112,0.685294,0.681545,0.687758,0.681366,0.714152,0.743617,0.745062,0.716129,0.789869,0.717760,0.704808,0.748724,0.693890,0.758631,0.728507,0.731339,0.793069,0.742090,0.763177,0.746468,0.688314,0.720038,0.715821,0.738839,0.706354,0.740697,0.684750,0.700778,0.755107,0.739646,0.757611,0.717120,0.721032,0.700865,0.774834,0.779682,0.725838,0.703464,0.781723,0.711179,0.644230,0.685099,0.702324,0.754287,0.719417,0.746432,0.705756,0.703785,0.746765,0.754327,0.712063,0.753522,0.721018,0.735476,0.744545,0.723581,0.744857,0.724686,0.725288,0.752983,0.759353,0.762333,0.739442,0.758353,0.738669,0.667389,0.776055,0.651021,0.696829,0.648299,0.689865,0.708187,0.721934,0.752306,0.774297,0.745039,0.695701,0.726542,0.671881,0.761419,0.700858,0.709007,0.750758,0.735510,0.736474,0.766323,0.721396,0.726264,0.701883,0.709055,0.747944,0.694115,0.782928,0.757386,0.744131,0.691687,0.699540,0.741721,0.690320,0.726004,0.694456,0.688363,0.735286,0.689008,0.705376,0.746430,0.719596,0.716139,0.735475,0.741748,0.733448,0.738198,0.765736,0.731173,0.724657,0.742047,0.725372,0.673097,0.689625,0.741213,0.685134,0.764938,0.756274,0.745142,0.710432,0.748861,0.791597,0.708804,0.777189,0.712660,0.733699,0.742271,0.693978,0.735440,0.709363,0.709967,0.783250,0.658382,0.682708,0.796486,0.717490,0.734112,0.742892,0.689372,0.689599,0.698043,0.676660,0.705622,0.745783,0.715435,0.699173,#
10,0.806724,0.772981,0.723604,0.741351,0.684063,0.762035,0.724519,0.750547,0.757863,0.685959,1.000000,0.715569,0.688631,0.711686,0.664454,0.742072,0.771822,0.739905,0.750376,0.727920,0.746421,0.684705,0.769283,0.789958,0.674906,0.712103,0.746886,0.797495,0.716391,0.769489,0.734865,0.778976,0.726202,0.761845,0.754933,0.754764,0.701491,0.759177,0.750765,0.738684,0.750348,0.705777,0.721689,0.746453,0.758802,0.757330,0.806744,0.772005,0.783102,0.805885,0.701187,0.742899,0.775721,0.720466,0.765369,0.780605,0.742471,0.795100,0.714252,0.733189,0.779146,0.743939,0.809919,0.782254,0.782479,0.720845,0.753778,0.687149,0.759022,0.751656,0.719548,0.752433,0.816995,0.710971,0.714983,0.763835,0.768348,0.793655,0.777242,0.707805,0.819180,0.743420,0.728719,0.774012,0.749731,0.733563,0.778237,0.776868,0.719642,0.770984,0.671967,0.771014,0.797498,0.745846,0.776326,0.779988,0.718749,0.736878,0.791119,0.804580,0.740651,0.733282,0.737097,0.809463,0.779587,0.737023,0.722367,0.744784,0.743018,0.720969,0.741336,0.732841,0.727007,0.738919,0.699330,0.785590,0.709692,0.716100,0.720503,0.701461,0.712154,0.777483,0.686504,0.793461,0.702236,0.730386,0.768233,0.757456,0.711924,0.705969,0.718593,0.738796,0.728911,0.714209,0.785885,0.812916,0.759779,0.717062,0.744033,0.809335,0.809667,0.746791,0.697979,0.732478,0.679729,0.659866,0.723675,0.700242,0.779426,0.719518,0.744095,0.777618,0.776579,0.686475,0.749484,0.749764,0.785078,0.796045,0.747539,0.724845,0.814900,0.738422,0.714331,0.746340,0.726622,0.708494,0.772290,0.702657,0.782702,0.753737,0.771139,0.765552,0.702101,0.741652,0.760139,0.732717,0.767017,0.797948,0.715369,0.778377,0.721431,0.701929,0.754737,0.727423,0.716609,0.745406,0.702309,0.726418,0.719635,0.784501,0.741696,0.715497,0.731893,0.746225,0.753088,0.767184,0.724170,0.783432,0.756185,0.747615,#
11,0.777457,0.732594,0.687807,0.749409,0.760049,0.737340,0.712968,0.730673,0.791508,0.688273,0.715569,1.000000,0.761212,0.699916,0.690427,0.745365,0.766431,0.794003,0.790489,0.735294,0.741564,0.705434,0.751276,0.727739,0.701905,0.713012,0.698563,0.709166,0.727895,0.708278,0.728503,0.769049,0.757056,0.756879,0.689799,0.717635,0.770429,0.750677,0.724629,0.750722,0.720705,0.703570,0.731263,0.717950,0.725005,0.718458,0.810248,0.752343,0.731797,0.774501,0.738941,0.701325,0.762574,0.725573,0.761557,0.773977,0.703275,0.763052,0.725910,0.699198,0.713096,0.681769,0.785911,0.714461,0.757467,0.745162,0.744396,0.732115,0.745533,0.755427,0.762474,0.730711,0.755581,0.755970,0.753783,0.660543,0.794638,0.750281,0.736652,0.661561,0.764729,0.707095,0.744766,0.729887,0.776780,0.739036,0.706924,0.716794,0.705644,0.685934,0.713579,0.741897,0.745908,0.708405,0.739927,0.771277,0.743242,0.731654,0.740970,0.725824,0.699153,0.728022,0.748951,0.750923,0.771631,0.739566,0.721668,0.778358,0.739990,0.750614,0.794763,0.746074,0.750005,0.734802,0.635783,0.752223,0.710692,0.745639,0.694243,0.723432,0.652810,0.749745,0.745263,0.781262,0.765387,0.731205,0.731471,0.711192,0.737704,0.735541,0.758072,0.727850,0.736495,0.741884,0.777941,0.757561,0.784718,0.710933,0.723936,0.727473,0.747819,0.713980,0.734810,0.758908,0.757708,0.645378,0.751700,0.731026,0.732053,0.762031,0.710820,0.739115,0.729217,0.726720,0.761749,0.711043,0.790266,0.718146,0.756532,0.687331,0.720204,0.743555,0.775502,0.716024,0.785311,0.647006,0.748294,0.648564,0.742238,0.755216,0.749599,0.743832,0.766471,0.771067,0.721144,0.748253,0.738509,0.760038,0.695446,0.751269,0.718682,0.701108,0.735322,0.720525,0.753369,0.685798,0.707432,0.760202,0.749994,0.762021,0.749484,0.729521,0.752827,0.720853,0.705455,0.729885,0.718231,0.745534,0.732002,0.725524,#
12,0.716962,0.712849,0.693821,0.714811,0.718168,0.676893,0.710448,0.729141,0.760018,0.713750,0.688631,0.761212,1.000000,0.732492,0.728913,0.688304,0.749862,0.768116,0.751423,0.749543,0.749033,0.668824,0.771455,0.768653,0.691982,0.710386,0.697929,0.719684,0.750028,0.685195,0.717682,0.741760,0.746182,0.768416,0.708146,0.737429,0.745292,0.719368,0.752214,0.733620,0.646814,0.647484,0.705935,0.756848,0.716608,0.727586,0.762357,0.677986,0.707313,0.717662,0.789193,0.697833,0.712018,0.715981,0.772362,0.733902,0.698311,0.748989,0.713659,0.671078,0.687129,0.724013,0.730479,0.707713,0.783325,0.737732,0.712908,0.674493,0.754984,0.720250,0.725813,0.692951,0.747975,0.719262,0.772311,0.701024,0.755078,0.718430,0.740393,0.730028,0.739430,0.697721,0.762233,0.741980,0.708833,0.745254,0.689692,0.729403,0.738388,0.665952,0.712023,0.722735,0.740517,0.652355,0.702615,0.772520,0.784131,0.740774,0.716872,0.696243,0.668966,0.747446,0.737595,0.767115,0.686816,0.715716,0.709913,0.691584,0.744328,0.717053,0.750052,0.700249,0.711006,0.717584,0.761749,0.737352,0.676574,0.688664,0.705205,0.709669,0.681008,0.714711,0.714436,0.788021,0.768885,0.738659,0.710353,0.659414,0.688353,0.713745,0.698151,0.705069,0.680775,0.699922,0.714639,0.737488,0.715198,0.752516,0.708938,0.700981,0.759619,0.762791,0.715902,0.728849,0.695233,0.686660,0.728695,0.656774,0.749825,0.767676,0.709332,0.755228,0.706427,0.653311,0.721978,0.761885,0.785609,0.748682,0.764547,0.704338,0.735548,0.753885,0.754974,0.705246,0.788438,0.636267,0.710515,0.731915,0.659131,0.693503,0.743600,0.733515,0.736369,0.739409,0.715333,0.689664,0.768983,0.799968,0.683411,0.630477,0.689298,0.738473,0.738002,0.715282,0.645849,0.731262,0.646198,0.744839,0.720506,0.720238,0.690926,0.686155,0.688710,0.719422,0.680862,0.731293,0.704294,0.745829,0.748839,0.638799,#
13,0.748288,0.688376,0.740734,0.740469,0.750282,0.691800,0.759596,0.744083,0.774008,0.719225,0.711686,0.699916,0.732492,1.000000,0.666973,0.721926,0.740736,0.792989,0.768487,0.717468,0.762025,0.708158,0.785094,0.751855,0.699753,0.704723,0.698389,0.770214,0.752332,0.778377,0.672243,0.754153,0.769999,0.769951,0.654758,0.702467,0.722651,0.755002,0.771796,0.744033,0.799183,0.699802,0.758071,0.731737,0.778723,0.737583,0.725690,0.742713,0.778010,0.732574,0.736272,0.790965,0.742489,0.728597,0.777863,0.792892,0.735666,0.763304,0.754936,0.707263,0.770805,0.718447,0.717740,0.769856,0.785250,0.759348,0.734908,0.709837,0.761847,0.714068,0.672859,0.737914,0.722268,0.789550,0.764174,0.710218,0.730080,0.732684,0.775947,0.754640,0.749811,0.711460,0.777913,0.760013,0.747598,0.746403,0.696303,0.713434,0.774355,0.737032,0.710985,0.748428,0.757222,0.732976,0.762652,0.715385,0.727615,0.707305,0.729024,0.782176,0.743050,0.723403,0.723844,0.817172,0.730121,0.781850,0.731170,0.752956,0.734264,0.690703,0.759214,0.735763,0.740655,0.762033,0.729526,0.771125,0.669922,0.783081,0.742137,0.735613,0.717630,0.745714,0.688839,0.736519,0.741621,0.700442,0.729421,0.683612,0.695227,0.712707,0.728624,0.739214,0.712023,0.714232,0.793391,0.753620,0.731947,0.739816,0.783753,0.740416,0.722481,0.802913,0.768609,0.733855,0.676751,0.694902,0.779186,0.699988,0.754695,0.755824,0.719028,0.788779,0.698582,0.703658,0.722680,0.732832,0.766460,0.737981,0.790717,0.704573,0.773612,0.744033,0.737330,0.751109,0.742660,0.719382,0.743705,0.706621,0.766216,0.686739,0.753249,0.785789,0.780129,0.728927,0.793312,0.769116,0.758069,0.832568,0.730456,0.710386,0.707293,0.738350,0.750685,0.739070,0.744556,0.766866,0.700050,0.746825,0.701632,0.737362,0.725905,0.713948,0.752253,0.765077,0.751646,0.692918,0.727268,0.755972,0.726426,0.702319,#
14,0.712016,0.729542,0.705798,0.692013,0.693205,0.710748,0.647580,0.744674,0.751514,0.733993,0.664454,0.690427,0.728913,0.666973,1.000000,0.725726,0.737878,0.681197,0.683325,0.685627,0.744191,0.689163,0.692104,0.755274,0.681004,0.613882,0.694988,0.709574,0.704316,0.710863,0.718495,0.751242,0.703794,0.722781,0.695052,0.676440,0.690840,0.711455,0.753391,0.673565,0.640143,0.656587,0.728923,0.739722,0.696660,0.702911,0.704423,0.677444,0.636661,0.652915,0.683948,0.674702,0.670223,0.755894,0.708576,0.710887,0.686858,0.700759,0.712293,0.645631,0.720172,0.720920,0.708678,0.686606,0.693012,0.690416,0.671175,0.709037,0.708544,0.717986,0.685905,0.691659,0.736529,0.678053,0.750132,0.661586,0.736182,0.707536,0.704934,0.635586,0.738683,0.727980,0.731755,0.771058,0.725761,0.724010,0.690111,0.757253,0.717958,0.622281,0.639756,0.640086,0.729787,0.740355,0.743358,0.713486,0.782076,0.698718,0.736793,0.668335,0.710065,0.718038,0.724666,0.661894,0.680489,0.717350,0.672590,0.669877,0.685094,0.663288,0.739200,0.692004,0.732180,0.705567,0.657432,0.729899,0.661371,0.680941,0.652472,0.658550,0.688925,0.730747,0.701109,0.733547,0.759334,0.611440,0.678370,0.747169,0.670920,0.709200,0.665471,0.710984,0.680270,0.690377,0.730143,0.738414,0.689463,0.708595,0.706415,0.731861,0.700720,0.712553,0.636333,0.728418,0.672223,0.712953,0.757257,0.662105,0.726883,0.664188,0.711949,0.697769,0.638418,0.644684,0.741685,0.693571,0.697732,0.713517,0.677697,0.656488,0.690668,0.664442,0.726400,0.681030,0.674339,0.638201,0.672727,0.660001,0.633042,0.723342,0.713517,0.721942,0.715222,0.741787,0.723586,0.743226,0.713898,0.760682,0.650317,0.642577,0.692872,0.739778,0.702047,0.684740,0.680707,0.690962,0.695364,0.625345,0.698743,0.721408,0.617277,0.661861,0.735266,0.718493,0.665067,0.688678,0.685317,0.701641,0.667211,0.615094,#
15,0.779976,0.757500,0.723288,0.759001,0.746269,0.797725,0.713466,0.698918,0.782726,0.711057,0.742072,0.745365,0.688304,0.721926,0.725726,1.000000,0.776754,0.787618,0.752457,0.751260,0.748139,0.731434,0.719705,0.775741,0.726933,0.702681,0.721181,0.721280,0.713295,0.769452,0.767398,0.796726,0.740643,0.782195,0.697980,0.795978,0.784714,0.736692,0.785476,0.723777,0.709244,0.702238,0.752835,0.714973,0.791693,0.719883,0.786498,0.797833,0.775174,0.754265,0.719487,0.769618,0.740636,0.720890,0.755161,0.737189,0.741870,0.734464,0.724627,0.698107,0.779517,0.724703,0.748078,0.788266,0.742518,0.778641,0.727458,0.742642,0.716304,0.676827,0.734391,0.703747,0.720738,0.730219,0.737659,0.689816,0.767179,0.756396,0.761619,0.720847,0.783472,0.744621,0.742004,0.777095,0.803307,0.773747,0.705150,0.779387,0.711728,0.684267,0.683809,0.680478,0.760843,0.735385,0.707091,0.734539,0.721158,0.712576,0.741558,0.740619,0.766284,0.708654,0.782027,0.763233,0.689245,0.745664,0.768626,0.771021,0.697417,0.761926,0.700895,0.715060,0.740655,0.742202,0.673790,0.734636,0.737521,0.769501,0.711751,0.710329,0.693223,0.719393,0.743374,0.764603,0.726051,0.711311,0.774275,0.701144,0.769600,0.779778,0.701103,0.712154,0.704605,0.691222,0.767696,0.736348,0.732421,0.697680,0.750043,0.746324,0.709373,0.715411,0.716930,0.708231,0.718078,0.692404,0.726600,0.687112,0.761393,0.712125,0.764781,0.746694,0.759684,0.711637,0.750134,0.725132,0.797567,0.735272,0.741422,0.711568,0.744001,0.781005,0.789052,0.685760,0.765419,0.718463,0.765665,0.757149,0.768216,0.692905,0.713002,0.789364,0.720138,0.769844,0.742103,0.770498,0.751719,0.787508,0.738660,0.716532,0.717302,0.739187,0.722766,0.769601,0.730291,0.720056,0.656946,0.700425,0.699917,0.772912,0.692252,0.747242,0.742959,0.736268,0.729142,0.719972,0.754593,0.771438,0.757866,0.767501,#
16,0.816950,0.767518,0.728712,0.772300,0.797291,0.785819,0.775917,0.775186,0.794422,0.757662,0.771822,0.766431,0.749862,0.740736,0.737878,0.776754,1.000000,0.810706,0.763245,0.780375,0.838686,0.770908,0.717957,0.798965,0.734496,0.770876,0.790400,0.696027,0.725938,0.748110,0.796234,0.834304,0.810570,0.775168,0.730285,0.773687,0.783139,0.743165,0.785798,0.789166,0.746547,0.756855,0.766548,0.768324,0.750293,0.779532,0.773031,0.772704,0.781346,0.787243,0.741371,0.754419,0.783704,0.803829,0.802632,0.810921,0.685188,0.799042,0.790184,0.706274,0.760252,0.764990,0.772625,0.733705,0.780768,0.756648,0.772114,0.781568,0.819829,0.789139,0.742431,0.732144,0.804770,0.771459,0.779304,0.728807,0.778519,0.800254,0.798532,0.787202,0.822736,0.772729,0.796877,0.797581,0.786166,0.783199,0.800526,0.761274,0.755472,0.765463,0.708526,0.743395,0.798812,0.776010,0.797532,0.823732,0.783121,0.751037,0.797271,0.766410,0.747025,0.748378,0.774292,0.794612,0.741607,0.827741,0.795262,0.766110,0.809832,0.736132,0.810434,0.785280,0.781407,0.796240,0.796186,0.813017,0.783571,0.772941,0.715113,0.680472,0.721447,0.801582,0.773729,0.807740,0.805470,0.768407,0.774680,0.729613,0.747082,0.745776,0.801159,0.755644,0.788052,0.718114,0.825738,0.828349,0.782188,0.738602,0.768109,0.790093,0.752512,0.787988,0.779422,0.766594,0.743691,0.715004,0.771627,0.740250,0.779889,0.786256,0.744383,0.823343,0.732929,0.729431,0.830943,0.759539,0.787996,0.762236,0.782150,0.768929,0.747674,0.774791,0.806831,0.759346,0.773144,0.780409,0.772579,0.752670,0.795814,0.734114,0.785733,0.793702,0.778764,0.771597,0.772866,0.761459,0.742939,0.829606,0.760260,0.736280,0.734658,0.747569,0.781690,0.742767,0.774200,0.777183,0.761658,0.777925,0.758479,0.775339,0.790356,0.721197,0.800147,0.766783,0.746997,0.768632,0.762796,0.774400,0.794186,0.766211,#
17,0.808540,0.748888,0.754074,0.746643,0.797754,0.800370,0.787042,0.764021,0.820693,0.742472,0.739905,0.794003,0.768116,0.792989,0.681197,0.787618,0.810706,1.000000,0.742531,0.801882,0.802481,0.724002,0.780790,0.825253,0.807019,0.770184,0.782951,0.760570,0.734325,0.790634,0.785616,0.803661,0.725738,0.757803,0.733639,0.807034,0.757253,0.771807,0.809125,0.796385,0.777935,0.763782,0.799692,0.763261,0.762949,0.733892,0.777231,0.820332,0.810168,0.803786,0.783942,0.766882,0.781845,0.747899,0.793895,0.825058,0.763568,0.774035,0.789788,0.709828,0.770110,0.762543,0.748446,0.773474,0.779922,0.828589,0.806476,0.790269,0.767478,0.744763,0.760136,0.754106,0.770762,0.764382,0.764921,0.729853,0.798681,0.789413,0.788448,0.784858,0.809773,0.760334,0.805034,0.792518,0.780819,0.780554,0.787303,0.773660,0.765432,0.752416,0.749990,0.748149,0.790852,0.757631,0.750540,0.804489,0.784903,0.736509,0.733466,0.800258,0.793081,0.710406,0.781744,0.803667,0.720948,0.749876,0.796559,0.790964,0.727728,0.767727,0.775890,0.768732,0.733975,0.802220,0.749243,0.751762,0.724410,0.787356,0.718330,0.733940,0.742141,0.768386,0.759905,0.817176,0.792563,0.802316,0.778590,0.725718,0.737060,0.769474,0.824707,0.806815,0.788739,0.726751,0.767729,0.803262,0.772491,0.770203,0.809049,0.812659,0.787204,0.798664,0.827755,0.771861,0.772734,0.708794,0.792979,0.744438,0.797300,0.737835,0.791012,0.796037,0.745991,0.733341,0.796864,0.811860,0.851386,0.765116,0.798487,0.731353,0.786114,0.763021,0.831208,0.736756,0.805134,0.758279,0.720276,0.727412,0.781503,0.730982,0.827103,0.776815,0.772530,0.776324,0.817708,0.751210,0.773728,0.823371,0.758064,0.769756,0.758268,0.801435,0.777285,0.792441,0.806785,0.766823,0.746102,0.825748,0.738150,0.757219,0.752974,0.763271,0.785084,0.781183,0.765244,0.792528,0.743006,0.821331,0.761563,0.756006,#
18,0.766044,0.760811,0.720710,0.797435,0.765960,0.709031,0.740025,0.766084,0.773314,0.746352,0.750376,0.790489,0.751423,0.768487,0.683325,0.752457,0.763245,0.742531,1.000000,0.765466,0.756780,0.750927,0.757092,0.730008,0.729195,0.746444,0.735234,0.750589,0.711794,0.767588,0.701997,0.788212,0.761024,0.791448,0.750473,0.788410,0.737143,0.749954,0.753612,0.748770,0.761967,0.659776,0.728805,0.712991,0.797652,0.727656,0.804488,0.764029,0.743578,0.701419,0.720855,0.723697,0.790111,0.726379,0.775523,0.785608,0.717889,0.791693,0.741909,0.757128,0.773203,0.686443,0.748614,0.730200,0.795033,0.744040,0.736503,0.747902,0.715182,0.761092,0.763123,0.722862,0.778958,0.754017,0.774224,0.681340,0.795980,0.725429,0.800397,0.731098,0.743056,0.717661,0.758538,0.772370,0.795231,0.747084,0.738977,0.749824,0.742378,0.711202,0.733048,0.710598,0.781829,0.752542,0.781114,0.723585,0.750767,0.758656,0.757375,0.766746,0.766113,0.713633,0.753247,0.780156,0.743892,0.773400,0.717080,0.733961,0.747367,0.725625,0.776929,0.725446,0.787571,0.791816,0.672284,0.729179,0.722786,0.737850,0.699096,0.717999,0.700194,0.790579,0.749635,0.758313,0.754697,0.708490,0.748746,0.713570,0.803540,0.704522,0.744233,0.763171,0.739193,0.730927,0.778006,0.788022,0.796005,0.752174,0.744225,0.759577,0.728610,0.782733,0.741096,0.784744,0.708929,0.742682,0.747692,0.686440,0.772195,0.735698,0.718405,0.827167,0.747828,0.688646,0.751466,0.761489,0.756034,0.795100,0.772347,0.716911,0.766688,0.737796,0.788802,0.749553,0.771507,0.750769,0.799511,0.697452,0.714110,0.721720,0.750418,0.797281,0.779286,0.724768,0.722089,0.762745,0.747794,0.809041,0.714578,0.774873,0.739480,0.737426,0.722925,0.744219,0.739605,0.759052,0.726725,0.693218,0.725750,0.776234,0.746866,0.742944,0.708686,0.799444,0.776530,0.730730,0.699661,0.776350,0.770616,0.735313,#
19,0.758566,0.763790,0.749440,0.752990,0.803610,0.791456,0.718563,0.755983,0.803219,0.736616,0.727920,0.735294,0.749543,0.717468,0.685627,0.751260,0.780375,0.801882,0.765466,1.000000,0.758122,0.730220,0.733332,0.759591,0.699479,0.695486,0.774307,0.710851,0.744791,0.755232,0.761902,0.814872,0.727475,0.739373,0.659484,0.762883,0.729014,0.709128,0.775460,0.754026,0.745320,0.673827,0.742608,0.735758,0.731244,0.750682,0.813394,0.758025,0.779620,0.675654,0.680434,0.724980,0.745665,0.751208,0.749055,0.723591,0.750845,0.751435,0.759703,0.662328,0.762416,0.741600,0.767331,0.737142,0.766210,0.783024,0.700231,0.732749,0.740899,0.731465,0.730511,0.722350,0.774273,0.753097,0.762067,0.672869,0.736082,0.717851,0.753804,0.722156,0.758180,0.693146,0.785260,0.737809,0.743945,0.726640,0.740096,0.804675,0.758246,0.667316,0.731051,0.714897,0.780757,0.721322,0.750689,0.744622,0.752131,0.705655,0.725331,0.779010,0.753250,0.727560,0.739288,0.755433,0.692014,0.753086,0.746089,0.747770,0.723699,0.674187,0.724968,0.715343,0.745128,0.758283,0.720678,0.720037,0.748407,0.743129,0.683195,0.648645,0.688764,0.759834,0.738869,0.796938,0.793494,0.728026,0.764537,0.712945,0.780223,0.780556,0.744729,0.770194,0.748641,0.752271,0.794371,0.763485,0.754528,0.728407,0.733716,0.763008,0.716421,0.719116,0.722134,0.719877,0.726207,0.689381,0.719550,0.653554,0.767063,0.745313,0.746520,0.805207,0.703756,0.684289,0.762609,0.750916,0.788525,0.784953,0.752820,0.733050,0.748618,0.747756,0.746509,0.690141,0.758579,0.719868,0.703107,0.736577,0.732978,0.692157,0.761544,0.799816,0.771247,0.724939,0.781518,0.728883,0.754825,0.823208,0.714120,0.701367,0.664662,0.756940,0.726832,0.795249,0.770295,0.731651,0.701431,0.740084,0.765472,0.762673,0.726922,0.735708,0.736065,0.788200,0.701845,0.784827,0.676826,0.731606,0.726897,0.716785,#
20,0.782819,0.751599,0.733689,0.744247,0.787595,0.753175,0.798194,0.767593,0.775943,0.794168,0.746421,0.741564,0.749033,0.762025,0.744191,0.748139,0.838686,0.802481,0.756780,0.758122,1.000000,0.747899,0.727352,0.783681,0.722706,0.768594,0.781734,0.738626,0.715416,0.780025,0.758560,0.791904,0.750992,0.805944,0.755246,0.801212,0.760964,0.739703,0.802182,0.799229,0.745460,0.786472,0.736256,0.786830,0.782081,0.744798,0.793570,0.748807,0.746927,0.752588,0.737117,0.779182,0.761368,0.774796,0.778431,0.793482,0.743855,0.797081,0.779748,0.716982,0.794157,0.732929,0.808022,0.731089,0.810425,0.784701,0.793018,0.743364,0.783687,0.744253,0.759500,0.748267,0.750387,0.766306,0.785140,0.685184,0.752160,0.765531,0.777865,0.770235,0.772040,0.812584,0.778572,0.789951,0.749762,0.769038,0.789203,0.755711,0.750052,0.757257,0.740078,0.760768,0.775477,0.780450,0.818832,0.742879,0.732608,0.725469,0.754981,0.762669,0.780508,0.748675,0.798239,0.789019,0.782211,0.728660,0.782684,0.788996,0.744119,0.784807,0.784046,0.768529,0.728220,0.738756,0.751407,0.737511,0.753666,0.782906,0.678475,0.696457,0.779935,0.769837,0.741033,0.836935,0.774753,0.782700,0.754973,0.719561,0.760253,0.759015,0.795278,0.747770,0.785028,0.780820,0.808325,0.770297,0.741179,0.762043,0.794602,0.799256,0.744062,0.761953,0.752503,0.781026,0.743154,0.727243,0.767048,0.720838,0.763552,0.800784,0.787494,0.795194,0.774781,0.739866,0.805099,0.766016,0.773401,0.761799,0.778360,0.756429,0.748419,0.785299,0.775860,0.758621,0.809013,0.671857,0.731438,0.700833,0.767387,0.740314,0.792309,0.757440,0.815953,0.760555,0.767268,0.759944,0.743058,0.805546,0.768284,0.773464,0.735104,0.738518,0.749922,0.756521,0.724380,0.782823,0.724420,0.777659,0.731530,0.750498,0.694938,0.701833,0.759956,0.804583,0.736836,0.704139,0.749145,0.778515,0.782999,0.746729,#
21,0.699785,0.786962,0.696142,0.752891,0.739005,0.723436,0.679814,0.718642,0.801794,0.700383,0.684705,0.705434,0.668824,0.708158,0.689163,0.731434,0.770908,0.724002,0.750927,0.730220,0.747899,1.000000,0.731563,0.766011,0.695937,0.655885,0.759410,0.664380,0.688801,0.696242,0.729748,0.735466,0.745303,0.757745,0.718857,0.771631,0.730413,0.738488,0.753561,0.713562,0.688930,0.714705,0.712552,0.731152,0.757280,0.712070,0.726370,0.747528,0.727126,0.667231,0.686324,0.737823,0.716093,0.682040,0.740381,0.752570,0.724264,0.727469,0.789129,0.622264,0.748432,0.705797,0.694740,0.677324,0.792743,0.709367,0.706621,0.735003,0.714355,0.738845,0.706561,0.730264,0.745538,0.737235,0.773590,0.692056,0.700730,0.709997,0.741191,0.717829,0.705024,0.690563,0.748302,0.733381,0.792489,0.719001,0.698787,0.734935,0.754770,0.727763,0.624273,0.636529,0.751828,0.704143,0.755700,0.703520,0.724197,0.679868,0.691216,0.734193,0.716580,0.730242,0.715012,0.734719,0.645016,0.769931,0.688243,0.699170,0.700176,0.733718,0.746066,0.700081,0.735281,0.765623,0.626504,0.682189,0.724605,0.757476,0.642051,0.674063,0.709544,0.724554,0.722393,0.747367,0.739827,0.648263,0.714390,0.750187,0.725895,0.734624,0.754651,0.757099,0.715334,0.701375,0.771813,0.722554,0.657633,0.671443,0.715362,0.748728,0.720656,0.744865,0.719159,0.709685,0.682916,0.700000,0.721495,0.672336,0.694052,0.709008,0.719028,0.779846,0.704630,0.691277,0.736446,0.729055,0.754096,0.683776,0.696773,0.705672,0.742417,0.733780,0.764566,0.748521,0.767026,0.673258,0.747181,0.704219,0.651928,0.692062,0.741693,0.714676,0.731177,0.717314,0.711624,0.725879,0.649956,0.770427,0.704972,0.703045,0.675844,0.732304,0.668642,0.749886,0.709112,0.754149,0.720322,0.620781,0.678016,0.758566,0.696198,0.666210,0.702636,0.722975,0.729936,0.695282,0.720653,0.734577,0.669479,0.730193,#
