0,1.000000,-0.051990,0.166925,0.181412,0.199613,0.065917,-0.027396,-0.022665,0.173330,0.092810,0.123680,-0.011417,0.089502,0.052343,0.276616,0.172300,0.112850,0.224171,0.270100,0.241230,0.141310,0.201295,0.212586,0.286440,0.136324,0.101076,0.242836,0.053452,0.200189,0.244105,0.007935,0.137756,0.131436,0.196845,0.114184,0.130048,0.143563,0.136206,0.209214,0.235724,0.130497,0.175300,0.182189,0.168522,-0.012879,0.092621,0.069729,0.212897,0.124572,0.278058,0.175343,-0.012409,0.109950,0.238793,0.213583,0.216992,0.249870,0.174266,-0.073406,0.018484,0.171868,0.079449,0.248224,0.017714,0.051655,0.064403,0.047443,0.120207,0.140934,0.170695,0.134071,0.049012,0.191907,0.184927,0.075520,-0.102623,0.212670,0.175226,0.088022,0.082665,0.114075,0.071435,0.065543,0.162203,0.284604,-0.001261,0.155528,0.162402,0.196631,0.180098,0.091770,0.039147,0.190778,0.165964,0.271945,0.253508,0.228242,0.017107,0.108742,0.200800,0.259526,0.206528,0.035632,0.204374,0.237609,0.224473,0.273818,0.164097,0.168528,-0.032705,-0.003689,0.109299,-0.016129,0.191300,0.074323,0.039828,0.076459,0.091807,0.101080,0.031880,0.278485,0.189400,0.140387,0.163176,0.079035,0.188737,0.132173,0.000434,0.109507,0.237395,0.289326,0.046118,0.152916,0.060160,0.111184,0.106688,0.219803,0.141467,0.072632,0.141628,0.248472,0.184210,0.155610,0.099161,0.038780,0.181829,0.172433,0.110777,0.135549,0.129118,0.005121,0.050703,0.183234,0.099509,0.188034,0.235012,0.119580,0.027115,0.114273,0.221126,0.136604,0.218101,-0.019517,0.010089,0.142926,0.166164,0.055177,0.217663,0.199825,0.107213,0.199855,-0.020333,0.198305,0.189593,-0.054491,0.196382,0.304265,0.154833,0.108229,0.043760,0.170713,0.212511,0.079264,0.094556,0.107514,0.083324,0.294566,0.303560,0.169375,0.056486,0.118723,0.210144,0.112173,0.133748,0.259365,0.006660,0.003578,0.189045,0.341221,0.179109,#
1,-0.051990,1.000000,0.184906,0.146778,0.122736,0.152075,0.280736,0.085145,0.250103,0.003592,0.303978,0.222686,0.073587,0.143810,0.019079,-0.007880,0.142851,0.157077,-0.049137,0.091910,0.085438,0.187590,0.028070,0.029147,0.093595,0.161848,0.200108,0.203164,-0.128606,0.154481,0.172553,0.086784,0.013103,0.169170,0.025329,0.214148,0.075845,0.028002,0.285562,0.118348,0.037564,-0.035579,0.206727,0.103672,0.087910,0.197017,0.337200,0.152432,0.005970,-0.061206,0.150940,0.078728,0.318222,0.208362,0.013881,0.177893,0.111704,-0.094597,0.032162,0.038321,0.053530,0.088325,0.197230,0.033380,0.057218,0.162423,0.008361,0.221767,0.165141,0.231950,0.097786,0.182861,0.244651,-0.006020,0.210538,0.115522,0.073900,0.135336,0.262303,0.117924,0.082207,0.231493,0.150541,0.064495,0.187069,-0.164480,0.213181,0.105429,0.164279,0.116938,0.152940,0.141310,0.063888,0.155656,0.039609,0.160251,0.034519,-0.031021,0.013720,0.106626,0.175738,0.068412,0.113050,0.127171,0.054072,0.119382,0.234169,0.245143,0.087883,0.092461,0.171422,0.123303,0.008575,0.095565,0.237369,0.294905,0.173918,0.060376,-0.020468,0.111168,0.024125,0.107885,0.176746,0.165911,0.078102,0.099089,0.163092,0.096300,0.173313,0.185726,0.100394,0.162712,0.080601,0.227738,0.288145,0.194690,0.149682,0.202420,0.233269,0.153949,0.104100,0.058576,0.148555,0.190258,0.209244,0.152718,0.067801,0.002705,0.156117,0.076042,0.144903,0.053731,-0.028094,-0.128943,0.297260,0.154624,0.006036,0.037250,-0.070470,-0.123337,-0.040690,0.189453,0.234692,0.208026,0.191912,-0.002359,0.054565,0.029106,0.118316,0.236116,0.157042,0.211025,0.085473,0.013294,-0.022651,0.182395,0.013985,0.248282,0.126481,-0.011906,0.083088,0.045766,0.173458,0.026624,0.205249,0.133552,0.083446,-0.009616,0.095918,0.204284,0.182131,0.091209,-0.070119,0.141651,0.166863,0.077276,-0.114311,0.170417,0.031112,0.242530,#
2,0.166925,0.184906,1.000000,0.177903,0.174842,0.118162,0.218521,0.214077,0.141559,0.087549,0.322324,0.318233,0.122848,0.284754,0.054654,0.229639,0.071262,0.105389,0.063483,0.153178,0.263710,0.326117,-0.050959,0.086991,0.238978,0.285758,0.267651,0.223666,0.053574,0.310840,0.012544,-0.012235,0.071508,0.067199,0.070528,0.208049,0.158922,-0.073620,0.094911,0.042810,0.220236,0.177292,0.344620,0.107658,0.006440,0.115335,0.200215,0.192562,0.086706,0.151095,0.279763,0.216196,0.150672,0.139012,0.039926,0.154510,0.053068,0.037886,0.129323,0.204734,0.225449,0.015325,0.049937,0.199434,0.232475,0.241916,0.171278,0.119219,0.260568,0.259995,0.077607,0.191500,0.108201,0.223580,0.190504,0.139162,0.154762,0.140111,0.132830,0.057205,0.232158,0.035933,0.009980,0.021747,0.208791,0.055263,0.180056,0.219159,0.122429,0.092974,0.029006,0.252576,0.266109,0.225565,0.032440,0.259071,0.229646,0.099279,0.240620,0.140767,0.163357,0.105958,0.012186,0.221080,0.046718,0.095757,0.162670,0.232270,0.242779,0.259103,0.144698,0.188235,0.188585,0.139578,0.140286,0.328293,0.215710,0.099505,-0.228574,0.091665,0.206055,0.087034,0.040652,0.085574,0.109935,0.071367,0.299917,0.126615,0.145884,0.191790,0.113770,0.196758,0.156263,0.067994,0.262750,0.215744,0.151815,0.161812,0.117515,-0.016187,0.159389,0.106122,0.220606,0.072177,0.307743,0.179746,-0.028999,0.116220,0.278336,-0.064462,0.127191,0.235031,0.221616,0.064531,0.174978,0.035305,0.050660,-0.055488,0.079252,0.172062,0.113350,0.365084,0.148456,0.194103,0.193288,0.169060,0.173979,0.086302,-0.102076,0.105032,0.097258,0.363748,0.119924,0.037376,0.183571,0.037214,0.268549,0.197128,-0.045433,0.144719,0.310809,0.111193,0.030322,0.302414,0.083597,0.169682,0.102964,0.003156,0.169273,-0.006461,0.022441,0.228980,0.301085,0.061882,0.205297,0.019490,-0.070949,0.242988,0.293476,0.309532,#
3,0.181412,0.146778,0.177903,1.000000,0.219606,0.250598,0.327282,0.108960,0.313563,0.112065,0.290685,0.262145,0.228932,0.133363,0.166633,0.216036,0.191106,0.302824,0.255705,0.192019,0.220318,0.183010,0.163860,0.396393,0.168414,0.260616,0.210737,0.223174,0.206454,0.317265,0.178910,0.226375,0.413692,0.258773,-0.029063,0.183451,0.299445,0.237252,0.326109,0.141516,0.216497,0.283102,0.257604,0.365693,0.025040,0.209630,0.250861,0.237908,0.056779,0.203845,0.237349,0.273186,0.230766,0.104951,0.097651,0.304828,0.098777,0.107980,0.094626,0.154252,0.218406,0.115729,0.198924,0.100068,0.380772,0.275901,0.189273,0.119270,0.119447,0.304223,0.128587,0.186860,0.287803,0.121504,0.233553,0.308686,0.208007,0.174507,0.227917,0.086718,0.341286,0.235855,0.168317,-0.016253,0.285624,0.081654,0.186119,0.140719,0.282688,0.222711,0.196132,0.195096,0.237799,0.233960,0.131861,0.257685,0.271791,-0.004555,0.295218,0.287401,0.314694,0.117434,0.198826,0.237114,0.291345,0.106599,0.226676,0.228245,0.175837,0.198203,0.172918,0.146393,0.188981,0.116377,0.140188,0.144311,0.264253,0.084915,-0.029586,0.126656,0.225922,0.145306,0.144507,0.364693,0.125348,0.118049,0.277426,0.221494,0.074168,0.352083,0.291797,0.313940,0.283599,0.280097,0.258763,0.217273,0.021081,0.168250,0.257606,0.112031,0.245680,0.262503,0.204987,0.190245,0.115635,0.174460,0.332616,0.260942,0.153534,0.126456,0.015310,0.073527,0.122073,0.168346,0.315108,0.108390,0.068317,0.138146,0.194454,0.266053,0.247527,0.304922,0.296017,0.220345,0.157499,0.145397,0.166454,0.189171,0.076590,0.111742,0.222205,0.115064,0.135030,-0.004524,0.087475,0.203889,0.292121,0.258109,0.074976,0.168355,0.134488,0.309056,0.312683,0.074433,0.030591,0.159116,0.161153,0.173718,0.031420,0.094420,0.058061,0.233221,0.352345,0.100208,0.264087,0.218773,0.260011,0.303011,0.208047,0.162280,#
4,0.199613,0.122736,0.174842,0.219606,1.000000,0.280365,-0.001513,0.064411,0.247716,0.075380,0.110308,0.074408,0.058482,0.086354,0.053615,0.108916,0.062409,0.181106,0.142712,0.292738,0.305920,0.132395,0.121193,0.279417,0.201771,0.285249,0.132669,0.115488,0.150587,0.078394,0.034204,0.072496,0.089576,0.126030,0.016139,0.229439,0.361106,0.104632,0.084096,0.070480,0.139642,0.418021,0.192541,0.059892,0.189642,0.063860,0.328638,0.139945,0.118085,0.200950,0.104144,0.084696,0.118332,0.216883,0.243840,0.287367,0.145482,0.047676,0.106242,0.026600,0.127188,0.187023,0.031826,-0.034676,0.127785,0.011638,0.166783,0.097015,0.059803,0.190420,0.130286,0.161644,0.208177,0.234260,0.054445,-0.005417,0.104621,0.299383,0.173622,0.064075,0.311520,0.195739,0.048322,-0.070249,0.359360,-0.017574,0.130817,0.164024,0.183800,0.238518,0.262814,0.130277,0.103366,0.151534,0.081606,0.287084,0.122019,0.086690,0.099138,0.151258,0.073356,0.020655,0.171995,0.179104,0.159486,0.135169,0.027653,0.269113,0.147755,0.209368,0.302960,0.223310,0.246559,0.331279,0.173695,0.000244,0.152311,-0.011326,-0.065701,0.029889,0.146871,0.076187,0.142961,0.027617,0.302265,-0.015956,0.202561,0.011868,0.149929,0.092527,0.249780,0.099840,0.193602,0.137566,0.205310,0.182134,0.120108,0.094720,0.167682,0.174402,0.286931,0.038366,0.173991,0.034559,0.208006,0.237013,0.142923,0.206687,0.157291,-0.031467,0.083555,0.078032,0.149459,0.282236,0.253872,0.003779,0.277341,0.100959,0.015070,0.184322,0.180310,0.159157,0.020535,0.092568,-0.056479,0.200493,0.018186,0.102516,0.054601,0.142324,0.030152,0.069685,0.275178,0.185786,0.170071,0.133113,0.258669,0.244850,0.131913,0.111987,-0.008888,0.021364,0.296622,0.048477,0.096861,0.115917,-0.030589,0.269664,0.146392,0.200445,0.109375,0.158074,0.098931,0.023493,0.217795,0.195165,0.107731,0.292770,0.154499,0.362541,#
5,0.065917,0.152075,0.118162,0.250598,0.280365,1.000000,0.202160,0.135742,0.295025,0.228614,0.203061,0.110857,0.217232,0.181046,0.189172,0.078583,0.071635,0.168068,0.044805,0.148653,0.180581,0.069664,0.067399,0.096070,0.190773,0.173116,0.168839,0.232081,0.204670,0.196459,0.165706,0.184175,0.276274,0.154200,0.056886,0.174112,0.307126,0.124615,0.188046,0.145760,0.191576,0.194765,0.149729,0.213297,0.037000,0.121167,0.208757,0.007525,0.148028,0.200937,0.123226,0.169533,0.156679,0.046598,0.126452,0.270191,0.021154,-0.020907,0.165438,0.074543,0.149076,0.103801,0.181129,0.010097,0.177187,0.165976,0.262404,0.070100,0.225775,0.115956,0.174808,0.172809,0.276314,0.314782,0.086192,0.088427,0.214499,0.149546,0.189271,0.142649,0.131042,0.245498,0.268380,-0.111237,0.181104,0.031032,0.088714,0.008289,0.186883,0.021995,0.026612,0.212963,0.208338,0.320970,0.069758,0.318961,0.102500,0.059792,0.174912,-0.049610,0.122119,0.170353,0.073640,0.156303,0.063582,0.129093,0.080092,0.254725,0.052057,0.112341,0.239813,0.100361,0.105968,0.151602,0.168416,0.107880,0.243860,0.140710,-0.000324,0.027120,0.084715,0.200837,0.042802,0.240360,0.041526,0.050720,0.023672,-0.070174,0.286167,0.168388,0.321277,0.143115,0.223308,0.195057,0.335977,0.308327,0.113312,0.148846,0.070135,-0.047331,0.245089,0.145518,0.180542,0.247613,0.212184,0.170125,0.217097,0.076457,-0.008399,0.162145,0.264588,-0.027201,0.220262,0.198300,0.213802,0.188479,0.129381,0.057027,0.216093,0.045894,0.147996,0.149857,0.236893,0.170406,0.112164,0.079325,0.099850,0.172940,0.190267,0.279147,0.229142,0.157831,0.183441,0.064895,-0.004109,0.185741,0.174191,0.164972,0.238032,-0.025391,0.060936,0.048828,0.378481,0.155268,-0.017594,0.251388,0.188267,0.066612,0.094683,0.078892,0.066490,0.216439,0.203737,0.158547,0.336865,-0.015081,-0.020892,0.333264,0.100603,0.280426,#
6,-0.027396,0.280736,0.218521,0.327282,-0.001513,0.202160,1.000000,0.121110,0.274907,0.104859,0.159445,0.137610,0.013276,0.208755,0.034695,0.174561,0.103325,0.068782,0.142360,0.019845,0.197487,0.172080,-0.070920,0.011974,0.073256,0.158260,0.129516,0.164783,0.129787,0.244090,0.083544,0.145984,0.085131,0.193288,-0.105357,0.030037,0.077295,0.170410,0.085381,0.150669,0.003334,0.090011,-0.023400,0.150635,0.042000,0.145660,0.114147,0.086666,0.008686,-0.017388,0.031418,0.082834,0.225046,0.138672,-0.030065,0.112579,0.052713,0.079157,0.153879,0.239346,0.156719,-0.049165,0.161676,0.117221,0.187338,0.351486,0.122316,0.190516,0.144552,0.094486,0.047753,0.162622,0.185062,0.118278,0.246491,0.165661,0.214177,0.201308,0.275236,0.071266,0.085194,0.065932,0.216105,-0.018706,0.176459,0.055579,0.113038,0.207920,0.059002,0.122744,0.096956,0.226163,0.087662,0.146012,0.061654,0.112996,0.161633,0.026924,0.162605,0.214822,0.149459,0.222143,0.107159,0.047904,-0.154948,0.255238,0.083249,0.076725,0.195639,0.171478,0.195940,0.193049,0.098312,-0.128487,0.003835,0.264392,0.271730,-0.007554,0.051089,0.082353,0.156648,0.183717,-0.064639,0.196872,0.003666,0.103621,0.066274,0.216341,0.055832,0.199271,0.093881,0.085292,0.145548,0.011462,0.253631,0.226319,0.014016,0.200304,0.216235,0.157192,0.075281,0.151584,0.024078,0.147823,0.020013,0.068759,0.201245,0.060079,0.099472,-0.188546,0.161703,-0.092490,0.154314,0.008166,0.291822,0.024591,0.009963,0.144607,0.113435,0.014873,-0.017089,0.246803,0.289458,0.132360,0.197646,0.167774,-0.020834,0.144045,0.095524,0.168296,-0.035005,0.099350,0.116229,0.034370,0.044605,0.195524,0.027002,0.237284,0.240755,-0.086502,0.013796,0.063907,0.225920,0.254141,0.185525,0.180359,0.104163,0.096601,0.083127,0.222620,0.020000,0.109014,0.146355,0.156026,0.036567,0.020714,0.105441,0.186074,0.087467,0.224613,#
7,-0.022665,0.085145,0.214077,0.108960,0.064411,0.135742,0.121110,1.000000,0.178184,0.130673,0.266948,0.364696,-0.096252,0.134606,0.262900,0.150694,0.065734,0.297899,-0.006659,0.120034,0.084193,0.176219,0.191200,0.010875,0.172472,0.076012,0.164238,0.335715,0.016668,0.257213,0.014693,0.016990,0.104634,0.063199,-0.044503,0.123121,-0.011787,-0.084051,0.196312,0.106932,0.153112,0.126597,0.079742,0.098756,0.147768,0.180753,0.032455,0.184445,0.144098,0.099321,0.160550,0.139809,0.041091,0.136069,0.107909,0.069013,0.167791,0.152956,0.201938,-0.003717,0.187210,0.030892,0.157396,0.093617,0.239629,0.123182,0.140679,-0.027752,0.108816,0.301565,0.037958,0.032549,0.204820,0.166161,-0.006741,0.036802,-0.037637,0.177790,0.104710,0.254440,0.191866,0.067556,0.179953,0.029291,0.241486,-0.083200,0.035409,-0.006083,0.087643,0.171251,-0.002924,0.136330,0.190426,0.198719,-0.081871,0.039069,-0.061660,0.047285,-0.002770,0.090791,0.173919,0.021871,0.049610,0.015609,-0.085296,0.178882,0.277917,0.101739,0.079946,0.166736,-0.006820,0.040536,-0.010665,0.080525,0.292573,0.174648,-0.085551,-0.028436,-0.058008,0.310034,0.129135,0.127350,0.004292,0.163691,0.144947,0.097780,0.224817,0.149248,0.070060,0.107992,0.105873,0.046923,0.210725,0.101953,0.315558,0.166698,-0.151073,0.294081,-0.001584,0.061927,0.254557,-0.038635,0.046091,-0.065202,0.089213,0.088622,0.152267,0.065449,0.069259,0.008569,0.092295,0.127751,0.026572,0.039968,0.007380,0.072176,0.210284,0.127051,0.197913,0.153922,0.086011,0.144983,0.146546,0.021928,-0.057975,0.212943,0.178071,0.053356,0.020628,0.084265,0.094867,0.113050,0.193729,0.005801,0.128587,-0.011813,0.080806,0.113232,-0.089106,0.143056,0.138792,0.081195,0.152272,0.218511,-0.230588,0.119065,-0.076448,-0.078597,0.061517,0.256478,0.161238,-0.006636,0.227595,0.029335,0.195169,0.002261,-0.048801,0.139202,0.170661,0.178421,#
8,0.173330,0.250103,0.141559,0.313563,0.247716,0.295025,0.274907,0.178184,1.000000,0.246674,0.328969,0.139855,0.150578,0.088971,0.353643,0.214021,-0.002617,0.168530,0.112498,0.182064,0.188672,0.145214,0.179029,0.336113,0.109376,0.204826,0.150450,0.205527,0.111834,0.274177,0.012576,0.184325,0.110667,0.092260,0.127526,0.210682,0.233190,0.033768,0.221284,0.119897,0.185494,0.181156,0.117456,0.052658,0.279849,0.255077,0.104609,0.174657,0.103577,0.189116,0.176899,0.405585,0.104595,0.320104,0.140425,0.305966,0.238077,0.248689,0.181497,0.251908,0.201152,0.178183,0.279772,-0.098616,0.281632,0.299705,0.159309,0.061598,0.367825,0.133402,0.126645,0.115811,0.262822,0.037026,0.153582,0.152511,0.113797,0.166668,0.107063,0.129417,0.221285,0.351771,0.222511,-0.013246,0.397618,0.135874,0.107652,0.092947,0.160686,0.333472,0.152755,0.309183,0.184782,0.087265,0.356967,0.353665,0.272067,0.053936,0.189067,0.085432,0.171328,0.112550,0.127358,0.202065,0.200055,0.088556,0.212854,0.258346,0.027939,0.271961,0.135132,0.135835,-0.009148,0.211190,0.215653,0.287281,0.103831,0.106866,0.043673,0.216346,0.276069,0.157107,0.147946,0.157219,0.138140,0.223817,0.151292,0.328384,-0.044480,0.314477,0.183717,0.008954,0.272352,0.157090,0.296981,0.246809,0.043055,0.247679,0.216334,0.040077,0.241493,0.206807,0.302243,0.061543,0.034574,0.110175,0.219155,0.186312,0.127438,0.060173,0.286220,-0.027609,0.192698,0.164639,0.375003,0.272586,0.230370,0.243705,0.126393,0.157934,0.052618,0.173902,0.093362,0.083236,0.214340,0.140005,0.213009,0.083970,0.200171,0.174743,0.119162,0.184732,0.118024,0.089157,0.111800,0.194046,0.084955,0.291009,0.189680,0.105913,0.118091,0.133584,0.190153,0.250003,0.062473,0.177961,-0.000790,0.062861,0.129836,0.212317,0.219556,0.137846,0.213043,0.139574,0.371674,-0.004881,0.031235,0.110116,0.075957,0.097412,#
9,0.092810,0.003592,0.087549,0.112065,0.075380,0.228614,0.104859,0.130673,0.246674,1.000000,0.371571,0.004609,0.102721,0.243493,0.225250,0.225803,-0.002341,0.101002,-0.075628,0.291714,0.073332,0.033309,0.026984,0.063747,0.024368,0.004493,0.244046,0.183142,0.092064,0.198530,0.177996,0.088031,0.049224,0.147258,0.205368,0.102027,-0.047631,0.203631,0.088085,-0.031747,0.295138,0.150139,0.109288,-0.058871,0.054800,0.180733,0.142658,0.076788,0.142836,0.096742,0.095761,0.237004,-0.003031,0.144977,0.060409,0.284847,0.111398,0.171339,0.128994,-0.065803,0.236782,0.030814,0.214563,0.007769,0.213608,0.193025,0.038370,-0.029851,0.161674,-0.002487,0.174724,0.216425,0.120318,0.131136,0.121893,0.169698,0.015523,0.067009,0.207248,0.180237,0.155047,0.291167,0.016608,-0.043515,0.249292,0.050891,0.103533,0.104044,-0.106954,-0.048748,-0.026374,0.137559,0.206695,0.025296,0.113506,0.183053,0.188674,0.185671,0.164044,-0.051586,0.072930,0.138709,0.309417,0.082996,0.281965,0.073964,0.140073,0.052711,0.195418,-0.016894,0.071003,0.053256,0.100927,0.236952,0.115485,0.117529,-0.011367,0.161237,0.161328,-0.039930,0.174639,0.351351,0.017858,0.209543,0.009870,0.148092,-0.111311,0.171656,0.135867,0.251475,0.158905,-0.009889,0.086138,0.140673,0.125024,0.151080,0.156333,0.306384,0.146426,-0.166744,0.062995,0.160779,0.216729,0.039029,0.061692,0.211800,0.163280,0.195513,0.065239,0.353898,0.086676,-0.124874,0.316871,0.272042,0.190226,0.202578,0.139342,0.161588,0.285146,0.044538,0.149236,0.136467,0.002875,0.308202,0.116178,0.085383,0.095704,0.049499,0.278362,0.077812,0.167640,0.198805,0.073057,0.124452,0.041249,0.152202,0.179340,0.105297,0.002521,0.043064,-0.019456,0.063394,0.236909,0.180192,0.018316,0.128619,0.101966,0.083616,0.229206,0.032723,0.118896,0.129874,0.075735,0.178878,0.128271,0.120155,0.121738,0.014759,0.146515,0.203431,#
10,0.123680,0.303978,0.322324,0.290685,0.110308,0.203061,0.159445,0.266948,0.328969,0.371571,1.000000,0.222988,0.068275,0.258186,0.237363,0.108262,0.064578,0.220078,0.140933,0.204035,0.078594,0.165574,-0.085248,0.170219,0.089037,0.066547,0.155540,0.325820,0.042048,0.313305,0.206910,0.134509,0.205638,0.177133,0.151181,0.210662,0.127781,0.120097,0.345133,0.159106,0.270998,0.091990,0.166293,0.056476,-0.065231,0.224733,0.271029,0.132437,0.169702,0.159297,0.213784,0.247560,0.041372,0.281606,-0.003481,0.317360,0.105022,0.014925,0.064965,0.127464,0.110851,0.165973,0.140050,0.155458,0.415189,0.299808,0.188320,0.122829,0.197272,0.211582,0.160140,0.229582,0.244025,0.177741,0.141967,0.163465,0.114974,0.064839,0.132055,0.196057,0.294712,0.131825,0.272595,0.082854,0.382431,-0.033201,0.232858,0.128837,0.058482,0.116519,0.003693,0.120921,0.256668,0.154391,0.121800,0.285351,0.211234,0.024851,0.227475,0.161631,0.075249,0.035092,0.205521,0.017384,0.199753,0.051593,0.187576,0.309294,0.200017,0.071660,0.085032,0.233561,0.121030,0.176850,0.395186,0.308125,0.104214,0.031343,0.013885,0.140254,0.179439,0.295763,0.034107,0.163389,0.088143,0.004012,0.166301,0.175013,0.176627,0.267253,0.324044,0.094369,0.139904,0.148142,0.197524,0.128952,0.004505,0.406524,0.176716,-0.052315,0.241354,0.105440,0.262607,0.134985,0.149953,0.134253,0.062079,0.052942,0.101835,0.134542,0.155677,0.193644,0.196487,0.042742,0.356048,0.130301,0.174147,-0.057475,0.249930,0.127909,0.221901,0.079445,0.334439,0.237503,0.221819,0.167119,0.222823,0.072309,0.143760,0.201272,0.263651,0.258275,0.115731,0.168572,0.074402,0.091142,0.177125,0.278665,-0.008355,0.112533,0.202872,0.125795,0.287734,0.087293,0.167471,0.225955,0.030518,-0.164369,0.133257,0.234994,0.223534,0.133875,0.175998,0.056144,0.292719,0.025321,-0.033819,0.228206,0.282178,0.430222,#
11,-0.011417,0.222686,0.318233,0.262145,0.074408,0.110857,0.137610,0.364696,0.139855,0.004609,0.222988,1.000000,0.033373,0.131364,-0.020011,0.085207,0.061920,0.280017,0.096891,-0.049278,0.080028,0.192934,-0.055177,0.148942,0.286226,0.284198,0.006126,0.342083,-0.127256,0.270744,0.212923,0.135083,0.119616,0.151986,0.111886,0.180439,0.193815,-0.004929,0.143189,0.112858,0.098067,0.223049,0.300114,0.260596,-0.033542,0.221815,0.140456,0.109716,0.166056,0.018255,0.201296,0.230605,0.111298,0.303131,-0.034820,0.041631,0.115397,0.188197,0.177795,-0.051099,0.026490,0.065498,0.246789,0.098694,0.162726,0.280651,0.184970,0.255139,0.140627,0.231125,0.018812,0.064538,0.268629,0.067812,0.006944,0.119723,0.057225,0.073388,0.190843,0.121395,0.189632,0.100828,0.241324,0.055119,0.238006,-0.110554,0.120964,0.296543,0.197174,0.050236,0.105306,0.238424,0.379509,0.410687,0.087446,0.224513,-0.034271,0.052394,0.216408,0.253337,0.184669,0.109119,0.002294,0.161701,0.019335,0.272919,0.270717,0.310644,0.300548,0.123266,0.206282,0.116347,0.184473,0.163747,-0.039239,0.383156,0.055344,0.097786,-0.087568,0.147434,0.074089,0.150512,0.200708,0.156706,0.122159,0.025661,0.201668,0.196043,0.209141,0.155357,0.075170,0.270553,0.251603,0.252574,0.136283,0.146940,-0.208780,0.393722,-0.039750,0.209567,0.153895,0.079906,0.097434,0.084302,0.151659,0.132613,0.158768,0.074289,0.075358,-0.007642,0.030520,0.255800,0.101136,0.084382,0.244962,0.093063,0.110830,-0.075660,0.186400,0.147737,0.193992,0.250140,0.038102,0.035838,0.129081,0.118933,0.317130,0.142814,0.153606,0.180847,0.198862,0.112481,0.048164,-0.030934,0.169512,0.135268,0.234656,0.186145,0.025810,0.069654,0.221465,0.114017,0.185555,0.038461,-0.115211,0.173045,-0.011051,0.064339,0.041748,0.212863,0.030947,0.066680,0.273902,0.150677,0.335047,0.113473,0.098244,0.238677,0.109109,0.215313,#
12,0.089502,0.073587,0.122848,0.228932,0.058482,0.217232,0.013276,-0.096252,0.150578,0.102721,0.068275,0.033373,1.000000,-0.084950,0.167446,0.111159,0.315369,0.119130,0.214988,0.303228,0.085742,0.061582,0.148211,0.180674,0.013420,0.136801,0.169119,0.175098,0.014507,0.192161,-0.046547,0.232206,0.123710,0.128729,0.152210,0.321344,0.154500,-0.009745,0.142598,0.057983,0.175731,0.035498,0.143078,0.177661,0.260770,0.109873,0.156867,-0.116439,0.146845,0.072109,0.203390,0.108901,0.111480,0.161980,0.139532,0.153812,0.012589,0.119566,-0.015722,-0.107890,0.011378,0.151767,0.062372,0.182530,0.269083,0.152329,0.129097,0.071296,0.031355,0.038129,0.037432,0.150223,0.089076,0.050184,0.202629,0.198878,0.127262,-0.046679,0.136475,-0.007051,0.170994,0.149405,-0.040061,0.018945,0.123892,0.160350,0.074742,0.297968,0.149132,-0.011324,0.094562,0.111107,-0.013450,0.160173,0.186449,0.183409,0.265663,0.093031,0.128214,-0.026804,0.177081,0.132583,0.072930,0.078266,0.277707,-0.020751,0.236247,0.069847,-0.064059,0.031735,0.267026,0.017627,0.104152,0.138652,0.035483,0.062773,0.127398,0.038736,0.121516,-0.025972,0.156048,0.172625,0.268615,0.130274,0.118393,-0.046029,0.240202,0.047143,-0.003567,0.046373,0.130732,0.091932,0.074408,0.081290,0.106390,0.077171,0.154422,0.107069,0.123274,0.096772,0.143436,0.084946,0.078164,0.079222,-0.033339,0.092811,-0.012844,0.194378,-0.010860,-0.016751,-0.000680,0.142099,0.108876,0.083430,-0.021331,0.170949,0.071785,-0.132031,0.023097,0.087616,-0.024045,0.277692,0.141464,0.269163,0.110409,-0.016405,0.292748,0.038284,0.073576,0.098189,0.137007,0.063533,0.065596,0.102996,0.123341,0.086470,0.196154,0.206118,0.018753,0.167894,0.096135,0.086177,0.237713,0.070572,0.110915,0.036511,0.141844,0.188289,0.095905,-0.031129,0.184357,0.023970,0.088909,0.128935,0.104002,0.030535,0.121820,0.182893,0.131033,0.025581,#
13,0.052343,0.143810,0.284754,0.133363,0.086354,0.181046,0.208755,0.134606,0.088971,0.243493,0.258186,0.131364,-0.084950,1.000000,0.286993,0.111366,0.223840,0.028843,0.154074,0.278254,0.201398,0.115935,-0.113860,0.170723,0.033681,0.316554,0.284187,0.203606,0.112310,0.134713,0.204358,0.181585,0.179720,0.181207,0.136987,0.052385,0.056639,0.081298,0.003548,0.149810,-0.018614,0.169007,0.199938,0.124238,-0.011439,0.208023,0.230536,0.149326,0.120845,0.127717,0.171992,0.173892,0.191166,0.219281,0.059879,0.241340,0.087709,0.171701,0.070149,0.223543,0.187051,0.147722,0.270127,0.069949,0.191419,0.165879,0.381180,0.153895,0.303250,0.160280,0.045587,0.103906,0.149489,0.062369,0.247468,0.121842,0.285386,0.285224,0.325432,0.101975,0.188238,0.302981,0.061727,0.293399,0.297046,0.026733,0.171131,0.200269,0.298691,0.031719,0.052854,0.155754,0.177021,0.238606,0.002099,0.119591,0.218704,-0.005554,0.200889,0.250631,0.205180,0.261446,0.222292,0.196624,0.041138,0.170068,0.187175,0.254466,0.306831,0.185974,0.069484,0.066957,0.375198,0.150576,0.228019,0.282014,0.339812,0.159281,-0.028027,0.105406,0.317529,0.230590,0.130704,0.206287,0.206996,0.009505,0.076146,-0.015078,0.268241,0.261291,0.082415,0.146341,0.099690,0.097661,0.316339,0.170671,0.092555,0.179265,0.192473,0.149926,0.013725,0.069186,0.351547,0.214176,0.172463,0.246211,0.168637,0.213690,0.029099,0.089297,0.101134,0.073566,0.158770,0.256495,0.234079,0.199958,0.005506,0.206216,0.256360,0.236154,0.062462,0.355044,0.074882,0.284436,0.203368,0.073771,0.096578,0.086852,0.151933,0.209719,0.172688,0.285893,0.191219,0.095414,0.116197,0.153659,0.172710,0.126508,0.239831,-0.115818,0.076021,0.190625,0.210856,0.187671,0.157660,0.229523,0.207846,0.141347,0.026910,0.204795,0.075852,0.180465,0.208862,0.101982,0.164571,0.163107,0.028172,0.160395,0.235761,0.215455,#
14,0.276616,0.019079,0.054654,0.166633,0.053615,0.189172,0.034695,0.262900,0.353643,0.225250,0.237363,-0.020011,0.167446,0.286993,1.000000,0.251025,0.120613,0.106566,0.198214,0.386387,0.157697,0.026820,0.184398,0.314181,0.081934,0.045612,0.273116,0.254520,0.148523,0.206374,-0.000497,0.145584,0.103469,0.075076,0.194956,0.160939,0.096930,0.167005,0.103446,0.269832,0.187666,0.073868,0.231078,-0.048047,0.141549,0.310893,0.185741,0.026695,0.090867,0.194836,0.266403,0.136636,0.218661,0.293346,0.303598,0.264080,0.233939,0.084312,0.048087,0.041314,0.252599,0.272183,0.132566,0.073387,0.248623,0.043535,0.257810,0.101391,0.150269,0.198471,0.024652,0.053653,0.118510,0.249589,0.175805,0.175251,0.155147,0.139423,0.120990,0.188489,0.249677,0.181828,0.139760,0.140258,0.198230,0.220948,-0.021486,0.083390,0.126510,0.081164,0.145652,0.152341,0.201979,0.131623,0.242711,0.097856,0.191837,0.061545,0.094841,0.088274,0.199736,0.181657,0.122711,0.250166,0.170590,0.137319,0.312585,0.276781,0.093560,0.178455,-0.003191,-0.028650,0.156707,0.107097,0.192763,0.141798,0.090879,0.117572,0.164936,0.165230,0.416973,0.290524,0.000018,0.103987,0.178559,0.073068,0.155340,0.139279,-0.013001,0.302430,0.139382,0.076314,0.136548,-0.020641,0.147706,0.045116,0.056706,0.178363,-0.032158,-0.009420,0.235078,0.235752,0.272090,0.075452,0.011321,0.287126,0.145249,0.155650,-0.042209,0.061710,0.166432,0.098086,-0.017901,0.186758,0.185391,0.173470,0.247036,0.090310,0.119645,0.168260,0.059756,0.180126,0.064547,0.103628,0.194380,0.047946,0.149486,0.069173,0.106724,0.194372,0.249256,0.276295,0.241756,0.131840,0.043911,0.060618,0.335458,0.263996,0.266477,0.100831,0.072761,0.162632,0.196496,0.179253,0.153326,0.155514,0.154707,-0.054944,0.013904,0.189742,0.088887,0.158248,0.175165,0.168165,0.194429,-0.060839,-0.090042,0.116230,0.247626,0.144540,#
15,0.172300,-0.007880,0.229639,0.216036,0.108916,0.078583,0.174561,0.150694,0.214021,0.225803,0.108262,0.085207,0.111159,0.111366,0.251025,1.000000,0.246690,0.278383,0.142969,0.143512,0.110694,0.129704,0.197378,0.293591,0.102986,0.312282,0.244502,0.151330,0.174816,0.237453,0.078200,0.183128,0.106928,0.221844,0.151447,-0.000259,0.056999,0.112796,0.177173,0.087462,0.143700,0.195506,0.180715,0.160614,0.176663,0.179353,-0.057995,0.084182,-0.011907,0.294413,-0.023483,0.211553,0.170843,0.161070,0.142936,0.182223,0.150116,0.157406,0.181543,0.217937,0.181862,-0.004229,0.225529,-0.044292,0.179699,0.186374,0.161119,0.181394,0.132933,0.053431,0.250711,0.178621,0.129597,0.145596,0.192950,0.193481,0.008283,0.228029,0.042122,0.231246,0.245259,0.124561,0.026099,0.178696,0.210307,0.145212,0.099283,0.194721,0.231528,0.248451,0.040163,0.184808,0.149683,0.240272,0.086073,0.107364,0.343235,0.039765,0.086507,0.035660,0.227699,0.122898,0.074453,0.172097,0.022767,0.095951,0.174690,0.152585,0.058673,0.201647,0.063091,0.189460,0.107161,0.043225,0.137835,0.263074,0.110998,-0.086766,0.071318,0.002185,0.313086,0.265045,0.124898,0.287483,0.223815,0.060975,0.084136,0.178114,0.089024,0.204693,0.095980,0.247650,0.147824,0.137748,0.175015,0.222091,0.034104,0.053174,0.017942,-0.059674,0.050913,0.289209,0.170622,0.076754,0.195562,0.076898,0.098054,0.243536,0.300390,0.131179,0.155396,-0.072610,0.095209,0.388904,0.078056,0.327886,0.117601,0.119302,0.198571,0.154986,0.023441,0.116688,0.281670,0.118421,0.154587,0.206021,0.194905,0.100581,0.145557,0.055120,0.011320,0.150285,0.152641,-0.071478,0.178731,0.119787,0.293844,0.093902,-0.106390,0.102137,0.258351,0.128449,0.171385,0.287673,0.007274,0.142391,0.042725,0.122393,0.027058,0.064112,-0.008366,0.116983,0.168874,0.121773,0.136467,0.074757,0.073386,0.209382,0.112502,-0.099224,#
16,0.112850,0.142851,0.071262,0.191106,0.062409,0.071635,0.103325,0.065734,-0.002617,-0.002341,0.064578,0.061920,0.315369,0.223840,0.120613,0.246690,1.000000,0.147113,0.130961,0.300977,0.196904,0.143692,0.130099,0.109575,-0.078469,0.220556,0.145614,0.018067,0.049672,0.267173,0.084868,0.192698,0.001431,0.325025,0.096395,0.124736,0.154518,0.055930,0.158779,0.105437,0.003632,0.127422,0.149050,0.133155,0.148552,0.297108,0.077714,0.020787,0.086664,0.055796,0.088987,0.130334,0.280836,0.149517,0.109324,0.038197,0.012974,0.090413,0.060756,-0.042934,0.068142,0.265270,0.267474,0.222100,0.247352,0.094923,0.176980,0.317305,0.069905,0.201288,-0.037611,0.287576,0.285144,-0.026573,0.085100,0.183698,0.029203,0.248037,0.118340,0.080206,0.077244,0.127205,0.030794,0.105448,0.170531,0.131657,0.166226,0.152692,0.166789,0.007693,0.061006,0.212110,0.057567,0.136572,0.079192,0.028963,0.218227,-0.038779,0.088519,0.162078,0.116493,0.016389,-0.079553,0.058034,0.106126,0.097578,0.178664,0.053647,-0.004989,0.167634,0.102309,0.109847,0.112667,0.116197,0.188699,0.208819,0.093438,0.071185,-0.069342,0.256548,0.205507,0.158149,0.139391,0.256487,0.217410,-0.136208,0.091726,-0.071685,0.089493,0.193430,0.045026,0.044196,0.281237,-0.109156,0.335556,0.246682,-0.039539,0.216998,0.116518,0.170234,0.001873,0.095204,0.094471,0.134246,0.195077,0.104632,0.070421,0.157149,0.216470,0.046351,-0.054193,0.185964,0.000985,0.080459,0.192663,0.165696,-0.011772,0.048613,0.078784,0.146839,-0.003650,0.288657,0.234159,0.249840,0.088769,0.075132,0.182470,0.027421,0.013493,0.055095,0.047989,0.078976,0.061046,-0.020490,0.154212,0.208510,0.021941,0.098374,0.096921,0.007011,0.041793,0.134417,0.212582,-0.020557,-0.001558,0.185303,0.200669,0.144525,0.037307,0.082578,0.261619,-0.057622,-0.049158,0.098690,0.162149,0.276686,-0.027003,0.164054,-0.006838,0.020561,#
17,0.224171,0.157077,0.105389,0.302824,0.181106,0.168068,0.068782,0.297899,0.168530,0.101002,0.220078,0.280017,0.119130,0.028843,0.106566,0.278383,0.147113,1.000000,0.104895,0.202769,0.273024,0.113069,0.046987,0.254034,0.019231,0.141242,0.104363,0.096498,0.027606,0.219948,0.130536,0.131514,0.341405,0.163286,0.065123,0.202784,0.009156,0.159869,0.238174,0.038355,0.232406,0.150189,0.032263,0.226699,0.027327,0.241986,0.195920,0.033692,0.120728,0.117429,0.142455,0.147660,0.070661,0.194376,0.096902,0.181175,0.244762,0.115414,0.044893,-0.030485,0.170382,0.090549,0.165653,0.029972,0.198275,0.248748,0.245322,0.201064,0.134803,0.256544,0.070505,0.218859,0.207011,0.079022,0.126920,0.262408,0.066692,0.152603,0.036186,0.223803,0.100935,0.179725,0.277247,0.042638,0.147711,-0.137108,0.174652,0.208269,0.215789,0.174462,0.046291,0.103841,0.182949,0.169425,0.019511,0.236498,0.129411,0.206772,0.201460,0.152289,0.163210,-0.017526,0.098773,0.191620,0.058183,0.198654,0.190205,0.201009,0.126510,-0.018517,0.205362,0.126107,0.136638,0.296783,0.081787,0.258231,0.041306,0.030182,0.010262,0.067530,0.049517,0.265420,0.135577,0.242276,0.375589,0.066767,0.113577,0.185570,0.086766,0.151815,0.125120,0.219486,0.244454,0.098955,0.166777,0.319812,0.118604,0.250826,0.055281,0.212896,0.175146,0.180988,0.046610,0.171065,0.193219,0.195040,0.023137,0.069024,-0.003713,0.009845,0.102477,-0.064049,-0.009829,0.202537,0.250851,0.249833,0.155192,0.020960,0.317116,0.256784,0.094755,0.231242,0.204573,0.184561,0.141823,0.212401,0.157573,0.205840,0.177507,0.050337,0.274470,0.064543,0.043437,0.036649,0.171200,0.053716,0.255091,0.120781,-0.139043,0.241742,0.032654,0.213647,0.245507,0.142766,-0.064839,0.125096,0.138414,0.057910,0.176010,0.198622,0.155755,0.233852,0.261407,0.077778,0.341084,0.116670,0.077854,0.167518,0.020664,0.145243,#
18,0.270100,-0.049137,0.063483,0.255705,0.142712,0.044805,0.142360,-0.006659,0.112498,-0.075628,0.140933,0.096891,0.214988,0.154074,0.198214,0.142969,0.130961,0.104895,1.000000,0.115343,0.214629,0.140866,-0.012261,0.349939,0.149787,0.122261,0.141500,0.285510,0.120943,0.115067,0.070127,-0.022952,0.209379,0.084803,0.234574,0.257687,0.211937,0.077083,0.108178,0.322827,0.101704,0.200425,0.163541,0.193370,0.116494,0.094209,0.062643,0.001121,-0.030740,0.262655,0.220795,-0.007950,0.158450,0.181937,0.095681,0.168140,0.167464,0.094429,-0.040037,-0.022440,0.073332,0.067573,0.222979,0.115686,0.149675,0.117865,0.300087,0.205004,-0.007621,-0.010569,-0.013890,0.022042,0.069502,-0.037791,0.066210,0.170788,0.089140,0.192131,0.154512,0.125523,0.237904,0.012812,0.137563,0.210442,0.101706,-0.050815,0.246294,0.029835,0.181991,0.102647,0.213634,0.033191,0.098927,0.193629,0.085590,0.275023,0.341023,0.098578,0.149982,0.238108,0.047568,0.194130,0.187569,0.167435,0.270289,0.148656,0.146186,0.111043,0.133322,0.150706,0.250252,0.251076,0.158828,0.078024,0.062433,0.088416,0.094075,-0.159198,0.080017,0.153922,0.145937,0.176375,0.113877,0.028777,0.139408,0.003245,0.216630,0.089801,0.201678,0.132090,0.189830,0.210839,0.097482,0.133272,0.160757,-0.066532,0.031972,0.222069,0.049360,0.152493,0.156399,0.061083,0.167747,0.089205,0.164498,0.198828,0.044717,0.071820,0.031438,0.024132,0.051564,0.157683,0.059290,0.124783,0.146422,0.231426,0.236108,0.071871,-0.010563,0.327322,0.179118,0.183014,0.178317,0.141041,0.107676,0.209267,0.176558,0.097475,0.034482,0.198436,-0.055222,0.094099,0.189239,0.097019,-0.032136,0.277450,0.252601,0.199721,0.239877,-0.073282,0.122458,0.108207,0.238373,0.025920,0.154540,0.026321,0.295411,0.168878,0.056985,0.089965,0.108562,0.228022,0.218106,0.065271,0.168256,0.018610,0.085089,0.223061,0.275441,0.057999,#
19,0.241230,0.091910,0.153178,0.192019,0.292738,0.148653,0.019845,0.120034,0.182064,0.291714,0.204035,-0.049278,0.303228,0.278254,0.386387,0.143512,0.300977,0.202769,0.115343,1.000000,0.224895,0.142735,0.164549,0.160064,0.014990,0.338023,0.281382,0.202020,0.148647,0.303578,0.066015,0.240979,0.168842,0.158511,0.199984,0.335005,0.045895,0.018034,0.251534,0.132088,0.177733,0.250481,0.040013,0.067998,0.110809,0.316584,0.267747,0.280793,0.054683,0.264666,0.260427,0.163695,0.091377,0.352107,0.206201,0.355962,0.204971,0.130539,0.123668,0.077069,0.180368,0.249741,0.220309,0.268395,0.321335,0.093716,0.144129,0.238894,0.082097,0.256104,0.177137,0.177232,0.177519,0.092012,0.246578,0.414217,0.146338,0.296755,0.329394,0.146822,0.285314,0.283287,0.194054,0.154179,0.336078,0.042826,0.141592,0.188415,0.189681,0.045869,0.020748,0.186402,0.279059,0.139282,0.072874,0.281677,0.284365,0.218548,-0.004885,0.108818,0.144352,0.155530,0.262830,0.220257,0.318011,0.298963,0.128993,0.374507,0.038896,0.071068,0.147493,0.162584,0.188382,0.263302,0.219960,0.161362,0.241227,0.235091,0.193069,-0.014914,0.395318,0.372057,0.226131,0.303176,0.364141,0.054423,0.273701,0.187045,0.021316,0.297115,0.125728,-0.018630,0.233829,0.093593,0.231526,0.182312,0.100845,0.391596,0.190585,0.079321,0.089451,0.305842,0.293335,0.113954,0.098956,0.238915,0.093109,0.242256,0.187174,0.008272,0.154550,0.245877,0.132075,0.305795,0.298778,0.146458,0.198871,0.005070,0.173078,0.120016,0.299786,0.255892,0.224527,0.243860,0.248324,0.150767,0.102781,0.105923,0.229468,0.132586,0.174062,0.220475,0.309826,0.181162,0.058176,0.108064,0.300192,0.210895,0.172207,0.070883,0.082704,0.227111,0.310350,0.199026,0.158665,0.184945,0.199432,0.170420,0.151385,0.168718,0.375616,0.209874,0.013245,0.138631,0.288140,0.108083,0.080964,0.179174,0.261886,0.342845,#
20,0.141310,0.085438,0.263710,0.220318,0.305920,0.180581,0.197487,0.084193,0.188672,0.073332,0.078594,0.080028,0.085742,0.201398,0.157697,0.110694,0.196904,0.273024,0.214629,0.224895,1.000000,0.146419,0.061431,0.226587,0.234339,0.278244,0.132857,0.175605,0.077610,0.199670,0.033004,0.011004,0.170949,0.159094,0.064320,0.106003,0.226293,0.099101,0.120293,0.205944,0.212737,0.342851,0.042936,-0.041117,0.214389,0.232651,0.329694,0.070215,0.099275,0.132190,-0.009642,0.195618,0.076398,0.302319,0.184216,0.117021,0.192379,0.193248,0.131787,-0.036554,0.142424,0.149316,0.260181,0.090200,0.134685,0.100747,0.192647,0.176741,0.322773,0.199534,0.175208,0.254258,0.295959,0.137634,0.003720,0.025386,0.101730,0.325682,0.182480,0.101738,0.210784,0.170747,0.257986,-0.009189,0.243422,0.122631,0.136151,0.154007,0.301149,0.108030,0.126313,0.263973,0.147613,0.249530,0.211708,0.175003,0.212054,0.263707,0.175239,0.019889,0.178840,0.067089,0.150409,0.141868,0.094414,0.177552,0.097076,0.190700,0.080843,0.212416,0.271338,0.296314,0.121865,0.195658,0.123160,0.321069,0.250540,0.093445,-0.062530,0.178036,0.072880,0.239814,0.051612,0.044855,0.213328,0.007190,0.212938,0.166649,0.202406,0.166896,0.143617,0.145494,0.206508,0.013868,0.266529,0.132240,0.208135,0.233252,0.135355,0.101428,0.238474,0.140031,0.147820,0.204234,0.240284,0.144368,-0.005630,0.162087,0.210713,0.111851,0.211230,0.137421,-0.012427,0.164881,0.200699,0.151826,0.099695,-0.015626,0.071278,0.358205,0.156103,0.290418,0.182519,0.151407,0.225636,0.112818,-0.043880,0.251328,0.065337,0.043917,0.187024,0.069013,0.017180,0.062975,0.103217,0.183841,0.089264,0.146959,0.252383,0.144810,-0.000347,0.150538,0.129407,0.164641,0.159299,-0.067973,0.224036,0.115703,0.138388,0.338304,0.075343,0.250662,0.156664,0.147983,0.247810,0.199153,0.076023,0.201816,0.160008,0.218998,#
