0,1.000000,0.002654,0.134530,0.131230,0.156553,-0.001110,-0.040289,-0.036759,0.111155,0.052409,0.115682,-0.045927,0.031070,-0.018497,0.174711,0.186495,0.133997,0.176033,0.210997,0.207425,0.064318,0.081628,0.183067,0.250810,0.099402,0.080232,0.146105,-0.016642,0.040283,0.163603,-0.004973,0.107823,0.020166,0.078547,0.078081,0.045271,0.103806,-0.021462,0.150791,0.150589,0.093179,0.098035,0.216647,0.026470,-0.012097,0.021929,-0.003688,0.235754,0.198125,0.286243,0.107971,-0.017574,0.098247,0.192686,0.216456,0.142368,0.181845,0.118275,-0.084163,0.013191,0.140726,0.029259,0.230005,-0.030658,-0.020389,-0.061335,-0.012396,0.065735,0.102982,0.144359,0.061764,-0.049021,0.167740,0.168809,0.021807,-0.192498,0.200471,0.163987,0.091816,-0.005141,0.014243,-0.038015,0.039153,0.194581,0.309096,-0.013759,0.177822,0.190302,0.166339,0.154392,0.129004,0.014227,0.150550,0.110876,0.176823,0.284110,0.191975,-0.058679,-0.001267,0.138188,0.188611,0.155411,-0.022732,0.160391,0.124539,0.121478,0.263499,0.088263,0.179593,-0.061963,-0.016692,0.016003,-0.051831,0.158595,0.065125,0.019936,-0.010337,0.023396,0.065903,-0.048822,0.194110,0.130793,0.164485,0.111904,0.130909,0.177617,0.085324,-0.063605,0.108734,0.132666,0.205576,-0.049277,0.070246,0.020045,0.068215,0.049329,0.166826,0.127223,-0.063947,0.132844,0.233292,0.106126,0.057491,-0.025175,0.030562,0.110002,0.085313,0.104307,0.166765,0.095180,-0.146972,0.093798,0.182469,0.020647,0.131591,0.177135,0.130750,0.087385,0.063931,0.175942,0.166629,0.207955,-0.077332,-0.048957,0.080662,0.169427,0.016377,0.187093,0.199307,0.090568,0.043807,-0.097393,0.127623,0.157977,-0.077654,0.161265,0.235280,0.091236,0.051556,-0.033748,0.000961,0.186246,0.008528,0.025981,0.056938,-0.053568,0.201846,0.269406,0.212663,-0.008822,0.066302,0.154388,0.013058,0.119621,0.281824,0.108414,-0.071383,0.086095,0.250560,0.152986,#
1,0.002654,1.000000,0.194997,0.122719,0.100826,0.068412,0.242198,0.141133,0.268200,0.033112,0.290740,0.224691,0.049421,0.040525,-0.050534,-0.036002,0.083709,0.138276,-0.021056,0.175193,-0.000121,0.172081,0.045122,-0.058478,0.052438,0.167637,0.114816,0.198398,-0.259674,0.151132,0.126158,0.039984,-0.052543,0.107176,-0.016290,0.238529,0.045014,-0.033921,0.232284,0.069968,-0.031266,0.086301,0.229055,0.046998,0.021142,0.133197,0.348401,0.140832,0.136355,0.034750,0.169106,0.046352,0.251335,0.200329,0.068307,0.194879,0.008438,-0.070512,-0.102954,0.105682,0.044863,0.054410,0.204607,0.001665,-0.030132,0.141546,0.060896,0.133856,0.121048,0.283493,0.166520,0.113647,0.226309,0.056173,0.159266,0.104063,0.079113,0.100589,0.278546,0.097145,0.097353,0.219498,0.080545,0.070356,0.150339,-0.171712,0.143945,0.126717,0.092918,0.005633,0.092595,0.126232,-0.075237,0.068386,-0.035245,0.087774,0.021435,-0.022504,-0.015058,0.080659,0.193273,0.040859,0.101759,0.054964,0.035982,0.048829,0.191765,0.253244,0.108653,0.108789,0.123730,0.087675,-0.006229,0.066290,0.245388,0.291731,0.095293,0.027352,-0.008913,0.040559,-0.114156,0.133566,0.159271,0.144876,0.103029,0.097599,0.132348,0.141230,0.142748,0.122528,0.001263,0.090707,0.040252,0.176421,0.213531,0.119344,0.153435,0.236873,0.120480,0.170936,0.074849,0.039569,0.098752,0.154744,0.222240,0.065191,0.089149,-0.018960,0.111426,-0.020621,0.165535,0.109070,-0.016101,-0.063600,0.206425,0.234418,-0.036249,0.038511,-0.109796,-0.103499,-0.048412,0.169883,0.208698,0.211432,0.146707,0.088730,0.015242,-0.097786,0.095360,0.274950,0.175095,0.190302,0.035594,0.037263,0.082204,0.107843,0.085701,0.118615,0.099705,0.035365,0.093697,0.026526,0.183097,-0.076064,0.223664,0.069058,0.101426,-0.117591,0.128595,0.197652,0.211522,0.153790,-0.136592,0.135551,0.162481,0.051625,-0.103173,0.186292,0.017841,0.290839,#
2,0.134530,0.194997,1.000000,0.150930,0.200549,0.072015,0.193347,0.169653,0.105731,0.100961,0.276157,0.286626,0.043638,0.213288,-0.041122,0.199789,0.046976,0.053768,0.051405,0.133557,0.241821,0.209785,-0.005437,0.036160,0.147264,0.265973,0.228834,0.138671,-0.026549,0.229497,0.016724,-0.059311,-0.011050,0.028106,0.051747,0.112226,0.137970,-0.101497,0.148243,-0.002797,0.194754,0.132837,0.341662,-0.010840,0.057150,0.052123,0.117834,0.114381,0.099209,0.104524,0.167773,0.216643,0.112584,0.075513,0.024993,0.074993,0.104643,-0.011607,0.141742,0.190849,0.284958,-0.072939,-0.014631,0.195523,0.266822,0.138981,0.135986,0.079752,0.187100,0.189290,0.097941,0.193702,0.025483,0.127582,0.204063,0.085724,0.100554,0.121991,0.169277,-0.001678,0.174578,-0.063538,-0.003942,-0.011859,0.159058,0.048015,0.226359,0.225097,0.142556,-0.016468,0.071797,0.218605,0.184387,0.229448,0.027690,0.196219,0.227357,-0.011221,0.159130,0.091543,0.162826,0.077789,-0.023360,0.214972,0.041890,0.149326,0.201264,0.204289,0.201435,0.184478,0.134214,0.167818,0.174585,0.076612,0.140129,0.234588,0.160492,0.104843,-0.207404,0.058610,0.155311,0.046331,0.040924,0.071370,0.104564,0.029469,0.190573,0.064646,0.195615,0.180330,0.061343,0.198385,0.149440,0.123239,0.307376,0.165012,0.176783,0.089719,0.038053,-0.010301,0.150674,0.079052,0.205635,0.047643,0.335103,0.094607,-0.074808,0.089339,0.173392,0.008991,0.081797,0.149152,0.194034,0.116481,0.112212,0.021830,0.082995,-0.036070,0.093542,0.124434,0.032473,0.282821,0.160754,0.195440,0.114446,0.128336,0.112149,-0.033340,0.000774,0.072831,-0.018444,0.290586,0.086649,0.051746,0.100435,0.051777,0.190027,0.147104,-0.125509,0.048479,0.175297,0.107206,-0.015267,0.278086,0.080062,0.133098,0.082286,-0.052485,0.209821,0.030443,0.035307,0.165154,0.231376,0.087404,0.170480,0.058396,-0.137018,0.201479,0.262485,0.248445,#
3,0.131230,0.122719,0.150930,1.000000,0.142221,0.115508,0.200605,0.105873,0.272771,0.086248,0.265797,0.157312,0.097401,0.000271,0.125715,0.045855,0.086178,0.160898,0.241085,0.145800,0.149024,0.116038,0.151011,0.359193,0.135078,0.240520,0.166695,0.127721,0.142691,0.215262,0.163163,0.155217,0.336130,0.190909,-0.016073,0.153711,0.139195,0.151164,0.333545,0.068992,0.076663,0.259481,0.205510,0.267026,-0.024774,0.083103,0.076487,0.182116,-0.010407,0.183718,0.171786,0.154108,0.151109,0.005227,0.078333,0.233290,0.152519,0.039934,0.057651,0.155114,0.139257,0.012083,0.104266,0.050762,0.314906,0.063192,0.064771,0.014076,-0.032803,0.256678,0.127392,0.100623,0.202514,0.085668,0.143528,0.138566,0.137732,0.101604,0.174367,0.042929,0.313482,0.121367,0.118850,0.064378,0.237528,0.033335,0.126847,0.082825,0.187074,0.152334,0.241102,0.178508,0.119785,0.151022,0.044809,0.133997,0.222112,-0.091229,0.177029,0.182865,0.278831,0.043594,0.023322,0.104738,0.336000,0.039145,0.226420,0.197632,0.080746,0.118674,0.131429,0.019119,0.081487,0.120459,0.088575,0.045950,0.094606,0.083434,-0.006539,0.083616,0.111669,0.068916,0.081703,0.216000,0.022621,0.085939,0.202863,0.255067,-0.017589,0.227529,0.251094,0.194475,0.216811,0.164274,0.171870,0.194777,-0.082006,0.158355,0.182111,0.134864,0.174131,0.245357,0.170427,0.161586,0.107025,0.086318,0.260670,0.257567,0.104657,0.073810,-0.032784,0.019230,0.041971,0.125856,0.220023,0.114820,0.086896,0.081014,0.141558,0.154380,0.155258,0.203381,0.235063,0.249064,0.101983,0.070149,0.083350,0.073297,0.045882,0.045825,0.140519,-0.044751,0.000750,-0.013470,-0.003614,0.191501,0.202769,0.190184,0.029550,0.104551,0.103326,0.261412,0.179760,-0.056172,0.026460,0.002561,0.156361,0.108358,0.047533,0.120411,0.104616,0.120177,0.232461,0.101304,0.162791,0.142439,0.206087,0.223705,0.156771,0.068439,#
4,0.156553,0.100826,0.200549,0.142221,1.000000,0.240638,0.000103,0.138261,0.268627,0.085093,0.045518,0.086639,0.152237,0.039805,0.092108,0.108467,0.038150,0.156397,0.144374,0.340533,0.357484,0.064535,0.123200,0.196423,0.102104,0.311259,0.089293,0.034892,0.125847,0.077261,0.073784,0.095973,0.115670,0.070828,0.048170,0.220331,0.382932,0.015473,0.191286,0.121120,0.036606,0.328434,0.126267,0.061970,0.329639,0.149261,0.349022,0.141322,0.101519,0.130250,0.061994,0.118931,0.106584,0.224070,0.263862,0.316027,0.127850,0.102361,0.118097,0.059123,0.219540,0.167276,0.082378,-0.044140,0.113229,0.000936,0.054232,0.114034,-0.005009,0.160137,0.220807,0.188172,0.166962,0.120408,0.089895,-0.034372,0.115718,0.161517,0.244795,0.063584,0.248106,0.177328,-0.010688,0.016088,0.371376,0.076126,0.156418,0.165987,0.110852,0.199630,0.282289,0.026871,0.132967,0.094523,0.119183,0.274251,0.110297,0.041274,-0.024021,0.075206,0.122460,0.012394,0.163099,0.198407,0.146003,0.118283,0.071957,0.231584,0.091687,0.206044,0.241295,0.190495,0.168196,0.226669,0.106213,-0.011010,0.156159,-0.002693,-0.055347,0.038080,0.062918,0.060492,0.127660,0.012636,0.281290,0.006728,0.284189,0.075345,0.233509,0.116543,0.263047,-0.016803,0.185353,0.204839,0.261803,0.168894,0.018237,0.087474,0.202695,0.114335,0.272774,0.007066,0.230244,0.031895,0.190851,0.258456,0.097023,0.274817,0.139552,0.069959,0.079529,0.132554,0.226102,0.330379,0.211903,0.074389,0.300208,0.132434,-0.054675,0.161771,0.154936,0.100730,-0.055368,0.064823,-0.133066,0.133315,-0.011958,0.054435,0.064470,0.072592,-0.101034,0.004803,0.377168,0.218532,0.135141,0.159030,0.247339,0.244608,0.094051,0.143156,0.079869,-0.021146,0.175410,0.079777,0.120141,0.092777,-0.066782,0.192875,0.159743,0.264110,0.005282,0.129182,0.004352,0.061027,0.232756,0.231154,0.021373,0.229450,0.187868,0.334471,#
5,-0.001110,0.068412,0.072015,0.115508,0.240638,1.000000,0.048247,0.187277,0.232768,0.138034,0.186544,0.076209,0.237572,0.130829,0.139348,0.000917,0.063981,0.070990,-0.071623,0.203772,0.075040,-0.081574,0.094027,0.078236,0.150692,0.151833,0.174284,0.180790,0.151212,0.157441,0.118628,0.151121,0.275435,0.132012,-0.015712,0.144289,0.192149,-0.002575,0.147169,0.042081,0.166833,0.178155,0.111707,0.238725,0.074329,0.064988,0.203072,-0.026341,0.207738,0.083579,0.136407,0.130865,0.062742,0.064105,0.089325,0.309372,0.037216,-0.114503,0.214396,0.080737,0.044418,0.112089,0.083329,-0.004108,0.192264,0.077002,0.072622,0.019778,0.174439,-0.016866,0.049707,0.134468,0.174912,0.160095,0.046965,0.034671,0.144751,0.121950,0.231669,0.102876,0.157253,0.103931,0.179840,0.032699,0.068701,0.059585,0.104419,0.025158,0.089784,-0.049441,0.117001,0.129429,0.256683,0.221367,0.074850,0.263033,-0.029611,0.076864,0.220646,0.031506,0.023803,0.123098,-0.137628,0.119288,0.063510,0.121921,0.149454,0.277120,0.076529,0.044689,0.153736,0.163557,0.038678,0.059968,0.227918,0.025568,0.076267,0.115236,0.036023,0.012858,0.032728,0.222827,-0.004022,0.112216,-0.081398,-0.018301,0.080699,-0.075206,0.144861,0.097031,0.292564,0.081596,0.173528,0.138251,0.306033,0.279403,0.106904,0.132780,0.091274,-0.097357,0.161896,0.144574,0.151940,0.185934,0.242559,0.198733,0.151905,0.084339,0.052539,0.199518,0.152364,-0.025710,0.144438,0.183148,0.119980,0.145881,0.168892,0.048170,0.137293,-0.087505,0.142676,0.030021,0.154699,0.155721,0.060280,0.102474,-0.035885,0.134279,0.222737,0.199982,0.264802,0.175302,0.146408,0.100038,-0.030277,0.073132,0.198185,0.181265,0.212292,-0.021237,0.145895,-0.043907,0.314702,0.077473,-0.009538,0.209375,0.192311,0.019579,-0.000451,0.041572,0.040467,0.153457,0.047854,0.061277,0.167079,-0.026372,-0.067543,0.258201,0.059960,0.288515,#
6,-0.040289,0.242198,0.193347,0.200605,0.000103,0.048247,1.000000,0.137252,0.224450,0.046008,0.088188,0.161710,0.106577,0.126489,-0.023942,0.083461,0.055393,0.053670,0.072716,0.039030,0.135901,0.178219,-0.017580,-0.086106,0.043196,0.186910,0.094063,0.139784,0.038475,0.248864,-0.005900,0.078391,0.000896,0.098600,-0.108332,-0.001393,0.013887,0.074284,0.076178,0.131258,-0.038524,0.042487,0.043018,0.075126,0.013653,0.075747,0.048294,0.031262,0.069464,-0.005229,0.020432,0.040992,0.079292,0.155691,-0.012665,0.107841,-0.068299,0.006794,0.087410,0.176317,0.135509,-0.027553,0.117177,0.070281,0.119474,0.324101,0.026078,0.172863,0.096184,0.084596,0.084581,0.107492,0.025569,0.092643,0.198734,0.115267,0.131149,0.129877,0.248364,-0.007928,0.102432,-0.000614,0.141708,-0.031821,0.176369,0.002162,0.028439,0.179001,-0.052018,-0.013108,0.047377,0.086373,0.025261,0.044736,0.018277,0.075904,0.141021,-0.006532,0.050552,0.191110,0.100842,0.206146,0.015343,-0.036404,-0.149569,0.211096,0.053459,0.032809,0.177541,0.152366,0.065810,0.124486,0.021336,-0.235877,0.052507,0.178323,0.229480,-0.074285,0.014661,0.049680,0.121579,0.088763,-0.080368,0.180103,0.032699,0.099843,0.006161,0.083750,-0.057328,0.077059,0.114495,-0.034714,0.052182,-0.012174,0.164183,0.078250,0.030153,0.091766,0.125065,0.144721,0.044159,0.153324,0.009751,0.063531,-0.044155,0.033223,0.166047,-0.012676,0.092292,-0.202945,0.210529,-0.002696,0.112833,-0.004017,0.217324,0.034622,0.033937,0.139604,0.003227,-0.056072,-0.037328,0.230311,0.283312,0.180663,0.127944,0.091701,-0.054003,0.059440,0.041809,0.032384,-0.041592,0.035524,0.080599,-0.036621,0.131509,0.092308,-0.011248,0.070380,0.229652,-0.145113,0.011269,-0.000962,0.172463,0.151674,0.162684,0.165614,0.061668,0.061903,0.006839,0.166016,0.019754,0.026386,0.053703,0.193487,-0.014751,-0.057545,0.079809,0.179661,0.053182,0.202304,#
7,-0.036759,0.141133,0.169653,0.105873,0.138261,0.187277,0.137252,1.000000,0.317227,0.124740,0.203059,0.343165,0.003545,0.111352,0.275016,0.123067,0.151118,0.283693,-0.011335,0.203510,0.122076,0.147957,0.170517,0.051133,0.169953,0.123131,0.191201,0.230651,0.016285,0.249295,0.041559,-0.026024,0.083287,0.125209,-0.078065,0.088581,-0.007951,-0.077190,0.262850,0.207857,0.033412,0.187204,0.090994,0.179860,0.212396,0.211996,0.138025,0.127371,0.179393,0.099190,0.199546,0.098498,0.025310,0.206414,0.109569,0.129289,0.202470,0.222799,0.177879,0.044890,0.254589,0.044291,0.079934,0.036434,0.242743,0.121855,0.091596,-0.021181,0.141960,0.344392,0.103805,0.058064,0.297430,0.153768,0.079245,0.077748,-0.010975,0.202974,0.191775,0.292058,0.265494,0.092107,0.163202,0.111255,0.180783,0.044660,0.080214,0.016784,0.114788,0.148067,0.001774,0.121051,0.167713,0.236396,-0.031762,-0.026580,-0.023867,0.104873,-0.018649,0.155380,0.135781,0.050221,0.072708,0.068946,-0.046348,0.219121,0.276102,0.160541,0.097970,0.188833,0.007100,0.079419,-0.012790,0.081324,0.395170,0.162613,-0.055159,-0.025733,-0.008097,0.249996,0.158436,0.241439,0.017819,0.165891,0.187126,0.130670,0.220882,0.226457,0.095350,0.092311,0.103927,0.053914,0.266613,0.044364,0.409466,0.219025,-0.116416,0.313421,0.105304,0.091562,0.210572,0.008030,0.095958,0.031265,0.191764,0.168552,0.188824,0.155617,0.111761,0.087633,0.167092,0.092527,0.070342,0.190637,-0.004139,0.211090,0.151367,0.152325,0.173765,0.154605,0.046679,0.078475,0.204243,0.052911,-0.030136,0.274195,0.165120,-0.018214,0.064782,0.104464,0.123453,0.139541,0.244348,0.072622,0.163532,0.041715,0.098644,0.137310,-0.094984,0.190297,0.248422,0.107191,0.122787,0.208089,-0.105738,0.108347,-0.006034,-0.123377,0.100792,0.339794,0.180259,0.031796,0.139949,0.052651,0.127226,0.074224,-0.054603,0.163049,0.204725,0.201175,#
8,0.111155,0.268200,0.105731,0.272771,0.268627,0.232768,0.224450,0.317227,1.000000,0.214400,0.232859,0.211971,0.189881,0.090603,0.318822,0.140832,-0.025369,0.167076,0.117678,0.191138,0.082992,0.166428,0.184759,0.225743,0.077530,0.200636,0.088090,0.191095,0.047878,0.269614,0.001036,0.179368,0.061305,0.080952,0.067746,0.193971,0.200434,-0.023540,0.175789,0.085495,0.059486,0.242326,0.139059,0.124716,0.238443,0.150321,0.138957,0.111882,0.245153,0.165635,0.243159,0.332834,0.065904,0.357831,0.110197,0.379726,0.253877,0.235723,0.058234,0.228291,0.245941,0.145396,0.262595,-0.132644,0.196547,0.251163,0.131853,0.038291,0.289895,0.220819,0.213809,0.075579,0.215598,0.084520,0.219774,0.138649,0.186651,0.198181,0.233433,0.083158,0.286019,0.299672,0.146404,0.044583,0.322463,0.111412,0.146820,0.141973,0.097664,0.204577,0.128261,0.205408,0.139093,0.055086,0.321655,0.257684,0.240741,0.038116,0.167389,0.120803,0.188005,0.153746,0.137326,0.165103,0.206943,0.096384,0.185351,0.247152,0.031324,0.254700,0.081529,0.065294,-0.011522,0.154168,0.286584,0.258159,0.069247,0.077774,0.050095,0.223875,0.189687,0.232780,0.181571,0.163804,0.137201,0.212570,0.128591,0.281882,0.024043,0.289556,0.151205,-0.055201,0.280862,0.235373,0.285976,0.247016,0.038945,0.206386,0.203554,0.075944,0.240718,0.201067,0.320352,0.047726,0.069281,0.153907,0.272944,0.203280,0.187185,0.074571,0.289124,-0.013332,0.171282,0.252808,0.311931,0.377117,0.218579,0.258815,0.141998,0.155689,0.030175,0.127084,0.102698,0.212318,0.181412,0.209355,0.164583,-0.086885,0.221282,0.200612,0.147689,0.186702,0.134773,0.059165,0.183528,0.128956,0.115129,0.216604,0.169216,0.092949,0.183010,0.184304,0.119443,0.123386,0.091915,0.179352,0.063072,-0.004838,0.119068,0.253052,0.216709,0.065212,0.164556,0.131396,0.376708,0.033910,0.081119,0.143078,0.130915,0.114557,#
9,0.052409,0.033112,0.100961,0.086248,0.085093,0.138034,0.046008,0.124740,0.214400,1.000000,0.373848,-0.025987,0.025527,0.147210,0.166133,0.174926,-0.084818,0.029947,-0.098379,0.298600,0.038493,-0.030069,0.050554,0.036519,-0.034711,0.017772,0.206305,0.130729,0.016829,0.120625,0.195565,0.017404,-0.040859,0.123200,0.196354,0.055723,-0.125048,0.166123,0.137440,-0.082466,0.265962,0.126901,0.105492,-0.127521,0.066834,0.124913,0.094984,0.065216,0.127079,0.107781,0.045440,0.216419,-0.044112,0.063004,0.078986,0.258525,0.112855,0.128736,0.130554,-0.020443,0.213644,0.017806,0.190083,0.001786,0.218173,0.139137,-0.009158,-0.087622,0.084523,-0.030556,0.212185,0.192490,0.055105,0.060778,0.083406,0.086589,-0.044468,-0.006028,0.225974,0.160216,0.130536,0.240855,-0.014600,-0.047400,0.248440,0.044361,0.073590,0.101783,-0.131264,-0.121073,0.021345,0.130067,0.151106,-0.047641,0.085612,0.135928,0.141023,0.126791,0.066201,-0.127772,0.090085,0.096078,0.273813,0.000225,0.317584,0.029843,0.155663,0.031830,0.197906,-0.055858,0.009269,0.010111,0.036112,0.226584,0.072275,0.075309,-0.098751,0.137174,0.148812,-0.070564,0.096790,0.295530,-0.041760,0.146858,-0.048723,0.130426,-0.129190,0.213170,0.116891,0.236211,0.115830,-0.073297,0.044394,0.144484,0.098433,0.109008,0.125961,0.284494,0.074811,-0.191994,0.012568,0.134745,0.210979,0.005693,0.041834,0.150084,0.135293,0.212421,-0.008070,0.326828,0.086410,-0.163130,0.320146,0.247216,0.162758,0.160263,0.148905,0.163510,0.237310,0.015546,0.137394,0.051790,-0.013784,0.310981,0.085551,0.059418,0.063941,-0.001293,0.310935,0.048427,0.133536,0.141628,0.042778,0.162932,0.069709,0.134103,0.163179,0.027073,-0.031988,0.019797,-0.024124,-0.011499,0.184298,0.138559,-0.008081,0.069420,0.045788,0.024010,0.254581,0.065065,0.112439,0.076264,-0.032804,0.167708,0.055455,0.105858,0.050931,0.011197,0.117305,0.166688,#
10,0.115682,0.290740,0.276157,0.265797,0.045518,0.186544,0.088188,0.203059,0.232859,0.373848,1.000000,0.119274,-0.025545,0.108598,0.134475,0.118588,0.051588,0.129255,0.134992,0.209193,0.003669,0.010058,-0.085753,0.117172,0.067060,0.023775,0.127007,0.234118,-0.025675,0.229731,0.185740,0.117117,0.139103,0.081304,0.094071,0.179503,0.064903,-0.021801,0.314791,0.111694,0.202860,0.084581,0.113729,-0.045308,-0.057990,0.135093,0.159670,0.137115,0.164555,0.230492,0.099659,0.172677,0.060679,0.183458,-0.005970,0.248666,0.041419,-0.027124,0.060833,0.189119,0.053758,0.108893,0.125604,0.126681,0.329413,0.220627,0.201978,0.044860,0.089920,0.123776,0.140892,0.205978,0.197297,0.113967,0.071973,0.093126,0.083851,0.042290,0.133994,0.139357,0.259564,0.084933,0.210324,0.116768,0.352354,-0.101910,0.146372,0.150857,0.013199,0.074953,0.012900,0.183739,0.134134,0.089508,0.045951,0.262681,0.146097,-0.032744,0.197907,0.081329,0.059882,0.045196,0.115985,-0.053482,0.166741,-0.076972,0.194782,0.275075,0.121589,0.041399,0.055380,0.201065,0.013805,0.129514,0.340030,0.290367,0.033831,0.041982,0.014612,0.062020,0.089603,0.264487,-0.012965,0.095773,-0.009878,0.019137,0.130981,0.166309,0.172690,0.208370,0.228600,0.073229,0.052623,0.121438,0.155063,0.114079,-0.059743,0.384778,0.082102,-0.094453,0.230526,0.041851,0.156619,0.091782,0.156612,0.036709,0.006018,-0.002531,0.027671,0.074577,0.088077,0.184551,0.176514,-0.013121,0.230098,0.118065,0.224582,-0.101407,0.187722,0.055738,0.183775,0.023628,0.341742,0.202208,0.169766,0.146686,0.182921,0.060012,0.149959,0.248837,0.205946,0.196492,-0.011647,0.150442,0.111841,0.051698,0.127018,0.222567,-0.071356,0.061872,0.092909,0.060592,0.264846,0.044973,0.135508,0.115740,-0.045224,-0.205122,0.170293,0.216934,0.224889,0.103018,0.078020,0.057272,0.196785,0.009545,-0.090371,0.166867,0.202391,0.357463,#
11,-0.045927,0.224691,0.286626,0.157312,0.086639,0.076209,0.161710,0.343165,0.211971,-0.025987,0.119274,1.000000,0.074681,0.069680,-0.044757,0.027513,0.039472,0.252123,0.128684,-0.066560,0.103501,0.173494,-0.061254,0.049969,0.217429,0.301052,-0.009187,0.261256,-0.184897,0.234796,0.147689,0.079299,0.075969,0.088037,0.140927,0.191045,0.201015,-0.048542,0.174816,0.234612,-0.044576,0.214990,0.282361,0.179400,0.087322,0.198500,0.133596,0.063293,0.138494,0.031506,0.123359,0.202112,0.060442,0.323712,-0.028327,-0.028705,0.048424,0.269555,0.127935,-0.023647,0.070488,-0.023064,0.221053,0.051889,0.099055,0.239149,0.130724,0.260509,0.162013,0.207395,0.061572,0.060150,0.275771,0.040258,-0.013309,0.111162,0.018074,-0.007872,0.112045,0.132016,0.164471,0.111886,0.203984,0.055974,0.227854,-0.115833,0.075955,0.242612,0.152992,0.005519,0.066368,0.214779,0.260916,0.433599,0.059787,0.138361,0.007969,0.018938,0.112011,0.219333,0.147700,0.142852,-0.045651,0.181377,0.005083,0.261654,0.214515,0.268453,0.185684,0.107759,0.188720,0.104998,0.095629,0.122896,-0.001716,0.306825,0.054813,0.106889,-0.095448,0.125620,0.024101,0.130105,0.193351,0.127870,0.135555,0.019314,0.101868,0.212268,0.224814,0.092209,0.044748,0.212113,0.259353,0.205087,0.186186,0.092550,-0.237468,0.399284,-0.000687,0.205611,0.107098,0.047418,0.147198,0.128947,0.193918,0.116453,0.143081,0.024505,0.018154,0.014236,0.099487,0.290553,0.070924,0.136394,0.176782,0.205610,0.091217,-0.065013,0.112384,0.104334,0.121470,0.265424,0.028156,0.014591,0.060751,0.068827,0.276061,0.058126,0.135881,0.137412,0.083917,0.032643,-0.048004,-0.042692,0.139266,0.112416,0.140983,0.150776,-0.012241,0.075484,0.235563,0.102166,0.109405,-0.004447,-0.041649,0.088613,-0.016534,0.012272,0.081303,0.301302,0.075469,0.052592,0.215412,0.256296,0.303312,0.088491,0.077615,0.171223,0.105070,0.149505,#
12,0.031070,0.049421,0.043638,0.097401,0.152237,0.237572,0.106577,0.003545,0.189881,0.025527,-0.025545,0.074681,1.000000,0.003424,0.149126,0.053233,0.348245,0.189324,0.119688,0.250862,0.158968,0.111746,0.089859,0.208701,-0.001427,0.187299,0.182957,0.178474,-0.016063,0.228873,-0.065016,0.195893,0.080232,0.103574,0.101747,0.293674,0.146315,0.039658,0.135288,0.104174,0.132241,0.031440,0.204253,0.225883,0.292897,0.122628,0.262130,-0.114640,0.210234,0.072035,0.236330,0.101341,0.047089,0.239923,0.126324,0.181131,0.013877,0.086884,0.016014,-0.153253,0.066265,0.244632,0.002544,0.204781,0.288303,0.172758,0.019399,0.144872,0.165783,0.080555,0.064648,0.146923,0.165225,0.054208,0.245141,0.226388,0.145753,-0.026826,0.161562,0.009637,0.202389,0.116254,-0.048845,0.007306,0.083002,0.147684,0.123652,0.306603,0.175356,-0.005144,0.133575,0.070959,0.074246,0.191726,0.201090,0.185841,0.309631,0.156674,0.038536,0.077359,0.072186,0.142302,0.099248,0.107278,0.197810,0.018952,0.119300,0.028018,-0.033237,0.037191,0.307462,0.042305,0.088947,0.116740,0.146884,-0.043702,0.208108,-0.083970,0.080558,-0.075640,0.160017,0.153700,0.247326,0.165323,0.166276,-0.024352,0.217310,-0.019865,-0.033596,0.027384,0.198443,0.014001,0.139154,0.079989,0.188241,0.025917,0.204797,0.065921,0.233118,0.067227,0.134708,0.060974,0.130673,0.050846,0.003914,0.206033,0.000738,0.165954,0.080680,0.114772,0.047914,0.188129,0.146853,0.110230,0.035910,0.197075,0.067283,-0.050099,0.019015,0.113680,0.033601,0.289858,0.171070,0.265520,0.149832,0.030828,0.264454,0.106346,0.088709,0.017254,0.154492,0.111450,0.027405,0.144103,0.184354,0.039720,0.188264,0.214922,0.138649,0.180696,0.124689,0.113375,0.183701,-0.001586,0.129136,0.081622,0.191140,0.239250,0.068425,-0.013136,0.103989,-0.051564,0.083093,0.118706,0.007442,0.107465,0.136590,0.210105,0.155658,0.046811,#
13,-0.018497,0.040525,0.213288,0.000271,0.039805,0.130829,0.126489,0.111352,0.090603,0.147210,0.108598,0.069680,0.003424,1.000000,0.275612,0.030881,0.182502,-0.024337,0.114437,0.238295,0.134887,0.088046,-0.051775,0.073244,-0.031558,0.294655,0.287143,0.172520,0.094490,0.124736,0.095595,0.150470,0.159503,0.099776,0.172615,0.042581,0.005365,0.059456,-0.043762,0.160942,-0.106063,0.156887,0.152732,0.117055,0.080549,0.139182,0.163028,0.090714,0.132838,0.031223,0.129877,0.138222,0.044245,0.241014,0.045749,0.239062,0.018205,0.151153,0.044796,0.173987,0.165760,0.047633,0.155908,0.038556,0.139417,0.088894,0.262211,0.173614,0.277880,0.087989,0.024921,0.053106,0.057842,-0.012998,0.232792,0.122972,0.213000,0.242990,0.226185,0.066002,0.161680,0.241987,0.024525,0.323937,0.226924,0.061031,0.149874,0.099990,0.167269,-0.036725,0.003573,0.044531,0.145867,0.248827,-0.009798,0.016721,0.184805,-0.012499,0.141969,0.257665,0.113212,0.270216,0.170499,0.216161,0.049374,0.146586,0.127828,0.164740,0.230311,0.158158,-0.057007,0.091186,0.337643,0.080825,0.296163,0.155002,0.241290,0.123718,-0.022138,0.162819,0.301315,0.226050,0.126240,0.149717,0.178947,-0.088286,-0.026290,-0.101000,0.160387,0.181371,0.072648,0.081214,0.074498,0.058333,0.278492,0.068551,0.098819,0.137746,0.241043,0.100812,-0.095992,0.093723,0.398145,0.245097,0.156256,0.243984,0.138762,0.181804,0.005004,0.101413,0.123753,0.083310,0.080526,0.299334,0.167797,0.254159,-0.020974,0.203622,0.193708,0.134275,0.001623,0.317583,0.056811,0.291810,0.091473,0.017934,0.032872,-0.056897,0.119339,0.091470,0.096843,0.261974,0.137704,0.073771,0.022867,0.075012,0.094989,0.089926,0.180482,-0.151052,0.123833,0.190553,0.126496,0.127943,0.166819,0.190966,0.230178,0.069444,-0.097935,0.180063,0.091568,0.121160,0.133382,0.124480,0.111688,0.088990,0.040183,0.028955,0.214441,0.135588,#
14,0.174711,-0.050534,-0.041122,0.125715,0.092108,0.139348,-0.023942,0.275016,0.318822,0.166133,0.134475,-0.044757,0.149126,0.275612,1.000000,0.251035,0.077268,0.095287,0.232398,0.316757,0.157706,0.011025,0.149928,0.245506,0.032663,0.003763,0.222524,0.234074,0.135880,0.142068,-0.089955,0.155534,0.057067,0.052949,0.204282,0.106058,0.032429,0.141812,0.067687,0.279898,0.068632,0.051287,0.173763,-0.018285,0.239396,0.241339,0.092647,0.039921,0.103782,0.199563,0.217677,0.037430,0.261126,0.288472,0.268292,0.260518,0.224679,0.039113,0.019771,0.104133,0.271656,0.143769,0.099354,0.034749,0.112800,0.005098,0.193093,0.094020,0.075127,0.222471,0.077244,0.037905,0.102423,0.217445,0.243495,0.117477,0.240396,0.166275,0.135566,0.136733,0.246061,0.176006,0.067377,0.199635,0.176857,0.159820,-0.026906,0.071951,0.087169,0.074207,0.138146,0.152717,0.204362,0.197181,0.203434,0.093943,0.177399,0.016896,-0.033161,0.040861,0.200378,0.251690,0.127181,0.217525,0.159208,0.007972,0.209688,0.189075,-0.060206,0.147403,-0.032317,-0.139230,0.049390,0.146843,0.183075,0.108509,0.092144,0.055726,0.150325,0.136880,0.352194,0.333231,-0.045500,0.042398,0.155397,0.072731,0.120744,0.162327,0.108858,0.299354,0.096850,0.035984,0.124799,0.013649,0.127772,0.110025,-0.051224,0.123666,0.027640,-0.025896,0.227945,0.195734,0.297450,0.091711,-0.016127,0.356863,0.150048,0.192389,-0.067101,0.117957,0.156031,0.099630,0.012573,0.207627,0.135119,0.215239,0.264657,0.102768,0.056555,0.149944,0.055008,0.131446,0.125755,0.168247,0.193174,0.033385,0.106288,-0.033270,0.098949,0.285953,0.177828,0.186419,0.203116,0.066975,0.086518,0.003081,0.257930,0.223697,0.230371,0.089568,0.116242,0.165906,0.095401,0.139883,0.082869,0.070946,0.138097,-0.136403,0.038135,0.255639,0.040606,-0.005057,0.074282,0.213138,0.142956,-0.007385,-0.089322,0.056493,0.265776,0.088569,#
15,0.186495,-0.036002,0.199789,0.045855,0.108467,0.000917,0.083461,0.123067,0.140832,0.174926,0.118588,0.027513,0.053233,0.030881,0.251035,1.000000,0.154874,0.191838,0.152358,0.155029,0.028659,0.057074,0.164479,0.208010,0.067630,0.261696,0.163954,0.082319,0.093666,0.117602,-0.031021,0.137668,0.070870,0.150702,0.079078,-0.008957,-0.008611,-0.048419,0.118717,0.019084,0.084350,0.131510,0.136675,0.071330,0.157343,0.087197,-0.110066,0.098693,-0.003594,0.238660,-0.085961,0.208223,0.138407,0.148919,0.126244,0.137734,0.108922,0.090341,0.151213,0.198948,0.107655,-0.073697,0.183153,-0.042372,0.107611,0.112808,0.048600,0.079830,0.101344,-0.032858,0.177280,0.074320,0.017044,0.067880,0.114259,0.057681,-0.038724,0.119698,-0.001945,0.121922,0.234930,0.005806,-0.095841,0.249811,0.182577,0.080693,0.046047,0.190156,0.104642,0.191440,0.080678,0.111440,0.092395,0.099955,0.015398,0.070039,0.289085,-0.039314,0.043962,0.081415,0.172616,0.114105,-0.062494,0.084481,-0.045018,0.006060,0.111955,0.143715,0.026704,0.131450,0.007481,0.190957,0.042532,-0.034842,0.073346,0.219637,-0.062579,-0.135366,-0.010131,-0.070409,0.218220,0.207234,0.075057,0.110297,0.149386,0.028665,0.058542,0.239297,-0.011426,0.149765,-0.001144,0.069920,0.036884,0.067267,0.111257,0.132121,-0.031911,0.026145,-0.016643,-0.109045,-0.019007,0.201394,0.136798,-0.007268,0.199237,0.085913,0.011680,0.156979,0.281105,0.070090,0.022268,-0.048322,0.073950,0.246727,-0.035720,0.248120,0.144112,0.087209,0.069046,0.095855,0.033014,0.043512,0.197354,0.094124,0.103392,0.221448,0.103002,0.087624,0.162170,0.025681,-0.043677,0.103662,0.061111,-0.053587,0.136961,-0.012664,0.311692,0.074384,-0.077863,0.117453,0.184150,0.008457,0.092999,0.237892,-0.018719,0.052145,0.014847,0.114911,-0.027706,0.049451,-0.114845,0.027180,0.088900,0.049083,0.024241,0.057429,0.032925,0.102932,0.082446,-0.123915,#
16,0.133997,0.083709,0.046976,0.086178,0.038150,0.063981,0.055393,0.151118,-0.025369,-0.084818,0.051588,0.039472,0.348245,0.182502,0.077268,0.154874,1.000000,0.088135,0.062479,0.366384,0.150545,0.141926,0.016062,0.086378,-0.077203,0.209305,0.165682,-0.044221,0.004345,0.315944,0.017766,0.192874,-0.014469,0.244951,0.088741,0.173312,0.110130,-0.076696,0.142213,0.034077,-0.082953,0.055716,0.156209,0.160417,0.119884,0.307696,0.057601,0.020665,0.102245,0.072514,0.119173,0.091076,0.243871,0.214942,0.071514,0.067320,0.002822,0.016499,0.062566,-0.114894,0.015186,0.333332,0.200573,0.155520,0.185568,0.004472,-0.050531,0.336013,0.105362,0.194818,-0.058729,0.151000,0.269855,-0.016884,0.045440,0.133630,0.025300,0.237589,0.129545,0.055038,0.079241,0.001231,-0.027395,0.183575,0.158710,0.101555,0.146033,0.143911,0.168492,0.011729,0.103191,0.147478,0.112046,0.026332,0.027254,0.050532,0.227054,-0.011612,0.003165,0.214483,-0.023236,0.028526,-0.107043,0.059288,0.051172,0.106449,0.152195,0.061441,0.014420,0.140934,0.133591,0.055024,0.086087,0.072911,0.218923,0.148673,0.034307,-0.004832,-0.038184,0.184584,0.176168,0.159396,0.133681,0.183413,0.264305,-0.079376,0.152685,-0.084580,-0.024586,0.133081,0.091766,-0.075242,0.280558,-0.222499,0.306568,0.212746,-0.058544,0.224112,0.093341,0.169220,-0.049101,0.085650,0.075277,0.039697,0.216713,0.104324,0.008032,0.124715,0.274106,0.138457,-0.133204,0.274525,0.004843,0.078741,0.153035,0.148261,0.028579,0.113330,0.009672,0.123851,0.040725,0.243924,0.146374,0.175941,0.080971,0.039695,0.153588,0.061008,-0.012237,-0.009548,0.024897,0.053898,0.007803,0.016184,0.128796,0.117836,-0.011177,0.078254,0.141854,-0.001511,0.082699,0.122162,0.091775,-0.120609,0.031482,0.131588,0.189735,0.147266,0.070810,0.090938,0.262916,-0.144503,-0.101071,0.051322,0.076269,0.261600,-0.053643,0.115370,-0.037746,0.042994,#
17,0.176033,0.138276,0.053768,0.160898,0.156397,0.070990,0.053670,0.283693,0.167076,0.029947,0.129255,0.252123,0.189324,-0.024337,0.095287,0.191838,0.088135,1.000000,0.053883,0.164859,0.234581,0.014793,0.056168,0.217835,-0.054422,0.172542,0.127379,-0.006281,-0.021858,0.166301,0.124901,0.033864,0.237119,0.048070,0.077963,0.162210,-0.122064,0.048721,0.260478,0.081685,0.151105,0.081877,0.041105,0.183119,0.113950,0.210890,0.215137,0.018039,0.031213,0.064954,0.118344,0.085664,-0.025384,0.164244,0.118040,0.181506,0.220821,0.126054,0.039228,-0.038922,0.169398,0.124370,0.093299,0.045131,0.159449,0.196288,0.141073,0.211488,0.089540,0.155789,0.035410,0.245379,0.153354,-0.032312,0.073835,0.200825,-0.028847,0.035464,0.001507,0.224516,0.079728,0.099398,0.273599,0.095995,0.114699,-0.096285,0.188948,0.162713,0.100528,0.136325,0.115042,0.039092,0.198763,0.111061,-0.012437,0.147988,0.080300,0.172090,0.091883,0.122452,0.064506,-0.050539,-0.021852,0.164898,0.066981,0.134082,0.177841,0.110443,0.140402,-0.027224,0.096882,0.180790,0.020829,0.216540,0.099213,0.148036,-0.043556,-0.018425,-0.011690,0.105558,0.010536,0.211540,0.093531,0.160998,0.259175,0.033788,0.034409,0.137155,0.025783,0.062914,0.161876,0.094563,0.168207,0.072568,0.183775,0.197273,0.095260,0.251932,0.106103,0.147044,0.109491,0.144828,0.099078,0.138477,0.162909,0.255641,-0.009947,0.118258,0.012525,0.001868,0.123580,-0.031599,-0.017557,0.157864,0.236850,0.275962,0.136647,0.071862,0.243683,0.125370,0.104160,0.200076,0.189840,0.195924,0.068926,0.189470,0.122629,0.162254,0.152858,-0.074576,0.163663,0.040837,0.016143,0.033562,0.165805,0.004184,0.210809,0.098951,-0.172297,0.229120,0.120030,0.168059,0.143364,0.075487,-0.035631,0.026107,0.084810,0.026036,0.119438,0.188930,0.121691,0.209716,0.104975,0.087131,0.244150,0.090068,0.011749,0.105554,-0.003889,0.085500,#
18,0.210997,-0.021056,0.051405,0.241085,0.144374,-0.071623,0.072716,-0.011335,0.117678,-0.098379,0.134992,0.128684,0.119688,0.114437,0.232398,0.152358,0.062479,0.053883,1.000000,0.020277,0.192711,0.116504,0.038154,0.279052,0.119622,0.105161,-0.000093,0.271624,0.017299,0.011274,-0.000205,-0.049697,0.113224,0.085557,0.233275,0.202202,0.200021,0.067299,0.078303,0.323522,0.051834,0.185101,0.157881,0.056784,0.176186,0.007023,0.011960,0.032505,0.000005,0.233293,0.157896,0.024675,0.155095,0.122660,0.149119,0.122560,0.105548,0.053844,-0.030970,0.006219,0.063540,-0.078550,0.210818,0.082661,0.178978,0.056285,0.257226,0.128358,-0.067600,0.025450,-0.066694,0.004693,0.012252,-0.044250,0.030319,0.089276,0.044307,0.101822,0.049134,0.027217,0.157531,-0.005721,0.053906,0.222405,0.129055,-0.077111,0.183098,0.052523,0.149404,0.107618,0.243087,-0.018675,0.005930,0.195397,0.032892,0.259820,0.270389,0.005096,0.074353,0.171953,0.087541,0.121174,0.080473,0.087359,0.258150,0.049039,0.112369,0.011290,0.057530,0.112931,0.186764,0.142498,0.137332,0.068689,0.049818,0.112251,-0.000120,-0.238765,0.043456,0.156225,0.081688,0.128949,0.113826,-0.081055,0.093197,-0.082555,0.102804,0.151932,0.211457,0.062950,0.060670,0.187023,0.022352,0.124259,0.138243,-0.095809,-0.069175,0.205995,-0.035325,0.142782,0.109382,0.000322,0.140820,0.090964,0.087352,0.162766,0.005930,0.098183,-0.024983,-0.010894,-0.072433,0.129081,0.031661,0.039835,0.098571,0.180203,0.216956,0.034000,-0.122899,0.322465,0.132454,0.151203,0.137989,0.127325,0.032517,0.195725,0.130826,0.052887,0.022955,0.212275,-0.145126,-0.000120,0.130320,0.089423,-0.057403,0.236280,0.220751,0.113104,0.227399,-0.047552,0.049725,0.029106,0.156050,-0.023623,0.073650,-0.064641,0.276218,0.054991,0.042789,0.097534,0.012227,0.146068,0.199893,0.051392,0.138314,0.027812,0.011995,0.164912,0.217216,0.016495,#
19,0.207425,0.175193,0.133557,0.145800,0.340533,0.203772,0.039030,0.203510,0.191138,0.298600,0.209193,-0.066560,0.250862,0.238295,0.316757,0.155029,0.366384,0.164859,0.020277,1.000000,0.238866,0.013415,0.162868,0.188361,0.003838,0.380306,0.247143,0.115657,0.043361,0.245209,0.187249,0.217700,0.112178,0.136893,0.097087,0.254595,0.062094,-0.072941,0.303994,0.130405,0.127793,0.234320,0.083326,0.018285,0.153596,0.297375,0.323318,0.267956,0.152228,0.288574,0.228128,0.188280,0.093180,0.322185,0.224330,0.329252,0.236966,0.098915,0.188861,0.094536,0.206070,0.325767,0.237715,0.251538,0.381783,0.008589,0.119205,0.229176,0.096317,0.247225,0.196345,0.157376,0.211970,0.063452,0.250933,0.388411,0.127468,0.305486,0.469970,0.144667,0.274885,0.232626,0.177668,0.176222,0.337697,0.072001,0.170314,0.305916,0.230363,0.007579,0.126708,0.187330,0.245420,0.092352,0.072704,0.293241,0.237078,0.198722,-0.040666,0.101676,0.128409,0.140750,0.203954,0.203994,0.264245,0.315005,0.198742,0.383232,0.096454,0.040261,0.164838,0.138639,0.158474,0.204757,0.278251,0.138501,0.223235,0.227137,0.168112,-0.096228,0.350125,0.334177,0.252571,0.332899,0.370175,0.081651,0.306600,0.167596,0.055247,0.289883,0.108011,-0.069452,0.264550,0.117204,0.337137,0.194579,0.097440,0.372000,0.132663,0.054239,0.084109,0.256499,0.239930,0.052665,0.168241,0.207222,0.056679,0.241361,0.251717,0.083995,0.101560,0.250217,0.151293,0.304591,0.281311,0.148907,0.242974,0.046075,0.160425,0.144018,0.303970,0.219044,0.210291,0.219524,0.241690,0.177997,0.069547,0.182158,0.326516,0.066358,0.158898,0.242069,0.281745,0.250079,0.141096,0.136080,0.300323,0.213953,0.186788,0.017434,-0.031776,0.194337,0.260598,0.164409,0.188481,0.175903,0.158003,0.186129,0.207436,0.198002,0.327860,0.174957,-0.068920,0.117868,0.226484,0.245166,0.026428,0.180310,0.232871,0.305582,#
20,0.064318,-0.000121,0.241821,0.149024,0.357484,0.075040,0.135901,0.122076,0.082992,0.038493,0.003669,0.103501,0.158968,0.134887,0.157706,0.028659,0.150545,0.234581,0.192711,0.238866,1.000000,0.124296,0.103231,0.127157,0.178801,0.292128,0.131172,0.027199,0.085329,0.134514,0.007021,-0.048422,0.080799,0.104591,0.051471,0.086809,0.190776,0.022807,0.174312,0.189824,0.148844,0.247514,0.022908,-0.038909,0.288804,0.154148,0.319476,0.003711,0.044894,0.075725,-0.059831,0.100923,0.044561,0.258978,0.178499,0.158510,0.182482,0.146936,0.113783,-0.112458,0.205290,0.188744,0.185706,0.095020,0.096711,-0.000032,0.047556,0.215392,0.183052,0.188421,0.219358,0.303797,0.134310,0.022227,0.027439,-0.041108,0.082469,0.261559,0.236853,0.005118,0.213504,0.076281,0.170930,0.004056,0.196657,0.112815,0.151360,0.134418,0.273699,-0.005120,0.172295,0.104722,0.159146,0.175854,0.184631,0.074901,0.164927,0.190663,0.109146,0.007476,0.185653,0.097799,0.136014,0.121873,0.164669,0.156638,0.106877,0.133522,0.054436,0.202157,0.143115,0.267224,0.069616,0.069507,0.093663,0.240008,0.230008,0.047621,-0.058253,0.241415,0.074826,0.232614,0.026625,-0.000398,0.105135,-0.015773,0.173968,0.088566,0.218662,0.158274,0.197769,0.090604,0.146534,0.111975,0.261421,0.060674,0.184384,0.097974,0.127139,0.049707,0.192699,0.130146,0.215400,0.177430,0.209507,0.176235,-0.031726,0.188485,0.177394,0.170910,0.192187,0.091564,-0.039138,0.199836,0.129406,0.106160,0.171678,-0.015208,0.034001,0.294930,0.149888,0.208962,0.223527,0.230505,0.131683,0.045158,-0.063852,0.185983,0.093199,-0.004506,0.125586,0.038302,0.044304,0.032340,0.073532,0.111245,0.066847,0.072957,0.219566,0.104971,0.063204,0.122428,-0.027767,0.092839,0.153151,-0.112061,0.180116,0.116242,0.086160,0.372834,0.000035,0.124011,0.056258,0.156346,0.187645,0.156712,0.016694,0.238732,0.202403,0.173547,#
