0,1.000000,-0.003628,0.023295,0.044936,-0.008676,0.120970,-0.077417,0.046075,0.049118,-0.062321,-0.124808,0.031512,0.141835,-0.279375,0.228769,-0.079752,0.070781,0.025399,-0.013806,0.160594,-0.104172,-0.065198,0.045602,0.071779,0.076007,-0.028425,0.173632,0.006784,-0.112850,0.048895,-0.056173,-0.052244,-0.046230,-0.191504,0.163922,0.066034,0.069218,-0.070221,0.110376,0.041763,-0.047807,-0.053965,0.148220,0.091794,-0.091172,-0.031098,0.096884,-0.014470,-0.116443,0.076447,0.096554,-0.021420,0.141194,0.197881,-0.029010,0.122064,-0.112224,-0.004059,-0.078867,-0.143336,0.202670,-0.147442,-0.003583,0.062848,-0.072861,0.195495,-0.144404,0.209167,-0.084884,0.044648,-0.004712,-0.013410,0.029945,-0.077553,0.097509,-0.064286,-0.182421,-0.081346,-0.122008,-0.044352,0.223202,0.110561,-0.145682,-0.044466,-0.027597,0.209521,-0.010296,-0.218043,-0.188468,-0.014444,-0.005865,0.003202,-0.079302,0.030609,0.043475,0.132460,-0.061935,-0.067529,0.067991,0.105105,-0.075267,-0.012063,-0.101814,-0.037446,0.096069,-0.145474,-0.197682,0.084966,0.093423,0.013237,0.141486,-0.102048,-0.027134,-0.032651,-0.009936,0.056529,-0.095753,-0.132004,0.157289,0.072135,-0.007266,0.214628,0.115515,0.103509,-0.021082,0.059046,0.042474,0.020894,-0.035340,-0.086523,-0.011766,0.026187,-0.011197,-0.079997,-0.049481,-0.112765,0.141271,0.146047,-0.064375,-0.046309,-0.138918,0.153464,-0.147377,0.109340,0.111446,-0.033899,-0.022745,0.028143,0.105741,0.000452,0.005576,-0.200572,-0.010968,-0.031936,-0.040029,-0.001767,-0.034822,-0.004927,0.128985,0.100829,0.115173,0.208354,-0.113343,-0.101517,0.018112,0.049040,0.037723,-0.065385,0.171521,0.075147,0.098914,-0.066941,0.192259,0.035476,0.137626,-0.215464,-0.027611,0.012130,0.071215,-0.018033,-0.121977,0.062750,-0.187443,0.057755,0.045465,-0.036331,0.040098,0.206185,0.019257,0.136323,-0.055218,0.057149,0.104031,-0.046253,-0.081823,-0.026698,-0.097864,-0.070653,0.020219,0.075645,#
1,-0.003628,1.000000,-0.031597,0.289072,0.129576,0.156670,-0.047125,-0.024721,-0.000457,-0.009607,0.017155,0.003884,0.058762,0.113211,-0.045217,-0.034846,0.147731,0.004203,0.079101,0.173558,0.244594,0.222830,0.193499,0.263167,0.077175,0.016096,0.109518,-0.062647,-0.083078,-0.094975,0.051557,0.272521,0.116208,-0.024245,0.070190,0.161696,-0.121766,0.129057,0.020634,0.078957,0.034790,0.057712,-0.036986,0.105103,-0.038557,0.248475,0.137170,0.062858,0.060152,0.054403,0.119424,0.228586,0.219156,0.028892,0.050414,0.179458,-0.159510,0.102069,0.203257,0.033199,-0.015547,-0.001017,-0.106698,-0.085256,-0.020509,0.069919,0.116669,0.170557,0.168251,0.225366,-0.002377,0.074245,0.258603,0.002047,0.043906,-0.030252,0.081569,0.037711,0.069638,-0.015594,0.104434,0.157909,0.268601,0.004674,0.048780,0.058341,0.007648,-0.056091,0.109565,0.141023,0.074178,0.039833,0.075495,-0.041725,-0.055110,-0.006400,0.057985,-0.035873,-0.060471,0.186538,-0.048797,0.197042,0.056656,0.109251,0.084709,-0.023289,-0.110271,0.219779,-0.011846,-0.043808,0.142503,0.066131,-0.038340,0.086043,0.067016,0.044346,0.255735,0.283849,0.107963,-0.063856,0.260225,0.154082,0.020756,0.136093,-0.029352,0.072701,0.260457,0.149605,0.200510,0.116064,-0.053508,-0.006921,0.018402,0.246354,0.031784,0.019958,-0.032366,0.037712,0.142078,-0.101052,-0.078591,-0.018203,-0.103273,-0.136864,-0.031181,0.013674,0.035394,-0.017464,-0.049400,0.022283,0.062752,0.059705,-0.066085,0.127456,0.170936,-0.046414,0.111076,0.016233,-0.040090,-0.012941,-0.093607,0.235651,0.171652,0.136061,0.009494,-0.003170,-0.011705,0.177223,-0.047833,0.021639,0.133404,-0.071941,0.094390,0.142643,0.100018,-0.007537,0.067194,0.068240,0.080236,-0.041474,-0.044272,-0.102950,-0.070138,-0.083627,-0.066201,0.137917,0.039696,-0.116305,0.037735,0.054098,0.025278,0.106309,0.046559,0.150964,0.184430,0.000989,0.095178,-0.077796,0.062196,0.162246,#
2,0.023295,-0.031597,1.000000,0.128681,0.036399,0.095965,0.033848,0.180449,-0.060684,0.107757,0.051448,-0.021746,-0.065658,-0.109436,0.074056,-0.033139,0.130218,0.107189,0.076735,0.260195,0.052341,0.090411,-0.238808,-0.006386,-0.006765,-0.071883,0.063576,0.047011,0.051375,0.079835,0.073798,0.111965,0.214191,0.062857,0.096675,0.099923,0.197164,-0.029961,0.201021,0.105532,0.259648,0.154778,-0.068734,0.032536,-0.099558,0.195739,0.254289,-0.003370,0.036525,0.253729,-0.111390,-0.072892,0.055387,0.235972,0.156020,0.048041,0.112632,-0.002540,-0.085770,-0.010114,0.031334,0.041248,0.049410,0.209468,0.039248,0.038055,0.288116,-0.134520,0.201166,0.124969,0.114641,0.024257,-0.009108,0.199673,0.084710,-0.012749,0.059084,0.201312,0.081474,0.291561,0.051373,0.090429,0.146345,0.115043,0.104977,0.268036,0.160873,0.203032,0.117095,0.096247,0.275039,0.102585,0.081945,-0.022912,0.321567,0.019464,-0.080930,0.038393,0.108036,0.038107,0.042874,-0.062204,-0.148634,-0.007289,0.101088,0.252924,0.029979,-0.042432,0.266472,0.033768,0.111884,0.002285,0.194775,-0.024462,0.152648,-0.081670,-0.084052,-0.034533,0.124347,-0.055482,0.140523,0.164185,0.040865,-0.027855,0.118443,0.156684,0.068297,0.006188,0.115253,0.132992,0.066065,0.247944,0.245623,0.256222,0.010303,0.003054,-0.171116,0.011220,0.011500,0.009757,0.072211,-0.023607,-0.083332,-0.101937,0.063981,0.164241,0.078301,0.111188,0.112222,-0.053411,0.107248,0.028923,-0.055750,0.217298,-0.066267,0.167948,0.043967,-0.043553,-0.077515,-0.077200,-0.072744,-0.186463,0.032284,0.049387,-0.115162,0.117481,0.198449,0.049970,-0.003349,-0.036142,0.025397,0.006111,0.069051,0.025782,0.111324,0.118141,0.112666,0.081961,0.099345,-0.010705,-0.076608,0.123364,0.078560,0.284761,-0.074040,0.071838,-0.027769,0.201314,0.096216,-0.046772,-0.065087,0.105022,0.076074,0.104283,0.082467,0.217670,0.115881,0.004206,-0.038585,-0.009832,#
3,0.044936,0.289072,0.128681,1.000000,0.153218,0.139793,-0.069753,0.084121,0.095019,0.102569,-0.029106,0.078110,0.192735,-0.051908,0.022527,0.061143,0.178500,-0.021218,0.028101,0.079212,0.186304,0.303137,-0.000858,-0.001142,0.226562,0.188264,0.148448,0.116539,0.110288,-0.020671,0.031855,0.210629,0.146590,0.166535,0.116302,0.085960,-0.030044,0.044431,-0.059085,0.142948,0.097484,0.136960,0.033365,-0.006568,0.105862,0.245918,0.126971,0.263269,0.167688,0.133752,0.051933,0.048784,0.184961,0.122334,0.237550,0.062494,-0.148419,0.060976,0.332896,-0.001228,0.100051,0.092149,-0.046126,0.069192,0.088714,0.248135,-0.021008,0.047117,0.051201,0.236069,-0.056245,0.156109,0.288578,0.214837,0.088351,0.039301,-0.005152,0.042629,0.132471,0.214905,0.136328,0.113785,0.126406,0.090050,0.060554,0.116086,0.054531,0.113089,0.033918,0.127575,-0.043331,0.125897,0.201186,0.079094,0.184647,0.164083,0.033973,0.033564,-0.108150,0.190115,0.095345,-0.041480,-0.095786,0.070218,0.060968,0.103421,0.139442,0.323056,-0.004882,0.069598,0.043005,0.151200,0.081731,0.142362,0.158107,0.030522,0.251621,0.143682,0.174566,0.010126,-0.032715,0.112279,0.001708,0.133392,0.030821,0.075118,0.275822,0.142914,0.100923,0.201955,0.040678,0.155909,0.069696,0.333260,0.182799,0.053887,0.163659,-0.034886,0.136520,0.006434,0.049523,-0.000447,-0.123775,-0.020924,-0.123101,0.186920,0.028117,0.128068,0.060278,-0.118377,-0.015855,-0.007611,0.050995,0.123552,0.131603,0.005823,0.190971,0.120639,-0.040444,0.187381,0.173581,0.204535,0.135622,0.364904,0.066012,0.073110,0.064015,0.042707,0.065069,0.124205,0.144603,0.033480,0.071714,0.087127,-0.079225,0.199693,0.017092,-0.020759,0.176273,0.046770,-0.017198,0.185155,-0.029789,0.212684,-0.046450,0.110005,-0.037661,-0.076299,0.253154,0.141060,-0.026119,0.116719,0.171530,0.093099,0.117545,0.151968,0.096187,0.032200,0.022808,0.232441,#
4,-0.008676,0.129576,0.036399,0.153218,1.000000,0.179564,0.089759,-0.015396,-0.045505,0.100426,0.124374,-0.086742,-0.093513,-0.138498,0.108078,0.117758,-0.045058,0.006085,-0.168434,0.143169,0.058187,0.221062,0.163924,0.112895,0.062058,-0.144048,0.026512,0.073411,0.186712,0.104936,0.170737,0.025716,0.123547,-0.019908,0.092760,0.152753,-0.123040,-0.115720,0.027071,0.193465,-0.040397,0.078145,0.111690,0.133920,0.207671,-0.038493,0.263817,0.020297,-0.108753,0.026151,0.155696,0.107568,0.043244,-0.171701,0.106677,0.056628,-0.027232,0.129260,0.256922,-0.048719,-0.039895,0.110507,0.155466,0.020540,0.183205,0.282491,0.057734,-0.080639,0.035187,0.099970,0.146676,0.069104,-0.000015,-0.031683,0.052295,0.172026,0.083089,0.034483,0.125907,0.061569,-0.090303,0.192084,0.115967,-0.085563,0.123369,-0.061666,0.042086,0.078321,0.179941,0.199572,-0.052576,-0.075535,0.079216,-0.031020,0.131035,0.179303,0.148436,0.063219,-0.056533,-0.043119,0.023708,0.181418,-0.039883,0.106277,-0.041977,-0.116714,0.106905,0.044762,-0.002780,0.209469,-0.064062,0.022487,0.287170,0.283950,0.067191,0.034002,-0.059158,0.302260,0.001563,0.097717,0.089329,0.125486,0.108929,0.050608,0.041093,0.038744,0.198240,-0.036391,0.255054,0.140889,0.232054,0.223409,0.004704,0.106222,0.079969,0.012865,0.011214,0.135757,0.073061,0.064771,-0.093200,0.249778,-0.088903,0.109179,-0.019867,0.194506,0.040350,-0.095710,0.025939,0.074003,-0.087818,0.200434,-0.030792,-0.072206,0.195800,-0.060960,0.099666,0.192206,0.147474,0.053090,-0.116051,0.212537,0.014117,0.201254,0.014749,0.017637,0.124468,0.094064,-0.034866,0.056106,0.023248,0.032105,0.015760,-0.005266,0.031253,0.060539,-0.003586,0.112212,0.095172,0.133649,0.172078,0.017864,0.070567,0.137866,0.176825,0.166347,-0.004177,0.122382,0.015516,0.071875,0.119717,-0.017597,0.131324,0.020122,0.084137,-0.125131,-0.021610,-0.042313,0.013069,0.124371,#
5,0.120970,0.156670,0.095965,0.139793,0.179564,1.000000,-0.044436,0.079892,0.025258,0.126914,-0.070143,-0.112544,0.081367,-0.122125,0.003025,-0.034946,0.084474,-0.001303,0.132424,0.219851,-0.011642,-0.073843,-0.042316,0.042127,0.177402,0.205357,0.129754,0.176555,-0.021550,0.142290,0.032014,0.097209,0.095014,0.226166,0.099353,0.103995,0.049396,-0.101580,-0.022022,0.140052,-0.100966,0.098617,0.051193,0.042761,0.070944,0.135704,0.016872,0.229361,-0.034280,0.098070,0.154465,-0.065552,0.013679,0.059327,0.154460,0.266352,-0.013640,0.029046,0.117648,0.058658,-0.094259,-0.209602,0.041466,0.169371,-0.024820,0.076688,-0.143269,0.036638,0.049370,0.163698,0.208066,0.123935,0.079856,0.112334,0.105409,-0.048672,-0.094094,0.226582,0.062177,0.054137,0.063676,0.169300,0.107107,0.028409,-0.010406,-0.000947,0.023298,-0.014253,0.144007,0.013884,0.193765,-0.108010,0.016655,0.029892,0.078200,-0.207630,0.168605,0.147074,0.123461,-0.104307,0.152054,0.031374,0.180697,0.138817,0.012785,-0.002628,0.092623,0.154997,-0.104703,0.108792,0.019699,0.041140,0.121637,0.024463,-0.011477,-0.094208,0.266892,0.221134,0.166425,0.024261,-0.002994,0.138644,0.015173,0.169065,0.015362,0.121274,0.330756,-0.063590,0.117150,-0.115787,0.007536,0.179678,0.174377,0.228729,0.058531,-0.098950,-0.140574,0.091065,-0.015239,-0.011735,-0.079362,-0.059507,0.015760,0.006505,0.293098,0.075495,-0.043460,0.102769,0.056369,0.124205,0.219235,0.089707,0.211261,0.024429,0.115474,-0.001183,0.119679,0.070055,0.070542,0.065948,0.009047,0.217735,0.082843,0.062936,0.022357,-0.084664,-0.146908,0.177625,0.104495,0.012127,0.207928,0.095775,0.036243,0.036593,-0.128541,0.254363,0.190804,0.111151,0.211893,0.153843,0.117951,-0.019435,-0.228521,0.118515,-0.001635,0.134058,0.011096,0.141456,0.291574,0.178302,-0.060546,0.186809,0.054670,0.212869,0.141473,0.102231,-0.035078,0.149330,0.052352,0.190485,#
6,-0.077417,-0.047125,0.033848,-0.069753,0.089759,-0.044436,1.000000,-0.089794,0.068103,0.154925,0.192322,-0.002900,-0.040060,-0.161867,-0.170678,0.336994,0.201334,0.140776,0.021194,-0.038083,-0.063990,-0.024359,-0.062811,-0.078598,0.144776,0.088025,-0.020813,0.006414,0.113265,0.002496,0.042111,0.164079,0.059955,0.056540,0.035560,0.014147,0.072071,0.077084,-0.023600,-0.045215,0.069595,0.033878,0.250966,0.167112,-0.031998,-0.082563,0.057539,0.101017,-0.055321,0.040761,-0.039569,0.002469,0.001391,-0.170754,0.012906,-0.029376,0.017305,0.050295,-0.002230,-0.109637,0.192353,0.112923,0.040218,-0.058238,0.206179,0.003119,0.060476,0.045582,-0.011620,-0.042746,0.203790,0.197155,-0.145086,0.002576,-0.007317,0.154163,0.223378,0.143823,0.183608,0.037559,0.052622,0.117441,-0.081374,0.166567,0.056358,-0.098496,0.092761,0.044868,-0.006633,-0.008091,-0.036176,0.036167,0.002105,-0.001460,0.081661,0.062136,0.134595,0.107171,-0.051194,-0.023986,0.007632,0.153413,-0.009623,0.012799,0.137497,-0.042209,-0.016804,0.068966,0.220172,-0.090987,-0.039851,-0.052717,0.078812,0.178177,0.015954,0.146106,-0.111918,-0.002736,-0.076154,0.135087,0.010233,0.075274,-0.242301,-0.080266,0.040019,-0.034847,-0.040359,-0.031868,0.080615,-0.004419,0.135019,0.068808,0.020803,-0.047192,0.056916,-0.021630,0.118991,-0.055337,0.087619,0.176219,-0.012200,-0.010161,-0.148074,-0.067467,0.038724,0.175203,0.063252,0.203093,0.012260,-0.041758,-0.024060,0.080821,-0.140601,-0.010396,-0.054615,-0.030294,-0.017194,-0.287446,-0.162649,0.104609,-0.044425,0.038119,-0.106941,-0.029918,-0.097752,0.030741,0.096230,-0.039830,0.012065,0.015434,-0.055211,0.227806,-0.250190,-0.105212,0.051504,0.170030,0.063414,0.115758,0.012373,-0.082983,0.079080,0.019513,0.023513,0.057972,0.019184,-0.063221,0.113694,-0.129306,0.127607,0.022432,0.010302,0.053610,-0.106229,-0.011560,0.048396,0.138678,0.101189,-0.075937,-0.027961,0.044557,#
7,0.046075,-0.024721,0.180449,0.084121,-0.015396,0.079892,-0.089794,1.000000,0.138655,-0.060790,-0.113637,-0.126875,0.172764,-0.015643,0.059613,-0.053536,-0.000898,0.128417,0.040716,0.163518,0.165774,0.020168,0.021259,-0.085867,-0.010096,0.206549,0.015389,-0.050199,0.069147,0.126697,-0.013170,-0.003896,0.046007,0.046107,0.048883,0.147155,-0.089063,0.086035,0.233307,0.097407,0.026420,0.257145,-0.018728,-0.018052,-0.077534,0.140510,0.152269,0.169467,0.227790,0.096166,-0.065533,0.102747,0.123522,0.074793,0.166695,-0.058728,0.039956,-0.224459,0.211601,0.234670,-0.060092,0.096644,0.041268,0.055727,0.113054,0.087987,0.103777,-0.106363,-0.145911,-0.065256,0.116333,-0.000355,0.078659,0.154631,-0.011519,-0.040626,-0.106926,0.016057,-0.067061,0.031901,0.217033,0.054250,0.147886,0.053737,0.002890,0.167395,0.008068,0.112755,-0.049915,0.115281,0.126452,-0.005680,0.139068,-0.037773,0.163920,0.138912,0.121137,0.167574,0.178180,0.038396,-0.032044,-0.059508,-0.246841,-0.129932,0.112298,-0.018346,-0.092910,0.176862,0.154635,-0.084953,0.187302,0.063646,0.130524,0.077107,0.168632,0.044082,-0.081810,0.054202,0.133435,0.140172,0.097977,0.064825,0.089878,0.059658,0.079882,0.186437,-0.016765,0.074899,0.053321,0.157256,-0.018916,0.114583,0.173862,-0.037764,-0.021916,-0.021530,-0.116984,0.249982,-0.028404,-0.017761,-0.143619,-0.052908,0.031697,0.004371,0.099830,0.128244,0.027650,0.010985,-0.070208,-0.031427,-0.103401,0.129180,0.037203,-0.111482,0.049234,0.202864,0.200025,0.116144,0.032982,-0.017722,0.035990,-0.058049,0.135293,0.026405,-0.035607,-0.049954,0.040117,-0.000696,-0.198111,-0.165615,0.170888,-0.047208,0.146817,0.066321,0.054310,-0.133030,-0.020827,-0.065163,0.056485,0.019401,0.045811,0.043952,-0.074440,0.166848,0.056548,0.158612,0.124971,0.039349,0.145125,0.228586,0.121695,0.035189,0.057423,0.007937,0.107432,0.064910,0.025300,0.153851,0.067934,0.052115,#
8,0.049118,-0.000457,-0.060684,0.095019,-0.045505,0.025258,0.068103,0.138655,1.000000,0.074473,0.017128,0.150651,0.100510,0.136825,0.053355,0.168635,0.013631,0.006389,-0.143066,0.112728,0.203566,0.059738,-0.071863,0.035056,0.234961,0.110870,0.058251,-0.178104,0.033689,-0.018966,0.106095,0.057556,0.060187,-0.017879,-0.032980,0.362820,0.052835,0.050102,-0.095270,-0.033055,0.008285,0.000835,0.329473,0.143153,-0.046168,0.004011,0.041661,-0.013132,0.092705,0.043655,0.062152,0.096898,0.120286,0.027942,-0.099526,0.069878,0.085390,0.010735,0.002025,-0.057320,0.133056,0.100566,0.191466,0.154088,0.118596,0.204020,0.093360,0.186888,0.130405,-0.058738,0.114484,0.239142,0.135848,-0.009609,0.049314,-0.077356,-0.011674,0.029937,0.151036,0.074846,0.121927,0.093365,-0.050247,0.044612,0.109064,0.036874,0.163586,0.141540,-0.061101,-0.088935,0.109499,0.000561,-0.068239,0.030468,-0.085310,-0.030013,0.207552,0.188327,0.264765,0.201176,0.024364,-0.225337,0.111172,0.217374,-0.102179,0.122758,0.047628,0.063260,-0.053035,0.214446,-0.027418,-0.008673,0.011355,0.021909,-0.052034,0.093191,0.095191,0.061249,0.003449,0.134700,0.046091,0.078551,0.094680,0.199889,0.040790,0.157862,-0.118736,-0.037833,0.221364,0.205019,-0.068433,0.201324,0.143149,-0.048200,-0.030420,0.145600,0.054691,0.033526,0.144172,-0.013222,-0.092339,-0.096552,-0.001655,-0.233145,0.053583,0.062530,0.002580,0.224620,0.017162,0.085225,-0.062380,0.191334,-0.074576,0.182783,0.133354,0.015295,0.127938,0.169013,0.248475,-0.086057,0.059059,-0.065212,0.063674,-0.096839,-0.126767,0.029686,0.073742,0.163579,0.095378,-0.168322,0.015401,0.164819,-0.109186,0.078764,0.095151,0.043165,0.113942,0.020823,0.125399,0.100578,0.116543,0.033201,0.073166,0.045934,-0.024542,-0.064370,0.204687,0.081462,0.027583,0.188015,0.151745,0.142802,0.130398,0.111582,0.060189,-0.107979,-0.251729,0.065415,-0.021549,0.246806,#
9,-0.062321,-0.009607,0.107757,0.102569,0.100426,0.126914,0.154925,-0.060790,0.074473,1.000000,-0.001569,-0.022221,0.088578,-0.050416,0.100786,0.164284,0.039771,0.161334,-0.131234,-0.018046,0.031286,0.015789,-0.201945,0.018373,0.151754,-0.047748,0.106076,0.097956,-0.014204,-0.097050,-0.049414,0.144559,0.046858,-0.000387,-0.027705,0.128804,0.093518,-0.008667,0.045092,0.051069,-0.056014,-0.028232,-0.058223,0.012386,0.030171,-0.027369,0.012763,0.113459,0.140947,0.147315,0.070713,-0.007855,-0.057855,-0.097998,-0.051870,-0.005668,0.138229,0.131671,-0.161464,0.013526,0.094304,0.041038,0.057348,-0.078962,-0.128690,0.141027,-0.046259,0.007184,0.103679,0.070038,0.093468,0.086814,0.046893,0.047273,-0.093589,-0.024768,0.211762,0.091149,0.073870,0.212154,0.035103,0.156913,-0.025054,0.138062,0.123143,0.092306,0.189337,0.226630,0.044339,0.116602,0.197012,-0.076115,0.112212,-0.048095,0.156137,-0.054215,-0.021528,0.044167,0.138880,0.177172,0.141374,0.123116,0.102723,-0.006518,0.017611,0.073724,-0.084217,0.256187,0.093940,0.042443,0.015137,0.137500,0.074211,0.050665,0.092661,0.140111,-0.042706,0.066047,0.130615,0.168895,-0.094096,0.131521,-0.004244,0.028951,0.157390,0.158141,0.057494,0.075563,0.126251,-0.015823,-0.015010,0.087517,0.060545,0.047866,0.104185,-0.180748,0.063693,0.010755,0.062876,0.039826,0.192396,0.123850,0.128488,0.198133,0.094044,0.320950,-0.030605,0.200731,0.063669,0.056873,-0.040745,0.105310,0.059716,0.080877,0.032854,-0.004364,-0.015952,0.055890,0.209106,0.053127,-0.032200,0.162240,0.195064,0.070042,-0.003735,0.148432,-0.117825,0.156577,0.139541,0.056633,0.059574,-0.025661,0.008614,-0.170065,-0.052972,0.178240,0.267473,0.184808,0.027209,0.123967,0.124386,0.156208,0.085734,0.040658,0.073615,0.016044,0.052449,0.145724,0.157170,-0.006675,-0.125868,-0.042240,0.019220,-0.036117,-0.138469,-0.011866,0.091048,0.056389,-0.061496,-0.013853,#
10,-0.124808,0.017155,0.051448,-0.029106,0.124374,-0.070143,0.192322,-0.113637,0.017128,-0.001569,1.000000,0.052588,-0.022314,-0.074997,-0.137582,0.122771,0.185247,-0.017122,0.072120,-0.016267,0.047511,0.041756,-0.170512,0.177251,0.012529,0.084428,0.002971,0.048428,0.047430,0.050386,0.037957,0.027483,0.057107,0.068938,0.032456,-0.039352,0.142204,-0.010326,-0.147857,-0.071880,0.112936,-0.132809,0.060248,-0.072184,0.006824,0.049876,0.233907,0.019252,-0.057722,0.135600,-0.041645,0.184433,0.065206,-0.153131,-0.005193,0.238687,0.042198,0.123868,-0.132105,0.065313,0.076394,0.064953,0.159986,0.125727,0.029971,-0.050160,0.215314,-0.080364,0.160484,-0.096332,0.282236,0.156967,0.011812,-0.053430,0.043474,0.196822,-0.138659,0.001878,0.131129,-0.115170,0.096851,-0.042395,0.005523,-0.110959,0.033523,0.082466,0.114262,-0.067644,-0.018975,0.243051,-0.000629,0.144979,0.136923,-0.218007,-0.053027,0.026842,0.070745,0.196001,-0.032839,-0.033346,-0.039583,-0.045036,-0.040824,0.050537,-0.064691,0.107623,0.235490,-0.180358,0.022780,0.024465,0.039268,0.015123,0.168904,0.168062,0.013678,0.088472,-0.038357,0.131395,0.004278,-0.059380,0.042024,0.073308,-0.058516,-0.029129,0.014641,0.052036,0.083231,-0.013716,0.121303,0.100969,0.038696,0.109854,0.020940,0.106899,0.146352,0.208825,-0.041674,0.013735,0.138729,0.160384,0.015527,0.079270,0.075146,0.016473,-0.017772,0.179186,0.107745,0.149514,0.002027,0.169197,-0.046334,-0.037241,-0.043812,0.135905,0.132824,-0.052645,0.091863,-0.001134,-0.014793,-0.120763,-0.035455,-0.068715,-0.009762,0.092956,-0.091492,0.019928,0.023296,0.048882,0.072039,0.089105,-0.218070,0.133874,-0.146338,-0.000179,0.153836,0.129000,-0.037237,-0.061916,-0.031107,0.042384,-0.135355,-0.103395,-0.003559,0.095225,-0.178994,0.081629,0.219257,0.052000,-0.059672,0.027306,-0.030489,-0.023875,0.054830,0.222722,0.030025,-0.032859,0.002822,-0.069606,-0.030598,0.143452,#
11,0.031512,0.003884,-0.021746,0.078110,-0.086742,-0.112544,-0.002900,-0.126875,0.150651,-0.022221,0.052588,1.000000,0.013002,0.072771,0.161034,0.084297,-0.039937,0.047535,0.137195,0.013567,-0.002100,0.043960,-0.006211,0.069920,0.140329,-0.002323,-0.067260,-0.078814,0.033490,-0.047409,0.231181,0.204894,0.126397,0.103630,-0.047778,0.093974,0.086867,0.128806,-0.011631,-0.096775,0.169020,-0.113564,0.079816,-0.010562,-0.022054,-0.249809,0.093557,0.092040,0.045987,0.020068,-0.243546,-0.032167,0.172585,-0.014136,0.054529,-0.011474,-0.060937,0.278737,0.006574,0.161687,-0.005118,0.026090,0.148442,0.038566,-0.004545,-0.046778,0.083193,0.158803,0.007943,0.051661,-0.162087,-0.058462,0.061801,-0.011876,0.312160,0.185765,0.058266,0.084611,0.007183,-0.028114,-0.127839,0.073262,0.073246,0.069344,0.072845,-0.021934,0.105796,0.021835,0.012040,-0.063995,-0.002370,0.031946,0.055415,0.108030,-0.226082,0.058729,-0.064345,0.168506,0.047476,0.133064,-0.040436,0.007257,0.065669,0.034273,0.026734,0.063230,0.134411,0.116601,0.026146,0.003969,0.075846,0.086339,-0.051278,0.016265,0.123406,-0.094791,0.006102,0.080900,-0.001983,0.200441,0.068873,-0.031938,0.083040,0.228688,-0.004059,-0.034909,0.016508,0.162147,0.236406,0.210377,0.104956,0.077219,0.213861,0.068468,0.107555,0.147708,0.134052,0.160618,0.118197,0.135487,-0.134360,-0.176287,0.124377,0.155973,0.028217,0.114806,0.002083,0.097175,-0.113426,-0.128669,-0.015379,-0.036362,0.017133,0.337400,0.056687,-0.008117,0.022869,-0.117928,-0.030648,0.024458,0.125726,0.117361,0.002028,0.092857,0.011840,0.237447,0.202781,0.043773,0.053892,0.068303,0.137236,-0.043609,0.127653,0.116460,0.045749,0.076214,0.102023,-0.034540,0.084295,0.080272,-0.006791,-0.057973,0.090050,0.068635,-0.018551,-0.086274,0.179448,0.012380,-0.107649,-0.121073,0.107580,0.152309,0.123377,0.096252,0.069990,-0.051963,-0.107767,0.066440,0.023660,0.092013,#
12,0.141835,0.058762,-0.065658,0.192735,-0.093513,0.081367,-0.040060,0.172764,0.100510,0.088578,-0.022314,0.013002,1.000000,0.014516,0.099951,0.001609,-0.028323,-0.034230,0.146208,-0.044412,0.139655,0.017404,0.041876,0.033626,0.166433,0.218981,0.029749,-0.041806,-0.038484,0.033652,0.042250,-0.012913,0.000195,0.154412,0.233696,0.104540,0.057227,0.107600,0.007454,-0.045883,-0.011850,-0.114412,0.032287,0.002102,0.179627,0.091645,0.222431,0.121673,0.181185,0.108489,0.127252,-0.071808,0.008068,0.009501,0.107362,0.122348,0.036462,-0.132752,0.124630,0.054402,0.050454,0.128552,0.149808,0.009580,0.019490,0.090097,-0.114276,0.126140,0.187887,0.099305,0.036785,0.061377,0.155034,-0.027840,0.028387,0.131305,-0.057160,0.080213,0.061770,0.157335,0.192585,0.209231,0.002404,-0.055070,-0.007493,0.107775,-0.069910,0.135683,-0.088580,0.000220,0.195821,-0.031728,0.140230,0.206260,-0.007076,0.091611,0.031105,-0.053510,-0.062033,-0.001437,-0.031900,0.050707,-0.013629,0.003211,-0.031690,0.042375,0.003246,0.192828,0.100226,0.035960,0.115850,0.072783,0.097701,-0.064567,0.077778,0.017160,-0.162055,0.061130,0.096482,0.158348,0.136716,0.163957,0.032694,0.139803,0.118820,0.297742,0.109551,0.073338,-0.015321,0.036595,-0.266353,-0.073282,0.091062,0.007261,-0.099687,-0.081337,-0.044983,0.071532,0.044161,-0.073401,-0.067874,-0.188254,-0.110154,0.067091,-0.217726,0.218843,0.087894,0.107484,-0.029986,0.040654,0.190259,-0.130916,0.148094,-0.034974,0.167375,0.098091,0.148974,0.166643,0.159273,-0.167499,0.031053,0.211553,0.093515,-0.020994,0.166917,-0.014622,-0.072264,0.142089,0.085109,0.038950,0.109875,-0.123251,0.105808,-0.020303,0.047020,0.070458,0.154188,0.017390,-0.220329,-0.045368,-0.001280,0.093631,-0.090557,0.029218,-0.072871,0.018014,0.044958,0.062084,0.132990,-0.032165,-0.115616,0.018595,-0.053761,-0.100317,0.027578,0.038031,-0.041496,0.062539,0.056662,0.102668,#
13,-0.279375,0.113211,-0.109436,-0.051908,-0.138498,-0.122125,-0.161867,-0.015643,0.136825,-0.050416,-0.074997,0.072771,0.014516,1.000000,0.086440,-0.088582,-0.147921,0.041647,-0.017221,-0.065949,0.012593,0.005600,0.103217,0.056375,-0.012708,0.170198,-0.068392,-0.036607,-0.010804,0.108358,-0.013831,-0.013824,0.008672,0.027804,-0.202754,0.035807,-0.082437,0.091834,-0.136699,-0.020536,0.104745,0.033768,0.124955,-0.196940,0.053776,0.104945,-0.135397,0.034404,0.098685,0.011886,-0.125637,-0.018741,0.023889,-0.074260,0.080474,0.020997,0.111798,0.133243,0.024101,0.005891,-0.095244,0.099337,-0.045099,-0.077016,0.107085,0.010398,0.136714,0.187904,0.115820,0.076147,-0.186436,-0.088236,0.216193,-0.056484,-0.001657,0.097844,0.084325,-0.021517,0.142475,-0.038849,-0.165951,0.075161,0.018681,0.147559,-0.168989,0.108469,-0.047200,0.160722,0.106311,-0.078154,0.038523,0.100837,0.140955,-0.002385,-0.077268,-0.066169,-0.054452,0.011587,0.019510,0.079479,0.020951,-0.014198,0.163381,-0.091642,-0.097238,0.041154,-0.029583,0.024452,-0.164098,-0.017309,-0.103304,-0.034857,-0.009070,0.011488,0.158436,-0.054483,-0.056034,-0.037088,0.057172,-0.094652,0.063153,-0.065405,0.166650,-0.074797,-0.064891,-0.020564,0.034084,0.030576,0.068332,0.104748,-0.059389,-0.178648,-0.044616,0.097006,-0.085781,-0.002848,-0.018973,0.015830,0.201288,0.076362,0.052534,-0.105881,-0.040259,-0.084664,-0.182442,0.073573,0.005517,-0.003228,0.047805,-0.177399,0.047243,-0.037292,0.008765,0.057754,0.024073,-0.092292,-0.002055,-0.225397,-0.021842,-0.053887,0.001613,-0.066862,0.150366,-0.056520,-0.003841,0.017987,0.061808,0.111635,-0.082118,0.020892,-0.027704,-0.044966,-0.083949,0.185102,0.081482,0.109890,0.065050,-0.118737,-0.075997,-0.019145,0.034719,-0.056414,0.105546,-0.011913,-0.167172,0.060597,-0.069179,-0.138664,-0.125006,0.034346,0.183960,0.033163,0.126396,0.045674,-0.011065,0.060158,-0.139732,0.228177,-0.007116,-0.027235,#
14,0.228769,-0.045217,0.074056,0.022527,0.108078,0.003025,-0.170678,0.059613,0.053355,0.100786,-0.137582,0.161034,0.099951,0.086440,1.000000,-0.026310,-0.049995,0.136300,-0.147613,0.172850,-0.132048,0.071673,0.043124,0.232094,0.050102,-0.034446,0.094128,0.046749,-0.004150,0.028588,0.354002,-0.026549,-0.018923,-0.055436,0.106910,0.126313,0.044049,0.008047,0.188869,-0.053988,0.022374,0.017923,-0.066019,-0.014629,-0.028914,0.137264,0.120273,-0.020955,0.080614,-0.025900,-0.070416,0.130665,0.139419,-0.069426,0.068246,0.038749,0.098717,-0.008360,0.129720,-0.146877,0.002635,-0.001031,0.136933,0.054856,-0.010642,0.064754,-0.035735,-0.013786,0.040340,-0.004772,0.060183,-0.035295,0.211130,0.172130,0.116558,0.122053,-0.058863,-0.012967,-0.111747,0.051391,0.003433,0.076202,0.176345,0.148576,0.034466,0.043854,-0.008080,0.098940,0.015695,0.098114,0.152569,-0.050408,0.151643,0.260549,0.048611,0.018943,-0.166722,0.020456,-0.089052,0.044328,-0.090925,0.015851,0.066152,-0.005012,-0.006965,-0.010070,0.020064,-0.080321,0.161836,0.115908,-0.084491,0.119309,0.152976,0.082488,-0.001087,-0.110714,-0.033594,-0.149975,0.127443,0.075206,0.143706,0.018674,0.196044,0.120230,0.053707,-0.053482,-0.005957,0.061549,0.022787,0.049563,0.005884,0.119216,-0.009139,0.072938,0.030041,-0.113363,0.204341,0.162299,0.055629,-0.016754,0.029860,0.099790,0.007096,0.236497,0.012133,0.192727,0.061002,-0.056021,0.019059,-0.063848,0.263815,-0.009916,0.202262,0.074748,0.066217,-0.011658,0.118798,-0.028505,0.005469,0.042814,-0.040240,0.020778,0.049275,-0.137348,0.295940,0.193501,0.019856,0.064501,0.032402,0.014618,0.063688,-0.232383,0.026490,0.018275,0.055864,0.047917,-0.070716,-0.012437,0.104756,0.046216,0.065741,0.015672,-0.055303,0.004735,0.008298,0.099821,0.009659,0.051792,0.038365,0.032933,0.088177,0.075865,0.133179,0.015426,-0.106942,-0.111085,-0.072672,0.101287,-0.093773,-0.125734,#
15,-0.079752,-0.034846,-0.033139,0.061143,0.117758,-0.034946,0.336994,-0.053536,0.168635,0.164284,0.122771,0.084297,0.001609,-0.088582,-0.026310,1.000000,0.129931,0.103790,0.130112,0.042100,-0.076877,0.085299,-0.022493,0.142780,0.155367,0.050701,-0.131980,0.026093,0.064718,-0.148761,0.137065,0.212804,0.134464,0.254467,-0.011211,0.079586,0.068188,0.217703,-0.098102,-0.092415,-0.058851,-0.131961,0.135333,0.076171,-0.012865,0.076177,0.122175,0.042152,0.080214,0.094192,0.013425,0.070330,-0.035520,0.034810,0.012280,0.085639,0.115815,0.035502,-0.029893,0.114814,0.155581,0.192954,0.126852,0.063076,0.140160,-0.027912,0.065691,0.149855,0.000042,0.047416,0.099044,0.009973,-0.168802,0.126760,0.106129,0.052425,0.023390,0.017886,0.167740,-0.051136,-0.081093,0.050171,0.044105,0.143380,0.132725,0.066086,-0.098007,0.063517,0.058610,-0.139190,-0.082794,0.120430,0.116134,0.112286,-0.056143,0.060621,0.051840,0.225553,0.102547,0.101816,-0.047824,0.178879,0.021350,0.194816,0.102206,-0.084975,-0.063652,0.061702,0.026935,0.211588,-0.065579,-0.074254,0.196483,0.087206,0.189682,0.007396,-0.128084,-0.095908,0.007895,0.283398,-0.059080,0.234414,0.042721,0.028582,-0.012925,0.047592,0.063664,0.024767,0.093544,0.163934,0.158584,0.051673,-0.025370,-0.092262,0.129349,0.124205,0.193738,0.019658,-0.086008,0.100466,0.027231,-0.023478,0.044832,0.008543,0.106208,0.230572,-0.027805,0.095903,0.038727,-0.019303,0.098503,0.317188,0.069066,0.121514,0.058837,0.077101,0.042199,-0.100411,0.127498,0.048464,0.007166,0.084029,0.123135,0.211127,-0.031358,0.015720,0.026633,-0.056842,0.089442,0.112034,-0.111836,0.151561,-0.130445,0.207427,0.041279,0.207329,0.100495,0.008780,0.141582,0.079623,0.092724,-0.014230,0.056627,0.130008,0.197114,-0.143336,-0.011364,-0.004318,0.049911,0.074168,-0.052046,0.183616,-0.031053,0.046862,-0.025036,0.035123,0.002811,-0.061909,0.166950,0.095380,#
16,0.070781,0.147731,0.130218,0.178500,-0.045058,0.084474,0.201334,-0.000898,0.013631,0.039771,0.185247,-0.039937,-0.028323,-0.147921,-0.049995,0.129931,1.000000,0.071245,0.272904,0.194123,0.264895,-0.251108,0.046034,0.036172,0.122667,0.110604,0.011079,0.083215,-0.081920,0.019195,0.084653,0.213134,-0.006054,-0.067081,0.137632,0.102999,0.163644,0.226811,0.089823,0.141427,0.038639,-0.034341,0.091338,0.032567,0.052975,0.017157,0.111899,0.089044,-0.007242,0.174000,0.026556,0.094774,0.047803,0.010555,0.021034,0.147307,-0.063548,0.089519,-0.010182,-0.060580,0.166996,0.091185,0.117166,-0.035094,0.032603,0.104013,0.127755,0.134912,0.125611,0.030030,0.160407,0.038886,-0.003597,0.058036,0.055029,-0.040161,-0.022244,0.072023,-0.043096,0.134947,0.284472,0.061316,0.177378,0.038360,0.116492,0.117771,0.008055,-0.054859,-0.045889,0.075851,-0.183751,0.103503,0.135208,-0.210180,0.113364,0.101179,-0.015533,0.168429,0.048483,0.164280,0.060168,0.164250,0.026468,0.191165,0.087616,-0.034283,0.045114,0.044443,0.295114,0.069254,0.009652,0.038583,0.113686,0.094293,0.170096,0.121067,0.258234,0.015520,0.023799,-0.082002,-0.093160,-0.011782,0.018738,-0.028979,0.187175,-0.021795,0.021608,-0.051636,0.112622,-0.008965,0.145890,0.078695,0.032839,0.106879,0.011644,0.157478,0.152132,-0.008736,0.054587,-0.128689,-0.044784,0.045992,0.051281,-0.100871,-0.051523,0.058390,0.262587,0.185065,0.075172,-0.045532,-0.039372,0.046731,-0.192838,0.097419,0.191758,-0.011871,-0.023202,-0.043171,-0.081294,0.035239,0.197670,-0.037559,0.139045,-0.008357,0.173090,0.034920,0.000427,0.084688,0.071600,0.119573,-0.191180,0.199771,0.067032,0.185221,0.043970,0.055663,0.087105,0.258729,0.148223,0.144561,0.045881,-0.051723,-0.061983,0.252817,-0.185321,-0.130154,0.125988,0.064231,0.206375,0.113332,0.062875,0.130338,0.018850,0.085647,0.180672,0.203479,0.154689,-0.019236,-0.005129,0.135364,#
17,0.025399,0.004203,0.107189,-0.021218,0.006085,-0.001303,0.140776,0.128417,0.006389,0.161334,-0.017122,0.047535,-0.034230,0.041647,0.136300,0.103790,0.071245,1.000000,0.086725,0.107238,-0.046429,0.053195,0.013396,-0.171029,0.165759,0.036924,-0.094897,0.035989,-0.020242,0.010844,0.052002,0.191771,-0.072293,-0.101001,-0.115384,-0.154201,-0.018817,0.171451,0.197693,0.106314,0.100162,0.125877,0.011036,0.031492,0.048844,0.202477,0.064026,0.140990,0.007920,0.070057,-0.042282,-0.087734,0.071889,0.007321,0.109357,0.046997,0.132897,-0.059932,-0.016246,0.037366,0.061930,-0.060385,0.252018,-0.070916,0.001423,0.007675,0.251276,0.019526,-0.022265,-0.065155,0.087983,-0.073096,-0.118108,0.214893,0.205173,-0.097867,-0.107163,0.092747,0.231994,0.024802,-0.013972,0.181477,0.030617,0.259355,-0.037811,-0.012229,0.130487,0.057189,-0.050065,0.031487,-0.006700,-0.053484,0.174914,0.109168,0.217579,0.098946,-0.096867,0.005164,0.185738,0.180095,-0.058373,-0.012214,-0.023723,-0.173302,-0.104866,0.157121,-0.153847,0.024960,0.036690,0.134612,0.107977,-0.117269,0.238031,0.082184,0.293844,-0.033095,-0.190423,0.023278,0.175455,0.211446,0.028656,0.081065,0.045080,-0.136058,-0.063237,-0.001419,-0.043219,0.062535,0.167543,-0.059404,0.026210,0.149111,0.149402,-0.028130,0.016320,-0.004854,0.203981,0.074136,-0.079183,0.190271,0.040819,0.045194,0.153727,0.065051,0.124098,0.041472,-0.176268,-0.086967,0.023781,-0.045896,0.065763,0.043704,-0.042703,0.147587,-0.005400,0.066945,0.132572,-0.166073,0.070273,0.031208,-0.001478,0.069300,0.209300,-0.032003,-0.103274,-0.131642,-0.092214,-0.082694,0.021525,-0.077647,-0.038909,-0.023137,0.073278,-0.032848,0.090457,0.038337,0.080667,0.080277,0.131560,0.189006,-0.010031,0.031161,-0.033348,0.213411,-0.031116,-0.125607,0.162743,0.127152,-0.028687,-0.020786,0.086611,0.089691,-0.051134,0.020286,-0.123479,0.149108,-0.029688,-0.066675,0.055571,-0.167078,#
18,-0.013806,0.079101,0.076735,0.028101,-0.168434,0.132424,0.021194,0.040716,-0.143066,-0.131234,0.072120,0.137195,0.146208,-0.017221,-0.147613,0.130112,0.272904,0.086725,1.000000,0.018863,-0.008723,0.147855,0.009232,-0.012557,-0.037598,0.147221,-0.026643,-0.036140,0.023826,0.031375,-0.139008,0.198241,0.077835,0.176521,0.069748,0.112000,-0.035166,0.271395,0.035060,0.031454,0.103031,-0.007752,0.176407,-0.168748,0.056364,0.041095,0.144662,0.200115,0.106055,-0.000591,-0.102039,-0.014629,0.071171,-0.016089,0.083946,0.126233,-0.017834,-0.047364,0.033565,0.155311,0.101729,0.017835,0.033323,-0.022652,0.062345,-0.088209,0.067676,-0.129798,-0.064893,0.103569,-0.002272,-0.046804,-0.021780,-0.030327,0.183605,-0.095308,-0.092826,0.038753,-0.128155,-0.045798,-0.008744,-0.081610,0.163542,-0.023298,0.125694,0.229082,-0.263764,0.037962,0.029100,-0.076769,0.011081,0.002202,0.098705,0.026614,0.044571,0.039712,0.069883,0.090543,0.014878,0.074140,0.028129,0.024247,0.029486,0.034573,0.043196,0.108007,-0.014370,0.206715,0.082114,0.137351,0.118916,-0.058086,0.058821,-0.023511,0.020659,0.010738,-0.016738,-0.035281,0.136118,0.145272,0.115989,-0.070262,-0.067619,0.038659,0.187203,-0.056257,0.217719,0.035954,0.164364,-0.042875,-0.047075,0.151876,0.085047,-0.021635,-0.088017,0.055333,0.103847,0.018731,-0.015411,0.011143,-0.120867,-0.004645,-0.041212,0.015889,0.064724,0.032516,0.025439,0.071221,0.121532,-0.065569,0.057903,-0.126926,0.126975,0.093926,0.104487,0.224211,0.024795,-0.074611,-0.167123,-0.065855,0.115403,0.073497,0.272787,-0.014263,-0.032683,-0.079508,0.109411,-0.024943,-0.061760,0.105797,0.028024,0.035884,0.081123,0.235776,0.056530,0.030041,-0.045842,0.072016,0.048150,0.044460,0.023957,0.010872,-0.079469,0.051125,-0.040285,-0.109937,0.062611,0.040965,-0.115395,0.080702,0.005523,0.246821,-0.029703,0.139471,0.120685,0.077539,-0.007015,0.155623,-0.001738,0.163067,#
19,0.160594,0.173558,0.260195,0.079212,0.143169,0.219851,-0.038083,0.163518,0.112728,-0.018046,-0.016267,0.013567,-0.044412,-0.065949,0.172850,0.042100,0.194123,0.107238,0.018863,1.000000,0.084544,-0.034654,-0.111633,0.047571,0.185728,0.056383,0.013144,0.051526,-0.109279,0.049431,0.151735,0.156563,0.233436,0.029878,0.119476,0.164663,0.096048,0.106937,0.079911,0.091233,0.139877,0.211162,0.081264,0.043037,-0.124622,0.250664,0.203268,0.040184,0.112849,0.261908,0.054143,0.009985,0.151952,0.172344,0.042935,0.099325,0.146797,-0.049186,-0.011888,-0.038644,-0.049729,-0.130425,0.212622,0.087959,0.125897,0.056645,0.138074,0.083772,0.208368,0.024501,0.081405,0.065125,0.100616,0.058393,-0.047877,0.083401,-0.101357,0.030775,0.081522,0.018369,0.262545,-0.000499,0.161327,0.045645,0.143789,0.047415,0.035495,0.033966,0.149299,0.090920,-0.046531,0.065618,-0.035375,0.122155,0.037516,-0.032153,0.059854,0.246361,0.138538,0.148542,-0.052328,-0.010624,0.050463,0.077824,0.046995,-0.026818,0.111172,-0.045433,0.048613,-0.093324,0.149551,-0.002658,0.055547,0.036468,0.090503,0.061555,0.067120,0.113028,0.254890,-0.030957,0.205508,0.001946,0.086291,0.135060,0.058346,0.187794,0.017020,0.149739,0.258714,0.098033,0.133183,0.268595,0.174557,0.175413,0.023241,0.223683,-0.022868,0.098569,0.108710,-0.100222,-0.057288,0.076185,-0.114552,-0.087177,0.032714,0.030581,-0.060649,-0.014130,0.093732,0.113850,0.009954,0.060042,0.010052,0.121858,0.220433,-0.000904,0.197108,-0.022943,0.169533,0.089090,0.005173,0.173657,0.045703,0.186650,0.126195,0.214382,0.061754,0.134874,0.030175,-0.060633,-0.089539,0.083240,0.226944,0.237249,0.133732,-0.043771,0.080038,0.119778,0.138674,0.067239,0.021524,0.181463,0.116411,0.187708,-0.031648,0.016746,-0.113330,0.066402,0.061109,0.162573,0.110253,0.111548,-0.002033,0.098917,0.151560,0.036006,0.079828,-0.048363,0.094504,0.007010,#
20,-0.104172,0.244594,0.052341,0.186304,0.058187,-0.011642,-0.063990,0.165774,0.203566,0.031286,0.047511,-0.002100,0.139655,0.012593,-0.132048,-0.076877,0.264895,-0.046429,-0.008723,0.084544,1.000000,0.021958,0.045511,0.218199,0.131838,0.192216,-0.153350,0.051556,0.048042,-0.111451,0.122334,0.147270,0.154945,0.130075,-0.025415,0.178854,-0.069541,0.038366,0.055142,0.111409,0.061628,0.082548,0.005322,-0.108116,0.178509,-0.060761,0.101468,0.091762,-0.006404,0.103102,0.098116,0.186227,0.043905,-0.000588,0.181143,-0.116645,-0.263051,-0.034474,0.038026,-0.053720,0.080353,-0.009971,0.194987,0.046144,-0.027817,0.219773,0.115503,0.024330,0.026112,-0.022909,0.010390,0.078649,0.212934,0.046358,-0.082293,-0.068595,0.039686,-0.028458,0.179383,0.116048,0.074461,0.058292,0.100580,-0.126194,-0.053889,0.102634,0.033478,0.203802,0.030690,0.134169,0.099319,0.054083,0.097537,-0.013616,0.043149,0.153646,0.060431,-0.022190,0.099587,0.114351,0.136404,0.068341,0.013986,0.148512,0.008394,0.120444,0.233612,-0.034932,0.059497,0.149863,-0.012509,0.090457,-0.111015,-0.039594,0.194466,0.056996,0.086069,0.057081,-0.078237,-0.047931,0.057235,0.100269,0.036718,0.124137,0.046201,0.106456,0.011013,-0.028526,0.086085,0.130906,0.071164,0.040874,0.207868,0.098249,-0.030024,0.171954,-0.086948,0.180914,0.106802,0.046350,-0.021992,-0.027065,0.030632,-0.065981,0.025517,-0.048962,0.028180,0.145650,-0.088799,0.035443,0.007163,0.052895,-0.083537,0.146701,0.031285,0.033427,0.035390,0.192657,0.091465,-0.050746,0.113029,0.058162,0.110052,0.039151,0.041520,0.055421,-0.055897,0.166759,-0.029470,-0.191252,0.072387,-0.106511,0.013527,0.061071,0.047232,-0.022001,0.043741,0.118344,-0.032618,0.114895,0.050129,0.002649,-0.055533,0.086537,-0.064688,0.101826,0.076936,-0.028705,0.077500,0.120505,0.091442,0.243270,0.314312,0.086296,0.217816,0.095990,0.085531,0.114717,0.055776,0.163983,#
