0,1.000000,0.779296,0.781646,0.722270,0.721726,0.792505,0.779853,0.787936,0.793135,0.733559,0.808265,0.783707,0.719533,0.756566,0.720243,0.782488,0.823087,0.813142,0.772152,0.765137,0.785704,0.706960,0.778726,0.809821,0.707335,0.734609,0.735274,0.747272,0.726249,0.791413,0.751066,0.789410,0.758252,0.761252,0.770241,0.735589,0.731709,0.756337,0.795427,0.799328,0.787827,0.743059,0.804201,0.736160,0.768793,0.703995,0.788144,0.798995,0.789632,0.806385,0.764249,0.809127,0.773799,0.792401,0.793103,0.807061,0.763325,0.810841,0.762824,0.767014,0.784510,0.745774,0.806959,0.772508,0.783360,0.762208,0.826566,0.768869,0.780473,0.712869,0.752025,0.753871,0.821211,0.806494,0.758238,0.767950,0.807602,0.771833,0.796395,0.745814,0.807397,0.772015,0.793421,0.784510,0.796976,0.812902,0.823358,0.808588,0.742624,0.778983,0.728087,0.763874,0.771590,0.751267,0.776935,0.757614,0.768582,0.753291,0.790140,0.821540,0.771946,0.753252,0.801944,0.802765,0.735153,0.786897,0.745910,0.789518,0.774789,0.712755,0.772066,0.795049,0.787302,0.773573,0.784056,0.819294,0.748628,0.770241,0.754408,0.744815,0.691153,0.821645,0.812414,0.827276,0.817807,0.773279,0.730073,0.717869,0.713805,0.745850,0.765997,0.774648,0.781128,0.722366,0.787058,0.786892,0.763744,0.790908,0.754867,0.808312,0.766516,0.738027,0.708855,0.774964,0.776801,0.636099,0.782264,0.714906,0.788020,0.763965,0.768998,0.821546,0.782359,0.722385,0.767329,0.756140,0.789790,0.812719,0.821648,0.749925,0.804601,0.781387,0.781386,0.762241,0.769230,0.774441,0.788724,0.748579,0.779988,0.755581,0.784273,0.784859,0.773369,0.802049,0.817653,0.753567,0.788518,0.814732,0.767067,0.724474,0.733035,0.770853,0.744835,0.746221,0.762433,0.742434,0.743042,0.768014,0.762982,0.751698,0.740625,0.777569,0.772319,0.775655,0.764479,0.795788,0.758984,0.799840,0.781555,0.765653,#
1,0.779296,1.000000,0.736673,0.773370,0.731204,0.757501,0.687738,0.764938,0.835250,0.746298,0.775295,0.736812,0.715565,0.694866,0.733110,0.760893,0.772479,0.752955,0.764508,0.766824,0.754718,0.790304,0.779956,0.756432,0.745146,0.694431,0.758273,0.770871,0.717413,0.708711,0.780756,0.795269,0.716653,0.779615,0.715095,0.748573,0.722142,0.763236,0.795197,0.759356,0.728917,0.693682,0.755055,0.724287,0.719251,0.723777,0.769512,0.768295,0.777213,0.766658,0.723410,0.795934,0.759080,0.740085,0.789039,0.740601,0.732860,0.761581,0.727936,0.690456,0.762401,0.730905,0.720645,0.717857,0.757753,0.772799,0.775471,0.751077,0.762237,0.768865,0.719528,0.762504,0.826495,0.727483,0.757990,0.731698,0.740873,0.717334,0.768171,0.698834,0.774421,0.735291,0.769292,0.784320,0.801277,0.759866,0.779450,0.797515,0.773128,0.741401,0.699570,0.723916,0.773579,0.768587,0.782690,0.748290,0.744443,0.743663,0.752193,0.752109,0.769631,0.708004,0.701703,0.754526,0.702300,0.788012,0.730486,0.776345,0.758892,0.729647,0.759812,0.732786,0.721071,0.789880,0.703225,0.759973,0.720943,0.748994,0.719099,0.661726,0.749354,0.750912,0.723939,0.761226,0.772724,0.723932,0.713325,0.718867,0.730889,0.764830,0.709533,0.800984,0.716433,0.715314,0.788725,0.772686,0.750009,0.767528,0.731282,0.751461,0.808448,0.743945,0.766286,0.773243,0.734793,0.694325,0.735274,0.717557,0.764251,0.689039,0.755135,0.816959,0.768746,0.673869,0.796564,0.731906,0.780214,0.778948,0.715498,0.705114,0.762600,0.788680,0.754721,0.768441,0.743715,0.713497,0.770301,0.687376,0.708140,0.725583,0.742799,0.732038,0.757856,0.792655,0.746523,0.758878,0.770330,0.815473,0.704997,0.740160,0.716229,0.733331,0.728301,0.761563,0.729709,0.782333,0.752594,0.666020,0.800050,0.760529,0.759300,0.742894,0.739834,0.746848,0.776691,0.689967,0.709431,0.794614,0.707015,0.759372,#
2,0.781646,0.736673,1.000000,0.724582,0.738522,0.737113,0.740295,0.753350,0.783304,0.694080,0.725106,0.699217,0.692654,0.745552,0.719920,0.727560,0.733661,0.756930,0.731656,0.759875,0.735507,0.703132,0.729693,0.794999,0.683227,0.709523,0.772487,0.752008,0.762782,0.764277,0.762080,0.743949,0.737199,0.723015,0.725720,0.711963,0.722037,0.747243,0.794348,0.746089,0.695599,0.709902,0.770347,0.720672,0.700384,0.707028,0.801876,0.704271,0.717074,0.772940,0.726632,0.780556,0.774679,0.767893,0.807433,0.759445,0.756483,0.721212,0.727789,0.707857,0.821187,0.747354,0.745069,0.758966,0.757902,0.750229,0.727349,0.737877,0.731992,0.753835,0.734205,0.732957,0.767794,0.758706,0.777288,0.738725,0.737010,0.711057,0.743118,0.748106,0.776516,0.756058,0.786813,0.713513,0.808933,0.757660,0.730716,0.794167,0.708846,0.702976,0.720173,0.736777,0.793680,0.739132,0.768316,0.735803,0.741314,0.703416,0.789645,0.759594,0.744375,0.730637,0.731042,0.736937,0.652158,0.778299,0.757873,0.739838,0.715590,0.671087,0.762542,0.687159,0.763471,0.726629,0.710379,0.698119,0.722071,0.765996,0.732123,0.674042,0.701552,0.709785,0.704910,0.812652,0.756157,0.685577,0.714652,0.717054,0.717707,0.765633,0.763014,0.778206,0.781681,0.753222,0.773751,0.757340,0.771224,0.757454,0.768113,0.733871,0.711983,0.765924,0.667879,0.703061,0.705755,0.734460,0.715994,0.680066,0.719275,0.758871,0.750492,0.792595,0.759539,0.742131,0.725882,0.731162,0.744904,0.697984,0.747190,0.696779,0.695276,0.718233,0.723461,0.733169,0.681513,0.735516,0.758502,0.677222,0.722941,0.707735,0.739428,0.726150,0.773641,0.724725,0.784263,0.714952,0.703933,0.762445,0.711407,0.672378,0.694106,0.779143,0.662306,0.794517,0.704870,0.738162,0.731246,0.696233,0.746820,0.745623,0.731712,0.722407,0.820784,0.747637,0.719606,0.744541,0.694837,0.767912,0.725837,0.743569,#
3,0.722270,0.773370,0.724582,1.000000,0.782523,0.722242,0.727113,0.712952,0.801763,0.723056,0.749767,0.752573,0.718405,0.739208,0.697437,0.773454,0.772095,0.749068,0.805484,0.757666,0.750279,0.756208,0.741010,0.737688,0.760529,0.727370,0.764978,0.734932,0.708074,0.745049,0.759004,0.806382,0.734314,0.771613,0.731037,0.740429,0.726687,0.777196,0.722247,0.798141,0.722629,0.709169,0.763415,0.779445,0.735323,0.789065,0.788748,0.713311,0.759260,0.716711,0.754845,0.714185,0.776239,0.716870,0.723473,0.797656,0.715158,0.767063,0.769867,0.730039,0.759502,0.688565,0.721142,0.753287,0.812253,0.737931,0.711909,0.742496,0.670698,0.754765,0.711396,0.753666,0.783597,0.729101,0.720310,0.716687,0.735718,0.709393,0.745564,0.738696,0.775908,0.722817,0.756020,0.744171,0.793242,0.780754,0.762578,0.736210,0.717876,0.729522,0.730838,0.732599,0.780717,0.771491,0.756192,0.756076,0.699022,0.725849,0.747093,0.743841,0.696979,0.734458,0.707067,0.704618,0.755330,0.724260,0.713595,0.728352,0.712752,0.701036,0.745690,0.700931,0.694721,0.770340,0.731813,0.785964,0.696907,0.731303,0.742127,0.657660,0.713790,0.756350,0.749484,0.731819,0.735872,0.746205,0.730276,0.755142,0.750076,0.734464,0.729657,0.765491,0.700906,0.742512,0.779675,0.804112,0.792185,0.720823,0.724595,0.742726,0.695881,0.773013,0.770168,0.674899,0.693455,0.784820,0.701773,0.785617,0.764595,0.724432,0.742544,0.783574,0.701280,0.721647,0.779120,0.683458,0.753056,0.717887,0.741769,0.686658,0.733740,0.748479,0.716071,0.751702,0.722212,0.734164,0.775667,0.669747,0.749084,0.718518,0.733759,0.764609,0.770552,0.779422,0.746148,0.756800,0.760967,0.782972,0.737073,0.742455,0.681632,0.764530,0.688088,0.758173,0.726125,0.749732,0.732605,0.649052,0.760429,0.820052,0.734091,0.716513,0.729484,0.731667,0.745533,0.735636,0.700242,0.745285,0.711392,0.758312,#
4,0.721726,0.731204,0.738522,0.782523,1.000000,0.785301,0.749367,0.749176,0.765718,0.733804,0.686448,0.769226,0.718831,0.759376,0.706249,0.747520,0.804169,0.802136,0.773863,0.811333,0.789011,0.746178,0.717119,0.781521,0.718867,0.734884,0.754467,0.705415,0.739204,0.740044,0.813327,0.779583,0.797548,0.723870,0.717566,0.723796,0.750769,0.756777,0.747763,0.767524,0.753679,0.682463,0.740967,0.772231,0.726623,0.785966,0.760567,0.755193,0.779775,0.736809,0.735085,0.720403,0.807549,0.730755,0.784180,0.771654,0.735972,0.752329,0.789523,0.754472,0.739961,0.745558,0.748238,0.721976,0.791125,0.771771,0.741224,0.743805,0.714839,0.742120,0.753708,0.793806,0.758890,0.771759,0.759329,0.681491,0.722489,0.748937,0.771222,0.771872,0.741182,0.731401,0.777192,0.715509,0.785326,0.749619,0.728313,0.727608,0.751971,0.732023,0.721362,0.715134,0.749062,0.744866,0.745807,0.754973,0.743375,0.696246,0.719174,0.748220,0.781357,0.758349,0.747308,0.735534,0.723952,0.775026,0.749943,0.750068,0.747156,0.733288,0.731634,0.726019,0.738496,0.807224,0.700442,0.729564,0.753550,0.790163,0.722112,0.646316,0.688402,0.746939,0.795204,0.753577,0.742833,0.741470,0.702798,0.754034,0.791341,0.765869,0.783323,0.759182,0.745458,0.751564,0.821668,0.783611,0.760647,0.733964,0.723076,0.698417,0.687191,0.771141,0.768422,0.727895,0.713526,0.668043,0.769399,0.686123,0.736082,0.780209,0.767576,0.821089,0.716088,0.711234,0.801816,0.758294,0.798526,0.703985,0.752943,0.720753,0.723546,0.723680,0.793152,0.709536,0.719286,0.705779,0.722596,0.682667,0.753881,0.712975,0.747521,0.778174,0.788814,0.751777,0.793349,0.779442,0.783381,0.788240,0.729030,0.708883,0.726289,0.735664,0.720215,0.738865,0.787080,0.776375,0.721176,0.759652,0.748280,0.756535,0.703566,0.674912,0.727958,0.779224,0.713668,0.728564,0.732319,0.746092,0.765763,0.709149,#
5,0.792505,0.757501,0.737113,0.722242,0.785301,1.000000,0.715273,0.766726,0.798967,0.700634,0.767759,0.742100,0.679332,0.693754,0.717911,0.807441,0.787458,0.802898,0.717747,0.796322,0.757482,0.727635,0.754384,0.788816,0.741893,0.732788,0.822038,0.761845,0.728587,0.753712,0.802623,0.805445,0.786429,0.758094,0.724740,0.763933,0.735959,0.752782,0.761074,0.751568,0.796819,0.692432,0.714550,0.756381,0.763798,0.774173,0.806905,0.778430,0.788251,0.739369,0.743742,0.756483,0.764399,0.812355,0.720464,0.826376,0.761530,0.762901,0.825659,0.770342,0.754625,0.769580,0.779335,0.787739,0.769966,0.775457,0.746696,0.772731,0.739734,0.709728,0.745715,0.766724,0.804719,0.744532,0.735804,0.761805,0.796212,0.768214,0.740515,0.739526,0.822720,0.741005,0.762273,0.759723,0.766153,0.774832,0.784208,0.810273,0.771661,0.737588,0.702959,0.758127,0.802186,0.799160,0.757732,0.732890,0.760743,0.757212,0.817483,0.789004,0.784138,0.761564,0.791735,0.786224,0.740845,0.770047,0.763374,0.756968,0.714013,0.758686,0.738287,0.810384,0.733165,0.745727,0.680208,0.743938,0.773796,0.757751,0.696212,0.725049,0.717190,0.772560,0.762763,0.820719,0.729302,0.758641,0.759093,0.729716,0.732446,0.765636,0.796239,0.822857,0.799246,0.769800,0.783432,0.769711,0.797056,0.744546,0.762975,0.756969,0.758644,0.726595,0.758072,0.770803,0.791588,0.675708,0.712276,0.717566,0.798849,0.757706,0.772403,0.800124,0.701223,0.716260,0.758344,0.722779,0.821496,0.762832,0.773382,0.727249,0.768049,0.780331,0.771525,0.723430,0.762796,0.741750,0.705314,0.767954,0.755199,0.746000,0.805200,0.779332,0.744288,0.751364,0.816919,0.721483,0.744959,0.806367,0.754334,0.751083,0.787694,0.762391,0.734749,0.748834,0.799097,0.797285,0.765976,0.747244,0.730139,0.775549,0.711860,0.761969,0.741521,0.748219,0.668632,0.726626,0.719926,0.766644,0.754733,0.728983,#
6,0.779853,0.687738,0.740295,0.727113,0.749367,0.715273,1.000000,0.710360,0.746594,0.685275,0.727837,0.718896,0.714731,0.768528,0.653907,0.716352,0.783419,0.792629,0.744211,0.723436,0.801609,0.686746,0.679400,0.761320,0.709627,0.727268,0.749645,0.720685,0.689862,0.764052,0.756546,0.759231,0.734705,0.748644,0.741850,0.744413,0.722406,0.695015,0.742358,0.756557,0.724984,0.756209,0.750555,0.727378,0.777124,0.687454,0.768710,0.702304,0.797511,0.780884,0.751257,0.777221,0.778917,0.674623,0.769386,0.770148,0.771230,0.786024,0.796266,0.682226,0.760165,0.706699,0.709698,0.727408,0.804458,0.710000,0.791037,0.701724,0.735520,0.703377,0.721859,0.749398,0.761755,0.786441,0.709326,0.697856,0.741534,0.738254,0.754448,0.707393,0.760704,0.740813,0.764100,0.762404,0.726769,0.775676,0.742564,0.722191,0.760203,0.734451,0.703356,0.697318,0.686380,0.726889,0.726250,0.723222,0.757608,0.727268,0.731928,0.760114,0.752825,0.731292,0.756129,0.742873,0.734157,0.697726,0.772579,0.720018,0.730549,0.663446,0.687974,0.716952,0.692557,0.727641,0.713296,0.690579,0.733865,0.772186,0.712274,0.680075,0.725020,0.732525,0.728420,0.789036,0.797185,0.748922,0.705154,0.746695,0.654370,0.721864,0.750526,0.754499,0.722829,0.681354,0.757827,0.763039,0.770266,0.736484,0.790420,0.742163,0.747004,0.755329,0.708899,0.717617,0.706367,0.730138,0.733736,0.707855,0.724967,0.730018,0.744546,0.799691,0.685725,0.661104,0.717331,0.702804,0.751296,0.695028,0.778464,0.721190,0.762326,0.743222,0.712174,0.740106,0.749073,0.746870,0.781349,0.640179,0.741737,0.705218,0.784448,0.739495,0.728257,0.701201,0.742838,0.754499,0.754015,0.756470,0.733590,0.706531,0.735612,0.696667,0.763564,0.763367,0.708999,0.733170,0.694022,0.746507,0.692141,0.738872,0.691491,0.718274,0.713062,0.757319,0.758547,0.745199,0.723040,0.768848,0.734005,0.722790,#
7,0.787936,0.764938,0.753350,0.712952,0.749176,0.766726,0.710360,1.000000,0.839013,0.726492,0.755913,0.739513,0.730429,0.747390,0.756089,0.709215,0.778454,0.767786,0.777012,0.765831,0.771916,0.725199,0.816107,0.783418,0.744130,0.781337,0.769822,0.751507,0.747870,0.760055,0.722636,0.790641,0.727059,0.756311,0.719297,0.743436,0.762364,0.713520,0.782777,0.757408,0.748839,0.710960,0.754996,0.775775,0.740440,0.723524,0.787278,0.776074,0.739009,0.732825,0.768122,0.749630,0.796470,0.809086,0.769292,0.782848,0.738334,0.800781,0.728001,0.752855,0.724799,0.739521,0.769051,0.749429,0.783109,0.784965,0.778860,0.770298,0.777025,0.742194,0.758110,0.686611,0.816942,0.776471,0.793029,0.735978,0.791670,0.729597,0.774915,0.726482,0.791418,0.764370,0.776727,0.745167,0.778729,0.759211,0.805501,0.775000,0.748770,0.737638,0.741584,0.778477,0.757564,0.750283,0.791884,0.733510,0.783489,0.788870,0.768040,0.762464,0.764542,0.752340,0.757080,0.753986,0.743701,0.748831,0.754763,0.770202,0.736682,0.685099,0.822867,0.726769,0.764281,0.769964,0.713836,0.777375,0.742038,0.729204,0.692422,0.738037,0.755948,0.760930,0.732810,0.826552,0.823893,0.762706,0.724479,0.782039,0.703653,0.723805,0.771611,0.762752,0.785164,0.682719,0.801456,0.817362,0.773445,0.774914,0.735056,0.773217,0.751055,0.788322,0.764159,0.739604,0.763141,0.735096,0.770060,0.677533,0.790464,0.767846,0.734675,0.782449,0.785843,0.731392,0.752197,0.784749,0.771789,0.749784,0.774854,0.725809,0.787453,0.724375,0.814464,0.710246,0.757157,0.740811,0.797346,0.737030,0.744630,0.706279,0.818693,0.777307,0.748771,0.782206,0.779002,0.729742,0.751580,0.767709,0.744107,0.733311,0.750266,0.743076,0.728682,0.754590,0.757049,0.794096,0.746746,0.702679,0.763248,0.794267,0.773755,0.735268,0.721137,0.732856,0.749922,0.747029,0.716287,0.803165,0.771689,0.718919,#
8,0.793135,0.835250,0.783304,0.801763,0.765718,0.798967,0.746594,0.839013,1.000000,0.783957,0.760405,0.788997,0.760678,0.772733,0.749176,0.788122,0.793091,0.820308,0.774003,0.800715,0.777153,0.800937,0.800494,0.776247,0.722470,0.770667,0.795313,0.808433,0.750196,0.784996,0.768441,0.802131,0.766391,0.794838,0.725255,0.785586,0.772062,0.765792,0.800696,0.804080,0.748748,0.746598,0.814319,0.767052,0.765369,0.725312,0.772677,0.789686,0.783622,0.787370,0.779246,0.783316,0.785786,0.821182,0.790201,0.826434,0.751203,0.815669,0.767467,0.735993,0.791206,0.751053,0.775462,0.781903,0.782962,0.825155,0.774367,0.803131,0.784266,0.807478,0.746136,0.774149,0.856411,0.826682,0.767620,0.735972,0.792662,0.777160,0.779061,0.780416,0.791089,0.757073,0.795611,0.821783,0.810197,0.809310,0.769542,0.814998,0.748860,0.761359,0.766350,0.771046,0.798095,0.766323,0.823696,0.771693,0.754974,0.774923,0.816555,0.773979,0.794489,0.769060,0.795267,0.809874,0.749775,0.774525,0.806296,0.825676,0.736739,0.744228,0.804137,0.772305,0.805922,0.787928,0.752939,0.801544,0.748878,0.763313,0.764782,0.772789,0.762669,0.762046,0.802046,0.813370,0.790324,0.811550,0.753326,0.781804,0.789128,0.755470,0.761950,0.781124,0.785256,0.776645,0.855764,0.778039,0.779306,0.786366,0.743786,0.808109,0.781858,0.811331,0.787607,0.791125,0.798336,0.729561,0.780627,0.720652,0.789229,0.796713,0.756118,0.823717,0.761001,0.796575,0.774489,0.779989,0.800413,0.782888,0.795341,0.776216,0.799659,0.787675,0.824278,0.795042,0.779940,0.750280,0.780370,0.741447,0.777847,0.776518,0.823138,0.797058,0.793245,0.779279,0.831931,0.777354,0.762214,0.833137,0.760308,0.715723,0.760085,0.791136,0.699927,0.822424,0.796213,0.798173,0.787483,0.729377,0.805338,0.824828,0.777931,0.774961,0.795252,0.770697,0.734172,0.774308,0.756128,0.785837,0.765480,0.815339,#
9,0.733559,0.746298,0.694080,0.723056,0.733804,0.700634,0.685275,0.726492,0.783957,1.000000,0.689230,0.690997,0.715630,0.722197,0.735327,0.716180,0.759960,0.744818,0.749481,0.738454,0.796084,0.703272,0.749274,0.787419,0.680141,0.712250,0.726906,0.779241,0.670937,0.773026,0.703371,0.745531,0.733882,0.755719,0.755115,0.727414,0.724992,0.703717,0.758535,0.747234,0.735366,0.732239,0.732870,0.711456,0.756616,0.681066,0.723630,0.732784,0.686213,0.689316,0.682647,0.691668,0.685420,0.717030,0.744007,0.747083,0.720470,0.791223,0.720807,0.707875,0.750692,0.695403,0.761913,0.730268,0.731009,0.798367,0.745599,0.765044,0.748824,0.691638,0.722991,0.717092,0.742346,0.708663,0.742826,0.687463,0.704339,0.760067,0.742349,0.759206,0.720333,0.724623,0.703183,0.777047,0.779281,0.730699,0.706343,0.783055,0.713034,0.647789,0.687690,0.703226,0.756617,0.725154,0.748614,0.705277,0.706291,0.749339,0.756195,0.717682,0.755681,0.730949,0.737145,0.747267,0.727294,0.749289,0.727131,0.728257,0.757230,0.759480,0.760799,0.746904,0.761846,0.740637,0.672965,0.778617,0.647176,0.700561,0.660726,0.690222,0.712975,0.723738,0.754523,0.776558,0.747748,0.702474,0.728948,0.674710,0.765751,0.704261,0.709697,0.750509,0.739213,0.737169,0.768540,0.720905,0.728667,0.705699,0.709644,0.743494,0.697689,0.784520,0.758619,0.745387,0.694578,0.703169,0.743960,0.689844,0.728555,0.697649,0.689795,0.738418,0.690149,0.714107,0.748850,0.721403,0.718425,0.737707,0.745415,0.728492,0.740710,0.768004,0.736694,0.727381,0.745217,0.727367,0.676418,0.693633,0.744764,0.688852,0.766914,0.757754,0.745560,0.707278,0.754475,0.794607,0.711455,0.778253,0.715924,0.734705,0.744802,0.692901,0.736212,0.718309,0.713079,0.785108,0.666256,0.686616,0.798383,0.718237,0.736693,0.743479,0.692709,0.691638,0.700186,0.679510,0.706193,0.747403,0.718472,0.701355,#
10,0.808265,0.775295,0.725106,0.749767,0.686448,0.767759,0.727837,0.755913,0.760405,0.689230,1.000000,0.718111,0.691583,0.717118,0.667005,0.745094,0.775979,0.743454,0.752430,0.729730,0.749070,0.688564,0.772068,0.794730,0.678741,0.717315,0.753480,0.801201,0.718010,0.775690,0.738363,0.781323,0.730364,0.765426,0.761604,0.757410,0.706470,0.763214,0.753235,0.741493,0.747797,0.708631,0.725696,0.750703,0.761334,0.759645,0.807847,0.774611,0.784698,0.806557,0.706664,0.745381,0.777612,0.721841,0.763909,0.785237,0.750500,0.798019,0.720048,0.736536,0.780445,0.744839,0.811946,0.780665,0.779914,0.724893,0.753319,0.691349,0.762375,0.756693,0.722993,0.752340,0.823141,0.714079,0.718834,0.766630,0.770085,0.802607,0.779542,0.712908,0.821147,0.746201,0.733551,0.778726,0.749458,0.742247,0.783643,0.778779,0.724093,0.774314,0.677208,0.770467,0.801490,0.756751,0.779089,0.779727,0.722242,0.741589,0.791458,0.806597,0.740998,0.739210,0.739955,0.815614,0.785966,0.745424,0.725301,0.747684,0.751153,0.722546,0.739979,0.737390,0.734437,0.743574,0.709281,0.787828,0.699757,0.719066,0.741880,0.704908,0.715554,0.781695,0.690643,0.795487,0.705441,0.733490,0.771154,0.759487,0.714794,0.709241,0.720594,0.741200,0.735813,0.715739,0.788036,0.811042,0.762981,0.724157,0.746617,0.808662,0.809298,0.752093,0.702596,0.735266,0.683984,0.663624,0.727775,0.706313,0.782196,0.727025,0.747023,0.778867,0.775620,0.701185,0.753666,0.753859,0.786092,0.799386,0.754453,0.720183,0.816875,0.740849,0.718150,0.748958,0.729547,0.711344,0.771870,0.704430,0.784589,0.756486,0.773688,0.768023,0.704693,0.737082,0.762731,0.738814,0.770680,0.800007,0.718479,0.779132,0.727050,0.703050,0.754698,0.732794,0.719744,0.749447,0.717006,0.729248,0.723776,0.785894,0.747328,0.718155,0.734795,0.749474,0.754682,0.769594,0.725580,0.783643,0.757556,0.750563,#
11,0.783707,0.736812,0.699217,0.752573,0.769226,0.742100,0.718896,0.739513,0.788997,0.690997,0.718111,1.000000,0.761191,0.707471,0.702348,0.749062,0.771889,0.797427,0.797645,0.744440,0.744185,0.712255,0.755489,0.736087,0.708183,0.718261,0.705662,0.711525,0.737544,0.719183,0.737965,0.763397,0.762917,0.759613,0.694731,0.722423,0.781420,0.759807,0.732435,0.759832,0.731536,0.716326,0.732705,0.727298,0.731180,0.712741,0.816079,0.755294,0.739940,0.782290,0.736040,0.705165,0.769786,0.736426,0.771055,0.774456,0.710814,0.763362,0.730559,0.705658,0.721769,0.692878,0.790924,0.726772,0.766688,0.753499,0.759340,0.738792,0.750285,0.761964,0.767512,0.740748,0.761661,0.763464,0.760252,0.671606,0.801249,0.757751,0.739652,0.673803,0.769061,0.712724,0.755397,0.732285,0.785324,0.748907,0.720750,0.724996,0.717240,0.693694,0.715512,0.751233,0.750888,0.714687,0.746602,0.764798,0.746350,0.737816,0.750189,0.736046,0.712656,0.741736,0.756874,0.752590,0.779959,0.748326,0.729473,0.783255,0.746380,0.759303,0.802398,0.757425,0.759538,0.744965,0.647289,0.756508,0.722082,0.753227,0.711099,0.719756,0.662936,0.750081,0.749437,0.786233,0.771042,0.744303,0.738832,0.712845,0.738871,0.743110,0.767040,0.738668,0.744657,0.738979,0.779833,0.766638,0.790277,0.720086,0.721567,0.713749,0.757413,0.725612,0.744296,0.766794,0.761665,0.656447,0.754317,0.722387,0.738786,0.763679,0.710937,0.748066,0.739325,0.738557,0.767346,0.722517,0.796981,0.721599,0.765563,0.699319,0.724174,0.751194,0.781681,0.723615,0.789244,0.658152,0.758090,0.662727,0.749779,0.759698,0.751728,0.744410,0.774782,0.779033,0.734686,0.751040,0.742146,0.767667,0.699719,0.748110,0.728596,0.713252,0.745102,0.728945,0.759669,0.693557,0.717411,0.766903,0.755715,0.759214,0.759185,0.726781,0.756562,0.722645,0.715340,0.738605,0.728650,0.754556,0.741511,0.727039,#
12,0.719533,0.715565,0.692654,0.718405,0.718831,0.679332,0.714731,0.730429,0.760678,0.715630,0.691583,0.761191,1.000000,0.734142,0.728536,0.693331,0.751112,0.769410,0.753150,0.749544,0.751005,0.670985,0.772864,0.769761,0.695055,0.712348,0.700560,0.721211,0.748356,0.687156,0.717823,0.741776,0.747375,0.769810,0.710909,0.739846,0.751402,0.719800,0.752650,0.736867,0.645570,0.646346,0.707539,0.756940,0.718873,0.727305,0.762259,0.680320,0.708337,0.719615,0.791213,0.701102,0.714252,0.717053,0.769920,0.735651,0.701642,0.750224,0.715871,0.673338,0.688818,0.722798,0.733214,0.707825,0.779132,0.742810,0.714838,0.676372,0.756424,0.722017,0.727552,0.692694,0.750391,0.719905,0.772829,0.701682,0.756343,0.722566,0.742534,0.730177,0.741785,0.700745,0.761535,0.743868,0.708264,0.748487,0.690587,0.730112,0.737568,0.667869,0.713973,0.721136,0.742142,0.656978,0.704045,0.772278,0.785380,0.742445,0.717768,0.701012,0.671251,0.756049,0.737565,0.769599,0.689349,0.719202,0.711095,0.693960,0.747856,0.716194,0.746602,0.707243,0.713578,0.718061,0.766007,0.739783,0.667608,0.691229,0.717639,0.710187,0.684856,0.716258,0.716217,0.789156,0.770101,0.742863,0.711711,0.661885,0.693148,0.715654,0.697138,0.703642,0.683301,0.700742,0.716921,0.734488,0.716581,0.754779,0.709504,0.697270,0.760084,0.762856,0.716231,0.728644,0.697235,0.689102,0.730432,0.656668,0.750760,0.771035,0.710412,0.756376,0.704660,0.660524,0.723621,0.760794,0.784835,0.750230,0.766563,0.697460,0.737455,0.755095,0.759547,0.707044,0.790100,0.638177,0.710808,0.732844,0.662921,0.696288,0.745426,0.734987,0.735054,0.732519,0.720008,0.692153,0.770349,0.799069,0.686514,0.631939,0.690846,0.733377,0.736849,0.724009,0.648478,0.732637,0.653122,0.746592,0.722057,0.721111,0.692330,0.686635,0.691123,0.720815,0.681657,0.731292,0.702682,0.745817,0.749642,0.640847,#
13,0.756566,0.694866,0.745552,0.739208,0.759376,0.693754,0.768528,0.747390,0.772733,0.722197,0.717118,0.707471,0.734142,1.000000,0.677550,0.731275,0.743947,0.796132,0.777508,0.725852,0.766278,0.713782,0.789081,0.754930,0.707316,0.707308,0.700626,0.770754,0.757667,0.781135,0.677781,0.748823,0.773311,0.771935,0.655525,0.708977,0.739535,0.758335,0.776861,0.755796,0.803641,0.703465,0.758485,0.735405,0.784720,0.731694,0.732042,0.746993,0.783296,0.741949,0.730859,0.796767,0.750944,0.739189,0.785899,0.791933,0.737303,0.763716,0.756032,0.712499,0.777430,0.724603,0.725973,0.779462,0.791260,0.771817,0.752115,0.714935,0.765510,0.717512,0.679268,0.745313,0.724456,0.794004,0.768368,0.715015,0.738586,0.734380,0.780135,0.757802,0.755847,0.718674,0.780717,0.760330,0.755587,0.749204,0.700345,0.719965,0.776952,0.740968,0.710572,0.754302,0.759657,0.732991,0.767267,0.713705,0.730547,0.710726,0.737953,0.794329,0.755358,0.743347,0.728986,0.816009,0.733195,0.783929,0.737150,0.758798,0.735661,0.697779,0.765899,0.752192,0.743670,0.765087,0.732165,0.776875,0.680483,0.790221,0.747887,0.730985,0.728026,0.744785,0.693313,0.742586,0.748121,0.717333,0.734309,0.688006,0.703577,0.720677,0.733404,0.742475,0.714770,0.713826,0.797115,0.757762,0.736809,0.742587,0.781450,0.727318,0.733039,0.805204,0.771905,0.738652,0.681002,0.704460,0.780546,0.687272,0.759060,0.753989,0.719126,0.797212,0.705312,0.706061,0.726497,0.736542,0.772556,0.740095,0.793147,0.709863,0.777740,0.751455,0.748583,0.757252,0.749037,0.725933,0.752883,0.718774,0.775071,0.693758,0.756429,0.787150,0.784141,0.734451,0.808091,0.768708,0.760232,0.835442,0.736202,0.711869,0.711290,0.740625,0.758253,0.754823,0.750666,0.770137,0.701407,0.754474,0.706049,0.737081,0.729444,0.711183,0.757167,0.766339,0.757352,0.698543,0.731980,0.763868,0.735709,0.704637,#
14,0.720243,0.733110,0.719920,0.697437,0.706249,0.717911,0.653907,0.756089,0.749176,0.735327,0.667005,0.702348,0.728536,0.677550,1.000000,0.727170,0.745652,0.688381,0.694144,0.698039,0.746027,0.697529,0.698084,0.765572,0.687620,0.623370,0.704598,0.712492,0.717613,0.725573,0.731445,0.745252,0.712604,0.726975,0.701776,0.682151,0.702863,0.725473,0.761718,0.684990,0.658123,0.676834,0.730896,0.751472,0.703770,0.696829,0.715265,0.682217,0.649761,0.665549,0.682207,0.677969,0.680878,0.766623,0.722375,0.712766,0.697548,0.702491,0.718564,0.654504,0.729903,0.733638,0.715284,0.701601,0.707850,0.698881,0.690426,0.717765,0.714922,0.727518,0.693721,0.705582,0.745381,0.690086,0.758361,0.675779,0.745103,0.718830,0.708088,0.653237,0.743001,0.732701,0.746712,0.773613,0.738224,0.737795,0.709855,0.765527,0.733425,0.633832,0.644115,0.656760,0.736436,0.748951,0.751393,0.705637,0.784625,0.707452,0.747466,0.679856,0.724121,0.729868,0.735859,0.666208,0.693984,0.730018,0.683510,0.678238,0.694992,0.677975,0.751681,0.703318,0.745643,0.720652,0.672752,0.734208,0.680543,0.691128,0.674857,0.655845,0.698004,0.731583,0.707168,0.740132,0.765318,0.628841,0.689351,0.746680,0.670279,0.718256,0.681837,0.727105,0.693013,0.687147,0.732631,0.751730,0.699170,0.720967,0.703924,0.716572,0.712959,0.728341,0.652726,0.740014,0.679018,0.722836,0.760418,0.654013,0.735075,0.668729,0.711816,0.708786,0.655600,0.661161,0.749477,0.710032,0.709395,0.717642,0.692139,0.674984,0.695131,0.675479,0.732293,0.690671,0.680958,0.652068,0.687161,0.675219,0.644288,0.728171,0.716248,0.722403,0.728305,0.754917,0.736638,0.747311,0.718782,0.770650,0.654946,0.639372,0.707222,0.755592,0.715125,0.690702,0.689932,0.700745,0.709181,0.636796,0.707274,0.717967,0.634533,0.659797,0.738733,0.720304,0.678570,0.701348,0.700973,0.713700,0.679901,0.619270,#
15,0.782488,0.760893,0.727560,0.773454,0.747520,0.807441,0.716352,0.709215,0.788122,0.716180,0.745094,0.749062,0.693331,0.731275,0.727170,1.000000,0.784326,0.793244,0.754706,0.753516,0.752074,0.736714,0.724845,0.784873,0.730658,0.711567,0.732620,0.728858,0.717236,0.780635,0.774078,0.803458,0.747469,0.788604,0.709870,0.799221,0.786449,0.745205,0.789544,0.726076,0.709252,0.709794,0.760114,0.723721,0.794923,0.726460,0.789766,0.801708,0.778918,0.756470,0.730679,0.772324,0.743725,0.722164,0.754380,0.745983,0.755469,0.740715,0.734681,0.703866,0.782122,0.728247,0.751402,0.786089,0.742098,0.780780,0.725207,0.748408,0.722280,0.686469,0.739235,0.706089,0.732185,0.735362,0.743803,0.697473,0.769642,0.771360,0.765596,0.730205,0.786883,0.747998,0.751080,0.785842,0.802295,0.788006,0.717823,0.783233,0.720801,0.691810,0.693285,0.684156,0.768442,0.752941,0.713202,0.735861,0.727286,0.720950,0.743551,0.742653,0.764906,0.712009,0.786692,0.774354,0.701661,0.759670,0.772832,0.774864,0.710943,0.764622,0.701643,0.717744,0.753102,0.751187,0.690011,0.738479,0.724727,0.772327,0.742537,0.718234,0.696668,0.727827,0.749251,0.768616,0.730239,0.712917,0.779591,0.704807,0.770835,0.782593,0.706789,0.719287,0.716640,0.695091,0.771565,0.739291,0.738595,0.709789,0.756020,0.750550,0.711368,0.726131,0.725090,0.714426,0.724293,0.696114,0.734032,0.701051,0.766715,0.725695,0.770472,0.748995,0.761520,0.734584,0.757655,0.734293,0.799742,0.741938,0.753386,0.709293,0.748396,0.783852,0.791100,0.690924,0.768989,0.722875,0.765647,0.757198,0.770734,0.697202,0.717770,0.793989,0.724972,0.765224,0.743152,0.781513,0.758435,0.792606,0.742018,0.718624,0.727590,0.743086,0.724495,0.772197,0.734646,0.727702,0.679140,0.704548,0.707147,0.776515,0.703401,0.753550,0.747122,0.742262,0.733371,0.726268,0.758061,0.772612,0.759492,0.772486,#
16,0.823087,0.772479,0.733661,0.772095,0.804169,0.787458,0.783419,0.778454,0.793091,0.759960,0.775979,0.771889,0.751112,0.743947,0.745652,0.784326,1.000000,0.813286,0.771213,0.786552,0.841454,0.775247,0.722480,0.801743,0.740976,0.773151,0.792458,0.697372,0.731552,0.752114,0.799223,0.829338,0.813346,0.777124,0.731570,0.778579,0.797047,0.747036,0.790285,0.798826,0.752201,0.759402,0.767094,0.771795,0.756084,0.774144,0.778039,0.776159,0.786164,0.794318,0.736929,0.759697,0.790494,0.811272,0.808829,0.810463,0.687932,0.799211,0.791395,0.711277,0.766482,0.769656,0.779281,0.743275,0.786135,0.767637,0.785934,0.785405,0.822529,0.791894,0.747579,0.739092,0.806995,0.775915,0.783147,0.733447,0.785218,0.802835,0.801866,0.790126,0.827042,0.778450,0.799730,0.797897,0.792204,0.786637,0.803465,0.766360,0.759080,0.769032,0.708718,0.748861,0.800993,0.777640,0.801207,0.820830,0.785205,0.754041,0.803674,0.777547,0.757952,0.765925,0.778386,0.794092,0.745167,0.830517,0.799691,0.771366,0.811871,0.741618,0.814609,0.798820,0.784674,0.799213,0.799732,0.817296,0.785442,0.779642,0.722803,0.676594,0.730684,0.800806,0.776794,0.812148,0.810322,0.781894,0.778709,0.733102,0.753729,0.752448,0.803767,0.758951,0.790825,0.717459,0.828515,0.829979,0.785956,0.742033,0.766078,0.777944,0.761258,0.791112,0.782847,0.770732,0.747023,0.723181,0.773182,0.730101,0.783857,0.785405,0.744367,0.829830,0.738391,0.733967,0.833260,0.763017,0.793086,0.764162,0.785316,0.770552,0.751614,0.780917,0.815658,0.764830,0.778378,0.785264,0.780128,0.762334,0.803092,0.739983,0.788174,0.794726,0.782581,0.774354,0.786319,0.761815,0.745318,0.832478,0.765045,0.736899,0.738701,0.749788,0.787783,0.756636,0.779293,0.780420,0.765495,0.784234,0.762003,0.774670,0.793572,0.718750,0.804018,0.767943,0.752308,0.772618,0.766398,0.781045,0.800960,0.767772,#
17,0.813142,0.752955,0.756930,0.749068,0.802136,0.802898,0.792629,0.767786,0.820308,0.744818,0.743454,0.797427,0.769410,0.796132,0.688381,0.793244,0.813286,1.000000,0.748813,0.805718,0.805026,0.728228,0.783931,0.828034,0.811084,0.772918,0.786282,0.762142,0.738400,0.794601,0.788583,0.800746,0.729698,0.760066,0.736273,0.810495,0.768332,0.775289,0.812113,0.803175,0.779855,0.765790,0.800767,0.766814,0.767268,0.730753,0.780947,0.822750,0.813405,0.808421,0.782736,0.770890,0.786827,0.754115,0.797617,0.825557,0.767590,0.775216,0.792163,0.714175,0.774672,0.765726,0.754038,0.778701,0.782669,0.835853,0.814386,0.793452,0.770649,0.748348,0.764013,0.758225,0.774264,0.767986,0.768616,0.733850,0.803162,0.793746,0.791382,0.788073,0.813429,0.764903,0.807832,0.793942,0.784533,0.785288,0.791000,0.777404,0.768558,0.755888,0.751281,0.751746,0.793553,0.761876,0.754313,0.802273,0.787069,0.739963,0.739354,0.807707,0.799071,0.724455,0.784860,0.804974,0.725593,0.754519,0.799870,0.794808,0.731620,0.771146,0.778619,0.779232,0.738813,0.805168,0.754672,0.756134,0.724810,0.792210,0.729933,0.732154,0.748988,0.768957,0.762906,0.820391,0.796383,0.811495,0.781962,0.728647,0.742292,0.774167,0.825739,0.808276,0.792616,0.726477,0.770717,0.804243,0.776045,0.774272,0.808075,0.803911,0.792436,0.801938,0.830108,0.775007,0.775701,0.715318,0.794873,0.739370,0.800394,0.739394,0.791252,0.801001,0.749219,0.741022,0.799801,0.814252,0.853563,0.767233,0.802410,0.732239,0.788973,0.767932,0.837548,0.741399,0.808777,0.762247,0.726733,0.734796,0.787167,0.735599,0.828780,0.778245,0.775447,0.776046,0.826350,0.753119,0.776032,0.825825,0.762053,0.769931,0.762251,0.800998,0.781061,0.802943,0.810211,0.770010,0.753130,0.829528,0.741882,0.757031,0.757084,0.762092,0.788488,0.782625,0.768823,0.795499,0.746066,0.824754,0.766988,0.757735,#
18,0.772152,0.764508,0.731656,0.805484,0.773863,0.717747,0.744211,0.777012,0.774003,0.749481,0.752430,0.797645,0.753150,0.777508,0.694144,0.754706,0.771213,0.748813,1.000000,0.773165,0.760013,0.757645,0.762183,0.741163,0.734762,0.753947,0.745344,0.755086,0.722344,0.780540,0.714216,0.786596,0.768759,0.796018,0.758682,0.791994,0.745846,0.761594,0.761535,0.756419,0.769838,0.676507,0.733185,0.724958,0.802157,0.726155,0.811000,0.767819,0.751848,0.710316,0.723573,0.726858,0.796016,0.735596,0.783076,0.789333,0.729710,0.794066,0.749603,0.763249,0.780111,0.697790,0.754188,0.739672,0.801701,0.750350,0.747404,0.755618,0.721859,0.770234,0.769042,0.732568,0.788517,0.762617,0.781837,0.693518,0.801930,0.738099,0.802716,0.744078,0.748137,0.723060,0.771467,0.777540,0.802018,0.761280,0.755611,0.757757,0.755325,0.720074,0.738610,0.721272,0.788454,0.764529,0.787940,0.719566,0.755689,0.766627,0.765294,0.773656,0.774305,0.723874,0.762612,0.785929,0.756245,0.786244,0.725822,0.740374,0.758188,0.735804,0.784291,0.734088,0.800097,0.803135,0.688246,0.734088,0.729282,0.745158,0.724472,0.718694,0.707941,0.793805,0.755266,0.764324,0.760840,0.719072,0.757079,0.715907,0.802314,0.712827,0.754953,0.774870,0.750994,0.730108,0.780914,0.796494,0.802608,0.764075,0.744781,0.751231,0.737412,0.795481,0.752513,0.793317,0.715668,0.750342,0.753059,0.686046,0.779262,0.742985,0.720844,0.832586,0.757273,0.707261,0.759594,0.774232,0.764067,0.799249,0.784496,0.726484,0.770502,0.745414,0.793407,0.756482,0.776159,0.759215,0.806041,0.707851,0.721748,0.727214,0.753861,0.798811,0.788205,0.734078,0.732291,0.769540,0.753402,0.816729,0.718525,0.772282,0.751799,0.749848,0.732389,0.749223,0.746631,0.767251,0.743751,0.701376,0.734020,0.775022,0.759698,0.743394,0.713880,0.801974,0.784493,0.740941,0.711693,0.783731,0.777806,0.738493,#
19,0.765137,0.766824,0.759875,0.757666,0.811333,0.796322,0.723436,0.765831,0.800715,0.738454,0.729730,0.744440,0.749544,0.725852,0.698039,0.753516,0.786552,0.805718,0.773165,1.000000,0.760235,0.736836,0.738147,0.768714,0.705646,0.702279,0.781535,0.713863,0.754881,0.766962,0.771811,0.809294,0.734863,0.742996,0.666074,0.766387,0.739847,0.721410,0.782500,0.762648,0.755688,0.690119,0.744593,0.746379,0.737239,0.745130,0.819743,0.761022,0.786747,0.686413,0.679258,0.727578,0.753290,0.761015,0.759435,0.725652,0.759507,0.752344,0.764642,0.669972,0.769947,0.751761,0.772449,0.748492,0.775697,0.789369,0.716505,0.740233,0.746004,0.739690,0.736575,0.733226,0.781712,0.761537,0.769187,0.684848,0.744281,0.727825,0.756265,0.734776,0.762298,0.698915,0.796431,0.741159,0.754108,0.738919,0.755344,0.810862,0.770165,0.676469,0.733670,0.726314,0.785787,0.729509,0.757841,0.738041,0.755645,0.713397,0.735419,0.786878,0.764249,0.739762,0.748622,0.758186,0.703761,0.763642,0.753880,0.753556,0.731965,0.686707,0.736167,0.726220,0.756770,0.769746,0.733232,0.724928,0.757796,0.750761,0.703816,0.646705,0.697724,0.760752,0.743762,0.801567,0.798240,0.740216,0.771693,0.714050,0.779142,0.787026,0.755654,0.781573,0.758570,0.749019,0.795895,0.773649,0.761507,0.738848,0.731807,0.749299,0.727068,0.732533,0.733429,0.730213,0.731514,0.699378,0.723435,0.646521,0.773426,0.748740,0.746337,0.811854,0.715853,0.698966,0.769208,0.763176,0.795842,0.787529,0.763838,0.744141,0.751728,0.755373,0.752513,0.698791,0.762980,0.729314,0.714807,0.747466,0.740708,0.698031,0.763425,0.799309,0.780576,0.736430,0.792068,0.733121,0.758490,0.829978,0.717404,0.698332,0.677876,0.768975,0.737515,0.800175,0.776304,0.739229,0.714166,0.747320,0.771724,0.759462,0.739161,0.733160,0.739884,0.788951,0.712620,0.793008,0.690383,0.741533,0.736628,0.718680,#
20,0.785704,0.754718,0.735507,0.750279,0.789011,0.757482,0.801609,0.771916,0.777153,0.796084,0.749070,0.744185,0.751005,0.766278,0.746027,0.752074,0.841454,0.805026,0.760013,0.760235,1.000000,0.750985,0.730568,0.787687,0.726526,0.772368,0.786627,0.741647,0.717809,0.785029,0.761508,0.792188,0.754538,0.808426,0.760261,0.803768,0.767415,0.743588,0.804004,0.802474,0.744923,0.786927,0.739036,0.789993,0.784757,0.744950,0.795238,0.751562,0.749819,0.755703,0.739954,0.781832,0.764401,0.776567,0.778504,0.796396,0.750128,0.799264,0.783879,0.720523,0.796080,0.734872,0.810663,0.733334,0.808589,0.789384,0.794645,0.746728,0.786419,0.748539,0.762541,0.749491,0.755555,0.768844,0.787888,0.689609,0.755254,0.772597,0.780205,0.773543,0.774843,0.814924,0.781962,0.793245,0.751030,0.775983,0.793559,0.758440,0.753595,0.760424,0.743784,0.761619,0.778972,0.788699,0.820891,0.741988,0.735677,0.729626,0.757441,0.767180,0.781941,0.757242,0.800249,0.793265,0.787636,0.735585,0.784880,0.791551,0.750496,0.785769,0.783030,0.774846,0.734415,0.742823,0.759371,0.740740,0.744975,0.785555,0.695344,0.697693,0.783385,0.772539,0.744150,0.838601,0.777526,0.787217,0.758108,0.722054,0.763549,0.761964,0.795795,0.749823,0.790274,0.781234,0.810317,0.770259,0.744638,0.767503,0.795594,0.795421,0.747152,0.766351,0.756014,0.783027,0.746346,0.730864,0.770055,0.722694,0.766559,0.806195,0.789043,0.797285,0.775014,0.752033,0.808217,0.769408,0.775397,0.764677,0.783757,0.752257,0.751187,0.787740,0.780337,0.761495,0.811543,0.676053,0.733910,0.704819,0.770688,0.743467,0.794559,0.759317,0.816365,0.757097,0.772144,0.764416,0.746391,0.807425,0.770978,0.773740,0.739758,0.738732,0.751417,0.763632,0.727801,0.785927,0.735991,0.780401,0.735346,0.751229,0.700497,0.703085,0.762819,0.806650,0.739396,0.707843,0.750381,0.780235,0.785090,0.749109,#
21,0.706960,0.790304,0.703132,0.756208,0.746178,0.727635,0.686746,0.725199,0.800937,0.703272,0.688564,0.712255,0.670985,0.713782,0.697529,0.736714,0.775247,0.728228,0.757645,0.736836,0.750985,1.000000,0.735777,0.771249,0.701910,0.660990,0.764223,0.667324,0.696165,0.703790,0.735936,0.732517,0.750075,0.760660,0.722607,0.775507,0.741858,0.744606,0.758757,0.722506,0.696479,0.721275,0.714681,0.737055,0.762179,0.708611,0.732492,0.750914,0.733161,0.676101,0.685163,0.741712,0.723112,0.691517,0.747413,0.753965,0.730085,0.728958,0.792286,0.628924,0.754245,0.712680,0.701255,0.687079,0.796808,0.718292,0.719213,0.740131,0.718945,0.743856,0.712118,0.736822,0.750614,0.742996,0.778014,0.699034,0.708359,0.716595,0.744581,0.724648,0.710408,0.696336,0.754805,0.735779,0.797260,0.726384,0.707770,0.740640,0.760863,0.732794,0.627075,0.645677,0.755858,0.709672,0.760401,0.700906,0.727498,0.685356,0.699467,0.743093,0.726155,0.743692,0.721207,0.736840,0.652761,0.776235,0.694908,0.704949,0.705735,0.739875,0.751752,0.711868,0.742252,0.771336,0.635071,0.687772,0.728010,0.763529,0.655758,0.672463,0.717278,0.725681,0.726495,0.752249,0.745073,0.661704,0.720225,0.752172,0.729788,0.740763,0.759819,0.762387,0.721609,0.700779,0.774580,0.728414,0.664432,0.678632,0.714491,0.738627,0.728663,0.751875,0.725651,0.716034,0.687786,0.707430,0.724412,0.666344,0.700027,0.711387,0.719811,0.785840,0.711341,0.701002,0.741341,0.735842,0.759753,0.687348,0.704086,0.710554,0.746085,0.740093,0.771649,0.753746,0.771524,0.680668,0.754202,0.713478,0.660449,0.697706,0.744508,0.716444,0.737147,0.722497,0.723385,0.728891,0.654422,0.775470,0.709478,0.702846,0.683428,0.737538,0.677352,0.759414,0.715094,0.758880,0.729061,0.629361,0.683831,0.757711,0.703633,0.665448,0.707114,0.725156,0.735987,0.701894,0.726783,0.741446,0.678296,0.732229,#
