0,1.000000,0.274776,0.303215,0.179336,0.254719,0.312752,0.273151,0.208510,0.275352,0.293661,0.331137,0.324735,0.230987,0.180070,0.340193,0.203818,0.312225,0.441811,0.169729,0.194519,0.313620,0.390213,0.282469,0.328108,0.271954,0.181117,0.203304,0.314624,0.337472,0.244688,0.214457,0.124614,0.282519,0.167935,0.173568,0.262897,0.309695,0.248724,0.247978,0.369562,0.132380,0.297787,0.165883,0.299012,0.219186,0.249219,0.392421,0.228194,0.372728,0.271352,0.392473,0.214449,0.190761,0.156192,0.408550,0.215732,0.321971,0.307365,0.252601,0.212805,0.299050,0.211612,0.251108,0.274119,0.391905,0.154520,0.349116,0.228194,0.248189,0.302575,0.409915,0.371700,0.331333,0.330063,0.210470,0.223304,0.160239,0.274406,0.271365,0.156173,0.328269,0.221944,0.306976,0.251164,0.230817,0.371964,0.265929,0.218971,0.362466,0.198068,0.275580,0.172111,0.139801,0.225054,0.328851,0.246765,0.258100,0.295151,0.301366,0.310102,0.269589,0.359942,0.194964,0.266380,0.147019,0.278558,0.311874,0.254955,0.233306,0.181229,0.185367,0.282863,0.291544,0.284108,0.203500,0.352218,0.330552,0.179206,0.397228,0.326189,0.352361,0.097431,0.187824,0.179857,0.213849,0.449607,0.124670,0.234772,0.222516,0.364545,0.286179,0.367051,0.246069,0.186456,0.198290,0.171000,0.332272,0.232597,0.304550,0.507690,0.226397,0.276025,0.259134,0.299384,0.336565,0.321637,0.257553,0.066907,0.304501,0.243145,0.316460,0.163786,0.260290,0.210175,0.231814,0.114385,0.109870,0.210029,0.305674,0.380077,0.317950,0.269576,0.102817,0.310231,0.346141,0.111368,0.090626,0.182168,0.269912,0.198244,0.388923,0.066179,0.383724,0.459340,0.246637,0.245250,0.354739,0.256297,0.333654,0.259607,0.257646,0.407133,0.166592,0.094789,0.150616,0.397209,0.262611,0.426545,0.320101,0.065280,0.316279,0.294338,0.086925,0.128765,0.287493,0.193845,0.192157,0.145090,0.262704,0.300179,#
1,0.274776,1.000000,0.149922,0.165373,0.414691,0.326389,0.267459,0.236933,0.144771,0.177826,0.297661,0.238735,0.272370,0.316961,0.138975,0.114464,0.112230,0.249631,0.283907,0.160048,0.153469,0.307720,0.162146,0.281333,0.327008,0.310777,0.264895,0.256180,0.337398,0.066663,0.340128,0.218109,0.397144,0.227547,0.260951,0.043883,0.194996,0.224174,0.189472,0.241086,0.210979,0.223588,0.391103,0.231168,0.231430,0.202921,0.323496,0.298696,0.319903,0.214410,0.441952,0.094640,0.284915,0.191404,0.297219,0.230951,0.290983,0.332975,0.370846,0.277444,0.270136,0.303168,0.240454,0.281330,0.282828,0.209464,0.186474,0.334374,0.281924,0.147299,0.358157,0.235631,0.334029,0.276580,0.287846,-0.037098,0.270497,0.221685,0.309753,0.240277,0.204559,0.380033,0.271018,0.371267,0.094303,0.215252,0.324664,0.288861,0.279005,0.310481,0.324992,0.355897,0.127627,0.212384,0.184920,0.284664,0.151225,0.237570,0.143970,0.148958,0.131985,0.185953,0.166107,0.255630,0.153158,0.141264,0.223647,0.296116,0.158523,0.215246,0.364002,0.269080,0.240613,0.268611,0.257259,0.322881,0.309382,0.144944,0.381975,0.307836,0.146730,0.247149,0.326546,0.224502,0.236070,0.341356,0.195280,0.145484,0.262491,0.202972,0.321667,0.271159,0.128624,0.192515,0.350206,0.302561,0.218302,0.181470,0.250261,0.407394,0.338126,0.176703,0.044224,0.151615,0.314680,0.217225,0.304444,0.071987,0.383244,0.253975,0.319242,0.198565,0.219551,0.086956,0.270572,0.209694,0.267875,0.344834,0.238874,0.091367,0.050660,0.303522,0.093424,0.251702,0.312846,0.344908,0.142253,0.299476,0.294785,0.264455,0.271267,0.164156,0.204317,0.233890,0.327392,0.182288,-0.003937,0.291971,0.271889,0.170981,0.255253,0.216674,0.248324,0.219474,0.305126,0.315123,0.151245,0.402620,0.229778,0.245118,0.377574,0.221857,0.053983,0.100934,0.265898,0.301233,0.106104,0.250084,0.072843,0.250158,#
2,0.303215,0.149922,1.000000,0.334060,0.104035,0.329245,0.256737,0.254391,0.055100,0.156623,0.054289,0.233413,0.221592,0.199306,0.222029,0.118911,0.207956,0.224444,0.231947,0.177077,0.175358,0.330333,0.381402,0.297880,0.245666,0.215157,0.278237,0.134339,0.250843,0.168433,0.297510,0.248739,0.264996,0.158935,0.125709,0.180267,0.292205,0.292538,0.181279,0.170253,0.293722,0.283941,0.138565,0.072809,0.072725,0.355927,0.254603,0.305704,0.209429,0.211811,0.203521,0.308839,0.260138,0.188385,0.200126,0.308022,0.069162,0.286808,0.103204,0.209346,0.033424,0.262997,0.178621,0.266148,0.387811,0.277770,0.211833,0.082925,0.197240,0.323340,0.264906,0.055041,0.177732,0.273586,0.217688,0.270790,0.134812,0.223946,0.175508,0.370585,0.358543,0.130655,0.173084,0.187433,0.093729,0.299980,0.324751,0.238605,0.094041,0.247287,0.165388,0.164926,0.170303,0.063078,0.220651,0.140622,0.183119,0.140984,0.217707,0.209468,0.303775,0.285672,0.172625,0.126620,0.290666,0.154644,0.180283,0.230626,0.137935,0.203921,0.243066,0.240762,0.174148,0.140339,0.124175,0.198529,0.102720,0.249043,0.108515,0.113249,0.209070,0.222409,0.171454,0.116797,0.122884,0.211655,0.124715,0.202190,0.193348,0.282628,0.236900,0.281662,0.104759,0.043746,0.160042,0.259523,0.168555,0.291721,0.091890,0.143402,0.027597,0.182459,0.220172,0.211217,0.413473,0.205361,0.300319,0.073717,0.318826,0.183175,0.265696,0.262952,0.236007,0.157393,0.101473,0.100048,0.052834,0.230191,0.311387,0.134264,0.350128,0.262100,0.213129,0.321011,0.246372,0.025250,0.187152,0.265626,0.130265,0.166590,0.231543,0.254039,0.180425,0.231515,0.327493,0.248012,0.368877,0.269987,0.302904,0.216985,0.260268,0.125792,0.123808,0.124490,0.089832,0.306352,0.184450,0.250432,0.217491,0.032996,0.253599,0.135347,0.272081,0.133804,0.276346,0.067029,0.245146,0.067986,0.329181,0.229004,#
3,0.179336,0.165373,0.334060,1.000000,0.208017,0.117440,0.177408,0.242848,0.067342,0.251527,0.162709,0.221071,0.052953,0.214232,0.110372,0.058466,0.088411,0.215887,0.072311,0.129796,0.022958,0.228261,0.181901,0.262791,0.226920,0.215215,0.118017,0.026092,0.134390,0.089368,0.303134,0.232192,0.199470,0.351389,0.044319,0.154890,0.230360,0.271889,0.229762,0.082007,0.208823,0.175040,0.266780,0.081966,0.171599,0.342148,0.281078,0.234540,0.234680,0.210136,0.283477,0.124073,0.086644,0.159337,0.092903,0.280788,0.174926,0.282525,0.200917,0.236725,0.106199,0.125629,0.099045,0.291990,0.222725,0.198707,0.107586,0.252629,0.073093,0.223827,0.333340,0.005254,0.088993,0.280658,0.234330,0.178727,0.122998,0.272585,0.205597,0.238122,0.207800,0.179384,0.197325,0.223851,0.107711,0.223513,0.283662,0.127740,0.156567,0.301539,0.130183,0.191652,0.103650,0.179888,0.045747,0.136889,0.147998,0.061495,0.315894,0.104982,0.230067,0.131520,0.230776,0.137225,0.175024,0.127156,0.240306,0.191535,0.133449,0.009893,0.140548,0.221793,0.170992,0.182676,0.110237,0.164729,0.220682,0.166126,0.189437,0.174556,0.233663,0.120703,0.221393,0.226575,0.163103,0.167931,0.163611,0.073880,0.168686,0.240863,0.164441,0.187654,0.229806,0.248914,0.156783,0.298467,0.108402,0.074044,0.257580,0.283258,0.190380,0.130822,0.203414,0.175890,0.351238,0.133723,0.328524,0.149401,0.268519,0.170698,0.234219,0.072114,0.099636,0.083728,0.130242,0.095439,0.177386,0.264441,0.029550,0.250472,0.298540,0.214744,0.232937,0.374520,0.248244,0.244593,0.200615,0.180361,0.198754,0.271420,0.206586,0.183856,0.132013,0.333528,0.277643,0.165047,0.101220,0.110589,0.174169,0.070867,0.211206,0.276055,0.283743,0.261515,0.087282,0.214344,0.088886,0.278538,0.056017,-0.050777,0.255800,0.198789,0.179843,0.210667,0.087244,0.255743,0.141323,0.130320,0.204355,0.223854,#
4,0.254719,0.414691,0.104035,0.208017,1.000000,0.179209,0.334845,0.174914,0.175639,0.207330,0.240968,0.126449,0.175431,0.190197,0.072471,0.098114,0.125698,0.177401,0.215084,0.250449,0.108838,0.305006,0.214045,0.268304,0.135462,0.251416,0.114795,0.237579,0.329239,-0.036705,0.169468,0.159580,0.289585,0.139156,0.212026,0.094376,0.061323,0.296964,0.096627,0.212255,0.223701,0.258123,0.198327,0.121378,0.262611,0.220565,0.310321,0.279865,0.241166,0.336993,0.221223,0.037067,0.171363,0.226304,0.205106,0.133679,0.122539,0.216746,0.208745,0.247839,0.289943,0.218897,0.122116,0.143428,0.165541,0.050542,0.208538,0.176168,0.154642,0.198014,0.240596,0.187683,0.167850,0.185855,0.225569,-0.078582,0.173078,0.214167,0.030215,0.073751,0.285191,0.261643,0.148918,0.204634,0.141175,0.201769,0.140451,0.120478,0.248452,0.287692,0.238762,0.192407,-0.028087,0.226427,-0.017444,0.308421,0.073633,0.345324,0.319281,0.233659,0.228300,0.101581,0.120220,0.259761,0.203564,0.031150,0.102331,0.172338,0.125728,0.250753,0.312172,0.192217,0.240362,0.373131,0.217221,0.112483,0.174837,-0.043555,0.323048,0.103372,0.130928,0.247365,0.260502,0.153662,0.188202,0.274446,0.144790,0.160904,-0.050769,0.137512,0.209494,0.188112,0.225866,0.124632,0.245942,0.248190,0.123695,-0.034275,0.101792,0.300078,0.190497,0.046971,0.052544,0.279310,0.279814,0.128727,0.269811,-0.008235,0.225672,0.335283,0.244212,0.198842,0.267409,0.174069,0.068365,0.068937,0.254188,0.215602,0.162539,0.167559,0.169096,0.151562,0.130406,0.308024,0.176695,0.337160,0.044137,0.015560,0.160181,0.209301,0.275134,0.038021,0.064151,0.170315,0.289082,0.109480,0.165532,0.153874,0.232881,0.033557,0.127253,0.163575,0.132919,0.098646,0.126745,0.213850,0.128336,0.374713,0.228810,0.083909,0.311679,0.155306,0.098393,0.104792,0.072134,0.239049,0.220192,0.383942,0.140618,0.149938,#
5,0.312752,0.326389,0.329245,0.117440,0.179209,1.000000,0.148922,0.233654,0.150138,0.296659,0.174783,0.195534,0.181449,0.128616,0.254703,0.272811,0.318126,0.317319,0.285731,0.066042,0.302979,0.380430,0.271334,0.432658,0.181226,0.251326,0.208376,0.259840,0.335491,0.129909,0.160855,0.311405,0.329308,0.146031,0.173859,0.089660,0.335769,0.141473,0.196104,0.340919,0.213759,0.265394,0.058839,0.279408,0.144417,0.262696,0.255074,0.161545,0.329958,0.266112,0.280997,0.188515,0.233360,0.105740,0.210909,0.158544,0.048188,0.384990,0.243672,0.257525,0.295242,0.285463,0.234376,0.267085,0.270287,0.227234,0.312723,0.299960,0.202918,0.172846,0.381895,0.132722,0.294773,0.421510,0.225907,0.122386,0.236494,0.238609,0.185770,0.300246,0.281736,0.249183,0.329100,0.130888,0.096307,0.369807,0.158950,0.193937,0.254316,0.241520,0.140346,0.319188,0.072850,0.184072,0.100717,0.189768,0.180194,0.049047,0.265257,0.115279,0.321671,0.278760,0.271579,0.290982,0.101790,0.150585,0.065773,0.294828,0.122492,0.202848,0.338548,0.184930,0.336514,0.129935,0.234407,0.219713,0.398036,0.231630,0.189309,0.284185,0.061535,0.188832,0.192798,0.177274,0.264573,0.197681,0.132018,0.006755,0.316918,0.403581,0.157708,0.405724,0.159108,0.171545,0.408660,0.187215,0.128811,0.121861,0.195839,0.262713,0.228049,0.250534,0.081356,0.228891,0.348239,0.121397,0.204439,0.161041,0.214964,0.150219,0.277286,0.159758,0.296046,0.315558,0.132544,0.220276,0.244034,0.195177,0.405533,0.101605,0.212608,0.175198,0.254679,0.126311,0.313266,-0.022146,0.077753,0.263050,0.236129,0.316565,0.137901,0.239131,0.324608,0.275522,0.158744,0.220579,0.136612,0.180969,0.320642,0.174913,0.291406,0.360014,0.193286,0.100156,0.228447,0.371340,0.214936,0.301378,0.211227,0.189687,0.412706,0.128596,0.147920,0.194793,0.321174,0.241248,0.127087,0.314622,0.177897,0.333888,#
6,0.273151,0.267459,0.256737,0.177408,0.334845,0.148922,1.000000,0.196159,0.080951,0.115608,0.210279,0.088220,0.032380,0.205992,0.062140,0.083089,0.173740,0.167746,0.125566,0.211990,0.169840,0.258602,0.165859,0.149955,0.148246,0.087962,0.049704,0.158234,0.218693,0.081591,0.062135,0.152021,0.218035,0.027065,0.049118,-0.043272,0.094618,0.067361,0.224636,0.174355,0.216291,0.207744,0.181715,0.235572,0.061208,0.118960,0.337905,0.375926,0.245348,0.309014,0.098415,0.194180,0.235197,0.154688,0.069034,0.184052,0.231854,0.280920,0.227937,0.249773,0.030894,0.177232,0.010224,0.192665,0.119396,0.326552,0.194797,0.153189,0.166434,0.202644,0.267632,0.211473,0.264378,0.108490,0.131703,0.098873,0.153484,0.078125,0.136100,0.181365,0.265689,0.264839,0.254642,0.142580,0.098108,0.255767,0.162251,0.273593,0.246653,0.264867,0.252838,0.174209,0.041214,0.276660,0.145030,0.339213,0.116640,0.119467,0.304813,0.164612,0.249377,0.227476,0.024339,0.120369,0.019695,0.279773,0.117415,0.161872,0.160043,0.167135,0.210013,0.144374,0.257932,0.185080,0.185873,0.162220,0.277158,0.168194,0.289776,0.171724,0.087343,0.248435,0.159691,0.014537,0.131275,0.103816,0.057670,0.260524,0.043996,0.253698,0.177498,0.101739,0.235090,0.007655,0.331332,0.225532,0.122349,0.247438,0.181647,0.194767,0.085390,-0.033549,0.050188,0.377324,0.086108,0.206711,0.204750,0.051782,0.193775,0.125602,0.225602,0.092160,0.246873,0.184905,0.179218,0.093790,0.026758,0.112510,0.162602,0.108635,0.108960,0.165626,0.147439,0.164029,0.220565,0.153308,0.062836,0.151027,0.274627,0.300356,0.063947,0.136156,0.134240,0.196718,0.210232,0.216393,0.159487,0.201802,0.269099,0.026465,-0.031561,0.067654,0.075241,0.217107,0.192183,0.143654,0.157433,0.179416,0.272436,0.173749,0.208845,0.087429,0.256259,0.153828,0.123631,0.243104,0.115280,0.162383,0.048708,0.270382,#
7,0.208510,0.236933,0.254391,0.242848,0.174914,0.233654,0.196159,1.000000,0.077088,0.321808,0.185502,0.284770,0.147225,0.251383,0.051054,0.147023,0.103092,0.292776,0.170416,0.284082,0.177830,0.254522,0.431308,0.204139,0.345668,0.156247,0.192402,0.282952,0.327434,0.080134,0.313459,0.367039,0.435842,0.146228,0.159265,0.187668,0.238109,0.180017,0.256580,0.171462,0.108447,0.177940,0.352885,0.110013,0.161142,0.316225,0.186597,0.317036,0.375965,0.337560,0.400103,0.125626,0.151520,0.286037,0.318849,0.259413,0.191804,0.282214,0.183540,0.306836,0.181449,0.093008,0.143812,0.234661,0.337719,0.083023,0.153940,0.319071,0.152344,0.401140,0.276978,0.091727,0.354899,0.386079,0.259837,0.184440,0.281891,0.232081,0.237359,0.353015,0.276085,0.330220,0.324111,0.337602,0.137116,0.275006,0.412139,0.207855,0.212029,0.339182,0.312471,0.193195,0.222354,0.139687,0.149009,0.338080,0.147242,0.055547,0.202211,0.050183,0.299499,0.239526,0.197948,0.248412,0.135294,0.300135,0.213756,0.199012,0.261116,0.032048,0.213484,0.183184,0.163143,0.248727,0.269598,0.194970,0.196404,0.277651,0.288078,0.234923,0.251113,0.259554,0.195806,0.373127,0.308505,0.230578,0.207978,0.293475,0.194018,0.225458,0.192908,0.171137,0.205060,0.258740,0.387520,0.215827,0.127561,0.275832,0.304176,0.402000,0.342962,0.416296,0.033687,0.276878,0.242392,0.203630,0.321885,0.167584,0.340251,0.135966,0.300529,0.394847,0.136029,0.104099,0.085595,0.305320,0.229214,0.301653,0.183707,0.220007,0.222388,0.264828,0.149717,0.355030,0.312026,0.090027,0.250866,0.205081,0.366015,0.256304,0.303760,0.238526,0.219942,0.149247,0.168129,0.160272,0.215449,0.309692,0.096154,0.237953,0.183102,0.322252,0.075993,0.148663,0.089563,0.297217,0.337829,0.364233,0.079516,0.265955,0.280472,0.207613,0.120362,0.263709,0.055015,0.273589,0.303158,0.270099,0.189890,0.312972,#
8,0.275352,0.144771,0.055100,0.067342,0.175639,0.150138,0.080951,0.077088,1.000000,0.076612,0.207058,0.153224,0.166643,0.168221,0.255144,0.144342,0.162708,0.014059,-0.038283,0.204023,0.176592,0.126994,0.165790,0.129198,0.147289,0.122002,-0.058345,0.199711,0.064966,0.181437,0.090607,0.149245,0.112049,0.204673,0.164780,0.107420,0.142698,0.151814,0.125037,0.383457,0.070684,0.033595,-0.031561,0.151256,0.266979,0.260480,0.225985,0.209144,0.071005,0.115609,0.001389,0.156973,0.052238,0.290916,0.171665,0.122354,0.053421,0.109100,0.147595,0.197757,0.164815,-0.051914,0.255681,0.226400,0.245294,0.091076,0.207152,0.170369,0.229598,0.211277,0.077186,0.176358,0.203922,0.158978,0.059848,0.015320,0.151411,0.030666,0.109130,-0.000979,0.143205,0.120017,0.218719,-0.008500,0.118393,0.169095,0.140587,0.054756,0.186531,0.069926,0.190745,0.107785,0.086817,0.188467,0.075965,0.339160,0.169063,0.090341,0.053746,0.041192,0.144781,-0.041274,0.053167,0.077314,0.053144,-0.042057,0.276316,0.118270,-0.038645,0.070676,0.041101,0.142893,0.056628,0.125210,0.097598,0.195437,0.268416,0.110108,0.033318,0.197745,0.153011,-0.028749,0.081018,0.089200,0.134389,0.229788,-0.035817,0.183217,0.079038,0.141167,0.149179,0.174947,0.059652,-0.011208,0.210609,0.169739,0.092894,0.144890,0.199976,0.244760,0.097496,0.191347,0.246456,0.181439,0.171336,0.170570,0.189445,0.236669,0.205518,0.163284,0.130362,0.151172,0.133929,0.139649,0.182901,0.112328,0.065641,0.053494,0.093690,0.180185,0.009387,0.119904,0.006430,0.177609,0.102427,0.065155,0.071872,0.156068,0.087384,0.148504,0.276943,-0.176555,0.035011,0.351241,0.196708,0.203560,0.030538,0.202820,0.109520,0.098619,0.199593,0.105038,-0.157498,0.117096,0.209305,0.079021,0.032419,0.082778,0.156315,-0.008403,0.161196,0.131294,0.038283,0.111115,0.054966,0.118694,0.122174,-0.076835,0.165280,0.141275,#
9,0.293661,0.177826,0.156623,0.251527,0.207330,0.296659,0.115608,0.321808,0.076612,1.000000,0.286862,0.257680,0.128454,0.131803,0.247352,0.309275,0.142437,0.212221,0.181533,0.279863,0.133960,0.267005,0.324851,0.328209,0.247568,0.229485,0.185005,0.384296,0.312174,0.072821,0.348843,0.301869,0.231548,0.175266,0.198308,0.189848,0.146216,0.283082,0.286222,0.247902,0.264007,0.335927,0.200088,0.065424,0.218875,0.423565,0.303301,0.327238,0.236979,0.216525,0.389322,0.226872,0.213421,0.177193,0.246578,0.341114,0.391067,0.282067,0.143794,0.268714,0.118178,0.246183,0.312616,0.301911,0.253062,0.243430,0.139486,0.399275,0.283621,0.165140,0.259006,0.260829,0.162535,0.331030,0.313951,0.212963,0.366902,0.162551,0.313033,0.325127,0.275864,0.275068,0.348204,0.244530,0.228098,0.416937,0.429871,0.154264,0.279369,0.228257,0.203586,0.377983,0.141713,0.365752,0.243588,0.277587,0.383990,0.172602,0.206748,0.281550,0.357620,0.277244,0.328884,0.136696,0.221729,0.135327,0.271062,0.309210,0.197013,0.117628,0.220038,0.238332,0.273101,0.237533,0.159628,0.327055,0.352765,0.389066,0.465496,0.214414,0.356201,0.364225,0.312819,0.273257,0.366179,0.317460,0.055557,0.242341,0.134164,0.220581,0.212756,0.412741,0.202380,0.291260,0.336853,0.119073,0.209507,0.188069,0.136184,0.330415,0.180273,0.262870,0.147740,0.196499,0.341356,-0.003066,0.305457,0.182702,0.179835,0.290634,0.330189,0.275249,0.342817,0.258315,0.114635,0.298977,0.337812,0.251821,0.286062,0.246922,0.253243,0.134001,0.042306,0.362895,0.344264,0.252067,0.190394,0.229162,0.339047,0.327044,0.207764,0.257796,0.324043,0.287012,0.198985,0.203215,0.170622,0.106979,0.077387,0.388025,0.171087,0.345874,0.264678,0.206729,0.217092,0.291597,0.349279,0.384203,0.325169,0.136578,0.291950,0.290988,0.117907,0.251584,0.206526,0.274925,0.169213,0.098948,0.273765,0.266942,#
10,0.331137,0.297661,0.054289,0.162709,0.240968,0.174783,0.210279,0.185502,0.207058,0.286862,1.000000,0.110284,0.052184,0.217468,0.174962,0.101231,0.149622,0.173384,0.288200,0.176507,0.135176,0.143211,0.191461,0.106970,0.127117,0.075787,0.250941,0.212218,0.143187,0.148528,0.159635,0.108117,0.144538,0.125730,0.147122,0.226121,0.026948,0.177560,0.207377,0.165853,0.023089,0.034730,0.194474,0.052680,0.164059,0.216398,0.193317,0.287455,0.296978,0.245141,0.146020,0.212611,0.144430,0.193194,0.185939,0.178746,0.118781,0.250756,0.190367,0.081260,0.205557,0.235102,0.180157,0.259718,0.165679,0.160868,0.176499,0.180455,0.153940,0.105102,0.229306,0.149903,0.086545,0.209560,0.187103,0.196803,0.300706,0.054367,0.201595,0.033879,0.092976,0.262203,0.143234,0.178256,0.114712,0.206846,0.324366,0.068887,0.236416,0.155532,0.127063,0.163381,0.173389,0.095163,0.093396,0.175784,0.257396,-0.007699,0.272285,0.243726,0.319219,0.201545,0.087641,0.216015,0.166233,0.041226,0.271453,0.187702,0.083805,0.132048,0.074925,0.145605,0.160485,0.204515,0.209659,0.328551,0.210196,0.014619,0.187490,0.116454,0.104612,-0.009423,0.211974,0.123256,0.239008,0.193019,-0.021626,0.106169,0.035342,0.330896,0.153858,0.145556,0.139476,0.006798,0.215025,0.215273,0.166247,0.150284,-0.001073,0.409470,0.199490,0.127849,0.287681,0.155751,0.160440,0.140900,0.058303,0.156472,0.127954,0.261010,0.137863,0.273167,0.210654,0.253464,0.209757,0.210404,0.242320,0.116183,0.118364,0.268468,0.057822,0.142811,0.136252,0.278611,0.195453,0.140078,0.047213,0.053567,0.116663,0.255295,0.150325,0.052875,0.267493,0.219219,0.202264,-0.053768,0.029436,0.222585,0.337052,0.307138,0.218082,0.178400,0.253809,0.118702,0.201469,0.132967,0.084980,0.267057,0.212226,0.126507,0.205528,0.165733,0.073484,0.106595,0.110535,0.313032,0.147211,0.234442,0.233563,0.295792,#
11,0.324735,0.238735,0.233413,0.221071,0.126449,0.195534,0.088220,0.284770,0.153224,0.257680,0.110284,1.000000,0.267336,0.151146,0.039895,0.225142,0.231838,0.306182,0.068032,-0.017113,0.189248,0.243093,0.196897,0.279333,0.278733,0.276053,0.033180,0.308615,0.048710,0.221987,0.281802,0.288781,0.256250,0.166480,0.084093,0.004896,0.272296,0.214894,0.123428,0.132827,0.262648,0.236958,0.210540,0.307034,0.066629,0.324689,0.223579,0.358304,0.250641,0.111168,0.327186,0.216458,0.098028,0.271962,0.197700,0.245659,0.376384,0.146668,0.213650,0.158973,0.186311,0.267148,0.283151,0.285672,0.362566,0.131484,0.276090,0.272549,0.214110,0.225882,0.240833,0.152071,0.199897,0.293469,0.350373,0.183181,0.171262,0.206451,0.463138,0.150373,0.298540,0.039687,0.246439,0.291108,0.310612,0.258884,0.412290,0.164201,0.135885,0.144657,0.375354,0.224557,0.152382,0.246805,0.193605,0.171828,0.066369,0.165245,0.212703,0.291205,0.323595,0.252778,0.223779,-0.005028,0.231696,0.268463,0.164334,0.132521,0.214377,0.194066,0.116268,0.129306,0.245999,0.218113,0.068286,0.461416,0.274613,0.077961,0.280898,0.237849,0.137017,0.263940,0.295493,0.177161,0.193088,0.159379,0.268592,0.345871,0.240212,0.243870,0.170402,0.357715,-0.042603,0.211676,0.182589,0.195319,0.129074,0.248063,0.182075,0.347653,0.121881,0.257183,0.144275,0.348798,0.287759,0.197328,0.403864,0.168956,0.342063,0.219657,0.208706,0.285467,0.183893,0.158142,0.277499,0.121064,0.157971,0.131806,0.162725,0.153273,0.155154,0.122638,0.059628,0.281402,0.436209,0.178051,0.128203,0.296179,0.484839,0.180804,0.296291,0.041032,0.209637,0.316059,0.173445,0.272954,0.369202,0.157241,0.152140,0.039245,0.304891,0.227661,0.159819,0.176720,0.105887,0.324039,0.257402,0.169510,0.214322,0.177978,0.060822,0.127922,0.148296,-0.039184,0.139165,0.184105,0.246087,0.054251,0.035807,0.347028,#
12,0.230987,0.272370,0.221592,0.052953,0.175431,0.181449,0.032380,0.147225,0.166643,0.128454,0.052184,0.267336,1.000000,0.128774,0.199065,0.187132,0.170257,0.205779,0.266866,0.228595,0.242557,0.107063,0.235825,0.229578,0.285670,0.118158,0.042473,0.270132,0.308570,0.224060,0.209240,0.273920,0.232599,0.180361,0.194634,0.027860,0.265362,0.143351,0.089116,0.254136,0.292476,0.182832,0.354043,0.183664,0.113004,0.373429,0.213342,0.171262,0.306125,0.129728,0.286723,0.050588,0.107054,0.269982,0.167154,0.129751,0.170175,0.294902,0.267000,0.280211,0.220238,0.273584,0.200732,0.184496,0.234946,0.177355,0.179949,0.090652,0.192982,0.114213,0.157770,0.208852,0.102775,0.149890,0.301082,0.188738,0.148020,0.172181,0.079498,0.150746,0.240333,0.117201,0.311680,0.232654,0.196152,0.373272,0.211069,0.173986,0.270772,0.217915,0.182913,0.208385,0.083340,0.235785,0.163450,0.062741,0.232675,0.262465,0.056166,0.050196,0.125451,0.222922,0.183962,0.220702,0.239749,0.175426,0.204425,0.116853,0.119160,0.372660,0.165216,0.078505,0.273746,0.248562,0.116424,0.326850,0.254636,0.306456,0.104324,0.232913,0.066827,0.302698,0.274165,0.233472,0.088143,0.256325,0.174058,0.115938,0.223318,0.055799,0.175739,0.344951,0.103460,0.103094,0.072273,0.231062,0.157891,0.209514,0.174520,0.253309,0.275865,0.302407,0.023051,0.139133,0.157962,0.177577,0.368959,0.113384,0.327911,0.170229,0.295557,0.399394,0.127143,0.107792,0.246186,0.129564,0.213629,-0.016115,0.139735,0.063064,0.267668,0.142579,0.104976,0.283622,0.226084,0.235376,0.118981,0.010617,0.244619,0.234721,0.099748,0.138118,0.248337,0.222514,0.296874,0.105078,0.144068,0.228730,-0.027478,0.184058,0.289794,0.222829,0.178988,0.182457,0.203469,0.300495,0.178852,0.267960,0.144410,0.022928,0.344045,0.357813,0.088342,0.162213,0.184057,0.204128,0.203934,-0.012448,0.270426,0.229719,#
13,0.180070,0.316961,0.199306,0.214232,0.190197,0.128616,0.205992,0.251383,0.168221,0.131803,0.217468,0.151146,0.128774,1.000000,0.213760,0.245802,0.072423,0.102982,0.124044,0.158970,0.098858,0.240575,0.221122,0.071081,0.375260,0.272530,0.163132,0.247801,0.148477,0.028426,0.176119,0.109833,0.250523,0.144061,0.049777,0.102438,0.145275,0.249536,0.049375,0.133311,0.152488,0.139497,0.329132,0.137096,0.169677,0.132754,0.315274,0.242566,0.316369,0.147850,0.285492,0.139066,0.196912,0.117534,0.202448,0.391700,0.203183,0.230574,0.225816,0.295242,0.222231,0.176175,0.302552,0.236785,0.129585,0.101846,0.315144,0.133736,0.348534,0.344254,0.113068,0.172142,0.283011,0.164336,0.247972,0.071199,0.213216,0.210248,0.227556,0.210390,0.224210,0.328883,0.260873,0.298835,0.292994,0.211716,0.377366,0.196394,0.225835,0.359086,0.273395,0.215110,0.210595,0.160456,0.212228,0.241283,0.116505,0.064378,0.130700,0.148087,0.359441,0.195502,0.168799,0.090947,0.132875,0.279234,0.248246,0.210019,0.176982,0.182001,0.223024,0.181895,0.291431,0.231767,0.177619,0.163296,0.253192,0.204389,0.263079,0.214029,0.250538,0.314817,0.050705,0.198370,0.123638,0.205081,0.124945,0.216301,0.369452,0.196131,0.200134,0.179533,0.186340,0.171161,0.281679,0.174837,0.206450,0.231263,0.311462,0.251408,0.241727,0.204618,0.149514,0.195444,0.306325,0.356451,0.256597,0.139247,-0.005048,0.238580,0.306216,0.095690,0.237516,0.228490,0.303861,0.128486,0.105295,0.201367,0.175806,0.057184,0.160431,0.293945,0.085364,0.281590,0.243593,0.279964,0.070496,0.173609,0.287440,0.318007,0.286341,0.256637,0.270079,0.193243,0.262878,0.208730,0.124833,0.174292,0.289878,0.092061,0.246393,0.125379,0.151470,0.233883,0.060003,0.301148,0.180710,0.332554,0.257323,0.255337,0.073933,0.221414,0.230561,0.153956,0.176204,0.268401,0.220176,0.191911,0.231490,0.284184,#
14,0.340193,0.138975,0.222029,0.110372,0.072471,0.254703,0.062140,0.051054,0.255144,0.247352,0.174962,0.039895,0.199065,0.213760,1.000000,0.257063,0.069006,0.180839,0.231355,0.222522,0.101133,0.072980,0.259476,0.237165,0.239119,0.149389,0.145371,0.097589,0.246522,0.033960,0.108323,0.035251,0.150752,0.069304,0.162174,0.249661,0.201259,0.265694,0.256781,0.241411,0.265038,0.208969,0.274322,0.161556,0.141485,0.238380,0.324344,0.238337,0.202191,0.035230,0.337839,0.142830,0.058334,0.141451,0.277026,0.202916,0.195928,0.229573,0.105468,0.177965,0.210379,0.283409,0.123897,0.249199,0.255213,0.144410,0.157837,0.155364,0.204346,0.134754,0.090186,0.228303,0.022988,0.327145,-0.085554,-0.058934,0.064214,0.184857,0.077808,0.147654,0.245200,-0.006634,0.258547,0.275498,0.144323,0.260801,0.084759,0.107473,0.189819,0.159719,0.223773,0.101961,0.158658,0.217088,0.163350,0.027127,0.186493,0.106268,0.300878,0.097645,0.102110,0.201407,0.174865,0.118216,0.105729,0.101722,0.288280,0.335975,0.149409,0.130591,0.019062,0.081079,0.228525,0.028058,0.164181,0.173393,0.066037,0.265650,0.206227,0.140748,0.245012,0.168675,0.170756,0.141341,0.058059,0.142644,-0.007194,0.050080,0.003347,0.188375,-0.012120,0.238087,0.195834,0.036792,0.046030,0.086842,0.224789,0.177656,0.188018,0.144227,0.285397,0.261089,0.254261,0.079468,0.125010,0.089867,0.184719,-0.040812,0.103579,0.157275,0.177963,0.003902,0.143413,0.193152,0.089734,-0.002632,0.172358,0.151619,0.154110,-0.054904,0.128831,0.195756,0.018016,0.103244,0.221156,0.104440,0.161599,0.201732,0.094487,0.157085,0.267405,0.141129,0.235712,0.323149,0.235261,0.056626,0.265384,0.188914,0.220040,0.256475,0.224063,0.320394,0.099418,0.178421,0.150765,0.188001,0.132683,0.247281,0.053803,-0.028695,0.229900,0.119232,0.112075,0.312443,0.130651,0.002516,0.022065,0.090695,0.238911,0.295058,#
15,0.203818,0.114464,0.118911,0.058466,0.098114,0.272811,0.083089,0.147023,0.144342,0.309275,0.101231,0.225142,0.187132,0.245802,0.257063,1.000000,0.099707,0.330716,0.177721,0.076133,-0.028158,0.162422,0.186167,0.240594,0.307234,0.105515,0.134228,0.206801,0.196440,-0.028178,0.181181,0.225324,0.207069,0.181806,0.120105,0.062674,0.221860,0.257329,0.213321,0.211632,0.361827,0.200279,0.191922,0.129932,0.332816,0.172245,0.220008,0.248787,0.139141,0.118677,0.322304,0.112782,0.165414,0.168158,0.207928,0.093806,0.194500,0.292646,0.143345,0.254598,0.132985,0.165050,0.038467,0.114509,0.115313,0.092697,0.383688,0.284797,0.202339,0.121835,0.054401,0.393549,0.088916,0.174745,0.294102,0.152582,0.113659,0.274175,0.225828,0.055481,0.405850,0.112007,0.158750,0.215785,0.129696,0.268010,0.329651,0.016076,0.265280,0.229731,0.214637,0.031378,0.144416,0.353723,0.191955,0.153947,0.185407,0.114997,0.336264,0.177492,0.329874,0.238016,0.298948,0.194348,0.231050,0.077264,0.123326,0.091320,0.165401,0.290894,0.119249,0.174553,0.141669,0.089101,0.116535,0.311415,0.273304,0.177212,0.195758,0.259223,0.211519,0.289543,0.071716,0.241414,0.006204,0.146293,0.072081,0.131787,0.190022,0.063837,0.058336,0.289703,0.008346,0.211278,0.262638,0.234702,0.220767,0.018686,0.215493,0.102515,0.215245,0.200606,0.337272,0.130952,0.267776,0.188718,0.440432,0.038775,0.120209,0.278000,0.342555,0.097544,0.219364,0.431418,0.099377,0.320501,0.096884,0.192854,0.280273,0.120965,0.066291,0.144298,0.025523,0.252951,0.250861,0.214513,0.075917,0.120927,0.193022,0.311242,0.163206,0.158071,0.219612,0.185707,0.233442,0.051000,0.281542,0.132338,0.043992,0.232392,0.154783,0.243214,0.063527,0.100643,0.170022,0.284339,0.153280,0.218487,0.164926,0.042389,0.003084,0.392413,0.042209,0.248949,0.085957,0.150006,0.095012,0.089448,-0.004607,0.225837,#
16,0.312225,0.112230,0.207956,0.088411,0.125698,0.318126,0.173740,0.103092,0.162708,0.142437,0.149622,0.231838,0.170257,0.072423,0.069006,0.099707,1.000000,0.270098,0.077859,-0.024421,0.434719,0.150217,0.437753,0.134973,0.192828,0.206533,0.081683,0.072328,0.074955,0.055492,0.163873,0.365520,0.081465,0.133064,0.048555,0.106695,0.266863,0.122669,0.103243,0.282052,0.023440,0.235090,0.127568,0.248954,0.112341,0.176504,0.253079,0.194771,0.257577,0.091180,-0.014660,0.166630,0.322709,0.167456,0.143854,0.155554,0.007385,0.237297,0.198010,0.018843,0.091796,0.317132,0.090191,0.253684,0.279282,0.159882,0.194736,0.265533,0.013195,0.282530,0.114007,0.212190,0.176209,0.133838,0.246025,0.396960,0.137621,0.123234,0.271254,0.118962,0.127007,0.135855,0.133393,0.082266,0.129846,0.332662,0.380983,0.175886,0.192270,0.122947,0.194762,0.151037,0.092223,0.079482,0.133619,0.211078,0.108314,0.044842,0.296942,0.127062,0.161977,0.159927,0.014701,0.163780,0.055664,0.185510,0.133887,0.044799,0.070063,0.109114,0.216718,0.165395,0.220446,0.122749,0.183372,0.327772,0.243043,0.100117,0.078408,0.099092,0.081478,0.105865,0.269971,0.076624,0.131187,0.064749,0.057319,0.044361,0.166279,0.201414,0.021715,0.250468,0.186618,0.063468,0.244627,0.222691,-0.025290,0.149019,0.149745,0.325373,0.028731,0.180748,-0.029875,0.265644,0.120656,0.140843,0.093825,0.032526,0.103525,-0.044731,0.211464,0.086273,0.173784,0.059526,0.168363,0.155750,0.110233,0.046526,0.217148,0.118268,0.081324,0.270164,0.228077,0.240654,0.085903,0.060929,0.104135,0.183082,0.169706,0.062643,-0.004974,-0.061889,0.248997,0.065681,0.128199,0.264831,0.107868,0.118620,0.118623,0.072629,0.119153,0.191952,0.112413,-0.084104,0.009459,0.069195,0.291886,0.192644,0.117113,0.089654,0.158023,-0.001376,0.008410,0.122360,0.276306,0.210359,-0.011335,0.095932,0.050758,0.243986,#
17,0.441811,0.249631,0.224444,0.215887,0.177401,0.317319,0.167746,0.292776,0.014059,0.212221,0.173384,0.306182,0.205779,0.102982,0.180839,0.330716,0.270098,1.000000,0.156881,0.243577,0.221337,0.340541,0.374950,0.393570,0.353250,0.174048,0.044071,0.160618,0.290069,0.166457,0.248690,0.385212,0.453384,0.237996,0.055029,0.120686,0.251254,0.442948,0.195849,0.039154,0.202819,0.179463,0.184817,0.278823,0.191676,0.281339,0.308325,0.233861,0.449819,0.281195,0.278844,0.095490,0.060159,0.291343,0.231927,0.185006,0.314476,0.453123,0.181301,0.296756,0.198638,0.241321,0.107421,0.236206,0.217024,0.244507,0.354851,0.362026,0.254927,0.372706,0.361050,0.282003,0.327194,0.323476,0.301738,0.321302,0.233997,0.354049,0.215513,0.210237,0.334258,0.275468,0.455965,0.303157,0.286813,0.295260,0.312551,0.226836,0.385226,0.341462,0.263270,0.174494,0.189911,0.192026,0.185235,0.150130,0.185596,0.305966,0.294374,0.283054,0.320476,0.236039,0.184721,0.275591,0.217360,0.268876,0.180031,0.417445,0.054862,0.058493,0.173045,0.097237,0.163114,0.269043,0.075083,0.306323,0.246823,0.180778,0.274585,0.317662,0.200428,0.141551,0.162580,0.222517,0.266189,0.328186,0.198499,0.218977,0.095358,0.189586,0.056524,0.256297,0.260445,0.371234,0.307262,0.221592,0.346518,0.078892,0.297718,0.403541,0.272045,0.320586,0.175332,0.221558,0.381126,0.267948,0.196530,0.098640,0.284221,0.089414,0.425442,0.124267,0.218859,0.369995,0.230072,0.263963,0.150809,0.247094,0.422623,0.253542,0.320961,0.275049,0.114757,0.198734,0.364730,0.249085,0.069759,0.314858,0.182495,0.213627,0.433917,0.248524,0.202293,0.358183,0.313733,0.076909,0.365926,0.249536,0.131199,0.270209,0.236445,0.518276,0.200112,-0.005408,0.126015,0.291858,0.335257,0.361948,0.311711,0.178704,0.199938,0.356937,-0.039000,0.134092,0.310882,0.307925,0.337969,0.115860,0.146196,0.337633,#
18,0.169729,0.283907,0.231947,0.072311,0.215084,0.285731,0.125566,0.170416,-0.038283,0.181533,0.288200,0.068032,0.266866,0.124044,0.231355,0.177721,0.077859,0.156881,1.000000,0.240325,0.046646,0.116132,0.020592,0.243756,0.170800,0.301062,0.287343,0.168386,0.322892,-0.016696,0.234904,0.231107,0.335910,0.042373,0.172091,0.194407,0.249398,0.161181,0.086908,0.143289,0.222636,0.080227,0.202719,0.079554,0.097960,0.171431,0.174761,0.225633,0.180699,0.136756,0.246684,-0.027000,0.189618,0.365331,0.154930,-0.011228,0.145861,0.346042,0.141429,0.047834,0.169934,0.250406,0.148252,0.340533,0.077252,0.301189,0.232847,0.207113,0.120378,-0.032020,0.095698,0.165145,0.090743,0.212580,0.200063,-0.015708,0.030525,0.166329,0.250334,0.303524,0.387197,0.109295,0.201088,0.185363,0.111929,0.081072,0.199758,0.106790,0.199812,0.070913,0.207279,0.083075,0.145715,0.031370,0.157170,0.026498,0.249207,0.109410,0.114067,0.217757,0.076418,0.335995,0.235374,0.201168,0.245387,0.081913,0.095106,0.144070,0.076456,0.158520,0.217795,0.279816,0.080592,0.239735,0.132953,0.053633,0.151533,0.154472,0.231504,0.131945,0.008675,0.247088,0.146232,0.147256,0.089944,0.196631,0.057402,0.170830,0.176020,0.173095,0.201359,0.130691,0.133777,0.041435,0.231152,0.078850,0.095391,0.235428,0.229901,0.304598,0.288938,0.020232,0.013940,0.115691,0.249621,0.180735,0.108386,-0.086019,0.147221,0.121056,0.145315,0.139681,0.283099,0.125425,0.140713,0.260438,0.326403,0.292196,0.125867,0.127477,0.152060,0.233372,0.101685,0.157879,0.173670,0.134777,0.186930,0.182019,0.227704,0.223079,-0.010583,0.142119,0.207567,0.141425,0.209305,0.003201,0.118246,0.328447,0.415839,0.182778,0.159293,0.265295,0.133217,0.068055,0.367367,0.327313,0.180971,0.340561,0.191832,0.113366,0.310605,0.151497,0.010053,0.262328,0.225943,0.167654,0.187081,0.156027,0.225290,0.334846,#
19,0.194519,0.160048,0.177077,0.129796,0.250449,0.066042,0.211990,0.284082,0.204023,0.279863,0.176507,-0.017113,0.228595,0.158970,0.222522,0.076133,-0.024421,0.243577,0.240325,1.000000,-0.032415,0.227143,0.248728,0.290040,0.192327,0.206858,0.087921,0.141224,0.213964,0.216590,0.120131,0.174276,0.217237,0.057440,0.218119,0.202194,0.000473,0.191766,0.333348,0.206979,0.135112,0.098149,0.204906,0.026103,0.207834,0.319335,0.305408,0.320751,0.325620,0.213507,0.169638,0.107571,0.048432,0.344554,0.203712,0.169866,0.203714,0.273744,0.101244,0.238574,0.139160,0.129524,0.169576,0.169270,0.143823,0.181767,0.080217,0.238841,0.173968,0.209607,0.219663,0.182317,0.260659,0.078552,0.189427,0.049480,0.261964,0.289177,0.189760,0.151682,0.238837,0.156850,0.293664,0.067621,0.284896,0.223776,0.220924,0.114107,0.285978,0.260666,0.130565,0.245961,0.189031,0.150690,0.143885,0.221226,0.205025,0.235356,0.061333,0.121771,0.176787,0.185301,0.198370,0.162922,0.130719,0.102581,0.323998,0.417896,0.078624,-0.022017,0.257438,0.240979,0.247634,0.237567,0.201067,0.180150,0.207247,0.343667,0.267196,0.180003,0.203392,0.327852,0.141833,0.141199,0.343671,0.243511,0.105069,0.194325,0.003543,0.129149,0.123702,0.109843,0.288545,0.189376,0.157997,0.192660,0.194391,0.152798,0.179710,0.348820,0.280218,0.149167,0.101935,0.131922,0.272758,0.160324,0.175822,0.299070,0.336723,0.030281,0.204661,0.152772,0.205192,0.210483,0.042150,0.181651,0.236794,0.213626,0.193036,-0.023362,0.186340,0.159288,0.206927,0.188671,0.181708,0.189735,0.123260,0.149243,0.075132,0.198084,0.355367,0.156805,0.216339,0.127037,0.223742,0.082915,0.089101,0.244405,0.019247,0.215796,0.173720,0.308595,0.042111,0.169844,0.183095,0.201731,0.215601,0.348255,0.158510,0.033179,0.275811,0.202898,0.150581,0.344823,0.167269,0.248905,0.191078,0.239857,0.318409,0.361735,#
20,0.313620,0.153469,0.175358,0.022958,0.108838,0.302979,0.169840,0.177830,0.176592,0.133960,0.135176,0.189248,0.242557,0.098858,0.101133,-0.028158,0.434719,0.221337,0.046646,-0.032415,1.000000,0.169236,0.259178,0.185504,0.198853,0.115001,0.058541,0.248508,0.101592,0.166517,0.150373,0.189678,0.189212,0.083306,0.240549,0.029129,0.149120,0.128155,0.054716,0.218112,0.040366,0.304387,0.207424,0.212934,0.072153,0.347479,0.167518,0.192074,0.320166,0.120813,0.093155,0.218249,0.374791,0.191901,0.154064,0.048125,0.175355,0.188501,0.042613,0.235996,0.192196,0.039383,0.196153,0.278162,0.325838,0.023859,0.154019,0.153610,0.188012,0.231344,0.190646,0.110746,0.380954,0.302317,0.140081,0.201586,0.233627,0.040433,-0.002415,0.285238,0.090248,0.057273,0.342786,0.131466,0.031889,0.288141,0.290197,0.232061,0.228576,0.219382,0.179264,0.360892,0.133694,0.180313,0.067653,0.095637,0.118791,0.102155,0.081511,0.036934,0.061016,0.165202,0.073329,0.202938,-0.047455,0.204181,0.169586,0.053409,0.051990,0.216428,0.249770,0.007983,0.249601,0.226124,0.146075,0.261633,0.346354,0.092337,0.039319,0.038071,0.020144,0.083505,0.243847,0.145731,0.219607,0.169184,0.226663,0.330971,0.136660,0.262042,0.010708,0.294739,0.075240,0.002512,0.210155,0.179384,0.076109,0.329531,0.221541,0.359472,0.172390,0.276983,-0.148765,0.152956,0.255101,0.052037,0.149396,0.077914,0.061476,0.113609,0.157166,0.215908,0.088745,-0.001533,0.230845,0.184842,-0.043074,0.019453,0.146594,0.061878,0.148464,0.174706,0.116806,0.096731,0.293071,0.086635,0.012651,0.200576,0.178753,0.114179,0.120608,0.069921,0.089098,0.269351,0.158671,0.251291,-0.017595,0.045080,0.292957,0.263743,0.202195,0.189611,0.124732,0.158048,0.131382,0.170895,0.094555,0.186521,0.196655,0.075855,0.304632,0.098685,0.106071,0.146359,0.243282,0.245249,0.085954,0.125608,0.038748,0.164468,#
21,0.390213,0.307720,0.330333,0.228261,0.305006,0.380430,0.258602,0.254522,0.126994,0.267005,0.143211,0.243093,0.107063,0.240575,0.072980,0.162422,0.150217,0.340541,0.116132,0.227143,0.169236,1.000000,0.239087,0.392778,0.371159,0.199513,0.215577,0.291569,0.234658,0.167382,0.278634,0.308220,0.270656,0.289987,0.198251,0.215220,0.292210,0.294489,0.254759,0.161917,0.237402,0.328232,0.094259,0.199199,0.320566,0.222804,0.373433,0.295388,0.237794,0.299299,0.328753,0.076286,0.295967,0.288220,0.318019,0.187998,0.301584,0.328312,0.258356,0.214554,0.159970,0.219308,0.286834,0.228855,0.345956,0.179138,0.286903,0.285100,0.288039,0.385715,0.428030,0.159015,0.309944,0.233574,0.287311,0.157058,0.266207,0.176024,0.179812,0.219942,0.371358,0.273239,0.190339,0.160525,0.284663,0.263456,0.275543,0.240845,0.330702,0.319388,0.184240,0.191217,0.201824,0.172285,0.318873,0.316498,0.141651,0.286831,0.297653,0.249855,0.338631,0.237451,0.163829,0.326771,0.239297,0.341830,0.116809,0.293661,0.164801,0.158084,0.255646,0.253438,0.406898,0.271337,0.121890,0.271676,0.361319,0.131770,0.389293,0.343719,0.218399,0.294046,0.096334,0.348232,0.209028,0.344827,0.182852,0.295986,0.167031,0.152035,0.300626,0.125354,0.279258,0.242787,0.212257,0.203444,0.256426,0.169798,0.291526,0.388778,0.173058,0.299800,0.219476,0.209610,0.249417,0.224866,0.289552,0.268705,0.246606,0.155053,0.298254,0.212757,0.281891,0.334649,0.202264,0.193350,0.214418,0.289842,0.169045,0.220781,0.392636,0.111151,0.075335,0.275530,0.338991,0.151556,-0.080485,0.334865,0.161536,0.263902,0.274998,0.153293,0.340234,0.264725,0.205472,0.137020,0.279250,0.185676,0.314541,0.237109,0.202069,0.325071,0.125598,0.145301,0.163813,0.260713,0.268385,0.301580,0.417988,0.140143,0.291620,0.246734,0.193043,0.067031,0.339699,0.331982,0.276585,0.180838,0.089572,0.318457,#
