0,1.000000,0.285396,0.294213,0.175946,0.226957,0.277802,0.274631,0.197335,0.264661,0.284665,0.345954,0.289236,0.227555,0.157913,0.334901,0.237097,0.354578,0.449019,0.185291,0.170800,0.327115,0.383189,0.274496,0.313466,0.226044,0.164428,0.253493,0.316777,0.336222,0.247374,0.168414,0.107027,0.245275,0.165113,0.159687,0.244263,0.295810,0.241343,0.196867,0.338620,0.113149,0.326461,0.117423,0.289808,0.191362,0.204086,0.374615,0.180049,0.361641,0.253060,0.370764,0.211603,0.179992,0.166907,0.367231,0.176005,0.284845,0.265497,0.173013,0.177958,0.302802,0.179686,0.217166,0.260858,0.387457,0.066885,0.351034,0.221195,0.236035,0.281122,0.405260,0.406187,0.285499,0.329854,0.224214,0.208475,0.106071,0.281272,0.271495,0.151013,0.309808,0.197696,0.294957,0.245435,0.213750,0.371921,0.231746,0.153233,0.335821,0.199831,0.250853,0.198686,0.140766,0.175693,0.294798,0.277637,0.221024,0.260737,0.301146,0.283736,0.251543,0.343964,0.161216,0.237511,0.164490,0.256985,0.260300,0.263750,0.221972,0.231341,0.189332,0.306149,0.308973,0.282061,0.161725,0.356080,0.349574,0.117564,0.351265,0.317428,0.329407,0.088765,0.156815,0.160063,0.166305,0.405078,0.125441,0.210378,0.259341,0.319971,0.292923,0.332565,0.239676,0.138523,0.232164,0.169260,0.312800,0.213200,0.292251,0.460887,0.189920,0.228461,0.263831,0.289443,0.338787,0.278214,0.225877,0.076205,0.282420,0.212094,0.282900,0.157403,0.270365,0.244089,0.204032,0.093271,0.087899,0.146388,0.335122,0.387379,0.328513,0.217460,0.137329,0.311502,0.275140,0.090699,0.027682,0.126295,0.211086,0.192612,0.396873,0.044773,0.378711,0.456006,0.239870,0.227782,0.344860,0.225870,0.318536,0.269340,0.255974,0.393073,0.130903,0.109613,0.145064,0.425409,0.276021,0.397086,0.328742,0.048928,0.289910,0.290976,0.046819,0.058154,0.253757,0.179088,0.183960,0.185191,0.220190,0.291339,#
1,0.285396,1.000000,0.131229,0.189198,0.406132,0.295937,0.290099,0.234327,0.119529,0.216696,0.336541,0.235442,0.276888,0.315115,0.151172,0.155532,0.175432,0.225196,0.309314,0.167710,0.169385,0.328387,0.160280,0.260243,0.309996,0.330331,0.312649,0.275657,0.355598,0.090378,0.308145,0.223555,0.404310,0.242475,0.268098,0.034326,0.198174,0.237860,0.177843,0.219048,0.209618,0.247061,0.378097,0.223187,0.245149,0.174869,0.314164,0.284630,0.323849,0.212550,0.407756,0.113232,0.301233,0.193703,0.301815,0.234077,0.279861,0.302212,0.322430,0.294901,0.290864,0.280145,0.217671,0.259905,0.309431,0.162248,0.215523,0.327874,0.284166,0.143009,0.378089,0.251694,0.300435,0.291760,0.292880,-0.014683,0.268779,0.225375,0.307957,0.267650,0.195727,0.371287,0.258743,0.374979,0.106899,0.241569,0.293563,0.249475,0.273903,0.329339,0.323280,0.368531,0.158593,0.172479,0.172596,0.309866,0.170986,0.236983,0.179545,0.171281,0.151928,0.161898,0.162593,0.208093,0.197372,0.142005,0.211768,0.315582,0.197615,0.256462,0.368625,0.305303,0.281581,0.262293,0.250702,0.334580,0.358645,0.134258,0.358249,0.305606,0.143979,0.275916,0.306198,0.237038,0.216913,0.342297,0.205262,0.157565,0.290297,0.195405,0.327311,0.264169,0.112281,0.140346,0.389358,0.300822,0.210167,0.191421,0.249339,0.361859,0.307242,0.144379,0.044117,0.131439,0.344383,0.187329,0.286832,0.101749,0.371667,0.238417,0.304528,0.212047,0.219599,0.129397,0.273067,0.219982,0.243498,0.349561,0.282633,0.098076,0.102635,0.274695,0.109126,0.270651,0.237707,0.337822,0.118831,0.255498,0.275146,0.302535,0.291985,0.148276,0.205056,0.241019,0.348856,0.178332,0.020699,0.253486,0.243345,0.214680,0.283689,0.199540,0.239679,0.259802,0.322307,0.361533,0.175183,0.421053,0.231624,0.188889,0.346880,0.259665,0.064823,0.090452,0.252293,0.293918,0.133203,0.279838,0.074298,0.247646,#
2,0.294213,0.131229,1.000000,0.324503,0.098372,0.297267,0.203418,0.213710,0.022315,0.131964,0.027967,0.148732,0.178485,0.177242,0.205443,0.106177,0.179548,0.228632,0.218431,0.140633,0.117131,0.283222,0.334966,0.285574,0.200187,0.174584,0.278119,0.117969,0.225330,0.110503,0.273446,0.197647,0.224353,0.108767,0.100369,0.159088,0.261883,0.260750,0.134051,0.159654,0.277848,0.302802,0.109219,0.058768,0.027248,0.303999,0.231402,0.266545,0.186735,0.185581,0.204122,0.269192,0.221706,0.170404,0.204380,0.293842,0.011698,0.240348,0.054123,0.117474,0.018468,0.243639,0.157182,0.254517,0.357586,0.227171,0.175715,0.098242,0.141262,0.285942,0.222409,0.059386,0.128747,0.267000,0.248242,0.250531,0.100220,0.192915,0.166782,0.326235,0.331017,0.106505,0.128133,0.182307,0.069434,0.255611,0.294874,0.183395,0.041786,0.208183,0.139427,0.158594,0.146127,0.047230,0.165372,0.152861,0.122009,0.105562,0.173427,0.189862,0.251933,0.288156,0.149615,0.111457,0.267201,0.092352,0.118389,0.201810,0.085176,0.177428,0.263820,0.253112,0.161847,0.139764,0.083891,0.154591,0.050889,0.206941,0.080431,0.101672,0.185414,0.161140,0.176469,0.071475,0.085909,0.124078,0.087944,0.131048,0.204506,0.207207,0.219255,0.241878,0.117346,0.040280,0.112727,0.239588,0.119611,0.228133,0.047291,0.131169,0.007149,0.128809,0.225953,0.190370,0.356483,0.138970,0.296804,0.048396,0.317230,0.164766,0.226730,0.201866,0.240404,0.127103,0.020412,0.061235,0.048094,0.163800,0.265072,0.143601,0.308988,0.218022,0.191211,0.306038,0.213405,0.031800,0.064960,0.238331,0.071484,0.123122,0.191979,0.230643,0.181084,0.237255,0.286765,0.226131,0.329210,0.288997,0.305894,0.166529,0.229303,0.107215,0.080955,0.070268,0.076054,0.271160,0.202329,0.223621,0.248229,0.026393,0.237410,0.097449,0.208789,0.082594,0.226837,0.072959,0.178006,0.052464,0.291369,0.210104,#
3,0.175946,0.189198,0.324503,1.000000,0.196005,0.074882,0.162405,0.256809,0.088732,0.220504,0.166497,0.193541,0.053799,0.193637,0.116719,0.068536,0.147092,0.253236,0.079938,0.129185,0.067809,0.234300,0.202092,0.261395,0.187467,0.179187,0.157401,0.006500,0.149977,0.089317,0.268424,0.189780,0.154788,0.350579,0.016049,0.154903,0.214850,0.269450,0.185924,0.042049,0.189278,0.207371,0.236358,0.071693,0.158435,0.329588,0.268500,0.209884,0.230404,0.184965,0.295700,0.130499,0.056581,0.205526,0.028452,0.253428,0.157734,0.256619,0.112126,0.191083,0.138519,0.104771,0.095950,0.283309,0.216275,0.115704,0.081314,0.261234,0.064846,0.211903,0.305320,0.037355,0.047915,0.307875,0.258571,0.180307,0.058375,0.289443,0.193993,0.229056,0.175874,0.146748,0.217077,0.220408,0.086124,0.219314,0.278248,0.074774,0.118117,0.303700,0.118118,0.230286,0.084824,0.177503,0.022471,0.174016,0.094346,0.038576,0.297906,0.046231,0.174326,0.126314,0.201072,0.172157,0.178349,0.113471,0.213445,0.195825,0.080322,0.035046,0.159122,0.226167,0.135796,0.221521,0.062057,0.168313,0.192185,0.097009,0.135662,0.184558,0.226043,0.110308,0.213210,0.219287,0.134648,0.132453,0.169277,0.051380,0.212175,0.208851,0.161755,0.113105,0.272918,0.237141,0.213996,0.293178,0.092656,0.061141,0.245903,0.285177,0.166075,0.084874,0.207208,0.168714,0.352640,0.122979,0.306333,0.146172,0.275776,0.148408,0.218926,0.045173,0.094814,0.121390,0.089319,0.089574,0.193610,0.184691,0.059134,0.274911,0.285674,0.183701,0.268298,0.377343,0.235493,0.248993,0.143971,0.150049,0.144774,0.237577,0.244146,0.189108,0.118753,0.341287,0.267764,0.136662,0.115486,0.114592,0.151609,0.082164,0.181315,0.289346,0.249180,0.258980,0.074793,0.195504,0.110493,0.237147,0.074608,-0.010130,0.270381,0.168256,0.124017,0.130554,0.072448,0.231749,0.110400,0.164417,0.158520,0.215332,#
4,0.226957,0.406132,0.098372,0.196005,1.000000,0.182473,0.373356,0.165245,0.145290,0.183430,0.249908,0.109238,0.177229,0.203661,0.058508,0.081817,0.115754,0.162844,0.219365,0.226412,0.121966,0.282259,0.212406,0.233950,0.121731,0.260631,0.101584,0.241683,0.321013,-0.000864,0.149851,0.144759,0.294126,0.159152,0.183051,0.080210,0.055601,0.296709,0.078380,0.225665,0.225084,0.247188,0.183013,0.127256,0.245194,0.226849,0.296187,0.255552,0.218979,0.327003,0.188812,0.056527,0.189938,0.235396,0.186406,0.121076,0.079898,0.185716,0.206571,0.270377,0.280604,0.212006,0.108816,0.136629,0.165991,0.063437,0.228166,0.131863,0.182928,0.180342,0.244991,0.199063,0.141253,0.200120,0.211120,-0.082470,0.155076,0.196779,-0.001532,0.066428,0.278287,0.269633,0.198960,0.197003,0.120065,0.190122,0.134828,0.119728,0.239432,0.262093,0.206658,0.219815,-0.038145,0.229779,-0.004176,0.297250,0.083524,0.337265,0.329266,0.217961,0.236667,0.090439,0.108236,0.233989,0.196537,0.024440,0.085299,0.135214,0.124633,0.289094,0.305766,0.158257,0.262563,0.365972,0.223027,0.114573,0.200919,-0.079329,0.310277,0.099137,0.107341,0.238104,0.215472,0.140385,0.174090,0.267832,0.137552,0.147534,-0.073103,0.096343,0.197148,0.187149,0.189477,0.071881,0.245780,0.269537,0.118268,-0.038824,0.072410,0.288166,0.185108,0.009418,0.021502,0.302584,0.281975,0.115878,0.262530,-0.020794,0.206491,0.315649,0.223451,0.197361,0.252275,0.185089,0.058342,0.070096,0.211999,0.193184,0.171470,0.150462,0.177766,0.106724,0.155000,0.286992,0.153166,0.326930,0.027699,-0.015117,0.181947,0.214261,0.246383,0.054156,0.038543,0.143536,0.267893,0.094202,0.161858,0.112382,0.245315,0.051295,0.127856,0.138576,0.121736,0.119611,0.130560,0.219739,0.144478,0.373015,0.218753,0.082433,0.281652,0.154668,0.097447,0.073224,0.070944,0.203146,0.199434,0.395337,0.130613,0.115839,#
5,0.277802,0.295937,0.297267,0.074882,0.182473,1.000000,0.097330,0.201488,0.087239,0.291587,0.137879,0.151701,0.159072,0.079820,0.208612,0.246652,0.248956,0.302935,0.275401,0.046080,0.216534,0.353344,0.210004,0.410501,0.151266,0.230132,0.209439,0.246427,0.285526,0.088205,0.139542,0.322894,0.296728,0.095945,0.161261,0.072752,0.323457,0.100603,0.170923,0.317719,0.176436,0.258066,0.008205,0.249251,0.130081,0.236083,0.231024,0.118376,0.297980,0.240611,0.240004,0.123099,0.183690,0.071668,0.250979,0.140521,0.007429,0.351910,0.245455,0.195930,0.260361,0.271567,0.188983,0.224700,0.256629,0.189050,0.247472,0.263833,0.129300,0.119323,0.351703,0.091466,0.277502,0.388884,0.193478,0.081062,0.207885,0.205584,0.177767,0.248566,0.266952,0.219746,0.281271,0.091867,0.070062,0.301679,0.117836,0.151178,0.245547,0.197661,0.101965,0.288861,0.048997,0.131971,0.045584,0.129883,0.143938,0.026540,0.215939,0.137645,0.314063,0.236925,0.232511,0.251216,0.085707,0.099828,0.069378,0.247712,0.083655,0.176179,0.351163,0.167783,0.320103,0.139015,0.211296,0.169707,0.350662,0.227092,0.171452,0.285875,0.027394,0.136273,0.163317,0.130888,0.217351,0.158987,0.070970,-0.024533,0.288514,0.333253,0.154548,0.387729,0.095427,0.124373,0.306650,0.167172,0.077091,0.053479,0.164551,0.241128,0.208360,0.217220,0.086916,0.211393,0.290069,0.093384,0.167017,0.135387,0.195121,0.111244,0.221805,0.147402,0.280212,0.268243,0.060998,0.187662,0.203766,0.190101,0.358462,0.093823,0.203855,0.145937,0.210337,0.102562,0.207797,-0.024014,0.024698,0.239112,0.190954,0.276843,0.071060,0.216398,0.341192,0.233923,0.076326,0.178400,0.103964,0.190984,0.288625,0.120400,0.250346,0.338855,0.176753,0.021873,0.197597,0.334357,0.193813,0.268845,0.213758,0.142549,0.376738,0.108917,0.109187,0.177270,0.278260,0.218259,0.093927,0.278778,0.163994,0.274208,#
6,0.274631,0.290099,0.203418,0.162405,0.373356,0.097330,1.000000,0.236852,0.084312,0.158440,0.217331,0.103583,0.034351,0.188575,0.075983,0.097569,0.220468,0.182624,0.135521,0.286015,0.199969,0.315093,0.197807,0.151418,0.138546,0.077388,0.095701,0.150202,0.256112,0.079663,0.031654,0.147394,0.218796,0.026660,0.048942,-0.023146,0.088813,0.089737,0.237728,0.126868,0.198272,0.252118,0.198278,0.213499,0.133311,0.123426,0.337333,0.409310,0.266715,0.301653,0.101365,0.202926,0.195129,0.184205,0.095815,0.218624,0.279627,0.289804,0.175683,0.253862,0.105486,0.162588,0.026729,0.145976,0.155617,0.250460,0.158192,0.170029,0.137802,0.208629,0.242738,0.211132,0.248733,0.177093,0.152162,0.148045,0.126796,0.083501,0.114835,0.204440,0.220403,0.223038,0.246203,0.138145,0.117520,0.275400,0.154137,0.251177,0.226513,0.288998,0.292953,0.174488,0.048160,0.293211,0.137640,0.344943,0.114373,0.159642,0.299640,0.199122,0.218724,0.194111,-0.000450,0.167050,0.064254,0.291459,0.170138,0.172183,0.147230,0.146911,0.252646,0.163625,0.221431,0.256524,0.162831,0.163789,0.231767,0.159788,0.268793,0.208792,0.118161,0.303071,0.169553,0.058567,0.153154,0.123002,0.063966,0.285299,0.093093,0.278449,0.181803,0.029684,0.275346,-0.016158,0.398354,0.191252,0.110028,0.265130,0.175370,0.227726,0.067508,-0.063010,0.046193,0.339303,0.112015,0.232947,0.190426,0.073600,0.243018,0.125993,0.242862,0.070577,0.216260,0.220919,0.148187,0.140976,0.065702,0.110383,0.213219,0.141140,0.135753,0.191661,0.117330,0.193883,0.205332,0.194584,0.046821,0.122049,0.245004,0.297685,0.112881,0.150751,0.148335,0.213244,0.210111,0.189945,0.222519,0.231790,0.191673,0.071050,-0.071673,0.082546,0.083741,0.205190,0.198094,0.095426,0.174606,0.193509,0.300781,0.173956,0.247713,0.094406,0.254417,0.148147,0.136816,0.231341,0.111671,0.158722,0.058633,0.253399,#
7,0.197335,0.234327,0.213710,0.256809,0.165245,0.201488,0.236852,1.000000,0.076381,0.345906,0.219100,0.305058,0.152720,0.250803,0.031974,0.152287,0.142654,0.250672,0.180334,0.298643,0.207401,0.288459,0.439976,0.185324,0.347361,0.180344,0.233846,0.302118,0.324071,0.109324,0.295178,0.372325,0.438644,0.179652,0.163486,0.212998,0.245529,0.205481,0.254765,0.170411,0.090476,0.195069,0.352660,0.104580,0.186586,0.304245,0.168373,0.339053,0.381260,0.327593,0.386379,0.147331,0.152895,0.283796,0.305936,0.255346,0.205366,0.287283,0.168480,0.342648,0.187139,0.077917,0.143081,0.221589,0.354398,0.056634,0.161396,0.298488,0.177820,0.411293,0.301238,0.091832,0.348125,0.394195,0.265436,0.205980,0.276729,0.231562,0.220209,0.360443,0.245620,0.313049,0.319227,0.322529,0.147312,0.301509,0.398651,0.204650,0.217710,0.343296,0.308027,0.199472,0.228419,0.109334,0.183734,0.342703,0.156344,0.062079,0.223623,0.068640,0.318436,0.216454,0.158307,0.232772,0.178377,0.307952,0.212080,0.211052,0.291622,0.076541,0.208924,0.185874,0.209727,0.230668,0.258947,0.223986,0.247914,0.259756,0.292941,0.237269,0.254521,0.298788,0.155131,0.392648,0.319347,0.265516,0.232089,0.305419,0.208581,0.250972,0.246634,0.151390,0.208769,0.205376,0.394493,0.218283,0.135802,0.302534,0.311056,0.375089,0.330494,0.405628,0.031807,0.271559,0.278163,0.211400,0.298225,0.190493,0.338856,0.120239,0.297839,0.442194,0.151207,0.140564,0.109787,0.307984,0.227226,0.297269,0.213097,0.212659,0.264712,0.271247,0.178105,0.354512,0.281158,0.065684,0.265016,0.156670,0.366679,0.256200,0.317705,0.227732,0.232759,0.149165,0.174012,0.169956,0.231212,0.306399,0.079111,0.270254,0.182182,0.320994,0.089809,0.190999,0.114612,0.318370,0.311169,0.363921,0.086265,0.253826,0.284720,0.211538,0.144239,0.261919,0.062771,0.272124,0.331618,0.288897,0.192270,0.303592,#
8,0.264661,0.119529,0.022315,0.088732,0.145290,0.087239,0.084312,0.076381,1.000000,0.104046,0.208728,0.142627,0.134876,0.145324,0.200764,0.200170,0.212700,-0.050264,-0.057059,0.193017,0.195251,0.144349,0.166018,0.138589,0.103759,0.116250,0.011988,0.213529,0.044353,0.175797,0.043970,0.141969,0.074198,0.208907,0.167889,0.089515,0.112655,0.171541,0.064381,0.355396,0.028801,0.104553,-0.051318,0.140179,0.263669,0.186060,0.198999,0.175473,0.067570,0.097289,-0.018356,0.162782,-0.006075,0.244632,0.123350,0.069061,0.059627,0.117883,0.085095,0.187855,0.162148,-0.116910,0.219792,0.214759,0.247307,-0.043712,0.185730,0.166566,0.200646,0.209818,0.081912,0.217568,0.130262,0.179927,0.098369,0.020487,0.075626,0.027520,0.098245,-0.011495,0.079500,0.074271,0.135156,-0.019588,0.105706,0.216563,0.096405,0.000195,0.158526,0.083163,0.176406,0.107071,0.089560,0.118464,0.029166,0.367360,0.114862,0.064834,0.047545,0.047104,0.138118,-0.063117,-0.026392,0.053366,0.111487,-0.079252,0.204082,0.129737,-0.031109,0.124258,0.043397,0.181233,0.107922,0.076905,0.012839,0.227754,0.309055,0.000371,-0.006232,0.183271,0.149552,0.019968,0.043349,0.085174,0.131108,0.204148,-0.013356,0.165255,0.148208,0.142619,0.229241,0.135809,0.066905,-0.067089,0.232358,0.162381,0.077190,0.158067,0.180625,0.164927,0.073864,0.162393,0.223185,0.141417,0.233325,0.125511,0.165459,0.270889,0.209581,0.153001,0.120157,0.150511,0.173201,0.190381,0.175042,0.083756,0.071800,-0.025310,0.142631,0.162649,0.047496,0.112102,0.041383,0.195004,0.080138,0.024803,0.007878,0.066702,-0.007138,0.105937,0.280956,-0.223243,0.063313,0.361864,0.209914,0.219546,0.032728,0.143906,0.076110,0.133757,0.173237,0.057124,-0.157019,0.155364,0.217772,0.095107,0.020357,0.041668,0.168597,-0.037973,0.165483,0.128253,0.024145,0.062467,0.022733,0.153147,0.132940,-0.053081,0.113441,0.136141,#
9,0.284665,0.216696,0.131964,0.220504,0.183430,0.291587,0.158440,0.345906,0.104046,1.000000,0.331939,0.274191,0.171164,0.116017,0.256631,0.309254,0.205390,0.227495,0.218840,0.278570,0.200962,0.292869,0.351179,0.303214,0.231694,0.230771,0.231633,0.394939,0.328030,0.124087,0.323935,0.305500,0.200372,0.213914,0.179305,0.212305,0.161849,0.286839,0.264391,0.235652,0.250109,0.332977,0.143008,0.060421,0.212081,0.449385,0.293594,0.324694,0.231129,0.194728,0.382212,0.244508,0.239905,0.247861,0.175842,0.311022,0.373936,0.256256,0.090181,0.279412,0.130854,0.250051,0.313012,0.299267,0.261839,0.242642,0.144422,0.368664,0.342089,0.155815,0.267935,0.282609,0.163409,0.334836,0.299573,0.203427,0.347513,0.193011,0.311115,0.329632,0.278648,0.266238,0.429125,0.223486,0.214683,0.411802,0.437760,0.125976,0.292991,0.228592,0.172406,0.440062,0.129813,0.346268,0.285427,0.292638,0.378726,0.152108,0.222267,0.233496,0.358938,0.260367,0.297821,0.134918,0.228648,0.152632,0.281065,0.323026,0.177794,0.196031,0.214381,0.214674,0.275733,0.265555,0.152057,0.355774,0.394620,0.373812,0.445465,0.228355,0.337155,0.354367,0.262428,0.276090,0.330397,0.343575,0.071988,0.253931,0.139656,0.198529,0.228773,0.383980,0.206565,0.227544,0.382023,0.136668,0.220818,0.191624,0.156604,0.315035,0.155967,0.233472,0.168705,0.230788,0.342399,0.017798,0.258173,0.184646,0.149164,0.250253,0.301740,0.337115,0.348527,0.307006,0.122348,0.301124,0.319636,0.211032,0.326859,0.260419,0.273891,0.091609,0.105139,0.346609,0.288286,0.229929,0.215975,0.205599,0.344071,0.331554,0.253530,0.274354,0.309801,0.266373,0.178202,0.178736,0.182369,0.105089,0.068842,0.409391,0.170171,0.371707,0.240509,0.237197,0.217575,0.326444,0.345348,0.333859,0.331964,0.175412,0.285570,0.278073,0.093103,0.178423,0.212497,0.220298,0.187547,0.161307,0.253217,0.250033,#
10,0.345954,0.336541,0.027967,0.166497,0.249908,0.137879,0.217331,0.219100,0.208728,0.331939,1.000000,0.131327,0.079022,0.216374,0.221788,0.164310,0.241791,0.201414,0.311636,0.224857,0.207091,0.188078,0.241099,0.102605,0.109872,0.080318,0.291899,0.211568,0.206755,0.189638,0.118398,0.101075,0.158891,0.149860,0.147659,0.215190,0.026354,0.201710,0.208651,0.108388,0.031451,0.070948,0.196054,0.043870,0.213528,0.222740,0.197187,0.277387,0.311386,0.249078,0.121917,0.247899,0.151547,0.239415,0.177968,0.196433,0.144807,0.226822,0.108469,0.120065,0.286651,0.209454,0.178161,0.224157,0.205970,0.076780,0.202789,0.187104,0.159851,0.112987,0.226638,0.185140,0.046069,0.264630,0.186632,0.230230,0.290095,0.084510,0.188907,0.092468,0.078962,0.243984,0.171972,0.196418,0.132561,0.251922,0.315584,0.029611,0.220278,0.205545,0.155761,0.195128,0.208003,0.104074,0.075882,0.213351,0.283097,0.022325,0.306913,0.249295,0.309143,0.170458,0.112685,0.226247,0.211201,0.075524,0.296352,0.214231,0.108076,0.161020,0.094895,0.179235,0.137954,0.253647,0.200163,0.345079,0.214567,0.003650,0.126311,0.136433,0.125212,0.062601,0.213257,0.165959,0.231990,0.208762,0.006260,0.149391,0.093058,0.343364,0.119927,0.115553,0.146214,-0.020827,0.348986,0.200657,0.169715,0.184523,0.003011,0.403272,0.168832,0.103526,0.271202,0.123110,0.224603,0.144740,0.046497,0.191061,0.143613,0.260062,0.153533,0.248270,0.168089,0.320388,0.208984,0.261730,0.242853,0.119757,0.218233,0.290861,0.104369,0.126310,0.146655,0.320221,0.155798,0.164425,0.049315,0.026544,0.093937,0.301946,0.217993,0.069441,0.245150,0.230468,0.244994,-0.076200,0.099525,0.180140,0.266373,0.381356,0.236856,0.179526,0.245856,0.166195,0.205824,0.150962,0.135066,0.299323,0.202382,0.100858,0.199866,0.217513,0.082446,0.098635,0.124308,0.277570,0.162658,0.269782,0.239686,0.294842,#
11,0.289236,0.235442,0.148732,0.193541,0.109238,0.151701,0.103583,0.305058,0.142627,0.274191,0.131327,1.000000,0.277727,0.105103,-0.002477,0.236573,0.270978,0.260520,0.077900,0.012057,0.216912,0.294292,0.201418,0.257204,0.257308,0.279736,0.105940,0.310098,0.042337,0.244793,0.237210,0.319738,0.222691,0.185085,0.088444,0.022429,0.270539,0.221401,0.097528,0.079770,0.206504,0.255336,0.169566,0.273417,0.109665,0.303421,0.192634,0.354547,0.244377,0.083474,0.284501,0.203964,0.056382,0.267336,0.165238,0.207850,0.396430,0.154734,0.173667,0.181726,0.195332,0.233510,0.251094,0.235273,0.374665,0.039188,0.231096,0.221702,0.201080,0.213577,0.243536,0.137803,0.175737,0.294297,0.315090,0.178694,0.107397,0.214628,0.437322,0.145721,0.250372,-0.015889,0.213536,0.243602,0.302343,0.266314,0.374161,0.126620,0.151498,0.153676,0.356765,0.218842,0.148751,0.171232,0.193597,0.152796,0.050858,0.161958,0.208123,0.312175,0.332049,0.186378,0.140270,-0.022924,0.276537,0.269173,0.188849,0.142743,0.219943,0.242560,0.111011,0.122266,0.253778,0.220923,0.022084,0.476050,0.286250,0.027517,0.248434,0.247186,0.126914,0.302482,0.229641,0.191581,0.176348,0.203693,0.272343,0.366942,0.259397,0.254518,0.233249,0.304708,-0.058203,0.116818,0.208051,0.179994,0.121732,0.257057,0.192921,0.290456,0.091959,0.234471,0.143724,0.321424,0.320871,0.220127,0.329772,0.193389,0.324634,0.178366,0.178212,0.343264,0.181108,0.201627,0.282079,0.123458,0.144125,0.116366,0.208420,0.141513,0.207788,0.126007,0.079561,0.276112,0.334299,0.144886,0.159124,0.228593,0.432680,0.164130,0.308579,0.022244,0.228267,0.279578,0.145799,0.248218,0.380884,0.135424,0.080388,0.077094,0.267569,0.211630,0.170522,0.189465,0.101066,0.324796,0.207189,0.112972,0.203327,0.149349,0.062515,0.127315,0.151124,-0.094041,0.132708,0.154604,0.282365,0.078804,0.018920,0.301291,#
12,0.227555,0.276888,0.178485,0.053799,0.177229,0.159072,0.034351,0.152720,0.134876,0.171164,0.079022,0.277727,1.000000,0.108056,0.191095,0.217419,0.204129,0.179023,0.284180,0.250500,0.238715,0.142998,0.229469,0.213944,0.275139,0.133136,0.093171,0.282125,0.312371,0.237427,0.181136,0.300618,0.232470,0.184503,0.207075,0.024019,0.269378,0.149887,0.082582,0.219102,0.274994,0.201268,0.337476,0.164347,0.147168,0.358530,0.202847,0.157937,0.307377,0.123608,0.246062,0.047043,0.094264,0.263853,0.187447,0.130370,0.178399,0.280543,0.240593,0.295514,0.238093,0.252672,0.172423,0.146339,0.262202,0.120144,0.173623,0.070769,0.171145,0.102968,0.166980,0.201356,0.073227,0.162361,0.281824,0.193671,0.129589,0.174583,0.081588,0.166288,0.226760,0.091930,0.284756,0.219332,0.207083,0.381720,0.178631,0.139047,0.279339,0.233702,0.180283,0.202595,0.105282,0.186119,0.143763,0.063430,0.246702,0.270293,0.073315,0.089211,0.148248,0.179140,0.165311,0.182178,0.279636,0.176159,0.225018,0.130140,0.147051,0.397944,0.172512,0.102313,0.294000,0.258840,0.102354,0.331042,0.272478,0.314378,0.076518,0.241536,0.064685,0.330429,0.249744,0.244304,0.072534,0.273603,0.169588,0.140214,0.241324,0.053248,0.192655,0.338523,0.068151,0.042555,0.106343,0.220824,0.144981,0.211415,0.177105,0.212636,0.249660,0.285341,0.024249,0.111863,0.180733,0.171482,0.336573,0.138770,0.319703,0.150542,0.279047,0.422831,0.117251,0.136112,0.241444,0.143150,0.191333,0.000512,0.176166,0.064733,0.313732,0.132861,0.097975,0.301511,0.139183,0.232813,0.120183,-0.042392,0.216307,0.257853,0.112674,0.121840,0.262006,0.210999,0.295167,0.087810,0.164555,0.204043,-0.083837,0.214192,0.294997,0.207166,0.184571,0.193618,0.206679,0.322949,0.177140,0.272092,0.139558,-0.037862,0.320775,0.391064,0.100968,0.167810,0.173344,0.190111,0.231228,0.002484,0.281010,0.207490,#
13,0.157913,0.315115,0.177242,0.193637,0.203661,0.079820,0.188575,0.250803,0.145324,0.116017,0.216374,0.105103,0.108056,1.000000,0.210313,0.226039,0.093851,0.095538,0.126172,0.166585,0.107343,0.239727,0.220597,0.040762,0.344903,0.251132,0.176015,0.235972,0.165217,0.021745,0.136483,0.062361,0.231047,0.138236,0.011560,0.104839,0.122785,0.255186,0.014942,0.117942,0.136713,0.166297,0.325302,0.124096,0.176569,0.113893,0.287638,0.219815,0.303994,0.112525,0.281576,0.152047,0.165715,0.134829,0.200979,0.404917,0.172023,0.195766,0.168604,0.268711,0.254743,0.154035,0.312167,0.207117,0.137970,0.022090,0.293338,0.129220,0.339015,0.325283,0.071880,0.181612,0.230253,0.223853,0.282408,0.100657,0.170474,0.184650,0.182149,0.200096,0.171706,0.296728,0.276707,0.293149,0.281785,0.197321,0.363861,0.162319,0.173087,0.330496,0.261158,0.233103,0.191283,0.181464,0.207561,0.264664,0.091099,0.065917,0.112967,0.131000,0.309592,0.182644,0.138606,0.103775,0.142082,0.250253,0.230350,0.178150,0.135115,0.174308,0.253269,0.174543,0.274084,0.259502,0.147929,0.146179,0.215537,0.153355,0.227602,0.226341,0.248273,0.311368,0.020956,0.198302,0.121703,0.171298,0.113770,0.180564,0.383711,0.149807,0.186905,0.104161,0.219373,0.135987,0.307196,0.156080,0.175241,0.212751,0.262974,0.267256,0.222895,0.139526,0.130080,0.173563,0.288702,0.331627,0.251791,0.126605,0.017137,0.218533,0.285268,0.045954,0.214076,0.240614,0.244641,0.140311,0.110551,0.139083,0.180095,0.071060,0.157144,0.262125,0.074398,0.270974,0.238104,0.301525,-0.014319,0.124168,0.266307,0.294921,0.284913,0.271982,0.258108,0.198498,0.226657,0.176638,0.147246,0.169862,0.263669,0.107278,0.209270,0.114044,0.126555,0.216737,0.065941,0.251017,0.217269,0.319697,0.288408,0.270461,0.082824,0.195587,0.194398,0.094699,0.165886,0.243889,0.165750,0.188649,0.212877,0.247745,#
14,0.334901,0.151172,0.205443,0.116719,0.058508,0.208612,0.075983,0.031974,0.200764,0.256631,0.221788,-0.002477,0.191095,0.210313,1.000000,0.283665,0.143469,0.140643,0.267048,0.202994,0.108419,0.082935,0.236237,0.188471,0.184305,0.153040,0.203081,0.111797,0.270073,0.054925,0.041434,0.020498,0.128869,0.079649,0.140069,0.227156,0.189198,0.272110,0.209428,0.215496,0.255812,0.239379,0.230646,0.148857,0.132194,0.186646,0.291584,0.175053,0.185128,0.004243,0.288285,0.160955,0.057273,0.147666,0.263971,0.191002,0.133742,0.162141,0.026080,0.171757,0.229702,0.243517,0.084602,0.216128,0.279358,0.045269,0.177218,0.133644,0.192866,0.102542,0.085197,0.254210,-0.073349,0.360924,-0.050503,-0.041353,0.002372,0.170590,0.062252,0.159525,0.217228,-0.038352,0.257632,0.271260,0.134473,0.263368,0.027196,0.031481,0.157360,0.149093,0.181930,0.132872,0.173708,0.173075,0.134175,0.087935,0.185214,0.085825,0.324770,0.089793,0.097015,0.173813,0.144143,0.044725,0.143807,0.069389,0.242813,0.331122,0.157208,0.180731,0.032499,0.114730,0.262733,0.007126,0.136917,0.173202,0.087826,0.216389,0.141455,0.135621,0.218610,0.175241,0.110168,0.133482,0.015269,0.116930,-0.008656,0.026977,0.038757,0.120361,-0.012923,0.180428,0.175850,-0.064022,0.111305,0.082685,0.188072,0.159048,0.153131,0.070546,0.239350,0.176045,0.247072,0.056031,0.114740,0.025494,0.158023,-0.025497,0.082447,0.109858,0.114231,-0.009219,0.139085,0.234521,0.039035,0.000171,0.124675,0.098548,0.184288,-0.048441,0.173986,0.115148,0.037148,0.099218,0.131480,0.093896,0.071023,0.110968,0.048355,0.198763,0.278169,0.129069,0.222015,0.321788,0.215399,0.027179,0.273621,0.113175,0.192356,0.292620,0.238570,0.282819,0.062177,0.207391,0.167234,0.227458,0.188369,0.214850,0.066193,-0.086088,0.182706,0.137483,0.087340,0.258684,0.095398,-0.025422,0.015686,0.130660,0.215328,0.264624,#
15,0.237097,0.155532,0.106177,0.068536,0.081817,0.246652,0.097569,0.152287,0.200170,0.309254,0.164310,0.236573,0.217419,0.226039,0.283665,1.000000,0.166678,0.327029,0.231618,0.089806,-0.023417,0.213401,0.164074,0.224269,0.311570,0.114853,0.216701,0.228489,0.211707,-0.039065,0.176379,0.245934,0.177040,0.194299,0.143938,0.125689,0.261781,0.259326,0.214732,0.221819,0.353613,0.198493,0.150591,0.117538,0.331467,0.155657,0.214360,0.305557,0.162035,0.101537,0.357098,0.099600,0.192606,0.218606,0.198549,0.095695,0.192406,0.279085,0.104421,0.219890,0.130405,0.188387,0.052398,0.117326,0.131008,0.080644,0.395640,0.314420,0.229592,0.132940,0.070606,0.373867,0.125098,0.146130,0.323246,0.169031,0.135946,0.301685,0.270832,0.065272,0.420522,0.093688,0.147106,0.195937,0.159457,0.254107,0.312561,-0.021477,0.287361,0.234202,0.212920,0.038926,0.151269,0.303926,0.240464,0.193171,0.175862,0.098924,0.351750,0.178757,0.333847,0.238576,0.268965,0.183200,0.255010,0.077141,0.135671,0.164161,0.163742,0.328003,0.124456,0.211905,0.170686,0.103327,0.126673,0.321427,0.316750,0.204104,0.219005,0.271316,0.208006,0.262164,0.058740,0.257865,-0.020007,0.174563,0.096105,0.132589,0.212020,0.077717,0.114304,0.250118,0.071621,0.180699,0.241843,0.230048,0.224947,0.013151,0.278403,0.084229,0.189061,0.185295,0.446708,0.143136,0.215345,0.202558,0.404709,0.052314,0.106857,0.253682,0.309198,0.193167,0.267945,0.432924,0.112984,0.302054,0.119794,0.191777,0.250945,0.163991,0.087029,0.149253,0.050456,0.241938,0.190090,0.198743,0.087209,0.087863,0.180500,0.319068,0.227273,0.132643,0.248659,0.215843,0.231996,0.056896,0.274487,0.223696,0.055170,0.204991,0.173526,0.303923,0.039045,0.100203,0.198764,0.336647,0.131508,0.176581,0.212726,0.052893,0.019517,0.369331,0.022243,0.222944,0.075268,0.156714,0.146010,0.131234,-0.000499,0.254616,#
16,0.354578,0.175432,0.179548,0.147092,0.115754,0.248956,0.220468,0.142654,0.212700,0.205390,0.241791,0.270978,0.204129,0.093851,0.143469,0.166678,1.000000,0.255899,0.139105,0.044040,0.492104,0.229088,0.461979,0.128092,0.194254,0.235889,0.175169,0.106486,0.160545,0.105656,0.135145,0.344309,0.107701,0.187136,0.088334,0.141367,0.283264,0.171962,0.123598,0.247468,0.048819,0.256987,0.138766,0.236164,0.165920,0.165027,0.253901,0.239411,0.295563,0.106904,0.008916,0.219534,0.364356,0.219174,0.120562,0.183137,0.063683,0.222338,0.110093,0.085586,0.166493,0.297215,0.115784,0.238734,0.316970,0.114615,0.263135,0.296897,0.074448,0.314920,0.159218,0.232063,0.171852,0.165525,0.269813,0.434244,0.168587,0.170533,0.281163,0.204185,0.125927,0.127257,0.143037,0.109614,0.184848,0.394526,0.351174,0.143363,0.196500,0.195542,0.233705,0.177079,0.152626,0.065561,0.172047,0.286684,0.159341,0.076214,0.359704,0.143326,0.178110,0.148455,0.042050,0.155073,0.137714,0.232236,0.151246,0.152277,0.142251,0.166823,0.211256,0.235797,0.260666,0.134700,0.192259,0.363174,0.321777,0.122828,0.063514,0.109762,0.118840,0.188196,0.272799,0.154562,0.143505,0.130578,0.132143,0.107388,0.232265,0.271916,0.052539,0.233184,0.240858,0.042915,0.368775,0.205771,0.016307,0.217320,0.203793,0.286342,0.002474,0.171183,0.016763,0.233459,0.187411,0.149361,0.083643,0.102148,0.114968,-0.028227,0.229515,0.143999,0.181777,0.147572,0.226767,0.198446,0.141830,0.074309,0.295673,0.155830,0.151491,0.270717,0.262032,0.278212,0.069192,0.062199,0.142915,0.143698,0.165516,0.151407,0.135884,-0.057539,0.238179,0.126575,0.220049,0.275747,0.171514,0.108642,0.085730,0.165251,0.183479,0.223840,0.111465,0.028476,0.067273,0.158587,0.296157,0.225046,0.131197,0.065501,0.169134,0.059544,0.054430,0.134053,0.285464,0.211532,0.082192,0.165513,0.082589,0.292789,#
17,0.449019,0.225196,0.228632,0.253236,0.162844,0.302935,0.182624,0.250672,-0.050264,0.227495,0.201414,0.260520,0.179023,0.095538,0.140643,0.327029,0.255899,1.000000,0.176362,0.203995,0.151113,0.335911,0.311864,0.369887,0.340698,0.196147,0.089386,0.194515,0.261830,0.142042,0.235753,0.402881,0.451932,0.232159,0.053666,0.125024,0.259594,0.449672,0.163944,0.060930,0.188512,0.199576,0.152810,0.279997,0.158820,0.218320,0.284747,0.216891,0.450773,0.267435,0.263152,0.072546,0.049193,0.249904,0.262974,0.176317,0.260451,0.431443,0.184436,0.270048,0.146793,0.231733,0.069898,0.237847,0.225055,0.240068,0.368946,0.361463,0.239297,0.359520,0.394580,0.275030,0.300670,0.309965,0.345807,0.320755,0.235637,0.326375,0.227117,0.186341,0.328857,0.272390,0.409910,0.292933,0.295843,0.279703,0.266899,0.192872,0.388505,0.309274,0.219959,0.164108,0.194600,0.120216,0.180918,0.172449,0.170298,0.281057,0.303320,0.332136,0.355744,0.234802,0.130735,0.190825,0.246646,0.216293,0.119699,0.422153,0.065321,0.082544,0.180818,0.128409,0.255140,0.215707,0.054044,0.300352,0.306678,0.157246,0.301422,0.309317,0.173037,0.110951,0.115116,0.195308,0.245030,0.304832,0.185759,0.170138,0.095110,0.137969,0.118081,0.247187,0.242681,0.320890,0.221039,0.231863,0.322649,0.038081,0.288022,0.352311,0.260043,0.280525,0.209929,0.224685,0.346934,0.204530,0.185871,0.099283,0.267862,0.048832,0.379445,0.160397,0.276930,0.356306,0.204835,0.220654,0.115805,0.227623,0.381484,0.252915,0.358062,0.243438,0.120076,0.177036,0.289875,0.224490,-0.017497,0.251364,0.155097,0.213465,0.394697,0.210907,0.240378,0.372848,0.283530,0.087090,0.329720,0.249275,0.159640,0.241138,0.249959,0.516380,0.188469,-0.017324,0.155837,0.342496,0.337072,0.348635,0.360263,0.121785,0.167834,0.356228,-0.061349,0.106119,0.271615,0.347491,0.347159,0.119196,0.135655,0.330305,#
18,0.185291,0.309314,0.218431,0.079938,0.219365,0.275401,0.135521,0.180334,-0.057059,0.218840,0.311636,0.077900,0.284180,0.126172,0.267048,0.231618,0.139105,0.176362,1.000000,0.259817,0.084071,0.135207,0.044908,0.233447,0.158539,0.310252,0.307008,0.173480,0.356413,0.021129,0.207065,0.230232,0.356060,0.058084,0.174721,0.169889,0.249820,0.169701,0.088843,0.104091,0.236018,0.095061,0.195925,0.075680,0.123549,0.175600,0.182300,0.203405,0.185805,0.147742,0.208561,-0.000013,0.211505,0.389864,0.161143,0.000280,0.147270,0.311692,0.094344,0.080186,0.216570,0.233307,0.129542,0.315206,0.108614,0.278132,0.267927,0.200894,0.121387,-0.034530,0.103272,0.190728,0.060263,0.235079,0.180717,0.000285,0.020596,0.182988,0.246718,0.340044,0.394415,0.109404,0.223808,0.201444,0.122502,0.109255,0.188293,0.074914,0.197971,0.107669,0.221549,0.106609,0.180135,0.026513,0.131896,0.051581,0.281889,0.123890,0.151027,0.229894,0.091543,0.308419,0.276376,0.178856,0.268572,0.105143,0.113247,0.159773,0.108765,0.184986,0.224116,0.302293,0.073657,0.267105,0.138920,0.066291,0.168356,0.167400,0.186174,0.139359,0.013173,0.276306,0.143297,0.164339,0.071598,0.201643,0.063975,0.200200,0.199468,0.166185,0.158872,0.133866,0.101305,0.014242,0.311756,0.077197,0.094923,0.247202,0.226485,0.284617,0.263376,0.001805,-0.001605,0.098932,0.292945,0.169184,0.099660,-0.056912,0.140731,0.116779,0.148339,0.123672,0.247565,0.170279,0.141244,0.290920,0.298483,0.314870,0.194397,0.138466,0.187181,0.203374,0.107641,0.190053,0.113866,0.150037,0.186082,0.174049,0.221658,0.274520,0.029009,0.148128,0.187071,0.141008,0.241043,-0.016027,0.153359,0.287542,0.372564,0.236364,0.192238,0.255468,0.126320,0.105180,0.363558,0.357620,0.218538,0.380333,0.172159,0.066621,0.276071,0.207545,0.023039,0.282761,0.225705,0.138541,0.199242,0.183931,0.236001,0.331224,#
19,0.170800,0.167710,0.140633,0.129185,0.226412,0.046080,0.286015,0.298643,0.193017,0.278570,0.224857,0.012057,0.250500,0.166585,0.202994,0.089806,0.044040,0.203995,0.259817,1.000000,0.035635,0.252750,0.272333,0.255359,0.178058,0.235576,0.128253,0.161143,0.223022,0.287095,0.080303,0.184303,0.215075,0.113935,0.204294,0.206086,0.003643,0.218152,0.316370,0.201339,0.120282,0.106575,0.180577,0.028099,0.217020,0.317899,0.284205,0.307942,0.318282,0.198645,0.128092,0.150081,0.068064,0.364332,0.146596,0.140186,0.190625,0.258514,0.072246,0.302303,0.147356,0.105204,0.151900,0.156453,0.166017,0.172033,0.108771,0.185010,0.228526,0.210095,0.251312,0.206830,0.231055,0.106161,0.178254,0.058528,0.229144,0.296502,0.162242,0.167613,0.217347,0.144421,0.339738,0.050949,0.277451,0.254364,0.205074,0.102960,0.294957,0.265466,0.094680,0.286743,0.196101,0.118552,0.181222,0.240129,0.223318,0.229371,0.100856,0.107717,0.206091,0.156206,0.157084,0.125911,0.168601,0.119482,0.311195,0.412070,0.108204,0.064712,0.240869,0.222365,0.300660,0.211038,0.189958,0.223597,0.283349,0.306772,0.239862,0.179281,0.187275,0.366658,0.059947,0.157022,0.334743,0.282465,0.134201,0.213539,0.013274,0.127515,0.161715,0.083806,0.259563,0.095999,0.219170,0.217232,0.208734,0.185832,0.178663,0.296706,0.262612,0.116382,0.076137,0.144199,0.324605,0.164702,0.141428,0.318899,0.312352,-0.008269,0.184464,0.203811,0.207919,0.272238,0.070023,0.191304,0.198046,0.186532,0.254221,-0.045658,0.240263,0.124760,0.273336,0.177152,0.139554,0.150945,0.146783,0.088416,0.076673,0.219733,0.371150,0.161594,0.202597,0.103898,0.226835,0.078565,0.110680,0.184855,0.004192,0.275217,0.184932,0.286872,0.043464,0.243165,0.202421,0.248649,0.212684,0.326749,0.142940,0.023523,0.253510,0.219205,0.173570,0.318572,0.176824,0.214188,0.222753,0.289835,0.307446,0.338606,#
20,0.327115,0.169385,0.117131,0.067809,0.121966,0.216534,0.199969,0.207401,0.195251,0.200962,0.207091,0.216912,0.238715,0.107343,0.108419,-0.023417,0.492104,0.151113,0.084071,0.035635,1.000000,0.259336,0.268640,0.161932,0.200235,0.151165,0.155509,0.280398,0.146702,0.172772,0.123417,0.194762,0.195319,0.125310,0.261864,0.099881,0.166420,0.186520,0.065147,0.217871,0.021819,0.352471,0.232742,0.193690,0.147395,0.315116,0.142445,0.255144,0.355130,0.101552,0.114370,0.252694,0.368262,0.199574,0.176929,0.091908,0.219108,0.203510,-0.000489,0.272597,0.239503,0.024484,0.231742,0.249711,0.374377,-0.062154,0.160261,0.182430,0.206616,0.263882,0.213076,0.096878,0.363780,0.355330,0.213282,0.287129,0.242043,0.040390,-0.008061,0.322683,0.029494,0.010441,0.299408,0.123352,0.084378,0.338122,0.258000,0.214223,0.218085,0.237546,0.200535,0.351614,0.159751,0.157866,0.125483,0.167415,0.139055,0.138522,0.120215,0.096980,0.063488,0.144068,0.019274,0.200934,0.049787,0.206416,0.187266,0.114028,0.091376,0.235640,0.273995,0.066607,0.311579,0.225460,0.131920,0.292896,0.398069,0.079067,0.053353,0.060023,0.058140,0.169752,0.224703,0.217374,0.266778,0.225925,0.273877,0.343887,0.196788,0.324868,0.101967,0.234790,0.162945,-0.057944,0.265194,0.149853,0.078549,0.374884,0.241041,0.348436,0.149246,0.244721,-0.115076,0.110649,0.285732,0.062536,0.135302,0.127414,0.105279,0.107487,0.154023,0.273490,0.119512,0.052501,0.246566,0.216036,0.011645,0.018551,0.173185,0.093034,0.218377,0.212017,0.120073,0.113974,0.279416,0.087554,0.004944,0.113805,0.163569,0.142585,0.201860,0.056917,0.128975,0.317363,0.182294,0.271892,0.045214,0.064718,0.253076,0.314333,0.201113,0.214985,0.144238,0.203953,0.195811,0.186918,0.098320,0.193577,0.251891,0.056839,0.347374,0.102030,0.137611,0.142676,0.256238,0.274989,0.139401,0.144896,0.068161,0.176555,#
21,0.383189,0.328387,0.283222,0.234300,0.282259,0.353344,0.315093,0.288459,0.144349,0.292869,0.188078,0.294292,0.142998,0.239727,0.082935,0.213401,0.229088,0.335911,0.135207,0.252750,0.259336,1.000000,0.291925,0.379973,0.369436,0.222839,0.256344,0.301751,0.259508,0.236549,0.247551,0.316421,0.280730,0.338298,0.203185,0.216570,0.297477,0.319109,0.253794,0.126826,0.229195,0.340188,0.088744,0.197904,0.349891,0.233331,0.369582,0.299247,0.247783,0.303072,0.294995,0.123457,0.318673,0.315445,0.265641,0.168363,0.332022,0.328007,0.212440,0.284736,0.198960,0.197755,0.275644,0.212742,0.366051,0.154104,0.320617,0.253717,0.335972,0.399643,0.456856,0.190862,0.299936,0.252803,0.257533,0.171285,0.249718,0.209278,0.167498,0.258590,0.355155,0.262547,0.224453,0.160043,0.290428,0.317544,0.272736,0.232516,0.341748,0.360604,0.193182,0.222669,0.224782,0.148060,0.341026,0.322595,0.169747,0.295378,0.339088,0.247753,0.362801,0.203387,0.155182,0.321877,0.282424,0.386015,0.135270,0.315215,0.210781,0.234341,0.237344,0.251811,0.434551,0.272880,0.111806,0.320588,0.427578,0.108859,0.356445,0.343809,0.224680,0.357403,0.056903,0.377869,0.208965,0.388875,0.222645,0.343955,0.196505,0.195716,0.315336,0.122238,0.256675,0.191742,0.312521,0.214682,0.285161,0.225015,0.309999,0.349122,0.154064,0.300940,0.198789,0.205419,0.337105,0.250367,0.254880,0.303261,0.233178,0.146310,0.318006,0.254134,0.266360,0.403136,0.257246,0.222794,0.200784,0.292890,0.267360,0.210588,0.435683,0.109708,0.131510,0.295446,0.294013,0.127996,-0.012309,0.312205,0.158453,0.288509,0.322220,0.156096,0.322834,0.250528,0.250534,0.137208,0.316273,0.131722,0.272776,0.312090,0.222191,0.319219,0.139852,0.227075,0.173449,0.304906,0.254932,0.308865,0.384407,0.129665,0.280762,0.284107,0.228659,0.055080,0.358317,0.299069,0.322397,0.231861,0.087951,0.317240,#
