0,1.000000,0.110840,0.113551,0.088831,0.207704,0.063700,-0.089111,-0.092604,0.122789,0.078525,0.113534,-0.014409,0.017083,-0.045928,0.177520,0.282046,0.163378,0.154625,0.203844,0.207683,-0.001681,0.029195,0.157819,0.307736,0.091879,0.112190,0.119318,-0.078932,0.024228,0.105693,-0.000135,0.182848,0.058932,0.108553,0.214970,0.016785,0.085551,-0.022695,0.178058,0.121325,0.115167,0.013968,0.272240,-0.032410,-0.009966,-0.015944,-0.010513,0.311960,0.165342,0.286611,0.064979,0.079180,0.034328,0.167733,0.165830,0.149432,0.155043,0.075297,-0.043845,0.035633,0.108378,0.086605,0.218156,-0.064418,-0.070598,-0.020453,-0.004735,0.187116,0.090796,0.101662,0.100297,-0.042469,0.195623,0.195480,0.057656,-0.206033,0.233951,0.168361,0.094795,0.009567,-0.001638,-0.028645,0.013013,0.193792,0.288837,0.044672,0.274401,0.153223,0.181388,0.129694,0.094993,0.015703,0.204677,0.008562,0.126185,0.263692,0.120051,-0.053987,0.096366,0.159057,0.197373,0.103270,-0.085694,0.181896,0.102567,0.071565,0.226541,0.182953,0.193113,-0.036105,-0.029873,0.104413,-0.024937,0.141587,0.098154,0.095333,0.052208,0.007174,0.014589,-0.024475,0.127850,0.137531,0.232284,0.060701,0.156646,0.138553,0.114342,-0.132400,0.072848,0.194570,0.159259,-0.008419,0.044529,0.060917,0.086403,0.109971,0.151402,0.020533,-0.086664,0.104204,0.244157,0.108100,0.066044,0.051530,0.056490,-0.000140,0.099420,0.066049,0.216104,0.078883,-0.151779,0.087921,0.146910,-0.055197,0.174716,0.229543,0.171089,0.127264,0.025369,0.076650,0.094890,0.178541,-0.031535,-0.072485,0.022266,0.212220,-0.041813,0.147949,0.236236,0.065265,-0.005335,0.003189,0.088335,0.158497,-0.104594,0.213690,0.272724,0.130702,0.088219,-0.083975,0.085067,0.170567,0.034607,0.038727,0.061782,-0.056130,0.104716,0.261908,0.281320,-0.020280,0.040020,0.166488,-0.033249,0.081571,0.196670,0.128091,-0.017787,0.098190,0.172898,0.171200,#
1,0.110840,1.000000,0.149960,0.065443,0.127923,0.099856,0.213752,0.169202,0.266328,0.094590,0.264685,0.235348,0.049282,-0.001971,-0.006263,-0.011210,0.095841,0.129787,0.007201,0.184521,-0.021753,0.181229,0.062276,0.004119,0.060420,0.113870,0.078008,0.212863,-0.214832,0.141522,0.110460,0.104965,-0.055528,0.118194,0.011084,0.214137,0.039798,-0.051789,0.233491,0.079108,-0.035431,0.025742,0.211146,0.071013,0.054735,0.109386,0.356171,0.107199,0.160046,0.020656,0.108906,0.022082,0.211764,0.245791,0.157221,0.130609,0.053531,-0.083580,-0.047636,0.070501,0.045249,0.089764,0.211843,0.001765,-0.069369,0.168614,0.079333,0.173159,0.101355,0.218671,0.164600,0.139442,0.267343,0.055440,0.136353,0.088806,0.050917,0.121570,0.279926,0.108240,0.141628,0.151924,0.067093,0.073366,0.274549,-0.146314,0.150569,0.190971,0.103314,-0.037880,0.032347,0.135201,-0.065794,0.051668,0.025089,0.081279,-0.018322,0.016173,0.033422,0.079312,0.176031,0.070912,0.086466,0.059009,0.038514,0.106621,0.171424,0.186002,0.101255,0.100504,0.080492,0.136986,0.003709,0.121512,0.173228,0.288207,0.119772,-0.031441,0.055360,0.050657,-0.121656,0.126319,0.171073,0.186928,0.077968,0.058928,0.119897,0.172937,0.153795,0.135070,-0.014749,0.034367,0.062818,0.185276,0.248502,0.094198,0.165673,0.226323,0.159687,0.225047,0.163475,0.026678,0.049542,0.218962,0.219702,-0.039631,0.085746,-0.066855,0.105251,-0.061520,0.117259,0.068157,0.017386,-0.102183,0.202327,0.213970,-0.036185,0.052988,-0.155441,-0.122448,-0.024858,0.160137,0.233934,0.155695,0.111054,0.055388,-0.027591,-0.082435,0.096634,0.254570,0.146972,0.196623,0.051445,0.085127,0.066415,0.176708,0.140538,0.121346,0.169257,-0.019746,0.062556,0.057506,0.122043,-0.065353,0.190911,0.101193,0.079940,-0.112674,0.179329,0.226445,0.238977,0.123772,-0.203518,0.119895,0.150278,0.081729,-0.100251,0.177620,-0.022700,0.279417,#
2,0.113551,0.149960,1.000000,0.021982,0.219977,0.064350,0.058607,0.056551,0.058335,0.062944,0.199554,0.305820,0.055022,0.124406,-0.103341,0.177369,-0.012536,-0.012125,0.053841,0.045084,0.169550,0.186813,-0.067264,-0.006019,0.094148,0.244321,0.132886,0.038680,-0.144048,0.049627,-0.025082,-0.036679,-0.001161,-0.032343,0.075550,0.011611,0.123545,-0.072271,0.068337,-0.071510,0.125106,-0.016054,0.272502,-0.046986,0.075357,0.019914,0.122283,0.007351,0.052638,0.058657,0.086583,0.154694,0.090006,0.056007,0.035179,-0.049453,0.080219,-0.045631,0.120322,0.139658,0.284764,-0.016312,-0.075916,0.075399,0.178040,0.074400,0.143187,0.020050,0.119735,0.035469,0.089191,0.202021,-0.073920,0.121253,0.172615,-0.020364,0.030381,0.069811,0.024600,-0.031754,0.119176,-0.118569,-0.003430,-0.080013,0.140551,0.058179,0.178395,0.117675,0.134705,-0.064386,-0.033315,0.179528,0.100986,0.103733,0.066493,0.173062,0.112682,-0.010328,0.126583,0.010897,0.108114,0.080716,-0.124492,0.212658,0.028977,0.074135,0.153169,0.199444,0.092204,0.152094,0.167737,0.123350,0.173566,0.038681,-0.026313,0.221279,0.181858,0.003957,-0.226001,0.016961,0.004129,-0.046532,0.006218,0.052855,0.072363,-0.024191,0.157181,0.023343,0.145903,0.020913,-0.029106,0.139696,0.088781,0.084682,0.137425,0.060646,0.163680,0.000538,-0.031331,-0.054529,0.171045,0.057909,0.111889,0.017482,0.335320,-0.063549,-0.198301,0.006281,0.108903,0.002210,0.030793,0.085415,0.238285,0.132021,0.034670,-0.009351,0.072265,-0.087159,0.031230,0.063292,-0.069347,0.181859,0.109552,0.084509,0.062303,0.120251,-0.009819,-0.082527,-0.044230,0.033585,-0.072283,0.286389,0.033528,0.070111,0.077589,0.061777,0.170145,0.053677,-0.144641,-0.045405,0.108258,0.130259,-0.137674,0.146856,0.016482,0.146478,0.062926,-0.094765,0.210916,-0.069168,0.069785,0.148746,0.074096,0.012464,0.120757,0.034166,-0.173465,0.134801,0.124332,0.207504,#
3,0.088831,0.065443,0.021982,1.000000,0.128133,0.085687,0.157618,-0.013865,0.261028,0.042168,0.123565,0.114684,0.087295,-0.046353,0.155144,0.043874,0.038143,0.108181,0.250831,0.117268,0.123459,0.077076,0.135525,0.262705,0.132656,0.236821,0.126334,0.081787,0.096761,0.129066,0.128337,0.140227,0.306041,0.172250,-0.037034,0.097536,0.126063,0.217218,0.288135,0.114724,-0.013201,0.257060,0.204019,0.223795,-0.013277,0.033707,0.016871,0.130659,-0.054343,0.129644,0.109996,0.109246,0.213811,-0.024026,0.099645,0.185221,0.128719,-0.037839,0.010301,0.151597,0.154126,0.018756,0.036699,-0.061548,0.261521,-0.008172,0.052822,-0.085200,-0.056215,0.189660,0.116981,0.104716,0.137279,0.081072,0.092057,0.064451,0.098819,0.073870,0.070150,-0.040687,0.244336,0.103377,0.110621,0.037210,0.205659,0.024467,0.008167,-0.005449,0.210647,0.088733,0.220829,0.129866,0.039153,0.103902,0.086404,0.119822,0.153164,-0.125603,0.102870,0.086567,0.225415,0.017797,-0.016874,0.006212,0.302207,-0.085216,0.207800,0.254007,-0.081267,0.029686,0.179567,-0.046555,0.124552,0.073741,0.027632,-0.022031,0.088445,0.104583,0.046992,0.000551,0.089019,0.040829,0.092057,0.126134,0.025458,0.151845,0.156425,0.207374,-0.018473,0.085014,0.222718,0.187804,0.136598,0.127008,0.039334,0.138502,-0.049101,0.064566,0.102314,0.094298,0.125357,0.201152,0.142707,0.028666,0.062951,0.033063,0.188451,0.281276,0.045438,0.116738,-0.007167,-0.043831,0.039639,0.142106,0.147761,0.051056,0.010794,0.098552,0.136052,0.113290,0.067755,0.081728,0.095629,0.226217,0.082276,0.059383,0.039144,-0.007949,-0.009104,0.051185,0.128657,-0.105763,0.009058,-0.025412,-0.041163,0.141920,0.133135,0.119221,0.011692,0.073447,0.056737,0.262801,0.131598,-0.182069,-0.025981,-0.032829,0.122621,0.065405,0.038207,0.070006,0.117526,0.055574,0.122375,0.125865,0.140178,0.112216,0.167475,0.151774,0.065799,0.008951,#
4,0.207704,0.127923,0.219977,0.128133,1.000000,0.240848,0.009504,0.150698,0.261763,0.130189,0.016006,0.151080,0.202075,0.064556,0.120390,0.151254,0.034112,0.156378,0.168903,0.379591,0.318828,0.042276,0.160799,0.250925,0.083706,0.302695,0.095366,0.027631,0.136538,0.075094,0.077041,0.137446,0.147957,0.062477,0.067996,0.159796,0.382542,-0.017571,0.196996,0.140698,0.037564,0.253167,0.152418,0.104168,0.336855,0.196218,0.356379,0.135212,0.108417,0.140637,0.073420,0.147130,0.091656,0.256103,0.310426,0.282290,0.189682,0.113502,0.139504,0.071925,0.243668,0.196909,0.083766,-0.076003,0.111912,-0.018012,0.037615,0.147846,-0.039632,0.131994,0.268134,0.202881,0.193866,0.128421,0.142772,-0.050100,0.119095,0.174311,0.249764,0.121125,0.259735,0.206104,0.017835,0.049738,0.442905,0.062106,0.150428,0.184668,0.140348,0.154471,0.258023,0.044667,0.158138,0.033448,0.159168,0.262861,0.127978,0.075204,-0.010957,0.127414,0.138937,0.046958,0.113194,0.186462,0.147281,0.164285,0.084069,0.274429,0.083580,0.179646,0.245894,0.220346,0.187957,0.281863,0.050990,0.019270,0.172058,0.029216,-0.043550,0.037585,0.009393,0.079547,0.143100,0.049758,0.275378,-0.020103,0.263606,0.124976,0.227698,0.120381,0.178912,0.006161,0.171293,0.229667,0.262127,0.175139,0.030050,0.093587,0.188446,0.107064,0.258405,0.012003,0.240522,0.070412,0.217950,0.228342,0.119469,0.270574,0.119475,0.097292,0.053390,0.156713,0.223276,0.316112,0.233663,0.102787,0.328727,0.133313,-0.021979,0.167198,0.162258,0.152415,-0.022267,0.035834,-0.130849,0.176367,-0.045544,0.083037,0.081708,0.088524,-0.106865,0.083411,0.390223,0.231367,0.155262,0.204587,0.270425,0.243032,0.090719,0.082048,0.047930,0.005379,0.169278,0.113482,0.116752,0.091918,-0.092698,0.196005,0.169162,0.295760,-0.006726,0.185963,-0.035723,0.093523,0.193676,0.237123,0.095044,0.214065,0.171608,0.342364,#
5,0.063700,0.099856,0.064350,0.085687,0.240848,1.000000,0.023428,0.178333,0.203073,0.177276,0.179537,0.139053,0.299757,0.050618,0.108897,0.004748,0.066359,0.137882,-0.104723,0.216285,0.050715,-0.120465,0.127146,0.126113,0.162236,0.106665,0.149711,0.183265,0.138714,0.170771,0.165011,0.173869,0.246349,0.120604,0.008364,0.161458,0.213404,-0.017384,0.154491,0.038070,0.225328,0.166870,0.097305,0.274368,0.051957,0.121301,0.229405,-0.048514,0.263737,0.087484,0.161602,0.170849,0.085404,0.083399,0.098436,0.273304,0.107381,-0.095088,0.269275,0.052029,0.019037,0.186081,0.097463,-0.007639,0.221823,0.086210,0.106952,0.106864,0.147218,-0.045181,0.103180,0.162206,0.196038,0.106448,0.056812,0.079845,0.178636,0.135928,0.246010,0.115547,0.168488,0.098916,0.235576,-0.005786,0.122063,0.069716,0.146173,0.117952,0.112228,-0.111351,0.056367,0.223940,0.280907,0.294221,0.098030,0.259730,-0.004446,0.150972,0.217453,0.088618,0.068665,0.117533,-0.170621,0.128708,0.103139,0.158499,0.136168,0.229016,0.137852,0.083799,0.161252,0.217261,-0.001886,0.118029,0.130508,0.052272,0.051596,0.083327,-0.024953,0.024348,-0.091396,0.190862,0.048501,0.137253,-0.067649,-0.045919,0.087842,-0.057104,0.111877,0.129084,0.275245,0.067958,0.166852,0.186848,0.285634,0.257118,0.079554,0.172107,0.119513,-0.060996,0.178549,0.128534,0.146445,0.242056,0.266497,0.128962,0.077500,0.050986,0.092489,0.121966,0.118796,0.016027,0.171996,0.136373,0.144807,0.178610,0.178921,0.017170,0.140023,-0.078201,0.176756,0.067123,0.173473,0.148233,0.054445,0.111417,-0.059505,0.173750,0.255625,0.201301,0.287235,0.161583,0.078218,0.128551,0.014086,0.129096,0.274041,0.189362,0.199233,-0.031832,0.173545,0.024808,0.326750,0.094063,0.042261,0.200760,0.169854,0.005160,0.043209,0.032823,0.087520,0.152542,0.017465,0.064638,0.120715,0.016235,-0.068630,0.235551,0.061788,0.272519,#
6,-0.089111,0.213752,0.058607,0.157618,0.009504,0.023428,1.000000,-0.050294,0.180549,-0.036254,-0.015175,0.100184,0.098697,0.075791,-0.083237,0.078507,0.038390,0.007959,0.104188,-0.046936,0.138200,0.098884,-0.108843,-0.112194,0.018416,0.150431,0.006314,0.097834,-0.080639,0.182290,0.007674,0.045578,-0.095844,0.043346,-0.136120,0.031898,-0.015323,0.054066,-0.014666,0.103296,-0.079346,-0.087039,0.087384,0.067704,0.058558,-0.022256,0.008531,-0.132233,0.044370,-0.036609,-0.069620,0.018604,0.069041,0.124003,-0.029309,0.025523,-0.168479,-0.070940,0.051787,0.124927,0.183838,-0.097007,0.068349,-0.063421,0.058880,0.221532,0.069331,0.079781,-0.013283,0.006436,0.067649,0.065643,-0.090195,0.101020,0.175952,-0.003885,0.081012,0.045814,0.146716,-0.105831,-0.011380,-0.038878,0.100546,-0.074773,0.055455,0.039442,-0.034135,0.082414,-0.073905,-0.131085,0.040506,-0.033291,-0.079521,-0.064255,0.005780,-0.015290,0.111591,-0.013996,0.030143,0.187767,0.018526,0.127106,-0.000329,-0.119396,-0.181620,0.063420,0.033965,-0.005940,0.034301,0.134981,0.063932,0.093471,0.003386,-0.238967,0.006917,0.046297,0.230159,-0.103553,-0.026084,-0.087136,-0.004410,-0.005500,-0.083176,0.032425,0.015281,0.103475,-0.012667,-0.006440,-0.099082,-0.052547,0.057267,-0.020622,-0.013303,-0.056333,0.022883,0.061933,0.006138,-0.075570,0.074419,0.098623,-0.049174,0.097197,-0.080850,-0.076641,-0.039211,0.001001,0.021897,-0.035022,0.035358,-0.192358,0.193630,-0.068022,0.085746,-0.088830,0.185474,-0.004829,-0.062056,0.198853,-0.050360,-0.107019,-0.181166,0.089869,0.172402,0.158637,0.023063,0.082209,-0.067290,-0.044212,-0.024517,-0.007668,-0.104265,-0.000355,0.028725,-0.032335,0.145530,0.041786,-0.114577,-0.012928,0.194724,-0.118015,-0.005574,-0.065867,0.134813,-0.002608,0.124666,0.106499,-0.051161,0.001255,-0.028719,0.108404,0.032828,0.071203,-0.103869,0.164057,-0.086456,-0.095183,0.062472,0.124965,-0.039818,0.149163,#
7,-0.092604,0.169202,0.056551,-0.013865,0.150698,0.178333,-0.050294,1.000000,0.279114,0.079539,0.209938,0.291338,0.066376,-0.017313,0.196526,0.047514,0.161780,0.265508,-0.063730,0.090063,0.055572,0.083260,0.171245,0.075126,0.124446,0.083725,0.092159,0.179029,-0.064415,0.038568,0.054803,0.021488,0.058253,0.091585,-0.032558,0.063205,-0.039257,-0.090893,0.182814,0.142137,0.039882,0.070253,0.020657,0.181869,0.251017,0.147906,0.154926,0.048333,0.130472,0.048230,0.153986,0.072490,-0.011296,0.173157,0.089947,0.092908,0.137746,0.241496,0.093954,0.006238,0.204396,0.150599,0.094102,-0.071649,0.183605,0.112940,0.082082,-0.036388,0.069796,0.293135,0.099488,0.075731,0.263924,0.112620,0.104803,0.042514,-0.048460,0.127091,0.140889,0.257775,0.169703,0.030327,0.107411,0.036019,0.081163,0.093694,0.062723,-0.033029,0.114888,0.126630,-0.102520,0.086658,0.063340,0.129473,-0.027216,-0.071561,-0.086349,0.113716,-0.027552,0.101161,0.116768,0.019172,-0.024070,0.092544,-0.042823,0.130803,0.218151,0.093357,0.051475,0.202735,0.032548,0.024880,-0.024125,0.081002,0.337523,0.192148,-0.094206,-0.135793,-0.083147,0.251157,0.012145,0.143781,-0.019769,0.158562,0.159352,0.078423,0.254078,0.159035,0.062482,-0.037489,0.045293,0.038556,0.238160,0.022018,0.297998,0.221167,-0.155508,0.287089,0.076009,0.059023,0.179480,-0.011430,0.007065,-0.020167,0.173013,0.082073,0.106172,0.046656,0.064455,0.095660,0.143561,0.091801,0.116318,0.174438,-0.039891,0.239768,0.183763,0.126862,0.085334,0.154346,-0.014581,-0.005405,0.204693,0.014419,-0.155399,0.277056,0.089330,-0.085734,0.009378,0.068479,0.080425,0.121497,0.193503,0.116038,0.183141,0.053835,0.042933,0.055114,-0.128861,0.266114,0.217396,0.111767,0.070814,0.055550,-0.182978,0.117057,-0.075786,-0.171191,0.157313,0.250489,0.175527,-0.058413,-0.020179,-0.060447,0.070192,0.067898,-0.101076,0.160389,0.149659,0.117157,#
8,0.122789,0.266328,0.058335,0.261028,0.261763,0.203073,0.180549,0.279114,1.000000,0.170301,0.194227,0.183606,0.177117,0.076985,0.225122,0.136580,-0.007233,0.186157,0.101335,0.164423,0.010944,0.170114,0.170742,0.220155,0.007558,0.174721,0.063681,0.174868,0.013022,0.231516,-0.015726,0.146096,0.043475,0.058262,0.039025,0.160108,0.193217,-0.030505,0.141955,0.075581,0.055660,0.192896,0.114752,0.138283,0.214794,0.085769,0.080157,0.105791,0.238606,0.145090,0.206575,0.336350,0.009060,0.316830,0.108843,0.360665,0.203452,0.235724,-0.001465,0.199309,0.260433,0.166512,0.272749,-0.188888,0.166766,0.235235,0.116910,0.049682,0.252089,0.175105,0.226734,0.064415,0.208547,0.094249,0.202766,0.121224,0.111421,0.162441,0.211206,0.102445,0.258869,0.220655,0.116796,0.019972,0.274351,0.105555,0.133280,0.100679,0.052874,0.205558,0.112854,0.196403,0.067334,-0.018066,0.344437,0.241665,0.182766,0.046446,0.111516,0.092033,0.192803,0.123309,0.064778,0.188935,0.205021,0.091488,0.175377,0.175754,0.016961,0.185095,0.049900,0.056592,-0.029767,0.145733,0.268128,0.258143,0.064364,0.059336,0.026889,0.231318,0.120449,0.150815,0.184735,0.131699,0.079698,0.184126,0.124453,0.272872,0.018570,0.239187,0.103216,-0.074770,0.264303,0.245851,0.305105,0.218658,0.000875,0.137889,0.178020,0.093012,0.218656,0.170698,0.259704,0.092983,0.071880,0.078496,0.305048,0.185135,0.143477,0.047983,0.230326,-0.026971,0.166496,0.206507,0.329417,0.375495,0.180328,0.267318,0.109646,0.173465,0.001811,0.074006,0.103455,0.207543,0.129905,0.190149,0.137054,-0.080714,0.224601,0.151347,0.107389,0.170453,0.120662,0.072811,0.197110,0.090216,0.065577,0.211912,0.170044,0.100172,0.154577,0.168641,0.035117,0.128373,0.103583,0.174694,0.034422,-0.010944,0.125969,0.236953,0.224719,0.021276,0.121641,0.094536,0.318960,0.116119,0.059378,0.127673,0.096511,0.107403,#
9,0.078525,0.094590,0.062944,0.042168,0.130189,0.177276,-0.036254,0.079539,0.170301,1.000000,0.275597,-0.059950,0.056080,0.044539,0.132982,0.164786,-0.039144,-0.009064,-0.115463,0.211557,-0.011416,-0.016624,0.078977,0.094931,-0.033087,-0.012880,0.133782,0.077553,0.085607,0.027325,0.244382,0.072984,-0.063363,0.182812,0.265010,0.078919,-0.071215,0.117234,0.098057,-0.117380,0.251072,0.038338,0.104016,-0.134804,0.088471,0.084263,0.082209,0.038081,0.048353,0.053686,0.014556,0.192064,-0.103707,0.007479,0.080185,0.238897,0.063247,0.099300,0.164694,-0.047999,0.204725,0.111485,0.167546,-0.003594,0.206822,0.117804,0.011751,-0.028143,0.068194,-0.089402,0.307288,0.196503,0.106244,0.065413,0.064588,0.052525,-0.069542,-0.024320,0.195821,0.106390,0.108617,0.175692,-0.085727,-0.117870,0.260886,0.057579,0.084040,0.118230,-0.143774,-0.180120,-0.045004,0.140768,0.115713,-0.099365,0.052913,0.114469,0.137414,0.182516,0.139836,-0.127830,0.059547,0.086022,0.233824,0.012994,0.286436,-0.000955,0.085728,-0.091953,0.187385,-0.037286,-0.024365,0.074223,0.076785,0.266616,0.034607,0.046420,-0.114601,0.030022,0.101471,-0.055270,0.055223,0.183336,-0.001750,0.158610,-0.078272,0.058880,-0.188566,0.138972,0.127871,0.208031,0.107690,-0.065973,0.023712,0.178466,0.139520,0.145393,0.118993,0.185868,0.107098,-0.168708,-0.036912,0.072689,0.132010,0.088266,0.042986,0.040005,0.102948,0.130609,0.038842,0.198728,0.095180,-0.187069,0.318551,0.148590,0.171786,0.123047,0.114207,0.218311,0.153929,-0.044012,0.074830,0.019306,-0.034766,0.280923,0.016816,0.026628,0.015806,-0.029576,0.247409,0.000659,0.081231,0.105342,0.016478,0.166914,0.063597,0.197037,0.104522,0.015023,0.004467,-0.028035,0.032509,-0.032788,0.159597,0.081475,-0.080306,0.065588,-0.061653,-0.037333,0.334301,0.053308,0.100873,0.012206,-0.103953,0.091805,-0.026865,0.159455,0.023979,0.044532,0.015588,0.065476,#
10,0.113534,0.264685,0.199554,0.123565,0.016006,0.179537,-0.015175,0.209938,0.194227,0.275597,1.000000,0.054224,-0.082414,0.001526,0.065893,0.078843,0.061838,0.096826,0.073648,0.123831,-0.030362,0.048038,-0.123634,0.086030,0.085078,0.021425,0.014135,0.233905,-0.052249,0.099951,0.097653,0.152611,0.106153,0.080378,0.099514,0.086673,0.027756,0.030557,0.262828,0.041862,0.197109,0.025103,0.032548,-0.062826,-0.040040,0.040845,0.141705,0.121392,0.132828,0.225584,0.004258,0.155272,0.045309,0.115868,0.056874,0.158365,-0.050228,-0.119770,-0.014797,0.169156,-0.025313,0.104719,0.079636,0.119443,0.220720,0.203592,0.220062,0.028053,0.081201,0.051198,0.068902,0.175982,0.187461,0.073572,0.068082,0.066901,-0.026102,0.026861,0.058115,0.056389,0.244624,0.029633,0.177471,0.054488,0.298577,-0.050714,0.087427,0.132906,0.026364,0.074038,-0.057865,0.143353,0.124594,0.055166,0.117867,0.228156,-0.012759,-0.094177,0.202779,0.031289,-0.006455,0.011754,0.003265,-0.057019,0.168116,-0.139988,0.129456,0.201430,0.059519,0.035203,0.026809,0.107975,0.017196,0.087659,0.295853,0.264105,0.034827,-0.027662,0.029409,0.065333,0.045293,0.230674,-0.056277,0.109192,-0.067822,-0.035022,0.113137,0.177897,0.101491,0.108807,0.202640,0.002777,0.027899,0.099899,0.098912,0.085751,-0.066870,0.360052,0.062101,-0.022370,0.257111,0.026930,0.090071,0.049391,0.115043,-0.073801,-0.023573,-0.085199,0.041504,0.092380,0.061148,0.132954,0.268988,-0.001846,0.162962,0.110485,0.149625,-0.097340,0.063022,-0.020282,0.124468,-0.051519,0.294456,0.132827,0.046142,0.057145,0.178188,-0.034409,0.123440,0.223237,0.133541,0.076822,-0.041775,0.164460,0.063910,0.019745,0.161886,0.170804,-0.044060,0.009622,0.035546,0.050442,0.196394,-0.028840,0.058272,0.161298,-0.012807,-0.234005,0.153208,0.113339,0.259230,-0.036029,0.034526,-0.017292,0.197110,-0.004812,-0.134784,0.130527,0.046127,0.287511,#
11,-0.014409,0.235348,0.305820,0.114684,0.151080,0.139053,0.100184,0.291338,0.183606,-0.059950,0.054224,1.000000,0.061422,0.070024,-0.043583,-0.009813,0.058735,0.165419,0.117534,-0.174493,0.022549,0.167241,-0.093244,0.021578,0.188534,0.266986,-0.066752,0.198057,-0.172920,0.194769,0.115403,0.080873,0.037278,0.083355,0.134273,0.149815,0.134276,-0.054647,0.102330,0.236839,-0.131586,0.141336,0.310866,0.149017,0.031119,0.153049,0.092371,-0.043295,0.141526,0.018756,0.068232,0.129044,0.100500,0.310528,-0.041804,-0.029327,-0.081823,0.243204,0.133974,-0.001533,0.148173,0.055364,0.143409,-0.083693,0.050528,0.231746,0.150241,0.187589,0.126685,0.182419,0.024470,0.028679,0.237771,0.083632,-0.093625,-0.043899,0.075982,-0.058698,-0.023632,0.087761,0.157956,0.115377,0.140688,-0.019208,0.214483,-0.108133,0.036801,0.121047,0.147301,-0.057430,-0.020679,0.183759,0.236735,0.366380,0.022202,0.131403,-0.045240,-0.008670,0.163242,0.172864,0.119155,0.073086,-0.075344,0.143023,-0.051342,0.179624,0.202028,0.306947,0.089014,0.131085,0.219012,0.105000,0.082584,0.113295,-0.060551,0.259513,0.029461,0.020834,-0.161422,0.115851,-0.052487,0.037356,0.140779,0.060290,0.129356,-0.007680,0.048573,0.075618,0.143149,0.037695,0.007352,0.194298,0.247508,0.124403,0.149215,0.070129,-0.198236,0.264677,-0.026301,0.232485,0.145348,-0.005134,0.071066,0.120664,0.183446,0.039207,0.106050,-0.021800,-0.040974,-0.051950,0.039923,0.242501,0.098432,0.124498,0.115003,0.154927,0.081721,-0.013125,0.102152,-0.005071,0.071111,0.214125,-0.022234,-0.020833,-0.038786,0.080467,0.232282,-0.018302,0.038983,0.195880,0.020891,0.038690,-0.054821,-0.053642,0.147972,0.088492,0.052777,0.084100,-0.012677,0.022685,0.225439,0.073192,0.097077,-0.163712,-0.105358,0.070374,-0.050345,0.038505,0.066761,0.247536,0.129305,0.011167,0.205086,0.203020,0.274755,0.019479,0.035273,0.145035,0.042100,0.160261,#
12,0.017083,0.049282,0.055022,0.087295,0.202075,0.299757,0.098697,0.066376,0.177117,0.056080,-0.082414,0.061422,1.000000,0.071294,0.201848,0.056407,0.312079,0.142523,0.117725,0.264772,0.068896,0.152662,0.153424,0.226001,-0.046243,0.160009,0.195662,0.154366,0.079010,0.093775,-0.052290,0.228092,0.193821,0.069507,0.086987,0.199476,0.139122,-0.022240,0.101090,0.092514,0.078474,-0.020520,0.152099,0.291272,0.259681,0.229903,0.220700,-0.046712,0.172197,0.066637,0.243704,0.050642,0.022844,0.254934,0.127946,0.144505,0.020338,0.086920,0.050530,-0.111791,0.092565,0.344745,-0.043114,0.172140,0.288614,0.063011,-0.008626,0.111934,0.128241,0.013688,0.120819,0.113972,0.193246,0.068438,0.241818,0.192885,0.121656,-0.026283,0.111596,0.071853,0.240536,0.137625,-0.051189,0.033943,0.114494,0.074093,0.091717,0.212500,0.221696,0.010671,0.054330,0.101501,0.087424,0.108229,0.173365,0.197886,0.332022,0.121914,0.049456,0.084517,0.106970,0.180558,0.023500,0.130370,0.156006,0.014809,0.100819,0.055646,-0.085304,0.013680,0.323957,0.082774,0.092720,0.091373,0.084467,-0.050194,0.223050,-0.123972,0.106408,-0.044782,0.144709,0.113052,0.194289,0.231751,0.120779,-0.099976,0.117713,-0.017851,-0.042849,-0.056761,0.116037,-0.024100,0.105744,0.101497,0.216604,-0.025202,0.190308,0.089172,0.232598,0.084145,0.137873,0.065009,0.166538,0.103229,0.013418,0.157631,0.046103,0.138602,0.041558,0.097132,0.029780,0.184620,0.133548,0.099619,0.016766,0.213521,0.053579,-0.041222,0.035512,0.069127,0.028490,0.332167,0.155840,0.160397,0.184654,0.043521,0.129927,0.113736,0.047745,0.049143,0.125886,0.127359,0.112372,0.143415,0.177519,0.106198,0.159036,0.213011,0.144005,-0.013553,0.103287,0.162320,0.152095,0.029294,0.059352,0.072033,0.176962,0.202416,0.051738,-0.015636,0.074379,-0.080936,0.078596,0.123275,-0.051299,0.098295,0.106720,0.211984,0.097675,0.024319,#
13,-0.045928,-0.001971,0.124406,-0.046353,0.064556,0.050618,0.075791,-0.017313,0.076985,0.044539,0.001526,0.070024,0.071294,1.000000,0.118769,-0.041684,0.229913,-0.006789,0.125301,0.197490,0.097730,0.039699,-0.075967,0.051416,-0.142598,0.250263,0.208793,0.127790,-0.015619,0.036853,0.125647,0.141391,0.096399,0.056403,0.158796,0.034121,0.014364,0.032726,-0.138133,0.150211,-0.063474,0.123521,0.076419,0.042746,0.113678,0.142369,0.144035,0.031517,0.152376,-0.020441,0.091576,0.075219,0.034172,0.278029,0.023646,0.123458,-0.053596,0.120127,-0.024215,0.144639,0.170395,0.160721,0.130747,-0.017980,0.139724,0.036365,0.275766,0.193787,0.194181,-0.009089,0.089357,0.076719,0.046441,-0.035506,0.189438,0.113553,0.167567,0.135583,0.190956,0.076729,0.132391,0.180768,0.030358,0.222124,0.141645,0.091713,0.129075,0.049215,0.097680,-0.070989,-0.020433,0.046917,0.047957,0.158733,0.072822,-0.016299,0.072347,-0.003238,0.025293,0.260596,0.107965,0.237611,-0.001948,0.236815,0.091781,0.098345,0.107316,0.065761,0.188771,0.111605,-0.040843,0.062810,0.319014,0.081542,0.222156,0.171200,0.184906,0.096650,-0.112529,0.184020,0.088699,0.078252,0.180851,0.069528,0.127617,-0.127189,-0.019772,-0.143575,0.115849,0.067722,-0.001920,0.076772,0.011521,0.060472,0.214043,0.064820,0.086813,0.121346,0.178558,0.136454,-0.190249,0.033884,0.313641,0.216361,0.146177,0.151356,0.119584,0.173679,-0.013861,0.047726,0.016405,0.121686,0.148577,0.183274,0.195025,0.215488,-0.076825,0.179231,0.121155,0.178579,-0.073014,0.247232,-0.001852,0.284102,-0.014628,0.042418,-0.086736,-0.092320,0.088001,-0.021669,0.052558,0.269614,0.094868,0.103690,0.113486,0.072198,0.044323,0.078720,0.140680,-0.138213,0.040422,0.204843,0.041037,0.092938,0.201825,0.163166,0.223483,0.045499,-0.073442,0.084927,0.183741,0.042770,0.022383,0.145644,-0.002059,0.178382,0.015875,-0.014987,0.142172,0.110297,#
14,0.177520,-0.006263,-0.103341,0.155144,0.120390,0.108897,-0.083237,0.196526,0.225122,0.132982,0.065893,-0.043583,0.201848,0.118769,1.000000,0.203389,0.116919,0.115706,0.169368,0.223127,0.117694,-0.006339,0.128819,0.262566,-0.006294,-0.017676,0.159074,0.109557,0.112610,0.069973,-0.058782,0.190628,0.006214,0.062421,0.241658,0.069838,0.133397,0.109666,0.052989,0.224631,0.023643,-0.095457,0.150662,-0.009437,0.233231,0.245669,0.103810,-0.049457,0.045066,0.152466,0.176013,0.033829,0.221565,0.226224,0.294007,0.220591,0.234077,0.039688,0.009473,0.043485,0.283283,0.183927,0.074039,-0.035319,0.095776,-0.097879,0.176917,0.138528,-0.055242,0.200314,0.215339,0.016531,0.091975,0.204395,0.298265,0.081202,0.237536,0.122067,0.075626,0.044249,0.153578,0.161148,0.055276,0.118343,0.142539,0.125115,-0.062402,0.060129,-0.014815,-0.017563,0.056650,0.181394,0.123496,0.103534,0.179688,0.059626,0.211672,0.072667,-0.037606,0.046334,0.159156,0.205421,0.036383,0.193019,0.165726,-0.084710,0.145838,0.034914,-0.114034,0.137134,-0.053659,-0.176535,0.000878,0.195452,0.077673,0.051286,0.036935,-0.064260,0.047531,0.124675,0.201222,0.212717,-0.052805,0.065973,0.105684,-0.030888,0.023331,0.156952,0.111595,0.247263,0.033321,-0.021287,0.035598,0.028964,0.066594,0.148939,-0.138728,0.045374,0.071719,0.030998,0.102282,0.173197,0.220373,0.155226,-0.042908,0.309858,0.069037,0.092742,-0.043775,0.024203,0.211002,0.109578,-0.028922,0.127699,0.166442,0.217147,0.223692,0.071265,0.002474,0.148575,-0.058853,0.170054,0.079578,0.074609,0.129420,0.046324,0.072599,-0.057332,0.075374,0.238549,0.186499,0.070146,0.078184,0.076767,0.047854,0.025468,0.204305,0.203634,0.184721,-0.028666,0.128419,0.198463,0.075488,0.042314,0.052495,0.012675,0.061624,-0.244359,0.044460,0.243283,0.010693,0.001924,0.025372,0.132685,0.040842,0.030818,-0.113769,0.054612,0.158328,-0.034866,#
15,0.282046,-0.011210,0.177369,0.043874,0.151254,0.004748,0.078507,0.047514,0.136580,0.164786,0.078843,-0.009813,0.056407,-0.041684,0.203389,1.000000,0.231391,0.204848,0.152567,0.144826,0.012738,0.052611,0.144479,0.254844,0.041060,0.185725,0.121708,0.085342,0.111640,0.188352,-0.018055,0.148459,-0.007768,0.171457,0.076326,0.036202,0.002561,-0.080527,0.110412,0.037640,0.112952,0.084836,0.172004,0.074202,0.163051,0.015900,-0.137294,0.015653,0.062666,0.202254,-0.183963,0.239359,0.102222,0.144425,0.168710,0.086923,0.071535,0.061901,0.164663,0.141756,0.152057,-0.053741,0.194359,-0.057400,0.090965,0.150973,0.060050,0.132289,0.022512,-0.078307,0.201233,0.094553,0.042442,0.110326,0.070488,-0.003395,-0.046606,0.093415,-0.011734,0.104532,0.212873,-0.095439,-0.131461,0.209087,0.184197,0.122049,0.078173,0.259642,0.040098,0.117840,0.067854,0.114418,0.047313,0.049090,0.042076,0.035983,0.278765,-0.011070,0.060977,0.104784,0.167719,0.046858,-0.084411,0.058692,-0.042220,0.001654,0.098411,0.008134,0.006589,0.119493,-0.041553,0.229106,0.018259,0.039532,0.023145,0.180420,-0.069832,-0.199680,-0.035859,-0.080806,0.149954,0.132372,0.096935,0.059222,0.107933,-0.011708,0.083374,0.216382,-0.005398,0.166290,-0.018086,0.061699,0.061639,0.073057,0.161576,0.159115,-0.041790,-0.071902,0.004150,-0.052265,-0.022576,0.156049,0.035714,0.045718,0.225728,0.021123,0.003819,0.106935,0.284875,-0.006805,-0.008632,-0.093515,0.090959,0.123213,0.005893,0.212432,0.127304,0.141328,0.036108,0.117434,0.018321,0.006249,0.208888,0.085625,0.008747,0.214022,0.123306,0.088079,0.136870,-0.039955,-0.097303,0.105527,0.033441,0.005097,0.164230,0.006000,0.292631,0.107937,-0.048221,0.148128,0.156760,0.004252,0.029884,0.247376,-0.001764,0.044276,-0.045083,0.115038,0.020827,0.060728,-0.086619,0.003206,0.069292,-0.000617,-0.053126,0.125913,-0.002887,0.096586,0.080249,-0.120772,#
16,0.163378,0.095841,-0.012536,0.038143,0.034112,0.066359,0.038390,0.161780,-0.007233,-0.039144,0.061838,0.058735,0.312079,0.229913,0.116919,0.231391,1.000000,0.096511,0.054698,0.421126,0.103682,0.088519,0.006435,0.081929,-0.089998,0.214801,0.193681,-0.059707,-0.015208,0.314138,-0.044194,0.227612,-0.002725,0.217842,0.120711,0.093142,0.067270,-0.054613,0.166318,0.061227,-0.118176,-0.001547,0.178882,0.171838,0.114045,0.245464,0.026339,0.041866,0.113261,0.073607,0.060581,0.141974,0.196221,0.224011,0.111932,0.049379,0.043753,0.000689,0.059961,-0.113194,0.006168,0.314567,0.214847,0.111929,0.126678,0.034198,-0.073614,0.373112,0.087344,0.136927,-0.090755,0.176926,0.266695,-0.021180,0.079660,0.150751,-0.006254,0.268142,0.143170,0.072211,0.058620,-0.017304,-0.042677,0.244271,0.227039,0.110424,0.147017,0.143126,0.177761,-0.001668,0.053296,0.132671,0.121903,-0.021767,0.055340,0.049430,0.173863,-0.008110,0.016225,0.178751,-0.026995,0.022775,-0.130058,0.038997,0.034504,0.111371,0.150262,0.098406,-0.009220,0.075132,0.113231,0.072508,0.094538,0.064586,0.210201,0.194018,0.080754,0.035103,0.024109,0.176801,0.185789,0.226294,0.153572,0.171028,0.272912,-0.056836,0.151053,-0.065686,-0.003890,0.157564,0.040037,-0.123527,0.260319,-0.214330,0.306335,0.193350,-0.066837,0.184025,0.087667,0.138658,-0.002235,0.096925,0.093319,0.066941,0.195931,0.024068,0.058085,0.120779,0.232287,0.196571,-0.141424,0.266581,-0.036150,0.086822,0.152878,0.174871,0.030822,0.103831,0.023008,0.109713,0.044689,0.234005,0.171829,0.151498,0.068875,0.054166,0.125456,0.064495,0.044673,-0.012615,0.019487,0.089563,0.004125,0.037620,0.063764,0.118035,0.034109,0.080857,0.177832,-0.054169,0.073370,0.140590,0.059990,-0.084468,0.045955,0.134867,0.151568,0.157979,0.091075,0.126732,0.240958,-0.163303,-0.175638,0.063509,0.056818,0.266265,-0.004184,0.079588,-0.072165,0.068683,#
17,0.154625,0.129787,-0.012125,0.108181,0.156378,0.137882,0.007959,0.265508,0.186157,-0.009064,0.096826,0.165419,0.142523,-0.006789,0.115706,0.204848,0.096511,1.000000,0.034431,0.155193,0.196045,-0.014952,0.041138,0.191793,-0.063435,0.135020,0.106104,0.008436,-0.000988,0.099491,0.109812,0.035082,0.219493,0.016308,0.078679,0.167279,-0.211241,0.054084,0.225521,0.088900,0.156100,0.117548,0.039622,0.153425,0.075302,0.148969,0.125974,0.049605,0.058234,0.055852,0.053071,0.067491,-0.015991,0.157835,0.085831,0.164496,0.144697,0.050767,0.044931,-0.013661,0.156256,0.175830,0.043267,-0.009625,0.121576,0.202483,0.176919,0.189530,0.080852,0.105034,-0.038093,0.228061,0.132301,-0.031458,-0.003752,0.188851,-0.039647,0.001093,-0.053833,0.184055,0.094135,0.044285,0.221152,0.061225,0.043730,-0.064786,0.195622,0.078230,0.134158,0.113305,0.070244,0.028082,0.201937,0.113788,-0.050611,0.138635,0.003652,0.110269,0.111547,0.075177,0.073081,-0.130589,-0.069155,0.162359,0.032731,0.040950,0.156535,0.130225,0.088294,-0.022553,0.093668,0.210133,-0.004203,0.150837,0.118790,0.124299,-0.037256,-0.049925,-0.026857,0.102105,-0.014987,0.164454,0.093639,0.057344,0.261770,0.058109,0.038989,0.028941,-0.030753,0.027805,0.170593,0.062450,0.147771,0.049059,0.195856,0.160012,0.102635,0.178421,0.090951,0.165286,0.179933,0.105232,0.109594,0.102992,0.150487,0.193271,-0.016854,0.108926,-0.009952,-0.032373,0.074862,-0.078089,-0.012340,0.078112,0.205415,0.260780,0.101415,0.115998,0.206178,0.050110,0.080278,0.098088,0.142034,0.186909,0.005699,0.162184,0.059416,0.078574,0.115104,-0.071449,0.110435,0.014596,0.047546,0.040106,0.154064,-0.023835,0.198554,0.105808,-0.134241,0.247500,0.158401,0.165850,0.122105,0.063956,-0.047401,0.010768,0.050854,0.022181,0.123589,0.133752,0.168024,0.109413,0.093894,0.069815,0.203164,0.075548,-0.080447,0.080617,-0.034500,0.086032,#
18,0.203844,0.007201,0.053841,0.250831,0.168903,-0.104723,0.104188,-0.063730,0.101335,-0.115463,0.073648,0.117534,0.117725,0.125301,0.169368,0.152567,0.054698,0.034431,1.000000,-0.018425,0.113737,0.108325,0.046012,0.212096,0.063828,0.088470,-0.007849,0.191171,0.016040,-0.052046,-0.033963,-0.052353,0.083871,0.067269,0.206999,0.146641,0.205344,0.052496,0.037440,0.373834,-0.003535,0.157531,0.155492,0.012404,0.142200,0.014791,-0.023963,0.040863,-0.009837,0.190454,0.119566,0.047909,0.191047,0.078676,0.108748,0.174858,0.062476,0.082146,-0.114206,0.035607,0.129911,-0.012681,0.177498,0.012019,0.178883,0.003356,0.211960,0.128969,-0.120790,0.017034,-0.005873,0.016930,0.016878,-0.048189,0.019411,0.052937,0.060658,0.084224,0.023687,0.033923,0.055508,0.009164,0.031543,0.203670,0.101798,-0.091289,0.143462,-0.004629,0.100995,0.098804,0.194982,0.011025,-0.049346,0.105820,0.033489,0.260598,0.250231,-0.005552,0.011731,0.132480,0.106551,0.054199,0.027136,0.015176,0.216562,-0.022338,0.097198,0.026102,-0.018378,0.038671,0.235708,0.098657,0.156942,0.040582,0.000647,0.137777,-0.027482,-0.237629,0.025668,0.168467,0.049792,0.063966,0.105798,-0.096280,0.064472,-0.111036,0.037427,0.127693,0.202643,0.006604,-0.017538,0.197868,-0.029104,0.127510,0.138318,-0.056776,-0.061796,0.134554,-0.073478,0.165926,0.001783,-0.012668,0.125374,0.089222,0.047149,0.129614,0.035250,0.109766,-0.087911,-0.021375,-0.057013,0.127942,0.019419,0.076589,0.101053,0.176335,0.180278,0.065997,-0.099888,0.289923,0.089753,0.135302,0.070811,0.127851,0.008983,0.220734,0.101451,0.036986,0.006044,0.229968,-0.158469,0.021048,0.133036,0.101094,-0.059158,0.244460,0.141394,0.076186,0.170117,-0.145705,0.007698,0.044971,0.134841,-0.076754,0.057092,-0.130226,0.249518,0.012144,0.063362,0.080611,-0.018188,0.076188,0.167314,0.053840,0.082168,0.042941,-0.014556,0.160651,0.187354,0.029823,#
19,0.207683,0.184521,0.045084,0.117268,0.379591,0.216285,-0.046936,0.090063,0.164423,0.211557,0.123831,-0.174493,0.264772,0.197490,0.223127,0.144826,0.421126,0.155193,-0.018425,1.000000,0.150137,-0.015641,0.134849,0.166490,-0.080907,0.323305,0.203261,0.089578,0.012438,0.166205,0.181112,0.203625,0.068857,0.090112,0.068181,0.213770,0.041955,-0.106277,0.240913,0.111884,0.090568,0.142856,0.085915,0.058937,0.111983,0.222808,0.210274,0.230984,0.155144,0.272416,0.137835,0.162889,0.022133,0.257843,0.244156,0.229792,0.130333,-0.023137,0.174728,0.057896,0.241485,0.382491,0.202299,0.143156,0.334322,-0.071856,0.107167,0.198951,-0.045783,0.139905,0.221279,0.118803,0.173112,0.106099,0.228141,0.307720,0.041705,0.235288,0.378194,0.087481,0.212676,0.138001,0.114924,0.122697,0.232555,0.054885,0.141126,0.207214,0.187371,-0.057614,0.058297,0.146596,0.134370,-0.025759,0.050530,0.264455,0.208303,0.163218,-0.057651,0.074415,0.110064,0.055104,0.075250,0.193811,0.255585,0.214948,0.169786,0.282398,-0.009154,-0.024092,0.141454,0.150694,0.099664,0.203857,0.230858,0.047574,0.204566,0.154980,0.109364,-0.144649,0.194870,0.203433,0.244827,0.240350,0.307861,0.030825,0.273655,0.093940,0.018814,0.166825,0.027344,-0.132111,0.199309,0.115957,0.309247,0.143145,0.051567,0.247623,0.106782,0.072597,0.051313,0.174541,0.145512,0.052252,0.177373,0.095701,0.060915,0.165752,0.209413,0.037120,0.064005,0.232347,0.122225,0.148730,0.282340,0.124294,0.156441,0.077125,0.098245,0.149847,0.230163,0.153818,0.160151,0.140610,0.126112,0.188290,0.003363,0.123177,0.269563,0.014937,0.072637,0.152389,0.263127,0.281751,0.142792,0.073018,0.212408,0.221738,0.192791,-0.060619,-0.052402,0.180010,0.182612,0.140208,0.178728,0.125625,0.070042,0.153147,0.172434,0.141533,0.352860,0.143280,-0.161731,0.055264,0.085973,0.291889,-0.047783,0.130259,0.163406,0.243618,#
20,-0.001681,-0.021753,0.169550,0.123459,0.318828,0.050715,0.138200,0.055572,0.010944,-0.011416,-0.030362,0.022549,0.068896,0.097730,0.117694,0.012738,0.103682,0.196045,0.113737,0.150137,1.000000,0.070587,0.004133,0.006990,0.164479,0.281515,0.101619,-0.076068,0.038822,0.022247,-0.056740,-0.058436,0.005632,0.034897,0.012619,0.042901,0.156032,0.009357,0.111719,0.156502,0.039243,0.171364,0.006057,-0.068406,0.263055,0.058768,0.267419,-0.040456,-0.006735,0.047317,-0.183186,0.080895,0.001020,0.184234,0.142142,0.147621,0.132433,0.109791,0.056453,-0.130465,0.226858,0.131455,0.115477,-0.026094,0.026354,-0.121175,0.037907,0.137169,0.093771,0.139781,0.181076,0.277139,0.056597,-0.018101,0.010360,-0.078501,0.034002,0.226208,0.170516,-0.122972,0.099348,0.063447,0.094864,-0.030516,0.137585,0.116798,0.087247,0.026071,0.214089,-0.063610,0.077823,0.027933,0.086199,0.107158,0.150863,0.021363,0.113486,0.145639,0.107678,-0.078960,0.102222,-0.007456,0.129682,0.013069,0.110495,-0.014104,0.057513,0.105857,-0.085872,0.140486,0.135103,0.186799,0.029900,-0.003701,0.068821,0.145142,0.217288,0.017126,-0.062102,0.158649,0.053323,0.183033,-0.012591,-0.059228,0.070881,-0.040983,0.080501,0.037499,0.184073,0.072318,0.148586,0.001260,0.058664,0.073610,0.183310,0.051086,0.156047,-0.040849,0.135508,0.031827,0.152612,0.110538,0.186865,0.088877,0.116429,0.121000,-0.086792,0.139169,0.133114,0.173302,0.226729,0.034222,-0.110905,0.197104,0.068209,0.071267,0.049212,0.002335,-0.001505,0.201339,0.052643,0.127839,0.087848,0.163405,0.066068,-0.002697,-0.091449,0.096377,0.070869,-0.027809,0.113764,-0.084740,-0.016311,0.027883,-0.035080,0.066672,-0.021878,-0.007046,0.176463,0.012870,0.070188,0.101901,-0.059254,-0.006491,0.094519,-0.218279,0.102371,0.012821,0.033343,0.334594,-0.032116,0.076258,-0.037491,0.126196,0.149813,0.082379,-0.032925,0.200341,0.141242,0.114506,#
