0,1.000000,-0.017479,-0.119691,0.107290,0.021365,0.050663,-0.068977,0.056162,0.018046,-0.080259,-0.205178,0.002837,0.134941,-0.255499,0.246600,-0.134810,-0.008427,0.022003,-0.029738,0.118567,-0.133688,-0.063261,0.037526,-0.015242,0.097902,0.036091,0.192444,-0.022690,-0.066772,-0.012273,-0.102105,-0.083018,-0.085527,-0.214742,0.133113,0.022182,0.083090,-0.065604,0.062643,-0.017206,-0.039214,-0.030992,0.126990,0.050900,-0.072392,-0.034228,0.051809,-0.087505,-0.053797,-0.009388,0.101963,-0.081060,0.154365,0.156562,-0.073229,0.108366,-0.042934,0.018819,0.001209,-0.134530,0.187228,-0.152833,-0.091629,0.070238,-0.016689,0.142746,-0.246047,0.172134,-0.151562,0.023378,-0.017415,-0.034787,0.004370,-0.106317,0.024876,-0.088241,-0.112668,-0.177272,-0.142169,-0.006900,0.197914,0.045122,-0.125608,-0.032798,-0.099565,0.203807,-0.055770,-0.239236,-0.135508,-0.031554,-0.053057,-0.131768,-0.149850,0.036075,-0.035272,0.101575,-0.083626,-0.045308,0.021958,0.076579,-0.135593,-0.068897,-0.178606,-0.047634,0.095720,-0.207515,-0.242995,0.028975,0.049837,-0.003821,0.129870,-0.107197,-0.098918,-0.093435,-0.105402,0.079692,-0.092938,-0.144275,0.148148,0.097051,0.083964,0.088548,0.057662,0.045220,-0.001459,0.055876,0.020115,0.105388,-0.098773,-0.066065,-0.097911,-0.043399,-0.055236,-0.103290,-0.036150,-0.152689,0.125585,0.112201,-0.100278,-0.029214,-0.185817,0.184992,-0.154335,0.128023,0.050508,-0.017495,0.025566,-0.122273,0.109522,-0.085701,0.040949,-0.216211,-0.023750,-0.189302,-0.097695,-0.057960,-0.021509,-0.063039,0.073152,0.149491,0.118744,0.283011,-0.115528,-0.108384,0.050132,0.084168,0.064173,-0.083551,0.189265,0.036351,0.112647,-0.052265,0.135909,-0.008521,0.068979,-0.183256,-0.037742,0.018753,0.084681,0.005877,-0.068296,0.080694,-0.137476,0.000279,0.074261,0.053811,-0.022109,0.102085,-0.050399,0.122948,-0.092185,-0.078237,-0.005652,-0.080691,-0.015903,-0.107819,-0.118337,-0.114758,-0.155122,0.063921,#
1,-0.017479,1.000000,-0.009488,0.171617,0.044606,0.084603,0.070632,-0.046397,-0.091355,-0.053820,0.088809,-0.093284,0.257320,0.160907,-0.133445,-0.022589,0.116482,-0.013488,0.107730,-0.041354,0.225004,0.148801,0.125176,0.297083,0.027967,-0.041023,0.018031,-0.011557,-0.077097,-0.010644,0.019032,0.220113,0.122585,-0.018585,0.070976,0.102849,-0.114358,0.092328,-0.021267,0.058833,0.091252,0.021485,-0.014000,0.079275,0.129586,0.249809,0.135603,0.050724,-0.075862,0.125684,0.115136,0.143144,0.165135,0.022917,0.061329,0.198482,-0.136703,0.084094,0.124798,0.027975,0.067511,0.038283,-0.028954,-0.050822,-0.068020,0.034818,0.117561,0.087535,0.196590,0.193141,0.091009,0.110483,0.260185,0.026584,-0.054075,-0.032899,0.107602,0.080330,0.173131,0.049711,0.084684,0.189622,0.142872,-0.027954,0.052349,0.085925,0.020240,-0.147939,-0.040345,0.156661,0.099828,0.042812,0.079008,-0.010085,-0.098064,0.015231,0.143707,-0.062007,-0.075088,0.139873,0.007707,0.190863,0.118707,0.214723,0.092702,0.021450,-0.051315,0.200622,0.030926,-0.156247,0.111442,0.124971,-0.050872,-0.002449,0.134833,0.077163,0.218949,0.305136,0.092735,0.003686,0.100220,0.206859,-0.007302,0.154205,-0.025248,0.056442,0.195804,0.187899,0.144643,0.078858,-0.042668,-0.074656,-0.080723,0.240522,-0.044659,-0.009622,0.018082,-0.049126,0.189233,-0.007482,-0.045567,0.029859,-0.202888,-0.093921,-0.125924,-0.047535,0.121158,-0.059972,-0.069182,0.119304,0.069614,0.086213,-0.084497,0.109039,0.163817,0.007267,0.066567,0.026586,0.046379,-0.003997,-0.078579,0.104396,0.097075,0.088719,-0.013242,-0.083839,0.010090,0.159659,-0.027937,0.117015,0.188478,-0.120503,0.140153,0.017705,0.157378,0.011819,0.043887,0.125638,-0.015468,-0.117408,0.033976,-0.117643,-0.002626,-0.059673,-0.114713,0.133084,-0.011282,-0.022412,-0.008941,-0.024284,-0.061968,0.106505,0.055922,0.211754,0.150094,0.134200,0.153578,-0.157457,0.110760,0.031482,#
2,-0.119691,-0.009488,1.000000,-0.035329,-0.171812,0.071755,0.006961,0.132186,-0.100575,0.058360,0.086994,-0.197057,-0.024932,-0.037713,-0.056726,-0.088194,0.028795,0.101016,0.130082,0.060164,0.042677,0.048218,-0.167009,-0.074123,0.013653,-0.146845,0.082404,-0.060019,-0.014116,0.046625,-0.043706,0.007979,0.151379,0.005784,0.133961,0.015452,0.108294,-0.090767,0.035109,0.105022,0.285385,0.122245,-0.062265,-0.075280,-0.029781,0.205189,0.050712,-0.055235,-0.040494,0.192599,-0.090825,-0.076973,0.004617,0.216708,0.125289,0.115069,0.063624,0.012941,-0.066250,-0.049161,0.101253,0.125511,-0.041977,0.152633,-0.072299,-0.083454,0.255700,-0.191029,0.242320,0.108897,0.201714,0.120530,-0.009555,0.231512,0.000006,-0.039012,0.053721,0.228101,0.046051,0.218538,0.008791,0.142037,0.023758,0.102383,0.108641,0.175599,0.168899,0.165146,0.104813,0.036755,0.182435,0.038746,0.015031,-0.176596,0.211605,0.015123,-0.044916,0.032533,0.035073,-0.040518,0.094542,-0.230337,-0.191103,0.115949,0.170142,0.230906,0.056618,0.056426,0.252830,0.011617,0.151064,0.034268,0.047385,0.009381,0.031710,-0.076347,-0.070122,-0.028022,0.067437,-0.038164,0.036864,0.157723,0.003077,-0.083388,0.086031,0.189815,0.017296,0.052283,-0.085568,0.170498,0.045520,0.164066,0.107595,0.197188,0.007401,-0.100426,-0.120079,-0.064206,-0.041468,-0.034757,0.046014,-0.005837,-0.026126,-0.020067,-0.008790,0.083024,0.172271,0.090098,0.165876,-0.077676,-0.026781,-0.017636,-0.083280,0.141331,-0.024067,0.181548,0.004031,0.017432,-0.034937,-0.070295,0.025769,-0.275343,0.046228,-0.013343,-0.103717,0.067601,0.170952,0.001561,-0.050809,0.047516,0.145195,-0.047309,0.097872,-0.026816,0.057012,0.188785,0.216873,0.073118,-0.030389,-0.049689,-0.055904,0.182196,0.186900,0.169275,0.084166,0.076758,0.000840,0.113536,0.070490,-0.107859,-0.114778,0.086110,-0.132551,0.235261,0.032386,0.195289,0.139213,-0.050847,-0.097814,-0.032078,#
3,0.107290,0.171617,-0.035329,1.000000,0.099237,0.032493,-0.109728,0.111972,0.017110,0.079129,-0.032587,-0.011063,0.231077,-0.043891,-0.004116,-0.097242,0.190099,-0.042294,-0.028321,-0.022901,0.266367,0.124890,0.014281,-0.023779,0.101836,0.238962,0.102752,0.093298,-0.006500,-0.022144,-0.048320,0.173701,0.025217,0.121228,0.113292,0.020399,-0.001183,0.056627,-0.027486,0.176247,0.041484,0.094305,-0.002589,-0.048325,0.166334,0.134365,-0.020370,0.226622,0.118016,0.035088,0.089279,0.057583,0.145464,0.080118,0.209136,0.060351,-0.193766,0.046954,0.267338,0.029209,0.164513,0.076906,-0.061079,0.056201,0.078656,0.208839,-0.016825,-0.010202,0.030863,0.158339,-0.053854,0.035488,0.229262,0.134140,-0.023320,-0.015880,0.009970,-0.005693,0.158574,0.172670,0.140230,0.118042,-0.007717,0.085226,-0.022443,0.116493,-0.018702,0.087896,-0.041601,0.072079,-0.132645,0.070612,0.147626,-0.028386,0.193964,0.155267,0.016898,0.026011,-0.143318,0.194839,0.014753,-0.060947,-0.140979,0.071450,0.061835,0.068140,0.095555,0.202360,0.016937,-0.002581,0.019728,0.162492,-0.020311,0.079783,0.096829,0.058259,0.216273,0.057824,0.072475,-0.024267,-0.000875,0.000342,-0.076257,0.106848,0.085364,0.077914,0.199242,0.143224,-0.012470,0.109756,0.002599,-0.048503,0.017295,0.248703,0.098498,0.034885,0.088797,-0.046283,0.092431,0.101484,0.025316,0.016686,-0.115488,-0.018860,-0.219776,0.154095,0.091962,-0.001587,0.056162,-0.137919,-0.018005,-0.061989,0.084890,0.015168,0.112052,-0.014159,0.113716,0.118836,-0.004916,0.155964,0.212651,0.213937,0.008941,0.304996,0.166435,-0.013563,-0.063617,-0.007739,0.061811,0.146464,0.142062,-0.024782,-0.020718,0.005991,-0.115231,0.143783,0.018315,-0.022043,0.135218,0.006547,-0.040716,0.129429,-0.038837,0.146012,-0.064540,0.118447,-0.105532,-0.096440,0.170690,0.052289,-0.072792,0.007106,0.219251,0.003918,0.102261,0.118662,0.170537,0.018235,-0.015310,0.168716,#
4,0.021365,0.044606,-0.171812,0.099237,1.000000,0.069089,0.059112,0.003433,-0.086385,0.037705,0.061368,-0.027935,-0.087366,-0.133273,0.041100,0.021535,-0.116221,-0.099028,-0.207799,0.044182,0.096466,0.155817,0.250154,0.148619,-0.066558,-0.117099,-0.047484,0.031900,0.107163,0.116478,0.081457,0.022766,0.020573,-0.014337,0.034667,0.160861,-0.095981,-0.092636,0.108837,0.202206,-0.100736,0.052680,0.079259,0.091216,0.241669,-0.135117,0.209428,-0.014421,-0.113924,-0.045931,0.201123,0.116106,-0.000706,-0.134014,-0.000185,0.051757,-0.088247,0.065399,0.204100,-0.054150,-0.065671,0.045599,0.136826,0.027618,0.240580,0.318673,0.028257,-0.036910,-0.009183,0.060997,0.088340,-0.047755,-0.012435,-0.033104,-0.007795,0.133763,0.110451,-0.003457,0.139279,0.001942,-0.151929,0.170520,0.072017,-0.131372,0.084191,-0.023133,0.012772,0.091190,0.084242,0.150032,-0.029756,-0.115395,0.046897,-0.022972,0.144299,0.079466,0.137765,0.035970,-0.063953,-0.002922,-0.072266,0.192855,-0.030540,0.079318,-0.042825,-0.164785,0.079438,0.008698,-0.010566,0.125849,-0.112681,0.100585,0.251738,0.224918,0.017088,-0.016636,-0.083527,0.279660,-0.023135,0.061207,0.031941,0.010577,-0.002592,0.052956,0.091538,0.068855,0.160119,-0.029449,0.194646,0.077130,0.144509,0.024828,-0.058523,0.060772,0.028350,0.030309,0.005052,0.204081,0.012950,0.085599,-0.036507,0.270494,-0.015736,0.114451,-0.058017,0.120457,0.033187,-0.153338,0.035606,0.029720,-0.030630,0.185471,0.011566,-0.144783,0.131665,-0.074623,0.188773,0.231322,0.148015,0.011813,-0.084928,0.247144,0.014043,0.173753,0.103153,-0.055422,0.124755,0.035846,-0.063381,0.054199,-0.025576,0.021872,0.008974,0.052277,0.019976,0.007416,-0.016247,0.137244,0.067139,0.163514,0.111472,-0.009427,0.027258,0.108103,0.139048,0.169171,0.025516,0.100758,-0.034417,0.120576,0.073355,-0.094354,0.167593,0.009279,0.097172,-0.112832,-0.048376,-0.048871,0.053873,0.042196,#
5,0.050663,0.084603,0.071755,0.032493,0.069089,1.000000,0.012127,0.082343,0.019529,0.044750,-0.082570,-0.180773,0.146020,-0.030905,-0.029707,-0.080841,0.028904,-0.044291,0.106564,0.232307,-0.029230,-0.148468,-0.030961,0.061418,0.168769,0.200366,0.100802,0.138213,-0.022721,0.145812,-0.098284,0.054545,0.007147,0.184489,0.073035,0.100457,0.057805,-0.140498,-0.012204,0.124292,-0.086399,0.120786,0.071390,0.077030,0.078935,0.073682,-0.116735,0.256496,-0.077374,0.110054,0.146592,-0.045488,0.062787,-0.028414,0.157736,0.235103,-0.061252,-0.006908,0.094172,-0.038353,-0.021653,-0.105822,0.040233,0.152728,-0.014121,0.055535,-0.177539,-0.003358,0.089698,0.129168,0.208198,0.117556,0.068242,0.098753,0.087481,-0.052696,-0.180000,0.257418,0.065985,0.030994,0.042562,0.121599,0.013147,0.005995,-0.023965,-0.039977,-0.046200,-0.012960,0.108222,-0.067634,0.246817,-0.079784,-0.068101,0.011092,0.014101,-0.221359,0.147544,0.112773,0.102360,-0.061722,0.080358,0.031768,0.163898,0.109987,-0.006251,-0.042484,0.093160,0.173362,-0.066133,0.023468,-0.037887,-0.019951,0.096220,-0.003223,-0.049011,-0.127561,0.237305,0.176262,0.125772,0.028664,0.014191,0.118697,-0.025040,0.133130,0.044501,0.122666,0.285406,-0.026206,0.032681,-0.094439,-0.014800,0.089008,0.067208,0.169577,0.029315,-0.200965,-0.140318,0.158627,-0.049485,-0.054628,-0.053334,-0.087335,0.001349,0.008236,0.242794,0.040912,0.017250,0.140000,0.069512,0.124084,0.170108,0.019628,0.259932,-0.023649,0.145262,-0.036130,0.139300,-0.017807,0.052954,-0.008646,0.005774,0.198140,0.044966,0.056266,0.078550,-0.119288,-0.162209,0.132896,0.061843,0.000726,0.218194,0.098190,0.032351,-0.003977,-0.121602,0.200424,0.236420,0.096760,0.115216,0.134407,0.087856,-0.092158,-0.206221,0.079071,0.006929,0.109519,0.027265,0.131864,0.258758,0.189196,-0.022433,0.124707,-0.022490,0.218175,0.079649,0.108596,-0.048033,0.141291,-0.013688,0.180800,#
6,-0.068977,0.070632,0.006961,-0.109728,0.059112,0.012127,1.000000,-0.097221,0.086902,0.102692,0.224128,-0.038006,0.073796,-0.134285,-0.224405,0.446209,0.156626,0.135843,0.022334,-0.094064,-0.111429,0.006462,-0.062908,-0.040126,0.186668,-0.022767,-0.026279,0.060977,0.106830,-0.042145,0.024926,0.161378,0.042117,0.119436,-0.032363,0.059553,-0.039154,0.080193,-0.129359,0.035857,0.105080,-0.029180,0.305747,0.147673,-0.119959,-0.056403,0.088361,0.132265,-0.077413,0.120524,-0.075058,-0.009348,-0.010931,-0.137055,0.008294,-0.048299,-0.079115,0.027790,0.006529,-0.096668,0.152764,0.094575,0.035124,-0.075239,0.146346,0.048469,0.055685,0.086220,0.062418,-0.036566,0.174738,0.201435,-0.111094,-0.083982,0.023461,0.098607,0.221376,0.056373,0.141033,0.081737,-0.012298,0.121844,-0.112751,0.103081,0.019881,-0.131605,0.132499,0.041938,-0.073391,-0.020555,0.019644,0.056900,0.081328,0.046680,0.058727,0.046926,0.231753,0.019768,-0.098292,-0.009826,-0.009903,0.053002,0.088942,0.046777,0.136805,-0.044943,0.084794,0.155883,0.167291,-0.014192,-0.044807,-0.088100,0.066808,0.208566,0.069960,0.155173,-0.085933,0.094957,-0.080371,0.191961,-0.027035,0.186613,-0.259240,-0.046514,-0.008670,0.001458,-0.055531,-0.068409,0.086739,0.043487,0.069725,0.077435,0.036054,0.043932,0.060544,-0.154727,0.156723,-0.093453,0.045278,0.196902,0.059691,-0.069220,-0.060625,0.019350,0.036118,0.076357,-0.020323,0.233762,0.009622,0.015601,0.042273,0.116304,-0.116843,-0.026478,-0.002954,-0.001262,-0.032446,-0.089480,-0.084898,0.074419,-0.151775,-0.023185,0.021648,0.023083,-0.205479,-0.007604,0.098099,0.033503,0.020031,0.031848,-0.051368,0.190089,-0.223536,-0.118785,0.047061,0.151784,0.048212,0.199741,-0.048686,-0.033609,0.051161,0.022461,-0.024759,0.053163,0.014542,0.012952,0.161370,-0.067247,0.018594,0.097854,-0.015232,0.130513,-0.075381,0.084725,0.032046,0.072488,0.035903,-0.124180,0.051889,0.098246,#
7,0.056162,-0.046397,0.132186,0.111972,0.003433,0.082343,-0.097221,1.000000,0.159085,-0.092817,-0.164045,-0.187745,0.154491,0.014970,0.065346,-0.043984,-0.015394,0.145703,0.053449,0.071432,0.127814,0.053063,0.000266,-0.092866,0.074751,0.125654,-0.043331,-0.083816,0.087225,0.203471,-0.008860,-0.037433,0.111795,-0.018780,0.077372,0.070969,-0.134220,0.116189,0.238372,0.144907,0.066030,0.215516,-0.058834,-0.023637,0.018281,0.148014,0.102089,0.189508,0.156196,0.097605,-0.104438,0.069904,0.060891,0.051936,0.188168,-0.052665,0.022455,-0.250598,0.213514,0.205139,0.007830,0.170324,-0.010546,0.095463,0.102056,0.046698,0.101347,-0.099616,-0.187569,-0.025236,0.107745,0.032958,0.092032,0.144627,-0.101926,-0.071524,-0.104088,0.039844,0.015843,0.070582,0.146803,0.053525,0.042185,0.035173,0.047829,0.237578,0.032881,0.100291,-0.086342,0.172087,0.097095,-0.063762,0.189315,-0.000885,0.179494,0.144573,0.101118,0.223764,0.210282,0.054092,0.111120,-0.105169,-0.223594,-0.091065,0.091005,0.070528,-0.091443,0.141805,0.100833,-0.115535,0.155303,0.048191,0.222920,0.041847,0.228361,-0.010753,-0.071692,-0.018706,0.168835,0.149483,0.031185,0.099986,0.132717,-0.032008,-0.010463,0.138435,-0.030643,0.054261,0.012654,0.048133,-0.042554,0.137561,0.088519,-0.089590,-0.054036,-0.033514,-0.088122,0.183528,0.046824,-0.002045,-0.024983,0.006260,-0.032316,-0.034588,0.115343,0.063109,0.077797,-0.012967,-0.107484,0.017055,-0.138146,0.181494,-0.018919,-0.077538,0.064569,0.255972,0.115630,0.090036,0.013890,-0.063409,0.084790,-0.068912,0.110310,-0.034948,-0.016836,0.005807,-0.023141,-0.093340,-0.209711,-0.103508,0.167219,-0.030940,0.116575,0.103687,0.121484,-0.024706,-0.034044,-0.025500,0.051053,-0.051137,0.061581,0.034588,-0.095742,0.138392,0.045618,0.092095,0.138225,0.088031,0.131994,0.121715,0.036584,0.086110,0.091226,0.031559,0.072285,0.036403,0.034513,0.087746,0.062922,0.006772,#
8,0.018046,-0.091355,-0.100575,0.017110,-0.086385,0.019529,0.086902,0.159085,1.000000,-0.000110,0.017841,0.130459,0.093730,0.099992,0.025500,0.147077,0.005271,-0.011711,-0.175358,0.126805,0.162390,0.013697,-0.099637,0.099626,0.193276,0.128477,0.021485,-0.144611,-0.028449,0.071196,0.045976,0.061611,0.113963,-0.034185,-0.013493,0.357862,0.029120,0.038173,-0.039105,0.008352,0.027034,-0.078962,0.297256,0.166553,-0.002752,-0.068721,-0.000217,-0.032132,0.099268,0.076368,0.051553,0.108058,0.152112,-0.023137,-0.023837,0.049455,0.027461,-0.015553,-0.028002,-0.048723,0.135351,0.108072,0.230558,0.147294,0.074276,0.126905,0.139481,0.120941,0.155706,-0.067165,0.110564,0.223368,0.154105,-0.031635,-0.008627,-0.017794,-0.113669,0.043817,0.122636,0.030508,0.094472,0.110779,-0.114930,-0.052311,-0.009525,-0.001567,0.147238,0.050085,-0.123025,-0.089293,0.150048,0.037289,-0.060761,-0.001407,-0.089056,-0.010047,0.237502,0.208376,0.207289,0.180377,-0.028521,-0.239745,0.120876,0.193815,-0.134325,0.134294,0.051424,-0.017274,-0.050685,0.141042,-0.068066,0.010304,0.023272,-0.002058,-0.108742,0.039519,0.108516,0.035151,-0.038957,0.128650,-0.025588,0.054209,0.076443,0.182055,0.044637,0.052767,-0.118887,-0.037242,0.134857,0.155781,-0.043622,0.234879,0.084537,-0.066391,-0.123309,0.152092,0.001098,0.007118,0.114992,0.049251,-0.051815,-0.088256,-0.043101,-0.305761,0.071081,-0.052450,0.018021,0.290375,-0.039334,0.103727,-0.014589,0.186024,-0.091784,0.196777,0.104058,-0.020332,0.086147,0.133252,0.234812,-0.093601,0.053567,-0.145763,-0.036208,-0.100586,-0.114176,-0.041791,-0.020663,0.188168,0.092616,-0.139246,0.029275,0.183680,-0.211418,0.053203,0.084414,0.020847,0.075465,-0.057959,0.098985,0.067720,0.130815,-0.026858,0.012267,0.002405,-0.030476,-0.100270,0.211580,0.096440,0.011306,0.171819,0.169768,0.117377,0.120777,0.076965,0.013675,-0.042860,-0.249979,0.005478,-0.040642,0.221848,#
9,-0.080259,-0.053820,0.058360,0.079129,0.037705,0.044750,0.102692,-0.092817,-0.000110,1.000000,0.013970,-0.047614,0.068124,-0.107505,0.014803,0.081533,-0.025962,0.094458,-0.150328,-0.153413,0.018960,-0.033461,-0.099998,0.016519,0.071330,-0.072850,0.098971,0.033418,-0.128035,-0.095124,-0.035644,0.088533,-0.007173,0.004116,-0.055207,0.026932,0.027632,0.013983,-0.018976,-0.000504,-0.063281,-0.093089,-0.063665,-0.079016,0.004390,-0.035059,-0.012748,0.050048,0.150587,0.183724,0.104942,-0.049228,-0.134942,-0.089245,-0.124467,0.015096,0.107403,0.097515,-0.147870,0.062619,0.033081,-0.025833,0.000428,-0.113478,-0.136525,0.055203,-0.050847,-0.038754,0.098808,0.040916,0.088826,0.058689,0.043082,0.048889,-0.191027,-0.014575,0.170513,0.064356,-0.007480,0.128827,-0.008996,0.165051,-0.018104,0.053064,0.067140,0.053115,0.204056,0.145645,-0.035196,0.162198,0.114720,-0.133001,0.129217,-0.129533,0.155530,-0.059590,-0.019133,-0.044145,0.092935,0.083337,0.080260,0.054745,0.067305,-0.010971,0.023542,-0.000117,-0.083794,0.170647,0.067057,0.028430,-0.013711,0.229201,-0.079973,0.026430,0.006723,0.152336,-0.007221,0.041052,0.137929,0.110179,-0.223265,0.011391,-0.066370,0.004077,0.174319,0.117962,0.021020,0.032023,-0.016170,-0.048311,-0.079997,0.023527,-0.008165,0.085869,0.096418,-0.086822,0.023178,-0.042935,0.012031,0.070171,0.141793,0.115795,0.107314,0.125929,0.121359,0.262948,-0.036760,0.206464,-0.012590,0.004056,0.040810,0.094952,-0.000266,-0.024101,-0.060205,-0.044979,0.031367,0.150856,0.210807,0.092022,-0.033910,0.031162,0.177366,0.078264,-0.069579,-0.004526,-0.121579,0.114885,0.158160,0.116974,0.080164,0.003868,-0.023023,-0.231414,-0.090136,0.201521,0.246165,0.105495,-0.056692,0.116201,0.127661,0.184476,0.040837,0.003842,0.075534,0.088472,0.047024,0.067180,0.109125,0.019471,-0.229256,-0.105612,0.008156,-0.084309,-0.158307,0.074996,0.023815,0.034750,-0.044128,-0.049544,#
10,-0.205178,0.088809,0.086994,-0.032587,0.061368,-0.082570,0.224128,-0.164045,0.017841,0.013970,1.000000,0.042354,0.044582,0.030802,-0.118498,0.166209,0.127764,0.020006,0.057251,-0.062665,-0.001949,0.064318,-0.118715,0.121045,0.107998,0.030404,0.039942,0.087393,0.068889,-0.003865,-0.002048,-0.046439,0.007654,0.065625,-0.063232,-0.070624,0.125013,-0.016713,-0.156297,-0.143193,0.125227,-0.060216,0.084439,-0.114121,-0.034456,0.100587,0.198769,0.026117,-0.027916,0.144905,-0.054842,0.199921,0.025299,-0.145939,-0.041950,0.177932,0.066156,0.146642,-0.077388,0.033155,0.061670,0.143919,0.122039,0.110068,0.019505,-0.061310,0.123183,-0.033498,0.086092,-0.125073,0.256391,0.228804,-0.023629,-0.072803,0.127418,0.154780,-0.142319,-0.008163,0.166849,-0.037600,0.043728,-0.059131,0.030152,-0.075143,0.008527,0.036367,0.122765,-0.050265,0.036616,0.210457,-0.005732,0.101850,0.091167,-0.201720,-0.046733,0.014493,0.056903,0.137761,-0.062571,-0.010845,-0.028450,-0.062514,-0.027637,0.059446,-0.025195,0.084143,0.244508,-0.058602,0.006844,0.049944,0.021537,-0.042788,0.140311,0.179830,0.027794,0.109581,-0.025360,0.126879,0.024049,0.003929,0.159730,0.174692,-0.123459,-0.086239,-0.024389,0.059054,0.105724,0.013347,0.125279,0.129998,-0.025942,0.059268,-0.070914,0.104297,0.193675,0.092348,-0.047437,0.073666,0.142166,0.045384,-0.030045,0.013020,0.128969,0.124317,-0.031728,0.237483,0.132881,0.128589,0.031819,0.153492,-0.103967,-0.025049,-0.049642,0.096944,0.141641,-0.089513,0.148534,-0.004040,0.016236,-0.133662,-0.092829,-0.042116,0.046726,0.066913,-0.080444,0.030004,0.070990,0.064171,0.050958,0.067963,-0.189378,0.109144,-0.082805,-0.044782,0.196292,0.151609,0.016309,-0.022196,-0.132918,0.063969,-0.181249,-0.088846,0.078931,0.123505,-0.104047,0.082009,0.164272,0.075482,-0.072538,0.037016,-0.051272,-0.032520,-0.063760,0.268811,0.063548,-0.134081,-0.014779,-0.023419,-0.074710,0.192071,#
11,0.002837,-0.093284,-0.197057,-0.011063,-0.027935,-0.180773,-0.038006,-0.187745,0.130459,-0.047614,0.042354,1.000000,-0.027048,0.060564,0.127826,-0.008052,-0.074384,-0.036903,0.051867,-0.009445,-0.063660,-0.025358,0.045540,0.098081,0.038448,-0.001827,-0.077154,0.034476,-0.119992,-0.009929,0.220542,0.193841,0.065860,0.080034,-0.113868,0.072575,0.066812,0.156365,-0.002128,-0.118083,0.100796,-0.201525,0.066900,-0.044797,-0.000842,-0.231326,0.034070,0.013728,0.067594,-0.052428,-0.223101,-0.028306,0.198629,-0.009779,-0.015331,-0.058235,-0.103342,0.263426,0.022394,0.223034,0.001573,-0.002564,0.166792,-0.009786,0.027452,-0.095425,0.036999,0.133600,-0.014431,0.047739,-0.223568,-0.127142,0.071999,-0.141217,0.219676,0.140168,0.009869,0.012122,0.018278,-0.132914,-0.149718,0.018119,0.051173,0.019440,-0.023537,-0.127061,0.065730,0.037881,0.009872,-0.082734,-0.029337,0.014956,0.002315,0.003908,-0.123602,0.077649,-0.072768,0.113310,-0.046255,0.076924,-0.090806,-0.000454,0.065478,0.013166,-0.079468,0.082768,0.143350,-0.005686,-0.025971,-0.075626,-0.017895,0.108321,-0.065622,0.009550,0.045901,-0.073593,0.004083,0.108834,-0.063082,0.155281,0.092608,-0.100259,-0.017656,0.225380,-0.051482,-0.123431,0.007294,0.109376,0.198620,0.191670,0.049460,0.048655,0.125731,0.024225,0.009232,0.166821,0.062878,0.126432,0.034063,0.226947,-0.072813,-0.175905,0.214315,0.082554,-0.063565,-0.016213,-0.017830,-0.025378,-0.092454,-0.198958,0.060313,0.021519,-0.049857,0.245662,0.001208,-0.092603,0.010671,-0.027092,-0.028972,0.038039,0.041183,0.088836,-0.070945,0.072314,0.080469,0.138052,0.067862,0.087374,0.032036,0.049023,0.109317,0.001491,-0.011287,0.039697,-0.029421,0.091515,0.033297,-0.062538,0.029895,0.054412,-0.045733,-0.070555,0.051716,-0.020488,0.007846,-0.031030,0.103707,-0.007454,-0.116845,-0.128694,0.134239,0.071232,0.103890,0.011529,0.081117,-0.074705,-0.114635,0.092599,0.001443,0.004298,#
12,0.134941,0.257320,-0.024932,0.231077,-0.087366,0.146020,0.073796,0.154491,0.093730,0.068124,0.044582,-0.027048,1.000000,-0.020288,0.017366,0.055733,0.023291,-0.068891,0.128049,-0.141538,0.080118,0.087128,-0.000205,-0.013087,0.268148,0.068247,0.067564,-0.027757,0.020156,-0.035819,0.086473,-0.016745,0.017694,0.098563,0.223213,0.087334,-0.043561,0.015837,-0.203832,-0.001206,0.044548,-0.150261,0.057386,0.101764,0.105121,0.114148,0.244933,0.232947,0.118673,0.271728,0.049751,-0.069469,0.089801,0.049887,0.054869,0.065820,-0.014965,-0.099541,0.252289,-0.026033,0.029928,0.182765,0.091612,-0.125035,-0.036852,0.023069,-0.080540,0.132625,0.168547,0.096113,0.073446,0.127803,0.203382,0.022763,-0.058393,0.138351,-0.065663,0.094696,0.056908,0.181054,0.252281,0.267987,0.108525,-0.104079,0.076982,0.109459,0.030634,0.084459,-0.135627,0.141961,0.148241,-0.052781,0.155381,0.220717,-0.059672,0.087405,0.158108,-0.059926,-0.090407,-0.007943,0.090338,-0.029047,-0.027641,0.033955,0.013830,0.136142,0.046306,0.314511,0.015376,-0.079120,0.166660,0.117746,0.022920,0.001604,0.130776,0.035512,-0.097628,0.151475,0.035295,0.057869,0.100126,0.210076,0.033127,0.110775,0.019657,0.187030,0.039938,0.094108,-0.055146,0.146189,-0.283642,-0.053490,0.022553,0.025853,-0.038859,-0.079615,0.056551,-0.053780,0.139684,-0.144442,-0.061076,-0.115931,-0.079902,0.043882,-0.190877,0.157518,0.148617,0.172684,-0.055774,0.089955,0.077665,-0.008837,0.037600,0.004885,0.210047,0.054604,0.104238,0.195824,0.197919,-0.113241,0.036432,0.150626,0.055557,0.008127,0.062624,-0.035908,-0.023885,0.143115,0.156082,0.072236,0.234252,-0.136101,0.159143,-0.055798,0.086887,0.162360,0.131097,0.054861,-0.269083,-0.010223,0.004838,0.094489,-0.064864,0.045201,-0.100162,0.036220,0.110282,0.056619,0.115951,-0.013876,-0.020955,-0.028927,-0.098465,0.009249,0.010375,0.044683,-0.068314,-0.042965,0.062368,0.178535,#
13,-0.255499,0.160907,-0.037713,-0.043891,-0.133273,-0.030905,-0.134285,0.014970,0.099992,-0.107505,0.030802,0.060564,-0.020288,1.000000,0.050759,-0.103829,-0.153151,0.020795,0.040567,-0.069854,0.018824,-0.016432,0.130116,0.046015,0.005473,0.218461,0.060595,-0.019132,0.011156,0.065943,-0.037109,0.005097,0.020254,-0.018251,-0.149928,0.043856,-0.080596,0.055876,-0.190287,0.065261,0.160233,0.087222,0.158108,-0.159140,-0.019465,0.055202,-0.109783,0.101382,0.108120,0.056322,-0.087773,0.034161,0.028013,-0.026217,0.076096,-0.001352,0.062879,0.125618,0.090892,0.071443,-0.149094,0.124636,-0.064218,-0.156625,0.058181,0.002132,0.233739,0.221627,0.077168,0.031983,-0.054342,-0.046988,0.209635,0.031480,0.024344,0.096998,0.093160,-0.022773,0.012330,-0.037918,-0.038663,0.098546,0.025092,0.095283,-0.112544,0.131722,-0.022638,0.121156,0.159774,-0.012577,0.036130,0.117720,0.160747,0.006080,-0.115925,-0.106786,0.044055,0.039775,-0.030144,0.080971,-0.025943,-0.076844,0.180674,-0.079821,-0.003731,0.089796,-0.086085,0.087249,-0.153225,-0.052272,-0.057006,0.018367,0.026936,0.041641,0.138358,-0.107636,0.046137,-0.008956,-0.022359,-0.109926,0.072963,-0.027549,0.141564,-0.084444,-0.069896,-0.020086,-0.013936,0.059628,0.076857,0.152789,-0.052493,-0.232885,-0.012335,0.118430,-0.025434,0.031122,0.063418,0.058522,0.251505,0.014633,-0.042680,-0.159483,-0.017245,-0.082376,-0.134072,0.053975,0.005987,0.105826,0.083375,-0.151539,-0.056516,-0.046362,0.032375,0.081208,0.051271,-0.079548,0.019778,-0.229953,-0.046205,-0.039868,0.014913,-0.056427,0.150078,-0.101135,-0.075763,0.017393,0.151508,0.106048,-0.091385,0.031057,0.015280,-0.018693,-0.099837,0.178511,0.097186,0.066623,0.071929,-0.119783,-0.040097,0.020119,0.024424,-0.073962,0.100000,0.045999,-0.155009,0.056648,-0.020534,-0.168837,-0.090829,0.067681,0.233811,0.015999,0.057854,0.090506,0.007619,0.047192,-0.153208,0.234016,0.026863,0.010151,#
14,0.246600,-0.133445,-0.056726,-0.004116,0.041100,-0.029707,-0.224405,0.065346,0.025500,0.014803,-0.118498,0.127826,0.017366,0.050759,1.000000,-0.082266,-0.058383,0.121901,-0.157885,0.099699,-0.151844,0.042131,0.082235,0.183429,-0.005146,0.008481,0.063708,-0.028900,-0.009986,0.014571,0.316746,-0.052660,-0.019889,-0.082170,0.096402,0.101146,0.003535,0.024573,0.128439,-0.063905,0.022696,-0.030883,-0.112220,-0.049427,-0.008472,0.094967,0.032854,-0.075019,0.093261,-0.078258,-0.109599,0.130657,0.134920,-0.073276,0.021690,0.105951,0.047496,-0.019650,0.144347,-0.142577,0.019916,-0.083502,0.081721,0.092891,-0.055467,-0.002266,-0.045107,-0.086970,0.023280,-0.004062,0.108993,-0.070811,0.230885,0.140318,0.047592,0.127533,-0.046487,-0.030570,-0.172137,-0.025127,-0.038318,0.012166,0.097292,0.086190,-0.027894,-0.028947,-0.031553,0.018571,-0.051163,0.098782,0.052464,-0.079575,0.147932,0.186078,-0.025915,0.000962,-0.162298,0.044570,-0.143044,0.020907,-0.180800,-0.069551,0.008859,0.010460,0.019482,-0.065801,0.023936,-0.137203,0.133127,0.096693,-0.092341,0.160164,0.070064,0.093336,-0.121705,-0.129666,-0.040750,-0.176355,0.015299,0.047568,0.091632,-0.126209,0.147081,0.151072,0.088995,-0.068182,-0.026765,0.067669,-0.082309,0.027831,-0.010843,0.062894,-0.082764,0.082515,0.017871,-0.091090,0.175547,0.112941,0.008723,0.068545,-0.028771,0.107015,0.023710,0.227539,-0.006790,0.106770,0.038297,-0.034219,0.052778,-0.080569,0.244786,-0.071295,0.236116,-0.038206,0.028140,-0.050895,0.077933,-0.065977,-0.026802,0.072621,-0.004188,-0.007319,-0.008683,-0.129428,0.307119,0.178851,-0.010581,-0.001809,0.071754,0.010792,0.099972,-0.234331,-0.011495,0.004496,-0.043687,0.044300,-0.078355,-0.041052,0.106925,0.046486,0.084965,0.016868,-0.095267,-0.065942,0.021101,0.128747,0.001999,-0.030779,-0.012327,0.027518,0.052154,0.045612,0.107159,-0.021303,-0.139414,-0.145487,-0.076652,0.032657,-0.174563,-0.149614,#
15,-0.134810,-0.022589,-0.088194,-0.097242,0.021535,-0.080841,0.446209,-0.043984,0.147077,0.081533,0.166209,-0.008052,0.055733,-0.103829,-0.082266,1.000000,0.127169,0.071853,0.017337,-0.050521,-0.075712,0.070139,-0.065652,0.186526,0.117087,0.072469,-0.160563,0.073560,0.056520,-0.213405,0.086690,0.196525,0.155327,0.287995,-0.039384,0.058711,-0.007867,0.131560,-0.153270,-0.064986,-0.010057,-0.155680,0.118744,0.092352,-0.035931,0.101276,0.158203,0.011834,0.014340,0.125498,-0.047391,0.099809,-0.041081,0.025962,0.040049,0.092064,0.101828,0.060715,-0.021077,0.050628,0.222110,0.116566,0.177769,-0.003372,0.045472,-0.092611,0.008824,0.078013,0.072294,-0.019121,0.096211,0.031122,-0.045345,0.087071,-0.004578,0.038906,-0.036635,0.033129,0.164574,-0.040110,-0.063024,0.093574,-0.009070,0.113965,-0.018579,-0.061587,-0.038681,0.027760,-0.050953,-0.177669,-0.039152,0.154683,0.139480,0.106441,-0.113025,0.068205,0.111964,0.190429,-0.008855,0.061120,-0.048422,0.140079,0.012302,0.215890,0.110203,-0.061210,0.039833,0.053977,0.009543,0.102700,-0.094824,-0.018854,0.118115,0.051955,0.147286,0.020140,-0.136724,-0.033660,-0.119350,0.276505,-0.080848,0.204736,-0.030239,0.082337,-0.038400,0.035077,0.060921,0.039578,-0.035424,0.213665,0.175468,0.096136,-0.119481,-0.069036,0.056257,0.118121,0.148939,-0.054531,-0.085434,0.199771,0.057382,-0.060276,0.080200,0.071851,0.033453,0.115518,-0.004977,0.083828,0.006150,0.035273,0.126604,0.340218,0.031665,0.041145,0.029420,0.015134,-0.046853,-0.006984,0.130734,0.100586,-0.069434,-0.026824,0.088509,0.180877,-0.052864,-0.041587,-0.018064,-0.058096,0.079275,0.159885,-0.038971,0.135490,-0.163904,0.141235,-0.022259,0.227780,0.071613,0.034810,0.094105,0.097279,0.125598,-0.034865,0.001130,0.027885,0.188392,-0.068494,-0.025503,-0.039947,0.053767,0.081312,-0.015908,0.109175,-0.098627,0.066869,-0.040901,0.133399,0.027530,-0.116202,0.129925,0.058395,#
16,-0.008427,0.116482,0.028795,0.190099,-0.116221,0.028904,0.156626,-0.015394,0.005271,-0.025962,0.127764,-0.074384,0.023291,-0.153151,-0.058383,0.127169,1.000000,0.057487,0.275670,0.160802,0.247244,-0.301996,0.067722,-0.017802,0.124064,0.169473,-0.014200,0.097276,-0.098318,0.002146,0.089333,0.189445,0.035656,0.015495,0.153931,0.048523,0.164190,0.252789,0.051190,0.086780,0.065634,-0.088335,0.070698,-0.073041,0.129563,0.041572,0.113699,-0.021905,-0.022277,0.081712,0.051610,0.106412,-0.030248,-0.046460,0.023676,0.197202,-0.002772,0.143457,-0.028421,-0.041349,0.161951,0.084799,0.114478,0.011713,0.061111,0.094870,0.050783,0.094678,0.099386,0.021913,0.200991,-0.018068,-0.000020,-0.019870,0.005509,-0.009492,-0.023857,0.039114,-0.077434,0.173172,0.228940,0.032145,0.127298,0.034523,-0.028530,0.032768,0.005374,-0.077453,-0.068105,-0.025990,-0.192216,0.048989,0.116953,-0.217698,0.015926,0.104678,-0.065749,0.205883,-0.031192,0.129691,0.034855,0.106994,0.047201,0.190435,0.110561,-0.066999,0.055815,-0.029278,0.277835,0.100432,-0.028428,0.011091,0.069592,-0.004098,0.107403,0.125725,0.292445,0.041699,0.039311,-0.045458,-0.113986,-0.062435,0.019278,-0.006299,0.182056,0.038035,0.060801,-0.037493,-0.002144,-0.037401,0.124674,0.099615,-0.008438,0.106787,-0.063096,0.088897,0.067096,-0.069660,-0.027885,-0.092563,-0.052479,0.007118,0.065554,-0.070059,-0.124527,0.059807,0.207154,0.109560,0.084090,-0.121716,0.027964,0.010496,-0.203164,0.032965,0.097557,-0.000293,-0.065411,0.013750,-0.103867,0.052278,0.157937,-0.083154,0.166250,0.033619,0.203753,0.007742,-0.042678,0.134551,0.039926,0.163641,-0.178741,0.204777,-0.025419,0.150653,-0.044004,0.074973,0.147610,0.229803,0.167701,0.116922,0.073433,-0.001840,-0.083327,0.149175,-0.144897,-0.067611,0.031258,-0.036776,0.171075,0.075118,-0.029122,0.137313,-0.088861,0.075753,0.237312,0.172824,0.152792,-0.016082,-0.098359,0.143369,#
17,0.022003,-0.013488,0.101016,-0.042294,-0.099028,-0.044291,0.135843,0.145703,-0.011711,0.094458,0.020006,-0.036903,-0.068891,0.020795,0.121901,0.071853,0.057487,1.000000,0.072968,0.060026,-0.007088,0.000713,0.026466,-0.193891,0.206752,0.082145,-0.066055,-0.008141,-0.040110,-0.040452,0.032997,0.170511,-0.032161,-0.135829,-0.186884,-0.228724,-0.046696,0.144975,0.150400,0.059155,0.162381,0.096683,-0.021945,-0.007709,-0.015397,0.170971,0.028446,0.099935,0.044586,0.060584,-0.102941,-0.077319,0.074248,-0.025033,0.085117,0.026191,0.078563,-0.022845,0.018397,0.100617,0.081635,-0.088301,0.208357,-0.084400,-0.094056,-0.105309,0.250142,-0.075035,-0.054609,-0.126954,0.120376,-0.058652,-0.074987,0.188644,0.128729,-0.091185,-0.114323,0.079551,0.135558,-0.011049,0.023974,0.168400,0.011497,0.149940,-0.139412,-0.063065,0.155690,-0.038682,-0.056849,0.038426,-0.083818,-0.077030,0.176472,0.044542,0.159746,0.080898,-0.047005,-0.017053,0.115750,0.147464,-0.143788,-0.164804,-0.091395,-0.163516,-0.030508,0.074967,-0.143383,-0.025953,0.004039,0.078311,0.154039,-0.079546,0.091862,0.074738,0.214211,-0.040226,-0.133523,-0.021790,0.070731,0.195174,0.045154,-0.004131,-0.049790,-0.134735,-0.003738,-0.049765,-0.050618,0.132752,-0.011594,0.001526,-0.021559,0.125041,0.118662,0.041256,0.042567,0.041295,0.148770,0.048166,-0.060093,0.223410,-0.074244,0.009749,0.119208,0.050240,0.140065,-0.024557,-0.095243,0.009612,-0.004540,-0.002309,0.097436,0.010917,-0.066103,0.047739,-0.018858,-0.004933,0.095621,-0.199729,0.005729,0.047328,-0.021337,-0.004489,0.108206,-0.100445,-0.124604,-0.148120,-0.068976,-0.080952,0.060124,-0.064036,0.067701,0.015081,0.032659,-0.114784,0.023254,0.034199,0.063195,0.031702,0.056673,0.209756,0.004102,0.016641,-0.057746,0.137362,-0.004845,-0.071427,0.122350,0.070400,-0.019662,-0.058438,0.035426,0.002419,-0.120574,-0.071842,-0.146761,0.138911,-0.030713,-0.117167,-0.005069,-0.175804,#
18,-0.029738,0.107730,0.130082,-0.028321,-0.207799,0.106564,0.022334,0.053449,-0.175358,-0.150328,0.057251,0.051867,0.128049,0.040567,-0.157885,0.017337,0.275670,0.072968,1.000000,0.068381,0.072491,-0.001644,-0.007492,-0.051086,-0.029047,0.111690,-0.063040,-0.039061,-0.019493,0.035991,-0.134457,0.169296,0.018170,0.076445,0.056159,0.011501,-0.003813,0.250748,-0.014311,0.027404,0.139675,-0.046737,0.207889,-0.142008,-0.028828,-0.002822,0.049024,0.225642,0.019467,0.007742,-0.076364,0.047448,0.138175,-0.081056,0.049177,0.033817,-0.007695,-0.032623,0.032280,0.132402,0.096472,0.133924,0.019564,-0.097299,0.091537,-0.111668,0.104380,-0.126980,-0.109825,0.043582,-0.001789,-0.103639,-0.064760,0.007384,0.084892,-0.087544,-0.152917,0.093220,-0.137986,-0.078262,0.065293,-0.012107,0.185191,-0.039126,0.161227,0.280315,-0.267137,0.060008,0.036980,-0.087302,-0.018060,0.001862,-0.000507,-0.032745,0.067334,0.022281,0.011515,0.065220,0.056320,0.071791,0.005653,-0.046273,0.000072,-0.028958,0.073756,0.137346,-0.054247,0.152913,0.078870,-0.001278,0.157258,-0.081161,-0.039581,-0.080983,0.045487,0.011565,0.026104,-0.066139,0.150446,0.045973,0.164303,-0.118814,-0.102715,-0.024658,0.190336,-0.113699,0.123186,0.078475,0.020084,0.013763,-0.100842,0.026143,0.055823,-0.093263,-0.076781,0.058314,0.075989,0.014599,0.007067,-0.065756,-0.149496,0.062969,-0.055922,-0.061479,0.030624,0.018490,0.159122,0.050108,0.091631,-0.065913,0.011392,-0.133035,0.076760,0.100406,0.165835,0.181243,0.028240,-0.131793,-0.191704,-0.094632,0.126802,0.047648,0.121226,-0.061215,0.009578,-0.144703,0.108816,0.015154,-0.054004,0.122426,0.112905,0.042303,0.028124,0.171393,0.076516,-0.006038,0.021152,0.028653,-0.065059,0.016797,-0.041587,-0.013305,-0.059806,0.034605,-0.057761,-0.128853,0.007096,0.014256,-0.083241,-0.001951,0.043035,0.131212,-0.083452,0.103261,0.100184,0.065710,-0.012993,0.182014,-0.031433,0.145681,#
19,0.118567,-0.041354,0.060164,-0.022901,0.044182,0.232307,-0.094064,0.071432,0.126805,-0.153413,-0.062665,-0.009445,-0.141538,-0.069854,0.099699,-0.050521,0.160802,0.060026,0.068381,1.000000,0.040387,-0.163268,-0.064429,0.047503,0.156819,0.044825,-0.001991,-0.025518,-0.268527,0.163489,0.017950,0.123800,0.212997,-0.029253,0.161750,0.129037,0.098560,0.127499,0.118794,0.092056,0.145384,0.122991,0.031262,-0.003310,-0.031199,0.089821,-0.037068,-0.005275,0.120408,0.170591,0.110580,0.061060,0.134818,0.050255,0.046414,0.131110,-0.002450,-0.112076,-0.077317,-0.026579,-0.003940,-0.005663,0.134130,0.065711,0.103622,-0.038494,0.180578,0.058045,0.152271,0.030210,0.152208,-0.014396,0.063019,-0.007801,-0.122493,0.113423,-0.161279,0.060779,0.029297,-0.117710,0.193631,-0.065872,-0.034491,-0.001912,0.059822,-0.008231,-0.064761,-0.036644,0.134714,0.012884,-0.082868,0.048422,-0.160752,-0.023436,-0.005300,-0.065806,-0.012173,0.317257,0.072744,0.166448,-0.125276,-0.085596,0.070435,0.050326,0.046213,-0.068843,0.035464,-0.114106,0.031207,-0.130515,0.035545,-0.042145,0.069291,-0.003827,-0.106818,-0.041239,0.134017,0.025245,0.206667,-0.093479,0.124298,-0.088471,0.070558,0.087856,0.037673,0.111190,0.002330,0.185837,0.084071,-0.032624,0.154316,0.178335,0.030054,-0.010915,-0.150254,0.088474,-0.042604,0.107074,-0.028769,-0.101197,-0.001389,0.101637,-0.099683,-0.179042,0.031509,-0.107724,-0.044107,0.041202,0.156579,0.001861,-0.034973,-0.047731,0.009300,0.093828,0.186360,-0.008746,0.181891,-0.152562,0.128976,0.007750,0.126220,0.139924,-0.055183,0.209702,0.234119,0.166346,-0.101401,0.087099,-0.043295,0.001361,-0.095864,0.130660,0.051004,0.205297,0.112399,-0.085956,0.111928,0.024733,0.106291,-0.008700,-0.006657,0.143550,0.089552,0.038166,0.064944,-0.056285,-0.065293,-0.009297,0.024251,0.154205,0.092620,0.096651,-0.124267,0.080585,0.090174,-0.018050,0.102108,-0.077868,0.011660,-0.022362,#
20,-0.133688,0.225004,0.042677,0.266367,0.096466,-0.029230,-0.111429,0.127814,0.162390,0.018960,-0.001949,-0.063660,0.080118,0.018824,-0.151844,-0.075712,0.247244,-0.007088,0.072491,0.040387,1.000000,0.018721,-0.005284,0.170825,0.161320,0.223763,-0.181543,-0.027075,0.078803,-0.065823,0.150048,0.154919,0.249016,0.060756,0.020800,0.108394,-0.027715,0.061675,-0.027870,0.079454,0.136385,0.027648,0.023410,-0.171083,0.255760,-0.016286,0.082744,0.062582,0.016566,0.028303,0.115121,0.126535,0.048608,-0.027152,0.157109,-0.079137,-0.268846,-0.044302,0.081296,0.054493,0.090510,0.002552,0.137882,0.052032,-0.057691,0.184386,0.114510,0.016166,-0.031672,0.010691,0.127178,0.074751,0.212175,0.084410,-0.190561,-0.068560,0.127759,-0.004178,0.116461,0.082196,0.101560,0.056259,0.090117,-0.119918,-0.005800,0.145684,0.018418,0.172940,0.085096,0.150999,0.008657,-0.008222,0.109370,-0.028400,0.022939,0.136321,0.036488,0.045472,0.101556,-0.013485,0.181501,-0.042692,-0.009622,0.207615,-0.004100,0.130901,0.228642,-0.081527,0.026536,0.208478,0.004951,0.111944,-0.101204,-0.074777,0.126585,0.026487,0.194023,0.052755,-0.022739,-0.062593,-0.032615,0.034152,0.031441,0.100432,0.052691,0.073947,-0.015180,0.054409,-0.025836,0.172429,0.068097,0.069502,0.241726,0.073673,-0.016364,0.197900,-0.004765,0.058877,0.082539,0.090303,-0.036623,0.070235,-0.018519,-0.120960,-0.012366,-0.092217,0.122579,0.072860,-0.061849,-0.032884,0.058154,0.019976,-0.143996,0.076315,0.014097,0.004660,0.016278,0.188938,0.036364,0.012935,0.210366,0.026853,0.098207,0.036283,0.032320,0.093477,-0.017636,0.178264,-0.004679,-0.132306,0.126180,-0.028713,-0.064952,0.011022,-0.026758,0.066003,0.025747,0.125991,0.004996,0.089504,0.165531,0.087594,0.036354,0.061356,0.020979,0.130323,0.036012,-0.127229,0.120206,0.085510,0.035251,0.207611,0.219123,0.077599,0.233596,0.140382,0.094564,0.075681,-0.045296,0.067806,#
