0,1.000000,-0.039234,0.191022,0.215767,0.228800,0.054717,0.023938,0.016179,0.250929,0.084173,0.096803,0.056894,0.146619,0.052609,0.284313,0.203804,0.106998,0.273033,0.261709,0.256017,0.159061,0.216525,0.235938,0.320782,0.130073,0.115070,0.225650,0.040570,0.217126,0.272528,-0.022707,0.171729,0.156267,0.216973,0.096063,0.157809,0.177333,0.165804,0.244116,0.293022,0.213997,0.177251,0.186519,0.208463,-0.006393,0.128807,0.065502,0.230241,0.129514,0.281193,0.191635,-0.023423,0.055355,0.260964,0.194702,0.248417,0.254589,0.183667,-0.038981,0.095312,0.196949,0.049318,0.229858,0.058934,0.111834,0.078199,0.079053,0.161977,0.160762,0.201008,0.139823,0.080229,0.238062,0.193971,0.118136,-0.132762,0.211829,0.200671,0.107733,0.062964,0.172264,0.031022,0.114421,0.165195,0.349961,0.020862,0.149177,0.179982,0.246500,0.185383,0.116120,0.042474,0.165244,0.211444,0.257738,0.241864,0.259430,0.044575,0.132792,0.234873,0.293315,0.195286,0.048666,0.197456,0.246422,0.234933,0.304743,0.142715,0.151063,-0.069378,-0.021153,0.108015,0.016243,0.222958,0.064363,0.069630,0.090920,0.085777,0.078632,0.081488,0.321569,0.222466,0.150024,0.172182,0.130564,0.274106,0.197526,0.055687,0.154209,0.232762,0.252285,0.053535,0.190772,0.086927,0.132720,0.110067,0.245397,0.131218,0.122482,0.191645,0.271974,0.193988,0.158152,0.150878,0.082482,0.202971,0.211355,0.116854,0.189397,0.154545,0.045434,0.070423,0.148127,0.137336,0.217676,0.209262,0.085815,0.054315,0.134032,0.237925,0.146307,0.252818,0.040385,0.038472,0.131853,0.205759,0.091138,0.210615,0.206641,0.113233,0.250804,0.006931,0.196550,0.205362,-0.025940,0.248382,0.325985,0.207403,0.077935,0.046591,0.203573,0.224019,0.057192,0.115499,0.122920,0.142276,0.318663,0.314475,0.232397,0.014951,0.111416,0.198535,0.152255,0.080490,0.229779,-0.010152,0.064663,0.142159,0.369222,0.187365,#
1,-0.039234,1.000000,0.170874,0.175315,0.163151,0.175266,0.276287,0.107099,0.294367,0.007227,0.324772,0.236201,0.114551,0.195714,0.069447,-0.011813,0.169261,0.131692,0.010129,0.139979,0.124541,0.190198,0.040309,0.067316,0.113671,0.164787,0.248370,0.282809,-0.094782,0.138863,0.220695,0.126984,0.029011,0.208337,0.042899,0.236373,0.092540,0.028957,0.310459,0.106038,0.042233,-0.006871,0.208109,0.121296,0.153042,0.179828,0.387233,0.186743,0.018356,0.008977,0.184317,0.098227,0.296755,0.234805,0.005618,0.185417,0.106698,0.010215,0.085538,0.062276,0.048093,0.150789,0.248354,0.068541,0.069593,0.168472,0.016732,0.229728,0.164146,0.260785,0.058128,0.139951,0.275207,0.031235,0.223328,0.120170,0.082205,0.181384,0.278618,0.085282,0.136833,0.242450,0.179613,0.118328,0.180049,-0.189978,0.192307,0.157297,0.161332,0.094425,0.167096,0.133413,0.099670,0.181970,0.068071,0.203756,0.071856,0.009714,0.054654,0.058090,0.200156,0.069258,0.176073,0.147330,0.070907,0.172821,0.255219,0.249120,0.080206,0.124057,0.212841,0.141243,-0.002637,0.102729,0.252546,0.324173,0.217761,0.108064,0.003967,0.120786,-0.002392,0.138032,0.179397,0.184354,0.090252,0.040212,0.159727,0.081877,0.185606,0.200742,0.135345,0.134410,0.092982,0.239019,0.344417,0.225916,0.146856,0.258455,0.236311,0.145190,0.114144,0.056717,0.195203,0.171412,0.207917,0.186882,0.106277,0.029405,0.154147,0.132175,0.135600,0.100262,0.020873,-0.098974,0.315340,0.184399,0.035638,0.022717,-0.052286,-0.088393,0.032709,0.215315,0.202512,0.231635,0.216549,0.004762,0.095618,0.095585,0.190184,0.283232,0.115348,0.189383,0.134295,0.016119,-0.001038,0.143863,0.036730,0.260374,0.168694,0.018958,0.080032,0.081339,0.206826,0.065554,0.226204,0.122554,0.088548,0.032448,0.106707,0.219909,0.236536,0.083047,-0.048528,0.180102,0.169794,0.115691,-0.086590,0.162047,0.074228,0.280373,#
2,0.191022,0.170874,1.000000,0.196080,0.201643,0.121196,0.207551,0.244748,0.119309,0.085011,0.321589,0.329443,0.182437,0.310688,0.077490,0.174943,0.113424,0.071903,0.126736,0.187146,0.278056,0.302844,-0.068811,0.097580,0.220379,0.244451,0.264801,0.257164,0.090856,0.252025,0.003043,0.018014,0.034285,0.079307,0.052616,0.237730,0.167959,-0.064680,0.095175,0.048020,0.259508,0.162525,0.360201,0.106989,0.052575,0.116826,0.222646,0.219205,0.098144,0.173671,0.327078,0.211258,0.151836,0.116583,-0.009714,0.139450,0.025575,0.111275,0.140955,0.197124,0.185999,0.062421,0.093095,0.279973,0.253350,0.213457,0.157757,0.112697,0.232575,0.272964,-0.016720,0.114205,0.151826,0.233083,0.197509,0.131154,0.166343,0.179393,0.159888,-0.023377,0.256793,0.026790,0.011589,0.121560,0.136529,0.017514,0.191946,0.264619,0.101076,0.039401,-0.026650,0.221713,0.284951,0.220211,0.056403,0.275130,0.269696,0.104943,0.248902,0.076524,0.155632,0.087999,0.061839,0.243277,0.041345,0.120059,0.161566,0.170686,0.173491,0.229724,0.177602,0.161512,0.203916,0.177898,0.122795,0.297953,0.230471,0.112559,-0.221650,0.044244,0.176177,0.114795,0.054499,0.096240,0.120975,0.008950,0.301588,0.101515,0.182308,0.158263,0.134829,0.126617,0.158211,0.043107,0.302317,0.216432,0.172524,0.221109,0.138382,-0.014346,0.137110,0.065206,0.222027,0.091648,0.323817,0.205091,-0.051353,0.135583,0.275520,0.018312,0.108336,0.267822,0.215217,0.059454,0.161607,0.046003,0.049422,-0.062679,0.088182,0.206367,0.176060,0.364392,0.147154,0.262003,0.162292,0.173028,0.210954,0.104651,-0.055266,0.103126,0.059032,0.351911,0.163081,0.043360,0.181352,0.027736,0.284038,0.156030,-0.006787,0.148165,0.324070,0.117975,0.030228,0.327677,0.050864,0.152808,0.130386,0.040375,0.240152,-0.012618,0.057618,0.206831,0.328562,0.008280,0.158846,0.026024,-0.043887,0.189865,0.319705,0.322302,#
3,0.215767,0.175315,0.196080,1.000000,0.262602,0.258733,0.350356,0.132974,0.280421,0.050336,0.276353,0.270066,0.250509,0.157532,0.148166,0.170494,0.278410,0.279652,0.245078,0.219078,0.243552,0.151565,0.152980,0.368859,0.161116,0.235110,0.175274,0.189078,0.186643,0.270893,0.146194,0.245530,0.377541,0.278855,-0.035195,0.205944,0.351211,0.282866,0.317572,0.158782,0.241560,0.296693,0.245380,0.392568,0.043425,0.221559,0.249994,0.272499,0.074409,0.255127,0.254636,0.261513,0.242062,0.077081,0.056294,0.305068,0.085768,0.157040,0.138926,0.195059,0.175164,0.170629,0.228062,0.176135,0.377967,0.273348,0.193814,0.160474,0.086861,0.339570,0.060128,0.140138,0.320914,0.163882,0.250831,0.289869,0.212241,0.157267,0.283050,0.037289,0.350096,0.204487,0.164300,0.100981,0.311649,0.112831,0.197726,0.193622,0.296171,0.204166,0.152059,0.180609,0.267120,0.263188,0.133366,0.274003,0.249524,0.017774,0.314998,0.262073,0.328743,0.094375,0.229838,0.242638,0.265488,0.181375,0.246780,0.154031,0.115277,0.166734,0.174759,0.188283,0.183752,0.152111,0.103729,0.099605,0.306846,0.095882,0.022712,0.123972,0.235490,0.170093,0.188443,0.379552,0.158264,0.114888,0.317387,0.212897,0.156777,0.380067,0.312734,0.253000,0.277351,0.252610,0.318697,0.235663,0.082939,0.200647,0.272687,0.117774,0.266896,0.225729,0.202246,0.216213,0.085388,0.179990,0.288081,0.271044,0.207732,0.202478,0.034864,0.154465,0.125221,0.151597,0.322487,0.132259,0.058551,0.133414,0.162354,0.327450,0.255201,0.311068,0.323845,0.278721,0.182620,0.186861,0.151264,0.169621,0.069006,0.106176,0.229320,0.151291,0.163432,-0.011014,0.033991,0.262027,0.275234,0.239344,0.140695,0.138156,0.201929,0.312014,0.317488,0.096225,-0.014224,0.191320,0.180838,0.195821,0.108603,0.084895,0.124119,0.228127,0.327385,0.010767,0.194966,0.216719,0.257480,0.260121,0.244523,0.172641,#
4,0.228800,0.163151,0.201643,0.262602,1.000000,0.277154,0.076001,0.085979,0.281089,0.058952,0.087458,0.109712,0.123403,0.114843,0.054585,0.117594,0.091715,0.187747,0.157595,0.292785,0.300596,0.144981,0.133713,0.291032,0.163888,0.291495,0.097336,0.069046,0.213415,0.041631,0.046478,0.105169,0.093881,0.161017,0.033844,0.286820,0.365381,0.113968,0.111613,0.082429,0.259726,0.410189,0.209652,0.083032,0.243923,0.093329,0.334142,0.188552,0.126590,0.237196,0.135313,0.119763,0.137441,0.190379,0.202551,0.305379,0.163475,0.125886,0.173305,0.102734,0.140552,0.219225,0.092213,0.035405,0.177204,0.059173,0.197066,0.116121,0.087759,0.212805,0.078737,0.150129,0.233233,0.239065,0.094230,-0.018434,0.105532,0.324052,0.212719,-0.020033,0.337069,0.181162,0.062024,0.036487,0.374179,0.017960,0.148370,0.207959,0.214527,0.238079,0.261617,0.117034,0.134021,0.194697,0.108221,0.323373,0.159245,0.109967,0.106757,0.114992,0.139425,0.012235,0.200540,0.220773,0.140141,0.154596,0.064823,0.240112,0.088148,0.195262,0.315553,0.211472,0.268505,0.395274,0.147062,0.006325,0.180699,-0.003862,-0.017254,0.024988,0.170043,0.135079,0.185690,0.034859,0.328047,0.020091,0.243312,0.064525,0.181358,0.119698,0.280174,0.072079,0.209801,0.128303,0.240999,0.187763,0.174465,0.103668,0.217116,0.164972,0.301397,0.016316,0.181484,0.087911,0.211265,0.254835,0.117800,0.215942,0.206451,0.065000,0.153588,0.106472,0.160408,0.278964,0.280177,0.026845,0.256115,0.109739,0.045881,0.234023,0.168153,0.184222,0.092633,0.174122,0.000974,0.255893,0.075819,0.106689,0.087224,0.168239,0.039960,0.101702,0.295698,0.178762,0.174673,0.212873,0.273005,0.245480,0.166202,0.086867,0.065655,0.050828,0.295617,0.120417,0.069481,0.149595,0.023572,0.281454,0.220900,0.208998,0.167155,0.149278,0.138050,-0.010458,0.137123,0.192857,0.140486,0.273883,0.181598,0.322922,#
5,0.054717,0.175266,0.121196,0.258733,0.277154,1.000000,0.212020,0.203442,0.305450,0.246943,0.253351,0.120829,0.249792,0.186268,0.200298,0.069154,0.127240,0.153965,0.109482,0.140008,0.232156,0.084118,0.088902,0.117023,0.235637,0.149288,0.219616,0.248400,0.204183,0.172353,0.166553,0.222166,0.278881,0.187427,0.069556,0.197458,0.304157,0.115738,0.185344,0.194788,0.203696,0.206732,0.160048,0.223610,0.087369,0.149959,0.201951,0.000998,0.157919,0.235367,0.094909,0.163359,0.163826,0.039882,0.125455,0.268854,-0.011563,0.027206,0.187743,0.078352,0.117062,0.079826,0.191818,0.045979,0.183090,0.213216,0.244228,0.089853,0.185551,0.120745,0.137817,0.128913,0.302211,0.333089,0.121447,0.096888,0.199801,0.168642,0.225384,0.136293,0.158162,0.229553,0.283290,-0.076217,0.169370,0.031986,0.109401,0.077297,0.181001,0.032908,-0.010141,0.235898,0.222624,0.327705,0.107492,0.308564,0.108030,0.075791,0.182191,-0.049308,0.137247,0.161182,0.112930,0.155337,0.114969,0.154982,0.102116,0.200648,0.021741,0.106229,0.269610,0.135362,0.131176,0.151943,0.146355,0.110613,0.237065,0.113918,0.028948,0.018247,0.024634,0.195884,0.083066,0.286864,0.086108,0.084005,0.011336,-0.029882,0.346388,0.193584,0.284509,0.126614,0.236232,0.164376,0.372585,0.310913,0.139423,0.200781,0.093584,-0.002585,0.243010,0.159850,0.168765,0.211525,0.235744,0.167587,0.165853,0.130117,-0.029784,0.223248,0.273695,0.024714,0.216721,0.224931,0.209786,0.213227,0.141745,0.049909,0.214314,0.100866,0.172060,0.200642,0.209219,0.200090,0.093512,0.091633,0.134777,0.198472,0.237154,0.249388,0.192076,0.181519,0.184300,0.045555,-0.010726,0.225053,0.173135,0.161930,0.266621,-0.000104,0.103527,0.037049,0.392797,0.162270,-0.005858,0.241931,0.206849,0.089045,0.148409,0.076249,0.108703,0.166498,0.224610,0.151965,0.290099,0.013125,0.054780,0.325394,0.105064,0.307842,#
6,0.023938,0.276287,0.207551,0.350356,0.076001,0.212020,1.000000,0.133034,0.276768,0.073248,0.140138,0.184522,0.045173,0.254075,0.037588,0.120391,0.134086,0.058222,0.138906,0.059698,0.222055,0.155442,-0.097275,0.024269,0.033563,0.159831,0.094194,0.186198,0.159375,0.193723,0.131014,0.198203,0.090378,0.214857,-0.102789,0.052456,0.127927,0.175582,0.094278,0.152848,0.048280,0.091210,-0.015829,0.205433,0.098660,0.160916,0.165422,0.156060,0.027429,0.078544,0.087201,0.102547,0.230656,0.154912,-0.091834,0.119470,0.055537,0.152200,0.208004,0.260603,0.169607,0.034555,0.206889,0.161142,0.213386,0.325390,0.151449,0.223408,0.172523,0.145565,-0.009556,0.135227,0.246648,0.140035,0.258248,0.132020,0.221257,0.229526,0.257722,0.017606,0.122435,0.053677,0.257515,0.109467,0.201960,0.061490,0.109771,0.239551,0.096353,0.114359,0.099095,0.182646,0.104130,0.193060,0.055838,0.162724,0.148457,0.026595,0.223605,0.167681,0.194415,0.209468,0.165060,0.067965,-0.175744,0.303347,0.119373,0.065970,0.181146,0.164739,0.213752,0.179555,0.086368,-0.065452,-0.009049,0.245013,0.321268,0.050305,0.070549,0.108005,0.168779,0.231795,-0.055108,0.168614,0.050391,0.027757,0.092972,0.182684,0.100785,0.207406,0.153689,0.050522,0.129937,0.015788,0.280879,0.247171,0.033830,0.261810,0.230264,0.129480,0.088677,0.113954,0.024277,0.200387,0.029203,0.099817,0.214636,0.054460,0.146510,-0.083597,0.165227,-0.017041,0.171153,0.004074,0.331142,0.041891,0.017969,0.132928,0.135765,0.047728,0.056998,0.233858,0.277620,0.222472,0.237351,0.186067,0.002639,0.154940,0.123236,0.246700,-0.023987,0.068459,0.178976,0.063912,0.048829,0.231364,0.044026,0.245744,0.269740,-0.087773,0.045057,0.080243,0.242172,0.300780,0.169414,0.199165,0.097965,0.111786,0.119996,0.261875,0.093970,0.132485,0.153431,0.126853,0.022746,0.058293,0.116031,0.181586,0.102244,0.225065,#
7,0.016179,0.107099,0.244748,0.132974,0.085979,0.203442,0.133034,1.000000,0.180214,0.126523,0.241036,0.379526,0.012477,0.161542,0.235502,0.127559,0.117354,0.323913,0.051692,0.190762,0.126444,0.214593,0.142633,0.056940,0.202882,0.110633,0.239294,0.358922,0.029418,0.269455,0.112200,0.032019,0.156552,0.104131,-0.031437,0.169377,-0.040565,-0.101364,0.172421,0.127089,0.219415,0.158205,0.106822,0.165531,0.165177,0.188382,0.071737,0.185646,0.149524,0.124704,0.150011,0.111919,0.080390,0.156434,0.102634,0.151207,0.151170,0.196494,0.191673,0.023500,0.180570,0.042331,0.165572,0.205531,0.294910,0.153449,0.169314,-0.008108,0.057218,0.281434,0.077295,0.013831,0.257341,0.228944,0.011917,0.098910,0.016030,0.228512,0.183883,0.256643,0.248234,0.077674,0.201621,0.077589,0.209199,-0.005509,0.081523,0.099262,0.185995,0.156850,0.020323,0.095551,0.212645,0.232413,-0.062418,0.135199,0.006296,0.120992,-0.013751,0.079060,0.171643,0.025573,0.090097,0.071444,-0.042509,0.220128,0.364294,0.122061,0.091542,0.162599,0.018743,0.015746,0.048243,0.124046,0.254035,0.211442,-0.030702,0.013283,-0.029965,0.220961,0.144790,0.152003,0.044039,0.182589,0.187948,0.136326,0.191506,0.150588,0.119429,0.147825,0.142421,0.128408,0.204584,0.036640,0.399215,0.219083,-0.074995,0.400095,0.077851,0.098505,0.298522,0.084046,-0.016464,0.019265,0.150441,0.140356,0.263695,0.183721,0.102011,0.088837,0.117391,0.207916,0.081843,0.005581,0.066075,0.131883,0.210977,0.029354,0.234978,0.142390,0.134327,0.198871,0.197474,0.073985,0.046973,0.207731,0.277406,0.159308,0.081162,0.087480,0.123879,0.132317,0.199062,0.017966,0.085598,0.079983,0.113808,0.112850,0.008221,0.141434,0.181886,0.142828,0.173265,0.228941,-0.215679,0.116869,0.059296,0.001004,0.156085,0.205222,0.210319,-0.029484,0.252192,0.089542,0.167201,0.047138,0.014656,0.130393,0.219335,0.148571,#
8,0.250929,0.294367,0.119309,0.280421,0.281089,0.305450,0.276768,0.180214,1.000000,0.160913,0.282579,0.191759,0.278811,0.103322,0.338828,0.164023,0.073991,0.216026,0.196429,0.268124,0.211696,0.144265,0.097301,0.364283,0.154328,0.112790,0.157967,0.237929,0.054776,0.228326,0.014505,0.233957,0.143995,0.134363,0.099824,0.223978,0.302991,0.062422,0.238225,0.165896,0.268469,0.149028,0.110779,0.179479,0.275932,0.270353,0.108382,0.188220,0.120075,0.230918,0.179935,0.288059,0.096189,0.318254,0.101657,0.306783,0.126620,0.274215,0.184550,0.255385,0.191654,0.140190,0.294852,0.004289,0.337211,0.363707,0.209177,0.122953,0.366030,0.173307,0.011984,0.109859,0.323561,0.090787,0.181917,0.098661,0.115998,0.210261,0.136403,0.096078,0.284690,0.271601,0.271583,0.109840,0.426641,0.120439,0.138441,0.200766,0.225566,0.302722,0.135090,0.268154,0.235179,0.129108,0.359198,0.399092,0.273521,0.111720,0.233149,0.025262,0.208075,0.020235,0.210139,0.155451,0.241663,0.229567,0.305064,0.169840,0.003608,0.152329,0.133713,0.127496,-0.034455,0.255679,0.149592,0.222102,0.181849,0.141315,0.068339,0.261462,0.279641,0.182231,0.160766,0.189236,0.204377,0.237771,0.169498,0.321243,0.082186,0.296159,0.188991,-0.005889,0.250204,0.115063,0.335102,0.283437,0.163178,0.346819,0.296915,0.090866,0.304001,0.157193,0.207161,0.103082,0.069165,0.156361,0.244714,0.256594,0.172756,0.197991,0.280281,0.077653,0.181409,0.144062,0.388761,0.276659,0.195893,0.244153,0.091682,0.190810,0.071814,0.239008,0.097271,0.181359,0.216521,0.144534,0.223732,0.098904,0.217256,0.203950,0.178587,0.164538,0.144565,0.121054,0.060657,0.298122,0.120349,0.303107,0.260908,0.123896,0.155227,0.152805,0.111228,0.232358,0.086702,0.235394,0.003864,0.083523,0.292569,0.193857,0.288110,0.149986,0.237505,0.066118,0.266780,0.039820,0.113714,0.022734,0.092759,0.176200,#
9,0.084173,0.007227,0.085011,0.050336,0.058952,0.246943,0.073248,0.126523,0.160913,1.000000,0.355920,-0.045073,0.075101,0.206260,0.189251,0.163264,0.048884,0.048421,-0.107484,0.296491,0.060889,0.001398,-0.023438,0.014821,-0.011270,-0.049618,0.232448,0.129707,0.060972,0.160390,0.181385,0.072551,0.005665,0.151027,0.203126,0.083263,-0.057848,0.201554,0.040214,-0.057984,0.233592,0.146744,0.085023,-0.081550,0.027922,0.185429,0.140053,0.061537,0.144883,0.101638,0.072161,0.211687,0.043470,0.099637,0.004984,0.250322,0.118509,0.161756,0.109106,-0.086766,0.177894,0.059773,0.206380,0.045153,0.175591,0.168391,-0.007591,-0.030288,0.107678,-0.017104,0.163669,0.165502,0.097321,0.132953,0.087600,0.165170,0.025103,0.024683,0.257543,0.153755,0.102173,0.280482,-0.035065,-0.003593,0.217438,0.090996,0.105823,0.092390,-0.105200,-0.099306,-0.122250,0.119326,0.197521,-0.003896,0.093030,0.160554,0.150063,0.183730,0.139447,-0.076209,0.019214,0.139011,0.274993,0.086530,0.238282,0.100838,0.100673,0.018372,0.155899,-0.027001,0.056361,0.042418,0.089768,0.230799,0.079080,0.073908,-0.009139,0.148529,0.198737,-0.098812,0.124939,0.323628,0.031753,0.201149,-0.012866,0.132556,-0.113956,0.123902,0.151198,0.245345,0.150589,-0.065700,0.050676,0.080129,0.143566,0.134481,0.165726,0.314054,0.094554,-0.191223,0.067006,0.155865,0.178279,0.032111,-0.003114,0.159344,0.115082,0.204177,0.086188,0.340041,0.073576,-0.076635,0.307006,0.225980,0.160829,0.216311,0.136360,0.122385,0.266110,0.041286,0.140500,0.091223,-0.005725,0.301652,0.144434,0.046571,0.045613,0.022282,0.247057,0.012164,0.146919,0.221940,0.081629,0.085727,-0.048107,0.136919,0.139792,0.052882,0.054385,0.017283,0.012031,0.062720,0.243928,0.161604,-0.039151,0.103671,0.112590,0.100646,0.236432,0.021668,0.127850,0.104226,0.024566,0.147360,0.078746,0.127240,0.072028,-0.014467,0.132006,0.178719,#
10,0.096803,0.324772,0.321589,0.276353,0.087458,0.253351,0.140138,0.241036,0.282579,0.355920,1.000000,0.162924,0.104185,0.279147,0.233910,0.072795,0.169857,0.182202,0.215226,0.206139,0.108465,0.143867,-0.098559,0.153334,0.130000,0.049761,0.203398,0.313662,0.020886,0.262021,0.242159,0.132278,0.165749,0.189438,0.134560,0.259908,0.081421,0.130724,0.283683,0.140451,0.252544,0.122843,0.164631,0.047464,-0.035147,0.206525,0.244198,0.106596,0.175254,0.135367,0.174194,0.220098,0.077014,0.235202,0.022462,0.344632,0.054089,0.070046,0.087023,0.130234,0.021510,0.181322,0.169824,0.258744,0.375540,0.316517,0.162790,0.105202,0.105298,0.171982,0.115514,0.137652,0.222272,0.243851,0.136389,0.226226,0.167490,0.072675,0.220237,0.178060,0.269350,0.149962,0.231468,0.139133,0.286978,-0.029179,0.273292,0.214757,0.045218,0.086437,-0.052068,0.105155,0.320524,0.131681,0.172504,0.339991,0.254987,0.070778,0.184970,0.118507,0.041426,0.039444,0.223769,0.040634,0.242119,0.106795,0.203019,0.250661,0.130638,0.067923,0.115432,0.258603,0.135032,0.151280,0.359329,0.296275,0.099869,0.039512,0.076358,0.030586,0.121744,0.264823,0.092265,0.210701,0.077999,-0.003722,0.117087,0.188020,0.211961,0.306518,0.316277,0.091235,0.133492,0.052684,0.267384,0.160312,0.088448,0.470933,0.220735,-0.040422,0.211876,0.150955,0.254880,0.103735,0.142502,0.155589,0.011918,0.137812,0.061476,0.193355,0.174725,0.225548,0.241141,0.009560,0.312404,0.199428,0.186291,-0.105237,0.209747,0.173155,0.205565,0.131072,0.323047,0.266881,0.276577,0.155820,0.272191,0.139722,0.192500,0.140325,0.200282,0.284322,0.102096,0.145692,0.003122,0.107978,0.161584,0.204268,0.123766,0.105709,0.244054,0.137424,0.319609,0.094924,0.149815,0.177195,0.116053,-0.110975,0.192650,0.181963,0.269218,0.082924,0.143265,0.072624,0.251361,0.045074,-0.000814,0.206772,0.320011,0.413133,#
11,0.056894,0.236201,0.329443,0.270066,0.109712,0.120829,0.184522,0.379526,0.191759,-0.045073,0.162924,1.000000,0.116305,0.148219,-0.004119,0.078114,0.099648,0.294055,0.115507,0.006448,0.112069,0.195809,-0.057367,0.174528,0.276967,0.280655,0.005209,0.318200,-0.101293,0.259093,0.232405,0.169445,0.133105,0.185111,0.098359,0.223311,0.187829,0.023840,0.141348,0.124896,0.168874,0.237786,0.304518,0.298090,-0.003376,0.225193,0.144993,0.132299,0.177804,0.072121,0.193985,0.191662,0.070912,0.304917,-0.062085,0.089393,0.126182,0.251313,0.226878,0.054297,0.036428,0.047911,0.261229,0.200956,0.212852,0.293920,0.207858,0.280374,0.134780,0.275370,-0.026116,0.024959,0.314743,0.142077,0.036477,0.086858,0.086879,0.115824,0.237528,0.080452,0.209041,0.033990,0.265377,0.107240,0.256507,-0.072078,0.113053,0.349111,0.264548,0.051467,0.079582,0.226593,0.389552,0.445963,0.093170,0.243466,0.004143,0.119481,0.219669,0.241707,0.216361,0.093746,0.030539,0.170446,0.038615,0.323625,0.303342,0.271474,0.265311,0.092634,0.206774,0.115910,0.188715,0.194004,-0.069810,0.400551,0.109418,0.090593,-0.060209,0.175816,0.132757,0.179749,0.199580,0.186202,0.177142,0.087745,0.232397,0.257903,0.239990,0.185487,0.067563,0.271988,0.268258,0.226496,0.185937,0.145881,-0.116071,0.396985,0.050540,0.216581,0.175557,0.086366,0.076516,0.107269,0.156680,0.173449,0.204578,0.123117,0.128128,0.058627,0.062133,0.313667,0.101513,0.077295,0.284600,0.116903,0.089580,-0.087480,0.168444,0.196959,0.185424,0.319260,0.070006,0.060002,0.162803,0.137198,0.357696,0.159723,0.182617,0.193641,0.234284,0.122105,0.073762,-0.018754,0.126224,0.215603,0.245918,0.192434,0.088996,0.057215,0.284791,0.157009,0.170324,0.088429,-0.145850,0.215398,0.025276,0.107532,0.137009,0.186291,0.097122,0.041500,0.282005,0.095225,0.283442,0.122421,0.158913,0.180495,0.162162,0.197801,#
12,0.146619,0.114551,0.182437,0.250509,0.123403,0.249792,0.045173,0.012477,0.278811,0.075101,0.104185,0.116305,1.000000,-0.040992,0.195933,0.149582,0.321586,0.154098,0.203994,0.369529,0.104509,0.087425,0.155702,0.213212,-0.001514,0.127265,0.150219,0.177081,0.020693,0.235729,-0.050421,0.310549,0.152608,0.194259,0.158139,0.347600,0.255404,0.027265,0.171011,0.075513,0.203662,0.073965,0.126731,0.232387,0.260601,0.170974,0.182513,-0.057072,0.176358,0.156602,0.232214,0.124106,0.112103,0.193785,0.086365,0.141748,0.025397,0.163004,0.091680,-0.038287,0.067590,0.176803,0.132232,0.181997,0.308781,0.198014,0.176543,0.154309,0.106772,0.121890,0.018967,0.190656,0.132592,0.060352,0.250019,0.135752,0.141725,-0.026394,0.172644,-0.050498,0.236205,0.147146,0.024797,0.053390,0.247811,0.159376,0.071381,0.298047,0.210471,0.002423,0.100251,0.118711,0.027362,0.255777,0.177465,0.185862,0.260653,0.084755,0.207593,-0.006763,0.250831,0.125937,0.086841,0.071118,0.291599,0.079479,0.274686,0.092983,-0.036349,0.056790,0.228744,0.047569,0.093301,0.190038,0.064891,0.098019,0.150793,0.075726,0.135143,0.089626,0.179289,0.204402,0.269825,0.145702,0.172217,-0.012002,0.314697,0.072857,0.056008,0.076345,0.140849,0.075539,0.118150,0.092932,0.135927,0.113178,0.165062,0.122729,0.088775,0.100628,0.221804,0.013404,0.107377,0.104294,-0.039347,0.098369,-0.024528,0.215344,0.106463,0.040848,0.054335,0.213190,0.114064,0.129734,0.010209,0.142470,0.087716,-0.083004,0.051597,0.154925,0.000577,0.301844,0.167757,0.300036,0.141961,0.045806,0.290709,0.013742,0.091601,0.147582,0.200404,0.082499,0.109738,0.118334,0.128778,0.113512,0.223631,0.303389,0.027449,0.187703,0.165329,0.127116,0.236688,0.141539,0.113150,0.103204,0.082709,0.161832,0.116163,-0.027927,0.218430,0.050575,0.147659,0.092046,0.069702,0.037615,0.129737,0.150273,0.177642,0.081674,#
13,0.052609,0.195714,0.310688,0.157532,0.114843,0.186268,0.254075,0.161542,0.103322,0.206260,0.279147,0.148219,-0.040992,1.000000,0.269563,0.118942,0.272395,0.039438,0.195499,0.257048,0.228229,0.119734,-0.094557,0.150232,0.092772,0.291432,0.279607,0.198174,0.081264,0.089316,0.202432,0.193247,0.165546,0.180785,0.142224,0.104972,0.054514,0.088924,0.026317,0.145991,0.054049,0.168813,0.205110,0.151182,0.029346,0.178017,0.224592,0.164457,0.128421,0.161582,0.136966,0.179611,0.215870,0.209763,0.099109,0.243540,0.026641,0.207648,0.166122,0.212444,0.181852,0.132729,0.310845,0.094269,0.193832,0.228540,0.422879,0.148471,0.280326,0.182602,-0.040317,0.070342,0.170006,0.127454,0.286488,0.142248,0.274231,0.272624,0.289011,0.083871,0.196419,0.293863,0.079438,0.336235,0.287414,-0.006208,0.241528,0.304734,0.266559,0.120605,0.069907,0.162252,0.244214,0.261150,0.061649,0.172541,0.203066,0.025914,0.209481,0.196131,0.252239,0.207243,0.283635,0.194432,0.071419,0.178229,0.244071,0.203094,0.292836,0.161026,0.129471,0.160559,0.359664,0.162676,0.232438,0.247671,0.360997,0.176077,0.015365,0.138123,0.323474,0.221525,0.156386,0.244635,0.237256,0.033303,0.046024,0.035025,0.325842,0.297183,0.133877,0.151303,0.119024,0.066733,0.310449,0.204056,0.182932,0.224276,0.254473,0.139746,0.018133,0.027699,0.337958,0.190265,0.206727,0.308367,0.113704,0.256899,0.014506,0.181449,0.136552,0.107847,0.201391,0.240114,0.237506,0.194189,0.029030,0.233752,0.182113,0.313199,0.011178,0.405710,0.108731,0.344243,0.217728,0.141875,0.130210,0.091862,0.178386,0.236894,0.161482,0.281240,0.177958,0.113646,0.087978,0.247272,0.191019,0.113173,0.303370,-0.122092,0.134085,0.176905,0.193607,0.217811,0.152590,0.231526,0.220247,0.113032,0.106396,0.245599,0.161851,0.197195,0.215105,0.083613,0.117022,0.167455,0.079700,0.186652,0.245065,0.239863,#
14,0.284313,0.069447,0.077490,0.148166,0.054585,0.200298,0.037588,0.235502,0.338828,0.189251,0.233910,-0.004119,0.195933,0.269563,1.000000,0.278923,0.158094,0.172645,0.230616,0.380215,0.147017,0.036694,0.153234,0.322811,0.125686,0.071121,0.276149,0.265202,0.104894,0.213364,0.023654,0.149673,0.139502,0.083583,0.167782,0.170966,0.143509,0.196570,0.092143,0.300492,0.226526,0.076699,0.242167,0.034678,0.134571,0.339157,0.148264,0.025631,0.101440,0.150063,0.281716,0.084532,0.224480,0.287110,0.341226,0.305769,0.169913,0.056884,0.030472,0.063028,0.249655,0.252273,0.124894,0.105903,0.253310,0.111996,0.289794,0.148196,0.188300,0.190873,0.015183,0.135257,0.092077,0.261878,0.177004,0.171813,0.174746,0.154797,0.153266,0.223606,0.273407,0.172538,0.164932,0.201238,0.265123,0.226095,-0.009258,0.094992,0.158680,0.069892,0.189815,0.150840,0.246894,0.151076,0.240061,0.164486,0.201315,0.089487,0.117721,0.096774,0.220778,0.164825,0.141153,0.198368,0.212233,0.226205,0.373558,0.280952,0.084995,0.136575,-0.039323,-0.043351,0.130791,0.106439,0.157635,0.143185,0.098713,0.155689,0.192264,0.173440,0.397404,0.295417,0.037375,0.106823,0.186241,0.084274,0.172594,0.161284,0.050556,0.333139,0.132965,0.142402,0.109170,-0.027872,0.175581,0.088751,0.130006,0.218293,0.032478,0.025886,0.264347,0.251533,0.257596,0.101113,0.032337,0.285885,0.125339,0.147758,-0.035157,0.101810,0.206874,0.099563,-0.006117,0.192173,0.174507,0.210673,0.221785,0.096722,0.112484,0.160758,0.040606,0.196395,0.065652,0.168118,0.260668,0.055237,0.161242,0.094311,0.087427,0.208594,0.289389,0.308842,0.230723,0.154316,0.062868,0.116614,0.359368,0.286833,0.294977,0.119006,0.071855,0.163561,0.177641,0.167321,0.212117,0.200257,0.198135,-0.067193,0.060840,0.164665,0.102678,0.190606,0.161385,0.188132,0.180619,-0.035884,-0.058668,0.116271,0.255371,0.187918,#
15,0.203804,-0.011813,0.174943,0.170494,0.117594,0.069154,0.120391,0.127559,0.164023,0.163264,0.072795,0.078114,0.149582,0.118942,0.278923,1.000000,0.280694,0.277472,0.198844,0.209832,0.062550,0.082751,0.132879,0.287338,0.084529,0.258775,0.209116,0.198152,0.158509,0.183522,0.082524,0.190480,0.081214,0.222451,0.107241,-0.006966,0.114401,0.142625,0.163511,0.046501,0.143264,0.175530,0.164173,0.198958,0.177385,0.169607,-0.074168,0.104870,0.001467,0.265093,0.039521,0.143094,0.167616,0.121359,0.100490,0.147019,0.078290,0.192983,0.163322,0.198914,0.149711,0.046916,0.276930,0.016141,0.176523,0.177657,0.165386,0.201824,0.162617,0.068193,0.148810,0.174944,0.106661,0.137730,0.157597,0.146962,0.024080,0.258678,0.070472,0.163585,0.254049,0.108289,0.014983,0.308038,0.190603,0.077119,0.074045,0.183997,0.211331,0.146376,-0.000780,0.131089,0.214765,0.233699,0.073224,0.147080,0.364191,0.041793,0.105585,-0.056098,0.211401,0.078119,0.112759,0.125901,0.015679,0.207406,0.180328,0.106546,0.000471,0.144339,0.029636,0.127079,0.037684,0.061325,0.111016,0.201198,0.135466,-0.040848,0.096097,0.003486,0.278012,0.279199,0.112816,0.279688,0.195677,-0.059371,0.112169,0.110093,0.121591,0.158207,0.118709,0.196817,0.101261,0.119886,0.201480,0.243102,0.070317,0.098788,0.019389,-0.088446,0.056922,0.199550,0.159469,0.089496,0.155035,0.076112,0.084215,0.216673,0.317103,0.183088,0.124717,-0.059051,0.092769,0.385042,0.025978,0.336655,0.101259,0.139196,0.176345,0.153655,0.055622,0.088231,0.237784,0.180983,0.154983,0.187724,0.169391,0.105756,0.143167,0.078575,0.010117,0.107307,0.205904,-0.054814,0.168196,0.059245,0.309491,0.059068,-0.055517,0.115281,0.222877,0.147173,0.120805,0.293249,-0.011677,0.154455,0.025744,0.128780,0.069779,0.051778,0.018459,0.145829,0.160936,0.077326,0.082864,0.089510,0.041003,0.124069,0.131317,-0.053053,#
16,0.106998,0.169261,0.113424,0.278410,0.091715,0.127240,0.134086,0.117354,0.073991,0.048884,0.169857,0.099648,0.321586,0.272395,0.158094,0.280694,1.000000,0.186370,0.187036,0.251893,0.244672,0.157183,0.193598,0.143927,-0.053039,0.281579,0.168456,0.015715,0.080025,0.262642,0.134603,0.249940,0.008153,0.345765,0.074282,0.224045,0.151596,0.089390,0.165529,0.146841,0.073661,0.172032,0.175477,0.145314,0.188622,0.340112,0.071383,0.053322,0.104923,0.059812,0.097206,0.185721,0.286290,0.159264,0.151506,0.111658,0.008866,0.140220,0.164251,0.011163,0.050759,0.277894,0.296049,0.274005,0.257028,0.131597,0.193008,0.315319,0.069468,0.196498,-0.037088,0.261340,0.295602,0.027513,0.127208,0.231969,0.088293,0.275607,0.150626,0.087595,0.115097,0.183209,0.084015,0.137586,0.165139,0.108630,0.228575,0.219224,0.165647,0.056725,0.084870,0.219797,0.109803,0.164683,0.143621,0.108748,0.279716,-0.037256,0.109086,0.184676,0.157481,0.056231,-0.048054,0.094339,0.175387,0.122525,0.226542,0.044521,-0.036668,0.195469,0.132270,0.146876,0.161070,0.119956,0.210421,0.260055,0.047182,0.107827,-0.047956,0.202278,0.188600,0.177428,0.205492,0.281880,0.229852,-0.109463,0.104837,0.010424,0.130989,0.250095,0.062464,0.092420,0.341166,-0.124667,0.373403,0.290856,0.013162,0.285169,0.184383,0.204768,-0.016126,0.143045,0.155109,0.138115,0.266802,0.159093,0.015985,0.191458,0.190507,0.119794,0.042091,0.177341,0.042233,0.121800,0.188007,0.205836,0.017112,0.073150,0.119985,0.211622,0.005921,0.335050,0.268295,0.333586,0.134138,0.118674,0.292368,0.088419,0.091494,0.069864,0.020926,0.115683,0.050099,0.007567,0.195990,0.243004,0.059335,0.110011,0.126730,0.036083,0.116251,0.138323,0.286625,0.041127,0.002504,0.169774,0.250550,0.159535,0.069504,0.065732,0.281713,-0.070854,-0.016768,0.133520,0.202266,0.282385,0.045376,0.210738,0.043408,0.025366,#
17,0.273033,0.131692,0.071903,0.279652,0.187747,0.153965,0.058222,0.323913,0.216026,0.048421,0.182202,0.294055,0.154098,0.039438,0.172645,0.277472,0.186370,1.000000,0.127044,0.249298,0.292621,0.073040,0.071193,0.274460,0.029764,0.159464,0.093769,0.138821,0.028575,0.227476,0.090490,0.162617,0.320873,0.171388,0.010101,0.210253,0.047773,0.230191,0.202079,0.064406,0.220259,0.187904,0.022731,0.264234,0.046863,0.248316,0.154530,0.052251,0.147400,0.123420,0.191471,0.089063,-0.045562,0.203357,0.086943,0.224711,0.234143,0.177737,0.047601,0.083508,0.141425,0.103647,0.169427,0.120717,0.208706,0.209653,0.229226,0.249747,0.137478,0.303999,0.024695,0.206710,0.238561,0.133211,0.128233,0.209227,0.091199,0.193163,0.104481,0.210200,0.126151,0.115860,0.314663,0.103159,0.198681,-0.148110,0.091822,0.197807,0.237338,0.103342,0.019348,0.102506,0.213054,0.202978,0.001605,0.230880,0.168436,0.270364,0.224951,0.170867,0.169145,-0.011312,0.125080,0.139404,0.091959,0.303324,0.197922,0.135388,0.068919,-0.052102,0.151949,0.113600,0.099193,0.269962,0.058955,0.278499,0.056356,0.031657,0.018031,0.121975,0.082200,0.287183,0.127051,0.270151,0.394112,0.060071,0.192815,0.218143,0.126029,0.175863,0.068855,0.175635,0.243888,0.118533,0.249182,0.322409,0.157850,0.249839,0.110754,0.244171,0.165920,0.157870,0.094440,0.162273,0.170143,0.202265,0.047523,0.039539,0.024664,0.031631,0.088113,-0.031854,-0.032136,0.253990,0.247915,0.286704,0.127568,0.034502,0.287108,0.291701,0.132107,0.276341,0.169427,0.176638,0.111526,0.221902,0.164854,0.221769,0.191579,0.069924,0.299511,0.074023,0.082563,0.058058,0.186080,0.038927,0.238626,0.131778,-0.108813,0.252854,0.039974,0.225802,0.237763,0.170329,-0.069630,0.182449,0.137888,0.104711,0.221690,0.118473,0.168878,0.207483,0.240513,-0.006211,0.346864,0.100465,0.115136,0.063896,0.102122,0.181900,#
18,0.261709,0.010129,0.126736,0.245078,0.157595,0.109482,0.138906,0.051692,0.196429,-0.107484,0.215226,0.115507,0.203994,0.195499,0.230616,0.198844,0.187036,0.127044,1.000000,0.168512,0.225888,0.161608,-0.015154,0.357460,0.197517,0.132345,0.176665,0.311840,0.079794,0.152975,0.104959,0.033446,0.231641,0.143422,0.235846,0.287578,0.280083,0.110679,0.091835,0.298574,0.072662,0.269650,0.140160,0.234075,0.123498,0.122021,0.058140,0.019797,-0.000138,0.282177,0.215017,-0.006797,0.174469,0.190931,0.113862,0.174780,0.131242,0.136137,0.056144,0.021964,0.080733,0.093521,0.288796,0.122927,0.139728,0.200919,0.326462,0.263420,0.035804,0.032017,-0.028709,0.052198,0.049616,0.009962,0.089561,0.165977,0.127972,0.194860,0.219427,0.128837,0.271923,0.044998,0.163638,0.226869,0.186825,-0.066939,0.247135,0.063983,0.202588,0.103024,0.230375,0.053735,0.191596,0.254099,0.105952,0.323102,0.347960,0.125371,0.204389,0.236247,0.095197,0.195381,0.201019,0.137253,0.324718,0.271239,0.192356,0.138090,0.154468,0.203543,0.219707,0.309069,0.116895,0.068942,0.088302,0.130764,0.106816,-0.102902,0.133112,0.211213,0.116154,0.168289,0.141118,0.071419,0.147124,0.011355,0.236779,0.113505,0.249575,0.200770,0.195213,0.236725,0.119144,0.109149,0.216495,0.005775,0.074408,0.261633,0.032017,0.146416,0.217110,0.028049,0.213963,0.047328,0.136260,0.198773,0.007605,0.119708,0.080147,0.066860,0.106800,0.208257,0.121326,0.159866,0.133510,0.253412,0.267734,0.096486,-0.017576,0.377545,0.183289,0.227866,0.166003,0.155310,0.186867,0.243032,0.178586,0.132255,0.061933,0.222167,-0.033147,0.123305,0.203901,0.096074,-0.045260,0.251189,0.267328,0.256894,0.311331,-0.033601,0.164399,0.148148,0.262937,0.077606,0.184272,0.057097,0.277076,0.151359,0.051044,0.076618,0.163462,0.246700,0.226221,0.104406,0.156853,0.047301,0.080364,0.217145,0.328079,0.133846,#
19,0.256017,0.139979,0.187146,0.219078,0.292785,0.140008,0.059698,0.190762,0.268124,0.296491,0.206139,0.006448,0.369529,0.257048,0.380215,0.209832,0.251893,0.249298,0.168512,1.000000,0.195487,0.194357,0.157957,0.198421,0.042332,0.279112,0.294386,0.201782,0.151925,0.340285,0.025432,0.249234,0.205773,0.190820,0.217161,0.341930,0.076362,0.006191,0.325162,0.156597,0.263925,0.224314,0.036342,0.084233,0.090890,0.322246,0.269425,0.263649,0.048841,0.242974,0.243035,0.140178,0.106582,0.349917,0.195361,0.308790,0.160833,0.118646,0.146672,0.057170,0.222553,0.176103,0.243625,0.236638,0.366966,0.178154,0.186353,0.259623,0.115888,0.258314,0.152687,0.231264,0.175326,0.053829,0.289650,0.376057,0.120578,0.308069,0.331353,0.088076,0.346400,0.274728,0.185559,0.109979,0.363667,0.010738,0.181715,0.215220,0.197810,0.064287,0.044548,0.200655,0.273672,0.168683,0.096307,0.255312,0.316491,0.225563,0.004426,0.094464,0.181027,0.102508,0.268623,0.212792,0.339476,0.268676,0.161916,0.379081,0.054715,0.033716,0.145810,0.169280,0.210527,0.306956,0.229230,0.172212,0.247361,0.220898,0.173245,0.033772,0.378237,0.364439,0.224567,0.330012,0.368022,0.150960,0.280428,0.221922,0.056510,0.245060,0.119198,-0.015363,0.278153,0.096589,0.204148,0.186150,0.118997,0.368944,0.172770,0.119486,0.155115,0.274665,0.260165,0.137499,0.131784,0.248331,0.108864,0.289903,0.225351,0.046775,0.182745,0.235352,0.114834,0.330301,0.280309,0.073977,0.182391,0.061876,0.177835,0.137587,0.281306,0.280224,0.263822,0.247405,0.221852,0.197854,0.113316,0.092689,0.242590,0.107286,0.209794,0.229392,0.287354,0.174116,0.069500,0.130176,0.345409,0.269699,0.150639,0.085682,0.100554,0.250580,0.220560,0.199468,0.195630,0.211472,0.203349,0.139198,0.213426,0.145129,0.335882,0.214657,0.113166,0.130728,0.186273,0.086238,0.114952,0.132895,0.260514,0.387838,#
20,0.159061,0.124541,0.278056,0.243552,0.300596,0.232156,0.222055,0.126444,0.211696,0.060889,0.108465,0.112069,0.104509,0.228229,0.147017,0.062550,0.244672,0.292621,0.225888,0.195487,1.000000,0.148210,0.059758,0.222473,0.213474,0.289348,0.113699,0.124688,0.081309,0.157677,0.109810,0.086335,0.168414,0.170697,0.036299,0.165880,0.211010,0.092756,0.081136,0.226521,0.244883,0.350809,0.080100,0.013677,0.233817,0.290135,0.319506,0.084802,0.124895,0.173426,-0.041327,0.192105,0.127760,0.292955,0.150813,0.159422,0.177220,0.203585,0.199362,0.001032,0.149862,0.116610,0.283295,0.159101,0.164536,0.131514,0.213969,0.196354,0.324364,0.230509,0.140754,0.213089,0.330835,0.193680,0.035777,0.022747,0.154237,0.342807,0.185021,0.099115,0.176355,0.158330,0.298808,0.058248,0.237360,0.134922,0.198651,0.204517,0.342397,0.165050,0.083048,0.250860,0.189777,0.281822,0.227149,0.206405,0.197593,0.235115,0.183742,0.037636,0.205600,0.073838,0.160021,0.140149,0.127885,0.204046,0.137349,0.177683,0.075470,0.204928,0.278986,0.286000,0.143964,0.213233,0.110823,0.315142,0.227719,0.085718,-0.037684,0.177601,0.084431,0.228157,0.065778,0.069781,0.273104,0.042726,0.175813,0.244802,0.249229,0.221438,0.134475,0.202837,0.209913,-0.054520,0.264664,0.135037,0.289305,0.296317,0.207035,0.094232,0.209880,0.141962,0.095249,0.221235,0.296795,0.167449,-0.073964,0.210465,0.204734,0.189761,0.260623,0.188763,-0.014242,0.130132,0.218296,0.178767,0.112583,-0.014191,0.070796,0.415797,0.144373,0.339825,0.171100,0.239075,0.266362,0.113734,0.022398,0.243118,0.096602,0.075238,0.212246,0.067647,0.029237,0.093930,0.045876,0.302668,0.094689,0.135923,0.319716,0.140083,0.105593,0.145095,0.163348,0.221036,0.119003,-0.053180,0.244644,0.102735,0.197761,0.355543,0.142922,0.234340,0.164298,0.111137,0.241305,0.233962,0.149044,0.231216,0.149669,0.178052,#
21,0.216525,0.190198,0.302844,0.151565,0.144981,0.084118,0.155442,0.214593,0.144265,0.001398,0.143867,0.195809,0.087425,0.119734,0.036694,0.082751,0.157183,0.073040,0.161608,0.194357,0.148210,1.000000,0.007798,0.097841,0.030179,0.068325,0.188079,0.241560,0.227738,0.169073,0.093242,0.182982,0.093087,0.221900,-0.000101,0.258257,0.263453,0.179626,0.276198,0.070126,0.046071,0.155401,0.087705,0.173806,0.029426,0.173483,0.229684,0.265118,0.023744,0.169513,0.170987,0.084857,0.010013,0.137443,0.096096,0.101323,0.092763,0.091186,-0.101956,0.044175,0.073285,0.011354,0.264482,0.164265,0.306774,0.210993,0.039246,0.154585,0.290581,0.331242,0.212948,0.101523,0.389630,0.275602,0.033130,0.086620,0.082044,0.136838,0.061942,0.058228,0.225073,0.091287,0.063726,-0.092807,0.236150,-0.117983,0.171858,0.038658,0.215884,0.234046,-0.005918,0.022956,0.080371,0.036839,0.158626,0.143185,0.191160,0.148699,0.037431,0.183298,0.379652,0.141747,0.082592,0.080730,0.108116,0.191706,0.183116,0.127760,0.127545,0.115281,0.191596,0.136984,0.045245,0.165539,0.107708,0.268936,0.236063,0.068950,0.065443,0.168825,0.054047,0.212929,0.020622,0.260370,0.102908,-0.024017,0.172246,0.131697,0.021550,0.083897,0.086779,0.074569,0.296321,0.069724,0.149093,0.103537,0.240314,0.139756,0.005304,0.243875,0.196905,0.173370,0.140087,0.121217,0.160195,0.190625,0.151186,0.138602,0.207861,0.059915,0.010786,0.062531,0.093160,-0.013792,0.241720,0.049877,-0.038200,0.100568,0.003523,0.115398,0.229093,0.316569,0.113596,0.073620,0.171552,0.062584,-0.022704,0.147300,0.084814,0.287217,0.065675,0.136593,0.208339,0.107600,-0.028864,0.226500,0.287101,0.169231,0.078473,0.140003,0.088196,0.138587,0.004964,0.203455,-0.075483,0.114084,0.179863,0.264252,0.247568,0.124476,0.277521,0.019109,0.291082,0.064900,0.253124,0.210304,0.049419,0.204999,0.217610,0.208815,#
