0,1.000000,0.797862,0.806094,0.757863,0.749823,0.825395,0.803131,0.815486,0.807635,0.766117,0.790704,0.813464,0.754513,0.798829,0.771530,0.791896,0.822622,0.842667,0.797965,0.780536,0.814578,0.748177,0.820387,0.831776,0.740049,0.756847,0.777503,0.780606,0.768450,0.815315,0.786617,0.820581,0.791206,0.798138,0.815316,0.771930,0.726634,0.802078,0.820285,0.841334,0.812576,0.769830,0.817817,0.788831,0.805764,0.727554,0.815595,0.827722,0.792976,0.825364,0.787201,0.815566,0.806494,0.804824,0.820233,0.838539,0.798349,0.830740,0.803668,0.808354,0.801352,0.764632,0.826762,0.794062,0.811737,0.798302,0.849177,0.809437,0.789895,0.746184,0.791510,0.804785,0.840153,0.817667,0.778391,0.791420,0.834303,0.806106,0.812299,0.780261,0.836517,0.804460,0.811572,0.821119,0.812822,0.834767,0.834975,0.816516,0.753117,0.803569,0.744305,0.798731,0.804218,0.784703,0.800623,0.778271,0.783314,0.790402,0.821806,0.831588,0.820541,0.791179,0.826933,0.806782,0.777790,0.797725,0.758516,0.814819,0.779471,0.725881,0.794217,0.822205,0.794512,0.797662,0.800841,0.836666,0.789346,0.781718,0.785057,0.784552,0.727404,0.847556,0.829374,0.854834,0.818652,0.795190,0.772185,0.765194,0.755823,0.779807,0.804121,0.807520,0.810790,0.757993,0.808535,0.806959,0.789008,0.800839,0.814178,0.825952,0.775388,0.766867,0.754842,0.823339,0.794835,0.685662,0.796048,0.738197,0.821887,0.781364,0.812296,0.829715,0.798701,0.741481,0.793795,0.784725,0.817079,0.813467,0.839907,0.770372,0.823815,0.809545,0.807737,0.804823,0.797171,0.796488,0.810915,0.782697,0.796344,0.796035,0.810739,0.801815,0.795045,0.823737,0.836100,0.775785,0.813847,0.843017,0.798634,0.769777,0.788868,0.796367,0.757614,0.773057,0.788327,0.763995,0.768236,0.788195,0.784342,0.783759,0.764147,0.799209,0.791390,0.804315,0.771470,0.806527,0.788306,0.833717,0.816504,0.775917,#
1,0.797862,1.000000,0.757679,0.789695,0.779685,0.807633,0.711062,0.782425,0.824611,0.768596,0.771544,0.780440,0.746777,0.758820,0.786994,0.779073,0.771644,0.782734,0.788747,0.785871,0.776405,0.826452,0.817748,0.798486,0.773338,0.703596,0.802491,0.809901,0.765889,0.734294,0.820397,0.828933,0.774170,0.816803,0.763740,0.788587,0.725852,0.797770,0.817133,0.812040,0.766483,0.722929,0.769997,0.786557,0.757644,0.740456,0.801477,0.797460,0.783898,0.785861,0.757195,0.810368,0.798659,0.747281,0.812651,0.785563,0.775309,0.801698,0.777947,0.734145,0.762435,0.746191,0.744062,0.741561,0.785227,0.801176,0.794855,0.800898,0.781832,0.801653,0.762014,0.787123,0.847574,0.738959,0.783725,0.764624,0.779560,0.766860,0.792416,0.732385,0.801283,0.774764,0.804908,0.826357,0.823043,0.800925,0.792024,0.789467,0.780742,0.776859,0.727180,0.757309,0.809507,0.801243,0.784797,0.772062,0.751904,0.786873,0.780603,0.773405,0.812459,0.774291,0.756818,0.757509,0.764547,0.786140,0.742676,0.802794,0.770151,0.738394,0.776229,0.767984,0.752770,0.823197,0.738653,0.779389,0.757188,0.765488,0.751762,0.718467,0.792212,0.791667,0.772057,0.788589,0.777803,0.755140,0.769241,0.777410,0.776509,0.811646,0.762077,0.821849,0.756696,0.758891,0.798479,0.791736,0.766052,0.787330,0.804267,0.770289,0.798711,0.777204,0.811902,0.824135,0.762655,0.754324,0.757685,0.735026,0.807732,0.719125,0.800028,0.836470,0.791483,0.698252,0.822585,0.744134,0.804693,0.781627,0.744427,0.729436,0.784896,0.826851,0.785234,0.821752,0.774752,0.742369,0.802975,0.738209,0.735381,0.776507,0.778287,0.756754,0.780081,0.816135,0.772460,0.777992,0.787162,0.849889,0.742512,0.780382,0.765031,0.765816,0.752490,0.795209,0.759487,0.805025,0.769466,0.702998,0.794266,0.776870,0.782668,0.750940,0.767149,0.775888,0.795744,0.706244,0.759756,0.810430,0.757330,0.764669,#
2,0.806094,0.757679,1.000000,0.751148,0.758387,0.783663,0.760638,0.785176,0.796689,0.724062,0.742078,0.738261,0.728869,0.787093,0.761958,0.753915,0.766578,0.780097,0.761200,0.776623,0.752691,0.743836,0.757846,0.820318,0.726246,0.729647,0.816876,0.786724,0.813302,0.784141,0.786010,0.772758,0.782642,0.758430,0.755154,0.753274,0.741494,0.777221,0.813966,0.778146,0.732091,0.737908,0.791177,0.759831,0.732358,0.727231,0.828134,0.741421,0.747273,0.806501,0.762205,0.800834,0.811349,0.793758,0.827207,0.794158,0.779463,0.756010,0.769485,0.753934,0.822195,0.779796,0.764507,0.779208,0.781566,0.782676,0.756639,0.777871,0.772777,0.772868,0.770225,0.760924,0.803284,0.780193,0.807386,0.770884,0.777643,0.768497,0.758387,0.779082,0.809027,0.797437,0.815504,0.777884,0.832273,0.792620,0.763690,0.810447,0.716776,0.746444,0.757511,0.775555,0.831144,0.753361,0.786677,0.778414,0.756115,0.748206,0.830107,0.800796,0.780550,0.776622,0.764267,0.760959,0.698810,0.799928,0.785208,0.771517,0.750234,0.699418,0.787155,0.727922,0.794868,0.756034,0.745202,0.732282,0.744444,0.784525,0.766727,0.715286,0.736873,0.751660,0.746077,0.823709,0.790456,0.724788,0.768054,0.741140,0.744659,0.796215,0.797193,0.806700,0.815285,0.787058,0.789068,0.778884,0.783696,0.783367,0.821823,0.760136,0.728228,0.790574,0.690169,0.743398,0.739690,0.783736,0.748047,0.707893,0.774734,0.773560,0.785212,0.816172,0.772574,0.777485,0.760274,0.759059,0.781879,0.729101,0.755293,0.708244,0.731737,0.745625,0.761710,0.774348,0.726619,0.776429,0.799974,0.728380,0.750403,0.757906,0.783958,0.759000,0.793222,0.751435,0.811410,0.749646,0.730470,0.801379,0.754140,0.717997,0.737159,0.813908,0.696117,0.813372,0.738421,0.771823,0.759242,0.734105,0.763962,0.758939,0.765552,0.756679,0.844261,0.775311,0.742301,0.776156,0.737134,0.786795,0.744318,0.770218,#
3,0.757863,0.789695,0.751148,1.000000,0.780228,0.745978,0.742212,0.734913,0.808877,0.749223,0.736726,0.772564,0.744595,0.768786,0.731447,0.790448,0.780537,0.763196,0.824225,0.761374,0.750079,0.777921,0.763291,0.747401,0.781853,0.745826,0.784109,0.763035,0.727871,0.756582,0.770156,0.819251,0.748853,0.785258,0.757170,0.766532,0.719848,0.788354,0.722619,0.810676,0.746279,0.722095,0.783646,0.791422,0.754900,0.799800,0.797028,0.740049,0.778472,0.738495,0.769198,0.727640,0.794916,0.741220,0.745096,0.807271,0.735257,0.778828,0.795214,0.758389,0.758509,0.711362,0.725723,0.763941,0.810362,0.760759,0.738607,0.765563,0.704026,0.771010,0.735958,0.760101,0.797758,0.756856,0.733395,0.726648,0.754011,0.745071,0.749240,0.756775,0.792027,0.741436,0.774049,0.780466,0.814284,0.800101,0.779687,0.749059,0.712788,0.742145,0.741478,0.756654,0.802785,0.776080,0.767385,0.784501,0.712588,0.741417,0.769839,0.771645,0.724720,0.758580,0.739489,0.718618,0.762033,0.750453,0.716986,0.754071,0.733525,0.715280,0.768057,0.729669,0.717308,0.779368,0.741613,0.791057,0.704786,0.735936,0.759501,0.684448,0.727100,0.764663,0.779311,0.743019,0.762845,0.761428,0.762303,0.765488,0.761033,0.758709,0.740283,0.780797,0.722102,0.761925,0.791996,0.799481,0.816785,0.731640,0.750835,0.761944,0.705617,0.783314,0.782046,0.704363,0.715520,0.800832,0.710180,0.785413,0.798139,0.729982,0.764507,0.799686,0.722482,0.734004,0.794647,0.709540,0.768919,0.738056,0.747005,0.710205,0.764099,0.771728,0.731640,0.768000,0.739112,0.760220,0.794939,0.693505,0.764370,0.743085,0.757447,0.781374,0.784821,0.790666,0.752203,0.775621,0.784052,0.798821,0.764337,0.763411,0.707941,0.785488,0.699414,0.767173,0.742510,0.758776,0.742493,0.672159,0.782700,0.825829,0.751520,0.744287,0.748080,0.751819,0.751196,0.755060,0.729044,0.755679,0.720945,0.771834,#
4,0.749823,0.779685,0.758387,0.780228,1.000000,0.825336,0.759737,0.760299,0.755652,0.747103,0.710615,0.793114,0.735368,0.798981,0.728914,0.769066,0.803039,0.811763,0.793955,0.826736,0.786901,0.762505,0.752106,0.803300,0.732771,0.724810,0.795164,0.752436,0.752875,0.758185,0.826329,0.796874,0.819825,0.750129,0.744581,0.751632,0.751143,0.760866,0.757812,0.805118,0.775939,0.707896,0.761852,0.789319,0.745525,0.785969,0.787263,0.776293,0.795739,0.766090,0.764822,0.751931,0.824668,0.738095,0.799319,0.802614,0.759273,0.778707,0.801678,0.782327,0.726017,0.751325,0.759956,0.748988,0.810819,0.785276,0.765664,0.763841,0.746124,0.759311,0.767146,0.816054,0.790097,0.784476,0.767034,0.711680,0.753491,0.795399,0.782144,0.786484,0.756427,0.753694,0.816884,0.746999,0.802987,0.773435,0.745156,0.729767,0.767825,0.760399,0.738361,0.743188,0.761905,0.757807,0.731750,0.760971,0.749891,0.735269,0.751934,0.778349,0.798594,0.804797,0.778258,0.739770,0.766045,0.779171,0.766736,0.765388,0.771351,0.740250,0.754591,0.758774,0.780620,0.828259,0.759109,0.745305,0.773245,0.805351,0.742108,0.696433,0.732017,0.785629,0.829389,0.772792,0.759507,0.773063,0.719375,0.770407,0.815501,0.784907,0.806964,0.786499,0.757860,0.778651,0.824497,0.792266,0.781226,0.777450,0.754883,0.726725,0.708502,0.792445,0.784251,0.758059,0.749685,0.716798,0.787525,0.698554,0.767435,0.792229,0.779198,0.853603,0.725661,0.711518,0.815332,0.755200,0.813630,0.729610,0.778828,0.714203,0.732105,0.771295,0.812541,0.754746,0.752274,0.752711,0.739068,0.707384,0.772075,0.757791,0.768718,0.796325,0.794401,0.775805,0.810916,0.784203,0.780957,0.802310,0.755900,0.737652,0.758347,0.770701,0.769841,0.763597,0.813561,0.779461,0.732769,0.784957,0.754133,0.754536,0.746131,0.701262,0.756376,0.795628,0.738202,0.736100,0.763945,0.762694,0.776759,0.736153,#
5,0.825395,0.807633,0.783663,0.745978,0.825336,1.000000,0.741045,0.777768,0.793843,0.750539,0.763169,0.783056,0.712183,0.740896,0.752416,0.831546,0.775814,0.817163,0.748242,0.810179,0.764207,0.759156,0.790434,0.804198,0.745968,0.751864,0.837909,0.801580,0.737999,0.764958,0.829688,0.813328,0.798969,0.779683,0.764157,0.791617,0.729861,0.776727,0.779102,0.792114,0.823522,0.699053,0.744826,0.755700,0.780800,0.791985,0.824849,0.786268,0.806552,0.765066,0.759130,0.785051,0.780794,0.817245,0.753939,0.843024,0.789116,0.801412,0.849602,0.792041,0.753929,0.789015,0.781575,0.807329,0.790155,0.794767,0.778471,0.796874,0.771629,0.748730,0.797326,0.778410,0.823748,0.772761,0.755837,0.773393,0.814562,0.784516,0.760443,0.757860,0.822174,0.762382,0.804684,0.765054,0.809170,0.815794,0.805019,0.806930,0.781088,0.738331,0.710019,0.777773,0.817532,0.799568,0.756081,0.745796,0.777422,0.766857,0.808165,0.804897,0.825413,0.790198,0.839735,0.789207,0.787077,0.795815,0.763856,0.785264,0.739532,0.774654,0.755450,0.828334,0.776062,0.769572,0.695923,0.735709,0.791057,0.763399,0.706197,0.757921,0.739114,0.775584,0.808417,0.838815,0.762135,0.786242,0.791574,0.755042,0.767042,0.807590,0.824635,0.833754,0.810861,0.810180,0.796308,0.756915,0.824773,0.765695,0.782827,0.779460,0.770890,0.744892,0.795128,0.802120,0.812473,0.710996,0.727640,0.725678,0.805989,0.779853,0.812241,0.833152,0.748383,0.742539,0.787482,0.728701,0.825377,0.788885,0.801768,0.756269,0.783325,0.823964,0.788974,0.766578,0.778636,0.767255,0.732160,0.773872,0.780809,0.762518,0.821129,0.790183,0.778567,0.782458,0.825184,0.757412,0.759770,0.800654,0.782895,0.775764,0.811830,0.785079,0.754290,0.777482,0.814502,0.806517,0.752283,0.765767,0.754570,0.782683,0.739287,0.774312,0.764038,0.780780,0.703245,0.733825,0.749461,0.783419,0.780614,0.747700,#
6,0.803131,0.711062,0.760638,0.742212,0.759737,0.741045,1.000000,0.724788,0.756082,0.705418,0.721976,0.744195,0.733451,0.796951,0.690621,0.731225,0.796142,0.808294,0.767200,0.737702,0.813007,0.707816,0.708301,0.776144,0.740403,0.733617,0.774399,0.746489,0.727935,0.781737,0.773768,0.785484,0.770619,0.766434,0.772786,0.768047,0.724175,0.731484,0.755788,0.775224,0.756821,0.772269,0.765649,0.761541,0.799585,0.700481,0.789683,0.732606,0.812701,0.795926,0.770816,0.792673,0.811254,0.695977,0.791665,0.788104,0.786831,0.799575,0.814623,0.720282,0.771901,0.721774,0.735796,0.740804,0.821075,0.740925,0.814059,0.734397,0.756441,0.718134,0.740882,0.780734,0.777281,0.794303,0.719971,0.722567,0.765040,0.774420,0.763822,0.729897,0.782388,0.766262,0.776412,0.803237,0.747562,0.788462,0.762378,0.738739,0.762987,0.762859,0.730781,0.728603,0.715262,0.747392,0.743318,0.754558,0.770932,0.748618,0.768673,0.779491,0.780378,0.758999,0.773693,0.756558,0.749012,0.708158,0.783811,0.741025,0.756247,0.674625,0.706132,0.746946,0.716108,0.746567,0.735877,0.716039,0.747961,0.779278,0.734632,0.711908,0.744577,0.762368,0.755572,0.799501,0.809017,0.763215,0.730327,0.764590,0.686691,0.745203,0.770136,0.780366,0.747368,0.713054,0.765140,0.776827,0.777691,0.755226,0.824907,0.761111,0.755419,0.770210,0.730277,0.745628,0.722811,0.755310,0.748316,0.720411,0.761224,0.733999,0.766333,0.814528,0.697672,0.678931,0.738150,0.722293,0.776034,0.711376,0.780003,0.730926,0.784646,0.761562,0.730193,0.766420,0.766333,0.774361,0.803699,0.675965,0.759189,0.744382,0.798078,0.755844,0.740594,0.717190,0.763007,0.765057,0.774693,0.789769,0.755087,0.738953,0.763001,0.720854,0.781465,0.775232,0.734554,0.751909,0.719243,0.759801,0.708498,0.749540,0.719096,0.746615,0.733079,0.772991,0.775992,0.765805,0.757903,0.781181,0.752539,0.739970,#
7,0.815486,0.782425,0.785176,0.734913,0.760299,0.777768,0.724788,1.000000,0.839449,0.753352,0.747786,0.763026,0.746073,0.780384,0.779729,0.734735,0.778088,0.777493,0.812089,0.758513,0.776788,0.749154,0.840078,0.786162,0.753832,0.795916,0.779299,0.787093,0.766147,0.772379,0.729714,0.811041,0.746045,0.775021,0.757385,0.767897,0.758593,0.741180,0.780766,0.772512,0.776688,0.721103,0.772228,0.779880,0.765114,0.737987,0.790927,0.796116,0.757475,0.742080,0.776035,0.769685,0.817311,0.819607,0.793166,0.788563,0.762921,0.810041,0.752895,0.785138,0.731450,0.745664,0.778371,0.768734,0.789485,0.806554,0.808790,0.785904,0.797128,0.755808,0.780318,0.705755,0.823138,0.794828,0.802460,0.743378,0.803225,0.749880,0.768692,0.743885,0.797119,0.777027,0.792523,0.764682,0.813501,0.777173,0.821031,0.783613,0.749719,0.752191,0.755047,0.797401,0.781562,0.759489,0.798085,0.755678,0.793353,0.790814,0.791672,0.786555,0.794230,0.767721,0.779061,0.765409,0.756029,0.770132,0.751741,0.783104,0.748632,0.699309,0.836898,0.748650,0.787495,0.787176,0.714168,0.779013,0.746617,0.742234,0.708680,0.767694,0.763950,0.761193,0.761888,0.832055,0.840597,0.765277,0.742322,0.790402,0.731765,0.764616,0.772472,0.783662,0.799521,0.718790,0.813294,0.822022,0.796225,0.782898,0.755785,0.790499,0.764135,0.795869,0.791094,0.768574,0.773098,0.751246,0.777869,0.679897,0.802988,0.777321,0.752997,0.802382,0.803046,0.739508,0.773213,0.792635,0.784023,0.772955,0.781630,0.745696,0.811740,0.756217,0.824109,0.731121,0.761234,0.758670,0.808560,0.748044,0.758525,0.726885,0.824892,0.793811,0.767519,0.790882,0.778687,0.747923,0.773739,0.786068,0.761587,0.753614,0.770698,0.758932,0.742336,0.770401,0.758990,0.804106,0.756166,0.714526,0.784668,0.805292,0.787943,0.757262,0.744254,0.754006,0.762627,0.758405,0.750763,0.812748,0.779958,0.737747,#
8,0.807635,0.824611,0.796689,0.808877,0.755652,0.793843,0.756082,0.839449,1.000000,0.791499,0.735059,0.789080,0.769089,0.785219,0.762568,0.791852,0.796902,0.822328,0.790558,0.792737,0.781498,0.810255,0.809555,0.768444,0.738152,0.777110,0.793449,0.814604,0.769576,0.789773,0.765647,0.812435,0.777816,0.797547,0.748898,0.792521,0.760659,0.788552,0.795317,0.800276,0.764446,0.746280,0.814786,0.776339,0.778067,0.730541,0.769082,0.800950,0.792692,0.784643,0.779166,0.787878,0.799038,0.829249,0.800586,0.819883,0.758603,0.804412,0.776233,0.755244,0.797689,0.754112,0.780833,0.784829,0.784072,0.835924,0.792289,0.807973,0.789555,0.805162,0.755238,0.794192,0.849291,0.831562,0.764629,0.737066,0.793877,0.787917,0.768759,0.786596,0.796879,0.761612,0.790441,0.838541,0.822858,0.809377,0.779019,0.822883,0.740511,0.770117,0.770179,0.782736,0.811086,0.770608,0.832008,0.790533,0.762252,0.772481,0.837528,0.785225,0.807427,0.766561,0.792813,0.816768,0.741609,0.778970,0.797214,0.825932,0.746561,0.746386,0.807827,0.781536,0.808685,0.790701,0.746863,0.803613,0.746860,0.760987,0.766058,0.785371,0.762441,0.762171,0.803971,0.810836,0.799969,0.803767,0.755760,0.775063,0.794438,0.766932,0.758641,0.794387,0.790599,0.786045,0.854719,0.780234,0.782943,0.782465,0.758834,0.813372,0.786284,0.809264,0.797833,0.803094,0.792906,0.734487,0.777093,0.721673,0.803371,0.786784,0.764267,0.823010,0.761723,0.797988,0.783025,0.787424,0.807533,0.788095,0.786348,0.784330,0.814272,0.786996,0.823790,0.795683,0.778040,0.759158,0.788581,0.749615,0.780526,0.779694,0.818369,0.802059,0.798208,0.776304,0.826025,0.779338,0.776545,0.850107,0.764895,0.728702,0.770803,0.794538,0.700010,0.821477,0.793092,0.800127,0.794151,0.731323,0.816602,0.828261,0.782101,0.790584,0.802350,0.774536,0.739808,0.783993,0.776733,0.788228,0.766614,0.819140,#
9,0.766117,0.768596,0.724062,0.749223,0.747103,0.750539,0.705418,0.753352,0.791499,1.000000,0.692019,0.726333,0.749943,0.768290,0.777490,0.752964,0.776168,0.764794,0.772830,0.747106,0.795492,0.736947,0.775370,0.801083,0.721933,0.726887,0.767606,0.813195,0.714689,0.786544,0.727615,0.768937,0.767172,0.781532,0.778185,0.766388,0.724468,0.733316,0.761404,0.776678,0.764509,0.746117,0.749296,0.741288,0.782329,0.699707,0.749637,0.763252,0.718049,0.720727,0.713786,0.716159,0.723811,0.751540,0.766039,0.776267,0.743129,0.812564,0.761771,0.744178,0.742803,0.725983,0.765891,0.754688,0.749883,0.823899,0.773533,0.796061,0.789394,0.717306,0.750243,0.734017,0.777085,0.746449,0.762989,0.712223,0.743870,0.811829,0.757248,0.781187,0.747581,0.761139,0.743402,0.828170,0.803559,0.762754,0.738172,0.799144,0.711427,0.681982,0.709120,0.741088,0.791265,0.743592,0.767522,0.742697,0.723992,0.781598,0.789523,0.762674,0.785369,0.774848,0.771108,0.768934,0.757770,0.774203,0.738630,0.759583,0.786012,0.778911,0.783983,0.786749,0.793193,0.766888,0.706470,0.791341,0.662200,0.713835,0.685297,0.729517,0.740173,0.755740,0.796619,0.787096,0.779501,0.736793,0.772927,0.697442,0.779068,0.734008,0.743964,0.780262,0.763226,0.770155,0.781563,0.734520,0.755132,0.737355,0.754650,0.765244,0.717356,0.804470,0.774169,0.778756,0.729948,0.754343,0.758754,0.708414,0.776301,0.712313,0.725316,0.773626,0.717314,0.739579,0.776596,0.742728,0.747474,0.761807,0.762667,0.742891,0.769451,0.798763,0.765155,0.766137,0.779226,0.770418,0.714057,0.728205,0.771128,0.729622,0.807446,0.784090,0.766770,0.733901,0.773596,0.819640,0.737408,0.805397,0.758507,0.769778,0.784520,0.732053,0.755015,0.746058,0.743458,0.797029,0.683397,0.722212,0.813735,0.727295,0.765594,0.769881,0.726900,0.721821,0.721894,0.706449,0.746966,0.757079,0.738634,0.725842,#
10,0.790704,0.771544,0.742078,0.736726,0.710615,0.763169,0.721976,0.747786,0.735059,0.692019,1.000000,0.732202,0.690315,0.733524,0.667059,0.732053,0.771242,0.733691,0.766830,0.715755,0.754518,0.719064,0.779280,0.803555,0.656716,0.712813,0.766868,0.812551,0.738357,0.765956,0.734909,0.773517,0.743405,0.779352,0.770757,0.757313,0.725013,0.759831,0.770387,0.758126,0.746881,0.711333,0.733603,0.739586,0.752363,0.749736,0.797286,0.760854,0.772936,0.807479,0.713221,0.756779,0.769040,0.695254,0.761119,0.789218,0.763102,0.793284,0.722588,0.745773,0.767481,0.733885,0.801267,0.779107,0.778439,0.715393,0.750780,0.696458,0.759558,0.752038,0.756398,0.758703,0.819677,0.692371,0.747451,0.773229,0.770748,0.793344,0.751086,0.718127,0.810166,0.747143,0.751498,0.766906,0.771555,0.766251,0.779695,0.743739,0.729471,0.783738,0.692703,0.767996,0.805909,0.725433,0.741422,0.765661,0.703073,0.750387,0.786667,0.808106,0.756252,0.748454,0.748198,0.795462,0.816083,0.744508,0.735278,0.735843,0.736830,0.721142,0.735879,0.717178,0.757590,0.751489,0.710531,0.779281,0.715489,0.734501,0.747597,0.727202,0.736917,0.773019,0.691547,0.787272,0.715111,0.733734,0.772927,0.751278,0.734105,0.746433,0.728332,0.736046,0.746098,0.737131,0.777168,0.804038,0.741924,0.718278,0.770009,0.804116,0.794438,0.748968,0.713790,0.753627,0.683624,0.685283,0.749350,0.708385,0.773938,0.736148,0.754752,0.771878,0.757345,0.709458,0.766494,0.732343,0.779286,0.804477,0.741159,0.698351,0.801854,0.740705,0.738995,0.767872,0.736005,0.705140,0.779953,0.712786,0.769159,0.757527,0.764366,0.770620,0.710325,0.737197,0.757794,0.738301,0.741394,0.794710,0.715186,0.769249,0.724028,0.713697,0.767112,0.738354,0.701751,0.768108,0.713813,0.738031,0.704127,0.773840,0.752481,0.707446,0.742121,0.752311,0.755653,0.758131,0.733403,0.787918,0.742540,0.751656,#
11,0.813464,0.780440,0.738261,0.772564,0.793114,0.783056,0.744195,0.763026,0.789080,0.726333,0.732202,1.000000,0.784315,0.758867,0.747078,0.763057,0.784853,0.814714,0.818397,0.765836,0.753545,0.743752,0.784234,0.773035,0.739370,0.731469,0.760225,0.754850,0.773420,0.741950,0.771288,0.788778,0.799451,0.785054,0.737512,0.763268,0.784718,0.782265,0.758479,0.797695,0.770356,0.744552,0.770391,0.760298,0.754379,0.727958,0.847817,0.784690,0.759485,0.818286,0.769434,0.733482,0.808071,0.751965,0.798948,0.807076,0.741829,0.805712,0.775297,0.752081,0.729952,0.722436,0.807727,0.740697,0.791619,0.783368,0.785602,0.783423,0.784284,0.782325,0.802873,0.756040,0.792764,0.775055,0.783972,0.714591,0.829781,0.804370,0.754780,0.711379,0.796103,0.756788,0.788536,0.785782,0.808821,0.784540,0.751853,0.733430,0.724606,0.728642,0.755301,0.786487,0.781215,0.726499,0.752823,0.796037,0.755946,0.770633,0.776857,0.764359,0.757544,0.792430,0.802832,0.758341,0.813414,0.768570,0.759080,0.812623,0.777083,0.766291,0.817531,0.788038,0.789272,0.765033,0.686652,0.780018,0.746280,0.765308,0.752139,0.751609,0.699693,0.784392,0.794389,0.800898,0.793158,0.777477,0.791116,0.752131,0.773202,0.781433,0.799006,0.762144,0.780337,0.777911,0.788131,0.764007,0.805278,0.746610,0.779559,0.743884,0.755899,0.749018,0.759894,0.795963,0.787846,0.706139,0.779164,0.733995,0.785881,0.773546,0.752760,0.777448,0.754737,0.763795,0.791835,0.748479,0.820184,0.747038,0.767778,0.709947,0.756208,0.783904,0.803410,0.770416,0.814154,0.707722,0.797329,0.712199,0.772345,0.813827,0.786310,0.764970,0.787451,0.800439,0.766410,0.777366,0.762013,0.790736,0.746477,0.786267,0.760270,0.752093,0.775444,0.745458,0.792205,0.731235,0.741644,0.785861,0.768464,0.765577,0.791296,0.759693,0.774225,0.755210,0.738005,0.763313,0.761688,0.772209,0.758687,0.749659,#
12,0.754513,0.746777,0.728869,0.744595,0.735368,0.712183,0.733451,0.746073,0.769089,0.749943,0.690315,0.784315,1.000000,0.766451,0.759716,0.724072,0.754977,0.785757,0.782934,0.758244,0.756154,0.691229,0.797219,0.775169,0.716582,0.732258,0.725612,0.757476,0.766696,0.709105,0.735450,0.766019,0.770062,0.788507,0.745389,0.768717,0.743683,0.749568,0.758484,0.755624,0.685768,0.669308,0.728702,0.768180,0.752442,0.748205,0.783321,0.713557,0.734282,0.744168,0.802731,0.722619,0.750836,0.738806,0.798974,0.752944,0.724686,0.773908,0.746018,0.722845,0.699387,0.743594,0.752890,0.731831,0.792926,0.775900,0.751361,0.706315,0.783129,0.739328,0.751552,0.728647,0.769437,0.744970,0.778972,0.717472,0.778781,0.757585,0.753509,0.754595,0.756063,0.732712,0.777182,0.778732,0.738937,0.764079,0.717353,0.753120,0.738959,0.689686,0.735825,0.750953,0.766461,0.677755,0.724682,0.801101,0.800503,0.756582,0.750047,0.728215,0.715997,0.775593,0.761701,0.783750,0.708796,0.743972,0.720610,0.722219,0.768818,0.732334,0.766020,0.741610,0.735326,0.737535,0.775498,0.750805,0.681479,0.704085,0.744379,0.737096,0.693989,0.732955,0.751306,0.800455,0.787398,0.759587,0.745517,0.688801,0.725845,0.749129,0.713738,0.735347,0.708927,0.736671,0.736859,0.744046,0.746376,0.774262,0.736512,0.721383,0.777339,0.775587,0.737860,0.755777,0.721267,0.714041,0.740242,0.667458,0.773022,0.782036,0.738105,0.782928,0.732378,0.685053,0.744462,0.779492,0.809194,0.774589,0.775634,0.716715,0.763975,0.784553,0.771242,0.730767,0.802783,0.677161,0.729402,0.753828,0.691403,0.734785,0.768962,0.752771,0.754209,0.751123,0.736813,0.719698,0.801747,0.818610,0.719102,0.675878,0.729501,0.753443,0.755602,0.740193,0.675914,0.744295,0.672882,0.757932,0.755999,0.737766,0.718608,0.725336,0.714193,0.750616,0.697704,0.749905,0.734898,0.765606,0.763143,0.673339,#
13,0.798829,0.758820,0.787093,0.768786,0.798981,0.740896,0.796951,0.780384,0.785219,0.768290,0.733524,0.758867,0.766451,1.000000,0.723971,0.755866,0.758623,0.822437,0.801498,0.768631,0.781942,0.742906,0.818195,0.788306,0.734128,0.735958,0.749542,0.803377,0.777991,0.803650,0.729222,0.774833,0.803249,0.797841,0.703051,0.750317,0.746219,0.782337,0.810728,0.796801,0.833274,0.737520,0.795970,0.762120,0.810919,0.760977,0.782146,0.777928,0.809168,0.791062,0.764787,0.818251,0.790121,0.758015,0.821484,0.825044,0.766503,0.808715,0.794139,0.764076,0.789814,0.765091,0.757026,0.796212,0.818357,0.803044,0.784691,0.758784,0.798604,0.755937,0.736117,0.778570,0.763020,0.811320,0.789267,0.748829,0.775250,0.778669,0.812569,0.789778,0.783312,0.762827,0.812705,0.800935,0.787847,0.789430,0.735173,0.741192,0.790198,0.762271,0.745453,0.787130,0.785485,0.747760,0.777328,0.751972,0.755464,0.747731,0.760676,0.812232,0.803113,0.784715,0.782251,0.822194,0.775363,0.807309,0.766690,0.799675,0.773180,0.720239,0.790369,0.784381,0.775412,0.785665,0.764946,0.796390,0.719445,0.799845,0.787388,0.757871,0.753968,0.776998,0.747447,0.775147,0.781993,0.763210,0.791410,0.736195,0.749325,0.762488,0.775011,0.769161,0.753702,0.756595,0.817040,0.761491,0.771399,0.773381,0.818091,0.760536,0.746872,0.825700,0.793526,0.771091,0.724231,0.741556,0.797984,0.709050,0.797277,0.778604,0.769693,0.827378,0.746147,0.748656,0.757447,0.766256,0.804615,0.770667,0.807610,0.736110,0.802332,0.789375,0.773068,0.794728,0.781825,0.768956,0.789327,0.758381,0.805282,0.751768,0.790908,0.803364,0.809280,0.772958,0.837489,0.799287,0.790983,0.848100,0.777004,0.758931,0.753134,0.774966,0.789143,0.774600,0.792335,0.792522,0.722889,0.776741,0.744049,0.758599,0.766879,0.754883,0.775945,0.803943,0.780929,0.730319,0.760941,0.798300,0.764062,0.739833,#
14,0.771530,0.786994,0.761958,0.731447,0.728914,0.752416,0.690621,0.779729,0.762568,0.777490,0.667059,0.747078,0.759716,0.723971,1.000000,0.756299,0.750464,0.718950,0.725824,0.725868,0.747475,0.717755,0.735356,0.779300,0.719157,0.652888,0.742055,0.752076,0.729189,0.747554,0.762529,0.766049,0.731557,0.745745,0.740049,0.723237,0.693517,0.750186,0.772239,0.724933,0.704264,0.698433,0.766855,0.763228,0.731408,0.720566,0.754868,0.717174,0.685874,0.711271,0.711098,0.707674,0.721527,0.790845,0.759500,0.741848,0.722671,0.747394,0.757835,0.698974,0.736923,0.764174,0.733732,0.723847,0.736150,0.737582,0.733317,0.753102,0.755345,0.757478,0.730814,0.726667,0.774460,0.731199,0.763122,0.700784,0.773009,0.762016,0.734545,0.686348,0.763682,0.762737,0.778391,0.808276,0.768129,0.765614,0.742465,0.785506,0.737507,0.652428,0.670160,0.699873,0.757407,0.760871,0.766668,0.739711,0.804456,0.728260,0.765888,0.711098,0.764566,0.765241,0.782872,0.685695,0.722597,0.761738,0.701935,0.724140,0.737213,0.698002,0.777124,0.748191,0.773911,0.737206,0.702679,0.745807,0.699786,0.698263,0.703902,0.686996,0.715253,0.754370,0.761796,0.764297,0.794897,0.673491,0.733761,0.770174,0.704549,0.744829,0.715122,0.754904,0.718049,0.727645,0.753125,0.742305,0.746955,0.751328,0.732388,0.748602,0.732036,0.748011,0.680025,0.764236,0.716355,0.749080,0.766890,0.666860,0.770201,0.685788,0.749888,0.751261,0.697648,0.688209,0.770863,0.739826,0.735285,0.747386,0.717480,0.703160,0.728976,0.727192,0.747165,0.728614,0.709792,0.705395,0.719478,0.700267,0.684858,0.769122,0.749764,0.740052,0.752609,0.783138,0.760560,0.777066,0.752485,0.778742,0.706828,0.689284,0.743744,0.784118,0.741363,0.711073,0.734155,0.715329,0.719683,0.661589,0.748242,0.732346,0.679236,0.706889,0.757434,0.754797,0.704914,0.726959,0.730325,0.737300,0.705181,0.655982,#
15,0.791896,0.779073,0.753915,0.790448,0.769066,0.831546,0.731225,0.734735,0.791852,0.752964,0.732053,0.763057,0.724072,0.755866,0.756299,1.000000,0.776340,0.806405,0.761743,0.765111,0.759877,0.761429,0.751350,0.786182,0.742452,0.730139,0.757659,0.753535,0.733926,0.786508,0.794067,0.802475,0.756164,0.806704,0.729161,0.814094,0.766489,0.767384,0.801182,0.757626,0.723402,0.714681,0.759431,0.733845,0.812375,0.744739,0.801674,0.805341,0.790015,0.775295,0.741566,0.778784,0.752954,0.738379,0.770096,0.767993,0.768096,0.759394,0.758269,0.729935,0.772596,0.754708,0.747418,0.805408,0.759210,0.797297,0.745175,0.764286,0.743742,0.714565,0.775573,0.742338,0.757360,0.759922,0.755025,0.706601,0.789120,0.792334,0.784683,0.748893,0.792450,0.771338,0.777140,0.798688,0.814360,0.809255,0.733857,0.790710,0.723242,0.697046,0.687737,0.708677,0.783648,0.759432,0.727610,0.744379,0.741842,0.746651,0.749600,0.758864,0.799903,0.733351,0.802253,0.780418,0.740580,0.776960,0.770011,0.792457,0.723454,0.780210,0.717063,0.742559,0.769177,0.767723,0.706340,0.733214,0.745874,0.768756,0.745607,0.743265,0.714987,0.740141,0.768901,0.785340,0.750834,0.743447,0.806950,0.718604,0.783565,0.792821,0.743962,0.743535,0.727801,0.724763,0.785372,0.745644,0.758035,0.729880,0.775479,0.761048,0.731746,0.743804,0.748406,0.745353,0.747432,0.734563,0.736509,0.720224,0.778966,0.742787,0.804005,0.769719,0.789396,0.762199,0.775959,0.743964,0.812448,0.754198,0.779409,0.723839,0.750770,0.803586,0.807177,0.726080,0.794607,0.748072,0.774221,0.765270,0.787559,0.711752,0.748933,0.800456,0.750886,0.788175,0.756694,0.804151,0.771059,0.791153,0.767456,0.747972,0.773378,0.761873,0.729594,0.793766,0.753558,0.729255,0.672948,0.726095,0.733293,0.786261,0.721919,0.766209,0.762576,0.767307,0.742004,0.729438,0.769651,0.794951,0.778583,0.785161,#
16,0.822622,0.771644,0.766578,0.780537,0.803039,0.775814,0.796142,0.778088,0.796902,0.776168,0.771242,0.784853,0.754977,0.758623,0.750464,0.776340,1.000000,0.815959,0.797295,0.773904,0.858013,0.792305,0.745752,0.796905,0.736675,0.783973,0.802001,0.718833,0.756291,0.761209,0.793771,0.834531,0.819170,0.789885,0.763865,0.784703,0.798763,0.780576,0.806391,0.805954,0.767684,0.766104,0.779310,0.766423,0.766634,0.777094,0.781984,0.781576,0.784378,0.802435,0.738899,0.773035,0.801454,0.806299,0.824775,0.810090,0.704422,0.797521,0.794909,0.739953,0.785901,0.766088,0.794714,0.754013,0.803195,0.783189,0.809638,0.789441,0.820426,0.785767,0.773926,0.785282,0.805827,0.769436,0.793420,0.745296,0.791329,0.799048,0.777903,0.804028,0.829299,0.787992,0.797810,0.798439,0.810616,0.787840,0.814772,0.767446,0.764952,0.780814,0.725604,0.769011,0.810405,0.767583,0.805342,0.822200,0.789099,0.753175,0.821947,0.780359,0.790666,0.759229,0.775002,0.793243,0.760015,0.838102,0.811052,0.768508,0.809577,0.745838,0.817553,0.797520,0.793032,0.801616,0.790246,0.821445,0.800843,0.788856,0.735050,0.699833,0.736538,0.797068,0.767953,0.815543,0.812533,0.776546,0.772229,0.728804,0.778581,0.774811,0.803671,0.779193,0.800405,0.746067,0.831749,0.833365,0.783937,0.739932,0.785040,0.788465,0.774794,0.787440,0.795225,0.789894,0.740109,0.727934,0.789451,0.738816,0.776577,0.783835,0.757077,0.824244,0.727795,0.742050,0.844388,0.770474,0.801842,0.777626,0.776570,0.757521,0.756485,0.779808,0.827200,0.778482,0.780573,0.790035,0.785424,0.764172,0.798239,0.754755,0.780765,0.796904,0.788385,0.774656,0.790120,0.768232,0.747241,0.837488,0.769996,0.753710,0.756554,0.756470,0.798597,0.758317,0.774087,0.796068,0.779619,0.779517,0.777395,0.784260,0.806011,0.738953,0.809881,0.779865,0.755195,0.774410,0.774056,0.802596,0.792420,0.782013,#
17,0.842667,0.782734,0.780097,0.763196,0.811763,0.817163,0.808294,0.777493,0.822328,0.764794,0.733691,0.814714,0.785757,0.822437,0.718950,0.806405,0.815959,1.000000,0.773150,0.818522,0.810023,0.746156,0.807038,0.835907,0.826743,0.778138,0.802115,0.787771,0.754965,0.808011,0.804642,0.820201,0.753954,0.773776,0.769174,0.826696,0.760785,0.794338,0.816763,0.821089,0.805072,0.776740,0.817687,0.787552,0.786190,0.742620,0.796817,0.840449,0.829430,0.820456,0.797604,0.789178,0.810063,0.767735,0.817811,0.836393,0.786023,0.790990,0.810043,0.742436,0.780023,0.776427,0.769157,0.789359,0.795700,0.850378,0.835803,0.812334,0.789205,0.767131,0.782272,0.775650,0.786915,0.784473,0.770619,0.748851,0.815311,0.820275,0.800500,0.800529,0.825288,0.778345,0.823123,0.819756,0.806971,0.803001,0.804615,0.786028,0.772548,0.771073,0.763986,0.772399,0.808991,0.776871,0.760179,0.822850,0.799118,0.753994,0.763099,0.823064,0.819063,0.752790,0.809422,0.811314,0.741356,0.764691,0.800233,0.811266,0.756588,0.774723,0.793436,0.801227,0.763476,0.817497,0.774760,0.767049,0.737265,0.795664,0.745129,0.758959,0.766853,0.786467,0.793968,0.831887,0.813562,0.822185,0.796307,0.748726,0.765955,0.795248,0.834648,0.824513,0.805139,0.751754,0.779367,0.805139,0.796015,0.790301,0.828027,0.820826,0.798223,0.813195,0.848131,0.797028,0.789987,0.736328,0.798292,0.743402,0.826875,0.745408,0.808624,0.821524,0.766145,0.747502,0.813688,0.821407,0.864021,0.781591,0.810182,0.751060,0.808985,0.793981,0.842079,0.765864,0.817418,0.787111,0.748647,0.754537,0.802401,0.762457,0.833586,0.790782,0.788812,0.790088,0.833362,0.764116,0.793905,0.844249,0.779555,0.789628,0.780985,0.817690,0.797139,0.813749,0.825779,0.778031,0.763644,0.838343,0.758937,0.765565,0.778331,0.784692,0.803571,0.797383,0.786979,0.808948,0.777501,0.833507,0.783151,0.771593,#
18,0.797965,0.788747,0.761200,0.824225,0.793955,0.748242,0.767200,0.812089,0.790558,0.772830,0.766830,0.818397,0.782934,0.801498,0.725824,0.761743,0.797295,0.773150,1.000000,0.800808,0.782421,0.795604,0.787405,0.774917,0.757037,0.778558,0.784013,0.778599,0.754849,0.798265,0.746935,0.804621,0.793997,0.820441,0.783521,0.813072,0.764501,0.774653,0.794413,0.790463,0.786916,0.709465,0.769485,0.757868,0.817174,0.748373,0.831693,0.790766,0.771214,0.750326,0.755909,0.746460,0.813986,0.750018,0.802259,0.817547,0.758108,0.808308,0.779661,0.794505,0.793141,0.731968,0.769817,0.752887,0.814229,0.768785,0.765413,0.784808,0.746554,0.795374,0.811140,0.754672,0.812589,0.774920,0.810462,0.723989,0.820828,0.773279,0.816136,0.772706,0.781064,0.750231,0.797057,0.814126,0.825154,0.800685,0.775236,0.765175,0.769166,0.747574,0.763919,0.749438,0.815739,0.768154,0.791089,0.751113,0.766107,0.804009,0.790009,0.797702,0.800961,0.758796,0.793869,0.794022,0.786529,0.806163,0.753584,0.770027,0.777599,0.751971,0.808705,0.749281,0.818673,0.816768,0.718705,0.760366,0.764322,0.764295,0.761309,0.744955,0.744749,0.814907,0.776663,0.787760,0.796190,0.752520,0.798923,0.744396,0.820983,0.748105,0.782896,0.789124,0.783677,0.752737,0.800505,0.805406,0.818872,0.775317,0.789212,0.776574,0.743036,0.815967,0.772242,0.820013,0.743515,0.779869,0.775919,0.709422,0.822870,0.762662,0.758965,0.839863,0.770890,0.738181,0.786040,0.798893,0.789580,0.816235,0.789142,0.745784,0.795238,0.762093,0.819418,0.784967,0.806288,0.782201,0.838490,0.748419,0.741216,0.760759,0.778957,0.819533,0.808725,0.760913,0.756957,0.789118,0.770988,0.838824,0.748969,0.792655,0.774402,0.782558,0.753833,0.765033,0.769574,0.794119,0.766581,0.734029,0.753956,0.794910,0.783292,0.771288,0.736481,0.822511,0.794714,0.768381,0.737363,0.814083,0.788913,0.758942,#
19,0.780536,0.785871,0.776623,0.761374,0.826736,0.810179,0.737702,0.758513,0.792737,0.747106,0.715755,0.765836,0.758244,0.768631,0.725868,0.765111,0.773904,0.818522,0.800808,1.000000,0.775285,0.756640,0.776044,0.780536,0.719196,0.693933,0.797226,0.750356,0.778860,0.783687,0.783631,0.836772,0.764774,0.764672,0.715471,0.784912,0.730151,0.757746,0.786166,0.792853,0.783501,0.700990,0.751662,0.778089,0.761815,0.746073,0.825923,0.780165,0.788589,0.685901,0.693533,0.749938,0.777754,0.761199,0.779146,0.742993,0.788162,0.765225,0.780682,0.694341,0.775022,0.736777,0.790073,0.768809,0.797047,0.808187,0.746230,0.762235,0.751611,0.753061,0.747641,0.767538,0.787294,0.765954,0.767796,0.703143,0.760386,0.749373,0.754321,0.747678,0.771076,0.710869,0.813267,0.754469,0.775454,0.749423,0.764101,0.806838,0.781478,0.700695,0.740885,0.747862,0.800625,0.759629,0.757500,0.740318,0.763362,0.726009,0.764812,0.797253,0.790930,0.769174,0.767361,0.758845,0.732430,0.756023,0.749864,0.756930,0.737893,0.685552,0.746156,0.751661,0.780199,0.794283,0.755376,0.733176,0.775342,0.763068,0.709461,0.696097,0.728008,0.782573,0.768286,0.817146,0.790381,0.741758,0.763578,0.738271,0.812513,0.813002,0.771529,0.809205,0.768057,0.777618,0.798010,0.788881,0.772739,0.756933,0.766624,0.765067,0.737763,0.748220,0.776310,0.768844,0.738041,0.727094,0.735489,0.651748,0.786069,0.754122,0.759581,0.829052,0.720627,0.684335,0.785823,0.757825,0.803719,0.790169,0.784838,0.750424,0.761913,0.790043,0.765843,0.737281,0.768972,0.747109,0.722550,0.759176,0.749519,0.724879,0.762003,0.810152,0.788410,0.746083,0.796842,0.731832,0.763958,0.855406,0.728462,0.721958,0.708370,0.783383,0.761476,0.822802,0.785122,0.746605,0.727751,0.756684,0.771445,0.768116,0.760386,0.740080,0.762036,0.798452,0.733744,0.790066,0.730486,0.751018,0.763642,0.724284,#
20,0.814578,0.776405,0.752691,0.750079,0.786901,0.764207,0.813007,0.776788,0.781498,0.795492,0.754518,0.753545,0.756154,0.781942,0.747475,0.759877,0.858013,0.810023,0.782421,0.775285,1.000000,0.757603,0.746320,0.794661,0.740770,0.770173,0.795860,0.760335,0.730267,0.798503,0.764278,0.808408,0.773728,0.811463,0.778964,0.809053,0.773888,0.750475,0.808799,0.805953,0.765710,0.800618,0.762031,0.800270,0.793784,0.749065,0.802865,0.770735,0.772033,0.770088,0.757306,0.803829,0.783344,0.784066,0.793135,0.801720,0.760827,0.795674,0.782882,0.743665,0.803195,0.739939,0.826802,0.742343,0.814844,0.797237,0.813784,0.753769,0.800285,0.752298,0.765750,0.767707,0.764341,0.775691,0.784494,0.706382,0.762591,0.797695,0.780079,0.781454,0.786916,0.814314,0.792194,0.816403,0.771836,0.784445,0.804296,0.769514,0.764178,0.781948,0.763813,0.774614,0.787471,0.792032,0.812939,0.763898,0.746563,0.741306,0.790567,0.787894,0.785431,0.769706,0.804940,0.803120,0.780796,0.740570,0.795369,0.796044,0.777500,0.786133,0.796877,0.785813,0.760833,0.753388,0.788494,0.759513,0.750888,0.796820,0.711172,0.720429,0.800089,0.790894,0.762876,0.842659,0.800039,0.793676,0.752088,0.722577,0.777778,0.773122,0.791614,0.766792,0.797780,0.788969,0.812734,0.777369,0.755706,0.786673,0.803819,0.813914,0.759190,0.774352,0.763488,0.790620,0.758074,0.738083,0.779843,0.726276,0.793359,0.803274,0.786899,0.814708,0.771705,0.749857,0.815305,0.773875,0.788882,0.784427,0.781333,0.755422,0.768970,0.797002,0.785887,0.769170,0.817914,0.704838,0.749951,0.722842,0.780245,0.764136,0.788570,0.774071,0.818346,0.763463,0.781130,0.759901,0.755871,0.830974,0.773838,0.779968,0.741803,0.757511,0.780684,0.767787,0.742908,0.792212,0.754791,0.790092,0.747285,0.753068,0.727128,0.732582,0.778756,0.809540,0.760150,0.728343,0.777570,0.789011,0.781896,0.769867,#
21,0.748177,0.826452,0.743836,0.777921,0.762505,0.759156,0.707816,0.749154,0.810255,0.736947,0.719064,0.743752,0.691229,0.742906,0.717755,0.761429,0.792305,0.746156,0.795604,0.756640,0.757603,1.000000,0.762719,0.785492,0.712748,0.689726,0.790977,0.713503,0.710551,0.729319,0.749529,0.756696,0.769298,0.783865,0.751086,0.799412,0.755217,0.753303,0.775051,0.743040,0.728462,0.756306,0.752314,0.738412,0.790168,0.734314,0.761954,0.782482,0.765187,0.720724,0.712972,0.768308,0.756861,0.709979,0.780125,0.774171,0.752883,0.754460,0.806969,0.689675,0.764749,0.739172,0.729260,0.715365,0.808306,0.747439,0.754919,0.756159,0.753537,0.758056,0.740705,0.774745,0.776280,0.762188,0.794905,0.722049,0.735066,0.755904,0.753002,0.754926,0.730478,0.727756,0.776677,0.771708,0.826565,0.749207,0.734618,0.764806,0.774201,0.758573,0.670320,0.682696,0.777356,0.713644,0.764573,0.735111,0.744254,0.711446,0.740452,0.775717,0.760641,0.765754,0.747300,0.753288,0.677393,0.805648,0.724130,0.732664,0.733192,0.758866,0.781269,0.737139,0.769346,0.786060,0.664595,0.711719,0.747444,0.787292,0.705462,0.700394,0.731295,0.744336,0.757173,0.768957,0.776133,0.690966,0.753889,0.767629,0.763972,0.777922,0.763577,0.788783,0.750072,0.733854,0.799004,0.741012,0.704880,0.710245,0.735752,0.768365,0.753114,0.767667,0.736183,0.738922,0.722069,0.726609,0.747443,0.679274,0.728437,0.735418,0.740218,0.813037,0.732228,0.726706,0.761305,0.760555,0.791458,0.731517,0.712983,0.721607,0.773418,0.770454,0.788443,0.767254,0.792292,0.722310,0.772095,0.740956,0.688244,0.745095,0.766477,0.742938,0.755382,0.745989,0.745113,0.751101,0.690100,0.795014,0.738703,0.736038,0.713609,0.765478,0.720376,0.768577,0.738689,0.775596,0.755532,0.653028,0.726194,0.775564,0.738079,0.719017,0.731824,0.758716,0.747122,0.729911,0.752356,0.774786,0.681650,0.776048,#
