0,1.000000,0.795263,0.814819,0.779917,0.724115,0.795978,0.771424,0.800753,0.773682,0.759867,0.774202,0.809405,0.782653,0.746893,0.778681,0.745962,0.771946,0.808637,0.798901,0.760439,0.810433,0.764343,0.791294,0.809382,0.708586,0.770515,0.768610,0.792721,0.743403,0.787337,0.786974,0.776117,0.768644,0.730596,0.776741,0.782611,0.778869,0.790187,0.781357,0.805266,0.779414,0.758683,0.801930,0.793403,0.771904,0.724415,0.805811,0.819146,0.777712,0.809249,0.789488,0.769544,0.803911,0.801042,0.781949,0.801937,0.779614,0.804853,0.778350,0.794826,0.828293,0.727204,0.790889,0.775508,0.782487,0.784953,0.818329,0.800754,0.772302,0.728112,0.785754,0.787458,0.844782,0.791527,0.777700,0.781782,0.791310,0.792928,0.804145,0.774390,0.821572,0.792160,0.799034,0.807342,0.786459,0.824994,0.766407,0.770730,0.715552,0.770972,0.764454,0.781806,0.765877,0.813015,0.788868,0.776879,0.743488,0.746789,0.777763,0.796217,0.793177,0.804054,0.744573,0.763884,0.768235,0.768641,0.750531,0.810702,0.791289,0.764391,0.789017,0.770845,0.805364,0.727074,0.768272,0.840990,0.736092,0.772280,0.758026,0.723333,0.739175,0.867085,0.766666,0.831518,0.781322,0.771724,0.760687,0.768760,0.738847,0.765313,0.761186,0.801214,0.790580,0.734140,0.797553,0.758448,0.766945,0.813710,0.770529,0.794067,0.766906,0.778777,0.717977,0.816579,0.812807,0.723370,0.786525,0.723759,0.804716,0.794881,0.797591,0.755163,0.782146,0.768742,0.768413,0.745922,0.766190,0.783609,0.807761,0.797065,0.803152,0.804687,0.752330,0.801761,0.777273,0.790076,0.802122,0.755212,0.770330,0.794388,0.801949,0.753261,0.785457,0.814577,0.838050,0.744397,0.763621,0.795886,0.763945,0.780743,0.761416,0.812624,0.722392,0.763462,0.769943,0.750799,0.800502,0.768928,0.769439,0.813919,0.772847,0.805946,0.774090,0.771526,0.758192,0.751846,0.774101,0.815943,0.812244,0.770933,#
1,0.795263,1.000000,0.781870,0.803250,0.791027,0.832305,0.733288,0.779796,0.806513,0.790320,0.801263,0.774112,0.789742,0.793351,0.813656,0.786534,0.775255,0.779461,0.798059,0.814556,0.830996,0.850677,0.819760,0.825638,0.740971,0.734887,0.835752,0.810511,0.759224,0.759800,0.835223,0.822760,0.810747,0.809188,0.791812,0.815542,0.745677,0.828810,0.834026,0.788054,0.762383,0.764014,0.753978,0.787351,0.765484,0.769875,0.823834,0.798404,0.836146,0.807330,0.786172,0.831745,0.806924,0.769082,0.833606,0.793965,0.789399,0.816640,0.798099,0.778389,0.788364,0.783847,0.724737,0.737311,0.799637,0.789294,0.836928,0.805713,0.813214,0.806351,0.784187,0.799309,0.865909,0.758819,0.799951,0.820515,0.773684,0.801528,0.797529,0.786512,0.828760,0.796205,0.860415,0.827376,0.816926,0.785295,0.765948,0.791065,0.804066,0.788510,0.772075,0.747957,0.798683,0.817718,0.740195,0.729519,0.778626,0.785478,0.780156,0.818316,0.811725,0.826148,0.762583,0.798545,0.770721,0.786584,0.768356,0.816815,0.778497,0.766336,0.794455,0.779282,0.776977,0.772561,0.764808,0.796274,0.802898,0.821127,0.774125,0.718386,0.814102,0.812383,0.737955,0.811438,0.757124,0.767349,0.789678,0.789633,0.806890,0.822658,0.764411,0.827774,0.754016,0.766684,0.836511,0.765765,0.759030,0.777672,0.801667,0.734950,0.814574,0.791361,0.790770,0.801598,0.767395,0.777513,0.799266,0.734998,0.826667,0.789284,0.833989,0.819283,0.806382,0.767427,0.818234,0.762261,0.804215,0.801265,0.765464,0.775071,0.788782,0.817724,0.799837,0.824925,0.811588,0.757819,0.784864,0.792440,0.747602,0.776782,0.793092,0.757759,0.793361,0.801019,0.810520,0.761168,0.779513,0.850485,0.750797,0.796495,0.777305,0.801087,0.758562,0.756015,0.778813,0.824707,0.801916,0.709040,0.766244,0.782844,0.802874,0.774875,0.769792,0.795168,0.836307,0.714846,0.767617,0.808005,0.785171,0.772326,#
2,0.814819,0.781870,1.000000,0.760676,0.717928,0.795537,0.744647,0.785267,0.788990,0.759781,0.764933,0.735149,0.707178,0.751117,0.756923,0.734498,0.738352,0.791202,0.727587,0.776230,0.745096,0.763357,0.729681,0.821048,0.723461,0.706524,0.812133,0.818927,0.804327,0.772937,0.812074,0.773509,0.756990,0.729753,0.743130,0.779409,0.778826,0.769917,0.822359,0.764781,0.757835,0.782864,0.788660,0.730258,0.723097,0.725290,0.841448,0.748732,0.771661,0.824165,0.788633,0.773983,0.783406,0.814191,0.837670,0.779828,0.784246,0.783369,0.736360,0.760491,0.833667,0.777925,0.747606,0.787017,0.772889,0.784669,0.825002,0.773042,0.779182,0.773748,0.782123,0.760672,0.826043,0.774242,0.783579,0.779322,0.766226,0.775416,0.778657,0.796366,0.802211,0.797633,0.806280,0.809758,0.822678,0.803840,0.764556,0.827260,0.763246,0.770415,0.766925,0.786443,0.797331,0.764716,0.787677,0.738751,0.757311,0.735354,0.841833,0.797375,0.786157,0.767990,0.734942,0.736118,0.717752,0.808295,0.781503,0.769806,0.789325,0.742065,0.785804,0.742532,0.798920,0.733168,0.739910,0.756839,0.752971,0.780816,0.802286,0.668791,0.756254,0.765666,0.714201,0.809058,0.785903,0.741780,0.750799,0.775142,0.766082,0.801662,0.822559,0.815351,0.813828,0.791757,0.803587,0.786583,0.758635,0.769991,0.778567,0.736760,0.788717,0.782683,0.715540,0.741771,0.763141,0.798470,0.747991,0.742233,0.768556,0.768022,0.800600,0.760335,0.759615,0.778409,0.763407,0.768708,0.774134,0.725452,0.747419,0.744344,0.760614,0.718866,0.748107,0.782277,0.747326,0.766495,0.818251,0.740787,0.740098,0.749264,0.769683,0.748346,0.766361,0.742928,0.809169,0.737545,0.734057,0.813560,0.758770,0.755082,0.744244,0.814194,0.704055,0.813484,0.749678,0.753506,0.749217,0.722832,0.787302,0.769853,0.757554,0.781557,0.811904,0.762972,0.747103,0.782842,0.761581,0.805037,0.721922,0.784588,#
3,0.779917,0.803250,0.760676,1.000000,0.767372,0.788894,0.747538,0.761067,0.777124,0.765456,0.772946,0.757381,0.776299,0.716085,0.757545,0.782468,0.757866,0.762262,0.781066,0.747129,0.759556,0.802003,0.728819,0.763841,0.752778,0.755962,0.778950,0.778365,0.737835,0.730694,0.785941,0.819710,0.756783,0.787489,0.799622,0.769507,0.734598,0.790815,0.733973,0.791618,0.762635,0.751781,0.751738,0.763905,0.743163,0.793339,0.829926,0.773903,0.814378,0.774347,0.794710,0.740549,0.793007,0.732388,0.783923,0.782107,0.714467,0.772621,0.829534,0.779837,0.762436,0.772121,0.703136,0.763430,0.813022,0.781649,0.769159,0.759229,0.727128,0.751925,0.744910,0.806188,0.823439,0.778389,0.747745,0.756006,0.749392,0.774221,0.762529,0.811088,0.812391,0.725372,0.783608,0.814482,0.779835,0.808008,0.770453,0.749416,0.738417,0.771191,0.719560,0.755040,0.797582,0.797961,0.746165,0.749384,0.712894,0.719865,0.745146,0.776547,0.745183,0.757123,0.702164,0.735689,0.778103,0.766311,0.744407,0.782639,0.755254,0.753011,0.744849,0.747842,0.739699,0.750932,0.758552,0.778813,0.742326,0.736799,0.776126,0.668624,0.719272,0.784497,0.696798,0.766446,0.745839,0.755961,0.768839,0.766170,0.740762,0.781651,0.741538,0.797291,0.716254,0.786787,0.824585,0.780246,0.802997,0.734550,0.721470,0.714089,0.764340,0.764147,0.749961,0.749484,0.741037,0.798764,0.728882,0.744358,0.767924,0.735353,0.776972,0.761773,0.759936,0.758310,0.753561,0.716038,0.798659,0.757719,0.718508,0.769680,0.781521,0.760773,0.744267,0.798461,0.765529,0.762384,0.761297,0.725266,0.757634,0.740919,0.778124,0.771127,0.764175,0.765360,0.737344,0.741649,0.744827,0.781552,0.770117,0.748977,0.719167,0.805280,0.710685,0.751876,0.729846,0.769558,0.748872,0.685122,0.791382,0.807047,0.718404,0.734982,0.729201,0.736654,0.757733,0.753947,0.776645,0.777080,0.734839,0.777281,#
4,0.724115,0.791027,0.717928,0.767372,1.000000,0.784822,0.769117,0.741750,0.709987,0.725775,0.741217,0.757364,0.711939,0.729258,0.717644,0.780815,0.753562,0.807280,0.745093,0.799516,0.772359,0.757923,0.729076,0.790395,0.709214,0.699761,0.768349,0.751646,0.726798,0.732411,0.840458,0.749880,0.781150,0.694678,0.741076,0.757899,0.721373,0.778488,0.733097,0.783551,0.756525,0.731717,0.717880,0.772534,0.732906,0.749048,0.788451,0.737078,0.801269,0.776681,0.770495,0.742027,0.767976,0.701771,0.773126,0.763705,0.732608,0.748229,0.800680,0.757763,0.734605,0.769525,0.722594,0.723432,0.784438,0.781995,0.803476,0.739000,0.726745,0.733401,0.761074,0.805471,0.783016,0.747409,0.719356,0.752747,0.742705,0.767857,0.782389,0.762548,0.744311,0.739435,0.793041,0.750466,0.784883,0.722366,0.719628,0.708941,0.746776,0.787526,0.704137,0.735082,0.716756,0.766190,0.708499,0.740626,0.738432,0.698483,0.699301,0.764995,0.801696,0.780947,0.736405,0.729378,0.757192,0.736453,0.761895,0.753671,0.765959,0.737112,0.728164,0.725335,0.756311,0.801095,0.745810,0.745785,0.745490,0.790740,0.720526,0.646154,0.750743,0.766814,0.774011,0.772905,0.735303,0.783271,0.724107,0.742508,0.797820,0.773442,0.809538,0.788469,0.702496,0.731069,0.809182,0.780141,0.778592,0.761520,0.721520,0.694664,0.730116,0.791792,0.755198,0.765168,0.730049,0.736199,0.774245,0.678419,0.749863,0.770719,0.781702,0.822763,0.710895,0.704780,0.787441,0.743514,0.800665,0.728086,0.764527,0.726278,0.714694,0.741967,0.793920,0.768699,0.769677,0.733077,0.735422,0.729738,0.732996,0.755967,0.735466,0.745048,0.752772,0.731966,0.805427,0.749267,0.740487,0.793224,0.728334,0.738556,0.791880,0.775162,0.763065,0.734160,0.803373,0.753971,0.740517,0.766950,0.719890,0.715780,0.713776,0.708892,0.704677,0.737478,0.762945,0.690917,0.753399,0.775007,0.761034,0.698525,#
5,0.795978,0.832305,0.795537,0.788894,0.784822,1.000000,0.719880,0.799410,0.776356,0.761434,0.759311,0.765296,0.742236,0.737388,0.766024,0.752765,0.762441,0.786127,0.781032,0.814554,0.785820,0.755762,0.731008,0.780198,0.744487,0.794077,0.830667,0.827275,0.709362,0.773301,0.810699,0.812752,0.791318,0.781359,0.763583,0.805469,0.763928,0.762880,0.775354,0.787229,0.776794,0.756328,0.727102,0.767342,0.770859,0.783221,0.816902,0.811829,0.813835,0.793874,0.806043,0.729726,0.790666,0.814116,0.790452,0.859947,0.771975,0.796281,0.811054,0.806454,0.743342,0.761042,0.765623,0.804042,0.756078,0.747347,0.808371,0.786928,0.766227,0.805221,0.807629,0.788519,0.853568,0.767760,0.754842,0.750664,0.774611,0.792613,0.774277,0.789581,0.820941,0.793994,0.832430,0.797458,0.776455,0.795473,0.774101,0.777618,0.793936,0.789888,0.760770,0.739579,0.780413,0.800689,0.736147,0.692356,0.777587,0.743622,0.811572,0.735536,0.828332,0.793499,0.815274,0.766757,0.771095,0.774381,0.783888,0.798598,0.746410,0.774395,0.777361,0.791469,0.772646,0.715628,0.708358,0.769770,0.795003,0.793565,0.770565,0.676965,0.752706,0.808762,0.766641,0.839192,0.747664,0.781976,0.800934,0.755244,0.798738,0.776820,0.788842,0.840971,0.808848,0.810764,0.806658,0.747788,0.767891,0.794167,0.734487,0.737540,0.780347,0.771014,0.777431,0.791038,0.848927,0.743843,0.763143,0.758614,0.784072,0.845246,0.825941,0.795119,0.768042,0.766575,0.788449,0.727833,0.804058,0.772624,0.775660,0.775469,0.775170,0.803744,0.786440,0.785123,0.805492,0.746848,0.734341,0.794801,0.754174,0.757442,0.822551,0.780693,0.785307,0.762889,0.797742,0.751291,0.758595,0.815579,0.779302,0.791954,0.776398,0.804777,0.703251,0.759746,0.774406,0.791434,0.770700,0.738338,0.808068,0.828624,0.741790,0.805849,0.733024,0.794703,0.729461,0.760725,0.740750,0.794700,0.774803,0.772491,#
6,0.771424,0.733288,0.744647,0.747538,0.769117,0.719880,1.000000,0.714814,0.758599,0.764064,0.744865,0.738616,0.736678,0.761539,0.677315,0.771774,0.755924,0.797009,0.744965,0.740007,0.799734,0.749195,0.702285,0.762378,0.743102,0.741289,0.756633,0.744089,0.727084,0.752207,0.774917,0.794923,0.779524,0.745834,0.736201,0.777013,0.773207,0.744495,0.740660,0.780489,0.757499,0.783021,0.768273,0.769009,0.754113,0.674980,0.791409,0.752423,0.823185,0.795141,0.797880,0.773027,0.781288,0.675325,0.795408,0.748009,0.768840,0.794488,0.807668,0.724790,0.790091,0.756381,0.719254,0.717112,0.797344,0.767932,0.826598,0.771949,0.773498,0.710193,0.756843,0.811494,0.788051,0.764553,0.713697,0.758169,0.763829,0.779771,0.788065,0.733790,0.777292,0.780565,0.750401,0.832795,0.770329,0.729933,0.729114,0.748130,0.769371,0.784919,0.719828,0.754931,0.707845,0.787663,0.725119,0.724247,0.740971,0.739166,0.749875,0.739832,0.782873,0.797127,0.747383,0.739275,0.774118,0.700959,0.759046,0.747411,0.773330,0.720317,0.697570,0.723426,0.724702,0.741099,0.697378,0.756202,0.714676,0.772270,0.710765,0.718234,0.726824,0.777587,0.691331,0.813749,0.766488,0.766904,0.724518,0.751671,0.705289,0.747661,0.778999,0.770573,0.715288,0.695513,0.771129,0.748171,0.780291,0.747936,0.779232,0.766204,0.765374,0.790492,0.700180,0.763252,0.753462,0.769799,0.753836,0.710061,0.745022,0.742502,0.757741,0.793086,0.706082,0.717774,0.722719,0.714469,0.782518,0.680118,0.754424,0.790694,0.772027,0.767364,0.714369,0.763049,0.776179,0.756494,0.796174,0.668523,0.739593,0.767014,0.760038,0.743136,0.724323,0.695714,0.751188,0.768021,0.732566,0.784213,0.754378,0.757740,0.755936,0.788960,0.753276,0.782876,0.729666,0.750544,0.745215,0.738838,0.747192,0.748167,0.705025,0.759590,0.726945,0.736055,0.773675,0.767040,0.773206,0.785881,0.732785,0.745377,#
7,0.800753,0.779796,0.785267,0.761067,0.741750,0.799410,0.714814,1.000000,0.800836,0.733334,0.782501,0.749685,0.737946,0.757001,0.769482,0.737432,0.754179,0.785979,0.780501,0.778970,0.801315,0.744519,0.798181,0.765248,0.738183,0.778493,0.787575,0.790398,0.747916,0.811412,0.771017,0.773054,0.747599,0.761230,0.769124,0.782936,0.786889,0.772382,0.762722,0.751429,0.784288,0.782188,0.738817,0.755401,0.742392,0.734673,0.797927,0.810297,0.809071,0.762265,0.788344,0.762436,0.810298,0.813102,0.808912,0.763034,0.779013,0.786417,0.783256,0.814762,0.740185,0.770676,0.778736,0.782925,0.800748,0.787546,0.846293,0.758051,0.786079,0.715214,0.804612,0.726688,0.820914,0.806781,0.768213,0.762865,0.785350,0.774560,0.746820,0.751072,0.834610,0.762696,0.816874,0.792320,0.787254,0.779955,0.807586,0.760168,0.760007,0.782044,0.755813,0.791683,0.772487,0.778835,0.762730,0.747579,0.781810,0.792678,0.798277,0.786806,0.802722,0.755369,0.754286,0.750742,0.752544,0.743152,0.779649,0.807732,0.781845,0.759102,0.818727,0.770321,0.787665,0.764225,0.724144,0.788893,0.740750,0.763100,0.758082,0.720900,0.772864,0.777752,0.719827,0.798912,0.798083,0.792234,0.753253,0.781597,0.733282,0.748854,0.783083,0.801868,0.776658,0.717455,0.820898,0.807313,0.795194,0.805042,0.731413,0.749453,0.756062,0.759828,0.776599,0.762141,0.786214,0.746826,0.785782,0.682199,0.780947,0.749221,0.782457,0.773992,0.778647,0.728415,0.760666,0.787108,0.798399,0.767521,0.792642,0.769751,0.789743,0.744924,0.817731,0.751017,0.789862,0.746263,0.789492,0.781100,0.705489,0.734813,0.803966,0.765119,0.752945,0.770072,0.778634,0.732916,0.735744,0.769475,0.775968,0.786981,0.749018,0.779877,0.758377,0.768658,0.742462,0.774027,0.790986,0.717687,0.770181,0.812845,0.783711,0.772709,0.751647,0.758023,0.784846,0.752116,0.775404,0.817527,0.812098,0.763125,#
8,0.773682,0.806513,0.788990,0.777124,0.709987,0.776356,0.758599,0.800836,1.000000,0.784497,0.762205,0.765235,0.760010,0.762095,0.752959,0.791943,0.738006,0.817375,0.723622,0.795952,0.791048,0.791160,0.730589,0.768838,0.738792,0.760758,0.781334,0.767714,0.757760,0.758283,0.783953,0.797239,0.752150,0.736606,0.758324,0.818941,0.753431,0.797855,0.748142,0.764293,0.740522,0.744162,0.831720,0.757716,0.743370,0.716149,0.795260,0.769028,0.808777,0.775686,0.813635,0.787700,0.740876,0.800921,0.781079,0.790121,0.789183,0.783721,0.771806,0.744549,0.786476,0.789025,0.796845,0.755248,0.798221,0.800942,0.816960,0.794523,0.812007,0.738873,0.773637,0.782651,0.833597,0.781498,0.761343,0.764310,0.777099,0.807687,0.750033,0.763844,0.816984,0.766566,0.782569,0.807527,0.821165,0.785423,0.760890,0.804202,0.741772,0.723538,0.756174,0.760089,0.767134,0.752498,0.752616,0.725469,0.751571,0.779423,0.832287,0.812843,0.792891,0.747475,0.781985,0.792598,0.745084,0.774089,0.766250,0.779790,0.728442,0.771350,0.749920,0.770984,0.785749,0.734000,0.698217,0.786272,0.743554,0.760682,0.788673,0.753569,0.728628,0.752756,0.712242,0.798841,0.752926,0.792334,0.719202,0.755587,0.762561,0.788465,0.746731,0.787517,0.764466,0.748608,0.803368,0.765900,0.786020,0.769962,0.767592,0.764382,0.781381,0.789457,0.771564,0.728082,0.768171,0.725955,0.733669,0.725474,0.791278,0.785546,0.782268,0.799232,0.733624,0.813568,0.739323,0.745600,0.791058,0.780695,0.801342,0.786295,0.769560,0.727518,0.793375,0.789164,0.754012,0.738537,0.753623,0.778933,0.763339,0.730644,0.793756,0.756289,0.734527,0.746236,0.794467,0.755590,0.755098,0.804257,0.754573,0.725856,0.757456,0.799663,0.743972,0.790775,0.771097,0.752315,0.815160,0.712201,0.758414,0.806863,0.790055,0.790515,0.804013,0.759455,0.760431,0.718712,0.756448,0.760103,0.760941,0.804833,#
9,0.759867,0.790320,0.759781,0.765456,0.725775,0.761434,0.764064,0.733334,0.784497,1.000000,0.754662,0.731194,0.769760,0.763588,0.775773,0.786832,0.759555,0.792113,0.757821,0.740149,0.806842,0.752107,0.719625,0.788883,0.729116,0.706564,0.756211,0.833067,0.705129,0.807849,0.757856,0.796352,0.790886,0.757556,0.752268,0.792320,0.760454,0.777380,0.756789,0.796515,0.764675,0.787184,0.737512,0.743690,0.774491,0.717543,0.779954,0.777265,0.789882,0.774348,0.784911,0.737370,0.727885,0.742174,0.785385,0.777296,0.784422,0.846421,0.743745,0.752705,0.793521,0.779697,0.751037,0.728793,0.754699,0.809098,0.817123,0.797036,0.804246,0.723901,0.762453,0.767007,0.797218,0.760085,0.751316,0.785120,0.800727,0.829256,0.778180,0.829645,0.794702,0.781632,0.786644,0.858210,0.790336,0.764372,0.765132,0.818027,0.771069,0.722944,0.755742,0.733917,0.774690,0.759563,0.768072,0.711412,0.735870,0.739569,0.762211,0.783675,0.819035,0.796098,0.791493,0.780255,0.774929,0.786143,0.753953,0.804211,0.810292,0.793752,0.779493,0.760447,0.771224,0.745809,0.718289,0.805975,0.682242,0.758318,0.728491,0.719706,0.727221,0.784474,0.729491,0.801652,0.764872,0.792421,0.765305,0.742482,0.790605,0.763466,0.746359,0.801507,0.747503,0.751017,0.802320,0.728224,0.764573,0.765728,0.748351,0.731857,0.806240,0.812482,0.776515,0.786075,0.783325,0.812799,0.771179,0.762833,0.791958,0.772402,0.759108,0.756371,0.759370,0.780704,0.761206,0.761082,0.756826,0.775576,0.747081,0.793619,0.794083,0.802657,0.778243,0.782278,0.775133,0.798557,0.724856,0.739419,0.803483,0.736880,0.794028,0.777132,0.758436,0.719081,0.777866,0.799294,0.761102,0.812575,0.722501,0.779736,0.794920,0.792949,0.765720,0.750159,0.759854,0.798251,0.746440,0.720911,0.786988,0.726825,0.759278,0.776137,0.715715,0.736327,0.750401,0.745699,0.803099,0.766129,0.744482,0.731475,#
10,0.774202,0.801263,0.764933,0.772946,0.741217,0.759311,0.744865,0.782501,0.762205,0.754662,1.000000,0.776841,0.764617,0.742143,0.733476,0.756051,0.778174,0.760133,0.788674,0.774846,0.783091,0.741636,0.772119,0.820557,0.705758,0.752227,0.782762,0.809268,0.741462,0.787701,0.779395,0.771606,0.777392,0.776119,0.769628,0.791410,0.782452,0.788896,0.781688,0.763439,0.771136,0.746447,0.770361,0.741375,0.749920,0.772941,0.841294,0.771192,0.793999,0.824380,0.776671,0.788358,0.764740,0.719062,0.809381,0.799905,0.778446,0.822453,0.742736,0.777350,0.793303,0.790516,0.796882,0.770135,0.798940,0.739043,0.819166,0.762040,0.810777,0.760758,0.826905,0.786748,0.851816,0.707342,0.759324,0.815685,0.761180,0.821183,0.782565,0.755147,0.832096,0.773677,0.773552,0.781557,0.781889,0.742188,0.782185,0.737890,0.769248,0.814858,0.723013,0.785561,0.811830,0.739855,0.726314,0.752971,0.717692,0.799717,0.759386,0.789701,0.765235,0.746704,0.743793,0.791957,0.794735,0.771965,0.760287,0.751079,0.756457,0.749471,0.763975,0.744502,0.822920,0.745005,0.716200,0.789089,0.719136,0.770051,0.761116,0.715635,0.750862,0.796943,0.702245,0.817967,0.718808,0.768868,0.762998,0.750502,0.798738,0.796614,0.746137,0.789346,0.730894,0.755461,0.810424,0.831482,0.757606,0.740094,0.776619,0.781678,0.807849,0.801395,0.718433,0.767976,0.748577,0.770709,0.796265,0.728378,0.786195,0.774397,0.759024,0.761230,0.762249,0.745605,0.797684,0.730632,0.817435,0.799120,0.734853,0.746302,0.811181,0.734625,0.767910,0.794226,0.795000,0.732284,0.775621,0.724759,0.754557,0.796003,0.776693,0.786921,0.712350,0.734485,0.795263,0.755433,0.735981,0.784833,0.715599,0.774797,0.746378,0.760009,0.749969,0.758762,0.714626,0.794053,0.768869,0.755982,0.714298,0.789115,0.772346,0.717821,0.747377,0.791600,0.777054,0.769839,0.784543,0.789221,0.762444,0.781491,#
11,0.809405,0.774112,0.735149,0.757381,0.757364,0.765296,0.738616,0.749685,0.765235,0.731194,0.776841,1.000000,0.776442,0.744946,0.767777,0.772341,0.756633,0.816825,0.802638,0.767988,0.757193,0.734475,0.792866,0.793971,0.726921,0.740826,0.772488,0.743678,0.764352,0.731572,0.778431,0.791228,0.789051,0.748986,0.724924,0.789879,0.788774,0.814701,0.737341,0.763720,0.767013,0.719619,0.744719,0.767505,0.739048,0.711421,0.830087,0.814321,0.769467,0.813971,0.762790,0.745414,0.808205,0.725781,0.801662,0.786541,0.741048,0.802838,0.764312,0.779735,0.742469,0.743285,0.814758,0.755190,0.776862,0.769307,0.788302,0.756960,0.801848,0.760772,0.792018,0.754501,0.808912,0.788811,0.796483,0.755803,0.787672,0.805915,0.744700,0.713608,0.780866,0.756924,0.785997,0.777888,0.804760,0.757280,0.698019,0.742044,0.706067,0.710653,0.785066,0.766705,0.760090,0.756851,0.700428,0.768526,0.732316,0.765939,0.747398,0.773035,0.756483,0.781723,0.783089,0.756821,0.778255,0.750763,0.769557,0.787565,0.805662,0.737328,0.778054,0.785876,0.792750,0.697451,0.692094,0.764977,0.753974,0.735766,0.766049,0.749103,0.700009,0.773616,0.735667,0.803279,0.732897,0.792982,0.796096,0.769607,0.773429,0.795752,0.768182,0.767771,0.776627,0.754055,0.804088,0.755950,0.791069,0.752316,0.767915,0.740172,0.759180,0.765876,0.748713,0.782878,0.769992,0.724976,0.794861,0.730622,0.766227,0.787621,0.774436,0.741993,0.760644,0.794410,0.773697,0.722463,0.803149,0.744124,0.733990,0.760735,0.799588,0.773057,0.829635,0.771293,0.802884,0.736631,0.787636,0.713131,0.750210,0.817711,0.796226,0.728068,0.786996,0.811274,0.776458,0.754433,0.772200,0.767587,0.732767,0.788873,0.765293,0.742156,0.784558,0.742572,0.780897,0.730350,0.763242,0.793396,0.714903,0.752572,0.760200,0.768861,0.732579,0.743242,0.739282,0.748402,0.780832,0.778657,0.766698,0.703026,#
12,0.782653,0.789742,0.707178,0.776299,0.711939,0.742236,0.736678,0.737946,0.760010,0.769760,0.764617,0.776442,1.000000,0.749332,0.758259,0.739813,0.726930,0.768603,0.796071,0.747704,0.784841,0.704337,0.775328,0.802089,0.719194,0.741471,0.742495,0.765262,0.745069,0.746394,0.755043,0.775803,0.739211,0.777641,0.764782,0.785325,0.745928,0.784773,0.763527,0.735939,0.674970,0.705192,0.703451,0.742224,0.761176,0.729137,0.816192,0.749097,0.788669,0.777263,0.832222,0.710609,0.747851,0.738896,0.795368,0.772938,0.749946,0.761060,0.755730,0.742919,0.746460,0.728409,0.747640,0.713964,0.790451,0.778437,0.771951,0.738222,0.793068,0.745475,0.751436,0.773404,0.803667,0.744316,0.762619,0.750928,0.760724,0.783043,0.766155,0.773598,0.782439,0.748128,0.775911,0.794056,0.728584,0.773159,0.691978,0.761103,0.722313,0.702972,0.775750,0.739776,0.777617,0.730866,0.695763,0.738539,0.767929,0.718981,0.732563,0.739271,0.717540,0.801646,0.749560,0.760707,0.727697,0.716712,0.723363,0.754267,0.789933,0.767271,0.727980,0.750028,0.751640,0.707810,0.785141,0.781988,0.686126,0.733368,0.754931,0.714414,0.713582,0.798565,0.701160,0.780311,0.750804,0.797979,0.784629,0.728304,0.744920,0.736349,0.694524,0.739427,0.702664,0.717034,0.762838,0.747754,0.723291,0.754416,0.710725,0.681114,0.797470,0.767938,0.727014,0.785798,0.706587,0.719051,0.771058,0.690115,0.767551,0.775305,0.768288,0.716230,0.764647,0.712311,0.740617,0.777881,0.799906,0.781869,0.793943,0.745182,0.762589,0.768374,0.756017,0.771456,0.805524,0.679149,0.731301,0.780509,0.708582,0.745696,0.776869,0.710031,0.758184,0.733450,0.748910,0.711196,0.794487,0.811384,0.702033,0.729215,0.737657,0.780829,0.747849,0.697124,0.687712,0.731633,0.721228,0.734069,0.777153,0.771251,0.717997,0.755395,0.682825,0.730108,0.733701,0.757341,0.747541,0.790212,0.794099,0.701876,#
13,0.746893,0.793351,0.751117,0.716085,0.729258,0.737388,0.761539,0.757001,0.762095,0.763588,0.742143,0.744946,0.749332,1.000000,0.712861,0.723993,0.697279,0.826260,0.777364,0.755403,0.763484,0.739403,0.781377,0.752974,0.741642,0.736740,0.719442,0.775423,0.758792,0.795600,0.731507,0.763566,0.788670,0.786024,0.660619,0.743075,0.766380,0.789930,0.782704,0.780331,0.804533,0.730577,0.739613,0.732256,0.772568,0.742154,0.788602,0.773899,0.815743,0.812723,0.785586,0.796900,0.736367,0.718653,0.816612,0.803316,0.779205,0.792226,0.766240,0.767720,0.772114,0.735300,0.727492,0.749842,0.800736,0.783074,0.801044,0.762587,0.809535,0.715042,0.734111,0.777708,0.769559,0.785006,0.783577,0.748212,0.759617,0.790130,0.803575,0.742017,0.783663,0.750825,0.793969,0.803286,0.768246,0.778362,0.693524,0.728138,0.795326,0.750209,0.715972,0.748529,0.752156,0.768250,0.730009,0.700841,0.749610,0.723181,0.743379,0.793932,0.781975,0.761454,0.769371,0.778260,0.761635,0.802689,0.738681,0.788670,0.755165,0.736440,0.769784,0.758173,0.761699,0.756949,0.731166,0.777486,0.694868,0.778346,0.791478,0.685681,0.758051,0.777917,0.686041,0.739167,0.739032,0.765839,0.772613,0.739621,0.759179,0.736326,0.770412,0.747007,0.737943,0.716126,0.781759,0.758932,0.735318,0.781218,0.820877,0.709923,0.773523,0.799569,0.788553,0.734511,0.720827,0.742150,0.754283,0.724062,0.772264,0.726804,0.803916,0.783931,0.728161,0.751401,0.743017,0.738744,0.801656,0.739540,0.768158,0.732818,0.774457,0.758457,0.753024,0.789707,0.783284,0.733943,0.781905,0.732941,0.772138,0.730646,0.766889,0.747544,0.792262,0.752815,0.800502,0.778176,0.768969,0.809305,0.740468,0.774454,0.740281,0.755870,0.802656,0.740962,0.763807,0.766956,0.726781,0.753126,0.714452,0.752066,0.774701,0.763132,0.753814,0.762802,0.782144,0.691011,0.775045,0.801002,0.764531,0.705482,#
14,0.778681,0.813656,0.756923,0.757545,0.717644,0.766024,0.677315,0.769482,0.752959,0.775773,0.733476,0.767777,0.758259,0.712861,1.000000,0.744298,0.735326,0.731290,0.705402,0.752298,0.761377,0.749079,0.748814,0.804801,0.706916,0.671925,0.774477,0.756827,0.718988,0.772474,0.799549,0.737684,0.738394,0.697470,0.741053,0.765396,0.701971,0.780685,0.776595,0.704553,0.742116,0.718551,0.750815,0.746799,0.721578,0.730824,0.779096,0.740025,0.728318,0.728471,0.729668,0.741581,0.725762,0.793180,0.761354,0.754594,0.723911,0.737144,0.750023,0.713736,0.752547,0.790897,0.749551,0.729095,0.747591,0.737161,0.770696,0.739292,0.788838,0.735561,0.722352,0.713788,0.801114,0.731056,0.764072,0.747138,0.743912,0.779192,0.733320,0.728914,0.775697,0.750266,0.796110,0.799874,0.773952,0.772387,0.710056,0.750082,0.762068,0.663979,0.721627,0.696796,0.762559,0.800308,0.757545,0.738363,0.756616,0.744108,0.743005,0.731376,0.779293,0.756133,0.757430,0.698086,0.749782,0.760350,0.734305,0.740416,0.785528,0.749769,0.754968,0.779650,0.777110,0.706269,0.659575,0.772911,0.702676,0.709066,0.724376,0.683467,0.745276,0.781039,0.692518,0.768248,0.769147,0.690228,0.763061,0.778054,0.701624,0.749070,0.726519,0.798333,0.723091,0.715291,0.767488,0.752109,0.789998,0.748170,0.734004,0.725382,0.748867,0.767908,0.678793,0.779858,0.728799,0.764434,0.792160,0.701687,0.753021,0.723106,0.776702,0.748365,0.708018,0.751869,0.780689,0.724705,0.748110,0.733359,0.710725,0.729019,0.758642,0.729732,0.746272,0.748855,0.751359,0.703872,0.698303,0.721445,0.682927,0.757698,0.743922,0.721613,0.762856,0.756199,0.796033,0.752271,0.736622,0.757869,0.702613,0.721787,0.722897,0.764236,0.752411,0.735003,0.749674,0.755140,0.777896,0.685205,0.735557,0.725724,0.722995,0.728848,0.764560,0.740771,0.694778,0.695416,0.748006,0.743473,0.720491,0.697312,#
15,0.745962,0.786534,0.734498,0.782468,0.780815,0.752765,0.771774,0.737432,0.791943,0.786832,0.756051,0.772341,0.739813,0.723993,0.744298,1.000000,0.728503,0.781941,0.755229,0.748079,0.750032,0.791044,0.756334,0.771409,0.730454,0.710098,0.747050,0.759891,0.758623,0.746029,0.813133,0.789550,0.786191,0.784746,0.702991,0.791607,0.766882,0.812868,0.753857,0.722374,0.720378,0.714132,0.771891,0.774046,0.785564,0.721309,0.810019,0.760545,0.797135,0.796623,0.786831,0.759815,0.729944,0.752415,0.762158,0.740245,0.776019,0.759806,0.763708,0.718536,0.779812,0.788707,0.746621,0.765658,0.779483,0.776012,0.782103,0.778770,0.754743,0.707350,0.767156,0.750523,0.760127,0.728930,0.773702,0.767325,0.783837,0.775356,0.790864,0.751766,0.773676,0.742797,0.756750,0.793029,0.807411,0.756416,0.701726,0.766674,0.749469,0.717465,0.720095,0.755860,0.777010,0.789297,0.703670,0.759952,0.718093,0.749164,0.744184,0.760684,0.780160,0.769028,0.770536,0.769754,0.749894,0.745231,0.734277,0.780535,0.745275,0.778853,0.722395,0.708668,0.783644,0.736359,0.704836,0.744101,0.713245,0.750963,0.741773,0.764503,0.721321,0.769573,0.706256,0.803767,0.735602,0.753731,0.760160,0.708123,0.776663,0.799117,0.771597,0.750323,0.726221,0.677232,0.784078,0.763395,0.784244,0.720426,0.736687,0.748902,0.743984,0.772687,0.721962,0.760655,0.761900,0.782448,0.718771,0.728725,0.761665,0.771887,0.780808,0.778128,0.752128,0.766857,0.760405,0.708653,0.794266,0.730779,0.770259,0.759188,0.739516,0.768118,0.774659,0.759531,0.760256,0.728653,0.766949,0.735146,0.752912,0.753947,0.733918,0.765079,0.698162,0.761199,0.764577,0.809048,0.758083,0.779625,0.717402,0.763508,0.765812,0.787686,0.735877,0.754217,0.779194,0.729586,0.713881,0.685037,0.700439,0.766528,0.750257,0.770588,0.727772,0.694919,0.736550,0.703992,0.778905,0.753371,0.778651,0.768632,#
16,0.771946,0.775255,0.738352,0.757866,0.753562,0.762441,0.755924,0.754179,0.738006,0.759555,0.778174,0.756633,0.726930,0.697279,0.735326,0.728503,1.000000,0.776786,0.792562,0.762063,0.840384,0.756498,0.695582,0.774633,0.745726,0.757675,0.767297,0.709345,0.693006,0.738542,0.781349,0.780124,0.775752,0.727427,0.734752,0.785746,0.797249,0.780069,0.757021,0.763451,0.742909,0.750233,0.718463,0.736534,0.754282,0.745915,0.773360,0.758277,0.781632,0.777312,0.730965,0.752345,0.767891,0.757361,0.780704,0.793780,0.689231,0.782673,0.761963,0.712543,0.795939,0.776060,0.727630,0.710114,0.755052,0.737749,0.826226,0.730298,0.776740,0.759432,0.767022,0.757590,0.801746,0.724641,0.742111,0.739776,0.755178,0.775585,0.736542,0.787481,0.819127,0.790488,0.802334,0.789053,0.772692,0.741598,0.756475,0.712677,0.739166,0.750356,0.696589,0.727993,0.754363,0.748772,0.733966,0.764056,0.759306,0.755681,0.785603,0.754433,0.793514,0.765821,0.742613,0.770918,0.730948,0.788717,0.780451,0.747778,0.799571,0.753053,0.754994,0.777413,0.766284,0.729008,0.739380,0.813984,0.793193,0.782342,0.727890,0.617013,0.702802,0.753712,0.712286,0.792335,0.763876,0.757388,0.724842,0.711341,0.774380,0.735591,0.787608,0.766192,0.739435,0.690275,0.783231,0.799881,0.742139,0.738673,0.724970,0.718808,0.764247,0.762469,0.785560,0.760091,0.702668,0.735785,0.777946,0.745187,0.773882,0.729397,0.743402,0.771259,0.689807,0.733171,0.830981,0.721994,0.791018,0.757093,0.734566,0.739798,0.745530,0.732840,0.797074,0.757146,0.781256,0.775399,0.756949,0.754334,0.734770,0.749100,0.749981,0.747570,0.753698,0.742666,0.763121,0.773305,0.709174,0.817986,0.733538,0.762300,0.742679,0.728403,0.753465,0.728345,0.708394,0.757872,0.777477,0.723334,0.744228,0.765149,0.753753,0.754911,0.765203,0.758709,0.779324,0.729733,0.770859,0.806601,0.755696,0.738958,#
17,0.808637,0.779461,0.791202,0.762262,0.807280,0.786127,0.797009,0.785979,0.817375,0.792113,0.760133,0.816825,0.768603,0.826260,0.731290,0.781941,0.776786,1.000000,0.796725,0.822430,0.805242,0.785629,0.797473,0.803807,0.804896,0.796025,0.811852,0.796791,0.771494,0.816828,0.806927,0.820547,0.777681,0.759587,0.734395,0.833971,0.800900,0.823907,0.775648,0.827240,0.783033,0.775419,0.778161,0.783277,0.770476,0.749442,0.815100,0.842422,0.829716,0.825113,0.813950,0.755329,0.796264,0.760394,0.824393,0.800672,0.790807,0.801542,0.795216,0.765401,0.782434,0.773777,0.787677,0.775706,0.814822,0.823277,0.861866,0.796734,0.786800,0.758412,0.793888,0.778013,0.810851,0.790460,0.799536,0.743262,0.814787,0.848827,0.810278,0.821856,0.814262,0.798886,0.850980,0.825800,0.810387,0.783698,0.751695,0.806814,0.775519,0.766732,0.791186,0.750396,0.795338,0.799066,0.754013,0.797218,0.780361,0.758177,0.788323,0.831875,0.819353,0.785415,0.791500,0.779492,0.755237,0.788795,0.769600,0.781233,0.771156,0.809815,0.797546,0.776419,0.815704,0.761489,0.778237,0.789775,0.730799,0.782279,0.784011,0.741801,0.780706,0.813229,0.769728,0.811311,0.761890,0.785140,0.772216,0.784552,0.802824,0.772683,0.811966,0.829888,0.811340,0.737781,0.817985,0.812215,0.811580,0.803577,0.790017,0.807543,0.810654,0.812272,0.829174,0.790146,0.808313,0.775950,0.801316,0.754608,0.833407,0.778349,0.810163,0.798268,0.768717,0.804736,0.781401,0.807977,0.851836,0.775799,0.793317,0.801971,0.798783,0.784239,0.834134,0.763487,0.814827,0.774389,0.754735,0.727120,0.788801,0.758485,0.817080,0.769312,0.811089,0.768808,0.850677,0.753680,0.777317,0.837289,0.766178,0.829123,0.776855,0.831922,0.789887,0.820991,0.825535,0.775402,0.790938,0.806090,0.734290,0.792248,0.822504,0.813216,0.771800,0.785695,0.794423,0.801334,0.789694,0.819229,0.809084,0.726463,#
18,0.798901,0.798059,0.727587,0.781066,0.745093,0.781032,0.744965,0.780501,0.723622,0.757821,0.788674,0.802638,0.796071,0.777364,0.705402,0.755229,0.792562,0.796725,1.000000,0.771183,0.780476,0.786650,0.779058,0.745296,0.721002,0.794104,0.793461,0.768070,0.732163,0.809589,0.735361,0.814984,0.792767,0.795572,0.776761,0.832911,0.789381,0.795404,0.782073,0.773120,0.773552,0.750072,0.738441,0.736481,0.789057,0.733537,0.803562,0.819115,0.820901,0.777194,0.766959,0.739399,0.795245,0.702140,0.803465,0.774277,0.756576,0.791882,0.775313,0.810350,0.777320,0.743818,0.756265,0.740038,0.812921,0.734209,0.796855,0.755887,0.735653,0.741416,0.778991,0.741110,0.814478,0.746114,0.812835,0.747042,0.784095,0.776132,0.767445,0.758706,0.797596,0.754814,0.795623,0.809461,0.798443,0.796778,0.741495,0.753325,0.790292,0.733076,0.764603,0.721852,0.797219,0.800405,0.749345,0.732437,0.765433,0.784374,0.779168,0.800121,0.778300,0.748740,0.769223,0.785406,0.757320,0.772860,0.760179,0.780318,0.813398,0.799918,0.805504,0.748254,0.788501,0.763000,0.722626,0.778908,0.758646,0.758935,0.788139,0.706834,0.768362,0.830446,0.716272,0.798927,0.770872,0.762163,0.832880,0.731081,0.813818,0.738316,0.776429,0.780234,0.768303,0.716327,0.795798,0.776766,0.801520,0.770382,0.726501,0.757129,0.774895,0.807528,0.761165,0.809992,0.767132,0.758651,0.772854,0.709261,0.808707,0.736633,0.790272,0.775303,0.786700,0.736296,0.786411,0.790068,0.812381,0.804480,0.749590,0.758819,0.808335,0.785654,0.845951,0.778876,0.787423,0.734192,0.843007,0.758565,0.724875,0.759288,0.772755,0.780453,0.791804,0.775743,0.756115,0.760137,0.774823,0.824366,0.753612,0.816701,0.762942,0.794180,0.766313,0.746531,0.754809,0.802233,0.756484,0.760226,0.735981,0.810577,0.771975,0.772916,0.699630,0.807240,0.787240,0.761738,0.766298,0.834187,0.771226,0.752663,#
19,0.760439,0.814556,0.776230,0.747129,0.799516,0.814554,0.740007,0.778970,0.795952,0.740149,0.774846,0.767988,0.747704,0.755403,0.752298,0.748079,0.762063,0.822430,0.771183,1.000000,0.809163,0.757676,0.738743,0.781292,0.752043,0.736272,0.778609,0.733080,0.745852,0.784528,0.817353,0.828825,0.785510,0.735168,0.724909,0.849487,0.740232,0.781143,0.758168,0.757549,0.784071,0.755903,0.751008,0.768780,0.741960,0.766897,0.834925,0.795605,0.802064,0.754795,0.758375,0.749790,0.776877,0.741797,0.800501,0.751779,0.797147,0.778352,0.742264,0.719764,0.767440,0.731282,0.802050,0.762580,0.778310,0.789304,0.820548,0.748746,0.783597,0.743835,0.786273,0.761329,0.819301,0.748818,0.757639,0.729429,0.727315,0.768912,0.755678,0.756011,0.806924,0.744072,0.831083,0.769332,0.771596,0.730818,0.758356,0.765846,0.807761,0.743621,0.740235,0.748041,0.753197,0.797702,0.728295,0.727013,0.789978,0.769164,0.769089,0.789900,0.791106,0.764542,0.768944,0.752105,0.752437,0.724581,0.793906,0.750718,0.759145,0.741578,0.771256,0.739652,0.758286,0.751993,0.749241,0.777457,0.772807,0.780466,0.754701,0.663443,0.796636,0.783969,0.707997,0.849275,0.773635,0.774166,0.772760,0.765064,0.831129,0.832692,0.773918,0.821990,0.782714,0.748057,0.792051,0.795319,0.751765,0.771475,0.768859,0.745402,0.799438,0.794903,0.750070,0.762968,0.763440,0.728221,0.736169,0.691549,0.798155,0.773156,0.770348,0.787117,0.746740,0.774741,0.803026,0.738483,0.831236,0.773715,0.764834,0.762840,0.756264,0.787072,0.792524,0.759378,0.781531,0.731588,0.725592,0.794481,0.726973,0.738039,0.761349,0.779545,0.768455,0.746393,0.811518,0.736576,0.771163,0.816712,0.743473,0.747391,0.732881,0.799238,0.783141,0.789583,0.758257,0.756101,0.748513,0.762390,0.758282,0.796994,0.760832,0.771609,0.730583,0.804141,0.802591,0.752281,0.759124,0.760655,0.741527,0.734040,#
20,0.810433,0.830996,0.745096,0.759556,0.772359,0.785820,0.799734,0.801315,0.791048,0.806842,0.783091,0.757193,0.784841,0.763484,0.761377,0.750032,0.840384,0.805242,0.780476,0.809163,1.000000,0.786203,0.738354,0.816182,0.766240,0.772223,0.792435,0.798653,0.740277,0.794495,0.808595,0.797557,0.778998,0.797405,0.780427,0.796939,0.797710,0.788645,0.797256,0.795560,0.793527,0.823972,0.746236,0.815090,0.798643,0.750874,0.826217,0.783374,0.814820,0.777395,0.795796,0.803730,0.772918,0.774562,0.803945,0.791946,0.756789,0.814075,0.799177,0.769997,0.816866,0.779563,0.805738,0.742771,0.811019,0.805853,0.860528,0.772141,0.807662,0.740805,0.773294,0.805816,0.799179,0.780638,0.760137,0.742968,0.759763,0.798417,0.806178,0.822258,0.813222,0.818626,0.812251,0.846265,0.763720,0.760012,0.791205,0.776408,0.816632,0.820447,0.761766,0.771320,0.783760,0.822501,0.770421,0.766127,0.750342,0.737435,0.785906,0.796148,0.847840,0.809612,0.777645,0.812856,0.793629,0.758979,0.810273,0.799973,0.808514,0.811717,0.777620,0.797648,0.768578,0.720770,0.798582,0.803946,0.788502,0.809807,0.738247,0.682467,0.797613,0.805897,0.736122,0.825137,0.766245,0.798738,0.737680,0.750340,0.773729,0.788403,0.788281,0.801622,0.799441,0.767844,0.821789,0.785709,0.761113,0.813188,0.785656,0.788227,0.793070,0.760979,0.796629,0.813127,0.791318,0.756168,0.796326,0.745656,0.778949,0.813589,0.799565,0.810766,0.758333,0.749455,0.825285,0.769378,0.792517,0.805832,0.790977,0.783365,0.793298,0.784559,0.775664,0.796829,0.842179,0.742501,0.735600,0.773784,0.738421,0.778188,0.789959,0.776422,0.804559,0.775902,0.792632,0.770292,0.767517,0.839252,0.759251,0.802016,0.770015,0.777028,0.783461,0.747615,0.741545,0.809890,0.783883,0.778455,0.759706,0.776289,0.738057,0.782670,0.781295,0.789505,0.802788,0.742434,0.800160,0.818261,0.798687,0.757817,#
21,0.764343,0.850677,0.763357,0.802003,0.757923,0.755762,0.749195,0.744519,0.791160,0.752107,0.741636,0.734475,0.704337,0.739403,0.749079,0.791044,0.756498,0.785629,0.786650,0.757676,0.786203,1.000000,0.783888,0.792644,0.691437,0.727273,0.802085,0.746020,0.759457,0.741271,0.777743,0.749572,0.793451,0.771951,0.762570,0.812469,0.767361,0.770846,0.782581,0.750111,0.754194,0.789137,0.754784,0.757882,0.762235,0.755539,0.764070,0.774861,0.801392,0.774278,0.752524,0.792302,0.771456,0.723958,0.792270,0.765409,0.752608,0.754412,0.813406,0.741734,0.781336,0.769534,0.702835,0.726440,0.807433,0.771355,0.797074,0.764550,0.752252,0.762983,0.753741,0.795798,0.796375,0.782540,0.807650,0.767775,0.780651,0.777022,0.791513,0.786376,0.767637,0.730518,0.817910,0.805566,0.830804,0.757948,0.714329,0.774599,0.786468,0.759296,0.679542,0.715592,0.783604,0.786844,0.753896,0.758785,0.756589,0.711342,0.760951,0.812595,0.776013,0.770097,0.715853,0.774342,0.723307,0.787523,0.727858,0.774675,0.751727,0.797915,0.795675,0.733558,0.771709,0.763765,0.679117,0.727151,0.759544,0.811744,0.733359,0.723023,0.757043,0.755046,0.707337,0.765490,0.751126,0.720855,0.758498,0.764645,0.758536,0.789946,0.780812,0.794004,0.740271,0.734959,0.825015,0.732462,0.744977,0.722592,0.750232,0.771753,0.785244,0.780296,0.708264,0.763650,0.741645,0.744645,0.748918,0.695125,0.756565,0.761217,0.778346,0.811742,0.750378,0.754798,0.737811,0.763541,0.793567,0.754873,0.718566,0.770465,0.768146,0.774991,0.789462,0.776075,0.813587,0.754042,0.774498,0.738733,0.708136,0.750509,0.773565,0.758476,0.763349,0.728073,0.753060,0.744098,0.677300,0.784418,0.758321,0.752564,0.738825,0.814684,0.761800,0.767243,0.755107,0.780741,0.766572,0.690752,0.712195,0.776281,0.769412,0.752918,0.742164,0.740919,0.776310,0.721989,0.779975,0.787147,0.706444,0.762855,#
