0,1.000000,0.023783,-0.042287,-0.011467,0.094843,0.124666,0.096717,-0.082384,0.041345,-0.020519,0.120087,-0.063906,-0.043000,-0.102464,0.137207,0.307286,0.128824,0.224071,0.125159,0.152591,-0.048493,-0.051924,0.200682,0.317961,-0.026586,-0.046440,0.049763,-0.147073,-0.056581,0.092696,-0.025375,0.232979,0.057669,0.170662,0.274424,0.052541,-0.043867,0.057451,0.154797,0.101603,0.095938,0.017762,0.184338,-0.145243,0.104679,0.003857,-0.008253,0.225704,0.153584,0.239159,-0.020256,0.086223,0.041006,0.082351,0.212619,0.100903,0.188699,0.117743,0.032252,0.014571,0.116686,0.195436,0.189823,-0.006604,-0.014200,0.016545,0.074551,0.106422,-0.012412,0.011423,0.062903,-0.014940,0.019483,0.211415,0.027551,-0.125685,0.209335,0.112689,0.005444,0.088178,-0.044497,-0.014385,0.027897,0.142728,0.193512,0.076013,0.164261,0.118536,0.179136,0.191067,-0.015541,-0.039301,0.154835,-0.063340,-0.073789,0.106561,0.077286,-0.049810,0.019917,0.209228,0.119452,0.064651,0.041385,0.093626,0.008186,0.125369,0.197127,0.142756,0.180565,-0.105690,-0.054763,0.132270,-0.078647,0.071197,0.141220,0.058981,0.018642,-0.101453,0.121569,0.125723,0.053862,0.015902,0.184021,0.089276,0.152565,0.157140,0.132050,-0.106304,0.033688,0.184962,0.073079,0.019802,-0.094192,-0.024040,0.042551,0.130155,0.024125,0.008719,-0.176326,0.119449,0.190893,0.016849,-0.051579,0.110265,0.007833,-0.120522,0.127595,-0.022620,0.050293,-0.071830,-0.080003,0.052262,0.042184,-0.069642,-0.032787,0.191117,0.189598,0.123668,0.103067,0.040736,0.167693,0.121517,0.110500,-0.073399,0.063448,0.271771,-0.056474,0.215434,0.211139,0.058930,-0.071934,-0.124181,0.127533,0.047503,-0.016416,0.155548,0.228507,0.115187,0.117324,0.003916,0.149593,0.081028,0.134116,0.019371,0.101861,-0.149721,0.030327,0.246431,0.138703,-0.105146,-0.155529,0.119979,-0.067434,0.110709,0.110464,0.159405,-0.011714,0.139748,0.025119,0.108242,#
1,0.023783,1.000000,0.002493,0.013932,-0.033309,-0.012536,0.120545,0.102041,0.185509,0.033618,0.141991,0.207006,0.034754,-0.175259,-0.035905,-0.025142,0.013735,0.043003,-0.071651,-0.002696,-0.118325,0.130785,0.042269,-0.157480,0.037828,-0.041333,-0.068514,0.098956,-0.227558,0.012474,0.080188,-0.013413,-0.099986,0.034514,-0.087992,0.086367,0.079554,0.001438,0.120955,0.006902,-0.035206,-0.091725,0.130852,0.035072,-0.041959,-0.070445,0.282388,0.000731,0.093860,-0.054105,0.033195,-0.066357,0.126488,0.036144,0.063678,0.023604,0.030906,-0.126316,-0.174814,-0.018894,0.012064,0.038970,0.099206,-0.066159,-0.137696,0.133492,0.047195,0.150729,0.070022,0.061649,0.074489,0.076853,0.194355,-0.087829,0.086641,0.016860,0.073543,-0.007067,0.163228,0.009208,0.030479,0.063512,-0.122132,0.067948,0.137365,-0.059996,0.079644,0.147593,0.069705,-0.074581,-0.011451,-0.002554,-0.146808,0.014347,0.002516,0.048719,-0.020084,-0.029244,-0.049070,0.032331,0.111900,0.044677,0.016756,-0.056692,-0.093375,0.058094,0.125007,0.128622,0.132810,0.058811,-0.078758,0.037566,-0.058669,0.009001,0.031270,0.206731,0.119185,-0.068349,-0.041635,-0.093930,-0.148946,0.086727,0.090306,0.064984,0.023839,0.034020,0.080834,0.071796,0.108524,0.143062,-0.063753,0.140054,-0.027475,-0.011285,0.039053,0.066439,0.137605,0.134088,0.066765,0.187953,0.146910,-0.032667,0.062998,0.228421,0.235571,-0.056086,-0.047086,-0.012799,-0.002702,-0.108538,0.087018,0.058546,-0.058056,-0.163180,0.184366,0.074267,-0.063880,0.041275,-0.258510,-0.166485,-0.105770,0.103421,0.088861,0.156310,0.078288,-0.058565,-0.056634,-0.115358,-0.072559,0.120796,0.071137,0.112648,0.032735,-0.006318,-0.026335,0.123883,0.024539,0.051936,0.025599,-0.054376,0.092237,-0.088879,0.053971,-0.056035,0.094057,0.056881,-0.009978,-0.181332,0.144024,0.110011,0.140432,0.081090,-0.135411,0.038390,0.042767,-0.029481,-0.054925,0.151299,-0.075530,0.200953,#
2,-0.042287,0.002493,1.000000,0.032691,0.222432,0.071710,0.156354,0.028769,0.067811,0.089577,0.168877,0.176437,-0.002236,0.168136,-0.109709,0.090228,-0.094244,0.010401,0.096466,0.081805,0.176874,0.115750,-0.069531,-0.004830,-0.019222,0.186638,0.144625,-0.041080,-0.164712,0.010904,-0.022666,0.033144,0.094572,-0.002185,0.087421,0.064699,0.094205,-0.009000,0.059962,-0.151961,0.014028,-0.015190,0.114051,-0.010946,0.112962,0.057720,0.061343,-0.033516,-0.050232,0.016933,0.035354,0.209150,0.071211,-0.037175,0.087447,0.038896,0.109418,-0.059632,0.248990,0.178023,0.305404,0.078882,0.001430,0.106971,0.115073,0.125482,0.008903,0.082443,0.070083,-0.045384,0.059852,0.212251,-0.130811,0.096143,0.224085,0.039905,0.032272,0.085550,0.035641,0.066001,0.080450,-0.089256,0.065056,-0.126595,0.139493,0.098672,0.040126,0.115148,-0.055207,-0.074998,0.013304,0.128719,0.081754,0.158865,-0.026686,0.128959,0.038977,0.026470,0.101097,0.060399,0.103095,0.110767,-0.037947,0.152859,-0.048684,0.174821,0.094511,0.161474,0.120187,0.046641,0.169090,0.096142,0.188406,0.067662,0.001512,0.135033,0.038097,-0.043566,-0.134543,0.144934,-0.071208,-0.130990,0.026386,0.085319,0.053131,-0.041586,0.164084,0.019643,0.141015,0.073795,-0.101542,0.112131,0.057424,0.183778,0.113434,-0.123941,0.108166,0.084717,0.105549,-0.003137,0.066478,0.143399,-0.045204,0.012135,0.221633,-0.096436,-0.120401,-0.104617,0.087222,-0.011989,0.073678,0.083634,0.204931,0.128560,-0.149813,0.018677,0.055265,-0.074413,0.051585,0.065916,-0.111816,0.125223,0.175219,0.211032,-0.009282,0.212437,-0.035609,-0.091103,-0.002827,0.129520,-0.093143,0.215019,0.156030,-0.030240,0.079494,-0.010288,0.040017,0.014161,-0.056737,0.000212,0.101190,0.206696,-0.120679,0.130137,0.075846,0.078797,0.107590,0.022240,0.065354,-0.031530,0.022453,0.074706,0.154657,0.154672,0.093134,0.047848,-0.100924,-0.004845,0.067066,0.118490,#
3,-0.011467,0.013932,0.032691,1.000000,0.083073,-0.039366,0.044197,0.004106,0.267540,0.073148,0.110911,0.031776,-0.011056,-0.027277,0.105705,0.002020,0.012011,0.116593,0.196472,0.103980,0.109909,0.106236,0.214571,0.191128,0.046358,0.136084,0.131240,0.015851,0.103603,0.122809,0.068087,0.067809,0.315585,0.151897,-0.061250,0.108049,0.083174,0.214174,0.232007,0.075564,-0.037169,0.204365,0.171615,0.147697,-0.010515,0.121195,-0.043236,0.124804,-0.069304,-0.010889,0.042814,0.074716,0.179634,-0.078786,0.087280,0.128157,0.159365,-0.018755,0.010753,0.137933,0.213105,0.002512,0.003884,-0.070094,0.260634,-0.021415,-0.021579,-0.143648,-0.102492,0.192838,0.026583,0.102816,0.147051,-0.044953,0.047291,0.036294,0.026871,0.087278,-0.037511,-0.148031,0.130212,0.138992,0.204960,0.002101,0.178505,0.020228,-0.028829,0.036289,0.104481,0.052853,0.225590,0.136810,0.001877,0.029459,0.037736,0.068830,0.070648,-0.136903,0.152154,-0.007576,0.107583,0.029348,0.011268,-0.034855,0.258335,-0.014602,0.230383,0.173429,-0.018904,0.057362,0.089845,-0.069779,0.068437,0.008283,0.011499,0.055118,0.027653,0.147845,-0.000481,0.036166,0.001993,0.005851,0.057690,0.039153,-0.027759,0.099598,0.166685,0.210516,-0.012725,-0.021153,0.167789,0.133796,0.040737,0.110992,0.013924,0.128287,0.000050,0.006192,0.071100,0.076285,-0.018271,0.257954,0.127999,-0.074246,0.052632,0.013036,0.163189,0.296427,0.010383,0.172727,-0.026585,-0.061925,-0.016912,0.071230,0.162324,-0.036537,-0.077620,0.070250,0.226822,0.058632,0.012143,0.037422,0.056102,0.226827,0.063170,0.050065,0.031239,0.069294,-0.076495,0.079536,0.079213,-0.112211,0.011704,-0.108678,0.015879,0.111022,0.113114,0.018714,-0.053836,0.145338,-0.009509,0.276580,0.097486,-0.178648,-0.108301,-0.050215,0.054867,0.011379,0.111495,0.131771,0.153191,0.098690,0.121206,-0.007001,0.107445,0.088640,0.150029,-0.006452,0.005419,-0.014351,#
4,0.094843,-0.033309,0.222432,0.083073,1.000000,0.176644,-0.016791,0.102136,0.188900,0.169213,-0.036219,0.099112,0.091180,0.056896,0.111023,0.139638,-0.015143,0.101442,0.100830,0.287285,0.347153,0.050987,0.195859,0.198139,-0.103087,0.159985,0.056236,-0.118124,0.139274,0.051536,0.106259,0.095825,0.209521,0.127415,0.026280,0.143344,0.318158,0.048042,0.195908,0.092304,0.042199,0.232427,0.094654,0.067074,0.194417,0.144064,0.244773,0.151943,0.033085,0.022033,-0.005663,0.129476,0.153212,0.149578,0.330242,0.195647,0.125616,0.097435,0.212206,0.149462,0.147496,0.200539,0.093724,-0.056241,0.066591,0.018225,-0.012184,0.146825,-0.015101,0.111972,0.215365,0.180531,0.159156,0.128845,0.106853,0.003245,0.070424,0.193789,0.104690,0.188041,0.112755,0.185398,0.055155,0.015601,0.326059,0.138284,0.086240,0.122155,0.101719,0.053863,0.275639,-0.052614,0.176948,0.051911,0.178598,0.165342,0.062219,0.056278,0.010675,0.084409,0.081528,0.090268,0.155908,0.125230,0.039102,0.256290,0.031421,0.158455,0.207405,0.237299,0.116105,0.220245,0.252851,0.207340,0.092069,0.026129,0.213783,0.084109,-0.006036,0.115094,-0.074485,0.059239,0.113110,-0.002420,0.180993,-0.048960,0.226172,0.138374,0.281894,0.161649,0.165129,0.017675,0.124642,0.277214,0.179360,0.087562,0.021725,-0.000714,0.142139,0.031115,0.086712,0.090955,0.159695,-0.010232,0.202503,0.139553,0.119502,0.175104,0.023581,0.137721,0.024519,0.198689,0.135147,0.296662,0.248614,0.042752,0.257147,0.066695,-0.065427,0.149720,0.140574,0.061790,0.063861,-0.040003,-0.155913,0.103427,-0.055928,0.102454,0.013975,0.147554,-0.067367,0.060919,0.381901,0.152082,0.211394,0.180534,0.178046,0.157292,0.086839,0.180433,0.017070,0.033662,0.126089,0.018318,0.200353,0.140314,-0.160218,0.178265,0.140999,0.273091,-0.101017,0.153534,0.036940,0.101157,0.127002,0.159035,0.205366,-0.012917,0.191477,0.315443,#
5,0.124666,-0.012536,0.071710,-0.039366,0.176644,1.000000,-0.028211,0.186467,0.104078,0.148889,0.186241,0.087157,0.086395,-0.044359,0.058499,0.137594,-0.022304,0.139708,-0.174998,0.252181,-0.006378,-0.041425,0.200507,0.117969,0.124375,0.015417,0.167128,0.088144,0.123529,0.079268,0.237348,0.143902,0.226182,0.202346,0.006243,0.173407,0.108697,0.008502,0.112528,0.077349,0.206441,0.065929,0.032797,0.124183,0.141306,0.145390,0.203167,0.093889,0.211759,-0.027972,0.103283,0.131745,0.017438,0.004999,0.083225,0.200040,0.187521,-0.039366,0.370207,0.134036,0.087894,0.195250,0.135516,0.083578,0.231308,0.082984,-0.032082,0.126082,0.144190,-0.217931,0.155342,0.082458,0.198801,0.165322,0.065837,0.124927,0.177901,0.173617,0.130041,0.079396,0.210486,0.061963,0.165136,0.015685,0.012508,0.063464,0.113366,0.196424,0.117456,-0.120663,-0.017120,0.119251,0.273103,0.278582,-0.012792,0.162127,-0.041682,0.144954,0.197809,0.195913,0.074185,0.160639,-0.071217,0.146050,0.042147,0.271557,0.234423,0.198243,0.152547,0.086977,-0.050465,0.217451,0.000421,0.019883,0.097342,0.034182,0.108948,0.089090,-0.057912,0.095134,-0.133205,0.127542,0.042698,0.065052,-0.090837,-0.005745,0.214902,-0.038467,0.109763,0.084147,0.237585,0.124318,0.207464,0.247092,0.158840,0.181670,0.112163,0.117572,0.038915,-0.120804,0.083640,0.066167,0.152730,0.110868,0.182184,-0.027359,0.030849,0.068378,0.059555,0.013701,0.190398,0.048230,0.196009,0.111250,-0.029283,0.118305,0.193383,0.079263,0.124398,0.056625,0.175902,0.037402,0.152574,0.126131,0.069582,0.150222,-0.113071,0.277932,0.195687,0.132617,0.300237,0.078023,0.187674,0.059500,0.045654,0.091521,0.156373,0.118772,0.103412,0.187868,0.234380,0.049379,0.267918,0.101135,0.086272,0.077570,0.092608,0.108098,0.048087,0.007218,-0.012432,0.182928,0.039792,0.035984,0.109534,0.048553,0.013259,0.098882,0.170640,0.260693,#
6,0.096717,0.120545,0.156354,0.044197,-0.016791,-0.028211,1.000000,-0.009978,0.119591,-0.049281,-0.000406,0.025095,0.045995,0.090972,-0.066667,0.047350,-0.016055,0.063073,0.047202,-0.091089,0.107144,0.188654,-0.079104,0.010695,0.027137,-0.018528,0.028823,-0.011101,-0.058848,0.137295,0.083980,-0.008025,-0.015219,0.031624,0.028249,0.048470,-0.134982,0.047621,-0.020845,0.000601,-0.089223,-0.096190,0.139902,-0.034061,0.188647,-0.019422,-0.002487,-0.106447,0.141967,-0.014078,-0.021058,0.030362,0.057118,-0.011157,0.027957,0.057067,0.019819,-0.046392,0.100983,0.069600,0.229723,-0.117529,0.111081,-0.049726,0.154258,0.143445,0.039948,0.040429,-0.086908,-0.011884,0.056743,0.056556,-0.119049,0.240052,0.159241,0.025501,0.103833,0.011419,0.028128,-0.036131,0.034636,-0.121705,0.058968,-0.102861,-0.057945,0.161566,0.066395,0.023039,-0.076230,-0.053967,-0.033044,-0.189978,-0.075291,-0.096462,-0.079567,-0.063225,0.248525,0.015964,-0.010739,0.257527,0.033919,0.166715,0.208586,0.037251,-0.229547,0.026247,0.155928,-0.056846,0.071771,-0.017549,0.014806,0.067824,-0.129829,-0.157680,0.101219,-0.036823,0.232127,-0.046230,0.013604,-0.028580,0.116612,0.025748,-0.046380,0.097224,0.056848,0.139463,-0.042959,0.033276,-0.076275,0.047784,-0.019242,0.035211,0.078753,-0.012155,-0.000298,0.067769,-0.006163,-0.106359,0.096901,0.091150,0.025451,0.120894,-0.136559,-0.112853,-0.017129,0.032816,0.040837,0.021571,0.052759,-0.188761,0.214528,-0.099426,0.026848,-0.201946,0.056857,-0.003100,-0.057067,0.232125,0.027137,-0.058400,-0.146961,0.100885,0.114152,0.189368,0.028472,0.142092,-0.071067,-0.009777,-0.089126,-0.032769,0.028005,-0.046860,-0.094333,-0.061137,0.157094,0.030794,-0.040874,-0.015103,0.057035,-0.068992,0.066664,-0.059933,0.140743,-0.016372,0.098691,0.013936,-0.067258,0.034943,-0.103736,0.080735,-0.043856,0.164366,-0.144622,0.140906,-0.031682,-0.053701,0.103244,0.048492,0.097670,0.095000,#
7,-0.082384,0.102041,0.028769,0.004106,0.102136,0.186467,-0.009978,1.000000,0.344829,0.099099,0.148382,0.187423,0.053093,0.000770,0.182835,-0.005710,0.108174,0.180127,-0.047306,-0.011283,-0.058535,0.070732,0.128990,0.135593,0.188950,0.124529,0.003662,0.128066,0.006774,0.023362,-0.055678,0.025250,0.109503,0.057533,-0.083860,0.080945,-0.027625,-0.050760,0.233187,0.090717,-0.044475,-0.087798,0.028620,0.195016,0.151869,0.091627,0.119579,-0.020184,-0.087482,0.014554,0.136783,0.015806,-0.063529,0.141553,0.083759,0.029748,0.028377,0.143916,0.081492,0.072398,0.014747,0.141909,0.027826,-0.081671,0.038002,0.171252,0.083393,0.023711,0.069023,0.286765,0.073420,-0.018345,0.343732,-0.010860,0.054202,0.062550,-0.090891,-0.010924,0.070360,0.278240,0.074313,0.077022,0.057219,-0.002342,0.102566,0.048266,0.099852,0.062565,-0.009996,0.073935,-0.065869,0.006771,0.077334,0.026477,0.039231,-0.135843,-0.035729,0.118719,0.005082,0.127864,0.090475,0.038302,-0.112303,0.022194,-0.041816,0.116819,0.071059,0.068764,0.005055,0.028155,0.088751,0.043072,0.073042,0.034381,0.283353,0.061002,0.041638,-0.150338,-0.080359,0.133548,-0.019404,0.106479,0.024176,0.167577,0.148963,-0.009232,0.178861,0.082377,0.044291,-0.033513,0.067112,0.039430,0.273916,0.029159,0.203382,0.202246,-0.177435,0.158872,-0.054963,0.022815,0.157847,0.077079,0.103252,-0.010440,0.102188,0.035297,0.118567,-0.026752,0.006213,0.113923,0.026150,0.095125,0.139122,0.079777,-0.031534,0.167802,0.078811,0.071872,0.040310,0.074234,0.115696,-0.099073,0.221856,-0.008315,-0.181871,0.229577,0.125283,-0.112223,-0.020793,-0.003071,0.120411,0.088121,0.178660,0.094214,0.180073,0.055616,-0.008334,0.052073,-0.147292,0.181363,0.248764,0.058298,0.078382,0.055409,-0.078341,0.167583,-0.127012,-0.168928,0.030622,0.224537,0.105580,0.010670,-0.034098,-0.075393,0.060733,-0.046282,-0.024486,0.063824,-0.008802,0.111033,#
8,0.041345,0.185509,0.067811,0.267540,0.188900,0.104078,0.119591,0.344829,1.000000,0.195165,0.105257,0.205511,0.092974,-0.045922,0.215619,0.247786,-0.087587,0.135956,0.060529,0.038498,-0.044020,0.171905,0.255041,0.194017,-0.063021,0.166121,0.002964,0.189650,-0.063632,0.195404,-0.046592,0.087967,0.068426,0.073179,-0.041741,0.093313,0.131057,0.013198,0.096959,0.137767,0.069537,0.193710,0.188721,0.091680,0.173564,0.016905,-0.015233,0.055981,0.130740,0.095660,0.124147,0.247413,0.033036,0.172120,0.055635,0.259461,0.129104,0.243831,-0.002312,0.269618,0.226839,0.048682,0.236643,-0.084286,0.168392,0.276983,0.114129,0.060710,0.219498,0.183192,0.158402,0.032613,0.143308,0.179319,0.172402,0.120583,0.027620,0.093086,0.120277,0.182933,0.152943,0.130413,0.015708,0.009587,0.119307,0.153045,-0.002719,-0.006134,-0.062590,0.158868,0.082674,0.138993,0.117531,0.073673,0.265752,0.151264,0.159879,0.042761,0.100349,0.051821,0.142580,0.034761,0.073582,0.150012,0.095697,0.084931,0.221885,0.187651,0.076005,0.149476,0.081968,0.110702,0.015956,-0.000853,0.315911,0.232947,0.119810,-0.094044,0.025013,0.229636,0.082002,0.053149,0.191621,0.062138,0.080820,0.187447,0.216933,0.229152,0.045514,0.188426,0.061289,-0.030737,0.237620,0.231659,0.261564,0.200893,-0.072663,0.084068,-0.036809,0.026657,0.049421,0.146367,0.224702,0.054213,0.038739,0.009002,0.275582,0.120937,0.140831,0.008373,0.125102,0.029393,0.067230,0.187984,0.238604,0.223556,0.152438,0.262402,0.030250,0.167331,0.009163,0.016470,0.177301,0.136308,0.114585,0.165113,0.102658,-0.082356,0.083927,0.222938,0.146480,0.140736,0.163864,0.031060,0.276487,0.067194,0.033240,0.104870,0.076891,0.173556,0.195169,0.081351,-0.029325,0.053652,0.094447,0.125389,-0.049285,0.009645,0.194029,0.131359,0.053402,0.064826,0.132466,0.026932,0.154100,0.063358,0.086575,0.081276,0.112750,0.061712,#
9,-0.020519,0.033618,0.089577,0.073148,0.169213,0.148889,-0.049281,0.099099,0.195165,1.000000,0.177489,0.001650,0.063184,-0.000763,0.152118,0.174110,-0.026988,-0.042114,-0.002101,0.204225,0.122290,0.049871,0.180893,0.174353,-0.120423,-0.007431,0.090195,0.104666,0.068914,0.067458,0.163756,0.033240,-0.018970,0.197743,0.229899,0.078696,-0.005979,0.083175,0.087337,-0.052794,0.194643,-0.046453,0.119469,-0.029939,0.066729,0.044404,0.056025,-0.040821,-0.108176,0.043042,-0.048106,0.056257,-0.058485,0.051641,-0.084725,0.077141,0.004809,0.010741,0.209084,0.061904,0.151468,0.126179,0.247895,0.127065,0.067561,0.194074,-0.008275,0.045320,0.066545,-0.055669,0.278840,0.087162,0.091149,0.084609,0.044853,0.031703,-0.179395,-0.018289,0.164182,0.210629,-0.037709,0.146805,-0.102661,-0.120935,0.222941,-0.003987,0.019428,0.178116,-0.198551,-0.181726,0.005273,0.232736,0.143656,-0.055225,0.099335,0.086300,0.131392,0.208295,0.163737,-0.199881,-0.013288,0.076036,0.185870,0.037645,0.229523,0.143299,0.114404,-0.103245,0.147316,0.068058,0.082137,0.097644,0.160700,0.315439,-0.066210,0.120648,0.009902,-0.040393,0.017406,-0.089463,-0.005932,0.111350,0.034246,0.064160,-0.038122,0.029463,-0.030616,0.123003,0.139519,0.214342,0.033530,-0.050861,0.163250,0.277533,0.144285,0.107232,0.052633,0.090994,-0.073001,-0.080663,-0.109163,0.152841,0.145413,0.096697,-0.110415,0.045909,0.120509,0.030864,0.006697,0.167766,-0.021349,-0.091618,0.219514,0.166682,0.222813,-0.007765,0.046909,0.092561,0.195152,-0.044515,0.121818,-0.038273,0.064625,0.223228,0.080385,0.030298,0.023917,0.000687,0.281831,0.019690,0.115922,0.076673,0.019268,0.115762,0.088665,0.214294,-0.000553,0.094625,0.130857,0.043876,0.084051,-0.023944,0.074933,0.082479,0.036936,0.081608,-0.092819,-0.020926,0.301062,0.116666,0.073012,0.086851,0.072998,0.023575,-0.041629,-0.002146,0.020533,0.097876,-0.029926,0.154174,#
10,0.120087,0.141991,0.168877,0.110911,-0.036219,0.186241,-0.000406,0.148382,0.105257,0.177489,1.000000,0.035550,-0.205172,-0.129475,0.050186,0.160733,-0.020595,0.066586,-0.049383,0.085895,-0.043569,-0.063812,-0.033882,0.138240,-0.027100,-0.140522,-0.028063,0.243036,-0.100563,0.165859,0.084873,0.046192,0.105795,0.091326,0.160365,0.062796,-0.055532,0.063667,0.170674,-0.041629,0.192475,-0.049274,-0.042171,-0.126021,0.104381,0.071261,0.102781,0.129916,0.149445,0.274196,-0.085506,0.053247,0.026206,0.070591,-0.086278,0.119914,0.039345,-0.089431,-0.017633,0.133204,0.109332,0.158897,0.117217,0.269183,0.195404,0.047530,0.124180,-0.100674,-0.091269,-0.055547,0.004596,0.166714,0.089188,0.100244,0.018411,0.112997,-0.022735,0.031095,-0.030317,0.066404,0.248087,0.052330,0.115519,0.034799,0.199262,-0.032566,0.044257,0.259809,-0.016054,0.070269,-0.000830,0.164879,0.077542,0.122811,0.035899,0.200446,-0.043966,-0.056658,0.270533,0.110475,-0.026406,0.086475,0.095961,-0.006514,0.178856,-0.178048,0.196063,0.165800,0.042884,0.006894,-0.106790,0.146765,-0.064628,0.011291,0.174277,0.283543,0.065327,-0.039090,0.040428,0.043817,-0.001581,0.152549,-0.075240,-0.022524,-0.149977,0.039999,0.229317,0.217776,0.074157,-0.048830,-0.001599,0.012595,0.025750,0.037810,0.176641,0.031038,-0.077627,0.273403,-0.078766,-0.060789,0.233355,-0.098674,0.004870,0.004746,-0.010743,-0.175126,-0.044674,-0.016007,0.052901,0.000757,0.131632,0.078430,0.196519,0.042693,0.039781,0.005353,0.183801,-0.059438,0.176363,-0.015239,0.130346,-0.098398,0.188317,0.144390,0.016720,0.128475,0.162925,0.061318,0.134487,0.163454,0.054581,-0.067078,-0.046769,0.103618,0.151825,0.013793,0.150112,0.221068,-0.126939,0.141961,0.042161,0.005234,0.180990,-0.074767,0.003727,0.046123,-0.071651,-0.220772,0.029500,0.156745,0.151991,0.016094,0.055457,-0.014526,0.166887,-0.016366,-0.149424,0.106163,0.053486,0.244835,#
11,-0.063906,0.207006,0.176437,0.031776,0.099112,0.087157,0.025095,0.187423,0.205511,0.001650,0.035550,1.000000,0.015352,-0.002721,-0.072347,-0.042106,-0.023378,0.156938,0.015704,-0.219600,-0.035880,0.137025,-0.111377,-0.123010,0.068433,0.177463,-0.196014,0.220686,-0.118810,0.087373,0.102249,0.061020,0.069440,0.088379,0.000378,0.047084,0.131929,-0.088018,0.015175,0.168145,0.020012,0.096477,0.248039,0.009721,0.054825,0.027799,0.093781,-0.084422,0.077910,0.006660,-0.039231,0.167454,-0.003451,0.226082,0.054184,-0.071839,-0.125860,0.266967,0.055045,0.052844,0.038841,0.007738,0.089801,-0.155475,0.022472,0.124831,0.115905,0.120058,0.144218,0.123536,0.039105,0.029140,0.099502,-0.033452,-0.044834,-0.116368,0.086212,-0.032040,-0.044663,-0.030750,0.081192,0.076056,0.118209,-0.034042,0.149674,-0.027465,-0.054912,0.049757,0.170968,-0.018395,-0.140860,0.159687,0.164602,0.101321,0.162553,0.123632,-0.069753,-0.072221,0.152180,0.158408,0.013695,0.073698,-0.093039,0.089371,-0.050056,0.182407,0.109807,0.171898,0.086596,0.182951,0.178345,0.142842,0.079743,0.074030,-0.079920,0.225198,-0.026908,0.086832,-0.210834,0.091353,-0.082045,0.056613,0.092454,-0.050216,0.052748,-0.090785,-0.073825,-0.043740,0.092814,0.049722,0.072042,0.112235,0.183009,0.182431,0.107947,0.073013,-0.127661,0.224213,-0.074253,0.198881,0.053311,-0.105883,0.108610,0.125201,0.218352,-0.075381,0.085590,-0.022729,-0.075792,-0.018972,0.033455,0.135069,0.051363,0.117609,0.113897,0.075393,0.038993,-0.085234,0.101874,-0.057179,-0.036110,0.125196,-0.078716,0.010262,-0.047141,-0.026787,0.128726,0.007344,-0.002898,0.158520,0.010705,0.051853,0.056949,-0.088629,0.086851,-0.002363,-0.046571,0.047865,-0.075828,0.134974,0.170324,-0.013998,0.051488,-0.109547,-0.019606,0.066454,-0.086025,0.000008,0.125413,0.157483,0.134940,-0.107226,0.287637,0.160250,0.220967,0.013890,0.010552,-0.008523,-0.032608,0.128813,#
12,-0.043000,0.034754,-0.002236,-0.011056,0.091180,0.086395,0.045995,0.053093,0.092974,0.063184,-0.205172,0.015352,1.000000,0.065484,0.273953,0.107789,0.277854,0.114612,0.128614,0.148400,0.001516,0.165654,0.093733,0.129328,-0.146251,0.070064,0.000377,0.110546,0.061132,-0.026909,-0.054402,0.098452,0.148277,0.024411,0.091273,0.104577,0.116163,-0.010747,-0.005367,0.155413,-0.042003,-0.075982,0.123180,0.267926,0.111875,0.105218,0.091892,-0.078941,0.104619,-0.041536,0.113960,-0.019139,-0.022720,0.126928,0.205169,-0.016176,-0.014866,0.021901,0.011204,-0.147288,0.064370,0.275918,-0.176641,0.076677,0.229114,0.087747,0.026513,0.091086,0.116322,0.039139,0.101187,-0.023324,0.151567,-0.004270,0.123782,0.150193,0.105584,-0.163443,-0.024767,-0.029007,0.170300,0.061536,-0.090517,0.069840,0.022739,0.067567,0.080056,0.098954,0.185710,0.008841,-0.057995,-0.054880,-0.023483,-0.030550,0.013528,0.175628,0.343142,0.101690,-0.047035,-0.019574,0.035456,0.031651,0.057425,0.142150,0.053929,0.057578,0.059333,-0.023403,-0.024334,0.053859,0.208505,-0.019368,0.044953,0.001644,0.090905,-0.028019,0.236295,-0.104889,0.036663,-0.150656,0.124127,0.056134,0.135292,0.168286,0.144682,-0.215364,0.025602,-0.116449,-0.092022,0.083699,0.034155,-0.003902,-0.071068,0.108676,0.039115,-0.092291,0.110172,0.079467,0.185548,0.027625,0.072832,0.159296,0.099704,-0.049262,0.066722,0.135995,0.043938,0.090025,-0.008713,0.146451,-0.031013,0.190572,0.055620,-0.033198,0.034692,0.273413,0.027192,-0.079299,-0.020931,0.014939,-0.015059,0.262107,0.167245,0.125089,0.211657,0.028637,0.143884,0.163850,-0.044787,-0.027190,0.109041,0.181273,0.010273,0.088467,0.111327,0.100031,0.120694,0.099463,0.036626,-0.074496,0.125401,0.118562,0.098489,0.029192,0.006556,0.043389,0.092873,0.211657,-0.028904,-0.071921,0.072228,-0.065454,0.169507,0.073808,-0.024979,0.080082,0.041839,0.085456,0.097630,-0.082197,#
13,-0.102464,-0.175259,0.168136,-0.027277,0.056896,-0.044359,0.090972,0.000770,-0.045922,-0.000763,-0.129475,-0.002721,0.065484,1.000000,0.159685,-0.047464,0.119816,-0.000644,0.059568,0.164728,0.128346,0.073644,0.032648,0.090872,-0.269040,0.103649,0.117611,0.070058,-0.050186,0.064229,0.017338,0.050141,0.167700,0.026703,0.179754,0.116882,-0.012579,0.065383,-0.146596,0.076388,-0.076545,0.125494,0.093305,0.029150,0.172138,0.115150,0.032821,0.003071,0.102532,-0.098236,0.055031,-0.003819,-0.008021,0.196703,0.050128,0.037066,-0.074804,0.079202,0.044390,0.151163,0.149411,0.183931,0.139874,0.136746,0.079676,0.011859,0.197265,0.079206,0.085428,-0.015720,0.009395,0.042298,-0.153145,0.033596,0.208291,0.173018,0.086010,0.050189,0.117712,0.235595,0.033415,0.149288,0.059173,0.083185,0.015264,0.079612,0.004315,-0.005688,0.017790,-0.070971,0.010377,-0.042004,0.065713,0.190453,-0.036273,-0.150898,0.094170,-0.008431,0.000960,0.265198,-0.020393,0.213917,0.143010,0.285220,-0.038999,0.114928,0.111764,0.029635,0.141584,0.121230,0.008933,0.073376,0.230243,0.126461,0.184194,0.103649,0.186221,0.129299,-0.068342,0.221628,0.034971,-0.020502,0.180127,0.011936,0.096206,-0.148865,0.034554,-0.113096,0.049105,0.125069,-0.174593,0.054274,0.035834,0.084312,0.210316,-0.057281,-0.026441,-0.004235,0.029812,0.172050,-0.273240,0.068473,0.241338,0.156730,-0.009858,0.126347,0.148373,0.025704,-0.004908,0.035115,-0.053859,0.124409,0.042748,0.178021,0.028530,0.104721,-0.122836,0.006685,0.171629,0.082942,-0.020972,0.165145,0.134751,0.180400,-0.002164,0.091900,-0.104450,-0.041047,0.055492,0.019587,0.090746,0.157103,0.061261,0.089506,0.184693,0.023027,0.021833,0.169706,0.171609,-0.062806,0.016147,0.239936,0.020636,0.016728,0.260417,0.155205,0.192402,0.005107,-0.160329,0.064940,0.077599,0.097123,0.096931,0.255443,-0.017537,0.150014,0.033379,-0.105383,0.099152,0.011353,#
14,0.137207,-0.035905,-0.109709,0.105705,0.111023,0.058499,-0.066667,0.182835,0.215619,0.152118,0.050186,-0.072347,0.273953,0.159685,1.000000,0.261537,0.106515,0.038036,0.169759,0.225967,0.098588,0.035757,0.092633,0.275055,-0.070854,-0.030433,0.116157,0.090227,0.158043,0.068597,-0.043432,0.250383,0.037477,0.100502,0.179039,0.097217,0.076703,0.134670,0.080314,0.154803,-0.124001,-0.050342,0.076058,0.062467,0.229285,0.164819,0.113187,-0.057046,-0.020416,0.173500,0.097344,-0.036324,0.164129,0.214965,0.244284,0.042764,0.115131,0.080892,0.086994,0.057246,0.124592,0.190244,0.121556,0.115617,-0.007036,-0.067652,0.071418,0.151545,-0.049752,0.162973,0.177357,0.066990,0.137855,0.109443,0.261133,0.130451,0.232990,0.111643,0.071272,-0.016153,0.175509,0.240463,0.070256,0.215111,0.101245,0.046258,-0.033068,0.131275,0.031180,-0.059121,-0.065375,0.090458,0.095918,0.112877,0.099666,0.123311,0.271060,0.081317,-0.046918,-0.015587,0.160166,0.219953,0.133801,0.183813,0.215319,-0.021738,0.180583,0.025230,-0.113194,0.107428,0.081941,-0.160146,0.109868,0.192138,0.151965,0.070322,0.206805,-0.081505,0.073298,0.026561,0.197700,0.120515,0.015019,0.039307,0.083003,-0.023796,0.041156,0.122819,0.022505,0.250146,-0.018495,-0.056328,-0.008515,0.095734,0.102799,0.091907,-0.205582,0.160920,0.023415,0.009586,0.094091,0.134011,0.131849,0.104551,-0.103072,0.217555,0.125879,0.025519,-0.108107,-0.023127,0.154661,0.097934,0.043681,0.121848,0.187417,0.239892,0.136536,0.088113,-0.026234,0.094520,-0.014997,0.000662,0.225372,0.081973,0.072170,0.067331,0.085795,-0.002040,0.109031,0.223258,0.175465,-0.008765,0.110932,0.074540,-0.008576,0.086537,0.182497,0.156680,0.143194,-0.007408,0.228146,0.242015,0.064922,-0.044407,0.068707,-0.041219,0.070607,-0.144326,-0.068697,0.160215,-0.038842,-0.012873,0.109198,0.129193,0.129778,0.020810,0.031250,0.018143,0.101284,-0.083188,#
15,0.307286,-0.025142,0.090228,0.002020,0.139638,0.137594,0.047350,-0.005710,0.247786,0.174110,0.160733,-0.042106,0.107789,-0.047464,0.261537,1.000000,0.187216,0.187734,0.098855,0.138468,0.069074,0.020216,0.161419,0.268008,-0.055010,0.161446,0.005856,0.042284,0.094192,0.268262,0.022043,0.198127,0.018110,0.196224,0.044127,0.260483,0.079969,-0.001473,0.254913,-0.026359,0.032812,0.063457,0.063047,0.052411,0.173159,0.046447,-0.097270,0.137082,0.075618,0.199803,-0.178216,0.321671,0.063211,0.112027,0.163187,0.092597,0.101162,0.076367,0.165821,0.159467,0.190441,0.114773,0.242119,0.009037,-0.035683,0.251879,-0.000851,0.071577,-0.004997,-0.121602,0.189029,0.101722,0.048636,-0.001558,0.014096,0.115032,0.092922,0.075632,-0.008168,0.014506,0.253436,0.126012,-0.113590,0.272711,0.213739,0.061102,0.024735,0.358020,0.066995,0.046701,0.042534,0.030462,0.008094,0.050666,0.105833,0.031788,0.257347,0.008741,0.055208,0.047588,0.199159,0.083489,0.108113,0.106438,0.043364,0.147077,0.181836,0.112145,-0.042195,0.171644,-0.046739,0.161809,0.029289,0.078276,0.050028,0.097595,0.010828,-0.050688,0.019544,-0.050498,0.149682,0.049132,0.183051,0.034513,-0.025337,0.066711,0.151872,0.201381,0.009741,0.275955,-0.081728,-0.004634,0.001928,0.209481,0.105650,0.067307,-0.168354,0.001969,0.036191,-0.086226,-0.011960,0.084605,0.073113,-0.005013,0.055362,-0.095823,0.101339,0.059056,0.161984,-0.046027,0.076283,-0.057447,0.202684,0.167968,0.012142,0.234686,0.222279,0.157929,0.013766,0.199022,0.044998,-0.002234,0.300021,0.010090,0.088130,0.204848,0.144591,0.195524,0.238460,-0.036918,-0.071492,0.103382,-0.086583,0.092516,0.092683,0.086179,0.220210,0.145492,0.055656,0.099840,0.238831,0.061611,0.082543,0.172488,-0.015392,0.073634,-0.063737,0.206876,-0.093838,0.055991,-0.147426,0.015044,0.184137,0.077172,-0.007105,0.073667,0.163932,0.167296,0.079733,-0.043945,#
16,0.128824,0.013735,-0.094244,0.012011,-0.015143,-0.022304,-0.016055,0.108174,-0.087587,-0.026988,-0.020595,-0.023378,0.277854,0.119816,0.106515,0.187216,1.000000,-0.008681,-0.086388,0.280242,0.106506,0.054177,0.025942,0.092568,-0.107185,0.023276,0.092508,-0.163924,-0.052053,0.227624,-0.079506,0.128094,-0.011437,0.222630,0.115777,0.026431,0.056616,-0.011823,0.088532,-0.096538,-0.073264,-0.058907,0.085878,0.136806,-0.004048,0.089031,-0.018731,0.047777,-0.051661,0.024062,0.006981,0.021565,0.125537,0.174325,0.128142,-0.122369,-0.000469,-0.077435,0.031108,-0.081749,-0.084476,0.205345,0.131584,0.125681,0.071996,0.032088,-0.091296,0.173032,0.067798,0.135089,-0.106924,0.073992,0.193835,-0.061423,-0.032705,0.079850,-0.114698,0.099819,-0.037033,0.086023,0.121941,-0.009241,-0.109206,0.218203,0.100125,0.112592,0.153227,0.061162,0.108542,0.081719,0.026224,0.048405,0.056424,-0.121750,-0.007536,-0.025087,0.108293,-0.073374,-0.055383,0.178344,-0.125295,-0.020533,-0.065134,0.027448,0.023741,0.020662,0.138015,0.056412,-0.025221,0.096207,0.010102,0.018150,0.086988,-0.013628,0.191274,0.092249,0.099820,0.065360,-0.007310,0.011718,0.248503,0.166379,0.031067,0.184529,0.148145,-0.096740,0.028512,-0.129710,-0.075755,0.171736,0.034466,-0.102729,0.174059,-0.291497,0.167286,0.128267,-0.098152,-0.046126,-0.051563,-0.024512,-0.018824,0.093820,-0.003590,0.027575,0.159185,-0.035493,0.027569,0.045468,0.126080,0.266892,-0.245296,0.193569,-0.041947,0.032834,-0.003900,0.166214,0.045422,0.004195,-0.011299,0.069080,0.017760,0.077811,0.136385,0.066539,0.024852,0.006484,0.105238,0.125749,-0.029016,-0.144837,0.035919,0.118734,-0.054616,-0.079692,0.002595,0.066357,0.021623,0.091916,0.046250,-0.031182,0.052016,0.056559,0.020918,-0.029959,0.073538,0.124045,0.091600,0.144960,-0.047908,0.015040,0.220343,-0.218789,-0.173047,-0.009988,-0.039712,0.225997,0.058651,-0.110794,-0.115437,-0.002440,#
17,0.224071,0.043003,0.010401,0.116593,0.101442,0.139708,0.063073,0.180127,0.135956,-0.042114,0.066586,0.156938,0.114612,-0.000644,0.038036,0.187734,-0.008681,1.000000,0.001433,0.065400,0.130047,0.015403,0.000499,0.140368,0.037345,0.163523,0.044124,-0.041978,-0.055823,-0.021286,0.105561,0.029405,0.198404,-0.023608,0.060157,0.177364,-0.164027,-0.027773,0.279205,0.093151,0.190733,0.195092,0.103631,0.070612,0.061909,0.062673,0.043065,0.127113,0.013418,0.039804,0.084007,0.091032,-0.040939,0.026348,0.135739,0.178131,0.159621,0.031967,0.072986,0.027557,0.073528,0.138078,-0.026981,0.059525,0.049168,0.230140,0.186021,0.190932,0.070569,0.028139,0.035070,0.191364,0.025889,-0.027820,0.011921,0.114431,-0.038480,-0.102805,-0.080907,0.157526,0.155471,0.045337,0.060841,0.034689,-0.012552,-0.055418,0.244947,0.015063,0.134413,0.100332,-0.095217,-0.157153,0.206321,0.052155,-0.117556,0.100693,0.087268,0.032781,0.012105,0.029282,0.116932,-0.147047,0.028339,0.061125,-0.039761,-0.000328,0.126264,0.127725,0.077917,0.010528,0.129930,0.189514,-0.020160,0.102681,0.189382,-0.035795,0.025118,-0.056991,0.006623,0.033060,-0.028295,0.124524,0.084113,0.011399,0.244717,0.101737,0.137981,-0.089414,-0.088540,0.123630,0.223980,0.143320,0.175136,0.053823,0.004442,0.094764,0.019234,0.149173,0.069362,0.119414,0.179193,0.100749,0.157864,0.086834,0.114290,0.025313,0.009543,0.109526,-0.078571,-0.093798,0.047498,-0.043519,0.054099,0.055240,0.219051,0.224126,0.103573,0.041827,0.074820,0.049951,0.039217,0.019062,0.200469,0.111038,0.038379,0.081247,0.006309,0.085375,0.078388,-0.027574,0.115103,-0.098322,0.060958,0.046942,0.121964,-0.025051,0.089565,0.003458,-0.072366,0.268956,0.206660,0.133251,0.097340,0.116287,-0.018813,0.045362,0.024155,0.145086,0.073457,0.024123,0.017003,0.084634,0.157061,0.148713,0.153381,0.141169,-0.000168,0.096037,-0.030921,0.124710,#
18,0.125159,-0.071651,0.096466,0.196472,0.100830,-0.174998,0.047202,-0.047306,0.060529,-0.002101,-0.049383,0.015704,0.128614,0.059568,0.169759,0.098855,-0.086388,0.001433,1.000000,0.090200,0.017515,0.078996,0.139900,0.207755,-0.037930,0.024220,-0.126567,0.119578,0.026107,-0.072735,-0.151936,-0.111464,0.113186,0.082896,0.095612,0.129151,0.027267,0.110372,0.035313,0.278568,0.074883,-0.075325,0.076856,-0.032242,0.198417,-0.007569,0.020702,0.005350,-0.123092,0.107228,-0.058317,0.105295,0.107615,0.025680,0.156807,0.181137,-0.002284,0.035626,-0.088048,0.073531,0.108505,-0.018028,0.117780,-0.036108,0.113885,0.036232,0.069539,0.002650,-0.115848,0.055203,-0.013074,0.034398,-0.102686,-0.131563,0.136653,0.101130,0.089153,0.104484,-0.003982,0.056505,-0.064823,-0.005221,0.104866,0.122871,-0.031232,-0.053602,-0.028691,-0.000468,-0.018361,0.059864,0.130289,-0.077879,-0.046143,-0.059473,0.144574,0.128750,0.214875,-0.012063,0.020485,0.101019,0.096057,0.094744,0.069806,-0.005905,0.144359,0.096455,0.041039,-0.082732,-0.055647,-0.060705,0.153978,0.040446,0.206040,-0.017204,-0.017465,-0.028013,-0.064911,-0.196811,-0.024573,0.088655,0.020337,-0.003964,0.088622,-0.103792,0.027056,-0.202427,-0.074164,0.138507,0.144520,-0.031020,-0.082992,0.177131,-0.123760,0.199016,0.094144,-0.037808,0.043523,0.142751,-0.091511,0.067413,-0.117559,0.006980,0.049123,0.097782,0.046648,0.154605,0.031819,0.020387,-0.107618,-0.032813,-0.029127,0.067061,-0.016420,0.055880,0.037375,0.078310,0.069888,0.093035,-0.040958,0.176547,0.033420,0.049913,0.103601,0.122560,-0.016606,0.222834,0.078787,0.030997,0.003457,0.200174,-0.141394,-0.030665,0.074170,0.124665,-0.028922,0.177481,0.069813,0.033987,0.009402,-0.012597,0.003353,-0.001068,0.117725,-0.045348,0.039776,-0.104560,0.287202,-0.107921,0.022778,-0.048696,-0.016972,0.100739,0.137704,0.128401,0.048051,-0.015295,0.028274,0.021820,0.167930,-0.080483,#
19,0.152591,-0.002696,0.081805,0.103980,0.287285,0.252181,-0.091089,-0.011283,0.038498,0.204225,0.085895,-0.219600,0.148400,0.164728,0.225967,0.138468,0.280242,0.065400,0.090200,1.000000,0.079285,-0.049973,0.115312,0.112386,-0.063076,0.093261,0.101846,-0.038726,-0.024268,0.116959,0.146006,0.088634,0.083729,0.074097,0.093217,0.055313,0.091638,-0.018487,0.152618,0.093541,0.141894,0.044815,-0.018554,-0.075296,0.070796,0.079320,0.203414,0.082257,0.050978,0.139788,-0.059132,0.078023,-0.015935,0.065592,0.151730,0.164754,0.154352,-0.097002,0.195599,0.099638,0.260128,0.360097,0.185183,0.161164,0.235948,-0.027146,0.039469,0.189872,-0.123879,-0.042367,0.156722,0.123329,0.085051,0.106093,0.135723,0.274899,0.052858,0.112745,0.269406,0.111821,0.128196,0.066318,0.115606,0.090795,0.071082,0.170755,-0.026135,0.274137,0.072777,-0.147349,0.017452,-0.008639,0.172122,-0.053373,-0.093033,0.097647,0.192605,0.075134,-0.125621,0.049145,0.078366,0.124390,0.132653,0.138648,0.183733,0.283713,0.070218,0.184226,0.073368,-0.096192,-0.063826,0.030938,0.228093,0.170527,0.092310,0.005417,0.279926,0.090225,0.080668,-0.234419,0.027377,0.175919,0.118550,0.077945,0.256100,-0.083986,0.259425,0.021537,0.026762,0.181222,-0.011403,0.024763,0.011594,0.017567,0.190819,0.047424,0.024111,0.132886,-0.028053,-0.053374,-0.065990,0.126560,0.174619,0.103171,0.075441,0.101643,-0.011300,0.066165,0.080496,0.103652,0.044812,0.249195,0.036960,0.134901,0.145319,0.096112,0.056763,0.050527,0.153106,0.236945,0.234906,0.034357,0.081021,0.092483,0.170993,0.133812,-0.023315,0.180144,0.155113,-0.016887,0.017696,0.088771,0.248461,0.181238,0.110349,0.029640,0.121642,0.205977,0.168535,0.037315,-0.038793,0.190296,0.166674,0.218863,0.257295,0.028899,0.047615,0.012510,0.085853,0.038889,0.250170,0.218718,0.033724,0.050045,-0.035911,0.244466,-0.073307,0.096316,0.152463,0.118854,#
20,-0.048493,-0.118325,0.176874,0.109909,0.347153,-0.006378,0.107144,-0.058535,-0.044020,0.122290,-0.043569,-0.035880,0.001516,0.128346,0.098588,0.069074,0.106506,0.130047,0.017515,0.079285,1.000000,0.109087,-0.010201,0.078195,0.002918,0.250390,0.142359,-0.182988,0.023424,-0.081377,-0.046122,-0.011798,0.098996,0.094192,0.061698,0.190872,0.166663,0.087130,0.203827,0.103689,0.024384,0.139431,-0.043661,-0.081143,0.219104,0.026686,0.242249,-0.033442,-0.177681,0.043665,-0.166678,0.093666,-0.026923,0.168040,0.282036,0.097529,0.147959,0.079128,0.074729,-0.019881,0.133128,0.137343,0.145955,-0.007741,0.004009,-0.018558,-0.003913,0.106822,0.089650,0.174995,0.267115,0.149221,-0.031596,-0.004517,0.106816,-0.017777,-0.061806,0.195823,0.013730,-0.022694,0.080230,0.182170,0.065688,0.017797,0.084298,0.065328,0.093044,0.006080,0.063269,0.003796,0.166575,-0.000202,0.135682,0.096938,0.195114,-0.052299,0.030503,0.173787,0.133233,0.005282,0.060952,0.000571,0.204042,-0.037593,0.115355,0.036959,0.087305,0.100489,-0.022421,0.193147,0.224888,0.251238,0.119029,-0.096359,0.141243,0.108917,0.223068,0.157638,0.030015,0.166333,0.098373,0.124782,0.058865,0.138179,0.055873,0.017692,0.146494,0.035064,0.234596,0.118061,0.190887,-0.031776,0.046147,0.165983,0.053083,-0.114494,0.079880,-0.122137,0.067248,0.035391,0.023587,0.196706,0.068635,0.028675,0.078230,0.017553,0.042949,0.031741,-0.032812,0.142527,0.163646,0.067111,-0.055991,0.242055,-0.031836,0.088964,0.043548,-0.043489,-0.084158,0.234408,0.034605,0.107269,0.159351,0.141408,0.098840,-0.075855,-0.110569,0.087384,0.068400,-0.019298,0.052416,-0.088975,0.146420,-0.037601,0.006228,0.056332,-0.106549,0.009193,0.239847,0.097682,0.067786,0.092037,-0.032570,0.007384,0.128536,-0.156783,0.045237,0.166925,0.023467,0.212589,-0.092300,0.017006,-0.004732,0.164531,0.030343,-0.030314,0.136479,0.053761,0.081762,0.235901,#
