0,1.000000,0.198516,0.377369,0.193065,0.284595,0.265973,0.180728,0.111584,0.270314,0.225627,0.344075,0.282494,0.127645,0.124496,0.388336,0.236992,0.207618,0.371287,0.260329,0.247135,0.306389,0.371541,0.236302,0.375432,0.236782,0.171676,0.358175,0.289758,0.383709,0.246463,0.166813,0.171842,0.250676,0.159890,0.085000,0.416693,0.329315,0.227434,0.349002,0.403319,0.178253,0.363956,0.148408,0.268200,0.170087,0.327749,0.351531,0.342689,0.356375,0.295371,0.384609,0.264819,0.274284,0.084430,0.386583,0.297790,0.240234,0.239599,0.197030,0.266035,0.333233,0.230554,0.288784,0.278994,0.321726,0.199018,0.338364,0.293123,0.296649,0.263726,0.368439,0.282380,0.420163,0.287047,0.125621,0.123297,0.225233,0.305182,0.265851,0.110767,0.373464,0.167758,0.282384,0.248759,0.307791,0.287562,0.256913,0.176497,0.398422,0.238862,0.206964,0.179900,0.128157,0.252747,0.399538,0.244241,0.432155,0.330933,0.293089,0.371419,0.307520,0.335494,0.275889,0.349411,0.222753,0.239640,0.303168,0.274790,0.167011,0.204967,0.232731,0.189676,0.209251,0.236916,0.148477,0.219517,0.368471,0.200160,0.245538,0.307043,0.395497,0.206706,0.225024,0.167153,0.220467,0.412867,0.193703,0.176209,0.201330,0.334441,0.284763,0.360612,0.343778,0.296929,0.230555,0.173718,0.358105,0.223502,0.248624,0.449815,0.255251,0.226117,0.292892,0.200205,0.369603,0.190292,0.202159,0.209833,0.282575,0.229906,0.300693,0.248838,0.319381,0.239398,0.170109,0.103261,0.126533,0.180925,0.401266,0.347421,0.242929,0.343628,0.098601,0.142563,0.357805,0.012395,0.265018,0.229869,0.202448,0.209393,0.403480,0.064631,0.407467,0.355077,0.177319,0.256178,0.371314,0.244929,0.339978,0.257983,0.243147,0.407238,0.079544,0.020941,0.201486,0.322142,0.334249,0.402561,0.352789,0.180639,0.304835,0.299272,0.231766,0.131097,0.387191,0.177649,0.071528,0.208480,0.383400,0.286182,#
1,0.198516,1.000000,0.120051,0.279868,0.374846,0.271052,0.278131,0.205134,0.221816,0.117243,0.424866,0.297611,0.243741,0.277495,0.191652,0.167864,0.157842,0.270893,0.222075,0.251174,0.125423,0.293114,0.172240,0.312021,0.293949,0.307352,0.294830,0.377521,0.328706,0.222986,0.305897,0.287407,0.364144,0.245798,0.130263,0.163346,0.215769,0.289983,0.453998,0.239088,0.190372,0.261545,0.345514,0.260171,0.166957,0.351731,0.334784,0.349616,0.246534,0.146296,0.423553,0.242481,0.350455,0.118361,0.286421,0.341722,0.260509,0.256063,0.365385,0.355009,0.213454,0.297339,0.241626,0.347617,0.215753,0.279469,0.086951,0.309317,0.343219,0.179694,0.241947,0.208135,0.417434,0.176766,0.289739,0.123489,0.298793,0.187537,0.283071,0.192805,0.283263,0.385808,0.360191,0.352006,0.184713,0.090702,0.335961,0.245522,0.346937,0.424114,0.288754,0.385727,0.124350,0.337147,0.198718,0.172787,0.227903,0.170982,0.182023,0.171895,0.198290,0.203208,0.225581,0.221032,0.164424,0.279928,0.165435,0.344469,0.105991,0.323672,0.385426,0.223240,0.175705,0.283448,0.281306,0.280757,0.298939,0.165896,0.326492,0.343580,0.188339,0.224128,0.351083,0.243108,0.225843,0.372848,0.170673,0.250683,0.116638,0.276120,0.297372,0.291267,0.140895,0.292566,0.422438,0.397110,0.155750,0.290161,0.226608,0.350762,0.310734,0.127960,0.152727,0.200846,0.309582,0.217802,0.269213,0.165018,0.271753,0.278305,0.161668,0.264528,0.297249,0.175478,0.234421,0.223534,0.239028,0.133390,0.291949,0.047262,0.085684,0.350137,0.218206,0.172321,0.278608,0.260899,0.143516,0.274785,0.275035,0.394180,0.284906,0.289389,0.283046,0.190582,0.350352,0.150991,0.138266,0.332775,0.292988,0.218293,0.242728,0.252801,0.250600,0.088442,0.312707,0.299939,0.206373,0.331496,0.220834,0.300122,0.454870,0.234797,0.232284,0.201746,0.295982,0.331506,0.059904,0.263438,0.129053,0.122385,#
2,0.377369,0.120051,1.000000,0.315832,0.201219,0.138596,0.229059,0.169762,0.004041,0.026331,0.084325,0.266736,0.181451,0.145090,0.208817,0.174178,0.203356,0.110985,0.149426,0.206318,0.277565,0.363187,0.281279,0.243765,0.264311,0.228841,0.301829,0.153962,0.218866,0.256125,0.131821,0.081627,0.138913,0.150706,0.053657,0.224974,0.209915,0.156782,0.194968,0.176627,0.245641,0.293603,0.172672,0.132282,0.040668,0.349273,0.187178,0.320228,0.162822,0.190671,0.257053,0.344544,0.281569,0.074075,0.109474,0.212628,0.102045,0.136899,0.132452,0.195633,0.006920,0.215833,0.299019,0.186691,0.276587,0.237038,0.058933,0.029716,0.179967,0.302890,0.266283,0.057745,0.197085,0.232709,0.135512,0.229118,0.168147,0.236249,0.174066,0.201416,0.360544,0.065835,0.094438,0.169995,0.128617,0.163286,0.318873,0.177113,0.169455,0.177472,0.177038,0.237776,0.207578,0.088815,0.150385,0.066861,0.204485,0.193484,0.217845,0.155285,0.310629,0.216084,0.173318,0.216126,0.177303,0.181218,0.163964,0.228678,0.057274,0.281155,0.263456,0.129588,0.187974,0.165424,0.194296,0.244133,0.185486,0.212589,0.070109,0.107931,0.237849,0.231759,0.149792,0.055991,0.161400,0.175909,0.230934,0.099623,0.094151,0.247317,0.165363,0.325641,0.151942,0.029121,0.170660,0.322749,0.146199,0.168579,-0.009453,0.107322,0.006708,0.134337,0.244464,0.155596,0.373905,0.177346,0.188050,0.224211,0.354670,0.215183,0.115360,0.376649,0.220484,0.158821,0.078247,0.026059,-0.002639,0.091590,0.202990,0.107337,0.272763,0.195165,0.220778,0.209397,0.335327,0.030983,0.159060,0.265403,-0.000785,0.148788,0.141677,0.160700,0.111899,0.121251,0.214262,0.162109,0.370931,0.169790,0.227785,0.235215,0.279786,0.138093,0.061242,0.196989,0.025341,0.199833,0.151660,0.161513,0.254735,0.110239,0.202376,0.158223,0.383732,0.086873,0.231689,0.140261,0.089835,0.181453,0.303246,0.159611,#
3,0.193065,0.279868,0.315832,1.000000,0.354777,0.119874,0.213132,0.190619,0.180156,0.056553,0.239548,0.393032,0.176124,0.230676,0.155520,0.231989,0.195324,0.258953,0.194043,0.159434,0.129126,0.271010,0.256338,0.333564,0.326728,0.225117,0.175846,0.151610,0.218464,0.214767,0.246856,0.366216,0.272662,0.333121,0.003078,0.270826,0.353697,0.402922,0.359121,0.120597,0.257772,0.301513,0.175667,0.274744,0.163789,0.328143,0.344685,0.289191,0.134178,0.293226,0.326589,0.186756,0.231048,0.125842,0.143895,0.360697,0.241748,0.279568,0.281620,0.248322,0.110289,0.129396,0.229851,0.281223,0.226515,0.273860,0.184055,0.297000,0.143806,0.238230,0.328699,0.111334,0.227509,0.124577,0.265763,0.315929,0.263899,0.265381,0.320149,0.162735,0.306777,0.275526,0.188293,0.250156,0.305330,0.212351,0.347833,0.120167,0.312722,0.347618,0.240777,0.273253,0.244673,0.339033,0.155173,0.228479,0.315371,0.232036,0.302859,0.282691,0.341897,0.153774,0.307815,0.208757,0.265049,0.230952,0.140585,0.208667,0.071186,0.177963,0.285898,0.163156,0.223102,0.203678,0.084918,0.177917,0.281048,0.021952,0.228289,0.226534,0.353011,0.170123,0.257151,0.343227,0.189741,0.132661,0.243102,0.159963,0.183026,0.298076,0.173474,0.344308,0.330748,0.286428,0.205818,0.205107,0.124210,0.087864,0.292538,0.281509,0.286204,0.195110,0.304366,0.264672,0.334345,0.140675,0.279757,0.272902,0.234969,0.237143,0.133439,0.220100,0.134895,0.198415,0.111676,0.129773,0.212348,0.205330,0.049194,0.294910,0.248842,0.281978,0.310827,0.329444,0.301376,0.241632,0.285787,0.258093,0.118633,0.262064,0.280592,0.144307,0.209828,0.154520,0.223395,0.186154,0.287337,0.299316,0.209550,0.237203,0.285370,0.288604,0.262701,0.226996,0.149589,0.199667,0.171004,0.302947,0.066727,0.155492,0.157680,0.258288,0.356252,0.210846,0.182270,0.270576,0.152056,0.263564,0.237994,0.182514,#
4,0.284595,0.374846,0.201219,0.354777,1.000000,0.191438,0.318486,0.223155,0.250564,0.060797,0.218180,0.204109,0.261983,0.211851,0.117889,0.182214,0.149759,0.200901,0.274812,0.283912,0.200106,0.270594,0.284873,0.312173,0.246561,0.355777,0.124045,0.297808,0.344628,0.059371,0.135099,0.235567,0.337898,0.196938,0.120823,0.197862,0.228267,0.283949,0.193458,0.201964,0.272098,0.328398,0.197677,0.170461,0.350181,0.235341,0.294668,0.323490,0.220917,0.245201,0.261213,0.129617,0.241122,0.108234,0.229316,0.362390,0.170868,0.201324,0.303256,0.311935,0.308874,0.236806,0.112645,0.107261,0.162136,0.161257,0.264658,0.198122,0.234777,0.200660,0.234501,0.211650,0.289238,0.218182,0.132122,-0.064879,0.205813,0.279689,0.181471,0.043306,0.314478,0.253495,0.145581,0.241718,0.247321,0.154814,0.275297,0.219236,0.340246,0.403354,0.209767,0.244431,0.012051,0.311428,0.027876,0.268822,0.286414,0.363044,0.388063,0.270801,0.257712,0.041029,0.249948,0.338938,0.215422,0.225220,0.068754,0.272464,0.105412,0.232673,0.405789,0.120159,0.219048,0.428303,0.198834,0.081192,0.166897,-0.111295,0.199323,0.068076,0.302865,0.212135,0.328316,0.143175,0.303360,0.194338,0.226833,0.138718,0.086206,0.212020,0.193308,0.213293,0.243376,0.196056,0.280473,0.260020,0.245367,-0.014337,0.091889,0.271357,0.289699,0.062692,0.116853,0.246705,0.244731,0.163207,0.248446,0.113057,0.249947,0.330040,0.247901,0.206756,0.200497,0.248533,0.039487,0.124052,0.238195,0.197435,0.308724,0.243229,0.165309,0.227189,0.144023,0.332960,0.169277,0.313062,0.109088,0.120136,0.070690,0.246153,0.247676,0.070967,0.150384,0.047307,0.350416,0.143459,0.293805,0.221168,0.224701,0.130374,0.105722,0.166538,0.217520,0.158423,0.056099,0.154992,0.231594,0.425402,0.216826,0.147778,0.259679,0.167024,0.283193,0.060799,0.019269,0.322211,0.194105,0.409513,0.179171,0.191685,#
5,0.265973,0.271052,0.138596,0.119874,0.191438,1.000000,0.209731,0.108557,0.178074,0.238624,0.174367,0.118515,0.202009,0.039612,0.278745,0.201548,0.177388,0.203418,0.177635,-0.019308,0.263363,0.305850,0.194021,0.409041,0.217447,0.122411,0.177716,0.231732,0.252251,0.160277,0.108879,0.262667,0.277939,0.118263,0.059303,0.130761,0.352422,0.098407,0.252575,0.303698,0.181340,0.321353,0.011779,0.361329,0.148224,0.262070,0.236898,0.125473,0.195811,0.279647,0.294518,0.161064,0.235281,-0.018235,0.139260,0.199604,0.016290,0.260206,0.301106,0.218211,0.147573,0.209467,0.197465,0.084230,0.199115,0.200550,0.317525,0.197726,0.142911,0.195374,0.330277,0.201032,0.235458,0.342206,0.151970,0.086588,0.236344,0.167450,0.214632,0.212391,0.178160,0.157921,0.267479,0.037814,0.035460,0.290218,0.084396,0.140970,0.264972,0.211030,0.172781,0.294428,0.019520,0.232073,0.147982,0.136673,0.173428,0.122515,0.213023,0.082357,0.257241,0.222819,0.214919,0.201696,0.091876,0.143748,-0.003482,0.285867,0.080306,0.183907,0.330524,0.115595,0.313221,0.120371,0.207067,0.070558,0.344845,0.166888,0.235323,0.186824,0.068142,0.184297,0.068494,0.225411,0.079536,0.174216,-0.024977,0.039975,0.352425,0.308059,0.170056,0.343628,0.141529,0.143490,0.337236,0.226221,0.079794,0.123125,0.110304,0.136187,0.293422,0.201129,0.091625,0.204768,0.177237,0.042194,0.199860,0.170553,0.070444,0.208546,0.243964,0.066265,0.180479,0.308907,0.052167,0.138281,0.256429,0.070733,0.425264,0.028089,0.184791,0.166077,0.161913,0.063347,0.255492,-0.027757,0.074735,0.212854,0.215304,0.321037,0.137107,0.166062,0.195666,0.174366,0.133543,0.138776,0.186965,0.172870,0.286370,0.157223,0.227544,0.221111,0.297800,0.055519,0.288067,0.251240,0.208316,0.196773,0.085437,0.210989,0.259278,0.180161,0.175236,0.173385,0.271992,0.180340,0.057500,0.363313,0.076271,0.238656,#
6,0.180728,0.278131,0.229059,0.213132,0.318486,0.209731,1.000000,0.217650,0.100169,0.003502,0.187695,0.145718,0.073150,0.202558,0.167497,0.132648,0.199395,0.222706,0.230961,0.230693,0.204811,0.185409,0.166608,0.163118,0.061484,0.170701,0.139932,0.227712,0.322823,0.151450,0.102333,0.216911,0.247413,0.149649,0.043943,0.121769,0.190915,0.200903,0.280790,0.221226,0.274696,0.255608,0.081345,0.276927,0.050787,0.175586,0.250997,0.406906,0.208959,0.273829,0.131631,0.293456,0.302129,0.127314,0.161796,0.244806,0.174313,0.294295,0.278380,0.315444,0.066196,0.258620,0.077922,0.244527,0.136055,0.371037,0.282912,0.211809,0.211654,0.186303,0.247746,0.173140,0.340448,0.103465,0.196530,0.137076,0.216387,0.194158,0.224961,0.191762,0.276042,0.311213,0.253235,0.156821,0.205111,0.242138,0.124405,0.294342,0.277015,0.319743,0.271374,0.173696,0.076741,0.283400,0.137846,0.307743,0.181123,0.213011,0.297221,0.235876,0.218049,0.219572,0.142532,0.148863,-0.011659,0.355489,0.023808,0.185973,0.139788,0.186469,0.304240,0.157873,0.226102,0.157807,0.190308,0.134193,0.268220,0.111500,0.244193,0.199366,0.172671,0.258240,0.157125,0.038998,0.181439,0.092186,0.144180,0.279116,0.094044,0.319453,0.217859,0.145101,0.225989,0.018130,0.375761,0.201818,0.131754,0.272799,0.223996,0.183225,0.163053,-0.034029,0.019218,0.371077,0.084842,0.214804,0.193643,0.095029,0.157286,0.074086,0.294231,0.174158,0.230222,0.220359,0.147198,0.109859,0.125368,0.152903,0.283196,0.104929,0.117481,0.222047,0.221328,0.114245,0.240396,0.116141,0.170761,0.249905,0.256450,0.294656,0.091381,0.103641,0.235100,0.165108,0.246990,0.273723,0.174832,0.265948,0.290572,0.115583,-0.008438,0.061309,0.221734,0.285027,0.290209,0.199327,0.225578,0.224675,0.240818,0.302197,0.156246,0.075545,0.339143,0.201207,0.128667,0.215246,0.158004,0.226584,0.088955,0.232026,#
7,0.111584,0.205134,0.169762,0.190619,0.223155,0.108557,0.217650,1.000000,0.079966,0.251456,0.197691,0.296363,0.045022,0.203715,0.124546,0.243147,0.037934,0.255933,0.189695,0.273512,0.243895,0.245401,0.381689,0.096331,0.316125,0.063189,0.242056,0.279747,0.242074,0.072329,0.289774,0.270023,0.325261,0.152176,0.092721,0.222533,0.070077,0.179301,0.195597,0.310816,0.149660,0.263238,0.250231,0.150752,0.219974,0.261903,0.136611,0.306612,0.316627,0.207425,0.296115,0.229865,0.173478,0.109347,0.201358,0.226199,0.139895,0.258438,0.231122,0.279616,0.263527,0.041730,0.195744,0.199159,0.341439,0.145263,0.188974,0.244918,0.154021,0.306411,0.181459,0.067278,0.332018,0.289030,0.225972,0.116663,0.268803,0.253418,0.260672,0.284815,0.226364,0.232753,0.255367,0.189175,0.175733,0.177310,0.265833,0.045433,0.258227,0.283571,0.203359,0.150956,0.173731,0.208506,0.048934,0.333107,0.155073,0.210480,0.156780,0.028402,0.234346,0.105769,0.266287,0.172434,0.040444,0.367025,0.343325,0.099795,0.278023,0.191004,0.224233,0.158510,0.047598,0.183388,0.279895,0.117108,0.155752,0.162427,0.206806,0.277737,0.213168,0.219520,0.129070,0.266486,0.246848,0.178220,0.269284,0.383934,0.105055,0.179836,0.036278,0.206326,0.163384,0.213756,0.364454,0.216342,0.080147,0.361788,0.250362,0.258380,0.374442,0.308458,-0.041670,0.202710,0.229526,0.084938,0.286174,0.177016,0.167660,0.187386,0.179225,0.373483,0.092963,0.087272,-0.069520,0.248871,0.230973,0.254466,0.293832,0.255567,0.155156,0.262116,0.152867,0.159916,0.250191,0.142899,0.355493,0.234712,0.271469,0.240092,0.255351,0.138234,0.169624,0.038341,0.213587,0.091841,0.193784,0.164080,0.074429,0.286146,0.146934,0.197082,0.062410,0.118928,0.086302,0.207274,0.166778,0.311912,0.101827,0.259964,0.210558,0.234788,0.283993,0.236069,0.063097,0.287439,0.154974,0.342151,0.253476,0.164391,#
8,0.270314,0.221816,0.004041,0.180156,0.250564,0.178074,0.100169,0.079966,1.000000,0.085421,0.271269,0.136941,0.178577,0.163794,0.300346,0.172189,0.073316,0.074242,0.079823,0.214430,0.221133,0.194457,0.087457,0.194132,0.147087,0.130517,0.096417,0.218857,0.139757,0.140703,0.102687,0.244711,0.203411,0.248352,0.096286,0.229044,0.251008,0.193934,0.274628,0.324700,0.163113,0.150577,-0.116806,0.168600,0.322210,0.294556,0.233902,0.259848,0.088119,0.144836,0.081506,0.241939,0.096380,0.335801,0.213335,0.256797,0.133254,0.128123,0.171635,0.239412,0.180187,0.057681,0.254980,0.103720,0.226338,0.218047,0.200552,0.224975,0.280877,0.181394,0.112236,0.273129,0.253727,0.080228,0.038782,0.020297,0.179026,0.059241,0.237885,0.008954,0.234940,0.207220,0.262128,0.048878,0.243032,0.116411,0.191739,0.124100,0.323912,0.234455,0.184226,0.134027,0.075624,0.173712,0.223546,0.344834,0.244279,0.202264,0.197630,0.171335,0.189039,0.028980,0.143337,0.135607,0.207068,0.093909,0.225605,0.159456,-0.015108,0.156373,0.112208,0.125360,0.039201,0.191093,0.094853,0.224173,0.239365,0.106420,0.029937,0.245667,0.248062,0.117779,0.133721,0.193183,0.186018,0.274206,0.021587,0.219027,0.098784,0.158803,0.158873,0.167368,0.142062,0.133499,0.202037,0.235576,0.152488,0.194778,0.307988,0.254383,0.274983,0.239248,0.255537,0.110231,0.227690,0.108514,0.224300,0.302211,0.143040,0.208763,0.221704,0.181132,0.160065,0.205949,0.295764,0.195635,0.077292,0.112220,0.153965,0.229096,0.058448,0.175131,0.044831,0.225844,0.239371,0.230352,0.202696,0.247897,0.147390,0.162411,0.241910,-0.090384,0.091562,0.267857,0.137362,0.125215,0.117751,0.216390,0.234790,0.150520,0.200696,0.174874,-0.058807,0.195381,0.271296,0.178504,0.078536,0.130258,0.242390,0.124827,0.225679,0.146458,0.180087,0.154549,0.150377,0.157641,0.111105,-0.012424,0.095666,0.141942,#
9,0.225627,0.117243,0.026331,0.056553,0.060797,0.238624,0.003502,0.251456,0.085421,1.000000,0.246585,0.187696,0.012117,0.169087,0.250353,0.163319,0.120400,0.039852,-0.009383,0.200564,0.129296,0.191732,0.209414,0.167608,0.094050,0.182815,0.235858,0.312513,0.206940,0.091716,0.295599,0.237454,0.112172,0.085409,0.208402,0.228020,0.019055,0.251468,0.204030,0.195664,0.223429,0.302877,0.009264,-0.053492,0.175277,0.272790,0.196277,0.189830,0.108431,-0.022845,0.275517,0.293371,0.149482,0.002314,0.194648,0.296848,0.246631,0.175124,0.138645,0.120297,0.068044,0.183838,0.254466,0.219835,0.265944,0.165367,0.076389,0.212950,0.200949,0.119299,0.244842,0.283630,0.179708,0.222256,0.190058,0.132884,0.277580,0.081121,0.381056,0.189282,0.040405,0.205978,0.132058,0.139168,0.174969,0.314810,0.359459,0.104712,0.062396,0.126372,0.029133,0.238412,0.009514,0.164024,0.147936,0.165295,0.316708,0.192195,0.099929,0.161692,0.241560,0.190327,0.279700,0.035850,0.118061,0.177478,0.145807,0.192611,0.189304,0.046671,0.106730,0.092034,0.138913,0.189825,0.130893,0.174154,0.218158,0.204049,0.436590,0.105520,0.305858,0.260500,0.156074,0.224677,0.168689,0.160961,-0.063775,0.253093,0.139462,0.203274,0.148389,0.274759,0.033612,0.208323,0.172977,0.065625,0.212976,0.294100,0.146332,0.169147,0.161669,0.238420,0.039816,0.129141,0.147378,-0.070432,0.244207,0.155683,-0.003998,0.327861,0.244331,0.123975,0.264416,0.153555,0.006343,0.180924,0.247315,0.123758,0.402889,0.065255,0.121842,0.106081,-0.005686,0.223305,0.136596,0.080915,0.111501,0.228887,0.410159,0.187284,0.148808,0.168788,0.221241,0.204382,0.149645,0.141211,0.211968,-0.088468,0.067944,0.345425,0.084689,0.222575,0.222850,0.124613,0.114989,0.147963,0.242592,0.287316,0.299690,0.143854,0.198204,0.145045,0.168004,0.195404,0.085580,0.180926,0.098612,0.014976,0.104028,0.130353,#
10,0.344075,0.424866,0.084325,0.239548,0.218180,0.174367,0.187695,0.197691,0.271269,0.246585,1.000000,0.083502,-0.023826,0.248224,0.259681,0.148156,0.123439,0.215060,0.357969,0.153928,0.111530,0.269223,0.168042,0.138633,0.127435,0.103139,0.359196,0.239379,0.216673,0.164936,0.291087,0.258459,0.187700,0.233808,0.065005,0.287787,0.096993,0.289039,0.304642,0.246174,0.079111,0.154106,0.164480,0.020231,0.165399,0.242022,0.237493,0.329451,0.271880,0.213778,0.155203,0.246006,0.216689,0.164928,0.215574,0.250805,0.157211,0.228559,0.204802,0.147912,0.086348,0.204325,0.227060,0.283483,0.220215,0.245135,0.171663,0.193993,0.251252,0.187774,0.256228,0.242233,0.257643,0.150932,0.126011,0.145258,0.300043,0.021925,0.227584,0.116343,0.147358,0.264133,0.225030,0.213831,0.171717,0.100419,0.334366,0.108044,0.261935,0.242093,0.048812,0.100776,0.199012,0.110711,0.202666,0.143487,0.303823,0.119296,0.212719,0.227754,0.221924,0.205318,0.182303,0.217749,0.216701,0.116095,0.249092,0.315756,0.101485,0.193085,0.128738,0.198839,0.096435,0.159537,0.227056,0.301572,0.214140,0.000499,0.177950,0.159386,0.156073,0.151040,0.174550,0.231354,0.137347,0.214635,0.014733,0.214822,0.099768,0.354225,0.267784,0.171674,0.184392,0.134133,0.175761,0.247183,0.128265,0.280310,0.109580,0.308581,0.289637,0.174812,0.274707,0.159933,0.157435,0.119931,0.117137,0.114779,0.038897,0.270348,0.190599,0.223866,0.278903,0.183790,0.237266,0.214276,0.258825,0.083426,0.218951,0.284826,0.149477,0.200936,0.176864,0.213825,0.226771,0.081176,0.127222,0.190873,0.167735,0.234472,0.232611,0.136617,0.247723,0.191186,0.204172,-0.026865,0.141622,0.185116,0.374183,0.320460,0.250403,0.144047,0.249499,0.054688,0.235686,0.179609,0.087918,0.226171,0.246024,0.166310,0.224444,0.182251,0.125334,0.159041,0.267309,0.229017,0.115839,0.247572,0.267812,0.265742,#
11,0.282494,0.297611,0.266736,0.393032,0.204109,0.118515,0.145718,0.296363,0.136941,0.187696,0.083502,1.000000,0.144509,0.099349,0.091339,0.217151,0.158481,0.273194,0.156740,0.080281,0.210717,0.271326,0.260388,0.284395,0.357630,0.269549,0.152280,0.317376,-0.027928,0.216104,0.309976,0.310957,0.263874,0.228162,0.093116,0.172113,0.189599,0.252409,0.248353,0.242670,0.251284,0.389868,0.229474,0.347062,0.071581,0.379181,0.293564,0.316683,0.187378,0.117705,0.418421,0.214870,0.265726,0.226374,0.136011,0.293867,0.377204,0.138268,0.253394,0.200555,0.136807,0.229399,0.334382,0.316919,0.318398,0.255456,0.204415,0.334135,0.181530,0.272888,0.240660,0.080700,0.305788,0.228317,0.246428,0.194506,0.231394,0.201330,0.413489,0.205538,0.294611,-0.002799,0.267760,0.283910,0.312230,0.168704,0.401273,0.226448,0.240147,0.226518,0.320496,0.263381,0.218171,0.429143,0.100070,0.190161,0.134515,0.268509,0.171718,0.296314,0.307633,0.244696,0.303189,0.150586,0.240425,0.366789,0.258521,0.234590,0.270015,0.222288,0.296556,0.167243,0.295349,0.155684,-0.052772,0.398005,0.302870,0.126440,0.307282,0.254266,0.210367,0.272258,0.305167,0.216728,0.224365,0.193160,0.321717,0.424465,0.224207,0.286545,0.072757,0.459007,0.100188,0.273804,0.123130,0.177871,0.014283,0.288628,0.100492,0.320425,0.213557,0.209061,0.118945,0.318769,0.273240,0.115904,0.384268,0.138550,0.236477,0.202067,0.085527,0.364686,0.198865,0.170525,0.208249,0.093551,0.113683,0.065270,0.200762,0.265411,0.140825,0.206417,0.111257,0.204702,0.411010,0.121204,0.274566,0.320103,0.430326,0.228727,0.342752,0.064883,0.197886,0.171674,0.179978,0.297325,0.398845,0.113936,0.163799,0.184157,0.299257,0.242881,0.189969,0.129440,0.132121,0.279927,0.244770,0.239779,0.178115,0.199437,0.144614,0.128964,0.380695,-0.017200,0.245239,0.196274,0.134158,0.240387,0.131701,0.247326,#
12,0.127645,0.243741,0.181451,0.176124,0.261983,0.202009,0.073150,0.045022,0.178577,0.012117,-0.023826,0.144509,1.000000,0.057714,0.228266,0.105297,0.175525,0.090691,0.165699,0.306243,0.252975,0.059901,0.182542,0.146605,0.269762,0.107661,0.131217,0.191582,0.262245,0.244463,0.031715,0.259947,0.266498,0.211796,0.064386,0.178380,0.270994,0.090397,0.191293,0.128298,0.326064,0.187885,0.212092,0.225216,0.165139,0.312169,0.216414,0.001050,0.172862,0.052298,0.315730,0.161885,0.169982,0.109224,0.074960,0.192156,0.120154,0.171076,0.226010,0.220385,0.109369,0.176096,0.201531,0.154271,0.186654,0.178422,0.150191,0.084431,0.108716,0.099552,0.119816,0.251435,0.117624,0.072317,0.241952,0.160292,0.195090,0.160647,0.135311,0.050598,0.165469,0.137582,0.179074,0.162104,0.213965,0.299881,0.094714,0.195603,0.225764,0.218245,0.215538,0.253969,0.035839,0.231938,0.081352,0.007555,0.310394,0.262787,0.091075,0.102076,0.162338,0.191748,0.163537,0.189858,0.276739,0.210112,0.126619,0.070613,0.048777,0.228877,0.286588,-0.116719,0.244360,0.244972,0.055482,0.083463,0.188919,0.206347,0.152552,0.211238,0.119732,0.226543,0.276607,0.205968,-0.006438,0.263659,0.155549,0.112473,0.101958,0.065262,0.115587,0.242594,0.114106,0.057236,0.045712,0.163536,0.104873,0.170813,0.143622,0.221550,0.271939,0.164975,0.066216,0.137399,0.071460,0.121269,0.231058,0.112278,0.199012,0.112921,0.128026,0.358215,0.054438,0.164611,0.087190,-0.000908,0.109874,-0.106678,0.125691,-0.001456,0.103562,0.269450,0.138291,0.272978,0.101367,0.122170,0.202303,0.036222,0.128559,0.248010,0.105688,0.080720,0.158993,0.125187,0.239004,-0.038094,0.187974,0.184878,0.016910,0.252182,0.161166,0.149077,0.199962,0.093472,0.193175,0.249942,0.133969,0.216361,0.120108,0.050636,0.305371,0.252682,0.220982,0.131073,0.066733,0.132227,0.148375,0.100063,0.181189,0.160460,#
13,0.124496,0.277495,0.145090,0.230676,0.211851,0.039612,0.202558,0.203715,0.163794,0.169087,0.248224,0.099349,0.057714,1.000000,0.257056,0.234860,0.114583,0.041051,0.195763,0.216589,0.097279,0.229163,0.138657,0.084772,0.312575,0.269884,0.248254,0.236816,0.188772,0.072884,0.237997,0.128697,0.235646,0.223766,0.005057,0.204281,0.175604,0.278846,0.086340,0.128246,0.127568,0.233048,0.326572,0.087322,0.151108,0.211177,0.300486,0.261440,0.300716,0.099176,0.313859,0.291289,0.269035,0.028236,0.221838,0.430905,0.179776,0.145416,0.280713,0.285771,0.198711,0.149920,0.393585,0.180627,0.119273,0.200056,0.364163,0.236964,0.384380,0.252909,0.069821,0.137319,0.326988,0.142560,0.205839,0.023169,0.221413,0.308404,0.256192,0.130110,0.293802,0.379213,0.253039,0.339149,0.399637,0.188211,0.352008,0.293014,0.257823,0.411858,0.224867,0.238685,0.245270,0.176958,0.139953,0.209561,0.215725,0.134385,0.151095,0.230721,0.314547,0.219371,0.184554,0.154560,0.204134,0.320138,0.198629,0.146154,0.255034,0.189823,0.216329,0.071807,0.216409,0.209520,0.199609,0.190407,0.272240,0.151411,0.248423,0.270630,0.276892,0.328664,0.041162,0.197643,0.096119,0.236949,0.101930,0.167715,0.330017,0.259764,0.188286,0.157321,0.067947,0.162739,0.328190,0.230674,0.245388,0.230441,0.413532,0.292779,0.240786,0.146180,0.204841,0.130984,0.295008,0.323903,0.273463,0.241518,-0.013473,0.272879,0.251549,0.151394,0.205615,0.266894,0.259598,0.201187,0.092571,0.259533,0.201808,0.135585,0.117773,0.317108,0.057374,0.313096,0.259281,0.268705,0.112648,0.182170,0.208689,0.339978,0.257045,0.356315,0.290261,0.095470,0.255231,0.162902,0.070260,0.081418,0.319192,0.095860,0.242222,0.154196,0.200247,0.324717,0.060810,0.252823,0.221130,0.325167,0.232302,0.284941,0.075184,0.239391,0.291154,0.141371,0.120037,0.280979,0.153022,0.235865,0.195347,0.208387,#
14,0.388336,0.191652,0.208817,0.155520,0.117889,0.278745,0.167497,0.124546,0.300346,0.250353,0.259681,0.091339,0.228266,0.257056,1.000000,0.386690,0.190677,0.203764,0.230762,0.259959,0.194281,0.215547,0.283806,0.302163,0.263007,0.127885,0.285544,0.270634,0.290729,0.205342,0.127967,0.132478,0.160603,0.092134,0.163825,0.318030,0.355898,0.353236,0.352670,0.292926,0.346189,0.289276,0.276727,0.215464,0.190789,0.374868,0.310892,0.257200,0.281154,0.129133,0.412253,0.211812,0.221131,0.149282,0.374745,0.331290,0.262001,0.177171,0.221089,0.248918,0.237484,0.305955,0.201873,0.255542,0.265562,0.261432,0.234089,0.271267,0.256780,0.238883,0.177551,0.314538,0.130009,0.394590,0.027492,0.080655,0.206939,0.260652,0.213574,0.190470,0.302078,0.106825,0.334392,0.260583,0.252753,0.295722,0.110977,0.125597,0.305043,0.287370,0.342402,0.221430,0.208269,0.296437,0.273166,0.100692,0.308999,0.267465,0.331868,0.222382,0.161215,0.241757,0.208804,0.217995,0.150534,0.306747,0.337127,0.394218,0.187491,0.251406,0.063082,0.038450,0.236764,0.106662,0.223184,0.285420,0.147890,0.275266,0.351382,0.301001,0.376741,0.269274,0.079444,0.214046,0.162277,0.232778,0.188642,0.152174,0.073160,0.251686,0.079349,0.374641,0.242477,0.058289,0.123762,0.153482,0.233080,0.200475,0.197665,0.209216,0.393314,0.333613,0.344655,0.103659,0.236059,0.210997,0.187917,0.146618,0.129647,0.209365,0.267538,0.128494,0.109248,0.240860,0.119497,0.026751,0.259940,0.149024,0.233691,0.002053,0.192692,0.305236,0.134995,0.144650,0.354260,0.136269,0.281771,0.244555,0.116891,0.305241,0.300967,0.253804,0.283385,0.301582,0.268734,0.115091,0.374134,0.248915,0.307267,0.334988,0.250651,0.286144,0.139234,0.228082,0.185586,0.235516,0.202587,0.159470,0.166753,0.228370,0.193184,0.309149,0.278815,0.396219,0.185137,0.119189,0.002302,0.232550,0.272845,0.265316,#
15,0.236992,0.167864,0.174178,0.231989,0.182214,0.201548,0.132648,0.243147,0.172189,0.163319,0.148156,0.217151,0.105297,0.234860,0.386690,1.000000,0.182139,0.351194,0.248177,0.177299,0.251519,0.210909,0.223788,0.258407,0.298888,0.300863,0.289580,0.257125,0.286309,0.124594,0.194155,0.261939,0.202842,0.298058,0.102297,0.109989,0.251348,0.238470,0.296536,0.295060,0.371541,0.304253,0.240058,0.207873,0.325262,0.313106,0.222094,0.264403,0.124774,0.089002,0.357759,0.280803,0.347449,0.090570,0.298088,0.197569,0.197001,0.256335,0.200875,0.369940,0.257457,0.104067,0.248437,0.225680,0.215918,0.167679,0.325102,0.368982,0.258993,0.216902,0.225106,0.332239,0.279272,0.295320,0.247549,0.170707,0.151300,0.382164,0.277236,0.180737,0.420683,0.140121,0.298626,0.286380,0.189499,0.190122,0.308039,0.111655,0.384239,0.292468,0.223395,0.120133,0.231709,0.379575,0.135716,0.136831,0.308476,0.209662,0.294990,0.212141,0.227122,0.169434,0.363632,0.279398,0.054429,0.217908,0.228714,0.231807,0.199699,0.347264,0.187038,0.248502,0.238200,0.093298,0.245714,0.400632,0.356705,0.105038,0.213923,0.311160,0.252600,0.345321,0.157043,0.307313,0.191797,0.122861,0.171682,0.181477,0.239393,0.194060,0.040900,0.396212,0.161466,0.230405,0.239965,0.309290,0.223007,0.123926,0.190775,0.163157,0.219849,0.312826,0.317047,0.177373,0.357001,0.218940,0.359054,0.224276,0.239374,0.218227,0.348407,0.159689,0.143906,0.461137,-0.011078,0.347469,0.085879,0.194059,0.228280,0.121453,0.075061,0.185617,0.213478,0.232041,0.273988,0.189230,0.150332,0.255190,0.169908,0.305093,0.178325,0.143172,0.287355,0.113420,0.305202,0.023360,0.259988,0.082717,0.091908,0.316216,0.244381,0.285241,0.050398,0.263899,0.222904,0.245019,0.104221,0.261412,0.235845,0.194716,0.023112,0.385274,0.264110,0.295910,0.159720,0.257658,0.053128,0.229603,0.057163,0.201628,#
16,0.207618,0.157842,0.203356,0.195324,0.149759,0.177388,0.199395,0.037934,0.073316,0.120400,0.123439,0.158481,0.175525,0.114583,0.190677,0.182139,1.000000,0.200164,0.105357,0.128202,0.436349,0.195374,0.283363,0.106154,0.080343,0.282064,0.233934,0.015978,0.149672,0.050419,0.188678,0.351253,0.019508,0.247015,-0.016416,0.228707,0.207583,0.119184,0.186842,0.275033,0.080789,0.308887,0.152223,0.221442,0.187504,0.252312,0.202453,0.213870,0.243625,0.002625,0.049540,0.309291,0.348550,0.047340,0.232558,0.125389,0.038063,0.165382,0.244309,0.072705,0.066898,0.355516,0.170047,0.274381,0.304829,0.212009,0.252434,0.366881,0.051536,0.232877,0.050279,0.323612,0.181879,0.119206,0.238501,0.356128,0.185895,0.279488,0.317075,0.107676,0.098407,0.078644,0.108296,0.122265,0.159803,0.249251,0.350390,0.123999,0.315408,0.082538,0.199069,0.198515,0.058732,0.137475,0.134222,0.061624,0.199029,0.140896,0.327255,0.154195,0.115110,0.196439,0.066748,0.118499,0.142640,0.222409,0.117343,0.002272,0.053902,0.175060,0.258419,0.134801,0.137626,0.136896,0.216595,0.405152,0.252268,0.140900,0.130283,0.266993,0.114491,0.172052,0.290389,0.166337,0.153598,0.069694,0.179880,0.097777,0.088551,0.214886,0.002631,0.256825,0.257422,0.045398,0.189633,0.276536,-0.013063,0.171631,0.243707,0.315707,0.071260,0.101675,0.037347,0.238392,0.206654,0.073291,0.054651,0.145760,0.123329,-0.023088,0.193861,0.209576,0.104312,0.112696,0.162391,0.125280,0.106309,0.059908,0.142543,0.124844,0.050707,0.334605,0.231357,0.259601,0.215902,0.088361,0.178859,0.229392,0.049251,0.097504,0.009839,-0.014481,0.227459,0.004628,0.147032,0.161036,0.080120,0.020071,0.204706,0.117211,0.176754,0.245842,0.173710,-0.078833,0.050606,0.123687,0.249923,0.209894,0.225682,0.101877,0.197577,-0.055832,0.094276,0.155661,0.232919,0.246670,-0.074684,0.195065,0.032295,0.177775,#
17,0.371287,0.270893,0.110985,0.258953,0.200901,0.203418,0.222706,0.255933,0.074242,0.039852,0.215060,0.273194,0.090691,0.041051,0.203764,0.351194,0.200164,1.000000,0.138093,0.243731,0.339847,0.241153,0.333764,0.301589,0.288036,0.192732,0.156591,0.144055,0.272462,0.220350,0.188856,0.402317,0.387095,0.221526,0.027638,0.200437,0.162018,0.408280,0.234446,0.099782,0.172312,0.239863,0.133563,0.299465,0.155980,0.298281,0.300511,0.222923,0.408384,0.210032,0.251571,0.171273,0.162828,0.106722,0.237430,0.226635,0.256799,0.410084,0.214236,0.397851,0.220207,0.225399,0.201880,0.238468,0.142579,0.258167,0.271736,0.332291,0.208507,0.344232,0.315936,0.170986,0.350993,0.188407,0.220769,0.304707,0.248464,0.333236,0.152758,0.228702,0.270687,0.251477,0.493042,0.276197,0.274207,0.151492,0.201459,0.152253,0.433756,0.324326,0.227862,0.158248,0.170492,0.228583,0.108410,0.109565,0.276116,0.365927,0.281690,0.288059,0.152127,0.151696,0.206798,0.252165,0.041945,0.350052,0.246188,0.416895,0.036824,0.126331,0.205177,0.149642,0.197787,0.234363,0.083826,0.300613,0.250734,0.178941,0.175901,0.379930,0.134323,0.181042,0.175433,0.257017,0.355199,0.187845,0.214990,0.270194,0.031499,0.169465,0.005320,0.300709,0.331778,0.384487,0.216931,0.291929,0.319889,0.126289,0.260746,0.318886,0.274424,0.271998,0.134088,0.171551,0.314853,0.148528,0.093181,0.199069,0.221123,0.098474,0.251950,0.141979,0.156279,0.308491,0.068675,0.229348,0.143163,0.141205,0.436972,0.222463,0.261450,0.251356,0.227052,0.098488,0.298216,0.216133,0.109990,0.325843,0.097857,0.220183,0.405845,0.137605,0.220455,0.219106,0.318864,-0.005027,0.303514,0.188112,0.157565,0.291934,0.229613,0.447241,0.157880,-0.084602,0.114978,0.193541,0.207236,0.336780,0.290468,0.264525,0.180801,0.324661,0.226625,0.137953,0.380170,0.294760,0.221067,0.160204,0.124105,0.184223,#
18,0.260329,0.222075,0.149426,0.194043,0.274812,0.177635,0.230961,0.189695,0.079823,-0.009383,0.357969,0.156740,0.165699,0.195763,0.230762,0.248177,0.105357,0.138093,1.000000,0.184542,0.171745,0.149394,0.029171,0.256935,0.311970,0.195678,0.257223,0.251203,0.253632,0.161194,0.249798,0.223048,0.299619,0.086590,0.119432,0.220792,0.334131,0.163650,0.178211,0.264619,0.198539,0.280766,0.191472,0.204567,0.100966,0.241962,0.131176,0.204562,0.179977,0.116249,0.298624,0.038719,0.355850,0.244948,0.166569,0.136876,0.205380,0.294643,0.213531,0.134346,0.105618,0.152972,0.244811,0.289895,0.034766,0.303224,0.296504,0.333439,0.123031,-0.000584,0.058736,0.188779,0.238003,0.222699,0.090441,-0.008198,0.151191,0.241106,0.281157,0.264734,0.305720,0.127706,0.216641,0.291953,0.228499,0.031644,0.299324,0.089104,0.356128,0.180460,0.260414,0.144805,0.201945,0.252275,0.126704,0.077174,0.361309,0.224539,0.086491,0.298482,0.116001,0.285363,0.318711,0.276526,0.174348,0.261994,0.153442,0.262684,0.149252,0.224555,0.276755,0.286801,0.169877,0.245595,0.165205,0.130690,0.194278,0.118569,0.235374,0.277106,0.154068,0.291637,0.117706,0.041322,0.169398,0.206637,0.145011,0.104322,0.254641,0.227149,0.188434,0.296308,0.185519,0.116518,0.290353,0.017287,0.052316,0.259224,0.155301,0.314749,0.337087,0.071189,0.090713,0.119553,0.199434,0.182553,0.094069,0.112363,0.084099,0.170617,0.136308,0.264463,0.214363,0.135614,0.084373,0.304935,0.311626,0.235034,0.130106,0.296977,0.154619,0.143293,0.147969,0.177734,0.220221,0.165146,0.258848,0.243885,0.104640,0.255406,0.083888,0.136671,0.288467,0.024185,0.170140,0.083387,0.180622,0.334353,0.423384,0.248460,0.164178,0.195986,0.216086,0.081298,0.345413,0.168972,0.227664,0.352671,0.187590,0.248840,0.213536,0.301911,0.295279,0.173156,0.228599,0.228661,0.076595,0.307357,0.262139,0.270186,#
19,0.247135,0.251174,0.206318,0.159434,0.283912,-0.019308,0.230693,0.273512,0.214430,0.200564,0.153928,0.080281,0.306243,0.216589,0.259959,0.177299,0.128202,0.243731,0.184542,1.000000,0.121249,0.331660,0.236484,0.245735,0.162049,0.301491,0.179355,0.199420,0.260128,0.297762,0.118673,0.246457,0.212780,0.058221,0.141784,0.244076,0.088873,0.220219,0.439406,0.163701,0.183524,0.190522,0.076104,0.086206,0.210793,0.302941,0.292302,0.371362,0.254658,0.106093,0.221039,0.281324,0.126204,0.340028,0.224992,0.178373,0.183161,0.239979,0.250173,0.175954,0.140459,0.180783,0.205151,0.200175,0.195028,0.255993,0.112697,0.235469,0.248602,0.256263,0.214367,0.301098,0.320146,-0.018409,0.206756,0.188033,0.196593,0.261964,0.325860,0.042510,0.282657,0.226101,0.241975,0.109631,0.361810,0.104968,0.291647,0.129864,0.355082,0.240045,0.152414,0.229197,0.171484,0.177372,0.210742,0.160911,0.230780,0.334145,0.138542,0.173345,0.226223,0.161553,0.170659,0.179926,0.205102,0.332517,0.180024,0.387253,-0.001068,0.056194,0.264074,0.152097,0.173082,0.286356,0.290680,0.213245,0.233874,0.208904,0.326537,0.145323,0.285425,0.326362,0.147295,0.222499,0.332278,0.275229,0.214679,0.278010,-0.033819,0.155161,0.050578,0.078220,0.348523,0.217782,0.140919,0.207001,0.243630,0.254557,0.255834,0.308466,0.301700,0.258095,0.103871,0.094663,0.269903,0.162807,0.098650,0.350198,0.306923,0.098269,0.177748,0.205063,0.193289,0.307077,0.058378,0.153966,0.203818,0.118571,0.194526,-0.063808,0.255281,0.272368,0.306333,0.148047,0.248064,0.213923,0.122606,0.225706,0.162007,0.175513,0.297290,0.163669,0.220845,0.051673,0.262864,0.039731,0.289919,0.215293,0.101213,0.294612,0.149327,0.378629,0.001050,0.119257,0.162074,0.224940,0.228812,0.342495,0.292080,0.173934,0.242204,0.240676,0.215224,0.372140,0.169151,0.225341,0.251652,0.213114,0.237685,0.322447,#
20,0.306389,0.125423,0.277565,0.129126,0.200106,0.263363,0.204811,0.243895,0.221133,0.129296,0.111530,0.210717,0.252975,0.097279,0.194281,0.251519,0.436349,0.339847,0.171745,0.121249,1.000000,0.208306,0.266891,0.274556,0.315195,0.152990,0.144042,0.293779,0.213351,0.261246,0.209454,0.262510,0.222139,0.232406,0.116572,0.195517,0.159556,0.173143,0.120427,0.286416,0.207711,0.436641,0.152565,0.227774,0.250677,0.357189,0.155574,0.301835,0.293222,0.085067,0.136302,0.277086,0.411789,0.146861,0.200267,0.102437,0.245644,0.212629,0.239674,0.242555,0.206050,0.139437,0.273227,0.337470,0.381213,0.148524,0.281218,0.222766,0.268548,0.243166,0.127811,0.271279,0.443152,0.297937,0.115691,0.165274,0.331321,0.254154,0.131009,0.268855,0.175768,0.040991,0.357123,0.200691,0.160011,0.317836,0.352502,0.251801,0.342978,0.369827,0.193624,0.366907,0.220283,0.271754,0.153465,0.122989,0.392423,0.283503,0.161711,0.081351,0.119952,0.133826,0.214406,0.299779,0.129339,0.256378,0.172455,0.170662,0.111513,0.312384,0.320414,0.077700,0.124367,0.286757,0.088972,0.339547,0.362146,0.117480,0.034847,0.217827,0.205161,0.185570,0.168664,0.131750,0.228469,0.161478,0.326272,0.344250,0.115365,0.290111,0.086105,0.341090,0.213293,0.040302,0.264809,0.270496,0.227654,0.308948,0.268495,0.288094,0.257153,0.270141,0.002644,0.144664,0.310539,0.040637,0.136149,0.182852,0.191366,0.197400,0.224388,0.292771,0.093342,0.097498,0.167765,0.205911,0.132160,0.025449,0.305644,0.251610,0.210279,0.238264,0.139534,0.124082,0.396638,0.188569,0.122166,0.328047,0.143381,0.161151,0.233121,0.114716,0.148071,0.162969,0.158590,0.243457,0.114839,0.087694,0.322150,0.352817,0.249820,0.217006,0.162468,0.177958,0.200895,0.088771,0.175340,0.238489,0.279912,0.181129,0.276261,0.229029,0.285580,0.131511,0.342120,0.301882,0.101495,0.243807,0.141238,0.113074,#
21,0.371541,0.293114,0.363187,0.271010,0.270594,0.305850,0.185409,0.245401,0.194457,0.191732,0.269223,0.271326,0.059901,0.229163,0.215547,0.210909,0.195374,0.241153,0.149394,0.331660,0.208306,1.000000,0.243238,0.430982,0.317052,0.184451,0.342244,0.341868,0.299186,0.291428,0.266564,0.325668,0.226043,0.355790,0.159951,0.276406,0.327132,0.289383,0.397696,0.240548,0.244462,0.362388,0.149469,0.244087,0.307310,0.383121,0.384241,0.379053,0.163980,0.322486,0.316233,0.225894,0.333203,0.191129,0.277066,0.201833,0.251924,0.277330,0.266896,0.235949,0.164375,0.198415,0.376115,0.341161,0.363750,0.246524,0.209825,0.319854,0.327952,0.394458,0.489192,0.151935,0.412010,0.294396,0.252206,0.188546,0.309988,0.230281,0.251497,0.187661,0.378421,0.241379,0.216463,0.168215,0.368201,0.163625,0.322579,0.212381,0.343629,0.359084,0.194208,0.304439,0.288125,0.239333,0.295080,0.289279,0.314097,0.258358,0.174778,0.284567,0.418446,0.177276,0.211292,0.301738,0.233348,0.389829,0.189614,0.317178,0.145366,0.227017,0.299011,0.122748,0.298309,0.331237,0.139244,0.266457,0.421850,0.124954,0.256109,0.336591,0.258571,0.304247,0.116387,0.418155,0.233161,0.308161,0.214160,0.334906,0.129279,0.235938,0.273551,0.214825,0.303501,0.281568,0.264559,0.224004,0.292902,0.227773,0.211522,0.368589,0.242855,0.302964,0.258083,0.098568,0.268487,0.210598,0.221391,0.375959,0.265256,0.195244,0.223430,0.250843,0.289361,0.402634,0.160552,0.197377,0.202725,0.197177,0.275680,0.166076,0.371485,0.143731,0.174179,0.154853,0.345010,0.050925,0.018631,0.369080,0.150614,0.306206,0.272619,0.144321,0.340216,0.240335,0.235562,0.172858,0.304788,0.188480,0.288882,0.316701,0.274683,0.362612,0.098317,0.155653,0.224475,0.202426,0.322521,0.275718,0.432503,0.224511,0.293366,0.223568,0.332149,0.070289,0.355525,0.338718,0.188549,0.260433,0.199913,0.328815,#
