0,1.000000,-0.024989,-0.043876,0.029228,-0.019438,0.098688,-0.090980,0.054946,0.041544,-0.099554,-0.120082,0.006238,0.146056,-0.281730,0.220584,-0.110353,0.069006,0.022935,-0.018409,0.155481,-0.085253,-0.119263,0.061932,0.043953,0.068350,0.001943,0.189165,0.036893,-0.127815,0.058901,-0.082222,-0.041794,-0.044824,-0.204497,0.126694,0.056454,0.077745,-0.056153,0.106415,0.033245,-0.035609,-0.079545,0.139527,0.071739,-0.075355,-0.043459,0.075372,-0.046042,-0.114548,0.021826,0.092173,-0.012788,0.137310,0.187219,-0.059153,0.109494,-0.129753,0.016307,-0.083191,-0.123785,0.206573,-0.136697,-0.014504,0.057511,-0.079242,0.211561,-0.157739,0.191824,-0.118258,0.028345,0.008200,-0.052731,0.033753,-0.113713,0.063289,-0.089402,-0.144469,-0.103358,-0.145162,-0.048171,0.243175,0.096643,-0.204039,-0.065479,-0.070911,0.191703,-0.015865,-0.229730,-0.193535,-0.032732,-0.027181,-0.009122,-0.098290,0.022153,0.039834,0.113034,-0.057787,-0.049956,0.026121,0.114363,-0.112576,-0.061649,-0.082579,-0.027239,0.114417,-0.140198,-0.204343,0.058648,0.087419,-0.021758,0.146818,-0.102061,-0.034784,-0.053157,-0.033602,0.062505,-0.085610,-0.135770,0.117952,0.072088,0.022603,0.193989,0.077842,0.120389,-0.009575,0.059304,0.025236,0.039125,-0.094011,-0.089193,-0.045592,-0.012883,-0.031385,-0.090851,-0.069096,-0.124827,0.124823,0.135343,-0.079375,-0.021718,-0.152985,0.146611,-0.106021,0.118281,0.073841,-0.064472,-0.030789,0.012075,0.133643,-0.018656,0.001478,-0.209727,-0.013762,-0.074844,-0.062785,-0.009252,-0.055566,0.010340,0.109002,0.098374,0.098957,0.214421,-0.143755,-0.118718,0.048942,0.036460,0.042240,-0.065293,0.158636,0.074048,0.114857,-0.065139,0.156816,0.012882,0.098658,-0.242887,-0.021823,0.041857,0.065126,-0.015989,-0.150826,0.067513,-0.178807,0.025039,0.052751,-0.027870,0.006693,0.200590,0.002753,0.115519,-0.080950,0.023917,0.077811,-0.064564,-0.043098,-0.068364,-0.086071,-0.077278,-0.010883,0.059713,#
1,-0.024989,1.000000,-0.043498,0.181610,0.022240,0.078262,0.011265,-0.048124,-0.090069,-0.061585,0.036090,-0.102855,0.178171,0.149470,-0.077262,-0.057218,0.129080,-0.014934,0.057574,0.013105,0.269897,0.138518,0.171598,0.276328,0.014108,0.003250,0.067724,-0.086843,-0.106191,-0.122541,0.001170,0.220392,0.099808,-0.002662,0.099865,0.065199,-0.109782,0.082573,-0.011765,0.062493,0.066595,0.044978,-0.038023,0.062047,0.034521,0.260116,0.124177,0.044430,-0.057143,0.054755,0.123660,0.228525,0.140534,0.000346,0.057176,0.220817,-0.142857,0.090416,0.138071,0.012933,0.078907,0.021746,-0.073394,-0.084914,-0.069879,0.018822,0.068109,0.124261,0.188864,0.152811,0.072643,0.075265,0.260907,0.003826,-0.046085,-0.056736,0.070456,0.080485,0.130138,0.018004,0.097485,0.208774,0.168425,0.051149,0.027078,0.030136,0.015277,-0.104992,0.001521,0.075225,0.067220,0.014741,0.084924,-0.041626,-0.112440,0.005951,0.071447,-0.049117,-0.084511,0.125679,-0.012704,0.201013,0.057942,0.162552,0.073731,-0.006702,-0.068637,0.194247,0.002747,-0.095089,0.107781,0.087800,-0.104802,0.000909,0.054834,0.063478,0.266941,0.261019,0.082773,-0.065111,0.208952,0.162677,-0.018730,0.138532,-0.033763,0.100818,0.244865,0.146661,0.096580,0.086486,-0.029680,-0.059316,-0.062715,0.197401,-0.028803,-0.006465,-0.034104,-0.027854,0.175986,-0.040376,-0.063495,-0.014274,-0.159644,-0.079518,-0.107245,-0.004186,0.116984,-0.107632,-0.081771,0.045703,0.072487,0.052015,-0.087443,0.062856,0.156013,-0.037114,0.032011,0.044310,0.013718,-0.020381,-0.088202,0.134332,0.132892,0.080662,0.007964,-0.072400,-0.035230,0.146066,-0.082971,0.129450,0.164005,-0.111797,0.083129,0.055750,0.138296,-0.006128,0.096255,0.109794,0.052844,-0.091065,0.010143,-0.111961,-0.034090,-0.137826,-0.064929,0.182608,-0.040992,-0.156436,0.059442,-0.002704,-0.012482,0.061410,0.003407,0.181425,0.156672,0.106772,0.140128,-0.095096,0.034714,0.066279,#
2,-0.043876,-0.043498,1.000000,-0.011795,-0.129878,0.053014,-0.004742,0.152163,-0.110182,0.071864,0.030820,-0.157471,-0.030176,-0.118754,-0.051949,-0.086976,0.076273,0.063214,0.118879,0.038745,0.052202,0.059867,-0.202325,-0.051393,-0.059038,-0.176877,0.021385,-0.071779,-0.039638,0.051864,0.001566,0.035395,0.136741,0.059755,0.182900,0.046681,0.154240,-0.083766,0.042832,0.137229,0.227116,0.096858,-0.098723,-0.064182,0.028912,0.157245,0.075999,-0.041885,-0.071080,0.202533,-0.100345,-0.119937,-0.034721,0.213440,0.148884,0.138744,0.071061,-0.015028,-0.154696,-0.060236,0.107670,0.060920,-0.031706,0.197097,-0.049678,-0.054608,0.288256,-0.220547,0.277032,0.078631,0.201862,0.027491,-0.046790,0.200171,-0.050517,-0.058471,0.082045,0.186619,0.084721,0.237692,-0.046848,0.116445,0.003777,0.111315,0.143932,0.221805,0.163847,0.164095,0.023368,0.025649,0.203499,0.006081,0.015139,-0.172619,0.207267,0.004910,-0.022436,0.040468,0.072465,-0.015266,0.125561,-0.174433,-0.206091,0.110925,0.141774,0.247703,0.022075,-0.018923,0.265212,0.024628,0.140070,0.035536,0.047450,-0.056476,0.053433,-0.092559,-0.130079,-0.029109,0.068865,-0.067060,-0.027658,0.125860,0.064410,-0.052579,0.101881,0.231521,-0.002670,0.007505,-0.006828,0.113296,0.063311,0.159665,0.143843,0.175124,-0.056720,-0.106264,-0.139628,-0.098663,-0.068449,0.028803,0.111427,0.000635,-0.043526,-0.055332,0.001581,0.098407,0.117882,0.035539,0.158310,-0.065860,0.027959,-0.012650,-0.035341,0.191705,-0.043422,0.226143,-0.053285,0.017855,-0.013766,-0.124635,0.021856,-0.291227,0.053326,0.015736,-0.103678,0.069254,0.101081,-0.021443,-0.032716,0.043162,0.099461,-0.080844,0.082220,-0.022510,0.075759,0.160989,0.185524,0.078421,0.027126,-0.087288,-0.061371,0.141522,0.126493,0.170113,-0.019638,0.093312,0.025896,0.118029,0.024281,-0.136195,-0.156542,0.130291,0.017174,0.190760,0.019163,0.201931,0.161820,-0.076254,-0.042405,-0.064051,#
3,0.029228,0.181610,-0.011795,1.000000,0.075481,0.067444,-0.079924,0.097153,0.051457,0.030724,-0.021315,0.010322,0.262606,-0.025160,-0.031567,-0.062379,0.128612,-0.054454,0.001902,-0.002808,0.216057,0.174817,0.036022,-0.017010,0.162560,0.265949,0.132605,0.119804,0.032788,0.012003,-0.065695,0.180712,0.095688,0.154234,0.108352,0.032970,-0.043450,0.052357,-0.026232,0.152720,0.103943,0.100610,0.003103,-0.060900,0.179592,0.175160,0.028128,0.195129,0.126914,0.053101,0.095488,0.066856,0.154809,0.087145,0.217361,0.080425,-0.177049,0.066948,0.308652,0.006477,0.150322,0.115702,-0.052005,0.066311,0.099824,0.217567,-0.040336,-0.008084,0.041836,0.209306,-0.054501,0.096702,0.300271,0.169836,0.010064,0.040621,-0.012122,0.030327,0.139263,0.191878,0.142699,0.118871,-0.007345,0.057872,-0.062993,0.096108,0.010529,0.091202,-0.019965,0.078847,-0.064285,0.112356,0.160762,0.021332,0.156073,0.157027,0.012114,0.046213,-0.185279,0.205162,0.005348,-0.095807,-0.096364,0.073462,0.082305,0.072397,0.132750,0.255024,0.007321,-0.022969,0.006345,0.187325,0.033180,0.090133,0.091372,0.038341,0.241318,0.102428,0.100388,0.018594,-0.036062,0.020938,-0.069806,0.125460,0.061301,0.080935,0.253827,0.175858,-0.048063,0.140499,0.004289,0.033602,-0.007079,0.297776,0.095494,0.031083,0.104599,-0.029976,0.098219,0.077292,0.045547,0.002550,-0.120904,-0.006784,-0.218872,0.127634,0.058829,0.084025,0.067240,-0.147295,-0.018844,-0.055826,0.063203,0.030901,0.083712,0.007597,0.168235,0.125620,-0.047891,0.185025,0.206117,0.199914,0.048417,0.334635,0.148201,0.001960,0.006335,0.003455,0.031021,0.161618,0.162209,0.013213,-0.009249,0.049704,-0.134588,0.176146,0.045054,-0.034482,0.132573,0.023592,-0.030500,0.172735,-0.052367,0.131700,-0.031085,0.117396,-0.090754,-0.104050,0.204291,0.093531,-0.079242,0.034272,0.128710,0.080151,0.118850,0.160859,0.126266,0.006502,-0.025894,0.194567,#
4,-0.019438,0.022240,-0.129878,0.075481,1.000000,0.079464,0.046125,-0.022716,-0.093729,0.056793,0.079171,-0.057007,-0.113953,-0.105099,0.062270,0.026825,-0.121518,-0.066322,-0.216036,0.066764,0.098037,0.149533,0.240120,0.138375,-0.054705,-0.096277,-0.049724,0.023121,0.121944,0.109080,0.082555,-0.015738,0.051782,-0.050378,0.043483,0.143179,-0.079183,-0.094380,0.118369,0.184886,-0.090044,0.075789,0.103327,0.077761,0.226414,-0.121820,0.172441,-0.020747,-0.087880,-0.077482,0.211657,0.155327,-0.011631,-0.155266,0.017888,0.051537,-0.073926,0.085363,0.213789,-0.032194,-0.054405,0.067695,0.143436,0.013931,0.219551,0.305518,0.016594,-0.019551,-0.034733,0.061085,0.132639,-0.006052,-0.035406,-0.029548,0.017026,0.144899,0.087161,0.041567,0.117792,-0.009227,-0.147060,0.170461,0.078283,-0.121254,0.065663,-0.060266,-0.004599,0.094641,0.127366,0.127947,-0.071270,-0.114579,0.011486,-0.072540,0.156534,0.089457,0.093026,0.047935,-0.078581,-0.053496,-0.068918,0.192266,-0.053987,0.083017,-0.014949,-0.171769,0.068860,0.036466,0.010095,0.154015,-0.123273,0.073793,0.264601,0.228981,-0.015945,-0.033529,-0.072852,0.296246,-0.027219,0.086479,0.046707,0.034234,-0.026521,0.020500,0.079870,0.071731,0.176933,-0.008470,0.162342,0.095564,0.163643,0.017537,-0.075679,0.024758,0.059803,0.022239,-0.014969,0.217892,-0.024250,0.052400,-0.100335,0.257252,-0.012831,0.132258,-0.067430,0.120495,0.073733,-0.166293,0.068599,0.015313,-0.061996,0.164390,0.013474,-0.165877,0.150681,-0.123841,0.203667,0.193792,0.145257,0.042467,-0.078260,0.241512,0.000612,0.158333,0.129335,-0.039895,0.103762,0.062453,-0.052357,0.037053,0.002535,0.034551,-0.006508,0.021320,-0.008058,0.020966,0.013789,0.106593,0.030092,0.158430,0.130218,0.009572,0.070810,0.116078,0.226785,0.136661,-0.003429,0.090182,-0.001492,0.097628,0.078936,-0.106490,0.077531,-0.008583,0.109376,-0.125462,-0.029282,-0.003853,0.009236,0.048742,#
5,0.098688,0.078262,0.053014,0.067444,0.079464,1.000000,-0.062890,0.092942,0.019319,0.082762,-0.117489,-0.161645,0.145581,-0.097289,-0.013049,-0.094504,0.034514,-0.019734,0.117928,0.194194,0.009116,-0.155241,-0.015182,0.068792,0.146453,0.203825,0.066449,0.129425,-0.085128,0.182581,-0.036055,0.054034,0.038164,0.220700,0.092595,0.059514,0.065897,-0.102869,0.016265,0.126363,-0.116616,0.073235,0.030400,0.015234,0.119472,0.067159,-0.096504,0.221368,-0.070310,0.090760,0.159189,-0.071485,-0.017661,-0.012195,0.175326,0.269847,-0.042798,-0.009427,0.047771,0.023025,-0.062331,-0.182054,0.042762,0.205877,-0.030025,0.039494,-0.153988,-0.015461,0.077274,0.124079,0.189124,0.094089,0.049704,0.102669,0.057281,-0.042770,-0.165368,0.245954,0.083386,0.025800,-0.009625,0.169424,0.014368,-0.015906,-0.044004,-0.005213,-0.011612,-0.054166,0.074608,-0.056620,0.219898,-0.128391,-0.028330,-0.009725,0.049393,-0.225563,0.157763,0.118124,0.136037,-0.086876,0.105270,0.017147,0.160167,0.125304,0.007107,-0.056422,0.072463,0.099552,-0.084262,0.058781,-0.003011,0.028589,0.057993,-0.043776,-0.046522,-0.132464,0.234992,0.155509,0.169625,0.027211,-0.050064,0.097467,-0.004277,0.140001,0.057201,0.129326,0.314395,-0.061844,0.027489,-0.174980,-0.025624,0.093920,0.107087,0.200901,0.003721,-0.139505,-0.194918,0.123887,-0.045435,-0.008307,-0.063648,-0.077119,-0.031100,-0.017177,0.292608,0.048824,-0.001933,0.119790,0.019293,0.146735,0.252329,0.036799,0.258656,0.007032,0.123204,-0.003952,0.118835,0.020835,0.068773,-0.010275,0.021944,0.168999,0.026981,0.025982,0.073109,-0.146168,-0.208013,0.149721,0.089504,0.034058,0.219019,0.079099,0.019445,0.009907,-0.123390,0.218849,0.227393,0.058817,0.129434,0.111161,0.091267,-0.080400,-0.249737,0.076894,-0.028857,0.114578,0.016102,0.137782,0.265776,0.129946,-0.126761,0.170094,0.067467,0.173937,0.074701,0.117476,-0.038763,0.138390,0.051910,0.149695,#
6,-0.090980,0.011265,-0.004742,-0.079924,0.046125,-0.062890,1.000000,-0.123876,0.090148,0.175067,0.193565,-0.012431,-0.014273,-0.157260,-0.195312,0.410304,0.208113,0.149949,0.002452,-0.105281,-0.084056,0.030526,-0.063199,-0.086841,0.182191,0.024113,-0.040120,0.046009,0.100464,-0.031021,0.058111,0.131843,0.037392,0.093210,-0.020768,0.021495,0.043710,0.084895,-0.104478,-0.090373,0.053608,0.036038,0.245693,0.135397,-0.024298,-0.027733,0.035374,0.101582,-0.048051,0.058812,-0.089872,-0.031466,-0.046264,-0.168096,0.005248,-0.033066,0.011384,0.049910,0.016214,-0.156248,0.186470,0.070862,0.002097,-0.047479,0.138181,0.019192,-0.001218,0.034812,-0.005004,-0.060166,0.175016,0.214100,-0.128860,-0.047500,-0.027049,0.092565,0.249155,0.115555,0.220785,0.064218,-0.032990,0.087583,-0.111630,0.200166,0.047180,-0.164016,0.119603,0.046564,-0.039401,-0.024071,-0.059300,0.006777,-0.033016,-0.027491,0.086253,0.058237,0.161115,0.052859,-0.077170,-0.023647,0.063272,0.129749,-0.007203,0.056807,0.151416,-0.054156,0.013696,0.114112,0.201350,-0.059898,-0.041724,-0.069471,0.023758,0.160551,0.004725,0.177082,-0.144033,0.033557,-0.086527,0.150325,0.007534,0.102529,-0.233513,-0.035557,0.011565,-0.011461,-0.041961,-0.038272,0.110305,0.015199,0.109848,0.083563,-0.024276,-0.035762,0.034235,-0.102188,0.116990,-0.099621,0.038112,0.183421,0.003609,-0.052585,-0.083889,0.001018,-0.000291,0.170091,0.018019,0.166990,0.044975,-0.024029,-0.032042,0.080821,-0.134303,-0.036618,-0.046862,-0.041654,-0.047482,-0.227613,-0.138947,0.101916,-0.090749,0.004331,-0.051298,-0.004623,-0.118085,0.035333,0.076546,-0.052001,0.022932,0.007843,-0.029302,0.193441,-0.202475,-0.158477,0.016900,0.186221,0.045961,0.150056,-0.055187,-0.099965,0.051456,0.034550,0.025769,0.045520,0.004576,-0.023883,0.120250,-0.137518,0.078334,0.024628,-0.043382,0.101156,-0.097934,-0.008262,0.041918,0.074357,0.112540,-0.085199,-0.026558,0.042891,#
7,0.054946,-0.048124,0.152163,0.097153,-0.022716,0.092942,-0.123876,1.000000,0.146938,-0.090216,-0.150181,-0.171704,0.181083,0.011420,0.075448,-0.049889,-0.001523,0.168528,0.100586,0.117378,0.154782,0.024028,0.034108,-0.095385,0.022261,0.176795,0.025144,-0.120430,0.061059,0.160065,-0.073286,0.006471,0.070367,0.009725,0.076674,0.124825,-0.090454,0.091105,0.257793,0.129168,0.031716,0.226281,-0.048724,-0.042709,-0.000737,0.135506,0.098545,0.191641,0.195351,0.044387,-0.078421,0.092590,0.116209,0.070967,0.165955,-0.025862,-0.011147,-0.247328,0.185797,0.262691,0.015913,0.162742,0.014403,0.091322,0.087434,0.053496,0.102319,-0.101245,-0.153639,-0.037178,0.139648,0.018489,0.064270,0.137232,-0.016018,-0.067816,-0.081490,0.014173,-0.024532,0.019541,0.193568,0.058401,0.073816,0.072553,0.056850,0.200484,-0.009217,0.103227,-0.040666,0.099789,0.101259,-0.039575,0.196870,-0.028343,0.154693,0.147625,0.143151,0.225111,0.210295,0.051886,0.022772,-0.091335,-0.241961,-0.083741,0.068062,0.006531,-0.092904,0.191255,0.117034,-0.044048,0.191306,0.036212,0.196869,0.113787,0.174864,0.017544,-0.047475,-0.019157,0.149230,0.151121,0.099554,0.108900,0.102362,0.016973,0.067052,0.170607,0.004712,0.061963,0.039107,0.110933,-0.002681,0.142409,0.154538,-0.082468,-0.032133,-0.055650,-0.067447,0.227616,0.031450,-0.004231,-0.079344,-0.006866,0.004455,0.005170,0.122094,0.114773,0.075617,-0.000527,-0.066418,-0.025359,-0.131500,0.139604,0.028037,-0.101098,0.082952,0.248257,0.137574,0.081366,0.049831,-0.073350,0.106908,-0.032445,0.147182,-0.024312,-0.009744,-0.007016,0.005388,-0.037601,-0.237768,-0.110177,0.147493,-0.046469,0.134259,0.107960,0.109629,-0.097331,-0.013462,-0.016711,0.116680,-0.000608,0.080330,0.039343,-0.039130,0.137615,0.103602,0.133862,0.128866,0.046067,0.172843,0.188183,0.119866,0.072095,0.061797,0.045554,0.071146,0.037109,0.044119,0.115867,0.048656,0.016281,#
8,0.041544,-0.090069,-0.110182,0.051457,-0.093729,0.019319,0.090148,0.146938,1.000000,0.011162,0.024480,0.124690,0.096968,0.109421,0.041267,0.115325,-0.009409,0.001504,-0.144668,0.119234,0.182033,-0.007191,-0.087634,0.064893,0.217921,0.138866,0.070456,-0.179408,-0.040863,0.026658,0.042525,0.044671,0.055492,-0.035130,-0.017507,0.323164,0.040908,0.044901,-0.060073,-0.014197,0.035277,-0.029113,0.284574,0.158119,-0.044488,-0.081085,-0.013984,-0.033337,0.107000,0.069743,0.066530,0.106901,0.130086,-0.029029,-0.044276,0.052645,0.044347,-0.034674,-0.003187,-0.036708,0.133280,0.124626,0.192250,0.146765,0.091268,0.110408,0.128200,0.123452,0.131209,-0.093217,0.112702,0.222319,0.135628,-0.011406,-0.003287,-0.047641,-0.082391,0.025674,0.136750,0.042460,0.108076,0.098841,-0.121459,0.001237,0.027092,0.024060,0.138322,0.066441,-0.084829,-0.087169,0.134491,0.000342,-0.086606,-0.015898,-0.095682,-0.020825,0.227015,0.190641,0.238815,0.201021,-0.045026,-0.258272,0.091831,0.179491,-0.125760,0.102512,0.021937,-0.036088,-0.066272,0.165424,-0.062338,0.010624,-0.011230,-0.014957,-0.137809,0.062647,0.132401,-0.010229,-0.043162,0.106030,0.054224,0.018448,0.070487,0.170844,0.053808,0.069476,-0.131877,-0.019982,0.155082,0.154950,-0.061011,0.199706,0.105220,-0.072839,-0.117715,0.139753,0.010466,0.028378,0.144678,0.032574,-0.091539,-0.096901,-0.059283,-0.293521,0.078252,0.002219,0.038197,0.265762,-0.033222,0.088895,-0.042076,0.163362,-0.084651,0.159375,0.125761,0.003269,0.101097,0.103823,0.216043,-0.113045,0.073343,-0.106270,-0.042653,-0.124825,-0.129509,-0.021191,0.002809,0.157861,0.083038,-0.136015,0.019373,0.187211,-0.211545,0.031842,0.109898,0.011242,0.081156,-0.061717,0.107626,0.072169,0.128034,-0.029366,0.004775,0.001955,-0.048972,-0.052647,0.202794,0.061217,0.009882,0.166465,0.163323,0.090995,0.115669,0.064673,-0.001535,-0.096349,-0.243995,0.020374,-0.058143,0.215809,#
9,-0.099554,-0.061585,0.071864,0.030724,0.056793,0.082762,0.175067,-0.090216,0.011162,1.000000,0.006942,-0.033816,0.080881,-0.100095,0.030610,0.107843,0.000595,0.073146,-0.163991,-0.115435,0.007711,-0.026513,-0.144067,0.035780,0.061682,-0.073587,0.112968,0.080414,-0.111893,-0.125799,-0.050264,0.089906,-0.036961,0.001209,-0.011360,0.095846,0.093520,-0.040209,0.000378,0.019599,-0.099989,-0.026494,-0.038898,-0.020765,0.028543,-0.075893,-0.037997,0.103099,0.142505,0.174995,0.121453,-0.018969,-0.109129,-0.121654,-0.080899,-0.022340,0.118526,0.111828,-0.162926,0.023474,0.064854,0.017334,0.033926,-0.160059,-0.133707,0.081831,-0.040361,-0.023970,0.103235,-0.010248,0.141000,0.065348,0.000007,0.049165,-0.164727,-0.026721,0.157831,0.071993,0.002465,0.148659,0.021916,0.141767,-0.006250,0.096189,0.094368,0.033047,0.166940,0.183948,-0.003686,0.113966,0.162342,-0.129237,0.035370,-0.141471,0.133389,-0.069576,-0.000924,-0.018448,0.076443,0.101739,0.111078,0.133895,0.062614,-0.013458,0.041311,0.030543,-0.132555,0.241448,0.122798,0.002233,-0.036317,0.184123,-0.035153,0.008868,0.000914,0.124367,-0.042766,0.093290,0.102584,0.129245,-0.187917,0.071476,-0.047884,-0.005146,0.159818,0.147181,0.004501,0.067615,0.059453,-0.020636,-0.035844,0.000110,-0.016377,-0.012402,0.074223,-0.170914,0.052778,0.006243,-0.031493,0.012201,0.148892,0.086055,0.141957,0.153253,0.093630,0.292827,-0.019957,0.169400,0.048586,0.000220,-0.024659,0.090930,0.048147,0.030448,-0.024673,-0.053015,0.028929,0.087246,0.220788,0.065949,-0.037949,0.067342,0.185631,0.073470,-0.013549,0.034386,-0.156754,0.141440,0.131434,0.067246,0.081185,-0.016766,-0.028371,-0.258494,-0.075454,0.160141,0.259839,0.104097,-0.050856,0.104098,0.123549,0.136132,0.088518,0.012521,0.093262,0.043431,0.078013,0.074579,0.127253,0.015860,-0.151190,-0.108401,-0.036933,-0.083842,-0.133560,0.050242,0.076004,0.079700,-0.050050,-0.034729,#
10,-0.120082,0.036090,0.030820,-0.021315,0.079171,-0.117489,0.193565,-0.150181,0.024480,0.006942,1.000000,0.074980,0.006041,-0.041233,-0.126543,0.187046,0.202232,-0.001980,0.032599,-0.081492,0.018777,0.077387,-0.129986,0.159894,0.035298,0.019414,-0.041733,0.058114,0.059837,0.020880,0.043738,-0.008081,0.029165,0.098649,-0.056894,-0.043111,0.139457,0.007914,-0.141703,-0.137874,0.079549,-0.117041,0.057377,-0.105414,0.016911,0.080032,0.236097,0.031283,-0.055643,0.152888,-0.100043,0.167214,0.001847,-0.154750,-0.039514,0.226160,0.033467,0.131640,-0.164151,0.013397,0.097518,0.046604,0.144955,0.157568,0.007888,-0.026853,0.144915,-0.073348,0.127039,-0.120466,0.241827,0.161214,-0.009847,-0.124729,0.077312,0.149992,-0.129975,-0.015382,0.187858,-0.067801,0.005459,-0.093114,-0.012961,-0.103616,0.013835,0.034158,0.123910,-0.074391,-0.073243,0.219498,-0.029627,0.120896,0.134431,-0.199546,-0.044639,0.018627,0.065029,0.145020,-0.040833,0.000908,-0.010617,-0.017815,-0.030892,0.066317,-0.060559,0.078642,0.253206,-0.137559,0.022048,0.063732,0.011298,-0.039703,0.141802,0.153549,0.052793,0.103887,-0.090409,0.117590,0.006588,-0.033068,0.059521,0.124973,-0.079471,-0.025410,0.007726,0.078820,0.105804,-0.047935,0.144366,0.082155,-0.000870,0.095045,-0.049962,0.116531,0.162516,0.156653,-0.071830,0.029472,0.123045,0.140216,0.020284,0.018635,0.105008,0.079571,-0.025927,0.209107,0.069840,0.140988,0.007464,0.182396,-0.039126,-0.029969,-0.028343,0.118351,0.102983,-0.074892,0.083365,0.000307,0.015698,-0.164186,-0.097623,-0.086549,0.041442,0.104713,-0.083170,0.019657,0.025256,0.012862,0.078670,0.073719,-0.231916,0.105152,-0.078358,-0.026282,0.186421,0.129432,-0.029587,-0.003714,-0.092074,0.039909,-0.189235,-0.116302,0.016534,0.109978,-0.196960,0.074058,0.205010,0.088321,-0.100028,0.028570,-0.097189,0.020719,0.093728,0.210159,0.036605,-0.085048,-0.003223,-0.057114,-0.027469,0.164125,#
11,0.006238,-0.102855,-0.157471,0.010322,-0.057007,-0.161645,-0.012431,-0.171704,0.124690,-0.033816,0.074980,1.000000,0.023414,0.081984,0.134649,-0.004838,-0.108920,-0.003595,0.112580,-0.016158,-0.044396,-0.012940,0.048507,0.095032,0.084469,0.051418,-0.014096,0.016283,-0.094537,-0.014047,0.187353,0.179711,0.054496,0.073601,-0.098171,0.074110,0.080195,0.166785,0.012800,-0.123223,0.137726,-0.121026,0.074116,-0.061292,0.001479,-0.244247,0.048424,0.016732,0.105957,-0.049829,-0.193903,-0.060963,0.156419,-0.015919,0.018041,-0.045832,-0.086093,0.246018,0.056894,0.237416,-0.011846,0.006035,0.141447,-0.002598,-0.000762,-0.094625,0.039687,0.129531,-0.012341,0.029687,-0.191852,-0.076478,0.068356,-0.083421,0.264215,0.124513,0.053107,0.011490,-0.019502,-0.095704,-0.128122,0.012475,0.015963,0.044533,-0.009063,-0.094617,0.051207,0.034225,0.062880,-0.067977,-0.010187,-0.000340,-0.007196,0.020591,-0.145118,0.062225,-0.067945,0.110681,-0.052362,0.086704,-0.115887,-0.019145,0.063218,0.041083,-0.031460,0.051822,0.111258,0.023705,0.020494,-0.033810,0.001527,0.123587,-0.044368,-0.003132,0.017829,-0.079804,0.010101,0.076877,-0.059928,0.214444,0.117429,-0.096527,-0.008763,0.213981,-0.011895,-0.078922,-0.004840,0.159746,0.221783,0.192570,0.042939,0.031169,0.156516,0.040150,0.033524,0.152478,0.102886,0.177149,0.041551,0.197068,-0.133053,-0.226339,0.184074,0.128399,-0.058195,0.034537,-0.006987,0.008120,-0.081476,-0.189341,0.027713,-0.039746,-0.006342,0.223644,0.006242,-0.049869,0.045728,-0.047580,-0.065916,0.030370,0.072988,0.122115,-0.026559,0.038253,0.058028,0.183145,0.135800,0.035757,0.013042,0.045809,0.109845,0.005567,0.021169,0.027520,-0.023078,0.074374,0.037932,-0.058578,0.020483,0.059201,-0.028927,-0.066990,0.062679,0.015194,0.017384,-0.029751,0.140653,-0.007846,-0.133211,-0.118886,0.086600,0.078342,0.065420,0.025261,0.082382,-0.090429,-0.105803,0.101850,-0.008793,0.006177,#
12,0.146056,0.178171,-0.030176,0.262606,-0.113953,0.145581,-0.014273,0.181083,0.096968,0.080881,0.006041,0.023414,1.000000,-0.087446,0.055783,0.078458,0.028628,-0.051942,0.178782,-0.114977,0.114443,0.098519,0.018667,0.002810,0.198010,0.160298,0.065407,-0.090247,-0.002544,-0.044675,0.089114,-0.003526,0.048997,0.175589,0.308237,0.115529,0.029893,0.049414,-0.144631,-0.010996,-0.000462,-0.129347,0.036312,0.030840,0.164351,0.091633,0.269979,0.199657,0.172876,0.190382,0.095266,-0.061124,0.009218,0.033679,0.114245,0.153007,0.003744,-0.118241,0.176411,0.051363,0.011669,0.105497,0.113492,-0.042715,-0.056109,0.048365,-0.068597,0.123624,0.188632,0.083752,0.143636,0.099983,0.152173,0.026457,0.004640,0.163745,-0.050706,0.087504,0.001264,0.161623,0.207753,0.246537,0.077180,-0.069203,0.055987,0.080964,-0.007003,0.062505,-0.127946,0.049867,0.145125,-0.068059,0.162454,0.199090,-0.096389,0.088188,0.137998,-0.018002,-0.082015,-0.045273,0.047640,0.015115,-0.049362,0.040127,0.027653,0.079238,-0.005307,0.289227,0.064443,0.060663,0.172383,0.112376,0.031429,-0.036901,0.049143,-0.002531,-0.101958,0.134954,0.067092,0.107199,0.052981,0.194604,0.078736,0.160322,0.083227,0.287372,0.096508,0.072813,-0.004249,0.099207,-0.226806,-0.028622,0.107174,0.011605,-0.066751,-0.080451,0.023665,-0.024415,0.058041,-0.111521,-0.117946,-0.181212,-0.096475,0.063475,-0.157663,0.222916,0.076937,0.160303,-0.028803,0.050159,0.132582,-0.107756,0.135565,0.015840,0.182137,0.094281,0.099441,0.181415,0.195116,-0.128220,0.071374,0.150995,0.122864,0.030268,0.072785,-0.017021,-0.062290,0.165574,0.131483,0.075066,0.188725,-0.147338,0.136357,-0.034226,0.045060,0.104200,0.156735,-0.001469,-0.177837,-0.032952,0.038946,0.110271,-0.078582,0.041387,-0.072801,0.042304,0.108789,-0.015930,0.145933,-0.007306,-0.082245,0.054470,-0.084579,-0.049483,0.018432,0.047716,-0.038622,0.010973,0.067303,0.165361,#
13,-0.281730,0.149470,-0.118754,-0.025160,-0.105099,-0.097289,-0.157260,0.011420,0.109421,-0.100095,-0.041233,0.081984,-0.087446,1.000000,0.051417,-0.110091,-0.127261,-0.001595,-0.015124,-0.081998,-0.003132,0.009513,0.124672,0.033323,-0.048694,0.210648,-0.019032,-0.046845,0.009091,0.064286,-0.006996,0.014311,0.048278,0.001019,-0.159847,0.036438,-0.079262,0.058973,-0.201767,0.029340,0.111345,0.024165,0.135361,-0.176239,0.021794,0.084948,-0.125263,0.068084,0.115266,0.020744,-0.117102,0.027057,0.055524,-0.034980,0.050081,0.013398,0.089381,0.156951,0.071840,0.063840,-0.145323,0.076601,-0.059335,-0.130710,0.097443,-0.024983,0.195554,0.193571,0.072514,0.055117,-0.089221,-0.098885,0.207494,-0.015249,-0.032982,0.133699,0.078318,-0.036084,0.049256,-0.074461,-0.096275,0.083683,0.087826,0.090338,-0.155376,0.091954,-0.025005,0.109361,0.121679,-0.038783,-0.007389,0.091522,0.161971,-0.014746,-0.127108,-0.091789,0.024448,0.063038,-0.027375,0.041218,-0.003956,-0.048460,0.137962,-0.100337,-0.057694,0.085033,-0.070186,0.036228,-0.195853,-0.069765,-0.075676,0.018755,-0.028186,0.040381,0.122446,-0.097967,0.019130,0.010832,-0.010097,-0.152720,0.037415,-0.097967,0.138413,-0.083038,-0.072439,-0.054195,0.014332,0.033091,0.050705,0.162055,-0.047184,-0.208691,-0.043877,0.108965,-0.040747,0.078362,0.012969,-0.009790,0.224178,0.065803,-0.018239,-0.107086,-0.018719,-0.132015,-0.147188,0.036384,0.002290,0.034630,0.063371,-0.194870,0.010667,-0.009657,-0.004418,0.062328,0.007628,-0.135431,-0.005737,-0.237587,-0.035316,-0.004044,0.007200,-0.081617,0.124697,-0.060384,-0.043498,-0.005668,0.090149,0.145183,-0.062422,0.019219,0.014269,-0.013743,-0.134767,0.190420,0.055687,0.111452,0.060722,-0.148561,-0.009558,0.016497,0.055083,-0.061089,0.104018,-0.000291,-0.158921,0.076536,-0.063468,-0.226174,-0.091260,0.057539,0.256597,-0.011273,0.075793,0.049693,0.020053,0.077371,-0.152816,0.223513,-0.017994,-0.004815,#
14,0.220584,-0.077262,-0.051949,-0.031567,0.062270,-0.013049,-0.195312,0.075448,0.041267,0.030610,-0.126543,0.134649,0.055783,0.051417,1.000000,-0.079758,-0.074389,0.108064,-0.161537,0.107459,-0.149527,0.038957,0.074907,0.201630,0.012164,-0.017931,0.098162,0.028412,-0.039959,0.011958,0.302639,-0.048402,-0.036752,-0.078099,0.118146,0.115877,0.009035,-0.006072,0.142135,-0.013888,0.010989,-0.021299,-0.105359,-0.033168,-0.012327,0.072484,0.033081,-0.053302,0.076809,-0.070571,-0.075513,0.163094,0.130073,-0.065003,0.046103,0.055911,0.054021,-0.005815,0.144479,-0.145445,-0.010737,-0.028198,0.101493,0.043982,-0.048816,0.004619,-0.027172,-0.052506,0.018726,-0.035624,0.098603,-0.060458,0.210065,0.156257,0.054965,0.127731,-0.063995,-0.050839,-0.166025,0.004924,-0.022154,0.065926,0.126402,0.088616,-0.025496,-0.006943,-0.009432,0.036934,-0.024012,0.093358,0.107026,-0.094736,0.120605,0.202867,-0.015669,-0.012176,-0.126289,0.052548,-0.159278,0.042590,-0.141634,-0.061011,0.036737,0.008427,0.037617,-0.019175,-0.004609,-0.105542,0.130064,0.058531,-0.076300,0.167724,0.095000,0.079820,-0.099275,-0.143106,-0.023866,-0.149753,0.024387,0.057729,0.115888,-0.057817,0.152887,0.119311,0.052595,-0.072030,-0.039454,0.075044,-0.054448,0.030496,-0.017604,0.043797,-0.077435,0.051174,-0.004359,-0.130992,0.190258,0.134624,0.020064,0.012245,-0.002238,0.102359,0.061982,0.244643,0.004674,0.110293,0.050039,-0.053055,0.046967,-0.069324,0.222764,-0.026673,0.228607,0.028324,0.056534,-0.030562,0.082941,-0.030017,0.001831,0.054719,-0.021157,0.011821,-0.002022,-0.164437,0.319378,0.171839,-0.032752,0.047455,0.042491,0.013996,0.106959,-0.263940,-0.023408,0.012358,-0.007626,0.035029,-0.066245,-0.045046,0.099431,0.048766,0.056923,-0.003967,-0.089165,-0.063170,0.023374,0.109184,0.022978,-0.006454,-0.011765,0.010382,0.082031,0.039512,0.084308,0.018227,-0.115288,-0.183295,-0.063282,0.047527,-0.126324,-0.131165,#
15,-0.110353,-0.057218,-0.086976,-0.062379,0.026825,-0.094504,0.410304,-0.049889,0.115325,0.107843,0.187046,-0.004838,0.078458,-0.110091,-0.079758,1.000000,0.103123,0.077669,0.072669,-0.081075,-0.080022,0.031196,-0.067711,0.155311,0.101040,0.079708,-0.163541,0.090795,0.036051,-0.192112,0.092879,0.154675,0.118016,0.291667,-0.010513,0.012297,0.036019,0.182514,-0.173120,-0.092518,-0.023615,-0.135964,0.114744,0.056899,0.001557,0.089018,0.116968,-0.004878,0.021764,0.112193,-0.005923,0.078521,-0.093208,0.026041,0.039772,0.104555,0.151992,0.026370,-0.029144,0.093979,0.182014,0.135272,0.161149,0.057078,0.065233,-0.096635,0.015630,0.079333,0.029247,-0.028896,0.133929,0.022162,-0.129732,0.111878,0.005549,0.027025,-0.000777,0.018924,0.204289,-0.025219,-0.107684,0.075467,-0.051602,0.163257,0.034179,-0.024233,-0.070754,0.007438,-0.033612,-0.176526,-0.076654,0.115648,0.086893,0.073298,-0.097438,0.073345,0.094064,0.189664,0.033554,0.045813,-0.059748,0.148565,0.004845,0.223880,0.113880,-0.071588,-0.011921,0.005612,0.014662,0.141761,-0.096208,-0.015869,0.118388,0.005994,0.126670,0.040132,-0.135732,-0.076285,-0.090103,0.287865,-0.059032,0.196047,-0.016767,0.074241,-0.031168,0.042356,0.039794,0.034054,0.027757,0.161883,0.172793,0.023563,-0.100444,-0.098412,0.038805,0.100422,0.148703,-0.058047,-0.092082,0.204392,0.011511,-0.053820,0.051966,0.071808,0.028484,0.164683,-0.011158,0.023223,0.031099,0.020965,0.097247,0.311319,0.062984,0.024592,0.052083,0.058028,-0.033048,-0.040336,0.150499,0.093761,-0.038685,-0.004420,0.055930,0.179776,-0.062637,-0.050947,-0.023758,-0.066086,0.095008,0.157829,-0.060830,0.117528,-0.171906,0.097683,-0.010115,0.203095,0.078590,0.001474,0.088188,0.048044,0.127975,-0.028122,0.013113,0.084929,0.168138,-0.057983,-0.084475,-0.047231,0.025546,0.038662,-0.076541,0.126186,-0.087259,0.047540,-0.047449,0.070499,0.046077,-0.097975,0.126738,0.020754,#
16,0.069006,0.129080,0.076273,0.128612,-0.121518,0.034514,0.208113,-0.001523,-0.009409,0.000595,0.202232,-0.108920,0.028628,-0.127261,-0.074389,0.103123,1.000000,0.076143,0.256874,0.143846,0.276235,-0.342906,0.054552,-0.005506,0.118732,0.117836,0.006749,0.126409,-0.109493,0.023411,0.065400,0.198790,-0.023656,-0.059437,0.092727,0.066558,0.160791,0.230882,0.052693,0.098237,0.058975,-0.069736,0.087492,-0.010036,0.100787,0.012768,0.084985,0.040779,-0.056340,0.132696,0.013670,0.079290,0.012078,-0.023515,-0.004551,0.141001,-0.057606,0.127295,-0.038845,-0.071433,0.201947,0.112199,0.115563,-0.039464,0.003673,0.111949,0.090077,0.078692,0.107278,-0.016946,0.178501,-0.005368,0.001192,-0.015670,-0.006631,-0.073330,0.013305,0.051593,-0.045390,0.158756,0.298983,0.054521,0.087357,0.036086,0.041931,0.079230,0.006908,-0.073067,-0.084275,0.039114,-0.212530,0.085701,0.103549,-0.229168,0.080814,0.101940,-0.010565,0.161189,-0.009583,0.171923,0.040504,0.108021,0.056363,0.223156,0.110251,-0.038711,0.054226,0.004232,0.306775,0.033239,0.012931,0.017804,0.065439,0.043843,0.166102,0.166532,0.239607,0.005232,-0.024511,-0.070713,-0.069752,-0.029156,0.000919,0.004730,0.198064,-0.001843,-0.010777,-0.033711,0.018587,-0.018257,0.117652,0.046373,-0.011658,0.092316,-0.039064,0.108441,0.115794,-0.047739,0.033100,-0.085667,-0.056856,0.022090,0.080391,-0.060536,-0.133093,0.048403,0.251069,0.148455,0.088885,-0.053368,-0.043197,0.025154,-0.206090,0.039877,0.135726,-0.001662,-0.090443,-0.010368,-0.079953,0.020057,0.160497,-0.073774,0.104728,-0.021461,0.193428,-0.005293,-0.000297,0.070453,0.046958,0.147080,-0.156687,0.175405,0.040768,0.103986,0.004933,0.027247,0.108283,0.295388,0.106949,0.117404,0.023203,-0.044617,-0.045286,0.198046,-0.194271,-0.104793,0.066107,0.060576,0.159319,0.063243,0.007099,0.102590,-0.005562,0.073531,0.198804,0.181849,0.177628,-0.035393,-0.044556,0.119817,#
17,0.022935,-0.014934,0.063214,-0.054454,-0.066322,-0.019734,0.149949,0.168528,0.001504,0.073146,-0.001980,-0.003595,-0.051942,-0.001595,0.108064,0.077669,0.076143,1.000000,0.067547,0.094803,-0.045465,-0.010903,0.019138,-0.182475,0.157532,0.057515,-0.095927,0.064515,-0.051491,0.013358,0.009613,0.190468,-0.064701,-0.113646,-0.132435,-0.201253,-0.015628,0.162318,0.152009,0.107613,0.122253,0.079811,-0.014387,0.033660,0.051860,0.160528,0.014785,0.134865,-0.001127,0.075237,-0.076011,-0.066977,0.076860,-0.030970,0.112696,0.011921,0.096569,-0.052967,-0.017358,0.044077,0.048851,-0.062006,0.246467,-0.066398,-0.053163,-0.041363,0.262735,-0.053812,-0.044319,-0.136010,0.130705,-0.108319,-0.125018,0.182449,0.125492,-0.102410,-0.142788,0.067486,0.183844,0.011204,-0.014702,0.171013,-0.037498,0.184476,-0.104808,-0.064727,0.141803,-0.030424,-0.102949,0.015471,-0.023041,-0.071899,0.143775,0.076302,0.166355,0.083842,-0.036723,0.012876,0.125189,0.186626,-0.124984,-0.096436,-0.043616,-0.183949,-0.076934,0.160559,-0.179664,-0.041779,0.021000,0.048855,0.127669,-0.107208,0.174903,0.031093,0.242613,-0.058310,-0.162693,0.005998,0.091535,0.184064,0.033172,0.031512,0.006816,-0.115498,-0.041549,-0.040664,-0.080457,0.077305,0.078389,-0.049524,-0.002874,0.118714,0.097806,-0.020480,-0.028821,-0.012943,0.162873,0.042875,-0.087466,0.225772,0.000929,0.008269,0.164671,0.033628,0.116789,-0.022378,-0.178589,-0.038039,0.014630,-0.020716,0.058767,0.020138,-0.032212,0.115063,-0.013450,0.036527,0.071876,-0.189513,0.038584,0.011237,-0.045312,0.011437,0.120640,-0.052865,-0.111468,-0.188932,-0.116811,-0.076916,0.029245,-0.068527,0.021528,-0.021167,0.009886,-0.099749,0.042297,-0.019282,0.079461,0.042978,0.099960,0.172344,-0.047146,-0.017210,-0.076488,0.177285,-0.073502,-0.099875,0.139393,0.075589,-0.050344,-0.059029,0.064498,0.039993,-0.082347,-0.042573,-0.131286,0.113512,-0.021391,-0.111625,0.015052,-0.181263,#
18,-0.018409,0.057574,0.118879,0.001902,-0.216036,0.117928,0.002452,0.100586,-0.144668,-0.163991,0.032599,0.112580,0.178782,-0.015124,-0.161537,0.072669,0.256874,0.067547,1.000000,0.081999,0.071912,0.054975,-0.000174,-0.001850,-0.062553,0.180830,-0.061091,-0.071423,0.004295,0.073474,-0.142986,0.216930,0.074190,0.154018,0.100766,0.093870,0.021669,0.258455,0.036392,0.032369,0.125017,-0.042453,0.191864,-0.166224,0.060282,-0.016563,0.126353,0.202263,0.058104,-0.008997,-0.061842,0.001157,0.107814,-0.076884,0.100587,0.103432,-0.016102,-0.045744,-0.014619,0.151644,0.087813,0.056970,0.055195,-0.026407,0.078470,-0.062208,0.115238,-0.156765,-0.041134,0.063045,0.027477,-0.109072,-0.035628,0.020701,0.127152,-0.049759,-0.120300,0.075835,-0.187562,-0.072264,0.040107,-0.033702,0.149928,-0.066873,0.130581,0.277974,-0.270864,0.030185,0.002482,-0.120923,0.046543,0.026422,0.055479,0.019460,0.007511,0.017257,0.056013,0.098686,0.038909,0.077760,-0.030407,-0.016699,0.025304,0.004147,0.075674,0.091368,-0.051719,0.156204,0.129512,0.068234,0.162038,-0.054883,0.009334,-0.088100,0.021576,-0.020255,-0.009152,-0.048243,0.166426,0.116271,0.054357,-0.125046,-0.045447,0.050287,0.248356,-0.034746,0.163009,0.078007,0.063713,-0.002018,-0.058340,0.103056,0.117880,-0.037419,-0.103779,0.071822,0.092894,0.034519,-0.037939,-0.010857,-0.139456,0.016868,-0.078941,-0.045030,0.046180,0.040085,0.068607,0.114878,0.095063,-0.060494,0.082292,-0.181282,0.149856,0.127377,0.109390,0.231136,0.037805,-0.106526,-0.199817,-0.102172,0.143151,0.033866,0.208395,-0.015905,-0.005029,-0.121356,0.135375,0.004553,-0.070931,0.122032,0.074487,0.041155,0.055229,0.212900,0.041920,-0.039200,0.007799,0.025404,0.011453,0.022557,-0.002120,-0.006093,-0.079636,0.037324,-0.074072,-0.127791,0.071617,0.004045,-0.093628,0.046883,-0.008195,0.205581,-0.033652,0.108633,0.103798,0.131062,-0.014135,0.158943,0.004486,0.140696,#
19,0.155481,0.013105,0.038745,-0.002808,0.066764,0.194194,-0.105281,0.117378,0.119234,-0.115435,-0.081492,-0.016158,-0.114977,-0.081998,0.107459,-0.081075,0.143846,0.094803,0.081999,1.000000,0.081209,-0.166629,-0.054213,0.045243,0.161742,0.038699,0.021526,-0.054364,-0.307487,0.157656,0.012385,0.142899,0.185768,-0.044595,0.137096,0.117924,0.082693,0.130561,0.130751,0.114535,0.134474,0.117449,0.010482,-0.023371,-0.040973,0.072141,-0.023845,-0.010990,0.147531,0.185879,0.110163,0.003150,0.132639,0.078975,0.033883,0.108081,-0.003398,-0.122706,-0.058468,0.009278,-0.036695,-0.033613,0.110005,0.050453,0.090358,-0.077144,0.194871,0.040668,0.164525,-0.002329,0.093067,-0.009118,0.056435,0.009582,-0.154791,0.090396,-0.113297,-0.010121,0.032964,-0.106795,0.209849,-0.009135,0.008837,-0.019536,0.062293,0.064843,-0.045526,-0.062823,0.146934,0.063025,-0.103388,-0.014788,-0.113551,-0.010477,0.010854,-0.081934,0.055730,0.303960,0.090586,0.176079,-0.133009,-0.123876,0.043977,0.079939,0.043755,-0.102155,0.023087,-0.144905,0.014060,-0.139099,0.102325,0.007611,0.007607,0.008941,-0.096260,-0.006858,0.134327,-0.012844,0.219176,-0.090900,0.153221,-0.120893,0.054250,0.058187,0.078275,0.092181,-0.030222,0.205305,0.083026,-0.036914,0.110782,0.152217,0.071965,0.036168,-0.132839,0.140660,-0.030184,0.096062,0.023027,-0.085353,-0.010776,0.137339,-0.112131,-0.176290,0.058573,-0.090071,-0.000880,0.008423,0.093335,0.025543,0.004129,-0.011021,-0.005718,0.075793,0.186342,0.004987,0.183420,-0.121187,0.143860,0.003323,0.143400,0.161254,-0.049711,0.155466,0.215574,0.156447,-0.073408,0.077334,-0.035209,0.011208,-0.099689,0.101929,0.078706,0.215429,0.142733,-0.077168,0.074446,0.049508,0.107960,0.023809,0.006263,0.135081,0.089938,0.048499,0.034486,-0.021429,-0.046606,0.004329,-0.020754,0.141346,0.068470,0.054629,-0.062750,0.079733,0.092472,-0.024621,0.095670,-0.136677,0.037230,-0.036220,#
20,-0.085253,0.269897,0.052202,0.216057,0.098037,0.009116,-0.084056,0.154782,0.182033,0.007711,0.018777,-0.044396,0.114443,-0.003132,-0.149527,-0.080022,0.276235,-0.045465,0.071912,0.081209,1.000000,-0.014146,0.020841,0.203146,0.143531,0.194426,-0.098422,0.028463,0.021484,-0.074104,0.112797,0.202655,0.207369,0.080208,0.033611,0.157202,-0.012139,0.023952,-0.000384,0.134106,0.106365,0.032004,0.024916,-0.126586,0.222864,-0.044174,0.099543,0.112678,-0.025346,0.042477,0.131309,0.180794,0.074127,-0.001888,0.155407,-0.109604,-0.304988,-0.045626,0.048999,0.025675,0.089894,0.052838,0.170892,-0.001547,-0.063022,0.233632,0.144307,0.047705,-0.004818,-0.029636,0.112635,0.046999,0.214076,0.085633,-0.157046,-0.091197,0.113282,-0.013607,0.126186,0.075740,0.161589,0.111683,0.081109,-0.094409,0.034985,0.155192,0.039110,0.206619,0.078123,0.127977,0.077096,0.034096,0.108067,-0.013467,0.046869,0.124613,0.095069,0.044287,0.098551,0.059539,0.177635,-0.012366,0.036539,0.199717,-0.007077,0.178621,0.204801,-0.036003,0.040221,0.168013,0.034144,0.112486,-0.072386,-0.044947,0.158376,0.030907,0.202171,0.068119,-0.044893,-0.095639,0.023982,0.108524,0.047979,0.136953,0.045141,0.086966,-0.019124,0.023821,0.022144,0.186371,0.093668,0.069129,0.257463,0.046929,-0.052910,0.170035,0.022518,0.106561,0.116870,0.049923,0.014332,0.049605,0.049511,-0.098630,0.004135,-0.069633,0.093508,0.108229,-0.050215,-0.018439,0.007012,0.051352,-0.124383,0.156009,0.049541,0.051561,-0.001978,0.216952,0.068200,-0.046574,0.189378,0.051094,0.105983,0.017371,0.043056,0.067965,-0.021910,0.198119,-0.065787,-0.108355,0.107749,-0.063747,-0.049276,0.042592,0.028835,-0.009632,0.041470,0.161407,0.041416,0.102864,0.088202,0.048931,0.004300,0.060633,-0.011251,0.120909,0.074992,-0.098184,0.154728,0.111377,0.113185,0.216160,0.254562,0.126131,0.229461,0.125243,0.107941,0.101584,0.031303,0.088405,#
