0,1.000000,0.760020,0.779123,0.738757,0.672419,0.761824,0.744449,0.755625,0.733870,0.723388,0.734637,0.782605,0.746197,0.697382,0.733862,0.710199,0.729541,0.790271,0.754477,0.729888,0.757738,0.719134,0.742402,0.742642,0.691634,0.741705,0.753651,0.771314,0.686827,0.739053,0.740491,0.731462,0.695744,0.681063,0.754355,0.746167,0.744552,0.754748,0.739100,0.779834,0.732726,0.714572,0.753419,0.773011,0.736009,0.682759,0.772384,0.771686,0.710402,0.786810,0.751097,0.695148,0.774030,0.788061,0.741292,0.770156,0.738738,0.791939,0.739410,0.770061,0.785469,0.671698,0.746878,0.746855,0.724832,0.748269,0.791514,0.776674,0.739160,0.691406,0.769138,0.757100,0.815567,0.761303,0.753855,0.750900,0.760038,0.768231,0.762684,0.735099,0.800853,0.764088,0.749044,0.789331,0.725297,0.798662,0.742981,0.711232,0.663411,0.726064,0.714865,0.731668,0.719903,0.754801,0.747447,0.738736,0.693234,0.714153,0.750538,0.770310,0.757845,0.746532,0.690618,0.722153,0.743498,0.711884,0.710194,0.769500,0.766400,0.730980,0.768812,0.712087,0.772127,0.693623,0.735242,0.815122,0.683065,0.723015,0.721896,0.702399,0.700257,0.839655,0.738236,0.796415,0.724074,0.723726,0.724256,0.740516,0.704715,0.706281,0.726541,0.758752,0.755946,0.709953,0.752666,0.711726,0.735239,0.784419,0.724373,0.745268,0.722815,0.734749,0.668245,0.788851,0.779374,0.676464,0.751837,0.676102,0.769892,0.746062,0.730059,0.714862,0.720519,0.711192,0.731350,0.699882,0.716034,0.753571,0.779545,0.766820,0.768821,0.765886,0.706217,0.758089,0.725438,0.753473,0.763509,0.715083,0.715514,0.773797,0.751686,0.722118,0.737440,0.781488,0.813080,0.681605,0.731662,0.753690,0.733736,0.765678,0.720574,0.779518,0.681602,0.717095,0.730181,0.694804,0.767418,0.733064,0.731328,0.786041,0.739859,0.762350,0.717360,0.730142,0.714585,0.721567,0.716706,0.765848,0.790902,0.736323,#
1,0.760020,1.000000,0.753784,0.774570,0.745201,0.804721,0.701773,0.731555,0.754148,0.755686,0.742533,0.736591,0.750012,0.768474,0.769055,0.727734,0.713290,0.742771,0.761514,0.773833,0.795340,0.820273,0.792202,0.787833,0.713675,0.707874,0.818386,0.777412,0.690660,0.708069,0.807582,0.773469,0.754078,0.761311,0.790267,0.801146,0.680688,0.806192,0.787417,0.784245,0.724906,0.720058,0.700959,0.756190,0.732728,0.731538,0.797492,0.763292,0.801476,0.782802,0.756900,0.797219,0.764921,0.725108,0.806095,0.772857,0.750438,0.798741,0.793534,0.756494,0.739864,0.744014,0.677517,0.699561,0.758678,0.756591,0.812793,0.774454,0.770463,0.778842,0.763960,0.773224,0.852684,0.726602,0.772458,0.791245,0.727951,0.782071,0.742878,0.741583,0.801794,0.759616,0.823238,0.811593,0.771900,0.772366,0.713152,0.726051,0.756850,0.760948,0.736670,0.715080,0.762176,0.771198,0.708673,0.684690,0.728991,0.726710,0.732435,0.791135,0.764607,0.801076,0.723157,0.737456,0.760104,0.728131,0.714380,0.777006,0.764561,0.710541,0.753876,0.737627,0.755632,0.709053,0.718594,0.749557,0.752953,0.788510,0.746550,0.689672,0.796751,0.768015,0.712667,0.784633,0.688620,0.698073,0.755950,0.760559,0.777028,0.781666,0.729163,0.780630,0.714997,0.770346,0.789104,0.702240,0.715383,0.737917,0.766564,0.683570,0.781387,0.762285,0.728891,0.757705,0.738538,0.748951,0.769611,0.693794,0.770125,0.745726,0.784613,0.772214,0.762497,0.705415,0.758179,0.713402,0.754431,0.774622,0.713148,0.748819,0.747468,0.770401,0.766261,0.781832,0.788272,0.715943,0.747743,0.755165,0.668599,0.774907,0.763528,0.703166,0.754319,0.791649,0.780543,0.690864,0.738949,0.813744,0.707515,0.776590,0.752042,0.755893,0.701862,0.722953,0.731471,0.779398,0.760851,0.667981,0.755906,0.766853,0.769635,0.733172,0.704777,0.759960,0.795317,0.704261,0.714589,0.770511,0.734365,0.730417,#
2,0.779123,0.753784,1.000000,0.721682,0.657866,0.751802,0.702640,0.737512,0.725879,0.741976,0.703031,0.672371,0.684122,0.674614,0.740469,0.681276,0.674909,0.749843,0.677194,0.726997,0.696652,0.718070,0.677399,0.763621,0.700855,0.636413,0.795244,0.786724,0.735627,0.727895,0.758251,0.733583,0.712121,0.695267,0.708413,0.753789,0.714006,0.739686,0.789885,0.738465,0.697892,0.746404,0.711851,0.691875,0.681168,0.673769,0.809343,0.688120,0.705282,0.811279,0.728432,0.705622,0.716595,0.765926,0.806026,0.725280,0.740101,0.743182,0.691221,0.736989,0.784097,0.715232,0.691800,0.754569,0.703401,0.736024,0.798034,0.701766,0.730333,0.738763,0.786602,0.717539,0.806132,0.707490,0.756610,0.763907,0.751958,0.755452,0.713449,0.768298,0.764183,0.770400,0.750372,0.790442,0.751251,0.791965,0.728722,0.793532,0.734563,0.704436,0.745076,0.719376,0.732548,0.691908,0.754565,0.691377,0.672326,0.691423,0.817428,0.748833,0.718406,0.691777,0.665672,0.672354,0.712866,0.771090,0.742470,0.689745,0.781468,0.712585,0.730830,0.663884,0.772347,0.664772,0.711602,0.717975,0.693918,0.706402,0.771191,0.653010,0.720508,0.729196,0.703282,0.761782,0.731287,0.686935,0.730555,0.712453,0.718876,0.771236,0.749139,0.783359,0.764951,0.779602,0.754569,0.712161,0.687888,0.722062,0.717447,0.681649,0.766666,0.749056,0.665695,0.699231,0.736089,0.750393,0.726426,0.701444,0.730398,0.711546,0.741979,0.717506,0.718627,0.707320,0.696052,0.725464,0.728948,0.695924,0.672910,0.701375,0.703297,0.650454,0.713070,0.733708,0.681671,0.720235,0.779633,0.671890,0.665904,0.710893,0.731717,0.668601,0.718013,0.707037,0.755926,0.668462,0.690747,0.758330,0.723439,0.726846,0.701615,0.791737,0.637702,0.754622,0.702190,0.723770,0.693680,0.677683,0.752835,0.721860,0.694533,0.720837,0.758610,0.715928,0.714168,0.755247,0.695100,0.775713,0.675696,0.736118,#
3,0.738757,0.774570,0.721682,1.000000,0.712711,0.733436,0.708892,0.719078,0.721507,0.730053,0.695224,0.702972,0.742373,0.680746,0.705739,0.713221,0.688131,0.716696,0.726144,0.685819,0.728500,0.755137,0.678482,0.703866,0.736209,0.716306,0.734174,0.729758,0.700788,0.650499,0.724232,0.758460,0.694759,0.743896,0.747802,0.732230,0.670906,0.730359,0.677718,0.772292,0.715703,0.700147,0.673950,0.698227,0.696886,0.721478,0.795370,0.712609,0.787722,0.753469,0.750404,0.661648,0.738387,0.682931,0.747235,0.719414,0.653197,0.740158,0.802823,0.738410,0.704658,0.705165,0.656808,0.693117,0.751167,0.742286,0.724379,0.715897,0.685201,0.711653,0.725053,0.769348,0.797518,0.750375,0.718645,0.705126,0.697397,0.734754,0.723704,0.749240,0.768684,0.691401,0.727949,0.788589,0.715626,0.747021,0.712203,0.676243,0.694017,0.747236,0.675447,0.692503,0.736809,0.750447,0.720020,0.708512,0.658188,0.653328,0.704548,0.746242,0.699552,0.691402,0.630350,0.680503,0.738863,0.715133,0.701971,0.737328,0.712019,0.701515,0.687125,0.700766,0.695446,0.685062,0.720529,0.738606,0.683458,0.687637,0.717970,0.648159,0.668062,0.743720,0.651334,0.739196,0.677721,0.697897,0.737006,0.709859,0.696156,0.745830,0.673751,0.735383,0.664986,0.760760,0.770557,0.728131,0.769852,0.698775,0.682630,0.658374,0.711812,0.723878,0.682335,0.696465,0.691588,0.762349,0.688971,0.670641,0.710563,0.648516,0.685866,0.707926,0.702663,0.668195,0.706729,0.649970,0.751738,0.743913,0.670438,0.731927,0.754402,0.725839,0.685357,0.758908,0.714216,0.715635,0.714439,0.660582,0.698810,0.702863,0.748946,0.713373,0.708413,0.729414,0.698247,0.688646,0.699520,0.719938,0.738739,0.690085,0.668895,0.760387,0.650884,0.691624,0.660320,0.698003,0.692150,0.640239,0.775717,0.749503,0.665869,0.682000,0.679537,0.700715,0.718290,0.712266,0.713099,0.738303,0.680517,0.722021,#
4,0.672419,0.745201,0.657866,0.712711,1.000000,0.721089,0.739736,0.655239,0.628056,0.685685,0.669545,0.696269,0.646684,0.688487,0.646864,0.709274,0.662546,0.733965,0.682148,0.723573,0.726807,0.708834,0.663549,0.721601,0.685450,0.631051,0.713411,0.685660,0.668530,0.639970,0.779923,0.680222,0.718206,0.642354,0.680459,0.717800,0.638108,0.713763,0.657116,0.761725,0.683074,0.661445,0.630940,0.713038,0.680814,0.655605,0.733397,0.664753,0.723199,0.731833,0.719320,0.685007,0.717314,0.612305,0.719408,0.713267,0.650983,0.714906,0.745658,0.713706,0.658921,0.699663,0.660501,0.644761,0.717968,0.733218,0.766269,0.656985,0.663495,0.699351,0.725028,0.763902,0.730006,0.672722,0.678826,0.699216,0.680455,0.710720,0.723445,0.700335,0.670937,0.689999,0.736558,0.691474,0.704936,0.664715,0.620760,0.614436,0.692633,0.751558,0.639404,0.645622,0.618436,0.678092,0.646192,0.680090,0.682720,0.614158,0.629952,0.715360,0.730047,0.711408,0.652757,0.666025,0.707360,0.658981,0.699174,0.690791,0.722406,0.683294,0.654659,0.673986,0.695545,0.729042,0.686571,0.700230,0.658027,0.758162,0.652782,0.612836,0.707546,0.699831,0.728315,0.723140,0.650029,0.695654,0.679225,0.668854,0.745463,0.716012,0.757380,0.726525,0.629131,0.688727,0.746507,0.701290,0.706785,0.708803,0.668377,0.625139,0.671949,0.746112,0.683543,0.700982,0.662140,0.684111,0.733567,0.622141,0.667238,0.691393,0.687285,0.773059,0.639799,0.602679,0.722603,0.668206,0.725773,0.678367,0.701497,0.679448,0.635991,0.688740,0.728102,0.713415,0.712131,0.672206,0.695930,0.659562,0.630324,0.713586,0.678594,0.656329,0.699159,0.683224,0.759169,0.669848,0.675331,0.728104,0.687572,0.686991,0.735892,0.684259,0.691513,0.638977,0.727131,0.690604,0.676160,0.720225,0.667640,0.656547,0.641911,0.650940,0.646554,0.695150,0.715660,0.599677,0.660589,0.724246,0.700158,0.630641,#
5,0.761824,0.804721,0.751802,0.733436,0.721089,1.000000,0.676716,0.727262,0.703758,0.720841,0.668916,0.703372,0.685011,0.709063,0.714217,0.682660,0.694598,0.734917,0.729032,0.769078,0.733063,0.699979,0.680605,0.741903,0.714959,0.736747,0.775968,0.787848,0.625811,0.712390,0.756998,0.767815,0.741378,0.738344,0.702554,0.781126,0.716646,0.709858,0.728431,0.749465,0.704306,0.708911,0.638813,0.706939,0.725191,0.704032,0.758149,0.751874,0.751831,0.762699,0.762265,0.657908,0.739896,0.756991,0.743094,0.820304,0.698934,0.744615,0.769587,0.772619,0.687614,0.685022,0.705526,0.756435,0.705156,0.701668,0.761224,0.724552,0.718844,0.765893,0.793422,0.749180,0.810664,0.710334,0.738003,0.694642,0.725310,0.760612,0.727971,0.726582,0.752773,0.752696,0.771795,0.753698,0.705766,0.737851,0.681601,0.689712,0.747783,0.744099,0.715670,0.665728,0.705727,0.736984,0.685692,0.602484,0.729742,0.678406,0.763432,0.692668,0.769426,0.729927,0.766590,0.729867,0.727049,0.730153,0.723885,0.733668,0.709895,0.730026,0.713123,0.742123,0.720984,0.640847,0.643095,0.714810,0.746238,0.759961,0.695479,0.648197,0.703060,0.771832,0.719415,0.808549,0.686338,0.705325,0.776887,0.682481,0.755996,0.719187,0.718971,0.798910,0.752812,0.787311,0.757433,0.677022,0.680927,0.755513,0.675497,0.671885,0.719734,0.711612,0.713999,0.732162,0.818841,0.679310,0.717580,0.694363,0.735374,0.775604,0.752457,0.744694,0.705806,0.682635,0.727892,0.661742,0.760648,0.728278,0.716368,0.725188,0.722035,0.755999,0.723344,0.744084,0.755720,0.685854,0.672234,0.723479,0.670826,0.711930,0.777596,0.707069,0.729805,0.718336,0.743020,0.675690,0.703007,0.774264,0.752192,0.741002,0.719634,0.744125,0.624234,0.687533,0.697386,0.750166,0.695331,0.692962,0.777943,0.760143,0.683630,0.759951,0.673086,0.758533,0.697615,0.709703,0.664694,0.768509,0.716158,0.678735,#
6,0.744449,0.701773,0.702640,0.708892,0.739736,0.676716,1.000000,0.665983,0.729381,0.754586,0.708646,0.718668,0.683264,0.737589,0.639882,0.765312,0.715355,0.779534,0.730926,0.708149,0.752296,0.704739,0.675794,0.709307,0.741738,0.717641,0.743169,0.753720,0.675347,0.735896,0.752154,0.767058,0.725291,0.709583,0.710357,0.758493,0.734552,0.748588,0.696329,0.749104,0.732779,0.727393,0.751424,0.748581,0.734640,0.602954,0.765355,0.738555,0.761221,0.784454,0.760752,0.723227,0.753358,0.641491,0.747765,0.712542,0.729680,0.785971,0.766728,0.692812,0.759109,0.736188,0.684330,0.676706,0.768003,0.736359,0.802496,0.758135,0.737414,0.686135,0.765796,0.792919,0.769363,0.719867,0.696854,0.749531,0.760338,0.781705,0.766803,0.706741,0.751563,0.740830,0.705981,0.824150,0.745793,0.731553,0.708795,0.705984,0.735911,0.741427,0.677167,0.702149,0.651065,0.742681,0.701299,0.698146,0.693238,0.704808,0.728134,0.733427,0.745386,0.754071,0.692186,0.707618,0.768631,0.660981,0.747744,0.716192,0.767408,0.691193,0.680431,0.680204,0.693136,0.722112,0.655131,0.731808,0.651953,0.725818,0.687596,0.700049,0.686675,0.716877,0.684526,0.776592,0.719990,0.691264,0.679282,0.722788,0.687063,0.704173,0.757503,0.718195,0.674236,0.685366,0.744450,0.711918,0.751298,0.718556,0.748064,0.733211,0.736015,0.759861,0.660035,0.705572,0.710820,0.749190,0.752517,0.690157,0.710581,0.692433,0.707094,0.770475,0.653586,0.688897,0.682268,0.676716,0.722704,0.630527,0.707591,0.769701,0.731327,0.716132,0.685439,0.717882,0.747160,0.735187,0.777917,0.635527,0.681386,0.745433,0.716611,0.732841,0.686235,0.687915,0.726487,0.709203,0.707638,0.758593,0.718138,0.746180,0.731456,0.766861,0.695103,0.731044,0.698347,0.695850,0.724621,0.698920,0.709637,0.714808,0.700432,0.716376,0.679052,0.691119,0.734689,0.759522,0.743360,0.756716,0.711966,0.737488,#
7,0.755625,0.731555,0.737512,0.719078,0.655239,0.727262,0.665983,1.000000,0.712903,0.665583,0.695746,0.683600,0.719253,0.711546,0.707550,0.654854,0.672144,0.733897,0.711945,0.702749,0.758765,0.683080,0.757547,0.697033,0.690228,0.732706,0.722671,0.720851,0.654638,0.747441,0.700719,0.703923,0.690587,0.701939,0.733127,0.739600,0.703124,0.727101,0.704548,0.744436,0.717719,0.744202,0.639464,0.693440,0.697726,0.677629,0.752662,0.756044,0.765056,0.738021,0.719574,0.692975,0.737464,0.748771,0.774605,0.709399,0.722312,0.721492,0.763103,0.788767,0.644610,0.695762,0.731741,0.725503,0.724756,0.726006,0.806371,0.677315,0.731216,0.643427,0.765771,0.679691,0.770129,0.758792,0.740387,0.736332,0.729455,0.737379,0.663390,0.677605,0.782015,0.698373,0.759827,0.749582,0.680063,0.742087,0.735852,0.685724,0.711188,0.722528,0.706598,0.739962,0.689088,0.693886,0.720252,0.695025,0.696980,0.725437,0.732213,0.716336,0.736062,0.682639,0.672844,0.664834,0.738800,0.683103,0.710443,0.734925,0.760775,0.690227,0.759747,0.689553,0.750739,0.666324,0.674751,0.736135,0.663074,0.694097,0.715367,0.684830,0.730738,0.727250,0.672953,0.743853,0.720622,0.750886,0.707444,0.710948,0.662418,0.705421,0.700116,0.743562,0.726222,0.678492,0.741012,0.727460,0.717737,0.747396,0.661784,0.684691,0.701517,0.707427,0.715411,0.707866,0.746658,0.680416,0.742593,0.607138,0.701277,0.679584,0.704582,0.713728,0.719910,0.613277,0.675160,0.722900,0.740819,0.738491,0.723280,0.707020,0.728654,0.680233,0.770741,0.698658,0.726688,0.686362,0.742811,0.675586,0.626370,0.697080,0.769754,0.656235,0.691423,0.749485,0.710191,0.651786,0.664674,0.674358,0.726570,0.726050,0.694539,0.724696,0.693684,0.719961,0.660875,0.708544,0.719101,0.666199,0.737328,0.752766,0.709576,0.705418,0.661849,0.697493,0.738868,0.706595,0.714359,0.786935,0.744950,0.677998,#
8,0.733870,0.754148,0.725879,0.721507,0.628056,0.703758,0.729381,0.712903,1.000000,0.737512,0.708242,0.719710,0.714293,0.734186,0.690579,0.733708,0.666268,0.773489,0.662469,0.735090,0.736851,0.735622,0.683661,0.702764,0.733179,0.689681,0.722377,0.691982,0.719825,0.680956,0.728444,0.752112,0.665454,0.673122,0.701632,0.782797,0.694656,0.748102,0.685441,0.725453,0.657262,0.674015,0.777635,0.702250,0.675381,0.628657,0.728322,0.696670,0.747719,0.724836,0.775947,0.699155,0.685767,0.737353,0.740787,0.740907,0.729197,0.739078,0.709812,0.695822,0.732568,0.700093,0.752862,0.713723,0.756092,0.753852,0.770740,0.742677,0.784705,0.696289,0.752223,0.746933,0.792151,0.726376,0.730626,0.698924,0.714853,0.763193,0.709743,0.693123,0.755981,0.709012,0.707750,0.754790,0.751286,0.722224,0.671435,0.721531,0.667708,0.669645,0.705593,0.680962,0.667495,0.673708,0.676389,0.665234,0.718618,0.727956,0.795371,0.777593,0.740742,0.663616,0.725061,0.738971,0.684915,0.716164,0.698968,0.716795,0.674085,0.731173,0.672854,0.680760,0.727346,0.675777,0.631248,0.733535,0.668656,0.696010,0.709831,0.740634,0.656403,0.704200,0.654737,0.763141,0.685777,0.717853,0.673544,0.696898,0.728088,0.716934,0.679814,0.743424,0.713724,0.693957,0.747185,0.703786,0.734038,0.704686,0.709706,0.683206,0.729075,0.725102,0.708155,0.647282,0.735359,0.656470,0.684073,0.679262,0.733650,0.715126,0.671681,0.749829,0.644858,0.744516,0.673238,0.665127,0.727664,0.737922,0.758602,0.734591,0.731742,0.658168,0.726189,0.707001,0.684047,0.673911,0.714544,0.701224,0.704165,0.683668,0.723053,0.708706,0.647318,0.712953,0.753312,0.674159,0.700232,0.759329,0.704544,0.709004,0.701861,0.735310,0.683418,0.708081,0.694537,0.677584,0.767530,0.672221,0.711250,0.743424,0.739288,0.739690,0.731863,0.725335,0.714891,0.665346,0.652218,0.732192,0.705689,0.738748,#
9,0.723388,0.755686,0.741976,0.730053,0.685685,0.720841,0.754586,0.665583,0.737512,1.000000,0.710031,0.674987,0.716461,0.747109,0.747585,0.726789,0.699422,0.757055,0.694812,0.673813,0.771616,0.703894,0.663574,0.722560,0.722007,0.637899,0.746269,0.808208,0.675844,0.749861,0.722631,0.767445,0.730591,0.718639,0.699951,0.747430,0.692545,0.719431,0.723978,0.787221,0.727269,0.741589,0.674728,0.706363,0.740812,0.681132,0.740678,0.720333,0.747634,0.752794,0.749205,0.694598,0.661771,0.692870,0.747848,0.731297,0.758977,0.814131,0.682060,0.714643,0.746415,0.729910,0.694751,0.700607,0.691646,0.780886,0.801408,0.730784,0.788200,0.697530,0.741898,0.756334,0.758520,0.706123,0.722407,0.735704,0.761966,0.791370,0.712113,0.801485,0.776291,0.759965,0.726095,0.823611,0.734112,0.725201,0.713111,0.783292,0.726983,0.716794,0.720113,0.669714,0.724248,0.698451,0.720643,0.669466,0.681699,0.665132,0.718668,0.747335,0.792809,0.741289,0.742768,0.711945,0.750036,0.741118,0.706103,0.755016,0.781870,0.749467,0.719189,0.710734,0.735330,0.695177,0.678833,0.778633,0.605783,0.730367,0.696052,0.695252,0.670285,0.747281,0.695758,0.776200,0.721372,0.712793,0.725738,0.702163,0.752423,0.703326,0.706693,0.781658,0.696171,0.717279,0.765199,0.656804,0.734519,0.724949,0.722077,0.683807,0.794841,0.795978,0.731960,0.757799,0.751902,0.772734,0.738134,0.745291,0.737149,0.715752,0.671293,0.700787,0.721626,0.714805,0.718281,0.707104,0.688453,0.741148,0.686367,0.764001,0.754105,0.758314,0.732025,0.725488,0.722022,0.752870,0.701236,0.707370,0.733821,0.698650,0.741599,0.688215,0.702936,0.687633,0.758478,0.750930,0.730306,0.784372,0.676322,0.767370,0.757148,0.730992,0.742542,0.678239,0.708198,0.732383,0.712696,0.688140,0.747155,0.696562,0.718427,0.731865,0.675133,0.695003,0.708225,0.684003,0.745090,0.739608,0.714802,0.701099,#
10,0.734637,0.742533,0.703031,0.695224,0.669545,0.668916,0.708646,0.695746,0.708242,0.710031,1.000000,0.723651,0.709605,0.708357,0.645060,0.693065,0.713695,0.689571,0.756786,0.702339,0.714171,0.704185,0.703875,0.748151,0.673897,0.702947,0.728847,0.752397,0.686327,0.709358,0.707669,0.694634,0.687411,0.718933,0.721022,0.743572,0.739057,0.742634,0.715116,0.709217,0.702978,0.660488,0.708579,0.687075,0.686585,0.703863,0.802767,0.714302,0.720182,0.780977,0.711983,0.726430,0.716336,0.649619,0.747456,0.758496,0.714795,0.799943,0.665474,0.740346,0.722613,0.733340,0.748163,0.712899,0.740033,0.682044,0.781597,0.713368,0.763882,0.702209,0.798520,0.745916,0.790046,0.629032,0.718011,0.772957,0.683145,0.761826,0.728270,0.685151,0.778936,0.703894,0.710691,0.727345,0.707309,0.692557,0.724836,0.663111,0.696234,0.770090,0.646612,0.709877,0.754249,0.656863,0.656786,0.689445,0.676853,0.745536,0.713897,0.746708,0.709375,0.668847,0.679796,0.730083,0.720138,0.711421,0.705963,0.698123,0.712692,0.695387,0.724804,0.655125,0.751365,0.697364,0.658256,0.741692,0.625827,0.702966,0.702917,0.668169,0.691632,0.725030,0.657290,0.754289,0.648455,0.695631,0.714827,0.687296,0.752656,0.721551,0.688877,0.737386,0.669690,0.698540,0.750040,0.787357,0.692213,0.676822,0.730772,0.722308,0.753471,0.741642,0.643547,0.709377,0.685642,0.726440,0.752650,0.680247,0.710555,0.734446,0.651514,0.699078,0.679447,0.677342,0.748786,0.658357,0.729384,0.743823,0.683212,0.678859,0.754713,0.675935,0.701276,0.710193,0.725223,0.677768,0.736167,0.655168,0.683621,0.770038,0.705586,0.744765,0.638632,0.691617,0.753199,0.675378,0.660242,0.724317,0.660265,0.751173,0.684451,0.688890,0.687925,0.671956,0.621496,0.709912,0.726469,0.706867,0.653222,0.732660,0.712295,0.640620,0.672299,0.752494,0.708983,0.684589,0.695190,0.735716,0.712143,0.745135,#
11,0.782605,0.736591,0.672371,0.702972,0.696269,0.703372,0.718668,0.683600,0.719710,0.674987,0.723651,1.000000,0.729314,0.720462,0.709173,0.721945,0.715087,0.772212,0.772625,0.722787,0.714166,0.682820,0.748712,0.734992,0.726011,0.685128,0.719955,0.709666,0.726056,0.665222,0.735721,0.752382,0.734452,0.707938,0.659887,0.743748,0.754216,0.770161,0.685553,0.717220,0.716050,0.656957,0.708416,0.679748,0.688585,0.621486,0.777074,0.768574,0.705822,0.770529,0.716764,0.664260,0.772172,0.689555,0.754626,0.737333,0.665907,0.795407,0.721522,0.755927,0.695607,0.667041,0.775097,0.690279,0.731667,0.726165,0.741683,0.724430,0.772994,0.715405,0.765187,0.707380,0.767648,0.743406,0.779187,0.711939,0.751570,0.774436,0.713868,0.658552,0.732429,0.714810,0.738675,0.741659,0.767230,0.699656,0.630703,0.668402,0.645534,0.669961,0.695259,0.692956,0.677058,0.689790,0.636389,0.712609,0.688758,0.729929,0.723145,0.747526,0.719881,0.719826,0.733706,0.718694,0.724183,0.701732,0.727831,0.754885,0.769930,0.694300,0.747395,0.733178,0.738569,0.660948,0.645721,0.739651,0.692156,0.680193,0.706770,0.740911,0.640856,0.703438,0.696280,0.775145,0.698049,0.739267,0.748057,0.736580,0.737894,0.744668,0.728970,0.709283,0.742986,0.713480,0.760755,0.722448,0.753727,0.712337,0.726849,0.682621,0.706986,0.694929,0.701607,0.727149,0.723501,0.668575,0.772008,0.678417,0.724573,0.718320,0.693373,0.706322,0.696275,0.740547,0.746616,0.668218,0.734535,0.686122,0.701389,0.705542,0.764690,0.737679,0.773550,0.735418,0.763186,0.692856,0.754791,0.642349,0.703755,0.786668,0.743517,0.701714,0.746178,0.786285,0.750603,0.683200,0.714743,0.714959,0.707485,0.735893,0.714637,0.677645,0.722891,0.668452,0.724367,0.646227,0.734138,0.750721,0.670685,0.680126,0.726491,0.746923,0.678632,0.722979,0.681411,0.692883,0.710919,0.723268,0.734711,0.652516,#
12,0.746197,0.750012,0.684122,0.742373,0.646684,0.685011,0.683264,0.719253,0.714293,0.716461,0.709605,0.729314,1.000000,0.735226,0.701340,0.687656,0.653528,0.741969,0.760109,0.681617,0.739917,0.657132,0.736127,0.753245,0.705778,0.727753,0.696258,0.736747,0.690753,0.689620,0.706745,0.721568,0.687626,0.733802,0.732111,0.743061,0.689181,0.751066,0.720740,0.708332,0.637674,0.639843,0.652990,0.681658,0.733522,0.684583,0.785424,0.724291,0.756315,0.760537,0.794306,0.641598,0.684442,0.718135,0.759837,0.752567,0.710358,0.717178,0.724642,0.712474,0.681171,0.675459,0.728774,0.651957,0.723780,0.726090,0.735771,0.708369,0.756737,0.701101,0.728317,0.735263,0.763076,0.721055,0.744900,0.716485,0.719103,0.745117,0.725949,0.723649,0.748478,0.700321,0.740890,0.756366,0.673550,0.752991,0.638911,0.721669,0.666390,0.675667,0.731475,0.675370,0.744806,0.674167,0.657935,0.685681,0.715949,0.661513,0.691478,0.712715,0.681626,0.745631,0.689835,0.700251,0.684798,0.671261,0.679910,0.721586,0.760339,0.708913,0.704939,0.693931,0.722011,0.653904,0.758725,0.741308,0.594687,0.665268,0.721548,0.689142,0.660912,0.752251,0.667829,0.741583,0.679670,0.760536,0.740707,0.688658,0.689370,0.700399,0.631322,0.663384,0.656754,0.690079,0.702612,0.694885,0.682810,0.717913,0.667780,0.633015,0.751553,0.716954,0.680347,0.732894,0.652357,0.691112,0.741778,0.635818,0.712279,0.718345,0.719714,0.666780,0.706998,0.646115,0.693536,0.728030,0.739366,0.753936,0.753249,0.689917,0.714225,0.728936,0.720589,0.716056,0.760693,0.624483,0.683723,0.733163,0.653071,0.727209,0.738299,0.640706,0.717383,0.723489,0.723491,0.650674,0.766424,0.743596,0.653294,0.683063,0.699018,0.753049,0.680820,0.643405,0.625291,0.653425,0.701281,0.693559,0.762482,0.730098,0.679374,0.711770,0.619249,0.694590,0.666358,0.726372,0.703331,0.757161,0.745884,0.670546,#
13,0.697382,0.768474,0.674614,0.680746,0.688487,0.709063,0.737589,0.711546,0.734186,0.747109,0.708357,0.720462,0.735226,1.000000,0.695663,0.682549,0.648824,0.789099,0.781322,0.719481,0.738597,0.686030,0.751777,0.702498,0.719573,0.713775,0.698120,0.741054,0.710977,0.793672,0.689362,0.722430,0.734116,0.758309,0.643905,0.736205,0.711860,0.787781,0.717368,0.767523,0.794061,0.682184,0.721117,0.706050,0.743567,0.698161,0.754488,0.753328,0.793291,0.769899,0.763201,0.752409,0.687152,0.674456,0.785442,0.786696,0.761072,0.796538,0.752929,0.762015,0.726734,0.704745,0.704582,0.732843,0.781212,0.762750,0.780784,0.742141,0.771824,0.691471,0.732092,0.744941,0.793536,0.755921,0.740607,0.720075,0.750881,0.782673,0.761945,0.713584,0.759854,0.727140,0.754381,0.811566,0.726887,0.784791,0.662197,0.674637,0.757273,0.713906,0.675666,0.734586,0.695651,0.743173,0.697309,0.663075,0.702013,0.694593,0.720266,0.758408,0.738802,0.738935,0.774084,0.726116,0.771795,0.754330,0.707841,0.759839,0.738123,0.727365,0.724722,0.695810,0.741952,0.710659,0.693406,0.754697,0.648828,0.714293,0.760430,0.689476,0.736800,0.728091,0.706098,0.703497,0.699377,0.721063,0.752297,0.709994,0.729465,0.695385,0.726685,0.700360,0.704645,0.725396,0.740332,0.707192,0.719619,0.754283,0.774684,0.651462,0.764002,0.766564,0.744687,0.698683,0.708139,0.706783,0.753580,0.686745,0.738411,0.711903,0.761317,0.759566,0.687805,0.722247,0.677689,0.688668,0.772787,0.715964,0.740050,0.717333,0.765196,0.707393,0.734320,0.739037,0.770382,0.695242,0.745802,0.698486,0.719405,0.734763,0.740956,0.746353,0.762565,0.745921,0.771196,0.726142,0.738695,0.773726,0.708106,0.763639,0.747557,0.725921,0.755879,0.678320,0.726390,0.729504,0.697838,0.721275,0.704977,0.743467,0.740115,0.727673,0.686323,0.735201,0.741602,0.702247,0.724485,0.770557,0.746637,0.683535,#
14,0.733862,0.769055,0.740469,0.705739,0.646864,0.714217,0.639882,0.707550,0.690579,0.747585,0.645060,0.709173,0.701340,0.695663,1.000000,0.656978,0.659977,0.704641,0.641380,0.685303,0.720147,0.696976,0.723019,0.769901,0.700519,0.617173,0.739497,0.698303,0.647073,0.706320,0.752474,0.677623,0.677809,0.653058,0.708764,0.745554,0.627440,0.735011,0.733721,0.692571,0.696612,0.681594,0.688510,0.679246,0.683606,0.687074,0.719926,0.683158,0.683661,0.703012,0.675240,0.694172,0.655614,0.739313,0.735176,0.716586,0.666374,0.684836,0.715929,0.680509,0.710361,0.721004,0.693090,0.682622,0.694455,0.696551,0.739022,0.681053,0.756641,0.699988,0.725276,0.672237,0.756186,0.699243,0.738375,0.694703,0.683658,0.749862,0.683796,0.679622,0.714535,0.696374,0.736917,0.745711,0.710974,0.738675,0.620001,0.664688,0.708537,0.596790,0.686329,0.616924,0.708028,0.753467,0.721119,0.663976,0.702711,0.660070,0.680688,0.695686,0.720626,0.701414,0.703637,0.632861,0.706719,0.710687,0.679150,0.662809,0.762670,0.701712,0.699853,0.734843,0.738571,0.626550,0.598079,0.725326,0.613912,0.647560,0.671475,0.672701,0.688485,0.734212,0.654569,0.723418,0.723297,0.595436,0.739050,0.712900,0.657184,0.700294,0.648703,0.754505,0.672801,0.684682,0.708985,0.681054,0.732444,0.703255,0.690723,0.680883,0.709205,0.739107,0.602915,0.715392,0.692478,0.702922,0.771946,0.645351,0.699449,0.650438,0.698263,0.689256,0.641040,0.675834,0.703929,0.667432,0.684729,0.688810,0.636586,0.687931,0.725352,0.664014,0.705886,0.672368,0.707756,0.643977,0.638370,0.650140,0.596795,0.733819,0.707061,0.628555,0.700273,0.727435,0.779245,0.670857,0.676390,0.697084,0.671863,0.706951,0.669530,0.721807,0.706969,0.678607,0.700849,0.693603,0.725291,0.649014,0.716235,0.662408,0.666012,0.679431,0.698852,0.694787,0.633641,0.671302,0.673736,0.719708,0.660624,0.615440,#
15,0.710199,0.727734,0.681276,0.713221,0.709274,0.682660,0.765312,0.654854,0.733708,0.726789,0.693065,0.721945,0.687656,0.682549,0.656978,1.000000,0.660031,0.737781,0.710626,0.684481,0.690305,0.747531,0.704351,0.715099,0.732050,0.656105,0.675324,0.697913,0.673607,0.663123,0.757849,0.741404,0.726935,0.750981,0.659817,0.751449,0.735262,0.768467,0.697234,0.679487,0.639557,0.664388,0.718993,0.692269,0.735408,0.655034,0.745797,0.689688,0.739145,0.750238,0.738904,0.680863,0.678199,0.699890,0.714733,0.707537,0.707342,0.739887,0.725645,0.700258,0.731268,0.703076,0.678160,0.718683,0.733784,0.720285,0.747426,0.736663,0.709235,0.659231,0.748538,0.687759,0.695694,0.681727,0.741639,0.720984,0.736310,0.723101,0.752104,0.697335,0.705185,0.691697,0.702006,0.757070,0.744882,0.705902,0.614732,0.680829,0.683553,0.660905,0.630433,0.684288,0.706664,0.718390,0.627877,0.668621,0.654976,0.706156,0.692308,0.719573,0.729796,0.697296,0.718105,0.723278,0.693578,0.668497,0.656720,0.720056,0.699681,0.737837,0.667906,0.619057,0.729100,0.685139,0.659491,0.691196,0.619750,0.677947,0.682803,0.768746,0.674239,0.705954,0.654248,0.763829,0.679386,0.699936,0.721808,0.632346,0.734337,0.742885,0.711068,0.682763,0.670409,0.615273,0.717964,0.710595,0.731933,0.654075,0.670140,0.682980,0.686792,0.698204,0.650687,0.694091,0.724325,0.722166,0.670995,0.670686,0.711385,0.712402,0.701253,0.744052,0.674200,0.699219,0.689237,0.643706,0.727081,0.668059,0.727701,0.696544,0.692458,0.713505,0.712930,0.694212,0.704165,0.666205,0.705307,0.639818,0.692066,0.729976,0.669587,0.724553,0.641014,0.722455,0.725318,0.731151,0.686188,0.709323,0.691976,0.738334,0.709714,0.731292,0.654176,0.691847,0.703460,0.666791,0.654560,0.632880,0.661069,0.697720,0.674748,0.730854,0.632037,0.659187,0.658826,0.648446,0.692539,0.692372,0.738074,0.705337,#
16,0.729541,0.713290,0.674909,0.688131,0.662546,0.694598,0.715355,0.672144,0.666268,0.699422,0.713695,0.715087,0.653528,0.648824,0.659977,0.660031,1.000000,0.739864,0.746833,0.706414,0.773798,0.664371,0.655549,0.710827,0.700914,0.713904,0.712773,0.651322,0.593396,0.676876,0.747249,0.714608,0.686153,0.623792,0.695392,0.735679,0.746942,0.758115,0.695509,0.720021,0.680958,0.670443,0.662109,0.674643,0.696824,0.686025,0.712387,0.695573,0.723477,0.745771,0.657047,0.681083,0.701735,0.706921,0.707650,0.750932,0.626683,0.732468,0.693274,0.656975,0.733938,0.731716,0.679600,0.666408,0.704905,0.674067,0.784179,0.688535,0.734739,0.699432,0.742739,0.730731,0.753353,0.671733,0.710187,0.692648,0.692796,0.741778,0.678137,0.722295,0.771956,0.716611,0.727607,0.748526,0.709745,0.709499,0.699050,0.612929,0.644782,0.681739,0.611530,0.690045,0.690950,0.675298,0.681994,0.704298,0.692966,0.689818,0.724828,0.706161,0.748343,0.708473,0.680818,0.694878,0.689225,0.734482,0.725778,0.683158,0.770684,0.685534,0.700780,0.688388,0.716564,0.680022,0.680489,0.752389,0.730363,0.715346,0.685237,0.567955,0.623661,0.675232,0.687615,0.734921,0.705205,0.664382,0.647186,0.633885,0.742866,0.662962,0.732076,0.692905,0.693132,0.650957,0.714913,0.752217,0.693698,0.677327,0.651001,0.635016,0.718578,0.700837,0.707269,0.692623,0.643505,0.667696,0.749111,0.689330,0.700698,0.664816,0.648228,0.716225,0.601452,0.665430,0.775907,0.634112,0.711925,0.701164,0.658483,0.673827,0.704879,0.646220,0.754877,0.676356,0.726815,0.719337,0.686142,0.677109,0.669313,0.728852,0.668205,0.706691,0.676671,0.735552,0.718095,0.685954,0.645183,0.774992,0.661306,0.732361,0.713174,0.657692,0.682460,0.666128,0.620295,0.652785,0.729258,0.680198,0.713659,0.700233,0.706729,0.669544,0.665924,0.692636,0.702610,0.709049,0.719108,0.771229,0.706239,0.679721,#
17,0.790271,0.742771,0.749843,0.716696,0.733965,0.734917,0.779534,0.733897,0.773489,0.757055,0.689571,0.772212,0.741969,0.789099,0.704641,0.737781,0.739864,1.000000,0.734765,0.781650,0.769028,0.721702,0.766472,0.712343,0.773761,0.747124,0.773643,0.759993,0.703137,0.755111,0.788887,0.791547,0.727098,0.706483,0.695597,0.783646,0.738266,0.797401,0.756702,0.828692,0.727190,0.738499,0.710418,0.727889,0.746720,0.705616,0.768471,0.752822,0.786172,0.809210,0.766815,0.673220,0.727605,0.747562,0.779832,0.755310,0.764080,0.772424,0.737205,0.750251,0.711802,0.723422,0.768842,0.726181,0.755076,0.767417,0.847501,0.779989,0.770305,0.709343,0.773780,0.762229,0.777300,0.765183,0.799853,0.720800,0.780024,0.800823,0.758424,0.789678,0.781051,0.761313,0.793365,0.814015,0.737699,0.748335,0.712543,0.757231,0.723955,0.712965,0.712613,0.689129,0.721955,0.738562,0.719671,0.737128,0.709734,0.694149,0.768240,0.785390,0.778838,0.719734,0.733712,0.712604,0.744490,0.755951,0.714236,0.715252,0.756225,0.780201,0.755921,0.679557,0.793356,0.699593,0.749201,0.760501,0.686755,0.712097,0.766745,0.733100,0.732347,0.763353,0.768637,0.770450,0.705539,0.733604,0.722636,0.744556,0.764076,0.740158,0.744590,0.780599,0.775870,0.732165,0.770609,0.749368,0.803185,0.750428,0.717814,0.750912,0.787900,0.772139,0.782611,0.753036,0.779830,0.721958,0.762990,0.683905,0.771503,0.731530,0.731961,0.779026,0.709105,0.738914,0.745221,0.725631,0.808930,0.746333,0.737506,0.759484,0.767690,0.725942,0.793344,0.710795,0.761632,0.710749,0.692146,0.652314,0.746619,0.740040,0.739156,0.727052,0.762456,0.766823,0.826299,0.670519,0.748961,0.778601,0.727911,0.783085,0.766629,0.785211,0.749519,0.767162,0.732408,0.704727,0.755630,0.761154,0.690415,0.729730,0.779754,0.742302,0.699041,0.754906,0.751484,0.748708,0.747317,0.784466,0.778795,0.668413,#
18,0.754477,0.761514,0.677194,0.726144,0.682148,0.729032,0.730926,0.711945,0.662469,0.694812,0.756786,0.772625,0.760109,0.781322,0.641380,0.710626,0.746833,0.734765,1.000000,0.700323,0.736178,0.742010,0.723856,0.691983,0.675986,0.771519,0.743428,0.732716,0.694027,0.768668,0.680243,0.774517,0.736880,0.754806,0.722647,0.791809,0.729839,0.771907,0.731835,0.759806,0.733160,0.696265,0.711401,0.675453,0.750795,0.689778,0.770028,0.795740,0.797595,0.749826,0.699632,0.707465,0.742997,0.649891,0.756076,0.741003,0.715475,0.756225,0.719306,0.793542,0.712948,0.709300,0.705020,0.699332,0.773020,0.684265,0.766089,0.692465,0.698954,0.704381,0.734157,0.719580,0.776204,0.687291,0.785333,0.719090,0.742345,0.738098,0.703852,0.706195,0.748794,0.711443,0.760902,0.771902,0.743186,0.763753,0.671313,0.713617,0.743541,0.706988,0.697909,0.687695,0.753809,0.750985,0.705905,0.680523,0.708062,0.732912,0.734020,0.754987,0.750855,0.702175,0.720668,0.731554,0.726153,0.736091,0.722772,0.745825,0.770074,0.751734,0.773404,0.675710,0.738652,0.708101,0.683710,0.751506,0.694572,0.718180,0.760838,0.671863,0.711856,0.751300,0.684114,0.746841,0.732771,0.700568,0.777006,0.670546,0.768158,0.681481,0.729311,0.744574,0.726260,0.676082,0.746208,0.732696,0.765456,0.730689,0.687256,0.708176,0.751097,0.746733,0.713787,0.779850,0.716089,0.690511,0.746852,0.673720,0.762258,0.716425,0.724984,0.731769,0.744323,0.691448,0.747000,0.741303,0.731590,0.754946,0.698543,0.694684,0.775447,0.740108,0.799824,0.738269,0.744865,0.682259,0.827932,0.687089,0.675311,0.739962,0.728979,0.718407,0.753315,0.771304,0.719757,0.702854,0.711310,0.776746,0.709276,0.771921,0.732670,0.737376,0.709647,0.677141,0.692234,0.715643,0.718891,0.720034,0.687987,0.760309,0.722769,0.722179,0.646599,0.766770,0.709020,0.694877,0.714243,0.804928,0.747782,0.723153,#
19,0.729888,0.773833,0.726997,0.685819,0.723573,0.769078,0.708149,0.702749,0.735090,0.673813,0.702339,0.722787,0.681617,0.719481,0.685303,0.684481,0.706414,0.781650,0.700323,1.000000,0.746569,0.677050,0.674420,0.722804,0.717929,0.684160,0.715958,0.706913,0.647186,0.722258,0.770377,0.788495,0.722633,0.675142,0.670972,0.800477,0.677802,0.747318,0.706656,0.729494,0.729164,0.720532,0.698978,0.684984,0.690592,0.710770,0.782318,0.718405,0.723817,0.724817,0.688053,0.666770,0.713759,0.694555,0.747168,0.703337,0.733006,0.752728,0.701122,0.685857,0.708757,0.657708,0.738240,0.698627,0.706389,0.730489,0.775248,0.694593,0.755367,0.697797,0.743738,0.730272,0.764764,0.689549,0.730918,0.693684,0.672987,0.745089,0.687577,0.698019,0.759812,0.688701,0.771493,0.739474,0.690117,0.673838,0.686818,0.692032,0.747988,0.687488,0.638256,0.691290,0.659019,0.717000,0.674934,0.656295,0.712456,0.715367,0.719107,0.760246,0.740291,0.700356,0.699967,0.703922,0.738887,0.668407,0.727994,0.677242,0.729424,0.672979,0.726469,0.662598,0.719698,0.692236,0.710969,0.743927,0.720115,0.725866,0.727641,0.626469,0.758135,0.704390,0.653440,0.810654,0.707819,0.710158,0.715394,0.700716,0.795810,0.770558,0.726443,0.772849,0.728905,0.730846,0.748249,0.740622,0.703563,0.718057,0.709469,0.670289,0.737676,0.738408,0.685192,0.711875,0.714852,0.649050,0.679132,0.624414,0.744670,0.707811,0.678797,0.746935,0.666407,0.703435,0.764949,0.671190,0.767953,0.718543,0.706468,0.715000,0.701739,0.722949,0.708677,0.734307,0.723835,0.659733,0.668911,0.719860,0.670886,0.705625,0.684420,0.732751,0.728459,0.721264,0.776757,0.636891,0.713105,0.754143,0.716382,0.682031,0.673818,0.728081,0.725914,0.728696,0.669708,0.674642,0.678588,0.704820,0.713242,0.729063,0.710572,0.714375,0.667797,0.755530,0.746565,0.697718,0.691431,0.701278,0.694113,0.663225,#
20,0.757738,0.795340,0.696652,0.728500,0.726807,0.733063,0.752296,0.758765,0.736851,0.771616,0.714171,0.714166,0.739917,0.738597,0.720147,0.690305,0.773798,0.769028,0.736178,0.746569,1.000000,0.731964,0.704096,0.762599,0.756153,0.724318,0.756250,0.763654,0.692365,0.751428,0.772804,0.755254,0.722116,0.756919,0.728299,0.766420,0.708916,0.755285,0.742591,0.783983,0.762284,0.769112,0.695619,0.770223,0.771459,0.681331,0.779923,0.764091,0.769409,0.745559,0.744808,0.749472,0.704660,0.713702,0.759034,0.746124,0.707781,0.758171,0.747780,0.719467,0.758342,0.723965,0.784407,0.683506,0.757965,0.763506,0.824251,0.713708,0.760914,0.697863,0.752356,0.772683,0.768178,0.725157,0.732720,0.696206,0.713391,0.775413,0.760693,0.785676,0.766336,0.773578,0.757765,0.800595,0.694751,0.733285,0.719065,0.718090,0.771423,0.798886,0.719408,0.701896,0.709733,0.770155,0.729512,0.731902,0.682520,0.659289,0.731072,0.765390,0.807256,0.751294,0.707901,0.753012,0.772570,0.710395,0.781464,0.755727,0.777215,0.770762,0.719564,0.752297,0.729474,0.641839,0.751735,0.766400,0.710272,0.765391,0.682097,0.656985,0.741826,0.750082,0.713320,0.792144,0.694550,0.721592,0.684675,0.693370,0.732145,0.757393,0.731389,0.737739,0.764332,0.745349,0.763287,0.717888,0.710967,0.773395,0.743130,0.748862,0.758566,0.718091,0.753590,0.746924,0.750794,0.707345,0.790227,0.709713,0.717216,0.742606,0.731885,0.767341,0.707586,0.675197,0.773835,0.700820,0.721515,0.774310,0.724415,0.735904,0.745940,0.728565,0.740358,0.739168,0.807326,0.688685,0.698424,0.708412,0.663842,0.739729,0.750181,0.694398,0.754021,0.771255,0.759529,0.702250,0.723042,0.783289,0.705291,0.766315,0.728883,0.726363,0.712926,0.667413,0.690421,0.734533,0.747361,0.740071,0.722122,0.723513,0.701498,0.736766,0.728452,0.745067,0.760298,0.717349,0.752389,0.803093,0.747920,0.714679,#
21,0.719134,0.820273,0.718070,0.755137,0.708834,0.699979,0.704739,0.683080,0.735622,0.703894,0.704185,0.682820,0.657132,0.686030,0.696976,0.747531,0.664371,0.721702,0.742010,0.677050,0.731964,1.000000,0.708092,0.740216,0.653297,0.691472,0.767080,0.692956,0.709138,0.668585,0.693445,0.671349,0.727081,0.721454,0.708862,0.768367,0.698387,0.727097,0.719535,0.719865,0.697928,0.729554,0.686025,0.725434,0.703169,0.698422,0.727186,0.733013,0.751920,0.752063,0.673895,0.738671,0.714045,0.662456,0.736651,0.724502,0.711811,0.717277,0.756293,0.704869,0.694382,0.723514,0.644519,0.677091,0.735770,0.701933,0.772840,0.689789,0.705532,0.744974,0.722693,0.761760,0.766540,0.733372,0.772790,0.729294,0.746030,0.733522,0.728014,0.713999,0.719230,0.697935,0.780621,0.777870,0.762260,0.712724,0.644286,0.739353,0.736646,0.737397,0.636268,0.667780,0.729171,0.720317,0.712415,0.721496,0.686256,0.657446,0.703182,0.773850,0.743656,0.695729,0.634948,0.708286,0.698491,0.729272,0.676812,0.724842,0.693329,0.749692,0.747450,0.661765,0.735890,0.690289,0.637355,0.672115,0.681491,0.760773,0.697370,0.702322,0.710474,0.692608,0.666227,0.712137,0.658209,0.656003,0.720787,0.693536,0.700138,0.736435,0.721150,0.752067,0.674750,0.693680,0.770357,0.654772,0.707753,0.669015,0.703741,0.713889,0.755288,0.734193,0.629650,0.734077,0.688478,0.687088,0.714128,0.648858,0.695503,0.724155,0.697278,0.766160,0.695203,0.686720,0.672535,0.701585,0.719539,0.738753,0.646888,0.722021,0.723402,0.727318,0.730669,0.719776,0.756628,0.692105,0.735180,0.662291,0.637869,0.729341,0.735752,0.689301,0.720811,0.700162,0.704740,0.682107,0.618398,0.708753,0.702921,0.724208,0.693904,0.764268,0.694476,0.692098,0.686443,0.718513,0.723329,0.651517,0.664643,0.732798,0.700176,0.665659,0.692198,0.687111,0.701801,0.650385,0.709128,0.744480,0.661860,0.732188,#
