0,1.000000,0.102047,0.170450,0.178226,0.099258,0.272469,0.112069,0.254662,0.220690,0.160739,0.110390,0.223135,0.302065,-0.083302,0.366573,0.084595,0.173267,0.156357,0.073558,0.199408,0.058952,0.050108,0.247309,0.184724,0.219173,0.149587,0.285548,0.171057,0.064022,0.225832,0.119221,0.035196,0.042819,0.030448,0.306014,0.167876,0.244806,0.069630,0.213351,0.238849,0.091692,0.092274,0.264268,0.230884,0.095796,0.056265,0.210983,0.186695,0.090227,0.305183,0.218721,0.080061,0.285520,0.292961,0.093838,0.135825,0.046227,0.154778,0.111156,0.080925,0.307685,0.131374,0.131591,0.182220,0.058968,0.351467,0.092395,0.330910,0.068099,0.115914,0.177611,0.113748,0.206723,0.056469,0.202995,0.113521,0.114807,0.178782,0.058947,0.122244,0.279496,0.097512,0.078030,0.132146,0.165523,0.286561,0.140124,-0.037714,-0.077765,0.091086,0.186389,0.186688,0.080781,0.175284,0.211718,0.247578,0.087202,0.106984,0.204441,0.175567,0.135611,0.145712,0.093008,0.064227,0.220465,-0.003808,-0.045344,0.193038,0.175977,0.160230,0.312463,0.050298,0.214178,0.006542,0.113172,0.273242,0.115276,-0.039529,0.260181,0.175364,0.072871,0.367311,0.275357,0.190276,0.130071,0.084032,0.116801,0.107864,0.093980,0.048784,0.060208,0.159455,0.089756,-0.000522,0.124418,0.042972,0.183357,0.230973,0.123757,0.067212,-0.023507,0.214763,0.021362,0.242069,0.298593,0.123578,0.049925,0.146197,0.274826,0.220030,0.118728,-0.123445,0.154346,0.137149,0.088829,0.148561,0.011684,0.139161,0.218798,0.275914,0.271898,0.310100,0.051495,0.088934,0.120692,0.170135,0.254848,0.119733,0.273508,0.286169,0.139282,0.092245,0.232079,0.211014,0.314106,-0.092559,0.099514,0.141686,0.157810,0.223145,0.023656,0.266259,0.054678,0.175785,0.119516,0.095184,0.133291,0.304737,0.115735,0.259608,0.163657,0.187809,0.157635,0.089618,0.039167,0.039949,0.023898,0.101675,0.250770,0.187045,#
1,0.102047,1.000000,0.115633,0.362070,0.181943,0.335864,0.162489,0.179804,0.163205,0.163647,0.192396,0.143057,0.202940,0.242027,0.119614,0.166969,0.192009,0.098225,0.184783,0.174268,0.333264,0.368485,0.377204,0.355045,0.245572,0.144866,0.285022,0.125136,0.037228,0.043990,0.183971,0.307522,0.183423,0.268545,0.233905,0.280520,0.073032,0.237224,0.199926,0.205460,0.162576,0.134444,0.100548,0.234939,0.109876,0.227520,0.272645,0.268754,0.253427,0.274681,0.250343,0.346226,0.348589,0.179788,0.166974,0.185852,0.003187,0.226800,0.338348,0.223520,0.119760,0.245576,0.010685,0.055554,0.102130,0.243956,0.277776,0.291373,0.254599,0.267876,0.162088,0.195426,0.350721,0.088445,0.130444,0.119377,0.245700,0.275681,0.256483,0.095416,0.150687,0.203722,0.403708,0.182620,0.231449,0.232395,0.119191,0.065636,0.227432,0.231618,0.213167,0.209562,0.170739,0.077883,0.100664,0.128472,0.174515,0.161577,0.078705,0.214654,0.151729,0.347552,0.173127,0.224106,0.229908,0.073184,0.069304,0.280726,0.091397,0.101609,0.242937,0.213148,0.193988,0.109018,0.152910,0.197636,0.429791,0.327652,0.189817,0.103018,0.419817,0.263684,0.174086,0.178205,0.108505,0.094164,0.301128,0.275095,0.223720,0.243845,0.018060,0.178634,0.122976,0.277060,0.184235,0.082619,0.083653,0.171438,0.296325,0.013962,0.087348,0.121149,0.081866,-0.012202,0.167152,0.177889,0.178729,0.117651,0.180444,0.254746,0.221747,0.160640,0.140166,0.228700,0.204699,0.124142,0.148606,0.155393,0.113638,0.156960,0.090537,0.347915,0.285125,0.311577,0.130689,0.052142,0.166007,0.309461,0.028044,0.229445,0.204888,0.080009,0.191087,0.324637,0.223113,0.048316,0.184945,0.212518,0.214170,0.195886,0.089529,0.114941,0.113051,0.096566,0.042267,0.258875,0.165696,-0.021491,0.187420,0.150990,0.174823,0.164694,0.142711,0.214267,0.338837,0.083504,0.184168,0.080984,0.225199,0.252584,#
2,0.170450,0.115633,1.000000,0.223664,0.049217,0.198176,0.174552,0.337949,0.124727,0.197097,0.234316,0.127587,0.154097,0.080715,0.255778,0.113207,0.191776,0.214519,0.152288,0.260917,0.120027,0.206189,0.060616,0.159842,0.187116,0.029063,0.204859,0.207571,0.214280,0.209580,0.183839,0.225468,0.271438,0.269296,0.227221,0.192657,0.342249,0.087173,0.311977,0.176871,0.365217,0.236057,0.049941,0.167646,0.075720,0.230790,0.400203,0.100136,0.179172,0.411637,0.096307,0.091304,0.193727,0.394723,0.283495,0.125396,0.204557,0.145260,0.078635,0.123472,0.154132,0.261988,0.180407,0.303088,0.186327,0.193183,0.446702,0.041383,0.307523,0.208936,0.275761,0.075359,0.177198,0.263399,0.239482,0.192851,0.276563,0.348433,0.181507,0.400093,0.162466,0.190672,0.331185,0.270157,0.215012,0.385778,0.255910,0.277849,0.263769,0.190750,0.353469,0.329742,0.205746,0.052583,0.398743,0.163885,0.124337,0.187204,0.232455,0.131836,0.157369,0.085416,0.064315,0.127264,0.180744,0.336743,0.153671,0.048753,0.342849,0.179357,0.226580,0.131569,0.395594,0.039098,0.272690,0.101880,0.079616,0.015077,0.243829,0.101090,0.285313,0.261553,0.164681,0.085506,0.204176,0.165324,0.204703,0.130813,0.184088,0.237702,0.142310,0.377295,0.304170,0.299553,0.123577,0.154904,-0.010696,0.141978,0.161418,0.097083,0.229450,0.126426,0.066396,0.047219,0.236055,0.302164,0.198016,0.185026,0.265263,0.190197,0.220124,0.009454,0.093971,0.330266,-0.032464,0.306051,0.154976,0.085110,0.027767,0.153004,0.098573,0.032959,0.157877,0.194792,0.019284,0.234087,0.367866,0.241427,0.092444,0.136279,0.139920,0.128002,0.116937,0.191220,0.221402,0.144293,0.171905,0.199794,0.205561,0.121995,0.037045,0.272540,0.222371,0.345169,-0.012420,0.138873,0.095550,0.189367,0.210900,0.095438,0.148716,0.229350,0.173966,0.181253,0.188493,0.282687,0.213543,0.180963,0.171347,0.136579,#
3,0.178226,0.362070,0.223664,1.000000,0.211059,0.242635,0.078496,0.218490,0.211009,0.229819,0.126673,0.189273,0.301790,0.052713,0.170924,0.196338,0.256804,0.084825,0.148414,0.129314,0.265211,0.399881,0.126817,0.156890,0.343296,0.273216,0.252423,0.244563,0.199025,0.087225,0.131889,0.272718,0.225395,0.297542,0.240326,0.184345,0.129332,0.132897,0.071052,0.242773,0.202667,0.218332,0.133144,0.092061,0.182563,0.292432,0.252761,0.358613,0.307632,0.288163,0.159161,0.145750,0.288850,0.245750,0.315758,0.136285,-0.076182,0.169475,0.416538,0.155483,0.216104,0.274760,0.059832,0.183154,0.187979,0.340727,0.137049,0.157529,0.174946,0.303305,0.117181,0.257713,0.366909,0.230633,0.169204,0.135482,0.164385,0.243304,0.253090,0.277362,0.209821,0.152982,0.248482,0.215451,0.210315,0.228364,0.142756,0.177964,0.123204,0.253725,0.065574,0.235673,0.256549,0.174101,0.257796,0.266227,0.124659,0.117871,0.016010,0.240709,0.219937,0.097087,0.061254,0.178343,0.184922,0.173025,0.253141,0.400174,0.109721,0.172849,0.139302,0.258815,0.248951,0.209315,0.221550,0.171795,0.326575,0.158267,0.251539,0.123679,0.102694,0.197883,0.153666,0.214521,0.138612,0.130955,0.318628,0.238464,0.178396,0.270156,0.099400,0.281560,0.168236,0.355848,0.286138,0.154496,0.263175,0.104787,0.236043,0.118049,0.177794,0.136945,0.001934,0.066609,0.033533,0.296100,0.152205,0.189126,0.190320,0.075586,0.114724,0.059564,0.173490,0.217723,0.169462,0.149772,0.278642,0.220343,0.083269,0.286189,0.299352,0.312732,0.237316,0.451406,0.169513,0.170839,0.195850,0.148949,0.180570,0.244133,0.238609,0.154397,0.124845,0.233114,0.064851,0.253245,0.079588,0.115582,0.224191,0.161622,0.095714,0.328555,0.138225,0.267246,0.035530,0.176792,0.048779,0.012061,0.323741,0.212446,0.107307,0.202165,0.230635,0.190005,0.230367,0.249681,0.207649,0.141502,0.192566,0.327726,#
4,0.099258,0.181943,0.049217,0.211059,1.000000,0.272658,0.242067,0.074643,0.053410,0.192430,0.202228,0.110807,0.059165,0.014835,0.202963,0.218997,0.065213,0.126746,-0.023106,0.187774,0.188421,0.301725,0.151576,0.216728,0.175377,-0.013369,0.083654,0.201044,0.160215,0.103608,0.239063,0.041829,0.184381,0.090405,0.145804,0.172123,0.006978,0.003995,0.089710,0.296612,0.066020,0.140808,0.183758,0.231316,0.231166,0.072386,0.322497,0.142136,0.036792,0.191815,0.113126,0.113535,0.172866,-0.056176,0.152750,0.090088,-0.020622,0.158085,0.352043,0.164829,0.090855,0.267115,0.192811,0.110245,0.189835,0.301577,0.200263,-0.002702,0.124048,0.177670,0.272558,0.245395,0.083191,0.017568,0.059421,0.183276,0.167573,0.229694,0.248304,0.080717,-0.026536,0.173448,0.230272,0.030541,0.263169,-0.024983,0.123905,0.159238,0.182742,0.347588,0.095231,-0.016954,0.115479,0.129874,0.153718,0.233058,0.171281,0.067584,0.022565,0.033015,0.152187,0.286215,0.067922,0.175261,0.144066,-0.025101,0.183368,0.088442,0.120246,0.274480,0.020962,0.158100,0.379780,0.322686,0.105590,0.126623,0.047854,0.324575,0.054911,0.133234,0.175957,0.240477,0.251849,0.186717,0.107233,0.083547,0.145954,-0.020543,0.359676,0.221139,0.296597,0.273790,0.079455,0.187553,0.250677,0.082865,0.056890,0.241675,0.153264,0.127050,-0.004878,0.257062,0.011561,0.163841,0.045366,0.215724,0.120787,0.012185,0.138704,0.216742,0.075286,0.302156,0.118261,0.001655,0.279056,0.054306,0.182897,0.228411,0.226288,0.110249,0.018754,0.261380,0.142524,0.296015,0.143727,0.028264,0.226895,0.157736,0.003648,0.135100,0.066445,0.123045,0.102217,0.132656,0.184857,0.146848,0.034287,0.202632,0.105632,0.235859,0.286039,0.118372,0.217169,0.157419,0.224036,0.237457,0.029328,0.241529,0.074056,0.058446,0.196657,0.041456,0.161794,0.123520,0.163015,-0.042119,0.061556,0.027669,0.168746,0.178300,#
5,0.272469,0.335864,0.198176,0.242635,0.272658,1.000000,0.119130,0.257333,0.197550,0.204346,0.089310,0.106344,0.264900,0.076345,0.208911,0.070905,0.123250,0.149772,0.216672,0.276176,0.155627,0.108559,0.123613,0.207296,0.340076,0.234980,0.227065,0.314739,0.045109,0.237375,0.164503,0.200885,0.184961,0.354326,0.182976,0.237954,0.159418,0.031032,0.127263,0.213328,0.105203,0.190560,0.120857,0.203590,0.210198,0.201030,0.182328,0.331838,0.106719,0.304388,0.225247,0.042733,0.241172,0.199690,0.276825,0.311907,0.034825,0.139161,0.309307,0.262527,0.057386,0.107009,0.149855,0.253272,0.078516,0.207659,0.135961,0.127453,0.166975,0.227652,0.330948,0.243236,0.279415,0.185950,0.193485,0.066406,0.095924,0.400782,0.219325,0.146149,0.132356,0.239586,0.316954,0.175674,0.176669,0.099191,0.109966,0.121471,0.194266,0.221029,0.340503,0.050532,0.103996,0.134294,0.173260,-0.050652,0.278173,0.194797,0.236515,0.009292,0.303082,0.198624,0.316739,0.234316,0.176797,0.112373,0.240128,0.205696,0.045714,0.232742,0.157578,0.174085,0.270668,0.098716,0.079970,0.035514,0.361885,0.284559,0.246577,0.146471,0.175304,0.256146,0.206454,0.328892,0.111411,0.149343,0.296836,0.053656,0.287086,0.014708,0.123238,0.348786,0.255746,0.334556,0.209506,0.026615,-0.052451,0.245923,0.118549,0.033932,0.047901,0.054095,0.091322,0.104514,0.380886,0.141750,0.112310,0.193231,0.214717,0.343728,0.353095,0.103599,0.329356,0.176569,0.173710,0.165448,0.200342,0.165028,0.179801,0.201495,0.192387,0.358735,0.210386,0.237628,0.175320,0.008098,0.066887,0.269690,0.135509,0.096313,0.317492,0.158188,0.142701,0.181159,0.069522,0.223167,0.229381,0.257861,0.271829,0.292063,0.199609,0.171714,-0.049405,0.163917,0.061808,0.270473,0.071916,0.169722,0.346612,0.202595,0.107926,0.283707,0.160686,0.300882,0.225280,0.169492,0.089893,0.211257,0.216402,0.310488,#
6,0.112069,0.162489,0.174552,0.078496,0.242067,0.119130,1.000000,0.119404,0.209734,0.285745,0.308308,0.224126,0.148288,0.029119,0.031038,0.448215,0.294309,0.289957,0.196593,0.093299,0.131263,0.162928,0.098437,0.111498,0.309366,0.216053,0.135903,0.143499,0.133960,0.120929,0.236813,0.264286,0.191265,0.220061,0.155580,0.221624,0.254217,0.195546,0.139891,0.143562,0.218452,0.150228,0.305555,0.258712,0.120470,0.035325,0.207784,0.264846,0.154670,0.293985,0.090967,0.082665,0.228656,-0.066066,0.143003,0.046129,0.086443,0.179723,0.199430,0.072961,0.287393,0.275728,0.160756,0.053679,0.318767,0.196311,0.265001,0.208211,0.203754,0.053564,0.346273,0.351576,0.080416,0.077306,0.092990,0.224692,0.369081,0.365099,0.324238,0.123103,0.110980,0.137354,0.174262,0.330187,0.297644,0.050993,0.223559,0.200323,0.069793,0.204109,0.182465,0.110209,0.141993,0.159920,0.184785,0.176348,0.245920,0.227011,0.107203,0.114810,0.157193,0.277412,0.134914,0.139494,0.270016,0.058316,0.117351,0.142903,0.319284,0.067281,0.075352,0.097874,0.278491,0.187697,0.108316,0.249791,0.045028,0.107994,0.044453,0.236669,0.097803,0.206415,0.019685,0.115684,0.197211,0.045193,0.034095,0.090015,0.249935,0.084432,0.259555,0.240963,0.114968,0.048026,0.224835,0.136154,0.180349,0.094281,0.264485,0.254027,0.119754,0.124859,-0.027051,0.071553,0.181486,0.269950,0.236200,0.264844,0.154900,0.195726,0.147754,0.188060,0.032112,0.139611,0.034804,0.105952,0.078519,-0.112773,0.013476,0.254109,0.139482,0.187638,0.100772,0.166374,0.147034,0.151724,0.295875,0.060813,0.098126,0.137183,0.076126,0.290713,-0.115740,0.147978,0.208660,0.235219,0.142591,0.221858,0.146867,0.170009,0.208307,0.213544,0.195033,0.165408,0.088627,0.106152,0.173493,0.019203,0.156121,0.136817,0.145944,0.230043,0.018250,0.121883,0.201463,0.238220,0.261511,0.094776,0.213967,0.182440,#
7,0.254662,0.179804,0.337949,0.218490,0.074643,0.257333,0.119404,1.000000,0.272957,0.118161,0.134705,0.047114,0.326716,0.129235,0.261496,0.141979,0.127981,0.243341,0.201199,0.247838,0.268898,0.183394,0.280843,0.112511,0.200677,0.305794,0.177299,0.180457,0.247513,0.275821,0.146195,0.158128,0.162628,0.266734,0.292979,0.282308,0.151079,0.184113,0.363851,0.213995,0.185476,0.361027,0.114635,0.106857,0.161506,0.213748,0.306878,0.293742,0.375282,0.311761,0.229926,0.209024,0.279208,0.255993,0.299458,0.054631,0.156430,0.020882,0.341471,0.330995,0.088029,0.286115,0.215841,0.198321,0.265851,0.296210,0.306506,0.084016,0.117493,0.050388,0.319870,0.109059,0.258422,0.207406,0.169196,0.139688,0.202259,0.259057,0.086293,0.150075,0.298634,0.112209,0.327873,0.221475,0.188221,0.300887,0.101526,0.204791,0.125275,0.252565,0.247853,0.211810,0.250815,0.075363,0.302229,0.276474,0.264516,0.317856,0.305810,0.164304,0.144477,0.135850,0.024559,0.077421,0.228896,0.068563,0.066979,0.289414,0.256550,0.099295,0.275003,0.195083,0.359354,0.111314,0.244195,0.239891,0.119836,0.101693,0.253756,0.297586,0.218611,0.188075,0.248122,0.191609,0.235575,0.227552,0.166214,0.236590,0.173775,0.226052,0.069453,0.313092,0.264559,0.040601,0.102162,0.150753,0.074380,0.368001,0.148619,0.147293,0.065565,0.148331,0.163794,0.156653,0.306756,0.313791,0.194372,0.071932,0.153352,0.202670,0.071801,0.128139,0.178322,0.064530,0.103976,0.329175,0.276153,0.264781,0.136660,0.217490,0.254267,0.168724,0.275013,0.222956,0.144695,0.157476,0.242233,0.174863,0.019943,0.059599,0.289151,0.146279,0.194345,0.268533,0.207513,-0.033686,0.119885,0.088838,0.195813,0.204248,0.146114,0.254358,0.140523,0.252560,0.137517,0.233631,0.222110,0.127850,0.256885,0.357348,0.285776,0.227293,0.156961,0.131282,0.283040,0.179223,0.213466,0.322621,0.284985,0.223080,#
8,0.220690,0.163205,0.124727,0.211009,0.053410,0.197550,0.209734,0.272957,1.000000,0.219161,0.197778,0.268219,0.286710,0.257634,0.199656,0.292377,0.145245,0.172536,0.013653,0.231646,0.279946,0.178833,0.195254,0.186994,0.392352,0.192827,0.182105,0.042404,0.193748,0.103469,0.210132,0.198733,0.160826,0.165121,0.184433,0.471612,0.225367,0.157172,0.063010,0.093242,0.136180,0.100864,0.411630,0.231917,0.156582,0.080554,0.208976,0.128193,0.229926,0.261543,0.312569,0.175891,0.253421,0.210420,0.070918,0.197491,0.162331,0.176909,0.141642,0.078581,0.215197,0.263880,0.346202,0.285676,0.253087,0.383396,0.279810,0.335167,0.341072,0.077471,0.322341,0.310810,0.293991,0.081647,0.219668,0.075498,0.260373,0.275218,0.229542,0.213332,0.231776,0.135951,0.182605,0.197353,0.266457,0.163971,0.203512,0.236153,0.092569,0.079472,0.226222,0.196741,0.054571,0.078216,0.065601,0.161277,0.344137,0.319034,0.383801,0.323863,0.175709,-0.006909,0.299933,0.382227,0.048157,0.169657,0.166110,0.193344,0.057837,0.335730,0.055180,0.128568,0.225028,0.088817,0.054089,0.251734,0.250981,0.091694,0.134664,0.300035,0.177677,0.169730,0.215437,0.317996,0.165153,0.228588,0.058880,0.120587,0.331887,0.282070,0.016108,0.367098,0.259905,0.052424,0.098232,0.301535,0.212448,0.162146,0.273316,0.109752,0.107034,0.088189,0.142854,-0.078330,0.239022,0.227372,0.152355,0.267015,0.203447,0.262584,0.094634,0.224260,0.062531,0.326246,0.170387,0.167625,0.223341,0.317308,0.352464,0.135297,0.258943,0.135009,0.207602,0.114505,0.097399,0.187160,0.205062,0.308274,0.259106,0.016372,0.155435,0.315280,-0.008334,0.240551,0.235112,0.110018,0.228559,0.169569,0.217496,0.248896,0.208770,0.231039,0.250508,0.124035,0.064060,0.013729,0.308577,0.187439,0.144308,0.285764,0.301768,0.297349,0.223840,0.206042,0.214450,0.032199,-0.012054,0.210316,0.194207,0.384459,#
9,0.160739,0.163647,0.197097,0.229819,0.192430,0.204346,0.285745,0.118161,0.219161,1.000000,0.198697,0.155578,0.297425,0.138446,0.314438,0.256916,0.156162,0.282990,0.011170,0.058531,0.173170,0.140119,0.028272,0.192095,0.318308,0.027526,0.166993,0.285484,0.149451,0.018243,0.082205,0.285688,0.133739,0.136481,0.134200,0.186694,0.227459,0.103274,0.139204,0.129737,0.146818,0.127597,0.043974,0.162653,0.217101,0.115287,0.190093,0.176430,0.237688,0.314038,0.234167,0.076311,0.135795,0.127076,0.095864,0.094377,0.167549,0.263220,0.040679,0.207153,0.242860,0.300468,0.208940,0.042850,0.008873,0.255641,0.223216,0.146848,0.268273,0.177109,0.288677,0.167517,0.238922,0.104955,0.071786,0.126407,0.393705,0.281793,0.188841,0.305581,0.163510,0.242114,0.182604,0.250808,0.245748,0.157133,0.252335,0.304362,0.169085,0.303156,0.294390,0.146402,0.212559,0.082157,0.239251,0.094695,0.130385,0.074628,0.255118,0.318027,0.278650,0.268157,0.330370,0.119001,0.171861,0.194191,0.058615,0.330380,0.243765,0.182037,0.160106,0.266873,0.284100,0.150709,0.192044,0.290216,0.075273,0.104650,0.233672,0.265883,0.059130,0.263685,0.183408,0.218973,0.245823,0.174233,0.155756,0.159976,0.307692,0.083908,0.077834,0.254325,0.143696,0.166104,0.234218,0.000386,0.227270,0.179317,0.191192,0.137384,0.308634,0.238891,0.202517,0.308836,0.225652,0.402240,0.087294,0.256730,0.214837,0.269229,0.106885,0.046698,0.164231,0.223760,0.132928,0.158488,0.113838,0.157785,0.235498,0.242837,0.191615,0.349504,0.307975,0.212030,0.130241,0.294850,0.114729,0.308801,0.248863,0.169655,0.148123,0.111941,0.069454,-0.014218,0.143709,0.211603,0.306374,0.279686,0.092369,0.201908,0.195163,0.288011,0.242129,0.040760,0.103341,0.089654,0.122437,0.168035,0.247978,0.066368,0.094817,0.116085,0.114358,0.087841,-0.012561,0.080529,0.222888,0.186977,0.163522,0.164687,#
10,0.110390,0.192396,0.234316,0.126673,0.202228,0.089310,0.308308,0.134705,0.197778,0.198697,1.000000,0.248813,0.196517,0.044186,0.077523,0.270239,0.297693,0.181954,0.222498,0.143555,0.181144,0.154685,0.109572,0.327323,0.224437,0.196092,0.129887,0.199763,0.199523,0.192426,0.193577,0.225796,0.181435,0.207986,0.238747,0.186746,0.301117,0.155752,0.071593,0.149917,0.278891,0.021795,0.191141,0.064172,0.166099,0.135929,0.405093,0.214136,0.140748,0.365146,0.171412,0.247360,0.237346,0.062860,0.181982,0.353394,0.141505,0.300699,0.045251,0.247546,0.203154,0.285813,0.308935,0.254114,0.193163,0.161931,0.397755,0.133186,0.364713,0.055612,0.449796,0.256827,0.215589,0.031520,0.218746,0.275556,0.173179,0.322316,0.249613,0.064547,0.229245,0.026308,0.225742,0.120544,0.245845,0.205018,0.228337,0.096360,0.101828,0.392382,0.161538,0.284684,0.248565,-0.055122,0.110853,0.197826,0.201054,0.319867,0.151405,0.121899,0.137154,0.178608,0.187944,0.206953,0.115598,0.162789,0.352336,0.024042,0.138673,0.184997,0.174483,0.146197,0.356319,0.239250,0.159197,0.269424,0.096089,0.135619,0.151871,0.105833,0.150436,0.169120,0.133519,0.151785,0.172363,0.136162,0.179623,0.171807,0.297229,0.178339,0.124033,0.314098,0.157033,0.164578,0.265037,0.364985,0.085985,0.176714,0.305507,0.291963,0.203895,0.226828,0.194182,0.157046,0.194286,0.308500,0.272485,0.168602,0.161882,0.337655,0.094035,0.045222,0.088665,0.316817,0.204883,0.131878,0.181844,0.174874,0.163500,0.112474,0.209670,0.129478,0.151314,0.255518,0.131022,0.204076,0.214546,0.192315,0.277332,0.248815,-0.022041,0.290206,-0.044356,0.182995,0.322078,0.190012,0.082163,0.117742,0.093531,0.228803,-0.024986,0.159265,0.223510,0.164999,-0.068306,0.161477,0.324094,0.168118,0.044165,0.161200,0.149223,0.162854,0.142548,0.327934,0.202992,0.128395,0.214446,0.085089,0.238594,0.320777,#
11,0.223135,0.143057,0.127587,0.189273,0.110807,0.106344,0.224126,0.047114,0.268219,0.155578,0.248813,1.000000,0.254803,0.215719,0.282491,0.233323,0.134308,0.250055,0.301568,0.199981,0.139827,0.185884,0.220060,0.206197,0.308912,0.161756,0.100405,0.147783,0.191869,0.070523,0.338355,0.299591,0.257369,0.240602,0.152713,0.270507,0.264007,0.240206,0.099310,0.080453,0.259202,0.028394,0.196278,0.106614,0.191562,-0.086671,0.236874,0.292392,0.221989,0.262673,0.014155,0.004758,0.339007,0.095985,0.181413,0.076924,0.035828,0.399809,0.196950,0.275397,0.095111,0.197350,0.306656,0.187291,0.123355,0.205064,0.289143,0.279670,0.288597,0.184473,0.191316,0.136195,0.264289,0.103020,0.412850,0.295581,0.329856,0.347756,0.101992,0.107886,0.000020,0.023729,0.338837,0.196302,0.301402,0.056293,0.152886,0.185837,0.093397,0.141549,0.208269,0.159971,0.173763,0.192918,-0.041342,0.237360,0.141710,0.303347,0.163978,0.287745,0.186883,0.193841,0.248224,0.240482,0.202694,0.134022,0.228503,0.220690,0.128507,0.172744,0.147735,0.259803,0.230474,0.069112,0.156405,0.118218,0.203461,0.105386,0.125674,0.347820,0.154914,0.154751,0.243473,0.402537,0.191268,0.033751,0.183026,0.277783,0.365351,0.292684,0.219773,0.251460,0.296337,0.166786,0.246374,0.269057,0.265351,0.267997,0.254852,0.244159,0.075369,0.018267,0.250784,0.294257,0.225994,0.244958,0.157425,0.199450,0.137104,0.122552,0.150053,0.089530,0.175346,0.435491,0.127939,0.135319,0.156840,0.109409,0.087182,0.238639,0.333831,0.281528,0.197247,0.274150,0.260104,0.315309,0.321471,0.188627,0.211433,0.261761,0.228649,0.180451,0.182536,0.281223,0.223385,0.189305,0.231563,0.117719,0.155424,0.251583,0.156162,0.170023,0.315222,0.167146,0.084146,0.009937,0.224345,0.225247,-0.014979,0.033341,0.297142,0.364896,0.187891,0.206279,0.219370,0.101863,0.131923,0.162684,0.238439,0.221497,#
12,0.302065,0.202940,0.154097,0.301790,0.059165,0.264900,0.148288,0.326716,0.286710,0.297425,0.196517,0.254803,1.000000,0.216474,0.277490,0.176115,0.123442,0.215151,0.237038,0.154646,0.226412,0.162140,0.274076,0.255310,0.352403,0.352078,0.213075,0.181573,0.142632,0.194327,0.187678,0.148328,0.144629,0.314418,0.366813,0.273268,0.285937,0.262354,0.160653,0.156474,0.091717,0.007012,0.171915,0.147781,0.333694,0.193586,0.359748,0.272552,0.357287,0.398450,0.331261,0.055429,0.175471,0.183679,0.249016,0.240119,0.136386,0.077331,0.268627,0.180185,0.163628,0.288696,0.308193,0.164001,0.192500,0.308341,0.157945,0.293836,0.382100,0.237238,0.307794,0.212229,0.366563,0.123448,0.210508,0.319916,0.282464,0.348471,0.148466,0.306889,0.295072,0.197829,0.306995,0.185507,0.216569,0.232611,0.081376,0.290253,0.042019,0.168695,0.382152,0.179366,0.277926,0.249299,0.154415,0.284788,0.249589,0.176080,0.118503,0.132961,0.127448,0.225380,0.200532,0.223208,0.101267,0.110375,0.114827,0.314981,0.195395,0.232963,0.214888,0.233227,0.352785,0.000512,0.211258,0.242645,0.083368,0.124237,0.270586,0.312364,0.225640,0.295745,0.197397,0.304910,0.250376,0.373880,0.248838,0.200169,0.143355,0.179756,-0.079684,0.149890,0.216924,0.120842,0.087045,0.184957,0.069602,0.195932,0.194935,0.070389,0.136662,0.002461,0.092711,0.250829,0.066730,0.374209,0.237506,0.180298,0.180258,0.283390,0.314518,-0.034285,0.313255,0.164185,0.194421,0.248309,0.282838,0.321700,0.334523,0.099870,0.194274,0.359762,0.285630,0.206466,0.365841,0.164253,0.146575,0.323467,0.236627,0.232279,0.293578,0.067854,0.171111,0.234730,0.216713,0.170794,0.258679,0.220174,-0.075548,0.178915,0.202586,0.339206,0.195199,0.131179,0.058298,0.123856,0.141639,0.229727,0.211129,0.156769,0.131361,0.256789,0.060662,0.074512,0.164983,0.157991,0.168812,0.236221,0.324712,0.246503,#
13,-0.083302,0.242027,0.080715,0.052713,0.014835,0.076345,0.029119,0.129235,0.257634,0.138446,0.044186,0.215719,0.216474,1.000000,0.207746,0.072109,0.014956,0.205379,0.138315,0.051199,0.130787,0.145265,0.260736,0.222963,0.211731,0.254559,0.076667,0.135567,0.048479,0.170159,0.087087,0.045312,0.123797,0.210069,-0.013373,0.216547,0.098480,0.232786,0.055086,0.107528,0.209580,0.091603,0.210825,-0.056069,0.157195,0.156628,0.065330,0.199454,0.273714,0.287203,0.043203,0.104617,0.197966,0.134875,0.236085,0.190090,0.146895,0.233472,0.175407,0.167169,0.027414,0.298861,0.104091,0.096597,0.221286,0.202016,0.294053,0.314666,0.292910,0.237537,0.066322,0.131267,0.332436,0.049263,0.118130,0.165669,0.258404,0.299827,0.256599,0.100607,-0.057358,0.099099,0.260396,0.289777,0.089594,0.254860,-0.001916,0.245322,0.196760,0.130769,0.171158,0.228374,0.174542,0.083540,0.046543,0.149280,0.114164,0.153020,0.163973,0.195926,0.175249,0.193960,0.297981,0.124715,0.110500,0.080980,0.115203,0.182898,-0.004061,0.133754,-0.037644,0.128665,0.175187,0.106878,0.227937,0.081004,0.070577,0.000277,0.175838,0.121162,0.231271,0.045783,0.293252,0.074571,0.075400,0.102042,0.105926,0.189212,0.187423,0.187291,0.033580,0.051779,0.134386,0.187148,0.081522,0.137894,0.095130,0.178779,0.311597,0.148206,0.248949,0.098308,0.112949,0.020105,-0.004668,0.199350,0.212089,0.118191,0.233110,0.068699,0.242861,0.138302,0.147336,0.197869,0.046694,0.108671,0.123748,-0.033360,0.209602,0.116981,0.179111,0.113210,0.314476,0.198429,0.220731,0.084797,0.153607,0.239413,0.068621,0.171022,0.151166,0.106755,0.065925,0.345216,0.216417,0.159772,0.146529,0.114801,0.016879,0.180911,0.177298,0.189229,0.282263,0.072255,-0.016966,0.138466,0.081007,0.044392,-0.019358,0.106531,0.299875,0.146971,0.227736,0.147090,0.137660,0.227433,0.067167,0.298694,0.204312,0.125372,#
14,0.366573,0.119614,0.255778,0.170924,0.202963,0.208911,0.031038,0.261496,0.199656,0.314438,0.077523,0.282491,0.277490,0.207746,1.000000,0.128218,0.094148,0.239063,-0.013333,0.208042,0.056458,0.167729,0.287805,0.312641,0.231463,0.095405,0.177436,0.232238,0.144258,0.184495,0.450723,0.054379,0.061481,0.155497,0.337825,0.227097,0.219303,0.136723,0.315101,0.126365,0.191670,0.154810,0.057043,0.136768,0.198586,0.193018,0.256623,0.166163,0.240363,0.239818,0.149406,0.219532,0.304355,0.156966,0.225856,0.136266,0.219912,0.162121,0.288027,0.091017,0.129282,0.270322,0.291322,0.212776,0.117660,0.265804,0.191143,0.128142,0.223126,0.117066,0.218506,0.107630,0.339648,0.279212,0.241278,0.238366,0.215113,0.272967,0.087151,0.223374,0.090749,0.088026,0.308599,0.279318,0.214498,0.169592,0.072648,0.202482,0.150945,0.217955,0.282455,0.175301,0.246711,0.342191,0.235541,0.184937,0.001863,0.176136,0.100662,0.160716,0.134469,0.222100,0.268593,0.138667,0.174174,0.098620,0.162668,0.093834,0.252523,0.250880,0.081260,0.229242,0.321326,0.129546,0.115689,0.116563,0.166445,-0.054912,0.228187,0.231125,0.237506,0.163627,0.333479,0.202196,0.191293,0.015782,0.095304,0.184012,0.182508,0.136474,0.038204,0.276063,0.144647,0.155338,0.184757,0.052005,0.277194,0.263451,0.231894,0.092252,0.157816,0.205711,0.150781,0.324568,0.209384,0.335793,0.156288,0.061321,0.228901,0.161335,0.367876,0.056791,0.312824,0.251366,0.188966,0.170033,0.127781,0.136511,0.115622,0.238687,0.191866,0.188398,0.195045,0.119111,0.375167,0.319533,0.199910,0.237378,0.199798,0.225185,0.131861,-0.032646,0.142529,0.184361,0.260856,0.116044,0.087465,0.147595,0.206989,0.298320,0.138292,0.240481,0.145437,0.102419,0.103240,0.206544,0.157591,0.170906,0.161042,0.130963,0.262973,0.184867,0.210175,0.141349,0.048765,-0.003785,0.098654,0.255430,0.165841,0.052636,#
15,0.084595,0.166969,0.113207,0.196338,0.218997,0.070905,0.448215,0.141979,0.292377,0.256916,0.270239,0.233323,0.176115,0.072109,0.128218,1.000000,0.219932,0.227122,0.255333,0.127602,0.109725,0.228725,0.174789,0.253499,0.297401,0.123515,-0.008741,0.131881,0.149316,0.015005,0.308251,0.340095,0.224405,0.346041,0.110592,0.272322,0.198249,0.287402,0.037695,0.043531,0.123947,0.017264,0.192806,0.169708,0.167447,0.145524,0.249705,0.180877,0.211288,0.266693,0.175643,0.134654,0.179193,0.094173,0.152174,0.127829,0.178300,0.170144,0.174061,0.238602,0.219373,0.365196,0.258994,0.140339,0.274576,0.168618,0.261222,0.291202,0.195557,0.086926,0.240364,0.126011,0.060116,0.181355,0.217257,0.159960,0.232613,0.220609,0.295621,0.082521,-0.001594,0.092602,0.225848,0.267558,0.327617,0.168238,-0.018099,0.203372,0.138857,0.051452,0.087638,0.213027,0.252179,0.199005,0.076928,0.182236,0.179913,0.290908,0.240851,0.225011,0.124112,0.274106,0.189410,0.259188,0.213942,0.028061,0.087776,0.126091,0.139032,0.285174,0.071504,0.052365,0.323449,0.131154,0.277821,0.136690,0.001866,0.000389,0.090155,0.376575,0.033702,0.320209,0.222919,0.168723,0.138736,0.085309,0.147306,0.145830,0.253085,0.228562,0.240161,0.219925,0.066084,0.008361,0.250012,0.246257,0.279736,0.135904,0.108211,0.163794,0.121729,0.116180,0.119893,0.109366,0.239725,0.313723,0.109002,0.164486,0.164930,0.180198,0.204308,0.341028,0.151389,0.286875,0.138796,0.192119,0.088176,0.038036,0.201247,0.214839,0.215536,0.225361,0.241653,0.325779,0.151550,0.161058,0.216269,0.035426,0.192766,0.197132,-0.035916,0.217546,-0.046159,0.329775,0.190402,0.228030,0.180741,0.100803,0.233634,0.268963,0.163603,0.177432,0.170008,0.216793,0.218921,0.015777,0.065978,0.053311,0.098948,0.165862,0.109436,0.326723,0.088767,0.138891,0.110195,0.131534,0.177807,0.075574,0.315126,0.248325,#
16,0.173267,0.192009,0.191776,0.256804,0.065213,0.123250,0.294309,0.127981,0.145245,0.156162,0.297693,0.134308,0.123442,0.014956,0.094148,0.219932,1.000000,0.174527,0.326798,0.206671,0.336441,-0.099654,0.033135,0.229683,0.227994,0.213971,0.088959,0.172542,-0.022239,0.132009,0.181606,0.200924,0.092300,0.033611,0.153674,0.142311,0.319160,0.269065,0.126231,0.244349,0.118864,0.068418,0.144109,0.123338,0.073381,0.137520,0.206382,0.134075,0.154735,0.317554,0.002585,0.170539,0.177181,0.088189,0.053123,0.200080,-0.058474,0.128236,0.121904,0.098549,0.275982,0.266661,0.166256,0.074648,0.119559,0.153914,0.251248,0.182220,0.210214,0.094922,0.251343,0.187648,0.116237,0.085604,0.080179,0.067185,0.137531,0.202841,0.110375,0.185829,0.329796,0.068665,0.259707,0.151695,0.253647,0.193873,0.156223,0.027320,-0.011986,0.216534,-0.019718,0.173248,0.219512,-0.056573,0.144199,0.185866,0.078896,0.165132,0.154741,0.192542,0.147363,0.180055,0.126646,0.225647,0.170129,0.099167,0.137143,0.102770,0.383744,0.151390,0.143103,0.132667,0.267235,0.181778,0.234145,0.245589,0.289991,0.079479,0.109427,-0.020331,-0.008017,0.113605,0.194270,0.081650,0.240575,0.057819,0.027892,-0.036742,0.219226,0.078466,0.220035,0.149477,0.127180,0.155870,0.180419,0.284265,0.148110,0.086088,0.130601,-0.042759,0.023159,0.123841,0.128308,-0.035181,0.031114,0.152319,0.297089,0.249551,0.136288,0.118420,0.069658,0.109204,-0.045373,0.190342,0.237663,0.124453,0.122918,0.018638,0.012671,0.097152,0.241160,0.061513,0.238600,0.112802,0.227851,0.146842,0.163293,0.149095,0.143451,0.173972,-0.114366,0.227125,0.092768,0.325088,0.219289,0.161903,0.077687,0.340864,0.131263,0.203472,0.195068,0.087313,0.104670,0.259115,-0.126922,-0.024858,0.145694,0.130257,0.215212,0.171664,0.190671,0.240594,0.080821,0.236206,0.185978,0.273641,0.234249,0.110301,0.185035,0.199431,#
17,0.156357,0.098225,0.214519,0.084825,0.126746,0.149772,0.289957,0.243341,0.172536,0.282990,0.181954,0.250055,0.215151,0.205379,0.239063,0.227122,0.174527,1.000000,0.195617,0.248204,0.052178,0.181034,0.213675,0.007047,0.315531,0.158958,0.073623,0.202514,0.140553,0.112198,0.155617,0.273842,0.061327,0.077668,0.030468,0.049088,0.155595,0.269499,0.266142,0.234834,0.174028,0.183941,0.136133,0.141768,0.187260,0.254222,0.214541,0.307699,0.173737,0.278618,0.116264,-0.018405,0.217484,0.115489,0.211654,0.109545,0.191947,0.085114,0.144297,0.179016,0.138299,0.139220,0.358992,0.081920,0.116503,0.202335,0.399731,0.136224,0.196005,0.062339,0.345447,0.086019,0.102445,0.286636,0.310585,0.066690,0.188465,0.321158,0.280779,0.164593,0.108246,0.155053,0.289281,0.366235,0.185659,0.074266,0.193592,0.209822,0.031387,0.185196,0.187670,0.106876,0.279399,0.142828,0.301024,0.266984,0.112287,0.155913,0.279956,0.280925,0.140449,0.145571,0.144322,0.027308,0.058202,0.221291,-0.008434,0.115698,0.110351,0.261463,0.183082,0.072060,0.427677,0.152853,0.346194,0.151889,0.022803,0.037451,0.271204,0.338915,0.163280,0.210140,0.180364,0.065473,0.078165,0.061714,0.086658,0.172314,0.262289,0.100530,0.139431,0.290770,0.242881,0.078511,0.179346,0.142296,0.302006,0.177514,0.065459,0.259584,0.216404,0.181002,0.294482,0.190031,0.281540,0.170455,-0.032967,0.026337,0.216009,0.174049,0.191273,0.150290,0.138880,0.283128,0.040106,0.204587,0.265716,0.042330,0.190714,0.205740,0.184141,0.211859,0.328126,0.145180,0.133536,-0.025275,0.060303,0.083621,0.153067,0.104450,0.075994,0.151739,0.133088,0.142135,0.250117,0.134493,0.178579,0.220540,0.165212,0.289598,0.156228,0.220709,0.203899,0.290322,0.061972,-0.032706,0.216739,0.268312,0.063891,0.091426,0.274609,0.271156,0.046209,0.127742,0.024723,0.256299,0.161262,0.039860,0.234259,-0.015605,#
18,0.073558,0.184783,0.152288,0.148414,-0.023106,0.216672,0.196593,0.201199,0.013653,0.011170,0.222498,0.301568,0.237038,0.138315,-0.013333,0.255333,0.326798,0.195617,1.000000,0.080206,0.136799,0.275973,0.080096,0.128042,0.090667,0.269034,0.093920,0.047122,0.065341,0.158359,0.059527,0.268858,0.165880,0.279533,0.121804,0.235277,0.140838,0.323696,0.126895,0.216483,0.202250,0.099415,0.251539,-0.063360,0.125297,0.115049,0.229843,0.320971,0.263586,0.179533,-0.064582,0.049497,0.208721,-0.016728,0.139428,0.110356,0.052836,0.049819,0.175434,0.286660,0.181204,0.173178,0.100864,0.048191,0.178478,0.041241,0.206651,0.010970,0.071391,0.112518,0.106567,0.099473,0.113659,0.003872,0.205794,0.009159,0.105285,0.200466,0.068138,0.030240,0.047293,-0.052944,0.249842,0.148604,0.307809,0.292534,-0.075821,0.173788,0.080991,0.068879,0.183143,0.053563,0.249836,0.163312,0.121473,0.108237,0.133941,0.167445,0.143741,0.120508,0.146675,0.089614,0.117121,0.056779,0.130336,0.215655,0.100612,0.220062,0.161237,0.201761,0.239368,0.051123,0.227407,0.016446,0.128988,0.146706,0.101457,0.069753,0.189496,0.171196,0.151785,0.050851,0.124645,0.131526,0.276503,-0.000085,0.232496,0.070665,0.267478,0.064628,0.054758,0.235999,0.140181,0.029357,0.105724,0.176932,0.115105,0.097677,0.153502,0.110394,-0.053490,0.055113,0.063291,0.098495,0.169536,0.142688,0.095528,0.123266,0.178440,0.111165,0.142301,-0.036579,0.262449,0.205993,0.191719,0.285564,0.085092,0.005833,-0.062080,0.041213,0.211133,0.139750,0.353686,0.090339,0.101475,0.046524,0.291769,0.035480,0.015625,0.182103,0.066704,0.082230,0.117657,0.392774,0.202467,0.142189,0.018588,0.129016,0.129019,0.218424,0.156408,0.143204,0.078345,0.161573,-0.011241,0.053857,0.103357,0.110021,-0.055168,0.167291,0.113777,0.338576,0.052109,0.250625,0.222827,0.135118,0.110916,0.300911,0.188576,0.242284,#
19,0.199408,0.174268,0.260917,0.129314,0.187774,0.276176,0.093299,0.247838,0.231646,0.058531,0.143555,0.199981,0.154646,0.051199,0.208042,0.127602,0.206671,0.248204,0.080206,1.000000,0.124066,0.029991,0.079479,0.077585,0.263552,0.126785,0.095238,0.144056,0.040701,0.079494,0.197601,0.248452,0.279846,0.110737,0.172087,0.269183,0.138848,0.205776,0.138894,0.220387,0.206681,0.226557,0.194858,0.134481,-0.023882,0.245823,0.305027,0.237949,0.183976,0.319548,0.093515,-0.006313,0.232471,0.192007,0.121582,0.075383,0.216326,0.050398,0.087346,0.140407,0.009838,0.051082,0.268855,0.166077,0.142193,0.158256,0.271395,0.152830,0.301210,0.096499,0.268583,0.116783,0.219506,0.119512,0.051602,0.148718,0.100813,0.219582,0.134591,0.128467,0.342183,0.000078,0.303028,0.146451,0.257626,0.029021,0.092447,0.183990,0.160916,0.176172,0.107159,0.142109,0.069859,0.135038,0.112827,0.081414,0.153219,0.312139,0.195170,0.223900,0.129992,0.134178,0.141535,0.150721,0.172701,0.034828,0.195767,0.001123,0.049809,0.015507,0.221155,0.118832,0.218420,0.110280,0.167092,0.174937,0.198613,0.064899,0.284914,0.051835,0.298336,0.095045,0.149549,0.255066,0.124822,0.166115,0.052396,0.213259,0.325406,0.235200,0.190825,0.340816,0.210045,0.223810,0.154879,0.240470,0.051596,0.158233,0.198995,-0.025593,0.081546,0.099006,0.020319,0.005019,0.150026,0.076451,-0.014513,0.047208,0.220986,0.226585,0.066385,0.147330,0.151055,0.228943,0.268245,0.095788,0.258858,0.117089,0.218382,0.188436,0.168620,0.228805,0.106119,0.221045,0.237933,0.190584,0.132541,0.219530,0.104420,0.078162,-0.050913,0.219094,0.250794,0.252592,0.269518,0.020670,0.160221,0.185619,0.148818,0.117589,0.091245,0.251162,0.271824,0.257268,0.007488,0.051872,-0.057272,0.156437,0.132983,0.174271,0.242230,0.195543,0.035376,0.136128,0.223322,0.101401,0.175508,-0.039725,0.176276,0.079085,#
20,0.058952,0.333264,0.120027,0.265211,0.188421,0.155627,0.131263,0.268898,0.279946,0.173170,0.181144,0.139827,0.226412,0.130787,0.056458,0.109725,0.336441,0.052178,0.136799,0.124066,1.000000,0.170228,0.114506,0.354342,0.260148,0.299002,-0.031446,0.238169,0.095495,-0.037045,0.213368,0.178492,0.227455,0.298435,0.142729,0.199693,0.109292,0.137502,0.172201,0.223203,0.177040,0.170400,0.115846,0.028852,0.253827,0.043796,0.210668,0.203191,0.161764,0.274019,0.164491,0.248417,0.173097,0.153377,0.238292,-0.045334,-0.184927,0.075132,0.159084,0.155181,0.239870,0.191043,0.252211,0.164049,0.052435,0.286721,0.256739,0.119642,0.136518,0.068735,0.159495,0.237788,0.260168,0.073450,-0.025682,0.012382,0.165999,0.191040,0.332261,0.122019,0.123319,0.091994,0.210261,0.027126,0.110365,0.189597,0.139680,0.240997,0.121171,0.283772,0.202635,0.149289,0.135912,0.153573,0.117752,0.222109,0.106172,0.054353,0.180028,0.160650,0.253933,0.222270,0.140732,0.254322,0.178142,0.188563,0.321307,0.053863,0.190836,0.257182,0.072206,0.212575,0.107445,0.016510,0.230722,0.185571,0.211458,0.112409,0.011147,0.046754,0.187098,0.216065,0.207088,0.218747,0.135493,0.159533,0.029425,0.039680,0.183009,0.206340,0.139193,0.176755,0.278530,0.155932,0.136478,0.235364,0.017235,0.311986,0.200560,0.172652,0.093327,0.070038,0.135853,0.028208,0.139882,0.085173,0.149992,0.214220,0.082554,0.210822,0.173947,0.125103,0.092728,0.187952,0.114761,0.160248,0.122993,0.245505,0.193437,0.059280,0.228603,0.178156,0.234229,0.205748,0.146913,0.130247,0.114601,0.255027,0.049475,-0.032050,0.152774,0.036381,0.102690,0.243559,0.196860,0.074728,0.113526,0.231640,0.055697,0.249814,0.173694,0.140809,0.127221,0.142004,0.030470,0.189893,0.135302,0.085695,0.183801,0.156697,0.176122,0.273951,0.340439,0.200049,0.338930,0.163429,0.167519,0.231774,0.229875,0.241542,#
21,0.050108,0.368485,0.206189,0.399881,0.301725,0.108559,0.162928,0.183394,0.178833,0.140119,0.154685,0.185884,0.162140,0.145265,0.167729,0.228725,-0.099654,0.181034,0.275973,0.029991,0.170228,1.000000,0.236333,0.146970,0.213222,0.115130,0.151663,0.012077,0.281014,0.026584,0.046700,0.120353,0.181518,0.408038,0.197143,0.317266,0.184166,0.141515,0.126929,0.091751,0.105778,0.138308,0.147228,0.188277,0.165685,0.215261,0.199509,0.214834,0.224396,0.271282,0.119954,0.163640,0.276271,0.134667,0.260472,0.095544,0.009089,0.058820,0.362386,0.164495,0.124992,0.265197,-0.043966,0.100293,0.128473,0.284892,0.232330,0.096111,0.091156,0.271948,0.155078,0.285360,0.216214,0.209649,0.238256,0.202336,0.219039,0.256009,0.140351,0.102286,0.013691,0.004340,0.331482,0.236272,0.305195,0.277408,0.030411,0.262253,0.228657,0.224798,0.151491,0.119182,0.257968,0.269820,0.225971,0.268730,0.217089,0.188896,0.136051,0.222261,0.178983,0.234667,-0.046727,0.169224,0.176401,0.265933,0.041658,0.332096,-0.040036,0.236712,0.225206,0.042579,0.176516,0.186329,0.088007,0.010248,0.148003,0.310303,0.261687,0.272068,0.328557,0.087783,0.128111,0.094861,0.126880,0.021725,0.151248,0.143441,0.207437,0.255523,0.141353,0.240594,0.063577,0.132093,0.213717,0.102273,0.116284,0.085679,0.177825,0.193733,0.106450,0.156198,-0.027407,0.184233,0.165023,0.249283,0.039059,0.074108,0.218618,0.201028,0.163548,0.109557,0.085572,0.229864,0.096286,0.182802,0.206604,0.116696,0.135837,0.132156,0.121790,0.343276,0.220798,0.247790,0.182745,0.122598,0.271257,0.028542,-0.011586,0.113377,0.227062,0.105324,0.203514,0.164831,0.093981,0.183604,-0.015283,0.088464,0.221669,0.272475,0.051669,0.311329,0.192290,0.170096,0.107985,0.245133,0.095644,0.076347,-0.000856,0.095443,0.091683,0.131757,0.232965,0.095626,0.286579,-0.039567,0.145093,0.181210,0.054429,0.338397,#
