0,1.000000,-0.097947,0.169906,0.177875,0.201307,0.061768,-0.023491,-0.051073,0.123919,0.085613,0.117442,-0.036138,0.081810,0.036809,0.275162,0.161638,0.117290,0.229087,0.271089,0.233570,0.150318,0.189619,0.199165,0.289804,0.131373,0.090700,0.261802,0.030054,0.203961,0.244014,-0.006957,0.148947,0.124091,0.153762,0.136625,0.139938,0.124272,0.113340,0.209034,0.212093,0.118095,0.121584,0.162095,0.142744,-0.015373,0.111797,0.013846,0.220609,0.070310,0.268648,0.139674,-0.047922,0.121099,0.217521,0.206788,0.200545,0.246833,0.167663,-0.085485,0.009979,0.189654,0.060589,0.244665,0.025131,0.018894,0.029218,0.021682,0.116627,0.102547,0.143811,0.118066,0.066102,0.186511,0.158825,0.068487,-0.131212,0.245878,0.190554,0.056454,0.066378,0.076057,0.035708,0.067267,0.182106,0.273141,-0.019355,0.184955,0.135878,0.190329,0.199432,0.076460,0.041978,0.224294,0.167130,0.253694,0.248207,0.249121,0.004321,0.082383,0.165317,0.253078,0.205714,0.037412,0.198460,0.207586,0.194544,0.256157,0.145437,0.139241,-0.028602,0.022013,0.072688,-0.029585,0.198247,0.028297,0.028795,0.096774,0.091280,0.104705,0.003264,0.281349,0.171391,0.127598,0.166788,0.085401,0.208120,0.136731,-0.037952,0.122092,0.217436,0.314157,0.019484,0.120053,0.053928,0.081960,0.112019,0.202044,0.116595,0.057450,0.138418,0.273870,0.172196,0.130382,0.071822,0.045246,0.177405,0.122215,0.109160,0.127798,0.129004,-0.051137,0.054932,0.186480,0.073455,0.171781,0.218528,0.155291,0.035635,0.136354,0.158378,0.139854,0.226964,-0.022912,-0.001867,0.126022,0.143745,0.038819,0.202377,0.167305,0.128131,0.126094,-0.059328,0.194657,0.157019,-0.121476,0.211720,0.283848,0.158760,0.093804,0.023661,0.151517,0.231612,0.066218,0.094038,0.082086,0.032505,0.277534,0.337346,0.197511,0.025728,0.091421,0.193372,0.093573,0.156911,0.273212,0.015464,-0.033312,0.173805,0.329481,0.189553,#
1,-0.097947,1.000000,0.175657,0.115134,0.092052,0.140376,0.267318,0.125872,0.289755,0.000524,0.275036,0.240799,0.087806,0.150292,0.012554,-0.033478,0.101670,0.144736,-0.069481,0.101354,0.072752,0.203303,0.049144,-0.008126,0.073050,0.159130,0.150935,0.248373,-0.165433,0.163853,0.170086,0.081522,0.032153,0.181774,0.011790,0.215217,0.087738,0.034845,0.259665,0.118329,0.026649,0.023838,0.196694,0.123453,0.084840,0.168391,0.358750,0.126754,0.089323,-0.083758,0.179478,0.124896,0.258645,0.230184,0.012518,0.200737,0.094087,-0.096086,0.018991,0.030020,0.011765,0.066019,0.207985,0.032145,0.089844,0.168141,0.009000,0.213251,0.171498,0.238645,0.114610,0.132291,0.234336,0.019876,0.199387,0.134414,0.055307,0.096463,0.283238,0.127588,0.098759,0.245921,0.132131,0.067225,0.159525,-0.144512,0.172966,0.104569,0.110726,0.059222,0.130244,0.108912,0.022270,0.126909,0.046085,0.138175,-0.000042,-0.003736,0.020699,0.121809,0.181786,0.046983,0.084497,0.108080,0.060260,0.136843,0.235339,0.241704,0.086636,0.067482,0.143945,0.152156,-0.002566,0.062434,0.258469,0.291909,0.143970,0.054169,-0.029815,0.146730,-0.016022,0.117830,0.175257,0.153277,0.081326,0.069824,0.170440,0.121336,0.154044,0.175928,0.067131,0.140047,0.102140,0.210688,0.289696,0.169171,0.147607,0.240163,0.239211,0.156555,0.076574,0.065607,0.152600,0.196409,0.191018,0.130146,0.091929,-0.000237,0.165560,0.051473,0.189420,0.061905,-0.069620,-0.098081,0.299539,0.195313,-0.036048,0.013399,-0.085211,-0.091910,-0.073118,0.164676,0.199712,0.212605,0.202734,0.010363,0.035016,-0.016537,0.126594,0.188719,0.194356,0.214851,0.074585,0.048442,0.010894,0.145790,0.016059,0.228764,0.130307,0.019821,0.103745,0.031590,0.165792,0.019023,0.237768,0.156660,0.099199,-0.073113,0.049145,0.221595,0.196276,0.099825,-0.061946,0.112629,0.163437,0.043714,-0.094166,0.164551,0.034603,0.233236,#
2,0.169906,0.175657,1.000000,0.180024,0.157357,0.140828,0.193945,0.179999,0.130886,0.098647,0.315813,0.263965,0.068331,0.249152,0.029064,0.224794,0.079823,0.069702,0.054120,0.147467,0.272425,0.283779,-0.033981,0.101023,0.253978,0.278549,0.284053,0.190157,0.053017,0.269453,0.045472,-0.032128,0.079728,0.059651,0.059170,0.191303,0.148253,-0.098744,0.105325,0.046801,0.203246,0.164000,0.326698,0.067606,0.000926,0.094539,0.129058,0.160605,0.063705,0.149249,0.234453,0.183661,0.142710,0.105828,0.030946,0.098761,0.077950,0.042414,0.127128,0.232559,0.207686,-0.013673,0.047580,0.178820,0.215396,0.190846,0.208913,0.085754,0.233012,0.211233,0.082749,0.174068,0.095978,0.209705,0.175977,0.107670,0.134497,0.165201,0.135412,0.066337,0.229389,0.023410,0.031866,0.027616,0.200441,0.059882,0.166245,0.210311,0.100190,0.077119,0.018561,0.278904,0.221172,0.226067,0.036461,0.236927,0.219513,0.081309,0.247742,0.098341,0.165841,0.113732,-0.042704,0.195729,0.051132,0.095197,0.188812,0.245972,0.220745,0.237673,0.159685,0.175812,0.164200,0.156568,0.133289,0.313301,0.192074,0.158549,-0.239881,0.056134,0.201987,0.057675,0.043999,0.087081,0.113559,0.079531,0.298145,0.110989,0.158143,0.181160,0.102270,0.193063,0.146127,0.041041,0.262146,0.247311,0.149627,0.138516,0.083534,-0.013249,0.162119,0.101740,0.184753,0.079011,0.343075,0.135114,-0.060590,0.081606,0.268232,-0.092885,0.135801,0.214586,0.188902,0.066540,0.139894,0.049143,0.057408,-0.082124,0.087844,0.128864,0.072579,0.357282,0.163368,0.199612,0.181502,0.137818,0.155410,0.065805,-0.092652,0.077493,0.085032,0.354309,0.088672,0.018933,0.169203,0.077518,0.235233,0.203518,-0.088441,0.086803,0.244642,0.107839,0.033314,0.317190,0.090607,0.130636,0.077892,0.017568,0.190840,-0.010066,0.069626,0.224382,0.271103,0.089723,0.200597,0.026935,-0.073437,0.211396,0.277752,0.267303,#
3,0.177875,0.115134,0.180024,1.000000,0.156965,0.232695,0.267178,0.069327,0.286889,0.123450,0.293578,0.177684,0.165905,0.041965,0.143827,0.176572,0.175911,0.236555,0.236495,0.201980,0.222881,0.112316,0.195206,0.390158,0.173693,0.235137,0.180650,0.184732,0.177568,0.269161,0.168633,0.220884,0.427244,0.211593,-0.038283,0.169994,0.270246,0.179752,0.316439,0.112816,0.179524,0.271491,0.205447,0.283129,-0.008751,0.178330,0.113462,0.195180,0.054337,0.189917,0.160994,0.255965,0.167654,0.063985,0.085375,0.243024,0.098264,0.082213,0.108071,0.146614,0.149624,0.029944,0.179068,0.065800,0.365269,0.169737,0.170866,0.046547,0.042159,0.231015,0.114700,0.128588,0.235401,0.097604,0.174185,0.243165,0.150526,0.128101,0.188118,0.050553,0.315599,0.183188,0.151569,0.019443,0.255034,0.077356,0.122988,0.107294,0.212253,0.172077,0.159681,0.212046,0.151845,0.183995,0.111666,0.227804,0.229883,-0.039301,0.269283,0.224206,0.312279,0.069981,0.087938,0.175984,0.291232,0.072257,0.261687,0.234598,0.078362,0.149514,0.169885,0.112715,0.134784,0.092074,0.093334,0.114001,0.202214,0.125489,-0.052323,0.082086,0.186016,0.088677,0.117835,0.309439,0.107164,0.108567,0.276701,0.220563,0.003102,0.284559,0.259275,0.268346,0.227012,0.198588,0.210391,0.197613,-0.036100,0.159488,0.199121,0.113776,0.229185,0.248865,0.129991,0.183814,0.116163,0.079821,0.260069,0.208178,0.116598,0.067897,-0.015736,0.050651,0.055094,0.130404,0.234434,0.120252,0.081094,0.052424,0.172303,0.199581,0.161341,0.256928,0.251825,0.198826,0.123699,0.081262,0.119913,0.141627,0.062984,0.046643,0.186016,0.025273,0.058572,-0.008042,0.020991,0.214432,0.227893,0.232683,0.034469,0.122642,0.026811,0.272252,0.284077,0.077059,0.023913,0.090543,0.129995,0.146281,0.008347,0.069350,0.084000,0.198940,0.311364,0.100515,0.236987,0.168598,0.215861,0.222965,0.158219,0.085871,#
4,0.201307,0.092052,0.157357,0.156965,1.000000,0.269721,0.013320,0.075489,0.235900,0.056611,0.062755,0.059730,0.117715,0.084130,0.057468,0.070825,0.037080,0.212152,0.139720,0.293193,0.320806,0.136519,0.117002,0.236927,0.164185,0.278480,0.108757,0.138562,0.121022,0.116068,-0.014939,0.101731,0.105905,0.057081,0.052033,0.248173,0.347253,0.065593,0.056061,0.063538,0.103670,0.403746,0.166657,0.049484,0.203579,0.077201,0.302407,0.145100,0.145245,0.178108,0.094332,0.089165,0.058684,0.250279,0.233178,0.304994,0.109241,0.045239,0.071974,-0.008477,0.128551,0.133866,0.038877,-0.021816,0.092912,-0.019294,0.111831,0.105146,0.033642,0.179108,0.128622,0.149652,0.210146,0.233983,0.036493,-0.016015,0.136380,0.272281,0.139851,0.050661,0.275255,0.181467,0.019296,-0.024954,0.327139,-0.035529,0.144868,0.128559,0.114141,0.217671,0.212684,0.090159,0.106038,0.140736,0.065920,0.277000,0.145271,0.098390,0.048804,0.130425,0.067324,-0.016802,0.164480,0.182333,0.110471,0.110520,0.003620,0.229190,0.080795,0.198939,0.315053,0.201792,0.213893,0.297791,0.151503,-0.022179,0.183542,-0.036535,-0.057700,0.037960,0.101802,0.065899,0.122449,0.018747,0.312388,-0.014573,0.212018,-0.030318,0.137388,0.007509,0.274552,0.031510,0.172524,0.104113,0.173371,0.148422,0.090865,0.119202,0.200572,0.181727,0.316088,0.031107,0.163308,0.002453,0.190169,0.241692,0.108565,0.213745,0.171482,-0.037130,0.059329,0.118922,0.131555,0.261905,0.233169,0.061865,0.300634,0.087800,0.018594,0.138174,0.157023,0.168737,-0.044940,0.080986,-0.066235,0.192975,-0.028432,0.050542,0.004467,0.126053,-0.047964,0.002619,0.258139,0.173350,0.101693,0.110604,0.226562,0.239464,0.144758,0.139110,0.003403,0.040725,0.278265,0.026012,0.107611,0.089049,0.001497,0.261596,0.131314,0.178450,0.072734,0.157886,0.082448,0.041786,0.249979,0.181638,0.077845,0.262704,0.149406,0.377798,#
5,0.061768,0.140376,0.140828,0.232695,0.269721,1.000000,0.158378,0.145660,0.325471,0.219679,0.215917,0.128127,0.219088,0.144687,0.224716,0.027919,0.029255,0.140143,-0.000165,0.186072,0.170141,0.080054,0.117001,0.079155,0.196819,0.182006,0.113568,0.253394,0.163716,0.199986,0.132344,0.164789,0.274661,0.144529,0.059675,0.196466,0.308995,0.135764,0.174861,0.102253,0.203562,0.216924,0.140177,0.182989,0.015956,0.122611,0.173999,-0.020826,0.191703,0.154936,0.126184,0.202099,0.061370,0.057580,0.168143,0.299205,-0.007134,-0.047820,0.154800,0.048259,0.100918,0.068203,0.147465,-0.000287,0.237565,0.128554,0.215261,0.032517,0.191147,0.104843,0.155711,0.135480,0.219978,0.313527,0.046386,0.059238,0.165934,0.078250,0.157651,0.107031,0.122674,0.209380,0.246019,-0.090728,0.153879,0.066628,0.045887,-0.030553,0.105028,-0.028298,-0.000489,0.172785,0.217344,0.276388,0.065613,0.305434,0.051209,0.064570,0.162318,-0.049850,0.126948,0.103032,-0.019523,0.105638,0.079075,0.109698,0.109794,0.269682,0.025944,0.100048,0.196643,0.114482,0.102661,0.128165,0.150770,0.092641,0.178907,0.112151,-0.026004,0.028538,0.071683,0.191441,0.031500,0.196305,0.047044,0.006678,0.026339,-0.047745,0.216683,0.118920,0.313110,0.083309,0.188832,0.125357,0.298577,0.254150,0.093492,0.159091,0.039356,-0.060672,0.197515,0.162123,0.160598,0.250830,0.182397,0.137197,0.184232,0.073210,-0.017223,0.120490,0.247151,-0.035023,0.179782,0.199052,0.201281,0.174917,0.098339,0.017048,0.185825,0.005341,0.116152,0.103954,0.203837,0.158324,0.080551,0.061574,0.079826,0.110005,0.182654,0.228686,0.247396,0.135460,0.185251,0.100678,-0.048216,0.149926,0.194055,0.124652,0.233793,0.003797,0.071862,0.008569,0.352901,0.153941,-0.025541,0.222335,0.184659,-0.013890,0.020244,0.044957,0.049514,0.202772,0.192829,0.123884,0.333487,-0.100722,-0.070157,0.325618,0.088384,0.307467,#
6,-0.023491,0.267318,0.193945,0.267178,0.013320,0.158378,1.000000,0.124977,0.303105,0.073513,0.119349,0.147362,0.080900,0.200606,0.068716,0.145225,0.100012,0.079402,0.114423,0.022242,0.202090,0.176736,-0.039923,0.000384,0.063767,0.181065,0.099461,0.165207,0.099698,0.256786,0.029138,0.124951,0.075137,0.165730,-0.089735,0.020078,0.059648,0.173448,0.070525,0.170401,-0.005634,0.100617,-0.011996,0.128824,0.070179,0.158636,0.117736,0.070411,0.045297,-0.055520,0.037296,0.094047,0.149773,0.172112,-0.000069,0.124109,0.003837,0.092279,0.132839,0.224136,0.157577,-0.077643,0.125194,0.109915,0.193871,0.347691,0.074029,0.185765,0.152386,0.093615,0.025758,0.161907,0.164203,0.102550,0.233614,0.162259,0.179525,0.157155,0.221788,0.051171,0.078468,0.065562,0.187845,0.013464,0.159010,0.090122,0.097950,0.172624,-0.016803,0.099220,0.067773,0.166054,0.089623,0.148849,0.064437,0.093963,0.161500,0.038964,0.129352,0.231749,0.122919,0.175005,0.055254,0.043007,-0.169509,0.230886,0.057450,0.055564,0.183793,0.180294,0.142002,0.202416,0.079717,-0.156662,0.036387,0.233124,0.257807,-0.044867,0.046304,0.082825,0.159880,0.168876,-0.064765,0.168280,0.020155,0.070595,0.037036,0.193131,-0.011818,0.141111,0.100798,0.033266,0.116922,-0.052131,0.236138,0.165587,0.010634,0.197864,0.238737,0.149229,0.044395,0.164620,0.032771,0.152468,-0.005908,0.087188,0.181903,0.064601,0.108359,-0.202276,0.181439,-0.064241,0.141636,0.018925,0.284823,0.060529,-0.009903,0.132851,0.065765,-0.022739,-0.042724,0.242832,0.276453,0.126770,0.168093,0.166068,-0.039354,0.097704,0.059274,0.114475,-0.051667,0.080481,0.114338,0.026434,0.022352,0.173839,0.027567,0.217421,0.239130,-0.054232,0.041525,0.042443,0.210390,0.232192,0.188031,0.166111,0.127673,0.055878,0.013214,0.186320,-0.013644,0.115299,0.107545,0.169313,0.029894,-0.014422,0.091018,0.163393,0.082204,0.240142,#
7,-0.051073,0.125872,0.179999,0.069327,0.075489,0.145660,0.124977,1.000000,0.228692,0.119046,0.223563,0.367629,-0.056168,0.146408,0.263201,0.149075,0.074964,0.290465,-0.024124,0.109465,0.086866,0.167259,0.219219,0.014247,0.172368,0.098076,0.153849,0.339057,0.003136,0.247323,0.021375,-0.012056,0.111299,0.082353,-0.058877,0.093454,-0.009203,-0.073957,0.194536,0.163375,0.147357,0.164735,0.102224,0.105821,0.179767,0.162165,0.072560,0.153746,0.188906,0.086530,0.176446,0.154209,-0.004936,0.157522,0.122044,0.061810,0.148843,0.181254,0.191956,0.016279,0.182463,0.033644,0.151923,0.074672,0.246183,0.140584,0.170321,-0.028555,0.151681,0.305673,0.047502,0.023298,0.216706,0.172753,-0.002576,0.062996,-0.082191,0.177963,0.111109,0.276145,0.221524,0.111943,0.179531,0.028856,0.239566,-0.048189,0.011665,-0.005108,0.056767,0.142112,-0.011783,0.111141,0.145977,0.224468,-0.060036,0.018733,-0.064919,0.064051,0.005264,0.111552,0.155627,0.017013,0.019086,0.023889,-0.077221,0.193862,0.257528,0.101239,0.094076,0.165041,-0.048018,0.073522,-0.026390,0.073893,0.365303,0.155261,-0.099962,-0.015556,-0.062548,0.318502,0.130471,0.125122,0.024021,0.163863,0.152270,0.073892,0.196325,0.143431,0.056358,0.100336,0.082571,0.046381,0.231622,0.087999,0.348281,0.156099,-0.125980,0.298678,0.034059,0.062454,0.234903,-0.025045,0.067665,-0.034054,0.097378,0.098322,0.180005,0.056278,0.087610,0.001427,0.178497,0.138711,0.009860,0.076518,0.005923,0.132543,0.169435,0.119822,0.164043,0.163461,0.065580,0.148352,0.159157,0.043150,-0.060738,0.223414,0.176193,0.032271,0.026937,0.032026,0.130853,0.136273,0.189286,0.001899,0.182933,-0.007754,0.084362,0.113172,-0.096744,0.145885,0.146519,0.064880,0.170829,0.208907,-0.186933,0.145044,-0.053699,-0.103903,0.020395,0.265407,0.183065,0.020233,0.206153,0.049112,0.174756,0.005316,-0.006916,0.133480,0.173187,0.157193,#
8,0.123919,0.289755,0.130886,0.286889,0.235900,0.325471,0.303105,0.228692,1.000000,0.234747,0.273816,0.170214,0.177126,0.145838,0.329637,0.197772,-0.037604,0.197188,0.100632,0.176634,0.185584,0.185027,0.182429,0.298091,0.075359,0.207062,0.131731,0.275798,0.085737,0.307033,0.047144,0.190137,0.144753,0.114588,0.124213,0.221166,0.257564,0.057598,0.204649,0.137028,0.170008,0.226987,0.115777,0.119281,0.292410,0.237700,0.177654,0.160339,0.179520,0.161725,0.228925,0.430657,0.065104,0.356811,0.125109,0.341752,0.232847,0.261134,0.126454,0.259338,0.198065,0.176624,0.326129,-0.074509,0.300954,0.335299,0.193338,0.094189,0.390568,0.155323,0.167826,0.089091,0.294703,0.077329,0.177649,0.194349,0.159500,0.183771,0.173174,0.180896,0.237718,0.388278,0.231143,-0.015848,0.364680,0.145691,0.127868,0.099108,0.120279,0.287341,0.127319,0.271560,0.178800,0.091559,0.367619,0.326362,0.268772,0.101910,0.207820,0.103685,0.192853,0.132443,0.158066,0.210329,0.186771,0.132893,0.208887,0.247986,0.048018,0.253613,0.141554,0.173239,-0.013163,0.195874,0.248937,0.290586,0.126095,0.117409,0.045041,0.262825,0.237511,0.190998,0.163370,0.206319,0.168644,0.217277,0.176971,0.315063,0.001797,0.339142,0.179216,-0.005916,0.330623,0.186937,0.322566,0.263337,0.077090,0.287883,0.252823,0.053750,0.252291,0.216041,0.325251,0.064979,0.051833,0.128393,0.261697,0.199485,0.179070,0.058898,0.344192,0.005065,0.159255,0.210318,0.410576,0.339602,0.188333,0.268347,0.158937,0.179137,0.052772,0.191599,0.085592,0.115812,0.248014,0.174008,0.189835,0.030097,0.208408,0.153915,0.142777,0.212548,0.134818,0.105897,0.151754,0.179724,0.093333,0.299202,0.190180,0.130612,0.177207,0.171106,0.205661,0.242515,0.123402,0.211074,0.035628,0.037236,0.122135,0.242585,0.245668,0.172436,0.237068,0.142343,0.408654,0.016171,0.076464,0.129506,0.111390,0.115425,#
9,0.085613,0.000524,0.098647,0.123450,0.056611,0.219679,0.073513,0.119046,0.234747,1.000000,0.388408,-0.008904,0.062911,0.213400,0.222282,0.220353,-0.011148,0.066443,-0.086303,0.302013,0.063782,0.018383,0.039520,0.067614,0.034991,-0.003105,0.232772,0.171297,0.084456,0.175809,0.177332,0.077526,0.042618,0.153635,0.190148,0.100324,-0.051646,0.202343,0.087083,-0.052922,0.302808,0.147809,0.099644,-0.086271,0.033242,0.165214,0.105783,0.063113,0.135819,0.092377,0.079467,0.235738,-0.017942,0.120296,0.066303,0.275031,0.116010,0.155656,0.139649,-0.069030,0.203914,0.020030,0.203742,-0.005561,0.231459,0.169560,0.034876,-0.058025,0.138517,-0.018482,0.165730,0.195265,0.093925,0.123408,0.103357,0.148306,-0.018302,0.049615,0.198771,0.162993,0.154560,0.268766,0.010919,-0.045761,0.247030,0.056118,0.072746,0.103082,-0.122316,-0.063327,-0.023483,0.144668,0.188528,-0.000071,0.107378,0.176819,0.157187,0.169762,0.166872,-0.060334,0.073694,0.127657,0.297550,0.055422,0.298550,0.066680,0.156374,0.065573,0.199345,-0.029487,0.061789,0.049537,0.101820,0.235728,0.098370,0.117819,-0.050327,0.166692,0.149240,-0.050384,0.176622,0.341410,0.012007,0.183210,-0.003524,0.137852,-0.111994,0.190068,0.113723,0.264947,0.134599,-0.013908,0.068591,0.124556,0.111757,0.145441,0.142390,0.300760,0.107851,-0.169526,0.041807,0.157625,0.193438,0.042062,0.055191,0.174129,0.147632,0.180464,0.043511,0.332395,0.071159,-0.143923,0.297102,0.253806,0.176972,0.177234,0.129470,0.136664,0.271913,0.039302,0.134188,0.108491,-0.007957,0.297146,0.105519,0.068273,0.095155,0.043803,0.285768,0.062972,0.182178,0.196410,0.060112,0.137717,0.035671,0.148863,0.181585,0.090912,-0.008639,0.032636,-0.048193,0.038811,0.227328,0.183252,0.009347,0.112214,0.080460,0.064568,0.223221,0.029392,0.125217,0.112660,0.072026,0.158540,0.104828,0.096176,0.107485,0.000686,0.130214,0.189241,#
10,0.117442,0.275036,0.315813,0.293578,0.062755,0.215917,0.119349,0.223563,0.273816,0.388408,1.000000,0.150035,0.001755,0.192498,0.203590,0.105373,0.072238,0.162569,0.146636,0.197335,0.077999,0.099910,-0.091464,0.169877,0.098833,0.036012,0.155360,0.274668,0.043832,0.262572,0.205897,0.140960,0.206158,0.148969,0.133216,0.189897,0.103141,0.065283,0.341528,0.149833,0.245943,0.068100,0.127787,-0.006370,-0.093455,0.190387,0.166835,0.112258,0.130862,0.178672,0.143020,0.216669,0.048254,0.221746,-0.031255,0.255149,0.116919,-0.005844,0.099016,0.125100,0.066164,0.127555,0.133460,0.126568,0.376892,0.232810,0.195776,0.073424,0.148986,0.156970,0.149944,0.198486,0.223779,0.159389,0.104581,0.117536,0.084774,0.051969,0.107567,0.170624,0.275409,0.099024,0.262618,0.091435,0.378266,-0.059490,0.184324,0.126784,0.057862,0.102199,-0.005800,0.162684,0.182556,0.132137,0.098761,0.276627,0.186372,-0.016279,0.211690,0.107085,0.064993,0.030206,0.167138,-0.012694,0.196786,0.028484,0.196801,0.309098,0.144056,0.037406,0.103344,0.190720,0.086753,0.169072,0.354920,0.299219,0.075386,0.070184,0.006690,0.098155,0.158564,0.255838,0.011185,0.120480,0.051519,0.012601,0.155637,0.173245,0.162020,0.250739,0.284084,0.095882,0.101397,0.118377,0.179016,0.140147,-0.039683,0.391749,0.126056,-0.050213,0.245667,0.079684,0.206394,0.131258,0.154419,0.063514,0.019370,0.005487,0.055280,0.107216,0.122216,0.161420,0.169461,-0.001877,0.297609,0.122707,0.198332,-0.119107,0.235745,0.105100,0.173268,0.048183,0.321128,0.214174,0.208396,0.118909,0.206142,0.083734,0.142275,0.194131,0.234870,0.210490,0.054984,0.156468,0.046364,0.109807,0.123026,0.270213,-0.029226,0.059714,0.096307,0.095539,0.277012,0.089437,0.148835,0.185695,-0.001446,-0.157568,0.156008,0.232771,0.238828,0.101416,0.154237,0.057149,0.246487,0.004007,-0.056594,0.180742,0.235909,0.361238,#
11,-0.036138,0.240799,0.263965,0.177684,0.059730,0.128127,0.147362,0.367629,0.170214,-0.008904,0.150035,1.000000,0.087120,0.113618,-0.038797,0.068409,0.082171,0.285162,0.090412,-0.081310,0.103728,0.141038,-0.040247,0.132946,0.278956,0.300765,-0.010916,0.333203,-0.158794,0.264604,0.191872,0.132861,0.144085,0.108716,0.117226,0.140766,0.172488,-0.060060,0.130868,0.194738,0.047513,0.247759,0.305358,0.235474,0.011161,0.205833,0.120066,0.074122,0.211478,0.011831,0.173528,0.230612,0.042904,0.331052,-0.053718,-0.009324,0.080478,0.227476,0.179273,-0.048660,0.019007,0.008165,0.252768,0.071589,0.103307,0.258465,0.198578,0.249043,0.162782,0.203406,0.023424,0.047043,0.293569,0.063432,-0.015956,0.125602,0.015591,0.050399,0.161639,0.135049,0.194922,0.138863,0.231609,0.095277,0.227021,-0.107410,0.090239,0.284521,0.133363,0.006623,0.058582,0.223000,0.299427,0.459668,0.093047,0.201842,-0.019088,0.054471,0.185931,0.238277,0.151506,0.094623,-0.073131,0.177897,-0.015736,0.268426,0.239401,0.288968,0.248792,0.105421,0.188821,0.114852,0.122791,0.137519,0.022835,0.352918,0.063747,0.126626,-0.088337,0.139305,0.037364,0.119087,0.206149,0.140148,0.128440,0.013559,0.161388,0.153610,0.192625,0.073568,0.059997,0.248271,0.249865,0.214958,0.150867,0.126745,-0.232453,0.417281,0.014274,0.224067,0.163309,0.077669,0.093122,0.103651,0.165399,0.126130,0.150528,0.040932,0.087273,-0.022490,0.109149,0.296053,0.072348,0.092106,0.198329,0.216106,0.113733,-0.130540,0.148259,0.121851,0.133382,0.268372,0.000683,0.042800,0.119973,0.103069,0.292103,0.111356,0.125291,0.117109,0.166281,0.063147,-0.016217,-0.071398,0.178840,0.154624,0.180959,0.193211,0.011985,0.053386,0.179671,0.100529,0.200922,0.016526,-0.076794,0.174419,0.020794,0.057179,0.004427,0.215169,0.049420,0.085668,0.223869,0.215566,0.320883,0.117886,0.123927,0.179601,0.087259,0.151240,#
12,0.081810,0.087806,0.068331,0.165905,0.117715,0.219088,0.080900,-0.056168,0.177126,0.062911,0.001755,0.087120,1.000000,-0.008168,0.193259,0.122556,0.328637,0.188495,0.213486,0.264417,0.096753,0.100098,0.129748,0.172657,-0.008983,0.167122,0.175302,0.191058,0.020549,0.238174,-0.084996,0.229606,0.115151,0.118995,0.167972,0.298122,0.150279,0.015587,0.131254,0.129410,0.174463,0.045743,0.189481,0.227607,0.312097,0.136635,0.258687,-0.083226,0.166562,0.066007,0.246300,0.117066,0.109114,0.217600,0.149927,0.196268,-0.035772,0.158410,-0.036072,-0.106346,0.081785,0.188011,0.063294,0.191890,0.237458,0.227482,0.109639,0.130779,0.110827,0.092548,0.036719,0.195776,0.141470,0.056437,0.235217,0.246039,0.161697,-0.035570,0.111844,0.016120,0.174210,0.203296,-0.048923,0.026420,0.130620,0.167949,0.114561,0.281196,0.153942,0.015047,0.084715,0.047268,0.034440,0.222178,0.190959,0.184156,0.309356,0.122904,0.102366,0.030435,0.136301,0.139616,0.140309,0.143482,0.230818,-0.013897,0.139274,0.025208,-0.025013,0.074296,0.230074,0.040301,0.109538,0.122524,0.116113,0.049998,0.195422,-0.016422,0.139577,0.010870,0.174070,0.191950,0.272194,0.152035,0.131266,-0.049247,0.196255,0.002113,0.014294,0.045995,0.155887,0.093734,0.099004,0.120569,0.141264,0.050565,0.181223,0.115145,0.210618,0.091806,0.156458,0.094752,0.144463,0.086405,-0.045137,0.184939,0.036801,0.226739,0.031153,0.036073,0.060588,0.190095,0.152668,0.107059,0.026219,0.229132,0.058782,-0.071760,0.002727,0.104783,0.025267,0.318446,0.158400,0.268030,0.116811,0.034309,0.295523,0.045674,0.036330,0.105743,0.113863,0.100247,0.101085,0.070014,0.152691,0.069524,0.223689,0.215386,0.056708,0.213563,0.181290,0.107270,0.252563,0.037470,0.125227,0.085598,0.193326,0.194582,0.066161,-0.030700,0.120412,0.065320,0.086690,0.161892,0.110205,0.069338,0.155931,0.216499,0.154362,0.072911,#
13,0.036809,0.150292,0.249152,0.041965,0.084130,0.144687,0.200606,0.146408,0.145838,0.213400,0.192498,0.113618,-0.008168,1.000000,0.308393,0.064855,0.211182,0.033290,0.115056,0.279597,0.210239,0.104225,-0.068845,0.147721,0.013094,0.339072,0.244928,0.215353,0.064171,0.141042,0.162918,0.155003,0.188290,0.147771,0.148054,0.032714,0.038528,0.070429,-0.019732,0.183069,-0.049623,0.200726,0.202436,0.097563,0.025148,0.204925,0.226682,0.110057,0.187408,0.078181,0.174824,0.191549,0.071495,0.262154,0.082618,0.240781,0.038716,0.194085,0.038529,0.218378,0.172966,0.101656,0.247280,0.054268,0.192422,0.141028,0.356800,0.140171,0.311078,0.143789,0.038134,0.078732,0.126393,0.054359,0.227027,0.120504,0.244170,0.240640,0.287718,0.098694,0.186910,0.315154,0.037226,0.339869,0.262869,0.069600,0.144790,0.156949,0.191067,-0.026145,-0.000735,0.089865,0.139831,0.238731,0.012028,0.080302,0.211452,0.016463,0.168339,0.255287,0.182438,0.210857,0.146152,0.183548,0.022892,0.155899,0.170720,0.234178,0.276219,0.176239,0.006788,0.087432,0.341377,0.116720,0.278715,0.238721,0.317686,0.146838,-0.038299,0.110595,0.299860,0.210409,0.134995,0.183449,0.231326,-0.030304,0.047306,-0.043004,0.213485,0.179243,0.080022,0.074947,0.082652,0.015405,0.302990,0.108169,0.092271,0.189196,0.227563,0.148786,-0.022650,0.084859,0.353700,0.225249,0.160457,0.246621,0.148065,0.205664,0.056506,0.060567,0.158963,0.107334,0.115362,0.279462,0.208251,0.282839,-0.026419,0.178811,0.212036,0.185548,0.005382,0.350343,0.033708,0.290968,0.176778,0.066524,0.056626,0.006952,0.117698,0.120063,0.157157,0.261088,0.170311,0.087398,0.100523,0.136849,0.154348,0.104134,0.224689,-0.095263,0.091654,0.172090,0.198187,0.167457,0.189909,0.213344,0.238043,0.086320,-0.057872,0.176490,0.070003,0.197686,0.154731,0.128259,0.166122,0.130950,0.025267,0.108782,0.229982,0.205025,#
14,0.275162,0.012554,0.029064,0.143827,0.057468,0.224716,0.068716,0.263201,0.329637,0.222282,0.203590,-0.038797,0.193259,0.308393,1.000000,0.264705,0.138308,0.137877,0.220832,0.369983,0.174795,0.018063,0.160965,0.309443,0.064148,0.041647,0.297932,0.255898,0.160533,0.227211,-0.012426,0.176276,0.117236,0.046119,0.211626,0.157866,0.090782,0.145242,0.100119,0.305704,0.169881,0.059066,0.230594,-0.037938,0.164115,0.317108,0.191780,0.040756,0.083282,0.210978,0.260045,0.123645,0.250385,0.302186,0.285507,0.264687,0.223802,0.099689,0.041286,0.038554,0.281378,0.276505,0.157398,0.082119,0.203568,0.051613,0.265076,0.124546,0.163739,0.200987,0.033424,0.070985,0.157230,0.253136,0.190792,0.187245,0.206050,0.162348,0.115070,0.200414,0.238687,0.200452,0.137884,0.155616,0.200416,0.199444,0.003485,0.084109,0.140000,0.094383,0.132641,0.153392,0.202034,0.164530,0.237915,0.103964,0.232802,0.063613,0.075052,0.077117,0.189288,0.209456,0.168143,0.283580,0.137321,0.133207,0.270243,0.248854,0.073725,0.182562,0.021483,-0.045863,0.141829,0.101116,0.202368,0.139121,0.147069,0.119650,0.183777,0.167015,0.417090,0.295962,-0.004538,0.121420,0.176983,0.095285,0.151198,0.101365,0.016765,0.310759,0.155955,0.077287,0.143775,-0.003599,0.162950,0.058875,0.052143,0.189083,0.008647,-0.001754,0.281441,0.226389,0.281833,0.067304,0.017905,0.307949,0.149147,0.160284,-0.030038,0.084495,0.169724,0.123912,-0.001598,0.174291,0.185282,0.222650,0.274872,0.101816,0.133479,0.164708,0.064258,0.212357,0.060281,0.105930,0.210125,0.052787,0.142241,0.078475,0.084075,0.221951,0.200845,0.270770,0.235887,0.103921,0.034694,0.071936,0.321626,0.287282,0.279364,0.099287,0.070930,0.190470,0.212185,0.168160,0.162290,0.159900,0.176165,-0.022372,0.039044,0.196365,0.076455,0.168919,0.178084,0.204912,0.205836,-0.034476,-0.080524,0.112636,0.250112,0.139188,#
15,0.161638,-0.033478,0.224794,0.176572,0.070825,0.027919,0.145225,0.149075,0.197772,0.220353,0.105373,0.068409,0.122556,0.064855,0.264705,1.000000,0.230726,0.257031,0.134962,0.156371,0.104078,0.114157,0.206761,0.268151,0.089805,0.300218,0.202862,0.146321,0.147018,0.240068,0.018549,0.199818,0.103058,0.176754,0.159249,-0.001247,0.032115,0.073312,0.150876,0.064351,0.126852,0.193068,0.157182,0.118922,0.159826,0.172175,-0.110469,0.078149,0.012123,0.285100,-0.051978,0.227910,0.120589,0.160672,0.145056,0.183412,0.110916,0.133056,0.195521,0.177621,0.138230,-0.063367,0.206167,-0.057628,0.173274,0.145615,0.096484,0.152505,0.095153,0.035311,0.230129,0.147468,0.090895,0.134829,0.153007,0.167263,-0.032934,0.157817,-0.014151,0.184125,0.221359,0.090480,-0.024031,0.217532,0.191737,0.137794,0.049138,0.173822,0.189163,0.220951,0.008799,0.162396,0.117717,0.203256,0.059674,0.102239,0.319085,0.024698,0.041435,0.020620,0.211853,0.070059,0.016881,0.147305,0.006198,0.056821,0.161173,0.132596,-0.007033,0.183956,0.036488,0.166602,0.080703,-0.004117,0.108367,0.254899,0.082757,-0.123924,0.066926,-0.002485,0.291942,0.244341,0.094149,0.224542,0.195320,0.038990,0.073888,0.185779,0.011620,0.144734,0.076369,0.210457,0.097153,0.077842,0.132864,0.165928,-0.021185,0.070103,0.009580,-0.065745,0.028163,0.280126,0.142176,0.061935,0.151228,0.039756,0.060086,0.232779,0.263704,0.109313,0.115509,-0.069077,0.072018,0.342249,0.029785,0.338614,0.124030,0.061843,0.157695,0.135807,-0.022935,0.079260,0.224656,0.086681,0.134725,0.181515,0.175020,0.079193,0.115054,0.021746,-0.019647,0.091665,0.114466,-0.061179,0.131495,0.079565,0.278521,0.059487,-0.093593,0.127167,0.228337,0.090205,0.136749,0.266842,-0.007318,0.120217,0.045934,0.077493,-0.020317,0.041071,-0.045059,0.087639,0.159382,0.096792,0.104815,0.008942,0.030418,0.170651,0.076597,-0.129515,#
16,0.117290,0.101670,0.079823,0.175911,0.037080,0.029255,0.100012,0.074964,-0.037604,-0.011148,0.072238,0.082171,0.328637,0.211182,0.138308,0.230726,1.000000,0.159033,0.139308,0.319513,0.191591,0.165282,0.110756,0.071264,-0.105910,0.203445,0.116467,0.033412,0.031285,0.304545,0.021751,0.236792,-0.004849,0.281575,0.122192,0.155594,0.142231,0.027790,0.134378,0.062266,-0.006119,0.105932,0.126996,0.125494,0.127634,0.313389,0.052238,0.047440,0.089210,0.050211,0.083248,0.145745,0.281008,0.157860,0.102598,0.068334,-0.020633,0.059227,0.062872,-0.100034,0.051452,0.246181,0.270017,0.243445,0.244390,0.079971,0.100921,0.322510,0.032261,0.210685,-0.058970,0.280854,0.273812,-0.031794,0.063092,0.167070,0.050447,0.199204,0.075141,0.034373,0.038244,0.087920,-0.015716,0.135857,0.156412,0.103178,0.159921,0.137806,0.155797,0.005232,0.039035,0.190391,0.083976,0.101966,0.047631,0.042608,0.217216,-0.045394,0.044291,0.158135,0.112832,-0.023818,-0.087370,0.050750,0.078762,0.062012,0.153040,0.024004,-0.051961,0.164745,0.107971,0.079172,0.110603,0.078310,0.132517,0.220012,0.105497,0.013773,-0.062835,0.268682,0.185644,0.158707,0.106386,0.218554,0.194502,-0.142582,0.106363,-0.071005,0.052580,0.163351,0.054893,0.006548,0.244170,-0.145362,0.299032,0.208275,-0.090553,0.244668,0.115186,0.170616,0.006090,0.081030,0.079713,0.100742,0.146281,0.097752,0.040787,0.172595,0.189186,0.048069,-0.130128,0.200045,0.004519,0.030344,0.182643,0.151106,0.013426,0.027703,0.070231,0.137353,-0.007170,0.274673,0.182975,0.217282,0.084055,0.066770,0.172379,0.021347,-0.023656,0.074476,-0.002853,0.029745,0.050628,-0.008017,0.090476,0.163833,0.012540,0.075915,0.132791,0.049985,0.050121,0.129483,0.180727,-0.042874,-0.028029,0.168308,0.210998,0.123813,0.022200,0.062763,0.195674,-0.086228,-0.034302,0.067640,0.159852,0.241298,-0.080066,0.158401,-0.025108,0.040537,#
17,0.229087,0.144736,0.069702,0.236555,0.212152,0.140143,0.079402,0.290465,0.197188,0.066443,0.162569,0.285162,0.188495,0.033290,0.137877,0.257031,0.159033,1.000000,0.081609,0.192917,0.283192,0.111841,0.074512,0.257238,0.010225,0.168461,0.092976,0.088964,0.007681,0.231084,0.082326,0.108036,0.329598,0.133720,0.084692,0.186946,-0.008642,0.161764,0.229705,0.076759,0.223229,0.149019,0.053420,0.212544,0.072851,0.257560,0.206304,0.019459,0.138669,0.084026,0.146571,0.141982,0.002918,0.227724,0.125855,0.184834,0.196227,0.142411,0.018927,-0.035418,0.194013,0.079671,0.134969,0.022732,0.186054,0.249120,0.213684,0.206091,0.155129,0.254609,0.051886,0.233386,0.202937,0.060374,0.123109,0.261846,0.037654,0.131612,-0.012279,0.214678,0.095377,0.190634,0.257983,0.073509,0.134029,-0.102394,0.178552,0.171297,0.156430,0.163166,0.017777,0.045939,0.192671,0.195487,0.029483,0.215034,0.150070,0.217053,0.167393,0.165179,0.131317,-0.057178,0.064064,0.201593,0.036981,0.176370,0.148909,0.172100,0.114072,-0.001228,0.158626,0.133949,0.116334,0.282640,0.129259,0.219300,0.046073,0.004054,0.011430,0.062851,0.057579,0.249816,0.143020,0.231258,0.386304,0.043387,0.077682,0.139736,0.046039,0.095501,0.143089,0.177413,0.223385,0.058948,0.159190,0.275049,0.128857,0.236314,0.097542,0.204933,0.160226,0.192826,0.064525,0.176613,0.180292,0.227976,0.008185,0.075462,0.020349,0.010841,0.135966,-0.026928,-0.010186,0.215261,0.246623,0.298504,0.139949,0.025289,0.277563,0.206917,0.083298,0.244695,0.204942,0.185308,0.112884,0.213281,0.143059,0.163211,0.135768,0.001015,0.239547,0.052257,0.044830,0.009775,0.152269,0.048488,0.258005,0.112786,-0.140280,0.259875,0.064740,0.206158,0.241204,0.120878,-0.051537,0.111917,0.165353,0.041525,0.122980,0.160383,0.121194,0.247678,0.215490,0.114608,0.332934,0.112424,0.075779,0.146990,0.024234,0.158445,#
18,0.271089,-0.069481,0.054120,0.236495,0.139720,-0.000165,0.114423,-0.024124,0.100632,-0.086303,0.146636,0.090412,0.213486,0.115056,0.220832,0.134962,0.139308,0.081609,1.000000,0.121586,0.209493,0.123752,-0.001556,0.361476,0.158243,0.123392,0.120488,0.256097,0.111999,0.100657,0.019233,-0.033980,0.188547,0.060959,0.233727,0.250469,0.190290,0.060763,0.098917,0.324273,0.104655,0.185804,0.166945,0.152729,0.110176,0.093920,0.028158,-0.004780,-0.034952,0.258585,0.197962,-0.007903,0.137616,0.169095,0.115301,0.161414,0.134355,0.082624,-0.013997,-0.047981,0.052064,0.053891,0.185452,0.098075,0.148445,0.094832,0.258583,0.180117,-0.022861,-0.020754,-0.047359,0.017676,0.035630,-0.060735,0.037706,0.148560,0.039924,0.146099,0.094420,0.080561,0.226932,-0.010752,0.103291,0.230242,0.103222,-0.045189,0.204958,0.013533,0.171885,0.098190,0.214205,0.016131,0.084785,0.182034,0.070548,0.276370,0.321966,0.077643,0.120763,0.240541,0.019699,0.158898,0.155490,0.152841,0.273261,0.113114,0.125878,0.100960,0.115702,0.152616,0.218216,0.234403,0.154119,0.057867,0.058044,0.073320,0.063744,-0.192184,0.074689,0.136676,0.157795,0.152735,0.098340,-0.030022,0.111908,-0.020849,0.190370,0.094756,0.140651,0.098962,0.171122,0.200383,0.049258,0.093789,0.136809,-0.122514,0.000957,0.212763,0.035439,0.142634,0.129861,0.055665,0.152640,0.090567,0.129823,0.181718,0.016769,0.061560,-0.003669,0.012650,0.026988,0.150834,0.059831,0.091464,0.119802,0.214915,0.234796,0.035480,-0.065391,0.308747,0.166685,0.155938,0.159711,0.115470,0.078448,0.190403,0.181155,0.102507,0.012690,0.181841,-0.064341,0.069249,0.173053,0.097678,-0.055401,0.259177,0.258898,0.175246,0.244685,-0.061830,0.097201,0.063754,0.219421,0.009265,0.125889,0.009846,0.287299,0.145917,0.015799,0.061976,0.070569,0.204848,0.202147,0.050215,0.119536,-0.027105,0.055409,0.207044,0.246281,0.044408,#
19,0.233570,0.101354,0.147467,0.201980,0.293193,0.186072,0.022242,0.109465,0.176634,0.302013,0.197335,-0.081310,0.264417,0.279597,0.369983,0.156371,0.319513,0.192917,0.121586,1.000000,0.232479,0.124079,0.165822,0.174280,0.021095,0.338158,0.305885,0.191542,0.160914,0.288593,0.093362,0.243226,0.179471,0.169403,0.190373,0.328412,0.047440,0.010087,0.263437,0.153174,0.172278,0.245029,0.036460,0.067261,0.114960,0.302661,0.253406,0.273005,0.044248,0.277120,0.247047,0.148648,0.112053,0.332841,0.197915,0.337833,0.222886,0.141599,0.124363,0.099101,0.182160,0.262696,0.238975,0.263231,0.310803,0.087095,0.185160,0.236527,0.086873,0.243307,0.190464,0.177022,0.196220,0.094073,0.256128,0.412957,0.156803,0.338422,0.347078,0.166555,0.294458,0.295588,0.212120,0.149846,0.344600,0.040054,0.143112,0.199262,0.209026,0.045811,0.022749,0.208296,0.258540,0.156996,0.078913,0.277763,0.289589,0.212239,0.006812,0.094727,0.146195,0.186004,0.286547,0.224430,0.323010,0.311163,0.133721,0.380925,0.037018,0.063675,0.168428,0.160405,0.184749,0.280540,0.232970,0.161234,0.251074,0.271787,0.194118,-0.025531,0.406987,0.373142,0.235362,0.320807,0.357402,0.066420,0.274531,0.177665,0.048925,0.331371,0.118050,-0.004170,0.248425,0.110676,0.253703,0.218973,0.110256,0.387926,0.183034,0.085012,0.103568,0.303474,0.288400,0.124412,0.124821,0.226653,0.097457,0.230274,0.186724,0.006279,0.175232,0.238281,0.126417,0.307100,0.300714,0.165228,0.202743,0.003684,0.186121,0.118676,0.302281,0.265273,0.253136,0.254638,0.258844,0.146401,0.101793,0.110585,0.241517,0.136515,0.176204,0.234468,0.306500,0.169702,0.074647,0.137287,0.294663,0.228271,0.155621,0.040300,0.054703,0.236038,0.332263,0.207857,0.169895,0.182639,0.191641,0.196375,0.179395,0.183403,0.399931,0.217024,0.004072,0.160251,0.284154,0.135521,0.100453,0.181225,0.261827,0.325539,#
20,0.150318,0.072752,0.272425,0.222881,0.320806,0.170141,0.202090,0.086866,0.185584,0.063782,0.077999,0.103728,0.096753,0.210239,0.174795,0.104078,0.191591,0.283192,0.209493,0.232479,1.000000,0.168778,0.065695,0.231894,0.233366,0.284691,0.132784,0.185919,0.072494,0.215422,0.021694,0.009708,0.165395,0.157348,0.075817,0.120712,0.228503,0.113432,0.120370,0.194537,0.224244,0.327281,0.047379,-0.036536,0.214638,0.246888,0.330538,0.077422,0.094817,0.118013,0.001363,0.195667,0.068718,0.305854,0.199600,0.137937,0.185295,0.192578,0.113354,-0.044029,0.152290,0.160591,0.260141,0.100798,0.149726,0.106053,0.177953,0.185890,0.317416,0.208813,0.168907,0.262845,0.296490,0.133047,0.005888,0.023480,0.116351,0.334215,0.173553,0.095833,0.203065,0.161078,0.255155,-0.003005,0.240769,0.131158,0.152261,0.144397,0.302575,0.114904,0.125130,0.245312,0.186746,0.251343,0.211912,0.175003,0.216359,0.267795,0.171129,0.027728,0.182057,0.058876,0.167105,0.141094,0.091886,0.172301,0.092863,0.186470,0.094451,0.222791,0.273533,0.295199,0.134181,0.199107,0.113986,0.324553,0.256974,0.075168,-0.062530,0.181325,0.081447,0.248325,0.053161,0.049769,0.219052,0.003979,0.222170,0.159399,0.210320,0.174447,0.158488,0.135599,0.201615,0.013128,0.259839,0.123840,0.213767,0.231758,0.132557,0.099834,0.240743,0.145166,0.152995,0.197709,0.233200,0.156648,-0.012956,0.177369,0.213264,0.113862,0.191033,0.142643,-0.008719,0.164126,0.218482,0.141388,0.098093,-0.000521,0.077143,0.337939,0.175630,0.295029,0.192479,0.149062,0.222232,0.118161,-0.044717,0.235437,0.056273,0.048041,0.176419,0.074118,0.035408,0.064520,0.084653,0.178088,0.106554,0.145731,0.252579,0.159695,0.027873,0.159657,0.123817,0.162776,0.151450,-0.076003,0.225347,0.113401,0.134077,0.324922,0.056317,0.250854,0.162636,0.146970,0.257444,0.201760,0.063416,0.220163,0.168704,0.252838,#
