0,1.000000,0.450964,0.478469,0.485216,0.427808,0.464856,0.476457,0.494764,0.468921,0.374413,0.486300,0.482829,0.411774,0.423531,0.427836,0.524171,0.569921,0.547975,0.501543,0.543353,0.443569,0.378560,0.456583,0.562126,0.337094,0.420743,0.392884,0.433253,0.422020,0.473013,0.380980,0.575605,0.435508,0.482144,0.546319,0.381484,0.337812,0.416788,0.498312,0.432846,0.464970,0.363339,0.555353,0.364640,0.477638,0.367293,0.381174,0.474790,0.438853,0.466503,0.471023,0.573988,0.477422,0.534665,0.509404,0.451129,0.474474,0.526738,0.433514,0.478563,0.478797,0.468281,0.537548,0.452036,0.550950,0.367183,0.527200,0.357623,0.306065,0.390514,0.353963,0.428697,0.516184,0.567763,0.394514,0.417530,0.546805,0.384011,0.535179,0.419037,0.440349,0.436380,0.495155,0.466780,0.464713,0.518864,0.546436,0.565759,0.438557,0.512679,0.412618,0.369225,0.477383,0.397172,0.392499,0.505822,0.408763,0.415962,0.459393,0.534277,0.473127,0.452158,0.432600,0.515076,0.413162,0.524254,0.390259,0.481859,0.455272,0.282482,0.435105,0.464278,0.421417,0.540073,0.523280,0.517867,0.474533,0.432456,0.411979,0.451521,0.463224,0.527333,0.576759,0.510807,0.575234,0.497573,0.432641,0.427477,0.369912,0.472758,0.442944,0.457455,0.480677,0.429197,0.481178,0.547590,0.389625,0.513038,0.353398,0.507481,0.416902,0.368690,0.331333,0.409624,0.405717,0.264423,0.445044,0.370469,0.494378,0.392274,0.416312,0.565218,0.503306,0.365221,0.464243,0.435366,0.567548,0.468428,0.569268,0.395919,0.532820,0.502305,0.526263,0.433530,0.429841,0.485988,0.470937,0.452925,0.499388,0.399127,0.422905,0.455942,0.500076,0.570135,0.406230,0.505228,0.565652,0.531705,0.436244,0.339938,0.442855,0.523546,0.405692,0.434670,0.435736,0.363324,0.307151,0.460258,0.461320,0.290847,0.379610,0.456085,0.406314,0.528045,0.544284,0.491623,0.347620,0.448492,0.393203,0.464213,#
1,0.450964,1.000000,0.483567,0.457634,0.443226,0.490924,0.363977,0.524364,0.606599,0.476052,0.517495,0.466032,0.458045,0.360995,0.430092,0.451401,0.472230,0.468733,0.432629,0.511499,0.415895,0.513852,0.477271,0.376555,0.429243,0.342134,0.388483,0.538673,0.437976,0.419359,0.505647,0.480578,0.425671,0.552475,0.457500,0.430490,0.377549,0.464167,0.580553,0.434537,0.471600,0.352860,0.490095,0.408505,0.440860,0.406349,0.491994,0.403553,0.519425,0.390922,0.442806,0.575642,0.468404,0.504077,0.542753,0.440879,0.445505,0.349876,0.330030,0.378975,0.456335,0.427100,0.427765,0.415757,0.483115,0.534497,0.560572,0.439563,0.434583,0.513335,0.465634,0.509428,0.580979,0.466038,0.533568,0.499252,0.384784,0.378115,0.516530,0.396361,0.451578,0.453624,0.465127,0.477386,0.520797,0.485519,0.481050,0.568448,0.458093,0.423757,0.434364,0.474809,0.448341,0.491395,0.514249,0.484868,0.373371,0.447087,0.457551,0.470275,0.533074,0.417322,0.407701,0.412867,0.371632,0.527183,0.343054,0.487289,0.491013,0.390031,0.363690,0.430782,0.414522,0.513115,0.437329,0.501482,0.469099,0.419569,0.407452,0.388905,0.449197,0.487020,0.442689,0.490074,0.507372,0.426421,0.390494,0.444312,0.514576,0.505120,0.374013,0.576846,0.453255,0.431002,0.529856,0.467792,0.473516,0.496222,0.425227,0.481402,0.547017,0.434253,0.438992,0.540840,0.479499,0.384771,0.381571,0.436006,0.535059,0.347225,0.554178,0.541857,0.454495,0.342713,0.569371,0.500709,0.475195,0.467670,0.392870,0.402158,0.436305,0.473876,0.492837,0.539598,0.427527,0.339130,0.497690,0.355966,0.433208,0.410867,0.470923,0.445327,0.458112,0.443962,0.462023,0.498918,0.507791,0.557383,0.319612,0.365429,0.461370,0.411784,0.459345,0.502003,0.481590,0.555280,0.398804,0.304138,0.566228,0.476702,0.494881,0.543543,0.403806,0.430035,0.468391,0.317512,0.314786,0.579326,0.367406,0.492742,#
2,0.478469,0.483567,1.000000,0.515122,0.522912,0.528812,0.472529,0.503812,0.564420,0.418255,0.450476,0.418839,0.354916,0.488283,0.413073,0.475011,0.362510,0.488971,0.407163,0.504309,0.451574,0.428978,0.484030,0.502195,0.403166,0.417473,0.568907,0.494757,0.473011,0.465066,0.481355,0.469768,0.478837,0.527436,0.487426,0.388075,0.390766,0.466683,0.568313,0.392360,0.384194,0.381172,0.523639,0.404075,0.430648,0.396691,0.476671,0.357841,0.385079,0.379554,0.459491,0.593858,0.537950,0.515495,0.572922,0.477074,0.517855,0.331055,0.482319,0.473838,0.618844,0.466695,0.389641,0.452285,0.493413,0.452634,0.399143,0.388577,0.336541,0.487422,0.471667,0.467800,0.466555,0.512871,0.529566,0.423265,0.435132,0.350870,0.485866,0.467317,0.447290,0.470845,0.584105,0.317736,0.560930,0.497353,0.437463,0.587218,0.390246,0.425151,0.504306,0.423141,0.559889,0.502085,0.450022,0.463183,0.369385,0.405866,0.535460,0.490872,0.508635,0.461120,0.393461,0.476442,0.368316,0.520448,0.544218,0.538617,0.425429,0.365298,0.459062,0.406899,0.494401,0.448700,0.396616,0.416636,0.473444,0.502739,0.367492,0.441123,0.465245,0.380844,0.417384,0.578264,0.468076,0.357107,0.446968,0.461918,0.449861,0.555697,0.452568,0.533081,0.539898,0.545297,0.526732,0.455510,0.477282,0.477656,0.491855,0.437697,0.383893,0.525192,0.354284,0.365077,0.470870,0.422942,0.349021,0.421878,0.452726,0.448570,0.504373,0.499889,0.545945,0.465293,0.459177,0.428804,0.432747,0.288031,0.508500,0.380110,0.336103,0.421461,0.538232,0.459221,0.405549,0.475113,0.461244,0.332695,0.417288,0.406111,0.481878,0.438692,0.545884,0.441321,0.447287,0.468495,0.454538,0.538720,0.339871,0.322631,0.417640,0.593214,0.342479,0.509615,0.446713,0.487625,0.385462,0.348388,0.458939,0.418255,0.448454,0.491729,0.578569,0.531418,0.468450,0.381233,0.267345,0.461586,0.409906,0.545994,#
3,0.485216,0.457634,0.515122,1.000000,0.568003,0.473055,0.480660,0.550761,0.644454,0.534016,0.530602,0.524739,0.456576,0.503967,0.487402,0.508788,0.451951,0.551794,0.612015,0.559340,0.503250,0.497536,0.530989,0.473219,0.470004,0.531314,0.551777,0.586866,0.499233,0.563129,0.555456,0.615827,0.512265,0.568215,0.545348,0.508146,0.416603,0.525256,0.540894,0.548430,0.491734,0.484854,0.561071,0.565725,0.496903,0.518228,0.451373,0.421867,0.441227,0.375450,0.563950,0.507530,0.546829,0.489019,0.493749,0.569429,0.550607,0.534441,0.503724,0.540523,0.496104,0.406965,0.488285,0.523897,0.681783,0.419381,0.458750,0.378754,0.227325,0.467762,0.444633,0.519440,0.550974,0.512201,0.463161,0.436892,0.463215,0.429858,0.473239,0.467355,0.563036,0.470822,0.574226,0.402433,0.520376,0.546343,0.558841,0.562576,0.434012,0.479992,0.611004,0.513276,0.504489,0.569525,0.504794,0.561315,0.392890,0.437555,0.498474,0.433728,0.490390,0.526578,0.441535,0.408960,0.665918,0.453152,0.443727,0.491275,0.454594,0.384444,0.507724,0.360335,0.429264,0.539818,0.457508,0.603366,0.384682,0.455850,0.437247,0.412526,0.492817,0.596730,0.518194,0.448605,0.496018,0.545998,0.466103,0.591287,0.440267,0.432948,0.496012,0.568876,0.508197,0.485232,0.488347,0.589169,0.438070,0.515575,0.399841,0.535454,0.329490,0.598339,0.541039,0.387099,0.492435,0.565238,0.472732,0.585920,0.526409,0.491204,0.500753,0.481027,0.440438,0.509334,0.553886,0.418946,0.550815,0.374569,0.631850,0.427958,0.486668,0.466057,0.446456,0.470655,0.441481,0.473790,0.576240,0.423973,0.588286,0.458298,0.525641,0.478130,0.515875,0.556591,0.496770,0.509971,0.584549,0.571291,0.392812,0.437098,0.413038,0.577916,0.427795,0.504674,0.499014,0.492104,0.411155,0.417560,0.504159,0.564620,0.568456,0.469898,0.492118,0.541346,0.587647,0.470240,0.405784,0.506707,0.426701,0.448631,#
4,0.427808,0.443226,0.522912,0.568003,1.000000,0.554992,0.498498,0.607320,0.536983,0.481964,0.368721,0.589012,0.477566,0.519031,0.442802,0.513271,0.574389,0.566416,0.512364,0.629253,0.628249,0.449516,0.499799,0.543967,0.458433,0.541338,0.530818,0.436461,0.567161,0.499619,0.563501,0.635851,0.577061,0.554909,0.494622,0.457433,0.539602,0.494733,0.587442,0.509287,0.523420,0.378504,0.485028,0.521196,0.490842,0.562154,0.521254,0.554871,0.507607,0.358107,0.532346,0.540291,0.589815,0.539223,0.586511,0.535613,0.481620,0.533802,0.504370,0.517964,0.483985,0.506332,0.482491,0.441290,0.568012,0.546697,0.432846,0.453158,0.370296,0.491161,0.465549,0.523115,0.539594,0.537612,0.537427,0.374499,0.452084,0.493222,0.503777,0.578468,0.442483,0.509487,0.532085,0.437975,0.508218,0.526453,0.503810,0.480442,0.479537,0.435101,0.543135,0.462837,0.507009,0.495630,0.504922,0.477372,0.420747,0.411415,0.447306,0.522122,0.583489,0.572539,0.530318,0.455110,0.454751,0.551105,0.507737,0.527565,0.568834,0.508104,0.463083,0.462547,0.442920,0.603135,0.461551,0.475935,0.547771,0.542622,0.411768,0.410003,0.440207,0.463191,0.583073,0.477103,0.550483,0.496265,0.441798,0.571661,0.588009,0.544359,0.529162,0.494489,0.533887,0.567097,0.607970,0.557102,0.461788,0.463893,0.504341,0.432336,0.381207,0.505986,0.557890,0.423579,0.530994,0.442456,0.516750,0.491645,0.461662,0.553862,0.491810,0.590361,0.476012,0.505470,0.624292,0.522705,0.594354,0.399689,0.508717,0.452253,0.489007,0.448275,0.581123,0.364634,0.342159,0.459708,0.438379,0.388175,0.573636,0.470096,0.451176,0.536323,0.608808,0.503680,0.566419,0.525451,0.651331,0.592691,0.440611,0.424230,0.441150,0.502983,0.462979,0.464440,0.554107,0.585868,0.369115,0.521693,0.510075,0.557325,0.333546,0.462796,0.429288,0.571171,0.465913,0.515364,0.439702,0.486330,0.553980,0.505070,#
5,0.464856,0.490924,0.528812,0.473055,0.554992,1.000000,0.362625,0.562778,0.550336,0.373633,0.485018,0.447785,0.377579,0.366199,0.458090,0.570464,0.513546,0.532912,0.322350,0.639068,0.447071,0.401940,0.495090,0.469489,0.441007,0.435457,0.603597,0.503737,0.502041,0.447167,0.595887,0.596892,0.534351,0.515741,0.433299,0.484891,0.430204,0.403169,0.530554,0.361558,0.558400,0.372147,0.422258,0.522076,0.538254,0.533761,0.552944,0.477297,0.542636,0.270418,0.516211,0.547335,0.495761,0.561471,0.390873,0.608182,0.538833,0.416658,0.609190,0.493291,0.491500,0.543517,0.500290,0.547840,0.584524,0.481891,0.403695,0.440589,0.377331,0.368595,0.432979,0.447301,0.555514,0.478797,0.494639,0.514902,0.510702,0.488869,0.484312,0.499822,0.556099,0.441415,0.516638,0.463540,0.377896,0.562290,0.539557,0.588302,0.484654,0.350930,0.363325,0.489139,0.586461,0.608542,0.461161,0.456428,0.416255,0.473294,0.571141,0.511183,0.502313,0.522185,0.498429,0.514802,0.416960,0.563860,0.450527,0.517566,0.414728,0.444354,0.376403,0.521750,0.388435,0.456920,0.427050,0.434127,0.553255,0.429057,0.317912,0.449877,0.443059,0.471638,0.449815,0.545758,0.414790,0.424964,0.548259,0.464902,0.417244,0.530915,0.550344,0.565766,0.564890,0.552909,0.538763,0.518124,0.516703,0.502671,0.474288,0.417568,0.452081,0.424355,0.465283,0.483766,0.579441,0.389222,0.376574,0.421064,0.551275,0.426783,0.506628,0.496565,0.422372,0.414983,0.514993,0.413994,0.618596,0.385325,0.515797,0.387981,0.474446,0.419353,0.538323,0.425592,0.502119,0.436889,0.345196,0.518335,0.515700,0.469777,0.568073,0.537084,0.477390,0.471655,0.515109,0.405406,0.494210,0.543063,0.430545,0.452859,0.540239,0.483078,0.515182,0.454461,0.548681,0.547149,0.456386,0.449722,0.400290,0.468249,0.384147,0.506059,0.368040,0.443278,0.360844,0.415394,0.317650,0.478959,0.450095,0.465940,#
6,0.476457,0.363977,0.472529,0.480660,0.498498,0.362625,1.000000,0.422050,0.501049,0.329898,0.348170,0.376798,0.472980,0.506804,0.328349,0.411497,0.482958,0.547548,0.416787,0.439446,0.560972,0.373949,0.316799,0.422786,0.390268,0.381231,0.430352,0.413734,0.439934,0.533703,0.408227,0.494791,0.400295,0.468064,0.521486,0.435804,0.314149,0.329241,0.417751,0.470589,0.401661,0.433428,0.491910,0.358247,0.537168,0.337651,0.446466,0.243234,0.549168,0.389202,0.478571,0.590239,0.495852,0.422046,0.547700,0.466774,0.455525,0.483450,0.456450,0.374128,0.428695,0.406125,0.346859,0.420186,0.593304,0.432176,0.555307,0.304768,0.355201,0.406557,0.356778,0.450117,0.420264,0.566670,0.448731,0.355517,0.406899,0.318244,0.417716,0.378769,0.391167,0.452490,0.446148,0.344865,0.350553,0.499792,0.414593,0.411915,0.455359,0.399228,0.375843,0.400261,0.349597,0.380142,0.423511,0.404243,0.472753,0.403395,0.391879,0.495906,0.454349,0.402122,0.515149,0.409383,0.372829,0.319136,0.472249,0.375708,0.333644,0.356531,0.339927,0.385772,0.280480,0.450712,0.456043,0.304617,0.572847,0.414919,0.401054,0.375367,0.490823,0.439501,0.462546,0.522475,0.554044,0.547915,0.364719,0.461814,0.297965,0.428555,0.391751,0.453196,0.532461,0.398072,0.466568,0.467798,0.458274,0.385447,0.529365,0.426629,0.465311,0.444260,0.418951,0.308796,0.390283,0.449144,0.313992,0.412454,0.411820,0.362855,0.503442,0.478858,0.365867,0.385742,0.450486,0.431161,0.406650,0.399974,0.517959,0.394063,0.401028,0.446802,0.456850,0.432464,0.378119,0.457417,0.512360,0.324440,0.500075,0.335961,0.481239,0.424835,0.356292,0.342304,0.429002,0.449980,0.480768,0.465172,0.385573,0.325491,0.411112,0.404546,0.473795,0.478414,0.418202,0.417095,0.279612,0.483705,0.311081,0.376835,0.307759,0.453283,0.394373,0.530286,0.468713,0.328197,0.337184,0.489974,0.460496,0.432368,#
7,0.494764,0.524364,0.503812,0.550761,0.607320,0.562778,0.422050,1.000000,0.682401,0.474030,0.476137,0.540764,0.460732,0.507785,0.558188,0.469186,0.585805,0.550964,0.536795,0.548880,0.500199,0.486090,0.632306,0.521391,0.555086,0.499049,0.527292,0.535941,0.507812,0.480110,0.420591,0.622043,0.483159,0.559861,0.459928,0.417644,0.504832,0.435712,0.574090,0.458543,0.492165,0.407405,0.498061,0.565609,0.524670,0.531000,0.534723,0.545188,0.437211,0.387625,0.579239,0.541201,0.529080,0.581711,0.500039,0.521183,0.450348,0.531978,0.473607,0.496708,0.448934,0.512227,0.515058,0.430497,0.579274,0.519512,0.485322,0.510922,0.466804,0.594622,0.470632,0.356290,0.632863,0.547684,0.591264,0.431500,0.510724,0.426845,0.572285,0.486571,0.508217,0.506713,0.560083,0.462157,0.534097,0.510677,0.597207,0.557900,0.448655,0.509393,0.459695,0.509096,0.524161,0.558483,0.570627,0.467294,0.455616,0.521595,0.515831,0.521344,0.590190,0.497305,0.494507,0.504782,0.497465,0.572015,0.446244,0.497439,0.459553,0.378211,0.533836,0.426695,0.518976,0.555308,0.568815,0.491852,0.530424,0.365906,0.380120,0.576985,0.526651,0.541338,0.493064,0.629860,0.589082,0.474663,0.535205,0.587564,0.457195,0.413372,0.521587,0.463998,0.594925,0.468250,0.615801,0.637392,0.500869,0.521193,0.471650,0.502606,0.486111,0.521576,0.546878,0.371598,0.502392,0.499091,0.476727,0.425619,0.566670,0.507614,0.489821,0.569100,0.499466,0.538305,0.554110,0.589220,0.526351,0.480372,0.534077,0.459930,0.547629,0.390490,0.638051,0.413651,0.433473,0.514900,0.500026,0.391128,0.494014,0.421241,0.581265,0.580045,0.539021,0.557106,0.521850,0.548652,0.519208,0.531636,0.417604,0.467064,0.582545,0.472700,0.466476,0.475750,0.495053,0.591235,0.370294,0.424735,0.492655,0.526545,0.498963,0.538510,0.423877,0.423246,0.500515,0.441772,0.388175,0.559307,0.500048,0.498470,#
8,0.468921,0.606599,0.564420,0.644454,0.536983,0.550336,0.501049,0.682401,1.000000,0.530658,0.449828,0.529664,0.494111,0.540098,0.559664,0.576975,0.494864,0.577181,0.503236,0.592986,0.489194,0.627274,0.575881,0.479239,0.359034,0.559163,0.543174,0.623049,0.521942,0.560366,0.507164,0.564537,0.524098,0.577836,0.478226,0.499104,0.480760,0.489696,0.558843,0.499455,0.488487,0.530306,0.569723,0.499076,0.525668,0.445914,0.468016,0.489856,0.520021,0.490040,0.588106,0.622435,0.502708,0.607212,0.538675,0.619141,0.489896,0.563040,0.485771,0.506766,0.574963,0.509157,0.585658,0.475763,0.582685,0.566782,0.537950,0.496808,0.489694,0.607391,0.496574,0.496142,0.615451,0.639994,0.529105,0.481227,0.485243,0.490082,0.538181,0.555673,0.515213,0.522684,0.561231,0.459604,0.520009,0.574063,0.490407,0.538582,0.392809,0.498462,0.519572,0.499000,0.569302,0.565260,0.591654,0.526137,0.477767,0.516932,0.551045,0.472010,0.571044,0.535883,0.542519,0.551486,0.517199,0.557076,0.515849,0.555150,0.465491,0.457471,0.490588,0.496923,0.540083,0.531480,0.591327,0.546726,0.549382,0.435702,0.454047,0.560371,0.520260,0.503354,0.573356,0.559637,0.555177,0.583531,0.517893,0.584033,0.505814,0.497309,0.509500,0.484790,0.608499,0.599030,0.682079,0.542995,0.486522,0.502544,0.428712,0.532096,0.444673,0.603972,0.604063,0.476542,0.513071,0.496491,0.534762,0.457759,0.562713,0.502116,0.561566,0.548533,0.502006,0.630334,0.570463,0.560726,0.545820,0.514595,0.569952,0.584812,0.500621,0.475238,0.617088,0.555971,0.501437,0.455371,0.514329,0.436037,0.578757,0.563631,0.564232,0.551009,0.538752,0.535908,0.596112,0.525691,0.499624,0.619572,0.480419,0.391051,0.537433,0.570424,0.370998,0.652417,0.577410,0.590027,0.468738,0.430168,0.485473,0.499381,0.536612,0.495725,0.564466,0.525479,0.514860,0.499998,0.447752,0.521630,0.548944,0.536926,#
9,0.374413,0.476052,0.418255,0.534016,0.481964,0.373633,0.329898,0.474030,0.530658,1.000000,0.420243,0.322439,0.413492,0.441852,0.508379,0.438430,0.412203,0.440649,0.523612,0.537637,0.576564,0.438673,0.534394,0.520711,0.371067,0.386951,0.460422,0.564723,0.385882,0.526186,0.398688,0.492741,0.467721,0.530744,0.516963,0.411348,0.335847,0.354253,0.512363,0.450245,0.513368,0.427368,0.444944,0.398510,0.481160,0.410235,0.419970,0.390968,0.362980,0.264351,0.369779,0.451844,0.367960,0.453906,0.423823,0.477069,0.429038,0.476113,0.424784,0.434295,0.437907,0.406118,0.433824,0.442287,0.509156,0.563972,0.498833,0.422309,0.411556,0.361211,0.475704,0.412760,0.419417,0.436474,0.512460,0.435128,0.292363,0.460082,0.458246,0.516222,0.415808,0.448212,0.425557,0.418850,0.488130,0.382011,0.414564,0.544753,0.382877,0.297853,0.427192,0.435168,0.518173,0.453414,0.497170,0.388676,0.376346,0.511851,0.482681,0.378468,0.462419,0.425459,0.456256,0.404630,0.523911,0.473078,0.437728,0.372623,0.452912,0.408718,0.469976,0.472326,0.572095,0.494732,0.375552,0.511183,0.334991,0.372117,0.318519,0.316823,0.442634,0.476701,0.525176,0.493842,0.445302,0.371567,0.425451,0.417262,0.489807,0.419232,0.368594,0.503453,0.513264,0.572949,0.492587,0.413277,0.380197,0.428861,0.337964,0.487922,0.293994,0.571095,0.487746,0.442167,0.406816,0.393916,0.408132,0.449726,0.376828,0.339271,0.384475,0.389713,0.422385,0.448762,0.476721,0.441450,0.453055,0.428663,0.445613,0.456107,0.423051,0.393629,0.465499,0.483979,0.431577,0.382300,0.373393,0.379404,0.527582,0.348646,0.504867,0.538784,0.419585,0.492295,0.505602,0.579676,0.408580,0.516155,0.421744,0.423250,0.412152,0.365070,0.381049,0.453587,0.440642,0.604961,0.271269,0.310519,0.584349,0.405158,0.420831,0.463097,0.418934,0.403243,0.405014,0.358978,0.328113,0.430647,0.356072,0.351974,#
10,0.486300,0.517495,0.450476,0.530602,0.368721,0.485018,0.348170,0.476137,0.449828,0.420243,1.000000,0.416450,0.276912,0.386742,0.378306,0.462236,0.418369,0.386468,0.444003,0.481376,0.439055,0.307842,0.435619,0.458491,0.352278,0.326590,0.407999,0.574354,0.349807,0.470281,0.398102,0.457279,0.399021,0.518607,0.477192,0.415258,0.341442,0.405922,0.478482,0.318777,0.455460,0.335266,0.369049,0.372190,0.436422,0.473997,0.472213,0.425894,0.504495,0.457079,0.302823,0.460475,0.504939,0.429792,0.432963,0.378943,0.423261,0.371986,0.369772,0.396086,0.416217,0.452135,0.511556,0.473618,0.509203,0.340152,0.401852,0.244805,0.278331,0.419844,0.305923,0.490178,0.482147,0.376344,0.389053,0.428655,0.381900,0.432530,0.454815,0.347094,0.507011,0.441497,0.492152,0.381824,0.420882,0.378840,0.485501,0.551576,0.402031,0.469717,0.401579,0.479122,0.492947,0.525674,0.429562,0.467970,0.222061,0.366258,0.577570,0.549492,0.449210,0.402813,0.405708,0.472213,0.582688,0.359893,0.344287,0.464245,0.393764,0.364479,0.359351,0.369828,0.388069,0.388372,0.405779,0.516447,0.374912,0.326435,0.409832,0.418122,0.465010,0.570562,0.334793,0.422723,0.278864,0.399303,0.525998,0.462209,0.445118,0.356597,0.271879,0.406746,0.431386,0.422082,0.504188,0.462236,0.342380,0.451897,0.328567,0.418758,0.494776,0.380557,0.324981,0.394175,0.335478,0.293256,0.275569,0.355465,0.445850,0.335170,0.458772,0.451658,0.488515,0.359926,0.430846,0.402316,0.553209,0.377892,0.441806,0.380644,0.519796,0.374930,0.485422,0.435277,0.397411,0.360657,0.522427,0.380733,0.481247,0.427073,0.466475,0.386508,0.359879,0.434343,0.414441,0.399340,0.490155,0.552617,0.282375,0.438425,0.380984,0.333356,0.465336,0.372359,0.411058,0.404730,0.229854,0.345579,0.374436,0.473403,0.422075,0.402720,0.407716,0.425158,0.476940,0.369370,0.227168,0.532043,0.409726,0.488438,#
11,0.482829,0.466032,0.418839,0.524739,0.589012,0.447785,0.376798,0.540764,0.529664,0.322439,0.416450,1.000000,0.485995,0.398480,0.428105,0.405682,0.453937,0.549414,0.505614,0.435975,0.447401,0.419690,0.462013,0.374721,0.376865,0.465985,0.342098,0.479926,0.467271,0.414326,0.443244,0.504105,0.476816,0.535394,0.420372,0.373179,0.516434,0.420153,0.417006,0.508035,0.403535,0.424505,0.482667,0.425827,0.398317,0.440588,0.578312,0.403917,0.406361,0.397825,0.461048,0.502336,0.501879,0.559401,0.511847,0.457822,0.316471,0.461776,0.410680,0.403338,0.368277,0.425126,0.526830,0.365042,0.538798,0.426309,0.444084,0.409403,0.394870,0.519614,0.445504,0.480152,0.477735,0.480157,0.461923,0.273881,0.481078,0.435690,0.453095,0.265320,0.453248,0.421978,0.481510,0.347484,0.500389,0.459730,0.381633,0.437796,0.413906,0.352787,0.447127,0.505611,0.448286,0.421699,0.489240,0.567846,0.365510,0.377380,0.433271,0.392356,0.409402,0.479039,0.420174,0.422484,0.504903,0.570353,0.388690,0.509377,0.495207,0.417884,0.525002,0.458229,0.490428,0.480777,0.317539,0.490902,0.414483,0.458408,0.310690,0.490662,0.383307,0.459957,0.491421,0.420307,0.514233,0.397612,0.432427,0.415604,0.476458,0.439346,0.461852,0.454172,0.516024,0.515551,0.501097,0.470879,0.407967,0.450512,0.410040,0.464618,0.440202,0.388363,0.416916,0.414783,0.511648,0.310492,0.486033,0.392042,0.395775,0.493648,0.435061,0.426750,0.375462,0.461219,0.544859,0.429204,0.481435,0.356601,0.528715,0.355486,0.393730,0.415675,0.497155,0.371913,0.441551,0.283120,0.484288,0.342593,0.534926,0.465663,0.439765,0.416969,0.446836,0.527085,0.381604,0.444960,0.454260,0.466615,0.305805,0.457657,0.455513,0.411884,0.486489,0.380140,0.517590,0.373949,0.272424,0.454083,0.466426,0.473953,0.460728,0.439394,0.490794,0.474070,0.469312,0.399075,0.355457,0.506395,0.400847,0.454976,#
12,0.411774,0.458045,0.354916,0.456576,0.477566,0.377579,0.472980,0.460732,0.494111,0.413492,0.276912,0.485995,1.000000,0.448274,0.506771,0.388014,0.523759,0.533147,0.502481,0.502777,0.446494,0.417042,0.492355,0.438376,0.376270,0.348607,0.406468,0.455405,0.537033,0.373862,0.414960,0.438535,0.505324,0.478432,0.457794,0.427079,0.380201,0.359808,0.437213,0.443847,0.294706,0.263981,0.424499,0.562105,0.405798,0.408974,0.521970,0.299972,0.427085,0.327053,0.542803,0.448551,0.423860,0.506593,0.497558,0.399206,0.327713,0.434919,0.368206,0.302680,0.324540,0.456225,0.318188,0.381681,0.558174,0.483234,0.391198,0.299811,0.387494,0.422594,0.392151,0.401441,0.473630,0.457155,0.547769,0.425621,0.452203,0.342562,0.463642,0.404074,0.420707,0.396028,0.483961,0.399966,0.345891,0.491784,0.400669,0.445130,0.471379,0.357082,0.364602,0.369636,0.479601,0.325935,0.375584,0.493000,0.571377,0.521400,0.375260,0.364469,0.307078,0.451801,0.458216,0.512142,0.367336,0.417711,0.326726,0.320335,0.407744,0.354325,0.469295,0.358367,0.411376,0.437072,0.548449,0.392555,0.444921,0.274019,0.367338,0.321014,0.432765,0.464639,0.458396,0.513254,0.462816,0.402150,0.351099,0.292855,0.329356,0.400076,0.358505,0.416128,0.388646,0.396476,0.437774,0.420475,0.404257,0.488998,0.467497,0.319562,0.452309,0.579187,0.435467,0.393063,0.440434,0.410233,0.466465,0.395807,0.447317,0.542803,0.366744,0.494308,0.405934,0.335955,0.427401,0.561936,0.513655,0.351931,0.448964,0.408098,0.428778,0.494203,0.509458,0.428015,0.502602,0.295554,0.434943,0.455177,0.327125,0.294118,0.480842,0.460196,0.427694,0.461631,0.397065,0.374273,0.501686,0.531874,0.404060,0.248487,0.378684,0.465858,0.416428,0.412717,0.295269,0.474072,0.353543,0.486187,0.436081,0.356977,0.389954,0.353271,0.357405,0.467908,0.374908,0.409754,0.322120,0.438580,0.436952,0.284005,#
13,0.423531,0.360995,0.488283,0.503967,0.519031,0.366199,0.506804,0.507785,0.540098,0.441852,0.386742,0.398480,0.448274,1.000000,0.382596,0.443383,0.418895,0.513544,0.509444,0.471282,0.516722,0.433558,0.558526,0.429316,0.359247,0.419085,0.379003,0.564199,0.524507,0.542275,0.318716,0.498848,0.535751,0.580735,0.392610,0.340813,0.431567,0.461695,0.479263,0.435801,0.553763,0.425128,0.489156,0.455043,0.581577,0.437896,0.461981,0.429287,0.546768,0.339785,0.502892,0.630092,0.422174,0.547225,0.518399,0.531164,0.452968,0.478293,0.423216,0.440921,0.489566,0.464186,0.430414,0.466695,0.512562,0.475837,0.466009,0.327338,0.431317,0.395311,0.358137,0.438541,0.362177,0.603782,0.539734,0.424622,0.409647,0.382399,0.472311,0.486428,0.480374,0.445599,0.572313,0.383826,0.403620,0.469677,0.384641,0.373567,0.528465,0.439029,0.444282,0.464071,0.503039,0.488231,0.509659,0.350429,0.425713,0.443173,0.430875,0.564113,0.442332,0.463597,0.450892,0.588854,0.476369,0.563264,0.367031,0.479509,0.436544,0.379514,0.490512,0.480648,0.473703,0.492502,0.513780,0.516824,0.410304,0.538009,0.442420,0.510302,0.461111,0.508310,0.397883,0.395175,0.481773,0.309447,0.426623,0.362410,0.430378,0.409470,0.399991,0.480402,0.469271,0.447750,0.540214,0.465617,0.413526,0.466626,0.547883,0.393796,0.283166,0.559843,0.560599,0.405983,0.398029,0.441090,0.476880,0.483137,0.508013,0.478404,0.403907,0.487694,0.370121,0.528351,0.459522,0.511634,0.441704,0.395018,0.525031,0.432847,0.517052,0.481176,0.454122,0.479912,0.400059,0.426682,0.482176,0.392717,0.553299,0.365167,0.467369,0.545689,0.525139,0.446692,0.544723,0.465971,0.501423,0.631976,0.487499,0.350017,0.375966,0.483141,0.456262,0.476205,0.485363,0.493431,0.341144,0.439789,0.368635,0.420322,0.454932,0.463527,0.457087,0.521114,0.515305,0.346033,0.384602,0.434455,0.471165,0.415734,#
14,0.427836,0.430092,0.413073,0.487402,0.442802,0.458090,0.328349,0.558188,0.559664,0.508379,0.378306,0.428105,0.506771,0.382596,1.000000,0.506328,0.465385,0.403487,0.463675,0.501451,0.479860,0.426322,0.449440,0.506744,0.393664,0.285962,0.448045,0.499892,0.489351,0.488206,0.435102,0.543633,0.472978,0.492746,0.483680,0.409244,0.355802,0.437754,0.516672,0.355196,0.342892,0.325419,0.490127,0.472548,0.452004,0.431576,0.409636,0.352450,0.286387,0.324247,0.432535,0.435303,0.346897,0.583205,0.417125,0.458823,0.429711,0.418059,0.464966,0.378951,0.417561,0.480240,0.465926,0.439150,0.449310,0.359762,0.380970,0.367943,0.348588,0.525354,0.398451,0.386929,0.472714,0.434392,0.549142,0.394965,0.508084,0.415606,0.393488,0.318059,0.506180,0.509033,0.518348,0.465203,0.418662,0.440647,0.418929,0.534075,0.451766,0.314113,0.334862,0.295286,0.516371,0.535929,0.437955,0.479373,0.623633,0.455509,0.486160,0.332457,0.440148,0.445181,0.492754,0.349204,0.493314,0.441070,0.343436,0.342306,0.345085,0.321883,0.477372,0.420319,0.459876,0.468709,0.442683,0.475483,0.408132,0.354081,0.322492,0.400095,0.479271,0.496255,0.425691,0.499044,0.506616,0.280047,0.428944,0.555251,0.366414,0.488210,0.357422,0.415381,0.446589,0.496837,0.496144,0.474421,0.355873,0.457683,0.394505,0.416624,0.354126,0.477928,0.391582,0.441401,0.367297,0.508225,0.503210,0.425490,0.486556,0.339151,0.432573,0.434641,0.350233,0.381486,0.511476,0.460662,0.504105,0.409891,0.400436,0.405671,0.435623,0.352732,0.502726,0.389082,0.372278,0.335762,0.384630,0.361869,0.374827,0.480383,0.443862,0.437593,0.512180,0.514203,0.393806,0.512392,0.475099,0.525259,0.356934,0.286794,0.478641,0.537345,0.430918,0.429106,0.400761,0.410555,0.394596,0.300900,0.378794,0.406088,0.287595,0.372838,0.501090,0.505051,0.431868,0.390702,0.345555,0.372483,0.377612,0.300912,#
15,0.524171,0.451401,0.475011,0.508788,0.513271,0.570464,0.411497,0.469186,0.576975,0.438430,0.462236,0.405682,0.388014,0.443383,0.506328,1.000000,0.467831,0.565219,0.464713,0.541142,0.462654,0.425053,0.474185,0.500036,0.411503,0.452920,0.429604,0.470665,0.481131,0.557832,0.444723,0.572378,0.452612,0.528956,0.447093,0.528650,0.479115,0.415359,0.577527,0.411757,0.422427,0.405149,0.474931,0.406696,0.547376,0.435743,0.474566,0.539404,0.474518,0.426656,0.423503,0.631739,0.454350,0.493826,0.497191,0.449083,0.503041,0.405275,0.441805,0.441282,0.561137,0.439939,0.476485,0.537831,0.483887,0.545336,0.442778,0.350278,0.323491,0.336101,0.469128,0.386415,0.389028,0.465381,0.483114,0.399957,0.473740,0.433761,0.483160,0.444674,0.573167,0.477632,0.435197,0.431984,0.547139,0.510661,0.405851,0.587623,0.390099,0.389558,0.453840,0.393932,0.468405,0.456008,0.395089,0.481137,0.406775,0.416366,0.413573,0.435337,0.574479,0.412830,0.568823,0.485161,0.446807,0.490754,0.485709,0.471958,0.388235,0.443104,0.342239,0.428496,0.469712,0.497324,0.386752,0.479012,0.471722,0.441446,0.416278,0.409980,0.468873,0.446039,0.479157,0.464655,0.404064,0.493983,0.526566,0.487746,0.459368,0.606695,0.328813,0.394266,0.486884,0.471877,0.489734,0.464675,0.356226,0.365682,0.444112,0.467739,0.365682,0.414798,0.465478,0.373777,0.411984,0.409525,0.408596,0.407712,0.475680,0.390608,0.508788,0.400513,0.540475,0.460651,0.479842,0.459071,0.611156,0.436054,0.455206,0.466205,0.411169,0.475739,0.581218,0.298697,0.464966,0.457341,0.482802,0.541716,0.587933,0.364568,0.389845,0.591712,0.349960,0.525116,0.445018,0.559254,0.520318,0.574332,0.413346,0.374288,0.443853,0.468430,0.419986,0.514370,0.459229,0.489788,0.268506,0.417327,0.348566,0.437524,0.380322,0.447142,0.477954,0.500248,0.428260,0.427327,0.433736,0.496845,0.491685,0.436342,#
16,0.569921,0.472230,0.362510,0.451951,0.574389,0.513546,0.482958,0.585805,0.494864,0.412203,0.418369,0.453937,0.523759,0.418895,0.465385,0.467831,1.000000,0.538228,0.456141,0.585248,0.603926,0.487288,0.379115,0.458973,0.422546,0.484396,0.523654,0.373731,0.447125,0.490512,0.474335,0.643393,0.555469,0.549326,0.511199,0.466250,0.453343,0.386229,0.535231,0.468662,0.415502,0.424250,0.494626,0.432250,0.481377,0.472608,0.406540,0.418340,0.474105,0.414130,0.455089,0.447068,0.521284,0.664038,0.555754,0.481140,0.344064,0.506126,0.466986,0.373290,0.380181,0.555532,0.418294,0.432618,0.501417,0.439675,0.437630,0.441545,0.495380,0.568180,0.362887,0.394928,0.564685,0.536221,0.512080,0.373231,0.466270,0.442497,0.521997,0.487498,0.479244,0.457738,0.503457,0.517656,0.474532,0.470479,0.531494,0.537050,0.482865,0.441201,0.448557,0.390166,0.523154,0.482424,0.505512,0.570982,0.435030,0.459251,0.520933,0.473143,0.425469,0.442327,0.512482,0.501938,0.411080,0.598309,0.492928,0.400228,0.488414,0.402842,0.524328,0.503339,0.517630,0.481077,0.505884,0.526430,0.630820,0.436195,0.424886,0.366840,0.487172,0.577112,0.523267,0.526156,0.558530,0.501525,0.479198,0.439785,0.437895,0.414925,0.505130,0.479720,0.536631,0.371430,0.550022,0.528402,0.403218,0.449019,0.418594,0.535550,0.451365,0.479858,0.455946,0.467132,0.436415,0.367028,0.453007,0.400535,0.534998,0.536136,0.398672,0.571739,0.435479,0.402466,0.596910,0.548146,0.542727,0.417186,0.466493,0.493531,0.436840,0.465876,0.591286,0.416909,0.420984,0.481300,0.477072,0.509296,0.517287,0.372023,0.521058,0.548662,0.446105,0.448899,0.439282,0.447504,0.454649,0.560167,0.472878,0.318437,0.390206,0.451929,0.487036,0.410457,0.517279,0.580199,0.360671,0.524875,0.468174,0.436223,0.496501,0.426667,0.446067,0.479455,0.464009,0.412676,0.352559,0.427931,0.453211,0.452804,#
17,0.547975,0.468733,0.488971,0.551794,0.566416,0.532912,0.547548,0.550964,0.577181,0.440649,0.386468,0.549414,0.533147,0.513544,0.403487,0.565219,0.538228,1.000000,0.429039,0.526776,0.518562,0.475426,0.495216,0.583474,0.519718,0.510746,0.521901,0.503667,0.448107,0.557362,0.525589,0.579686,0.431338,0.532262,0.497875,0.540875,0.432498,0.491986,0.584251,0.480198,0.534096,0.478285,0.530559,0.489952,0.456751,0.464129,0.488985,0.567309,0.551987,0.454909,0.547112,0.574296,0.534366,0.533182,0.498236,0.540012,0.429794,0.431324,0.486529,0.353992,0.482110,0.496520,0.399899,0.490468,0.535088,0.636046,0.563221,0.466132,0.401919,0.435680,0.438535,0.507443,0.437097,0.469465,0.454445,0.451824,0.513786,0.442679,0.498950,0.499353,0.478897,0.509282,0.532846,0.440249,0.452336,0.493756,0.580661,0.482555,0.464925,0.476604,0.512148,0.403025,0.523829,0.500917,0.438466,0.579183,0.481004,0.391061,0.368474,0.516050,0.542612,0.379752,0.480433,0.525078,0.451811,0.472260,0.523681,0.492920,0.462389,0.406138,0.460985,0.451455,0.388980,0.555412,0.511230,0.419055,0.447435,0.487895,0.385378,0.419576,0.504151,0.509051,0.516102,0.525663,0.576204,0.559804,0.519244,0.455381,0.403056,0.494001,0.565196,0.588111,0.589734,0.454881,0.443207,0.575180,0.477537,0.493813,0.580603,0.547640,0.461070,0.547388,0.618231,0.451727,0.519852,0.493701,0.506227,0.537899,0.529150,0.414433,0.553044,0.446607,0.446233,0.448688,0.565675,0.625323,0.633399,0.433504,0.524551,0.399947,0.445064,0.460462,0.611332,0.491418,0.485277,0.469010,0.406776,0.415097,0.585551,0.382659,0.576669,0.457771,0.471705,0.502323,0.535064,0.469068,0.554109,0.568606,0.431670,0.507447,0.507632,0.606944,0.482617,0.530434,0.542032,0.507434,0.390507,0.551911,0.414300,0.398290,0.420283,0.497132,0.520088,0.568420,0.566287,0.547651,0.354781,0.610061,0.411003,0.458502,#
18,0.501543,0.432629,0.407163,0.612015,0.512364,0.322350,0.416787,0.536795,0.503236,0.523612,0.444003,0.505614,0.502481,0.509444,0.463675,0.464713,0.456141,0.429039,1.000000,0.586042,0.479690,0.458517,0.526199,0.432807,0.417716,0.450702,0.397090,0.529290,0.485615,0.497881,0.327247,0.514508,0.481679,0.520921,0.538955,0.486887,0.398908,0.408602,0.478364,0.472662,0.510092,0.266060,0.462247,0.411901,0.562727,0.395224,0.470009,0.436806,0.348819,0.363084,0.415994,0.497999,0.536954,0.498342,0.520850,0.464875,0.395533,0.530401,0.390713,0.496511,0.485043,0.404863,0.501756,0.391608,0.593999,0.424025,0.447485,0.326478,0.199958,0.466422,0.450076,0.359307,0.483156,0.479837,0.522014,0.320450,0.538942,0.424987,0.529567,0.447641,0.448300,0.384626,0.492716,0.413063,0.448434,0.437693,0.467662,0.509828,0.429485,0.401671,0.468057,0.402242,0.473738,0.455473,0.558960,0.451597,0.454101,0.456387,0.449712,0.467155,0.543129,0.435172,0.502024,0.495153,0.562158,0.503375,0.351144,0.376769,0.391447,0.316510,0.540494,0.349756,0.538903,0.546186,0.387035,0.409092,0.422688,0.318262,0.362401,0.372289,0.473855,0.573574,0.476917,0.361680,0.437233,0.375957,0.412688,0.463665,0.534426,0.374344,0.359288,0.474125,0.445055,0.467491,0.490387,0.560083,0.428190,0.522541,0.401612,0.418075,0.343730,0.548637,0.468251,0.520377,0.417637,0.505336,0.458466,0.371793,0.459912,0.488396,0.371921,0.551746,0.436709,0.431273,0.455758,0.503139,0.479914,0.465753,0.504396,0.440990,0.492344,0.408112,0.538327,0.457944,0.466303,0.497831,0.575289,0.399519,0.494630,0.432529,0.435584,0.560062,0.497227,0.437974,0.378501,0.505748,0.504849,0.572646,0.321309,0.472675,0.388304,0.449797,0.381265,0.441891,0.462511,0.431745,0.423623,0.395762,0.412629,0.398339,0.499998,0.397119,0.396799,0.573871,0.502783,0.419448,0.308816,0.455910,0.493772,0.397452,#
19,0.543353,0.511499,0.504309,0.559340,0.629253,0.639068,0.439446,0.548880,0.592986,0.537637,0.481376,0.435975,0.502777,0.471282,0.501451,0.541142,0.585248,0.526776,0.586042,1.000000,0.544298,0.442412,0.524420,0.523984,0.468131,0.419193,0.570226,0.500396,0.491046,0.586652,0.559817,0.578076,0.466147,0.564967,0.448283,0.490093,0.500191,0.389885,0.592203,0.472632,0.540325,0.391107,0.457684,0.473018,0.533948,0.490735,0.553497,0.467208,0.573411,0.359021,0.447595,0.568191,0.487365,0.592750,0.484915,0.499572,0.518318,0.487745,0.545033,0.417474,0.559422,0.626774,0.561614,0.531010,0.590648,0.482071,0.453475,0.438930,0.338111,0.475112,0.490484,0.421939,0.510487,0.529949,0.538572,0.409831,0.507496,0.450003,0.588864,0.497024,0.460596,0.415392,0.581510,0.454976,0.443285,0.550251,0.504366,0.593994,0.552453,0.326520,0.458102,0.459103,0.581101,0.514474,0.489728,0.527648,0.502766,0.472049,0.475490,0.496628,0.564701,0.468909,0.568871,0.502975,0.506938,0.579345,0.503207,0.522606,0.484792,0.321511,0.409306,0.432577,0.496798,0.521757,0.501955,0.453243,0.580796,0.502588,0.389817,0.350439,0.443550,0.582985,0.522138,0.529805,0.573478,0.443567,0.589592,0.488992,0.564591,0.553296,0.470440,0.499889,0.499145,0.533378,0.610358,0.511956,0.498961,0.525620,0.438340,0.468874,0.397873,0.515662,0.489809,0.459811,0.498061,0.464817,0.486537,0.381940,0.589142,0.513722,0.504699,0.636526,0.436677,0.417478,0.564956,0.575726,0.611902,0.482232,0.553958,0.512736,0.584995,0.460492,0.560932,0.401844,0.548020,0.476934,0.408505,0.497021,0.547118,0.487743,0.528529,0.593661,0.576062,0.519893,0.519280,0.509703,0.517520,0.648611,0.498686,0.408404,0.386381,0.565175,0.500512,0.583132,0.590088,0.503605,0.415015,0.490315,0.511382,0.483816,0.494576,0.505677,0.440527,0.609348,0.461271,0.576817,0.298363,0.484144,0.554370,0.455851,#
20,0.443569,0.415895,0.451574,0.503250,0.628249,0.447071,0.560972,0.500199,0.489194,0.576564,0.439055,0.447401,0.446494,0.516722,0.479860,0.462654,0.603926,0.518562,0.479690,0.544298,1.000000,0.492370,0.393901,0.461252,0.437490,0.527676,0.525895,0.487389,0.492045,0.576850,0.435304,0.528182,0.491818,0.602184,0.555966,0.552358,0.449808,0.413320,0.539684,0.540427,0.443009,0.551509,0.437100,0.506047,0.579950,0.472442,0.520872,0.384135,0.424375,0.357753,0.417857,0.529118,0.450795,0.635853,0.514062,0.532860,0.477957,0.522541,0.491455,0.437805,0.503153,0.482325,0.547491,0.408212,0.579675,0.477849,0.522970,0.356715,0.393981,0.505202,0.518365,0.473852,0.423388,0.526595,0.571487,0.337238,0.423508,0.434584,0.457834,0.527236,0.491868,0.569351,0.564177,0.447616,0.414565,0.486551,0.537521,0.507956,0.495675,0.493925,0.515270,0.501347,0.490058,0.537485,0.629706,0.410160,0.377163,0.471470,0.476255,0.478554,0.562396,0.474508,0.609862,0.509516,0.528357,0.435540,0.501016,0.527453,0.392782,0.560575,0.499480,0.524228,0.472060,0.448096,0.502648,0.449348,0.543595,0.530344,0.349376,0.428895,0.575541,0.538148,0.469789,0.594218,0.489826,0.477911,0.474751,0.441881,0.550555,0.506192,0.526250,0.494360,0.563145,0.589491,0.543921,0.438062,0.379086,0.467297,0.510568,0.581656,0.406566,0.498964,0.459743,0.477808,0.494719,0.443481,0.444912,0.446325,0.492766,0.530157,0.503067,0.532074,0.486534,0.534100,0.599274,0.522345,0.508203,0.387736,0.502352,0.527662,0.465959,0.529559,0.521263,0.444729,0.510338,0.317005,0.423213,0.397460,0.569785,0.439910,0.508151,0.487977,0.553787,0.455878,0.464873,0.517966,0.438948,0.577430,0.497635,0.392572,0.441699,0.470578,0.502593,0.471000,0.478597,0.522844,0.328235,0.530082,0.412990,0.457334,0.337588,0.412503,0.409449,0.628999,0.445811,0.360855,0.394551,0.449620,0.488116,0.463983,#
21,0.378560,0.513852,0.428978,0.497536,0.449516,0.401940,0.373949,0.486090,0.627274,0.438673,0.307842,0.419690,0.417042,0.433558,0.426322,0.425053,0.487288,0.475426,0.458517,0.442412,0.492370,1.000000,0.428857,0.503830,0.279967,0.393161,0.462133,0.401433,0.439474,0.449470,0.424263,0.430494,0.527093,0.508165,0.533234,0.479026,0.439244,0.502210,0.528794,0.396354,0.409775,0.467227,0.419456,0.430869,0.501242,0.371606,0.368567,0.415913,0.371281,0.258944,0.393673,0.520524,0.342431,0.453744,0.523667,0.460874,0.463240,0.422824,0.439201,0.279207,0.499022,0.396993,0.472038,0.289429,0.571668,0.432024,0.459850,0.389946,0.352840,0.449801,0.441921,0.452420,0.450355,0.488170,0.577815,0.392199,0.342141,0.374507,0.416157,0.479122,0.392878,0.415605,0.456292,0.317948,0.504660,0.430882,0.417577,0.501312,0.414947,0.457001,0.398037,0.281212,0.443563,0.411498,0.509812,0.405234,0.421181,0.359401,0.360168,0.464020,0.493228,0.492557,0.497106,0.410346,0.357281,0.524995,0.343888,0.334359,0.442545,0.481593,0.476666,0.412782,0.417756,0.495376,0.332627,0.383779,0.508592,0.413285,0.275720,0.416373,0.448735,0.500044,0.459488,0.482809,0.503695,0.370880,0.438911,0.517712,0.431617,0.451582,0.498794,0.501432,0.556535,0.451488,0.478633,0.433712,0.243403,0.312320,0.426213,0.526569,0.398448,0.472588,0.461358,0.419650,0.413883,0.440847,0.429405,0.423530,0.398323,0.430289,0.506037,0.430095,0.383227,0.519474,0.496859,0.502350,0.435831,0.350478,0.446732,0.456930,0.402438,0.426615,0.545026,0.487239,0.496214,0.339644,0.466292,0.449714,0.382568,0.431671,0.476232,0.374978,0.377320,0.334882,0.440846,0.459116,0.368795,0.554249,0.292235,0.322136,0.393197,0.494483,0.320746,0.460864,0.466425,0.518443,0.391858,0.316067,0.309943,0.419089,0.444779,0.367163,0.417783,0.507280,0.473589,0.385507,0.405652,0.480682,0.399688,0.381572,#
