0,1.000000,0.179956,0.379332,0.172038,0.260574,0.280154,0.200021,0.144343,0.281852,0.259276,0.378566,0.269528,0.150308,0.130427,0.376752,0.246482,0.275346,0.366716,0.244758,0.265897,0.324318,0.380872,0.281887,0.386568,0.256547,0.118984,0.350225,0.321740,0.403390,0.257632,0.148014,0.193059,0.259880,0.127679,0.103219,0.380346,0.326683,0.238471,0.375444,0.389283,0.182755,0.335171,0.138361,0.267046,0.191187,0.330149,0.376770,0.338303,0.352656,0.311973,0.377274,0.257237,0.261472,0.110350,0.408441,0.279753,0.267860,0.267219,0.202043,0.230651,0.327681,0.246784,0.286336,0.326387,0.362622,0.214015,0.354648,0.284047,0.296179,0.253736,0.371636,0.320541,0.399898,0.285847,0.138360,0.161302,0.235618,0.317301,0.283315,0.123462,0.370341,0.186641,0.282237,0.252146,0.292304,0.320682,0.288913,0.165429,0.381878,0.247393,0.218093,0.210173,0.139685,0.223947,0.384409,0.261347,0.453204,0.298667,0.283501,0.395027,0.306111,0.336794,0.244756,0.332760,0.259013,0.234307,0.302201,0.237346,0.197407,0.197049,0.235170,0.160633,0.205094,0.231117,0.147851,0.253751,0.380693,0.222650,0.253253,0.333361,0.383991,0.188414,0.170099,0.171105,0.227944,0.373627,0.192561,0.180952,0.161663,0.353963,0.267270,0.357955,0.355343,0.278896,0.251376,0.170616,0.382392,0.221218,0.253015,0.458236,0.259937,0.247548,0.312314,0.180629,0.341221,0.199877,0.189650,0.214451,0.322263,0.276255,0.257950,0.267785,0.307404,0.241767,0.163134,0.106600,0.163506,0.152397,0.418087,0.369303,0.227528,0.348360,0.136262,0.195407,0.373778,0.032951,0.232169,0.249849,0.211038,0.222173,0.383604,0.069860,0.419177,0.370529,0.156076,0.289780,0.379662,0.277468,0.343489,0.283521,0.257874,0.415803,0.069504,0.014534,0.173019,0.311542,0.346341,0.387064,0.356894,0.198298,0.322796,0.300138,0.225646,0.134656,0.388015,0.169771,0.073159,0.208380,0.373696,0.295317,#
1,0.179956,1.000000,0.057294,0.192012,0.372526,0.285500,0.303256,0.190629,0.193152,0.129249,0.396422,0.232404,0.190538,0.240239,0.153990,0.104063,0.103796,0.205305,0.226144,0.206149,0.093176,0.283412,0.179543,0.303897,0.268141,0.201497,0.232108,0.324745,0.312953,0.157404,0.324607,0.228913,0.346712,0.248317,0.119442,0.121744,0.176495,0.289002,0.342261,0.280982,0.205868,0.218542,0.275007,0.250123,0.151222,0.295643,0.285975,0.334917,0.236215,0.130543,0.401481,0.213179,0.317857,0.112599,0.260506,0.279986,0.222008,0.238541,0.391080,0.331121,0.163003,0.242049,0.248839,0.326417,0.235740,0.277404,0.175389,0.293279,0.305598,0.171300,0.236731,0.226212,0.350327,0.190294,0.263941,0.065075,0.289366,0.191230,0.280031,0.160803,0.195418,0.384932,0.309398,0.320502,0.160416,0.128304,0.287019,0.200546,0.272908,0.404166,0.300036,0.366535,0.107225,0.270380,0.150087,0.252169,0.209293,0.206305,0.131920,0.219964,0.096882,0.124828,0.184642,0.234984,0.171644,0.246292,0.193074,0.315195,0.134580,0.281352,0.368047,0.178629,0.136824,0.226531,0.283238,0.270570,0.298313,0.144197,0.340702,0.332616,0.157315,0.214942,0.260820,0.195494,0.144334,0.360739,0.168314,0.223864,0.087205,0.211859,0.241959,0.245563,0.084205,0.251902,0.422308,0.344723,0.166942,0.229348,0.187018,0.309327,0.304079,0.087727,0.058733,0.094499,0.227622,0.193311,0.263055,0.124323,0.275987,0.255924,0.185617,0.248399,0.235171,0.098699,0.169246,0.186629,0.303125,0.216160,0.331893,0.052156,0.035134,0.305632,0.186810,0.164000,0.252051,0.315837,0.159538,0.306456,0.261802,0.336063,0.286363,0.232865,0.231486,0.251645,0.329956,0.208576,0.020643,0.286917,0.252887,0.219648,0.216553,0.149896,0.293350,0.118840,0.320173,0.251013,0.183325,0.307774,0.196867,0.301421,0.396131,0.274293,0.186332,0.134307,0.255883,0.249287,0.049831,0.280799,0.091470,0.119682,#
2,0.379332,0.057294,1.000000,0.287635,0.159451,0.150510,0.234707,0.198650,-0.005388,0.016824,0.088828,0.277601,0.192812,0.157395,0.203966,0.157082,0.210794,0.102536,0.161200,0.167233,0.294812,0.337292,0.313052,0.239099,0.254996,0.188129,0.271643,0.136264,0.219754,0.240928,0.133993,0.077609,0.129287,0.117772,0.054157,0.198006,0.215986,0.149124,0.194928,0.177812,0.241937,0.271307,0.158672,0.143170,0.024774,0.355647,0.162916,0.313620,0.167013,0.153038,0.234166,0.341381,0.269120,0.074901,0.116214,0.216735,0.080876,0.170098,0.148284,0.194009,0.008428,0.220502,0.294425,0.200963,0.283592,0.219398,0.091066,0.031377,0.185348,0.306048,0.250919,0.059796,0.171273,0.271375,0.116836,0.226908,0.173629,0.228214,0.184042,0.191438,0.305028,0.059447,0.090040,0.183282,0.095676,0.184442,0.328672,0.151564,0.154628,0.165972,0.202626,0.227116,0.212823,0.079387,0.146253,0.069779,0.219677,0.150302,0.209185,0.172323,0.304343,0.199987,0.163877,0.203638,0.173546,0.193105,0.162828,0.221234,0.056415,0.265496,0.250007,0.121736,0.200725,0.157188,0.210888,0.254542,0.173669,0.197595,0.031498,0.114183,0.233068,0.222049,0.139691,0.053150,0.169283,0.127314,0.218131,0.100230,0.111392,0.228951,0.143045,0.316054,0.160290,0.028883,0.168101,0.295073,0.158376,0.178244,-0.057776,0.091086,-0.010357,0.151905,0.214152,0.129389,0.339381,0.189550,0.172999,0.229570,0.350966,0.219289,0.154532,0.380728,0.189255,0.139795,0.068128,0.036954,0.028547,0.114035,0.220384,0.109401,0.258243,0.165268,0.219593,0.213224,0.339196,0.046172,0.151201,0.272778,0.008371,0.127774,0.137498,0.129938,0.112193,0.163156,0.208932,0.198523,0.365867,0.177142,0.213737,0.242138,0.300314,0.121703,0.085249,0.212711,0.021448,0.171807,0.175985,0.161107,0.258360,0.131517,0.173967,0.166241,0.381346,0.058045,0.213009,0.110817,0.113490,0.156848,0.306904,0.170628,#
3,0.172038,0.192012,0.287635,1.000000,0.304609,0.135180,0.212640,0.190782,0.150943,0.099445,0.200125,0.356536,0.171253,0.236351,0.159303,0.188904,0.167884,0.220850,0.184449,0.133337,0.108580,0.271662,0.261162,0.335300,0.310741,0.155709,0.126832,0.121168,0.196573,0.183350,0.257302,0.339498,0.247773,0.360364,-0.004025,0.269150,0.323316,0.401949,0.288848,0.151522,0.257978,0.279094,0.142148,0.262883,0.170259,0.311124,0.297705,0.270502,0.123218,0.282818,0.323729,0.166945,0.195733,0.134668,0.114284,0.355539,0.218037,0.279596,0.305232,0.237113,0.109178,0.133656,0.219254,0.275112,0.218876,0.294834,0.216674,0.301588,0.147902,0.224200,0.334469,0.115994,0.190248,0.161341,0.240542,0.270163,0.245157,0.265086,0.351170,0.153671,0.245554,0.248702,0.152314,0.218811,0.302201,0.248234,0.334271,0.102330,0.266345,0.346779,0.237219,0.273197,0.232958,0.324984,0.150418,0.273710,0.278834,0.238108,0.269683,0.277631,0.343718,0.110419,0.295902,0.231634,0.283969,0.219910,0.144223,0.209479,0.067473,0.129205,0.262058,0.129420,0.207381,0.186162,0.077684,0.150363,0.266486,0.040054,0.225946,0.208359,0.353375,0.177872,0.195681,0.317597,0.165923,0.126492,0.225563,0.111339,0.214795,0.273554,0.104908,0.312407,0.324114,0.277124,0.214735,0.154201,0.138204,0.058272,0.240327,0.252641,0.293373,0.190951,0.244419,0.227363,0.293123,0.127528,0.286477,0.240184,0.213886,0.206323,0.213362,0.204007,0.111157,0.178647,0.105419,0.096635,0.243590,0.254544,0.085278,0.280303,0.265107,0.279503,0.265077,0.316591,0.287861,0.280966,0.298282,0.282357,0.140423,0.242483,0.258192,0.123260,0.184425,0.185066,0.214436,0.235337,0.230917,0.279384,0.164044,0.242497,0.267624,0.261887,0.297803,0.272354,0.159200,0.151988,0.184860,0.292495,0.044680,0.151962,0.107669,0.289158,0.332544,0.197699,0.127913,0.253702,0.147948,0.271452,0.249462,0.207250,#
4,0.260574,0.372526,0.159451,0.304609,1.000000,0.178354,0.318000,0.180093,0.235949,0.083633,0.211121,0.126882,0.208265,0.154575,0.075764,0.151698,0.145622,0.137109,0.237775,0.296350,0.166624,0.286441,0.250376,0.297545,0.223525,0.290513,0.098910,0.282556,0.335265,0.022252,0.112849,0.199955,0.322098,0.170816,0.123600,0.158452,0.189948,0.285974,0.120470,0.194094,0.282178,0.296018,0.135773,0.136396,0.352139,0.172089,0.293514,0.300174,0.188983,0.262257,0.238664,0.099437,0.205060,0.104265,0.208201,0.262206,0.176272,0.147306,0.282968,0.249438,0.254032,0.180693,0.111553,0.095230,0.197142,0.164702,0.302945,0.154158,0.174105,0.178634,0.237325,0.241420,0.229151,0.167973,0.127526,-0.072293,0.186757,0.272020,0.170151,0.023726,0.307907,0.265199,0.084506,0.185646,0.236092,0.160580,0.230149,0.188075,0.269953,0.365102,0.184831,0.241093,-0.005652,0.224385,-0.029863,0.316673,0.265110,0.392856,0.348946,0.298798,0.170114,-0.004522,0.192653,0.322815,0.263515,0.167285,0.074897,0.201923,0.144815,0.209094,0.387091,0.059610,0.159840,0.385783,0.163453,0.081636,0.175487,-0.109521,0.241369,0.061055,0.265202,0.177407,0.227567,0.111257,0.206059,0.185437,0.235263,0.126702,-0.002859,0.187449,0.162269,0.182330,0.189442,0.131053,0.259867,0.243690,0.245496,-0.073368,0.121957,0.246978,0.284160,0.023007,0.107280,0.178411,0.197222,0.128010,0.226592,0.079360,0.268528,0.344505,0.155288,0.184812,0.157680,0.199575,-0.019468,0.072682,0.257092,0.197219,0.301385,0.245019,0.120928,0.209622,0.145588,0.340646,0.147885,0.327059,0.100393,0.132721,0.033503,0.203510,0.224648,0.054452,0.108845,0.042505,0.310134,0.151813,0.238949,0.181643,0.208543,0.125274,0.075970,0.106863,0.191539,0.153429,0.026106,0.134665,0.177129,0.374418,0.192065,0.126692,0.244008,0.157377,0.239415,0.029399,0.002863,0.259131,0.155032,0.413043,0.118031,0.165980,#
5,0.280154,0.285500,0.150510,0.135180,0.178354,1.000000,0.222582,0.140990,0.203279,0.230493,0.214530,0.130677,0.217769,0.043252,0.256320,0.224897,0.238562,0.241879,0.178351,-0.007822,0.291425,0.296088,0.239853,0.409261,0.243872,0.118524,0.149744,0.258375,0.269035,0.164813,0.082714,0.288983,0.300435,0.097365,0.054040,0.095616,0.347580,0.096339,0.305367,0.287975,0.183525,0.300342,0.007246,0.379263,0.159813,0.269152,0.262476,0.136402,0.201429,0.281254,0.275118,0.164050,0.235196,-0.003302,0.178073,0.213272,0.046933,0.298378,0.293260,0.207741,0.141545,0.226003,0.201880,0.137753,0.225043,0.197806,0.313545,0.192685,0.164051,0.183785,0.313818,0.227193,0.227512,0.321961,0.156154,0.125221,0.251593,0.188527,0.199262,0.232511,0.187991,0.168424,0.292770,0.065015,0.020571,0.305651,0.122595,0.128282,0.290277,0.219560,0.174307,0.314978,0.039648,0.227850,0.138726,0.125058,0.205708,0.085627,0.230566,0.109332,0.250917,0.215744,0.206786,0.177545,0.089847,0.140186,-0.007737,0.277593,0.093704,0.192652,0.346212,0.126959,0.330392,0.101378,0.216920,0.110866,0.352209,0.194070,0.216728,0.219209,0.052224,0.168617,0.058077,0.227136,0.115763,0.141083,-0.019946,0.048458,0.313622,0.324754,0.161929,0.347901,0.173543,0.146768,0.353187,0.228266,0.088539,0.124892,0.119940,0.149094,0.288495,0.226315,0.114212,0.208381,0.172159,0.041435,0.188370,0.188584,0.113235,0.227944,0.192321,0.092491,0.191434,0.322290,0.052328,0.165014,0.272075,0.038126,0.421912,0.073802,0.170068,0.160309,0.202476,0.109489,0.271899,-0.015235,0.035903,0.227062,0.199316,0.328408,0.129621,0.172428,0.217367,0.183488,0.115389,0.158095,0.193767,0.215167,0.291558,0.183495,0.255993,0.243204,0.287106,0.025277,0.257165,0.253942,0.207283,0.203130,0.100854,0.217202,0.292827,0.170469,0.183755,0.177598,0.296658,0.185543,0.058311,0.357311,0.078310,0.244658,#
6,0.200021,0.303256,0.234707,0.212640,0.318000,0.222582,1.000000,0.236022,0.123868,0.037465,0.236014,0.135639,0.094619,0.202315,0.156810,0.160567,0.266875,0.227636,0.216605,0.269648,0.218531,0.207909,0.204213,0.184614,0.097111,0.146710,0.149601,0.275988,0.345747,0.182418,0.085258,0.245418,0.266291,0.127397,0.063255,0.096892,0.192631,0.218471,0.319745,0.206757,0.279364,0.244235,0.087577,0.274087,0.083274,0.180576,0.297173,0.407829,0.209413,0.310015,0.135655,0.288732,0.306146,0.156509,0.191811,0.229711,0.214713,0.308575,0.276382,0.281870,0.062868,0.269872,0.082141,0.288442,0.177175,0.389718,0.282467,0.205980,0.210701,0.178814,0.262802,0.211264,0.337628,0.086627,0.224144,0.182306,0.228678,0.217120,0.237898,0.209716,0.307901,0.332808,0.267694,0.163759,0.207272,0.269199,0.156461,0.303062,0.274209,0.335436,0.272623,0.210673,0.091961,0.267987,0.128112,0.321588,0.211193,0.198971,0.298968,0.255528,0.230561,0.236446,0.119759,0.142097,0.017553,0.349793,0.029217,0.153058,0.174163,0.189986,0.316835,0.137043,0.220518,0.163281,0.185843,0.169241,0.291502,0.142234,0.270056,0.228567,0.168139,0.252418,0.112494,0.049591,0.195527,0.081707,0.149184,0.284730,0.046569,0.353535,0.219737,0.153875,0.236895,0.006251,0.393004,0.221723,0.155625,0.267363,0.250974,0.208953,0.178751,-0.009625,0.057248,0.371133,0.075106,0.224046,0.190959,0.104172,0.204252,0.125051,0.232720,0.196488,0.236830,0.236205,0.148287,0.116834,0.151488,0.110437,0.294144,0.141284,0.107585,0.241049,0.261927,0.169450,0.258261,0.126515,0.138377,0.264443,0.261518,0.323017,0.077336,0.126730,0.256071,0.162697,0.230993,0.288351,0.196291,0.298634,0.307927,0.142907,0.000809,0.079031,0.202049,0.270253,0.260537,0.206737,0.234420,0.214109,0.246064,0.310527,0.190909,0.078979,0.340276,0.221291,0.142888,0.224785,0.154167,0.237691,0.085854,0.237080,#
7,0.144343,0.190629,0.198650,0.190782,0.180093,0.140990,0.236022,1.000000,0.102839,0.281065,0.250735,0.324909,0.112296,0.243878,0.137413,0.271702,0.135970,0.277897,0.190295,0.283244,0.283522,0.245167,0.437445,0.127571,0.342841,0.037555,0.245926,0.326326,0.270592,0.119769,0.279701,0.313914,0.335769,0.114572,0.119963,0.197161,0.101340,0.191979,0.281020,0.290024,0.144145,0.247744,0.282224,0.166521,0.236426,0.305312,0.174482,0.306047,0.326409,0.216723,0.301784,0.234987,0.180564,0.144879,0.240875,0.259220,0.167709,0.318256,0.249184,0.266265,0.288837,0.103745,0.188790,0.267424,0.363440,0.161374,0.183313,0.260211,0.189053,0.304670,0.186706,0.097020,0.339861,0.326591,0.244731,0.174231,0.287681,0.264841,0.295703,0.301809,0.221297,0.243966,0.290704,0.224443,0.161583,0.217594,0.326857,0.056712,0.271702,0.307709,0.234649,0.189128,0.196679,0.229393,0.071194,0.316636,0.205938,0.143239,0.164793,0.042917,0.295287,0.135047,0.258305,0.161667,0.057305,0.393836,0.330740,0.092270,0.283274,0.191513,0.232029,0.151201,0.081147,0.217975,0.293771,0.161734,0.169749,0.190625,0.189209,0.309669,0.222579,0.218657,0.121922,0.292334,0.307430,0.134183,0.252268,0.386104,0.118199,0.223247,0.038191,0.222575,0.209965,0.228465,0.383072,0.226841,0.117179,0.393826,0.228676,0.283889,0.374742,0.353180,-0.012756,0.220762,0.216064,0.128305,0.277724,0.202757,0.202339,0.240234,0.186470,0.399651,0.103901,0.123273,-0.030261,0.279177,0.259468,0.211626,0.317767,0.272741,0.162296,0.277132,0.195298,0.212018,0.282600,0.151741,0.310879,0.244107,0.310367,0.282044,0.238808,0.156188,0.216419,0.063685,0.211958,0.126952,0.243573,0.228675,0.094632,0.313450,0.182189,0.242812,0.069179,0.118756,0.070887,0.202892,0.226019,0.316620,0.123958,0.293124,0.237852,0.241554,0.299564,0.257894,0.067396,0.308828,0.183106,0.318196,0.278604,0.192235,#
8,0.281852,0.193152,-0.005388,0.150943,0.235949,0.203279,0.123868,0.102839,1.000000,0.134154,0.289228,0.116150,0.191121,0.169821,0.302334,0.176660,0.110839,0.053769,0.070338,0.228943,0.221778,0.211149,0.128294,0.215993,0.166924,0.075418,0.088837,0.242694,0.150918,0.159474,0.101473,0.252325,0.206722,0.239954,0.113645,0.213835,0.245644,0.207284,0.274506,0.334432,0.166824,0.134031,-0.127259,0.161887,0.342155,0.290999,0.248541,0.252351,0.090002,0.177900,0.083877,0.231749,0.087635,0.361012,0.222054,0.245612,0.146476,0.149526,0.186217,0.212777,0.177657,0.069984,0.252533,0.137978,0.249062,0.243749,0.219980,0.227307,0.276664,0.176741,0.128957,0.298987,0.237985,0.099276,0.055881,0.036376,0.182983,0.082532,0.261885,0.019522,0.227062,0.213569,0.263973,0.043199,0.245289,0.160955,0.205221,0.129646,0.302801,0.254795,0.194801,0.157204,0.082138,0.158069,0.219733,0.379867,0.253790,0.198890,0.183081,0.184096,0.204672,0.024410,0.122357,0.149754,0.232647,0.094230,0.237133,0.136136,0.016702,0.137493,0.111423,0.093791,0.032299,0.198292,0.094449,0.235839,0.253934,0.131016,0.054771,0.257878,0.250820,0.125496,0.074325,0.191063,0.191483,0.265037,0.015498,0.207579,0.091480,0.172771,0.138984,0.161721,0.144014,0.121628,0.229110,0.232346,0.179572,0.184871,0.298906,0.263738,0.289763,0.246953,0.256517,0.087272,0.200272,0.120394,0.228887,0.294723,0.167243,0.231756,0.226562,0.193090,0.153840,0.208626,0.294328,0.190900,0.115217,0.106718,0.187629,0.247708,0.055684,0.184648,0.057560,0.255293,0.246454,0.251086,0.187402,0.265035,0.168103,0.185504,0.228308,-0.088375,0.101508,0.284431,0.125716,0.157122,0.110955,0.234200,0.233552,0.170898,0.188680,0.168407,-0.054250,0.208425,0.259985,0.164135,0.104297,0.118442,0.238558,0.139724,0.224715,0.172625,0.171163,0.163819,0.136038,0.157360,0.115777,0.008168,0.102568,0.159664,#
9,0.259276,0.129249,0.016824,0.099445,0.083633,0.230493,0.037465,0.281065,0.134154,1.000000,0.284648,0.195176,0.000998,0.155775,0.204866,0.215119,0.150416,0.132118,0.020103,0.213145,0.146860,0.165482,0.268077,0.172147,0.153971,0.224905,0.206829,0.337304,0.206783,0.101441,0.276791,0.261743,0.157781,0.128501,0.170046,0.213352,-0.014316,0.239308,0.260836,0.211855,0.228037,0.301648,0.010523,-0.021856,0.192067,0.260338,0.222369,0.219846,0.135927,0.014734,0.257856,0.299513,0.173445,0.026791,0.248513,0.355017,0.282214,0.240431,0.116702,0.134109,0.035733,0.179639,0.274623,0.265733,0.260719,0.164835,0.051250,0.222034,0.239482,0.101109,0.220675,0.297511,0.183762,0.180964,0.201355,0.151232,0.299169,0.150695,0.310120,0.234017,0.072470,0.195122,0.205346,0.199960,0.187651,0.347851,0.370566,0.110458,0.129112,0.172541,0.010060,0.249030,0.041841,0.192444,0.145290,0.157398,0.338892,0.177559,0.150606,0.196194,0.237667,0.165895,0.308693,0.048161,0.042207,0.171061,0.170232,0.231095,0.200517,0.052175,0.144742,0.156270,0.177406,0.156234,0.157344,0.204797,0.234716,0.260947,0.419492,0.140781,0.312100,0.291151,0.169287,0.200224,0.243569,0.165830,-0.057508,0.235915,0.081763,0.210338,0.139340,0.277188,0.064613,0.242731,0.233236,0.055309,0.205000,0.263196,0.154157,0.193327,0.163698,0.250950,0.045614,0.136188,0.169619,-0.096358,0.264918,0.174804,0.043187,0.279241,0.206089,0.160126,0.316890,0.183936,0.010506,0.238825,0.262579,0.112946,0.402920,0.176207,0.101001,0.087954,0.029420,0.260978,0.134686,0.099083,0.062276,0.242259,0.365552,0.223092,0.171260,0.168987,0.248139,0.212418,0.127599,0.153157,0.196902,-0.028911,0.063783,0.381649,0.081848,0.228294,0.222599,0.067174,0.075139,0.158235,0.227258,0.328943,0.315425,0.128995,0.231655,0.175696,0.187037,0.211449,0.130033,0.212569,0.100314,0.057658,0.127465,0.145649,#
10,0.378566,0.396422,0.088828,0.200125,0.211121,0.214530,0.236014,0.250735,0.289228,0.284648,1.000000,0.090009,0.017975,0.259732,0.248900,0.180412,0.196185,0.212774,0.365726,0.162448,0.139932,0.272656,0.254763,0.179182,0.175208,0.033475,0.368059,0.283793,0.243721,0.213186,0.288681,0.283358,0.206102,0.193121,0.093239,0.250408,0.120021,0.304980,0.349678,0.245162,0.085234,0.137159,0.175344,0.033919,0.183777,0.254448,0.275690,0.321754,0.287191,0.250377,0.158990,0.235809,0.226293,0.210714,0.252433,0.249919,0.175185,0.284063,0.226624,0.117773,0.083124,0.214902,0.226939,0.336795,0.257202,0.260229,0.201638,0.204550,0.248259,0.194882,0.275831,0.270846,0.237689,0.191781,0.164017,0.193853,0.319425,0.069164,0.244815,0.133494,0.135751,0.280026,0.257570,0.240639,0.165261,0.172263,0.359795,0.118160,0.249366,0.278319,0.095460,0.129773,0.221490,0.106819,0.198843,0.176345,0.351312,0.092111,0.210440,0.261275,0.252010,0.223836,0.160755,0.229933,0.223391,0.140033,0.269260,0.274635,0.151388,0.179296,0.140033,0.171308,0.110528,0.178084,0.241071,0.335829,0.242052,0.031518,0.191081,0.194903,0.166648,0.165026,0.119154,0.242731,0.184855,0.179134,0.010391,0.224171,0.094742,0.375429,0.266830,0.180257,0.192512,0.132178,0.222484,0.248552,0.170509,0.282475,0.092508,0.331863,0.297117,0.202527,0.283745,0.134720,0.116323,0.160136,0.122315,0.132619,0.096592,0.315602,0.182028,0.259340,0.261512,0.190178,0.232311,0.239607,0.316231,0.067097,0.259882,0.332699,0.123715,0.196907,0.221179,0.270430,0.246781,0.100925,0.094693,0.203236,0.193271,0.278274,0.229768,0.131699,0.277523,0.226460,0.189225,0.020616,0.164629,0.236685,0.387195,0.347610,0.244809,0.134242,0.260371,0.057802,0.208278,0.168435,0.144742,0.220965,0.249179,0.204973,0.222932,0.226284,0.131693,0.165596,0.263356,0.223735,0.150472,0.255365,0.277504,0.283856,#
11,0.269528,0.232404,0.277601,0.356536,0.126882,0.130677,0.135639,0.324909,0.116150,0.195176,0.090009,1.000000,0.178531,0.126883,0.094870,0.183596,0.195679,0.246208,0.144210,0.043450,0.240596,0.245638,0.291999,0.271040,0.330191,0.212109,0.096102,0.298841,-0.015405,0.188886,0.303878,0.311098,0.240761,0.166527,0.107949,0.131184,0.201419,0.244492,0.254279,0.223983,0.242832,0.348655,0.210668,0.348391,0.058981,0.398637,0.263564,0.300090,0.176799,0.068067,0.390345,0.211886,0.230930,0.216015,0.138198,0.285142,0.357425,0.170375,0.272847,0.187847,0.156791,0.258829,0.317812,0.336322,0.338517,0.238029,0.235814,0.328995,0.192252,0.268636,0.216086,0.093880,0.273385,0.266865,0.215563,0.202371,0.231967,0.170840,0.459414,0.189894,0.216760,-0.001595,0.239725,0.281354,0.260206,0.182792,0.429902,0.186356,0.203802,0.196156,0.346016,0.263389,0.215528,0.410544,0.095299,0.182768,0.154348,0.198406,0.143387,0.301832,0.301770,0.227240,0.277695,0.108753,0.274065,0.375852,0.233616,0.211485,0.255637,0.201403,0.269712,0.138016,0.300382,0.148290,-0.042580,0.408897,0.279589,0.115491,0.254837,0.259354,0.191748,0.235156,0.288240,0.224091,0.218949,0.119787,0.301878,0.421338,0.244802,0.273561,0.034970,0.444937,0.125925,0.262625,0.108153,0.141345,0.036567,0.314177,0.050532,0.295290,0.190853,0.240662,0.088833,0.298140,0.219414,0.133678,0.349396,0.143163,0.232413,0.235570,0.118842,0.362050,0.155431,0.150981,0.201524,0.092387,0.141385,0.070960,0.216795,0.230389,0.139222,0.183719,0.114918,0.214711,0.423229,0.138658,0.262203,0.331161,0.463967,0.192580,0.315406,0.040804,0.197407,0.212833,0.172537,0.341102,0.397766,0.127892,0.143286,0.192133,0.343476,0.250355,0.207459,0.154327,0.128370,0.241742,0.274157,0.225784,0.185510,0.226163,0.121266,0.106096,0.370996,-0.043913,0.211380,0.161682,0.151296,0.189517,0.133082,0.257288,#
12,0.150308,0.190538,0.192812,0.171253,0.208265,0.217769,0.094619,0.112296,0.191121,0.000998,0.017975,0.178531,1.000000,0.091839,0.217159,0.120107,0.222434,0.129313,0.186953,0.275803,0.288621,0.023410,0.262168,0.152974,0.292251,0.080731,0.077064,0.202667,0.268137,0.251562,0.022772,0.281589,0.274607,0.190207,0.058049,0.145121,0.273195,0.080577,0.249720,0.127426,0.312126,0.156093,0.221942,0.251450,0.162306,0.335185,0.210696,0.007897,0.191431,0.042084,0.290059,0.164222,0.167191,0.129526,0.113497,0.244300,0.121032,0.249583,0.238598,0.227568,0.121414,0.210808,0.195434,0.210727,0.189750,0.169426,0.153892,0.101064,0.152977,0.095730,0.092901,0.255635,0.103923,0.102065,0.231507,0.182285,0.210831,0.182210,0.127917,0.071869,0.121753,0.125633,0.217769,0.208257,0.185192,0.333768,0.144782,0.182586,0.249363,0.237034,0.238814,0.259351,0.061498,0.254790,0.093781,-0.004967,0.338189,0.188430,0.104046,0.119343,0.189130,0.179047,0.166877,0.180424,0.245432,0.234159,0.125494,0.087286,0.047570,0.214984,0.287928,-0.099841,0.282309,0.244041,0.087331,0.115414,0.182227,0.227706,0.097966,0.236400,0.120228,0.228263,0.282039,0.206257,0.073615,0.208440,0.137394,0.108437,0.115235,0.070045,0.090518,0.236919,0.159110,0.083863,0.085276,0.136012,0.122639,0.190979,0.090538,0.225195,0.257596,0.208606,0.046284,0.135578,0.042194,0.141045,0.223197,0.133697,0.217091,0.112755,0.165907,0.381195,0.058825,0.178317,0.104498,0.044423,0.143609,-0.109012,0.147389,0.042868,0.099189,0.248142,0.159419,0.296977,0.120384,0.140790,0.164291,0.049091,0.139806,0.261175,0.101592,0.063907,0.188290,0.165930,0.229457,0.007427,0.191261,0.235757,0.007880,0.277660,0.193326,0.163949,0.221342,0.086606,0.174439,0.225743,0.177497,0.235293,0.135631,0.079388,0.301311,0.268153,0.232295,0.127924,0.062035,0.139858,0.179823,0.089207,0.214283,0.187931,#
13,0.130427,0.240239,0.157395,0.236351,0.154575,0.043252,0.202315,0.243878,0.169821,0.155775,0.259732,0.126883,0.091839,1.000000,0.246445,0.235808,0.159308,0.071609,0.202050,0.195284,0.132881,0.195644,0.195339,0.078856,0.319858,0.261083,0.197944,0.238433,0.192227,0.062794,0.219886,0.147941,0.239210,0.202544,-0.004907,0.173045,0.170739,0.261777,0.135018,0.118663,0.118629,0.197926,0.329261,0.108344,0.148961,0.231905,0.286648,0.262806,0.305605,0.075721,0.284494,0.292456,0.256040,0.036656,0.245130,0.461668,0.182987,0.204315,0.283974,0.290411,0.210078,0.185363,0.382807,0.224043,0.123839,0.188238,0.356574,0.241389,0.414364,0.239141,0.034857,0.145040,0.317420,0.150767,0.185526,0.041659,0.228236,0.309560,0.252300,0.144011,0.258717,0.361109,0.272540,0.367527,0.366137,0.207413,0.385613,0.272657,0.276850,0.406765,0.232564,0.245238,0.257702,0.187575,0.145507,0.185418,0.233051,0.070864,0.157684,0.236116,0.326624,0.200494,0.183270,0.130636,0.188376,0.329343,0.183788,0.159090,0.236059,0.180350,0.214412,0.086758,0.244680,0.197738,0.218138,0.211774,0.256150,0.174919,0.191555,0.287950,0.266942,0.315753,0.046673,0.194676,0.147018,0.185900,0.089281,0.158167,0.335130,0.258976,0.156877,0.147431,0.114147,0.179417,0.335470,0.204660,0.250886,0.244709,0.374169,0.286749,0.225058,0.184145,0.191825,0.133035,0.277177,0.325152,0.257862,0.253366,0.004825,0.266710,0.273531,0.169254,0.206552,0.276106,0.270115,0.228364,0.109631,0.250693,0.207782,0.154713,0.120125,0.301813,0.073347,0.327184,0.271063,0.283777,0.079979,0.192657,0.213040,0.332906,0.242885,0.347280,0.305377,0.121856,0.244208,0.196024,0.061999,0.124854,0.300686,0.118426,0.277670,0.178758,0.209323,0.315459,0.043192,0.231302,0.241873,0.336213,0.244077,0.293295,0.077758,0.231356,0.296461,0.136678,0.115007,0.283320,0.166606,0.212529,0.216121,0.226553,#
14,0.376752,0.153990,0.203966,0.159303,0.075764,0.256320,0.156810,0.137413,0.302334,0.204866,0.248900,0.094870,0.217159,0.246445,1.000000,0.373130,0.195002,0.236150,0.239461,0.227525,0.212615,0.167676,0.301549,0.269118,0.254398,0.118907,0.212468,0.238303,0.279970,0.151211,0.099579,0.122389,0.159064,0.082811,0.130854,0.284405,0.330178,0.328229,0.349313,0.288817,0.346613,0.248387,0.246825,0.235084,0.173136,0.363725,0.278499,0.262533,0.278527,0.082429,0.365954,0.209169,0.195054,0.128068,0.388358,0.344547,0.256733,0.205472,0.206294,0.256368,0.222591,0.304588,0.201007,0.267730,0.264893,0.230948,0.242622,0.258639,0.276370,0.219028,0.120837,0.319952,0.091160,0.374607,-0.018835,0.068323,0.204879,0.259927,0.173500,0.191675,0.263593,0.086054,0.334665,0.278772,0.216444,0.292683,0.119054,0.077135,0.324322,0.261856,0.330928,0.207372,0.213767,0.285032,0.256578,0.077742,0.306783,0.224458,0.345123,0.244320,0.104258,0.187233,0.204006,0.182123,0.122837,0.290454,0.327123,0.410283,0.166035,0.245360,0.054084,0.058135,0.253480,0.045433,0.235469,0.298458,0.123730,0.281013,0.291648,0.309697,0.352781,0.241898,0.081083,0.187575,0.165483,0.186766,0.188879,0.135937,0.027550,0.219515,0.032159,0.354710,0.264858,0.056303,0.118294,0.107328,0.219363,0.183966,0.174339,0.180849,0.367163,0.343287,0.324770,0.079786,0.215869,0.182649,0.164265,0.148341,0.135437,0.175449,0.259267,0.128560,0.098718,0.225805,0.100370,0.037513,0.264357,0.162996,0.215742,0.022176,0.175685,0.268559,0.135608,0.147034,0.351198,0.156425,0.259767,0.257631,0.075256,0.258857,0.297555,0.227597,0.272477,0.329180,0.249178,0.139325,0.337945,0.253765,0.277615,0.344224,0.285013,0.283387,0.140787,0.210203,0.164009,0.212163,0.175124,0.164376,0.172488,0.216744,0.185900,0.290298,0.274542,0.367680,0.186307,0.090815,-0.007652,0.212528,0.267846,0.266019,#
15,0.246482,0.104063,0.157082,0.188904,0.151698,0.224897,0.160567,0.271702,0.176660,0.215119,0.180412,0.183596,0.120107,0.235808,0.373130,1.000000,0.235529,0.332886,0.232601,0.187864,0.257890,0.217897,0.280402,0.275288,0.319829,0.221851,0.256739,0.282186,0.297076,0.126169,0.179290,0.268665,0.205226,0.285438,0.114822,0.068677,0.232115,0.246506,0.295861,0.302759,0.375712,0.263955,0.217901,0.200754,0.351368,0.302447,0.234809,0.251987,0.120873,0.128603,0.346308,0.262788,0.325848,0.126479,0.313662,0.183719,0.214276,0.288780,0.212176,0.329911,0.245791,0.117847,0.244271,0.275463,0.252204,0.194494,0.356010,0.363209,0.260631,0.200629,0.229025,0.372315,0.235968,0.307542,0.254244,0.186376,0.154214,0.405940,0.292489,0.191842,0.397973,0.145761,0.291910,0.278623,0.180260,0.249199,0.327430,0.097932,0.346173,0.311277,0.231690,0.148479,0.239426,0.346521,0.117534,0.179357,0.323647,0.196873,0.272094,0.238736,0.221274,0.143084,0.329004,0.283351,0.073721,0.206410,0.239170,0.197540,0.234632,0.318799,0.182216,0.209020,0.227088,0.069544,0.243609,0.420693,0.369638,0.144656,0.230058,0.330680,0.238094,0.342819,0.066477,0.293470,0.197039,0.098009,0.163559,0.163002,0.208537,0.200534,-0.009813,0.378207,0.170059,0.208745,0.276597,0.288042,0.255945,0.102784,0.172582,0.163959,0.230724,0.326513,0.306475,0.134368,0.307849,0.221781,0.354880,0.212692,0.275998,0.243015,0.339340,0.175973,0.129526,0.456352,-0.020485,0.341048,0.139305,0.187239,0.265130,0.156429,0.062273,0.182521,0.229862,0.279073,0.280782,0.224340,0.120372,0.283551,0.180021,0.317896,0.148949,0.138384,0.292532,0.140880,0.278485,0.073683,0.232652,0.118425,0.076172,0.345173,0.239337,0.270783,0.052286,0.272838,0.195966,0.214966,0.124425,0.242340,0.231480,0.208443,0.009371,0.411645,0.245740,0.295720,0.136806,0.244798,0.052945,0.245399,0.058910,0.224538,#
16,0.275346,0.103796,0.210794,0.167884,0.145622,0.238562,0.266875,0.135970,0.110839,0.150416,0.196185,0.195679,0.222434,0.159308,0.195002,0.235529,1.000000,0.238668,0.158985,0.116471,0.460033,0.184852,0.397329,0.166769,0.154312,0.235310,0.246644,0.075328,0.178102,0.130364,0.209889,0.384073,0.055523,0.227479,0.007336,0.210735,0.242523,0.140135,0.271089,0.297259,0.081499,0.315233,0.195839,0.253079,0.199180,0.288307,0.237788,0.221892,0.290086,0.053672,0.067540,0.306586,0.385373,0.116655,0.284218,0.190619,0.046760,0.270800,0.284643,0.078947,0.079068,0.370851,0.176766,0.338961,0.313445,0.228033,0.275812,0.404302,0.089630,0.254738,0.078416,0.330447,0.188316,0.212924,0.281403,0.392924,0.224868,0.334340,0.327580,0.138740,0.079339,0.088323,0.193425,0.195138,0.163644,0.335539,0.386201,0.156291,0.347314,0.161482,0.260516,0.216858,0.104736,0.188439,0.162838,0.091362,0.268568,0.095076,0.349996,0.187809,0.197966,0.232396,0.082716,0.166971,0.099484,0.279916,0.160678,0.014416,0.097939,0.162811,0.277763,0.144087,0.187941,0.181862,0.262009,0.434251,0.279540,0.169129,0.122641,0.303847,0.156690,0.226866,0.273987,0.187293,0.260882,0.045934,0.159664,0.111205,0.143385,0.245667,0.017632,0.275373,0.278242,0.086360,0.263276,0.276965,0.040903,0.199519,0.184780,0.354132,0.091775,0.151414,0.032825,0.232231,0.177560,0.139087,0.084849,0.179497,0.169862,0.009271,0.264422,0.265130,0.113350,0.141389,0.186313,0.192394,0.182577,0.066485,0.208565,0.208915,0.038538,0.324340,0.269299,0.307887,0.241093,0.109007,0.146605,0.235301,0.095807,0.181383,0.037063,-0.024563,0.281848,0.069057,0.151442,0.211927,0.123228,0.107503,0.228847,0.165027,0.172736,0.237739,0.220383,-0.066573,0.043278,0.115746,0.340749,0.239344,0.238460,0.160513,0.184752,0.034785,0.123418,0.172184,0.233967,0.266581,0.003946,0.214546,0.095739,0.223094,#
17,0.366716,0.205305,0.102536,0.220850,0.137109,0.241879,0.227636,0.277897,0.053769,0.132118,0.212774,0.246208,0.129313,0.071609,0.236150,0.332886,0.238668,1.000000,0.103376,0.263554,0.341504,0.275148,0.357919,0.327715,0.291438,0.114557,0.137936,0.166005,0.281694,0.228978,0.194563,0.413555,0.375232,0.234809,0.056128,0.196528,0.150292,0.430703,0.214350,0.114331,0.172995,0.215980,0.126038,0.283025,0.193488,0.313643,0.295073,0.203456,0.407150,0.235467,0.269625,0.159664,0.129176,0.139285,0.226824,0.224274,0.268594,0.421966,0.248638,0.377695,0.252605,0.273505,0.187887,0.274344,0.165482,0.310070,0.296710,0.346119,0.227046,0.338243,0.346267,0.205685,0.339789,0.240771,0.221366,0.302468,0.240499,0.335738,0.220976,0.238253,0.235987,0.249158,0.476525,0.245193,0.279317,0.202782,0.232545,0.156698,0.389848,0.343976,0.238057,0.198094,0.164046,0.211733,0.117152,0.153010,0.263323,0.360534,0.242452,0.276208,0.194260,0.147186,0.180315,0.271448,0.095557,0.359148,0.244941,0.405586,0.049913,0.086732,0.186160,0.091106,0.182179,0.256258,0.072272,0.297877,0.254594,0.219629,0.200869,0.386296,0.131628,0.185508,0.095280,0.258471,0.350163,0.181958,0.198474,0.240197,0.052145,0.187987,-0.061298,0.287646,0.352040,0.378357,0.241780,0.279045,0.365485,0.129283,0.229952,0.318737,0.304798,0.298609,0.107478,0.154585,0.280345,0.162717,0.094963,0.176121,0.223534,0.127341,0.319885,0.141126,0.147482,0.322470,0.088849,0.199686,0.182074,0.143202,0.503549,0.197378,0.301087,0.289418,0.208674,0.123073,0.314173,0.255110,0.107274,0.363514,0.157511,0.239242,0.370297,0.156939,0.225449,0.242282,0.321718,0.046160,0.295744,0.204371,0.133625,0.316382,0.228872,0.476304,0.174638,-0.046115,0.119826,0.159009,0.254435,0.321890,0.287751,0.284258,0.171617,0.350561,0.208193,0.159476,0.339672,0.309190,0.221004,0.167350,0.144003,0.223137,#
18,0.244758,0.226144,0.161200,0.184449,0.237775,0.178351,0.216605,0.190295,0.070338,0.020103,0.365726,0.144210,0.186953,0.202050,0.239461,0.232601,0.158985,0.103376,1.000000,0.208584,0.185360,0.167092,0.032950,0.253432,0.298071,0.165046,0.254915,0.268114,0.273030,0.147114,0.235551,0.235233,0.294675,0.049004,0.142952,0.197987,0.336379,0.173525,0.181716,0.242699,0.204861,0.256815,0.177132,0.192055,0.117309,0.250342,0.140990,0.196336,0.157673,0.113737,0.296817,0.033862,0.334378,0.243451,0.167334,0.100984,0.230435,0.281423,0.216385,0.101733,0.117772,0.179803,0.239379,0.312027,0.074798,0.318465,0.310625,0.320389,0.120351,-0.017255,0.052036,0.225431,0.221602,0.210291,0.081702,0.012728,0.146829,0.218538,0.331941,0.263659,0.305387,0.146684,0.178935,0.267798,0.210550,0.030950,0.327686,0.065627,0.328653,0.157193,0.259428,0.174084,0.196039,0.215136,0.111871,0.080442,0.362482,0.204833,0.056041,0.304921,0.099938,0.291352,0.289416,0.241640,0.250287,0.249956,0.128641,0.226981,0.158314,0.225304,0.268526,0.253555,0.149619,0.246489,0.148096,0.149207,0.194475,0.127236,0.245029,0.290054,0.130036,0.255518,0.074620,0.047543,0.136275,0.177066,0.148066,0.110153,0.228948,0.244224,0.167940,0.295418,0.201315,0.087229,0.272990,0.010352,0.067491,0.268883,0.174278,0.312318,0.342588,0.088372,0.108243,0.110859,0.180499,0.182486,0.067259,0.106727,0.101028,0.226575,0.090043,0.262089,0.198726,0.133068,0.079076,0.283956,0.322114,0.209995,0.130474,0.267067,0.162485,0.159923,0.162995,0.204501,0.238734,0.179267,0.250904,0.266313,0.119874,0.237132,0.043868,0.156272,0.288674,0.019740,0.159745,0.102355,0.184353,0.336717,0.427576,0.258851,0.195513,0.225159,0.198631,0.089492,0.339447,0.159641,0.224977,0.331583,0.193690,0.256990,0.239323,0.269910,0.286788,0.175744,0.220465,0.216895,0.055776,0.286260,0.242461,0.271745,#
19,0.265897,0.206149,0.167233,0.133337,0.296350,-0.007822,0.269648,0.283244,0.228943,0.213145,0.162448,0.043450,0.275803,0.195284,0.227525,0.187864,0.116471,0.263554,0.208584,1.000000,0.105388,0.323095,0.276698,0.259966,0.194689,0.267383,0.146869,0.197846,0.245143,0.302285,0.115595,0.231800,0.225932,0.104276,0.119755,0.230658,0.052430,0.214060,0.410036,0.200853,0.186406,0.176027,0.053667,0.091634,0.221400,0.265465,0.286667,0.372558,0.271794,0.145498,0.209692,0.261714,0.126660,0.367342,0.236870,0.190032,0.179603,0.269797,0.252427,0.163689,0.101858,0.151810,0.211968,0.214947,0.187499,0.268708,0.133140,0.240159,0.247867,0.244663,0.215551,0.309887,0.296660,-0.022116,0.214162,0.169062,0.197869,0.314402,0.286004,0.057668,0.273047,0.206773,0.269322,0.122160,0.375412,0.160543,0.265844,0.132618,0.364286,0.275540,0.146442,0.224803,0.183569,0.171538,0.197698,0.204535,0.228992,0.347988,0.141754,0.201242,0.212836,0.126028,0.167911,0.223283,0.158670,0.320373,0.217155,0.392526,0.027401,0.023969,0.273315,0.158565,0.175740,0.261508,0.302455,0.211538,0.245244,0.238835,0.334349,0.151574,0.289882,0.364765,0.090885,0.184204,0.348184,0.284980,0.209336,0.240438,-0.063403,0.137044,0.013310,0.053469,0.331043,0.219900,0.192217,0.177686,0.251049,0.201417,0.229307,0.310478,0.310036,0.243050,0.063460,0.050115,0.245344,0.147692,0.118727,0.336249,0.326224,0.050725,0.193355,0.217970,0.198487,0.299664,0.042882,0.166116,0.244322,0.147315,0.223563,0.012722,0.229045,0.251767,0.299901,0.165482,0.229119,0.243675,0.101388,0.239151,0.137226,0.195232,0.309948,0.139478,0.216241,0.076043,0.239516,0.069869,0.243729,0.226852,0.080630,0.313869,0.106308,0.330507,0.018450,0.108693,0.141922,0.205143,0.228638,0.351507,0.278904,0.165319,0.217335,0.303047,0.203054,0.366239,0.163906,0.218873,0.258224,0.258136,0.249491,0.339780,#
20,0.324318,0.093176,0.294812,0.108580,0.166624,0.291425,0.218531,0.283522,0.221778,0.146860,0.139932,0.240596,0.288621,0.132881,0.212615,0.257890,0.460033,0.341504,0.185360,0.105388,1.000000,0.201235,0.309003,0.291233,0.318703,0.122529,0.146965,0.304288,0.231982,0.286599,0.221464,0.281711,0.221835,0.185162,0.139816,0.180926,0.191755,0.183145,0.163455,0.280903,0.203415,0.438012,0.172213,0.240120,0.244065,0.386664,0.162353,0.298716,0.306072,0.074639,0.141246,0.280818,0.419754,0.162019,0.217484,0.122782,0.239249,0.252121,0.266259,0.241696,0.227211,0.168616,0.267294,0.358194,0.392451,0.148285,0.299790,0.239742,0.276257,0.257337,0.135656,0.276255,0.451555,0.360925,0.125897,0.192324,0.344597,0.249041,0.170048,0.266131,0.143690,0.051993,0.374184,0.225964,0.140862,0.340079,0.380466,0.253176,0.349763,0.370146,0.233945,0.371233,0.232441,0.290419,0.168775,0.123049,0.415726,0.229309,0.161773,0.092646,0.159945,0.157422,0.212595,0.296078,0.141384,0.289803,0.172771,0.161102,0.119086,0.308169,0.315287,0.067382,0.147204,0.323236,0.110995,0.356573,0.359488,0.112020,0.015981,0.233025,0.219666,0.189062,0.172240,0.156865,0.258586,0.120090,0.309638,0.354648,0.158228,0.303470,0.091574,0.352788,0.230954,0.053516,0.267425,0.271365,0.252021,0.341872,0.233167,0.296682,0.254071,0.298614,0.000228,0.146542,0.290306,0.082816,0.130995,0.202037,0.199551,0.234311,0.271084,0.309490,0.077848,0.104016,0.179406,0.228352,0.164088,0.025202,0.332891,0.248347,0.208010,0.235684,0.158239,0.146381,0.414345,0.194385,0.112983,0.329283,0.186085,0.176783,0.233575,0.108072,0.173426,0.197779,0.167045,0.271926,0.148777,0.119799,0.331537,0.361713,0.272128,0.230348,0.185995,0.198030,0.202519,0.078506,0.228831,0.243663,0.290132,0.218121,0.271253,0.245334,0.296896,0.129925,0.332098,0.295921,0.139224,0.217370,0.162247,0.132835,#
21,0.380872,0.283412,0.337292,0.271662,0.286441,0.296088,0.207909,0.245167,0.211149,0.165482,0.272656,0.245638,0.023410,0.195644,0.167676,0.217897,0.184852,0.275148,0.167092,0.323095,0.201235,1.000000,0.265612,0.425197,0.334028,0.172334,0.312001,0.328402,0.286176,0.272733,0.253077,0.312269,0.241784,0.368773,0.127755,0.253481,0.291306,0.275796,0.379713,0.257702,0.250119,0.349257,0.119147,0.257543,0.306209,0.344535,0.378770,0.389342,0.170461,0.326221,0.289678,0.213141,0.336287,0.196605,0.293422,0.202708,0.255418,0.294315,0.251475,0.230047,0.119871,0.163259,0.388734,0.344376,0.362651,0.236746,0.223358,0.311432,0.323822,0.382239,0.476712,0.159552,0.394378,0.266552,0.245374,0.176099,0.312724,0.267045,0.191979,0.196844,0.382787,0.229159,0.234534,0.184344,0.367830,0.186341,0.298566,0.197509,0.367073,0.365818,0.177150,0.293748,0.300313,0.225379,0.271972,0.308284,0.312776,0.262128,0.188448,0.320475,0.375922,0.131520,0.208240,0.313854,0.193723,0.367728,0.210751,0.321806,0.159395,0.216809,0.311425,0.143383,0.303271,0.290109,0.146570,0.274869,0.426587,0.144086,0.245817,0.345826,0.245474,0.314607,0.085100,0.385765,0.235768,0.303098,0.220804,0.312713,0.074724,0.211401,0.253182,0.194732,0.293470,0.280274,0.287515,0.199146,0.284444,0.178024,0.208138,0.364417,0.234348,0.286071,0.241223,0.060535,0.256880,0.181361,0.224725,0.372899,0.288992,0.150713,0.192477,0.259184,0.293025,0.390420,0.132496,0.212969,0.222742,0.216885,0.273476,0.232862,0.338043,0.108050,0.181513,0.168521,0.328110,0.070260,-0.008393,0.381289,0.097857,0.295787,0.287023,0.117679,0.329620,0.257071,0.208184,0.189695,0.260364,0.194162,0.273275,0.329535,0.256691,0.326626,0.098882,0.126358,0.196921,0.191710,0.291789,0.283602,0.430039,0.205494,0.287559,0.248733,0.326382,0.048742,0.375303,0.320733,0.182246,0.285911,0.191557,0.328871,#
