0,1.000000,0.646517,0.692846,0.631355,0.511539,0.657674,0.630777,0.653649,0.604453,0.621391,0.646526,0.696669,0.635348,0.538666,0.665116,0.609387,0.639450,0.677641,0.628116,0.606135,0.603158,0.584263,0.639853,0.649901,0.608250,0.600757,0.653890,0.669936,0.544634,0.610463,0.658437,0.568199,0.585759,0.556682,0.660820,0.622297,0.657399,0.655221,0.653525,0.717446,0.624184,0.600171,0.666161,0.679421,0.628015,0.553254,0.704723,0.678375,0.586018,0.705728,0.664205,0.553410,0.704434,0.670416,0.594835,0.674350,0.657543,0.684206,0.628317,0.677223,0.714302,0.575315,0.652369,0.633494,0.616449,0.677137,0.652946,0.725622,0.651973,0.568756,0.676565,0.650489,0.731998,0.646399,0.653550,0.640112,0.638033,0.654158,0.649535,0.621508,0.762241,0.665422,0.634438,0.672662,0.647931,0.710108,0.643273,0.559069,0.533427,0.656784,0.616852,0.635530,0.599927,0.667226,0.603500,0.668843,0.546446,0.583559,0.674428,0.661764,0.621057,0.655870,0.549937,0.612983,0.631108,0.561987,0.569132,0.672319,0.660956,0.641961,0.699670,0.591523,0.706610,0.538279,0.619350,0.727681,0.556049,0.605758,0.612690,0.617270,0.560986,0.765879,0.618677,0.708285,0.605696,0.611261,0.607075,0.618619,0.576591,0.592858,0.602913,0.652870,0.624477,0.621476,0.635174,0.588990,0.603063,0.690620,0.628660,0.628755,0.575284,0.612085,0.579759,0.728092,0.695553,0.578524,0.611948,0.592901,0.670144,0.627534,0.634044,0.569045,0.629993,0.584237,0.598928,0.565586,0.583073,0.663427,0.689306,0.673031,0.647986,0.698876,0.582001,0.631856,0.636212,0.703869,0.697499,0.593852,0.608200,0.672188,0.654261,0.618987,0.656371,0.687019,0.719509,0.519903,0.599616,0.639948,0.658877,0.682870,0.583179,0.708632,0.540832,0.599999,0.623558,0.585309,0.647572,0.647397,0.634609,0.691799,0.653895,0.659860,0.616872,0.615387,0.608079,0.611242,0.589595,0.656741,0.688268,0.663626,#
1,0.646517,1.000000,0.641283,0.684611,0.549984,0.697488,0.579263,0.582662,0.592194,0.599006,0.628937,0.619082,0.597821,0.622992,0.669539,0.579235,0.607086,0.571597,0.609778,0.638017,0.660768,0.717159,0.705961,0.697793,0.601837,0.575926,0.703235,0.624780,0.527517,0.528113,0.686404,0.629131,0.613538,0.660608,0.658667,0.721120,0.562827,0.689407,0.667328,0.665759,0.578579,0.576440,0.598814,0.643013,0.600922,0.629700,0.687048,0.649125,0.685242,0.685653,0.600412,0.633980,0.698081,0.614666,0.643399,0.642179,0.620438,0.669092,0.702895,0.634825,0.561823,0.673043,0.521574,0.509238,0.628841,0.595525,0.673272,0.714672,0.691262,0.678456,0.640696,0.645510,0.771479,0.532789,0.608479,0.672527,0.612259,0.678026,0.624276,0.607208,0.700496,0.670366,0.734750,0.684514,0.622529,0.644161,0.611253,0.570765,0.671040,0.631653,0.641033,0.594396,0.617760,0.647045,0.513472,0.582530,0.632129,0.600048,0.602544,0.678885,0.608458,0.701575,0.561291,0.640671,0.624226,0.553130,0.549173,0.662062,0.604517,0.567983,0.642524,0.638426,0.645228,0.548372,0.590979,0.613582,0.671542,0.710438,0.590007,0.553587,0.692190,0.674336,0.548735,0.675624,0.521259,0.512619,0.647509,0.647313,0.640856,0.680903,0.587773,0.654808,0.577214,0.676570,0.607914,0.558612,0.573329,0.608403,0.665394,0.580014,0.639318,0.557711,0.568640,0.620727,0.578559,0.661670,0.659300,0.578488,0.681322,0.589337,0.674678,0.623236,0.631319,0.565412,0.639517,0.522803,0.607130,0.680932,0.607057,0.610166,0.582167,0.686857,0.631000,0.677299,0.649431,0.611701,0.610421,0.658757,0.474319,0.640796,0.674771,0.571037,0.630144,0.685872,0.642010,0.506884,0.602269,0.671275,0.606632,0.637202,0.584720,0.647777,0.577626,0.551986,0.551116,0.664302,0.637248,0.499983,0.592356,0.620000,0.674970,0.554692,0.598542,0.644723,0.709598,0.571924,0.604225,0.660620,0.593129,0.668720,#
2,0.692846,0.641283,1.000000,0.634367,0.501385,0.669067,0.608688,0.653419,0.586354,0.598651,0.642835,0.608128,0.554405,0.531733,0.628319,0.541001,0.617402,0.641032,0.578201,0.620945,0.564072,0.620185,0.558952,0.647575,0.614094,0.561655,0.682514,0.663171,0.636932,0.605366,0.661530,0.597018,0.643025,0.628353,0.603251,0.665652,0.682030,0.644547,0.723871,0.654549,0.640986,0.634427,0.585254,0.608891,0.566792,0.621489,0.729873,0.602143,0.615366,0.761374,0.574457,0.556471,0.637721,0.702135,0.715441,0.600868,0.643110,0.665217,0.588098,0.626740,0.662065,0.655804,0.612884,0.667250,0.624809,0.626419,0.728950,0.604274,0.669806,0.642457,0.710962,0.600288,0.745818,0.592470,0.656300,0.685230,0.657728,0.698381,0.631195,0.701030,0.672963,0.709730,0.676635,0.687023,0.630679,0.672326,0.678197,0.684935,0.642108,0.603341,0.697374,0.653634,0.592730,0.591189,0.646466,0.621913,0.597214,0.608241,0.721601,0.663134,0.609359,0.562606,0.538080,0.612502,0.609928,0.692232,0.632735,0.579064,0.711417,0.626487,0.670168,0.557354,0.715349,0.544774,0.616398,0.600067,0.595690,0.606333,0.666016,0.548368,0.628850,0.686776,0.567864,0.656949,0.592903,0.588887,0.637002,0.610437,0.632710,0.658927,0.658508,0.724511,0.674129,0.702950,0.612608,0.602458,0.554874,0.602312,0.605426,0.591339,0.682355,0.568754,0.543597,0.605200,0.599438,0.693916,0.636761,0.597202,0.670591,0.570465,0.670084,0.574032,0.634180,0.601667,0.576814,0.628025,0.617697,0.614871,0.560806,0.603521,0.594388,0.569913,0.612591,0.636970,0.556772,0.679987,0.730699,0.599694,0.521574,0.600805,0.671586,0.572891,0.599344,0.601792,0.632875,0.541469,0.573454,0.670892,0.629940,0.639202,0.590437,0.704232,0.562291,0.649249,0.553232,0.612653,0.623975,0.590135,0.653767,0.611263,0.641452,0.608829,0.681083,0.630738,0.654116,0.670197,0.620025,0.715919,0.578902,0.658903,#
3,0.631355,0.684611,0.634367,1.000000,0.572030,0.620274,0.588261,0.617237,0.572273,0.619422,0.580717,0.619733,0.628640,0.546915,0.607666,0.608070,0.604195,0.598586,0.599724,0.570597,0.606069,0.655411,0.575081,0.591278,0.674290,0.617107,0.626607,0.612507,0.603248,0.497313,0.614603,0.647498,0.597032,0.660582,0.591687,0.608867,0.562700,0.633795,0.567368,0.675370,0.629897,0.588430,0.577668,0.566681,0.582634,0.648317,0.688082,0.655061,0.708437,0.661299,0.616580,0.491633,0.637622,0.607834,0.645307,0.601057,0.519580,0.622557,0.727098,0.626578,0.604624,0.636035,0.526330,0.566567,0.647426,0.657233,0.608021,0.610454,0.612049,0.610679,0.619318,0.661381,0.711861,0.628920,0.604548,0.579763,0.589200,0.635649,0.635854,0.641244,0.692004,0.591933,0.624113,0.687968,0.600104,0.642420,0.609953,0.543887,0.576332,0.611744,0.556631,0.609639,0.621770,0.642589,0.579779,0.640928,0.594504,0.533820,0.581406,0.644568,0.577200,0.575978,0.484116,0.580416,0.615931,0.613285,0.609570,0.673879,0.575839,0.570666,0.574418,0.615574,0.626365,0.573642,0.625530,0.649459,0.589289,0.611252,0.592925,0.530659,0.524855,0.641468,0.500724,0.636613,0.552823,0.546432,0.654812,0.613801,0.593935,0.643975,0.559586,0.656404,0.566522,0.681267,0.668501,0.614038,0.671807,0.577262,0.592619,0.541938,0.599553,0.561312,0.547703,0.598545,0.556216,0.665008,0.574704,0.582982,0.626282,0.503575,0.562912,0.567966,0.592965,0.547669,0.584256,0.519645,0.654942,0.651999,0.548486,0.627980,0.647135,0.642418,0.580562,0.705477,0.583677,0.637771,0.586825,0.544964,0.557567,0.593125,0.653672,0.619799,0.581612,0.633286,0.591323,0.583821,0.562844,0.594874,0.660774,0.587194,0.542630,0.675067,0.554246,0.562320,0.535751,0.582407,0.572245,0.509192,0.696489,0.657913,0.561181,0.572423,0.603316,0.595265,0.635510,0.601338,0.624816,0.630847,0.568537,0.635947,#
4,0.511539,0.549984,0.501385,0.572030,1.000000,0.598188,0.617328,0.464538,0.419650,0.514855,0.532012,0.536186,0.463224,0.453955,0.503380,0.547802,0.490780,0.580444,0.448879,0.564941,0.548060,0.569554,0.493964,0.565983,0.566614,0.415461,0.501245,0.491765,0.521828,0.479725,0.631379,0.476037,0.546317,0.442371,0.521946,0.554819,0.461503,0.541804,0.490388,0.624616,0.474021,0.461694,0.519571,0.604373,0.526707,0.487665,0.634549,0.514155,0.540616,0.609071,0.579275,0.465602,0.548855,0.443902,0.561921,0.575361,0.456304,0.543476,0.616926,0.545244,0.483646,0.592227,0.513706,0.474438,0.559130,0.623623,0.585772,0.486395,0.554417,0.547151,0.610559,0.610350,0.553585,0.445353,0.461340,0.557842,0.514325,0.581103,0.590649,0.535980,0.524388,0.557264,0.567442,0.489412,0.591798,0.494474,0.524196,0.441020,0.538986,0.602210,0.477328,0.435508,0.436480,0.561596,0.444345,0.544022,0.573709,0.420772,0.470302,0.504352,0.546929,0.622291,0.466407,0.511913,0.533877,0.464505,0.558510,0.526860,0.525725,0.544641,0.503230,0.540061,0.601481,0.596971,0.483995,0.530385,0.460058,0.665480,0.476804,0.467250,0.525036,0.519120,0.560523,0.563986,0.481318,0.528266,0.532903,0.467500,0.594272,0.589189,0.632169,0.579629,0.482409,0.541911,0.577566,0.539191,0.503104,0.561960,0.510881,0.466577,0.456324,0.566336,0.503433,0.549944,0.469617,0.532179,0.529576,0.463171,0.520710,0.548506,0.526124,0.603396,0.461533,0.410238,0.569816,0.458531,0.587778,0.575134,0.580686,0.492511,0.403159,0.564720,0.565789,0.574609,0.546557,0.530685,0.545994,0.463455,0.418772,0.535639,0.517805,0.501738,0.554002,0.487011,0.585883,0.463417,0.518803,0.557693,0.548318,0.562733,0.588829,0.561036,0.551542,0.505287,0.583441,0.548841,0.486916,0.608382,0.513219,0.453852,0.488271,0.443343,0.520685,0.525524,0.543679,0.392936,0.484256,0.542154,0.533126,0.525414,#
5,0.657674,0.697488,0.669067,0.620274,0.598188,1.000000,0.570079,0.619196,0.561106,0.560404,0.553899,0.618824,0.567743,0.550931,0.613900,0.543504,0.575050,0.595539,0.624490,0.665679,0.575081,0.573853,0.563819,0.625704,0.639829,0.607537,0.660254,0.663482,0.499192,0.597399,0.664927,0.620087,0.624799,0.660622,0.603187,0.678347,0.619638,0.595278,0.625537,0.656763,0.600176,0.572878,0.538836,0.621263,0.615934,0.593490,0.673951,0.686081,0.626967,0.681997,0.639836,0.485288,0.632289,0.643900,0.648510,0.719926,0.589189,0.637695,0.690931,0.656852,0.530225,0.595116,0.592991,0.628139,0.593348,0.566668,0.634596,0.615599,0.644979,0.678999,0.704647,0.621268,0.723874,0.571200,0.628727,0.570430,0.596294,0.681532,0.615196,0.592075,0.661084,0.669410,0.670212,0.622263,0.586523,0.619302,0.581609,0.556885,0.645338,0.646580,0.616382,0.538752,0.542744,0.661772,0.518747,0.483712,0.647817,0.560534,0.655507,0.522835,0.654499,0.624006,0.655405,0.631330,0.614247,0.595119,0.614200,0.636857,0.576047,0.627863,0.606110,0.634454,0.638457,0.505311,0.504501,0.582146,0.652978,0.691254,0.573121,0.546250,0.563112,0.673049,0.573528,0.715902,0.560344,0.577646,0.688416,0.538959,0.655747,0.599770,0.601183,0.712886,0.642436,0.700540,0.633058,0.529796,0.506295,0.640959,0.566240,0.536568,0.567766,0.520176,0.585515,0.615732,0.710848,0.576045,0.575698,0.579971,0.636263,0.656704,0.685916,0.621326,0.609487,0.571787,0.611885,0.509990,0.647523,0.631558,0.613778,0.596367,0.587467,0.658600,0.582286,0.615591,0.648657,0.598149,0.558429,0.605742,0.498505,0.590638,0.700536,0.588782,0.615132,0.570560,0.587227,0.527514,0.578447,0.674130,0.649847,0.667983,0.611155,0.649374,0.504085,0.571861,0.547103,0.628851,0.566758,0.607540,0.687216,0.628797,0.592690,0.656297,0.586462,0.659622,0.629526,0.589761,0.548752,0.685039,0.593952,0.616916,#
6,0.630777,0.579263,0.608688,0.588261,0.617328,0.570079,1.000000,0.551690,0.601369,0.660084,0.611873,0.669954,0.552652,0.611546,0.544639,0.685192,0.662868,0.691060,0.603935,0.595971,0.629010,0.588883,0.555648,0.584180,0.704792,0.640301,0.637612,0.634077,0.557255,0.616456,0.687924,0.653803,0.667404,0.623570,0.548778,0.657755,0.666622,0.665654,0.607733,0.652643,0.658622,0.604818,0.685366,0.653667,0.623417,0.521957,0.658482,0.695230,0.659888,0.704530,0.612614,0.574517,0.658734,0.531907,0.635175,0.609618,0.619920,0.706011,0.683425,0.560252,0.682768,0.692753,0.576631,0.575905,0.678627,0.670975,0.731729,0.676949,0.701815,0.583116,0.699849,0.709191,0.670227,0.578243,0.587169,0.652296,0.679296,0.730806,0.702823,0.631229,0.679114,0.661981,0.603213,0.736284,0.661429,0.583167,0.632813,0.590379,0.616059,0.611227,0.581769,0.617268,0.500251,0.650879,0.534902,0.633026,0.641499,0.633912,0.605668,0.616169,0.650411,0.666931,0.591758,0.616188,0.674652,0.545429,0.659631,0.651762,0.685442,0.576631,0.577506,0.594345,0.635459,0.611397,0.543204,0.641580,0.541999,0.664772,0.544613,0.618792,0.577253,0.594337,0.566025,0.693230,0.615770,0.551881,0.572719,0.632494,0.616756,0.590347,0.674077,0.653706,0.579852,0.582228,0.624679,0.591315,0.631468,0.607076,0.674987,0.658688,0.627526,0.594001,0.512487,0.622539,0.592933,0.657850,0.684328,0.635814,0.606999,0.565509,0.598240,0.635742,0.539237,0.566896,0.566359,0.557723,0.599941,0.522269,0.590738,0.686095,0.610580,0.651061,0.575424,0.636210,0.632982,0.686476,0.682863,0.506014,0.556433,0.639361,0.627388,0.663189,0.546252,0.577236,0.637862,0.622354,0.580286,0.656421,0.627765,0.675984,0.636855,0.663663,0.619444,0.635219,0.574976,0.582714,0.644053,0.593783,0.616957,0.598610,0.620407,0.628893,0.598266,0.589581,0.663901,0.658709,0.658061,0.657912,0.631932,0.656326,#
7,0.653649,0.582662,0.653419,0.617237,0.464538,0.619196,0.551690,1.000000,0.561884,0.521377,0.561582,0.539268,0.574128,0.553829,0.618105,0.521775,0.551687,0.618680,0.548669,0.571529,0.581823,0.529527,0.636087,0.557135,0.612043,0.598091,0.612444,0.559508,0.508567,0.619548,0.567608,0.550100,0.542952,0.573768,0.604283,0.622574,0.571201,0.606120,0.616386,0.637266,0.593580,0.634894,0.536550,0.600704,0.557917,0.554024,0.640710,0.646819,0.672809,0.612888,0.604791,0.523609,0.631409,0.610551,0.633402,0.594516,0.647084,0.587813,0.662019,0.697311,0.510985,0.613525,0.619360,0.553133,0.610163,0.618590,0.687430,0.584931,0.626553,0.503967,0.667105,0.533966,0.671450,0.601097,0.603738,0.625863,0.613001,0.618417,0.508020,0.554324,0.709209,0.585044,0.674074,0.645995,0.583242,0.608799,0.639425,0.545356,0.597726,0.595807,0.583929,0.632377,0.539647,0.580764,0.599153,0.609865,0.572966,0.607036,0.642131,0.586269,0.595886,0.557253,0.509167,0.516544,0.630086,0.495113,0.572374,0.636131,0.629059,0.539458,0.668884,0.580371,0.677579,0.515084,0.555592,0.630463,0.547624,0.594880,0.561157,0.584155,0.619740,0.596608,0.536864,0.621375,0.591701,0.586983,0.568143,0.601515,0.514032,0.596813,0.566350,0.654311,0.614058,0.558165,0.609891,0.626087,0.570378,0.671041,0.551746,0.572213,0.544175,0.525547,0.604393,0.604393,0.628710,0.597020,0.623295,0.491298,0.590853,0.535311,0.555613,0.580423,0.585313,0.465380,0.524980,0.580344,0.613187,0.643193,0.591347,0.602445,0.593156,0.572002,0.664345,0.576160,0.605900,0.608145,0.629211,0.512276,0.445176,0.575005,0.681857,0.534668,0.568346,0.627256,0.580583,0.462565,0.529745,0.488403,0.618448,0.614617,0.531196,0.652886,0.548518,0.597878,0.528599,0.579942,0.628373,0.527515,0.640147,0.632395,0.592888,0.542408,0.572697,0.557190,0.633338,0.574119,0.603277,0.695101,0.619369,0.598149,#
8,0.604453,0.592194,0.586354,0.572273,0.419650,0.561106,0.601369,0.561884,1.000000,0.577967,0.579921,0.598238,0.577011,0.563367,0.592089,0.601767,0.546271,0.607891,0.446191,0.584600,0.568947,0.572644,0.528768,0.548359,0.656144,0.536503,0.575852,0.466349,0.600506,0.511456,0.621175,0.579957,0.529802,0.532514,0.542544,0.696612,0.592243,0.599960,0.533314,0.578952,0.522698,0.483367,0.675752,0.597179,0.541039,0.493679,0.609635,0.561446,0.586856,0.598288,0.622376,0.517047,0.595811,0.599816,0.534968,0.609668,0.584566,0.588477,0.566379,0.515985,0.567398,0.593927,0.627518,0.596605,0.636958,0.621719,0.620020,0.657281,0.703209,0.520982,0.653742,0.625219,0.659027,0.526078,0.612794,0.538930,0.601256,0.640331,0.595751,0.562209,0.640788,0.600548,0.583038,0.615414,0.599700,0.559233,0.571505,0.591471,0.509223,0.528551,0.575515,0.555866,0.455589,0.529151,0.454161,0.547839,0.636025,0.638976,0.678317,0.649356,0.574703,0.482719,0.607836,0.645947,0.479049,0.548634,0.572936,0.565047,0.526707,0.623251,0.521487,0.569128,0.621385,0.494338,0.484166,0.619458,0.566369,0.564757,0.525903,0.607805,0.509657,0.565622,0.495320,0.653660,0.567217,0.588665,0.496040,0.538516,0.598052,0.603529,0.498707,0.638453,0.585574,0.513157,0.532641,0.573523,0.560351,0.540459,0.588035,0.555793,0.553081,0.527720,0.585088,0.494210,0.577771,0.546516,0.556750,0.573240,0.618957,0.563515,0.551398,0.612728,0.472571,0.625241,0.529402,0.447817,0.574963,0.659520,0.662759,0.573140,0.578815,0.512340,0.559696,0.523545,0.524597,0.592826,0.589713,0.601191,0.565652,0.484148,0.596306,0.604916,0.477070,0.545243,0.620995,0.487966,0.563284,0.628595,0.574806,0.576234,0.530782,0.611117,0.577297,0.517718,0.530538,0.497145,0.675120,0.540709,0.556238,0.606669,0.649177,0.599010,0.600277,0.600540,0.576091,0.492714,0.488039,0.588315,0.558279,0.655827,#
9,0.621391,0.599006,0.598651,0.619422,0.514855,0.560404,0.660084,0.521377,0.577967,1.000000,0.600795,0.534593,0.586232,0.601149,0.654845,0.586313,0.604608,0.620830,0.532585,0.522023,0.639377,0.534086,0.533765,0.598487,0.621838,0.491281,0.582567,0.697508,0.541282,0.594421,0.557063,0.646449,0.578937,0.589021,0.516785,0.625359,0.582303,0.573228,0.591590,0.664198,0.594864,0.594051,0.564378,0.595465,0.637358,0.551908,0.625515,0.592390,0.633185,0.662434,0.623697,0.480877,0.543761,0.549201,0.568640,0.585352,0.633892,0.707385,0.539406,0.595020,0.612038,0.644052,0.585080,0.506369,0.539814,0.643516,0.653770,0.633738,0.712746,0.562210,0.624348,0.628372,0.654654,0.536997,0.557054,0.601845,0.644551,0.678489,0.583023,0.671353,0.690165,0.665965,0.609584,0.703053,0.578526,0.579410,0.634413,0.647316,0.627497,0.606367,0.590715,0.560059,0.581157,0.574685,0.573112,0.569287,0.573577,0.523108,0.592426,0.648509,0.653694,0.641656,0.608025,0.609581,0.616248,0.580081,0.558161,0.665377,0.669792,0.624511,0.590437,0.612338,0.617430,0.590175,0.558849,0.660342,0.459265,0.630339,0.528240,0.575663,0.489251,0.662273,0.536157,0.648020,0.593611,0.542267,0.585019,0.579655,0.604909,0.571929,0.538711,0.667304,0.547329,0.590602,0.617405,0.519857,0.616084,0.614338,0.595920,0.528214,0.665812,0.637127,0.611749,0.657197,0.611921,0.678581,0.595842,0.639848,0.650899,0.564855,0.550177,0.566343,0.595328,0.579315,0.553675,0.537427,0.540041,0.635424,0.587260,0.626371,0.612468,0.656074,0.626247,0.608741,0.587859,0.658076,0.558467,0.596881,0.562058,0.570741,0.608030,0.541816,0.567289,0.509691,0.613965,0.591085,0.613382,0.663400,0.550358,0.644458,0.633252,0.608690,0.609284,0.521564,0.556798,0.558673,0.596918,0.590118,0.619103,0.542594,0.600628,0.573490,0.551098,0.564161,0.560334,0.557837,0.652052,0.588233,0.555801,0.599622,#
10,0.646526,0.628937,0.642835,0.580717,0.532012,0.553899,0.611873,0.561582,0.579921,0.600795,1.000000,0.631378,0.606847,0.568214,0.563259,0.580659,0.626749,0.573343,0.636219,0.600931,0.601308,0.579371,0.586427,0.668308,0.600269,0.578813,0.626846,0.652434,0.597681,0.610623,0.619673,0.538978,0.588152,0.617110,0.609184,0.647499,0.653919,0.639320,0.617217,0.622327,0.617760,0.528103,0.620265,0.568554,0.571250,0.594656,0.734870,0.635571,0.610162,0.720011,0.591150,0.610714,0.631769,0.545394,0.632948,0.667319,0.626681,0.706222,0.557595,0.629672,0.627986,0.659794,0.662864,0.612950,0.620475,0.565818,0.688229,0.636313,0.700725,0.581483,0.746725,0.665373,0.706046,0.447694,0.611830,0.692402,0.572038,0.664235,0.647555,0.580882,0.696377,0.620835,0.628038,0.614472,0.596948,0.592515,0.657868,0.552887,0.597971,0.687095,0.539427,0.616277,0.639291,0.535094,0.473195,0.618350,0.603641,0.650083,0.613456,0.635637,0.563313,0.554909,0.567704,0.639904,0.595835,0.595163,0.614234,0.584368,0.593576,0.595445,0.652154,0.547546,0.699628,0.581167,0.552015,0.644570,0.513775,0.631248,0.566008,0.553959,0.570219,0.625759,0.529846,0.657796,0.533424,0.548749,0.617290,0.584316,0.658541,0.624380,0.602638,0.671690,0.571245,0.610480,0.631732,0.717888,0.561914,0.589093,0.657599,0.645268,0.637813,0.612601,0.522770,0.623744,0.555528,0.638003,0.660399,0.600831,0.632450,0.630670,0.541387,0.559999,0.553948,0.565923,0.639635,0.530515,0.631027,0.669585,0.582095,0.559109,0.654782,0.583140,0.559770,0.618436,0.614622,0.600520,0.642534,0.540529,0.558956,0.653791,0.600215,0.668216,0.527010,0.578001,0.669790,0.552134,0.527256,0.627921,0.567972,0.664065,0.546551,0.616233,0.597410,0.555980,0.480567,0.607588,0.630223,0.606153,0.543013,0.623358,0.616139,0.532868,0.585237,0.657374,0.618718,0.578946,0.583284,0.617732,0.601624,0.697030,#
11,0.696669,0.619082,0.608128,0.619733,0.536186,0.618824,0.669954,0.539268,0.598238,0.534593,0.631378,1.000000,0.613936,0.594375,0.645118,0.625922,0.622099,0.680634,0.690733,0.607330,0.564621,0.567477,0.631261,0.628823,0.679630,0.576253,0.629535,0.577084,0.628400,0.540810,0.650515,0.626813,0.675387,0.605593,0.543469,0.645609,0.667034,0.688742,0.586715,0.638951,0.641760,0.532104,0.651232,0.585685,0.583158,0.493515,0.695089,0.700827,0.604454,0.687938,0.577055,0.513539,0.702576,0.580735,0.628919,0.657582,0.570369,0.713666,0.654199,0.665862,0.572936,0.580861,0.669538,0.588274,0.635613,0.618267,0.635508,0.657117,0.691312,0.580691,0.704364,0.610821,0.664723,0.615119,0.712893,0.630730,0.686253,0.697647,0.641761,0.564098,0.632165,0.623704,0.681555,0.648110,0.697764,0.582364,0.557281,0.576157,0.556724,0.571990,0.598946,0.572054,0.515549,0.614987,0.461515,0.637653,0.596225,0.629346,0.620503,0.631066,0.593458,0.609611,0.638070,0.627406,0.622211,0.572928,0.624670,0.651143,0.670332,0.605932,0.676991,0.658834,0.659603,0.541233,0.528740,0.648988,0.604921,0.579118,0.560594,0.667798,0.536046,0.601048,0.563729,0.686794,0.611121,0.581756,0.659865,0.653048,0.644652,0.657670,0.655670,0.633891,0.668873,0.619551,0.638178,0.625608,0.629988,0.640079,0.659693,0.615217,0.542597,0.514804,0.586027,0.652770,0.600513,0.624107,0.680325,0.609392,0.628410,0.584562,0.582360,0.582683,0.571664,0.692929,0.636514,0.530654,0.634087,0.595762,0.584846,0.602647,0.690439,0.663331,0.625429,0.623630,0.652059,0.643653,0.711159,0.528066,0.579013,0.682817,0.679562,0.640248,0.662096,0.692403,0.655452,0.557705,0.632253,0.603166,0.613698,0.648871,0.605593,0.614767,0.641207,0.547664,0.593277,0.520026,0.653956,0.633772,0.538482,0.548081,0.667584,0.657802,0.594017,0.592326,0.605913,0.584793,0.600308,0.626708,0.632034,0.619386,#
12,0.635348,0.597821,0.554405,0.628640,0.463224,0.567743,0.552652,0.574128,0.577011,0.586232,0.606847,0.613936,1.000000,0.568379,0.619415,0.551152,0.545301,0.600800,0.619646,0.533896,0.592106,0.511913,0.602904,0.634814,0.633218,0.620627,0.554201,0.581103,0.540045,0.530058,0.598899,0.531427,0.559941,0.624249,0.625410,0.625351,0.591190,0.639056,0.618551,0.596556,0.490205,0.457938,0.559329,0.567754,0.616095,0.557318,0.704728,0.604160,0.652142,0.685209,0.672608,0.444267,0.547741,0.569252,0.608053,0.640829,0.593874,0.581416,0.602472,0.556836,0.541488,0.579373,0.617594,0.514162,0.621491,0.604766,0.571127,0.616569,0.699851,0.576885,0.612868,0.626630,0.658995,0.558219,0.618231,0.601442,0.607884,0.653248,0.620773,0.612972,0.668150,0.591408,0.640808,0.610979,0.571675,0.613829,0.542219,0.597905,0.513834,0.559710,0.635067,0.546250,0.617435,0.555448,0.473712,0.600839,0.596058,0.510867,0.539932,0.556955,0.495599,0.620296,0.545662,0.581084,0.527553,0.526178,0.530681,0.575792,0.633212,0.606527,0.600121,0.598251,0.655014,0.469911,0.626595,0.621672,0.436338,0.522105,0.570913,0.592631,0.524867,0.637792,0.501306,0.631533,0.558063,0.646585,0.620225,0.533539,0.542674,0.566981,0.453755,0.526108,0.530432,0.564822,0.514880,0.560734,0.479192,0.598612,0.552279,0.495379,0.585662,0.522248,0.532375,0.641671,0.473658,0.598646,0.603932,0.535749,0.598192,0.591264,0.609561,0.472284,0.593637,0.492873,0.552753,0.566923,0.620038,0.687228,0.638908,0.559018,0.564486,0.628341,0.577353,0.575146,0.643944,0.551036,0.539970,0.617600,0.515948,0.594561,0.642149,0.505463,0.579878,0.580477,0.573093,0.477802,0.650254,0.609487,0.495868,0.565031,0.543728,0.670988,0.557288,0.493589,0.460832,0.506202,0.573475,0.567994,0.644108,0.596417,0.567699,0.545999,0.495043,0.549368,0.543312,0.597265,0.568670,0.646459,0.628130,0.591965,#
13,0.538666,0.622992,0.531733,0.546915,0.453955,0.550931,0.611546,0.553829,0.563367,0.601149,0.568214,0.594375,0.568379,1.000000,0.563598,0.528937,0.499788,0.638758,0.609610,0.569249,0.588012,0.499918,0.628441,0.563174,0.621559,0.576468,0.542035,0.584035,0.553573,0.648118,0.520344,0.546117,0.589882,0.644943,0.398732,0.614801,0.601794,0.665853,0.539760,0.631803,0.672471,0.549418,0.610462,0.553281,0.607631,0.606980,0.606986,0.622330,0.646319,0.645183,0.603193,0.562246,0.578340,0.554336,0.624941,0.667749,0.642023,0.658363,0.616963,0.641720,0.585344,0.611961,0.567200,0.563591,0.663541,0.634027,0.626449,0.660546,0.698179,0.556394,0.619033,0.603564,0.684719,0.578655,0.566660,0.552621,0.639798,0.661462,0.641564,0.548680,0.639123,0.619021,0.620769,0.707002,0.566590,0.661089,0.529801,0.508239,0.654830,0.540225,0.541920,0.632854,0.514928,0.591077,0.499152,0.553921,0.600266,0.556961,0.592926,0.626527,0.590483,0.607315,0.656052,0.598070,0.617193,0.601801,0.565080,0.658076,0.570107,0.576918,0.571863,0.596029,0.611010,0.522532,0.569438,0.633910,0.514259,0.599638,0.605281,0.534982,0.600885,0.590264,0.559124,0.572605,0.539634,0.552610,0.628232,0.574922,0.570603,0.574558,0.585568,0.546695,0.566793,0.614164,0.556050,0.581592,0.566648,0.630749,0.690886,0.532647,0.638345,0.588212,0.584601,0.534992,0.548934,0.591331,0.634333,0.564401,0.633730,0.544501,0.629866,0.600432,0.530999,0.583239,0.534934,0.494794,0.631361,0.575142,0.634971,0.563505,0.633862,0.617724,0.599452,0.627492,0.619955,0.575336,0.588497,0.554216,0.557615,0.592081,0.634422,0.638316,0.640900,0.640547,0.667790,0.586770,0.585491,0.597291,0.619541,0.603885,0.571624,0.588714,0.658080,0.475392,0.556145,0.582127,0.554335,0.579096,0.538310,0.595006,0.616672,0.573281,0.583880,0.610223,0.604255,0.586724,0.607681,0.660312,0.613874,0.550913,#
14,0.665116,0.669539,0.628319,0.607666,0.503380,0.613900,0.544639,0.618105,0.592089,0.654845,0.563259,0.645118,0.619415,0.563598,1.000000,0.548028,0.594605,0.596364,0.544190,0.575223,0.568760,0.560499,0.614806,0.673831,0.616133,0.490504,0.631025,0.581740,0.533961,0.576497,0.689427,0.519312,0.583512,0.556297,0.656101,0.655195,0.540934,0.635636,0.661684,0.606832,0.618262,0.557822,0.573641,0.600912,0.580852,0.569898,0.676979,0.559904,0.628367,0.633197,0.564102,0.570814,0.593707,0.617847,0.610304,0.613934,0.565667,0.568695,0.628827,0.566885,0.576258,0.653630,0.615953,0.557470,0.597646,0.589106,0.608314,0.620169,0.680563,0.587705,0.631819,0.556673,0.683685,0.603900,0.666780,0.613593,0.571509,0.668973,0.576059,0.572212,0.660685,0.586444,0.652020,0.615154,0.617204,0.635831,0.526724,0.506847,0.609795,0.523998,0.583243,0.531231,0.575437,0.690971,0.610373,0.575754,0.559154,0.542656,0.583950,0.602198,0.590427,0.600375,0.592484,0.542611,0.616604,0.594842,0.539540,0.557526,0.707379,0.617153,0.642920,0.621371,0.698910,0.530843,0.461148,0.622035,0.495447,0.534999,0.562443,0.639589,0.561554,0.645704,0.517931,0.614843,0.603269,0.493325,0.641114,0.613975,0.528821,0.599008,0.494805,0.664014,0.530861,0.538481,0.591458,0.569403,0.635584,0.580816,0.604612,0.538615,0.578261,0.611988,0.541367,0.623598,0.561214,0.655402,0.672218,0.522817,0.598004,0.505269,0.641782,0.574962,0.563347,0.593249,0.575488,0.541679,0.561332,0.615778,0.514216,0.592891,0.619630,0.557759,0.616529,0.519440,0.637749,0.584585,0.556203,0.568483,0.474633,0.615435,0.591623,0.515219,0.605575,0.605409,0.676422,0.518177,0.570923,0.605780,0.560667,0.638453,0.552244,0.639364,0.570022,0.563204,0.591633,0.575226,0.651805,0.578479,0.611967,0.539041,0.627188,0.570169,0.592866,0.584510,0.550708,0.535181,0.558060,0.619249,0.520523,0.517284,#
15,0.609387,0.579235,0.541001,0.608070,0.547802,0.543504,0.685192,0.521775,0.601767,0.586313,0.580659,0.625922,0.551152,0.528937,0.548028,1.000000,0.567890,0.646982,0.602155,0.562829,0.526240,0.590860,0.569111,0.606200,0.629264,0.536724,0.524882,0.539156,0.533674,0.485957,0.664233,0.616292,0.561115,0.662386,0.497759,0.641921,0.615511,0.697590,0.557409,0.544072,0.524913,0.482770,0.606052,0.586589,0.586365,0.539819,0.625362,0.557713,0.609500,0.644363,0.590901,0.530284,0.580002,0.573783,0.573338,0.569634,0.610725,0.614805,0.610147,0.586002,0.626083,0.641450,0.578088,0.544098,0.621585,0.580933,0.612898,0.650501,0.599006,0.545241,0.638138,0.590550,0.610812,0.520895,0.593644,0.591223,0.579199,0.579606,0.636507,0.546979,0.571467,0.599637,0.618679,0.657962,0.609469,0.560937,0.491350,0.500462,0.540776,0.494468,0.514398,0.594376,0.541740,0.601222,0.422844,0.585654,0.574460,0.598664,0.606530,0.650977,0.570886,0.575187,0.578451,0.582694,0.582826,0.514324,0.509478,0.609673,0.554530,0.598517,0.567126,0.481397,0.643096,0.521392,0.599172,0.577072,0.468428,0.557781,0.523364,0.666328,0.485122,0.608844,0.546760,0.641189,0.551224,0.548935,0.558073,0.551471,0.629589,0.641949,0.625358,0.579642,0.496756,0.497902,0.573871,0.638970,0.652931,0.550529,0.529866,0.581464,0.552480,0.511209,0.510852,0.593818,0.576675,0.602346,0.547373,0.542828,0.608456,0.551818,0.602443,0.626719,0.554971,0.588785,0.569304,0.527673,0.581986,0.519060,0.624761,0.590050,0.554280,0.629647,0.618437,0.625893,0.585689,0.572242,0.574750,0.475898,0.546439,0.600464,0.535925,0.606675,0.499797,0.633585,0.606085,0.577775,0.527674,0.574080,0.601012,0.619345,0.562394,0.623956,0.513243,0.577942,0.598668,0.469530,0.538147,0.504039,0.520542,0.553637,0.529426,0.604913,0.543627,0.535108,0.541236,0.562315,0.559613,0.553472,0.628566,0.612664,#
16,0.639450,0.607086,0.617402,0.604195,0.490780,0.575050,0.662868,0.551687,0.546271,0.604608,0.626749,0.622099,0.545301,0.499788,0.594605,0.567890,1.000000,0.647411,0.655876,0.616920,0.664213,0.491408,0.518331,0.635577,0.646903,0.604043,0.620702,0.562298,0.457421,0.531998,0.684604,0.579341,0.568840,0.495009,0.594425,0.632642,0.644471,0.694953,0.591949,0.644501,0.561602,0.565025,0.574427,0.575219,0.571695,0.571705,0.637577,0.593022,0.636543,0.693149,0.551465,0.547768,0.632943,0.579720,0.574111,0.645438,0.518709,0.601861,0.598153,0.557839,0.648868,0.682138,0.565629,0.520103,0.579738,0.562378,0.694202,0.642300,0.657026,0.612141,0.677222,0.632098,0.689779,0.537137,0.601539,0.589128,0.574321,0.636693,0.553308,0.635980,0.719637,0.619905,0.632768,0.643488,0.624607,0.594283,0.617504,0.461665,0.533800,0.620201,0.512989,0.608023,0.588245,0.566977,0.515516,0.644020,0.548875,0.563905,0.663851,0.614059,0.634651,0.623574,0.559054,0.592395,0.584126,0.602456,0.617069,0.594333,0.691538,0.586157,0.605658,0.568824,0.630779,0.566661,0.593478,0.640284,0.644068,0.630035,0.555365,0.451577,0.481604,0.544590,0.557239,0.631196,0.610867,0.530971,0.517632,0.532315,0.626241,0.553969,0.641768,0.588459,0.573409,0.585057,0.613793,0.678624,0.609555,0.573857,0.560988,0.508544,0.591771,0.553451,0.599044,0.578375,0.516645,0.574139,0.633952,0.623132,0.587653,0.522266,0.565934,0.589055,0.488913,0.565779,0.649212,0.520342,0.586474,0.574135,0.569102,0.573231,0.610903,0.546831,0.653532,0.557036,0.647899,0.654586,0.605953,0.569638,0.555447,0.616097,0.539252,0.600247,0.590346,0.638085,0.614135,0.573947,0.511105,0.703002,0.587944,0.638966,0.595080,0.584911,0.539070,0.595750,0.451870,0.513800,0.623373,0.572532,0.628718,0.579215,0.626749,0.570267,0.588854,0.589761,0.621623,0.627325,0.629720,0.670132,0.584326,0.625269,#
17,0.677641,0.571597,0.641032,0.598586,0.580444,0.595539,0.691060,0.618680,0.607891,0.620830,0.573343,0.680634,0.600800,0.638758,0.596364,0.646982,0.647411,1.000000,0.597875,0.677075,0.595336,0.561413,0.630979,0.555610,0.705079,0.639604,0.616131,0.631517,0.575615,0.603651,0.665103,0.662865,0.581497,0.565067,0.513362,0.614475,0.615190,0.712378,0.646776,0.723870,0.596913,0.601644,0.595819,0.646526,0.621842,0.603297,0.678025,0.678885,0.684212,0.730371,0.630438,0.458446,0.610069,0.625672,0.654872,0.625438,0.640978,0.636291,0.616997,0.651477,0.585830,0.636516,0.694490,0.569995,0.614529,0.651653,0.757628,0.682278,0.672688,0.572622,0.703780,0.600362,0.652621,0.621626,0.691073,0.594528,0.622837,0.687937,0.643729,0.673043,0.679217,0.657693,0.677462,0.712646,0.617864,0.590318,0.637698,0.613292,0.591254,0.567342,0.583312,0.571237,0.580292,0.646825,0.551933,0.654840,0.601904,0.554934,0.648038,0.669604,0.639364,0.621755,0.595455,0.586546,0.606620,0.606489,0.576786,0.618504,0.623002,0.665343,0.647337,0.527226,0.711800,0.584874,0.659334,0.640903,0.526706,0.615078,0.638020,0.649928,0.564601,0.652172,0.621076,0.613877,0.548520,0.556522,0.573945,0.650854,0.640167,0.623740,0.645493,0.686191,0.643200,0.600511,0.643681,0.635563,0.704715,0.612071,0.594790,0.629309,0.642203,0.586176,0.665184,0.623993,0.639107,0.606236,0.601504,0.540694,0.671101,0.581569,0.633060,0.619603,0.607730,0.614308,0.567232,0.606472,0.686213,0.613985,0.631053,0.636140,0.649594,0.636937,0.692289,0.583606,0.661593,0.598016,0.559197,0.503108,0.566684,0.620105,0.589349,0.603244,0.652192,0.623971,0.722460,0.501682,0.630905,0.648172,0.633629,0.693435,0.645173,0.697179,0.611747,0.667295,0.585477,0.519109,0.630067,0.659517,0.572381,0.586000,0.701720,0.638999,0.578056,0.618401,0.615087,0.634633,0.622809,0.630666,0.659197,0.552933,#
18,0.628116,0.609778,0.578201,0.599724,0.448879,0.624490,0.603935,0.548669,0.446191,0.532585,0.636219,0.690733,0.619646,0.609610,0.544190,0.602155,0.655876,0.597875,1.000000,0.561962,0.558153,0.617594,0.568866,0.542662,0.595672,0.632307,0.641174,0.581885,0.525507,0.607310,0.570433,0.594224,0.604282,0.658970,0.559749,0.667060,0.604010,0.685742,0.594760,0.670963,0.592491,0.572475,0.640507,0.521204,0.594509,0.568519,0.665258,0.718506,0.646192,0.641553,0.502321,0.505448,0.622321,0.499860,0.634353,0.609099,0.610970,0.605972,0.601651,0.687425,0.613035,0.624358,0.570019,0.532175,0.656906,0.529994,0.607232,0.598941,0.613105,0.608862,0.629357,0.570595,0.672477,0.494045,0.664371,0.581620,0.604896,0.619108,0.554209,0.551862,0.653576,0.595769,0.637635,0.655476,0.668503,0.630760,0.537204,0.589924,0.619037,0.553977,0.587606,0.550499,0.611312,0.647563,0.511202,0.599866,0.569000,0.582832,0.608175,0.576957,0.608196,0.564023,0.566731,0.564555,0.591037,0.626930,0.573194,0.656981,0.620193,0.622120,0.669990,0.543604,0.645899,0.506622,0.556888,0.628121,0.565106,0.612223,0.649343,0.568598,0.561318,0.583446,0.514768,0.643087,0.609258,0.494707,0.658410,0.522512,0.651281,0.548982,0.633830,0.627595,0.584114,0.562269,0.619238,0.610924,0.598671,0.589161,0.602222,0.593175,0.563499,0.544193,0.529275,0.660857,0.559179,0.575363,0.591951,0.561676,0.645347,0.541009,0.601273,0.512811,0.660956,0.542497,0.644352,0.602038,0.565875,0.619088,0.538669,0.566481,0.646588,0.663300,0.671643,0.611277,0.611981,0.589401,0.715780,0.498063,0.514168,0.638503,0.635176,0.583684,0.630911,0.680580,0.588125,0.581612,0.521311,0.612476,0.620848,0.671909,0.559830,0.626863,0.572997,0.514264,0.517473,0.569307,0.560383,0.554485,0.526399,0.599536,0.605522,0.606723,0.562173,0.636388,0.611685,0.578104,0.558482,0.728655,0.615232,0.646852,#
19,0.606135,0.638017,0.620945,0.570597,0.564941,0.665679,0.595971,0.571529,0.584600,0.522023,0.600931,0.607330,0.533896,0.569249,0.575223,0.562829,0.616920,0.677075,0.561962,1.000000,0.606562,0.513909,0.528469,0.587802,0.643901,0.562111,0.580104,0.578717,0.489824,0.571872,0.672785,0.653017,0.597890,0.545121,0.533231,0.684831,0.556255,0.645751,0.601291,0.618653,0.623434,0.600761,0.585029,0.572995,0.564849,0.600615,0.701522,0.633710,0.607607,0.642716,0.545723,0.482706,0.604406,0.560730,0.607279,0.557237,0.601358,0.638622,0.572222,0.554951,0.574958,0.564463,0.638583,0.563807,0.583526,0.627321,0.653418,0.596822,0.683961,0.576380,0.636247,0.580484,0.668279,0.516946,0.600898,0.568783,0.526196,0.637482,0.562865,0.568968,0.678835,0.570592,0.665819,0.600170,0.577015,0.509121,0.596697,0.547363,0.637588,0.568323,0.527058,0.582062,0.509193,0.606943,0.507994,0.550218,0.593077,0.586124,0.593884,0.643948,0.605205,0.584275,0.565952,0.618703,0.617063,0.514631,0.619789,0.542939,0.585839,0.550922,0.631351,0.527519,0.637889,0.556765,0.584961,0.625271,0.599287,0.601864,0.600511,0.499893,0.645542,0.591214,0.453999,0.718387,0.579003,0.592445,0.583044,0.573403,0.691009,0.659666,0.618230,0.682268,0.610423,0.633179,0.602334,0.638158,0.558827,0.560724,0.605237,0.537991,0.581724,0.571262,0.552571,0.588445,0.564165,0.530987,0.501433,0.510751,0.660273,0.575064,0.554819,0.585601,0.547895,0.578594,0.625584,0.517151,0.654103,0.609106,0.603057,0.601668,0.562116,0.638001,0.578913,0.615558,0.624382,0.589826,0.538299,0.618110,0.510836,0.570545,0.544832,0.617663,0.611311,0.587891,0.656645,0.477385,0.578063,0.642988,0.618004,0.574648,0.528678,0.634702,0.619305,0.623370,0.512763,0.531641,0.520648,0.575042,0.580052,0.605410,0.628445,0.574669,0.549598,0.650308,0.644556,0.574408,0.574841,0.554074,0.555758,0.561436,#
20,0.603158,0.660768,0.564072,0.606069,0.548060,0.575081,0.629010,0.581823,0.568947,0.639377,0.601308,0.564621,0.592106,0.588012,0.568760,0.526240,0.664213,0.595336,0.558153,0.606562,1.000000,0.577741,0.557185,0.650303,0.672326,0.609511,0.591086,0.648781,0.515717,0.585761,0.627532,0.558795,0.597143,0.642611,0.570555,0.624539,0.576660,0.611916,0.580526,0.673521,0.633763,0.619990,0.573202,0.598781,0.662048,0.522423,0.645659,0.655901,0.625364,0.665274,0.568438,0.565821,0.560069,0.603657,0.593945,0.569158,0.521813,0.593399,0.605538,0.548925,0.601037,0.638201,0.641889,0.547080,0.619047,0.621173,0.688818,0.576159,0.675042,0.537611,0.624668,0.632731,0.650320,0.553675,0.544229,0.527148,0.586496,0.651562,0.667570,0.644018,0.657653,0.669110,0.617976,0.622320,0.531783,0.590641,0.627397,0.573823,0.648198,0.704051,0.615933,0.572734,0.544240,0.633593,0.514115,0.628232,0.556593,0.490937,0.584998,0.626367,0.658588,0.616838,0.561185,0.670850,0.609239,0.562366,0.687330,0.619422,0.602746,0.686553,0.573883,0.657027,0.609157,0.453891,0.590568,0.602719,0.551756,0.620413,0.485984,0.479414,0.597198,0.627091,0.501067,0.669258,0.543801,0.574328,0.545459,0.501509,0.556768,0.604511,0.586040,0.602029,0.661055,0.649167,0.582109,0.574150,0.519837,0.632219,0.617899,0.633793,0.596463,0.485764,0.595303,0.626087,0.584631,0.545556,0.611887,0.613966,0.613684,0.583377,0.613623,0.590797,0.575365,0.534159,0.597792,0.527247,0.581864,0.657995,0.619901,0.576858,0.601861,0.624641,0.580341,0.607430,0.654450,0.599763,0.553789,0.587775,0.488736,0.571221,0.601637,0.553630,0.594671,0.633054,0.596998,0.553771,0.553191,0.675649,0.574037,0.643781,0.586420,0.596203,0.605977,0.541603,0.497381,0.608701,0.576127,0.600550,0.565101,0.573649,0.576614,0.581710,0.618503,0.622847,0.661474,0.591312,0.624555,0.655863,0.613463,0.608921,#
21,0.584263,0.717159,0.620185,0.655411,0.569554,0.573853,0.588883,0.529527,0.572644,0.534086,0.579371,0.567477,0.511913,0.499918,0.560499,0.590860,0.491408,0.561413,0.617594,0.513909,0.577741,1.000000,0.619500,0.607058,0.539983,0.504261,0.620555,0.517896,0.605013,0.511003,0.541800,0.485650,0.581623,0.632232,0.584792,0.661999,0.554259,0.590847,0.574525,0.600323,0.532168,0.596781,0.579395,0.607236,0.581562,0.572599,0.610451,0.637393,0.573294,0.637244,0.512559,0.538904,0.596924,0.548945,0.628885,0.587644,0.556584,0.583848,0.674689,0.567342,0.520042,0.641071,0.495842,0.482901,0.597040,0.564098,0.620808,0.564490,0.607123,0.650698,0.603092,0.627236,0.639392,0.592355,0.633848,0.595308,0.613701,0.612342,0.594491,0.563902,0.590188,0.578365,0.661273,0.648025,0.638285,0.594056,0.527390,0.641596,0.652455,0.608941,0.511855,0.498692,0.578250,0.621097,0.553390,0.602777,0.589172,0.517086,0.585489,0.606924,0.592205,0.613947,0.455713,0.606012,0.573239,0.581039,0.532593,0.647274,0.517065,0.645902,0.637135,0.514604,0.610255,0.564067,0.498817,0.490432,0.544621,0.674872,0.580793,0.586267,0.556081,0.560259,0.475042,0.565327,0.500504,0.484425,0.600830,0.535258,0.552474,0.623685,0.617603,0.627940,0.481068,0.595341,0.656031,0.512517,0.538707,0.493815,0.572487,0.593729,0.594370,0.559760,0.461073,0.580916,0.503417,0.563264,0.543024,0.499145,0.595782,0.567460,0.570923,0.619242,0.544973,0.552784,0.534736,0.535790,0.583928,0.616724,0.542716,0.557970,0.547089,0.640211,0.566173,0.581913,0.623683,0.564362,0.619853,0.482594,0.397338,0.615017,0.648575,0.532997,0.609910,0.550893,0.525673,0.524306,0.460390,0.557604,0.623282,0.605526,0.556494,0.654799,0.578364,0.565875,0.483449,0.585510,0.582330,0.514798,0.509579,0.553800,0.575855,0.504288,0.584373,0.553885,0.594181,0.533700,0.581182,0.616280,0.487398,0.664198,#
