0,1.000000,-0.007849,-0.094074,0.097155,0.064016,0.090263,-0.047216,0.027060,0.000485,-0.014889,-0.108869,0.021815,0.141321,-0.265756,0.179243,-0.081603,0.083392,0.066088,0.024579,0.100336,-0.051623,-0.032547,-0.014181,0.007452,0.061738,0.078057,0.261555,-0.050029,0.007172,-0.015718,-0.098445,-0.073103,-0.087107,-0.165600,0.167608,-0.000142,0.209013,-0.063075,0.059760,0.032093,-0.056176,-0.047556,0.084311,0.047292,-0.082774,0.026828,0.025263,-0.061166,0.000408,-0.008752,0.142723,-0.053892,0.163626,0.100833,-0.092463,0.151974,-0.074125,0.036139,-0.000283,-0.120554,0.194984,-0.069934,-0.099093,0.077942,0.054944,0.162131,-0.246451,0.180740,-0.115374,0.069481,0.058616,-0.008302,0.035373,-0.101318,0.128126,-0.022077,-0.128835,-0.100880,-0.096429,0.062571,0.205675,0.056728,-0.118555,-0.022810,-0.090562,0.255635,-0.034528,-0.254774,-0.107042,-0.006926,-0.038537,-0.093786,-0.137582,0.024583,-0.058768,0.126503,-0.047312,-0.029741,0.030759,0.068444,-0.158629,-0.067623,-0.220729,0.007285,0.150741,-0.170439,-0.199895,0.022468,0.118243,0.026288,0.148083,-0.111835,-0.071268,-0.033957,-0.049248,0.105376,-0.054759,-0.109127,0.131244,0.076302,0.082963,0.134365,0.058954,-0.016509,0.052537,0.080728,0.110841,0.115402,-0.066009,-0.007452,-0.063163,-0.099962,-0.057111,-0.041128,-0.028445,-0.093219,0.118957,0.139420,-0.079208,-0.007215,-0.134770,0.224461,-0.134641,0.109494,0.099660,0.061517,0.089413,-0.112494,0.104465,-0.037782,0.045547,-0.174977,0.024238,-0.146934,-0.016552,-0.072184,0.006950,-0.000278,0.059589,0.062828,0.118169,0.277696,-0.079552,-0.070955,0.117133,0.083561,0.067890,-0.112790,0.217922,0.064291,0.129883,-0.013510,0.161491,0.062086,0.101628,-0.129307,-0.036986,0.035081,0.121766,0.029551,-0.064726,0.122698,-0.126109,0.013296,0.021880,0.091610,0.007795,0.089225,-0.050643,0.124905,-0.094545,-0.078312,0.073439,0.046503,0.007559,-0.079112,-0.159513,-0.102870,-0.147422,0.131813,#
1,-0.007849,1.000000,0.014892,0.180026,0.004185,0.131950,0.104651,0.052491,-0.023012,0.006530,0.099807,-0.104389,0.291188,0.139307,-0.128202,0.016072,0.165704,-0.000877,0.092301,-0.076783,0.237359,0.181493,0.152442,0.255490,0.053338,0.000765,-0.050436,-0.024241,0.016763,0.073233,-0.024937,0.124958,0.143754,-0.033980,0.038945,0.091368,-0.069217,0.092113,-0.050955,-0.015725,0.091429,0.023477,-0.044227,0.089862,0.072646,0.157129,0.105401,0.065672,-0.022753,0.156003,0.094604,0.116646,0.150704,0.136026,0.039594,0.207039,-0.105037,0.019274,0.108046,0.034215,0.051178,0.032795,-0.064802,-0.013794,-0.070440,0.072422,0.185162,0.067723,0.211793,0.126078,0.115987,0.222884,0.263163,0.034985,-0.043127,-0.065070,0.072544,0.046497,0.102665,0.010853,0.102168,0.160658,0.128459,-0.081415,0.136875,0.043680,0.056311,-0.117810,-0.014483,0.148766,0.109484,0.052351,0.051048,0.030369,-0.081639,0.004635,0.159885,-0.049156,-0.009032,0.215190,0.040584,0.123505,0.112909,0.242302,0.086551,0.034350,-0.026383,0.224067,-0.022323,-0.082541,0.183945,0.159187,0.014995,-0.024812,0.083648,0.073561,0.235212,0.324917,0.099160,0.041559,0.054977,0.189311,-0.040945,0.171600,0.012578,0.077408,0.183936,0.043997,0.055006,0.070777,-0.061598,0.003310,-0.094959,0.116909,-0.012480,-0.001667,-0.030394,-0.107148,0.154559,-0.027392,0.028195,0.047422,-0.255592,-0.089955,-0.122752,-0.087509,0.164363,-0.004427,-0.055467,0.117927,0.055968,0.119843,-0.080511,0.192361,0.134538,0.106708,0.101215,0.038788,0.067254,0.061083,-0.075713,0.096298,0.176138,0.042498,-0.021405,-0.009892,0.083612,0.219814,-0.040383,0.083659,0.247001,-0.110969,0.208755,0.042036,0.199695,0.005222,0.048982,0.129266,-0.006723,-0.105358,0.027817,-0.120124,-0.040668,-0.097551,-0.125231,0.196407,-0.013701,0.106345,0.023050,-0.048828,-0.035723,0.103715,0.030137,0.142448,0.124883,0.181178,0.120670,-0.088457,0.093629,0.073912,#
2,-0.094074,0.014892,1.000000,-0.027560,-0.155757,0.149845,0.014517,0.058409,-0.108216,0.066954,0.020073,-0.160573,-0.060763,-0.024594,-0.063281,-0.040083,-0.009751,0.120389,0.069460,0.089182,0.120601,0.045215,-0.129698,-0.095605,0.040686,-0.132854,0.039429,-0.057506,-0.101391,0.013426,0.022585,0.092913,0.150824,0.088209,0.177998,0.024676,0.072961,-0.114680,-0.032550,0.147368,0.302638,0.098985,-0.049529,-0.106621,0.038507,0.229771,0.030648,-0.044503,-0.078106,0.184130,-0.033239,-0.095077,-0.026137,0.137586,0.121889,0.116786,0.103538,0.044585,-0.084666,-0.045138,0.133243,0.095317,-0.010639,0.089533,-0.106936,-0.084876,0.220083,-0.177571,0.237421,0.135916,0.076773,0.103654,-0.076579,0.212946,-0.087238,-0.058697,0.046620,0.155884,0.072451,0.242665,0.018329,0.144983,0.043528,0.063768,0.093516,0.207327,0.127465,0.153709,0.095345,-0.012982,0.181603,0.031447,0.030496,-0.036464,0.114977,0.028302,0.020356,0.058760,0.100243,-0.047127,0.050873,-0.253586,-0.190153,0.160966,0.199062,0.154745,0.012962,0.084237,0.229649,-0.009290,0.147237,0.042051,0.006454,-0.033944,-0.001522,-0.070175,-0.076799,0.038183,0.023566,0.020473,0.046417,0.149291,0.066673,-0.053811,0.028505,0.201880,0.001214,0.126400,0.025058,0.114103,0.021104,0.128486,0.065812,0.185512,0.004377,-0.093330,-0.071256,-0.057431,-0.068679,-0.030436,-0.058879,0.021395,0.069135,-0.039069,-0.003879,0.125476,0.183187,0.089743,0.120159,-0.056651,0.032258,-0.000275,-0.072587,0.109087,-0.049068,0.165750,-0.006587,-0.069072,-0.002840,-0.031761,0.011784,-0.219225,0.027873,0.012363,-0.102593,0.025410,0.072394,0.033319,-0.031300,0.043820,0.189270,-0.041041,0.103908,-0.081710,0.016056,0.142833,0.286557,0.051350,0.017337,-0.006018,-0.008457,0.138615,0.224331,0.266032,0.055011,-0.009411,-0.073148,0.138378,0.059698,-0.063966,-0.059643,0.061602,-0.112755,0.231913,0.040016,0.134217,0.169971,-0.086168,0.004689,0.000215,#
3,0.097155,0.180026,-0.027560,1.000000,0.215627,0.104836,-0.189434,0.103852,-0.013942,-0.023316,-0.147195,-0.057346,0.067312,-0.018222,-0.007756,-0.253921,0.051433,-0.095410,-0.105459,-0.057809,0.174365,0.083452,0.108743,-0.074359,0.015907,0.113582,0.076267,0.201006,-0.032653,0.091553,-0.027822,0.084025,0.047421,0.052906,0.046363,-0.076995,-0.101768,0.013014,-0.006354,0.120496,0.064197,0.158724,0.008568,-0.076403,0.123777,-0.070696,-0.010127,0.150851,0.011186,0.000474,0.027371,0.064855,0.144828,0.050074,0.229239,0.019123,-0.146885,-0.051356,0.212249,0.079060,0.128994,-0.017791,-0.139242,0.107929,0.061886,0.165363,-0.033324,-0.064060,-0.043707,0.078982,-0.108467,0.030877,0.207798,0.060251,-0.111145,0.005385,0.038921,-0.110876,0.092079,0.108208,0.056552,0.089956,0.006573,0.029247,-0.008578,0.060579,0.006201,0.066000,-0.057527,0.044423,-0.130612,0.048629,0.085665,-0.079134,0.147959,0.047090,-0.020623,-0.014702,-0.132964,0.218293,0.029811,-0.033515,-0.109699,-0.021359,0.052101,-0.019741,0.110803,0.202128,-0.115690,-0.039442,-0.055509,0.169315,0.060054,0.029096,-0.025807,0.063586,0.222130,0.096738,0.054871,0.026866,-0.010655,-0.033473,-0.067881,0.165083,-0.001669,0.146369,0.124030,0.120853,-0.067936,0.013892,0.012127,0.005116,0.023748,0.097385,0.022213,-0.080479,-0.044270,-0.029457,0.062358,0.035645,-0.049877,0.013777,-0.168927,-0.002849,-0.227840,0.068334,0.080003,-0.048551,-0.035191,-0.155357,-0.034065,-0.030513,0.018154,-0.015642,-0.083667,0.007739,0.083848,0.017391,-0.014525,0.215400,0.196687,0.253309,-0.016717,0.290114,0.067012,0.007776,-0.066932,-0.002451,-0.051551,0.155469,0.118883,-0.115573,-0.033255,-0.091565,-0.072994,-0.042754,-0.113172,-0.016454,0.041670,-0.075105,-0.041522,0.071257,-0.022369,0.160206,-0.016377,0.168923,-0.198153,-0.030649,0.117022,0.026762,-0.050356,-0.024985,0.090875,-0.103173,0.097760,0.113870,0.249507,0.028491,-0.052256,0.128416,#
4,0.064016,0.004185,-0.155757,0.215627,1.000000,0.106923,0.032099,0.074946,0.003167,0.124842,0.044399,-0.015626,-0.036343,-0.170178,0.028061,0.010160,-0.092200,-0.047307,-0.162656,-0.033992,0.132180,0.183479,0.250267,0.114579,0.006195,-0.059743,-0.049122,0.062758,0.130398,0.084539,0.095278,0.076620,-0.086556,0.044195,0.135664,0.151496,-0.119133,-0.021978,0.038470,0.221322,-0.089508,0.042868,0.137642,0.062046,0.216288,-0.203906,0.189813,0.013506,-0.133201,-0.111713,0.243996,0.083964,0.038928,-0.159282,0.031870,0.052637,-0.094596,0.069593,0.216367,-0.031429,0.024585,0.023106,0.122281,0.006303,0.204371,0.361367,0.066955,-0.012597,-0.077778,0.015951,0.049018,-0.113703,-0.050627,-0.017541,-0.053305,0.186631,0.078256,-0.048173,0.044814,0.029403,-0.106127,0.135397,0.001333,-0.076877,0.075954,0.007597,0.030011,0.140493,0.013554,0.140854,0.037080,-0.086062,0.090097,-0.027467,0.187588,0.121736,0.172009,0.045285,-0.022626,0.027537,-0.037246,0.173871,-0.061021,0.119310,-0.055738,-0.174873,0.064866,0.017918,-0.023093,0.192256,-0.110365,0.113032,0.135446,0.162355,-0.038138,0.045629,-0.071822,0.275601,-0.041138,0.060106,0.016304,0.033642,-0.013188,0.068183,0.070153,0.071927,0.208847,-0.024731,0.164297,0.048156,0.107922,0.019851,-0.044722,-0.006585,0.050798,-0.068604,0.093016,0.109356,0.059712,0.031384,-0.115734,0.209651,0.005483,0.125981,-0.087490,0.076716,0.051028,-0.089422,0.063415,-0.014368,-0.023237,0.141719,-0.057418,-0.134134,0.077763,0.042290,0.151720,0.228895,0.096827,0.092830,-0.041750,0.247073,0.019623,0.097126,0.122565,-0.009968,0.078236,0.034837,-0.121624,0.082599,-0.001301,0.048051,0.033180,-0.017585,-0.040859,-0.024964,0.082543,0.199341,0.041482,0.183055,0.145609,0.007962,-0.064078,0.022062,0.095812,0.219132,0.070035,0.014351,0.051655,0.219687,0.057065,-0.052452,0.132475,-0.000459,0.060242,-0.117925,-0.052082,-0.015569,0.100861,0.055311,#
5,0.090263,0.131950,0.149845,0.104836,0.106923,1.000000,0.057686,0.057728,0.062723,0.049860,-0.035345,-0.131746,0.122469,-0.001896,-0.025595,-0.073958,0.135495,0.004389,0.118059,0.291844,0.079639,-0.092532,0.026538,0.070829,0.240296,0.219632,0.093657,0.061770,0.066652,0.217179,-0.050575,0.094787,0.001207,0.211042,0.170687,0.075751,0.092759,-0.098245,-0.103283,0.165542,-0.048937,0.137553,0.178499,0.090511,-0.002110,0.050574,-0.100202,0.230227,-0.088516,0.122203,0.188685,-0.028655,0.074845,-0.079972,0.176878,0.279532,-0.055360,-0.040217,0.052914,-0.031843,0.106155,-0.064788,0.092999,0.071259,0.086395,0.097449,-0.073369,0.007585,0.093606,0.110069,0.172805,0.165329,0.019751,0.007492,0.091932,0.035215,-0.260577,0.206140,0.036977,0.037391,0.106640,0.054841,-0.047372,-0.038042,0.021116,-0.041757,-0.024292,-0.071362,0.114170,-0.078565,0.251034,-0.003042,-0.069096,0.094277,0.004727,-0.207871,0.222657,0.175984,0.151875,-0.009604,0.029192,0.011549,0.068868,0.169260,0.006285,-0.038990,0.137615,0.170284,-0.074438,-0.009564,0.013527,0.006619,0.130087,0.007209,-0.094652,-0.066311,0.286620,0.236669,0.131286,0.000331,-0.006224,0.103342,-0.009600,0.108400,0.058049,0.119237,0.294096,-0.030806,0.060462,-0.090238,-0.003507,0.047264,0.023370,0.066913,0.002041,-0.161493,-0.132578,0.104450,-0.086473,-0.047526,-0.079898,-0.038048,0.024274,-0.031000,0.103669,0.043765,0.098426,0.136932,0.098033,0.042842,0.159642,0.034845,0.295684,0.009584,0.176475,0.086606,0.137707,-0.065887,-0.011783,0.005128,0.000049,0.169045,0.060031,0.077657,0.079219,-0.137391,-0.126945,0.158205,0.055841,0.079714,0.160197,0.087151,0.030454,0.059434,-0.070501,0.144339,0.248426,0.131785,0.173002,0.161270,-0.047439,-0.068880,-0.168422,0.043498,-0.000097,0.125792,0.031510,0.163267,0.205326,0.200415,0.013084,0.085989,-0.029129,0.228967,0.096885,0.139883,-0.018700,0.141370,-0.011615,0.244464,#
6,-0.047216,0.104651,0.014517,-0.189434,0.032099,0.057686,1.000000,-0.085117,0.003454,0.145469,0.238206,0.001475,0.074553,-0.091814,-0.224390,0.465134,0.189819,0.146810,0.007590,-0.079892,-0.053327,0.005800,-0.095629,-0.036808,0.109058,0.037128,0.004802,0.034412,0.126480,-0.023078,0.019927,0.148486,0.057212,0.125808,-0.106722,0.031974,0.001395,0.001256,-0.136704,0.028497,0.090709,-0.037148,0.229537,0.163059,-0.145348,-0.050042,0.067156,0.109109,-0.042992,0.110350,-0.115452,-0.079331,0.004024,-0.093054,-0.041963,-0.056214,-0.112100,0.031814,0.056423,-0.090004,0.059595,0.149094,0.009117,-0.058929,0.160324,0.045176,0.050625,0.101947,0.131906,0.035358,0.158135,0.187870,-0.128946,-0.053037,0.127207,0.035465,0.227782,0.151907,0.188253,0.082991,-0.004390,0.116438,-0.026068,0.102030,0.062005,-0.081723,0.131315,-0.003538,-0.003554,-0.030539,-0.003600,0.046678,0.066358,0.079190,0.026671,0.010542,0.210217,0.002939,-0.142015,-0.012941,-0.001973,0.034536,0.124394,0.030269,0.148057,-0.040189,0.085305,0.178643,0.180222,-0.032808,0.020388,-0.095281,0.111189,0.258397,0.133493,0.083864,-0.072752,0.103768,-0.063179,0.199205,-0.048964,0.175202,-0.204374,-0.058795,0.021369,-0.008664,-0.029769,-0.082387,0.087476,0.090572,0.118095,0.047846,0.055309,0.066190,0.038408,-0.108603,0.123732,-0.055725,0.001995,0.235331,0.114752,0.020709,-0.085173,0.017716,0.102292,0.150459,0.004591,0.150044,0.022914,0.047104,0.068341,0.165596,-0.039783,-0.017832,0.051131,-0.033964,0.023747,-0.064131,-0.063031,0.083525,-0.175221,-0.050358,0.041267,0.046974,-0.150825,-0.006864,0.188268,0.025786,0.103188,0.032971,0.033287,0.215757,-0.158600,-0.036857,0.086927,0.204228,0.028149,0.178594,0.000706,-0.026630,0.018056,0.019049,-0.023350,0.058734,0.037289,0.008925,0.124212,0.014367,-0.057088,0.052666,-0.008038,0.092399,0.017998,0.114901,0.000578,0.132408,0.013262,-0.128769,0.077621,0.064197,#
7,0.027060,0.052491,0.058409,0.103852,0.074946,0.057728,-0.085117,1.000000,0.126714,-0.020386,0.038756,-0.195319,0.150226,-0.004937,0.069549,0.018047,0.000393,0.209655,0.049687,0.142413,0.168532,0.043453,-0.040572,0.025706,0.138617,0.098126,-0.047014,-0.164841,0.086402,0.100187,0.039226,-0.016277,0.134322,0.026942,0.093206,0.134725,-0.035394,0.161990,0.208735,0.136588,0.126604,0.130689,-0.136162,0.036441,0.071300,0.158207,0.167179,0.203603,0.157089,0.081178,-0.013921,0.106805,0.139793,-0.062431,0.127442,0.019778,-0.015533,-0.037214,0.230985,0.156086,0.027447,0.116125,0.074797,0.038543,0.155385,0.119956,0.015433,-0.048461,-0.161018,-0.091164,0.167638,0.033249,0.059333,0.084708,-0.166148,-0.079544,-0.019657,0.026325,0.046569,0.015132,0.197149,0.103703,0.097235,0.047178,0.106721,0.169409,-0.028411,0.084252,-0.028574,0.217156,0.101294,-0.046565,0.184980,0.036219,0.152174,0.175850,0.099452,0.290955,0.165853,0.061638,0.122296,-0.068796,-0.231284,-0.079029,0.125949,0.066759,-0.005783,0.172632,0.098031,-0.092701,0.187039,-0.003258,0.126204,0.022752,0.358905,-0.057108,-0.041903,0.013076,0.154132,0.187188,0.068891,0.139261,0.207354,-0.080790,-0.036859,0.116267,-0.013342,0.108082,0.051134,0.154148,0.059615,0.147156,0.018433,-0.062110,-0.035039,0.054867,-0.094620,0.219864,0.056008,-0.089116,-0.061185,0.027301,-0.058418,0.004455,0.081947,0.105353,0.178816,0.051912,-0.065442,0.057285,-0.140619,0.252252,-0.054557,-0.025204,0.124886,0.207686,0.175517,0.088439,0.017987,-0.098014,0.003687,-0.011926,0.085243,0.081904,0.024481,0.015689,0.042522,-0.073377,-0.097811,0.026053,0.147992,0.075564,0.158962,0.160978,0.142467,0.058786,0.083828,0.008794,0.051667,0.113264,0.067427,0.034606,-0.076467,0.133449,0.113703,0.041782,0.181772,0.021487,0.081700,0.065182,0.011409,0.039951,0.017536,0.057745,0.093845,0.033173,0.004921,0.124447,0.169303,0.045290,#
8,0.000485,-0.023012,-0.108216,-0.013942,0.003167,0.062723,0.003454,0.126714,1.000000,-0.038909,-0.002715,0.129872,0.030757,0.146092,0.020529,0.096142,-0.043713,-0.021468,-0.171206,0.062933,0.122731,0.011745,-0.108984,0.191276,0.122875,0.057811,0.112907,-0.141130,-0.048852,0.048325,0.096959,0.065393,0.088548,-0.062257,-0.025952,0.350207,0.039801,0.014823,-0.040233,0.038981,0.029897,-0.067292,0.221581,0.214560,0.033019,-0.113387,-0.016436,-0.046249,0.063556,0.035757,0.025134,0.080191,0.206490,-0.129783,-0.055636,0.057745,-0.025045,0.021928,-0.003731,-0.064438,0.101331,0.130908,0.177214,0.167816,0.119990,0.133203,0.083152,0.107787,0.136108,0.003791,0.123733,0.142544,0.130893,-0.032345,-0.040325,-0.027223,-0.092418,0.051175,0.143444,0.086003,0.026638,0.116210,-0.079297,-0.065031,0.007694,-0.007034,0.164077,0.003689,-0.156855,-0.130280,0.133480,0.066583,-0.031507,-0.054443,-0.167197,-0.033284,0.225728,0.175152,0.162083,0.162200,-0.058060,-0.175904,0.203189,0.123081,-0.136670,0.188401,0.035267,-0.017268,-0.087286,0.133666,-0.051133,0.002379,-0.013592,0.010292,-0.043482,0.002224,0.205809,0.028733,-0.043541,0.114135,0.006711,0.041383,0.188933,0.141372,-0.001378,0.122384,-0.025800,0.023287,0.142605,0.225984,-0.007284,0.204519,0.033568,-0.044913,-0.184190,0.195582,-0.010076,0.052693,0.100334,-0.017295,-0.106782,-0.067617,-0.008137,-0.338473,0.089382,-0.016305,0.016862,0.249108,-0.095973,0.114383,-0.021114,0.280714,-0.085043,0.185707,0.110936,-0.037326,0.076336,0.108241,0.212617,-0.169763,0.040786,-0.076495,-0.111631,-0.063192,-0.124415,-0.065205,-0.008709,0.153985,0.072760,-0.066076,-0.021983,0.165261,-0.195881,0.112086,0.098121,0.022143,0.050950,-0.042826,0.115904,0.082001,0.187459,-0.005346,0.014247,0.021170,-0.025497,-0.134721,0.185551,0.058545,-0.018068,0.100870,0.173050,0.010595,0.067817,0.107317,0.000219,-0.049125,-0.237238,-0.015356,-0.022025,0.213128,#
9,-0.014889,0.006530,0.066954,-0.023316,0.124842,0.049860,0.145469,-0.020386,-0.038909,1.000000,0.173857,-0.030027,0.011489,-0.061286,-0.028014,0.016941,0.012216,0.128965,-0.123394,-0.054400,0.078928,-0.012349,-0.077006,0.039252,0.042948,-0.104388,0.079662,-0.050826,-0.079450,-0.011201,0.008069,0.095118,-0.006059,0.005935,-0.079268,-0.015348,0.053786,-0.079515,-0.028532,0.070998,-0.029681,-0.044491,0.011340,-0.028777,-0.097174,-0.080519,0.027873,0.025009,0.140039,0.172219,0.123477,-0.047042,-0.076815,-0.082673,-0.106106,0.061019,0.094881,0.063873,-0.143114,0.123392,0.040182,0.024100,0.012152,-0.103038,-0.050474,0.069867,0.027224,-0.012113,0.046074,0.025806,0.109673,0.087038,0.003522,0.004488,-0.058294,0.069712,0.101896,0.121038,0.047577,0.050977,0.019759,0.086226,-0.033363,0.053508,0.116907,0.077244,0.199306,0.049922,0.063390,0.221824,0.118044,-0.107545,0.053872,-0.090767,0.161072,-0.090369,-0.022341,0.034179,0.037618,0.087257,0.099944,0.084262,-0.035625,0.028761,0.071978,-0.054543,-0.091069,0.180007,0.030417,-0.026854,0.021320,0.200805,-0.022872,0.082632,-0.001363,0.122068,0.030990,0.130870,0.147990,0.091451,-0.266630,0.036379,-0.027556,0.000966,0.163834,0.022121,-0.005968,0.055974,-0.022210,-0.006799,0.032953,-0.020816,0.052436,0.003717,0.036672,-0.098524,-0.044937,-0.005675,0.006454,0.086713,0.139746,0.213713,0.047224,0.144676,0.099434,0.245265,0.041509,0.117542,0.070925,0.035177,0.021651,0.090949,0.044501,-0.063280,-0.100019,0.046485,0.078021,0.129078,0.227785,0.118702,-0.071702,-0.053190,0.187325,0.086893,-0.067183,0.005313,0.023990,0.119557,0.226533,0.137426,0.099514,0.133389,-0.036702,-0.103321,-0.019432,0.116796,0.167279,0.116973,-0.111342,0.084567,-0.086277,0.174370,0.045358,-0.063657,0.159963,0.131946,0.121437,0.107550,0.016454,0.029244,-0.254121,-0.142697,0.074251,-0.009845,-0.118562,0.157214,0.012395,0.046712,-0.025351,-0.089735,#
10,-0.108869,0.099807,0.020073,-0.147195,0.044399,-0.035345,0.238206,0.038756,-0.002715,0.173857,1.000000,0.052083,0.083008,0.044943,-0.078170,0.177156,0.074545,0.103471,0.029710,-0.076175,-0.004333,-0.039688,-0.165942,0.100897,0.195914,0.017954,-0.039497,0.021159,0.062291,-0.033956,0.065936,-0.084876,-0.044679,0.042772,-0.109442,-0.048978,0.076865,-0.003964,-0.197194,-0.147379,0.249163,-0.113521,-0.027548,-0.030797,0.004610,-0.036059,0.210908,0.094951,0.016222,0.072379,-0.032556,0.104287,0.142801,-0.021829,-0.062852,0.167240,0.000804,0.256774,-0.000827,0.036787,0.023413,0.118687,0.078985,0.141326,0.008417,0.045941,0.117025,0.053761,0.008961,-0.176487,0.214349,0.224343,-0.095878,0.050524,0.006842,0.096315,-0.087678,0.012119,0.221324,-0.091739,0.046379,-0.070198,0.027461,-0.009181,0.064299,0.032154,0.133151,0.021644,0.052785,0.241766,-0.013738,0.123216,0.050271,-0.107588,0.007495,0.021101,0.072494,0.143394,-0.051592,-0.036208,0.093930,-0.064057,0.039726,0.085354,-0.023759,0.007208,0.160881,0.046385,0.014001,0.118828,0.087802,-0.002374,0.005662,0.142473,0.066698,0.012051,0.024416,0.071609,-0.069366,0.030466,0.089137,0.233649,-0.014107,-0.077768,-0.105912,0.029582,0.146933,0.008275,0.033467,0.092752,0.104273,0.122686,-0.061850,0.042006,0.182065,0.004682,-0.013496,0.114678,0.180899,-0.070198,-0.081306,0.031195,0.132139,0.194590,0.074740,0.232844,0.135105,0.133499,0.120497,0.182246,-0.091589,0.026762,-0.022836,0.046830,0.036354,0.012943,0.205330,-0.071595,0.113052,-0.017127,-0.120074,-0.008483,-0.005383,0.059960,-0.085429,0.171617,0.191198,0.105035,0.143198,0.059105,-0.035949,0.241684,0.008289,0.004997,0.173242,0.163035,0.139056,-0.000796,-0.188155,0.141306,-0.100699,-0.110973,-0.058697,0.063363,0.015084,0.067740,0.212097,0.047021,0.012513,-0.004857,-0.079121,-0.049752,-0.058530,0.242492,0.073979,-0.083964,-0.052044,0.016852,0.140185,0.101695,#
11,0.021815,-0.104389,-0.160573,-0.057346,-0.015626,-0.131746,0.001475,-0.195319,0.129872,-0.030027,0.052083,1.000000,0.000328,0.066590,0.084448,0.060829,-0.056866,-0.007071,0.002237,0.032958,0.041946,-0.004977,0.048932,0.010412,0.013182,0.054327,-0.128364,0.027106,-0.088219,-0.032180,0.240470,0.191357,0.048515,0.150043,-0.130217,0.039679,0.030081,0.099964,-0.032850,-0.065124,0.065130,-0.180669,0.095515,-0.035660,-0.013489,-0.225551,0.021011,-0.030404,0.119540,-0.072791,-0.188276,-0.040881,0.200741,0.077783,-0.015113,-0.060519,-0.105901,0.188408,0.014165,0.286699,-0.035443,0.071696,0.143789,0.023340,0.050062,-0.112091,0.118871,0.141087,-0.011130,0.091841,-0.281278,-0.017590,0.045456,-0.085027,0.267950,0.154886,-0.041665,0.088220,0.105973,-0.116637,-0.162426,-0.046692,0.043913,-0.015344,-0.040460,-0.042172,0.058703,0.022689,0.090052,-0.066562,-0.041382,0.000303,-0.040682,0.074034,-0.116361,0.083509,-0.026902,0.094636,-0.035290,0.079828,-0.051693,-0.022825,-0.013446,0.068570,-0.031611,0.013837,0.075848,-0.017329,-0.009428,-0.099577,-0.032014,0.133321,0.032443,0.062943,-0.007370,-0.084327,0.008199,0.150355,-0.085504,0.126152,0.022573,-0.060426,-0.052159,0.245239,-0.041518,-0.170903,-0.055378,0.097553,0.235735,0.114938,0.095022,0.026456,0.156220,-0.021408,0.019013,0.195034,0.039796,0.150582,-0.030732,0.269239,-0.030414,-0.128486,0.214124,0.053895,-0.013972,-0.005315,-0.008326,-0.060693,-0.084955,-0.194744,0.093730,-0.015633,0.042707,0.231370,-0.021758,-0.059553,0.039149,-0.009768,0.035462,0.067435,0.016703,0.007686,-0.053852,0.034856,0.106254,0.141175,0.068681,0.131216,0.066444,-0.041687,0.195701,0.069080,0.001704,0.092895,-0.038476,0.019082,0.014602,-0.105228,-0.020830,0.014047,-0.122623,-0.104573,0.029013,0.020772,0.003262,-0.043744,0.079020,0.033000,-0.103551,-0.062724,0.126810,0.040681,0.219156,0.032110,0.099175,-0.030932,-0.120715,0.082119,0.046125,0.001079,#
12,0.141321,0.291188,-0.060763,0.067312,-0.036343,0.122469,0.074553,0.150226,0.030757,0.011489,0.083008,0.000328,1.000000,-0.025135,-0.078220,-0.021589,-0.030243,-0.101033,0.124654,-0.134937,0.038171,0.044942,0.011769,0.001222,0.159131,-0.006641,0.080038,-0.012865,0.036921,0.005974,0.070849,-0.088537,0.037512,0.062255,0.147837,0.041495,-0.021281,-0.098427,-0.098327,-0.001373,-0.005451,-0.072407,0.046816,0.175810,0.065044,0.001219,0.281247,0.210671,0.125990,0.260699,-0.013446,-0.099352,0.142596,0.128957,0.046826,0.063917,0.005507,-0.154980,0.258478,0.019830,-0.058504,0.162096,0.073391,-0.019475,-0.000841,-0.003050,-0.046858,0.119768,0.081151,0.103505,0.078840,0.198686,0.168827,0.030252,0.016178,0.152937,-0.092716,0.151349,0.036599,0.103587,0.189021,0.219638,0.100878,-0.172738,0.076046,0.111829,0.018946,0.034667,-0.021743,0.166134,0.214310,-0.102974,0.081724,0.180752,-0.093897,0.042451,0.090553,-0.140459,-0.149086,-0.065790,0.165620,-0.028825,0.027057,-0.061597,0.030857,0.045295,0.004523,0.283822,-0.028731,-0.115813,0.150314,0.123394,0.136928,0.036561,0.150512,0.031201,-0.061456,0.142423,0.090503,0.039990,0.082252,0.286888,0.009528,0.182058,0.009145,0.149528,-0.038666,0.050614,-0.081414,0.158521,-0.268573,-0.021240,0.070960,-0.012653,-0.088048,-0.158139,-0.048934,-0.009785,0.150576,-0.121589,-0.019532,-0.088202,-0.132215,0.026573,-0.127215,0.079359,0.147247,0.116177,-0.038744,0.088881,0.057502,-0.016960,0.010687,-0.049118,0.147816,0.078555,0.137363,0.243638,0.247813,-0.142438,0.019932,0.122857,0.059307,-0.068874,0.035703,0.013533,0.091869,0.197915,0.119597,0.060071,0.257387,-0.110970,0.152953,-0.022470,0.140706,0.070948,0.027739,0.059522,-0.398656,-0.089057,-0.101844,0.105509,-0.079384,-0.021313,-0.071115,0.108222,0.169732,0.068857,0.072762,-0.028095,-0.005918,-0.089336,-0.059790,-0.056997,0.009601,0.090578,-0.111043,-0.014694,0.025809,0.122596,#
13,-0.265756,0.139307,-0.024594,-0.018222,-0.170178,-0.001896,-0.091814,-0.004937,0.146092,-0.061286,0.044943,0.066590,-0.025135,1.000000,0.005095,-0.045309,-0.082642,0.072975,0.036877,-0.092505,0.163049,0.024379,0.115584,0.008013,0.013692,0.280485,-0.001418,-0.038504,0.049129,0.044775,-0.028908,0.031392,0.037302,0.036180,-0.113318,-0.011413,-0.002451,0.064852,-0.207693,0.056681,0.173534,0.086374,0.148258,-0.150235,0.003854,0.076671,-0.166930,0.109127,0.152103,0.053415,-0.016618,0.033913,0.004517,-0.044888,0.058804,-0.033124,0.089407,0.082551,0.063204,0.085492,-0.126380,0.155697,-0.054840,-0.180722,0.070084,-0.020474,0.256159,0.217303,0.081818,0.043123,-0.085357,0.027086,0.182138,0.033987,0.004257,0.101872,0.066392,-0.028471,0.045008,0.050621,-0.018867,0.047539,0.044827,0.099333,-0.100319,0.159927,-0.019072,0.177566,0.241440,0.011527,0.036133,0.109249,0.162351,0.071511,-0.144700,-0.090071,0.111834,0.037594,0.072017,0.078600,-0.080302,-0.108487,0.125676,-0.004176,-0.008148,0.074873,-0.042094,0.092973,-0.143279,-0.023413,-0.024299,0.001121,0.040995,0.029726,0.148408,-0.060517,0.096883,0.079166,-0.071539,-0.069809,0.061482,-0.039705,0.111456,-0.088379,-0.085222,-0.043240,-0.058089,0.033679,0.126851,0.104347,-0.055495,-0.249514,-0.016106,0.063121,0.038172,0.122361,0.041411,0.033148,0.201438,0.025923,-0.015108,-0.145899,0.022163,-0.098141,-0.105845,0.055632,0.051380,0.142709,0.038346,-0.118310,-0.058184,-0.045578,0.042558,0.090023,0.035385,-0.070816,0.024357,-0.224989,-0.049832,-0.015654,0.031077,-0.075272,0.180689,-0.091413,-0.058390,0.011162,0.118920,0.121517,-0.072545,-0.025374,0.020765,0.027553,-0.060490,0.196878,0.072827,0.022421,0.082663,-0.117472,-0.061126,0.030038,0.027697,-0.119565,0.115210,0.097650,-0.196479,0.052198,-0.017633,-0.127062,-0.050390,0.093662,0.251500,0.019682,0.092313,0.107402,0.041292,0.087737,-0.132611,0.269827,0.079547,0.084665,#
14,0.179243,-0.128202,-0.063281,-0.007756,0.028061,-0.025595,-0.224390,0.069549,0.020529,-0.028014,-0.078170,0.084448,-0.078220,0.005095,1.000000,-0.103570,-0.058617,0.131844,-0.191911,0.100611,-0.094159,0.072115,0.105260,0.168087,-0.033981,0.000933,-0.034142,0.007946,0.019485,0.009434,0.294873,-0.090891,0.025198,-0.077966,0.071981,0.065110,0.083887,-0.014371,0.139144,-0.124824,0.044845,-0.030563,-0.110765,-0.067940,-0.049714,0.086413,0.021148,-0.086526,0.065544,-0.061545,-0.038777,0.171215,0.099428,-0.154670,0.001118,0.081043,0.097298,-0.004722,0.063421,-0.123174,0.018398,-0.164556,0.099472,0.040974,-0.131204,-0.059072,-0.105354,-0.123561,0.022501,-0.075987,0.077939,-0.014199,0.226637,0.021880,-0.010107,0.088184,-0.022830,-0.108292,-0.179806,-0.009013,-0.023013,-0.009713,0.096586,0.071724,-0.006080,-0.082447,-0.052050,0.015748,0.005467,0.153333,0.084063,-0.134314,0.126037,0.173557,-0.090393,-0.034064,-0.185282,0.054203,-0.035937,0.039686,-0.212112,-0.032905,-0.053436,0.011012,-0.014158,-0.099819,0.093969,-0.140422,0.072694,0.070835,-0.103706,0.071931,0.093274,0.037009,-0.136706,-0.150367,-0.062750,-0.085129,0.012995,0.132005,0.081779,-0.188186,0.107793,0.110443,0.025589,-0.108323,-0.135246,0.042556,-0.067597,-0.023440,-0.015992,0.073914,-0.066107,-0.000450,0.037596,-0.071008,0.112367,0.105064,-0.004391,0.086314,-0.048679,0.050871,-0.019262,0.245198,0.030806,0.070529,0.092497,-0.005963,-0.007342,-0.022714,0.209870,-0.087935,0.178086,-0.051192,-0.048543,-0.106253,0.061977,-0.108168,-0.054909,0.042297,-0.015554,-0.035954,-0.037708,-0.096364,0.270419,0.156329,-0.076854,0.001463,0.045368,-0.050149,0.043928,-0.205558,-0.025667,-0.076217,-0.075613,-0.036237,-0.147711,-0.077863,0.075447,0.055273,0.088090,-0.101776,-0.037635,-0.008494,0.019281,0.136941,-0.025009,0.022796,-0.037203,-0.012750,0.028712,0.079753,0.038759,-0.069946,-0.135854,-0.152460,-0.037971,0.086784,-0.202351,-0.141147,#
15,-0.081603,0.016072,-0.040083,-0.253921,0.010160,-0.073958,0.465134,0.018047,0.096142,0.016941,0.177156,0.060829,-0.021589,-0.045309,-0.103570,1.000000,0.120397,0.134666,0.007423,-0.087786,-0.007122,0.010621,-0.097659,0.173248,0.045622,0.110492,-0.146284,0.070952,0.146736,-0.200339,0.094736,0.100476,0.139147,0.261547,-0.039547,0.019800,0.033589,0.099850,-0.157739,-0.077604,0.048575,-0.111653,0.137546,0.172646,-0.106339,-0.023023,0.153083,0.011286,0.046259,0.086110,-0.025803,0.114621,0.051233,0.042960,-0.029455,0.089202,0.096616,0.077246,-0.025029,0.091729,0.203852,0.091676,0.145639,-0.030318,0.096117,-0.087469,0.014045,0.151765,0.064789,-0.047136,0.059116,0.078687,-0.098365,0.065331,-0.032989,0.060917,-0.035578,0.093038,0.166339,-0.000778,-0.063200,0.036083,-0.048862,0.072190,0.014225,-0.058921,-0.010094,-0.016992,0.029362,-0.134957,0.059825,0.218983,0.060178,0.097461,-0.177095,0.023809,0.087582,0.102801,0.044604,0.016623,-0.012145,0.163760,0.084231,0.103397,0.113304,-0.100343,0.097256,0.061148,0.059559,0.001772,-0.080895,-0.042614,0.192694,0.058382,0.153167,0.020785,-0.114310,-0.048812,-0.101781,0.208538,-0.107242,0.273856,-0.066016,0.031870,-0.074504,0.046133,0.015770,0.064502,-0.025937,0.206602,0.225770,0.064661,-0.099431,-0.152551,0.030249,0.070674,0.112027,-0.064111,-0.093963,0.186422,0.046772,-0.056182,0.029868,0.065770,0.114131,0.048319,0.088431,0.032838,0.025908,-0.030096,0.086396,0.339460,0.036090,-0.021066,0.000099,0.046192,0.007301,-0.045699,0.102446,0.024456,-0.087271,-0.123335,0.049485,0.195519,-0.124151,-0.022112,0.077340,0.000626,0.052244,0.215005,-0.031111,0.133092,-0.175696,0.178092,0.004832,0.141853,0.054415,0.010809,0.052472,0.083368,0.064494,-0.043846,0.012463,0.021573,0.205952,0.009764,0.041051,-0.071888,0.024447,0.047489,-0.017503,0.117064,-0.067518,0.055282,-0.083473,0.207978,-0.062660,-0.064851,0.165847,-0.031054,#
16,0.083392,0.165704,-0.009751,0.051433,-0.092200,0.135495,0.189819,0.000393,-0.043713,0.012216,0.074545,-0.056866,-0.030243,-0.082642,-0.058617,0.120397,1.000000,0.097790,0.237982,0.208965,0.226894,-0.408388,0.093672,-0.082046,0.060481,0.166558,-0.019030,0.131145,-0.105405,0.103861,0.114686,0.144096,0.036021,-0.003148,0.083241,0.013580,0.107453,0.166475,0.001874,0.100087,0.066199,-0.105425,0.072431,-0.064454,0.066421,-0.010537,0.115129,-0.008524,-0.037184,0.040012,0.044045,0.079802,-0.011264,-0.008178,-0.001547,0.231169,0.017970,0.136538,-0.031605,0.008895,0.060756,0.093196,0.076260,0.030993,0.024316,0.112190,0.029637,0.136357,0.092068,0.031092,0.170501,-0.026732,0.002633,-0.020936,0.041074,-0.012772,-0.032131,0.106999,0.008848,0.099909,0.232985,0.021719,0.083511,0.030520,-0.051405,0.067102,-0.003438,-0.138861,-0.069949,-0.031650,-0.210419,0.017528,0.035721,-0.157624,-0.026902,0.042041,-0.078130,0.202151,-0.037850,0.120577,0.059778,0.134305,0.109751,0.182550,0.122945,-0.175534,-0.018985,0.021906,0.271799,0.034973,-0.059449,0.042111,0.123422,0.029353,0.067446,0.060981,0.268592,0.025885,0.010622,-0.032309,-0.192123,-0.007142,0.071052,0.003526,0.172192,0.036235,0.075053,-0.008359,-0.037149,-0.092145,0.180841,0.060929,0.035017,0.045827,-0.126447,-0.010864,0.052120,-0.018769,0.024247,-0.026712,-0.076219,0.052965,0.036765,-0.044362,0.005590,0.080549,0.193977,0.042303,0.135982,-0.075287,0.055703,0.023830,-0.158462,-0.022968,0.020394,0.003028,-0.036400,-0.047994,-0.033385,0.056314,0.155624,-0.118983,0.147452,0.015493,0.195941,0.053631,-0.022151,0.098734,0.082169,0.143782,-0.067876,0.216094,-0.036123,0.138006,-0.021257,0.014739,0.102099,0.206880,0.175272,0.094892,0.080196,-0.058599,-0.126303,0.151188,-0.104244,-0.056957,-0.017377,0.034744,0.114194,0.084559,-0.063236,0.185533,-0.014838,0.115404,0.207321,0.194845,0.113738,-0.017308,-0.057096,0.067395,#
17,0.066088,-0.000877,0.120389,-0.095410,-0.047307,0.004389,0.146810,0.209655,-0.021468,0.128965,0.103471,-0.007071,-0.101033,0.072975,0.131844,0.134666,0.097790,1.000000,0.081059,0.120936,0.045096,-0.029699,-0.014615,-0.182093,0.198365,0.167132,-0.008384,-0.033876,0.045598,-0.001481,0.056079,0.093096,-0.044369,-0.056197,-0.171416,-0.207988,0.005451,0.190088,0.059269,0.055787,0.198279,0.062153,-0.021652,-0.013452,-0.063232,0.150086,0.062734,0.091472,0.062692,0.024494,-0.067392,-0.034337,0.119033,-0.079512,0.044759,0.080240,0.083952,0.053293,0.003174,0.104394,0.086998,-0.052327,0.254387,-0.109500,-0.052343,-0.047687,0.218304,0.006606,0.016250,-0.185353,0.158714,-0.020144,-0.051601,0.138772,0.157067,-0.026076,-0.059503,0.122306,0.142145,-0.036900,0.113065,0.205628,0.012352,0.125749,-0.095814,-0.006160,0.168344,-0.071710,-0.030343,0.064106,-0.045590,-0.017794,0.136765,0.045776,0.133801,0.012399,-0.032483,0.025912,0.137198,0.196964,-0.106243,-0.180925,-0.059374,-0.165746,0.014242,0.066203,-0.043462,0.004650,0.038658,0.069100,0.157089,-0.097305,0.105872,0.128698,0.224957,-0.057755,-0.128684,-0.015112,0.065071,0.140914,0.028404,0.053560,-0.064726,-0.189298,0.057212,0.003371,-0.001103,0.157681,-0.030616,0.047094,0.061164,0.103836,0.098888,-0.022178,0.020137,0.083857,0.175469,0.061034,-0.034471,0.171557,-0.079562,0.060151,0.082665,0.091150,0.168265,0.053281,-0.005058,-0.002139,0.058497,-0.022421,0.077043,0.044406,-0.033810,0.104891,0.065525,-0.001116,0.172448,-0.195235,0.018614,0.021598,-0.072424,-0.059857,0.110592,-0.032884,-0.082430,-0.132601,-0.029845,-0.110523,0.094504,0.028226,0.117385,0.012536,0.078974,-0.087766,0.066045,0.071354,0.135323,0.072627,0.096081,0.246161,0.034755,0.072270,-0.030394,0.111505,-0.016269,-0.045391,0.105295,0.050093,-0.081911,-0.031988,0.010792,0.048741,-0.073256,0.005493,-0.186443,0.160544,-0.070936,-0.055560,0.038065,-0.184011,#
18,0.024579,0.092301,0.069460,-0.105459,-0.162656,0.118059,0.007590,0.049687,-0.171206,-0.123394,0.029710,0.002237,0.124654,0.036877,-0.191911,0.007423,0.237982,0.081059,1.000000,0.048982,0.005882,-0.036732,-0.012306,-0.077590,-0.047146,0.038513,-0.041684,-0.032415,-0.031281,0.074759,-0.127093,0.139829,0.013252,0.008527,0.037739,-0.006791,-0.048798,0.230202,0.014428,0.055570,0.106324,-0.057984,0.193025,-0.101723,0.002290,0.023574,0.031372,0.262031,0.039389,-0.016954,-0.055768,0.084924,0.142747,-0.040324,0.047418,0.059696,-0.008045,-0.068423,0.036168,0.157358,0.042041,0.182607,-0.028021,-0.027639,0.110549,-0.091047,0.079822,-0.115565,-0.167231,0.067706,0.070654,-0.100486,-0.013598,0.091144,0.096945,-0.037593,-0.167327,0.145080,-0.033628,-0.095897,0.032439,-0.009239,0.109881,-0.003086,0.090765,0.277783,-0.263065,0.098981,0.008205,-0.063785,-0.047282,-0.011494,-0.043326,-0.044895,0.125044,0.048944,0.032463,0.040137,0.039153,0.023158,-0.008277,0.002673,0.007155,0.006656,0.062422,0.122492,-0.131272,0.172973,0.105533,0.002177,0.100315,-0.036289,-0.021728,-0.054459,0.022154,0.018873,-0.001607,-0.091091,0.090707,0.027328,0.128422,-0.053381,-0.097389,-0.025785,0.196296,-0.107821,0.165853,0.105838,-0.026565,-0.029821,-0.071526,0.014226,0.069764,-0.080853,-0.076557,-0.006015,0.054929,0.073950,0.067764,-0.042649,-0.119605,0.070671,-0.058531,-0.049873,0.142216,-0.001175,0.101188,0.046594,0.112203,0.000977,0.008047,-0.133486,0.112019,0.052977,0.107379,0.206086,0.023884,-0.115386,-0.137152,-0.151639,0.173591,0.064516,0.097733,-0.077527,-0.005870,-0.107789,0.087967,-0.047722,-0.039779,0.073088,0.137596,0.068384,-0.010147,0.182788,0.082239,-0.025440,-0.027019,0.018197,-0.104874,-0.013814,-0.002383,-0.018437,-0.129247,0.047040,-0.036878,-0.119008,0.040572,-0.008341,-0.024555,0.025215,-0.011291,0.171185,-0.041341,0.177669,0.134506,0.075198,-0.052913,0.168427,-0.029868,0.143736,#
19,0.100336,-0.076783,0.089182,-0.057809,-0.033992,0.291844,-0.079892,0.142413,0.062933,-0.054400,-0.076175,0.032958,-0.134937,-0.092505,0.100611,-0.087786,0.208965,0.120936,0.048982,1.000000,0.112627,-0.159628,-0.121046,0.006113,0.118217,0.146114,0.032433,0.027012,-0.198239,0.059823,0.001806,0.133490,0.142631,0.053502,0.088999,0.113950,0.188047,0.119382,0.106340,0.052005,0.145943,0.068990,-0.070731,-0.048307,-0.095425,0.071124,-0.033755,-0.022042,0.111776,0.110846,0.123465,-0.044049,0.234702,0.084827,0.009391,0.087542,-0.072015,0.004816,0.001418,0.023605,-0.080609,-0.002350,0.062443,0.066022,0.013780,-0.010312,0.141843,0.095504,0.196865,0.034309,0.101409,-0.092194,0.013065,0.043720,-0.051082,0.058083,-0.051504,0.119601,-0.028637,-0.107347,0.243596,-0.044159,0.021580,0.090689,0.082261,0.031109,-0.053786,-0.036742,0.168240,0.044694,-0.009225,0.014523,-0.106134,-0.091834,0.004454,-0.070624,-0.045277,0.239968,0.055419,0.215301,-0.027286,-0.081508,0.095216,0.059154,0.012815,-0.089852,0.036492,-0.065377,0.009369,-0.116005,0.055388,-0.103060,0.002065,-0.062284,-0.087082,-0.149438,0.144745,0.047534,0.212058,-0.040288,0.053818,-0.098349,0.145105,0.035337,0.019039,0.057925,-0.002112,0.149224,0.033577,-0.078161,0.233673,0.185799,0.096709,0.024628,-0.211774,0.021685,-0.066068,0.136399,0.013880,-0.067851,-0.040003,0.062276,-0.215815,-0.166608,0.177252,-0.053627,0.027081,0.001978,0.162054,0.015513,0.030625,-0.043548,-0.069828,0.110519,0.176164,0.014742,0.234278,-0.125999,0.082995,-0.023985,0.140308,0.070073,-0.103140,0.202087,0.348060,0.229351,-0.042232,0.051048,-0.000416,-0.029764,0.052550,0.245669,0.147383,0.131726,0.078239,-0.031777,0.124526,0.026587,0.139883,0.057097,0.056334,0.071794,0.007960,0.015601,0.082938,-0.032459,-0.091653,-0.039822,0.004751,0.147864,0.070206,0.129466,-0.079401,0.066839,0.018331,0.037555,0.084330,-0.064395,0.031945,-0.108219,#
20,-0.051623,0.237359,0.120601,0.174365,0.132180,0.079639,-0.053327,0.168532,0.122731,0.078928,-0.004333,0.041946,0.038171,0.163049,-0.094159,-0.007122,0.226894,0.045096,0.005882,0.112627,1.000000,-0.030762,0.004736,0.121948,0.162918,0.295010,-0.147647,-0.040179,0.096056,-0.024080,0.207647,0.110332,0.239628,0.147957,-0.018673,0.125702,-0.105339,0.060477,-0.146032,0.100694,0.222927,-0.003734,0.066170,-0.214413,0.228248,-0.112816,0.112156,0.001211,0.011596,0.022352,0.105974,0.097083,0.093362,0.022748,0.121194,-0.057148,-0.283316,0.009242,0.120523,0.096734,0.059001,0.045697,0.148600,0.015790,-0.007391,0.233982,0.147571,0.115234,0.072238,-0.033920,0.067027,0.084221,0.171709,0.092073,-0.149812,-0.048927,0.181965,0.042490,0.125710,0.029349,0.127896,0.105202,0.147509,-0.131438,0.071829,0.217394,0.047897,0.107847,0.088203,0.116083,0.018456,0.076605,0.059804,0.052246,-0.015274,0.066849,0.074732,0.093062,0.090031,0.064243,0.242882,-0.088376,0.047581,0.208890,0.103241,0.081096,0.254776,-0.012778,0.039563,0.181733,0.026274,0.150630,-0.037394,-0.028624,0.041804,-0.030188,0.176392,0.078471,-0.059900,-0.082051,-0.087206,0.056076,0.103269,0.084996,0.077714,0.117853,0.021929,0.079615,0.011948,0.157870,0.190525,0.047290,0.237265,0.029347,-0.068423,0.191433,-0.000267,0.092651,0.044984,0.055437,-0.092755,0.179057,-0.048204,-0.086455,-0.012758,0.011214,0.198907,0.001227,-0.018688,-0.075544,0.120690,0.072339,-0.050733,0.106511,0.041664,0.048476,0.101162,0.105015,0.089142,0.069371,0.116661,-0.018029,0.147602,0.114981,0.050172,0.107241,0.096249,0.199623,0.076462,-0.051553,0.309072,-0.000041,0.002472,0.064519,0.028326,0.074587,0.100535,0.091235,0.081760,0.126087,0.154828,0.105053,0.051645,0.091789,0.076921,0.119336,-0.049306,-0.038249,0.031055,0.088196,0.078895,0.191509,0.278036,0.114842,0.191854,0.180879,0.082322,0.044201,0.047915,0.024329,#
