0,1.000000,-0.009813,-0.107136,0.086244,0.086326,0.049789,-0.037563,0.027153,-0.018880,0.008649,-0.066953,0.018457,0.120821,-0.237647,0.171745,-0.111281,0.068494,0.101397,0.024917,0.097447,-0.072419,-0.033861,-0.018643,-0.001890,0.085497,0.060855,0.244806,-0.082449,-0.014714,0.016596,-0.095618,-0.096941,-0.070713,-0.178818,0.172904,-0.008263,0.179459,-0.062954,0.070837,0.045277,-0.037391,-0.022486,0.049176,0.001326,-0.094933,0.018097,0.034228,-0.068061,0.004057,0.017683,0.153270,-0.071143,0.164606,0.086175,-0.086902,0.136824,-0.075732,0.040710,-0.010219,-0.105965,0.153390,-0.091995,-0.114763,0.048880,0.060743,0.165976,-0.193033,0.187533,-0.124685,0.063229,0.079294,-0.017708,0.036197,-0.098582,0.105352,0.000320,-0.100084,-0.065150,-0.079237,0.094099,0.190919,0.051393,-0.114927,-0.024367,-0.117150,0.258973,-0.013274,-0.234998,-0.108465,0.030393,-0.081063,-0.118137,-0.110481,0.006897,-0.035058,0.136717,-0.046259,-0.017790,-0.006378,0.038936,-0.160204,-0.096413,-0.241271,-0.004802,0.166128,-0.180996,-0.198029,0.004489,0.096431,0.050128,0.169128,-0.118952,-0.046880,0.004618,-0.044839,0.112789,-0.076271,-0.106426,0.123299,0.078464,0.093028,0.128420,0.052344,-0.066090,0.049242,0.079467,0.100253,0.108360,-0.028993,-0.013758,-0.072341,-0.100330,-0.079397,-0.059887,-0.002463,-0.074102,0.132022,0.129083,-0.026801,-0.014829,-0.109751,0.213048,-0.148856,0.091106,0.083345,0.095364,0.097034,-0.104404,0.125543,-0.067469,0.023700,-0.175756,0.054079,-0.139433,0.041643,-0.101180,0.010565,-0.021172,0.017385,0.036746,0.129531,0.277907,-0.075192,-0.095362,0.139050,0.124186,0.042103,-0.143867,0.239425,0.088836,0.092312,-0.009655,0.197860,0.016492,0.177385,-0.159377,-0.036300,0.018812,0.110996,0.013022,-0.059550,0.101675,-0.129646,0.010872,0.022195,0.116050,0.025127,0.069846,-0.081972,0.109048,-0.072068,-0.095781,0.060752,0.033637,0.029132,-0.097359,-0.151076,-0.108104,-0.147201,0.110033,#
1,-0.009813,1.000000,0.001464,0.171558,0.010196,0.133507,0.115856,0.052491,-0.027495,0.009015,0.106107,-0.097034,0.287419,0.139279,-0.112293,0.030711,0.176313,-0.018574,0.096081,-0.073828,0.236611,0.169246,0.155558,0.262585,0.050423,-0.005225,-0.061060,-0.021180,0.023369,0.062095,-0.025527,0.127872,0.146501,-0.026881,0.044299,0.099959,-0.077759,0.088641,-0.049031,-0.029585,0.083263,-0.009749,-0.047613,0.103307,0.071201,0.157129,0.118468,0.077367,-0.017381,0.163979,0.080701,0.127705,0.150704,0.138650,0.039594,0.204997,-0.105037,0.019274,0.110776,0.027398,0.063566,0.026301,-0.066415,-0.008412,-0.074178,0.064803,0.163397,0.067723,0.226395,0.124051,0.097955,0.217124,0.264594,0.052582,-0.035567,-0.055612,0.060367,0.046065,0.104807,-0.000164,0.110821,0.156069,0.116563,-0.081415,0.144177,0.034349,0.053494,-0.130619,-0.000248,0.135930,0.126437,0.057697,0.040047,0.042095,-0.081459,-0.008949,0.160392,-0.044015,0.000768,0.219504,0.040584,0.125800,0.127029,0.249622,0.113266,0.013619,-0.030690,0.229177,-0.015238,-0.095896,0.179503,0.159187,-0.007484,-0.022149,0.059099,0.065955,0.225607,0.307522,0.102049,0.041559,0.050436,0.178121,-0.037815,0.196008,0.020965,0.098735,0.181140,0.036585,0.053405,0.065817,-0.055252,-0.003648,-0.101805,0.113342,-0.016081,0.000144,-0.017158,-0.108444,0.133384,-0.013217,0.030216,0.056764,-0.263779,-0.088068,-0.128266,-0.078331,0.169370,-0.012810,-0.069433,0.128539,0.057212,0.119843,-0.092846,0.200049,0.120552,0.102299,0.111724,0.030683,0.056190,0.068208,-0.068351,0.093434,0.180122,0.045767,-0.021405,-0.008987,0.084325,0.218153,-0.034678,0.085823,0.255122,-0.121535,0.206853,0.040980,0.209214,0.026211,0.044403,0.133314,-0.013007,-0.096958,0.009477,-0.117308,-0.059335,-0.095032,-0.097742,0.203274,-0.021865,0.095916,0.032900,-0.055351,-0.049157,0.094836,0.025053,0.153430,0.119413,0.179285,0.140022,-0.097934,0.089535,0.077626,#
2,-0.107136,0.001464,1.000000,0.012098,-0.167880,0.162304,0.017194,0.047364,-0.133835,0.079293,0.041486,-0.155668,-0.050767,-0.050735,-0.016591,-0.017795,-0.010806,0.151113,0.000578,0.101148,0.117563,0.105614,-0.099951,-0.105012,0.063483,-0.099977,0.090235,-0.086709,-0.095690,0.015742,0.077605,0.054954,0.151773,0.081488,0.156352,0.022589,0.078935,-0.141131,-0.044178,0.174423,0.284528,0.107880,-0.033328,-0.106546,0.057833,0.184424,0.021800,-0.079391,-0.084426,0.161435,0.011588,-0.075063,-0.015762,0.068903,0.140206,0.119351,0.090921,0.057612,-0.082230,-0.080388,0.130959,0.106052,0.002835,0.084690,-0.123916,-0.101003,0.290948,-0.165219,0.187555,0.157851,0.063393,0.101750,-0.047288,0.175610,-0.081806,-0.052262,0.081116,0.167674,0.054922,0.266323,-0.013600,0.132690,0.082396,0.067176,0.103645,0.234307,0.137017,0.166501,0.088971,0.008938,0.163739,0.040927,0.070918,-0.034180,0.115588,0.058726,0.025707,0.070287,0.080537,-0.073939,0.052228,-0.232566,-0.138668,0.136559,0.180432,0.175628,0.047695,0.080096,0.215590,0.005176,0.124687,0.021008,0.007039,-0.021336,-0.000558,-0.075159,-0.065825,0.046619,0.027323,0.021850,0.073194,0.170171,0.062024,-0.050786,0.026116,0.191417,0.001090,0.176937,0.033134,0.108618,0.026614,0.184569,0.086937,0.151752,0.039507,-0.091476,-0.100773,-0.026223,-0.025475,-0.031305,-0.038415,0.019620,0.105045,-0.009162,-0.001596,0.158023,0.176428,0.143704,0.134558,-0.076836,0.062978,0.010559,-0.052548,0.081187,-0.027845,0.190157,-0.011974,-0.078442,-0.000932,-0.036436,0.045726,-0.179732,0.001083,-0.013872,-0.048783,0.053814,0.084215,0.013257,-0.043672,0.041760,0.142577,-0.019181,0.094316,-0.067488,-0.034134,0.149920,0.292413,0.048003,0.012271,-0.008905,0.058038,0.154266,0.240302,0.284230,-0.005546,-0.021111,-0.053772,0.149473,0.011992,-0.041568,-0.065223,0.104790,-0.127790,0.192598,0.023626,0.142895,0.165580,-0.057855,0.007970,-0.022159,#
3,0.086244,0.171558,0.012098,1.000000,0.203282,0.116032,-0.190441,0.098313,-0.032043,-0.015232,-0.137786,-0.055056,0.073281,-0.035002,0.025572,-0.236312,0.052224,-0.075710,-0.142412,-0.044603,0.174029,0.120833,0.123906,-0.079786,0.029964,0.127947,0.108193,0.180567,-0.028220,0.085233,0.009099,0.063797,0.047993,0.049568,0.037161,-0.077816,-0.100815,-0.007365,-0.016993,0.138097,0.055382,0.168166,0.017542,-0.075026,0.135743,-0.091044,-0.008036,0.127400,0.005902,-0.010261,0.050315,0.078003,0.146833,0.010831,0.239517,0.023727,-0.149817,-0.042122,0.211472,0.055946,0.132162,-0.007895,-0.127960,0.104941,0.047285,0.152111,0.012225,-0.059075,-0.059030,0.096530,-0.116124,0.030371,0.222797,0.045254,-0.104679,0.012094,0.056475,-0.103913,0.082405,0.124344,0.037481,0.086403,0.033761,0.031432,0.004948,0.081484,0.016010,0.074285,-0.057616,0.054575,-0.140769,0.055632,0.104823,-0.075274,0.150723,0.064227,-0.009789,-0.005532,-0.133705,0.200382,0.031932,-0.023801,-0.074739,-0.032035,0.041955,-0.007219,0.128235,0.198714,-0.112294,-0.034071,-0.066941,0.155657,0.056823,0.035103,-0.029410,0.058879,0.219890,0.099393,0.057698,0.028571,0.009042,-0.018580,-0.064036,0.173634,-0.000755,0.145743,0.126010,0.151769,-0.064492,0.012370,0.014271,0.045967,0.037871,0.079502,0.043567,-0.080441,-0.060553,-0.010710,0.084729,0.037382,-0.037765,0.018400,-0.138504,0.016248,-0.228196,0.090564,0.077384,-0.011046,-0.024970,-0.157594,-0.013813,-0.025030,0.028731,-0.028144,-0.075768,0.035359,0.081702,0.008455,-0.009562,0.212050,0.219010,0.270002,-0.029289,0.272858,0.097606,0.027024,-0.053580,-0.011696,-0.060440,0.155965,0.097561,-0.103509,-0.037345,-0.079936,-0.105266,-0.036230,-0.101969,-0.018107,0.037376,-0.069084,0.002838,0.086833,-0.011373,0.174616,-0.050118,0.160653,-0.185555,-0.018884,0.089711,0.040924,-0.058257,0.002887,0.079362,-0.108651,0.086451,0.120068,0.252348,0.043615,-0.044293,0.113336,#
4,0.086326,0.010196,-0.167880,0.203282,1.000000,0.119287,0.022731,0.079183,0.024943,0.110373,0.016824,-0.017177,-0.027576,-0.174654,0.004042,0.006132,-0.089646,-0.068333,-0.132421,-0.040355,0.141550,0.153504,0.239993,0.121524,-0.011524,-0.062287,-0.059013,0.088357,0.136557,0.072310,0.069492,0.099762,-0.096920,0.047514,0.139136,0.154093,-0.106144,-0.006658,0.040166,0.207532,-0.091951,0.046353,0.150667,0.078405,0.212708,-0.183904,0.182035,0.027491,-0.134081,-0.117892,0.221918,0.076542,0.035939,-0.124774,0.018702,0.056898,-0.090948,0.062101,0.218730,-0.020392,0.041020,0.028834,0.122061,0.018646,0.212444,0.376654,0.019127,-0.016653,-0.063336,0.007432,0.050090,-0.109510,-0.063131,-0.012510,-0.046290,0.173196,0.054522,-0.068219,0.042935,0.008383,-0.089432,0.144724,-0.013099,-0.078804,0.075705,-0.004255,0.016119,0.127909,0.009610,0.121932,0.055344,-0.085469,0.064162,-0.026505,0.176998,0.108455,0.164519,0.033597,-0.004576,0.049045,-0.039711,0.178765,-0.077703,0.130058,-0.061991,-0.178225,0.049344,0.025504,-0.013639,0.180201,-0.106788,0.123754,0.135908,0.143280,-0.030576,0.050362,-0.062711,0.282204,-0.040921,0.058266,0.002278,0.028220,-0.011120,0.080800,0.070099,0.069549,0.213544,-0.044324,0.147206,0.053565,0.106821,-0.005402,-0.043668,0.015815,0.025499,-0.078794,0.096073,0.100796,0.028736,0.029353,-0.138444,0.205576,-0.002641,0.119059,-0.079159,0.049044,0.048374,-0.112255,0.054466,0.003500,-0.027755,0.137086,-0.073370,-0.130163,0.051151,0.036177,0.147373,0.250006,0.122497,0.104278,-0.063740,0.232497,0.026534,0.116738,0.091859,-0.039783,0.081024,0.057666,-0.125486,0.074413,0.023783,0.041781,0.028925,-0.004337,-0.052909,-0.027707,0.076532,0.206981,0.050791,0.185949,0.118556,0.006048,-0.065451,0.010200,0.109931,0.214337,0.059433,0.021723,0.079559,0.220782,0.055908,-0.061338,0.148848,0.008916,0.062693,-0.117284,-0.063857,-0.020270,0.101672,0.074729,#
5,0.049789,0.133507,0.162304,0.116032,0.119287,1.000000,0.058450,0.060007,0.031158,0.068968,0.003149,-0.128448,0.115007,0.016819,0.017229,-0.074241,0.131866,0.031055,0.078806,0.311133,0.067536,-0.055344,0.033631,0.063279,0.268163,0.211584,0.110533,0.018431,0.061526,0.215047,-0.017702,0.072145,0.008665,0.204039,0.172606,0.068076,0.054045,-0.119330,-0.114527,0.191751,-0.055590,0.159429,0.157088,0.065660,0.004217,0.038945,-0.070037,0.222486,-0.093500,0.139690,0.200638,-0.014537,0.065070,-0.117222,0.191809,0.275569,-0.052850,-0.035860,0.054646,-0.035037,0.079391,-0.070010,0.093453,0.037977,0.076364,0.087064,-0.005306,0.014517,0.091198,0.125215,0.151917,0.152172,0.048485,0.014995,0.085464,0.072367,-0.238282,0.227542,0.050210,0.065155,0.080960,0.055449,-0.013239,-0.044379,0.028291,-0.023482,0.009773,-0.048893,0.122304,-0.051747,0.225773,-0.012725,-0.051324,0.092123,0.034205,-0.196052,0.254588,0.196621,0.139993,-0.025653,0.032716,0.001462,0.097461,0.155446,0.005243,-0.039957,0.148568,0.149087,-0.077182,-0.001089,0.014836,-0.002345,0.134773,0.036807,-0.113269,-0.066761,0.253447,0.237340,0.128175,0.003114,0.021033,0.101090,0.001726,0.087895,0.062470,0.129416,0.305396,-0.010787,0.086209,-0.096379,-0.014898,0.082249,0.015405,0.046118,0.038506,-0.149198,-0.123019,0.107497,-0.044120,-0.040224,-0.047026,-0.020326,0.044105,-0.024464,0.063759,0.089778,0.101949,0.159130,0.119612,0.036364,0.157448,0.035102,0.327594,0.015589,0.207286,0.105470,0.152671,-0.098475,-0.023572,-0.010052,0.029009,0.198096,0.066151,0.052525,0.121187,-0.093175,-0.125743,0.147982,0.059604,0.106098,0.138057,0.090645,0.058318,0.044770,-0.044891,0.145104,0.263191,0.119229,0.152962,0.171285,-0.004191,-0.059120,-0.166075,0.052844,-0.019751,0.142948,0.058544,0.171330,0.175747,0.205072,0.009739,0.086105,-0.051687,0.232109,0.103299,0.129872,0.005469,0.149580,0.016950,0.214945,#
6,-0.037563,0.115856,0.017194,-0.190441,0.022731,0.058450,1.000000,-0.078809,0.030705,0.130883,0.220600,-0.017449,0.096721,-0.076367,-0.276319,0.431567,0.168831,0.173005,0.018522,-0.093107,-0.047736,-0.005241,-0.122269,-0.049839,0.103592,0.037576,0.018841,0.041066,0.116600,-0.013068,-0.003393,0.167514,0.045741,0.108723,-0.112147,0.008831,0.015812,0.024189,-0.143549,0.050744,0.101379,0.051008,0.241833,0.144510,-0.148939,-0.023161,0.040864,0.100030,-0.057923,0.099007,-0.109161,-0.116753,-0.008101,-0.071362,-0.057053,-0.053455,-0.105561,0.021849,0.052843,-0.054414,0.036094,0.169578,0.009444,-0.078756,0.180662,0.080340,0.064289,0.100670,0.102797,0.030521,0.190565,0.203325,-0.146108,-0.082347,0.115275,0.012099,0.231644,0.139872,0.194844,0.093135,-0.012045,0.144168,-0.008387,0.096847,0.040031,-0.073533,0.139053,0.015552,-0.040646,-0.011570,-0.033555,0.026766,0.060338,0.049685,0.021213,0.026367,0.211165,-0.018648,-0.148078,-0.004132,-0.003785,0.028341,0.064336,0.021353,0.094416,0.002196,0.075984,0.172485,0.176126,-0.014790,0.044029,-0.084724,0.169503,0.245025,0.207456,0.113999,-0.058109,0.159215,-0.075201,0.202119,-0.048766,0.186390,-0.206447,-0.111896,0.003192,-0.059864,-0.015456,-0.094681,0.081770,0.107419,0.093869,0.036213,0.065716,0.104582,0.025185,-0.119455,0.107688,-0.067008,0.035276,0.204437,0.101262,0.001721,-0.067228,0.002821,0.106435,0.105895,-0.010218,0.137417,0.052345,0.034845,0.050514,0.159738,-0.019888,-0.028817,0.064318,-0.036201,-0.002106,-0.034210,-0.014321,0.075389,-0.221280,-0.054103,0.045712,0.056090,-0.182477,-0.030761,0.187209,0.065735,0.090932,0.030389,0.028029,0.236612,-0.139021,-0.032980,0.082730,0.155579,0.036133,0.174513,0.014580,-0.029616,0.035962,0.012383,0.019737,0.035860,-0.004432,-0.003096,0.143181,0.049833,-0.055292,0.066866,0.025164,0.087882,0.041791,0.094381,0.024582,0.131696,-0.032868,-0.114843,0.107261,0.067641,#
7,0.027153,0.052491,0.047364,0.098313,0.079183,0.060007,-0.078809,1.000000,0.124040,-0.019607,0.041762,-0.188419,0.146760,-0.007713,0.079685,0.031496,0.009312,0.192880,0.052667,0.144853,0.168902,0.037540,-0.038331,0.031757,0.136451,0.093623,-0.054811,-0.164009,0.092528,0.089468,0.038161,-0.013886,0.135583,0.034009,0.096399,0.142484,-0.041037,0.158073,0.208540,0.125655,0.118460,0.110132,-0.139233,0.047972,0.070584,0.158207,0.176582,0.210314,0.161996,0.086507,-0.023361,0.117201,0.139793,-0.057371,0.127442,0.018887,-0.015533,-0.037214,0.233584,0.150849,0.039206,0.112021,0.073766,0.044763,0.152070,0.113966,-0.003381,-0.048461,-0.139761,-0.090750,0.149676,0.028848,0.062264,0.097824,-0.159064,-0.072753,-0.029467,0.024705,0.047038,0.005130,0.204529,0.100154,0.088555,0.047178,0.114180,0.161554,-0.031533,0.074497,-0.017210,0.205747,0.116479,-0.041482,0.172109,0.046905,0.153981,0.163509,0.101070,0.295936,0.173143,0.066721,0.122296,-0.066833,-0.211674,-0.072786,0.150150,0.051069,-0.009036,0.177401,0.104263,-0.103884,0.181624,-0.003258,0.108147,0.024331,0.342578,-0.064581,-0.048815,-0.005340,0.157238,0.187188,0.065479,0.131005,0.208938,-0.066214,-0.030356,0.134493,-0.014214,0.101170,0.049321,0.150779,0.066452,0.137894,0.013692,-0.067480,-0.038820,0.055482,-0.083526,0.217823,0.035655,-0.076421,-0.061645,0.036086,-0.066059,0.005893,0.077215,0.117794,0.183250,0.044471,-0.077556,0.068008,-0.137835,0.252252,-0.065567,-0.017861,0.111112,0.201915,0.184413,0.082098,0.009884,-0.091922,0.010523,-0.012087,0.089241,0.084790,0.024481,0.016390,0.045322,-0.079019,-0.094047,0.027110,0.156549,0.065724,0.156370,0.162989,0.146423,0.078935,0.080471,0.012428,0.047129,0.117122,0.052839,0.037167,-0.092513,0.136457,0.132375,0.046042,0.176416,0.014014,0.090088,0.060609,-0.000768,0.034365,0.013707,0.069627,0.088615,0.032371,0.019796,0.116972,0.166484,0.048228,#
8,-0.018880,-0.027495,-0.133835,-0.032043,0.024943,0.031158,0.030705,0.124040,1.000000,-0.017776,0.036090,0.135703,0.002469,0.168770,0.022512,0.094053,-0.044567,-0.017472,-0.153018,0.058843,0.107496,-0.003578,-0.107923,0.195175,0.136220,0.040190,0.078891,-0.156094,-0.060584,0.068276,0.091796,0.050259,0.108619,-0.057825,-0.018785,0.362491,0.012869,0.014282,-0.024979,0.027830,0.042672,-0.097932,0.196417,0.200582,0.019555,-0.126353,-0.003167,-0.039711,0.076152,0.062692,0.021348,0.077426,0.213230,-0.132897,-0.049883,0.042550,-0.029370,0.026736,-0.010745,-0.064785,0.083132,0.105633,0.163573,0.163701,0.121453,0.123695,0.096102,0.109827,0.143793,-0.007896,0.127762,0.132917,0.128526,-0.012344,-0.053433,-0.006888,-0.080138,0.083463,0.157698,0.094995,0.026078,0.101685,-0.099538,-0.062776,-0.007296,-0.020411,0.172356,0.006545,-0.141888,-0.121602,0.128913,0.060019,-0.017308,-0.054907,-0.154508,-0.042219,0.214945,0.192351,0.138006,0.140935,-0.057725,-0.197177,0.197548,0.124476,-0.102949,0.160545,0.034173,-0.022038,-0.102345,0.138307,-0.046052,-0.003254,-0.019120,0.045046,-0.069412,-0.006903,0.189912,0.007770,-0.047569,0.115519,0.001966,0.026711,0.180712,0.136800,0.003086,0.145159,-0.046049,0.010046,0.172997,0.216772,0.001661,0.184092,0.009405,-0.067569,-0.173096,0.215120,0.011310,0.041985,0.113076,-0.008795,-0.089350,-0.070184,-0.039652,-0.353970,0.083203,0.018762,0.028540,0.240718,-0.104809,0.097358,-0.034923,0.286714,-0.082683,0.200740,0.143574,-0.071979,0.089362,0.086541,0.160582,-0.185170,0.055909,-0.087513,-0.107503,-0.076452,-0.113337,-0.042787,-0.032542,0.123902,0.095890,-0.052503,-0.039317,0.155787,-0.194251,0.073856,0.163782,0.031944,0.042549,-0.050060,0.104206,0.065585,0.158212,-0.025745,-0.012058,0.024054,0.008933,-0.114459,0.185429,0.020450,-0.031326,0.076136,0.177677,-0.008441,0.052884,0.105907,0.007688,-0.061430,-0.214498,-0.032563,-0.039734,0.206439,#
9,0.008649,0.009015,0.079293,-0.015232,0.110373,0.068968,0.130883,-0.019607,-0.017776,1.000000,0.150860,-0.040538,0.030634,-0.072674,-0.057216,0.004566,0.004411,0.136298,-0.116913,-0.062542,0.091579,-0.014064,-0.083778,0.035194,0.034913,-0.090089,0.095230,-0.035128,-0.079679,-0.008288,-0.000526,0.106286,-0.015220,0.001214,-0.085515,-0.021935,0.086063,-0.067414,-0.029612,0.079299,-0.024404,-0.009821,0.034112,-0.023774,-0.092850,-0.071644,0.000690,0.014360,0.134288,0.154369,0.130781,-0.063138,-0.075238,-0.070348,-0.112961,0.070775,0.095924,0.061806,-0.145011,0.133028,0.047537,0.040431,0.017876,-0.096709,-0.043736,0.087267,0.019652,-0.014679,0.023444,0.026390,0.127823,0.101276,-0.008028,-0.019692,-0.057866,0.043106,0.101951,0.109139,0.038218,0.050866,0.022404,0.097735,-0.027890,0.055693,0.109764,0.084177,0.191548,0.051510,0.044186,0.224948,0.122802,-0.109796,0.052608,-0.102600,0.146789,-0.079820,-0.034173,0.020378,0.040554,0.094030,0.099640,0.093505,-0.061827,0.027477,0.040771,-0.027584,-0.089947,0.189823,0.030408,-0.019770,0.026014,0.207915,0.000921,0.061101,0.038943,0.135367,0.058948,0.162392,0.149266,0.091883,-0.271047,0.050195,-0.031677,-0.004711,0.155308,-0.005222,-0.001316,0.058035,-0.037696,0.003086,0.027893,-0.022277,0.070047,0.024498,0.022083,-0.112542,-0.066036,-0.001967,0.008996,0.068603,0.122417,0.196182,0.060030,0.144860,0.121187,0.218845,0.033960,0.116487,0.081070,0.029317,0.026130,0.090254,0.046841,-0.077425,-0.107409,0.048111,0.058742,0.160021,0.273269,0.123634,-0.095159,-0.058405,0.180587,0.098572,-0.086019,-0.021395,0.029026,0.145856,0.215496,0.125371,0.099165,0.146665,-0.041870,-0.086988,-0.055600,0.100718,0.171443,0.122176,-0.095020,0.079193,-0.075622,0.175517,0.070066,-0.070618,0.131928,0.115829,0.123526,0.131482,0.022213,0.042640,-0.241595,-0.129049,0.092548,-0.027103,-0.116721,0.167350,-0.020089,0.059436,-0.023434,-0.078332,#
10,-0.066953,0.106107,0.041486,-0.137786,0.016824,0.003149,0.220600,0.041762,0.036090,0.150860,1.000000,0.040132,0.120104,0.020966,-0.123240,0.173533,0.072349,0.101738,0.038733,-0.090183,0.019205,-0.046267,-0.179925,0.101901,0.179936,0.044168,-0.014484,0.058786,0.071448,-0.040905,0.049524,-0.062712,-0.066373,0.041650,-0.121584,-0.056735,0.137006,0.014709,-0.206224,-0.148907,0.253977,-0.081870,0.015902,-0.007957,0.013339,-0.019175,0.171238,0.085487,0.005758,0.037144,-0.026462,0.086705,0.150612,0.003290,-0.077982,0.190327,0.001583,0.258034,0.000862,0.044624,0.051381,0.151656,0.093479,0.174538,0.016974,0.071567,0.084216,0.049866,-0.016199,-0.179199,0.236430,0.254571,-0.118012,0.016264,0.016393,0.051280,-0.100389,-0.020644,0.207933,-0.108732,0.058369,-0.055805,0.030314,-0.007256,0.063618,0.039620,0.111903,0.013215,0.025286,0.234934,0.002521,0.134618,0.038671,-0.120261,-0.026859,0.031899,0.053908,0.121926,-0.035341,-0.016229,0.094766,-0.045669,0.005727,0.091084,-0.074963,0.048072,0.161221,0.065833,0.022146,0.122799,0.091244,0.008812,0.029598,0.100748,0.124927,0.026800,0.072503,0.113736,-0.067816,0.028832,0.080542,0.259573,-0.019308,-0.073644,-0.122443,-0.007058,0.159783,0.010996,-0.002107,0.112631,0.103365,0.114989,-0.032952,0.080602,0.154865,-0.020725,-0.047515,0.124482,0.170715,-0.097441,-0.125400,0.012272,0.154005,0.203403,0.114905,0.181364,0.125338,0.128717,0.129331,0.185682,-0.081976,0.024970,-0.034158,0.025853,0.005458,0.024414,0.180661,-0.025175,0.185191,-0.001916,-0.162746,-0.019692,-0.016541,0.086663,-0.125658,0.126196,0.211033,0.152572,0.123638,0.032030,-0.021203,0.262862,-0.008056,0.044815,0.106785,0.152619,0.144756,0.010644,-0.164854,0.141277,-0.095269,-0.104625,-0.029174,0.055692,-0.018996,0.036388,0.211640,0.084993,0.034116,0.017741,-0.069783,-0.029433,-0.029566,0.222494,0.074694,-0.067898,-0.106161,0.035228,0.145691,0.134377,#
11,0.018457,-0.097034,-0.155668,-0.055056,-0.017177,-0.128448,-0.017449,-0.188419,0.135703,-0.040538,0.040132,1.000000,0.009226,0.074004,0.085234,0.056445,-0.058738,-0.012035,0.000497,0.038384,0.046072,-0.003118,0.040914,0.010412,0.007928,0.049176,-0.117171,0.025479,-0.084165,-0.047638,0.232298,0.203084,0.038714,0.144462,-0.128178,0.032147,0.024379,0.102034,-0.042155,-0.059781,0.052807,-0.178024,0.096549,-0.037160,-0.009784,-0.209533,0.031096,-0.021337,0.113721,-0.074952,-0.193094,-0.038106,0.188187,0.085320,-0.022227,-0.057893,-0.098394,0.181830,0.019275,0.300432,-0.036392,0.081425,0.146368,0.013312,0.051170,-0.104881,0.113131,0.141087,-0.001640,0.094494,-0.283990,-0.020253,0.051682,-0.079689,0.272449,0.159881,-0.053687,0.072099,0.110023,-0.121849,-0.162426,-0.033355,0.056786,-0.022238,-0.031502,-0.038632,0.066685,0.024768,0.085922,-0.071021,-0.046760,-0.003699,-0.057562,0.072545,-0.114006,0.081053,-0.006982,0.090008,-0.019348,0.096294,-0.051693,-0.021265,-0.012188,0.068570,-0.050246,0.021188,0.066812,-0.026886,0.001988,-0.105592,-0.028193,0.140301,0.034798,0.051651,-0.002720,-0.077613,-0.002560,0.157761,-0.087229,0.126152,0.027779,-0.064060,-0.040268,0.248245,-0.041518,-0.178046,-0.038507,0.089318,0.228888,0.119593,0.083366,0.027367,0.157834,-0.008282,0.013560,0.192543,0.044151,0.146142,-0.035458,0.269239,-0.033988,-0.114308,0.225295,0.054465,-0.031705,-0.017870,-0.013463,-0.068646,-0.079880,-0.172269,0.088453,-0.022635,0.045760,0.233154,-0.036616,-0.038122,0.040116,-0.006548,0.068133,0.071877,0.009640,0.018015,-0.043458,0.040367,0.098640,0.140410,0.078465,0.155092,0.058891,-0.038017,0.208139,0.066591,0.013772,0.105633,-0.046429,0.010083,0.018969,-0.107725,-0.022888,0.031010,-0.109556,-0.093408,0.041048,0.012451,-0.003210,-0.045456,0.087666,0.054652,-0.091203,-0.053189,0.122933,0.034061,0.225775,0.044844,0.103795,-0.034949,-0.124867,0.085353,0.070525,-0.000699,#
12,0.120821,0.287419,-0.050767,0.073281,-0.027576,0.115007,0.096721,0.146760,0.002469,0.030634,0.120104,0.009226,1.000000,-0.027042,-0.037274,-0.001538,-0.023451,-0.094592,0.098430,-0.124056,0.028855,0.066173,0.027591,0.001369,0.177873,-0.008411,0.082106,-0.036134,0.038528,0.007161,0.096869,-0.111611,0.050508,0.067774,0.148812,0.048566,-0.044470,-0.118422,-0.099016,0.001834,-0.010015,-0.112630,0.035864,0.177036,0.069009,-0.021532,0.299161,0.203966,0.132383,0.274791,-0.004871,-0.079694,0.147059,0.096751,0.061229,0.058416,0.000457,-0.147604,0.260409,-0.000349,-0.065526,0.153120,0.072590,-0.028012,-0.014480,-0.023922,-0.014966,0.125830,0.085178,0.112618,0.059178,0.189916,0.187281,0.041509,0.017486,0.179745,-0.077980,0.173937,0.039494,0.116507,0.179169,0.209553,0.108021,-0.172019,0.084932,0.117612,0.030840,0.038543,-0.003927,0.175341,0.216777,-0.100175,0.098229,0.192708,-0.080309,0.043601,0.098063,-0.123962,-0.157488,-0.083348,0.168715,-0.031319,0.063047,-0.066616,0.059374,0.027143,0.017324,0.283706,-0.031510,-0.117408,0.142407,0.111890,0.119483,0.064257,0.119846,0.018889,-0.079684,0.121875,0.093271,0.041714,0.094936,0.283966,0.011200,0.197965,0.017633,0.175773,-0.045702,0.067931,-0.064951,0.149764,-0.264001,0.001364,0.064689,-0.042652,-0.065063,-0.149078,-0.041639,-0.002285,0.164154,-0.105575,0.003725,-0.076248,-0.131831,0.035240,-0.142200,0.127357,0.156733,0.135642,-0.042268,0.082559,0.066076,-0.011606,0.015355,-0.044140,0.163131,0.082210,0.152529,0.221081,0.224236,-0.148617,0.052117,0.136132,0.056215,-0.088209,0.070492,0.046301,0.090855,0.174654,0.129070,0.073059,0.239702,-0.115553,0.156656,-0.036033,0.157884,0.096550,0.029257,0.057049,-0.417605,-0.086932,-0.088506,0.109553,-0.096244,-0.005195,-0.064785,0.121190,0.177148,0.053062,0.052032,-0.033782,-0.018932,-0.082885,-0.082361,-0.050597,0.001440,0.087977,-0.083252,-0.017447,0.023062,0.106988,#
13,-0.237647,0.139279,-0.050735,-0.035002,-0.174654,0.016819,-0.076367,-0.007713,0.168770,-0.072674,0.020966,0.074004,-0.027042,1.000000,-0.011010,-0.023359,-0.064100,0.027500,0.074100,-0.104218,0.175327,-0.013024,0.118481,0.025646,-0.009706,0.284185,-0.032627,0.002807,0.064915,0.033102,-0.054791,0.051870,0.035694,0.058236,-0.108158,0.008700,0.024717,0.077069,-0.194755,0.017866,0.171383,0.031275,0.171325,-0.113488,-0.003014,0.082992,-0.173245,0.128911,0.166556,0.050452,-0.041065,0.039979,0.016957,-0.009561,0.050894,-0.029886,0.085688,0.081788,0.065678,0.075410,-0.087175,0.152880,-0.058535,-0.146046,0.072526,-0.025018,0.173701,0.213388,0.107628,0.029964,-0.087244,0.033006,0.164046,0.051574,0.021111,0.086049,0.035793,-0.042062,0.035075,0.014600,0.015149,0.037320,-0.000590,0.107098,-0.093043,0.133102,-0.055120,0.144662,0.263140,-0.031676,0.088390,0.128699,0.136802,0.093544,-0.172209,-0.118192,0.083359,0.031432,0.092808,0.097422,-0.083470,-0.097618,0.124186,0.019603,0.029815,0.047276,-0.054258,0.121826,-0.132892,-0.047572,-0.035310,0.007005,0.008571,0.013430,0.128325,-0.075426,0.117337,0.053398,-0.064051,-0.072313,0.033371,-0.049637,0.104629,-0.041383,-0.078256,-0.020645,-0.072463,0.011781,0.107160,0.102827,-0.034180,-0.281246,-0.017261,0.072435,0.005330,0.113086,0.049702,0.029970,0.136196,0.041068,-0.042217,-0.146414,-0.011060,-0.101361,-0.076095,0.040913,0.057633,0.112848,0.002139,-0.095307,-0.049855,-0.045182,0.004490,0.098414,-0.005285,-0.089623,0.028179,-0.218063,-0.068066,0.006473,0.021421,-0.102679,0.182877,-0.067425,-0.089932,-0.026485,0.120090,0.125376,-0.067024,-0.044804,0.052872,0.010002,-0.097031,0.211037,0.058109,0.061098,0.065886,-0.101904,-0.050131,0.026467,-0.031613,-0.124304,0.085388,0.098578,-0.144008,0.047562,-0.053419,-0.153105,-0.013460,0.083238,0.236034,0.012277,0.104335,0.118085,0.027335,0.097359,-0.130337,0.253285,0.044518,0.119814,#
14,0.171745,-0.112293,-0.016591,0.025572,0.004042,0.017229,-0.276319,0.079685,0.022512,-0.057216,-0.123240,0.085234,-0.037274,-0.011010,1.000000,-0.084493,-0.053369,0.117664,-0.228473,0.125677,-0.074796,0.113602,0.099024,0.162189,-0.042557,0.012363,0.028427,-0.003882,0.042109,-0.049323,0.308171,-0.067843,-0.008474,-0.092006,0.064407,0.048216,0.085273,-0.029174,0.094129,-0.095678,-0.000748,-0.005847,-0.083127,-0.045054,-0.019827,0.108250,0.042130,-0.076894,0.041630,-0.088246,-0.040703,0.195827,0.070671,-0.157115,-0.005965,0.100446,0.109838,-0.015344,0.081328,-0.123808,0.041970,-0.120420,0.121089,0.026093,-0.139641,-0.050913,-0.100242,-0.118460,0.030368,-0.043532,0.023553,-0.015206,0.253224,0.015489,0.015979,0.091644,-0.048515,-0.161616,-0.183808,-0.018840,-0.032737,0.022532,0.150614,0.054618,0.040348,-0.050396,-0.032616,0.016638,-0.011187,0.135716,0.084227,-0.124020,0.084678,0.176938,-0.089242,-0.024857,-0.119448,0.042555,0.018224,0.081320,-0.206480,-0.006273,-0.006563,0.005602,-0.072288,-0.064167,0.087893,-0.155232,0.109069,0.047359,-0.113903,0.077577,0.081349,-0.007200,-0.129942,-0.136322,-0.078776,-0.071273,0.016296,0.130021,0.106731,-0.175063,0.139458,0.124040,0.027509,-0.118874,-0.080666,0.064886,-0.105099,-0.009108,-0.043139,0.115921,-0.036797,0.023817,0.033298,-0.089680,0.097791,0.115140,-0.016989,0.089708,-0.057711,0.087523,0.048116,0.268705,-0.009845,0.046696,0.073313,0.002139,0.008905,0.026686,0.221708,-0.098083,0.177668,-0.057515,-0.105588,-0.009440,0.061584,-0.097380,0.049870,0.061679,-0.015370,0.012678,-0.025940,-0.085838,0.266975,0.147795,-0.025544,0.059104,0.007575,-0.050461,0.082079,-0.196122,-0.015108,-0.011664,-0.159878,-0.042252,-0.122648,-0.075739,0.069611,0.107293,0.149017,-0.048877,0.001801,-0.011040,-0.032088,0.113294,-0.002332,0.096105,-0.017741,0.031203,0.000233,0.095948,0.046221,-0.035852,-0.144348,-0.143920,-0.049499,0.111211,-0.135370,-0.147647,#
15,-0.111281,0.030711,-0.017795,-0.236312,0.006132,-0.074241,0.431567,0.031496,0.094053,0.004566,0.173533,0.056445,-0.001538,-0.023359,-0.084493,1.000000,0.106702,0.156447,-0.024025,-0.070213,-0.005312,0.041148,-0.113460,0.163391,0.051483,0.103769,-0.105121,0.041760,0.146612,-0.221459,0.106921,0.109012,0.122979,0.239747,-0.041345,-0.006303,0.009473,0.095265,-0.186986,-0.041759,0.027988,-0.052213,0.132505,0.154334,-0.093645,0.001719,0.173195,0.012540,0.026827,0.082953,-0.022430,0.117468,0.022737,0.034258,-0.035361,0.095368,0.113763,0.067094,-0.017078,0.118422,0.185258,0.115459,0.156563,-0.074649,0.097357,-0.072769,0.059236,0.156895,0.060628,-0.029747,0.039345,0.073041,-0.073365,0.058051,-0.034665,0.078495,-0.039089,0.070178,0.179696,0.013553,-0.086446,0.067132,0.005737,0.055895,0.027297,-0.032765,0.025674,0.008966,0.008342,-0.117050,0.023547,0.206100,0.042885,0.082403,-0.160473,0.039611,0.140509,0.098859,0.061495,0.036818,-0.010124,0.163682,0.087899,0.088690,0.060000,-0.067135,0.091206,0.029247,0.074524,0.005551,-0.070607,-0.035870,0.221395,0.046338,0.183609,0.043791,-0.145214,-0.021746,-0.110850,0.211776,-0.079388,0.276116,-0.039725,-0.007722,-0.080471,0.021667,0.056288,0.071259,-0.032141,0.220964,0.193011,0.094082,-0.092504,-0.136768,0.042699,0.069640,0.112319,-0.067700,-0.058921,0.178471,0.057338,-0.033106,0.079343,0.072550,0.064889,0.037691,0.075881,0.036343,0.061432,-0.011446,0.075350,0.330075,0.065330,-0.021506,-0.003414,0.097528,0.006328,-0.046295,0.178868,0.018947,-0.094628,-0.084644,0.066001,0.191960,-0.118237,-0.007399,0.097195,0.041775,0.031811,0.236027,-0.022214,0.143779,-0.139251,0.199712,-0.007535,0.107728,0.076430,-0.003485,0.043063,0.116898,0.124793,-0.020509,0.056986,0.008427,0.155577,0.007886,0.077875,-0.018351,0.021458,0.074531,-0.014630,0.113801,-0.065697,0.070822,-0.070486,0.200122,-0.075083,-0.044049,0.236220,-0.056393,#
16,0.068494,0.176313,-0.010806,0.052224,-0.089646,0.131866,0.168831,0.009312,-0.044567,0.004411,0.072349,-0.058738,-0.023451,-0.064100,-0.053369,0.106702,1.000000,0.103711,0.224992,0.215948,0.228297,-0.392025,0.081563,-0.086265,0.061413,0.154945,-0.007749,0.118190,-0.107984,0.088960,0.111784,0.152839,0.027363,-0.017492,0.086123,-0.000760,0.088649,0.167967,-0.010768,0.115119,0.054939,-0.078311,0.062228,-0.082390,0.069321,0.008895,0.130194,-0.000368,-0.046139,0.044229,0.037323,0.078539,-0.029830,-0.003459,-0.007742,0.232186,0.029071,0.128553,-0.028124,0.029600,0.045381,0.101898,0.077653,0.005383,0.027003,0.124041,0.045032,0.138150,0.096392,0.035399,0.156565,-0.032758,0.012929,-0.016386,0.038242,-0.000541,-0.039518,0.094736,0.018766,0.103854,0.225044,0.039016,0.107084,0.019557,-0.046982,0.074447,0.016419,-0.128522,-0.080132,-0.023229,-0.238177,0.005072,0.019229,-0.169009,-0.014166,0.043957,-0.047428,0.201199,-0.027640,0.134898,0.060881,0.129102,0.104864,0.177437,0.101845,-0.166376,-0.028356,0.001718,0.278910,0.033946,-0.049909,0.048829,0.137900,0.024031,0.079918,0.074640,0.247263,0.038028,0.004671,-0.032025,-0.180089,-0.012810,0.085849,-0.021808,0.170890,0.026517,0.096987,-0.015140,-0.039148,-0.087635,0.161617,0.065571,0.032191,0.060367,-0.124890,-0.010532,0.059771,-0.026820,0.040128,-0.030446,-0.072948,0.066136,0.055617,-0.046762,-0.026454,0.075786,0.189139,0.032939,0.154881,-0.060333,0.041694,0.014777,-0.146792,-0.016446,0.017777,0.024640,-0.034327,-0.050435,-0.001220,0.052328,0.150008,-0.101624,0.161842,0.014836,0.194398,0.062256,-0.015460,0.124619,0.075300,0.157518,-0.057343,0.216738,-0.009304,0.143907,-0.013362,-0.007767,0.111213,0.199119,0.168916,0.113188,0.100528,-0.050202,-0.110139,0.140587,-0.117823,-0.053340,0.000104,0.061400,0.117949,0.094063,-0.060374,0.171420,-0.012932,0.127226,0.220667,0.186316,0.113536,-0.011117,-0.020734,0.055217,#
17,0.101397,-0.018574,0.151113,-0.075710,-0.068333,0.031055,0.173005,0.192880,-0.017472,0.136298,0.101738,-0.012035,-0.094592,0.027500,0.117664,0.156447,0.103711,1.000000,0.064943,0.107784,0.054896,-0.013972,0.009162,-0.182909,0.200956,0.202702,0.008787,-0.013660,0.049361,0.021133,0.073506,0.074025,-0.035417,-0.041294,-0.183985,-0.193256,0.058674,0.183267,0.072038,0.051472,0.211251,0.044896,0.015367,0.012435,-0.056161,0.111939,0.016818,0.056320,0.067655,-0.002130,-0.033165,-0.038540,0.150435,-0.100917,0.058168,0.088032,0.064404,0.068673,-0.004117,0.065649,0.115947,-0.047320,0.259070,-0.069227,-0.060287,-0.058677,0.222898,0.005366,-0.023100,-0.177924,0.178349,-0.001836,-0.064216,0.102830,0.161387,-0.059917,-0.031997,0.138431,0.113968,-0.030269,0.113285,0.184462,-0.001195,0.143657,-0.100256,0.001038,0.136931,-0.082598,-0.032122,0.060027,-0.023391,0.002647,0.173328,0.052923,0.105131,0.028721,-0.081673,0.025695,0.114947,0.166581,-0.106537,-0.161154,-0.056804,-0.165919,0.020642,0.077291,-0.014819,0.036563,0.023473,0.079903,0.139172,-0.110006,0.105353,0.128289,0.240989,-0.071399,-0.073641,-0.007897,0.074874,0.139705,0.020260,0.081081,-0.088980,-0.161858,0.052196,-0.002801,-0.029438,0.186895,-0.035009,0.045410,0.091538,0.115381,0.122753,-0.039883,0.019319,0.073575,0.132584,0.085092,-0.037361,0.160899,-0.093925,0.027837,0.077985,0.104333,0.227679,0.054009,-0.002589,0.034224,0.047363,-0.054621,0.111489,0.060182,-0.044758,0.076261,0.072104,-0.017244,0.151350,-0.178652,-0.006044,0.027384,-0.065360,-0.074295,0.072788,-0.034982,-0.070971,-0.152166,-0.030545,-0.137678,0.090358,0.000577,0.084979,0.027949,0.035468,-0.078748,0.011131,0.094665,0.128776,0.086682,0.116576,0.208029,0.034450,0.068986,-0.033097,0.133077,-0.036402,-0.067468,0.087052,0.033167,-0.101701,-0.028245,0.013271,0.090951,-0.072258,-0.038304,-0.205805,0.184789,-0.090887,-0.044609,-0.012861,-0.167413,#
18,0.024917,0.096081,0.000578,-0.142412,-0.132421,0.078806,0.018522,0.052667,-0.153018,-0.116913,0.038733,0.000497,0.098430,0.074100,-0.228473,-0.024025,0.224992,0.064943,1.000000,0.027797,-0.005148,-0.094498,-0.034120,-0.068515,-0.054689,0.004454,-0.099254,-0.017093,-0.045154,0.091197,-0.170349,0.150053,0.022645,0.011542,0.051533,-0.005373,-0.068777,0.248950,0.036366,0.026897,0.119743,-0.060565,0.158104,-0.122928,-0.024251,0.045276,0.034747,0.275256,0.050652,0.012988,-0.082704,0.056321,0.135017,0.007597,0.032118,0.041605,-0.002785,-0.074717,0.027299,0.188668,0.019250,0.150946,-0.048422,-0.034566,0.126459,-0.076479,0.036796,-0.117143,-0.133744,0.034071,0.092205,-0.103900,-0.039340,0.113682,0.077356,-0.032061,-0.173991,0.154016,-0.012837,-0.105231,0.050860,-0.011381,0.064382,-0.004945,0.056293,0.233651,-0.263697,0.091973,0.015756,-0.063569,-0.049725,-0.029778,-0.058732,-0.053785,0.128866,0.022504,0.014716,0.036264,0.025722,0.025508,-0.009879,-0.023911,-0.044210,0.018718,0.092038,0.090426,-0.152866,0.166163,0.090117,0.001694,0.121401,-0.023636,-0.010920,-0.039915,0.021865,0.023139,-0.013006,-0.098501,0.079647,0.024342,0.099139,-0.078169,-0.102220,-0.049286,0.189355,-0.099281,0.145452,0.046383,-0.012030,-0.033276,-0.072484,-0.047841,0.035106,-0.067121,-0.092884,0.005774,0.086213,0.039173,0.053590,-0.043646,-0.120775,0.056726,-0.106465,-0.085296,0.134988,-0.009662,0.105469,-0.002657,0.099236,-0.000598,-0.029161,-0.135485,0.104965,0.075399,0.120696,0.133554,0.027769,-0.115182,-0.178917,-0.157077,0.145956,0.028100,0.114571,-0.064560,-0.038892,-0.115803,0.053233,-0.053304,-0.014323,0.081298,0.138410,0.049900,0.007014,0.137730,0.163664,-0.038958,-0.042368,0.011846,-0.104766,-0.027346,-0.066557,-0.053014,-0.150294,0.023237,0.022338,-0.093052,0.027214,-0.042528,-0.003047,-0.007287,0.007853,0.115728,-0.033850,0.176751,0.153442,0.054620,-0.042993,0.135287,-0.042189,0.150543,#
19,0.097447,-0.073828,0.101148,-0.044603,-0.040355,0.311133,-0.093107,0.144853,0.058843,-0.062542,-0.090183,0.038384,-0.124056,-0.104218,0.125677,-0.070213,0.215948,0.107784,0.027797,1.000000,0.118751,-0.135253,-0.117327,0.008089,0.114528,0.148236,0.051246,0.022166,-0.184248,0.032291,0.015428,0.138064,0.131955,0.052375,0.087675,0.113063,0.187708,0.107047,0.090579,0.056037,0.122707,0.061568,-0.060792,-0.032697,-0.082895,0.075472,-0.018006,-0.016369,0.105665,0.102594,0.116601,-0.024092,0.224780,0.076770,0.009360,0.093847,-0.067875,0.002052,0.010058,0.014142,-0.065504,0.009487,0.070683,0.065988,0.004855,-0.015035,0.136588,0.096209,0.201871,0.046429,0.070009,-0.095434,0.030186,0.047748,-0.037082,0.064736,-0.063373,0.100115,-0.033013,-0.114171,0.240106,-0.036958,0.039244,0.084762,0.104193,0.039837,-0.048228,-0.042990,0.170807,0.032680,-0.001730,0.022480,-0.118143,-0.081354,0.005033,-0.071485,-0.021313,0.239432,0.077921,0.227530,-0.026951,-0.068930,0.122959,0.059941,0.005178,-0.088238,0.035187,-0.069492,0.026531,-0.128832,0.045338,-0.101856,-0.016078,-0.076401,-0.101512,-0.152105,0.133142,0.040013,0.215076,-0.040284,0.063859,-0.097308,0.156831,0.052980,0.024232,0.065555,0.014775,0.155914,0.019936,-0.075660,0.230469,0.197084,0.105177,0.026744,-0.211614,0.015393,-0.064682,0.141601,-0.001374,-0.057103,-0.041747,0.079959,-0.191309,-0.149264,0.159564,-0.053366,0.023745,0.005514,0.161306,0.038514,0.040318,-0.046132,-0.075362,0.109612,0.146956,0.050501,0.238803,-0.129145,0.115964,-0.012606,0.148657,0.087687,-0.097314,0.203541,0.351413,0.232944,-0.021450,0.066756,-0.012007,-0.029154,0.069428,0.239137,0.148014,0.155754,0.045653,-0.020363,0.129808,0.029172,0.134475,0.078375,0.074892,0.091564,0.013156,0.019200,0.072299,-0.038430,-0.087346,-0.018883,0.013186,0.160793,0.050017,0.134580,-0.081034,0.081809,0.008636,0.040069,0.090753,-0.057759,0.051509,-0.111214,#
20,-0.072419,0.236611,0.117563,0.174029,0.141550,0.067536,-0.047736,0.168902,0.107496,0.091579,0.019205,0.046072,0.028855,0.175327,-0.074796,-0.005312,0.228297,0.054896,-0.005148,0.118751,1.000000,-0.019839,0.009418,0.120123,0.176461,0.289174,-0.144803,-0.058716,0.092610,-0.018868,0.217423,0.098523,0.248613,0.148204,-0.017319,0.126840,-0.127917,0.051856,-0.145783,0.107129,0.220955,-0.008718,0.052431,-0.233182,0.227349,-0.121812,0.125561,0.000135,0.013417,0.033761,0.109198,0.102044,0.092218,0.007366,0.128903,-0.063607,-0.284100,0.013001,0.120565,0.095672,0.046258,0.038294,0.145677,0.003032,-0.012187,0.228500,0.176383,0.118698,0.072994,-0.030186,0.059805,0.076771,0.181708,0.099022,-0.154406,-0.030851,0.190129,0.056919,0.133812,0.041265,0.118733,0.101732,0.155289,-0.133084,0.071587,0.220445,0.061493,0.118008,0.096623,0.129123,0.006486,0.072897,0.068974,0.053301,-0.001649,0.069379,0.083455,0.104281,0.080617,0.052652,0.245501,-0.095789,0.059311,0.205071,0.117355,0.074254,0.258101,-0.021761,0.035666,0.184028,0.027100,0.146276,-0.040117,-0.010786,0.029233,-0.033564,0.160776,0.071424,-0.062106,-0.081507,-0.077518,0.052021,0.105047,0.079354,0.081160,0.128856,0.020242,0.083479,0.027484,0.153971,0.192752,0.056174,0.230918,0.015897,-0.052368,0.202681,0.007614,0.092053,0.062636,0.061658,-0.076692,0.182026,-0.048098,-0.086152,-0.028338,0.036935,0.203664,0.010365,-0.014213,-0.078228,0.118454,0.073869,-0.041720,0.111747,0.058834,0.047010,0.109212,0.090104,0.074015,0.061899,0.133317,-0.009224,0.149235,0.103951,0.069058,0.133054,0.091766,0.190027,0.083873,-0.039946,0.293439,-0.001328,0.013114,0.050979,0.051583,0.079963,0.103460,0.085880,0.071784,0.125130,0.161972,0.103686,0.048767,0.097371,0.077687,0.130951,-0.042054,-0.046798,0.017276,0.083464,0.077323,0.186716,0.269138,0.115115,0.195766,0.175711,0.100503,0.042782,0.054636,0.010688,#
