0,1.000000,0.815727,0.830420,0.793412,0.740418,0.819792,0.795268,0.823194,0.807115,0.777539,0.788356,0.842587,0.793212,0.779834,0.800659,0.784219,0.795897,0.843211,0.819397,0.800943,0.826234,0.779944,0.822819,0.815320,0.745073,0.790507,0.775806,0.806569,0.774436,0.815426,0.794053,0.800277,0.789552,0.756246,0.798517,0.808792,0.788043,0.816391,0.809284,0.832483,0.821430,0.781502,0.828978,0.809706,0.800333,0.756358,0.825926,0.829764,0.797152,0.832367,0.789492,0.802186,0.830954,0.833140,0.812921,0.832925,0.787954,0.830571,0.797933,0.810841,0.840794,0.775269,0.817830,0.810492,0.801460,0.813983,0.846609,0.805498,0.788292,0.761592,0.817570,0.798287,0.841843,0.825781,0.797471,0.789771,0.825799,0.799611,0.838233,0.794636,0.831851,0.809241,0.828029,0.836034,0.812490,0.837988,0.795788,0.808681,0.760295,0.810884,0.784321,0.809512,0.801759,0.833872,0.801221,0.809058,0.769043,0.781021,0.799176,0.817006,0.817692,0.808365,0.783442,0.797812,0.786085,0.795847,0.773873,0.834205,0.789725,0.784388,0.812188,0.804743,0.808289,0.747155,0.779698,0.856495,0.769507,0.783384,0.780589,0.773271,0.765019,0.865837,0.793253,0.850188,0.809340,0.789889,0.792231,0.773096,0.765382,0.791628,0.796670,0.826071,0.813435,0.769032,0.822145,0.791833,0.792901,0.826885,0.798648,0.833041,0.788291,0.794031,0.758747,0.842355,0.821267,0.732646,0.805429,0.740798,0.835462,0.822315,0.821657,0.794031,0.801611,0.813442,0.784398,0.773721,0.794271,0.812861,0.831263,0.829801,0.833643,0.824812,0.778153,0.801231,0.816204,0.806791,0.826880,0.785431,0.798187,0.795974,0.817843,0.782138,0.798048,0.838491,0.853354,0.769628,0.788258,0.830343,0.797091,0.810709,0.798011,0.823878,0.763686,0.787656,0.783480,0.773336,0.816675,0.803031,0.790604,0.796473,0.785766,0.834902,0.808239,0.810610,0.791217,0.785246,0.755201,0.845327,0.801451,0.790715,#
1,0.815727,1.000000,0.804316,0.819386,0.810023,0.848047,0.758044,0.808862,0.819513,0.807252,0.807518,0.802054,0.806661,0.810890,0.822899,0.811752,0.793810,0.796518,0.816687,0.837046,0.846420,0.858346,0.845436,0.830873,0.770076,0.748413,0.840810,0.823625,0.784502,0.779278,0.841155,0.840631,0.827137,0.829247,0.805719,0.825800,0.762727,0.846796,0.846957,0.807758,0.797624,0.785477,0.772377,0.800470,0.787395,0.793145,0.849169,0.799828,0.832491,0.827253,0.782248,0.847179,0.831275,0.795878,0.863161,0.810595,0.791689,0.834513,0.822867,0.797468,0.809830,0.810311,0.747300,0.774593,0.817441,0.812294,0.859181,0.821120,0.818140,0.822254,0.800609,0.801671,0.866372,0.787036,0.814320,0.821680,0.796361,0.799231,0.822114,0.803560,0.839663,0.811634,0.870648,0.848842,0.830601,0.804076,0.799315,0.821943,0.835758,0.825733,0.787439,0.792468,0.832103,0.833180,0.771641,0.779540,0.799235,0.808269,0.792811,0.830708,0.836134,0.832489,0.776854,0.818038,0.788669,0.805636,0.792502,0.832860,0.790143,0.782289,0.818743,0.793654,0.786962,0.783513,0.785446,0.811984,0.817875,0.823163,0.782054,0.754036,0.836336,0.827640,0.766924,0.824441,0.770728,0.780313,0.812050,0.799294,0.823714,0.836435,0.792375,0.845487,0.779201,0.783551,0.866051,0.794574,0.781857,0.787798,0.814048,0.764447,0.829091,0.807248,0.819997,0.828211,0.789932,0.791871,0.817010,0.744915,0.840798,0.816477,0.833212,0.847017,0.825123,0.781311,0.828386,0.783320,0.825263,0.821088,0.791040,0.804392,0.807360,0.836421,0.809978,0.838916,0.832843,0.780603,0.813258,0.800681,0.769704,0.784979,0.807589,0.793462,0.796628,0.825679,0.812266,0.778461,0.798921,0.867256,0.776481,0.816697,0.809009,0.814657,0.794371,0.775912,0.790261,0.836891,0.813178,0.744801,0.786012,0.784395,0.816293,0.793549,0.793702,0.813239,0.855100,0.748209,0.758564,0.829301,0.785056,0.796045,#
2,0.830420,0.804316,1.000000,0.765507,0.742779,0.812921,0.763692,0.795848,0.805980,0.760906,0.762616,0.758591,0.751311,0.778144,0.777043,0.777029,0.753805,0.804085,0.752832,0.802793,0.762247,0.771040,0.771113,0.830947,0.742866,0.747867,0.814159,0.808219,0.832317,0.784885,0.822278,0.778220,0.772159,0.757656,0.753346,0.791589,0.785205,0.784420,0.826337,0.777600,0.768254,0.791718,0.798695,0.758620,0.729085,0.738751,0.842246,0.748694,0.776404,0.840767,0.790725,0.802303,0.797565,0.831055,0.837883,0.808590,0.780573,0.788035,0.771469,0.779153,0.845090,0.776821,0.770559,0.793758,0.784851,0.817060,0.831940,0.802012,0.792227,0.782058,0.791904,0.765813,0.824231,0.787325,0.789518,0.794950,0.780946,0.779970,0.793743,0.796205,0.811506,0.807307,0.816315,0.823637,0.837343,0.817339,0.760594,0.822202,0.783538,0.780192,0.768093,0.805606,0.829082,0.799714,0.792375,0.779802,0.761500,0.740994,0.847650,0.806965,0.792277,0.770526,0.753004,0.758028,0.730081,0.814446,0.796424,0.790021,0.787877,0.753592,0.802402,0.750107,0.820706,0.737451,0.747802,0.772971,0.754015,0.802887,0.799177,0.713665,0.786064,0.788021,0.737241,0.823263,0.793769,0.749393,0.780972,0.769564,0.766396,0.813651,0.831195,0.814274,0.817489,0.799650,0.806126,0.794547,0.780079,0.800061,0.805804,0.760194,0.783385,0.805756,0.720545,0.762110,0.781960,0.804825,0.767319,0.750161,0.776286,0.788985,0.811328,0.782034,0.775938,0.797288,0.781827,0.782801,0.791173,0.738891,0.761476,0.756024,0.755971,0.748125,0.758273,0.786996,0.776234,0.771110,0.838096,0.751051,0.752168,0.760674,0.787855,0.759367,0.768098,0.774925,0.827114,0.767571,0.745394,0.820304,0.775001,0.777056,0.761446,0.829803,0.732506,0.821982,0.769635,0.774738,0.766053,0.744818,0.808920,0.763623,0.782622,0.803470,0.829435,0.774343,0.764920,0.797833,0.739636,0.804026,0.743271,0.795700,#
3,0.793412,0.819386,0.765507,1.000000,0.770500,0.814674,0.763170,0.775571,0.783181,0.764415,0.782914,0.776134,0.798240,0.745015,0.769926,0.805661,0.757358,0.766928,0.798884,0.774859,0.758755,0.802975,0.762163,0.771214,0.770562,0.780612,0.772979,0.788221,0.763781,0.757399,0.799093,0.827616,0.768290,0.806325,0.799726,0.780495,0.742963,0.804440,0.737507,0.792092,0.778275,0.757719,0.754231,0.783734,0.755604,0.812917,0.830186,0.771830,0.820345,0.794471,0.783159,0.759391,0.806900,0.747824,0.793198,0.819316,0.718563,0.781059,0.846495,0.792926,0.779130,0.767524,0.719658,0.781836,0.816013,0.793973,0.768186,0.784654,0.731769,0.754085,0.758378,0.808570,0.825617,0.784732,0.750131,0.769351,0.753554,0.770260,0.775681,0.802390,0.818835,0.736680,0.795014,0.819255,0.793957,0.813617,0.774550,0.764367,0.771357,0.778891,0.718333,0.774996,0.820909,0.817923,0.752147,0.785752,0.725669,0.723423,0.755369,0.781889,0.750594,0.766936,0.719450,0.745443,0.790163,0.774016,0.759305,0.799707,0.753776,0.754986,0.765518,0.743283,0.743097,0.747626,0.748420,0.789261,0.749473,0.748338,0.776674,0.695592,0.748998,0.791686,0.719255,0.776080,0.745974,0.756777,0.797792,0.774050,0.736355,0.780412,0.732417,0.803116,0.726123,0.788490,0.823840,0.790928,0.814387,0.758467,0.744128,0.732610,0.772383,0.777908,0.766900,0.766707,0.761352,0.802393,0.740346,0.750538,0.777065,0.753785,0.789149,0.776390,0.777536,0.770264,0.759936,0.730048,0.809242,0.764226,0.742028,0.777219,0.787551,0.784142,0.740416,0.800956,0.781522,0.771935,0.780312,0.732625,0.772654,0.737999,0.786132,0.777095,0.750021,0.794658,0.745852,0.767284,0.755580,0.784968,0.779203,0.773171,0.728936,0.811913,0.740948,0.763505,0.732968,0.785272,0.758611,0.707410,0.802161,0.803917,0.742444,0.764063,0.747067,0.743117,0.774231,0.776502,0.754758,0.787205,0.743388,0.789610,#
4,0.740418,0.810023,0.742779,0.770500,1.000000,0.824415,0.776573,0.741567,0.726277,0.743930,0.752041,0.769778,0.740161,0.759059,0.735745,0.788499,0.758688,0.806551,0.757833,0.825626,0.774395,0.759031,0.743293,0.799622,0.713468,0.728590,0.775505,0.746205,0.743258,0.749074,0.850075,0.770353,0.803290,0.719730,0.741355,0.769487,0.748262,0.779806,0.743865,0.795370,0.767817,0.741062,0.719101,0.786809,0.726843,0.767688,0.793985,0.755587,0.808504,0.800264,0.765251,0.751894,0.786548,0.718239,0.789437,0.804398,0.736809,0.764500,0.804301,0.780672,0.747134,0.761253,0.745051,0.754188,0.787486,0.790866,0.800830,0.772725,0.750661,0.752030,0.780830,0.814795,0.791684,0.767815,0.723625,0.756512,0.748798,0.788526,0.789363,0.774321,0.762593,0.750099,0.812320,0.766748,0.792011,0.753047,0.735101,0.728787,0.776470,0.797865,0.723706,0.742260,0.736055,0.793541,0.713899,0.749726,0.748620,0.701442,0.713354,0.767431,0.813107,0.785058,0.758488,0.742602,0.757691,0.748518,0.776608,0.783593,0.775143,0.757659,0.747681,0.724660,0.767595,0.809210,0.742978,0.767621,0.756369,0.806916,0.728203,0.657632,0.766647,0.782189,0.795667,0.784422,0.736674,0.803392,0.746381,0.770410,0.812098,0.777266,0.809395,0.789784,0.712047,0.750348,0.819260,0.779558,0.779800,0.792884,0.749718,0.706750,0.746545,0.792784,0.758428,0.777084,0.757639,0.740467,0.788888,0.688379,0.758980,0.789879,0.798971,0.826073,0.741133,0.727459,0.793274,0.770183,0.815792,0.736437,0.770368,0.736514,0.720282,0.775815,0.803570,0.773028,0.782997,0.744043,0.745053,0.730718,0.764254,0.751812,0.742775,0.759999,0.761720,0.752465,0.820714,0.760323,0.754927,0.787754,0.744723,0.757760,0.790158,0.794288,0.783249,0.740501,0.811885,0.773021,0.756637,0.791274,0.741550,0.713871,0.737983,0.716994,0.726303,0.775560,0.775025,0.729540,0.751541,0.775774,0.769848,0.725397,#
5,0.819792,0.848047,0.812921,0.814674,0.824415,1.000000,0.749343,0.819770,0.807917,0.768135,0.775010,0.797612,0.761153,0.765300,0.781243,0.806542,0.785902,0.809588,0.795717,0.829831,0.810309,0.783198,0.778754,0.796906,0.771670,0.802908,0.837639,0.839219,0.754758,0.792158,0.831592,0.823547,0.817841,0.804493,0.788542,0.825366,0.780547,0.800481,0.800808,0.809796,0.809983,0.773785,0.753089,0.798878,0.786054,0.797045,0.838584,0.824356,0.830817,0.814578,0.809228,0.769973,0.822072,0.834538,0.806194,0.875410,0.793339,0.822855,0.854275,0.839208,0.778691,0.790492,0.788418,0.827218,0.796461,0.788772,0.831188,0.790096,0.779152,0.816330,0.827717,0.809948,0.857878,0.810662,0.762953,0.776319,0.815057,0.808192,0.804417,0.803894,0.845421,0.808843,0.852524,0.828346,0.808316,0.826522,0.798088,0.806084,0.820213,0.812661,0.782440,0.781334,0.813127,0.840494,0.758459,0.744298,0.789580,0.764592,0.831610,0.778709,0.852030,0.818316,0.838432,0.797644,0.797754,0.795146,0.800015,0.826441,0.768758,0.809309,0.792909,0.822848,0.790670,0.730367,0.741563,0.784790,0.820628,0.813357,0.788901,0.731443,0.779210,0.823148,0.793089,0.845514,0.761807,0.804730,0.815925,0.776666,0.821275,0.801548,0.831766,0.850696,0.826044,0.830873,0.836083,0.775354,0.802015,0.816480,0.769636,0.771454,0.794523,0.775415,0.807290,0.819560,0.841272,0.754820,0.787103,0.769533,0.811651,0.849499,0.834289,0.828858,0.773215,0.799025,0.798997,0.756009,0.826619,0.807452,0.800094,0.809495,0.803710,0.829948,0.800858,0.793383,0.823080,0.771942,0.770528,0.811257,0.780879,0.776635,0.843008,0.794417,0.795947,0.795230,0.822675,0.782998,0.769159,0.836645,0.812934,0.824067,0.811527,0.823051,0.757879,0.769551,0.802174,0.804230,0.783367,0.772574,0.820752,0.824585,0.761002,0.827694,0.765082,0.802727,0.772034,0.777843,0.745000,0.811719,0.792684,0.787371,#
6,0.795268,0.758044,0.763692,0.763170,0.776573,0.749343,1.000000,0.739484,0.783117,0.777967,0.767183,0.770099,0.771264,0.790059,0.704199,0.790369,0.765754,0.810074,0.768390,0.759222,0.802214,0.756315,0.736782,0.777573,0.758435,0.758394,0.755807,0.766017,0.748187,0.773925,0.796489,0.808472,0.792854,0.771397,0.748981,0.787248,0.789890,0.751043,0.761787,0.792360,0.773108,0.790549,0.780084,0.787091,0.777464,0.701736,0.811897,0.757604,0.828169,0.821186,0.783223,0.788355,0.804525,0.697301,0.812535,0.792194,0.783220,0.810871,0.825986,0.743367,0.816033,0.766725,0.744252,0.749244,0.812540,0.777763,0.831572,0.788860,0.783777,0.734482,0.777931,0.810127,0.791353,0.780164,0.725829,0.763829,0.774067,0.786162,0.797609,0.741039,0.796743,0.796940,0.765378,0.840303,0.782449,0.762961,0.759929,0.788289,0.795005,0.798907,0.737240,0.776306,0.742451,0.804250,0.745983,0.759413,0.761847,0.755764,0.766053,0.751206,0.799109,0.795519,0.761311,0.773671,0.781521,0.720015,0.776419,0.776847,0.784476,0.736162,0.722311,0.732286,0.736028,0.749844,0.708079,0.764318,0.731106,0.784764,0.718031,0.733866,0.752448,0.794864,0.728854,0.821230,0.788572,0.775860,0.751491,0.769749,0.718811,0.755140,0.781964,0.783382,0.727574,0.711478,0.787098,0.771851,0.793087,0.775565,0.789420,0.781172,0.779822,0.785996,0.736542,0.788069,0.760112,0.776029,0.784502,0.722309,0.770947,0.756797,0.761520,0.810106,0.730391,0.730971,0.735463,0.737318,0.800020,0.699016,0.780059,0.799128,0.792890,0.785924,0.731946,0.771465,0.789647,0.776037,0.815431,0.693540,0.768410,0.769170,0.782091,0.762627,0.716502,0.726638,0.772478,0.785413,0.756337,0.798499,0.763935,0.778058,0.765775,0.786584,0.787817,0.792285,0.742478,0.762505,0.756127,0.772309,0.756769,0.762227,0.735954,0.771059,0.746799,0.756701,0.794315,0.789595,0.758342,0.805901,0.746706,0.772593,#
7,0.823194,0.808862,0.795848,0.775571,0.741567,0.819770,0.739484,1.000000,0.822439,0.759733,0.784832,0.773329,0.780771,0.784856,0.790723,0.752173,0.771628,0.802735,0.809038,0.804881,0.805195,0.749040,0.821807,0.778306,0.763877,0.805986,0.787184,0.803830,0.768439,0.826900,0.764417,0.790115,0.752365,0.772825,0.789347,0.801084,0.787265,0.775315,0.772637,0.776417,0.797332,0.791976,0.753407,0.770151,0.768083,0.765482,0.813443,0.799037,0.811450,0.784402,0.786026,0.788182,0.813579,0.824973,0.820208,0.798894,0.772449,0.797129,0.794529,0.805893,0.757808,0.777336,0.788708,0.797195,0.808526,0.805478,0.861410,0.789898,0.792534,0.745101,0.815297,0.728364,0.827583,0.801850,0.784811,0.755998,0.804171,0.769709,0.771272,0.761229,0.836120,0.785013,0.828720,0.799905,0.803267,0.795783,0.825905,0.776864,0.777401,0.798567,0.758013,0.809076,0.796436,0.783149,0.782637,0.773100,0.794604,0.808714,0.804113,0.787509,0.814369,0.757375,0.770538,0.774604,0.780616,0.760764,0.789001,0.822354,0.769844,0.757371,0.840817,0.780869,0.791768,0.773867,0.716870,0.803394,0.751098,0.775763,0.760092,0.745958,0.796320,0.789959,0.735954,0.820194,0.821802,0.790137,0.786468,0.777173,0.738563,0.750651,0.788815,0.809792,0.791307,0.727790,0.823062,0.819288,0.810906,0.820544,0.746636,0.770659,0.782248,0.784536,0.791633,0.785242,0.804785,0.766433,0.810061,0.714934,0.804056,0.782605,0.787823,0.796014,0.808385,0.745715,0.782208,0.799386,0.814852,0.783460,0.812936,0.773905,0.793803,0.759820,0.812585,0.755835,0.822543,0.757502,0.813181,0.790297,0.752697,0.726112,0.819792,0.789524,0.750251,0.784873,0.787542,0.754696,0.757114,0.796066,0.786162,0.800195,0.771443,0.789111,0.777486,0.793956,0.741962,0.793435,0.798900,0.736698,0.805863,0.806165,0.805936,0.798706,0.769537,0.776733,0.792651,0.779166,0.740299,0.836913,0.802776,0.781801,#
8,0.807115,0.819513,0.805980,0.783181,0.726277,0.807917,0.783117,0.822439,1.000000,0.800570,0.766224,0.788369,0.803819,0.785963,0.773138,0.819199,0.746012,0.829917,0.755321,0.826302,0.806751,0.791761,0.770107,0.780990,0.760282,0.783607,0.788965,0.788869,0.776032,0.778317,0.792948,0.809322,0.781632,0.768711,0.773475,0.817947,0.775338,0.804988,0.761426,0.781438,0.778517,0.758497,0.839848,0.761533,0.765012,0.742889,0.811009,0.779395,0.814658,0.802833,0.806089,0.790445,0.765709,0.833439,0.802227,0.809415,0.784687,0.794121,0.801486,0.753011,0.806615,0.793213,0.809362,0.794869,0.812384,0.823919,0.829246,0.837301,0.812392,0.757640,0.786469,0.796051,0.827458,0.804817,0.766204,0.766198,0.797098,0.797141,0.780958,0.768715,0.828204,0.779887,0.797389,0.821856,0.826534,0.803118,0.778613,0.823753,0.779142,0.765687,0.767707,0.799305,0.809282,0.784020,0.778425,0.773176,0.770093,0.788087,0.840835,0.805629,0.807091,0.762100,0.790704,0.809800,0.758659,0.781398,0.788860,0.806318,0.738843,0.789282,0.783790,0.777267,0.797088,0.754696,0.721883,0.803330,0.737002,0.769553,0.787366,0.784740,0.768336,0.777636,0.754643,0.812103,0.754929,0.804352,0.756678,0.759739,0.773331,0.795917,0.762241,0.799212,0.786967,0.771643,0.833240,0.784490,0.798941,0.793859,0.783834,0.792296,0.781153,0.806698,0.793664,0.760805,0.795990,0.741126,0.758450,0.726469,0.796968,0.804333,0.785637,0.815312,0.758259,0.819891,0.760575,0.767372,0.804554,0.791342,0.828301,0.812849,0.776946,0.763893,0.809136,0.806652,0.788905,0.757484,0.785328,0.786771,0.784275,0.750915,0.811682,0.789278,0.737119,0.783896,0.805271,0.777462,0.767020,0.816579,0.770321,0.755353,0.783340,0.831391,0.768455,0.797154,0.784070,0.770534,0.829880,0.749678,0.791031,0.811848,0.807041,0.812422,0.817269,0.782810,0.775841,0.760086,0.733172,0.784695,0.760360,0.827971,#
9,0.777539,0.807252,0.760906,0.764415,0.743930,0.768135,0.777967,0.759733,0.800570,1.000000,0.747137,0.759710,0.807148,0.783591,0.797564,0.814154,0.774197,0.804144,0.777840,0.766031,0.819444,0.761229,0.760612,0.800020,0.750696,0.736788,0.755275,0.826482,0.726025,0.805024,0.762168,0.800877,0.797832,0.780929,0.762549,0.794286,0.766534,0.789649,0.762717,0.799871,0.781913,0.794958,0.750711,0.768860,0.786152,0.721407,0.779896,0.764369,0.782744,0.795233,0.774407,0.753611,0.744121,0.765762,0.795245,0.796560,0.773043,0.845305,0.776838,0.764022,0.807763,0.779445,0.765633,0.742414,0.761251,0.839364,0.823108,0.824502,0.805831,0.734991,0.766786,0.758364,0.791109,0.767730,0.763008,0.794342,0.796531,0.815974,0.787322,0.820201,0.796852,0.788739,0.780876,0.864580,0.793979,0.772107,0.766528,0.818346,0.784455,0.745269,0.751557,0.765794,0.811570,0.780203,0.781489,0.767986,0.745273,0.750468,0.768314,0.785202,0.819589,0.788076,0.791112,0.801677,0.771645,0.790003,0.770626,0.815461,0.811204,0.788566,0.811805,0.764361,0.781872,0.745981,0.738866,0.808483,0.680292,0.765325,0.720417,0.753327,0.761779,0.796491,0.761371,0.819633,0.779884,0.796226,0.797875,0.725740,0.785973,0.775323,0.759924,0.810488,0.758031,0.755290,0.802769,0.746326,0.778422,0.783432,0.758685,0.762016,0.794627,0.836599,0.787174,0.806489,0.805209,0.817984,0.786576,0.761316,0.793971,0.783918,0.753197,0.781750,0.763718,0.781173,0.776381,0.770755,0.769694,0.783044,0.767842,0.799722,0.794792,0.822550,0.782355,0.796370,0.793626,0.803235,0.754761,0.745614,0.800733,0.752641,0.815041,0.792790,0.750054,0.754352,0.790925,0.822833,0.771581,0.820641,0.732865,0.799877,0.813179,0.802343,0.793430,0.756065,0.778591,0.807940,0.756618,0.749590,0.802579,0.725188,0.780915,0.789372,0.732869,0.738604,0.760415,0.750823,0.779534,0.772563,0.747036,0.746420,#
10,0.788356,0.807518,0.762616,0.782914,0.752041,0.775010,0.767183,0.784832,0.766224,0.747137,1.000000,0.786093,0.766283,0.758084,0.732009,0.785532,0.773724,0.763534,0.787472,0.777144,0.781626,0.751472,0.798624,0.823575,0.716056,0.744408,0.772916,0.822131,0.768664,0.806456,0.793273,0.771343,0.790717,0.784865,0.783241,0.803020,0.782347,0.803988,0.789521,0.769594,0.787902,0.746674,0.764143,0.740633,0.767128,0.796621,0.845919,0.779689,0.807925,0.830423,0.754942,0.805470,0.777777,0.729495,0.812930,0.809492,0.790227,0.828956,0.766385,0.776353,0.806730,0.794380,0.802240,0.787394,0.817232,0.745570,0.817245,0.758965,0.802893,0.756602,0.833651,0.798777,0.845858,0.727489,0.750659,0.823425,0.789947,0.813084,0.798930,0.754128,0.839451,0.773991,0.789570,0.788214,0.797288,0.752844,0.792489,0.758375,0.792184,0.818004,0.730449,0.801478,0.821395,0.763656,0.732183,0.778417,0.726485,0.804587,0.770479,0.807843,0.776286,0.776186,0.765199,0.796582,0.819980,0.774217,0.764982,0.764421,0.756744,0.772672,0.760955,0.759021,0.810860,0.752859,0.719847,0.797882,0.731255,0.775423,0.768474,0.744726,0.764365,0.798012,0.711750,0.802468,0.712687,0.769536,0.774833,0.766381,0.797206,0.790361,0.753235,0.782198,0.742503,0.759787,0.829040,0.838912,0.771254,0.749313,0.794205,0.785205,0.822259,0.779969,0.741733,0.782539,0.731574,0.758768,0.803447,0.741537,0.797043,0.773241,0.758904,0.774481,0.761219,0.763410,0.791974,0.744446,0.823286,0.806685,0.758338,0.766078,0.819253,0.748963,0.759303,0.788247,0.803816,0.744167,0.788417,0.736808,0.781602,0.790069,0.779061,0.776734,0.703063,0.749223,0.797667,0.764135,0.729441,0.796767,0.728304,0.796188,0.764192,0.764189,0.785854,0.753460,0.714097,0.796224,0.757565,0.764355,0.721806,0.790562,0.778266,0.745661,0.758948,0.786463,0.794253,0.787934,0.765673,0.798487,0.766464,0.779554,#
11,0.842587,0.802054,0.758591,0.776134,0.769778,0.797612,0.770099,0.773329,0.788369,0.759710,0.786093,1.000000,0.818516,0.775312,0.785429,0.795570,0.778910,0.832971,0.829250,0.798275,0.777009,0.742009,0.821143,0.809429,0.751483,0.769760,0.779934,0.769201,0.786074,0.758926,0.779270,0.808045,0.809566,0.771094,0.757688,0.808193,0.803241,0.821205,0.759397,0.797715,0.796204,0.739490,0.765051,0.772622,0.760761,0.748774,0.851154,0.824383,0.784319,0.837933,0.764896,0.768349,0.823462,0.758178,0.818257,0.814735,0.745722,0.818765,0.782635,0.780231,0.767764,0.759197,0.821985,0.785121,0.801651,0.799211,0.813469,0.791242,0.812178,0.790290,0.814595,0.771771,0.814681,0.808728,0.804647,0.752716,0.826201,0.807254,0.782002,0.736960,0.798486,0.778200,0.812734,0.798572,0.824879,0.790816,0.730978,0.765456,0.732065,0.747426,0.796259,0.797518,0.788834,0.780411,0.732720,0.791893,0.751907,0.787045,0.761326,0.783045,0.777790,0.796123,0.802293,0.784110,0.809003,0.765609,0.781393,0.816299,0.804637,0.756851,0.804180,0.806077,0.802753,0.726613,0.706015,0.785950,0.762899,0.757725,0.773800,0.778910,0.736367,0.797741,0.761046,0.821657,0.754008,0.806576,0.824591,0.778148,0.788961,0.802559,0.789576,0.774121,0.794276,0.780270,0.831530,0.772800,0.806793,0.784801,0.794179,0.766951,0.784210,0.782994,0.765203,0.809173,0.789552,0.745838,0.823870,0.757320,0.793367,0.810161,0.786091,0.761875,0.790934,0.815694,0.796970,0.749416,0.827561,0.769983,0.767312,0.782941,0.808320,0.802838,0.840227,0.781005,0.839560,0.754517,0.820197,0.736621,0.802180,0.811560,0.813601,0.761851,0.798541,0.830426,0.794339,0.775902,0.785393,0.796111,0.756458,0.811147,0.794469,0.772305,0.807880,0.762968,0.786314,0.754420,0.776742,0.813698,0.765124,0.756449,0.783000,0.794597,0.752907,0.777085,0.764227,0.787200,0.755348,0.805305,0.765078,0.731640,#
12,0.793212,0.806661,0.751311,0.798240,0.740161,0.761153,0.771264,0.780771,0.803819,0.807148,0.766283,0.818516,1.000000,0.783067,0.792814,0.773014,0.767847,0.808517,0.824891,0.801965,0.808564,0.722036,0.801632,0.808473,0.768218,0.778949,0.747542,0.786917,0.772362,0.761716,0.768967,0.805075,0.772949,0.806690,0.775734,0.806737,0.786435,0.800209,0.797144,0.782901,0.724887,0.739692,0.746758,0.775836,0.776592,0.754038,0.826924,0.753296,0.781952,0.808013,0.816315,0.758928,0.779839,0.770804,0.836908,0.807447,0.752418,0.798174,0.779001,0.787589,0.774259,0.762247,0.785457,0.765601,0.799324,0.822255,0.813300,0.760380,0.811903,0.781757,0.782058,0.766745,0.806220,0.787344,0.792686,0.759573,0.790030,0.789663,0.799049,0.803447,0.794227,0.781011,0.808875,0.841520,0.760203,0.802827,0.735377,0.800334,0.766100,0.755436,0.782439,0.785510,0.806920,0.756914,0.730806,0.798161,0.806909,0.779287,0.766725,0.753498,0.763439,0.795500,0.787157,0.799356,0.748232,0.756851,0.763797,0.772480,0.807092,0.781601,0.778477,0.770023,0.772072,0.729939,0.819097,0.801046,0.724357,0.751839,0.769941,0.758608,0.747826,0.802026,0.740410,0.810640,0.784813,0.820307,0.802415,0.742665,0.773660,0.775971,0.741638,0.761401,0.734787,0.746423,0.791162,0.786929,0.756810,0.787097,0.740361,0.728041,0.818698,0.807403,0.764407,0.807819,0.750818,0.734470,0.794266,0.714079,0.801072,0.822158,0.774677,0.768764,0.794857,0.748156,0.775596,0.802136,0.832055,0.817698,0.812127,0.776488,0.777269,0.789695,0.796277,0.789142,0.836488,0.717125,0.770448,0.791488,0.731645,0.761849,0.803491,0.770650,0.766749,0.779864,0.752778,0.742517,0.824764,0.839745,0.751246,0.760752,0.778618,0.797387,0.796058,0.746480,0.708859,0.760960,0.742172,0.784299,0.802296,0.774849,0.746016,0.783678,0.734288,0.773589,0.776049,0.792034,0.745004,0.819026,0.802220,0.735913,#
13,0.779834,0.810890,0.778144,0.745015,0.759059,0.765300,0.790059,0.784856,0.785963,0.783591,0.758084,0.775312,0.783067,1.000000,0.733644,0.762847,0.727848,0.846143,0.805103,0.787473,0.781362,0.746646,0.812136,0.767932,0.774036,0.760146,0.732231,0.788710,0.778945,0.812472,0.746887,0.778231,0.800829,0.807762,0.692447,0.761244,0.776393,0.806080,0.803055,0.805250,0.827289,0.757918,0.770281,0.745165,0.801375,0.765428,0.821230,0.780273,0.818876,0.827881,0.792338,0.820527,0.762860,0.748874,0.830518,0.825244,0.789589,0.812850,0.799807,0.782290,0.800206,0.773889,0.753667,0.779995,0.827801,0.813736,0.835513,0.781215,0.811607,0.740800,0.752340,0.787512,0.773497,0.807596,0.797218,0.758230,0.792856,0.792527,0.830429,0.768346,0.799148,0.776505,0.815265,0.825963,0.791319,0.804260,0.731167,0.764228,0.823183,0.782224,0.730716,0.789458,0.789190,0.784853,0.762587,0.746725,0.773371,0.751881,0.759210,0.805618,0.810572,0.768193,0.793616,0.814353,0.780643,0.824432,0.764028,0.807288,0.765395,0.754035,0.784086,0.776309,0.782062,0.775097,0.749616,0.795608,0.714611,0.794579,0.803762,0.731366,0.785480,0.806116,0.722973,0.762137,0.766674,0.775644,0.798228,0.743976,0.784044,0.760056,0.793991,0.767365,0.757702,0.742045,0.813943,0.787710,0.765076,0.797198,0.834701,0.738418,0.787581,0.817643,0.814251,0.761712,0.737850,0.765075,0.785709,0.741730,0.803266,0.762965,0.810719,0.811890,0.757327,0.770447,0.772683,0.755843,0.836273,0.774149,0.792179,0.762664,0.791049,0.780237,0.773021,0.804112,0.811030,0.758492,0.811929,0.763459,0.798362,0.748760,0.789643,0.786074,0.790232,0.786662,0.816038,0.804174,0.799202,0.836693,0.765976,0.791572,0.774497,0.773533,0.822599,0.767498,0.777252,0.787793,0.748243,0.779356,0.744401,0.758590,0.788381,0.789643,0.772425,0.798219,0.811874,0.728496,0.760214,0.824140,0.771533,0.733936,#
14,0.800659,0.822899,0.777043,0.769926,0.735745,0.781243,0.704199,0.790723,0.773138,0.797564,0.732009,0.785429,0.792814,0.733644,1.000000,0.764497,0.753890,0.750546,0.732721,0.785710,0.770438,0.753180,0.772887,0.814657,0.733405,0.698252,0.776085,0.767937,0.729172,0.772045,0.789972,0.747853,0.757152,0.716374,0.761517,0.767785,0.722681,0.788127,0.789087,0.727492,0.773704,0.735939,0.770364,0.753465,0.733351,0.736954,0.786891,0.745443,0.731801,0.748575,0.726047,0.752505,0.745153,0.809192,0.772757,0.770855,0.722736,0.754297,0.771214,0.726219,0.777283,0.798888,0.749994,0.759823,0.766116,0.775093,0.794181,0.770406,0.784010,0.752653,0.730914,0.726597,0.798118,0.756220,0.765846,0.748872,0.762643,0.768256,0.759116,0.739639,0.782863,0.764944,0.804693,0.818257,0.783484,0.797588,0.734174,0.769256,0.778788,0.700425,0.720906,0.736105,0.784335,0.811544,0.777456,0.774867,0.772195,0.759603,0.751705,0.730870,0.793404,0.760909,0.764553,0.724361,0.755426,0.770876,0.747828,0.761288,0.794777,0.754656,0.786663,0.785298,0.779601,0.725851,0.687780,0.776060,0.708969,0.717977,0.728481,0.710015,0.770115,0.790242,0.730827,0.785972,0.781237,0.709849,0.783299,0.776313,0.718227,0.763600,0.751113,0.803878,0.738543,0.738842,0.788116,0.766423,0.796382,0.769142,0.749983,0.751523,0.754737,0.787176,0.700235,0.793493,0.749601,0.779526,0.807997,0.705032,0.771640,0.732137,0.771045,0.765130,0.721198,0.756529,0.802459,0.740650,0.770260,0.759331,0.736173,0.746174,0.768988,0.760493,0.762129,0.764869,0.770911,0.724630,0.731929,0.733226,0.706550,0.771480,0.764028,0.756072,0.759078,0.790294,0.807663,0.777212,0.749454,0.771962,0.725039,0.744708,0.750252,0.791894,0.770634,0.741914,0.758213,0.766149,0.784270,0.717249,0.767379,0.722160,0.733343,0.747454,0.778489,0.768061,0.721228,0.723597,0.733337,0.763174,0.708240,0.718644,#
15,0.784219,0.811752,0.777029,0.805661,0.788499,0.806542,0.790369,0.752173,0.819199,0.814154,0.785532,0.795570,0.773014,0.762847,0.764497,1.000000,0.748085,0.801399,0.786586,0.788666,0.759780,0.789926,0.777206,0.786247,0.751506,0.743611,0.760446,0.777544,0.778408,0.782920,0.826126,0.814942,0.812764,0.807432,0.724997,0.812484,0.794131,0.821334,0.781338,0.757910,0.754364,0.738631,0.794912,0.784780,0.795762,0.756887,0.840298,0.791504,0.818947,0.824521,0.795344,0.779406,0.764476,0.777211,0.783404,0.796961,0.797094,0.794671,0.769819,0.746923,0.809373,0.811966,0.770936,0.808484,0.805742,0.796166,0.805821,0.804921,0.777800,0.744685,0.801313,0.779458,0.774008,0.768525,0.779097,0.771030,0.817309,0.802371,0.820202,0.783311,0.803491,0.770227,0.799645,0.819576,0.831771,0.805432,0.746337,0.813358,0.790137,0.747393,0.749522,0.777703,0.799498,0.815425,0.728625,0.766061,0.743475,0.764426,0.764351,0.775909,0.808290,0.780572,0.804862,0.801829,0.769227,0.772823,0.752537,0.823609,0.759311,0.806715,0.742640,0.727640,0.798364,0.759794,0.705349,0.769393,0.739867,0.777497,0.765287,0.782484,0.746190,0.795225,0.744881,0.821498,0.755901,0.780348,0.784504,0.746157,0.811014,0.811458,0.783820,0.767032,0.741916,0.724087,0.815413,0.778407,0.797607,0.765840,0.774642,0.769060,0.776908,0.775714,0.749644,0.783665,0.781395,0.800444,0.754393,0.747412,0.801475,0.798219,0.814785,0.787375,0.794947,0.802365,0.779820,0.744392,0.826705,0.766414,0.791820,0.784497,0.769529,0.806634,0.801053,0.764403,0.788804,0.755578,0.791221,0.763900,0.807273,0.749111,0.750651,0.798189,0.720907,0.791024,0.795064,0.829152,0.788757,0.796761,0.748042,0.787349,0.779783,0.812044,0.760006,0.776493,0.787292,0.756545,0.745421,0.724570,0.738168,0.765344,0.772389,0.790675,0.754137,0.759099,0.776084,0.760316,0.773025,0.784117,0.783267,0.803533,#
16,0.795897,0.793810,0.753805,0.757358,0.758688,0.785902,0.765754,0.771628,0.746012,0.774197,0.773724,0.778910,0.767847,0.727848,0.753890,0.748085,1.000000,0.786870,0.810578,0.778556,0.855904,0.760890,0.729544,0.779540,0.753922,0.780759,0.772720,0.721452,0.722443,0.757437,0.786564,0.798194,0.797084,0.756062,0.740779,0.789174,0.813459,0.780891,0.766447,0.781914,0.762599,0.756873,0.726716,0.752224,0.759254,0.773311,0.790944,0.759831,0.778279,0.806375,0.725443,0.759989,0.787899,0.786399,0.811098,0.817074,0.680282,0.786824,0.777552,0.727290,0.802666,0.771352,0.748741,0.739572,0.759009,0.751104,0.827725,0.767315,0.797534,0.784261,0.787063,0.755815,0.798657,0.745056,0.755168,0.728326,0.769197,0.778099,0.755337,0.793712,0.830361,0.797352,0.809779,0.800825,0.777920,0.763674,0.772526,0.726541,0.765532,0.782448,0.718667,0.750371,0.792645,0.780468,0.752626,0.795879,0.767788,0.760983,0.788941,0.756349,0.803398,0.763784,0.745044,0.781999,0.743841,0.794451,0.796330,0.777550,0.799310,0.772615,0.785166,0.783749,0.782501,0.740442,0.751259,0.831891,0.787029,0.788861,0.719048,0.642107,0.732386,0.777696,0.736183,0.800618,0.768621,0.769131,0.754717,0.719593,0.777025,0.740619,0.801368,0.772307,0.755604,0.707157,0.802037,0.810682,0.753244,0.765473,0.741812,0.744597,0.769169,0.772776,0.797268,0.792654,0.733101,0.743484,0.799176,0.752372,0.771683,0.751442,0.750122,0.786660,0.721543,0.748301,0.833807,0.751157,0.793412,0.754904,0.754345,0.756045,0.747663,0.759879,0.809369,0.763507,0.813078,0.783986,0.780138,0.751019,0.761936,0.745539,0.764202,0.771063,0.768302,0.758624,0.769786,0.776151,0.718763,0.822031,0.746736,0.780618,0.757946,0.746329,0.785450,0.740376,0.724572,0.773215,0.792545,0.756675,0.770195,0.764071,0.783543,0.761018,0.786289,0.769997,0.780718,0.761256,0.747987,0.816170,0.765409,0.764634,#
17,0.843211,0.796518,0.804085,0.766928,0.806551,0.809588,0.810074,0.802735,0.829917,0.804144,0.763534,0.832971,0.808517,0.846143,0.750546,0.801399,0.786870,1.000000,0.821781,0.852393,0.805636,0.781421,0.819305,0.807853,0.817729,0.816645,0.805054,0.800077,0.780568,0.828871,0.792987,0.824458,0.786226,0.773988,0.758576,0.834563,0.801298,0.825029,0.791979,0.839915,0.808161,0.787833,0.809218,0.778540,0.785121,0.766871,0.828629,0.844666,0.829265,0.842121,0.806658,0.759600,0.815200,0.788060,0.835837,0.827789,0.787974,0.808904,0.801996,0.766623,0.801311,0.794198,0.788032,0.802018,0.824834,0.844654,0.878910,0.819499,0.788610,0.781797,0.805165,0.787717,0.798255,0.812372,0.798393,0.736530,0.829958,0.829958,0.833528,0.829051,0.817762,0.806422,0.856627,0.835545,0.819690,0.808497,0.775733,0.828091,0.796264,0.796659,0.787630,0.771900,0.820415,0.811378,0.764570,0.814154,0.794837,0.765465,0.784046,0.823120,0.825298,0.775112,0.799353,0.802763,0.755289,0.794667,0.777171,0.809242,0.761766,0.808565,0.818159,0.783708,0.812192,0.782277,0.782944,0.788649,0.734479,0.782913,0.782471,0.761047,0.798117,0.828853,0.801843,0.820923,0.784622,0.793868,0.801188,0.771720,0.807379,0.786368,0.816676,0.835348,0.812100,0.767793,0.833959,0.825080,0.807959,0.823288,0.806229,0.831200,0.810392,0.820440,0.844634,0.809071,0.814511,0.787296,0.820919,0.752353,0.849260,0.783594,0.817723,0.804178,0.785024,0.815105,0.800238,0.822750,0.868537,0.792525,0.817297,0.809518,0.815666,0.814016,0.846970,0.766909,0.839644,0.786988,0.784357,0.759335,0.809236,0.754958,0.828883,0.794565,0.807096,0.801610,0.866989,0.775329,0.793375,0.848260,0.778345,0.840479,0.794249,0.844773,0.802447,0.820405,0.822967,0.786776,0.802696,0.825684,0.763181,0.775562,0.828844,0.829467,0.785740,0.820954,0.813240,0.829522,0.750461,0.840935,0.787333,0.747978,#
18,0.819397,0.816687,0.752832,0.798884,0.757833,0.795717,0.768390,0.809038,0.755321,0.777840,0.787472,0.829250,0.824891,0.805103,0.732721,0.786586,0.810578,0.821781,1.000000,0.801816,0.795475,0.786995,0.811013,0.751900,0.758509,0.821609,0.789074,0.792156,0.765471,0.828407,0.741358,0.827153,0.804296,0.809969,0.787787,0.844185,0.798620,0.803975,0.797816,0.805335,0.798388,0.764876,0.767742,0.764275,0.801118,0.763098,0.822058,0.806630,0.818294,0.799777,0.768171,0.778355,0.810389,0.736740,0.819509,0.810462,0.755150,0.811792,0.791964,0.824706,0.798317,0.764791,0.775056,0.765783,0.824500,0.768969,0.823442,0.775155,0.749218,0.770616,0.800268,0.743502,0.811867,0.769591,0.821815,0.743726,0.816628,0.777488,0.799320,0.772734,0.806967,0.781257,0.819549,0.830396,0.823690,0.817273,0.768210,0.779470,0.814770,0.763719,0.769320,0.757464,0.823180,0.816825,0.773718,0.771227,0.781805,0.806526,0.790562,0.809146,0.801316,0.749690,0.788625,0.810469,0.787814,0.794810,0.774654,0.802292,0.806147,0.805162,0.827717,0.765817,0.801136,0.768062,0.727435,0.791161,0.771913,0.774972,0.787835,0.747881,0.793279,0.834327,0.738270,0.816393,0.791784,0.767861,0.845383,0.736024,0.821412,0.753927,0.798295,0.790028,0.781902,0.737569,0.807896,0.797664,0.827197,0.798989,0.751507,0.786665,0.792172,0.826680,0.786690,0.831125,0.784199,0.775781,0.797496,0.729709,0.834086,0.771623,0.801057,0.804915,0.815451,0.766239,0.803876,0.805159,0.826149,0.827357,0.773619,0.777652,0.814406,0.798345,0.851204,0.775175,0.823433,0.754194,0.865839,0.770133,0.763297,0.752183,0.791499,0.812548,0.792186,0.799469,0.764358,0.785013,0.793568,0.845246,0.780059,0.830295,0.790855,0.803060,0.798418,0.783212,0.760538,0.817938,0.774544,0.788059,0.770649,0.796162,0.793162,0.800309,0.732189,0.820307,0.812251,0.788235,0.735027,0.855531,0.775585,0.772836,#
19,0.800943,0.837046,0.802793,0.774859,0.825626,0.829831,0.759222,0.804881,0.826302,0.766031,0.777144,0.798275,0.801965,0.787473,0.785710,0.788666,0.778556,0.852393,0.801816,1.000000,0.824524,0.774991,0.782399,0.796845,0.775224,0.765695,0.792625,0.754633,0.781793,0.802538,0.822023,0.839221,0.802585,0.758794,0.750587,0.853138,0.756244,0.789834,0.782906,0.786207,0.802445,0.768732,0.784025,0.795595,0.764415,0.783811,0.863732,0.799206,0.812236,0.777904,0.777509,0.776388,0.802189,0.774926,0.815188,0.782935,0.804100,0.799829,0.784318,0.746910,0.797019,0.752563,0.821692,0.789366,0.807387,0.817918,0.847447,0.781973,0.797263,0.776702,0.795282,0.779503,0.820036,0.780402,0.770409,0.734103,0.764626,0.779044,0.785189,0.774356,0.827922,0.771293,0.844594,0.791704,0.793039,0.772166,0.787038,0.796164,0.833257,0.772906,0.765428,0.773344,0.796566,0.831779,0.752603,0.766149,0.801380,0.774627,0.779061,0.800022,0.816070,0.769893,0.780602,0.788034,0.770659,0.751472,0.810227,0.790224,0.773086,0.775969,0.792721,0.762318,0.788196,0.776056,0.772928,0.792970,0.779323,0.796705,0.759798,0.702850,0.815000,0.813232,0.745074,0.856054,0.799932,0.789634,0.793121,0.775115,0.849815,0.848236,0.807203,0.835808,0.799416,0.769189,0.816314,0.817685,0.782576,0.801535,0.785095,0.776522,0.808084,0.803185,0.788383,0.799090,0.764021,0.756717,0.778320,0.704976,0.821306,0.791177,0.779872,0.813563,0.775906,0.792334,0.827698,0.770133,0.840137,0.798879,0.785395,0.781336,0.775706,0.808585,0.813820,0.766253,0.815754,0.761451,0.758043,0.808753,0.764537,0.764057,0.796684,0.808488,0.773622,0.774378,0.840016,0.763423,0.796119,0.835140,0.765900,0.768196,0.761850,0.822467,0.811772,0.804176,0.784176,0.776333,0.776951,0.797230,0.786294,0.793625,0.785746,0.791963,0.757834,0.819345,0.820717,0.785069,0.745376,0.791796,0.759939,0.760788,#
20,0.826234,0.846420,0.762247,0.758755,0.774395,0.810309,0.802214,0.805195,0.806751,0.819444,0.781626,0.777009,0.808564,0.781362,0.770438,0.759780,0.855904,0.805636,0.795475,0.824524,1.000000,0.779031,0.759215,0.818507,0.770327,0.792311,0.797022,0.788986,0.751188,0.798212,0.805121,0.813799,0.794477,0.815551,0.787890,0.805016,0.807911,0.788404,0.802771,0.815541,0.808609,0.829617,0.749158,0.820685,0.793138,0.766308,0.839919,0.785718,0.808669,0.803105,0.788384,0.809438,0.786690,0.796635,0.816504,0.816112,0.744426,0.818380,0.799142,0.773859,0.818838,0.783969,0.819506,0.762243,0.817953,0.822502,0.860585,0.793207,0.823827,0.769615,0.799616,0.797150,0.797706,0.792562,0.769881,0.727878,0.778516,0.810049,0.817037,0.831889,0.823462,0.821720,0.822355,0.853900,0.769908,0.785903,0.807136,0.783761,0.819922,0.839296,0.780997,0.792908,0.808902,0.834086,0.791118,0.778332,0.751160,0.750638,0.789455,0.802004,0.848911,0.796324,0.781596,0.831777,0.797715,0.763646,0.812314,0.822733,0.801432,0.816299,0.797013,0.809211,0.781546,0.723768,0.795091,0.818325,0.787266,0.821070,0.736610,0.707710,0.816835,0.821654,0.756716,0.843652,0.776299,0.809702,0.764426,0.753169,0.787906,0.789197,0.804520,0.802246,0.804203,0.787245,0.833710,0.785782,0.768794,0.832032,0.801418,0.803489,0.798861,0.769918,0.785308,0.830152,0.817353,0.761141,0.813830,0.754864,0.788290,0.830882,0.806548,0.817450,0.783665,0.771776,0.822959,0.786098,0.810269,0.813391,0.798420,0.798199,0.792389,0.806485,0.788573,0.796357,0.859555,0.739661,0.761997,0.772975,0.774002,0.758529,0.793925,0.799645,0.824542,0.782256,0.803000,0.775249,0.775930,0.844324,0.773378,0.811500,0.781694,0.787789,0.797630,0.759071,0.754785,0.817386,0.795773,0.800973,0.792055,0.762167,0.758994,0.774081,0.790860,0.820144,0.807338,0.763637,0.774663,0.816679,0.789429,0.783866,#
21,0.779944,0.858346,0.771040,0.802975,0.759031,0.783198,0.756315,0.749040,0.791761,0.761229,0.751472,0.742009,0.722036,0.746646,0.753180,0.789926,0.760890,0.781421,0.786995,0.774991,0.779031,1.000000,0.790037,0.801169,0.696003,0.729743,0.807736,0.731057,0.754838,0.745475,0.775152,0.758428,0.787393,0.780344,0.775371,0.815440,0.762123,0.774199,0.783494,0.744211,0.762488,0.802136,0.753849,0.747307,0.780226,0.762174,0.778521,0.779043,0.797539,0.782098,0.745723,0.780633,0.781625,0.733069,0.802241,0.778338,0.753008,0.755197,0.824540,0.733663,0.788243,0.782788,0.713548,0.746793,0.811769,0.772474,0.802708,0.784573,0.749426,0.767291,0.750908,0.795874,0.797589,0.781407,0.812250,0.768660,0.768820,0.768257,0.791218,0.794615,0.769415,0.733140,0.811004,0.803132,0.820267,0.766540,0.734062,0.793076,0.803225,0.773642,0.686626,0.730941,0.802512,0.781435,0.762077,0.775869,0.766197,0.711894,0.758448,0.804317,0.780018,0.764877,0.722389,0.787109,0.709743,0.791632,0.741851,0.783131,0.750818,0.795793,0.798645,0.729325,0.766936,0.773322,0.679697,0.736118,0.765557,0.806124,0.739115,0.730187,0.767207,0.774527,0.733154,0.773845,0.762475,0.723817,0.784989,0.761065,0.766077,0.791348,0.773780,0.807263,0.749393,0.741496,0.838236,0.742985,0.738785,0.718762,0.750417,0.773748,0.790854,0.781254,0.719893,0.771083,0.754669,0.751477,0.760191,0.697354,0.760984,0.775702,0.775215,0.814331,0.760583,0.747100,0.745785,0.770786,0.816533,0.758380,0.732597,0.774719,0.778063,0.792640,0.780886,0.791287,0.811580,0.759967,0.778121,0.752845,0.718650,0.755879,0.778145,0.770545,0.749765,0.744555,0.765805,0.750008,0.698212,0.787738,0.756820,0.757702,0.745523,0.817848,0.762256,0.759064,0.756779,0.787504,0.770476,0.702330,0.719638,0.773889,0.772716,0.756049,0.743783,0.773229,0.775515,0.747536,0.767966,0.787501,0.690853,0.780097,#
