0,1.000000,0.675157,0.661664,0.643737,0.623463,0.673340,0.694866,0.678839,0.671931,0.630596,0.700431,0.676798,0.627803,0.665974,0.610755,0.699701,0.734570,0.700301,0.690232,0.653328,0.680782,0.598586,0.670956,0.729128,0.595627,0.643977,0.626955,0.622847,0.621911,0.686467,0.621653,0.715425,0.639408,0.665165,0.691829,0.614661,0.616724,0.653330,0.694091,0.669620,0.685754,0.622595,0.718017,0.579052,0.705974,0.642555,0.634749,0.687649,0.701369,0.667081,0.673897,0.723422,0.676752,0.684192,0.705186,0.705926,0.682802,0.723514,0.678490,0.665754,0.712643,0.653804,0.706326,0.677040,0.715432,0.600081,0.710421,0.638133,0.646260,0.599401,0.640301,0.654792,0.721961,0.716476,0.635495,0.653468,0.711067,0.636997,0.702838,0.653995,0.670224,0.655812,0.699811,0.687114,0.678192,0.697396,0.733565,0.713630,0.650639,0.667157,0.623835,0.604689,0.671568,0.629414,0.659308,0.657438,0.668333,0.644121,0.669382,0.728444,0.677373,0.637181,0.680703,0.709767,0.599127,0.709002,0.612296,0.696826,0.692843,0.584444,0.658930,0.680607,0.663849,0.683108,0.673642,0.723253,0.662352,0.688700,0.647217,0.670068,0.594268,0.739054,0.714512,0.714448,0.743070,0.678095,0.654840,0.629070,0.590298,0.653904,0.654317,0.630265,0.643197,0.622961,0.677824,0.695874,0.668369,0.685869,0.617804,0.719075,0.666690,0.600080,0.588821,0.666186,0.642366,0.506337,0.676634,0.589051,0.692907,0.616158,0.646668,0.743250,0.717548,0.574362,0.681417,0.616936,0.734033,0.738739,0.731121,0.615415,0.697651,0.693325,0.717949,0.647361,0.683083,0.659899,0.675787,0.651032,0.667787,0.656412,0.655257,0.684079,0.662555,0.722050,0.674707,0.703062,0.721145,0.722484,0.646842,0.595948,0.636088,0.670468,0.672712,0.629381,0.675013,0.630324,0.582452,0.641944,0.656988,0.635569,0.584548,0.680890,0.614277,0.685054,0.686074,0.686676,0.631722,0.703725,0.650866,0.670334,#
1,0.675157,1.000000,0.638815,0.668465,0.624965,0.675482,0.593103,0.688723,0.761308,0.666326,0.670312,0.641387,0.632214,0.594141,0.606826,0.677639,0.662837,0.648112,0.693223,0.646743,0.634363,0.720280,0.666962,0.642694,0.652384,0.590382,0.629894,0.692114,0.608927,0.629539,0.695456,0.692790,0.623448,0.707885,0.608788,0.652373,0.637980,0.691928,0.699955,0.657751,0.651659,0.603660,0.675848,0.610313,0.646793,0.627422,0.657101,0.656933,0.717114,0.641579,0.635080,0.721761,0.662957,0.634038,0.721865,0.644708,0.641447,0.639894,0.588134,0.601216,0.666216,0.615877,0.631969,0.646614,0.686687,0.694952,0.710047,0.650436,0.662532,0.686249,0.645205,0.674473,0.735836,0.629126,0.674113,0.650677,0.623103,0.579524,0.698585,0.609556,0.659596,0.637479,0.649319,0.670795,0.723350,0.666655,0.683115,0.719716,0.685412,0.634404,0.616670,0.613094,0.655077,0.668216,0.693551,0.646241,0.630290,0.639570,0.661329,0.658798,0.710395,0.587189,0.608245,0.652411,0.611270,0.709714,0.618996,0.682811,0.693832,0.629318,0.641523,0.627381,0.624180,0.699151,0.603526,0.647475,0.617689,0.662276,0.617780,0.606284,0.634257,0.687403,0.634407,0.671847,0.688819,0.650906,0.620020,0.647840,0.652764,0.678618,0.580010,0.724308,0.623954,0.609866,0.693265,0.664353,0.676527,0.683277,0.628226,0.676596,0.726536,0.632634,0.660233,0.703178,0.640293,0.569724,0.627743,0.635935,0.695980,0.578240,0.695234,0.730675,0.696754,0.565523,0.726634,0.655750,0.691488,0.697287,0.615049,0.625776,0.624154,0.697039,0.683502,0.688472,0.665250,0.627091,0.668491,0.573902,0.607472,0.596064,0.687545,0.647780,0.648216,0.701755,0.649899,0.698793,0.686483,0.728631,0.574420,0.614199,0.652332,0.619456,0.643308,0.674333,0.654568,0.734047,0.646210,0.539264,0.718710,0.673856,0.648284,0.700222,0.656583,0.619083,0.658762,0.541947,0.621791,0.734035,0.611792,0.634198,#
2,0.661664,0.638815,1.000000,0.674861,0.635020,0.641248,0.629195,0.645856,0.686614,0.623894,0.600649,0.568493,0.582357,0.647075,0.588000,0.643121,0.590885,0.651520,0.637134,0.643144,0.629671,0.603426,0.632247,0.714864,0.581624,0.611236,0.698353,0.651977,0.652061,0.649720,0.672799,0.653362,0.657951,0.649946,0.629672,0.587818,0.613161,0.653107,0.721189,0.618073,0.591662,0.586655,0.676811,0.582927,0.590509,0.641088,0.669624,0.576047,0.597630,0.618291,0.640339,0.708877,0.671745,0.640548,0.726178,0.661766,0.686535,0.589449,0.633970,0.602877,0.746470,0.618798,0.635033,0.651305,0.681303,0.620954,0.585308,0.607502,0.585904,0.630558,0.647359,0.623746,0.653932,0.633068,0.682355,0.623910,0.596483,0.570728,0.637853,0.668319,0.672231,0.659644,0.714428,0.581686,0.696446,0.669245,0.643498,0.727678,0.601214,0.574374,0.660130,0.590525,0.703009,0.638315,0.677432,0.644304,0.623966,0.585560,0.701599,0.636983,0.668994,0.588814,0.620427,0.625663,0.545512,0.701631,0.688165,0.649287,0.630706,0.528740,0.660644,0.547475,0.667891,0.621536,0.593531,0.579570,0.597075,0.692044,0.622481,0.595209,0.594464,0.622185,0.587862,0.712774,0.654108,0.574117,0.642039,0.645311,0.607930,0.681207,0.625319,0.678447,0.686181,0.693584,0.672986,0.656500,0.692645,0.656420,0.679068,0.657086,0.593210,0.670855,0.543751,0.593578,0.618770,0.633275,0.598514,0.603562,0.588959,0.652538,0.661134,0.679826,0.658439,0.644277,0.634590,0.596965,0.645472,0.596840,0.671198,0.548104,0.532420,0.593591,0.657711,0.631807,0.580198,0.636236,0.627011,0.550143,0.623912,0.601461,0.645795,0.624647,0.658539,0.614372,0.649504,0.676152,0.634401,0.669825,0.555666,0.538700,0.588787,0.679722,0.539734,0.690830,0.615005,0.648008,0.610243,0.562918,0.658537,0.655752,0.607504,0.639639,0.734875,0.654295,0.614254,0.630446,0.561087,0.676584,0.595930,0.650658,#
3,0.643737,0.668465,0.674861,1.000000,0.714091,0.663153,0.629237,0.659268,0.766673,0.700530,0.662184,0.662205,0.596639,0.679789,0.614752,0.682637,0.650329,0.674346,0.748708,0.664486,0.671492,0.682332,0.657347,0.666704,0.671897,0.666928,0.709381,0.681966,0.633645,0.701553,0.723257,0.729582,0.673450,0.692122,0.640721,0.674218,0.632613,0.693727,0.670792,0.705393,0.660587,0.662639,0.702264,0.698749,0.646150,0.706528,0.664475,0.635983,0.676277,0.575069,0.686161,0.657647,0.692384,0.623952,0.659809,0.733806,0.672730,0.670392,0.692503,0.694394,0.667554,0.575702,0.629522,0.687646,0.769143,0.607604,0.626828,0.641900,0.530633,0.626053,0.653514,0.679997,0.689946,0.646012,0.644234,0.628618,0.638726,0.633276,0.641795,0.667404,0.705607,0.650250,0.717907,0.621223,0.709244,0.708140,0.714946,0.676478,0.660276,0.644354,0.732202,0.653768,0.669407,0.700639,0.693809,0.687638,0.620271,0.626164,0.680066,0.621541,0.667019,0.643519,0.637594,0.605721,0.740832,0.647207,0.628044,0.681587,0.664832,0.621847,0.677539,0.555147,0.640835,0.704770,0.637195,0.726314,0.568952,0.684482,0.656333,0.597029,0.625540,0.742654,0.662434,0.612982,0.645512,0.685097,0.642039,0.697211,0.636491,0.636836,0.649541,0.719812,0.655728,0.645731,0.676498,0.721690,0.696666,0.671623,0.624006,0.675774,0.581953,0.732389,0.703627,0.608666,0.674662,0.699664,0.649597,0.729546,0.675143,0.656771,0.668388,0.680131,0.645697,0.678266,0.712232,0.578760,0.693690,0.625060,0.747377,0.577429,0.628306,0.644749,0.648864,0.646661,0.648383,0.654939,0.716238,0.615961,0.703203,0.621807,0.677012,0.658820,0.671899,0.711510,0.672065,0.685428,0.704555,0.726527,0.595560,0.627115,0.593590,0.696683,0.625092,0.681285,0.682290,0.675924,0.662450,0.569412,0.685639,0.753838,0.670709,0.661828,0.679952,0.663282,0.689519,0.634136,0.623177,0.703776,0.643130,0.639115,#
4,0.623463,0.624965,0.635020,0.714091,1.000000,0.728181,0.662631,0.673575,0.682924,0.669908,0.561077,0.702985,0.660244,0.683115,0.609546,0.677215,0.734621,0.730600,0.717936,0.736104,0.737890,0.645661,0.623584,0.699207,0.626776,0.672454,0.685213,0.618247,0.622293,0.644586,0.717069,0.727659,0.728533,0.649623,0.628161,0.615760,0.675886,0.684693,0.670390,0.684963,0.668174,0.566391,0.642690,0.673117,0.648900,0.738456,0.672928,0.683531,0.697640,0.602593,0.660107,0.640508,0.712958,0.642733,0.704995,0.700044,0.624115,0.663730,0.701436,0.678308,0.669442,0.636299,0.657164,0.629186,0.705095,0.678180,0.631648,0.643780,0.603309,0.647044,0.672498,0.706491,0.685442,0.660565,0.685043,0.560733,0.608983,0.637699,0.671445,0.700369,0.645282,0.646093,0.684528,0.617946,0.696760,0.660868,0.645618,0.640444,0.649936,0.626575,0.667981,0.576152,0.663402,0.663779,0.658552,0.665237,0.648136,0.592530,0.619076,0.659898,0.722693,0.657430,0.687951,0.644748,0.632075,0.696840,0.653346,0.651152,0.701387,0.650287,0.627447,0.629424,0.632438,0.732578,0.624132,0.634098,0.679773,0.703906,0.605394,0.570748,0.587864,0.692327,0.715765,0.665910,0.657456,0.648386,0.630183,0.665540,0.723943,0.686204,0.686613,0.645432,0.666449,0.721884,0.757933,0.697803,0.688650,0.638394,0.651066,0.607396,0.581944,0.659654,0.711945,0.636719,0.635139,0.592308,0.673765,0.648983,0.639996,0.711418,0.670417,0.749037,0.648841,0.632427,0.744765,0.674056,0.729579,0.623522,0.663209,0.600083,0.624363,0.617724,0.745700,0.596349,0.619511,0.624665,0.591858,0.567006,0.659244,0.634153,0.642154,0.694713,0.722661,0.662740,0.694307,0.714014,0.737135,0.722813,0.616425,0.620369,0.644156,0.627923,0.643311,0.624724,0.704482,0.722941,0.610063,0.685796,0.654397,0.675840,0.546264,0.615271,0.632500,0.698199,0.613131,0.633017,0.622667,0.657439,0.716427,0.618985,#
5,0.673340,0.675482,0.641248,0.663153,0.728181,1.000000,0.590253,0.694670,0.710754,0.609819,0.665452,0.635627,0.575611,0.609781,0.624774,0.740264,0.700470,0.716813,0.620197,0.721265,0.666251,0.648229,0.666807,0.715021,0.642370,0.650623,0.757615,0.668909,0.630362,0.639403,0.733158,0.753718,0.702332,0.688004,0.626089,0.669037,0.639908,0.674822,0.668886,0.645182,0.709307,0.605978,0.616205,0.669512,0.697339,0.747311,0.708218,0.684425,0.726385,0.571461,0.677608,0.695043,0.668955,0.720853,0.609310,0.759838,0.679060,0.661870,0.776865,0.697612,0.683473,0.701089,0.692751,0.703776,0.717700,0.650867,0.632380,0.663160,0.632519,0.612875,0.664056,0.674355,0.723950,0.630325,0.642308,0.673220,0.696871,0.673824,0.657545,0.671693,0.733274,0.645922,0.689253,0.668863,0.645424,0.690380,0.717300,0.736654,0.704511,0.617886,0.603693,0.631214,0.729067,0.722887,0.690703,0.637271,0.662878,0.659278,0.730803,0.693759,0.721637,0.675299,0.689610,0.708474,0.657621,0.737837,0.661570,0.667334,0.658212,0.658893,0.623741,0.708978,0.637085,0.671711,0.598850,0.634193,0.685068,0.679869,0.592642,0.656966,0.625002,0.705784,0.659664,0.712771,0.632882,0.643786,0.700983,0.671477,0.621262,0.701234,0.702639,0.733104,0.714228,0.713217,0.696183,0.699836,0.737968,0.664508,0.655543,0.664748,0.662651,0.616924,0.695937,0.692937,0.702449,0.583267,0.613365,0.630365,0.717765,0.646941,0.680861,0.709293,0.625575,0.628334,0.700959,0.612627,0.760084,0.689249,0.694788,0.622776,0.650838,0.678645,0.691761,0.625949,0.694285,0.651501,0.551362,0.667036,0.677698,0.654770,0.719388,0.698964,0.646257,0.702263,0.707398,0.665314,0.677888,0.735104,0.644568,0.654517,0.717290,0.670314,0.683488,0.644327,0.738890,0.733007,0.668705,0.628137,0.618921,0.693136,0.576501,0.681482,0.628198,0.643686,0.570722,0.627514,0.622863,0.667671,0.647696,0.621249,#
6,0.694866,0.593103,0.629195,0.629237,0.662631,0.590253,1.000000,0.601975,0.640926,0.557631,0.593825,0.600325,0.665426,0.693938,0.536073,0.614783,0.678810,0.709729,0.675892,0.591703,0.737147,0.585911,0.555082,0.676485,0.597426,0.644336,0.658760,0.611703,0.561694,0.690903,0.644839,0.660003,0.634868,0.662889,0.670193,0.643797,0.594846,0.602902,0.632993,0.702629,0.645486,0.647625,0.677077,0.585944,0.704059,0.599844,0.666175,0.550281,0.730172,0.653346,0.675784,0.725336,0.680879,0.568947,0.709965,0.698339,0.644646,0.688365,0.673622,0.613193,0.666063,0.594099,0.595668,0.646802,0.751238,0.607452,0.735042,0.600982,0.633088,0.601487,0.629574,0.653381,0.647502,0.701435,0.618591,0.602016,0.608890,0.601984,0.650772,0.613700,0.641179,0.674070,0.643805,0.616625,0.592916,0.676859,0.641868,0.609271,0.657966,0.618924,0.616180,0.566901,0.600842,0.614052,0.633688,0.627725,0.686628,0.631497,0.605522,0.669385,0.651227,0.605304,0.680690,0.641126,0.623178,0.586293,0.679265,0.582064,0.629643,0.570866,0.564972,0.603539,0.561944,0.633694,0.619338,0.549492,0.705857,0.672283,0.615686,0.580279,0.640587,0.660936,0.629621,0.706614,0.727480,0.699313,0.610898,0.646261,0.524163,0.616317,0.649339,0.634350,0.648486,0.594099,0.663865,0.668122,0.688389,0.628370,0.722264,0.667862,0.667076,0.660634,0.616432,0.609928,0.595473,0.631416,0.626144,0.614857,0.607527,0.612900,0.700236,0.723298,0.613013,0.543391,0.653044,0.612894,0.644101,0.651497,0.711723,0.597989,0.617782,0.645222,0.649709,0.632629,0.659987,0.629013,0.692787,0.553213,0.637058,0.603907,0.677828,0.640602,0.585433,0.596081,0.646940,0.676707,0.679087,0.654769,0.633683,0.598942,0.651583,0.586036,0.667404,0.663487,0.647515,0.669928,0.575420,0.650110,0.563978,0.636315,0.528848,0.642867,0.631751,0.688177,0.657158,0.606566,0.620920,0.703330,0.671383,0.610232,#
7,0.678839,0.688723,0.645856,0.659268,0.673575,0.694670,0.601975,1.000000,0.775952,0.652132,0.656497,0.650377,0.664044,0.683056,0.670064,0.623219,0.710661,0.673997,0.702277,0.669178,0.691077,0.644157,0.746002,0.714872,0.679938,0.699723,0.678771,0.682878,0.649288,0.665890,0.650155,0.739027,0.647652,0.708700,0.633193,0.616416,0.690479,0.651571,0.680607,0.659058,0.659203,0.631260,0.674971,0.712885,0.680983,0.685404,0.709913,0.694443,0.656593,0.603235,0.734363,0.687887,0.679316,0.720082,0.675650,0.711643,0.659270,0.734546,0.641634,0.659874,0.651755,0.670885,0.700045,0.654054,0.731112,0.677497,0.673679,0.686241,0.685670,0.682600,0.691643,0.556181,0.768517,0.684593,0.705173,0.645398,0.690571,0.627129,0.718740,0.671785,0.696810,0.684908,0.692388,0.653848,0.678860,0.690730,0.748407,0.702382,0.658448,0.636195,0.648350,0.654222,0.663176,0.678432,0.736400,0.644816,0.676974,0.706365,0.686741,0.678868,0.702740,0.640476,0.681538,0.672171,0.674413,0.725572,0.661102,0.671446,0.682506,0.560678,0.727432,0.613089,0.677332,0.673304,0.685772,0.679427,0.659354,0.641960,0.596447,0.706334,0.657372,0.700060,0.641386,0.741509,0.744994,0.643360,0.665626,0.728877,0.596126,0.622614,0.654387,0.642842,0.688322,0.611626,0.737330,0.777905,0.713246,0.705148,0.649317,0.706487,0.658063,0.697129,0.707675,0.642708,0.660715,0.657622,0.693634,0.616546,0.723653,0.700925,0.649208,0.705801,0.714553,0.674017,0.710745,0.731301,0.682872,0.689669,0.683000,0.633870,0.690338,0.604593,0.739644,0.615513,0.691773,0.667661,0.673947,0.610628,0.676495,0.621148,0.769363,0.720969,0.662377,0.721801,0.667896,0.697992,0.700409,0.681908,0.625198,0.635658,0.684374,0.646202,0.641806,0.641323,0.668971,0.735131,0.642524,0.586259,0.669406,0.713467,0.649965,0.681394,0.613526,0.608572,0.658972,0.647542,0.628594,0.724723,0.698223,0.629321,#
8,0.671931,0.761308,0.686614,0.766673,0.682924,0.710754,0.640926,0.775952,1.000000,0.718053,0.642883,0.712587,0.698841,0.726180,0.683473,0.707223,0.680118,0.741144,0.711651,0.711207,0.686828,0.755656,0.721087,0.697620,0.603137,0.710053,0.708849,0.752504,0.680112,0.710692,0.707458,0.725416,0.685118,0.729717,0.619919,0.703543,0.675342,0.711373,0.700473,0.715316,0.668757,0.696695,0.754249,0.667715,0.707214,0.655207,0.681829,0.685578,0.726112,0.649963,0.726797,0.726756,0.665079,0.752203,0.716001,0.773069,0.647555,0.749878,0.655782,0.670385,0.726417,0.675979,0.715051,0.720943,0.741161,0.722088,0.700050,0.703645,0.705802,0.749560,0.675356,0.670982,0.787885,0.754684,0.686982,0.660782,0.700928,0.706011,0.706644,0.725191,0.691211,0.688465,0.727386,0.701030,0.688995,0.720049,0.682331,0.733816,0.642088,0.646668,0.689134,0.658084,0.722757,0.680098,0.778920,0.693353,0.678005,0.692343,0.731795,0.671273,0.730193,0.691658,0.722153,0.739018,0.678695,0.721164,0.722599,0.749273,0.680649,0.666737,0.719913,0.659854,0.728179,0.719001,0.723114,0.722656,0.681294,0.676297,0.666695,0.720756,0.672323,0.696497,0.710631,0.725136,0.715454,0.721862,0.682244,0.719782,0.681327,0.672530,0.662548,0.675471,0.726512,0.720163,0.795167,0.696072,0.710580,0.710539,0.646457,0.727413,0.678800,0.748216,0.748838,0.709098,0.708212,0.660881,0.722717,0.632996,0.709616,0.690942,0.696063,0.726479,0.707716,0.754356,0.738163,0.720632,0.708230,0.728121,0.739453,0.707190,0.688647,0.702496,0.755810,0.724795,0.719361,0.654594,0.694555,0.653425,0.735771,0.700375,0.740236,0.702317,0.714317,0.731712,0.758692,0.697794,0.695677,0.766848,0.649823,0.597061,0.688620,0.741573,0.632488,0.744903,0.745723,0.727415,0.701481,0.621017,0.697709,0.739432,0.674288,0.704804,0.743934,0.695010,0.672423,0.671235,0.699334,0.706016,0.718473,0.714042,#
9,0.630596,0.666326,0.623894,0.700530,0.669908,0.609819,0.557631,0.652132,0.718053,1.000000,0.608655,0.578597,0.623506,0.660191,0.659839,0.627662,0.633511,0.650470,0.706213,0.654347,0.733304,0.647592,0.701164,0.725360,0.600958,0.650332,0.663203,0.712798,0.597078,0.711837,0.625987,0.668004,0.663874,0.699929,0.666804,0.634677,0.605531,0.619196,0.681446,0.670995,0.688501,0.670228,0.661421,0.600083,0.682065,0.631314,0.615137,0.619558,0.591287,0.550915,0.593474,0.648741,0.577668,0.633979,0.667658,0.700554,0.627319,0.697370,0.649211,0.656782,0.661991,0.618213,0.660152,0.682731,0.708991,0.712469,0.678537,0.668857,0.652085,0.612977,0.659085,0.630460,0.670385,0.619752,0.690757,0.616115,0.575014,0.700638,0.672909,0.700909,0.616927,0.635213,0.611123,0.670135,0.691571,0.628953,0.629449,0.721473,0.633002,0.536073,0.646602,0.634429,0.685870,0.643496,0.696121,0.643502,0.610856,0.655132,0.664863,0.624800,0.705161,0.646116,0.655253,0.654180,0.667857,0.693619,0.659131,0.640010,0.693519,0.685895,0.680686,0.651443,0.728951,0.678108,0.571031,0.717056,0.544037,0.628812,0.569820,0.591902,0.623782,0.656313,0.678883,0.680483,0.665628,0.617337,0.666039,0.615168,0.666056,0.619685,0.609491,0.684103,0.666467,0.708416,0.682052,0.643194,0.623076,0.637137,0.599744,0.698865,0.621355,0.743256,0.674369,0.671876,0.622342,0.602483,0.665493,0.614501,0.618583,0.579525,0.610144,0.629703,0.641741,0.627084,0.689755,0.653477,0.660291,0.675638,0.678424,0.632073,0.638368,0.653066,0.673544,0.662356,0.658402,0.632548,0.598677,0.623953,0.700872,0.615914,0.675673,0.704318,0.632434,0.681730,0.690321,0.752974,0.637246,0.710947,0.608122,0.644640,0.635095,0.605612,0.663036,0.637818,0.665803,0.756187,0.561095,0.579532,0.725244,0.644624,0.608578,0.681699,0.623654,0.636512,0.615190,0.572245,0.598092,0.670795,0.632887,0.577481,#
10,0.700431,0.670312,0.600649,0.662184,0.561077,0.665452,0.593825,0.656497,0.642883,0.608655,1.000000,0.591990,0.547888,0.607518,0.530201,0.630523,0.625291,0.603239,0.664453,0.597334,0.631255,0.551189,0.661294,0.699956,0.557569,0.620642,0.651341,0.722032,0.593532,0.672805,0.624990,0.683492,0.619675,0.671578,0.655255,0.636145,0.605544,0.652973,0.653224,0.609656,0.659090,0.603647,0.598116,0.603340,0.663398,0.671022,0.656008,0.673523,0.697064,0.682707,0.594018,0.661954,0.674162,0.592624,0.675484,0.662027,0.663613,0.675810,0.609563,0.628617,0.672455,0.639699,0.721167,0.680797,0.706712,0.548559,0.626057,0.547903,0.611493,0.616623,0.612034,0.664239,0.717067,0.577393,0.582816,0.652117,0.635502,0.658225,0.651468,0.606346,0.725451,0.658055,0.638333,0.661802,0.628263,0.604337,0.691314,0.704994,0.642878,0.654713,0.618629,0.632276,0.674172,0.642463,0.654722,0.683214,0.581765,0.602471,0.714568,0.707035,0.678519,0.599857,0.635226,0.701704,0.719566,0.636104,0.609724,0.661723,0.655812,0.613866,0.622243,0.597554,0.605764,0.624108,0.551617,0.686934,0.588503,0.632967,0.612614,0.625924,0.622900,0.713829,0.537731,0.646308,0.561628,0.642949,0.706773,0.677046,0.586870,0.587805,0.565204,0.622743,0.607057,0.600810,0.672135,0.716321,0.633604,0.628835,0.606558,0.712384,0.725344,0.624518,0.588486,0.654236,0.575564,0.518720,0.610591,0.557856,0.658762,0.585327,0.631013,0.673301,0.696710,0.567965,0.646264,0.616662,0.723651,0.710031,0.678618,0.607357,0.718691,0.605453,0.642931,0.622786,0.627126,0.596972,0.664715,0.631012,0.690898,0.667915,0.695516,0.637650,0.540099,0.638077,0.649612,0.664615,0.704276,0.716982,0.551113,0.668538,0.619235,0.554663,0.680527,0.590845,0.645483,0.670819,0.552420,0.596270,0.607580,0.684361,0.621772,0.613120,0.602836,0.632206,0.663676,0.628506,0.596410,0.719825,0.635390,0.626892,#
11,0.676798,0.641387,0.568493,0.662205,0.702985,0.635627,0.600325,0.650377,0.712587,0.578597,0.591990,1.000000,0.674808,0.637007,0.593044,0.633161,0.648998,0.721516,0.709744,0.614648,0.645566,0.622522,0.644399,0.615561,0.590345,0.624301,0.579931,0.623803,0.628837,0.614565,0.636118,0.674886,0.668447,0.656401,0.571388,0.589129,0.693178,0.670056,0.613677,0.687162,0.621620,0.619208,0.650538,0.620652,0.627275,0.655631,0.719880,0.651981,0.650565,0.652545,0.664333,0.642012,0.666397,0.641925,0.673418,0.689940,0.569948,0.651983,0.613175,0.603570,0.619160,0.592116,0.688061,0.606223,0.691946,0.631167,0.655011,0.643211,0.647936,0.675811,0.688873,0.645182,0.661665,0.654455,0.670583,0.547875,0.686351,0.648279,0.638009,0.570405,0.661714,0.626913,0.658480,0.603089,0.678070,0.627022,0.620342,0.612680,0.600626,0.561201,0.642255,0.612610,0.634475,0.612145,0.662655,0.697681,0.636311,0.616860,0.636806,0.621993,0.628834,0.632277,0.655561,0.646522,0.698948,0.691894,0.602529,0.684540,0.677393,0.653587,0.686493,0.633748,0.664360,0.639809,0.536157,0.638588,0.607471,0.666135,0.595547,0.642963,0.534735,0.691226,0.644786,0.647870,0.671877,0.626495,0.636869,0.609600,0.637902,0.636283,0.663593,0.596486,0.643114,0.666232,0.685594,0.657117,0.685964,0.636389,0.607726,0.631368,0.669629,0.610033,0.655501,0.682066,0.680081,0.524637,0.682533,0.620485,0.630447,0.677471,0.629983,0.653430,0.663931,0.654490,0.706481,0.601360,0.709311,0.639155,0.693156,0.558856,0.599423,0.606508,0.705974,0.621357,0.717223,0.524455,0.636081,0.540959,0.665253,0.673440,0.656155,0.646567,0.648313,0.703139,0.636069,0.681964,0.661465,0.677044,0.541324,0.653600,0.622957,0.579268,0.667959,0.606468,0.715367,0.604170,0.598210,0.661970,0.630193,0.660972,0.621717,0.653617,0.679020,0.632232,0.618845,0.612720,0.615468,0.674132,0.636552,0.612374,#
12,0.627803,0.632214,0.582357,0.596639,0.660244,0.575611,0.665426,0.664044,0.698841,0.623506,0.547888,0.674808,1.000000,0.688743,0.663065,0.584885,0.664607,0.705032,0.667623,0.648584,0.674950,0.593125,0.700046,0.682167,0.608434,0.640329,0.613456,0.642199,0.693573,0.623919,0.604869,0.634154,0.663230,0.664635,0.620930,0.639530,0.637907,0.631159,0.663507,0.676181,0.559349,0.562167,0.639967,0.699489,0.643432,0.659125,0.689439,0.577366,0.624289,0.604744,0.716207,0.640021,0.616686,0.654993,0.710218,0.666757,0.596967,0.676184,0.620442,0.580234,0.616707,0.644015,0.614096,0.629200,0.720276,0.665887,0.610406,0.586914,0.674787,0.644176,0.638736,0.614470,0.692586,0.632870,0.710264,0.631946,0.662572,0.639282,0.660703,0.657773,0.651107,0.621762,0.670516,0.643619,0.605100,0.665338,0.615516,0.658380,0.661961,0.580946,0.641948,0.618887,0.655193,0.564254,0.635418,0.698278,0.724859,0.669567,0.604545,0.615864,0.599942,0.678156,0.674966,0.708305,0.587888,0.639269,0.584798,0.569646,0.678954,0.630086,0.650064,0.599849,0.636284,0.624131,0.712706,0.651603,0.598637,0.564923,0.631160,0.622686,0.618485,0.651044,0.622574,0.711959,0.683615,0.664980,0.600917,0.560652,0.561091,0.627700,0.601166,0.604785,0.587795,0.616930,0.635251,0.636323,0.620610,0.673221,0.661749,0.610868,0.705164,0.714858,0.651968,0.644060,0.609133,0.612580,0.685867,0.565428,0.663212,0.715321,0.629074,0.700169,0.644485,0.560183,0.654970,0.703650,0.713901,0.683195,0.679376,0.617131,0.630175,0.693770,0.687273,0.589851,0.723157,0.552616,0.624647,0.652929,0.555941,0.587996,0.659169,0.672139,0.632950,0.639995,0.642853,0.617009,0.700640,0.741181,0.574961,0.517665,0.618138,0.652316,0.682167,0.613993,0.575013,0.691626,0.576941,0.680214,0.622821,0.617610,0.569145,0.600816,0.598978,0.647186,0.576415,0.636866,0.621302,0.680554,0.681572,0.517946,#
13,0.665974,0.594141,0.647075,0.679789,0.683115,0.609781,0.693938,0.683056,0.726180,0.660191,0.607518,0.637007,0.688743,1.000000,0.591750,0.649068,0.651396,0.729958,0.724601,0.628525,0.709352,0.643476,0.729976,0.689136,0.615549,0.650012,0.623494,0.725522,0.672066,0.723057,0.584231,0.691115,0.707700,0.726950,0.567657,0.617536,0.669659,0.705305,0.694084,0.677226,0.735099,0.647185,0.692980,0.652437,0.753536,0.675038,0.658120,0.669276,0.728533,0.623984,0.702282,0.754721,0.625327,0.662907,0.721997,0.745948,0.657431,0.701893,0.654281,0.649006,0.713027,0.652636,0.666941,0.718720,0.733026,0.672667,0.665731,0.631335,0.696091,0.633329,0.604524,0.654397,0.646654,0.726694,0.714798,0.640923,0.646613,0.657579,0.706656,0.702233,0.682687,0.662009,0.724082,0.676788,0.651041,0.674653,0.616018,0.629421,0.702045,0.636847,0.652859,0.645021,0.694102,0.674559,0.702516,0.628294,0.661497,0.620302,0.655520,0.730671,0.685165,0.659963,0.676594,0.770212,0.673838,0.732190,0.637023,0.681852,0.691787,0.627658,0.684659,0.661407,0.668961,0.691865,0.690941,0.697676,0.592129,0.728173,0.669932,0.709062,0.641540,0.705491,0.604514,0.665821,0.685277,0.616268,0.675749,0.595741,0.618877,0.629580,0.646791,0.644747,0.654904,0.655785,0.733616,0.679639,0.663247,0.686869,0.729961,0.652485,0.627180,0.733907,0.737145,0.669544,0.600098,0.644736,0.717480,0.640348,0.693173,0.689837,0.650223,0.720141,0.638718,0.675747,0.678389,0.699076,0.697898,0.695888,0.746217,0.609371,0.708919,0.687353,0.680219,0.681790,0.678538,0.653978,0.659717,0.622134,0.705730,0.616025,0.680289,0.716237,0.727644,0.663846,0.739133,0.698182,0.705486,0.786799,0.645766,0.629054,0.643526,0.665486,0.705412,0.662212,0.690474,0.711342,0.618839,0.681123,0.603609,0.647189,0.627655,0.668397,0.695352,0.692516,0.696063,0.589650,0.674011,0.692526,0.697793,0.620651,#
14,0.610755,0.606826,0.588000,0.614752,0.609546,0.624774,0.536073,0.670064,0.683473,0.659839,0.530201,0.593044,0.663065,0.591750,1.000000,0.645165,0.622848,0.566266,0.611437,0.580988,0.652377,0.594625,0.598140,0.677684,0.575598,0.522100,0.602580,0.631682,0.637607,0.642995,0.626418,0.669483,0.614916,0.641295,0.595419,0.570183,0.586870,0.632073,0.661125,0.540538,0.531563,0.564629,0.645979,0.631358,0.635058,0.620093,0.600614,0.571751,0.531416,0.510750,0.598602,0.583618,0.533120,0.687156,0.613069,0.631835,0.610259,0.612783,0.625982,0.563650,0.640571,0.637041,0.622505,0.626253,0.611945,0.557107,0.546411,0.591789,0.600489,0.648070,0.596166,0.579019,0.655976,0.576836,0.670354,0.565485,0.656475,0.619751,0.597081,0.530210,0.628886,0.635865,0.641408,0.668915,0.607661,0.618912,0.585973,0.673026,0.629181,0.491683,0.555311,0.494248,0.642201,0.667213,0.656207,0.619542,0.722157,0.602619,0.647345,0.551740,0.626878,0.633918,0.659783,0.559766,0.582288,0.629476,0.549702,0.561872,0.605879,0.584743,0.640724,0.576674,0.648028,0.600603,0.576184,0.646177,0.564488,0.590780,0.552926,0.591736,0.597421,0.660199,0.584859,0.640603,0.675943,0.491087,0.593354,0.668831,0.534937,0.613891,0.547854,0.603892,0.587035,0.616580,0.637069,0.636671,0.584939,0.613326,0.613972,0.631918,0.594715,0.623680,0.549333,0.632577,0.568390,0.646019,0.691061,0.577088,0.636589,0.545737,0.612501,0.589852,0.562627,0.548797,0.668627,0.611354,0.629260,0.629065,0.586113,0.549618,0.591383,0.558055,0.647412,0.568265,0.567453,0.529190,0.575117,0.579752,0.543389,0.647365,0.604750,0.618819,0.629793,0.656635,0.617565,0.654420,0.640213,0.678296,0.528650,0.521146,0.618968,0.670130,0.642280,0.595817,0.583749,0.608777,0.587763,0.525238,0.578707,0.624790,0.457062,0.576882,0.643771,0.635453,0.580258,0.582303,0.576547,0.601714,0.586803,0.473337,#
15,0.699701,0.677639,0.643121,0.682637,0.677215,0.740264,0.614783,0.623219,0.707223,0.627662,0.630523,0.633161,0.584885,0.649068,0.645165,1.000000,0.663844,0.707059,0.684554,0.654499,0.663438,0.643178,0.637755,0.684953,0.639713,0.627037,0.647404,0.623085,0.625209,0.697106,0.672311,0.709541,0.650373,0.699974,0.585579,0.713773,0.679975,0.636685,0.728195,0.635795,0.636113,0.616413,0.671566,0.593665,0.707495,0.634202,0.684336,0.722504,0.697333,0.614831,0.606274,0.734007,0.646251,0.630246,0.677550,0.655905,0.644914,0.616804,0.640430,0.621716,0.708503,0.610396,0.620000,0.729600,0.672359,0.697003,0.630197,0.629156,0.594570,0.553773,0.643735,0.600431,0.624449,0.623338,0.661387,0.590807,0.656203,0.663065,0.673339,0.635258,0.693830,0.659470,0.636962,0.671665,0.713792,0.693491,0.632738,0.727205,0.627290,0.575932,0.632731,0.562909,0.660758,0.641563,0.631849,0.636126,0.620341,0.617080,0.626665,0.646447,0.727282,0.603678,0.710606,0.674380,0.605244,0.670605,0.676325,0.683473,0.626783,0.672037,0.587425,0.602313,0.672909,0.657242,0.573850,0.648420,0.644122,0.672326,0.624953,0.605711,0.616372,0.653723,0.635695,0.649290,0.614054,0.639350,0.698502,0.637681,0.645142,0.716759,0.568302,0.608246,0.619966,0.618010,0.676599,0.622110,0.634268,0.600880,0.676813,0.654811,0.628845,0.627464,0.633234,0.620023,0.648316,0.599398,0.652380,0.605168,0.643937,0.602028,0.675221,0.643102,0.721456,0.616149,0.669957,0.620896,0.732719,0.646309,0.654170,0.608103,0.610076,0.678735,0.741379,0.546145,0.684028,0.638424,0.684056,0.695414,0.698488,0.585875,0.602512,0.720114,0.589257,0.709493,0.656603,0.711384,0.687070,0.716243,0.630826,0.604732,0.615342,0.635427,0.646966,0.681844,0.663343,0.674560,0.567546,0.598656,0.592947,0.697658,0.545558,0.671915,0.668990,0.655511,0.623069,0.617004,0.654402,0.702099,0.680488,0.649933,#
16,0.734570,0.662837,0.590885,0.650329,0.734621,0.700470,0.678810,0.710661,0.680118,0.633511,0.625291,0.648998,0.664607,0.651396,0.622848,0.663844,1.000000,0.694747,0.677578,0.669867,0.751858,0.669732,0.585762,0.693829,0.641060,0.693619,0.707305,0.570119,0.608820,0.677747,0.672510,0.743606,0.725200,0.683904,0.632162,0.648749,0.687645,0.634385,0.684067,0.693006,0.639995,0.658282,0.672414,0.635033,0.660840,0.703505,0.637969,0.645549,0.702913,0.667745,0.645956,0.669702,0.681543,0.739586,0.723535,0.728873,0.572646,0.680858,0.706004,0.613410,0.634651,0.680672,0.635184,0.653395,0.702053,0.624232,0.641683,0.699790,0.708141,0.726692,0.630442,0.627661,0.722879,0.692818,0.694407,0.625469,0.650419,0.667783,0.695334,0.709262,0.696470,0.667977,0.681774,0.697463,0.689880,0.676961,0.713987,0.659618,0.685896,0.653928,0.634108,0.605634,0.705318,0.690615,0.678739,0.728322,0.674926,0.640649,0.700688,0.668598,0.648013,0.601851,0.698010,0.688357,0.620316,0.761556,0.676258,0.644509,0.725330,0.643697,0.700160,0.688667,0.695267,0.694691,0.678856,0.695451,0.723399,0.693608,0.649914,0.595176,0.619541,0.743844,0.674575,0.699370,0.710823,0.704048,0.703594,0.617695,0.630590,0.629447,0.703571,0.630211,0.699159,0.606438,0.733633,0.726830,0.664430,0.644502,0.650579,0.700010,0.663408,0.682548,0.675185,0.678692,0.638377,0.578801,0.663353,0.631938,0.683280,0.697374,0.639417,0.770981,0.655668,0.603487,0.753026,0.682383,0.744706,0.677079,0.684505,0.666797,0.616753,0.657466,0.760953,0.628521,0.650830,0.689677,0.663348,0.688017,0.672470,0.613596,0.693852,0.719875,0.651026,0.659790,0.663389,0.691838,0.642747,0.737536,0.648812,0.602062,0.653282,0.621104,0.687091,0.625887,0.711601,0.752244,0.642812,0.681171,0.653176,0.686530,0.664849,0.640289,0.675645,0.658453,0.620561,0.635749,0.622707,0.691520,0.693874,0.658899,#
17,0.700301,0.648112,0.651520,0.674346,0.730600,0.716813,0.709729,0.673997,0.741144,0.650470,0.603239,0.721516,0.705032,0.729958,0.566266,0.707059,0.694747,1.000000,0.660218,0.683718,0.708609,0.652394,0.676835,0.740100,0.716471,0.702790,0.697532,0.656383,0.624419,0.712861,0.699384,0.720238,0.634532,0.670487,0.627100,0.720786,0.657342,0.690877,0.734845,0.708741,0.714862,0.672129,0.718023,0.657475,0.678890,0.673728,0.677724,0.732488,0.732192,0.649286,0.699377,0.689110,0.684738,0.651884,0.709404,0.756281,0.645546,0.651025,0.698842,0.596695,0.706626,0.650503,0.630299,0.691030,0.710185,0.755898,0.718008,0.683370,0.677863,0.642896,0.673620,0.674026,0.665758,0.645300,0.677659,0.634495,0.706516,0.690222,0.674504,0.721049,0.703959,0.678470,0.722036,0.672852,0.657138,0.679086,0.742146,0.682158,0.669897,0.654106,0.685976,0.593224,0.700827,0.672579,0.659172,0.727306,0.694871,0.625147,0.607125,0.711648,0.730198,0.582357,0.690372,0.721278,0.623497,0.666116,0.701360,0.697067,0.663916,0.671945,0.661375,0.657235,0.626835,0.725802,0.686060,0.637929,0.626514,0.693969,0.612193,0.652291,0.653233,0.689993,0.653926,0.711293,0.702303,0.727584,0.703017,0.632450,0.619245,0.670283,0.743098,0.724428,0.714157,0.650049,0.642757,0.705628,0.699297,0.684259,0.743043,0.721451,0.709208,0.712258,0.763127,0.686006,0.692799,0.642863,0.699268,0.677105,0.712933,0.619907,0.725484,0.693082,0.678853,0.643362,0.731309,0.732709,0.782328,0.696613,0.728428,0.601088,0.656899,0.655095,0.789902,0.653916,0.744397,0.666638,0.600870,0.618488,0.686663,0.631406,0.731165,0.674550,0.661593,0.692534,0.717878,0.689931,0.721966,0.754629,0.623851,0.675673,0.694217,0.728938,0.711116,0.679274,0.741748,0.695500,0.647302,0.729929,0.615166,0.654174,0.601218,0.698035,0.694291,0.721262,0.688242,0.708668,0.637866,0.762210,0.663590,0.646672,#
18,0.690232,0.693223,0.637134,0.748708,0.717936,0.620197,0.675892,0.702277,0.711651,0.706213,0.664453,0.709744,0.667623,0.724601,0.611437,0.684554,0.677578,0.660218,1.000000,0.686092,0.694989,0.692205,0.694649,0.650583,0.666421,0.684079,0.665253,0.682628,0.648041,0.701254,0.613023,0.711816,0.690155,0.709614,0.669076,0.716793,0.647126,0.664901,0.675006,0.689248,0.706896,0.581415,0.665171,0.628791,0.745349,0.663522,0.711327,0.703465,0.662385,0.575836,0.637046,0.692448,0.728933,0.642885,0.719572,0.724911,0.636183,0.723312,0.675493,0.695915,0.720700,0.599938,0.656701,0.641790,0.753619,0.647261,0.651736,0.666120,0.604609,0.672965,0.702644,0.649173,0.716563,0.663563,0.707844,0.591588,0.707627,0.646240,0.742627,0.658180,0.666554,0.653454,0.693357,0.684851,0.717970,0.669518,0.672579,0.696003,0.681556,0.631150,0.685158,0.608599,0.700603,0.682182,0.747562,0.650943,0.677444,0.671636,0.671147,0.698565,0.744125,0.646697,0.686367,0.715301,0.691439,0.723631,0.621292,0.655764,0.690067,0.637353,0.702083,0.618960,0.747620,0.733124,0.592195,0.658008,0.632451,0.658335,0.608770,0.629435,0.643637,0.752501,0.663648,0.642031,0.665158,0.627353,0.665528,0.658221,0.707560,0.626700,0.643056,0.687443,0.649034,0.659153,0.716957,0.724142,0.713753,0.686030,0.677216,0.684495,0.654254,0.740895,0.687919,0.730073,0.643791,0.671413,0.708496,0.585333,0.668203,0.661415,0.625558,0.772425,0.695693,0.607798,0.697844,0.678627,0.686333,0.737262,0.714617,0.632051,0.672956,0.652906,0.734827,0.652893,0.717137,0.692835,0.741529,0.632523,0.660294,0.646124,0.680684,0.743932,0.684709,0.654163,0.652474,0.719932,0.686799,0.761375,0.605043,0.705194,0.651483,0.637685,0.673063,0.668795,0.691797,0.706495,0.664116,0.613224,0.638408,0.686646,0.652303,0.658940,0.642300,0.735953,0.703162,0.630041,0.620077,0.718870,0.704414,0.635960,#
19,0.653328,0.646743,0.643144,0.664486,0.736104,0.721265,0.591703,0.669178,0.711207,0.654347,0.597334,0.614648,0.648584,0.628525,0.580988,0.654499,0.669867,0.683718,0.686092,1.000000,0.657045,0.604635,0.627383,0.657710,0.588386,0.587229,0.679242,0.617325,0.646376,0.659532,0.672307,0.728446,0.617353,0.647256,0.525957,0.647197,0.636475,0.612826,0.678195,0.630796,0.636246,0.570237,0.632763,0.605541,0.643296,0.656416,0.702855,0.655365,0.696473,0.502832,0.569909,0.638972,0.602067,0.645840,0.645968,0.603925,0.675606,0.643414,0.656638,0.562177,0.672022,0.645033,0.677576,0.654634,0.686411,0.648833,0.573496,0.606274,0.598888,0.630927,0.634240,0.586773,0.678404,0.644246,0.660720,0.536906,0.608180,0.593233,0.664220,0.631337,0.627510,0.564183,0.689676,0.617888,0.619754,0.619027,0.635437,0.728264,0.662074,0.511016,0.646477,0.577297,0.673881,0.605801,0.655991,0.617529,0.631601,0.588074,0.619360,0.677509,0.693592,0.618602,0.648428,0.639666,0.591875,0.688859,0.633313,0.640445,0.648489,0.552886,0.594072,0.591769,0.642961,0.649534,0.636145,0.596325,0.643051,0.657464,0.569830,0.554543,0.566710,0.692578,0.615891,0.694257,0.700501,0.620057,0.700914,0.624788,0.675901,0.698196,0.611328,0.637169,0.646635,0.676936,0.704775,0.656966,0.654836,0.623323,0.604452,0.648548,0.599848,0.587672,0.632861,0.610907,0.621065,0.573674,0.612981,0.531577,0.668324,0.633585,0.620525,0.717287,0.617077,0.590546,0.683439,0.652679,0.716228,0.701518,0.661586,0.628665,0.629862,0.617255,0.654699,0.542060,0.655271,0.625021,0.546578,0.639426,0.654749,0.578100,0.665574,0.709983,0.681024,0.620785,0.673595,0.641733,0.671381,0.742314,0.572606,0.549582,0.546553,0.648318,0.647141,0.724098,0.679600,0.644999,0.565819,0.655218,0.660976,0.651583,0.585148,0.657768,0.623304,0.664946,0.592453,0.683614,0.538879,0.619150,0.646687,0.580139,#
20,0.680782,0.634363,0.629671,0.671492,0.737890,0.666251,0.737147,0.691077,0.686828,0.733304,0.631255,0.645566,0.674950,0.709352,0.652377,0.663438,0.751858,0.708609,0.694989,0.657045,1.000000,0.675390,0.626035,0.700101,0.644255,0.713285,0.709374,0.671262,0.635928,0.735749,0.660573,0.696402,0.678072,0.746074,0.674541,0.716304,0.685047,0.664367,0.720497,0.715381,0.667531,0.725958,0.649174,0.698287,0.746792,0.676241,0.690079,0.640625,0.664926,0.636379,0.657092,0.711604,0.653895,0.706628,0.705366,0.730283,0.676906,0.715076,0.695508,0.641223,0.721630,0.648218,0.726712,0.670119,0.770688,0.677170,0.700742,0.638389,0.666925,0.668761,0.697976,0.665845,0.662219,0.680170,0.718985,0.593505,0.633080,0.672857,0.700716,0.711508,0.666695,0.729796,0.702024,0.687130,0.645530,0.683152,0.707768,0.673815,0.665337,0.666654,0.692863,0.657421,0.670103,0.714830,0.748682,0.646696,0.627295,0.636505,0.668279,0.667826,0.731037,0.653209,0.756380,0.709509,0.712212,0.647416,0.707154,0.701675,0.674616,0.719656,0.683188,0.685956,0.646402,0.636195,0.666280,0.636506,0.672517,0.731326,0.587351,0.634154,0.696017,0.710460,0.646377,0.768456,0.696934,0.709067,0.690593,0.634725,0.675353,0.678966,0.710099,0.632995,0.700526,0.734297,0.739748,0.672788,0.638541,0.683598,0.706890,0.744910,0.656983,0.696286,0.673253,0.702872,0.658030,0.636953,0.694195,0.630299,0.682198,0.727972,0.707034,0.721855,0.726249,0.664793,0.753465,0.694380,0.723408,0.666780,0.715057,0.669636,0.656640,0.695930,0.718117,0.675084,0.733760,0.574019,0.629807,0.623118,0.709538,0.648149,0.712995,0.681738,0.741269,0.663184,0.675334,0.709350,0.666743,0.736292,0.646393,0.674410,0.665327,0.646008,0.702947,0.670133,0.668109,0.737124,0.616220,0.719523,0.618713,0.648116,0.543063,0.618894,0.658037,0.741676,0.653455,0.586135,0.652273,0.700733,0.711143,0.648348,#
21,0.598586,0.720280,0.603426,0.682332,0.645661,0.648229,0.585911,0.644157,0.755656,0.647592,0.551189,0.622522,0.593125,0.643476,0.594625,0.643178,0.669732,0.652394,0.692205,0.604635,0.675390,1.000000,0.624188,0.690029,0.590015,0.584379,0.686786,0.591682,0.576044,0.636532,0.655997,0.633523,0.687407,0.681815,0.639222,0.698269,0.648562,0.686843,0.685879,0.636066,0.635975,0.639850,0.628693,0.622917,0.678400,0.617414,0.616315,0.659300,0.650023,0.496752,0.596314,0.669627,0.593620,0.596896,0.682774,0.679430,0.611961,0.626913,0.670086,0.531237,0.676493,0.580034,0.605308,0.581386,0.724248,0.622225,0.640594,0.654159,0.617088,0.631609,0.633679,0.643630,0.649180,0.636911,0.711072,0.603654,0.581772,0.606779,0.640927,0.660684,0.604466,0.631109,0.666516,0.595182,0.706905,0.633386,0.632938,0.668419,0.657052,0.638079,0.581113,0.494626,0.662980,0.616795,0.688369,0.601971,0.642755,0.592335,0.598762,0.636115,0.670529,0.624764,0.665492,0.643262,0.574682,0.696831,0.603446,0.594800,0.653919,0.670913,0.666705,0.598617,0.644407,0.699394,0.554029,0.579131,0.658894,0.664456,0.531600,0.606497,0.623561,0.687143,0.634803,0.669246,0.658152,0.583480,0.639053,0.661313,0.640859,0.646600,0.668901,0.677671,0.683588,0.629720,0.688605,0.605503,0.568139,0.575192,0.651864,0.680455,0.635214,0.669912,0.659091,0.636719,0.621646,0.615927,0.646751,0.609081,0.598489,0.625145,0.674853,0.691073,0.637711,0.651549,0.686786,0.646154,0.641217,0.618879,0.656768,0.606498,0.612021,0.641402,0.734438,0.660492,0.716254,0.582518,0.659688,0.635045,0.560354,0.596214,0.671575,0.596514,0.622223,0.604992,0.636306,0.657254,0.577063,0.715116,0.561928,0.587659,0.612935,0.658014,0.577908,0.635865,0.662838,0.709782,0.647588,0.507309,0.570203,0.664972,0.589889,0.611566,0.659534,0.654218,0.651631,0.565381,0.654868,0.695850,0.624630,0.616694,#
