0,1.000000,0.268355,0.294831,0.165294,0.215558,0.308000,0.294394,0.178517,0.254632,0.283049,0.359200,0.315372,0.232437,0.198668,0.324330,0.241206,0.362322,0.417398,0.233195,0.226033,0.297927,0.348679,0.249701,0.321676,0.191220,0.207908,0.277071,0.319799,0.306755,0.237533,0.170153,0.113084,0.286288,0.147974,0.149905,0.261011,0.272384,0.196752,0.226894,0.345743,0.002680,0.289100,0.131224,0.327144,0.201741,0.198698,0.336840,0.165508,0.360972,0.267724,0.366462,0.182644,0.147249,0.195994,0.346499,0.204159,0.313225,0.301693,0.150155,0.134934,0.266001,0.129602,0.226486,0.256910,0.354414,-0.011326,0.324124,0.221460,0.194205,0.311114,0.385178,0.324365,0.235021,0.325997,0.225636,0.237794,0.102242,0.280196,0.290605,0.149042,0.323996,0.168584,0.248273,0.304912,0.209591,0.329856,0.252750,0.158937,0.334669,0.166311,0.275912,0.184689,0.120292,0.131869,0.213880,0.280814,0.231782,0.247690,0.313628,0.273268,0.226650,0.340643,0.168180,0.255070,0.145450,0.245726,0.259279,0.288868,0.254562,0.221620,0.158986,0.341322,0.276686,0.270723,0.179983,0.360848,0.358374,0.129438,0.337286,0.288520,0.355358,0.109197,0.158133,0.145353,0.162845,0.387858,0.117660,0.219463,0.255820,0.313172,0.265799,0.305327,0.234268,0.114167,0.270185,0.142553,0.252987,0.244579,0.293886,0.454098,0.189811,0.268962,0.332518,0.296099,0.328121,0.313318,0.240989,0.105234,0.275827,0.189575,0.269000,0.095909,0.153300,0.236115,0.245576,0.113672,0.111496,0.136528,0.347565,0.313135,0.354657,0.233388,0.159377,0.311533,0.301705,0.126013,0.040510,0.096611,0.291823,0.188598,0.374005,0.042576,0.366718,0.434810,0.220849,0.199307,0.273475,0.177958,0.345806,0.272133,0.271951,0.392173,0.168142,0.106819,0.150529,0.378521,0.267195,0.403559,0.285472,0.105453,0.233962,0.275088,0.041143,0.033681,0.282832,0.155668,0.229362,0.202326,0.263479,0.337182,#
1,0.268355,1.000000,0.148976,0.161925,0.299752,0.255540,0.267725,0.225540,0.045544,0.229638,0.347399,0.261165,0.216450,0.298276,0.200880,0.141479,0.119446,0.175413,0.340673,0.136247,0.136569,0.307057,0.053837,0.233398,0.318826,0.308707,0.290324,0.286149,0.301206,0.080758,0.266077,0.147950,0.382661,0.199904,0.261583,-0.031334,0.211754,0.186533,0.136786,0.172905,0.195728,0.188946,0.368757,0.197908,0.186124,0.123375,0.269311,0.222059,0.244821,0.222477,0.386324,0.089676,0.243808,0.130636,0.270119,0.174171,0.308965,0.297694,0.332346,0.256756,0.256738,0.203220,0.166897,0.236824,0.319415,0.095650,0.187447,0.272426,0.260779,0.092576,0.347489,0.157411,0.249897,0.246205,0.309103,0.023602,0.268796,0.189286,0.314486,0.221297,0.196834,0.370378,0.272618,0.401877,0.062197,0.238456,0.261231,0.213251,0.258075,0.271899,0.319488,0.326442,0.137531,0.171466,0.111078,0.282353,0.183656,0.212248,0.205883,0.239103,0.071544,0.186838,0.184287,0.202520,0.164608,0.111223,0.221745,0.248193,0.225524,0.248095,0.263113,0.299788,0.265255,0.240685,0.260585,0.289741,0.339676,0.129618,0.341032,0.225095,0.138774,0.266784,0.275864,0.224994,0.193986,0.312864,0.162810,0.151301,0.305068,0.159133,0.354295,0.239448,0.059632,0.111077,0.344720,0.225803,0.173534,0.141823,0.218579,0.329842,0.334153,0.096298,0.028877,0.085238,0.308413,0.193921,0.272892,0.065378,0.340485,0.274343,0.179832,0.233434,0.128137,0.114660,0.236136,0.206570,0.202314,0.303177,0.251960,0.113212,0.064019,0.280221,0.088642,0.269615,0.247506,0.278760,0.080965,0.265601,0.240863,0.283059,0.295199,0.153600,0.135077,0.228839,0.334201,0.159443,0.025259,0.298121,0.296933,0.201210,0.295950,0.155041,0.191852,0.302922,0.335086,0.332035,0.144173,0.381732,0.154293,0.198881,0.332213,0.313020,0.029831,0.126688,0.236887,0.289966,0.139256,0.280690,0.121272,0.228389,#
2,0.294831,0.148976,1.000000,0.288022,0.093004,0.319445,0.182583,0.171583,0.044475,0.103663,0.016971,0.199634,0.218029,0.195633,0.197296,0.117971,0.208634,0.251785,0.285564,0.199006,0.143784,0.292867,0.328918,0.318065,0.263093,0.252200,0.280614,0.148865,0.174471,0.083180,0.308078,0.243752,0.280382,0.140661,0.131650,0.179147,0.303782,0.256504,0.179432,0.209880,0.216679,0.280815,0.160319,0.147864,0.067337,0.342332,0.237217,0.201432,0.177577,0.228185,0.226407,0.284292,0.261029,0.213758,0.238549,0.296499,0.084878,0.274447,0.093216,0.106517,-0.036237,0.243599,0.206891,0.266780,0.336799,0.200645,0.216548,0.128007,0.161694,0.313568,0.246630,0.021075,0.065655,0.246122,0.275756,0.301031,0.119370,0.229628,0.192306,0.312782,0.330496,0.101762,0.160407,0.236285,0.066827,0.247246,0.284748,0.232912,0.097108,0.200699,0.195813,0.196937,0.148150,0.063999,0.187272,0.175592,0.164625,0.156443,0.187570,0.205420,0.214482,0.323235,0.176108,0.134359,0.272973,0.107083,0.149834,0.204492,0.118911,0.200116,0.265789,0.288932,0.217980,0.194886,0.047121,0.169330,0.099902,0.239565,0.093304,0.081477,0.170248,0.154470,0.254861,0.110348,0.122993,0.169113,0.081639,0.158479,0.254877,0.131340,0.207337,0.267661,0.119155,0.080068,0.116672,0.240861,0.094880,0.263893,0.087385,0.166346,0.022533,0.122121,0.267846,0.172307,0.403655,0.126568,0.286269,0.092683,0.344008,0.207506,0.231330,0.179438,0.141590,0.162999,0.075990,0.100801,0.076441,0.146246,0.275001,0.127734,0.307522,0.256994,0.204661,0.337673,0.246308,0.077252,0.128309,0.206288,0.165612,0.179718,0.193710,0.211192,0.135676,0.245006,0.334311,0.242044,0.325280,0.262377,0.399849,0.190609,0.279647,0.120288,0.070945,0.020561,0.121005,0.280707,0.222092,0.249772,0.203374,0.070263,0.250026,0.111117,0.156655,0.119774,0.324375,0.121424,0.211476,0.064934,0.315387,0.263960,#
3,0.165294,0.161925,0.288022,1.000000,0.141926,0.122209,0.082958,0.223594,0.087292,0.187490,0.092862,0.156486,0.099781,0.212398,0.088497,0.041396,0.168314,0.256745,0.136490,0.135914,0.097873,0.181180,0.235564,0.247790,0.180498,0.180421,0.177325,0.020972,0.095673,0.028692,0.252485,0.183035,0.123686,0.306105,0.013926,0.143702,0.208555,0.234669,0.154149,0.045207,0.162420,0.092334,0.300556,0.076763,0.142665,0.297308,0.246536,0.144488,0.146394,0.189098,0.354850,0.109770,0.046202,0.209204,0.052351,0.251051,0.152291,0.209117,0.099721,0.137425,0.108745,0.094665,0.159235,0.230882,0.210370,0.091701,0.059958,0.245052,0.063570,0.214491,0.309290,0.018501,-0.018400,0.273571,0.267724,0.159122,0.032089,0.301445,0.157298,0.184327,0.132619,0.099333,0.213141,0.224344,0.052155,0.172631,0.265813,0.116415,0.149123,0.243022,0.168121,0.171612,0.014134,0.227028,-0.001103,0.191530,0.117989,0.045997,0.296244,0.033756,0.117932,0.195651,0.236633,0.149972,0.222226,0.045782,0.191003,0.208043,0.099263,0.099457,0.162531,0.201110,0.131826,0.228880,0.072659,0.168552,0.153165,0.116350,0.089573,0.131338,0.216529,0.106050,0.233123,0.175002,0.160422,0.183412,0.160421,0.009712,0.199335,0.150991,0.150666,0.085719,0.205265,0.265959,0.162273,0.265748,0.099096,0.029981,0.208034,0.227823,0.185340,0.056409,0.193324,0.132011,0.333677,0.090560,0.221443,0.145167,0.262870,0.172726,0.193192,-0.005637,0.050248,0.130151,0.042006,0.093398,0.188401,0.164356,0.048727,0.260909,0.269768,0.161103,0.274257,0.409043,0.199128,0.256602,0.161898,0.072247,0.144741,0.256265,0.193395,0.105726,0.094561,0.272439,0.280911,0.066469,0.079258,0.053625,0.141372,0.172193,0.220759,0.266537,0.233067,0.194101,0.054643,0.139511,0.044071,0.253255,0.053314,0.040469,0.293302,0.172612,0.048563,0.095559,0.077905,0.204936,0.165084,0.099094,0.191117,0.199949,#
4,0.215558,0.299752,0.093004,0.141926,1.000000,0.096575,0.352263,0.119302,0.162598,0.204400,0.293546,0.162652,0.187359,0.213552,0.045708,0.078185,0.030323,0.202845,0.236782,0.206345,0.067684,0.213342,0.226323,0.237463,0.052606,0.294584,0.115114,0.214477,0.300048,0.021694,0.168362,0.097491,0.317065,0.119444,0.180678,0.100119,0.039674,0.373484,0.105998,0.184343,0.222985,0.175083,0.186161,0.204726,0.237575,0.169680,0.292656,0.230638,0.241577,0.341158,0.233854,0.042037,0.143102,0.224740,0.198615,0.171413,0.117769,0.181562,0.131333,0.231040,0.258265,0.146832,0.099222,0.149506,0.130546,-0.013818,0.179062,0.124307,0.181480,0.158676,0.199103,0.219794,0.063113,0.223744,0.212701,-0.058571,0.053697,0.142549,-0.019882,0.064547,0.291306,0.283109,0.106422,0.255339,0.063411,0.133815,0.114780,0.124449,0.228435,0.235580,0.180535,0.217068,-0.067723,0.202745,-0.062728,0.235588,0.087332,0.392787,0.261600,0.211563,0.292998,0.106082,0.073338,0.246039,0.183903,0.060523,0.094605,0.121451,0.183103,0.221856,0.247014,0.119873,0.197296,0.380199,0.203122,0.026511,0.195689,-0.036067,0.243408,0.105295,0.029751,0.260606,0.226799,0.164731,0.145043,0.272446,0.102558,0.172930,-0.042945,0.083707,0.177095,0.228987,0.187399,0.015030,0.205551,0.177655,0.013040,0.018762,0.072167,0.190130,0.104552,0.012834,0.105397,0.315816,0.282940,0.168147,0.258245,0.001430,0.181959,0.324524,0.238597,0.182549,0.160102,0.190339,0.085702,0.130499,0.275202,0.128969,0.178165,0.172236,0.184565,0.124049,0.188066,0.304559,0.191142,0.370238,0.084570,0.052021,0.246032,0.216978,0.303683,0.092034,-0.012887,0.082110,0.218518,0.037468,0.146619,0.014789,0.154753,0.123960,0.118258,0.083013,0.138460,0.109845,0.157032,0.200123,0.137221,0.338704,0.226715,0.069824,0.177777,0.168917,0.068545,0.068587,0.103781,0.200855,0.275577,0.362389,0.197741,0.095622,#
5,0.308000,0.255540,0.319445,0.122209,0.096575,1.000000,0.113738,0.190331,0.055584,0.314918,0.124391,0.188724,0.186415,0.091904,0.130301,0.234478,0.242034,0.331856,0.268850,0.085607,0.203256,0.267171,0.237192,0.376916,0.113449,0.202193,0.273179,0.225721,0.230863,0.107503,0.117341,0.301203,0.264475,0.045676,0.125294,0.096028,0.329177,0.068736,0.211854,0.314548,0.126776,0.194026,0.068638,0.247985,0.120178,0.254608,0.207556,0.044258,0.276436,0.281799,0.295076,0.116430,0.143972,0.084292,0.249219,0.161848,0.071070,0.412937,0.216643,0.131685,0.231776,0.250918,0.255604,0.191401,0.279429,0.105663,0.201843,0.273580,0.076608,0.154248,0.378448,0.103131,0.223580,0.371766,0.249662,0.164422,0.203692,0.237385,0.206922,0.204545,0.247659,0.179932,0.274828,0.079075,0.066688,0.253633,0.177779,0.240720,0.183761,0.106910,0.120605,0.241050,0.006645,0.161354,0.027105,0.195310,0.205305,0.045306,0.174250,0.132524,0.256146,0.295290,0.296963,0.239894,0.170278,0.057701,0.100793,0.182037,0.188905,0.157313,0.273391,0.170471,0.265321,0.166281,0.199278,0.176773,0.258242,0.280439,0.108626,0.244188,0.008288,0.120843,0.198926,0.164951,0.230366,0.174977,0.038002,0.072826,0.293452,0.352948,0.117768,0.331609,0.029214,0.134783,0.268440,0.146471,0.056663,0.096846,0.160327,0.165738,0.235228,0.247328,0.130031,0.233429,0.209909,0.108063,0.144753,0.176984,0.207048,0.125681,0.167592,0.102498,0.176697,0.290265,0.094578,0.213938,0.205721,0.132360,0.375721,0.053858,0.246063,0.162259,0.208661,0.144956,0.207166,0.042960,0.076592,0.249373,0.273669,0.257712,0.062443,0.147978,0.290967,0.167845,0.087813,0.115345,0.052423,0.130603,0.223249,0.203481,0.271865,0.364536,0.221029,0.038104,0.226313,0.242277,0.149494,0.241230,0.199159,0.220971,0.393112,0.118296,0.045055,0.162293,0.255525,0.215542,0.221527,0.193182,0.287708,0.307706,#
6,0.294394,0.267725,0.182583,0.082958,0.352263,0.113738,1.000000,0.189187,0.055383,0.160893,0.204319,0.077543,0.091804,0.194794,0.079693,0.088875,0.219269,0.142331,0.194778,0.286940,0.163139,0.235592,0.226338,0.181327,0.157677,0.061245,0.087561,0.166702,0.210000,0.060824,0.076272,0.127732,0.211053,0.005794,0.066192,-0.000708,0.071237,0.076309,0.218340,0.133732,0.181501,0.194133,0.233755,0.233708,0.163532,0.097813,0.301657,0.333911,0.238254,0.331271,0.132535,0.181976,0.201938,0.167041,0.115596,0.233670,0.294311,0.302898,0.137799,0.212109,0.051449,0.122835,0.048649,0.123839,0.117051,0.218174,0.162582,0.088834,0.125540,0.206369,0.221112,0.172327,0.165247,0.203633,0.196308,0.124401,0.120855,0.083552,0.094113,0.163987,0.196724,0.193913,0.211074,0.163272,0.077766,0.278366,0.158416,0.281458,0.284640,0.220242,0.303188,0.124443,-0.009028,0.303688,0.128036,0.337551,0.160252,0.176155,0.302691,0.186977,0.194604,0.247528,0.019651,0.216801,0.079575,0.260101,0.187266,0.140261,0.163848,0.146409,0.219636,0.182947,0.214816,0.313831,0.139529,0.092513,0.182796,0.175604,0.257959,0.116889,0.098560,0.286547,0.167111,0.051785,0.160224,0.165221,0.043603,0.236792,0.113108,0.248258,0.171321,0.081054,0.269258,-0.063685,0.345495,0.172353,0.135129,0.256598,0.122131,0.144946,0.072412,-0.085152,0.089880,0.283682,0.127884,0.279375,0.172949,0.081503,0.226968,0.156435,0.232972,0.040998,0.174416,0.225098,0.119376,0.158732,0.112149,0.099059,0.184580,0.137818,0.144075,0.169359,0.105631,0.220871,0.179710,0.205220,0.079617,0.083546,0.248547,0.322180,0.083608,0.167327,0.125315,0.181697,0.257439,0.115847,0.163813,0.133808,0.190954,0.161794,-0.075603,0.044098,0.126972,0.113366,0.171613,0.062466,0.104622,0.170716,0.315502,0.168732,0.203662,0.072329,0.172610,0.098828,0.147218,0.207917,0.167441,0.128424,0.106938,0.212086,#
7,0.178517,0.225540,0.171583,0.223594,0.119302,0.190331,0.189187,1.000000,0.032091,0.306452,0.188820,0.286444,0.193931,0.227906,-0.019251,0.109173,0.155497,0.233959,0.208629,0.293032,0.194831,0.188214,0.431322,0.170926,0.355402,0.186866,0.206061,0.282940,0.225394,0.086956,0.305137,0.356739,0.400558,0.105601,0.172031,0.186412,0.244201,0.131040,0.217978,0.197395,0.040198,0.109494,0.373805,0.083509,0.168968,0.267813,0.143922,0.254859,0.334594,0.312085,0.386418,0.139457,0.162718,0.273184,0.291495,0.266817,0.224098,0.260535,0.114473,0.264211,0.133605,0.024854,0.178652,0.170449,0.314468,0.034002,0.127292,0.271430,0.126896,0.416093,0.280537,0.047923,0.270420,0.359354,0.267164,0.161053,0.292863,0.219683,0.232867,0.334664,0.156115,0.254491,0.310121,0.331340,0.135498,0.275542,0.375932,0.245949,0.231287,0.282993,0.319738,0.170852,0.133760,0.136071,0.153580,0.301151,0.177450,0.071163,0.189949,0.052264,0.298904,0.215933,0.133609,0.213618,0.180778,0.266033,0.181336,0.207073,0.275093,0.092273,0.217265,0.139958,0.160351,0.258612,0.195304,0.205296,0.190005,0.243822,0.261346,0.154148,0.200157,0.275419,0.118296,0.344190,0.319424,0.289393,0.231880,0.244465,0.205119,0.212423,0.209758,0.139997,0.179320,0.186310,0.338292,0.214131,0.112567,0.287929,0.246152,0.346358,0.317302,0.381832,0.025609,0.204821,0.277829,0.205132,0.246183,0.158149,0.301296,0.118231,0.272867,0.429008,0.092273,0.146625,0.066026,0.308135,0.279495,0.236700,0.204746,0.242470,0.258483,0.273206,0.174378,0.372310,0.250469,0.063743,0.256935,0.115329,0.377403,0.257769,0.284132,0.212864,0.159953,0.123698,0.188318,0.099189,0.205383,0.221803,0.081724,0.321131,0.154261,0.311814,0.078393,0.061647,0.108926,0.260335,0.230198,0.348441,0.026313,0.265308,0.228981,0.172815,0.056225,0.247801,0.069956,0.241927,0.312921,0.290677,0.218607,0.284155,#
8,0.254632,0.045544,0.044475,0.087292,0.162598,0.055584,0.055383,0.032091,1.000000,0.079037,0.224974,0.171972,0.154691,0.176851,0.195499,0.197995,0.182254,0.026422,-0.007852,0.190095,0.209872,0.093452,0.174493,0.111906,0.092302,0.160256,0.052883,0.212885,0.003732,0.176142,0.051756,0.111896,0.092696,0.178920,0.184531,0.109443,0.125833,0.216150,0.082331,0.375999,-0.001938,0.053375,0.042506,0.220455,0.248190,0.149116,0.203637,0.116562,0.080501,0.140626,0.063991,0.169175,0.001281,0.276527,0.137119,0.150936,0.108348,0.072113,0.061607,0.165026,0.157500,-0.132153,0.253713,0.212117,0.232972,-0.095603,0.162466,0.197064,0.219082,0.207597,0.071492,0.279252,0.056689,0.198346,0.074311,0.050515,0.029981,0.001320,0.101472,-0.020127,0.081835,0.068030,0.080368,0.026405,0.048639,0.175012,0.086653,0.047804,0.154990,0.075665,0.207394,0.139585,0.060253,0.158499,0.024971,0.325889,0.156592,0.099572,0.016503,0.055236,0.182191,-0.036768,-0.027548,0.037581,0.127873,-0.067833,0.214401,0.138234,0.027084,0.140084,0.025596,0.126023,0.084200,0.124804,-0.021399,0.180338,0.314232,0.048946,-0.069284,0.215242,0.076675,0.036244,0.097711,0.120443,0.130257,0.241936,-0.040348,0.183309,0.178936,0.091204,0.204026,0.179585,0.061932,-0.056576,0.230474,0.107382,0.013828,0.201295,0.208580,0.114139,0.059697,0.122881,0.279173,0.140005,0.235195,0.133236,0.152627,0.288144,0.209101,0.190399,0.127093,0.125921,0.054700,0.223834,0.200912,0.143151,0.168426,-0.089600,0.165069,0.198106,0.046289,0.166864,0.074700,0.260690,0.101677,0.116602,0.108534,0.079961,0.084198,0.169325,0.314235,-0.224681,-0.002790,0.314830,0.201686,0.184938,0.049674,0.083491,0.059685,0.213964,0.208327,0.016076,-0.151512,0.118696,0.270996,0.061187,0.028621,0.044213,0.136963,-0.017659,0.123707,0.115423,-0.020411,0.136004,0.101681,0.168608,0.169759,-0.074542,0.221375,0.168526,#
9,0.283049,0.229638,0.103663,0.187490,0.204400,0.314918,0.160893,0.306452,0.079037,1.000000,0.315340,0.304802,0.187953,0.093522,0.237098,0.289189,0.243086,0.176846,0.261847,0.309958,0.191967,0.288438,0.296326,0.290068,0.213510,0.293721,0.197382,0.419760,0.278585,0.096541,0.293574,0.335441,0.187752,0.222058,0.162696,0.211127,0.144193,0.229851,0.242420,0.286183,0.119198,0.340575,0.122390,0.128913,0.227497,0.456292,0.248556,0.292227,0.255251,0.200821,0.342191,0.177435,0.257753,0.270398,0.145100,0.279427,0.376463,0.247496,0.096600,0.250066,0.109943,0.265673,0.294902,0.258371,0.216173,0.197044,0.130302,0.390861,0.283087,0.162724,0.267887,0.188670,0.146704,0.303031,0.276806,0.223582,0.362900,0.163635,0.314799,0.324404,0.290322,0.215001,0.389000,0.232881,0.256934,0.388800,0.401625,0.129383,0.278016,0.189826,0.186877,0.446973,0.074077,0.304976,0.229641,0.307039,0.380098,0.132468,0.250119,0.215608,0.287778,0.200263,0.253640,0.099629,0.193002,0.133769,0.264167,0.310751,0.149311,0.169102,0.223571,0.236344,0.269158,0.267711,0.130477,0.371395,0.402911,0.335524,0.432129,0.211925,0.327656,0.327616,0.274442,0.222174,0.330065,0.306347,0.086097,0.271566,0.119758,0.137911,0.196186,0.324626,0.194506,0.218999,0.425469,0.104385,0.160094,0.206984,0.176092,0.368554,0.152443,0.221935,0.155834,0.198652,0.316620,-0.007257,0.277525,0.192955,0.148829,0.194517,0.272242,0.308495,0.282058,0.280083,0.180704,0.272651,0.286984,0.231618,0.324147,0.196291,0.277403,0.120813,0.090868,0.346979,0.274807,0.242860,0.211719,0.145756,0.380669,0.314745,0.197983,0.218321,0.264547,0.297753,0.158414,0.170683,0.097324,0.079405,0.163936,0.373621,0.170427,0.373408,0.240893,0.226824,0.233784,0.283164,0.352907,0.359661,0.258254,0.209943,0.301404,0.227883,0.086549,0.232140,0.240480,0.215036,0.147280,0.211111,0.243903,0.282522,#
10,0.359200,0.347399,0.016971,0.092862,0.293546,0.124391,0.204319,0.188820,0.224974,0.315340,1.000000,0.203152,0.123853,0.210906,0.253322,0.176234,0.276834,0.208709,0.400981,0.262695,0.204074,0.213488,0.207626,0.125119,0.166716,0.157291,0.276062,0.262056,0.199851,0.193082,0.173228,0.160737,0.207216,0.194794,0.179583,0.239974,0.077026,0.238080,0.234149,0.155870,-0.041689,0.060520,0.222006,0.137455,0.259712,0.234497,0.200560,0.244536,0.322463,0.290847,0.136909,0.215350,0.190864,0.264105,0.230258,0.189030,0.193196,0.227325,0.136466,0.131307,0.275509,0.220546,0.164562,0.262536,0.180011,0.045800,0.249849,0.205340,0.186103,0.107949,0.227860,0.130560,0.019246,0.267061,0.187706,0.264995,0.293528,0.096880,0.204155,0.086958,0.111592,0.280563,0.171623,0.263995,0.141886,0.267699,0.284729,0.042830,0.295077,0.215159,0.180402,0.250521,0.217795,0.128345,0.097122,0.218359,0.282649,0.072409,0.334465,0.266136,0.305967,0.184126,0.105186,0.278760,0.191783,0.110398,0.334645,0.199080,0.117728,0.165531,0.110865,0.220276,0.179279,0.309801,0.192172,0.332279,0.272037,0.028365,0.150462,0.121518,0.116079,0.097218,0.284446,0.206603,0.264990,0.237025,-0.000231,0.150157,0.147981,0.270812,0.160483,0.172721,0.194202,-0.017993,0.374181,0.184416,0.156124,0.231443,0.035850,0.473186,0.179821,0.096693,0.291044,0.078015,0.271775,0.147793,0.086194,0.200622,0.161210,0.276432,0.170469,0.272851,0.122014,0.325636,0.253366,0.280676,0.245050,0.133820,0.203321,0.294707,0.099978,0.172110,0.150413,0.339134,0.183943,0.189861,0.103005,0.023813,0.156723,0.351682,0.246960,0.085941,0.233134,0.266255,0.288921,-0.054053,0.085081,0.179000,0.355208,0.401792,0.263005,0.179039,0.245302,0.158415,0.242211,0.174421,0.186561,0.330003,0.175902,0.099848,0.197528,0.218825,0.073363,0.156364,0.224236,0.327865,0.188701,0.324123,0.239399,0.321251,#
11,0.315372,0.261165,0.199634,0.156486,0.162652,0.188724,0.077543,0.286444,0.171972,0.304802,0.203152,1.000000,0.325996,0.151813,0.078630,0.231311,0.323500,0.235670,0.164698,0.051056,0.194550,0.294958,0.211734,0.275880,0.253223,0.282552,0.149533,0.374167,0.116718,0.275495,0.275957,0.381582,0.246965,0.214105,0.114831,0.086804,0.277123,0.278450,0.121981,0.110276,0.192803,0.247965,0.266873,0.298441,0.121330,0.276294,0.192595,0.323936,0.278327,0.117440,0.310337,0.179647,0.085986,0.290577,0.189399,0.262720,0.375040,0.162722,0.164931,0.201112,0.234048,0.287914,0.242029,0.260271,0.400590,0.068590,0.207576,0.221891,0.218780,0.247019,0.199413,0.131844,0.177260,0.361652,0.305889,0.192011,0.181989,0.204947,0.452635,0.132032,0.285055,0.014747,0.143181,0.294411,0.230515,0.303363,0.411405,0.150585,0.196524,0.134556,0.363572,0.229487,0.146832,0.179911,0.153287,0.199918,0.103527,0.145222,0.262302,0.338414,0.379665,0.201627,0.194397,0.043890,0.268861,0.247581,0.252668,0.150257,0.276945,0.289546,0.099637,0.166922,0.269455,0.265008,0.104211,0.485047,0.309845,0.056373,0.214270,0.240079,0.173135,0.363634,0.238345,0.213241,0.242419,0.230825,0.312995,0.307018,0.299128,0.236724,0.325573,0.375329,0.012043,0.059244,0.231466,0.161959,0.148370,0.289789,0.185752,0.260187,0.141478,0.264359,0.185207,0.247640,0.323640,0.316271,0.355515,0.183318,0.309818,0.222156,0.167776,0.346992,0.173935,0.199908,0.324496,0.159886,0.199856,0.170476,0.221089,0.137982,0.235822,0.144558,0.114815,0.369854,0.332891,0.221963,0.212818,0.231520,0.400511,0.241945,0.331553,0.090788,0.284591,0.307734,0.207601,0.248745,0.309916,0.172890,0.099535,0.196941,0.291785,0.199722,0.226935,0.224488,0.117328,0.342443,0.226873,0.186446,0.248157,0.164122,0.040613,0.141058,0.180935,-0.096938,0.186279,0.158086,0.327587,0.116548,0.170948,0.363674,#
12,0.232437,0.216450,0.218029,0.099781,0.187359,0.186415,0.091804,0.193931,0.154691,0.187953,0.123853,0.325996,1.000000,0.162001,0.209820,0.270677,0.186647,0.184184,0.365940,0.282951,0.233172,0.104292,0.187455,0.182698,0.249103,0.180836,0.153753,0.320331,0.314454,0.252847,0.188826,0.307724,0.276830,0.161009,0.211604,0.010964,0.293271,0.168013,0.090111,0.223133,0.265612,0.153381,0.320155,0.200257,0.161669,0.342725,0.148560,0.232805,0.299187,0.148306,0.280470,0.011450,0.058319,0.302578,0.199164,0.207996,0.223322,0.283818,0.179237,0.278255,0.260339,0.190793,0.154213,0.178728,0.256324,0.038068,0.161613,0.071717,0.149170,0.088192,0.161110,0.141569,0.050413,0.204601,0.271073,0.225303,0.079587,0.164337,0.098287,0.197684,0.301565,0.095468,0.273185,0.306115,0.218433,0.366559,0.215124,0.122880,0.271429,0.235421,0.244207,0.219195,0.095560,0.209887,0.089104,0.047957,0.226563,0.240742,0.110050,0.100574,0.176702,0.204008,0.157937,0.230190,0.282249,0.160608,0.215976,0.167228,0.170774,0.413536,0.163464,0.086749,0.216397,0.242989,0.130374,0.305409,0.297483,0.355916,0.091530,0.244512,0.119093,0.381285,0.258767,0.247440,0.040412,0.264869,0.111470,0.151608,0.234125,0.062770,0.211789,0.332675,0.063319,0.012215,0.196074,0.202790,0.097794,0.231053,0.194765,0.197440,0.284915,0.331896,0.146747,0.161913,0.174661,0.210640,0.395186,0.164087,0.327518,0.140389,0.303694,0.390533,0.054876,0.145248,0.245717,0.168323,0.227908,0.002571,0.188827,0.032094,0.337947,0.184084,0.107156,0.281588,0.185024,0.246840,0.133649,-0.054460,0.338673,0.261895,0.148646,0.154600,0.241844,0.199545,0.258592,0.056278,0.133483,0.182442,-0.075183,0.171418,0.314054,0.202404,0.227392,0.251296,0.228249,0.250377,0.205248,0.248417,0.108276,0.006937,0.267945,0.344867,0.160883,0.198787,0.177968,0.164330,0.307466,0.044435,0.311232,0.212594,#
13,0.198668,0.298276,0.195633,0.212398,0.213552,0.091904,0.194794,0.227906,0.176851,0.093522,0.210906,0.151813,0.162001,1.000000,0.180278,0.230303,0.127140,0.171860,0.160975,0.190547,0.145459,0.210143,0.246812,0.017746,0.373375,0.289676,0.207003,0.249248,0.137730,0.038592,0.148903,0.072425,0.227411,0.130168,0.030540,0.133752,0.177196,0.286775,0.046884,0.185439,0.116445,0.147240,0.375417,0.174508,0.195163,0.136316,0.307810,0.153596,0.315723,0.170276,0.339883,0.166289,0.216805,0.177115,0.238522,0.438597,0.230879,0.191021,0.172544,0.254862,0.266258,0.196841,0.375227,0.203827,0.151774,-0.009061,0.314276,0.181028,0.351008,0.350653,0.114772,0.247374,0.203898,0.238941,0.295575,0.150606,0.176024,0.213019,0.213598,0.177366,0.161193,0.286590,0.290206,0.281438,0.291896,0.193688,0.374960,0.252507,0.176031,0.308574,0.293549,0.265269,0.167404,0.252418,0.279298,0.298980,0.152798,0.120477,0.089723,0.136846,0.313573,0.220543,0.156370,0.097342,0.205981,0.246055,0.262245,0.149019,0.184158,0.191279,0.255912,0.156120,0.277220,0.333934,0.096867,0.150686,0.195399,0.194434,0.195054,0.241247,0.194430,0.288314,0.094163,0.250246,0.159947,0.225946,0.098947,0.246548,0.414739,0.114171,0.169907,0.132061,0.209194,0.173741,0.305875,0.160654,0.190631,0.266464,0.282405,0.290365,0.248215,0.121297,0.154636,0.169199,0.283198,0.322613,0.247690,0.160057,0.050418,0.261429,0.286737,0.045857,0.164093,0.289618,0.280144,0.179195,0.166450,0.099900,0.202720,0.101140,0.170023,0.313587,0.076144,0.334667,0.242256,0.363814,0.079893,0.133227,0.339575,0.341380,0.306105,0.228561,0.215280,0.196781,0.271606,0.163679,0.156591,0.133551,0.282978,0.175247,0.242129,0.137413,0.132903,0.185630,0.128597,0.224644,0.217461,0.325141,0.291236,0.297792,0.118399,0.175974,0.141447,0.172552,0.220230,0.289428,0.210527,0.168964,0.302041,0.293013,#
14,0.324330,0.200880,0.197296,0.088497,0.045708,0.130301,0.079693,-0.019251,0.195499,0.237098,0.253322,0.078630,0.209820,0.180278,1.000000,0.244387,0.171314,0.188178,0.244910,0.268450,0.107308,0.097308,0.207562,0.197415,0.190441,0.205116,0.199930,0.079029,0.225624,0.086427,0.049069,0.052433,0.141760,0.083512,0.125176,0.251854,0.213620,0.236394,0.285502,0.253263,0.188813,0.245278,0.237070,0.194633,0.122113,0.228425,0.358475,0.109696,0.222363,0.019859,0.269598,0.180472,0.067595,0.175734,0.256040,0.161944,0.211458,0.218140,0.081837,0.166629,0.188449,0.275753,0.115910,0.235468,0.276689,0.041524,0.163142,0.217590,0.183491,0.154069,0.085752,0.252756,-0.123084,0.275391,-0.050747,0.033992,0.057189,0.185745,0.132727,0.155312,0.168686,-0.021996,0.283641,0.294777,0.168529,0.245248,-0.000660,0.095803,0.151795,0.167817,0.152392,0.203272,0.183396,0.155283,0.148434,0.098776,0.204290,0.179355,0.283125,0.102568,0.089977,0.136897,0.146258,0.017921,0.127557,0.132252,0.281710,0.316212,0.202950,0.141248,0.037401,0.143292,0.298821,0.039342,0.100131,0.246321,0.113011,0.230912,0.118717,0.142213,0.155127,0.172121,0.176235,0.172725,0.055507,0.115222,0.019389,0.092336,0.090127,0.090715,-0.033583,0.156174,0.205504,-0.028512,0.093853,0.084552,0.117980,0.246352,0.192940,0.123645,0.197613,0.177245,0.212813,0.036224,0.115081,-0.008275,0.157512,-0.018812,0.082822,0.094798,0.093967,0.022764,0.028172,0.251941,0.124172,0.019526,0.117946,0.021414,0.218865,-0.037217,0.197457,0.173483,0.075335,0.136587,0.173694,0.137653,0.102046,0.164320,0.107151,0.211788,0.313369,0.108721,0.173123,0.348915,0.237297,0.071711,0.294362,0.128830,0.220254,0.329481,0.249511,0.321602,0.030974,0.217202,0.249784,0.244847,0.233162,0.263544,0.000549,-0.056626,0.183433,0.191031,0.050342,0.314800,0.199482,0.038648,0.007511,0.146774,0.264101,0.370345,#
15,0.241206,0.141479,0.117971,0.041396,0.078185,0.234478,0.088875,0.109173,0.197995,0.289189,0.176234,0.231311,0.270677,0.230303,0.244387,1.000000,0.189675,0.314133,0.241018,0.123875,-0.045246,0.139023,0.165871,0.205562,0.286630,0.108633,0.244102,0.221071,0.148835,-0.026922,0.181071,0.248097,0.147994,0.172290,0.120199,0.179932,0.225244,0.194049,0.209715,0.274698,0.277782,0.184358,0.181857,0.163691,0.341353,0.160051,0.188206,0.228409,0.187268,0.144292,0.379248,0.046133,0.202433,0.252612,0.173854,0.127939,0.216002,0.286611,0.104605,0.189893,0.096143,0.206130,0.088461,0.092608,0.103257,0.017398,0.377803,0.308180,0.181238,0.183032,0.047631,0.371983,0.051239,0.126342,0.332160,0.191715,0.177753,0.294719,0.299947,0.033293,0.397899,0.052869,0.067208,0.194426,0.167288,0.227274,0.325538,0.036257,0.268387,0.196205,0.204624,0.036808,0.101364,0.307579,0.234340,0.201645,0.227003,0.113017,0.339220,0.140378,0.310812,0.222533,0.284943,0.164510,0.268553,0.052212,0.160752,0.131431,0.186847,0.304030,0.115595,0.238379,0.141304,0.148098,0.107715,0.316133,0.261673,0.211892,0.166968,0.238602,0.170757,0.233903,0.089183,0.247112,-0.014169,0.181463,0.097549,0.131962,0.221807,0.054246,0.066699,0.239403,0.078106,0.175408,0.243721,0.237930,0.211026,0.061944,0.278449,0.032060,0.195386,0.165888,0.458003,0.104017,0.184554,0.209286,0.441532,0.075332,0.099370,0.219643,0.287759,0.172106,0.153075,0.425684,0.150721,0.303240,0.160169,0.158708,0.256355,0.143421,0.135889,0.186411,0.061067,0.292019,0.167551,0.254709,0.137047,0.057845,0.222529,0.337847,0.198536,0.102788,0.202668,0.188072,0.258502,0.005512,0.200376,0.148498,0.047296,0.279139,0.182891,0.285868,0.081277,0.051716,0.230143,0.266766,0.102350,0.185722,0.155238,0.073832,-0.018293,0.323540,-0.047886,0.251178,0.122995,0.140006,0.169724,0.113047,0.109897,0.306276,#
16,0.362322,0.119446,0.208634,0.168314,0.030323,0.242034,0.219269,0.155497,0.182254,0.243086,0.276834,0.323500,0.186647,0.127140,0.171314,0.189675,1.000000,0.280150,0.210976,0.034136,0.469013,0.151449,0.447598,0.107591,0.183540,0.235835,0.221834,0.112405,0.124163,0.122103,0.141657,0.300458,0.113450,0.107965,0.099800,0.102212,0.330614,0.191433,0.142900,0.199554,0.071155,0.139015,0.210570,0.210003,0.128181,0.109060,0.238947,0.225558,0.224198,0.133160,0.068831,0.241701,0.312271,0.188419,0.125202,0.220103,0.120795,0.231830,0.041877,0.011347,0.148404,0.207458,0.121045,0.252159,0.342936,0.047030,0.223244,0.275538,0.064632,0.285191,0.128696,0.201539,0.102360,0.184712,0.303384,0.465333,0.119966,0.172661,0.306035,0.182185,0.129385,0.134928,0.145498,0.183935,0.128082,0.382703,0.388650,0.147969,0.196746,0.134993,0.265978,0.136976,0.127656,0.113731,0.118133,0.271777,0.177532,0.072935,0.354984,0.205058,0.195581,0.236646,0.079098,0.214393,0.169753,0.208711,0.168795,0.137566,0.231194,0.195370,0.122987,0.204456,0.190596,0.134521,0.212338,0.324879,0.296832,0.179591,0.029409,0.051811,0.123179,0.244406,0.251381,0.190803,0.143201,0.148145,0.071951,0.112104,0.260718,0.290594,0.101188,0.253672,0.202234,0.000167,0.336514,0.140644,-0.037084,0.216475,0.157371,0.187557,0.036677,0.194799,0.090022,0.236599,0.164944,0.205129,0.057989,0.087730,0.086550,0.030600,0.175793,0.140783,0.116290,0.178552,0.188573,0.251354,0.186476,-0.000033,0.302586,0.180817,0.141259,0.283399,0.279392,0.301122,0.102528,0.069830,0.143588,0.195442,0.219227,0.162821,0.178877,-0.026459,0.206001,0.065731,0.214135,0.220581,0.187763,0.099927,0.036815,0.223203,0.204879,0.205828,0.126537,0.047666,0.081180,0.105827,0.255063,0.183445,0.122881,0.107887,0.096309,0.110407,0.031259,0.116014,0.269865,0.202669,0.192548,0.140016,0.170310,0.281502,#
17,0.417398,0.175413,0.251785,0.256745,0.202845,0.331856,0.142331,0.233959,0.026422,0.176846,0.208709,0.235670,0.184184,0.171860,0.188178,0.314133,0.280150,1.000000,0.263618,0.214101,0.165005,0.302815,0.314396,0.346173,0.310744,0.237248,0.130512,0.214515,0.290870,0.115833,0.224106,0.404867,0.483463,0.185537,0.074129,0.146395,0.238494,0.447005,0.151012,0.085423,0.137274,0.124298,0.273082,0.307600,0.130978,0.155949,0.272521,0.184620,0.415027,0.311020,0.328843,0.029199,0.041364,0.281698,0.248954,0.244470,0.232337,0.321505,0.178017,0.247060,0.158893,0.258653,0.092739,0.227181,0.213193,0.212130,0.332717,0.369888,0.258759,0.367293,0.347813,0.289590,0.251359,0.346700,0.275778,0.287273,0.212194,0.298822,0.220221,0.162041,0.334808,0.251797,0.303387,0.334618,0.222824,0.237485,0.270179,0.195176,0.414743,0.298252,0.257253,0.145922,0.160054,0.159064,0.112207,0.162460,0.197657,0.257289,0.322896,0.331249,0.384712,0.254704,0.134590,0.185154,0.240154,0.178789,0.131087,0.486629,0.093988,0.153424,0.169430,0.107029,0.231075,0.222754,0.108270,0.257030,0.311137,0.163072,0.225507,0.321174,0.160121,0.148217,0.119643,0.181998,0.271365,0.325597,0.182060,0.109690,0.096815,0.085998,0.135677,0.274706,0.255378,0.310515,0.254434,0.174130,0.289762,0.060201,0.271940,0.291853,0.293267,0.240982,0.247983,0.180817,0.335229,0.216644,0.184513,0.094823,0.258848,0.062044,0.346228,0.118536,0.181500,0.351835,0.205069,0.251195,0.198552,0.211486,0.381803,0.226566,0.341509,0.265660,0.161029,0.257553,0.277189,0.288164,0.037527,0.212535,0.157331,0.282869,0.361682,0.200006,0.252132,0.309306,0.282450,0.038192,0.298777,0.218337,0.175507,0.325178,0.304790,0.452332,0.189644,-0.051438,0.160566,0.299659,0.299775,0.382137,0.331849,0.145834,0.127505,0.334337,-0.081326,0.150434,0.323055,0.322237,0.354166,0.117797,0.250994,0.385227,#
18,0.233195,0.340673,0.285564,0.136490,0.236782,0.268850,0.194778,0.208629,-0.007852,0.261847,0.400981,0.164698,0.365940,0.160975,0.244910,0.241018,0.210976,0.263618,1.000000,0.360774,0.102232,0.113626,0.075414,0.225299,0.172604,0.317015,0.414614,0.209832,0.410538,0.119563,0.284486,0.331346,0.380002,0.065374,0.184158,0.231106,0.324761,0.224312,0.195456,0.160038,0.266211,0.066371,0.279404,0.087884,0.147660,0.216001,0.234922,0.221642,0.227744,0.178302,0.272235,0.035446,0.256117,0.455321,0.224429,0.119674,0.240715,0.404915,0.065535,0.092072,0.251036,0.267068,0.195847,0.392160,0.167702,0.336662,0.252081,0.282410,0.133656,0.044464,0.121634,0.230467,0.065215,0.253818,0.214022,0.092472,0.125558,0.245308,0.344704,0.359077,0.392605,0.185610,0.277327,0.273417,0.129413,0.142028,0.284265,0.192729,0.222731,0.133055,0.254741,0.197129,0.192803,0.120922,0.186982,0.116865,0.309005,0.193446,0.147961,0.250979,0.203122,0.356437,0.356142,0.257421,0.332719,0.121034,0.190542,0.177940,0.217216,0.247151,0.272695,0.323902,0.047351,0.332872,0.179742,0.155177,0.184491,0.270164,0.196977,0.149951,0.065935,0.367730,0.219058,0.255125,0.148610,0.267748,0.074646,0.221736,0.271071,0.211417,0.242400,0.184808,0.171773,0.022147,0.361948,0.153639,0.134479,0.346011,0.243025,0.312173,0.307691,0.104287,0.092870,0.106253,0.301036,0.238047,0.139822,-0.028008,0.147715,0.158544,0.211494,0.161463,0.267862,0.227147,0.198392,0.348462,0.362267,0.301693,0.259271,0.192103,0.274289,0.277331,0.163667,0.268441,0.170766,0.243480,0.261498,0.231276,0.342574,0.338215,0.142524,0.218787,0.200637,0.172213,0.320267,0.006999,0.144324,0.310631,0.315857,0.359747,0.214222,0.338557,0.203277,0.163080,0.433945,0.330107,0.283490,0.435215,0.248294,0.127175,0.256396,0.223334,0.064531,0.274514,0.292650,0.182558,0.333521,0.210158,0.389221,0.429337,#
19,0.226033,0.136247,0.199006,0.135914,0.206345,0.085607,0.286940,0.293032,0.190095,0.309958,0.262695,0.051056,0.282951,0.190547,0.268450,0.123875,0.034136,0.214101,0.360774,1.000000,0.049453,0.199034,0.241456,0.227664,0.223884,0.239644,0.171891,0.246631,0.204100,0.305612,0.098997,0.158628,0.206856,0.107624,0.241074,0.201510,0.065508,0.273000,0.296503,0.237383,0.130584,0.065777,0.255356,0.079854,0.228763,0.288019,0.234387,0.260780,0.297006,0.248650,0.192317,0.138625,0.081407,0.373529,0.187992,0.206154,0.242944,0.258392,0.028641,0.285329,0.175226,0.069589,0.156756,0.159804,0.193361,0.125048,0.116348,0.155676,0.229483,0.183750,0.262503,0.192945,0.193406,0.171489,0.201636,0.104880,0.237902,0.288445,0.177772,0.142518,0.268756,0.140759,0.355541,0.105285,0.233648,0.290014,0.234937,0.134534,0.315057,0.209825,0.174818,0.293296,0.161253,0.201772,0.187425,0.257457,0.284915,0.210129,0.153695,0.163481,0.206683,0.225074,0.199749,0.172818,0.209343,0.066219,0.346253,0.375039,0.163375,0.127739,0.193858,0.198773,0.275495,0.272838,0.185261,0.167397,0.277241,0.358363,0.232187,0.145498,0.208006,0.386721,0.084874,0.191893,0.338923,0.329263,0.083965,0.205262,0.061296,0.087002,0.227538,0.145857,0.236908,0.062158,0.225896,0.185574,0.249340,0.176038,0.182556,0.265147,0.339772,0.104602,0.158643,0.111428,0.319811,0.225367,0.160108,0.326655,0.316969,0.071514,0.155000,0.206694,0.170095,0.313124,0.074977,0.225891,0.258956,0.190673,0.256604,-0.005336,0.244955,0.177423,0.254492,0.241188,0.145195,0.191621,0.212022,0.076889,0.152727,0.283032,0.419658,0.191074,0.146650,0.124846,0.272152,0.040303,0.092807,0.190217,0.054555,0.344435,0.221906,0.291621,0.076233,0.257985,0.245612,0.199305,0.211710,0.307212,0.128944,0.053949,0.254184,0.196069,0.160446,0.393223,0.192468,0.218491,0.297465,0.309427,0.430864,0.327299,#
20,0.297927,0.136569,0.143784,0.097873,0.067684,0.203256,0.163139,0.194831,0.209872,0.191967,0.204074,0.194550,0.233172,0.145459,0.107308,-0.045246,0.469013,0.165005,0.102232,0.049453,1.000000,0.228893,0.256538,0.123698,0.174461,0.135864,0.206458,0.283476,0.099712,0.151181,0.094308,0.157872,0.184124,0.095965,0.246488,0.090822,0.145713,0.148876,0.044357,0.211957,-0.013400,0.282163,0.273276,0.209934,0.102503,0.279323,0.121658,0.219261,0.300332,0.110398,0.168579,0.254840,0.346837,0.221521,0.167816,0.133812,0.241708,0.181131,0.006855,0.260188,0.223858,-0.008388,0.262771,0.229399,0.389308,-0.102303,0.119850,0.177563,0.210435,0.284598,0.196091,0.099794,0.308834,0.312813,0.205726,0.302007,0.250652,0.014698,-0.006800,0.301560,0.018824,-0.001449,0.293486,0.157135,0.030367,0.305322,0.250255,0.239676,0.205114,0.225189,0.240800,0.338913,0.134560,0.185414,0.095551,0.151400,0.168455,0.128806,0.129710,0.106871,0.040392,0.178529,0.069417,0.150958,0.058507,0.167243,0.181588,0.128544,0.131310,0.280047,0.251509,0.034342,0.297303,0.214168,0.164677,0.297374,0.394232,0.116611,0.007514,0.053759,0.058770,0.174436,0.250310,0.191170,0.249094,0.248278,0.252117,0.325804,0.203051,0.293821,0.102880,0.210418,0.117088,-0.034359,0.268519,0.117067,0.045616,0.349354,0.255581,0.307707,0.163211,0.208010,-0.072896,0.110931,0.262623,0.054256,0.102285,0.135611,0.084091,0.131876,0.118886,0.239437,0.010714,0.063109,0.221917,0.226356,0.040384,-0.029944,0.189905,0.109812,0.224588,0.237566,0.151515,0.163927,0.285997,0.120691,0.045909,0.072898,0.187085,0.174076,0.209366,0.031429,0.078946,0.264721,0.172702,0.241595,0.038985,0.060934,0.242773,0.399027,0.249091,0.176839,0.115119,0.210433,0.226407,0.126267,0.086879,0.204506,0.210245,0.095155,0.337336,0.119179,0.102929,0.165724,0.274780,0.251390,0.176608,0.103552,0.173772,0.202861,#
21,0.348679,0.307057,0.292867,0.181180,0.213342,0.267171,0.235592,0.188214,0.093452,0.288438,0.213488,0.294958,0.104292,0.210143,0.097308,0.139023,0.151449,0.302815,0.113626,0.199034,0.228893,1.000000,0.205547,0.350045,0.310953,0.203341,0.216099,0.296784,0.148867,0.222234,0.173473,0.212447,0.212599,0.290966,0.182981,0.168689,0.252560,0.278333,0.186741,0.096278,0.174577,0.295548,0.112123,0.239755,0.263020,0.120774,0.341278,0.167449,0.235202,0.267942,0.270699,0.104329,0.290197,0.277896,0.191641,0.156584,0.339858,0.302869,0.187810,0.228520,0.160558,0.140064,0.247915,0.131090,0.352747,0.129102,0.226728,0.227913,0.286864,0.390564,0.398109,0.156768,0.216236,0.182347,0.232673,0.176932,0.267375,0.084293,0.152740,0.219408,0.313751,0.213146,0.143754,0.174346,0.199320,0.278819,0.189856,0.232370,0.286703,0.296839,0.178438,0.204587,0.139747,0.096213,0.232557,0.258510,0.214812,0.278572,0.325349,0.288127,0.313628,0.146059,0.128626,0.205249,0.211710,0.362196,0.111417,0.273290,0.234774,0.211987,0.156524,0.182097,0.412537,0.259886,0.073541,0.286473,0.424710,0.076107,0.249269,0.316830,0.134698,0.330723,0.004000,0.301982,0.173737,0.360001,0.241674,0.308856,0.205553,0.121690,0.307609,0.085900,0.196958,0.136470,0.232924,0.093300,0.177371,0.185097,0.308590,0.273744,0.091340,0.220114,0.162063,0.128853,0.291298,0.280716,0.187391,0.264113,0.155005,0.162788,0.210130,0.248097,0.117865,0.398007,0.266982,0.221480,0.226290,0.214002,0.282439,0.269949,0.418146,0.131744,0.151101,0.362706,0.284870,0.151868,0.000315,0.317609,0.120652,0.282249,0.328196,0.150218,0.209106,0.246446,0.198317,0.100329,0.293947,0.124629,0.299337,0.387311,0.211677,0.246923,0.062528,0.205778,0.222469,0.264795,0.216782,0.311641,0.308388,0.135404,0.222028,0.318905,0.172072,0.104821,0.367814,0.274782,0.257894,0.224897,0.210674,0.320462,#
