0,1.000000,0.197890,0.372235,0.151422,0.248378,0.269077,0.200041,0.138970,0.247618,0.286854,0.351506,0.279745,0.141961,0.146253,0.361387,0.220101,0.273993,0.357504,0.229557,0.263612,0.299045,0.352393,0.291470,0.358292,0.230538,0.131031,0.353107,0.295001,0.397252,0.230746,0.167886,0.152827,0.256159,0.122960,0.123789,0.429246,0.309591,0.229152,0.338737,0.378403,0.151597,0.324915,0.143000,0.262895,0.166261,0.289808,0.374323,0.310820,0.348767,0.269083,0.377969,0.236505,0.228246,0.069238,0.414350,0.225817,0.252101,0.266113,0.221475,0.238591,0.315950,0.260312,0.275944,0.367533,0.328361,0.180420,0.313473,0.280587,0.282221,0.250763,0.355726,0.288300,0.376261,0.278117,0.114226,0.148058,0.252635,0.294120,0.259854,0.121072,0.366080,0.160373,0.262379,0.230554,0.282739,0.344586,0.282238,0.175014,0.360443,0.217820,0.225763,0.177328,0.140610,0.230882,0.351921,0.230366,0.444057,0.263005,0.283343,0.372971,0.307135,0.368865,0.250166,0.341455,0.229534,0.234352,0.280636,0.212262,0.164837,0.196234,0.210301,0.146239,0.196865,0.262127,0.133426,0.260962,0.375063,0.229517,0.221408,0.321946,0.371552,0.181752,0.186150,0.161709,0.212091,0.371165,0.184993,0.177710,0.119242,0.391764,0.243606,0.351634,0.327821,0.269640,0.241371,0.171110,0.376218,0.188476,0.260046,0.461289,0.237452,0.205239,0.307933,0.218782,0.326590,0.219924,0.172246,0.173591,0.333168,0.273282,0.254812,0.287345,0.333347,0.233045,0.164669,0.075677,0.136476,0.141105,0.412347,0.353126,0.210714,0.333277,0.114933,0.194091,0.343019,-0.010319,0.199540,0.193429,0.211908,0.196927,0.405529,0.078237,0.423488,0.403692,0.135075,0.275835,0.348561,0.259625,0.341393,0.269370,0.281064,0.430857,0.062863,0.007237,0.195296,0.333169,0.341712,0.410668,0.323058,0.168298,0.366349,0.269364,0.222176,0.139583,0.361589,0.175066,0.087278,0.176145,0.377432,0.277789,#
1,0.197890,1.000000,0.059229,0.209498,0.385914,0.297347,0.306477,0.198446,0.203031,0.134114,0.401706,0.238233,0.198738,0.242596,0.174067,0.123405,0.102119,0.212912,0.242560,0.214719,0.091412,0.292706,0.179837,0.328444,0.266596,0.196660,0.247026,0.321914,0.325264,0.154849,0.327188,0.245069,0.348795,0.266909,0.111724,0.136667,0.183374,0.300614,0.347303,0.291813,0.209436,0.219167,0.284472,0.251849,0.167349,0.306410,0.303005,0.344629,0.243758,0.124252,0.408287,0.205791,0.321669,0.122144,0.246902,0.263724,0.238618,0.256847,0.392890,0.335675,0.163907,0.255150,0.249871,0.336082,0.244179,0.288709,0.155208,0.295188,0.311498,0.173814,0.247332,0.235303,0.371297,0.204613,0.270382,0.047697,0.290928,0.208226,0.285310,0.170105,0.213298,0.405066,0.315529,0.332693,0.167669,0.126895,0.288132,0.206494,0.264199,0.423270,0.304408,0.387139,0.130517,0.279882,0.151729,0.255470,0.216426,0.223134,0.136700,0.198923,0.115526,0.141759,0.195038,0.233887,0.170383,0.243918,0.192521,0.321127,0.137107,0.285356,0.388284,0.198121,0.144773,0.231383,0.295852,0.281278,0.299748,0.155930,0.338671,0.344097,0.158044,0.229957,0.276454,0.205235,0.158594,0.370772,0.164502,0.221138,0.104350,0.218145,0.255860,0.247614,0.087369,0.262334,0.424554,0.354674,0.184587,0.234608,0.197232,0.320898,0.322617,0.092366,0.055603,0.084450,0.234105,0.196444,0.270465,0.112574,0.284796,0.267729,0.202299,0.250377,0.244058,0.089013,0.185469,0.190411,0.324577,0.228988,0.332420,0.074142,0.049594,0.283325,0.201995,0.172986,0.282552,0.341763,0.173064,0.314316,0.277180,0.347682,0.294174,0.221508,0.239322,0.261157,0.330963,0.202309,0.030671,0.279964,0.261710,0.220027,0.225588,0.167785,0.301764,0.116753,0.327831,0.266585,0.191883,0.304885,0.207092,0.299061,0.402636,0.256476,0.183038,0.134604,0.262495,0.243376,0.058296,0.277846,0.095442,0.138562,#
2,0.372235,0.059229,1.000000,0.278517,0.151136,0.143619,0.233066,0.195111,-0.019874,0.021980,0.078338,0.277012,0.188428,0.161083,0.193946,0.145332,0.209645,0.096300,0.152167,0.163378,0.288363,0.331328,0.314349,0.228280,0.248313,0.192655,0.264563,0.128515,0.213196,0.233954,0.138244,0.063915,0.126365,0.109899,0.061689,0.205339,0.209481,0.142454,0.184883,0.171104,0.234830,0.267151,0.156192,0.139972,0.013545,0.349807,0.154359,0.307275,0.162321,0.141204,0.230678,0.336346,0.261782,0.061662,0.118180,0.203550,0.071322,0.161938,0.152176,0.194200,0.003071,0.216930,0.290987,0.206785,0.275451,0.210274,0.081664,0.027876,0.179507,0.304081,0.243864,0.047164,0.159828,0.264062,0.109357,0.223847,0.176855,0.218092,0.176356,0.187788,0.295381,0.047157,0.082071,0.174452,0.090314,0.190417,0.325940,0.152105,0.148247,0.155445,0.202128,0.217288,0.202505,0.077178,0.136440,0.059211,0.214240,0.137986,0.206799,0.166588,0.295913,0.201266,0.161426,0.204758,0.165782,0.192532,0.155890,0.214364,0.045803,0.263745,0.239958,0.112449,0.195806,0.163114,0.203372,0.250804,0.169642,0.194713,0.021760,0.106838,0.228739,0.214932,0.135707,0.048502,0.161302,0.122011,0.215909,0.099018,0.097421,0.236881,0.133372,0.312566,0.151054,0.022088,0.163974,0.291701,0.150110,0.169194,-0.058750,0.086502,-0.022542,0.140479,0.212020,0.142911,0.334048,0.193800,0.166975,0.219830,0.349204,0.213609,0.148293,0.385124,0.192104,0.137669,0.063571,0.027253,0.015873,0.106606,0.217280,0.097214,0.250639,0.162199,0.210964,0.209004,0.326530,0.030872,0.140679,0.263234,0.004101,0.118320,0.139796,0.133976,0.109824,0.167728,0.203325,0.194752,0.360538,0.171929,0.209123,0.237827,0.301781,0.118700,0.080978,0.211831,0.025042,0.168974,0.170876,0.166624,0.249599,0.122767,0.182912,0.158675,0.380529,0.059098,0.204682,0.112443,0.114739,0.148048,0.305587,0.160600,#
3,0.151422,0.209498,0.278517,1.000000,0.303027,0.130795,0.213408,0.191072,0.123751,0.120117,0.173912,0.365421,0.168726,0.249689,0.155094,0.178305,0.161893,0.213093,0.180625,0.133820,0.082163,0.248217,0.265091,0.322221,0.287560,0.161288,0.137278,0.092741,0.194807,0.158161,0.273756,0.319578,0.243980,0.367393,0.004629,0.312507,0.311014,0.401820,0.255107,0.143171,0.234849,0.267334,0.152721,0.258355,0.158806,0.280291,0.305999,0.249244,0.120871,0.241446,0.325522,0.143338,0.167800,0.108432,0.105603,0.301710,0.213503,0.289685,0.320294,0.244727,0.095413,0.153017,0.208149,0.311695,0.189415,0.274949,0.169372,0.297337,0.136529,0.220770,0.324291,0.087620,0.175890,0.162184,0.225428,0.246356,0.257074,0.254551,0.333741,0.157245,0.251691,0.239507,0.135701,0.206921,0.296153,0.260593,0.327228,0.112278,0.239916,0.334041,0.244452,0.258059,0.247079,0.335256,0.116951,0.248923,0.269344,0.215413,0.269534,0.244356,0.353437,0.145862,0.305158,0.233552,0.257432,0.216095,0.122670,0.190205,0.039937,0.129657,0.253489,0.130959,0.204928,0.210781,0.074115,0.161675,0.258084,0.051651,0.195865,0.203246,0.339606,0.181525,0.220378,0.315479,0.160176,0.127058,0.215954,0.105289,0.193707,0.301801,0.089001,0.304608,0.300617,0.274267,0.205925,0.161215,0.141195,0.030303,0.249963,0.258296,0.285433,0.157706,0.234659,0.248722,0.281314,0.142476,0.276353,0.199235,0.226003,0.210299,0.220581,0.217111,0.134011,0.163110,0.117523,0.074328,0.235526,0.254308,0.074814,0.277827,0.259993,0.253104,0.258099,0.319515,0.277816,0.267803,0.280811,0.238340,0.151013,0.227878,0.275935,0.122780,0.187795,0.214357,0.197343,0.217873,0.206203,0.258144,0.163453,0.228349,0.288356,0.283652,0.299682,0.266512,0.180883,0.181146,0.181849,0.303665,0.011843,0.124538,0.141684,0.252285,0.325950,0.200613,0.101410,0.252706,0.163967,0.243183,0.249917,0.202361,#
4,0.248378,0.385914,0.151136,0.303027,1.000000,0.176864,0.318913,0.181138,0.217573,0.100773,0.189612,0.134443,0.207258,0.164917,0.075399,0.145950,0.140038,0.130982,0.237587,0.297797,0.144676,0.268310,0.252492,0.289707,0.203861,0.293560,0.109718,0.259658,0.335824,-0.000672,0.125930,0.182597,0.319167,0.181627,0.130180,0.196023,0.179103,0.287050,0.090106,0.188988,0.263806,0.285825,0.145436,0.132132,0.346553,0.145129,0.301899,0.284509,0.187480,0.226782,0.240206,0.078703,0.182767,0.084324,0.198511,0.215553,0.175344,0.159807,0.294736,0.255432,0.243003,0.197734,0.101865,0.127216,0.173562,0.147343,0.259327,0.150013,0.165927,0.175648,0.229906,0.221273,0.221202,0.170390,0.114842,-0.092127,0.196027,0.265992,0.154292,0.028529,0.314014,0.260560,0.071370,0.177031,0.231390,0.170125,0.223694,0.196423,0.246705,0.357874,0.190917,0.230792,0.014628,0.233966,-0.059594,0.297202,0.257838,0.381327,0.348330,0.268003,0.181341,0.028268,0.201113,0.323942,0.241011,0.163253,0.056398,0.186625,0.123636,0.209800,0.384574,0.063828,0.158093,0.405856,0.161802,0.092856,0.168573,-0.097353,0.216180,0.057780,0.252645,0.183053,0.248920,0.110208,0.203809,0.187681,0.226609,0.121062,-0.022895,0.210517,0.152399,0.175247,0.169336,0.129630,0.252366,0.250505,0.250355,-0.097708,0.131013,0.252713,0.280053,-0.007326,0.098263,0.192317,0.187474,0.140039,0.218668,0.043223,0.278803,0.347991,0.163681,0.195375,0.177239,0.184414,-0.005761,0.054702,0.253560,0.197915,0.293548,0.245687,0.117773,0.184104,0.141839,0.343994,0.142122,0.321233,0.084050,0.092871,0.045281,0.192603,0.239983,0.051535,0.112672,0.068388,0.297301,0.135950,0.221071,0.162937,0.209035,0.113372,0.094909,0.129030,0.193689,0.147296,0.045753,0.161157,0.175418,0.382611,0.169189,0.103909,0.272275,0.124364,0.232554,0.030859,-0.018997,0.256286,0.168628,0.389737,0.117698,0.164435,#
5,0.269077,0.297347,0.143619,0.130795,0.176864,1.000000,0.223097,0.141334,0.186007,0.245430,0.196339,0.136512,0.215936,0.052091,0.254034,0.218829,0.233699,0.236695,0.175803,-0.007227,0.274221,0.280826,0.242600,0.403748,0.226649,0.121960,0.156803,0.239425,0.267929,0.146006,0.093946,0.275603,0.297843,0.104478,0.060455,0.127920,0.339483,0.095452,0.282808,0.283353,0.166858,0.291727,0.015234,0.376518,0.152366,0.248127,0.267509,0.119507,0.199719,0.252219,0.276025,0.146775,0.216243,-0.024423,0.170986,0.174122,0.043331,0.304137,0.303754,0.213052,0.132065,0.238376,0.193663,0.163952,0.205330,0.182910,0.277207,0.189436,0.156166,0.181471,0.307017,0.209510,0.218525,0.322242,0.144601,0.107910,0.259898,0.180939,0.185883,0.234508,0.192090,0.161758,0.282578,0.055382,0.015257,0.314756,0.116577,0.135524,0.270528,0.209462,0.179098,0.306786,0.052637,0.234726,0.115030,0.106002,0.198948,0.066994,0.230315,0.086136,0.257578,0.238622,0.212669,0.178816,0.069075,0.137019,-0.024600,0.265315,0.074140,0.192776,0.341651,0.127828,0.328869,0.118564,0.214421,0.118635,0.346750,0.201152,0.195718,0.215805,0.040281,0.171281,0.077556,0.225180,0.111497,0.141481,-0.027317,0.043765,0.303204,0.345460,0.151762,0.342327,0.154941,0.144022,0.347092,0.232682,0.090904,0.106312,0.126901,0.153186,0.283521,0.204637,0.106178,0.223412,0.163352,0.051701,0.181110,0.158807,0.121603,0.230154,0.196697,0.101604,0.207290,0.310133,0.060968,0.149829,0.267183,0.037915,0.415769,0.071834,0.165562,0.141191,0.198011,0.111445,0.266377,-0.029432,0.019279,0.195785,0.206469,0.319993,0.143010,0.170978,0.219527,0.203938,0.102535,0.144936,0.176937,0.199701,0.291579,0.173305,0.270470,0.257774,0.287774,0.020124,0.272119,0.271591,0.204766,0.210399,0.078463,0.198375,0.317301,0.143725,0.178269,0.179652,0.281454,0.184150,0.069490,0.337556,0.078029,0.241653,#
6,0.200041,0.306477,0.233066,0.213408,0.318913,0.223097,1.000000,0.236167,0.120918,0.042320,0.232804,0.137602,0.094733,0.205434,0.157805,0.160926,0.265266,0.227316,0.217368,0.270715,0.214111,0.205722,0.204731,0.185627,0.092092,0.147634,0.152435,0.271202,0.346234,0.177639,0.088992,0.246035,0.266353,0.129521,0.065256,0.107186,0.191669,0.218957,0.317564,0.206767,0.277080,0.242134,0.090313,0.273424,0.082361,0.177438,0.296873,0.409196,0.209821,0.303311,0.136526,0.283147,0.304269,0.154230,0.188327,0.217219,0.215463,0.308206,0.279694,0.283984,0.060646,0.271580,0.079680,0.294617,0.173879,0.391856,0.268120,0.205699,0.209943,0.178628,0.262793,0.209216,0.340605,0.087886,0.222914,0.174187,0.231317,0.217498,0.235642,0.211032,0.307798,0.334763,0.266286,0.163106,0.207417,0.272057,0.155383,0.304840,0.267744,0.338379,0.274039,0.211449,0.095815,0.269308,0.122758,0.320085,0.210970,0.199052,0.299145,0.244149,0.231398,0.241717,0.122046,0.142693,0.011054,0.348746,0.025077,0.150361,0.170839,0.190819,0.318568,0.138302,0.220755,0.169095,0.185863,0.171820,0.290181,0.144526,0.265397,0.228896,0.165483,0.253091,0.117528,0.050303,0.196071,0.082502,0.147164,0.283289,0.043535,0.359933,0.219631,0.151721,0.234512,0.006746,0.391770,0.223773,0.157091,0.265105,0.253050,0.210276,0.178849,-0.017688,0.054754,0.378469,0.073169,0.227624,0.190379,0.094890,0.206867,0.126475,0.234239,0.199810,0.241449,0.230852,0.150672,0.112936,0.152484,0.111232,0.292347,0.141850,0.107763,0.231750,0.262653,0.170232,0.260972,0.127033,0.137047,0.261706,0.262574,0.323545,0.081715,0.125577,0.257410,0.169228,0.228433,0.284270,0.195500,0.293224,0.308504,0.140086,0.006433,0.084649,0.203130,0.268894,0.265193,0.209957,0.234324,0.216885,0.245646,0.305985,0.198993,0.069454,0.338149,0.221626,0.139893,0.223432,0.157137,0.232275,0.086495,0.238147,#
7,0.138970,0.198446,0.195111,0.191072,0.181138,0.141334,0.236167,1.000000,0.093231,0.290074,0.241259,0.328329,0.112524,0.249555,0.139072,0.271948,0.132301,0.275592,0.191234,0.284593,0.272851,0.237996,0.438325,0.124204,0.333520,0.038334,0.250773,0.315081,0.271514,0.108305,0.286491,0.311302,0.334422,0.121107,0.122176,0.216237,0.096271,0.193408,0.269555,0.288806,0.135053,0.242608,0.286338,0.164533,0.235300,0.297256,0.179941,0.300889,0.326062,0.198202,0.302922,0.223343,0.169525,0.136669,0.234118,0.232673,0.168867,0.322283,0.255285,0.269788,0.283457,0.114105,0.184199,0.283178,0.357360,0.154107,0.158466,0.258272,0.185430,0.302996,0.183809,0.086398,0.340489,0.328165,0.239950,0.159665,0.292397,0.263747,0.289977,0.303657,0.225590,0.244464,0.285904,0.221957,0.159672,0.222436,0.323916,0.062228,0.258856,0.306724,0.237632,0.186248,0.204090,0.233974,0.057251,0.308792,0.202850,0.136163,0.165150,0.026167,0.299620,0.151346,0.262743,0.161852,0.044282,0.391230,0.322452,0.084385,0.274726,0.192344,0.232383,0.154560,0.080823,0.228433,0.294564,0.167665,0.166028,0.196459,0.175784,0.309643,0.216618,0.221444,0.134520,0.292639,0.307983,0.135916,0.246990,0.382598,0.112303,0.235524,0.033127,0.218918,0.200517,0.228970,0.379698,0.230936,0.120995,0.387255,0.233401,0.287032,0.375637,0.345289,-0.018241,0.228711,0.212091,0.134448,0.274928,0.183230,0.207908,0.242850,0.191492,0.405177,0.115112,0.114721,-0.021627,0.272352,0.260412,0.212971,0.313813,0.274705,0.161609,0.259540,0.194771,0.214334,0.285087,0.149961,0.307912,0.229098,0.314775,0.278720,0.246781,0.153906,0.218819,0.077458,0.205437,0.118406,0.238192,0.218520,0.095544,0.307582,0.191914,0.251682,0.070878,0.114938,0.081014,0.214660,0.226184,0.320001,0.113335,0.281953,0.253341,0.221483,0.295328,0.258532,0.056998,0.306345,0.189809,0.305964,0.279058,0.193161,#
8,0.247618,0.203031,-0.019874,0.123751,0.217573,0.186007,0.120918,0.093231,1.000000,0.152070,0.264198,0.117284,0.180839,0.182489,0.277836,0.143811,0.108232,0.035576,0.044675,0.221223,0.200506,0.180443,0.132839,0.176958,0.144683,0.086837,0.078429,0.221333,0.134257,0.136691,0.115128,0.217102,0.201984,0.224000,0.136046,0.243719,0.227158,0.192460,0.242544,0.319762,0.140604,0.121638,-0.133996,0.155047,0.318828,0.256022,0.232894,0.224537,0.077291,0.143222,0.074126,0.218315,0.055247,0.334174,0.231458,0.209012,0.122064,0.134478,0.200483,0.215931,0.165223,0.070101,0.243489,0.162289,0.215128,0.214196,0.194334,0.222189,0.263136,0.171611,0.104721,0.270139,0.205069,0.081501,0.030210,0.033312,0.194981,0.047954,0.240322,0.010187,0.210539,0.182599,0.245163,0.014555,0.233431,0.178645,0.197551,0.133140,0.288633,0.223634,0.197353,0.120417,0.068109,0.156465,0.188899,0.358085,0.239066,0.159506,0.179479,0.173739,0.193758,0.039486,0.119211,0.153876,0.210044,0.092644,0.219402,0.111336,-0.016559,0.133237,0.077742,0.069110,0.017208,0.220132,0.074140,0.233181,0.246105,0.128364,0.025389,0.240786,0.238121,0.109797,0.074279,0.178818,0.170101,0.254665,0.007553,0.206947,0.044778,0.197323,0.109648,0.150979,0.113630,0.104651,0.219662,0.227340,0.161440,0.155997,0.298908,0.255571,0.263347,0.211905,0.253931,0.123216,0.181295,0.133516,0.213215,0.269551,0.167723,0.221235,0.213555,0.206439,0.167368,0.206010,0.286713,0.167031,0.081131,0.089139,0.178144,0.220057,0.030159,0.180258,0.029637,0.249884,0.202388,0.212869,0.153473,0.221817,0.157889,0.158886,0.239403,-0.078993,0.095255,0.304665,0.107792,0.146420,0.070797,0.222604,0.224895,0.157475,0.200858,0.168336,-0.067761,0.207375,0.273626,0.169453,0.090539,0.134664,0.203731,0.115198,0.254334,0.154114,0.168690,0.168532,0.105075,0.164605,0.123136,-0.021660,0.098035,0.132320,#
9,0.286854,0.134114,0.021980,0.120117,0.100773,0.245430,0.042320,0.290074,0.152070,1.000000,0.298554,0.199804,0.011209,0.155775,0.227690,0.240625,0.150416,0.143008,0.039243,0.223047,0.153270,0.182101,0.268077,0.202153,0.160278,0.219534,0.220075,0.344289,0.220735,0.106897,0.276791,0.288192,0.162805,0.146975,0.160282,0.216043,-0.003233,0.253587,0.276567,0.226512,0.240248,0.307424,0.020698,-0.017427,0.212675,0.283037,0.239527,0.236626,0.145584,0.019387,0.266447,0.299513,0.185555,0.042926,0.237811,0.355017,0.302063,0.256710,0.116702,0.138856,0.041088,0.189943,0.280052,0.267722,0.280808,0.182922,0.045231,0.227043,0.250442,0.105918,0.236615,0.317504,0.209359,0.196006,0.213656,0.138572,0.299169,0.172658,0.323141,0.243112,0.090835,0.219464,0.216453,0.217142,0.198103,0.344147,0.375910,0.115230,0.129112,0.196064,0.014351,0.275715,0.063122,0.201077,0.157151,0.169243,0.351097,0.203347,0.156323,0.184444,0.251734,0.173049,0.317159,0.048161,0.048385,0.171061,0.176814,0.243879,0.212343,0.058075,0.168444,0.177200,0.187378,0.156234,0.172837,0.214477,0.240368,0.269517,0.428255,0.155645,0.318608,0.305826,0.181057,0.211550,0.261119,0.178538,-0.057508,0.235915,0.107915,0.210338,0.157823,0.282953,0.075761,0.256157,0.239194,0.067019,0.222824,0.277938,0.163278,0.205407,0.185649,0.270732,0.045614,0.121964,0.181063,-0.096358,0.276769,0.174804,0.052041,0.291757,0.221917,0.160126,0.320214,0.178279,0.026118,0.250616,0.287966,0.127903,0.408707,0.199886,0.117726,0.076374,0.047700,0.270076,0.169745,0.128752,0.081649,0.264281,0.377587,0.240686,0.175701,0.158838,0.256598,0.215859,0.134205,0.153157,0.219700,-0.028911,0.073848,0.388095,0.087164,0.238611,0.232932,0.067174,0.080062,0.168910,0.237890,0.324775,0.339086,0.134724,0.231655,0.168967,0.187037,0.211449,0.144121,0.207575,0.104775,0.062719,0.132309,0.166779,#
10,0.351506,0.401706,0.078338,0.173912,0.189612,0.196339,0.232804,0.241259,0.264198,0.298554,1.000000,0.087794,0.003471,0.269678,0.220800,0.147898,0.195694,0.198477,0.344430,0.151694,0.121890,0.248824,0.259618,0.141365,0.158361,0.043329,0.354651,0.268824,0.226495,0.196540,0.300259,0.253640,0.200219,0.171221,0.112823,0.266780,0.100629,0.289289,0.327386,0.227907,0.061867,0.126501,0.167974,0.025176,0.156183,0.224615,0.254314,0.299815,0.276843,0.227332,0.148849,0.226799,0.204507,0.181894,0.262903,0.225712,0.149812,0.263250,0.236561,0.116656,0.070591,0.207968,0.218219,0.350906,0.229750,0.235060,0.186083,0.198687,0.234517,0.189268,0.256174,0.245525,0.206704,0.173120,0.144232,0.196298,0.329214,0.035943,0.225750,0.123047,0.113851,0.250669,0.240401,0.218508,0.151677,0.186850,0.354679,0.117879,0.238691,0.249976,0.093597,0.095024,0.199341,0.099637,0.174584,0.152821,0.338406,0.053199,0.205729,0.257387,0.235881,0.227555,0.154180,0.233499,0.205659,0.139486,0.255990,0.257063,0.128042,0.174504,0.107985,0.145014,0.097264,0.191994,0.222491,0.328410,0.234523,0.023418,0.171824,0.175743,0.154397,0.146997,0.109103,0.230168,0.161976,0.165262,0.005040,0.223843,0.052926,0.394694,0.242637,0.171047,0.168941,0.114440,0.213459,0.239621,0.148423,0.260851,0.085228,0.320137,0.270325,0.172916,0.282483,0.167241,0.097170,0.169093,0.104994,0.113654,0.091935,0.302040,0.164298,0.269225,0.268489,0.190572,0.217963,0.220889,0.286696,0.047157,0.252541,0.303760,0.099826,0.198180,0.197127,0.262041,0.202822,0.058787,0.061192,0.167806,0.177878,0.256620,0.234325,0.144809,0.270948,0.236161,0.175736,0.011811,0.132880,0.228701,0.378002,0.339258,0.250264,0.125213,0.250528,0.054599,0.214356,0.163116,0.130924,0.235732,0.220598,0.187758,0.242252,0.215623,0.129211,0.168804,0.241084,0.231975,0.152439,0.238145,0.274697,0.257645,#
11,0.279745,0.238233,0.277012,0.365421,0.134443,0.136512,0.137602,0.328329,0.117284,0.199804,0.087794,1.000000,0.182434,0.129718,0.105137,0.193812,0.192941,0.248888,0.152546,0.048298,0.236915,0.248129,0.292118,0.283930,0.327413,0.209689,0.105469,0.294378,-0.008942,0.184128,0.307012,0.320063,0.241456,0.176892,0.104621,0.144282,0.203588,0.250843,0.252840,0.229252,0.242762,0.347506,0.216344,0.348770,0.065870,0.405713,0.272358,0.303816,0.180333,0.058867,0.394346,0.204559,0.230028,0.220121,0.129980,0.269111,0.366280,0.181278,0.275649,0.191357,0.155356,0.266204,0.316604,0.344469,0.342977,0.242343,0.217024,0.329257,0.194105,0.269636,0.220564,0.094525,0.284049,0.273531,0.217182,0.187896,0.234067,0.178577,0.462069,0.194081,0.225857,0.006689,0.240712,0.286923,0.262749,0.183361,0.429316,0.190286,0.195515,0.204597,0.348060,0.273372,0.225859,0.414862,0.091412,0.181759,0.156955,0.205869,0.145449,0.283516,0.309225,0.237352,0.283080,0.108148,0.270097,0.373512,0.230807,0.212571,0.254971,0.204023,0.279959,0.148221,0.303680,0.154130,-0.036165,0.413522,0.279252,0.122001,0.249805,0.264900,0.190214,0.242249,0.295744,0.228375,0.225743,0.126407,0.297677,0.418340,0.255792,0.279893,0.038807,0.444356,0.124013,0.267573,0.107599,0.148178,0.046949,0.315729,0.057620,0.301085,0.199793,0.242376,0.085178,0.296611,0.221386,0.137028,0.352312,0.131162,0.238080,0.241720,0.128623,0.364712,0.162938,0.142843,0.209685,0.091211,0.151361,0.077703,0.216339,0.240714,0.145875,0.168686,0.122049,0.219211,0.441739,0.150342,0.269265,0.334237,0.468792,0.196674,0.321142,0.035030,0.201855,0.221495,0.170962,0.335291,0.407759,0.120985,0.147391,0.190388,0.349098,0.258678,0.212607,0.151882,0.135711,0.251359,0.277935,0.225596,0.187855,0.222098,0.129717,0.092606,0.367439,-0.043911,0.212337,0.157712,0.157071,0.184190,0.134684,0.266671,#
12,0.141961,0.198738,0.188428,0.168726,0.207258,0.215936,0.094733,0.112524,0.180839,0.011209,0.003471,0.182434,1.000000,0.098014,0.215835,0.115487,0.219947,0.125950,0.185934,0.276453,0.277350,0.009832,0.264105,0.146640,0.282006,0.083201,0.082259,0.189927,0.267480,0.240296,0.030675,0.274537,0.273238,0.193726,0.062708,0.166437,0.268069,0.080332,0.235160,0.124261,0.303039,0.150331,0.225870,0.249443,0.157731,0.325982,0.213848,-0.004383,0.190118,0.020343,0.290536,0.152790,0.154893,0.118299,0.109009,0.217809,0.118984,0.252689,0.245887,0.231421,0.115122,0.218112,0.190014,0.227417,0.177142,0.159864,0.129852,0.098784,0.148009,0.094267,0.087197,0.245797,0.097493,0.103264,0.225265,0.169643,0.216660,0.177196,0.119070,0.073479,0.124839,0.121967,0.211101,0.203563,0.182292,0.340815,0.140868,0.187359,0.236717,0.231920,0.242011,0.254434,0.069867,0.259218,0.077859,-0.019393,0.334695,0.179151,0.104274,0.102839,0.193270,0.194459,0.171246,0.181350,0.233662,0.232340,0.115431,0.077750,0.034271,0.215779,0.285597,-0.098543,0.281237,0.255939,0.085976,0.120860,0.178216,0.232667,0.083454,0.233949,0.112783,0.229846,0.289019,0.205534,0.070661,0.208856,0.132722,0.105656,0.104747,0.084316,0.083535,0.233015,0.147829,0.082588,0.080618,0.139010,0.124003,0.179810,0.095941,0.226982,0.254776,0.195333,0.041118,0.145887,0.035597,0.148231,0.219016,0.113349,0.222187,0.114489,0.169366,0.388048,0.070157,0.170712,0.109783,0.033685,0.139723,-0.109279,0.142773,0.041270,0.096624,0.233398,0.156204,0.297924,0.114683,0.135184,0.155835,0.023842,0.144741,0.255580,0.110644,0.063428,0.190114,0.179523,0.222505,-0.001537,0.181262,0.225321,0.007721,0.271401,0.203421,0.173568,0.221879,0.083346,0.184371,0.236586,0.176017,0.240523,0.122523,0.065846,0.317982,0.248608,0.229153,0.129356,0.049638,0.139544,0.187446,0.074949,0.214235,0.186028,#
13,0.146253,0.242596,0.161083,0.249689,0.164917,0.052091,0.205434,0.249555,0.182489,0.155775,0.269678,0.129718,0.098014,1.000000,0.260308,0.252607,0.159308,0.078661,0.213976,0.201146,0.136727,0.207429,0.195339,0.096930,0.324796,0.258297,0.205115,0.243111,0.200953,0.066154,0.219886,0.163894,0.242078,0.212335,-0.010851,0.173843,0.179314,0.270333,0.144384,0.127638,0.125728,0.201169,0.333096,0.111220,0.162284,0.247721,0.294913,0.275362,0.311919,0.079324,0.289630,0.292456,0.265376,0.047186,0.238411,0.461668,0.195227,0.212783,0.283974,0.293098,0.214168,0.190412,0.386874,0.224742,0.135497,0.200728,0.348811,0.244223,0.422313,0.242410,0.043669,0.156420,0.336525,0.160062,0.193247,0.034670,0.228236,0.325362,0.260562,0.149796,0.266911,0.378147,0.280568,0.380162,0.373157,0.205121,0.389316,0.275202,0.276850,0.426128,0.234910,0.263554,0.264942,0.192092,0.153514,0.193535,0.241072,0.085711,0.161387,0.226984,0.332568,0.202736,0.188895,0.130636,0.193685,0.329343,0.187881,0.166942,0.244794,0.184142,0.230079,0.099096,0.250596,0.197738,0.227652,0.217300,0.260074,0.180292,0.196607,0.297506,0.270856,0.323811,0.055685,0.201486,0.157606,0.193368,0.089281,0.158167,0.359055,0.258976,0.168892,0.150912,0.121664,0.187564,0.339744,0.210748,0.260504,0.254591,0.378027,0.293058,0.239342,0.197389,0.191825,0.125022,0.285638,0.325152,0.266056,0.253366,0.010747,0.273810,0.281795,0.169254,0.208721,0.271838,0.276332,0.236126,0.124834,0.259515,0.210900,0.168677,0.130832,0.291110,0.084880,0.332687,0.295198,0.306805,0.092480,0.207563,0.220391,0.345810,0.244509,0.340442,0.310614,0.124226,0.249297,0.196024,0.075268,0.124854,0.306988,0.122178,0.279704,0.184018,0.215380,0.315459,0.046438,0.234157,0.248130,0.334427,0.259690,0.298402,0.077758,0.226471,0.296461,0.136678,0.123993,0.280003,0.168336,0.216973,0.219261,0.240293,#
14,0.361387,0.174067,0.193946,0.155094,0.075399,0.254034,0.157805,0.139072,0.277836,0.227690,0.220800,0.105137,0.215835,0.260308,1.000000,0.365836,0.187960,0.228605,0.238014,0.229067,0.184716,0.140538,0.305600,0.255338,0.228519,0.123955,0.225071,0.208004,0.280043,0.122487,0.117016,0.095180,0.154765,0.097401,0.139702,0.332850,0.316291,0.328686,0.313888,0.281926,0.323017,0.235058,0.258960,0.230407,0.162344,0.332014,0.290271,0.239904,0.277335,0.033908,0.368394,0.182806,0.164637,0.100998,0.376453,0.283943,0.254934,0.219980,0.222125,0.264968,0.208230,0.325554,0.188513,0.308345,0.234408,0.208582,0.189164,0.253640,0.265287,0.215578,0.108789,0.294104,0.075969,0.377428,-0.036901,0.042369,0.217462,0.250092,0.152508,0.196780,0.272337,0.077204,0.319251,0.267529,0.209910,0.305372,0.110252,0.089106,0.293929,0.247419,0.338805,0.191002,0.232709,0.297398,0.222337,0.047918,0.297073,0.200495,0.345206,0.206872,0.119537,0.226269,0.214751,0.183922,0.091651,0.285840,0.304805,0.391925,0.138837,0.246240,0.045034,0.063287,0.251117,0.071710,0.233765,0.311410,0.113833,0.294550,0.258778,0.305793,0.337285,0.247903,0.113628,0.185622,0.161613,0.188587,0.177470,0.129110,0.001037,0.250596,0.016072,0.346444,0.238289,0.053898,0.108370,0.116519,0.225145,0.156578,0.185974,0.189157,0.361019,0.311271,0.313418,0.098415,0.203248,0.198632,0.152702,0.102331,0.149779,0.181250,0.268712,0.142870,0.124754,0.207569,0.115648,0.012704,0.258339,0.163989,0.205260,0.022116,0.171043,0.237495,0.129264,0.151122,0.344514,0.141805,0.240247,0.208349,0.090423,0.244398,0.317819,0.225450,0.276848,0.360818,0.231480,0.119527,0.314201,0.229884,0.278673,0.328993,0.308788,0.308917,0.143332,0.203227,0.189009,0.244770,0.172958,0.174989,0.141013,0.187276,0.223003,0.248220,0.266512,0.370451,0.159618,0.088399,0.011408,0.180734,0.268212,0.263238,#
15,0.220101,0.123405,0.145332,0.178305,0.145950,0.218829,0.160926,0.271948,0.143811,0.240625,0.147898,0.193812,0.115487,0.252607,0.365836,1.000000,0.230502,0.324636,0.225606,0.187604,0.229364,0.187211,0.286818,0.252588,0.294308,0.231594,0.266369,0.251800,0.294360,0.095867,0.198970,0.239219,0.201238,0.291517,0.129409,0.119204,0.215001,0.243193,0.256159,0.293093,0.350422,0.251266,0.228257,0.195097,0.337851,0.263840,0.241134,0.224904,0.116069,0.078587,0.347905,0.237916,0.295241,0.092643,0.307814,0.122029,0.206014,0.297404,0.230421,0.339598,0.231788,0.138498,0.231925,0.318036,0.216107,0.165627,0.305065,0.359633,0.248122,0.197152,0.214292,0.343974,0.215550,0.307270,0.236058,0.163911,0.168491,0.392895,0.270852,0.195020,0.401716,0.129456,0.274059,0.263509,0.171363,0.266320,0.320062,0.109184,0.318561,0.291178,0.240126,0.122738,0.251973,0.357795,0.076958,0.147754,0.312151,0.164582,0.272086,0.205766,0.231336,0.181985,0.338998,0.287616,0.039371,0.202757,0.215310,0.173359,0.205178,0.321171,0.166781,0.206375,0.222223,0.096999,0.237466,0.432151,0.361572,0.156100,0.195453,0.324121,0.221313,0.344973,0.094647,0.289643,0.188427,0.095553,0.153407,0.157365,0.178557,0.234542,-0.033566,0.370515,0.137799,0.203126,0.267018,0.294447,0.255845,0.069661,0.182179,0.168533,0.216547,0.289837,0.297585,0.161881,0.293851,0.240703,0.343775,0.167176,0.289095,0.245780,0.344975,0.192609,0.155738,0.442533,-0.009542,0.318416,0.123155,0.184238,0.254662,0.147868,0.050796,0.157232,0.218766,0.281999,0.262068,0.201233,0.090858,0.229774,0.189052,0.300298,0.169708,0.141023,0.296595,0.174200,0.260267,0.053565,0.200837,0.094289,0.073315,0.331122,0.263998,0.294147,0.051209,0.267960,0.221251,0.245077,0.119028,0.257199,0.196055,0.178110,0.047925,0.372742,0.239478,0.301388,0.104634,0.246026,0.070132,0.212633,0.057706,0.214894,#
16,0.273993,0.102119,0.209645,0.161893,0.140038,0.233699,0.265266,0.132301,0.108232,0.150416,0.195694,0.192941,0.219947,0.159308,0.187960,0.230502,1.000000,0.236786,0.152917,0.113183,0.461459,0.183819,0.397329,0.162013,0.153029,0.236679,0.238807,0.074854,0.173305,0.129056,0.209889,0.387407,0.054030,0.217070,0.011361,0.206641,0.240801,0.135373,0.272504,0.294819,0.079925,0.314655,0.190609,0.251286,0.194912,0.290899,0.227476,0.221043,0.287170,0.052706,0.063811,0.306586,0.387599,0.113831,0.285814,0.190619,0.040577,0.259418,0.284643,0.077762,0.077665,0.360485,0.175730,0.334529,0.315555,0.226563,0.274245,0.403156,0.087017,0.253437,0.074453,0.332392,0.183921,0.206224,0.279812,0.391679,0.224868,0.330855,0.327634,0.134610,0.071544,0.081737,0.191155,0.191930,0.161568,0.338269,0.385806,0.154243,0.347314,0.157401,0.258679,0.213826,0.094863,0.183457,0.162882,0.088807,0.267211,0.090837,0.348013,0.187624,0.189559,0.224411,0.079583,0.166971,0.098429,0.279916,0.159810,0.011243,0.095430,0.160877,0.272805,0.136138,0.184911,0.181862,0.257385,0.427245,0.278569,0.163834,0.121935,0.300016,0.156212,0.220256,0.260230,0.184465,0.256248,0.041772,0.159664,0.111205,0.139591,0.245667,0.012356,0.274438,0.278156,0.081721,0.261643,0.271698,0.034431,0.198230,0.180577,0.347794,0.085642,0.150643,0.032825,0.239961,0.174818,0.139087,0.082023,0.179497,0.165918,0.004732,0.256743,0.265130,0.111035,0.142437,0.178317,0.190803,0.176861,0.061496,0.207547,0.200163,0.033162,0.323461,0.264777,0.304210,0.234147,0.102337,0.142793,0.239077,0.088640,0.178581,0.035774,-0.021940,0.278473,0.067502,0.150952,0.211927,0.121165,0.107503,0.224838,0.163979,0.170438,0.227041,0.216655,-0.066573,0.041320,0.107279,0.337669,0.241934,0.239238,0.160037,0.184752,0.036096,0.123418,0.172184,0.233668,0.268020,0.001630,0.213973,0.094188,0.216779,#
17,0.357504,0.212912,0.096300,0.213093,0.130982,0.236695,0.227316,0.275592,0.035576,0.143008,0.198477,0.248888,0.125950,0.078661,0.228605,0.324636,0.236786,1.000000,0.096312,0.262044,0.330035,0.262561,0.360943,0.318108,0.279754,0.118736,0.138686,0.151514,0.277198,0.216078,0.203296,0.405550,0.373339,0.232226,0.064123,0.216526,0.141198,0.427732,0.196070,0.107146,0.159661,0.209779,0.127864,0.280104,0.183981,0.298851,0.291272,0.190485,0.404949,0.214487,0.268024,0.148416,0.113030,0.123877,0.225735,0.197808,0.261901,0.417436,0.256765,0.380753,0.246171,0.277256,0.181737,0.290571,0.147801,0.298918,0.273259,0.343495,0.220222,0.336414,0.339733,0.190614,0.331059,0.236485,0.212285,0.292188,0.247127,0.327263,0.209972,0.237332,0.232269,0.240550,0.470337,0.236551,0.274626,0.211275,0.228273,0.160889,0.378097,0.334747,0.240335,0.186132,0.163979,0.214131,0.099353,0.138027,0.256989,0.351146,0.242055,0.261232,0.194188,0.160413,0.182285,0.273200,0.080439,0.358359,0.234155,0.397329,0.033550,0.085699,0.176289,0.085857,0.178435,0.269114,0.066225,0.299634,0.249649,0.221602,0.185646,0.381938,0.123203,0.182705,0.103097,0.255278,0.344546,0.179915,0.194286,0.238111,0.032700,0.203165,-0.075858,0.282721,0.340603,0.374604,0.236961,0.278781,0.361380,0.114583,0.231990,0.317329,0.296265,0.283717,0.102540,0.170707,0.273145,0.170514,0.087140,0.156373,0.227231,0.125053,0.318065,0.147788,0.157219,0.316311,0.089719,0.188216,0.172202,0.139055,0.500222,0.189286,0.294215,0.277108,0.201420,0.121667,0.302612,0.243414,0.092693,0.346160,0.157605,0.229688,0.378111,0.159728,0.225320,0.255163,0.313933,0.037160,0.284016,0.194823,0.130840,0.309810,0.237622,0.476028,0.172640,-0.049674,0.129969,0.167652,0.251237,0.330084,0.274615,0.271647,0.189009,0.332674,0.205042,0.161396,0.328857,0.310900,0.227415,0.152117,0.143180,0.215635,#
18,0.229557,0.242560,0.152167,0.180625,0.237587,0.175803,0.217368,0.191234,0.044675,0.039243,0.344430,0.152546,0.185934,0.213976,0.238014,0.225606,0.152917,0.096312,1.000000,0.209889,0.161498,0.144310,0.035819,0.242027,0.276189,0.169257,0.264924,0.242757,0.272701,0.122811,0.250363,0.215826,0.291150,0.061083,0.150926,0.239317,0.324974,0.173575,0.148639,0.236620,0.183118,0.245588,0.187762,0.187601,0.107999,0.221733,0.152602,0.176332,0.155880,0.072869,0.299380,0.011132,0.310410,0.222953,0.157942,0.049252,0.228571,0.291854,0.229717,0.109043,0.105779,0.198511,0.229039,0.345892,0.044576,0.301065,0.263732,0.316247,0.110835,-0.021337,0.041511,0.202049,0.211064,0.213117,0.067374,-0.009533,0.157348,0.210110,0.315890,0.267632,0.311641,0.139363,0.165045,0.258556,0.204982,0.040806,0.320798,0.075934,0.302602,0.143973,0.265666,0.160198,0.212048,0.225694,0.080652,0.055108,0.354668,0.184326,0.055840,0.271261,0.113297,0.322038,0.297992,0.242865,0.225135,0.245831,0.108616,0.209875,0.134777,0.226140,0.262791,0.256651,0.147924,0.269225,0.146026,0.160827,0.186321,0.138780,0.217069,0.286305,0.115870,0.260083,0.102412,0.045765,0.132436,0.178777,0.138397,0.104178,0.212229,0.270652,0.156272,0.287940,0.178119,0.085067,0.265118,0.018610,0.073193,0.247710,0.184178,0.318249,0.337541,0.055991,0.098342,0.127185,0.169176,0.196267,0.057535,0.067494,0.113040,0.230863,0.098842,0.274444,0.220075,0.117502,0.091796,0.265542,0.317599,0.210442,0.121142,0.267000,0.158058,0.133826,0.157968,0.207728,0.232078,0.167715,0.234674,0.225850,0.131658,0.224728,0.062011,0.153771,0.292298,0.048484,0.143589,0.085231,0.161193,0.316616,0.428540,0.245655,0.215969,0.246827,0.200415,0.083171,0.359078,0.188103,0.223649,0.340843,0.167942,0.232357,0.271149,0.233338,0.280167,0.177968,0.198873,0.214712,0.071394,0.259831,0.242832,0.269486,#
19,0.263612,0.214719,0.163378,0.133820,0.297797,-0.007227,0.270715,0.284593,0.221223,0.223047,0.151694,0.048298,0.276453,0.201146,0.229067,0.187604,0.113183,0.262044,0.209889,1.000000,0.093582,0.317147,0.278175,0.259469,0.184412,0.268818,0.153617,0.185678,0.246510,0.291945,0.123285,0.226498,0.224384,0.111727,0.123238,0.251218,0.047274,0.215360,0.400184,0.199986,0.177176,0.170906,0.060711,0.089997,0.220336,0.255990,0.291562,0.368324,0.271809,0.125832,0.211438,0.250070,0.115297,0.363547,0.230428,0.163515,0.181168,0.274847,0.259229,0.168107,0.096242,0.161764,0.207599,0.232336,0.177145,0.263220,0.109114,0.238519,0.244679,0.243288,0.213025,0.303183,0.296704,-0.017836,0.208687,0.154690,0.203297,0.314012,0.279650,0.060837,0.276782,0.207316,0.264481,0.119045,0.374243,0.165984,0.263109,0.138027,0.350719,0.273571,0.150193,0.222077,0.192210,0.177734,0.184897,0.194592,0.226223,0.346180,0.142684,0.182095,0.218480,0.143711,0.173016,0.223868,0.146985,0.318122,0.208354,0.387977,0.016164,0.025590,0.273704,0.161830,0.175865,0.273428,0.303627,0.217821,0.241898,0.244436,0.322425,0.151556,0.283692,0.367772,0.105503,0.184958,0.348580,0.286938,0.204436,0.237401,-0.074055,0.150388,0.008230,0.049768,0.323081,0.220269,0.188674,0.182078,0.254390,0.192096,0.234638,0.313497,0.310133,0.232225,0.058868,0.056592,0.241762,0.155109,0.115432,0.315755,0.332070,0.054884,0.198394,0.224263,0.209465,0.290507,0.051341,0.158195,0.244868,0.149236,0.219655,0.015718,0.229578,0.235048,0.300040,0.167889,0.231031,0.243861,0.094678,0.223373,0.144013,0.191111,0.318294,0.137169,0.219082,0.091302,0.232632,0.061507,0.237691,0.216168,0.081509,0.308158,0.117518,0.338260,0.020824,0.105313,0.153107,0.217901,0.229266,0.356096,0.271841,0.153248,0.233388,0.282113,0.199599,0.367240,0.154953,0.217451,0.265954,0.245315,0.249837,0.340787,#
20,0.299045,0.091412,0.288363,0.082163,0.144676,0.274221,0.214111,0.272851,0.200506,0.153270,0.121890,0.236915,0.277350,0.136727,0.184716,0.229364,0.461459,0.330035,0.161498,0.093582,1.000000,0.181641,0.311745,0.260894,0.309318,0.131803,0.129400,0.295376,0.214290,0.276313,0.227151,0.257731,0.216386,0.159448,0.157544,0.185902,0.177061,0.165286,0.143795,0.265004,0.188398,0.432806,0.161686,0.234459,0.220067,0.370205,0.137806,0.281109,0.294835,0.057594,0.130128,0.276609,0.408290,0.138225,0.228206,0.109173,0.215452,0.226604,0.271839,0.238683,0.219256,0.155858,0.260605,0.361480,0.376323,0.125348,0.293279,0.234207,0.264691,0.252711,0.115997,0.257442,0.428516,0.341508,0.109054,0.199164,0.349948,0.223085,0.154048,0.255266,0.120097,0.021085,0.362010,0.206204,0.128098,0.352202,0.375881,0.250462,0.345039,0.347243,0.230942,0.348036,0.204636,0.280893,0.151722,0.104997,0.404812,0.202713,0.155571,0.095867,0.140246,0.152622,0.203204,0.298225,0.129042,0.290719,0.162703,0.145257,0.101089,0.303366,0.288118,0.040709,0.134187,0.331954,0.090750,0.344267,0.353869,0.101118,0.001573,0.215170,0.211365,0.169299,0.154313,0.143910,0.238150,0.104598,0.309547,0.355548,0.125680,0.312759,0.067264,0.346707,0.214597,0.036045,0.259773,0.258804,0.228808,0.327984,0.224143,0.281767,0.227554,0.279958,-0.002526,0.173800,0.276699,0.087427,0.117067,0.192579,0.191949,0.218168,0.250793,0.314800,0.077787,0.106022,0.161552,0.214291,0.133480,0.005718,0.327450,0.217479,0.186069,0.240653,0.134893,0.135061,0.377138,0.160059,0.086622,0.311803,0.167271,0.155988,0.232186,0.120841,0.164012,0.199611,0.157040,0.269327,0.123392,0.115293,0.320461,0.355001,0.271434,0.213301,0.174417,0.197283,0.201917,0.066299,0.216464,0.255388,0.269856,0.206686,0.282148,0.241816,0.297161,0.131248,0.317652,0.303556,0.136477,0.205742,0.157065,0.105642,#
21,0.352393,0.292706,0.331328,0.248217,0.268310,0.280826,0.205722,0.237996,0.180443,0.182101,0.248824,0.248129,0.009832,0.207429,0.140538,0.187211,0.183819,0.262561,0.144310,0.317147,0.181641,1.000000,0.272162,0.395724,0.317836,0.185591,0.302931,0.310919,0.272011,0.254654,0.268088,0.281687,0.237623,0.351449,0.148748,0.279714,0.274796,0.262049,0.353828,0.241338,0.227684,0.341722,0.114501,0.252706,0.282364,0.314686,0.362373,0.368447,0.159509,0.299058,0.283411,0.200624,0.313806,0.164254,0.303107,0.168919,0.233062,0.278882,0.265413,0.232507,0.106353,0.161644,0.382931,0.367516,0.335892,0.208632,0.200533,0.307880,0.311297,0.381007,0.462749,0.127205,0.368000,0.251210,0.226375,0.175285,0.325809,0.239344,0.170195,0.190178,0.366582,0.199420,0.215856,0.160349,0.358243,0.203722,0.292975,0.201079,0.354857,0.339784,0.178534,0.263688,0.283466,0.222988,0.245304,0.286216,0.299334,0.228385,0.184032,0.311936,0.364597,0.143694,0.204788,0.320506,0.171858,0.371283,0.193628,0.303786,0.132984,0.213730,0.284225,0.119946,0.293908,0.311336,0.127677,0.271384,0.422544,0.139993,0.223953,0.330748,0.233380,0.300996,0.082883,0.377763,0.215684,0.292916,0.217427,0.313984,0.030263,0.233560,0.228591,0.185183,0.270066,0.266722,0.279064,0.192138,0.267127,0.150853,0.205658,0.356650,0.206984,0.255289,0.237947,0.093796,0.240205,0.194221,0.209487,0.351583,0.289758,0.138457,0.178323,0.272789,0.306200,0.391068,0.121952,0.191264,0.192446,0.201306,0.266202,0.205021,0.319597,0.104466,0.157394,0.161018,0.288632,0.026309,-0.047341,0.348064,0.086207,0.273707,0.296981,0.130785,0.326744,0.274100,0.193382,0.180606,0.229030,0.182903,0.264998,0.319877,0.267631,0.323525,0.088226,0.123817,0.208126,0.193631,0.281898,0.301987,0.405900,0.184645,0.315235,0.232575,0.326935,0.050793,0.353822,0.330609,0.189144,0.265797,0.189046,0.305555,#
