0,1.000000,0.097270,0.236411,0.143397,0.199566,0.086477,0.137806,0.096040,0.156718,0.168252,0.237796,0.096596,0.108765,0.060445,0.260400,0.180657,0.180565,0.270613,0.227901,0.303839,0.245948,0.242301,0.169817,0.279162,0.255372,0.160343,0.210801,0.111584,0.291934,0.298370,0.077595,0.159401,0.144543,0.181614,-0.027115,0.262708,0.108432,0.162433,0.311080,0.305969,0.189718,0.202050,0.122214,0.223789,0.033627,0.177399,0.161060,0.238077,0.194347,0.277737,0.192780,0.069766,0.186375,0.117268,0.224841,0.236447,0.218209,0.245612,0.165123,0.141006,0.260600,0.073295,0.169600,0.066520,0.124595,0.135246,0.140346,0.155282,0.188462,0.170988,0.304516,0.158661,0.325337,0.170962,0.105278,-0.024764,0.217227,0.249585,0.122185,0.050759,0.213740,0.169894,0.099453,0.250370,0.253282,0.119669,0.224596,0.206642,0.377332,0.084371,0.158046,0.073044,0.115313,0.217977,0.303158,0.198243,0.331473,0.137346,0.220078,0.246324,0.254536,0.250400,0.136465,0.226009,0.199972,0.190049,0.292154,0.115316,0.096065,-0.021523,0.055058,0.121628,0.135225,0.259683,0.070529,0.069296,0.277973,0.207926,0.161364,0.120327,0.349696,0.222204,0.244539,0.211937,0.161876,0.292253,0.238973,0.084192,0.133126,0.174476,0.283317,0.215193,0.337930,0.209778,0.189676,0.029440,0.290340,0.070589,0.241041,0.358774,0.182837,0.155888,0.120441,0.153643,0.184464,0.243045,0.133107,0.125954,0.289493,0.116425,0.064694,0.087186,0.277631,0.115323,0.071085,0.173387,0.088351,0.122520,0.216570,0.294127,0.169741,0.372450,0.057990,0.055819,0.267417,-0.008490,0.266817,0.191313,0.176181,0.145350,0.419693,-0.034247,0.269260,0.267390,0.031779,0.197611,0.291188,0.261230,0.189519,0.138983,0.181312,0.302141,-0.019077,0.009200,0.193334,0.102756,0.317442,0.367204,0.234784,0.113135,0.167176,0.192551,0.106028,0.148732,0.304325,0.006309,0.032350,0.243659,0.411026,0.287183,#
1,0.097270,1.000000,0.140722,0.331008,0.344430,0.128904,0.238173,0.157659,0.240718,0.131886,0.368592,0.296729,0.188903,0.279064,0.158909,0.007673,0.221703,0.250345,0.156939,0.246428,0.141271,0.249326,0.151242,0.252811,0.254355,0.277063,0.344280,0.329939,0.145602,0.247545,0.275396,0.316101,0.187156,0.241998,0.004331,0.128984,0.085651,0.238663,0.313598,0.151519,0.064856,0.189970,0.285531,0.275233,0.211535,0.295708,0.346959,0.287513,0.070578,0.118568,0.256971,0.135824,0.351175,0.188856,0.123596,0.250925,0.259155,0.219190,0.320582,0.215971,0.192556,0.274437,0.208622,0.214271,0.137026,0.221344,0.015981,0.233030,0.319117,0.225198,0.167093,0.150205,0.345961,0.090293,0.269492,0.132068,0.236119,0.226811,0.350277,0.186881,0.153880,0.379244,0.250087,0.287630,0.201624,0.016780,0.304714,0.115168,0.294238,0.320883,0.221743,0.351101,0.153706,0.243076,0.135927,0.161419,0.158560,0.165265,0.136482,0.082645,0.250552,0.150006,0.193656,0.247157,0.178095,0.203412,0.274847,0.329502,0.082530,0.288312,0.337352,0.141552,0.152258,0.265923,0.230366,0.274374,0.289950,0.187636,0.218207,0.236987,0.172938,0.207143,0.286947,0.261148,0.261952,0.283626,0.123958,0.162515,0.095397,0.195805,0.193934,0.228118,0.173608,0.271643,0.395921,0.359379,0.137096,0.224097,0.215770,0.318146,0.241415,0.069061,0.205828,0.180801,0.271098,0.216346,0.187653,0.145404,0.199743,0.237242,0.025263,0.177965,0.173609,0.050529,0.285769,0.203723,0.233431,0.151240,0.122954,0.036706,0.040393,0.351601,0.195145,0.207525,0.276240,0.144907,0.166745,0.175511,0.219210,0.356294,0.257049,0.232868,0.169269,0.151009,0.181532,0.138594,0.074562,0.329881,0.237645,0.107671,0.124455,0.197451,0.234603,0.074469,0.263647,0.180508,0.157761,0.239405,0.162810,0.255445,0.343390,0.176045,0.117801,0.209111,0.286002,0.276649,0.002607,0.178301,0.135751,0.114212,#
2,0.236411,0.140722,1.000000,0.340052,0.177895,0.064386,0.245936,0.219279,-0.003636,0.140516,0.134801,0.340014,0.152436,0.326171,0.101567,0.221033,0.210935,0.151875,0.226062,0.248410,0.304105,0.377052,0.119687,0.227481,0.324197,0.325272,0.277469,0.125766,0.118162,0.290557,0.126889,0.069962,0.085015,0.135350,-0.011141,0.182178,0.123798,0.099564,0.131915,0.175461,0.271896,0.287107,0.311918,0.130361,0.040608,0.262165,0.088149,0.289833,0.102862,0.220128,0.339112,0.320814,0.269363,0.127804,-0.031043,0.206591,0.103448,0.203634,0.163662,0.245311,0.035670,0.185880,0.224223,0.190248,0.275687,0.274285,0.107966,0.050596,0.275334,0.364221,0.095690,0.108791,0.149334,0.120685,0.288422,0.197308,0.217481,0.275018,0.171069,0.119373,0.315664,0.088756,0.121117,0.217797,0.198298,0.076220,0.341020,0.227955,0.168588,0.207005,0.101473,0.264303,0.234910,0.164205,0.195244,0.131392,0.252283,0.163058,0.322343,0.185899,0.292687,0.203221,0.161625,0.190200,0.146190,0.224120,0.223206,0.153961,0.153141,0.219216,0.204885,0.215172,0.244191,0.206931,0.160040,0.286231,0.195809,0.230937,0.015184,0.081095,0.216219,0.290572,0.191413,0.151872,0.249799,0.151321,0.305131,0.214667,0.135219,0.155606,0.154233,0.225045,0.222293,0.132570,0.308128,0.297287,0.199438,0.199962,0.056949,0.123785,0.036433,0.114484,0.206337,0.111150,0.290986,0.260963,0.112840,0.166315,0.281106,0.085017,0.091329,0.298980,0.243389,0.170599,0.075054,0.095318,0.099375,0.122405,0.147160,0.193737,0.239994,0.334281,0.177226,0.264909,0.207542,0.088972,0.214180,0.215555,0.042786,0.144155,0.097207,0.306610,0.094037,0.107398,0.202156,0.139127,0.369222,0.163032,0.137925,0.250616,0.272710,0.172040,-0.021434,0.316883,-0.012118,0.185531,0.150458,0.150201,0.273284,0.053879,0.111013,0.242104,0.380909,0.091564,0.186132,0.050244,0.041759,0.223498,0.262269,0.204043,#
3,0.143397,0.331008,0.340052,1.000000,0.350778,0.155329,0.404377,0.275664,0.191707,0.148727,0.275241,0.391436,0.181267,0.303035,0.195246,0.240914,0.276945,0.303974,0.213479,0.286904,0.289812,0.321017,0.204115,0.388848,0.368076,0.294963,0.280326,0.263250,0.301258,0.245301,0.338519,0.426940,0.347624,0.261297,0.023871,0.285591,0.405024,0.415089,0.400249,0.189819,0.344038,0.392111,0.264186,0.495634,0.151036,0.372039,0.352482,0.370177,0.096794,0.340202,0.343490,0.234478,0.366392,0.161911,0.116483,0.407761,0.217779,0.295381,0.241021,0.369692,0.192224,0.164587,0.268881,0.239702,0.362747,0.367128,0.193885,0.321219,0.209652,0.317038,0.310868,0.135410,0.365484,0.190437,0.350201,0.381383,0.347759,0.304761,0.375524,0.149083,0.379162,0.373653,0.212350,0.339350,0.345940,0.269375,0.344317,0.162058,0.368832,0.363902,0.260665,0.323966,0.300807,0.382452,0.180522,0.317867,0.394392,0.241878,0.386847,0.287466,0.393279,0.244307,0.327401,0.336837,0.358116,0.366363,0.235108,0.194082,0.156192,0.291292,0.288710,0.211371,0.271079,0.278722,0.153736,0.227430,0.378752,0.160740,0.261409,0.214848,0.370982,0.295875,0.267138,0.446498,0.246102,0.206700,0.327234,0.229154,0.159445,0.289569,0.260068,0.364052,0.360465,0.322481,0.333590,0.239282,0.148951,0.195699,0.430402,0.274537,0.289708,0.299081,0.203836,0.283638,0.290281,0.157295,0.300226,0.359624,0.252645,0.274646,0.167127,0.284219,0.185868,0.227099,0.233803,0.183503,0.189869,0.275253,0.227223,0.329324,0.309899,0.352241,0.378860,0.407732,0.316755,0.167568,0.320657,0.262921,0.142789,0.275424,0.355034,0.218323,0.186621,0.070484,0.173624,0.265106,0.275391,0.306922,0.166489,0.243165,0.281664,0.393345,0.329337,0.257345,0.090751,0.256245,0.175199,0.281780,0.122207,0.266445,0.183065,0.354954,0.427911,0.166958,0.201431,0.338768,0.239752,0.350224,0.276158,0.242279,#
4,0.199566,0.344430,0.177895,0.350778,1.000000,0.120592,0.175205,0.129548,0.236465,0.003802,0.099621,0.148344,0.285033,0.268373,0.129491,0.128444,0.110150,0.201986,0.227466,0.319270,0.279235,0.225902,0.173884,0.276966,0.248350,0.374501,0.111810,0.186292,0.185236,0.010250,0.070711,0.165315,0.250291,0.117138,-0.026014,0.183042,0.270872,0.216732,0.093787,0.159627,0.322788,0.347985,0.199203,0.169223,0.334031,0.093640,0.341116,0.287596,0.216294,0.262870,0.148711,0.059364,0.214703,0.252923,0.256330,0.332729,0.232707,0.235560,0.298289,0.184632,0.258174,0.249683,0.036304,0.040496,0.093750,0.094899,0.249062,0.124040,0.206066,0.185655,0.188059,0.130273,0.271424,0.174940,0.128641,-0.081428,0.167425,0.261797,0.242092,0.026290,0.310196,0.257585,0.041680,0.123867,0.328215,0.128966,0.212808,0.197516,0.383508,0.386653,0.195693,0.210225,0.030699,0.246829,0.066040,0.232510,0.151773,0.313731,0.298714,0.149358,0.255313,0.065942,0.291802,0.266639,0.220695,0.175544,0.044822,0.223165,0.075640,0.181437,0.451760,0.082371,0.254044,0.438900,0.204266,0.075392,0.254674,-0.084808,0.165207,-0.042704,0.221835,0.286298,0.266883,0.097003,0.288384,0.175978,0.307913,0.135556,0.140311,0.053478,0.154245,0.136410,0.176268,0.216192,0.254387,0.172503,0.241349,-0.086460,0.159196,0.285060,0.370382,-0.014505,0.083046,0.199046,0.222593,0.308430,0.200392,0.123733,0.228597,0.098119,0.151428,0.084547,0.140140,0.191816,0.072186,0.099717,0.345912,0.175004,0.108410,0.203676,0.146977,0.206897,0.093306,0.296710,0.144338,0.248325,0.117560,0.121725,0.023086,0.240571,0.235147,0.114673,0.194749,0.170287,0.229068,0.146940,0.243942,0.198884,0.172317,0.121538,0.027253,0.091973,0.234709,0.188643,0.097890,0.056979,0.177987,0.382083,0.133048,0.175763,0.191694,0.163010,0.246345,0.128513,0.058666,0.312343,0.121878,0.374550,0.184796,0.234992,#
5,0.086477,0.128904,0.064386,0.155329,0.120592,1.000000,0.143849,0.061041,0.073160,0.249183,0.122994,0.086713,0.163948,0.058101,0.172006,0.086143,0.147825,0.133899,0.076740,-0.035035,0.215710,0.131462,0.124855,0.247322,0.215065,0.141823,0.145794,0.143540,0.159801,0.167107,0.051413,0.263404,0.235067,0.157069,-0.075942,-0.043744,0.214018,0.009962,0.109356,0.205722,0.098566,0.229537,0.023427,0.270000,-0.033731,0.136734,0.021268,0.032765,0.075346,0.271116,0.139148,0.110258,0.115888,-0.082912,0.054282,0.131067,-0.057935,0.184096,0.266714,0.067074,0.100471,0.125209,0.097146,-0.021586,0.113519,0.142566,0.161458,0.004111,0.084850,0.066506,0.211780,0.146265,0.150211,0.275748,0.144533,0.022097,0.189511,0.089358,0.074779,0.130270,0.051676,0.201300,0.207663,0.015620,0.047106,0.096084,-0.005478,0.089024,0.191741,0.122170,0.010728,0.240552,-0.019814,0.143872,0.064678,0.050667,0.026135,0.005292,0.165005,-0.066338,0.139614,0.241652,0.090333,0.133113,0.058808,0.103624,0.039710,0.148953,0.090866,0.023323,0.258624,0.024495,0.169416,0.098684,0.075102,0.012052,0.202448,0.206334,0.078855,0.040210,0.037033,0.130822,0.038420,0.123558,0.052512,0.082425,-0.059795,-0.018328,0.351288,0.197144,0.107131,0.200172,0.188160,0.129393,0.306575,0.189034,-0.008830,-0.009136,0.066556,0.030516,0.172903,0.112029,0.048333,0.172007,0.040808,0.033330,0.125901,0.066486,-0.106681,0.087777,0.128492,-0.051731,0.137329,0.237216,0.051689,0.105953,0.199844,0.006172,0.279570,-0.013576,0.097838,0.148777,0.094809,0.053256,0.050019,-0.114719,0.032910,0.102927,0.188829,0.227952,0.154554,0.127973,0.143467,0.059008,-0.049993,0.111414,0.191821,0.151417,0.196370,0.000266,0.113857,0.100901,0.198070,0.066398,0.141903,0.180423,0.172871,0.089830,0.029121,0.169647,0.090261,0.037997,0.173078,0.109195,0.267771,0.066611,-0.036979,0.275435,0.020506,0.197438,#
6,0.137806,0.238173,0.245936,0.404377,0.175205,0.143849,1.000000,0.200052,0.166740,0.062509,0.221230,0.189879,-0.008564,0.304272,0.167141,0.147555,0.268512,0.234506,0.225515,0.264374,0.168239,0.139597,0.044992,0.086072,0.086200,0.195072,0.182650,0.080768,0.232843,0.144716,0.082446,0.258799,0.169483,0.217794,-0.056520,0.099025,0.077482,0.227677,0.208980,0.274859,0.159663,0.128696,0.062238,0.216686,0.091946,0.230787,0.277787,0.333356,0.113709,0.282982,0.161213,0.216456,0.303548,0.209422,-0.031327,0.206075,0.135056,0.224841,0.327310,0.347798,0.178103,0.203934,0.071734,0.205351,0.179323,0.397840,0.235011,0.261235,0.281105,0.223491,0.131859,0.177224,0.247083,0.036661,0.278404,0.204039,0.117738,0.315638,0.318138,0.114303,0.208168,0.270589,0.324403,0.177298,0.310398,0.229438,0.141860,0.169369,0.241055,0.263035,0.240510,0.139196,0.111275,0.219006,0.166529,0.251794,0.187495,0.157192,0.327025,0.226915,0.314755,0.301143,0.174257,0.143525,-0.028669,0.307368,0.130762,0.171002,0.141582,0.206205,0.216051,0.189979,0.229185,0.108428,0.138525,0.213357,0.275657,0.137097,0.235467,0.182062,0.198069,0.318131,0.071445,0.149029,0.255084,0.097349,0.025081,0.274145,0.092447,0.331444,0.165577,0.086667,0.278329,0.063204,0.358908,0.271216,0.111774,0.277864,0.205047,0.168914,0.129076,-0.013297,0.094657,0.343687,0.091360,0.206993,0.188086,0.089230,0.178341,-0.037276,0.240826,0.056045,0.220932,0.122489,0.256162,0.116120,0.050279,0.254663,0.246089,0.163148,0.106638,0.347593,0.260908,0.276035,0.328154,0.114625,0.193642,0.206203,0.199366,0.256060,0.056984,0.060260,0.177930,0.077993,0.134035,0.208149,0.164099,0.300890,0.284520,0.017016,-0.004202,0.178162,0.210476,0.364063,0.252820,0.257476,0.174104,0.258226,0.212760,0.294474,0.130991,0.168067,0.231472,0.224700,0.080237,0.126367,0.094814,0.234266,0.131003,0.273402,#
7,0.096040,0.157659,0.219279,0.275664,0.129548,0.061041,0.200052,1.000000,0.119265,0.265739,0.227977,0.400260,0.058181,0.268086,0.236667,0.260634,0.168696,0.350789,0.213434,0.255392,0.260231,0.290937,0.204954,0.118893,0.338215,0.150110,0.293950,0.366526,0.174918,0.127417,0.213547,0.221677,0.274282,0.165641,0.045084,0.267263,0.022784,0.129936,0.221517,0.219091,0.214581,0.268242,0.260816,0.226221,0.181303,0.308295,0.179352,0.271911,0.223607,0.255477,0.272836,0.172259,0.207469,0.219322,0.126084,0.189727,0.262233,0.297218,0.222297,0.290704,0.249519,0.106113,0.242373,0.226504,0.343365,0.242126,0.235308,0.141545,0.185636,0.343497,0.226512,0.054419,0.333942,0.231188,0.170976,0.208809,0.188433,0.310852,0.286487,0.371576,0.229623,0.205910,0.317713,0.242409,0.304196,0.211133,0.285090,-0.039806,0.297203,0.352040,0.229981,0.207479,0.195276,0.214704,0.090480,0.223205,0.152526,0.241988,0.173749,0.040579,0.254020,0.174056,0.264583,0.187147,0.069222,0.384970,0.358091,0.086068,0.208719,0.214629,0.160763,0.152048,0.124311,0.195965,0.358185,0.286462,0.114046,0.135715,0.201050,0.261837,0.239041,0.296668,0.110373,0.212669,0.231507,0.159932,0.191325,0.251547,0.130920,0.135981,0.083591,0.247921,0.215395,0.194245,0.409907,0.226683,0.044541,0.421523,0.231279,0.277663,0.365056,0.154746,0.014519,0.224890,0.250422,0.158090,0.331832,0.184832,0.095399,0.164175,0.207501,0.330424,0.068790,0.051831,0.024275,0.262954,0.285744,0.264909,0.217439,0.254219,0.140874,0.293739,0.192925,0.221424,0.167853,0.157773,0.389195,0.214509,0.227040,0.282678,0.138414,0.095848,0.176181,0.115525,0.158906,0.127852,0.134996,0.173805,0.070858,0.256743,0.178606,0.236375,0.176017,0.223924,-0.061380,0.207112,0.152893,0.195429,0.157736,0.315831,0.250557,0.183637,0.294978,0.228906,0.112773,0.267908,0.011038,0.190065,0.294939,0.214312,#
8,0.156718,0.240718,-0.003636,0.191707,0.236465,0.073160,0.166740,0.119265,1.000000,0.055189,0.244494,0.144298,0.125103,0.155144,0.240803,0.046305,-0.001792,0.042963,0.074889,0.152218,0.178427,0.112223,-0.053479,0.193512,0.088027,0.116533,0.076367,0.189353,0.003080,0.087116,-0.033971,0.189125,0.101234,0.094202,-0.016200,0.145629,0.219742,0.047658,0.102731,0.195369,0.106933,0.086461,0.004137,0.116519,0.295257,0.155315,0.108348,0.144851,0.023723,0.080603,0.007556,0.200507,0.124087,0.325643,0.115112,0.162207,0.059514,0.199687,0.123572,0.211414,0.194366,-0.011354,0.175517,-0.027274,0.149847,0.210363,0.136129,0.079965,0.298971,0.126650,0.014454,0.104640,0.266856,-0.002207,0.062467,-0.012057,0.080582,0.102573,0.113032,-0.041607,0.142642,0.242205,0.185147,0.049826,0.244174,0.108725,0.086871,0.136985,0.253563,0.240496,0.078929,0.224748,0.121017,0.048469,0.298878,0.308081,0.139265,0.144072,0.166988,0.006223,0.164275,-0.018231,0.125828,0.123319,0.203502,0.122098,0.219316,0.021883,-0.050522,0.195569,0.042233,0.065428,-0.104489,0.201575,0.052817,0.214796,0.170214,0.064840,0.028246,0.215343,0.255664,0.045132,0.088905,0.085434,0.193916,0.276390,0.081009,0.265101,0.037031,0.125123,0.131598,-0.010475,0.119372,0.134474,0.251967,0.140616,0.101402,0.173561,0.336202,0.215027,0.252460,0.097894,0.092380,0.024594,0.008600,0.057556,0.127264,0.177926,0.023227,0.142209,0.207783,-0.001727,0.100154,0.121987,0.246400,0.226144,0.138660,0.142926,0.118489,0.244108,-0.037793,0.188628,-0.046384,0.154488,0.114097,0.074656,0.204585,0.090344,0.094800,0.088513,0.202370,-0.030154,0.021056,0.099385,0.028329,0.077835,0.036814,0.241664,0.236745,0.077639,0.062998,0.136975,-0.076334,0.174046,0.120864,0.105477,-0.087218,0.015760,0.194763,0.191141,0.108350,0.107368,0.142795,0.050834,0.123183,0.053126,0.083907,-0.075505,0.011926,0.083319,#
9,0.168252,0.131886,0.140516,0.148727,0.003802,0.249183,0.062509,0.265739,0.055189,1.000000,0.245763,0.174797,0.028512,0.158528,0.142580,0.132356,0.090585,0.029703,-0.019866,0.207472,0.118359,0.127298,0.103178,0.053013,0.117415,0.138288,0.329167,0.205857,0.156671,0.029647,0.291863,0.284039,0.103529,0.175041,0.142193,0.110190,0.004211,0.199674,0.080496,0.083105,0.220621,0.252948,0.090462,-0.025169,0.038755,0.225252,0.050960,0.170925,0.035056,0.038690,0.159387,0.220089,0.187787,0.147107,0.127597,0.145122,0.186633,0.246882,0.136911,0.057826,0.171371,0.106098,0.267148,0.112640,0.226613,0.184863,-0.026619,0.003358,0.173607,0.013684,0.188601,0.120372,0.191454,0.158458,0.222621,0.158916,0.178757,0.137923,0.312510,0.187521,-0.023379,0.299391,0.000025,0.166939,0.177365,0.234268,0.274467,0.081307,0.005486,0.077136,-0.014375,0.249463,0.090244,0.044594,0.124509,0.091701,0.219361,0.131299,0.129282,0.015805,0.164740,0.281841,0.306572,0.146852,0.207459,0.195951,0.109113,0.054902,0.175317,0.112070,0.109692,0.078171,0.084418,0.240303,0.061370,0.221528,0.208103,0.202090,0.324931,-0.007553,0.254510,0.251787,0.077334,0.261688,0.100011,0.266866,-0.054257,0.173135,0.130284,0.123638,0.144464,0.128034,0.007962,0.175309,0.192389,0.130260,0.163862,0.236606,0.162247,0.044486,0.133355,0.272972,0.011816,0.052051,0.069615,-0.007201,0.214762,0.139547,0.082523,0.333434,0.079814,-0.027696,0.332018,0.156971,0.044016,0.248777,0.237576,0.202023,0.379795,0.065737,0.142831,0.123079,-0.012606,0.279287,0.122648,0.009456,0.150612,0.214799,0.355802,0.144070,0.109829,0.144079,0.191636,0.098747,-0.042837,0.134564,0.241240,0.019175,0.058821,0.163508,0.045254,0.148674,0.257104,0.145261,0.071477,0.176321,0.173493,0.273818,0.201737,0.181637,0.156702,0.178539,0.101472,0.175771,0.144747,0.174202,0.085036,0.046892,0.176240,0.213385,#
10,0.237796,0.368592,0.134801,0.275241,0.099621,0.122994,0.221230,0.227977,0.244494,0.245763,1.000000,0.122218,0.016372,0.256094,0.228222,0.016644,0.149979,0.216152,0.300911,0.211365,0.055252,0.197232,-0.054056,0.130522,0.185551,0.081988,0.233106,0.257195,0.148187,0.192100,0.272639,0.254409,0.230780,0.103520,0.028555,0.167736,0.010647,0.234720,0.293694,0.185491,0.108256,0.143504,0.191587,0.112182,-0.091872,0.125829,0.134547,0.243296,0.239436,0.135258,0.162137,0.215812,0.129332,0.143703,0.080203,0.229200,0.093932,0.232899,0.205775,0.227269,0.063995,0.204570,0.170666,0.264603,0.298681,0.316496,0.143465,0.038781,0.195774,0.173176,0.182915,0.120496,0.303682,0.180064,0.119762,0.193880,0.270847,0.050074,0.214008,0.108300,0.058055,0.218929,0.261659,0.202392,0.195795,0.038385,0.306885,0.083750,0.223817,0.225428,-0.009028,0.102784,0.174747,0.061438,0.195938,0.210269,0.225286,0.021916,0.242366,0.157510,0.179841,0.135332,0.238994,0.137026,0.250991,0.089892,0.182130,0.183922,0.105981,0.169175,0.039828,0.187424,0.068043,0.161322,0.312967,0.306518,0.196272,0.028610,0.200201,0.032050,0.094485,0.176758,0.154864,0.193827,0.209424,0.189531,0.036610,0.198066,0.108795,0.244494,0.329778,0.129842,0.183447,0.128812,0.235659,0.260065,0.135118,0.306609,0.115263,0.231663,0.268042,0.100271,0.158190,0.150186,0.054669,0.135532,0.026277,0.057671,0.096401,0.167876,0.057731,0.160982,0.293593,0.024751,0.216824,0.188493,0.258211,0.038826,0.302044,0.209211,0.131873,0.225395,0.244135,0.179728,0.167369,0.085961,0.264213,0.210521,0.192337,0.173857,0.252569,0.114512,0.097387,0.161686,0.075320,0.019534,0.131870,0.166681,0.188263,0.226303,0.230854,0.162379,0.230372,0.064165,0.140657,0.157078,0.089069,0.127334,0.184400,0.154698,0.262673,0.159483,0.148476,0.139635,0.264504,0.170096,0.029651,0.228338,0.288163,0.309563,#
11,0.096596,0.296729,0.340014,0.391436,0.148344,0.086713,0.189879,0.400260,0.144298,0.174797,0.122218,1.000000,0.163170,0.145194,0.000236,0.152651,0.185735,0.255079,0.214600,0.055868,0.138683,0.275999,0.102221,0.230268,0.361754,0.250726,0.102102,0.300742,-0.077175,0.220493,0.240527,0.270563,0.175270,0.262808,-0.031378,0.175713,0.098051,0.171334,0.180310,0.101430,0.214807,0.288079,0.303565,0.400821,0.026975,0.331162,0.146171,0.230079,0.125876,0.074463,0.365381,0.140520,0.282663,0.250825,-0.093149,0.197129,0.319826,0.208565,0.266173,0.154474,0.056784,0.207139,0.268184,0.234777,0.239050,0.316472,0.175297,0.249572,0.167969,0.256742,0.115409,0.057360,0.289865,0.120200,0.219773,0.214383,0.160539,0.198556,0.312489,0.255792,0.252364,0.062971,0.198107,0.312270,0.296590,0.063719,0.336003,0.235419,0.250647,0.184606,0.251538,0.312679,0.274652,0.424976,0.084635,0.212662,0.104792,0.185449,0.230922,0.221668,0.264505,0.149260,0.187021,0.161025,0.153098,0.364282,0.296071,0.134340,0.251754,0.173390,0.280303,0.187288,0.218350,0.233495,-0.061091,0.386896,0.212390,0.132767,0.171249,0.184110,0.194938,0.281462,0.297569,0.231945,0.261730,0.184697,0.241012,0.338460,0.229793,0.183838,0.127888,0.331623,0.186310,0.266491,0.207737,0.150797,-0.076725,0.309826,0.069171,0.250851,0.174455,0.168632,0.087938,0.213710,0.156515,0.046639,0.266716,0.090397,0.130331,0.158930,0.063745,0.308037,0.201960,0.191814,0.173800,0.111877,0.155674,0.070006,0.149083,0.233951,0.148131,0.254534,0.078112,0.203967,0.197452,0.119215,0.393196,0.237116,0.335795,0.211783,0.247316,0.037623,0.129754,-0.018950,0.152376,0.288547,0.365664,0.176602,0.078442,0.102594,0.205577,0.195557,0.079722,0.154906,-0.029240,0.243541,0.186234,0.173825,0.131134,0.185555,0.117021,0.073431,0.353457,-0.053566,0.250125,0.186346,0.095000,0.159864,0.158785,0.208942,#
12,0.108765,0.188903,0.152436,0.181267,0.285033,0.163948,-0.008564,0.058181,0.125103,0.028512,0.016372,0.163170,1.000000,0.059465,0.174970,0.056497,0.211068,0.033986,0.180109,0.328805,0.221930,0.028595,0.152608,0.168903,0.126312,0.134384,0.135635,0.101423,0.176535,0.308487,-0.019760,0.233965,0.252731,0.158419,0.055046,0.166516,0.208510,-0.001198,0.156762,0.146416,0.347578,0.140125,0.239917,0.187619,0.220685,0.276301,0.138865,0.039442,0.131156,0.113695,0.289695,0.145160,0.159803,0.138031,0.011755,0.145707,0.095586,0.157205,0.223965,0.113645,0.144026,0.085767,0.109971,0.103158,0.235343,0.115625,0.127087,0.034970,0.171429,0.013456,0.016141,0.185836,0.085195,0.013899,0.216869,0.119092,0.233937,0.143584,0.102190,0.055199,0.102768,0.142473,0.140237,0.157526,0.259024,0.257729,0.065614,0.211425,0.235017,0.187432,0.128608,0.304390,0.035613,0.265319,0.123523,0.006535,0.272477,0.134115,0.094131,0.019489,0.208771,0.190662,0.164447,0.112465,0.288737,0.195179,0.183597,0.035187,0.081907,0.168032,0.242269,-0.036407,0.081948,0.270511,0.065837,0.084211,0.117548,0.190027,0.184507,0.136266,0.187275,0.207368,0.298922,0.186815,0.105786,0.134620,0.226441,0.145664,0.131669,0.093215,0.122482,0.151606,0.129964,0.069186,0.080398,0.093231,0.033921,0.153414,0.115575,0.239997,0.250199,0.040986,0.000957,0.164578,-0.046995,0.171767,0.140758,0.033616,0.126612,0.005652,0.040913,0.319904,-0.008912,0.080452,0.074992,0.016289,0.150206,-0.077671,0.086718,0.082179,-0.003389,0.266550,0.060356,0.237493,0.003933,-0.011968,0.220410,-0.059430,0.120786,0.191977,0.076057,0.128009,0.128605,0.063357,0.147775,-0.046711,0.184048,0.219996,0.018055,0.221475,0.105134,0.143158,0.172137,0.162597,0.149960,0.175792,0.083704,0.213377,0.030526,0.046562,0.229079,0.182009,0.164406,0.076621,0.016318,0.108413,0.106283,0.202881,0.176942,0.090815,#
13,0.060445,0.279064,0.326171,0.303035,0.268373,0.058101,0.304272,0.268086,0.155144,0.158528,0.256094,0.145194,0.059465,1.000000,0.284290,0.147941,0.208508,0.075357,0.186946,0.317513,0.187345,0.262560,0.009409,0.174381,0.285278,0.246940,0.363447,0.221361,0.161679,0.134281,0.256482,0.249654,0.243801,0.247181,0.052747,0.161312,0.047871,0.244253,0.100313,0.150221,0.111332,0.236870,0.283220,0.221529,0.120459,0.215135,0.261059,0.282669,0.170071,0.225320,0.147401,0.210557,0.334775,0.205764,0.163744,0.369437,0.136504,0.189051,0.241666,0.288664,0.278036,0.137619,0.346981,0.083175,0.174959,0.228198,0.441586,0.154623,0.389487,0.283400,-0.002913,0.098815,0.253461,0.110914,0.299342,0.128549,0.326852,0.311510,0.322918,0.149415,0.213037,0.362543,0.143089,0.429454,0.383321,0.101429,0.333793,0.267658,0.278107,0.360553,0.192537,0.248288,0.249575,0.290596,0.071451,0.287741,0.206883,0.158051,0.265425,0.202174,0.352581,0.246040,0.273115,0.312022,0.229206,0.336009,0.272108,0.186731,0.348449,0.184200,0.165927,0.123727,0.266167,0.246865,0.246334,0.240683,0.306418,0.196231,0.119200,0.087724,0.296338,0.339513,0.151650,0.344588,0.289486,0.150762,0.186543,0.122218,0.312541,0.265858,0.190646,0.142464,0.050968,0.159363,0.325835,0.337850,0.226742,0.226351,0.407355,0.240094,0.170297,0.143670,0.294644,0.230569,0.280868,0.396152,0.250710,0.284201,0.019856,0.300311,0.159995,0.213824,0.181243,0.265608,0.282725,0.253857,0.098975,0.359814,0.205827,0.251502,0.120992,0.349779,0.147861,0.388856,0.233127,0.164747,0.159242,0.148638,0.217168,0.314119,0.216598,0.302702,0.147525,0.104334,0.156492,0.266745,0.157917,0.177900,0.258308,-0.008516,0.189543,0.224778,0.216830,0.330096,0.051870,0.214442,0.244669,0.253279,0.172207,0.210049,0.132621,0.307683,0.228807,0.090486,0.068493,0.257122,0.088522,0.273819,0.257228,0.224293,#
14,0.260400,0.158909,0.101567,0.195246,0.129491,0.172006,0.167141,0.236667,0.240803,0.142580,0.228222,0.000236,0.174970,0.284290,1.000000,0.273882,0.143745,0.206168,0.151303,0.354913,0.196728,0.167503,0.198168,0.310737,0.234889,0.087650,0.267492,0.208386,0.190227,0.257090,0.081464,0.183986,0.099357,0.045036,0.032498,0.158417,0.184275,0.284003,0.191852,0.255409,0.278586,0.168848,0.228738,0.083327,0.194205,0.343714,0.192112,0.190408,0.161721,0.146459,0.312684,0.098017,0.228402,0.203432,0.339254,0.268752,0.206651,0.165577,0.150612,0.149989,0.282074,0.191590,0.140670,0.096787,0.235323,0.149215,0.232624,0.174046,0.240838,0.199559,0.133753,0.194902,0.151667,0.299704,0.103182,0.105926,0.200240,0.222499,0.136483,0.205465,0.232891,0.193641,0.228275,0.284592,0.311783,0.233405,0.045302,0.080854,0.265695,0.276839,0.248105,0.187402,0.234342,0.228565,0.254248,-0.015741,0.180845,0.149017,0.158455,0.101542,0.235849,0.266652,0.183094,0.220612,0.200800,0.285786,0.362635,0.343413,0.142315,0.198162,-0.003959,-0.029772,0.139821,0.129125,0.204741,0.228437,0.139100,0.260208,0.235268,0.186624,0.401580,0.277774,0.056196,0.163586,0.197571,0.107666,0.224801,0.131879,-0.010752,0.293946,0.101380,0.220013,0.239044,-0.002114,0.098566,0.099684,0.133732,0.126733,0.128918,0.173030,0.354859,0.283083,0.186190,0.089086,0.079292,0.266326,0.163627,0.126154,0.003590,0.102031,0.202699,0.068319,0.021112,0.212140,0.128082,0.133221,0.210576,0.189682,0.144620,0.031107,0.074060,0.240380,0.108837,0.105684,0.256351,-0.065142,0.207120,0.176176,0.045121,0.234421,0.370877,0.301447,0.181768,0.146381,0.129154,0.042722,0.330179,0.327158,0.299803,0.265789,0.115718,0.272738,0.125229,0.208170,0.184921,0.170995,0.119655,0.081525,0.098588,0.272518,0.130306,0.248521,0.176167,0.333316,0.136780,0.022344,-0.036195,0.230674,0.216766,0.205184,#
15,0.180657,0.007673,0.221033,0.240914,0.128444,0.086143,0.147555,0.260634,0.046305,0.132356,0.016644,0.152651,0.056497,0.147941,0.273882,1.000000,0.240902,0.272507,0.238873,0.157215,0.195229,0.109887,0.099245,0.257784,0.215969,0.364141,0.265913,0.155910,0.281020,0.038362,0.139232,0.220926,0.188017,0.339201,-0.003959,0.057627,0.109866,0.170075,0.212516,0.133152,0.304843,0.200488,0.227224,0.169163,0.258124,0.205289,0.041629,0.136939,0.019597,0.169668,0.136094,0.250288,0.280275,0.086349,0.167403,0.134350,0.066832,0.222543,0.201054,0.279472,0.167751,0.016675,0.222144,-0.005173,0.102079,0.205518,0.179834,0.245658,0.182040,0.143981,0.191765,0.225364,0.181837,0.130547,0.156412,0.228299,0.055036,0.355369,0.119517,0.224049,0.244308,0.176886,0.158691,0.310971,0.165584,0.084756,0.154157,0.090234,0.350097,0.219930,0.095519,0.134970,0.221695,0.314721,0.112511,0.071140,0.188395,0.093706,0.288633,0.041287,0.224502,0.141482,0.236034,0.156530,-0.018492,0.239079,0.193018,0.110880,0.168279,0.306547,0.061582,0.252231,0.053573,0.064276,0.210664,0.311341,0.204704,0.064973,0.179150,0.124659,0.277525,0.341515,0.136439,0.343845,0.211285,0.021661,0.160459,0.085827,0.167586,0.077360,0.120860,0.323152,0.165101,0.233854,0.198329,0.240374,0.090771,0.063456,0.175148,0.029130,0.050684,0.212489,0.133903,0.109185,0.224041,0.159036,0.193439,0.150955,0.256313,0.159534,0.191147,-0.020440,0.153397,0.378906,-0.102608,0.344148,0.076317,0.231763,0.178433,0.136855,0.046441,0.214227,0.187954,0.214736,0.128628,0.099662,0.284408,0.188471,0.140090,0.158558,0.040877,0.027289,0.187900,-0.041250,0.154823,-0.053291,0.269078,0.149309,-0.008623,0.208972,0.176061,0.263117,0.027772,0.258812,0.039541,0.131740,0.046550,0.221023,0.100327,0.138956,-0.074782,0.223468,0.173508,0.243903,0.067151,0.109670,0.026937,0.203549,0.114807,0.064760,#
16,0.180565,0.221703,0.210935,0.276945,0.110150,0.147825,0.268512,0.168696,-0.001792,0.090585,0.149979,0.185735,0.211068,0.208508,0.143745,0.240902,1.000000,0.206313,0.180689,0.220530,0.351095,0.285207,0.323031,0.190232,0.125678,0.339826,0.241131,0.035782,0.149041,0.141900,0.187918,0.352652,0.021360,0.343039,-0.054288,0.215182,0.116202,0.144583,0.196205,0.184162,0.132327,0.246642,0.174735,0.175532,0.201049,0.365963,0.157816,0.224794,0.189371,0.029607,0.138213,0.244132,0.366738,0.011697,0.158145,0.120305,0.049313,0.154445,0.245537,0.098276,0.117800,0.298825,0.289029,0.200812,0.266421,0.197632,0.229061,0.367682,0.091924,0.274849,0.137529,0.283136,0.356446,0.006834,0.206362,0.374293,0.171264,0.351867,0.268379,0.167870,0.074099,0.207904,0.141400,0.182022,0.144328,0.175501,0.339880,0.172856,0.273128,0.146239,0.237485,0.223083,0.054100,0.181087,0.098735,0.044797,0.261897,0.039304,0.250195,0.242682,0.227804,0.174224,0.035746,0.176930,0.211183,0.180853,0.211322,-0.003142,0.013313,0.245246,0.233093,0.208968,0.152375,0.190475,0.209952,0.408945,0.208938,0.140496,0.070459,0.216239,0.171170,0.178351,0.273797,0.268364,0.219459,0.016500,0.169458,0.025337,0.111193,0.230218,0.085891,0.276313,0.398477,-0.036904,0.307699,0.273007,0.016224,0.222765,0.216277,0.309192,0.065569,0.177018,0.017963,0.259266,0.251030,0.152119,0.070826,0.118260,0.171098,0.089981,0.098606,0.168044,0.160141,0.118458,0.161063,0.211088,0.072453,0.116431,0.147912,0.173837,0.049821,0.350415,0.243441,0.293840,0.166421,0.101577,0.321989,0.215127,0.113425,0.091564,0.057901,0.057742,0.131383,-0.020872,0.157778,0.252771,0.150054,0.122544,0.176132,0.082261,0.165192,0.216006,0.197564,0.025725,0.022287,0.147846,0.319816,0.235389,0.154159,0.197181,0.204684,-0.037340,0.026759,0.120857,0.233385,0.212210,-0.016310,0.287120,0.073660,0.132805,#
17,0.270613,0.250345,0.151875,0.303974,0.201986,0.133899,0.234506,0.350789,0.042963,0.029703,0.216152,0.255079,0.033986,0.075357,0.206168,0.272507,0.206313,1.000000,0.143075,0.317312,0.371027,0.202266,0.164149,0.303238,0.255724,0.206337,0.152263,0.139899,0.199755,0.244054,0.156985,0.321574,0.380202,0.136765,-0.082875,0.175610,0.056500,0.340182,0.303011,0.022831,0.200647,0.178814,0.092596,0.321225,0.092716,0.226909,0.254899,0.156171,0.261062,0.237316,0.235610,0.045114,0.124780,0.122882,0.135883,0.268246,0.287758,0.373578,0.226983,0.328120,0.206959,0.199124,0.153167,0.150794,0.165581,0.299041,0.281241,0.245379,0.206740,0.304568,0.235543,0.160242,0.332948,0.180943,0.192028,0.291485,0.216897,0.327189,0.102745,0.285880,0.160332,0.257509,0.466445,0.241313,0.247618,0.045688,0.201250,0.204893,0.388989,0.291227,0.168892,0.124209,0.160851,0.249123,0.044255,0.115181,0.215665,0.357579,0.289570,0.195497,0.181542,0.125458,0.157465,0.259455,0.073450,0.313494,0.237757,0.316525,0.018046,0.030568,0.199866,0.210109,0.172631,0.288896,0.159199,0.303297,0.245554,0.128065,0.156807,0.215957,0.158503,0.253719,0.138683,0.284246,0.445812,0.086932,0.284275,0.180649,0.052398,0.094357,0.047050,0.321025,0.362546,0.316737,0.245647,0.252901,0.259236,0.208137,0.235098,0.292014,0.229066,0.177452,0.067291,0.127206,0.278635,0.197333,0.017407,0.099442,0.160901,0.040497,0.161079,0.024597,0.096460,0.215184,0.124861,0.236374,0.142251,0.204241,0.383632,0.258253,0.257041,0.290420,0.233874,0.101344,0.255000,0.169489,0.242647,0.279204,0.050073,0.188464,0.363251,0.139164,0.095517,0.186447,0.239361,0.011322,0.247518,0.192256,0.026910,0.315573,0.128975,0.363613,0.167772,0.074283,0.015088,0.146002,0.165308,0.220756,0.228612,0.276103,0.203214,0.280605,0.217712,0.170763,0.330522,0.189595,0.192617,0.148543,0.162350,0.181137,#
18,0.227901,0.156939,0.226062,0.213479,0.227466,0.076740,0.225515,0.213434,0.074889,-0.019866,0.300911,0.214600,0.180109,0.186946,0.151303,0.238873,0.180689,0.143075,1.000000,0.186097,0.217214,0.201536,-0.009301,0.324435,0.325907,0.204708,0.240120,0.313278,0.159663,0.178123,0.195250,0.147744,0.241924,0.053877,0.082896,0.248140,0.214916,0.138190,0.174076,0.291633,0.171770,0.273901,0.187075,0.203485,0.094944,0.183601,0.095530,0.204769,0.104714,0.212396,0.273904,0.060711,0.313012,0.259637,0.079339,0.152964,0.147633,0.260293,0.191942,0.129770,0.097145,0.118799,0.189764,0.185722,0.057409,0.305648,0.279165,0.285144,0.179317,0.047329,0.027009,0.134740,0.182364,0.145453,0.057168,0.112089,0.141235,0.279454,0.279492,0.229223,0.227792,0.095446,0.227340,0.297751,0.207564,-0.014720,0.302215,0.054694,0.269055,0.205660,0.213099,0.185922,0.157025,0.279359,0.189369,0.146846,0.360840,0.181578,0.162457,0.274030,0.166764,0.237055,0.319603,0.200943,0.187064,0.291318,0.144278,0.188119,0.173230,0.327992,0.246851,0.359783,0.128524,0.168490,0.169455,0.156403,0.174299,0.094659,0.271004,0.184006,0.121694,0.256726,0.181104,0.155694,0.243833,0.109531,0.184214,0.158357,0.294274,0.154438,0.192492,0.320474,0.189143,0.157652,0.312482,-0.035065,0.106254,0.289333,0.150027,0.315458,0.276599,0.040148,0.045609,0.126507,0.255303,0.160700,0.049090,0.047750,0.145446,0.068457,0.063892,0.229291,0.210515,0.095902,0.101264,0.309316,0.289043,0.224186,0.076219,0.324516,0.141216,0.203449,0.157033,0.229309,0.187082,0.091348,0.360714,0.218574,0.120651,0.220800,0.014255,0.123881,0.217184,0.032148,0.097272,0.094390,0.178036,0.281614,0.303277,0.236512,0.150797,0.265908,0.216273,0.076898,0.237952,0.135281,0.215413,0.326997,0.165155,0.207872,0.175565,0.309523,0.301993,0.157453,0.148261,0.099429,0.107858,0.313806,0.313866,0.187137,#
19,0.303839,0.246428,0.248410,0.286904,0.319270,-0.035035,0.264374,0.255392,0.152218,0.207472,0.211365,0.055868,0.328805,0.317513,0.354913,0.157215,0.220530,0.317312,0.186097,1.000000,0.236667,0.318622,0.142275,0.236939,0.159448,0.339926,0.321034,0.164491,0.217983,0.316803,0.112290,0.296240,0.260570,0.162960,0.165140,0.269047,0.025851,0.202157,0.420795,0.156220,0.212203,0.240556,0.088475,0.131474,0.155670,0.291012,0.320156,0.463830,0.168932,0.276646,0.186058,0.186587,0.176051,0.374737,0.225377,0.205830,0.208650,0.200143,0.205093,0.215829,0.281541,0.171982,0.183827,0.159245,0.240952,0.282568,0.169004,0.263522,0.294336,0.319577,0.229644,0.278821,0.300697,0.090534,0.269128,0.310801,0.213205,0.328544,0.306717,0.045888,0.256788,0.323150,0.271428,0.208139,0.376030,0.080143,0.258039,0.162436,0.367161,0.316239,0.138951,0.268648,0.191181,0.195938,0.216818,0.125570,0.252350,0.333771,0.172228,0.175291,0.263567,0.265402,0.283324,0.274526,0.276397,0.337237,0.249550,0.414475,0.116002,0.076152,0.212771,0.166031,0.253367,0.317024,0.306655,0.268091,0.284315,0.258657,0.316795,0.019684,0.408973,0.378183,0.219026,0.326654,0.431402,0.217347,0.316474,0.242625,-0.027910,0.176476,0.054196,0.102912,0.318297,0.170894,0.137046,0.250911,0.262307,0.268217,0.257719,0.336195,0.327994,0.263276,0.116989,0.175300,0.254557,0.235811,0.153533,0.293455,0.277856,0.056512,0.174339,0.204641,0.156370,0.273910,0.172365,0.148918,0.183429,0.193299,0.205145,0.102049,0.232241,0.334993,0.277120,0.243585,0.269331,0.148096,0.153645,0.198846,0.159914,0.131517,0.289322,0.145636,0.230676,0.158662,0.196717,0.065186,0.317146,0.323384,0.166469,0.250753,0.090770,0.381249,0.143402,0.228091,0.130639,0.226909,0.227907,0.331243,0.282584,0.198044,0.287937,0.319490,0.159363,0.278715,0.110523,0.250971,0.182499,0.267123,0.290634,0.356424,#
20,0.245948,0.141271,0.304105,0.289812,0.279235,0.215710,0.168239,0.260231,0.178427,0.118359,0.055252,0.138683,0.221930,0.187345,0.196728,0.195229,0.351095,0.371027,0.217214,0.236667,1.000000,0.200953,0.223752,0.325295,0.375422,0.311786,0.258401,0.279650,0.210613,0.262291,0.255321,0.257032,0.235814,0.195618,-0.008828,0.181380,0.219095,0.187717,0.076865,0.228703,0.266719,0.450549,0.136262,0.118862,0.269206,0.332176,0.259293,0.228543,0.264207,0.207936,0.062701,0.272007,0.333099,0.178638,0.132855,0.130322,0.214033,0.240983,0.304355,0.181480,0.207873,0.109148,0.336051,0.221999,0.327315,0.165421,0.306000,0.203139,0.298000,0.265161,0.174148,0.274233,0.474433,0.182634,0.166880,0.189281,0.310855,0.401610,0.206962,0.249203,0.122130,0.156832,0.329519,0.232529,0.228862,0.264145,0.281707,0.221197,0.410945,0.336461,0.223008,0.328233,0.228330,0.250236,0.200951,0.092128,0.345947,0.259507,0.131579,0.012612,0.253594,0.147076,0.252533,0.328815,0.144963,0.254010,0.219805,0.192826,0.095677,0.263080,0.323734,0.180133,0.139356,0.363568,0.117900,0.296163,0.376667,0.152705,0.052184,0.159356,0.248822,0.263768,0.133089,0.237318,0.344764,0.197338,0.366557,0.369420,0.148334,0.205910,0.127350,0.354658,0.335198,0.103084,0.324245,0.244077,0.261227,0.296353,0.382465,0.278153,0.250683,0.252239,0.009539,0.183665,0.310901,0.122892,0.028696,0.224954,0.242884,0.207436,0.210401,0.237802,0.082227,0.037832,0.201692,0.249281,0.221065,0.082063,0.238053,0.411304,0.262690,0.320548,0.185060,0.175608,0.348677,0.099755,0.170186,0.274734,0.149392,0.100818,0.272787,0.189240,0.110581,0.142397,0.114277,0.324123,0.178182,0.093745,0.322340,0.296532,0.187326,0.238525,0.143360,0.189761,0.142538,0.015765,0.227452,0.211389,0.176192,0.342489,0.191799,0.350534,0.237692,0.104030,0.321388,0.218871,0.165943,0.335802,0.201923,0.133991,#
21,0.242301,0.249326,0.377052,0.321017,0.225902,0.131462,0.139597,0.290937,0.112223,0.127298,0.197232,0.275999,0.028595,0.262560,0.167503,0.109887,0.285207,0.202266,0.201536,0.318622,0.200953,1.000000,0.207629,0.256396,0.291819,0.118944,0.311177,0.261738,0.277715,0.289728,0.199946,0.278093,0.249318,0.333668,-0.035344,0.285957,0.275511,0.267155,0.350189,0.136240,0.188554,0.300285,0.131768,0.272924,0.221337,0.255074,0.238693,0.338481,0.031337,0.216506,0.262116,0.145429,0.275471,0.152624,0.149861,0.232140,0.233455,0.193562,0.174948,0.151507,0.142022,0.084351,0.290583,0.294393,0.345653,0.258631,0.103546,0.215174,0.280404,0.390042,0.308384,0.221020,0.363185,0.241534,0.176872,0.222414,0.153263,0.227889,0.173488,0.217854,0.321832,0.226924,0.176762,0.114861,0.307137,0.014350,0.274669,0.112317,0.260285,0.303681,0.111053,0.202767,0.202804,0.135263,0.194165,0.245527,0.254982,0.245241,0.071974,0.259267,0.381753,0.138986,0.129518,0.226342,0.205515,0.269319,0.307472,0.220002,0.211749,0.133799,0.201765,0.165088,0.205960,0.351183,0.077782,0.256398,0.284933,0.175631,0.183053,0.261384,0.267927,0.313272,0.085910,0.397537,0.313444,0.125421,0.258143,0.234250,0.113974,0.064555,0.129518,0.205877,0.348335,0.181665,0.280325,0.173567,0.292825,0.226005,0.141338,0.340436,0.147878,0.313615,0.192206,0.085505,0.242612,0.176207,0.136952,0.220626,0.169689,0.041805,0.074613,0.174850,0.204433,0.141260,0.210018,0.087876,0.144850,0.185755,0.179953,0.167139,0.334295,0.291339,0.164829,0.116206,0.238722,0.109739,0.108016,0.285912,0.109697,0.271249,0.219482,0.143383,0.292541,0.212316,0.132673,0.232433,0.315055,0.200483,0.146678,0.225813,0.115593,0.288475,0.006858,0.210035,0.087279,0.131180,0.261600,0.226510,0.335033,0.247644,0.243052,0.093073,0.298434,0.034874,0.304085,0.267457,0.155766,0.203253,0.210130,0.230851,#
