0,1.000000,0.315372,0.375222,0.372406,0.329085,0.348683,0.426474,0.374157,0.386263,0.264157,0.395142,0.400512,0.345061,0.349867,0.333283,0.460400,0.479981,0.487988,0.428990,0.449107,0.297140,0.274431,0.425949,0.494847,0.225901,0.311467,0.314662,0.323312,0.335079,0.348152,0.251635,0.512668,0.360216,0.381941,0.461000,0.297207,0.292221,0.270492,0.403755,0.358822,0.364714,0.304125,0.505120,0.252730,0.365881,0.273685,0.241741,0.387254,0.381696,0.388382,0.369309,0.477105,0.372573,0.449953,0.461830,0.333891,0.403092,0.437938,0.347385,0.375557,0.371004,0.402792,0.435764,0.357845,0.467633,0.273930,0.414693,0.298231,0.229131,0.293903,0.244523,0.342710,0.423565,0.486559,0.340221,0.286715,0.520604,0.343428,0.453025,0.289125,0.336662,0.288463,0.408065,0.391553,0.377495,0.441101,0.461944,0.476354,0.343813,0.449615,0.293091,0.281787,0.438504,0.239032,0.310639,0.434104,0.368473,0.329526,0.377489,0.446283,0.382238,0.310417,0.314555,0.457677,0.300490,0.464836,0.297305,0.378310,0.347877,0.141313,0.331978,0.372352,0.314214,0.433458,0.456569,0.455283,0.354411,0.278319,0.322367,0.353606,0.317866,0.408802,0.524215,0.386956,0.503719,0.409992,0.317205,0.300481,0.274371,0.396839,0.343102,0.301519,0.346179,0.302647,0.381619,0.472835,0.292313,0.423922,0.239251,0.398316,0.359405,0.312160,0.213646,0.351512,0.279895,0.127610,0.314976,0.253116,0.366257,0.301212,0.279593,0.438156,0.362894,0.315185,0.369377,0.341138,0.509161,0.391933,0.506245,0.343389,0.454980,0.436967,0.422190,0.332451,0.302371,0.417269,0.384168,0.410791,0.465616,0.295843,0.246658,0.330919,0.417617,0.460220,0.281696,0.443140,0.485929,0.393826,0.312327,0.208439,0.346056,0.423963,0.332338,0.329240,0.286075,0.245915,0.200623,0.403365,0.376347,0.209993,0.307821,0.440335,0.319494,0.371519,0.430860,0.418016,0.271071,0.367052,0.341220,0.391701,#
1,0.315372,1.000000,0.355007,0.327087,0.338814,0.367227,0.304585,0.423050,0.528842,0.396644,0.441964,0.400476,0.408736,0.278638,0.306314,0.354228,0.361614,0.362467,0.356551,0.417716,0.250143,0.396396,0.375870,0.216759,0.323150,0.251497,0.242506,0.436765,0.350810,0.290737,0.389195,0.414094,0.372219,0.455649,0.315937,0.337265,0.328106,0.313130,0.490694,0.341931,0.394682,0.240281,0.421784,0.236147,0.284961,0.322483,0.392513,0.267679,0.463916,0.306157,0.334378,0.476395,0.333282,0.355691,0.466075,0.307460,0.309995,0.222060,0.181423,0.283033,0.312033,0.322294,0.266798,0.307605,0.380576,0.477333,0.445703,0.356577,0.349431,0.409310,0.393083,0.436780,0.484468,0.342986,0.460167,0.394178,0.332937,0.324971,0.442297,0.263525,0.342224,0.321467,0.346786,0.391465,0.456495,0.376399,0.350640,0.484285,0.350890,0.321017,0.311348,0.374382,0.396670,0.367597,0.421683,0.383225,0.303696,0.360592,0.349447,0.356063,0.410946,0.246266,0.278097,0.294404,0.251299,0.458802,0.205975,0.350008,0.370963,0.261409,0.253317,0.360082,0.322732,0.435711,0.347463,0.436745,0.330458,0.261418,0.327267,0.244619,0.263771,0.381445,0.395728,0.370433,0.422184,0.314335,0.284162,0.296007,0.454196,0.396462,0.238333,0.456625,0.315535,0.304703,0.433450,0.393859,0.360377,0.409112,0.338389,0.353464,0.454079,0.348887,0.341405,0.470184,0.367730,0.265589,0.241591,0.313929,0.419614,0.258761,0.435377,0.424062,0.312442,0.265305,0.466791,0.398409,0.358599,0.346168,0.288884,0.317072,0.330655,0.403399,0.365053,0.460126,0.293460,0.231940,0.444354,0.256047,0.392076,0.300385,0.314347,0.353386,0.348615,0.312446,0.349743,0.469635,0.412898,0.421895,0.173811,0.212944,0.345733,0.288984,0.423461,0.397489,0.340128,0.404377,0.280080,0.187788,0.485957,0.417988,0.439247,0.517454,0.298523,0.309719,0.369775,0.203833,0.228157,0.487913,0.285344,0.435667,#
2,0.375222,0.355007,1.000000,0.419066,0.482523,0.424822,0.443277,0.423966,0.492957,0.390045,0.407552,0.397700,0.280611,0.440249,0.312774,0.419222,0.264809,0.423446,0.337146,0.433321,0.382711,0.351917,0.364489,0.402308,0.333610,0.365435,0.489687,0.418547,0.416035,0.400507,0.415184,0.430816,0.437861,0.436615,0.416547,0.313278,0.361130,0.355595,0.502896,0.294616,0.351572,0.331757,0.478532,0.272384,0.326618,0.368024,0.409070,0.280047,0.340707,0.339900,0.383085,0.553411,0.445865,0.402658,0.487846,0.398012,0.425240,0.253675,0.400792,0.427099,0.566934,0.380681,0.277877,0.408341,0.420136,0.424615,0.295504,0.364844,0.291671,0.397580,0.424973,0.432880,0.373269,0.451446,0.456006,0.319866,0.389694,0.321420,0.428144,0.392915,0.378884,0.390120,0.498879,0.207675,0.530039,0.412415,0.338908,0.529338,0.284128,0.326080,0.400480,0.370904,0.543212,0.442095,0.389973,0.408290,0.330544,0.345566,0.464090,0.381878,0.409443,0.342822,0.326320,0.403258,0.279178,0.461271,0.455141,0.440666,0.346560,0.246438,0.419046,0.350683,0.447378,0.421116,0.321714,0.376893,0.377734,0.401905,0.277880,0.346809,0.336670,0.297560,0.360648,0.492814,0.399658,0.281780,0.350254,0.367259,0.409391,0.486644,0.346284,0.428241,0.473112,0.464845,0.458039,0.385469,0.410792,0.454414,0.443913,0.347723,0.317748,0.458865,0.274524,0.322984,0.404115,0.366580,0.261492,0.335693,0.382870,0.400413,0.401332,0.434504,0.455150,0.432923,0.427866,0.359096,0.354726,0.161353,0.450162,0.300527,0.248569,0.358214,0.458009,0.399592,0.314252,0.416059,0.398408,0.231117,0.392884,0.352825,0.384874,0.390417,0.465224,0.336083,0.375622,0.470905,0.352022,0.448367,0.236672,0.223480,0.329863,0.526994,0.305450,0.444237,0.333741,0.384367,0.303326,0.290150,0.416495,0.397005,0.398807,0.435503,0.516695,0.465709,0.423109,0.321473,0.186909,0.377131,0.366602,0.500919,#
3,0.372406,0.327087,0.419066,1.000000,0.438597,0.351010,0.401244,0.453312,0.576953,0.423812,0.449107,0.430375,0.413547,0.446238,0.386593,0.408717,0.346426,0.460758,0.537185,0.443949,0.338194,0.389938,0.493626,0.400323,0.364712,0.446692,0.464125,0.494608,0.413366,0.465081,0.401555,0.508040,0.470014,0.497905,0.421518,0.432193,0.361998,0.424043,0.476739,0.458449,0.398515,0.374541,0.480987,0.462275,0.390787,0.424188,0.318875,0.317450,0.347582,0.296661,0.481159,0.406746,0.462933,0.377316,0.445192,0.455732,0.473304,0.440714,0.420094,0.444701,0.378248,0.326179,0.360738,0.418900,0.610426,0.317870,0.323160,0.250109,0.121330,0.384084,0.329907,0.428831,0.485053,0.389728,0.383050,0.348454,0.414727,0.357663,0.357720,0.347571,0.462878,0.349024,0.489667,0.329095,0.432149,0.470470,0.452510,0.479631,0.362665,0.409099,0.523673,0.423273,0.450498,0.442690,0.403139,0.452778,0.328710,0.359523,0.433418,0.317727,0.369752,0.385967,0.297823,0.298114,0.551106,0.374966,0.332723,0.397848,0.317118,0.275093,0.390658,0.255812,0.335819,0.430387,0.365463,0.498082,0.248598,0.353832,0.377091,0.306567,0.362236,0.485434,0.475539,0.328209,0.403926,0.444875,0.410099,0.514722,0.356991,0.325048,0.402340,0.446854,0.362390,0.379501,0.392283,0.521993,0.326222,0.391162,0.309105,0.395580,0.242503,0.548637,0.448259,0.261437,0.379928,0.437130,0.338506,0.490892,0.393375,0.436305,0.390688,0.353755,0.305194,0.441580,0.367572,0.290066,0.442314,0.268368,0.587454,0.365671,0.376684,0.384340,0.327746,0.379143,0.339060,0.384684,0.537003,0.358888,0.524042,0.319757,0.398212,0.367878,0.420848,0.442767,0.377686,0.426902,0.514264,0.437948,0.257106,0.326503,0.282928,0.494081,0.311715,0.388973,0.379882,0.348644,0.326050,0.315440,0.379115,0.468570,0.507018,0.431518,0.399897,0.412763,0.452356,0.381428,0.351950,0.412805,0.343858,0.369214,#
4,0.329085,0.338814,0.482523,0.438597,1.000000,0.493768,0.464927,0.531810,0.498891,0.413893,0.297253,0.558015,0.441078,0.463246,0.348551,0.433978,0.453078,0.503955,0.427303,0.564929,0.522033,0.419393,0.472652,0.479553,0.400927,0.449692,0.455709,0.363283,0.540050,0.416002,0.485179,0.588344,0.507787,0.480251,0.412461,0.417425,0.534147,0.390991,0.537452,0.413765,0.458249,0.288072,0.430006,0.411228,0.392019,0.511849,0.470651,0.470684,0.457072,0.325340,0.478526,0.486317,0.503839,0.471330,0.575720,0.491189,0.410991,0.451171,0.428490,0.439858,0.391588,0.443940,0.409040,0.339999,0.501670,0.514842,0.339925,0.381995,0.328849,0.420767,0.405393,0.443659,0.506050,0.500146,0.487834,0.304389,0.441930,0.473387,0.444025,0.503875,0.365139,0.442781,0.502411,0.364165,0.452000,0.464438,0.396858,0.414386,0.394099,0.365119,0.468392,0.433932,0.491840,0.389198,0.434600,0.435480,0.439873,0.382466,0.373557,0.462306,0.470064,0.480895,0.454352,0.426017,0.346141,0.523630,0.398932,0.431122,0.488230,0.447853,0.388310,0.414555,0.371541,0.538328,0.408473,0.419231,0.488612,0.448558,0.377402,0.345571,0.296699,0.389211,0.539970,0.378974,0.462135,0.404525,0.377177,0.481182,0.519882,0.472780,0.488506,0.400804,0.461866,0.482935,0.526087,0.511827,0.376205,0.399108,0.445180,0.297866,0.355473,0.481412,0.499003,0.383682,0.473266,0.373692,0.433212,0.443218,0.385239,0.521560,0.423834,0.512017,0.403973,0.483568,0.551389,0.460193,0.557126,0.311295,0.445668,0.412140,0.422909,0.413736,0.517309,0.304551,0.245068,0.387849,0.379155,0.342166,0.530685,0.421253,0.331127,0.452758,0.586763,0.383235,0.473643,0.468803,0.586231,0.544690,0.355030,0.323955,0.368890,0.411687,0.422430,0.400581,0.443360,0.503088,0.254810,0.469465,0.474870,0.542889,0.291547,0.441466,0.388866,0.457522,0.388673,0.433190,0.378508,0.437038,0.538353,0.470430,#
5,0.348683,0.367227,0.424822,0.351010,0.493768,1.000000,0.314680,0.485201,0.486132,0.278824,0.408340,0.386128,0.326583,0.279546,0.354263,0.497296,0.408986,0.452863,0.243903,0.589065,0.308709,0.298494,0.413233,0.352876,0.364010,0.362503,0.500407,0.409296,0.442910,0.331008,0.532918,0.569717,0.470092,0.415627,0.305427,0.421464,0.391399,0.260035,0.427530,0.279911,0.474431,0.260016,0.350331,0.389831,0.408828,0.465307,0.488710,0.351864,0.484924,0.177529,0.435641,0.433213,0.383184,0.452557,0.306433,0.534363,0.431352,0.302872,0.518562,0.425058,0.357783,0.465453,0.397260,0.459607,0.517453,0.413907,0.281484,0.349473,0.292649,0.247943,0.378135,0.351297,0.468927,0.378089,0.415235,0.432717,0.497484,0.452382,0.420152,0.401813,0.474852,0.324820,0.458138,0.384942,0.305841,0.476982,0.450006,0.523174,0.374783,0.256661,0.273057,0.397046,0.549617,0.527203,0.353584,0.372902,0.367031,0.402254,0.486290,0.443356,0.378511,0.412797,0.404142,0.434466,0.336438,0.512025,0.344222,0.395863,0.293495,0.354966,0.279286,0.475078,0.308227,0.364270,0.349685,0.371179,0.456465,0.274294,0.248486,0.345053,0.275751,0.386940,0.403823,0.452669,0.315653,0.315394,0.472789,0.324127,0.325722,0.426735,0.473148,0.475799,0.479952,0.461296,0.448031,0.468674,0.409205,0.415111,0.398163,0.311486,0.345479,0.354525,0.386451,0.404682,0.500116,0.298013,0.257132,0.323112,0.452571,0.346736,0.408730,0.384812,0.322197,0.357346,0.415492,0.309774,0.548725,0.265211,0.420052,0.312878,0.403625,0.351124,0.446048,0.331494,0.409647,0.357715,0.272229,0.453943,0.485355,0.391975,0.448396,0.456151,0.396565,0.377351,0.422098,0.349890,0.403882,0.442078,0.329188,0.314213,0.466930,0.390635,0.505659,0.365294,0.432597,0.412567,0.327829,0.362862,0.297633,0.415746,0.325671,0.477680,0.284492,0.339534,0.271566,0.318760,0.239116,0.391368,0.397978,0.416687,#
6,0.426474,0.304585,0.443277,0.401244,0.464927,0.314680,1.000000,0.355315,0.474467,0.277008,0.309316,0.340545,0.437455,0.466004,0.267830,0.353675,0.418812,0.508495,0.376351,0.392967,0.515793,0.358479,0.267251,0.385314,0.337767,0.316409,0.364586,0.375538,0.420407,0.486246,0.360491,0.451579,0.340820,0.405768,0.486131,0.404750,0.289287,0.261216,0.371290,0.431915,0.349224,0.378615,0.467337,0.279302,0.484856,0.296671,0.396729,0.174387,0.512741,0.356933,0.428749,0.547534,0.438603,0.366380,0.546499,0.424988,0.415833,0.433721,0.409390,0.321604,0.367446,0.362462,0.306467,0.346438,0.559283,0.385707,0.520411,0.243739,0.323417,0.358099,0.311475,0.392248,0.389565,0.532705,0.401381,0.317416,0.397528,0.286410,0.385258,0.305591,0.335587,0.409785,0.417289,0.298052,0.302735,0.453466,0.356801,0.373704,0.399211,0.355181,0.315048,0.355345,0.337022,0.318796,0.368642,0.369222,0.460028,0.376147,0.355202,0.463595,0.385549,0.342139,0.469367,0.380368,0.307116,0.300674,0.409985,0.314874,0.275014,0.303461,0.294734,0.349956,0.219876,0.396907,0.412093,0.252023,0.544230,0.342260,0.378363,0.331483,0.417310,0.395247,0.432347,0.464791,0.505503,0.495603,0.309879,0.402586,0.232767,0.381052,0.350751,0.402329,0.489287,0.333336,0.416274,0.426422,0.402576,0.332971,0.487356,0.380103,0.425118,0.422835,0.368435,0.264225,0.342935,0.406305,0.237446,0.369585,0.338466,0.305492,0.472766,0.443511,0.325442,0.359699,0.401515,0.376329,0.374642,0.350446,0.462603,0.351350,0.365870,0.409102,0.417349,0.394201,0.333671,0.419896,0.474483,0.278275,0.478778,0.289989,0.408256,0.363349,0.317570,0.258003,0.367570,0.413408,0.436549,0.423194,0.329872,0.239414,0.374082,0.339593,0.446647,0.440822,0.348019,0.362881,0.196435,0.451185,0.257336,0.340677,0.268163,0.433185,0.360149,0.465347,0.425974,0.271165,0.292661,0.467953,0.440723,0.408911,#
7,0.374157,0.423050,0.423966,0.453312,0.531810,0.485201,0.355315,1.000000,0.620445,0.406852,0.415596,0.479108,0.403524,0.463548,0.472675,0.364589,0.507471,0.447840,0.462003,0.461967,0.380979,0.409834,0.560996,0.439109,0.467280,0.441178,0.420500,0.468720,0.456124,0.406466,0.270283,0.552489,0.454748,0.478391,0.343125,0.336168,0.466563,0.334734,0.528412,0.359814,0.450480,0.306498,0.432187,0.449171,0.436401,0.492833,0.454662,0.467799,0.357765,0.327540,0.518008,0.473040,0.421229,0.485272,0.451034,0.442219,0.362929,0.468409,0.383552,0.444572,0.349277,0.440354,0.406570,0.328867,0.493878,0.461291,0.368251,0.407124,0.404241,0.533218,0.385461,0.266367,0.597797,0.467498,0.522971,0.364522,0.458092,0.367609,0.510732,0.392455,0.441949,0.446564,0.462243,0.390441,0.464345,0.422631,0.496293,0.491623,0.385676,0.441593,0.336014,0.426265,0.483226,0.488968,0.498237,0.357128,0.404312,0.469024,0.449949,0.426188,0.488463,0.375830,0.395100,0.424331,0.383886,0.532599,0.337018,0.415069,0.351919,0.290064,0.468290,0.371185,0.446081,0.502079,0.506713,0.403092,0.450937,0.293104,0.331074,0.497008,0.394458,0.470285,0.466202,0.569737,0.518169,0.383391,0.499062,0.512118,0.404641,0.311130,0.453535,0.345534,0.509795,0.389778,0.551064,0.585426,0.416133,0.443211,0.418205,0.382648,0.413341,0.458161,0.477794,0.275634,0.425364,0.400306,0.371832,0.335670,0.481891,0.466969,0.399414,0.500905,0.406537,0.479293,0.429364,0.501451,0.414582,0.386690,0.476317,0.381069,0.465356,0.310405,0.567528,0.340705,0.338200,0.449843,0.471534,0.310151,0.438248,0.316025,0.493724,0.537102,0.484137,0.437222,0.437889,0.514793,0.454234,0.436614,0.317780,0.383855,0.500702,0.374064,0.388998,0.378981,0.402250,0.482230,0.279705,0.346494,0.420956,0.464869,0.437015,0.488364,0.344166,0.324394,0.405775,0.346955,0.332325,0.480166,0.431708,0.450396,#
8,0.386263,0.528842,0.492957,0.576953,0.498891,0.486132,0.474467,0.620445,1.000000,0.489581,0.389688,0.483294,0.436710,0.502348,0.490897,0.521213,0.406068,0.508658,0.447142,0.543867,0.402861,0.585002,0.512090,0.384569,0.256105,0.515841,0.464577,0.583281,0.483917,0.494382,0.423574,0.540787,0.491353,0.498928,0.398079,0.441233,0.454083,0.390314,0.496223,0.444495,0.448400,0.493627,0.543341,0.396392,0.440005,0.415316,0.390332,0.410253,0.482806,0.434600,0.535298,0.564729,0.392464,0.533865,0.499601,0.581218,0.429143,0.516736,0.406443,0.471106,0.506611,0.445447,0.507726,0.409918,0.517687,0.526345,0.446856,0.442116,0.438253,0.548339,0.436740,0.445585,0.565234,0.605533,0.481752,0.398835,0.447198,0.466374,0.500488,0.481507,0.472330,0.457322,0.484571,0.386445,0.464547,0.506528,0.394638,0.473673,0.309449,0.440420,0.429962,0.434143,0.545924,0.508760,0.551863,0.459654,0.446156,0.461585,0.483279,0.390782,0.495698,0.444270,0.476863,0.508579,0.459836,0.526236,0.445025,0.483654,0.386390,0.377322,0.441881,0.458485,0.466549,0.484207,0.551187,0.518513,0.476792,0.349972,0.403585,0.479473,0.386722,0.442341,0.554632,0.487472,0.493712,0.537637,0.444923,0.491848,0.461414,0.430537,0.448655,0.371824,0.547386,0.546808,0.630784,0.490172,0.417776,0.453549,0.361829,0.462764,0.378400,0.568851,0.553932,0.441393,0.442174,0.418882,0.454873,0.391064,0.494225,0.446922,0.485244,0.471754,0.407971,0.603564,0.532550,0.494917,0.477328,0.439300,0.515177,0.536104,0.438974,0.426254,0.546021,0.503479,0.406108,0.403460,0.470713,0.382136,0.572576,0.511812,0.460189,0.502937,0.504342,0.428690,0.540406,0.513211,0.440232,0.553605,0.403249,0.293828,0.474457,0.496028,0.332456,0.604624,0.495903,0.518475,0.385143,0.385805,0.452458,0.470699,0.496329,0.464683,0.523660,0.439024,0.454694,0.425057,0.392452,0.456017,0.512323,0.503716,#
9,0.264157,0.396644,0.390045,0.423812,0.413893,0.278824,0.277008,0.406852,0.489581,1.000000,0.387127,0.301629,0.371083,0.383842,0.434535,0.367825,0.314792,0.379828,0.456369,0.467611,0.511506,0.413282,0.461012,0.472673,0.324057,0.306603,0.375636,0.515641,0.340626,0.478141,0.330557,0.417383,0.399176,0.464181,0.460887,0.366645,0.311399,0.263966,0.467606,0.347188,0.475061,0.343259,0.383295,0.283213,0.402802,0.361062,0.369722,0.325928,0.301225,0.251007,0.295982,0.411673,0.282460,0.368167,0.363772,0.412695,0.336837,0.407248,0.355841,0.359718,0.366974,0.332748,0.383407,0.368992,0.450378,0.543115,0.447899,0.373097,0.391285,0.283421,0.436292,0.345933,0.369814,0.372419,0.432745,0.393586,0.265378,0.427268,0.395250,0.457741,0.332882,0.393077,0.374674,0.347655,0.451548,0.305123,0.325400,0.506654,0.290182,0.202262,0.339720,0.412705,0.510054,0.379203,0.428861,0.351977,0.371457,0.502597,0.440267,0.291228,0.344021,0.330701,0.399621,0.349206,0.431358,0.433020,0.321928,0.267784,0.383550,0.333496,0.422665,0.425707,0.555172,0.452514,0.303057,0.453495,0.255467,0.262551,0.267224,0.262387,0.352429,0.414782,0.467637,0.404474,0.364815,0.277877,0.365752,0.352983,0.432222,0.339339,0.286851,0.444281,0.454879,0.498623,0.427047,0.350512,0.299199,0.384505,0.290025,0.405442,0.255390,0.532070,0.432730,0.391936,0.358437,0.356401,0.343036,0.389862,0.304042,0.297078,0.312978,0.339712,0.372892,0.422175,0.402030,0.384164,0.405999,0.347354,0.381585,0.406453,0.362268,0.340754,0.412658,0.451620,0.398036,0.308092,0.312789,0.298533,0.479034,0.300320,0.443690,0.484167,0.337862,0.415423,0.433184,0.547875,0.304134,0.462193,0.348677,0.341027,0.346230,0.279776,0.334006,0.399655,0.345408,0.535878,0.181544,0.240230,0.537433,0.374192,0.383022,0.413248,0.360104,0.321726,0.350814,0.303939,0.267444,0.378843,0.323878,0.303021,#
10,0.395142,0.441964,0.407552,0.449107,0.297253,0.408340,0.309316,0.415596,0.389688,0.387127,1.000000,0.389442,0.226305,0.349847,0.293953,0.406187,0.323801,0.317334,0.364226,0.412420,0.365980,0.240565,0.367806,0.377176,0.304581,0.261027,0.335792,0.532547,0.293365,0.420956,0.315648,0.415283,0.360473,0.473442,0.410885,0.363324,0.316201,0.318224,0.432682,0.203244,0.436011,0.271140,0.306424,0.269048,0.371169,0.444263,0.434398,0.355622,0.472025,0.444858,0.246282,0.441941,0.435408,0.352195,0.367424,0.328320,0.348376,0.313378,0.295183,0.339195,0.351459,0.384753,0.441649,0.445986,0.455068,0.318898,0.330904,0.198194,0.232754,0.351950,0.247121,0.453612,0.432470,0.334060,0.327097,0.369047,0.338775,0.406283,0.394645,0.285958,0.466676,0.395659,0.437821,0.303963,0.370611,0.316706,0.402205,0.499914,0.338178,0.387847,0.309348,0.477857,0.463887,0.466264,0.382517,0.423369,0.213662,0.337059,0.524884,0.474024,0.349139,0.305605,0.349087,0.433266,0.525640,0.295226,0.244368,0.379052,0.318947,0.290139,0.304954,0.322921,0.340536,0.352329,0.353736,0.480979,0.304625,0.247889,0.360216,0.363856,0.385620,0.526627,0.272865,0.343890,0.191006,0.344352,0.476204,0.394514,0.405261,0.281152,0.186523,0.318840,0.373746,0.353496,0.435045,0.411730,0.277826,0.424360,0.278665,0.314943,0.469291,0.324451,0.263440,0.362982,0.274795,0.234433,0.206661,0.297336,0.417162,0.312235,0.390062,0.382887,0.417295,0.323057,0.369232,0.351544,0.495087,0.292069,0.402394,0.332586,0.456005,0.343704,0.418242,0.404872,0.327569,0.291428,0.480222,0.323253,0.435363,0.385924,0.413920,0.338439,0.295004,0.346752,0.343989,0.369985,0.415815,0.505913,0.206771,0.382181,0.302073,0.252680,0.420164,0.308998,0.324820,0.305734,0.158194,0.281878,0.344325,0.462125,0.390897,0.350162,0.357570,0.352962,0.426791,0.304858,0.158841,0.475122,0.366021,0.445329,#
11,0.400512,0.400476,0.397700,0.430375,0.558015,0.386128,0.340545,0.479108,0.483294,0.301629,0.389442,1.000000,0.431959,0.361608,0.363183,0.342872,0.371061,0.495917,0.447982,0.376000,0.394107,0.406657,0.375878,0.300226,0.324165,0.411208,0.258868,0.450914,0.444643,0.375381,0.391894,0.459687,0.434330,0.477002,0.378070,0.324220,0.497352,0.358731,0.377031,0.424097,0.394684,0.373268,0.449162,0.338799,0.334738,0.430545,0.548294,0.350876,0.364266,0.392825,0.416280,0.491443,0.426929,0.503315,0.472552,0.426111,0.247103,0.424867,0.351505,0.361116,0.314893,0.361099,0.493455,0.312545,0.487607,0.407557,0.392253,0.375773,0.371391,0.469482,0.404511,0.441693,0.443089,0.451520,0.397226,0.228916,0.447062,0.406188,0.418415,0.195482,0.412183,0.400228,0.426371,0.275366,0.456516,0.402952,0.289608,0.390327,0.350933,0.267936,0.353395,0.503586,0.439267,0.371740,0.451737,0.544971,0.360988,0.363749,0.389465,0.310672,0.309368,0.418288,0.377279,0.393309,0.442619,0.552431,0.296461,0.446823,0.458280,0.355833,0.511977,0.427769,0.449437,0.464729,0.255986,0.454649,0.365271,0.406446,0.269227,0.456389,0.296031,0.423172,0.441587,0.341061,0.448279,0.337060,0.371759,0.360078,0.439160,0.389918,0.400609,0.395859,0.479559,0.465124,0.441405,0.414094,0.357286,0.436443,0.370304,0.394682,0.409985,0.344870,0.369438,0.394652,0.484223,0.282325,0.448529,0.350543,0.350364,0.462097,0.382202,0.397111,0.322750,0.437403,0.526202,0.379829,0.438458,0.279659,0.480942,0.293312,0.338155,0.379675,0.447913,0.351066,0.397375,0.222657,0.436659,0.274524,0.501876,0.442887,0.385728,0.379772,0.407745,0.448277,0.317294,0.426388,0.386735,0.428543,0.253379,0.397086,0.405676,0.338922,0.451063,0.331470,0.462725,0.300404,0.208530,0.413432,0.452521,0.465125,0.427517,0.384268,0.455999,0.419106,0.441867,0.348498,0.296956,0.466212,0.365985,0.423486,#
12,0.345061,0.408736,0.280611,0.413547,0.441078,0.326583,0.437455,0.403524,0.436710,0.371083,0.226305,0.431959,1.000000,0.418358,0.462594,0.322340,0.494726,0.470673,0.471560,0.465637,0.403380,0.364452,0.425519,0.387758,0.291112,0.316497,0.328071,0.420206,0.514279,0.323154,0.336052,0.396290,0.499784,0.419872,0.397633,0.374462,0.338475,0.303539,0.396020,0.416341,0.255986,0.204075,0.392797,0.509395,0.345859,0.389738,0.464328,0.235920,0.379416,0.263627,0.502664,0.384377,0.348488,0.449076,0.478156,0.342914,0.277271,0.400716,0.307030,0.273955,0.256562,0.413697,0.235165,0.319566,0.512141,0.430608,0.310514,0.215197,0.333109,0.372530,0.333794,0.358420,0.436870,0.398008,0.507365,0.383123,0.408390,0.295942,0.432958,0.339071,0.387458,0.354113,0.411075,0.357646,0.287921,0.436607,0.333743,0.400420,0.446512,0.316598,0.288287,0.280834,0.445517,0.280919,0.318650,0.415719,0.521262,0.472412,0.325656,0.301033,0.236136,0.394133,0.400452,0.461607,0.309035,0.391970,0.269182,0.269972,0.350284,0.303187,0.434853,0.324406,0.348365,0.398442,0.510405,0.339340,0.393044,0.235308,0.336388,0.232563,0.342639,0.425674,0.455142,0.478747,0.421141,0.351539,0.309187,0.214116,0.294735,0.347985,0.307729,0.342757,0.319426,0.359615,0.394611,0.370656,0.349361,0.436365,0.430774,0.257209,0.378690,0.543044,0.385926,0.332264,0.387110,0.334848,0.402468,0.340038,0.376283,0.501393,0.304082,0.459273,0.345494,0.278487,0.361232,0.505745,0.441651,0.290421,0.400121,0.345676,0.380518,0.449739,0.460618,0.377527,0.454600,0.250162,0.416303,0.410371,0.298990,0.214280,0.414880,0.433738,0.397866,0.388570,0.350414,0.353291,0.487294,0.482684,0.347654,0.175293,0.318776,0.412797,0.368457,0.350095,0.230522,0.417086,0.295282,0.453571,0.389939,0.297475,0.334202,0.309660,0.303362,0.425152,0.312543,0.347583,0.286141,0.382624,0.383885,0.243739,#
13,0.349867,0.278638,0.440249,0.446238,0.463246,0.279546,0.466004,0.463548,0.502348,0.383842,0.349847,0.361608,0.418358,1.000000,0.321377,0.394331,0.384896,0.482322,0.491407,0.416496,0.473830,0.379638,0.491158,0.397799,0.305137,0.371695,0.291302,0.511871,0.482139,0.488998,0.261307,0.436976,0.490806,0.534102,0.326936,0.284322,0.398486,0.410079,0.422335,0.397372,0.499063,0.348675,0.444498,0.383142,0.522556,0.382006,0.389426,0.383229,0.500228,0.293426,0.432013,0.571009,0.379262,0.484478,0.473396,0.441319,0.369910,0.417759,0.367334,0.378784,0.418336,0.416909,0.393866,0.397813,0.471917,0.415665,0.417121,0.269441,0.394717,0.332248,0.314403,0.378871,0.287387,0.520258,0.471120,0.377303,0.399456,0.333823,0.419318,0.424507,0.394599,0.365451,0.545070,0.338622,0.368156,0.407380,0.340282,0.325537,0.465783,0.376743,0.396010,0.397716,0.489458,0.432848,0.439999,0.294353,0.367348,0.398757,0.404229,0.519231,0.373911,0.399462,0.390641,0.525446,0.412297,0.538113,0.288637,0.421311,0.378465,0.299308,0.443825,0.428280,0.456807,0.434612,0.448545,0.457850,0.330534,0.443617,0.393968,0.474771,0.401506,0.442297,0.354442,0.304378,0.438991,0.214810,0.363003,0.304003,0.374687,0.340961,0.307206,0.432621,0.391585,0.370083,0.516672,0.415410,0.336110,0.399433,0.506763,0.353825,0.194014,0.519744,0.516197,0.320342,0.333901,0.393062,0.416894,0.404697,0.414426,0.414190,0.334477,0.460871,0.318106,0.498310,0.380883,0.460741,0.396081,0.331366,0.459632,0.385318,0.488772,0.415082,0.416676,0.422793,0.374945,0.375990,0.433746,0.312135,0.536086,0.292071,0.393234,0.490297,0.440233,0.416227,0.502437,0.432789,0.439461,0.568156,0.422596,0.243953,0.317630,0.436529,0.420147,0.419603,0.422998,0.424436,0.267902,0.379810,0.250834,0.349111,0.406461,0.430567,0.384308,0.473144,0.465988,0.315346,0.347992,0.387050,0.440276,0.371044,#
14,0.333283,0.306314,0.312774,0.386593,0.348551,0.354263,0.267830,0.472675,0.490897,0.434535,0.293953,0.363183,0.462594,0.321377,1.000000,0.441545,0.384470,0.322543,0.418272,0.421807,0.374184,0.330278,0.371255,0.427212,0.306718,0.190279,0.347648,0.415653,0.421629,0.385944,0.346254,0.484955,0.418387,0.410385,0.395610,0.326667,0.306397,0.326856,0.431933,0.275453,0.252028,0.231426,0.438568,0.378138,0.337645,0.356410,0.300102,0.246590,0.204483,0.252198,0.334209,0.331505,0.236768,0.497737,0.345765,0.344247,0.327863,0.330084,0.381145,0.284654,0.295337,0.410731,0.376905,0.353005,0.367096,0.274309,0.269791,0.304349,0.267741,0.452494,0.323845,0.299589,0.372870,0.319002,0.488712,0.305096,0.483612,0.362778,0.316967,0.199283,0.409983,0.408749,0.449431,0.402355,0.337522,0.353432,0.318841,0.458365,0.363687,0.207600,0.217940,0.199463,0.487086,0.428135,0.353410,0.411181,0.591059,0.393903,0.426216,0.223566,0.337169,0.336773,0.401867,0.256475,0.420590,0.383793,0.247291,0.215625,0.244645,0.200684,0.409262,0.345421,0.390790,0.381657,0.356391,0.405388,0.287950,0.193095,0.242237,0.314769,0.374624,0.399747,0.362696,0.380857,0.432133,0.157665,0.327382,0.472725,0.280948,0.415411,0.231227,0.306973,0.328430,0.404806,0.416346,0.402201,0.249768,0.374271,0.301529,0.313673,0.253722,0.423150,0.301884,0.366408,0.258505,0.433346,0.418198,0.318972,0.362398,0.245488,0.319586,0.333891,0.228820,0.329423,0.424664,0.375901,0.436264,0.316144,0.307686,0.342973,0.357980,0.268503,0.415812,0.306106,0.270462,0.252131,0.302606,0.282542,0.329575,0.398745,0.315626,0.339433,0.425847,0.442283,0.289365,0.468365,0.392442,0.403498,0.259045,0.137337,0.397003,0.461481,0.388247,0.333743,0.283871,0.285142,0.308791,0.205805,0.263589,0.333146,0.209149,0.333699,0.424311,0.408242,0.343379,0.329161,0.275000,0.279721,0.312350,0.225492,#
15,0.460400,0.354228,0.419222,0.408717,0.433978,0.497296,0.353675,0.364589,0.521213,0.367825,0.406187,0.342872,0.322340,0.394331,0.441545,1.000000,0.384717,0.507414,0.402884,0.460891,0.351867,0.371014,0.425096,0.452520,0.319459,0.367793,0.352506,0.404747,0.431922,0.489064,0.338516,0.495582,0.402728,0.455983,0.376162,0.473935,0.450256,0.321189,0.537723,0.329035,0.364069,0.343033,0.430125,0.312628,0.482480,0.383731,0.373889,0.490871,0.420330,0.384869,0.334136,0.589087,0.364659,0.415868,0.470241,0.357783,0.455616,0.330514,0.379104,0.360956,0.498496,0.383830,0.403370,0.469182,0.403001,0.489320,0.345924,0.285697,0.271368,0.256619,0.387139,0.311451,0.319694,0.384515,0.428866,0.326523,0.440838,0.391116,0.419098,0.346980,0.511229,0.398539,0.345729,0.371997,0.481372,0.446400,0.299938,0.532772,0.319867,0.317551,0.338876,0.331393,0.451238,0.351180,0.324226,0.420364,0.373135,0.367414,0.365254,0.342413,0.503907,0.298268,0.494672,0.438465,0.337419,0.460224,0.407908,0.402384,0.303553,0.353843,0.267454,0.359670,0.393571,0.425727,0.308156,0.405039,0.389029,0.349390,0.360908,0.338620,0.363982,0.351912,0.432288,0.358912,0.317004,0.414968,0.459422,0.419503,0.399318,0.571172,0.235152,0.275447,0.382860,0.386982,0.417377,0.386671,0.273877,0.285964,0.372610,0.364526,0.318371,0.371042,0.386289,0.314613,0.326431,0.320164,0.303997,0.321493,0.367559,0.323066,0.429171,0.314757,0.457052,0.424256,0.392126,0.376834,0.566371,0.369520,0.395746,0.416978,0.331930,0.414907,0.520284,0.222816,0.390564,0.398282,0.425344,0.501800,0.558767,0.275912,0.260343,0.522872,0.266451,0.419910,0.351423,0.518546,0.457043,0.486569,0.322663,0.276261,0.365594,0.378323,0.344556,0.440180,0.362148,0.416244,0.188650,0.364154,0.265112,0.375631,0.314944,0.416902,0.415290,0.387887,0.331470,0.367921,0.382609,0.442567,0.449926,0.382796,#
16,0.479981,0.361614,0.264809,0.346426,0.453078,0.408986,0.418812,0.507471,0.406068,0.314792,0.323801,0.371061,0.494726,0.384896,0.384470,0.384717,1.000000,0.463775,0.373569,0.489110,0.506155,0.383262,0.322464,0.376286,0.337458,0.405651,0.448629,0.266598,0.358625,0.397337,0.333389,0.568912,0.540574,0.512019,0.408445,0.382509,0.407888,0.275670,0.483514,0.356688,0.349359,0.324809,0.420441,0.338219,0.402355,0.390615,0.292353,0.319436,0.405098,0.367319,0.381757,0.387165,0.451694,0.616435,0.513107,0.379158,0.241587,0.440436,0.392347,0.263461,0.261009,0.502470,0.294061,0.359652,0.417439,0.372195,0.330066,0.364254,0.419300,0.517651,0.253702,0.309119,0.499381,0.449875,0.459300,0.295256,0.413001,0.377337,0.431055,0.411427,0.383022,0.368005,0.422225,0.466208,0.375850,0.409284,0.425687,0.449493,0.442217,0.340239,0.327503,0.338310,0.476926,0.340533,0.439981,0.491067,0.404985,0.414236,0.470324,0.362150,0.309178,0.317654,0.409725,0.434918,0.283802,0.544388,0.415923,0.296039,0.393316,0.304009,0.439839,0.427647,0.452054,0.391747,0.428564,0.429813,0.564023,0.345949,0.364996,0.287943,0.412149,0.478943,0.463244,0.419927,0.484893,0.421273,0.417105,0.363380,0.370764,0.335982,0.398504,0.370061,0.423948,0.272551,0.470471,0.456264,0.316752,0.353547,0.332863,0.402111,0.389204,0.422804,0.371655,0.386563,0.333668,0.250907,0.362529,0.293549,0.442469,0.502569,0.280845,0.476055,0.307417,0.337587,0.462191,0.476401,0.449524,0.328792,0.416292,0.455916,0.322818,0.412818,0.512679,0.355519,0.321198,0.401428,0.417604,0.466156,0.445139,0.254164,0.439100,0.469864,0.356493,0.343703,0.331030,0.371366,0.373272,0.443469,0.395420,0.206241,0.267854,0.363789,0.393064,0.297809,0.436456,0.477903,0.309424,0.434215,0.368515,0.353017,0.439891,0.380484,0.361715,0.368340,0.340335,0.342062,0.287733,0.328116,0.369739,0.377752,#
17,0.487988,0.362467,0.423446,0.460758,0.503955,0.452863,0.508495,0.447840,0.508658,0.379828,0.317334,0.495917,0.470673,0.482322,0.322543,0.507414,0.463775,1.000000,0.367879,0.447239,0.428229,0.419352,0.435215,0.531492,0.430215,0.440832,0.452381,0.447045,0.396455,0.489407,0.426108,0.517722,0.392425,0.452008,0.434805,0.478056,0.397176,0.404312,0.542064,0.409645,0.504755,0.438549,0.502411,0.408574,0.373561,0.430975,0.383732,0.518620,0.512491,0.408354,0.475546,0.524161,0.440856,0.453281,0.468552,0.468877,0.375861,0.369913,0.424843,0.273466,0.408476,0.442806,0.297676,0.422625,0.455498,0.591774,0.475929,0.417762,0.347373,0.365762,0.346860,0.456404,0.364041,0.393104,0.401580,0.375199,0.471783,0.402431,0.446403,0.407837,0.413633,0.439789,0.438137,0.374021,0.363776,0.420361,0.498664,0.403198,0.409469,0.408314,0.389374,0.336456,0.510218,0.406834,0.383357,0.522440,0.448183,0.331281,0.304903,0.423498,0.469919,0.254233,0.392177,0.485785,0.354698,0.441649,0.459547,0.425472,0.392867,0.304756,0.410095,0.389273,0.286033,0.500587,0.446514,0.346748,0.353423,0.412426,0.321919,0.334207,0.392809,0.427065,0.478112,0.425808,0.512302,0.500285,0.440378,0.372543,0.344750,0.448991,0.492843,0.486318,0.501738,0.373565,0.357573,0.505462,0.417179,0.437102,0.518240,0.459647,0.411740,0.514822,0.558760,0.412216,0.443549,0.408241,0.415076,0.469636,0.428799,0.343825,0.469969,0.361567,0.330522,0.409815,0.510651,0.564308,0.583661,0.359885,0.473478,0.332501,0.365212,0.397358,0.541831,0.439814,0.392788,0.416127,0.341169,0.361366,0.568516,0.295768,0.473113,0.380328,0.415507,0.377443,0.459663,0.432697,0.504586,0.473981,0.347054,0.423506,0.433155,0.531717,0.416750,0.453978,0.462245,0.436542,0.328091,0.519433,0.353930,0.339954,0.354379,0.467540,0.463392,0.467619,0.489572,0.496297,0.289912,0.563535,0.353743,0.408219,#
18,0.428990,0.356551,0.337146,0.537185,0.427303,0.243903,0.376351,0.462003,0.447142,0.456369,0.364226,0.447982,0.471560,0.491407,0.418272,0.402884,0.373569,0.367879,1.000000,0.536424,0.393668,0.389492,0.481785,0.349881,0.365668,0.378822,0.303587,0.482037,0.433112,0.404987,0.256724,0.467821,0.434981,0.487915,0.478382,0.420924,0.355736,0.330728,0.406526,0.409990,0.451327,0.162555,0.422175,0.349816,0.491747,0.318465,0.399856,0.330378,0.281764,0.318380,0.351868,0.441041,0.484072,0.436271,0.490559,0.391754,0.313881,0.477460,0.314245,0.425689,0.375550,0.341769,0.453710,0.322006,0.553358,0.361087,0.390185,0.269036,0.104506,0.411523,0.398668,0.269688,0.405483,0.402000,0.478237,0.276103,0.522113,0.366785,0.490175,0.387020,0.359961,0.313941,0.470484,0.367765,0.362984,0.386558,0.386948,0.439336,0.367137,0.294182,0.400540,0.375724,0.443046,0.332068,0.509131,0.407321,0.432453,0.433364,0.404793,0.405063,0.466621,0.380853,0.427077,0.459185,0.534198,0.473204,0.289269,0.277781,0.333571,0.234078,0.496022,0.289137,0.486780,0.468876,0.307567,0.341231,0.341876,0.179973,0.320750,0.335377,0.429775,0.510323,0.406075,0.238944,0.352898,0.285171,0.323806,0.394158,0.462093,0.318983,0.249431,0.430892,0.361263,0.407238,0.412006,0.508921,0.352602,0.456391,0.309289,0.329832,0.250224,0.521203,0.412921,0.466298,0.339608,0.460706,0.408135,0.292770,0.360655,0.417347,0.291163,0.483302,0.368461,0.392110,0.374474,0.448985,0.431657,0.399082,0.427707,0.403093,0.433486,0.367956,0.477968,0.424742,0.397638,0.439401,0.506499,0.350781,0.449498,0.372810,0.357211,0.479835,0.448641,0.393698,0.288655,0.446498,0.453704,0.496334,0.280792,0.344073,0.318195,0.383208,0.357406,0.371951,0.401665,0.334849,0.365644,0.297951,0.320826,0.340394,0.462874,0.368431,0.340776,0.506484,0.444355,0.372395,0.237390,0.395464,0.431092,0.347294,#
19,0.449107,0.417716,0.433321,0.443949,0.564929,0.589065,0.392967,0.461967,0.543867,0.467611,0.412420,0.376000,0.465637,0.416496,0.421807,0.460891,0.489110,0.447239,0.536424,1.000000,0.427633,0.378907,0.467371,0.443407,0.396221,0.329126,0.473646,0.430070,0.444756,0.503736,0.484497,0.519991,0.398692,0.492300,0.346578,0.433037,0.471870,0.272174,0.528207,0.392447,0.472593,0.280926,0.400049,0.355673,0.429327,0.423858,0.490348,0.356760,0.516360,0.303581,0.365298,0.492838,0.385120,0.515203,0.446522,0.421206,0.435093,0.400156,0.464456,0.332022,0.454088,0.574162,0.496164,0.439900,0.526575,0.419510,0.358063,0.351034,0.261580,0.395733,0.433374,0.321955,0.445841,0.451829,0.475070,0.349137,0.493331,0.403911,0.544175,0.407473,0.368517,0.327123,0.546910,0.390480,0.365663,0.481306,0.399963,0.536925,0.479406,0.228226,0.370053,0.396272,0.560013,0.407959,0.402434,0.468535,0.486441,0.432972,0.407764,0.428566,0.454533,0.367393,0.487936,0.450230,0.426859,0.553059,0.410212,0.424126,0.395969,0.227444,0.331624,0.378692,0.430632,0.440471,0.433618,0.379041,0.510766,0.389528,0.348941,0.264055,0.310413,0.519750,0.476002,0.430162,0.491007,0.334888,0.531048,0.386163,0.493423,0.479729,0.392613,0.419186,0.406166,0.451937,0.534199,0.454886,0.404789,0.448434,0.361046,0.359436,0.315722,0.476481,0.419286,0.390789,0.421848,0.394726,0.397483,0.293996,0.501549,0.452866,0.428271,0.570037,0.356053,0.369801,0.468259,0.504967,0.557634,0.395783,0.475945,0.463773,0.530091,0.408236,0.487404,0.335626,0.481046,0.406538,0.343842,0.443550,0.506265,0.420320,0.421656,0.518639,0.532243,0.428377,0.424873,0.453247,0.443467,0.585591,0.430478,0.276552,0.297704,0.487808,0.471287,0.520528,0.504322,0.384869,0.309406,0.411129,0.435129,0.433571,0.453174,0.479352,0.381654,0.525106,0.382861,0.509328,0.221372,0.416679,0.512948,0.411762,#
20,0.297140,0.250143,0.382711,0.338194,0.522033,0.308709,0.515793,0.380979,0.402861,0.511506,0.365980,0.394107,0.403380,0.473830,0.374184,0.351867,0.506155,0.428229,0.393668,0.427633,1.000000,0.427021,0.305436,0.370833,0.342220,0.432728,0.418618,0.387466,0.430485,0.497516,0.280569,0.396695,0.434265,0.536815,0.458510,0.499388,0.426507,0.274452,0.484376,0.418450,0.367010,0.447553,0.349951,0.368510,0.484760,0.391281,0.428770,0.266891,0.333338,0.326115,0.302945,0.467758,0.331129,0.551088,0.469480,0.421680,0.362398,0.430801,0.403609,0.313226,0.386103,0.403838,0.461480,0.271464,0.497860,0.419719,0.420033,0.255200,0.336192,0.426582,0.443323,0.375611,0.334620,0.421073,0.498631,0.251316,0.394900,0.380601,0.356963,0.428414,0.367677,0.495767,0.499221,0.371497,0.310905,0.396114,0.404406,0.424735,0.412849,0.391092,0.383649,0.461826,0.482193,0.394860,0.562477,0.324441,0.355329,0.449109,0.421918,0.358612,0.417180,0.319415,0.523134,0.442057,0.380556,0.374867,0.368995,0.412549,0.256923,0.480386,0.417891,0.463525,0.408665,0.349933,0.413835,0.327183,0.448359,0.408774,0.282466,0.353093,0.469246,0.433863,0.402907,0.477229,0.375736,0.346375,0.409328,0.343780,0.485921,0.415453,0.425432,0.380759,0.444911,0.494422,0.450536,0.342825,0.247402,0.373590,0.448977,0.435460,0.349787,0.452409,0.361855,0.395252,0.408414,0.355456,0.324553,0.334564,0.359449,0.497649,0.398105,0.446217,0.383372,0.508863,0.456158,0.429166,0.426284,0.262776,0.433386,0.486706,0.359203,0.476251,0.426494,0.384747,0.443727,0.187728,0.353350,0.308326,0.514206,0.339231,0.386078,0.383498,0.465879,0.308754,0.327090,0.453088,0.308798,0.465013,0.401951,0.253784,0.323319,0.354347,0.433887,0.364052,0.341439,0.373696,0.219443,0.446941,0.286089,0.390604,0.256468,0.367028,0.311807,0.531342,0.325559,0.272043,0.326854,0.357696,0.439238,0.404945,#
21,0.274431,0.396396,0.351917,0.389938,0.419393,0.298494,0.358479,0.409834,0.585002,0.413282,0.240565,0.406657,0.364452,0.379638,0.330278,0.371014,0.383262,0.419352,0.389492,0.378907,0.427021,1.000000,0.334342,0.388932,0.216122,0.331590,0.380093,0.318353,0.387962,0.373229,0.372283,0.423264,0.475008,0.422611,0.470152,0.429387,0.427381,0.382751,0.446269,0.305245,0.368090,0.432976,0.371291,0.307079,0.403103,0.335576,0.316272,0.322586,0.339790,0.212535,0.327207,0.471100,0.213447,0.346280,0.441421,0.410053,0.365047,0.352532,0.346404,0.207161,0.420274,0.303469,0.379096,0.226148,0.522520,0.417567,0.379119,0.377404,0.308981,0.353684,0.410588,0.410272,0.357022,0.455670,0.530699,0.281841,0.308657,0.366883,0.364388,0.414129,0.330121,0.328012,0.388450,0.207139,0.475043,0.348141,0.318166,0.432310,0.301847,0.365893,0.304491,0.235642,0.418441,0.328062,0.466403,0.368242,0.424566,0.305973,0.249845,0.376167,0.387375,0.390903,0.454728,0.358519,0.296111,0.467899,0.231583,0.184901,0.365809,0.390638,0.436752,0.369334,0.361786,0.467092,0.272098,0.371425,0.427150,0.278386,0.188088,0.327819,0.310887,0.446363,0.402437,0.389288,0.437264,0.306332,0.335804,0.407156,0.376905,0.367197,0.418471,0.399706,0.513833,0.354722,0.388714,0.381245,0.146003,0.283458,0.366623,0.461010,0.347257,0.418051,0.407003,0.410224,0.345370,0.398969,0.365795,0.360961,0.346940,0.386586,0.412423,0.332335,0.275344,0.505196,0.496016,0.462980,0.379350,0.235632,0.380435,0.405182,0.334811,0.393839,0.465245,0.437264,0.407022,0.267458,0.399011,0.385892,0.363136,0.408116,0.376990,0.312788,0.299620,0.219081,0.365328,0.458041,0.254671,0.489720,0.196465,0.217683,0.316213,0.417021,0.318024,0.406619,0.345062,0.423719,0.289932,0.259249,0.280638,0.429561,0.419148,0.321991,0.363540,0.429309,0.445283,0.314229,0.331440,0.409686,0.372680,0.331206,#
