0,1.000000,0.745981,0.764651,0.720670,0.639934,0.746731,0.720754,0.745072,0.715246,0.712285,0.736996,0.783531,0.730674,0.674320,0.721771,0.695017,0.733742,0.768873,0.737451,0.707811,0.741330,0.699760,0.724562,0.726823,0.671812,0.739638,0.735180,0.755932,0.658703,0.712533,0.728957,0.703428,0.695972,0.668036,0.743337,0.722844,0.751969,0.736385,0.729069,0.774048,0.717777,0.694725,0.718180,0.758540,0.718253,0.679125,0.759485,0.744994,0.695721,0.775062,0.735585,0.669731,0.766699,0.774490,0.708307,0.754249,0.725879,0.778819,0.722678,0.758367,0.763821,0.661893,0.739614,0.742172,0.713722,0.742638,0.775425,0.770033,0.733900,0.672502,0.755245,0.746045,0.805063,0.752471,0.733204,0.733980,0.741611,0.758854,0.747049,0.728135,0.799761,0.745229,0.736071,0.772518,0.706689,0.779464,0.738120,0.670964,0.645542,0.720919,0.714966,0.717313,0.712422,0.740759,0.724139,0.732530,0.655402,0.695968,0.733504,0.762363,0.732850,0.729962,0.674699,0.720637,0.734616,0.694936,0.672666,0.749771,0.759522,0.725264,0.767163,0.699391,0.763601,0.663712,0.717468,0.795263,0.661752,0.699905,0.706541,0.693502,0.690512,0.840326,0.715507,0.784614,0.696650,0.722506,0.701713,0.719778,0.688380,0.674644,0.706148,0.737986,0.730970,0.701643,0.729460,0.695103,0.722311,0.774629,0.693621,0.730921,0.708206,0.717662,0.665932,0.787177,0.768100,0.657034,0.735046,0.666010,0.754667,0.721189,0.715809,0.688226,0.720436,0.677344,0.700190,0.687210,0.696650,0.746147,0.768637,0.757860,0.748521,0.772176,0.704259,0.737045,0.715919,0.758068,0.755845,0.710646,0.705125,0.759514,0.741847,0.710670,0.724785,0.775335,0.797017,0.662494,0.705537,0.736640,0.729456,0.745589,0.692636,0.763773,0.664590,0.696583,0.705109,0.680429,0.753187,0.734914,0.724182,0.772711,0.740334,0.751611,0.688582,0.722009,0.697400,0.703676,0.704933,0.749414,0.779733,0.713085,#
1,0.745981,1.000000,0.734658,0.762332,0.722863,0.794550,0.678454,0.716478,0.736440,0.739957,0.739171,0.725130,0.729570,0.752592,0.754196,0.708185,0.707284,0.714057,0.741453,0.748891,0.778300,0.808579,0.779358,0.771995,0.698966,0.704430,0.805959,0.753733,0.660346,0.683553,0.793602,0.756301,0.748443,0.747263,0.772646,0.788269,0.671049,0.789899,0.778417,0.769467,0.711316,0.694347,0.674054,0.743228,0.712484,0.731046,0.783006,0.740227,0.784880,0.760866,0.741415,0.783703,0.755114,0.704023,0.775257,0.763024,0.731513,0.786188,0.780146,0.743034,0.720225,0.737723,0.659087,0.694476,0.752234,0.748863,0.795109,0.765857,0.758754,0.762225,0.746276,0.767603,0.840985,0.707059,0.749540,0.774102,0.713073,0.770184,0.726526,0.736402,0.796196,0.743537,0.812143,0.798663,0.755990,0.754747,0.706922,0.695316,0.741882,0.745484,0.733250,0.694085,0.750284,0.756149,0.685871,0.665897,0.706412,0.712131,0.716474,0.780906,0.744422,0.789358,0.704939,0.730033,0.750470,0.705523,0.679204,0.755186,0.747601,0.704380,0.747404,0.730247,0.738071,0.675719,0.696970,0.732051,0.736264,0.770834,0.729197,0.669326,0.792886,0.764093,0.694723,0.770792,0.670506,0.692590,0.737824,0.742061,0.766775,0.761082,0.718546,0.760996,0.692861,0.765452,0.766028,0.688928,0.695614,0.734996,0.736874,0.671818,0.768050,0.746329,0.717056,0.754979,0.723212,0.731413,0.756202,0.688056,0.751572,0.726825,0.767322,0.754495,0.751917,0.672612,0.738014,0.692406,0.737553,0.769567,0.694750,0.739098,0.724838,0.772992,0.758816,0.768112,0.774230,0.720441,0.737158,0.740364,0.657302,0.754482,0.758967,0.692100,0.738307,0.783406,0.761724,0.661216,0.715284,0.799321,0.693471,0.755691,0.729948,0.739969,0.688877,0.705326,0.710455,0.772247,0.748826,0.651785,0.738979,0.754325,0.759183,0.708442,0.677289,0.748812,0.780308,0.689064,0.695460,0.754022,0.722584,0.714071,#
2,0.764651,0.734658,1.000000,0.715505,0.624180,0.744683,0.672762,0.730662,0.700688,0.733704,0.717419,0.669890,0.654377,0.648843,0.723452,0.664143,0.687037,0.733211,0.660671,0.702568,0.675611,0.705783,0.654783,0.735715,0.685105,0.648622,0.780312,0.774312,0.696451,0.688143,0.749309,0.705909,0.718665,0.688572,0.695851,0.726152,0.722981,0.727586,0.789465,0.731669,0.684950,0.729248,0.670749,0.682232,0.666818,0.682454,0.806545,0.658669,0.692507,0.803925,0.703108,0.673018,0.707364,0.754851,0.778668,0.718550,0.714152,0.739504,0.667610,0.731947,0.767162,0.719371,0.687932,0.765622,0.706381,0.741176,0.780649,0.691510,0.731466,0.726362,0.779012,0.702768,0.802278,0.693240,0.737221,0.754751,0.737121,0.750766,0.706526,0.764507,0.773422,0.754869,0.739568,0.773256,0.744885,0.762191,0.741542,0.759879,0.719336,0.698750,0.754214,0.711483,0.726684,0.685839,0.743880,0.679618,0.636130,0.678979,0.805982,0.746513,0.697040,0.674055,0.650691,0.678340,0.704293,0.769580,0.710420,0.665208,0.773621,0.714954,0.735650,0.653681,0.767702,0.627265,0.689827,0.702945,0.660700,0.663099,0.765641,0.642271,0.714764,0.738429,0.669913,0.751000,0.706179,0.697324,0.700420,0.692205,0.712303,0.747585,0.737716,0.774718,0.735593,0.774949,0.729898,0.703536,0.657740,0.691824,0.685468,0.667975,0.751993,0.727686,0.669070,0.702687,0.716543,0.750435,0.697132,0.700618,0.720499,0.686351,0.724434,0.679801,0.728781,0.677058,0.668097,0.710880,0.711837,0.693477,0.649167,0.694905,0.681439,0.668188,0.722408,0.712893,0.676141,0.748998,0.778910,0.664030,0.654556,0.699822,0.729693,0.659564,0.695818,0.698038,0.735269,0.645948,0.664985,0.743348,0.717467,0.717839,0.680821,0.767562,0.623734,0.735300,0.685179,0.715064,0.678734,0.666108,0.739443,0.714981,0.708965,0.693027,0.731952,0.705841,0.694211,0.750356,0.674806,0.762859,0.663017,0.704314,#
3,0.720670,0.762332,0.715505,1.000000,0.701025,0.724683,0.698520,0.712265,0.709766,0.719229,0.690820,0.700939,0.734229,0.667516,0.685351,0.709604,0.674982,0.705518,0.717016,0.674141,0.718766,0.747542,0.664307,0.683325,0.727235,0.713109,0.724469,0.724219,0.698560,0.633071,0.710643,0.746504,0.679345,0.742869,0.741456,0.710839,0.661781,0.722116,0.664538,0.756831,0.705514,0.693709,0.658543,0.689468,0.689407,0.715070,0.792670,0.703373,0.777293,0.740270,0.734980,0.644479,0.724332,0.675877,0.749552,0.710712,0.633822,0.732088,0.794509,0.729943,0.694985,0.698736,0.647742,0.685971,0.746276,0.738223,0.717189,0.697842,0.684984,0.705393,0.716993,0.758084,0.787047,0.742035,0.711604,0.694097,0.684750,0.728487,0.716549,0.729191,0.764210,0.679036,0.714136,0.782291,0.708046,0.740727,0.705520,0.665700,0.680119,0.721631,0.659360,0.686336,0.727454,0.743723,0.711702,0.695774,0.640598,0.641677,0.687480,0.737745,0.688973,0.679331,0.619114,0.671212,0.724559,0.707398,0.692403,0.733441,0.698404,0.690606,0.670865,0.689877,0.691780,0.677499,0.708427,0.730512,0.667747,0.683797,0.714870,0.642273,0.652768,0.731137,0.625781,0.730412,0.669210,0.700559,0.716947,0.699781,0.686666,0.734973,0.665657,0.726668,0.650346,0.739626,0.767267,0.720653,0.752191,0.687078,0.674890,0.642631,0.703446,0.710827,0.672169,0.684167,0.671296,0.757238,0.665632,0.658295,0.698642,0.634683,0.673801,0.697555,0.709475,0.658480,0.690463,0.637799,0.742676,0.733425,0.655775,0.720838,0.747113,0.725262,0.688461,0.750694,0.704703,0.715504,0.703017,0.645057,0.680300,0.690481,0.737738,0.702537,0.689716,0.713134,0.688030,0.680014,0.690380,0.709191,0.724676,0.685258,0.658458,0.753565,0.638866,0.678752,0.650152,0.681650,0.681372,0.633979,0.771258,0.742105,0.673426,0.671993,0.669058,0.686855,0.708928,0.703999,0.702282,0.731310,0.667691,0.708287,#
4,0.639934,0.722863,0.624180,0.701025,1.000000,0.706209,0.721247,0.635997,0.599860,0.660424,0.657880,0.680229,0.615274,0.668920,0.609446,0.692267,0.639994,0.706207,0.658197,0.695233,0.703391,0.693887,0.642643,0.691051,0.668043,0.622297,0.690690,0.658011,0.641644,0.610293,0.755655,0.660392,0.696284,0.625583,0.654818,0.694174,0.614530,0.694671,0.634194,0.732710,0.662920,0.635473,0.607319,0.699593,0.661422,0.649045,0.717766,0.643409,0.696849,0.699898,0.692626,0.661079,0.696392,0.587710,0.699225,0.702486,0.613738,0.697935,0.724259,0.696574,0.636532,0.691141,0.637662,0.634564,0.711675,0.724438,0.746354,0.628956,0.648710,0.681819,0.704909,0.747448,0.705916,0.644951,0.653501,0.675276,0.662031,0.694475,0.708533,0.676414,0.656075,0.670373,0.709941,0.667342,0.688983,0.637669,0.606128,0.586455,0.666675,0.713961,0.617610,0.623495,0.592549,0.660003,0.625856,0.651351,0.666276,0.597591,0.604904,0.697228,0.716176,0.693813,0.630300,0.647962,0.684301,0.635925,0.675633,0.670220,0.693235,0.669242,0.629775,0.658287,0.675904,0.704561,0.658028,0.685288,0.626846,0.742756,0.635887,0.588016,0.688517,0.679650,0.703656,0.704557,0.633704,0.695249,0.651381,0.644140,0.736285,0.699051,0.749596,0.707074,0.602039,0.662177,0.725756,0.685547,0.672936,0.691621,0.642305,0.606270,0.652291,0.723896,0.660640,0.685333,0.632130,0.669306,0.705432,0.607606,0.640581,0.672687,0.658732,0.755941,0.627245,0.576367,0.707781,0.639379,0.705282,0.663874,0.676160,0.659479,0.609691,0.684289,0.722354,0.695991,0.689828,0.669869,0.677130,0.628528,0.608828,0.686464,0.665012,0.640614,0.667376,0.658271,0.738788,0.639264,0.654354,0.705217,0.660400,0.672403,0.720503,0.656755,0.678288,0.613696,0.713654,0.673895,0.656020,0.702130,0.637907,0.640107,0.633185,0.613527,0.622668,0.673249,0.694341,0.580030,0.631796,0.708033,0.685177,0.603110,#
5,0.746731,0.794550,0.744683,0.724683,0.706209,1.000000,0.661194,0.720432,0.689679,0.710394,0.666682,0.702327,0.672152,0.695327,0.696080,0.675699,0.686701,0.721961,0.718420,0.758797,0.722148,0.688799,0.665755,0.724533,0.703623,0.735387,0.766564,0.782939,0.610813,0.695624,0.745666,0.753586,0.731632,0.736145,0.694166,0.761685,0.713511,0.698984,0.717548,0.736449,0.693094,0.700169,0.615490,0.697441,0.716574,0.699436,0.752803,0.740201,0.740840,0.750814,0.747973,0.638300,0.728130,0.751513,0.737225,0.813976,0.682564,0.736100,0.759282,0.765438,0.673799,0.678880,0.698675,0.752322,0.699010,0.697289,0.753563,0.709596,0.719461,0.760212,0.787228,0.737769,0.801456,0.700903,0.728756,0.682130,0.712374,0.755402,0.719581,0.710046,0.749863,0.741322,0.759974,0.743490,0.695924,0.726748,0.675992,0.672337,0.736066,0.724480,0.705135,0.657177,0.696814,0.728974,0.673358,0.587888,0.710557,0.666388,0.749264,0.683108,0.758645,0.718512,0.759505,0.724541,0.714294,0.721748,0.709233,0.726044,0.697922,0.722019,0.701365,0.732819,0.717085,0.625521,0.626538,0.703211,0.733444,0.757649,0.689270,0.641869,0.690603,0.763415,0.697030,0.802380,0.673308,0.708361,0.759068,0.668667,0.747993,0.703461,0.709984,0.789843,0.740200,0.771067,0.749454,0.666273,0.661048,0.746897,0.661524,0.657160,0.711191,0.697248,0.707752,0.723605,0.805971,0.670516,0.696851,0.684125,0.723763,0.764512,0.742934,0.733178,0.712182,0.668052,0.709376,0.649999,0.750609,0.719254,0.703961,0.715056,0.710722,0.759119,0.728060,0.732644,0.748161,0.687698,0.660672,0.712640,0.654254,0.699623,0.768696,0.696815,0.713523,0.704689,0.732629,0.664636,0.689931,0.764319,0.741736,0.734708,0.706762,0.733731,0.610878,0.672539,0.684967,0.737037,0.683489,0.691157,0.774406,0.752686,0.690801,0.753916,0.657857,0.749045,0.686115,0.699925,0.651790,0.761228,0.705010,0.659948,#
6,0.720754,0.678454,0.672762,0.698520,0.721247,0.661194,1.000000,0.651671,0.708649,0.740138,0.708691,0.713797,0.657787,0.720367,0.608178,0.757067,0.707976,0.761262,0.715134,0.683935,0.734923,0.690738,0.655676,0.679177,0.728048,0.719411,0.723719,0.737744,0.646640,0.709418,0.734422,0.748394,0.714592,0.702393,0.694610,0.733546,0.729106,0.734961,0.680384,0.730822,0.718081,0.710665,0.727903,0.739680,0.722820,0.598044,0.756343,0.720642,0.744885,0.765751,0.738375,0.698923,0.739390,0.621939,0.729720,0.702140,0.702700,0.777409,0.749256,0.679385,0.742344,0.733556,0.672105,0.672154,0.767075,0.733581,0.788267,0.740712,0.735313,0.670889,0.753278,0.779252,0.754031,0.702614,0.676086,0.733756,0.745900,0.774858,0.758526,0.686890,0.748554,0.724147,0.683738,0.810247,0.735455,0.706391,0.704636,0.678595,0.716462,0.717412,0.665483,0.689868,0.633565,0.733488,0.685775,0.679956,0.669346,0.693193,0.708530,0.722361,0.730996,0.740253,0.676961,0.701295,0.754075,0.646258,0.726243,0.699751,0.750189,0.682162,0.665765,0.666178,0.680555,0.699616,0.628624,0.718480,0.620071,0.703790,0.676131,0.689329,0.670029,0.707111,0.653353,0.764749,0.701919,0.696508,0.649117,0.703209,0.676181,0.682339,0.747340,0.702226,0.645854,0.662343,0.725600,0.698956,0.725111,0.694982,0.728562,0.719445,0.722218,0.740157,0.648989,0.696204,0.686492,0.742301,0.725442,0.680414,0.692449,0.671159,0.685533,0.749524,0.653232,0.667082,0.660193,0.656045,0.704253,0.616943,0.686436,0.759175,0.713504,0.722444,0.686372,0.698784,0.736195,0.743788,0.768484,0.614985,0.664414,0.728624,0.706327,0.723575,0.658263,0.668894,0.705994,0.689607,0.688711,0.741145,0.701686,0.738582,0.715724,0.745432,0.683076,0.711426,0.683539,0.680144,0.709323,0.688189,0.690675,0.704004,0.707105,0.691476,0.655237,0.674057,0.717786,0.749802,0.726137,0.744166,0.699235,0.713417,#
7,0.745072,0.716478,0.730662,0.712265,0.635997,0.720432,0.651671,1.000000,0.696763,0.649455,0.689266,0.668477,0.703938,0.698188,0.696736,0.635089,0.662890,0.717080,0.698621,0.685869,0.747759,0.670566,0.744558,0.673986,0.683595,0.734285,0.716013,0.702433,0.634566,0.733568,0.687072,0.690191,0.679757,0.687094,0.717513,0.725157,0.688139,0.715297,0.697258,0.729188,0.713564,0.728206,0.621408,0.683143,0.682910,0.672127,0.739844,0.742670,0.753486,0.720605,0.704930,0.679176,0.725314,0.734632,0.754889,0.702815,0.705031,0.714112,0.755669,0.782089,0.632564,0.687407,0.718525,0.722357,0.719957,0.716522,0.796626,0.666503,0.718199,0.624205,0.754310,0.676173,0.762110,0.744625,0.725229,0.726521,0.721082,0.724780,0.651361,0.670070,0.774788,0.684595,0.757132,0.744545,0.667994,0.733915,0.737569,0.671061,0.701011,0.705254,0.699347,0.725872,0.673363,0.683298,0.709775,0.677679,0.682979,0.712769,0.715920,0.705002,0.720129,0.669488,0.657824,0.655651,0.731589,0.667290,0.690194,0.718372,0.745014,0.683464,0.754339,0.685808,0.736468,0.643941,0.661163,0.727546,0.648336,0.675952,0.699565,0.667668,0.727913,0.725973,0.655084,0.731703,0.722079,0.743524,0.686243,0.703406,0.648436,0.688397,0.702341,0.733511,0.715129,0.670466,0.725589,0.727620,0.698842,0.757654,0.638621,0.676048,0.680561,0.693332,0.702595,0.704495,0.730734,0.669296,0.729772,0.599822,0.689835,0.666087,0.688128,0.702400,0.707781,0.587367,0.655687,0.706633,0.732326,0.732118,0.708546,0.700384,0.715346,0.676773,0.762459,0.690594,0.714276,0.695206,0.732300,0.657102,0.609356,0.682055,0.766957,0.643001,0.675129,0.739583,0.696286,0.628778,0.647264,0.661999,0.710817,0.709755,0.681447,0.719271,0.683762,0.710241,0.645490,0.697600,0.714659,0.646298,0.720743,0.744946,0.697798,0.686114,0.640189,0.680870,0.725214,0.702072,0.697726,0.774400,0.733497,0.667037,#
8,0.715246,0.736440,0.700688,0.709766,0.599860,0.689679,0.708649,0.696763,1.000000,0.719787,0.703892,0.706299,0.689229,0.716795,0.668115,0.714702,0.657047,0.747483,0.638196,0.707808,0.715941,0.721223,0.663932,0.676065,0.720644,0.688179,0.703310,0.662701,0.691150,0.652154,0.709085,0.734814,0.654448,0.654634,0.678279,0.767737,0.682114,0.730291,0.670891,0.705416,0.640421,0.645311,0.758860,0.688501,0.653525,0.625092,0.710292,0.671351,0.728147,0.698467,0.759257,0.677195,0.669921,0.717568,0.706560,0.732129,0.704137,0.725841,0.690191,0.680279,0.713793,0.693264,0.737508,0.710829,0.752581,0.747423,0.749522,0.730158,0.774846,0.675263,0.734091,0.738762,0.777479,0.705072,0.705529,0.678136,0.699707,0.750406,0.694179,0.683028,0.748843,0.690014,0.689951,0.737787,0.736918,0.698611,0.665539,0.692995,0.646212,0.647462,0.699077,0.658948,0.648167,0.656264,0.654793,0.642199,0.698789,0.715095,0.782383,0.766565,0.721535,0.644363,0.707412,0.731222,0.670038,0.694960,0.665698,0.691927,0.648805,0.726007,0.661798,0.670967,0.707455,0.640573,0.602917,0.717968,0.642686,0.665958,0.691466,0.722863,0.644517,0.697741,0.630581,0.748159,0.669849,0.715445,0.647665,0.675577,0.717380,0.694170,0.668622,0.724272,0.691065,0.682613,0.721690,0.692280,0.710816,0.695769,0.677902,0.671603,0.710674,0.704889,0.694306,0.639282,0.716755,0.638537,0.661170,0.673274,0.714199,0.695507,0.645118,0.729262,0.627867,0.717194,0.650952,0.638914,0.709495,0.731649,0.741158,0.724086,0.709314,0.657376,0.717758,0.689422,0.665251,0.680240,0.701458,0.681158,0.692721,0.659297,0.717256,0.698035,0.620873,0.699091,0.732595,0.642337,0.675938,0.741835,0.687191,0.688214,0.680104,0.715581,0.670667,0.689250,0.674734,0.665507,0.756874,0.652229,0.687801,0.731694,0.729936,0.711895,0.707483,0.710469,0.693794,0.650393,0.625846,0.713404,0.692761,0.721863,#
9,0.712285,0.739957,0.733704,0.719229,0.660424,0.710394,0.740138,0.649455,0.719787,1.000000,0.707875,0.665248,0.702055,0.730463,0.741356,0.712127,0.698800,0.743646,0.682232,0.657692,0.761567,0.688670,0.641918,0.699630,0.712121,0.638896,0.738018,0.798318,0.654763,0.728178,0.713149,0.747684,0.725661,0.705662,0.687593,0.724509,0.686549,0.706265,0.717501,0.779526,0.721130,0.727313,0.646638,0.693324,0.727898,0.673251,0.727061,0.699384,0.738821,0.742427,0.733661,0.674463,0.646716,0.675691,0.723831,0.719851,0.746047,0.808835,0.668518,0.704763,0.734520,0.720588,0.685404,0.695004,0.682221,0.773074,0.790363,0.722835,0.781689,0.680249,0.729726,0.752170,0.751848,0.693954,0.706148,0.726675,0.748987,0.780868,0.700603,0.796351,0.771072,0.744691,0.723911,0.819164,0.722069,0.709063,0.715600,0.765557,0.717504,0.708198,0.716295,0.655444,0.713124,0.688534,0.707213,0.656672,0.653835,0.645082,0.697160,0.738253,0.772476,0.727596,0.731623,0.708506,0.743624,0.730466,0.680981,0.738613,0.772830,0.743102,0.716978,0.703965,0.723635,0.674904,0.666447,0.765962,0.585225,0.711630,0.678525,0.684313,0.663702,0.749953,0.671352,0.764111,0.711526,0.703282,0.699419,0.692108,0.737524,0.677784,0.700871,0.771674,0.675216,0.709395,0.749924,0.650726,0.717959,0.722528,0.700824,0.669289,0.777103,0.784712,0.727561,0.755846,0.734947,0.763299,0.720878,0.738613,0.729083,0.697482,0.655783,0.681678,0.716843,0.689931,0.690191,0.694547,0.675540,0.732361,0.670247,0.758825,0.740696,0.759657,0.726173,0.712511,0.714049,0.763863,0.688931,0.698043,0.717385,0.688187,0.732752,0.673234,0.688462,0.676367,0.745849,0.738590,0.712192,0.776503,0.663804,0.751248,0.741274,0.722134,0.729540,0.662062,0.689401,0.717113,0.705120,0.676096,0.736650,0.683900,0.714525,0.720424,0.649208,0.679350,0.692325,0.675147,0.732617,0.721417,0.698278,0.683244,#
10,0.736996,0.739171,0.717419,0.690820,0.657880,0.666682,0.708691,0.689266,0.703892,0.707875,1.000000,0.720857,0.711321,0.702577,0.649672,0.687147,0.711652,0.685484,0.755187,0.702543,0.714205,0.698076,0.694997,0.742947,0.674247,0.704726,0.735535,0.751492,0.692276,0.706680,0.707524,0.687014,0.683757,0.712484,0.718568,0.735290,0.735298,0.739783,0.716607,0.706503,0.707229,0.655507,0.702781,0.681192,0.680136,0.696556,0.799750,0.707099,0.719707,0.780457,0.709871,0.725906,0.710818,0.642034,0.742085,0.754897,0.716262,0.800420,0.665927,0.738332,0.725189,0.726684,0.745440,0.709838,0.734704,0.674530,0.784608,0.713442,0.760661,0.695358,0.797916,0.754447,0.793083,0.624771,0.715648,0.774568,0.679330,0.757412,0.724076,0.685219,0.775579,0.698737,0.720608,0.734701,0.702348,0.697913,0.729513,0.660440,0.698287,0.765531,0.644211,0.704479,0.751142,0.652561,0.651589,0.685949,0.664313,0.735106,0.703161,0.743845,0.696382,0.663265,0.675429,0.728296,0.721393,0.705502,0.697185,0.691720,0.710700,0.691831,0.726254,0.655758,0.749084,0.694749,0.660064,0.737330,0.626937,0.706687,0.694432,0.663631,0.694958,0.730002,0.647681,0.751139,0.654350,0.685443,0.702881,0.691213,0.743188,0.710941,0.696858,0.735480,0.667051,0.699165,0.749708,0.795855,0.688501,0.696236,0.726047,0.718234,0.744434,0.742077,0.640009,0.710287,0.678147,0.720238,0.752300,0.677304,0.710904,0.731209,0.649267,0.702135,0.675195,0.665255,0.732556,0.655103,0.731086,0.739753,0.679731,0.679072,0.753465,0.673159,0.696007,0.711552,0.722572,0.685327,0.731582,0.650866,0.671621,0.768835,0.701966,0.736863,0.636232,0.688510,0.754825,0.671640,0.652667,0.727319,0.654222,0.740653,0.677618,0.699710,0.680639,0.670697,0.610451,0.701168,0.730955,0.705798,0.650505,0.728410,0.707172,0.641966,0.662851,0.746377,0.705990,0.685607,0.692672,0.728406,0.702695,0.750155,#
11,0.783531,0.725130,0.669890,0.700939,0.680229,0.702327,0.713797,0.668477,0.706299,0.665248,0.720857,1.000000,0.720128,0.710413,0.713510,0.705480,0.714765,0.765670,0.769158,0.715817,0.708136,0.673961,0.735967,0.715645,0.729523,0.693759,0.724180,0.694974,0.716400,0.647322,0.732634,0.744562,0.730993,0.691730,0.644790,0.732717,0.742198,0.765981,0.686592,0.709333,0.722520,0.639114,0.699206,0.672387,0.677099,0.614347,0.766546,0.758712,0.701040,0.763338,0.707311,0.654049,0.764816,0.672694,0.731424,0.736467,0.651190,0.799082,0.720120,0.753687,0.695238,0.658589,0.768125,0.689973,0.729767,0.716017,0.732273,0.724888,0.759926,0.700394,0.757842,0.717279,0.770086,0.732871,0.770848,0.710943,0.749699,0.763998,0.708618,0.660790,0.725387,0.705365,0.752257,0.747002,0.763289,0.694552,0.641801,0.659492,0.641707,0.664164,0.695444,0.679364,0.663157,0.685104,0.629655,0.700445,0.676837,0.716588,0.706876,0.741719,0.701740,0.712672,0.725703,0.716936,0.725892,0.692336,0.712430,0.740440,0.760405,0.692109,0.753108,0.739788,0.724104,0.642989,0.641068,0.736215,0.688293,0.660488,0.687847,0.727872,0.645020,0.715035,0.683752,0.767504,0.709156,0.724381,0.729030,0.742019,0.726559,0.730287,0.744912,0.705973,0.737871,0.717727,0.750289,0.734926,0.742381,0.735083,0.710593,0.678796,0.680077,0.685868,0.694141,0.732805,0.709796,0.662213,0.768245,0.678739,0.724725,0.711748,0.682351,0.700370,0.679494,0.722438,0.728818,0.653357,0.733929,0.681784,0.689668,0.707374,0.759208,0.737393,0.761913,0.737343,0.758369,0.712830,0.747764,0.628617,0.690159,0.784154,0.744879,0.690979,0.740616,0.784600,0.745435,0.666848,0.703771,0.714348,0.694787,0.719522,0.707778,0.679967,0.716577,0.662717,0.714009,0.635139,0.740962,0.733455,0.651837,0.673569,0.711942,0.736732,0.658230,0.708251,0.667793,0.697283,0.697018,0.706120,0.723203,0.647583,#
12,0.730674,0.729570,0.654377,0.734229,0.615274,0.672152,0.657787,0.703938,0.689229,0.702055,0.711321,0.720128,1.000000,0.715405,0.686152,0.666397,0.653866,0.723474,0.747619,0.656774,0.723464,0.638503,0.716174,0.724736,0.693112,0.736272,0.678387,0.716274,0.655779,0.653887,0.692227,0.696645,0.682960,0.721020,0.716512,0.717403,0.681860,0.737357,0.712753,0.694396,0.623973,0.612199,0.616928,0.667956,0.718805,0.683040,0.772821,0.700158,0.744681,0.745146,0.776397,0.610245,0.668412,0.698165,0.727310,0.744740,0.684126,0.708859,0.707700,0.701692,0.660616,0.667786,0.719156,0.648232,0.720360,0.719194,0.713246,0.697436,0.747925,0.680848,0.712068,0.727439,0.754190,0.703898,0.724050,0.703543,0.702636,0.731915,0.715375,0.715902,0.744739,0.678855,0.734105,0.741869,0.658464,0.728516,0.642151,0.691423,0.648302,0.663365,0.730625,0.658193,0.732483,0.662956,0.640228,0.668302,0.689085,0.641911,0.666353,0.701688,0.655069,0.730807,0.673781,0.698343,0.673613,0.656687,0.646620,0.698067,0.745269,0.703966,0.703047,0.686598,0.705407,0.620399,0.744203,0.727343,0.561531,0.625155,0.703375,0.673767,0.652007,0.757493,0.636923,0.725666,0.661883,0.759288,0.711407,0.672365,0.674098,0.671903,0.618145,0.645899,0.624492,0.679639,0.675044,0.688639,0.654663,0.705538,0.634664,0.615914,0.727926,0.694993,0.674048,0.732867,0.625479,0.681274,0.719019,0.627440,0.700437,0.697065,0.699782,0.634177,0.700704,0.611916,0.664985,0.710241,0.725001,0.748813,0.735733,0.680951,0.694161,0.736172,0.715347,0.698827,0.753133,0.639901,0.669815,0.721646,0.635093,0.714258,0.732557,0.624463,0.696928,0.712301,0.702288,0.625144,0.747524,0.729477,0.635855,0.663512,0.679121,0.735324,0.666912,0.619077,0.601718,0.636368,0.690252,0.674859,0.745238,0.719624,0.674989,0.685531,0.581716,0.676341,0.642069,0.719119,0.681614,0.737574,0.732509,0.642547,#
13,0.674320,0.752592,0.648843,0.667516,0.668920,0.695327,0.720367,0.698188,0.716795,0.730463,0.702577,0.710413,0.715405,1.000000,0.669764,0.666013,0.634619,0.766683,0.764849,0.694763,0.719888,0.670592,0.737981,0.677918,0.705755,0.709585,0.678183,0.720779,0.691044,0.779481,0.667580,0.705123,0.720815,0.749589,0.621228,0.716912,0.700104,0.774096,0.702277,0.747368,0.782901,0.660277,0.701789,0.693266,0.728503,0.695276,0.741978,0.736561,0.775598,0.746567,0.745229,0.736057,0.670386,0.655597,0.768296,0.779323,0.739795,0.785165,0.736622,0.749922,0.709781,0.697937,0.688401,0.728033,0.777743,0.757415,0.765013,0.725233,0.765756,0.674945,0.715443,0.732600,0.777291,0.738717,0.721414,0.700812,0.738103,0.773297,0.749753,0.697921,0.752522,0.711397,0.735174,0.799159,0.712786,0.771310,0.652308,0.649103,0.740115,0.687110,0.662626,0.719241,0.679457,0.729780,0.679154,0.641153,0.683689,0.681971,0.703430,0.746377,0.724077,0.724977,0.760666,0.715586,0.757933,0.736932,0.682835,0.744375,0.717477,0.719093,0.709992,0.684063,0.728388,0.686237,0.670422,0.741808,0.622991,0.696472,0.750675,0.673121,0.724664,0.715833,0.684243,0.686976,0.685390,0.722178,0.733015,0.690081,0.719675,0.675718,0.717211,0.681145,0.684885,0.708606,0.720828,0.694074,0.695548,0.746767,0.755300,0.636566,0.753505,0.750525,0.730830,0.688281,0.687106,0.692674,0.733503,0.677857,0.718938,0.694689,0.743036,0.743484,0.680571,0.701009,0.658677,0.667307,0.758050,0.706273,0.722598,0.703565,0.747910,0.706947,0.730946,0.724630,0.755485,0.696161,0.733829,0.677770,0.706041,0.713434,0.732773,0.737294,0.742262,0.730587,0.754550,0.703376,0.721406,0.757331,0.689869,0.751146,0.731502,0.707087,0.746791,0.658716,0.711647,0.717780,0.681839,0.710432,0.685233,0.732055,0.737129,0.704050,0.664994,0.720968,0.725488,0.688528,0.706206,0.758598,0.735930,0.663146,#
14,0.721771,0.754196,0.723452,0.685351,0.609446,0.696080,0.608178,0.696736,0.668115,0.741356,0.649672,0.713510,0.686152,0.669764,1.000000,0.642935,0.670201,0.686854,0.624293,0.666670,0.704841,0.675614,0.701297,0.753570,0.678776,0.615411,0.720031,0.686795,0.616932,0.672287,0.745648,0.640221,0.681373,0.642778,0.702460,0.713701,0.639225,0.717774,0.724271,0.690212,0.679911,0.665649,0.640531,0.660423,0.667190,0.681097,0.707233,0.650711,0.673554,0.696660,0.653653,0.664099,0.643485,0.726299,0.706445,0.695336,0.651894,0.669952,0.697627,0.667277,0.683369,0.711922,0.690526,0.675052,0.680744,0.690477,0.722192,0.671705,0.758128,0.683390,0.712620,0.653153,0.746826,0.693175,0.720655,0.679311,0.657809,0.741284,0.667249,0.667538,0.713678,0.671822,0.726398,0.725482,0.693130,0.711251,0.616211,0.617842,0.694057,0.597118,0.687105,0.604100,0.703538,0.742486,0.698132,0.660511,0.656011,0.637007,0.656295,0.687156,0.690666,0.681117,0.691648,0.634571,0.697215,0.700484,0.641088,0.640478,0.761463,0.693695,0.699801,0.720309,0.734462,0.597686,0.577102,0.699660,0.587529,0.616757,0.655946,0.670478,0.676580,0.735516,0.620100,0.708475,0.688839,0.590787,0.711459,0.692158,0.636683,0.663842,0.619482,0.735592,0.637699,0.672722,0.686202,0.662571,0.719944,0.676474,0.661652,0.658892,0.692834,0.721212,0.607820,0.711481,0.675717,0.687307,0.751244,0.630497,0.686676,0.617335,0.686746,0.657164,0.647757,0.641503,0.664076,0.659249,0.664474,0.677091,0.619876,0.676673,0.705530,0.671104,0.710470,0.643294,0.703781,0.649337,0.626158,0.651543,0.579144,0.724665,0.691215,0.611590,0.687115,0.719639,0.762402,0.660553,0.647604,0.679066,0.669555,0.687681,0.638751,0.700005,0.688034,0.653687,0.673418,0.674394,0.708075,0.652100,0.714627,0.644264,0.674819,0.670933,0.667533,0.685783,0.613940,0.651184,0.663793,0.700482,0.641293,0.577563,#
15,0.695017,0.708185,0.664143,0.709604,0.692267,0.675699,0.757067,0.635089,0.714702,0.712127,0.687147,0.705480,0.666397,0.666013,0.642935,1.000000,0.651048,0.723679,0.698983,0.666343,0.675298,0.739447,0.685856,0.684540,0.729762,0.661450,0.666599,0.676690,0.649318,0.636877,0.746532,0.729192,0.715725,0.737154,0.638855,0.733848,0.717083,0.760478,0.690546,0.659984,0.633955,0.641816,0.706339,0.683179,0.723574,0.649065,0.731348,0.672984,0.727632,0.732905,0.721092,0.663218,0.660560,0.680706,0.687923,0.703361,0.682848,0.737131,0.715300,0.691343,0.726318,0.695747,0.662680,0.717556,0.732381,0.709741,0.731591,0.727090,0.692873,0.638617,0.735854,0.685289,0.686138,0.660559,0.725974,0.713196,0.728742,0.707690,0.746263,0.689732,0.694712,0.676159,0.700252,0.753599,0.737810,0.690780,0.619339,0.666971,0.671602,0.641298,0.620668,0.667655,0.688148,0.711645,0.617084,0.646104,0.639713,0.691797,0.669876,0.707888,0.712948,0.684270,0.705149,0.716845,0.684602,0.654718,0.634626,0.701194,0.677345,0.733413,0.661643,0.613852,0.711065,0.662853,0.644772,0.683176,0.597843,0.650278,0.662553,0.753945,0.670061,0.708045,0.630469,0.751327,0.681357,0.688210,0.695111,0.622890,0.723190,0.727225,0.718877,0.673740,0.652416,0.602943,0.699390,0.714956,0.707461,0.654064,0.646633,0.673976,0.657091,0.680549,0.635607,0.691661,0.702193,0.716875,0.649201,0.666513,0.703291,0.701330,0.681903,0.732013,0.657662,0.678194,0.669209,0.619421,0.718991,0.658897,0.709690,0.690707,0.677808,0.712459,0.700500,0.686914,0.691604,0.682595,0.691425,0.616677,0.673894,0.718360,0.663433,0.712673,0.617458,0.709946,0.711225,0.711231,0.670604,0.699454,0.670695,0.724428,0.700597,0.724378,0.642576,0.679669,0.691824,0.652338,0.649139,0.601436,0.632858,0.689037,0.661404,0.707767,0.605281,0.635603,0.637714,0.645373,0.669380,0.671241,0.724937,0.693880,#
16,0.733742,0.707284,0.687037,0.674982,0.639994,0.686701,0.707976,0.662890,0.657047,0.698800,0.711652,0.714765,0.653866,0.634619,0.670201,0.651048,1.000000,0.735257,0.742451,0.706493,0.773094,0.650589,0.639932,0.704854,0.694841,0.711801,0.714834,0.648691,0.589015,0.664913,0.749876,0.695927,0.688031,0.612706,0.694485,0.719281,0.751818,0.750306,0.695672,0.724009,0.680606,0.664590,0.639216,0.662001,0.686640,0.673457,0.703261,0.678053,0.724546,0.749343,0.652397,0.671922,0.695576,0.698468,0.692003,0.737304,0.629582,0.727260,0.692398,0.650697,0.728165,0.718985,0.678107,0.658452,0.690863,0.663388,0.783871,0.690380,0.730028,0.688153,0.738082,0.734597,0.755428,0.672675,0.704210,0.690697,0.681696,0.733735,0.667716,0.722857,0.767220,0.704701,0.738640,0.751539,0.698542,0.708942,0.701344,0.594994,0.645583,0.688461,0.613478,0.682919,0.688462,0.667780,0.669544,0.706560,0.664169,0.669893,0.708919,0.701475,0.725187,0.698402,0.674895,0.695365,0.690277,0.727107,0.706975,0.671418,0.775150,0.679120,0.706030,0.684446,0.713441,0.672923,0.682676,0.737740,0.734568,0.714606,0.671685,0.565122,0.624710,0.682892,0.673051,0.727571,0.699577,0.648485,0.628673,0.632413,0.724821,0.638992,0.729568,0.684761,0.682958,0.652588,0.708380,0.752835,0.694237,0.689472,0.637101,0.622733,0.703920,0.697656,0.709891,0.692743,0.636010,0.655129,0.746353,0.680860,0.700343,0.649726,0.648611,0.712730,0.598574,0.643482,0.745155,0.634499,0.708873,0.692243,0.654980,0.672351,0.697697,0.642859,0.749695,0.668310,0.725781,0.723327,0.679451,0.680942,0.654820,0.728132,0.658130,0.692998,0.678805,0.734123,0.714877,0.685633,0.630029,0.775754,0.661244,0.713393,0.696558,0.664175,0.668073,0.659504,0.599857,0.638123,0.728725,0.684150,0.719104,0.689171,0.702276,0.679060,0.648115,0.685725,0.697059,0.703173,0.719763,0.758955,0.690804,0.673910,#
17,0.768873,0.714057,0.733211,0.705518,0.706207,0.721961,0.761262,0.717080,0.747483,0.743646,0.685484,0.765670,0.723474,0.766683,0.686854,0.723679,0.735257,1.000000,0.725916,0.772479,0.756481,0.704425,0.739579,0.669885,0.761234,0.752255,0.761877,0.751550,0.680848,0.720272,0.777082,0.763417,0.712908,0.694099,0.683742,0.743114,0.727353,0.787464,0.745397,0.815425,0.717613,0.726432,0.676452,0.713314,0.736363,0.690993,0.755585,0.733243,0.777920,0.800789,0.737474,0.639571,0.703666,0.732839,0.766912,0.740917,0.738775,0.766880,0.718917,0.739663,0.696593,0.709741,0.762798,0.716513,0.745712,0.756035,0.836376,0.761162,0.764623,0.691638,0.761637,0.745934,0.768808,0.752271,0.789056,0.712579,0.759456,0.786775,0.750131,0.766335,0.773205,0.738625,0.789462,0.803574,0.727065,0.723699,0.717618,0.738211,0.707956,0.695039,0.697931,0.679435,0.703932,0.732550,0.710794,0.721014,0.675582,0.669729,0.735023,0.773288,0.754674,0.698480,0.721386,0.707150,0.728552,0.752899,0.695498,0.698720,0.739974,0.766329,0.746745,0.664521,0.785434,0.684908,0.737200,0.746722,0.659672,0.684024,0.752452,0.726095,0.717403,0.761523,0.727620,0.752776,0.689975,0.723442,0.678458,0.736299,0.743828,0.711495,0.737237,0.774047,0.749862,0.706459,0.756758,0.745785,0.773231,0.728598,0.701548,0.727470,0.758175,0.748909,0.778367,0.742432,0.748044,0.718061,0.727501,0.665543,0.766282,0.709001,0.714879,0.755668,0.711960,0.720087,0.709526,0.710634,0.797683,0.728898,0.714864,0.748175,0.756087,0.724901,0.792808,0.691464,0.755457,0.724389,0.671733,0.636762,0.714871,0.733340,0.719628,0.704802,0.737744,0.746534,0.813448,0.659811,0.732543,0.767689,0.707330,0.774140,0.753692,0.770227,0.730651,0.747324,0.715735,0.675620,0.745690,0.745525,0.670403,0.716283,0.790028,0.727649,0.671301,0.730088,0.732505,0.742011,0.727328,0.763036,0.755272,0.634160,#
18,0.737451,0.741453,0.660671,0.717016,0.658197,0.718420,0.715134,0.698621,0.638196,0.682232,0.755187,0.769158,0.747619,0.764849,0.624293,0.698983,0.742451,0.725916,1.000000,0.688681,0.725073,0.729096,0.702533,0.659680,0.662878,0.775328,0.733379,0.724215,0.677896,0.745307,0.667325,0.753173,0.726007,0.747500,0.713590,0.762574,0.722361,0.762914,0.722365,0.747465,0.725298,0.684177,0.685214,0.662214,0.741899,0.679333,0.760437,0.781712,0.790537,0.739897,0.675238,0.683964,0.725686,0.633997,0.744538,0.729618,0.694571,0.750675,0.704854,0.786276,0.700440,0.699099,0.698017,0.692084,0.766410,0.673908,0.754631,0.676083,0.692857,0.690436,0.723204,0.706782,0.768819,0.674484,0.776443,0.710754,0.725972,0.726049,0.694867,0.687261,0.742704,0.692619,0.756132,0.763157,0.734151,0.748401,0.673164,0.695553,0.731737,0.690756,0.686723,0.678723,0.741683,0.745304,0.696277,0.666031,0.680882,0.715407,0.708409,0.745329,0.731237,0.685209,0.710237,0.727213,0.713416,0.730837,0.706060,0.733990,0.758101,0.741175,0.765859,0.664018,0.731286,0.695146,0.671049,0.739914,0.674910,0.700005,0.750655,0.664099,0.700036,0.748816,0.650166,0.732927,0.722825,0.693682,0.746382,0.660012,0.753539,0.656561,0.723511,0.736581,0.705022,0.655539,0.734219,0.728839,0.742476,0.717080,0.671188,0.689722,0.729368,0.729174,0.708654,0.772706,0.690624,0.684505,0.720328,0.659876,0.756076,0.698333,0.711677,0.712877,0.748672,0.673169,0.719192,0.730254,0.720238,0.742556,0.680012,0.683907,0.765984,0.740746,0.801755,0.724696,0.738523,0.692255,0.816941,0.674469,0.649933,0.732374,0.714768,0.701635,0.734646,0.756212,0.705858,0.693799,0.696106,0.767998,0.693159,0.763497,0.720024,0.725106,0.694553,0.658463,0.677044,0.694057,0.709952,0.709319,0.673204,0.750527,0.729450,0.710385,0.621910,0.749315,0.693070,0.687207,0.698233,0.790984,0.730071,0.700879,#
19,0.707811,0.748891,0.702568,0.674141,0.695233,0.758797,0.683935,0.685869,0.707808,0.657692,0.702543,0.715817,0.656774,0.694763,0.666670,0.666343,0.706493,0.772479,0.688681,1.000000,0.731703,0.658667,0.645437,0.683357,0.703447,0.691454,0.699262,0.692127,0.612079,0.684218,0.758980,0.761642,0.714288,0.661436,0.656319,0.765758,0.669464,0.735007,0.695451,0.715874,0.719514,0.704458,0.662218,0.670231,0.676830,0.702914,0.770544,0.695039,0.713022,0.712342,0.655976,0.631964,0.693123,0.675798,0.724329,0.689204,0.705604,0.747250,0.680532,0.673683,0.690712,0.646019,0.732363,0.692968,0.699008,0.721683,0.757824,0.676782,0.750024,0.678903,0.730100,0.714552,0.756269,0.672870,0.713807,0.682476,0.649043,0.730936,0.676748,0.678013,0.755232,0.663301,0.766119,0.723030,0.677795,0.639506,0.693019,0.662380,0.733378,0.672705,0.627572,0.680157,0.640201,0.710653,0.662115,0.637621,0.678878,0.694632,0.687654,0.749942,0.715323,0.679468,0.686230,0.701590,0.725712,0.661190,0.704332,0.655572,0.712864,0.660676,0.721159,0.648828,0.707283,0.670577,0.694743,0.729466,0.693789,0.694020,0.711836,0.613431,0.747489,0.705030,0.610137,0.796581,0.689357,0.703921,0.674215,0.687734,0.781413,0.743585,0.717304,0.764612,0.698906,0.710877,0.729168,0.736296,0.671009,0.693573,0.687142,0.647776,0.708069,0.713984,0.681440,0.705040,0.684243,0.642380,0.641861,0.608359,0.737578,0.683465,0.657745,0.719015,0.666610,0.678864,0.732966,0.652211,0.754674,0.705260,0.683081,0.704299,0.684628,0.727532,0.706681,0.715353,0.717184,0.676140,0.650348,0.707877,0.643418,0.696435,0.667757,0.715232,0.703920,0.703604,0.760142,0.619779,0.692840,0.741073,0.699169,0.668233,0.655172,0.705704,0.709591,0.707099,0.649820,0.649266,0.665180,0.687220,0.693629,0.717176,0.718429,0.693733,0.635333,0.735070,0.727457,0.688989,0.668442,0.676194,0.671556,0.627690,#
20,0.741330,0.778300,0.675611,0.718766,0.703391,0.722148,0.734923,0.747759,0.715941,0.761567,0.714205,0.708136,0.723464,0.719888,0.704841,0.675298,0.773094,0.756481,0.725073,0.731703,1.000000,0.718366,0.682742,0.736188,0.745296,0.728842,0.743787,0.752244,0.668564,0.725340,0.762320,0.732836,0.714860,0.749273,0.716903,0.739086,0.703652,0.743812,0.733923,0.773239,0.754605,0.756947,0.665513,0.760596,0.761411,0.675281,0.770046,0.746031,0.759578,0.732884,0.723481,0.727632,0.688512,0.698430,0.739518,0.735500,0.685122,0.751280,0.733165,0.709256,0.744927,0.716726,0.779095,0.678170,0.752919,0.758000,0.813425,0.699847,0.756854,0.681643,0.740443,0.763103,0.759211,0.712208,0.716912,0.683974,0.695895,0.765689,0.752368,0.773515,0.762752,0.757488,0.750483,0.790504,0.682399,0.711460,0.721567,0.693535,0.759859,0.786053,0.712564,0.690914,0.696579,0.763693,0.717297,0.719269,0.653312,0.639990,0.707976,0.756847,0.790094,0.736676,0.695244,0.750927,0.762835,0.701240,0.761822,0.741003,0.765277,0.764363,0.713664,0.744341,0.719082,0.617497,0.738570,0.753929,0.689217,0.746752,0.666498,0.645897,0.732891,0.749513,0.683156,0.780378,0.678251,0.718730,0.651827,0.679266,0.718260,0.734817,0.723450,0.726308,0.743606,0.730685,0.747470,0.711376,0.686407,0.763071,0.723928,0.734376,0.739169,0.698134,0.750235,0.742221,0.729234,0.699513,0.768275,0.700203,0.707061,0.724250,0.716476,0.748037,0.708195,0.650557,0.748859,0.685706,0.707358,0.766123,0.706679,0.727187,0.731702,0.732708,0.740103,0.723872,0.802427,0.700335,0.684691,0.696684,0.642991,0.729504,0.740156,0.679675,0.736038,0.759089,0.744433,0.687899,0.704777,0.772804,0.690801,0.755487,0.713001,0.709097,0.699309,0.646303,0.672870,0.717586,0.738206,0.731162,0.707570,0.712475,0.705013,0.721210,0.705409,0.729696,0.745658,0.708708,0.737772,0.789262,0.732855,0.690889,#
21,0.699760,0.808579,0.705783,0.747542,0.693887,0.688799,0.690738,0.670566,0.721223,0.688670,0.698076,0.673961,0.638503,0.670592,0.675614,0.739447,0.650589,0.704425,0.729096,0.658667,0.718366,1.000000,0.692836,0.718982,0.640096,0.688053,0.757107,0.677870,0.699039,0.648552,0.676093,0.653898,0.712411,0.713993,0.695046,0.749916,0.685921,0.715049,0.706750,0.700864,0.686488,0.717354,0.668963,0.715778,0.690998,0.692359,0.716894,0.720333,0.737174,0.733998,0.653029,0.724345,0.698640,0.648278,0.726305,0.715657,0.691686,0.706624,0.743976,0.693311,0.681401,0.716572,0.630193,0.669892,0.730313,0.694155,0.762798,0.671625,0.699212,0.735182,0.710111,0.752199,0.753383,0.719482,0.762138,0.715888,0.734557,0.723447,0.718178,0.696750,0.710984,0.683494,0.768255,0.768850,0.753266,0.699674,0.637049,0.727512,0.722561,0.712068,0.620867,0.654789,0.716299,0.709972,0.700370,0.705483,0.669516,0.643890,0.685188,0.764027,0.731479,0.682070,0.619680,0.697983,0.683047,0.716727,0.659206,0.713302,0.674664,0.740833,0.733389,0.650332,0.726903,0.674421,0.618067,0.659508,0.663076,0.755436,0.687680,0.691597,0.698142,0.681009,0.642126,0.698956,0.647803,0.653085,0.699173,0.679932,0.689291,0.722262,0.715877,0.740683,0.657699,0.674303,0.760302,0.644256,0.684912,0.657584,0.688709,0.701373,0.744625,0.719368,0.614950,0.724451,0.667011,0.676917,0.692547,0.637560,0.680264,0.711427,0.680715,0.756331,0.693074,0.670747,0.653815,0.685919,0.706844,0.729041,0.627487,0.710345,0.710182,0.725808,0.729142,0.708340,0.744644,0.693420,0.723062,0.643153,0.618781,0.713469,0.726072,0.677026,0.700828,0.683286,0.690193,0.665223,0.600889,0.694600,0.685455,0.714511,0.680568,0.755275,0.683295,0.677291,0.673524,0.704037,0.712821,0.638734,0.647409,0.723350,0.699915,0.646349,0.676794,0.670469,0.687424,0.638913,0.693542,0.733521,0.647265,0.718807,#
