0,1.000000,0.803198,0.812568,0.785380,0.717744,0.796345,0.776283,0.807459,0.785359,0.763743,0.772890,0.817522,0.785558,0.756755,0.787059,0.748499,0.775344,0.820920,0.803924,0.766238,0.807462,0.771844,0.797340,0.809184,0.718081,0.772038,0.769116,0.799914,0.755009,0.800073,0.775907,0.782770,0.757509,0.728313,0.786558,0.789977,0.764280,0.796005,0.785386,0.807792,0.786370,0.764783,0.811155,0.798117,0.782118,0.736894,0.814113,0.807641,0.780664,0.812401,0.795465,0.779306,0.808004,0.809295,0.794032,0.811082,0.777918,0.806642,0.776512,0.791760,0.830691,0.737541,0.796166,0.781933,0.785120,0.787272,0.826894,0.801103,0.777602,0.738239,0.789109,0.787957,0.847877,0.791154,0.787636,0.775651,0.795826,0.785467,0.810827,0.778482,0.818944,0.795652,0.798719,0.807212,0.794663,0.823264,0.774843,0.781493,0.733374,0.782258,0.768152,0.784310,0.777762,0.808322,0.788861,0.781081,0.751271,0.750149,0.773345,0.801663,0.797011,0.800649,0.744648,0.765483,0.774910,0.777046,0.756115,0.815559,0.778840,0.758539,0.792074,0.778460,0.799332,0.730126,0.760058,0.839060,0.743399,0.763697,0.759498,0.726347,0.740244,0.866997,0.767414,0.829422,0.795388,0.767934,0.769293,0.760872,0.735048,0.770078,0.762970,0.812589,0.796384,0.736189,0.798671,0.769432,0.769509,0.807181,0.770424,0.803571,0.776791,0.781398,0.736476,0.826029,0.810095,0.732412,0.791063,0.732401,0.813241,0.800743,0.805596,0.764593,0.788717,0.775166,0.773731,0.753143,0.769169,0.787201,0.815242,0.797184,0.811105,0.803828,0.752588,0.802092,0.787129,0.796323,0.807338,0.757216,0.777503,0.786879,0.807973,0.755967,0.785959,0.816474,0.840716,0.748468,0.773341,0.804840,0.765842,0.782456,0.769619,0.809399,0.730066,0.768409,0.766174,0.756405,0.806067,0.772996,0.770455,0.806281,0.779282,0.814338,0.784258,0.767795,0.761256,0.761941,0.761637,0.825434,0.806183,0.774468,#
1,0.803198,1.000000,0.787124,0.806657,0.787806,0.841579,0.740967,0.787499,0.806552,0.793583,0.800972,0.781199,0.794690,0.797552,0.817232,0.788224,0.777341,0.783345,0.806024,0.823422,0.832292,0.848234,0.825584,0.825042,0.749462,0.738019,0.838640,0.821370,0.764001,0.772565,0.831638,0.828856,0.809317,0.815278,0.795242,0.815274,0.742252,0.832266,0.834056,0.790093,0.777225,0.772907,0.758942,0.786359,0.772993,0.781232,0.833458,0.791049,0.835449,0.813217,0.790019,0.831625,0.813771,0.783085,0.844384,0.800116,0.784542,0.818572,0.798007,0.778485,0.794231,0.787006,0.730864,0.753497,0.802769,0.792689,0.842155,0.815859,0.813529,0.810643,0.787511,0.801834,0.867653,0.761615,0.804827,0.814379,0.777489,0.793493,0.807337,0.790252,0.828663,0.799894,0.862196,0.828280,0.820016,0.784085,0.774515,0.801672,0.826575,0.806447,0.777386,0.765018,0.814805,0.817026,0.752330,0.742759,0.786616,0.787143,0.777519,0.816762,0.816487,0.827895,0.758662,0.797578,0.776327,0.791058,0.778443,0.821919,0.774468,0.761937,0.799794,0.778932,0.776324,0.772639,0.761055,0.799664,0.800901,0.814432,0.772754,0.722289,0.822980,0.820244,0.748177,0.812587,0.757675,0.764944,0.799233,0.786677,0.806602,0.823785,0.763127,0.837419,0.763667,0.772324,0.846967,0.773122,0.761538,0.774815,0.801150,0.743215,0.817009,0.797501,0.800837,0.811741,0.780923,0.785963,0.802523,0.735737,0.828747,0.800366,0.840064,0.822646,0.817487,0.768028,0.823070,0.766503,0.809321,0.804174,0.775067,0.785187,0.790242,0.824244,0.802564,0.833290,0.818719,0.765539,0.794322,0.786830,0.751015,0.775973,0.795306,0.770466,0.795207,0.810654,0.806953,0.766479,0.787935,0.852711,0.753469,0.799650,0.784710,0.807968,0.760344,0.761463,0.776181,0.829523,0.811337,0.719390,0.772777,0.783036,0.806965,0.781101,0.773594,0.797090,0.840112,0.733574,0.758198,0.815528,0.781048,0.782120,#
2,0.812568,0.787124,1.000000,0.768532,0.722132,0.796594,0.749528,0.789366,0.804453,0.768998,0.756877,0.744248,0.718126,0.756312,0.768025,0.737713,0.748941,0.794436,0.737315,0.783158,0.753197,0.762908,0.737257,0.822764,0.733239,0.718681,0.816366,0.824861,0.808977,0.772832,0.807449,0.779815,0.759227,0.735441,0.744113,0.780753,0.781092,0.770594,0.821461,0.773856,0.766856,0.786800,0.787245,0.746470,0.719090,0.725256,0.841393,0.736146,0.770898,0.826970,0.795566,0.787702,0.784330,0.821385,0.834988,0.788115,0.775382,0.790273,0.739968,0.769155,0.838422,0.770132,0.754844,0.793051,0.778677,0.799127,0.828209,0.783329,0.783593,0.781418,0.785237,0.759976,0.831480,0.775048,0.788496,0.774721,0.773521,0.780402,0.784043,0.798164,0.804592,0.805167,0.810831,0.815172,0.827554,0.809240,0.766380,0.826798,0.773670,0.778246,0.773023,0.799638,0.806708,0.768425,0.798124,0.749086,0.757276,0.740332,0.844217,0.800180,0.790830,0.768121,0.731492,0.742283,0.728328,0.814677,0.785678,0.775490,0.790140,0.739561,0.793487,0.747075,0.805558,0.726223,0.738229,0.761302,0.752525,0.785287,0.799955,0.678047,0.766138,0.766355,0.720931,0.816960,0.787563,0.744075,0.752332,0.775453,0.771513,0.802534,0.831596,0.817659,0.818848,0.794249,0.802949,0.784183,0.768970,0.777053,0.780512,0.743677,0.791407,0.791476,0.715700,0.748918,0.776309,0.805596,0.753941,0.747661,0.775506,0.778453,0.803828,0.768766,0.770702,0.783780,0.770876,0.770898,0.777018,0.737416,0.746316,0.750794,0.753620,0.722785,0.752660,0.786145,0.753907,0.769844,0.825366,0.724009,0.749680,0.751111,0.776494,0.760968,0.772914,0.748969,0.808764,0.747969,0.740150,0.814043,0.766329,0.758064,0.751120,0.822371,0.706937,0.818994,0.754461,0.759399,0.760197,0.735059,0.799558,0.764350,0.763894,0.779391,0.816035,0.761359,0.752805,0.788578,0.759040,0.802597,0.724429,0.792111,#
3,0.785380,0.806657,0.768532,1.000000,0.764557,0.796673,0.751532,0.771031,0.784066,0.771927,0.770214,0.769363,0.783310,0.724755,0.768776,0.785285,0.761257,0.770400,0.791396,0.756901,0.765175,0.800527,0.739176,0.763352,0.762221,0.763466,0.784027,0.791877,0.746917,0.744029,0.785085,0.828224,0.758278,0.795427,0.798243,0.769574,0.735319,0.792550,0.735794,0.796635,0.776428,0.758232,0.756104,0.774258,0.749370,0.801801,0.837629,0.762854,0.814479,0.782030,0.800798,0.747303,0.799685,0.749622,0.795173,0.793557,0.708122,0.778452,0.830628,0.786324,0.767975,0.772198,0.715183,0.778565,0.814386,0.785917,0.774825,0.771771,0.731969,0.761844,0.750996,0.805482,0.826123,0.781112,0.756968,0.749556,0.753892,0.773281,0.772070,0.812663,0.814112,0.734941,0.788339,0.817052,0.784323,0.807531,0.776788,0.761021,0.762868,0.788216,0.730172,0.769650,0.816200,0.801662,0.758323,0.763615,0.720411,0.723188,0.747195,0.775700,0.752419,0.756394,0.699407,0.739023,0.784302,0.775563,0.755796,0.790783,0.753576,0.751586,0.755194,0.750071,0.745192,0.746951,0.754309,0.784510,0.741338,0.734532,0.774122,0.676469,0.731229,0.788968,0.707894,0.772311,0.748958,0.754650,0.776784,0.765863,0.744111,0.783302,0.745885,0.809408,0.728573,0.790540,0.829506,0.787103,0.810192,0.737260,0.720846,0.726342,0.767154,0.772480,0.762403,0.763455,0.756632,0.806087,0.735543,0.746099,0.772230,0.751884,0.785834,0.770881,0.776350,0.763567,0.759356,0.722939,0.798681,0.762208,0.725643,0.779862,0.781804,0.764284,0.749997,0.802994,0.776698,0.770185,0.770499,0.715298,0.762841,0.742646,0.783991,0.784568,0.768205,0.773466,0.735046,0.748212,0.755794,0.785136,0.774542,0.753438,0.727122,0.811069,0.715716,0.762838,0.732398,0.776766,0.764090,0.701727,0.797378,0.804436,0.727381,0.740620,0.737651,0.736612,0.761028,0.769774,0.768595,0.786121,0.736146,0.788565,#
4,0.717744,0.787806,0.722132,0.764557,1.000000,0.791665,0.766919,0.735258,0.712933,0.724787,0.736869,0.761312,0.711863,0.729255,0.723640,0.781148,0.752423,0.801754,0.741590,0.799056,0.774950,0.752057,0.731474,0.788544,0.705742,0.700125,0.770951,0.753301,0.726163,0.731314,0.848405,0.751853,0.787115,0.705330,0.730926,0.751803,0.727244,0.772520,0.730961,0.781783,0.760798,0.730660,0.706947,0.776859,0.725788,0.746495,0.784717,0.730080,0.799169,0.780093,0.765106,0.742857,0.770097,0.709172,0.772034,0.767630,0.724688,0.749522,0.802258,0.764792,0.734073,0.755594,0.735596,0.734826,0.782917,0.781080,0.792789,0.744179,0.728920,0.733966,0.763822,0.802327,0.780755,0.748658,0.718799,0.749303,0.740662,0.772795,0.779169,0.759331,0.746130,0.738766,0.794913,0.750921,0.779381,0.721830,0.715686,0.711594,0.762810,0.792277,0.715006,0.742461,0.728225,0.773506,0.713361,0.748018,0.736730,0.697751,0.703740,0.761229,0.802018,0.780110,0.733327,0.731062,0.752735,0.737380,0.769080,0.755985,0.769049,0.740953,0.726577,0.722295,0.761001,0.791376,0.745204,0.750771,0.739633,0.791693,0.716435,0.649384,0.756855,0.767442,0.782119,0.770680,0.724909,0.783365,0.722885,0.746645,0.800606,0.770301,0.809168,0.786660,0.706955,0.732247,0.811904,0.774549,0.779913,0.763951,0.719300,0.693670,0.722931,0.783804,0.750823,0.767374,0.737962,0.730124,0.774152,0.674145,0.744875,0.775853,0.781471,0.822785,0.717531,0.707376,0.785107,0.744157,0.798132,0.726851,0.757747,0.735062,0.703062,0.743574,0.798316,0.771096,0.766514,0.732506,0.733848,0.709890,0.729792,0.760884,0.735231,0.747857,0.753260,0.735273,0.802163,0.748153,0.740554,0.785097,0.728835,0.739769,0.787128,0.777987,0.763251,0.731206,0.808026,0.754773,0.745937,0.779156,0.718552,0.716468,0.716271,0.699800,0.704601,0.737765,0.761972,0.699306,0.752112,0.764916,0.767636,0.705937,#
5,0.796345,0.841579,0.796594,0.796673,0.791665,1.000000,0.729492,0.793762,0.797037,0.765523,0.760858,0.769921,0.745878,0.743581,0.774069,0.758780,0.774415,0.790730,0.776677,0.816868,0.788773,0.767659,0.735341,0.789566,0.744485,0.794177,0.834023,0.823685,0.716073,0.771698,0.810757,0.815118,0.790533,0.782690,0.776503,0.816284,0.761678,0.769687,0.782163,0.792863,0.778228,0.762357,0.728959,0.774139,0.768394,0.782177,0.815822,0.812010,0.820460,0.797255,0.807682,0.745190,0.793652,0.813687,0.789374,0.864360,0.776544,0.801261,0.816237,0.809313,0.750637,0.760129,0.773352,0.806724,0.767452,0.760356,0.812182,0.786068,0.775477,0.808627,0.812475,0.795144,0.862267,0.772220,0.759665,0.756701,0.783586,0.800007,0.776168,0.797110,0.826031,0.795232,0.836432,0.804222,0.784561,0.806038,0.776650,0.779300,0.798398,0.790054,0.766942,0.743875,0.782656,0.804462,0.737406,0.695415,0.779803,0.751565,0.816410,0.749439,0.831819,0.799925,0.821744,0.775335,0.776054,0.779032,0.786740,0.802562,0.747551,0.778012,0.774920,0.803365,0.774154,0.719959,0.712936,0.773477,0.805370,0.799454,0.777807,0.683144,0.754100,0.812473,0.769041,0.838842,0.756992,0.788818,0.802049,0.757798,0.801798,0.784141,0.797007,0.837687,0.810568,0.815223,0.810139,0.748395,0.769882,0.797764,0.743851,0.739162,0.788824,0.768020,0.774351,0.791908,0.842949,0.743595,0.768823,0.771348,0.794152,0.842207,0.828111,0.800932,0.766174,0.776740,0.795510,0.733470,0.816261,0.783485,0.776425,0.777780,0.774301,0.809700,0.790510,0.791237,0.803463,0.750548,0.739243,0.792833,0.763956,0.759736,0.829298,0.775367,0.791480,0.767617,0.809131,0.757574,0.760898,0.819862,0.785456,0.796476,0.781454,0.808778,0.710769,0.754928,0.779837,0.795236,0.770300,0.741709,0.810530,0.829379,0.747621,0.805100,0.740605,0.798685,0.738184,0.763469,0.745285,0.787875,0.779997,0.774582,#
6,0.776283,0.740967,0.749528,0.751532,0.766919,0.729492,1.000000,0.721358,0.770911,0.767438,0.747924,0.752766,0.740794,0.772635,0.692652,0.777821,0.757936,0.808299,0.750286,0.745822,0.803110,0.755759,0.713365,0.764570,0.746816,0.745356,0.762206,0.754085,0.739379,0.766422,0.781274,0.804177,0.781057,0.755295,0.737458,0.781719,0.772254,0.748157,0.747531,0.784040,0.766526,0.786931,0.771927,0.780289,0.762835,0.687391,0.798495,0.748034,0.829411,0.804123,0.800397,0.782457,0.790693,0.691531,0.808253,0.762938,0.769271,0.800167,0.811925,0.733568,0.792962,0.758864,0.738383,0.732502,0.798750,0.767081,0.826587,0.777169,0.784398,0.721610,0.766326,0.812490,0.791784,0.769809,0.725627,0.757821,0.766929,0.784416,0.792911,0.737137,0.781948,0.785296,0.756187,0.835604,0.774571,0.731383,0.735250,0.762871,0.794427,0.797372,0.736037,0.759260,0.727882,0.796192,0.729160,0.735314,0.748930,0.743845,0.755527,0.744512,0.789573,0.796950,0.751912,0.745831,0.776383,0.712398,0.771737,0.757568,0.772132,0.726996,0.703708,0.730810,0.729713,0.741229,0.696351,0.764208,0.720697,0.771021,0.714094,0.724621,0.732980,0.782169,0.701372,0.813334,0.774180,0.768258,0.733449,0.755123,0.708766,0.752784,0.782265,0.783298,0.726545,0.700116,0.776353,0.758140,0.786875,0.750237,0.780445,0.775887,0.769855,0.787423,0.717605,0.777066,0.758078,0.769513,0.761128,0.715285,0.750440,0.754876,0.768679,0.803795,0.719707,0.729581,0.726509,0.725160,0.782625,0.682774,0.759697,0.799677,0.776929,0.769550,0.722614,0.766038,0.785068,0.764341,0.798291,0.665631,0.743959,0.771029,0.768280,0.747443,0.728414,0.702230,0.756221,0.769945,0.744058,0.789123,0.758121,0.763817,0.759862,0.789031,0.764007,0.786801,0.735881,0.757987,0.757502,0.754605,0.745094,0.749818,0.716242,0.763617,0.739344,0.737439,0.776011,0.780494,0.769568,0.792554,0.740645,0.755377,#
7,0.807459,0.787499,0.789366,0.771031,0.735258,0.793762,0.721358,1.000000,0.813960,0.746163,0.770188,0.761285,0.750409,0.765926,0.780269,0.737808,0.762673,0.798727,0.796700,0.788134,0.802308,0.745732,0.804986,0.763223,0.756220,0.789005,0.788178,0.804021,0.759712,0.819347,0.750310,0.781811,0.736381,0.755883,0.775108,0.786205,0.773483,0.776259,0.761716,0.762292,0.794843,0.787658,0.752963,0.770552,0.748229,0.742853,0.807401,0.785684,0.804424,0.765104,0.801903,0.777354,0.808963,0.823626,0.815111,0.774624,0.766702,0.791561,0.778704,0.813088,0.748353,0.774489,0.777412,0.785814,0.802418,0.799550,0.858477,0.768768,0.787084,0.730546,0.803759,0.724586,0.825546,0.801560,0.779134,0.749066,0.792717,0.766078,0.760759,0.754354,0.828559,0.774903,0.816262,0.794137,0.798170,0.779283,0.813739,0.766439,0.772837,0.794910,0.754945,0.803245,0.785359,0.771249,0.774376,0.757527,0.784312,0.793871,0.790927,0.787677,0.806293,0.749094,0.745596,0.752407,0.767408,0.755692,0.780985,0.812224,0.768687,0.744144,0.829679,0.774956,0.786516,0.757897,0.712293,0.786393,0.742201,0.756305,0.753506,0.726964,0.778473,0.775879,0.721246,0.807766,0.809980,0.785012,0.760085,0.769157,0.732233,0.751178,0.790257,0.814353,0.783948,0.719168,0.814765,0.812205,0.803851,0.802404,0.729761,0.765041,0.766394,0.778740,0.788383,0.775185,0.796558,0.767529,0.790645,0.691721,0.792237,0.764058,0.790073,0.785463,0.793213,0.732827,0.770055,0.789080,0.797027,0.777932,0.797667,0.769708,0.792075,0.743609,0.813563,0.751568,0.803580,0.754115,0.802153,0.769795,0.720477,0.726200,0.810672,0.780546,0.757128,0.773359,0.774983,0.745073,0.748103,0.779253,0.780864,0.785680,0.761858,0.784132,0.760381,0.785344,0.738193,0.779790,0.803267,0.726079,0.784918,0.795767,0.789714,0.782424,0.761762,0.749246,0.787445,0.760804,0.757875,0.829613,0.799617,0.769630,#
8,0.785359,0.806552,0.804453,0.784066,0.712933,0.797037,0.770911,0.813960,1.000000,0.793743,0.765009,0.775524,0.772529,0.767135,0.758303,0.797362,0.742692,0.818096,0.742425,0.814065,0.801307,0.783044,0.741951,0.770467,0.753693,0.769354,0.792072,0.788994,0.761786,0.774448,0.789200,0.809236,0.763364,0.754615,0.758955,0.816102,0.762614,0.803091,0.748052,0.770739,0.766632,0.759093,0.834698,0.758399,0.752260,0.732245,0.811476,0.765551,0.808634,0.787967,0.821049,0.784935,0.753385,0.823800,0.796898,0.798415,0.783831,0.790704,0.776846,0.751573,0.798520,0.791289,0.807967,0.782718,0.805283,0.810234,0.825008,0.818757,0.812471,0.746159,0.780603,0.789623,0.838304,0.789513,0.767579,0.759811,0.783982,0.803557,0.767170,0.770478,0.822710,0.776571,0.791486,0.813829,0.825340,0.787456,0.773403,0.819148,0.774558,0.753425,0.766614,0.793226,0.793255,0.758182,0.778592,0.749610,0.764242,0.784082,0.835642,0.808349,0.803431,0.755730,0.777632,0.793884,0.755318,0.780956,0.784490,0.789738,0.734583,0.770816,0.764662,0.767434,0.793926,0.734368,0.699659,0.797311,0.736277,0.759820,0.787910,0.762783,0.752445,0.768576,0.733545,0.808129,0.745489,0.794478,0.734712,0.760030,0.770630,0.790933,0.748113,0.802869,0.780796,0.761300,0.824825,0.774611,0.793683,0.773822,0.770001,0.774804,0.782386,0.805724,0.782150,0.743915,0.799790,0.744116,0.740484,0.723021,0.792990,0.806744,0.792523,0.804204,0.757223,0.813601,0.749439,0.751366,0.800615,0.787853,0.814505,0.808204,0.768858,0.743030,0.803023,0.807664,0.766945,0.750742,0.771651,0.769457,0.767839,0.738359,0.797231,0.784393,0.741441,0.766138,0.787984,0.767124,0.767787,0.806743,0.762197,0.733822,0.769559,0.819057,0.744692,0.802286,0.773312,0.763234,0.833817,0.731529,0.775257,0.815540,0.797506,0.797872,0.806891,0.768883,0.769801,0.747577,0.751937,0.772039,0.761060,0.824848,#
9,0.763743,0.793583,0.768998,0.771927,0.724787,0.765523,0.767438,0.746163,0.793743,1.000000,0.746938,0.742704,0.779090,0.769620,0.786586,0.787871,0.765617,0.797704,0.771043,0.750700,0.812038,0.748566,0.729611,0.787578,0.742242,0.719173,0.761590,0.844001,0.714074,0.813673,0.752133,0.804294,0.790352,0.763467,0.750829,0.790757,0.760979,0.777865,0.755883,0.803517,0.777809,0.791927,0.741772,0.757826,0.774567,0.724035,0.787513,0.761388,0.787160,0.779786,0.793365,0.747451,0.732331,0.757743,0.791222,0.787687,0.773386,0.850851,0.745151,0.760152,0.798911,0.775876,0.758673,0.740978,0.757359,0.818188,0.822573,0.809374,0.806289,0.735117,0.766024,0.764832,0.800974,0.760842,0.759431,0.775842,0.805476,0.827756,0.787087,0.829496,0.795399,0.791013,0.790921,0.860028,0.795552,0.765474,0.769984,0.822738,0.789121,0.739682,0.762373,0.752168,0.790971,0.761795,0.782128,0.726462,0.739805,0.742701,0.762972,0.781949,0.823595,0.793208,0.784522,0.782958,0.783729,0.794701,0.761822,0.810254,0.807142,0.787768,0.790758,0.761790,0.777381,0.738244,0.713211,0.809313,0.680173,0.757489,0.724856,0.727166,0.740451,0.785814,0.737956,0.809604,0.766960,0.790144,0.770529,0.740744,0.793298,0.763922,0.753984,0.810894,0.757564,0.754202,0.803632,0.732665,0.775127,0.769817,0.746991,0.743185,0.807864,0.822644,0.782522,0.796814,0.799483,0.822728,0.776460,0.764693,0.796665,0.787480,0.766397,0.765712,0.776093,0.783953,0.767974,0.764506,0.756692,0.782949,0.750400,0.800894,0.789449,0.804072,0.781634,0.785956,0.785359,0.803343,0.737554,0.723691,0.809719,0.737063,0.799375,0.793284,0.763299,0.727264,0.773553,0.806793,0.769946,0.814346,0.729701,0.781706,0.801355,0.801097,0.767215,0.763856,0.761437,0.803691,0.762150,0.735722,0.798633,0.721521,0.766351,0.778467,0.723048,0.733848,0.754256,0.758352,0.793772,0.773720,0.743490,0.743391,#
10,0.772890,0.800972,0.756877,0.770214,0.736869,0.760858,0.747924,0.770188,0.765009,0.746938,1.000000,0.773567,0.756809,0.740955,0.730294,0.754704,0.776510,0.757715,0.775663,0.771063,0.775111,0.745243,0.768358,0.820941,0.697518,0.740020,0.778425,0.800325,0.739688,0.786684,0.775401,0.767494,0.768644,0.772477,0.776380,0.794077,0.769173,0.789739,0.782275,0.756696,0.768420,0.747180,0.765619,0.730540,0.749553,0.773410,0.836845,0.769912,0.794683,0.822195,0.768006,0.786847,0.765377,0.716512,0.808928,0.796794,0.779538,0.816376,0.739709,0.768411,0.791331,0.788432,0.799295,0.772490,0.800516,0.735143,0.814206,0.753419,0.811224,0.755365,0.825296,0.788440,0.849950,0.706531,0.756625,0.814815,0.759611,0.814278,0.778488,0.756371,0.828690,0.764124,0.769111,0.777499,0.779779,0.740900,0.780804,0.739678,0.775599,0.813190,0.723250,0.780302,0.810423,0.735560,0.718262,0.748598,0.719013,0.798263,0.754208,0.793451,0.762353,0.747587,0.744492,0.789335,0.788192,0.767183,0.760601,0.748383,0.747661,0.747186,0.751221,0.746390,0.811148,0.747451,0.713310,0.785834,0.722023,0.761956,0.762080,0.711305,0.744040,0.798698,0.701545,0.804551,0.719391,0.766308,0.763278,0.744969,0.791322,0.796698,0.738891,0.784486,0.728385,0.754905,0.814093,0.829155,0.746714,0.730524,0.777078,0.775026,0.807527,0.784804,0.718299,0.764892,0.737481,0.758934,0.792935,0.730819,0.785258,0.766221,0.757244,0.757367,0.753146,0.746304,0.794993,0.730714,0.823219,0.795896,0.735767,0.744914,0.808586,0.736162,0.764695,0.795893,0.786860,0.731265,0.770603,0.725371,0.751861,0.790574,0.773740,0.771877,0.708791,0.734802,0.798300,0.749921,0.733344,0.782856,0.711411,0.773300,0.744328,0.754558,0.750866,0.742737,0.709311,0.790507,0.760268,0.751554,0.704824,0.788081,0.769720,0.716195,0.746557,0.791509,0.776787,0.772575,0.778764,0.780166,0.758390,0.776771,#
11,0.817522,0.781199,0.744248,0.769363,0.761312,0.769921,0.752766,0.761285,0.775524,0.742704,0.773567,1.000000,0.787250,0.750066,0.772263,0.775303,0.769803,0.820392,0.812860,0.781083,0.763058,0.736543,0.798799,0.799114,0.741582,0.749518,0.777985,0.756200,0.769523,0.738401,0.766854,0.797423,0.786222,0.750473,0.738991,0.795883,0.784470,0.822386,0.739028,0.773397,0.781345,0.733280,0.753595,0.771695,0.742341,0.719246,0.838366,0.805591,0.769757,0.817741,0.774110,0.755712,0.811161,0.737369,0.805952,0.791321,0.737442,0.808283,0.765944,0.779658,0.755090,0.748090,0.812944,0.764031,0.788655,0.788294,0.803727,0.770200,0.802537,0.767551,0.793968,0.760916,0.818207,0.790997,0.801499,0.752390,0.799030,0.800814,0.758917,0.723485,0.782725,0.765968,0.790613,0.784508,0.815507,0.764668,0.710267,0.746781,0.718023,0.726836,0.784003,0.788177,0.769793,0.753745,0.718536,0.778871,0.739518,0.772470,0.745699,0.778598,0.763821,0.787401,0.779300,0.759738,0.791907,0.757508,0.774437,0.792711,0.802713,0.728825,0.787876,0.791116,0.793651,0.700779,0.691729,0.767363,0.756183,0.736548,0.767500,0.755537,0.713182,0.781596,0.742606,0.811873,0.740179,0.794613,0.803509,0.765341,0.776116,0.800490,0.775712,0.775211,0.784126,0.761864,0.812584,0.760355,0.795846,0.754820,0.773736,0.748737,0.769196,0.781998,0.751759,0.789666,0.785042,0.743963,0.800350,0.739921,0.777425,0.796293,0.780129,0.748475,0.770891,0.795856,0.786284,0.726055,0.816179,0.759207,0.744371,0.767595,0.799490,0.782887,0.830356,0.783040,0.809927,0.745230,0.803652,0.709927,0.763053,0.814630,0.802085,0.744880,0.793893,0.821826,0.777202,0.768042,0.779226,0.775460,0.741685,0.792401,0.779058,0.756700,0.785212,0.751559,0.779020,0.738688,0.771668,0.797171,0.735559,0.750030,0.765152,0.777303,0.737782,0.746318,0.750661,0.761050,0.775574,0.784976,0.760123,0.712992,#
12,0.785558,0.794690,0.718126,0.783310,0.711863,0.745878,0.740794,0.750409,0.772529,0.779090,0.756809,0.787250,1.000000,0.756823,0.770722,0.742662,0.734983,0.776441,0.806697,0.757712,0.790888,0.703466,0.783883,0.801408,0.732699,0.753325,0.748441,0.778755,0.754103,0.754276,0.749218,0.784774,0.739693,0.782172,0.764232,0.785539,0.746622,0.785712,0.763712,0.745946,0.690797,0.712413,0.710002,0.758638,0.761441,0.734525,0.821670,0.733648,0.786971,0.782779,0.839207,0.723830,0.751657,0.754070,0.800506,0.784261,0.740282,0.768854,0.757411,0.751421,0.753385,0.726941,0.755897,0.725417,0.793198,0.789376,0.779884,0.752176,0.796807,0.756722,0.755822,0.771118,0.808465,0.745478,0.771131,0.743107,0.767274,0.783730,0.775331,0.775243,0.783905,0.759411,0.780795,0.798289,0.736881,0.775376,0.699474,0.767331,0.740528,0.719293,0.782618,0.756192,0.793152,0.734179,0.712154,0.751723,0.770440,0.723420,0.734906,0.740071,0.725463,0.798442,0.744373,0.764986,0.738806,0.728536,0.731611,0.762313,0.787258,0.762516,0.741914,0.753289,0.758767,0.701646,0.779178,0.785809,0.686063,0.734127,0.751992,0.722477,0.726279,0.798911,0.709465,0.789787,0.755502,0.796117,0.788528,0.727228,0.749153,0.738487,0.705172,0.751367,0.714303,0.720994,0.763687,0.751790,0.736467,0.759712,0.711134,0.695210,0.800597,0.780404,0.735354,0.796413,0.725246,0.734064,0.776965,0.695113,0.774380,0.789781,0.775724,0.727921,0.780523,0.718384,0.748625,0.781472,0.799323,0.790056,0.795199,0.752811,0.759932,0.769772,0.760191,0.774572,0.814472,0.687993,0.743615,0.764278,0.718896,0.745744,0.784086,0.728758,0.763806,0.740552,0.746711,0.722311,0.802313,0.814027,0.710300,0.732785,0.746349,0.788757,0.750825,0.714267,0.691691,0.739574,0.737904,0.748267,0.789199,0.764332,0.727104,0.758752,0.692660,0.727453,0.738358,0.768070,0.739972,0.796174,0.793336,0.714326,#
13,0.756755,0.797552,0.756312,0.724755,0.729255,0.743581,0.772635,0.765926,0.767135,0.769620,0.740955,0.750066,0.756823,1.000000,0.716058,0.726352,0.705580,0.829165,0.785912,0.766336,0.765669,0.740112,0.786378,0.755662,0.751754,0.740685,0.723528,0.784941,0.763160,0.803263,0.721700,0.769337,0.783866,0.786785,0.672628,0.747519,0.759429,0.796563,0.783413,0.785059,0.816345,0.741966,0.747560,0.732313,0.777532,0.751336,0.798243,0.766295,0.815194,0.816253,0.791887,0.801436,0.741508,0.730033,0.823303,0.806985,0.775831,0.794888,0.765992,0.765113,0.780973,0.741267,0.727482,0.760337,0.808333,0.793843,0.812307,0.772298,0.809238,0.720959,0.736213,0.782565,0.775852,0.786691,0.788116,0.743492,0.767674,0.781700,0.813764,0.749103,0.783431,0.756308,0.796141,0.806145,0.776297,0.781101,0.704956,0.735578,0.809150,0.765527,0.716167,0.766009,0.763057,0.763951,0.742563,0.711830,0.757135,0.727751,0.739485,0.796792,0.787000,0.765465,0.765680,0.778241,0.771368,0.806244,0.744869,0.792582,0.750246,0.728401,0.776091,0.761255,0.759668,0.759600,0.728238,0.778661,0.696238,0.773809,0.791739,0.690577,0.766410,0.785494,0.693303,0.744587,0.744419,0.765035,0.781366,0.734443,0.758935,0.740211,0.772401,0.756041,0.745486,0.722974,0.791091,0.764666,0.737838,0.778741,0.823482,0.718298,0.780676,0.808174,0.793960,0.742923,0.733942,0.755393,0.758495,0.730161,0.779669,0.736120,0.808854,0.787564,0.738168,0.751925,0.752380,0.741983,0.811906,0.748791,0.777960,0.739804,0.776748,0.766701,0.753858,0.799182,0.790045,0.741819,0.794138,0.731451,0.780038,0.727602,0.770669,0.759142,0.795724,0.762883,0.799693,0.786297,0.775842,0.814627,0.745466,0.777278,0.751537,0.765304,0.803181,0.746331,0.759927,0.772584,0.734956,0.757129,0.727698,0.750188,0.778124,0.771463,0.757628,0.764923,0.789446,0.706187,0.766875,0.807034,0.757134,0.713847,#
14,0.787059,0.817232,0.768025,0.768776,0.723640,0.774069,0.692652,0.780269,0.758303,0.786586,0.730294,0.772263,0.770722,0.716058,1.000000,0.747296,0.748313,0.732354,0.721634,0.767833,0.769018,0.745987,0.755651,0.809355,0.722992,0.683354,0.781253,0.770482,0.722193,0.776951,0.790687,0.745086,0.740796,0.703533,0.751537,0.767922,0.704228,0.787499,0.775857,0.715115,0.760052,0.733086,0.756458,0.749495,0.723339,0.737571,0.789442,0.732463,0.726725,0.734390,0.741198,0.748015,0.730519,0.804570,0.765968,0.758190,0.718125,0.743927,0.752576,0.716120,0.765926,0.791426,0.747857,0.741835,0.759764,0.757535,0.785158,0.757387,0.787357,0.741618,0.724678,0.720824,0.809692,0.734802,0.767745,0.743030,0.755731,0.774141,0.748554,0.737568,0.778351,0.759776,0.801757,0.806709,0.783427,0.779344,0.721424,0.754080,0.775190,0.684042,0.721250,0.726403,0.774307,0.798186,0.778278,0.753020,0.763161,0.750359,0.741925,0.733279,0.786450,0.763799,0.751622,0.700357,0.764203,0.765437,0.741419,0.746179,0.786684,0.741238,0.767101,0.781244,0.780836,0.707497,0.660445,0.776797,0.700402,0.711041,0.724192,0.691841,0.761614,0.790906,0.703602,0.779469,0.769277,0.693030,0.771876,0.775829,0.707529,0.752659,0.734041,0.804112,0.732991,0.725190,0.780034,0.754545,0.795424,0.752007,0.739789,0.732847,0.755804,0.786155,0.680730,0.786542,0.752108,0.783099,0.797198,0.707519,0.761701,0.736226,0.781578,0.752589,0.722762,0.750625,0.793659,0.726438,0.761861,0.748312,0.721109,0.740085,0.755777,0.742937,0.749421,0.763850,0.759501,0.713015,0.718500,0.713931,0.695218,0.758170,0.748776,0.743625,0.770830,0.770586,0.793426,0.766963,0.743932,0.763072,0.712454,0.726879,0.737489,0.782571,0.750856,0.745055,0.748560,0.763027,0.787639,0.693449,0.758281,0.725814,0.727440,0.736617,0.766048,0.745988,0.706941,0.712318,0.744126,0.749903,0.714381,0.709794,#
15,0.748499,0.788224,0.737713,0.785285,0.781148,0.758780,0.777821,0.737808,0.797362,0.787871,0.754704,0.775303,0.742662,0.726352,0.747296,1.000000,0.733038,0.781752,0.756325,0.753551,0.751684,0.791110,0.759208,0.773217,0.732727,0.710843,0.749768,0.763772,0.760337,0.749536,0.810939,0.791949,0.785423,0.788621,0.707418,0.792896,0.763996,0.814661,0.754227,0.724692,0.728764,0.720343,0.770351,0.773329,0.784794,0.725260,0.812164,0.755601,0.797166,0.799706,0.786665,0.762964,0.733641,0.758719,0.765507,0.743393,0.773012,0.761522,0.764535,0.719154,0.784048,0.785800,0.751602,0.774964,0.784384,0.781639,0.784046,0.783434,0.756234,0.709796,0.769164,0.753307,0.763149,0.730983,0.775115,0.764901,0.787188,0.772787,0.794263,0.755139,0.774615,0.744140,0.758752,0.794789,0.809149,0.758824,0.706231,0.770569,0.762666,0.727411,0.724113,0.766377,0.785218,0.789727,0.710956,0.766057,0.721980,0.751403,0.743740,0.762540,0.782710,0.771929,0.768911,0.770666,0.752904,0.747351,0.740086,0.783126,0.743594,0.776843,0.724008,0.710503,0.782680,0.735868,0.703990,0.746713,0.713147,0.749117,0.741746,0.766527,0.727506,0.774495,0.712959,0.802787,0.735062,0.754096,0.764125,0.707194,0.777209,0.800379,0.772111,0.753169,0.731147,0.682024,0.790974,0.764070,0.783463,0.719954,0.738805,0.750350,0.745919,0.772644,0.723519,0.764339,0.767900,0.783339,0.721323,0.731637,0.764203,0.775802,0.783117,0.779592,0.756432,0.768685,0.764582,0.711128,0.800952,0.735531,0.772921,0.765459,0.736740,0.773917,0.776506,0.766471,0.761373,0.732546,0.772080,0.728423,0.756176,0.753975,0.735852,0.768399,0.700997,0.767726,0.764638,0.811738,0.760928,0.779848,0.720190,0.765783,0.769626,0.792888,0.737157,0.752163,0.778700,0.732944,0.718673,0.691324,0.706006,0.766729,0.752752,0.770397,0.729770,0.697205,0.741078,0.714726,0.774977,0.752119,0.777606,0.773555,#
16,0.775344,0.777341,0.748941,0.761257,0.752423,0.774415,0.757936,0.762673,0.742692,0.765617,0.776510,0.769803,0.734983,0.705580,0.748313,0.733038,1.000000,0.782430,0.801758,0.771292,0.846687,0.752570,0.707228,0.773773,0.753733,0.765570,0.774702,0.726038,0.701791,0.751493,0.787546,0.790667,0.782855,0.741925,0.728396,0.782891,0.802950,0.779631,0.758437,0.768510,0.758409,0.755698,0.719755,0.748616,0.758733,0.755235,0.782118,0.749050,0.782280,0.787066,0.737027,0.757041,0.776692,0.776107,0.792181,0.806224,0.682118,0.789365,0.766035,0.724259,0.800136,0.772279,0.744655,0.730089,0.755342,0.740590,0.825667,0.745999,0.782337,0.769131,0.774693,0.756915,0.803495,0.729545,0.750940,0.734324,0.757947,0.778636,0.745586,0.788062,0.822897,0.798197,0.808578,0.792743,0.774419,0.741448,0.761419,0.725981,0.767856,0.769346,0.711711,0.744811,0.777499,0.757695,0.747946,0.780550,0.765662,0.758141,0.790851,0.751188,0.800422,0.765697,0.740314,0.774967,0.736082,0.797598,0.794622,0.757810,0.801788,0.756178,0.764839,0.777681,0.775130,0.723213,0.737483,0.822707,0.790115,0.782053,0.725662,0.626440,0.717996,0.759476,0.726696,0.797722,0.761724,0.757422,0.733388,0.715819,0.780058,0.736830,0.791201,0.779361,0.752539,0.696040,0.790597,0.805128,0.752708,0.743723,0.723623,0.729959,0.763455,0.769091,0.796113,0.774715,0.722783,0.743356,0.784031,0.744077,0.774895,0.748309,0.753253,0.780178,0.710814,0.739356,0.833846,0.729105,0.789106,0.759645,0.738878,0.754333,0.743595,0.737597,0.805451,0.763153,0.791230,0.782675,0.764656,0.739376,0.737790,0.755316,0.755747,0.763948,0.758202,0.752165,0.759779,0.778238,0.720944,0.817916,0.738800,0.767797,0.747651,0.737062,0.758504,0.740278,0.714168,0.765735,0.794231,0.744034,0.750549,0.766424,0.762889,0.756289,0.772299,0.760047,0.781504,0.748323,0.765830,0.812230,0.761711,0.753950,#
17,0.820920,0.783345,0.794436,0.770400,0.801754,0.790730,0.808299,0.798727,0.818096,0.797704,0.757715,0.820392,0.776441,0.829165,0.732354,0.781752,0.782430,1.000000,0.808841,0.833176,0.804121,0.784397,0.802373,0.803578,0.815836,0.797858,0.812475,0.808991,0.776295,0.828325,0.789858,0.825171,0.768093,0.757659,0.747735,0.836912,0.787414,0.830826,0.774773,0.830188,0.798288,0.787359,0.789603,0.779052,0.780258,0.762601,0.827791,0.830592,0.826941,0.827573,0.821418,0.757609,0.800401,0.773073,0.834796,0.804002,0.785355,0.802660,0.791479,0.758659,0.791261,0.783240,0.783321,0.786260,0.820851,0.831763,0.875179,0.806424,0.783531,0.764040,0.793448,0.781925,0.815565,0.790151,0.804810,0.734254,0.821515,0.832112,0.823640,0.827522,0.810369,0.803723,0.849896,0.825918,0.818679,0.782840,0.764893,0.814633,0.791905,0.785782,0.786991,0.769958,0.806884,0.789447,0.767330,0.806274,0.789121,0.760692,0.778855,0.831855,0.823270,0.787155,0.784522,0.776052,0.767014,0.792916,0.774911,0.785004,0.760633,0.795644,0.805091,0.777577,0.808542,0.765011,0.770416,0.788410,0.730643,0.771960,0.782194,0.744287,0.788320,0.820650,0.774485,0.814175,0.769178,0.780242,0.784014,0.773678,0.798279,0.775328,0.810307,0.840113,0.817987,0.743626,0.827358,0.820025,0.810904,0.796221,0.790342,0.815536,0.818513,0.824232,0.838377,0.799535,0.819183,0.792551,0.804100,0.759346,0.840083,0.787675,0.816093,0.801240,0.779585,0.801851,0.790668,0.809518,0.860561,0.783434,0.806734,0.806345,0.804086,0.791348,0.830903,0.773242,0.823828,0.782776,0.770684,0.728562,0.796422,0.750824,0.819107,0.783166,0.812420,0.779269,0.846379,0.762625,0.786043,0.843965,0.769300,0.829601,0.789798,0.838615,0.789066,0.825465,0.815662,0.780992,0.798331,0.806897,0.748293,0.787035,0.824171,0.824521,0.775283,0.785415,0.800948,0.816887,0.774808,0.830942,0.794805,0.734473,#
18,0.803924,0.806024,0.737315,0.791396,0.741590,0.776677,0.750286,0.796700,0.742425,0.771043,0.775663,0.812860,0.806697,0.785912,0.721634,0.756325,0.801758,0.808841,1.000000,0.781245,0.785260,0.787097,0.787969,0.745734,0.740719,0.806368,0.795752,0.783391,0.745306,0.815359,0.718932,0.822455,0.783179,0.791213,0.781154,0.834643,0.780295,0.798002,0.781338,0.784947,0.784753,0.756896,0.750907,0.757085,0.789648,0.739726,0.811480,0.794740,0.816701,0.780335,0.782828,0.758152,0.794604,0.719398,0.808061,0.786978,0.745026,0.799084,0.773550,0.812930,0.784527,0.746501,0.758073,0.745107,0.815499,0.751934,0.811245,0.768507,0.740405,0.756525,0.780567,0.738661,0.820904,0.744522,0.821896,0.735630,0.792758,0.772713,0.779576,0.761869,0.795546,0.769391,0.798123,0.812837,0.809296,0.798172,0.750077,0.758754,0.801120,0.747914,0.765769,0.739055,0.809111,0.795418,0.763618,0.744339,0.767781,0.787224,0.775883,0.801983,0.784302,0.743830,0.761122,0.788263,0.772976,0.785272,0.762956,0.787220,0.802603,0.786397,0.818725,0.754933,0.791222,0.755482,0.713320,0.778975,0.759740,0.756793,0.783309,0.715857,0.776265,0.825967,0.719216,0.810567,0.783561,0.758412,0.834195,0.723691,0.812192,0.741844,0.787532,0.793075,0.776753,0.718941,0.790206,0.781645,0.812934,0.773441,0.726427,0.772297,0.783966,0.823564,0.771053,0.820200,0.780854,0.778612,0.779639,0.718789,0.819683,0.753588,0.797571,0.788302,0.801835,0.742512,0.795662,0.792498,0.810658,0.815349,0.755024,0.760615,0.807294,0.783219,0.842783,0.778601,0.801185,0.742668,0.852849,0.745230,0.740572,0.752537,0.782404,0.796277,0.796385,0.779195,0.754639,0.772609,0.785142,0.830848,0.761553,0.815303,0.775034,0.799881,0.768858,0.766332,0.753714,0.807531,0.772293,0.769220,0.755181,0.794505,0.779801,0.780616,0.712887,0.797384,0.790707,0.769049,0.752743,0.842679,0.763966,0.760893,#
19,0.766238,0.823422,0.783158,0.756901,0.799056,0.816868,0.745822,0.788134,0.814065,0.750700,0.771063,0.781083,0.757712,0.766336,0.767833,0.753551,0.771292,0.833176,0.781245,1.000000,0.814478,0.763832,0.749927,0.784551,0.762633,0.747480,0.784506,0.746466,0.758560,0.793059,0.813225,0.837153,0.784152,0.740324,0.730493,0.854468,0.739589,0.785701,0.763334,0.767808,0.793614,0.762478,0.758594,0.785676,0.746799,0.773142,0.840435,0.784111,0.805068,0.762566,0.769406,0.766345,0.782144,0.755823,0.807874,0.766236,0.792795,0.787085,0.746385,0.729505,0.774646,0.734118,0.812896,0.771943,0.783868,0.799885,0.827840,0.758850,0.792359,0.757263,0.792808,0.762396,0.826519,0.752267,0.769408,0.726617,0.736769,0.773169,0.765209,0.761039,0.810102,0.755489,0.835823,0.775969,0.781389,0.736689,0.765155,0.774608,0.823584,0.756467,0.750283,0.759131,0.768899,0.801739,0.739139,0.738737,0.794135,0.775142,0.772996,0.796288,0.798096,0.764416,0.769177,0.759799,0.763084,0.738070,0.800993,0.760766,0.757421,0.741241,0.781169,0.748891,0.764740,0.749752,0.746467,0.782747,0.778023,0.781984,0.756392,0.673882,0.803184,0.786036,0.715526,0.854754,0.784270,0.775549,0.778783,0.764991,0.833603,0.836406,0.783919,0.831550,0.791829,0.752270,0.792892,0.801090,0.763774,0.776765,0.771605,0.758098,0.807013,0.802453,0.760929,0.775698,0.773037,0.740263,0.745530,0.701431,0.808106,0.785908,0.779944,0.799670,0.761030,0.784844,0.810202,0.746673,0.833065,0.783299,0.769282,0.769127,0.759163,0.788806,0.797394,0.762994,0.792266,0.740415,0.737072,0.785064,0.738893,0.739552,0.771989,0.789033,0.775104,0.752842,0.815184,0.746627,0.781510,0.823087,0.751622,0.752873,0.742902,0.804448,0.790360,0.799466,0.763202,0.764517,0.762507,0.775128,0.768256,0.791998,0.771089,0.776922,0.743163,0.801963,0.807401,0.762475,0.754458,0.769724,0.744841,0.744313,#
20,0.807462,0.832292,0.753197,0.765175,0.774950,0.788773,0.803110,0.802308,0.801307,0.812038,0.775111,0.763058,0.790888,0.765669,0.769018,0.751684,0.846687,0.804121,0.785260,0.814478,1.000000,0.782856,0.743807,0.816923,0.771719,0.778686,0.796287,0.804476,0.743390,0.792659,0.805147,0.801509,0.781368,0.802428,0.778947,0.795381,0.799771,0.787648,0.795117,0.801158,0.801253,0.826705,0.743568,0.824004,0.791009,0.749659,0.826022,0.771609,0.811922,0.780602,0.799465,0.812151,0.773792,0.782583,0.801854,0.797218,0.747568,0.818220,0.800470,0.776581,0.821181,0.770259,0.811365,0.751014,0.815248,0.817263,0.860140,0.782137,0.809227,0.746334,0.775225,0.804432,0.803150,0.780914,0.762909,0.737871,0.765259,0.800991,0.809592,0.822773,0.814645,0.822900,0.815550,0.849382,0.767338,0.764238,0.791173,0.776590,0.826622,0.826724,0.766898,0.786037,0.793213,0.824580,0.781564,0.775214,0.750211,0.740509,0.788164,0.796439,0.849682,0.809543,0.772522,0.815818,0.798925,0.763885,0.814136,0.803333,0.809171,0.808210,0.783365,0.798544,0.774669,0.713549,0.796204,0.806828,0.785037,0.812217,0.735343,0.689531,0.806164,0.806692,0.743130,0.830190,0.763771,0.799370,0.739110,0.750785,0.778209,0.788029,0.794890,0.802727,0.804043,0.770873,0.822897,0.782057,0.768414,0.817454,0.786430,0.790358,0.793030,0.768709,0.791504,0.816189,0.803484,0.763377,0.799250,0.747943,0.782337,0.820649,0.801139,0.814585,0.767960,0.752403,0.829637,0.769877,0.795344,0.813418,0.788125,0.789601,0.783206,0.787889,0.778996,0.801372,0.842367,0.745488,0.744543,0.755328,0.744997,0.779340,0.793589,0.786977,0.808771,0.781450,0.790196,0.777856,0.770574,0.836490,0.764850,0.803161,0.774263,0.786344,0.782784,0.753743,0.744729,0.812826,0.791826,0.788178,0.771265,0.772075,0.742532,0.778885,0.783266,0.788256,0.806368,0.750194,0.796928,0.813175,0.799216,0.765934,#
21,0.771844,0.848234,0.762908,0.800527,0.752057,0.767659,0.755759,0.745732,0.783044,0.748566,0.745243,0.736543,0.703466,0.740112,0.745987,0.791110,0.752570,0.784397,0.787097,0.763832,0.782856,1.000000,0.785927,0.790903,0.692835,0.720395,0.802377,0.752560,0.759095,0.753538,0.776428,0.752077,0.790501,0.777184,0.766505,0.811084,0.759448,0.774021,0.782082,0.745317,0.765680,0.796456,0.755832,0.744761,0.771077,0.767756,0.772512,0.773189,0.800987,0.778770,0.749138,0.783386,0.778690,0.734258,0.804092,0.766011,0.750855,0.751337,0.811583,0.735299,0.783986,0.773750,0.706731,0.742666,0.808772,0.766351,0.797887,0.769432,0.749331,0.761326,0.755043,0.799663,0.794395,0.784804,0.808306,0.762850,0.779782,0.763932,0.797501,0.789059,0.765497,0.727463,0.816779,0.802634,0.829008,0.752952,0.721785,0.785571,0.809489,0.775506,0.682372,0.727362,0.796768,0.784075,0.758643,0.766978,0.765268,0.710233,0.755011,0.809543,0.777976,0.773261,0.712412,0.769298,0.722572,0.786082,0.737365,0.776714,0.745277,0.794899,0.792133,0.729729,0.764283,0.767307,0.675105,0.728501,0.756541,0.800443,0.731919,0.721708,0.762144,0.764881,0.716510,0.758483,0.747084,0.716304,0.768529,0.760515,0.754219,0.790077,0.770970,0.800818,0.746237,0.739769,0.839552,0.739452,0.738256,0.712987,0.748500,0.773212,0.784840,0.776530,0.718784,0.770303,0.748116,0.745338,0.748550,0.691977,0.754045,0.766132,0.782448,0.809075,0.755755,0.751657,0.738888,0.766055,0.799751,0.751509,0.729095,0.779538,0.770458,0.782625,0.790126,0.785294,0.814980,0.759421,0.778593,0.738882,0.704944,0.748424,0.770695,0.762075,0.760807,0.737278,0.748411,0.742657,0.682967,0.784547,0.755396,0.754409,0.742486,0.816925,0.761889,0.761493,0.748723,0.782653,0.769842,0.695297,0.709771,0.780008,0.769809,0.757579,0.741714,0.744542,0.778263,0.740471,0.770020,0.790999,0.699577,0.769047,#
