0,1.000000,0.277468,0.369266,0.171229,0.266968,0.268634,0.221108,0.207719,0.269939,0.280994,0.306393,0.300719,0.179606,0.175725,0.319066,0.197201,0.265545,0.413732,0.202359,0.249729,0.289728,0.396343,0.294546,0.371342,0.241108,0.171631,0.280345,0.315357,0.364783,0.248825,0.202987,0.204762,0.299615,0.180374,0.162739,0.414266,0.317711,0.258836,0.279158,0.371910,0.139802,0.320386,0.143610,0.255005,0.193672,0.263048,0.378378,0.291617,0.333311,0.314883,0.408746,0.164714,0.264110,0.161258,0.460240,0.216246,0.292552,0.291477,0.282975,0.235392,0.287847,0.262831,0.250628,0.337703,0.351477,0.178822,0.344214,0.264435,0.259498,0.269989,0.430965,0.342621,0.390768,0.292489,0.175375,0.163210,0.194429,0.287993,0.290549,0.188714,0.379069,0.226614,0.286084,0.293895,0.263482,0.308187,0.321398,0.245128,0.372311,0.259125,0.254689,0.164585,0.152673,0.196189,0.391427,0.285545,0.382085,0.285287,0.270373,0.389629,0.326904,0.355258,0.250523,0.345945,0.267546,0.229551,0.287506,0.296858,0.202418,0.146622,0.161196,0.227576,0.258083,0.261730,0.114797,0.296555,0.374974,0.217816,0.313387,0.343021,0.403410,0.160701,0.164254,0.223911,0.214009,0.423457,0.166470,0.176605,0.177190,0.365080,0.293850,0.362142,0.338534,0.275717,0.199661,0.134953,0.403603,0.218919,0.313162,0.463295,0.249206,0.283534,0.291012,0.230477,0.294946,0.254267,0.225448,0.080784,0.326344,0.239215,0.313662,0.248579,0.333939,0.206998,0.197853,0.089983,0.137484,0.170272,0.364897,0.329896,0.283911,0.305850,0.091011,0.272456,0.330164,0.058491,0.126003,0.214963,0.310744,0.151583,0.453796,0.077205,0.406048,0.468666,0.160305,0.299465,0.391131,0.343635,0.317391,0.263353,0.244632,0.396466,0.077803,0.077502,0.150851,0.346776,0.330257,0.478026,0.304910,0.138482,0.339151,0.304339,0.143377,0.099635,0.366705,0.135166,0.207097,0.143945,0.369989,0.306458,#
1,0.277468,1.000000,0.188734,0.184142,0.437741,0.269036,0.296171,0.266106,0.160833,0.146700,0.298812,0.278295,0.237745,0.318775,0.163011,0.170578,0.141563,0.291006,0.291416,0.188750,0.136034,0.331006,0.221046,0.319851,0.334919,0.315542,0.286703,0.299106,0.328574,0.118839,0.341512,0.281006,0.456427,0.268519,0.207453,0.165965,0.188177,0.307383,0.265967,0.303370,0.219216,0.239907,0.345639,0.232197,0.253574,0.266519,0.340935,0.328128,0.237938,0.134168,0.444489,0.138112,0.361606,0.210617,0.298220,0.244101,0.278229,0.341788,0.440691,0.286400,0.225115,0.290266,0.242533,0.348350,0.313611,0.303099,0.213949,0.339060,0.320134,0.173990,0.337907,0.260299,0.412014,0.241047,0.277766,0.000320,0.230358,0.268234,0.314808,0.252086,0.227593,0.439609,0.305971,0.427156,0.127019,0.183385,0.347934,0.346689,0.256694,0.438103,0.311326,0.348306,0.130703,0.235057,0.159236,0.286171,0.230090,0.269534,0.225690,0.208971,0.117760,0.160878,0.204330,0.283699,0.209108,0.239272,0.202981,0.352582,0.206798,0.252094,0.364875,0.270226,0.239072,0.193928,0.267303,0.334850,0.324515,0.130924,0.423788,0.306632,0.167480,0.257741,0.282669,0.222733,0.234439,0.381416,0.204978,0.216382,0.209481,0.199708,0.281018,0.225589,0.120825,0.256277,0.397237,0.322706,0.272203,0.283195,0.250963,0.395855,0.316544,0.217927,0.086366,0.093845,0.269263,0.196978,0.327259,0.084955,0.347921,0.282457,0.283734,0.259724,0.274094,0.128302,0.210960,0.169101,0.314842,0.301705,0.316670,0.130727,0.077455,0.333903,0.145206,0.242598,0.319264,0.387266,0.170555,0.358635,0.348458,0.278497,0.307795,0.226448,0.265922,0.246617,0.364801,0.194749,0.117069,0.294095,0.309845,0.219383,0.244079,0.211788,0.255439,0.166018,0.278701,0.277499,0.157470,0.397444,0.295752,0.300281,0.373881,0.284801,0.128937,0.091971,0.277294,0.248976,0.150181,0.229340,0.075886,0.202303,#
2,0.369266,0.188734,1.000000,0.348360,0.149601,0.229675,0.239393,0.271300,-0.042761,0.076778,0.061626,0.271254,0.206747,0.137035,0.229088,0.126571,0.140101,0.220709,0.206547,0.169588,0.222547,0.395112,0.367715,0.318663,0.280349,0.241930,0.297830,0.158868,0.246506,0.234705,0.250281,0.158569,0.239220,0.197685,0.144881,0.240814,0.238791,0.228972,0.234762,0.211732,0.251467,0.254250,0.186739,0.090063,0.082442,0.362832,0.241609,0.319084,0.163361,0.214347,0.308093,0.300975,0.242943,0.201702,0.160919,0.176670,0.106005,0.237291,0.116006,0.250666,0.031760,0.256080,0.238740,0.259857,0.371409,0.254271,0.146043,0.021100,0.170915,0.323334,0.306751,0.053714,0.169835,0.342288,0.224079,0.249370,0.070918,0.196373,0.179097,0.355230,0.390741,0.077694,0.148172,0.234019,0.063977,0.180216,0.318638,0.267960,0.137140,0.274827,0.181707,0.164071,0.149530,0.004200,0.204047,0.104897,0.141964,0.118579,0.256869,0.188265,0.303534,0.273216,0.218022,0.187489,0.220655,0.134059,0.189908,0.256990,0.153477,0.201376,0.227655,0.200130,0.222368,0.176653,0.175480,0.242795,0.168054,0.206524,0.120540,0.081829,0.192864,0.252130,0.166345,0.134474,0.180005,0.211251,0.201261,0.173704,0.128485,0.267116,0.191410,0.295797,0.196541,0.086979,0.171317,0.345859,0.189397,0.258439,0.068838,0.107855,0.016222,0.168130,0.194897,0.168073,0.312520,0.208180,0.274051,0.074466,0.352087,0.177863,0.197537,0.339937,0.234851,0.159676,0.095164,0.043963,0.041862,0.161599,0.227036,0.074067,0.354895,0.242027,0.216874,0.272336,0.308315,0.128148,0.148574,0.324343,0.112207,0.124511,0.188210,0.168794,0.182383,0.241608,0.245242,0.187294,0.405543,0.262937,0.269298,0.258813,0.263698,0.196330,0.139537,0.240325,0.046737,0.254473,0.163617,0.272976,0.259088,0.040726,0.259207,0.141951,0.266738,0.119312,0.255779,0.035713,0.226480,0.097757,0.332423,0.228586,#
3,0.171229,0.184142,0.348360,1.000000,0.204322,0.114297,0.189150,0.238667,0.078791,0.166465,0.134214,0.281651,0.073847,0.205807,0.165663,0.150609,0.126855,0.251790,0.169258,0.114110,0.032737,0.258923,0.246273,0.329282,0.285760,0.168070,0.157903,0.068260,0.208329,0.107675,0.285997,0.325198,0.248243,0.381016,0.015112,0.271669,0.298438,0.363004,0.253151,0.133265,0.195162,0.186210,0.193853,0.138507,0.185744,0.261020,0.264796,0.180256,0.139687,0.156872,0.320879,0.119936,0.124270,0.128043,0.068264,0.281039,0.204142,0.300139,0.246240,0.270950,0.089875,0.161581,0.181200,0.322087,0.224425,0.252911,0.148439,0.310136,0.145412,0.158670,0.329057,0.009950,0.180981,0.266916,0.227887,0.175844,0.145455,0.247787,0.290373,0.289781,0.227635,0.198887,0.141402,0.236453,0.171659,0.201962,0.325948,0.230448,0.189648,0.371352,0.161655,0.214913,0.179017,0.251841,0.115949,0.194690,0.237037,0.150258,0.316059,0.190469,0.249024,0.188081,0.300675,0.216594,0.197715,0.161926,0.178563,0.213888,0.152518,0.039406,0.190880,0.186770,0.201750,0.145309,0.030962,0.149676,0.246655,0.082254,0.166917,0.202124,0.268546,0.147327,0.238655,0.255842,0.188559,0.120798,0.219115,0.096820,0.227542,0.323272,0.121919,0.244808,0.299074,0.276323,0.139878,0.238902,0.165331,0.097563,0.256407,0.277827,0.239749,0.161791,0.240412,0.204939,0.248265,0.142826,0.322362,0.156024,0.228469,0.178662,0.210587,0.167081,0.136115,0.121780,0.102271,0.103055,0.176902,0.262850,0.082757,0.303799,0.291599,0.254596,0.206903,0.341720,0.252509,0.248431,0.287820,0.226544,0.153315,0.210683,0.219310,0.171534,0.208517,0.274177,0.220929,0.187554,0.161839,0.196178,0.171256,0.181729,0.219916,0.287980,0.268027,0.308032,0.100465,0.180021,0.116407,0.312403,0.029930,0.039953,0.196524,0.203348,0.266949,0.224526,0.098292,0.196868,0.153959,0.142153,0.219904,0.189764,#
4,0.266968,0.437741,0.149601,0.204322,1.000000,0.131854,0.322031,0.162289,0.173143,0.116402,0.213702,0.095409,0.201061,0.179669,0.094281,0.155081,0.124739,0.159484,0.229286,0.257945,0.089744,0.302407,0.274098,0.270769,0.190806,0.258737,0.120457,0.236671,0.329182,-0.067990,0.129911,0.201271,0.363029,0.165812,0.190590,0.199579,0.108523,0.328024,0.088177,0.225771,0.217679,0.237733,0.191486,0.103608,0.348726,0.138889,0.311371,0.274883,0.129094,0.271066,0.233160,0.005824,0.179155,0.150681,0.211429,0.179897,0.171387,0.204625,0.223307,0.256442,0.240179,0.169858,0.064342,0.106246,0.178881,0.125570,0.243544,0.140304,0.165698,0.144638,0.251229,0.196814,0.221299,0.117097,0.207465,-0.092195,0.171891,0.227352,0.109629,0.110601,0.308007,0.228010,0.067607,0.163145,0.180914,0.164035,0.198741,0.207525,0.226019,0.361583,0.175708,0.185843,-0.004068,0.193849,0.003136,0.300265,0.191966,0.411304,0.357843,0.299332,0.188741,0.078103,0.191704,0.269828,0.183226,0.067295,0.055156,0.159196,0.134380,0.237835,0.351154,0.113955,0.189384,0.310871,0.121439,0.074239,0.146470,-0.103728,0.237525,-0.000138,0.166623,0.232258,0.219148,0.146851,0.173425,0.261478,0.142633,0.167696,-0.029096,0.157379,0.153915,0.134518,0.175416,0.135622,0.229146,0.224849,0.230083,-0.042615,0.120982,0.242166,0.292766,0.004081,0.098200,0.208639,0.167477,0.090913,0.269248,-0.025651,0.215072,0.342644,0.199294,0.216738,0.272364,0.162533,0.049256,0.008891,0.225329,0.176725,0.261181,0.191637,0.098728,0.205080,0.118843,0.318794,0.094890,0.364394,0.060952,0.081736,0.083246,0.144133,0.298206,0.038160,0.126640,0.090620,0.300377,0.133596,0.261746,0.213786,0.208069,0.111615,0.089520,0.113716,0.160337,0.122999,0.090746,0.212692,0.134128,0.376972,0.176736,0.108201,0.253035,0.089831,0.130057,0.055354,0.029978,0.226117,0.162902,0.343164,0.103786,0.175600,#
5,0.268634,0.269036,0.229675,0.114297,0.131854,1.000000,0.153477,0.187622,0.117825,0.246215,0.134157,0.148093,0.199653,0.060076,0.242415,0.215589,0.259521,0.278482,0.224354,-0.042550,0.264393,0.294262,0.212140,0.415138,0.196054,0.217423,0.204436,0.221007,0.298886,0.118789,0.115433,0.290854,0.340209,0.117018,0.145972,0.154226,0.351374,0.136710,0.250778,0.267778,0.187841,0.273437,0.027122,0.252995,0.153144,0.234087,0.218053,0.085170,0.257685,0.236598,0.282856,0.155423,0.218605,0.059416,0.204667,0.188483,0.056012,0.334439,0.258457,0.230891,0.199552,0.285386,0.188562,0.171954,0.230551,0.211088,0.307598,0.229217,0.149809,0.155464,0.328784,0.137209,0.241230,0.360304,0.158689,0.106218,0.218614,0.237838,0.173254,0.295674,0.224163,0.240923,0.273021,0.095968,0.029395,0.362540,0.127018,0.229183,0.207641,0.254305,0.111917,0.256215,0.033543,0.140674,0.117374,0.100875,0.202436,0.082427,0.301320,0.091879,0.189657,0.291934,0.215202,0.251264,0.060601,0.146226,-0.020598,0.254295,0.149952,0.145564,0.325826,0.175185,0.343259,0.052492,0.183305,0.192325,0.329671,0.219091,0.225582,0.228211,0.022023,0.177863,0.079934,0.215737,0.179307,0.162118,0.043275,-0.009740,0.354292,0.359001,0.138614,0.322592,0.138382,0.115708,0.337679,0.226808,0.138688,0.119189,0.189004,0.240619,0.270913,0.256192,0.076392,0.231580,0.225393,0.089949,0.201120,0.190065,0.165997,0.168665,0.242274,0.107341,0.214617,0.307862,0.090451,0.162304,0.246200,0.129287,0.394594,0.098722,0.198020,0.141554,0.199050,0.128459,0.322173,-0.037182,0.046509,0.229110,0.224342,0.293550,0.100883,0.223344,0.287989,0.193413,0.104379,0.158361,0.169873,0.194768,0.339641,0.151328,0.271438,0.321821,0.274079,0.075796,0.194460,0.331045,0.207302,0.209491,0.155765,0.197106,0.329177,0.102043,0.160446,0.186473,0.249047,0.179441,0.097152,0.313440,0.062404,0.274240,#
6,0.221108,0.296171,0.239393,0.189150,0.322031,0.153477,1.000000,0.239075,0.105486,0.056186,0.205408,0.079126,0.050665,0.212846,0.148232,0.136894,0.252789,0.213417,0.185188,0.248619,0.219411,0.208121,0.209447,0.132637,0.099960,0.127385,0.141211,0.221946,0.307136,0.111444,0.050269,0.230740,0.285867,0.108201,0.062845,0.093457,0.128429,0.173573,0.280490,0.203455,0.223496,0.208157,0.116064,0.268920,0.112064,0.140857,0.306762,0.347643,0.154271,0.276026,0.123189,0.207640,0.296052,0.140596,0.153800,0.194782,0.212040,0.312301,0.258177,0.253944,0.048760,0.234702,0.049924,0.267287,0.161349,0.356794,0.211066,0.191938,0.202396,0.147909,0.288919,0.186691,0.329182,0.075311,0.185441,0.103193,0.186951,0.185919,0.212175,0.235503,0.255791,0.288161,0.256534,0.159547,0.118729,0.241331,0.140894,0.331473,0.251898,0.308014,0.258233,0.185234,0.066001,0.247620,0.102305,0.314741,0.189289,0.167416,0.308241,0.234163,0.221075,0.220288,0.089551,0.108517,-0.023500,0.305038,0.053670,0.144271,0.184862,0.159869,0.272474,0.154372,0.264433,0.118283,0.146075,0.122769,0.282981,0.132923,0.249232,0.198616,0.112865,0.244908,0.114187,0.043899,0.188069,0.076120,0.095513,0.292821,0.053269,0.317464,0.195120,0.102217,0.249047,0.011128,0.333138,0.192242,0.154376,0.299023,0.210362,0.208118,0.141178,0.000954,0.056839,0.348153,0.030158,0.171524,0.198354,0.032796,0.163754,0.132244,0.216327,0.164521,0.259057,0.199216,0.139107,0.083489,0.086882,0.090974,0.267440,0.134125,0.064076,0.235930,0.211788,0.184843,0.212182,0.133952,0.118857,0.234771,0.273231,0.275617,0.071198,0.105349,0.221547,0.171718,0.223287,0.234940,0.177307,0.259074,0.286382,0.116123,-0.031046,0.054440,0.147714,0.272628,0.241390,0.174008,0.165165,0.226210,0.233700,0.256465,0.186178,0.045750,0.315351,0.191381,0.152226,0.204626,0.140399,0.171696,0.066828,0.213163,#
7,0.207719,0.266106,0.271300,0.238667,0.162289,0.187622,0.239075,1.000000,0.065298,0.272057,0.169091,0.305563,0.179298,0.281947,0.145262,0.264834,0.182221,0.330110,0.179953,0.312792,0.184717,0.302937,0.440314,0.213488,0.274406,0.152699,0.236885,0.305780,0.316844,0.113960,0.308334,0.393943,0.395970,0.192150,0.128230,0.257493,0.156458,0.253835,0.272145,0.255958,0.132381,0.157725,0.313899,0.106638,0.223681,0.295699,0.176405,0.284048,0.330074,0.235611,0.376839,0.203389,0.196070,0.252632,0.323194,0.227176,0.171193,0.341503,0.253632,0.316284,0.219877,0.131153,0.154988,0.281024,0.386121,0.158566,0.226264,0.300431,0.212928,0.328876,0.251850,0.124206,0.355142,0.380898,0.324728,0.213185,0.234318,0.342888,0.288155,0.355228,0.263812,0.329893,0.310204,0.318711,0.150012,0.239626,0.339941,0.197087,0.246303,0.343936,0.267052,0.193825,0.200417,0.168700,0.141946,0.311188,0.159934,0.118571,0.250458,0.074616,0.303186,0.211484,0.234652,0.218951,0.105894,0.382817,0.269360,0.131821,0.297037,0.097925,0.217260,0.216867,0.145571,0.212375,0.279658,0.194411,0.184586,0.218214,0.296776,0.319771,0.244575,0.222183,0.166205,0.400858,0.342670,0.211412,0.263075,0.385314,0.194325,0.226347,0.130444,0.172138,0.196231,0.238811,0.369262,0.168567,0.173653,0.368971,0.315174,0.376173,0.341705,0.392214,0.008202,0.244327,0.221295,0.197882,0.332232,0.143099,0.262303,0.130732,0.253407,0.397816,0.109070,0.117092,0.042914,0.301059,0.259876,0.298992,0.268847,0.274974,0.206545,0.317395,0.166722,0.320271,0.321089,0.121787,0.248824,0.244930,0.339613,0.280995,0.287003,0.211571,0.260979,0.164735,0.227473,0.142004,0.272167,0.294860,0.142688,0.309177,0.137669,0.300253,0.116231,0.141935,0.035566,0.303799,0.283108,0.362652,0.156164,0.238049,0.253322,0.208885,0.182826,0.269668,0.047140,0.249136,0.324384,0.258159,0.252423,0.228814,#
8,0.269939,0.160833,-0.042761,0.078791,0.173143,0.117825,0.105486,0.065298,1.000000,0.124575,0.223161,0.130541,0.186345,0.154157,0.240979,0.103635,0.102394,0.008550,-0.016047,0.198856,0.163610,0.103387,0.118350,0.136616,0.122508,0.079992,-0.011745,0.201411,0.115166,0.129138,0.069410,0.211806,0.168523,0.210856,0.111425,0.194322,0.178344,0.173638,0.181836,0.296245,0.082299,0.111939,-0.123372,0.150179,0.277378,0.216378,0.161601,0.232948,0.026587,0.106683,0.022820,0.176900,0.022475,0.314115,0.203137,0.199589,0.061983,0.112933,0.200791,0.160149,0.128110,0.018048,0.253733,0.128264,0.183852,0.153600,0.228543,0.198860,0.256279,0.108273,0.074057,0.220142,0.197774,0.073358,0.047140,-0.001496,0.136589,0.036837,0.225563,-0.002550,0.144787,0.140928,0.178726,-0.001367,0.152942,0.135490,0.173539,0.109892,0.258463,0.101740,0.163007,0.102344,0.065111,0.173001,0.167158,0.321518,0.215082,0.145503,0.134718,0.128021,0.170362,0.025599,0.051298,0.132132,0.161691,0.023369,0.221347,0.111630,-0.021679,0.083749,0.012754,0.089515,0.001422,0.137967,0.046818,0.184540,0.237014,0.107814,0.016087,0.177838,0.201696,0.052423,0.068404,0.143878,0.125447,0.247579,-0.030659,0.157016,0.067911,0.159349,0.130188,0.109815,0.079558,0.055638,0.198125,0.169238,0.179998,0.159444,0.263818,0.270336,0.197498,0.205737,0.253198,0.104813,0.090703,0.076590,0.214857,0.280933,0.159363,0.202487,0.163805,0.204241,0.184299,0.185136,0.248466,0.143210,0.065190,0.005937,0.136807,0.212779,-0.019570,0.111861,-0.057012,0.225146,0.140450,0.174554,0.096597,0.170626,0.147427,0.117474,0.257940,-0.125139,0.044941,0.307948,0.132596,0.151445,0.034347,0.223972,0.143629,0.092659,0.145269,0.117367,-0.104087,0.146673,0.202976,0.116093,0.087481,0.107780,0.141612,0.071878,0.145985,0.116072,0.061589,0.138152,0.053017,0.111180,0.135707,-0.125048,0.108776,0.086897,#
9,0.280994,0.146700,0.076778,0.166465,0.116402,0.246215,0.056186,0.272057,0.124575,1.000000,0.286896,0.152180,0.032831,0.165252,0.276599,0.244621,0.168053,0.154632,0.087482,0.259674,0.104667,0.197276,0.303276,0.264334,0.149641,0.216605,0.203239,0.347091,0.227438,0.097503,0.276555,0.308415,0.191961,0.151659,0.163814,0.266026,0.019291,0.287361,0.312598,0.248418,0.232915,0.292607,0.085560,-0.017168,0.225217,0.353740,0.251325,0.250757,0.142131,0.042356,0.322843,0.263739,0.210544,0.090739,0.255253,0.328688,0.317383,0.259713,0.088760,0.180892,0.047532,0.196992,0.254211,0.237144,0.281381,0.181745,0.088570,0.262373,0.285909,0.109718,0.206185,0.307325,0.201348,0.212299,0.251412,0.132530,0.329687,0.259925,0.320431,0.226403,0.129308,0.228031,0.227570,0.250321,0.175590,0.388099,0.361036,0.157685,0.147771,0.224468,0.033597,0.323142,0.056744,0.212363,0.176878,0.178042,0.379982,0.177533,0.216184,0.221073,0.273126,0.214589,0.338979,0.077464,0.114450,0.121902,0.152014,0.225290,0.236401,0.069327,0.191669,0.201898,0.232964,0.130049,0.139013,0.206886,0.253433,0.296266,0.421414,0.191311,0.329541,0.303219,0.198433,0.225512,0.268463,0.210075,-0.056669,0.246703,0.153364,0.202248,0.200150,0.291565,0.076623,0.276365,0.270209,0.050390,0.213907,0.264315,0.173554,0.254640,0.167904,0.233740,0.089014,0.130948,0.202661,-0.087521,0.305799,0.179736,0.060815,0.290722,0.235812,0.183176,0.315440,0.170501,0.043621,0.271698,0.334247,0.191425,0.421131,0.249902,0.108844,0.141735,0.010998,0.341969,0.215364,0.153266,0.097799,0.261092,0.324571,0.284784,0.220030,0.214145,0.289849,0.225992,0.142324,0.171347,0.223498,-0.001688,0.093932,0.412465,0.104174,0.284366,0.307676,0.093653,0.123143,0.186257,0.320995,0.328349,0.321838,0.105365,0.257569,0.165749,0.165662,0.225806,0.181260,0.222119,0.108694,0.052002,0.190030,0.136571,#
10,0.306393,0.298812,0.061626,0.134214,0.213702,0.134157,0.205408,0.169091,0.223161,0.286896,1.000000,0.054920,0.003201,0.280476,0.159257,0.137483,0.190706,0.148167,0.324255,0.153086,0.102152,0.161551,0.212861,0.086805,0.121067,0.068203,0.297454,0.214473,0.182523,0.127718,0.246234,0.239053,0.169417,0.114767,0.108786,0.272006,0.041610,0.246100,0.242845,0.176141,0.005533,0.099871,0.145689,-0.006460,0.138658,0.223440,0.203331,0.294341,0.230523,0.187887,0.125524,0.181989,0.222440,0.181461,0.227408,0.191874,0.118820,0.240028,0.238149,0.079934,0.098063,0.213412,0.179511,0.256752,0.189384,0.205136,0.197609,0.188469,0.230242,0.111917,0.193360,0.138481,0.183281,0.096023,0.108157,0.152053,0.302214,0.054733,0.188056,0.038005,0.090640,0.279161,0.155976,0.231203,0.130665,0.199139,0.346512,0.108562,0.197290,0.194566,0.051466,0.090754,0.160048,0.101592,0.089336,0.155420,0.336339,0.036450,0.253382,0.254607,0.227220,0.205869,0.087632,0.237156,0.230234,0.095006,0.187274,0.191492,0.112398,0.127993,0.086708,0.152809,0.159625,0.116973,0.175996,0.294552,0.226644,-0.027595,0.158652,0.116427,0.134510,0.031748,0.124713,0.171544,0.190725,0.110408,-0.054562,0.107144,0.064811,0.324826,0.189522,0.108170,0.129152,0.065619,0.183509,0.178785,0.175866,0.215951,0.055926,0.383532,0.179824,0.164370,0.273087,0.136633,0.059453,0.110507,0.059505,0.142398,0.073624,0.296591,0.106770,0.262406,0.239077,0.201877,0.152564,0.213064,0.283128,0.087366,0.205276,0.318175,0.035574,0.174176,0.142235,0.291896,0.164678,0.054876,0.049148,0.125244,0.130463,0.217584,0.165628,0.099705,0.300387,0.117785,0.169057,-0.012287,0.082154,0.198378,0.344438,0.310161,0.218250,0.141883,0.225631,0.052984,0.189733,0.062328,0.122777,0.248117,0.175503,0.176887,0.182683,0.174403,0.112701,0.093728,0.188587,0.258915,0.152969,0.207044,0.265746,0.213435,#
11,0.300719,0.278295,0.271254,0.281651,0.095409,0.148093,0.079126,0.305563,0.130541,0.152180,0.054920,1.000000,0.255148,0.158032,0.085524,0.236765,0.225404,0.306691,0.136064,-0.010442,0.136319,0.257812,0.252229,0.301976,0.296158,0.280848,0.118947,0.329450,0.056697,0.224954,0.326435,0.349586,0.294288,0.180718,0.154905,0.128034,0.291187,0.297663,0.203665,0.220120,0.256177,0.298695,0.233143,0.318807,0.075548,0.359338,0.212550,0.321549,0.186012,0.111660,0.380209,0.188506,0.174198,0.282154,0.199462,0.207168,0.377267,0.178685,0.279924,0.190235,0.095925,0.293418,0.303566,0.329887,0.344784,0.207266,0.295994,0.320989,0.196315,0.275488,0.245690,0.136617,0.266913,0.291009,0.317950,0.254727,0.173873,0.198072,0.445420,0.232695,0.245573,0.056153,0.232806,0.332290,0.279374,0.214166,0.444001,0.226063,0.168732,0.214523,0.395386,0.247190,0.201134,0.333410,0.194188,0.172591,0.130421,0.211549,0.183136,0.307249,0.271643,0.263883,0.262940,0.103548,0.259012,0.364773,0.190026,0.234221,0.257284,0.199728,0.221373,0.158745,0.267699,0.185432,-0.039623,0.487483,0.311122,0.113406,0.306878,0.216449,0.201827,0.244343,0.251629,0.266812,0.247920,0.151561,0.356686,0.401141,0.283731,0.269896,0.146954,0.456432,0.066927,0.231820,0.134379,0.139834,0.119438,0.268450,0.133366,0.345258,0.218181,0.303414,0.123698,0.289045,0.221033,0.210137,0.384033,0.134631,0.276834,0.196573,0.161883,0.347871,0.186062,0.186788,0.245008,0.076218,0.177494,0.078071,0.226854,0.212476,0.217979,0.173331,0.074469,0.225424,0.471908,0.127814,0.221588,0.331569,0.472566,0.169862,0.316249,0.038087,0.226653,0.265897,0.202063,0.371461,0.436092,0.210986,0.164559,0.173334,0.333734,0.256254,0.200396,0.128672,0.101203,0.325738,0.282580,0.229610,0.218026,0.241099,0.056642,0.155255,0.254090,-0.036562,0.191413,0.102123,0.270870,0.139299,0.098421,0.302686,#
12,0.179606,0.237745,0.206747,0.073847,0.201061,0.199653,0.050665,0.179298,0.186345,0.032831,0.003201,0.255148,1.000000,0.109974,0.234113,0.169957,0.191160,0.249289,0.244962,0.204969,0.224947,0.036694,0.262824,0.193385,0.317397,0.077992,0.075872,0.261485,0.285311,0.249496,0.097806,0.284037,0.325516,0.183337,0.205784,0.162798,0.289880,0.178792,0.182560,0.199101,0.310645,0.135720,0.290544,0.194977,0.203524,0.354175,0.179613,0.040090,0.203840,0.081398,0.293139,0.100515,0.131329,0.218825,0.154761,0.173038,0.179425,0.299038,0.233626,0.259413,0.181568,0.275256,0.177493,0.198480,0.217798,0.157966,0.221690,0.094428,0.132606,0.057912,0.106043,0.213788,0.118494,0.144333,0.331927,0.191220,0.182339,0.182899,0.113311,0.166926,0.176491,0.152828,0.228198,0.244054,0.173999,0.355340,0.168946,0.229815,0.226241,0.307683,0.245223,0.228952,0.050098,0.183292,0.146327,0.015994,0.307425,0.241542,0.121004,0.119017,0.154986,0.240478,0.232600,0.169684,0.210974,0.174990,0.141230,0.131451,0.138866,0.298162,0.237349,0.003241,0.273964,0.215251,0.027176,0.219111,0.174503,0.256197,0.099402,0.250018,0.083441,0.234413,0.219818,0.172375,0.088706,0.284344,0.152804,0.108094,0.149526,0.075566,0.169986,0.294826,0.108253,0.053827,0.102063,0.196281,0.161274,0.219423,0.139769,0.227936,0.315048,0.250668,0.065516,0.175721,0.040140,0.183927,0.319394,0.087151,0.212519,0.143998,0.243775,0.411857,0.139540,0.171487,0.153459,0.048063,0.205487,-0.096104,0.184479,0.045516,0.195013,0.201270,0.096873,0.297437,0.149502,0.241162,0.153663,0.053783,0.202971,0.227395,0.146126,0.082350,0.262353,0.203697,0.272356,0.070695,0.258199,0.313451,0.011800,0.264556,0.235525,0.197257,0.232663,0.142283,0.191399,0.286733,0.167298,0.266677,0.131687,0.101950,0.310082,0.303138,0.153015,0.123412,0.099438,0.128164,0.208024,0.028397,0.237409,0.222400,#
13,0.175725,0.318775,0.137035,0.205807,0.179669,0.060076,0.212846,0.281947,0.154157,0.165252,0.280476,0.158032,0.109974,1.000000,0.207302,0.241031,0.123917,0.126611,0.181247,0.148800,0.122094,0.249083,0.209841,0.049835,0.337476,0.263222,0.212664,0.249882,0.184742,0.036612,0.246491,0.194915,0.292494,0.221690,0.027031,0.174688,0.147986,0.259633,0.130993,0.128633,0.119728,0.192576,0.303548,0.106678,0.174129,0.181106,0.318291,0.256041,0.266555,0.123513,0.292659,0.184715,0.254707,0.092831,0.236496,0.426142,0.197282,0.247642,0.274033,0.275603,0.180552,0.175687,0.342811,0.234200,0.142282,0.179928,0.319789,0.205359,0.403100,0.247006,0.111928,0.186419,0.350322,0.130308,0.227525,0.032272,0.193460,0.236163,0.253314,0.228230,0.274163,0.357860,0.267439,0.368386,0.340739,0.173743,0.390224,0.260784,0.260675,0.405968,0.228535,0.194378,0.249993,0.161748,0.171725,0.212207,0.166287,0.097462,0.169395,0.237707,0.387349,0.200700,0.193455,0.072453,0.176390,0.304140,0.188437,0.181409,0.235638,0.133543,0.185341,0.119489,0.282070,0.197969,0.226820,0.174618,0.246136,0.121477,0.258548,0.224092,0.245794,0.356730,0.044528,0.244357,0.154476,0.213622,0.106180,0.214832,0.346215,0.225610,0.192447,0.122941,0.144435,0.221593,0.325539,0.182505,0.251747,0.287152,0.381118,0.278797,0.258503,0.225060,0.185978,0.118991,0.242546,0.298450,0.286724,0.146083,-0.018291,0.263934,0.293395,0.155074,0.280928,0.254424,0.302835,0.181227,0.100642,0.223925,0.189049,0.115889,0.147661,0.300197,0.100027,0.311109,0.239075,0.343183,0.074635,0.219829,0.299171,0.291239,0.283088,0.296777,0.291195,0.148066,0.213981,0.180906,0.119132,0.173110,0.299315,0.108804,0.249236,0.136720,0.168193,0.267518,0.030828,0.248358,0.185163,0.370784,0.283388,0.299367,0.049719,0.225297,0.227403,0.135766,0.154652,0.226778,0.227774,0.165408,0.209216,0.267626,#
14,0.319066,0.163011,0.229088,0.165663,0.094281,0.242415,0.148232,0.145262,0.240979,0.276599,0.159257,0.085524,0.234113,0.207302,1.000000,0.336528,0.115659,0.255650,0.246481,0.261705,0.138272,0.099571,0.328996,0.273505,0.248930,0.173896,0.204538,0.161084,0.286211,0.070641,0.146890,0.127592,0.204863,0.136501,0.161736,0.331776,0.234000,0.334276,0.306971,0.286064,0.299309,0.252009,0.265416,0.209603,0.203845,0.324977,0.316868,0.265012,0.193609,0.040200,0.362431,0.179134,0.115607,0.174377,0.331797,0.246857,0.231024,0.266225,0.202419,0.242016,0.245022,0.326424,0.166121,0.309099,0.291854,0.225564,0.217864,0.219619,0.250124,0.165406,0.111160,0.238051,0.062399,0.364439,0.007377,0.015243,0.096267,0.247285,0.131467,0.240786,0.291946,0.053018,0.326390,0.284969,0.156575,0.300083,0.085743,0.157412,0.261254,0.253701,0.286938,0.139212,0.180379,0.285999,0.200068,0.057681,0.270046,0.174634,0.363996,0.183229,0.111640,0.247474,0.199129,0.149430,0.118492,0.191203,0.340608,0.368592,0.196027,0.203367,0.040415,0.127142,0.258680,0.019023,0.167865,0.253461,0.101049,0.283939,0.274296,0.225001,0.271795,0.208348,0.155136,0.224085,0.146364,0.197156,0.065969,0.134646,-0.002716,0.220115,-0.001919,0.287704,0.268356,0.049716,0.076984,0.142577,0.274544,0.230885,0.198228,0.201247,0.316451,0.301834,0.267751,0.096894,0.144154,0.124082,0.199011,0.011162,0.136417,0.159689,0.234900,0.095577,0.152358,0.260231,0.064225,0.005459,0.247681,0.175088,0.187324,-0.007108,0.172881,0.242942,0.080265,0.161358,0.279770,0.203653,0.234419,0.227970,0.139322,0.199760,0.301744,0.183932,0.292555,0.328483,0.285898,0.063619,0.304532,0.255662,0.264930,0.323362,0.271940,0.347275,0.141326,0.212641,0.194595,0.218458,0.146130,0.261321,0.102501,0.080394,0.221015,0.179013,0.168057,0.365359,0.150106,0.030950,0.080310,0.121377,0.285513,0.262955,#
15,0.197201,0.170578,0.126571,0.150609,0.155081,0.215589,0.136894,0.264834,0.103635,0.244621,0.137483,0.236765,0.169957,0.241031,0.336528,1.000000,0.165011,0.378002,0.241259,0.157978,0.111446,0.194295,0.293724,0.264786,0.312847,0.216620,0.240119,0.305723,0.298246,0.077770,0.251853,0.264822,0.250579,0.288537,0.157418,0.151998,0.223987,0.293770,0.265641,0.313201,0.351041,0.222664,0.243711,0.212294,0.361180,0.293176,0.237523,0.281537,0.079842,0.137097,0.372043,0.114099,0.240163,0.177686,0.289404,0.032147,0.222336,0.311401,0.193581,0.355846,0.189068,0.152464,0.154778,0.264837,0.227351,0.121777,0.344680,0.304485,0.268718,0.168755,0.177117,0.338126,0.200014,0.285966,0.343685,0.169448,0.155420,0.385577,0.244925,0.217328,0.457225,0.114108,0.249004,0.274493,0.140944,0.275428,0.288958,0.092797,0.319054,0.319603,0.254220,0.083917,0.199226,0.358531,0.103322,0.158964,0.254651,0.143603,0.317444,0.233386,0.298923,0.222222,0.373659,0.211683,0.097125,0.108912,0.166974,0.162685,0.228608,0.328588,0.145346,0.231201,0.239642,0.100622,0.177167,0.380644,0.364307,0.104761,0.220338,0.270259,0.227595,0.313805,0.060602,0.297537,0.170331,0.127559,0.177775,0.197727,0.173847,0.180700,0.104261,0.384626,0.121810,0.221475,0.308599,0.292286,0.249093,0.067660,0.209209,0.180648,0.216420,0.252694,0.341570,0.147411,0.249902,0.243718,0.396578,0.091696,0.266492,0.249663,0.336223,0.196011,0.219128,0.449926,0.010613,0.292772,0.194676,0.188621,0.290371,0.140947,0.064958,0.196735,0.175447,0.294035,0.253882,0.261284,0.118921,0.235670,0.189971,0.283607,0.214951,0.124254,0.331460,0.176471,0.230314,0.079586,0.247640,0.186804,0.053749,0.328799,0.265390,0.295175,0.106338,0.245929,0.259173,0.238782,0.134252,0.287225,0.176591,0.163281,0.020899,0.392097,0.133179,0.299408,0.156650,0.204828,0.134816,0.163639,0.100228,0.186476,#
16,0.265545,0.141563,0.140101,0.126855,0.124739,0.259521,0.252789,0.182221,0.102394,0.168053,0.190706,0.225404,0.191160,0.123917,0.115659,0.165011,1.000000,0.292529,0.113315,0.027713,0.436568,0.176662,0.380541,0.106693,0.128564,0.219568,0.195665,0.091409,0.123672,0.086248,0.225796,0.412607,0.102469,0.225862,0.074398,0.215522,0.199774,0.141266,0.205480,0.314024,0.047149,0.316695,0.133041,0.228077,0.202571,0.264254,0.230909,0.199237,0.261251,0.108622,0.040071,0.219618,0.368754,0.158682,0.261050,0.172606,0.050650,0.273023,0.261107,0.079824,0.097239,0.385678,0.101114,0.282251,0.295188,0.213116,0.259539,0.337641,0.015099,0.213836,0.119493,0.251850,0.168896,0.181190,0.298936,0.392090,0.154289,0.221872,0.315845,0.202504,0.101333,0.125742,0.173316,0.154580,0.134036,0.298260,0.359624,0.138629,0.306286,0.177317,0.219689,0.143607,0.022627,0.110790,0.128106,0.150930,0.171558,0.047985,0.356595,0.205001,0.220230,0.203165,0.061016,0.105000,0.074009,0.251367,0.204402,0.020330,0.144417,0.112359,0.201206,0.180747,0.234639,0.165562,0.204957,0.391226,0.255452,0.129691,0.139831,0.262872,0.093941,0.178907,0.252626,0.193990,0.260873,0.060728,0.134894,0.088819,0.113271,0.203503,0.024497,0.279533,0.269477,0.091011,0.257814,0.253021,0.032002,0.233330,0.208782,0.372171,0.065345,0.170619,-0.038856,0.230193,0.087248,0.103019,0.105469,0.041691,0.074815,-0.034870,0.223055,0.191757,0.153106,0.108592,0.157618,0.163296,0.150295,0.033816,0.199504,0.122227,0.042119,0.283064,0.269148,0.306870,0.155203,0.197217,0.137736,0.254222,0.185349,0.104556,0.002887,-0.087124,0.320866,0.039215,0.126739,0.201798,0.102831,0.181467,0.201746,0.115363,0.094651,0.214593,0.197814,-0.076988,0.005400,0.088043,0.269109,0.276850,0.192563,0.119820,0.163231,-0.004505,0.065473,0.128623,0.252521,0.218628,0.029260,0.142806,0.102715,0.216681,#
17,0.413732,0.291006,0.220709,0.251790,0.159484,0.278482,0.213417,0.330110,0.008550,0.154632,0.148167,0.306691,0.249289,0.126611,0.255650,0.378002,0.292529,1.000000,0.171386,0.288277,0.269273,0.344171,0.402260,0.416601,0.319590,0.230977,0.164578,0.213146,0.343994,0.247737,0.282837,0.467819,0.462674,0.310472,0.112551,0.277232,0.220880,0.511522,0.236659,0.140876,0.211087,0.210735,0.206912,0.280524,0.245708,0.342822,0.305973,0.254374,0.420698,0.269445,0.348869,0.102124,0.129267,0.280515,0.319256,0.163492,0.305681,0.474289,0.283359,0.387468,0.208677,0.305274,0.181157,0.309325,0.253024,0.300427,0.374013,0.368054,0.290517,0.371018,0.375006,0.284854,0.362099,0.320958,0.348535,0.331524,0.253546,0.458243,0.253579,0.296792,0.318727,0.285983,0.493289,0.340091,0.276745,0.297093,0.275027,0.273536,0.415416,0.404199,0.282489,0.173209,0.188025,0.217222,0.204009,0.151845,0.272637,0.371198,0.319789,0.311724,0.247997,0.268899,0.233326,0.324547,0.196607,0.313363,0.222200,0.431118,0.112956,0.093697,0.201990,0.182790,0.222908,0.267292,0.041419,0.360904,0.295669,0.220847,0.299791,0.413094,0.218510,0.212783,0.091168,0.346782,0.349738,0.280680,0.255138,0.284703,0.132611,0.216304,0.114501,0.317887,0.368819,0.376213,0.270696,0.265361,0.411431,0.154771,0.330255,0.406141,0.318977,0.332301,0.175777,0.204024,0.319999,0.260646,0.202857,0.154032,0.306307,0.098513,0.416668,0.205172,0.212118,0.354720,0.180110,0.209303,0.246056,0.231152,0.507216,0.260179,0.339695,0.339375,0.170478,0.223083,0.399142,0.259173,0.108525,0.394729,0.197398,0.232762,0.469608,0.219171,0.272588,0.349554,0.316206,0.101712,0.380734,0.308605,0.173150,0.347650,0.291503,0.519524,0.268020,0.032142,0.146057,0.262551,0.348708,0.396468,0.336184,0.245127,0.186363,0.368844,0.093315,0.192822,0.360818,0.291688,0.370722,0.148521,0.206875,0.244083,#
18,0.202359,0.291416,0.206547,0.169258,0.229286,0.224354,0.185188,0.179953,-0.016047,0.087482,0.324255,0.136064,0.244962,0.181247,0.246481,0.241259,0.113315,0.171386,1.000000,0.230171,0.051396,0.173355,0.051638,0.272213,0.246768,0.281340,0.326379,0.195968,0.350210,0.065023,0.306595,0.290102,0.399491,0.122108,0.157050,0.265171,0.285797,0.214002,0.197733,0.226624,0.203971,0.188459,0.177622,0.137019,0.144949,0.178076,0.182745,0.180263,0.089757,0.104768,0.308746,0.017634,0.221963,0.316633,0.161362,-0.000141,0.210943,0.351366,0.165853,0.111855,0.061265,0.216679,0.188908,0.389176,0.119196,0.319877,0.260243,0.295814,0.125569,-0.044930,0.098709,0.216619,0.204380,0.233725,0.163942,0.018980,0.039667,0.179667,0.278015,0.367153,0.348548,0.126352,0.195092,0.283477,0.180212,0.070050,0.302558,0.176056,0.257941,0.212195,0.241288,0.073416,0.156398,0.146142,0.140605,0.037428,0.332457,0.139437,0.159295,0.293678,0.123505,0.379335,0.286523,0.199212,0.249138,0.182503,0.083822,0.192323,0.176394,0.161088,0.270499,0.282485,0.140101,0.276390,0.097991,0.100764,0.201543,0.112374,0.299313,0.162768,0.048921,0.297156,0.163979,0.162334,0.150191,0.187582,0.118117,0.192781,0.185667,0.258958,0.155024,0.208375,0.212097,0.117386,0.255774,0.043968,0.133019,0.295603,0.227807,0.365309,0.321611,0.077075,0.086326,0.115582,0.139008,0.175659,0.123713,-0.050207,0.127971,0.157894,0.094908,0.235496,0.290491,0.202111,0.106291,0.236977,0.285212,0.224332,0.123086,0.216149,0.178150,0.211674,0.156211,0.200995,0.199121,0.176954,0.241898,0.270923,0.194404,0.171479,0.037395,0.139571,0.330288,0.065119,0.183049,0.007622,0.188018,0.361734,0.473829,0.259648,0.171305,0.307621,0.188279,0.051895,0.368479,0.266962,0.175745,0.420829,0.222282,0.157444,0.278068,0.174501,0.153217,0.224793,0.213242,0.124134,0.213241,0.203441,0.208506,0.307654,#
19,0.249729,0.188750,0.169588,0.114110,0.257945,-0.042550,0.248619,0.312792,0.198856,0.259674,0.153086,-0.010442,0.204969,0.148800,0.261705,0.157978,0.027713,0.288277,0.230171,1.000000,-0.004026,0.293758,0.270029,0.273971,0.156487,0.200456,0.102104,0.184587,0.227807,0.236758,0.107405,0.203161,0.237101,0.095779,0.146721,0.258398,-0.010918,0.236919,0.396625,0.240805,0.134749,0.108381,0.109652,0.029272,0.235001,0.302568,0.247321,0.340866,0.246038,0.115942,0.195755,0.187785,0.070220,0.373280,0.185302,0.136165,0.193776,0.275945,0.181149,0.198405,0.124795,0.154747,0.169286,0.160074,0.156291,0.235784,0.094777,0.217533,0.243739,0.176175,0.181755,0.197177,0.283592,0.020356,0.227650,0.086652,0.183095,0.326689,0.239050,0.095666,0.269179,0.186115,0.272576,0.093642,0.289440,0.143661,0.215826,0.168162,0.331044,0.306726,0.095099,0.211987,0.153702,0.126401,0.168376,0.194549,0.212740,0.293856,0.164798,0.177597,0.183027,0.162003,0.183533,0.205223,0.123384,0.222599,0.272430,0.379712,0.107246,0.049689,0.236278,0.217192,0.184223,0.186053,0.204157,0.185265,0.220353,0.282171,0.249704,0.180627,0.216400,0.326345,0.080706,0.135871,0.325601,0.304463,0.144267,0.237765,-0.068400,0.123343,0.045334,0.042773,0.305142,0.213604,0.175349,0.191281,0.232162,0.225063,0.197760,0.327938,0.280996,0.187904,0.059698,0.035772,0.209517,0.119080,0.167620,0.280073,0.269614,0.052489,0.181132,0.201659,0.237915,0.239167,0.041088,0.178440,0.244967,0.152408,0.246370,0.029503,0.207048,0.206045,0.227497,0.178967,0.226694,0.302424,0.113036,0.203442,0.122785,0.171027,0.319458,0.171507,0.249158,0.095841,0.237910,0.049504,0.191700,0.217187,0.048094,0.283024,0.103742,0.349716,0.050496,0.163646,0.162835,0.203020,0.215909,0.328299,0.217680,0.087074,0.255962,0.242299,0.165494,0.359541,0.194111,0.203522,0.205731,0.188219,0.317860,0.265320,#
20,0.289728,0.136034,0.222547,0.032737,0.089744,0.264393,0.219411,0.184717,0.163610,0.104667,0.102152,0.136319,0.224947,0.122094,0.138272,0.111446,0.436568,0.269273,0.051396,-0.004026,1.000000,0.196657,0.262116,0.194826,0.198310,0.086086,0.119757,0.241168,0.176018,0.193220,0.155713,0.290770,0.248169,0.131939,0.185460,0.172197,0.135729,0.176652,0.084467,0.227551,0.077154,0.320233,0.143687,0.168030,0.152588,0.346291,0.136645,0.205759,0.259180,0.089423,0.107420,0.228087,0.422620,0.160866,0.215118,0.104138,0.170665,0.187577,0.130129,0.288503,0.175570,0.098188,0.186293,0.305552,0.317428,0.064727,0.229518,0.189126,0.230303,0.191800,0.153181,0.100949,0.380548,0.270860,0.168154,0.192931,0.267955,0.109220,0.043057,0.336798,0.105322,0.046015,0.332122,0.146219,0.063107,0.297909,0.282515,0.249115,0.249431,0.310705,0.179075,0.316479,0.100927,0.195029,0.168698,0.100392,0.278071,0.132050,0.160431,0.138558,0.095228,0.186811,0.078708,0.240897,0.005667,0.231319,0.178108,0.058640,0.070309,0.212072,0.187341,0.038311,0.210671,0.230807,0.053954,0.256931,0.329574,0.101204,0.004997,0.143161,0.062159,0.156748,0.151218,0.188445,0.216947,0.143897,0.211526,0.301386,0.084368,0.252483,0.024185,0.248116,0.164349,0.027954,0.205327,0.188277,0.207252,0.344938,0.240297,0.347291,0.164152,0.261080,-0.092537,0.151324,0.205462,0.017337,0.107504,0.115275,0.059794,0.121973,0.179648,0.247878,0.104576,0.025357,0.164405,0.146078,-0.011022,-0.031462,0.238507,0.058126,0.118938,0.251200,0.138125,0.140878,0.257494,0.125083,0.031718,0.248094,0.184490,0.114532,0.203092,0.086081,0.183390,0.227042,0.131490,0.249277,0.061453,0.157717,0.337045,0.303188,0.146772,0.179664,0.110672,0.130090,0.173666,0.114564,0.125575,0.191322,0.212981,0.149779,0.259759,0.127166,0.201717,0.147049,0.285369,0.230167,0.109455,0.075850,0.102057,0.094392,#
21,0.396343,0.331006,0.395112,0.258923,0.302407,0.294262,0.208121,0.302937,0.103387,0.197276,0.161551,0.257812,0.036694,0.249083,0.099571,0.194295,0.176662,0.344171,0.173355,0.293758,0.196657,1.000000,0.302241,0.397505,0.338384,0.244997,0.287159,0.312809,0.240364,0.216190,0.321497,0.337461,0.301041,0.359506,0.231701,0.314485,0.269666,0.287034,0.304251,0.240994,0.223873,0.336668,0.128588,0.190773,0.314015,0.296472,0.377362,0.338958,0.173454,0.317034,0.349366,0.077836,0.378257,0.266843,0.346983,0.145765,0.260987,0.342133,0.271240,0.234823,0.149836,0.197548,0.307114,0.338317,0.373373,0.212688,0.250061,0.324552,0.302459,0.371611,0.499734,0.119607,0.408242,0.268367,0.281316,0.149508,0.273332,0.243151,0.174783,0.289529,0.409604,0.259615,0.184383,0.236644,0.311913,0.205469,0.315622,0.288433,0.340040,0.392695,0.152926,0.216918,0.275553,0.174846,0.245806,0.325428,0.220168,0.268661,0.263530,0.319633,0.395477,0.172769,0.241494,0.338676,0.228017,0.333229,0.126393,0.335847,0.197822,0.126257,0.252533,0.217054,0.392709,0.255194,0.106022,0.272713,0.401309,0.091136,0.326728,0.299944,0.245324,0.289015,0.095656,0.363527,0.277242,0.347819,0.245308,0.306063,0.116805,0.206911,0.278612,0.158803,0.295195,0.294264,0.254432,0.172241,0.293230,0.178730,0.273423,0.385798,0.201985,0.314952,0.254869,0.102462,0.230907,0.198449,0.264647,0.262592,0.315234,0.125019,0.257832,0.279131,0.324202,0.353750,0.154276,0.182950,0.211436,0.276217,0.224349,0.227258,0.383945,0.160345,0.146309,0.241743,0.287212,0.110527,-0.049539,0.374539,0.164859,0.220282,0.339554,0.150210,0.372766,0.268160,0.191759,0.202777,0.288350,0.222506,0.289002,0.306700,0.236394,0.346867,0.093435,0.163353,0.165024,0.197630,0.270316,0.388834,0.439013,0.187003,0.314848,0.238607,0.253475,0.031407,0.384457,0.307821,0.277768,0.209778,0.174544,0.339506,#
