0,1.000000,0.007896,-0.114617,0.096911,0.007359,0.050735,-0.053936,0.062215,0.028905,-0.071426,-0.197605,0.005396,0.124722,-0.265521,0.255638,-0.143174,0.020227,0.028306,-0.035846,0.127951,-0.087112,-0.067477,0.061400,-0.007332,0.113197,0.041296,0.230704,-0.026132,-0.092468,-0.034604,-0.102678,-0.059808,-0.100314,-0.210351,0.129421,0.021225,0.082427,-0.077717,0.082898,-0.005881,-0.042215,-0.011643,0.108176,0.061773,-0.100324,-0.040035,0.066940,-0.070401,-0.062980,-0.010370,0.097657,-0.056344,0.140649,0.160757,-0.071468,0.101576,-0.064186,0.022761,0.002538,-0.157403,0.196661,-0.146729,-0.098331,0.036385,-0.037408,0.149515,-0.236847,0.179049,-0.145013,-0.005405,-0.038376,-0.039643,0.030389,-0.092494,0.025281,-0.107176,-0.107489,-0.168745,-0.141737,-0.011131,0.228253,0.078878,-0.128552,-0.007279,-0.089316,0.205625,-0.029608,-0.214890,-0.126881,-0.030801,-0.045590,-0.123952,-0.136999,0.036560,-0.015317,0.091931,-0.076446,-0.048939,0.021566,0.108747,-0.120617,-0.065308,-0.181126,-0.047223,0.111115,-0.200534,-0.249853,0.039036,0.056818,-0.016755,0.152791,-0.093943,-0.105930,-0.083048,-0.101866,0.082667,-0.080422,-0.168407,0.128741,0.066281,0.120233,0.094038,0.062349,0.058025,0.003749,0.067326,0.024474,0.096368,-0.104330,-0.065748,-0.089939,-0.033106,-0.041009,-0.102682,-0.039401,-0.133458,0.126617,0.134880,-0.063975,-0.046819,-0.181403,0.161689,-0.131670,0.137453,0.067540,0.005772,0.027523,-0.091845,0.096229,-0.075389,0.017904,-0.207776,-0.033294,-0.164779,-0.095193,-0.044470,-0.038320,-0.048251,0.054467,0.122303,0.119021,0.292354,-0.110269,-0.140867,0.055833,0.089059,0.070419,-0.112885,0.152345,0.054421,0.111413,-0.056809,0.144988,0.011198,0.089635,-0.195152,-0.031637,0.035846,0.096646,0.015780,-0.101575,0.069201,-0.162738,-0.017398,0.062035,0.052523,0.001195,0.091225,-0.017787,0.123590,-0.078462,-0.076259,0.015732,-0.084203,-0.020096,-0.104496,-0.103958,-0.099458,-0.127437,0.071096,#
1,0.007896,1.000000,0.003371,0.161806,0.028603,0.082082,0.079066,-0.041015,-0.081408,-0.043286,0.096758,-0.092745,0.246572,0.147198,-0.118459,-0.030790,0.138203,0.000080,0.102205,-0.033089,0.259670,0.142110,0.145356,0.299345,0.043958,-0.032570,0.060242,-0.018384,-0.100487,-0.031173,0.020142,0.232835,0.112962,-0.019548,0.065483,0.098697,-0.112629,0.080480,0.000390,0.063682,0.090076,0.037972,-0.027608,0.082969,0.098776,0.244357,0.147690,0.060184,-0.079605,0.121636,0.110489,0.161464,0.152049,0.029358,0.061378,0.194309,-0.153925,0.089899,0.124945,0.016587,0.079289,0.039865,-0.034992,-0.076906,-0.092164,0.036446,0.121911,0.094487,0.196556,0.165143,0.073627,0.111394,0.278178,0.038656,-0.050738,-0.048529,0.110047,0.091756,0.167479,0.043010,0.116159,0.217790,0.140054,-0.007473,0.056442,0.087718,0.042548,-0.130875,-0.029497,0.154668,0.101006,0.048978,0.088914,-0.015184,-0.078172,0.009039,0.146361,-0.066512,-0.075190,0.161239,0.018109,0.188816,0.111883,0.214948,0.111833,0.021637,-0.058244,0.208562,0.038454,-0.162988,0.135542,0.136172,-0.061820,0.009823,0.134107,0.080653,0.228034,0.272951,0.077302,-0.017311,0.129779,0.212527,-0.006799,0.163744,-0.017827,0.064768,0.202874,0.183829,0.136102,0.080486,-0.035707,-0.064194,-0.066406,0.241755,-0.043330,0.011804,0.018133,-0.025529,0.212269,-0.022419,-0.048578,0.011958,-0.184883,-0.081490,-0.106696,-0.026772,0.129779,-0.031181,-0.077380,0.127243,0.051707,0.088792,-0.093691,0.123290,0.163240,0.014352,0.052872,0.037940,0.030930,-0.020641,-0.073658,0.111829,0.097042,0.053334,-0.006573,-0.076775,0.018171,0.130850,-0.051407,0.131708,0.193419,-0.122087,0.150844,0.032254,0.170997,0.001636,0.049049,0.135293,-0.009231,-0.106161,0.005591,-0.122379,-0.023291,-0.074760,-0.119683,0.129066,0.006730,-0.027900,0.022613,-0.025787,-0.054382,0.106257,0.068160,0.203925,0.143408,0.138380,0.164013,-0.142230,0.129566,0.036676,#
2,-0.114617,0.003371,1.000000,-0.027105,-0.143105,0.092211,0.035181,0.145485,-0.100338,0.031134,0.064187,-0.185495,-0.016316,-0.045504,-0.072813,-0.094289,0.030690,0.037891,0.121559,0.069999,0.015191,0.055400,-0.179182,-0.067845,-0.005096,-0.176469,0.071229,-0.035781,-0.000899,0.052184,-0.064240,0.021247,0.119052,0.024771,0.160443,0.036359,0.109580,-0.097551,0.011899,0.139809,0.276416,0.120880,-0.064580,-0.037576,-0.017167,0.196049,0.055006,-0.031804,-0.076145,0.221425,-0.090114,-0.086532,0.017659,0.214966,0.127890,0.104310,0.069069,-0.010076,-0.069544,-0.110401,0.089947,0.144160,-0.051925,0.153838,-0.030872,-0.051530,0.256310,-0.188477,0.265299,0.102513,0.185447,0.089223,-0.015667,0.224629,-0.022502,-0.055491,0.051217,0.204456,0.069723,0.251826,-0.009166,0.124509,0.004343,0.117029,0.139921,0.194086,0.159760,0.184438,0.077669,0.038258,0.240473,0.033176,0.003416,-0.141714,0.195133,0.004071,-0.034166,0.038319,0.036943,-0.003215,0.102133,-0.204321,-0.175020,0.101947,0.137004,0.268499,0.050135,0.046790,0.249893,-0.017649,0.126731,0.021962,0.081335,-0.019560,0.047289,-0.083149,-0.084610,-0.016365,0.069161,-0.063890,0.045301,0.153268,0.035511,-0.079449,0.063453,0.200749,-0.005570,0.024837,-0.039479,0.157546,0.038576,0.157468,0.094314,0.181982,-0.027768,-0.143385,-0.107409,-0.075165,-0.039308,-0.033465,0.116062,-0.001805,-0.010189,-0.033561,-0.028407,0.081582,0.135889,0.060744,0.165577,-0.089983,-0.042157,-0.005389,-0.074218,0.156341,-0.025852,0.212629,-0.012755,0.021925,-0.035210,-0.102177,0.005228,-0.261442,0.064982,0.025156,-0.112908,0.062364,0.166288,-0.019884,-0.071501,0.044686,0.114587,-0.061285,0.087772,-0.009212,0.075751,0.171644,0.215502,0.101311,0.000363,-0.062382,-0.081421,0.157772,0.163895,0.175103,0.024893,0.095925,0.017598,0.105363,0.036946,-0.093500,-0.093101,0.087511,-0.098659,0.268931,0.039126,0.179039,0.128610,-0.067611,-0.102552,-0.023803,#
3,0.096911,0.161806,-0.027105,1.000000,0.096485,0.028894,-0.119164,0.106943,0.013197,0.083732,-0.029060,-0.014978,0.231077,-0.038138,-0.004116,-0.093865,0.180061,-0.030794,-0.023427,-0.026965,0.257902,0.124890,0.010496,-0.027851,0.101836,0.244051,0.089366,0.088713,-0.001300,-0.017920,-0.043472,0.163856,0.037924,0.117598,0.109866,0.015092,-0.001183,0.060280,-0.027486,0.168640,0.045839,0.088513,0.001822,-0.060698,0.168540,0.138767,-0.026223,0.218257,0.129521,0.030007,0.089279,0.053122,0.145464,0.080118,0.209136,0.065798,-0.188265,0.051665,0.267338,0.048113,0.164513,0.073057,-0.057365,0.062515,0.075088,0.202036,-0.016825,-0.013902,0.026821,0.164035,-0.043803,0.045676,0.222361,0.134140,-0.018877,-0.007164,0.009970,-0.000352,0.155269,0.168916,0.132707,0.112446,-0.002674,0.075617,-0.031186,0.111308,-0.022591,0.078434,-0.037681,0.072079,-0.147204,0.070612,0.147626,-0.038352,0.193964,0.159856,0.012185,0.026011,-0.143318,0.176092,0.009052,-0.070793,-0.146136,0.076698,0.066815,0.060987,0.100000,0.202360,0.016937,0.006881,0.019728,0.162492,-0.025801,0.084493,0.092319,0.058259,0.216273,0.061817,0.075758,-0.011098,-0.012764,0.000342,-0.085011,0.102222,0.090455,0.073804,0.204582,0.152988,-0.022324,0.113808,0.002599,-0.048503,0.017295,0.254126,0.107255,0.040250,0.085421,-0.050664,0.081248,0.105204,0.008995,0.021694,-0.123141,-0.018860,-0.219776,0.147720,0.101623,-0.001587,0.060105,-0.137919,-0.009997,-0.065801,0.084890,0.007092,0.112052,-0.023567,0.121286,0.114530,-0.001210,0.168175,0.218441,0.205515,0.002969,0.304996,0.166435,-0.013563,-0.063617,0.005419,0.073184,0.141531,0.151858,-0.021042,-0.020718,-0.002665,-0.124684,0.152347,0.018315,-0.032984,0.125753,0.006547,-0.025796,0.140031,-0.025380,0.149501,-0.049284,0.114182,-0.113828,-0.092380,0.170690,0.046962,-0.080597,0.007106,0.206016,-0.001080,0.102261,0.123661,0.170537,0.018235,-0.019837,0.164316,#
4,0.007359,0.028603,-0.143105,0.096485,1.000000,0.057367,0.037299,-0.006713,-0.093914,0.055393,0.077515,-0.040336,-0.092268,-0.124540,0.048019,0.028064,-0.126281,-0.059351,-0.198304,0.036110,0.101774,0.154910,0.249010,0.140890,-0.059494,-0.103643,-0.054194,0.015997,0.107605,0.119797,0.096597,0.006152,0.052337,-0.027387,0.020633,0.148970,-0.096244,-0.086383,0.119237,0.180912,-0.088999,0.047954,0.084996,0.061608,0.242033,-0.124983,0.201958,-0.035427,-0.088589,-0.062052,0.201760,0.114755,-0.005620,-0.131918,-0.000217,0.064534,-0.084767,0.081120,0.206640,-0.007230,-0.060657,0.034110,0.146065,0.038002,0.222807,0.298688,0.031012,-0.045072,-0.021531,0.074531,0.109093,-0.021777,-0.016074,-0.027831,0.007560,0.151891,0.113074,0.016849,0.126276,-0.014298,-0.149620,0.172278,0.088132,-0.147176,0.062038,-0.035832,0.012019,0.074436,0.103750,0.151234,-0.065621,-0.113500,0.052174,-0.053736,0.154865,0.090034,0.128034,0.034328,-0.065285,-0.040050,-0.081916,0.171208,-0.046469,0.093188,-0.022166,-0.189074,0.088421,0.013591,-0.006780,0.151328,-0.102334,0.106851,0.236651,0.245128,0.006159,-0.015236,-0.079233,0.279657,-0.018311,0.087803,0.012685,0.014156,-0.025867,0.044880,0.108672,0.061275,0.178352,-0.006644,0.169053,0.090884,0.149152,0.029834,-0.052578,0.076342,0.053723,0.052522,-0.006060,0.201712,-0.000266,0.091203,-0.086721,0.275841,-0.032482,0.120418,-0.050409,0.115629,0.062788,-0.142006,0.042490,0.034457,-0.013975,0.177269,0.007138,-0.161041,0.133366,-0.098146,0.207268,0.225598,0.153717,0.041184,-0.071416,0.229829,-0.000186,0.160108,0.106715,-0.053113,0.129240,0.060978,-0.038998,0.050638,-0.000030,0.032799,0.014519,0.034362,0.000035,0.027957,-0.014207,0.114132,0.040976,0.169300,0.139801,0.015299,0.054742,0.112755,0.193104,0.158494,0.007739,0.111075,-0.020158,0.108602,0.053990,-0.094885,0.137038,-0.007632,0.096056,-0.100355,-0.043428,-0.043129,0.048960,0.033307,#
5,0.050735,0.082082,0.092211,0.028894,0.057367,1.000000,0.005078,0.079031,0.019042,0.055367,-0.074463,-0.186375,0.143036,-0.030441,-0.023919,-0.080669,0.030578,-0.023905,0.110862,0.230553,-0.016002,-0.151257,-0.025334,0.059179,0.176933,0.210884,0.105581,0.130737,-0.028627,0.141218,-0.092871,0.051884,0.018451,0.179645,0.066556,0.093377,0.058607,-0.140850,-0.002860,0.116651,-0.081274,0.122366,0.069486,0.065605,0.070519,0.078231,-0.116696,0.251099,-0.067734,0.103251,0.145742,-0.040938,0.057468,-0.025813,0.158145,0.240305,-0.064321,0.001789,0.095051,-0.022330,-0.016077,-0.110746,0.042082,0.147383,-0.030954,0.045984,-0.175543,-0.004817,0.085594,0.127407,0.212508,0.130544,0.072001,0.103937,0.095769,-0.049707,-0.178918,0.271803,0.059170,0.022755,0.051105,0.129640,0.018834,0.004016,-0.032349,-0.044881,-0.040708,-0.016688,0.120080,-0.067363,0.237498,-0.077023,-0.064086,-0.002902,0.023351,-0.218898,0.144007,0.111105,0.102619,-0.070476,0.079388,0.020163,0.157614,0.116873,0.007962,-0.051741,0.094872,0.177998,-0.062430,0.031628,-0.026578,-0.014685,0.086211,0.007092,-0.054233,-0.126359,0.243049,0.168433,0.123751,0.034385,0.014305,0.121819,-0.034959,0.132833,0.053194,0.122134,0.296341,-0.017289,0.016827,-0.089251,-0.011558,0.094031,0.073161,0.177900,0.040496,-0.189266,-0.145423,0.162352,-0.047002,-0.056237,-0.076803,-0.089659,-0.002200,0.013150,0.250920,0.044097,0.031706,0.153173,0.069595,0.128219,0.171755,0.016104,0.256116,-0.026006,0.146852,-0.044349,0.143738,-0.018180,0.050852,-0.000926,0.012743,0.192341,0.039400,0.041133,0.081359,-0.116788,-0.158558,0.135496,0.065178,0.003226,0.233673,0.102115,0.037205,-0.007719,-0.125350,0.207159,0.239950,0.089640,0.106948,0.139029,0.092021,-0.083582,-0.198011,0.076858,0.027071,0.104012,0.024516,0.134666,0.274068,0.184755,-0.028784,0.125412,-0.033009,0.211578,0.077837,0.116149,-0.042761,0.147890,-0.009691,0.178000,#
6,-0.053936,0.079066,0.035181,-0.119164,0.037299,0.005078,1.000000,-0.098331,0.090890,0.121638,0.240383,-0.044471,0.065343,-0.139545,-0.210573,0.441980,0.170050,0.175967,0.024419,-0.092431,-0.074203,0.001004,-0.044969,-0.040307,0.204011,-0.009158,0.005476,0.048209,0.085197,-0.056337,0.032246,0.166544,0.050816,0.112596,-0.043392,0.049719,-0.037758,0.074962,-0.107237,0.028632,0.110897,-0.017786,0.295797,0.137282,-0.141320,-0.054196,0.095666,0.131502,-0.068529,0.110682,-0.078888,0.006131,-0.022930,-0.129594,0.008986,-0.045109,-0.092703,0.041395,0.007963,-0.084529,0.166730,0.091428,0.034296,-0.091289,0.117535,0.038027,0.061530,0.088690,0.057841,-0.048396,0.171543,0.216449,-0.092375,-0.072066,0.034037,0.092961,0.225465,0.076366,0.132213,0.069147,0.015848,0.148167,-0.107273,0.110335,0.012705,-0.135951,0.150548,0.045111,-0.056176,-0.020312,0.003130,0.063883,0.092629,0.029268,0.079328,0.046961,0.230074,0.015245,-0.099358,-0.007987,-0.005703,0.039638,0.077045,0.054921,0.165144,-0.055483,0.082420,0.166518,0.176577,-0.008531,-0.017900,-0.075321,0.048926,0.228868,0.064241,0.159070,-0.074401,0.073159,-0.089316,0.185959,-0.008765,0.194208,-0.273163,-0.041232,0.005069,0.005406,-0.042277,-0.059890,0.064145,0.051839,0.076695,0.087749,0.050244,0.052982,0.074898,-0.128438,0.151255,-0.074872,0.061130,0.185596,0.036746,-0.080956,-0.056788,0.031404,0.054160,0.090603,-0.000747,0.263663,0.005683,0.025128,0.036239,0.114192,-0.127529,-0.020589,-0.001898,-0.006528,-0.033947,-0.083377,-0.094313,0.074515,-0.142405,-0.025378,0.015270,-0.012073,-0.199926,-0.000253,0.106831,0.025073,0.011359,0.043103,-0.036016,0.193019,-0.212211,-0.115521,0.050743,0.154212,0.054141,0.197607,-0.056614,-0.023897,0.041887,0.030607,-0.028381,0.042727,0.036344,0.004865,0.166633,-0.067781,0.051465,0.090928,-0.019261,0.132485,-0.080484,0.071020,0.026659,0.084106,0.049234,-0.110140,0.065948,0.098146,#
7,0.062215,-0.041015,0.145485,0.106943,-0.006713,0.079031,-0.098331,1.000000,0.160318,-0.086716,-0.159981,-0.190774,0.150374,0.011006,0.071501,-0.047189,-0.007863,0.164569,0.053040,0.072416,0.141982,0.049971,0.008112,-0.093250,0.082131,0.131492,-0.027292,-0.090016,0.076458,0.193540,-0.006615,-0.034022,0.113599,-0.021926,0.072834,0.066332,-0.135049,0.112084,0.248274,0.143422,0.067326,0.218731,-0.063266,-0.028192,0.006961,0.148041,0.104287,0.189610,0.160201,0.093672,-0.107115,0.077254,0.055266,0.054832,0.188278,-0.052471,0.014353,-0.246975,0.213578,0.210937,0.013093,0.168979,-0.012025,0.083900,0.089476,0.043156,0.103291,-0.098791,-0.190133,-0.032515,0.103233,0.037397,0.099100,0.149097,-0.098783,-0.075562,-0.103210,0.047081,0.011504,0.064678,0.157479,0.065598,0.043504,0.038991,0.045025,0.235623,0.040779,0.101823,-0.080639,0.171303,0.092396,-0.061996,0.193163,-0.008876,0.187847,0.143371,0.099463,0.221144,0.208935,0.056289,0.112440,-0.112155,-0.230603,-0.088904,0.103120,0.067262,-0.093959,0.145575,0.104273,-0.115815,0.167227,0.053147,0.216974,0.049672,0.226549,-0.009799,-0.067036,-0.029519,0.162986,0.143253,0.039056,0.103017,0.129556,-0.029593,-0.005490,0.139947,-0.025879,0.056810,0.002380,0.050831,-0.039774,0.141162,0.094656,-0.087429,-0.051225,-0.021617,-0.090798,0.189306,0.054065,-0.007990,-0.035680,-0.000773,-0.029360,-0.029508,0.123192,0.069602,0.085624,-0.000316,-0.110465,0.020341,-0.141929,0.180913,-0.024297,-0.073959,0.064415,0.255323,0.113102,0.092446,0.007728,-0.065309,0.088655,-0.069398,0.107342,-0.051478,-0.014859,0.008028,-0.020462,-0.097476,-0.212544,-0.098313,0.175056,-0.031398,0.120931,0.105433,0.123174,-0.025479,-0.031752,-0.025992,0.048977,-0.046714,0.053924,0.036356,-0.098880,0.131685,0.053566,0.088159,0.140908,0.086943,0.145890,0.118786,0.036064,0.085839,0.090125,0.025227,0.069547,0.040052,0.039465,0.094322,0.069276,0.006237,#
8,0.028905,-0.081408,-0.100338,0.013197,-0.093914,0.019042,0.090890,0.160318,1.000000,0.003054,0.020282,0.131048,0.089262,0.093340,0.030229,0.141905,0.016031,-0.009137,-0.177666,0.129601,0.176410,0.010939,-0.089158,0.101610,0.198781,0.130770,0.039745,-0.147739,-0.039514,0.060838,0.044987,0.068667,0.107877,-0.034691,-0.015038,0.357464,0.028384,0.032505,-0.031044,0.011780,0.024989,-0.071712,0.288042,0.170925,-0.015470,-0.071228,0.005239,-0.026696,0.096412,0.075204,0.049143,0.115908,0.146340,-0.020570,-0.023761,0.047272,0.017341,-0.013513,-0.027966,-0.057590,0.139720,0.109395,0.226564,0.131153,0.065699,0.129742,0.140896,0.123841,0.156647,-0.078398,0.100564,0.223289,0.162522,-0.027084,-0.009363,-0.026638,-0.112653,0.047536,0.121357,0.027976,0.106696,0.123110,-0.117649,-0.042291,-0.007148,-0.000832,0.155465,0.056434,-0.120524,-0.089875,0.154376,0.039386,-0.056758,-0.002140,-0.081047,-0.013914,0.239301,0.205616,0.205653,0.190322,-0.024015,-0.242032,0.118457,0.193292,-0.129103,0.136130,0.046771,-0.013381,-0.047606,0.135939,-0.058093,0.014620,0.018919,0.002002,-0.108891,0.040286,0.112426,0.022866,-0.045304,0.115819,-0.009593,0.056735,0.077927,0.186274,0.047061,0.056301,-0.117626,-0.040331,0.134694,0.155520,-0.041086,0.237560,0.089739,-0.066746,-0.125699,0.161569,0.001465,0.016438,0.125002,0.041550,-0.051848,-0.095799,-0.035501,-0.300726,0.077800,-0.043369,0.019454,0.301499,-0.044438,0.106415,-0.023642,0.187232,-0.096329,0.201986,0.103709,-0.017134,0.079046,0.137121,0.226479,-0.102660,0.053807,-0.141835,-0.035938,-0.115545,-0.111546,-0.039097,-0.018265,0.171976,0.078909,-0.131549,0.029871,0.181008,-0.206606,0.059843,0.091408,0.014906,0.077350,-0.052301,0.102551,0.070893,0.113386,-0.031011,0.001302,-0.005510,-0.036225,-0.101660,0.217495,0.092409,0.024038,0.171458,0.174095,0.116894,0.127880,0.074054,0.011221,-0.042648,-0.245182,0.010573,-0.030827,0.223737,#
9,-0.071426,-0.043286,0.031134,0.083732,0.055393,0.055367,0.121638,-0.086716,0.003054,1.000000,0.000479,-0.037943,0.073066,-0.114630,0.008561,0.078153,-0.021400,0.060952,-0.159090,-0.148327,0.008543,-0.031146,-0.101793,0.022634,0.064251,-0.086838,0.098059,0.048322,-0.124054,-0.095442,-0.047302,0.098402,-0.030816,0.014334,-0.043146,0.038202,0.027935,0.010173,-0.029276,0.019403,-0.074690,-0.092272,-0.066128,-0.056283,0.007209,-0.044705,-0.009192,0.066045,0.131863,0.199438,0.107111,-0.050753,-0.130031,-0.093570,-0.125392,0.007142,0.106534,0.086921,-0.149676,0.027646,0.026591,-0.016797,-0.005568,-0.117742,-0.117841,0.076712,-0.054770,-0.032601,0.109902,0.032368,0.073617,0.039179,0.043469,0.043215,-0.206793,-0.026427,0.170110,0.049272,0.004846,0.145129,-0.013738,0.158297,-0.030956,0.064047,0.085192,0.061902,0.200410,0.158156,-0.052062,0.163675,0.146427,-0.136548,0.124973,-0.108968,0.147434,-0.066967,-0.011659,-0.042339,0.093677,0.108963,0.085921,0.075571,0.079435,-0.020910,0.003814,0.017295,-0.090406,0.166748,0.064098,0.010354,-0.026175,0.225203,-0.064188,0.011693,0.014955,0.151822,-0.012781,0.043558,0.136421,0.091660,-0.208820,0.007710,-0.048610,0.009171,0.163363,0.123661,0.008844,0.015176,0.011244,-0.059188,-0.083482,0.019323,-0.015264,0.074235,0.077844,-0.107737,0.032167,-0.043966,0.017788,0.069311,0.187169,0.115780,0.119200,0.121601,0.113459,0.264217,-0.061954,0.193557,-0.017215,-0.000741,0.029382,0.103846,0.004647,-0.014467,-0.061167,-0.029141,0.019407,0.156340,0.209544,0.071394,-0.047162,0.044720,0.189084,0.096189,-0.073727,-0.007627,-0.126956,0.097261,0.141245,0.117435,0.061146,-0.004166,-0.028358,-0.219132,-0.077474,0.188113,0.244949,0.124153,-0.038494,0.112496,0.106336,0.167755,0.021813,0.002048,0.040428,0.098871,0.059985,0.060474,0.094167,0.029832,-0.216049,-0.106811,0.031961,-0.071846,-0.157324,0.063589,0.017382,0.028298,-0.042246,-0.044046,#
10,-0.197605,0.096758,0.064187,-0.029060,0.077515,-0.074463,0.240383,-0.159981,0.020282,0.000479,1.000000,0.051461,0.048249,0.026276,-0.125083,0.163827,0.129675,-0.012610,0.051127,-0.058017,-0.011431,0.067076,-0.120762,0.126069,0.101525,0.019290,0.038247,0.101124,0.072517,-0.003471,-0.011819,-0.038594,-0.012230,0.074986,-0.053388,-0.061908,0.125810,-0.019729,-0.166628,-0.128567,0.117662,-0.060638,0.083084,-0.095960,-0.030164,0.094048,0.201692,0.039399,-0.045238,0.157360,-0.053890,0.197711,0.030972,-0.149470,-0.042809,0.172174,0.066590,0.137851,-0.078451,0.003577,0.055753,0.152872,0.117657,0.105722,0.039385,-0.044484,0.121381,-0.029593,0.094790,-0.129833,0.244344,0.215377,-0.024619,-0.078842,0.117979,0.145592,-0.144725,-0.022465,0.178751,-0.026624,0.037265,-0.064647,0.020373,-0.066555,0.022559,0.043647,0.119148,-0.041002,0.022689,0.211196,0.018163,0.099429,0.086819,-0.186431,-0.055637,0.008790,0.062999,0.140542,-0.062903,0.010672,-0.025155,-0.046521,-0.017503,0.051443,-0.042989,0.099613,0.240547,-0.063780,0.003653,0.034787,0.010174,-0.048388,0.156752,0.168707,0.034999,0.108639,-0.030621,0.130042,0.022839,-0.010974,0.164209,0.172186,-0.108948,-0.082475,-0.036425,0.063291,0.096569,-0.001228,0.152569,0.122122,-0.029394,0.054802,-0.077121,0.095061,0.179213,0.076607,-0.040256,0.071014,0.144482,0.045095,0.001570,0.013556,0.138549,0.120104,-0.040119,0.237448,0.114767,0.116459,0.028877,0.150555,-0.112404,-0.018328,-0.045357,0.103951,0.141985,-0.077169,0.139448,-0.000927,0.015081,-0.150438,-0.105026,-0.031267,0.055499,0.082681,-0.083511,0.026586,0.068063,0.050035,0.038426,0.067524,-0.210472,0.102987,-0.088072,-0.034145,0.206599,0.140692,0.013512,-0.008174,-0.117589,0.060059,-0.193745,-0.105184,0.063623,0.122525,-0.139593,0.090913,0.173854,0.069868,-0.087634,0.046081,-0.038684,-0.033066,-0.045040,0.284374,0.066630,-0.145578,-0.020304,-0.029798,-0.073557,0.198018,#
11,0.005396,-0.092745,-0.185495,-0.014978,-0.040336,-0.186375,-0.044471,-0.190774,0.131048,-0.037943,0.051461,1.000000,-0.031412,0.060272,0.134299,-0.008230,-0.070468,-0.017445,0.055635,-0.010289,-0.047954,-0.027920,0.051559,0.096245,0.046649,0.006264,-0.064681,0.026954,-0.126623,-0.014536,0.227470,0.191471,0.075957,0.074758,-0.121509,0.066115,0.066872,0.155411,0.008481,-0.127048,0.105756,-0.198228,0.064339,-0.056499,-0.008769,-0.228223,0.034531,0.008615,0.077757,-0.060291,-0.225636,-0.022463,0.193271,-0.006257,-0.014715,-0.054202,-0.106906,0.273181,0.023094,0.242530,0.007520,-0.006761,0.168358,-0.014015,0.011687,-0.105991,0.039707,0.132699,-0.018652,0.045002,-0.219589,-0.118408,0.077385,-0.135634,0.227841,0.141308,0.011561,0.022914,0.011264,-0.142409,-0.137422,0.028360,0.056649,0.019102,-0.031225,-0.131974,0.072028,0.035598,0.019869,-0.083140,-0.043194,0.018136,0.007423,-0.008976,-0.114823,0.079682,-0.076766,0.111470,-0.047126,0.069360,-0.091276,-0.010649,0.057772,0.019349,-0.066877,0.075820,0.144583,-0.000622,-0.021928,-0.069641,-0.005897,0.114172,-0.076660,0.020061,0.041356,-0.071343,0.009453,0.099854,-0.064771,0.157845,0.093015,-0.096809,-0.026961,0.224744,-0.043698,-0.123520,0.016051,0.117980,0.188021,0.198178,0.053032,0.053798,0.132862,0.030516,0.019650,0.183754,0.058960,0.131122,0.036493,0.223705,-0.095345,-0.178463,0.211675,0.088585,-0.055100,-0.011931,-0.005153,-0.011951,-0.092903,-0.195400,0.060769,0.018994,-0.054755,0.243047,0.002461,-0.099668,0.014479,-0.026210,-0.031543,0.043688,0.048195,0.083954,-0.076811,0.055598,0.083378,0.141343,0.071505,0.088441,0.033735,0.052047,0.122107,0.004068,-0.005550,0.037461,-0.032466,0.096524,0.036400,-0.069204,0.021735,0.059012,-0.041508,-0.062489,0.055828,-0.023087,0.026164,-0.037218,0.101555,-0.005381,-0.102409,-0.134832,0.129234,0.071766,0.095148,0.002952,0.078446,-0.067900,-0.109185,0.099349,0.006213,0.002023,#
12,0.124722,0.246572,-0.016316,0.231077,-0.092268,0.143036,0.065343,0.150374,0.089262,0.073066,0.048249,-0.031412,1.000000,-0.014927,0.017366,0.059198,0.015368,-0.058741,0.132594,-0.145085,0.075161,0.087128,-0.004266,-0.017597,0.268148,0.072059,0.056096,-0.032843,0.024887,-0.031060,0.090681,-0.024877,0.030276,0.095187,0.219883,0.082547,-0.043561,0.020002,-0.203832,-0.009986,0.048567,-0.153739,0.060589,0.091203,0.108514,0.118182,0.238228,0.224474,0.129589,0.269010,0.049751,-0.072833,0.089801,0.049887,0.054869,0.071075,-0.010368,-0.095014,0.252289,-0.008484,0.029928,0.178630,0.094881,-0.115566,-0.041811,0.014566,-0.080540,0.128337,0.164285,0.102743,0.082103,0.138325,0.197114,0.022763,-0.053645,0.145420,-0.065663,0.100572,0.052701,0.178377,0.243263,0.259904,0.113512,-0.111225,0.067826,0.104453,0.025931,0.075510,-0.132818,0.141961,0.139166,-0.052781,0.155381,0.214703,-0.059672,0.091765,0.153812,-0.059926,-0.090407,-0.024830,0.085472,-0.038031,-0.032634,0.038934,0.018671,0.129973,0.049840,0.314511,0.015376,-0.070580,0.166660,0.117746,0.018108,0.004857,0.126508,0.035512,-0.097628,0.153501,0.039112,0.070037,0.085683,0.210076,0.025799,0.106485,0.024103,0.182264,0.044268,0.103132,-0.066160,0.150046,-0.283642,-0.053490,0.022553,0.030003,-0.030700,-0.075683,0.053398,-0.058605,0.128172,-0.139516,-0.080311,-0.110205,-0.087189,0.043882,-0.190877,0.152231,0.159364,0.172684,-0.052462,0.089955,0.085056,-0.012304,0.037600,-0.003280,0.210047,0.045152,0.112701,0.190859,0.201107,-0.099700,0.041142,0.142636,0.049934,0.008127,0.062624,-0.035908,-0.023885,0.153693,0.165207,0.067215,0.245266,-0.132749,0.159143,-0.063577,0.076740,0.171830,0.131097,0.044548,-0.280950,-0.010223,0.018643,0.104383,-0.051212,0.048285,-0.086357,0.032504,0.100933,0.060269,0.115951,-0.018471,-0.028774,-0.028927,-0.112383,0.004569,0.010375,0.049115,-0.068314,-0.042965,0.056652,0.173665,#
13,-0.265521,0.147198,-0.045504,-0.038138,-0.124540,-0.030441,-0.139545,0.011006,0.093340,-0.114630,0.026276,0.060272,-0.014927,1.000000,0.042107,-0.097711,-0.166440,0.013931,0.044577,-0.074395,-0.005333,-0.013293,0.114784,0.041831,-0.004520,0.214346,0.032221,-0.015013,0.027532,0.077687,-0.037955,-0.006211,0.026394,-0.017035,-0.148256,0.044979,-0.081137,0.062116,-0.201759,0.062711,0.160647,0.075928,0.165250,-0.164377,-0.002385,0.057352,-0.118816,0.094452,0.111833,0.058099,-0.084945,0.021762,0.035033,-0.029597,0.075861,0.001975,0.073994,0.123093,0.089765,0.081761,-0.155863,0.122916,-0.059509,-0.137544,0.072050,0.000487,0.229673,0.215587,0.076214,0.045455,-0.044736,-0.045904,0.192821,0.025004,0.022926,0.106101,0.090774,-0.028432,0.015269,-0.033603,-0.058021,0.077379,0.027123,0.081658,-0.116627,0.128511,-0.036997,0.110041,0.154500,-0.012257,0.036468,0.113431,0.153900,0.007606,-0.127447,-0.102943,0.040126,0.042201,-0.029090,0.064513,-0.034027,-0.077853,0.184156,-0.079354,-0.015469,0.089403,-0.081368,0.080698,-0.157712,-0.048528,-0.072403,0.011405,0.033180,0.034867,0.137442,-0.109267,0.038550,0.006780,-0.013989,-0.094816,0.049844,-0.031962,0.141730,-0.090506,-0.073628,-0.025564,-0.017677,0.062893,0.084719,0.151297,-0.056560,-0.238237,-0.019764,0.117311,-0.026218,0.020164,0.063315,0.043376,0.228082,0.025145,-0.044584,-0.146586,-0.026489,-0.089268,-0.144165,0.041798,0.001724,0.088878,0.088466,-0.155906,-0.045457,-0.048495,0.038143,0.069300,0.049550,-0.084612,0.027996,-0.235155,-0.037262,-0.028056,0.012597,-0.062848,0.147416,-0.080955,-0.078849,0.013661,0.146672,0.119610,-0.073874,0.019395,0.013975,-0.017192,-0.106559,0.168121,0.084793,0.073589,0.067948,-0.126850,-0.045415,0.014542,0.041779,-0.070347,0.112385,0.054867,-0.155818,0.057559,-0.031425,-0.164904,-0.109412,0.066640,0.229008,0.015479,0.047705,0.093518,0.011094,0.044646,-0.159665,0.225132,0.013907,0.005877,#
14,0.255638,-0.118459,-0.072813,-0.004116,0.048019,-0.023919,-0.210573,0.071501,0.030229,0.008561,-0.125083,0.134299,0.017366,0.042107,1.000000,-0.087248,-0.047163,0.105659,-0.163810,0.106807,-0.143036,0.042131,0.087427,0.188399,-0.005146,0.002606,0.076390,-0.022030,-0.016078,0.008008,0.310189,-0.040347,-0.038079,-0.075321,0.103147,0.107440,0.003535,0.018456,0.128439,-0.050502,0.015968,-0.025069,-0.118385,-0.033002,-0.015837,0.088336,0.039089,-0.061129,0.079042,-0.070697,-0.109599,0.135911,0.134920,-0.073276,0.021690,0.099401,0.040689,-0.025274,0.144347,-0.172858,0.019916,-0.077328,0.075827,0.079108,-0.049881,0.012161,-0.045107,-0.080942,0.030562,-0.017157,0.093269,-0.085009,0.235837,0.140318,0.039754,0.113312,-0.046487,-0.037454,-0.166504,-0.018764,-0.030516,0.018315,0.089525,0.098915,-0.015252,-0.022478,-0.026343,0.030862,-0.058358,0.098782,0.072273,-0.079575,0.147932,0.202441,-0.025915,-0.006072,-0.156654,0.044570,-0.143044,0.045913,-0.173555,-0.057753,0.014972,0.004347,0.013000,-0.054439,0.017666,-0.137203,0.133127,0.083168,-0.092341,0.160164,0.077911,0.088409,-0.116265,-0.129666,-0.040750,-0.181470,0.009534,0.028481,0.106379,-0.126209,0.160878,0.157450,0.083304,-0.061763,-0.032966,0.055564,-0.069360,0.021979,-0.010843,0.062894,-0.082764,0.075061,0.005044,-0.097434,0.181547,0.117838,0.020895,0.062831,-0.004667,0.100796,0.036379,0.227539,-0.006790,0.113810,0.025406,-0.034219,0.047138,-0.080569,0.229716,-0.065359,0.236116,-0.026138,0.028140,-0.038177,0.065707,-0.059509,-0.033209,0.053492,-0.011481,0.004420,-0.002274,-0.129428,0.307119,0.178851,-0.010581,-0.020525,0.052213,0.016588,0.089021,-0.241166,-0.011495,0.017841,-0.029456,0.031264,-0.078355,-0.026055,0.122619,0.046486,0.061863,0.003179,-0.113702,-0.071990,-0.004268,0.134170,0.016096,-0.037858,-0.012327,0.034287,0.065162,0.045612,0.127973,-0.015275,-0.139414,-0.152217,-0.076652,0.032657,-0.165580,-0.144191,#
15,-0.143174,-0.030790,-0.094289,-0.093865,0.028064,-0.080669,0.441980,-0.047189,0.141905,0.078153,0.163827,-0.008230,0.059198,-0.097711,-0.087248,1.000000,0.114453,0.070482,0.020175,-0.053691,-0.090891,0.072095,-0.074365,0.182895,0.110185,0.070269,-0.172052,0.076683,0.067002,-0.202988,0.086916,0.187267,0.161274,0.288611,-0.038305,0.059555,-0.008412,0.135460,-0.161790,-0.068445,-0.009606,-0.162246,0.123711,0.089948,-0.024117,0.102803,0.150604,0.007358,0.017515,0.126374,-0.046216,0.090828,-0.036223,0.023583,0.039446,0.094227,0.108879,0.059173,-0.021580,0.058510,0.216830,0.114940,0.180305,0.008512,0.054923,-0.095075,0.006638,0.074420,0.071715,-0.008758,0.102351,0.033010,-0.054912,0.082055,-0.005532,0.046037,-0.037954,0.030376,0.166400,-0.037962,-0.076154,0.079008,-0.008413,0.104277,-0.021969,-0.063663,-0.048203,0.020130,-0.055281,-0.177190,-0.041200,0.152396,0.135032,0.108244,-0.120320,0.070402,0.109269,0.191842,-0.008818,0.048200,-0.053841,0.140452,0.013836,0.216350,0.104156,-0.062586,0.043205,0.050267,0.006138,0.106811,-0.104619,-0.023462,0.123041,0.047619,0.146296,0.018113,-0.140930,-0.022718,-0.113114,0.283323,-0.093359,0.201363,-0.030809,0.076820,-0.040931,0.030562,0.059790,0.041946,-0.033258,0.213036,0.172868,0.091814,-0.124310,-0.069309,0.056973,0.111754,0.148956,-0.064339,-0.095961,0.206044,0.057830,-0.051572,0.073263,0.067468,0.026285,0.106620,-0.007310,0.072545,0.009903,0.031911,0.133119,0.338360,0.035570,0.033261,0.028969,0.011008,-0.039758,-0.012104,0.136276,0.108310,-0.071173,-0.031863,0.086828,0.194527,-0.055036,-0.043987,-0.020921,-0.045197,0.089180,0.151118,-0.039658,0.136931,-0.168397,0.134271,-0.030536,0.232101,0.068990,0.028939,0.090117,0.093415,0.136337,-0.031107,0.011121,0.033962,0.197059,-0.068558,-0.032820,-0.037056,0.041533,0.080707,-0.019462,0.108011,-0.106236,0.068336,-0.039062,0.132623,0.022771,-0.121421,0.120021,0.054829,#
16,0.020227,0.138203,0.030690,0.180061,-0.126281,0.030578,0.170050,-0.007863,0.016031,-0.021400,0.129675,-0.070468,0.015368,-0.166440,-0.047163,0.114453,1.000000,0.057615,0.263351,0.169041,0.276898,-0.302946,0.088315,-0.010204,0.136251,0.170444,0.031070,0.094420,-0.122081,-0.020019,0.083989,0.206213,0.016118,0.017696,0.152074,0.048328,0.161861,0.234753,0.067526,0.098205,0.059058,-0.069100,0.053486,-0.059520,0.097747,0.033531,0.127247,-0.005058,-0.035142,0.081784,0.047345,0.124683,-0.040650,-0.040715,0.023360,0.187450,-0.024532,0.143795,-0.027473,-0.069763,0.169801,0.089239,0.103374,-0.019490,0.044194,0.104210,0.054153,0.103077,0.103567,-0.007439,0.174224,-0.027359,0.024154,-0.009729,0.003020,-0.031972,-0.021218,0.042830,-0.076144,0.169706,0.254579,0.062252,0.118739,0.057884,-0.016781,0.037820,0.027941,-0.056456,-0.063275,-0.026606,-0.182519,0.052743,0.123915,-0.213990,0.031844,0.094329,-0.058239,0.198784,-0.032086,0.162060,0.046764,0.112452,0.044552,0.185623,0.121780,-0.059483,0.043634,-0.021005,0.280155,0.083811,-0.007187,0.020974,0.063665,0.002438,0.109363,0.127032,0.298087,0.014181,0.022589,-0.074572,-0.071454,-0.056264,0.026288,0.006473,0.182559,0.048992,0.062271,-0.047939,-0.002411,-0.039296,0.128593,0.105953,0.002606,0.102345,-0.070369,0.102757,0.068850,-0.045417,0.004357,-0.107747,-0.040303,-0.012118,0.083866,-0.059912,-0.108125,0.079159,0.206055,0.131515,0.071212,-0.112916,0.004328,0.016336,-0.209527,0.052528,0.096505,0.012962,-0.082870,0.026711,-0.118668,0.024552,0.154500,-0.068347,0.168734,0.003879,0.205914,0.012990,-0.036561,0.097618,0.006919,0.177537,-0.182841,0.195081,-0.016050,0.167613,-0.020890,0.056241,0.150389,0.245171,0.181501,0.122719,0.033421,-0.015355,-0.111514,0.129399,-0.166038,-0.066688,0.053248,-0.046217,0.194967,0.077017,-0.015246,0.135512,-0.065077,0.072605,0.229057,0.170489,0.160920,-0.004780,-0.074532,0.149224,#
17,0.028306,0.000080,0.037891,-0.030794,-0.059351,-0.023905,0.175967,0.164569,-0.009137,0.060952,-0.012610,-0.017445,-0.058741,0.013931,0.105659,0.070482,0.057615,1.000000,0.061398,0.072528,-0.047710,0.008903,0.013422,-0.192861,0.190295,0.053379,-0.084666,0.025551,-0.021329,-0.032296,0.010075,0.191042,-0.080770,-0.118279,-0.166873,-0.213094,-0.050151,0.147249,0.124121,0.101714,0.147862,0.093833,-0.022294,0.042765,0.004189,0.160351,0.031740,0.133902,0.004415,0.094094,-0.102435,-0.092708,0.095758,-0.036909,0.088277,0.011061,0.089296,-0.054048,0.017098,0.033473,0.065245,-0.074098,0.207305,-0.083769,-0.039817,-0.067332,0.252752,-0.069906,-0.037188,-0.136640,0.100719,-0.107025,-0.088899,0.178648,0.104930,-0.112850,-0.124859,0.042342,0.171028,0.022135,-0.003388,0.144108,-0.013799,0.169072,-0.110659,-0.048171,0.143341,-0.022233,-0.100390,0.040868,-0.026882,-0.089964,0.168458,0.100999,0.135963,0.071353,-0.035000,-0.011010,0.121807,0.197672,-0.144678,-0.129856,-0.066745,-0.193696,-0.085227,0.116298,-0.159343,-0.042884,-0.008353,0.045836,0.121002,-0.102068,0.139208,0.039903,0.242770,-0.048203,-0.156936,-0.003879,0.075281,0.171782,0.052350,-0.015480,-0.011023,-0.133843,-0.036755,-0.045442,-0.083990,0.102950,0.052957,-0.021469,-0.033070,0.115054,0.102480,0.015568,0.000064,-0.009036,0.175560,0.035427,-0.061419,0.237355,0.004724,0.017763,0.142232,0.034186,0.118298,-0.032186,-0.157781,-0.033856,-0.009379,-0.016957,0.084678,0.027178,-0.052684,0.063502,-0.022112,0.026846,0.079444,-0.203873,0.008079,0.012534,-0.050708,0.020913,0.135161,-0.051609,-0.139914,-0.165294,-0.083426,-0.107839,0.039408,-0.073706,0.024868,0.000062,0.016156,-0.098440,0.045010,0.008213,0.056928,0.064766,0.098283,0.204528,-0.024548,-0.020756,-0.090867,0.147211,-0.086000,-0.052257,0.145068,0.060460,-0.069887,-0.038552,0.067772,0.000416,-0.080559,-0.041891,-0.145562,0.116755,-0.051455,-0.143705,-0.011719,-0.172202,#
18,-0.035846,0.102205,0.121559,-0.023427,-0.198304,0.110862,0.024419,0.053040,-0.177666,-0.159090,0.051127,0.055635,0.132594,0.044577,-0.163810,0.020175,0.263351,0.061398,1.000000,0.067184,0.053331,0.001792,-0.015978,-0.051791,-0.037145,0.106563,-0.076450,-0.032091,-0.007122,0.044900,-0.137463,0.164215,0.017272,0.080949,0.061955,0.015746,-0.003781,0.254084,-0.025130,0.031318,0.137732,-0.053325,0.211907,-0.139122,-0.016336,-0.002723,0.044502,0.225497,0.017667,0.013734,-0.073416,0.039266,0.145009,-0.084188,0.049111,0.034107,0.000221,-0.036837,0.032285,0.131334,0.089938,0.135940,0.021062,-0.085513,0.108451,-0.107100,0.102225,-0.128156,-0.107389,0.051135,0.001408,-0.107849,-0.072723,0.002509,0.081056,-0.082158,-0.153853,0.087868,-0.133558,-0.071554,0.050934,-0.025158,0.184210,-0.043056,0.164153,0.282082,-0.275054,0.057070,0.030025,-0.086320,-0.010783,-0.000861,-0.005398,-0.025780,0.058157,0.023471,0.011375,0.068174,0.057063,0.067774,0.002558,-0.040814,0.005836,-0.031161,0.063211,0.143313,-0.052136,0.147981,0.075853,-0.002617,0.144799,-0.086569,-0.030912,-0.089235,0.047045,0.010502,0.020922,-0.054155,0.155395,0.050818,0.149411,-0.122056,-0.097807,-0.027012,0.185702,-0.115217,0.119526,0.076728,0.033319,0.010883,-0.103877,0.022214,0.049898,-0.096564,-0.083017,0.047337,0.078932,0.005016,-0.003186,-0.057538,-0.144435,0.070743,-0.057721,-0.067069,0.021995,0.011663,0.153663,0.036116,0.094107,-0.069499,0.015556,-0.131352,0.082648,0.095893,0.165949,0.182865,0.031533,-0.134127,-0.184838,-0.091363,0.123405,0.047733,0.123714,-0.042144,0.007385,-0.147920,0.105795,0.021410,-0.046207,0.115351,0.108811,0.041935,0.022551,0.169046,0.072907,-0.004728,0.018597,0.028686,-0.063249,0.012643,-0.032444,-0.014679,-0.054283,0.041012,-0.066532,-0.126330,0.004032,0.015303,-0.099231,0.001263,0.045465,0.131481,-0.083221,0.110649,0.103186,0.062011,-0.018437,0.175503,-0.038601,0.144968,#
19,0.127951,-0.033089,0.069999,-0.026965,0.036110,0.230553,-0.092431,0.072416,0.129601,-0.148327,-0.058017,-0.010289,-0.145085,-0.074395,0.106807,-0.053691,0.169041,0.072528,0.067184,1.000000,0.058997,-0.165653,-0.053603,0.048739,0.165126,0.049906,0.018031,-0.030380,-0.276353,0.153101,0.019833,0.129236,0.212122,-0.030625,0.158901,0.126110,0.099118,0.122307,0.129032,0.093337,0.146065,0.129472,0.024851,-0.003915,-0.044060,0.088939,-0.031926,-0.002610,0.121997,0.168589,0.109009,0.069965,0.128500,0.053155,0.046308,0.131308,-0.011495,-0.107813,-0.076510,-0.028345,0.002990,-0.005466,0.131646,0.052091,0.091769,-0.039586,0.183063,0.060444,0.152656,0.019781,0.145625,-0.012035,0.073047,-0.001577,-0.120489,0.105848,-0.160086,0.068739,0.026586,-0.123077,0.206313,-0.049211,-0.034973,0.006585,0.059951,-0.008884,-0.053711,-0.031099,0.141856,0.013374,-0.086382,0.050937,-0.155124,-0.028815,0.004247,-0.067575,-0.012115,0.314557,0.071819,0.172925,-0.121111,-0.089442,0.066480,0.052343,0.057049,-0.070454,0.032708,-0.109311,0.034724,-0.132565,0.048175,-0.036164,0.063388,0.003013,-0.108397,-0.039444,0.139457,0.012581,0.199396,-0.099516,0.134154,-0.084463,0.069455,0.092007,0.041918,0.114542,0.007083,0.187809,0.078073,-0.031207,0.157723,0.182556,0.036415,-0.008782,-0.149022,0.101146,-0.043549,0.115849,-0.016287,-0.107343,-0.006352,0.093456,-0.093655,-0.173324,0.040528,-0.097966,-0.039733,0.055346,0.152127,0.006070,-0.041549,-0.046733,0.004239,0.098692,0.186581,-0.007062,0.176183,-0.147090,0.121809,0.002260,0.129677,0.142280,-0.056624,0.192379,0.236632,0.169232,-0.096683,0.076460,-0.051909,0.008254,-0.092333,0.129583,0.056997,0.209519,0.117584,-0.088468,0.114945,0.027055,0.108026,-0.003965,-0.016900,0.143701,0.080990,0.030916,0.069508,-0.058618,-0.057342,-0.011759,0.039697,0.152146,0.095063,0.096897,-0.121150,0.076160,0.087030,-0.014886,0.107957,-0.070848,0.020262,-0.020987,#
20,-0.087112,0.259670,0.015191,0.257902,0.101774,-0.016002,-0.074203,0.141982,0.176410,0.008543,-0.011431,-0.047954,0.075161,-0.005333,-0.143036,-0.090891,0.276898,-0.047710,0.053331,0.058997,1.000000,0.015889,0.019894,0.183852,0.166686,0.210964,-0.117397,-0.012769,0.049868,-0.088846,0.131859,0.187361,0.199160,0.073960,0.033160,0.120169,-0.027328,0.040834,-0.017480,0.114011,0.117874,0.049879,0.001966,-0.128683,0.219619,-0.033775,0.104391,0.097648,-0.019668,0.043446,0.111818,0.146349,0.041968,-0.023854,0.155066,-0.093824,-0.287092,-0.054931,0.079844,-0.015683,0.094914,0.018466,0.118745,0.009450,-0.054014,0.216330,0.115179,0.033816,-0.014464,-0.030375,0.083219,0.042662,0.234968,0.088868,-0.204166,-0.104183,0.127242,-0.015597,0.128488,0.093754,0.131566,0.085279,0.069093,-0.077084,0.026193,0.159098,0.041848,0.205165,0.074010,0.148186,0.051546,-0.004929,0.112607,0.002050,0.031616,0.116263,0.053056,0.042598,0.099788,0.055829,0.198605,-0.014524,0.000911,0.191102,-0.011121,0.155845,0.205516,-0.075739,0.029472,0.169119,0.016928,0.116295,-0.088336,-0.081597,0.138125,0.027679,0.196069,0.023853,-0.042370,-0.114899,0.024997,0.036516,0.059641,0.119921,0.041045,0.091851,-0.024947,0.023888,0.001870,0.157129,0.070399,0.073356,0.244450,0.057181,-0.044755,0.192880,0.008620,0.083325,0.123699,0.067416,0.020081,0.046151,0.017388,-0.113024,-0.003532,-0.063877,0.095892,0.085121,-0.078216,-0.027608,0.018713,0.035605,-0.146325,0.110107,0.014343,0.038401,-0.017647,0.205366,0.014781,-0.039500,0.193492,0.057513,0.113593,0.019502,0.034504,0.094867,-0.013834,0.116717,-0.057908,-0.107593,0.099416,-0.043512,-0.058804,0.047820,0.014567,0.028945,0.027624,0.164533,0.044023,0.092459,0.095961,0.051771,-0.018747,0.038968,-0.039513,0.139801,0.075652,-0.143347,0.132868,0.098726,0.067052,0.204430,0.268594,0.089567,0.227443,0.126327,0.098657,0.080942,-0.017186,0.083239,#
