0,1.000000,0.036678,0.069205,0.032234,0.144946,0.057746,0.032312,-0.098359,0.029535,-0.027792,0.128769,-0.046325,-0.030240,-0.091212,0.145815,0.346060,0.175919,0.136950,0.137445,0.179835,-0.037373,-0.017158,0.205932,0.341482,0.030501,0.020035,0.113460,-0.171708,-0.011594,0.071225,0.016447,0.225334,0.037259,0.159838,0.203208,-0.007228,-0.034832,-0.017701,0.138026,0.131088,0.071361,0.019984,0.191660,-0.078296,-0.003801,-0.035986,-0.028093,0.237789,0.121606,0.245069,-0.014314,0.074278,0.032629,0.113593,0.164331,0.086005,0.155764,0.116646,0.008946,0.043082,0.106790,0.085176,0.208460,-0.005317,-0.027868,-0.021383,0.038358,0.150983,0.067232,0.059419,0.100282,-0.060051,0.142929,0.228410,0.013648,-0.155861,0.209075,0.146099,-0.019809,0.104599,0.001834,-0.000713,-0.003824,0.154220,0.206203,0.069682,0.248744,0.135531,0.227223,0.162026,-0.030753,0.030429,0.189713,-0.005698,0.051574,0.183565,0.088296,-0.046971,0.062303,0.197361,0.192660,0.070392,-0.021601,0.185242,0.069119,0.091343,0.226177,0.143838,0.208958,-0.089786,-0.080177,0.093209,-0.035924,0.012048,0.152808,0.075305,0.091249,-0.080529,0.063592,-0.008747,0.104060,0.081695,0.196713,0.094338,0.125001,0.164223,0.154881,-0.067941,0.046290,0.162749,0.065808,0.023439,-0.036802,-0.023834,0.052642,0.098089,0.123607,-0.016493,-0.205166,0.077162,0.198734,0.087580,-0.036924,0.056482,0.078196,-0.100321,0.090603,0.074233,0.128453,-0.023293,-0.110992,0.093188,0.130730,-0.069102,0.051203,0.206170,0.130261,0.107207,0.056225,0.064734,0.085446,0.104640,0.038943,-0.112105,0.045575,0.235152,-0.029516,0.138193,0.193828,-0.011527,-0.042395,-0.011015,0.105555,0.051811,-0.067761,0.205712,0.253307,0.065062,0.055522,-0.010921,0.114166,0.131606,0.066570,0.051505,0.084065,-0.093944,0.050616,0.233274,0.179128,-0.061366,-0.097822,0.113032,-0.105897,0.056723,0.158403,0.169180,-0.000030,0.084568,0.173661,0.126753,#
1,0.036678,1.000000,0.041937,0.068365,-0.006381,0.065805,0.124783,0.070151,0.213981,0.039494,0.178942,0.236538,0.023485,-0.169836,-0.095731,-0.068922,-0.041138,0.064129,-0.074218,0.057006,-0.187085,0.130084,0.031716,-0.091651,0.075906,0.031163,-0.045436,0.137252,-0.236769,0.031715,0.113360,0.014965,-0.113371,0.088057,-0.093673,0.079376,0.096441,-0.036731,0.169042,0.046056,-0.003427,-0.069516,0.136629,0.033932,-0.105589,-0.028346,0.297677,0.044488,0.087631,-0.009063,0.092017,0.003191,0.124523,0.094971,0.051811,0.075611,0.026721,-0.088533,-0.145776,0.071862,-0.027472,0.013410,0.098481,-0.042897,-0.135067,0.159112,0.064403,0.161295,0.063352,0.126790,0.127149,0.131481,0.206683,-0.034928,0.086994,0.060578,0.047603,-0.014509,0.186256,-0.007140,0.090058,0.092728,-0.079463,0.057602,0.206553,-0.098456,0.103478,0.138133,0.070243,-0.057709,0.012535,0.048881,-0.092684,0.040200,0.041270,0.063315,-0.095611,-0.053372,-0.061679,0.049493,0.171183,0.059064,0.025302,-0.042919,-0.031069,0.075136,0.094127,0.154109,0.111648,0.027543,-0.049214,0.046165,-0.021329,0.032289,0.062297,0.213349,0.096506,-0.054330,0.024441,-0.089916,-0.155517,0.085536,0.158658,0.126666,0.003575,0.045556,0.069719,0.105547,0.117465,0.145017,-0.061085,0.149250,0.000108,0.101182,0.054705,0.045265,0.160530,0.166009,0.090260,0.146710,0.150565,-0.009079,0.055104,0.196364,0.232579,-0.047757,-0.027247,-0.057482,-0.000009,-0.108841,0.094565,0.023932,-0.030488,-0.134245,0.191607,0.119538,-0.093619,0.047286,-0.287742,-0.158941,-0.062377,0.122173,0.093931,0.115452,0.091297,-0.062801,-0.054703,-0.137419,-0.013106,0.192800,0.084457,0.138263,0.010224,0.054736,0.020004,0.127534,0.054623,0.052097,0.059438,0.003322,0.039202,-0.053417,0.071087,-0.037071,0.117077,0.089446,0.025134,-0.098849,0.176295,0.118127,0.166289,0.111605,-0.183482,0.056307,0.031727,-0.018358,-0.025909,0.156257,-0.058231,0.246112,#
2,0.069205,0.041937,1.000000,0.026402,0.224573,-0.003456,0.068918,0.043509,0.005396,0.054324,0.198559,0.202055,0.024427,0.185194,-0.082547,0.205640,-0.016742,-0.044890,0.124874,0.079507,0.180927,0.181152,-0.047194,0.018234,0.041386,0.196461,0.147572,-0.021117,-0.148561,0.052188,-0.016224,-0.014928,0.023903,-0.053216,0.111684,0.052674,0.046678,-0.060941,0.072823,-0.110183,0.031285,-0.045015,0.219210,-0.027407,0.155346,0.050106,0.112849,-0.020592,-0.014957,0.042181,0.009428,0.135884,0.109137,0.005075,0.059745,-0.022342,0.153994,-0.071156,0.156229,0.104451,0.305380,0.045397,-0.040048,0.123481,0.118391,0.073902,0.024274,0.053246,0.087330,0.008111,0.091734,0.157207,-0.059859,0.124570,0.192908,-0.002033,0.095723,0.071987,0.015892,0.082134,0.119312,-0.087743,0.023283,-0.093513,0.144685,0.025047,0.148775,0.165859,0.018274,-0.084319,-0.000229,0.137873,0.113467,0.149833,0.024403,0.134782,0.101815,0.033648,0.103144,0.034948,0.144716,0.092847,-0.040273,0.220666,-0.016685,0.107931,0.161756,0.159259,0.096956,0.067342,0.164420,0.080687,0.158537,0.035021,-0.018623,0.127715,0.150404,-0.045473,-0.200774,0.011688,-0.040438,-0.124582,0.040426,0.057389,0.072571,-0.049224,0.235596,-0.011845,0.127755,0.043014,-0.126113,0.167002,0.092552,0.149055,0.154969,-0.078240,0.128307,0.022597,0.036394,-0.018409,0.091969,0.109432,0.042324,0.023373,0.211751,-0.073964,-0.150121,-0.031362,0.163114,-0.014233,0.048941,0.122760,0.226571,0.150550,-0.088659,0.033970,0.012379,-0.051907,0.029921,0.096263,-0.111380,0.124263,0.124926,0.134710,0.030624,0.170049,0.000119,-0.065690,-0.059392,0.004010,-0.097649,0.225647,0.127116,-0.027178,0.057856,0.051158,0.085044,0.065556,-0.162780,-0.015018,0.121189,0.198259,-0.169190,0.141540,-0.034328,0.075096,0.085977,-0.033953,0.079011,-0.076590,0.035119,0.108852,0.102436,0.059380,0.116683,0.034806,-0.195966,0.086172,0.147677,0.171466,#
3,0.032234,0.068365,0.026402,1.000000,0.111849,0.028155,0.022671,-0.005424,0.295020,0.098898,0.114104,0.075063,0.062763,-0.036245,0.101287,0.000401,0.004139,0.122563,0.169898,0.146282,0.148200,0.096536,0.237437,0.244559,0.079145,0.176036,0.129902,0.002359,0.064441,0.138110,0.098728,0.109117,0.277385,0.164481,-0.075581,0.101287,0.104674,0.172770,0.295262,0.064474,0.045090,0.226192,0.187220,0.160944,-0.067270,0.085225,0.010532,0.170769,-0.063694,0.074417,0.045770,0.079114,0.192455,0.013217,0.089634,0.157447,0.108565,-0.006332,-0.006895,0.137933,0.177003,-0.003369,0.014682,-0.057736,0.267061,0.002248,0.027297,-0.176581,-0.023281,0.271507,0.086868,0.127139,0.131737,0.002956,0.064583,0.023089,0.064012,0.072172,0.018851,-0.087891,0.187570,0.138933,0.179857,0.012803,0.207194,0.007815,-0.006644,0.008767,0.131694,0.085938,0.225105,0.174660,0.082862,0.101617,0.127220,0.081046,0.039929,-0.104885,0.109537,-0.021636,0.172059,0.019740,0.014302,0.032970,0.280683,-0.078349,0.213750,0.231681,-0.065774,0.051903,0.117951,-0.045171,0.076258,0.089126,0.073227,0.005224,-0.009970,0.118545,0.005959,-0.032779,0.059057,0.018326,0.135378,0.114196,-0.047326,0.123858,0.146512,0.191361,-0.001740,0.040308,0.211306,0.148128,0.076187,0.179217,0.055509,0.150881,0.009430,0.013703,0.098847,0.096560,0.003842,0.241164,0.127990,0.006098,0.046735,0.027023,0.169023,0.262386,0.055310,0.143623,-0.012251,-0.083605,0.020973,0.136287,0.172629,0.043750,-0.055409,0.073251,0.201221,0.073001,0.024659,0.060712,0.092340,0.203446,0.070585,0.026217,0.032717,0.038502,-0.047432,0.071717,0.135896,-0.057338,-0.002015,-0.077165,0.001281,0.125532,0.110331,0.092026,-0.070597,0.144112,-0.013848,0.278833,0.097605,-0.172703,-0.115819,-0.040543,0.112061,0.038649,0.110448,0.093228,0.173283,0.067281,0.076112,0.054621,0.104580,0.081191,0.153643,0.068050,0.026963,0.034039,#
4,0.144946,-0.006381,0.224573,0.111849,1.000000,0.161800,-0.043192,0.145462,0.206532,0.176080,-0.055707,0.133028,0.130557,0.078605,0.084355,0.133423,-0.033285,0.117330,0.121052,0.281651,0.321944,0.017373,0.211589,0.226889,0.020414,0.195262,0.050008,-0.076174,0.072056,0.072035,0.083019,0.081043,0.122423,0.065603,0.062235,0.138313,0.304513,-0.035371,0.193841,0.080405,0.130369,0.206299,0.166712,0.045985,0.252336,0.164251,0.302564,0.104929,0.064095,0.088111,-0.012861,0.143149,0.152629,0.215343,0.325095,0.239890,0.123179,0.113718,0.159103,0.113518,0.190359,0.194626,0.030752,-0.084271,0.071520,0.002343,0.060335,0.097469,-0.022343,0.147920,0.248460,0.154886,0.127677,0.148412,0.107738,-0.083619,0.097253,0.150747,0.147042,0.203862,0.155528,0.224208,0.015998,-0.002204,0.374525,0.078697,0.121884,0.139764,0.123993,0.094387,0.240523,0.016298,0.203108,0.020556,0.242282,0.167412,0.062450,0.067300,-0.028114,0.072274,0.131211,0.090225,0.133150,0.149994,0.084604,0.168552,0.043201,0.174678,0.163998,0.205081,0.147701,0.232001,0.228564,0.224393,0.046244,-0.038648,0.166277,0.058160,-0.053543,0.053561,-0.032749,0.002325,0.111273,0.055323,0.211173,-0.081675,0.217987,0.082166,0.260746,0.114510,0.178771,0.069681,0.150684,0.216105,0.176275,0.147256,0.054696,-0.041471,0.117023,0.050417,0.151100,0.090719,0.214511,0.080005,0.212422,0.189748,0.122300,0.195065,0.081114,0.107706,0.024513,0.151019,0.166946,0.330847,0.241878,0.094631,0.222833,0.130644,-0.073972,0.148913,0.161735,0.038642,-0.017665,-0.097560,-0.131773,0.096860,-0.033884,0.052171,0.018927,0.071754,-0.068489,0.088595,0.342692,0.145647,0.191750,0.212760,0.192214,0.246217,0.041756,0.180906,0.023668,-0.017824,0.111043,0.115486,0.096520,0.111073,-0.140824,0.146775,0.166813,0.240179,-0.073733,0.193796,-0.039777,0.038523,0.103789,0.168455,0.087829,0.125230,0.168918,0.338902,#
5,0.057746,0.065805,-0.003456,0.028155,0.161800,1.000000,0.000460,0.179712,0.156099,0.213765,0.196673,0.078141,0.211971,-0.036454,0.072136,0.032959,0.006932,0.114462,-0.150606,0.222332,-0.045364,-0.109985,0.194797,0.149615,0.151777,0.020612,0.157813,0.076626,0.125574,0.062466,0.233693,0.192853,0.170747,0.136968,-0.048647,0.137744,0.145247,-0.019188,0.175580,-0.023894,0.243703,0.089803,0.014619,0.197236,0.051147,0.092097,0.240300,-0.060479,0.171414,0.046722,0.104137,0.142730,0.017309,0.022950,0.111309,0.282218,0.139991,-0.084867,0.299076,0.091284,0.045532,0.171705,0.105590,-0.013350,0.222899,0.103551,0.041073,0.135729,0.154150,-0.135181,0.109552,0.104752,0.180698,0.115764,0.083707,0.089647,0.174343,0.106756,0.150973,0.145475,0.139039,0.072516,0.125230,-0.002558,0.030680,0.099561,0.106572,0.109656,0.094567,-0.128548,-0.055648,0.156845,0.313532,0.298699,0.112292,0.178329,-0.043369,0.166265,0.134950,0.130821,0.088945,0.141702,-0.124939,0.076345,0.077564,0.193793,0.156628,0.201825,0.133051,-0.004659,0.059436,0.184034,0.005000,0.070179,0.161984,-0.064568,0.015536,0.050825,-0.051012,-0.014071,-0.064305,0.156547,0.067282,0.167518,-0.093108,-0.009202,0.108223,-0.030094,0.106459,0.124612,0.264854,0.105471,0.179278,0.156092,0.137537,0.227125,0.085948,0.114615,0.061032,-0.104331,0.142181,0.113357,0.147101,0.250093,0.209848,0.060545,0.050752,0.037077,0.022113,0.038429,0.158166,-0.003449,0.187569,0.090181,0.046492,0.157292,0.201141,0.081047,0.086093,-0.024629,0.129678,0.009554,0.118909,0.155376,0.050911,0.131349,-0.108467,0.161313,0.188715,0.148202,0.320048,0.138489,0.132248,0.046459,-0.003825,0.088649,0.161156,0.158927,0.095850,0.090506,0.208998,-0.034190,0.319793,0.096047,0.042874,0.145250,0.135864,0.024085,0.007979,-0.058812,0.026380,0.166593,-0.033538,0.039032,0.087844,-0.012508,0.032722,0.201815,0.121926,0.260916,#
6,0.032312,0.124783,0.068918,0.022671,-0.043192,0.000460,1.000000,-0.026949,0.129146,-0.031648,-0.050420,0.002915,0.086954,0.030774,-0.025319,0.113536,0.022620,0.064482,0.007615,-0.079796,0.119575,0.056910,-0.105957,-0.043284,-0.042069,0.054150,-0.000990,-0.013057,-0.028763,0.170950,0.007707,0.012754,-0.069810,0.054106,-0.023215,0.047645,-0.194213,0.115923,-0.038424,-0.027737,-0.090494,-0.144390,0.068804,0.029979,0.138225,-0.057724,0.002675,-0.157387,0.068008,-0.022476,-0.011775,0.044602,0.040882,0.060417,0.067616,0.064409,-0.071641,-0.040539,0.040156,0.091473,0.205448,-0.070078,0.056890,-0.084508,0.122921,0.133195,0.075108,0.023129,-0.090187,0.016288,0.021973,0.025799,-0.138755,0.209970,0.184328,0.047819,0.134208,0.054002,0.040893,-0.064152,0.009380,-0.056497,0.062534,-0.096383,-0.059743,0.100672,-0.007046,-0.003189,-0.078130,-0.073005,0.015468,-0.163543,-0.113695,-0.129570,-0.053471,-0.091653,0.134894,0.003658,-0.015750,0.257466,0.025531,0.132931,0.110769,-0.030569,-0.221481,0.027347,0.097275,-0.085897,0.006766,-0.039101,0.032774,0.088526,-0.087517,-0.281821,0.061629,-0.057176,0.169659,-0.049222,0.023457,-0.023867,0.075317,-0.045023,-0.066981,0.130382,-0.013976,0.137786,-0.108367,-0.009266,-0.068264,0.022053,0.009148,-0.009209,0.033976,-0.031489,-0.022247,0.048613,0.004610,-0.099918,0.092513,0.096595,-0.019575,0.114369,-0.163518,-0.077867,-0.012977,0.021989,0.029176,-0.022262,0.021545,-0.197661,0.280105,-0.115588,0.038306,-0.154295,0.035486,0.010775,-0.052419,0.257380,-0.042319,-0.077666,-0.167267,0.094274,0.141315,0.190368,0.036440,0.133267,-0.068628,-0.036973,-0.076269,-0.082687,-0.004181,-0.006327,-0.033978,-0.074222,0.165412,0.008307,-0.038514,0.011713,0.052858,-0.092202,0.047546,-0.081258,0.152874,-0.028734,0.110606,0.048455,-0.040127,0.021501,-0.145472,0.000526,-0.065551,0.070794,-0.188563,0.156275,-0.093276,-0.095880,0.092485,0.022303,0.011988,0.080066,#
7,-0.098359,0.070151,0.043509,-0.005424,0.145462,0.179712,-0.026949,1.000000,0.309968,0.058221,0.123333,0.194511,0.064418,-0.040134,0.170127,-0.018244,0.100922,0.153617,-0.061390,-0.015857,-0.004030,0.026875,0.166391,0.079677,0.174289,0.098857,0.030918,0.119311,-0.095161,0.035318,-0.036735,-0.048870,0.108163,0.039477,-0.069121,0.031029,-0.025718,-0.089062,0.201027,0.090698,0.025263,-0.047790,0.063475,0.208718,0.181992,0.069106,0.106665,0.031133,0.021404,0.032439,0.150047,0.014042,-0.011878,0.125101,0.018583,0.055394,0.076255,0.178421,0.085583,0.035807,0.085577,0.149657,0.019793,-0.033496,0.074287,0.139260,0.056292,-0.042840,0.034923,0.259786,0.052770,0.032488,0.265119,0.068567,0.040786,0.038996,-0.022874,0.045128,0.112417,0.283309,0.102785,0.054366,0.040273,-0.026675,0.054049,0.082878,0.055578,0.010844,0.055679,0.067036,-0.041765,0.008863,0.053344,0.101220,0.003758,-0.140249,-0.046749,0.109851,-0.004527,0.132442,0.115621,0.031175,-0.042579,0.001667,-0.097363,0.068056,0.124799,0.064072,0.023975,0.112673,0.050705,-0.002562,0.045865,0.013951,0.293324,0.040060,0.002805,-0.122868,-0.114274,0.209276,-0.014544,0.090812,0.001442,0.075932,0.092937,0.066959,0.195990,0.116220,0.044252,-0.054843,0.037444,0.074780,0.276405,-0.013158,0.256125,0.184630,-0.194893,0.198726,-0.003289,-0.027439,0.183069,0.006800,0.024940,-0.008098,0.106849,0.014287,0.087407,-0.020947,-0.000809,0.107475,0.080332,0.078482,0.109313,0.124477,-0.049741,0.126117,0.109210,0.110294,-0.004010,0.102706,0.067139,-0.099278,0.228308,-0.041371,-0.174391,0.253612,0.113676,-0.142603,-0.048576,0.019718,0.102327,0.038331,0.180616,0.104323,0.220297,0.047701,0.001627,0.032354,-0.152452,0.196438,0.252316,0.046387,0.039166,0.025887,-0.115761,0.160038,-0.109807,-0.187182,0.036655,0.200019,0.101803,-0.032079,-0.053042,-0.045952,0.047196,0.010389,-0.065671,0.105800,0.093468,0.102683,#
8,0.029535,0.213981,0.005396,0.295020,0.206532,0.156099,0.129146,0.309968,1.000000,0.202872,0.136899,0.157320,0.099619,-0.002908,0.194968,0.213894,-0.089230,0.131009,0.038120,0.075339,-0.095058,0.146529,0.222785,0.241367,-0.029466,0.147633,0.051689,0.177831,-0.042857,0.207605,-0.029337,0.128813,0.009306,0.041887,-0.049815,0.112961,0.171914,0.003666,0.127873,0.071067,0.091991,0.192752,0.115770,0.125377,0.134149,0.058897,0.008501,0.036493,0.164567,0.120840,0.130861,0.314835,-0.025572,0.237298,0.101185,0.317133,0.150800,0.235679,-0.023053,0.264694,0.244112,0.083754,0.190280,-0.174575,0.168858,0.260048,0.125085,0.013633,0.246439,0.188757,0.215344,0.056770,0.137666,0.150196,0.157416,0.129076,0.034206,0.094653,0.156302,0.176061,0.181698,0.225752,0.040769,-0.013657,0.206350,0.134400,0.051915,0.052724,0.016140,0.214932,0.100514,0.200887,0.113178,0.048539,0.334712,0.180137,0.124487,0.038855,0.090122,0.102935,0.190963,0.089655,0.052639,0.123799,0.162633,0.087543,0.174527,0.181898,0.069707,0.212148,0.002076,0.080817,0.021206,0.050724,0.250967,0.234204,0.092033,-0.026644,0.021972,0.191724,0.097968,0.110683,0.170742,0.135401,0.086686,0.165449,0.148826,0.295749,0.059661,0.209708,0.051242,0.006143,0.198242,0.177888,0.227173,0.211394,-0.045598,0.053006,0.013492,0.030254,0.168037,0.211634,0.213002,0.069252,0.108324,0.051585,0.288511,0.165212,0.108703,0.007549,0.200417,-0.064589,0.121184,0.230970,0.276862,0.374397,0.158072,0.287066,0.055257,0.172741,0.030345,0.010135,0.079520,0.135237,0.132488,0.175554,0.132606,-0.152835,0.143913,0.144155,0.074094,0.197284,0.113327,0.023986,0.254814,0.066876,0.031391,0.138887,0.112342,0.147618,0.152034,0.074436,0.017238,0.124633,0.081797,0.207741,-0.024892,-0.032113,0.159062,0.187150,0.130519,0.116393,0.099737,0.066028,0.194369,0.107024,0.108080,0.133059,0.083376,0.059279,#
9,-0.027792,0.039494,0.054324,0.098898,0.176080,0.213765,-0.031648,0.058221,0.202872,1.000000,0.234043,0.005126,0.073968,0.018027,0.083394,0.149189,-0.019651,-0.047680,-0.025054,0.209055,0.058565,-0.032495,0.174611,0.170102,-0.058764,0.001001,0.145567,0.103086,0.068971,0.083788,0.217002,0.056284,-0.052081,0.201883,0.216810,0.074694,-0.030188,0.072663,0.122672,-0.110653,0.233077,-0.033032,0.100443,-0.045211,0.044512,0.100371,0.078605,-0.040404,-0.067859,0.058224,-0.046490,0.075947,-0.050447,0.129616,-0.098090,0.173508,0.020963,0.028811,0.199484,0.052696,0.153930,0.122874,0.237575,0.098930,0.091584,0.162843,0.025389,-0.016040,0.090562,-0.060642,0.312043,0.111362,0.080612,0.108921,0.022867,0.001530,-0.157882,-0.019603,0.202525,0.236854,-0.006810,0.182700,-0.086835,-0.141022,0.279359,-0.008302,0.048705,0.205585,-0.159574,-0.163825,0.008789,0.256617,0.152339,0.004424,0.099114,0.053865,0.086359,0.196952,0.167949,-0.182348,0.038135,0.142092,0.182153,0.006937,0.280661,0.075130,0.080301,-0.099809,0.137824,0.076851,0.028178,0.111016,0.183086,0.302840,-0.110476,0.085051,-0.037293,-0.018175,0.045904,-0.127668,0.008957,0.140575,0.001889,0.106498,-0.057760,0.029401,-0.087449,0.175608,0.148647,0.168671,0.049903,-0.068584,0.136170,0.226253,0.149685,0.126454,0.089332,0.095742,-0.011257,-0.077789,-0.060154,0.134476,0.150627,0.137358,-0.121374,0.037657,0.125433,0.051782,0.004230,0.147381,0.027195,-0.138598,0.264794,0.225193,0.229606,0.071716,0.050016,0.140310,0.178473,-0.025518,0.112309,-0.050451,0.001721,0.185765,0.073248,0.015367,0.044992,-0.021908,0.289667,-0.047987,0.062006,0.078580,-0.018221,0.108907,0.117579,0.200899,0.006997,0.119419,0.115885,0.043018,0.024188,-0.065288,0.112264,0.106999,-0.014780,0.133217,-0.063653,-0.061513,0.281382,0.131174,0.091389,0.101431,-0.041221,0.042866,-0.040786,0.023164,-0.006994,0.126706,-0.035780,0.136614,#
10,0.128769,0.178942,0.198559,0.114104,-0.055707,0.196673,-0.050420,0.123333,0.136899,0.234043,1.000000,0.029727,-0.137123,-0.100438,0.066827,0.139160,0.001226,0.102591,-0.014572,0.109332,-0.050003,-0.031379,-0.062181,0.154922,0.025479,-0.073580,-0.033189,0.154488,-0.064958,0.103399,0.041990,0.103781,0.091100,0.075489,0.100589,0.028748,-0.003311,-0.004619,0.233491,-0.018041,0.171509,-0.028025,-0.024842,-0.089997,-0.056393,0.013390,0.112089,0.019414,0.072557,0.276520,-0.053515,0.080047,-0.038501,0.096017,-0.028166,0.114545,-0.047496,-0.142130,-0.046567,0.197662,0.018751,0.110350,0.108992,0.208121,0.129657,0.128359,0.170367,-0.027148,-0.022504,0.039656,0.026989,0.148034,0.080573,0.097934,0.008695,0.058784,-0.063459,-0.034676,-0.055947,0.094163,0.212283,0.052795,0.099766,0.050124,0.235272,-0.035152,0.047144,0.191576,-0.054965,0.132478,-0.044745,0.140656,0.166877,0.117670,0.065673,0.173876,-0.065782,-0.106403,0.192936,0.043298,-0.023163,0.002203,0.046242,-0.010465,0.171365,-0.167733,0.147485,0.198199,0.015454,-0.047650,-0.018352,0.125203,-0.022323,0.054981,0.229809,0.278906,0.024039,-0.051980,0.013877,-0.027222,0.006669,0.212528,-0.042873,0.098696,-0.127198,-0.001074,0.187728,0.203296,0.076933,0.062293,0.053179,0.033847,-0.003268,0.087533,0.099648,0.001392,-0.095942,0.295786,-0.110015,0.001306,0.214803,0.036956,-0.005008,0.027033,0.076315,-0.117348,-0.030864,-0.081956,0.001854,0.047359,0.111072,0.057611,0.242139,0.019344,0.091306,0.086785,0.115152,-0.120525,0.132941,-0.045525,0.110594,-0.099808,0.243265,0.106730,0.091037,0.078014,0.174814,-0.007075,0.109320,0.169226,0.065183,0.032382,-0.058895,0.107282,0.123158,-0.003944,0.153431,0.182430,-0.092784,0.103292,0.036690,0.045635,0.196400,-0.014806,0.046121,0.098327,-0.018579,-0.215239,0.061430,0.075670,0.165709,0.043551,0.068604,0.006773,0.170685,-0.051739,-0.137216,0.133593,0.008614,0.276086,#
11,-0.046325,0.236538,0.202055,0.075063,0.133028,0.078141,0.002915,0.194511,0.157320,0.005126,0.029727,1.000000,0.045411,0.045631,-0.138387,-0.101456,-0.021184,0.127451,0.056372,-0.182273,-0.067111,0.192495,-0.098502,-0.093913,0.173364,0.148647,-0.161163,0.184828,-0.135134,0.073152,0.178017,0.080122,0.021224,0.070693,0.035543,0.057624,0.135122,-0.102548,0.058060,0.128459,-0.014120,0.165674,0.251034,0.016804,0.004067,0.055681,0.138781,-0.056007,0.135406,-0.024350,0.026704,0.146591,0.025553,0.239191,0.000518,-0.061631,-0.101624,0.288599,0.090091,0.036248,0.045180,-0.049817,0.094084,-0.156846,0.045204,0.176710,0.144311,0.124997,0.146284,0.083553,0.008345,0.041535,0.173947,-0.037735,-0.077613,-0.128980,0.045567,-0.074888,-0.052776,-0.032332,0.123099,0.102214,0.084627,0.009145,0.184737,-0.081232,0.032301,0.041628,0.224768,-0.043386,-0.190324,0.134462,0.180237,0.199164,0.059318,0.118604,-0.087885,-0.087758,0.097525,0.114090,0.066114,0.123281,-0.024471,0.076428,0.004281,0.181132,0.124453,0.201292,0.123015,0.170730,0.195586,0.091492,0.100418,0.077944,-0.082610,0.219332,-0.018685,0.111326,-0.202406,0.024098,-0.032038,0.081290,0.091618,-0.019355,0.087041,-0.075983,-0.062782,0.013693,0.098585,0.037299,0.072902,0.158461,0.162561,0.146233,0.087482,0.071176,-0.136424,0.234780,-0.029772,0.156843,0.099771,-0.094491,0.103390,0.096792,0.223111,-0.042482,0.095349,-0.024027,-0.113130,-0.013083,0.026462,0.161721,0.124885,0.105398,0.146081,0.138945,0.045632,-0.059958,0.064687,-0.034394,-0.031974,0.106334,-0.132701,-0.049671,-0.059911,-0.035026,0.152059,-0.004396,-0.023442,0.154323,-0.008371,0.038304,-0.028038,-0.088409,0.063547,0.071562,-0.004118,0.032108,-0.117073,0.106818,0.138333,-0.008205,0.068798,-0.103413,-0.119200,0.064058,-0.041470,0.006780,0.133570,0.137124,0.170448,-0.063899,0.227565,0.113152,0.219230,-0.005211,0.048587,0.025862,0.028713,0.161632,#
12,-0.030240,0.023485,0.024427,0.062763,0.130557,0.211971,0.086954,0.064418,0.099619,0.073968,-0.137123,0.045411,1.000000,0.043965,0.201497,0.032983,0.281917,0.103102,0.040399,0.174332,-0.022872,0.116205,0.118117,0.149321,-0.107201,0.121292,0.141873,0.155780,0.058483,0.038318,-0.047381,0.164536,0.177859,0.057440,0.100951,0.137887,0.049516,0.043720,0.037986,0.079874,0.120752,-0.070554,0.162997,0.289423,0.200337,0.172086,0.173665,-0.063244,0.212611,0.023849,0.223363,0.064174,0.042348,0.176642,0.173899,0.133717,0.020180,0.118151,0.020592,-0.133583,0.033407,0.300779,-0.128230,0.109228,0.349088,0.062008,0.045756,0.045936,0.148645,0.045999,0.144412,0.109050,0.166545,0.088935,0.229190,0.186705,0.147823,-0.070111,0.056413,0.041511,0.213116,0.071365,-0.070370,0.006129,0.046734,0.117023,0.057120,0.113237,0.196450,0.006646,0.038301,0.042263,0.049101,0.060442,0.131495,0.158938,0.301487,0.090850,0.013361,0.082440,0.084102,0.163735,0.036796,0.086261,0.084277,-0.007111,0.069864,-0.006801,-0.033258,-0.000019,0.245589,0.041357,0.069696,-0.036161,0.112715,-0.063766,0.203637,-0.131637,0.166059,-0.084417,0.144463,0.053478,0.174003,0.270693,0.120334,-0.142165,0.032477,-0.037569,-0.062484,-0.000329,0.099791,0.039715,0.041157,0.106460,0.125157,-0.045535,0.202838,0.097228,0.274910,0.056531,0.128190,0.095871,0.106238,0.060528,0.051337,0.206272,0.029632,0.123034,0.022778,0.113123,0.032025,0.159240,0.073452,0.060973,-0.013703,0.228600,0.019201,-0.006102,-0.026488,0.040657,-0.000404,0.331146,0.095082,0.139408,0.161197,-0.010971,0.137502,0.096753,0.020932,0.049242,0.125249,0.129937,0.027800,0.141792,0.206189,0.077511,0.158153,0.168014,0.066888,-0.013292,0.106596,0.101337,0.119944,0.027093,-0.018652,0.100866,0.141132,0.205798,0.050041,-0.116308,0.039523,-0.109687,0.052009,0.113942,-0.110653,0.103875,0.105920,0.145674,0.105781,-0.030649,#
13,-0.091212,-0.169836,0.185194,-0.036245,0.078605,-0.036454,0.030774,-0.040134,-0.002908,0.018027,-0.100438,0.045631,0.043965,1.000000,0.171655,-0.026781,0.172195,-0.041776,0.087717,0.136054,0.094312,-0.019269,-0.010055,0.115743,-0.195911,0.166284,0.194865,0.120150,-0.038914,0.046970,0.002935,0.046336,0.142488,0.002076,0.192306,0.093595,-0.043719,0.064639,-0.170469,0.080669,-0.058374,0.091285,0.112434,0.066002,0.124994,0.133389,0.064387,-0.025573,0.072910,-0.049576,0.058853,-0.039804,0.026912,0.313735,0.020327,0.067178,-0.082479,0.098354,-0.019273,0.153405,0.145487,0.183523,0.130850,0.069978,0.062683,-0.017650,0.221584,0.108998,0.107833,0.052539,0.041646,-0.005116,-0.061463,0.038515,0.159419,0.143664,0.116078,0.098579,0.124363,0.220541,0.047667,0.216102,0.063658,0.123749,0.051044,0.040049,0.102469,0.061555,0.018514,-0.061842,0.062410,0.068596,0.082970,0.204240,0.043222,-0.109760,0.037496,0.009957,0.052090,0.258567,0.008279,0.237652,0.050474,0.315663,0.062967,0.063223,0.124094,0.045027,0.158019,0.127762,0.023301,0.122453,0.320399,0.013694,0.173062,0.138418,0.177697,0.161440,-0.069304,0.145030,0.056497,-0.034419,0.165984,0.054880,0.070788,-0.154783,0.013776,-0.147259,0.113727,0.024274,-0.119910,0.057781,0.014109,0.057249,0.236087,-0.048459,0.057960,-0.018571,0.007897,0.166057,-0.255001,0.112520,0.263164,0.190836,0.050810,0.130115,0.157406,0.084498,0.003807,0.073764,-0.035383,0.108158,0.097894,0.226090,0.092956,0.173359,-0.147198,0.100377,0.131092,0.147105,-0.046805,0.137199,0.008051,0.162143,0.016503,0.057908,-0.046383,-0.088401,0.064582,-0.047816,0.045509,0.268205,0.100283,0.056175,0.199896,0.056887,0.074200,0.163947,0.115244,-0.074822,0.000422,0.249458,0.010351,0.056161,0.219111,0.178924,0.209740,-0.016700,-0.145073,0.074774,0.121536,0.063436,0.030225,0.165394,-0.042444,0.148772,-0.042304,-0.120392,0.096585,0.059660,#
14,0.145815,-0.095731,-0.082547,0.101287,0.084355,0.072136,-0.025319,0.170127,0.194968,0.083394,0.066827,-0.138387,0.201497,0.171655,1.000000,0.204409,0.117115,0.053166,0.154602,0.196528,0.082986,-0.041572,0.114758,0.251417,-0.044863,-0.045778,0.172810,0.091794,0.139777,0.092850,-0.061762,0.244609,0.012990,0.057680,0.183953,0.080796,0.059371,0.061055,0.035172,0.175199,-0.080525,-0.081776,0.114493,-0.003599,0.252128,0.274955,0.101506,-0.133950,-0.009061,0.207715,0.150307,0.011509,0.182342,0.199714,0.310131,0.145208,0.131290,0.046454,0.051308,0.095078,0.157853,0.202095,0.101232,0.085559,-0.010658,-0.161968,0.097208,0.123488,-0.052467,0.162126,0.220487,0.049448,0.055711,0.173100,0.299291,0.038426,0.252175,0.140918,0.093310,0.039680,0.171555,0.206111,0.058316,0.127628,0.107399,0.084810,-0.061101,0.114087,-0.002435,-0.011898,-0.058571,0.164993,0.133525,0.055217,0.170463,0.080709,0.274717,0.045037,-0.038260,0.051962,0.160004,0.222429,0.115319,0.135014,0.196317,-0.135752,0.096429,-0.013138,-0.157286,0.091380,-0.001472,-0.152595,0.091728,0.153819,0.104323,0.047878,0.130920,-0.082953,0.050601,0.071370,0.162365,0.188441,-0.058543,0.008408,0.121465,-0.036386,0.041242,0.155176,0.013635,0.202367,-0.017547,-0.061940,-0.004369,0.018589,0.131420,0.106042,-0.167095,0.103368,0.032279,-0.010189,0.135366,0.131928,0.135673,0.164029,-0.074092,0.227311,0.113462,0.056293,-0.060345,-0.004575,0.205472,0.042179,0.029932,0.111269,0.117511,0.236096,0.140485,0.081136,-0.031045,0.099765,-0.028739,0.006478,0.146231,0.064862,0.091975,0.073542,0.068807,-0.088088,0.085927,0.212764,0.135089,-0.008593,0.179361,0.010144,0.039171,0.012726,0.163073,0.140424,0.198768,-0.004381,0.187920,0.201361,0.070904,0.029115,0.074765,-0.006202,0.094775,-0.230300,-0.040999,0.224977,-0.044642,0.017633,0.027838,0.139930,0.139742,0.088677,-0.078612,0.018111,0.107456,-0.112061,#
15,0.346060,-0.068922,0.205640,0.000401,0.133423,0.032959,0.113536,-0.018244,0.213894,0.149189,0.139160,-0.101456,0.032983,-0.026781,0.204409,1.000000,0.227248,0.217072,0.104399,0.120348,0.067016,0.047467,0.157363,0.274340,0.060312,0.206953,0.141194,0.019744,0.130031,0.212417,-0.011027,0.190024,0.007803,0.169620,0.047158,0.185818,0.027525,-0.163218,0.163049,-0.019056,0.077438,0.042398,0.135802,0.015987,0.200033,0.067692,-0.153768,0.096261,0.007099,0.263898,-0.109518,0.256906,0.104044,0.116013,0.174226,0.123146,0.075860,-0.007947,0.169857,0.210148,0.178499,0.013757,0.256731,0.027148,-0.011841,0.177954,0.009507,0.123374,0.018423,-0.116396,0.182914,0.028151,0.051809,0.051981,0.078036,-0.024534,-0.007119,0.086557,-0.045695,0.114772,0.271247,0.012850,-0.196674,0.221976,0.179915,0.102315,0.080496,0.311155,-0.041339,0.115512,0.009461,0.046855,0.035743,0.044376,0.176597,0.055629,0.311305,-0.024264,0.086027,0.072224,0.197170,0.059129,-0.019683,0.071914,-0.036094,-0.039866,0.158765,0.064381,-0.034379,0.060437,-0.036842,0.261525,0.025179,0.072510,0.090901,0.079954,-0.023240,-0.137868,-0.040961,-0.109373,0.164613,0.112440,0.095959,0.065964,0.061017,0.095052,0.156441,0.149345,-0.018871,0.146404,-0.020516,-0.009017,0.130719,0.066340,0.115696,0.126588,-0.054763,-0.117709,0.001366,-0.077048,-0.066306,0.143759,0.061904,0.094542,0.140587,-0.059367,0.033358,0.113780,0.259834,-0.052877,0.007095,-0.056170,0.179143,0.085784,-0.010629,0.177447,0.177909,0.154725,-0.032533,0.119960,-0.030219,-0.014649,0.245069,0.065757,0.013802,0.222318,0.098061,0.107962,0.172730,-0.044213,-0.051203,0.076699,0.069679,-0.013721,0.133990,0.036823,0.255575,0.166615,0.007339,0.099026,0.199010,0.047246,0.021048,0.275129,0.030861,0.019379,-0.054250,0.170110,-0.035651,0.082153,-0.156785,0.009990,0.080645,-0.009056,-0.046387,0.123494,0.096902,0.087334,0.098068,-0.063415,#
16,0.175919,-0.041138,-0.016742,0.004139,-0.033285,0.006932,0.022620,0.100922,-0.089230,-0.019651,0.001226,-0.021184,0.281917,0.172195,0.117115,0.227248,1.000000,0.009337,-0.083241,0.298393,0.026389,-0.011656,0.040408,0.067665,-0.138044,0.123920,0.123865,-0.115703,-0.030365,0.283885,-0.154025,0.101568,0.011409,0.189305,0.113897,0.032859,0.020669,0.013133,0.100596,-0.087422,-0.012212,-0.108446,0.178027,0.127418,0.050112,0.135414,-0.057966,0.015277,0.010510,0.012340,0.031412,0.104622,0.166730,0.161626,0.110811,0.005957,0.021269,-0.016855,-0.019257,-0.078618,-0.057584,0.237644,0.129143,0.140923,0.110174,0.003863,-0.050489,0.231347,0.046656,0.110833,-0.134397,0.135719,0.178717,-0.008604,0.034117,0.117161,-0.075575,0.186903,0.010009,0.075407,0.026556,0.004141,-0.097965,0.184678,0.084292,0.152445,0.116894,0.090492,0.107754,-0.001797,0.026216,0.066765,0.081705,-0.113862,0.032181,-0.079267,0.143707,-0.080987,0.025912,0.200469,-0.107999,0.038832,-0.084387,0.012129,-0.007088,0.026198,0.108714,0.024066,-0.027705,0.066447,0.050146,0.034784,0.086147,-0.108469,0.198119,0.072909,0.103696,0.093409,0.043948,0.063842,0.201840,0.154387,0.102519,0.144887,0.167780,-0.057363,0.076697,-0.124493,-0.035958,0.143844,0.008143,-0.139490,0.206870,-0.296616,0.213583,0.142031,-0.058030,0.027094,-0.047193,0.045213,-0.051420,0.095491,0.063283,0.043135,0.146168,-0.018721,0.049267,0.072528,0.147857,0.256234,-0.201818,0.247082,-0.037237,0.061116,0.053252,0.081553,-0.001830,0.036757,-0.018534,0.077878,0.000547,0.132025,0.123512,0.060846,0.070081,-0.011385,0.111694,0.089127,-0.023592,-0.079671,0.039623,0.112602,-0.066265,-0.003058,0.119589,0.086457,0.047512,0.058154,0.108312,-0.020070,0.047433,0.049190,0.016499,-0.059103,0.038770,0.195113,0.102891,0.101982,0.037456,0.007851,0.149667,-0.185666,-0.229328,0.014606,-0.063808,0.239560,0.024519,-0.061533,-0.122796,-0.001233,#
17,0.136950,0.064129,-0.044890,0.122563,0.117330,0.114462,0.064482,0.153617,0.131009,-0.047680,0.102591,0.127451,0.103102,-0.041776,0.053166,0.217072,0.009337,1.000000,-0.021492,0.009154,0.135132,-0.061529,-0.014257,0.112704,-0.021290,0.140927,0.044944,-0.005655,-0.020166,-0.014502,0.152331,0.041188,0.232382,-0.019934,0.023488,0.206934,-0.198012,0.029397,0.213832,0.043491,0.156023,0.121336,0.017430,0.127612,0.046699,0.055193,0.075314,0.060450,-0.054601,0.056597,0.088190,0.096901,-0.039247,0.000334,0.101154,0.169200,0.150212,0.011434,0.048630,0.043937,0.076617,0.149620,-0.001633,-0.010010,0.051589,0.230081,0.145576,0.177551,0.055844,-0.029007,0.006302,0.162062,0.064295,-0.114499,0.022435,0.148193,-0.049181,-0.075254,-0.122285,0.166983,0.152508,0.083152,0.091959,0.064879,-0.017229,-0.058205,0.202151,0.038208,0.124668,0.069265,-0.052404,-0.072421,0.143784,0.032534,-0.029414,0.168397,0.050687,0.044460,0.072105,0.077803,0.080695,-0.143785,-0.030826,0.032124,0.015679,-0.017420,0.119375,0.127209,0.115901,0.003524,0.090743,0.180717,0.021489,0.021809,0.141920,-0.021402,0.008055,-0.020386,-0.014622,0.021349,-0.000850,0.121285,0.023379,0.020941,0.207824,0.092008,0.070197,-0.056749,-0.100065,0.030045,0.231081,0.079784,0.131781,-0.034686,0.011044,0.092604,0.074355,0.140190,0.071462,0.050493,0.175443,0.059297,0.125372,0.104327,0.121712,0.041184,-0.003359,0.113850,-0.105598,-0.090546,0.037810,-0.070225,0.074143,0.052005,0.186825,0.167761,0.130765,0.085149,0.058044,0.015145,-0.011587,-0.004399,0.134887,0.173614,-0.046924,0.084825,-0.006403,0.042425,0.086513,-0.080979,0.073364,-0.083525,0.110235,0.000776,0.062554,-0.011300,0.082872,0.014140,-0.117074,0.245161,0.191800,0.082782,0.101189,0.135487,-0.044782,0.029368,0.001051,0.099309,0.040299,0.044139,0.051540,0.012544,0.144310,0.072513,0.157382,0.082547,0.014595,0.027648,-0.029076,0.107110,#
18,0.137445,-0.074218,0.124874,0.169898,0.121052,-0.150606,0.007615,-0.061390,0.038120,-0.025054,-0.014572,0.056372,0.040399,0.087717,0.154602,0.104399,-0.083241,-0.021492,1.000000,0.038640,0.039916,0.082422,0.121477,0.225875,0.040570,-0.037061,-0.108648,0.129996,-0.016548,-0.084451,-0.105054,-0.148822,0.076204,0.033796,0.154251,0.100844,0.048720,0.080742,0.018787,0.291616,0.070989,-0.003336,0.102130,-0.053696,0.154605,0.008396,0.040946,0.055402,-0.084921,0.115406,-0.042145,-0.010340,0.170413,0.066357,0.130458,0.139079,0.053449,0.017312,-0.086824,0.052855,0.136516,-0.010117,0.095018,-0.053325,0.113669,0.026351,0.097446,0.022429,-0.139688,0.089301,-0.019152,0.010960,-0.040871,-0.101233,0.025594,0.071470,0.102543,0.101241,-0.007222,0.034013,-0.019181,-0.023479,0.083874,0.143783,-0.029458,-0.093343,0.068459,-0.004602,-0.010271,0.045805,0.133461,-0.067081,-0.012357,-0.017923,0.056426,0.140029,0.183986,-0.002478,-0.014498,0.042576,0.083045,0.085957,0.127920,0.024581,0.176446,0.054795,0.036570,-0.051205,-0.015064,-0.019632,0.137130,0.072818,0.224862,-0.037000,0.005818,0.023607,-0.058365,-0.173251,-0.036025,0.051891,0.028848,0.009917,0.074755,-0.158484,0.025541,-0.197759,-0.045832,0.109313,0.209138,-0.046918,-0.063217,0.230526,-0.143394,0.204097,0.119016,-0.038509,0.008710,0.106896,-0.100727,0.013800,-0.100218,0.011809,0.051718,0.111293,0.068466,0.125293,0.038561,0.008525,-0.095206,0.021790,-0.011315,0.064199,-0.040083,0.033766,0.052902,0.148672,0.103234,0.111302,-0.063536,0.250276,0.074409,0.015320,0.038821,0.088643,0.007153,0.224375,0.094478,0.041916,-0.024180,0.215920,-0.151228,-0.003628,0.106954,0.049066,-0.011479,0.217435,0.101902,-0.003644,-0.032602,-0.031972,0.006927,0.015486,0.113497,-0.059546,0.030070,-0.122915,0.301388,-0.106245,-0.014884,-0.040442,0.005540,0.135288,0.127397,0.069101,0.071306,0.009157,-0.032757,0.011191,0.198408,-0.023076,#
19,0.179835,0.057006,0.079507,0.146282,0.281651,0.222332,-0.079796,-0.015857,0.075339,0.209055,0.109332,-0.182273,0.174332,0.136054,0.196528,0.120348,0.298393,0.009154,0.038640,1.000000,0.041960,-0.093017,0.137882,0.141015,-0.098514,0.166609,0.117621,0.035633,-0.028242,0.162371,0.148533,0.115775,0.019981,0.101631,0.035384,0.038685,0.050863,-0.034402,0.165876,0.093422,0.205739,0.015003,-0.052365,-0.028708,0.025022,0.085100,0.198990,0.122316,0.034626,0.210301,-0.051588,0.140534,-0.016097,0.167337,0.133569,0.198433,0.077964,-0.084615,0.124180,0.073478,0.232632,0.361731,0.146339,0.173023,0.247455,-0.066120,0.037963,0.154178,-0.077110,0.011033,0.187421,0.125465,0.114353,0.094432,0.204428,0.304510,0.046909,0.137326,0.299655,0.111130,0.145667,0.110308,0.100857,0.085200,0.113646,0.096661,0.042368,0.257531,0.115386,-0.135561,0.031187,0.102959,0.170363,-0.025510,0.092002,0.150344,0.119679,0.095613,-0.080132,0.109941,0.182462,0.138307,0.038282,0.160589,0.247894,0.236398,0.042878,0.186857,0.011575,-0.108732,-0.045342,0.037320,0.188367,0.135587,0.079657,-0.036473,0.281948,0.118127,0.068051,-0.299772,0.077397,0.172483,0.169579,0.149607,0.227824,-0.025109,0.261691,0.042592,0.004716,0.112573,-0.039472,0.002869,0.097895,0.024654,0.245609,0.056837,0.086496,0.136627,-0.022318,-0.050885,-0.026649,0.125084,0.141839,0.101721,0.105687,0.088203,-0.014466,0.093223,0.124507,0.054331,0.052887,0.259681,0.116687,0.197362,0.198813,0.102559,0.031538,0.075274,0.105950,0.192811,0.216829,0.028309,0.072386,0.074300,0.157438,0.123426,-0.000432,0.104766,0.225655,-0.099662,0.017030,0.134390,0.279086,0.207975,0.119823,0.051712,0.132739,0.258849,0.137916,0.041802,-0.085114,0.168853,0.134214,0.189668,0.199786,0.098075,0.076981,0.014823,0.126419,0.027707,0.295671,0.163059,-0.086454,0.054482,-0.030469,0.199442,-0.082443,0.124046,0.160402,0.130238,#
20,-0.037373,-0.187085,0.180927,0.148200,0.321944,-0.045364,0.119575,-0.004030,-0.095058,0.058565,-0.050003,-0.067111,-0.022872,0.094312,0.082986,0.067016,0.026389,0.135132,0.039916,0.041960,1.000000,0.042537,0.048873,0.029168,0.105799,0.238531,0.119395,-0.123202,0.009234,-0.052100,-0.076394,-0.100124,0.027902,-0.006160,0.038970,0.114674,0.093147,0.022068,0.115288,0.063566,0.057522,0.157984,0.026356,-0.089093,0.291303,-0.003045,0.179527,-0.049261,-0.134649,0.013206,-0.209978,0.033592,-0.013919,0.092661,0.228694,0.168560,0.176668,0.093967,0.077849,-0.063892,0.220137,0.095939,0.108290,0.020542,0.000314,-0.147694,0.008160,0.070721,0.030854,0.126169,0.198652,0.152685,-0.058634,0.032445,0.038304,-0.099909,-0.018223,0.171793,0.053488,-0.003571,0.058721,0.115525,-0.013421,-0.074354,0.055164,0.117496,0.052717,-0.006875,0.110073,-0.073001,0.059824,-0.047225,0.100812,0.109029,0.141578,-0.057165,0.092997,0.157752,0.102262,-0.045296,0.073802,0.001016,0.219579,-0.037985,0.083204,-0.071474,0.091254,0.067174,-0.054178,0.163091,0.139049,0.223517,0.039052,-0.142367,0.086396,0.016236,0.196399,0.037131,-0.024854,0.125446,0.078996,0.093931,-0.030641,-0.030315,0.009121,-0.019559,0.136467,-0.014041,0.191913,0.073992,0.137818,-0.010425,0.068378,0.060387,0.030126,-0.089429,0.123760,-0.186465,0.052175,0.003782,0.061307,0.167501,0.153206,0.053077,-0.008776,0.009958,-0.028138,0.106481,0.116793,0.154610,0.191279,0.049074,-0.091663,0.197988,-0.063124,0.011885,0.042290,-0.035897,-0.076090,0.216224,-0.006339,0.038335,0.062905,0.114300,0.041021,-0.018564,-0.152870,0.094460,0.009763,-0.037411,0.124696,-0.128967,0.033283,-0.058921,-0.021104,0.069818,-0.113386,-0.032885,0.171633,0.096467,0.066730,0.054228,-0.101793,0.025394,0.077326,-0.210669,0.056010,0.076972,-0.029588,0.258695,-0.144753,0.069228,-0.017176,0.121752,0.052796,0.070189,0.015815,0.084535,0.170152,0.124178,#
