0,1.000000,0.239847,0.283330,0.169764,0.254484,0.302941,0.232410,0.204229,0.257385,0.279435,0.312778,0.294576,0.221559,0.125496,0.318942,0.143561,0.288576,0.431084,0.181876,0.161164,0.306774,0.343169,0.250788,0.307192,0.245734,0.164659,0.234248,0.297764,0.357120,0.217670,0.181703,0.123905,0.303678,0.158388,0.173278,0.330298,0.342767,0.221307,0.303667,0.300776,0.121069,0.294254,0.163413,0.268223,0.192695,0.258057,0.373572,0.210772,0.323851,0.308444,0.397337,0.193221,0.227967,0.144337,0.418440,0.225888,0.294444,0.291259,0.243436,0.172496,0.270197,0.244414,0.240626,0.276272,0.344275,0.136080,0.322640,0.232122,0.223656,0.246248,0.389923,0.336055,0.328175,0.296610,0.191571,0.180368,0.170476,0.269046,0.260148,0.155337,0.351883,0.241738,0.264390,0.255991,0.214402,0.334492,0.265225,0.246435,0.343393,0.191134,0.263621,0.152135,0.150079,0.163742,0.320760,0.212695,0.286441,0.277743,0.282425,0.347894,0.280229,0.339947,0.181774,0.262620,0.180083,0.220127,0.243812,0.234157,0.213045,0.097217,0.185199,0.221671,0.262611,0.239818,0.152418,0.275903,0.320712,0.162475,0.347935,0.273198,0.346190,0.083376,0.158354,0.181923,0.168878,0.463850,0.104279,0.172105,0.174495,0.352891,0.290156,0.308226,0.251838,0.181633,0.194167,0.147261,0.327456,0.197770,0.295204,0.480325,0.255369,0.288455,0.271002,0.268430,0.294928,0.277714,0.229153,0.050477,0.294510,0.239287,0.300392,0.169431,0.274874,0.220899,0.205323,0.107595,0.104300,0.170940,0.295164,0.350047,0.294403,0.277374,0.074201,0.285566,0.339117,0.078274,0.081701,0.159431,0.290900,0.159349,0.386128,0.047001,0.360908,0.448977,0.179540,0.245110,0.349466,0.300505,0.313924,0.229837,0.229885,0.389997,0.153186,0.108455,0.147988,0.374383,0.288491,0.418612,0.278898,0.094675,0.297553,0.276829,0.067964,0.100815,0.289610,0.119916,0.187774,0.159320,0.271813,0.307503,#
1,0.239847,1.000000,0.145074,0.182816,0.425347,0.318190,0.280587,0.287909,0.131918,0.180598,0.308072,0.244658,0.249915,0.289821,0.146517,0.134346,0.096599,0.264803,0.280329,0.175409,0.131431,0.290457,0.205067,0.286716,0.344174,0.317020,0.275548,0.282203,0.336309,0.039111,0.314804,0.225029,0.438336,0.235524,0.228115,0.095934,0.206831,0.244067,0.240148,0.232297,0.227305,0.233414,0.391525,0.246793,0.264772,0.249012,0.329778,0.307682,0.273734,0.198288,0.417630,0.094520,0.317279,0.210417,0.314112,0.264891,0.315115,0.331582,0.377089,0.273778,0.260097,0.279031,0.215557,0.288094,0.298830,0.251931,0.202672,0.320161,0.285989,0.167479,0.378678,0.242281,0.359893,0.287479,0.286681,-0.021917,0.270429,0.236712,0.328723,0.272583,0.228295,0.400163,0.290850,0.375354,0.091526,0.206706,0.331345,0.307385,0.271699,0.384458,0.314117,0.378496,0.129945,0.202003,0.142297,0.258324,0.190075,0.232861,0.176811,0.187755,0.134329,0.164108,0.199162,0.242831,0.164615,0.174950,0.214007,0.339277,0.174913,0.238927,0.362981,0.228121,0.233882,0.218690,0.263639,0.306887,0.300237,0.112966,0.402589,0.252148,0.167664,0.222721,0.309015,0.220336,0.252625,0.377090,0.206807,0.172512,0.218299,0.206182,0.293025,0.237373,0.086152,0.210518,0.383679,0.321839,0.238830,0.201362,0.234035,0.409164,0.350970,0.195926,0.060430,0.135999,0.312377,0.221399,0.309101,0.070377,0.387091,0.251476,0.321519,0.225773,0.235218,0.134489,0.234249,0.198299,0.294705,0.317433,0.242850,0.092624,0.013297,0.307283,0.112785,0.266580,0.299147,0.395890,0.168305,0.317904,0.324667,0.273416,0.288438,0.205465,0.224723,0.229764,0.347472,0.167997,0.035312,0.296472,0.271749,0.185084,0.249021,0.201442,0.266449,0.223925,0.305249,0.328343,0.141014,0.385387,0.236017,0.306261,0.375579,0.221603,0.043465,0.091121,0.245327,0.313708,0.118116,0.262755,0.071650,0.269489,#
2,0.283330,0.145074,1.000000,0.330951,0.083118,0.290733,0.236418,0.235656,-0.018880,0.079905,0.041192,0.229464,0.220568,0.126947,0.230071,0.089056,0.110243,0.183402,0.184645,0.147910,0.155094,0.305397,0.332585,0.310529,0.239158,0.206246,0.296632,0.123094,0.234957,0.166414,0.223960,0.175236,0.242037,0.160366,0.115606,0.259522,0.243829,0.252733,0.212763,0.161049,0.277695,0.270954,0.152828,0.072836,0.080297,0.330862,0.220358,0.291409,0.160740,0.201969,0.233765,0.274417,0.235099,0.175949,0.198786,0.269530,0.075097,0.245573,0.096776,0.209902,0.011624,0.285594,0.157214,0.211210,0.354136,0.255887,0.175032,0.012624,0.135965,0.310834,0.273268,0.056202,0.128199,0.287976,0.194368,0.247995,0.099919,0.239461,0.196097,0.370595,0.322776,0.063976,0.115149,0.163697,0.039282,0.233129,0.316302,0.231645,0.094784,0.250619,0.134327,0.152510,0.136924,0.006489,0.218725,0.065986,0.166325,0.128346,0.230645,0.179381,0.269241,0.265072,0.181085,0.138186,0.255544,0.125287,0.175071,0.222340,0.140998,0.184788,0.223719,0.215153,0.173299,0.119284,0.103280,0.184279,0.084698,0.242616,0.108384,0.059317,0.188648,0.220564,0.128081,0.144784,0.112781,0.172754,0.143041,0.181108,0.177723,0.255154,0.187148,0.251051,0.123272,0.042090,0.099543,0.298401,0.201086,0.266016,0.064920,0.107418,0.062254,0.173427,0.196524,0.174936,0.338787,0.171988,0.292333,0.082872,0.322776,0.176295,0.224397,0.277955,0.184828,0.151768,0.094671,0.054244,0.041900,0.160352,0.274478,0.078925,0.300420,0.225354,0.183174,0.283365,0.274054,0.070212,0.162033,0.283791,0.123637,0.140272,0.195171,0.202245,0.165304,0.210539,0.275820,0.180316,0.376413,0.278503,0.292763,0.210341,0.232360,0.116698,0.177443,0.164839,0.048154,0.290027,0.162387,0.229671,0.206505,0.012185,0.219843,0.094948,0.274877,0.120183,0.235999,0.040828,0.218915,0.085391,0.296556,0.215937,#
3,0.169764,0.182816,0.330951,1.000000,0.257912,0.134427,0.218314,0.259550,0.071821,0.212713,0.169989,0.291168,0.119837,0.197212,0.148038,0.118729,0.090546,0.236508,0.185256,0.134467,0.032774,0.240459,0.206971,0.314458,0.281601,0.210556,0.161614,0.086298,0.210950,0.097385,0.309973,0.260001,0.267638,0.369756,0.042557,0.210668,0.303491,0.322000,0.288603,0.108195,0.230249,0.223715,0.283142,0.161681,0.200372,0.344730,0.292781,0.206999,0.173892,0.233992,0.323420,0.134683,0.121568,0.165269,0.089747,0.294254,0.221819,0.321037,0.228254,0.275207,0.091916,0.158429,0.147662,0.353661,0.225619,0.244999,0.149213,0.320016,0.084994,0.172661,0.341803,0.021670,0.132650,0.315000,0.259611,0.212136,0.144853,0.276449,0.262097,0.315176,0.239068,0.225345,0.209176,0.236045,0.160434,0.220751,0.328592,0.177817,0.228045,0.356799,0.199846,0.228525,0.148152,0.262924,0.059300,0.157943,0.201034,0.097120,0.323687,0.183476,0.274733,0.172084,0.272195,0.160433,0.215520,0.176282,0.259903,0.223437,0.160120,0.041990,0.217619,0.224926,0.207926,0.202411,0.071621,0.168707,0.266897,0.151623,0.229787,0.157388,0.261236,0.137647,0.269643,0.238384,0.211876,0.192995,0.242177,0.111949,0.167544,0.303217,0.129897,0.256576,0.285089,0.264961,0.183496,0.252700,0.128940,0.093949,0.228258,0.325838,0.254320,0.171233,0.255236,0.201086,0.329352,0.147232,0.328650,0.161928,0.262208,0.188467,0.219350,0.154930,0.120853,0.179410,0.110996,0.105411,0.187882,0.223576,0.020480,0.301323,0.326702,0.211252,0.240707,0.372547,0.298827,0.278826,0.264813,0.209333,0.192679,0.252159,0.201465,0.183458,0.212939,0.327918,0.278644,0.175647,0.115920,0.198041,0.203969,0.115639,0.217110,0.286269,0.317431,0.321826,0.134147,0.249579,0.097580,0.332162,0.058275,-0.001536,0.237044,0.224827,0.240437,0.214847,0.078025,0.226013,0.187741,0.186788,0.240710,0.238645,#
4,0.254484,0.425347,0.083118,0.257912,1.000000,0.168441,0.366488,0.197424,0.203735,0.192540,0.257880,0.125790,0.218310,0.187546,0.075168,0.099662,0.089649,0.153942,0.243563,0.274261,0.110283,0.292631,0.243011,0.284302,0.199767,0.280733,0.135759,0.275478,0.358206,-0.029029,0.144024,0.166109,0.360698,0.143911,0.186292,0.142375,0.122585,0.313479,0.149189,0.197753,0.241718,0.280010,0.218299,0.159983,0.324999,0.225177,0.328145,0.289126,0.175114,0.313350,0.248991,0.043286,0.165403,0.227403,0.218465,0.168884,0.197543,0.216110,0.197234,0.275054,0.248468,0.171957,0.103898,0.156626,0.186915,0.094245,0.215904,0.156014,0.145051,0.173209,0.258712,0.228658,0.206577,0.172216,0.229004,-0.075071,0.171439,0.224452,0.101489,0.113716,0.304023,0.293157,0.165976,0.215704,0.174824,0.188708,0.187067,0.165090,0.259960,0.371716,0.247199,0.204649,-0.056306,0.195526,-0.031252,0.289201,0.129258,0.340344,0.373779,0.274073,0.218387,0.126694,0.182148,0.252378,0.211867,0.070280,0.091682,0.204585,0.144193,0.277004,0.360157,0.149937,0.257813,0.364808,0.200728,0.086186,0.204362,-0.043227,0.335117,0.037226,0.159057,0.267879,0.266240,0.131813,0.206419,0.293111,0.170086,0.164441,-0.079234,0.164466,0.198970,0.174827,0.218648,0.172817,0.288015,0.261295,0.160104,-0.000268,0.122785,0.302070,0.243106,0.043972,0.102702,0.268783,0.211097,0.116991,0.281295,0.031966,0.224737,0.361472,0.214901,0.245381,0.302718,0.215376,0.045810,0.032388,0.276501,0.142460,0.162677,0.177945,0.133601,0.135062,0.146536,0.362793,0.177927,0.390959,0.060991,0.089090,0.163440,0.185359,0.274454,0.058142,0.141891,0.161062,0.280048,0.090792,0.207835,0.183255,0.257938,0.037932,0.119562,0.145816,0.182521,0.156699,0.138438,0.239592,0.131217,0.384346,0.215095,0.129467,0.312046,0.132414,0.120824,0.097536,0.037243,0.252575,0.226533,0.386902,0.117618,0.173314,#
5,0.302941,0.318190,0.290733,0.134427,0.168441,1.000000,0.139617,0.241292,0.117002,0.240361,0.149899,0.170373,0.188156,0.074188,0.247727,0.227670,0.255430,0.282108,0.247720,0.048475,0.297833,0.353605,0.260148,0.434266,0.199754,0.268184,0.227582,0.253111,0.316260,0.138404,0.118821,0.278202,0.339079,0.145072,0.189775,0.150857,0.345042,0.108685,0.236949,0.334120,0.200330,0.275923,0.087498,0.278165,0.170619,0.263137,0.231691,0.158312,0.295699,0.275799,0.324591,0.158030,0.221557,0.089847,0.223519,0.151148,0.073759,0.349066,0.236655,0.270617,0.261232,0.277556,0.200814,0.233413,0.249837,0.205126,0.276586,0.244910,0.144508,0.181543,0.383585,0.137772,0.277901,0.418582,0.209743,0.108977,0.233280,0.247173,0.191753,0.311521,0.258132,0.234533,0.292505,0.123763,0.050902,0.346491,0.175434,0.221421,0.249347,0.284923,0.131701,0.306202,0.042821,0.129643,0.101984,0.148403,0.202231,0.045815,0.287111,0.117442,0.281967,0.279625,0.272480,0.305574,0.047132,0.134097,0.037698,0.306856,0.136267,0.185518,0.346701,0.148245,0.343432,0.105214,0.196005,0.214510,0.407704,0.246228,0.190149,0.228200,0.044234,0.197345,0.149889,0.204961,0.249739,0.195105,0.137411,-0.011930,0.327927,0.386312,0.133212,0.389715,0.194864,0.170077,0.386144,0.230523,0.144341,0.094820,0.183394,0.242291,0.289048,0.256028,0.072781,0.194412,0.273089,0.098920,0.194489,0.200719,0.239552,0.145873,0.257291,0.177214,0.269241,0.315622,0.119539,0.165459,0.247108,0.136698,0.380213,0.063868,0.183103,0.151336,0.252971,0.130008,0.328009,0.003334,0.065351,0.272766,0.240071,0.288371,0.127275,0.216695,0.326976,0.237219,0.115015,0.197511,0.146725,0.209186,0.325610,0.177328,0.298361,0.363272,0.238146,0.120243,0.216048,0.351811,0.217675,0.286454,0.191866,0.217412,0.392285,0.093195,0.156344,0.192321,0.296086,0.231319,0.097532,0.351476,0.130809,0.338358,#
6,0.232410,0.280587,0.236418,0.218314,0.366488,0.139617,1.000000,0.226129,0.064540,0.104432,0.216201,0.115093,0.065233,0.183244,0.081681,0.100082,0.163985,0.158468,0.198657,0.214715,0.169041,0.248703,0.172038,0.175858,0.152175,0.097267,0.106537,0.196970,0.273791,0.053095,0.085585,0.185578,0.251024,0.043279,0.042129,0.013449,0.138414,0.100224,0.280861,0.162825,0.229173,0.242494,0.206364,0.257593,0.066606,0.140127,0.347811,0.374087,0.190185,0.329866,0.116607,0.183930,0.284607,0.163870,0.088584,0.187991,0.253129,0.308548,0.251023,0.260691,0.021005,0.201321,0.034850,0.229252,0.124049,0.364169,0.202961,0.188632,0.189965,0.149626,0.290638,0.200473,0.296623,0.120670,0.143131,0.089144,0.163141,0.102499,0.179876,0.240652,0.308009,0.296218,0.262250,0.154025,0.116561,0.226659,0.180055,0.306036,0.285878,0.285418,0.255844,0.196799,0.067756,0.283983,0.122886,0.323824,0.150915,0.139206,0.289815,0.215352,0.255732,0.229153,0.069603,0.129926,0.046404,0.287146,0.104377,0.167961,0.169251,0.167171,0.249837,0.111370,0.270944,0.153721,0.168254,0.122770,0.309994,0.134989,0.285498,0.130930,0.105343,0.249932,0.173997,0.047807,0.161576,0.095100,0.116288,0.269280,0.020070,0.288325,0.163271,0.121585,0.251553,0.036539,0.340883,0.198442,0.127832,0.255927,0.186333,0.208524,0.138912,0.001425,0.066894,0.367739,0.043451,0.194481,0.208942,0.050368,0.191044,0.136474,0.208504,0.143739,0.263939,0.226976,0.150461,0.114641,0.063067,0.087807,0.158062,0.141585,0.095336,0.167653,0.145303,0.159089,0.251385,0.166610,0.097329,0.174996,0.289485,0.280328,0.038954,0.140096,0.171800,0.184339,0.187498,0.222759,0.142885,0.246050,0.266004,0.036206,-0.039713,0.057991,0.095266,0.284892,0.200110,0.164498,0.164853,0.213345,0.251517,0.219285,0.201791,0.082486,0.263580,0.156181,0.124306,0.215835,0.140498,0.205013,0.092676,0.273742,#
7,0.204229,0.287909,0.235656,0.259550,0.197424,0.241292,0.226129,1.000000,0.050834,0.327610,0.245796,0.337271,0.166102,0.276938,0.102599,0.232359,0.112833,0.309838,0.222294,0.305334,0.178572,0.305251,0.433699,0.240948,0.329101,0.154864,0.225747,0.317602,0.369588,0.062033,0.339088,0.375836,0.403656,0.177718,0.127704,0.199072,0.183984,0.220111,0.266565,0.222843,0.126790,0.201930,0.360681,0.146638,0.181003,0.313924,0.211187,0.313276,0.368110,0.303399,0.375611,0.144001,0.166393,0.296578,0.329379,0.233481,0.219484,0.329125,0.216369,0.336437,0.223197,0.111571,0.197949,0.249596,0.374545,0.148949,0.203630,0.325938,0.213749,0.356780,0.324374,0.131714,0.369718,0.427864,0.278790,0.183540,0.257909,0.273570,0.301351,0.382510,0.293131,0.306389,0.357357,0.338208,0.173041,0.266796,0.392167,0.176981,0.271440,0.333689,0.282288,0.231970,0.230657,0.196383,0.117787,0.325550,0.125535,0.081838,0.206903,0.052818,0.331587,0.238417,0.255348,0.239826,0.154695,0.345719,0.279545,0.192621,0.287945,0.102596,0.205306,0.208209,0.197171,0.270150,0.322164,0.220983,0.222268,0.209841,0.332232,0.257160,0.269659,0.260173,0.243364,0.407436,0.374641,0.194550,0.277078,0.348447,0.209635,0.258928,0.156386,0.213678,0.174261,0.293243,0.385401,0.192431,0.160987,0.324457,0.315736,0.425127,0.340072,0.417835,0.026386,0.297479,0.260471,0.219143,0.353658,0.154138,0.328849,0.146729,0.288305,0.418293,0.127798,0.138707,0.087710,0.354465,0.252535,0.311043,0.185233,0.265952,0.190175,0.252011,0.147654,0.340396,0.340852,0.156087,0.267763,0.252335,0.357648,0.279272,0.280478,0.239943,0.247475,0.171641,0.185365,0.128058,0.191484,0.271754,0.107216,0.255369,0.180510,0.318960,0.111076,0.213363,0.068259,0.325615,0.296908,0.390185,0.120027,0.251833,0.289394,0.211510,0.132457,0.276426,0.050396,0.310305,0.331604,0.279466,0.248795,0.300567,#
8,0.257385,0.131918,-0.018880,0.071821,0.203735,0.117002,0.064540,0.050834,1.000000,0.049186,0.227732,0.115096,0.172958,0.145441,0.229099,0.091260,0.100693,-0.042365,-0.025147,0.187740,0.167505,0.091585,0.098331,0.114056,0.140899,0.109060,-0.037180,0.185515,0.084129,0.168317,0.042009,0.122532,0.135254,0.199530,0.137917,0.160813,0.137027,0.109838,0.171190,0.319453,0.060245,0.038030,-0.044991,0.128331,0.285467,0.222904,0.210613,0.190086,0.001341,0.107529,0.014641,0.148440,0.034254,0.262967,0.174668,0.120694,0.066644,0.084714,0.116007,0.178512,0.124477,-0.060450,0.235049,0.190269,0.209187,0.072358,0.181379,0.133536,0.196118,0.114994,0.068994,0.190579,0.194393,0.123115,0.034422,-0.055880,0.134054,0.035562,0.143942,-0.009374,0.133446,0.104063,0.167167,0.001659,0.124806,0.100343,0.147145,0.061063,0.183004,0.073995,0.156214,0.082085,0.036754,0.102563,0.057210,0.285268,0.180564,0.058624,0.070111,0.063351,0.152381,-0.046787,0.077797,0.053762,0.062344,-0.084989,0.224277,0.080583,-0.044280,0.019542,0.041588,0.067806,0.040248,0.118250,0.078653,0.115691,0.256731,0.074313,-0.001782,0.143451,0.143668,-0.011954,0.067168,0.067065,0.108570,0.200347,-0.046494,0.118488,0.017503,0.133978,0.135924,0.103300,0.052827,0.019953,0.212567,0.160509,0.117998,0.133058,0.220802,0.214633,0.124836,0.157333,0.263910,0.148125,0.064378,0.106249,0.177670,0.248138,0.176105,0.183280,0.077006,0.166269,0.148747,0.144634,0.166090,0.090716,0.050925,-0.021909,0.067780,0.150442,-0.067258,0.087225,-0.031351,0.183728,0.085021,0.089893,0.032580,0.186197,0.077663,0.101650,0.252423,-0.217278,0.051347,0.331689,0.110080,0.141640,0.021948,0.215888,0.110495,0.052481,0.142703,0.075654,-0.134565,0.161166,0.180782,0.055640,0.027641,0.097470,0.127914,-0.015065,0.145263,0.075211,0.033812,0.071490,0.002870,0.081372,0.104347,-0.079662,0.131288,0.141065,#
9,0.279435,0.180598,0.079905,0.212713,0.192540,0.240361,0.104432,0.327610,0.049186,1.000000,0.323970,0.194279,0.094548,0.140728,0.228595,0.276569,0.102865,0.159982,0.133353,0.284586,0.120288,0.259649,0.288843,0.286772,0.210299,0.234418,0.198916,0.357064,0.276489,0.052602,0.328037,0.280945,0.193439,0.173080,0.172662,0.202650,0.069359,0.230759,0.298766,0.227299,0.244732,0.336062,0.203522,0.023560,0.246659,0.413735,0.290175,0.333452,0.218681,0.170785,0.357715,0.226084,0.191976,0.149630,0.275726,0.333768,0.404150,0.253580,0.117959,0.256065,0.101015,0.196293,0.276951,0.230325,0.262145,0.228295,0.116007,0.314405,0.281309,0.126331,0.268914,0.299238,0.157499,0.306247,0.283774,0.142020,0.334843,0.188252,0.327186,0.290619,0.249792,0.225141,0.323236,0.251189,0.204689,0.386886,0.401785,0.124769,0.264574,0.232376,0.114557,0.350166,0.073682,0.264078,0.195640,0.207861,0.366526,0.151282,0.226720,0.257191,0.338169,0.254535,0.341581,0.090417,0.182678,0.118646,0.250854,0.268554,0.216911,0.116311,0.162497,0.180078,0.259041,0.220388,0.200577,0.303289,0.326152,0.328844,0.453140,0.190287,0.335281,0.369138,0.281749,0.282307,0.359112,0.272886,0.035232,0.220111,0.107624,0.191524,0.199388,0.343124,0.137263,0.313299,0.323826,0.143468,0.234272,0.204444,0.179607,0.300244,0.178734,0.224887,0.114354,0.152255,0.275922,-0.041052,0.311439,0.198658,0.175471,0.287764,0.300744,0.257894,0.325736,0.222761,0.102196,0.294471,0.333796,0.224163,0.267430,0.215488,0.145980,0.097921,0.022332,0.386659,0.300373,0.303484,0.131604,0.257110,0.330346,0.308479,0.193710,0.249079,0.304858,0.248656,0.147132,0.138744,0.151041,0.050328,0.074911,0.351137,0.143122,0.316664,0.283451,0.217595,0.149907,0.250146,0.315963,0.361538,0.335828,0.124949,0.287970,0.221855,0.079910,0.229737,0.166366,0.305225,0.130899,0.086614,0.240285,0.249722,#
10,0.312778,0.308072,0.041192,0.169989,0.257880,0.149899,0.216201,0.245796,0.227732,0.323970,1.000000,0.069709,0.063829,0.248998,0.165545,0.091992,0.187057,0.149384,0.311973,0.206499,0.147839,0.143118,0.241088,0.088819,0.116673,0.122049,0.298482,0.231623,0.154221,0.125334,0.225216,0.181372,0.157379,0.127869,0.164806,0.224569,0.067490,0.193230,0.232463,0.158408,0.032563,0.087732,0.237980,0.039673,0.178910,0.273133,0.216632,0.325613,0.294130,0.255583,0.137529,0.218007,0.193958,0.194099,0.238002,0.211819,0.147452,0.271022,0.197723,0.092395,0.191078,0.195904,0.175295,0.277879,0.208698,0.192223,0.172215,0.189217,0.205151,0.100089,0.250127,0.150630,0.147529,0.182920,0.192772,0.168388,0.322508,0.082958,0.209399,0.071541,0.137742,0.308829,0.177810,0.205571,0.122174,0.227119,0.331555,0.101927,0.246879,0.182734,0.096626,0.167119,0.171553,0.080473,0.058121,0.171374,0.294043,0.017139,0.257718,0.279391,0.296295,0.209819,0.112012,0.198323,0.165530,0.060387,0.244085,0.185323,0.106426,0.149440,0.096305,0.106998,0.166066,0.165639,0.222820,0.312249,0.237925,-0.010244,0.168164,0.095250,0.114509,0.004301,0.209966,0.159217,0.255775,0.196643,-0.005851,0.123160,0.045069,0.343647,0.191845,0.152994,0.124156,0.034363,0.241936,0.216150,0.151820,0.177615,0.055386,0.412118,0.235087,0.149063,0.275924,0.132310,0.148133,0.142936,0.074620,0.181392,0.161067,0.264691,0.148786,0.278015,0.241763,0.241537,0.184944,0.235119,0.286660,0.138411,0.136119,0.296183,0.032403,0.161308,0.160328,0.335314,0.178408,0.130181,0.052403,0.070401,0.134723,0.240933,0.161239,0.096295,0.282800,0.183646,0.203308,-0.020533,0.007225,0.210909,0.338719,0.300259,0.261980,0.162379,0.243385,0.141807,0.195133,0.130418,0.100617,0.277160,0.199722,0.184879,0.224736,0.140758,0.051928,0.119711,0.135244,0.335061,0.148260,0.261595,0.268638,0.296371,#
11,0.294576,0.244658,0.229464,0.291168,0.125790,0.170373,0.115093,0.337271,0.115096,0.194279,0.069709,1.000000,0.304249,0.103706,0.085061,0.261085,0.222141,0.314947,0.125963,-0.012774,0.187024,0.241271,0.253684,0.323395,0.317422,0.295567,0.085135,0.339140,0.070010,0.228186,0.312969,0.311654,0.277363,0.192871,0.123040,0.066540,0.332832,0.258720,0.174443,0.190829,0.265755,0.288902,0.271445,0.358850,0.086342,0.369433,0.219453,0.347775,0.219592,0.153295,0.377121,0.189954,0.140774,0.276111,0.209831,0.242915,0.406967,0.171146,0.258857,0.210885,0.168891,0.283800,0.301587,0.329554,0.368607,0.175630,0.276281,0.311586,0.201680,0.267319,0.263952,0.138587,0.222112,0.344644,0.367130,0.246104,0.196281,0.223147,0.460463,0.260927,0.307868,0.071044,0.256946,0.284372,0.283156,0.269900,0.439269,0.218963,0.197472,0.205556,0.414193,0.256749,0.207976,0.321483,0.201994,0.185701,0.117792,0.220934,0.192099,0.327015,0.291955,0.273681,0.235099,0.045404,0.196003,0.315717,0.194030,0.188797,0.251028,0.228175,0.179362,0.147604,0.282202,0.193356,0.023629,0.511593,0.321369,0.096873,0.324249,0.210939,0.148897,0.257393,0.291348,0.254465,0.240885,0.186766,0.346736,0.389064,0.287183,0.286093,0.132014,0.448878,0.064291,0.196174,0.158048,0.203034,0.123976,0.238292,0.138718,0.378038,0.212441,0.325435,0.145220,0.343112,0.271471,0.236005,0.396819,0.202538,0.388863,0.199397,0.218531,0.336218,0.147682,0.212031,0.252206,0.110613,0.189685,0.126324,0.135143,0.192334,0.206923,0.128293,0.091142,0.275583,0.492272,0.201507,0.205233,0.284728,0.482400,0.170622,0.297957,0.048222,0.251125,0.274780,0.198436,0.318382,0.363922,0.231178,0.162568,0.116796,0.364983,0.256700,0.200866,0.212622,0.139955,0.334749,0.260786,0.194767,0.205103,0.244267,0.035428,0.155779,0.198430,0.000957,0.143359,0.175535,0.262197,0.150840,0.067413,0.342957,#
12,0.221559,0.249915,0.220568,0.119837,0.218310,0.188156,0.065233,0.166102,0.172958,0.094548,0.063829,0.304249,1.000000,0.092110,0.200317,0.197154,0.141360,0.238568,0.300424,0.217853,0.223079,0.082286,0.253756,0.254949,0.357086,0.084081,0.045356,0.282050,0.336071,0.234040,0.162288,0.268181,0.339412,0.204243,0.158883,0.111888,0.328948,0.156003,0.180538,0.225293,0.312537,0.204589,0.333780,0.229272,0.164639,0.388581,0.209591,0.136132,0.230395,0.140462,0.311072,0.072231,0.120454,0.267171,0.150769,0.190351,0.207117,0.293682,0.259516,0.282021,0.175512,0.275976,0.183982,0.211280,0.213702,0.194270,0.208737,0.143284,0.146959,0.086924,0.152583,0.227385,0.125922,0.177697,0.304321,0.215051,0.165931,0.163836,0.117543,0.197369,0.250471,0.155251,0.290804,0.256587,0.228408,0.372169,0.269721,0.223392,0.281356,0.330810,0.243708,0.228585,0.094129,0.253205,0.163352,0.052792,0.307888,0.244313,0.123475,0.142449,0.201598,0.238275,0.211645,0.211515,0.288617,0.199600,0.183878,0.168993,0.142504,0.341004,0.202461,0.027658,0.270623,0.253140,0.069163,0.302988,0.241484,0.293191,0.140513,0.191273,0.094449,0.299954,0.285588,0.189838,0.094262,0.323529,0.182725,0.101657,0.151873,0.092344,0.128672,0.315808,0.119803,0.121830,0.128804,0.226786,0.196432,0.208821,0.135745,0.283419,0.313245,0.316088,0.107201,0.148212,0.117944,0.168201,0.359060,0.125709,0.312045,0.185156,0.286931,0.447905,0.158818,0.213827,0.215662,0.097920,0.190786,-0.080845,0.117686,0.072794,0.264099,0.136133,0.116925,0.308095,0.227141,0.298169,0.166755,0.035096,0.256216,0.223527,0.131737,0.155853,0.304679,0.220738,0.288251,0.069548,0.217883,0.310260,0.009992,0.205688,0.256455,0.232329,0.216832,0.182072,0.240954,0.307978,0.185065,0.293938,0.149698,0.079408,0.322268,0.375087,0.134269,0.129761,0.128123,0.171799,0.230361,0.014679,0.241376,0.274155,#
13,0.125496,0.289821,0.126947,0.197212,0.187546,0.074188,0.183244,0.276938,0.145441,0.140728,0.248998,0.103706,0.092110,1.000000,0.189878,0.213247,0.072344,0.066017,0.151300,0.146244,0.085129,0.216359,0.180331,0.030034,0.324151,0.252393,0.211410,0.221235,0.150755,-0.012283,0.205902,0.148088,0.247537,0.155334,0.025240,0.136398,0.126700,0.208003,0.110953,0.075151,0.139376,0.177325,0.324093,0.089181,0.170900,0.143146,0.298261,0.224337,0.270840,0.147113,0.251768,0.153980,0.233511,0.082643,0.233793,0.416020,0.197194,0.233054,0.206837,0.259306,0.185111,0.159283,0.289094,0.210356,0.123268,0.105061,0.303103,0.156705,0.365284,0.246652,0.112335,0.169124,0.307757,0.144219,0.221664,-0.003541,0.214193,0.230181,0.235601,0.219848,0.233925,0.327735,0.224288,0.334076,0.294190,0.166738,0.369045,0.198217,0.236304,0.367479,0.208521,0.193790,0.191630,0.111744,0.163880,0.179683,0.141035,0.043424,0.115054,0.200582,0.398437,0.181233,0.181175,0.032812,0.146205,0.245872,0.186690,0.159683,0.198304,0.122530,0.181877,0.086333,0.260287,0.194585,0.184794,0.089653,0.222845,0.118632,0.222821,0.199917,0.237121,0.314234,0.038281,0.210656,0.122445,0.174543,0.106103,0.173984,0.322316,0.204581,0.192807,0.122574,0.144777,0.192103,0.294085,0.141749,0.206991,0.242274,0.349659,0.247118,0.255706,0.200518,0.149699,0.149868,0.243447,0.307101,0.245936,0.136951,-0.025417,0.231371,0.282088,0.103970,0.250629,0.237062,0.267809,0.174495,0.094558,0.189362,0.150708,0.069530,0.072605,0.282062,0.063688,0.299891,0.199659,0.290805,0.049810,0.175617,0.288319,0.279302,0.283954,0.262179,0.267512,0.135861,0.182725,0.170077,0.085527,0.173071,0.288138,0.064752,0.213615,0.101152,0.138572,0.240144,0.019883,0.246878,0.169805,0.345639,0.246926,0.285663,0.059573,0.165608,0.199151,0.115847,0.146071,0.240401,0.205977,0.204291,0.239429,0.277068,#
14,0.318942,0.146517,0.230071,0.148038,0.075168,0.247727,0.081681,0.102599,0.229099,0.228595,0.165545,0.085061,0.200317,0.189878,1.000000,0.293130,0.075651,0.205136,0.250852,0.226025,0.092082,0.076560,0.307896,0.260358,0.256619,0.153604,0.167430,0.127133,0.250212,0.027513,0.132725,0.058504,0.170915,0.091484,0.163956,0.284885,0.221786,0.296407,0.289942,0.272909,0.273812,0.234886,0.295442,0.196111,0.156873,0.281334,0.325668,0.236879,0.183387,0.046436,0.339366,0.139864,0.093554,0.156143,0.285554,0.214118,0.216678,0.246297,0.137084,0.198641,0.209896,0.287307,0.133506,0.276329,0.271299,0.184234,0.176362,0.186159,0.212330,0.167019,0.116106,0.225536,0.049858,0.361479,-0.068129,-0.011328,0.076635,0.199987,0.092790,0.210692,0.260415,0.009899,0.278298,0.275421,0.137000,0.275848,0.102616,0.130925,0.216319,0.208146,0.241049,0.134749,0.192860,0.262553,0.150530,0.028114,0.214908,0.132606,0.303066,0.130756,0.104218,0.201582,0.190254,0.130016,0.098758,0.147596,0.309549,0.372140,0.176263,0.163479,0.043605,0.084787,0.243024,0.001954,0.155168,0.203477,0.080924,0.251158,0.242089,0.128644,0.256876,0.152307,0.172079,0.177222,0.100001,0.167164,0.048743,0.102172,0.003087,0.211343,-0.043442,0.276796,0.207695,0.038909,0.050103,0.092132,0.227867,0.188063,0.159704,0.173068,0.314831,0.301256,0.252797,0.081304,0.136782,0.119401,0.189805,-0.033981,0.123350,0.143645,0.191341,0.044240,0.130127,0.235358,0.069957,0.009602,0.193693,0.155729,0.145991,-0.020070,0.143689,0.202929,0.042096,0.102890,0.246235,0.133657,0.209548,0.200989,0.110244,0.167790,0.280626,0.164393,0.254112,0.312125,0.265568,0.068713,0.278011,0.214046,0.224244,0.295219,0.253086,0.329596,0.119472,0.187615,0.165340,0.202333,0.126818,0.250491,0.064866,0.018338,0.217567,0.141016,0.128891,0.327451,0.129574,0.011132,0.043062,0.134810,0.264661,0.300032,#
15,0.143561,0.134346,0.089056,0.118729,0.099662,0.227670,0.100082,0.232359,0.091260,0.276569,0.091992,0.261085,0.197154,0.213247,0.293130,1.000000,0.106807,0.329172,0.229016,0.089115,-0.033575,0.164594,0.238517,0.268962,0.302630,0.127348,0.200753,0.249098,0.207013,-0.051234,0.247491,0.271571,0.207299,0.210221,0.133601,0.117110,0.240454,0.296629,0.264862,0.258235,0.361862,0.263025,0.241969,0.171381,0.340612,0.237441,0.221624,0.254284,0.106261,0.136390,0.327697,0.097219,0.228154,0.179897,0.245127,0.089467,0.230236,0.321355,0.195405,0.286370,0.130884,0.168501,0.061457,0.146952,0.156136,0.166192,0.387640,0.317107,0.235226,0.143875,0.108808,0.378117,0.135776,0.230998,0.305134,0.184567,0.127603,0.310906,0.247655,0.178471,0.426246,0.125569,0.187507,0.222712,0.108927,0.261320,0.335783,0.053512,0.320285,0.271154,0.210922,0.079041,0.191180,0.400373,0.157595,0.132167,0.220094,0.166955,0.300601,0.219802,0.298289,0.236149,0.324716,0.205291,0.198752,0.140555,0.148427,0.130457,0.211798,0.332233,0.148387,0.161244,0.169191,0.032588,0.118626,0.340357,0.305030,0.137571,0.230715,0.231865,0.219896,0.269328,0.069072,0.329712,0.087830,0.143708,0.166752,0.209598,0.211479,0.117617,0.019433,0.358453,0.052147,0.214728,0.240763,0.233696,0.214084,0.050300,0.201697,0.143829,0.281329,0.267905,0.305524,0.108879,0.251206,0.219117,0.442175,0.056159,0.158346,0.250339,0.346092,0.154595,0.187600,0.459733,0.062731,0.339329,0.149967,0.204631,0.257293,0.172209,0.065564,0.146929,0.053079,0.249141,0.294446,0.246484,0.143015,0.131787,0.210282,0.303703,0.155015,0.181539,0.251731,0.137670,0.248489,0.064634,0.253719,0.167350,0.045586,0.285383,0.201985,0.250557,0.095126,0.141740,0.167836,0.290532,0.140491,0.238034,0.165722,0.113710,-0.010680,0.389698,0.062133,0.275165,0.088398,0.161272,0.114095,0.174782,0.050998,0.215117,#
16,0.288576,0.096599,0.110243,0.090546,0.089649,0.255430,0.163985,0.112833,0.100693,0.102865,0.187057,0.222141,0.141360,0.072344,0.075651,0.106807,1.000000,0.240267,0.091303,-0.051809,0.428211,0.155114,0.376116,0.116372,0.152133,0.169495,0.127698,0.038839,0.059357,0.045031,0.197511,0.367048,0.037743,0.166649,0.035926,0.143572,0.196417,0.069791,0.152701,0.282565,-0.003721,0.277375,0.129843,0.220410,0.122529,0.154605,0.221662,0.154854,0.235809,0.081469,-0.015801,0.181961,0.328371,0.117297,0.162377,0.135465,0.014209,0.238524,0.192792,0.012317,0.067649,0.323725,0.097420,0.205274,0.270708,0.146416,0.186939,0.276123,0.009570,0.196306,0.120173,0.240085,0.170331,0.167378,0.224448,0.343546,0.121902,0.154763,0.290447,0.153131,0.085881,0.077632,0.074477,0.111031,0.116791,0.292721,0.376186,0.153725,0.239308,0.114003,0.139194,0.134418,0.073926,0.077565,0.113860,0.146908,0.102199,0.038715,0.291717,0.146884,0.202305,0.162888,0.027637,0.118623,0.016002,0.173227,0.129717,-0.010492,0.118949,0.072528,0.157568,0.114909,0.216607,0.131175,0.195348,0.327208,0.216779,0.019969,0.082956,0.131750,0.054330,0.116246,0.267716,0.124491,0.157462,0.003368,0.076715,0.033276,0.150116,0.217803,-0.029274,0.248371,0.189274,0.073991,0.209725,0.205151,-0.008523,0.161070,0.175101,0.337534,0.054681,0.179208,-0.048635,0.236753,0.035921,0.109331,0.089761,0.042623,0.095976,-0.062760,0.180723,0.102228,0.128794,0.072639,0.159427,0.201004,0.073470,0.037839,0.160035,0.131193,0.004158,0.234472,0.200595,0.237731,0.083258,0.109066,0.085600,0.188045,0.143436,0.030099,-0.027980,-0.105344,0.251173,-0.002803,0.044471,0.199423,0.053770,0.115858,0.132983,0.076806,0.089469,0.201037,0.137294,-0.077743,-0.047105,0.008020,0.257121,0.222117,0.137800,0.076158,0.123340,-0.055608,0.019446,0.096835,0.232613,0.201595,-0.035400,0.128393,0.039734,0.222729,#
17,0.431084,0.264803,0.183402,0.236508,0.153942,0.282108,0.158468,0.309838,-0.042365,0.159982,0.149384,0.314947,0.238568,0.066017,0.205136,0.329172,0.240267,1.000000,0.166526,0.233505,0.227602,0.345083,0.373455,0.413568,0.340960,0.197291,0.092171,0.171569,0.294973,0.167013,0.268114,0.383668,0.411093,0.250327,0.090101,0.159897,0.245084,0.443505,0.213524,0.071583,0.189501,0.209965,0.248977,0.288847,0.187419,0.289391,0.296978,0.237313,0.448872,0.304932,0.321387,0.058677,0.069059,0.285860,0.254805,0.141453,0.332233,0.456246,0.209011,0.332459,0.197378,0.268867,0.126177,0.231489,0.216592,0.248406,0.332326,0.339775,0.247593,0.377785,0.383239,0.280716,0.317389,0.347558,0.306861,0.321252,0.233240,0.383190,0.227816,0.258743,0.328690,0.256373,0.446276,0.292600,0.249689,0.274435,0.311571,0.240792,0.420219,0.334372,0.248118,0.178070,0.202869,0.197538,0.190041,0.125583,0.180559,0.347998,0.260209,0.268945,0.270967,0.242294,0.190554,0.307272,0.169880,0.269594,0.197939,0.411709,0.074460,0.070491,0.186820,0.103041,0.190125,0.258854,0.056001,0.338552,0.284806,0.181962,0.283727,0.301131,0.185740,0.150564,0.147900,0.310086,0.289901,0.299474,0.256553,0.239654,0.142858,0.201878,0.032834,0.313280,0.321016,0.365863,0.248806,0.236009,0.349587,0.066581,0.292645,0.400604,0.339468,0.353964,0.135243,0.199850,0.344648,0.273255,0.199602,0.123909,0.324345,0.075238,0.419767,0.148549,0.167931,0.357970,0.232037,0.260753,0.175014,0.238344,0.400897,0.256495,0.322712,0.266143,0.106347,0.175482,0.419231,0.265685,0.079527,0.316411,0.178034,0.192976,0.414390,0.216975,0.203026,0.327502,0.293697,0.072302,0.328198,0.265217,0.119965,0.292761,0.275283,0.533722,0.237145,0.046367,0.109252,0.284761,0.336072,0.365631,0.302238,0.190452,0.177886,0.344951,-0.021209,0.161278,0.326690,0.305108,0.330844,0.175049,0.165664,0.317007,#
18,0.181876,0.280329,0.184645,0.185256,0.243563,0.247720,0.198657,0.222294,-0.025147,0.133353,0.311973,0.125963,0.300424,0.151300,0.250852,0.229016,0.091303,0.166526,1.000000,0.243532,0.056716,0.150684,0.051559,0.274363,0.252194,0.287818,0.329088,0.189601,0.345069,0.027416,0.293066,0.278909,0.396866,0.105690,0.173714,0.241113,0.307182,0.182780,0.182100,0.186215,0.231899,0.187758,0.231029,0.148051,0.181500,0.185795,0.182883,0.189817,0.135730,0.152604,0.301272,0.027421,0.201088,0.317434,0.171201,0.046460,0.234953,0.374771,0.154337,0.115956,0.114280,0.220837,0.169179,0.364143,0.116621,0.320139,0.269457,0.293819,0.114854,-0.068915,0.120466,0.226364,0.153750,0.273615,0.217223,0.023638,0.065526,0.190182,0.303881,0.393439,0.373763,0.143553,0.190649,0.240062,0.163895,0.102403,0.284584,0.165863,0.290507,0.194115,0.258085,0.114046,0.154550,0.140900,0.163067,0.039037,0.326303,0.144633,0.166055,0.317568,0.155402,0.399315,0.277155,0.179747,0.228795,0.160245,0.123579,0.173502,0.166701,0.179179,0.262069,0.253367,0.128055,0.289215,0.104388,0.103017,0.181105,0.119393,0.300489,0.157496,0.037379,0.283841,0.195312,0.174373,0.165887,0.229249,0.131782,0.198073,0.182716,0.259308,0.155383,0.219634,0.208688,0.079176,0.265131,0.068048,0.132776,0.265120,0.235048,0.379087,0.368304,0.061978,0.087464,0.133064,0.183790,0.198670,0.129385,-0.015579,0.173371,0.136038,0.139716,0.221753,0.277004,0.228593,0.121324,0.262501,0.293936,0.257469,0.079327,0.208677,0.156947,0.208347,0.132792,0.238550,0.202749,0.221145,0.243950,0.219898,0.197621,0.193366,0.031599,0.152146,0.312557,0.082906,0.195632,-0.012497,0.137700,0.389574,0.478818,0.241728,0.180084,0.301109,0.196951,0.095474,0.378422,0.306513,0.168882,0.411812,0.223389,0.169670,0.278957,0.148842,0.106722,0.252198,0.171295,0.180930,0.206255,0.233050,0.212094,0.347730,#
19,0.161164,0.175409,0.147910,0.134467,0.274261,0.048475,0.214715,0.305334,0.187740,0.284586,0.206499,-0.012774,0.217853,0.146244,0.226025,0.089115,-0.051809,0.233505,0.243532,1.000000,-0.048723,0.215983,0.250343,0.289064,0.185070,0.210328,0.107791,0.165436,0.228705,0.183343,0.102697,0.171167,0.233765,0.062910,0.178096,0.242834,-0.016564,0.199091,0.365754,0.188821,0.144783,0.105060,0.198724,0.035233,0.230179,0.332224,0.311069,0.326291,0.279745,0.185351,0.146609,0.104933,0.063211,0.351234,0.220095,0.174718,0.222723,0.274044,0.104184,0.230274,0.138257,0.114069,0.158878,0.159068,0.156351,0.216188,0.089852,0.210366,0.191177,0.179559,0.244205,0.196067,0.275822,0.081298,0.182991,0.025232,0.242898,0.309064,0.227447,0.166478,0.257025,0.150344,0.302227,0.072964,0.288347,0.190211,0.211383,0.111039,0.284166,0.287337,0.097674,0.258137,0.169241,0.120445,0.097568,0.176224,0.213333,0.225163,0.078610,0.136907,0.176028,0.160610,0.238002,0.144024,0.145754,0.115598,0.314205,0.417882,0.086200,0.002948,0.248063,0.197689,0.242195,0.202149,0.224121,0.141545,0.201470,0.291196,0.268924,0.133388,0.215336,0.314514,0.135072,0.138511,0.352814,0.232379,0.121976,0.203166,-0.049851,0.131306,0.099546,0.070021,0.228173,0.219345,0.174953,0.195033,0.218815,0.175900,0.189091,0.335892,0.284656,0.144686,0.103773,0.111466,0.245279,0.142004,0.184409,0.292290,0.321573,0.041094,0.183461,0.173242,0.219375,0.229569,0.015167,0.184035,0.260515,0.180498,0.194856,-0.019562,0.122262,0.147105,0.202870,0.191511,0.170917,0.234850,0.121049,0.185876,0.090509,0.196278,0.344061,0.171430,0.226773,0.125854,0.211073,0.038660,0.097569,0.226312,0.013673,0.201481,0.146130,0.277611,0.062057,0.204452,0.159859,0.212372,0.196580,0.339473,0.158808,0.053995,0.276778,0.179953,0.128054,0.331014,0.144336,0.257953,0.196198,0.236217,0.327823,0.363264,#
20,0.306774,0.131431,0.155094,0.032774,0.110283,0.297833,0.169041,0.178572,0.167505,0.120288,0.147839,0.187024,0.223079,0.085129,0.092082,-0.033575,0.428211,0.227602,0.056716,-0.048723,1.000000,0.154470,0.243819,0.175306,0.203117,0.085255,0.063745,0.231153,0.103176,0.162811,0.130792,0.185793,0.214639,0.093842,0.222509,0.063933,0.150367,0.108836,0.097177,0.189452,0.038298,0.306746,0.189962,0.204645,0.083707,0.350023,0.153914,0.167028,0.289468,0.121019,0.089448,0.231421,0.385839,0.175536,0.148825,0.068031,0.174720,0.181478,0.030090,0.220638,0.168330,0.039532,0.185748,0.271868,0.305071,0.020304,0.158223,0.168249,0.167526,0.193138,0.178693,0.115907,0.379025,0.301627,0.128947,0.185091,0.236902,0.037963,0.006809,0.280954,0.083718,0.056499,0.315356,0.147371,0.039174,0.278251,0.300758,0.238774,0.226586,0.253643,0.177381,0.353462,0.129378,0.164255,0.059747,0.072800,0.141585,0.081991,0.102121,0.073593,0.104297,0.161972,0.077634,0.179083,-0.036748,0.192594,0.146982,0.050057,0.062265,0.177006,0.232944,-0.037213,0.235433,0.227160,0.128900,0.237317,0.325694,0.063623,0.038665,0.030099,0.019405,0.079551,0.241788,0.127970,0.206698,0.181130,0.209232,0.294522,0.092097,0.262163,-0.015404,0.257319,0.065716,0.009227,0.227119,0.167567,0.090008,0.323218,0.211512,0.360440,0.177961,0.273593,-0.121241,0.146042,0.233295,0.030337,0.138566,0.076015,0.042343,0.112010,0.146080,0.225123,0.094818,0.034708,0.216756,0.182831,-0.068011,-0.006795,0.127178,0.057574,0.121558,0.166971,0.109194,0.099113,0.274497,0.109410,0.015788,0.198918,0.178502,0.099950,0.130573,0.067701,0.099553,0.258941,0.127252,0.231012,-0.006689,0.070984,0.304681,0.257100,0.173930,0.188183,0.131073,0.149598,0.128390,0.150165,0.089330,0.193649,0.200757,0.090785,0.289577,0.089188,0.111734,0.119641,0.216359,0.222822,0.086182,0.128122,0.020282,0.175359,#
21,0.343169,0.290457,0.305397,0.240459,0.292631,0.353605,0.248703,0.305251,0.091585,0.259649,0.143118,0.241271,0.082286,0.216359,0.076560,0.164594,0.155114,0.345083,0.150684,0.215983,0.154470,1.000000,0.247677,0.381022,0.352738,0.188271,0.263687,0.291107,0.239553,0.137752,0.306922,0.346248,0.284987,0.309436,0.196271,0.271618,0.307228,0.291970,0.321658,0.141914,0.236868,0.364782,0.099406,0.191793,0.322283,0.266885,0.363051,0.285407,0.198528,0.321658,0.319473,0.075999,0.356197,0.280301,0.346028,0.209273,0.301884,0.340944,0.272550,0.200673,0.137380,0.228682,0.287713,0.238554,0.345106,0.202266,0.287923,0.322207,0.300807,0.360354,0.435572,0.137867,0.337764,0.249629,0.283018,0.144293,0.283972,0.195812,0.183409,0.271833,0.396459,0.291346,0.177184,0.185471,0.273925,0.245991,0.284252,0.266261,0.348974,0.355255,0.170337,0.199638,0.229454,0.179292,0.290088,0.288886,0.180985,0.293696,0.284206,0.306749,0.365571,0.227231,0.173085,0.308015,0.252476,0.342682,0.085048,0.295666,0.191588,0.130234,0.246151,0.200521,0.397471,0.225272,0.110088,0.245414,0.355963,0.082921,0.385139,0.324011,0.218959,0.280721,0.080754,0.389136,0.222250,0.357762,0.199593,0.293983,0.133168,0.174262,0.282789,0.120572,0.274182,0.246061,0.217766,0.188223,0.253769,0.175874,0.289365,0.401081,0.209030,0.337932,0.221603,0.181483,0.224561,0.215811,0.281609,0.273548,0.256433,0.137946,0.301329,0.237322,0.280718,0.370693,0.166296,0.223738,0.223700,0.290588,0.148855,0.236088,0.364723,0.113517,0.075716,0.276073,0.336194,0.162273,-0.050940,0.322465,0.180446,0.249041,0.285675,0.171294,0.344430,0.223763,0.175205,0.130075,0.267606,0.219622,0.313024,0.251464,0.202736,0.323599,0.124569,0.149412,0.156835,0.238213,0.270599,0.312829,0.417001,0.197947,0.273686,0.236042,0.186485,0.053894,0.338090,0.308425,0.283818,0.224959,0.112326,0.324245,#
