0,1.000000,0.812757,0.824510,0.785505,0.729559,0.809724,0.786898,0.816579,0.800967,0.774188,0.780415,0.835083,0.792580,0.774234,0.794448,0.761669,0.797307,0.835084,0.814321,0.794725,0.821615,0.775058,0.806289,0.810747,0.732557,0.788319,0.773496,0.801337,0.764279,0.807158,0.784076,0.798398,0.778027,0.747546,0.793576,0.806354,0.781314,0.802913,0.801772,0.827063,0.807285,0.781334,0.825816,0.804331,0.793290,0.752955,0.821413,0.823628,0.787869,0.830230,0.794093,0.792233,0.823810,0.823192,0.816219,0.825230,0.780042,0.819783,0.780945,0.806890,0.833644,0.764997,0.816585,0.800055,0.791875,0.803838,0.841827,0.805462,0.797262,0.757807,0.813061,0.792159,0.843175,0.812335,0.803374,0.775122,0.814223,0.795868,0.827756,0.796917,0.826367,0.803560,0.819992,0.828252,0.804009,0.833979,0.787817,0.795419,0.749735,0.801146,0.776506,0.798844,0.792151,0.823010,0.800848,0.788727,0.764879,0.781116,0.790364,0.808614,0.810097,0.796564,0.774066,0.790756,0.779458,0.789183,0.770769,0.828369,0.780535,0.774213,0.808963,0.794600,0.811238,0.744153,0.767900,0.855282,0.762665,0.775775,0.771968,0.748930,0.754653,0.874523,0.784319,0.847300,0.810732,0.784862,0.782309,0.762191,0.753302,0.789688,0.775817,0.819403,0.805121,0.759722,0.813165,0.783560,0.779588,0.820949,0.792022,0.820332,0.783949,0.796965,0.742523,0.835808,0.831853,0.733072,0.802007,0.744387,0.827909,0.828024,0.818734,0.782112,0.800831,0.803675,0.781825,0.770901,0.793155,0.802601,0.825502,0.816122,0.823655,0.821440,0.772126,0.805396,0.809084,0.798744,0.821059,0.775516,0.788730,0.784461,0.812519,0.776463,0.798574,0.828272,0.847561,0.756769,0.788703,0.825503,0.786899,0.798145,0.784809,0.818841,0.749801,0.784889,0.777115,0.771112,0.815323,0.792439,0.785915,0.801212,0.790442,0.821970,0.804344,0.801708,0.779143,0.780543,0.755084,0.836269,0.803634,0.788820,#
1,0.812757,1.000000,0.793527,0.808057,0.796422,0.845739,0.746827,0.794884,0.813277,0.797488,0.804472,0.791567,0.805501,0.807164,0.819179,0.794636,0.788064,0.789298,0.811657,0.835769,0.834817,0.848632,0.832654,0.826839,0.756227,0.747557,0.837828,0.821122,0.770518,0.774394,0.834460,0.833498,0.817335,0.822019,0.800220,0.821161,0.751965,0.832530,0.839421,0.797252,0.785354,0.780486,0.768507,0.791121,0.782697,0.787430,0.838401,0.798437,0.837417,0.822239,0.788163,0.835697,0.822427,0.787019,0.852631,0.808052,0.786756,0.824200,0.806795,0.788065,0.801259,0.799433,0.741812,0.762605,0.809602,0.801052,0.849348,0.821355,0.820303,0.815314,0.794957,0.805045,0.862788,0.772467,0.811355,0.812912,0.785896,0.795185,0.813983,0.797946,0.833542,0.804670,0.868400,0.836190,0.822283,0.795473,0.782543,0.809740,0.831712,0.810303,0.778243,0.774929,0.822922,0.825990,0.762312,0.750747,0.791528,0.800758,0.785299,0.817647,0.822433,0.824897,0.773006,0.814196,0.778034,0.796669,0.785429,0.830744,0.777122,0.772994,0.809397,0.783172,0.785789,0.780152,0.764586,0.807886,0.809498,0.819246,0.776890,0.733001,0.829555,0.830578,0.761873,0.820465,0.767692,0.773174,0.805006,0.786033,0.813910,0.831070,0.765030,0.838693,0.766782,0.779922,0.852151,0.781261,0.767479,0.784205,0.810681,0.751159,0.818787,0.804272,0.804816,0.818095,0.791004,0.788493,0.812291,0.742439,0.836605,0.815107,0.839106,0.830381,0.821353,0.776746,0.826448,0.777361,0.822336,0.812715,0.783701,0.791199,0.798956,0.835420,0.803634,0.835660,0.826299,0.768920,0.803358,0.796721,0.759489,0.776746,0.800912,0.780278,0.791108,0.818700,0.814111,0.772626,0.797878,0.862328,0.762668,0.807559,0.791355,0.813097,0.772630,0.767690,0.782819,0.835284,0.814150,0.731940,0.780842,0.782284,0.815019,0.784927,0.784179,0.810353,0.846767,0.744593,0.751069,0.821055,0.781091,0.790332,#
2,0.824510,0.793527,1.000000,0.770462,0.730381,0.801243,0.754377,0.795669,0.806097,0.770103,0.760127,0.753441,0.737842,0.769872,0.768527,0.747984,0.755272,0.797810,0.748037,0.791522,0.758168,0.763629,0.749152,0.822459,0.737594,0.730075,0.812827,0.827303,0.819446,0.778934,0.811103,0.783011,0.769829,0.745133,0.748614,0.785078,0.788873,0.769804,0.825646,0.782013,0.771133,0.790526,0.795059,0.751445,0.724510,0.738423,0.848141,0.744196,0.772782,0.836212,0.793509,0.791747,0.794363,0.822218,0.843938,0.798116,0.777831,0.793483,0.747675,0.779793,0.845135,0.776965,0.762104,0.799041,0.786262,0.803984,0.833144,0.791039,0.793291,0.786676,0.793076,0.765111,0.825426,0.785926,0.791167,0.769508,0.785022,0.781085,0.791738,0.804242,0.812021,0.808577,0.818464,0.821488,0.831751,0.822621,0.773458,0.832216,0.779688,0.780800,0.772921,0.806197,0.814982,0.783978,0.805663,0.754932,0.761034,0.748311,0.846738,0.802046,0.796219,0.766409,0.741748,0.755263,0.736025,0.816815,0.789585,0.789583,0.790112,0.753778,0.801159,0.748962,0.815574,0.735597,0.739835,0.768099,0.755305,0.790953,0.798341,0.685660,0.773646,0.782708,0.731563,0.817774,0.791893,0.750806,0.757260,0.777476,0.773457,0.807309,0.826677,0.813440,0.817561,0.798930,0.810060,0.790091,0.773834,0.790685,0.792882,0.748777,0.793028,0.794530,0.722367,0.759712,0.783123,0.808637,0.766887,0.753554,0.781499,0.789388,0.804462,0.772554,0.778228,0.790494,0.773427,0.783934,0.785043,0.742530,0.756775,0.754333,0.760216,0.738656,0.756872,0.785720,0.766350,0.773756,0.834281,0.734580,0.761619,0.745868,0.781150,0.768019,0.770805,0.757378,0.813920,0.752620,0.746457,0.820540,0.773067,0.765984,0.755453,0.826814,0.724298,0.823090,0.759519,0.766004,0.764310,0.745025,0.807111,0.765016,0.777840,0.783923,0.825049,0.767388,0.762318,0.799893,0.747450,0.809269,0.732775,0.798973,#
3,0.785505,0.808057,0.770462,1.000000,0.763491,0.798917,0.754236,0.774416,0.780391,0.767967,0.774492,0.769831,0.786511,0.737501,0.761928,0.784822,0.757954,0.762225,0.792903,0.765788,0.755140,0.799600,0.742484,0.761126,0.765515,0.767690,0.772532,0.796158,0.757774,0.749157,0.787144,0.828975,0.763701,0.795001,0.793069,0.773836,0.743197,0.794253,0.734590,0.792686,0.776572,0.758532,0.754665,0.780562,0.746166,0.809668,0.832608,0.765484,0.814615,0.788100,0.790137,0.751361,0.804694,0.739248,0.801964,0.806164,0.713232,0.782051,0.829327,0.799146,0.776957,0.766855,0.713925,0.782262,0.814141,0.785453,0.771208,0.775923,0.736781,0.754564,0.753981,0.808749,0.825312,0.785375,0.752868,0.749755,0.752008,0.769260,0.771788,0.809362,0.816790,0.735282,0.792867,0.819482,0.789881,0.814996,0.779006,0.765891,0.769038,0.777981,0.718574,0.772679,0.809785,0.808534,0.758187,0.766463,0.723860,0.725671,0.749369,0.777832,0.753663,0.760247,0.708200,0.737284,0.790799,0.775729,0.755932,0.796977,0.754415,0.754814,0.763953,0.738306,0.743280,0.745908,0.743770,0.784624,0.748715,0.735385,0.773208,0.671607,0.734414,0.789771,0.710865,0.768219,0.743169,0.757552,0.775438,0.775532,0.737502,0.780798,0.729784,0.801625,0.723649,0.785985,0.824643,0.787389,0.808557,0.748265,0.734830,0.722260,0.774944,0.773852,0.765918,0.762616,0.764532,0.806805,0.735877,0.749950,0.775096,0.755284,0.784376,0.769052,0.776647,0.762908,0.753950,0.732246,0.802594,0.763685,0.733421,0.772867,0.787562,0.777091,0.738884,0.800959,0.772218,0.773872,0.775057,0.716081,0.769586,0.728289,0.780159,0.781223,0.753426,0.781595,0.732345,0.754167,0.755843,0.780864,0.778467,0.761565,0.723002,0.811099,0.734093,0.763974,0.726479,0.779182,0.758744,0.704555,0.796857,0.802367,0.739156,0.747793,0.748127,0.731943,0.770584,0.776977,0.763263,0.786952,0.738869,0.789050,#
4,0.729559,0.796422,0.730381,0.763491,1.000000,0.800267,0.774775,0.742952,0.718378,0.730281,0.740783,0.768843,0.724469,0.750326,0.726511,0.785389,0.757040,0.804398,0.750003,0.817349,0.776500,0.758963,0.739656,0.790086,0.712113,0.714689,0.767143,0.759722,0.743145,0.741683,0.848275,0.762769,0.803016,0.713930,0.734304,0.762728,0.743498,0.778706,0.738933,0.790665,0.772870,0.737031,0.716604,0.785790,0.724126,0.762903,0.783941,0.744484,0.805922,0.795920,0.760281,0.750474,0.783333,0.714620,0.792194,0.784061,0.728581,0.758007,0.801549,0.781723,0.742360,0.757636,0.740112,0.748471,0.784700,0.789006,0.796376,0.757412,0.746686,0.741005,0.778235,0.812355,0.781831,0.766627,0.723508,0.748734,0.749971,0.775311,0.789211,0.765758,0.754959,0.741737,0.807615,0.764595,0.789027,0.738090,0.723104,0.718950,0.774936,0.797041,0.714206,0.747617,0.731771,0.792157,0.716008,0.751108,0.744714,0.708249,0.710974,0.767653,0.807616,0.786898,0.750014,0.733948,0.762268,0.741642,0.774343,0.773183,0.771002,0.754204,0.747532,0.724428,0.764002,0.801215,0.745242,0.759583,0.750997,0.795609,0.719956,0.652370,0.764176,0.773539,0.789375,0.774742,0.726656,0.797299,0.730605,0.758136,0.801263,0.777529,0.806108,0.784499,0.710391,0.743086,0.816081,0.779789,0.779831,0.781741,0.743076,0.704672,0.734688,0.791987,0.756545,0.775951,0.755821,0.732242,0.778539,0.682286,0.750282,0.784884,0.789908,0.827556,0.725358,0.722860,0.784892,0.764765,0.805613,0.731299,0.770491,0.738452,0.715244,0.766999,0.798169,0.772239,0.777966,0.739463,0.745546,0.716029,0.744800,0.749871,0.737421,0.752757,0.757431,0.747244,0.805975,0.754045,0.742947,0.788822,0.742749,0.756496,0.791623,0.790366,0.786645,0.736495,0.808901,0.764531,0.749034,0.789453,0.730891,0.713987,0.733755,0.710939,0.725953,0.746325,0.773362,0.716537,0.748779,0.773332,0.768676,0.714259,#
5,0.809724,0.845739,0.801243,0.798917,0.800267,1.000000,0.730203,0.800098,0.796306,0.762184,0.766250,0.778309,0.761074,0.754778,0.769911,0.768599,0.779924,0.789757,0.785032,0.819991,0.792957,0.766158,0.748171,0.789280,0.747444,0.799645,0.831685,0.823974,0.729289,0.777806,0.815868,0.816656,0.796541,0.790584,0.778767,0.818662,0.765856,0.771955,0.784977,0.795598,0.780922,0.766458,0.738208,0.781150,0.773246,0.790089,0.828380,0.815377,0.820574,0.806902,0.809370,0.747121,0.804575,0.814327,0.797251,0.871842,0.780411,0.802975,0.824271,0.819914,0.761484,0.769943,0.779839,0.808333,0.778401,0.765456,0.815810,0.790363,0.784201,0.810428,0.818236,0.798801,0.856881,0.781253,0.761426,0.751907,0.791450,0.802287,0.781496,0.801186,0.834627,0.797784,0.839428,0.807277,0.789511,0.820010,0.784151,0.786343,0.801209,0.789666,0.769175,0.754264,0.794360,0.817199,0.749087,0.702541,0.778504,0.753738,0.816061,0.756732,0.833815,0.795870,0.826140,0.787914,0.780688,0.780471,0.788236,0.816894,0.748814,0.788904,0.779622,0.802518,0.786741,0.722799,0.711780,0.777619,0.807018,0.804774,0.775310,0.689885,0.762442,0.829856,0.779030,0.839983,0.760877,0.792234,0.805631,0.760027,0.804441,0.787884,0.791991,0.836543,0.807154,0.818289,0.816146,0.754325,0.775886,0.807726,0.755335,0.743479,0.787441,0.769535,0.778655,0.801976,0.847982,0.750926,0.781113,0.772482,0.799493,0.851066,0.829582,0.802152,0.772534,0.780584,0.792610,0.745445,0.824460,0.788420,0.785149,0.780834,0.783897,0.822236,0.787777,0.790577,0.808788,0.752696,0.752836,0.800863,0.773419,0.751922,0.830938,0.780716,0.789324,0.773905,0.816274,0.763438,0.768019,0.824025,0.789463,0.801514,0.783288,0.809799,0.726308,0.759131,0.786532,0.798375,0.776269,0.750441,0.815000,0.826054,0.761711,0.804154,0.747901,0.800168,0.748627,0.770537,0.734850,0.792578,0.785883,0.783308,#
6,0.786898,0.746827,0.754377,0.754236,0.774775,0.730203,1.000000,0.732677,0.774974,0.765876,0.753795,0.762854,0.763266,0.784886,0.695814,0.784465,0.762346,0.808205,0.760712,0.754171,0.798456,0.755039,0.725590,0.767718,0.752120,0.754222,0.751528,0.761940,0.746088,0.766333,0.788579,0.801370,0.786458,0.763679,0.739837,0.780899,0.781669,0.745377,0.754256,0.784209,0.766195,0.788840,0.782398,0.786587,0.768535,0.692492,0.801665,0.749740,0.825704,0.814625,0.789828,0.783683,0.800854,0.689077,0.813167,0.777556,0.776285,0.802264,0.820370,0.747754,0.809377,0.760971,0.741145,0.738526,0.805878,0.774168,0.828429,0.782661,0.787040,0.723611,0.768990,0.811821,0.784569,0.777055,0.725064,0.757151,0.766526,0.778262,0.792532,0.737393,0.788844,0.789037,0.757179,0.837451,0.777913,0.751478,0.744061,0.773903,0.794829,0.791845,0.726426,0.768596,0.735243,0.804195,0.737923,0.748485,0.755855,0.751504,0.757704,0.744889,0.791992,0.789711,0.754832,0.762760,0.774671,0.713056,0.774702,0.769388,0.777210,0.731230,0.716297,0.723248,0.737661,0.745736,0.702579,0.758378,0.723615,0.774824,0.708764,0.722339,0.742208,0.795097,0.719678,0.812506,0.782066,0.771646,0.736694,0.756150,0.706254,0.758567,0.770105,0.777842,0.719026,0.703532,0.778292,0.766360,0.786771,0.766791,0.787254,0.775797,0.766301,0.789178,0.727896,0.781779,0.761405,0.773405,0.774338,0.714725,0.759259,0.755149,0.760227,0.804456,0.720100,0.724593,0.731005,0.734206,0.792510,0.689111,0.772279,0.792767,0.785434,0.782938,0.726784,0.770246,0.783413,0.770790,0.810034,0.680336,0.746430,0.768378,0.776715,0.752950,0.713972,0.720585,0.764304,0.780188,0.751609,0.791650,0.759364,0.770811,0.758131,0.786301,0.780862,0.787251,0.739518,0.758934,0.755564,0.764916,0.745742,0.757341,0.732986,0.765163,0.746663,0.738158,0.789190,0.782980,0.758751,0.798154,0.748736,0.762796,#
7,0.816579,0.794884,0.795669,0.774416,0.742952,0.800098,0.732677,1.000000,0.818463,0.754062,0.771825,0.768447,0.768040,0.779796,0.785267,0.746565,0.769183,0.805315,0.803236,0.801277,0.802929,0.750385,0.812352,0.766330,0.762427,0.798217,0.786626,0.808925,0.770791,0.822678,0.754072,0.786888,0.749807,0.763081,0.781037,0.793796,0.784395,0.773678,0.769822,0.773628,0.799776,0.792591,0.760833,0.773028,0.757352,0.757797,0.809709,0.794784,0.809299,0.775399,0.797938,0.785675,0.814876,0.823419,0.825973,0.782828,0.768559,0.797585,0.788284,0.819992,0.754952,0.779211,0.785510,0.795553,0.806713,0.804786,0.865113,0.780957,0.795883,0.738610,0.808286,0.732649,0.822199,0.810122,0.784599,0.747056,0.805338,0.765752,0.771313,0.763791,0.832520,0.781336,0.827858,0.804295,0.803414,0.790689,0.818412,0.772695,0.782835,0.797910,0.753970,0.807035,0.790288,0.785480,0.779568,0.762982,0.791537,0.807112,0.799385,0.785558,0.815482,0.753900,0.764989,0.763713,0.777637,0.761948,0.788741,0.820276,0.770110,0.761169,0.838684,0.777605,0.794826,0.772458,0.717495,0.798534,0.749318,0.763232,0.756483,0.735869,0.784485,0.787018,0.729652,0.810169,0.814652,0.791631,0.764962,0.772772,0.736263,0.758467,0.788843,0.809910,0.789019,0.726228,0.821746,0.818123,0.809634,0.812449,0.744079,0.768453,0.774193,0.785420,0.794006,0.782039,0.804093,0.769061,0.801070,0.705297,0.798614,0.781159,0.789469,0.793339,0.800977,0.743644,0.778510,0.801888,0.805403,0.783630,0.805690,0.773411,0.794388,0.756718,0.813121,0.753700,0.817005,0.760830,0.808519,0.777391,0.735591,0.727705,0.816149,0.787911,0.752463,0.781185,0.778719,0.748886,0.754880,0.790102,0.789685,0.794790,0.769199,0.794281,0.774447,0.792151,0.741113,0.789961,0.803341,0.735061,0.796136,0.798297,0.800288,0.793709,0.775098,0.759883,0.793334,0.778208,0.749231,0.836639,0.803229,0.774760,#
8,0.800967,0.813277,0.806097,0.780391,0.718378,0.796306,0.774974,0.818463,1.000000,0.800700,0.758066,0.780934,0.798934,0.780844,0.766916,0.800182,0.746518,0.825450,0.749501,0.821299,0.802449,0.788607,0.751776,0.773823,0.752533,0.777888,0.789010,0.789237,0.768906,0.770794,0.782651,0.809620,0.774399,0.759257,0.767834,0.814385,0.772434,0.794198,0.756303,0.778829,0.770317,0.759286,0.840853,0.757964,0.756298,0.739124,0.810381,0.773936,0.809519,0.798289,0.814462,0.782260,0.761253,0.826200,0.808017,0.800227,0.779647,0.789894,0.785705,0.755849,0.802223,0.789146,0.806807,0.790375,0.807559,0.816145,0.829051,0.834714,0.820084,0.756219,0.781676,0.795364,0.828467,0.799766,0.770178,0.750430,0.791122,0.795905,0.773744,0.774372,0.825187,0.776835,0.793070,0.818941,0.821772,0.802511,0.776614,0.818867,0.774972,0.760059,0.764284,0.792333,0.799894,0.774848,0.779990,0.752965,0.767327,0.788887,0.835947,0.799529,0.804891,0.752470,0.782900,0.803667,0.754248,0.779885,0.786532,0.803153,0.734720,0.785676,0.781045,0.769812,0.799858,0.753549,0.713679,0.800790,0.733477,0.760115,0.782716,0.762878,0.756525,0.781424,0.746771,0.806931,0.754153,0.803409,0.740362,0.755654,0.769032,0.796713,0.750456,0.795998,0.781848,0.767289,0.829417,0.778755,0.790172,0.786836,0.777738,0.781644,0.780088,0.807388,0.786618,0.754595,0.802639,0.744991,0.754404,0.727244,0.792390,0.808087,0.783780,0.806324,0.758030,0.813981,0.757317,0.768079,0.801317,0.786973,0.822293,0.804596,0.772034,0.759481,0.806877,0.808930,0.781264,0.755162,0.779179,0.775595,0.777973,0.741515,0.806899,0.788590,0.739334,0.772954,0.797626,0.766526,0.768563,0.812193,0.765599,0.742540,0.773974,0.830801,0.757772,0.796552,0.778955,0.767575,0.831668,0.742848,0.786516,0.813261,0.808281,0.799720,0.816743,0.774167,0.768994,0.759245,0.738426,0.779566,0.759557,0.827447,#
9,0.774188,0.797488,0.770103,0.767967,0.730281,0.762184,0.765876,0.754062,0.800700,1.000000,0.744714,0.751516,0.795915,0.777501,0.791546,0.786961,0.771479,0.799953,0.773357,0.759396,0.809207,0.751895,0.737224,0.791666,0.742942,0.724449,0.756777,0.838821,0.713803,0.801315,0.748828,0.803275,0.793708,0.766834,0.756675,0.786866,0.767556,0.773868,0.761536,0.800851,0.781763,0.793302,0.751109,0.760976,0.779683,0.717881,0.785151,0.764343,0.784105,0.788210,0.784653,0.741587,0.741530,0.757324,0.796804,0.791218,0.772280,0.850257,0.752480,0.766540,0.807128,0.779115,0.757417,0.746396,0.761423,0.825955,0.824212,0.817472,0.807558,0.739479,0.764535,0.764675,0.792363,0.767505,0.761351,0.772056,0.798304,0.819235,0.785060,0.827084,0.797313,0.789923,0.784640,0.860359,0.788842,0.779205,0.774316,0.827255,0.784044,0.741653,0.756000,0.758056,0.796723,0.767995,0.786566,0.735042,0.742493,0.748540,0.764147,0.776545,0.820538,0.782541,0.784057,0.798612,0.770397,0.793284,0.763052,0.818854,0.810658,0.789734,0.805811,0.759744,0.779257,0.745883,0.724991,0.803914,0.681421,0.755364,0.721558,0.724594,0.745677,0.793142,0.757800,0.813959,0.777848,0.797680,0.775059,0.733624,0.793817,0.770925,0.752344,0.810317,0.754679,0.758136,0.802873,0.738432,0.769707,0.777128,0.749415,0.750008,0.800458,0.824666,0.786680,0.800493,0.803653,0.823373,0.785204,0.760465,0.799681,0.783197,0.754757,0.767369,0.768136,0.777192,0.770798,0.772738,0.763881,0.786562,0.759329,0.795185,0.799334,0.816641,0.781479,0.791537,0.783611,0.804726,0.746187,0.732824,0.807564,0.741152,0.808012,0.797146,0.752343,0.739444,0.785495,0.811868,0.775094,0.816626,0.730558,0.787965,0.801615,0.804122,0.776614,0.755712,0.769169,0.801567,0.760481,0.747548,0.800253,0.720046,0.773932,0.772725,0.729996,0.740143,0.757615,0.757841,0.785375,0.776224,0.735952,0.749589,#
10,0.780415,0.804472,0.760127,0.774492,0.740783,0.766250,0.753795,0.771825,0.758066,0.744714,1.000000,0.771851,0.768164,0.753001,0.724185,0.761468,0.772244,0.753146,0.780702,0.772800,0.770704,0.745088,0.775585,0.817872,0.699358,0.745979,0.773529,0.805482,0.757819,0.797285,0.778718,0.768542,0.775386,0.773871,0.775425,0.799174,0.773028,0.788065,0.779718,0.760301,0.765091,0.746793,0.763390,0.734195,0.750976,0.791291,0.841838,0.774063,0.798216,0.824602,0.767697,0.793252,0.769310,0.713162,0.814858,0.804033,0.782685,0.817917,0.745779,0.776553,0.796578,0.784415,0.801394,0.774097,0.805246,0.732370,0.814159,0.762296,0.816356,0.752592,0.824862,0.796864,0.848697,0.713159,0.754012,0.810669,0.771488,0.813267,0.783899,0.759807,0.833901,0.767244,0.778871,0.780176,0.787714,0.750956,0.782788,0.741496,0.784745,0.804679,0.720941,0.781186,0.810446,0.751307,0.721696,0.748527,0.719050,0.796197,0.754650,0.795202,0.767930,0.757196,0.756261,0.786350,0.806116,0.768524,0.761576,0.758657,0.745504,0.763233,0.752204,0.740887,0.817695,0.752748,0.702647,0.796058,0.722488,0.766912,0.759385,0.714288,0.747162,0.809929,0.698173,0.796626,0.712524,0.765650,0.762128,0.755222,0.786803,0.791710,0.727915,0.774782,0.727497,0.751455,0.816988,0.828172,0.753051,0.741493,0.789992,0.767737,0.817119,0.784095,0.722485,0.770221,0.740625,0.763681,0.799021,0.741823,0.785905,0.779123,0.759669,0.756849,0.763400,0.750658,0.792322,0.743202,0.823096,0.795351,0.741933,0.743412,0.807448,0.746542,0.753880,0.790346,0.794464,0.735920,0.775207,0.725678,0.769419,0.779883,0.771627,0.770142,0.703594,0.735626,0.794427,0.750916,0.733707,0.783563,0.716298,0.777981,0.744608,0.760301,0.765210,0.748602,0.706268,0.797433,0.760098,0.749478,0.713181,0.788265,0.782008,0.727086,0.755360,0.784103,0.780624,0.788058,0.768926,0.784097,0.769028,0.777802,#
11,0.835083,0.791567,0.753441,0.769831,0.768843,0.778309,0.762854,0.768447,0.780934,0.751516,0.771851,1.000000,0.811797,0.769719,0.778909,0.787070,0.777555,0.831625,0.823262,0.793673,0.773536,0.741790,0.810322,0.799895,0.745377,0.765371,0.777876,0.762931,0.785682,0.749436,0.768486,0.803461,0.803287,0.762180,0.748463,0.802468,0.797057,0.817093,0.752109,0.791460,0.789093,0.739106,0.768212,0.773118,0.748135,0.740942,0.844641,0.818154,0.775310,0.831664,0.773556,0.763162,0.821191,0.750749,0.823432,0.799872,0.737236,0.811800,0.774320,0.788334,0.760239,0.754611,0.821033,0.776380,0.794289,0.796014,0.813297,0.785711,0.818845,0.782290,0.806257,0.770536,0.810443,0.807822,0.807376,0.742888,0.819955,0.801517,0.775450,0.737699,0.791488,0.771119,0.805616,0.797891,0.821761,0.782899,0.719679,0.751933,0.729419,0.741203,0.788146,0.790804,0.782134,0.778396,0.725954,0.780936,0.746830,0.784325,0.751291,0.778166,0.773758,0.788491,0.795798,0.772045,0.803091,0.761591,0.781065,0.810088,0.799754,0.753398,0.801019,0.798971,0.807278,0.723454,0.702558,0.781410,0.757359,0.745514,0.766068,0.765945,0.722883,0.800091,0.751760,0.812743,0.748495,0.804787,0.809522,0.767290,0.779150,0.808752,0.780224,0.769388,0.787932,0.774337,0.825244,0.768446,0.800570,0.775551,0.791458,0.759792,0.773664,0.787663,0.757990,0.803724,0.793852,0.746261,0.815363,0.751729,0.782022,0.811505,0.784780,0.755884,0.783835,0.811267,0.794379,0.748625,0.821459,0.762404,0.757132,0.774729,0.801649,0.800204,0.838459,0.781658,0.834235,0.751440,0.814598,0.722898,0.782080,0.811125,0.809215,0.755943,0.799767,0.826393,0.784930,0.767904,0.783133,0.788170,0.753865,0.802813,0.788065,0.771816,0.802212,0.759379,0.784753,0.751244,0.777789,0.807933,0.754339,0.751184,0.782114,0.786736,0.755105,0.759271,0.757725,0.782432,0.760063,0.797297,0.768473,0.723378,#
12,0.792580,0.805501,0.737842,0.786511,0.724469,0.761074,0.763266,0.768040,0.798934,0.795915,0.768164,0.811797,1.000000,0.779563,0.789875,0.756514,0.762059,0.801813,0.821858,0.800497,0.797670,0.710073,0.792402,0.807286,0.755754,0.777541,0.742351,0.792627,0.756389,0.759931,0.765063,0.797452,0.765004,0.802034,0.772554,0.803529,0.777293,0.785447,0.790140,0.773432,0.715851,0.732956,0.739868,0.764346,0.779268,0.750624,0.815175,0.752702,0.791018,0.806027,0.817334,0.746941,0.770173,0.763916,0.822823,0.807801,0.748738,0.788232,0.763470,0.771999,0.767241,0.750662,0.780113,0.755561,0.794421,0.811136,0.800543,0.759163,0.810237,0.775074,0.781249,0.770202,0.801808,0.770473,0.788522,0.751135,0.784047,0.784627,0.793349,0.793715,0.788787,0.774568,0.808097,0.826072,0.751229,0.792534,0.719034,0.790533,0.760343,0.740233,0.773993,0.772069,0.799279,0.747878,0.724948,0.771509,0.800252,0.775860,0.764038,0.740774,0.748370,0.791887,0.786020,0.800239,0.742169,0.746450,0.755569,0.770139,0.794001,0.771770,0.770087,0.763615,0.767778,0.724998,0.796712,0.797227,0.715548,0.749681,0.766589,0.741809,0.744329,0.802298,0.737951,0.809202,0.782220,0.811916,0.799728,0.729714,0.764015,0.766199,0.713818,0.753704,0.724257,0.743876,0.777683,0.774419,0.744713,0.785710,0.735602,0.716688,0.809178,0.801688,0.749442,0.799185,0.750173,0.728056,0.791456,0.713971,0.800060,0.819021,0.778697,0.752407,0.789747,0.745785,0.772314,0.794000,0.830361,0.810922,0.811787,0.767187,0.770583,0.787388,0.789154,0.785134,0.832214,0.703775,0.763384,0.790504,0.725898,0.752872,0.797803,0.756494,0.758880,0.773027,0.754986,0.738654,0.821255,0.839401,0.735771,0.754720,0.762389,0.794458,0.775530,0.738334,0.699905,0.757586,0.740015,0.774319,0.800428,0.777128,0.744335,0.778027,0.721691,0.771235,0.767763,0.787408,0.732687,0.814235,0.796141,0.730588,#
13,0.774234,0.807164,0.769872,0.737501,0.750326,0.754778,0.784886,0.779796,0.780844,0.777501,0.753001,0.769719,0.779563,1.000000,0.727188,0.746142,0.727415,0.840984,0.800914,0.782139,0.777596,0.741755,0.801957,0.763333,0.766047,0.755363,0.728306,0.793579,0.770359,0.808061,0.740149,0.774936,0.794781,0.803266,0.686685,0.757966,0.771093,0.795955,0.798017,0.800334,0.822398,0.755989,0.766156,0.739208,0.800767,0.763569,0.815239,0.774677,0.818556,0.827054,0.793930,0.813830,0.756063,0.740779,0.830712,0.817988,0.784293,0.804663,0.787297,0.776700,0.794839,0.766075,0.750617,0.772219,0.823563,0.806097,0.829620,0.777862,0.815763,0.736060,0.749645,0.785114,0.771665,0.796747,0.800430,0.746610,0.787065,0.787257,0.825274,0.766281,0.794346,0.771213,0.811173,0.818535,0.784913,0.797327,0.722368,0.754111,0.818546,0.774505,0.723308,0.783782,0.782364,0.776249,0.763512,0.730611,0.770061,0.754572,0.754595,0.799505,0.802900,0.761903,0.788025,0.811742,0.779325,0.818190,0.760665,0.802308,0.757688,0.746099,0.781657,0.770981,0.782004,0.771883,0.739426,0.792646,0.708297,0.789099,0.798701,0.713486,0.781319,0.808792,0.715620,0.757944,0.765213,0.770471,0.790222,0.733907,0.774774,0.756792,0.776827,0.761188,0.751392,0.735546,0.806930,0.781605,0.756131,0.791873,0.830253,0.727903,0.782400,0.818422,0.804322,0.756129,0.743091,0.762720,0.782164,0.744152,0.798618,0.764506,0.808524,0.803449,0.752951,0.764264,0.769045,0.751828,0.834778,0.766854,0.790073,0.754092,0.784351,0.775936,0.767801,0.806402,0.806141,0.750701,0.809292,0.755328,0.790117,0.739556,0.785072,0.779429,0.788637,0.778415,0.810470,0.797502,0.796895,0.836714,0.757238,0.784669,0.764981,0.768854,0.813167,0.764524,0.771825,0.784757,0.744934,0.772129,0.739809,0.763066,0.790726,0.780357,0.767453,0.787192,0.805336,0.722231,0.757150,0.819447,0.771080,0.730078,#
14,0.794448,0.819179,0.768527,0.761928,0.726511,0.769911,0.695814,0.785267,0.766916,0.791546,0.724185,0.778909,0.789875,0.727188,1.000000,0.746593,0.753924,0.741918,0.726116,0.779820,0.766261,0.748385,0.759783,0.810771,0.723673,0.692564,0.772440,0.768062,0.719983,0.764616,0.783505,0.744168,0.748205,0.708731,0.756735,0.764372,0.715854,0.777025,0.782669,0.720900,0.763981,0.733812,0.765988,0.747525,0.727454,0.733969,0.780670,0.737481,0.723548,0.744910,0.726732,0.743750,0.737327,0.801799,0.773948,0.761015,0.714363,0.743673,0.757396,0.720898,0.770270,0.790673,0.746865,0.750259,0.758437,0.766305,0.788099,0.767083,0.789118,0.747687,0.725963,0.719763,0.796609,0.743801,0.769226,0.736044,0.753595,0.762488,0.749707,0.738402,0.776836,0.758479,0.798492,0.810603,0.776118,0.790469,0.724816,0.757379,0.771545,0.690818,0.712439,0.727831,0.776709,0.802837,0.777870,0.758720,0.768459,0.761708,0.745103,0.722901,0.785372,0.752164,0.756582,0.716966,0.751606,0.763580,0.744273,0.754022,0.786652,0.745589,0.783937,0.778656,0.780098,0.721641,0.677388,0.772391,0.701798,0.709325,0.720007,0.689656,0.764139,0.793778,0.722012,0.781451,0.780100,0.703363,0.774331,0.765321,0.706582,0.760774,0.733110,0.797548,0.730769,0.730819,0.780017,0.759590,0.786881,0.762112,0.743113,0.739962,0.748845,0.788585,0.686353,0.787833,0.755902,0.777406,0.804105,0.706528,0.763956,0.733982,0.766560,0.755447,0.716660,0.747855,0.799427,0.736328,0.767526,0.750182,0.730258,0.734860,0.759863,0.755354,0.756316,0.767148,0.764198,0.716041,0.726198,0.723280,0.695536,0.762013,0.758386,0.749186,0.757481,0.781252,0.800598,0.768194,0.746755,0.768191,0.715073,0.734251,0.739411,0.786927,0.760289,0.738193,0.752279,0.762675,0.780997,0.707208,0.762432,0.725130,0.735350,0.734841,0.773893,0.755911,0.710579,0.716445,0.730745,0.754486,0.707547,0.714238,#
15,0.761669,0.794636,0.747984,0.784822,0.785389,0.768599,0.784465,0.746565,0.800182,0.786961,0.761468,0.787070,0.756514,0.746142,0.746593,1.000000,0.742697,0.787689,0.769967,0.771279,0.758666,0.787755,0.769580,0.770101,0.741014,0.728271,0.742371,0.771683,0.774914,0.763117,0.818032,0.798102,0.800186,0.800329,0.709269,0.802238,0.778065,0.815523,0.764594,0.740873,0.739336,0.728562,0.782895,0.779217,0.785767,0.745331,0.817859,0.766290,0.797970,0.815871,0.779069,0.772940,0.750204,0.764385,0.783661,0.763903,0.776515,0.768906,0.763968,0.738297,0.792512,0.795311,0.763664,0.785942,0.788387,0.789249,0.790779,0.786202,0.772842,0.721146,0.788857,0.756532,0.756875,0.750895,0.778983,0.759894,0.802023,0.776362,0.805678,0.765228,0.783709,0.749236,0.776517,0.807836,0.819884,0.775955,0.717633,0.780883,0.774272,0.735826,0.724033,0.775190,0.792364,0.806629,0.720013,0.771142,0.731930,0.767707,0.750979,0.769701,0.790941,0.768544,0.787085,0.783049,0.763171,0.751910,0.746957,0.797832,0.742242,0.788794,0.737261,0.714318,0.792338,0.742943,0.704505,0.754759,0.722350,0.758462,0.742074,0.774952,0.738445,0.787549,0.723503,0.805191,0.740510,0.762813,0.769302,0.714642,0.779089,0.808151,0.767223,0.748259,0.729133,0.698268,0.799718,0.772420,0.787799,0.744149,0.761315,0.758308,0.751177,0.778952,0.729680,0.774166,0.781728,0.782218,0.733450,0.738449,0.774265,0.791495,0.792310,0.784561,0.768324,0.785972,0.765632,0.728591,0.813161,0.743099,0.784653,0.772271,0.745512,0.791332,0.785285,0.763588,0.777202,0.737293,0.786891,0.742081,0.767980,0.738255,0.737981,0.778165,0.709226,0.780046,0.767071,0.815690,0.767526,0.788712,0.734371,0.777371,0.773535,0.794929,0.760553,0.764910,0.779657,0.742883,0.724739,0.707437,0.716781,0.765952,0.770120,0.778654,0.747395,0.712173,0.759885,0.731157,0.760807,0.763150,0.785788,0.782413,#
16,0.797307,0.788064,0.755272,0.757954,0.757040,0.779924,0.762346,0.769183,0.746518,0.771479,0.772244,0.777555,0.762059,0.727415,0.753924,0.742697,1.000000,0.791497,0.810562,0.780505,0.853202,0.760032,0.721757,0.775441,0.752835,0.778551,0.775369,0.729896,0.721263,0.759199,0.783366,0.797560,0.799195,0.750802,0.737853,0.786637,0.813264,0.778536,0.767373,0.781638,0.767716,0.758302,0.734263,0.753307,0.758035,0.771039,0.789482,0.763560,0.787446,0.803709,0.738945,0.757617,0.790093,0.787856,0.811595,0.813729,0.681040,0.790714,0.771228,0.735694,0.804569,0.774119,0.747620,0.741061,0.761354,0.749924,0.830459,0.765017,0.801345,0.782723,0.786876,0.768724,0.797391,0.750374,0.755260,0.723258,0.773893,0.779622,0.759120,0.795616,0.831771,0.798218,0.815953,0.802528,0.779712,0.762561,0.767374,0.727983,0.773575,0.780810,0.718988,0.747046,0.789596,0.784111,0.752206,0.780454,0.766961,0.760221,0.790298,0.753817,0.803295,0.766321,0.746358,0.780925,0.743436,0.797096,0.796143,0.781995,0.799811,0.777902,0.783256,0.784931,0.786095,0.742437,0.745628,0.831688,0.788018,0.785112,0.721268,0.631269,0.725543,0.778153,0.737625,0.797835,0.766375,0.772106,0.742439,0.719094,0.779910,0.745441,0.795715,0.775150,0.754770,0.711935,0.801216,0.808854,0.752254,0.764547,0.743147,0.744017,0.765773,0.772481,0.800038,0.791699,0.733800,0.747594,0.797220,0.749191,0.774536,0.751872,0.759067,0.782105,0.720319,0.752848,0.834842,0.754358,0.789973,0.758898,0.752070,0.758200,0.752197,0.761788,0.812252,0.762404,0.812009,0.786599,0.777647,0.746796,0.756197,0.748566,0.763250,0.769782,0.770554,0.757876,0.771826,0.777550,0.721123,0.823016,0.748255,0.780055,0.754274,0.754305,0.778176,0.739968,0.724371,0.773584,0.800931,0.757628,0.767809,0.761036,0.780906,0.760312,0.788784,0.765970,0.784179,0.765557,0.753144,0.820933,0.764662,0.762811,#
17,0.835084,0.789298,0.797810,0.762225,0.804398,0.789757,0.808205,0.805315,0.825450,0.799953,0.753146,0.831625,0.801813,0.840984,0.741918,0.787689,0.791497,1.000000,0.816933,0.845320,0.809116,0.782712,0.810268,0.801970,0.814834,0.808684,0.801840,0.807582,0.778334,0.821538,0.787201,0.823969,0.781297,0.769060,0.753696,0.833250,0.799579,0.819956,0.787592,0.839041,0.804584,0.789136,0.806894,0.777721,0.781543,0.766119,0.825820,0.835680,0.820482,0.842180,0.806296,0.755560,0.811928,0.781209,0.846782,0.811950,0.780027,0.801429,0.793067,0.767835,0.796765,0.789522,0.787111,0.796093,0.820655,0.841069,0.877905,0.812569,0.795102,0.777708,0.803919,0.779044,0.797369,0.806237,0.806891,0.722170,0.826956,0.823064,0.828762,0.830499,0.813009,0.801770,0.851004,0.833840,0.815601,0.801875,0.771551,0.818871,0.789910,0.795610,0.781357,0.774178,0.816084,0.803750,0.771429,0.810389,0.794688,0.775627,0.780120,0.823254,0.823138,0.769009,0.789465,0.796265,0.757849,0.790073,0.777640,0.800030,0.758010,0.803198,0.821721,0.780604,0.814528,0.778723,0.783995,0.785170,0.730074,0.772985,0.774150,0.746523,0.794266,0.831621,0.793691,0.816021,0.783035,0.790509,0.789044,0.763133,0.797409,0.787834,0.809498,0.831241,0.811082,0.758424,0.832232,0.825743,0.803836,0.814285,0.799417,0.825499,0.807095,0.825592,0.839086,0.808004,0.824306,0.786314,0.816758,0.756173,0.842714,0.787756,0.808208,0.803071,0.778918,0.807347,0.795723,0.821647,0.866549,0.785611,0.816631,0.805242,0.809216,0.807659,0.844011,0.773232,0.835751,0.783273,0.784831,0.745101,0.797432,0.746120,0.826186,0.793042,0.809287,0.792679,0.853846,0.763856,0.789307,0.850427,0.774846,0.835645,0.792198,0.839987,0.803549,0.821673,0.820618,0.782539,0.797498,0.822166,0.757048,0.783347,0.834475,0.819354,0.786704,0.799650,0.807841,0.821544,0.753399,0.836899,0.791134,0.744172,#
18,0.814321,0.811657,0.748037,0.792903,0.750003,0.785032,0.760712,0.803236,0.749501,0.773357,0.780702,0.823262,0.821858,0.800914,0.726116,0.769967,0.810562,0.816933,1.000000,0.797436,0.790367,0.783122,0.797687,0.745020,0.749739,0.818794,0.787495,0.791815,0.757925,0.823443,0.731198,0.824727,0.797236,0.803370,0.782644,0.841473,0.793416,0.793683,0.792255,0.800375,0.790361,0.763997,0.766317,0.759862,0.795990,0.759354,0.817397,0.802433,0.815988,0.795636,0.774069,0.770099,0.805354,0.727327,0.821217,0.802337,0.748901,0.804897,0.778271,0.824131,0.792502,0.758159,0.772333,0.757962,0.819118,0.760669,0.819997,0.772363,0.755023,0.766546,0.795962,0.741042,0.810796,0.761430,0.825062,0.730759,0.810335,0.773869,0.792460,0.773797,0.802258,0.776347,0.815260,0.825113,0.818331,0.812448,0.759981,0.770030,0.811461,0.755525,0.762969,0.748261,0.815907,0.810156,0.772125,0.752492,0.778128,0.806857,0.784417,0.802335,0.795426,0.740163,0.782363,0.805099,0.783389,0.790207,0.771757,0.798259,0.799632,0.800044,0.824846,0.757770,0.803281,0.765942,0.717478,0.788074,0.766875,0.767282,0.782534,0.728409,0.785135,0.838453,0.730498,0.811882,0.790549,0.764412,0.835380,0.727337,0.814181,0.753183,0.782559,0.785172,0.774977,0.731603,0.800807,0.791192,0.818940,0.793158,0.745874,0.776785,0.787109,0.828282,0.776881,0.825857,0.789935,0.776512,0.793152,0.729692,0.829328,0.773851,0.800836,0.795326,0.812808,0.759261,0.801685,0.803735,0.823595,0.821814,0.766859,0.767667,0.808498,0.795453,0.848504,0.776242,0.817767,0.748475,0.862013,0.760816,0.753074,0.744124,0.786444,0.807209,0.792130,0.791287,0.757352,0.776887,0.793259,0.842327,0.773085,0.822606,0.780573,0.801226,0.787332,0.780262,0.755280,0.816181,0.774352,0.780609,0.765093,0.797776,0.794418,0.790427,0.729149,0.811173,0.805725,0.785271,0.735862,0.850854,0.775660,0.769414,#
19,0.794725,0.835769,0.791522,0.765788,0.817349,0.819991,0.754171,0.801277,0.821299,0.759396,0.772800,0.793673,0.800497,0.782139,0.779820,0.771279,0.780505,0.845320,0.797436,1.000000,0.823404,0.770782,0.771699,0.794179,0.766474,0.761190,0.788179,0.756571,0.772669,0.796339,0.819236,0.836610,0.795503,0.754611,0.747152,0.853427,0.750157,0.778757,0.776319,0.780478,0.794188,0.766816,0.777281,0.789697,0.763185,0.784133,0.857304,0.791879,0.808700,0.777498,0.774957,0.768935,0.794744,0.766133,0.816834,0.773581,0.797607,0.788411,0.771567,0.737973,0.790349,0.741971,0.820619,0.779558,0.801090,0.809844,0.840057,0.778952,0.802322,0.771946,0.794854,0.771943,0.819307,0.764999,0.775795,0.720755,0.755561,0.772084,0.776158,0.771465,0.822810,0.764715,0.839144,0.782025,0.785218,0.763766,0.776825,0.783444,0.825397,0.764539,0.756646,0.768647,0.790459,0.822353,0.755323,0.752733,0.799224,0.781259,0.775131,0.794446,0.806872,0.762322,0.772899,0.784596,0.770200,0.742189,0.808152,0.781984,0.763761,0.765172,0.791946,0.755948,0.788041,0.771707,0.763669,0.790142,0.772812,0.791700,0.751348,0.683171,0.814558,0.817742,0.736663,0.855277,0.800239,0.782876,0.787745,0.762673,0.838088,0.844829,0.787931,0.829262,0.793739,0.760440,0.808517,0.812697,0.773136,0.795656,0.778246,0.765821,0.802999,0.805739,0.774667,0.794387,0.772408,0.752718,0.775092,0.709604,0.815504,0.794572,0.773001,0.806019,0.770964,0.784515,0.824951,0.764738,0.840426,0.789444,0.784602,0.771467,0.765292,0.803794,0.807915,0.770502,0.811537,0.751140,0.755364,0.801822,0.755214,0.752686,0.792310,0.801037,0.771422,0.764521,0.833123,0.753525,0.792606,0.836702,0.754849,0.759956,0.752218,0.815732,0.803986,0.801922,0.778335,0.772978,0.771094,0.788973,0.783030,0.803599,0.791173,0.781180,0.751584,0.806113,0.812189,0.776481,0.740317,0.783897,0.761065,0.757272,#
20,0.821615,0.834817,0.758168,0.755140,0.776500,0.792957,0.798456,0.802929,0.802449,0.809207,0.770704,0.773536,0.797670,0.777596,0.766261,0.758666,0.853202,0.809116,0.790367,0.823404,1.000000,0.780135,0.752510,0.809336,0.769292,0.786936,0.795581,0.794860,0.753587,0.795423,0.799224,0.808316,0.793742,0.809305,0.780562,0.798802,0.803792,0.788383,0.800421,0.811521,0.812727,0.829433,0.756280,0.823591,0.787041,0.759137,0.832735,0.782704,0.810628,0.795709,0.798775,0.808328,0.787405,0.796557,0.818581,0.802596,0.740612,0.817337,0.796194,0.784918,0.816844,0.784711,0.817533,0.758552,0.816789,0.823252,0.862023,0.785138,0.825471,0.761081,0.793568,0.805469,0.790820,0.798959,0.768428,0.722920,0.779604,0.804811,0.819383,0.829357,0.819327,0.817402,0.822077,0.856381,0.769858,0.777264,0.794778,0.777334,0.827246,0.837448,0.775253,0.790638,0.805417,0.840278,0.786356,0.770450,0.747041,0.747725,0.786216,0.800303,0.846722,0.796763,0.779057,0.824585,0.795297,0.762642,0.812235,0.820885,0.799811,0.819935,0.794168,0.807999,0.784217,0.721522,0.794168,0.813925,0.784837,0.812175,0.733094,0.701257,0.809540,0.818829,0.752896,0.835251,0.768373,0.809814,0.747289,0.745534,0.783569,0.796270,0.801474,0.801696,0.801664,0.787654,0.830486,0.784098,0.767801,0.826278,0.801809,0.804201,0.787553,0.771451,0.786215,0.828043,0.815804,0.760942,0.805017,0.745390,0.782607,0.828326,0.810709,0.815628,0.774190,0.773105,0.820509,0.786750,0.801482,0.813291,0.793572,0.799739,0.792485,0.805723,0.788186,0.794092,0.856755,0.740386,0.757516,0.763139,0.755066,0.763032,0.790810,0.794104,0.824542,0.781572,0.797805,0.773533,0.772417,0.841652,0.775214,0.809873,0.779655,0.793351,0.794702,0.755728,0.755000,0.814990,0.800021,0.799991,0.782722,0.754428,0.753498,0.772731,0.794913,0.803298,0.809069,0.760769,0.779093,0.816088,0.790610,0.775050,#
21,0.775058,0.848632,0.763629,0.799600,0.758963,0.766158,0.755039,0.750385,0.788607,0.751895,0.745088,0.741790,0.710073,0.741755,0.748385,0.787755,0.760032,0.782712,0.783122,0.770782,0.780135,1.000000,0.788035,0.794645,0.695641,0.719952,0.803680,0.745706,0.755086,0.742564,0.772970,0.753975,0.789235,0.776502,0.771153,0.811248,0.760124,0.773728,0.782149,0.741990,0.769987,0.800356,0.755720,0.747603,0.781519,0.759284,0.772374,0.774814,0.801304,0.779082,0.747502,0.780173,0.781407,0.732623,0.804278,0.764422,0.749954,0.753775,0.821890,0.737816,0.787422,0.782775,0.710270,0.745167,0.813135,0.771775,0.801317,0.774249,0.748015,0.760267,0.749929,0.800386,0.791274,0.783744,0.812445,0.763424,0.773682,0.760920,0.794524,0.789529,0.765822,0.728869,0.811839,0.803121,0.820489,0.757083,0.725531,0.789494,0.806963,0.773674,0.681631,0.734774,0.800370,0.782959,0.764950,0.772525,0.764254,0.717346,0.759849,0.805007,0.777656,0.768661,0.718017,0.783490,0.713473,0.788991,0.740718,0.779154,0.749489,0.796960,0.799191,0.731102,0.765981,0.769276,0.680475,0.731074,0.763524,0.798545,0.736324,0.726390,0.765210,0.768835,0.730187,0.767320,0.755595,0.721932,0.771960,0.754071,0.761463,0.793399,0.771467,0.805986,0.749598,0.740083,0.837214,0.743314,0.739578,0.711161,0.747492,0.774763,0.782555,0.780691,0.720830,0.770983,0.753507,0.747708,0.753533,0.692798,0.758082,0.772743,0.773360,0.814691,0.749988,0.747880,0.740615,0.768940,0.809402,0.758345,0.732729,0.779732,0.778955,0.788591,0.779185,0.790796,0.809263,0.758881,0.779299,0.743261,0.705243,0.756971,0.775562,0.765979,0.748300,0.741940,0.757071,0.747557,0.691716,0.790084,0.757065,0.758235,0.746252,0.819862,0.762977,0.757234,0.755408,0.782603,0.769143,0.702107,0.712669,0.774643,0.769187,0.754190,0.744958,0.753567,0.777164,0.741388,0.767900,0.789462,0.689904,0.772760,#
