0,1.000000,0.387187,0.419952,0.448826,0.379193,0.392385,0.443241,0.460156,0.441369,0.299349,0.443525,0.438183,0.404449,0.359344,0.370486,0.500232,0.543595,0.533761,0.447904,0.487407,0.371594,0.309969,0.461866,0.545492,0.307630,0.369139,0.371861,0.352690,0.358400,0.411645,0.314386,0.531369,0.382925,0.439484,0.491470,0.355713,0.320502,0.339805,0.450074,0.398864,0.380449,0.330232,0.507319,0.308262,0.426139,0.294692,0.312328,0.443797,0.410101,0.417066,0.421336,0.512899,0.451054,0.502665,0.467522,0.380179,0.428747,0.465252,0.396134,0.412382,0.431394,0.440369,0.478816,0.399913,0.514012,0.318890,0.471493,0.322222,0.285635,0.341224,0.303391,0.387172,0.474268,0.525367,0.361180,0.323748,0.547192,0.371308,0.463677,0.353293,0.379233,0.327858,0.462969,0.427769,0.452591,0.485165,0.525186,0.528901,0.383787,0.502025,0.382207,0.312800,0.443659,0.331066,0.336603,0.463931,0.390769,0.354343,0.412446,0.494763,0.437212,0.362813,0.375499,0.469399,0.331082,0.465816,0.332551,0.433254,0.378053,0.210223,0.346305,0.400214,0.395350,0.470754,0.497870,0.481116,0.414623,0.356980,0.347777,0.400164,0.398305,0.452211,0.555584,0.469144,0.556261,0.456199,0.395733,0.366555,0.321206,0.416479,0.404489,0.361844,0.410773,0.348359,0.446903,0.520138,0.336754,0.448185,0.311814,0.464014,0.401375,0.330149,0.268143,0.357842,0.339098,0.173229,0.368401,0.302814,0.443401,0.364184,0.347714,0.484304,0.426827,0.337768,0.396392,0.396782,0.537668,0.436164,0.548877,0.387018,0.496309,0.463697,0.484354,0.354846,0.384251,0.446837,0.434106,0.428995,0.479100,0.332871,0.337991,0.386692,0.433156,0.523013,0.346586,0.466281,0.508935,0.461762,0.335842,0.295808,0.392926,0.485406,0.344836,0.383354,0.344664,0.304668,0.245006,0.434754,0.400716,0.234548,0.346739,0.451766,0.349300,0.436536,0.464375,0.457273,0.325714,0.409332,0.385961,0.414432,#
1,0.387187,1.000000,0.420076,0.406346,0.399505,0.422703,0.329224,0.497262,0.583010,0.422477,0.490887,0.441969,0.454231,0.290223,0.368772,0.414006,0.445957,0.439328,0.403744,0.468185,0.345023,0.453662,0.424927,0.327313,0.401028,0.302249,0.318839,0.472373,0.385721,0.355569,0.471586,0.435771,0.373082,0.504342,0.388483,0.400101,0.356941,0.394389,0.528430,0.405801,0.397531,0.283127,0.443398,0.325224,0.357650,0.342715,0.444916,0.351077,0.485951,0.343708,0.379104,0.503370,0.432304,0.433888,0.488226,0.352958,0.356655,0.266954,0.262740,0.317432,0.382842,0.378840,0.369031,0.347064,0.444802,0.495708,0.515369,0.396197,0.407243,0.460574,0.445896,0.466303,0.531673,0.384412,0.477409,0.435757,0.388253,0.354322,0.466731,0.329544,0.376088,0.359999,0.429917,0.439396,0.520682,0.430575,0.450832,0.542469,0.384078,0.383699,0.406877,0.408501,0.423662,0.447311,0.447005,0.443641,0.328844,0.394205,0.412041,0.427279,0.479014,0.333296,0.350873,0.331966,0.301603,0.481412,0.264890,0.419504,0.425566,0.323138,0.290094,0.383132,0.404759,0.460732,0.389891,0.464484,0.399285,0.315299,0.353523,0.327673,0.374438,0.426280,0.420169,0.438335,0.480414,0.362336,0.346114,0.380189,0.475854,0.437244,0.304872,0.521215,0.385927,0.348461,0.502121,0.441079,0.405567,0.435762,0.393745,0.451561,0.488870,0.385313,0.389346,0.479208,0.425706,0.327545,0.309342,0.363903,0.471049,0.300334,0.500764,0.489723,0.402386,0.308344,0.518163,0.456018,0.434067,0.411750,0.332421,0.369763,0.403218,0.423104,0.451973,0.478229,0.394944,0.284654,0.470042,0.286957,0.419138,0.352235,0.396069,0.390232,0.369537,0.411875,0.412381,0.479988,0.442866,0.491319,0.221630,0.285622,0.415662,0.366635,0.442634,0.456474,0.403899,0.482815,0.325099,0.244968,0.494122,0.430686,0.468606,0.533160,0.336625,0.373659,0.418126,0.282028,0.285659,0.543327,0.349323,0.459730,#
2,0.419952,0.420076,1.000000,0.464548,0.507009,0.459438,0.444318,0.473223,0.531654,0.404535,0.449589,0.425014,0.322785,0.439967,0.358585,0.450213,0.339602,0.467288,0.374211,0.461113,0.426455,0.399200,0.399545,0.471684,0.379172,0.391119,0.520540,0.445616,0.439403,0.442777,0.460514,0.421534,0.438204,0.471636,0.460881,0.359381,0.378107,0.418036,0.537703,0.341757,0.354797,0.348269,0.490921,0.333512,0.377558,0.378504,0.438264,0.346552,0.356601,0.368279,0.405053,0.567704,0.507194,0.450773,0.509507,0.416110,0.453511,0.281954,0.447289,0.439238,0.599382,0.421264,0.352953,0.415409,0.457860,0.434359,0.356961,0.383149,0.340243,0.439734,0.453643,0.450296,0.422133,0.463946,0.462497,0.363982,0.425257,0.335645,0.442961,0.423921,0.394035,0.415700,0.537024,0.259725,0.565512,0.446869,0.407916,0.569066,0.318413,0.373983,0.449795,0.388200,0.560535,0.491869,0.403373,0.445621,0.340183,0.373149,0.512562,0.427924,0.455568,0.394764,0.367605,0.421409,0.295853,0.483099,0.478442,0.490460,0.386454,0.293144,0.435877,0.365217,0.496083,0.436749,0.347662,0.384523,0.423747,0.444914,0.303967,0.401403,0.413294,0.329679,0.383657,0.532582,0.441374,0.309767,0.402904,0.433161,0.429262,0.513665,0.389515,0.477454,0.501493,0.485282,0.508783,0.415068,0.437569,0.462429,0.482181,0.410418,0.351952,0.480716,0.309675,0.323563,0.443322,0.400678,0.301921,0.365569,0.409718,0.424118,0.452582,0.487450,0.507951,0.453046,0.449007,0.395072,0.406879,0.225623,0.472330,0.336658,0.304701,0.366392,0.512198,0.417133,0.392775,0.441124,0.425954,0.250010,0.406976,0.377840,0.436989,0.413587,0.471358,0.398901,0.414970,0.471681,0.378676,0.491797,0.263418,0.277881,0.378554,0.559689,0.311706,0.478012,0.383967,0.440173,0.342582,0.323153,0.412895,0.394862,0.416657,0.450933,0.529477,0.498616,0.446406,0.374595,0.237293,0.426210,0.405183,0.515747,#
3,0.448826,0.406346,0.464548,1.000000,0.527501,0.417767,0.453695,0.527094,0.633097,0.470538,0.489078,0.484723,0.463231,0.460242,0.443788,0.480993,0.415852,0.535756,0.576298,0.515054,0.437405,0.440659,0.539567,0.447668,0.455399,0.492837,0.526312,0.534660,0.450079,0.509547,0.508095,0.582167,0.470901,0.549023,0.489706,0.490941,0.402448,0.470052,0.499755,0.521557,0.414956,0.437199,0.518569,0.531752,0.447382,0.455401,0.403566,0.373537,0.408479,0.332734,0.534718,0.450772,0.529581,0.457112,0.460261,0.525003,0.509279,0.478983,0.467589,0.487035,0.438892,0.376012,0.436747,0.478411,0.661907,0.377745,0.412361,0.333899,0.193559,0.430017,0.409722,0.475846,0.517374,0.467833,0.433931,0.372556,0.468814,0.413014,0.410713,0.419163,0.516494,0.387856,0.568616,0.370336,0.507727,0.524069,0.535015,0.531159,0.386287,0.458331,0.600555,0.481709,0.472828,0.517410,0.456454,0.527841,0.382258,0.395216,0.459183,0.400750,0.448587,0.464775,0.386929,0.361095,0.620185,0.399565,0.395537,0.442376,0.385128,0.335650,0.433656,0.303332,0.411101,0.474315,0.429060,0.572400,0.326272,0.388564,0.395531,0.374625,0.448239,0.542198,0.495261,0.405800,0.468963,0.506005,0.441855,0.546978,0.392870,0.376286,0.462936,0.507781,0.452758,0.425435,0.453012,0.574647,0.385570,0.451478,0.362323,0.494797,0.298792,0.580346,0.502401,0.328865,0.439759,0.500192,0.414782,0.548032,0.483560,0.472876,0.454079,0.403953,0.381049,0.487881,0.487670,0.382709,0.521967,0.334934,0.611141,0.423913,0.451430,0.438457,0.405835,0.412400,0.404513,0.434142,0.552289,0.401665,0.568621,0.403704,0.469174,0.416415,0.466321,0.527635,0.446800,0.468858,0.541297,0.520710,0.315114,0.388176,0.366578,0.551758,0.385808,0.464504,0.431970,0.435246,0.359241,0.373801,0.445057,0.525798,0.554801,0.467926,0.454031,0.470794,0.524129,0.437061,0.386733,0.473562,0.413325,0.408341,#
4,0.379193,0.399505,0.507009,0.527501,1.000000,0.512194,0.477773,0.598881,0.531434,0.434231,0.332469,0.577860,0.497082,0.493645,0.402882,0.491414,0.543566,0.562324,0.470063,0.592943,0.583553,0.411302,0.508642,0.529964,0.465905,0.503351,0.509903,0.381638,0.535222,0.460106,0.529078,0.601318,0.546893,0.554997,0.450084,0.446824,0.544804,0.452514,0.571013,0.456525,0.473638,0.317482,0.438754,0.489802,0.456539,0.513537,0.502002,0.521089,0.484340,0.351437,0.518888,0.527051,0.590711,0.524144,0.566557,0.504674,0.432389,0.490490,0.479637,0.461643,0.438689,0.484331,0.449698,0.404436,0.552702,0.538702,0.406093,0.428135,0.355460,0.467257,0.444777,0.488191,0.522169,0.514863,0.513959,0.333469,0.466034,0.484519,0.449364,0.561514,0.385619,0.459607,0.543216,0.411915,0.500972,0.519231,0.474322,0.454185,0.444721,0.395317,0.527791,0.470820,0.493627,0.437475,0.467737,0.465022,0.445456,0.403074,0.421587,0.493234,0.538696,0.529301,0.498017,0.430897,0.387423,0.514958,0.458279,0.483022,0.526802,0.479356,0.403063,0.421878,0.446317,0.562659,0.436100,0.436912,0.523433,0.498665,0.380728,0.403553,0.419031,0.409225,0.554345,0.434536,0.524848,0.456688,0.427919,0.552766,0.558804,0.510657,0.498530,0.454347,0.498274,0.524952,0.585123,0.546935,0.423136,0.419266,0.486170,0.371340,0.375352,0.492043,0.535067,0.382623,0.503679,0.403941,0.488748,0.460438,0.437527,0.564421,0.461106,0.543169,0.438397,0.499687,0.573370,0.511283,0.584237,0.363589,0.494691,0.461140,0.456514,0.436850,0.565024,0.328642,0.321864,0.417647,0.409343,0.362653,0.545472,0.438667,0.419911,0.491579,0.578134,0.483576,0.528087,0.488690,0.612281,0.566666,0.389491,0.385803,0.402936,0.481782,0.427422,0.435568,0.508411,0.542839,0.332259,0.480706,0.466214,0.540223,0.320813,0.457113,0.396813,0.518105,0.412672,0.501103,0.424225,0.463424,0.554135,0.475985,#
5,0.392385,0.422703,0.459438,0.417767,0.512194,1.000000,0.325000,0.535823,0.518812,0.299034,0.442261,0.411223,0.372700,0.299046,0.399306,0.531746,0.481005,0.498821,0.285046,0.608272,0.368680,0.321392,0.445785,0.416636,0.412545,0.401051,0.537094,0.430838,0.453225,0.375014,0.564538,0.562295,0.489849,0.468199,0.348916,0.453388,0.406074,0.325786,0.464843,0.324035,0.481710,0.282717,0.363256,0.450493,0.458408,0.470363,0.513412,0.407051,0.500102,0.209505,0.462455,0.463366,0.458618,0.496079,0.322373,0.545231,0.455026,0.335566,0.557711,0.441134,0.402727,0.500484,0.444764,0.484235,0.552710,0.431178,0.341971,0.379178,0.328820,0.298067,0.410707,0.383444,0.498109,0.392962,0.432277,0.462440,0.521984,0.461388,0.430748,0.443909,0.487668,0.348503,0.496357,0.427028,0.357631,0.515188,0.504719,0.557210,0.413670,0.297431,0.337587,0.421015,0.559745,0.565199,0.376913,0.405243,0.374027,0.423753,0.529246,0.476468,0.434997,0.457788,0.440619,0.445367,0.358735,0.519281,0.386305,0.446284,0.334526,0.390281,0.298122,0.483102,0.372788,0.387228,0.374038,0.382602,0.491920,0.321650,0.265352,0.397242,0.370357,0.408890,0.423368,0.496895,0.370764,0.351654,0.519211,0.394661,0.358268,0.459819,0.496851,0.518370,0.507430,0.490966,0.501416,0.496281,0.442517,0.428553,0.437783,0.373317,0.370381,0.373923,0.417771,0.403366,0.529286,0.330521,0.304944,0.346368,0.482145,0.381192,0.449817,0.430512,0.371286,0.377420,0.434768,0.355266,0.580250,0.316779,0.454739,0.353554,0.439701,0.366177,0.495894,0.352948,0.468922,0.385657,0.303356,0.466083,0.497963,0.410670,0.505628,0.483541,0.397556,0.447449,0.463849,0.364004,0.430208,0.474229,0.355381,0.366232,0.498262,0.443532,0.507018,0.399890,0.483546,0.457730,0.381855,0.383484,0.292610,0.413707,0.348121,0.491859,0.299591,0.390058,0.298560,0.377318,0.285282,0.426865,0.424632,0.429445,#
6,0.443241,0.329224,0.444318,0.453695,0.477773,0.325000,1.000000,0.402755,0.484609,0.293916,0.322837,0.355449,0.470748,0.485264,0.294590,0.387367,0.463869,0.531004,0.394467,0.412058,0.541486,0.339907,0.289808,0.397339,0.377376,0.357417,0.395987,0.380402,0.413176,0.507519,0.382692,0.470860,0.372250,0.450807,0.493385,0.418703,0.299075,0.291379,0.388392,0.447372,0.362808,0.395429,0.468532,0.321601,0.513068,0.300822,0.422666,0.206442,0.528552,0.367201,0.457836,0.569341,0.479328,0.393118,0.527123,0.440491,0.421391,0.456152,0.429801,0.341879,0.390630,0.380325,0.315395,0.389996,0.578499,0.409377,0.536529,0.274383,0.332364,0.379233,0.338203,0.422260,0.393069,0.547460,0.419040,0.321961,0.404993,0.299842,0.386297,0.349806,0.355300,0.418251,0.434321,0.319354,0.337709,0.481773,0.390874,0.389304,0.428139,0.368672,0.355231,0.378852,0.329514,0.349441,0.390004,0.381168,0.467400,0.382473,0.366710,0.472869,0.421799,0.366256,0.490792,0.381075,0.336368,0.285348,0.442336,0.338691,0.294608,0.325235,0.301005,0.358016,0.269423,0.418448,0.431850,0.273563,0.554807,0.380526,0.375403,0.354217,0.471680,0.408911,0.443467,0.498844,0.535968,0.524420,0.343315,0.434319,0.265869,0.397076,0.360100,0.420740,0.509267,0.363102,0.444837,0.450931,0.427575,0.349233,0.512223,0.403735,0.433437,0.422466,0.393565,0.268512,0.360676,0.417656,0.279183,0.382977,0.382185,0.343988,0.481203,0.445502,0.335255,0.367605,0.419220,0.407727,0.382790,0.369801,0.493658,0.379823,0.378117,0.428281,0.434671,0.404572,0.357929,0.432803,0.494463,0.292067,0.487044,0.304203,0.454965,0.395119,0.315952,0.319604,0.401618,0.430847,0.451217,0.437501,0.348658,0.285358,0.385140,0.381403,0.454752,0.455847,0.383878,0.376969,0.241987,0.454376,0.264881,0.349556,0.288807,0.438372,0.366161,0.499985,0.438606,0.307066,0.318827,0.468092,0.447058,0.410022,#
7,0.460156,0.497262,0.473223,0.527094,0.598881,0.535823,0.402755,1.000000,0.669516,0.446816,0.457778,0.523831,0.453301,0.481836,0.535328,0.447102,0.575982,0.533558,0.521450,0.527850,0.478374,0.455939,0.603422,0.497070,0.543098,0.483712,0.491208,0.510146,0.484159,0.451831,0.397102,0.605833,0.458732,0.540132,0.428185,0.398024,0.493510,0.402447,0.550257,0.438399,0.459405,0.371896,0.475662,0.539946,0.494470,0.510894,0.511004,0.517300,0.413203,0.362107,0.558629,0.510482,0.510531,0.557129,0.469899,0.493896,0.410840,0.507102,0.445099,0.475652,0.412345,0.487787,0.489860,0.398278,0.561421,0.497073,0.458892,0.485317,0.447273,0.573940,0.454950,0.326393,0.614073,0.520746,0.562985,0.394890,0.509954,0.411305,0.551239,0.458821,0.481262,0.472323,0.545643,0.437573,0.528442,0.486487,0.581805,0.541353,0.414328,0.481401,0.437431,0.485883,0.509182,0.546973,0.544991,0.443858,0.440267,0.499012,0.493947,0.495519,0.565334,0.464841,0.469421,0.476723,0.467551,0.551446,0.411668,0.467607,0.428699,0.342211,0.508108,0.399710,0.511479,0.530829,0.546738,0.471192,0.504578,0.319885,0.347865,0.559701,0.502312,0.515873,0.477845,0.611339,0.574063,0.445785,0.516328,0.563134,0.433882,0.376977,0.492516,0.427120,0.572908,0.434794,0.602189,0.623904,0.470506,0.491784,0.453874,0.489962,0.448606,0.499135,0.525217,0.332522,0.476241,0.467741,0.446432,0.392129,0.541691,0.489284,0.461107,0.543013,0.470937,0.523501,0.538681,0.569844,0.505090,0.450997,0.506609,0.441849,0.532898,0.360964,0.621533,0.378242,0.413517,0.494627,0.481268,0.354059,0.487084,0.391609,0.555864,0.561062,0.511707,0.538083,0.501523,0.540683,0.489394,0.504279,0.376367,0.430696,0.563910,0.449983,0.448810,0.450918,0.463644,0.563939,0.333744,0.396880,0.459141,0.503515,0.482576,0.522913,0.391886,0.390693,0.474508,0.424728,0.371165,0.538787,0.488810,0.478142,#
8,0.441369,0.583010,0.531654,0.633097,0.531434,0.518812,0.484609,0.669516,1.000000,0.506721,0.433604,0.511722,0.483062,0.510765,0.535858,0.563272,0.487596,0.563628,0.487363,0.575338,0.471113,0.603187,0.545683,0.458425,0.335350,0.549254,0.513939,0.601349,0.497485,0.536581,0.485826,0.547527,0.502560,0.552222,0.449816,0.482561,0.469809,0.456173,0.532459,0.490527,0.453806,0.513294,0.554129,0.468156,0.496150,0.424698,0.433129,0.470436,0.503579,0.459286,0.562772,0.589774,0.481694,0.583710,0.509414,0.598312,0.458559,0.541462,0.460578,0.489610,0.550730,0.487424,0.560813,0.446544,0.563614,0.542858,0.508500,0.476115,0.475644,0.586098,0.478125,0.478482,0.593868,0.619905,0.499953,0.433497,0.482139,0.480643,0.513701,0.526532,0.491527,0.479927,0.537159,0.433091,0.518870,0.550029,0.477457,0.522067,0.351977,0.481031,0.497503,0.464019,0.556274,0.561382,0.569825,0.501168,0.455974,0.483436,0.529196,0.442831,0.554511,0.500533,0.520660,0.523923,0.486905,0.534185,0.488439,0.534766,0.433364,0.420544,0.460760,0.469669,0.529640,0.506038,0.572834,0.533545,0.521204,0.399000,0.417117,0.532264,0.485695,0.471814,0.568155,0.539202,0.545282,0.566021,0.494479,0.556680,0.489357,0.467963,0.482677,0.436238,0.583819,0.574396,0.676604,0.525193,0.457713,0.472640,0.410310,0.529061,0.409848,0.584270,0.581607,0.445978,0.483465,0.457060,0.499515,0.422591,0.534401,0.480272,0.532512,0.520152,0.466002,0.618589,0.565833,0.538663,0.526052,0.489731,0.546723,0.570121,0.486408,0.444230,0.598875,0.519885,0.479910,0.436286,0.496578,0.400866,0.585105,0.536708,0.527200,0.530910,0.507229,0.510471,0.582939,0.523336,0.468552,0.594373,0.431899,0.356063,0.517574,0.550340,0.348063,0.635025,0.547785,0.570199,0.436613,0.414229,0.453579,0.473998,0.517930,0.481742,0.537890,0.491669,0.485676,0.485143,0.435620,0.499627,0.543429,0.516885,#
9,0.299349,0.422477,0.404535,0.470538,0.434231,0.299034,0.293916,0.446816,0.506721,1.000000,0.403658,0.322903,0.405098,0.403727,0.463535,0.404213,0.368667,0.417516,0.483582,0.488472,0.538820,0.410120,0.482146,0.488075,0.364947,0.343073,0.409170,0.525459,0.344749,0.499974,0.366481,0.435733,0.422853,0.503862,0.482153,0.386819,0.324629,0.301603,0.484553,0.375828,0.485120,0.364892,0.395277,0.334540,0.436961,0.368372,0.395766,0.356584,0.325040,0.268823,0.327627,0.437516,0.340507,0.401226,0.362257,0.429510,0.352866,0.432041,0.385303,0.377565,0.393877,0.359038,0.403458,0.404819,0.479770,0.558433,0.475896,0.405611,0.404868,0.314183,0.459250,0.375377,0.381218,0.391006,0.452423,0.404004,0.286710,0.439948,0.405729,0.489931,0.351378,0.405387,0.403553,0.374162,0.478046,0.343076,0.369467,0.521127,0.320651,0.226767,0.378851,0.437484,0.512559,0.407882,0.451270,0.376693,0.382046,0.512855,0.459870,0.317878,0.387514,0.365151,0.427123,0.360804,0.456973,0.431068,0.360574,0.301097,0.411008,0.356053,0.435454,0.434319,0.582505,0.470561,0.326463,0.470598,0.284905,0.294654,0.272105,0.299236,0.416002,0.431266,0.477922,0.437269,0.403229,0.315362,0.394998,0.393768,0.456096,0.366102,0.301578,0.468575,0.477500,0.521527,0.459276,0.377935,0.330764,0.402146,0.318399,0.435029,0.272202,0.540647,0.456314,0.401762,0.380142,0.378689,0.379532,0.406312,0.342281,0.327793,0.338045,0.360192,0.390243,0.437017,0.431362,0.416565,0.429823,0.375342,0.411509,0.435064,0.384845,0.360385,0.438499,0.464917,0.424895,0.329987,0.332397,0.315283,0.493679,0.321148,0.484741,0.507223,0.342656,0.463181,0.464074,0.560132,0.326362,0.479935,0.372435,0.377672,0.368985,0.325272,0.348576,0.422102,0.384248,0.552933,0.227521,0.255630,0.545716,0.384202,0.402298,0.426452,0.371747,0.361055,0.372269,0.346672,0.295920,0.395854,0.342049,0.312524,#
10,0.443525,0.490887,0.449589,0.489078,0.332469,0.442261,0.322837,0.457778,0.433604,0.403658,1.000000,0.417246,0.267383,0.360744,0.344179,0.442272,0.389755,0.372374,0.407697,0.444161,0.411416,0.288954,0.403212,0.438870,0.350842,0.291107,0.379253,0.556315,0.320482,0.454582,0.373923,0.415736,0.366985,0.507083,0.459212,0.400348,0.336405,0.376978,0.465920,0.257721,0.438896,0.296825,0.332514,0.335646,0.415335,0.453922,0.457450,0.408614,0.485372,0.467218,0.275608,0.464091,0.493877,0.403041,0.394981,0.348637,0.382087,0.341300,0.347082,0.355228,0.394367,0.424341,0.496857,0.456081,0.490377,0.334903,0.385927,0.237216,0.278077,0.396003,0.287658,0.471526,0.467032,0.353305,0.347931,0.405419,0.377815,0.419719,0.417243,0.325058,0.477541,0.418258,0.481021,0.349033,0.412264,0.359049,0.457859,0.536104,0.368355,0.423392,0.363175,0.497204,0.489147,0.503680,0.404041,0.465657,0.229845,0.366141,0.568143,0.510276,0.402165,0.361504,0.387000,0.458073,0.535825,0.326448,0.287290,0.428471,0.366371,0.326889,0.332280,0.337806,0.391903,0.371058,0.376393,0.490544,0.349722,0.281453,0.378596,0.417257,0.457946,0.545899,0.294278,0.383392,0.246664,0.368226,0.509648,0.453629,0.423636,0.324363,0.225096,0.375216,0.406766,0.380637,0.482975,0.437113,0.314760,0.439266,0.316161,0.378034,0.491668,0.356190,0.298357,0.372978,0.317477,0.278341,0.252630,0.326454,0.436133,0.333269,0.434662,0.433469,0.464868,0.352629,0.406662,0.389231,0.543995,0.344547,0.425788,0.368301,0.495884,0.356239,0.470433,0.424874,0.392406,0.324914,0.497254,0.341275,0.455231,0.413377,0.457202,0.360009,0.308584,0.407782,0.383840,0.379684,0.441355,0.539390,0.240352,0.417203,0.351369,0.305992,0.433599,0.350334,0.374065,0.368653,0.205588,0.314045,0.346554,0.464225,0.411330,0.374642,0.378337,0.390412,0.453802,0.361925,0.202920,0.515617,0.402879,0.463717,#
11,0.438183,0.441969,0.425014,0.484723,0.577860,0.411223,0.355449,0.523831,0.511722,0.322903,0.417246,1.000000,0.468683,0.380474,0.403103,0.386508,0.434121,0.534117,0.480715,0.407209,0.441756,0.418003,0.407258,0.352075,0.373818,0.445871,0.307941,0.468912,0.453169,0.410910,0.433144,0.471875,0.454720,0.521741,0.413339,0.356284,0.509273,0.405057,0.408242,0.457373,0.405786,0.395187,0.462592,0.396601,0.381999,0.438574,0.571562,0.394162,0.387709,0.412806,0.445220,0.517243,0.486849,0.537334,0.476893,0.444956,0.273894,0.451551,0.392307,0.381226,0.355932,0.395080,0.521446,0.351342,0.521860,0.427986,0.436469,0.408784,0.396775,0.501424,0.435435,0.469584,0.464199,0.469624,0.417907,0.258617,0.470313,0.420854,0.431514,0.249529,0.430878,0.417973,0.462685,0.314508,0.492593,0.441765,0.354290,0.425267,0.385190,0.301306,0.403518,0.525895,0.449434,0.413736,0.473839,0.569899,0.372482,0.383517,0.425083,0.347819,0.365127,0.457940,0.413894,0.407832,0.466050,0.555342,0.339750,0.483459,0.489949,0.386383,0.525873,0.438807,0.494837,0.484761,0.285412,0.470467,0.400231,0.444609,0.281592,0.494022,0.377478,0.444195,0.457053,0.385836,0.489745,0.373481,0.411506,0.414680,0.465403,0.421328,0.422941,0.436400,0.507516,0.492724,0.485347,0.443767,0.391135,0.453318,0.405426,0.440016,0.429755,0.363051,0.400267,0.402210,0.509411,0.314110,0.482741,0.373423,0.389449,0.492049,0.417115,0.430105,0.361186,0.455499,0.553492,0.419040,0.471599,0.322826,0.511021,0.332357,0.373257,0.397636,0.486502,0.370455,0.442730,0.253868,0.459891,0.293758,0.516766,0.463513,0.440574,0.408929,0.413390,0.503489,0.362613,0.441659,0.411179,0.458502,0.282830,0.440330,0.435977,0.389599,0.462658,0.365820,0.504786,0.347092,0.259568,0.431054,0.456928,0.471386,0.448134,0.401115,0.468731,0.460285,0.464432,0.398835,0.333533,0.490939,0.392103,0.435366,#
12,0.404449,0.454231,0.322785,0.463231,0.497082,0.372700,0.470748,0.453301,0.483062,0.405098,0.267383,0.468683,1.000000,0.436939,0.505571,0.379785,0.537412,0.521610,0.513966,0.511833,0.460950,0.399757,0.463665,0.423625,0.355620,0.355255,0.381488,0.454220,0.537248,0.361117,0.412669,0.445670,0.506585,0.464636,0.450652,0.415648,0.367595,0.348625,0.420173,0.465598,0.275398,0.255819,0.428836,0.563891,0.390312,0.413253,0.506933,0.284580,0.418822,0.292322,0.534657,0.417651,0.408666,0.497066,0.492077,0.389722,0.315489,0.433306,0.351968,0.308405,0.305491,0.447607,0.301236,0.366381,0.553789,0.461952,0.372618,0.278859,0.368220,0.410019,0.385098,0.395265,0.460472,0.444657,0.539486,0.402195,0.447935,0.333969,0.470225,0.387532,0.422835,0.380342,0.468298,0.391402,0.344852,0.478316,0.400557,0.439851,0.466637,0.353294,0.357508,0.330725,0.468346,0.336543,0.362289,0.472636,0.549092,0.496500,0.360334,0.356549,0.304764,0.450197,0.449915,0.502785,0.371320,0.414603,0.323166,0.313620,0.402344,0.340667,0.468047,0.351580,0.398106,0.428543,0.543096,0.393698,0.434168,0.261437,0.351627,0.290705,0.413367,0.464429,0.470117,0.517298,0.464831,0.396950,0.335614,0.266522,0.323974,0.391816,0.347693,0.394715,0.377264,0.394062,0.438132,0.413053,0.391156,0.474541,0.459087,0.336571,0.408922,0.572265,0.426082,0.375191,0.425858,0.385827,0.449966,0.383073,0.427823,0.523164,0.351737,0.486793,0.391194,0.320669,0.443613,0.549192,0.501385,0.338602,0.428543,0.389705,0.431584,0.480940,0.501065,0.404746,0.487158,0.292964,0.432680,0.439318,0.342217,0.273448,0.461267,0.461611,0.428569,0.452605,0.399186,0.384508,0.512923,0.529388,0.387937,0.221847,0.373647,0.458757,0.416659,0.401407,0.282072,0.473414,0.332131,0.486719,0.428475,0.337890,0.374726,0.344639,0.342499,0.463751,0.367296,0.398492,0.316646,0.428008,0.427864,0.275398,#
13,0.359344,0.290223,0.439967,0.460242,0.493645,0.299046,0.485264,0.481836,0.510765,0.403727,0.360744,0.380474,0.436939,1.000000,0.328201,0.407767,0.392383,0.485956,0.493504,0.434634,0.479548,0.382326,0.499088,0.385854,0.330184,0.395194,0.310351,0.519652,0.492093,0.504330,0.283374,0.463154,0.501945,0.541977,0.334503,0.306728,0.413721,0.409828,0.428184,0.406412,0.509416,0.367193,0.452776,0.389169,0.528701,0.397557,0.424673,0.384822,0.516193,0.303083,0.456116,0.581803,0.385148,0.488668,0.465990,0.475667,0.376553,0.429099,0.372401,0.402930,0.431815,0.420883,0.386942,0.415723,0.481192,0.441479,0.424016,0.286482,0.405591,0.339577,0.338887,0.398133,0.301011,0.553052,0.483890,0.373638,0.408491,0.357701,0.433667,0.442723,0.424398,0.380722,0.547775,0.341724,0.394147,0.419554,0.348989,0.339249,0.473866,0.393949,0.414101,0.412710,0.486607,0.459887,0.453150,0.310161,0.390498,0.404503,0.392593,0.528914,0.383433,0.406992,0.411267,0.541835,0.431491,0.531511,0.301750,0.421877,0.385388,0.323333,0.452472,0.448407,0.469303,0.456177,0.473428,0.486253,0.349359,0.477920,0.401150,0.472952,0.405952,0.467222,0.371949,0.342057,0.452398,0.245854,0.389475,0.307471,0.393727,0.344909,0.339536,0.434715,0.420384,0.386661,0.516677,0.438931,0.351618,0.420755,0.529819,0.364035,0.215077,0.524381,0.530534,0.343525,0.353145,0.406143,0.431709,0.430945,0.454508,0.445847,0.348127,0.451815,0.327707,0.508208,0.414939,0.473886,0.404037,0.337355,0.477751,0.398941,0.495509,0.437725,0.418207,0.431062,0.374955,0.388027,0.455642,0.327409,0.549681,0.319066,0.412994,0.515618,0.463627,0.420467,0.514037,0.452728,0.447049,0.592571,0.432466,0.280281,0.332410,0.449520,0.445338,0.437575,0.430102,0.426061,0.277367,0.396156,0.289551,0.380827,0.427505,0.438182,0.406096,0.490597,0.487040,0.320657,0.360318,0.391671,0.455953,0.383618,#
14,0.370486,0.368772,0.358585,0.443788,0.402882,0.399306,0.294590,0.535328,0.535858,0.463535,0.344179,0.403103,0.505571,0.328201,1.000000,0.475826,0.437696,0.373439,0.436015,0.461190,0.427960,0.370527,0.406616,0.472493,0.369631,0.244381,0.393952,0.443586,0.448813,0.440085,0.397980,0.508426,0.431485,0.451964,0.429297,0.381409,0.335941,0.379682,0.469857,0.317311,0.270644,0.261970,0.449332,0.414212,0.388352,0.379383,0.365202,0.302813,0.241137,0.284426,0.382911,0.369242,0.309168,0.538702,0.361675,0.394956,0.357271,0.357438,0.419561,0.325094,0.353751,0.442806,0.420872,0.385660,0.413909,0.317707,0.330586,0.326512,0.319878,0.484401,0.374512,0.339766,0.424643,0.369160,0.503732,0.337060,0.513521,0.394618,0.338424,0.258531,0.451832,0.443456,0.496389,0.431325,0.407639,0.394853,0.385243,0.506894,0.393436,0.269631,0.303500,0.232570,0.496035,0.500725,0.376581,0.445168,0.613411,0.416669,0.450273,0.285067,0.384120,0.381379,0.451138,0.281056,0.443583,0.394267,0.277592,0.271769,0.276960,0.261848,0.425286,0.377878,0.451337,0.419869,0.402360,0.439121,0.347567,0.263564,0.272238,0.356245,0.427978,0.446193,0.399550,0.454913,0.479331,0.214266,0.395555,0.512259,0.320516,0.432618,0.299299,0.358616,0.391545,0.439064,0.466236,0.450188,0.290600,0.403839,0.364342,0.379992,0.300142,0.441381,0.346705,0.383144,0.315353,0.465001,0.456178,0.368315,0.433446,0.302673,0.379153,0.381443,0.298931,0.354286,0.460970,0.421599,0.470931,0.358899,0.351790,0.380335,0.404172,0.303948,0.468521,0.329312,0.341575,0.287808,0.350802,0.307089,0.351818,0.437087,0.384549,0.389378,0.452081,0.488861,0.344221,0.491841,0.417014,0.471818,0.283358,0.216797,0.440718,0.507991,0.409103,0.385801,0.330294,0.336070,0.336406,0.248205,0.301085,0.363332,0.252408,0.351372,0.456603,0.459569,0.384549,0.363057,0.320822,0.326584,0.359934,0.257491,#
15,0.500232,0.414006,0.450213,0.480993,0.491414,0.531746,0.387367,0.447102,0.563272,0.404213,0.442272,0.386508,0.379785,0.407767,0.475826,1.000000,0.447942,0.556378,0.428662,0.506729,0.429146,0.393229,0.461853,0.486250,0.399417,0.421944,0.411012,0.430913,0.448237,0.531817,0.409895,0.542997,0.420723,0.509120,0.416908,0.516154,0.472507,0.373019,0.559204,0.377816,0.380861,0.382254,0.443179,0.372677,0.527142,0.403370,0.440380,0.523884,0.457425,0.407360,0.392995,0.615617,0.437892,0.472291,0.466848,0.412649,0.476316,0.367112,0.419837,0.401148,0.540700,0.417663,0.444674,0.515653,0.460014,0.527597,0.411557,0.333609,0.316268,0.302703,0.442641,0.362047,0.360406,0.439888,0.457585,0.346638,0.471418,0.425611,0.439657,0.411103,0.549802,0.426775,0.412291,0.401959,0.542767,0.491794,0.384614,0.568869,0.352448,0.366455,0.425052,0.374535,0.453073,0.426499,0.363222,0.462243,0.403948,0.388609,0.387885,0.398987,0.551783,0.358419,0.545366,0.461758,0.392779,0.456473,0.447558,0.441841,0.344360,0.403311,0.292920,0.388619,0.459840,0.463917,0.362062,0.455165,0.440591,0.404324,0.374251,0.384948,0.439563,0.400846,0.456683,0.433735,0.383972,0.469500,0.506442,0.461805,0.435821,0.587265,0.292721,0.336149,0.450995,0.428022,0.469711,0.441290,0.324249,0.330731,0.425331,0.439178,0.357164,0.389949,0.433591,0.344412,0.377919,0.364318,0.367525,0.371813,0.451873,0.377942,0.475500,0.356822,0.498770,0.448866,0.453545,0.439462,0.597724,0.410689,0.439157,0.458825,0.384074,0.452681,0.561294,0.252689,0.444052,0.430563,0.458335,0.521078,0.578375,0.329623,0.346550,0.564094,0.294709,0.493030,0.413273,0.544245,0.479374,0.545270,0.355705,0.348965,0.413903,0.442306,0.379974,0.489946,0.411136,0.464029,0.232365,0.398115,0.309457,0.412868,0.360738,0.434069,0.446992,0.447868,0.382865,0.410393,0.418871,0.476035,0.488639,0.404798,#
16,0.543595,0.445957,0.339602,0.415852,0.543566,0.481005,0.463869,0.575982,0.487596,0.368667,0.389755,0.434121,0.537412,0.392383,0.437696,0.447942,1.000000,0.531376,0.418195,0.554146,0.571582,0.460130,0.383679,0.443781,0.424277,0.450814,0.508287,0.328900,0.413910,0.458329,0.439924,0.618206,0.531816,0.551598,0.479163,0.457204,0.450185,0.346625,0.520371,0.426619,0.368462,0.382391,0.460847,0.405932,0.459012,0.429667,0.382778,0.385047,0.453716,0.405815,0.440460,0.430528,0.516691,0.670043,0.541100,0.457694,0.300599,0.473589,0.446405,0.319714,0.340672,0.542216,0.388341,0.405255,0.484842,0.425336,0.416405,0.418023,0.481915,0.557063,0.338465,0.360584,0.555379,0.524176,0.495309,0.338938,0.473855,0.431760,0.481275,0.467508,0.444568,0.416768,0.509343,0.501395,0.464191,0.463378,0.510119,0.517876,0.462119,0.411788,0.430756,0.391364,0.508518,0.439368,0.481055,0.562177,0.455170,0.452370,0.503533,0.448117,0.384173,0.399564,0.484843,0.492214,0.356918,0.573346,0.457500,0.359882,0.450962,0.374101,0.480424,0.472214,0.516859,0.439994,0.489419,0.500342,0.622620,0.398528,0.400101,0.358121,0.477855,0.544672,0.497380,0.499219,0.538892,0.474141,0.469992,0.416145,0.405937,0.381144,0.483074,0.443535,0.510057,0.324010,0.527751,0.516717,0.371900,0.411443,0.397868,0.499383,0.447187,0.468047,0.430863,0.440154,0.407667,0.327881,0.425594,0.371572,0.524683,0.541242,0.369075,0.529466,0.400726,0.391322,0.560686,0.539963,0.530369,0.393032,0.454086,0.502006,0.407467,0.459560,0.577515,0.391881,0.404083,0.451204,0.455307,0.500539,0.491613,0.340258,0.502617,0.514482,0.412052,0.426920,0.401658,0.413016,0.411856,0.540770,0.436151,0.284581,0.357812,0.432101,0.454248,0.384818,0.482247,0.553248,0.333285,0.493560,0.435989,0.414566,0.493071,0.420179,0.424106,0.429048,0.419121,0.393644,0.335789,0.407303,0.446523,0.425472,#
17,0.533761,0.439328,0.467288,0.535756,0.562324,0.498821,0.531004,0.533558,0.563628,0.417516,0.372374,0.534117,0.521610,0.485956,0.373439,0.556378,0.531376,1.000000,0.400548,0.500699,0.506853,0.453134,0.477334,0.574831,0.507250,0.491869,0.509469,0.476631,0.421193,0.540787,0.501360,0.559827,0.406400,0.510588,0.481501,0.529515,0.424993,0.463068,0.570468,0.460580,0.509999,0.472406,0.512672,0.470094,0.437734,0.448999,0.456518,0.561949,0.542780,0.434105,0.526183,0.556927,0.520321,0.517916,0.471706,0.520045,0.408516,0.406766,0.471915,0.322731,0.469516,0.480364,0.371295,0.472672,0.515384,0.621653,0.539569,0.457143,0.399126,0.412675,0.413621,0.498159,0.415455,0.450930,0.431393,0.402431,0.508108,0.437734,0.467567,0.471900,0.459945,0.470685,0.508539,0.412515,0.449681,0.474722,0.572679,0.465132,0.439594,0.462369,0.484148,0.381697,0.512712,0.491969,0.419684,0.563954,0.475200,0.360828,0.345611,0.485311,0.529815,0.331777,0.461502,0.508372,0.409368,0.444632,0.497113,0.475858,0.434717,0.367764,0.430893,0.418994,0.376990,0.535306,0.495029,0.402044,0.420721,0.471878,0.343824,0.393353,0.479015,0.477180,0.502796,0.505654,0.568370,0.548348,0.498328,0.432671,0.387357,0.475046,0.546933,0.538769,0.567172,0.419250,0.429895,0.556009,0.461211,0.473259,0.568958,0.538595,0.452176,0.529696,0.596308,0.435009,0.495934,0.453669,0.474165,0.516596,0.513095,0.401215,0.526654,0.415872,0.405385,0.438456,0.567673,0.613855,0.622971,0.413711,0.513654,0.387075,0.426996,0.435903,0.595683,0.459170,0.466064,0.452074,0.383776,0.389388,0.586192,0.354344,0.547982,0.433820,0.439039,0.469911,0.518814,0.462486,0.526186,0.545788,0.380838,0.494716,0.487360,0.588911,0.446995,0.511133,0.511102,0.497048,0.367466,0.549314,0.393855,0.377211,0.401409,0.483158,0.495417,0.527202,0.534927,0.536502,0.341182,0.597897,0.409220,0.433285,#
18,0.447904,0.403744,0.374211,0.576298,0.470063,0.285046,0.394467,0.521450,0.487363,0.483582,0.407697,0.480715,0.513966,0.493504,0.436015,0.428662,0.418195,0.400548,1.000000,0.563225,0.431918,0.420356,0.506801,0.393672,0.412618,0.422224,0.342497,0.503529,0.458310,0.458251,0.294769,0.484425,0.452527,0.519154,0.495764,0.467540,0.381759,0.375861,0.445993,0.433541,0.467241,0.183656,0.426152,0.371308,0.529098,0.340746,0.458285,0.373998,0.307118,0.345992,0.396509,0.471993,0.522240,0.472034,0.499452,0.437942,0.337249,0.495910,0.348367,0.461885,0.424429,0.370762,0.476771,0.348705,0.579057,0.399019,0.428022,0.276472,0.157438,0.440005,0.438229,0.306195,0.455571,0.445619,0.488770,0.306045,0.545176,0.395317,0.503118,0.427586,0.402263,0.351233,0.503577,0.392934,0.426324,0.418248,0.430173,0.485254,0.396885,0.349696,0.455894,0.390736,0.448504,0.407502,0.520285,0.428124,0.457542,0.451786,0.422785,0.446638,0.492234,0.408159,0.466979,0.473162,0.538512,0.477376,0.305199,0.322310,0.349046,0.291314,0.505313,0.322090,0.536463,0.504983,0.351795,0.368441,0.392782,0.256992,0.349263,0.363877,0.463617,0.551727,0.446156,0.319016,0.398515,0.325485,0.398855,0.431915,0.496964,0.328047,0.316450,0.463104,0.415061,0.439249,0.455664,0.549831,0.380860,0.478206,0.373761,0.376588,0.293735,0.532083,0.447493,0.475926,0.387796,0.482796,0.438543,0.338345,0.429672,0.475564,0.345493,0.513844,0.419434,0.408229,0.392428,0.479516,0.451362,0.428800,0.467803,0.431108,0.465427,0.395633,0.516568,0.441386,0.449325,0.462303,0.557982,0.368921,0.461644,0.403275,0.416576,0.528403,0.473988,0.429773,0.335668,0.469792,0.473259,0.556879,0.294871,0.417550,0.354776,0.428358,0.369726,0.413970,0.435152,0.365443,0.387375,0.331477,0.356574,0.366997,0.492837,0.378904,0.371277,0.551020,0.473677,0.393024,0.283173,0.425644,0.468102,0.373325,#
19,0.487407,0.468185,0.461113,0.515054,0.592943,0.608272,0.412058,0.527850,0.575338,0.488472,0.444161,0.407209,0.511833,0.434634,0.461190,0.506729,0.554146,0.500699,0.563225,1.000000,0.489348,0.388387,0.499073,0.486614,0.457234,0.382068,0.518825,0.449329,0.451473,0.541910,0.528996,0.543084,0.424410,0.547765,0.385750,0.467549,0.485988,0.332978,0.554851,0.432395,0.482745,0.312860,0.410232,0.419281,0.481106,0.432952,0.530234,0.406556,0.539319,0.328903,0.411089,0.525370,0.463354,0.558000,0.444462,0.450628,0.454944,0.432943,0.502932,0.362109,0.495846,0.599026,0.526850,0.484855,0.568012,0.449946,0.417420,0.390091,0.298893,0.434884,0.473593,0.366880,0.470833,0.480986,0.496545,0.372190,0.515784,0.423656,0.551825,0.462355,0.398451,0.351783,0.583566,0.426075,0.425057,0.524185,0.468073,0.568618,0.512361,0.272886,0.439336,0.429656,0.558520,0.463123,0.431701,0.498735,0.498391,0.449917,0.440152,0.466896,0.509803,0.417943,0.529049,0.461656,0.461580,0.545442,0.453978,0.467322,0.431217,0.274191,0.348848,0.394771,0.492010,0.469631,0.465686,0.408672,0.545509,0.439843,0.358731,0.318665,0.404553,0.544343,0.493842,0.487437,0.541084,0.386935,0.574753,0.444481,0.524948,0.505803,0.422932,0.465554,0.454151,0.488086,0.580143,0.494060,0.443979,0.470822,0.407294,0.424792,0.344744,0.487492,0.457093,0.399931,0.457925,0.425778,0.447726,0.328106,0.552234,0.495085,0.467819,0.591106,0.400480,0.390633,0.502442,0.547655,0.584478,0.436820,0.514362,0.501489,0.558818,0.434039,0.532024,0.356838,0.527959,0.434326,0.376501,0.460471,0.521428,0.447677,0.491693,0.553183,0.535583,0.503744,0.475513,0.474053,0.467785,0.618440,0.455956,0.340926,0.340713,0.541037,0.484023,0.552570,0.550361,0.430866,0.361807,0.431518,0.446832,0.446246,0.479421,0.491793,0.399987,0.572421,0.415233,0.554102,0.268826,0.446990,0.536239,0.424106,#
20,0.371594,0.345023,0.426455,0.437405,0.583553,0.368680,0.541486,0.478374,0.471113,0.538820,0.411416,0.441756,0.460950,0.479548,0.427960,0.429146,0.571582,0.506853,0.431918,0.489348,1.000000,0.452082,0.363715,0.431176,0.441779,0.485674,0.485769,0.421724,0.447366,0.540619,0.390812,0.470009,0.442933,0.591390,0.508653,0.544150,0.450251,0.346895,0.508700,0.475168,0.380557,0.488433,0.373579,0.447414,0.536907,0.409371,0.498592,0.336033,0.386972,0.355164,0.375094,0.505579,0.432839,0.607355,0.463557,0.478231,0.396174,0.465560,0.453237,0.360295,0.447825,0.443965,0.515791,0.354533,0.559223,0.465335,0.497476,0.327009,0.384023,0.467289,0.505414,0.428666,0.379089,0.481082,0.526756,0.283485,0.438431,0.420065,0.387804,0.496395,0.418749,0.514908,0.568522,0.409188,0.404961,0.458845,0.501922,0.480811,0.438805,0.439810,0.487145,0.505456,0.482133,0.477412,0.589702,0.392494,0.390899,0.466670,0.448191,0.429740,0.493408,0.400542,0.582483,0.471270,0.451863,0.378242,0.425988,0.460374,0.320500,0.521165,0.440935,0.483321,0.486638,0.396844,0.466153,0.397643,0.503175,0.453054,0.299776,0.415310,0.557001,0.482105,0.423802,0.546634,0.451461,0.420361,0.453339,0.406402,0.513585,0.449207,0.473846,0.448751,0.520557,0.529659,0.511849,0.411138,0.314515,0.421178,0.495500,0.528065,0.390168,0.471283,0.421203,0.427927,0.461420,0.411951,0.403948,0.392637,0.457555,0.536249,0.459496,0.484756,0.447765,0.531784,0.536922,0.503678,0.487191,0.330068,0.474860,0.530984,0.425819,0.512204,0.495515,0.408532,0.504657,0.248165,0.384714,0.344603,0.539330,0.403347,0.474017,0.434199,0.484051,0.428861,0.407002,0.483298,0.347572,0.534558,0.438457,0.334911,0.392882,0.437337,0.473530,0.434347,0.404977,0.448815,0.272006,0.479766,0.334663,0.430296,0.317233,0.392284,0.355895,0.583408,0.392841,0.340479,0.370231,0.413105,0.486639,0.426320,#
21,0.309969,0.453662,0.399200,0.440659,0.411302,0.321392,0.339907,0.455939,0.603187,0.410120,0.288954,0.418003,0.399757,0.382326,0.370527,0.393229,0.460130,0.453134,0.420356,0.388387,0.452082,1.000000,0.362316,0.472538,0.256367,0.355529,0.410911,0.336294,0.397496,0.415361,0.391692,0.373287,0.485420,0.461712,0.498192,0.455453,0.429526,0.451895,0.493359,0.336916,0.366560,0.422322,0.370481,0.362359,0.450263,0.331472,0.325755,0.391152,0.336374,0.243877,0.337976,0.488043,0.306007,0.388913,0.462659,0.396497,0.388629,0.370471,0.398212,0.213815,0.460238,0.348582,0.435422,0.234466,0.541306,0.410928,0.421555,0.374204,0.348208,0.400577,0.420903,0.421977,0.404404,0.435408,0.519556,0.335099,0.335342,0.356653,0.359021,0.436515,0.324284,0.348429,0.416908,0.262713,0.502763,0.381926,0.380877,0.475499,0.345467,0.403722,0.347673,0.241493,0.435171,0.372416,0.461722,0.383508,0.407420,0.328752,0.324643,0.404792,0.431009,0.426151,0.467865,0.351329,0.277068,0.483333,0.260350,0.260153,0.393752,0.422161,0.439094,0.366833,0.418654,0.470237,0.280087,0.340757,0.460677,0.333289,0.211800,0.382309,0.399944,0.450044,0.421407,0.427179,0.472868,0.315729,0.399925,0.488392,0.398871,0.394890,0.439636,0.447126,0.515588,0.378626,0.450358,0.396067,0.179077,0.274649,0.408368,0.491220,0.368485,0.429492,0.421378,0.373208,0.377553,0.412723,0.385283,0.366485,0.350189,0.410288,0.456102,0.398312,0.336562,0.508291,0.464337,0.473130,0.407995,0.290511,0.408210,0.427757,0.367121,0.379406,0.517602,0.447681,0.484010,0.289415,0.430091,0.382986,0.357395,0.398781,0.431833,0.332075,0.282680,0.291169,0.397111,0.444758,0.280810,0.507003,0.210709,0.269695,0.347438,0.457122,0.286193,0.423688,0.400203,0.462199,0.345649,0.273945,0.238353,0.391105,0.417853,0.329651,0.359678,0.464190,0.439728,0.372348,0.379603,0.445048,0.391366,0.340271,#
