0,1.000000,0.814189,0.824234,0.792645,0.746151,0.844076,0.811004,0.817231,0.814319,0.767431,0.794694,0.824602,0.787791,0.802575,0.789235,0.787014,0.813205,0.845133,0.806882,0.801681,0.831940,0.786310,0.839247,0.824357,0.731353,0.792573,0.793912,0.790540,0.781676,0.815438,0.802466,0.815003,0.811670,0.799013,0.827063,0.795156,0.766787,0.820495,0.816748,0.838462,0.827851,0.783357,0.818452,0.788219,0.813499,0.759227,0.829999,0.832283,0.808283,0.837507,0.812776,0.814882,0.827857,0.827316,0.827451,0.850633,0.812764,0.849930,0.810672,0.812690,0.840518,0.783331,0.818458,0.809891,0.826368,0.815516,0.859256,0.803221,0.809758,0.753135,0.804048,0.806579,0.845535,0.832014,0.806965,0.802233,0.839855,0.801150,0.821284,0.791261,0.835422,0.806883,0.830159,0.842291,0.817955,0.845421,0.806460,0.816608,0.770466,0.811055,0.786121,0.823067,0.801277,0.823415,0.795082,0.794418,0.802194,0.784014,0.814778,0.859168,0.827240,0.800708,0.827922,0.830469,0.794179,0.812853,0.789610,0.827172,0.793204,0.744908,0.804692,0.818398,0.801711,0.769882,0.799007,0.835949,0.806994,0.781129,0.808619,0.796436,0.771745,0.867622,0.808304,0.863349,0.813057,0.812324,0.780642,0.799662,0.778137,0.783457,0.815164,0.818379,0.822103,0.772154,0.826343,0.806833,0.794779,0.812514,0.806423,0.819301,0.790009,0.783822,0.766814,0.831826,0.807068,0.718044,0.804011,0.768203,0.818983,0.832263,0.850099,0.818043,0.809882,0.801241,0.787146,0.779268,0.816871,0.822493,0.845242,0.826799,0.831651,0.824250,0.795538,0.825491,0.835033,0.811954,0.827457,0.808419,0.796957,0.786198,0.832875,0.809493,0.791810,0.841051,0.844687,0.780631,0.798164,0.836109,0.796666,0.791878,0.795520,0.813623,0.786053,0.775151,0.805776,0.780227,0.801047,0.815067,0.772604,0.795822,0.777949,0.833341,0.801187,0.815289,0.777150,0.807298,0.779048,0.848096,0.815678,0.794632,#
1,0.814189,1.000000,0.793718,0.833611,0.812270,0.841630,0.765037,0.799040,0.826718,0.796960,0.801183,0.806332,0.808713,0.798682,0.808597,0.802701,0.786448,0.794894,0.818111,0.827516,0.818035,0.865041,0.841087,0.817676,0.774573,0.745002,0.831887,0.832966,0.798335,0.766455,0.843319,0.847547,0.824574,0.838822,0.792513,0.804764,0.765188,0.851837,0.838020,0.822850,0.802056,0.770019,0.788536,0.807529,0.783674,0.779536,0.848962,0.804861,0.831124,0.817396,0.793935,0.837345,0.830189,0.792350,0.847659,0.819846,0.805540,0.844313,0.826668,0.777306,0.804140,0.812961,0.743887,0.770627,0.826348,0.824349,0.836535,0.833494,0.822811,0.821534,0.795356,0.815637,0.866095,0.775657,0.821330,0.830184,0.811485,0.792845,0.827404,0.791542,0.828667,0.792157,0.864834,0.847295,0.839875,0.811381,0.805708,0.827558,0.825513,0.815078,0.793173,0.805906,0.837521,0.831464,0.788322,0.794668,0.797662,0.801239,0.788199,0.832231,0.837316,0.831100,0.786800,0.811034,0.777616,0.813283,0.781598,0.833109,0.793542,0.757264,0.804487,0.781713,0.786712,0.798168,0.778930,0.801781,0.811261,0.814289,0.777999,0.762652,0.832452,0.830662,0.778414,0.823843,0.787199,0.782434,0.796141,0.808179,0.804418,0.844458,0.789870,0.853810,0.777279,0.780099,0.855557,0.807770,0.799467,0.797603,0.820304,0.771108,0.829456,0.808647,0.826778,0.850357,0.794326,0.793695,0.789300,0.757534,0.835417,0.818841,0.839930,0.847988,0.825119,0.775844,0.826459,0.766508,0.821612,0.829097,0.786076,0.797652,0.816202,0.851743,0.792119,0.852196,0.818206,0.785576,0.821033,0.795341,0.776736,0.789140,0.810713,0.797561,0.796437,0.832326,0.813267,0.781642,0.793364,0.863121,0.756443,0.813911,0.801876,0.818883,0.798778,0.779644,0.801423,0.840788,0.826851,0.753361,0.789189,0.794491,0.825517,0.784863,0.798433,0.806019,0.839136,0.752566,0.777370,0.831385,0.792052,0.798155,#
2,0.824234,0.793718,1.000000,0.778074,0.749263,0.810960,0.768141,0.795952,0.802212,0.748811,0.764955,0.731020,0.741200,0.781175,0.774597,0.768657,0.759105,0.795280,0.760746,0.793616,0.768163,0.769051,0.780471,0.833296,0.726150,0.755918,0.827122,0.802863,0.825964,0.799317,0.811512,0.768992,0.779190,0.761420,0.777806,0.781937,0.759304,0.796983,0.821422,0.775809,0.763266,0.770072,0.787620,0.760105,0.742958,0.746411,0.831779,0.754340,0.763140,0.825642,0.779695,0.810343,0.808777,0.808388,0.832945,0.819025,0.793192,0.768196,0.779426,0.771834,0.850171,0.787952,0.758338,0.803173,0.784719,0.822195,0.795593,0.787252,0.787651,0.781931,0.785573,0.767184,0.821973,0.792728,0.803691,0.789693,0.783542,0.773465,0.777736,0.788845,0.812759,0.795272,0.823775,0.813415,0.837273,0.815749,0.755424,0.819209,0.723752,0.767476,0.775961,0.802911,0.831368,0.798886,0.783743,0.786818,0.767640,0.753978,0.842269,0.821469,0.803433,0.764393,0.768091,0.778174,0.714981,0.803146,0.810562,0.788155,0.780888,0.728892,0.786579,0.745160,0.809005,0.760577,0.746873,0.748543,0.762172,0.787092,0.790616,0.727149,0.787840,0.774394,0.740310,0.825965,0.793181,0.757160,0.785694,0.772915,0.770523,0.797135,0.824732,0.814044,0.822691,0.798746,0.797271,0.794015,0.786814,0.798532,0.821492,0.755714,0.756694,0.806646,0.704305,0.776660,0.748160,0.794991,0.767098,0.752893,0.776640,0.787223,0.823076,0.803719,0.781013,0.790276,0.765758,0.769439,0.797038,0.749525,0.767993,0.751076,0.748188,0.756179,0.763150,0.808392,0.773141,0.791806,0.827923,0.755950,0.746565,0.759916,0.799155,0.768862,0.773820,0.765115,0.823659,0.763462,0.727178,0.805156,0.768075,0.754685,0.759050,0.820380,0.732905,0.822590,0.755428,0.783120,0.783872,0.763094,0.775303,0.769332,0.770870,0.803029,0.841998,0.779785,0.749673,0.784209,0.750845,0.817096,0.757274,0.798577,#
3,0.792645,0.833611,0.778074,1.000000,0.795277,0.821855,0.766202,0.785251,0.821448,0.790368,0.794792,0.769804,0.796620,0.773066,0.757633,0.815371,0.768454,0.775857,0.809126,0.796290,0.760340,0.828401,0.795817,0.784731,0.769228,0.787976,0.803879,0.797860,0.776327,0.770230,0.799797,0.831928,0.793395,0.820916,0.796313,0.784097,0.755308,0.820955,0.745809,0.807368,0.792584,0.751993,0.781814,0.798767,0.762064,0.831123,0.839308,0.779210,0.826152,0.790426,0.807684,0.756417,0.812503,0.776414,0.785010,0.834328,0.762849,0.799294,0.848019,0.797515,0.790077,0.782391,0.737523,0.804744,0.836520,0.823039,0.782121,0.817758,0.760922,0.774953,0.765130,0.813710,0.842804,0.781650,0.776964,0.785091,0.777808,0.781452,0.793104,0.801422,0.817087,0.738999,0.809969,0.826499,0.828021,0.830275,0.784744,0.793792,0.763166,0.783876,0.767374,0.825225,0.836223,0.825142,0.775763,0.796633,0.753592,0.752576,0.805559,0.815123,0.758256,0.785456,0.752813,0.767660,0.797572,0.791309,0.762725,0.802937,0.771357,0.757043,0.783989,0.757488,0.761855,0.780101,0.756375,0.805039,0.765824,0.744108,0.798200,0.734460,0.768552,0.809529,0.764544,0.784243,0.768268,0.779077,0.800350,0.791631,0.775351,0.772654,0.758051,0.814876,0.749039,0.804539,0.842836,0.810414,0.829203,0.751282,0.759389,0.744268,0.764279,0.796270,0.784045,0.764290,0.751020,0.811243,0.739047,0.773160,0.800635,0.785693,0.802756,0.804235,0.769481,0.784486,0.783634,0.740520,0.819467,0.776121,0.775055,0.783244,0.793531,0.799162,0.741155,0.822552,0.797439,0.784244,0.801734,0.751312,0.779578,0.758293,0.780595,0.816233,0.766465,0.810315,0.781438,0.787287,0.768253,0.802636,0.787053,0.786024,0.730569,0.826343,0.751818,0.773777,0.765183,0.795854,0.777966,0.724434,0.801419,0.830522,0.775802,0.779565,0.754769,0.745280,0.766201,0.791561,0.754522,0.790628,0.760900,0.810730,#
4,0.746151,0.812270,0.749263,0.795277,1.000000,0.849669,0.779034,0.774932,0.755224,0.776980,0.759505,0.775837,0.748588,0.796550,0.734238,0.787618,0.790737,0.818049,0.794439,0.838615,0.790021,0.783743,0.773123,0.815631,0.738916,0.755007,0.803206,0.767268,0.760875,0.773746,0.845787,0.789667,0.824170,0.757299,0.759160,0.770247,0.750264,0.801009,0.772403,0.804838,0.791492,0.744349,0.747250,0.792241,0.745806,0.783761,0.809872,0.787657,0.807992,0.798454,0.782765,0.765817,0.816586,0.741092,0.810844,0.832105,0.774454,0.783231,0.820347,0.806890,0.744510,0.771505,0.754047,0.767926,0.819399,0.809626,0.816175,0.782197,0.773977,0.768054,0.779959,0.818771,0.810767,0.796664,0.754925,0.759303,0.755389,0.809719,0.798849,0.800299,0.767492,0.756123,0.832072,0.777905,0.807232,0.778363,0.743354,0.743361,0.780307,0.798715,0.751247,0.772071,0.767277,0.801332,0.723303,0.747944,0.768038,0.744617,0.751629,0.793764,0.826460,0.806061,0.795914,0.758233,0.766780,0.771358,0.786206,0.783994,0.793747,0.763518,0.758725,0.758352,0.794319,0.830634,0.753363,0.751633,0.788227,0.811080,0.753384,0.700212,0.784363,0.803661,0.816185,0.794242,0.765677,0.804301,0.738615,0.787357,0.843490,0.780374,0.838292,0.800215,0.756581,0.776661,0.836382,0.813626,0.791054,0.793670,0.759287,0.714443,0.746089,0.812365,0.789981,0.794007,0.745586,0.739579,0.803787,0.721421,0.771646,0.807751,0.814321,0.849393,0.748891,0.738405,0.814286,0.770388,0.842160,0.753339,0.781002,0.751667,0.752928,0.785312,0.820164,0.792544,0.803141,0.764071,0.759726,0.737075,0.775936,0.763531,0.782482,0.792753,0.769298,0.768261,0.832289,0.782113,0.767258,0.800563,0.760630,0.775431,0.787019,0.783845,0.797038,0.753944,0.829957,0.800957,0.778575,0.803723,0.752996,0.748785,0.765688,0.742603,0.745585,0.789551,0.768190,0.744048,0.778136,0.797397,0.794447,0.757733,#
5,0.844076,0.841630,0.810960,0.821855,0.849669,1.000000,0.780989,0.816440,0.820877,0.768505,0.782377,0.792557,0.753783,0.763888,0.782458,0.832646,0.781693,0.817624,0.796823,0.818665,0.803023,0.808149,0.799062,0.810208,0.754884,0.797842,0.853926,0.837245,0.769971,0.790106,0.841870,0.828276,0.817232,0.809632,0.817035,0.821323,0.771563,0.815327,0.816325,0.816984,0.814709,0.752907,0.769125,0.801335,0.804109,0.800687,0.840621,0.822637,0.825085,0.790489,0.811382,0.782162,0.817664,0.836358,0.804048,0.883038,0.821603,0.831116,0.873825,0.826047,0.799700,0.818224,0.789819,0.842623,0.815591,0.823045,0.809527,0.810453,0.788561,0.806525,0.836785,0.812502,0.852676,0.815902,0.789517,0.795963,0.836464,0.808874,0.791096,0.786783,0.847532,0.803716,0.842667,0.822746,0.836937,0.834578,0.816642,0.820938,0.795336,0.791027,0.790237,0.804911,0.818583,0.827045,0.769971,0.754493,0.804774,0.771387,0.829771,0.820053,0.849455,0.829634,0.868567,0.814525,0.793856,0.799014,0.792827,0.818187,0.774524,0.791102,0.782801,0.816419,0.794211,0.769132,0.740457,0.777298,0.820884,0.806196,0.769514,0.794191,0.786690,0.825097,0.814530,0.870138,0.763810,0.819393,0.812852,0.810442,0.822097,0.804484,0.842391,0.851242,0.836036,0.832243,0.824808,0.792927,0.827206,0.808376,0.787599,0.781458,0.782541,0.784719,0.802033,0.832086,0.833313,0.748828,0.786564,0.777388,0.801490,0.852870,0.853747,0.839978,0.781646,0.791106,0.790132,0.760521,0.833602,0.823413,0.821900,0.817831,0.798088,0.842215,0.812691,0.824898,0.826629,0.789163,0.784918,0.811049,0.781812,0.784308,0.849704,0.806980,0.794069,0.791556,0.831561,0.784683,0.747419,0.828883,0.816520,0.827570,0.821712,0.826347,0.779302,0.783191,0.834710,0.805183,0.805547,0.803734,0.785147,0.824863,0.760333,0.820553,0.780929,0.816393,0.767907,0.779292,0.766789,0.820116,0.815943,0.811978,#
6,0.811004,0.765037,0.768141,0.766202,0.779034,0.780989,1.000000,0.763485,0.786643,0.758536,0.781809,0.761421,0.782427,0.809586,0.716864,0.775061,0.802291,0.823641,0.777588,0.759176,0.816481,0.751276,0.755964,0.789997,0.762404,0.781940,0.783960,0.774958,0.767743,0.794415,0.803739,0.813394,0.822817,0.810499,0.792140,0.776660,0.758728,0.779900,0.767247,0.791002,0.784471,0.783936,0.779340,0.790739,0.801279,0.715393,0.821668,0.778159,0.838382,0.830710,0.812232,0.812887,0.827163,0.701560,0.831157,0.819796,0.812463,0.827067,0.837356,0.757545,0.799613,0.783419,0.751495,0.765090,0.842358,0.782898,0.849302,0.786147,0.800762,0.743025,0.779618,0.818341,0.806968,0.811426,0.756521,0.766992,0.786292,0.799967,0.791057,0.754332,0.813539,0.787586,0.787604,0.844074,0.777077,0.790735,0.774693,0.777381,0.796597,0.812169,0.750269,0.781449,0.744558,0.799433,0.741048,0.766629,0.795520,0.777744,0.783301,0.789236,0.818309,0.796064,0.799752,0.799178,0.775309,0.734538,0.801995,0.773232,0.785631,0.708809,0.725692,0.756300,0.744086,0.756765,0.745317,0.747976,0.773873,0.784589,0.760075,0.759319,0.778231,0.799706,0.752694,0.837185,0.802187,0.801963,0.739840,0.792285,0.741178,0.758357,0.798160,0.794641,0.764608,0.727666,0.799350,0.802578,0.797126,0.790540,0.817560,0.773737,0.794509,0.788698,0.746144,0.800721,0.752111,0.780066,0.798715,0.750685,0.766940,0.766109,0.797283,0.831342,0.735889,0.725442,0.744921,0.733815,0.834560,0.723519,0.784631,0.799093,0.806587,0.793573,0.756355,0.802685,0.809781,0.797633,0.815073,0.712035,0.777190,0.768450,0.817534,0.779030,0.728163,0.739277,0.781737,0.797330,0.774855,0.804715,0.768261,0.766511,0.782591,0.764848,0.797067,0.789659,0.753645,0.789722,0.765323,0.794461,0.728990,0.770002,0.732230,0.772368,0.748487,0.768609,0.800930,0.805116,0.785167,0.817859,0.778898,0.773713,#
7,0.817231,0.799040,0.795952,0.785251,0.774932,0.816440,0.763485,1.000000,0.842018,0.776527,0.774385,0.751260,0.780689,0.792041,0.781825,0.762569,0.774547,0.797773,0.801529,0.786429,0.798828,0.770497,0.839573,0.796164,0.753215,0.814378,0.806151,0.805834,0.780515,0.820358,0.762842,0.800979,0.768663,0.786368,0.785482,0.795702,0.782329,0.779129,0.791670,0.782681,0.804050,0.771090,0.791283,0.781649,0.771843,0.766940,0.807389,0.804144,0.795747,0.770669,0.807013,0.780210,0.816539,0.834327,0.811538,0.812509,0.784477,0.807793,0.807067,0.796168,0.757884,0.780635,0.775408,0.795721,0.818186,0.838302,0.848790,0.809225,0.817720,0.759493,0.813723,0.738315,0.833877,0.808198,0.782932,0.772802,0.812011,0.770890,0.780977,0.763127,0.814501,0.786126,0.829101,0.790402,0.820150,0.791471,0.839776,0.789732,0.765004,0.780149,0.781552,0.827571,0.795997,0.785641,0.796018,0.763293,0.812798,0.810462,0.817886,0.810481,0.808349,0.761432,0.793442,0.774755,0.760526,0.779916,0.781997,0.816261,0.773987,0.738427,0.840071,0.780036,0.805795,0.798245,0.727428,0.777402,0.770016,0.766534,0.751099,0.779690,0.794341,0.782474,0.769608,0.832740,0.832474,0.796678,0.766248,0.797578,0.751149,0.763357,0.805276,0.805096,0.794110,0.745643,0.818486,0.828772,0.817566,0.799622,0.762311,0.771464,0.779450,0.806868,0.798590,0.793340,0.789274,0.771233,0.803284,0.708931,0.802065,0.798894,0.781631,0.810733,0.802084,0.734684,0.774355,0.796375,0.817010,0.785436,0.820253,0.776439,0.813042,0.769186,0.829324,0.774420,0.816387,0.775822,0.829773,0.792871,0.753898,0.739697,0.840985,0.815778,0.737844,0.783774,0.795824,0.756628,0.752007,0.798833,0.783444,0.776211,0.775083,0.783236,0.783173,0.783578,0.772952,0.809477,0.789795,0.762954,0.793983,0.815089,0.801406,0.809299,0.754684,0.765626,0.772897,0.784102,0.773247,0.826192,0.801591,0.788787,#
8,0.814319,0.826718,0.802212,0.821448,0.755224,0.820877,0.786643,0.842018,1.000000,0.800683,0.779973,0.789374,0.810159,0.798784,0.775850,0.800171,0.777777,0.825532,0.768215,0.827952,0.813470,0.805524,0.798968,0.793759,0.769713,0.812857,0.816938,0.809165,0.787294,0.797079,0.797632,0.819425,0.806531,0.797106,0.787992,0.810982,0.778649,0.820782,0.781849,0.795305,0.805686,0.765326,0.858014,0.765977,0.782598,0.753017,0.818526,0.806716,0.821280,0.803287,0.808794,0.802783,0.791411,0.835543,0.819926,0.834977,0.782989,0.811099,0.818291,0.761914,0.801800,0.796418,0.803934,0.815699,0.832339,0.839278,0.832237,0.841307,0.828866,0.778086,0.784703,0.819345,0.844481,0.819272,0.776164,0.766758,0.791543,0.797384,0.787269,0.786376,0.820343,0.786885,0.817633,0.824319,0.839423,0.813330,0.783158,0.823662,0.769136,0.775971,0.785363,0.809998,0.824362,0.802807,0.793368,0.785130,0.775914,0.808751,0.854365,0.822205,0.820758,0.768175,0.802228,0.818187,0.757488,0.788427,0.806249,0.818599,0.754149,0.781057,0.785749,0.804779,0.816520,0.772546,0.744996,0.796327,0.767789,0.772058,0.797054,0.795742,0.776505,0.786869,0.790714,0.820321,0.767408,0.811743,0.757065,0.781325,0.786195,0.799126,0.776486,0.812011,0.792070,0.783447,0.849466,0.805622,0.813981,0.800776,0.794322,0.804432,0.775112,0.820291,0.814624,0.789756,0.790869,0.746959,0.770032,0.734671,0.802927,0.821708,0.795581,0.837146,0.769173,0.826852,0.771194,0.760298,0.826278,0.802332,0.832275,0.810990,0.803955,0.788371,0.820937,0.820098,0.803506,0.781814,0.792163,0.799395,0.792205,0.766609,0.843912,0.812376,0.763145,0.794650,0.823277,0.792240,0.772555,0.825207,0.781529,0.746162,0.784941,0.824174,0.771925,0.794623,0.792565,0.805278,0.833526,0.774517,0.809564,0.829792,0.815857,0.826372,0.828894,0.790690,0.773222,0.774805,0.765546,0.797954,0.777727,0.839052,#
9,0.767431,0.796960,0.748811,0.790368,0.776980,0.768505,0.758536,0.776527,0.800683,1.000000,0.750994,0.748769,0.794247,0.799788,0.786689,0.787917,0.800534,0.787330,0.790895,0.772912,0.832668,0.778977,0.793655,0.807200,0.730551,0.762421,0.791072,0.833226,0.726995,0.825114,0.752527,0.781813,0.813296,0.793536,0.785254,0.780878,0.755229,0.797630,0.779144,0.786384,0.797094,0.789029,0.763308,0.767403,0.801417,0.728923,0.784513,0.772980,0.775926,0.768185,0.744659,0.755978,0.755599,0.780114,0.803768,0.801466,0.764996,0.838350,0.782905,0.777118,0.790086,0.767534,0.760477,0.769766,0.777595,0.841838,0.823632,0.810549,0.812015,0.750293,0.769711,0.748380,0.790034,0.782834,0.784468,0.763001,0.766105,0.820184,0.773552,0.817910,0.776150,0.783407,0.793222,0.854660,0.805012,0.770444,0.752547,0.811025,0.747374,0.744589,0.765185,0.775788,0.817118,0.773158,0.775375,0.761108,0.746485,0.779661,0.786662,0.801585,0.815719,0.804183,0.791000,0.806078,0.774843,0.781917,0.777800,0.797206,0.806229,0.808345,0.813258,0.787853,0.803889,0.760533,0.733464,0.812553,0.701902,0.759734,0.716148,0.767608,0.773075,0.795530,0.797239,0.812037,0.779142,0.777669,0.790967,0.743106,0.808675,0.757147,0.777311,0.805418,0.770805,0.774782,0.806739,0.756699,0.783382,0.768876,0.757401,0.778437,0.761885,0.838434,0.795485,0.804145,0.760639,0.805388,0.809533,0.748590,0.793437,0.793858,0.755785,0.798579,0.755029,0.782692,0.787466,0.763348,0.781721,0.774759,0.788672,0.799180,0.791707,0.828136,0.780500,0.794787,0.813579,0.803387,0.745821,0.756836,0.800331,0.755006,0.822600,0.809932,0.763920,0.752508,0.808739,0.824369,0.746859,0.823042,0.759133,0.801805,0.800128,0.771188,0.781173,0.755958,0.780894,0.835536,0.761527,0.770912,0.795008,0.734229,0.793187,0.806198,0.761630,0.743399,0.755145,0.737226,0.776165,0.776338,0.759989,0.778268,#
10,0.794694,0.801183,0.764955,0.794792,0.759505,0.782377,0.781809,0.774385,0.779973,0.750994,1.000000,0.761761,0.752911,0.775915,0.720544,0.787890,0.778820,0.759045,0.782263,0.774864,0.785725,0.764880,0.809191,0.824751,0.695161,0.746341,0.796342,0.813077,0.774691,0.815676,0.797629,0.780784,0.807569,0.813472,0.798820,0.792709,0.767065,0.803670,0.785249,0.783758,0.786353,0.757583,0.778956,0.746080,0.773353,0.793232,0.840333,0.778626,0.814732,0.838293,0.768986,0.798903,0.786289,0.732294,0.804037,0.822564,0.800821,0.824885,0.775113,0.771604,0.815020,0.792099,0.813061,0.798332,0.832234,0.744796,0.811020,0.752121,0.807527,0.763173,0.824012,0.802929,0.844083,0.736159,0.761782,0.824412,0.799367,0.819319,0.786510,0.760301,0.838517,0.768876,0.793943,0.799121,0.799860,0.769657,0.804115,0.778735,0.773583,0.820670,0.737992,0.817122,0.833417,0.774203,0.739734,0.789183,0.753012,0.808606,0.792878,0.838854,0.795624,0.777915,0.787641,0.820051,0.831826,0.770033,0.778812,0.770425,0.755314,0.757088,0.755381,0.758085,0.797684,0.781545,0.723206,0.797093,0.745316,0.768387,0.786098,0.761464,0.776819,0.806029,0.720972,0.805660,0.729592,0.789020,0.778136,0.778706,0.797050,0.781235,0.764562,0.784218,0.750392,0.756866,0.827869,0.835786,0.784355,0.740326,0.790750,0.798777,0.811631,0.774455,0.737329,0.793310,0.715509,0.743581,0.789135,0.763214,0.795479,0.779350,0.786126,0.801530,0.775894,0.749901,0.792405,0.734659,0.828905,0.815387,0.783811,0.764172,0.810123,0.764692,0.754292,0.807486,0.801279,0.756013,0.789341,0.758862,0.795497,0.790190,0.787448,0.808027,0.709663,0.750149,0.806055,0.777226,0.736416,0.801776,0.734349,0.787375,0.755821,0.771671,0.799563,0.750568,0.738630,0.801121,0.759904,0.776771,0.719390,0.808750,0.777760,0.755554,0.771056,0.788091,0.777844,0.799876,0.773838,0.804305,0.775656,0.794751,#
11,0.824602,0.806332,0.731020,0.769804,0.775837,0.792557,0.761421,0.751260,0.789374,0.748769,0.761761,1.000000,0.807657,0.769756,0.753225,0.772268,0.777759,0.821790,0.826807,0.791786,0.754588,0.757887,0.814623,0.788738,0.739851,0.752728,0.773974,0.764600,0.783776,0.735040,0.787582,0.801104,0.814898,0.787629,0.739930,0.777722,0.795069,0.807734,0.746716,0.797285,0.799487,0.742648,0.776216,0.762029,0.764413,0.719427,0.858639,0.809210,0.789568,0.825871,0.767738,0.756724,0.809576,0.754645,0.802378,0.814282,0.749711,0.817263,0.777078,0.763023,0.751060,0.747547,0.809990,0.767025,0.801481,0.798367,0.806112,0.799844,0.811673,0.776446,0.803734,0.759757,0.810401,0.785955,0.808754,0.747620,0.828460,0.805694,0.778014,0.725744,0.781733,0.754152,0.798874,0.806694,0.818875,0.793899,0.732187,0.754673,0.740898,0.742056,0.778697,0.808982,0.779572,0.753580,0.738819,0.792552,0.775512,0.769669,0.760632,0.794013,0.775293,0.803187,0.812472,0.780785,0.813301,0.775327,0.770359,0.802639,0.790942,0.757971,0.803610,0.796783,0.797744,0.744753,0.685880,0.780925,0.764276,0.767324,0.774996,0.777489,0.739555,0.798909,0.760791,0.800540,0.770222,0.792188,0.793058,0.774866,0.787383,0.790851,0.802947,0.772491,0.783158,0.773962,0.814893,0.773989,0.808497,0.765500,0.785576,0.755366,0.770760,0.762868,0.777346,0.800101,0.784408,0.730448,0.799768,0.757494,0.781071,0.804157,0.799496,0.771217,0.767063,0.792767,0.806004,0.734095,0.826394,0.759754,0.772374,0.770967,0.786268,0.789162,0.800231,0.784077,0.842880,0.736304,0.817725,0.739360,0.798209,0.797563,0.798578,0.778202,0.792473,0.832904,0.776959,0.779818,0.766889,0.801398,0.739010,0.809765,0.771839,0.757631,0.803564,0.752645,0.807040,0.755970,0.774469,0.806810,0.757220,0.759719,0.787583,0.777034,0.773651,0.753138,0.746193,0.779924,0.742164,0.796553,0.765402,0.746380,#
12,0.787791,0.808713,0.741200,0.796620,0.748588,0.753783,0.782427,0.780689,0.810159,0.794247,0.752911,0.807657,1.000000,0.782695,0.788527,0.772604,0.769008,0.809179,0.819583,0.788184,0.792192,0.740885,0.801585,0.801917,0.754022,0.784643,0.751257,0.789859,0.791359,0.762183,0.767619,0.800372,0.782938,0.822439,0.777267,0.801418,0.780056,0.816106,0.794612,0.787262,0.719949,0.722242,0.757787,0.785324,0.778241,0.751934,0.827446,0.751556,0.784008,0.790676,0.823007,0.761906,0.776892,0.765975,0.833788,0.806869,0.766738,0.805429,0.775649,0.778302,0.758183,0.762800,0.771279,0.773915,0.814076,0.831381,0.816404,0.760751,0.822430,0.790303,0.783305,0.770851,0.808689,0.786036,0.804858,0.764943,0.806774,0.792792,0.798886,0.780399,0.790388,0.767678,0.816223,0.833512,0.771768,0.803990,0.738197,0.799124,0.754118,0.749782,0.785474,0.791744,0.795008,0.741139,0.732698,0.799334,0.818924,0.779414,0.773550,0.767778,0.761052,0.802875,0.802975,0.805961,0.732297,0.765723,0.755943,0.760705,0.804065,0.766945,0.776854,0.759624,0.776670,0.743188,0.808232,0.796935,0.738730,0.748170,0.785499,0.773792,0.752044,0.793413,0.767921,0.814095,0.797493,0.807028,0.779463,0.751033,0.771859,0.791297,0.746289,0.768935,0.740638,0.758984,0.779976,0.796589,0.759980,0.797709,0.756516,0.741650,0.818607,0.808073,0.763692,0.810139,0.742950,0.753056,0.782611,0.721759,0.795882,0.827493,0.784841,0.785697,0.780544,0.739024,0.767279,0.803348,0.836183,0.821225,0.807824,0.777566,0.780727,0.803450,0.791372,0.795040,0.842510,0.711750,0.786802,0.791653,0.739320,0.757121,0.800218,0.785458,0.754472,0.785483,0.756496,0.742307,0.821902,0.843183,0.749771,0.743919,0.779290,0.788705,0.800566,0.749408,0.720982,0.773057,0.742792,0.802298,0.784560,0.781335,0.751075,0.784837,0.740992,0.769908,0.759883,0.795319,0.763789,0.818624,0.804970,0.743521,#
13,0.802575,0.798682,0.781175,0.773066,0.796550,0.763888,0.809586,0.792041,0.798784,0.799788,0.775915,0.769756,0.782695,1.000000,0.743437,0.768640,0.748851,0.842609,0.800597,0.783699,0.794295,0.764266,0.828083,0.789874,0.760495,0.772191,0.760453,0.805429,0.790266,0.826345,0.754324,0.791091,0.813549,0.813602,0.714284,0.763712,0.771581,0.811542,0.810867,0.807440,0.843965,0.756360,0.801351,0.752197,0.817881,0.774116,0.815608,0.792016,0.818231,0.819659,0.788943,0.826023,0.791064,0.755075,0.833916,0.839883,0.789830,0.814520,0.814929,0.787849,0.806640,0.776444,0.759526,0.803994,0.831224,0.831720,0.828418,0.786648,0.821249,0.761539,0.763438,0.793715,0.776503,0.822910,0.796376,0.760976,0.788202,0.796407,0.828278,0.779615,0.788865,0.788435,0.820574,0.825072,0.809232,0.810279,0.740760,0.771405,0.793040,0.789640,0.737680,0.801016,0.795280,0.791545,0.777322,0.758427,0.780512,0.763821,0.774109,0.826325,0.818727,0.782704,0.801245,0.823430,0.779316,0.819152,0.782118,0.807522,0.778659,0.754290,0.788060,0.790331,0.797897,0.795533,0.762948,0.802736,0.732004,0.795182,0.794412,0.762630,0.798062,0.808531,0.746789,0.781902,0.781447,0.788257,0.802994,0.765442,0.790513,0.772292,0.795727,0.773309,0.758550,0.756713,0.820292,0.792221,0.784292,0.793563,0.832708,0.769495,0.770928,0.837478,0.808280,0.793722,0.725955,0.762792,0.805347,0.739322,0.810166,0.783726,0.808388,0.823212,0.767642,0.783159,0.767452,0.760897,0.839468,0.778826,0.814565,0.772083,0.803684,0.812780,0.779939,0.810299,0.819491,0.793815,0.817352,0.780732,0.809614,0.764869,0.813798,0.812783,0.795187,0.785374,0.844009,0.812019,0.795003,0.844327,0.783733,0.780397,0.782822,0.781541,0.826329,0.779310,0.796675,0.806228,0.766203,0.805449,0.748692,0.771486,0.779684,0.801789,0.787993,0.800711,0.801409,0.728222,0.781110,0.835269,0.781204,0.753589,#
14,0.789235,0.808597,0.774597,0.757633,0.734238,0.782458,0.716864,0.781825,0.775850,0.786689,0.720544,0.753225,0.788527,0.743437,1.000000,0.777342,0.754682,0.751819,0.710361,0.752364,0.765677,0.749746,0.772720,0.812112,0.714483,0.704825,0.778267,0.763045,0.735455,0.765686,0.790199,0.750001,0.763559,0.735944,0.763574,0.760488,0.704662,0.784183,0.785609,0.723810,0.761239,0.728764,0.782121,0.759242,0.737147,0.731088,0.776868,0.737864,0.729853,0.753765,0.748844,0.745584,0.729015,0.808751,0.768702,0.772837,0.730515,0.763930,0.770530,0.716612,0.770047,0.791628,0.745222,0.759566,0.765398,0.776409,0.786858,0.769849,0.800307,0.748238,0.727644,0.721955,0.794254,0.758162,0.766994,0.747013,0.766742,0.771467,0.754443,0.734205,0.781601,0.759489,0.800972,0.823535,0.777403,0.785814,0.742197,0.771388,0.771578,0.692055,0.723873,0.744862,0.776146,0.801370,0.772096,0.761105,0.804553,0.742275,0.758403,0.746357,0.793475,0.754833,0.793772,0.725427,0.746049,0.774770,0.754275,0.750684,0.777814,0.738874,0.785017,0.778580,0.769283,0.735031,0.695353,0.757410,0.721261,0.709639,0.737809,0.718419,0.771327,0.773562,0.743854,0.791569,0.789735,0.718254,0.767392,0.784108,0.704844,0.765594,0.752519,0.794403,0.736405,0.734858,0.778218,0.762456,0.786011,0.761019,0.752274,0.747699,0.767544,0.786809,0.697784,0.786724,0.735772,0.773653,0.799350,0.706305,0.761940,0.731906,0.782122,0.765502,0.721898,0.742168,0.790335,0.739363,0.776260,0.760049,0.734930,0.741147,0.765914,0.752716,0.764733,0.775629,0.763648,0.724874,0.736889,0.744748,0.714773,0.765555,0.766895,0.766720,0.739665,0.795508,0.801661,0.776426,0.743268,0.770032,0.724269,0.727947,0.754121,0.788635,0.772712,0.727475,0.770212,0.772265,0.769197,0.731035,0.742222,0.729655,0.718347,0.747509,0.768222,0.758519,0.710644,0.734314,0.748639,0.756174,0.706198,0.711429,#
15,0.787014,0.802701,0.768657,0.815371,0.787618,0.832646,0.775061,0.762569,0.800171,0.787917,0.787890,0.772268,0.772604,0.768640,0.777342,1.000000,0.780814,0.794547,0.775976,0.782375,0.783176,0.789318,0.778124,0.796620,0.752566,0.762524,0.761031,0.768027,0.759815,0.792766,0.817423,0.811226,0.810404,0.824827,0.750913,0.817039,0.783358,0.819099,0.793126,0.749660,0.754477,0.739155,0.774381,0.758913,0.818320,0.764389,0.836137,0.802285,0.819419,0.809331,0.769176,0.806458,0.764350,0.752814,0.809437,0.801843,0.787095,0.792580,0.778915,0.751445,0.808088,0.812079,0.747926,0.816759,0.787789,0.797248,0.791232,0.786532,0.778151,0.733578,0.805807,0.770544,0.778841,0.768568,0.775501,0.764179,0.803605,0.794983,0.792026,0.775905,0.816363,0.785104,0.806581,0.819140,0.822930,0.789319,0.730471,0.801124,0.762454,0.743702,0.731032,0.758951,0.798371,0.792059,0.704374,0.747802,0.761938,0.775189,0.753926,0.784440,0.821731,0.779230,0.818141,0.814083,0.763354,0.769670,0.785437,0.813601,0.746317,0.798514,0.733675,0.735723,0.789044,0.762919,0.715041,0.753838,0.766791,0.791095,0.771665,0.779323,0.743202,0.771179,0.754301,0.824321,0.746163,0.772001,0.787573,0.750790,0.808430,0.806396,0.778499,0.766896,0.728118,0.719099,0.802990,0.767737,0.781608,0.762032,0.764497,0.758411,0.760999,0.772114,0.755265,0.781055,0.759280,0.771741,0.776036,0.747306,0.793160,0.793197,0.825679,0.794120,0.805317,0.801154,0.766535,0.749002,0.844107,0.762168,0.794927,0.784371,0.770183,0.812142,0.812611,0.763564,0.820669,0.770225,0.783763,0.784316,0.801022,0.735653,0.764240,0.806410,0.716606,0.793859,0.779017,0.827866,0.763730,0.789326,0.759407,0.770618,0.783985,0.806078,0.763756,0.772751,0.765796,0.765783,0.735907,0.743485,0.720948,0.778402,0.742242,0.789804,0.775708,0.775820,0.773828,0.752589,0.790689,0.807638,0.783559,0.807743,#
16,0.813205,0.786448,0.759105,0.768454,0.790737,0.781693,0.802291,0.774547,0.777777,0.800534,0.778820,0.777759,0.769008,0.748851,0.754682,0.780814,1.000000,0.800830,0.813200,0.771974,0.855436,0.790021,0.752669,0.793385,0.735143,0.785779,0.791937,0.729719,0.756399,0.766922,0.806006,0.825371,0.820100,0.776893,0.760690,0.794674,0.805745,0.798533,0.780213,0.794243,0.771242,0.757586,0.763707,0.771119,0.770263,0.785483,0.794262,0.764553,0.784587,0.807131,0.752700,0.761493,0.800755,0.801776,0.815462,0.825885,0.711832,0.802174,0.795823,0.735565,0.809499,0.779401,0.767291,0.756205,0.792625,0.773764,0.836502,0.780981,0.821755,0.794813,0.788488,0.767008,0.797649,0.764512,0.776195,0.748740,0.794887,0.799395,0.764163,0.799371,0.826847,0.797059,0.814364,0.805444,0.809760,0.778292,0.798340,0.753777,0.762915,0.783030,0.737686,0.781252,0.800088,0.785664,0.774054,0.802650,0.793666,0.766239,0.813293,0.796595,0.807424,0.776784,0.784147,0.805051,0.753500,0.810261,0.802417,0.776031,0.817685,0.765361,0.798435,0.790899,0.796835,0.780611,0.757765,0.832528,0.802254,0.782199,0.724733,0.700675,0.755070,0.794136,0.759504,0.826109,0.796930,0.785030,0.750986,0.756233,0.786825,0.759319,0.820008,0.774679,0.778992,0.727455,0.808208,0.829738,0.776192,0.767730,0.756079,0.778497,0.776704,0.788401,0.794335,0.813862,0.735589,0.747789,0.802465,0.768931,0.770935,0.779049,0.768736,0.806001,0.735850,0.755657,0.837284,0.764611,0.800710,0.774456,0.775774,0.771609,0.756806,0.783525,0.825083,0.785863,0.812184,0.796949,0.800723,0.766668,0.780957,0.756477,0.782372,0.801186,0.759788,0.767203,0.797988,0.789659,0.733727,0.834864,0.759984,0.774524,0.767197,0.755842,0.813920,0.751917,0.776760,0.788394,0.806987,0.779364,0.761319,0.772634,0.794715,0.777346,0.788324,0.777667,0.764328,0.779278,0.774504,0.820791,0.785791,0.788006,#
17,0.845133,0.794894,0.795280,0.775857,0.818049,0.817624,0.823641,0.797773,0.825532,0.787330,0.759045,0.821790,0.809179,0.842609,0.751819,0.794547,0.800830,1.000000,0.816752,0.836540,0.810177,0.786347,0.820969,0.814734,0.813016,0.814802,0.810340,0.795270,0.775261,0.818372,0.803536,0.826769,0.788227,0.786578,0.778678,0.816006,0.782089,0.821446,0.794692,0.842701,0.817935,0.780278,0.813134,0.770492,0.805122,0.757550,0.826788,0.849329,0.829660,0.838043,0.812098,0.773233,0.822535,0.773568,0.836247,0.841484,0.792193,0.806910,0.822424,0.756010,0.803588,0.804784,0.773657,0.793162,0.813372,0.858432,0.847368,0.821809,0.797094,0.769231,0.809792,0.790942,0.801385,0.814091,0.797325,0.745238,0.838036,0.822782,0.820290,0.822847,0.820627,0.801560,0.850217,0.843087,0.815841,0.808141,0.787469,0.822355,0.778062,0.788326,0.773641,0.774116,0.821526,0.797748,0.757956,0.819099,0.828017,0.755968,0.764156,0.851309,0.832675,0.774761,0.824758,0.815991,0.752242,0.800071,0.795209,0.808201,0.749688,0.791817,0.806900,0.781345,0.804413,0.809136,0.789620,0.769217,0.754803,0.796060,0.771664,0.772811,0.800600,0.814829,0.792812,0.829493,0.796455,0.807446,0.792534,0.791596,0.798088,0.783213,0.825630,0.832834,0.807113,0.766943,0.817165,0.824598,0.820245,0.810395,0.821609,0.818356,0.804055,0.819980,0.843963,0.818852,0.796738,0.771646,0.825229,0.752041,0.839658,0.779067,0.833802,0.814447,0.793567,0.794115,0.797223,0.818999,0.878528,0.799733,0.826120,0.804489,0.810078,0.808056,0.846933,0.793008,0.847622,0.813788,0.783508,0.774293,0.803375,0.753698,0.852031,0.811008,0.800736,0.799307,0.850276,0.771134,0.767388,0.839323,0.763083,0.823400,0.797976,0.840174,0.810588,0.815832,0.827945,0.796937,0.813618,0.844950,0.742873,0.779938,0.806105,0.818623,0.808083,0.817646,0.812687,0.818989,0.772719,0.858440,0.793944,0.754713,#
18,0.806882,0.818111,0.760746,0.809126,0.794439,0.796823,0.777588,0.801529,0.768215,0.790895,0.782263,0.826807,0.819583,0.800597,0.710361,0.775976,0.813200,0.816752,1.000000,0.810360,0.791118,0.803711,0.826729,0.766522,0.751092,0.817622,0.800301,0.800825,0.772323,0.816492,0.746715,0.829713,0.819960,0.812661,0.781253,0.829402,0.791048,0.806188,0.799166,0.804862,0.813643,0.739460,0.783510,0.769104,0.812631,0.759283,0.831500,0.807084,0.800841,0.781945,0.774463,0.773306,0.820386,0.743824,0.802913,0.830858,0.780371,0.805539,0.802336,0.812646,0.804030,0.775134,0.764635,0.755437,0.820623,0.799715,0.799994,0.800233,0.764251,0.781712,0.803146,0.746401,0.816217,0.767436,0.831114,0.755689,0.822287,0.780451,0.813453,0.771201,0.783628,0.767567,0.820580,0.823274,0.837975,0.816087,0.774756,0.780130,0.790031,0.751599,0.784563,0.776253,0.815472,0.807352,0.794319,0.773440,0.789234,0.808119,0.796341,0.820041,0.804553,0.761640,0.800295,0.817159,0.771162,0.820334,0.770076,0.794672,0.811753,0.791020,0.825956,0.763017,0.816506,0.795027,0.725649,0.768391,0.780126,0.774094,0.766474,0.762406,0.795819,0.831743,0.760603,0.817466,0.802781,0.768735,0.828808,0.743582,0.838879,0.755505,0.814947,0.794631,0.786448,0.761892,0.804058,0.808681,0.839921,0.782416,0.780552,0.777711,0.772615,0.837648,0.792873,0.846942,0.766132,0.779959,0.793165,0.718655,0.841178,0.791171,0.797728,0.826342,0.794838,0.771390,0.801874,0.797319,0.827101,0.822780,0.791354,0.780685,0.812738,0.807960,0.841761,0.796138,0.824760,0.771256,0.863911,0.776639,0.758282,0.762715,0.800257,0.830757,0.795220,0.791049,0.763652,0.787329,0.773492,0.851141,0.764773,0.818293,0.785063,0.793877,0.791779,0.786127,0.777703,0.827278,0.790153,0.801799,0.751863,0.793884,0.799107,0.800178,0.740887,0.805359,0.791787,0.772022,0.743564,0.846285,0.785379,0.783188,#
19,0.801681,0.827516,0.793616,0.796290,0.838615,0.818665,0.759176,0.786429,0.827952,0.772912,0.774864,0.791786,0.788184,0.783699,0.752364,0.782375,0.771974,0.836540,0.810360,1.000000,0.803736,0.794709,0.796251,0.796339,0.758285,0.756437,0.807227,0.756775,0.789223,0.800772,0.812650,0.838384,0.801111,0.777017,0.763867,0.828940,0.755692,0.796618,0.793081,0.798512,0.809176,0.743054,0.783328,0.779400,0.774528,0.768620,0.865301,0.797289,0.800657,0.745615,0.759989,0.774687,0.790161,0.771029,0.807607,0.801454,0.826579,0.804051,0.788552,0.725596,0.814750,0.762099,0.807231,0.789430,0.829339,0.838311,0.824191,0.782239,0.795262,0.775598,0.783413,0.782464,0.811552,0.774853,0.788270,0.740564,0.772506,0.765359,0.771820,0.758921,0.807001,0.760103,0.833677,0.781130,0.812290,0.778229,0.775276,0.805504,0.799140,0.750620,0.776293,0.787405,0.803924,0.821177,0.760296,0.762216,0.780260,0.779900,0.778264,0.815991,0.816095,0.777093,0.793053,0.795323,0.762428,0.763385,0.788226,0.778711,0.779691,0.749564,0.761513,0.758009,0.796719,0.801215,0.753531,0.779436,0.775748,0.776672,0.743012,0.728307,0.794654,0.816993,0.764216,0.856124,0.798826,0.781909,0.778964,0.780156,0.855017,0.842340,0.808580,0.829773,0.792859,0.776923,0.805455,0.831266,0.798087,0.784390,0.793947,0.774290,0.771176,0.800711,0.794859,0.804749,0.736924,0.752643,0.757358,0.719473,0.810439,0.781034,0.790987,0.832479,0.767372,0.780650,0.811159,0.758971,0.835959,0.797755,0.802127,0.783561,0.773637,0.821079,0.799421,0.790500,0.813896,0.758428,0.757901,0.797364,0.762473,0.758609,0.793048,0.818061,0.770743,0.765473,0.828532,0.768473,0.773867,0.835612,0.757213,0.768969,0.739539,0.810373,0.815542,0.814494,0.792657,0.780419,0.788521,0.810974,0.778879,0.793818,0.795617,0.790285,0.779238,0.809771,0.783461,0.780649,0.758313,0.791017,0.774605,0.784026,#
20,0.831940,0.818035,0.768163,0.760340,0.790021,0.803023,0.816481,0.798828,0.813470,0.832668,0.785725,0.754588,0.792192,0.794295,0.765677,0.783176,0.855436,0.810177,0.791118,0.803736,1.000000,0.788409,0.774888,0.831132,0.747528,0.794496,0.814770,0.790511,0.762709,0.805043,0.799351,0.819196,0.793992,0.821856,0.805905,0.804078,0.788383,0.793000,0.811516,0.807002,0.804439,0.810932,0.762653,0.817744,0.803630,0.770038,0.830181,0.782872,0.789796,0.788538,0.789262,0.808373,0.786533,0.800375,0.816594,0.825676,0.767282,0.815924,0.804152,0.771416,0.828947,0.790443,0.820847,0.775645,0.824652,0.833267,0.843384,0.791948,0.829937,0.768912,0.797629,0.785611,0.784828,0.809459,0.786306,0.723826,0.775775,0.815987,0.804091,0.830398,0.816708,0.819032,0.815355,0.847502,0.781970,0.783916,0.806897,0.789775,0.784976,0.818632,0.783780,0.808376,0.810622,0.824579,0.790359,0.765334,0.757352,0.754024,0.801444,0.822628,0.845344,0.803539,0.808786,0.838890,0.788422,0.760754,0.807866,0.805343,0.801859,0.803310,0.787556,0.810332,0.785673,0.747288,0.791169,0.794128,0.789604,0.803835,0.723343,0.750325,0.817527,0.816175,0.769827,0.858885,0.777170,0.810650,0.756792,0.764665,0.789508,0.787141,0.807620,0.789577,0.816602,0.794461,0.828691,0.791805,0.774109,0.816177,0.801568,0.811996,0.782737,0.781245,0.774375,0.838223,0.788814,0.749850,0.819676,0.757319,0.783338,0.833026,0.810451,0.823666,0.788165,0.772545,0.802287,0.789470,0.815629,0.816086,0.808954,0.804648,0.788008,0.810097,0.799957,0.809985,0.855364,0.752689,0.763516,0.770393,0.780195,0.760660,0.803438,0.812643,0.809772,0.770737,0.806318,0.775735,0.759981,0.838266,0.785922,0.809363,0.780863,0.779920,0.802393,0.766411,0.772358,0.817382,0.806497,0.820651,0.759421,0.765600,0.752865,0.779497,0.794390,0.822280,0.786667,0.763661,0.789381,0.817569,0.800261,0.794563,#
21,0.786310,0.865041,0.769051,0.828401,0.783743,0.808149,0.751276,0.770497,0.805524,0.778977,0.764880,0.757887,0.740885,0.764266,0.749746,0.789318,0.790021,0.786347,0.803711,0.794709,0.788409,1.000000,0.810055,0.812900,0.716847,0.749815,0.814013,0.753998,0.764933,0.753722,0.786658,0.778521,0.804308,0.806528,0.789927,0.806903,0.773273,0.789668,0.806545,0.756035,0.794053,0.798327,0.767788,0.746960,0.804071,0.772281,0.797343,0.805905,0.811243,0.775329,0.753524,0.796926,0.785195,0.750595,0.825537,0.799739,0.783858,0.794439,0.846523,0.748901,0.791464,0.792757,0.721780,0.751476,0.829001,0.803485,0.808740,0.805615,0.778587,0.767012,0.760039,0.805643,0.813574,0.784051,0.828376,0.783472,0.778283,0.774272,0.801317,0.802775,0.769904,0.743740,0.817234,0.814188,0.841524,0.773486,0.739497,0.805032,0.812905,0.781126,0.718521,0.754524,0.821326,0.780796,0.770393,0.768393,0.781893,0.733124,0.767500,0.819534,0.790618,0.776181,0.757984,0.790728,0.722622,0.825745,0.764235,0.779791,0.765924,0.793631,0.803587,0.759257,0.793110,0.789079,0.704036,0.741557,0.789178,0.811749,0.744389,0.750831,0.775660,0.788229,0.761971,0.788704,0.786030,0.737535,0.782206,0.794210,0.788555,0.800248,0.790499,0.813269,0.760944,0.757073,0.848559,0.775017,0.753502,0.724645,0.765576,0.771693,0.799299,0.798289,0.758052,0.779720,0.756258,0.752975,0.777338,0.719732,0.762390,0.796562,0.792014,0.815121,0.770405,0.762671,0.770493,0.776693,0.832011,0.767559,0.748788,0.786742,0.806924,0.804265,0.789089,0.814146,0.832151,0.776708,0.785015,0.772314,0.725442,0.761589,0.800209,0.780133,0.752548,0.772861,0.781000,0.769545,0.698794,0.802324,0.757618,0.774020,0.753743,0.818004,0.778831,0.771669,0.775677,0.817015,0.786996,0.717527,0.733355,0.791661,0.785803,0.765427,0.758816,0.781124,0.775473,0.756145,0.791244,0.805693,0.718395,0.799910,#
