0,1.000000,0.540718,0.560165,0.515703,0.357561,0.553469,0.521751,0.572813,0.495149,0.542165,0.526476,0.574544,0.520527,0.426142,0.619106,0.462788,0.514823,0.535107,0.496151,0.504282,0.503785,0.499141,0.554930,0.543856,0.481810,0.473151,0.575948,0.581184,0.393127,0.574278,0.515262,0.444991,0.443209,0.458797,0.557468,0.500425,0.573440,0.521595,0.531748,0.626944,0.555618,0.514925,0.586707,0.593973,0.501711,0.421791,0.596966,0.586833,0.429455,0.576635,0.528694,0.456236,0.594169,0.538409,0.446181,0.557031,0.530922,0.581732,0.528022,0.535937,0.625442,0.477973,0.565945,0.511032,0.488432,0.593223,0.543645,0.644368,0.562122,0.462085,0.576529,0.513142,0.627590,0.509218,0.543773,0.504774,0.531823,0.546515,0.499323,0.492193,0.667080,0.531601,0.511300,0.549815,0.565513,0.617800,0.525767,0.435807,0.437687,0.556533,0.495192,0.546426,0.467546,0.578797,0.570684,0.558729,0.437046,0.500603,0.535839,0.540232,0.514863,0.514797,0.433502,0.511066,0.563455,0.403594,0.419101,0.596555,0.566900,0.526443,0.624072,0.460122,0.619099,0.412994,0.490792,0.634047,0.423252,0.488066,0.491506,0.536088,0.469147,0.707905,0.559390,0.602413,0.500141,0.477680,0.516609,0.466855,0.423799,0.473443,0.478478,0.544269,0.489205,0.487343,0.543501,0.444893,0.508490,0.570010,0.508593,0.499227,0.412480,0.502275,0.440959,0.596389,0.602575,0.481908,0.495694,0.466256,0.558215,0.523621,0.495821,0.437969,0.521456,0.500881,0.471692,0.473342,0.456711,0.537230,0.557049,0.575462,0.572440,0.625076,0.470956,0.501570,0.549440,0.585250,0.578912,0.461038,0.499562,0.577653,0.543523,0.485988,0.531090,0.572481,0.615629,0.394804,0.439154,0.550507,0.567776,0.608881,0.465240,0.593177,0.476462,0.525954,0.499575,0.464004,0.530862,0.573413,0.496953,0.588450,0.530615,0.551111,0.495551,0.504398,0.480377,0.478164,0.448674,0.483795,0.603332,0.529784,#
1,0.540718,1.000000,0.494515,0.573086,0.442659,0.619825,0.490223,0.518100,0.477563,0.533810,0.517987,0.540977,0.505352,0.536421,0.634114,0.441806,0.487433,0.452599,0.483777,0.536055,0.594216,0.691610,0.654368,0.664249,0.511088,0.455512,0.630318,0.515865,0.402647,0.461242,0.581027,0.527656,0.522740,0.571471,0.584473,0.613334,0.454624,0.586262,0.524414,0.567796,0.512861,0.535181,0.492842,0.555950,0.466676,0.538620,0.583845,0.578521,0.568485,0.582665,0.497760,0.568427,0.606336,0.467128,0.533108,0.549323,0.511677,0.578956,0.643100,0.522377,0.416626,0.594014,0.438629,0.348574,0.512533,0.496841,0.615870,0.633155,0.618986,0.599622,0.539575,0.561336,0.685230,0.441287,0.516530,0.561390,0.537137,0.611062,0.541530,0.496099,0.588337,0.555719,0.665834,0.593124,0.565589,0.533268,0.476981,0.472596,0.600556,0.567509,0.554501,0.491550,0.481952,0.532870,0.458434,0.472510,0.544809,0.516688,0.482185,0.559149,0.529831,0.628620,0.467841,0.548434,0.542998,0.417301,0.462411,0.579246,0.511624,0.463180,0.587471,0.540164,0.553902,0.456220,0.496458,0.482596,0.580720,0.643957,0.473744,0.486389,0.638151,0.567102,0.503047,0.565850,0.417896,0.395831,0.579929,0.587467,0.512499,0.570299,0.457371,0.536868,0.455567,0.593247,0.562365,0.437667,0.479804,0.489537,0.582777,0.446568,0.526206,0.456365,0.455493,0.467886,0.473544,0.552163,0.574913,0.474641,0.530614,0.504360,0.572308,0.522183,0.532310,0.501258,0.530121,0.453715,0.508364,0.566620,0.477382,0.529924,0.488997,0.600922,0.571945,0.571617,0.576318,0.503896,0.477687,0.569054,0.357622,0.555351,0.574251,0.429605,0.527231,0.612799,0.527570,0.418203,0.501576,0.570651,0.549908,0.559045,0.498290,0.510054,0.509255,0.469146,0.397835,0.572551,0.564829,0.401834,0.496783,0.517995,0.551502,0.442341,0.501773,0.522205,0.615327,0.468435,0.499305,0.546027,0.532456,0.565879,#
2,0.560165,0.494515,1.000000,0.466914,0.326950,0.556013,0.525910,0.612559,0.456979,0.539695,0.546099,0.494628,0.400048,0.416689,0.564220,0.400595,0.495302,0.528577,0.464128,0.531200,0.467752,0.562924,0.434662,0.552831,0.486226,0.381449,0.583202,0.561883,0.482823,0.524919,0.513291,0.465841,0.555490,0.507572,0.536052,0.534722,0.570127,0.486857,0.592938,0.547402,0.599760,0.608097,0.444736,0.481384,0.428907,0.525559,0.635587,0.494078,0.493875,0.685738,0.411157,0.440279,0.475483,0.552728,0.586743,0.498272,0.564546,0.550177,0.471658,0.494944,0.514327,0.592763,0.550159,0.536883,0.513413,0.496781,0.690080,0.481190,0.599429,0.537996,0.621730,0.470241,0.597879,0.486717,0.564085,0.567547,0.592072,0.628962,0.523913,0.625279,0.542001,0.575110,0.589095,0.606317,0.551748,0.592759,0.599234,0.594466,0.574192,0.510798,0.604566,0.551718,0.474585,0.472341,0.635072,0.503434,0.486576,0.513557,0.596580,0.548658,0.511378,0.426472,0.416890,0.499502,0.513875,0.601971,0.531339,0.460616,0.626621,0.522710,0.574473,0.416068,0.649575,0.413039,0.533428,0.442975,0.447663,0.486259,0.528623,0.481279,0.540226,0.597404,0.457791,0.518028,0.481048,0.460916,0.556667,0.505252,0.492127,0.554617,0.543334,0.638971,0.565870,0.610364,0.540253,0.498854,0.436299,0.453340,0.490856,0.463440,0.588243,0.435590,0.434295,0.429312,0.509220,0.621705,0.517258,0.480936,0.491989,0.457722,0.556674,0.458732,0.494267,0.545153,0.422537,0.585746,0.477189,0.489356,0.386374,0.486518,0.478043,0.421326,0.512031,0.505078,0.438205,0.602121,0.630929,0.505095,0.372911,0.493738,0.529650,0.475118,0.451818,0.482294,0.505088,0.478557,0.439751,0.528914,0.557740,0.530712,0.489058,0.575356,0.514685,0.580594,0.372543,0.473185,0.538239,0.516797,0.561870,0.480401,0.488903,0.512853,0.556508,0.499797,0.534387,0.577041,0.503649,0.599373,0.478673,0.530165,#
3,0.515703,0.573086,0.466914,1.000000,0.466013,0.519262,0.447736,0.524139,0.455661,0.541420,0.449208,0.522012,0.528944,0.440863,0.539066,0.472898,0.477206,0.432702,0.439456,0.440422,0.523422,0.601792,0.489528,0.484266,0.593237,0.523846,0.538719,0.524603,0.482401,0.433676,0.474925,0.520499,0.498871,0.572766,0.491064,0.482449,0.459683,0.496752,0.362446,0.577135,0.542758,0.532641,0.453513,0.450330,0.480301,0.558339,0.564630,0.573148,0.579581,0.548820,0.470691,0.386586,0.521400,0.444015,0.532814,0.475299,0.363464,0.509489,0.647902,0.501726,0.488021,0.528955,0.429334,0.437532,0.547962,0.569348,0.484655,0.521272,0.496721,0.514411,0.499145,0.556299,0.600995,0.519449,0.516815,0.461348,0.499488,0.527272,0.505659,0.547062,0.580825,0.465313,0.533086,0.545914,0.503446,0.504153,0.488768,0.443413,0.483695,0.526083,0.418544,0.510859,0.500473,0.532441,0.519135,0.537375,0.485382,0.420410,0.397288,0.508062,0.491675,0.458653,0.368492,0.481173,0.517964,0.469221,0.522840,0.599349,0.483660,0.470017,0.478029,0.502680,0.526889,0.486389,0.515294,0.524975,0.475520,0.500832,0.471475,0.451191,0.413130,0.542537,0.403121,0.529212,0.441408,0.422612,0.565418,0.493717,0.468117,0.534533,0.446043,0.557965,0.442234,0.592537,0.594886,0.480498,0.570251,0.450633,0.483079,0.445337,0.490911,0.435267,0.390941,0.431600,0.419138,0.573638,0.494298,0.480220,0.472087,0.387691,0.424377,0.431414,0.465100,0.469726,0.473552,0.425944,0.564059,0.560933,0.412992,0.547157,0.589292,0.558881,0.456000,0.625682,0.489001,0.514440,0.470518,0.421534,0.450092,0.478807,0.541784,0.506039,0.455321,0.539188,0.448625,0.498848,0.395399,0.471120,0.574332,0.500341,0.432192,0.576546,0.479530,0.455058,0.392856,0.484217,0.451406,0.373274,0.594697,0.552495,0.452663,0.447684,0.495882,0.461526,0.523691,0.491689,0.494526,0.506923,0.483067,0.539840,#
4,0.357561,0.442659,0.326950,0.466013,1.000000,0.493025,0.487811,0.335982,0.291448,0.443689,0.432548,0.421547,0.317797,0.367121,0.410379,0.409993,0.322977,0.408189,0.300178,0.436963,0.469726,0.505937,0.388753,0.436802,0.433618,0.252769,0.375870,0.402616,0.414331,0.425921,0.484429,0.323534,0.424811,0.321499,0.396961,0.442887,0.340313,0.347434,0.288331,0.512451,0.384144,0.369219,0.392293,0.502317,0.444861,0.379794,0.520429,0.397074,0.401636,0.462317,0.383569,0.363855,0.419286,0.198576,0.429438,0.410999,0.297638,0.422027,0.511481,0.420344,0.346691,0.491424,0.427310,0.346731,0.419966,0.553779,0.450739,0.384996,0.419212,0.438479,0.501026,0.512033,0.394859,0.293903,0.334976,0.453223,0.408637,0.484514,0.432087,0.404497,0.367844,0.409085,0.463580,0.325441,0.482926,0.307515,0.401463,0.333214,0.470287,0.501866,0.330119,0.310061,0.326057,0.470382,0.386070,0.414452,0.447232,0.294242,0.295193,0.354468,0.450067,0.523477,0.338524,0.421881,0.440823,0.272593,0.421483,0.420457,0.418957,0.450258,0.382802,0.413641,0.518108,0.511181,0.343065,0.385621,0.312624,0.577797,0.309639,0.378991,0.435125,0.405838,0.448978,0.441772,0.327560,0.380237,0.411002,0.274542,0.509004,0.481343,0.526693,0.501153,0.346039,0.428473,0.503375,0.416634,0.400485,0.446023,0.392833,0.347063,0.304135,0.449951,0.363876,0.419185,0.333129,0.444145,0.433733,0.350918,0.388368,0.442301,0.389908,0.485876,0.341662,0.302194,0.431849,0.338154,0.470608,0.497992,0.444706,0.369662,0.281445,0.472531,0.427882,0.493884,0.442627,0.351582,0.430195,0.349966,0.297246,0.404502,0.401485,0.369363,0.420384,0.335996,0.462912,0.384889,0.342498,0.435124,0.437802,0.467323,0.499991,0.431208,0.483271,0.397659,0.468265,0.422212,0.331951,0.483515,0.331084,0.312825,0.378228,0.306528,0.399897,0.417180,0.423688,0.231364,0.335144,0.392445,0.397041,0.409566,#
5,0.553469,0.619825,0.556013,0.519262,0.493025,1.000000,0.484003,0.549423,0.455142,0.532241,0.459190,0.529973,0.482152,0.477533,0.556288,0.393006,0.448745,0.483571,0.531954,0.569015,0.500942,0.514111,0.464080,0.530084,0.563746,0.491455,0.551090,0.602808,0.413477,0.585188,0.548110,0.541635,0.545568,0.611271,0.509072,0.578453,0.524159,0.440418,0.472613,0.575463,0.532159,0.520951,0.423325,0.527344,0.539073,0.506314,0.566505,0.630742,0.500833,0.586676,0.526202,0.392463,0.541669,0.489711,0.577238,0.620805,0.488341,0.547603,0.610072,0.580893,0.412726,0.492015,0.519907,0.541232,0.478893,0.491456,0.549073,0.539332,0.572710,0.586161,0.627674,0.550365,0.628044,0.511468,0.545674,0.455584,0.504846,0.653049,0.528540,0.473502,0.559569,0.554401,0.597352,0.534495,0.541378,0.490237,0.448742,0.475493,0.581561,0.577193,0.554035,0.430997,0.429550,0.557511,0.483089,0.355555,0.558011,0.525559,0.568983,0.393517,0.600917,0.553197,0.568971,0.551572,0.527759,0.468998,0.555950,0.552243,0.491948,0.549733,0.525852,0.550980,0.566305,0.434060,0.418852,0.450946,0.567376,0.634279,0.485081,0.498879,0.498030,0.581441,0.510230,0.636158,0.449408,0.467378,0.623234,0.444527,0.556136,0.441816,0.493224,0.630601,0.551014,0.628190,0.595809,0.405190,0.394784,0.567486,0.476043,0.419490,0.450679,0.429319,0.510518,0.505668,0.649719,0.478347,0.486131,0.487991,0.494885,0.575600,0.613554,0.510720,0.550855,0.515240,0.471975,0.447166,0.547686,0.546346,0.501919,0.531863,0.511637,0.595626,0.506894,0.577344,0.566024,0.497013,0.449499,0.525289,0.419176,0.458742,0.627504,0.471560,0.528583,0.457543,0.467533,0.488319,0.480664,0.601750,0.609386,0.614544,0.522539,0.523999,0.412601,0.503654,0.443805,0.549538,0.477391,0.520803,0.617581,0.542025,0.478011,0.582755,0.521081,0.593557,0.563292,0.507723,0.442824,0.591324,0.533563,0.539914,#
6,0.521751,0.490223,0.525910,0.447736,0.487811,0.484003,1.000000,0.480789,0.521928,0.602202,0.569711,0.602082,0.443756,0.534391,0.457381,0.624971,0.576741,0.592776,0.535632,0.513857,0.562705,0.554269,0.449955,0.481572,0.590071,0.524215,0.547974,0.557138,0.456547,0.542539,0.570435,0.577064,0.599589,0.535671,0.480807,0.580796,0.595310,0.533765,0.487729,0.552217,0.627315,0.547565,0.584767,0.566717,0.527330,0.446130,0.590976,0.609882,0.581624,0.624594,0.481404,0.499444,0.536979,0.344001,0.492764,0.516240,0.541535,0.614425,0.605543,0.458855,0.569530,0.640534,0.526498,0.477285,0.591035,0.589642,0.655648,0.606376,0.595830,0.484531,0.636700,0.675880,0.543742,0.470343,0.482509,0.572634,0.629592,0.679513,0.620835,0.542079,0.578172,0.541453,0.510450,0.682605,0.572993,0.480341,0.560135,0.522322,0.550687,0.544164,0.471639,0.515872,0.420262,0.595646,0.519530,0.536447,0.558047,0.524436,0.489038,0.513146,0.550646,0.580733,0.507969,0.550909,0.602926,0.411609,0.536775,0.554698,0.602818,0.498093,0.478237,0.493781,0.568489,0.517714,0.452462,0.541825,0.415195,0.571944,0.385858,0.553494,0.481676,0.517169,0.436381,0.568976,0.506206,0.452662,0.482325,0.516276,0.554794,0.523963,0.591340,0.588105,0.497492,0.496128,0.581980,0.504256,0.552293,0.492104,0.605661,0.554978,0.522889,0.481326,0.418685,0.524494,0.524264,0.597069,0.600960,0.572915,0.493379,0.499993,0.506381,0.546119,0.414148,0.500746,0.446058,0.456135,0.485067,0.400890,0.435104,0.589511,0.500136,0.553257,0.458685,0.536698,0.563336,0.596893,0.572685,0.428310,0.453241,0.559652,0.510334,0.591634,0.407490,0.450105,0.575686,0.552998,0.462529,0.544852,0.566534,0.572687,0.574845,0.556647,0.576934,0.577865,0.434278,0.456046,0.557758,0.480911,0.489420,0.529638,0.494458,0.551995,0.459906,0.508565,0.581414,0.565328,0.569530,0.550427,0.518727,0.560376,#
7,0.572813,0.518100,0.612559,0.524139,0.335982,0.549423,0.480789,1.000000,0.487463,0.455431,0.498189,0.463732,0.501109,0.490656,0.560927,0.423245,0.464375,0.553207,0.495298,0.485551,0.516468,0.486349,0.553649,0.452077,0.505149,0.504277,0.512423,0.476548,0.455643,0.582305,0.490572,0.510662,0.442375,0.519594,0.544240,0.524003,0.469828,0.527555,0.541643,0.550223,0.532110,0.572825,0.431276,0.491305,0.471926,0.484873,0.571627,0.576542,0.588622,0.534451,0.513959,0.456109,0.543190,0.495779,0.556226,0.502836,0.548539,0.501717,0.592924,0.636230,0.447158,0.544067,0.550840,0.468936,0.547147,0.528054,0.614304,0.513812,0.533499,0.418479,0.603213,0.473378,0.603598,0.514317,0.510475,0.551520,0.510599,0.556366,0.421106,0.451469,0.647323,0.472314,0.608596,0.574321,0.503699,0.551081,0.546607,0.498991,0.496633,0.523992,0.522524,0.527769,0.476938,0.497479,0.586950,0.542853,0.529749,0.570296,0.560637,0.531285,0.501713,0.478904,0.384260,0.434989,0.558617,0.400864,0.465706,0.547514,0.559960,0.440800,0.599647,0.512841,0.629557,0.436844,0.504810,0.540119,0.450627,0.517590,0.482275,0.560705,0.552111,0.535084,0.475236,0.546593,0.539118,0.511694,0.496084,0.523980,0.417849,0.519654,0.480562,0.578676,0.549235,0.461908,0.522949,0.535183,0.469847,0.618087,0.454248,0.473774,0.420870,0.445645,0.550945,0.531908,0.569122,0.560369,0.534488,0.403105,0.475579,0.445444,0.469028,0.483158,0.490362,0.404809,0.410202,0.514297,0.514439,0.547822,0.455230,0.536818,0.509692,0.495679,0.598680,0.517666,0.524992,0.531141,0.530828,0.417992,0.352919,0.463588,0.599509,0.437232,0.467964,0.540762,0.510657,0.377766,0.437826,0.424917,0.550233,0.540851,0.447545,0.553384,0.482453,0.561314,0.468049,0.493097,0.561382,0.455432,0.563278,0.590820,0.496321,0.502694,0.476434,0.511055,0.582092,0.496786,0.491272,0.609216,0.539725,0.520054,#
8,0.495149,0.477563,0.456979,0.455661,0.291448,0.455142,0.521928,0.487463,1.000000,0.516098,0.476854,0.534157,0.473944,0.497762,0.536145,0.512853,0.435878,0.493846,0.312757,0.472996,0.499633,0.504234,0.439402,0.464591,0.576523,0.428903,0.489702,0.356259,0.488700,0.448371,0.514002,0.464311,0.425678,0.428540,0.459132,0.633530,0.504993,0.462923,0.370062,0.476464,0.457381,0.426007,0.603107,0.491521,0.452969,0.376035,0.511195,0.470415,0.476836,0.484548,0.509892,0.428809,0.471364,0.451079,0.415975,0.503944,0.481666,0.497951,0.470947,0.393567,0.444755,0.527878,0.576316,0.491495,0.542696,0.544286,0.543950,0.585099,0.635021,0.421140,0.558348,0.537694,0.560457,0.416289,0.547190,0.426687,0.535157,0.561759,0.482430,0.459650,0.533527,0.496344,0.486740,0.513113,0.501993,0.443693,0.464926,0.512160,0.431681,0.430814,0.470419,0.453879,0.338895,0.433794,0.388784,0.454401,0.554995,0.561363,0.559097,0.532383,0.494415,0.360805,0.518214,0.577380,0.380009,0.428847,0.478821,0.486706,0.445844,0.556090,0.418212,0.462721,0.542951,0.400152,0.369956,0.527598,0.455179,0.459912,0.384590,0.542985,0.414921,0.473513,0.412534,0.561594,0.487365,0.497713,0.399254,0.427170,0.500133,0.524894,0.369204,0.569251,0.497552,0.396949,0.459089,0.488625,0.490269,0.426863,0.508597,0.452562,0.438949,0.424243,0.487481,0.349987,0.477220,0.469563,0.470577,0.499075,0.510237,0.470038,0.433396,0.513823,0.343432,0.569860,0.408132,0.367293,0.467364,0.585205,0.562000,0.476302,0.483384,0.403342,0.471986,0.404828,0.430713,0.482719,0.479951,0.522010,0.480336,0.372615,0.482415,0.520455,0.330201,0.461951,0.514226,0.423796,0.459444,0.508547,0.489933,0.485165,0.443835,0.503814,0.525049,0.429384,0.409003,0.368533,0.595078,0.439694,0.438548,0.503989,0.563586,0.515673,0.509623,0.501141,0.468095,0.377916,0.352989,0.480337,0.467980,0.564453,#
9,0.542165,0.533810,0.539695,0.541420,0.443689,0.532241,0.602202,0.455431,0.516098,1.000000,0.557760,0.499861,0.533193,0.539438,0.629449,0.531095,0.532350,0.564516,0.443696,0.456421,0.587680,0.506025,0.456627,0.576833,0.565218,0.428575,0.520916,0.651782,0.484697,0.501734,0.498626,0.599054,0.525171,0.508847,0.440979,0.544211,0.552262,0.522143,0.483947,0.587230,0.569015,0.553276,0.491102,0.525923,0.555234,0.495924,0.573022,0.527414,0.561778,0.598151,0.560542,0.425996,0.452577,0.442387,0.471701,0.520154,0.560300,0.654929,0.488096,0.546122,0.523353,0.583577,0.552962,0.427605,0.435457,0.580260,0.613533,0.566047,0.648239,0.511539,0.561486,0.589001,0.598644,0.483653,0.483719,0.539042,0.617049,0.630957,0.536091,0.626678,0.635825,0.591365,0.553702,0.638091,0.508655,0.505982,0.576192,0.613906,0.569131,0.578235,0.518521,0.493391,0.514270,0.526405,0.550202,0.487485,0.524531,0.422081,0.523199,0.591144,0.602776,0.593464,0.565867,0.553660,0.554642,0.504427,0.504574,0.591500,0.613467,0.570657,0.552206,0.550201,0.576190,0.514143,0.495271,0.568677,0.354355,0.568025,0.450533,0.532440,0.404313,0.611197,0.499662,0.587866,0.542450,0.496740,0.538318,0.528183,0.553137,0.517689,0.458780,0.628539,0.493410,0.552390,0.575918,0.421926,0.548273,0.540738,0.521163,0.471641,0.626280,0.598386,0.550158,0.601984,0.563002,0.643626,0.543506,0.592861,0.548800,0.520334,0.484286,0.510979,0.503988,0.528411,0.493532,0.465743,0.487071,0.556746,0.500128,0.571071,0.561058,0.586896,0.560150,0.525124,0.523895,0.621555,0.450895,0.542882,0.500536,0.510356,0.523534,0.464853,0.466098,0.416187,0.570497,0.529167,0.575508,0.593619,0.505100,0.587881,0.594909,0.543621,0.584299,0.471430,0.451153,0.472060,0.559126,0.524606,0.566037,0.503341,0.511716,0.503601,0.473594,0.489816,0.447777,0.490772,0.586910,0.532646,0.504838,0.546194,#
10,0.526476,0.517987,0.546099,0.449208,0.432548,0.459190,0.569711,0.498189,0.476854,0.557760,1.000000,0.577495,0.520340,0.488668,0.509519,0.494039,0.544454,0.490417,0.555458,0.519944,0.529805,0.520344,0.477550,0.621973,0.527109,0.477210,0.531300,0.576099,0.509492,0.538298,0.518811,0.454016,0.524908,0.532709,0.545248,0.543684,0.588789,0.533695,0.468845,0.533789,0.580571,0.476837,0.531632,0.457814,0.458926,0.503295,0.673296,0.556076,0.499560,0.651430,0.487148,0.544622,0.509092,0.382165,0.542508,0.598134,0.551930,0.624521,0.466956,0.563510,0.504057,0.602950,0.621250,0.517134,0.521204,0.486276,0.649224,0.545240,0.646177,0.480974,0.678628,0.598082,0.602248,0.366544,0.532734,0.614343,0.516030,0.623584,0.591187,0.467222,0.611769,0.488906,0.545983,0.542612,0.540843,0.505451,0.561706,0.471605,0.528133,0.642684,0.451143,0.523374,0.547532,0.434249,0.437842,0.538444,0.533081,0.589858,0.519180,0.534207,0.489210,0.464027,0.479899,0.555078,0.497161,0.501030,0.573347,0.484848,0.522282,0.512123,0.582112,0.444909,0.651537,0.511224,0.483843,0.536236,0.387628,0.552373,0.471570,0.504560,0.486860,0.544937,0.454360,0.556505,0.442916,0.461433,0.566831,0.535986,0.566169,0.526487,0.506456,0.597444,0.500013,0.531436,0.597131,0.651775,0.476680,0.481554,0.600421,0.571936,0.568962,0.553198,0.458804,0.527143,0.488957,0.579883,0.595511,0.521941,0.478110,0.549528,0.461130,0.460200,0.445505,0.507474,0.549896,0.475822,0.540152,0.572739,0.461553,0.466053,0.577108,0.484567,0.498135,0.544457,0.529608,0.554372,0.529451,0.469296,0.483623,0.561104,0.459190,0.612378,0.395378,0.494206,0.598997,0.516443,0.463702,0.507071,0.517424,0.593073,0.453923,0.501033,0.554157,0.495226,0.347134,0.515333,0.588280,0.534489,0.456765,0.541460,0.482808,0.451496,0.504137,0.575786,0.525621,0.492931,0.491812,0.528977,0.559744,0.629314,#
11,0.574544,0.540977,0.494628,0.522012,0.421547,0.529973,0.602082,0.463732,0.534157,0.499861,0.577495,1.000000,0.534238,0.550553,0.586855,0.538395,0.524327,0.592051,0.644060,0.520882,0.508612,0.512295,0.535174,0.541785,0.592847,0.475483,0.502105,0.509649,0.531461,0.446067,0.589189,0.550277,0.599558,0.518336,0.465360,0.567580,0.565915,0.588827,0.442528,0.546801,0.608732,0.439371,0.574316,0.462240,0.528867,0.393759,0.607261,0.633707,0.516835,0.584354,0.381556,0.419719,0.613970,0.377806,0.556874,0.522069,0.470480,0.675731,0.571985,0.595282,0.454538,0.528135,0.605886,0.488353,0.535050,0.539378,0.572673,0.605658,0.624190,0.481060,0.605661,0.495249,0.565165,0.542275,0.665276,0.559913,0.599839,0.661550,0.556443,0.477836,0.517117,0.479683,0.626643,0.566444,0.610108,0.478653,0.483122,0.512119,0.504308,0.486389,0.506344,0.493475,0.464210,0.538169,0.438603,0.538954,0.509394,0.591420,0.528808,0.571934,0.508536,0.534003,0.536488,0.581316,0.537828,0.425006,0.547653,0.572400,0.574411,0.514672,0.543885,0.585795,0.609954,0.450048,0.511174,0.524275,0.496232,0.481452,0.442368,0.630779,0.474738,0.539364,0.468602,0.652875,0.500165,0.469781,0.583031,0.561566,0.572814,0.571683,0.570136,0.572728,0.574091,0.516371,0.581487,0.540566,0.551604,0.551393,0.562574,0.578607,0.457920,0.432639,0.537769,0.595007,0.514784,0.592953,0.583190,0.512529,0.501616,0.471126,0.484212,0.499121,0.474167,0.645828,0.519414,0.499116,0.513093,0.526523,0.457471,0.512678,0.630324,0.579660,0.523387,0.559105,0.544436,0.583961,0.631703,0.470343,0.480518,0.577104,0.603957,0.581718,0.527937,0.609275,0.571386,0.527577,0.566326,0.512531,0.567089,0.574711,0.499321,0.504529,0.594624,0.486529,0.488187,0.405488,0.593992,0.558738,0.425082,0.462308,0.594338,0.596329,0.509510,0.545812,0.527290,0.494864,0.486643,0.527590,0.529291,0.548493,#
12,0.520527,0.505352,0.400048,0.528944,0.317797,0.482152,0.443756,0.501109,0.473944,0.533193,0.520340,0.534238,1.000000,0.497704,0.593632,0.437030,0.416903,0.474711,0.525753,0.426800,0.534683,0.435473,0.526873,0.556046,0.556586,0.531401,0.465947,0.508104,0.438115,0.492590,0.461088,0.425343,0.449782,0.559460,0.542082,0.550128,0.520469,0.523879,0.486490,0.483577,0.424591,0.381031,0.464362,0.456634,0.547213,0.471485,0.629596,0.518526,0.546330,0.578329,0.548753,0.343979,0.409960,0.411713,0.504170,0.528196,0.485920,0.467700,0.519646,0.437031,0.431865,0.503198,0.567874,0.390075,0.522764,0.536932,0.470509,0.529958,0.631878,0.492628,0.527298,0.516239,0.549421,0.428733,0.541400,0.512691,0.541539,0.571505,0.490925,0.498992,0.577689,0.452651,0.560308,0.502542,0.475317,0.509737,0.421587,0.513139,0.441490,0.460445,0.546371,0.451671,0.524145,0.476999,0.439720,0.506243,0.521014,0.424407,0.400546,0.427950,0.412471,0.509243,0.448131,0.504289,0.437185,0.398453,0.408835,0.493689,0.570382,0.524720,0.527214,0.502044,0.597433,0.364416,0.520611,0.515459,0.294279,0.415378,0.453514,0.542357,0.444193,0.569004,0.389929,0.534871,0.466504,0.544501,0.580427,0.402982,0.433071,0.473258,0.312351,0.435412,0.429531,0.460034,0.433522,0.448681,0.387199,0.481571,0.459530,0.393987,0.476615,0.406763,0.416532,0.546424,0.373668,0.564130,0.533801,0.430308,0.480846,0.491094,0.510209,0.334889,0.505705,0.411237,0.455352,0.494380,0.529277,0.607550,0.526182,0.448906,0.480068,0.564960,0.491923,0.486728,0.575384,0.414549,0.404658,0.535975,0.428216,0.483835,0.537382,0.399497,0.466675,0.488999,0.469437,0.412608,0.533370,0.510263,0.376246,0.493544,0.443069,0.569830,0.508462,0.399755,0.333710,0.388276,0.476142,0.484984,0.532673,0.492066,0.448379,0.469340,0.371704,0.437314,0.417662,0.492314,0.452803,0.522523,0.542526,0.470716,#
13,0.426142,0.536421,0.416689,0.440863,0.367121,0.477533,0.534391,0.490656,0.497762,0.539438,0.488668,0.550553,0.497704,1.000000,0.495074,0.449865,0.400164,0.557624,0.527421,0.467878,0.535467,0.448176,0.564569,0.516363,0.538886,0.513211,0.443159,0.503999,0.445826,0.558348,0.444952,0.438787,0.517366,0.548675,0.318319,0.533992,0.516773,0.587986,0.397750,0.545110,0.634771,0.496814,0.525450,0.447094,0.549056,0.539420,0.524497,0.551817,0.577081,0.565758,0.497614,0.491248,0.472581,0.401297,0.550226,0.581142,0.562897,0.612446,0.548651,0.571400,0.469240,0.560220,0.511987,0.466097,0.582383,0.552701,0.572197,0.603946,0.613530,0.478713,0.516367,0.530909,0.624614,0.508863,0.510188,0.473607,0.579901,0.595142,0.581997,0.488509,0.538619,0.535934,0.556609,0.628466,0.448957,0.585042,0.450679,0.445415,0.601458,0.477120,0.434689,0.558841,0.448597,0.518615,0.444437,0.467038,0.523050,0.448141,0.486188,0.536209,0.511434,0.546819,0.584451,0.546278,0.538063,0.496340,0.492077,0.591659,0.482663,0.513498,0.467864,0.515314,0.541635,0.438279,0.538699,0.541266,0.404513,0.508900,0.490791,0.465230,0.529739,0.518788,0.503894,0.503753,0.459028,0.491464,0.554403,0.493759,0.497681,0.510816,0.491453,0.471469,0.482919,0.539479,0.498453,0.512294,0.495029,0.557428,0.620434,0.467078,0.575415,0.519511,0.508283,0.439881,0.447021,0.520019,0.555005,0.496976,0.529865,0.472680,0.542063,0.529543,0.412780,0.521618,0.436067,0.446161,0.549856,0.499826,0.544251,0.478561,0.553743,0.520668,0.510130,0.526915,0.539700,0.495616,0.484797,0.497013,0.466326,0.518556,0.551860,0.570934,0.530588,0.586328,0.595781,0.532288,0.522354,0.486322,0.573360,0.514766,0.503696,0.499933,0.607821,0.394816,0.436328,0.482257,0.478059,0.485295,0.448090,0.533348,0.543982,0.493941,0.497781,0.537547,0.509607,0.513079,0.504505,0.610174,0.530700,0.470845,#
14,0.619106,0.634114,0.564220,0.539066,0.410379,0.556288,0.457381,0.560927,0.536145,0.629449,0.509519,0.586855,0.593632,0.495074,1.000000,0.450131,0.517315,0.517251,0.464365,0.497063,0.512361,0.535254,0.561417,0.623670,0.544076,0.391837,0.547882,0.519210,0.478232,0.533030,0.644839,0.440043,0.525615,0.486764,0.614911,0.598737,0.454973,0.563071,0.589316,0.538412,0.560208,0.507576,0.488344,0.542147,0.518361,0.530885,0.614680,0.496658,0.556691,0.579076,0.486797,0.516766,0.538731,0.522147,0.542707,0.535171,0.498829,0.498348,0.564405,0.496518,0.497464,0.582261,0.568430,0.490377,0.524523,0.516377,0.534560,0.574122,0.613020,0.510452,0.572656,0.520755,0.630660,0.567465,0.614645,0.556800,0.495674,0.636813,0.525910,0.522704,0.597174,0.505834,0.609026,0.546439,0.569966,0.551741,0.452504,0.447535,0.547167,0.471593,0.523798,0.454944,0.516768,0.624589,0.585307,0.497914,0.473600,0.485958,0.510281,0.541249,0.523830,0.556931,0.533278,0.484340,0.550422,0.500745,0.469808,0.471260,0.647609,0.571731,0.591800,0.567118,0.648486,0.466849,0.415043,0.539070,0.410518,0.460337,0.488144,0.591212,0.506570,0.576478,0.454595,0.540100,0.522731,0.423459,0.570343,0.556212,0.459416,0.507697,0.409021,0.593584,0.436990,0.468493,0.553565,0.490568,0.553151,0.523344,0.534197,0.450286,0.501736,0.557059,0.468310,0.554191,0.483855,0.587153,0.609045,0.447237,0.503109,0.452862,0.577618,0.500491,0.501713,0.548600,0.490156,0.492098,0.482416,0.559087,0.420314,0.546163,0.562796,0.480494,0.546649,0.451306,0.580273,0.508192,0.485464,0.507862,0.396330,0.543195,0.538232,0.407844,0.550788,0.525627,0.629646,0.451620,0.493149,0.550247,0.527200,0.577582,0.488222,0.562696,0.496613,0.507317,0.511465,0.507263,0.597385,0.494362,0.552619,0.489079,0.555749,0.488021,0.528630,0.532740,0.489499,0.467923,0.486178,0.552757,0.444640,0.450173,#
15,0.462788,0.441806,0.400595,0.472898,0.409993,0.393006,0.624971,0.423245,0.512853,0.531095,0.494039,0.538395,0.437030,0.449865,0.450131,1.000000,0.436358,0.528909,0.504445,0.443355,0.418259,0.524348,0.443804,0.497233,0.500814,0.384686,0.379415,0.430920,0.402190,0.386469,0.539740,0.509742,0.456350,0.580297,0.384780,0.511063,0.509654,0.550638,0.367697,0.414583,0.456804,0.393912,0.489434,0.463323,0.475081,0.411385,0.511712,0.439998,0.491805,0.519368,0.427027,0.434189,0.426211,0.359069,0.428619,0.434186,0.503317,0.508101,0.496646,0.481111,0.484294,0.567018,0.497571,0.417021,0.491727,0.481407,0.516727,0.569036,0.495005,0.418278,0.513591,0.491113,0.448878,0.425063,0.485942,0.459468,0.487881,0.508640,0.531571,0.410564,0.415264,0.442484,0.510818,0.567893,0.526149,0.424621,0.339308,0.404719,0.454771,0.374513,0.387356,0.482389,0.452948,0.500240,0.364219,0.468765,0.454206,0.512103,0.473855,0.541811,0.449971,0.470484,0.460543,0.478873,0.486457,0.345891,0.385975,0.503108,0.446971,0.497848,0.439209,0.330145,0.566739,0.415655,0.532565,0.433907,0.296970,0.427705,0.371517,0.614046,0.368711,0.512141,0.455510,0.518794,0.422062,0.425583,0.431497,0.421359,0.513515,0.533060,0.510426,0.476406,0.365752,0.361795,0.508088,0.547407,0.573335,0.421504,0.409494,0.463478,0.423623,0.399600,0.417840,0.459030,0.470574,0.513449,0.429639,0.448710,0.453705,0.437267,0.495221,0.521396,0.429161,0.522085,0.388635,0.444746,0.441636,0.398852,0.476866,0.488831,0.442918,0.518129,0.513633,0.535578,0.475733,0.462538,0.437004,0.372278,0.438450,0.487896,0.383893,0.508027,0.315109,0.521780,0.479181,0.524765,0.424349,0.426667,0.534457,0.506480,0.461440,0.495770,0.451070,0.508874,0.457079,0.305479,0.423207,0.373089,0.373934,0.438054,0.391838,0.497568,0.421174,0.425564,0.417053,0.451920,0.428501,0.418152,0.546445,0.523558,#
16,0.514823,0.487433,0.495302,0.477206,0.322977,0.448745,0.576741,0.464375,0.435878,0.532350,0.544454,0.524327,0.416903,0.400164,0.517315,0.436358,1.000000,0.507872,0.557567,0.513070,0.587639,0.412303,0.391593,0.517820,0.518510,0.475607,0.522610,0.462685,0.316216,0.473729,0.550050,0.471402,0.459011,0.385575,0.502837,0.505646,0.560411,0.552392,0.419534,0.538400,0.489879,0.492102,0.441857,0.452578,0.447007,0.457508,0.527617,0.480463,0.504409,0.587559,0.369139,0.461942,0.490916,0.381427,0.414814,0.538751,0.363906,0.473214,0.481337,0.431121,0.538309,0.609571,0.481662,0.387231,0.457675,0.461219,0.589950,0.560790,0.551308,0.512562,0.579631,0.540738,0.556966,0.402750,0.487613,0.460174,0.480660,0.555936,0.394581,0.512963,0.617350,0.475253,0.527822,0.528106,0.540813,0.468030,0.489343,0.359952,0.433333,0.529537,0.375602,0.490519,0.493960,0.459063,0.480905,0.545195,0.440092,0.460678,0.517949,0.485931,0.529212,0.511930,0.440344,0.492996,0.490904,0.462393,0.495534,0.487824,0.631811,0.480685,0.505686,0.441661,0.550446,0.473797,0.482189,0.524290,0.530255,0.517532,0.413535,0.374047,0.354004,0.442694,0.456831,0.495610,0.508731,0.395311,0.391378,0.372520,0.514994,0.437043,0.545502,0.485798,0.471693,0.469613,0.542516,0.575653,0.510799,0.442289,0.449612,0.373475,0.455437,0.429149,0.496671,0.422593,0.398062,0.480505,0.552463,0.547504,0.434750,0.406154,0.445098,0.456162,0.332955,0.498459,0.523993,0.406439,0.454790,0.451470,0.391706,0.464295,0.522332,0.432707,0.552847,0.441835,0.570585,0.544950,0.469981,0.465345,0.448304,0.505510,0.379200,0.493124,0.444535,0.521914,0.497187,0.489897,0.353476,0.605819,0.492620,0.540960,0.503176,0.447490,0.485539,0.526783,0.279131,0.374497,0.514419,0.450107,0.489823,0.468829,0.513240,0.464331,0.459840,0.490555,0.522326,0.518809,0.501001,0.546067,0.486617,0.526197,#
17,0.535107,0.452599,0.528577,0.432702,0.408189,0.483571,0.592776,0.553207,0.493846,0.564516,0.490417,0.592051,0.474711,0.557624,0.517251,0.528909,0.507872,1.000000,0.517113,0.596855,0.509301,0.503025,0.521493,0.418591,0.589054,0.489221,0.472019,0.531063,0.480517,0.514983,0.530399,0.580787,0.453067,0.438262,0.385016,0.462178,0.490253,0.608183,0.511695,0.602742,0.540364,0.528677,0.462127,0.524540,0.511431,0.537581,0.565863,0.588242,0.588271,0.611643,0.466446,0.332186,0.476570,0.446364,0.509227,0.486886,0.541332,0.508130,0.515565,0.545719,0.455292,0.530044,0.642118,0.436222,0.476604,0.525192,0.696558,0.578461,0.564972,0.452827,0.623557,0.494801,0.487190,0.528670,0.582069,0.466724,0.516270,0.611431,0.545513,0.569113,0.560492,0.476626,0.591584,0.630348,0.520893,0.464797,0.543044,0.519315,0.494047,0.457722,0.467449,0.453850,0.484091,0.554501,0.532858,0.527179,0.492321,0.466731,0.555483,0.598355,0.543402,0.512901,0.479416,0.479280,0.510510,0.484636,0.430620,0.480096,0.479646,0.560238,0.556642,0.394447,0.651925,0.447342,0.587661,0.471370,0.367267,0.508602,0.511201,0.608642,0.473688,0.539757,0.512354,0.482508,0.409419,0.405735,0.468345,0.542605,0.533020,0.491171,0.513618,0.593909,0.522763,0.491054,0.558665,0.524121,0.602698,0.479894,0.455416,0.512068,0.523337,0.466853,0.588775,0.505637,0.572112,0.512990,0.461438,0.398656,0.505368,0.467479,0.513559,0.523635,0.490049,0.541378,0.406102,0.518374,0.573704,0.487587,0.475809,0.531367,0.541536,0.513729,0.584370,0.467430,0.550529,0.461558,0.404689,0.383043,0.452622,0.490224,0.461445,0.487027,0.531548,0.480630,0.646658,0.422909,0.501284,0.545075,0.550459,0.604576,0.552162,0.553415,0.543915,0.602708,0.441536,0.350891,0.540423,0.594898,0.439710,0.490940,0.567533,0.564614,0.431102,0.516622,0.476264,0.533179,0.510429,0.479898,0.541352,0.406679,#
18,0.496151,0.483777,0.464128,0.439456,0.300178,0.531954,0.535632,0.495298,0.312757,0.443696,0.555458,0.644060,0.525753,0.527421,0.464365,0.504445,0.557567,0.517113,1.000000,0.454525,0.464670,0.569532,0.454543,0.461014,0.472100,0.518016,0.526517,0.455683,0.409148,0.502132,0.451993,0.506910,0.503892,0.551698,0.475677,0.529745,0.491304,0.591152,0.452544,0.557061,0.546134,0.508872,0.532820,0.380160,0.458048,0.468336,0.576415,0.642751,0.544659,0.523521,0.355978,0.405869,0.486859,0.304454,0.506935,0.508147,0.501290,0.498418,0.514475,0.603275,0.476807,0.548295,0.500808,0.389045,0.544796,0.397338,0.542648,0.480001,0.502176,0.512657,0.521917,0.474217,0.546583,0.396815,0.571833,0.449579,0.516964,0.538495,0.468526,0.427670,0.526307,0.435022,0.537878,0.573092,0.584327,0.548834,0.400577,0.510661,0.522332,0.467935,0.485111,0.422911,0.516420,0.555371,0.470634,0.493979,0.481082,0.478165,0.510176,0.462891,0.499855,0.457369,0.452825,0.456197,0.494707,0.530768,0.468138,0.545768,0.510759,0.521090,0.588606,0.426038,0.568702,0.385318,0.482781,0.492534,0.425814,0.506316,0.533141,0.511929,0.462648,0.470820,0.439318,0.529835,0.531878,0.383805,0.588105,0.424645,0.541217,0.430546,0.509680,0.519713,0.481249,0.449825,0.553455,0.517400,0.505783,0.465008,0.485826,0.468661,0.434944,0.445613,0.446068,0.555590,0.471103,0.465478,0.464859,0.457612,0.478590,0.436657,0.489873,0.403341,0.541786,0.468006,0.524388,0.541784,0.439907,0.482239,0.363598,0.457213,0.534096,0.542094,0.600505,0.475348,0.508651,0.496866,0.590022,0.392765,0.396617,0.545224,0.506998,0.471754,0.495413,0.590305,0.482552,0.508516,0.430120,0.488669,0.563148,0.570556,0.467648,0.482521,0.509378,0.440427,0.357419,0.426161,0.481009,0.476093,0.417219,0.517573,0.453955,0.532444,0.432775,0.537905,0.479975,0.478348,0.432486,0.641536,0.527643,0.537419,#
19,0.504282,0.536055,0.531200,0.440422,0.436963,0.569015,0.513857,0.485551,0.472996,0.456421,0.519944,0.520882,0.426800,0.467878,0.497063,0.443355,0.513070,0.596855,0.454525,1.000000,0.511266,0.441714,0.422891,0.477129,0.559103,0.409341,0.484605,0.485179,0.374011,0.517107,0.543032,0.558107,0.528325,0.450719,0.436284,0.586581,0.462713,0.535548,0.466948,0.536109,0.554910,0.573629,0.474152,0.487762,0.449881,0.524865,0.618545,0.559977,0.502375,0.570829,0.457439,0.382705,0.498585,0.440572,0.470788,0.484625,0.540949,0.515735,0.473186,0.448784,0.451608,0.443974,0.586960,0.464001,0.480841,0.517858,0.577331,0.494073,0.639272,0.473848,0.566538,0.524868,0.539075,0.447508,0.493859,0.441406,0.454870,0.577941,0.475444,0.465758,0.608225,0.443744,0.590997,0.515407,0.544457,0.386534,0.503327,0.438408,0.557842,0.486736,0.433495,0.483903,0.380339,0.509893,0.450347,0.439920,0.485817,0.523442,0.469632,0.553921,0.528712,0.497807,0.490431,0.502760,0.540225,0.413178,0.548589,0.430104,0.499614,0.455159,0.593424,0.411873,0.561136,0.449161,0.481347,0.510545,0.495000,0.514772,0.513704,0.430331,0.562227,0.472388,0.351011,0.589848,0.479374,0.500736,0.493947,0.496348,0.601370,0.547460,0.524376,0.591243,0.514505,0.567840,0.526029,0.548171,0.435953,0.460439,0.532280,0.396369,0.480329,0.467434,0.451427,0.436017,0.487443,0.411202,0.403501,0.409380,0.524836,0.506975,0.452021,0.489900,0.440933,0.523520,0.526237,0.419721,0.575845,0.518915,0.506692,0.531417,0.473544,0.549264,0.489289,0.552093,0.552666,0.499569,0.448766,0.520761,0.414827,0.481779,0.415956,0.530604,0.553279,0.494228,0.562562,0.406201,0.476206,0.529927,0.551368,0.479082,0.449080,0.527584,0.574616,0.548734,0.375492,0.408408,0.423136,0.496682,0.495867,0.505077,0.504003,0.460008,0.435738,0.551085,0.561335,0.490192,0.497033,0.435418,0.503539,0.460060,#
20,0.503785,0.594216,0.467752,0.523422,0.469726,0.500942,0.562705,0.516468,0.499633,0.587680,0.529805,0.508612,0.534683,0.535467,0.512361,0.418259,0.587639,0.509301,0.464670,0.511266,1.000000,0.532363,0.468873,0.603707,0.602852,0.553613,0.496911,0.583234,0.454583,0.525051,0.572673,0.493344,0.510950,0.584703,0.480022,0.515887,0.506505,0.526988,0.451825,0.589492,0.587881,0.559538,0.491154,0.502440,0.586576,0.423710,0.567887,0.591757,0.520028,0.572405,0.451941,0.514077,0.461810,0.468404,0.518854,0.451687,0.382307,0.520302,0.536024,0.470108,0.519339,0.567024,0.583548,0.459883,0.516696,0.558464,0.627753,0.499734,0.589772,0.456398,0.529244,0.574907,0.583930,0.485537,0.454467,0.424691,0.501422,0.599060,0.611584,0.559268,0.566686,0.579359,0.537523,0.524917,0.444874,0.491193,0.520708,0.529758,0.575059,0.660290,0.549360,0.482396,0.463821,0.560463,0.476099,0.556408,0.489937,0.409772,0.500713,0.546975,0.587260,0.551351,0.462200,0.615170,0.536912,0.449475,0.640218,0.533653,0.533593,0.622666,0.496385,0.591052,0.546824,0.373596,0.539743,0.493862,0.451844,0.542600,0.392699,0.427708,0.532054,0.556695,0.465169,0.615080,0.472888,0.506456,0.459441,0.406986,0.458343,0.515689,0.491121,0.523763,0.604264,0.579161,0.522966,0.469547,0.434157,0.564693,0.532240,0.563391,0.498231,0.415800,0.528453,0.553214,0.498438,0.468934,0.540990,0.551239,0.496594,0.501183,0.535477,0.501641,0.487511,0.468063,0.492297,0.460612,0.499099,0.571774,0.507120,0.510882,0.536259,0.550424,0.501481,0.535721,0.579748,0.520181,0.430431,0.510668,0.411391,0.469121,0.513896,0.441349,0.477607,0.551231,0.512266,0.483710,0.488637,0.618592,0.517790,0.581352,0.511794,0.496215,0.550783,0.494033,0.392009,0.525023,0.505381,0.518433,0.472361,0.517228,0.486893,0.509564,0.564077,0.570919,0.588298,0.518232,0.521770,0.586149,0.555222,0.549051,#
21,0.499141,0.691610,0.562924,0.601792,0.505937,0.514111,0.554269,0.486349,0.504234,0.506025,0.520344,0.512295,0.435473,0.448176,0.535254,0.524348,0.412303,0.503025,0.569532,0.441714,0.532363,1.000000,0.552854,0.545648,0.483961,0.427695,0.556475,0.459382,0.568179,0.489025,0.475191,0.441123,0.515131,0.611682,0.526015,0.617807,0.491267,0.531311,0.490671,0.542386,0.485052,0.559938,0.526963,0.525306,0.531971,0.507466,0.548275,0.591180,0.484016,0.581010,0.417159,0.488149,0.522763,0.451139,0.598205,0.510288,0.476031,0.516813,0.632680,0.507244,0.464099,0.601984,0.429567,0.403597,0.541914,0.511341,0.575365,0.502352,0.566778,0.604535,0.544075,0.577097,0.588997,0.534451,0.581119,0.537105,0.551897,0.575108,0.536272,0.475351,0.533281,0.489181,0.613699,0.600019,0.601165,0.545228,0.430818,0.598822,0.601933,0.553291,0.461009,0.416298,0.512066,0.572012,0.540479,0.558044,0.562134,0.503355,0.514995,0.556341,0.551988,0.558343,0.355382,0.547373,0.510602,0.527597,0.479833,0.600443,0.468843,0.587301,0.590128,0.449253,0.573551,0.517552,0.440274,0.395716,0.473366,0.641710,0.545366,0.567534,0.509989,0.509383,0.427141,0.507710,0.449712,0.395556,0.577661,0.486178,0.473493,0.558213,0.558186,0.577699,0.416192,0.526342,0.599503,0.422149,0.469267,0.417711,0.519532,0.538403,0.522690,0.520730,0.404544,0.523118,0.448731,0.559251,0.485183,0.421498,0.504427,0.482839,0.515185,0.548103,0.483843,0.510912,0.461979,0.502191,0.513371,0.545790,0.449760,0.503808,0.492585,0.609894,0.532417,0.564223,0.563771,0.517408,0.553518,0.405038,0.329986,0.524099,0.573274,0.471014,0.550560,0.495687,0.454018,0.495844,0.387600,0.505203,0.575938,0.572364,0.483401,0.586730,0.539160,0.534119,0.441652,0.532859,0.539760,0.466869,0.439384,0.489023,0.494531,0.464033,0.543591,0.509636,0.553317,0.468648,0.502249,0.543281,0.437544,0.615206,#
