0,1.000000,0.632362,0.668375,0.620263,0.497105,0.646461,0.608244,0.620033,0.592181,0.598912,0.626245,0.666052,0.628761,0.510136,0.649028,0.584937,0.622452,0.642889,0.589803,0.592908,0.581259,0.578808,0.632826,0.640205,0.593031,0.588852,0.644655,0.655552,0.518169,0.598709,0.631101,0.538373,0.572629,0.539073,0.642418,0.610309,0.648543,0.635560,0.640146,0.708197,0.604739,0.581453,0.655054,0.675591,0.604900,0.539970,0.689296,0.663775,0.565847,0.690783,0.653714,0.540112,0.695484,0.660489,0.574629,0.663013,0.643620,0.669686,0.613091,0.651810,0.695445,0.554080,0.637764,0.619124,0.595577,0.667241,0.627282,0.714055,0.638957,0.552522,0.663440,0.633573,0.720919,0.628220,0.637633,0.620660,0.626163,0.634557,0.626217,0.615070,0.750299,0.655340,0.615208,0.653011,0.637069,0.684128,0.632616,0.537249,0.519234,0.650851,0.595120,0.627495,0.572057,0.650259,0.583848,0.650965,0.518979,0.559749,0.653026,0.631328,0.603423,0.632308,0.547742,0.601771,0.619871,0.532958,0.549869,0.661705,0.648422,0.631042,0.690504,0.570262,0.680011,0.520059,0.593996,0.720876,0.542886,0.587049,0.595521,0.575365,0.543897,0.751164,0.606751,0.682418,0.579625,0.603416,0.587045,0.590740,0.562225,0.577510,0.591046,0.632871,0.600422,0.608733,0.631713,0.568682,0.588740,0.671601,0.615101,0.603809,0.557178,0.591738,0.543760,0.700847,0.671913,0.552378,0.597504,0.576759,0.660856,0.630701,0.613501,0.555120,0.618081,0.565917,0.586129,0.543077,0.573454,0.648255,0.679555,0.657946,0.640232,0.688886,0.565207,0.611536,0.627410,0.678961,0.685497,0.574908,0.591226,0.669031,0.647029,0.589638,0.644946,0.671468,0.703874,0.482629,0.571009,0.625976,0.652973,0.668472,0.570208,0.698697,0.523386,0.580918,0.601994,0.572550,0.621290,0.622228,0.611932,0.678964,0.639591,0.613804,0.601365,0.593000,0.590553,0.588890,0.577297,0.635602,0.675848,0.646281,#
1,0.632362,1.000000,0.624220,0.670640,0.533516,0.692995,0.557241,0.564468,0.583405,0.579055,0.618495,0.599371,0.592410,0.603863,0.654994,0.561116,0.590725,0.547235,0.585222,0.628295,0.647558,0.724890,0.698231,0.692413,0.582527,0.563836,0.686805,0.609261,0.508057,0.499773,0.671968,0.610712,0.604821,0.643517,0.650338,0.705402,0.543836,0.678184,0.652601,0.649580,0.565463,0.560106,0.578498,0.629809,0.580120,0.625429,0.673929,0.636393,0.673224,0.673487,0.583774,0.624447,0.688475,0.594914,0.625739,0.632228,0.605235,0.658020,0.693803,0.618300,0.540274,0.658792,0.508939,0.490187,0.613195,0.574225,0.657307,0.706210,0.676984,0.668592,0.626833,0.635352,0.761242,0.520069,0.593380,0.659626,0.598611,0.664025,0.613445,0.604771,0.686624,0.654084,0.726358,0.669227,0.606128,0.625808,0.603831,0.561510,0.656821,0.631851,0.623691,0.581380,0.602916,0.631162,0.503633,0.561927,0.614918,0.578880,0.587074,0.662606,0.590257,0.690198,0.553406,0.633881,0.610168,0.528750,0.531803,0.644740,0.584326,0.554630,0.628281,0.624493,0.627507,0.529928,0.580826,0.592384,0.658273,0.698066,0.571143,0.528751,0.680352,0.661236,0.534361,0.660024,0.498194,0.507162,0.630317,0.628914,0.630880,0.670691,0.576495,0.638949,0.556695,0.668944,0.603607,0.539663,0.552373,0.590418,0.648843,0.566143,0.629618,0.538820,0.544570,0.599301,0.558925,0.646840,0.643913,0.563444,0.658468,0.591835,0.660505,0.616298,0.611183,0.552524,0.624933,0.504018,0.594614,0.667973,0.589680,0.598316,0.571889,0.671388,0.612510,0.662699,0.636256,0.594401,0.592300,0.649153,0.448658,0.634778,0.666164,0.547984,0.611586,0.671270,0.630957,0.476465,0.582087,0.660824,0.604498,0.620737,0.573984,0.634925,0.564086,0.537430,0.525881,0.651775,0.622380,0.477045,0.576587,0.618128,0.662903,0.523075,0.578641,0.629403,0.696209,0.555850,0.588299,0.647360,0.575782,0.658881,#
2,0.668375,0.624220,1.000000,0.608246,0.477154,0.664085,0.591039,0.649919,0.576186,0.580891,0.639340,0.598815,0.545050,0.514445,0.609898,0.526744,0.600598,0.630651,0.566329,0.608883,0.551932,0.632758,0.539731,0.638906,0.588652,0.545684,0.650836,0.645930,0.627068,0.568671,0.655934,0.585269,0.633980,0.602085,0.599661,0.633731,0.654347,0.636363,0.705901,0.629265,0.633932,0.620016,0.555408,0.579178,0.547305,0.620509,0.717762,0.587067,0.603315,0.750681,0.548869,0.541860,0.620529,0.674287,0.700348,0.587180,0.625301,0.653903,0.575845,0.617753,0.647574,0.640673,0.603881,0.650390,0.611540,0.594968,0.721332,0.590762,0.647324,0.630426,0.696205,0.591997,0.728936,0.585578,0.642006,0.674910,0.640290,0.686706,0.630051,0.698791,0.655340,0.683669,0.671601,0.673096,0.605650,0.662162,0.670983,0.686158,0.617535,0.603647,0.683824,0.632956,0.587928,0.572052,0.646634,0.603567,0.585128,0.589053,0.713942,0.658056,0.588344,0.555784,0.517526,0.604213,0.588759,0.679921,0.618155,0.547896,0.692695,0.610016,0.648228,0.544526,0.707673,0.523317,0.618688,0.565681,0.571606,0.588431,0.647555,0.540436,0.611949,0.674484,0.550186,0.648779,0.577881,0.584275,0.618495,0.597773,0.620455,0.646946,0.645599,0.712595,0.661798,0.695334,0.601488,0.585703,0.525239,0.586346,0.577722,0.586476,0.676508,0.551507,0.530821,0.591767,0.586522,0.686154,0.613387,0.581355,0.628336,0.565732,0.657412,0.567914,0.602085,0.593067,0.552813,0.615665,0.597273,0.597874,0.532902,0.592244,0.578415,0.540098,0.585473,0.620849,0.530967,0.672223,0.712095,0.592670,0.494948,0.585383,0.655708,0.557302,0.569178,0.580726,0.624331,0.522198,0.559272,0.658403,0.627397,0.619475,0.578455,0.687515,0.547707,0.640370,0.531294,0.591796,0.617555,0.576670,0.644917,0.616711,0.625900,0.596029,0.659610,0.618187,0.633910,0.661509,0.596731,0.708645,0.556620,0.652380,#
3,0.620263,0.670640,0.608246,1.000000,0.556634,0.610025,0.559507,0.586642,0.560085,0.594197,0.561308,0.588535,0.623408,0.516331,0.586767,0.583349,0.583994,0.562272,0.561562,0.556703,0.584225,0.656566,0.565565,0.581239,0.657827,0.605001,0.612246,0.593794,0.578116,0.469477,0.588310,0.619974,0.585022,0.643117,0.574625,0.590004,0.547614,0.614416,0.546717,0.660233,0.611895,0.567938,0.557508,0.559142,0.553204,0.639488,0.670797,0.638881,0.691764,0.644176,0.601437,0.476034,0.626348,0.590700,0.623078,0.587985,0.498408,0.606088,0.715356,0.600514,0.578423,0.615246,0.509174,0.547816,0.626361,0.641496,0.581076,0.595924,0.590078,0.595083,0.602478,0.645793,0.696988,0.612159,0.585816,0.557795,0.574204,0.614380,0.615929,0.637767,0.673356,0.575353,0.606458,0.666271,0.584237,0.614433,0.599871,0.525297,0.560183,0.608617,0.528839,0.599507,0.596813,0.622157,0.563140,0.618301,0.568040,0.500621,0.558086,0.616197,0.553775,0.552926,0.480077,0.569478,0.602052,0.583406,0.590148,0.658724,0.551029,0.556863,0.558400,0.594835,0.598054,0.554102,0.604707,0.632634,0.574209,0.590381,0.571148,0.490634,0.503977,0.622058,0.483867,0.610240,0.522601,0.539319,0.633193,0.584453,0.579699,0.629706,0.546068,0.634545,0.538144,0.671057,0.666871,0.592847,0.656065,0.551857,0.570331,0.517897,0.583109,0.537201,0.510617,0.565534,0.527053,0.639664,0.554724,0.564929,0.607273,0.507064,0.538478,0.555325,0.572689,0.528804,0.568012,0.494529,0.645821,0.634793,0.530318,0.612235,0.639171,0.623816,0.556578,0.685117,0.571383,0.611817,0.566569,0.526256,0.533691,0.588845,0.646165,0.588851,0.561288,0.609001,0.573205,0.545949,0.531725,0.579086,0.657861,0.565202,0.528251,0.662770,0.536348,0.542563,0.499815,0.566868,0.545920,0.477864,0.675955,0.649885,0.542225,0.524990,0.582022,0.571383,0.615029,0.579059,0.610680,0.609692,0.548651,0.619539,#
4,0.497105,0.533516,0.477154,0.556634,1.000000,0.589317,0.597002,0.438752,0.405693,0.490281,0.515958,0.509784,0.454614,0.425968,0.481968,0.526289,0.470319,0.551649,0.414981,0.552746,0.528925,0.570837,0.482641,0.556746,0.547811,0.399263,0.482686,0.471241,0.499490,0.453935,0.611172,0.449242,0.534812,0.415856,0.507279,0.535089,0.443546,0.524276,0.469544,0.609408,0.455657,0.440869,0.498903,0.595076,0.501120,0.478037,0.619149,0.496696,0.522443,0.593481,0.564296,0.451077,0.536122,0.421215,0.540424,0.563202,0.435928,0.527678,0.604469,0.522836,0.457825,0.574294,0.499271,0.454939,0.539396,0.607931,0.564116,0.470629,0.533325,0.532366,0.596167,0.596991,0.534529,0.427960,0.441043,0.539404,0.498760,0.562535,0.574449,0.530770,0.501551,0.540209,0.552196,0.463788,0.577108,0.467796,0.513455,0.424963,0.522881,0.599823,0.451663,0.420805,0.413863,0.542172,0.429150,0.521635,0.552146,0.387137,0.448570,0.479562,0.526513,0.605000,0.459658,0.500834,0.518779,0.434070,0.540920,0.506395,0.502660,0.531409,0.486203,0.521254,0.578847,0.581391,0.466583,0.509312,0.441938,0.650825,0.453865,0.434974,0.507311,0.499066,0.547516,0.541391,0.454770,0.521951,0.509471,0.439518,0.582293,0.575529,0.622081,0.559346,0.456412,0.529799,0.573369,0.518993,0.481823,0.541322,0.487974,0.446237,0.439757,0.547066,0.472832,0.522623,0.443473,0.504409,0.510222,0.444165,0.496866,0.550844,0.505158,0.593933,0.436600,0.391555,0.554571,0.436144,0.576721,0.558310,0.565396,0.475693,0.389577,0.545444,0.545883,0.551852,0.533201,0.507660,0.527112,0.446358,0.391817,0.528992,0.506803,0.473223,0.534876,0.459539,0.571482,0.428094,0.492904,0.543113,0.543835,0.543838,0.577803,0.546625,0.536510,0.487848,0.560968,0.533881,0.464588,0.587108,0.492362,0.445348,0.469840,0.402709,0.498794,0.504160,0.522675,0.369335,0.466310,0.522994,0.514890,0.509707,#
5,0.646461,0.692995,0.664085,0.610025,0.589317,1.000000,0.565541,0.610186,0.555109,0.554003,0.548164,0.611270,0.562262,0.543960,0.608312,0.536106,0.567959,0.587007,0.615576,0.660408,0.568668,0.576241,0.554487,0.620513,0.634343,0.600502,0.647332,0.658605,0.490840,0.589090,0.658511,0.614157,0.619859,0.657584,0.598569,0.671159,0.607388,0.589350,0.619173,0.650259,0.594382,0.565865,0.527803,0.605556,0.613068,0.590286,0.669736,0.681495,0.621577,0.677912,0.631235,0.476920,0.624938,0.633835,0.648419,0.715465,0.581816,0.632345,0.686333,0.651380,0.522814,0.588951,0.587501,0.621825,0.587262,0.554959,0.628640,0.609660,0.643874,0.674221,0.700283,0.616221,0.721692,0.565595,0.623025,0.563519,0.588127,0.677689,0.609848,0.589050,0.659016,0.660086,0.665616,0.618523,0.576309,0.613443,0.575939,0.552022,0.636160,0.645156,0.612266,0.527576,0.535282,0.658220,0.513926,0.474509,0.642416,0.558314,0.650391,0.514316,0.651193,0.617942,0.645179,0.626580,0.605856,0.591440,0.608484,0.629296,0.572149,0.620950,0.596765,0.629236,0.632098,0.495640,0.499063,0.571701,0.644652,0.688030,0.566248,0.534659,0.555121,0.668861,0.565655,0.710806,0.553955,0.573972,0.688243,0.531307,0.650252,0.593329,0.594441,0.710979,0.638800,0.696460,0.627121,0.521870,0.494837,0.636391,0.559413,0.530015,0.561862,0.512042,0.577105,0.609962,0.707371,0.581421,0.567195,0.572930,0.621622,0.653632,0.682474,0.617319,0.600631,0.565981,0.603374,0.501922,0.638647,0.625824,0.604216,0.590477,0.579899,0.654705,0.577686,0.619813,0.638335,0.591477,0.549557,0.600458,0.488850,0.582308,0.693645,0.583144,0.606909,0.567730,0.581398,0.521363,0.571613,0.669149,0.647240,0.664537,0.605197,0.642435,0.495933,0.565764,0.547580,0.621027,0.559581,0.601773,0.682692,0.627011,0.585718,0.645686,0.580460,0.655045,0.625180,0.583769,0.537944,0.680344,0.586406,0.611697,#
6,0.608244,0.557241,0.591039,0.559507,0.597002,0.565541,1.000000,0.541691,0.593971,0.636632,0.607385,0.655880,0.547598,0.587846,0.514884,0.670995,0.644322,0.673702,0.581358,0.584115,0.615287,0.610084,0.539598,0.577334,0.678872,0.628440,0.606004,0.611641,0.538361,0.570832,0.680037,0.636813,0.662538,0.587721,0.543271,0.620566,0.641353,0.657188,0.580310,0.623473,0.651455,0.585776,0.656493,0.634392,0.594454,0.521493,0.640165,0.682699,0.646725,0.690620,0.587096,0.561513,0.644734,0.492033,0.603252,0.597445,0.598537,0.696565,0.675073,0.542135,0.661153,0.674824,0.566576,0.552525,0.663074,0.638459,0.720087,0.666723,0.671645,0.567835,0.684170,0.705258,0.645687,0.569935,0.566829,0.638039,0.663951,0.717844,0.704404,0.635223,0.653867,0.633450,0.595583,0.718031,0.637427,0.560575,0.628209,0.590973,0.590320,0.619197,0.552417,0.599538,0.488573,0.628458,0.533014,0.605699,0.624298,0.600458,0.590699,0.605203,0.624169,0.661050,0.581786,0.611285,0.656970,0.509998,0.643114,0.619213,0.654315,0.558886,0.551619,0.578291,0.618983,0.588673,0.544018,0.603281,0.514066,0.644787,0.511770,0.603408,0.554867,0.573824,0.547583,0.682010,0.592123,0.551619,0.538325,0.611662,0.604771,0.575025,0.664803,0.632283,0.553343,0.572939,0.622247,0.567493,0.600180,0.583544,0.642936,0.653968,0.620893,0.571065,0.486078,0.598609,0.571219,0.623961,0.659940,0.619409,0.557295,0.572300,0.576288,0.634477,0.493464,0.555678,0.539676,0.536942,0.581668,0.495579,0.561755,0.677790,0.599113,0.618239,0.532950,0.600804,0.612170,0.674674,0.658348,0.494198,0.521919,0.633137,0.615193,0.640675,0.506356,0.538955,0.628983,0.590211,0.555950,0.644177,0.632887,0.652606,0.628199,0.646515,0.605815,0.625157,0.532717,0.560009,0.634736,0.571453,0.603117,0.608913,0.602344,0.601393,0.563144,0.569127,0.636789,0.647164,0.636529,0.646776,0.607822,0.650447,#
7,0.620033,0.564468,0.649919,0.586642,0.438752,0.610186,0.541691,1.000000,0.549502,0.509602,0.559947,0.539254,0.559359,0.547330,0.602216,0.514892,0.536377,0.620067,0.550491,0.556703,0.574526,0.537784,0.610896,0.543553,0.588502,0.579944,0.571675,0.540944,0.502819,0.584586,0.567517,0.546941,0.530525,0.548463,0.602350,0.586929,0.534691,0.600134,0.594658,0.610400,0.587661,0.622795,0.505806,0.557746,0.548855,0.551104,0.627779,0.633267,0.664330,0.599327,0.577605,0.506832,0.609571,0.575921,0.621084,0.578726,0.628900,0.575384,0.650027,0.695194,0.499633,0.600980,0.610005,0.533847,0.601005,0.584374,0.684164,0.570025,0.606888,0.489657,0.649833,0.526740,0.652263,0.596018,0.588969,0.616581,0.591749,0.608211,0.511092,0.544788,0.697465,0.551063,0.669579,0.637112,0.554244,0.605538,0.627345,0.548559,0.568549,0.591071,0.573005,0.603647,0.541486,0.565662,0.600443,0.597567,0.567674,0.599852,0.636350,0.588268,0.579039,0.555563,0.477123,0.504739,0.606145,0.486731,0.558915,0.606476,0.611293,0.518615,0.642354,0.572056,0.675698,0.494782,0.562308,0.596756,0.519566,0.579960,0.542085,0.589198,0.602360,0.585322,0.516919,0.619301,0.585713,0.577556,0.553860,0.597740,0.499103,0.582605,0.548683,0.644728,0.606571,0.546015,0.589599,0.613886,0.542748,0.662105,0.526080,0.572801,0.537421,0.512599,0.605425,0.602324,0.624278,0.599874,0.599553,0.474595,0.541320,0.518785,0.544915,0.573061,0.550962,0.457808,0.498730,0.571364,0.586112,0.628058,0.561788,0.591676,0.571739,0.545404,0.645303,0.571009,0.574799,0.605501,0.607400,0.507189,0.421800,0.549665,0.658074,0.530340,0.537734,0.617289,0.572800,0.458761,0.524594,0.472858,0.609985,0.596909,0.516841,0.631574,0.534641,0.590203,0.522573,0.555690,0.627743,0.521262,0.634874,0.635576,0.576338,0.546854,0.549878,0.548634,0.616069,0.567990,0.576368,0.689804,0.599068,0.591749,#
8,0.592181,0.583405,0.576186,0.560085,0.405693,0.555109,0.593971,0.549502,1.000000,0.568731,0.572303,0.586508,0.571617,0.553058,0.583248,0.592405,0.536256,0.594978,0.429744,0.577069,0.559811,0.574956,0.518875,0.541577,0.649160,0.527390,0.560880,0.453177,0.591447,0.496331,0.611134,0.569305,0.522233,0.520651,0.535062,0.688754,0.579003,0.591855,0.521844,0.567839,0.513837,0.471683,0.668164,0.582731,0.530839,0.488383,0.601364,0.552395,0.578263,0.589740,0.612517,0.507955,0.586925,0.587071,0.524939,0.602511,0.575204,0.580331,0.558232,0.504551,0.557780,0.585034,0.621060,0.587438,0.629655,0.610123,0.610602,0.650583,0.702386,0.511483,0.646465,0.618438,0.652143,0.517812,0.604344,0.529067,0.591998,0.632540,0.588051,0.558561,0.634560,0.588012,0.575324,0.608018,0.588971,0.547908,0.565035,0.584668,0.495449,0.526113,0.566450,0.544892,0.444445,0.518131,0.446817,0.537784,0.627301,0.636624,0.671164,0.638534,0.565150,0.472395,0.598795,0.640603,0.466283,0.538526,0.563671,0.552804,0.516037,0.615323,0.508947,0.560158,0.611006,0.482183,0.476192,0.609091,0.554961,0.554868,0.514585,0.591711,0.498287,0.556246,0.484567,0.644255,0.557033,0.584615,0.483884,0.526980,0.590567,0.595887,0.489017,0.631233,0.576368,0.504999,0.526262,0.564188,0.548793,0.529764,0.579458,0.546416,0.545382,0.516904,0.572110,0.480319,0.567688,0.542481,0.545522,0.564186,0.602970,0.561301,0.541445,0.607449,0.455565,0.618366,0.517390,0.435361,0.564430,0.652590,0.653779,0.565047,0.570629,0.499185,0.550525,0.515633,0.511821,0.582916,0.580074,0.594237,0.555897,0.475326,0.587648,0.595379,0.461665,0.536501,0.614103,0.474286,0.552265,0.621198,0.571520,0.566698,0.522267,0.602395,0.568846,0.508125,0.523755,0.484988,0.666354,0.529386,0.546335,0.604029,0.641870,0.581842,0.591893,0.591691,0.566644,0.481838,0.474757,0.579407,0.547620,0.649376,#
9,0.598912,0.579055,0.580891,0.594197,0.490281,0.554003,0.636632,0.509602,0.568731,1.000000,0.594287,0.515032,0.581028,0.578630,0.634249,0.567608,0.584105,0.600770,0.507644,0.506976,0.626166,0.549255,0.516868,0.590869,0.593443,0.472802,0.550183,0.679905,0.522265,0.552706,0.543518,0.629486,0.569229,0.555120,0.508903,0.589970,0.554620,0.560054,0.565564,0.638274,0.583970,0.575495,0.530551,0.573774,0.612629,0.550334,0.606341,0.575222,0.618910,0.646485,0.600608,0.463408,0.524531,0.513865,0.535746,0.571603,0.614470,0.697495,0.524108,0.578810,0.587986,0.624621,0.574685,0.481215,0.518209,0.612290,0.638519,0.621067,0.688098,0.546294,0.605451,0.619681,0.631140,0.526215,0.535946,0.585210,0.628048,0.662661,0.578470,0.673940,0.668357,0.639884,0.601002,0.684434,0.551787,0.558055,0.628807,0.647173,0.603804,0.611266,0.565165,0.540071,0.571402,0.549444,0.570687,0.540787,0.553803,0.485241,0.577010,0.637778,0.630443,0.633427,0.597521,0.603036,0.596117,0.551281,0.537207,0.636728,0.641613,0.609716,0.566752,0.597478,0.600313,0.567710,0.557362,0.627831,0.429266,0.609554,0.498018,0.558388,0.464067,0.646518,0.517116,0.634241,0.570656,0.539820,0.555528,0.557090,0.592072,0.556044,0.522894,0.648150,0.521364,0.580867,0.612880,0.494026,0.587082,0.593146,0.561690,0.517568,0.659455,0.618031,0.590975,0.636947,0.592634,0.653262,0.568097,0.624065,0.608769,0.568626,0.527535,0.560236,0.558693,0.568150,0.528314,0.516715,0.519544,0.616801,0.560414,0.614882,0.600352,0.627482,0.593586,0.576685,0.565778,0.644689,0.528921,0.588358,0.531530,0.560584,0.594511,0.514528,0.532616,0.471318,0.603332,0.560502,0.592700,0.651622,0.549775,0.621211,0.623578,0.589792,0.595423,0.505895,0.519317,0.536166,0.584745,0.569068,0.605059,0.547703,0.582181,0.545479,0.516837,0.543817,0.529354,0.541505,0.631231,0.573713,0.529242,0.590156,#
10,0.626245,0.618495,0.639340,0.561308,0.515958,0.548164,0.607385,0.559947,0.572303,0.594287,1.000000,0.628410,0.598823,0.562420,0.552380,0.575048,0.618248,0.569760,0.633209,0.592012,0.595650,0.585583,0.571185,0.661254,0.586154,0.567584,0.602033,0.642654,0.592784,0.591221,0.616671,0.533746,0.580406,0.603911,0.606776,0.627775,0.632198,0.634849,0.604387,0.606609,0.613321,0.518420,0.603568,0.541789,0.565033,0.592798,0.729424,0.627277,0.603752,0.713974,0.574209,0.600941,0.618822,0.522657,0.627201,0.658709,0.615887,0.700136,0.549258,0.626117,0.622523,0.653217,0.657301,0.601705,0.614440,0.543986,0.685287,0.627664,0.695044,0.572544,0.738673,0.660732,0.697106,0.441955,0.603051,0.687461,0.558153,0.658499,0.646808,0.575980,0.691447,0.600577,0.624237,0.608334,0.579352,0.588027,0.651334,0.552474,0.580150,0.685678,0.530690,0.599255,0.637236,0.523999,0.472129,0.611370,0.598925,0.649826,0.608669,0.633481,0.552211,0.551628,0.548589,0.633322,0.580812,0.591107,0.605927,0.565656,0.583690,0.582954,0.636687,0.540526,0.697244,0.569088,0.553243,0.625963,0.495422,0.622781,0.554098,0.550594,0.558475,0.618498,0.516824,0.654553,0.526806,0.543360,0.610089,0.579683,0.650143,0.615838,0.592208,0.666619,0.564734,0.603043,0.620563,0.712695,0.544771,0.581413,0.647118,0.643233,0.633584,0.605239,0.517986,0.620733,0.549802,0.646312,0.647888,0.590978,0.602989,0.622977,0.533049,0.555132,0.532369,0.560186,0.624852,0.522633,0.614850,0.661503,0.563741,0.551315,0.642757,0.567799,0.546102,0.619401,0.595638,0.596323,0.630499,0.535968,0.546249,0.639511,0.586228,0.666134,0.506829,0.571339,0.665154,0.549406,0.520927,0.619410,0.563675,0.655112,0.537142,0.603222,0.588947,0.549744,0.473587,0.593034,0.627353,0.601189,0.537136,0.625408,0.606286,0.528563,0.572073,0.652435,0.608718,0.573425,0.566459,0.612980,0.589080,0.693179,#
11,0.666052,0.599371,0.598815,0.588535,0.509784,0.611270,0.655880,0.539254,0.586508,0.515032,0.628410,1.000000,0.602540,0.580892,0.625810,0.615440,0.604362,0.674893,0.685613,0.593099,0.553094,0.579099,0.609150,0.617136,0.654050,0.557824,0.589939,0.554571,0.619407,0.495830,0.646476,0.618129,0.664627,0.575223,0.539892,0.607566,0.633047,0.681720,0.560799,0.609434,0.634812,0.514179,0.620252,0.548109,0.565644,0.490617,0.680304,0.686891,0.592059,0.673329,0.547835,0.495968,0.682825,0.543344,0.608041,0.642809,0.548185,0.702066,0.641772,0.658944,0.555050,0.562601,0.660411,0.566778,0.622430,0.581538,0.626513,0.642630,0.667941,0.565588,0.686874,0.602139,0.641911,0.608832,0.698260,0.618332,0.665951,0.685542,0.642343,0.557343,0.611678,0.589557,0.676287,0.632527,0.670511,0.571695,0.545516,0.577735,0.525509,0.570484,0.581211,0.544641,0.512850,0.595726,0.461043,0.619598,0.585556,0.612428,0.611037,0.628253,0.570590,0.604969,0.612168,0.617195,0.597803,0.556413,0.608651,0.619104,0.646820,0.585635,0.651097,0.648809,0.652298,0.517530,0.533317,0.612327,0.577003,0.559215,0.536208,0.665606,0.514371,0.585515,0.543391,0.680814,0.597889,0.574847,0.641493,0.643289,0.630303,0.643452,0.639633,0.618213,0.656565,0.608112,0.623204,0.609119,0.600517,0.625502,0.632336,0.612858,0.533600,0.495871,0.578306,0.643710,0.589097,0.612395,0.655588,0.592014,0.577318,0.574990,0.566615,0.575767,0.532198,0.685420,0.610847,0.515604,0.609438,0.576298,0.553822,0.590209,0.672519,0.635066,0.597118,0.608084,0.623441,0.636346,0.688478,0.520311,0.553550,0.662809,0.659273,0.629404,0.630949,0.676599,0.646890,0.543572,0.621750,0.587559,0.608458,0.627297,0.591780,0.592256,0.627238,0.536790,0.576875,0.493529,0.649828,0.622826,0.527842,0.553510,0.650883,0.651595,0.565717,0.579079,0.581815,0.574641,0.572664,0.617895,0.609009,0.611895,#
12,0.628761,0.592410,0.545050,0.623408,0.454614,0.562262,0.547598,0.559359,0.571617,0.581028,0.598823,0.602540,1.000000,0.561042,0.615803,0.542581,0.538432,0.588154,0.606235,0.527528,0.584644,0.510538,0.597253,0.630316,0.631519,0.615606,0.545261,0.575798,0.530899,0.525399,0.587988,0.521141,0.554075,0.624097,0.617899,0.622258,0.583594,0.632282,0.614900,0.592456,0.481469,0.448851,0.554080,0.558158,0.613714,0.552026,0.702130,0.598736,0.646472,0.681604,0.668918,0.436676,0.541339,0.563049,0.608291,0.636207,0.588532,0.575316,0.596484,0.546734,0.534685,0.573697,0.611991,0.507146,0.615642,0.599893,0.561794,0.611184,0.706093,0.570766,0.608112,0.620114,0.657289,0.550545,0.613037,0.594922,0.602771,0.648655,0.611118,0.609747,0.668294,0.585195,0.633695,0.607049,0.565101,0.605630,0.536729,0.589436,0.505845,0.556623,0.632254,0.539095,0.606320,0.549379,0.465308,0.597770,0.587896,0.506959,0.531290,0.544413,0.488426,0.611045,0.539031,0.576149,0.520293,0.519055,0.523472,0.571111,0.636404,0.601186,0.594368,0.591276,0.646315,0.461515,0.615499,0.619489,0.426949,0.514932,0.566237,0.574616,0.517786,0.632907,0.493914,0.622434,0.550353,0.643117,0.618910,0.523581,0.536104,0.560588,0.445774,0.518699,0.522600,0.558626,0.510100,0.554640,0.471240,0.592850,0.549604,0.484887,0.578884,0.514559,0.518852,0.634189,0.463111,0.606391,0.600071,0.528741,0.591176,0.589995,0.604152,0.465325,0.590182,0.484671,0.546055,0.559571,0.614325,0.684486,0.634509,0.552205,0.558915,0.627853,0.577058,0.577723,0.638050,0.540766,0.534055,0.610787,0.509625,0.589351,0.637338,0.495111,0.575414,0.579988,0.566284,0.467540,0.643330,0.604155,0.491774,0.560122,0.537434,0.666882,0.550844,0.485195,0.455979,0.498539,0.562995,0.559790,0.636898,0.591131,0.561570,0.528213,0.488514,0.541440,0.538125,0.589592,0.562419,0.639606,0.624114,0.585137,#
13,0.510136,0.603863,0.514445,0.516331,0.425968,0.543960,0.587846,0.547330,0.553058,0.578630,0.562420,0.580892,0.561042,1.000000,0.538544,0.510433,0.475234,0.623908,0.593516,0.555737,0.574038,0.514268,0.612324,0.553236,0.592662,0.560883,0.504793,0.560969,0.537951,0.609331,0.508828,0.528405,0.579758,0.615054,0.389564,0.576946,0.571589,0.657501,0.510951,0.602837,0.665797,0.529569,0.578251,0.525196,0.584097,0.607086,0.587727,0.606453,0.633624,0.628717,0.577136,0.547726,0.559144,0.517611,0.598477,0.656545,0.622606,0.646234,0.604628,0.630205,0.562389,0.592104,0.556512,0.541336,0.649091,0.600279,0.612437,0.648264,0.672449,0.540448,0.599572,0.594714,0.662690,0.570683,0.546736,0.535411,0.621334,0.646283,0.640364,0.545769,0.615232,0.588142,0.613730,0.690439,0.537760,0.646894,0.519490,0.506703,0.630251,0.542083,0.515737,0.612801,0.506759,0.568408,0.496383,0.526464,0.584843,0.525744,0.579610,0.618689,0.564402,0.599791,0.641393,0.589894,0.595492,0.578454,0.545458,0.627508,0.535209,0.558561,0.545724,0.581988,0.597040,0.496977,0.571037,0.597686,0.485688,0.578151,0.580232,0.522389,0.580913,0.572174,0.540279,0.559114,0.517239,0.549411,0.603400,0.555879,0.556372,0.558827,0.570670,0.523263,0.544952,0.605138,0.546561,0.560518,0.534186,0.612259,0.663720,0.525105,0.631439,0.568134,0.567673,0.512735,0.529934,0.563001,0.608238,0.545340,0.587411,0.543781,0.612995,0.595748,0.488873,0.572899,0.507746,0.474433,0.611909,0.553691,0.608691,0.549649,0.620194,0.585964,0.565567,0.601639,0.596323,0.561395,0.560406,0.545529,0.527893,0.579059,0.619205,0.620310,0.609682,0.615205,0.659447,0.561839,0.567041,0.582062,0.619872,0.578831,0.558918,0.567536,0.645759,0.460098,0.524077,0.559127,0.543869,0.560665,0.523379,0.602122,0.598879,0.552593,0.552243,0.593818,0.576904,0.573675,0.583249,0.649983,0.590582,0.540856,#
14,0.649028,0.654994,0.609898,0.586767,0.481968,0.608312,0.514884,0.602216,0.583248,0.634249,0.552380,0.625810,0.615803,0.538544,1.000000,0.526587,0.574861,0.571588,0.516053,0.562796,0.551159,0.571174,0.603605,0.668745,0.591817,0.473841,0.607562,0.560164,0.513075,0.541933,0.676496,0.494927,0.573476,0.525480,0.649337,0.628945,0.516759,0.623189,0.643134,0.582474,0.606474,0.538105,0.546153,0.585045,0.553527,0.566298,0.661611,0.541685,0.613363,0.616796,0.542047,0.558166,0.578914,0.592750,0.584177,0.602198,0.544922,0.552935,0.616827,0.547335,0.551014,0.635566,0.605871,0.537038,0.578415,0.561434,0.589096,0.607402,0.658324,0.573589,0.615202,0.543442,0.665279,0.593562,0.652380,0.596975,0.554096,0.652703,0.566480,0.570742,0.639474,0.561724,0.642622,0.591929,0.596557,0.615323,0.516769,0.498318,0.589646,0.524284,0.558352,0.513791,0.561230,0.674171,0.604539,0.549744,0.537501,0.509437,0.566786,0.585319,0.566031,0.586959,0.584946,0.533272,0.599685,0.567648,0.518839,0.528344,0.687412,0.603670,0.625384,0.606084,0.682613,0.507911,0.451730,0.593671,0.471469,0.510941,0.537340,0.617387,0.541759,0.629348,0.499961,0.597093,0.580511,0.488209,0.618331,0.591789,0.513877,0.584800,0.478590,0.645428,0.504438,0.526535,0.587269,0.547681,0.612449,0.558374,0.576661,0.524482,0.566798,0.592538,0.514717,0.599465,0.538520,0.630452,0.652935,0.502720,0.562479,0.507925,0.623861,0.567502,0.531612,0.581364,0.554645,0.521281,0.545123,0.597580,0.487962,0.579762,0.609814,0.527777,0.588877,0.482432,0.621955,0.565462,0.530452,0.556633,0.442492,0.608919,0.579583,0.485614,0.579132,0.578007,0.666702,0.482205,0.546751,0.592127,0.559577,0.617733,0.539698,0.624097,0.554729,0.548441,0.560978,0.556386,0.638203,0.555921,0.595669,0.539376,0.611387,0.536928,0.565951,0.564420,0.522751,0.516593,0.536612,0.604147,0.495486,0.503306,#
15,0.584937,0.561116,0.526744,0.583349,0.526289,0.536106,0.670995,0.514892,0.592405,0.567608,0.575048,0.615440,0.542581,0.510433,0.526587,1.000000,0.549536,0.634600,0.588343,0.549797,0.512297,0.602403,0.551792,0.597340,0.606172,0.520917,0.490999,0.517707,0.519819,0.444002,0.657215,0.604047,0.550533,0.639514,0.491571,0.611617,0.588427,0.690542,0.533985,0.515750,0.514154,0.463544,0.578929,0.559834,0.567278,0.537365,0.610057,0.541484,0.597323,0.630401,0.567505,0.515638,0.562507,0.542962,0.550243,0.555783,0.592585,0.602295,0.598700,0.574637,0.609600,0.625881,0.568243,0.523765,0.607900,0.549671,0.600831,0.638876,0.573364,0.530812,0.622047,0.581355,0.589244,0.511748,0.577594,0.577737,0.560516,0.563553,0.634001,0.542863,0.549259,0.571799,0.611802,0.642791,0.585518,0.546106,0.480438,0.497888,0.514573,0.493384,0.491970,0.574480,0.534340,0.582734,0.418211,0.565244,0.560625,0.578409,0.595064,0.643784,0.548807,0.567312,0.561107,0.574206,0.562221,0.492003,0.490798,0.581854,0.526212,0.582120,0.543787,0.465738,0.632106,0.499685,0.599373,0.544032,0.441735,0.538180,0.498973,0.656407,0.463840,0.593922,0.529375,0.631319,0.533569,0.543994,0.535357,0.535061,0.617829,0.629744,0.612546,0.561859,0.476423,0.485723,0.563600,0.623733,0.629762,0.532147,0.498885,0.575228,0.543330,0.491530,0.494874,0.578348,0.561914,0.585028,0.521664,0.525334,0.567127,0.548487,0.587069,0.621613,0.520878,0.579485,0.546459,0.511623,0.562123,0.498974,0.600971,0.578452,0.538676,0.604574,0.592936,0.608380,0.562693,0.560125,0.550455,0.465754,0.521644,0.586751,0.518458,0.591339,0.466882,0.614675,0.596589,0.558968,0.510477,0.559636,0.598759,0.599438,0.550208,0.606275,0.497427,0.567177,0.579652,0.445666,0.528447,0.486415,0.507217,0.557370,0.510706,0.588756,0.515804,0.518733,0.516216,0.549959,0.535946,0.541513,0.609201,0.604680,#
16,0.622452,0.590725,0.600598,0.583994,0.470319,0.567959,0.644322,0.536377,0.536256,0.584105,0.618248,0.604362,0.538432,0.475234,0.574861,0.549536,1.000000,0.627265,0.634612,0.606502,0.651724,0.499369,0.503995,0.628842,0.626802,0.591927,0.597381,0.542229,0.436186,0.498294,0.672547,0.560064,0.558737,0.464006,0.586336,0.607305,0.624837,0.685330,0.571410,0.624203,0.549039,0.547451,0.549478,0.557613,0.547889,0.567970,0.621948,0.577650,0.623265,0.680592,0.530354,0.534656,0.620053,0.554230,0.549304,0.635211,0.497752,0.588533,0.586052,0.540114,0.630916,0.667630,0.554196,0.499799,0.562097,0.535233,0.680198,0.630925,0.636399,0.599532,0.663453,0.622475,0.673535,0.525347,0.585414,0.573161,0.557809,0.621042,0.543926,0.635071,0.704898,0.598163,0.623371,0.624829,0.605513,0.574943,0.610235,0.452758,0.511367,0.621752,0.487758,0.593537,0.575640,0.546022,0.507884,0.625111,0.529248,0.537665,0.651142,0.599070,0.615797,0.612182,0.549175,0.584740,0.566823,0.579662,0.601484,0.569769,0.673763,0.572097,0.587476,0.553063,0.613901,0.547056,0.586872,0.615875,0.627509,0.612872,0.532318,0.428889,0.460199,0.525925,0.542124,0.615801,0.591352,0.526402,0.490485,0.509781,0.615282,0.539341,0.631356,0.568420,0.552221,0.575221,0.608928,0.664125,0.587206,0.553701,0.533796,0.495360,0.581504,0.533536,0.577544,0.555708,0.494836,0.547505,0.614497,0.608643,0.553970,0.523438,0.546731,0.582181,0.455411,0.553949,0.633107,0.501267,0.571544,0.555746,0.547389,0.560088,0.600381,0.519357,0.632342,0.529473,0.632359,0.639772,0.585271,0.558756,0.531346,0.608570,0.525868,0.578706,0.565733,0.617530,0.602980,0.547128,0.487419,0.693409,0.586554,0.620505,0.584535,0.568403,0.523544,0.583363,0.414365,0.493726,0.610241,0.552702,0.614859,0.579911,0.612122,0.541116,0.565085,0.572403,0.600992,0.613788,0.612434,0.658374,0.564507,0.615430,#
17,0.642889,0.547235,0.630651,0.562272,0.551649,0.587007,0.673702,0.620067,0.594978,0.600770,0.569760,0.674893,0.588154,0.623908,0.571588,0.634600,0.627265,1.000000,0.589886,0.662431,0.582744,0.575898,0.606204,0.541388,0.675247,0.620392,0.570826,0.606857,0.563853,0.553732,0.660949,0.653185,0.568072,0.526113,0.509362,0.567975,0.575121,0.704706,0.618434,0.692019,0.588323,0.582798,0.556924,0.605827,0.601453,0.601879,0.659809,0.661987,0.671425,0.714115,0.598288,0.437619,0.585375,0.583469,0.629798,0.607940,0.617309,0.620998,0.602315,0.643280,0.564888,0.616715,0.684832,0.544380,0.598574,0.610255,0.750172,0.666336,0.641296,0.555132,0.683203,0.590463,0.624689,0.614906,0.673157,0.579067,0.598087,0.672710,0.645406,0.667769,0.656122,0.619272,0.671777,0.695934,0.583668,0.577484,0.626361,0.616265,0.556647,0.566240,0.560519,0.540529,0.578493,0.624884,0.552840,0.632849,0.589171,0.526953,0.637760,0.667592,0.613716,0.617424,0.567259,0.574565,0.578098,0.587308,0.556536,0.578650,0.589441,0.643917,0.616609,0.512049,0.704528,0.558952,0.666089,0.596795,0.492354,0.592734,0.611795,0.648750,0.540262,0.635420,0.599205,0.605654,0.530453,0.549178,0.546368,0.638480,0.624072,0.606603,0.627111,0.669075,0.626967,0.587323,0.627413,0.615848,0.672803,0.593039,0.557260,0.627140,0.633998,0.566219,0.658019,0.611399,0.626629,0.585874,0.568872,0.518606,0.613738,0.571863,0.615981,0.613060,0.562781,0.604395,0.535384,0.591337,0.659447,0.591731,0.596597,0.622715,0.628719,0.601164,0.660676,0.557834,0.629669,0.588700,0.525759,0.494070,0.535130,0.597585,0.564890,0.588376,0.614627,0.598301,0.713854,0.480012,0.618064,0.630887,0.628916,0.669533,0.630394,0.673460,0.594974,0.657446,0.561353,0.488624,0.625437,0.647094,0.561246,0.593338,0.683184,0.631354,0.543004,0.603483,0.585865,0.624099,0.591280,0.620668,0.632965,0.543379,#
18,0.589803,0.585222,0.566329,0.561562,0.414981,0.615576,0.581358,0.550491,0.429744,0.507644,0.633209,0.685613,0.606235,0.593516,0.516053,0.588343,0.634612,0.589886,1.000000,0.543728,0.544022,0.632337,0.541337,0.527460,0.559147,0.611796,0.594024,0.554183,0.512146,0.554824,0.565278,0.582923,0.589936,0.622607,0.556351,0.620577,0.561084,0.677085,0.562863,0.635158,0.583477,0.551671,0.600990,0.476857,0.571967,0.566261,0.645603,0.701488,0.631695,0.621642,0.464748,0.484179,0.596527,0.450996,0.606562,0.589963,0.584970,0.588702,0.585737,0.679700,0.591920,0.603233,0.557552,0.504141,0.641213,0.480911,0.595975,0.579942,0.576349,0.591245,0.604832,0.560002,0.643425,0.484966,0.644508,0.565271,0.578039,0.601027,0.555549,0.543911,0.628075,0.552931,0.630917,0.635547,0.634028,0.619123,0.523140,0.593369,0.583135,0.552330,0.564293,0.517612,0.609958,0.624544,0.511981,0.574471,0.555338,0.555575,0.596364,0.574569,0.579925,0.558663,0.536047,0.551537,0.560295,0.608069,0.551989,0.616478,0.584765,0.598086,0.637816,0.528151,0.636894,0.476932,0.563803,0.580815,0.530233,0.588738,0.622178,0.568131,0.535668,0.563901,0.488961,0.635304,0.592749,0.485958,0.633606,0.506259,0.634183,0.529071,0.613776,0.607576,0.565005,0.547744,0.601123,0.589475,0.560250,0.568660,0.562843,0.590866,0.553742,0.521821,0.519186,0.649293,0.544345,0.551290,0.557174,0.539108,0.583453,0.529416,0.582531,0.504009,0.615652,0.531088,0.612870,0.585922,0.534846,0.596166,0.499231,0.551095,0.624202,0.626816,0.636765,0.586933,0.576650,0.579749,0.686712,0.488761,0.478936,0.614424,0.610020,0.567902,0.590173,0.656941,0.576537,0.564442,0.504780,0.593524,0.615244,0.645363,0.542552,0.599850,0.554338,0.500756,0.487207,0.538485,0.554996,0.538430,0.513814,0.607009,0.583017,0.599502,0.524353,0.621126,0.580878,0.565697,0.523509,0.720063,0.586255,0.638548,#
19,0.592908,0.628295,0.608883,0.556703,0.552746,0.660408,0.584115,0.556703,0.577069,0.506976,0.592012,0.593099,0.527528,0.555737,0.562796,0.549797,0.606502,0.662431,0.543728,1.000000,0.595923,0.516445,0.517778,0.580759,0.633660,0.552409,0.563672,0.566652,0.475126,0.556414,0.661706,0.641248,0.590282,0.530120,0.524591,0.673518,0.540766,0.636600,0.589700,0.606492,0.614292,0.590110,0.571024,0.558668,0.551497,0.595721,0.693645,0.624610,0.597422,0.633134,0.531623,0.471707,0.594357,0.544762,0.597077,0.547244,0.590376,0.629949,0.562629,0.541612,0.562131,0.551979,0.631113,0.551589,0.572065,0.613671,0.642170,0.587374,0.678228,0.566425,0.626568,0.571115,0.659281,0.506908,0.590004,0.557189,0.513925,0.627295,0.553383,0.565289,0.671338,0.555266,0.657988,0.588359,0.563571,0.493147,0.589684,0.539121,0.625796,0.565981,0.512104,0.570387,0.496201,0.595646,0.499803,0.536640,0.580551,0.575790,0.582591,0.630606,0.593916,0.573550,0.556677,0.612373,0.606024,0.498388,0.609758,0.526860,0.574491,0.539928,0.619942,0.515177,0.625451,0.544147,0.575764,0.611886,0.587260,0.590696,0.588998,0.480365,0.635964,0.579980,0.440444,0.708224,0.565824,0.588244,0.571240,0.559543,0.684120,0.651528,0.609606,0.673739,0.598492,0.626247,0.597094,0.628144,0.544335,0.547851,0.593758,0.526402,0.573052,0.559194,0.535285,0.573873,0.550672,0.519215,0.485358,0.498015,0.643234,0.574255,0.542014,0.578935,0.531124,0.568999,0.614287,0.503995,0.644625,0.598304,0.589952,0.592574,0.552855,0.627773,0.566599,0.608907,0.612618,0.577315,0.523556,0.609703,0.495191,0.562882,0.534508,0.604742,0.598327,0.576999,0.648611,0.457837,0.564152,0.634642,0.614921,0.561945,0.518993,0.624872,0.610188,0.614064,0.498615,0.518736,0.507754,0.561572,0.568175,0.602412,0.618744,0.552788,0.535168,0.640137,0.635103,0.563121,0.561951,0.542429,0.542550,0.551900,#
20,0.581259,0.647558,0.551932,0.584225,0.528925,0.568668,0.615287,0.574526,0.559811,0.626166,0.595650,0.553094,0.584644,0.574038,0.551159,0.512297,0.651724,0.582744,0.544022,0.595923,1.000000,0.586948,0.541315,0.642878,0.654638,0.597189,0.562988,0.634293,0.502529,0.556091,0.619689,0.545821,0.588091,0.623012,0.565216,0.597918,0.551638,0.603012,0.560910,0.654264,0.625963,0.607128,0.548497,0.574332,0.650001,0.518969,0.632844,0.644434,0.614756,0.653703,0.547002,0.553494,0.543796,0.577850,0.576139,0.556600,0.502905,0.581738,0.594793,0.537256,0.585884,0.624902,0.634334,0.529495,0.607121,0.595842,0.679868,0.563539,0.658740,0.524512,0.609804,0.625022,0.633552,0.545559,0.528454,0.513098,0.570060,0.639901,0.664566,0.641193,0.643115,0.647172,0.611131,0.608111,0.508189,0.577841,0.620160,0.571407,0.628931,0.705659,0.601053,0.554169,0.536722,0.618942,0.510432,0.613075,0.543288,0.467880,0.574289,0.618598,0.643876,0.609670,0.544823,0.664347,0.591904,0.545400,0.676442,0.596325,0.582518,0.674505,0.553387,0.647471,0.598152,0.432032,0.588856,0.575659,0.530638,0.605589,0.463196,0.467534,0.581679,0.614817,0.484019,0.660370,0.527985,0.569971,0.525451,0.485415,0.544203,0.592570,0.573371,0.587592,0.649407,0.641506,0.572789,0.558539,0.494200,0.619205,0.597142,0.628010,0.588720,0.467501,0.582677,0.613918,0.571777,0.528518,0.592274,0.600540,0.578259,0.579932,0.600709,0.585137,0.547550,0.524175,0.578981,0.512853,0.564144,0.644807,0.598772,0.565912,0.588744,0.603477,0.557597,0.593526,0.635912,0.589090,0.532025,0.580329,0.464598,0.558078,0.587407,0.537941,0.570701,0.618350,0.587977,0.537102,0.538499,0.665045,0.570827,0.628066,0.575779,0.579810,0.594486,0.530846,0.475070,0.591449,0.567380,0.587670,0.554157,0.575996,0.561337,0.565655,0.599154,0.611039,0.645779,0.580722,0.605666,0.647253,0.596237,0.601159,#
21,0.578808,0.724890,0.632758,0.656566,0.570837,0.576241,0.610084,0.537784,0.574956,0.549255,0.585583,0.579099,0.510538,0.514268,0.571174,0.602403,0.499369,0.575898,0.632337,0.516445,0.586948,1.000000,0.615874,0.608097,0.549552,0.505179,0.615753,0.525220,0.615917,0.519933,0.550837,0.498056,0.584349,0.647925,0.590715,0.669776,0.549397,0.598446,0.581993,0.607680,0.538913,0.605725,0.586612,0.591592,0.602509,0.575604,0.620339,0.645016,0.581541,0.646594,0.512986,0.540443,0.597560,0.550263,0.651791,0.590329,0.562579,0.589820,0.680197,0.578435,0.534805,0.653653,0.500084,0.487366,0.608122,0.567011,0.632995,0.568637,0.627546,0.656302,0.609727,0.633510,0.650869,0.598436,0.642133,0.604367,0.616564,0.623547,0.600737,0.564070,0.606856,0.578455,0.667646,0.666740,0.640434,0.608697,0.528899,0.646826,0.653990,0.610053,0.526571,0.494187,0.585868,0.634303,0.558670,0.620173,0.601294,0.542167,0.594965,0.615807,0.606337,0.621614,0.444310,0.607907,0.574724,0.603450,0.540554,0.656126,0.535274,0.647793,0.638663,0.522908,0.622863,0.570858,0.504957,0.494914,0.544811,0.687526,0.592435,0.595265,0.562086,0.569809,0.476330,0.576354,0.514616,0.484985,0.619723,0.549718,0.555499,0.628835,0.619460,0.642965,0.494459,0.598375,0.651294,0.522306,0.545547,0.504997,0.588178,0.601388,0.600114,0.570903,0.474583,0.598679,0.515652,0.605909,0.549670,0.504179,0.594465,0.560848,0.582454,0.622382,0.551486,0.558886,0.536725,0.545397,0.581129,0.625534,0.543559,0.563401,0.545246,0.654728,0.584807,0.616540,0.620319,0.575360,0.629837,0.488583,0.405024,0.608149,0.646033,0.550323,0.617976,0.574325,0.532079,0.550267,0.473555,0.562164,0.623253,0.617507,0.558829,0.658518,0.583449,0.572534,0.514869,0.587254,0.591416,0.527665,0.518369,0.557843,0.581901,0.521048,0.598491,0.564978,0.608742,0.542677,0.582026,0.625664,0.492715,0.670406,#
