0,1.000000,0.073269,0.173255,0.176402,0.237611,0.127208,0.062302,-0.020882,0.239567,0.115451,0.165163,0.048207,0.131128,0.036805,0.320695,0.164050,0.114436,0.279701,0.261870,0.311698,0.190274,0.218298,0.272959,0.295506,0.153413,0.118542,0.189681,0.053759,0.223089,0.284285,0.007079,0.118814,0.154200,0.190563,0.075544,0.160967,0.164903,0.104655,0.307015,0.305489,0.249394,0.144012,0.192577,0.189485,0.016102,0.161002,0.120654,0.235139,0.186574,0.238867,0.193706,-0.035457,0.043514,0.206562,0.210161,0.290671,0.287408,0.170038,0.086539,0.056833,0.234698,0.016441,0.211360,0.070215,0.132350,0.088716,0.097035,0.223346,0.192907,0.159917,0.207806,0.098699,0.237332,0.238551,0.145497,-0.148686,0.136414,0.246651,0.090902,0.073037,0.212484,0.089441,0.149703,0.197962,0.350720,0.061182,0.166850,0.183440,0.221094,0.159937,0.090983,0.092312,0.152000,0.234226,0.297246,0.227463,0.330027,0.075484,0.130005,0.240479,0.264218,0.169894,0.060583,0.177169,0.224979,0.208420,0.231826,0.153928,0.077341,-0.139912,-0.012044,0.118125,0.060147,0.182520,0.098664,0.094111,0.156100,0.126308,0.092835,0.082644,0.294946,0.179688,0.119726,0.190518,0.107013,0.256474,0.174620,0.021812,0.137526,0.274902,0.276247,0.080414,0.233379,0.085370,0.171635,0.047944,0.311316,0.140724,0.092176,0.224761,0.303382,0.216315,0.157283,0.187634,0.109620,0.226623,0.175901,0.100570,0.268745,0.136094,0.053410,0.017746,0.150861,0.130480,0.254403,0.136252,0.062415,0.067955,0.169589,0.212738,0.196728,0.229422,0.102743,0.022796,0.178664,0.106173,0.119518,0.248437,0.188314,0.134344,0.278078,-0.016575,0.219204,0.131134,-0.035314,0.239897,0.325402,0.171031,0.127088,0.083453,0.181466,0.203082,0.079721,0.098536,0.159615,0.132198,0.374406,0.318864,0.247664,0.072859,0.120935,0.173329,0.146203,0.086337,0.238717,-0.026903,0.030853,0.244730,0.424477,0.234122,#
1,0.073269,1.000000,0.204485,0.241807,0.182578,0.184360,0.302459,0.106487,0.275865,0.047481,0.348734,0.259983,0.196488,0.225067,0.140659,0.024288,0.164200,0.187099,0.119734,0.194428,0.136050,0.256052,0.061323,0.205710,0.166951,0.223659,0.266913,0.298869,-0.049683,0.235851,0.242088,0.190877,0.080649,0.205348,-0.006486,0.166455,0.182242,0.132420,0.331593,0.090773,0.060773,0.058981,0.310202,0.206924,0.222697,0.219521,0.382294,0.220463,0.048960,0.062136,0.224469,0.120082,0.299467,0.171776,0.046368,0.191862,0.229748,0.137640,0.181865,0.088815,0.155061,0.159739,0.268880,0.078475,0.133782,0.186421,0.008898,0.209786,0.202167,0.286609,0.066990,0.102517,0.300356,0.107000,0.233948,0.074632,0.131972,0.204235,0.314784,0.112853,0.291903,0.259521,0.162231,0.210316,0.259400,-0.149006,0.233757,0.146324,0.158865,0.214081,0.152614,0.191142,0.147040,0.252048,0.124176,0.195711,0.111564,0.050027,0.101269,0.120087,0.233882,0.073860,0.144393,0.202956,0.127005,0.219486,0.330155,0.310553,0.069861,0.161882,0.320569,0.194873,0.066693,0.138685,0.254524,0.282942,0.177555,0.156174,0.077188,0.166042,0.093966,0.177350,0.203709,0.214191,0.135264,0.108712,0.172333,0.102288,0.096510,0.201281,0.171318,0.179291,0.143906,0.202210,0.331452,0.342685,0.179117,0.328731,0.201685,0.259084,0.177222,0.111331,0.265046,0.155930,0.245168,0.193208,0.116073,0.078250,0.229815,0.140038,0.074908,0.099486,0.074235,-0.028488,0.331310,0.163799,0.091745,0.039395,0.005515,0.008019,0.056913,0.298886,0.265971,0.227502,0.246700,0.124219,0.082127,0.166900,0.194765,0.317312,0.177994,0.219043,0.168308,0.108745,0.069965,0.182503,0.040064,0.328323,0.235315,0.091684,0.144335,0.180774,0.227447,0.080877,0.173134,0.153315,0.144740,0.129706,0.120904,0.177550,0.326191,0.074244,0.062040,0.229278,0.196431,0.170243,-0.035874,0.180223,0.136089,0.197361,#
2,0.173255,0.204485,1.000000,0.224592,0.182090,0.103624,0.206512,0.239773,0.125079,0.085168,0.269083,0.337930,0.218535,0.325628,0.053321,0.196674,0.094267,0.068768,0.138941,0.173021,0.263445,0.353706,-0.076703,0.106829,0.220960,0.229895,0.268749,0.245695,0.131784,0.290927,0.024929,0.042541,0.065217,0.063816,0.042661,0.216023,0.175461,-0.044669,0.108103,0.023031,0.260057,0.183369,0.351437,0.128669,0.068947,0.163853,0.181113,0.193375,0.080899,0.193791,0.350000,0.207857,0.166314,0.100956,-0.004324,0.160781,0.083385,0.153250,0.148224,0.150629,0.198649,0.045480,0.131635,0.258056,0.257783,0.216964,0.136932,0.098180,0.272145,0.257767,-0.001561,0.111540,0.168534,0.204961,0.233939,0.135927,0.176192,0.187943,0.152438,-0.046163,0.306321,0.038660,-0.021166,0.177497,0.162473,0.045862,0.217114,0.250150,0.043414,0.052681,-0.069521,0.228511,0.258740,0.207267,0.078813,0.290379,0.311822,0.098285,0.245744,0.098279,0.201872,0.059334,0.081294,0.234402,0.024403,0.156902,0.139434,0.142052,0.150854,0.243683,0.189660,0.177756,0.181122,0.142671,0.077749,0.254858,0.208926,0.165516,-0.191906,0.052584,0.164580,0.156182,0.066497,0.135370,0.141292,0.057472,0.304264,0.118491,0.161558,0.137435,0.170368,0.099202,0.137371,0.055323,0.328122,0.269576,0.232878,0.214282,0.153683,0.047137,0.137520,0.077507,0.264981,0.079165,0.325537,0.229999,0.002012,0.148879,0.322128,0.061517,0.089920,0.279269,0.196501,0.093800,0.168157,0.071378,0.071815,0.003150,0.103890,0.217621,0.165403,0.351294,0.146824,0.323807,0.157904,0.167582,0.156256,0.110258,-0.011658,0.151323,0.068246,0.364114,0.131084,0.048559,0.213277,0.065686,0.244276,0.151887,0.022403,0.181480,0.304799,0.083817,0.038939,0.378908,0.011427,0.175031,0.146252,0.112508,0.201079,-0.052312,0.077402,0.195397,0.311552,0.005910,0.171469,0.049531,-0.036753,0.186822,0.318922,0.278413,#
3,0.176402,0.241807,0.224592,1.000000,0.259421,0.278075,0.331617,0.133677,0.256344,0.072923,0.289872,0.281991,0.268804,0.210364,0.161475,0.148545,0.236905,0.286289,0.228813,0.241897,0.270767,0.209788,0.159441,0.355169,0.213173,0.201250,0.151085,0.178374,0.172957,0.307144,0.174974,0.227425,0.407473,0.273957,-0.047857,0.200014,0.355217,0.295158,0.343720,0.147568,0.292127,0.326930,0.265292,0.433471,0.104660,0.232313,0.259924,0.258361,0.119791,0.239149,0.280622,0.228040,0.290060,0.044574,0.056682,0.345102,0.160528,0.157157,0.229153,0.213230,0.246087,0.111523,0.222913,0.160754,0.353792,0.285906,0.195756,0.187644,0.140293,0.300789,0.105804,0.145702,0.331742,0.169621,0.287258,0.322587,0.206030,0.187377,0.299412,0.051096,0.378196,0.234546,0.204257,0.133592,0.329659,0.152380,0.196684,0.191540,0.264793,0.228556,0.138172,0.248852,0.273815,0.317312,0.156691,0.278728,0.286728,0.090688,0.289226,0.266850,0.320454,0.050348,0.237092,0.247119,0.258326,0.210456,0.255677,0.184783,0.126946,0.123068,0.152794,0.206905,0.219067,0.179079,0.112692,0.114352,0.317235,0.141009,0.029158,0.154098,0.247628,0.190433,0.173419,0.413494,0.162993,0.079996,0.308142,0.205613,0.191319,0.337630,0.323133,0.254836,0.260743,0.301663,0.346510,0.210075,0.179628,0.244956,0.309366,0.180106,0.239294,0.265705,0.238333,0.203437,0.129511,0.189451,0.245431,0.270369,0.215213,0.212412,0.065768,0.168761,0.099354,0.157124,0.320782,0.114483,0.063653,0.169133,0.206224,0.325994,0.286097,0.272452,0.365432,0.316911,0.217010,0.174490,0.157037,0.217922,0.046780,0.159729,0.261369,0.167828,0.168582,-0.009858,0.034249,0.248897,0.237381,0.260048,0.139131,0.168529,0.212480,0.315926,0.348843,0.131837,-0.006682,0.177432,0.185221,0.188450,0.129389,0.135291,0.137129,0.249470,0.320336,0.017616,0.181691,0.233478,0.259216,0.276920,0.283527,0.181153,#
4,0.237611,0.182578,0.182090,0.259421,1.000000,0.300632,0.087785,0.051603,0.289147,0.115812,0.090712,0.052682,0.160299,0.113482,0.088860,0.147967,0.072939,0.219511,0.172986,0.323128,0.282657,0.186174,0.149326,0.283898,0.141096,0.245339,0.066299,0.064942,0.221183,0.057168,0.056955,0.131732,0.106740,0.094220,-0.000859,0.274199,0.376125,0.121101,0.129641,0.027688,0.288442,0.412397,0.190775,0.111440,0.262572,0.122476,0.338353,0.228644,0.174129,0.224594,0.194166,0.091576,0.143859,0.093263,0.193789,0.323481,0.238805,0.129065,0.231454,0.079509,0.234861,0.179436,0.088583,0.027478,0.173394,0.092045,0.198202,0.143359,0.140267,0.155562,0.129099,0.154833,0.235289,0.247135,0.108982,-0.004327,0.073592,0.304863,0.253776,-0.008479,0.365011,0.197382,0.030214,0.060811,0.388167,0.033175,0.123891,0.198642,0.188064,0.237136,0.235759,0.121130,0.114935,0.219010,0.118426,0.326360,0.212449,0.154034,0.114540,0.078434,0.125476,-0.055960,0.239422,0.231026,0.128059,0.149090,0.052989,0.234988,0.089412,0.146574,0.319175,0.191576,0.286196,0.423805,0.178752,-0.011528,0.189022,0.011251,0.019143,-0.007753,0.160950,0.142672,0.182264,0.069073,0.323132,0.031488,0.239373,0.057303,0.144235,0.110204,0.268719,0.082408,0.241506,0.148640,0.257663,0.203128,0.270286,0.087824,0.194839,0.198419,0.295230,0.049766,0.221380,0.103903,0.197843,0.260917,0.073907,0.213372,0.237968,0.068221,0.144532,0.052516,0.191788,0.306855,0.277635,0.029617,0.280480,0.169083,0.051438,0.211939,0.182118,0.127742,0.115878,0.204867,0.004928,0.266191,0.043926,0.128371,0.086115,0.165383,0.084645,0.125071,0.294948,0.150898,0.189003,0.225160,0.263588,0.249302,0.148590,0.140336,0.060745,0.028874,0.297372,0.153633,0.047018,0.160758,0.085110,0.326795,0.229518,0.185740,0.172855,0.121303,0.172488,-0.033996,0.123861,0.183348,0.135675,0.305414,0.200732,0.292572,#
5,0.127208,0.184360,0.103624,0.278075,0.300632,1.000000,0.216778,0.177183,0.313634,0.258855,0.251304,0.144024,0.249443,0.169378,0.228754,0.078110,0.163415,0.217447,0.126946,0.147574,0.250242,0.136104,0.111704,0.172868,0.204632,0.194366,0.201611,0.266669,0.221232,0.181402,0.167428,0.248805,0.274775,0.186802,0.057083,0.191799,0.320319,0.161020,0.191933,0.201234,0.178264,0.240413,0.150802,0.224938,0.108186,0.146648,0.211548,0.046797,0.161119,0.242588,0.098988,0.179961,0.138300,0.001610,0.166540,0.260996,0.033407,0.085333,0.205549,0.074731,0.157469,0.068963,0.200022,0.053309,0.204199,0.221595,0.254900,0.125680,0.186496,0.155877,0.150026,0.168569,0.329828,0.370259,0.093535,0.056371,0.193465,0.160984,0.247343,0.128750,0.171517,0.258108,0.256153,-0.036657,0.194751,0.034464,0.119667,0.118277,0.204672,0.070655,0.013084,0.236533,0.222157,0.323086,0.132222,0.304105,0.139363,0.064899,0.179408,-0.006949,0.152329,0.180276,0.084736,0.183439,0.140148,0.157090,0.129834,0.223099,0.040300,0.101405,0.324639,0.150495,0.162189,0.168175,0.132249,0.128174,0.258958,0.131304,0.052533,0.030242,0.057851,0.186375,0.084609,0.301872,0.128663,0.123631,0.031630,-0.009538,0.289076,0.210656,0.282196,0.184103,0.281392,0.136960,0.371602,0.370799,0.164361,0.169840,0.082155,0.058687,0.285388,0.185104,0.181169,0.214505,0.245124,0.180253,0.156342,0.158698,-0.011343,0.201021,0.229813,-0.031905,0.231667,0.262168,0.229538,0.209905,0.156682,0.062488,0.241740,0.124738,0.201321,0.232048,0.204064,0.175695,0.089552,0.112970,0.138822,0.237711,0.242275,0.229074,0.234319,0.155121,0.200958,0.036257,0.021331,0.259091,0.217866,0.168302,0.269230,0.031442,0.137738,0.094767,0.400802,0.162950,0.002890,0.231483,0.228094,0.140487,0.184690,0.098082,0.115751,0.152229,0.248531,0.180202,0.335002,0.030193,0.094432,0.342056,0.116630,0.285503,#
6,0.062302,0.302459,0.206512,0.331617,0.087785,0.216778,1.000000,0.159629,0.217652,0.072690,0.230043,0.173823,0.085195,0.225792,0.108866,0.119206,0.127221,0.149387,0.185042,0.134211,0.223551,0.109627,-0.079794,0.042694,0.076737,0.134187,0.114489,0.196458,0.198572,0.191692,0.114858,0.200018,0.126239,0.186301,-0.077509,0.047392,0.101703,0.209941,0.148636,0.123675,0.102777,0.043797,0.077631,0.214683,0.075691,0.145549,0.225103,0.226031,0.124377,0.130985,0.150741,0.079940,0.213051,0.140249,-0.109944,0.088672,0.080594,0.152247,0.267816,0.310646,0.200846,0.084822,0.141303,0.199678,0.202636,0.370133,0.187286,0.252720,0.197523,0.127493,0.034243,0.155385,0.248158,0.163901,0.262068,0.175234,0.195852,0.243989,0.265739,0.054533,0.141943,0.073507,0.316883,0.135176,0.252884,0.069835,0.087805,0.210183,0.117721,0.170302,0.169932,0.156555,0.153912,0.232604,0.097436,0.146653,0.179290,0.077099,0.227022,0.145312,0.166291,0.245471,0.192602,0.090700,-0.173227,0.273649,0.140130,0.122980,0.183565,0.163930,0.199129,0.172096,0.139470,-0.016336,0.083079,0.238142,0.316257,0.053590,0.117913,0.117892,0.190274,0.212911,-0.024533,0.153396,0.077920,-0.028864,0.064205,0.191864,0.066942,0.256350,0.142559,0.081303,0.200939,0.038066,0.285069,0.257453,0.074845,0.300782,0.184304,0.147829,0.143036,0.088045,0.052323,0.258331,0.047830,0.092409,0.180779,0.022557,0.175028,-0.125298,0.202781,-0.019232,0.203210,-0.034943,0.333900,-0.013500,0.009080,0.158336,0.110271,0.030256,0.062425,0.309273,0.303763,0.207731,0.231446,0.188278,0.060956,0.159026,0.130836,0.246937,-0.021159,0.095928,0.213219,0.089639,0.097896,0.192089,0.068605,0.274157,0.268200,-0.048271,0.055779,0.120524,0.245896,0.321382,0.217426,0.187731,0.101503,0.158224,0.165125,0.269105,0.146606,0.164717,0.238328,0.163396,0.025015,0.089803,0.104010,0.213339,0.128660,0.281632,#
7,-0.020882,0.106487,0.239773,0.133677,0.051603,0.177183,0.159629,1.000000,0.131715,0.110126,0.221332,0.377258,0.045987,0.179403,0.212552,0.124648,0.075292,0.328053,0.055537,0.180125,0.118160,0.236229,0.119907,0.018515,0.190305,0.061805,0.211229,0.330885,0.047026,0.252312,0.112554,0.034748,0.185054,0.058633,-0.042044,0.154594,-0.050008,-0.087886,0.157283,0.086829,0.218222,0.166694,0.146100,0.187425,0.160790,0.167936,0.039652,0.193007,0.187524,0.127479,0.165600,0.062328,0.072525,0.119180,0.082889,0.130021,0.192660,0.205883,0.222067,0.039752,0.228295,0.022197,0.156417,0.182842,0.267745,0.178875,0.147305,-0.009447,0.110310,0.228406,0.107588,0.011862,0.263112,0.188195,0.034455,0.098450,-0.011050,0.219390,0.197711,0.245379,0.256779,0.041843,0.214033,0.097485,0.229280,0.021569,0.036072,0.079545,0.148413,0.177280,0.009782,0.088482,0.200679,0.246394,-0.042934,0.109600,0.020103,0.163880,-0.016145,0.062040,0.167428,0.008054,0.109016,0.063954,-0.089050,0.240467,0.357749,0.131693,0.101553,0.164327,-0.006126,0.014556,0.050264,0.149380,0.253969,0.182500,-0.049922,0.034445,-0.034664,0.232456,0.123929,0.157828,0.047360,0.184383,0.186497,0.092436,0.167360,0.148947,0.093367,0.102378,0.140616,0.114278,0.197750,0.080545,0.387847,0.198687,-0.030793,0.414337,0.074773,0.150665,0.281532,0.054106,0.010510,0.023766,0.148237,0.104282,0.249168,0.146827,0.094449,0.083685,0.146132,0.198041,0.054544,-0.010498,0.035852,0.107203,0.204412,0.071985,0.227714,0.126385,0.124038,0.187282,0.197723,0.109302,0.027418,0.217103,0.259369,0.169071,0.080825,0.118002,0.131448,0.161050,0.153127,0.041413,0.084901,0.046867,0.084219,0.121377,-0.009487,0.166609,0.174886,0.111076,0.184037,0.264235,-0.238678,0.106323,0.049037,0.049603,0.147772,0.207692,0.230446,-0.029410,0.270812,0.100419,0.140715,0.058491,0.011564,0.109694,0.225694,0.117831,#
8,0.239567,0.275865,0.125079,0.256344,0.289147,0.313634,0.217652,0.131715,1.000000,0.151122,0.245987,0.228453,0.223535,0.105153,0.291654,0.117921,0.076794,0.174332,0.136102,0.209179,0.240169,0.170627,0.091927,0.338957,0.102586,0.147417,0.092270,0.218038,-0.006104,0.172336,0.016846,0.192395,0.107655,0.142134,0.066847,0.231472,0.312720,0.033056,0.177215,0.195096,0.204817,0.192691,0.068217,0.155847,0.282397,0.220560,0.096392,0.157308,0.101009,0.147350,0.106505,0.279699,0.060573,0.307167,0.125273,0.304734,0.112361,0.267477,0.171201,0.237854,0.204634,0.068916,0.297848,-0.032456,0.329170,0.327378,0.174846,0.145363,0.349372,0.176173,0.012678,0.116440,0.317976,0.091140,0.149360,0.032099,0.080085,0.194938,0.147166,0.055284,0.226605,0.247778,0.248131,0.072166,0.362673,0.121180,0.110322,0.227918,0.225313,0.261835,0.112876,0.289889,0.201420,0.114648,0.337534,0.372621,0.225655,0.111636,0.203833,0.043910,0.185709,0.012117,0.143325,0.133153,0.231387,0.221692,0.289175,0.169563,0.005688,0.121522,0.141052,0.134397,-0.028036,0.261682,0.104158,0.263935,0.196344,0.130834,0.000365,0.268300,0.258348,0.136873,0.118762,0.173869,0.181740,0.216411,0.173982,0.287055,0.084107,0.241624,0.174603,0.020953,0.216562,0.106441,0.309910,0.229284,0.125389,0.313770,0.294904,0.108078,0.264918,0.151088,0.163638,0.065776,0.076399,0.124288,0.190961,0.249186,0.107593,0.185037,0.259355,0.023687,0.138771,0.142938,0.365979,0.253362,0.169048,0.182951,0.125362,0.194830,0.093026,0.189426,0.078930,0.142821,0.218223,0.142382,0.225624,0.132953,0.161637,0.169788,0.208460,0.127725,0.119301,0.086202,-0.006340,0.277733,0.133579,0.267533,0.222209,0.105816,0.180966,0.150698,0.116881,0.174431,0.061395,0.192688,-0.005498,0.030667,0.295557,0.267595,0.238131,0.118656,0.194679,0.061346,0.264080,0.000265,0.111649,0.006006,0.095780,0.166016,#
9,0.115451,0.047481,0.085168,0.072923,0.115812,0.258855,0.072690,0.110126,0.151122,1.000000,0.360354,0.018940,0.074106,0.224383,0.195460,0.173354,0.082089,0.068642,-0.079610,0.297755,0.104657,0.069587,-0.008362,0.039427,-0.040014,0.017114,0.207751,0.145429,0.070742,0.172112,0.216297,0.105976,0.018560,0.178770,0.191225,0.124880,-0.006877,0.207908,0.068301,-0.041103,0.238018,0.211182,0.096073,-0.084281,0.052528,0.191976,0.134268,0.073803,0.102658,0.070562,0.039331,0.231581,0.051779,0.132061,0.066781,0.267248,0.121038,0.231094,0.144051,-0.103669,0.199511,0.057223,0.250363,0.062821,0.175243,0.152281,0.012103,0.000558,0.129331,-0.000186,0.150846,0.235512,0.158715,0.170741,0.069517,0.109511,0.017256,0.058683,0.271135,0.120417,0.123732,0.304169,-0.032146,0.026329,0.235853,0.125186,0.132060,0.169611,-0.071156,-0.069513,-0.119465,0.150594,0.164887,0.017836,0.136718,0.175349,0.154809,0.164234,0.163309,-0.024795,0.057055,0.147421,0.266186,0.129474,0.259219,0.146574,0.122069,0.065677,0.208503,-0.006448,0.113317,0.091982,0.118255,0.243741,0.062751,0.141508,0.015639,0.205808,0.205297,-0.064182,0.165486,0.306895,0.016832,0.249605,0.048762,0.148268,-0.091905,0.140113,0.159334,0.233394,0.147484,0.003837,0.066203,0.065510,0.143785,0.153945,0.187583,0.307192,0.116097,-0.117748,0.081897,0.196997,0.177907,0.016611,0.045941,0.174763,0.154406,0.245218,0.109185,0.351590,0.049211,-0.085025,0.304216,0.274775,0.202270,0.259618,0.161135,0.148367,0.301070,0.051196,0.181869,0.109070,-0.033010,0.282417,0.140704,0.032972,0.071542,0.058448,0.284356,0.021651,0.162726,0.178888,0.104132,0.081374,-0.015578,0.150540,0.146997,0.056751,0.051964,0.038349,0.042272,0.108433,0.301191,0.149528,-0.035689,0.120974,0.130533,0.133417,0.257750,0.095959,0.113032,0.127016,0.022702,0.188297,0.124717,0.154707,0.104125,0.040174,0.137365,0.193950,#
10,0.165163,0.348734,0.269083,0.289872,0.090712,0.251304,0.230043,0.221332,0.245987,0.360354,1.000000,0.157574,0.159745,0.246735,0.277490,0.114919,0.189875,0.270040,0.293361,0.251125,0.105880,0.181984,-0.078853,0.188574,0.087603,0.059250,0.185341,0.326273,0.108622,0.272109,0.245963,0.191276,0.198046,0.131446,0.125905,0.250744,0.095733,0.173649,0.326253,0.096465,0.258272,0.123981,0.220030,0.054199,-0.039996,0.220376,0.237118,0.187082,0.212971,0.178404,0.217877,0.207457,0.038687,0.182895,0.048412,0.310553,0.120053,0.154797,0.160395,0.115837,0.089772,0.221818,0.177689,0.282515,0.384981,0.358301,0.182135,0.133969,0.164048,0.148166,0.150744,0.189158,0.268386,0.266988,0.139276,0.199116,0.129298,0.074800,0.235719,0.167036,0.325920,0.160252,0.225359,0.207473,0.356066,0.008021,0.268513,0.234176,0.049395,0.144636,-0.032411,0.070241,0.304617,0.146397,0.237694,0.322054,0.326353,0.072433,0.218341,0.131677,0.067831,0.055056,0.261738,0.079612,0.228715,0.125835,0.200567,0.280978,0.139750,0.092762,0.172090,0.272967,0.164340,0.165477,0.380011,0.274969,0.107799,0.092568,0.142018,0.039182,0.139409,0.254437,0.114817,0.237123,0.133459,0.015665,0.105647,0.220631,0.105300,0.341081,0.313882,0.140086,0.220765,0.044599,0.261135,0.214436,0.154519,0.452250,0.164619,0.054984,0.288084,0.140703,0.291909,0.152338,0.143714,0.152535,0.046153,0.134332,0.145147,0.168750,0.156748,0.165696,0.275159,0.043790,0.337847,0.185391,0.209538,-0.012339,0.205149,0.165468,0.218856,0.194986,0.317760,0.266262,0.248596,0.150381,0.269312,0.160202,0.251713,0.155060,0.219264,0.282642,0.094819,0.156944,0.081065,0.124758,0.181991,0.214505,0.147150,0.172875,0.244531,0.159840,0.341959,0.137577,0.150192,0.198186,0.164303,0.035115,0.211544,0.168481,0.314892,0.075243,0.217824,0.123778,0.285719,0.086158,0.025398,0.262693,0.331179,0.385400,#
11,0.048207,0.259983,0.337930,0.281991,0.052682,0.144024,0.173823,0.377258,0.228453,0.018940,0.157574,1.000000,0.165257,0.158573,0.026671,0.116539,0.063967,0.282477,0.141286,0.043729,0.072507,0.219723,-0.043845,0.186219,0.322813,0.230830,0.009983,0.325563,-0.105489,0.318124,0.252895,0.194352,0.144840,0.137865,0.065313,0.183789,0.207936,0.019905,0.168431,0.079861,0.217859,0.226558,0.284284,0.348771,0.035990,0.293262,0.133830,0.130844,0.209474,0.080198,0.272957,0.184222,0.109391,0.235200,-0.090403,0.132621,0.212746,0.260551,0.270578,0.019077,0.109868,0.011294,0.286392,0.190886,0.232257,0.318119,0.198653,0.273571,0.174641,0.234267,0.007435,-0.032943,0.294573,0.142659,0.079911,0.140255,0.097638,0.104790,0.263642,0.129068,0.282051,0.052018,0.233968,0.136970,0.263199,-0.061751,0.128091,0.303666,0.216254,0.044267,0.007803,0.248102,0.400469,0.477328,0.085289,0.263730,0.063680,0.165376,0.229932,0.209691,0.217554,0.006558,0.072836,0.169192,0.039500,0.323287,0.301130,0.242243,0.218771,0.046781,0.209651,0.094527,0.187682,0.188386,-0.053028,0.358130,0.095248,0.101160,-0.015519,0.144766,0.126618,0.224084,0.207444,0.212535,0.141120,0.141378,0.234124,0.256971,0.231885,0.182044,0.079158,0.238820,0.264973,0.243823,0.221946,0.189635,-0.032174,0.418632,0.035289,0.221390,0.159930,0.127996,0.130203,0.105500,0.136796,0.200964,0.195244,0.133627,0.188158,0.089594,0.043185,0.319725,0.140601,0.110779,0.285101,0.117027,0.124058,-0.044278,0.171841,0.204727,0.182721,0.261287,0.130159,0.109406,0.205018,0.163312,0.317061,0.164804,0.181111,0.218137,0.270268,0.170991,0.070762,-0.033407,0.137126,0.258227,0.206293,0.204240,0.108581,0.103996,0.277253,0.124828,0.149483,0.124731,-0.191884,0.244624,0.092721,0.126223,0.107034,0.112290,0.119939,0.003063,0.306086,0.050831,0.265697,0.113843,0.146233,0.200454,0.192768,0.147019,#
12,0.131128,0.196488,0.218535,0.268804,0.160299,0.249443,0.085195,0.045987,0.223535,0.074106,0.159745,0.165257,1.000000,0.018435,0.212337,0.143476,0.291626,0.168452,0.242528,0.403343,0.137661,0.111876,0.148997,0.226457,0.066429,0.135548,0.162731,0.176774,0.050215,0.278857,-0.007422,0.316245,0.202982,0.215855,0.158787,0.347713,0.275999,0.045966,0.228876,0.070418,0.268845,0.094826,0.218588,0.258115,0.269599,0.197495,0.201884,-0.048859,0.195710,0.167653,0.245744,0.114900,0.155055,0.239026,0.092024,0.165233,0.061425,0.196204,0.177227,-0.009555,0.095556,0.192657,0.133272,0.201112,0.292329,0.209892,0.190426,0.164328,0.160597,0.098531,0.035882,0.211078,0.169871,0.077506,0.286139,0.150524,0.148024,0.045125,0.171535,-0.048305,0.295055,0.172820,0.092591,0.110288,0.295799,0.209230,0.093341,0.294794,0.197868,0.063790,0.113946,0.170449,0.043253,0.309379,0.231053,0.199263,0.270762,0.125295,0.226736,0.022681,0.271960,0.134373,0.114137,0.096576,0.289273,0.134292,0.286826,0.150508,-0.003731,0.083226,0.234923,0.098035,0.134926,0.199994,0.094960,0.121033,0.139651,0.145182,0.167124,0.140048,0.216889,0.219333,0.273552,0.184584,0.216842,-0.049090,0.294433,0.081944,0.092702,0.073563,0.163380,0.091009,0.116673,0.121925,0.158512,0.114423,0.216275,0.204785,0.115650,0.166426,0.222391,0.040958,0.141513,0.111633,0.028742,0.111712,0.010310,0.215386,0.159767,0.063157,0.088140,0.268634,0.105844,0.123851,0.044379,0.137766,0.097157,-0.033685,0.077601,0.158789,0.021731,0.344359,0.193482,0.324552,0.158410,0.026465,0.324357,0.041774,0.128815,0.212348,0.185492,0.095418,0.138215,0.160100,0.172520,0.089354,0.177861,0.331968,0.059832,0.211768,0.173559,0.150304,0.289025,0.172484,0.124280,0.125824,0.083042,0.193022,0.126121,0.018937,0.252699,0.108519,0.177644,0.134080,0.077104,0.091024,0.122436,0.189135,0.206290,0.128729,#
13,0.036805,0.225067,0.325628,0.210364,0.113482,0.169378,0.225792,0.179403,0.105153,0.224383,0.246735,0.158573,0.018435,1.000000,0.268728,0.147339,0.235723,0.074448,0.203831,0.260829,0.227697,0.200342,-0.087635,0.183689,0.132358,0.260368,0.290072,0.192075,0.097987,0.161777,0.224912,0.236073,0.214364,0.187420,0.137958,0.096347,0.081223,0.151531,0.058819,0.117416,0.106405,0.223268,0.212916,0.213201,0.090137,0.210265,0.194622,0.157487,0.121305,0.191853,0.185981,0.169340,0.281841,0.217797,0.108104,0.272264,0.106552,0.252865,0.197474,0.217890,0.231964,0.103986,0.335687,0.084879,0.171494,0.237485,0.414851,0.142203,0.316028,0.172450,-0.027609,0.084457,0.201186,0.122736,0.308533,0.175257,0.319158,0.282369,0.307043,0.095847,0.244507,0.319533,0.080913,0.366856,0.320237,0.023118,0.261542,0.302230,0.238589,0.172029,0.065499,0.202610,0.245672,0.292886,0.083493,0.204294,0.237429,0.063084,0.197134,0.211538,0.288019,0.166551,0.297460,0.225146,0.090992,0.230854,0.293207,0.216133,0.329002,0.160413,0.127490,0.181071,0.359185,0.188938,0.208000,0.235267,0.330390,0.224421,0.059113,0.163582,0.359217,0.281285,0.167796,0.301282,0.283168,0.062378,0.063325,0.070754,0.346069,0.249103,0.146080,0.148042,0.101549,0.109151,0.332948,0.268142,0.274442,0.247235,0.305085,0.201629,0.005095,0.094883,0.389026,0.157642,0.234575,0.335569,0.133454,0.289334,0.035859,0.216819,0.134250,0.151980,0.188500,0.278540,0.240377,0.237168,0.075253,0.300206,0.208963,0.325818,0.032446,0.384903,0.115169,0.401086,0.223740,0.179333,0.103032,0.120677,0.204979,0.283941,0.180347,0.298052,0.183762,0.149669,0.138289,0.277956,0.147882,0.158708,0.286450,-0.076868,0.149103,0.201285,0.221421,0.283123,0.133693,0.242942,0.212879,0.152042,0.111520,0.241979,0.175716,0.228633,0.214473,0.091419,0.127623,0.216204,0.119141,0.175142,0.245163,0.206859,#
14,0.320695,0.140659,0.053321,0.161475,0.088860,0.228754,0.108866,0.212552,0.291654,0.195460,0.277490,0.026671,0.212337,0.268728,1.000000,0.268979,0.177898,0.264188,0.259861,0.417571,0.196503,0.114963,0.180938,0.333094,0.110424,0.092802,0.225894,0.278914,0.150350,0.225521,0.049730,0.164764,0.178999,0.054206,0.165192,0.193917,0.153779,0.219512,0.150140,0.288356,0.250735,0.117959,0.280105,0.050612,0.159520,0.318746,0.167544,0.098714,0.153981,0.156177,0.296007,0.063621,0.209306,0.254300,0.381446,0.300114,0.230886,0.122779,0.154628,0.081548,0.324658,0.241918,0.123720,0.128555,0.244255,0.149473,0.321450,0.215753,0.242789,0.172535,0.067823,0.217723,0.156168,0.304157,0.173914,0.134991,0.123885,0.181709,0.172259,0.211663,0.301554,0.210051,0.208955,0.250138,0.326320,0.269728,-0.015376,0.158149,0.180947,0.129842,0.226429,0.171557,0.239007,0.196106,0.305624,0.149884,0.278141,0.124266,0.122557,0.130005,0.224702,0.174111,0.157623,0.237684,0.202563,0.248801,0.380008,0.343881,0.124864,0.120294,0.002159,-0.004717,0.191660,0.147513,0.179721,0.185746,0.153371,0.215464,0.214486,0.209474,0.419168,0.267065,0.033406,0.161651,0.245584,0.055684,0.167853,0.182681,0.000969,0.341047,0.136971,0.219291,0.191073,0.000163,0.179943,0.076397,0.219779,0.219535,0.035671,0.136749,0.318302,0.273355,0.279987,0.134628,0.080636,0.285824,0.105008,0.153055,0.017192,0.074265,0.215425,0.045292,-0.003401,0.216190,0.207748,0.182306,0.226641,0.163621,0.159586,0.150267,0.116120,0.233016,0.074376,0.156479,0.258150,0.009925,0.200507,0.162002,0.105183,0.232550,0.324992,0.280046,0.241878,0.141998,0.109527,0.111904,0.379248,0.295338,0.291324,0.173339,0.094650,0.208762,0.236279,0.193849,0.249868,0.185682,0.219689,0.018607,0.128800,0.249855,0.130562,0.207839,0.197136,0.248186,0.218210,0.012203,-0.011360,0.194906,0.289600,0.198386,#
15,0.164050,0.024288,0.196674,0.148545,0.147967,0.078110,0.119206,0.124648,0.117921,0.173354,0.114919,0.116539,0.143476,0.147339,0.268979,1.000000,0.270013,0.246182,0.200594,0.220529,0.091347,0.085446,0.122736,0.237287,0.073287,0.275123,0.183218,0.190174,0.136003,0.155273,0.115708,0.190644,0.084932,0.230305,0.095481,0.045816,0.138743,0.097444,0.183437,0.038944,0.182434,0.193260,0.184866,0.178469,0.165450,0.161534,-0.069614,0.103542,-0.001628,0.199355,0.011204,0.125180,0.183930,0.156793,0.106274,0.157968,0.049131,0.182839,0.203624,0.194302,0.170403,0.039757,0.284739,0.033417,0.139876,0.169945,0.173831,0.228471,0.200335,0.023379,0.148424,0.221077,0.136084,0.136605,0.161250,0.138171,-0.010618,0.295892,0.085345,0.141650,0.234293,0.098382,0.054505,0.281779,0.184497,0.113826,0.053478,0.220134,0.225038,0.130673,-0.008645,0.153444,0.178921,0.265231,0.098775,0.150709,0.327108,0.065617,0.134187,-0.070552,0.207022,0.063911,0.141121,0.139278,-0.005654,0.234170,0.173008,0.147206,0.060585,0.147994,0.017059,0.150651,0.060196,0.093085,0.145446,0.277133,0.138515,-0.003426,0.082032,0.016870,0.282088,0.246637,0.086334,0.297581,0.209994,-0.129799,0.098382,0.091405,0.184323,0.126823,0.090185,0.224205,0.082618,0.141544,0.200199,0.192391,0.086477,0.129563,0.034827,-0.071195,0.017388,0.200523,0.140973,0.085551,0.193409,0.057657,0.085927,0.206205,0.307363,0.194493,0.154345,-0.044200,0.084894,0.371569,0.039980,0.354243,0.097640,0.153245,0.177093,0.113378,0.071769,0.064674,0.221122,0.175548,0.153137,0.154773,0.215271,0.105057,0.160652,0.084087,-0.005588,0.095485,0.220726,-0.066793,0.160003,0.002431,0.274418,0.054745,-0.090985,0.116898,0.232897,0.140594,0.174564,0.273142,-0.009079,0.166663,0.032112,0.101038,0.080859,0.130099,-0.006362,0.183078,0.161006,0.091307,0.071335,0.090682,0.018234,0.163163,0.133412,0.002659,#
16,0.114436,0.164200,0.094267,0.236905,0.072939,0.163415,0.127221,0.075292,0.076794,0.082089,0.189875,0.063967,0.291626,0.235723,0.177898,0.270013,1.000000,0.174311,0.173707,0.264123,0.245842,0.140064,0.212561,0.110888,-0.083172,0.278923,0.133115,0.017264,0.052185,0.225243,0.128734,0.224570,-0.020810,0.309649,0.047868,0.223754,0.148193,0.041394,0.160345,0.140139,0.070289,0.150008,0.132890,0.124268,0.184033,0.319403,0.086413,0.072628,0.133244,0.012527,0.095572,0.169517,0.255080,0.092558,0.152373,0.115419,0.021055,0.114566,0.192197,-0.006146,0.094747,0.244839,0.282685,0.269477,0.257028,0.131475,0.191236,0.342968,0.070326,0.167826,-0.009393,0.257802,0.272611,0.047482,0.115104,0.227828,0.039617,0.257427,0.162964,0.099596,0.096164,0.179588,0.074630,0.105071,0.133671,0.108922,0.207338,0.218689,0.168096,0.018182,0.058664,0.210123,0.093365,0.167621,0.131502,0.084687,0.292840,-0.015521,0.104332,0.150673,0.112893,0.020125,-0.044908,0.084049,0.164772,0.083199,0.198410,0.041211,-0.059401,0.140811,0.132855,0.122740,0.170910,0.127921,0.235477,0.276750,0.077354,0.083600,-0.062700,0.170695,0.163366,0.133450,0.175972,0.260409,0.186424,-0.130015,0.094162,-0.021289,0.109413,0.251542,0.037268,0.108714,0.351314,-0.125986,0.371271,0.256761,0.023758,0.258150,0.141420,0.179801,-0.016938,0.143296,0.131932,0.146480,0.246215,0.143069,-0.051857,0.172830,0.184336,0.091033,0.036321,0.114239,0.060225,0.118295,0.179311,0.164709,0.005245,0.055268,0.119407,0.187672,0.031159,0.286350,0.290379,0.294617,0.151793,0.099048,0.301444,0.099129,0.047009,0.035310,0.048306,0.106866,0.049172,-0.044070,0.155389,0.228925,0.073935,0.083275,0.105914,0.045722,0.114966,0.122600,0.271392,0.005133,0.006470,0.148208,0.285851,0.134377,0.081919,0.080609,0.254786,-0.108559,-0.013874,0.113535,0.184381,0.235655,0.028095,0.238259,0.064001,0.022279,#
17,0.279701,0.187099,0.068768,0.286289,0.219511,0.217447,0.149387,0.328053,0.174332,0.068642,0.270040,0.282477,0.168452,0.074448,0.264188,0.246182,0.174311,1.000000,0.187402,0.359275,0.366436,0.115796,0.135721,0.278880,0.137226,0.167416,0.063777,0.170459,0.087215,0.282340,0.106219,0.125387,0.356084,0.123555,0.031052,0.210605,0.075828,0.205135,0.282206,0.079042,0.306953,0.194532,0.114635,0.300522,0.126711,0.206162,0.173203,0.099537,0.240184,0.184134,0.235352,0.041918,-0.004891,0.155371,0.143886,0.252928,0.331075,0.244465,0.242108,0.153858,0.257712,0.115801,0.176177,0.143462,0.216448,0.241072,0.278639,0.275305,0.189718,0.268265,0.090204,0.213106,0.262566,0.189700,0.176813,0.195836,0.070385,0.248696,0.096477,0.280254,0.220561,0.138551,0.444409,0.138441,0.261359,-0.067361,0.114904,0.222010,0.263458,0.166755,0.022854,0.152431,0.268842,0.305775,0.067381,0.197984,0.325518,0.373275,0.204796,0.173772,0.130744,-0.043065,0.172773,0.183951,0.093070,0.313117,0.225814,0.230364,0.040454,-0.090279,0.192257,0.148960,0.169034,0.312860,0.121609,0.278708,0.128533,0.069108,0.015379,0.182316,0.125110,0.267771,0.113782,0.285389,0.387087,-0.011662,0.176417,0.229765,0.098105,0.185353,0.083222,0.211196,0.309336,0.175404,0.259696,0.271507,0.233031,0.325213,0.109827,0.301822,0.239040,0.196866,0.129895,0.181987,0.214652,0.193542,-0.021968,0.038252,0.089793,-0.014237,0.152778,-0.029350,-0.020845,0.263897,0.263024,0.164187,0.139196,0.082039,0.338235,0.315716,0.242092,0.305734,0.273495,0.145507,0.186778,0.221839,0.229765,0.291789,0.123172,0.158465,0.337423,0.097540,0.103202,0.097643,0.186335,0.030802,0.240944,0.174654,-0.053600,0.297691,0.053004,0.261917,0.281631,0.181664,0.016697,0.138084,0.154746,0.170021,0.274610,0.204139,0.241638,0.224182,0.260786,0.061765,0.334261,0.149485,0.172265,0.155312,0.215344,0.211920,#
18,0.261870,0.119734,0.138941,0.228813,0.172986,0.126946,0.185042,0.055537,0.136102,-0.079610,0.293361,0.141286,0.242528,0.203831,0.259861,0.200594,0.173707,0.187402,1.000000,0.216787,0.232016,0.165298,-0.019809,0.338833,0.197529,0.107331,0.167471,0.307238,0.092400,0.160136,0.139342,0.054254,0.266158,0.130161,0.218196,0.303542,0.268519,0.121726,0.160769,0.258417,0.136244,0.249468,0.206424,0.235362,0.104257,0.166349,0.116970,0.071932,0.062612,0.245793,0.247992,-0.021550,0.181601,0.186375,0.088189,0.180499,0.147817,0.122248,0.148774,0.022303,0.122121,0.093390,0.245442,0.158088,0.116556,0.240562,0.344072,0.325279,0.108225,-0.025547,0.019947,0.114797,0.087639,0.040418,0.106802,0.202736,0.073587,0.238603,0.244657,0.113657,0.291074,0.091473,0.193910,0.271873,0.239852,-0.030921,0.226136,0.071707,0.188000,0.135308,0.264541,0.083957,0.174154,0.290541,0.168257,0.332672,0.336984,0.156864,0.237965,0.229159,0.098006,0.205575,0.235421,0.150297,0.301965,0.282921,0.170476,0.180837,0.195101,0.194338,0.198781,0.323474,0.172210,0.091009,0.157679,0.181267,0.114487,-0.031568,0.194342,0.215280,0.127000,0.153757,0.142525,0.119370,0.192220,-0.035913,0.205745,0.105655,0.262750,0.226042,0.194176,0.273804,0.159832,0.126282,0.246078,-0.011606,0.169245,0.296643,0.026073,0.206242,0.217068,0.046514,0.238338,0.101759,0.182665,0.210916,0.012800,0.099392,0.141325,0.070438,0.130246,0.196595,0.137434,0.134076,0.171297,0.254889,0.256279,0.155931,-0.013947,0.320354,0.179086,0.249301,0.167329,0.183883,0.175733,0.178612,0.217308,0.146530,0.123301,0.231938,-0.029713,0.122702,0.240644,0.070236,0.012818,0.203511,0.244322,0.262877,0.301562,0.014385,0.165215,0.157512,0.310661,0.114080,0.197540,0.091968,0.308448,0.173108,0.085565,0.120642,0.174325,0.286010,0.287618,0.126900,0.167615,0.069484,0.035007,0.286833,0.330991,0.199423,#
19,0.311698,0.194428,0.173021,0.241897,0.323128,0.147574,0.134211,0.180125,0.209179,0.297755,0.251125,0.043729,0.403343,0.260829,0.417571,0.220529,0.264123,0.359275,0.216787,1.000000,0.226860,0.257683,0.166322,0.231501,0.012499,0.297165,0.258314,0.212139,0.199701,0.342091,0.047199,0.293359,0.252880,0.165198,0.206581,0.348775,0.093259,0.072312,0.362866,0.127507,0.280415,0.262745,0.116822,0.110232,0.106077,0.308754,0.288532,0.342030,0.107890,0.254896,0.270775,0.122114,0.091768,0.323721,0.223475,0.281825,0.221981,0.191210,0.241730,0.089096,0.302632,0.180275,0.227308,0.260068,0.351401,0.225787,0.216110,0.320256,0.181982,0.245374,0.192620,0.313844,0.241985,0.104791,0.274465,0.351835,0.082152,0.321842,0.367760,0.068335,0.371524,0.299305,0.210999,0.175821,0.434224,0.050394,0.158931,0.262590,0.220795,0.151340,0.103100,0.206712,0.270260,0.213503,0.172605,0.242903,0.353189,0.252016,0.032616,0.127929,0.197220,0.133015,0.274717,0.260868,0.334265,0.298325,0.196571,0.446025,0.126953,0.044523,0.184626,0.201703,0.274608,0.359810,0.257577,0.209775,0.265029,0.277053,0.219183,0.072227,0.417003,0.345968,0.232556,0.369106,0.447303,0.126581,0.272393,0.250120,-0.005127,0.254449,0.118713,0.074893,0.351146,0.111427,0.197392,0.212629,0.204610,0.373347,0.161633,0.237428,0.212005,0.283067,0.295195,0.174485,0.175607,0.241530,0.100318,0.288598,0.254285,0.024386,0.184123,0.181735,0.127100,0.343174,0.306279,0.075629,0.195147,0.133974,0.205147,0.129863,0.313037,0.343173,0.250604,0.244565,0.197803,0.195292,0.147611,0.153514,0.280307,0.124124,0.245476,0.216026,0.302374,0.187142,0.141183,0.116789,0.367639,0.298136,0.144754,0.147092,0.139045,0.315494,0.277379,0.239237,0.213960,0.212371,0.222073,0.240462,0.275166,0.204022,0.361877,0.242673,0.191220,0.197230,0.227200,0.138960,0.148967,0.190341,0.278024,0.393662,#
20,0.190274,0.136050,0.263445,0.270767,0.282657,0.250242,0.223551,0.118160,0.240169,0.104657,0.105880,0.072507,0.137661,0.227697,0.196503,0.091347,0.245842,0.366436,0.232016,0.226860,1.000000,0.202907,0.087629,0.258495,0.222194,0.254731,0.112639,0.140421,0.099403,0.196853,0.107037,0.119613,0.192447,0.136663,0.034642,0.148306,0.205941,0.147239,0.108007,0.197721,0.271036,0.363736,0.057435,0.062807,0.268521,0.304052,0.329821,0.135548,0.168607,0.213775,0.032917,0.182861,0.154026,0.237588,0.156675,0.174334,0.257313,0.231790,0.235114,0.016121,0.227786,0.086759,0.284952,0.158056,0.165221,0.171315,0.237758,0.228354,0.346687,0.231017,0.182738,0.231190,0.341288,0.215407,0.040877,0.057753,0.164937,0.320139,0.221536,0.137441,0.197017,0.201659,0.283541,0.089811,0.268873,0.133443,0.200892,0.207909,0.343196,0.196274,0.097909,0.252391,0.210370,0.302926,0.230298,0.220438,0.274252,0.271954,0.162750,0.030080,0.206742,0.038034,0.180398,0.169701,0.147949,0.199091,0.176943,0.182278,0.093845,0.161801,0.284573,0.269469,0.167708,0.247805,0.125028,0.300395,0.251111,0.091930,0.007166,0.167120,0.107727,0.260904,0.077784,0.110431,0.297789,0.079154,0.190771,0.275664,0.214534,0.230499,0.131571,0.222058,0.254184,-0.026547,0.292571,0.192376,0.382711,0.274843,0.215355,0.130592,0.230018,0.190304,0.148184,0.233316,0.288786,0.195777,-0.121598,0.232854,0.214130,0.177059,0.250005,0.152947,0.010453,0.168780,0.221059,0.180537,0.142766,0.045871,0.092379,0.424030,0.174061,0.324722,0.195986,0.268476,0.282484,0.142545,0.001786,0.274333,0.092062,0.080816,0.263682,0.086492,0.040065,0.083387,0.082456,0.350874,0.116801,0.164099,0.307102,0.183636,0.122167,0.176225,0.160089,0.277761,0.134063,-0.056108,0.272968,0.147745,0.232051,0.346256,0.156431,0.228354,0.190818,0.107641,0.258232,0.251303,0.188362,0.242834,0.166409,0.138642,#
21,0.218298,0.256052,0.353706,0.209788,0.186174,0.136104,0.109627,0.236229,0.170627,0.069587,0.181984,0.219723,0.111876,0.200342,0.114963,0.085446,0.140064,0.115796,0.165298,0.257683,0.202907,1.000000,0.059904,0.165625,0.154860,0.074242,0.205924,0.266073,0.199267,0.278298,0.133634,0.190711,0.143180,0.260666,0.005065,0.251579,0.304409,0.221127,0.335280,0.091603,0.153478,0.229155,0.099862,0.257401,0.156579,0.201544,0.253060,0.249165,0.043329,0.193465,0.225796,0.094969,0.138016,0.147469,0.139908,0.187650,0.188252,0.135956,0.027049,0.098117,0.164736,-0.034990,0.282766,0.170646,0.292050,0.207235,0.090002,0.175739,0.298728,0.354310,0.222845,0.113139,0.404797,0.327022,0.062990,0.128992,0.151075,0.186857,0.092246,0.127638,0.285120,0.180774,0.121014,-0.039581,0.267441,-0.076891,0.233213,0.080701,0.235650,0.285996,0.003478,0.146936,0.136524,0.141216,0.172958,0.190744,0.260990,0.221436,0.020082,0.213976,0.377131,0.082905,0.088422,0.149604,0.179603,0.230395,0.276930,0.191446,0.170389,0.063397,0.205612,0.173501,0.114295,0.215412,0.119471,0.307029,0.265838,0.115922,0.097984,0.212890,0.152818,0.264196,0.014010,0.330572,0.145375,-0.001493,0.203811,0.156590,0.097411,0.064864,0.101401,0.113049,0.279256,0.115265,0.200537,0.146638,0.344798,0.204149,0.102364,0.280932,0.181520,0.301813,0.198049,0.080355,0.230229,0.248886,0.103283,0.212953,0.214779,0.088056,0.022475,0.123332,0.103418,0.058123,0.268371,0.075545,0.020040,0.132656,0.094601,0.164350,0.299720,0.288715,0.182167,0.101214,0.247206,0.110352,0.014126,0.218405,0.051759,0.333539,0.125736,0.146040,0.282879,0.133504,0.009933,0.263887,0.259438,0.235901,0.092971,0.165973,0.141879,0.227927,0.060592,0.235105,-0.024104,0.109273,0.185888,0.220901,0.293325,0.188058,0.278252,0.078077,0.273690,0.079616,0.266525,0.258755,0.118247,0.238479,0.271101,0.227513,#
