0,1.000000,0.796144,0.808141,0.798587,0.762886,0.815614,0.795303,0.797297,0.809707,0.771408,0.793004,0.814590,0.767220,0.793441,0.800567,0.808734,0.834503,0.845453,0.815553,0.810598,0.817247,0.768200,0.828207,0.844210,0.753362,0.781172,0.792977,0.783703,0.771512,0.801545,0.778723,0.817076,0.800618,0.790505,0.813369,0.795158,0.776570,0.804186,0.806481,0.814592,0.818756,0.772950,0.836305,0.772797,0.809359,0.767201,0.798934,0.833101,0.802889,0.825535,0.802871,0.826814,0.807159,0.811417,0.829406,0.825534,0.811061,0.837674,0.793198,0.800783,0.815672,0.792619,0.815707,0.814233,0.813816,0.789941,0.834292,0.805293,0.800541,0.774738,0.778594,0.777954,0.841254,0.826345,0.798439,0.765423,0.838762,0.806831,0.811922,0.780725,0.822379,0.793354,0.811837,0.807939,0.823215,0.824324,0.821286,0.810024,0.782288,0.800809,0.776492,0.809550,0.810331,0.800696,0.798249,0.812595,0.794816,0.758899,0.812314,0.825711,0.810335,0.793211,0.815256,0.825395,0.783299,0.817826,0.798562,0.825344,0.804425,0.746318,0.794353,0.806956,0.795574,0.786790,0.805088,0.833500,0.794993,0.773179,0.777745,0.789169,0.754790,0.834080,0.823903,0.837386,0.823887,0.803319,0.780646,0.773667,0.751268,0.806222,0.801575,0.795702,0.802824,0.767172,0.814005,0.806474,0.794186,0.802090,0.763691,0.818519,0.796834,0.793273,0.763186,0.816886,0.802120,0.715926,0.782987,0.756623,0.813406,0.794435,0.793921,0.820891,0.787500,0.757371,0.803167,0.793313,0.826750,0.811792,0.829692,0.786422,0.823041,0.817853,0.802480,0.792350,0.773868,0.810347,0.798407,0.790336,0.815304,0.789934,0.797145,0.800536,0.803187,0.821065,0.801713,0.797512,0.831979,0.824158,0.791908,0.774947,0.783086,0.817763,0.774537,0.776952,0.783153,0.783935,0.761096,0.815613,0.786875,0.780292,0.790390,0.830308,0.797799,0.796171,0.797344,0.812483,0.780432,0.819375,0.803084,0.781148,#
1,0.796144,1.000000,0.785545,0.793347,0.771069,0.809490,0.774226,0.795517,0.817922,0.785686,0.801768,0.801340,0.767907,0.769483,0.763390,0.795419,0.777958,0.787687,0.779499,0.786834,0.790458,0.827104,0.803726,0.780459,0.775635,0.740227,0.778412,0.820073,0.753981,0.756961,0.806985,0.802778,0.790379,0.815024,0.747624,0.793193,0.756489,0.800808,0.815770,0.796141,0.796811,0.745981,0.792696,0.768140,0.770659,0.773684,0.821108,0.786368,0.817730,0.787888,0.784942,0.818165,0.807182,0.769614,0.825813,0.801493,0.774538,0.800378,0.782154,0.768178,0.776967,0.777270,0.750885,0.759387,0.794788,0.815319,0.821353,0.816914,0.795440,0.798433,0.788556,0.790615,0.845149,0.770113,0.791583,0.781586,0.781632,0.772033,0.804745,0.767411,0.805325,0.789698,0.801405,0.808199,0.819982,0.783614,0.790716,0.820543,0.798788,0.771993,0.758196,0.793567,0.788906,0.802857,0.781373,0.786459,0.775229,0.766855,0.778649,0.788622,0.805651,0.796717,0.774421,0.774471,0.746017,0.804864,0.774039,0.818556,0.787513,0.743503,0.774900,0.772469,0.765271,0.784301,0.778839,0.805021,0.794404,0.777534,0.756518,0.747935,0.769273,0.807191,0.789421,0.809355,0.774325,0.761514,0.784437,0.781428,0.799013,0.818324,0.763876,0.823654,0.763328,0.776701,0.821723,0.774182,0.797114,0.784087,0.774823,0.786353,0.807160,0.793561,0.778330,0.826488,0.802149,0.739323,0.760345,0.739613,0.819550,0.750482,0.826275,0.823898,0.778686,0.704943,0.810149,0.775867,0.796878,0.803555,0.755003,0.747457,0.773928,0.821585,0.795385,0.827991,0.776687,0.751410,0.788272,0.740721,0.762505,0.789253,0.793945,0.788285,0.777167,0.805822,0.791219,0.783452,0.792618,0.818602,0.761184,0.786614,0.782362,0.780139,0.780245,0.781540,0.785593,0.815134,0.769502,0.712362,0.789009,0.795180,0.810101,0.795135,0.773297,0.764159,0.788831,0.742142,0.763940,0.834513,0.763268,0.798415,#
2,0.808141,0.785545,1.000000,0.779327,0.778126,0.798342,0.778651,0.801786,0.800109,0.766021,0.793280,0.778741,0.738129,0.797632,0.773820,0.778457,0.768969,0.790149,0.764722,0.793331,0.790489,0.776518,0.772575,0.813872,0.753332,0.769319,0.824753,0.802302,0.794477,0.794957,0.791438,0.777389,0.785055,0.769277,0.773853,0.786460,0.780618,0.791695,0.823336,0.754667,0.782382,0.759338,0.804288,0.749223,0.771335,0.774576,0.823418,0.762631,0.763631,0.795052,0.775295,0.817074,0.809936,0.791673,0.831762,0.803880,0.796663,0.772179,0.789993,0.774712,0.839378,0.778824,0.762443,0.803995,0.802634,0.797650,0.786788,0.788835,0.787194,0.775198,0.801077,0.780862,0.810937,0.800301,0.810427,0.773160,0.782278,0.772632,0.781145,0.788131,0.817399,0.791339,0.810059,0.755771,0.835273,0.809512,0.786171,0.815579,0.754350,0.752449,0.775857,0.813675,0.819627,0.801321,0.794388,0.794693,0.773916,0.754216,0.816612,0.787002,0.792739,0.783199,0.771942,0.795805,0.731742,0.818049,0.815520,0.814524,0.784920,0.744903,0.795302,0.761889,0.814138,0.775684,0.759029,0.785907,0.773682,0.787035,0.757511,0.755162,0.759879,0.767412,0.760325,0.818482,0.788273,0.749389,0.785809,0.767778,0.766290,0.811281,0.789149,0.818796,0.813312,0.802955,0.806709,0.772018,0.789590,0.795479,0.796337,0.767905,0.773817,0.810527,0.724967,0.772573,0.791330,0.758155,0.744718,0.748979,0.776231,0.776343,0.804411,0.805012,0.794008,0.773856,0.784234,0.782308,0.790034,0.730370,0.786597,0.734630,0.732007,0.765555,0.803396,0.797075,0.759379,0.791032,0.799355,0.730689,0.765239,0.767657,0.795029,0.794668,0.795043,0.770084,0.799761,0.773189,0.759923,0.818966,0.755796,0.738656,0.764206,0.828091,0.744124,0.806480,0.766818,0.788951,0.752358,0.750359,0.781900,0.788600,0.787568,0.791929,0.831487,0.787834,0.780684,0.783679,0.737449,0.807665,0.776192,0.799884,#
3,0.798587,0.793347,0.779327,1.000000,0.784613,0.792570,0.781734,0.787261,0.832453,0.799880,0.791080,0.789869,0.776578,0.786804,0.776573,0.814365,0.798319,0.811890,0.832379,0.788091,0.794818,0.812212,0.804323,0.796462,0.793336,0.792413,0.806300,0.800795,0.782368,0.797398,0.793668,0.812885,0.819752,0.831495,0.760059,0.797449,0.761182,0.828025,0.773824,0.804209,0.795239,0.777528,0.809529,0.793751,0.785878,0.816948,0.793023,0.787749,0.797996,0.781640,0.810809,0.780535,0.808932,0.754436,0.799005,0.823835,0.788560,0.805088,0.818640,0.784732,0.788764,0.776057,0.757454,0.794957,0.843138,0.776456,0.782451,0.786469,0.738049,0.804325,0.776054,0.801171,0.825457,0.777764,0.777899,0.758599,0.781827,0.777681,0.779334,0.791718,0.828271,0.772275,0.820767,0.772798,0.812980,0.804255,0.804446,0.792016,0.772726,0.787415,0.796814,0.814748,0.813398,0.813659,0.796641,0.799950,0.761594,0.754071,0.796110,0.768399,0.767853,0.776481,0.773533,0.761885,0.803780,0.786040,0.793093,0.818276,0.770271,0.749240,0.792218,0.749553,0.773612,0.791238,0.782515,0.804765,0.760043,0.776961,0.769253,0.750497,0.753271,0.802700,0.793016,0.787200,0.771050,0.780703,0.800283,0.805131,0.765023,0.791189,0.785648,0.812677,0.768454,0.800952,0.814019,0.816341,0.807408,0.768915,0.745128,0.783964,0.762263,0.821357,0.788872,0.755697,0.775904,0.801712,0.771727,0.799756,0.792081,0.776653,0.788201,0.782282,0.762988,0.760140,0.801113,0.760413,0.808659,0.768095,0.806852,0.758418,0.769079,0.798271,0.770585,0.796632,0.763816,0.776906,0.799769,0.753657,0.795687,0.770229,0.785108,0.796598,0.779030,0.814189,0.774405,0.810991,0.809903,0.817208,0.773754,0.785693,0.740341,0.829635,0.754775,0.768743,0.762455,0.780138,0.764346,0.746405,0.782845,0.818682,0.794885,0.780987,0.779293,0.781674,0.791525,0.790237,0.772712,0.792880,0.758893,0.775729,#
4,0.762886,0.771069,0.778126,0.784613,1.000000,0.826087,0.775367,0.782245,0.773871,0.781955,0.759082,0.792592,0.743501,0.798815,0.757273,0.790515,0.795990,0.816857,0.784933,0.837823,0.812958,0.771225,0.774806,0.813296,0.748748,0.755968,0.790600,0.765839,0.783479,0.777241,0.812124,0.795434,0.816062,0.780268,0.751529,0.780353,0.785143,0.785715,0.797022,0.795580,0.784363,0.762280,0.774984,0.773111,0.781154,0.814153,0.812158,0.789639,0.791505,0.780388,0.788213,0.790790,0.799961,0.747909,0.821396,0.826840,0.775608,0.785674,0.809996,0.801820,0.756074,0.791709,0.760853,0.776155,0.814542,0.783150,0.779568,0.788472,0.762369,0.771402,0.789435,0.821677,0.812514,0.787967,0.778894,0.743255,0.769496,0.799731,0.791035,0.787287,0.786816,0.777840,0.814594,0.746773,0.817358,0.779032,0.779317,0.767615,0.774924,0.779315,0.770989,0.768457,0.786596,0.784531,0.773236,0.782747,0.774189,0.740746,0.746026,0.766373,0.798956,0.795795,0.794611,0.774496,0.761070,0.795256,0.776167,0.795021,0.788506,0.770801,0.758898,0.777502,0.798402,0.827452,0.758316,0.760565,0.788788,0.808199,0.738659,0.734728,0.736130,0.782026,0.810279,0.790492,0.787285,0.770163,0.762091,0.776900,0.818119,0.805979,0.829293,0.785397,0.783218,0.790939,0.828157,0.805760,0.764143,0.785978,0.769545,0.738040,0.744502,0.801876,0.795936,0.775178,0.782209,0.753865,0.785239,0.753780,0.773317,0.798491,0.791527,0.842545,0.779092,0.767551,0.838045,0.775274,0.826866,0.749946,0.783158,0.738480,0.762744,0.778156,0.814211,0.761744,0.739311,0.762906,0.754526,0.736437,0.792854,0.773186,0.755659,0.795167,0.814092,0.778322,0.815774,0.794517,0.805462,0.818879,0.763629,0.769215,0.774058,0.783428,0.790667,0.765085,0.798901,0.799680,0.716886,0.791483,0.772885,0.783813,0.750516,0.754518,0.755352,0.783391,0.783290,0.770157,0.781932,0.786525,0.799653,0.784173,#
5,0.815614,0.809490,0.798342,0.792570,0.826087,1.000000,0.763057,0.820724,0.814747,0.774687,0.787966,0.786900,0.755926,0.770370,0.777336,0.820415,0.792263,0.822796,0.764680,0.828060,0.798767,0.777486,0.800906,0.802815,0.774471,0.775725,0.837159,0.830469,0.786844,0.780756,0.837335,0.813606,0.822266,0.801944,0.753190,0.821513,0.782303,0.790830,0.804817,0.785255,0.826238,0.760290,0.781339,0.800750,0.814511,0.809053,0.830872,0.807645,0.821699,0.760865,0.813910,0.800170,0.798357,0.796874,0.791982,0.861374,0.806891,0.799471,0.858072,0.815668,0.772461,0.810413,0.788691,0.838158,0.824135,0.802287,0.779852,0.808965,0.797511,0.773516,0.803688,0.792258,0.845198,0.792262,0.779927,0.783347,0.815781,0.813087,0.801952,0.790289,0.838227,0.791157,0.823394,0.786906,0.794483,0.813225,0.820369,0.819185,0.798380,0.758890,0.757116,0.805916,0.836050,0.838126,0.780381,0.782487,0.782140,0.783269,0.830520,0.797390,0.814101,0.801299,0.831558,0.803936,0.777355,0.818430,0.794081,0.828492,0.774357,0.789093,0.781144,0.828735,0.789495,0.785596,0.769535,0.777530,0.816941,0.792419,0.740211,0.788191,0.740833,0.815985,0.808112,0.845082,0.765133,0.779840,0.822641,0.767230,0.773545,0.809863,0.845296,0.836123,0.827491,0.828539,0.817080,0.787986,0.815011,0.803903,0.776804,0.777109,0.772377,0.785631,0.790148,0.815115,0.850482,0.750292,0.761109,0.767879,0.811343,0.802568,0.820255,0.826385,0.780158,0.744080,0.789768,0.780367,0.836244,0.798658,0.811205,0.767337,0.790787,0.810666,0.821458,0.801807,0.796792,0.776729,0.760376,0.807088,0.794390,0.795101,0.848379,0.817406,0.801063,0.795380,0.797545,0.782712,0.792025,0.828189,0.809967,0.806091,0.819555,0.812423,0.800673,0.783004,0.803381,0.805107,0.772785,0.786995,0.786456,0.796233,0.778216,0.818036,0.783036,0.784706,0.764743,0.769984,0.765209,0.815854,0.806405,0.800576,#
6,0.795303,0.774226,0.778651,0.781734,0.775367,0.763057,1.000000,0.764691,0.798294,0.752325,0.770562,0.781277,0.771641,0.807416,0.721625,0.785035,0.793693,0.812363,0.776088,0.751853,0.818323,0.774055,0.744850,0.783401,0.777178,0.782995,0.766335,0.782933,0.759281,0.801965,0.779318,0.782775,0.794001,0.787683,0.760277,0.786541,0.759404,0.769594,0.770930,0.779171,0.783045,0.769219,0.796039,0.770154,0.813329,0.736467,0.795298,0.767150,0.827691,0.797601,0.784399,0.803074,0.803782,0.723257,0.819430,0.798315,0.789822,0.815617,0.814027,0.750561,0.802615,0.756061,0.763553,0.760703,0.832807,0.787060,0.815778,0.778891,0.778711,0.751922,0.784340,0.796954,0.802390,0.814971,0.765543,0.754046,0.791117,0.769084,0.792702,0.751857,0.813207,0.776644,0.780382,0.781283,0.771209,0.776017,0.778227,0.783252,0.784909,0.775523,0.751837,0.778684,0.753067,0.783586,0.760633,0.755553,0.796996,0.762348,0.773814,0.789043,0.776970,0.784890,0.805462,0.776271,0.744802,0.750025,0.802328,0.782529,0.773067,0.724542,0.748850,0.767053,0.736945,0.750922,0.752088,0.753192,0.794774,0.770163,0.743604,0.746499,0.761652,0.782104,0.776623,0.821943,0.785768,0.790978,0.755232,0.768577,0.726660,0.760708,0.782057,0.795486,0.766822,0.746831,0.791521,0.783801,0.785912,0.761084,0.794623,0.792206,0.780903,0.798140,0.740347,0.766110,0.766095,0.770353,0.769902,0.745396,0.777138,0.737903,0.800411,0.807994,0.745239,0.701364,0.771561,0.750298,0.808888,0.743257,0.772841,0.747048,0.766377,0.792412,0.767592,0.785007,0.772030,0.783224,0.790304,0.706484,0.767394,0.757562,0.795148,0.783459,0.742463,0.749236,0.788124,0.794054,0.767769,0.794474,0.766971,0.755590,0.773377,0.770928,0.784920,0.779976,0.758687,0.781478,0.722537,0.771398,0.739008,0.780403,0.755315,0.774847,0.756004,0.780271,0.782334,0.782642,0.779874,0.810526,0.774367,0.769604,#
7,0.797297,0.795517,0.801786,0.787261,0.782245,0.820724,0.764691,1.000000,0.852801,0.776794,0.790863,0.786342,0.773551,0.800586,0.798355,0.767996,0.802129,0.802682,0.784233,0.791074,0.799165,0.770396,0.833592,0.803531,0.790233,0.809225,0.804319,0.814735,0.790475,0.806694,0.761011,0.810102,0.783256,0.796383,0.753200,0.795818,0.793093,0.775720,0.811674,0.793221,0.796080,0.764434,0.797141,0.796707,0.800681,0.785691,0.811200,0.815263,0.790367,0.775853,0.826091,0.797661,0.809496,0.818591,0.805012,0.812168,0.781568,0.813885,0.800593,0.797225,0.763557,0.785273,0.785688,0.789719,0.817571,0.811425,0.809042,0.803959,0.812081,0.804600,0.798630,0.746207,0.849930,0.800432,0.805586,0.766817,0.798542,0.782124,0.797053,0.783195,0.831970,0.799295,0.810233,0.776030,0.804073,0.797279,0.830682,0.803898,0.775486,0.774928,0.761989,0.820692,0.801256,0.802295,0.809008,0.753820,0.795738,0.797069,0.807627,0.793573,0.804269,0.777863,0.800194,0.793158,0.764748,0.803727,0.778834,0.816221,0.777146,0.756277,0.823564,0.771667,0.801937,0.802815,0.776624,0.793871,0.780480,0.767209,0.740918,0.797631,0.773208,0.799515,0.790542,0.848174,0.832121,0.789154,0.800962,0.804683,0.754617,0.770470,0.794350,0.792309,0.819431,0.776599,0.827315,0.820831,0.790357,0.803900,0.770222,0.790420,0.776796,0.802852,0.797613,0.777094,0.806219,0.769864,0.785961,0.735334,0.815162,0.793647,0.781450,0.809379,0.803052,0.751711,0.779176,0.817503,0.811664,0.791211,0.816397,0.777490,0.793607,0.774339,0.834356,0.773523,0.765388,0.780185,0.808912,0.756713,0.771644,0.756372,0.834441,0.826423,0.791953,0.798985,0.801203,0.771654,0.788109,0.808551,0.776917,0.794527,0.794789,0.802213,0.769880,0.783397,0.776711,0.817553,0.750118,0.747356,0.789150,0.824239,0.802216,0.799623,0.773918,0.760967,0.791096,0.786871,0.771372,0.832527,0.800279,0.786904,#
8,0.809707,0.817922,0.800109,0.832453,0.773871,0.814747,0.798294,0.852801,1.000000,0.804948,0.779038,0.796970,0.788121,0.810439,0.796695,0.822704,0.787404,0.837606,0.786885,0.824275,0.801851,0.831588,0.824584,0.794861,0.774923,0.817341,0.808915,0.826429,0.798178,0.818840,0.792462,0.808083,0.801067,0.807608,0.766857,0.820096,0.793602,0.809310,0.800122,0.802624,0.798581,0.798681,0.842521,0.772459,0.798894,0.776422,0.797468,0.818180,0.818603,0.810892,0.830317,0.825129,0.778530,0.815913,0.816486,0.851239,0.798756,0.812738,0.801420,0.793062,0.809914,0.792940,0.831363,0.802995,0.837675,0.831901,0.814228,0.823754,0.816014,0.795800,0.800683,0.798419,0.850364,0.832446,0.805556,0.767654,0.801284,0.796384,0.796036,0.806540,0.836830,0.807636,0.804772,0.788247,0.820070,0.805481,0.789544,0.815162,0.769337,0.782932,0.787930,0.804093,0.809270,0.816953,0.818042,0.797974,0.799506,0.785046,0.821712,0.794570,0.822711,0.781444,0.812229,0.817549,0.777800,0.810191,0.809178,0.826376,0.772800,0.785712,0.786057,0.792457,0.803011,0.785182,0.799172,0.819847,0.785566,0.768247,0.779326,0.799425,0.771988,0.805819,0.811211,0.831767,0.794597,0.807072,0.793477,0.801087,0.774270,0.808339,0.779929,0.805135,0.824393,0.808090,0.854476,0.810571,0.798725,0.792134,0.771962,0.802937,0.774583,0.830103,0.828712,0.802320,0.809973,0.770328,0.792220,0.767135,0.826448,0.791469,0.801511,0.815399,0.782816,0.813733,0.808054,0.804414,0.828917,0.820381,0.823271,0.797520,0.787242,0.795249,0.837889,0.816447,0.788944,0.780087,0.795239,0.761831,0.811943,0.790223,0.828397,0.818577,0.799826,0.800689,0.825114,0.801574,0.787716,0.828693,0.790202,0.775828,0.796114,0.822784,0.765326,0.820776,0.799518,0.816865,0.791535,0.774197,0.796454,0.826993,0.830955,0.819044,0.824667,0.794567,0.799442,0.787456,0.774381,0.822043,0.806606,0.812691,#
9,0.771408,0.785686,0.766021,0.799880,0.781955,0.774687,0.752325,0.776794,0.804948,1.000000,0.778672,0.752885,0.775948,0.783642,0.801142,0.803745,0.791874,0.794639,0.798568,0.791368,0.820646,0.774457,0.793238,0.812434,0.747635,0.749530,0.773470,0.825628,0.753613,0.817696,0.767714,0.769013,0.788896,0.802970,0.773369,0.793832,0.760411,0.786448,0.798836,0.766379,0.807319,0.765581,0.775119,0.747611,0.802844,0.770846,0.782283,0.782076,0.770623,0.769443,0.766906,0.775865,0.762154,0.756132,0.785929,0.818803,0.771949,0.817209,0.791322,0.770596,0.779598,0.773375,0.779622,0.787388,0.794319,0.824447,0.798815,0.803770,0.792724,0.748250,0.797850,0.779384,0.801110,0.773586,0.774589,0.764585,0.758956,0.800684,0.783077,0.817276,0.802292,0.790410,0.779073,0.786826,0.811734,0.764883,0.764980,0.822219,0.759394,0.706137,0.754958,0.800083,0.805749,0.774815,0.800023,0.771674,0.780939,0.792820,0.790695,0.744184,0.783812,0.778097,0.820382,0.782042,0.792057,0.781106,0.781466,0.796176,0.792101,0.773645,0.804097,0.787972,0.818665,0.797276,0.744720,0.799744,0.722867,0.755948,0.724694,0.759393,0.750990,0.809545,0.805196,0.807055,0.782315,0.754618,0.780615,0.760002,0.793854,0.778153,0.768431,0.797974,0.784994,0.797386,0.805421,0.750323,0.769982,0.779463,0.741719,0.772020,0.743417,0.818289,0.798867,0.805948,0.781473,0.779390,0.773465,0.761291,0.775928,0.766790,0.762335,0.779149,0.771099,0.775284,0.805612,0.774670,0.794603,0.781210,0.778361,0.768186,0.783037,0.800306,0.795794,0.804484,0.790531,0.772488,0.753289,0.731823,0.806360,0.764530,0.817214,0.805552,0.772256,0.776571,0.803218,0.830720,0.765724,0.818482,0.769254,0.787138,0.778614,0.766382,0.778326,0.764653,0.768627,0.809441,0.719043,0.737324,0.822227,0.764608,0.791959,0.786125,0.768945,0.745521,0.763281,0.758229,0.770824,0.793369,0.762336,0.749923,#
10,0.793004,0.801768,0.793280,0.791080,0.759082,0.787966,0.770562,0.790863,0.779038,0.778672,1.000000,0.769422,0.730211,0.772842,0.742500,0.794747,0.791346,0.776180,0.785382,0.787606,0.792537,0.753016,0.790239,0.812329,0.734080,0.755713,0.783616,0.825508,0.756584,0.804413,0.764435,0.780376,0.795675,0.801547,0.773572,0.802403,0.771782,0.784796,0.793447,0.769572,0.803007,0.751113,0.781189,0.731512,0.789946,0.794590,0.826181,0.787968,0.804042,0.841150,0.770511,0.804938,0.795980,0.737453,0.801292,0.815831,0.783487,0.795793,0.776568,0.776845,0.788940,0.785882,0.805071,0.804699,0.815861,0.748162,0.811895,0.765555,0.785096,0.757705,0.787523,0.803316,0.834013,0.743037,0.773824,0.794835,0.778738,0.805857,0.779888,0.758481,0.847179,0.784282,0.783671,0.773668,0.801612,0.766146,0.792216,0.797171,0.769635,0.796934,0.745596,0.823682,0.817730,0.790629,0.769769,0.800998,0.756373,0.776964,0.803405,0.792600,0.772772,0.769779,0.786382,0.805528,0.819560,0.767524,0.787213,0.795077,0.754933,0.752094,0.768789,0.754440,0.795499,0.788076,0.754015,0.812241,0.754265,0.767544,0.762135,0.760720,0.761840,0.809917,0.740262,0.800072,0.742617,0.756426,0.801280,0.782277,0.786283,0.781616,0.757095,0.781972,0.762937,0.769499,0.816211,0.808056,0.765951,0.779345,0.763448,0.799204,0.809894,0.784057,0.739403,0.784242,0.761103,0.726840,0.749954,0.745095,0.794125,0.766505,0.781081,0.798608,0.786491,0.739888,0.790160,0.761053,0.826397,0.785310,0.773181,0.740941,0.801420,0.766720,0.791981,0.807212,0.779418,0.747894,0.798476,0.731367,0.799585,0.801759,0.794825,0.799166,0.733582,0.772797,0.800844,0.768385,0.767425,0.819409,0.743968,0.786058,0.749897,0.771873,0.795543,0.762672,0.758605,0.788084,0.729558,0.743398,0.737380,0.803891,0.798550,0.764995,0.780611,0.767377,0.787228,0.776683,0.756402,0.812792,0.774913,0.803062,#
11,0.814590,0.801340,0.778741,0.789869,0.792592,0.786900,0.781277,0.786342,0.796970,0.752885,0.769422,1.000000,0.784024,0.799033,0.771368,0.776184,0.791857,0.829663,0.811580,0.768089,0.785181,0.792761,0.796234,0.786561,0.768478,0.790536,0.768174,0.797559,0.787869,0.773929,0.790039,0.807302,0.815412,0.797097,0.754778,0.795874,0.819614,0.799334,0.773523,0.813209,0.797607,0.766435,0.806976,0.759429,0.785382,0.774852,0.835440,0.813457,0.797647,0.807875,0.782693,0.798215,0.807827,0.786418,0.812048,0.806003,0.741360,0.828676,0.785653,0.772035,0.774293,0.753334,0.814240,0.773161,0.817694,0.805126,0.804231,0.809418,0.814381,0.798025,0.803772,0.771976,0.827003,0.795221,0.801025,0.738659,0.823143,0.796314,0.774507,0.746534,0.806819,0.795452,0.812785,0.768138,0.821428,0.789270,0.757117,0.784676,0.769490,0.738698,0.775865,0.819994,0.801658,0.792346,0.783293,0.805252,0.776252,0.764663,0.789586,0.794055,0.776909,0.806776,0.814819,0.788637,0.789935,0.809513,0.784981,0.832064,0.801135,0.778671,0.817160,0.791391,0.803596,0.786729,0.727493,0.807537,0.782477,0.782285,0.749059,0.802320,0.735726,0.807933,0.795544,0.809100,0.791175,0.778374,0.798242,0.771987,0.787980,0.797547,0.793552,0.799572,0.804988,0.798706,0.813519,0.773236,0.789480,0.785942,0.774885,0.797662,0.776367,0.774801,0.770236,0.808952,0.817579,0.750247,0.796068,0.765855,0.791323,0.780934,0.795254,0.799792,0.770736,0.764517,0.817266,0.773057,0.834106,0.760350,0.802184,0.752462,0.785502,0.817867,0.807573,0.786283,0.802309,0.737058,0.812777,0.740010,0.798869,0.821921,0.802593,0.794148,0.801436,0.821627,0.789324,0.788251,0.780306,0.804161,0.761774,0.806886,0.787555,0.781089,0.811372,0.754943,0.799348,0.779966,0.735122,0.795923,0.772418,0.810829,0.806903,0.785709,0.806659,0.796616,0.784697,0.782271,0.776507,0.808436,0.770205,0.769720,#
12,0.767220,0.767907,0.738129,0.776578,0.743501,0.755926,0.771641,0.773551,0.788121,0.775948,0.730211,0.784024,1.000000,0.784850,0.786831,0.767450,0.790721,0.815091,0.804173,0.776113,0.783359,0.752385,0.789008,0.793474,0.740531,0.764809,0.764968,0.799166,0.778726,0.745761,0.740229,0.784170,0.787530,0.792005,0.754055,0.793319,0.772076,0.783760,0.768317,0.780347,0.729838,0.717409,0.769186,0.785894,0.786332,0.775880,0.801813,0.738996,0.783417,0.759517,0.816666,0.749941,0.760111,0.767652,0.817353,0.789252,0.743953,0.789605,0.757318,0.731168,0.747436,0.791652,0.745444,0.782371,0.822399,0.790753,0.769823,0.759419,0.797885,0.766222,0.771291,0.753172,0.815218,0.767143,0.801029,0.763350,0.786216,0.745573,0.767373,0.767770,0.795737,0.759491,0.775517,0.781408,0.748648,0.780037,0.752625,0.786329,0.768407,0.724767,0.749863,0.763969,0.781916,0.739677,0.758032,0.795250,0.824869,0.780001,0.760614,0.739369,0.733576,0.786380,0.792474,0.805886,0.733630,0.760915,0.749979,0.765406,0.766617,0.753566,0.787929,0.748991,0.771438,0.744096,0.796854,0.770005,0.760595,0.726969,0.759665,0.754369,0.738914,0.784351,0.774651,0.810724,0.783861,0.755614,0.768604,0.717033,0.724685,0.761981,0.749126,0.758617,0.735663,0.768345,0.782665,0.752728,0.773907,0.772024,0.760843,0.744446,0.779554,0.797148,0.762620,0.777766,0.758687,0.741137,0.761960,0.737563,0.780514,0.806059,0.764361,0.788103,0.772692,0.705308,0.761106,0.822992,0.803720,0.774560,0.789269,0.752839,0.766263,0.809129,0.803817,0.775343,0.815677,0.706767,0.776658,0.773774,0.736010,0.751198,0.792182,0.792075,0.760369,0.780007,0.756859,0.756428,0.804385,0.817543,0.757305,0.726594,0.760265,0.788571,0.782208,0.746261,0.715223,0.764611,0.723456,0.791106,0.762860,0.746600,0.757831,0.756389,0.759680,0.768297,0.742812,0.778737,0.752153,0.791368,0.789896,0.717337,#
13,0.793441,0.769483,0.797632,0.786804,0.798815,0.770370,0.807416,0.800586,0.810439,0.783642,0.772842,0.799033,0.784850,1.000000,0.778851,0.780390,0.786783,0.833776,0.810350,0.793726,0.815054,0.776968,0.820667,0.804695,0.765008,0.792016,0.775793,0.825034,0.802144,0.821870,0.756394,0.795868,0.822939,0.802761,0.748576,0.782578,0.784088,0.813789,0.791193,0.808966,0.837982,0.784100,0.812067,0.767951,0.839735,0.802110,0.806645,0.800186,0.825402,0.792000,0.806355,0.835446,0.791510,0.792902,0.823140,0.836116,0.789770,0.830642,0.810007,0.794460,0.801503,0.790553,0.788957,0.816058,0.840874,0.810321,0.814790,0.800209,0.824097,0.773746,0.783533,0.787928,0.797453,0.822249,0.813844,0.787775,0.795859,0.805777,0.824643,0.813372,0.822945,0.807428,0.826467,0.801066,0.797982,0.814031,0.775747,0.777572,0.811668,0.776472,0.763386,0.811395,0.817411,0.809142,0.812480,0.770776,0.792140,0.773533,0.791377,0.824638,0.801021,0.799767,0.813726,0.832614,0.778846,0.830503,0.793884,0.817393,0.791340,0.773864,0.796511,0.802920,0.821470,0.811244,0.798526,0.821253,0.756459,0.819043,0.792479,0.809812,0.794783,0.812621,0.790564,0.793043,0.789034,0.771050,0.795093,0.759281,0.777260,0.795258,0.775818,0.807057,0.794877,0.788119,0.842445,0.789172,0.795370,0.797558,0.819802,0.787117,0.748645,0.837986,0.828864,0.800154,0.767773,0.776364,0.801765,0.762184,0.812194,0.787710,0.796377,0.830806,0.778751,0.783795,0.793456,0.799283,0.827021,0.778239,0.827163,0.779454,0.802169,0.819299,0.800578,0.819552,0.797513,0.787945,0.803935,0.761812,0.815819,0.774392,0.812579,0.828839,0.816873,0.800599,0.842634,0.799564,0.801017,0.845079,0.803332,0.774204,0.779840,0.819701,0.804725,0.783504,0.818446,0.827606,0.764173,0.791212,0.747939,0.793620,0.804022,0.789164,0.809696,0.821728,0.814286,0.771839,0.799300,0.805146,0.806656,0.759186,#
14,0.800567,0.763390,0.773820,0.776573,0.757273,0.777336,0.721625,0.798355,0.796695,0.801142,0.742500,0.771368,0.786831,0.778851,1.000000,0.794480,0.784747,0.776484,0.784742,0.793928,0.788749,0.748070,0.786685,0.815194,0.755521,0.717571,0.787230,0.786154,0.780048,0.777757,0.774993,0.785173,0.782531,0.770739,0.780362,0.781189,0.742888,0.779996,0.787064,0.760816,0.762082,0.731478,0.795113,0.760171,0.787189,0.774192,0.781574,0.751113,0.735383,0.768311,0.771722,0.767573,0.755236,0.805760,0.789657,0.787299,0.763222,0.788286,0.790006,0.734934,0.771767,0.796400,0.770401,0.788209,0.785516,0.747843,0.776304,0.784068,0.776309,0.778843,0.755497,0.743336,0.796969,0.760283,0.802457,0.749359,0.796118,0.787864,0.763756,0.739193,0.803386,0.792127,0.798405,0.796217,0.782031,0.787667,0.759937,0.787836,0.767236,0.696543,0.716819,0.758957,0.805433,0.807535,0.795454,0.791724,0.826398,0.764279,0.780945,0.739432,0.782929,0.779725,0.806389,0.758812,0.784982,0.776730,0.750301,0.762676,0.745764,0.737612,0.779987,0.761136,0.790163,0.772705,0.742352,0.779806,0.747302,0.715848,0.737513,0.750264,0.769028,0.797157,0.775327,0.789061,0.799255,0.726456,0.766732,0.799099,0.729098,0.790457,0.752522,0.775756,0.759647,0.766532,0.802815,0.770420,0.764231,0.778793,0.754928,0.756397,0.746700,0.790817,0.752835,0.787129,0.746699,0.793256,0.774791,0.734945,0.777023,0.732377,0.781492,0.779068,0.742892,0.750287,0.803004,0.776176,0.796512,0.754678,0.755031,0.757133,0.770737,0.766150,0.792583,0.765890,0.748209,0.749382,0.764421,0.729903,0.757669,0.791242,0.773362,0.774904,0.783122,0.799805,0.781566,0.788824,0.788168,0.800796,0.758177,0.728970,0.773389,0.811384,0.766924,0.755819,0.771867,0.764191,0.746211,0.719646,0.742984,0.756944,0.738901,0.753668,0.794549,0.774653,0.762524,0.755782,0.757389,0.764024,0.762862,0.708226,#
15,0.808734,0.795419,0.778457,0.814365,0.790515,0.820415,0.785035,0.767996,0.822704,0.803745,0.794747,0.776184,0.767450,0.780390,0.794480,1.000000,0.807759,0.812952,0.790349,0.800473,0.777345,0.792996,0.797130,0.807297,0.768976,0.774429,0.773412,0.793930,0.769430,0.813372,0.787400,0.821690,0.795695,0.820079,0.751474,0.830254,0.801100,0.793441,0.803955,0.761804,0.771765,0.750600,0.782697,0.768370,0.821411,0.780514,0.798616,0.824584,0.816209,0.813476,0.772694,0.824899,0.786139,0.766140,0.809754,0.806001,0.789439,0.798086,0.799773,0.772096,0.807109,0.788676,0.776937,0.824020,0.801742,0.806553,0.791348,0.798302,0.773153,0.739700,0.802438,0.777369,0.794953,0.777731,0.797013,0.756410,0.795882,0.792856,0.793847,0.774171,0.835600,0.787375,0.770296,0.800545,0.827915,0.808619,0.760690,0.821877,0.764748,0.751067,0.750633,0.778442,0.790582,0.788355,0.763024,0.779129,0.796890,0.767438,0.766756,0.771755,0.816459,0.783857,0.819810,0.819997,0.776443,0.781409,0.797797,0.826422,0.750690,0.787396,0.746656,0.755498,0.791431,0.785029,0.747748,0.777927,0.774195,0.780917,0.755518,0.766035,0.759639,0.786490,0.791560,0.813951,0.776805,0.786506,0.807729,0.783379,0.779334,0.823403,0.753291,0.772862,0.759359,0.760771,0.815356,0.777990,0.767105,0.753767,0.761168,0.772430,0.762628,0.787478,0.774270,0.783623,0.785153,0.763266,0.759065,0.760764,0.795251,0.771787,0.799562,0.788050,0.802192,0.775550,0.796578,0.772644,0.852172,0.777442,0.791284,0.779241,0.772804,0.806784,0.823928,0.766223,0.793804,0.778594,0.788719,0.770527,0.824607,0.756296,0.773131,0.826766,0.738960,0.807933,0.786839,0.821848,0.793398,0.811649,0.775076,0.776131,0.782261,0.791071,0.765594,0.810692,0.775752,0.786436,0.706661,0.762102,0.738077,0.787814,0.761953,0.793383,0.794608,0.768991,0.769004,0.780012,0.799007,0.809996,0.797364,0.784158,#
16,0.834503,0.777958,0.768969,0.798319,0.795990,0.792263,0.793693,0.802129,0.787404,0.791874,0.791346,0.791857,0.790721,0.786783,0.784747,0.807759,1.000000,0.811991,0.798165,0.807458,0.845015,0.784656,0.755666,0.818305,0.761317,0.794061,0.808334,0.754995,0.772949,0.799166,0.784905,0.824204,0.816032,0.797857,0.775273,0.810077,0.817155,0.797473,0.796638,0.795461,0.777812,0.770225,0.793347,0.783035,0.790318,0.808877,0.782320,0.790882,0.805579,0.813852,0.777294,0.790148,0.819246,0.826929,0.816037,0.826944,0.731392,0.810948,0.803344,0.745606,0.793520,0.810041,0.788863,0.790111,0.810450,0.780299,0.800334,0.802615,0.819646,0.811047,0.777944,0.779946,0.830325,0.788801,0.794483,0.767446,0.788325,0.809980,0.783159,0.813209,0.838892,0.795349,0.795667,0.818442,0.821475,0.808409,0.806409,0.788128,0.802908,0.779534,0.753737,0.797074,0.818017,0.785082,0.810461,0.816654,0.806115,0.762031,0.814286,0.793122,0.776102,0.784247,0.805618,0.815738,0.762501,0.826814,0.825062,0.808703,0.814152,0.775381,0.803338,0.791985,0.808220,0.809586,0.787899,0.819168,0.819893,0.795062,0.756816,0.743371,0.778596,0.821164,0.802389,0.834303,0.826562,0.791704,0.790519,0.756405,0.771401,0.789783,0.808832,0.788021,0.795774,0.753879,0.838491,0.825938,0.782621,0.776352,0.767283,0.791102,0.774190,0.799981,0.798498,0.797830,0.771494,0.750002,0.792314,0.774793,0.796506,0.808728,0.760004,0.831450,0.754683,0.754995,0.831826,0.804974,0.822324,0.785361,0.791408,0.786487,0.777946,0.797152,0.824229,0.789900,0.789713,0.777940,0.805944,0.770483,0.798357,0.765877,0.797149,0.817102,0.777461,0.789098,0.796342,0.799986,0.769122,0.826859,0.793357,0.769990,0.760713,0.787053,0.796912,0.758158,0.792010,0.818552,0.775020,0.798298,0.782295,0.789526,0.816026,0.781010,0.795558,0.779180,0.772914,0.808015,0.795234,0.800904,0.786252,0.782034,#
17,0.845453,0.787687,0.790149,0.811890,0.816857,0.822796,0.812363,0.802682,0.837606,0.794639,0.776180,0.829663,0.815091,0.833776,0.776484,0.812952,0.811991,1.000000,0.797025,0.818838,0.828464,0.789797,0.816135,0.847250,0.810171,0.805589,0.827461,0.802135,0.786911,0.810589,0.814898,0.819269,0.814170,0.796539,0.785888,0.837555,0.788219,0.824809,0.826130,0.829854,0.835344,0.806996,0.834127,0.784109,0.814798,0.797419,0.819034,0.855760,0.836871,0.818856,0.828902,0.817817,0.813192,0.783472,0.828666,0.839727,0.799686,0.809632,0.819011,0.766225,0.796039,0.800922,0.780761,0.824619,0.833850,0.854183,0.840173,0.841240,0.815222,0.790340,0.798009,0.820008,0.816154,0.796986,0.800464,0.775248,0.825022,0.805849,0.813816,0.816848,0.831697,0.812602,0.829314,0.803590,0.808615,0.804558,0.828444,0.816790,0.797707,0.783144,0.789264,0.792554,0.841754,0.813193,0.800734,0.844428,0.817468,0.762191,0.782825,0.809010,0.825896,0.766251,0.819462,0.822267,0.777809,0.804859,0.815146,0.820844,0.787534,0.783991,0.805678,0.793479,0.797799,0.821394,0.802995,0.784431,0.772076,0.800139,0.776698,0.796946,0.783907,0.824471,0.814731,0.822273,0.817418,0.824270,0.803758,0.781685,0.776354,0.816814,0.834333,0.832112,0.824749,0.787318,0.815423,0.818092,0.820091,0.805495,0.821610,0.827257,0.805272,0.829531,0.844930,0.812456,0.815024,0.786835,0.795879,0.790035,0.816488,0.777482,0.823533,0.816054,0.788423,0.776128,0.833698,0.833288,0.867581,0.797596,0.833647,0.772797,0.794211,0.816191,0.838276,0.811768,0.811845,0.798586,0.777340,0.769968,0.840125,0.775551,0.844069,0.810540,0.810390,0.808824,0.831419,0.793096,0.819790,0.833549,0.784349,0.815026,0.808621,0.844744,0.806039,0.813669,0.816877,0.806985,0.788156,0.835562,0.781178,0.788967,0.799596,0.818531,0.829062,0.814075,0.825059,0.824052,0.783661,0.849147,0.799172,0.783787,#
18,0.815553,0.779499,0.764722,0.832379,0.784933,0.764680,0.776088,0.784233,0.786885,0.798568,0.785382,0.811580,0.804173,0.810350,0.784742,0.790349,0.798165,0.797025,1.000000,0.810404,0.801523,0.789296,0.803783,0.802624,0.759489,0.789943,0.784824,0.799014,0.777341,0.780050,0.737597,0.809202,0.811735,0.818521,0.792531,0.826001,0.787148,0.798517,0.786206,0.807119,0.806316,0.740298,0.798129,0.744049,0.827816,0.776526,0.801634,0.788158,0.782479,0.784172,0.774506,0.786960,0.811727,0.751684,0.818918,0.823855,0.773091,0.808208,0.783061,0.794308,0.800065,0.767504,0.798431,0.789746,0.840925,0.773642,0.794155,0.786062,0.759071,0.787983,0.794358,0.755892,0.812142,0.766087,0.819544,0.765417,0.819968,0.775138,0.792852,0.776680,0.794308,0.774765,0.806289,0.795997,0.813666,0.787809,0.785379,0.782557,0.789549,0.752911,0.787350,0.778513,0.806241,0.782783,0.803729,0.797870,0.802459,0.777805,0.797940,0.787961,0.796033,0.786148,0.807515,0.803299,0.803332,0.804081,0.786543,0.782809,0.780084,0.747426,0.814342,0.756755,0.826447,0.802828,0.739891,0.779962,0.777023,0.759060,0.770020,0.780584,0.766798,0.816953,0.778752,0.779790,0.784950,0.753966,0.786515,0.771783,0.800570,0.780315,0.768137,0.805218,0.770593,0.785232,0.810633,0.797676,0.806153,0.794089,0.758294,0.784688,0.754705,0.821808,0.798057,0.821666,0.764605,0.790293,0.775463,0.745065,0.783994,0.777823,0.773476,0.822754,0.778737,0.755894,0.799555,0.806697,0.814919,0.795683,0.789252,0.770579,0.806798,0.794027,0.827915,0.794992,0.787230,0.795304,0.825428,0.756414,0.787271,0.796414,0.774844,0.814367,0.794789,0.803923,0.758414,0.807584,0.804513,0.831183,0.778868,0.778589,0.767343,0.790037,0.787545,0.763835,0.781405,0.793327,0.792148,0.762009,0.765352,0.781980,0.790007,0.787974,0.774882,0.810901,0.801815,0.792336,0.756887,0.806225,0.798384,0.764257,#
19,0.810598,0.786834,0.793331,0.788091,0.837823,0.828060,0.751853,0.791074,0.824275,0.791368,0.787606,0.768089,0.776113,0.793726,0.793928,0.800473,0.807458,0.818838,0.810404,1.000000,0.800018,0.753560,0.796872,0.807072,0.764425,0.755871,0.805598,0.776372,0.787205,0.807530,0.807106,0.813766,0.791279,0.775493,0.751777,0.819759,0.772519,0.772505,0.800685,0.789180,0.807579,0.753286,0.797002,0.761537,0.790405,0.800650,0.835066,0.783807,0.804325,0.774335,0.768413,0.794580,0.783985,0.779387,0.803192,0.810921,0.801446,0.792169,0.798921,0.747454,0.790581,0.799897,0.818811,0.811732,0.830263,0.785199,0.790991,0.786548,0.770049,0.762048,0.792825,0.774682,0.812884,0.787516,0.793691,0.761554,0.776539,0.786453,0.807925,0.782206,0.821458,0.765570,0.824302,0.770592,0.789938,0.793843,0.780133,0.820430,0.796684,0.714400,0.766235,0.785981,0.814643,0.800685,0.782226,0.800908,0.808009,0.778573,0.769796,0.784711,0.788343,0.768112,0.798520,0.797900,0.783299,0.798429,0.794085,0.795184,0.764173,0.733504,0.760055,0.768643,0.806610,0.809068,0.778018,0.776089,0.793260,0.783248,0.753592,0.727729,0.766375,0.817127,0.783443,0.830217,0.816325,0.768293,0.796751,0.771197,0.808532,0.833678,0.795125,0.807384,0.790726,0.789337,0.840757,0.801889,0.788444,0.796429,0.761223,0.761829,0.748542,0.798436,0.796747,0.785711,0.770756,0.759458,0.753497,0.738335,0.808538,0.783300,0.784236,0.836315,0.778623,0.763909,0.815992,0.790414,0.837381,0.784019,0.802983,0.785314,0.793556,0.783901,0.806892,0.771693,0.789753,0.773054,0.767672,0.775334,0.803387,0.765838,0.789981,0.817690,0.807958,0.792337,0.806884,0.769998,0.799903,0.835014,0.786383,0.747660,0.739429,0.812762,0.802800,0.812086,0.811328,0.782456,0.746583,0.780108,0.781918,0.791669,0.805527,0.796242,0.782703,0.798130,0.789703,0.796025,0.746561,0.781368,0.800884,0.771196,#
20,0.817247,0.790458,0.790489,0.794818,0.812958,0.798767,0.818323,0.799165,0.801851,0.820646,0.792537,0.785181,0.783359,0.815054,0.788749,0.777345,0.845015,0.828464,0.801523,0.800018,1.000000,0.805248,0.772973,0.819486,0.772114,0.815864,0.815301,0.799695,0.783501,0.798804,0.774542,0.797567,0.804790,0.820039,0.802681,0.823880,0.813836,0.800081,0.835670,0.820741,0.806019,0.814077,0.788208,0.789580,0.826792,0.802752,0.830390,0.789720,0.785991,0.790471,0.800189,0.820940,0.786105,0.808345,0.830884,0.830033,0.790103,0.829396,0.806906,0.772834,0.818105,0.796441,0.815901,0.794168,0.826280,0.803330,0.821522,0.802260,0.815074,0.786202,0.812014,0.804157,0.801060,0.801792,0.802633,0.743542,0.779683,0.807294,0.801819,0.811255,0.828507,0.828897,0.826184,0.799179,0.796712,0.798128,0.820494,0.797736,0.806578,0.786835,0.794455,0.814151,0.816664,0.835112,0.835947,0.791338,0.777400,0.770480,0.817648,0.791443,0.816967,0.795467,0.827635,0.809505,0.802414,0.782505,0.815861,0.820611,0.788181,0.812272,0.811515,0.818784,0.797325,0.767954,0.804752,0.807905,0.811044,0.816798,0.749250,0.784624,0.796903,0.825545,0.796639,0.846205,0.794359,0.799581,0.780468,0.766678,0.811631,0.805761,0.821060,0.794851,0.811251,0.819579,0.832037,0.784686,0.783939,0.798828,0.792298,0.814294,0.781652,0.799779,0.796456,0.820506,0.804882,0.768432,0.791527,0.766119,0.786860,0.831412,0.818354,0.825522,0.783751,0.787097,0.822925,0.804899,0.808628,0.793873,0.801651,0.791818,0.784624,0.819426,0.811983,0.807720,0.818334,0.740868,0.768098,0.761507,0.802463,0.786232,0.815196,0.796911,0.819291,0.790535,0.795430,0.792757,0.775762,0.837436,0.809693,0.798195,0.776295,0.801802,0.787603,0.782938,0.784576,0.805683,0.777234,0.808272,0.776659,0.802466,0.773776,0.778177,0.799111,0.831718,0.795893,0.777331,0.800501,0.818669,0.823414,0.803852,#
21,0.768200,0.827104,0.776518,0.812212,0.771225,0.777486,0.774055,0.770396,0.831588,0.774457,0.753016,0.792761,0.752385,0.776968,0.748070,0.792996,0.784656,0.789797,0.789296,0.753560,0.805248,1.000000,0.779096,0.796438,0.740917,0.760281,0.792218,0.776631,0.768044,0.766883,0.773201,0.775771,0.796808,0.800502,0.773758,0.811720,0.792166,0.799674,0.797959,0.761331,0.779224,0.781741,0.768852,0.766398,0.795632,0.779203,0.782133,0.791890,0.787899,0.757715,0.765387,0.799196,0.760019,0.752714,0.819322,0.800656,0.774108,0.799900,0.798989,0.733531,0.790383,0.768246,0.758958,0.748370,0.824734,0.791353,0.788259,0.800125,0.791504,0.787983,0.794203,0.783298,0.816679,0.806551,0.813220,0.751355,0.773565,0.773327,0.783643,0.788189,0.788129,0.771539,0.794914,0.751913,0.818594,0.772474,0.777772,0.793138,0.790995,0.790172,0.733967,0.751896,0.789799,0.784113,0.796213,0.774581,0.789917,0.746958,0.761962,0.782751,0.799065,0.795440,0.783606,0.784391,0.747998,0.816467,0.764371,0.776592,0.757310,0.784521,0.801402,0.770382,0.779020,0.780834,0.735939,0.779829,0.804499,0.791228,0.726283,0.769892,0.749564,0.795944,0.783831,0.792644,0.769594,0.739338,0.774826,0.792304,0.766600,0.796482,0.796290,0.804279,0.786643,0.764960,0.810078,0.764539,0.757374,0.728444,0.754705,0.790342,0.791399,0.805210,0.765640,0.794217,0.775808,0.773261,0.786058,0.748350,0.783140,0.786144,0.795781,0.791708,0.757872,0.766748,0.801583,0.799982,0.797788,0.764896,0.762879,0.768069,0.777000,0.809588,0.810359,0.811677,0.812596,0.745620,0.779470,0.757228,0.750475,0.781654,0.791959,0.780102,0.764030,0.764415,0.768931,0.802460,0.735685,0.818701,0.754700,0.764322,0.764561,0.802843,0.755981,0.790264,0.766777,0.807179,0.758063,0.745677,0.735620,0.799240,0.787791,0.749294,0.780053,0.802144,0.800985,0.769186,0.784300,0.810547,0.756837,0.763670,#
