0,1.000000,0.593723,0.606692,0.600971,0.500220,0.610445,0.565826,0.578204,0.551866,0.570578,0.549727,0.609603,0.590031,0.507613,0.612325,0.531740,0.592721,0.607468,0.581163,0.572082,0.565438,0.536104,0.569303,0.596020,0.588489,0.575403,0.643409,0.578912,0.505824,0.542065,0.591437,0.523862,0.546420,0.492716,0.625712,0.576345,0.616144,0.602565,0.581102,0.657050,0.549259,0.576036,0.598442,0.626118,0.546140,0.545485,0.648508,0.606880,0.556388,0.649639,0.619181,0.509247,0.607162,0.618511,0.543904,0.639381,0.579583,0.600562,0.592394,0.618277,0.635702,0.508403,0.577927,0.582402,0.587516,0.621020,0.600232,0.659063,0.583104,0.542801,0.641249,0.582132,0.680221,0.552670,0.612624,0.587404,0.561507,0.591389,0.577744,0.580299,0.704056,0.613633,0.582729,0.609947,0.556967,0.648473,0.585172,0.499356,0.510912,0.605253,0.563799,0.554391,0.485029,0.612240,0.544281,0.619661,0.542865,0.539810,0.609713,0.603378,0.555159,0.583077,0.530114,0.576100,0.608507,0.480829,0.502142,0.606986,0.612323,0.610715,0.619979,0.544100,0.601782,0.490517,0.549246,0.677778,0.526173,0.536466,0.577402,0.552447,0.511403,0.658226,0.592718,0.652243,0.577158,0.582206,0.558809,0.571306,0.538047,0.538914,0.558734,0.579971,0.584716,0.558306,0.553938,0.537221,0.549101,0.644634,0.579418,0.560958,0.519334,0.587193,0.474128,0.623513,0.636073,0.563271,0.586125,0.490773,0.608192,0.581401,0.593510,0.487777,0.601803,0.493117,0.555193,0.529030,0.533920,0.608047,0.596480,0.606269,0.626062,0.681236,0.556962,0.556525,0.622344,0.634652,0.620343,0.498448,0.590804,0.615898,0.610444,0.552066,0.629244,0.632047,0.666999,0.471999,0.531257,0.586558,0.633514,0.593684,0.551993,0.625020,0.496013,0.495017,0.553375,0.554788,0.582400,0.578137,0.553217,0.619133,0.562529,0.598744,0.591247,0.565223,0.551535,0.544888,0.549590,0.593533,0.623291,0.597763,#
1,0.593723,1.000000,0.617061,0.651318,0.515702,0.646000,0.561538,0.532565,0.527614,0.564974,0.591576,0.527174,0.592614,0.581087,0.562282,0.564585,0.583620,0.550834,0.594376,0.557670,0.639410,0.673389,0.599337,0.648598,0.596814,0.484219,0.604944,0.579666,0.504448,0.497634,0.622110,0.622984,0.606116,0.562390,0.609583,0.654176,0.507873,0.618039,0.564365,0.609662,0.551795,0.531595,0.510417,0.608930,0.558602,0.620546,0.664065,0.604096,0.574276,0.636318,0.570583,0.559168,0.639235,0.590682,0.585867,0.625705,0.543662,0.589410,0.648874,0.578806,0.532564,0.558071,0.511344,0.503845,0.559887,0.577255,0.659446,0.615024,0.650153,0.597087,0.604922,0.626238,0.706564,0.515962,0.554385,0.569123,0.558962,0.610501,0.606710,0.566868,0.639739,0.625468,0.684186,0.594969,0.598909,0.577192,0.571439,0.525220,0.597447,0.606810,0.589415,0.524664,0.567063,0.613568,0.507363,0.550518,0.610950,0.539921,0.571107,0.617173,0.592604,0.644556,0.558476,0.613366,0.587138,0.537559,0.529746,0.633115,0.573327,0.541761,0.605512,0.616557,0.587057,0.508522,0.571488,0.579459,0.609424,0.658588,0.562113,0.532168,0.583234,0.610358,0.512282,0.644933,0.477132,0.523299,0.597463,0.558593,0.602140,0.623682,0.526651,0.634314,0.547782,0.616333,0.569706,0.547459,0.493244,0.519489,0.610884,0.518434,0.565930,0.529275,0.493484,0.577326,0.548200,0.579370,0.612134,0.506347,0.552520,0.567644,0.601059,0.596688,0.562096,0.563669,0.586189,0.509398,0.535476,0.623845,0.532563,0.572312,0.533370,0.644434,0.627427,0.604423,0.589034,0.570386,0.595240,0.593770,0.455250,0.583906,0.623845,0.496929,0.633408,0.622327,0.644087,0.489374,0.542268,0.638772,0.582153,0.604742,0.546083,0.551527,0.535294,0.473334,0.517765,0.611223,0.584355,0.494986,0.554885,0.538583,0.561570,0.571116,0.538375,0.627347,0.605042,0.542981,0.576379,0.572435,0.583336,0.575950,#
2,0.606692,0.617061,1.000000,0.575306,0.435933,0.622172,0.575208,0.570539,0.518675,0.564340,0.604827,0.527539,0.525020,0.530482,0.560479,0.529064,0.576412,0.608674,0.578632,0.593551,0.549343,0.594421,0.487966,0.572817,0.587250,0.511053,0.621280,0.579785,0.568365,0.538428,0.639006,0.575028,0.601675,0.574992,0.611373,0.612851,0.620111,0.584797,0.604520,0.624765,0.627210,0.592610,0.544260,0.526781,0.516366,0.601256,0.685808,0.566491,0.570740,0.705682,0.536332,0.512247,0.572805,0.618724,0.654179,0.591325,0.609496,0.587320,0.554291,0.590838,0.601687,0.608007,0.576803,0.607156,0.563234,0.550686,0.701613,0.534151,0.666733,0.600832,0.628285,0.614296,0.663234,0.596131,0.597357,0.612534,0.590003,0.661401,0.593643,0.657058,0.649491,0.640625,0.638851,0.623755,0.615934,0.639906,0.611176,0.634677,0.598914,0.554369,0.636062,0.606731,0.561083,0.574952,0.591853,0.602713,0.578485,0.577182,0.664958,0.571852,0.579019,0.527417,0.488675,0.597723,0.599696,0.615730,0.587358,0.578049,0.670291,0.595550,0.612450,0.541336,0.629304,0.496410,0.554799,0.567813,0.532723,0.580874,0.595237,0.539594,0.540667,0.622772,0.551248,0.590589,0.552820,0.592398,0.554853,0.567091,0.572577,0.626884,0.586289,0.687378,0.656024,0.644503,0.553135,0.569475,0.481862,0.546765,0.558614,0.504583,0.560989,0.529888,0.515695,0.564764,0.576251,0.664397,0.618527,0.554207,0.579565,0.532751,0.605229,0.538686,0.573253,0.589400,0.547221,0.579864,0.543401,0.561601,0.506997,0.552556,0.540586,0.492110,0.581081,0.589356,0.542093,0.636137,0.652757,0.542010,0.491918,0.564216,0.610618,0.523650,0.593885,0.558650,0.629859,0.519233,0.579026,0.601357,0.586442,0.580755,0.581751,0.634588,0.591897,0.607561,0.551362,0.536463,0.554863,0.570108,0.600063,0.553917,0.572628,0.599260,0.575335,0.620070,0.578259,0.620675,0.599781,0.628136,0.591852,0.572592,#
3,0.600971,0.651318,0.575306,1.000000,0.558887,0.592669,0.489907,0.532125,0.536980,0.558431,0.495572,0.547821,0.574265,0.536190,0.567153,0.509088,0.584536,0.536497,0.541027,0.534886,0.585587,0.605054,0.542200,0.518536,0.628890,0.591408,0.569154,0.587089,0.533745,0.497154,0.585478,0.598804,0.552646,0.567359,0.566013,0.557535,0.532465,0.602350,0.479531,0.626793,0.543684,0.552779,0.516338,0.536016,0.525414,0.604657,0.634912,0.601347,0.610117,0.601705,0.562280,0.490655,0.578469,0.535504,0.607107,0.571435,0.490716,0.546654,0.650008,0.602178,0.545905,0.535014,0.484522,0.552990,0.586510,0.612232,0.578687,0.562405,0.568241,0.568766,0.543359,0.576339,0.664635,0.554125,0.532815,0.552611,0.536099,0.560422,0.584068,0.606563,0.642338,0.544281,0.590191,0.594483,0.544225,0.577708,0.555144,0.537393,0.541615,0.557507,0.497800,0.541162,0.575068,0.580840,0.556730,0.584915,0.544045,0.514905,0.530571,0.605843,0.538238,0.551008,0.461305,0.515877,0.545933,0.510780,0.555756,0.602160,0.527081,0.538686,0.525507,0.587695,0.562826,0.518417,0.560076,0.615515,0.568170,0.560006,0.564831,0.502311,0.484438,0.526434,0.498386,0.602846,0.512871,0.558651,0.588310,0.545819,0.528607,0.571200,0.501534,0.599722,0.559439,0.590370,0.574492,0.558593,0.549743,0.520525,0.557032,0.522789,0.524015,0.512762,0.462302,0.521491,0.509282,0.615326,0.548148,0.517163,0.538150,0.452775,0.538053,0.500349,0.540155,0.531117,0.533439,0.495137,0.554477,0.582691,0.480605,0.589689,0.618094,0.636372,0.547740,0.650759,0.570256,0.581213,0.509802,0.487730,0.492010,0.557097,0.544724,0.510105,0.560106,0.574975,0.562666,0.521561,0.501922,0.538900,0.630022,0.564909,0.528657,0.597488,0.520820,0.525778,0.493062,0.564550,0.493191,0.460245,0.604168,0.572929,0.495530,0.545781,0.542485,0.521814,0.556216,0.530743,0.602668,0.589064,0.540393,0.583460,#
4,0.500220,0.515702,0.435933,0.558887,1.000000,0.571737,0.528788,0.438617,0.396485,0.494168,0.475901,0.487264,0.411358,0.455029,0.475557,0.495886,0.463353,0.518188,0.415004,0.514862,0.508642,0.531560,0.494738,0.548005,0.521472,0.422481,0.471441,0.489657,0.465585,0.451392,0.603400,0.467806,0.473221,0.419600,0.514931,0.534516,0.459894,0.507650,0.437961,0.609467,0.411819,0.459016,0.474499,0.515940,0.509521,0.470335,0.592991,0.484988,0.483229,0.525872,0.561783,0.433236,0.510241,0.379825,0.502973,0.542500,0.443803,0.513072,0.583365,0.513684,0.423085,0.494295,0.494452,0.454460,0.565799,0.617562,0.553400,0.480785,0.482555,0.468952,0.550287,0.533228,0.502677,0.441991,0.456561,0.524115,0.486059,0.509319,0.528496,0.487545,0.474892,0.503306,0.535251,0.449093,0.523990,0.466394,0.454043,0.469552,0.512842,0.561834,0.474083,0.393231,0.434090,0.511787,0.448194,0.507984,0.530646,0.416990,0.449065,0.452465,0.500532,0.593480,0.447589,0.492460,0.486675,0.385843,0.508110,0.482538,0.499004,0.532471,0.392271,0.517091,0.549327,0.548203,0.457762,0.493040,0.445318,0.602980,0.450685,0.418639,0.443076,0.479957,0.499847,0.520754,0.457511,0.507135,0.507336,0.431913,0.559196,0.522653,0.550834,0.525583,0.468353,0.480220,0.514612,0.490906,0.476129,0.527003,0.479281,0.435929,0.409786,0.543830,0.478585,0.522924,0.459446,0.506271,0.505114,0.399938,0.480020,0.470774,0.501817,0.552136,0.446832,0.378493,0.536510,0.451433,0.534863,0.543852,0.519133,0.467828,0.420945,0.565133,0.519576,0.518378,0.539697,0.503503,0.493589,0.427522,0.401615,0.485492,0.431263,0.491776,0.510079,0.511565,0.536231,0.434827,0.493755,0.533586,0.537917,0.562141,0.562466,0.500877,0.505372,0.435985,0.504674,0.533884,0.483319,0.521787,0.473949,0.495701,0.476146,0.414860,0.494604,0.499860,0.479969,0.364280,0.444675,0.534324,0.530680,0.460244,#
5,0.610445,0.646000,0.622172,0.592669,0.571737,1.000000,0.549632,0.536563,0.534204,0.552782,0.515110,0.514615,0.533140,0.528914,0.542522,0.522294,0.556960,0.552843,0.583793,0.627760,0.541256,0.539440,0.520403,0.566277,0.629666,0.591648,0.608167,0.602576,0.503240,0.542417,0.587610,0.563708,0.553125,0.584996,0.603154,0.601931,0.565258,0.552074,0.485425,0.625867,0.519281,0.547432,0.527666,0.561393,0.530347,0.571325,0.590384,0.629743,0.538575,0.625811,0.596850,0.461892,0.561110,0.529157,0.605347,0.666930,0.522855,0.538776,0.625388,0.592113,0.512698,0.507625,0.549179,0.566189,0.549278,0.575670,0.587269,0.546942,0.586281,0.588913,0.649392,0.597736,0.624628,0.527960,0.587031,0.553699,0.487412,0.622759,0.553425,0.549202,0.610108,0.555741,0.596512,0.560759,0.541607,0.538486,0.523849,0.512466,0.593560,0.528297,0.615019,0.512059,0.471726,0.614274,0.501316,0.469656,0.631114,0.553624,0.609677,0.505586,0.589413,0.574975,0.595028,0.595575,0.560796,0.488253,0.570293,0.598312,0.527622,0.583255,0.519523,0.564706,0.600815,0.483645,0.465684,0.526500,0.629017,0.630549,0.540601,0.527079,0.482514,0.584379,0.529536,0.633308,0.496907,0.573963,0.634834,0.485663,0.587666,0.539381,0.548505,0.633628,0.592992,0.593784,0.554362,0.470534,0.456976,0.556072,0.513121,0.492420,0.507306,0.480091,0.520157,0.554987,0.647833,0.571914,0.551303,0.556773,0.562234,0.586876,0.625664,0.558968,0.621855,0.521312,0.586758,0.507008,0.554124,0.545977,0.524381,0.534842,0.537277,0.631222,0.579345,0.558714,0.586605,0.548163,0.493266,0.561725,0.496606,0.560838,0.605125,0.569428,0.581072,0.569455,0.581091,0.515743,0.567102,0.588590,0.632676,0.623948,0.571203,0.533360,0.462812,0.489019,0.520359,0.571681,0.559541,0.584192,0.616526,0.599437,0.522879,0.597066,0.505867,0.614913,0.529135,0.515072,0.521798,0.625786,0.565531,0.579958,#
6,0.565826,0.561538,0.575208,0.489907,0.528788,0.549632,1.000000,0.482505,0.524231,0.606137,0.597380,0.577671,0.536182,0.552898,0.462420,0.681765,0.634560,0.632168,0.554292,0.519651,0.552780,0.540406,0.462854,0.543769,0.639748,0.569613,0.583677,0.561813,0.527089,0.521096,0.616414,0.606648,0.585340,0.566199,0.510215,0.585221,0.593108,0.568523,0.495536,0.586006,0.588590,0.576653,0.603787,0.611880,0.522092,0.506940,0.641524,0.625368,0.574500,0.663905,0.525302,0.476461,0.547554,0.461417,0.562999,0.547805,0.547761,0.596792,0.621519,0.522357,0.576353,0.609101,0.563455,0.494791,0.620463,0.578483,0.650054,0.593790,0.657582,0.521519,0.634437,0.649922,0.591561,0.531971,0.580712,0.544667,0.622555,0.677639,0.632399,0.566271,0.616222,0.598900,0.573519,0.656965,0.573227,0.513431,0.569984,0.535554,0.581875,0.551527,0.567833,0.533352,0.480544,0.613248,0.513701,0.582071,0.632373,0.536134,0.511527,0.528051,0.579674,0.595084,0.545029,0.572693,0.620154,0.484312,0.627347,0.605329,0.663081,0.540216,0.504849,0.539944,0.610741,0.560619,0.534217,0.614283,0.487102,0.601073,0.478255,0.573095,0.480832,0.596016,0.473466,0.603471,0.551990,0.501798,0.512884,0.529336,0.543356,0.552166,0.603757,0.607107,0.561639,0.555281,0.564839,0.509724,0.559093,0.529428,0.600949,0.602501,0.579261,0.538602,0.494446,0.568175,0.571135,0.619159,0.588555,0.563018,0.542225,0.542546,0.577881,0.582316,0.503614,0.496976,0.540133,0.505045,0.522254,0.503467,0.485649,0.611899,0.509220,0.559346,0.575755,0.574604,0.553788,0.608378,0.634353,0.463610,0.523911,0.574116,0.543391,0.604963,0.512374,0.536114,0.609186,0.608424,0.530563,0.578786,0.601525,0.579843,0.575455,0.541442,0.577449,0.510584,0.537470,0.531996,0.602087,0.551836,0.531546,0.554232,0.548352,0.585852,0.541153,0.579793,0.578042,0.602277,0.590768,0.574453,0.595384,0.563455,#
7,0.578204,0.532565,0.570539,0.532125,0.438617,0.536563,0.482505,1.000000,0.553980,0.491182,0.522151,0.441247,0.526347,0.494435,0.541543,0.480472,0.468503,0.577951,0.506720,0.541454,0.558046,0.501463,0.522815,0.509848,0.554256,0.554366,0.505215,0.443363,0.487447,0.512097,0.526038,0.492573,0.517780,0.491939,0.553471,0.583358,0.504833,0.556989,0.548318,0.592173,0.529605,0.556315,0.423415,0.513310,0.486558,0.518372,0.607673,0.594113,0.592606,0.561918,0.509232,0.506978,0.580492,0.503706,0.550657,0.517737,0.536055,0.505957,0.603379,0.618158,0.459836,0.528303,0.547933,0.514665,0.568018,0.562196,0.602089,0.511458,0.514902,0.421229,0.611470,0.496493,0.584175,0.539056,0.486564,0.503366,0.528293,0.542484,0.494200,0.494417,0.619229,0.526385,0.601366,0.550356,0.545227,0.558551,0.520005,0.522150,0.504565,0.554497,0.558580,0.518033,0.500407,0.532307,0.545102,0.567800,0.554644,0.590559,0.574775,0.502708,0.545044,0.498772,0.417208,0.457564,0.553800,0.473971,0.491260,0.569991,0.562088,0.477870,0.591040,0.494501,0.570014,0.454882,0.567996,0.540029,0.450558,0.504394,0.502271,0.565417,0.506541,0.534540,0.524318,0.528524,0.517241,0.538405,0.465580,0.528271,0.460674,0.563421,0.511052,0.605111,0.562159,0.457294,0.518419,0.549959,0.426934,0.598751,0.507800,0.464143,0.468743,0.473670,0.458147,0.512889,0.577847,0.548620,0.563834,0.455909,0.470034,0.521648,0.457409,0.542197,0.511050,0.473563,0.519340,0.557267,0.535270,0.563214,0.503775,0.497830,0.527320,0.510323,0.562888,0.502613,0.528682,0.544404,0.554634,0.440821,0.421140,0.478698,0.577685,0.516958,0.548535,0.606654,0.577891,0.429237,0.488276,0.476599,0.560568,0.571469,0.512057,0.534685,0.482388,0.501266,0.513595,0.520099,0.578997,0.462609,0.533914,0.547171,0.518174,0.528748,0.483263,0.491130,0.525842,0.493998,0.489020,0.604259,0.592320,0.488962,#
8,0.551866,0.527614,0.518675,0.536980,0.396485,0.534204,0.524231,0.553980,1.000000,0.501873,0.495022,0.555605,0.527427,0.525818,0.521188,0.552296,0.485088,0.527231,0.426256,0.554795,0.534206,0.549686,0.465963,0.543513,0.596305,0.507809,0.528399,0.429965,0.470963,0.492346,0.564159,0.521577,0.518728,0.469465,0.500736,0.676326,0.520066,0.546704,0.481754,0.532487,0.464626,0.450116,0.585700,0.570711,0.496049,0.456735,0.566630,0.520549,0.556635,0.575897,0.515892,0.491036,0.556586,0.491513,0.488338,0.548017,0.522638,0.504456,0.535057,0.491031,0.517653,0.549012,0.571333,0.552556,0.551638,0.565588,0.595829,0.572973,0.605306,0.480084,0.575798,0.576253,0.640514,0.481276,0.533338,0.491460,0.491426,0.565469,0.528793,0.526408,0.580071,0.536863,0.533456,0.529533,0.508030,0.493152,0.548356,0.539258,0.471012,0.437272,0.573349,0.528562,0.440541,0.496005,0.438258,0.511270,0.607095,0.571773,0.613737,0.552786,0.502066,0.447414,0.559696,0.564004,0.438738,0.509635,0.525566,0.516626,0.483027,0.581187,0.461336,0.498335,0.547121,0.441004,0.448480,0.551424,0.518293,0.498271,0.488684,0.542672,0.462212,0.517194,0.508111,0.594249,0.484710,0.519939,0.436299,0.485346,0.550178,0.577986,0.456051,0.623509,0.532155,0.465951,0.450758,0.551038,0.458187,0.502474,0.531716,0.470172,0.502810,0.457090,0.487362,0.409794,0.559944,0.501129,0.496397,0.546411,0.490661,0.544516,0.496208,0.565884,0.483204,0.590783,0.497733,0.465154,0.510023,0.581602,0.574318,0.479211,0.542034,0.499828,0.510246,0.475834,0.492128,0.524290,0.488303,0.530575,0.486174,0.461287,0.498364,0.533966,0.438293,0.541017,0.583480,0.446951,0.490415,0.520009,0.553723,0.529218,0.531665,0.541871,0.512991,0.458055,0.455462,0.427564,0.612644,0.472280,0.483676,0.567297,0.581706,0.553253,0.516816,0.551611,0.493586,0.443558,0.435765,0.538831,0.517628,0.606714,#
9,0.570578,0.564974,0.564340,0.558431,0.494168,0.552782,0.606137,0.491182,0.501873,1.000000,0.570495,0.509276,0.548764,0.558473,0.573729,0.546120,0.553328,0.607880,0.488417,0.496115,0.590859,0.522382,0.472920,0.546658,0.586545,0.484060,0.553884,0.583665,0.473008,0.548713,0.552709,0.557620,0.547475,0.532063,0.529606,0.566735,0.566910,0.530523,0.514028,0.614303,0.524276,0.555187,0.495014,0.526645,0.528782,0.534974,0.581282,0.591586,0.618836,0.619461,0.573034,0.435869,0.471357,0.488196,0.519089,0.560375,0.600571,0.612372,0.506506,0.583368,0.521998,0.553664,0.537914,0.486193,0.511688,0.597597,0.615339,0.560223,0.620840,0.488298,0.577667,0.584967,0.588868,0.514461,0.552586,0.565581,0.587673,0.643716,0.550417,0.595380,0.618482,0.596107,0.579300,0.644868,0.559297,0.557792,0.586233,0.575748,0.589285,0.601276,0.569002,0.462761,0.533120,0.538262,0.577893,0.534366,0.528793,0.526346,0.559035,0.561169,0.631677,0.602521,0.517132,0.575476,0.576573,0.475332,0.515426,0.645219,0.594347,0.585931,0.546298,0.598217,0.555476,0.523222,0.534111,0.629546,0.441461,0.586656,0.540262,0.564343,0.388997,0.577055,0.512664,0.569596,0.554187,0.514247,0.535921,0.512123,0.535719,0.513069,0.500929,0.601657,0.572679,0.518673,0.551318,0.481170,0.490943,0.542105,0.551720,0.521608,0.588003,0.576406,0.560516,0.616019,0.608466,0.669866,0.551420,0.550545,0.567829,0.515245,0.553302,0.547002,0.547739,0.537736,0.490599,0.510994,0.507085,0.615601,0.576136,0.596791,0.546733,0.582246,0.603899,0.574375,0.560475,0.608577,0.518787,0.553423,0.579685,0.549701,0.569110,0.552551,0.564826,0.500121,0.573550,0.600713,0.568976,0.596947,0.521910,0.621678,0.586904,0.586262,0.594932,0.441639,0.559933,0.554676,0.574761,0.560698,0.558448,0.512618,0.488745,0.544762,0.527239,0.530582,0.495137,0.533581,0.575147,0.584368,0.572430,0.506450,#
10,0.549727,0.591576,0.604827,0.495572,0.475901,0.515110,0.597380,0.522151,0.495022,0.570495,1.000000,0.550034,0.556720,0.540042,0.488991,0.569059,0.564702,0.556023,0.590566,0.525610,0.537345,0.532622,0.489410,0.607583,0.577190,0.525690,0.556838,0.580863,0.559403,0.513404,0.572534,0.498896,0.523588,0.550565,0.526400,0.586350,0.602669,0.553165,0.490836,0.545520,0.582682,0.500986,0.542338,0.517953,0.501947,0.566183,0.678672,0.583707,0.558350,0.639517,0.533045,0.550372,0.565504,0.478344,0.530542,0.614299,0.572115,0.654913,0.533643,0.596057,0.558410,0.572157,0.616183,0.558493,0.557542,0.525243,0.627818,0.551168,0.610670,0.478533,0.677912,0.636978,0.619153,0.447638,0.587194,0.614759,0.526186,0.610247,0.614137,0.499123,0.633698,0.532623,0.579329,0.555862,0.560482,0.530735,0.588203,0.507931,0.579420,0.644520,0.510899,0.569801,0.557089,0.497687,0.483963,0.568437,0.558803,0.594152,0.542563,0.549580,0.555365,0.524336,0.516757,0.591385,0.568990,0.532864,0.588381,0.531478,0.559079,0.581142,0.579320,0.511456,0.615032,0.543381,0.531861,0.587761,0.495713,0.579040,0.493134,0.522799,0.529279,0.614208,0.454803,0.565709,0.475070,0.482658,0.575092,0.511752,0.572489,0.605984,0.562931,0.605782,0.542403,0.574550,0.595242,0.602544,0.472376,0.552164,0.616661,0.548583,0.538527,0.541841,0.511585,0.607862,0.563883,0.607518,0.596587,0.550699,0.575116,0.595848,0.491572,0.512599,0.524547,0.505270,0.580806,0.492990,0.576633,0.595407,0.525539,0.512938,0.534123,0.523076,0.535257,0.581045,0.549377,0.564647,0.604518,0.503421,0.536768,0.576077,0.521909,0.624358,0.513505,0.544963,0.628781,0.551017,0.531565,0.543369,0.507066,0.603341,0.499701,0.516752,0.563627,0.493101,0.479853,0.547491,0.587405,0.542839,0.507358,0.557190,0.518580,0.518883,0.514504,0.638796,0.543638,0.505890,0.530333,0.592821,0.585827,0.603272,#
11,0.609603,0.527174,0.527539,0.547821,0.487264,0.514615,0.577671,0.441247,0.555605,0.509276,0.550034,1.000000,0.555396,0.575483,0.583341,0.565442,0.524289,0.571730,0.577754,0.541495,0.533672,0.547288,0.542403,0.578968,0.573468,0.532736,0.541408,0.532580,0.508945,0.464902,0.627175,0.592325,0.581190,0.571273,0.499169,0.598005,0.598019,0.618097,0.508979,0.550081,0.549055,0.490256,0.560965,0.529515,0.515618,0.447015,0.646894,0.575929,0.587614,0.616887,0.493681,0.439307,0.602004,0.523732,0.546432,0.557068,0.509537,0.618124,0.583048,0.660468,0.490739,0.527684,0.617433,0.514330,0.569228,0.514387,0.631714,0.628108,0.585642,0.574282,0.551597,0.559938,0.634810,0.512149,0.664739,0.600681,0.600586,0.619283,0.566088,0.488670,0.553774,0.535680,0.629340,0.581670,0.557880,0.523554,0.537905,0.542638,0.543940,0.513403,0.565151,0.512906,0.476812,0.577928,0.439375,0.568845,0.539093,0.552125,0.572367,0.555938,0.538505,0.579813,0.562097,0.543293,0.567076,0.488613,0.562081,0.561063,0.577838,0.564195,0.554214,0.605571,0.590519,0.506994,0.487062,0.560424,0.534860,0.557679,0.506387,0.579795,0.466802,0.527553,0.519014,0.671655,0.524914,0.473214,0.547015,0.567040,0.620243,0.587961,0.588136,0.565190,0.619527,0.559973,0.556540,0.591629,0.532511,0.591004,0.568074,0.568015,0.506728,0.444202,0.554519,0.587248,0.566188,0.567778,0.559176,0.490164,0.501183,0.479025,0.565452,0.496304,0.542672,0.602859,0.528008,0.481333,0.562420,0.544396,0.528056,0.560574,0.572174,0.585774,0.576460,0.579393,0.631515,0.591560,0.601816,0.523758,0.509375,0.573816,0.596103,0.534147,0.588406,0.613193,0.579535,0.513337,0.525118,0.490030,0.570263,0.570159,0.518198,0.539968,0.581072,0.450423,0.518947,0.459401,0.571220,0.541459,0.474611,0.513899,0.585169,0.592254,0.587288,0.531853,0.536824,0.517971,0.526172,0.599970,0.592697,0.539832,#
12,0.590031,0.592614,0.525020,0.574265,0.411358,0.533140,0.536182,0.526347,0.527427,0.548764,0.556720,0.555396,1.000000,0.535636,0.532522,0.516216,0.487480,0.520272,0.581263,0.479568,0.526649,0.503414,0.526211,0.558688,0.610253,0.535815,0.537068,0.537140,0.504247,0.467039,0.556938,0.480592,0.531039,0.561811,0.579407,0.593161,0.546208,0.548914,0.492625,0.533993,0.452307,0.448447,0.497832,0.566808,0.553424,0.551318,0.682837,0.575522,0.578071,0.648248,0.582225,0.400201,0.532742,0.562477,0.568237,0.577194,0.532038,0.490429,0.582099,0.544582,0.480323,0.564686,0.579868,0.505158,0.557623,0.560649,0.551036,0.548504,0.624537,0.544831,0.590033,0.603849,0.624153,0.537743,0.577919,0.559836,0.524693,0.631269,0.571862,0.594760,0.627981,0.573044,0.596400,0.528817,0.542313,0.563280,0.487096,0.556886,0.502466,0.536468,0.620752,0.477567,0.558899,0.559506,0.453038,0.580660,0.595692,0.453002,0.502694,0.492219,0.533820,0.562177,0.537932,0.526641,0.502762,0.483415,0.494641,0.578314,0.566722,0.538418,0.558333,0.588295,0.577192,0.459237,0.599501,0.578464,0.406163,0.500606,0.556893,0.560016,0.480433,0.598011,0.495578,0.624059,0.508269,0.584194,0.518896,0.496339,0.503672,0.557926,0.394835,0.512004,0.534359,0.516500,0.488188,0.490534,0.445578,0.521058,0.547868,0.454644,0.553855,0.467023,0.430745,0.576987,0.466950,0.554594,0.561802,0.508320,0.526744,0.571084,0.552606,0.459046,0.539675,0.473719,0.533959,0.556187,0.579173,0.662596,0.596496,0.499986,0.552456,0.595771,0.554300,0.506028,0.602608,0.501684,0.529682,0.586112,0.485085,0.552953,0.592373,0.457778,0.596668,0.525608,0.587924,0.476648,0.582028,0.565271,0.448135,0.499211,0.503713,0.582052,0.518816,0.420786,0.430350,0.495137,0.549792,0.516341,0.559703,0.516371,0.506514,0.513964,0.465564,0.504473,0.466756,0.555322,0.507965,0.575093,0.589441,0.518970,#
13,0.507613,0.581087,0.530482,0.536190,0.455029,0.528914,0.552898,0.494435,0.525818,0.558473,0.540042,0.575483,0.535636,1.000000,0.548596,0.500009,0.462137,0.588915,0.564336,0.521032,0.567990,0.506158,0.573063,0.535486,0.585109,0.553212,0.517441,0.554537,0.516021,0.568738,0.518587,0.514321,0.564479,0.574694,0.421451,0.554417,0.557781,0.600119,0.475564,0.600740,0.653085,0.532441,0.569181,0.503739,0.577563,0.575958,0.574377,0.579652,0.609579,0.599183,0.549816,0.528346,0.519311,0.494461,0.561276,0.587355,0.604857,0.601903,0.625662,0.597907,0.513051,0.592339,0.517307,0.519733,0.594344,0.597427,0.642325,0.633689,0.623587,0.508023,0.545049,0.570810,0.645111,0.554446,0.549736,0.556993,0.590372,0.594906,0.596131,0.555524,0.607464,0.567530,0.584068,0.650034,0.512014,0.612264,0.501788,0.538322,0.640072,0.522045,0.524255,0.604369,0.529412,0.576390,0.469730,0.529179,0.560086,0.521409,0.561089,0.567129,0.531853,0.555397,0.604051,0.569664,0.576765,0.547514,0.538168,0.607925,0.548486,0.547526,0.510387,0.558742,0.607817,0.505258,0.566433,0.597904,0.497014,0.568560,0.526996,0.511107,0.550086,0.539894,0.544544,0.551187,0.491017,0.517832,0.560376,0.517550,0.561108,0.567848,0.530233,0.515622,0.539715,0.576637,0.536984,0.553969,0.518840,0.578072,0.644915,0.490268,0.540956,0.530979,0.550282,0.562006,0.523340,0.581542,0.585755,0.528387,0.577636,0.496208,0.559926,0.505443,0.531422,0.538879,0.496637,0.469830,0.569688,0.538640,0.538164,0.539955,0.566454,0.581557,0.577729,0.568158,0.582413,0.570309,0.585024,0.536345,0.507342,0.552839,0.549150,0.577309,0.588859,0.606770,0.637920,0.552825,0.565568,0.535175,0.586110,0.585609,0.559862,0.535942,0.634273,0.488360,0.517465,0.559545,0.506033,0.517489,0.511013,0.567160,0.588451,0.553281,0.549792,0.597174,0.557929,0.511549,0.526544,0.646454,0.586156,0.525049,#
14,0.612325,0.562282,0.560479,0.567153,0.475557,0.542522,0.462420,0.541543,0.521188,0.573729,0.488991,0.583341,0.532522,0.548596,1.000000,0.488358,0.495449,0.565728,0.450512,0.561006,0.500289,0.563396,0.545223,0.624096,0.561871,0.474966,0.539060,0.561610,0.479995,0.498219,0.658980,0.488071,0.539165,0.506052,0.590373,0.587347,0.547430,0.572529,0.579808,0.510388,0.536166,0.535350,0.482771,0.522054,0.496918,0.572351,0.627430,0.499928,0.561361,0.556324,0.505689,0.522286,0.533390,0.514558,0.550194,0.564234,0.566416,0.528082,0.594784,0.513163,0.508857,0.528237,0.568623,0.496314,0.519676,0.508371,0.583855,0.527827,0.595468,0.509994,0.573488,0.518861,0.648441,0.523962,0.586732,0.573489,0.514522,0.567541,0.487921,0.509246,0.583469,0.529101,0.621284,0.606921,0.528546,0.529661,0.492324,0.531853,0.561036,0.521877,0.546233,0.468133,0.539533,0.626752,0.548061,0.515354,0.513890,0.529439,0.529661,0.520446,0.514532,0.572949,0.523504,0.505414,0.534715,0.495444,0.529391,0.488616,0.628529,0.579446,0.512056,0.571467,0.606625,0.484072,0.443617,0.514848,0.433830,0.474326,0.507555,0.571041,0.517289,0.505992,0.520681,0.577799,0.523499,0.435477,0.515530,0.533193,0.490465,0.523897,0.490051,0.606799,0.515874,0.506646,0.541002,0.509882,0.548289,0.541628,0.526706,0.517793,0.538343,0.531809,0.465540,0.635229,0.551324,0.616303,0.598131,0.460518,0.526551,0.473770,0.615265,0.469108,0.560971,0.493413,0.514289,0.465268,0.497564,0.528025,0.478987,0.567722,0.549919,0.546104,0.539850,0.490559,0.610551,0.567341,0.483192,0.506377,0.454611,0.533642,0.519602,0.447910,0.538981,0.558195,0.576236,0.482308,0.467632,0.533559,0.549332,0.575583,0.538634,0.534562,0.553623,0.476011,0.528949,0.538948,0.559422,0.505969,0.538671,0.502220,0.533453,0.552855,0.523394,0.494881,0.448458,0.463970,0.525613,0.585174,0.488322,0.423218,#
15,0.531740,0.564585,0.529064,0.509088,0.495886,0.522294,0.681765,0.480472,0.552296,0.546120,0.569059,0.565442,0.516216,0.500009,0.488358,1.000000,0.564680,0.585846,0.551753,0.509340,0.499302,0.552077,0.456801,0.583874,0.591788,0.519622,0.481243,0.525030,0.501708,0.385367,0.619250,0.577055,0.590738,0.639741,0.500427,0.598080,0.547891,0.592768,0.470729,0.517119,0.502573,0.453977,0.530413,0.546344,0.522891,0.524393,0.636431,0.546328,0.579536,0.606039,0.521672,0.498685,0.509229,0.525191,0.510734,0.556827,0.569361,0.556400,0.554710,0.558327,0.568115,0.553600,0.553064,0.521445,0.562953,0.514279,0.575412,0.588545,0.570118,0.474342,0.598131,0.569872,0.550541,0.508898,0.543161,0.518269,0.530613,0.575654,0.605180,0.525997,0.532063,0.537953,0.590803,0.590869,0.539260,0.528635,0.491606,0.500952,0.520170,0.458620,0.503909,0.547125,0.497716,0.575347,0.423575,0.526693,0.558902,0.549409,0.532939,0.525890,0.543770,0.592899,0.542667,0.575098,0.576474,0.456182,0.546046,0.569452,0.560820,0.571474,0.460880,0.487315,0.626823,0.481158,0.556935,0.556372,0.443689,0.503254,0.464127,0.579645,0.422547,0.605602,0.480012,0.577478,0.493223,0.511207,0.535907,0.510011,0.568885,0.601137,0.592484,0.588862,0.487627,0.466396,0.548070,0.548749,0.531815,0.490391,0.494566,0.542234,0.540866,0.476414,0.504181,0.575430,0.567965,0.577552,0.532167,0.498537,0.528981,0.520037,0.569835,0.617696,0.539283,0.515581,0.531941,0.499417,0.516965,0.524641,0.568743,0.534156,0.488344,0.545140,0.585032,0.603084,0.525059,0.551818,0.545997,0.482616,0.512756,0.587412,0.494800,0.583284,0.497946,0.625178,0.577495,0.558676,0.520706,0.522976,0.567341,0.574782,0.552565,0.521941,0.520267,0.496308,0.569846,0.457593,0.526397,0.468103,0.539035,0.559853,0.494434,0.582388,0.481183,0.549940,0.494376,0.546092,0.511314,0.521929,0.610912,0.525755,#
16,0.592721,0.583620,0.576412,0.584536,0.463353,0.556960,0.634560,0.468503,0.485088,0.553328,0.564702,0.524289,0.487480,0.462137,0.495449,0.564680,1.000000,0.574222,0.632253,0.574734,0.633002,0.418448,0.486916,0.536556,0.568768,0.565456,0.545733,0.518206,0.433312,0.491274,0.636282,0.591918,0.557886,0.475030,0.566252,0.568502,0.586385,0.620087,0.510030,0.604533,0.502023,0.506102,0.518406,0.503063,0.521738,0.543155,0.614562,0.548770,0.530776,0.618498,0.528033,0.489907,0.527285,0.518546,0.540928,0.626243,0.490671,0.567036,0.539272,0.525894,0.556897,0.572800,0.550262,0.505376,0.546532,0.541484,0.623931,0.603610,0.605584,0.542419,0.628883,0.559481,0.592793,0.485279,0.570237,0.519037,0.525982,0.599271,0.525104,0.583487,0.676253,0.550363,0.588966,0.589132,0.540794,0.547914,0.527181,0.470381,0.513389,0.534343,0.429386,0.512158,0.530131,0.502443,0.506838,0.592749,0.519207,0.534802,0.558537,0.544605,0.567414,0.584398,0.535102,0.583709,0.558058,0.468643,0.576244,0.540755,0.672906,0.566746,0.509776,0.535861,0.579277,0.531740,0.542788,0.599934,0.597176,0.546851,0.481762,0.430519,0.387742,0.512602,0.504382,0.570164,0.569865,0.501877,0.534544,0.452861,0.524573,0.494130,0.599946,0.567559,0.572787,0.539309,0.521508,0.589590,0.498295,0.497624,0.548019,0.492732,0.500106,0.529306,0.541740,0.519318,0.507845,0.561714,0.583386,0.539878,0.537108,0.465891,0.537576,0.525223,0.429776,0.505195,0.574663,0.491291,0.460693,0.533742,0.476422,0.535233,0.563692,0.493574,0.613637,0.530221,0.622372,0.592892,0.547980,0.503616,0.515615,0.587567,0.465375,0.575602,0.540951,0.591758,0.561921,0.515949,0.494279,0.615653,0.585366,0.586218,0.558738,0.512503,0.506535,0.510501,0.448491,0.478739,0.555269,0.524345,0.579095,0.549256,0.541951,0.571552,0.538671,0.556208,0.581739,0.603731,0.585186,0.583464,0.548063,0.565107,#
17,0.607468,0.550834,0.608674,0.536497,0.518188,0.552843,0.632168,0.577951,0.527231,0.607880,0.556023,0.571730,0.520272,0.588915,0.565728,0.585846,0.574222,1.000000,0.554659,0.603641,0.559424,0.524974,0.526488,0.518828,0.669737,0.568884,0.556400,0.540495,0.502962,0.507552,0.627558,0.601457,0.519519,0.490934,0.472718,0.513841,0.559425,0.658270,0.570109,0.623460,0.582627,0.551499,0.509342,0.549918,0.529314,0.573783,0.638689,0.613472,0.599303,0.627995,0.534318,0.447563,0.573944,0.496503,0.576723,0.583441,0.576106,0.564831,0.581369,0.597053,0.543386,0.534080,0.625223,0.508733,0.532560,0.559172,0.700521,0.567974,0.597068,0.477939,0.636188,0.552720,0.595073,0.581623,0.617362,0.532748,0.565891,0.653715,0.593683,0.577061,0.632039,0.613967,0.630060,0.664563,0.513845,0.537745,0.588418,0.537680,0.542590,0.573645,0.550701,0.511114,0.550090,0.566978,0.548022,0.590899,0.556774,0.502889,0.587801,0.619794,0.539540,0.539141,0.514739,0.514970,0.549311,0.508400,0.551843,0.569365,0.567547,0.616364,0.566504,0.492109,0.619198,0.544208,0.611376,0.580475,0.469983,0.542507,0.553745,0.585450,0.515238,0.556548,0.505010,0.559726,0.530411,0.527028,0.523215,0.591162,0.541609,0.557921,0.572912,0.641402,0.616336,0.536126,0.559474,0.556700,0.570138,0.546199,0.533501,0.575716,0.535587,0.532721,0.578315,0.600066,0.625068,0.577631,0.543768,0.499042,0.556560,0.534543,0.604554,0.543270,0.531925,0.565305,0.535331,0.539749,0.604972,0.519557,0.542129,0.578950,0.540001,0.549938,0.609141,0.524035,0.576693,0.554955,0.512886,0.445396,0.533949,0.552466,0.561699,0.548136,0.590850,0.540522,0.633037,0.512454,0.560594,0.592511,0.584328,0.635831,0.593413,0.583364,0.553858,0.525928,0.538514,0.485620,0.589853,0.572321,0.506603,0.531372,0.544893,0.592543,0.512695,0.552973,0.483754,0.581231,0.566987,0.568200,0.604358,0.473001,#
18,0.581163,0.594376,0.578632,0.541027,0.415004,0.583793,0.554292,0.506720,0.426256,0.488417,0.590566,0.577754,0.581263,0.564336,0.450512,0.551753,0.632253,0.554659,1.000000,0.536669,0.538421,0.551558,0.499758,0.508169,0.543049,0.546097,0.584370,0.514039,0.487437,0.540433,0.527933,0.583219,0.568943,0.559359,0.557412,0.616398,0.554711,0.628568,0.538865,0.595569,0.568974,0.514450,0.581954,0.465583,0.554534,0.564760,0.624627,0.649262,0.588872,0.576795,0.516352,0.477351,0.580144,0.475441,0.574208,0.592289,0.549840,0.520422,0.565451,0.634082,0.558413,0.579219,0.525833,0.529149,0.591842,0.510884,0.599690,0.539354,0.552293,0.575908,0.627941,0.546077,0.595722,0.504032,0.606961,0.518152,0.516648,0.600047,0.545807,0.500012,0.619732,0.522625,0.585096,0.587319,0.610059,0.634869,0.449917,0.547630,0.588322,0.518197,0.519974,0.501522,0.535385,0.563193,0.528128,0.560996,0.542761,0.550483,0.604712,0.532082,0.538538,0.531079,0.541760,0.553057,0.559752,0.554957,0.502087,0.606781,0.601374,0.589509,0.588141,0.524696,0.592727,0.479591,0.509630,0.581600,0.535607,0.521061,0.567171,0.525894,0.521505,0.529736,0.466299,0.585396,0.569834,0.471030,0.626845,0.507705,0.567042,0.526652,0.524129,0.586140,0.592834,0.510580,0.510860,0.541639,0.548011,0.550340,0.592489,0.515228,0.496291,0.547149,0.486524,0.574247,0.588339,0.560310,0.556374,0.509088,0.591195,0.501188,0.527033,0.462335,0.570495,0.496054,0.586776,0.602583,0.530431,0.559280,0.460362,0.468839,0.620478,0.604532,0.619649,0.544370,0.576348,0.537091,0.625551,0.467447,0.454861,0.576123,0.551926,0.559401,0.558821,0.619361,0.586113,0.526276,0.499179,0.552654,0.579260,0.576818,0.546215,0.552771,0.526109,0.461743,0.502665,0.494134,0.538226,0.524475,0.517941,0.563506,0.516110,0.619623,0.498939,0.619779,0.568717,0.534282,0.518063,0.645466,0.567019,0.572859,#
19,0.572082,0.557670,0.593551,0.534886,0.514862,0.627760,0.519651,0.541454,0.554795,0.496115,0.525610,0.541495,0.479568,0.521032,0.561006,0.509340,0.574734,0.603641,0.536669,1.000000,0.565727,0.482083,0.454967,0.538483,0.596208,0.539953,0.541475,0.529577,0.430841,0.518036,0.604070,0.622610,0.588449,0.514434,0.530926,0.644198,0.559091,0.604576,0.559137,0.575627,0.561413,0.547089,0.500210,0.527867,0.488616,0.575698,0.642256,0.551613,0.582287,0.586366,0.536033,0.456214,0.587424,0.518724,0.549293,0.545469,0.547855,0.545937,0.547475,0.522727,0.488675,0.508395,0.596530,0.542988,0.551652,0.560988,0.634805,0.542190,0.641647,0.541489,0.587255,0.538373,0.593306,0.497213,0.551638,0.521854,0.493656,0.587766,0.503684,0.490294,0.661680,0.499469,0.617328,0.566449,0.548239,0.501950,0.505571,0.528047,0.628786,0.526643,0.531453,0.517514,0.442867,0.557089,0.492573,0.496022,0.531987,0.581195,0.545805,0.594205,0.534748,0.528846,0.540473,0.547845,0.555107,0.425562,0.543010,0.504241,0.549267,0.522421,0.529399,0.471192,0.578148,0.475640,0.507564,0.518293,0.544151,0.544479,0.579263,0.472285,0.536001,0.504715,0.493900,0.646664,0.511600,0.527422,0.507454,0.526832,0.604044,0.573271,0.599073,0.652577,0.588547,0.561861,0.479527,0.567932,0.446999,0.548637,0.525883,0.472800,0.531432,0.523901,0.450031,0.505874,0.563282,0.528328,0.493067,0.464913,0.575053,0.502941,0.521875,0.496338,0.510973,0.538863,0.595666,0.473920,0.610845,0.533652,0.528640,0.528229,0.540007,0.581719,0.511994,0.584684,0.644763,0.598360,0.500308,0.537338,0.479703,0.510308,0.508346,0.607352,0.585228,0.575186,0.617829,0.432178,0.546489,0.562326,0.592605,0.533388,0.513504,0.555629,0.579162,0.499215,0.502295,0.472435,0.489593,0.530517,0.524897,0.589920,0.551536,0.562625,0.481460,0.562325,0.544055,0.511715,0.551590,0.531768,0.556749,0.484470,#
20,0.565438,0.639410,0.549343,0.585587,0.508642,0.541256,0.552780,0.558046,0.534206,0.590859,0.537345,0.533672,0.526649,0.567990,0.500289,0.499302,0.633002,0.559424,0.538421,0.565727,1.000000,0.532450,0.474745,0.584324,0.602965,0.615257,0.496443,0.541734,0.494286,0.495714,0.619477,0.564763,0.582803,0.568740,0.534454,0.587123,0.522683,0.565804,0.483034,0.607027,0.573184,0.566138,0.502337,0.504178,0.601288,0.509223,0.620332,0.573777,0.546908,0.576852,0.557384,0.522425,0.527667,0.510710,0.558728,0.521347,0.445214,0.535804,0.581239,0.561254,0.550131,0.549785,0.619127,0.495522,0.550272,0.621204,0.659420,0.565736,0.604541,0.473885,0.564422,0.589904,0.606388,0.529521,0.507262,0.483996,0.572692,0.602116,0.585029,0.577102,0.608186,0.583645,0.609899,0.556375,0.523260,0.598404,0.560044,0.559336,0.603798,0.595811,0.541160,0.530123,0.502459,0.591312,0.517881,0.564495,0.530603,0.477667,0.555723,0.532859,0.637179,0.550506,0.527645,0.633077,0.592437,0.489014,0.630626,0.560965,0.592752,0.635352,0.531218,0.588102,0.529561,0.444554,0.543853,0.548506,0.544919,0.567822,0.450053,0.456992,0.479733,0.553018,0.503578,0.616829,0.521318,0.541628,0.483850,0.489434,0.521452,0.563578,0.565657,0.558971,0.644225,0.566253,0.532196,0.575717,0.444404,0.576911,0.553068,0.550619,0.508129,0.513118,0.494582,0.542323,0.552538,0.544271,0.605091,0.504722,0.503175,0.508417,0.581362,0.522500,0.522479,0.527459,0.568427,0.521885,0.514635,0.612922,0.513262,0.553376,0.579466,0.552852,0.577350,0.564225,0.615620,0.553567,0.535244,0.538140,0.487320,0.524375,0.580067,0.502072,0.575991,0.579355,0.581007,0.501625,0.522129,0.584995,0.562021,0.623444,0.553907,0.550962,0.559602,0.483035,0.499565,0.554941,0.523771,0.518397,0.518480,0.528694,0.531702,0.575791,0.594288,0.574811,0.586294,0.563264,0.598694,0.600970,0.586516,0.533676,#
21,0.536104,0.673389,0.594421,0.605054,0.531560,0.539440,0.540406,0.501463,0.549686,0.522382,0.532622,0.547288,0.503414,0.506158,0.563396,0.552077,0.418448,0.524974,0.551558,0.482083,0.532450,1.000000,0.528012,0.620544,0.520225,0.482668,0.557808,0.502740,0.583675,0.472544,0.532888,0.475230,0.579012,0.602354,0.574709,0.641640,0.517151,0.544536,0.525422,0.559055,0.486475,0.577185,0.501226,0.565708,0.541652,0.581855,0.607513,0.591158,0.568810,0.618160,0.469456,0.504116,0.560681,0.508588,0.600093,0.565039,0.515129,0.502050,0.648164,0.518006,0.533692,0.530177,0.488240,0.488340,0.522341,0.535722,0.611237,0.496206,0.590577,0.603536,0.539542,0.640760,0.642320,0.542226,0.586963,0.576181,0.530765,0.556396,0.552514,0.526748,0.519603,0.516304,0.648598,0.561056,0.573710,0.542336,0.501539,0.590646,0.570717,0.579434,0.544378,0.484386,0.587707,0.611960,0.540222,0.579201,0.587814,0.507818,0.551930,0.537037,0.591136,0.596400,0.415678,0.580675,0.514908,0.561714,0.519722,0.621739,0.490463,0.614841,0.564581,0.515196,0.573395,0.527279,0.461108,0.459077,0.490132,0.650973,0.529991,0.606441,0.510128,0.505660,0.474196,0.559183,0.477221,0.483151,0.540678,0.494402,0.554791,0.589488,0.552916,0.614949,0.493170,0.567756,0.572933,0.512641,0.469979,0.479888,0.521716,0.574982,0.557877,0.489555,0.440649,0.581817,0.541300,0.531374,0.506340,0.469618,0.514577,0.569960,0.577015,0.556087,0.549842,0.540847,0.490791,0.490393,0.555219,0.582002,0.496565,0.541521,0.498626,0.608277,0.591493,0.545960,0.594987,0.567798,0.538250,0.455251,0.409432,0.522307,0.563897,0.479866,0.586724,0.537619,0.545247,0.527498,0.409693,0.542733,0.581669,0.583636,0.564381,0.582629,0.535630,0.498683,0.492061,0.565334,0.550962,0.489893,0.464846,0.530809,0.530683,0.541842,0.553477,0.527191,0.544078,0.484407,0.549577,0.577594,0.506348,0.591739,#
