0,1.000000,0.743621,0.757767,0.737914,0.721731,0.775701,0.755175,0.758839,0.766388,0.726411,0.749672,0.766163,0.718350,0.746358,0.748391,0.777705,0.804101,0.808965,0.770473,0.763713,0.781072,0.693806,0.781161,0.810883,0.712584,0.729047,0.747964,0.734971,0.704680,0.765926,0.728502,0.777828,0.745361,0.743596,0.772608,0.756271,0.715858,0.763547,0.769783,0.774579,0.776166,0.740975,0.801305,0.737639,0.771330,0.719715,0.753987,0.801284,0.754950,0.787538,0.750014,0.779774,0.767190,0.768355,0.786591,0.772038,0.771262,0.796502,0.756654,0.754742,0.767517,0.751305,0.796802,0.759109,0.758014,0.730523,0.787700,0.764054,0.756159,0.731945,0.739102,0.723668,0.803718,0.792100,0.740290,0.721207,0.798429,0.774849,0.771984,0.734013,0.783129,0.753512,0.764288,0.765562,0.779794,0.778183,0.799979,0.780871,0.744916,0.781840,0.722115,0.765405,0.776603,0.750901,0.781447,0.766873,0.761502,0.692171,0.769508,0.771451,0.770667,0.750085,0.783099,0.783525,0.728377,0.774610,0.748905,0.789969,0.765545,0.698994,0.752449,0.769129,0.750949,0.766232,0.759076,0.796019,0.741857,0.723216,0.722292,0.732873,0.704730,0.781495,0.801106,0.814319,0.799129,0.753989,0.741597,0.715189,0.697121,0.754729,0.763978,0.754356,0.749360,0.706838,0.772622,0.775221,0.742572,0.769972,0.735874,0.781353,0.767275,0.735428,0.708061,0.766525,0.747917,0.662184,0.738198,0.694263,0.770510,0.741488,0.734756,0.788083,0.740879,0.691833,0.754023,0.770560,0.793478,0.773895,0.790304,0.723823,0.775895,0.782033,0.749159,0.732934,0.731674,0.765659,0.756469,0.739765,0.781228,0.757370,0.748135,0.749161,0.780134,0.763499,0.758866,0.749603,0.778314,0.799679,0.750582,0.714395,0.746581,0.761044,0.715145,0.738388,0.735283,0.714476,0.724628,0.776090,0.761118,0.726480,0.726863,0.790442,0.732971,0.743987,0.761648,0.781580,0.739998,0.782239,0.774714,0.733074,#
1,0.743621,1.000000,0.725782,0.715922,0.713333,0.752589,0.715552,0.752587,0.783227,0.719551,0.727914,0.742118,0.700165,0.712772,0.714663,0.727845,0.728443,0.733728,0.711544,0.730102,0.739940,0.756589,0.743298,0.712552,0.730550,0.661871,0.726370,0.757755,0.648182,0.703213,0.750744,0.739449,0.695323,0.745454,0.678725,0.757181,0.683840,0.746978,0.756163,0.741594,0.728666,0.663443,0.731316,0.717787,0.729391,0.712782,0.771700,0.723259,0.758545,0.696461,0.709993,0.744818,0.769488,0.733614,0.762596,0.736924,0.703434,0.732874,0.715317,0.666220,0.722016,0.712216,0.724008,0.696858,0.723345,0.751078,0.766843,0.747700,0.741366,0.749056,0.719160,0.735739,0.796889,0.716831,0.722831,0.706721,0.720184,0.710341,0.769127,0.701476,0.744437,0.742308,0.722839,0.737460,0.771829,0.721974,0.751639,0.773457,0.730926,0.706025,0.681823,0.716719,0.728351,0.753213,0.755700,0.725238,0.718206,0.704307,0.710184,0.723823,0.744634,0.705072,0.719437,0.724616,0.677585,0.750264,0.716282,0.763913,0.753600,0.692587,0.720943,0.726435,0.692558,0.746771,0.709286,0.748763,0.725178,0.688581,0.683333,0.668146,0.689105,0.732307,0.727634,0.744737,0.730750,0.686323,0.720645,0.707998,0.737895,0.751832,0.687092,0.776572,0.693843,0.711484,0.770161,0.724499,0.751647,0.751758,0.722331,0.742890,0.769369,0.725798,0.732638,0.758530,0.735253,0.686748,0.684983,0.677527,0.746556,0.669932,0.768216,0.776547,0.700403,0.625832,0.760639,0.728906,0.728906,0.744617,0.678394,0.658351,0.696981,0.764570,0.739845,0.758487,0.730548,0.681332,0.728103,0.658764,0.704200,0.729110,0.743821,0.721318,0.739082,0.734880,0.726669,0.738317,0.733846,0.780866,0.691140,0.719151,0.717482,0.686551,0.703775,0.742742,0.745725,0.729043,0.707168,0.638575,0.758681,0.750630,0.734845,0.741352,0.685703,0.719555,0.740172,0.669149,0.688518,0.770200,0.697649,0.748317,#
2,0.757767,0.725782,1.000000,0.728948,0.735474,0.755996,0.743773,0.759600,0.766238,0.725935,0.762755,0.737824,0.692728,0.760104,0.717770,0.742555,0.717953,0.756746,0.720962,0.744814,0.744752,0.727777,0.708794,0.768610,0.705972,0.726104,0.775945,0.760954,0.741326,0.743215,0.747005,0.736390,0.737985,0.712673,0.722215,0.742972,0.733728,0.750223,0.781122,0.708790,0.736193,0.718697,0.766294,0.712833,0.722045,0.724755,0.777759,0.719934,0.721326,0.743903,0.726696,0.783148,0.772000,0.745140,0.782550,0.747576,0.738763,0.722777,0.752695,0.734176,0.807613,0.739860,0.723360,0.766089,0.768655,0.749236,0.749601,0.732688,0.744407,0.728360,0.751225,0.736049,0.764001,0.766112,0.773850,0.737746,0.733566,0.719726,0.734561,0.746206,0.780134,0.751989,0.764862,0.701018,0.805116,0.763910,0.749724,0.794919,0.704003,0.710564,0.711905,0.771224,0.783790,0.763316,0.765520,0.763539,0.742389,0.686146,0.782325,0.737267,0.741679,0.734333,0.735428,0.750280,0.671991,0.786042,0.763096,0.767223,0.741725,0.703017,0.761185,0.725485,0.763228,0.748060,0.709571,0.737806,0.725013,0.729621,0.690887,0.707081,0.699640,0.707499,0.717585,0.781029,0.757346,0.685196,0.751700,0.717938,0.720646,0.759528,0.740965,0.780503,0.761904,0.765273,0.779185,0.735067,0.748416,0.765589,0.765099,0.726521,0.740157,0.761028,0.662585,0.694230,0.735922,0.722176,0.676238,0.692629,0.729472,0.712082,0.760461,0.770166,0.762365,0.724117,0.740642,0.737903,0.759951,0.681686,0.752820,0.685319,0.677135,0.715182,0.748457,0.750206,0.703403,0.745395,0.765493,0.658869,0.734742,0.727634,0.746638,0.752594,0.774745,0.726412,0.758968,0.720472,0.719720,0.777217,0.683392,0.688427,0.723774,0.776235,0.670819,0.781861,0.718381,0.742963,0.705220,0.700494,0.748367,0.737811,0.739778,0.745806,0.796233,0.742882,0.740161,0.745730,0.691203,0.760368,0.740967,0.756417,#
3,0.737914,0.715922,0.728948,1.000000,0.728383,0.738653,0.723922,0.730189,0.792172,0.742109,0.739767,0.751256,0.710204,0.734753,0.727691,0.759600,0.751357,0.767657,0.793779,0.736626,0.743056,0.743357,0.742184,0.759385,0.749763,0.730821,0.759236,0.737568,0.719024,0.740066,0.743362,0.764516,0.765269,0.765143,0.698422,0.754233,0.689160,0.789236,0.734990,0.760273,0.731078,0.725052,0.769350,0.754992,0.728309,0.771090,0.724505,0.716181,0.737660,0.715950,0.757746,0.730128,0.761309,0.698124,0.733098,0.776795,0.703618,0.738199,0.772900,0.727707,0.741871,0.715848,0.722782,0.735855,0.806941,0.722052,0.718496,0.708817,0.670100,0.747971,0.702802,0.736205,0.771649,0.729286,0.711519,0.709549,0.727064,0.715363,0.710645,0.724860,0.774851,0.716781,0.768501,0.705667,0.774480,0.751315,0.755146,0.745698,0.722776,0.729231,0.730159,0.745010,0.759172,0.764948,0.762776,0.761634,0.708221,0.672961,0.746402,0.705457,0.702801,0.717580,0.718594,0.701865,0.744369,0.729090,0.741827,0.749852,0.725201,0.692003,0.738746,0.698961,0.700257,0.756081,0.714285,0.761726,0.683387,0.712044,0.702294,0.672867,0.683748,0.739012,0.734211,0.734865,0.731504,0.718988,0.747837,0.754107,0.705372,0.726991,0.738544,0.765518,0.710594,0.752529,0.756494,0.777877,0.749169,0.730210,0.707225,0.734487,0.698569,0.767258,0.737949,0.666783,0.703633,0.746178,0.708624,0.761218,0.734314,0.706141,0.746606,0.738954,0.698909,0.717683,0.769185,0.707549,0.741697,0.719384,0.748632,0.678607,0.725097,0.734215,0.724149,0.737146,0.699256,0.718842,0.759425,0.682385,0.738782,0.720505,0.724858,0.731691,0.752549,0.734501,0.722282,0.752610,0.778915,0.766802,0.693480,0.732875,0.681984,0.767706,0.689501,0.715892,0.698797,0.725955,0.713376,0.672260,0.754923,0.768280,0.734909,0.727856,0.723694,0.721442,0.741219,0.731778,0.722405,0.730686,0.692891,0.708428,#
4,0.721731,0.713333,0.735474,0.728383,1.000000,0.787465,0.721212,0.733716,0.725507,0.727251,0.685215,0.749654,0.687592,0.756705,0.707930,0.737698,0.749643,0.785792,0.734741,0.799306,0.788364,0.712679,0.712773,0.767173,0.703177,0.708706,0.741773,0.708401,0.728513,0.720153,0.769745,0.745256,0.761970,0.711689,0.691377,0.740145,0.749388,0.746727,0.744789,0.751821,0.741026,0.712071,0.718597,0.734542,0.737423,0.776997,0.766885,0.740781,0.752013,0.716103,0.724303,0.727559,0.770951,0.712785,0.777562,0.777663,0.714040,0.742343,0.760301,0.733016,0.707659,0.748462,0.727445,0.729605,0.761609,0.730837,0.725432,0.725150,0.705999,0.730216,0.735515,0.782689,0.768342,0.752357,0.730705,0.672037,0.726109,0.747856,0.756992,0.748685,0.739170,0.733307,0.756086,0.690076,0.781846,0.724632,0.728707,0.726457,0.726244,0.731493,0.725206,0.706594,0.733389,0.751690,0.746790,0.743701,0.729265,0.675772,0.688097,0.712213,0.748641,0.737377,0.752084,0.737712,0.710632,0.761380,0.721379,0.743907,0.764819,0.729261,0.717097,0.743869,0.746308,0.796806,0.711741,0.711833,0.748498,0.749155,0.669410,0.675442,0.668568,0.728656,0.766816,0.739555,0.751661,0.709063,0.714507,0.726489,0.772018,0.745767,0.787725,0.743268,0.735851,0.753113,0.794374,0.762562,0.715413,0.748218,0.729701,0.697768,0.711597,0.749448,0.756801,0.705586,0.734041,0.714593,0.725587,0.709410,0.712621,0.743765,0.745429,0.808775,0.723652,0.725499,0.797151,0.729010,0.785616,0.694665,0.735871,0.679681,0.713318,0.723991,0.758586,0.694508,0.681076,0.708313,0.707121,0.667757,0.753302,0.718815,0.707628,0.752021,0.799199,0.739744,0.765859,0.756224,0.761280,0.781707,0.700111,0.721692,0.730475,0.713648,0.733780,0.727181,0.768305,0.745170,0.658069,0.750758,0.737382,0.749808,0.687203,0.707928,0.698045,0.742458,0.740990,0.723596,0.724618,0.728747,0.758328,0.736676,#
5,0.775701,0.752589,0.755996,0.738653,0.787465,1.000000,0.717058,0.774694,0.779571,0.727355,0.747978,0.755242,0.693916,0.718955,0.732731,0.776227,0.747968,0.792339,0.707340,0.797131,0.757881,0.722344,0.756462,0.754055,0.748657,0.726803,0.799484,0.779142,0.739684,0.738554,0.793648,0.769821,0.788211,0.739525,0.696617,0.786438,0.732278,0.760455,0.771003,0.744455,0.805988,0.713080,0.732974,0.750924,0.769208,0.769095,0.797019,0.754795,0.783841,0.705792,0.757473,0.768189,0.762484,0.750929,0.744274,0.828046,0.750798,0.756281,0.820589,0.760376,0.738296,0.755549,0.771057,0.789589,0.790875,0.760549,0.735060,0.750300,0.757873,0.704454,0.752652,0.753329,0.815345,0.761339,0.723079,0.748352,0.778423,0.758072,0.750376,0.739979,0.804999,0.750448,0.782513,0.732735,0.748099,0.765037,0.786408,0.790740,0.758519,0.708211,0.691586,0.759830,0.798555,0.814047,0.757473,0.751615,0.750585,0.738193,0.785673,0.741344,0.761887,0.751611,0.786237,0.772774,0.736480,0.783073,0.757354,0.770347,0.740267,0.749184,0.735878,0.799380,0.732029,0.751629,0.703877,0.745006,0.756633,0.746953,0.677632,0.743941,0.678632,0.767675,0.762483,0.802225,0.722769,0.727159,0.769081,0.713914,0.731662,0.757610,0.801756,0.806840,0.791592,0.792710,0.786405,0.753340,0.772613,0.770805,0.752987,0.732710,0.739423,0.736471,0.748579,0.761720,0.796525,0.702539,0.712130,0.737278,0.773809,0.743027,0.785666,0.787331,0.740335,0.712925,0.764232,0.739665,0.790465,0.742452,0.759551,0.710488,0.761047,0.763798,0.778191,0.751377,0.748871,0.734332,0.708610,0.747937,0.760026,0.759588,0.811362,0.774090,0.786311,0.734762,0.767022,0.729406,0.751978,0.780505,0.746074,0.757472,0.783630,0.754988,0.752788,0.743512,0.756950,0.774635,0.729305,0.734339,0.748488,0.751472,0.724784,0.783312,0.741471,0.728667,0.723313,0.720447,0.721203,0.758058,0.768135,0.749274,#
6,0.755175,0.715552,0.743773,0.723922,0.721212,0.717058,1.000000,0.719922,0.758624,0.699884,0.710078,0.743033,0.721100,0.771315,0.675793,0.724152,0.752333,0.771986,0.725687,0.701826,0.780260,0.719191,0.669544,0.737818,0.719397,0.724651,0.729042,0.734187,0.681155,0.753393,0.727153,0.738027,0.719022,0.721914,0.716784,0.747051,0.687937,0.713197,0.720073,0.733626,0.724710,0.731146,0.752219,0.724434,0.782038,0.691711,0.741202,0.693906,0.777113,0.733170,0.734099,0.748375,0.759981,0.687582,0.753801,0.749794,0.733363,0.767328,0.772500,0.699419,0.765083,0.706263,0.726152,0.713255,0.784512,0.745088,0.767379,0.708653,0.723322,0.706486,0.725182,0.729930,0.753281,0.792382,0.714522,0.699362,0.745359,0.717814,0.744525,0.704214,0.762416,0.731793,0.740691,0.720076,0.726941,0.747885,0.733478,0.736723,0.726253,0.717247,0.681050,0.711422,0.702857,0.729632,0.732674,0.718266,0.760057,0.693044,0.723451,0.743665,0.728042,0.749853,0.763650,0.736209,0.674335,0.702367,0.760555,0.722872,0.739070,0.678152,0.698890,0.728331,0.681731,0.705709,0.695033,0.713801,0.744369,0.717993,0.681274,0.680997,0.713081,0.726599,0.728965,0.777923,0.763412,0.732203,0.710168,0.728278,0.645919,0.717283,0.724438,0.744340,0.717298,0.686589,0.742601,0.743003,0.732657,0.724189,0.771260,0.745243,0.739530,0.754386,0.692642,0.700269,0.692839,0.714094,0.708755,0.691911,0.725975,0.678050,0.766054,0.757848,0.696785,0.646330,0.732467,0.712894,0.732801,0.705505,0.738764,0.686759,0.710772,0.754381,0.724024,0.734306,0.731462,0.740023,0.752092,0.645332,0.714125,0.714392,0.751485,0.729957,0.721815,0.679694,0.744561,0.739632,0.740622,0.751917,0.723507,0.695467,0.733134,0.695195,0.740442,0.738231,0.705060,0.731181,0.662639,0.732146,0.703883,0.730885,0.706394,0.732914,0.694325,0.744320,0.733974,0.728931,0.728170,0.754797,0.731363,0.717333,#
7,0.758839,0.752587,0.759600,0.730189,0.733716,0.774694,0.719922,1.000000,0.822427,0.723875,0.751093,0.763851,0.714730,0.760604,0.766504,0.706134,0.763469,0.770983,0.743064,0.749400,0.758124,0.714751,0.795641,0.765180,0.748042,0.769291,0.754624,0.773135,0.733037,0.761062,0.707251,0.764760,0.733840,0.734681,0.695649,0.753053,0.748315,0.733957,0.783456,0.747730,0.755868,0.709288,0.753937,0.762563,0.754005,0.739904,0.772525,0.765295,0.748784,0.717458,0.787437,0.759434,0.781236,0.787323,0.756069,0.759285,0.717659,0.781373,0.749883,0.749526,0.730514,0.740251,0.759570,0.748244,0.779609,0.771532,0.768611,0.749907,0.766196,0.764499,0.742279,0.680387,0.818318,0.771240,0.774347,0.727352,0.757749,0.735633,0.750949,0.745059,0.790747,0.754014,0.770455,0.721288,0.773968,0.754346,0.795555,0.769193,0.733500,0.725708,0.721860,0.773470,0.755337,0.766703,0.785585,0.718070,0.757422,0.748158,0.751892,0.746843,0.752447,0.732607,0.767197,0.758877,0.724314,0.759921,0.734886,0.768414,0.745874,0.699357,0.789656,0.723297,0.756448,0.775109,0.736726,0.764017,0.732517,0.705055,0.675248,0.761782,0.723412,0.752738,0.729978,0.811177,0.809945,0.740787,0.753197,0.764151,0.695640,0.724404,0.744956,0.751048,0.793605,0.715661,0.795210,0.789248,0.737827,0.767128,0.732631,0.769475,0.742863,0.749203,0.755681,0.718931,0.764449,0.724049,0.739755,0.690050,0.772358,0.746661,0.752973,0.767298,0.752231,0.718932,0.751983,0.778700,0.764407,0.755598,0.763723,0.726844,0.764384,0.722065,0.801015,0.709081,0.716585,0.743881,0.771664,0.691489,0.726639,0.719371,0.797004,0.783004,0.772242,0.752402,0.761244,0.720114,0.743355,0.772308,0.710254,0.745335,0.754937,0.745555,0.728999,0.744074,0.737236,0.795967,0.698342,0.682587,0.754651,0.784986,0.767057,0.756525,0.723603,0.711695,0.749790,0.739739,0.719510,0.783618,0.746814,0.735440,#
8,0.766388,0.783227,0.766238,0.792172,0.725507,0.779571,0.758624,0.822427,1.000000,0.782044,0.732690,0.778262,0.738794,0.754986,0.757768,0.784994,0.744649,0.793118,0.739590,0.750084,0.740705,0.782188,0.791121,0.758467,0.707590,0.752002,0.754412,0.795437,0.723849,0.779265,0.730667,0.777323,0.729814,0.757556,0.708866,0.778143,0.737759,0.751720,0.762805,0.749521,0.739071,0.749860,0.795982,0.741517,0.767991,0.732466,0.735999,0.738616,0.771919,0.744085,0.785663,0.778623,0.750686,0.783047,0.757158,0.810600,0.739631,0.788464,0.770374,0.754544,0.774050,0.738323,0.783833,0.746087,0.769821,0.803201,0.760452,0.757669,0.777696,0.767988,0.742555,0.725962,0.814425,0.802580,0.769137,0.729374,0.767439,0.747488,0.735866,0.769580,0.785391,0.750265,0.759423,0.745012,0.788095,0.776116,0.755341,0.780650,0.703140,0.735564,0.731952,0.763603,0.775143,0.759955,0.805363,0.766804,0.763044,0.719755,0.784486,0.738602,0.766492,0.740138,0.778050,0.784090,0.734335,0.761809,0.770984,0.785645,0.725898,0.736077,0.759179,0.739762,0.745465,0.757230,0.746884,0.791469,0.726466,0.702741,0.724784,0.774131,0.721922,0.737525,0.757631,0.783484,0.761398,0.758227,0.746685,0.766509,0.719372,0.769479,0.727636,0.744479,0.785860,0.768375,0.825699,0.762147,0.739776,0.758337,0.724947,0.754831,0.745011,0.781339,0.779251,0.740626,0.749934,0.722867,0.756945,0.704905,0.793560,0.750407,0.768876,0.762015,0.736675,0.766602,0.772664,0.791300,0.774971,0.779094,0.766445,0.733887,0.753231,0.758092,0.793176,0.758612,0.761486,0.742337,0.758407,0.674875,0.767455,0.771483,0.786901,0.774713,0.772424,0.719628,0.791440,0.741997,0.741300,0.803991,0.715260,0.717366,0.756006,0.759056,0.696234,0.787448,0.756698,0.773221,0.734561,0.709989,0.768167,0.771939,0.757366,0.763307,0.765521,0.746967,0.749679,0.737224,0.742677,0.754562,0.752554,0.758318,#
9,0.726411,0.719551,0.725935,0.742109,0.727251,0.727355,0.699884,0.723875,0.782044,1.000000,0.724570,0.708750,0.715528,0.732636,0.747077,0.746989,0.732289,0.746732,0.742587,0.737201,0.782869,0.701362,0.726200,0.765868,0.699573,0.690641,0.735205,0.783344,0.683629,0.763322,0.710587,0.714455,0.717914,0.748386,0.731881,0.747707,0.705819,0.734070,0.752056,0.715528,0.762792,0.721426,0.745807,0.697702,0.755214,0.718457,0.719886,0.728523,0.707561,0.701755,0.706922,0.719799,0.714158,0.708773,0.715753,0.754001,0.707680,0.777171,0.741889,0.707533,0.738182,0.714222,0.767127,0.737715,0.738371,0.780637,0.733350,0.731433,0.748420,0.676489,0.743757,0.714827,0.741881,0.725225,0.720862,0.701976,0.691484,0.742011,0.726629,0.768756,0.757354,0.750792,0.711938,0.730743,0.771081,0.714696,0.715183,0.777330,0.694958,0.640575,0.692683,0.754914,0.764406,0.722744,0.777727,0.728509,0.730772,0.733647,0.754747,0.662166,0.718633,0.721289,0.779235,0.741311,0.744752,0.744260,0.731606,0.718272,0.755948,0.730601,0.762394,0.744557,0.758908,0.764476,0.678008,0.765255,0.646694,0.687539,0.667741,0.700338,0.683633,0.748024,0.747941,0.753544,0.734184,0.707671,0.719612,0.710041,0.738705,0.721604,0.710766,0.742339,0.738564,0.765653,0.765829,0.698613,0.707836,0.739808,0.715789,0.721013,0.684126,0.757372,0.755307,0.728581,0.704459,0.712720,0.718631,0.716397,0.721600,0.707064,0.704378,0.711950,0.724974,0.729267,0.759613,0.736781,0.731256,0.744101,0.733446,0.706631,0.726172,0.743369,0.738572,0.756509,0.735912,0.708951,0.708835,0.671614,0.758722,0.709200,0.769743,0.741071,0.744324,0.710473,0.742106,0.775982,0.722221,0.774556,0.720523,0.723318,0.729116,0.700438,0.729045,0.712045,0.705628,0.764276,0.652797,0.684475,0.797632,0.712596,0.736075,0.748500,0.715320,0.697758,0.716933,0.696372,0.705711,0.733142,0.711093,0.704118,#
10,0.749672,0.727914,0.762755,0.739767,0.685215,0.747978,0.710078,0.751093,0.732690,0.724570,1.000000,0.716071,0.671408,0.707880,0.674888,0.738475,0.748645,0.731858,0.743255,0.729558,0.747298,0.680476,0.719923,0.762637,0.672785,0.696287,0.717447,0.788180,0.688439,0.750167,0.708291,0.726770,0.728489,0.729180,0.728096,0.758947,0.715676,0.741731,0.754139,0.708618,0.748221,0.691455,0.713923,0.692400,0.742440,0.758316,0.761254,0.730907,0.760722,0.775931,0.714232,0.750828,0.746662,0.704317,0.722425,0.756459,0.704927,0.734825,0.721357,0.728179,0.751001,0.749052,0.766054,0.779838,0.775784,0.707662,0.755887,0.675105,0.728026,0.718263,0.718809,0.750859,0.783827,0.706185,0.715676,0.743916,0.723883,0.759937,0.729443,0.697643,0.806616,0.730067,0.733527,0.714123,0.762365,0.715890,0.751248,0.770607,0.706509,0.745788,0.674175,0.764906,0.771271,0.746471,0.749886,0.778131,0.713906,0.695185,0.776762,0.750757,0.701235,0.707572,0.733485,0.769099,0.762127,0.722881,0.714252,0.737942,0.722287,0.698936,0.724105,0.724687,0.737266,0.746680,0.714623,0.780590,0.693947,0.691719,0.684974,0.707171,0.698078,0.755247,0.670643,0.755064,0.702747,0.690741,0.756539,0.730144,0.713599,0.710259,0.706124,0.734530,0.712768,0.720417,0.771202,0.765931,0.699048,0.748345,0.703874,0.759626,0.780934,0.716381,0.685677,0.708008,0.707189,0.656528,0.671106,0.691435,0.744346,0.708330,0.744854,0.751589,0.740749,0.686013,0.745637,0.714802,0.773692,0.753199,0.743964,0.681448,0.764999,0.704530,0.741743,0.751044,0.726662,0.692310,0.765713,0.663832,0.750750,0.749419,0.744719,0.750919,0.709832,0.714163,0.744263,0.706785,0.734283,0.788516,0.665519,0.738344,0.708665,0.698278,0.744815,0.722137,0.698613,0.730838,0.660018,0.683247,0.713505,0.760637,0.744840,0.713194,0.734456,0.718398,0.744978,0.730284,0.692648,0.762869,0.729314,0.759587,#
11,0.766163,0.742118,0.737824,0.751256,0.749654,0.755242,0.743033,0.763851,0.778262,0.708750,0.716071,1.000000,0.745596,0.747695,0.718242,0.740332,0.753485,0.791493,0.756805,0.709669,0.747050,0.736019,0.735612,0.736463,0.734705,0.744305,0.710831,0.759711,0.731988,0.732365,0.743992,0.761433,0.757926,0.741985,0.706462,0.756224,0.769647,0.765056,0.728019,0.772721,0.749043,0.723908,0.755235,0.732437,0.749826,0.740213,0.792441,0.750929,0.751003,0.745588,0.733760,0.745698,0.762831,0.762328,0.766647,0.760846,0.665431,0.783557,0.753008,0.715024,0.728769,0.707111,0.785012,0.725846,0.774572,0.771971,0.765200,0.754298,0.774295,0.762122,0.760101,0.733090,0.783493,0.765602,0.736237,0.683850,0.780484,0.749933,0.732971,0.690745,0.776585,0.750283,0.764389,0.714958,0.776893,0.741344,0.729076,0.754939,0.708252,0.693393,0.700830,0.773968,0.764691,0.754536,0.771451,0.769388,0.744713,0.702943,0.763088,0.743444,0.724316,0.753618,0.767243,0.759635,0.739432,0.770132,0.730872,0.795185,0.768937,0.755045,0.785535,0.759245,0.748743,0.757094,0.667029,0.775024,0.725383,0.725961,0.676681,0.753350,0.663009,0.749893,0.760036,0.774978,0.756168,0.724321,0.751092,0.719761,0.737396,0.731810,0.754409,0.759097,0.760432,0.761382,0.772423,0.739537,0.746467,0.762867,0.729761,0.740143,0.746281,0.715264,0.720841,0.751949,0.772706,0.697819,0.746685,0.719953,0.742266,0.732864,0.746951,0.763493,0.730624,0.712260,0.774412,0.749462,0.789262,0.717444,0.773938,0.694872,0.731793,0.776983,0.767814,0.737502,0.768241,0.680640,0.767563,0.672178,0.745778,0.785270,0.761838,0.745190,0.773653,0.747570,0.747205,0.742667,0.738553,0.765900,0.701531,0.763287,0.757879,0.718835,0.751692,0.712245,0.751852,0.711889,0.671741,0.751027,0.757122,0.776598,0.750265,0.742464,0.759752,0.758309,0.756415,0.739325,0.746998,0.752596,0.741780,0.728185,#
12,0.718350,0.700165,0.692728,0.710204,0.687592,0.693916,0.721100,0.714730,0.738794,0.715528,0.671408,0.745596,1.000000,0.737800,0.742356,0.707855,0.751073,0.772084,0.760952,0.730354,0.738923,0.691469,0.736745,0.756513,0.687908,0.706214,0.710543,0.746929,0.716540,0.687950,0.680434,0.736317,0.730254,0.730993,0.711314,0.756850,0.716172,0.728617,0.727566,0.729247,0.675017,0.654770,0.721373,0.750062,0.741191,0.724522,0.754035,0.673355,0.721904,0.696067,0.770276,0.692950,0.713784,0.715593,0.769231,0.734553,0.672527,0.744725,0.698263,0.664723,0.698007,0.731414,0.707375,0.730477,0.780557,0.741649,0.715057,0.694651,0.751833,0.714651,0.712858,0.691117,0.768325,0.721522,0.757597,0.719118,0.742439,0.685571,0.710182,0.716343,0.749738,0.704730,0.713858,0.726074,0.695020,0.731942,0.704080,0.745755,0.721494,0.667209,0.690416,0.702792,0.733663,0.684889,0.722124,0.758449,0.790732,0.714137,0.707365,0.677008,0.677614,0.729268,0.750978,0.759334,0.680268,0.703775,0.702593,0.700993,0.724768,0.699042,0.741022,0.707053,0.710633,0.703916,0.741907,0.719595,0.700848,0.650182,0.698107,0.690232,0.685025,0.727564,0.732481,0.772651,0.754298,0.682007,0.721968,0.658464,0.664617,0.703162,0.692776,0.702966,0.681769,0.713397,0.734693,0.699926,0.721218,0.731678,0.729957,0.698120,0.743488,0.749894,0.699273,0.706073,0.686850,0.691932,0.703337,0.679323,0.725596,0.748092,0.713854,0.742192,0.713265,0.640570,0.706007,0.790863,0.749729,0.726688,0.733605,0.685051,0.715495,0.764414,0.749935,0.719309,0.775562,0.649460,0.735905,0.710227,0.685454,0.704204,0.741022,0.741524,0.727867,0.719905,0.717171,0.699249,0.765973,0.777274,0.686790,0.663453,0.708157,0.720916,0.717340,0.699847,0.667733,0.704648,0.673493,0.741329,0.716976,0.684028,0.698392,0.704178,0.698139,0.717804,0.690875,0.728203,0.705653,0.731861,0.738578,0.641907,#
13,0.746358,0.712772,0.760104,0.734753,0.756705,0.718955,0.771315,0.760604,0.754986,0.732636,0.707880,0.747695,0.737800,1.000000,0.738229,0.731756,0.750076,0.797692,0.767941,0.757431,0.788452,0.727225,0.762185,0.752950,0.709928,0.742419,0.728443,0.790998,0.740494,0.775444,0.706509,0.743274,0.770615,0.752340,0.685603,0.737903,0.738190,0.783706,0.744563,0.759822,0.793557,0.735905,0.760759,0.745395,0.806360,0.761724,0.758631,0.752856,0.789845,0.733275,0.757098,0.788298,0.758180,0.767158,0.778380,0.791152,0.723989,0.785833,0.762276,0.736270,0.774884,0.757462,0.756675,0.784342,0.796289,0.758866,0.775242,0.739170,0.772799,0.742501,0.720021,0.746088,0.747079,0.786912,0.775308,0.744717,0.757015,0.762690,0.789269,0.777085,0.783883,0.768749,0.780216,0.752222,0.755453,0.761486,0.727122,0.742010,0.771373,0.728913,0.711115,0.764312,0.769417,0.775097,0.789281,0.729441,0.752545,0.706066,0.738353,0.777442,0.750616,0.761611,0.783909,0.817334,0.730629,0.785096,0.748564,0.782951,0.777610,0.732295,0.755324,0.765419,0.781904,0.782190,0.759998,0.782402,0.716510,0.762622,0.726166,0.757913,0.733815,0.768093,0.738216,0.754764,0.770213,0.706562,0.751947,0.702554,0.718770,0.726436,0.726438,0.761999,0.741814,0.737991,0.802342,0.735230,0.744249,0.769930,0.775418,0.754185,0.718081,0.787836,0.782180,0.746750,0.709265,0.738778,0.747766,0.715181,0.754687,0.722345,0.755482,0.791400,0.721847,0.737944,0.752240,0.759288,0.780554,0.741589,0.785160,0.735749,0.751381,0.770678,0.748335,0.768340,0.751590,0.730228,0.763346,0.701878,0.774883,0.729333,0.767809,0.782814,0.791539,0.756390,0.795258,0.763099,0.770954,0.825027,0.748404,0.718424,0.721999,0.762387,0.754372,0.752148,0.788488,0.779110,0.710090,0.744820,0.705527,0.748144,0.748921,0.751435,0.747588,0.780446,0.774855,0.735260,0.754252,0.759048,0.768144,0.709310,#
14,0.748391,0.714663,0.717770,0.727691,0.707930,0.732731,0.675793,0.766504,0.757768,0.747077,0.674888,0.718242,0.742356,0.738229,1.000000,0.743575,0.739944,0.740411,0.721641,0.753751,0.757502,0.683054,0.715094,0.769762,0.702207,0.653870,0.741534,0.742312,0.710094,0.723740,0.714686,0.753213,0.719479,0.707679,0.706279,0.723996,0.679413,0.739592,0.744221,0.709080,0.704840,0.686811,0.748563,0.729469,0.742225,0.732001,0.733209,0.684049,0.674278,0.710485,0.723177,0.692706,0.720939,0.774237,0.752114,0.741686,0.704898,0.737465,0.745773,0.684651,0.734586,0.760857,0.742186,0.730472,0.734223,0.689068,0.736247,0.738236,0.721330,0.748702,0.698883,0.694252,0.750846,0.714041,0.764956,0.705429,0.754425,0.734256,0.709734,0.686661,0.762815,0.752986,0.748709,0.756088,0.732944,0.737436,0.716727,0.761553,0.720852,0.642553,0.650388,0.700439,0.757256,0.760344,0.769173,0.743630,0.790349,0.706838,0.717496,0.669076,0.744920,0.744925,0.767807,0.724325,0.731072,0.723601,0.710618,0.713213,0.714282,0.685872,0.742688,0.700534,0.760246,0.738392,0.701090,0.733720,0.705285,0.661193,0.670789,0.686145,0.714882,0.756381,0.712089,0.734495,0.768648,0.643158,0.720015,0.738448,0.658211,0.733869,0.689392,0.721699,0.716350,0.715883,0.742637,0.724196,0.689991,0.742520,0.709340,0.711671,0.710569,0.738683,0.689553,0.731244,0.676730,0.744156,0.732368,0.669329,0.708195,0.657717,0.740710,0.738028,0.677255,0.686794,0.761465,0.744837,0.736814,0.716894,0.695873,0.700877,0.705852,0.705739,0.739862,0.708313,0.698136,0.674562,0.708678,0.662059,0.692039,0.752989,0.733900,0.719266,0.746190,0.737793,0.727743,0.727866,0.734370,0.773531,0.695442,0.672647,0.713440,0.755392,0.712270,0.711190,0.722777,0.702587,0.694543,0.654072,0.709040,0.709221,0.676880,0.702040,0.731555,0.713059,0.715342,0.715372,0.701860,0.706684,0.716043,0.647305,#
15,0.777705,0.727845,0.742555,0.759600,0.737698,0.776227,0.724152,0.706134,0.784994,0.746989,0.738475,0.740332,0.707855,0.731756,0.743575,1.000000,0.768261,0.773925,0.745345,0.748465,0.737071,0.722891,0.740896,0.783349,0.722038,0.716087,0.737283,0.734853,0.708671,0.766640,0.741157,0.787517,0.734967,0.764595,0.713187,0.799331,0.755904,0.743825,0.778620,0.713435,0.723439,0.712348,0.748957,0.722154,0.787719,0.737278,0.736654,0.777652,0.761499,0.765826,0.712510,0.777735,0.749051,0.725324,0.751850,0.750085,0.723425,0.749270,0.752499,0.723977,0.763319,0.724867,0.757912,0.769413,0.747932,0.780450,0.724542,0.738559,0.716514,0.686234,0.751790,0.704598,0.733266,0.725338,0.746675,0.695808,0.763146,0.742153,0.743706,0.715357,0.790871,0.745360,0.703841,0.760285,0.795630,0.775818,0.709396,0.796471,0.715370,0.699805,0.689792,0.712158,0.749215,0.736984,0.741147,0.740401,0.758283,0.673635,0.725056,0.711956,0.776081,0.723229,0.777614,0.770832,0.713649,0.746604,0.759688,0.765946,0.711731,0.748077,0.694419,0.719033,0.737800,0.746659,0.689801,0.734454,0.706383,0.724269,0.703318,0.703401,0.714688,0.728017,0.751823,0.765242,0.731276,0.722287,0.766346,0.744272,0.722125,0.785306,0.704400,0.718153,0.716056,0.724581,0.766295,0.721942,0.701370,0.707526,0.755904,0.724100,0.710412,0.730170,0.725007,0.701853,0.717897,0.695395,0.706289,0.709625,0.757773,0.708470,0.756285,0.736267,0.753516,0.726426,0.747100,0.737063,0.794074,0.732949,0.746927,0.699245,0.718571,0.758831,0.782823,0.709568,0.752115,0.733161,0.763481,0.721825,0.781960,0.704289,0.717971,0.779428,0.716505,0.737622,0.746657,0.763418,0.761364,0.777282,0.711544,0.724887,0.745963,0.728832,0.716043,0.768810,0.723489,0.732585,0.658534,0.718868,0.693998,0.743638,0.693375,0.746099,0.739549,0.713062,0.725666,0.723178,0.749983,0.765407,0.754832,0.713519,#
16,0.804101,0.728443,0.717953,0.751357,0.749643,0.747968,0.752333,0.763469,0.744649,0.732289,0.748645,0.753485,0.751073,0.750076,0.739944,0.768261,1.000000,0.779979,0.760180,0.771693,0.811094,0.742429,0.705883,0.776428,0.715272,0.760763,0.765731,0.701281,0.697154,0.761888,0.736449,0.786690,0.766974,0.758727,0.734171,0.776806,0.763193,0.752296,0.762590,0.757985,0.736000,0.732139,0.750030,0.747831,0.754077,0.769414,0.735092,0.757598,0.753717,0.766840,0.727073,0.743018,0.782533,0.790426,0.771376,0.780078,0.672328,0.769263,0.761705,0.700334,0.748087,0.770196,0.759688,0.747075,0.773674,0.736710,0.759492,0.768955,0.776220,0.782356,0.727759,0.737969,0.796476,0.753479,0.757334,0.722238,0.746520,0.771019,0.748039,0.778835,0.802626,0.761511,0.753988,0.775903,0.781458,0.771586,0.778573,0.767589,0.757717,0.744439,0.690819,0.741263,0.787404,0.744757,0.787238,0.780704,0.776822,0.690514,0.763251,0.754224,0.728424,0.726821,0.768494,0.770902,0.713888,0.801466,0.789072,0.770815,0.779073,0.731170,0.771402,0.757776,0.768328,0.779121,0.760856,0.770034,0.771409,0.746117,0.703649,0.684167,0.733490,0.775111,0.769749,0.796450,0.802085,0.717619,0.756764,0.702346,0.716540,0.756678,0.752667,0.742935,0.771410,0.686545,0.813721,0.798173,0.743123,0.736205,0.736252,0.762937,0.739527,0.752391,0.755146,0.745688,0.726204,0.701596,0.731716,0.722664,0.754228,0.763755,0.715698,0.798789,0.698037,0.706415,0.796626,0.767972,0.770948,0.750037,0.753522,0.743884,0.720088,0.761309,0.785401,0.738995,0.754331,0.741470,0.762072,0.728506,0.766428,0.719517,0.762043,0.778281,0.753606,0.734455,0.760563,0.755569,0.729709,0.797838,0.731866,0.710903,0.719223,0.727452,0.748758,0.718172,0.748476,0.766629,0.737303,0.763927,0.746269,0.744197,0.775328,0.724611,0.740006,0.732516,0.732427,0.766344,0.753071,0.757706,0.747461,0.721339,#
17,0.808965,0.733728,0.756746,0.767657,0.785792,0.792339,0.771986,0.770983,0.793118,0.746732,0.731858,0.791493,0.772084,0.797692,0.740411,0.773925,0.779979,1.000000,0.753168,0.794876,0.795574,0.734027,0.751911,0.818936,0.767166,0.753027,0.777346,0.763759,0.718257,0.775956,0.772768,0.771205,0.757841,0.728710,0.738418,0.812248,0.730221,0.788025,0.794644,0.786432,0.793197,0.769038,0.788484,0.762712,0.771842,0.757449,0.776574,0.803939,0.790143,0.769910,0.792179,0.767603,0.772792,0.746097,0.790983,0.807037,0.748242,0.761493,0.780752,0.703531,0.766822,0.768692,0.740479,0.783181,0.789602,0.821062,0.806145,0.792517,0.767780,0.756692,0.749397,0.778212,0.777368,0.765478,0.761075,0.744963,0.781190,0.763008,0.768298,0.776527,0.799797,0.766423,0.790741,0.751721,0.765886,0.758642,0.795899,0.781622,0.754171,0.747408,0.738912,0.741608,0.794856,0.773019,0.768168,0.813009,0.778344,0.722197,0.741254,0.767284,0.778156,0.721247,0.790599,0.799999,0.736723,0.754430,0.772305,0.782880,0.761147,0.736475,0.773532,0.757699,0.756631,0.804265,0.757678,0.752623,0.737195,0.743114,0.719866,0.734942,0.733501,0.783459,0.763494,0.802251,0.810909,0.775474,0.769691,0.737340,0.727721,0.768081,0.802016,0.793875,0.787385,0.735847,0.763818,0.777453,0.770289,0.782213,0.780214,0.796900,0.787069,0.783280,0.799711,0.760990,0.765375,0.752137,0.739846,0.745993,0.762859,0.720435,0.789272,0.779022,0.727130,0.736993,0.813213,0.806991,0.826090,0.766572,0.797287,0.726763,0.761104,0.772028,0.802851,0.759303,0.772338,0.743295,0.736292,0.717698,0.786716,0.738657,0.806932,0.764435,0.779896,0.751415,0.791714,0.747929,0.781926,0.807219,0.723886,0.772689,0.764155,0.789957,0.764732,0.786551,0.781817,0.760347,0.743748,0.782193,0.757743,0.741834,0.748708,0.793584,0.778921,0.775468,0.782897,0.797320,0.748032,0.801681,0.750811,0.750283,#
18,0.770473,0.711544,0.720962,0.793779,0.734741,0.707340,0.725687,0.743064,0.739590,0.742587,0.743255,0.756805,0.760952,0.767941,0.721641,0.745345,0.760180,0.753168,1.000000,0.771098,0.763351,0.742248,0.748815,0.753427,0.716446,0.748047,0.726338,0.756302,0.713314,0.738144,0.687056,0.742782,0.764277,0.771181,0.764366,0.792768,0.732727,0.757122,0.746632,0.761535,0.770739,0.687199,0.741955,0.706047,0.790545,0.727734,0.752025,0.746494,0.726162,0.723019,0.725197,0.737135,0.761855,0.704194,0.771083,0.767822,0.702345,0.757398,0.734309,0.738711,0.756206,0.715948,0.760945,0.749164,0.810605,0.728761,0.752155,0.729963,0.695523,0.747263,0.740217,0.712359,0.759821,0.720564,0.766832,0.716851,0.776514,0.729164,0.758934,0.729737,0.754787,0.723204,0.755589,0.739933,0.762668,0.729128,0.755668,0.752812,0.737383,0.716406,0.728032,0.717212,0.765003,0.747320,0.778250,0.759447,0.769778,0.704439,0.761585,0.740972,0.738194,0.712920,0.765486,0.759746,0.767241,0.760499,0.725154,0.731141,0.740933,0.702434,0.772466,0.723315,0.773727,0.769943,0.692247,0.728764,0.720620,0.679018,0.700287,0.721060,0.702858,0.761463,0.746132,0.740210,0.747700,0.683964,0.739053,0.724723,0.756353,0.712325,0.718734,0.765642,0.719511,0.730310,0.773626,0.754618,0.775089,0.760833,0.713092,0.743421,0.717913,0.761069,0.745366,0.763351,0.715512,0.753183,0.705348,0.692964,0.734239,0.718443,0.714675,0.783455,0.722877,0.703295,0.751199,0.762379,0.771098,0.755556,0.750590,0.717082,0.755209,0.744805,0.782860,0.742351,0.740427,0.759810,0.784954,0.701593,0.739215,0.749772,0.716411,0.769897,0.764972,0.742438,0.709613,0.770186,0.766679,0.794608,0.707720,0.720689,0.726292,0.730829,0.728639,0.725737,0.735112,0.733747,0.750579,0.709761,0.722991,0.733396,0.735508,0.739451,0.714496,0.771550,0.772088,0.749704,0.712720,0.759589,0.765804,0.705436,#
19,0.763713,0.730102,0.744814,0.736626,0.799306,0.797131,0.701826,0.749400,0.750084,0.737201,0.729558,0.709669,0.730354,0.757431,0.753751,0.748465,0.771693,0.794876,0.771098,1.000000,0.765706,0.703901,0.728425,0.748689,0.702415,0.706500,0.766057,0.735978,0.720435,0.761297,0.762808,0.774343,0.734195,0.723075,0.683692,0.777518,0.716388,0.723529,0.762709,0.742997,0.764590,0.711734,0.731507,0.729028,0.741541,0.753835,0.793398,0.754945,0.754395,0.722589,0.716486,0.724363,0.750563,0.731828,0.750895,0.758693,0.752956,0.736760,0.752665,0.697858,0.747938,0.766006,0.779945,0.773977,0.788231,0.730719,0.738996,0.738303,0.705938,0.739630,0.738162,0.725901,0.769459,0.762232,0.755666,0.716971,0.735660,0.746427,0.764120,0.740238,0.776456,0.723144,0.795119,0.723090,0.737946,0.744837,0.734994,0.802123,0.761192,0.665822,0.712289,0.727803,0.779308,0.752072,0.747207,0.760513,0.771201,0.708301,0.706749,0.726142,0.739112,0.744306,0.774949,0.756666,0.727267,0.755601,0.741975,0.763109,0.734541,0.674242,0.719532,0.726837,0.774782,0.778395,0.745838,0.717812,0.764064,0.736852,0.695695,0.657180,0.714525,0.781468,0.743804,0.799550,0.798521,0.695796,0.765145,0.715915,0.753716,0.780675,0.745230,0.760176,0.746496,0.731698,0.797937,0.751543,0.726776,0.769865,0.716994,0.731269,0.713438,0.745752,0.744905,0.733963,0.722908,0.722488,0.691451,0.674536,0.744331,0.713965,0.745129,0.807410,0.718248,0.702685,0.778969,0.748048,0.787553,0.741994,0.760867,0.744611,0.749563,0.738360,0.745990,0.711742,0.750745,0.707991,0.720627,0.726727,0.758628,0.716991,0.748297,0.782106,0.793575,0.744369,0.750416,0.717767,0.756159,0.815743,0.729656,0.684380,0.675432,0.747118,0.750515,0.795876,0.766028,0.729596,0.698853,0.728110,0.750537,0.739726,0.756417,0.756373,0.716941,0.737830,0.733170,0.780592,0.690759,0.739919,0.767955,0.715563,#
20,0.781072,0.739940,0.744752,0.743056,0.788364,0.757881,0.780260,0.758124,0.740705,0.782869,0.747298,0.747050,0.738923,0.788452,0.757502,0.737071,0.811094,0.795574,0.763351,0.765706,1.000000,0.756297,0.719748,0.780757,0.732579,0.776989,0.779993,0.749672,0.717254,0.757716,0.728298,0.754362,0.755969,0.779575,0.749322,0.805981,0.766253,0.761072,0.796453,0.793030,0.757741,0.786009,0.743887,0.751782,0.794422,0.763981,0.792759,0.748370,0.744782,0.750237,0.735718,0.777162,0.746964,0.775390,0.792358,0.793800,0.746528,0.789725,0.762778,0.713969,0.775762,0.759943,0.797898,0.743875,0.773624,0.751247,0.778588,0.751318,0.775875,0.755354,0.775184,0.754958,0.770359,0.769680,0.766842,0.694171,0.746662,0.768003,0.764088,0.766410,0.784099,0.806878,0.783186,0.756510,0.763110,0.758439,0.779330,0.764135,0.770617,0.746744,0.743306,0.764734,0.775158,0.804421,0.824864,0.747758,0.738505,0.722929,0.765838,0.742888,0.774355,0.756192,0.806927,0.776365,0.764166,0.745483,0.777865,0.785656,0.763934,0.777387,0.789755,0.791779,0.757903,0.747072,0.755847,0.763681,0.763693,0.777431,0.696953,0.730364,0.754263,0.781533,0.748272,0.816606,0.782000,0.751862,0.751082,0.716672,0.773878,0.759543,0.781178,0.752375,0.767173,0.780656,0.805035,0.740237,0.742038,0.767038,0.767173,0.788511,0.759418,0.763261,0.760948,0.776676,0.749011,0.739942,0.741955,0.724266,0.741187,0.782688,0.783534,0.794978,0.743793,0.750269,0.798923,0.772092,0.763001,0.746627,0.755529,0.748831,0.746371,0.788537,0.773864,0.753196,0.785569,0.678928,0.725977,0.704468,0.772804,0.756206,0.781377,0.748570,0.810590,0.746845,0.752429,0.758008,0.743154,0.812116,0.762363,0.748763,0.727356,0.744317,0.737551,0.749555,0.743854,0.754141,0.736207,0.776488,0.741230,0.765463,0.709227,0.734797,0.740901,0.796198,0.749962,0.733965,0.758904,0.776204,0.789618,0.760076,#
21,0.693806,0.756589,0.727777,0.743357,0.712679,0.722344,0.719191,0.714751,0.782188,0.701362,0.680476,0.736019,0.691469,0.727225,0.683054,0.722891,0.742429,0.734027,0.742248,0.703901,0.756297,1.000000,0.710168,0.732487,0.686028,0.687319,0.742005,0.708577,0.695117,0.710224,0.709900,0.724642,0.730588,0.728588,0.718016,0.781584,0.742323,0.757408,0.752472,0.708208,0.712760,0.731439,0.704323,0.723568,0.740234,0.718978,0.720823,0.744539,0.722100,0.675386,0.691065,0.747304,0.695495,0.692074,0.746192,0.753146,0.702631,0.724424,0.738505,0.655857,0.748723,0.705696,0.730477,0.699496,0.796503,0.721505,0.735582,0.725650,0.736233,0.733306,0.731806,0.740280,0.767319,0.762879,0.751110,0.702045,0.713404,0.709698,0.715547,0.722563,0.730532,0.729774,0.740644,0.665180,0.774159,0.710677,0.735250,0.739554,0.735636,0.733267,0.650821,0.659385,0.720208,0.723797,0.758985,0.724801,0.747951,0.670477,0.698818,0.720767,0.745301,0.742059,0.734295,0.726459,0.666689,0.761508,0.710251,0.715634,0.725683,0.729853,0.750462,0.738614,0.718078,0.736126,0.661859,0.723419,0.743478,0.740128,0.641028,0.698108,0.674332,0.732492,0.737623,0.738104,0.743339,0.649171,0.724822,0.726354,0.710532,0.719022,0.726620,0.753752,0.731976,0.703635,0.755025,0.709098,0.693060,0.690803,0.694549,0.743171,0.739558,0.756841,0.715991,0.729679,0.696001,0.729032,0.724162,0.687987,0.705899,0.699552,0.743125,0.750750,0.689625,0.701949,0.755097,0.757001,0.735930,0.705192,0.698162,0.699351,0.718227,0.754487,0.765031,0.754525,0.753664,0.672879,0.724934,0.689651,0.701532,0.738853,0.729669,0.721687,0.733480,0.703565,0.715269,0.759646,0.688713,0.772408,0.682323,0.698939,0.685593,0.723885,0.673242,0.751094,0.711350,0.738811,0.703650,0.681543,0.691300,0.740920,0.729498,0.695019,0.718681,0.753146,0.761623,0.721187,0.728092,0.753323,0.705225,0.707937,#
