0,1.000000,0.728164,0.732843,0.718300,0.660200,0.736391,0.695440,0.722799,0.704085,0.692089,0.694286,0.733797,0.729159,0.666497,0.722269,0.669065,0.704655,0.723236,0.708424,0.724829,0.700972,0.684431,0.702168,0.713370,0.677859,0.712304,0.743432,0.731289,0.661474,0.702976,0.704426,0.688578,0.692461,0.657988,0.733677,0.722164,0.718403,0.720732,0.722891,0.752900,0.701477,0.696983,0.717359,0.732154,0.697161,0.680100,0.752833,0.705771,0.701011,0.755006,0.737738,0.695231,0.717884,0.741809,0.704255,0.745675,0.693848,0.749174,0.717017,0.732015,0.745815,0.645844,0.723288,0.702690,0.706717,0.725649,0.736412,0.745669,0.704544,0.684776,0.727769,0.739555,0.784116,0.709325,0.732373,0.727783,0.688122,0.725714,0.705520,0.709483,0.778545,0.729120,0.729741,0.725541,0.685785,0.754272,0.682132,0.648199,0.660289,0.708587,0.691938,0.695145,0.643402,0.726682,0.698282,0.720652,0.676186,0.676209,0.714675,0.728383,0.706291,0.713105,0.686191,0.699212,0.741843,0.667302,0.654017,0.726198,0.733478,0.709070,0.737162,0.672650,0.741939,0.656319,0.683297,0.770783,0.671381,0.700537,0.712918,0.685341,0.650975,0.778241,0.720442,0.765872,0.685972,0.689831,0.689939,0.704642,0.682838,0.672761,0.705098,0.726843,0.712650,0.682981,0.699461,0.671479,0.693739,0.762625,0.690321,0.682482,0.682184,0.714391,0.632325,0.729575,0.739352,0.664437,0.713844,0.636467,0.724124,0.716918,0.710552,0.672009,0.699546,0.671240,0.690910,0.673113,0.693151,0.718881,0.715033,0.739328,0.726337,0.750578,0.690849,0.717356,0.740602,0.719209,0.725927,0.695069,0.704455,0.723292,0.721112,0.681324,0.737188,0.747583,0.769131,0.637736,0.681548,0.723026,0.721798,0.707093,0.697573,0.732563,0.644096,0.668970,0.712069,0.671746,0.715039,0.703263,0.697078,0.742677,0.684830,0.727721,0.701038,0.697350,0.688800,0.670555,0.700134,0.718761,0.744141,0.702572,#
1,0.728164,1.000000,0.763662,0.763792,0.702907,0.773666,0.705119,0.708425,0.722077,0.723131,0.744547,0.694727,0.730765,0.752711,0.690356,0.709357,0.711271,0.719673,0.742416,0.731872,0.777506,0.788224,0.730167,0.759446,0.713198,0.687863,0.774699,0.754762,0.679876,0.679749,0.759576,0.764631,0.741008,0.739962,0.742518,0.770623,0.674987,0.767222,0.728407,0.749003,0.733557,0.709984,0.694167,0.713256,0.721647,0.753055,0.766846,0.734633,0.746699,0.765425,0.722279,0.767466,0.733162,0.715250,0.763168,0.756217,0.697717,0.752737,0.760617,0.730192,0.722480,0.709154,0.690447,0.684023,0.715433,0.729768,0.793284,0.742576,0.771931,0.758291,0.748000,0.769218,0.818410,0.734953,0.747348,0.738818,0.718936,0.764881,0.744937,0.729157,0.771661,0.740902,0.801636,0.743582,0.753870,0.734276,0.688446,0.695651,0.741750,0.739922,0.715099,0.699729,0.727862,0.736532,0.682669,0.680569,0.709188,0.693648,0.722948,0.749108,0.749744,0.758262,0.720490,0.748006,0.740983,0.707548,0.697485,0.760979,0.730453,0.720916,0.736943,0.715550,0.723968,0.693364,0.698305,0.735050,0.738997,0.786729,0.709399,0.685761,0.732236,0.744758,0.673700,0.759975,0.670981,0.695472,0.740686,0.719000,0.751801,0.750311,0.694010,0.764327,0.706701,0.759217,0.751387,0.688181,0.676345,0.713614,0.749555,0.672849,0.731334,0.712821,0.678430,0.721395,0.714219,0.708964,0.748862,0.647900,0.709384,0.728608,0.743381,0.743773,0.709764,0.709810,0.744894,0.698098,0.716712,0.725976,0.682588,0.726689,0.712453,0.750490,0.765278,0.767037,0.731615,0.696951,0.732543,0.739782,0.657457,0.712477,0.753403,0.668429,0.742719,0.742292,0.778298,0.694093,0.715422,0.783954,0.714891,0.721605,0.738528,0.716184,0.689490,0.690377,0.702498,0.753420,0.739781,0.638065,0.733111,0.726761,0.708834,0.746718,0.711197,0.764115,0.751898,0.689555,0.726103,0.721380,0.743381,0.705896,#
2,0.732843,0.763662,1.000000,0.719625,0.637907,0.747987,0.723483,0.720784,0.703291,0.727610,0.728852,0.676067,0.697594,0.687487,0.692999,0.691088,0.680370,0.730780,0.699125,0.729983,0.692097,0.727164,0.631880,0.719448,0.684926,0.645134,0.763410,0.752893,0.720572,0.713543,0.763196,0.719802,0.724314,0.715314,0.741674,0.738577,0.715816,0.719396,0.734988,0.760187,0.733851,0.741625,0.700362,0.683651,0.685227,0.711878,0.789734,0.698149,0.710414,0.802913,0.704055,0.702274,0.695671,0.740736,0.783502,0.731745,0.740519,0.722919,0.706044,0.721958,0.735310,0.722998,0.709086,0.741685,0.703529,0.704532,0.804355,0.684941,0.765383,0.732098,0.749953,0.750170,0.770718,0.742180,0.735768,0.747055,0.718344,0.770712,0.727635,0.775468,0.750729,0.737048,0.759817,0.757126,0.760362,0.780205,0.693434,0.769725,0.727911,0.700301,0.739288,0.702476,0.709436,0.705668,0.721213,0.711523,0.685860,0.685769,0.775572,0.695265,0.717702,0.688619,0.671876,0.701123,0.721109,0.745710,0.729634,0.701688,0.768682,0.720104,0.730739,0.673425,0.746798,0.649742,0.699807,0.713604,0.680021,0.730648,0.727895,0.665822,0.687675,0.726559,0.691383,0.729155,0.704877,0.697075,0.700334,0.709435,0.705422,0.761905,0.727188,0.791292,0.776639,0.778089,0.730489,0.688435,0.650027,0.697009,0.722763,0.682558,0.731451,0.711108,0.655371,0.680565,0.732147,0.751701,0.719976,0.686689,0.697691,0.711801,0.736111,0.712783,0.687322,0.738465,0.697166,0.722377,0.701043,0.682661,0.666294,0.689480,0.687504,0.637759,0.703090,0.738619,0.688734,0.733398,0.768899,0.692208,0.661377,0.700746,0.719782,0.665172,0.723935,0.707106,0.768057,0.706365,0.708047,0.748528,0.712336,0.696878,0.722050,0.761026,0.692986,0.748678,0.688993,0.713361,0.704998,0.677189,0.732096,0.705853,0.677947,0.748892,0.748464,0.736476,0.705381,0.739610,0.719650,0.737011,0.714538,0.707082,#
3,0.718300,0.763792,0.719625,1.000000,0.698457,0.727637,0.672321,0.695173,0.710375,0.710518,0.685092,0.690538,0.712627,0.700959,0.657338,0.681581,0.694801,0.683560,0.691092,0.693669,0.725906,0.731010,0.657293,0.665638,0.712806,0.735200,0.717238,0.731797,0.669268,0.665508,0.708455,0.745623,0.708901,0.721117,0.716602,0.713764,0.663235,0.719571,0.659666,0.765952,0.705319,0.695286,0.669127,0.682873,0.707199,0.726182,0.755970,0.711733,0.755560,0.730085,0.716936,0.690391,0.710340,0.681655,0.740894,0.717252,0.630628,0.714487,0.771640,0.735890,0.683591,0.690480,0.665168,0.696519,0.733603,0.736579,0.718088,0.714091,0.688109,0.708494,0.678483,0.742210,0.776237,0.737559,0.708247,0.715044,0.671788,0.717620,0.715020,0.738545,0.755426,0.681455,0.727053,0.711803,0.698523,0.730107,0.671226,0.682339,0.701242,0.709121,0.653848,0.695017,0.709972,0.719578,0.705726,0.696976,0.656076,0.654949,0.670169,0.721256,0.697277,0.678395,0.648949,0.677116,0.717726,0.674494,0.688636,0.729026,0.692261,0.688596,0.684395,0.696669,0.697261,0.679484,0.687679,0.730482,0.694355,0.703574,0.697426,0.640825,0.636143,0.706785,0.642223,0.720488,0.660096,0.686497,0.718643,0.699834,0.676745,0.724616,0.677333,0.734658,0.687065,0.749656,0.730177,0.693084,0.689336,0.683773,0.694707,0.670177,0.685377,0.684351,0.641344,0.655000,0.670194,0.740380,0.677968,0.667528,0.680708,0.645537,0.684693,0.680945,0.671432,0.704022,0.689945,0.643961,0.720234,0.699702,0.639859,0.721764,0.733429,0.732081,0.692935,0.766477,0.716624,0.701386,0.704525,0.678284,0.672551,0.684887,0.708361,0.682690,0.691977,0.721841,0.698719,0.691529,0.690103,0.694211,0.724212,0.689934,0.684208,0.739417,0.650632,0.701015,0.667344,0.699384,0.683705,0.595618,0.734737,0.729277,0.660562,0.689212,0.705929,0.691972,0.705933,0.691622,0.709780,0.713169,0.691225,0.708926,#
4,0.660200,0.702907,0.637907,0.698457,1.000000,0.721524,0.699652,0.636780,0.622494,0.673865,0.659153,0.668701,0.623838,0.666178,0.636005,0.659151,0.640552,0.691102,0.623260,0.703020,0.700527,0.693129,0.665043,0.691813,0.653035,0.643093,0.666699,0.679537,0.656647,0.659874,0.736852,0.668179,0.682289,0.626428,0.673671,0.701189,0.638266,0.674211,0.657664,0.740439,0.653066,0.649179,0.640621,0.666866,0.686623,0.658078,0.724648,0.654318,0.700503,0.692017,0.715334,0.674577,0.650779,0.592726,0.691074,0.698808,0.627517,0.696580,0.737551,0.685424,0.615861,0.654123,0.685766,0.639619,0.712141,0.739925,0.725352,0.652659,0.664535,0.672945,0.694159,0.726820,0.686348,0.677972,0.683528,0.678109,0.658735,0.698554,0.693815,0.674792,0.651707,0.671304,0.719955,0.638663,0.688578,0.635395,0.600005,0.647772,0.695203,0.710802,0.621123,0.614137,0.622785,0.666375,0.653160,0.660882,0.662310,0.608330,0.623746,0.634035,0.679116,0.719400,0.656436,0.661789,0.669074,0.607813,0.678120,0.666343,0.696899,0.698187,0.613567,0.650256,0.705218,0.716281,0.638241,0.666489,0.634040,0.744696,0.640993,0.610976,0.633362,0.662746,0.670843,0.676922,0.645204,0.674693,0.663809,0.633459,0.723604,0.682480,0.711403,0.710552,0.646575,0.678284,0.721176,0.662109,0.640410,0.715523,0.648260,0.626811,0.637826,0.707744,0.663901,0.686543,0.653365,0.662026,0.676689,0.591964,0.650329,0.670928,0.672644,0.727913,0.621760,0.585910,0.713306,0.630010,0.712715,0.683086,0.664920,0.661101,0.630072,0.693766,0.696596,0.699415,0.707963,0.652979,0.676321,0.639309,0.627420,0.646016,0.633792,0.657318,0.673092,0.674901,0.704914,0.654016,0.674699,0.703327,0.677202,0.700606,0.725340,0.656357,0.674518,0.646698,0.717080,0.687184,0.678245,0.682888,0.669102,0.675084,0.646441,0.637609,0.667834,0.671853,0.666065,0.582732,0.640590,0.697825,0.696007,0.613379,#
5,0.736391,0.773666,0.747987,0.727637,0.721524,1.000000,0.691187,0.710390,0.708832,0.709372,0.680687,0.667081,0.690495,0.679516,0.686828,0.675536,0.687823,0.701000,0.714967,0.753173,0.700347,0.695165,0.650501,0.695566,0.716199,0.734201,0.756646,0.754251,0.652471,0.699681,0.731830,0.721719,0.712290,0.725227,0.723568,0.736215,0.699946,0.694965,0.685147,0.752909,0.692786,0.700800,0.680049,0.688257,0.713118,0.726003,0.724047,0.730259,0.722821,0.748175,0.737349,0.672386,0.678793,0.709283,0.742509,0.784019,0.678855,0.720754,0.753831,0.743011,0.668913,0.662106,0.716599,0.735440,0.694201,0.705939,0.733588,0.697141,0.720840,0.734936,0.755453,0.760776,0.761026,0.728314,0.730352,0.707294,0.676622,0.754438,0.710642,0.723045,0.737021,0.719383,0.756301,0.707570,0.706248,0.708155,0.663224,0.680773,0.738443,0.699626,0.716105,0.653967,0.665683,0.725698,0.690824,0.620359,0.732219,0.679611,0.745198,0.649851,0.743352,0.708469,0.755848,0.722383,0.711425,0.677626,0.708023,0.715493,0.680370,0.725533,0.696071,0.698322,0.730532,0.654605,0.638519,0.694661,0.752570,0.750288,0.701432,0.673310,0.658625,0.721428,0.676783,0.756047,0.670705,0.692682,0.738346,0.673168,0.720935,0.691242,0.698038,0.769124,0.739744,0.762558,0.732876,0.648927,0.644269,0.722046,0.679525,0.675659,0.688556,0.666223,0.672538,0.700252,0.788929,0.701327,0.696989,0.685361,0.692324,0.753427,0.749179,0.723898,0.720087,0.678943,0.747135,0.651750,0.720863,0.693600,0.679258,0.695284,0.694703,0.743873,0.707997,0.719866,0.725694,0.671717,0.654381,0.728887,0.685157,0.693469,0.733732,0.709739,0.711316,0.712264,0.732555,0.717340,0.713657,0.728809,0.734261,0.724479,0.742255,0.687610,0.626578,0.680027,0.692360,0.725327,0.734726,0.679770,0.749497,0.744548,0.650290,0.743573,0.696192,0.741219,0.675131,0.662859,0.675104,0.734717,0.720869,0.699405,#
6,0.695440,0.705119,0.723483,0.672321,0.699652,0.691187,1.000000,0.645193,0.694444,0.726777,0.741318,0.693543,0.691976,0.703679,0.604236,0.763894,0.715898,0.753297,0.708653,0.666557,0.706111,0.678838,0.621214,0.676463,0.711094,0.701391,0.712928,0.722997,0.668854,0.679981,0.721949,0.730668,0.693433,0.717233,0.700843,0.723195,0.697986,0.708942,0.647666,0.728790,0.719983,0.736160,0.725388,0.723700,0.684693,0.649031,0.754897,0.698489,0.737821,0.761000,0.702990,0.693465,0.682392,0.607113,0.722014,0.700646,0.692378,0.745911,0.746619,0.699789,0.709290,0.716182,0.678990,0.652768,0.745000,0.703533,0.773440,0.709145,0.726096,0.664597,0.731964,0.776314,0.727845,0.710777,0.692842,0.713438,0.733794,0.766294,0.745033,0.708869,0.708922,0.731370,0.712206,0.778492,0.707412,0.673037,0.671411,0.677119,0.716725,0.700303,0.671749,0.690100,0.648844,0.720179,0.688559,0.696966,0.711610,0.677018,0.686151,0.671911,0.720768,0.724181,0.696878,0.699495,0.755816,0.639494,0.730610,0.703126,0.750041,0.698826,0.646634,0.658533,0.708474,0.703365,0.656119,0.737804,0.658922,0.727416,0.642605,0.681209,0.665513,0.722937,0.623330,0.724266,0.683822,0.676521,0.676356,0.679952,0.679957,0.686940,0.720452,0.729007,0.694776,0.692004,0.721571,0.661777,0.712603,0.693436,0.728610,0.713576,0.705357,0.690480,0.656164,0.696147,0.709509,0.733290,0.701130,0.677306,0.664591,0.697542,0.707891,0.733440,0.643749,0.678281,0.676309,0.671652,0.687298,0.628801,0.660333,0.730778,0.688003,0.688387,0.682700,0.709190,0.694659,0.703334,0.739635,0.660415,0.668739,0.701797,0.680251,0.725172,0.656089,0.652584,0.723006,0.723458,0.693779,0.725144,0.708284,0.694783,0.729600,0.703555,0.696785,0.702151,0.674132,0.683824,0.714736,0.665359,0.699581,0.700451,0.658369,0.713826,0.680586,0.707851,0.703722,0.698847,0.713235,0.710117,0.718613,0.690197,#
7,0.722799,0.708425,0.720784,0.695173,0.636780,0.710390,0.645193,1.000000,0.715871,0.655548,0.663625,0.657191,0.696966,0.684500,0.679121,0.652274,0.649311,0.709059,0.690580,0.702120,0.715779,0.672233,0.702742,0.650671,0.661936,0.715225,0.695981,0.672897,0.670482,0.704057,0.689392,0.692087,0.689029,0.687866,0.710255,0.709402,0.666548,0.704199,0.714642,0.729410,0.699292,0.714793,0.633902,0.648890,0.669482,0.688485,0.730928,0.731110,0.738763,0.715956,0.676224,0.703570,0.690992,0.685530,0.732054,0.677220,0.689507,0.667500,0.727096,0.767817,0.643893,0.696158,0.716498,0.688082,0.715076,0.694151,0.768489,0.657554,0.679578,0.646575,0.733868,0.673764,0.735852,0.727025,0.700271,0.688054,0.672079,0.717332,0.668492,0.680878,0.749582,0.666922,0.735408,0.696846,0.690933,0.726999,0.661487,0.677441,0.667977,0.686721,0.687666,0.679272,0.677556,0.683877,0.696075,0.693700,0.690768,0.717011,0.729551,0.668473,0.705377,0.667440,0.628764,0.644537,0.714030,0.654261,0.658744,0.715267,0.720888,0.655768,0.726968,0.656808,0.737839,0.668750,0.687667,0.719553,0.634640,0.674630,0.680242,0.706798,0.658970,0.692589,0.674592,0.700851,0.679598,0.700612,0.653435,0.693189,0.657398,0.691766,0.658744,0.733334,0.712728,0.638409,0.701925,0.673871,0.636247,0.727607,0.669365,0.659425,0.665160,0.655180,0.661316,0.656237,0.722722,0.684838,0.698650,0.606636,0.642569,0.676475,0.650342,0.700472,0.678893,0.638792,0.689276,0.723585,0.687565,0.696965,0.658430,0.665392,0.703617,0.660921,0.727649,0.677403,0.698215,0.675117,0.693616,0.664013,0.594920,0.634602,0.709800,0.652527,0.685249,0.729382,0.720288,0.627425,0.651907,0.661252,0.705738,0.687416,0.704276,0.678301,0.653775,0.673298,0.681283,0.690129,0.715611,0.637570,0.715425,0.728577,0.697097,0.706478,0.671038,0.666602,0.685878,0.648386,0.689243,0.730831,0.732579,0.650339,#
8,0.704085,0.722077,0.703291,0.710375,0.622494,0.708832,0.694444,0.715871,1.000000,0.696773,0.686471,0.723516,0.700843,0.716277,0.673037,0.708958,0.653455,0.698108,0.626423,0.722908,0.719976,0.707102,0.641263,0.678894,0.690547,0.697062,0.706597,0.673788,0.664203,0.673238,0.723634,0.703576,0.683941,0.679128,0.686875,0.777517,0.675827,0.713867,0.660569,0.704952,0.669650,0.666873,0.742751,0.695509,0.678642,0.645336,0.712160,0.653261,0.739167,0.726530,0.702120,0.703582,0.684063,0.684040,0.704507,0.712497,0.686732,0.698884,0.698885,0.685489,0.694822,0.705393,0.724175,0.715098,0.703910,0.719136,0.761665,0.719521,0.740437,0.672723,0.706062,0.755031,0.769924,0.704142,0.707449,0.684033,0.672590,0.728417,0.695141,0.707610,0.720697,0.681742,0.707865,0.703474,0.708737,0.692918,0.672410,0.697547,0.667494,0.637283,0.690133,0.673223,0.650303,0.661509,0.649294,0.650382,0.704625,0.703107,0.769708,0.708209,0.692237,0.642082,0.716948,0.719228,0.656959,0.683289,0.694254,0.679636,0.659836,0.735571,0.659950,0.654079,0.712345,0.649792,0.611837,0.716200,0.683976,0.678887,0.668340,0.698529,0.644862,0.665519,0.671295,0.738230,0.660899,0.681460,0.624870,0.667822,0.713338,0.716307,0.648744,0.748452,0.708760,0.669402,0.686124,0.694728,0.656337,0.689188,0.697658,0.665754,0.692557,0.666512,0.667722,0.604417,0.719814,0.665062,0.666466,0.665694,0.655815,0.716964,0.679793,0.723000,0.657268,0.740454,0.683639,0.666883,0.695726,0.699993,0.721934,0.673357,0.705811,0.657327,0.690359,0.688714,0.673691,0.668132,0.677328,0.720462,0.680350,0.637805,0.671146,0.693692,0.623402,0.699054,0.738716,0.665685,0.668937,0.701715,0.697214,0.665362,0.719399,0.697868,0.668737,0.681621,0.657554,0.646877,0.747926,0.635601,0.672315,0.729661,0.713206,0.724811,0.720947,0.693248,0.668258,0.613912,0.640653,0.691320,0.692525,0.727081,#
9,0.692089,0.723131,0.727610,0.710518,0.673865,0.709372,0.726777,0.655548,0.696773,1.000000,0.701925,0.671793,0.700344,0.717029,0.700945,0.697569,0.668995,0.735957,0.645408,0.670653,0.724325,0.693429,0.637493,0.697897,0.695565,0.659097,0.722577,0.766549,0.635853,0.707051,0.706135,0.709742,0.697190,0.700368,0.705787,0.727918,0.693045,0.698378,0.691663,0.752790,0.679288,0.727219,0.659865,0.670813,0.705628,0.684130,0.715159,0.711941,0.754765,0.750100,0.714809,0.679577,0.622789,0.638522,0.701683,0.714122,0.729039,0.753451,0.662952,0.718865,0.698152,0.692999,0.694885,0.668262,0.683319,0.749730,0.753362,0.698058,0.756961,0.680861,0.710460,0.740938,0.729156,0.708626,0.707603,0.723232,0.722861,0.776131,0.697364,0.761098,0.733347,0.712159,0.728356,0.758999,0.721065,0.693695,0.684263,0.731190,0.715816,0.706211,0.718950,0.652546,0.703474,0.677277,0.716510,0.676684,0.650532,0.661247,0.702212,0.705169,0.758492,0.738371,0.706736,0.687947,0.719071,0.689176,0.670769,0.748120,0.738979,0.725351,0.684620,0.707850,0.726534,0.662771,0.664139,0.762151,0.608854,0.734418,0.701685,0.689845,0.606897,0.716873,0.666345,0.722482,0.692594,0.699634,0.689204,0.677149,0.718541,0.666999,0.661488,0.757006,0.702702,0.690632,0.724313,0.634555,0.663830,0.704643,0.686464,0.676680,0.750717,0.736471,0.721194,0.727455,0.747518,0.761174,0.684061,0.706972,0.684448,0.681660,0.680560,0.701717,0.689251,0.697328,0.671859,0.678538,0.677284,0.728597,0.699025,0.728726,0.698302,0.721405,0.740284,0.743139,0.698164,0.715882,0.656798,0.713381,0.712131,0.679627,0.692960,0.678942,0.695267,0.667017,0.730437,0.746661,0.722176,0.742743,0.674198,0.735915,0.736662,0.727244,0.722056,0.671988,0.710683,0.715922,0.711360,0.670635,0.726477,0.692474,0.657865,0.704071,0.667777,0.681205,0.659344,0.671410,0.712831,0.724051,0.713592,0.648990,#
10,0.694286,0.744547,0.728852,0.685092,0.659153,0.680687,0.741318,0.663625,0.686471,0.701925,1.000000,0.712095,0.706273,0.706896,0.627917,0.708536,0.699693,0.694014,0.728195,0.674572,0.694044,0.705986,0.653202,0.725797,0.676329,0.696173,0.711177,0.753786,0.699314,0.689935,0.708487,0.685340,0.689113,0.717536,0.698171,0.718283,0.720230,0.707898,0.662239,0.703428,0.717163,0.675391,0.690757,0.672954,0.677739,0.715877,0.791179,0.700046,0.717176,0.770053,0.674769,0.720125,0.685035,0.638045,0.711935,0.733549,0.712750,0.766392,0.681218,0.736029,0.707233,0.716033,0.748469,0.708303,0.721855,0.673994,0.772100,0.677728,0.752113,0.672038,0.769320,0.758353,0.760972,0.664464,0.724332,0.760051,0.676458,0.749146,0.746633,0.687818,0.755309,0.672470,0.730351,0.696371,0.700028,0.687955,0.712466,0.659943,0.703361,0.756941,0.660739,0.713100,0.723362,0.670596,0.659594,0.689644,0.692190,0.707965,0.698264,0.703562,0.704972,0.679046,0.694218,0.725275,0.707229,0.704287,0.725461,0.672752,0.708656,0.718241,0.711247,0.664331,0.755050,0.693395,0.665012,0.743290,0.636874,0.717811,0.667986,0.675145,0.684529,0.741998,0.619909,0.714150,0.638178,0.678246,0.712502,0.670518,0.730406,0.721873,0.677305,0.738987,0.687790,0.718067,0.746805,0.728100,0.649963,0.683985,0.732836,0.716784,0.726886,0.706057,0.681873,0.720910,0.711100,0.722336,0.704771,0.664444,0.682551,0.731233,0.677979,0.696864,0.684011,0.682557,0.721753,0.667146,0.714913,0.719800,0.665003,0.677234,0.708788,0.674615,0.703346,0.727731,0.697500,0.690378,0.730286,0.682911,0.684007,0.709086,0.658797,0.722866,0.653048,0.680098,0.759430,0.705932,0.668993,0.717230,0.668172,0.724057,0.692906,0.660909,0.702540,0.687176,0.636916,0.707743,0.721089,0.696150,0.664435,0.728101,0.685270,0.682486,0.684157,0.764861,0.692349,0.659003,0.697430,0.710414,0.724199,0.720898,#
11,0.733797,0.694727,0.676067,0.690538,0.668701,0.667081,0.693543,0.657191,0.723516,0.671793,0.712095,1.000000,0.698847,0.720570,0.701259,0.686397,0.658437,0.719633,0.714627,0.694510,0.686280,0.697506,0.690592,0.712417,0.678692,0.687299,0.682512,0.691441,0.668327,0.650566,0.747553,0.723345,0.724561,0.703949,0.664922,0.726544,0.723707,0.753670,0.679120,0.698856,0.702293,0.661880,0.671458,0.670672,0.675136,0.631322,0.754172,0.710758,0.727950,0.738594,0.655819,0.656732,0.704266,0.657589,0.722025,0.704181,0.652972,0.756903,0.718491,0.762781,0.653972,0.664411,0.744058,0.671079,0.702439,0.684718,0.752640,0.726448,0.722988,0.714586,0.684605,0.707830,0.755734,0.704712,0.775375,0.727128,0.720822,0.750982,0.692511,0.659827,0.698494,0.670600,0.743768,0.714937,0.699438,0.664483,0.636514,0.676827,0.673342,0.658126,0.684157,0.680155,0.655699,0.702012,0.629093,0.694000,0.666214,0.699790,0.700602,0.688750,0.688029,0.716895,0.710939,0.688578,0.712031,0.687908,0.699030,0.706689,0.730573,0.707084,0.701891,0.702085,0.725221,0.650820,0.639385,0.699031,0.670261,0.704120,0.677830,0.713287,0.646133,0.673014,0.671492,0.766378,0.653802,0.666502,0.694701,0.706854,0.747495,0.718996,0.707437,0.713173,0.731220,0.701314,0.731938,0.714070,0.682098,0.706466,0.695183,0.681650,0.686525,0.632364,0.698188,0.714461,0.713665,0.669009,0.703172,0.638733,0.635357,0.670871,0.700788,0.671520,0.685817,0.732130,0.682689,0.650992,0.708389,0.668613,0.660800,0.702203,0.703907,0.712436,0.728586,0.726941,0.747914,0.699314,0.723592,0.673159,0.669697,0.709296,0.696724,0.670285,0.705223,0.739464,0.725119,0.692896,0.676200,0.680649,0.697210,0.713158,0.698014,0.665690,0.709242,0.657987,0.687337,0.632583,0.717019,0.684268,0.651324,0.675679,0.697275,0.739483,0.700133,0.695756,0.688675,0.646689,0.680488,0.731768,0.722805,0.648495,#
12,0.729159,0.730765,0.697594,0.712627,0.623838,0.690495,0.691976,0.696966,0.700843,0.700344,0.706273,0.698847,1.000000,0.708090,0.669250,0.650850,0.631183,0.695247,0.724543,0.659307,0.708676,0.658332,0.679850,0.692483,0.710900,0.691533,0.685295,0.698180,0.677248,0.653163,0.701951,0.659516,0.670598,0.717676,0.733271,0.732396,0.675669,0.705923,0.652192,0.690991,0.654597,0.641551,0.645071,0.682346,0.694729,0.681861,0.778798,0.698830,0.727501,0.761641,0.734221,0.644389,0.666031,0.671121,0.735775,0.712782,0.667682,0.680378,0.721444,0.702448,0.659360,0.687327,0.707713,0.642286,0.698348,0.708104,0.712030,0.679569,0.743881,0.690389,0.705838,0.734699,0.752685,0.711564,0.718345,0.715122,0.675260,0.749755,0.705192,0.740327,0.738012,0.702987,0.739027,0.695473,0.685725,0.712932,0.609616,0.696979,0.659239,0.675855,0.730310,0.670976,0.701423,0.696869,0.629755,0.692428,0.714279,0.643099,0.674331,0.655493,0.686046,0.706459,0.688135,0.686646,0.688056,0.656745,0.666985,0.715947,0.720918,0.694617,0.693888,0.681167,0.705679,0.638899,0.714444,0.713260,0.595489,0.685383,0.693646,0.690314,0.657349,0.720804,0.658088,0.730456,0.657035,0.746797,0.684929,0.667907,0.680845,0.689797,0.595840,0.672693,0.680334,0.669223,0.680483,0.653252,0.638539,0.685789,0.678621,0.603760,0.703263,0.662100,0.622234,0.709971,0.643705,0.676555,0.719285,0.642565,0.659417,0.726605,0.701425,0.653942,0.684122,0.647721,0.681535,0.711535,0.726589,0.740935,0.724044,0.660737,0.698964,0.706174,0.704595,0.693395,0.730555,0.629790,0.671897,0.722036,0.655003,0.683501,0.715322,0.620900,0.723314,0.666881,0.727030,0.652112,0.727077,0.731818,0.625597,0.661713,0.692471,0.708383,0.672740,0.651945,0.620815,0.658297,0.687141,0.669274,0.715360,0.676616,0.643414,0.690429,0.627228,0.683108,0.645795,0.685089,0.673529,0.709205,0.728401,0.648941,#
13,0.666497,0.752711,0.687487,0.700959,0.666178,0.679516,0.703679,0.684500,0.716277,0.717029,0.706896,0.720570,0.708090,1.000000,0.659660,0.669885,0.629481,0.745024,0.731383,0.688672,0.712761,0.695901,0.721836,0.693581,0.693380,0.724674,0.694420,0.742100,0.681054,0.733877,0.680483,0.702000,0.709608,0.744801,0.632980,0.717602,0.699143,0.752192,0.673200,0.740414,0.775579,0.697130,0.707476,0.663256,0.743057,0.713228,0.722500,0.725637,0.760228,0.746926,0.698584,0.736446,0.671418,0.650465,0.745126,0.731679,0.721182,0.757381,0.752026,0.740033,0.684933,0.714723,0.689542,0.684768,0.740811,0.735213,0.777786,0.734318,0.732063,0.684199,0.684802,0.736664,0.761752,0.746171,0.735888,0.733364,0.721887,0.750520,0.741891,0.708989,0.727470,0.686833,0.746376,0.749501,0.682771,0.750237,0.628550,0.687792,0.765351,0.672943,0.681394,0.724442,0.700436,0.713823,0.666470,0.666992,0.688175,0.666719,0.695415,0.727163,0.709794,0.699215,0.736349,0.723733,0.728836,0.722403,0.695339,0.728273,0.703992,0.711600,0.691569,0.693756,0.723579,0.686572,0.703380,0.738559,0.657103,0.724634,0.699811,0.659664,0.692957,0.708102,0.679486,0.690533,0.661719,0.679923,0.712853,0.678127,0.716151,0.711243,0.689224,0.691504,0.696191,0.723485,0.717741,0.696402,0.673864,0.725058,0.769297,0.660309,0.714019,0.717326,0.712503,0.688615,0.684734,0.703876,0.715837,0.670147,0.707681,0.685642,0.723708,0.709678,0.669649,0.718715,0.669626,0.676421,0.733385,0.673412,0.691685,0.706601,0.718199,0.700340,0.723609,0.724061,0.729777,0.706113,0.746786,0.723201,0.680523,0.685705,0.695654,0.705370,0.710672,0.730669,0.766807,0.720367,0.716493,0.728386,0.701956,0.721406,0.731504,0.702694,0.747419,0.682989,0.695657,0.713815,0.677591,0.665483,0.670912,0.725223,0.729723,0.716871,0.702330,0.717427,0.718655,0.668226,0.694121,0.771253,0.734436,0.662665,#
14,0.722269,0.690356,0.692999,0.657338,0.636005,0.686828,0.604236,0.679121,0.673037,0.700945,0.627917,0.701259,0.669250,0.659660,1.000000,0.627372,0.620692,0.670056,0.587889,0.689165,0.640872,0.676600,0.652857,0.722278,0.643403,0.612354,0.697929,0.696180,0.621790,0.668118,0.759126,0.649929,0.665217,0.642893,0.689306,0.690731,0.653522,0.681503,0.707232,0.656983,0.660827,0.655945,0.638878,0.639338,0.649790,0.686416,0.706945,0.633112,0.671522,0.662024,0.643299,0.677317,0.632994,0.663037,0.679599,0.694520,0.681200,0.668497,0.707402,0.646712,0.652779,0.665566,0.697330,0.657602,0.659685,0.657572,0.709689,0.653088,0.706310,0.659642,0.678054,0.665198,0.734635,0.677809,0.719643,0.706369,0.631861,0.693734,0.623494,0.650785,0.688026,0.656009,0.730909,0.712969,0.666239,0.680106,0.609358,0.661183,0.678818,0.636615,0.665485,0.605559,0.677116,0.737410,0.660532,0.637807,0.652746,0.644587,0.644241,0.624449,0.657808,0.676970,0.685594,0.625818,0.670336,0.651220,0.654239,0.613952,0.725994,0.679527,0.646737,0.695707,0.727380,0.620177,0.594942,0.667416,0.596618,0.628747,0.642158,0.662919,0.647768,0.665394,0.663514,0.708666,0.675209,0.559418,0.647299,0.675433,0.637824,0.659979,0.637387,0.717369,0.652411,0.673715,0.668643,0.620454,0.681086,0.680428,0.655804,0.658246,0.677645,0.685705,0.603325,0.724304,0.686969,0.690139,0.711450,0.604991,0.652596,0.630993,0.713998,0.640694,0.653594,0.635732,0.668709,0.620582,0.655512,0.649986,0.619456,0.678228,0.661818,0.647628,0.661604,0.649523,0.721094,0.654805,0.619515,0.664425,0.600194,0.671103,0.656201,0.591007,0.661106,0.694709,0.711555,0.656674,0.624003,0.668480,0.667234,0.665236,0.669725,0.674763,0.663635,0.630619,0.658683,0.668804,0.696701,0.603176,0.671189,0.665978,0.640540,0.683576,0.688181,0.657975,0.583996,0.602247,0.640536,0.674800,0.642155,0.587267,#
15,0.669065,0.709357,0.691088,0.681581,0.659151,0.675536,0.763894,0.652274,0.708958,0.697569,0.708536,0.686397,0.650850,0.669885,0.627372,1.000000,0.680932,0.702868,0.692760,0.659288,0.648223,0.706609,0.624742,0.703342,0.695822,0.674990,0.656082,0.702974,0.648459,0.609736,0.733724,0.719656,0.706975,0.755518,0.666861,0.703507,0.699298,0.730903,0.646103,0.674995,0.658633,0.650286,0.691795,0.658050,0.691910,0.681798,0.751025,0.691548,0.717392,0.740036,0.679545,0.686834,0.629494,0.664698,0.693447,0.701003,0.705455,0.695632,0.684595,0.709141,0.706286,0.687451,0.694779,0.694890,0.699990,0.659975,0.725521,0.707170,0.684598,0.645807,0.713726,0.696620,0.669035,0.693979,0.724329,0.675668,0.675622,0.713664,0.735481,0.684431,0.676234,0.672224,0.696939,0.725537,0.717100,0.698663,0.604766,0.661589,0.667532,0.620839,0.625596,0.671864,0.673177,0.699441,0.609595,0.661610,0.653408,0.683394,0.676446,0.656687,0.696960,0.711332,0.683086,0.714985,0.696300,0.646550,0.667744,0.682492,0.686247,0.730460,0.629179,0.622229,0.730574,0.633927,0.662531,0.704475,0.615935,0.662265,0.656739,0.715991,0.616661,0.706717,0.632134,0.709919,0.630576,0.649588,0.685636,0.640932,0.696699,0.719813,0.702276,0.698372,0.657856,0.623734,0.699798,0.667385,0.675994,0.637867,0.671447,0.698503,0.681276,0.650644,0.661192,0.676098,0.703953,0.715216,0.652515,0.627699,0.659607,0.689876,0.703103,0.740714,0.687280,0.671430,0.675550,0.652291,0.662872,0.640728,0.691650,0.687594,0.656192,0.682601,0.696379,0.711190,0.679104,0.667695,0.687949,0.662901,0.675307,0.694416,0.617417,0.708144,0.630390,0.718307,0.719477,0.713972,0.673320,0.681785,0.692928,0.684295,0.703801,0.674158,0.660709,0.668180,0.701064,0.644386,0.650116,0.598321,0.674038,0.707579,0.651805,0.727932,0.643920,0.678775,0.654499,0.637416,0.681845,0.679900,0.732268,0.665400,#
16,0.704655,0.711271,0.680370,0.694801,0.640552,0.687823,0.715898,0.649311,0.653455,0.668995,0.699693,0.658437,0.631183,0.629481,0.620692,0.680932,1.000000,0.699854,0.724947,0.693780,0.744493,0.603871,0.625662,0.653822,0.651461,0.713123,0.670168,0.661796,0.592604,0.642605,0.725035,0.715770,0.687104,0.638070,0.683147,0.703479,0.710054,0.723054,0.665293,0.719044,0.665208,0.648723,0.643190,0.632062,0.680507,0.684255,0.709882,0.665588,0.691216,0.726710,0.652452,0.672107,0.642156,0.661912,0.684398,0.739252,0.624208,0.715605,0.671994,0.657335,0.684817,0.680119,0.686314,0.653140,0.683915,0.678681,0.735754,0.694848,0.723274,0.677596,0.709080,0.706183,0.705991,0.669085,0.681896,0.666523,0.661881,0.720144,0.667476,0.719442,0.747666,0.683170,0.726427,0.687175,0.672104,0.666090,0.636849,0.606355,0.646305,0.646724,0.575320,0.664301,0.679285,0.643310,0.659925,0.704775,0.657749,0.669427,0.671258,0.671665,0.704689,0.694343,0.684289,0.704110,0.688088,0.665795,0.689764,0.655900,0.759905,0.687097,0.667380,0.666158,0.707400,0.659076,0.663997,0.728264,0.711293,0.686712,0.635854,0.585809,0.569397,0.662417,0.649433,0.682716,0.674156,0.654627,0.656125,0.615459,0.675753,0.630475,0.696526,0.700449,0.692165,0.663312,0.671652,0.703144,0.643214,0.654189,0.662544,0.626226,0.658757,0.662813,0.682010,0.657114,0.641419,0.650382,0.712637,0.655061,0.653862,0.634068,0.663718,0.686932,0.580226,0.651108,0.711471,0.635534,0.632506,0.660607,0.617824,0.674155,0.681139,0.635069,0.735441,0.688510,0.722276,0.688629,0.656627,0.687092,0.660349,0.700812,0.608897,0.687041,0.646855,0.704638,0.699216,0.671233,0.642236,0.729708,0.689983,0.695889,0.697539,0.641486,0.656661,0.668741,0.626395,0.619520,0.700732,0.643028,0.696498,0.687779,0.664782,0.695933,0.668844,0.683471,0.693036,0.685119,0.697977,0.697374,0.696036,0.662730,#
17,0.723236,0.719673,0.730780,0.683560,0.691102,0.701000,0.753297,0.709059,0.698108,0.735957,0.694014,0.719633,0.695247,0.745024,0.670056,0.702868,0.699854,1.000000,0.702351,0.741909,0.694145,0.693265,0.682551,0.676906,0.742923,0.705221,0.698826,0.730619,0.663237,0.699802,0.728782,0.744077,0.665116,0.669593,0.657493,0.699040,0.698151,0.772355,0.725266,0.763332,0.717800,0.709731,0.663467,0.689878,0.701886,0.699806,0.743596,0.735375,0.741740,0.773262,0.680946,0.662517,0.695562,0.656803,0.743604,0.724201,0.709453,0.706447,0.718120,0.709660,0.689241,0.676011,0.744532,0.668905,0.696400,0.718772,0.811899,0.689818,0.721572,0.671369,0.743553,0.725923,0.722868,0.742304,0.753598,0.695342,0.689944,0.773716,0.746097,0.734450,0.712623,0.720120,0.759590,0.762008,0.684212,0.684253,0.683497,0.683490,0.686155,0.687677,0.707577,0.668388,0.699201,0.710856,0.700114,0.722940,0.676510,0.652583,0.714981,0.759432,0.698345,0.689015,0.688615,0.668493,0.691673,0.712917,0.676644,0.686828,0.709360,0.733141,0.712720,0.644616,0.762905,0.681629,0.732478,0.719465,0.633027,0.709310,0.705505,0.701955,0.671072,0.701671,0.673657,0.699831,0.659787,0.675939,0.670782,0.700425,0.724850,0.688198,0.694762,0.771874,0.735164,0.689094,0.705950,0.680173,0.702095,0.711101,0.695091,0.723679,0.725629,0.701188,0.743941,0.707944,0.735053,0.693816,0.674509,0.639901,0.689299,0.696339,0.714532,0.706287,0.666716,0.716280,0.690121,0.717517,0.737393,0.661316,0.685424,0.715902,0.693273,0.697238,0.749302,0.701997,0.706937,0.681080,0.659284,0.652557,0.686134,0.661210,0.700351,0.679815,0.702630,0.693736,0.767837,0.671028,0.698498,0.736879,0.712479,0.734874,0.707173,0.721282,0.692655,0.707391,0.689862,0.654945,0.727767,0.711519,0.671134,0.676556,0.704494,0.727091,0.679314,0.692019,0.666666,0.695548,0.701801,0.712536,0.731246,0.615769,#
18,0.708424,0.742416,0.699125,0.691092,0.623260,0.714967,0.708653,0.690580,0.626423,0.645408,0.728195,0.714627,0.724543,0.731383,0.587889,0.692760,0.724947,0.702351,1.000000,0.694249,0.703264,0.706478,0.659460,0.658597,0.653877,0.717355,0.697146,0.682759,0.659527,0.696770,0.663375,0.741347,0.700732,0.720882,0.710659,0.748703,0.681979,0.751246,0.690085,0.715483,0.730242,0.653784,0.691100,0.625336,0.702666,0.672213,0.746774,0.751592,0.743891,0.712843,0.662489,0.674595,0.699784,0.614913,0.727834,0.708006,0.665740,0.704752,0.704055,0.753519,0.684658,0.676651,0.683322,0.658700,0.734064,0.651162,0.751957,0.655189,0.688644,0.700443,0.703024,0.705134,0.722966,0.691863,0.741833,0.672637,0.666857,0.732175,0.680941,0.660947,0.721753,0.651368,0.739894,0.697456,0.722656,0.757578,0.577409,0.674680,0.718996,0.661732,0.672634,0.665574,0.683518,0.719861,0.680890,0.664766,0.676823,0.691516,0.702461,0.703126,0.709891,0.661661,0.685659,0.697220,0.727490,0.704659,0.658021,0.714986,0.742874,0.717430,0.714894,0.646504,0.721004,0.659702,0.656976,0.696919,0.658423,0.671407,0.713444,0.675899,0.662767,0.703938,0.634507,0.702789,0.687247,0.653311,0.729879,0.661580,0.722621,0.656609,0.675339,0.720842,0.704885,0.645660,0.681319,0.684549,0.700799,0.691657,0.682102,0.647586,0.678436,0.707423,0.643605,0.691146,0.703901,0.680523,0.711054,0.644639,0.690095,0.661813,0.690772,0.686186,0.702310,0.679404,0.703111,0.731110,0.691441,0.679908,0.613173,0.650162,0.727279,0.689105,0.757537,0.698251,0.714342,0.661418,0.763846,0.670066,0.627344,0.693880,0.684854,0.693652,0.697178,0.734219,0.714132,0.673833,0.678913,0.729097,0.679829,0.724607,0.711994,0.673589,0.662977,0.654898,0.667688,0.642116,0.690399,0.680482,0.644767,0.712639,0.672563,0.718667,0.635215,0.733788,0.709857,0.680612,0.683249,0.756148,0.720869,0.690671,#
19,0.724829,0.731872,0.729983,0.693669,0.703020,0.753173,0.666557,0.702120,0.722908,0.670653,0.674572,0.694510,0.659307,0.688672,0.689165,0.659288,0.693780,0.741909,0.694249,1.000000,0.718460,0.659804,0.626972,0.683322,0.696262,0.680284,0.701482,0.704688,0.618035,0.704303,0.738784,0.756522,0.726342,0.672766,0.690785,0.764192,0.688443,0.736147,0.710699,0.726262,0.716828,0.697840,0.661244,0.667996,0.667851,0.701691,0.746225,0.686608,0.740268,0.730128,0.694012,0.664370,0.689291,0.674023,0.715310,0.699350,0.707290,0.695261,0.693201,0.682983,0.656103,0.649029,0.724660,0.691688,0.703017,0.689622,0.774779,0.674802,0.752591,0.704435,0.712123,0.712848,0.740187,0.695346,0.693880,0.689207,0.651193,0.716702,0.670431,0.677154,0.753379,0.658235,0.755066,0.697660,0.699180,0.681618,0.643013,0.675074,0.737864,0.682109,0.652943,0.674538,0.632423,0.698405,0.669462,0.651303,0.677809,0.705447,0.703196,0.723030,0.689732,0.675963,0.702383,0.686533,0.710231,0.635480,0.685280,0.650879,0.700757,0.668103,0.694279,0.645752,0.717349,0.648449,0.659646,0.694212,0.691136,0.700877,0.719003,0.630076,0.686535,0.660430,0.662123,0.753418,0.669483,0.679228,0.671986,0.695833,0.744032,0.710719,0.706459,0.766394,0.724793,0.713962,0.687221,0.707642,0.632073,0.700137,0.692170,0.642871,0.709039,0.696254,0.632753,0.651331,0.714880,0.654588,0.668168,0.612778,0.686516,0.687474,0.687786,0.701211,0.656439,0.693984,0.731260,0.660579,0.741254,0.671467,0.667327,0.681988,0.706672,0.712389,0.678977,0.731585,0.747206,0.702962,0.648604,0.708994,0.650426,0.671276,0.654786,0.718518,0.708526,0.719450,0.759798,0.636562,0.688027,0.715332,0.709439,0.667916,0.687957,0.704355,0.702926,0.689060,0.661111,0.652557,0.680998,0.684423,0.695117,0.726269,0.673697,0.712593,0.674335,0.711566,0.696581,0.655279,0.694772,0.673982,0.709694,0.638412,#
20,0.700972,0.777506,0.692097,0.725906,0.700527,0.700347,0.706111,0.715779,0.719976,0.724325,0.694044,0.686280,0.708676,0.712761,0.640872,0.648223,0.744493,0.694145,0.703264,0.718460,1.000000,0.697131,0.640943,0.730740,0.696985,0.732236,0.676129,0.728059,0.665604,0.692724,0.736525,0.723093,0.727722,0.719998,0.704384,0.752405,0.678847,0.702139,0.677291,0.754296,0.718148,0.730639,0.657538,0.671195,0.754110,0.677754,0.745849,0.709743,0.725679,0.724673,0.714277,0.729972,0.674585,0.670263,0.731800,0.695750,0.634178,0.710928,0.726271,0.705702,0.702123,0.691697,0.752550,0.678570,0.709355,0.762072,0.786069,0.695921,0.725585,0.669549,0.708478,0.748234,0.760868,0.722546,0.678056,0.672241,0.701913,0.738486,0.733191,0.735691,0.721349,0.727877,0.750017,0.708492,0.681492,0.719192,0.673757,0.712311,0.728513,0.725484,0.685440,0.701909,0.675825,0.717713,0.694875,0.707007,0.664141,0.650717,0.702974,0.686017,0.770214,0.712533,0.722993,0.743972,0.723284,0.690567,0.743021,0.700758,0.725080,0.759894,0.684117,0.708542,0.693532,0.630441,0.700745,0.708057,0.704428,0.730819,0.642416,0.622383,0.664335,0.712189,0.675562,0.754909,0.674121,0.707743,0.666798,0.660668,0.688547,0.717067,0.696539,0.731856,0.760946,0.721276,0.708305,0.701566,0.643903,0.740397,0.716444,0.701439,0.713123,0.681926,0.682030,0.694293,0.715024,0.667726,0.716142,0.662601,0.663071,0.700022,0.709295,0.707679,0.662036,0.698822,0.722646,0.694859,0.688365,0.742200,0.677919,0.698455,0.741049,0.708598,0.719606,0.728853,0.748200,0.681826,0.666580,0.715363,0.655510,0.669811,0.707343,0.652072,0.701916,0.714656,0.732918,0.685450,0.678830,0.744276,0.700011,0.733203,0.721077,0.702964,0.696130,0.669910,0.669662,0.713905,0.705875,0.661736,0.707685,0.699037,0.669326,0.737673,0.728301,0.731959,0.726882,0.690177,0.724465,0.737241,0.724604,0.668794,#
21,0.684431,0.788224,0.727164,0.731010,0.693129,0.695165,0.678838,0.672233,0.707102,0.693429,0.705986,0.697506,0.658332,0.695901,0.676600,0.706609,0.603871,0.693265,0.706478,0.659804,0.697131,1.000000,0.670818,0.728246,0.633884,0.684180,0.718261,0.686530,0.703538,0.664095,0.682135,0.653175,0.717933,0.749422,0.715660,0.749317,0.684507,0.712842,0.686241,0.705085,0.680223,0.720912,0.673166,0.694410,0.712327,0.723085,0.718729,0.713155,0.737923,0.739740,0.650634,0.723578,0.679270,0.660960,0.735336,0.720777,0.676208,0.676091,0.764518,0.682292,0.692765,0.676340,0.665438,0.678467,0.706211,0.686664,0.749241,0.659701,0.711761,0.736598,0.681471,0.781056,0.741969,0.730503,0.749853,0.731515,0.678719,0.729946,0.718519,0.689002,0.660812,0.656063,0.770903,0.709576,0.743727,0.697667,0.614911,0.716896,0.714325,0.703138,0.663010,0.654487,0.713805,0.719749,0.712974,0.714176,0.691801,0.644010,0.682571,0.687315,0.728813,0.706634,0.617141,0.701847,0.676715,0.735240,0.667334,0.718729,0.665827,0.744231,0.711903,0.665710,0.714261,0.676975,0.600064,0.654472,0.657600,0.764906,0.683568,0.706271,0.686955,0.674160,0.634604,0.698882,0.641702,0.636329,0.693832,0.658689,0.720561,0.713724,0.706018,0.735447,0.668440,0.703007,0.737291,0.649331,0.621045,0.666211,0.684121,0.716565,0.706228,0.679248,0.618947,0.705770,0.698743,0.683693,0.664343,0.627212,0.662060,0.721691,0.700134,0.716074,0.685042,0.689587,0.674435,0.663578,0.724141,0.697624,0.641073,0.698610,0.666966,0.716802,0.724793,0.715636,0.726060,0.690081,0.700310,0.658373,0.624094,0.682486,0.713643,0.648530,0.701151,0.688922,0.707847,0.694579,0.616208,0.694575,0.683519,0.697982,0.702611,0.726644,0.677678,0.683514,0.682998,0.722909,0.692988,0.620568,0.638098,0.701689,0.672810,0.700913,0.711199,0.672756,0.687558,0.629787,0.691683,0.734515,0.675616,0.699910,#
