0,1.000000,0.206402,0.306256,0.273436,0.281091,0.249379,0.259026,0.209872,0.270840,0.174316,0.294885,0.249832,0.255699,0.253476,0.265807,0.382514,0.317971,0.370714,0.344130,0.350179,0.249277,0.225039,0.349917,0.416875,0.184044,0.249461,0.242771,0.200993,0.276294,0.291556,0.133308,0.366345,0.262811,0.327703,0.340556,0.199612,0.230056,0.207352,0.370688,0.294127,0.313433,0.222452,0.393345,0.160511,0.251692,0.214394,0.196899,0.354661,0.312980,0.373356,0.291509,0.320292,0.275930,0.325645,0.309933,0.271097,0.318512,0.323932,0.232224,0.274397,0.257872,0.276528,0.386489,0.214465,0.263570,0.174332,0.201227,0.236888,0.200138,0.199632,0.251042,0.247061,0.311661,0.398058,0.234243,0.180363,0.405019,0.274904,0.322231,0.216046,0.205806,0.247809,0.314982,0.311512,0.338163,0.289931,0.394141,0.386673,0.308484,0.369198,0.258461,0.218226,0.360178,0.203827,0.273832,0.351891,0.305905,0.228869,0.266102,0.337498,0.303427,0.252857,0.209296,0.335082,0.245093,0.348937,0.239076,0.292903,0.275871,0.053911,0.206969,0.321067,0.208386,0.340538,0.366147,0.346602,0.298692,0.213150,0.261213,0.271390,0.255182,0.355484,0.435365,0.291724,0.370529,0.328157,0.267399,0.164165,0.273489,0.341720,0.292599,0.251489,0.259111,0.254601,0.298059,0.341829,0.268578,0.303665,0.157077,0.279164,0.284031,0.224098,0.173730,0.224229,0.201275,0.120798,0.277075,0.195915,0.321488,0.258216,0.188175,0.309068,0.307264,0.222306,0.290783,0.301068,0.326013,0.260764,0.364314,0.255982,0.326707,0.312737,0.284463,0.197378,0.275804,0.295927,0.249144,0.337198,0.369202,0.183779,0.211975,0.211801,0.311451,0.338633,0.176586,0.369355,0.398960,0.324199,0.250021,0.130426,0.293659,0.333429,0.196783,0.230975,0.241492,0.104588,0.244350,0.352014,0.344964,0.168073,0.173476,0.354134,0.206534,0.288122,0.361681,0.300752,0.186810,0.303880,0.302200,0.326696,#
1,0.206402,1.000000,0.273128,0.269728,0.236404,0.234985,0.253781,0.284865,0.400303,0.260053,0.361048,0.329594,0.289202,0.193308,0.214630,0.208688,0.198461,0.261875,0.200576,0.290625,0.132899,0.321634,0.257752,0.148143,0.218179,0.193340,0.197366,0.397333,0.155012,0.233792,0.255748,0.265833,0.186657,0.313992,0.134958,0.277699,0.259173,0.250798,0.406018,0.191960,0.237945,0.122493,0.314765,0.178294,0.175486,0.226021,0.364474,0.205827,0.314424,0.194900,0.224872,0.270796,0.284372,0.278041,0.317483,0.182240,0.230266,0.141183,0.072818,0.181866,0.216325,0.225400,0.211659,0.189655,0.175687,0.332926,0.213638,0.226302,0.224002,0.333759,0.282531,0.307970,0.351695,0.186375,0.316935,0.292236,0.239536,0.189921,0.338867,0.194836,0.286331,0.212946,0.248994,0.222049,0.367653,0.147785,0.255788,0.342171,0.262637,0.208496,0.222364,0.229148,0.260809,0.250471,0.267617,0.220011,0.172944,0.226491,0.214817,0.251440,0.302220,0.184432,0.230276,0.188061,0.173134,0.340281,0.180473,0.296895,0.266222,0.198358,0.203539,0.220270,0.172605,0.297824,0.287581,0.338664,0.246559,0.167069,0.224316,0.161953,0.142553,0.266883,0.287027,0.273828,0.271857,0.218420,0.226523,0.231952,0.319761,0.326441,0.120958,0.346190,0.146291,0.252075,0.317893,0.286400,0.269836,0.305319,0.275592,0.248672,0.335942,0.203986,0.249379,0.369400,0.304529,0.191825,0.186288,0.134173,0.246361,0.155759,0.269596,0.270757,0.204469,0.126754,0.358282,0.296513,0.219721,0.184656,0.101172,0.090935,0.215681,0.293506,0.289159,0.320656,0.206374,0.102855,0.239431,0.162642,0.243795,0.247744,0.260814,0.312145,0.227057,0.229169,0.244285,0.338945,0.294207,0.349428,0.135857,0.129000,0.263861,0.201905,0.244631,0.216621,0.236095,0.263408,0.226082,0.115468,0.337219,0.295651,0.365239,0.336675,0.126579,0.278099,0.289710,0.164331,0.128592,0.292443,0.160145,0.331302,#
2,0.306256,0.273128,1.000000,0.288970,0.368833,0.258708,0.303267,0.273484,0.319611,0.249681,0.300432,0.339244,0.261164,0.371504,0.216155,0.348294,0.167403,0.278784,0.282820,0.330964,0.320878,0.328973,0.195554,0.295175,0.262660,0.338466,0.371034,0.331502,0.269122,0.256631,0.228489,0.257901,0.278540,0.235556,0.286240,0.239281,0.264821,0.193086,0.356448,0.193139,0.262095,0.222925,0.440557,0.191666,0.264816,0.256217,0.314323,0.202440,0.254154,0.272295,0.328189,0.381624,0.348536,0.280763,0.317316,0.218809,0.301004,0.172293,0.306600,0.322891,0.449909,0.270109,0.175317,0.314372,0.321090,0.302743,0.194653,0.278445,0.252063,0.310298,0.268669,0.345596,0.194306,0.331183,0.353344,0.245760,0.291741,0.261740,0.306297,0.216016,0.318481,0.201596,0.328991,0.162576,0.410428,0.277829,0.265126,0.442915,0.209077,0.227343,0.290699,0.273777,0.430442,0.345422,0.284152,0.347866,0.321004,0.264413,0.385450,0.234654,0.278332,0.242899,0.200404,0.316511,0.171222,0.336244,0.288841,0.289529,0.245585,0.160585,0.356305,0.279562,0.344192,0.300636,0.255451,0.339366,0.314668,0.286601,0.138904,0.251398,0.222437,0.195327,0.282600,0.321754,0.323282,0.196910,0.308262,0.245498,0.341775,0.319686,0.212320,0.317575,0.327140,0.365349,0.376770,0.271575,0.340691,0.318486,0.326186,0.230441,0.195506,0.315836,0.209629,0.176522,0.340885,0.242431,0.103596,0.212714,0.323361,0.267961,0.293075,0.301608,0.356872,0.339480,0.255556,0.233476,0.266409,0.105189,0.306889,0.227222,0.178173,0.310267,0.315071,0.325321,0.216928,0.276660,0.288418,0.184142,0.252705,0.241772,0.215191,0.342537,0.327551,0.251454,0.302602,0.318980,0.350656,0.320951,0.135952,0.166419,0.267044,0.430009,0.086442,0.380593,0.221598,0.257714,0.259598,0.186020,0.347622,0.212695,0.294055,0.348300,0.394784,0.306167,0.317733,0.259993,0.086452,0.246930,0.302558,0.408860,#
3,0.273436,0.269728,0.288970,1.000000,0.391044,0.291556,0.335985,0.292770,0.480108,0.300859,0.376101,0.308989,0.345487,0.321594,0.308590,0.271876,0.226425,0.364277,0.422464,0.386982,0.303120,0.295494,0.389897,0.368090,0.307214,0.346775,0.336163,0.380367,0.348290,0.356303,0.292983,0.396835,0.429458,0.392082,0.228493,0.310568,0.321093,0.385891,0.436984,0.312706,0.328535,0.354697,0.410647,0.413690,0.256981,0.371902,0.302140,0.297181,0.254390,0.257187,0.397441,0.355318,0.415122,0.206531,0.297325,0.381752,0.336760,0.277543,0.284243,0.383270,0.306824,0.247346,0.279222,0.280011,0.492474,0.284336,0.184090,0.162769,0.137701,0.304176,0.239960,0.352095,0.388212,0.277008,0.272117,0.310408,0.309770,0.296034,0.295190,0.199835,0.430071,0.315771,0.403172,0.233446,0.394515,0.333567,0.312668,0.330382,0.340731,0.310005,0.418640,0.367672,0.357931,0.360540,0.308766,0.351653,0.278321,0.231483,0.370998,0.261098,0.283205,0.289995,0.281060,0.212096,0.458403,0.284968,0.242987,0.304615,0.211142,0.209801,0.317086,0.201469,0.260988,0.340815,0.293586,0.319227,0.233525,0.265388,0.281953,0.255397,0.295149,0.340783,0.372162,0.289257,0.288467,0.348723,0.313078,0.413484,0.256891,0.292399,0.377159,0.379741,0.288204,0.365098,0.324417,0.361869,0.283951,0.308815,0.315972,0.285237,0.213010,0.423760,0.361299,0.194458,0.273078,0.343547,0.306348,0.420210,0.313210,0.363833,0.274098,0.254331,0.250676,0.373897,0.328312,0.225533,0.285618,0.240695,0.415849,0.292485,0.308383,0.286316,0.291517,0.382947,0.244001,0.239087,0.357642,0.261751,0.300864,0.233444,0.342321,0.262714,0.302694,0.212521,0.224222,0.325582,0.419593,0.364153,0.218820,0.270497,0.208972,0.450450,0.268293,0.204234,0.209261,0.241368,0.287710,0.266850,0.319482,0.394846,0.378315,0.320078,0.308802,0.248092,0.362186,0.333446,0.327447,0.297551,0.257943,0.281201,#
4,0.281091,0.236404,0.368833,0.391044,1.000000,0.388818,0.282389,0.376445,0.412065,0.316245,0.195222,0.372924,0.410010,0.338531,0.298650,0.338619,0.251952,0.400255,0.356826,0.492920,0.442034,0.254286,0.401740,0.414883,0.291610,0.374540,0.310823,0.254219,0.389008,0.307445,0.316992,0.349699,0.392267,0.308421,0.281068,0.341757,0.492954,0.301664,0.386271,0.275694,0.394888,0.285828,0.337297,0.307921,0.339149,0.370773,0.420483,0.343428,0.343258,0.297961,0.371196,0.362250,0.392475,0.335705,0.449629,0.414589,0.349438,0.338477,0.338599,0.307261,0.269038,0.338990,0.290767,0.217087,0.376777,0.349622,0.239710,0.262419,0.205044,0.292353,0.331928,0.358195,0.343764,0.379248,0.325740,0.206876,0.306005,0.356917,0.374540,0.376042,0.362001,0.369763,0.352058,0.213852,0.445405,0.337508,0.278721,0.333049,0.310833,0.312059,0.426392,0.324919,0.384399,0.281272,0.328956,0.380153,0.351599,0.298471,0.249710,0.279580,0.295537,0.308074,0.392429,0.282552,0.265308,0.391527,0.235039,0.338735,0.370591,0.306926,0.348242,0.326729,0.337253,0.459846,0.358704,0.253879,0.380130,0.302884,0.263432,0.237412,0.231816,0.266185,0.425139,0.215875,0.388666,0.291845,0.340570,0.369148,0.438182,0.349625,0.371583,0.304957,0.294668,0.378461,0.429700,0.364150,0.322024,0.306885,0.333715,0.202957,0.296187,0.317791,0.413741,0.258489,0.348009,0.332720,0.341590,0.369340,0.278606,0.375927,0.301694,0.373312,0.299812,0.444467,0.388413,0.335753,0.484529,0.239755,0.280023,0.315539,0.318839,0.264670,0.348204,0.218153,0.153434,0.262105,0.246624,0.267000,0.361131,0.285053,0.233304,0.332310,0.496293,0.320592,0.365215,0.368212,0.506799,0.431438,0.286566,0.282925,0.238108,0.279659,0.318853,0.307891,0.360878,0.315223,0.196674,0.372079,0.358719,0.427208,0.216625,0.341756,0.264931,0.294028,0.299851,0.354571,0.304349,0.315669,0.403286,0.388936,#
5,0.249379,0.234985,0.258708,0.291556,0.388818,1.000000,0.187731,0.337534,0.376624,0.282536,0.332521,0.287460,0.313770,0.170502,0.291154,0.296765,0.211709,0.324008,0.106908,0.421892,0.207114,0.157410,0.291840,0.295583,0.269041,0.260951,0.357137,0.307079,0.324045,0.261235,0.347315,0.380960,0.359604,0.297742,0.207025,0.328119,0.337627,0.211690,0.361267,0.168426,0.423419,0.216549,0.244075,0.283369,0.250789,0.355045,0.372465,0.181831,0.390395,0.182174,0.324748,0.328223,0.232268,0.281438,0.248473,0.432200,0.302207,0.191746,0.405978,0.268300,0.229250,0.347224,0.305127,0.271480,0.389834,0.290618,0.173279,0.226181,0.205791,0.169025,0.282618,0.294914,0.318226,0.302775,0.237909,0.288998,0.389583,0.255006,0.316347,0.270311,0.348863,0.239048,0.369032,0.151814,0.269436,0.303596,0.298415,0.360734,0.254088,0.133741,0.223905,0.300662,0.456520,0.413060,0.290553,0.308161,0.230352,0.300766,0.353993,0.244539,0.239191,0.309264,0.241965,0.241741,0.260803,0.360337,0.230678,0.273573,0.235430,0.167931,0.246849,0.356300,0.213001,0.281480,0.277910,0.223508,0.253900,0.246730,0.184070,0.243592,0.158273,0.306653,0.309575,0.310408,0.183131,0.231972,0.247078,0.224574,0.338130,0.346266,0.402726,0.300681,0.339467,0.363288,0.354323,0.380842,0.307916,0.311231,0.236133,0.158239,0.258056,0.228948,0.307313,0.340023,0.333222,0.243997,0.234122,0.221138,0.245268,0.293047,0.324636,0.211876,0.254378,0.307111,0.288977,0.239412,0.397945,0.195002,0.314593,0.192935,0.317924,0.255592,0.305620,0.264844,0.237838,0.222126,0.144524,0.345069,0.399063,0.295235,0.392585,0.314913,0.278150,0.266720,0.279863,0.269809,0.346899,0.346378,0.254515,0.207464,0.323592,0.250987,0.400096,0.260240,0.279725,0.293392,0.321226,0.203587,0.213478,0.265434,0.199123,0.361857,0.197209,0.249029,0.215652,0.217024,0.181286,0.280110,0.260986,0.353331,#
6,0.259026,0.253781,0.303267,0.335985,0.282389,0.187731,1.000000,0.226182,0.334843,0.188634,0.202396,0.231431,0.342133,0.348109,0.198229,0.240059,0.246905,0.339368,0.281590,0.244483,0.352433,0.265479,0.163343,0.262287,0.212194,0.231687,0.235126,0.298921,0.280536,0.339734,0.224680,0.299156,0.201703,0.306940,0.261460,0.247527,0.177223,0.250639,0.249543,0.265944,0.209039,0.226248,0.313421,0.244897,0.349881,0.200193,0.256143,0.083263,0.345404,0.228622,0.303640,0.340604,0.326530,0.208282,0.327737,0.277992,0.214724,0.262023,0.313514,0.292578,0.282157,0.209982,0.243526,0.178343,0.395225,0.334156,0.280212,0.197163,0.186919,0.217069,0.175034,0.272756,0.164488,0.403349,0.331032,0.237790,0.309773,0.235969,0.293058,0.162643,0.198688,0.220320,0.333029,0.175654,0.221508,0.323812,0.204494,0.277280,0.266241,0.249615,0.269577,0.207565,0.197626,0.212269,0.208011,0.235098,0.346048,0.271812,0.275990,0.329685,0.237701,0.311926,0.320032,0.170623,0.101293,0.246395,0.240341,0.139486,0.242296,0.159130,0.217643,0.218960,0.127547,0.221938,0.329417,0.212265,0.351695,0.223233,0.272890,0.257314,0.281881,0.263895,0.261592,0.307334,0.355891,0.354461,0.188430,0.267163,0.150350,0.261718,0.202468,0.253026,0.259044,0.211837,0.274170,0.297787,0.274805,0.225806,0.341004,0.276548,0.219971,0.297388,0.168155,0.142432,0.183859,0.271811,0.205447,0.186285,0.223151,0.146793,0.380388,0.224226,0.241208,0.200825,0.227379,0.258005,0.277836,0.304285,0.322863,0.177189,0.198007,0.289253,0.337051,0.368561,0.223034,0.294150,0.260110,0.222234,0.264760,0.193112,0.243555,0.230886,0.259891,0.156942,0.268308,0.242800,0.314452,0.307231,0.283790,0.132220,0.228542,0.229363,0.328400,0.275539,0.229914,0.222918,0.163653,0.318577,0.177568,0.256895,0.177016,0.293637,0.189693,0.343988,0.225185,0.187416,0.225808,0.266574,0.281167,0.288731,#
7,0.209872,0.284865,0.273484,0.292770,0.376445,0.337534,0.226182,1.000000,0.438472,0.295349,0.319259,0.431380,0.290124,0.319705,0.399560,0.270249,0.343522,0.403712,0.309938,0.320697,0.262909,0.295568,0.413627,0.312735,0.347964,0.318856,0.286543,0.420107,0.257547,0.290708,0.180689,0.284362,0.301750,0.306446,0.214859,0.232209,0.284209,0.195489,0.389485,0.286995,0.376709,0.214220,0.325949,0.352323,0.357579,0.388116,0.311957,0.281311,0.285112,0.204042,0.347506,0.304440,0.290085,0.339829,0.313075,0.260919,0.289741,0.409683,0.296264,0.285585,0.274356,0.333128,0.306113,0.204287,0.379593,0.381382,0.274172,0.244079,0.264917,0.408492,0.313418,0.185269,0.414847,0.356457,0.310469,0.261350,0.293903,0.254449,0.371536,0.354319,0.348763,0.281831,0.366202,0.192539,0.337215,0.303924,0.326509,0.312261,0.296614,0.333511,0.239702,0.307354,0.359178,0.353640,0.296344,0.208162,0.289961,0.392586,0.283650,0.311615,0.331196,0.214656,0.277087,0.232313,0.187333,0.399915,0.277437,0.284173,0.264886,0.213373,0.333721,0.245508,0.286220,0.349497,0.454165,0.343687,0.254106,0.146732,0.194292,0.421988,0.251218,0.342358,0.304707,0.352895,0.407955,0.295233,0.376918,0.379437,0.287999,0.232397,0.278122,0.299393,0.357995,0.220190,0.453775,0.447185,0.239010,0.404300,0.256604,0.257443,0.318407,0.294091,0.262806,0.151851,0.319302,0.290820,0.323565,0.202302,0.269750,0.315687,0.316223,0.346110,0.297535,0.347730,0.270575,0.388181,0.360915,0.291184,0.363218,0.256861,0.310967,0.188467,0.470923,0.198110,0.176105,0.358876,0.376609,0.225253,0.293528,0.212965,0.333385,0.378757,0.343549,0.306052,0.356314,0.347639,0.315189,0.306412,0.179238,0.331149,0.408819,0.282873,0.274891,0.285584,0.171637,0.313132,0.173009,0.189130,0.343253,0.397004,0.359573,0.310464,0.252575,0.225521,0.279915,0.272124,0.185140,0.324642,0.343749,0.305458,#
8,0.270840,0.400303,0.319611,0.480108,0.412065,0.376624,0.334843,0.438472,1.000000,0.378940,0.312054,0.372637,0.361170,0.292638,0.386016,0.366251,0.187137,0.368614,0.293324,0.352592,0.222924,0.345594,0.340568,0.366327,0.138471,0.366968,0.280052,0.453321,0.275277,0.365609,0.180705,0.352061,0.295462,0.309735,0.235558,0.292147,0.374580,0.246167,0.349874,0.259950,0.358854,0.345975,0.388860,0.306372,0.333584,0.269839,0.239028,0.217347,0.374078,0.321231,0.362686,0.456095,0.253983,0.416987,0.310268,0.441888,0.306117,0.409363,0.250975,0.364277,0.366702,0.330626,0.355852,0.174189,0.350981,0.419516,0.259839,0.261773,0.329737,0.364188,0.307937,0.307610,0.349015,0.387801,0.330136,0.304906,0.280235,0.311522,0.347359,0.309086,0.348022,0.362211,0.336155,0.217394,0.411413,0.364777,0.268144,0.338998,0.216764,0.344352,0.338780,0.358532,0.408211,0.267255,0.486782,0.358562,0.322484,0.305875,0.381211,0.275831,0.316971,0.294100,0.322707,0.325067,0.344344,0.342159,0.313435,0.348818,0.246586,0.284599,0.314813,0.297479,0.276719,0.364941,0.389114,0.394561,0.296317,0.237484,0.269314,0.393411,0.289770,0.296322,0.407780,0.307110,0.325360,0.389428,0.289871,0.392952,0.316618,0.381180,0.282022,0.211943,0.358965,0.406365,0.469234,0.379298,0.263793,0.334611,0.256041,0.285530,0.305740,0.394033,0.385883,0.244398,0.283832,0.250052,0.393679,0.265608,0.300081,0.304945,0.377084,0.257136,0.302672,0.449442,0.416205,0.416865,0.367228,0.337802,0.368761,0.351062,0.290890,0.258513,0.339109,0.375974,0.286991,0.253090,0.330138,0.203863,0.383261,0.343116,0.313815,0.367459,0.329142,0.259175,0.412211,0.347561,0.306672,0.412235,0.304899,0.197916,0.345323,0.348902,0.201185,0.384378,0.310647,0.361064,0.251139,0.223187,0.361338,0.378974,0.357944,0.328039,0.386412,0.296236,0.367039,0.303942,0.292333,0.258246,0.258177,0.325460,#
9,0.174316,0.260053,0.249681,0.300859,0.316245,0.282536,0.188634,0.295349,0.378940,1.000000,0.317915,0.186293,0.295735,0.275994,0.329627,0.271085,0.198319,0.263474,0.227928,0.390252,0.333070,0.235253,0.319985,0.336255,0.171319,0.211229,0.306753,0.397853,0.225784,0.344446,0.256836,0.251461,0.219986,0.391051,0.365667,0.286201,0.197035,0.233906,0.322593,0.196296,0.379339,0.257916,0.285598,0.180314,0.259089,0.264154,0.230098,0.191072,0.199401,0.199333,0.196198,0.300630,0.180319,0.262465,0.181217,0.277729,0.194607,0.298419,0.318335,0.220617,0.293120,0.291618,0.344143,0.253799,0.321569,0.419538,0.222499,0.220222,0.261171,0.159939,0.350587,0.266735,0.238354,0.281738,0.271530,0.275550,0.108672,0.266290,0.332760,0.357246,0.203810,0.312640,0.228430,0.151020,0.384410,0.207610,0.244074,0.365975,0.114799,0.097248,0.262156,0.320978,0.403574,0.211916,0.302629,0.287550,0.261403,0.377327,0.302408,0.098258,0.202488,0.263851,0.291108,0.224738,0.376435,0.352713,0.227033,0.139099,0.317410,0.231566,0.274907,0.273950,0.341365,0.386909,0.199361,0.321047,0.109022,0.206008,0.218724,0.179090,0.240558,0.282463,0.286113,0.309136,0.248670,0.233750,0.200857,0.293698,0.337070,0.307974,0.204919,0.259522,0.281658,0.371276,0.337008,0.300762,0.247113,0.326011,0.214253,0.188637,0.144672,0.396503,0.314810,0.236260,0.202008,0.287585,0.300329,0.281544,0.209046,0.302047,0.205143,0.143975,0.358332,0.361833,0.336317,0.284494,0.270307,0.303935,0.337240,0.223752,0.299389,0.219357,0.261309,0.362461,0.244186,0.179660,0.238084,0.194491,0.440937,0.155482,0.296527,0.340089,0.225662,0.305458,0.282121,0.404689,0.250197,0.325031,0.264309,0.219447,0.255967,0.215130,0.271757,0.307270,0.200264,0.382808,0.128221,0.167222,0.433988,0.277954,0.294334,0.317044,0.205277,0.243652,0.232555,0.232704,0.188895,0.242026,0.182037,0.272597,#
10,0.294885,0.361048,0.300432,0.376101,0.195222,0.332521,0.202396,0.319259,0.312054,0.317915,1.000000,0.286128,0.180961,0.242498,0.253973,0.315713,0.199792,0.275427,0.296011,0.313073,0.207049,0.197972,0.220692,0.315546,0.188948,0.149400,0.211234,0.457006,0.233620,0.326017,0.250685,0.301704,0.294075,0.345255,0.294861,0.262807,0.226401,0.264963,0.412832,0.156125,0.349395,0.200393,0.232665,0.200620,0.205717,0.353569,0.326161,0.244581,0.344189,0.371793,0.186895,0.288899,0.299199,0.245971,0.220999,0.244875,0.252448,0.196162,0.178486,0.291272,0.226837,0.322495,0.325911,0.363616,0.404343,0.272406,0.213502,0.135652,0.158923,0.275408,0.209448,0.360093,0.320804,0.279333,0.191218,0.315466,0.225720,0.251702,0.273813,0.234159,0.388756,0.230327,0.366703,0.227433,0.362752,0.194132,0.318743,0.389161,0.237777,0.313838,0.228615,0.341889,0.405302,0.348082,0.292630,0.367456,0.181207,0.226665,0.378079,0.317058,0.190108,0.209134,0.276049,0.247366,0.390593,0.213749,0.152621,0.305676,0.239360,0.181824,0.220399,0.270041,0.215350,0.279097,0.346255,0.392040,0.197801,0.152386,0.279375,0.280968,0.275128,0.424911,0.191195,0.265945,0.132883,0.259634,0.353061,0.340531,0.323793,0.237918,0.191718,0.255616,0.220997,0.300097,0.361156,0.285575,0.183975,0.373613,0.194370,0.191771,0.391416,0.220100,0.193352,0.239342,0.191902,0.139684,0.165125,0.171974,0.285117,0.233742,0.314462,0.262480,0.347547,0.237689,0.315609,0.269405,0.361277,0.178211,0.349931,0.203570,0.379953,0.180632,0.378042,0.315852,0.230052,0.191013,0.387006,0.255056,0.318503,0.282973,0.313165,0.257060,0.189758,0.265639,0.257430,0.254101,0.364227,0.395327,0.110646,0.300120,0.247356,0.218829,0.337126,0.197761,0.207711,0.260334,0.124574,0.145715,0.258905,0.364550,0.353287,0.239499,0.251740,0.247413,0.362960,0.227789,0.083907,0.318193,0.266459,0.381403,#
11,0.249832,0.329594,0.339244,0.308989,0.372924,0.287460,0.231431,0.431380,0.372637,0.186293,0.286128,1.000000,0.329511,0.295918,0.212444,0.220584,0.228302,0.373409,0.322496,0.187306,0.223738,0.312023,0.230996,0.210095,0.276631,0.322071,0.171450,0.390845,0.254143,0.283408,0.290496,0.303923,0.283571,0.317895,0.253834,0.244303,0.352988,0.205730,0.274594,0.318330,0.269630,0.316084,0.387653,0.279628,0.231780,0.338960,0.369369,0.218937,0.309976,0.244679,0.306652,0.357265,0.320349,0.382698,0.283490,0.216637,0.150421,0.384075,0.281135,0.249657,0.212083,0.236554,0.394939,0.184931,0.347048,0.372203,0.256318,0.255100,0.289520,0.335193,0.242344,0.273949,0.341965,0.299167,0.213909,0.137513,0.314190,0.221635,0.285514,0.134568,0.331762,0.263930,0.319199,0.180935,0.337195,0.235305,0.191233,0.271085,0.298075,0.178536,0.199041,0.388774,0.376609,0.347086,0.282840,0.380521,0.247069,0.250460,0.316317,0.240435,0.227133,0.277698,0.271574,0.268513,0.260358,0.419656,0.256804,0.352324,0.354317,0.265806,0.412787,0.301401,0.322357,0.331780,0.188569,0.391181,0.225222,0.275033,0.156626,0.348996,0.207510,0.296312,0.358105,0.222172,0.327161,0.263284,0.243413,0.261393,0.352635,0.275368,0.271307,0.310672,0.364432,0.377148,0.365957,0.319936,0.222560,0.373820,0.250319,0.290309,0.271626,0.198136,0.257491,0.253513,0.348963,0.170724,0.361801,0.205795,0.174481,0.300645,0.267116,0.305609,0.297960,0.319616,0.345994,0.312788,0.320617,0.183280,0.352341,0.209931,0.213774,0.288116,0.303688,0.214777,0.236079,0.111917,0.372245,0.207742,0.316424,0.343681,0.259565,0.293406,0.266383,0.251360,0.236399,0.321752,0.282690,0.294813,0.151819,0.292353,0.324759,0.244288,0.254227,0.198505,0.216423,0.199529,0.159374,0.332344,0.362040,0.334995,0.331012,0.224809,0.375799,0.292781,0.350444,0.276195,0.212447,0.288000,0.273193,0.268311,#
12,0.255699,0.289202,0.261164,0.345487,0.410010,0.313770,0.342133,0.290124,0.361170,0.295735,0.180961,0.329511,1.000000,0.326795,0.396234,0.265418,0.408942,0.350774,0.366869,0.423936,0.312092,0.292645,0.318511,0.350594,0.210675,0.298254,0.261381,0.382099,0.390942,0.272419,0.178825,0.366251,0.379881,0.336852,0.310693,0.369051,0.336276,0.241620,0.358131,0.264527,0.250506,0.182648,0.315189,0.431415,0.322458,0.338295,0.369430,0.174818,0.344384,0.250898,0.424180,0.349697,0.294911,0.331519,0.415595,0.280368,0.227036,0.345913,0.255386,0.175961,0.208903,0.353891,0.177682,0.304728,0.452175,0.338021,0.234544,0.187405,0.265588,0.251036,0.244155,0.308620,0.325879,0.305853,0.411372,0.324562,0.332554,0.197912,0.345759,0.242966,0.330031,0.327630,0.282533,0.256212,0.262761,0.353802,0.266830,0.367274,0.369033,0.256030,0.296263,0.253686,0.328728,0.241234,0.272134,0.360155,0.470768,0.348158,0.284764,0.226025,0.245749,0.340859,0.332147,0.292069,0.306433,0.314362,0.225998,0.196200,0.256658,0.219797,0.406965,0.221270,0.262527,0.332849,0.399482,0.206900,0.348099,0.178733,0.334455,0.193856,0.331463,0.321542,0.405684,0.367802,0.361173,0.225989,0.254395,0.203303,0.256583,0.301586,0.266016,0.245605,0.236693,0.304642,0.353560,0.259964,0.324417,0.344661,0.388792,0.208472,0.357940,0.379254,0.309776,0.256103,0.250830,0.281322,0.283914,0.293421,0.258141,0.384822,0.220977,0.379533,0.274510,0.256618,0.267088,0.401496,0.338843,0.198296,0.321815,0.255452,0.285517,0.402243,0.359575,0.347765,0.348216,0.133376,0.372082,0.314959,0.251788,0.217696,0.331552,0.339771,0.307487,0.338873,0.292128,0.290997,0.439868,0.463181,0.293979,0.154812,0.299082,0.319169,0.314812,0.307802,0.181512,0.301229,0.267683,0.414629,0.324816,0.234494,0.261164,0.217515,0.287495,0.355095,0.225920,0.304852,0.263556,0.357093,0.315124,0.208898,#
13,0.253476,0.193308,0.371504,0.321594,0.338531,0.170502,0.348109,0.319705,0.292638,0.275994,0.242498,0.295918,0.326795,1.000000,0.319002,0.279361,0.315468,0.351252,0.394438,0.374645,0.347311,0.284172,0.323870,0.325455,0.198614,0.323323,0.282722,0.397271,0.360245,0.343049,0.199324,0.332757,0.356107,0.379129,0.285290,0.238584,0.329677,0.315771,0.309127,0.324476,0.364082,0.276575,0.350349,0.286522,0.401733,0.342368,0.313867,0.268887,0.375946,0.243102,0.345027,0.406038,0.310925,0.365473,0.334692,0.294998,0.235589,0.325859,0.284222,0.324510,0.343179,0.355512,0.337779,0.299984,0.367960,0.326044,0.352790,0.258199,0.325014,0.219872,0.215946,0.288248,0.142489,0.394592,0.381165,0.320179,0.349605,0.278195,0.381586,0.297738,0.288007,0.300698,0.390025,0.303411,0.335445,0.316966,0.273263,0.298234,0.365850,0.276923,0.320844,0.315363,0.382524,0.417537,0.307742,0.213445,0.332455,0.278927,0.259133,0.424776,0.268067,0.356013,0.286920,0.434992,0.281754,0.440801,0.192735,0.305521,0.326497,0.221700,0.326733,0.303719,0.429604,0.374714,0.371303,0.403092,0.294194,0.352845,0.257995,0.380962,0.298954,0.321895,0.322220,0.255268,0.395465,0.168033,0.289133,0.174164,0.349758,0.264994,0.201910,0.330927,0.246326,0.245146,0.421856,0.293614,0.265148,0.317823,0.401876,0.327157,0.067666,0.376432,0.422625,0.270096,0.255384,0.334959,0.310634,0.306453,0.275646,0.301821,0.267387,0.346388,0.259698,0.447685,0.265895,0.372459,0.271385,0.303139,0.381377,0.325600,0.323326,0.366607,0.295835,0.371447,0.262951,0.233262,0.330123,0.238934,0.405319,0.187344,0.292707,0.427499,0.349957,0.290493,0.380255,0.350322,0.382410,0.451000,0.340069,0.175207,0.236012,0.398767,0.302233,0.332381,0.343543,0.318019,0.268536,0.319415,0.191147,0.300195,0.335750,0.346551,0.301912,0.368912,0.317660,0.241034,0.242993,0.263623,0.345128,0.267607,#
14,0.265807,0.214630,0.216155,0.308590,0.298650,0.291154,0.198229,0.399560,0.386016,0.329627,0.253973,0.212444,0.396234,0.319002,1.000000,0.368611,0.332374,0.289923,0.302931,0.420382,0.318427,0.245054,0.273988,0.410809,0.178628,0.141126,0.349572,0.364584,0.330872,0.320789,0.196645,0.418824,0.292204,0.290525,0.290440,0.267531,0.272501,0.271510,0.341036,0.257800,0.230852,0.179408,0.377235,0.234210,0.313428,0.401603,0.268376,0.159268,0.202890,0.244446,0.300936,0.254312,0.277148,0.396823,0.362652,0.295249,0.287122,0.244374,0.288931,0.224759,0.303344,0.383964,0.296718,0.266291,0.289338,0.198167,0.235742,0.278712,0.229102,0.362015,0.303449,0.256108,0.269529,0.283180,0.437370,0.293063,0.383371,0.320196,0.282088,0.159319,0.341322,0.372841,0.370085,0.333180,0.304830,0.318635,0.203986,0.378377,0.291182,0.169730,0.221750,0.236710,0.374565,0.328755,0.332429,0.325610,0.499958,0.318420,0.264198,0.167413,0.286724,0.302656,0.348480,0.246106,0.339008,0.327654,0.254149,0.177141,0.202186,0.224351,0.273657,0.206707,0.329902,0.345761,0.305391,0.316788,0.264849,0.179341,0.220648,0.309268,0.336893,0.352632,0.256844,0.289110,0.419465,0.126240,0.270671,0.393591,0.256904,0.393057,0.212132,0.248524,0.224033,0.303878,0.345581,0.336438,0.189267,0.322515,0.271928,0.270218,0.252670,0.352962,0.237265,0.295046,0.197243,0.383131,0.360231,0.277718,0.208903,0.196824,0.337712,0.276521,0.135868,0.289267,0.393834,0.342541,0.348184,0.252494,0.277020,0.281983,0.253051,0.214263,0.351083,0.277580,0.232329,0.151737,0.237412,0.192885,0.271704,0.363337,0.318014,0.303104,0.335484,0.302014,0.254063,0.349678,0.355562,0.351202,0.270950,0.133999,0.321675,0.389812,0.313032,0.267294,0.263997,0.236620,0.301675,0.122002,0.250004,0.363104,0.172271,0.294954,0.345431,0.346095,0.278104,0.288126,0.190770,0.205012,0.243220,0.181237,#
15,0.382514,0.208688,0.348294,0.271876,0.338619,0.296765,0.240059,0.270249,0.366251,0.271085,0.315713,0.220584,0.265418,0.279361,0.368611,1.000000,0.341767,0.379693,0.302970,0.358777,0.245126,0.280343,0.303420,0.370146,0.205068,0.351439,0.273042,0.313118,0.345089,0.366508,0.239638,0.358606,0.230478,0.375527,0.240818,0.351609,0.302165,0.207944,0.416656,0.207618,0.269438,0.235736,0.351349,0.233728,0.386770,0.307106,0.222611,0.329990,0.289756,0.332367,0.197339,0.421002,0.318005,0.321073,0.359733,0.253561,0.318869,0.245134,0.293078,0.304766,0.337128,0.272687,0.348847,0.296285,0.300201,0.371545,0.194623,0.217815,0.211022,0.151649,0.338747,0.215675,0.230118,0.282067,0.281605,0.245599,0.300668,0.300665,0.256516,0.276425,0.424412,0.247899,0.207752,0.346773,0.390374,0.317721,0.187421,0.449837,0.251205,0.255747,0.239662,0.242047,0.327393,0.258582,0.233813,0.257883,0.361781,0.238943,0.232841,0.196890,0.342971,0.216796,0.311639,0.258057,0.161386,0.365764,0.285928,0.269348,0.191156,0.291641,0.156388,0.305231,0.271651,0.297816,0.246687,0.325002,0.246820,0.186199,0.264683,0.226177,0.296771,0.250800,0.309345,0.284718,0.259518,0.237877,0.335920,0.300816,0.289848,0.427984,0.174222,0.186775,0.250771,0.253929,0.298007,0.299172,0.165384,0.210358,0.299440,0.219734,0.128070,0.290498,0.255543,0.188692,0.269533,0.209631,0.209204,0.255892,0.374213,0.224328,0.294726,0.187754,0.353281,0.355945,0.221744,0.337215,0.387153,0.282580,0.280174,0.298808,0.215678,0.275799,0.437249,0.187114,0.272502,0.278482,0.352630,0.378814,0.398483,0.137594,0.138899,0.353455,0.226348,0.241890,0.292139,0.330103,0.404536,0.351274,0.178560,0.232263,0.331569,0.306721,0.219028,0.354560,0.238549,0.246788,0.103705,0.273981,0.198482,0.299603,0.207547,0.280552,0.280586,0.241010,0.230276,0.275248,0.267426,0.313749,0.332704,0.235565,#
16,0.317971,0.198461,0.167403,0.226425,0.251952,0.211709,0.246905,0.343522,0.187137,0.198319,0.199792,0.228302,0.408942,0.315468,0.332374,0.341767,1.000000,0.299171,0.234523,0.426363,0.305986,0.292787,0.238570,0.234470,0.113434,0.312105,0.309779,0.140723,0.224748,0.345206,0.176219,0.366163,0.265907,0.412681,0.284406,0.280751,0.300185,0.179765,0.382536,0.167132,0.243740,0.187069,0.315812,0.227678,0.258729,0.349908,0.161952,0.178390,0.261239,0.230109,0.254323,0.289321,0.364012,0.373146,0.345981,0.213656,0.158614,0.276278,0.247185,0.140493,0.149062,0.381755,0.279731,0.290553,0.333726,0.251855,0.148522,0.332737,0.278084,0.320288,0.111141,0.272940,0.329913,0.235739,0.277210,0.264461,0.247224,0.339359,0.276701,0.293042,0.236903,0.253983,0.266784,0.304131,0.276976,0.290556,0.306710,0.286444,0.293094,0.197708,0.274175,0.248565,0.326751,0.204172,0.267129,0.248832,0.375109,0.233890,0.255867,0.290099,0.172996,0.208966,0.199908,0.200566,0.186562,0.357950,0.252824,0.148593,0.251486,0.192457,0.278669,0.253186,0.297083,0.246868,0.364843,0.364457,0.340878,0.261716,0.233634,0.293320,0.304277,0.346649,0.313904,0.330152,0.381350,0.232766,0.248267,0.188050,0.257278,0.315516,0.217591,0.201650,0.348915,0.029249,0.353929,0.332152,0.172680,0.255047,0.208587,0.253066,0.173607,0.286683,0.280072,0.253201,0.281925,0.193313,0.235474,0.215497,0.319903,0.388194,0.118090,0.364965,0.161645,0.256685,0.316192,0.345389,0.270606,0.243558,0.278178,0.284866,0.181828,0.309145,0.398984,0.294464,0.241825,0.209058,0.315277,0.330774,0.248442,0.132260,0.267624,0.344831,0.213902,0.172851,0.255843,0.246079,0.254098,0.316591,0.268547,0.134832,0.229080,0.269429,0.260318,0.150392,0.250870,0.318762,0.292852,0.292059,0.285718,0.255772,0.349201,0.142073,0.173961,0.254590,0.224122,0.301723,0.165987,0.198117,0.207267,0.199429,#
17,0.370714,0.261875,0.278784,0.364277,0.400255,0.324008,0.339368,0.403712,0.368614,0.263474,0.275427,0.373409,0.350774,0.351252,0.289923,0.379693,0.299171,1.000000,0.286581,0.372215,0.371100,0.266448,0.270023,0.389002,0.295577,0.375530,0.323487,0.336042,0.293454,0.331678,0.297368,0.311453,0.341819,0.304517,0.304395,0.398078,0.217243,0.286848,0.446309,0.313814,0.430332,0.328533,0.357472,0.309525,0.290943,0.328514,0.289304,0.341880,0.334045,0.306382,0.363812,0.349155,0.317394,0.267453,0.376093,0.380646,0.316323,0.271677,0.336472,0.215822,0.279325,0.379171,0.233257,0.251824,0.356875,0.475452,0.338428,0.314292,0.269669,0.274725,0.232264,0.351093,0.253289,0.276430,0.261389,0.316044,0.283468,0.256191,0.273950,0.355688,0.327168,0.298343,0.408137,0.267559,0.271897,0.260152,0.340855,0.311569,0.334788,0.328761,0.293310,0.230059,0.435596,0.302695,0.220057,0.392278,0.344841,0.293015,0.264915,0.300812,0.290971,0.124277,0.265761,0.271890,0.211902,0.330844,0.285083,0.300222,0.288204,0.184964,0.336895,0.386397,0.265060,0.400321,0.391462,0.295368,0.226882,0.270274,0.245131,0.295427,0.224191,0.356255,0.351773,0.292645,0.468973,0.350492,0.305345,0.247119,0.255453,0.315274,0.411296,0.368178,0.348636,0.254142,0.279948,0.389928,0.299868,0.402924,0.364118,0.327292,0.284686,0.341430,0.394222,0.267868,0.320559,0.308778,0.290005,0.319251,0.252771,0.216522,0.327422,0.211981,0.246667,0.337986,0.386729,0.441239,0.417899,0.291842,0.378712,0.273283,0.292678,0.291222,0.458234,0.332012,0.247913,0.294981,0.263873,0.304457,0.399847,0.183777,0.366018,0.262315,0.334807,0.259813,0.346977,0.259950,0.392643,0.344989,0.200018,0.393059,0.301449,0.416627,0.322711,0.352083,0.281138,0.265838,0.245566,0.356107,0.323113,0.270759,0.317596,0.343139,0.362176,0.320018,0.387352,0.367878,0.202748,0.341285,0.253698,0.301168,#
18,0.344130,0.200576,0.282820,0.422464,0.356826,0.106908,0.281590,0.309938,0.293324,0.227928,0.296011,0.322496,0.366869,0.394438,0.302931,0.302970,0.234523,0.286581,1.000000,0.350080,0.304124,0.309833,0.359381,0.330089,0.288314,0.246440,0.199875,0.391749,0.327326,0.263702,0.136508,0.230961,0.309196,0.354759,0.346729,0.349932,0.342478,0.279480,0.332877,0.348726,0.352796,0.212075,0.327965,0.238203,0.374800,0.266164,0.305273,0.276473,0.237959,0.290455,0.278578,0.322083,0.412532,0.244958,0.330732,0.298492,0.253862,0.352502,0.206344,0.307663,0.275148,0.244562,0.333076,0.240151,0.405710,0.287886,0.266542,0.271744,0.074591,0.242330,0.230944,0.222538,0.242301,0.228242,0.295122,0.246619,0.364996,0.296069,0.342177,0.248000,0.231837,0.215405,0.371823,0.327173,0.287065,0.256550,0.321882,0.306093,0.295666,0.265167,0.362482,0.247226,0.308071,0.313223,0.344395,0.357349,0.394610,0.316993,0.284259,0.319465,0.293926,0.263049,0.367071,0.270532,0.386776,0.372883,0.169730,0.187698,0.295579,0.181268,0.377758,0.256588,0.387858,0.324392,0.263277,0.273043,0.252995,0.065646,0.258930,0.337855,0.315966,0.358848,0.333740,0.143319,0.315600,0.163524,0.284148,0.267606,0.434110,0.244491,0.205018,0.374299,0.181758,0.343069,0.355081,0.270514,0.292184,0.349458,0.219947,0.270511,0.168225,0.319876,0.288653,0.301560,0.257997,0.348210,0.281583,0.198567,0.237246,0.305236,0.242875,0.356003,0.250647,0.297403,0.273964,0.395992,0.353256,0.323929,0.286136,0.384198,0.315778,0.238698,0.352548,0.324472,0.275890,0.324958,0.415178,0.315147,0.263190,0.294043,0.208381,0.364510,0.372729,0.228435,0.172975,0.372018,0.369842,0.380872,0.223593,0.228123,0.256685,0.298293,0.286530,0.238687,0.260978,0.158776,0.357936,0.277833,0.267249,0.265762,0.296098,0.303449,0.314843,0.316399,0.341069,0.268137,0.169505,0.294108,0.382748,0.246154,#
19,0.350179,0.290625,0.330964,0.386982,0.492920,0.421892,0.244483,0.320697,0.352592,0.390252,0.313073,0.187306,0.423936,0.374645,0.420382,0.358777,0.426363,0.372215,0.350080,1.000000,0.350645,0.271461,0.351822,0.353291,0.202215,0.341837,0.378046,0.325630,0.331117,0.389990,0.324669,0.384400,0.275977,0.379487,0.258546,0.363171,0.334504,0.226897,0.430768,0.273743,0.434065,0.243693,0.266264,0.254906,0.316882,0.354572,0.399664,0.349100,0.334337,0.289536,0.296957,0.388798,0.295577,0.378390,0.356151,0.327394,0.328936,0.250318,0.358596,0.249135,0.392237,0.493339,0.368545,0.378616,0.481518,0.307127,0.245099,0.293321,0.198212,0.310498,0.358544,0.326767,0.315791,0.350825,0.394446,0.369426,0.303076,0.338048,0.461271,0.275660,0.342817,0.292649,0.415591,0.275952,0.324136,0.339993,0.310589,0.435217,0.387241,0.173506,0.310671,0.341194,0.446752,0.296952,0.296549,0.378032,0.410252,0.326760,0.249699,0.281753,0.338156,0.300577,0.379539,0.329658,0.360569,0.443205,0.243005,0.348976,0.275686,0.157245,0.246952,0.268423,0.378399,0.389486,0.375759,0.256911,0.444043,0.342262,0.289723,0.162179,0.285481,0.397800,0.409594,0.377658,0.463989,0.251412,0.439674,0.308003,0.349893,0.396347,0.246945,0.289546,0.321525,0.296217,0.417195,0.347495,0.310794,0.380113,0.304276,0.255827,0.230287,0.375275,0.325841,0.277021,0.323613,0.314732,0.264703,0.240994,0.375734,0.321676,0.307135,0.442692,0.275248,0.384615,0.393409,0.358300,0.389561,0.296295,0.383535,0.354263,0.422383,0.325961,0.403511,0.307072,0.360470,0.273767,0.249912,0.365437,0.431221,0.259661,0.317460,0.423780,0.408184,0.350322,0.357004,0.325019,0.408692,0.474892,0.342257,0.230551,0.174976,0.424192,0.361759,0.408125,0.390766,0.317642,0.282323,0.325667,0.373681,0.340361,0.420417,0.378301,0.228757,0.379215,0.274948,0.443987,0.198411,0.313605,0.374846,0.326343,#
20,0.249277,0.132899,0.320878,0.303120,0.442034,0.207114,0.352433,0.262909,0.222924,0.333070,0.207049,0.223738,0.312092,0.347311,0.318427,0.245126,0.305986,0.371100,0.304124,0.350645,1.000000,0.319510,0.222878,0.275234,0.277124,0.356112,0.319875,0.270690,0.339335,0.310268,0.127463,0.201757,0.286033,0.336485,0.265025,0.374854,0.363876,0.185468,0.370428,0.289678,0.330835,0.389788,0.250179,0.220506,0.408188,0.283166,0.376705,0.204024,0.251559,0.247221,0.174761,0.323198,0.244088,0.313447,0.380612,0.294811,0.301213,0.334165,0.324067,0.162129,0.329401,0.337575,0.383487,0.190813,0.339101,0.264964,0.222721,0.209649,0.285139,0.312995,0.329665,0.318464,0.171731,0.287180,0.312706,0.154555,0.307718,0.365979,0.309835,0.253811,0.227083,0.354313,0.361010,0.225047,0.254888,0.306004,0.299482,0.274921,0.363257,0.282440,0.325042,0.281594,0.386505,0.312928,0.399844,0.242123,0.311892,0.368581,0.300613,0.206118,0.297986,0.207649,0.401975,0.292310,0.272469,0.258824,0.216890,0.309676,0.201120,0.343322,0.327567,0.386405,0.293241,0.232901,0.362918,0.292214,0.345219,0.308431,0.206838,0.355399,0.332084,0.341649,0.283081,0.287494,0.308884,0.259177,0.322517,0.218709,0.410643,0.340587,0.321826,0.279284,0.290155,0.345518,0.339024,0.213295,0.301180,0.218847,0.338685,0.269525,0.273948,0.321849,0.274116,0.279771,0.301141,0.258253,0.217862,0.253054,0.292254,0.408885,0.353401,0.296392,0.208273,0.380283,0.254414,0.329775,0.349247,0.209731,0.276126,0.421936,0.285544,0.345506,0.323570,0.334536,0.326806,0.097996,0.169198,0.293287,0.343607,0.205752,0.324208,0.261315,0.364444,0.174838,0.200864,0.327134,0.232077,0.332541,0.355473,0.224524,0.266015,0.312788,0.228277,0.254191,0.246694,0.107650,0.250769,0.367968,0.251264,0.348922,0.149635,0.304066,0.258600,0.388827,0.264917,0.244924,0.262811,0.248258,0.338635,0.304086,#
21,0.225039,0.321634,0.328973,0.295494,0.254286,0.157410,0.265479,0.295568,0.345594,0.235253,0.197972,0.312023,0.292645,0.284172,0.245054,0.280343,0.292787,0.266448,0.309833,0.271461,0.319510,1.000000,0.217648,0.253688,0.158558,0.200232,0.305924,0.298322,0.286067,0.280623,0.237680,0.295597,0.283138,0.313326,0.238962,0.307951,0.376241,0.315160,0.406460,0.223491,0.262410,0.320215,0.279422,0.258780,0.275102,0.267957,0.258192,0.303083,0.237656,0.166502,0.260223,0.329827,0.171626,0.192781,0.233390,0.225617,0.275949,0.246389,0.204677,0.139184,0.262842,0.187764,0.329849,0.236507,0.424009,0.328321,0.168552,0.262215,0.260159,0.293054,0.341850,0.370293,0.316140,0.391380,0.308066,0.230700,0.194139,0.237662,0.250034,0.297682,0.249724,0.235867,0.321609,0.091736,0.349204,0.193884,0.308050,0.290461,0.253864,0.325821,0.226216,0.157433,0.251060,0.259855,0.337678,0.271499,0.349965,0.225985,0.128669,0.262539,0.383662,0.311458,0.326422,0.202208,0.229181,0.353202,0.235498,0.126134,0.272754,0.289415,0.322508,0.280900,0.185940,0.321669,0.237500,0.336968,0.396525,0.217714,0.145979,0.303415,0.213022,0.373434,0.271062,0.304753,0.311681,0.167448,0.283870,0.274522,0.314539,0.237209,0.236057,0.344785,0.379412,0.294166,0.302759,0.201161,0.182231,0.219155,0.217974,0.323671,0.271834,0.318214,0.253547,0.235367,0.247161,0.340972,0.281600,0.237731,0.216590,0.288343,0.295975,0.222034,0.189919,0.305779,0.371241,0.349554,0.213453,0.157520,0.235991,0.275400,0.274950,0.327417,0.380978,0.310559,0.325552,0.131723,0.279560,0.332954,0.258056,0.364709,0.223121,0.243008,0.235949,0.183825,0.235323,0.384400,0.235279,0.326619,0.140627,0.219754,0.222925,0.338984,0.124722,0.315290,0.190137,0.241731,0.240067,0.229913,0.237835,0.322703,0.358848,0.226684,0.301300,0.352578,0.364900,0.289419,0.247896,0.300496,0.342455,0.252296,#
