0,1.000000,0.816308,0.806788,0.790110,0.752671,0.820726,0.800942,0.810325,0.800606,0.770620,0.799646,0.817642,0.808681,0.770019,0.792448,0.777241,0.806038,0.809920,0.794432,0.813097,0.796243,0.773281,0.806652,0.795827,0.763058,0.780883,0.806654,0.802507,0.768556,0.812046,0.792194,0.797499,0.780190,0.769336,0.819639,0.799310,0.784965,0.800584,0.811297,0.839352,0.804315,0.779655,0.799335,0.783932,0.795719,0.766958,0.834750,0.807196,0.801910,0.828042,0.817540,0.782376,0.815494,0.810968,0.790733,0.828117,0.794499,0.826904,0.794519,0.786493,0.832964,0.779403,0.804736,0.796151,0.817030,0.806649,0.826300,0.812977,0.789454,0.768668,0.811483,0.810918,0.831873,0.807313,0.805469,0.798381,0.807407,0.793178,0.803848,0.803562,0.843700,0.813511,0.814144,0.810423,0.806801,0.839344,0.795205,0.779153,0.760059,0.810495,0.769718,0.776732,0.766614,0.803241,0.785992,0.797234,0.770863,0.775663,0.800524,0.810079,0.813189,0.797218,0.781033,0.800384,0.798479,0.779327,0.755129,0.816177,0.796449,0.758478,0.810562,0.784995,0.802891,0.761176,0.787650,0.840314,0.780666,0.784037,0.795847,0.781743,0.768431,0.859184,0.802080,0.836320,0.786190,0.789317,0.786503,0.789922,0.785975,0.777728,0.791274,0.807774,0.794074,0.768053,0.812174,0.791983,0.790086,0.825291,0.793266,0.781272,0.756982,0.779794,0.759771,0.823634,0.809456,0.750898,0.790318,0.760183,0.799742,0.795770,0.798249,0.803491,0.792686,0.776752,0.792086,0.767937,0.792718,0.810779,0.828873,0.818631,0.817970,0.828517,0.787604,0.796041,0.823342,0.803212,0.821842,0.785340,0.787780,0.783834,0.799689,0.777537,0.808954,0.823745,0.840806,0.753752,0.789275,0.833500,0.791044,0.795810,0.794765,0.807837,0.766146,0.784178,0.782851,0.771513,0.806513,0.798669,0.786266,0.796436,0.774393,0.803549,0.774719,0.798659,0.777536,0.777351,0.757700,0.817241,0.807313,0.796637,#
1,0.816308,1.000000,0.817126,0.836957,0.794113,0.845576,0.789459,0.817894,0.820496,0.806527,0.817222,0.800706,0.819250,0.827478,0.805452,0.791450,0.814358,0.799293,0.827556,0.828192,0.845662,0.858033,0.836316,0.830486,0.793626,0.788837,0.842834,0.822472,0.796210,0.794933,0.828567,0.840713,0.816622,0.825013,0.809962,0.842260,0.777241,0.846461,0.839425,0.836164,0.810864,0.791078,0.790800,0.793572,0.794223,0.817224,0.840702,0.820105,0.837997,0.829668,0.803817,0.841589,0.825188,0.798970,0.838937,0.819639,0.787224,0.819762,0.827655,0.791119,0.802817,0.815327,0.760300,0.778867,0.811291,0.821297,0.844195,0.829015,0.830657,0.837617,0.813103,0.829275,0.874790,0.794530,0.824356,0.824198,0.822980,0.820876,0.827352,0.818553,0.842286,0.821375,0.873084,0.826069,0.833678,0.820404,0.801225,0.802438,0.822181,0.819272,0.800393,0.787757,0.812394,0.826096,0.791873,0.787845,0.802099,0.807725,0.803242,0.830276,0.838654,0.824541,0.801766,0.816154,0.804334,0.803994,0.779818,0.846075,0.803044,0.777557,0.823713,0.806537,0.807773,0.797402,0.793405,0.804291,0.834916,0.840459,0.787044,0.771093,0.841161,0.821250,0.774461,0.831129,0.777657,0.787217,0.820049,0.810137,0.823586,0.819454,0.793281,0.834885,0.791309,0.804269,0.838180,0.800173,0.790374,0.806592,0.828417,0.766746,0.817602,0.801061,0.800416,0.812111,0.796910,0.798715,0.815263,0.777375,0.821418,0.804518,0.821871,0.842390,0.811958,0.796086,0.830093,0.780550,0.828811,0.821476,0.782455,0.804042,0.803919,0.831591,0.837061,0.830631,0.816837,0.793024,0.822213,0.816989,0.755721,0.784135,0.829037,0.784954,0.809780,0.827292,0.834018,0.797565,0.804044,0.862642,0.782750,0.788154,0.824009,0.808530,0.790203,0.784047,0.782007,0.828895,0.819075,0.747526,0.801296,0.799805,0.811184,0.810902,0.786989,0.824183,0.845686,0.769728,0.790777,0.820045,0.809442,0.810452,#
2,0.806788,0.817126,1.000000,0.793311,0.746969,0.815935,0.795125,0.804036,0.795885,0.777300,0.794661,0.766511,0.762679,0.789845,0.778189,0.771757,0.779122,0.807612,0.788618,0.815608,0.786270,0.785738,0.752210,0.807099,0.763683,0.761819,0.823101,0.818943,0.809555,0.802386,0.809671,0.803308,0.802400,0.788654,0.793578,0.797583,0.792340,0.798121,0.828419,0.823724,0.805854,0.789381,0.771512,0.771493,0.758301,0.786717,0.847416,0.769590,0.794467,0.844482,0.790219,0.784969,0.786993,0.818873,0.827884,0.816188,0.807087,0.792900,0.780617,0.783726,0.827976,0.796696,0.775674,0.812323,0.788853,0.797803,0.841204,0.784055,0.818154,0.814766,0.814580,0.788770,0.820520,0.811698,0.809879,0.798155,0.802905,0.814630,0.807475,0.829999,0.820814,0.819297,0.843884,0.827340,0.825060,0.828209,0.786850,0.839045,0.773355,0.792224,0.806788,0.781138,0.808218,0.802855,0.807331,0.781959,0.770761,0.777474,0.824026,0.801098,0.816116,0.762375,0.768351,0.785454,0.761398,0.818693,0.802731,0.786729,0.807029,0.760001,0.800492,0.761867,0.825484,0.753012,0.779445,0.766242,0.768555,0.795537,0.781978,0.738136,0.803711,0.795581,0.754068,0.823367,0.776845,0.773588,0.794925,0.789824,0.798729,0.810909,0.812479,0.830997,0.827910,0.822928,0.804460,0.798316,0.777330,0.800978,0.821696,0.774482,0.785352,0.794323,0.750732,0.773265,0.784185,0.819725,0.785606,0.774704,0.798033,0.777335,0.814742,0.805096,0.783851,0.805188,0.771048,0.783235,0.794460,0.770789,0.758328,0.776232,0.766076,0.757649,0.794690,0.798638,0.777394,0.808785,0.830989,0.773803,0.747911,0.766530,0.795554,0.767243,0.783949,0.783203,0.824471,0.790312,0.781397,0.823882,0.787196,0.771693,0.788851,0.823349,0.761820,0.836752,0.751235,0.785731,0.800276,0.774114,0.793262,0.772666,0.770147,0.809988,0.814372,0.805832,0.791184,0.794002,0.778880,0.813637,0.780507,0.809552,#
3,0.790110,0.836957,0.793311,1.000000,0.785387,0.801235,0.764248,0.789571,0.794775,0.794838,0.787649,0.784543,0.800716,0.774868,0.756270,0.777319,0.781546,0.765976,0.789343,0.785096,0.792615,0.813159,0.769534,0.765233,0.793159,0.799887,0.812812,0.810855,0.773259,0.782659,0.782939,0.825590,0.783774,0.805973,0.797142,0.793673,0.751603,0.797069,0.754603,0.828482,0.802543,0.774649,0.768193,0.777845,0.776611,0.810930,0.826348,0.798844,0.821239,0.795812,0.795150,0.759935,0.799234,0.773194,0.802029,0.807294,0.734999,0.795453,0.834006,0.789148,0.791934,0.779467,0.747559,0.790404,0.816262,0.809522,0.789808,0.788070,0.771274,0.795340,0.764102,0.810640,0.847225,0.793612,0.779336,0.779483,0.775891,0.794991,0.793315,0.817870,0.822998,0.786850,0.814111,0.794324,0.807244,0.810266,0.781274,0.785038,0.764594,0.796335,0.754248,0.786870,0.796380,0.811109,0.776445,0.792059,0.748070,0.764923,0.769865,0.803833,0.797550,0.773559,0.745366,0.768096,0.800140,0.775123,0.775154,0.820644,0.775161,0.760089,0.768645,0.787933,0.782383,0.769510,0.768046,0.806110,0.782191,0.775557,0.773360,0.739154,0.762232,0.803055,0.746558,0.807091,0.752835,0.777112,0.799314,0.804628,0.781005,0.786659,0.775223,0.807844,0.773809,0.804707,0.820130,0.788817,0.813337,0.768866,0.773856,0.761746,0.771982,0.779437,0.764065,0.768787,0.747749,0.810858,0.772094,0.771493,0.788883,0.752380,0.766757,0.792094,0.773829,0.780203,0.779635,0.733973,0.820588,0.797662,0.764580,0.802658,0.808434,0.805466,0.781235,0.826121,0.788241,0.794485,0.801266,0.758121,0.763634,0.759164,0.802157,0.778513,0.769610,0.791998,0.781961,0.784961,0.777485,0.804495,0.788391,0.767383,0.765036,0.818419,0.759390,0.786959,0.757182,0.791103,0.770710,0.713226,0.809839,0.806816,0.767559,0.787834,0.766935,0.767600,0.800190,0.797510,0.771645,0.798034,0.771044,0.803185,#
4,0.752671,0.794113,0.746969,0.785387,1.000000,0.810881,0.786924,0.758848,0.755688,0.764304,0.764608,0.769376,0.755309,0.756398,0.750228,0.774078,0.756135,0.779616,0.744293,0.798592,0.788805,0.783043,0.761506,0.785228,0.751000,0.744647,0.776708,0.764804,0.776532,0.770809,0.814361,0.767465,0.782924,0.746891,0.759376,0.789137,0.736373,0.768668,0.747907,0.812135,0.770958,0.737534,0.753084,0.780690,0.755959,0.755662,0.813119,0.770994,0.785624,0.783848,0.786567,0.753753,0.774563,0.707439,0.789030,0.791354,0.736737,0.786996,0.806441,0.763898,0.744275,0.767110,0.766434,0.753397,0.796663,0.819677,0.805195,0.738402,0.766530,0.772155,0.777071,0.801375,0.787869,0.765163,0.754670,0.766147,0.757846,0.794204,0.786903,0.791334,0.757219,0.783691,0.811222,0.751951,0.792535,0.747446,0.743709,0.744786,0.764406,0.794167,0.746548,0.731519,0.740175,0.786605,0.739534,0.768185,0.773443,0.734416,0.739217,0.757850,0.796013,0.798409,0.763847,0.763853,0.756027,0.729253,0.788346,0.773054,0.781888,0.776262,0.741568,0.750698,0.796055,0.805150,0.755827,0.765011,0.751456,0.810886,0.732746,0.712913,0.768968,0.775941,0.786156,0.783609,0.737988,0.772830,0.747038,0.757536,0.825516,0.779281,0.817458,0.794416,0.747050,0.770241,0.813631,0.769433,0.768036,0.797950,0.767078,0.736712,0.735803,0.792461,0.756453,0.777549,0.741517,0.770656,0.777836,0.727576,0.761875,0.782348,0.766068,0.820946,0.739249,0.719527,0.803105,0.749877,0.806289,0.783132,0.772686,0.756574,0.734232,0.780336,0.797239,0.775219,0.782960,0.752362,0.774887,0.741835,0.730951,0.746856,0.765812,0.759250,0.759580,0.755625,0.801805,0.763162,0.777479,0.802596,0.756914,0.764105,0.799909,0.762856,0.769251,0.745728,0.799827,0.792010,0.770542,0.774432,0.756517,0.752749,0.754903,0.742835,0.753314,0.764460,0.763121,0.715341,0.746096,0.774302,0.781581,0.760010,#
5,0.820726,0.845576,0.815935,0.801235,0.810881,1.000000,0.776568,0.805239,0.798698,0.769891,0.787361,0.792763,0.776084,0.761204,0.793604,0.785146,0.778287,0.798472,0.790253,0.837406,0.795154,0.782198,0.762360,0.791268,0.792610,0.799648,0.826519,0.822034,0.760541,0.809263,0.822704,0.825775,0.800925,0.818907,0.803199,0.824361,0.785629,0.788330,0.791819,0.821723,0.805194,0.781478,0.751335,0.770939,0.796155,0.813673,0.827185,0.825078,0.815019,0.808012,0.807050,0.762613,0.791517,0.797694,0.807584,0.855544,0.785295,0.810207,0.831254,0.805383,0.781862,0.786590,0.796876,0.821952,0.801538,0.791637,0.809529,0.786712,0.786045,0.809174,0.838152,0.814669,0.844682,0.803103,0.798925,0.784814,0.812082,0.827338,0.798466,0.806896,0.832309,0.821348,0.845449,0.801704,0.810549,0.792733,0.780101,0.803588,0.798074,0.803044,0.798436,0.747548,0.782873,0.818793,0.770376,0.732261,0.803358,0.777114,0.818915,0.761408,0.840447,0.807945,0.839922,0.809420,0.788502,0.792001,0.804876,0.806643,0.768044,0.790444,0.776045,0.798496,0.803174,0.758179,0.743383,0.774666,0.817166,0.824395,0.786924,0.767704,0.781309,0.810551,0.780171,0.851334,0.751569,0.786645,0.817050,0.784851,0.826864,0.773691,0.802881,0.843733,0.814497,0.828254,0.831114,0.769292,0.772012,0.813228,0.776912,0.764728,0.772888,0.752751,0.786447,0.804876,0.834532,0.764251,0.780089,0.779292,0.790838,0.818556,0.833183,0.817987,0.797825,0.785991,0.805595,0.749303,0.825536,0.803673,0.790749,0.808924,0.793352,0.830366,0.798557,0.795433,0.818055,0.776307,0.774069,0.803200,0.769759,0.754090,0.820453,0.787459,0.785734,0.787239,0.810830,0.793462,0.787876,0.837995,0.804222,0.811764,0.812669,0.801346,0.750450,0.770288,0.784906,0.813468,0.801242,0.768066,0.808318,0.816921,0.756778,0.817706,0.772046,0.822412,0.777511,0.786817,0.756770,0.813417,0.797309,0.797530,#
6,0.800942,0.789459,0.795125,0.764248,0.786924,0.776568,1.000000,0.760070,0.785057,0.778833,0.796801,0.780960,0.776165,0.790786,0.722027,0.801175,0.809732,0.817596,0.792609,0.785111,0.799334,0.759131,0.738213,0.773044,0.776443,0.775490,0.779948,0.788486,0.774061,0.786205,0.802638,0.821880,0.794376,0.791829,0.792805,0.795250,0.773859,0.789413,0.770508,0.819754,0.789127,0.792046,0.788794,0.775179,0.783441,0.746950,0.818351,0.776732,0.818476,0.818266,0.792180,0.790643,0.792153,0.699834,0.805088,0.800560,0.785020,0.810650,0.810998,0.763795,0.790832,0.795013,0.756800,0.759237,0.833886,0.792547,0.841498,0.782649,0.793950,0.762218,0.795551,0.825264,0.793614,0.795734,0.773505,0.789451,0.821467,0.812427,0.813260,0.787995,0.794994,0.801997,0.802458,0.833884,0.791765,0.778782,0.775963,0.777990,0.781877,0.794080,0.746413,0.757093,0.739465,0.791475,0.766738,0.781669,0.791719,0.776802,0.771636,0.771871,0.814680,0.797186,0.786055,0.787611,0.792435,0.740267,0.791925,0.778810,0.810194,0.737398,0.744647,0.744487,0.776646,0.792408,0.765087,0.782246,0.764108,0.792818,0.745232,0.763870,0.765042,0.794584,0.725585,0.808416,0.790789,0.777959,0.752590,0.775239,0.777398,0.765690,0.803251,0.804246,0.783355,0.755387,0.803710,0.793085,0.799672,0.783066,0.821047,0.778819,0.785408,0.775502,0.742971,0.783793,0.773008,0.798866,0.786138,0.782341,0.768423,0.765309,0.785024,0.823332,0.737494,0.761598,0.758672,0.752079,0.782844,0.736588,0.762647,0.798991,0.782030,0.789794,0.771042,0.782526,0.787394,0.801024,0.818234,0.743019,0.755928,0.758017,0.781207,0.793364,0.723997,0.756755,0.793520,0.795079,0.792796,0.820317,0.778340,0.762205,0.801919,0.783737,0.788204,0.791275,0.747940,0.770109,0.791284,0.758069,0.765546,0.769859,0.744437,0.794538,0.749861,0.777108,0.784193,0.781063,0.776404,0.795815,0.794156,0.783525,#
7,0.810325,0.817894,0.804036,0.789571,0.758848,0.805239,0.760070,1.000000,0.816224,0.762197,0.766652,0.772747,0.792429,0.785207,0.777739,0.758626,0.785812,0.799859,0.817368,0.803117,0.805844,0.775382,0.809552,0.768130,0.780521,0.805904,0.791342,0.797935,0.780615,0.815932,0.765015,0.802587,0.773265,0.782645,0.789233,0.801115,0.767861,0.795148,0.811887,0.801350,0.809240,0.795153,0.763280,0.763972,0.771605,0.794197,0.818753,0.803477,0.815623,0.790645,0.795904,0.772636,0.788762,0.794366,0.807318,0.788797,0.776292,0.790326,0.804799,0.809651,0.767277,0.785161,0.782094,0.770948,0.813156,0.812698,0.842926,0.782104,0.782414,0.767744,0.814948,0.752093,0.829221,0.793642,0.792928,0.767738,0.798784,0.778482,0.780726,0.780625,0.827324,0.789809,0.836894,0.791092,0.806272,0.796337,0.798472,0.782691,0.767941,0.794746,0.785820,0.779433,0.778993,0.779989,0.809241,0.788630,0.798037,0.811939,0.813596,0.797370,0.815064,0.760168,0.759597,0.762800,0.787907,0.772750,0.771007,0.812382,0.794590,0.738622,0.822158,0.773540,0.820697,0.773217,0.773013,0.788908,0.775020,0.772123,0.767107,0.785101,0.790109,0.793407,0.767044,0.815951,0.788606,0.779618,0.777832,0.798093,0.786208,0.777700,0.789816,0.809519,0.792835,0.746379,0.799978,0.815447,0.794544,0.819778,0.770064,0.767792,0.758581,0.781729,0.799475,0.775437,0.807187,0.799110,0.788793,0.725269,0.773448,0.769296,0.758008,0.812248,0.782903,0.741230,0.787821,0.799169,0.798358,0.799960,0.773290,0.778156,0.804446,0.771770,0.833818,0.766654,0.803816,0.780948,0.807093,0.768209,0.722062,0.728462,0.812669,0.788361,0.767940,0.799528,0.799748,0.755910,0.771485,0.791743,0.779978,0.768105,0.793140,0.780307,0.764172,0.789921,0.767479,0.790965,0.806006,0.758434,0.807591,0.816028,0.795674,0.804567,0.758438,0.775744,0.793850,0.768868,0.775977,0.830095,0.795024,0.793095,#
8,0.800606,0.820496,0.795885,0.794775,0.755688,0.798698,0.785057,0.816224,1.000000,0.801145,0.781121,0.810318,0.802755,0.803009,0.782360,0.791311,0.774611,0.791488,0.759693,0.815620,0.804970,0.791600,0.773824,0.773744,0.775344,0.792264,0.804132,0.791267,0.782303,0.780975,0.794880,0.800020,0.785613,0.778901,0.787859,0.838320,0.783826,0.797402,0.768269,0.798014,0.798360,0.765041,0.836309,0.779700,0.773037,0.755681,0.803580,0.764974,0.811787,0.802356,0.806167,0.777891,0.791769,0.800359,0.775628,0.806922,0.775298,0.805167,0.785796,0.751674,0.786554,0.794631,0.806519,0.801750,0.812737,0.827999,0.828501,0.823856,0.821875,0.787842,0.803227,0.820890,0.839895,0.792215,0.787227,0.761802,0.802317,0.807337,0.798304,0.807354,0.807968,0.795802,0.810592,0.803352,0.817499,0.789450,0.774453,0.800732,0.755195,0.769553,0.780223,0.769669,0.768731,0.785789,0.756799,0.772408,0.795125,0.811238,0.849843,0.812781,0.795518,0.738911,0.807564,0.822016,0.747909,0.787919,0.785005,0.812209,0.761719,0.794428,0.771367,0.779611,0.805335,0.761406,0.742708,0.800002,0.782904,0.776083,0.758018,0.796984,0.773881,0.771802,0.779942,0.834228,0.766418,0.802332,0.751037,0.777071,0.820973,0.796557,0.765284,0.816441,0.800626,0.772198,0.806546,0.809980,0.806001,0.794380,0.791333,0.781415,0.763192,0.782152,0.784773,0.747685,0.788689,0.773219,0.774007,0.764353,0.782261,0.795821,0.765166,0.829839,0.748436,0.816417,0.794152,0.752019,0.805763,0.812540,0.819004,0.780923,0.803004,0.765931,0.801490,0.773203,0.782270,0.780931,0.796444,0.799233,0.780335,0.738211,0.796670,0.812856,0.744156,0.789542,0.825555,0.779776,0.783981,0.827242,0.784925,0.760496,0.806710,0.801047,0.776632,0.777316,0.767433,0.763229,0.820667,0.765540,0.778651,0.805092,0.811147,0.804991,0.793252,0.783331,0.778313,0.749497,0.731145,0.794731,0.772947,0.827096,#
9,0.770620,0.806527,0.777300,0.794838,0.764304,0.769891,0.778833,0.762197,0.801145,1.000000,0.774117,0.750819,0.793031,0.794658,0.795062,0.770034,0.782487,0.793951,0.763568,0.769566,0.814978,0.771123,0.744848,0.780497,0.761872,0.751004,0.792394,0.835616,0.737733,0.790069,0.744625,0.799702,0.787962,0.770553,0.771028,0.794297,0.763632,0.772927,0.771668,0.807600,0.790755,0.785915,0.746340,0.765690,0.781777,0.755302,0.790624,0.773573,0.790987,0.797663,0.778780,0.750953,0.744991,0.755010,0.773242,0.789158,0.765638,0.831412,0.749722,0.783389,0.788428,0.772039,0.776275,0.760664,0.762824,0.825034,0.826165,0.783845,0.814759,0.775350,0.790619,0.774524,0.802812,0.778506,0.774721,0.771191,0.788078,0.819167,0.782859,0.829316,0.794330,0.808665,0.798023,0.824065,0.801659,0.771084,0.780856,0.806121,0.761501,0.783487,0.786281,0.753141,0.795175,0.774167,0.784804,0.750859,0.747793,0.756609,0.791144,0.805885,0.810151,0.793383,0.791638,0.780249,0.782130,0.784191,0.769579,0.803132,0.800883,0.784120,0.789723,0.793997,0.811854,0.757738,0.758297,0.818133,0.729569,0.775423,0.751219,0.753380,0.748151,0.785285,0.765838,0.812922,0.776221,0.768770,0.791708,0.762501,0.809365,0.748950,0.763117,0.806197,0.771601,0.791411,0.809883,0.742249,0.778223,0.782593,0.770312,0.778786,0.797315,0.828397,0.785298,0.800367,0.779891,0.822409,0.787328,0.785019,0.777953,0.784423,0.740886,0.786167,0.769646,0.777410,0.772634,0.766348,0.763977,0.791359,0.780643,0.804376,0.779072,0.815294,0.803726,0.788513,0.781319,0.799098,0.759170,0.787541,0.782629,0.751804,0.790892,0.787241,0.754227,0.744610,0.802756,0.801705,0.791623,0.825083,0.769871,0.784977,0.796082,0.788671,0.775098,0.758761,0.757187,0.802251,0.778669,0.749390,0.815979,0.750853,0.759728,0.787800,0.751460,0.754366,0.742136,0.748842,0.770805,0.783012,0.751563,0.770698,#
10,0.799646,0.817222,0.794661,0.787649,0.764608,0.787361,0.796801,0.766652,0.781121,0.774117,1.000000,0.800656,0.771116,0.780296,0.741709,0.784516,0.800081,0.775999,0.807527,0.793947,0.792885,0.771366,0.767729,0.815634,0.747399,0.770350,0.789612,0.826377,0.784748,0.806062,0.794941,0.787921,0.786147,0.795230,0.802225,0.796865,0.793909,0.803618,0.780249,0.798632,0.808863,0.751841,0.768357,0.744873,0.777190,0.800656,0.854606,0.793650,0.807480,0.833205,0.765300,0.793217,0.791796,0.741050,0.799459,0.829830,0.798530,0.830073,0.766826,0.781146,0.796777,0.802437,0.820662,0.806090,0.811790,0.766936,0.824185,0.761689,0.813858,0.774107,0.832022,0.817650,0.825274,0.757979,0.779575,0.821034,0.782992,0.825895,0.811540,0.775356,0.830402,0.782117,0.818977,0.796962,0.796856,0.787607,0.804736,0.785894,0.772340,0.825890,0.755657,0.795687,0.800208,0.774085,0.756581,0.790529,0.765247,0.810136,0.794425,0.811560,0.800717,0.777474,0.787115,0.810632,0.794444,0.774196,0.792350,0.775128,0.782915,0.774850,0.777661,0.764422,0.813112,0.780788,0.759088,0.801390,0.747178,0.782403,0.769955,0.754816,0.777918,0.804083,0.733530,0.804375,0.732575,0.787839,0.799033,0.789456,0.812585,0.769848,0.772966,0.811380,0.780376,0.779817,0.827885,0.828073,0.779191,0.768179,0.806305,0.793441,0.807368,0.783582,0.770524,0.798522,0.755151,0.780466,0.801918,0.774755,0.790984,0.789608,0.782368,0.787270,0.771612,0.788746,0.799699,0.749429,0.811286,0.809467,0.783913,0.773487,0.804731,0.770629,0.782244,0.796477,0.788015,0.788744,0.804485,0.785214,0.781925,0.774022,0.768915,0.802220,0.735275,0.769827,0.823094,0.787961,0.767491,0.814936,0.756952,0.806548,0.770728,0.763536,0.783995,0.770393,0.728748,0.785674,0.802718,0.776667,0.748189,0.799011,0.773134,0.772434,0.765629,0.810394,0.791873,0.775451,0.764184,0.798050,0.797309,0.814699,#
11,0.817642,0.800706,0.766511,0.784543,0.769376,0.792763,0.780960,0.772747,0.810318,0.750819,0.800656,1.000000,0.805924,0.787872,0.784682,0.787564,0.788045,0.814531,0.824918,0.793685,0.779530,0.759987,0.794288,0.777881,0.774973,0.776039,0.773673,0.792916,0.787940,0.761988,0.813922,0.811348,0.807330,0.779043,0.763333,0.798853,0.794560,0.805538,0.753792,0.798860,0.817338,0.755950,0.781878,0.753743,0.775557,0.749769,0.836013,0.809309,0.793687,0.820099,0.760683,0.755760,0.818355,0.758499,0.808050,0.799119,0.746906,0.837063,0.788431,0.794642,0.752892,0.770628,0.822617,0.788008,0.792700,0.792662,0.818632,0.790582,0.811067,0.783284,0.799073,0.776476,0.812566,0.803490,0.815210,0.777690,0.801495,0.831172,0.802833,0.776329,0.797117,0.776004,0.815765,0.795442,0.803975,0.776662,0.744612,0.764838,0.761066,0.765820,0.759972,0.776824,0.763701,0.781823,0.733895,0.801910,0.778345,0.794093,0.779851,0.788332,0.788683,0.774899,0.795050,0.798695,0.792292,0.765404,0.787885,0.815265,0.796449,0.765820,0.802782,0.808802,0.802696,0.745675,0.742395,0.779751,0.773304,0.786931,0.754418,0.808711,0.767158,0.777894,0.766068,0.835842,0.760243,0.784199,0.798974,0.804049,0.816245,0.795850,0.796650,0.799010,0.820546,0.777513,0.811237,0.796777,0.807509,0.790479,0.786732,0.783106,0.767192,0.751538,0.778650,0.807913,0.792918,0.757551,0.824020,0.766822,0.765071,0.778730,0.772579,0.783292,0.775551,0.817238,0.795094,0.759794,0.807813,0.777762,0.764789,0.773056,0.799544,0.786569,0.813928,0.784201,0.824509,0.779860,0.816962,0.757353,0.774454,0.788216,0.806913,0.791070,0.784166,0.826989,0.798939,0.788108,0.793916,0.801562,0.769000,0.799313,0.800809,0.756320,0.797733,0.779765,0.784900,0.736074,0.794606,0.798403,0.751887,0.754080,0.790468,0.803233,0.761063,0.777296,0.779062,0.785597,0.749237,0.803175,0.783952,0.767405,#
12,0.808681,0.819250,0.762679,0.800716,0.755309,0.776084,0.776165,0.792429,0.802755,0.793031,0.771116,0.805924,1.000000,0.787698,0.795600,0.761992,0.776058,0.786345,0.815814,0.791388,0.804055,0.754034,0.786331,0.786343,0.780566,0.793930,0.765398,0.788728,0.776332,0.782420,0.778592,0.785085,0.773650,0.803995,0.808054,0.809738,0.777695,0.793459,0.788257,0.793736,0.740942,0.726818,0.748874,0.773603,0.783696,0.769763,0.833395,0.776789,0.801934,0.813286,0.813263,0.750150,0.764464,0.762232,0.809228,0.801908,0.760489,0.782922,0.787618,0.772785,0.753938,0.761021,0.781600,0.757395,0.795983,0.810550,0.802402,0.780479,0.815887,0.789602,0.781797,0.784222,0.820348,0.782006,0.801555,0.791406,0.796774,0.801415,0.793220,0.807834,0.812134,0.794395,0.822169,0.793797,0.773166,0.797829,0.747829,0.791651,0.757956,0.770418,0.788574,0.748297,0.779757,0.774976,0.736864,0.784468,0.794403,0.770795,0.764407,0.745441,0.777753,0.785408,0.785431,0.785504,0.753792,0.764319,0.761854,0.784381,0.792590,0.774541,0.781676,0.767255,0.799465,0.745280,0.798769,0.779473,0.736804,0.771929,0.772515,0.764694,0.769288,0.800792,0.760197,0.816046,0.779162,0.814915,0.783694,0.758318,0.781283,0.780720,0.731218,0.763563,0.760936,0.759912,0.775810,0.792491,0.746105,0.792229,0.768524,0.723508,0.780758,0.773645,0.756690,0.802962,0.748679,0.770002,0.804291,0.744482,0.765198,0.798326,0.777026,0.777556,0.785010,0.737748,0.778099,0.781767,0.814396,0.814631,0.805212,0.761028,0.774661,0.805157,0.808419,0.777863,0.829956,0.752967,0.781193,0.788285,0.747665,0.753046,0.805821,0.756004,0.766152,0.787257,0.777855,0.758999,0.816313,0.832264,0.731306,0.746984,0.787082,0.795655,0.779983,0.764106,0.720332,0.762853,0.769810,0.777021,0.794131,0.774226,0.744154,0.784147,0.721806,0.771398,0.760914,0.774094,0.751125,0.806043,0.801085,0.762080,#
13,0.770019,0.827478,0.789845,0.774868,0.756398,0.761204,0.790786,0.785207,0.803009,0.794658,0.780296,0.787872,0.787698,1.000000,0.752064,0.770198,0.758123,0.812539,0.813646,0.784712,0.797104,0.774985,0.817031,0.785818,0.770168,0.800540,0.764408,0.808987,0.786314,0.819847,0.763411,0.792202,0.799739,0.810844,0.730657,0.791398,0.782694,0.814901,0.790610,0.809540,0.844075,0.763989,0.790452,0.739596,0.805934,0.791116,0.804121,0.800308,0.838398,0.818677,0.778134,0.804952,0.780669,0.761671,0.822154,0.826707,0.794401,0.819217,0.794231,0.789174,0.790194,0.789121,0.763133,0.786671,0.819627,0.810819,0.838351,0.789589,0.825686,0.786708,0.769893,0.800626,0.805491,0.817398,0.804980,0.772257,0.793835,0.808626,0.824103,0.789673,0.791295,0.791556,0.831751,0.818788,0.793526,0.812256,0.731729,0.779480,0.813510,0.793098,0.759268,0.788825,0.785646,0.800693,0.762743,0.753412,0.780829,0.768979,0.783623,0.813018,0.813956,0.787090,0.802576,0.810944,0.784179,0.802746,0.775074,0.820616,0.769553,0.769328,0.776261,0.786719,0.794771,0.775720,0.775416,0.803237,0.750467,0.791164,0.777471,0.744103,0.797793,0.791351,0.757633,0.790916,0.771851,0.769203,0.790912,0.779220,0.804373,0.775982,0.778617,0.777206,0.779564,0.777083,0.797200,0.798622,0.776381,0.803435,0.843630,0.771123,0.789336,0.798393,0.797223,0.769661,0.746779,0.790336,0.800911,0.766320,0.795761,0.764480,0.796488,0.819371,0.761471,0.800296,0.772300,0.767911,0.809940,0.767288,0.804342,0.773954,0.804048,0.789008,0.801482,0.796803,0.809552,0.784050,0.810118,0.791386,0.778801,0.756690,0.790268,0.794269,0.776312,0.813486,0.831107,0.805524,0.800563,0.833523,0.778924,0.777616,0.796203,0.773295,0.815267,0.775335,0.756859,0.787010,0.774037,0.769813,0.756984,0.779936,0.799989,0.805345,0.781793,0.794618,0.801091,0.757400,0.769510,0.840670,0.791508,0.776638,#
14,0.792448,0.805452,0.778189,0.756270,0.750228,0.793604,0.722027,0.777739,0.782360,0.795062,0.741709,0.784682,0.795600,0.752064,1.000000,0.754613,0.766114,0.774368,0.735599,0.776295,0.753096,0.755929,0.771203,0.796517,0.743886,0.716709,0.774308,0.784260,0.740421,0.781588,0.817696,0.760974,0.754834,0.733699,0.768990,0.780843,0.743198,0.780254,0.796898,0.753851,0.779554,0.737674,0.755497,0.753457,0.754483,0.760388,0.793931,0.745331,0.757090,0.759256,0.745300,0.749945,0.751341,0.763598,0.766534,0.787309,0.767343,0.771475,0.783969,0.721883,0.772929,0.774840,0.770083,0.753705,0.760959,0.780423,0.782319,0.753766,0.798978,0.759062,0.769151,0.747920,0.805026,0.766040,0.791687,0.771717,0.755759,0.793257,0.751303,0.767180,0.786129,0.776755,0.814369,0.812379,0.781813,0.771411,0.738078,0.766441,0.773132,0.747417,0.758101,0.715666,0.771664,0.806771,0.771789,0.757931,0.761453,0.757451,0.761766,0.738778,0.774387,0.760311,0.781859,0.743585,0.758836,0.769476,0.761973,0.749722,0.793594,0.762154,0.770736,0.780081,0.804643,0.735162,0.719714,0.760239,0.738663,0.739677,0.728870,0.745634,0.778726,0.765632,0.744917,0.799016,0.771520,0.697178,0.757889,0.779370,0.756428,0.760611,0.736837,0.791025,0.756539,0.760313,0.772668,0.747002,0.785890,0.774477,0.763508,0.754044,0.750514,0.774546,0.735962,0.805791,0.770901,0.782604,0.797342,0.722365,0.760908,0.729373,0.786304,0.775114,0.755352,0.755170,0.790845,0.737432,0.771185,0.758397,0.741701,0.763266,0.763174,0.745434,0.781836,0.748556,0.798725,0.746404,0.744358,0.759688,0.717746,0.756481,0.758016,0.731547,0.749197,0.784890,0.791846,0.770070,0.751358,0.794745,0.741639,0.761649,0.764496,0.768189,0.757658,0.750586,0.743291,0.770145,0.803531,0.736867,0.751022,0.744220,0.741627,0.759140,0.773987,0.766067,0.723811,0.727484,0.736818,0.783963,0.729237,0.735609,#
15,0.777241,0.791450,0.771757,0.777319,0.774078,0.785146,0.801175,0.758626,0.791311,0.770034,0.784516,0.787564,0.761992,0.770198,0.754613,1.000000,0.771499,0.794366,0.788590,0.785502,0.759276,0.775294,0.752994,0.780564,0.762116,0.765441,0.746655,0.770366,0.770993,0.762425,0.802433,0.806188,0.773625,0.806054,0.754384,0.801219,0.780483,0.815988,0.768508,0.773797,0.759156,0.734810,0.773605,0.754719,0.781393,0.765244,0.821886,0.775204,0.800248,0.795406,0.765387,0.769164,0.748436,0.751059,0.781582,0.775365,0.786988,0.785242,0.770351,0.767242,0.789459,0.805155,0.771177,0.775280,0.797073,0.779684,0.797792,0.782994,0.768368,0.746558,0.794439,0.763221,0.760301,0.770107,0.791389,0.776023,0.794331,0.793649,0.804315,0.769677,0.783478,0.782648,0.801466,0.811962,0.810716,0.773850,0.710482,0.780535,0.761826,0.728867,0.734549,0.750789,0.774229,0.780342,0.710377,0.767292,0.757107,0.778795,0.764415,0.779365,0.796076,0.771207,0.790722,0.788671,0.769347,0.758876,0.760830,0.782163,0.755716,0.789377,0.740830,0.715654,0.803423,0.754726,0.758463,0.771237,0.729235,0.767373,0.741005,0.793339,0.732330,0.779414,0.746235,0.799228,0.726497,0.746855,0.769052,0.754447,0.800850,0.804270,0.784150,0.765572,0.743625,0.730218,0.787991,0.784902,0.792944,0.763648,0.770303,0.768934,0.747611,0.748962,0.757474,0.757898,0.762790,0.781066,0.758091,0.751550,0.775588,0.759132,0.795635,0.803504,0.781270,0.798520,0.767139,0.752857,0.777470,0.748109,0.770129,0.783221,0.763312,0.784856,0.803867,0.760613,0.793043,0.761844,0.790047,0.763702,0.768533,0.738849,0.720580,0.791155,0.708704,0.802871,0.787910,0.800678,0.769656,0.788423,0.768824,0.774609,0.784185,0.785975,0.749959,0.770475,0.777680,0.743372,0.751442,0.720851,0.730800,0.766677,0.753707,0.796389,0.753298,0.765212,0.762501,0.743864,0.756405,0.785297,0.802899,0.796467,#
16,0.806038,0.814358,0.779122,0.781546,0.756135,0.778287,0.809732,0.785812,0.774611,0.782487,0.800081,0.788045,0.776058,0.758123,0.766114,0.771499,1.000000,0.794208,0.822894,0.805499,0.839523,0.756572,0.743003,0.780827,0.761829,0.798782,0.791354,0.763863,0.746234,0.774594,0.810687,0.814824,0.789717,0.771682,0.782398,0.803993,0.809045,0.810964,0.791907,0.818920,0.787608,0.768061,0.757253,0.752074,0.768273,0.781290,0.806814,0.766184,0.800639,0.817482,0.753705,0.768440,0.780967,0.782930,0.797106,0.812306,0.726005,0.796303,0.783544,0.762853,0.798496,0.795906,0.766666,0.758901,0.796673,0.776343,0.833600,0.787131,0.814694,0.804197,0.797832,0.789385,0.813863,0.774867,0.786841,0.762857,0.792910,0.799380,0.778075,0.817836,0.832778,0.800484,0.830163,0.797363,0.803376,0.783348,0.779167,0.745232,0.753836,0.795044,0.731922,0.768927,0.787818,0.774666,0.768616,0.797641,0.773212,0.782213,0.795227,0.784087,0.814434,0.779156,0.776891,0.795736,0.777954,0.798506,0.788846,0.780338,0.835122,0.769016,0.798104,0.784796,0.815315,0.774922,0.782826,0.821604,0.819508,0.787433,0.744730,0.708902,0.741241,0.785652,0.757591,0.802732,0.787044,0.768436,0.742571,0.755977,0.804610,0.755348,0.809079,0.788713,0.788808,0.762221,0.803874,0.819355,0.782352,0.773130,0.771797,0.743257,0.767010,0.772671,0.787803,0.778960,0.752311,0.760055,0.806796,0.779487,0.780025,0.767485,0.765577,0.796158,0.731213,0.770284,0.819224,0.763159,0.796683,0.773985,0.751766,0.781913,0.779071,0.759293,0.826885,0.770311,0.820537,0.807718,0.794332,0.788824,0.760280,0.751477,0.748153,0.797423,0.762612,0.795902,0.808960,0.773263,0.754904,0.849010,0.771604,0.771756,0.792003,0.765836,0.777286,0.775482,0.741962,0.765025,0.797519,0.759520,0.785958,0.776702,0.792307,0.793087,0.766615,0.792456,0.792482,0.769361,0.771355,0.804871,0.795931,0.782667,#
17,0.809920,0.799293,0.807612,0.765976,0.779616,0.798472,0.817596,0.799859,0.791488,0.793951,0.775999,0.814531,0.786345,0.812539,0.774368,0.794366,0.794208,1.000000,0.804002,0.828241,0.788570,0.783025,0.781018,0.772866,0.813380,0.794033,0.778708,0.805392,0.770052,0.794658,0.799553,0.820903,0.750055,0.765060,0.762559,0.788855,0.776330,0.821180,0.809587,0.827190,0.802103,0.791148,0.775063,0.766653,0.788988,0.793650,0.820016,0.821389,0.819698,0.824351,0.794375,0.750854,0.791888,0.760062,0.816070,0.816823,0.793428,0.788986,0.800765,0.763818,0.792206,0.780551,0.805639,0.770707,0.782784,0.818600,0.854145,0.788727,0.793115,0.763640,0.818695,0.786315,0.792488,0.819111,0.811637,0.762250,0.798849,0.824144,0.819742,0.816319,0.804849,0.799128,0.841112,0.836051,0.796073,0.780557,0.796144,0.788781,0.764757,0.784945,0.771644,0.754465,0.795341,0.797674,0.780580,0.798684,0.780896,0.756350,0.777599,0.823595,0.815825,0.770099,0.796458,0.775490,0.757987,0.796625,0.774783,0.790083,0.768196,0.783805,0.798155,0.757654,0.820581,0.794193,0.804818,0.771951,0.745585,0.789776,0.771582,0.779264,0.778612,0.795411,0.763371,0.797657,0.768870,0.775646,0.774380,0.789377,0.806123,0.776277,0.806699,0.827249,0.808437,0.767332,0.798470,0.804354,0.816373,0.806036,0.788817,0.803867,0.798140,0.792656,0.834869,0.803092,0.804280,0.780691,0.775970,0.743414,0.804055,0.764731,0.811461,0.805147,0.774499,0.805469,0.778083,0.805275,0.836438,0.780066,0.786868,0.803360,0.787509,0.787742,0.851961,0.768222,0.808409,0.777814,0.762554,0.763708,0.772866,0.745061,0.794731,0.775009,0.779352,0.776248,0.829644,0.772381,0.789371,0.826751,0.781110,0.816221,0.793643,0.824674,0.786822,0.809640,0.783761,0.753054,0.816429,0.799284,0.760773,0.757491,0.790710,0.809949,0.761477,0.795703,0.779449,0.809405,0.764298,0.813099,0.788713,0.744528,#
18,0.794432,0.827556,0.788618,0.789343,0.744293,0.790253,0.792609,0.817368,0.759693,0.763568,0.807527,0.824918,0.815814,0.813646,0.735599,0.788590,0.822894,0.804002,1.000000,0.803159,0.799406,0.802302,0.780084,0.763614,0.758197,0.816180,0.786881,0.799313,0.777991,0.816972,0.760465,0.821514,0.794940,0.819804,0.788943,0.830440,0.781138,0.827855,0.799025,0.815550,0.819096,0.754209,0.790092,0.748631,0.789059,0.780252,0.834491,0.826112,0.819535,0.794762,0.760726,0.776511,0.799874,0.746113,0.800198,0.802420,0.771147,0.803629,0.797072,0.817615,0.785617,0.780163,0.769277,0.763392,0.821630,0.774361,0.822962,0.775708,0.765163,0.795335,0.791748,0.772331,0.815543,0.782169,0.816332,0.758841,0.802474,0.794966,0.810044,0.782238,0.803318,0.768564,0.837105,0.809376,0.821694,0.822858,0.749705,0.792890,0.781616,0.770648,0.775118,0.758738,0.799655,0.818848,0.789863,0.777494,0.782477,0.796372,0.798414,0.796095,0.815303,0.757117,0.788175,0.790556,0.788599,0.813217,0.772595,0.812374,0.808401,0.784023,0.814804,0.765106,0.806238,0.768727,0.766334,0.776941,0.770297,0.768957,0.778019,0.766297,0.793317,0.794614,0.756781,0.808678,0.786643,0.763560,0.821022,0.754980,0.828628,0.759162,0.793869,0.805220,0.786874,0.759720,0.800679,0.816696,0.805193,0.799456,0.792017,0.767347,0.757981,0.802417,0.777059,0.810537,0.785405,0.791447,0.788890,0.745022,0.807320,0.774576,0.783968,0.806966,0.810248,0.783599,0.798931,0.801133,0.795093,0.795795,0.750008,0.767047,0.798926,0.779647,0.843987,0.774773,0.812926,0.786584,0.850006,0.769595,0.739578,0.761700,0.795428,0.804699,0.787679,0.812607,0.796996,0.782591,0.777707,0.835592,0.772164,0.799066,0.807755,0.786905,0.767923,0.783276,0.751480,0.780143,0.786092,0.778541,0.750730,0.793115,0.787124,0.814038,0.738509,0.812697,0.805976,0.781085,0.749966,0.843635,0.798873,0.795255,#
19,0.813097,0.828192,0.815608,0.785096,0.798592,0.837406,0.785111,0.803117,0.815620,0.769566,0.793947,0.793685,0.791388,0.784712,0.776295,0.785502,0.805499,0.828241,0.803159,1.000000,0.807897,0.773621,0.769248,0.777767,0.785624,0.776063,0.811677,0.782281,0.767917,0.806467,0.808577,0.836428,0.802014,0.785620,0.785295,0.841445,0.778079,0.812106,0.799328,0.816088,0.819896,0.782508,0.777004,0.777856,0.766259,0.799863,0.841821,0.801066,0.822986,0.801156,0.786909,0.755160,0.789753,0.790812,0.792652,0.800011,0.813726,0.804457,0.785067,0.760566,0.797641,0.769237,0.808109,0.800794,0.814499,0.811038,0.841808,0.787810,0.822664,0.792124,0.815083,0.791727,0.822168,0.792991,0.783830,0.766930,0.776900,0.799112,0.787816,0.799435,0.837844,0.781836,0.842544,0.801260,0.817300,0.775881,0.788500,0.789921,0.804091,0.779207,0.766951,0.774751,0.777420,0.812755,0.762875,0.763046,0.794850,0.803671,0.804179,0.818623,0.820976,0.775940,0.808005,0.797193,0.782888,0.767855,0.809841,0.781997,0.783111,0.748583,0.799080,0.766367,0.799575,0.772700,0.780709,0.787026,0.801413,0.793567,0.784123,0.746891,0.810532,0.794612,0.762302,0.846125,0.775245,0.792512,0.789197,0.803484,0.852174,0.814916,0.809294,0.831107,0.806807,0.796025,0.802382,0.823453,0.779494,0.793288,0.806116,0.761218,0.777518,0.789083,0.771327,0.782222,0.787125,0.759443,0.768141,0.731685,0.806453,0.789958,0.778778,0.830068,0.776472,0.785270,0.816476,0.772128,0.838234,0.797191,0.803064,0.796289,0.802935,0.815856,0.816615,0.798497,0.828958,0.796331,0.775919,0.802221,0.751461,0.766694,0.770770,0.819051,0.796124,0.789077,0.841965,0.773025,0.797525,0.841790,0.789373,0.774211,0.783828,0.819388,0.811252,0.816561,0.771193,0.771128,0.781621,0.794652,0.790487,0.801757,0.780893,0.798789,0.749986,0.820769,0.807382,0.796450,0.779935,0.784231,0.791403,0.774741,#
20,0.796243,0.845662,0.786270,0.792615,0.788805,0.795154,0.799334,0.805844,0.804970,0.814978,0.792885,0.779530,0.804055,0.797104,0.753096,0.759276,0.839523,0.788570,0.799406,0.807897,1.000000,0.789824,0.765005,0.813745,0.782015,0.809405,0.790649,0.807751,0.784865,0.799035,0.795684,0.804431,0.804746,0.823105,0.791231,0.821613,0.775040,0.789359,0.790046,0.835812,0.815531,0.806835,0.754659,0.766492,0.810116,0.770085,0.827066,0.789854,0.811627,0.811870,0.776920,0.803872,0.777708,0.795609,0.810778,0.780571,0.735866,0.799430,0.795882,0.771895,0.807809,0.783682,0.810663,0.779628,0.805966,0.823257,0.842572,0.769351,0.812685,0.786997,0.805599,0.801640,0.817498,0.798347,0.781528,0.740332,0.796182,0.808397,0.830996,0.818605,0.808812,0.821427,0.834667,0.801033,0.773568,0.786995,0.784860,0.787639,0.790063,0.839533,0.786996,0.780936,0.776213,0.805961,0.782297,0.793832,0.767059,0.758780,0.798024,0.805282,0.842856,0.788859,0.793661,0.825267,0.786659,0.784446,0.818625,0.807273,0.797779,0.820889,0.777929,0.812442,0.795136,0.740917,0.792876,0.803890,0.786263,0.801081,0.731168,0.734628,0.805650,0.802481,0.760386,0.845374,0.768198,0.801660,0.781098,0.758000,0.802146,0.795209,0.794590,0.809583,0.821424,0.803554,0.808888,0.792254,0.769725,0.833189,0.807463,0.808489,0.781661,0.773831,0.775254,0.798360,0.790318,0.767912,0.796670,0.775173,0.776685,0.799082,0.788105,0.816102,0.780917,0.786222,0.800648,0.787987,0.809007,0.814689,0.791523,0.794408,0.795461,0.805108,0.806598,0.796281,0.826566,0.769650,0.771126,0.791931,0.760607,0.730653,0.797008,0.784895,0.798064,0.792686,0.808917,0.783011,0.766603,0.847414,0.782602,0.790975,0.804667,0.780042,0.787305,0.782355,0.752440,0.798740,0.799359,0.788872,0.777682,0.773591,0.771026,0.803989,0.801185,0.813819,0.804671,0.773030,0.778059,0.814527,0.797616,0.790591,#
21,0.773281,0.858033,0.785738,0.813159,0.783043,0.782198,0.759131,0.775382,0.791600,0.771123,0.771366,0.759987,0.754034,0.774985,0.755929,0.775294,0.756572,0.783025,0.802302,0.773621,0.789824,1.000000,0.780503,0.787494,0.737888,0.752405,0.793448,0.749202,0.774893,0.766999,0.757094,0.774264,0.781826,0.803943,0.787775,0.822452,0.775911,0.788722,0.789828,0.778985,0.786087,0.786118,0.768865,0.751226,0.782399,0.784796,0.792495,0.805755,0.798063,0.781721,0.747918,0.786214,0.777229,0.745855,0.807283,0.787749,0.759208,0.779517,0.827671,0.748669,0.775998,0.777967,0.733385,0.750927,0.800525,0.794058,0.818742,0.767795,0.777118,0.784554,0.764423,0.803927,0.801128,0.791848,0.805967,0.786624,0.769748,0.787672,0.789235,0.790177,0.775902,0.764934,0.823077,0.794806,0.823543,0.782728,0.735379,0.804852,0.794330,0.784163,0.733224,0.722197,0.787773,0.793362,0.776348,0.770839,0.778585,0.744979,0.768311,0.797331,0.791607,0.777789,0.746977,0.771949,0.735225,0.798009,0.746531,0.796540,0.759837,0.795798,0.791184,0.759750,0.778024,0.779934,0.727375,0.740956,0.772821,0.811285,0.761652,0.764765,0.784200,0.764933,0.740768,0.785550,0.755187,0.742277,0.789771,0.773432,0.786592,0.795670,0.789838,0.802855,0.754901,0.760218,0.810098,0.756128,0.732803,0.745130,0.776524,0.788875,0.766890,0.774507,0.737964,0.774245,0.761052,0.773309,0.760235,0.732138,0.752643,0.771010,0.765159,0.811102,0.754155,0.765452,0.768786,0.768356,0.804357,0.765482,0.752238,0.768856,0.770112,0.805481,0.798478,0.781217,0.801326,0.769151,0.788939,0.751775,0.703344,0.764344,0.798781,0.757858,0.764784,0.757958,0.778598,0.771342,0.723693,0.797907,0.771683,0.768631,0.772107,0.803585,0.779835,0.768361,0.750953,0.795181,0.773587,0.716372,0.732498,0.774720,0.756335,0.773312,0.761594,0.768520,0.785371,0.745746,0.772387,0.797373,0.733511,0.806551,#
