0,1.000000,0.820872,0.827119,0.806342,0.773342,0.831792,0.819788,0.828833,0.818487,0.783004,0.811942,0.826766,0.823529,0.790923,0.818561,0.787668,0.827726,0.828292,0.810311,0.814962,0.813499,0.794848,0.824494,0.813782,0.774132,0.791448,0.821126,0.816674,0.785776,0.829562,0.805888,0.813376,0.795820,0.789773,0.831405,0.806025,0.794556,0.812369,0.828122,0.846994,0.819644,0.790155,0.817669,0.804924,0.811840,0.783275,0.838895,0.821904,0.811524,0.836914,0.826229,0.797037,0.840665,0.828056,0.804322,0.840504,0.814524,0.839036,0.813828,0.799564,0.836324,0.796352,0.820121,0.806275,0.828125,0.823879,0.835309,0.827953,0.804407,0.787404,0.823999,0.823180,0.848277,0.824394,0.819668,0.812989,0.818854,0.808459,0.812549,0.815052,0.856767,0.826317,0.828726,0.824041,0.815711,0.851060,0.809440,0.792362,0.779503,0.818137,0.788300,0.795930,0.801820,0.809727,0.799732,0.806363,0.788936,0.794678,0.815551,0.824666,0.823105,0.810017,0.787532,0.812728,0.811210,0.791658,0.772119,0.831898,0.817039,0.774995,0.827446,0.804912,0.814139,0.778354,0.801315,0.841705,0.791454,0.804120,0.802718,0.800643,0.785205,0.865639,0.815281,0.851556,0.793840,0.803552,0.795492,0.804017,0.793993,0.797406,0.794730,0.822804,0.812469,0.787152,0.819807,0.810534,0.807603,0.833296,0.800932,0.795680,0.770551,0.797654,0.775066,0.842957,0.822864,0.753358,0.811354,0.776325,0.813271,0.810235,0.805459,0.813568,0.810071,0.789449,0.805477,0.783576,0.809268,0.816016,0.846973,0.827469,0.831096,0.839745,0.811068,0.810132,0.834741,0.817070,0.831114,0.799011,0.801766,0.804774,0.813255,0.795891,0.821393,0.835615,0.855959,0.772216,0.800650,0.845554,0.810462,0.808474,0.805436,0.822303,0.781576,0.803900,0.801966,0.787790,0.816720,0.811513,0.786508,0.814460,0.788601,0.813276,0.785748,0.817588,0.791456,0.792905,0.768711,0.819234,0.820792,0.806971,#
1,0.820872,1.000000,0.811660,0.841790,0.803460,0.852300,0.792869,0.820201,0.834264,0.810304,0.819764,0.819798,0.832016,0.820667,0.826207,0.792234,0.820170,0.812704,0.819700,0.828480,0.838568,0.863358,0.852119,0.832837,0.805724,0.798806,0.844832,0.836465,0.810942,0.797342,0.847334,0.844015,0.820597,0.835096,0.803201,0.834567,0.797781,0.849757,0.845618,0.843682,0.818425,0.793404,0.794469,0.808378,0.799745,0.818953,0.843866,0.827606,0.843417,0.833135,0.814033,0.842668,0.830609,0.801788,0.834898,0.828317,0.820202,0.840441,0.832991,0.797327,0.806722,0.818451,0.771628,0.776573,0.828134,0.832330,0.852626,0.831838,0.839548,0.847028,0.827970,0.835661,0.883685,0.793252,0.832907,0.835572,0.822687,0.826493,0.829832,0.806504,0.847699,0.820263,0.865291,0.851358,0.839648,0.831115,0.809988,0.811456,0.831140,0.832840,0.814170,0.800556,0.827699,0.827480,0.800708,0.801890,0.804648,0.816259,0.806040,0.826828,0.838826,0.833048,0.797976,0.823471,0.811789,0.814702,0.793682,0.852798,0.814241,0.792566,0.824409,0.816643,0.809665,0.803200,0.797832,0.813603,0.836402,0.845405,0.794088,0.760783,0.852002,0.836224,0.790448,0.836785,0.791891,0.788554,0.822499,0.822213,0.829589,0.833280,0.796756,0.844406,0.804018,0.817013,0.829918,0.811725,0.805928,0.824227,0.834077,0.783220,0.834536,0.810260,0.815031,0.833128,0.809677,0.813916,0.810492,0.791325,0.825740,0.804823,0.829252,0.846996,0.821627,0.799217,0.848685,0.788310,0.841818,0.822414,0.800875,0.814371,0.818610,0.848590,0.822147,0.843630,0.829773,0.793453,0.821772,0.826698,0.774850,0.799441,0.826195,0.791766,0.814320,0.840657,0.834775,0.802845,0.812008,0.867105,0.788921,0.799634,0.822488,0.800720,0.801949,0.809568,0.775778,0.844322,0.832709,0.769039,0.816957,0.817540,0.830903,0.813723,0.799786,0.818467,0.838289,0.772346,0.803775,0.836104,0.813497,0.818886,#
2,0.827119,0.811660,1.000000,0.802507,0.775599,0.825214,0.812415,0.826327,0.814809,0.792203,0.798779,0.778225,0.780691,0.806833,0.801355,0.778777,0.793667,0.821473,0.798277,0.821671,0.799843,0.796792,0.775971,0.822010,0.781277,0.768638,0.837821,0.829938,0.820640,0.812023,0.815500,0.809436,0.821503,0.797099,0.808663,0.797081,0.791003,0.807080,0.840444,0.830366,0.814376,0.808824,0.789603,0.788542,0.777453,0.798961,0.846059,0.785041,0.803683,0.851046,0.800384,0.799349,0.805409,0.826888,0.840916,0.823886,0.822937,0.805160,0.796550,0.793788,0.833689,0.819365,0.791083,0.814547,0.806713,0.816100,0.841129,0.794790,0.817161,0.820629,0.832038,0.796521,0.838745,0.820858,0.825824,0.812983,0.818564,0.825044,0.813860,0.843082,0.828078,0.834744,0.853261,0.838313,0.832860,0.831497,0.807099,0.841236,0.787164,0.798384,0.829957,0.793702,0.827129,0.797850,0.818796,0.793223,0.788263,0.789091,0.838815,0.816892,0.824801,0.779773,0.773026,0.799612,0.775215,0.833914,0.810581,0.796142,0.820924,0.769823,0.815404,0.774880,0.832538,0.767124,0.793530,0.777130,0.780598,0.815332,0.802208,0.759014,0.802115,0.809854,0.766229,0.832471,0.785348,0.776530,0.802783,0.803338,0.806485,0.820589,0.816934,0.842154,0.833143,0.830511,0.820910,0.805555,0.797630,0.815196,0.823536,0.786207,0.798756,0.810571,0.763553,0.788726,0.793831,0.821281,0.799076,0.782825,0.802912,0.799690,0.814267,0.818101,0.801004,0.812670,0.788867,0.806165,0.803145,0.779420,0.786360,0.790121,0.792471,0.776352,0.807639,0.808663,0.780253,0.821629,0.834413,0.788592,0.770962,0.783060,0.807430,0.789111,0.805775,0.791375,0.832895,0.805998,0.796073,0.834637,0.805251,0.780261,0.789719,0.839070,0.776281,0.843652,0.764163,0.801623,0.819122,0.784818,0.800011,0.789450,0.791217,0.806524,0.825652,0.818035,0.793701,0.805187,0.783056,0.815533,0.786771,0.815779,#
3,0.806342,0.841790,0.802507,1.000000,0.813868,0.814851,0.785430,0.809710,0.814811,0.808134,0.795569,0.803614,0.816438,0.787227,0.782266,0.787142,0.799785,0.789998,0.800269,0.794397,0.808977,0.828573,0.795698,0.782566,0.812863,0.811429,0.824215,0.827882,0.794836,0.792871,0.801922,0.834460,0.803618,0.822667,0.809014,0.802584,0.769972,0.810923,0.776967,0.842387,0.816021,0.798852,0.791062,0.794858,0.795594,0.822083,0.834590,0.814068,0.832130,0.804239,0.809324,0.774831,0.820581,0.780344,0.814003,0.822657,0.771631,0.819230,0.854242,0.795925,0.799469,0.796207,0.767083,0.792369,0.840839,0.829189,0.804208,0.800553,0.780503,0.808360,0.790665,0.823338,0.859092,0.800495,0.801783,0.795018,0.792608,0.809918,0.804874,0.820403,0.829429,0.799060,0.826589,0.816419,0.822603,0.821663,0.803711,0.798958,0.783867,0.806975,0.785906,0.805126,0.819515,0.811316,0.794649,0.810014,0.766969,0.785292,0.787952,0.810240,0.803943,0.793678,0.758309,0.786266,0.814998,0.794487,0.792711,0.827251,0.805689,0.784103,0.784369,0.799090,0.794814,0.789199,0.787486,0.816813,0.791226,0.792623,0.791297,0.752447,0.775454,0.824785,0.765407,0.818820,0.765644,0.779090,0.807977,0.813906,0.800701,0.804961,0.794603,0.825916,0.790369,0.825929,0.827305,0.801746,0.832276,0.790168,0.791914,0.782598,0.788913,0.803042,0.785096,0.787951,0.768944,0.823671,0.780254,0.786731,0.807077,0.772442,0.778664,0.807820,0.792334,0.793027,0.811011,0.756556,0.828653,0.805621,0.791242,0.813419,0.831563,0.823404,0.786469,0.838344,0.800087,0.797129,0.815144,0.776401,0.786206,0.778343,0.811326,0.798134,0.784947,0.812026,0.792160,0.802928,0.790443,0.820615,0.808909,0.786688,0.772560,0.827959,0.775920,0.803908,0.766928,0.815299,0.793740,0.737340,0.826219,0.833524,0.801091,0.788033,0.790069,0.779757,0.804864,0.804647,0.781057,0.809994,0.785944,0.820318,#
4,0.773342,0.803460,0.775599,0.813868,1.000000,0.818628,0.798212,0.780055,0.777973,0.783681,0.773002,0.797109,0.782322,0.781620,0.756833,0.777806,0.782661,0.796326,0.773764,0.811992,0.812132,0.806840,0.782131,0.798613,0.768792,0.755165,0.796098,0.780594,0.795111,0.788136,0.823103,0.789073,0.811670,0.764162,0.781606,0.790866,0.747123,0.778590,0.771325,0.821617,0.795140,0.752985,0.777420,0.806944,0.775562,0.767722,0.821083,0.791767,0.800845,0.791659,0.799251,0.775918,0.800359,0.743290,0.807378,0.803978,0.760350,0.798737,0.820138,0.786102,0.757580,0.795078,0.782128,0.759820,0.812395,0.838394,0.812017,0.765381,0.778011,0.795289,0.792320,0.806828,0.811105,0.780023,0.778632,0.788164,0.775321,0.810380,0.800408,0.810382,0.777232,0.800539,0.824550,0.762912,0.809078,0.769979,0.768666,0.754018,0.787218,0.801718,0.767296,0.754537,0.770099,0.788770,0.759755,0.784447,0.785397,0.759606,0.758856,0.777414,0.812316,0.813593,0.765297,0.780820,0.774729,0.760936,0.794078,0.791515,0.800508,0.793186,0.774108,0.780184,0.804934,0.817433,0.763832,0.780224,0.761261,0.841462,0.746942,0.747509,0.780282,0.795057,0.803245,0.800283,0.751699,0.786138,0.762916,0.778722,0.833697,0.802710,0.821256,0.810709,0.773445,0.789130,0.824079,0.794579,0.792522,0.807488,0.779217,0.747806,0.745831,0.811935,0.776608,0.794680,0.756011,0.762476,0.805154,0.747006,0.769941,0.805631,0.767010,0.836852,0.752510,0.743817,0.817780,0.764847,0.822905,0.783362,0.799447,0.773576,0.756085,0.799932,0.821320,0.795202,0.795005,0.769859,0.779272,0.760150,0.749070,0.775443,0.784405,0.777086,0.789088,0.765373,0.817743,0.783818,0.790740,0.819599,0.776547,0.779691,0.797513,0.783687,0.785958,0.779902,0.820125,0.805225,0.784772,0.796812,0.762496,0.765708,0.774421,0.754236,0.774428,0.785139,0.774470,0.733098,0.756349,0.770470,0.795709,0.784744,#
5,0.831792,0.852300,0.825214,0.814851,0.818628,1.000000,0.785653,0.821282,0.815422,0.784533,0.798457,0.809435,0.786252,0.769823,0.804700,0.793656,0.797748,0.808948,0.805832,0.841199,0.812167,0.798709,0.784254,0.809169,0.806962,0.815463,0.839045,0.832360,0.783724,0.818632,0.837878,0.841549,0.814746,0.833424,0.804852,0.823591,0.794136,0.794963,0.813126,0.829381,0.821339,0.779272,0.765603,0.790899,0.809984,0.817505,0.838339,0.834998,0.819058,0.813258,0.813473,0.775093,0.806667,0.822880,0.813707,0.862937,0.809965,0.823858,0.843251,0.822522,0.793404,0.795691,0.808614,0.825315,0.814910,0.810069,0.818828,0.804553,0.803592,0.825924,0.847537,0.818176,0.858604,0.816347,0.810934,0.798882,0.810681,0.841961,0.810364,0.811085,0.842625,0.819913,0.843590,0.819472,0.816539,0.815258,0.791783,0.813706,0.812044,0.811753,0.800048,0.767411,0.802201,0.823442,0.780806,0.740995,0.811710,0.796526,0.827483,0.776059,0.852022,0.822371,0.838664,0.816356,0.803738,0.810502,0.813168,0.816951,0.781668,0.806113,0.792408,0.818216,0.811544,0.769953,0.752754,0.778581,0.825954,0.835167,0.784764,0.776310,0.804046,0.826881,0.799731,0.860396,0.768525,0.799491,0.826760,0.810306,0.835609,0.795870,0.810626,0.854024,0.835032,0.838045,0.828188,0.793682,0.787809,0.826073,0.783410,0.774129,0.790146,0.772984,0.804189,0.823676,0.839137,0.765180,0.793514,0.787004,0.794956,0.819544,0.836826,0.825175,0.807483,0.798574,0.818794,0.760526,0.846312,0.810298,0.809694,0.824622,0.811896,0.837976,0.806823,0.815099,0.834664,0.791616,0.776179,0.812855,0.785574,0.771100,0.834600,0.793214,0.800053,0.797520,0.824638,0.799126,0.793538,0.843691,0.812622,0.827029,0.821436,0.795930,0.767077,0.801566,0.802458,0.824507,0.810878,0.786536,0.809097,0.827377,0.776591,0.833857,0.781986,0.830637,0.791657,0.793313,0.775148,0.824228,0.811920,0.811241,#
6,0.819788,0.792869,0.812415,0.785430,0.798212,0.785653,1.000000,0.781590,0.803168,0.791366,0.810104,0.797990,0.793724,0.808831,0.754834,0.806239,0.824731,0.834291,0.802481,0.784850,0.821953,0.781293,0.758752,0.791294,0.796960,0.791141,0.801223,0.806420,0.792055,0.804745,0.817362,0.833115,0.814242,0.808539,0.812037,0.805441,0.785091,0.798848,0.793100,0.825439,0.806819,0.800313,0.809207,0.799978,0.805715,0.756766,0.826231,0.794670,0.831162,0.825508,0.809986,0.810676,0.818850,0.734570,0.816469,0.817806,0.813718,0.835578,0.833112,0.771314,0.799842,0.812824,0.776922,0.778432,0.847627,0.814871,0.857339,0.797137,0.813394,0.784955,0.813012,0.836496,0.820130,0.813618,0.787654,0.814307,0.825720,0.834860,0.824823,0.796892,0.812952,0.812612,0.814858,0.852709,0.802899,0.805184,0.803157,0.793418,0.800947,0.809124,0.766426,0.784720,0.760858,0.806925,0.776999,0.795323,0.808106,0.799016,0.792280,0.791846,0.823656,0.814530,0.800961,0.798336,0.802379,0.759589,0.800603,0.792369,0.820375,0.758909,0.763578,0.772044,0.777988,0.799654,0.783293,0.789691,0.778459,0.814675,0.766429,0.782780,0.797854,0.804591,0.757065,0.830547,0.807585,0.796112,0.765920,0.806692,0.787922,0.799573,0.811767,0.819936,0.808871,0.769250,0.814000,0.811860,0.817019,0.804444,0.832886,0.795656,0.810685,0.800745,0.762988,0.806328,0.783982,0.803406,0.800348,0.792899,0.780185,0.779891,0.798716,0.832200,0.756787,0.781879,0.773535,0.767844,0.804784,0.746363,0.794290,0.811951,0.806864,0.802910,0.791494,0.807978,0.808783,0.815948,0.826371,0.763587,0.782639,0.780794,0.806612,0.797634,0.747692,0.767014,0.809083,0.810230,0.807453,0.829331,0.795035,0.783149,0.816869,0.793706,0.808611,0.820979,0.761088,0.784446,0.804750,0.778691,0.764991,0.785365,0.761277,0.800900,0.761349,0.793265,0.806471,0.800625,0.789842,0.804582,0.804944,0.793842,#
7,0.828833,0.820201,0.826327,0.809710,0.780055,0.821282,0.781590,1.000000,0.828890,0.783250,0.783230,0.791168,0.813825,0.808403,0.815622,0.771811,0.808457,0.819509,0.828620,0.810033,0.815762,0.797892,0.829256,0.787555,0.800220,0.818829,0.813985,0.815723,0.797694,0.836568,0.785980,0.822246,0.790595,0.801520,0.809948,0.803795,0.781172,0.807880,0.827997,0.809902,0.828220,0.798883,0.782693,0.793607,0.790880,0.808487,0.829097,0.824230,0.828454,0.801370,0.808773,0.786357,0.812518,0.820890,0.822797,0.810515,0.806583,0.814186,0.826423,0.825253,0.774967,0.809201,0.803815,0.783849,0.830012,0.828976,0.853024,0.802368,0.807024,0.789747,0.829894,0.763476,0.849591,0.817088,0.813936,0.800339,0.806417,0.805770,0.791171,0.799352,0.845459,0.806645,0.848546,0.813469,0.817426,0.816915,0.819686,0.805725,0.792896,0.808925,0.806584,0.800777,0.815324,0.794674,0.820436,0.796875,0.815544,0.836232,0.826182,0.817355,0.830035,0.784599,0.768309,0.779825,0.804592,0.786027,0.787387,0.823843,0.806532,0.755262,0.840197,0.802546,0.834224,0.785436,0.789972,0.795239,0.788483,0.799587,0.781805,0.805199,0.813089,0.808911,0.790579,0.835659,0.807140,0.796602,0.787763,0.825883,0.793572,0.799905,0.797206,0.821068,0.818862,0.770488,0.813040,0.832174,0.814213,0.828126,0.782210,0.785124,0.781244,0.799948,0.816734,0.811280,0.818306,0.802677,0.815696,0.742395,0.790915,0.785698,0.775862,0.824568,0.804013,0.756517,0.799827,0.806080,0.815628,0.806632,0.806296,0.799597,0.823413,0.791090,0.854414,0.793302,0.825655,0.802533,0.818436,0.787034,0.749986,0.762256,0.829858,0.799174,0.788024,0.812739,0.818745,0.776660,0.794344,0.809466,0.796858,0.788530,0.803320,0.792455,0.787617,0.819475,0.790880,0.812026,0.822381,0.777317,0.809946,0.830975,0.805127,0.816155,0.769680,0.799595,0.811167,0.787172,0.788876,0.835523,0.810900,0.803349,#
8,0.818487,0.834264,0.814809,0.814811,0.777973,0.815422,0.803168,0.828890,1.000000,0.816374,0.798855,0.824594,0.821201,0.818245,0.803886,0.810273,0.799277,0.811395,0.772491,0.819959,0.815892,0.810586,0.794850,0.792198,0.801149,0.813433,0.823869,0.808261,0.809303,0.798232,0.812766,0.824810,0.806290,0.794531,0.796693,0.839771,0.797445,0.808285,0.786723,0.817020,0.819614,0.776026,0.845869,0.800313,0.785039,0.778987,0.815172,0.791657,0.829546,0.817786,0.820208,0.795670,0.807817,0.818193,0.796364,0.824462,0.800261,0.824331,0.803538,0.780066,0.797390,0.817889,0.820665,0.809485,0.830516,0.845755,0.840207,0.842458,0.841665,0.806478,0.816730,0.828464,0.852273,0.809613,0.809465,0.791548,0.810453,0.828658,0.814179,0.820837,0.826537,0.812665,0.820232,0.823326,0.830327,0.812719,0.793273,0.817113,0.777874,0.789341,0.798741,0.791053,0.796562,0.798720,0.777140,0.787817,0.806654,0.829874,0.856752,0.822196,0.818773,0.766135,0.809384,0.838599,0.770789,0.801474,0.804917,0.825235,0.783936,0.808790,0.796611,0.804884,0.820902,0.781323,0.764057,0.814147,0.794602,0.800023,0.772674,0.811126,0.786378,0.794723,0.798274,0.846929,0.789900,0.820400,0.773827,0.800249,0.828751,0.815101,0.775820,0.828918,0.815423,0.792593,0.817789,0.824922,0.819306,0.809064,0.801819,0.797458,0.780133,0.802972,0.803957,0.780076,0.807089,0.781147,0.802369,0.782222,0.801835,0.806955,0.776882,0.845506,0.770653,0.830331,0.811492,0.762997,0.821588,0.823578,0.839292,0.802823,0.821595,0.789673,0.818674,0.795214,0.800036,0.794654,0.809275,0.814512,0.803648,0.767561,0.807068,0.829546,0.768025,0.809935,0.846321,0.797504,0.811472,0.840196,0.799487,0.773368,0.809741,0.805110,0.795640,0.807643,0.790558,0.792098,0.836113,0.786022,0.798494,0.823575,0.825864,0.819744,0.809847,0.802133,0.787786,0.764206,0.756316,0.808294,0.791969,0.844533,#
9,0.783004,0.810304,0.792203,0.808134,0.783681,0.784533,0.791366,0.783250,0.816374,1.000000,0.786365,0.770345,0.794351,0.802649,0.809013,0.780303,0.803816,0.803911,0.792403,0.784399,0.836310,0.791999,0.769925,0.802870,0.775910,0.766340,0.802646,0.845821,0.763641,0.801668,0.766964,0.818597,0.804205,0.793108,0.777955,0.804947,0.776368,0.784824,0.799605,0.817974,0.809251,0.789202,0.765454,0.778625,0.804497,0.760977,0.809953,0.782820,0.793742,0.796791,0.779777,0.761756,0.770031,0.777918,0.784427,0.804952,0.799733,0.847021,0.777411,0.792415,0.800333,0.777710,0.790038,0.764693,0.781927,0.841873,0.835364,0.801970,0.829523,0.793256,0.803561,0.783423,0.815269,0.791527,0.789853,0.783658,0.791711,0.836308,0.799212,0.831724,0.800275,0.803936,0.807055,0.839707,0.810836,0.792823,0.789928,0.822251,0.778959,0.787651,0.792166,0.774054,0.817457,0.777429,0.796318,0.753823,0.761997,0.783795,0.805184,0.813726,0.819526,0.811163,0.801810,0.791967,0.799742,0.804139,0.781148,0.806802,0.827855,0.805657,0.804449,0.809764,0.825733,0.775709,0.769925,0.810360,0.742488,0.784560,0.746407,0.762500,0.775767,0.806036,0.784712,0.821787,0.787745,0.771900,0.798927,0.780767,0.829565,0.772813,0.782171,0.821794,0.795137,0.812110,0.809404,0.765819,0.792889,0.796670,0.783277,0.788298,0.806194,0.847983,0.805931,0.818487,0.791225,0.820588,0.796094,0.787522,0.795388,0.790607,0.752763,0.796186,0.780696,0.793500,0.792541,0.780602,0.781707,0.798546,0.800813,0.816743,0.800013,0.815476,0.808704,0.805384,0.803265,0.807490,0.770116,0.797024,0.794035,0.763166,0.806590,0.792208,0.766216,0.760469,0.814800,0.808766,0.791432,0.836845,0.783387,0.808993,0.808556,0.788650,0.789085,0.785799,0.779390,0.814145,0.792965,0.761917,0.814332,0.772384,0.790005,0.801715,0.767264,0.770613,0.760852,0.756550,0.778577,0.794333,0.775047,0.786753,#
10,0.811942,0.819764,0.798779,0.795569,0.773002,0.798457,0.810104,0.783230,0.798855,0.786365,1.000000,0.807338,0.784266,0.784049,0.762978,0.790653,0.811156,0.787705,0.807946,0.794182,0.801363,0.780141,0.784061,0.822540,0.760942,0.778103,0.801073,0.834607,0.795552,0.814070,0.806390,0.793446,0.793783,0.805716,0.806703,0.797422,0.799802,0.812621,0.790579,0.804816,0.813383,0.762612,0.776124,0.765082,0.787571,0.805418,0.853933,0.802900,0.810781,0.840639,0.774268,0.803205,0.803188,0.753151,0.803863,0.835562,0.814111,0.838216,0.774373,0.792678,0.802058,0.810054,0.830177,0.811961,0.822855,0.779066,0.828067,0.771929,0.820050,0.787545,0.843667,0.824183,0.841428,0.765463,0.786803,0.832563,0.792968,0.831200,0.815805,0.778847,0.838618,0.791481,0.820556,0.811306,0.803397,0.795540,0.813662,0.793127,0.780972,0.832169,0.769947,0.803948,0.820227,0.779193,0.763950,0.795392,0.779896,0.817833,0.805625,0.821397,0.806380,0.784869,0.789979,0.816263,0.803819,0.784819,0.800081,0.788783,0.791544,0.781567,0.789240,0.777493,0.819651,0.787138,0.767153,0.803651,0.759217,0.795169,0.782961,0.759143,0.787318,0.815396,0.746706,0.815198,0.742605,0.796382,0.804812,0.802291,0.815155,0.780768,0.777329,0.820772,0.791012,0.787691,0.832090,0.838802,0.793065,0.779220,0.806880,0.801850,0.819403,0.792381,0.778407,0.812589,0.761588,0.784954,0.803993,0.784304,0.793300,0.796147,0.788983,0.793684,0.783007,0.794373,0.807972,0.766002,0.821540,0.817208,0.798718,0.783252,0.820139,0.785831,0.786274,0.807099,0.796832,0.796673,0.807801,0.796475,0.796317,0.787031,0.780210,0.812546,0.748837,0.778421,0.828927,0.797724,0.777752,0.821071,0.770945,0.811210,0.779061,0.772963,0.795843,0.783707,0.737382,0.796020,0.811730,0.781809,0.756279,0.812141,0.784369,0.779216,0.770122,0.814120,0.793661,0.783404,0.769626,0.805584,0.803371,0.812064,#
11,0.826766,0.819798,0.778225,0.803614,0.797109,0.809435,0.797990,0.791168,0.824594,0.770345,0.807338,1.000000,0.823946,0.795201,0.792030,0.792976,0.806895,0.831899,0.838856,0.806947,0.793982,0.782405,0.813350,0.791018,0.797995,0.789950,0.787094,0.809189,0.814279,0.768976,0.826056,0.822437,0.824872,0.796214,0.774548,0.796289,0.806834,0.817403,0.771987,0.818971,0.833805,0.773281,0.797783,0.774699,0.786934,0.764795,0.846994,0.826773,0.808961,0.826436,0.775573,0.771843,0.832053,0.774432,0.817292,0.811709,0.773531,0.849610,0.807734,0.808787,0.758328,0.790207,0.834006,0.785499,0.816084,0.813767,0.827497,0.808369,0.819631,0.797719,0.820848,0.788726,0.822291,0.808597,0.839669,0.793594,0.817279,0.843485,0.817712,0.778835,0.803755,0.783716,0.825020,0.810562,0.819240,0.793775,0.767474,0.777210,0.783023,0.777445,0.786336,0.795460,0.788346,0.780188,0.758133,0.819156,0.788111,0.808481,0.790360,0.794259,0.801937,0.800185,0.795606,0.812472,0.811111,0.790571,0.798925,0.821126,0.823120,0.786894,0.817839,0.815758,0.818968,0.768896,0.756315,0.801390,0.779821,0.807006,0.769162,0.813720,0.772153,0.803173,0.781345,0.840280,0.777067,0.788865,0.809915,0.814711,0.826658,0.812876,0.812081,0.817297,0.830737,0.802648,0.815487,0.813734,0.826330,0.809382,0.804162,0.799529,0.780418,0.773247,0.799564,0.821819,0.808274,0.772208,0.833098,0.784383,0.780359,0.795706,0.779910,0.800710,0.788507,0.828787,0.826208,0.774478,0.814029,0.787835,0.788822,0.788266,0.816801,0.808501,0.816184,0.799569,0.829793,0.779142,0.826221,0.773996,0.794881,0.804565,0.810375,0.811050,0.801237,0.844754,0.811767,0.804315,0.806030,0.817404,0.784557,0.815065,0.799969,0.764616,0.808258,0.799888,0.800447,0.767763,0.814292,0.811473,0.775933,0.775800,0.823029,0.806923,0.788074,0.789843,0.785652,0.785772,0.763967,0.810092,0.800592,0.794984,#
12,0.823529,0.832016,0.780691,0.816438,0.782322,0.786252,0.793724,0.813825,0.821201,0.794351,0.784266,0.823946,1.000000,0.802884,0.815466,0.771225,0.799792,0.805248,0.828650,0.798880,0.819418,0.774131,0.808900,0.804037,0.793593,0.809274,0.780773,0.807873,0.808018,0.794004,0.794161,0.799327,0.799028,0.822089,0.817554,0.813045,0.790913,0.807548,0.807969,0.815504,0.762734,0.745292,0.776480,0.794110,0.798097,0.786360,0.839959,0.793550,0.822331,0.823366,0.829585,0.767660,0.788763,0.781035,0.823057,0.812545,0.788910,0.810401,0.809747,0.783003,0.760010,0.782503,0.797928,0.766531,0.819480,0.831183,0.817984,0.795395,0.827529,0.807451,0.804839,0.803396,0.834112,0.794441,0.823272,0.802636,0.813069,0.814120,0.808602,0.807962,0.825597,0.800660,0.838024,0.812611,0.788956,0.816610,0.771619,0.802794,0.781988,0.785396,0.810885,0.774983,0.801788,0.773971,0.757973,0.808364,0.806629,0.788822,0.781673,0.759973,0.789245,0.806134,0.790079,0.804520,0.773589,0.784036,0.779580,0.796113,0.823324,0.795895,0.798925,0.781331,0.807301,0.765341,0.816370,0.804990,0.749595,0.790833,0.789087,0.778098,0.779179,0.818750,0.782187,0.826920,0.792101,0.820642,0.797214,0.777410,0.791075,0.807518,0.744122,0.788359,0.779247,0.783225,0.784631,0.807274,0.771860,0.821669,0.789106,0.750483,0.800602,0.801747,0.777775,0.816245,0.771905,0.787747,0.819190,0.764352,0.783635,0.815983,0.781120,0.793873,0.804079,0.754257,0.810182,0.802835,0.827524,0.823511,0.824827,0.774041,0.801194,0.820006,0.817831,0.795074,0.837225,0.765272,0.796776,0.803403,0.772097,0.774703,0.811153,0.778852,0.786484,0.810449,0.800579,0.772812,0.829408,0.846036,0.754489,0.767256,0.793649,0.806408,0.792562,0.789268,0.736271,0.788589,0.790785,0.804997,0.808662,0.801267,0.783662,0.789299,0.752217,0.789061,0.778828,0.788922,0.772164,0.815362,0.813662,0.786594,#
13,0.790923,0.820667,0.806833,0.787227,0.781620,0.769823,0.808831,0.808403,0.818245,0.802649,0.784049,0.795201,0.802884,1.000000,0.768694,0.777454,0.779986,0.821695,0.824263,0.789662,0.813353,0.784803,0.832119,0.799494,0.780235,0.804168,0.781935,0.815043,0.801198,0.828653,0.768696,0.801601,0.820244,0.817536,0.753375,0.791708,0.777924,0.821529,0.804435,0.816795,0.848847,0.781438,0.809169,0.761553,0.817536,0.801224,0.801881,0.811364,0.843993,0.824359,0.788476,0.816227,0.798714,0.777211,0.836841,0.828898,0.804702,0.826238,0.805980,0.801195,0.792992,0.810636,0.776719,0.789615,0.832593,0.823128,0.835838,0.801936,0.823817,0.797414,0.786662,0.804804,0.819937,0.825626,0.818766,0.783514,0.809360,0.815350,0.827745,0.805629,0.802153,0.805984,0.842698,0.821400,0.801941,0.816325,0.753999,0.782625,0.824070,0.793877,0.780126,0.798474,0.806864,0.792108,0.774104,0.764771,0.797160,0.783123,0.799522,0.826428,0.821585,0.798615,0.801239,0.822087,0.797119,0.814119,0.782071,0.826685,0.787932,0.776842,0.798020,0.799249,0.801822,0.785991,0.788580,0.810344,0.760851,0.810880,0.792520,0.769327,0.792662,0.804291,0.768502,0.800447,0.774977,0.774031,0.798137,0.790508,0.806530,0.786714,0.782213,0.789412,0.789741,0.787534,0.810810,0.806082,0.793560,0.812303,0.841708,0.779154,0.795504,0.815036,0.802984,0.778762,0.756285,0.784952,0.817998,0.773774,0.800232,0.786835,0.790175,0.828705,0.776351,0.805975,0.787350,0.788034,0.815500,0.772546,0.821035,0.783026,0.823981,0.799645,0.819137,0.803945,0.808064,0.797906,0.814994,0.800846,0.792751,0.774989,0.800807,0.812198,0.797453,0.818712,0.842748,0.816215,0.812243,0.842004,0.798346,0.782815,0.795397,0.793989,0.822181,0.785707,0.774265,0.799230,0.786768,0.783962,0.761236,0.795471,0.815564,0.803140,0.792840,0.810368,0.805461,0.771096,0.772807,0.832360,0.797979,0.785580,#
14,0.818561,0.826207,0.801355,0.782266,0.756833,0.804700,0.754834,0.815622,0.803886,0.809013,0.762978,0.792030,0.815466,0.768694,1.000000,0.772517,0.797727,0.782624,0.761421,0.780522,0.791738,0.771416,0.782782,0.811380,0.768170,0.741913,0.800553,0.794747,0.779965,0.799022,0.821282,0.778040,0.784456,0.755363,0.794851,0.793734,0.741033,0.804578,0.813403,0.782410,0.795201,0.756822,0.777472,0.787110,0.769443,0.774349,0.804917,0.766195,0.781665,0.782487,0.766456,0.781147,0.770101,0.801325,0.790102,0.792771,0.766037,0.785697,0.797248,0.751203,0.779029,0.797085,0.789084,0.783984,0.781814,0.798731,0.796114,0.781695,0.817154,0.791443,0.792777,0.768840,0.829025,0.785461,0.806132,0.790895,0.787816,0.807959,0.778704,0.779078,0.808869,0.788793,0.834139,0.813082,0.798275,0.799219,0.761922,0.779359,0.791643,0.759144,0.770363,0.738573,0.790520,0.817693,0.782511,0.773620,0.789732,0.775569,0.788489,0.770522,0.798817,0.781208,0.796426,0.759288,0.786244,0.788137,0.765705,0.769683,0.813730,0.770700,0.806342,0.798110,0.821627,0.748355,0.742437,0.788251,0.765219,0.767453,0.762714,0.769522,0.786116,0.785750,0.769551,0.817332,0.790232,0.730055,0.784784,0.809618,0.755360,0.788239,0.751989,0.812488,0.772708,0.772089,0.796633,0.772815,0.802974,0.802791,0.780050,0.768956,0.772271,0.801403,0.746302,0.804844,0.774480,0.792169,0.816170,0.738186,0.771876,0.751915,0.791071,0.789586,0.769212,0.777798,0.803042,0.769612,0.783918,0.789094,0.753622,0.776230,0.795004,0.758540,0.806810,0.769216,0.808193,0.765154,0.768410,0.778806,0.743177,0.772693,0.784700,0.753082,0.783408,0.800921,0.825709,0.783859,0.776846,0.806986,0.765162,0.773013,0.789394,0.795346,0.773276,0.767512,0.776789,0.786210,0.811579,0.749833,0.768220,0.761370,0.767739,0.779970,0.785720,0.791402,0.759535,0.752195,0.753989,0.788439,0.750614,0.743728,#
15,0.787668,0.792234,0.778777,0.787142,0.777806,0.793656,0.806239,0.771811,0.810273,0.780303,0.790653,0.792976,0.771225,0.777454,0.772517,1.000000,0.780191,0.810910,0.785620,0.776404,0.775101,0.788900,0.766978,0.791543,0.774170,0.773078,0.759915,0.780472,0.772987,0.775240,0.812047,0.813641,0.780997,0.813190,0.756918,0.806760,0.789140,0.814992,0.782693,0.772385,0.767896,0.746327,0.781840,0.768339,0.793897,0.773549,0.817855,0.786740,0.799419,0.804417,0.775817,0.785901,0.768886,0.760915,0.784432,0.785437,0.802584,0.789384,0.777189,0.778065,0.802053,0.810144,0.779232,0.783787,0.799036,0.796157,0.805197,0.789902,0.774418,0.758293,0.799533,0.769227,0.781312,0.778402,0.789847,0.787161,0.793492,0.800905,0.805845,0.776767,0.795536,0.797791,0.799152,0.825961,0.813264,0.784452,0.725153,0.780442,0.766190,0.741030,0.745139,0.764134,0.792546,0.793054,0.720454,0.773212,0.767214,0.784448,0.777087,0.786989,0.801340,0.771298,0.794342,0.791379,0.770882,0.769375,0.772080,0.803286,0.761204,0.799583,0.752687,0.737581,0.799314,0.763750,0.764937,0.765315,0.737905,0.781544,0.747707,0.800125,0.753342,0.782913,0.757296,0.815340,0.733571,0.764398,0.778851,0.765413,0.808426,0.817803,0.782227,0.775404,0.757541,0.732975,0.789267,0.800238,0.800807,0.768088,0.766430,0.774613,0.757360,0.758646,0.765647,0.775483,0.772480,0.772316,0.764780,0.764438,0.774361,0.763587,0.800161,0.808005,0.791619,0.808821,0.769656,0.763899,0.798812,0.749281,0.786035,0.789676,0.772204,0.799956,0.814905,0.771715,0.802852,0.771210,0.785670,0.774823,0.778497,0.754290,0.738612,0.800096,0.720639,0.803373,0.791253,0.812720,0.775046,0.790023,0.782605,0.776448,0.790719,0.790031,0.763522,0.788643,0.779684,0.748622,0.755407,0.733385,0.728559,0.775839,0.751209,0.802948,0.753932,0.767465,0.759537,0.753981,0.764647,0.792083,0.805596,0.799320,#
16,0.827726,0.820170,0.793667,0.799785,0.782661,0.797748,0.824731,0.808457,0.799277,0.803816,0.811156,0.806895,0.799792,0.779986,0.797727,0.780191,1.000000,0.822950,0.826743,0.808966,0.854290,0.781341,0.770032,0.802235,0.790679,0.813388,0.815027,0.787310,0.761825,0.791028,0.824620,0.823982,0.810299,0.786825,0.800549,0.807087,0.819122,0.818439,0.812019,0.826185,0.806164,0.788649,0.780612,0.777316,0.790935,0.798889,0.814467,0.791933,0.814883,0.831381,0.778897,0.792426,0.808137,0.803312,0.809361,0.830650,0.757001,0.816391,0.807286,0.777055,0.810684,0.821610,0.788868,0.771495,0.815825,0.806389,0.846879,0.801340,0.825961,0.815915,0.821842,0.802290,0.840013,0.794582,0.809121,0.788671,0.803780,0.822693,0.789549,0.830393,0.846462,0.821893,0.839171,0.822580,0.815910,0.802372,0.810864,0.757190,0.775269,0.813621,0.765263,0.794378,0.810476,0.787209,0.787907,0.817229,0.791351,0.797553,0.813806,0.803214,0.827407,0.801757,0.788218,0.809034,0.789842,0.820419,0.803883,0.798791,0.844235,0.789538,0.812205,0.806067,0.820118,0.792090,0.801030,0.832382,0.830688,0.814425,0.771277,0.736034,0.764335,0.800541,0.780487,0.824853,0.805844,0.786339,0.759417,0.784044,0.817922,0.782575,0.819329,0.807641,0.809675,0.777044,0.818162,0.835836,0.806715,0.794490,0.784248,0.765434,0.794171,0.794538,0.807658,0.806263,0.770851,0.770857,0.822527,0.797439,0.787834,0.789114,0.779865,0.812766,0.757346,0.788888,0.837512,0.781964,0.818880,0.784248,0.791196,0.802100,0.804067,0.789039,0.843535,0.793887,0.831994,0.821833,0.800037,0.810070,0.792150,0.777928,0.773163,0.816692,0.786862,0.807293,0.820284,0.797699,0.774568,0.858203,0.793103,0.789321,0.800525,0.778286,0.799433,0.800190,0.754980,0.788935,0.819192,0.781715,0.794687,0.793608,0.807934,0.796975,0.783802,0.806169,0.801719,0.784552,0.789189,0.817255,0.804957,0.802708,#
17,0.828292,0.812704,0.821473,0.789998,0.796326,0.808948,0.834291,0.819509,0.811395,0.803911,0.787705,0.831899,0.805248,0.821695,0.782624,0.810910,0.822950,1.000000,0.812394,0.825455,0.816190,0.795485,0.802971,0.786410,0.829478,0.815717,0.799200,0.814835,0.800479,0.808162,0.818397,0.842243,0.778913,0.783988,0.778682,0.802212,0.790611,0.830526,0.830943,0.842334,0.817437,0.805580,0.799642,0.796893,0.799631,0.802310,0.825161,0.836124,0.832816,0.834722,0.816103,0.770013,0.807014,0.783703,0.831847,0.826223,0.819396,0.811355,0.812137,0.790727,0.801830,0.796811,0.817227,0.780410,0.809263,0.831588,0.866654,0.809901,0.809168,0.792650,0.834208,0.791788,0.807927,0.827306,0.824491,0.780166,0.806591,0.835636,0.830621,0.822954,0.825173,0.810614,0.845260,0.848181,0.812423,0.805596,0.816282,0.800606,0.785951,0.796682,0.785569,0.773182,0.814629,0.805479,0.792215,0.813481,0.798879,0.784785,0.794785,0.830696,0.828224,0.783810,0.801619,0.791598,0.779173,0.810259,0.790752,0.803983,0.793740,0.805425,0.828878,0.785633,0.824954,0.803340,0.821612,0.786580,0.758508,0.810473,0.784749,0.797552,0.796385,0.820965,0.788621,0.814166,0.781546,0.794474,0.793498,0.810560,0.818222,0.799244,0.821354,0.839071,0.830813,0.785452,0.802036,0.824137,0.829295,0.819654,0.802155,0.813929,0.810963,0.820422,0.847820,0.815056,0.815670,0.779810,0.794627,0.762121,0.814493,0.776006,0.813898,0.818800,0.787069,0.818555,0.802351,0.815566,0.854327,0.786879,0.799632,0.814358,0.811198,0.803379,0.862017,0.790136,0.823938,0.788168,0.775719,0.779413,0.788554,0.773512,0.811887,0.786828,0.799358,0.793957,0.847810,0.784326,0.806085,0.835980,0.803701,0.825843,0.802509,0.829657,0.802713,0.839739,0.800726,0.774157,0.821283,0.828568,0.777848,0.783758,0.810445,0.822611,0.777913,0.807648,0.793202,0.820184,0.784344,0.820547,0.805550,0.769729,#
18,0.810311,0.819700,0.798277,0.800269,0.773764,0.805832,0.802481,0.828620,0.772491,0.792403,0.807946,0.838856,0.828650,0.824263,0.761421,0.785620,0.826743,0.812394,1.000000,0.824513,0.798271,0.816646,0.799885,0.777438,0.783522,0.813896,0.802267,0.813099,0.785921,0.821706,0.771945,0.825166,0.808258,0.824225,0.803200,0.814015,0.780593,0.833679,0.807858,0.817791,0.830684,0.761865,0.793829,0.766888,0.807218,0.784696,0.844900,0.838791,0.823196,0.793917,0.760980,0.783327,0.811484,0.765944,0.809258,0.816037,0.795591,0.815012,0.814278,0.823350,0.790697,0.805012,0.786642,0.759069,0.836210,0.792513,0.818081,0.789180,0.771608,0.799115,0.810376,0.774327,0.833775,0.792184,0.837658,0.787744,0.813149,0.815728,0.817299,0.798012,0.803658,0.778649,0.841960,0.824086,0.829048,0.827048,0.770923,0.805262,0.797376,0.776164,0.798967,0.770828,0.820780,0.812363,0.801106,0.779358,0.791848,0.809593,0.806114,0.812040,0.826476,0.785536,0.787256,0.801256,0.803165,0.834920,0.773415,0.809873,0.811027,0.786965,0.821577,0.777494,0.823676,0.779414,0.770147,0.781467,0.779648,0.793218,0.792638,0.775933,0.795151,0.812071,0.768997,0.813148,0.804362,0.757353,0.819503,0.778845,0.834303,0.769419,0.803221,0.813472,0.799007,0.777626,0.816755,0.823482,0.825246,0.808639,0.796759,0.775755,0.774244,0.808621,0.793515,0.836638,0.787267,0.796710,0.799705,0.747591,0.811234,0.794480,0.792561,0.819843,0.820177,0.791960,0.810595,0.811954,0.796492,0.801272,0.789912,0.790720,0.820498,0.797503,0.842588,0.792623,0.820876,0.799125,0.847098,0.784126,0.767480,0.777167,0.805209,0.813525,0.809157,0.814640,0.799332,0.798915,0.791700,0.848583,0.777933,0.814129,0.800863,0.795216,0.785095,0.798679,0.768751,0.798446,0.813640,0.774790,0.758871,0.797628,0.807490,0.809883,0.754672,0.823510,0.806328,0.783404,0.748455,0.843122,0.805870,0.799636,#
19,0.814962,0.828480,0.821671,0.794397,0.811992,0.841199,0.784850,0.810033,0.819959,0.784399,0.794182,0.806947,0.798880,0.789662,0.780522,0.776404,0.808966,0.825455,0.824513,1.000000,0.803033,0.789905,0.780878,0.787027,0.796702,0.772326,0.813324,0.792822,0.780471,0.805560,0.809166,0.837691,0.809937,0.791525,0.784333,0.817916,0.774336,0.814529,0.803156,0.821302,0.830938,0.775955,0.774070,0.783017,0.777845,0.800797,0.850212,0.808064,0.824166,0.796262,0.775195,0.761031,0.798853,0.804952,0.796014,0.804515,0.821913,0.804664,0.796131,0.767710,0.797600,0.784410,0.812944,0.790558,0.816937,0.824247,0.830772,0.798175,0.822344,0.794180,0.820049,0.795043,0.832074,0.795451,0.801023,0.781053,0.787405,0.808928,0.799086,0.801951,0.830686,0.777868,0.843747,0.806111,0.818940,0.782538,0.788943,0.793183,0.811272,0.780008,0.775726,0.784934,0.795097,0.799226,0.775117,0.763701,0.790209,0.805229,0.803387,0.824007,0.830563,0.796394,0.795787,0.802794,0.795111,0.791852,0.803023,0.783228,0.791048,0.751328,0.801749,0.771028,0.814609,0.784736,0.772894,0.792400,0.802764,0.807214,0.781868,0.748359,0.802227,0.804333,0.766330,0.838973,0.787597,0.783075,0.788871,0.812507,0.848182,0.821118,0.803918,0.838249,0.806714,0.807036,0.807959,0.830506,0.794946,0.803859,0.805231,0.765230,0.780525,0.790485,0.783576,0.798173,0.788465,0.762730,0.778124,0.734299,0.806906,0.801851,0.776735,0.835395,0.780257,0.793186,0.821395,0.782462,0.833566,0.800326,0.823890,0.809472,0.812770,0.822224,0.812193,0.805824,0.829199,0.800538,0.772218,0.806097,0.766108,0.770898,0.770414,0.825648,0.811111,0.791863,0.843098,0.780589,0.799739,0.849681,0.784015,0.785230,0.773921,0.818437,0.814403,0.827339,0.786115,0.782170,0.800752,0.784515,0.791867,0.798510,0.803130,0.799260,0.765993,0.826406,0.803899,0.792025,0.776126,0.781886,0.797738,0.781181,#
20,0.813499,0.838568,0.799843,0.808977,0.812132,0.812167,0.821953,0.815762,0.815892,0.836310,0.801363,0.793982,0.819418,0.813353,0.791738,0.775101,0.854290,0.816190,0.798271,0.803033,1.000000,0.807632,0.788289,0.824595,0.807959,0.821591,0.810989,0.820696,0.793547,0.816212,0.817378,0.819881,0.816663,0.835765,0.812496,0.832434,0.793512,0.798200,0.808275,0.836185,0.827854,0.824283,0.778556,0.791540,0.825638,0.782307,0.831276,0.810934,0.817083,0.816972,0.794230,0.814038,0.800648,0.804629,0.822743,0.806117,0.777456,0.823607,0.819281,0.783648,0.811768,0.801908,0.827823,0.784468,0.829103,0.835080,0.854938,0.785096,0.828409,0.802623,0.822939,0.802201,0.830137,0.812830,0.800728,0.773399,0.797925,0.833173,0.831092,0.830353,0.820864,0.840852,0.840193,0.823931,0.788878,0.802027,0.814117,0.809495,0.808923,0.847269,0.816815,0.796849,0.808621,0.821367,0.793784,0.801328,0.789187,0.790235,0.811820,0.812467,0.846295,0.806234,0.807136,0.834942,0.797604,0.790326,0.835209,0.811246,0.813805,0.837947,0.797417,0.835584,0.804242,0.754248,0.813906,0.797530,0.792016,0.821880,0.750904,0.759155,0.830753,0.820564,0.781490,0.862370,0.781359,0.811244,0.787470,0.777330,0.818690,0.809170,0.815388,0.815277,0.844227,0.824118,0.815757,0.803793,0.786247,0.829477,0.818219,0.821463,0.796655,0.794363,0.793791,0.830353,0.803352,0.768179,0.811500,0.788081,0.797310,0.807130,0.808452,0.826853,0.799315,0.796553,0.816704,0.788518,0.818103,0.812776,0.820989,0.807945,0.811665,0.822861,0.822126,0.816630,0.845435,0.776052,0.785963,0.807999,0.783427,0.763819,0.816294,0.792143,0.806341,0.805454,0.814240,0.806640,0.786577,0.856188,0.805235,0.807424,0.811457,0.787417,0.808770,0.804772,0.767424,0.822019,0.812054,0.801795,0.785393,0.797626,0.777784,0.803795,0.806610,0.825550,0.809824,0.782018,0.783245,0.820462,0.811825,0.803925,#
21,0.794848,0.863358,0.796792,0.828573,0.806840,0.798709,0.781293,0.797892,0.810586,0.791999,0.780141,0.782405,0.774131,0.784803,0.771416,0.788900,0.781341,0.795485,0.816646,0.789905,0.807632,1.000000,0.805535,0.800684,0.762337,0.769449,0.811068,0.764445,0.801753,0.778112,0.777887,0.791775,0.804919,0.819107,0.802137,0.826341,0.786684,0.804625,0.808921,0.797261,0.800628,0.802667,0.786491,0.777690,0.798074,0.792048,0.805712,0.820358,0.809924,0.791072,0.762991,0.798356,0.789818,0.765230,0.823078,0.800450,0.788929,0.801053,0.840493,0.771490,0.786554,0.796779,0.752832,0.755291,0.828498,0.809032,0.826450,0.788625,0.789266,0.804871,0.789606,0.809296,0.817070,0.799386,0.825458,0.807118,0.786512,0.803391,0.803554,0.800645,0.788686,0.776173,0.830843,0.811877,0.839217,0.799396,0.758796,0.820037,0.812459,0.792983,0.756459,0.738217,0.809420,0.794205,0.790156,0.782595,0.797210,0.771411,0.785287,0.809774,0.805890,0.798799,0.755213,0.789693,0.760746,0.817777,0.759956,0.802831,0.784219,0.810607,0.815344,0.778199,0.796288,0.792731,0.744761,0.756709,0.786707,0.829312,0.779114,0.776685,0.792734,0.796685,0.762001,0.796342,0.772181,0.748898,0.802109,0.794322,0.802121,0.809453,0.809983,0.817046,0.776106,0.782505,0.820502,0.774498,0.757080,0.764152,0.790905,0.800396,0.783226,0.797278,0.758988,0.791684,0.771972,0.782506,0.773214,0.744872,0.766511,0.787025,0.774232,0.826747,0.768688,0.777941,0.795665,0.787230,0.814491,0.778276,0.775310,0.787675,0.799707,0.821233,0.802203,0.800348,0.815468,0.780130,0.801530,0.769017,0.728014,0.784708,0.811914,0.773566,0.787367,0.776294,0.793347,0.785304,0.743014,0.814436,0.790225,0.786240,0.779063,0.813351,0.796856,0.791797,0.770710,0.816852,0.793727,0.738849,0.755439,0.798319,0.788288,0.783273,0.780891,0.782527,0.794361,0.755642,0.782233,0.807945,0.753227,0.819423,#
