0,1.000000,0.260401,0.384459,0.315220,0.341358,0.346565,0.233991,0.200659,0.333114,0.307737,0.368067,0.309239,0.246810,0.241404,0.444826,0.370918,0.315053,0.466052,0.358790,0.363989,0.382414,0.357145,0.353826,0.458443,0.297544,0.301291,0.424182,0.339780,0.384354,0.322552,0.236796,0.302388,0.327160,0.279584,0.271991,0.455561,0.357462,0.320681,0.421261,0.435921,0.291003,0.416001,0.237435,0.343215,0.245130,0.379875,0.370271,0.415569,0.334661,0.411870,0.405551,0.314485,0.308615,0.245088,0.415373,0.376603,0.344289,0.322151,0.296192,0.339037,0.381481,0.316617,0.396926,0.322901,0.365624,0.278785,0.372191,0.365685,0.362644,0.372878,0.383924,0.308297,0.427158,0.361631,0.237032,0.157455,0.333246,0.384330,0.356263,0.229190,0.359629,0.292228,0.347021,0.306504,0.396497,0.295303,0.392782,0.260492,0.464648,0.338565,0.311750,0.279109,0.302916,0.352703,0.413707,0.381131,0.442353,0.271354,0.315298,0.377367,0.408774,0.388551,0.285293,0.380185,0.373742,0.347551,0.407074,0.342051,0.273424,0.233571,0.265648,0.290179,0.262295,0.334936,0.285629,0.330676,0.378076,0.220197,0.284036,0.334757,0.431601,0.289450,0.333341,0.321497,0.321052,0.388707,0.290999,0.248302,0.274868,0.427016,0.365716,0.392830,0.370410,0.302708,0.321082,0.327757,0.390848,0.348381,0.261562,0.408654,0.355908,0.311702,0.326883,0.326644,0.359178,0.321475,0.268313,0.256090,0.339011,0.320835,0.300802,0.295100,0.326554,0.302159,0.300297,0.295372,0.254984,0.241859,0.407164,0.375673,0.300673,0.429609,0.181971,0.221975,0.379675,0.205387,0.252024,0.302609,0.358109,0.277970,0.378899,0.149062,0.451444,0.381057,0.222559,0.369019,0.416054,0.346434,0.348966,0.293256,0.383322,0.428353,0.230153,0.196573,0.254358,0.363132,0.376818,0.480721,0.408944,0.236608,0.349771,0.394941,0.278044,0.212675,0.393299,0.224569,0.155729,0.332938,0.455592,0.333557,#
1,0.260401,1.000000,0.305280,0.342571,0.385534,0.351040,0.399661,0.290872,0.344150,0.253435,0.465668,0.386685,0.272699,0.364884,0.264076,0.231839,0.217670,0.363824,0.266550,0.316578,0.293154,0.375438,0.211513,0.306229,0.359794,0.341108,0.378229,0.435250,0.246011,0.324792,0.330973,0.294964,0.335779,0.293977,0.185949,0.347568,0.260874,0.301872,0.434586,0.302319,0.313566,0.272055,0.352140,0.303758,0.274712,0.389275,0.426778,0.358050,0.241212,0.207376,0.418438,0.255526,0.446159,0.310860,0.286370,0.409238,0.289416,0.258520,0.379516,0.334240,0.293622,0.308539,0.358518,0.319639,0.267334,0.357553,0.269513,0.392610,0.409061,0.296211,0.308752,0.329711,0.438715,0.221167,0.354962,0.181239,0.313628,0.355340,0.379048,0.266307,0.322147,0.456987,0.371874,0.324531,0.338328,0.122097,0.412034,0.295056,0.362718,0.388743,0.346546,0.405577,0.269852,0.398344,0.270818,0.345005,0.307493,0.238656,0.219879,0.262730,0.323732,0.276458,0.319719,0.327282,0.279703,0.303713,0.323342,0.404866,0.250909,0.329679,0.380359,0.301211,0.256746,0.306317,0.362568,0.415537,0.390714,0.224192,0.302624,0.336379,0.219458,0.320537,0.349084,0.333203,0.284654,0.324082,0.290644,0.280659,0.276880,0.343482,0.321094,0.352414,0.241308,0.331395,0.471087,0.370514,0.335235,0.367598,0.296750,0.367069,0.366735,0.234914,0.241209,0.321527,0.420856,0.300543,0.254490,0.194449,0.316764,0.311312,0.314862,0.279047,0.262368,0.179005,0.334635,0.315866,0.281382,0.257901,0.275263,0.109266,0.181388,0.406790,0.306803,0.333205,0.364097,0.226799,0.235592,0.274413,0.320020,0.448434,0.343462,0.341837,0.314138,0.210519,0.331156,0.304053,0.175623,0.389223,0.322528,0.247978,0.266260,0.257845,0.334008,0.247015,0.359451,0.306794,0.254411,0.296509,0.294327,0.355341,0.415441,0.365488,0.225963,0.272863,0.350523,0.302923,0.080996,0.364528,0.232452,0.329814,#
2,0.384459,0.305280,1.000000,0.348272,0.309756,0.319736,0.362834,0.312669,0.256172,0.234351,0.364285,0.453906,0.295395,0.343135,0.264908,0.344219,0.257637,0.296635,0.270591,0.300872,0.400857,0.416527,0.224798,0.332122,0.377276,0.380683,0.409012,0.323804,0.273277,0.355083,0.238626,0.245753,0.241875,0.190780,0.205192,0.368143,0.320725,0.216310,0.334346,0.223028,0.379502,0.374599,0.299429,0.250401,0.219405,0.389609,0.322210,0.362321,0.248307,0.313369,0.346287,0.447964,0.343428,0.269871,0.223948,0.338959,0.200480,0.265326,0.314781,0.352527,0.273343,0.286456,0.322860,0.310906,0.387674,0.389927,0.321027,0.249554,0.373754,0.373154,0.291164,0.273776,0.282714,0.325670,0.317410,0.321968,0.278746,0.358606,0.328040,0.279075,0.392745,0.231960,0.240956,0.221778,0.321075,0.226076,0.404012,0.294242,0.305549,0.272682,0.272906,0.358731,0.368227,0.349741,0.268782,0.336723,0.351408,0.277555,0.344745,0.273814,0.365996,0.341511,0.237478,0.361607,0.254631,0.290056,0.300401,0.373043,0.261916,0.381724,0.357537,0.356348,0.341964,0.321163,0.317821,0.444681,0.311442,0.250290,0.076970,0.244565,0.345976,0.312865,0.285668,0.258490,0.322011,0.246837,0.332834,0.272374,0.274498,0.338092,0.261537,0.418569,0.324147,0.193684,0.359556,0.391007,0.282125,0.361443,0.186118,0.183392,0.228480,0.281138,0.314495,0.238743,0.479114,0.269999,0.161795,0.268594,0.387852,0.242154,0.330452,0.399802,0.382342,0.277455,0.262678,0.220547,0.208863,0.156664,0.300044,0.253893,0.305992,0.365710,0.333651,0.354683,0.392186,0.234123,0.327001,0.285689,0.191128,0.279316,0.219378,0.352574,0.236406,0.242120,0.344084,0.272200,0.411624,0.369689,0.229123,0.301158,0.386029,0.283576,0.197622,0.362673,0.187598,0.357564,0.245672,0.228756,0.357104,0.194087,0.283038,0.342976,0.436180,0.220420,0.349069,0.181619,0.157227,0.308434,0.412371,0.332789,#
3,0.315220,0.342571,0.348272,1.000000,0.362724,0.276581,0.339082,0.287840,0.360604,0.275445,0.382232,0.397509,0.292267,0.308369,0.309698,0.353216,0.287413,0.430838,0.331452,0.308880,0.298330,0.337643,0.345114,0.466415,0.395924,0.343171,0.346636,0.280517,0.331109,0.340262,0.299721,0.386060,0.444429,0.397626,0.165928,0.386095,0.356527,0.463058,0.448844,0.292358,0.372245,0.397989,0.307452,0.359557,0.242230,0.403135,0.357010,0.368038,0.175211,0.368746,0.382101,0.345352,0.343323,0.245943,0.246935,0.424983,0.260143,0.289179,0.327913,0.353909,0.291347,0.250713,0.319462,0.307636,0.403036,0.420125,0.319590,0.316651,0.283765,0.376474,0.342857,0.269001,0.347201,0.230811,0.359996,0.355002,0.300230,0.372524,0.380848,0.207259,0.398446,0.370700,0.342396,0.250121,0.435081,0.268058,0.409246,0.232105,0.398791,0.405182,0.338315,0.345552,0.358057,0.391093,0.284398,0.375365,0.405993,0.228539,0.391216,0.328161,0.420579,0.249929,0.366338,0.350542,0.391904,0.283177,0.359452,0.338589,0.200189,0.266849,0.335447,0.305088,0.306411,0.308052,0.230219,0.304050,0.360605,0.197048,0.219089,0.286053,0.400198,0.300256,0.323699,0.465649,0.304137,0.313140,0.349485,0.330111,0.233453,0.372692,0.349156,0.400599,0.397420,0.368552,0.350646,0.357126,0.267257,0.279368,0.351637,0.297295,0.383472,0.332581,0.330892,0.293072,0.383285,0.268097,0.371361,0.352605,0.268395,0.345703,0.301291,0.289493,0.265223,0.288508,0.321314,0.255793,0.275502,0.334216,0.259007,0.350891,0.337293,0.400704,0.404757,0.413579,0.351199,0.288922,0.339141,0.307927,0.229900,0.292386,0.351325,0.241022,0.248003,0.200023,0.296089,0.346396,0.377104,0.362590,0.237738,0.318683,0.308285,0.403107,0.390346,0.243490,0.174223,0.305572,0.258068,0.350819,0.242359,0.257012,0.273202,0.392075,0.381558,0.250470,0.281996,0.310521,0.303398,0.346236,0.307788,0.268360,#
4,0.341358,0.385534,0.309756,0.362724,1.000000,0.309406,0.294225,0.257731,0.349306,0.234125,0.303964,0.236723,0.231636,0.259458,0.224780,0.271152,0.150138,0.321302,0.296390,0.407988,0.339910,0.287486,0.285868,0.374224,0.293288,0.395184,0.259728,0.321532,0.380994,0.205414,0.211169,0.243471,0.305576,0.257297,0.215822,0.361757,0.337068,0.295024,0.264817,0.273653,0.353645,0.460073,0.226428,0.171694,0.370796,0.281691,0.376812,0.346497,0.232491,0.351592,0.289466,0.258742,0.272444,0.261664,0.347294,0.443392,0.252715,0.242364,0.335210,0.314799,0.292325,0.293570,0.224927,0.187739,0.255993,0.225553,0.346292,0.261674,0.282138,0.297075,0.282985,0.302409,0.329705,0.309029,0.193318,0.060967,0.256017,0.399303,0.289056,0.181182,0.388573,0.346652,0.234752,0.188910,0.416835,0.165684,0.326203,0.281346,0.346456,0.413180,0.326577,0.300064,0.233800,0.350399,0.198983,0.406649,0.305663,0.346167,0.280397,0.261014,0.261234,0.164106,0.316998,0.390428,0.302725,0.284214,0.202287,0.358816,0.267351,0.317133,0.404664,0.318712,0.312621,0.451311,0.289900,0.213301,0.275341,0.092068,0.209283,0.189686,0.313036,0.286447,0.316804,0.241663,0.370399,0.270250,0.333638,0.245681,0.204899,0.270059,0.332520,0.286413,0.316650,0.230706,0.347383,0.325262,0.285195,0.205099,0.237701,0.288941,0.409272,0.159457,0.228210,0.254419,0.349128,0.309090,0.274036,0.262619,0.268978,0.262454,0.303861,0.297488,0.296315,0.363098,0.297681,0.196921,0.355193,0.257377,0.274594,0.302462,0.280497,0.328067,0.177632,0.261891,0.189519,0.292831,0.222551,0.206564,0.195494,0.286085,0.226174,0.178593,0.285191,0.221051,0.365980,0.289247,0.315341,0.331575,0.260840,0.257706,0.179762,0.219678,0.350384,0.246887,0.200165,0.274097,0.133178,0.412853,0.333191,0.283606,0.293372,0.338783,0.274429,0.153859,0.232937,0.301573,0.240108,0.424798,0.286843,0.338487,#
5,0.346565,0.351040,0.319736,0.276581,0.309406,1.000000,0.284792,0.265274,0.315444,0.361803,0.325316,0.291827,0.318938,0.211553,0.354374,0.270787,0.247909,0.334606,0.233830,0.233806,0.355280,0.329774,0.258443,0.370002,0.340243,0.283839,0.309255,0.354555,0.336639,0.292210,0.241385,0.321550,0.353457,0.201848,0.194648,0.308600,0.406527,0.169415,0.357584,0.348881,0.344100,0.378082,0.193881,0.375903,0.222978,0.357900,0.320557,0.206143,0.280580,0.309068,0.374279,0.299684,0.301685,0.106144,0.303494,0.346553,0.150594,0.289274,0.400653,0.289978,0.259409,0.278378,0.325191,0.235158,0.366769,0.304647,0.376650,0.292267,0.311025,0.255117,0.351537,0.291240,0.352723,0.418486,0.243075,0.188615,0.313342,0.267765,0.335555,0.282479,0.283896,0.296392,0.410776,0.122993,0.237940,0.254429,0.270784,0.220637,0.351614,0.213638,0.242928,0.373970,0.279012,0.417590,0.233772,0.340149,0.282034,0.197399,0.279713,0.162630,0.291676,0.303330,0.258365,0.293017,0.221967,0.281034,0.214255,0.383683,0.214292,0.265350,0.375187,0.284201,0.339097,0.253031,0.293512,0.269038,0.382240,0.289802,0.176956,0.265123,0.164400,0.304151,0.226454,0.333102,0.217018,0.226966,0.129961,0.137298,0.424993,0.375836,0.356920,0.367931,0.316632,0.265712,0.439014,0.362657,0.220745,0.316773,0.175760,0.159695,0.331450,0.309818,0.233995,0.300482,0.309636,0.219361,0.261806,0.287446,0.170587,0.288063,0.366968,0.220594,0.359045,0.360279,0.243249,0.283572,0.302393,0.161517,0.410330,0.164138,0.306333,0.289015,0.308251,0.252228,0.313424,0.109664,0.201548,0.298627,0.321552,0.376109,0.312727,0.268319,0.351309,0.223369,0.184753,0.301155,0.303433,0.296133,0.338075,0.247722,0.312751,0.285703,0.400560,0.226188,0.252347,0.342938,0.282831,0.257221,0.275488,0.250000,0.341766,0.335299,0.282544,0.231288,0.413110,0.184766,0.107948,0.415150,0.257309,0.397317,#
6,0.233991,0.399661,0.362834,0.339082,0.294225,0.284792,1.000000,0.287112,0.278940,0.191161,0.300026,0.277640,0.159529,0.305545,0.222539,0.266147,0.233871,0.292228,0.292684,0.267798,0.302238,0.312451,0.195688,0.241217,0.223288,0.286291,0.262223,0.338331,0.336326,0.256402,0.183347,0.302013,0.279849,0.207952,0.121380,0.216231,0.198662,0.272231,0.316952,0.254907,0.310450,0.282913,0.175809,0.327306,0.174218,0.249682,0.286018,0.381212,0.232894,0.287815,0.214405,0.304218,0.319778,0.236789,0.192849,0.318724,0.211270,0.289830,0.334601,0.388988,0.246701,0.265766,0.239895,0.226600,0.255507,0.467347,0.289417,0.289193,0.281673,0.264781,0.282223,0.267840,0.356636,0.221554,0.329718,0.200845,0.289354,0.305526,0.325123,0.219107,0.324733,0.304532,0.335380,0.193967,0.302521,0.254524,0.263358,0.350139,0.296608,0.317851,0.310244,0.247870,0.213514,0.348014,0.233330,0.346935,0.296750,0.231726,0.349528,0.297235,0.305734,0.348807,0.238612,0.254734,0.097218,0.396116,0.224355,0.258412,0.284035,0.280437,0.345376,0.284961,0.275640,0.193507,0.245600,0.320956,0.316872,0.177681,0.219107,0.226122,0.256140,0.323985,0.214213,0.216431,0.237109,0.184000,0.218883,0.316332,0.135257,0.349564,0.257654,0.252421,0.317526,0.143206,0.370159,0.323587,0.214112,0.324455,0.265822,0.262535,0.224103,0.182188,0.113052,0.348602,0.205702,0.265618,0.234804,0.158378,0.233362,0.118904,0.369555,0.159779,0.327867,0.246484,0.298074,0.212777,0.194280,0.255306,0.300150,0.168216,0.167665,0.338468,0.307863,0.267418,0.300782,0.226739,0.190616,0.272058,0.277402,0.340311,0.139292,0.207211,0.271850,0.200785,0.325669,0.326099,0.226435,0.333919,0.309022,0.152982,0.108053,0.175339,0.308842,0.313009,0.281283,0.299682,0.223684,0.282241,0.323629,0.316214,0.257434,0.232866,0.324175,0.257762,0.192397,0.212217,0.230040,0.288128,0.219835,0.328991,#
7,0.200659,0.290872,0.312669,0.287840,0.257731,0.265274,0.287112,1.000000,0.264197,0.293187,0.369603,0.443938,0.160509,0.305877,0.285695,0.329065,0.205939,0.391453,0.241378,0.314203,0.308896,0.280373,0.369058,0.240508,0.394393,0.213092,0.313047,0.400603,0.295813,0.256960,0.259320,0.287673,0.362388,0.162500,0.162921,0.338603,0.198862,0.201250,0.371659,0.308942,0.287126,0.269922,0.296877,0.230131,0.284099,0.366838,0.221081,0.325626,0.291734,0.282233,0.376299,0.312030,0.265465,0.238231,0.269659,0.267795,0.229216,0.344664,0.335100,0.328164,0.303105,0.181307,0.306045,0.263198,0.395250,0.288318,0.345337,0.280304,0.279465,0.424121,0.213272,0.184951,0.397141,0.309554,0.222193,0.207760,0.252456,0.322830,0.306202,0.352791,0.294147,0.304457,0.357963,0.231589,0.313561,0.192872,0.375987,0.132839,0.304936,0.317318,0.275856,0.292874,0.312838,0.357086,0.165444,0.315066,0.255337,0.200489,0.200280,0.161748,0.344204,0.212893,0.259495,0.253554,0.166873,0.372837,0.346693,0.211289,0.248151,0.277277,0.274676,0.288620,0.197566,0.326095,0.383125,0.281845,0.212991,0.176594,0.155957,0.348649,0.282112,0.312620,0.235710,0.373870,0.350198,0.246357,0.331593,0.371488,0.234010,0.259108,0.208929,0.267930,0.335523,0.266849,0.439948,0.298705,0.125039,0.446404,0.246024,0.291093,0.389939,0.283638,0.110239,0.223337,0.305046,0.203062,0.262934,0.231285,0.195057,0.253374,0.314962,0.391605,0.198761,0.186754,0.138224,0.325887,0.327396,0.310234,0.342761,0.305772,0.218935,0.355969,0.294346,0.236032,0.212136,0.224901,0.381776,0.207719,0.293323,0.309868,0.271924,0.239522,0.299163,0.149528,0.297955,0.221104,0.249194,0.301882,0.113343,0.371533,0.268461,0.306742,0.245393,0.275210,0.083432,0.307404,0.175448,0.254683,0.208109,0.354248,0.333993,0.287434,0.349860,0.247639,0.198913,0.227107,0.189611,0.322101,0.322291,0.298173,#
8,0.333114,0.344150,0.256172,0.360604,0.349306,0.315444,0.278940,0.264197,1.000000,0.300290,0.404691,0.310596,0.281725,0.232880,0.400412,0.385437,0.166973,0.265546,0.220076,0.304038,0.303054,0.292184,0.243214,0.360028,0.283398,0.281528,0.262717,0.345128,0.210038,0.344683,0.136961,0.321606,0.249725,0.256834,0.261990,0.366063,0.322674,0.228993,0.348270,0.352053,0.319272,0.300962,0.111262,0.243181,0.399111,0.380227,0.259404,0.284760,0.184662,0.296942,0.247194,0.391060,0.236416,0.394272,0.291782,0.384372,0.264481,0.272029,0.304556,0.384713,0.322249,0.173919,0.372358,0.157569,0.357738,0.402673,0.355119,0.291113,0.403772,0.299577,0.239265,0.303893,0.314656,0.221829,0.269779,0.192014,0.237723,0.244557,0.318800,0.179287,0.364360,0.327834,0.325123,0.112666,0.429147,0.222574,0.315977,0.207506,0.357967,0.324303,0.290890,0.312859,0.303643,0.301914,0.352461,0.448953,0.383746,0.229711,0.294423,0.242611,0.334601,0.169669,0.279014,0.292858,0.345204,0.181142,0.355445,0.258334,0.123573,0.298635,0.208477,0.276658,0.163604,0.306032,0.252664,0.395448,0.314232,0.153623,0.144724,0.349346,0.335680,0.272126,0.272867,0.322665,0.292623,0.376036,0.219173,0.391972,0.165646,0.361941,0.278255,0.226918,0.301629,0.253806,0.362861,0.398005,0.232470,0.324492,0.317408,0.257823,0.377590,0.305089,0.366478,0.195800,0.264177,0.227570,0.281886,0.329798,0.267905,0.267692,0.377583,0.259886,0.291145,0.315288,0.420546,0.333992,0.286022,0.274994,0.258682,0.310027,0.167479,0.325879,0.200238,0.299716,0.322911,0.290317,0.293355,0.213753,0.255945,0.311273,0.309992,0.135532,0.196342,0.249388,0.268531,0.302673,0.204239,0.350359,0.269615,0.261764,0.278025,0.255583,0.188740,0.299301,0.256529,0.322070,0.146847,0.216891,0.343770,0.217208,0.312897,0.302694,0.284263,0.224788,0.307736,0.176583,0.200887,0.166793,0.257024,0.230904,#
9,0.307737,0.253435,0.234351,0.275445,0.234125,0.361803,0.191161,0.293187,0.300290,1.000000,0.422513,0.264948,0.196162,0.286440,0.338124,0.360404,0.222522,0.254161,0.161171,0.348648,0.286895,0.260513,0.245608,0.292495,0.245207,0.272764,0.357401,0.399318,0.280870,0.295420,0.349540,0.284256,0.205765,0.253855,0.328348,0.343395,0.148439,0.334448,0.319282,0.260687,0.388314,0.348371,0.186476,0.117449,0.247891,0.412088,0.304667,0.277599,0.206725,0.204880,0.360732,0.380122,0.275350,0.196907,0.214593,0.401237,0.279182,0.249849,0.262491,0.230001,0.256195,0.258858,0.392537,0.286727,0.352549,0.335927,0.224973,0.277513,0.331945,0.207347,0.340567,0.351510,0.290494,0.293692,0.267386,0.249386,0.261959,0.248197,0.413884,0.329069,0.263681,0.377233,0.257055,0.161012,0.360450,0.280895,0.409979,0.211624,0.175171,0.167195,0.182443,0.380247,0.281399,0.281761,0.306546,0.335655,0.429063,0.308021,0.253946,0.156683,0.254074,0.255944,0.410720,0.233879,0.327006,0.250986,0.299716,0.234101,0.283964,0.163051,0.258028,0.259417,0.282947,0.369695,0.250899,0.317654,0.264490,0.272614,0.388967,0.187815,0.341599,0.419413,0.247992,0.340427,0.246418,0.301639,0.064569,0.357942,0.245560,0.329485,0.265961,0.312476,0.260484,0.316458,0.345047,0.246638,0.309414,0.416290,0.247405,0.178135,0.227079,0.324752,0.238060,0.230368,0.268076,0.177182,0.276907,0.317092,0.162977,0.421717,0.285410,0.191911,0.415992,0.319737,0.263964,0.306332,0.302952,0.288572,0.415367,0.204814,0.250606,0.267898,0.173923,0.386442,0.281475,0.173151,0.267311,0.234872,0.440034,0.244318,0.285234,0.256563,0.273400,0.273429,0.239251,0.307108,0.286935,0.182994,0.199976,0.331504,0.192069,0.286251,0.355009,0.246515,0.186183,0.292091,0.274999,0.302035,0.416705,0.232337,0.305420,0.294113,0.277023,0.261746,0.237734,0.241180,0.172593,0.210100,0.246824,0.302628,#
10,0.368067,0.465668,0.364285,0.382232,0.303964,0.325316,0.300026,0.369603,0.404691,0.422513,1.000000,0.299343,0.215906,0.376455,0.374952,0.316986,0.259181,0.387814,0.407887,0.335151,0.286337,0.309383,0.229912,0.303291,0.285758,0.250654,0.379015,0.381333,0.267030,0.365117,0.345941,0.313943,0.327895,0.271399,0.280533,0.425656,0.235210,0.331759,0.447060,0.324114,0.306526,0.262355,0.296267,0.165941,0.248829,0.397660,0.364532,0.355006,0.321119,0.329587,0.308288,0.363683,0.299451,0.333585,0.254415,0.379594,0.224357,0.271278,0.341751,0.313231,0.295115,0.340195,0.301112,0.400672,0.412747,0.413452,0.395366,0.313296,0.362593,0.318753,0.323473,0.348576,0.343331,0.306937,0.260412,0.287751,0.326075,0.249835,0.334269,0.234207,0.321990,0.375517,0.363937,0.265292,0.395525,0.188472,0.449405,0.263848,0.340984,0.304586,0.208382,0.284820,0.391920,0.335568,0.305254,0.364918,0.425154,0.191490,0.335504,0.291408,0.286889,0.279102,0.313354,0.320035,0.362393,0.219991,0.338010,0.396917,0.207621,0.247665,0.250555,0.366742,0.280034,0.344686,0.417750,0.454930,0.303850,0.120557,0.205445,0.265300,0.309224,0.322329,0.297470,0.367391,0.287076,0.261029,0.199423,0.343140,0.290455,0.423244,0.371305,0.313124,0.337155,0.248941,0.365308,0.306613,0.260230,0.467200,0.210099,0.297417,0.377297,0.272090,0.359319,0.274971,0.330352,0.253968,0.139227,0.246896,0.206063,0.350689,0.391774,0.345980,0.355955,0.289066,0.388680,0.317062,0.347629,0.185197,0.352799,0.324520,0.262895,0.331516,0.357666,0.388357,0.366529,0.217911,0.325534,0.184398,0.270040,0.336832,0.329821,0.273804,0.324514,0.273717,0.330548,0.195165,0.272651,0.374685,0.320691,0.349667,0.373189,0.308017,0.396144,0.226116,0.283835,0.324452,0.205801,0.201591,0.353295,0.323890,0.383336,0.321981,0.285185,0.228624,0.355548,0.272082,0.175593,0.346598,0.388290,0.438251,#
11,0.309239,0.386685,0.453906,0.397509,0.236723,0.291827,0.277640,0.443938,0.310596,0.264948,0.299343,1.000000,0.250221,0.285522,0.189151,0.305901,0.289917,0.381989,0.231281,0.140843,0.318825,0.359476,0.243151,0.357130,0.424524,0.383115,0.248174,0.434500,0.129066,0.360887,0.348758,0.352315,0.300735,0.240410,0.221481,0.334540,0.292852,0.232086,0.352849,0.307183,0.341609,0.402815,0.369886,0.383025,0.190611,0.442626,0.285453,0.330001,0.246334,0.200420,0.385313,0.366301,0.299279,0.370646,0.228128,0.314580,0.298677,0.314706,0.348220,0.293038,0.261735,0.275424,0.387348,0.341558,0.402041,0.406143,0.363887,0.388153,0.358285,0.376280,0.232389,0.219819,0.400848,0.284934,0.248353,0.234885,0.276336,0.294035,0.429628,0.253550,0.335670,0.213175,0.379737,0.277814,0.376658,0.193343,0.419687,0.313324,0.338626,0.274765,0.320677,0.404772,0.405517,0.511493,0.280588,0.325243,0.273255,0.233852,0.321086,0.376898,0.380483,0.322537,0.275313,0.286876,0.255028,0.399320,0.356330,0.344266,0.338868,0.304515,0.373529,0.300296,0.366052,0.330118,0.124818,0.521998,0.314524,0.218612,0.190015,0.334062,0.293102,0.341458,0.355066,0.344083,0.320755,0.248459,0.299791,0.430452,0.333435,0.316261,0.230264,0.476633,0.343183,0.315246,0.301956,0.304281,0.123939,0.466286,0.168749,0.363858,0.296616,0.266963,0.208886,0.343218,0.380810,0.253939,0.350355,0.228963,0.243393,0.249869,0.284567,0.422196,0.273692,0.231333,0.324051,0.267439,0.264924,0.143680,0.321609,0.282812,0.235675,0.395638,0.225425,0.291650,0.366327,0.200713,0.391417,0.315132,0.390893,0.345746,0.344692,0.202061,0.270051,0.205625,0.294218,0.379845,0.372238,0.283063,0.214875,0.260160,0.398769,0.297368,0.312965,0.242086,0.129065,0.359803,0.243130,0.270149,0.316743,0.354201,0.258996,0.237311,0.431146,0.181136,0.386399,0.244308,0.218333,0.290253,0.259617,0.305074,#
12,0.246810,0.272699,0.295395,0.292267,0.231636,0.318938,0.159529,0.160509,0.281725,0.196162,0.215906,0.250221,1.000000,0.201293,0.346490,0.278575,0.308239,0.259787,0.339454,0.366625,0.324739,0.182430,0.244299,0.302488,0.277157,0.222927,0.262960,0.363066,0.272251,0.318433,0.102634,0.345806,0.306213,0.228201,0.230573,0.319365,0.311302,0.182395,0.303616,0.223363,0.385181,0.252454,0.274758,0.305083,0.257774,0.365736,0.262305,0.118856,0.276496,0.184143,0.341245,0.239829,0.244070,0.249307,0.248513,0.304239,0.179306,0.271575,0.239558,0.247689,0.234194,0.292698,0.233039,0.305930,0.370000,0.262382,0.294617,0.204425,0.236078,0.201044,0.188758,0.277427,0.259868,0.210870,0.296490,0.276924,0.255053,0.183932,0.244728,0.159891,0.287299,0.240038,0.240186,0.242170,0.282162,0.296934,0.264730,0.306728,0.324769,0.253996,0.300888,0.301488,0.205388,0.334898,0.231867,0.217723,0.420789,0.238063,0.207349,0.140315,0.300085,0.256692,0.266546,0.241719,0.359534,0.245407,0.304115,0.208934,0.135080,0.257333,0.350383,0.114610,0.314171,0.317073,0.184106,0.242601,0.285551,0.229068,0.188116,0.210767,0.254902,0.348871,0.389430,0.315596,0.194189,0.154905,0.275776,0.229645,0.196728,0.188416,0.234786,0.291007,0.221819,0.195103,0.250937,0.252742,0.243806,0.293248,0.200234,0.263012,0.334740,0.286488,0.153638,0.220879,0.170326,0.223268,0.241379,0.243491,0.198659,0.226271,0.221243,0.386304,0.216336,0.217605,0.200093,0.247388,0.204923,0.003194,0.231616,0.136857,0.178545,0.366021,0.249741,0.358757,0.270748,0.156802,0.349169,0.146718,0.300823,0.308348,0.254839,0.202759,0.240791,0.270578,0.319063,0.191010,0.324060,0.324580,0.133081,0.282312,0.257169,0.249445,0.317703,0.203540,0.253112,0.255596,0.268696,0.323939,0.255541,0.137688,0.388986,0.301592,0.337348,0.222396,0.205410,0.209862,0.215999,0.217332,0.309491,0.223572,#
13,0.241404,0.364884,0.343135,0.308369,0.259458,0.211553,0.305545,0.305877,0.232880,0.286440,0.376455,0.285522,0.201293,1.000000,0.392119,0.323611,0.287942,0.242165,0.307961,0.397186,0.325579,0.268062,0.181655,0.276117,0.358198,0.409628,0.377426,0.356154,0.268193,0.242616,0.302335,0.282108,0.312711,0.272261,0.229254,0.321237,0.280726,0.334580,0.254654,0.277392,0.265761,0.328198,0.334839,0.208935,0.266599,0.383816,0.380570,0.320976,0.320940,0.250832,0.355846,0.352370,0.338734,0.275292,0.282523,0.465395,0.233808,0.293634,0.346365,0.401674,0.350523,0.302143,0.448721,0.300524,0.300664,0.326202,0.505836,0.345617,0.450060,0.356544,0.205303,0.282815,0.364412,0.231249,0.373009,0.228823,0.340311,0.390069,0.427502,0.260239,0.361050,0.475498,0.347502,0.396913,0.460538,0.248170,0.437797,0.351178,0.381604,0.383331,0.306335,0.353189,0.372545,0.386069,0.289038,0.302606,0.365193,0.205513,0.243972,0.343824,0.378399,0.353312,0.317944,0.329297,0.290894,0.382569,0.367069,0.308831,0.368375,0.321393,0.302233,0.272005,0.412774,0.351523,0.323538,0.378512,0.390680,0.255125,0.216610,0.322361,0.391993,0.393220,0.291541,0.365637,0.323480,0.272349,0.215626,0.287533,0.413240,0.361811,0.247824,0.303440,0.268511,0.249806,0.437218,0.343955,0.346181,0.379878,0.383746,0.350122,0.265291,0.270160,0.339566,0.291287,0.365937,0.404249,0.247951,0.328029,0.108122,0.313748,0.357355,0.272530,0.323416,0.391509,0.359645,0.332991,0.220136,0.303267,0.316540,0.305219,0.183602,0.457287,0.224525,0.396259,0.350609,0.313199,0.254121,0.223122,0.342878,0.366196,0.339244,0.416002,0.332244,0.266420,0.343179,0.325548,0.248704,0.292016,0.367603,0.154664,0.287134,0.316980,0.332679,0.389175,0.245333,0.389845,0.332244,0.341373,0.313697,0.369437,0.236835,0.386044,0.352953,0.268729,0.217876,0.290676,0.229404,0.304189,0.349013,0.303837,#
14,0.444826,0.264076,0.264908,0.309698,0.224780,0.354374,0.222539,0.285695,0.400412,0.338124,0.374952,0.189151,0.346490,0.392119,1.000000,0.442105,0.307914,0.357291,0.334650,0.449084,0.333893,0.207828,0.339419,0.426731,0.309146,0.254644,0.407114,0.376352,0.304959,0.309538,0.166332,0.287857,0.258261,0.181736,0.302196,0.380834,0.352247,0.359737,0.389804,0.389513,0.416936,0.320503,0.325672,0.249684,0.291785,0.464396,0.380173,0.264867,0.310255,0.309652,0.444678,0.285173,0.327454,0.322183,0.451986,0.411711,0.328932,0.277712,0.294404,0.329697,0.333059,0.398005,0.315080,0.318532,0.362802,0.284648,0.411128,0.353362,0.321705,0.349820,0.255572,0.305452,0.235220,0.387124,0.248469,0.237971,0.280196,0.334559,0.325932,0.291192,0.388357,0.277481,0.391680,0.319327,0.375127,0.341227,0.251413,0.213204,0.364269,0.289769,0.357437,0.334585,0.345793,0.375949,0.365585,0.266162,0.395262,0.296070,0.305047,0.256745,0.324848,0.323119,0.303303,0.372897,0.340583,0.341630,0.454162,0.418312,0.244144,0.294806,0.173666,0.165705,0.345645,0.270177,0.339038,0.354530,0.267458,0.262261,0.322165,0.337937,0.454310,0.382924,0.211987,0.310660,0.319072,0.247738,0.284851,0.260828,0.165044,0.388445,0.191976,0.361041,0.341584,0.177093,0.293394,0.298701,0.270461,0.349087,0.230389,0.246202,0.411182,0.401345,0.384180,0.232585,0.244966,0.323029,0.247560,0.238574,0.139277,0.260085,0.362512,0.294316,0.208938,0.350311,0.306349,0.233643,0.329910,0.224074,0.296405,0.202101,0.244991,0.374081,0.274299,0.252918,0.367863,0.193726,0.294006,0.227742,0.265160,0.340885,0.384789,0.314427,0.350409,0.326615,0.314999,0.241378,0.403704,0.375282,0.351019,0.327309,0.300738,0.357935,0.289841,0.308994,0.276413,0.316586,0.271734,0.206274,0.262017,0.314453,0.324339,0.392756,0.333217,0.350114,0.267390,0.175026,0.099612,0.287952,0.364852,0.336946,#
15,0.370918,0.231839,0.344219,0.353216,0.271152,0.270787,0.266147,0.329065,0.385437,0.360404,0.316986,0.305901,0.278575,0.323611,0.442105,1.000000,0.328642,0.432993,0.347165,0.318354,0.315920,0.303911,0.332190,0.430271,0.343317,0.429802,0.402204,0.377569,0.337900,0.325896,0.246890,0.363045,0.278366,0.349214,0.297415,0.316645,0.297255,0.293609,0.402691,0.318728,0.431197,0.384504,0.294570,0.313726,0.369239,0.407693,0.215224,0.316593,0.189563,0.365983,0.360271,0.376251,0.379435,0.309306,0.365718,0.359499,0.274370,0.358468,0.335559,0.423807,0.334392,0.227129,0.397257,0.252898,0.320165,0.344734,0.404897,0.416908,0.333148,0.295081,0.342165,0.388400,0.330946,0.289670,0.337372,0.268674,0.235460,0.390240,0.327200,0.284107,0.483303,0.287671,0.284167,0.332915,0.377926,0.266429,0.372727,0.284457,0.405783,0.361413,0.318288,0.283363,0.331131,0.431689,0.296080,0.311459,0.474250,0.228163,0.304952,0.247186,0.394224,0.290288,0.347748,0.367918,0.265202,0.305209,0.359488,0.307382,0.249520,0.382558,0.263941,0.354008,0.306283,0.260991,0.324222,0.440014,0.328838,0.162286,0.255185,0.289779,0.389841,0.414136,0.301884,0.426983,0.307768,0.261200,0.268333,0.349192,0.254654,0.339032,0.227016,0.412788,0.321329,0.305564,0.377175,0.392733,0.246203,0.290778,0.282050,0.200769,0.286186,0.397557,0.362781,0.251736,0.379060,0.285053,0.335366,0.315299,0.352904,0.295418,0.374798,0.240863,0.308682,0.512316,0.221223,0.444639,0.256989,0.291529,0.344351,0.258452,0.211894,0.325174,0.328365,0.337049,0.332794,0.306930,0.322796,0.273171,0.347769,0.319205,0.229659,0.260405,0.298250,0.218796,0.397406,0.235051,0.366381,0.278870,0.133000,0.364032,0.395539,0.355073,0.252818,0.367686,0.258665,0.360806,0.210063,0.351167,0.280482,0.251336,0.202797,0.394474,0.342945,0.319801,0.246652,0.237079,0.192255,0.354072,0.270204,0.206888,#
16,0.315053,0.217670,0.257637,0.287413,0.150138,0.247909,0.233871,0.205939,0.166973,0.222522,0.259181,0.289917,0.308239,0.287942,0.307914,0.328642,1.000000,0.316325,0.243846,0.295880,0.421326,0.244721,0.338051,0.226070,0.137212,0.330313,0.304561,0.174087,0.186848,0.277084,0.218162,0.361679,0.126733,0.318197,0.184018,0.337270,0.268152,0.213711,0.293188,0.259787,0.206917,0.327258,0.230338,0.305010,0.237721,0.377743,0.242370,0.293285,0.222351,0.164434,0.176422,0.342920,0.406070,0.232400,0.235102,0.246124,0.146284,0.270804,0.273194,0.182939,0.171573,0.416331,0.324010,0.368410,0.393367,0.266758,0.312479,0.399303,0.183929,0.336888,0.122680,0.375669,0.316019,0.175544,0.247511,0.370447,0.206011,0.341110,0.343369,0.217243,0.203521,0.246836,0.225754,0.241289,0.264725,0.269901,0.405951,0.200877,0.357383,0.164402,0.265912,0.280553,0.234837,0.244116,0.245730,0.196233,0.357298,0.093882,0.299051,0.247591,0.269570,0.260533,0.150443,0.208386,0.251187,0.277306,0.303235,0.200833,0.147230,0.263934,0.260351,0.253054,0.278621,0.267535,0.296925,0.406852,0.278314,0.218617,0.113215,0.292961,0.299072,0.313693,0.337756,0.344815,0.315211,0.063309,0.199757,0.174139,0.184341,0.321760,0.148799,0.280122,0.398299,0.072200,0.353936,0.355222,0.113104,0.341982,0.215586,0.293521,0.137144,0.231446,0.173040,0.279243,0.270225,0.224265,0.129576,0.234779,0.193652,0.170482,0.198714,0.291742,0.169076,0.215889,0.269780,0.278942,0.194546,0.155673,0.270334,0.220207,0.142963,0.387518,0.302666,0.343077,0.297416,0.162745,0.308409,0.244390,0.238415,0.174860,0.152521,0.084991,0.256628,0.127372,0.234352,0.294533,0.180678,0.182845,0.245181,0.163829,0.244419,0.307621,0.299333,0.101159,0.116528,0.230872,0.344925,0.281495,0.257780,0.208570,0.337196,0.084381,0.128455,0.197121,0.318332,0.314359,0.083077,0.219851,0.189676,0.199435,#
17,0.466052,0.363824,0.296635,0.430838,0.321302,0.334606,0.292228,0.391453,0.265546,0.254161,0.387814,0.381989,0.259787,0.242165,0.357291,0.432993,0.316325,1.000000,0.299931,0.389122,0.427358,0.329625,0.310170,0.457329,0.353817,0.321660,0.330283,0.301094,0.330857,0.338200,0.312525,0.409868,0.486711,0.265005,0.221616,0.389993,0.223522,0.434444,0.402365,0.242312,0.364130,0.358629,0.236259,0.389523,0.254163,0.410674,0.388847,0.315766,0.357027,0.340701,0.372759,0.290418,0.276842,0.271578,0.326659,0.368161,0.363281,0.404080,0.338454,0.389789,0.318908,0.331729,0.302445,0.323140,0.345712,0.439631,0.462251,0.427921,0.357058,0.446666,0.358589,0.373814,0.425765,0.281747,0.291064,0.373945,0.298466,0.375199,0.295745,0.336611,0.359523,0.379394,0.514668,0.303128,0.410273,0.190741,0.388059,0.293517,0.476357,0.377253,0.339563,0.284983,0.374849,0.350563,0.247676,0.352801,0.373971,0.373094,0.365786,0.351562,0.339008,0.255686,0.266605,0.373139,0.287372,0.390441,0.379126,0.443978,0.214340,0.199474,0.336755,0.301021,0.354680,0.389865,0.268566,0.409754,0.330536,0.253544,0.257396,0.370455,0.289904,0.390254,0.308800,0.382583,0.474994,0.295610,0.293652,0.345211,0.197904,0.323553,0.237410,0.420418,0.450012,0.375818,0.376359,0.415559,0.397377,0.372280,0.292031,0.378709,0.399461,0.341570,0.240658,0.299795,0.395133,0.330531,0.168944,0.308394,0.236212,0.224164,0.362804,0.245429,0.252766,0.377875,0.330878,0.360660,0.287109,0.285244,0.484870,0.324674,0.331936,0.410285,0.324174,0.300672,0.352887,0.269505,0.295346,0.350730,0.293127,0.289359,0.437056,0.261584,0.303778,0.308978,0.407673,0.239184,0.385685,0.319564,0.172596,0.398613,0.327002,0.463262,0.331873,0.203223,0.181284,0.324999,0.302366,0.325198,0.413784,0.337469,0.337554,0.446826,0.349834,0.254760,0.432532,0.329709,0.278925,0.300187,0.266170,0.315020,#
18,0.358790,0.266550,0.270591,0.331452,0.296390,0.233830,0.292684,0.241378,0.220076,0.161171,0.407887,0.231281,0.339454,0.307961,0.334650,0.347165,0.243846,0.299931,1.000000,0.325612,0.323630,0.250915,0.167743,0.428843,0.329006,0.323747,0.327915,0.379788,0.319640,0.240245,0.230663,0.228543,0.369671,0.209754,0.297774,0.372271,0.351817,0.275629,0.315110,0.398937,0.350571,0.328615,0.275237,0.255506,0.243864,0.317107,0.202838,0.261968,0.205764,0.316299,0.356049,0.232416,0.351388,0.309577,0.276094,0.310785,0.255703,0.337059,0.244419,0.240432,0.226058,0.266361,0.343016,0.333201,0.276969,0.367693,0.406679,0.360041,0.228033,0.176593,0.139468,0.275803,0.267832,0.165565,0.260424,0.229890,0.222153,0.359576,0.359087,0.322086,0.359777,0.257443,0.320965,0.326545,0.275782,0.124812,0.412297,0.185297,0.379891,0.284947,0.351662,0.234118,0.302009,0.330564,0.286024,0.316250,0.463517,0.263343,0.240683,0.330869,0.254719,0.323843,0.365025,0.317164,0.370671,0.308405,0.298164,0.286563,0.250533,0.271618,0.350907,0.394764,0.286274,0.312421,0.282481,0.277101,0.253580,0.099544,0.288477,0.325474,0.268924,0.343154,0.285086,0.240335,0.292585,0.215542,0.252242,0.277185,0.315162,0.299574,0.268713,0.383085,0.267824,0.233819,0.376591,0.186902,0.239697,0.399290,0.199356,0.356559,0.326905,0.201046,0.217453,0.237302,0.316395,0.317248,0.138070,0.211179,0.156532,0.249459,0.256443,0.307098,0.268859,0.297095,0.273674,0.385433,0.376261,0.264780,0.223797,0.363593,0.286455,0.350806,0.283074,0.296974,0.261003,0.297288,0.337567,0.288512,0.259405,0.365562,0.117909,0.249818,0.321698,0.221908,0.249063,0.302253,0.321338,0.389248,0.392001,0.227369,0.241022,0.297818,0.338770,0.183797,0.352662,0.252311,0.353653,0.365740,0.300382,0.254517,0.288006,0.374156,0.358742,0.266489,0.289977,0.256979,0.216407,0.340475,0.382625,0.281119,#
19,0.363989,0.316578,0.300872,0.308880,0.407988,0.233806,0.267798,0.314203,0.304038,0.348648,0.335151,0.140843,0.366625,0.397186,0.449084,0.318354,0.295880,0.389122,0.325612,1.000000,0.301392,0.310865,0.272608,0.350862,0.283148,0.428781,0.350133,0.345684,0.313966,0.416312,0.261621,0.326501,0.314693,0.214310,0.336871,0.408720,0.200300,0.292258,0.438263,0.300357,0.363918,0.331549,0.177181,0.193416,0.278055,0.397063,0.407270,0.408097,0.252954,0.377486,0.354848,0.338228,0.261291,0.399897,0.310003,0.404315,0.292999,0.286347,0.318760,0.326202,0.302668,0.326756,0.368672,0.336355,0.390129,0.308493,0.363458,0.366301,0.303430,0.364750,0.331738,0.358952,0.388125,0.205914,0.352527,0.351678,0.285792,0.413513,0.439917,0.233347,0.413695,0.408766,0.387157,0.220265,0.459215,0.227211,0.368405,0.275417,0.418878,0.263116,0.254043,0.320760,0.387833,0.335872,0.290336,0.387400,0.412430,0.388517,0.181740,0.232701,0.300218,0.292546,0.337820,0.362965,0.385069,0.389697,0.339904,0.460714,0.175773,0.181537,0.307414,0.305180,0.360386,0.405428,0.398562,0.311695,0.384974,0.321635,0.354623,0.184791,0.424262,0.475113,0.298776,0.404388,0.447552,0.281684,0.335533,0.319609,0.149433,0.327985,0.241211,0.220083,0.411545,0.245571,0.370077,0.354903,0.311470,0.428177,0.316611,0.298244,0.360203,0.366791,0.276262,0.273564,0.327453,0.337083,0.195729,0.415461,0.336198,0.209068,0.304413,0.365849,0.319773,0.405634,0.332992,0.282363,0.307898,0.224869,0.316161,0.210082,0.390218,0.381327,0.376045,0.292711,0.368493,0.258681,0.279646,0.292824,0.316448,0.264137,0.374649,0.300716,0.337627,0.246710,0.300597,0.251165,0.352652,0.369397,0.281460,0.295885,0.221079,0.392434,0.296931,0.307898,0.279336,0.365673,0.292900,0.343442,0.364296,0.256921,0.408642,0.426694,0.266093,0.334581,0.294144,0.284694,0.256331,0.360204,0.408819,0.408682,#
20,0.382414,0.293154,0.400857,0.298330,0.339910,0.355280,0.302238,0.308896,0.303054,0.286895,0.286337,0.318825,0.324739,0.325579,0.333893,0.315920,0.421326,0.427358,0.323630,0.301392,1.000000,0.308292,0.293683,0.388374,0.409602,0.344712,0.338418,0.383729,0.324991,0.317228,0.237658,0.287722,0.324522,0.243994,0.262874,0.357806,0.299732,0.290721,0.319631,0.363270,0.357291,0.489555,0.254984,0.241876,0.341374,0.437515,0.360368,0.345868,0.294915,0.263690,0.222190,0.372859,0.406812,0.332807,0.347846,0.330388,0.332802,0.347810,0.312009,0.323677,0.316833,0.291603,0.374276,0.366516,0.392634,0.267077,0.383324,0.362284,0.411287,0.392597,0.279291,0.370021,0.475626,0.369846,0.253186,0.266027,0.361401,0.419950,0.320631,0.310083,0.286297,0.279950,0.447817,0.249558,0.331459,0.325699,0.441649,0.314101,0.465763,0.372188,0.342146,0.419621,0.374677,0.420228,0.345838,0.287245,0.453161,0.328848,0.300032,0.191560,0.331389,0.299483,0.337959,0.368555,0.298316,0.349990,0.315022,0.310531,0.257907,0.380637,0.412677,0.352111,0.344154,0.365883,0.271772,0.480447,0.440189,0.265747,0.149896,0.342363,0.310227,0.374733,0.315312,0.325461,0.371541,0.249713,0.353589,0.423224,0.295342,0.378003,0.265428,0.421585,0.330617,0.192628,0.391573,0.297403,0.382792,0.413801,0.305441,0.336759,0.360853,0.364153,0.201834,0.290761,0.385907,0.246466,0.217492,0.289114,0.226092,0.303036,0.378753,0.371862,0.194738,0.273730,0.337969,0.342905,0.248182,0.165909,0.312651,0.392729,0.315612,0.421750,0.266633,0.284346,0.440257,0.225472,0.213520,0.350281,0.304090,0.291476,0.323353,0.232148,0.269711,0.287230,0.267785,0.376432,0.233364,0.293472,0.417658,0.360902,0.281894,0.345545,0.291556,0.280193,0.297254,0.208168,0.327439,0.317843,0.383152,0.343617,0.341447,0.391919,0.323174,0.253714,0.386843,0.328340,0.261833,0.315551,0.339762,0.292466,#
21,0.357145,0.375438,0.416527,0.337643,0.287486,0.329774,0.312451,0.280373,0.292184,0.260513,0.309383,0.359476,0.182430,0.268062,0.207828,0.303911,0.244721,0.329625,0.250915,0.310865,0.308292,1.000000,0.242610,0.379855,0.319898,0.280673,0.354722,0.401455,0.322515,0.336449,0.275758,0.342430,0.269675,0.318246,0.217680,0.382157,0.353332,0.333107,0.424437,0.274259,0.321823,0.385280,0.177050,0.320867,0.297902,0.370364,0.381494,0.399889,0.155011,0.340713,0.323347,0.301622,0.308493,0.263387,0.297181,0.310792,0.290642,0.297120,0.263269,0.289579,0.254147,0.206358,0.427211,0.319987,0.424502,0.356123,0.319729,0.334889,0.397174,0.422572,0.469657,0.286963,0.475859,0.330216,0.240828,0.228168,0.304500,0.301108,0.276211,0.243944,0.412725,0.342315,0.278125,0.128023,0.404614,0.191035,0.398940,0.258933,0.364522,0.401608,0.264406,0.308665,0.272223,0.304199,0.327009,0.367050,0.390310,0.291117,0.236195,0.325731,0.493954,0.270454,0.254743,0.327319,0.294669,0.357597,0.299954,0.345039,0.248271,0.285908,0.364394,0.327144,0.299901,0.304013,0.251530,0.399081,0.428197,0.227905,0.243590,0.343025,0.248153,0.384392,0.221665,0.403665,0.262471,0.276338,0.267546,0.326455,0.188959,0.246089,0.282204,0.312754,0.379169,0.290238,0.323875,0.286230,0.367560,0.301262,0.220712,0.385300,0.336351,0.363063,0.281296,0.239386,0.346967,0.309464,0.283736,0.383494,0.285097,0.254195,0.294410,0.262831,0.312255,0.367165,0.286924,0.297037,0.245204,0.271361,0.280675,0.242223,0.375394,0.317610,0.258874,0.279688,0.350196,0.139847,0.138300,0.358109,0.259300,0.420065,0.254091,0.238408,0.328480,0.261395,0.292003,0.351057,0.335090,0.276957,0.240511,0.343097,0.263513,0.326600,0.200843,0.297217,0.213816,0.262225,0.287152,0.362251,0.407910,0.265312,0.380745,0.281369,0.359980,0.213873,0.411073,0.362398,0.236670,0.339754,0.318161,0.310994,#
