0,1.000000,0.443304,0.389270,0.283037,0.332173,0.384958,0.400704,0.278229,0.361949,0.393457,0.424852,0.417381,0.366567,0.299349,0.410520,0.329662,0.417096,0.471659,0.393077,0.302597,0.413066,0.450459,0.333486,0.391627,0.296100,0.274235,0.400837,0.454678,0.365980,0.352023,0.346323,0.298228,0.367597,0.282753,0.270410,0.423677,0.403423,0.392602,0.265566,0.418874,0.244096,0.418280,0.308663,0.407321,0.323604,0.349932,0.385698,0.352063,0.434173,0.342110,0.476811,0.351646,0.334299,0.316836,0.469034,0.283220,0.354716,0.414272,0.310606,0.292665,0.409731,0.317675,0.369415,0.395186,0.388641,0.214406,0.399441,0.326796,0.293308,0.376255,0.454524,0.417876,0.372697,0.422327,0.348845,0.342971,0.344090,0.431773,0.377277,0.282813,0.465440,0.337646,0.407294,0.383101,0.319062,0.455380,0.391252,0.264883,0.439000,0.348550,0.402298,0.318412,0.329089,0.332210,0.352327,0.425774,0.351231,0.349521,0.410969,0.354384,0.384447,0.400708,0.337620,0.382667,0.330656,0.364759,0.382362,0.401400,0.335832,0.380489,0.273388,0.364055,0.410854,0.348496,0.295699,0.356622,0.365353,0.279622,0.427712,0.356296,0.429566,0.294567,0.227903,0.305093,0.308932,0.444585,0.314662,0.365375,0.356996,0.395978,0.430590,0.401767,0.335637,0.296012,0.384526,0.284176,0.386419,0.332507,0.370539,0.450395,0.330733,0.360880,0.415970,0.382371,0.368501,0.413125,0.357551,0.267852,0.372225,0.282947,0.399641,0.289654,0.331401,0.337695,0.317159,0.230231,0.284215,0.338060,0.404249,0.361061,0.426247,0.405253,0.335878,0.361217,0.375484,0.268220,0.207794,0.322294,0.391110,0.384262,0.472184,0.174065,0.441816,0.423656,0.400730,0.312777,0.343582,0.355176,0.426410,0.344806,0.343718,0.453744,0.335968,0.211346,0.307922,0.428320,0.415342,0.486966,0.387859,0.243366,0.413548,0.369326,0.225397,0.228494,0.340143,0.308034,0.376133,0.349845,0.340389,0.403946,#
1,0.443304,1.000000,0.387619,0.314356,0.425079,0.415067,0.451995,0.348093,0.284105,0.386243,0.483034,0.440737,0.390792,0.462110,0.384850,0.297899,0.384057,0.310115,0.513695,0.316175,0.383291,0.459450,0.315573,0.386823,0.478164,0.398591,0.407466,0.467319,0.376271,0.255852,0.409734,0.403993,0.409865,0.368554,0.396338,0.338724,0.316735,0.339614,0.290650,0.396611,0.345606,0.406891,0.477532,0.341452,0.380375,0.327222,0.435659,0.448033,0.409519,0.346273,0.452285,0.365498,0.458410,0.358108,0.383020,0.306649,0.352060,0.408319,0.471464,0.422221,0.463606,0.389552,0.415328,0.400621,0.355701,0.298199,0.357567,0.429689,0.381462,0.276957,0.421038,0.303483,0.416828,0.411496,0.431407,0.253154,0.472115,0.400755,0.481164,0.359874,0.361949,0.466111,0.423158,0.486479,0.295463,0.395965,0.358145,0.344771,0.425886,0.467336,0.413024,0.474831,0.416075,0.389903,0.295084,0.476104,0.358971,0.294208,0.459715,0.334183,0.394546,0.284209,0.329842,0.365201,0.312058,0.303836,0.408976,0.485846,0.324216,0.393955,0.416314,0.398606,0.488727,0.387775,0.422146,0.359471,0.438512,0.311226,0.479885,0.398479,0.318862,0.364902,0.330213,0.397654,0.412111,0.429707,0.464072,0.360786,0.393826,0.383004,0.455377,0.415408,0.287491,0.339856,0.468619,0.367865,0.355807,0.341483,0.395370,0.380013,0.406886,0.386213,0.294458,0.363883,0.437795,0.392393,0.411090,0.329019,0.476312,0.330670,0.405632,0.421899,0.433136,0.268276,0.310256,0.378426,0.390789,0.489078,0.425844,0.312458,0.319959,0.436722,0.371029,0.348474,0.370585,0.428089,0.284111,0.402927,0.341243,0.460044,0.456327,0.270250,0.304074,0.359563,0.511143,0.400572,0.303105,0.469651,0.461576,0.366314,0.428664,0.364348,0.425637,0.370695,0.507165,0.402372,0.389447,0.495296,0.318764,0.308141,0.495109,0.403889,0.257162,0.347249,0.420621,0.434161,0.296291,0.439668,0.347023,0.345350,#
2,0.389270,0.387619,1.000000,0.411209,0.367716,0.427773,0.381673,0.331441,0.284563,0.339805,0.306647,0.376486,0.357161,0.374296,0.399675,0.329733,0.417360,0.359450,0.416159,0.348839,0.373948,0.438941,0.423146,0.386530,0.425920,0.369146,0.422472,0.307556,0.331164,0.294964,0.404940,0.406781,0.345319,0.348974,0.362273,0.338346,0.335073,0.382179,0.280526,0.361108,0.421607,0.418035,0.377376,0.313861,0.296500,0.400217,0.335542,0.437776,0.324173,0.321304,0.391851,0.409756,0.410799,0.339168,0.372547,0.417003,0.229096,0.452396,0.327053,0.378598,0.227224,0.384295,0.389256,0.446244,0.438361,0.329418,0.343605,0.336524,0.361509,0.383745,0.341152,0.256186,0.307131,0.406561,0.379088,0.424365,0.341241,0.392068,0.400118,0.356377,0.409745,0.341535,0.318428,0.386202,0.286246,0.441220,0.404390,0.334228,0.329756,0.410979,0.327918,0.309363,0.387156,0.335285,0.341560,0.382533,0.332914,0.271586,0.405084,0.333872,0.407504,0.433025,0.346950,0.297838,0.455862,0.292871,0.365621,0.394670,0.335949,0.439285,0.411841,0.382985,0.407057,0.312818,0.317138,0.318931,0.255226,0.408787,0.280297,0.315372,0.368737,0.303604,0.314376,0.297901,0.318695,0.331632,0.390305,0.357292,0.372863,0.318207,0.354172,0.452660,0.311199,0.288687,0.341675,0.372662,0.368359,0.398082,0.333776,0.308631,0.274561,0.302479,0.426562,0.389892,0.465194,0.375784,0.343059,0.295362,0.467749,0.378266,0.354930,0.393545,0.364137,0.357962,0.244521,0.292262,0.295249,0.412563,0.376096,0.319606,0.459049,0.425162,0.417599,0.364326,0.319793,0.300835,0.297159,0.365561,0.334308,0.428309,0.441161,0.373239,0.332182,0.336960,0.441762,0.381210,0.440749,0.452558,0.407700,0.379813,0.413187,0.329318,0.291403,0.267370,0.318257,0.411203,0.468518,0.392195,0.364220,0.262626,0.390500,0.332776,0.397305,0.337321,0.339248,0.326782,0.405661,0.264861,0.490842,0.388661,#
3,0.283037,0.314356,0.411209,1.000000,0.264389,0.265992,0.279531,0.381643,0.252325,0.274794,0.256995,0.322510,0.211505,0.272224,0.166753,0.090278,0.288166,0.320880,0.226686,0.250274,0.313779,0.317445,0.342435,0.294609,0.315047,0.334791,0.290020,0.252818,0.292915,0.212351,0.288421,0.319573,0.255035,0.391863,0.200128,0.252095,0.267071,0.338667,0.271514,0.217807,0.264712,0.315814,0.400250,0.220897,0.309596,0.424872,0.361529,0.360431,0.251926,0.309156,0.400907,0.262315,0.254817,0.325156,0.229822,0.337425,0.227244,0.396276,0.307680,0.251041,0.271932,0.252934,0.317000,0.335485,0.338441,0.232698,0.222987,0.351597,0.178745,0.268770,0.366296,0.214526,0.175302,0.340857,0.339231,0.271304,0.210392,0.361922,0.289056,0.351645,0.283345,0.301608,0.263332,0.360573,0.241457,0.290530,0.407098,0.227739,0.277164,0.350000,0.328768,0.253700,0.296145,0.366222,0.212570,0.314121,0.219383,0.182467,0.347927,0.162855,0.239038,0.285908,0.315663,0.222893,0.350864,0.219923,0.329038,0.331349,0.251987,0.290042,0.353597,0.273681,0.250810,0.297260,0.254387,0.226811,0.236287,0.276031,0.233344,0.285316,0.291775,0.299203,0.327000,0.312833,0.243327,0.316185,0.313962,0.206755,0.335381,0.319479,0.332579,0.235520,0.324009,0.450065,0.287542,0.352980,0.269554,0.239350,0.324356,0.313683,0.281213,0.240477,0.374322,0.350306,0.384171,0.240955,0.314432,0.295759,0.385201,0.355087,0.319294,0.192748,0.245863,0.264708,0.249433,0.207094,0.324838,0.381489,0.228560,0.316834,0.380183,0.321573,0.399295,0.385158,0.303426,0.388626,0.249829,0.258110,0.350711,0.383018,0.377201,0.207235,0.253796,0.294039,0.368208,0.285520,0.212374,0.305894,0.277401,0.297956,0.413547,0.370138,0.344766,0.303199,0.237059,0.264566,0.260507,0.421527,0.228836,0.191201,0.358555,0.306157,0.267381,0.297188,0.213705,0.294915,0.347639,0.306107,0.314855,0.295491,#
4,0.332173,0.425079,0.367716,0.264389,1.000000,0.273794,0.425650,0.293014,0.343185,0.353560,0.441331,0.272477,0.355160,0.339906,0.309955,0.291645,0.319830,0.385856,0.422754,0.385210,0.319783,0.438343,0.320989,0.374664,0.410234,0.427971,0.342015,0.383537,0.368761,0.216551,0.399134,0.369509,0.418287,0.360051,0.387701,0.322839,0.177265,0.470727,0.286120,0.369112,0.349977,0.415727,0.428641,0.365295,0.344634,0.322096,0.371137,0.442786,0.415402,0.392661,0.393478,0.269637,0.397230,0.434373,0.356534,0.348129,0.192839,0.360032,0.331326,0.429147,0.409897,0.350551,0.337332,0.323475,0.330936,0.293891,0.411625,0.373121,0.351515,0.361012,0.340386,0.374818,0.305637,0.298157,0.380827,0.270790,0.283629,0.395400,0.258231,0.262204,0.467909,0.437828,0.276038,0.420608,0.325684,0.386785,0.298616,0.304154,0.414915,0.392680,0.325866,0.369404,0.300720,0.389630,0.236399,0.409416,0.287696,0.411295,0.424178,0.292504,0.389012,0.265472,0.267493,0.418813,0.430411,0.268945,0.357414,0.351002,0.368274,0.502379,0.430991,0.271676,0.426648,0.433762,0.305756,0.301755,0.291920,0.261321,0.419541,0.390084,0.303346,0.382622,0.344795,0.330704,0.351242,0.385974,0.398377,0.335863,0.248264,0.214474,0.345211,0.421990,0.344561,0.290804,0.359468,0.411267,0.338198,0.273980,0.268114,0.313446,0.339061,0.262145,0.344242,0.406397,0.349971,0.362960,0.401769,0.239844,0.409121,0.402962,0.365408,0.384476,0.388358,0.375555,0.310837,0.326087,0.373399,0.429626,0.309358,0.331971,0.337262,0.377122,0.379127,0.332339,0.322685,0.413955,0.359487,0.269613,0.386698,0.427421,0.457737,0.294245,0.250307,0.232106,0.397400,0.251489,0.349233,0.309376,0.272732,0.318669,0.314448,0.391572,0.267353,0.244992,0.370197,0.350661,0.349919,0.470584,0.375485,0.256266,0.393197,0.308859,0.385715,0.336976,0.352482,0.351154,0.370362,0.431993,0.381941,0.374641,#
5,0.384958,0.415067,0.427773,0.265992,0.273794,1.000000,0.307629,0.338945,0.330444,0.369287,0.293861,0.397959,0.286595,0.244180,0.323714,0.384888,0.397780,0.397426,0.385759,0.298951,0.361255,0.400053,0.357601,0.470820,0.273916,0.390701,0.356563,0.326530,0.342544,0.293860,0.268076,0.507437,0.304384,0.323834,0.347258,0.302771,0.465007,0.369314,0.316966,0.451121,0.320700,0.370328,0.323892,0.368940,0.299110,0.421115,0.272992,0.290466,0.392628,0.349639,0.406550,0.316627,0.443192,0.297400,0.399628,0.367419,0.266205,0.472907,0.323885,0.307166,0.401181,0.360919,0.418952,0.387382,0.366757,0.268582,0.352220,0.399719,0.224565,0.245033,0.453377,0.254593,0.417682,0.468426,0.346487,0.341246,0.360043,0.398286,0.383279,0.338955,0.413440,0.322050,0.363096,0.259011,0.206484,0.391487,0.290555,0.311153,0.385340,0.304672,0.326034,0.363719,0.275593,0.342319,0.248970,0.374805,0.364713,0.228583,0.369822,0.223084,0.397841,0.376822,0.408761,0.309438,0.302143,0.286545,0.352330,0.396042,0.300933,0.382917,0.426168,0.367888,0.410550,0.299527,0.323884,0.382958,0.458002,0.358099,0.309244,0.422639,0.306350,0.318570,0.320400,0.253115,0.425138,0.297262,0.334892,0.256832,0.360805,0.407446,0.365659,0.406214,0.265359,0.275116,0.453389,0.323722,0.280412,0.280938,0.351911,0.332962,0.390003,0.339786,0.364604,0.368256,0.350959,0.311852,0.308694,0.323360,0.355565,0.288596,0.346516,0.296227,0.342779,0.399217,0.211091,0.276910,0.324544,0.380400,0.340169,0.307846,0.449589,0.321915,0.423127,0.207217,0.278179,0.254853,0.152955,0.333343,0.332287,0.418683,0.275000,0.336085,0.440541,0.303644,0.358722,0.341398,0.282842,0.421410,0.377745,0.314791,0.408236,0.453981,0.450829,0.269178,0.318328,0.411716,0.352580,0.360498,0.390658,0.273972,0.489822,0.287546,0.272566,0.367201,0.370109,0.375748,0.393589,0.353712,0.401428,0.426599,#
6,0.400704,0.451995,0.381673,0.279531,0.425650,0.307629,1.000000,0.331604,0.275660,0.377108,0.413601,0.393335,0.300911,0.398991,0.259182,0.285482,0.362816,0.396314,0.398902,0.432288,0.340055,0.400444,0.350683,0.360229,0.404245,0.311022,0.302670,0.344472,0.330445,0.250924,0.327071,0.334474,0.322059,0.295390,0.275535,0.265724,0.251380,0.312069,0.239114,0.369712,0.381494,0.397770,0.365717,0.367897,0.402602,0.273086,0.425903,0.494024,0.400318,0.412608,0.303863,0.424970,0.409886,0.385797,0.317396,0.354054,0.308834,0.448026,0.330771,0.344371,0.313119,0.326097,0.322700,0.392769,0.242483,0.348288,0.309269,0.295996,0.290604,0.267901,0.401249,0.362615,0.353338,0.406936,0.348033,0.321020,0.370962,0.394209,0.358889,0.363537,0.398256,0.411324,0.394295,0.336958,0.330698,0.446456,0.356738,0.362955,0.391447,0.388563,0.384721,0.343770,0.386065,0.451064,0.279319,0.455067,0.310150,0.295007,0.445994,0.253192,0.408236,0.366125,0.185836,0.407301,0.269150,0.432557,0.416379,0.382487,0.295309,0.359216,0.359500,0.321552,0.355840,0.366648,0.324136,0.293539,0.328122,0.355386,0.364545,0.298129,0.316194,0.460246,0.249963,0.289221,0.293567,0.319875,0.307570,0.472724,0.292883,0.378563,0.335476,0.362961,0.393152,0.263728,0.538928,0.364220,0.296444,0.432879,0.372310,0.257852,0.317475,0.225015,0.374648,0.525909,0.269547,0.368136,0.307154,0.246917,0.343903,0.282033,0.448073,0.308917,0.374216,0.339333,0.353680,0.247472,0.315266,0.370046,0.317754,0.314236,0.343531,0.383709,0.327977,0.375001,0.387182,0.310209,0.185508,0.258187,0.368473,0.440139,0.371033,0.343474,0.292488,0.298551,0.430602,0.346854,0.319607,0.335607,0.361634,0.266650,0.217838,0.257338,0.339100,0.320791,0.363498,0.306561,0.367032,0.367903,0.364866,0.327229,0.448680,0.281893,0.353888,0.295372,0.327176,0.393310,0.356904,0.369748,0.302953,0.313096,#
7,0.278229,0.348093,0.331441,0.381643,0.293014,0.338945,0.331604,1.000000,0.271320,0.390963,0.326692,0.410748,0.316901,0.364984,0.229462,0.246933,0.324043,0.339953,0.366167,0.366321,0.325158,0.373903,0.453285,0.291309,0.457117,0.375361,0.339134,0.429000,0.298516,0.256215,0.391187,0.402616,0.407073,0.349486,0.316950,0.351177,0.313489,0.327166,0.301168,0.289778,0.266893,0.345605,0.491650,0.266160,0.328410,0.414268,0.322286,0.436790,0.394751,0.392395,0.426014,0.291679,0.324127,0.391524,0.371614,0.422296,0.344106,0.350456,0.308592,0.381735,0.284219,0.195805,0.369483,0.346511,0.401554,0.239641,0.351609,0.419632,0.311761,0.484325,0.359882,0.234320,0.402754,0.419607,0.395016,0.356530,0.403833,0.363589,0.400384,0.419709,0.337220,0.384050,0.362936,0.416050,0.309962,0.397283,0.429167,0.370430,0.380941,0.383265,0.377242,0.266049,0.345508,0.346214,0.331117,0.384648,0.307616,0.234175,0.317349,0.220885,0.392412,0.334745,0.273619,0.365194,0.285790,0.319802,0.349776,0.323056,0.370949,0.331597,0.392126,0.376580,0.329093,0.342195,0.392600,0.324900,0.333011,0.387288,0.398939,0.389482,0.333245,0.416829,0.335399,0.424441,0.428691,0.401236,0.362162,0.359009,0.340395,0.324206,0.386948,0.288587,0.294530,0.344121,0.441509,0.434395,0.302514,0.350270,0.428608,0.404248,0.408641,0.497588,0.291464,0.390924,0.449655,0.340834,0.416161,0.306348,0.423321,0.335848,0.351405,0.499758,0.344825,0.242113,0.272063,0.409357,0.339661,0.402937,0.329290,0.327632,0.437628,0.343900,0.349359,0.388828,0.393872,0.300044,0.333900,0.278349,0.436162,0.340308,0.382204,0.341943,0.323990,0.298491,0.367548,0.372958,0.334580,0.422144,0.325876,0.387366,0.369716,0.431522,0.252875,0.263649,0.311563,0.376876,0.405156,0.427914,0.313821,0.321351,0.418102,0.295620,0.273117,0.397037,0.232553,0.289745,0.419653,0.374462,0.358043,0.402610,#
8,0.361949,0.284105,0.284563,0.252325,0.343185,0.330444,0.275660,0.271320,1.000000,0.257543,0.344739,0.340360,0.324361,0.325746,0.339140,0.345537,0.367567,0.286677,0.261958,0.358588,0.287689,0.326450,0.294424,0.335396,0.292703,0.389496,0.248422,0.386572,0.245793,0.399118,0.249366,0.383444,0.293624,0.419816,0.332065,0.284207,0.286207,0.440510,0.204710,0.497907,0.294318,0.303501,0.292697,0.378518,0.357917,0.306205,0.348713,0.379362,0.252304,0.263855,0.308563,0.401373,0.298360,0.425445,0.404027,0.327835,0.221706,0.305117,0.312769,0.380816,0.366439,0.195638,0.433100,0.400447,0.303194,0.248502,0.324931,0.409777,0.371464,0.330638,0.246525,0.400771,0.262635,0.381833,0.261339,0.230341,0.313012,0.273020,0.337526,0.216265,0.331268,0.293873,0.313078,0.252979,0.250051,0.380854,0.290777,0.252667,0.396056,0.348310,0.351975,0.254684,0.280617,0.356376,0.263499,0.480250,0.373395,0.300284,0.274287,0.225114,0.382225,0.216302,0.182755,0.228947,0.316614,0.236761,0.416562,0.351000,0.255927,0.418813,0.298859,0.348801,0.329167,0.260987,0.267144,0.367207,0.450625,0.287211,0.210410,0.413016,0.326258,0.248045,0.302797,0.255911,0.335006,0.370946,0.291463,0.301003,0.369543,0.280565,0.396092,0.361978,0.286764,0.248424,0.422230,0.386703,0.283159,0.379216,0.420022,0.323839,0.282665,0.307749,0.416331,0.319650,0.420482,0.340881,0.340986,0.429425,0.381810,0.314999,0.305306,0.304992,0.307034,0.310542,0.300813,0.240741,0.364934,0.287959,0.297924,0.312829,0.291416,0.287948,0.332887,0.374561,0.267607,0.291828,0.265948,0.265228,0.295846,0.405325,0.388571,0.103819,0.236720,0.403746,0.374574,0.374383,0.253296,0.338217,0.292067,0.374681,0.390060,0.266659,0.143830,0.239957,0.378697,0.292219,0.315715,0.305866,0.322950,0.203998,0.390557,0.314880,0.194333,0.285774,0.264855,0.299819,0.344315,0.252599,0.294125,0.343513,#
9,0.393457,0.386243,0.339805,0.274794,0.353560,0.369287,0.377108,0.390963,0.257543,1.000000,0.457419,0.416972,0.405371,0.367764,0.389284,0.364624,0.324427,0.300837,0.391787,0.363750,0.392197,0.352488,0.395230,0.390447,0.386796,0.351990,0.396436,0.511606,0.346875,0.250993,0.419620,0.385091,0.301756,0.375342,0.333005,0.379226,0.284554,0.373390,0.236325,0.344927,0.341159,0.409682,0.332901,0.237440,0.378006,0.446984,0.306327,0.440146,0.417796,0.265495,0.441288,0.379842,0.389470,0.342348,0.363480,0.338397,0.377242,0.411877,0.263045,0.360676,0.325197,0.307052,0.444421,0.381724,0.358973,0.372278,0.266181,0.457743,0.360907,0.271087,0.364102,0.353174,0.265025,0.451407,0.418746,0.322548,0.478840,0.382727,0.438289,0.459797,0.423423,0.405711,0.471671,0.385442,0.403639,0.480582,0.423693,0.301719,0.442279,0.324981,0.344017,0.476276,0.347523,0.446911,0.373933,0.467528,0.467820,0.272027,0.379686,0.319514,0.444912,0.367095,0.418615,0.283132,0.364443,0.312524,0.408864,0.419579,0.307310,0.339891,0.337099,0.339698,0.428391,0.368083,0.320350,0.384509,0.450328,0.431974,0.463722,0.319645,0.493043,0.505091,0.306266,0.366753,0.368834,0.428378,0.315807,0.470315,0.316482,0.224979,0.380433,0.461403,0.343566,0.309538,0.495059,0.299731,0.324910,0.301423,0.393929,0.393375,0.332705,0.299559,0.354420,0.394379,0.353277,0.299669,0.388324,0.271825,0.290331,0.332673,0.384221,0.417952,0.405574,0.366375,0.340361,0.354279,0.392833,0.407179,0.334527,0.404392,0.378333,0.282263,0.304678,0.411555,0.421666,0.336589,0.273361,0.313718,0.430097,0.445105,0.392321,0.391685,0.345650,0.378049,0.373903,0.394295,0.317505,0.290124,0.338886,0.433508,0.343869,0.405654,0.392128,0.365374,0.324893,0.409626,0.472720,0.399163,0.392898,0.287009,0.419297,0.328266,0.246499,0.316651,0.318647,0.338573,0.328733,0.339248,0.369701,0.328986,#
10,0.424852,0.483034,0.306647,0.256995,0.441331,0.293861,0.413601,0.326692,0.344739,0.457419,1.000000,0.408393,0.298564,0.406164,0.338541,0.349942,0.447138,0.362280,0.453296,0.424609,0.360791,0.353128,0.356154,0.310173,0.397238,0.317442,0.408133,0.384813,0.260018,0.303236,0.370023,0.346833,0.311221,0.388798,0.351047,0.398784,0.184773,0.354242,0.300108,0.314172,0.226381,0.298618,0.351764,0.277085,0.352662,0.354936,0.362562,0.440557,0.424870,0.379277,0.335991,0.396719,0.334729,0.407381,0.359530,0.380253,0.312027,0.361950,0.348267,0.289802,0.423675,0.353266,0.385740,0.380858,0.312634,0.264117,0.371788,0.335340,0.313664,0.276605,0.309245,0.320544,0.256611,0.401605,0.368235,0.348098,0.421182,0.295262,0.397172,0.293477,0.337601,0.484540,0.348752,0.390036,0.318495,0.423569,0.372811,0.241803,0.402159,0.347249,0.269109,0.390918,0.411646,0.351732,0.277882,0.398331,0.396329,0.248366,0.443305,0.317864,0.453019,0.269649,0.315853,0.375658,0.370442,0.322860,0.475936,0.412136,0.300103,0.399605,0.281364,0.331166,0.365095,0.412134,0.335672,0.411808,0.402207,0.295432,0.285666,0.294747,0.324035,0.313854,0.347382,0.346095,0.403914,0.345290,0.317851,0.341317,0.332307,0.366358,0.372873,0.397981,0.329659,0.247937,0.473288,0.347504,0.333706,0.366931,0.284209,0.444742,0.330290,0.305037,0.444526,0.349528,0.368742,0.359334,0.248855,0.325116,0.359285,0.389973,0.377052,0.428294,0.358170,0.422743,0.356605,0.374688,0.357915,0.342707,0.330065,0.452519,0.322413,0.365988,0.318740,0.398940,0.329084,0.338848,0.255964,0.227738,0.320848,0.488235,0.454474,0.327689,0.351660,0.399247,0.474404,0.234793,0.352360,0.394286,0.395509,0.444676,0.366455,0.339692,0.411614,0.298570,0.439966,0.333364,0.364883,0.419619,0.314671,0.261896,0.362734,0.383615,0.305900,0.312925,0.347874,0.442481,0.378093,0.418617,0.380158,0.395739,#
11,0.417381,0.440737,0.376486,0.322510,0.272477,0.397959,0.393335,0.410748,0.340360,0.416972,0.408393,1.000000,0.385452,0.357398,0.208495,0.404983,0.443518,0.430947,0.387419,0.275623,0.393046,0.424019,0.361615,0.383125,0.438999,0.470378,0.306050,0.413744,0.245778,0.382364,0.388763,0.473150,0.324098,0.431509,0.316952,0.325341,0.405284,0.435553,0.252264,0.364339,0.365063,0.400808,0.422972,0.384806,0.370269,0.409706,0.379723,0.500069,0.371256,0.265687,0.418971,0.436081,0.346473,0.448427,0.390763,0.381069,0.464188,0.389849,0.361720,0.297633,0.355513,0.362487,0.444271,0.432109,0.410341,0.219057,0.383157,0.379859,0.340990,0.338896,0.388904,0.284188,0.331929,0.465123,0.470169,0.397059,0.376741,0.416661,0.547117,0.333759,0.406578,0.313014,0.375466,0.450740,0.398585,0.424352,0.452063,0.320988,0.412624,0.356911,0.417689,0.380644,0.405311,0.395119,0.326542,0.396038,0.307356,0.324834,0.402385,0.346611,0.472816,0.366312,0.352044,0.225432,0.378155,0.423821,0.401043,0.380326,0.339239,0.442539,0.320784,0.364779,0.431419,0.387983,0.306078,0.488464,0.432822,0.286331,0.373755,0.412085,0.376451,0.468242,0.351005,0.335714,0.411820,0.339295,0.477146,0.465441,0.421611,0.324683,0.465569,0.490238,0.233282,0.294522,0.424668,0.348186,0.279359,0.405233,0.406677,0.375250,0.334923,0.419080,0.399943,0.504606,0.406827,0.394189,0.412170,0.356342,0.460064,0.354064,0.432120,0.468697,0.377292,0.341408,0.432160,0.298075,0.320644,0.347232,0.325722,0.371187,0.469390,0.373105,0.360847,0.411494,0.431436,0.404150,0.252897,0.340254,0.489319,0.419493,0.466736,0.267843,0.419411,0.380983,0.397696,0.437646,0.436354,0.371206,0.338321,0.311952,0.392909,0.391609,0.415386,0.361049,0.391074,0.475285,0.420906,0.374831,0.381077,0.321975,0.315188,0.342361,0.316771,0.194257,0.331885,0.413071,0.472805,0.329672,0.331808,0.431677,#
12,0.366567,0.390792,0.357161,0.211505,0.355160,0.286595,0.300911,0.316901,0.324361,0.405371,0.298564,0.385452,1.000000,0.318370,0.284855,0.336925,0.366962,0.324114,0.489896,0.347415,0.407573,0.282289,0.342972,0.370350,0.384358,0.333499,0.292600,0.487216,0.333849,0.355890,0.402580,0.428333,0.354292,0.324366,0.342604,0.285137,0.345507,0.348139,0.139376,0.346854,0.387195,0.327042,0.467727,0.343074,0.337931,0.374276,0.273511,0.355619,0.446958,0.317741,0.385796,0.240472,0.311037,0.344503,0.354614,0.275144,0.328730,0.417072,0.335124,0.363846,0.388065,0.335280,0.391869,0.350405,0.329012,0.307460,0.343849,0.304871,0.301744,0.241712,0.284401,0.370442,0.236661,0.358273,0.404808,0.297759,0.361309,0.337324,0.308402,0.307934,0.391297,0.338021,0.360369,0.360226,0.405614,0.454667,0.318154,0.318874,0.404748,0.349209,0.402563,0.319685,0.283422,0.424706,0.305954,0.303298,0.380499,0.367765,0.271950,0.237750,0.373766,0.357187,0.261794,0.383786,0.386357,0.305486,0.405793,0.316544,0.326351,0.474473,0.349012,0.233946,0.384980,0.375581,0.288900,0.350835,0.376746,0.414120,0.258412,0.356330,0.228544,0.473835,0.326539,0.381486,0.272364,0.441543,0.353281,0.352324,0.374558,0.196605,0.375817,0.414057,0.257828,0.213228,0.345587,0.374528,0.324120,0.375455,0.355008,0.302568,0.386759,0.391163,0.289468,0.307131,0.365140,0.340893,0.382897,0.251290,0.366074,0.310592,0.408500,0.495244,0.311793,0.312119,0.370062,0.256592,0.363006,0.291702,0.303846,0.221756,0.406975,0.328356,0.282476,0.422995,0.356346,0.365325,0.300502,0.159026,0.392556,0.458068,0.329849,0.267169,0.309285,0.331785,0.398637,0.306526,0.266108,0.275126,0.228961,0.327340,0.371255,0.334291,0.345498,0.307255,0.319135,0.396563,0.388482,0.379526,0.281895,0.193925,0.421688,0.387168,0.285264,0.370001,0.330411,0.327995,0.388416,0.214256,0.381977,0.294662,#
13,0.299349,0.462110,0.374296,0.272224,0.339906,0.244180,0.398991,0.364984,0.325746,0.367764,0.406164,0.357398,0.318370,1.000000,0.348775,0.331086,0.372375,0.306040,0.377121,0.312087,0.348411,0.364808,0.387311,0.281271,0.483273,0.363304,0.384610,0.370896,0.310637,0.212045,0.348928,0.268318,0.365192,0.360245,0.256828,0.369544,0.238560,0.363149,0.183325,0.339620,0.244862,0.331084,0.495870,0.274980,0.360329,0.272409,0.383136,0.397052,0.418488,0.270351,0.448324,0.360381,0.303796,0.370181,0.381130,0.434984,0.294046,0.301519,0.341770,0.327005,0.365217,0.323344,0.511538,0.381046,0.270727,0.222450,0.410074,0.365393,0.409416,0.393496,0.294542,0.383104,0.289857,0.483209,0.428467,0.255115,0.338607,0.366963,0.397486,0.322351,0.326876,0.444629,0.463779,0.399928,0.425063,0.343815,0.422873,0.371853,0.420200,0.436457,0.349426,0.375590,0.449230,0.390241,0.354244,0.419854,0.281258,0.304734,0.352142,0.306479,0.465143,0.325599,0.305859,0.319935,0.331057,0.321310,0.336902,0.415909,0.269194,0.341340,0.311187,0.350430,0.493387,0.377375,0.352419,0.286982,0.423093,0.293940,0.350150,0.413855,0.400950,0.380641,0.223505,0.376190,0.329284,0.370765,0.308677,0.417125,0.482131,0.238076,0.351298,0.317162,0.372317,0.325624,0.464370,0.319923,0.335045,0.304805,0.434076,0.362960,0.342562,0.305354,0.342547,0.412525,0.370370,0.437306,0.359635,0.315007,0.242544,0.322448,0.410942,0.222700,0.364334,0.315509,0.377465,0.311393,0.367704,0.327403,0.313559,0.262528,0.373133,0.378317,0.253329,0.433480,0.420804,0.413189,0.177738,0.247267,0.430999,0.462776,0.418291,0.383298,0.342622,0.348334,0.425323,0.376503,0.400051,0.335155,0.406355,0.299235,0.411901,0.251396,0.315785,0.316940,0.341989,0.332758,0.418040,0.431954,0.381810,0.384818,0.337648,0.325296,0.298194,0.311904,0.306194,0.381604,0.361142,0.298495,0.338597,0.376699,#
14,0.410520,0.384850,0.399675,0.166753,0.309955,0.323714,0.259182,0.229462,0.339140,0.389284,0.338541,0.208495,0.284855,0.348775,1.000000,0.363528,0.304199,0.286133,0.397242,0.314639,0.271367,0.330201,0.304948,0.308596,0.342552,0.277852,0.364720,0.269241,0.299259,0.264713,0.248516,0.224203,0.225052,0.282463,0.303997,0.357729,0.315496,0.368364,0.310745,0.361305,0.354888,0.337573,0.403677,0.330948,0.290230,0.277705,0.371331,0.338925,0.319343,0.182251,0.377635,0.298214,0.284725,0.302955,0.398042,0.321055,0.235364,0.348717,0.304210,0.310342,0.330827,0.358219,0.299482,0.345825,0.335148,0.220993,0.283839,0.300653,0.339793,0.259748,0.201359,0.300247,0.181703,0.414192,0.183284,0.280329,0.270267,0.404014,0.340049,0.253108,0.337897,0.188901,0.407028,0.394444,0.237045,0.361090,0.197902,0.214386,0.361800,0.317132,0.305305,0.320720,0.364049,0.283437,0.256495,0.305004,0.329533,0.248624,0.413595,0.230038,0.303345,0.290604,0.310919,0.242813,0.258007,0.255116,0.369838,0.389106,0.285566,0.358589,0.257114,0.330573,0.396517,0.150492,0.307273,0.357817,0.251216,0.319816,0.297597,0.288472,0.407017,0.303776,0.271001,0.313948,0.242986,0.280438,0.303809,0.288073,0.234940,0.239618,0.176221,0.315308,0.321917,0.168306,0.260012,0.272385,0.345405,0.243685,0.318364,0.220081,0.351511,0.348397,0.414056,0.306694,0.245610,0.281992,0.341399,0.170329,0.294425,0.256830,0.224772,0.248779,0.218298,0.348273,0.202973,0.204800,0.255244,0.322085,0.272893,0.218287,0.307268,0.312002,0.313120,0.227363,0.276328,0.219058,0.281213,0.281620,0.259773,0.324688,0.351692,0.313655,0.355738,0.357855,0.397481,0.234019,0.357594,0.344288,0.340314,0.380410,0.374405,0.365675,0.242284,0.371021,0.289963,0.344175,0.382682,0.380814,0.286873,0.122759,0.354062,0.325215,0.271158,0.368007,0.316225,0.210063,0.225791,0.254195,0.374131,0.414475,#
15,0.329662,0.297899,0.329733,0.090278,0.291645,0.384888,0.285482,0.246933,0.345537,0.364624,0.349942,0.404983,0.336925,0.331086,0.363528,1.000000,0.378145,0.429854,0.405795,0.281871,0.219233,0.412421,0.286133,0.336147,0.406490,0.245207,0.325544,0.273396,0.239082,0.224762,0.344485,0.356079,0.265919,0.326005,0.339910,0.297399,0.341425,0.378604,0.303321,0.381924,0.485122,0.306522,0.370848,0.311036,0.368755,0.285448,0.282791,0.434526,0.316959,0.282432,0.379091,0.309089,0.379693,0.359846,0.347744,0.302547,0.315501,0.366281,0.267459,0.358928,0.248946,0.280104,0.245630,0.335371,0.234418,0.221490,0.434524,0.364798,0.388233,0.280126,0.189408,0.312491,0.255662,0.256128,0.397681,0.406413,0.335625,0.378831,0.385309,0.222961,0.461102,0.301948,0.293419,0.322505,0.280927,0.400941,0.350641,0.167922,0.369661,0.291465,0.247880,0.217347,0.296371,0.378484,0.304603,0.313235,0.325351,0.249418,0.428302,0.284015,0.402867,0.320032,0.360349,0.303812,0.345557,0.232145,0.325108,0.264464,0.316540,0.454473,0.265278,0.365238,0.331040,0.249984,0.257091,0.413887,0.366307,0.352799,0.300423,0.359269,0.348917,0.276841,0.218516,0.302890,0.222418,0.237040,0.344672,0.323142,0.319820,0.170141,0.233149,0.362760,0.255555,0.269901,0.401442,0.344992,0.362001,0.250553,0.328301,0.178126,0.372758,0.325153,0.484294,0.330395,0.296247,0.335925,0.427531,0.207303,0.288490,0.351932,0.343304,0.359031,0.316564,0.481945,0.177938,0.399252,0.254144,0.313566,0.257360,0.291846,0.295599,0.339577,0.232199,0.335310,0.256922,0.368656,0.210998,0.263722,0.366945,0.407925,0.362805,0.258299,0.405954,0.309984,0.365428,0.195543,0.385785,0.274513,0.244350,0.279648,0.192983,0.381421,0.271581,0.204766,0.343342,0.456830,0.246052,0.285564,0.288214,0.193667,0.230923,0.407276,0.186821,0.347078,0.261450,0.344544,0.296954,0.269600,0.260187,0.385822,#
16,0.417096,0.384057,0.417360,0.288166,0.319830,0.397780,0.362816,0.324043,0.367567,0.324427,0.447138,0.443518,0.366962,0.372375,0.304199,0.378145,1.000000,0.389329,0.377217,0.273669,0.512004,0.398499,0.479455,0.324235,0.389361,0.336076,0.350644,0.270900,0.263023,0.267231,0.335031,0.438870,0.269523,0.385616,0.300866,0.311375,0.355997,0.317815,0.262582,0.396075,0.226695,0.340753,0.381741,0.348469,0.318373,0.333652,0.395537,0.401671,0.377425,0.311980,0.262510,0.338440,0.448659,0.391983,0.313092,0.346061,0.233466,0.346985,0.306621,0.254325,0.284775,0.405927,0.358299,0.441684,0.391846,0.246731,0.381195,0.462743,0.343461,0.391071,0.300290,0.322708,0.322480,0.375671,0.385165,0.443851,0.320082,0.331545,0.482652,0.280823,0.281203,0.343358,0.333761,0.335834,0.343911,0.500704,0.451525,0.332320,0.395529,0.316029,0.315754,0.330121,0.344592,0.334173,0.348239,0.430531,0.325941,0.268571,0.491132,0.291992,0.414858,0.269355,0.258107,0.309712,0.332550,0.333660,0.344457,0.370714,0.337215,0.418406,0.330697,0.400702,0.455346,0.307505,0.392033,0.443856,0.480492,0.326587,0.261236,0.335768,0.301576,0.298699,0.355243,0.310614,0.398214,0.317913,0.382176,0.276497,0.387342,0.368834,0.295534,0.388928,0.369250,0.286061,0.435147,0.345655,0.247200,0.361609,0.342508,0.383960,0.275221,0.350593,0.291720,0.373835,0.364701,0.324975,0.235355,0.277117,0.294361,0.248596,0.366122,0.363036,0.365693,0.320147,0.289887,0.393598,0.308772,0.324142,0.393833,0.265970,0.378879,0.353368,0.387683,0.383364,0.244436,0.334159,0.281613,0.295639,0.393757,0.353024,0.392445,0.192547,0.377013,0.301220,0.410172,0.351959,0.406573,0.352710,0.296513,0.345492,0.351743,0.359655,0.327759,0.227007,0.299956,0.325315,0.449777,0.407542,0.299117,0.264622,0.349302,0.289101,0.291540,0.320828,0.375557,0.386465,0.361510,0.344364,0.285047,0.436647,#
17,0.471659,0.310115,0.359450,0.320880,0.385856,0.397426,0.396314,0.339953,0.286677,0.300837,0.362280,0.430947,0.324114,0.306040,0.286133,0.429854,0.389329,1.000000,0.407777,0.405564,0.290934,0.449000,0.382108,0.477330,0.418888,0.363206,0.302071,0.343985,0.373472,0.354709,0.423536,0.489761,0.480902,0.410218,0.283874,0.320884,0.320640,0.562733,0.272383,0.359010,0.356288,0.314507,0.416848,0.454453,0.297660,0.322962,0.405454,0.407825,0.467215,0.422842,0.427468,0.321356,0.344733,0.408540,0.409315,0.385037,0.305010,0.488005,0.333566,0.350350,0.370254,0.412161,0.334421,0.376201,0.295241,0.348378,0.423574,0.507525,0.415059,0.402694,0.492833,0.414108,0.405259,0.434968,0.429762,0.428393,0.326986,0.457768,0.403851,0.302506,0.464354,0.454344,0.474463,0.417784,0.350623,0.407277,0.411298,0.334452,0.500093,0.429410,0.399227,0.327179,0.358064,0.340825,0.266899,0.369810,0.337708,0.426522,0.379000,0.359721,0.466066,0.339319,0.274747,0.332310,0.417844,0.354512,0.328226,0.509467,0.317474,0.403705,0.329242,0.264093,0.391646,0.328356,0.257745,0.400878,0.412727,0.351447,0.365888,0.403480,0.327732,0.347393,0.289573,0.336092,0.405215,0.368307,0.373928,0.388584,0.331314,0.261600,0.324907,0.442100,0.382072,0.409425,0.398251,0.370436,0.409868,0.258653,0.393101,0.377918,0.421333,0.381885,0.430109,0.377169,0.430791,0.361819,0.331540,0.290243,0.378474,0.249537,0.475896,0.310435,0.361450,0.459812,0.315659,0.312760,0.338713,0.395091,0.455923,0.416960,0.473522,0.436204,0.312668,0.358266,0.413596,0.403998,0.259254,0.344720,0.341059,0.429892,0.484252,0.306491,0.378614,0.388439,0.399542,0.234063,0.404639,0.364017,0.262976,0.372684,0.398169,0.532534,0.312530,0.194224,0.372943,0.434965,0.467233,0.451814,0.451841,0.309090,0.350214,0.436302,0.185752,0.310636,0.463046,0.424414,0.473909,0.252282,0.356343,0.453035,#
18,0.393077,0.513695,0.416159,0.226686,0.422754,0.385759,0.398902,0.366167,0.261958,0.391787,0.453296,0.387419,0.489896,0.377121,0.397242,0.405795,0.377217,0.407777,1.000000,0.426767,0.348469,0.392333,0.257609,0.409906,0.401804,0.424813,0.448214,0.393422,0.425978,0.293129,0.458350,0.432200,0.449544,0.345079,0.350549,0.445818,0.381748,0.402650,0.257923,0.346623,0.394414,0.333876,0.504056,0.340484,0.330253,0.326615,0.346574,0.454573,0.397422,0.326124,0.423456,0.330843,0.422984,0.500061,0.365393,0.271556,0.332832,0.450222,0.330769,0.326653,0.401331,0.361982,0.410490,0.473621,0.306643,0.374789,0.424601,0.417314,0.330385,0.248306,0.321640,0.376543,0.294499,0.412505,0.422292,0.306898,0.363341,0.463329,0.461466,0.421175,0.520786,0.400927,0.422674,0.440035,0.355598,0.383190,0.392193,0.322600,0.475425,0.364490,0.385078,0.340929,0.431078,0.395399,0.337879,0.358980,0.413249,0.321408,0.370337,0.377606,0.394635,0.410216,0.392510,0.446044,0.418156,0.295886,0.394927,0.407040,0.332895,0.478522,0.358083,0.415716,0.325188,0.410647,0.369635,0.323015,0.318283,0.370421,0.412785,0.350000,0.277973,0.437920,0.307521,0.418200,0.401352,0.404376,0.357228,0.378269,0.385178,0.318377,0.427849,0.356591,0.321558,0.257618,0.481269,0.353516,0.333273,0.398918,0.378612,0.343915,0.455908,0.306213,0.329006,0.343422,0.417443,0.354500,0.299959,0.217349,0.342136,0.319612,0.424192,0.381444,0.451928,0.355263,0.305211,0.415263,0.467984,0.452465,0.383615,0.311188,0.445258,0.438440,0.374425,0.364565,0.352114,0.385385,0.421621,0.384319,0.432361,0.459641,0.338265,0.308058,0.324576,0.277803,0.462280,0.259703,0.320817,0.419689,0.431370,0.385844,0.344421,0.418914,0.383745,0.297798,0.528338,0.443531,0.464656,0.541960,0.354228,0.322432,0.426124,0.375838,0.284125,0.388423,0.404943,0.370276,0.434457,0.361452,0.402103,0.487537,#
19,0.302597,0.316175,0.348839,0.250274,0.385210,0.298951,0.432288,0.366321,0.358588,0.363750,0.424609,0.275623,0.347415,0.312087,0.314639,0.281871,0.273669,0.405564,0.426767,1.000000,0.282080,0.343503,0.317364,0.364096,0.340243,0.381539,0.321757,0.325253,0.258579,0.415566,0.293216,0.377577,0.307202,0.317190,0.335098,0.309811,0.182791,0.368776,0.348176,0.361694,0.299473,0.257432,0.357935,0.336079,0.302879,0.374148,0.348504,0.425880,0.371921,0.361800,0.323067,0.287975,0.257351,0.444838,0.331806,0.355521,0.301392,0.391678,0.237763,0.392892,0.348666,0.270722,0.351942,0.281869,0.290389,0.257136,0.269775,0.354857,0.320714,0.312115,0.348307,0.263769,0.393408,0.314273,0.331947,0.270770,0.362584,0.404729,0.347542,0.337234,0.398200,0.309311,0.410566,0.240263,0.359213,0.411603,0.341777,0.275492,0.396477,0.334577,0.335743,0.407277,0.332302,0.327366,0.293232,0.395719,0.364526,0.390837,0.330317,0.225605,0.348578,0.232623,0.302811,0.264696,0.392531,0.303761,0.488029,0.496459,0.303533,0.402645,0.338378,0.294677,0.365726,0.347679,0.293729,0.321987,0.405977,0.437609,0.345387,0.320209,0.340277,0.456223,0.261616,0.344021,0.455135,0.385194,0.327800,0.412360,0.218708,0.230003,0.336083,0.293378,0.392716,0.294345,0.437593,0.300357,0.363267,0.298024,0.335748,0.362528,0.383008,0.258632,0.333128,0.270057,0.412078,0.371884,0.285295,0.400270,0.410816,0.194751,0.275775,0.366559,0.340540,0.454455,0.271669,0.295295,0.371417,0.388126,0.315098,0.210832,0.375886,0.368393,0.412852,0.252082,0.242781,0.295984,0.308392,0.271986,0.316575,0.379561,0.504049,0.318859,0.268845,0.276603,0.409875,0.249941,0.269381,0.388167,0.199332,0.342479,0.330109,0.362878,0.243175,0.348338,0.375026,0.358819,0.396151,0.374236,0.316278,0.228053,0.397237,0.313040,0.349805,0.427171,0.340158,0.325444,0.452323,0.410523,0.439238,0.417885,#
20,0.413066,0.383291,0.373948,0.313779,0.319783,0.361255,0.340055,0.325158,0.287689,0.392197,0.360791,0.393046,0.407573,0.348411,0.271367,0.219233,0.512004,0.290934,0.348469,0.282080,1.000000,0.417708,0.398728,0.303316,0.413022,0.325396,0.419816,0.431613,0.299612,0.274057,0.322286,0.345816,0.281720,0.298712,0.404588,0.344653,0.301086,0.360090,0.201158,0.370006,0.229136,0.442032,0.479214,0.343908,0.294680,0.387990,0.256181,0.476851,0.443849,0.313673,0.341671,0.380787,0.433893,0.372928,0.362335,0.274855,0.358598,0.378390,0.233332,0.377055,0.398736,0.210607,0.422895,0.374804,0.458145,0.155535,0.383374,0.351159,0.297529,0.375309,0.338859,0.292481,0.412179,0.450380,0.427047,0.415330,0.409820,0.347810,0.273743,0.428956,0.251124,0.306217,0.408039,0.320739,0.316568,0.439276,0.377531,0.376737,0.395942,0.346084,0.414374,0.417006,0.422639,0.385179,0.290345,0.390956,0.285910,0.344111,0.374712,0.261833,0.291921,0.337480,0.250271,0.270178,0.327816,0.298902,0.384058,0.380841,0.295032,0.475303,0.391926,0.185703,0.458325,0.328391,0.302915,0.350036,0.443562,0.244105,0.287614,0.307091,0.276814,0.365656,0.332108,0.390797,0.379446,0.415041,0.457510,0.490329,0.311713,0.312935,0.310371,0.330002,0.333139,0.263507,0.387771,0.294650,0.315420,0.367826,0.376983,0.413886,0.320076,0.331972,0.238333,0.330508,0.350336,0.287791,0.303118,0.287849,0.294196,0.305451,0.307965,0.451328,0.344707,0.314774,0.362855,0.328731,0.256584,0.285380,0.271223,0.311718,0.398918,0.448884,0.350717,0.261310,0.377723,0.321856,0.201204,0.332324,0.406640,0.372049,0.440037,0.243860,0.295167,0.367917,0.383831,0.401035,0.276635,0.314245,0.411050,0.388478,0.396328,0.334954,0.341256,0.322151,0.393185,0.355242,0.341112,0.391647,0.389745,0.275291,0.433688,0.283099,0.361014,0.393007,0.354603,0.412881,0.354828,0.290566,0.321795,0.298389,#
21,0.450459,0.459450,0.438941,0.317445,0.438343,0.400053,0.400444,0.373903,0.326450,0.352488,0.353128,0.424019,0.282289,0.364808,0.330201,0.412421,0.398499,0.449000,0.392333,0.343503,0.417708,1.000000,0.323143,0.445299,0.483175,0.358375,0.339845,0.423131,0.348933,0.356111,0.379330,0.373308,0.317798,0.471494,0.408260,0.347914,0.383840,0.475209,0.313339,0.333348,0.377272,0.467154,0.375227,0.375710,0.391128,0.299828,0.429257,0.464089,0.390006,0.374400,0.380220,0.316851,0.464534,0.449725,0.385000,0.326702,0.363380,0.418406,0.372481,0.413919,0.357536,0.340329,0.396906,0.374801,0.420745,0.301885,0.411486,0.396348,0.440010,0.439475,0.471134,0.318017,0.365553,0.367899,0.394656,0.385597,0.371545,0.363995,0.382030,0.337709,0.446574,0.400529,0.355944,0.343803,0.366542,0.443384,0.351858,0.343458,0.432478,0.459371,0.311574,0.355673,0.406224,0.330302,0.373185,0.419471,0.328754,0.383484,0.487546,0.393105,0.452632,0.316651,0.276437,0.407434,0.373285,0.401332,0.312800,0.406508,0.350824,0.436835,0.330487,0.326504,0.496111,0.371465,0.265493,0.398939,0.484490,0.265940,0.448877,0.460374,0.333863,0.380529,0.208485,0.428475,0.343350,0.427928,0.430154,0.414850,0.355116,0.268278,0.407478,0.296141,0.350412,0.383763,0.399845,0.364938,0.403777,0.315133,0.380292,0.356566,0.307897,0.432936,0.413037,0.377039,0.424672,0.364947,0.349955,0.398682,0.364265,0.371125,0.370302,0.417916,0.384477,0.467753,0.346233,0.338222,0.351999,0.430039,0.390376,0.333627,0.482385,0.338520,0.335711,0.417434,0.381050,0.330971,0.222251,0.398895,0.351200,0.413685,0.449685,0.281041,0.429927,0.351899,0.382738,0.309136,0.424396,0.332284,0.437698,0.367467,0.332061,0.421629,0.269060,0.320516,0.389597,0.408881,0.398278,0.473612,0.421994,0.310768,0.425405,0.443675,0.393356,0.333807,0.451825,0.430153,0.375560,0.372244,0.311070,0.443306,#
