0,1.000000,0.091453,0.177232,0.133865,0.236966,0.155170,0.137313,0.024169,0.200044,0.114394,0.237959,0.083506,0.083320,0.041202,0.269582,0.248092,0.225360,0.275155,0.225377,0.326834,0.138031,0.109862,0.197376,0.381518,0.139976,0.115079,0.179483,-0.000102,0.148193,0.285039,0.057275,0.219054,0.131221,0.192658,0.173607,0.127159,0.088120,0.103508,0.258129,0.219328,0.189863,0.083917,0.218930,0.087328,0.060462,0.102049,0.115899,0.249135,0.227274,0.259476,0.138020,0.116144,0.074280,0.214023,0.227645,0.222019,0.244466,0.231316,0.077775,0.096484,0.252744,0.143380,0.184352,0.074172,0.146202,0.122966,0.169522,0.177228,0.154143,0.162889,0.136221,0.075701,0.262758,0.241894,0.083485,-0.040286,0.250217,0.233980,0.094315,0.076702,0.180630,0.090033,0.119915,0.185843,0.337456,0.108893,0.215806,0.191026,0.277856,0.152458,0.074977,0.054934,0.181447,0.128974,0.217333,0.174473,0.245097,0.055820,0.193377,0.303070,0.253274,0.185708,0.089738,0.250033,0.169121,0.196780,0.265916,0.170862,0.173758,-0.075580,0.010191,0.164595,0.089116,0.192646,0.111566,0.150358,0.137353,0.139429,0.133550,0.106521,0.267270,0.188033,0.201289,0.185272,0.187981,0.260346,0.162506,0.039348,0.105748,0.240173,0.210730,0.099943,0.200620,0.034646,0.157382,0.154311,0.281493,0.085363,0.013576,0.230365,0.300433,0.133398,0.080124,0.174063,0.154268,0.064997,0.118882,0.131605,0.223359,0.067917,0.016473,0.105514,0.227607,0.080168,0.166179,0.161347,0.130537,0.141248,0.195889,0.205676,0.206028,0.280038,0.154135,0.031663,0.136980,0.192169,0.140087,0.231590,0.187313,0.094929,0.187300,0.027457,0.194794,0.139314,0.032414,0.275267,0.344959,0.213474,0.152492,0.092656,0.155495,0.253368,0.137668,0.106942,0.159076,0.078257,0.172543,0.285252,0.236903,0.020297,0.051396,0.180534,0.087250,0.141349,0.250574,0.143437,0.086366,0.166665,0.312432,0.229204,#
1,0.091453,1.000000,0.161312,0.182942,0.159816,0.189026,0.234952,0.181465,0.311875,0.112997,0.315806,0.295051,0.142104,0.079667,0.055619,0.042102,0.144617,0.182165,0.074137,0.202017,0.035979,0.177434,0.101106,0.155812,0.207794,0.188869,0.131064,0.210874,-0.063038,0.192492,0.247014,0.155062,0.061073,0.226621,0.032890,0.115755,0.153486,0.054068,0.293935,0.170139,0.128855,0.056466,0.276522,0.174171,0.132617,0.178640,0.371270,0.186290,0.149343,0.092986,0.196905,0.190071,0.239553,0.180179,0.071330,0.203032,0.168917,0.076184,0.110219,0.116566,0.121564,0.132210,0.210066,0.022651,0.127527,0.276049,0.142625,0.262823,0.208527,0.255682,0.160536,0.183673,0.326086,0.087971,0.228531,0.132314,0.124930,0.188811,0.317157,0.070768,0.203745,0.250848,0.108017,0.190648,0.291451,-0.010569,0.226306,0.199853,0.146278,0.141149,0.151639,0.209409,0.081607,0.186332,0.171671,0.211793,0.089876,0.067646,0.117221,0.140039,0.241843,0.066936,0.085415,0.140926,0.076380,0.200682,0.251345,0.279415,0.160420,0.100654,0.157469,0.207630,0.096680,0.147243,0.215674,0.322755,0.130136,0.137739,0.110164,0.086229,0.068471,0.207632,0.252071,0.217474,0.199863,0.143485,0.123853,0.159951,0.201455,0.214979,0.108980,0.209813,0.186725,0.160844,0.283477,0.304030,0.262086,0.303475,0.167220,0.245416,0.205426,0.103311,0.189333,0.202764,0.278395,0.116323,0.059282,0.123983,0.214377,0.070635,0.158063,0.142991,0.061293,-0.018508,0.337379,0.160819,0.076410,0.138458,0.005877,0.043249,0.028336,0.281887,0.208602,0.233807,0.207408,0.106320,0.124292,0.078484,0.168041,0.269179,0.147857,0.197734,0.138484,0.115652,0.141387,0.225591,0.105620,0.238233,0.170492,0.096534,0.141375,0.076653,0.245401,0.119655,0.206620,0.187645,0.078941,0.005336,0.249652,0.236551,0.255391,0.191378,0.021871,0.135326,0.128567,0.133500,0.039467,0.277020,0.104227,0.273829,#
2,0.177232,0.161312,1.000000,0.248318,0.281257,0.131099,0.225672,0.237686,0.172513,0.176524,0.285834,0.305202,0.119422,0.321173,0.081080,0.232482,0.111151,0.106438,0.186337,0.222649,0.278181,0.285946,0.077060,0.163727,0.177908,0.290349,0.275065,0.102333,0.053696,0.308956,0.066232,0.094192,0.144913,0.159624,0.136980,0.195573,0.150396,0.071121,0.176886,0.083012,0.221544,0.134004,0.287590,0.121018,0.110123,0.230967,0.199800,0.163326,0.033621,0.160528,0.208266,0.267076,0.217356,0.156026,0.084048,0.195601,0.172048,0.076748,0.226902,0.210083,0.271551,0.147111,0.150049,0.171792,0.262588,0.252158,0.106330,0.091352,0.212347,0.249439,0.159726,0.158197,0.143753,0.206686,0.288073,0.147101,0.184978,0.188149,0.193442,0.142511,0.302726,0.089817,0.127628,0.029410,0.253759,0.088674,0.263172,0.240903,0.078202,0.069451,0.092040,0.226256,0.264319,0.198056,0.153465,0.229046,0.194172,0.107452,0.217666,0.157274,0.296816,0.135067,0.089243,0.245129,0.105574,0.208964,0.265717,0.228944,0.181022,0.191874,0.155808,0.198517,0.226900,0.179720,0.135680,0.268564,0.148159,0.166715,-0.078753,0.090230,0.136501,0.153281,0.110522,0.157510,0.198789,0.080494,0.267833,0.147394,0.188822,0.207477,0.123192,0.197477,0.181056,0.150471,0.302988,0.185164,0.238016,0.206715,0.098540,0.074323,0.130860,0.169246,0.198718,0.158209,0.279647,0.172451,0.013348,0.118389,0.264121,0.102688,0.123983,0.285845,0.263009,0.188197,0.140975,0.110611,0.088204,0.053072,0.202976,0.197936,0.086088,0.319784,0.230409,0.294783,0.140697,0.231107,0.126690,0.121125,0.050833,0.140378,0.078937,0.290794,0.180736,0.087599,0.167563,0.137734,0.227195,0.193207,0.033216,0.123322,0.229714,0.196932,0.070215,0.296134,0.066819,0.187849,0.147001,0.054086,0.182757,0.082072,0.096394,0.198803,0.290073,0.122854,0.190446,0.077317,-0.030548,0.164221,0.287930,0.245968,#
3,0.133865,0.182942,0.248318,1.000000,0.277750,0.184457,0.261395,0.167639,0.337150,0.171472,0.244710,0.292646,0.174246,0.220434,0.159414,0.147038,0.198167,0.259613,0.269114,0.228546,0.264256,0.236175,0.203811,0.366852,0.201500,0.264371,0.214789,0.151769,0.179975,0.331583,0.213305,0.233204,0.372936,0.290049,0.027095,0.207270,0.299867,0.256797,0.366733,0.182872,0.242937,0.314893,0.249891,0.339962,0.109816,0.210589,0.163240,0.241988,0.058581,0.210223,0.202498,0.204746,0.254562,0.136276,0.118190,0.325931,0.228743,0.202608,0.211760,0.207160,0.257077,0.076187,0.195614,0.099971,0.362702,0.221312,0.204739,0.109539,0.076741,0.337772,0.164626,0.164007,0.306266,0.148811,0.253316,0.236497,0.211183,0.179093,0.234685,0.096498,0.312496,0.258286,0.237275,0.101301,0.333564,0.111478,0.200704,0.207610,0.211774,0.240511,0.278440,0.232992,0.241868,0.266500,0.204860,0.249977,0.237985,0.096751,0.245968,0.203639,0.326378,0.088834,0.178234,0.218363,0.318100,0.161901,0.327582,0.247236,0.161304,0.156646,0.198377,0.147293,0.218838,0.219564,0.134916,0.186657,0.176422,0.203248,0.085343,0.114422,0.224227,0.236180,0.235393,0.288033,0.172270,0.147672,0.279265,0.273674,0.179217,0.272861,0.279524,0.284696,0.277802,0.246367,0.269941,0.305405,0.138968,0.194472,0.228568,0.207439,0.160976,0.317225,0.263656,0.167679,0.152233,0.196041,0.224498,0.341423,0.189081,0.206066,0.060105,0.120107,0.115381,0.215221,0.341270,0.102150,0.064405,0.139845,0.301678,0.268877,0.208743,0.270908,0.278329,0.287419,0.189036,0.191866,0.199275,0.201694,0.114085,0.195916,0.220948,0.130050,0.163777,0.080901,0.140237,0.298660,0.227204,0.292325,0.071926,0.182305,0.157111,0.302354,0.288352,0.159713,0.059429,0.141371,0.138340,0.151838,0.174571,0.177756,0.181997,0.247044,0.312323,0.134105,0.204233,0.209157,0.238193,0.254645,0.236632,0.175107,#
4,0.236966,0.159816,0.281257,0.277750,1.000000,0.282979,0.130329,0.207451,0.307624,0.220462,0.091921,0.214997,0.216794,0.216371,0.156605,0.192574,0.189671,0.233455,0.228703,0.370992,0.371154,0.206678,0.223305,0.349477,0.143234,0.324301,0.145117,0.046978,0.221849,0.154572,0.117589,0.217610,0.240507,0.214764,0.107059,0.244640,0.352020,0.138815,0.283635,0.155892,0.238702,0.307164,0.260893,0.189295,0.311114,0.216377,0.363884,0.224865,0.129674,0.184093,0.152508,0.185327,0.197267,0.278058,0.296087,0.295575,0.206144,0.195565,0.270657,0.217763,0.280662,0.261398,0.137299,0.002727,0.214338,0.178536,0.204092,0.201410,0.141279,0.248235,0.227753,0.210265,0.305090,0.213586,0.238970,0.045143,0.138446,0.291958,0.254229,0.165331,0.284073,0.267252,0.115126,0.068757,0.416545,0.130060,0.215347,0.229864,0.245002,0.195952,0.273036,0.086775,0.200835,0.176616,0.222640,0.263074,0.207554,0.161428,0.166381,0.192475,0.247310,0.087157,0.208278,0.254207,0.154233,0.239598,0.157106,0.256529,0.158164,0.235353,0.297937,0.258631,0.313651,0.395653,0.158841,0.118216,0.223659,0.119406,0.031351,0.074845,0.136037,0.207535,0.217199,0.138431,0.350398,0.012420,0.274411,0.145127,0.271111,0.240978,0.259820,0.131129,0.294297,0.259692,0.309156,0.282203,0.209392,0.062513,0.205556,0.172266,0.232237,0.153570,0.272799,0.147291,0.270920,0.256248,0.151297,0.215476,0.210560,0.215155,0.129086,0.182095,0.264667,0.327008,0.325369,0.114845,0.269610,0.148886,0.130889,0.241627,0.222013,0.220858,0.192340,0.163444,0.016607,0.259678,0.087378,0.164829,0.110164,0.199144,0.087534,0.188496,0.357242,0.201331,0.260488,0.290338,0.311490,0.312865,0.149097,0.146244,0.101715,0.098349,0.276864,0.187710,0.140514,0.235445,0.032445,0.244202,0.229991,0.256849,0.103422,0.191221,0.142228,0.129833,0.133644,0.256658,0.172495,0.251750,0.258706,0.371037,#
5,0.155170,0.189026,0.131099,0.184457,0.282979,1.000000,0.143423,0.230522,0.292084,0.245400,0.255891,0.139053,0.213550,0.180384,0.187073,0.208540,0.204409,0.249125,0.061759,0.257687,0.225390,0.068350,0.206226,0.274862,0.247811,0.198857,0.233801,0.204392,0.210088,0.220389,0.250478,0.276805,0.293498,0.257678,0.063315,0.203632,0.258263,0.103881,0.235862,0.183327,0.224554,0.184699,0.096391,0.290259,0.177614,0.200850,0.298899,0.106351,0.204394,0.167447,0.127999,0.224496,0.142721,0.147934,0.100701,0.316130,0.129938,0.068270,0.320743,0.156488,0.195807,0.194837,0.192531,0.045810,0.242817,0.254583,0.215547,0.206817,0.220287,0.072407,0.199636,0.164842,0.310550,0.248319,0.171258,0.185513,0.236752,0.274282,0.241866,0.187329,0.250678,0.248111,0.238914,0.054407,0.177673,0.119565,0.196855,0.214055,0.259126,0.054780,0.039801,0.227162,0.296260,0.317858,0.178632,0.223971,0.139319,0.189149,0.275886,0.154009,0.208107,0.200981,0.077826,0.232655,0.157801,0.242658,0.192249,0.279863,0.117297,0.135538,0.200787,0.223061,0.156977,0.177298,0.187195,0.145747,0.219113,0.166704,0.049117,0.073587,0.085519,0.221548,0.131818,0.306814,0.112344,0.095093,0.158425,0.053777,0.212473,0.245792,0.274322,0.262047,0.318639,0.178872,0.310356,0.365727,0.210670,0.184849,0.141673,0.034769,0.268637,0.188397,0.230373,0.270161,0.309974,0.146039,0.089244,0.154836,0.109013,0.154444,0.235086,0.048998,0.237366,0.235892,0.197829,0.209757,0.224831,0.120553,0.265417,0.134206,0.233219,0.225977,0.241264,0.162149,0.186565,0.167594,0.072347,0.258078,0.243398,0.207428,0.274584,0.221529,0.161024,0.117721,0.094396,0.259547,0.233116,0.245660,0.242931,0.104534,0.254432,0.106812,0.404551,0.206441,0.120823,0.239103,0.201358,0.142147,0.136277,0.087920,0.095762,0.220364,0.173844,0.177730,0.217639,0.108775,0.113862,0.346341,0.154524,0.280324,#
6,0.137313,0.234952,0.225672,0.261395,0.130329,0.143423,1.000000,0.154771,0.255002,0.074085,0.178075,0.178876,0.127877,0.210728,0.112004,0.172468,0.181091,0.198929,0.188919,0.133627,0.252859,0.131289,-0.029754,0.115084,0.091647,0.191520,0.124105,0.120151,0.150660,0.277471,0.123629,0.159218,0.123452,0.175578,0.050604,0.108286,0.030073,0.171686,0.158506,0.187457,0.133852,0.031652,0.143208,0.142388,0.185216,0.135683,0.197515,0.135733,0.140537,0.182763,0.089712,0.199857,0.218740,0.186423,0.011957,0.129152,0.132762,0.171462,0.227535,0.218818,0.234680,0.082432,0.146248,0.140607,0.265164,0.329448,0.242719,0.194794,0.158724,0.173940,0.120817,0.145757,0.215772,0.201352,0.248236,0.184884,0.186132,0.190667,0.236750,0.111811,0.190401,0.115909,0.261035,0.027669,0.216132,0.141736,0.164583,0.155811,0.104064,0.135125,0.136615,0.097584,0.114809,0.116244,0.148621,0.096087,0.252753,0.113543,0.151911,0.273717,0.205864,0.202075,0.236905,0.118924,-0.103936,0.168774,0.182143,0.099438,0.112078,0.097000,0.174125,0.215500,0.075085,-0.021590,0.169636,0.142069,0.345222,0.067180,0.154633,0.095122,0.232049,0.189130,0.064460,0.177106,0.187095,0.142379,0.027865,0.207275,0.067774,0.243951,0.155336,0.114986,0.248823,0.059889,0.258176,0.219900,0.132265,0.186347,0.190185,0.173705,0.174866,0.124368,0.058773,0.184428,0.077717,0.134562,0.122054,0.091779,0.172555,-0.071540,0.233891,0.056996,0.172468,0.000615,0.290841,0.033538,0.003562,0.249220,0.169282,0.069378,0.023125,0.282130,0.277398,0.229567,0.190663,0.196828,0.128585,0.156887,0.146459,0.135697,0.071345,0.107667,0.086626,0.072758,0.168384,0.208208,0.107938,0.247533,0.209672,0.013020,0.110748,0.087824,0.225814,0.267963,0.256180,0.177915,0.042159,0.136986,0.078871,0.247840,0.085997,0.157600,0.148884,0.207547,0.073439,0.062099,0.127841,0.208224,0.179745,0.222673,#
7,0.024169,0.181465,0.237686,0.167639,0.207451,0.230522,0.154771,1.000000,0.326369,0.194285,0.256722,0.307367,0.116680,0.211172,0.275136,0.128230,0.195018,0.267640,0.088943,0.208646,0.166795,0.221760,0.231212,0.204789,0.244122,0.168330,0.216538,0.228698,0.075291,0.236005,0.113734,0.159644,0.202215,0.180843,0.036443,0.150345,0.050964,0.025318,0.292459,0.183321,0.120345,0.141635,0.156146,0.281255,0.213349,0.232104,0.185351,0.221079,0.153550,0.179323,0.194655,0.153102,0.092018,0.250057,0.123319,0.182311,0.174093,0.229488,0.225828,0.133382,0.214887,0.142272,0.142732,0.075603,0.254023,0.244884,0.144891,0.092053,0.194901,0.349072,0.153956,0.062880,0.394381,0.158293,0.190358,0.192195,0.083102,0.231437,0.250962,0.280558,0.248697,0.162404,0.212696,0.108277,0.245873,0.098873,0.149729,0.139648,0.179147,0.188323,0.052069,0.113728,0.207301,0.217195,0.114059,0.030768,0.074695,0.210668,0.133480,0.171380,0.237692,0.124621,0.111400,0.149382,0.033661,0.277002,0.320811,0.133308,0.163353,0.162799,0.078840,0.090508,0.145929,0.161690,0.374081,0.223430,0.043987,0.043025,0.051938,0.275662,0.166957,0.232827,0.146343,0.266365,0.270145,0.102044,0.220215,0.257919,0.169032,0.134560,0.148054,0.115553,0.316432,0.130761,0.365068,0.305583,0.029844,0.329740,0.092895,0.143413,0.282324,0.132718,0.144181,0.098523,0.203177,0.158775,0.184910,0.182964,0.180281,0.175243,0.105421,0.230975,0.121688,0.159654,0.080142,0.208122,0.200223,0.164380,0.196038,0.230944,0.163649,0.178776,0.260354,0.159386,0.029076,0.283299,0.228739,0.080197,0.097227,0.132932,0.208760,0.190557,0.215671,0.138716,0.218662,0.145112,0.143257,0.189110,0.009286,0.187731,0.287781,0.131082,0.187599,0.198037,-0.036511,0.215310,-0.014989,-0.014679,0.165666,0.295427,0.186863,0.089279,0.162209,0.080650,0.156685,0.141281,0.095892,0.187481,0.229284,0.196696,#
8,0.200044,0.311875,0.172513,0.337150,0.307624,0.292084,0.255002,0.326369,1.000000,0.236750,0.240810,0.246770,0.190947,0.218017,0.297643,0.221340,0.130516,0.218570,0.165420,0.267079,0.200970,0.248719,0.248128,0.360473,0.149292,0.267508,0.177820,0.235228,0.073206,0.308193,0.123496,0.236753,0.176066,0.212298,0.077646,0.232202,0.280133,0.101182,0.255750,0.255258,0.199585,0.254057,0.129606,0.206686,0.287275,0.223541,0.154723,0.216875,0.169633,0.210276,0.194742,0.356639,0.091725,0.358739,0.159236,0.373648,0.187932,0.311053,0.168330,0.296250,0.293221,0.127233,0.319799,-0.027854,0.349443,0.371592,0.243735,0.182892,0.348561,0.292243,0.163338,0.161977,0.369365,0.174022,0.222075,0.162087,0.150161,0.213071,0.255048,0.200613,0.270755,0.305650,0.240406,0.056569,0.356724,0.166864,0.170668,0.216763,0.195936,0.285127,0.186450,0.243150,0.208002,0.194733,0.375008,0.299054,0.253162,0.157084,0.227158,0.155909,0.299266,0.129572,0.162212,0.215236,0.261178,0.238275,0.334146,0.248464,0.127503,0.176439,0.140112,0.222963,0.067379,0.240812,0.281694,0.336724,0.210303,0.162146,0.076740,0.254595,0.282455,0.246601,0.236438,0.221407,0.276592,0.287814,0.222639,0.355962,0.168699,0.270139,0.181571,0.122318,0.350788,0.175890,0.385472,0.320568,0.166695,0.217985,0.211642,0.137042,0.238803,0.230134,0.288414,0.178674,0.166340,0.196642,0.245855,0.299125,0.205265,0.165336,0.235436,0.097579,0.197698,0.266794,0.395398,0.300959,0.176551,0.282403,0.179232,0.268924,0.125758,0.229015,0.186285,0.207522,0.231830,0.240864,0.245565,0.129152,0.218134,0.209962,0.245343,0.209526,0.173598,0.166856,0.223459,0.294914,0.183972,0.332168,0.214929,0.176837,0.227740,0.185283,0.119256,0.269458,0.201211,0.259879,0.031498,0.042363,0.273238,0.277366,0.222747,0.184393,0.180894,0.120660,0.259803,0.119801,0.179705,0.142421,0.213152,0.204742,#
9,0.114394,0.112997,0.176524,0.171472,0.220462,0.245400,0.074085,0.194285,0.236750,1.000000,0.321229,0.063442,0.073229,0.194247,0.225954,0.215488,0.094065,0.071608,0.069603,0.320018,0.149390,0.126268,0.192130,0.229661,0.039056,0.099240,0.251397,0.140055,0.129813,0.183665,0.233768,0.186599,0.073357,0.220023,0.227088,0.138672,0.048447,0.144723,0.213932,0.030942,0.291302,0.137124,0.135035,-0.004681,0.153991,0.206738,0.173563,0.118563,0.054386,0.079284,0.037708,0.233747,0.088688,0.168613,0.111262,0.277466,0.177946,0.187333,0.227855,0.064086,0.212169,0.079560,0.259414,0.096153,0.229736,0.233177,0.100007,0.069059,0.168477,0.078525,0.262976,0.197279,0.207489,0.142465,0.158889,0.136298,0.011380,0.133411,0.285709,0.210724,0.123820,0.279213,0.002337,0.010387,0.285428,0.105197,0.160530,0.239752,-0.012329,-0.046188,-0.011200,0.217243,0.178469,0.066573,0.159730,0.122053,0.188131,0.232083,0.239643,0.026988,0.162827,0.196233,0.275146,0.121142,0.292113,0.154080,0.176110,0.052566,0.210054,0.089601,0.117620,0.192180,0.232510,0.294825,0.094288,0.221884,0.069799,0.135884,0.164410,-0.057405,0.165753,0.300182,0.121427,0.234486,0.144547,0.128484,-0.011666,0.203888,0.222796,0.238744,0.180298,0.069076,0.180778,0.208210,0.204862,0.199595,0.184179,0.197528,0.076547,-0.004487,0.062674,0.239519,0.207835,0.131226,0.055064,0.129051,0.137264,0.189634,0.095557,0.240000,0.075930,-0.042584,0.280110,0.256047,0.231843,0.239143,0.190820,0.166036,0.338209,0.099697,0.177503,0.100663,0.065328,0.304733,0.150664,0.093892,0.091070,0.136234,0.288142,0.089394,0.181853,0.198397,0.087233,0.132752,0.127945,0.239995,0.158344,0.142291,0.105930,0.152296,0.074546,0.072544,0.243793,0.165840,0.062807,0.186913,0.058026,0.075815,0.347805,0.177116,0.104355,0.178313,0.066473,0.150024,0.090754,0.117192,0.119566,0.127979,0.155110,0.187025,#
10,0.237959,0.315806,0.285834,0.244710,0.091921,0.255891,0.178075,0.256722,0.240810,0.321229,1.000000,0.153790,-0.036338,0.163118,0.197981,0.144620,0.186523,0.205357,0.205243,0.264692,0.137032,0.053994,0.038256,0.239367,0.148503,0.106574,0.181069,0.274885,0.007839,0.257320,0.201877,0.213622,0.175548,0.169799,0.147482,0.180118,0.048883,0.114111,0.287896,0.119598,0.266417,0.080270,0.133339,0.045063,0.065724,0.156381,0.229822,0.201764,0.242996,0.287470,0.086057,0.254178,0.122849,0.211535,0.054011,0.282199,0.076065,0.114691,0.137866,0.169683,0.127640,0.192724,0.189581,0.218857,0.295191,0.280366,0.228468,0.073687,0.126074,0.160578,0.118570,0.193074,0.251553,0.177609,0.150833,0.176658,0.150450,0.116206,0.197090,0.132952,0.259669,0.199500,0.225367,0.155953,0.293873,0.053809,0.216968,0.221651,0.093884,0.203893,0.045990,0.180965,0.234551,0.163763,0.245208,0.238965,0.145639,0.019759,0.338796,0.201953,0.168754,0.116333,0.171408,0.157513,0.287974,0.032553,0.260850,0.275866,0.130242,0.064960,0.082278,0.257560,0.123276,0.140992,0.309656,0.350816,0.089620,0.105409,0.137880,0.039513,0.147400,0.253628,0.105559,0.196765,0.115200,0.063661,0.180850,0.233308,0.154262,0.213113,0.219470,0.125128,0.224178,0.062443,0.234517,0.223492,0.152323,0.386954,0.061398,0.148607,0.280254,0.102890,0.156081,0.168959,0.133719,0.050131,-0.013792,0.084393,0.157273,0.143439,0.131082,0.176044,0.305442,0.097617,0.206873,0.155739,0.217847,0.042363,0.243587,0.184586,0.176202,0.168895,0.307134,0.223761,0.201135,0.164950,0.273329,0.200553,0.251770,0.180650,0.178966,0.162228,0.093676,0.150485,0.156609,0.119661,0.201698,0.272767,0.108970,0.231515,0.174341,0.112206,0.307267,0.115776,0.148322,0.160820,0.072648,-0.039019,0.204311,0.157882,0.212876,0.148878,0.150972,0.093842,0.249770,0.077934,-0.019057,0.303584,0.266234,0.368056,#
11,0.083506,0.295051,0.305202,0.292646,0.214997,0.139053,0.178876,0.307367,0.246770,0.063442,0.153790,1.000000,0.134692,0.168474,0.040586,0.084636,0.117470,0.292870,0.189380,0.061744,0.123658,0.238758,0.014707,0.151580,0.274715,0.270743,-0.024610,0.259163,-0.057794,0.277038,0.273829,0.232170,0.168620,0.242449,0.083245,0.141465,0.259323,0.074428,0.195222,0.210236,0.198806,0.239783,0.282007,0.225784,0.089864,0.257196,0.259644,0.107121,0.194351,0.117854,0.189822,0.247546,0.150024,0.338099,0.022307,0.146902,0.164345,0.282677,0.237346,0.087792,0.124503,0.071885,0.242025,0.050880,0.232060,0.286614,0.230202,0.275458,0.194448,0.272365,0.121578,0.090995,0.277653,0.102577,0.127282,0.077721,0.157350,0.153283,0.213551,0.107516,0.271424,0.145256,0.246541,0.107377,0.337362,-0.013697,0.194499,0.251296,0.290546,0.099040,0.068683,0.231160,0.324098,0.339603,0.197664,0.241500,0.026757,0.098508,0.204753,0.266450,0.231880,0.149190,0.075185,0.176790,0.139321,0.331813,0.278205,0.271658,0.242758,0.178294,0.203156,0.198944,0.195211,0.182183,-0.000939,0.369999,0.085777,0.209026,-0.023515,0.166334,0.136982,0.255757,0.221372,0.159093,0.262427,0.051989,0.150857,0.224378,0.227033,0.213902,0.129514,0.266614,0.274243,0.245700,0.201423,0.208886,0.028890,0.341021,0.046398,0.266927,0.192907,0.089895,0.184530,0.189166,0.249871,0.144264,0.145440,0.154578,0.167921,0.113308,0.069989,0.274915,0.134548,0.210082,0.320845,0.151540,0.116436,0.024458,0.219917,0.175719,0.137706,0.269009,0.072265,0.132839,0.158357,0.121285,0.286551,0.166854,0.204021,0.204675,0.200237,0.123543,0.091076,0.033689,0.164082,0.226766,0.216273,0.238895,0.068589,0.169518,0.240840,0.137119,0.193045,0.100884,0.004971,0.229206,0.049305,0.068473,0.186831,0.216441,0.155119,0.088094,0.309580,0.132131,0.289535,0.104848,0.153568,0.204014,0.162454,0.265080,#
12,0.083320,0.142104,0.119422,0.174246,0.216794,0.213550,0.127877,0.116680,0.190947,0.073229,-0.036338,0.134692,1.000000,0.087498,0.212318,0.104991,0.272713,0.202572,0.180369,0.306061,0.094088,0.130893,0.140581,0.243071,0.046151,0.142240,0.162766,0.155551,0.148639,0.199484,0.040587,0.225440,0.250285,0.168689,0.161670,0.228931,0.214383,0.019709,0.177144,0.139165,0.144643,0.018198,0.237689,0.325295,0.224733,0.232480,0.209282,-0.031854,0.157489,0.081474,0.251739,0.102376,0.064124,0.217295,0.106580,0.173190,0.065911,0.192666,0.144108,-0.021237,0.107736,0.230904,0.029190,0.123867,0.276605,0.179848,0.121969,0.148923,0.163504,0.090341,0.122272,0.144631,0.202536,0.070504,0.286393,0.222065,0.172685,0.035332,0.116352,0.001770,0.244571,0.168336,0.074570,0.084649,0.205698,0.180023,0.107166,0.214365,0.227507,0.037911,0.057748,0.056237,0.037071,0.159177,0.172504,0.215352,0.354858,0.203847,0.115664,0.063870,0.173484,0.147008,0.123744,0.197324,0.175724,0.156013,0.209807,0.069429,0.050975,0.087026,0.235910,0.048585,0.158296,0.160485,0.118017,0.080012,0.178707,0.074674,0.128914,0.045467,0.171209,0.174801,0.243797,0.237996,0.217160,-0.030547,0.157798,0.009943,0.029824,0.097949,0.122412,0.099107,0.121605,0.127488,0.131270,0.120447,0.209895,0.210512,0.231745,0.101219,0.175851,0.127282,0.189642,0.065129,0.093903,0.219994,0.094888,0.213411,0.141784,0.144576,0.067699,0.263671,0.106645,0.076360,0.109749,0.186851,0.086768,-0.031478,0.067164,0.120732,0.060571,0.350752,0.203215,0.213278,0.154832,0.092057,0.228481,0.114564,0.052402,0.111095,0.147609,0.168518,0.087872,0.166740,0.195733,0.136459,0.164368,0.258788,0.056790,0.097355,0.158487,0.135793,0.236974,0.158691,0.074422,0.187519,0.090024,0.225255,0.072599,0.007142,0.147831,0.090169,0.153731,0.141476,0.008269,0.117136,0.145212,0.156151,0.193822,0.068338,#
13,0.041202,0.079667,0.321173,0.220434,0.216371,0.180384,0.210728,0.211172,0.218017,0.194247,0.163118,0.168474,0.087498,1.000000,0.252325,0.157224,0.237517,0.099807,0.204273,0.235353,0.239328,0.198298,0.046147,0.224043,0.057145,0.277744,0.293182,0.232620,0.122424,0.238167,0.181269,0.219680,0.267007,0.196986,0.173305,0.134461,0.066368,0.142257,0.053937,0.148302,0.120543,0.256976,0.251902,0.244313,0.170519,0.206378,0.170101,0.169886,0.154806,0.118363,0.184705,0.197768,0.226228,0.310728,0.135001,0.301086,0.109376,0.263854,0.185197,0.238390,0.232087,0.148001,0.312291,0.094431,0.197391,0.202376,0.341067,0.163898,0.303281,0.191702,0.040326,0.078904,0.221292,0.172635,0.302651,0.207532,0.253463,0.282941,0.252164,0.235982,0.244399,0.323524,0.182002,0.275647,0.278839,0.058049,0.238427,0.231481,0.208501,0.161790,0.139651,0.161136,0.269530,0.281477,0.120323,0.141775,0.204032,0.113907,0.224726,0.270457,0.266311,0.211026,0.258634,0.279883,0.125571,0.245098,0.271940,0.194739,0.317939,0.182738,0.121508,0.225990,0.345773,0.186484,0.284471,0.246330,0.274169,0.265283,0.077045,0.256897,0.276498,0.236780,0.198260,0.254640,0.241426,-0.005057,0.082553,0.050113,0.276561,0.251788,0.122693,0.163014,0.157517,0.181054,0.378092,0.218580,0.226187,0.210281,0.263342,0.188110,-0.025365,0.173715,0.392577,0.172166,0.198412,0.297199,0.244932,0.259370,0.104793,0.252427,0.079102,0.196860,0.186775,0.268413,0.272902,0.275600,0.031912,0.249320,0.262649,0.280496,0.122865,0.325848,0.178660,0.327655,0.183612,0.217570,0.088191,0.132034,0.198152,0.240530,0.185772,0.332850,0.209800,0.152454,0.217670,0.231702,0.148705,0.240224,0.276951,-0.001127,0.153926,0.243576,0.208599,0.252118,0.189868,0.265687,0.199107,0.125582,0.062816,0.211502,0.171874,0.209928,0.212247,0.165821,0.152981,0.252198,0.132067,0.126244,0.277128,0.221312,#
14,0.269582,0.055619,0.081080,0.159414,0.156605,0.187073,0.112004,0.275136,0.297643,0.225954,0.197981,0.040586,0.212318,0.252325,1.000000,0.279008,0.138166,0.207400,0.262205,0.325235,0.174581,0.123040,0.184496,0.331604,0.170498,0.083064,0.210121,0.214683,0.239738,0.213152,0.061436,0.222567,0.145392,0.127951,0.218312,0.192729,0.145266,0.186481,0.195496,0.238134,0.120664,0.077133,0.208058,0.102458,0.236831,0.290304,0.153404,0.118942,0.095850,0.152184,0.254038,0.103518,0.175356,0.249164,0.331806,0.252569,0.229632,0.170764,0.209044,0.135185,0.275776,0.212090,0.129223,0.166274,0.177781,0.117128,0.198983,0.187044,0.160512,0.207535,0.124875,0.191757,0.190453,0.299473,0.212345,0.127413,0.213674,0.206646,0.133497,0.157497,0.280996,0.249350,0.190267,0.218981,0.261609,0.161120,0.023300,0.179388,0.150135,0.100264,0.114156,0.114615,0.253133,0.200564,0.217604,0.127831,0.340745,0.123398,0.157544,0.124384,0.205341,0.225891,0.202132,0.193405,0.199210,0.153279,0.267992,0.231815,0.057202,0.143137,0.051040,0.011239,0.174624,0.192072,0.203914,0.187325,0.172290,0.140531,0.208859,0.171042,0.343889,0.246861,0.086206,0.166754,0.228592,0.060708,0.145271,0.249374,0.035148,0.304513,0.086807,0.148667,0.196319,0.057632,0.192728,0.137156,0.095954,0.190097,0.082170,0.068942,0.263804,0.231305,0.281160,0.121372,0.053729,0.317987,0.114777,0.135199,0.078536,0.050858,0.177880,0.042618,0.085489,0.181324,0.181090,0.222566,0.228993,0.182084,0.116656,0.154892,0.114487,0.200389,0.124625,0.118740,0.184614,0.112632,0.220644,0.126799,0.116875,0.272455,0.250365,0.187702,0.228884,0.162282,0.123119,0.146424,0.322531,0.280271,0.261288,0.156894,0.196161,0.281894,0.182259,0.160882,0.177275,0.123371,0.114868,-0.009475,0.088276,0.243730,0.021556,0.170714,0.186130,0.261117,0.236761,0.073503,0.067230,0.173638,0.267426,0.097049,#
15,0.248092,0.042102,0.232482,0.147038,0.192574,0.208540,0.172468,0.128230,0.221340,0.215488,0.144620,0.084636,0.104991,0.157224,0.279008,1.000000,0.242774,0.307570,0.197672,0.227386,0.132870,0.090633,0.190860,0.290764,0.147540,0.266297,0.165877,0.121423,0.169606,0.273926,0.100879,0.253641,0.120735,0.261794,0.103721,0.171936,0.167406,0.043511,0.274315,0.103657,0.194282,0.159883,0.167676,0.114915,0.230449,0.181730,0.002683,0.175812,0.058079,0.179075,-0.012107,0.330666,0.132352,0.169709,0.186613,0.183270,0.127878,0.150272,0.235606,0.259513,0.268783,0.072305,0.259029,0.058246,0.122659,0.293585,0.173856,0.170287,0.171771,0.025521,0.215227,0.169627,0.107321,0.167183,0.158456,0.148507,0.078078,0.263075,0.145535,0.153034,0.319170,0.184039,0.047571,0.218683,0.268985,0.103619,0.101806,0.298673,0.166137,0.138734,0.067539,0.091410,0.190233,0.209174,0.115254,0.100407,0.284451,0.086344,0.163882,0.092285,0.276859,0.109033,0.209498,0.180769,0.049068,0.180114,0.237768,0.167845,0.090983,0.201840,-0.003505,0.245207,0.107932,0.124774,0.153571,0.255586,0.108542,0.058178,0.083139,0.067737,0.237627,0.242142,0.187872,0.222206,0.184866,0.053462,0.181631,0.213537,0.141787,0.258289,0.017772,0.195317,0.136732,0.212144,0.205508,0.216595,0.063376,0.059700,0.041681,-0.010559,0.060011,0.187947,0.186368,0.104374,0.188183,0.063977,0.139309,0.173816,0.254618,0.091971,0.179189,-0.029233,0.208476,0.299330,0.063811,0.312048,0.179874,0.219349,0.137004,0.205105,0.067537,0.131647,0.297128,0.098619,0.173299,0.232894,0.206589,0.195023,0.234292,0.068362,0.011173,0.191420,0.092769,0.065531,0.181877,0.120891,0.273918,0.195365,0.056349,0.149085,0.195971,0.138932,0.188051,0.362137,0.065395,0.166592,0.005471,0.179488,0.072639,0.128332,-0.111520,0.201927,0.189902,0.167660,0.072541,0.183600,0.113516,0.195611,0.150314,0.058170,#
16,0.225360,0.144617,0.111151,0.198167,0.189671,0.204409,0.181091,0.195018,0.130516,0.094065,0.186523,0.117470,0.272713,0.237517,0.138166,0.242774,1.000000,0.177698,0.130502,0.309858,0.269995,0.122208,0.161811,0.226148,0.024634,0.288443,0.207683,-0.013508,0.091370,0.296347,0.110298,0.300945,0.067659,0.307743,0.118854,0.182641,0.138617,0.065527,0.198712,0.201263,0.070827,0.138281,0.190371,0.175415,0.185779,0.281154,0.130614,0.093984,0.148871,0.125679,0.092024,0.217731,0.252472,0.232209,0.211741,0.130139,0.038979,0.145366,0.187161,0.041030,0.073754,0.311057,0.250297,0.151433,0.220267,0.181827,0.155241,0.325732,0.143482,0.248675,0.034061,0.170003,0.338311,0.117895,0.175682,0.210027,0.082471,0.286656,0.201980,0.156090,0.132559,0.152158,0.066578,0.163619,0.207347,0.175097,0.257881,0.232452,0.220534,0.096293,0.101198,0.170420,0.162510,0.098613,0.191043,0.125013,0.227637,0.064688,0.164877,0.274174,0.095745,0.093767,0.014262,0.176151,0.150690,0.157494,0.243443,0.058967,0.035452,0.142355,0.153806,0.198375,0.185950,0.114970,0.289417,0.277629,0.162047,0.123830,0.069198,0.153043,0.224201,0.236788,0.244829,0.243660,0.294104,0.003937,0.163061,0.011446,0.120759,0.256206,0.128067,0.120343,0.343336,-0.074959,0.380430,0.302873,0.100931,0.179041,0.121500,0.224970,0.072241,0.185769,0.095287,0.172957,0.255984,0.123475,0.054056,0.182719,0.232321,0.212180,0.005570,0.213092,0.132724,0.143172,0.191153,0.226120,0.082546,0.096656,0.150122,0.236930,0.090780,0.283598,0.265212,0.238639,0.116950,0.118416,0.272491,0.184218,0.090245,0.012016,0.099742,0.150675,0.092396,0.009950,0.157249,0.231653,0.134287,0.196412,0.190241,0.071968,0.109825,0.132715,0.223633,0.059844,0.117536,0.218056,0.158948,0.209091,0.160989,0.141780,0.214093,-0.034995,-0.007763,0.101662,0.140295,0.267528,0.102738,0.160235,0.093059,0.128618,#
17,0.275155,0.182165,0.106438,0.259613,0.233455,0.249125,0.198929,0.267640,0.218570,0.071608,0.205357,0.292870,0.202572,0.099807,0.207400,0.307570,0.177698,1.000000,0.123076,0.259192,0.303195,0.139247,0.138670,0.307896,0.125020,0.211695,0.115514,0.109879,0.085571,0.272447,0.178549,0.185432,0.323851,0.149796,0.062716,0.228281,0.037483,0.216791,0.331063,0.113063,0.276397,0.207124,0.143281,0.288830,0.122038,0.221677,0.195649,0.182958,0.224928,0.178311,0.234614,0.177894,0.041582,0.189004,0.120431,0.250475,0.278207,0.193534,0.201531,0.176234,0.253381,0.139696,0.124687,0.100825,0.194810,0.316215,0.268327,0.287010,0.189983,0.219923,0.121951,0.248205,0.235488,0.117183,0.167313,0.270371,0.135534,0.223044,0.105576,0.225069,0.240309,0.203166,0.312743,0.131803,0.222769,-0.016446,0.247149,0.171693,0.273341,0.162655,0.076936,0.082393,0.240775,0.255694,0.116932,0.219589,0.271096,0.245459,0.146576,0.176634,0.215656,0.006212,0.151444,0.228322,0.113891,0.254627,0.276529,0.227528,0.138621,0.030829,0.138218,0.160622,0.099755,0.272789,0.172132,0.211568,0.119368,0.139901,0.062649,0.173463,0.149284,0.249551,0.156904,0.242821,0.339241,0.125189,0.192422,0.177649,0.068423,0.200764,0.168716,0.240432,0.329759,0.153749,0.177787,0.280172,0.251102,0.233640,0.193145,0.275484,0.268034,0.216173,0.197899,0.205993,0.260014,0.192187,0.031717,0.143162,0.112522,0.005266,0.184074,-0.008650,0.072753,0.212301,0.283471,0.211713,0.172107,0.140540,0.298375,0.214480,0.148561,0.286818,0.263662,0.220689,0.157943,0.192861,0.167805,0.245138,0.173009,0.143141,0.291427,0.059147,0.091107,0.130281,0.193914,0.121081,0.279577,0.195230,0.001113,0.314312,0.172467,0.283087,0.247683,0.210809,0.089464,0.158350,0.117598,0.214705,0.197359,0.170746,0.124438,0.216040,0.249384,0.161358,0.327627,0.214959,0.172041,0.199216,0.181000,0.233124,#
18,0.225377,0.074137,0.186337,0.269114,0.228703,0.061759,0.188919,0.088943,0.165420,0.069603,0.205243,0.189380,0.180369,0.204273,0.262205,0.197672,0.130502,0.123076,1.000000,0.239917,0.172719,0.164775,0.073969,0.312834,0.208927,0.129548,0.133286,0.250539,0.117175,0.162511,0.114627,0.100882,0.232233,0.132942,0.187796,0.226735,0.188791,0.110152,0.161083,0.284891,0.144360,0.134894,0.183016,0.158457,0.207340,0.142131,0.142912,0.098116,-0.015943,0.201454,0.126052,0.057079,0.235389,0.207861,0.140360,0.195856,0.150853,0.154857,0.103940,0.085677,0.185209,0.094900,0.235788,0.105181,0.144582,0.234351,0.243552,0.181205,0.072321,0.066776,0.075530,0.097590,0.140773,0.064260,0.134906,0.158840,0.161712,0.220973,0.223324,0.169629,0.236977,0.094315,0.191229,0.202919,0.221457,-0.050036,0.200714,0.103491,0.151239,0.103902,0.233120,0.057601,0.155243,0.181156,0.201873,0.223806,0.300591,0.118712,0.166293,0.224233,0.188200,0.239607,0.234709,0.178314,0.285810,0.232344,0.169494,0.116559,0.101315,0.120699,0.206397,0.222327,0.235840,0.142254,0.098287,0.148763,0.071735,0.018248,0.120860,0.131916,0.117361,0.186508,0.166640,0.025404,0.198212,-0.045968,0.079682,0.183336,0.243921,0.172124,0.111241,0.261303,0.150079,0.180063,0.238137,0.089217,0.138392,0.275952,0.051304,0.168907,0.154399,0.075507,0.199822,0.173924,0.146385,0.206044,0.063645,0.109784,0.087512,0.093953,0.036915,0.197923,0.163888,0.145465,0.144316,0.220879,0.206926,0.170063,0.055517,0.305357,0.153730,0.205117,0.167652,0.205284,0.130025,0.226261,0.212168,0.160763,0.117253,0.206341,-0.025737,0.082902,0.215112,0.099887,0.074830,0.218564,0.182193,0.246190,0.218994,0.110689,0.101956,0.134049,0.222204,0.096243,0.176889,0.081523,0.277380,0.084933,0.112099,0.139487,0.155261,0.233630,0.248673,0.181788,0.167769,0.077485,0.067064,0.203071,0.309936,0.146149,#
19,0.326834,0.202017,0.222649,0.228546,0.370992,0.257687,0.133627,0.208646,0.267079,0.320018,0.264692,0.061744,0.306061,0.235353,0.325235,0.227386,0.309858,0.259192,0.239917,1.000000,0.194212,0.175083,0.213124,0.295198,0.104223,0.259445,0.284888,0.147830,0.149482,0.355394,0.143173,0.266178,0.230380,0.190114,0.161891,0.232521,0.127649,0.078893,0.373398,0.182111,0.238265,0.183053,0.123787,0.132236,0.163169,0.251729,0.309643,0.298444,0.200484,0.245013,0.146788,0.209661,0.116192,0.346863,0.198763,0.279826,0.226236,0.186490,0.268539,0.170039,0.319638,0.298377,0.236901,0.182272,0.324111,0.220868,0.181475,0.269074,0.157783,0.220624,0.219987,0.232314,0.300704,0.128280,0.282540,0.375481,0.190444,0.310426,0.380681,0.140501,0.273365,0.230349,0.235420,0.158088,0.342102,0.131487,0.152045,0.280396,0.262374,0.047456,0.105819,0.165841,0.265163,0.148426,0.187833,0.194127,0.287913,0.230807,0.100849,0.199053,0.265220,0.179511,0.242589,0.291119,0.291019,0.352037,0.255278,0.377162,0.141497,0.011190,0.115607,0.214168,0.272419,0.307831,0.233193,0.234092,0.298447,0.264729,0.200894,-0.022770,0.287165,0.356446,0.248324,0.271487,0.413184,0.114852,0.301054,0.213832,0.106717,0.250268,0.133306,0.109243,0.284845,0.165385,0.290860,0.229778,0.260083,0.299657,0.108211,0.179043,0.161976,0.239801,0.256810,0.182781,0.208587,0.214968,0.091623,0.237708,0.276543,0.109461,0.170349,0.265258,0.195777,0.259589,0.273033,0.178502,0.190922,0.167964,0.264125,0.236281,0.282984,0.291271,0.243554,0.200173,0.251027,0.230903,0.140799,0.218440,0.255814,0.122937,0.214388,0.182861,0.327497,0.238848,0.182847,0.160916,0.302348,0.343867,0.180503,0.169852,0.088856,0.309100,0.244372,0.264719,0.269228,0.214296,0.155927,0.167335,0.260886,0.180150,0.319716,0.284229,0.132409,0.211266,0.157352,0.228772,0.086985,0.180432,0.334244,0.344171,#
20,0.138031,0.035979,0.278181,0.264256,0.371154,0.225390,0.252859,0.166795,0.200970,0.149390,0.137032,0.123658,0.094088,0.239328,0.174581,0.132870,0.269995,0.303195,0.172719,0.194212,1.000000,0.182686,0.116384,0.259334,0.202032,0.318074,0.194489,0.085946,0.105593,0.248964,0.111543,0.145875,0.185418,0.203721,0.146766,0.237821,0.199522,0.149658,0.216169,0.234992,0.157194,0.312425,0.099875,0.098411,0.313842,0.260529,0.315589,0.083622,0.079850,0.199239,0.008541,0.205484,0.114917,0.302323,0.235877,0.195082,0.232662,0.228878,0.219796,0.084538,0.252808,0.125834,0.251813,0.102078,0.194196,0.127234,0.206832,0.162660,0.246005,0.245181,0.268532,0.190998,0.302948,0.172016,0.170750,0.063420,0.134176,0.297975,0.162206,0.134242,0.209665,0.233224,0.260932,0.040337,0.239914,0.180457,0.197009,0.201117,0.239134,0.144010,0.164614,0.211102,0.196948,0.244053,0.261913,0.118211,0.225877,0.258796,0.178200,0.109882,0.216435,0.082487,0.205892,0.156310,0.185229,0.175989,0.226996,0.162374,0.040209,0.214170,0.254172,0.267786,0.151071,0.183154,0.118267,0.240638,0.273321,0.142117,0.001019,0.178162,0.157215,0.240461,0.083915,0.194071,0.247299,0.083904,0.243690,0.203122,0.291133,0.239339,0.225306,0.169471,0.261846,0.084617,0.275107,0.197679,0.245812,0.132854,0.225232,0.158784,0.196627,0.238234,0.153713,0.171413,0.245958,0.176822,-0.011590,0.221517,0.186076,0.235685,0.253500,0.175321,0.082645,0.228701,0.186144,0.169226,0.131064,-0.006612,0.175559,0.361117,0.149441,0.287673,0.215520,0.195288,0.232360,0.086601,0.070599,0.241879,0.135154,0.055499,0.223523,0.070325,0.113788,0.065000,0.082534,0.284298,0.084986,0.179378,0.280753,0.183267,0.174936,0.132087,0.190423,0.238559,0.158923,-0.002018,0.142928,0.146271,0.145354,0.321114,0.075446,0.179181,0.141438,0.194439,0.197366,0.173462,0.161477,0.239438,0.231512,0.231550,#
21,0.109862,0.177434,0.285946,0.236175,0.206678,0.068350,0.131289,0.221760,0.248719,0.126268,0.053994,0.238758,0.130893,0.198298,0.123040,0.090633,0.122208,0.139247,0.164775,0.175083,0.182686,1.000000,0.074176,0.158584,0.135696,0.120470,0.179076,0.147127,0.205384,0.205277,0.113580,0.183266,0.178396,0.252814,0.044521,0.244234,0.288399,0.236913,0.287005,0.136651,0.107321,0.216871,0.061981,0.232701,0.144541,0.161290,0.190718,0.211423,-0.009839,0.098562,0.176641,0.102115,0.076286,0.141561,0.173827,0.166051,0.170807,0.156869,0.055922,0.059200,0.163906,-0.003951,0.232885,0.093814,0.269750,0.238668,0.073981,0.198073,0.266764,0.305347,0.264413,0.140043,0.355451,0.276146,0.132508,0.112079,0.079524,0.172884,0.079185,0.145362,0.254814,0.189403,0.100280,-0.046432,0.238811,-0.010443,0.218281,0.097665,0.154445,0.270607,0.064140,0.089099,0.110455,0.103649,0.202686,0.150681,0.225734,0.185079,-0.015825,0.192292,0.341539,0.179838,0.112749,0.127409,0.194813,0.237711,0.225235,0.122763,0.157475,0.108803,0.211364,0.161828,0.128619,0.220218,0.104615,0.259820,0.261461,0.091002,0.085137,0.196421,0.148857,0.268185,0.091838,0.305851,0.196609,0.037536,0.171010,0.219527,0.109855,0.080705,0.178984,0.168831,0.313392,0.145354,0.145508,0.111342,0.223220,0.098217,0.078544,0.270075,0.149983,0.314529,0.212072,0.127209,0.219295,0.255784,0.137560,0.193929,0.179745,0.072570,0.107903,0.064963,0.089953,0.165076,0.292845,0.152393,-0.000431,0.135576,0.147447,0.162496,0.218173,0.257015,0.183405,0.190174,0.237154,0.045360,0.092962,0.193455,0.058207,0.260539,0.130948,0.112360,0.180291,0.118691,0.086687,0.260534,0.193048,0.218141,0.089876,0.174859,0.126744,0.234651,0.006434,0.203057,0.082251,0.133532,0.158148,0.194893,0.223386,0.195882,0.208377,0.031857,0.256856,0.152788,0.231709,0.196084,0.184720,0.193941,0.234716,0.160958,#
