0,1.000000,0.446633,0.416295,0.292247,0.336120,0.336867,0.391664,0.237829,0.373163,0.372601,0.441173,0.412976,0.373834,0.320073,0.390779,0.358875,0.404874,0.464710,0.391509,0.338578,0.424801,0.478536,0.339295,0.390335,0.324966,0.272897,0.372432,0.451132,0.405055,0.357363,0.350017,0.310873,0.409417,0.259123,0.281093,0.400367,0.417764,0.376712,0.291211,0.421166,0.271297,0.413325,0.314201,0.399492,0.306545,0.316559,0.398276,0.387141,0.418579,0.376611,0.495118,0.327207,0.308683,0.315948,0.438406,0.262961,0.375521,0.381228,0.290186,0.337382,0.390571,0.329724,0.395703,0.406215,0.379368,0.218093,0.382707,0.340202,0.317099,0.365351,0.450046,0.399040,0.405253,0.394727,0.337361,0.347705,0.349398,0.387140,0.389133,0.276276,0.471816,0.340083,0.397033,0.381860,0.373637,0.424943,0.419225,0.310374,0.430392,0.373638,0.398706,0.275749,0.313000,0.332282,0.367738,0.421501,0.381760,0.333377,0.422948,0.387465,0.390134,0.406715,0.346969,0.420221,0.323719,0.370976,0.389553,0.412811,0.355108,0.327428,0.255234,0.363461,0.369344,0.385513,0.263305,0.361260,0.413424,0.301729,0.408294,0.312709,0.430888,0.297701,0.254473,0.305139,0.305903,0.459684,0.324033,0.338469,0.308791,0.440824,0.383796,0.409076,0.368709,0.339978,0.416067,0.264063,0.406669,0.343494,0.356615,0.458442,0.327633,0.381566,0.399150,0.353822,0.363684,0.374769,0.326619,0.255405,0.389101,0.310039,0.391272,0.319546,0.364683,0.352208,0.321391,0.201464,0.276009,0.308118,0.391942,0.366610,0.404364,0.407370,0.278753,0.377964,0.376158,0.258180,0.231800,0.347923,0.400568,0.362818,0.493727,0.167223,0.429262,0.445452,0.377170,0.347551,0.351722,0.352220,0.398711,0.307924,0.330626,0.470812,0.292660,0.260141,0.341812,0.398238,0.390701,0.521027,0.353298,0.239978,0.412748,0.379705,0.281293,0.239126,0.368485,0.316677,0.377559,0.303808,0.365987,0.400036,#
1,0.446633,1.000000,0.380355,0.278077,0.444313,0.371657,0.434393,0.348835,0.296562,0.373419,0.478667,0.436238,0.408609,0.472130,0.381888,0.378236,0.354448,0.350277,0.502154,0.337182,0.388788,0.491345,0.326984,0.405987,0.469485,0.419963,0.424442,0.479924,0.425372,0.272690,0.417040,0.405161,0.443089,0.356612,0.393539,0.365303,0.344673,0.398306,0.330696,0.400303,0.365152,0.380936,0.505065,0.316942,0.376987,0.338948,0.455666,0.448192,0.374644,0.347477,0.484344,0.337038,0.464666,0.372398,0.394832,0.282675,0.397099,0.413413,0.439112,0.463086,0.451314,0.360177,0.414906,0.423554,0.376038,0.363438,0.346991,0.426493,0.390732,0.343359,0.421559,0.313279,0.430487,0.373327,0.442348,0.276471,0.466963,0.407975,0.475536,0.390045,0.402855,0.483003,0.476498,0.488967,0.311131,0.367579,0.351212,0.387162,0.416371,0.495273,0.385840,0.454541,0.383518,0.387746,0.274650,0.454519,0.375583,0.290493,0.457170,0.353143,0.328902,0.302465,0.368903,0.404244,0.312499,0.322317,0.396994,0.478016,0.349274,0.384301,0.420679,0.393988,0.469122,0.401544,0.414261,0.378268,0.440502,0.285061,0.467894,0.355530,0.342810,0.366609,0.325657,0.387352,0.405204,0.412798,0.476989,0.377405,0.372667,0.385830,0.406954,0.397286,0.287016,0.373067,0.508226,0.393198,0.384889,0.342329,0.373723,0.419970,0.415531,0.382071,0.275686,0.333998,0.406983,0.397587,0.422009,0.305809,0.463349,0.317457,0.379675,0.433800,0.417475,0.267421,0.282458,0.329513,0.391397,0.413995,0.403046,0.313736,0.270029,0.445105,0.347594,0.383461,0.388711,0.436861,0.273718,0.455984,0.344085,0.468792,0.435392,0.305485,0.342578,0.359289,0.487482,0.398792,0.325812,0.410087,0.420465,0.371828,0.399652,0.372650,0.382021,0.387302,0.512085,0.377711,0.330544,0.486886,0.302665,0.340171,0.501831,0.400943,0.268752,0.321629,0.415827,0.441954,0.288683,0.395513,0.362824,0.379741,#
2,0.416295,0.380355,1.000000,0.388862,0.342785,0.341614,0.399460,0.295247,0.233467,0.290471,0.312128,0.380890,0.347035,0.379005,0.352230,0.355828,0.360159,0.387036,0.409739,0.355751,0.364694,0.453180,0.435914,0.383281,0.440401,0.384171,0.391445,0.329519,0.344595,0.305892,0.429372,0.348090,0.372075,0.346373,0.347158,0.353827,0.325872,0.387702,0.317513,0.382221,0.403061,0.372227,0.350614,0.270204,0.245868,0.389266,0.363641,0.450523,0.302897,0.347706,0.416657,0.390938,0.408795,0.328803,0.316038,0.363949,0.247497,0.418156,0.300776,0.407984,0.206429,0.362391,0.358903,0.468117,0.401439,0.368593,0.344179,0.314113,0.353473,0.439971,0.345303,0.261832,0.306294,0.375833,0.394842,0.413186,0.302988,0.378223,0.353660,0.373386,0.465518,0.350913,0.364162,0.372538,0.278907,0.419073,0.415415,0.385491,0.273795,0.420806,0.318276,0.288588,0.374868,0.316157,0.322496,0.373909,0.339382,0.249511,0.414715,0.323320,0.386193,0.403770,0.349971,0.344567,0.456589,0.309458,0.347237,0.389774,0.313523,0.398182,0.345029,0.340035,0.385188,0.312471,0.306594,0.302796,0.306597,0.412092,0.239605,0.227979,0.345414,0.305596,0.272399,0.272605,0.306711,0.319559,0.398686,0.354417,0.342575,0.321928,0.287806,0.464530,0.302161,0.311444,0.366375,0.378642,0.376979,0.369216,0.283606,0.265506,0.261440,0.307674,0.407204,0.329105,0.459014,0.362942,0.328487,0.269725,0.457490,0.326698,0.377112,0.420820,0.388195,0.332233,0.270648,0.226517,0.255018,0.332102,0.373831,0.295548,0.448314,0.443652,0.376776,0.354306,0.359810,0.262847,0.317974,0.383566,0.330258,0.391636,0.409984,0.354516,0.323868,0.364100,0.471528,0.411107,0.460466,0.369980,0.370063,0.378857,0.387033,0.325345,0.245935,0.236117,0.356544,0.399287,0.417797,0.404542,0.301334,0.271155,0.374430,0.348087,0.400315,0.287173,0.385333,0.291511,0.379851,0.228013,0.481527,0.377663,#
3,0.292247,0.278077,0.388862,1.000000,0.267647,0.225020,0.327052,0.326265,0.243467,0.246037,0.271785,0.365270,0.229944,0.313550,0.144274,0.193660,0.255941,0.355973,0.274627,0.256340,0.283635,0.328050,0.333314,0.347447,0.334866,0.325458,0.288540,0.283142,0.353043,0.187842,0.322786,0.344114,0.307660,0.375850,0.187172,0.268145,0.333489,0.405370,0.281045,0.251108,0.290782,0.327607,0.400465,0.228468,0.278267,0.376311,0.358978,0.346818,0.228691,0.342873,0.412311,0.263062,0.259841,0.291980,0.213345,0.334822,0.267314,0.367561,0.278395,0.314761,0.251896,0.239843,0.335226,0.388482,0.322609,0.266705,0.248459,0.399008,0.205037,0.273502,0.428573,0.227736,0.206728,0.332395,0.361941,0.301853,0.235247,0.322873,0.313718,0.392518,0.300203,0.318053,0.288445,0.326967,0.271985,0.302186,0.402525,0.275076,0.271935,0.417707,0.323977,0.228619,0.291016,0.400259,0.196873,0.316854,0.283930,0.201923,0.361314,0.252192,0.249206,0.317985,0.323609,0.257248,0.350355,0.238091,0.284417,0.361871,0.288686,0.259348,0.299858,0.277621,0.289613,0.287056,0.192456,0.229944,0.319366,0.268242,0.274438,0.215944,0.316639,0.293338,0.316930,0.303762,0.268800,0.264058,0.323165,0.214914,0.312661,0.393919,0.269154,0.318960,0.325110,0.429842,0.312970,0.335346,0.290127,0.228722,0.305207,0.349848,0.320135,0.267877,0.350224,0.323528,0.360017,0.211020,0.301580,0.309537,0.352837,0.328297,0.339441,0.229187,0.272413,0.277763,0.218551,0.161479,0.320903,0.297191,0.198929,0.355828,0.400425,0.331351,0.304687,0.427813,0.341628,0.347754,0.254255,0.239624,0.303131,0.383644,0.361008,0.214004,0.295636,0.312693,0.356231,0.300822,0.211738,0.260320,0.247851,0.283929,0.376067,0.378398,0.319356,0.355609,0.319964,0.265127,0.219689,0.429951,0.156498,0.222781,0.329590,0.337847,0.335137,0.309419,0.196940,0.331622,0.352261,0.254227,0.339083,0.303295,#
4,0.336120,0.444313,0.342785,0.267647,1.000000,0.254129,0.442712,0.216657,0.327654,0.335986,0.443214,0.286272,0.362978,0.353722,0.260814,0.289893,0.291440,0.359061,0.404327,0.421036,0.318785,0.405593,0.344084,0.371922,0.399974,0.442780,0.348439,0.386945,0.389498,0.190678,0.368222,0.369559,0.452802,0.298540,0.363033,0.311829,0.211933,0.463089,0.314544,0.347528,0.345652,0.366487,0.372719,0.349693,0.359558,0.272116,0.380938,0.430164,0.359387,0.410930,0.396616,0.221786,0.355082,0.393378,0.355018,0.331074,0.256906,0.351939,0.270059,0.406496,0.376423,0.301956,0.296005,0.322414,0.304154,0.256676,0.389425,0.338513,0.338997,0.316817,0.343601,0.394447,0.326615,0.302120,0.359272,0.226073,0.245269,0.346089,0.277836,0.258186,0.467356,0.415721,0.288445,0.350768,0.337669,0.367653,0.310876,0.335530,0.363037,0.409101,0.337565,0.356830,0.278499,0.353504,0.212619,0.398981,0.295333,0.403193,0.468447,0.305143,0.335809,0.252898,0.296361,0.390789,0.432863,0.264497,0.319394,0.395411,0.312864,0.446835,0.411798,0.214406,0.409974,0.422163,0.275065,0.216337,0.327136,0.202003,0.375272,0.318403,0.314160,0.362518,0.328266,0.286253,0.351721,0.358908,0.395329,0.333264,0.204251,0.242801,0.289924,0.399213,0.332690,0.295559,0.422886,0.326648,0.318316,0.254822,0.234803,0.320856,0.369973,0.233341,0.328818,0.360359,0.296789,0.344490,0.379671,0.250500,0.382584,0.351559,0.371400,0.384843,0.405499,0.385264,0.277272,0.268477,0.380383,0.364279,0.276368,0.342060,0.301179,0.359927,0.288475,0.353664,0.300680,0.407317,0.331493,0.256691,0.381324,0.384965,0.447453,0.294960,0.285162,0.241780,0.402612,0.226845,0.332754,0.260254,0.213566,0.267725,0.281851,0.326540,0.264946,0.269165,0.367959,0.333081,0.337215,0.466771,0.333424,0.275586,0.365826,0.278104,0.355314,0.321291,0.343471,0.372834,0.346167,0.380763,0.361884,0.327535,#
5,0.336867,0.371657,0.341614,0.225020,0.254129,1.000000,0.276315,0.273326,0.267205,0.308474,0.256523,0.304853,0.302481,0.217104,0.251481,0.343872,0.328392,0.375140,0.348171,0.202312,0.337989,0.332412,0.342844,0.440338,0.268042,0.321704,0.295171,0.325082,0.387608,0.248320,0.220283,0.408137,0.331428,0.228383,0.303044,0.266190,0.421605,0.319934,0.340846,0.336221,0.305747,0.304181,0.246442,0.318724,0.207600,0.364076,0.291913,0.211455,0.371099,0.362664,0.360063,0.259087,0.351274,0.234908,0.285971,0.345589,0.263744,0.421633,0.251606,0.336084,0.365475,0.337718,0.356590,0.318887,0.322840,0.264110,0.343243,0.347801,0.212848,0.229381,0.397231,0.244795,0.358643,0.431868,0.318805,0.280480,0.318178,0.313447,0.324439,0.293691,0.387197,0.308326,0.348155,0.197919,0.154336,0.408511,0.236471,0.338665,0.266542,0.267442,0.265976,0.329707,0.191620,0.274104,0.183022,0.285438,0.323687,0.179498,0.350189,0.207231,0.305060,0.350181,0.355189,0.315539,0.268000,0.238111,0.273439,0.323571,0.257850,0.309242,0.362686,0.279418,0.379604,0.294589,0.265338,0.284415,0.391818,0.328759,0.260549,0.341065,0.170002,0.234168,0.219000,0.215620,0.345687,0.267399,0.228521,0.205597,0.328639,0.363896,0.330178,0.380326,0.197722,0.245147,0.387381,0.310152,0.245936,0.253788,0.269827,0.286497,0.333429,0.316346,0.293318,0.337840,0.304753,0.270967,0.263209,0.303273,0.313591,0.232466,0.326003,0.231054,0.321560,0.342343,0.190290,0.232295,0.280981,0.287347,0.362407,0.215408,0.345598,0.282994,0.289740,0.228223,0.278534,0.180943,0.168126,0.293250,0.334641,0.386818,0.213571,0.265495,0.367375,0.272106,0.277763,0.322192,0.276149,0.325985,0.374425,0.225620,0.363922,0.397442,0.405984,0.197323,0.318367,0.373952,0.277992,0.290981,0.205029,0.302038,0.413088,0.222292,0.236727,0.310322,0.341263,0.298598,0.310036,0.330548,0.290583,0.386772,#
6,0.391664,0.434393,0.399460,0.327052,0.442712,0.276315,1.000000,0.326220,0.287030,0.342580,0.412061,0.367960,0.346901,0.450505,0.262484,0.360596,0.398303,0.408659,0.425278,0.402987,0.421386,0.406659,0.366265,0.361455,0.417518,0.332881,0.336032,0.390664,0.434130,0.312785,0.338738,0.353267,0.418050,0.311940,0.286920,0.289740,0.290812,0.379106,0.304242,0.401288,0.407249,0.386632,0.382315,0.411546,0.386930,0.273117,0.420687,0.497027,0.363788,0.422736,0.360336,0.417881,0.412734,0.384422,0.319999,0.358982,0.363328,0.471683,0.336725,0.418664,0.284468,0.366794,0.314839,0.436783,0.286685,0.415163,0.380646,0.338117,0.365818,0.305927,0.420296,0.382416,0.348934,0.406284,0.377001,0.344841,0.374475,0.402084,0.387895,0.367553,0.426793,0.477156,0.475324,0.345098,0.375604,0.460524,0.380113,0.429174,0.454503,0.419346,0.405715,0.330134,0.352960,0.441781,0.280625,0.454720,0.343591,0.320744,0.470722,0.330329,0.386954,0.402184,0.234463,0.360900,0.270272,0.445737,0.374751,0.389592,0.368068,0.390773,0.352185,0.310394,0.419831,0.354210,0.327428,0.312983,0.394604,0.308845,0.403032,0.321379,0.294373,0.446007,0.241448,0.299670,0.314028,0.360976,0.342256,0.488885,0.252334,0.392818,0.355595,0.365467,0.428712,0.248589,0.515669,0.388653,0.317425,0.481973,0.345200,0.327305,0.332720,0.242985,0.354356,0.532982,0.277159,0.376770,0.337684,0.284630,0.345957,0.297432,0.438264,0.355487,0.385666,0.384920,0.333471,0.216639,0.326378,0.329423,0.331553,0.302882,0.335304,0.391777,0.355920,0.423711,0.415070,0.355462,0.243224,0.329929,0.453860,0.477486,0.362318,0.325917,0.368890,0.288863,0.410024,0.350627,0.356436,0.322070,0.412707,0.269943,0.255214,0.255723,0.346475,0.382457,0.439858,0.330642,0.350999,0.407100,0.327948,0.378262,0.379060,0.274645,0.407040,0.332998,0.322729,0.402223,0.361786,0.359171,0.278361,0.340177,#
7,0.237829,0.348835,0.295247,0.326265,0.216657,0.273326,0.326220,1.000000,0.218342,0.358290,0.317331,0.398794,0.302298,0.380028,0.197473,0.286588,0.333976,0.333011,0.317237,0.381295,0.327863,0.347807,0.482627,0.289542,0.407206,0.337827,0.347223,0.419282,0.326134,0.206398,0.371535,0.392873,0.379424,0.308558,0.255099,0.328180,0.288956,0.305979,0.309279,0.276891,0.240601,0.300504,0.420585,0.228218,0.305525,0.410196,0.295493,0.407739,0.364258,0.386793,0.413097,0.250423,0.280977,0.365362,0.371151,0.371527,0.381437,0.342272,0.272091,0.368680,0.268896,0.172987,0.309687,0.356325,0.408192,0.215772,0.331365,0.398340,0.321839,0.487422,0.350489,0.253831,0.379767,0.433527,0.387396,0.338102,0.369847,0.351302,0.382566,0.414035,0.312228,0.344487,0.418863,0.349190,0.287227,0.358684,0.402115,0.352240,0.352865,0.398521,0.326494,0.242350,0.318177,0.320567,0.281652,0.332843,0.292361,0.232092,0.294602,0.214782,0.343500,0.295139,0.298260,0.315738,0.213224,0.357359,0.326505,0.327301,0.339352,0.282860,0.297170,0.324225,0.290510,0.300720,0.396118,0.293705,0.340087,0.327158,0.382216,0.357801,0.315994,0.345236,0.306640,0.413966,0.435052,0.380768,0.359718,0.370078,0.275407,0.331059,0.285644,0.273014,0.279069,0.321245,0.444944,0.385406,0.274706,0.376589,0.402887,0.423299,0.401535,0.492430,0.188264,0.342010,0.429329,0.325419,0.381443,0.291634,0.396387,0.245683,0.393063,0.490789,0.305110,0.217707,0.212587,0.376201,0.321967,0.345359,0.274842,0.321310,0.385252,0.314261,0.279268,0.395359,0.386227,0.282994,0.315294,0.250178,0.420539,0.324515,0.353209,0.356684,0.348278,0.266103,0.372638,0.331097,0.334716,0.342826,0.251419,0.370738,0.319335,0.384551,0.235168,0.264361,0.290043,0.340924,0.363319,0.417923,0.248606,0.352233,0.366380,0.281956,0.217275,0.362220,0.203276,0.336144,0.385328,0.331599,0.322039,0.359748,#
8,0.373163,0.296562,0.233467,0.243467,0.327654,0.267205,0.287030,0.218342,1.000000,0.234658,0.364033,0.311689,0.342972,0.369752,0.310531,0.291762,0.336584,0.275638,0.230410,0.362081,0.310176,0.298652,0.338144,0.318012,0.313118,0.346469,0.226956,0.370618,0.323421,0.360187,0.254205,0.367212,0.338679,0.372034,0.288874,0.298030,0.290610,0.385362,0.266219,0.433780,0.306725,0.254097,0.224388,0.346924,0.338302,0.283742,0.356150,0.401198,0.231560,0.279086,0.311032,0.376187,0.233638,0.435793,0.349389,0.340428,0.252215,0.285725,0.267461,0.381578,0.329850,0.200954,0.421839,0.375184,0.277910,0.252829,0.327218,0.379476,0.419577,0.308285,0.238513,0.405126,0.287898,0.326484,0.247879,0.194690,0.322745,0.247417,0.345825,0.206301,0.327066,0.321067,0.336394,0.213483,0.274219,0.378461,0.294325,0.319214,0.354333,0.357310,0.323502,0.238311,0.255404,0.319537,0.299152,0.459900,0.371220,0.313709,0.302989,0.212699,0.335132,0.246329,0.205637,0.269195,0.306108,0.241475,0.377979,0.362153,0.218065,0.341144,0.221429,0.312859,0.308560,0.295168,0.255996,0.288200,0.442557,0.288756,0.189089,0.344082,0.303771,0.226998,0.284759,0.225970,0.311117,0.375757,0.235122,0.275437,0.335055,0.336211,0.351390,0.360774,0.298792,0.284716,0.422354,0.334684,0.308370,0.373942,0.432862,0.344568,0.271162,0.326699,0.408530,0.317066,0.355564,0.319595,0.307888,0.453741,0.385234,0.277845,0.344398,0.283292,0.335743,0.268273,0.319284,0.230241,0.348555,0.225241,0.291071,0.309488,0.228481,0.283781,0.226652,0.408038,0.268573,0.269943,0.287736,0.260209,0.327104,0.366281,0.416380,0.094963,0.244164,0.396508,0.356515,0.376724,0.239068,0.326453,0.283137,0.296950,0.381629,0.270987,0.120344,0.243803,0.415064,0.263963,0.299492,0.299354,0.225771,0.262305,0.367658,0.269890,0.192541,0.276389,0.304588,0.308326,0.326761,0.179863,0.261641,0.314159,#
9,0.372601,0.373419,0.290471,0.246037,0.335986,0.308474,0.342580,0.358290,0.234658,1.000000,0.467768,0.371346,0.344291,0.391090,0.349000,0.379217,0.322599,0.301557,0.343618,0.391484,0.332046,0.345275,0.384963,0.389283,0.341760,0.311040,0.384107,0.482414,0.343246,0.227377,0.412489,0.409486,0.328968,0.353428,0.315279,0.360556,0.206373,0.366357,0.301821,0.294288,0.335594,0.378485,0.283310,0.213886,0.391221,0.418853,0.342675,0.430771,0.400185,0.275781,0.415343,0.362362,0.338218,0.300296,0.370752,0.371447,0.413312,0.389167,0.243825,0.363929,0.302078,0.292254,0.419274,0.353633,0.358445,0.335854,0.286563,0.438065,0.383516,0.290256,0.374120,0.330405,0.286116,0.414822,0.399572,0.316862,0.480333,0.341619,0.451391,0.408030,0.410062,0.398196,0.476613,0.362535,0.386669,0.496820,0.407485,0.301496,0.408581,0.354769,0.277433,0.435354,0.321752,0.366623,0.312024,0.418958,0.443845,0.267816,0.375576,0.361904,0.393055,0.346713,0.437228,0.246588,0.343794,0.305479,0.362893,0.424234,0.305315,0.281289,0.256282,0.329102,0.412259,0.362070,0.362112,0.354964,0.434983,0.403086,0.455809,0.288388,0.492589,0.459390,0.318001,0.366188,0.377955,0.383860,0.279183,0.457782,0.281215,0.282090,0.364329,0.419694,0.282131,0.315997,0.490666,0.272310,0.314549,0.307758,0.371340,0.403351,0.316431,0.314041,0.301699,0.350308,0.366576,0.237910,0.400208,0.319803,0.300235,0.314679,0.406661,0.365175,0.399507,0.333645,0.296932,0.351948,0.403168,0.405788,0.364106,0.359908,0.327058,0.268298,0.203470,0.435316,0.384072,0.325162,0.267011,0.289346,0.418016,0.439895,0.381537,0.379153,0.358013,0.353513,0.354157,0.355995,0.313294,0.204135,0.260754,0.412677,0.340585,0.377845,0.373023,0.386832,0.334919,0.358500,0.462126,0.438476,0.368979,0.276274,0.386749,0.326474,0.239336,0.320515,0.311015,0.377839,0.322747,0.244799,0.358922,0.332094,#
10,0.441173,0.478667,0.312128,0.271785,0.443214,0.256523,0.412061,0.317331,0.364033,0.467768,1.000000,0.390922,0.313451,0.442719,0.328900,0.377335,0.438818,0.366291,0.464532,0.426661,0.390311,0.373336,0.355870,0.309213,0.379510,0.350356,0.456855,0.404625,0.338433,0.337850,0.404635,0.381295,0.363681,0.391980,0.356766,0.432480,0.199174,0.408269,0.342184,0.316449,0.256210,0.264780,0.370828,0.277379,0.354611,0.357768,0.391478,0.455733,0.406566,0.379107,0.359603,0.392180,0.361985,0.372320,0.392740,0.388269,0.354166,0.399330,0.350008,0.360963,0.382657,0.339176,0.402826,0.400007,0.342553,0.352628,0.396607,0.361828,0.374795,0.296816,0.343041,0.319957,0.324847,0.387104,0.363083,0.354674,0.453001,0.269144,0.418912,0.309623,0.365603,0.473756,0.378759,0.406531,0.351206,0.447043,0.395017,0.281962,0.412859,0.378098,0.262330,0.359598,0.391165,0.337736,0.263629,0.401636,0.426185,0.260612,0.469874,0.374193,0.418616,0.295547,0.358465,0.357213,0.398500,0.337647,0.462623,0.435768,0.357821,0.399479,0.263346,0.320548,0.416292,0.395337,0.362900,0.410517,0.409730,0.270461,0.301121,0.288508,0.343586,0.330330,0.345484,0.368458,0.420781,0.332235,0.325291,0.361852,0.304296,0.375807,0.393461,0.387212,0.333623,0.276799,0.487797,0.354526,0.369511,0.397469,0.298247,0.502326,0.322039,0.286705,0.460032,0.314693,0.325397,0.377331,0.276040,0.356340,0.345252,0.387760,0.343322,0.449010,0.365449,0.406999,0.361423,0.358206,0.368486,0.332904,0.316081,0.451252,0.297697,0.388656,0.315197,0.427838,0.341527,0.345624,0.265658,0.295513,0.352469,0.516255,0.465825,0.329403,0.388271,0.375561,0.433650,0.240340,0.328596,0.355707,0.391322,0.445230,0.395577,0.341999,0.386581,0.334574,0.442034,0.323975,0.365522,0.424401,0.328847,0.305761,0.351094,0.360905,0.311553,0.311124,0.335673,0.438846,0.396113,0.380055,0.402865,0.430808,#
11,0.412976,0.436238,0.380890,0.365270,0.286272,0.304853,0.367960,0.398794,0.311689,0.371346,0.390922,1.000000,0.428214,0.340424,0.202209,0.433136,0.412095,0.434794,0.416239,0.252913,0.394544,0.446464,0.381862,0.421327,0.491628,0.453400,0.292043,0.448401,0.308736,0.384667,0.409514,0.426749,0.368150,0.403861,0.325696,0.322388,0.412540,0.456484,0.296587,0.351763,0.378044,0.385848,0.446428,0.395762,0.316703,0.400230,0.420467,0.482281,0.359579,0.310789,0.454014,0.399319,0.340024,0.429328,0.329725,0.348944,0.501030,0.402147,0.365227,0.379827,0.331895,0.375181,0.454232,0.445321,0.413040,0.311719,0.388043,0.425098,0.356508,0.376396,0.366811,0.279644,0.350204,0.478967,0.456920,0.413818,0.375569,0.357904,0.527047,0.379783,0.426458,0.313840,0.389327,0.462308,0.426525,0.426728,0.482707,0.373681,0.407684,0.378238,0.438557,0.369483,0.402133,0.442614,0.311438,0.375276,0.332101,0.325905,0.379857,0.383143,0.448905,0.358259,0.379300,0.281745,0.376090,0.469279,0.433872,0.391062,0.368210,0.415647,0.313267,0.323362,0.425019,0.408838,0.277755,0.488231,0.438696,0.302434,0.391581,0.355100,0.346847,0.446576,0.357546,0.369908,0.409974,0.370893,0.508530,0.482098,0.390913,0.347546,0.402524,0.534614,0.279242,0.338666,0.397336,0.337599,0.276391,0.435274,0.344162,0.395169,0.326976,0.441645,0.373502,0.471129,0.393793,0.418042,0.406708,0.335320,0.450507,0.365008,0.415075,0.498074,0.367218,0.355433,0.437914,0.277161,0.301303,0.322025,0.313585,0.363968,0.438780,0.372975,0.296939,0.410890,0.479819,0.392050,0.335255,0.368438,0.519592,0.420323,0.462456,0.250131,0.394884,0.379492,0.374598,0.472029,0.461767,0.351581,0.324551,0.318137,0.389686,0.395416,0.376222,0.354526,0.383777,0.454016,0.379726,0.415896,0.308638,0.352971,0.267982,0.356695,0.355126,0.176171,0.329786,0.368770,0.455223,0.358346,0.327238,0.451140,#
12,0.373834,0.408609,0.347035,0.229944,0.362978,0.302481,0.346901,0.302298,0.342972,0.344291,0.313451,0.428214,1.000000,0.348743,0.299487,0.351299,0.383353,0.373781,0.495392,0.351484,0.400645,0.269475,0.375519,0.403642,0.402832,0.330634,0.306093,0.488912,0.383681,0.385498,0.394219,0.465460,0.408279,0.362630,0.347054,0.327753,0.387070,0.389992,0.248206,0.341715,0.397667,0.296451,0.438409,0.385396,0.380287,0.397209,0.313290,0.340318,0.406591,0.336599,0.443181,0.242596,0.314398,0.374056,0.329589,0.322549,0.389254,0.429537,0.334845,0.384139,0.347332,0.370192,0.395773,0.401421,0.329400,0.334778,0.397088,0.328202,0.325171,0.277855,0.286194,0.372948,0.276236,0.325703,0.410160,0.347873,0.391896,0.343373,0.331826,0.335307,0.433688,0.391348,0.454886,0.363740,0.395554,0.463593,0.352443,0.369915,0.419783,0.393032,0.424268,0.331131,0.293166,0.417563,0.312310,0.302665,0.392562,0.391604,0.289495,0.258800,0.331041,0.402394,0.315673,0.372271,0.385494,0.358155,0.383272,0.353133,0.310691,0.448661,0.352275,0.250746,0.413659,0.394899,0.301133,0.355856,0.406428,0.435660,0.281502,0.347764,0.255949,0.467082,0.351518,0.357533,0.292223,0.444987,0.361394,0.366939,0.359741,0.283004,0.352665,0.432372,0.290063,0.220130,0.377807,0.361868,0.338973,0.378979,0.358639,0.344126,0.424433,0.425234,0.320291,0.356518,0.336114,0.346102,0.403610,0.300866,0.364876,0.286845,0.438146,0.496899,0.309188,0.322191,0.376082,0.223662,0.367806,0.237360,0.299499,0.229366,0.434523,0.347267,0.274569,0.421346,0.393759,0.354894,0.340130,0.189423,0.391156,0.463158,0.334311,0.279798,0.385963,0.312579,0.431876,0.302604,0.289325,0.297172,0.224895,0.348127,0.401443,0.363626,0.377052,0.354354,0.382322,0.399680,0.396580,0.425891,0.261144,0.248280,0.405416,0.403789,0.310082,0.363951,0.353209,0.327398,0.428544,0.201412,0.381247,0.344129,#
13,0.320073,0.472130,0.379005,0.313550,0.353722,0.217104,0.450505,0.380028,0.369752,0.391090,0.442719,0.340424,0.348743,1.000000,0.349952,0.362476,0.366343,0.320884,0.393994,0.365839,0.365788,0.379362,0.391186,0.287744,0.476451,0.416938,0.411001,0.414984,0.339537,0.251465,0.391508,0.328182,0.411731,0.384930,0.257942,0.358279,0.251174,0.394767,0.241759,0.332447,0.300266,0.338905,0.499712,0.303155,0.371107,0.289236,0.441881,0.410836,0.418416,0.323485,0.463510,0.377398,0.350599,0.340501,0.411687,0.450808,0.325314,0.355089,0.364929,0.406053,0.354444,0.325359,0.532795,0.409805,0.291428,0.318319,0.430704,0.396590,0.460331,0.408323,0.292552,0.375633,0.372104,0.433791,0.427539,0.260893,0.390869,0.381651,0.424005,0.378096,0.397744,0.456577,0.483943,0.431242,0.464589,0.393419,0.450360,0.408137,0.434859,0.467546,0.357752,0.369770,0.424722,0.382534,0.360224,0.423933,0.338555,0.287510,0.358386,0.361296,0.487312,0.347541,0.339977,0.301025,0.350112,0.397465,0.370243,0.402732,0.337421,0.348539,0.308890,0.330859,0.476683,0.387102,0.395300,0.304256,0.429882,0.320770,0.349337,0.389206,0.412983,0.441857,0.249388,0.410648,0.347723,0.369567,0.356091,0.440421,0.460693,0.307310,0.348946,0.348295,0.370431,0.385021,0.527799,0.326716,0.372538,0.374551,0.474075,0.390014,0.369405,0.327706,0.359142,0.419814,0.402204,0.450684,0.395413,0.338364,0.252513,0.360083,0.418333,0.284159,0.391241,0.345297,0.413848,0.310762,0.351355,0.359711,0.333035,0.283321,0.313596,0.402786,0.270983,0.466822,0.432950,0.392973,0.234470,0.305329,0.434537,0.474587,0.447024,0.425636,0.365060,0.317192,0.427793,0.408464,0.373396,0.293674,0.418193,0.317448,0.435331,0.257550,0.290540,0.378740,0.338322,0.349491,0.399857,0.493279,0.385782,0.392415,0.364753,0.340526,0.328411,0.312864,0.337923,0.389682,0.393895,0.327865,0.384186,0.400244,#
14,0.390779,0.381888,0.352230,0.144274,0.260814,0.251481,0.262484,0.197473,0.310531,0.349000,0.328900,0.202209,0.299487,0.349952,1.000000,0.397641,0.285868,0.323597,0.388423,0.329318,0.298856,0.307233,0.328352,0.294783,0.335392,0.254155,0.341524,0.280441,0.348999,0.237836,0.262559,0.187934,0.262419,0.234625,0.280270,0.358949,0.309179,0.364699,0.331880,0.358377,0.362856,0.295112,0.363948,0.316222,0.252375,0.254199,0.366063,0.351105,0.309176,0.206678,0.372120,0.264098,0.252486,0.281424,0.375482,0.296309,0.277596,0.311323,0.262734,0.335094,0.351950,0.375079,0.284321,0.340780,0.315268,0.226323,0.291492,0.312711,0.360322,0.271884,0.202329,0.291311,0.192037,0.427651,0.189317,0.265750,0.260197,0.385369,0.340153,0.266095,0.328691,0.169818,0.430848,0.331552,0.240188,0.362387,0.188571,0.245094,0.322169,0.338051,0.326590,0.290520,0.330600,0.292802,0.232660,0.266800,0.341280,0.257953,0.421893,0.256296,0.258269,0.263464,0.303749,0.252541,0.204754,0.270168,0.363861,0.396417,0.283585,0.307186,0.166483,0.285311,0.357704,0.148044,0.288341,0.317720,0.260701,0.298977,0.300969,0.254894,0.362435,0.253327,0.234877,0.336906,0.248865,0.266333,0.298911,0.309798,0.190895,0.274261,0.097762,0.322629,0.326330,0.157093,0.265218,0.234699,0.340693,0.252630,0.279210,0.262402,0.343444,0.372308,0.356723,0.250981,0.249732,0.291331,0.312966,0.161787,0.287987,0.204831,0.264267,0.261413,0.200378,0.347082,0.184587,0.181026,0.277529,0.292509,0.266815,0.218560,0.244162,0.324662,0.222691,0.255524,0.309588,0.219966,0.333752,0.289632,0.269386,0.309098,0.350374,0.279190,0.330102,0.373912,0.405865,0.217506,0.353158,0.313822,0.311990,0.337039,0.352498,0.353877,0.220479,0.358695,0.333085,0.325350,0.322441,0.365075,0.188870,0.168054,0.302403,0.303951,0.271742,0.386132,0.320008,0.202708,0.186324,0.216646,0.349434,0.362240,#
15,0.358875,0.378236,0.355828,0.193660,0.289893,0.343872,0.360596,0.286588,0.291762,0.379217,0.377335,0.433136,0.351299,0.362476,0.397641,1.000000,0.408967,0.475699,0.440339,0.329362,0.312028,0.421015,0.389883,0.368682,0.449754,0.293838,0.355659,0.365381,0.357711,0.260336,0.409961,0.385620,0.350353,0.384598,0.330027,0.304791,0.328857,0.411451,0.365753,0.416670,0.497259,0.340098,0.356712,0.367070,0.398954,0.342987,0.334095,0.459414,0.309309,0.321263,0.408577,0.316485,0.396814,0.353956,0.373987,0.295520,0.369022,0.420296,0.347465,0.445123,0.275573,0.308647,0.275853,0.392022,0.290294,0.289870,0.470323,0.416347,0.436339,0.308194,0.233241,0.339721,0.307905,0.322143,0.417060,0.422496,0.339351,0.414675,0.406009,0.333235,0.515872,0.305570,0.373995,0.376694,0.326168,0.458586,0.401342,0.233221,0.404794,0.364103,0.328380,0.242440,0.348647,0.434241,0.260918,0.332526,0.384970,0.300551,0.473086,0.343448,0.417251,0.307003,0.417636,0.325113,0.348844,0.360089,0.389793,0.322424,0.358389,0.475642,0.246031,0.390593,0.363222,0.270899,0.290582,0.445448,0.414895,0.360327,0.311463,0.368756,0.361360,0.353711,0.227583,0.358558,0.310696,0.283307,0.400085,0.395665,0.310794,0.249465,0.214668,0.445513,0.299784,0.334805,0.446990,0.345727,0.400908,0.335441,0.329919,0.229915,0.363935,0.386669,0.471727,0.309663,0.356645,0.371460,0.444690,0.256055,0.365661,0.367088,0.430978,0.406312,0.339473,0.511383,0.224884,0.414349,0.279685,0.346527,0.332623,0.319205,0.323387,0.395399,0.290811,0.380821,0.321789,0.418474,0.306056,0.361489,0.411472,0.418160,0.395353,0.262010,0.465287,0.303438,0.451274,0.247868,0.396937,0.266474,0.265292,0.352420,0.263685,0.387441,0.326495,0.250304,0.404870,0.468974,0.271232,0.392811,0.249653,0.254907,0.212925,0.465536,0.240389,0.391067,0.349232,0.364616,0.324615,0.301661,0.285746,0.341577,#
16,0.404874,0.354448,0.360159,0.255941,0.291440,0.328392,0.398303,0.333976,0.336584,0.322599,0.438818,0.412095,0.383353,0.366343,0.285868,0.408967,1.000000,0.419214,0.365939,0.289869,0.533253,0.374909,0.478566,0.271931,0.337745,0.361820,0.374992,0.290192,0.320469,0.257277,0.365253,0.448292,0.292122,0.377187,0.272938,0.319663,0.355869,0.324447,0.304514,0.375619,0.246408,0.325409,0.345467,0.319359,0.315012,0.340235,0.403443,0.379538,0.359822,0.314859,0.255241,0.325289,0.446260,0.354744,0.342278,0.326497,0.257347,0.349724,0.268982,0.302278,0.277552,0.393508,0.329602,0.447623,0.400868,0.271282,0.374960,0.467691,0.332770,0.401968,0.253668,0.310390,0.318325,0.324285,0.411430,0.460047,0.334821,0.347970,0.448351,0.333453,0.313591,0.327577,0.351625,0.327682,0.333158,0.502351,0.427378,0.337463,0.356804,0.313512,0.324672,0.283740,0.293342,0.317953,0.299357,0.397722,0.335232,0.260327,0.469114,0.327835,0.380239,0.269069,0.245666,0.275409,0.316460,0.370356,0.343978,0.294516,0.380105,0.378571,0.307732,0.379005,0.415474,0.286385,0.386024,0.426853,0.424051,0.321585,0.230812,0.331032,0.250257,0.330058,0.319374,0.320078,0.385357,0.279696,0.370969,0.295700,0.363886,0.369064,0.239954,0.387150,0.356628,0.273542,0.476250,0.331174,0.259781,0.383053,0.346304,0.407040,0.252949,0.347945,0.260128,0.345903,0.349526,0.337761,0.229702,0.254510,0.281705,0.176862,0.366646,0.376526,0.334064,0.294360,0.303214,0.365624,0.278169,0.281804,0.353946,0.279961,0.309282,0.392424,0.377934,0.405098,0.288326,0.314264,0.298984,0.334179,0.349216,0.342498,0.364041,0.161985,0.398925,0.255824,0.408953,0.357355,0.374082,0.294795,0.294464,0.340125,0.324756,0.359135,0.296306,0.193397,0.320989,0.317376,0.378050,0.385543,0.241888,0.269904,0.344779,0.270770,0.263358,0.301170,0.380686,0.343392,0.347600,0.350049,0.285362,0.414732,#
17,0.464710,0.350277,0.387036,0.355973,0.359061,0.375140,0.408659,0.333011,0.275638,0.301557,0.366291,0.434794,0.373781,0.320884,0.323597,0.475699,0.419214,1.000000,0.382266,0.403712,0.388447,0.433128,0.465130,0.482281,0.459457,0.362233,0.314426,0.364728,0.487217,0.372271,0.413464,0.489324,0.527547,0.403332,0.268168,0.308147,0.341205,0.557560,0.318659,0.325877,0.371324,0.293492,0.398339,0.452291,0.321158,0.363643,0.433022,0.391699,0.437073,0.447540,0.461232,0.282176,0.312538,0.419531,0.411641,0.354598,0.364533,0.518535,0.355201,0.405853,0.355478,0.434998,0.358618,0.398346,0.329725,0.359297,0.409812,0.510527,0.431210,0.406605,0.450896,0.448009,0.397603,0.464647,0.410288,0.432490,0.337151,0.463087,0.388889,0.366658,0.464416,0.440879,0.525687,0.438654,0.388346,0.408507,0.428161,0.385979,0.486646,0.450213,0.431314,0.310109,0.391521,0.388878,0.272560,0.333850,0.370687,0.441395,0.402466,0.352203,0.408243,0.346868,0.336965,0.368849,0.377683,0.429467,0.375258,0.520758,0.323874,0.365653,0.336966,0.293598,0.352744,0.368654,0.256933,0.423780,0.409585,0.353153,0.344585,0.412630,0.328600,0.356720,0.302404,0.366990,0.403341,0.422391,0.368858,0.403727,0.298137,0.293846,0.271891,0.445890,0.425738,0.460346,0.427526,0.362562,0.441530,0.327488,0.381352,0.434070,0.392093,0.410562,0.404006,0.394370,0.421079,0.380822,0.298464,0.273760,0.416581,0.260256,0.521944,0.317124,0.318713,0.483033,0.331259,0.306770,0.351006,0.384723,0.458903,0.418254,0.443369,0.437482,0.313868,0.406362,0.433938,0.424249,0.301431,0.424425,0.397012,0.432739,0.503516,0.319310,0.396120,0.371755,0.420481,0.259001,0.429730,0.367731,0.250587,0.394944,0.418630,0.514011,0.343622,0.233981,0.372201,0.400791,0.455533,0.495901,0.373921,0.360795,0.307744,0.458385,0.217891,0.328621,0.486917,0.434309,0.480535,0.254499,0.332376,0.407861,#
18,0.391509,0.502154,0.409739,0.274627,0.404327,0.348171,0.425278,0.317237,0.230410,0.343618,0.464532,0.416239,0.495392,0.393994,0.388423,0.440339,0.365939,0.382266,1.000000,0.406793,0.349357,0.385597,0.256570,0.390447,0.412340,0.445136,0.465840,0.422362,0.485604,0.289233,0.459978,0.468595,0.485593,0.327449,0.365509,0.425141,0.437329,0.410865,0.329529,0.362544,0.398550,0.319647,0.471260,0.349120,0.331254,0.300111,0.345439,0.415094,0.319468,0.338047,0.457395,0.278835,0.411170,0.460124,0.354070,0.265479,0.383298,0.458447,0.290695,0.351765,0.325004,0.341890,0.411327,0.484164,0.321277,0.410230,0.410761,0.454001,0.344564,0.208281,0.280302,0.352887,0.326547,0.400548,0.394419,0.316069,0.339543,0.398625,0.461886,0.482846,0.534803,0.374770,0.448002,0.438178,0.389721,0.351256,0.399952,0.369998,0.462918,0.359360,0.404042,0.316104,0.401159,0.423120,0.313661,0.336941,0.443680,0.304145,0.373352,0.427499,0.355312,0.441605,0.406165,0.404344,0.430012,0.334358,0.369791,0.418868,0.337626,0.417008,0.361710,0.381714,0.325722,0.422190,0.305276,0.296779,0.349957,0.311812,0.396846,0.313519,0.271221,0.450206,0.279741,0.383705,0.414883,0.385543,0.371445,0.380316,0.323475,0.367557,0.370318,0.391644,0.365802,0.271810,0.506933,0.274178,0.319042,0.409514,0.351588,0.369343,0.477843,0.300657,0.339758,0.343307,0.326699,0.349002,0.274451,0.196673,0.326032,0.282470,0.365067,0.418330,0.451077,0.379238,0.280200,0.363186,0.430136,0.375956,0.301691,0.352136,0.406969,0.439319,0.330701,0.372390,0.351320,0.363479,0.421816,0.403169,0.417935,0.432559,0.332887,0.321346,0.400415,0.245843,0.426038,0.270314,0.293254,0.413394,0.442093,0.345412,0.331110,0.407031,0.367267,0.324210,0.536393,0.404542,0.421702,0.559805,0.318324,0.344493,0.378053,0.351342,0.313965,0.373900,0.401378,0.359086,0.416757,0.367977,0.415602,0.473926,#
19,0.338578,0.337182,0.355751,0.256340,0.421036,0.202312,0.402987,0.381295,0.362081,0.391484,0.426661,0.252913,0.351484,0.365839,0.329318,0.329362,0.289869,0.403712,0.406793,1.000000,0.310295,0.400451,0.383066,0.396723,0.357301,0.376580,0.346599,0.345905,0.364716,0.399309,0.312357,0.367854,0.344123,0.317231,0.307603,0.343442,0.196883,0.384693,0.407016,0.354796,0.308233,0.248991,0.365678,0.310172,0.336063,0.401785,0.356367,0.476579,0.364599,0.351870,0.371259,0.276921,0.217019,0.472960,0.371810,0.359540,0.364247,0.421406,0.246420,0.420501,0.348866,0.267792,0.347112,0.321458,0.350321,0.286136,0.265021,0.370351,0.345168,0.364460,0.359679,0.292049,0.398291,0.309785,0.373215,0.305062,0.377241,0.430430,0.352485,0.350066,0.419569,0.337987,0.449455,0.260837,0.407642,0.386444,0.358768,0.319173,0.422515,0.383875,0.308075,0.370969,0.340478,0.318772,0.292021,0.387114,0.378289,0.435611,0.347119,0.273179,0.319297,0.245376,0.378885,0.319186,0.383678,0.348020,0.495979,0.506135,0.305731,0.380857,0.321586,0.322835,0.361371,0.379855,0.319212,0.329198,0.421337,0.454763,0.337962,0.304388,0.384988,0.467813,0.305009,0.339872,0.472606,0.434321,0.332094,0.415796,0.196166,0.274269,0.287452,0.297065,0.435095,0.369608,0.431546,0.297997,0.389189,0.332610,0.342414,0.410384,0.356149,0.285229,0.315038,0.218222,0.377693,0.356557,0.284913,0.417680,0.456564,0.192730,0.323746,0.366177,0.344414,0.415600,0.268398,0.296842,0.386208,0.347514,0.299728,0.208620,0.369032,0.385947,0.384160,0.319875,0.272459,0.349356,0.302527,0.321682,0.366210,0.381638,0.502076,0.339150,0.359766,0.289573,0.419761,0.268671,0.322945,0.374243,0.163950,0.359324,0.329000,0.391083,0.233082,0.350426,0.403244,0.329572,0.398778,0.431837,0.305618,0.275705,0.401621,0.327654,0.352642,0.422590,0.372166,0.390553,0.459898,0.331086,0.451884,0.444269,#
20,0.424801,0.388788,0.364694,0.283635,0.318785,0.337989,0.421386,0.327863,0.310176,0.332046,0.390311,0.394544,0.400645,0.365788,0.298856,0.312028,0.533253,0.388447,0.349357,0.310295,1.000000,0.426780,0.416787,0.336673,0.410175,0.319924,0.392212,0.446816,0.348240,0.326058,0.330221,0.369050,0.306259,0.351677,0.392516,0.336167,0.298428,0.390077,0.248015,0.360868,0.257057,0.426994,0.430175,0.371659,0.306050,0.412078,0.292867,0.459999,0.424313,0.347013,0.356418,0.408765,0.448529,0.397272,0.323283,0.289478,0.368228,0.353063,0.224866,0.428500,0.404517,0.227687,0.448257,0.419187,0.454478,0.203889,0.395525,0.362892,0.349182,0.395872,0.349527,0.286372,0.471629,0.409355,0.422273,0.435802,0.428129,0.368327,0.296793,0.455110,0.299271,0.313173,0.488223,0.327924,0.302166,0.477169,0.383903,0.411082,0.382745,0.403222,0.376550,0.418802,0.400980,0.383995,0.285772,0.369997,0.326113,0.327440,0.409585,0.278061,0.272690,0.362503,0.257773,0.325518,0.285700,0.360088,0.360891,0.373671,0.276452,0.472735,0.332159,0.203629,0.420603,0.388026,0.291355,0.398521,0.469489,0.267685,0.259213,0.281943,0.285695,0.382185,0.310055,0.373996,0.384325,0.390012,0.444976,0.488376,0.284200,0.393029,0.259134,0.374291,0.335050,0.297375,0.447552,0.332873,0.365050,0.376849,0.384532,0.430518,0.324966,0.383099,0.230921,0.356448,0.367409,0.256995,0.279801,0.307198,0.315064,0.309946,0.350311,0.452826,0.342426,0.321659,0.382451,0.311659,0.254212,0.223974,0.319506,0.289663,0.369523,0.458178,0.362422,0.314023,0.399037,0.293279,0.232321,0.350276,0.392398,0.357480,0.464730,0.288630,0.335876,0.340891,0.387800,0.391681,0.273116,0.278760,0.397042,0.402619,0.389452,0.374676,0.311054,0.378813,0.448298,0.332339,0.322726,0.414902,0.350137,0.348555,0.427123,0.316037,0.403504,0.384144,0.403709,0.425093,0.370583,0.258230,0.336694,0.306131,#
21,0.478536,0.491345,0.453180,0.328050,0.405593,0.332412,0.406659,0.347807,0.298652,0.345275,0.373336,0.446464,0.269475,0.379362,0.307233,0.421015,0.374909,0.433128,0.385597,0.400451,0.426780,1.000000,0.364295,0.436632,0.464560,0.371260,0.384169,0.435610,0.404045,0.331166,0.415356,0.414058,0.347207,0.467305,0.379587,0.374325,0.382319,0.461856,0.365097,0.364131,0.381495,0.461294,0.343138,0.357181,0.400995,0.314519,0.439267,0.492062,0.361857,0.387254,0.419934,0.279094,0.451817,0.440519,0.409215,0.287591,0.391236,0.441673,0.385642,0.440328,0.315811,0.332511,0.403620,0.407378,0.424336,0.314054,0.390439,0.412060,0.447127,0.452936,0.471843,0.298720,0.402691,0.351212,0.400530,0.416320,0.383426,0.348089,0.364891,0.380280,0.474378,0.368247,0.381741,0.347359,0.399250,0.399299,0.383270,0.359922,0.434807,0.480028,0.310435,0.330124,0.418594,0.336497,0.367203,0.421799,0.345591,0.385500,0.468119,0.419656,0.442539,0.308464,0.311045,0.411958,0.379865,0.463996,0.351793,0.440992,0.367477,0.388957,0.307375,0.335505,0.470560,0.366949,0.282382,0.400591,0.496443,0.281821,0.433117,0.426712,0.354858,0.406590,0.226916,0.441856,0.371606,0.423639,0.466164,0.426074,0.304323,0.312137,0.353153,0.316892,0.388280,0.420006,0.432156,0.307317,0.426556,0.337804,0.387133,0.393181,0.303381,0.438660,0.407850,0.331220,0.386427,0.363925,0.336007,0.396161,0.391629,0.311604,0.383471,0.461711,0.397555,0.451423,0.350024,0.306901,0.323109,0.397473,0.331656,0.369684,0.479850,0.362713,0.309377,0.393514,0.397597,0.313185,0.230379,0.429404,0.328645,0.398637,0.458472,0.288013,0.480309,0.327699,0.389889,0.342824,0.414029,0.314797,0.388833,0.376908,0.324491,0.445903,0.244856,0.338866,0.400351,0.381703,0.376668,0.511498,0.427717,0.309752,0.446853,0.460256,0.378715,0.307522,0.490688,0.444731,0.392107,0.345761,0.355101,0.427867,#
