0,1.000000,0.821507,0.830180,0.821034,0.789401,0.829809,0.823151,0.825691,0.821641,0.787500,0.814387,0.842081,0.798162,0.808623,0.826424,0.825359,0.843253,0.859364,0.832419,0.829860,0.827352,0.797213,0.841713,0.856357,0.777693,0.808959,0.811470,0.817787,0.799739,0.830869,0.812692,0.846266,0.819697,0.811773,0.840543,0.820777,0.801298,0.818434,0.824399,0.833408,0.825604,0.800402,0.851343,0.804852,0.823404,0.788820,0.819618,0.851782,0.824977,0.843413,0.811201,0.840679,0.833383,0.840961,0.855829,0.840977,0.818135,0.850583,0.819402,0.825705,0.829645,0.814509,0.838431,0.833891,0.843148,0.811471,0.853940,0.824647,0.807333,0.797371,0.799867,0.801619,0.857892,0.847478,0.826063,0.784929,0.851879,0.826295,0.832262,0.808131,0.845145,0.801864,0.832837,0.834178,0.841368,0.852018,0.834450,0.831509,0.804413,0.819064,0.790811,0.817858,0.834764,0.820655,0.819532,0.833745,0.804067,0.788160,0.826201,0.844232,0.831110,0.813448,0.816457,0.848381,0.801198,0.827040,0.819769,0.846589,0.827940,0.768627,0.821380,0.814064,0.815282,0.800973,0.816104,0.850372,0.806154,0.790286,0.794020,0.800039,0.793930,0.858728,0.835760,0.851030,0.835228,0.814702,0.811808,0.796164,0.759266,0.821074,0.806316,0.823287,0.824758,0.793885,0.835762,0.827980,0.810227,0.826675,0.789242,0.841451,0.824854,0.818470,0.778514,0.837529,0.827518,0.733502,0.802892,0.780136,0.827823,0.818297,0.814835,0.828921,0.816224,0.790837,0.817350,0.810057,0.848091,0.835781,0.846564,0.816888,0.846291,0.842224,0.823323,0.804894,0.799822,0.826455,0.826309,0.803099,0.834854,0.817049,0.817357,0.813024,0.825173,0.847973,0.831361,0.814782,0.836672,0.840292,0.813232,0.800955,0.807937,0.833563,0.806722,0.798864,0.803398,0.805389,0.778406,0.829824,0.808887,0.797073,0.812120,0.843882,0.821583,0.822840,0.814287,0.829177,0.798922,0.839732,0.828878,0.804640,#
1,0.821507,1.000000,0.809207,0.819513,0.810923,0.841640,0.793127,0.823937,0.836488,0.815995,0.826504,0.826678,0.803864,0.799905,0.805990,0.813536,0.808047,0.816345,0.804906,0.830962,0.822970,0.848425,0.832712,0.820158,0.801845,0.773972,0.808787,0.838773,0.791767,0.789210,0.838648,0.832672,0.818819,0.837353,0.794257,0.827440,0.790167,0.825103,0.840907,0.823551,0.821044,0.787341,0.817057,0.799999,0.794720,0.804323,0.852095,0.814888,0.840146,0.818299,0.815717,0.851193,0.837714,0.803173,0.854368,0.834105,0.803514,0.822586,0.813654,0.809026,0.793679,0.806438,0.784794,0.796807,0.829784,0.836504,0.854490,0.845371,0.826431,0.831305,0.818457,0.823101,0.872526,0.807630,0.819663,0.814766,0.799355,0.809698,0.840974,0.803067,0.839220,0.814667,0.839113,0.838127,0.845116,0.824774,0.818407,0.838567,0.828377,0.801892,0.789070,0.821988,0.826473,0.829970,0.806396,0.812631,0.802985,0.802046,0.802173,0.819648,0.830701,0.820730,0.795011,0.812736,0.777403,0.819943,0.799997,0.839825,0.816347,0.775402,0.808332,0.806322,0.803624,0.811308,0.799510,0.830385,0.822499,0.817999,0.788688,0.772627,0.811207,0.839305,0.811303,0.835633,0.804192,0.795624,0.808347,0.806116,0.819351,0.843071,0.792366,0.850521,0.806142,0.809010,0.853594,0.805403,0.819862,0.809568,0.808892,0.801696,0.833156,0.823134,0.814212,0.835897,0.818322,0.771864,0.788266,0.776800,0.836842,0.804283,0.844934,0.842790,0.810322,0.767729,0.840789,0.806811,0.826468,0.833942,0.794565,0.796786,0.804470,0.844083,0.820213,0.842413,0.816183,0.786453,0.823981,0.776730,0.800203,0.816863,0.819967,0.818386,0.809612,0.831406,0.818666,0.806779,0.818571,0.841636,0.791215,0.811875,0.807935,0.808361,0.814959,0.798798,0.812568,0.843887,0.795430,0.748129,0.826439,0.821081,0.829535,0.822084,0.804597,0.796295,0.825234,0.764384,0.790546,0.855564,0.798617,0.823193,#
2,0.830180,0.809207,1.000000,0.806987,0.810528,0.824149,0.802985,0.827259,0.820260,0.797260,0.808655,0.797856,0.764917,0.814943,0.799826,0.796646,0.786495,0.815196,0.785386,0.819957,0.813848,0.808745,0.797453,0.831854,0.770271,0.789076,0.840358,0.819901,0.820609,0.825560,0.824008,0.795562,0.814481,0.802189,0.801758,0.811475,0.803209,0.812701,0.843197,0.779776,0.802200,0.794352,0.827580,0.779058,0.789081,0.795031,0.842989,0.786563,0.789210,0.819173,0.797247,0.839988,0.828300,0.820217,0.852530,0.831198,0.812413,0.790235,0.814575,0.805461,0.847139,0.803431,0.793368,0.820590,0.829437,0.825698,0.807344,0.807033,0.800663,0.802957,0.821332,0.806963,0.836527,0.825916,0.824416,0.793248,0.805183,0.798402,0.808481,0.824134,0.835121,0.805884,0.840699,0.780991,0.850749,0.833433,0.807229,0.835990,0.789213,0.772194,0.793511,0.828560,0.850368,0.820243,0.815881,0.817516,0.789252,0.780399,0.838154,0.814052,0.814796,0.798169,0.786081,0.814960,0.762794,0.833329,0.835142,0.833148,0.811756,0.770533,0.826918,0.782506,0.836497,0.803067,0.778804,0.804067,0.791035,0.812077,0.785146,0.774497,0.790304,0.802739,0.779818,0.833791,0.813542,0.769798,0.809748,0.789339,0.785760,0.830658,0.814525,0.836651,0.835033,0.828956,0.826420,0.795518,0.808154,0.814736,0.811087,0.782738,0.800509,0.832635,0.752576,0.791298,0.811699,0.784015,0.773839,0.775104,0.801159,0.811215,0.823251,0.821938,0.814074,0.801501,0.805238,0.802758,0.814054,0.768263,0.812242,0.773109,0.762854,0.789359,0.821198,0.812754,0.786159,0.809191,0.828499,0.756395,0.792674,0.796009,0.819081,0.811638,0.816923,0.797828,0.821047,0.800134,0.776127,0.833540,0.778314,0.770512,0.782356,0.848982,0.778119,0.819952,0.785753,0.810565,0.776402,0.767405,0.812920,0.804568,0.809906,0.815006,0.850255,0.813271,0.798968,0.801084,0.763336,0.826751,0.793351,0.819504,#
3,0.821034,0.819513,0.806987,1.000000,0.810941,0.816335,0.805916,0.817992,0.835464,0.805826,0.810479,0.821195,0.806065,0.802969,0.808172,0.818957,0.804483,0.816399,0.835895,0.810018,0.811465,0.836508,0.816480,0.822283,0.806457,0.820883,0.822525,0.827861,0.808346,0.815726,0.826884,0.846340,0.834410,0.842960,0.806922,0.819042,0.792719,0.826987,0.801067,0.821856,0.805453,0.807862,0.817950,0.812859,0.804879,0.832316,0.817623,0.817829,0.824140,0.806006,0.819751,0.799550,0.834015,0.795886,0.827847,0.841091,0.794217,0.823374,0.853251,0.817618,0.804429,0.793104,0.785372,0.815753,0.864915,0.803852,0.801209,0.802487,0.763259,0.817040,0.800192,0.824234,0.850720,0.810707,0.804418,0.785948,0.801192,0.802659,0.808262,0.820387,0.841055,0.782169,0.839880,0.811611,0.829260,0.833891,0.817651,0.813344,0.803566,0.811712,0.802294,0.821103,0.840065,0.839529,0.816507,0.822246,0.777651,0.767857,0.805698,0.793564,0.796832,0.794770,0.772483,0.788844,0.817795,0.804539,0.825309,0.844545,0.793134,0.774696,0.814855,0.765831,0.798987,0.807209,0.797300,0.828146,0.782233,0.797646,0.792273,0.758354,0.789916,0.830239,0.801091,0.806170,0.793150,0.804497,0.834546,0.820216,0.771615,0.806413,0.784084,0.840477,0.789070,0.826185,0.838369,0.834831,0.818156,0.792758,0.777977,0.799429,0.789939,0.839098,0.802929,0.787020,0.798906,0.808406,0.784915,0.807155,0.801592,0.805149,0.812491,0.797924,0.794613,0.795442,0.810036,0.779789,0.832474,0.789084,0.828676,0.796058,0.801581,0.823742,0.786549,0.814881,0.798149,0.804485,0.818992,0.780272,0.819156,0.801643,0.813486,0.809138,0.803312,0.836980,0.803062,0.821411,0.801608,0.824754,0.796162,0.804451,0.767313,0.844375,0.783558,0.786997,0.785146,0.807230,0.778229,0.767077,0.816481,0.831452,0.806973,0.798154,0.806045,0.807292,0.804110,0.799560,0.801759,0.813595,0.793122,0.803491,#
4,0.789401,0.810923,0.810528,0.810941,1.000000,0.844973,0.813981,0.814689,0.789541,0.799300,0.779109,0.828711,0.778801,0.820673,0.785497,0.806103,0.811391,0.829167,0.804439,0.849558,0.837867,0.814358,0.794715,0.833631,0.780872,0.794089,0.818056,0.802854,0.812014,0.802543,0.846471,0.829994,0.839961,0.802872,0.785277,0.803135,0.809251,0.802525,0.823648,0.824408,0.806126,0.785008,0.801478,0.811442,0.803712,0.828032,0.835245,0.819974,0.818977,0.800282,0.802683,0.810190,0.827881,0.795290,0.850526,0.845064,0.788613,0.814305,0.832437,0.827122,0.787435,0.810793,0.794568,0.790365,0.836952,0.816897,0.801973,0.809704,0.787967,0.808558,0.820904,0.834763,0.841576,0.822275,0.801690,0.771176,0.799343,0.824138,0.820478,0.825721,0.809261,0.800001,0.842095,0.787840,0.831145,0.809306,0.802825,0.796147,0.813382,0.804546,0.791993,0.785360,0.816491,0.816937,0.795389,0.798740,0.794626,0.769452,0.777215,0.812302,0.836785,0.825804,0.808495,0.804636,0.785611,0.818034,0.811057,0.821882,0.816755,0.804537,0.794837,0.797018,0.813390,0.842598,0.780458,0.802997,0.814788,0.831686,0.767471,0.751859,0.770727,0.821996,0.828698,0.817312,0.804246,0.800474,0.792511,0.797835,0.831653,0.821853,0.836029,0.816264,0.802026,0.822748,0.848472,0.826712,0.794837,0.800263,0.796496,0.763987,0.784847,0.833803,0.811731,0.803992,0.807257,0.774456,0.810218,0.771943,0.794864,0.827115,0.817942,0.852607,0.804341,0.783749,0.849498,0.799874,0.851262,0.783956,0.810044,0.781200,0.792537,0.813330,0.836379,0.788821,0.770706,0.786774,0.783767,0.770614,0.814539,0.806175,0.786759,0.813448,0.833147,0.806439,0.839114,0.816325,0.811673,0.841724,0.785757,0.793298,0.804884,0.814607,0.813115,0.789002,0.817669,0.831448,0.744529,0.820276,0.805429,0.812044,0.774235,0.783158,0.788863,0.817726,0.802419,0.794522,0.806141,0.816563,0.824672,0.806596,#
5,0.829809,0.841640,0.824149,0.816335,0.844973,1.000000,0.794124,0.841746,0.823097,0.791103,0.803582,0.812122,0.787024,0.792676,0.801855,0.825063,0.812787,0.830171,0.785188,0.855132,0.819363,0.807372,0.813892,0.823053,0.800893,0.807444,0.845966,0.847950,0.805752,0.807424,0.854302,0.845620,0.838668,0.824195,0.778536,0.840760,0.804459,0.796651,0.821691,0.808489,0.828730,0.785070,0.796785,0.826431,0.821763,0.820393,0.852358,0.833798,0.834883,0.789048,0.827923,0.807088,0.836779,0.826906,0.811440,0.876736,0.814992,0.809716,0.874597,0.842650,0.787451,0.821010,0.809276,0.839591,0.836872,0.815165,0.808801,0.822211,0.808314,0.803158,0.828586,0.812113,0.865058,0.817709,0.804037,0.806923,0.830573,0.841606,0.827365,0.813061,0.857748,0.806738,0.847374,0.824583,0.812743,0.843904,0.833642,0.838264,0.822333,0.786218,0.772977,0.811391,0.849754,0.854383,0.798200,0.798441,0.805685,0.806724,0.841808,0.823093,0.835798,0.827730,0.827061,0.836448,0.792572,0.833441,0.822440,0.849368,0.798928,0.807271,0.805211,0.832608,0.802207,0.792098,0.784049,0.803645,0.838649,0.817850,0.767963,0.779028,0.782372,0.838202,0.816409,0.857388,0.783022,0.795850,0.846970,0.781088,0.785672,0.821755,0.846087,0.861668,0.844291,0.849817,0.836120,0.805907,0.822644,0.820381,0.802131,0.793885,0.802635,0.815183,0.809106,0.831048,0.862019,0.762109,0.777769,0.782452,0.827710,0.832249,0.836180,0.837248,0.806285,0.783541,0.811494,0.796133,0.853271,0.814504,0.829753,0.795262,0.816140,0.835454,0.836418,0.810967,0.824275,0.803253,0.782745,0.827775,0.811882,0.813034,0.862592,0.838683,0.820678,0.815706,0.820838,0.796139,0.801809,0.848525,0.825466,0.817215,0.837593,0.830598,0.819568,0.796642,0.821289,0.824132,0.778584,0.805235,0.813737,0.822816,0.795734,0.837628,0.796833,0.806764,0.783317,0.784318,0.785422,0.834423,0.822006,0.820593,#
6,0.823151,0.793127,0.802985,0.805916,0.813981,0.794124,1.000000,0.793846,0.817930,0.787399,0.791820,0.807418,0.804320,0.834589,0.762975,0.809523,0.815061,0.842227,0.803955,0.792241,0.848930,0.802231,0.772038,0.806004,0.796528,0.804227,0.800064,0.808239,0.801145,0.835678,0.816977,0.820998,0.829341,0.814387,0.798583,0.819420,0.794345,0.794802,0.800039,0.817619,0.807277,0.809927,0.834064,0.800002,0.833886,0.768774,0.832125,0.791681,0.850811,0.826575,0.816678,0.836805,0.827902,0.762920,0.855643,0.828113,0.819146,0.836597,0.837731,0.782721,0.822598,0.791128,0.794394,0.793808,0.867451,0.802959,0.848853,0.807347,0.806280,0.785478,0.806981,0.826665,0.824479,0.837300,0.791398,0.785843,0.806474,0.806596,0.824998,0.788606,0.843403,0.804871,0.814854,0.809292,0.802597,0.817124,0.809427,0.810544,0.813613,0.801793,0.779252,0.801596,0.799295,0.814933,0.794882,0.791178,0.817620,0.799222,0.793070,0.817478,0.811509,0.802045,0.824556,0.812440,0.783464,0.772084,0.822481,0.811441,0.798725,0.758512,0.785060,0.794651,0.778025,0.786518,0.778597,0.779374,0.811827,0.803640,0.766992,0.780665,0.795277,0.821523,0.794830,0.843412,0.820888,0.821748,0.781030,0.799127,0.751968,0.796571,0.817045,0.822206,0.805919,0.777048,0.821237,0.807918,0.818494,0.792291,0.820874,0.816440,0.815890,0.822684,0.775113,0.791067,0.797587,0.797020,0.796801,0.785134,0.795760,0.784065,0.828940,0.831442,0.781096,0.751375,0.799032,0.779402,0.828324,0.781126,0.809710,0.804641,0.800808,0.821532,0.797616,0.806658,0.798805,0.804022,0.827712,0.744702,0.808644,0.789424,0.824781,0.809046,0.773104,0.782977,0.816506,0.821159,0.800352,0.825390,0.798226,0.790303,0.797828,0.802019,0.826366,0.805515,0.796120,0.811102,0.757637,0.799014,0.771190,0.801999,0.782459,0.801687,0.790837,0.810378,0.813112,0.804066,0.808247,0.833923,0.808107,0.801539,#
7,0.825691,0.823937,0.827259,0.817992,0.814689,0.841746,0.793846,1.000000,0.866410,0.801303,0.817514,0.811042,0.803205,0.819067,0.829741,0.788728,0.815501,0.826160,0.810150,0.821311,0.826028,0.806182,0.849571,0.825342,0.805293,0.828560,0.818854,0.831354,0.817428,0.831569,0.788581,0.835589,0.807929,0.821752,0.787071,0.825701,0.819121,0.802797,0.833995,0.808593,0.810532,0.799060,0.811322,0.816754,0.814890,0.815310,0.839162,0.839515,0.812912,0.803628,0.840535,0.821363,0.835121,0.843034,0.833439,0.836530,0.801683,0.826815,0.825563,0.827781,0.779484,0.814565,0.815947,0.817168,0.844623,0.832127,0.832504,0.823231,0.829816,0.822595,0.822497,0.780029,0.870375,0.830148,0.828526,0.794854,0.821025,0.812243,0.823096,0.806808,0.848073,0.809784,0.840600,0.807594,0.834292,0.826027,0.849301,0.823513,0.805211,0.802658,0.780308,0.831677,0.828970,0.825583,0.829317,0.792590,0.808130,0.818125,0.830163,0.813873,0.821915,0.800073,0.804650,0.815507,0.789886,0.819272,0.806264,0.837959,0.808255,0.779652,0.846770,0.797412,0.830044,0.820882,0.799533,0.817622,0.802156,0.792852,0.776730,0.816340,0.806905,0.827676,0.803653,0.860108,0.845454,0.805060,0.830192,0.822480,0.774329,0.792438,0.816095,0.821176,0.841627,0.805958,0.851860,0.843462,0.814595,0.829264,0.794458,0.806765,0.809907,0.827216,0.819233,0.800741,0.826956,0.790310,0.809118,0.759650,0.833953,0.832031,0.806788,0.828366,0.821998,0.793696,0.801645,0.837982,0.834955,0.818574,0.832028,0.809214,0.821801,0.796530,0.852904,0.791170,0.798156,0.808093,0.830871,0.780032,0.798196,0.790082,0.850981,0.836998,0.812991,0.821872,0.827619,0.798667,0.803604,0.824820,0.802050,0.818610,0.816617,0.822067,0.803172,0.801904,0.795523,0.832765,0.780186,0.768526,0.816905,0.836482,0.825570,0.819116,0.793774,0.794507,0.809023,0.805365,0.799473,0.848779,0.826370,0.813372,#
8,0.821641,0.836488,0.820260,0.835464,0.789541,0.823097,0.817930,0.866410,1.000000,0.820302,0.793803,0.816726,0.809671,0.833054,0.816882,0.838352,0.790478,0.845335,0.796374,0.841021,0.823566,0.849984,0.828563,0.813950,0.793593,0.824078,0.826795,0.832868,0.821023,0.831625,0.819697,0.837827,0.820684,0.819081,0.789612,0.836964,0.813435,0.822414,0.810994,0.817583,0.803675,0.812666,0.857584,0.795961,0.808384,0.797755,0.825882,0.829382,0.835932,0.823633,0.847078,0.838849,0.798023,0.843278,0.836144,0.857750,0.821095,0.828344,0.816175,0.813413,0.824263,0.811229,0.846346,0.818425,0.855592,0.842025,0.838175,0.842059,0.842080,0.815573,0.820764,0.816143,0.861537,0.846217,0.822937,0.796981,0.821488,0.821446,0.822125,0.817203,0.853550,0.815578,0.825174,0.814200,0.841171,0.837254,0.811835,0.832113,0.793938,0.803796,0.801550,0.822298,0.832109,0.831384,0.826211,0.816428,0.816552,0.807829,0.839603,0.825227,0.837154,0.801617,0.823014,0.848158,0.797753,0.820534,0.822634,0.838897,0.791021,0.801161,0.805260,0.809362,0.820798,0.804316,0.808371,0.840765,0.802326,0.790583,0.800005,0.821662,0.795898,0.827951,0.813264,0.838562,0.808710,0.834139,0.807128,0.811652,0.790136,0.823113,0.796678,0.821786,0.843618,0.823495,0.865521,0.824555,0.812809,0.804266,0.799982,0.816283,0.803304,0.845616,0.840048,0.804752,0.819093,0.783759,0.803016,0.791920,0.829247,0.819855,0.820426,0.833525,0.795197,0.834378,0.824469,0.818245,0.838563,0.831927,0.841763,0.829867,0.804444,0.800491,0.846638,0.823865,0.806395,0.802754,0.815869,0.786404,0.830446,0.811325,0.837073,0.838202,0.806482,0.818942,0.839695,0.812784,0.807786,0.843944,0.802244,0.786031,0.812581,0.835847,0.792660,0.831536,0.822349,0.824467,0.813147,0.787510,0.813862,0.838395,0.835816,0.829653,0.844636,0.811043,0.808883,0.801950,0.791609,0.834957,0.832253,0.833289,#
9,0.787500,0.815995,0.797260,0.805826,0.799300,0.791103,0.787399,0.801303,0.820302,1.000000,0.794486,0.785124,0.804927,0.809967,0.822091,0.823253,0.797110,0.806822,0.815079,0.810493,0.848428,0.803618,0.806176,0.834385,0.778952,0.773695,0.795558,0.842649,0.781243,0.829644,0.802295,0.816606,0.815435,0.810519,0.804541,0.810985,0.785816,0.800487,0.815741,0.795104,0.824061,0.789524,0.798732,0.777907,0.822546,0.788197,0.813041,0.799162,0.793070,0.790587,0.785850,0.795910,0.780317,0.792714,0.813878,0.830623,0.797813,0.837935,0.812821,0.798526,0.802261,0.794039,0.804157,0.797029,0.813908,0.843180,0.824629,0.823710,0.821759,0.771411,0.822082,0.794013,0.822127,0.800147,0.796881,0.796412,0.794536,0.822044,0.811888,0.835774,0.823389,0.804997,0.803191,0.824043,0.829124,0.792547,0.793503,0.851761,0.788368,0.741053,0.770111,0.810447,0.836081,0.807727,0.808323,0.792483,0.800629,0.813390,0.812850,0.786786,0.818177,0.801852,0.832229,0.817998,0.808038,0.805170,0.804383,0.812836,0.816180,0.796907,0.831066,0.805584,0.836489,0.816609,0.766315,0.834746,0.749930,0.779355,0.755498,0.773861,0.784700,0.836595,0.808491,0.823676,0.802189,0.787261,0.802772,0.781585,0.808358,0.799424,0.785059,0.822904,0.811305,0.819347,0.822017,0.774224,0.799205,0.793715,0.772412,0.793825,0.782759,0.841658,0.811425,0.823603,0.801135,0.790097,0.787410,0.781384,0.794460,0.793117,0.794391,0.800821,0.789547,0.790894,0.819621,0.795122,0.813231,0.799980,0.807136,0.801486,0.803549,0.818250,0.815013,0.820637,0.810167,0.799704,0.780086,0.766788,0.827221,0.788543,0.837978,0.827789,0.782246,0.802428,0.826133,0.843834,0.784471,0.837650,0.779987,0.801348,0.809154,0.795034,0.804377,0.781454,0.797235,0.831184,0.748002,0.757484,0.839450,0.789650,0.803322,0.806466,0.796051,0.776853,0.777368,0.771742,0.795736,0.817047,0.790398,0.779014,#
10,0.814387,0.826504,0.808655,0.810479,0.779109,0.803582,0.791820,0.817514,0.793803,0.794486,1.000000,0.804446,0.759236,0.788702,0.774450,0.804311,0.807533,0.791340,0.790957,0.805362,0.817412,0.778824,0.807926,0.834495,0.764165,0.777713,0.802480,0.842657,0.780380,0.823996,0.801069,0.800449,0.811232,0.812591,0.804644,0.818017,0.793980,0.809975,0.810558,0.781622,0.825424,0.769261,0.794147,0.758454,0.807176,0.812858,0.846979,0.810207,0.823418,0.846647,0.779824,0.834046,0.813042,0.773616,0.828102,0.833277,0.793286,0.822004,0.796534,0.805828,0.797625,0.805246,0.829503,0.826530,0.833958,0.776657,0.828614,0.785757,0.811020,0.787293,0.815466,0.823049,0.852338,0.778958,0.788738,0.807715,0.793006,0.820774,0.806558,0.786657,0.858780,0.796027,0.810000,0.792864,0.818809,0.790953,0.809523,0.807874,0.797481,0.817304,0.758623,0.834759,0.842227,0.808282,0.781014,0.814678,0.758389,0.799975,0.818166,0.819692,0.794312,0.788997,0.794592,0.823217,0.831456,0.777968,0.808040,0.807482,0.784272,0.772709,0.792548,0.788497,0.818020,0.801218,0.775581,0.837258,0.775317,0.792872,0.780959,0.780079,0.785146,0.836205,0.762245,0.817737,0.752445,0.784454,0.815391,0.800573,0.795372,0.802293,0.770095,0.803337,0.787183,0.792730,0.833944,0.828172,0.786439,0.798867,0.787918,0.811634,0.828991,0.807518,0.761062,0.799149,0.775169,0.752542,0.783312,0.763708,0.807757,0.800210,0.793258,0.809159,0.799020,0.770464,0.806089,0.781164,0.846432,0.809684,0.794564,0.775447,0.820669,0.784861,0.807129,0.815531,0.806587,0.776540,0.816141,0.756844,0.818009,0.826935,0.816030,0.807819,0.761562,0.793034,0.820138,0.785388,0.779770,0.825646,0.762408,0.805013,0.776137,0.789241,0.812008,0.777483,0.766801,0.810816,0.761381,0.763959,0.769424,0.811550,0.808932,0.780602,0.807786,0.798620,0.809290,0.790267,0.780783,0.832010,0.799201,0.813787,#
11,0.842081,0.826678,0.797856,0.821195,0.828711,0.812122,0.807418,0.811042,0.816726,0.785124,0.804446,1.000000,0.815621,0.810267,0.805168,0.792532,0.811340,0.850465,0.836700,0.805773,0.815670,0.808281,0.814988,0.813657,0.796636,0.806740,0.782399,0.815811,0.812896,0.803881,0.817606,0.832797,0.836482,0.821317,0.783618,0.819121,0.836891,0.829340,0.797989,0.825948,0.815353,0.792110,0.824251,0.787078,0.801641,0.798060,0.865310,0.838907,0.816298,0.831249,0.801878,0.823642,0.836399,0.803458,0.838368,0.832963,0.770737,0.840708,0.813151,0.806442,0.785211,0.785415,0.836551,0.798417,0.838859,0.818574,0.829385,0.830037,0.831152,0.820844,0.828131,0.809872,0.843445,0.822157,0.823447,0.769095,0.835690,0.823207,0.803521,0.768361,0.830182,0.809740,0.842295,0.792424,0.853920,0.817701,0.785558,0.802030,0.788480,0.772192,0.797624,0.829615,0.826231,0.812205,0.800348,0.834045,0.782769,0.796050,0.799894,0.809054,0.791255,0.825245,0.820526,0.813665,0.811957,0.818658,0.808857,0.844384,0.832005,0.787086,0.832302,0.823662,0.829769,0.795789,0.755526,0.826612,0.800717,0.804973,0.765790,0.813897,0.769165,0.829683,0.800574,0.828093,0.806681,0.796021,0.824063,0.799197,0.799126,0.824966,0.813513,0.822487,0.829114,0.818831,0.834151,0.802854,0.811367,0.820111,0.804990,0.816633,0.812537,0.807178,0.797433,0.826850,0.834073,0.775185,0.823857,0.790089,0.805966,0.822900,0.813118,0.809515,0.801397,0.816138,0.846305,0.791343,0.844841,0.789463,0.813655,0.777706,0.814443,0.831283,0.828906,0.796641,0.821914,0.779201,0.824934,0.764653,0.822453,0.840439,0.825153,0.803674,0.822949,0.842196,0.817136,0.808941,0.807439,0.825895,0.782980,0.823017,0.813502,0.798775,0.840076,0.774474,0.814827,0.796599,0.771045,0.810634,0.803375,0.820971,0.819899,0.806279,0.818418,0.817355,0.810213,0.797492,0.799146,0.831074,0.799474,0.798856,#
12,0.798162,0.803864,0.764917,0.806065,0.778801,0.787024,0.804320,0.803205,0.809671,0.804927,0.759236,0.815621,1.000000,0.810331,0.814853,0.785520,0.813529,0.830377,0.817206,0.809234,0.815255,0.776213,0.811523,0.819378,0.776186,0.790340,0.786269,0.814169,0.807903,0.782531,0.786877,0.811875,0.816665,0.812072,0.787122,0.810987,0.794658,0.807573,0.795720,0.806197,0.760901,0.741150,0.797218,0.811383,0.807550,0.792922,0.837836,0.774260,0.803018,0.786323,0.840082,0.779874,0.792266,0.805387,0.836438,0.822352,0.776835,0.817434,0.790360,0.780104,0.765406,0.811435,0.779327,0.797189,0.835719,0.818312,0.796834,0.776964,0.820923,0.799437,0.808115,0.787468,0.835983,0.801101,0.821598,0.791053,0.811513,0.788948,0.805498,0.803612,0.823169,0.789144,0.810195,0.817534,0.783339,0.812108,0.778030,0.811730,0.798908,0.755901,0.771405,0.786047,0.817203,0.771372,0.774113,0.813059,0.836901,0.800547,0.774299,0.787443,0.758963,0.810539,0.810332,0.838368,0.758273,0.783617,0.784785,0.787736,0.801539,0.778080,0.810395,0.784986,0.794193,0.767810,0.820807,0.803646,0.783755,0.759683,0.779099,0.767190,0.771535,0.822139,0.789500,0.841665,0.807045,0.794820,0.797321,0.746478,0.748476,0.793690,0.767664,0.792061,0.774751,0.794638,0.805890,0.785408,0.791233,0.802399,0.793747,0.764467,0.807816,0.832089,0.794885,0.801189,0.783893,0.771590,0.790303,0.754729,0.804696,0.837244,0.791970,0.803033,0.798346,0.750431,0.792470,0.833282,0.826966,0.803211,0.811280,0.785890,0.793293,0.825246,0.819331,0.797960,0.832491,0.749618,0.793957,0.800302,0.765394,0.771463,0.822393,0.811365,0.789203,0.800832,0.791595,0.773827,0.820233,0.831414,0.776183,0.751242,0.788510,0.816851,0.798876,0.763069,0.746837,0.797570,0.759617,0.808228,0.795842,0.776488,0.774097,0.783564,0.776300,0.795859,0.769078,0.792721,0.783910,0.816552,0.810579,0.750182,#
13,0.808623,0.799905,0.814943,0.802969,0.820673,0.792676,0.834589,0.819067,0.833054,0.809967,0.788702,0.810267,0.810331,1.000000,0.792528,0.795717,0.792813,0.850914,0.828188,0.811637,0.834341,0.806543,0.831360,0.817998,0.784441,0.796956,0.791432,0.839942,0.816961,0.845579,0.785596,0.810858,0.847709,0.833901,0.758649,0.803274,0.799608,0.831908,0.807944,0.826653,0.841527,0.803459,0.835445,0.797035,0.843922,0.812110,0.829974,0.813614,0.842692,0.811647,0.826666,0.845469,0.810172,0.814564,0.841937,0.853410,0.811535,0.836837,0.821708,0.813184,0.810185,0.816246,0.807233,0.822066,0.855574,0.826879,0.835711,0.821096,0.832477,0.801105,0.799526,0.808262,0.818701,0.835662,0.825958,0.803117,0.820298,0.819288,0.840083,0.826738,0.838161,0.813869,0.851007,0.815311,0.819350,0.832871,0.797924,0.799937,0.832054,0.793826,0.783996,0.824559,0.835369,0.817457,0.824908,0.790555,0.802904,0.803717,0.818320,0.844162,0.816465,0.817099,0.825318,0.851167,0.803013,0.840964,0.809376,0.830279,0.816115,0.781462,0.824370,0.816056,0.830287,0.819747,0.809819,0.833831,0.774370,0.831172,0.810364,0.819614,0.811165,0.833139,0.794444,0.798827,0.802186,0.779556,0.815860,0.777304,0.793975,0.811364,0.800962,0.820688,0.808630,0.813502,0.849440,0.803259,0.809489,0.809794,0.833733,0.800379,0.784331,0.857729,0.838411,0.804609,0.783944,0.794182,0.825057,0.786167,0.829108,0.815709,0.812689,0.843355,0.792968,0.800215,0.815977,0.815030,0.834162,0.804591,0.838455,0.796939,0.819406,0.826144,0.818502,0.825380,0.816425,0.805369,0.823445,0.780937,0.829224,0.800444,0.826069,0.843842,0.829607,0.825086,0.854209,0.821122,0.820122,0.866843,0.816645,0.793871,0.797274,0.832575,0.834406,0.797179,0.829031,0.823429,0.784859,0.800294,0.768767,0.804114,0.820755,0.807511,0.821527,0.832747,0.822326,0.792181,0.806045,0.824178,0.816136,0.785976,#
14,0.826424,0.805990,0.799826,0.808172,0.785497,0.801855,0.762975,0.829741,0.816882,0.822091,0.774450,0.805168,0.814853,0.792528,1.000000,0.813460,0.796247,0.794826,0.799024,0.811712,0.811282,0.791092,0.810157,0.838469,0.784151,0.748718,0.802808,0.812825,0.801035,0.808521,0.812349,0.810643,0.801054,0.791453,0.811302,0.806215,0.768002,0.809364,0.817187,0.778081,0.781288,0.760687,0.809168,0.795004,0.800683,0.793165,0.809019,0.785246,0.762885,0.789578,0.787586,0.794832,0.785643,0.839603,0.816116,0.810731,0.781250,0.808999,0.813703,0.780134,0.783125,0.821080,0.806603,0.810291,0.810143,0.781493,0.800133,0.801794,0.793956,0.806621,0.786899,0.770346,0.830678,0.804848,0.822969,0.769522,0.823663,0.811393,0.795577,0.776833,0.823307,0.801129,0.827762,0.819274,0.808550,0.809866,0.784940,0.812799,0.800574,0.732392,0.742096,0.778959,0.829995,0.829096,0.808826,0.808697,0.828307,0.789654,0.803683,0.772257,0.809054,0.802230,0.815403,0.779346,0.800755,0.792825,0.782882,0.785354,0.786880,0.762576,0.816833,0.792809,0.806173,0.788052,0.766089,0.811172,0.771740,0.741016,0.768230,0.764478,0.802488,0.831206,0.789024,0.812568,0.808731,0.746927,0.801145,0.820341,0.745362,0.809422,0.765371,0.811594,0.788125,0.799886,0.824880,0.801557,0.787053,0.802245,0.781016,0.773807,0.781817,0.823101,0.769189,0.810372,0.774095,0.812464,0.806416,0.750724,0.803109,0.776365,0.803356,0.793843,0.769434,0.780068,0.820040,0.801975,0.822671,0.792662,0.774142,0.781583,0.797941,0.793278,0.814000,0.787140,0.785227,0.776922,0.785999,0.755076,0.781181,0.819615,0.797234,0.786915,0.809860,0.823037,0.812772,0.809266,0.796316,0.811173,0.779574,0.760928,0.804520,0.832299,0.794322,0.772728,0.785811,0.788081,0.772919,0.743482,0.773354,0.779321,0.768973,0.777578,0.809855,0.811026,0.782196,0.775291,0.780117,0.793398,0.783542,0.740695,#
15,0.825359,0.813536,0.796646,0.818957,0.806103,0.825063,0.809523,0.788728,0.838352,0.823253,0.804311,0.792532,0.785520,0.795717,0.813460,1.000000,0.800155,0.833790,0.808818,0.809820,0.805890,0.817128,0.807402,0.823106,0.789447,0.782408,0.794168,0.800499,0.798755,0.823626,0.816801,0.838403,0.824660,0.831989,0.775209,0.845616,0.813538,0.816956,0.820672,0.784433,0.787662,0.774500,0.811866,0.791783,0.833445,0.793804,0.824809,0.828732,0.830335,0.822644,0.790384,0.843414,0.789350,0.791630,0.832890,0.818271,0.816752,0.810578,0.809012,0.790519,0.821293,0.810758,0.800280,0.835372,0.823093,0.824360,0.810624,0.815466,0.795787,0.765196,0.816625,0.791418,0.808507,0.797687,0.811989,0.781018,0.820666,0.812654,0.813225,0.799356,0.845303,0.796629,0.799710,0.820037,0.843941,0.822646,0.784958,0.839676,0.790434,0.768854,0.768907,0.792704,0.823297,0.810681,0.774644,0.801405,0.800102,0.789867,0.794912,0.805805,0.836256,0.798512,0.832060,0.836634,0.796758,0.792112,0.807324,0.830672,0.780173,0.803664,0.778456,0.777004,0.806297,0.806770,0.761059,0.801032,0.781117,0.791520,0.781420,0.797669,0.778192,0.818528,0.796692,0.824135,0.792116,0.808000,0.817275,0.797539,0.793203,0.841186,0.778046,0.793150,0.785240,0.780521,0.824751,0.796006,0.794438,0.772209,0.776868,0.790332,0.797420,0.807367,0.787659,0.797041,0.802049,0.781259,0.773009,0.778502,0.805481,0.793674,0.825437,0.804840,0.808411,0.786139,0.808032,0.786386,0.858754,0.803019,0.806974,0.808266,0.787080,0.816537,0.836795,0.780163,0.800429,0.792690,0.808571,0.789621,0.843626,0.778849,0.789391,0.832711,0.751598,0.823761,0.805324,0.838288,0.812177,0.823901,0.788314,0.792979,0.801049,0.813448,0.790672,0.816950,0.796401,0.798178,0.746705,0.774215,0.758228,0.798790,0.775426,0.808603,0.811726,0.794735,0.780775,0.794893,0.811738,0.822738,0.816597,0.808997,#
16,0.843253,0.808047,0.786495,0.804483,0.811391,0.812787,0.815061,0.815501,0.790478,0.797110,0.807533,0.811340,0.813529,0.792813,0.796247,0.800155,1.000000,0.825661,0.811204,0.821482,0.870091,0.800304,0.773557,0.831343,0.791320,0.811197,0.821118,0.780221,0.785047,0.812827,0.803880,0.840592,0.838692,0.809810,0.787915,0.815538,0.831515,0.808327,0.806876,0.813487,0.795292,0.783421,0.806139,0.801319,0.806427,0.810302,0.811428,0.803053,0.815986,0.825995,0.783095,0.804630,0.827278,0.837529,0.841051,0.839703,0.745384,0.824006,0.813286,0.766212,0.797634,0.824973,0.792930,0.793583,0.809010,0.789723,0.822385,0.819400,0.829534,0.830948,0.799861,0.793950,0.843289,0.804664,0.806799,0.772794,0.801524,0.811819,0.799434,0.816879,0.847496,0.805453,0.823791,0.830212,0.828148,0.820172,0.820795,0.799245,0.815603,0.798950,0.759092,0.793901,0.830356,0.801151,0.812803,0.827464,0.800999,0.791015,0.830863,0.809658,0.798175,0.801289,0.798807,0.836179,0.772047,0.833726,0.830978,0.814089,0.831418,0.782620,0.823972,0.808820,0.820117,0.797957,0.805709,0.839009,0.834244,0.812606,0.770214,0.735668,0.791748,0.829823,0.812786,0.835240,0.820903,0.800552,0.807812,0.766542,0.782278,0.802071,0.820776,0.803624,0.801186,0.776320,0.842410,0.833437,0.798437,0.787605,0.782685,0.805551,0.803604,0.820527,0.807330,0.811526,0.778873,0.762064,0.818061,0.780750,0.812649,0.823842,0.773020,0.836887,0.765678,0.773721,0.843355,0.812428,0.831776,0.794258,0.802709,0.798911,0.791769,0.810731,0.838176,0.785972,0.812200,0.803741,0.813957,0.790436,0.810440,0.787380,0.818480,0.827245,0.801543,0.805900,0.807134,0.810516,0.780026,0.847603,0.804699,0.786097,0.785174,0.797012,0.803617,0.772597,0.792920,0.819019,0.788999,0.810703,0.798502,0.796310,0.819984,0.796896,0.812044,0.797971,0.790197,0.812568,0.806732,0.822992,0.798859,0.798758,#
17,0.859364,0.816345,0.815196,0.816399,0.829167,0.830171,0.842227,0.826160,0.845335,0.806822,0.791340,0.850465,0.830377,0.850914,0.794826,0.833790,0.825661,1.000000,0.816055,0.833365,0.836182,0.824327,0.829336,0.839934,0.822611,0.829990,0.833552,0.826405,0.805385,0.845445,0.828006,0.845712,0.824785,0.809842,0.794775,0.854221,0.806938,0.838846,0.835154,0.841197,0.832730,0.819651,0.842577,0.814497,0.816821,0.814770,0.835202,0.868247,0.840989,0.831715,0.831632,0.822275,0.836875,0.814705,0.844394,0.846778,0.805809,0.819692,0.823849,0.792155,0.806580,0.819464,0.806340,0.832360,0.848805,0.861418,0.860036,0.847251,0.810868,0.808687,0.818933,0.827293,0.828909,0.819659,0.823756,0.783687,0.842023,0.830930,0.830818,0.828918,0.851712,0.821283,0.845238,0.825703,0.828908,0.831065,0.840419,0.836268,0.813859,0.798519,0.796511,0.794993,0.849947,0.826502,0.816999,0.858492,0.824978,0.791523,0.801932,0.828555,0.840586,0.790169,0.817213,0.844712,0.787824,0.813210,0.825400,0.837766,0.809391,0.805954,0.830391,0.799888,0.808532,0.824188,0.817477,0.809130,0.783619,0.813269,0.791120,0.802867,0.818585,0.845671,0.829149,0.835490,0.818720,0.824315,0.825909,0.794324,0.787692,0.818800,0.840087,0.850803,0.843720,0.804323,0.830519,0.834421,0.834283,0.824757,0.829128,0.845053,0.828806,0.850677,0.850083,0.830627,0.839582,0.794275,0.816969,0.804517,0.840146,0.802769,0.836866,0.823631,0.804007,0.798185,0.840227,0.846009,0.881440,0.819838,0.838899,0.796794,0.812432,0.833892,0.857552,0.815730,0.827133,0.806203,0.801328,0.776217,0.846678,0.794494,0.849418,0.819948,0.826553,0.825905,0.856358,0.810073,0.827125,0.848079,0.802795,0.838048,0.830618,0.856466,0.823997,0.832795,0.831055,0.819634,0.797780,0.846749,0.785605,0.808484,0.827848,0.832327,0.836681,0.843682,0.831497,0.840307,0.799121,0.862945,0.812907,0.797558,#
18,0.832419,0.804906,0.785386,0.835895,0.804439,0.785188,0.803955,0.810150,0.796374,0.815079,0.790957,0.836700,0.817206,0.828188,0.799024,0.808818,0.811204,0.816055,1.000000,0.826595,0.810591,0.817923,0.824606,0.800553,0.778905,0.814627,0.794760,0.826899,0.800065,0.820939,0.772670,0.836384,0.829546,0.821896,0.808162,0.834281,0.802898,0.810180,0.801384,0.832977,0.814135,0.758814,0.817617,0.782138,0.832268,0.786649,0.818956,0.807345,0.791508,0.801460,0.788860,0.798593,0.831500,0.786823,0.835712,0.832085,0.786142,0.825435,0.799484,0.826322,0.801307,0.784427,0.820110,0.791256,0.848702,0.787394,0.816028,0.791555,0.754839,0.807569,0.814377,0.769643,0.827868,0.792952,0.837597,0.768478,0.840362,0.799859,0.818455,0.804310,0.819760,0.789773,0.829018,0.809897,0.826575,0.816998,0.801388,0.811181,0.808910,0.764216,0.794758,0.784875,0.826908,0.802247,0.817942,0.803022,0.809829,0.805473,0.806556,0.816317,0.818249,0.796111,0.812581,0.829650,0.814011,0.816185,0.798372,0.800402,0.802283,0.772642,0.847655,0.766284,0.834279,0.811826,0.759069,0.803422,0.783570,0.777498,0.775353,0.779997,0.803004,0.844506,0.792785,0.801144,0.803015,0.766792,0.811371,0.791421,0.811059,0.791930,0.776206,0.826723,0.799375,0.804855,0.821755,0.816824,0.817406,0.813021,0.770087,0.805193,0.779219,0.847365,0.802918,0.843354,0.794195,0.800812,0.804651,0.761830,0.811228,0.803686,0.788604,0.823171,0.804118,0.779890,0.812914,0.819718,0.830565,0.822851,0.803250,0.800013,0.822879,0.820100,0.845868,0.802893,0.801547,0.804106,0.848075,0.768055,0.803042,0.809455,0.798492,0.824851,0.820378,0.825244,0.793040,0.816939,0.809611,0.842031,0.792666,0.809102,0.791790,0.815698,0.804151,0.789532,0.804058,0.811096,0.799080,0.773705,0.774722,0.801803,0.815908,0.807527,0.786181,0.841481,0.811755,0.800022,0.776395,0.832570,0.806657,0.778804,#
19,0.829860,0.830962,0.819957,0.810018,0.849558,0.855132,0.792241,0.821311,0.841021,0.810493,0.805362,0.805773,0.809234,0.811637,0.811712,0.809820,0.821482,0.833365,0.826595,1.000000,0.831167,0.797697,0.811615,0.826283,0.802456,0.783952,0.820844,0.806576,0.804990,0.831927,0.837427,0.843567,0.817913,0.800861,0.773286,0.838701,0.797814,0.792944,0.822953,0.816026,0.823362,0.773558,0.816757,0.798656,0.802457,0.813670,0.860596,0.814076,0.826941,0.794336,0.789468,0.810543,0.817152,0.815700,0.830121,0.829865,0.817658,0.813724,0.819991,0.784829,0.801580,0.818539,0.844066,0.816146,0.842195,0.809527,0.816501,0.806021,0.793592,0.800216,0.820901,0.793290,0.841716,0.817652,0.809954,0.781308,0.809214,0.809705,0.832184,0.807142,0.838593,0.782970,0.854490,0.797200,0.809144,0.817253,0.807837,0.844601,0.830741,0.748705,0.781332,0.797266,0.837610,0.824217,0.798308,0.814937,0.818171,0.810812,0.802104,0.818355,0.822932,0.798320,0.808488,0.825539,0.804393,0.819696,0.824278,0.817184,0.799338,0.755795,0.799100,0.790160,0.815437,0.813226,0.799221,0.812360,0.821395,0.806706,0.782862,0.736746,0.795015,0.848350,0.796695,0.844064,0.825328,0.788633,0.825492,0.792666,0.824375,0.848292,0.810616,0.834364,0.811817,0.822125,0.851811,0.819418,0.810594,0.813797,0.781333,0.787312,0.789365,0.827580,0.808107,0.810314,0.793718,0.776427,0.786615,0.757398,0.832102,0.818872,0.804702,0.849145,0.798704,0.784048,0.835996,0.809992,0.852721,0.813225,0.821303,0.812371,0.819057,0.816202,0.829518,0.785115,0.821718,0.799583,0.789164,0.806372,0.821182,0.800033,0.821360,0.836537,0.830332,0.819237,0.828826,0.793279,0.814141,0.856228,0.804910,0.773689,0.772859,0.836256,0.826342,0.829545,0.822012,0.796809,0.771226,0.799681,0.809859,0.814725,0.825355,0.820447,0.802096,0.831305,0.806971,0.814130,0.771003,0.815012,0.816564,0.797140,#
20,0.827352,0.822970,0.813848,0.811465,0.837867,0.819363,0.848930,0.826028,0.823566,0.848428,0.817412,0.815670,0.815255,0.834341,0.811282,0.805890,0.870091,0.836182,0.810591,0.831167,1.000000,0.824425,0.792380,0.846824,0.805546,0.834748,0.829891,0.826063,0.799948,0.836821,0.820768,0.832862,0.824447,0.849061,0.825069,0.842463,0.834868,0.816979,0.844632,0.836585,0.822681,0.836604,0.812607,0.825203,0.841767,0.813981,0.848935,0.809813,0.809360,0.815287,0.809789,0.839836,0.817564,0.842109,0.846683,0.854754,0.797168,0.846011,0.830106,0.806219,0.831042,0.814705,0.842539,0.807016,0.849885,0.825937,0.848964,0.822429,0.824315,0.818283,0.838847,0.828129,0.825613,0.826232,0.817558,0.767400,0.800124,0.828964,0.828512,0.842538,0.858474,0.839944,0.841611,0.829601,0.813635,0.827120,0.837952,0.830804,0.827953,0.814036,0.806789,0.824301,0.842358,0.844597,0.843876,0.802337,0.795904,0.805350,0.829001,0.820350,0.842261,0.820741,0.837915,0.842791,0.818327,0.802791,0.841041,0.837531,0.816841,0.825803,0.834266,0.831739,0.815530,0.789038,0.818888,0.826015,0.829190,0.841982,0.769505,0.781131,0.834739,0.850435,0.810713,0.859859,0.810077,0.814942,0.803070,0.792421,0.816943,0.833147,0.832538,0.824048,0.838701,0.840636,0.846096,0.807556,0.794607,0.822267,0.821953,0.835854,0.808470,0.829731,0.820122,0.833151,0.826018,0.785275,0.816271,0.797778,0.814379,0.854155,0.832717,0.842131,0.809387,0.813490,0.844475,0.818645,0.834662,0.817805,0.835911,0.816262,0.813256,0.838554,0.829238,0.817503,0.842145,0.770714,0.801399,0.787286,0.823858,0.806172,0.834268,0.826454,0.833534,0.823087,0.823248,0.812104,0.799823,0.857537,0.817074,0.815579,0.805381,0.819554,0.821479,0.794207,0.804208,0.834694,0.786754,0.819669,0.805110,0.823541,0.790638,0.801641,0.825318,0.848469,0.814876,0.795259,0.816476,0.838363,0.833246,0.819606,#
21,0.797213,0.848425,0.808745,0.836508,0.814358,0.807372,0.802231,0.806182,0.849984,0.803618,0.778824,0.808281,0.776213,0.806543,0.791092,0.817128,0.800304,0.824327,0.817923,0.797697,0.824425,1.000000,0.810964,0.826323,0.763868,0.789184,0.819517,0.795566,0.812142,0.802802,0.812967,0.803648,0.836097,0.830843,0.812327,0.842432,0.814440,0.815974,0.820011,0.796248,0.795824,0.823783,0.804102,0.791496,0.818216,0.806549,0.815423,0.811327,0.810649,0.798851,0.797303,0.822861,0.792121,0.791515,0.844681,0.832476,0.806730,0.811321,0.832422,0.776678,0.810256,0.799915,0.785563,0.780224,0.853792,0.816117,0.825650,0.823626,0.799687,0.809595,0.818353,0.817765,0.842277,0.828898,0.848660,0.786735,0.801962,0.812340,0.816810,0.827828,0.824503,0.789794,0.833359,0.800783,0.845770,0.816833,0.792993,0.826835,0.818398,0.806754,0.760538,0.780399,0.831227,0.810876,0.820736,0.810286,0.818562,0.777826,0.792038,0.823582,0.815609,0.815741,0.795386,0.827042,0.775635,0.835468,0.789214,0.805141,0.792569,0.811646,0.835757,0.781975,0.810411,0.818342,0.753763,0.794082,0.815655,0.816453,0.769498,0.788029,0.798729,0.830913,0.804580,0.816638,0.807994,0.766971,0.809725,0.809587,0.788043,0.820341,0.819571,0.840476,0.827299,0.799567,0.842202,0.797805,0.773983,0.767427,0.788947,0.812202,0.822624,0.837686,0.796758,0.816415,0.807432,0.795402,0.798653,0.775460,0.812110,0.810378,0.832003,0.820070,0.790787,0.811797,0.826151,0.819393,0.834121,0.793857,0.796953,0.803469,0.805759,0.827724,0.831130,0.830449,0.832731,0.776682,0.819469,0.777510,0.784328,0.802434,0.812652,0.812550,0.792593,0.795592,0.810002,0.818673,0.759637,0.838543,0.784864,0.793325,0.787969,0.832274,0.787934,0.806885,0.805462,0.832703,0.780854,0.761738,0.769323,0.822993,0.813716,0.781173,0.801167,0.821823,0.818152,0.787388,0.807462,0.826863,0.783397,0.799304,#
