0,1.000000,0.046102,0.163144,0.093597,0.160659,0.091115,0.121802,-0.007991,0.124304,0.121245,0.193509,0.032353,0.078090,0.094243,0.228524,0.217917,0.186213,0.217678,0.229433,0.261456,0.115732,0.122211,0.194324,0.338522,0.141077,0.038780,0.164673,-0.001523,0.130219,0.241296,0.014687,0.187237,0.115733,0.174064,0.226902,0.126642,0.071626,0.071583,0.241574,0.192010,0.158681,0.093564,0.234405,-0.005627,0.086300,0.079786,0.078608,0.197170,0.178981,0.257382,0.123253,0.109462,0.132743,0.190848,0.250698,0.200346,0.207155,0.180849,-0.001125,0.033797,0.189293,0.178155,0.226442,0.052331,0.104981,0.098117,0.128154,0.123290,0.125061,0.119985,0.123804,0.077644,0.143928,0.203681,0.112852,-0.017340,0.233957,0.170325,0.108372,0.084128,0.113437,0.040553,0.074123,0.165637,0.279913,0.102025,0.189964,0.214136,0.199632,0.155382,0.065274,0.030364,0.190601,0.078160,0.189134,0.187476,0.237390,0.054911,0.133341,0.247439,0.200625,0.159052,0.103785,0.219673,0.136999,0.210813,0.190418,0.159616,0.228396,-0.036845,-0.010026,0.168387,0.029384,0.195208,0.120705,0.102766,0.092190,0.079304,0.146692,0.112090,0.212349,0.183569,0.213814,0.174004,0.184403,0.228024,0.162266,-0.028283,0.114070,0.240413,0.192798,0.078358,0.120310,0.069128,0.147515,0.137726,0.178508,0.064323,0.017097,0.183300,0.221712,0.130802,0.087084,0.121345,0.097675,0.035566,0.147593,0.122953,0.113792,0.055891,0.006778,0.122491,0.216216,0.046015,0.126434,0.185154,0.151012,0.137049,0.168892,0.165599,0.209899,0.240125,0.085614,0.024451,0.121229,0.207482,0.114615,0.180390,0.213598,0.107048,0.122347,0.063626,0.187524,0.190854,0.008158,0.213902,0.313574,0.197966,0.148993,0.045565,0.120602,0.187608,0.138170,0.092032,0.103719,0.030341,0.151517,0.301062,0.197661,-0.001960,0.003999,0.182830,0.067784,0.195178,0.249836,0.120882,0.018945,0.204139,0.208628,0.193494,#
1,0.046102,1.000000,0.061514,0.096211,0.077124,0.096347,0.174265,0.135160,0.283916,0.085193,0.239547,0.207587,0.115056,0.040695,0.028192,0.021458,0.151959,0.105838,-0.013140,0.119789,0.000896,0.133780,0.079777,0.056282,0.116991,0.118539,0.068253,0.180937,-0.076141,0.108390,0.175314,0.096936,-0.029808,0.172506,-0.015643,0.099518,0.131927,0.010523,0.259333,0.124712,0.027539,-0.008249,0.195433,0.072548,0.050380,0.072422,0.315678,0.126155,0.094170,0.046301,0.126739,0.126258,0.180180,0.165006,0.058217,0.110874,0.099018,-0.049943,-0.055183,0.036888,0.064451,0.115358,0.157263,-0.031951,0.049763,0.206067,0.087719,0.202231,0.175818,0.242857,0.145564,0.161195,0.279084,-0.009791,0.197276,0.119264,0.127364,0.086601,0.294648,0.058929,0.067994,0.169352,0.069952,0.092121,0.204902,-0.072164,0.192870,0.187199,0.184919,0.062094,0.107724,0.101955,-0.013987,0.109243,0.070599,0.150756,0.040488,0.033964,0.063152,0.074090,0.174175,0.027402,0.033636,0.101146,-0.001075,0.168673,0.187524,0.241158,0.150084,0.107652,0.115937,0.119158,-0.002702,0.145364,0.199939,0.303279,0.128672,0.042820,-0.002173,0.037320,0.007374,0.153120,0.188269,0.133091,0.154606,0.101153,0.097101,0.096026,0.159225,0.177768,-0.001028,0.170722,0.102903,0.111368,0.218617,0.235484,0.124247,0.218503,0.159717,0.144375,0.155842,0.021067,0.138151,0.188101,0.171203,0.055657,0.065375,0.037002,0.134699,-0.020567,0.127387,0.109616,0.000348,-0.085404,0.316234,0.153277,0.039570,0.099299,-0.068837,-0.041166,0.006955,0.229795,0.148566,0.193473,0.126078,0.080396,0.074970,-0.006029,0.089713,0.147102,0.098965,0.177868,0.079205,0.082001,0.045423,0.196595,0.090551,0.190705,0.078244,-0.022230,0.097032,-0.002728,0.203195,0.009644,0.130250,0.135809,0.042586,-0.045077,0.187015,0.168965,0.189452,0.164148,-0.041158,0.068296,0.149590,0.009361,0.000523,0.254579,0.031077,0.247167,#
2,0.163144,0.061514,1.000000,0.152857,0.218488,0.082958,0.174467,0.187026,0.105150,0.119339,0.213195,0.216398,0.052475,0.310990,0.044256,0.157264,0.025018,0.071456,0.113550,0.170388,0.258588,0.224208,0.042655,0.136694,0.117980,0.262879,0.208327,0.124212,0.036849,0.223300,0.030973,-0.001014,0.123855,0.080556,0.119751,0.122965,0.147968,-0.011142,0.149322,0.040414,0.130934,0.083748,0.237398,0.061519,0.019946,0.150888,0.163198,0.106847,0.033648,0.121689,0.200557,0.213900,0.146724,0.110922,0.068721,0.165562,0.112949,0.011261,0.135286,0.187357,0.285020,0.071725,0.091189,0.142102,0.234137,0.175960,0.070183,0.084152,0.191607,0.194711,0.125849,0.160644,0.036319,0.225397,0.235817,0.090074,0.112089,0.107450,0.124400,0.094610,0.182793,0.033474,0.117668,-0.035618,0.202227,0.054251,0.129177,0.191405,0.049214,0.041879,0.073037,0.184091,0.245017,0.155769,0.099355,0.161146,0.213996,0.046449,0.179184,0.116870,0.234019,0.097066,0.023788,0.206947,0.020594,0.187742,0.182822,0.227232,0.197570,0.114902,0.152788,0.116666,0.219690,0.119974,0.098469,0.200941,0.106320,0.134996,-0.148749,0.063150,0.100347,0.049558,0.009877,0.164614,0.083459,0.026429,0.242945,0.102608,0.167002,0.172443,0.071400,0.152468,0.141374,0.120583,0.239136,0.128054,0.186830,0.139346,0.107796,0.002018,0.072331,0.128236,0.107409,0.062057,0.227728,0.129957,-0.004522,0.071346,0.170323,0.023526,0.071658,0.215599,0.210544,0.129952,0.093650,0.050912,0.022547,-0.006447,0.125498,0.122424,0.048141,0.289323,0.152984,0.175438,0.096436,0.177449,0.080344,0.017511,-0.020823,0.121487,0.063226,0.268014,0.190954,0.071177,0.144717,0.093853,0.201851,0.120448,-0.024605,0.073829,0.170086,0.136254,0.014690,0.267899,0.024771,0.120336,0.124086,0.041604,0.128557,0.019953,0.041608,0.165070,0.267807,0.134598,0.145528,0.021763,-0.041707,0.165268,0.228782,0.227626,#
3,0.093597,0.096211,0.152857,1.000000,0.207290,0.141479,0.198635,0.086617,0.269716,0.137220,0.219539,0.231758,0.116565,0.092286,0.118060,0.109992,0.130407,0.168925,0.244552,0.184569,0.170500,0.171880,0.159257,0.301825,0.134782,0.193570,0.211439,0.161543,0.126296,0.299245,0.196464,0.186810,0.314982,0.223873,0.015014,0.155755,0.214827,0.216903,0.290706,0.132065,0.122255,0.251096,0.216433,0.284526,0.029531,0.189433,0.129301,0.187340,-0.009110,0.103075,0.176256,0.163494,0.187680,0.038366,0.065213,0.283880,0.163020,0.095709,0.109961,0.139226,0.205137,0.036597,0.156915,0.072631,0.345032,0.148957,0.115581,0.043143,-0.008053,0.260227,0.112597,0.170513,0.245878,0.053433,0.189797,0.218805,0.150102,0.148835,0.161859,0.086489,0.238721,0.164372,0.152285,-0.009556,0.242505,0.110556,0.117076,0.135214,0.162032,0.106909,0.218474,0.192454,0.152491,0.158832,0.106266,0.205197,0.150133,0.023644,0.199165,0.145381,0.220219,0.104809,0.131063,0.107337,0.319626,0.108612,0.190240,0.193020,0.179953,0.143705,0.129531,0.042577,0.172216,0.116816,0.077594,0.152725,0.159575,0.102735,0.048420,0.074777,0.145954,0.148825,0.160400,0.215309,0.060530,0.099779,0.231860,0.235546,0.117881,0.216602,0.225760,0.280660,0.227705,0.211161,0.193322,0.199225,0.011959,0.076182,0.128153,0.092703,0.124943,0.265213,0.195991,0.125071,0.085439,0.146495,0.248715,0.325826,0.117510,0.144023,0.000184,0.041460,0.082715,0.134532,0.272391,0.035684,0.021726,0.070967,0.216115,0.204104,0.127574,0.197830,0.160483,0.199652,0.108363,0.124942,0.154882,0.086753,0.062169,0.129354,0.157518,0.062929,0.125097,0.048677,0.037677,0.212561,0.203194,0.202710,0.030071,0.146178,0.068205,0.247450,0.221206,0.063202,0.016776,0.113921,0.117501,0.101397,0.086106,0.179570,0.113287,0.219975,0.268967,0.078535,0.214588,0.179203,0.179369,0.237779,0.153558,0.155161,#
4,0.160659,0.077124,0.218488,0.207290,1.000000,0.263487,0.030815,0.130848,0.255318,0.191950,0.043562,0.151411,0.161626,0.124848,0.119663,0.163415,0.117895,0.153859,0.180507,0.337923,0.326289,0.150858,0.171893,0.303402,0.081675,0.260460,0.154685,0.035053,0.159421,0.109563,0.099632,0.138419,0.211246,0.170597,0.070526,0.186981,0.334821,0.102463,0.200118,0.098743,0.119561,0.263799,0.208050,0.138758,0.215539,0.162928,0.310876,0.173399,0.096129,0.097442,0.086819,0.103707,0.174719,0.217933,0.252831,0.239253,0.170453,0.089689,0.162641,0.149165,0.216144,0.200466,0.113803,-0.020512,0.182584,0.110964,0.091362,0.149962,0.069632,0.179014,0.220737,0.186266,0.238872,0.173419,0.166812,0.052365,0.119525,0.277844,0.197189,0.179931,0.227250,0.213413,0.054885,-0.006474,0.334299,0.105195,0.167443,0.165430,0.174827,0.096213,0.256651,0.070613,0.169538,0.115349,0.157264,0.234915,0.149879,0.134616,0.120865,0.171763,0.147200,0.093270,0.171719,0.175475,0.126208,0.184495,0.071307,0.225375,0.185062,0.265681,0.227393,0.207241,0.283102,0.317824,0.146641,0.059635,0.176708,0.058628,-0.026480,0.066301,0.078518,0.140707,0.182580,0.091078,0.243186,0.000053,0.223878,0.116293,0.261172,0.196951,0.209440,0.069132,0.234596,0.239354,0.259096,0.202594,0.126392,0.024447,0.172219,0.090875,0.152508,0.091558,0.194771,0.071263,0.222105,0.194775,0.189095,0.179048,0.120559,0.136969,0.063261,0.127703,0.207442,0.285914,0.254230,0.066127,0.265941,0.119684,0.039587,0.201737,0.163539,0.181778,0.126241,0.091149,-0.089947,0.199541,-0.008746,0.078028,0.058707,0.173584,0.055626,0.164521,0.323170,0.200645,0.193382,0.225663,0.272115,0.237115,0.137784,0.120476,0.016396,0.055803,0.215354,0.092177,0.140510,0.183116,-0.021691,0.227972,0.153067,0.248469,0.027483,0.126101,0.077972,0.112340,0.147010,0.233167,0.153916,0.172640,0.224898,0.368672,#
5,0.091115,0.096347,0.082958,0.141479,0.263487,1.000000,0.096546,0.171427,0.244933,0.180920,0.203351,0.093436,0.150527,0.076495,0.134822,0.195599,0.103072,0.163464,-0.036588,0.219871,0.133854,-0.008872,0.129974,0.197975,0.154248,0.133030,0.217785,0.154629,0.180341,0.179945,0.218182,0.223126,0.269864,0.212239,0.057896,0.138251,0.202644,0.068643,0.195250,0.124866,0.201570,0.126819,0.068924,0.225483,0.108542,0.174053,0.253372,0.080265,0.173744,0.097986,0.113192,0.169369,0.103273,0.131251,0.038600,0.268918,0.134933,0.002199,0.240342,0.142224,0.145468,0.192440,0.178519,0.038853,0.197716,0.169047,0.152906,0.133050,0.206866,0.020689,0.161236,0.152917,0.282288,0.198874,0.099942,0.167326,0.215898,0.237238,0.169879,0.164812,0.224594,0.175761,0.177614,-0.004730,0.116698,0.105140,0.149836,0.140160,0.195473,-0.015134,0.007452,0.192009,0.257966,0.267607,0.090358,0.176252,0.064337,0.171015,0.258866,0.096817,0.160162,0.203186,0.060488,0.184067,0.075861,0.173719,0.130730,0.242109,0.097168,0.135616,0.121642,0.178505,0.106381,0.138706,0.171678,0.093074,0.199522,0.103978,0.024192,0.072345,0.047797,0.198275,0.097778,0.233097,0.007244,0.054128,0.133889,0.021632,0.176898,0.167327,0.260840,0.179115,0.266284,0.220929,0.269578,0.291593,0.167351,0.114971,0.096787,-0.060885,0.219400,0.082071,0.191070,0.251011,0.239553,0.075529,0.116482,0.081138,0.064940,0.101899,0.212781,0.000864,0.172086,0.191037,0.131876,0.159282,0.192619,0.103938,0.201773,0.091819,0.159457,0.163157,0.195606,0.131257,0.122121,0.121756,-0.025875,0.199132,0.191645,0.217748,0.226892,0.185779,0.119180,0.118940,0.067325,0.185423,0.194537,0.175415,0.191039,0.067004,0.201952,0.055235,0.352009,0.139822,0.091166,0.226786,0.157896,0.105373,0.057020,0.114413,0.025294,0.204687,0.124398,0.139786,0.164785,0.086033,0.051724,0.239288,0.119167,0.271879,#
6,0.121802,0.174265,0.174467,0.198635,0.030815,0.096546,1.000000,0.047204,0.190362,0.042869,0.115284,0.107916,0.131332,0.209100,0.037684,0.075183,0.144828,0.105970,0.107496,0.039623,0.265096,0.133013,-0.082268,0.074938,0.035496,0.094849,0.087365,0.070578,0.085354,0.225855,0.104644,0.092409,0.087510,0.159968,0.033200,0.079530,0.045025,0.098974,0.115222,0.183280,-0.036452,0.081701,0.051279,0.064656,0.139228,0.156872,0.131580,-0.019726,0.121856,0.057362,0.052887,0.164647,0.219623,0.104002,0.041337,0.122193,0.090911,0.121989,0.158311,0.155934,0.193017,-0.028953,0.111978,0.132995,0.261409,0.235321,0.178681,0.112522,0.113718,0.097055,0.075751,0.161256,0.121022,0.197814,0.198803,0.175358,0.169681,0.106569,0.190914,0.082310,0.095628,0.096081,0.201680,-0.027657,0.060359,0.097544,0.101800,0.113592,0.057538,0.063205,0.058448,0.129744,0.023289,0.040337,0.043478,0.068963,0.248619,0.073155,0.101299,0.205908,0.127056,0.175094,0.197589,0.031382,-0.121634,0.150292,0.054457,0.023313,0.124277,0.076374,0.090978,0.133277,0.018585,-0.101917,0.120521,0.102234,0.328071,0.047335,0.104738,0.092132,0.193732,0.151220,-0.000576,0.199838,0.132015,0.192593,0.052742,0.128981,0.079744,0.171604,0.076694,0.119233,0.178827,0.015601,0.205391,0.190667,0.027170,0.118733,0.218378,0.109619,0.130386,0.121042,-0.008770,0.112250,0.045256,0.072207,0.140369,0.096914,0.066327,-0.074655,0.160824,0.006342,0.106970,-0.063016,0.207403,0.023507,0.006648,0.203446,0.174879,0.014355,0.028797,0.223466,0.198220,0.174784,0.144912,0.170543,0.047632,0.067450,0.120539,0.104128,0.067754,0.070352,0.063624,0.039160,0.112775,0.142082,0.025232,0.194144,0.195974,-0.034231,0.076584,0.005679,0.235608,0.204828,0.147656,0.130715,0.002890,0.122280,-0.001508,0.178966,-0.085539,0.143399,0.055657,0.219539,0.068469,-0.006014,0.066530,0.171720,0.126600,0.150673,#
7,-0.007991,0.135160,0.187026,0.086617,0.130848,0.171427,0.047204,1.000000,0.280414,0.184836,0.156792,0.231994,0.043375,0.142300,0.262470,0.080072,0.135893,0.222187,0.063224,0.147206,0.087529,0.174218,0.205199,0.144017,0.228796,0.150684,0.159335,0.253447,0.041274,0.194711,0.029889,0.066389,0.097500,0.107995,-0.020044,0.093459,0.037666,-0.036431,0.250533,0.097557,0.070267,0.071584,0.104410,0.193350,0.162836,0.166290,0.150939,0.155383,0.079193,0.059646,0.172822,0.096786,0.005862,0.209362,0.109616,0.134105,0.128576,0.159765,0.111358,0.043889,0.179943,0.098287,0.095942,0.018158,0.204313,0.157571,0.100732,0.082127,0.135564,0.327495,0.139723,-0.003186,0.323468,0.133874,0.125417,0.092372,0.032938,0.145159,0.216726,0.256243,0.194475,0.138589,0.123607,0.065974,0.223863,0.028111,0.124133,0.115673,0.113394,0.153432,0.011246,0.067995,0.183211,0.144707,0.063014,-0.025159,0.026552,0.165527,0.074651,0.147169,0.184866,0.062209,0.035004,0.064727,-0.028167,0.234444,0.235450,0.104784,0.122566,0.111841,0.094904,0.036721,0.085769,0.096573,0.329319,0.153586,0.000384,-0.058697,-0.010641,0.260147,0.135786,0.156220,0.065905,0.246496,0.197107,0.043529,0.211615,0.188869,0.095361,0.091281,0.108549,0.069851,0.254202,0.067590,0.296582,0.266755,-0.051096,0.250175,0.046684,0.072868,0.233543,0.118209,0.115668,0.029252,0.132666,0.166135,0.205600,0.107803,0.141594,0.097208,0.038160,0.155584,0.101588,0.120947,0.042311,0.196024,0.147025,0.137074,0.138156,0.160705,0.147696,0.082498,0.194922,0.045297,-0.014925,0.244412,0.150448,0.025263,0.025240,0.047449,0.175690,0.205612,0.204598,0.086250,0.177070,0.081793,0.149495,0.108224,-0.041263,0.123237,0.226781,0.092198,0.107354,0.143142,-0.106536,0.186791,0.007750,-0.073984,0.118994,0.260215,0.141375,0.051522,0.122982,0.039472,0.145963,0.077933,0.010950,0.199153,0.155051,0.173994,#
8,0.124304,0.283916,0.105150,0.269716,0.255318,0.244933,0.190362,0.280414,1.000000,0.253585,0.199912,0.158448,0.148163,0.123260,0.293058,0.179610,0.057093,0.144936,0.094923,0.185654,0.149394,0.171114,0.183799,0.293438,0.044632,0.248084,0.141547,0.224224,0.042256,0.248476,0.035860,0.140682,0.144473,0.151394,0.068450,0.165179,0.235709,0.057096,0.225414,0.200877,0.148926,0.191037,0.166060,0.119225,0.218384,0.172513,0.118964,0.162440,0.124353,0.158515,0.174846,0.343349,0.069067,0.325861,0.112310,0.313235,0.164914,0.249736,0.072394,0.221896,0.239708,0.149327,0.256813,-0.083736,0.249962,0.330621,0.150548,0.140630,0.321301,0.208940,0.148604,0.123119,0.295524,0.121847,0.140800,0.169208,0.091876,0.160771,0.200415,0.212419,0.185616,0.286042,0.164345,0.058038,0.305717,0.184902,0.099749,0.112706,0.081870,0.250459,0.125450,0.221118,0.148393,0.106109,0.365694,0.243059,0.188529,0.129985,0.184379,0.089849,0.185996,0.115890,0.096462,0.233365,0.149260,0.174091,0.245494,0.271560,0.102767,0.210459,0.168317,0.171937,0.059195,0.195805,0.283848,0.275312,0.146670,0.094048,0.043345,0.194464,0.241026,0.147477,0.242987,0.174822,0.157545,0.235161,0.172365,0.250657,0.099862,0.250320,0.149075,0.030776,0.312370,0.201244,0.356884,0.252867,0.044769,0.212808,0.122674,0.099439,0.150845,0.205031,0.278063,0.146511,0.097831,0.112322,0.265597,0.208212,0.135027,0.077137,0.207251,0.041386,0.139922,0.210412,0.383230,0.260532,0.143284,0.254918,0.113651,0.195002,0.056340,0.163758,0.141175,0.153758,0.191232,0.164843,0.167668,0.035032,0.183159,0.168394,0.163507,0.251299,0.169214,0.145624,0.216706,0.202783,0.101739,0.236251,0.197215,0.110776,0.191885,0.126524,0.103911,0.202345,0.158364,0.199922,0.026300,0.035853,0.198250,0.254843,0.182012,0.157660,0.190088,0.113486,0.235947,0.084144,0.063478,0.150805,0.097034,0.175453,#
9,0.121245,0.085193,0.119339,0.137220,0.191950,0.180920,0.042869,0.184836,0.253585,1.000000,0.258617,0.058687,0.126255,0.168725,0.235749,0.189999,0.058652,0.072061,0.085875,0.322845,0.166768,0.095370,0.174003,0.221603,0.022759,0.086095,0.227676,0.174881,0.101007,0.162208,0.156617,0.118184,0.092034,0.223355,0.249675,0.157508,0.050815,0.171707,0.180429,0.002059,0.275202,0.111035,0.145095,0.018996,0.125483,0.111682,0.167983,0.091318,0.038686,0.087499,0.038782,0.193314,0.039672,0.154322,0.080618,0.250839,0.106486,0.202278,0.209262,0.092063,0.208181,0.069267,0.254095,0.040521,0.237866,0.241741,0.088067,0.097234,0.142446,0.067275,0.271826,0.178298,0.173270,0.132272,0.168383,0.136245,0.007547,0.134741,0.264044,0.199097,0.048459,0.225825,0.011823,0.038823,0.281543,0.110338,0.112690,0.209533,-0.043518,-0.100131,0.035291,0.194567,0.183908,0.063939,0.159800,0.132604,0.200429,0.255028,0.247135,-0.012512,0.111653,0.175250,0.264770,0.099393,0.266467,0.190291,0.167757,0.039524,0.253979,0.112617,0.124105,0.173798,0.218406,0.253863,0.083213,0.184151,0.077593,0.087350,0.115893,0.004216,0.193543,0.268778,0.148530,0.219854,0.110119,0.132708,0.043914,0.138042,0.238853,0.257396,0.175052,0.036203,0.159401,0.258060,0.183014,0.184482,0.124116,0.197797,0.086081,-0.030132,0.023386,0.225605,0.193311,0.115815,0.047091,0.146273,0.206439,0.131833,0.057421,0.258701,0.078314,-0.056574,0.261809,0.224431,0.215594,0.201886,0.160642,0.178172,0.312492,0.105939,0.137682,0.126314,0.070337,0.286410,0.153736,0.123420,0.073824,0.080333,0.280351,0.139411,0.225963,0.279292,0.104852,0.166555,0.097597,0.221185,0.150995,0.134936,0.124298,0.111062,0.063157,0.074948,0.197342,0.174955,0.046401,0.204264,0.014949,0.086820,0.342920,0.105288,0.113043,0.163914,0.071095,0.146531,0.097758,0.108748,0.084718,0.106729,0.123356,0.181802,#
10,0.193509,0.239547,0.213195,0.219539,0.043562,0.203351,0.115284,0.156792,0.199912,0.258617,1.000000,0.107669,-0.086337,0.104376,0.139922,0.127876,0.055791,0.105468,0.060150,0.163041,0.044480,0.045209,-0.039626,0.202310,0.037899,-0.028313,0.120747,0.281512,-0.000464,0.246518,0.168520,0.130464,0.138801,0.153598,0.145532,0.143135,0.024483,0.099177,0.252672,0.047269,0.234737,0.054295,0.039090,-0.015659,0.033145,0.143783,0.191131,0.171028,0.172276,0.238250,0.040562,0.167624,0.088528,0.138232,-0.004473,0.257724,0.119200,0.010136,0.039245,0.101803,0.092400,0.137292,0.182101,0.195179,0.315554,0.172222,0.119901,-0.010333,0.076233,0.129156,0.067166,0.221219,0.192559,0.112987,0.082887,0.144193,0.107559,0.083047,0.116250,0.115433,0.241219,0.100209,0.186680,0.112023,0.247317,0.028161,0.149119,0.233788,0.044479,0.114506,0.037146,0.163859,0.155174,0.114416,0.111859,0.245943,0.091500,0.022298,0.274896,0.161817,0.106031,0.082034,0.140223,0.042781,0.260416,-0.019205,0.171337,0.244469,0.167220,0.072393,-0.032618,0.162568,0.040492,0.120369,0.254440,0.310180,0.118205,0.010715,0.084477,0.084556,0.140044,0.262477,0.008877,0.114173,-0.006881,0.081300,0.218009,0.225595,0.115838,0.115525,0.142006,0.056431,0.109648,0.092542,0.197865,0.137833,0.005963,0.286755,0.075486,-0.023854,0.244838,0.021243,0.130218,0.097064,0.020731,-0.006183,0.059450,0.047824,0.079158,0.078251,0.099434,0.127720,0.201516,0.058808,0.190647,0.095461,0.213771,-0.002193,0.226354,0.110087,0.191562,0.058991,0.216282,0.184646,0.094374,0.155431,0.171713,0.117167,0.214969,0.187482,0.179955,0.130597,0.049975,0.171250,0.093470,0.076306,0.190609,0.233999,0.009173,0.164198,0.092081,0.054044,0.243348,0.038466,0.094405,0.135975,-0.000330,-0.087856,0.104171,0.183349,0.130320,0.122419,0.113909,0.016007,0.239532,0.025580,-0.054823,0.225614,0.199983,0.304783,#
11,0.032353,0.207587,0.216398,0.231758,0.151411,0.093436,0.107916,0.231994,0.158448,0.058687,0.107669,1.000000,0.116967,0.078991,0.016106,0.058726,0.033607,0.255981,0.155804,0.008471,0.070581,0.163201,-0.018713,0.076456,0.198392,0.223840,-0.049045,0.258613,-0.097533,0.222798,0.189542,0.139246,0.109844,0.161449,0.124589,0.116924,0.184348,0.042210,0.130470,0.188060,0.086632,0.192065,0.258513,0.195463,0.021204,0.193569,0.248158,0.069330,0.153311,0.060341,0.172615,0.204571,0.152683,0.253466,0.015267,0.072682,0.107420,0.214075,0.128446,0.002103,0.042353,0.072685,0.226450,0.056751,0.185848,0.242344,0.175181,0.224896,0.119722,0.206132,0.097048,0.090479,0.182762,0.053661,0.065992,0.073483,0.099253,0.105607,0.168844,0.080590,0.146296,0.090105,0.168869,0.058750,0.208606,-0.015706,0.106261,0.194448,0.209629,-0.005362,0.074480,0.235973,0.302309,0.249226,0.140159,0.247844,0.006698,0.075586,0.115087,0.172351,0.104253,0.114898,0.017144,0.146247,0.103837,0.277320,0.199401,0.251911,0.251122,0.171826,0.186999,0.142612,0.176651,0.114922,-0.030628,0.302947,0.052767,0.133368,-0.068704,0.123687,0.059336,0.177066,0.207096,0.128186,0.134330,0.006498,0.147243,0.114145,0.218679,0.183322,0.105812,0.246035,0.255351,0.266288,0.129771,0.142729,-0.095297,0.278888,-0.034614,0.205789,0.146080,0.070626,0.136973,0.140796,0.199580,0.068127,0.165925,0.129515,0.063884,0.064321,0.020368,0.211435,0.098954,0.154734,0.238396,0.094921,0.096471,0.004145,0.153181,0.113117,0.104153,0.193257,0.022324,0.024912,0.140153,0.076564,0.252038,0.062709,0.167269,0.176967,0.173877,0.145098,0.069841,0.022918,0.102573,0.132789,0.188454,0.165384,0.013074,0.161381,0.198698,0.096931,0.159084,0.048721,0.010520,0.158803,-0.001363,0.089037,0.115414,0.189163,0.079980,0.025243,0.252712,0.133410,0.255525,0.114769,0.074807,0.219283,0.072779,0.232257,#
12,0.078090,0.115056,0.052475,0.116565,0.161626,0.150527,0.131332,0.043375,0.148163,0.126255,-0.086337,0.116967,1.000000,0.035964,0.224699,0.071982,0.349559,0.173166,0.178072,0.274623,0.131768,0.108534,0.179928,0.184959,0.018992,0.144387,0.125042,0.102460,0.103791,0.133476,-0.004118,0.184247,0.183462,0.135758,0.154770,0.229663,0.194937,0.002445,0.148259,0.179865,0.042860,0.012542,0.163126,0.285435,0.191586,0.171094,0.196568,-0.082457,0.119161,0.047728,0.210127,0.117557,0.088557,0.174356,0.142905,0.123371,0.009757,0.149276,0.080604,-0.061782,0.037696,0.227762,0.003817,0.112076,0.258618,0.180578,0.091235,0.104773,0.118477,0.110674,0.132441,0.115618,0.152388,0.030751,0.245361,0.228643,0.173322,-0.011966,0.111108,0.035192,0.152404,0.166155,0.027308,0.071398,0.090291,0.149287,0.106340,0.187556,0.212331,-0.009196,0.054333,0.076029,-0.008287,0.086045,0.151143,0.222364,0.331200,0.186941,0.061738,0.009070,0.107231,0.142738,0.094666,0.170906,0.170010,0.097102,0.138767,0.020761,0.045129,0.111480,0.223464,0.034630,0.115585,0.094826,0.138312,0.072974,0.196285,0.021536,0.084907,0.005357,0.167386,0.161424,0.240331,0.212195,0.216642,-0.005576,0.162153,-0.055138,0.017659,0.103314,0.125647,0.131612,0.098134,0.117120,0.077005,0.065776,0.130000,0.166353,0.196077,0.056624,0.137197,0.158893,0.142958,0.086798,0.087461,0.189188,0.075574,0.164855,0.052201,0.121659,0.017597,0.225073,0.128027,0.057945,0.076169,0.221801,0.101224,-0.026658,0.058102,0.101430,0.050238,0.307540,0.197123,0.202368,0.155475,0.071134,0.223289,0.065559,0.005907,0.054609,0.158427,0.174383,0.077403,0.139304,0.119045,0.098486,0.150133,0.225600,0.049127,0.081995,0.127290,0.115694,0.223991,0.107594,0.040788,0.171207,0.061451,0.246425,0.069104,-0.001758,0.067738,0.026423,0.052659,0.135461,0.084642,0.057444,0.074380,0.185643,0.143924,0.008362,#
13,0.094243,0.040695,0.310990,0.092286,0.124848,0.076495,0.209100,0.142300,0.123260,0.168725,0.104376,0.078991,0.035964,1.000000,0.198437,0.092701,0.208946,0.104600,0.146351,0.175828,0.182261,0.167186,0.061009,0.231895,-0.006810,0.238230,0.206214,0.215359,0.155897,0.151030,0.139291,0.140481,0.230268,0.157962,0.128802,0.067696,0.062838,0.117349,0.092284,0.158634,0.011580,0.178887,0.211885,0.113481,0.108123,0.171160,0.173625,0.143144,0.151241,0.129177,0.129342,0.192955,0.177052,0.236713,0.123150,0.239237,0.061439,0.124845,0.039532,0.165016,0.195087,0.138553,0.206513,0.058357,0.193027,0.150670,0.273178,0.115508,0.312326,0.168690,0.063172,0.117288,0.053986,0.125573,0.293293,0.184148,0.190050,0.216259,0.281859,0.188062,0.110417,0.225708,0.163096,0.171867,0.207079,0.033753,0.117450,0.149617,0.242518,0.080593,0.104413,0.076547,0.190845,0.185418,0.062173,0.052022,0.218071,0.035872,0.156800,0.275726,0.191235,0.220766,0.122026,0.261942,0.023519,0.255306,0.129981,0.172271,0.253958,0.114563,0.111248,0.134716,0.296493,0.156217,0.263570,0.217538,0.242716,0.228202,0.041176,0.160641,0.180451,0.176505,0.090821,0.151097,0.167543,-0.044384,0.066441,-0.056086,0.214603,0.218054,0.053283,0.134598,0.122597,0.105898,0.331553,0.154345,0.041015,0.116801,0.252975,0.153550,-0.043216,0.123273,0.325386,0.143241,0.060526,0.214198,0.233525,0.196594,0.059149,0.131300,0.027997,0.110259,0.117824,0.208080,0.249737,0.245454,-0.056826,0.169091,0.259198,0.166202,0.099679,0.281616,0.117139,0.254281,0.123987,0.148863,0.080570,0.054250,0.144265,0.108394,0.155390,0.246520,0.200472,0.118678,0.196303,0.144714,0.138381,0.202068,0.222305,-0.044165,0.052970,0.192575,0.161249,0.147340,0.104749,0.191504,0.178770,0.151029,0.004595,0.109152,0.122034,0.159639,0.218716,0.148043,0.164545,0.122941,0.074700,0.173233,0.192548,0.170650,#
14,0.228524,0.028192,0.044256,0.118060,0.119663,0.134822,0.037684,0.262470,0.293058,0.235749,0.139922,0.016106,0.224699,0.198437,1.000000,0.271592,0.124090,0.057113,0.210359,0.267210,0.168380,0.071424,0.134063,0.272248,0.074567,0.019859,0.179141,0.173885,0.204317,0.164124,0.025118,0.190278,0.110259,0.115468,0.210656,0.137123,0.115711,0.162053,0.146373,0.223525,0.048286,0.019039,0.167798,0.062895,0.178828,0.223943,0.138138,0.030632,0.014050,0.136641,0.181982,0.087931,0.179975,0.258950,0.253028,0.183134,0.181302,0.109850,0.081100,0.063465,0.204302,0.224003,0.136778,0.108694,0.150264,0.048342,0.125665,0.132070,0.108498,0.205111,0.100644,0.123097,0.180986,0.196753,0.209536,0.146700,0.232289,0.143107,0.093677,0.105396,0.233160,0.228394,0.126653,0.216986,0.164114,0.172876,0.017134,0.169476,0.113860,0.063628,0.066376,0.098556,0.169811,0.153417,0.183308,0.112199,0.252189,0.101176,0.144808,0.068198,0.170562,0.193721,0.159449,0.176744,0.167044,0.106991,0.199302,0.187306,0.042124,0.174870,0.032462,-0.030892,0.176135,0.162428,0.180265,0.152719,0.161586,0.067588,0.162888,0.117881,0.323747,0.230223,0.101674,0.132708,0.173941,0.072004,0.112899,0.180548,0.043002,0.273394,0.094784,0.068156,0.095066,0.054549,0.170242,0.072060,-0.001640,0.163218,0.018814,0.002273,0.199548,0.187819,0.209168,0.119755,0.022067,0.293023,0.133180,0.123871,0.014563,0.061911,0.152035,0.076510,0.056919,0.152090,0.181342,0.196353,0.212493,0.132675,0.068300,0.143703,0.037975,0.124012,0.122728,0.123695,0.154786,0.097178,0.176892,0.060011,0.091363,0.230908,0.201229,0.224863,0.215070,0.163039,0.017951,0.145131,0.299934,0.238946,0.226241,0.060461,0.211375,0.206813,0.117054,0.068669,0.073023,0.114122,0.108222,-0.049750,0.021155,0.205128,-0.029030,0.091302,0.174075,0.229244,0.200850,-0.023111,0.008298,0.129800,0.209822,0.063130,#
15,0.217917,0.021458,0.157264,0.109992,0.163415,0.195599,0.075183,0.080072,0.179610,0.189999,0.127876,0.058726,0.071982,0.092701,0.271592,1.000000,0.198388,0.240596,0.100091,0.173695,0.111048,0.045573,0.165679,0.260687,0.025939,0.228755,0.127505,0.096393,0.166280,0.265662,0.082194,0.200985,0.073365,0.199407,0.084994,0.118396,0.089819,0.068287,0.214844,0.092508,0.082791,0.087283,0.141838,0.132368,0.190524,0.128531,0.017142,0.150372,0.035471,0.196009,-0.090096,0.291910,0.109355,0.120897,0.139040,0.121946,0.140483,0.042749,0.115320,0.164393,0.228122,0.061110,0.210111,0.028255,0.102640,0.223052,0.090035,0.130888,0.108396,-0.010639,0.193989,0.121162,0.095758,0.111359,0.126939,0.171732,0.054873,0.226218,0.064284,0.142135,0.246260,0.132142,0.003712,0.210501,0.192025,0.119406,0.062419,0.262704,0.160924,0.073883,0.045515,0.074415,0.130742,0.153600,0.063282,0.073509,0.259340,0.043394,0.107639,0.094151,0.201890,0.107131,0.120652,0.171280,0.004636,0.127414,0.209053,0.149647,0.052873,0.199768,-0.007912,0.194710,0.112024,0.077015,0.084287,0.188793,0.110609,0.009831,0.014865,-0.012137,0.200436,0.189910,0.154308,0.165159,0.082572,0.033539,0.128289,0.170602,0.123149,0.267763,-0.003485,0.142538,0.087369,0.173788,0.171233,0.163563,-0.026030,0.013426,0.001991,-0.050425,0.015089,0.143206,0.131749,0.061301,0.142031,0.015112,0.125149,0.163819,0.206796,0.037118,0.135484,-0.061338,0.136251,0.261268,0.053277,0.245903,0.155688,0.145585,0.089911,0.185868,0.025029,0.095153,0.304413,0.051005,0.132644,0.192700,0.170490,0.157030,0.166156,0.010754,-0.008977,0.167320,0.056429,0.055452,0.090683,0.159711,0.254659,0.141642,0.001506,0.088400,0.201091,0.078768,0.164362,0.280446,0.035711,0.106554,-0.043434,0.124515,-0.036574,0.095510,-0.111980,0.120064,0.157521,0.109323,0.076082,0.145443,0.135418,0.200264,0.103610,-0.000275,#
16,0.186213,0.151959,0.025018,0.130407,0.117895,0.103072,0.144828,0.135893,0.057093,0.058652,0.055791,0.033607,0.349559,0.208946,0.124090,0.198388,1.000000,0.119207,0.070081,0.278898,0.265212,0.126193,0.084253,0.187321,0.001088,0.198151,0.184407,-0.034318,0.075707,0.267382,0.055506,0.235200,0.074593,0.331515,0.122566,0.112309,0.148281,0.014616,0.211124,0.131091,-0.008534,0.124783,0.182571,0.129362,0.138479,0.217003,0.077493,-0.004441,0.094540,0.079604,0.065045,0.136088,0.226587,0.220998,0.197819,0.042100,-0.014853,0.101212,0.145611,-0.002903,0.082531,0.232742,0.173488,0.066222,0.166739,0.127555,0.100027,0.290652,0.145221,0.223361,0.013723,0.153366,0.283691,0.057484,0.146156,0.179042,0.059743,0.241426,0.130006,0.141045,0.089950,0.093722,0.021736,0.157478,0.170342,0.159395,0.189921,0.162010,0.207344,0.086911,0.076772,0.135825,0.079145,0.076814,0.106145,0.052653,0.175208,0.049667,0.148697,0.190635,0.024116,0.036696,-0.035588,0.137048,0.067293,0.147577,0.153990,0.041978,0.097199,0.187946,0.130655,0.121829,0.152424,0.081378,0.277398,0.237399,0.168869,0.072308,0.009955,0.171537,0.230477,0.199824,0.162232,0.233119,0.270183,0.007883,0.151362,-0.066538,0.067276,0.189995,0.096976,0.073626,0.251310,-0.069569,0.329699,0.248348,-0.032791,0.108634,0.100870,0.151200,0.034908,0.138473,0.072462,0.133753,0.202470,0.065380,0.107790,0.112951,0.199780,0.181917,-0.059948,0.208101,0.059191,0.077176,0.176510,0.211000,0.064704,0.059607,0.099380,0.195238,0.037965,0.270020,0.215266,0.174803,0.057003,0.114555,0.200444,0.109909,0.023281,-0.023883,0.079703,0.177811,0.100501,-0.012623,0.127741,0.134942,0.061452,0.178610,0.158124,-0.013672,0.031121,0.114919,0.193888,0.017641,0.034577,0.236351,0.125126,0.181467,0.075610,0.073773,0.172768,-0.016584,-0.009560,0.087965,0.120206,0.207516,0.014943,0.109440,0.006124,0.076910,#
17,0.217678,0.105838,0.071456,0.168925,0.153859,0.163464,0.105970,0.222187,0.144936,0.072061,0.105468,0.255981,0.173166,0.104600,0.057113,0.240596,0.119207,1.000000,0.078931,0.177118,0.244877,0.106643,0.093523,0.258800,0.116966,0.170893,0.105104,0.070088,-0.005033,0.186600,0.089560,0.090631,0.196514,0.124079,0.092879,0.231461,0.021176,0.123485,0.265320,0.058811,0.204883,0.187400,0.108166,0.167293,0.067389,0.192448,0.154293,0.139788,0.129369,0.124289,0.139556,0.160594,0.070321,0.127410,0.112789,0.183544,0.179709,0.087504,0.085695,-0.001734,0.184346,0.105304,0.086330,0.027473,0.144541,0.273398,0.191083,0.214486,0.095389,0.170487,0.106838,0.158031,0.110727,0.049878,0.135882,0.228233,0.065837,0.157084,0.079788,0.179077,0.135165,0.121124,0.193446,0.057185,0.068455,-0.028338,0.208171,0.124525,0.169821,0.110978,0.032053,0.038188,0.174180,0.167060,0.014081,0.189970,0.162984,0.182173,0.050761,0.120751,0.169720,-0.074518,0.109564,0.190814,0.005627,0.160912,0.163955,0.158122,0.125990,0.055060,0.158456,0.176500,0.026582,0.268743,0.139001,0.133021,0.024545,0.039466,-0.003254,0.097497,0.049740,0.218542,0.099359,0.200737,0.300002,0.137132,0.187093,0.024240,0.082650,0.142079,0.189477,0.165779,0.227863,0.082628,0.093892,0.256914,0.061000,0.173264,0.151626,0.197535,0.150702,0.205453,0.151299,0.139334,0.189914,0.129837,0.082133,0.121554,0.035776,-0.029050,0.120576,-0.055173,0.030909,0.152193,0.226881,0.292817,0.179772,0.053205,0.261308,0.167304,0.106905,0.187101,0.256843,0.148178,0.132259,0.211693,0.084219,0.152762,0.144314,0.044944,0.266043,0.055013,0.064709,0.056114,0.139510,0.011555,0.193401,0.125283,-0.036405,0.288086,0.072378,0.238636,0.221534,0.156421,0.024993,0.112577,0.103671,0.187598,0.109678,0.110586,0.066231,0.180752,0.185370,0.116420,0.283660,0.201591,0.028289,0.219232,0.034228,0.151655,#
18,0.229433,-0.013140,0.113550,0.244552,0.180507,-0.036588,0.107496,0.063224,0.094923,0.085875,0.060150,0.155804,0.178072,0.146351,0.210359,0.100091,0.070081,0.078931,1.000000,0.178620,0.168251,0.156408,0.063443,0.278522,0.180741,0.072813,0.076320,0.242179,0.079531,0.116934,0.023341,-0.006153,0.175005,0.107965,0.205593,0.226868,0.178922,0.098051,0.108971,0.259912,0.070965,0.090545,0.127295,0.125804,0.182283,0.056242,0.125757,0.051613,-0.096950,0.165775,0.115654,0.008233,0.207666,0.148235,0.087410,0.161358,0.128534,0.113872,0.018342,0.057812,0.150852,0.037293,0.200444,0.048791,0.152971,0.131942,0.191218,0.177533,-0.049986,0.029953,0.109279,0.021655,0.092771,0.022587,0.123059,0.106902,0.140374,0.153086,0.173558,0.130541,0.141390,0.017240,0.138577,0.190120,0.145461,-0.022803,0.176203,0.079582,0.111300,0.037458,0.227556,0.024520,0.058542,0.129108,0.130708,0.198341,0.286852,0.090779,0.106925,0.206139,0.102215,0.198582,0.171373,0.135148,0.226011,0.198756,0.080501,0.050289,0.130405,0.095165,0.209558,0.178100,0.229811,0.098944,0.020926,0.066195,0.062966,-0.107124,0.032708,0.144260,0.121674,0.165939,0.149950,-0.010651,0.152991,-0.040284,0.152562,0.101538,0.255965,0.113050,0.094961,0.211561,0.079381,0.181559,0.164131,0.020570,0.029958,0.194376,0.051974,0.113000,0.087687,0.111395,0.144596,0.133369,0.124670,0.225658,0.121053,0.057211,0.027189,0.078507,-0.007511,0.177713,0.098517,0.080294,0.100948,0.206691,0.168781,0.143434,0.032694,0.288671,0.142646,0.107657,0.165126,0.128428,0.106261,0.247075,0.156859,0.057001,0.035347,0.179554,-0.009499,0.163553,0.220733,0.085179,-0.014775,0.209188,0.172929,0.196700,0.169541,0.037507,0.070554,0.116375,0.165525,0.065603,0.099523,0.055133,0.257951,0.081576,0.086261,0.087755,0.107397,0.188676,0.162792,0.133408,0.187150,0.062122,0.019627,0.205114,0.232299,0.054695,#
19,0.261456,0.119789,0.170388,0.184569,0.337923,0.219871,0.039623,0.147206,0.185654,0.322845,0.163041,0.008471,0.274623,0.175828,0.267210,0.173695,0.278898,0.177118,0.178620,1.000000,0.167296,0.136571,0.202285,0.218586,0.042172,0.230104,0.281516,0.085411,0.121419,0.271997,0.104025,0.207433,0.152559,0.166731,0.146774,0.240322,0.124646,0.006378,0.295268,0.168278,0.163756,0.142983,0.048216,0.072115,0.130795,0.248685,0.270308,0.256653,0.137709,0.158790,0.112171,0.177207,0.075884,0.298011,0.184497,0.260547,0.204847,0.090436,0.154508,0.103472,0.223956,0.266619,0.229043,0.209236,0.318131,0.141471,0.077449,0.252876,0.057261,0.161082,0.221647,0.147201,0.203396,0.111593,0.251983,0.337753,0.138378,0.251995,0.353007,0.145757,0.219900,0.146144,0.163233,0.149618,0.257509,0.107527,0.115861,0.260863,0.183730,-0.041184,0.082967,0.134905,0.259026,0.069506,0.095382,0.200401,0.241816,0.197010,0.031590,0.151223,0.194322,0.168998,0.206803,0.207972,0.225341,0.317834,0.176055,0.316991,0.128531,0.040998,0.093305,0.171788,0.208405,0.245969,0.178738,0.143736,0.236922,0.188591,0.137592,-0.049522,0.227161,0.352283,0.253417,0.230962,0.362468,0.091563,0.330209,0.178216,0.111696,0.265039,0.104446,0.042520,0.206031,0.130110,0.236876,0.173416,0.135287,0.272597,0.113694,0.083127,0.049193,0.235174,0.224524,0.100666,0.162605,0.178385,0.120588,0.163473,0.186447,0.089796,0.127096,0.245712,0.140722,0.206207,0.222037,0.204563,0.176257,0.120958,0.218195,0.199420,0.276540,0.230550,0.206947,0.164266,0.234796,0.220800,0.068777,0.120512,0.215546,0.100460,0.163389,0.250789,0.295172,0.227310,0.121605,0.140897,0.277417,0.269426,0.135476,0.120068,0.040477,0.259711,0.256452,0.247986,0.241909,0.173832,0.133811,0.148940,0.188005,0.163235,0.286550,0.209954,0.006953,0.192674,0.176492,0.226929,0.038236,0.168947,0.251575,0.280356,#
20,0.115732,0.000896,0.258588,0.170500,0.326289,0.133854,0.265096,0.087529,0.149394,0.166768,0.044480,0.070581,0.131768,0.182261,0.168380,0.111048,0.265212,0.244877,0.168251,0.167296,1.000000,0.150779,0.071150,0.218469,0.144492,0.273028,0.155825,0.039757,0.071709,0.173623,0.046952,0.055583,0.186185,0.220415,0.132411,0.201852,0.250604,0.096017,0.235153,0.204534,0.118789,0.293671,0.035858,0.007442,0.226927,0.198176,0.286816,0.003634,0.037176,0.119615,-0.011017,0.183992,0.110084,0.279507,0.215123,0.109076,0.171177,0.207639,0.170501,0.062585,0.206009,0.106041,0.233359,0.065989,0.181343,0.123914,0.151463,0.135109,0.251144,0.218676,0.258952,0.181903,0.193616,0.135542,0.115925,0.047313,0.100258,0.259413,0.162609,0.109969,0.178529,0.222332,0.207188,0.041223,0.173807,0.128334,0.148898,0.125707,0.176646,0.080046,0.156839,0.205076,0.166389,0.208845,0.254683,0.087971,0.200238,0.262420,0.179134,0.020620,0.156939,0.060868,0.190521,0.123162,0.111395,0.143911,0.128378,0.140265,0.052472,0.257196,0.223138,0.239701,0.104889,0.129707,0.163676,0.224124,0.264236,0.122653,-0.025145,0.176174,0.165983,0.215961,0.080938,0.170014,0.193207,0.113623,0.269536,0.113288,0.265323,0.198018,0.220735,0.113137,0.215956,0.110731,0.239757,0.141528,0.138517,0.107188,0.173339,0.107375,0.152394,0.199186,0.101318,0.174628,0.197478,0.125523,0.038976,0.128565,0.144078,0.204044,0.210258,0.129069,0.066377,0.203944,0.148281,0.157524,0.112880,0.003341,0.149629,0.308376,0.090101,0.254490,0.205538,0.162480,0.199134,0.055636,-0.006547,0.173491,0.118482,0.032216,0.212916,0.112644,0.123613,0.042857,0.065835,0.160626,0.035172,0.138067,0.290560,0.143542,0.100245,0.124966,0.120880,0.187044,0.098121,0.005777,0.129515,0.172072,0.122682,0.273063,-0.034948,0.140108,0.142629,0.223790,0.180480,0.073862,0.033101,0.167417,0.182745,0.214750,#
21,0.122211,0.133780,0.224208,0.171880,0.150858,-0.008872,0.133013,0.174218,0.171114,0.095370,0.045209,0.163201,0.108534,0.167186,0.071424,0.045573,0.126193,0.106643,0.156408,0.136571,0.150779,1.000000,0.060522,0.105789,0.059893,0.047055,0.149168,0.108095,0.171624,0.126277,0.091820,0.128625,0.126590,0.218969,0.056009,0.289690,0.265061,0.233536,0.276486,0.080609,-0.000137,0.156512,0.052132,0.126036,0.076777,0.114441,0.177194,0.227293,-0.006083,0.024039,0.161898,0.072125,-0.008700,0.081735,0.163659,0.102471,0.078574,0.067673,0.012569,0.012902,0.116986,0.019271,0.181221,0.069512,0.272128,0.198198,0.015804,0.165174,0.216296,0.201482,0.250886,0.114160,0.280164,0.248885,0.125993,0.136004,0.018898,0.108289,0.017450,0.150894,0.158056,0.070823,0.058627,-0.104835,0.168720,-0.022208,0.163003,0.033650,0.140918,0.182944,0.041830,-0.047600,0.049736,0.037397,0.142621,0.091066,0.220424,0.122326,-0.007461,0.156099,0.259593,0.229259,0.127705,0.072158,0.097977,0.221204,0.128675,0.061298,0.173932,0.140998,0.178565,0.126001,0.065211,0.193613,0.103727,0.223050,0.251637,0.039512,0.035944,0.128276,0.104702,0.225384,0.082926,0.220308,0.158755,-0.000708,0.182572,0.176184,0.085632,0.101350,0.145520,0.125153,0.306768,0.107530,0.105067,0.075615,0.061534,0.028141,0.045004,0.219581,0.095038,0.217405,0.181825,0.106376,0.148659,0.234197,0.154438,0.108099,0.130571,0.012147,0.100828,0.000564,0.058108,0.067926,0.239588,0.144149,-0.028326,0.060434,0.072298,0.117013,0.133429,0.285889,0.181011,0.145029,0.189370,0.043136,0.078148,0.128944,0.000403,0.202119,0.068930,0.089721,0.160816,0.099115,0.044818,0.182012,0.151311,0.164156,0.080880,0.106150,0.062042,0.173147,-0.024844,0.125979,0.009258,0.129930,0.129109,0.149065,0.141329,0.136597,0.200173,0.043044,0.237298,0.150189,0.285918,0.137535,0.131185,0.207106,0.172201,0.145649,#
