0,1.000000,0.502556,0.504289,0.522108,0.508516,0.536491,0.550700,0.520250,0.524130,0.458241,0.550688,0.512837,0.501454,0.515840,0.515886,0.610039,0.594888,0.606625,0.593144,0.537873,0.562194,0.467831,0.551721,0.619024,0.461441,0.519586,0.513320,0.486398,0.505781,0.547970,0.472392,0.588046,0.519001,0.564831,0.578252,0.489735,0.484879,0.549187,0.589286,0.568649,0.563459,0.526564,0.590975,0.457491,0.577545,0.517049,0.480903,0.580769,0.552850,0.562775,0.553018,0.584250,0.544181,0.557226,0.571538,0.594741,0.597098,0.600703,0.527753,0.515162,0.557320,0.515837,0.613423,0.519594,0.569152,0.462246,0.523366,0.525187,0.498138,0.511061,0.501520,0.506891,0.578673,0.628485,0.508504,0.477452,0.591052,0.502379,0.577850,0.531616,0.515622,0.554481,0.564608,0.553397,0.539491,0.557146,0.626154,0.597107,0.551331,0.577008,0.510731,0.494257,0.558845,0.536128,0.507259,0.557286,0.530227,0.484505,0.523840,0.579853,0.551432,0.503368,0.526722,0.548985,0.509278,0.610632,0.524441,0.582477,0.563126,0.409676,0.510157,0.559096,0.489145,0.557189,0.585971,0.581415,0.520209,0.511770,0.526735,0.550129,0.474324,0.579083,0.594066,0.577384,0.624506,0.574969,0.539187,0.496747,0.488589,0.524990,0.561709,0.492535,0.499996,0.492031,0.540917,0.560396,0.509244,0.579809,0.452328,0.584894,0.554249,0.504054,0.455811,0.553034,0.486177,0.419466,0.552274,0.467727,0.548700,0.469171,0.482460,0.572157,0.533834,0.440206,0.557163,0.565843,0.619261,0.569730,0.588492,0.513678,0.563454,0.559958,0.581425,0.479060,0.535687,0.572020,0.507599,0.549925,0.583030,0.529845,0.504709,0.481592,0.582763,0.568842,0.497155,0.594887,0.617824,0.583939,0.518221,0.446319,0.552516,0.532719,0.485679,0.506850,0.537658,0.470297,0.499523,0.578054,0.534994,0.489059,0.438842,0.573797,0.473942,0.577286,0.564745,0.549697,0.470366,0.593367,0.533863,0.555917,#
1,0.502556,1.000000,0.529719,0.505562,0.472319,0.509339,0.511598,0.550018,0.614555,0.478150,0.560817,0.527151,0.497113,0.477135,0.462282,0.497232,0.512274,0.506354,0.491940,0.492973,0.511035,0.577530,0.466346,0.442986,0.495001,0.466940,0.507008,0.590220,0.421540,0.496396,0.538637,0.503609,0.463533,0.554445,0.435998,0.545727,0.493885,0.539316,0.599249,0.477348,0.497998,0.425247,0.548701,0.463281,0.509783,0.475476,0.575489,0.476939,0.543307,0.433490,0.505629,0.558123,0.546107,0.517158,0.561367,0.518737,0.526815,0.465883,0.404738,0.430957,0.499492,0.464509,0.521130,0.480492,0.496046,0.531031,0.508335,0.519485,0.522013,0.555455,0.497575,0.516694,0.597543,0.487766,0.538356,0.518743,0.460612,0.439109,0.568692,0.486566,0.542426,0.539634,0.493963,0.490389,0.566343,0.485459,0.554188,0.588295,0.530719,0.462356,0.484922,0.471332,0.491335,0.545298,0.528008,0.475880,0.465821,0.468977,0.505330,0.519135,0.547380,0.474421,0.480719,0.472282,0.442260,0.570138,0.497059,0.543182,0.548633,0.473442,0.474756,0.495753,0.445181,0.525798,0.495981,0.541959,0.512031,0.507589,0.442010,0.475932,0.432186,0.517575,0.478679,0.537352,0.532734,0.495346,0.498691,0.507223,0.507582,0.539426,0.454167,0.579052,0.474218,0.488932,0.560784,0.503699,0.526106,0.560922,0.514309,0.576349,0.564362,0.495317,0.526342,0.602900,0.551017,0.457572,0.470142,0.479739,0.519802,0.404957,0.550562,0.557409,0.501533,0.377579,0.594469,0.535154,0.491369,0.506077,0.407785,0.402399,0.459942,0.540347,0.559497,0.556994,0.509916,0.389880,0.490485,0.395350,0.456409,0.493776,0.544143,0.513875,0.537444,0.491920,0.476238,0.544280,0.534087,0.595306,0.446692,0.441352,0.521339,0.452477,0.439392,0.536139,0.523245,0.575984,0.482963,0.388345,0.552841,0.535117,0.525691,0.535278,0.451781,0.524254,0.537427,0.441411,0.404935,0.578184,0.433936,0.548364,#
2,0.504289,0.529719,1.000000,0.523912,0.533368,0.533077,0.544795,0.524878,0.564084,0.472597,0.539900,0.516584,0.456260,0.560211,0.438750,0.541701,0.467191,0.518320,0.515389,0.526746,0.545353,0.529731,0.411286,0.533680,0.490896,0.521957,0.586095,0.557491,0.514639,0.513698,0.522269,0.516390,0.507418,0.479967,0.490079,0.499464,0.505279,0.505066,0.568064,0.441190,0.489197,0.502299,0.574801,0.451849,0.507146,0.507521,0.546892,0.458267,0.488768,0.481582,0.547676,0.627437,0.562230,0.512457,0.572293,0.530024,0.553628,0.476493,0.564129,0.500279,0.631931,0.497410,0.484697,0.555787,0.564307,0.519411,0.474395,0.528554,0.499066,0.537689,0.468028,0.546719,0.497473,0.539874,0.564669,0.515191,0.483595,0.443257,0.530320,0.507510,0.554120,0.533281,0.554072,0.433926,0.575682,0.549018,0.529705,0.624845,0.497548,0.452479,0.494475,0.519152,0.599168,0.597583,0.502430,0.559792,0.528493,0.491891,0.596578,0.505972,0.502897,0.470579,0.480912,0.523121,0.417637,0.606819,0.522095,0.561119,0.506202,0.445446,0.574257,0.496270,0.545314,0.538235,0.488703,0.514176,0.525835,0.538059,0.434685,0.520273,0.481080,0.455644,0.469821,0.558554,0.548526,0.454062,0.550801,0.537300,0.524251,0.546566,0.490878,0.561494,0.568560,0.588094,0.580514,0.492126,0.548420,0.548532,0.576537,0.523601,0.481940,0.555932,0.461983,0.452367,0.549829,0.482745,0.388729,0.482009,0.506383,0.451896,0.545781,0.560726,0.553060,0.526176,0.510771,0.504607,0.547831,0.418250,0.522563,0.479150,0.424258,0.509521,0.560549,0.543808,0.454159,0.538537,0.518596,0.412365,0.490200,0.500978,0.496790,0.550903,0.568281,0.461995,0.513452,0.528638,0.519592,0.559116,0.435662,0.423619,0.519466,0.579525,0.334808,0.594683,0.506291,0.541511,0.498728,0.449547,0.530083,0.500859,0.495541,0.543877,0.628010,0.564834,0.529075,0.491299,0.390933,0.542835,0.487281,0.584498,#
3,0.522108,0.505562,0.523912,1.000000,0.563222,0.507393,0.535225,0.524168,0.632031,0.508563,0.556940,0.498537,0.501303,0.537152,0.516845,0.526519,0.533286,0.576122,0.613860,0.557797,0.570908,0.510821,0.513268,0.554456,0.520723,0.569110,0.568955,0.560478,0.531139,0.563560,0.538072,0.577577,0.610359,0.571059,0.473530,0.536165,0.505550,0.597437,0.583334,0.574999,0.527342,0.563725,0.604543,0.592190,0.506950,0.594646,0.526944,0.510085,0.505468,0.438165,0.585308,0.572840,0.599606,0.453777,0.520579,0.602541,0.554893,0.506907,0.515974,0.559309,0.545245,0.468410,0.521341,0.522185,0.678501,0.491496,0.445920,0.471385,0.412428,0.553237,0.461559,0.543460,0.572206,0.517284,0.503349,0.513471,0.480227,0.501903,0.511515,0.472904,0.625155,0.554699,0.586509,0.474210,0.568420,0.575711,0.570390,0.540491,0.553141,0.512132,0.593217,0.553348,0.545998,0.582234,0.523456,0.543825,0.497897,0.428711,0.583873,0.480065,0.505167,0.483604,0.511091,0.455745,0.615489,0.527433,0.515468,0.541414,0.496321,0.461155,0.536141,0.458543,0.485312,0.552453,0.524950,0.564847,0.459749,0.548901,0.468410,0.507298,0.498052,0.553292,0.519258,0.518599,0.534384,0.579017,0.545097,0.592396,0.465926,0.482779,0.577381,0.565546,0.536192,0.556460,0.546570,0.580483,0.521301,0.545036,0.514351,0.565307,0.436700,0.619248,0.561294,0.450945,0.524713,0.546478,0.536309,0.624316,0.514995,0.526227,0.514193,0.534684,0.471028,0.526125,0.589542,0.474964,0.530799,0.509365,0.605924,0.497163,0.503527,0.518712,0.541095,0.549078,0.498072,0.485926,0.544082,0.471620,0.510376,0.479723,0.549692,0.488973,0.545182,0.473111,0.494965,0.551550,0.600526,0.560838,0.468813,0.497910,0.485131,0.617012,0.468700,0.478903,0.478456,0.536132,0.507042,0.467423,0.550190,0.596503,0.551411,0.522719,0.538620,0.501272,0.570715,0.558676,0.509865,0.544816,0.471369,0.497153,#
4,0.508516,0.472319,0.533368,0.563222,1.000000,0.597215,0.524548,0.535444,0.553518,0.505755,0.427904,0.554497,0.519176,0.547687,0.481887,0.550731,0.558827,0.606796,0.562202,0.638297,0.653883,0.479968,0.468475,0.568466,0.482062,0.566105,0.527371,0.472379,0.529098,0.510228,0.570631,0.550535,0.566327,0.503297,0.469682,0.522062,0.598900,0.537559,0.545576,0.534886,0.552895,0.520302,0.507819,0.507138,0.530359,0.598724,0.569378,0.545248,0.555061,0.471160,0.533315,0.546890,0.581077,0.507689,0.614147,0.604105,0.515363,0.526673,0.567256,0.506269,0.502323,0.525206,0.525860,0.480335,0.562061,0.514233,0.478022,0.520066,0.451404,0.539535,0.525937,0.577043,0.544622,0.572875,0.511793,0.426153,0.459321,0.530829,0.552509,0.564659,0.541459,0.557303,0.543162,0.453164,0.597810,0.528932,0.526944,0.530791,0.513416,0.520639,0.588049,0.464066,0.554554,0.565224,0.524553,0.552527,0.507683,0.449219,0.468262,0.505916,0.530677,0.503966,0.572759,0.503378,0.500901,0.599486,0.488322,0.550951,0.588357,0.519092,0.510441,0.547571,0.515710,0.628846,0.536326,0.478186,0.575233,0.549967,0.460521,0.465334,0.448988,0.525838,0.577994,0.506894,0.583204,0.518822,0.528154,0.550835,0.605021,0.525916,0.586327,0.507734,0.543271,0.595337,0.620438,0.545676,0.526562,0.536064,0.533420,0.496558,0.475821,0.524284,0.575735,0.481702,0.538633,0.510397,0.526498,0.581605,0.490013,0.509495,0.545770,0.617903,0.490543,0.551714,0.640372,0.543276,0.635390,0.469888,0.491336,0.490890,0.513379,0.472721,0.590324,0.429897,0.435645,0.471719,0.459784,0.439042,0.520996,0.505793,0.468230,0.528747,0.661575,0.523309,0.576226,0.584168,0.617546,0.595201,0.494986,0.514748,0.515743,0.478212,0.499041,0.504861,0.583959,0.574778,0.419121,0.591388,0.548441,0.581958,0.406481,0.530938,0.499542,0.550005,0.528620,0.533301,0.504546,0.538125,0.559635,0.546906,#
5,0.536491,0.509339,0.533077,0.507393,0.597215,1.000000,0.470872,0.575900,0.565360,0.487367,0.530639,0.519149,0.477366,0.477089,0.509555,0.570750,0.524199,0.561411,0.430336,0.613911,0.533387,0.488697,0.485483,0.521906,0.509076,0.513330,0.598017,0.552172,0.524775,0.503821,0.604691,0.575333,0.579316,0.543283,0.470175,0.556825,0.525251,0.510716,0.549381,0.501561,0.608111,0.483393,0.505709,0.515540,0.548866,0.597942,0.569917,0.489671,0.594517,0.406806,0.568554,0.583152,0.505746,0.518112,0.507447,0.627988,0.555580,0.489436,0.643535,0.512796,0.518741,0.547686,0.573098,0.561311,0.615986,0.520480,0.456715,0.520719,0.494875,0.445785,0.516344,0.510905,0.590682,0.567487,0.493293,0.522412,0.534955,0.485165,0.547680,0.536757,0.594259,0.539747,0.583286,0.463659,0.492506,0.538139,0.576042,0.600406,0.535223,0.425235,0.456931,0.519176,0.614651,0.655258,0.506629,0.542841,0.486798,0.504613,0.593133,0.530419,0.512366,0.529136,0.516595,0.532603,0.495109,0.626093,0.543363,0.551918,0.531123,0.486078,0.476903,0.580249,0.453680,0.516590,0.486288,0.486203,0.552311,0.548912,0.409210,0.517098,0.433213,0.553107,0.506627,0.553993,0.494666,0.506041,0.551309,0.499276,0.521644,0.540637,0.614126,0.556705,0.600104,0.608118,0.591700,0.562886,0.560743,0.565433,0.479154,0.494541,0.492405,0.508818,0.545950,0.539934,0.570066,0.476549,0.488259,0.523561,0.517801,0.480420,0.580616,0.557370,0.526909,0.497551,0.560940,0.493991,0.606867,0.486884,0.548280,0.458527,0.533139,0.505784,0.583070,0.507388,0.515924,0.489378,0.423209,0.556754,0.560845,0.523424,0.606684,0.533712,0.597367,0.501485,0.530677,0.534512,0.561409,0.580220,0.505817,0.504680,0.578902,0.497187,0.530616,0.541907,0.549289,0.569909,0.534694,0.494540,0.497362,0.524119,0.431277,0.568195,0.502375,0.505141,0.494992,0.480405,0.427287,0.540715,0.514628,0.562456,#
6,0.550700,0.511598,0.544795,0.535225,0.524548,0.470872,1.000000,0.483266,0.550387,0.438466,0.470288,0.511293,0.517822,0.601821,0.412164,0.518602,0.539771,0.568449,0.557764,0.463490,0.620661,0.528544,0.380440,0.512328,0.507152,0.510571,0.521415,0.508931,0.460957,0.561360,0.519449,0.534835,0.492249,0.529620,0.489077,0.524723,0.449342,0.503866,0.497531,0.546651,0.493377,0.512756,0.551695,0.469328,0.587739,0.479168,0.513884,0.418199,0.606675,0.479335,0.556013,0.584964,0.560069,0.446040,0.535432,0.569565,0.500542,0.540222,0.566468,0.501818,0.545771,0.442376,0.509042,0.493910,0.615839,0.549451,0.538766,0.511629,0.498815,0.524271,0.461818,0.534249,0.492447,0.615951,0.538652,0.466563,0.513486,0.478475,0.550277,0.457059,0.493655,0.533607,0.539629,0.483843,0.475139,0.565557,0.538365,0.533526,0.522085,0.481132,0.488147,0.445107,0.483301,0.530147,0.496017,0.488828,0.570924,0.489373,0.516693,0.560698,0.519316,0.521282,0.567802,0.517231,0.440857,0.514580,0.575274,0.480217,0.524796,0.474462,0.463476,0.497512,0.418293,0.498223,0.520144,0.467813,0.591954,0.536502,0.478159,0.475616,0.517367,0.538567,0.488738,0.584323,0.586372,0.578499,0.495660,0.526714,0.404473,0.471627,0.512177,0.508266,0.541321,0.495078,0.537069,0.521892,0.537074,0.510332,0.566958,0.554690,0.520294,0.569395,0.475547,0.475208,0.469572,0.517156,0.479161,0.494362,0.499086,0.402187,0.602400,0.535306,0.497813,0.410981,0.561936,0.514119,0.520732,0.550725,0.565682,0.462907,0.472661,0.547018,0.564633,0.551355,0.518086,0.516468,0.516768,0.408524,0.490832,0.492919,0.518938,0.489083,0.509596,0.466342,0.513038,0.561071,0.540334,0.531111,0.526400,0.441523,0.524341,0.460686,0.519368,0.548881,0.506722,0.540175,0.448649,0.551369,0.441680,0.526342,0.421555,0.572785,0.493500,0.583062,0.520377,0.458910,0.489144,0.571408,0.535425,0.549445,#
7,0.520250,0.550018,0.524878,0.524168,0.535444,0.575900,0.483266,1.000000,0.657716,0.500693,0.568032,0.593508,0.503681,0.545274,0.559913,0.518665,0.571990,0.588980,0.545548,0.515877,0.559525,0.511668,0.588191,0.560488,0.592106,0.553932,0.525789,0.595312,0.523023,0.550087,0.490692,0.546184,0.529004,0.543150,0.466608,0.517696,0.534951,0.485476,0.585376,0.524723,0.561144,0.483890,0.534465,0.553094,0.565358,0.552637,0.536441,0.535347,0.507322,0.444935,0.613671,0.560824,0.542408,0.577160,0.527395,0.546561,0.535174,0.619560,0.525877,0.500225,0.494461,0.532605,0.574193,0.510072,0.596592,0.577660,0.553982,0.532775,0.534939,0.599428,0.519151,0.416479,0.649968,0.557674,0.518812,0.497811,0.500862,0.459548,0.563114,0.579087,0.564001,0.551761,0.562309,0.467993,0.553616,0.544325,0.627701,0.558819,0.508076,0.503637,0.492635,0.538267,0.548644,0.587913,0.558316,0.467505,0.526153,0.561591,0.534013,0.542086,0.560733,0.470399,0.527842,0.522098,0.495333,0.575762,0.520871,0.566310,0.510775,0.438714,0.581602,0.514492,0.520383,0.559921,0.604998,0.548639,0.509382,0.471338,0.418923,0.584344,0.497285,0.568171,0.505493,0.578837,0.624534,0.543934,0.565876,0.595336,0.484028,0.472690,0.529853,0.499590,0.602398,0.493886,0.646556,0.623305,0.493673,0.606790,0.485126,0.565179,0.532509,0.528651,0.569033,0.470511,0.534259,0.505370,0.539428,0.479087,0.546096,0.528093,0.538585,0.569974,0.568335,0.523734,0.566755,0.602635,0.577942,0.532193,0.562606,0.511587,0.552862,0.471073,0.655745,0.447922,0.459929,0.553645,0.569039,0.446854,0.528765,0.479968,0.606061,0.577781,0.581622,0.544017,0.543362,0.567964,0.541267,0.547216,0.425467,0.531035,0.565866,0.512856,0.482298,0.538546,0.474742,0.582955,0.467643,0.426682,0.514712,0.608812,0.535409,0.542343,0.505570,0.491868,0.546615,0.468087,0.454676,0.566562,0.546792,0.544009,#
8,0.524130,0.614555,0.564084,0.632031,0.553518,0.565360,0.550387,0.657716,1.000000,0.554933,0.553869,0.579672,0.563301,0.530948,0.562243,0.610061,0.503659,0.598012,0.524560,0.546353,0.519906,0.587500,0.552551,0.570763,0.430767,0.579574,0.533396,0.619570,0.519480,0.588006,0.491919,0.572466,0.515327,0.559690,0.476036,0.555110,0.540779,0.528373,0.566047,0.545948,0.545243,0.551211,0.607416,0.513184,0.592387,0.509778,0.499374,0.492790,0.569026,0.509005,0.602417,0.652176,0.521707,0.611284,0.557627,0.641630,0.556481,0.620504,0.512068,0.566397,0.573132,0.519413,0.605325,0.499623,0.611466,0.616573,0.539278,0.528846,0.592236,0.606112,0.540697,0.498703,0.610930,0.622369,0.567213,0.544444,0.500351,0.522188,0.535442,0.591130,0.591456,0.582437,0.569737,0.499288,0.581045,0.579178,0.545154,0.563230,0.473802,0.534816,0.540592,0.564518,0.599671,0.533967,0.643156,0.561248,0.556404,0.507683,0.603560,0.519772,0.550357,0.502832,0.571751,0.555927,0.538301,0.571298,0.584028,0.596093,0.506278,0.518925,0.545433,0.544021,0.516115,0.563955,0.601939,0.597033,0.552216,0.490766,0.499596,0.614565,0.512057,0.514003,0.557281,0.577086,0.578533,0.599820,0.554553,0.636993,0.476640,0.551216,0.528183,0.462312,0.597335,0.598931,0.652500,0.590631,0.510608,0.576228,0.483644,0.565980,0.530706,0.601007,0.615916,0.514143,0.527983,0.497559,0.575695,0.496167,0.556959,0.484437,0.575576,0.544081,0.543500,0.608851,0.609314,0.614568,0.596250,0.595532,0.572267,0.561669,0.521003,0.523574,0.616360,0.560149,0.545981,0.494985,0.532656,0.450672,0.569679,0.580812,0.576815,0.545457,0.583818,0.504445,0.615177,0.555943,0.538138,0.628093,0.495900,0.470067,0.559381,0.556882,0.437232,0.606223,0.549686,0.600110,0.484499,0.467221,0.562059,0.574065,0.537243,0.552815,0.580703,0.532705,0.572116,0.519843,0.536447,0.537737,0.521238,0.563435,#
9,0.458241,0.478150,0.472597,0.508563,0.505755,0.487367,0.438466,0.500693,0.554933,1.000000,0.527230,0.412177,0.479911,0.508030,0.514963,0.502235,0.485849,0.483603,0.483399,0.537221,0.579350,0.473171,0.487109,0.527459,0.415543,0.454380,0.511221,0.571914,0.460790,0.563733,0.502247,0.471017,0.469804,0.564277,0.555663,0.486883,0.431922,0.483518,0.509403,0.478533,0.568051,0.499382,0.509755,0.415677,0.518458,0.493455,0.452024,0.433567,0.433272,0.414823,0.471658,0.532172,0.413499,0.470154,0.430956,0.535381,0.463686,0.523716,0.525132,0.463095,0.517615,0.493535,0.551645,0.529601,0.543755,0.573539,0.462727,0.488948,0.487893,0.433792,0.539852,0.476081,0.492724,0.519428,0.498352,0.490389,0.351875,0.458587,0.535088,0.583984,0.486630,0.538086,0.436651,0.418305,0.546831,0.456923,0.505253,0.554425,0.398420,0.351598,0.464159,0.519570,0.570597,0.478524,0.532471,0.505397,0.483514,0.525014,0.520120,0.378598,0.463649,0.462230,0.538973,0.477298,0.562354,0.561958,0.489743,0.444962,0.539169,0.473735,0.511812,0.499710,0.520977,0.598027,0.416744,0.539105,0.397347,0.473451,0.426029,0.416103,0.433055,0.519941,0.476348,0.515836,0.487661,0.483450,0.468595,0.508872,0.497754,0.486299,0.451569,0.469040,0.532223,0.571378,0.541561,0.495395,0.475220,0.535170,0.429992,0.471699,0.409194,0.585773,0.545536,0.496448,0.440251,0.489494,0.493603,0.503219,0.464945,0.477844,0.436782,0.436805,0.535611,0.518410,0.563390,0.500368,0.498365,0.516663,0.538746,0.447034,0.519836,0.466596,0.515785,0.548568,0.471069,0.442411,0.449871,0.420126,0.601429,0.430512,0.521905,0.528578,0.504312,0.504454,0.510277,0.603012,0.478858,0.551928,0.474647,0.459326,0.488534,0.445296,0.469720,0.521390,0.487322,0.589947,0.393872,0.426755,0.590356,0.507867,0.490637,0.526136,0.461557,0.494213,0.469940,0.454221,0.426490,0.496904,0.433919,0.499449,#
10,0.550688,0.560817,0.539900,0.556940,0.427904,0.530639,0.470288,0.568032,0.553869,0.527230,1.000000,0.512304,0.432450,0.496856,0.460470,0.544951,0.495730,0.525446,0.528491,0.520787,0.512427,0.448961,0.448405,0.554246,0.452590,0.449467,0.478492,0.625330,0.477665,0.575320,0.493232,0.516532,0.513212,0.542400,0.536024,0.538915,0.475823,0.533542,0.594532,0.462835,0.564294,0.466707,0.490870,0.429668,0.517891,0.565094,0.534195,0.526390,0.568217,0.556035,0.482727,0.556451,0.511380,0.487751,0.479161,0.544150,0.524864,0.509478,0.455040,0.504460,0.526779,0.537174,0.568857,0.603864,0.626676,0.491333,0.494140,0.437821,0.463227,0.511435,0.448938,0.537192,0.573291,0.509569,0.480300,0.548437,0.465022,0.498849,0.522589,0.502538,0.619627,0.550983,0.546183,0.496991,0.549190,0.465243,0.582703,0.613696,0.489143,0.509238,0.458392,0.543153,0.576808,0.575141,0.520328,0.571448,0.442900,0.464668,0.614634,0.566586,0.475582,0.457082,0.536639,0.514424,0.574764,0.483023,0.483301,0.574000,0.501488,0.469068,0.494859,0.509638,0.461587,0.517063,0.531351,0.589944,0.455237,0.473894,0.490086,0.531435,0.483541,0.598040,0.410273,0.524454,0.441994,0.527735,0.596878,0.581252,0.499043,0.445293,0.476852,0.474739,0.505486,0.495242,0.581498,0.518870,0.462913,0.589839,0.458533,0.514293,0.612030,0.489962,0.482488,0.514315,0.481636,0.414343,0.430547,0.462822,0.513558,0.422729,0.547031,0.548738,0.584137,0.453948,0.567294,0.508655,0.606600,0.496279,0.563961,0.449610,0.591874,0.455574,0.600680,0.526670,0.503650,0.477522,0.580591,0.441131,0.551858,0.540885,0.555345,0.487292,0.478655,0.507986,0.518275,0.526986,0.581268,0.627273,0.388851,0.515883,0.507007,0.450674,0.530244,0.483381,0.486114,0.538080,0.417374,0.420930,0.483197,0.598122,0.540605,0.490792,0.505743,0.521364,0.564032,0.486716,0.389248,0.578472,0.508576,0.603135,#
11,0.512837,0.527151,0.516584,0.498537,0.554497,0.519149,0.511293,0.593508,0.579672,0.412177,0.512304,1.000000,0.547580,0.532350,0.434548,0.483137,0.518502,0.603439,0.546984,0.429309,0.528867,0.513445,0.447665,0.459046,0.492466,0.550919,0.438250,0.566544,0.484291,0.515317,0.512945,0.518490,0.525364,0.509582,0.456536,0.506103,0.556534,0.495765,0.487737,0.565420,0.501911,0.522415,0.577391,0.495168,0.518371,0.540502,0.540719,0.486397,0.521595,0.461802,0.535574,0.555286,0.522967,0.538523,0.528741,0.528256,0.431410,0.580120,0.504705,0.476401,0.485598,0.452872,0.584890,0.477668,0.568240,0.538075,0.517224,0.517618,0.558279,0.585239,0.496136,0.493937,0.574263,0.536693,0.479341,0.405649,0.536068,0.471137,0.511325,0.439379,0.562890,0.518100,0.535843,0.438079,0.525810,0.483751,0.472096,0.528880,0.501454,0.424091,0.466461,0.546595,0.566838,0.554664,0.531909,0.569122,0.503864,0.470243,0.551303,0.509650,0.484486,0.495658,0.503903,0.529211,0.487682,0.594012,0.493074,0.570613,0.556954,0.524277,0.582534,0.546938,0.529886,0.548726,0.414060,0.576445,0.478868,0.526110,0.391631,0.555296,0.409629,0.543446,0.522125,0.505209,0.549677,0.514097,0.503235,0.507032,0.526525,0.481769,0.544843,0.491167,0.574517,0.558528,0.577923,0.521969,0.470096,0.567750,0.467883,0.557899,0.533346,0.462601,0.525163,0.547623,0.561518,0.404793,0.554192,0.477504,0.470558,0.488998,0.511508,0.563054,0.522149,0.487621,0.573269,0.522200,0.579824,0.463277,0.574653,0.449005,0.472979,0.533972,0.567170,0.462695,0.525569,0.387009,0.543528,0.406345,0.508732,0.573640,0.524454,0.513240,0.538766,0.486661,0.500047,0.555789,0.511005,0.539401,0.418064,0.503284,0.549529,0.457071,0.495497,0.461148,0.522588,0.494976,0.423079,0.541775,0.511274,0.569305,0.512877,0.494974,0.575696,0.564277,0.564473,0.515042,0.475239,0.521896,0.497644,0.483171,#
12,0.501454,0.497113,0.456260,0.501303,0.519176,0.477366,0.517822,0.503681,0.563301,0.479911,0.432450,0.547580,1.000000,0.549138,0.558713,0.495705,0.591060,0.569401,0.572771,0.554207,0.536419,0.501803,0.522892,0.554536,0.443653,0.498012,0.479884,0.545927,0.551165,0.479615,0.444383,0.526251,0.541729,0.521872,0.505950,0.562511,0.510842,0.496815,0.511811,0.544302,0.444316,0.430555,0.508659,0.593051,0.531421,0.525800,0.541080,0.435955,0.536052,0.459740,0.605973,0.534092,0.504294,0.538009,0.593845,0.527299,0.452016,0.528718,0.478333,0.391040,0.458016,0.540336,0.433375,0.513754,0.635083,0.532820,0.484599,0.477522,0.525826,0.531246,0.497126,0.479006,0.564172,0.536380,0.564627,0.529647,0.523709,0.425164,0.519975,0.498474,0.550430,0.516139,0.515292,0.500665,0.469664,0.544096,0.527433,0.560117,0.545170,0.458745,0.494768,0.489526,0.526513,0.462604,0.481769,0.565556,0.646979,0.530801,0.494208,0.452946,0.470629,0.500276,0.534569,0.545152,0.519484,0.519047,0.457385,0.477551,0.498954,0.477036,0.551456,0.479662,0.476658,0.535648,0.576937,0.487877,0.525292,0.439482,0.500274,0.456029,0.492091,0.521241,0.528075,0.573411,0.564810,0.468062,0.505649,0.440231,0.437251,0.480830,0.482591,0.446150,0.450819,0.507660,0.532862,0.479308,0.512854,0.539554,0.523649,0.478516,0.564177,0.603684,0.528620,0.504149,0.502863,0.468279,0.512140,0.500116,0.509985,0.559653,0.460921,0.573219,0.495760,0.434131,0.497483,0.621554,0.574190,0.496900,0.547968,0.494415,0.510701,0.591973,0.577841,0.525268,0.589614,0.391277,0.533762,0.517951,0.473384,0.466756,0.558449,0.541946,0.541487,0.521711,0.509167,0.513501,0.608668,0.611718,0.471863,0.401072,0.512508,0.533482,0.512399,0.505306,0.457312,0.504755,0.492222,0.571347,0.487719,0.483501,0.492977,0.481358,0.506466,0.549465,0.467741,0.533685,0.469654,0.549330,0.533342,0.425774,#
13,0.515840,0.477135,0.560211,0.537152,0.547687,0.477089,0.601821,0.545274,0.530948,0.508030,0.496856,0.532350,0.549138,1.000000,0.507386,0.520236,0.571943,0.588351,0.592469,0.562765,0.618283,0.520457,0.534909,0.553540,0.474409,0.562734,0.527194,0.607447,0.548681,0.582230,0.472264,0.557865,0.593794,0.600521,0.485117,0.519119,0.553929,0.584918,0.549566,0.573448,0.604419,0.534518,0.562004,0.523580,0.646079,0.573321,0.545420,0.532224,0.605277,0.489891,0.592585,0.650232,0.515619,0.565571,0.579889,0.610977,0.514603,0.581461,0.551958,0.546722,0.585160,0.559082,0.560386,0.606138,0.613648,0.550541,0.581187,0.529091,0.566886,0.537157,0.488274,0.551600,0.470968,0.616916,0.616672,0.565432,0.549468,0.514158,0.616720,0.575288,0.576745,0.593361,0.594136,0.544588,0.531202,0.574703,0.528048,0.530409,0.594519,0.506713,0.520395,0.545553,0.574341,0.616458,0.557883,0.484889,0.572274,0.497283,0.525774,0.624847,0.530080,0.553321,0.568157,0.671728,0.550362,0.645472,0.528842,0.591028,0.573520,0.513563,0.565483,0.563040,0.581316,0.614434,0.579251,0.591136,0.549159,0.619469,0.502640,0.590520,0.535182,0.560351,0.516135,0.549444,0.596145,0.500010,0.551639,0.491666,0.519635,0.508018,0.503310,0.528184,0.537407,0.534683,0.631106,0.539902,0.535601,0.576818,0.597876,0.561332,0.438945,0.606998,0.649945,0.571405,0.506225,0.550898,0.548708,0.560642,0.545161,0.511797,0.536305,0.601246,0.511419,0.594289,0.555681,0.584847,0.566239,0.547927,0.633696,0.529100,0.556465,0.604383,0.573888,0.591221,0.535879,0.502656,0.536296,0.471780,0.604571,0.502222,0.574059,0.610235,0.615694,0.551851,0.608923,0.596258,0.603222,0.665612,0.557048,0.474415,0.529659,0.577730,0.536682,0.561413,0.618953,0.611460,0.541342,0.554955,0.454318,0.559110,0.538948,0.575533,0.569725,0.633264,0.562686,0.498419,0.533876,0.558142,0.563676,0.529667,#
14,0.515886,0.462282,0.438750,0.516845,0.481887,0.509555,0.412164,0.559913,0.562243,0.514963,0.460470,0.434548,0.558713,0.507386,1.000000,0.541316,0.526479,0.468875,0.515035,0.548120,0.540927,0.466267,0.443032,0.582658,0.433099,0.396364,0.536757,0.538885,0.513488,0.522698,0.452985,0.565576,0.490513,0.500592,0.503348,0.461615,0.464022,0.506914,0.529951,0.470899,0.449023,0.441761,0.544660,0.464830,0.534671,0.557272,0.486601,0.407386,0.416045,0.441039,0.528535,0.479872,0.480134,0.593246,0.521098,0.533313,0.503578,0.477908,0.496596,0.426511,0.500501,0.541154,0.521444,0.494948,0.511850,0.408444,0.468570,0.495103,0.456208,0.558840,0.482633,0.455871,0.508431,0.495303,0.588185,0.495623,0.519536,0.468416,0.493313,0.410123,0.553309,0.565162,0.530299,0.532782,0.496163,0.515171,0.485581,0.548606,0.498152,0.377764,0.425581,0.443951,0.534199,0.570242,0.536545,0.513075,0.620794,0.490868,0.465886,0.397300,0.521801,0.517290,0.539836,0.476559,0.542099,0.519466,0.478689,0.453538,0.442533,0.435427,0.511886,0.429752,0.521639,0.536034,0.480778,0.507483,0.479287,0.444149,0.425231,0.496538,0.512300,0.544743,0.443449,0.501540,0.575972,0.387388,0.479446,0.555211,0.428867,0.515348,0.448196,0.447482,0.470904,0.502731,0.519080,0.502178,0.420538,0.529812,0.465244,0.520110,0.461861,0.539681,0.452833,0.517305,0.422131,0.546310,0.546714,0.490875,0.437116,0.386363,0.517088,0.499757,0.402903,0.459921,0.583254,0.536891,0.524524,0.478607,0.468407,0.480885,0.464789,0.440626,0.564649,0.469200,0.440326,0.378328,0.442191,0.411000,0.462940,0.550293,0.522565,0.478336,0.539347,0.511231,0.458552,0.537501,0.551125,0.566924,0.468050,0.384321,0.501588,0.558223,0.481486,0.481569,0.493024,0.478430,0.507955,0.374203,0.441821,0.532849,0.393916,0.473681,0.519744,0.534409,0.466439,0.464868,0.411920,0.457486,0.453007,0.415598,#
15,0.610039,0.497232,0.541701,0.526519,0.550731,0.570750,0.518602,0.518665,0.610061,0.502235,0.544951,0.483137,0.495705,0.520236,0.541316,1.000000,0.571723,0.591703,0.552955,0.551507,0.536222,0.502418,0.493044,0.590376,0.481378,0.568144,0.529596,0.527884,0.516358,0.594956,0.523160,0.594029,0.496003,0.586399,0.485229,0.592607,0.550350,0.502718,0.627214,0.482054,0.523728,0.520861,0.543326,0.481696,0.603370,0.529360,0.494533,0.566642,0.556095,0.542063,0.494510,0.648365,0.542841,0.531791,0.553680,0.558038,0.556921,0.528744,0.543657,0.500603,0.569070,0.500530,0.574483,0.562260,0.550156,0.584681,0.474994,0.520060,0.467838,0.443027,0.537504,0.498302,0.502097,0.500363,0.523251,0.490665,0.499200,0.489638,0.531632,0.513993,0.621509,0.563732,0.459948,0.575673,0.601283,0.569888,0.518857,0.643843,0.508198,0.485260,0.501086,0.484630,0.539816,0.542718,0.505946,0.505099,0.551320,0.469378,0.490068,0.478364,0.592417,0.475262,0.563632,0.522981,0.482475,0.592337,0.548512,0.552648,0.472630,0.528797,0.460314,0.515880,0.501604,0.550700,0.474464,0.531110,0.489912,0.508245,0.488957,0.479089,0.533028,0.507667,0.523214,0.541375,0.516278,0.524162,0.568710,0.562074,0.491617,0.592059,0.472965,0.458617,0.520512,0.516379,0.548552,0.510358,0.440966,0.491193,0.551577,0.520801,0.467123,0.534899,0.513550,0.479035,0.508216,0.457202,0.504132,0.504705,0.555497,0.447910,0.535206,0.500318,0.582332,0.530023,0.539440,0.569182,0.614771,0.526012,0.535450,0.526943,0.500385,0.519633,0.634728,0.431336,0.529717,0.520434,0.562525,0.540793,0.598481,0.456568,0.451999,0.571574,0.475321,0.534601,0.539778,0.582974,0.602642,0.579382,0.478099,0.488158,0.565310,0.514103,0.461988,0.577004,0.509772,0.567401,0.418666,0.517012,0.442616,0.556908,0.450474,0.522748,0.545580,0.529621,0.505068,0.500541,0.530465,0.590752,0.525137,0.492113,#
16,0.594888,0.512274,0.467191,0.533286,0.558827,0.524199,0.539771,0.571990,0.503659,0.485849,0.495730,0.518502,0.591060,0.571943,0.526479,0.571723,1.000000,0.563577,0.551842,0.603157,0.630544,0.552032,0.438805,0.548590,0.478801,0.583225,0.563353,0.455991,0.472042,0.591597,0.520999,0.577792,0.557882,0.588561,0.520299,0.545970,0.554587,0.514358,0.565316,0.508549,0.527487,0.526015,0.549575,0.513115,0.544717,0.610844,0.492950,0.515410,0.530351,0.493483,0.542696,0.563352,0.588867,0.609985,0.569800,0.579793,0.477548,0.544629,0.560673,0.446906,0.477665,0.585503,0.571101,0.579374,0.618469,0.506015,0.480318,0.588762,0.569363,0.628909,0.446773,0.558008,0.612652,0.532075,0.514197,0.531848,0.482692,0.535440,0.567456,0.579100,0.596077,0.573604,0.525553,0.574577,0.552311,0.557038,0.621809,0.556815,0.564869,0.502812,0.510814,0.520974,0.578168,0.568283,0.542309,0.562204,0.583321,0.461581,0.538376,0.540784,0.493726,0.458825,0.550785,0.532464,0.512113,0.628074,0.569185,0.547649,0.551941,0.517187,0.555547,0.552066,0.562093,0.582325,0.579945,0.589433,0.576250,0.575699,0.487621,0.499423,0.543580,0.608500,0.538856,0.590931,0.599691,0.536112,0.546663,0.476406,0.485674,0.518822,0.547120,0.482483,0.630919,0.422895,0.624343,0.595535,0.480026,0.547088,0.508774,0.560996,0.498790,0.572273,0.561255,0.560233,0.532686,0.481359,0.504333,0.534395,0.559874,0.568864,0.462338,0.643257,0.473041,0.486315,0.618141,0.589417,0.587204,0.532238,0.560545,0.532967,0.486454,0.552236,0.652707,0.535098,0.524742,0.524648,0.557725,0.547200,0.548696,0.479112,0.553210,0.573766,0.513909,0.493781,0.522414,0.595066,0.519971,0.585005,0.505775,0.455670,0.552593,0.510264,0.513007,0.500865,0.560813,0.608288,0.557821,0.575640,0.494970,0.545760,0.597793,0.473078,0.499136,0.561303,0.514140,0.574178,0.475731,0.553605,0.512968,0.508502,#
17,0.606625,0.506354,0.518320,0.576122,0.606796,0.561411,0.568449,0.588980,0.598012,0.483603,0.525446,0.603439,0.569401,0.588351,0.468875,0.591703,0.563577,1.000000,0.541658,0.586665,0.602036,0.502433,0.479286,0.613313,0.565807,0.590735,0.566158,0.545079,0.509153,0.555162,0.555749,0.555384,0.556973,0.512522,0.495374,0.606892,0.480164,0.556080,0.632934,0.565005,0.611240,0.568036,0.565539,0.536162,0.548767,0.534433,0.537697,0.590202,0.564167,0.521815,0.586472,0.571895,0.533838,0.506382,0.566429,0.635633,0.564049,0.540424,0.552100,0.445094,0.527929,0.548445,0.509445,0.556248,0.595526,0.636897,0.585070,0.573945,0.539555,0.551813,0.515701,0.578449,0.553909,0.530380,0.513802,0.536336,0.515801,0.489980,0.520998,0.607631,0.585035,0.575393,0.615129,0.525901,0.519188,0.508263,0.630653,0.568553,0.555543,0.529564,0.531293,0.466667,0.616099,0.564967,0.486281,0.603551,0.569118,0.507966,0.511622,0.568427,0.570833,0.422305,0.552162,0.559679,0.502647,0.553881,0.563249,0.576415,0.525811,0.493405,0.560341,0.579866,0.509713,0.617704,0.580240,0.512676,0.525177,0.527071,0.479814,0.509521,0.506559,0.582407,0.542710,0.573349,0.645173,0.590210,0.571852,0.524468,0.475099,0.538223,0.627094,0.583986,0.607770,0.529631,0.548958,0.579057,0.545927,0.608438,0.571794,0.602709,0.573835,0.578782,0.625304,0.547134,0.557261,0.534001,0.533739,0.564216,0.515072,0.434104,0.559461,0.540580,0.522063,0.532078,0.638869,0.655096,0.641315,0.538327,0.592063,0.520458,0.539924,0.519710,0.662484,0.524463,0.547548,0.516331,0.484727,0.479415,0.583173,0.477786,0.601754,0.514683,0.575193,0.525539,0.590781,0.549090,0.586951,0.596651,0.459412,0.566407,0.572899,0.593584,0.533586,0.580007,0.558601,0.567279,0.502468,0.593768,0.522850,0.526731,0.526561,0.577039,0.587667,0.586116,0.599337,0.583900,0.496441,0.596398,0.500477,0.549020,#
18,0.593144,0.491940,0.515389,0.613860,0.562202,0.430336,0.557764,0.545548,0.524560,0.483399,0.528491,0.546984,0.572771,0.592469,0.515035,0.552955,0.551842,0.541658,1.000000,0.564333,0.601576,0.548091,0.531320,0.559019,0.509944,0.537791,0.494157,0.576916,0.522776,0.530728,0.437008,0.499713,0.562661,0.572980,0.544915,0.607644,0.535789,0.553739,0.569136,0.599974,0.601475,0.480791,0.549030,0.481248,0.615300,0.531673,0.535341,0.560890,0.519299,0.492298,0.529231,0.581187,0.599848,0.479503,0.575298,0.601402,0.498372,0.587540,0.495860,0.524210,0.546633,0.470499,0.565513,0.518944,0.648371,0.506724,0.523974,0.536823,0.443575,0.558084,0.488793,0.498302,0.518513,0.500330,0.569105,0.506001,0.554988,0.535224,0.594925,0.516811,0.528418,0.527500,0.563041,0.557907,0.505377,0.540476,0.565183,0.545990,0.541957,0.502008,0.557549,0.473326,0.564550,0.589265,0.603341,0.559223,0.583655,0.526437,0.561701,0.542920,0.556166,0.496686,0.573052,0.542448,0.582413,0.604566,0.493902,0.499831,0.542630,0.471500,0.584751,0.529283,0.586850,0.564937,0.515944,0.504788,0.496515,0.435005,0.493696,0.542525,0.514225,0.592197,0.537636,0.481923,0.554308,0.477741,0.551323,0.548193,0.586564,0.448413,0.524254,0.557741,0.489223,0.552889,0.589992,0.526744,0.555687,0.594643,0.495260,0.565732,0.473134,0.570282,0.533394,0.568137,0.520931,0.565755,0.526326,0.495407,0.501439,0.477976,0.514248,0.627616,0.506404,0.491373,0.564587,0.581000,0.603154,0.567912,0.553372,0.561624,0.541424,0.532449,0.617560,0.532208,0.538272,0.555503,0.606529,0.487596,0.518237,0.571408,0.503894,0.571585,0.575843,0.532916,0.475920,0.616615,0.589072,0.596240,0.492237,0.505191,0.524134,0.505436,0.521479,0.509228,0.534302,0.520322,0.578401,0.502904,0.507064,0.538017,0.499202,0.543178,0.534147,0.611043,0.577231,0.530054,0.478121,0.574159,0.593514,0.496052,#
19,0.537873,0.492973,0.526746,0.557797,0.638297,0.613911,0.463490,0.515877,0.546353,0.537221,0.520787,0.429309,0.554207,0.562765,0.548120,0.551507,0.603157,0.586665,0.564333,1.000000,0.569226,0.471405,0.466691,0.516376,0.455794,0.526350,0.578728,0.518293,0.536288,0.556132,0.562070,0.592257,0.517287,0.518423,0.468405,0.567843,0.511226,0.484516,0.560818,0.511063,0.576037,0.479468,0.502073,0.464492,0.528429,0.559621,0.605597,0.536278,0.528436,0.460542,0.500578,0.544232,0.511075,0.517109,0.537273,0.546104,0.575049,0.494904,0.552583,0.454672,0.555723,0.589523,0.591336,0.573571,0.623283,0.498799,0.487004,0.519506,0.442747,0.525118,0.548452,0.511980,0.536824,0.562364,0.550317,0.515415,0.474689,0.487184,0.573950,0.519888,0.570176,0.530408,0.599997,0.482262,0.509778,0.529017,0.559520,0.636051,0.549354,0.399056,0.528178,0.491451,0.592801,0.524797,0.496434,0.553736,0.593690,0.490201,0.456283,0.509615,0.523844,0.496587,0.563230,0.534650,0.560935,0.607104,0.498580,0.558259,0.501678,0.401705,0.473927,0.489250,0.559774,0.590125,0.541404,0.469413,0.607060,0.554948,0.469220,0.414031,0.492632,0.583025,0.516672,0.600556,0.628964,0.475649,0.587239,0.512916,0.541856,0.597505,0.507552,0.512152,0.538425,0.528909,0.598279,0.536704,0.517497,0.563811,0.498055,0.520960,0.459456,0.537802,0.550927,0.526339,0.511643,0.510248,0.464654,0.483331,0.546948,0.490274,0.506478,0.622036,0.482962,0.526154,0.609560,0.540520,0.587283,0.542448,0.553955,0.542119,0.566601,0.498554,0.571120,0.478648,0.556584,0.471999,0.448304,0.531077,0.570205,0.467557,0.544431,0.603076,0.606546,0.499975,0.528122,0.535932,0.577506,0.630296,0.525451,0.420624,0.445279,0.552660,0.524809,0.628999,0.589039,0.536214,0.475911,0.533070,0.542500,0.532972,0.552685,0.573830,0.495894,0.547730,0.497838,0.597399,0.414917,0.528440,0.524003,0.518092,#
20,0.562194,0.511035,0.545353,0.570908,0.653883,0.533387,0.620661,0.559525,0.519906,0.579350,0.512427,0.528867,0.536419,0.618283,0.540927,0.536222,0.630544,0.602036,0.601576,0.569226,1.000000,0.575514,0.466758,0.558989,0.556847,0.616298,0.585118,0.549385,0.534655,0.569517,0.516452,0.525715,0.553936,0.588544,0.541609,0.614365,0.578093,0.552274,0.599611,0.602530,0.587777,0.648536,0.526523,0.524379,0.657914,0.571175,0.601007,0.525684,0.536698,0.488564,0.522562,0.612992,0.556246,0.587372,0.604205,0.629502,0.577746,0.616036,0.594940,0.479426,0.593186,0.562017,0.626368,0.552778,0.626641,0.545325,0.567350,0.563738,0.578749,0.599966,0.572670,0.590737,0.543375,0.581464,0.555718,0.472678,0.510215,0.575048,0.595682,0.559192,0.546607,0.640966,0.586044,0.540155,0.528799,0.562811,0.629488,0.553129,0.601820,0.540201,0.567797,0.551524,0.589574,0.643521,0.626060,0.525458,0.534410,0.551993,0.568655,0.507686,0.597624,0.510575,0.665050,0.576896,0.601521,0.565083,0.557589,0.621877,0.551466,0.596319,0.614163,0.636197,0.546748,0.523597,0.586867,0.559212,0.603375,0.622715,0.475398,0.566626,0.566393,0.596320,0.540076,0.599918,0.604518,0.585669,0.582651,0.543412,0.592440,0.552378,0.590428,0.532449,0.581808,0.623165,0.623590,0.488535,0.549907,0.573172,0.572532,0.614422,0.550244,0.589519,0.581049,0.588581,0.560884,0.517753,0.540464,0.549392,0.568382,0.590487,0.610192,0.620908,0.534425,0.560378,0.623168,0.601056,0.613991,0.537989,0.550873,0.632970,0.567400,0.596499,0.617819,0.575604,0.613349,0.441446,0.483046,0.512644,0.587088,0.544311,0.604336,0.537388,0.641603,0.516788,0.531421,0.615729,0.540153,0.593417,0.580579,0.545690,0.553500,0.554716,0.508894,0.541281,0.554637,0.552691,0.536983,0.613045,0.517923,0.591251,0.440238,0.550658,0.530948,0.644263,0.558768,0.501164,0.543359,0.585580,0.581202,0.581574,#
21,0.467831,0.577530,0.529731,0.510821,0.479968,0.488697,0.528544,0.511668,0.587500,0.473171,0.448961,0.513445,0.501803,0.520457,0.466267,0.502418,0.552032,0.502433,0.548091,0.471405,0.575514,1.000000,0.419360,0.526300,0.424571,0.458733,0.546367,0.525270,0.489714,0.516322,0.486050,0.502903,0.511856,0.526653,0.490139,0.574615,0.573399,0.590824,0.612404,0.463379,0.512542,0.532217,0.494815,0.496694,0.534911,0.505805,0.497925,0.542488,0.468732,0.407360,0.503478,0.572155,0.444893,0.462292,0.515262,0.558564,0.525335,0.500626,0.473671,0.392363,0.531611,0.443958,0.563897,0.456194,0.639826,0.527006,0.485183,0.518885,0.527913,0.544181,0.510602,0.561446,0.567877,0.573454,0.529163,0.496721,0.412053,0.468122,0.525785,0.519863,0.511340,0.566318,0.528166,0.401387,0.550318,0.487037,0.548912,0.540272,0.497396,0.534182,0.460757,0.415201,0.491194,0.528374,0.551569,0.496493,0.534395,0.473290,0.454147,0.489829,0.576587,0.547868,0.525457,0.457045,0.469197,0.576599,0.481209,0.438659,0.532817,0.521771,0.555945,0.542614,0.454068,0.531619,0.476728,0.514576,0.557705,0.541727,0.412167,0.536808,0.454192,0.566469,0.474348,0.545333,0.528499,0.451459,0.509320,0.524975,0.512582,0.453119,0.545024,0.534448,0.575666,0.494537,0.549733,0.454032,0.447236,0.494212,0.484920,0.581924,0.526505,0.562561,0.509080,0.528140,0.499726,0.544045,0.540489,0.515642,0.439726,0.481945,0.566510,0.526949,0.475099,0.489280,0.588009,0.562104,0.522460,0.477802,0.494280,0.489502,0.503186,0.549094,0.605239,0.552180,0.574596,0.408315,0.504587,0.493168,0.473210,0.583012,0.492617,0.467206,0.522423,0.449303,0.482854,0.583085,0.494256,0.572849,0.437025,0.465079,0.480702,0.505901,0.391870,0.568669,0.478475,0.569865,0.500724,0.445030,0.448800,0.549526,0.526440,0.448357,0.527615,0.582230,0.565003,0.519057,0.492304,0.567766,0.512496,0.497631,#
