0,1.000000,0.431454,0.403633,0.290810,0.328099,0.315088,0.375328,0.250869,0.366146,0.364137,0.432428,0.414199,0.363147,0.308318,0.384120,0.343317,0.406786,0.453676,0.381370,0.336965,0.416744,0.466343,0.328994,0.378571,0.311947,0.272919,0.360472,0.437104,0.388605,0.341632,0.333108,0.304007,0.413932,0.255459,0.265505,0.391170,0.403742,0.367741,0.286865,0.412638,0.259433,0.406371,0.300273,0.395801,0.295468,0.312084,0.411998,0.377803,0.407628,0.365250,0.482807,0.329176,0.288648,0.301973,0.437420,0.267600,0.357378,0.369263,0.296752,0.327895,0.379269,0.317833,0.386835,0.396760,0.390676,0.206381,0.376121,0.332417,0.314598,0.367265,0.440799,0.384662,0.411526,0.369181,0.330802,0.335615,0.338673,0.370974,0.378491,0.272106,0.456678,0.336305,0.381752,0.395110,0.361677,0.415943,0.406132,0.302118,0.424874,0.362210,0.385820,0.261709,0.290990,0.330132,0.362145,0.414182,0.379686,0.327548,0.411881,0.377212,0.377174,0.395852,0.336654,0.409680,0.312255,0.359133,0.386966,0.403674,0.342937,0.331198,0.254955,0.367696,0.374879,0.372785,0.250073,0.357758,0.399243,0.290050,0.409458,0.327135,0.421158,0.282533,0.254478,0.317571,0.318511,0.453148,0.316813,0.318388,0.298763,0.434459,0.374384,0.402474,0.360845,0.336323,0.400010,0.266365,0.400276,0.333424,0.359227,0.460258,0.318179,0.372442,0.379538,0.328816,0.355221,0.369405,0.315298,0.247717,0.382765,0.302937,0.383635,0.322554,0.369569,0.348503,0.306913,0.209238,0.258605,0.298003,0.391017,0.354087,0.390673,0.400823,0.271847,0.368018,0.359280,0.263203,0.233120,0.341298,0.391985,0.347789,0.486872,0.164398,0.413232,0.449255,0.377049,0.334596,0.338511,0.344210,0.386507,0.323455,0.318814,0.472652,0.280189,0.248672,0.337636,0.396330,0.386807,0.512693,0.349171,0.233781,0.394394,0.372669,0.278740,0.222588,0.343699,0.306297,0.371286,0.292643,0.345660,0.405547,#
1,0.431454,1.000000,0.354364,0.305074,0.437356,0.372625,0.432860,0.381465,0.314724,0.376183,0.496055,0.448073,0.401648,0.460356,0.390408,0.340899,0.356072,0.356684,0.502771,0.359133,0.389624,0.481405,0.338752,0.418872,0.442970,0.408597,0.408454,0.491097,0.403325,0.286628,0.424209,0.416563,0.449567,0.370209,0.392704,0.364925,0.352251,0.406117,0.354143,0.410381,0.364777,0.392571,0.476841,0.324338,0.360535,0.354868,0.479484,0.450718,0.368931,0.355643,0.488603,0.351750,0.456288,0.363434,0.411697,0.296443,0.383330,0.400129,0.464026,0.467041,0.451994,0.366635,0.400478,0.418316,0.385657,0.376420,0.354656,0.436402,0.372298,0.381267,0.403644,0.322827,0.441074,0.343098,0.441663,0.295356,0.457329,0.374239,0.481900,0.395029,0.393730,0.492973,0.482530,0.507519,0.319317,0.346599,0.336862,0.372941,0.423340,0.503734,0.398921,0.465958,0.380082,0.387000,0.285117,0.469059,0.362150,0.291240,0.446562,0.356505,0.322045,0.273731,0.389817,0.396070,0.332611,0.343667,0.370885,0.490210,0.341815,0.400634,0.436843,0.398627,0.463025,0.419805,0.418252,0.384035,0.429409,0.290079,0.483158,0.385221,0.340291,0.373744,0.347326,0.410312,0.436219,0.427539,0.478283,0.396360,0.361522,0.401496,0.399457,0.415844,0.285790,0.403820,0.514312,0.403428,0.366528,0.333545,0.390750,0.404676,0.437329,0.369416,0.256745,0.299679,0.402861,0.385397,0.420050,0.272866,0.447424,0.329949,0.377625,0.447160,0.413245,0.265759,0.282331,0.350248,0.403616,0.397068,0.419600,0.301289,0.314984,0.449902,0.358683,0.386878,0.388716,0.471602,0.280579,0.464824,0.355364,0.477099,0.445386,0.322986,0.329984,0.370092,0.506304,0.397224,0.319100,0.404884,0.425665,0.403461,0.388643,0.380173,0.393474,0.367169,0.521952,0.392887,0.347222,0.498263,0.298520,0.347040,0.508789,0.417923,0.290198,0.321899,0.413263,0.428866,0.304223,0.403229,0.342739,0.393971,#
2,0.403633,0.354364,1.000000,0.383480,0.337803,0.312612,0.376303,0.303074,0.214479,0.267736,0.290491,0.374531,0.332787,0.362191,0.337664,0.348556,0.355981,0.370073,0.387755,0.344451,0.353460,0.438219,0.424710,0.359911,0.439875,0.383932,0.377517,0.300401,0.323264,0.288536,0.403986,0.332575,0.373538,0.334331,0.333966,0.339669,0.304162,0.367817,0.302339,0.366090,0.390999,0.352672,0.353967,0.253059,0.241517,0.384955,0.379875,0.431753,0.284872,0.332205,0.399902,0.392626,0.391460,0.301062,0.305675,0.363808,0.226193,0.403638,0.299409,0.400093,0.191878,0.344245,0.346724,0.457155,0.410900,0.348547,0.332094,0.292816,0.350642,0.430860,0.332488,0.234625,0.298162,0.354542,0.390280,0.390669,0.287698,0.364141,0.330390,0.371791,0.457481,0.332991,0.336229,0.378188,0.258613,0.412107,0.386823,0.377148,0.263853,0.401650,0.298691,0.267744,0.353088,0.306941,0.314925,0.356779,0.347317,0.234015,0.400836,0.309020,0.373130,0.390368,0.336052,0.329974,0.426584,0.278526,0.354943,0.367623,0.295222,0.391464,0.332707,0.340009,0.394138,0.292094,0.286957,0.290519,0.282885,0.389495,0.231964,0.244795,0.327857,0.279896,0.260564,0.275271,0.311277,0.301602,0.384451,0.316832,0.329617,0.302966,0.279290,0.451852,0.293247,0.289384,0.347243,0.380778,0.370239,0.350829,0.279889,0.259402,0.241296,0.287581,0.390054,0.313958,0.444483,0.367346,0.305388,0.269689,0.463934,0.311249,0.365879,0.406518,0.383898,0.321780,0.240023,0.228780,0.230653,0.324250,0.369622,0.275255,0.419193,0.435220,0.361554,0.341328,0.325600,0.260978,0.305562,0.370650,0.308762,0.374613,0.403704,0.337058,0.300470,0.368790,0.460975,0.392020,0.442862,0.372414,0.343672,0.387460,0.372289,0.320154,0.222722,0.227323,0.344485,0.386351,0.400416,0.386122,0.292888,0.254982,0.346694,0.330414,0.387941,0.260173,0.348166,0.277999,0.360474,0.218898,0.471083,0.381669,#
3,0.290810,0.305074,0.383480,1.000000,0.280518,0.243074,0.350713,0.350232,0.266064,0.257657,0.286952,0.373446,0.253963,0.312516,0.172107,0.191074,0.263593,0.381137,0.286743,0.276633,0.301118,0.339510,0.354264,0.373387,0.328292,0.318550,0.288150,0.303797,0.344824,0.219134,0.347088,0.363568,0.317717,0.386067,0.203525,0.288077,0.342151,0.413138,0.296514,0.274025,0.307378,0.333047,0.396234,0.241154,0.288756,0.392865,0.386041,0.357468,0.237726,0.365378,0.438046,0.295430,0.279967,0.287854,0.236769,0.346846,0.276508,0.371723,0.303952,0.341595,0.272152,0.252717,0.339402,0.412695,0.339037,0.293396,0.272891,0.407915,0.211331,0.289989,0.435143,0.250336,0.225220,0.341940,0.382732,0.320771,0.247419,0.317608,0.328875,0.402521,0.315833,0.339226,0.310704,0.342388,0.281807,0.303953,0.395713,0.278421,0.293933,0.437864,0.351742,0.257288,0.299400,0.398966,0.213850,0.343760,0.285007,0.215411,0.366731,0.263375,0.264639,0.317911,0.347051,0.258921,0.360935,0.254560,0.286532,0.385282,0.298637,0.275144,0.314993,0.278842,0.290942,0.319126,0.212252,0.250571,0.319078,0.276173,0.288954,0.241608,0.318948,0.306482,0.333312,0.319704,0.295406,0.289983,0.337480,0.254372,0.303244,0.415357,0.276436,0.340442,0.328596,0.443771,0.335693,0.354441,0.288844,0.226032,0.320424,0.327293,0.347638,0.252650,0.359109,0.325460,0.352994,0.225850,0.312589,0.285662,0.353883,0.331558,0.343990,0.238015,0.276349,0.279012,0.210020,0.171846,0.351010,0.303598,0.217827,0.354618,0.426085,0.354435,0.317421,0.439264,0.343104,0.378054,0.253455,0.252000,0.313260,0.407167,0.380212,0.231555,0.298941,0.327696,0.372346,0.313313,0.223570,0.270792,0.264668,0.317137,0.378481,0.389168,0.347316,0.356711,0.326951,0.280529,0.238299,0.445335,0.164426,0.244341,0.349429,0.357799,0.352708,0.326052,0.211577,0.334150,0.365704,0.271133,0.344697,0.319584,#
4,0.328099,0.437356,0.337803,0.280518,1.000000,0.240785,0.437144,0.243215,0.319701,0.332206,0.437983,0.288275,0.370157,0.343410,0.264404,0.276383,0.293127,0.358151,0.392731,0.426774,0.326500,0.401103,0.345830,0.372700,0.394348,0.444888,0.345085,0.384737,0.375124,0.191543,0.364470,0.368871,0.454219,0.305514,0.368105,0.310021,0.205964,0.452588,0.318718,0.341364,0.343894,0.354855,0.375706,0.342406,0.363320,0.276761,0.399330,0.425531,0.354421,0.410214,0.394485,0.226280,0.348315,0.373948,0.354515,0.335295,0.248426,0.348015,0.287021,0.411632,0.381362,0.291052,0.291877,0.317645,0.313508,0.254968,0.392107,0.331754,0.334290,0.324681,0.331057,0.387775,0.322694,0.294726,0.367150,0.225101,0.241312,0.332854,0.273958,0.272198,0.466564,0.418826,0.280703,0.356644,0.335658,0.358986,0.282000,0.331173,0.359992,0.406273,0.339609,0.359065,0.273223,0.349333,0.217190,0.399591,0.296989,0.402543,0.465289,0.310203,0.327006,0.235900,0.304904,0.387392,0.422309,0.258460,0.317874,0.391426,0.306423,0.448144,0.413548,0.214166,0.413016,0.425126,0.271222,0.209676,0.316578,0.190464,0.377366,0.335475,0.306609,0.357797,0.331730,0.301218,0.371081,0.361881,0.392996,0.336367,0.186175,0.240197,0.292574,0.400951,0.337763,0.295973,0.423638,0.338734,0.319351,0.239354,0.243205,0.313220,0.373357,0.211558,0.325878,0.344798,0.286769,0.345804,0.366298,0.246135,0.382716,0.346566,0.363751,0.384993,0.398913,0.386054,0.259407,0.269687,0.379840,0.357498,0.282220,0.330457,0.305549,0.369960,0.285735,0.356275,0.286162,0.415137,0.326317,0.254964,0.367218,0.384440,0.453181,0.291298,0.269785,0.248637,0.403748,0.222281,0.326690,0.266527,0.208203,0.286252,0.274774,0.322719,0.256558,0.273832,0.361502,0.322775,0.339146,0.460939,0.334454,0.276195,0.358654,0.277506,0.362944,0.314027,0.324482,0.371926,0.347626,0.383003,0.360555,0.337695,#
5,0.315088,0.372625,0.312612,0.243074,0.240785,1.000000,0.252936,0.291463,0.266572,0.293640,0.272663,0.304589,0.276074,0.193331,0.247197,0.309147,0.318573,0.360344,0.344611,0.206845,0.328538,0.314535,0.337468,0.447048,0.242290,0.305146,0.262865,0.319192,0.361332,0.244016,0.217337,0.398995,0.326741,0.226138,0.280661,0.244524,0.423443,0.305049,0.352122,0.331092,0.294824,0.308805,0.217669,0.318103,0.178139,0.357765,0.315608,0.201121,0.351625,0.366605,0.347417,0.248646,0.326776,0.212525,0.293740,0.347593,0.246810,0.389958,0.266073,0.333952,0.353944,0.327592,0.327759,0.296521,0.329317,0.249281,0.339798,0.341544,0.183618,0.268914,0.375667,0.235807,0.360444,0.396592,0.299042,0.279973,0.304777,0.264650,0.315121,0.294703,0.372690,0.297812,0.338018,0.209610,0.144885,0.379764,0.219989,0.309070,0.258002,0.259866,0.260988,0.323157,0.170366,0.264872,0.189021,0.288727,0.303900,0.165773,0.320554,0.187549,0.281626,0.305584,0.362023,0.293820,0.272858,0.234558,0.239043,0.322444,0.234847,0.316611,0.367334,0.282440,0.372151,0.304715,0.259554,0.276114,0.372415,0.314005,0.268164,0.352441,0.154448,0.226652,0.232124,0.231441,0.360495,0.262403,0.216247,0.188528,0.316708,0.373122,0.311368,0.386957,0.184135,0.267666,0.374173,0.314358,0.220501,0.223110,0.274452,0.268755,0.340775,0.303102,0.262344,0.307582,0.291679,0.256690,0.245070,0.262844,0.305826,0.239669,0.312718,0.230660,0.304203,0.328698,0.175909,0.253826,0.276095,0.258054,0.361099,0.188001,0.369020,0.274957,0.291004,0.216055,0.262180,0.211845,0.163126,0.288370,0.329576,0.376324,0.216385,0.270759,0.347236,0.267130,0.285750,0.308923,0.259068,0.315124,0.362778,0.246431,0.342861,0.396487,0.399121,0.175027,0.333365,0.373531,0.284951,0.286734,0.180180,0.292259,0.399005,0.232922,0.243643,0.293248,0.330410,0.281446,0.309190,0.330410,0.262545,0.404734,#
6,0.375328,0.432860,0.376303,0.350713,0.437144,0.252936,1.000000,0.368460,0.288500,0.335031,0.422880,0.384555,0.328462,0.436694,0.256429,0.320300,0.405042,0.401182,0.414910,0.422304,0.418384,0.387441,0.368459,0.356249,0.398396,0.336087,0.318631,0.384425,0.407927,0.307130,0.325514,0.357457,0.433314,0.323567,0.277903,0.278117,0.285195,0.379441,0.321296,0.397758,0.399411,0.391235,0.367417,0.410652,0.373969,0.282647,0.455683,0.494127,0.349799,0.418161,0.349435,0.425192,0.385621,0.367074,0.329289,0.374657,0.338126,0.457887,0.366788,0.417930,0.277618,0.360201,0.298722,0.417567,0.301253,0.413206,0.378269,0.340695,0.348478,0.342870,0.394237,0.372260,0.354070,0.361435,0.380821,0.347686,0.356444,0.365120,0.382989,0.378768,0.412155,0.481968,0.463966,0.373555,0.374628,0.440248,0.352686,0.417197,0.453430,0.417802,0.404726,0.328799,0.332784,0.445620,0.285871,0.458533,0.339126,0.313787,0.460303,0.328161,0.366464,0.367819,0.246762,0.348442,0.274669,0.451475,0.359410,0.387642,0.350769,0.407503,0.366151,0.322841,0.429413,0.357024,0.318054,0.306415,0.374987,0.300766,0.420911,0.361721,0.284134,0.440786,0.256865,0.330127,0.355466,0.366748,0.338213,0.478916,0.237504,0.395284,0.349493,0.376914,0.431151,0.269426,0.510963,0.403817,0.303736,0.470888,0.364598,0.330078,0.342304,0.229745,0.323369,0.494585,0.270368,0.366452,0.321548,0.269432,0.339397,0.304678,0.433645,0.374956,0.388388,0.385791,0.323707,0.241152,0.318065,0.308492,0.349019,0.281800,0.360041,0.395671,0.359068,0.422926,0.400172,0.388839,0.250924,0.334733,0.454003,0.474952,0.370728,0.333592,0.342580,0.303414,0.430642,0.337691,0.337004,0.320670,0.402924,0.304655,0.237022,0.259644,0.335544,0.366491,0.450267,0.336876,0.357567,0.410940,0.328675,0.375051,0.361523,0.280707,0.422709,0.314736,0.290512,0.389141,0.368438,0.361468,0.249699,0.359380,#
7,0.250869,0.381465,0.303074,0.350232,0.243215,0.291463,0.368460,1.000000,0.255139,0.384193,0.323179,0.422468,0.347431,0.394448,0.231797,0.293146,0.355747,0.379225,0.327496,0.412428,0.353415,0.367662,0.515810,0.311213,0.410433,0.346997,0.371673,0.447592,0.329711,0.251106,0.394466,0.431390,0.406125,0.335019,0.299790,0.372305,0.301162,0.343701,0.329868,0.314121,0.269372,0.309777,0.435063,0.244273,0.341319,0.456091,0.324780,0.426818,0.389113,0.402688,0.455115,0.314452,0.320235,0.374308,0.393917,0.393861,0.390922,0.376184,0.308090,0.399356,0.303005,0.206206,0.338211,0.398803,0.426595,0.273894,0.361340,0.421945,0.345201,0.479402,0.365450,0.287863,0.400728,0.459458,0.438246,0.368290,0.382840,0.376339,0.409081,0.427516,0.337697,0.385519,0.449569,0.376409,0.310900,0.379448,0.391984,0.379879,0.390695,0.434688,0.367807,0.287586,0.339181,0.333968,0.296455,0.364440,0.316258,0.258625,0.332175,0.254539,0.382961,0.325360,0.331881,0.337826,0.233085,0.388030,0.355217,0.359153,0.365658,0.304938,0.320527,0.329323,0.305593,0.329202,0.416553,0.326811,0.351409,0.353102,0.401448,0.405083,0.331616,0.366067,0.323254,0.430419,0.467624,0.418943,0.389095,0.430175,0.272792,0.348766,0.312185,0.304190,0.298198,0.333656,0.486337,0.409155,0.288836,0.402829,0.426310,0.411732,0.431396,0.473607,0.214380,0.347762,0.433836,0.347977,0.406486,0.297319,0.396989,0.251033,0.412334,0.505554,0.330804,0.236442,0.218025,0.376483,0.362335,0.373572,0.315654,0.337741,0.410132,0.352607,0.297297,0.425201,0.398415,0.317335,0.324745,0.279363,0.440152,0.370014,0.381789,0.374416,0.361899,0.306864,0.401301,0.353215,0.353703,0.367135,0.281737,0.409190,0.338491,0.403981,0.279077,0.271537,0.289418,0.369992,0.377741,0.449222,0.284464,0.385052,0.406339,0.301823,0.245848,0.391625,0.217108,0.344592,0.407092,0.356980,0.341912,0.365642,#
8,0.366146,0.314724,0.214479,0.266064,0.319701,0.266572,0.288500,0.255139,1.000000,0.251852,0.384957,0.332649,0.341642,0.369590,0.318800,0.251070,0.345091,0.284009,0.235489,0.389049,0.313894,0.291098,0.347592,0.330499,0.285955,0.346446,0.225992,0.391001,0.312077,0.365948,0.262077,0.383084,0.350315,0.394825,0.296573,0.302309,0.301891,0.402869,0.296326,0.441991,0.305252,0.272818,0.198010,0.357132,0.325077,0.305538,0.368375,0.411706,0.234968,0.280083,0.314522,0.384484,0.223023,0.440858,0.364906,0.353431,0.237527,0.285705,0.297319,0.377335,0.334115,0.212480,0.416783,0.369641,0.283188,0.272406,0.332315,0.399104,0.405012,0.343259,0.219079,0.417229,0.301334,0.300943,0.253102,0.219627,0.313251,0.225325,0.362676,0.213823,0.311410,0.345207,0.348384,0.238930,0.290987,0.361050,0.287721,0.313934,0.359528,0.369852,0.337401,0.255630,0.259077,0.328654,0.304308,0.471287,0.357100,0.321148,0.306037,0.229043,0.331031,0.228453,0.229307,0.272084,0.334085,0.279906,0.350872,0.377578,0.218230,0.360530,0.247079,0.320841,0.305239,0.309335,0.261140,0.294795,0.443526,0.303533,0.214949,0.370516,0.311137,0.242542,0.308763,0.255761,0.346661,0.397011,0.246070,0.305102,0.328946,0.348412,0.349339,0.377137,0.306203,0.321500,0.431777,0.340845,0.299424,0.380254,0.450529,0.350156,0.297581,0.325640,0.398227,0.274288,0.364737,0.297956,0.315012,0.431901,0.359282,0.295311,0.347648,0.317098,0.342167,0.278463,0.338615,0.248657,0.358692,0.212250,0.313509,0.308337,0.270116,0.291167,0.241769,0.416037,0.287119,0.299668,0.306490,0.278341,0.344712,0.376039,0.421009,0.120830,0.236886,0.404861,0.381541,0.381398,0.237885,0.317866,0.299811,0.323103,0.379426,0.279340,0.133170,0.228314,0.423294,0.282691,0.320898,0.318536,0.237969,0.275267,0.381161,0.287224,0.220115,0.285906,0.304701,0.302414,0.350784,0.184615,0.243278,0.320766,#
9,0.364137,0.376183,0.267736,0.257657,0.332206,0.293640,0.335031,0.384193,0.251852,1.000000,0.466152,0.393603,0.327711,0.387613,0.342130,0.355631,0.333420,0.304606,0.336259,0.405319,0.318382,0.329649,0.394907,0.373293,0.330600,0.313960,0.376851,0.475427,0.326405,0.230426,0.396832,0.421797,0.354368,0.359329,0.314670,0.364143,0.200745,0.385366,0.311752,0.307056,0.331802,0.389190,0.272978,0.216293,0.381886,0.449409,0.368280,0.428374,0.396962,0.264212,0.417376,0.396599,0.327760,0.298401,0.383219,0.389799,0.391246,0.386852,0.263884,0.359332,0.293027,0.306358,0.416314,0.350605,0.373676,0.352390,0.283507,0.447357,0.382505,0.305644,0.364502,0.327142,0.301568,0.378427,0.410894,0.322640,0.463349,0.328314,0.450345,0.401276,0.399265,0.402375,0.472789,0.397966,0.390730,0.494140,0.397733,0.303623,0.423951,0.361163,0.277936,0.434735,0.304040,0.374843,0.310289,0.420332,0.456455,0.263959,0.375976,0.364304,0.398887,0.342015,0.442036,0.241886,0.347791,0.319624,0.368014,0.425973,0.298415,0.296505,0.267105,0.344541,0.427726,0.352426,0.354556,0.367206,0.423094,0.412207,0.471082,0.340037,0.493151,0.453289,0.326118,0.382309,0.405387,0.389567,0.282261,0.446326,0.283867,0.280905,0.361386,0.430294,0.279229,0.324422,0.492319,0.279563,0.299480,0.324681,0.388078,0.407641,0.319017,0.316126,0.275556,0.321270,0.371048,0.235333,0.403136,0.315140,0.295413,0.320683,0.416770,0.383087,0.417259,0.332078,0.296985,0.377304,0.395826,0.406280,0.391622,0.354676,0.340019,0.266486,0.207139,0.437166,0.374448,0.352119,0.278412,0.302762,0.433879,0.446341,0.386546,0.388460,0.345939,0.381605,0.377600,0.346005,0.297333,0.205703,0.250530,0.442124,0.334306,0.394689,0.379477,0.357434,0.340951,0.387523,0.459420,0.450516,0.374718,0.275361,0.387033,0.329454,0.244360,0.311199,0.288561,0.359610,0.324472,0.249965,0.335968,0.337369,#
10,0.432428,0.496055,0.290491,0.286952,0.437983,0.272663,0.422880,0.323179,0.384957,0.466152,1.000000,0.397033,0.303673,0.436596,0.336958,0.362595,0.433799,0.373524,0.476323,0.429331,0.383809,0.371818,0.366593,0.323474,0.364075,0.330831,0.438238,0.414369,0.329175,0.354075,0.417064,0.389334,0.367521,0.390439,0.349813,0.431869,0.210766,0.415564,0.354391,0.337456,0.261584,0.283902,0.344926,0.291139,0.331641,0.370289,0.408177,0.458239,0.404201,0.390190,0.371863,0.410985,0.369205,0.372169,0.410183,0.393967,0.352511,0.385354,0.358389,0.365853,0.379180,0.356314,0.389887,0.408825,0.350693,0.363923,0.404218,0.370625,0.365427,0.323075,0.344572,0.334006,0.343140,0.371536,0.354393,0.368118,0.451087,0.247806,0.424072,0.301276,0.363776,0.471660,0.392195,0.421092,0.359853,0.438304,0.404520,0.270763,0.428263,0.389331,0.274624,0.367764,0.393646,0.336070,0.271146,0.416438,0.417413,0.261297,0.455787,0.368016,0.431368,0.284398,0.369799,0.351440,0.412980,0.349039,0.442305,0.450821,0.356196,0.409697,0.274902,0.325942,0.410700,0.409680,0.371811,0.426558,0.405216,0.280123,0.312996,0.306994,0.344159,0.338087,0.358961,0.373978,0.424908,0.339722,0.328526,0.375994,0.308522,0.395704,0.382221,0.401745,0.325520,0.300735,0.494567,0.356363,0.347512,0.393465,0.306175,0.476859,0.337241,0.287281,0.448943,0.308141,0.324316,0.375179,0.285961,0.317292,0.338680,0.398957,0.349488,0.445419,0.362454,0.395365,0.363554,0.379184,0.380433,0.326971,0.327170,0.445217,0.327499,0.383271,0.326195,0.426232,0.345317,0.374333,0.266360,0.305168,0.369812,0.524772,0.469057,0.344971,0.391265,0.381414,0.445394,0.241622,0.328740,0.350080,0.396440,0.462002,0.389247,0.355035,0.409110,0.310020,0.457505,0.349124,0.376398,0.435793,0.309022,0.311458,0.365870,0.378689,0.318768,0.317046,0.351603,0.426576,0.401161,0.390184,0.387595,0.439057,#
11,0.414199,0.448073,0.374531,0.373446,0.288275,0.304589,0.384555,0.422468,0.332649,0.393603,0.397033,1.000000,0.447890,0.349066,0.219361,0.415216,0.427243,0.451851,0.422469,0.280904,0.403744,0.447659,0.392220,0.431202,0.472915,0.457698,0.303664,0.467358,0.304165,0.392060,0.416457,0.446102,0.385023,0.423429,0.339156,0.342128,0.413753,0.475922,0.313781,0.365908,0.381950,0.394010,0.427103,0.408763,0.322299,0.420244,0.428799,0.495132,0.370524,0.312553,0.465189,0.424503,0.346215,0.439772,0.346006,0.364344,0.493376,0.416157,0.388580,0.381567,0.342415,0.387554,0.464931,0.460740,0.424847,0.337615,0.399845,0.443979,0.367479,0.381707,0.365137,0.297611,0.373575,0.474891,0.467678,0.429063,0.377646,0.360794,0.543333,0.381431,0.416880,0.348350,0.405820,0.483125,0.436500,0.427498,0.482199,0.383935,0.420048,0.394957,0.453509,0.385240,0.406767,0.452940,0.312929,0.391286,0.328502,0.342868,0.395286,0.400955,0.458227,0.368704,0.388658,0.289073,0.392679,0.493966,0.431625,0.409823,0.379597,0.433012,0.334745,0.329484,0.426990,0.416184,0.286190,0.505021,0.444148,0.320246,0.408910,0.379868,0.354743,0.457784,0.373785,0.394118,0.438785,0.398359,0.522266,0.520949,0.384899,0.358704,0.406693,0.540880,0.284766,0.358347,0.409119,0.347568,0.281150,0.451249,0.363360,0.404462,0.346763,0.438033,0.373880,0.444389,0.400771,0.410055,0.422855,0.329748,0.428208,0.368587,0.421522,0.522140,0.390236,0.369517,0.448691,0.283673,0.315457,0.327397,0.333890,0.372753,0.449226,0.386842,0.308131,0.421785,0.495965,0.405958,0.354980,0.382303,0.532044,0.432700,0.465041,0.270792,0.394584,0.394777,0.394768,0.481359,0.469975,0.345654,0.346595,0.346929,0.396523,0.407250,0.395267,0.350314,0.382074,0.470328,0.396874,0.434907,0.331411,0.375801,0.282968,0.367429,0.374410,0.195546,0.331088,0.371025,0.474236,0.357138,0.317379,0.450714,#
12,0.363147,0.401648,0.332787,0.253963,0.370157,0.276074,0.328462,0.347431,0.341642,0.327711,0.303673,0.447890,1.000000,0.336286,0.286505,0.329887,0.391204,0.374473,0.468740,0.368919,0.395721,0.251244,0.394747,0.376972,0.409732,0.342667,0.303488,0.473926,0.362224,0.392569,0.369648,0.475098,0.434882,0.372098,0.365042,0.328916,0.383599,0.400439,0.258116,0.344926,0.397742,0.290511,0.464856,0.367888,0.390923,0.441072,0.352363,0.328027,0.400805,0.322153,0.446122,0.276366,0.300205,0.350372,0.330617,0.340879,0.366181,0.431913,0.359815,0.391228,0.347571,0.376638,0.392787,0.390733,0.342838,0.349171,0.391894,0.324942,0.314120,0.293882,0.263168,0.357035,0.264662,0.295110,0.441553,0.349945,0.367973,0.330007,0.319067,0.351235,0.439853,0.385280,0.437757,0.391985,0.403609,0.461522,0.302486,0.374463,0.432003,0.395641,0.424041,0.335430,0.279604,0.419823,0.316950,0.296142,0.425946,0.380940,0.294187,0.273276,0.333061,0.387267,0.335628,0.375314,0.370991,0.353391,0.401984,0.340038,0.296780,0.454461,0.354472,0.262878,0.438006,0.384015,0.286838,0.350426,0.386642,0.431843,0.293124,0.416444,0.249645,0.454434,0.350921,0.372582,0.330038,0.442906,0.359102,0.339960,0.352941,0.265538,0.364209,0.446129,0.302004,0.213686,0.387955,0.380024,0.331012,0.384652,0.377303,0.338899,0.422927,0.405040,0.303715,0.335137,0.333894,0.357424,0.385737,0.316448,0.380371,0.287925,0.445246,0.502641,0.312153,0.319956,0.358847,0.243266,0.359756,0.235004,0.336081,0.212605,0.442347,0.356303,0.271062,0.432121,0.364900,0.384414,0.335256,0.201221,0.387737,0.477386,0.353793,0.273438,0.367232,0.350601,0.451272,0.286625,0.262941,0.326133,0.199628,0.377863,0.394274,0.370501,0.365797,0.336533,0.379769,0.411065,0.382028,0.429368,0.273575,0.234245,0.400850,0.396102,0.314761,0.339581,0.307708,0.309144,0.423527,0.220424,0.378914,0.354801,#
13,0.308318,0.460356,0.362191,0.312516,0.343410,0.193331,0.436694,0.394448,0.369590,0.387613,0.436596,0.349066,0.336286,1.000000,0.342926,0.340085,0.372686,0.311979,0.385941,0.369597,0.355180,0.362814,0.382343,0.274265,0.460547,0.418795,0.400790,0.403523,0.320884,0.236086,0.373967,0.326612,0.421939,0.385403,0.242531,0.351456,0.235184,0.393878,0.242283,0.326985,0.288098,0.338423,0.478981,0.303582,0.357242,0.289211,0.455625,0.404883,0.408790,0.309729,0.451826,0.384697,0.329897,0.333289,0.414815,0.459052,0.302191,0.345638,0.374854,0.393159,0.341556,0.318594,0.526338,0.400659,0.303046,0.312225,0.424511,0.395430,0.461990,0.413044,0.277627,0.364573,0.384734,0.401998,0.419610,0.253153,0.378394,0.364802,0.417767,0.370812,0.376511,0.458763,0.472359,0.452057,0.456989,0.383014,0.442923,0.402370,0.431963,0.459533,0.346947,0.356955,0.405617,0.385695,0.353361,0.419074,0.333298,0.283838,0.350093,0.352359,0.477710,0.337266,0.330360,0.288400,0.346185,0.396198,0.365649,0.397681,0.326942,0.357253,0.313697,0.338167,0.483823,0.373225,0.383490,0.305102,0.417396,0.316289,0.356488,0.409823,0.405957,0.430549,0.253768,0.428127,0.366532,0.369567,0.352092,0.426697,0.455422,0.303473,0.338180,0.344410,0.362336,0.387448,0.513211,0.328857,0.364047,0.373347,0.480935,0.399739,0.363215,0.324513,0.333716,0.387280,0.398267,0.441455,0.389969,0.330468,0.238866,0.356446,0.414427,0.298027,0.404052,0.345152,0.407581,0.323137,0.334335,0.350682,0.338048,0.272535,0.308852,0.395916,0.267117,0.458220,0.422563,0.399228,0.244455,0.303413,0.434107,0.461576,0.438891,0.427845,0.346794,0.325345,0.433898,0.397254,0.360718,0.280369,0.409993,0.337837,0.426281,0.262492,0.282949,0.363578,0.336135,0.356014,0.398823,0.491131,0.386495,0.391687,0.347167,0.336612,0.329441,0.301428,0.313003,0.378734,0.392511,0.315378,0.357906,0.404226,#
14,0.384120,0.390408,0.337664,0.172107,0.264404,0.247197,0.256429,0.231797,0.318800,0.342130,0.336958,0.219361,0.286505,0.342926,1.000000,0.376759,0.287870,0.327490,0.377950,0.346261,0.297131,0.299502,0.348348,0.288753,0.334975,0.255233,0.336473,0.281262,0.337819,0.253125,0.257276,0.200950,0.278564,0.246367,0.295782,0.359498,0.320778,0.376633,0.350598,0.369785,0.366883,0.302161,0.373040,0.309746,0.250726,0.289978,0.394631,0.349197,0.307414,0.205734,0.380046,0.286712,0.247753,0.269640,0.382872,0.309403,0.265671,0.308716,0.284348,0.343190,0.355217,0.390093,0.276889,0.334593,0.321577,0.242795,0.291754,0.317784,0.343844,0.302242,0.185039,0.290948,0.186092,0.413552,0.209214,0.279967,0.244162,0.369782,0.339308,0.279028,0.334623,0.168802,0.429227,0.350857,0.256368,0.354891,0.159647,0.241922,0.335304,0.347007,0.334333,0.302312,0.337366,0.294304,0.242476,0.271609,0.358527,0.251176,0.421521,0.270947,0.265008,0.243353,0.329656,0.257094,0.210818,0.278351,0.361063,0.396476,0.275299,0.314985,0.175513,0.295662,0.367663,0.155930,0.287053,0.317512,0.250548,0.302788,0.314256,0.303306,0.365119,0.254495,0.244484,0.348374,0.276029,0.270175,0.300069,0.306357,0.189448,0.273514,0.104143,0.341746,0.339085,0.170762,0.281557,0.247126,0.328376,0.255495,0.295259,0.250799,0.354018,0.361145,0.350451,0.235845,0.253523,0.294657,0.305197,0.158155,0.295800,0.218010,0.272369,0.269335,0.194986,0.344285,0.182667,0.203210,0.283248,0.287319,0.296864,0.208557,0.274024,0.330303,0.229174,0.266524,0.301520,0.254720,0.330660,0.305294,0.276514,0.327463,0.368553,0.282962,0.324425,0.397747,0.425505,0.212163,0.341508,0.334168,0.304446,0.358131,0.348250,0.360929,0.221480,0.340791,0.342818,0.340933,0.321997,0.374015,0.190167,0.161368,0.312967,0.310018,0.282694,0.378045,0.304998,0.188092,0.190780,0.240078,0.348126,0.372916,#
15,0.343317,0.340899,0.348556,0.191074,0.276383,0.309147,0.320300,0.293146,0.251070,0.355631,0.362595,0.415216,0.329887,0.340085,0.376759,1.000000,0.394387,0.441961,0.411601,0.315925,0.304388,0.402193,0.367954,0.348352,0.446820,0.295504,0.341525,0.340954,0.339928,0.228100,0.384066,0.354255,0.334817,0.380470,0.316593,0.270612,0.316078,0.375040,0.358087,0.380489,0.478355,0.314168,0.358990,0.340428,0.384569,0.326419,0.335884,0.439315,0.286234,0.300923,0.373907,0.275482,0.363502,0.320114,0.349447,0.282898,0.350272,0.397998,0.341458,0.427579,0.260898,0.274114,0.252431,0.354781,0.282566,0.247251,0.450380,0.385847,0.413789,0.316316,0.198747,0.303888,0.275718,0.302974,0.388705,0.398055,0.322088,0.388815,0.379699,0.345107,0.501817,0.278680,0.337549,0.360786,0.315009,0.437284,0.356855,0.208959,0.373478,0.332312,0.298992,0.214813,0.341509,0.420528,0.253933,0.304676,0.382229,0.280032,0.450672,0.335399,0.386580,0.265640,0.408044,0.313082,0.320412,0.321577,0.372355,0.287300,0.332319,0.460454,0.230031,0.386586,0.359954,0.249330,0.265271,0.409165,0.399279,0.325784,0.297655,0.362916,0.344868,0.332110,0.215158,0.363157,0.308317,0.254544,0.375814,0.359837,0.289829,0.220771,0.204818,0.426748,0.302890,0.317496,0.424942,0.342171,0.398446,0.297903,0.319350,0.225723,0.340834,0.361309,0.463802,0.283765,0.344236,0.357551,0.405841,0.257521,0.366092,0.358999,0.410182,0.389428,0.310187,0.507448,0.200954,0.412301,0.246620,0.320453,0.317406,0.293717,0.297855,0.382169,0.271725,0.366886,0.295243,0.401485,0.289257,0.342862,0.371884,0.389522,0.384825,0.235584,0.443085,0.286840,0.430298,0.225359,0.375442,0.264936,0.236333,0.340802,0.241970,0.364917,0.278519,0.253942,0.391949,0.430162,0.256086,0.359428,0.232404,0.226969,0.174136,0.443218,0.232299,0.360111,0.308042,0.359010,0.308696,0.291098,0.276358,0.345177,#
16,0.406786,0.356072,0.355981,0.263593,0.293127,0.318573,0.405042,0.355747,0.345091,0.333420,0.433799,0.427243,0.391204,0.372686,0.287870,0.394387,1.000000,0.427438,0.359881,0.308383,0.534459,0.372193,0.486651,0.265843,0.332430,0.372311,0.386981,0.297756,0.319190,0.261263,0.358904,0.459631,0.310746,0.392527,0.290238,0.331598,0.357464,0.344106,0.316177,0.382893,0.248211,0.328653,0.344624,0.320551,0.321992,0.368541,0.410068,0.385601,0.367663,0.304525,0.261724,0.347543,0.450122,0.360369,0.346983,0.338757,0.245690,0.363845,0.285692,0.299230,0.282932,0.406136,0.339380,0.453546,0.406123,0.290500,0.375795,0.476767,0.337754,0.402137,0.247207,0.314772,0.325557,0.317223,0.422597,0.467338,0.327511,0.354786,0.456063,0.336961,0.307913,0.344471,0.355483,0.346671,0.346230,0.505612,0.414781,0.348871,0.366253,0.323222,0.330641,0.293069,0.297733,0.327888,0.297237,0.398800,0.345717,0.267209,0.482851,0.348957,0.391788,0.277264,0.256075,0.286755,0.321883,0.386009,0.350525,0.299352,0.385766,0.387019,0.318729,0.385324,0.423927,0.281004,0.383372,0.434143,0.427595,0.333681,0.244754,0.362464,0.257772,0.334707,0.324751,0.335115,0.406146,0.294595,0.379738,0.310781,0.362331,0.364194,0.249303,0.392986,0.368472,0.279455,0.487551,0.336840,0.263235,0.402168,0.360289,0.416182,0.260323,0.345374,0.260233,0.324734,0.359786,0.333240,0.236963,0.265954,0.271440,0.182283,0.376127,0.395603,0.349502,0.305990,0.313675,0.370532,0.279757,0.287941,0.375868,0.286685,0.313314,0.397841,0.381237,0.415527,0.296096,0.322282,0.311108,0.347918,0.358190,0.353473,0.367813,0.171305,0.397736,0.276918,0.422370,0.360672,0.373113,0.300047,0.302385,0.356133,0.330493,0.366284,0.301557,0.186006,0.315648,0.331295,0.381118,0.396184,0.263484,0.278664,0.356979,0.270718,0.274749,0.307487,0.368165,0.341236,0.357780,0.354445,0.281687,0.410254,#
17,0.453676,0.356684,0.370073,0.381137,0.358151,0.360344,0.401182,0.379225,0.284009,0.304606,0.373524,0.451851,0.374473,0.311979,0.327490,0.441961,0.427438,1.000000,0.370304,0.428869,0.393476,0.421807,0.476885,0.481942,0.442636,0.368216,0.311680,0.369839,0.466480,0.378886,0.408780,0.501561,0.542159,0.423145,0.280375,0.312257,0.341897,0.564930,0.340012,0.330080,0.370008,0.296434,0.393029,0.448971,0.324131,0.389379,0.460939,0.392459,0.434149,0.444002,0.463920,0.301672,0.297956,0.406227,0.421055,0.371175,0.345641,0.517494,0.388063,0.411940,0.361969,0.437213,0.355083,0.390525,0.341949,0.373806,0.413551,0.516336,0.419311,0.432005,0.428745,0.447624,0.400618,0.440545,0.428730,0.443609,0.322889,0.442219,0.393110,0.382144,0.457587,0.455865,0.523777,0.461908,0.396974,0.393980,0.394503,0.383125,0.492008,0.457847,0.441478,0.323811,0.387107,0.392488,0.280353,0.342827,0.373125,0.442030,0.405300,0.367539,0.401798,0.324944,0.359202,0.368154,0.384645,0.442856,0.367921,0.523802,0.316731,0.380358,0.353078,0.301382,0.359717,0.376976,0.254199,0.422945,0.397899,0.353878,0.362992,0.455937,0.326605,0.357478,0.318667,0.395052,0.445031,0.437719,0.373701,0.414924,0.282710,0.296007,0.276989,0.460660,0.434859,0.475872,0.436481,0.379330,0.435799,0.326309,0.402948,0.431010,0.408798,0.392262,0.392218,0.356451,0.419736,0.374108,0.290793,0.267974,0.407392,0.266701,0.520719,0.340891,0.323745,0.488282,0.326211,0.321528,0.356674,0.374860,0.483231,0.407157,0.467088,0.450448,0.320199,0.416338,0.427194,0.453792,0.309359,0.435744,0.398988,0.442921,0.516052,0.327923,0.378287,0.393191,0.442264,0.255286,0.419505,0.375016,0.250099,0.428209,0.412038,0.517705,0.343251,0.222412,0.373719,0.408615,0.463193,0.504447,0.385826,0.365691,0.306415,0.463436,0.239168,0.322764,0.464007,0.425439,0.492315,0.262968,0.319788,0.419348,#
18,0.381370,0.502771,0.387755,0.286743,0.392731,0.344611,0.414910,0.327496,0.235489,0.336259,0.476323,0.422469,0.468740,0.385941,0.377950,0.411601,0.359881,0.370304,1.000000,0.410648,0.335935,0.372188,0.258767,0.385280,0.399669,0.436345,0.450553,0.422953,0.479451,0.287670,0.453428,0.463869,0.486880,0.331550,0.359855,0.410081,0.449119,0.413582,0.344862,0.365195,0.390754,0.331578,0.451751,0.348059,0.303204,0.316333,0.355052,0.411596,0.310394,0.330515,0.449531,0.276214,0.398400,0.455897,0.358055,0.269272,0.368801,0.442123,0.297336,0.339807,0.312823,0.351110,0.392920,0.469261,0.318546,0.405600,0.401511,0.455508,0.320198,0.242896,0.262425,0.349123,0.324693,0.373735,0.372603,0.322731,0.321876,0.372519,0.459122,0.479068,0.522232,0.363261,0.443393,0.448296,0.403639,0.333127,0.391308,0.353358,0.463310,0.356212,0.396506,0.312082,0.406589,0.422174,0.314520,0.334102,0.440575,0.293443,0.357684,0.428276,0.352404,0.417449,0.415370,0.403775,0.438943,0.339704,0.343414,0.415592,0.324672,0.421690,0.366366,0.390521,0.323538,0.417313,0.299494,0.292027,0.343181,0.313962,0.404380,0.334364,0.271135,0.452479,0.288778,0.390783,0.420767,0.378520,0.363968,0.371100,0.327275,0.368055,0.360866,0.398950,0.368887,0.289520,0.507652,0.269700,0.297857,0.405778,0.356712,0.362368,0.477589,0.302664,0.321484,0.319694,0.333458,0.332687,0.266817,0.177793,0.317703,0.299193,0.368485,0.420842,0.438523,0.372536,0.291310,0.386701,0.421670,0.358934,0.314110,0.342441,0.421460,0.423056,0.334491,0.369656,0.353589,0.380658,0.421591,0.411322,0.424505,0.431670,0.332771,0.326404,0.395921,0.249681,0.435679,0.261518,0.279257,0.410754,0.436576,0.351364,0.321280,0.409605,0.362730,0.297529,0.548912,0.416601,0.424336,0.558464,0.300827,0.333359,0.383339,0.355555,0.318878,0.364605,0.396393,0.344080,0.419105,0.376129,0.398856,0.478395,#
19,0.336965,0.359133,0.344451,0.276633,0.426774,0.206845,0.422304,0.412428,0.389049,0.405319,0.429331,0.280904,0.368919,0.369597,0.346261,0.315925,0.308383,0.428869,0.410648,1.000000,0.318150,0.401465,0.404315,0.404120,0.345948,0.378260,0.352377,0.360631,0.353468,0.419015,0.320875,0.395977,0.369409,0.333687,0.324676,0.368120,0.199596,0.410819,0.420386,0.379662,0.319305,0.262318,0.357518,0.323022,0.346743,0.433443,0.383028,0.485063,0.374047,0.357686,0.394800,0.326098,0.229649,0.474687,0.393011,0.380618,0.356845,0.433702,0.279527,0.432600,0.360527,0.288504,0.358134,0.343086,0.369607,0.324483,0.283539,0.390134,0.357076,0.370803,0.361041,0.311122,0.422447,0.298043,0.404324,0.325416,0.376216,0.431493,0.368740,0.352088,0.420894,0.367255,0.465278,0.297023,0.416380,0.390795,0.353599,0.332514,0.447029,0.407023,0.332923,0.392957,0.337860,0.329524,0.298327,0.407592,0.386217,0.447127,0.363727,0.290038,0.337231,0.256986,0.394941,0.323978,0.395880,0.374821,0.503681,0.524197,0.316408,0.400734,0.341802,0.331492,0.371453,0.392300,0.329249,0.354709,0.418609,0.470008,0.358719,0.350616,0.389497,0.474270,0.321820,0.361792,0.503057,0.459460,0.350529,0.446621,0.193533,0.290807,0.295855,0.319618,0.436739,0.384760,0.449737,0.316147,0.385686,0.352237,0.365495,0.405448,0.377870,0.279873,0.311106,0.200039,0.378909,0.362893,0.302625,0.405972,0.445835,0.198258,0.335615,0.389050,0.368583,0.420441,0.269543,0.310333,0.404417,0.358644,0.330625,0.214440,0.392413,0.403943,0.394108,0.335128,0.275364,0.380527,0.315940,0.340131,0.387636,0.404906,0.512840,0.357259,0.357799,0.321336,0.444959,0.276164,0.326822,0.379038,0.180028,0.399204,0.333680,0.409775,0.263792,0.336889,0.404098,0.360029,0.408541,0.455253,0.325992,0.297802,0.419592,0.342271,0.369592,0.435759,0.369995,0.385165,0.472817,0.341706,0.443354,0.448638,#
20,0.416744,0.389624,0.353460,0.301118,0.326500,0.328538,0.418384,0.353415,0.313894,0.318382,0.383809,0.403744,0.395721,0.355180,0.297131,0.304388,0.534459,0.393476,0.335935,0.318150,1.000000,0.421148,0.431734,0.325712,0.415177,0.319694,0.384820,0.436873,0.331341,0.338461,0.320150,0.376430,0.322526,0.352552,0.401390,0.339802,0.296043,0.393590,0.251962,0.370353,0.260261,0.422519,0.444691,0.363771,0.311689,0.439282,0.326734,0.451846,0.419656,0.346211,0.365363,0.440520,0.452053,0.377553,0.329500,0.302390,0.358268,0.349728,0.241962,0.439796,0.406050,0.232865,0.443706,0.422632,0.469904,0.216771,0.398200,0.358370,0.345907,0.404713,0.343201,0.279476,0.472132,0.397015,0.441829,0.436743,0.418448,0.358761,0.288096,0.462366,0.308853,0.307072,0.480805,0.348375,0.303826,0.478184,0.355507,0.411664,0.397630,0.407739,0.380574,0.422876,0.395988,0.381152,0.292411,0.371780,0.347999,0.320820,0.407756,0.281342,0.279721,0.353764,0.271638,0.323055,0.274511,0.349864,0.375362,0.370280,0.267943,0.475993,0.332366,0.210910,0.435204,0.387567,0.287517,0.403046,0.455251,0.263445,0.266380,0.327906,0.279098,0.372956,0.311148,0.381070,0.403792,0.388508,0.443722,0.477399,0.279060,0.389344,0.263603,0.386267,0.337991,0.292261,0.457479,0.347129,0.355564,0.373441,0.394294,0.412244,0.326972,0.365125,0.218508,0.353083,0.359788,0.272786,0.269942,0.303936,0.329981,0.308765,0.354848,0.446210,0.342339,0.313471,0.361498,0.327489,0.255719,0.225292,0.341324,0.277183,0.377423,0.463994,0.361487,0.319382,0.375399,0.320302,0.223998,0.356998,0.390825,0.370539,0.479450,0.286302,0.324992,0.366985,0.399605,0.383501,0.258608,0.299015,0.382795,0.427987,0.383038,0.382861,0.313058,0.365530,0.448797,0.343694,0.314006,0.417796,0.347816,0.343113,0.428635,0.315693,0.404750,0.371134,0.382356,0.413361,0.363857,0.275479,0.335032,0.318162,#
21,0.466343,0.481405,0.438219,0.339510,0.401103,0.314535,0.387441,0.367662,0.291098,0.329649,0.371818,0.447659,0.251244,0.362814,0.299502,0.402193,0.372193,0.421807,0.372188,0.401465,0.421148,1.000000,0.361603,0.429289,0.457483,0.368558,0.367174,0.422672,0.382959,0.324353,0.402903,0.407032,0.350806,0.466765,0.369969,0.360935,0.376170,0.449728,0.367430,0.356824,0.373719,0.454966,0.337230,0.348886,0.388976,0.316382,0.464022,0.481807,0.347330,0.382402,0.409972,0.279604,0.435887,0.418126,0.409789,0.292605,0.375655,0.424750,0.396663,0.439343,0.307682,0.321984,0.388085,0.392860,0.435731,0.302488,0.385604,0.401501,0.435948,0.470988,0.457638,0.282782,0.400350,0.322441,0.395728,0.409061,0.371107,0.320191,0.351771,0.385746,0.467819,0.358105,0.364811,0.359655,0.394156,0.383997,0.357454,0.345818,0.431123,0.471362,0.302249,0.321554,0.406811,0.330558,0.369651,0.417438,0.346287,0.375277,0.452724,0.413150,0.431414,0.279351,0.313786,0.400958,0.369484,0.447501,0.343309,0.431596,0.350847,0.392103,0.306811,0.340203,0.476819,0.363781,0.271120,0.392898,0.480957,0.265969,0.436220,0.449692,0.343196,0.394315,0.230176,0.455278,0.387981,0.415523,0.457343,0.406541,0.292554,0.307293,0.345508,0.319176,0.385720,0.420600,0.423215,0.314935,0.415585,0.318604,0.392056,0.383688,0.300521,0.422643,0.389542,0.308800,0.375835,0.362461,0.317081,0.382675,0.394722,0.310065,0.375471,0.457022,0.389558,0.444687,0.330807,0.321319,0.311556,0.383838,0.336758,0.350675,0.479413,0.359956,0.304572,0.387255,0.375643,0.330266,0.223732,0.426296,0.317977,0.390731,0.462029,0.283723,0.464039,0.334450,0.393817,0.328975,0.398971,0.316643,0.372476,0.395384,0.308634,0.446245,0.230146,0.327132,0.403029,0.378404,0.372974,0.504096,0.415202,0.299189,0.431827,0.457915,0.380586,0.286818,0.468307,0.434744,0.385999,0.347487,0.339803,0.441623,#
