0,1.000000,0.387081,0.425642,0.417498,0.424033,0.430678,0.421678,0.400618,0.417107,0.326884,0.433975,0.387010,0.373729,0.380960,0.412492,0.522805,0.483510,0.513498,0.476180,0.495451,0.429563,0.355113,0.461285,0.505855,0.332334,0.383115,0.416145,0.370799,0.425941,0.418212,0.332796,0.524452,0.410521,0.453455,0.470749,0.372238,0.328182,0.424726,0.497698,0.441692,0.448955,0.377244,0.505220,0.346185,0.443250,0.387544,0.369790,0.486932,0.430253,0.432649,0.424425,0.459787,0.444011,0.462183,0.471018,0.458973,0.491777,0.482613,0.386305,0.403713,0.415274,0.389557,0.523905,0.375082,0.443572,0.334124,0.393274,0.386267,0.360270,0.376959,0.388431,0.384325,0.464124,0.542865,0.387741,0.327347,0.495200,0.392082,0.455960,0.409536,0.373541,0.428744,0.474866,0.438745,0.433756,0.442466,0.518478,0.515496,0.446739,0.486932,0.412417,0.364025,0.465974,0.397817,0.401502,0.455783,0.410518,0.368519,0.407857,0.469774,0.444182,0.419349,0.380470,0.433741,0.375785,0.508070,0.396730,0.448495,0.424728,0.267700,0.375544,0.447664,0.372252,0.446045,0.510326,0.463611,0.446166,0.366941,0.413119,0.422089,0.409586,0.476084,0.499993,0.468866,0.517457,0.461995,0.407612,0.376046,0.401608,0.461681,0.455089,0.422372,0.401853,0.395203,0.437214,0.461289,0.404161,0.475504,0.323295,0.475870,0.426006,0.367473,0.320539,0.404943,0.368993,0.290768,0.428728,0.346443,0.453878,0.349776,0.355494,0.470925,0.430290,0.351177,0.447991,0.445556,0.483004,0.437312,0.482363,0.395903,0.441356,0.431869,0.456911,0.342188,0.427010,0.442379,0.383872,0.451564,0.485781,0.381621,0.378769,0.370800,0.475808,0.451770,0.369337,0.466661,0.523234,0.464383,0.413890,0.284560,0.431183,0.433352,0.352098,0.410445,0.409286,0.344632,0.355407,0.470513,0.469332,0.332306,0.294815,0.455109,0.337876,0.452824,0.475784,0.437302,0.327760,0.463060,0.396969,0.443739,#
1,0.387081,1.000000,0.436924,0.420617,0.380197,0.420462,0.398754,0.448519,0.540211,0.378322,0.478419,0.433636,0.396691,0.329184,0.370805,0.376977,0.373085,0.413687,0.362754,0.435965,0.371309,0.478892,0.386779,0.305628,0.380015,0.322390,0.392292,0.513188,0.338980,0.399767,0.440920,0.431032,0.344885,0.455341,0.328480,0.433944,0.364855,0.435965,0.532061,0.345210,0.390018,0.293435,0.437081,0.366787,0.391588,0.357710,0.498143,0.383966,0.423875,0.311015,0.409463,0.436875,0.455459,0.432694,0.466607,0.387661,0.422339,0.334025,0.260116,0.327504,0.384339,0.363200,0.407284,0.356256,0.358362,0.432603,0.402570,0.381230,0.383818,0.471694,0.392578,0.413065,0.503680,0.384176,0.448969,0.421301,0.358835,0.301304,0.463867,0.375633,0.440477,0.414977,0.402933,0.379944,0.466949,0.336854,0.436632,0.490250,0.428733,0.352240,0.397445,0.368692,0.394430,0.438584,0.447965,0.378898,0.318841,0.375998,0.376216,0.413292,0.477036,0.388031,0.377364,0.348152,0.314001,0.473125,0.350329,0.448433,0.404736,0.376138,0.357697,0.366382,0.341824,0.436963,0.404962,0.439203,0.436343,0.351380,0.353502,0.346425,0.342733,0.426369,0.374375,0.434571,0.412685,0.365297,0.376779,0.414840,0.422989,0.446060,0.338088,0.523681,0.368004,0.392005,0.451705,0.391563,0.416135,0.449065,0.418530,0.453640,0.479885,0.359020,0.398325,0.515171,0.458531,0.349625,0.339381,0.323775,0.431058,0.269724,0.434821,0.436566,0.372140,0.275771,0.492535,0.436571,0.359893,0.369176,0.257415,0.268601,0.375401,0.430198,0.464243,0.452974,0.376578,0.272408,0.369325,0.287537,0.356677,0.413565,0.443647,0.425594,0.412936,0.364027,0.383715,0.434094,0.434682,0.513972,0.339250,0.298762,0.394007,0.348881,0.346928,0.420933,0.426622,0.457253,0.356698,0.284522,0.455004,0.424295,0.449253,0.442968,0.302548,0.426498,0.435957,0.305713,0.273508,0.459537,0.290716,0.448385,#
2,0.425642,0.436924,1.000000,0.417246,0.479539,0.443489,0.466317,0.436768,0.494202,0.381693,0.451337,0.460411,0.370738,0.495260,0.354540,0.470823,0.350560,0.454307,0.422512,0.477606,0.466068,0.451490,0.339913,0.427716,0.401955,0.428574,0.522451,0.484720,0.444294,0.406284,0.411959,0.446343,0.425708,0.384575,0.413389,0.417357,0.392255,0.426495,0.501613,0.332223,0.396309,0.383644,0.513036,0.364636,0.442901,0.404924,0.450866,0.378219,0.388294,0.376143,0.463872,0.540260,0.493355,0.430201,0.493586,0.430389,0.469707,0.380503,0.468794,0.421430,0.575277,0.415926,0.393810,0.461951,0.463578,0.436924,0.386347,0.432461,0.414746,0.445025,0.396321,0.463708,0.410350,0.468011,0.481749,0.403436,0.414770,0.376770,0.445536,0.405957,0.436437,0.432851,0.491261,0.340507,0.498332,0.452582,0.428461,0.587301,0.384635,0.368880,0.434800,0.413380,0.526416,0.511288,0.420945,0.477054,0.445143,0.422958,0.525279,0.432759,0.430156,0.432246,0.375105,0.464537,0.320130,0.519022,0.434512,0.469652,0.400119,0.375568,0.479517,0.413727,0.479027,0.430359,0.384110,0.428236,0.486962,0.439283,0.330676,0.432301,0.418567,0.367694,0.373456,0.495034,0.469691,0.342412,0.456602,0.458215,0.463177,0.477359,0.415061,0.500571,0.481990,0.509990,0.503781,0.384548,0.479215,0.473003,0.492853,0.447323,0.394413,0.471934,0.372599,0.353446,0.489106,0.389274,0.278818,0.396050,0.456347,0.369247,0.475541,0.484539,0.502128,0.461056,0.423523,0.407892,0.434241,0.304695,0.448407,0.398927,0.337291,0.419220,0.472396,0.472321,0.390800,0.423529,0.431377,0.307487,0.385287,0.420507,0.403274,0.486552,0.497449,0.360818,0.448245,0.427032,0.451491,0.477024,0.341793,0.313140,0.434088,0.522272,0.231446,0.524382,0.422377,0.459835,0.387631,0.364610,0.464619,0.395428,0.397021,0.468350,0.549671,0.484189,0.456170,0.395815,0.270843,0.420834,0.386055,0.503364,#
3,0.417498,0.420617,0.417246,1.000000,0.498478,0.429107,0.448230,0.438126,0.568139,0.417752,0.475737,0.426742,0.426589,0.420917,0.428776,0.416554,0.395400,0.506628,0.512495,0.523437,0.475015,0.410509,0.466621,0.448546,0.419759,0.468108,0.467639,0.492078,0.461818,0.477947,0.447075,0.522137,0.519221,0.499671,0.374626,0.441726,0.382625,0.527686,0.520073,0.473013,0.433467,0.468135,0.509117,0.528462,0.412200,0.504361,0.435833,0.443624,0.385522,0.328172,0.513134,0.461168,0.531764,0.360445,0.419059,0.504262,0.456835,0.405675,0.414806,0.486316,0.443014,0.364647,0.418268,0.428242,0.599012,0.403240,0.344496,0.316367,0.274123,0.464500,0.367992,0.458904,0.485242,0.429741,0.407721,0.417284,0.387795,0.396054,0.400682,0.355812,0.539018,0.437723,0.525296,0.361562,0.481958,0.442040,0.460827,0.448140,0.446600,0.420165,0.539646,0.456572,0.445806,0.494029,0.438048,0.457473,0.370084,0.335580,0.471924,0.384657,0.436419,0.421528,0.413572,0.344503,0.562350,0.415130,0.387825,0.446526,0.349996,0.356820,0.445117,0.344071,0.383921,0.458363,0.433435,0.463074,0.385309,0.422314,0.382405,0.397232,0.427383,0.465155,0.426968,0.449378,0.430374,0.489841,0.422257,0.526997,0.372554,0.397313,0.495318,0.494214,0.440835,0.483366,0.449281,0.486086,0.415261,0.452560,0.417661,0.450902,0.328889,0.507964,0.463393,0.340489,0.423158,0.452250,0.433569,0.511474,0.452421,0.430476,0.406651,0.416774,0.376880,0.452125,0.494433,0.359705,0.419979,0.394181,0.517390,0.385630,0.436065,0.410860,0.459107,0.460070,0.391953,0.374003,0.441871,0.385360,0.427103,0.397744,0.475641,0.393509,0.441574,0.360163,0.402815,0.438695,0.538176,0.484416,0.356799,0.393402,0.350939,0.550036,0.395260,0.359695,0.374436,0.424145,0.394315,0.393621,0.452659,0.492702,0.470650,0.427051,0.410458,0.402360,0.484991,0.441857,0.422001,0.419267,0.354783,0.390756,#
4,0.424033,0.380197,0.479539,0.498478,1.000000,0.513968,0.417117,0.501501,0.514340,0.445203,0.348534,0.489538,0.457954,0.462422,0.414042,0.468724,0.454665,0.556372,0.467414,0.612604,0.595325,0.379717,0.447919,0.493941,0.402063,0.484047,0.448410,0.401096,0.509695,0.452342,0.489983,0.509036,0.487843,0.423823,0.416530,0.456991,0.529793,0.467788,0.476707,0.454671,0.482173,0.436764,0.442987,0.435218,0.470131,0.530122,0.512629,0.485992,0.476117,0.377335,0.486058,0.481523,0.512212,0.466404,0.557453,0.544234,0.453425,0.473922,0.484471,0.439471,0.424166,0.475221,0.461822,0.400053,0.493179,0.454125,0.397752,0.419297,0.342410,0.449739,0.454825,0.482178,0.474777,0.515110,0.447725,0.338598,0.400111,0.464704,0.471241,0.515884,0.478005,0.489684,0.475929,0.368571,0.524686,0.441765,0.439013,0.463934,0.434493,0.431702,0.529752,0.414683,0.475866,0.467165,0.458645,0.502117,0.423109,0.381064,0.379124,0.426562,0.469491,0.450218,0.527694,0.424486,0.420694,0.530622,0.408122,0.500039,0.506275,0.449659,0.456247,0.470705,0.443685,0.584312,0.478472,0.415516,0.517909,0.450772,0.387267,0.391050,0.391440,0.430213,0.494805,0.421208,0.521362,0.444835,0.443446,0.499390,0.544600,0.468978,0.505575,0.450955,0.479325,0.524793,0.551999,0.492615,0.453545,0.465770,0.454825,0.411115,0.397611,0.436683,0.526792,0.396651,0.490946,0.449027,0.438146,0.493889,0.430191,0.430684,0.456332,0.528748,0.417948,0.521851,0.575079,0.481766,0.575869,0.401680,0.406531,0.418067,0.461273,0.379804,0.507384,0.334686,0.323942,0.406514,0.366569,0.376351,0.501127,0.447046,0.397396,0.468118,0.606945,0.426370,0.521409,0.501845,0.583143,0.547494,0.400627,0.414252,0.411414,0.420639,0.441350,0.428451,0.515901,0.477144,0.317988,0.526885,0.494150,0.523999,0.333310,0.457388,0.406192,0.469420,0.447037,0.456002,0.418954,0.446164,0.492700,0.488962,#
5,0.430678,0.420462,0.443489,0.429107,0.513968,1.000000,0.341475,0.489633,0.489116,0.390860,0.460130,0.420372,0.378305,0.330681,0.419688,0.463342,0.387319,0.467362,0.284884,0.575267,0.405349,0.379095,0.424056,0.414551,0.395821,0.386857,0.497153,0.472248,0.478034,0.415247,0.526476,0.518794,0.477666,0.450751,0.353899,0.451302,0.415074,0.403739,0.480579,0.379631,0.526037,0.376866,0.383161,0.438059,0.427110,0.499579,0.490970,0.402153,0.490665,0.284277,0.485606,0.478546,0.403072,0.441684,0.410047,0.535509,0.462975,0.368836,0.549125,0.415893,0.389345,0.460162,0.474206,0.468978,0.523575,0.422218,0.337983,0.384422,0.361495,0.348325,0.424244,0.410351,0.504077,0.480000,0.387824,0.434346,0.456203,0.358257,0.438349,0.443787,0.505542,0.413133,0.508779,0.337503,0.383807,0.412057,0.478102,0.497113,0.439869,0.303966,0.360618,0.428722,0.544303,0.574397,0.429978,0.457580,0.354811,0.413618,0.480828,0.422902,0.434695,0.447897,0.419121,0.423307,0.394072,0.541165,0.409845,0.464275,0.385616,0.378310,0.380728,0.478366,0.336603,0.430194,0.405725,0.371118,0.484476,0.413430,0.317678,0.391707,0.355120,0.464656,0.411598,0.466766,0.364427,0.390411,0.439407,0.415397,0.435241,0.477329,0.516257,0.492059,0.528557,0.548155,0.494768,0.470677,0.456693,0.463677,0.372701,0.364160,0.392499,0.386684,0.438330,0.438002,0.482958,0.374570,0.359554,0.376282,0.438913,0.373227,0.472382,0.434781,0.418018,0.423931,0.462056,0.390632,0.502438,0.348841,0.434813,0.338657,0.460702,0.383181,0.499654,0.389805,0.395809,0.389570,0.294046,0.485578,0.508423,0.436972,0.536047,0.449241,0.492028,0.380566,0.439164,0.411317,0.475253,0.493064,0.400831,0.378487,0.460073,0.409949,0.456944,0.425069,0.463813,0.467068,0.433262,0.402660,0.390741,0.404923,0.333312,0.481310,0.366880,0.406550,0.397052,0.350881,0.319951,0.426141,0.401424,0.474365,#
6,0.421678,0.398754,0.466317,0.448230,0.417117,0.341475,1.000000,0.381589,0.465687,0.316378,0.347944,0.384644,0.410531,0.469009,0.295100,0.385019,0.381616,0.473070,0.413001,0.411562,0.491661,0.399577,0.277780,0.375178,0.383379,0.363102,0.401339,0.409097,0.391762,0.471142,0.398180,0.473366,0.357981,0.410695,0.394024,0.411203,0.283291,0.370403,0.380266,0.411231,0.360317,0.374662,0.450954,0.355546,0.468304,0.345569,0.420596,0.298466,0.488144,0.341400,0.465669,0.472428,0.464589,0.352679,0.422496,0.428370,0.382676,0.426277,0.442458,0.403820,0.419312,0.315547,0.392780,0.358649,0.505796,0.458568,0.431168,0.346460,0.337492,0.392943,0.324118,0.397131,0.354472,0.531868,0.449437,0.343745,0.403951,0.339413,0.406437,0.328584,0.376043,0.404499,0.441255,0.349642,0.334262,0.423950,0.399818,0.422462,0.405952,0.349151,0.383720,0.347777,0.355918,0.382440,0.392010,0.388293,0.442645,0.386323,0.387297,0.446690,0.417233,0.430692,0.468619,0.380594,0.286928,0.385722,0.444428,0.346691,0.353659,0.342249,0.342295,0.353801,0.287560,0.386752,0.434663,0.337336,0.507369,0.373482,0.376463,0.340395,0.443461,0.411667,0.361333,0.471782,0.477676,0.470303,0.347911,0.428904,0.287097,0.371255,0.378290,0.432675,0.446689,0.385894,0.414576,0.424111,0.420494,0.378734,0.466768,0.414427,0.391552,0.426247,0.333816,0.316137,0.347188,0.416744,0.320873,0.337538,0.391212,0.246174,0.481265,0.381666,0.365955,0.319471,0.436869,0.395260,0.383139,0.434425,0.436414,0.328352,0.357346,0.424241,0.434648,0.434775,0.354946,0.420128,0.387010,0.298317,0.408709,0.377540,0.412176,0.384358,0.363561,0.302799,0.397576,0.427264,0.434845,0.421188,0.406962,0.264970,0.361925,0.347594,0.420515,0.441664,0.365563,0.387525,0.297543,0.449276,0.333773,0.398411,0.309717,0.461856,0.340964,0.464896,0.395322,0.308010,0.350292,0.429422,0.401264,0.445522,#
7,0.400618,0.448519,0.436768,0.438126,0.501501,0.489633,0.381589,1.000000,0.580050,0.397834,0.449198,0.530384,0.397255,0.426583,0.485158,0.417939,0.463643,0.533629,0.451840,0.451734,0.457023,0.430486,0.501340,0.426161,0.522761,0.427847,0.446184,0.515393,0.417625,0.440624,0.379252,0.463971,0.458372,0.445508,0.373377,0.407803,0.405495,0.370650,0.500005,0.408811,0.474246,0.358250,0.435553,0.473251,0.499966,0.467934,0.467553,0.447297,0.401604,0.313794,0.520915,0.438947,0.454249,0.469774,0.416691,0.417231,0.437263,0.524998,0.436810,0.406627,0.397693,0.445799,0.483585,0.385541,0.492667,0.486943,0.434596,0.397606,0.397013,0.511226,0.424733,0.315145,0.544497,0.472808,0.423313,0.363581,0.402330,0.336557,0.476491,0.481189,0.468217,0.446797,0.496022,0.366567,0.465641,0.447753,0.512978,0.479487,0.415728,0.448999,0.418444,0.415416,0.462571,0.503543,0.459891,0.375459,0.407737,0.485747,0.420251,0.457540,0.484340,0.393293,0.432119,0.409322,0.363113,0.500367,0.430279,0.455003,0.377601,0.364358,0.459933,0.382752,0.447839,0.485591,0.517514,0.441205,0.448113,0.315048,0.308350,0.513406,0.436822,0.491457,0.389315,0.477964,0.525052,0.419406,0.473784,0.506085,0.392599,0.348701,0.457987,0.468741,0.527331,0.385063,0.564731,0.536171,0.400741,0.515567,0.408326,0.448388,0.453674,0.409744,0.434064,0.323292,0.438644,0.419471,0.438707,0.359721,0.440684,0.419140,0.443545,0.481334,0.454408,0.447010,0.444886,0.495601,0.456315,0.402676,0.482300,0.401729,0.471014,0.338586,0.586071,0.327717,0.331157,0.461331,0.476024,0.347712,0.407260,0.382384,0.493382,0.480776,0.471819,0.450128,0.461318,0.470650,0.435364,0.456991,0.343690,0.441471,0.503393,0.414875,0.378247,0.472866,0.362326,0.470349,0.313270,0.348303,0.439730,0.511754,0.453075,0.446282,0.414336,0.376009,0.447332,0.372709,0.322874,0.454397,0.435513,0.429690,#
8,0.417107,0.540211,0.494202,0.568139,0.514340,0.489116,0.465687,0.580050,1.000000,0.464772,0.450927,0.504898,0.454965,0.417109,0.491525,0.534375,0.383719,0.529518,0.435240,0.495803,0.404177,0.511264,0.456695,0.463935,0.322241,0.476771,0.443521,0.556206,0.430790,0.492914,0.393118,0.491068,0.426036,0.454675,0.380914,0.451032,0.436436,0.421234,0.468559,0.442406,0.449571,0.452267,0.521268,0.431722,0.497306,0.425319,0.418165,0.400198,0.471123,0.407548,0.510206,0.554738,0.448678,0.529590,0.461822,0.545931,0.469635,0.519266,0.412256,0.485076,0.488029,0.425339,0.514501,0.366965,0.510839,0.538597,0.438392,0.405358,0.474465,0.531769,0.448309,0.404773,0.514834,0.553265,0.461578,0.433906,0.392310,0.410789,0.427768,0.491672,0.501725,0.480294,0.507203,0.393447,0.504059,0.469839,0.440695,0.478532,0.366878,0.465267,0.474331,0.465940,0.525748,0.437127,0.568276,0.483302,0.448604,0.419305,0.500769,0.422291,0.461475,0.414751,0.478179,0.456246,0.437458,0.491536,0.473487,0.500189,0.381795,0.445794,0.435724,0.438317,0.439282,0.479955,0.522748,0.510003,0.484722,0.370245,0.402104,0.525017,0.441438,0.434008,0.464873,0.482454,0.480935,0.497057,0.455502,0.546562,0.409526,0.470285,0.445904,0.405895,0.515576,0.529117,0.583928,0.507162,0.405519,0.475394,0.390581,0.444318,0.428190,0.504862,0.509885,0.395918,0.433285,0.402491,0.485421,0.383106,0.466391,0.385621,0.494455,0.445687,0.429668,0.537571,0.524100,0.527523,0.494918,0.490778,0.472216,0.473091,0.427374,0.403409,0.531774,0.467119,0.445753,0.395415,0.440343,0.354290,0.471615,0.499358,0.470422,0.464543,0.493479,0.382708,0.544932,0.463354,0.438807,0.541228,0.418067,0.349687,0.471726,0.466270,0.325493,0.542165,0.456402,0.503655,0.351449,0.383494,0.477690,0.476794,0.461456,0.472002,0.490809,0.419626,0.490163,0.424003,0.410699,0.421018,0.403742,0.465252,#
9,0.326884,0.378322,0.381693,0.417752,0.445203,0.390860,0.316378,0.397834,0.464772,1.000000,0.411306,0.299723,0.371272,0.388487,0.416880,0.399136,0.350592,0.384371,0.360305,0.501204,0.479456,0.370394,0.389926,0.405929,0.302500,0.329795,0.417552,0.495597,0.366682,0.453798,0.397552,0.388651,0.359062,0.476512,0.462078,0.382854,0.281542,0.367222,0.406195,0.343100,0.470886,0.374855,0.407934,0.314262,0.399924,0.386475,0.353523,0.338738,0.295483,0.279808,0.347560,0.404655,0.311892,0.372660,0.302800,0.402556,0.341311,0.410992,0.420814,0.359968,0.396863,0.377213,0.458069,0.412280,0.430040,0.492504,0.349259,0.344805,0.363079,0.298874,0.445070,0.367611,0.373891,0.424267,0.386887,0.366132,0.204477,0.347102,0.422408,0.481414,0.367168,0.426702,0.341068,0.288031,0.462714,0.306287,0.384476,0.470339,0.262909,0.231891,0.374673,0.401983,0.476893,0.362575,0.429343,0.406818,0.357513,0.436356,0.402158,0.245998,0.359916,0.384723,0.418320,0.357234,0.474367,0.459919,0.367052,0.295337,0.416081,0.360041,0.399562,0.394074,0.432088,0.506960,0.303775,0.422887,0.301443,0.342071,0.309516,0.280700,0.361364,0.414665,0.367129,0.424694,0.365853,0.362944,0.324967,0.397143,0.420669,0.406293,0.343074,0.391482,0.445389,0.496090,0.450983,0.394335,0.369668,0.439351,0.319257,0.339991,0.260524,0.474164,0.438315,0.366280,0.317745,0.386450,0.375865,0.398679,0.365185,0.368974,0.318946,0.311360,0.452211,0.445412,0.465875,0.380347,0.363195,0.401605,0.425687,0.324260,0.409498,0.331656,0.404772,0.451956,0.351204,0.306244,0.331985,0.313512,0.518922,0.289678,0.418777,0.429421,0.395591,0.389332,0.398300,0.504831,0.372415,0.453211,0.368068,0.332178,0.364161,0.331079,0.359623,0.439297,0.360120,0.494335,0.241268,0.324143,0.522747,0.374671,0.382712,0.412261,0.329547,0.364416,0.360481,0.327207,0.291196,0.355304,0.293772,0.388049,#
10,0.433975,0.478419,0.451337,0.475737,0.348534,0.460130,0.347944,0.449198,0.450927,0.411306,1.000000,0.401316,0.286359,0.350084,0.355619,0.439132,0.357277,0.419282,0.417010,0.471207,0.375340,0.344116,0.322294,0.432722,0.321066,0.293342,0.360893,0.552941,0.380393,0.461498,0.388387,0.427403,0.409796,0.425794,0.408043,0.413475,0.340793,0.411922,0.510731,0.321815,0.461297,0.332402,0.359327,0.332835,0.365157,0.466605,0.443595,0.427560,0.454367,0.450561,0.337304,0.410861,0.419769,0.365362,0.363535,0.391824,0.414297,0.352185,0.317610,0.392171,0.385168,0.419436,0.452592,0.486644,0.512392,0.368458,0.359738,0.267532,0.303766,0.419763,0.335666,0.454867,0.457272,0.404033,0.338160,0.427364,0.338091,0.359979,0.392595,0.365699,0.509702,0.407944,0.473827,0.357415,0.457116,0.310376,0.476477,0.516916,0.373599,0.423827,0.369258,0.414721,0.497583,0.474000,0.427408,0.476540,0.295700,0.345192,0.494898,0.459660,0.361338,0.346629,0.407968,0.388002,0.476288,0.368375,0.319555,0.449924,0.347247,0.358369,0.360281,0.382287,0.339798,0.411522,0.439122,0.469191,0.377056,0.327059,0.381573,0.393018,0.406920,0.531482,0.291200,0.416634,0.285817,0.393836,0.488032,0.480995,0.423759,0.364250,0.358633,0.412878,0.402377,0.424015,0.490850,0.398764,0.329273,0.477236,0.341623,0.364946,0.516260,0.349580,0.331190,0.372285,0.355615,0.283136,0.280398,0.319293,0.410953,0.308251,0.443846,0.440859,0.470287,0.347124,0.468485,0.377842,0.481753,0.326815,0.445521,0.315695,0.497671,0.298288,0.511355,0.402706,0.389414,0.343548,0.481315,0.330165,0.439028,0.417877,0.441427,0.385704,0.345567,0.379097,0.405106,0.394021,0.475824,0.516644,0.272988,0.391658,0.384176,0.327393,0.422704,0.371671,0.372707,0.440706,0.251755,0.309449,0.372668,0.475089,0.437698,0.380323,0.380877,0.399891,0.486723,0.357057,0.236162,0.463458,0.371350,0.499853,#
11,0.387010,0.433636,0.460411,0.426742,0.489538,0.420372,0.384644,0.530384,0.504898,0.299723,0.401316,1.000000,0.444730,0.403710,0.325767,0.371264,0.394166,0.520529,0.435795,0.375150,0.401504,0.416804,0.338236,0.322276,0.402965,0.446286,0.336465,0.488958,0.420233,0.413967,0.417728,0.449191,0.431433,0.406143,0.353048,0.403934,0.446660,0.370578,0.374148,0.450114,0.392021,0.419410,0.490453,0.409563,0.390866,0.453686,0.486416,0.392467,0.411986,0.333154,0.432930,0.456411,0.431030,0.469542,0.425533,0.396776,0.318280,0.488853,0.397562,0.368474,0.353270,0.336551,0.510533,0.353566,0.482080,0.450361,0.398944,0.380740,0.435587,0.482435,0.383754,0.379788,0.468269,0.444495,0.373526,0.273532,0.433274,0.346812,0.389962,0.320793,0.492875,0.415071,0.451772,0.312445,0.435587,0.366968,0.351631,0.428878,0.419751,0.311851,0.358536,0.463504,0.483484,0.457855,0.432111,0.500596,0.385983,0.369832,0.447403,0.393348,0.379429,0.404293,0.389562,0.403855,0.359068,0.519489,0.387566,0.469768,0.438943,0.418937,0.510392,0.438449,0.446797,0.476229,0.320906,0.484263,0.382686,0.405243,0.278695,0.458438,0.344536,0.434272,0.412369,0.388121,0.435112,0.401350,0.385213,0.396898,0.449215,0.403664,0.442245,0.437613,0.521124,0.478834,0.489334,0.451427,0.369521,0.479539,0.379052,0.447539,0.415507,0.331128,0.403180,0.417430,0.475421,0.304035,0.440366,0.363591,0.348544,0.373498,0.398938,0.462033,0.414577,0.429101,0.472529,0.416071,0.468100,0.341713,0.469385,0.328898,0.340149,0.407939,0.460971,0.336116,0.387392,0.270375,0.452823,0.315554,0.440392,0.466471,0.417833,0.410034,0.425185,0.358931,0.377279,0.447862,0.403997,0.442754,0.301770,0.374619,0.444442,0.351817,0.381385,0.383885,0.399730,0.361324,0.284366,0.452449,0.445282,0.466031,0.430583,0.372350,0.484333,0.447885,0.466955,0.419246,0.347435,0.409980,0.377101,0.378450,#
12,0.373729,0.396691,0.370738,0.426589,0.457954,0.378305,0.410531,0.397255,0.454965,0.371272,0.286359,0.444730,1.000000,0.411469,0.466873,0.378837,0.500152,0.476812,0.440887,0.525947,0.410397,0.408030,0.423112,0.425078,0.319479,0.383777,0.385927,0.448901,0.477781,0.356069,0.328274,0.466249,0.456127,0.426972,0.384935,0.468877,0.367055,0.377414,0.416703,0.407771,0.319857,0.281955,0.398662,0.515381,0.407647,0.430043,0.468925,0.327747,0.422564,0.318478,0.502712,0.424629,0.407692,0.434148,0.497667,0.391225,0.310888,0.415452,0.366966,0.266337,0.299301,0.414063,0.322005,0.402357,0.548717,0.434283,0.349112,0.321272,0.409149,0.409225,0.382751,0.381130,0.446295,0.441513,0.494589,0.419489,0.406230,0.285620,0.394910,0.389722,0.450706,0.394342,0.421324,0.375883,0.354942,0.436597,0.385764,0.464062,0.462566,0.356893,0.402627,0.369151,0.435460,0.353788,0.378027,0.469483,0.552377,0.431939,0.379088,0.334780,0.368295,0.420843,0.407016,0.420821,0.386579,0.419072,0.325931,0.331068,0.347753,0.347908,0.451787,0.340274,0.372670,0.440418,0.508810,0.337179,0.445012,0.276471,0.414347,0.320496,0.425995,0.419300,0.432943,0.487344,0.450670,0.341373,0.386330,0.327456,0.329417,0.391156,0.381229,0.370675,0.366450,0.420077,0.436030,0.374466,0.420339,0.435032,0.447732,0.343271,0.448407,0.476289,0.399980,0.347312,0.368922,0.365771,0.379315,0.394668,0.399389,0.434441,0.327499,0.491517,0.385488,0.353629,0.366645,0.500761,0.445676,0.345994,0.431061,0.366376,0.374318,0.492838,0.484302,0.407622,0.459922,0.241287,0.427447,0.430344,0.356567,0.335423,0.459930,0.430201,0.406731,0.424924,0.391950,0.382475,0.504835,0.523396,0.372367,0.262887,0.391775,0.428814,0.397097,0.407979,0.306877,0.385208,0.355667,0.492295,0.419092,0.344162,0.379497,0.339846,0.375040,0.447971,0.335410,0.419186,0.358601,0.430891,0.415668,0.282853,#
13,0.380960,0.329184,0.495260,0.420917,0.462422,0.330681,0.469009,0.426583,0.417109,0.388487,0.350084,0.403710,0.411469,1.000000,0.406878,0.397978,0.435044,0.481992,0.470528,0.513712,0.477055,0.378559,0.417444,0.405791,0.339271,0.437120,0.412875,0.518381,0.479777,0.456682,0.317144,0.464213,0.488177,0.463000,0.378510,0.375521,0.411812,0.453882,0.407044,0.433075,0.483290,0.388574,0.458645,0.413677,0.526280,0.472797,0.441995,0.417647,0.477701,0.335913,0.474200,0.520197,0.412346,0.483306,0.458790,0.462252,0.393524,0.454190,0.407538,0.432226,0.467565,0.441466,0.445448,0.462010,0.477846,0.436348,0.471086,0.362597,0.421187,0.399938,0.350424,0.405179,0.315265,0.526541,0.507954,0.430307,0.425325,0.385298,0.474773,0.447368,0.450226,0.461418,0.502424,0.412204,0.396610,0.422142,0.392821,0.421203,0.480073,0.374199,0.415406,0.438509,0.462337,0.497008,0.449459,0.357462,0.447793,0.384737,0.383320,0.517505,0.400240,0.460177,0.430962,0.577735,0.407154,0.546974,0.369884,0.460759,0.422889,0.400218,0.444434,0.432576,0.502774,0.496717,0.475953,0.488916,0.452571,0.497297,0.376833,0.461317,0.443434,0.452018,0.381043,0.411908,0.483268,0.332614,0.414942,0.337472,0.449810,0.394444,0.369383,0.446417,0.421371,0.415227,0.521354,0.431643,0.410443,0.448954,0.489087,0.424240,0.247126,0.478152,0.536750,0.427065,0.393378,0.443962,0.403044,0.448964,0.430662,0.384677,0.399752,0.473457,0.367140,0.520721,0.436065,0.468602,0.410717,0.416948,0.500277,0.420071,0.418426,0.477657,0.422523,0.472479,0.378277,0.369974,0.420070,0.355240,0.510072,0.355050,0.438982,0.535001,0.496544,0.388741,0.506378,0.472606,0.494548,0.555259,0.447838,0.286598,0.373576,0.473068,0.410580,0.466643,0.493422,0.471923,0.387538,0.438849,0.340663,0.433022,0.439601,0.465952,0.428195,0.501237,0.434346,0.360298,0.357176,0.387114,0.420667,0.394425,#
14,0.412492,0.370805,0.354540,0.428776,0.414042,0.419688,0.295100,0.485158,0.491525,0.416880,0.355619,0.325767,0.466873,0.406878,1.000000,0.455407,0.425711,0.385150,0.416412,0.503586,0.449567,0.382407,0.367846,0.493245,0.318160,0.252543,0.455871,0.463552,0.433870,0.426306,0.344943,0.503484,0.401839,0.396379,0.420778,0.372672,0.350682,0.410194,0.440285,0.371752,0.341790,0.303241,0.478112,0.371757,0.438669,0.475723,0.397739,0.300178,0.298572,0.327537,0.434554,0.370333,0.401039,0.503161,0.440182,0.417537,0.414049,0.361887,0.392564,0.339687,0.398654,0.459906,0.428223,0.382596,0.395408,0.308422,0.363657,0.392223,0.330989,0.465599,0.389277,0.356385,0.399515,0.410040,0.506917,0.386861,0.436012,0.370022,0.383576,0.293252,0.452151,0.477340,0.461891,0.442064,0.402348,0.418002,0.362419,0.480678,0.405649,0.291329,0.355416,0.351577,0.451893,0.456433,0.458559,0.433447,0.548701,0.398787,0.368870,0.289939,0.425589,0.437981,0.450383,0.378255,0.454370,0.429306,0.365894,0.333573,0.319196,0.341692,0.408902,0.314333,0.427265,0.452647,0.396297,0.409012,0.408984,0.329921,0.313187,0.405047,0.451059,0.462891,0.340515,0.395652,0.500433,0.267134,0.374303,0.482770,0.345528,0.467594,0.347292,0.390768,0.372321,0.432784,0.446326,0.411210,0.311660,0.429513,0.363013,0.404192,0.363589,0.433955,0.360686,0.404933,0.314695,0.467130,0.459562,0.390914,0.346806,0.289617,0.431376,0.402907,0.290041,0.376900,0.496023,0.435703,0.421149,0.363574,0.376798,0.384056,0.375546,0.328423,0.462815,0.373220,0.349525,0.259471,0.329374,0.313389,0.356994,0.461243,0.439636,0.398082,0.457923,0.409807,0.363652,0.430537,0.469439,0.470406,0.385473,0.262794,0.403574,0.485483,0.384391,0.398861,0.391937,0.387593,0.400788,0.260248,0.367483,0.436284,0.282906,0.376441,0.440569,0.431020,0.389250,0.363550,0.284918,0.332787,0.334593,0.301516,#
15,0.522805,0.376977,0.470823,0.416554,0.468724,0.463342,0.385019,0.417939,0.534375,0.399136,0.439132,0.371264,0.378837,0.397978,0.455407,1.000000,0.452577,0.503298,0.435646,0.501415,0.405335,0.382823,0.404786,0.477160,0.367264,0.462872,0.430878,0.433957,0.452759,0.493008,0.398051,0.521053,0.383105,0.476921,0.388939,0.498276,0.428723,0.381173,0.534226,0.345659,0.405932,0.392029,0.452138,0.380841,0.503981,0.419595,0.385906,0.478014,0.439902,0.423439,0.374546,0.546244,0.451874,0.452330,0.447646,0.426047,0.461566,0.416884,0.415890,0.393025,0.462517,0.390844,0.481750,0.440176,0.423358,0.495267,0.357892,0.381802,0.332756,0.305233,0.440764,0.364650,0.385642,0.398412,0.409902,0.358591,0.396381,0.387098,0.398116,0.394204,0.517371,0.445255,0.355618,0.475891,0.504424,0.447621,0.401768,0.576000,0.384852,0.367573,0.407926,0.374185,0.432921,0.417226,0.404440,0.398294,0.445950,0.369249,0.364083,0.358589,0.501226,0.392418,0.448805,0.417631,0.357956,0.488401,0.429619,0.436473,0.318716,0.434931,0.332853,0.402387,0.406951,0.432614,0.361135,0.430807,0.405567,0.370686,0.377160,0.350719,0.460383,0.397971,0.408413,0.434462,0.401749,0.399147,0.454906,0.456288,0.415018,0.523140,0.349393,0.370130,0.416395,0.411080,0.436248,0.405814,0.317968,0.372063,0.442125,0.407101,0.325981,0.413821,0.398256,0.341697,0.416838,0.343543,0.375199,0.394558,0.475532,0.333485,0.423315,0.366419,0.496130,0.457472,0.435181,0.467838,0.494105,0.414198,0.411834,0.433313,0.381411,0.394242,0.526059,0.297988,0.419011,0.401408,0.467055,0.452492,0.523687,0.323711,0.319797,0.495296,0.344951,0.402104,0.438901,0.467123,0.520782,0.470533,0.360849,0.341715,0.445732,0.418586,0.346413,0.491657,0.385304,0.450000,0.261611,0.408631,0.344318,0.445094,0.337557,0.416184,0.421667,0.399082,0.391529,0.381782,0.396341,0.461635,0.401984,0.371984,#
16,0.483510,0.373085,0.350560,0.395400,0.454665,0.387319,0.381616,0.463643,0.383719,0.350592,0.357277,0.394166,0.500152,0.435044,0.425711,0.452577,1.000000,0.459107,0.383759,0.573923,0.500229,0.426862,0.347506,0.388739,0.321064,0.447258,0.451814,0.319814,0.386964,0.465103,0.354924,0.514957,0.437732,0.468009,0.409066,0.428912,0.389445,0.378288,0.461946,0.347940,0.386560,0.342566,0.452723,0.395730,0.417322,0.479702,0.343192,0.400486,0.375268,0.325840,0.412939,0.404671,0.487007,0.523233,0.454143,0.415263,0.328707,0.413690,0.398442,0.315487,0.309089,0.470896,0.459270,0.443474,0.469250,0.380575,0.341490,0.439669,0.446341,0.505353,0.315656,0.417735,0.504316,0.418520,0.400211,0.381390,0.366331,0.434159,0.409414,0.457286,0.438268,0.419576,0.416073,0.447105,0.409231,0.398368,0.482839,0.468551,0.417482,0.369216,0.417993,0.395588,0.460749,0.401738,0.445608,0.441157,0.465713,0.337355,0.411385,0.422129,0.369036,0.377388,0.404639,0.416110,0.369796,0.498670,0.425840,0.394989,0.371778,0.394744,0.419435,0.421034,0.447889,0.438458,0.473723,0.469503,0.516959,0.407184,0.355506,0.348448,0.463239,0.502533,0.415910,0.486523,0.488991,0.393437,0.391642,0.356932,0.381000,0.429299,0.418596,0.379811,0.531497,0.280441,0.516561,0.476665,0.342589,0.416399,0.354756,0.436704,0.347433,0.416696,0.455329,0.412958,0.419744,0.341986,0.342499,0.403275,0.486531,0.460532,0.294769,0.525859,0.349920,0.394919,0.506477,0.458760,0.421923,0.381143,0.429662,0.414925,0.351567,0.424955,0.529246,0.404528,0.400681,0.359192,0.424015,0.436690,0.431139,0.328204,0.439851,0.488161,0.358990,0.332794,0.405009,0.433942,0.399918,0.456287,0.367595,0.272152,0.390045,0.401398,0.395066,0.360922,0.424253,0.492321,0.405244,0.458024,0.401403,0.393359,0.480812,0.321538,0.327353,0.425370,0.387519,0.434708,0.319307,0.355992,0.354142,0.358794,#
17,0.513498,0.413687,0.454307,0.506628,0.556372,0.467362,0.473070,0.533629,0.529518,0.384371,0.419282,0.520529,0.476812,0.481992,0.385150,0.503298,0.459107,1.000000,0.433451,0.552706,0.510304,0.402904,0.393995,0.519800,0.476288,0.498720,0.483339,0.472738,0.437253,0.466564,0.469466,0.486263,0.472622,0.402430,0.417232,0.533321,0.362444,0.458888,0.537796,0.467468,0.526599,0.466960,0.490750,0.453058,0.449301,0.461573,0.470023,0.510711,0.468307,0.418858,0.504245,0.482487,0.464881,0.416159,0.476699,0.539728,0.485408,0.445061,0.466440,0.347897,0.426964,0.457172,0.416497,0.455899,0.500783,0.579771,0.495487,0.461310,0.417932,0.444560,0.411344,0.484760,0.444964,0.449338,0.421565,0.438274,0.412391,0.373215,0.396802,0.529723,0.508566,0.485413,0.554224,0.417679,0.419077,0.387142,0.536834,0.489510,0.474209,0.448239,0.463454,0.383495,0.532483,0.461273,0.385455,0.537960,0.478174,0.416926,0.405062,0.484666,0.475145,0.315163,0.460729,0.456291,0.390317,0.473260,0.459831,0.484977,0.412573,0.394013,0.483013,0.480279,0.420572,0.547871,0.508298,0.413277,0.435333,0.424422,0.379759,0.416069,0.431393,0.495599,0.439785,0.477099,0.580787,0.505969,0.480436,0.429542,0.393488,0.474048,0.550084,0.534623,0.536641,0.449200,0.464821,0.515741,0.448914,0.520634,0.492823,0.491077,0.473860,0.460871,0.545000,0.431008,0.463351,0.453713,0.421495,0.474239,0.418595,0.322179,0.463562,0.432885,0.419742,0.462795,0.552384,0.570734,0.564385,0.444659,0.497524,0.425767,0.439270,0.410708,0.574015,0.427200,0.431104,0.434441,0.383465,0.404423,0.517537,0.367956,0.526268,0.429015,0.479574,0.409521,0.502419,0.442189,0.504581,0.506392,0.358310,0.468710,0.470951,0.514583,0.436592,0.515718,0.446187,0.457060,0.383693,0.517469,0.450277,0.428470,0.452593,0.489667,0.502905,0.477667,0.512175,0.498514,0.364829,0.506225,0.389146,0.454882,#
18,0.476180,0.362754,0.422512,0.512495,0.467414,0.284884,0.413001,0.451840,0.435240,0.360305,0.417010,0.435795,0.440887,0.470528,0.416412,0.435646,0.383759,0.433451,1.000000,0.502858,0.472293,0.421101,0.445949,0.428706,0.396402,0.389950,0.361026,0.496007,0.448415,0.404014,0.284702,0.389748,0.440570,0.439258,0.462091,0.498213,0.407451,0.424612,0.437845,0.490049,0.487498,0.340024,0.443539,0.373286,0.501899,0.410167,0.431438,0.463385,0.376011,0.361376,0.411003,0.431660,0.514995,0.385899,0.462654,0.453611,0.399150,0.468976,0.344150,0.414265,0.433603,0.355158,0.448591,0.363682,0.531574,0.394469,0.408717,0.376601,0.256136,0.440874,0.367065,0.342913,0.384891,0.384349,0.429121,0.365083,0.452452,0.414512,0.460856,0.375166,0.399035,0.381043,0.477890,0.437415,0.376627,0.377583,0.456264,0.439843,0.411806,0.380985,0.468103,0.357167,0.439842,0.445089,0.502615,0.468522,0.465303,0.425457,0.420058,0.417628,0.438422,0.386357,0.463941,0.419908,0.481339,0.494232,0.340288,0.362142,0.393156,0.360953,0.481318,0.404383,0.493283,0.450515,0.397311,0.398552,0.393599,0.256813,0.362102,0.425904,0.428700,0.481026,0.400935,0.333235,0.432530,0.318549,0.408377,0.423488,0.522867,0.342809,0.383402,0.489455,0.354995,0.449194,0.471487,0.417620,0.427261,0.480287,0.354101,0.426652,0.324163,0.445137,0.399719,0.446897,0.428837,0.464788,0.387008,0.345652,0.392302,0.372757,0.384083,0.489083,0.370746,0.395739,0.451538,0.483631,0.479027,0.466079,0.416409,0.464373,0.437598,0.377905,0.486560,0.409017,0.415276,0.460116,0.507976,0.389335,0.426346,0.455819,0.368634,0.490180,0.466877,0.363402,0.338949,0.495329,0.500599,0.477613,0.360325,0.339957,0.373688,0.397583,0.411030,0.408790,0.411092,0.362178,0.452060,0.382116,0.389830,0.405158,0.402898,0.442654,0.408262,0.469348,0.478542,0.407956,0.299636,0.427367,0.471411,0.372304,#
19,0.495451,0.435965,0.477606,0.523437,0.612604,0.575267,0.411562,0.451734,0.495803,0.501204,0.471207,0.375150,0.525947,0.513712,0.503586,0.501415,0.573923,0.552706,0.502858,1.000000,0.519518,0.408329,0.434032,0.463338,0.389050,0.475377,0.535578,0.460467,0.506394,0.527237,0.515039,0.571068,0.461336,0.477821,0.407973,0.528327,0.443936,0.434245,0.542279,0.443848,0.538618,0.414684,0.437602,0.403816,0.480861,0.512869,0.569005,0.495784,0.469388,0.396255,0.460857,0.506391,0.453368,0.474775,0.487616,0.521306,0.509120,0.443958,0.499039,0.404440,0.506434,0.559136,0.548350,0.537736,0.598379,0.443167,0.431594,0.470788,0.377840,0.472917,0.496225,0.462352,0.493469,0.516187,0.526397,0.476249,0.428989,0.433664,0.548141,0.485668,0.530216,0.485638,0.550600,0.446002,0.454120,0.479209,0.493902,0.592584,0.513330,0.325967,0.476667,0.441661,0.569739,0.485875,0.453509,0.507631,0.531716,0.450313,0.400080,0.459015,0.502820,0.470531,0.525453,0.489492,0.512496,0.563383,0.432513,0.525994,0.429366,0.338419,0.418777,0.427025,0.527189,0.559767,0.509568,0.404923,0.574005,0.491487,0.438374,0.331289,0.456332,0.548651,0.476297,0.567378,0.585966,0.418085,0.554204,0.471096,0.487945,0.544788,0.471621,0.464811,0.501383,0.470117,0.555856,0.486213,0.477243,0.516523,0.459385,0.466119,0.410004,0.484899,0.506132,0.485417,0.457632,0.463677,0.408232,0.406720,0.511043,0.408271,0.443834,0.598334,0.427428,0.491383,0.560561,0.495193,0.538720,0.476665,0.511533,0.485307,0.547719,0.454558,0.534405,0.420106,0.498939,0.410976,0.377292,0.478142,0.538619,0.442168,0.501987,0.558044,0.555641,0.455273,0.504333,0.496470,0.534888,0.614038,0.484691,0.350103,0.376308,0.515260,0.497367,0.567677,0.551823,0.476708,0.422638,0.496705,0.499201,0.488587,0.511144,0.522360,0.411196,0.525505,0.433278,0.549342,0.365117,0.471174,0.469344,0.467940,#
20,0.429563,0.371309,0.466068,0.475015,0.595325,0.405349,0.491661,0.457023,0.404177,0.479456,0.375340,0.401504,0.410397,0.477055,0.449567,0.405335,0.500229,0.510304,0.472293,0.519518,1.000000,0.463598,0.347021,0.399131,0.444621,0.484171,0.487811,0.442769,0.463460,0.451617,0.374086,0.435978,0.451034,0.462684,0.443579,0.499326,0.434589,0.415764,0.490736,0.473420,0.473725,0.540427,0.408097,0.421038,0.565500,0.458108,0.523724,0.408885,0.397277,0.328915,0.386896,0.479129,0.444795,0.496497,0.494371,0.485911,0.477515,0.503109,0.471175,0.348471,0.473750,0.454326,0.533416,0.408565,0.499223,0.427629,0.431348,0.393707,0.424330,0.486957,0.465268,0.473700,0.394079,0.482724,0.447736,0.311307,0.393831,0.450288,0.458591,0.438478,0.417823,0.522818,0.498969,0.407279,0.390611,0.427674,0.505205,0.444544,0.503941,0.436107,0.478237,0.442628,0.488232,0.529640,0.541746,0.419149,0.395634,0.452618,0.436650,0.373024,0.499692,0.411644,0.577699,0.447076,0.465309,0.454570,0.427349,0.508658,0.377017,0.515658,0.506300,0.509257,0.449048,0.404899,0.491996,0.441038,0.536807,0.472770,0.354398,0.452245,0.499409,0.495009,0.404395,0.473790,0.479430,0.444258,0.462104,0.426785,0.514193,0.448651,0.477513,0.480514,0.488820,0.528737,0.503435,0.356481,0.434256,0.445133,0.471418,0.489846,0.424830,0.453617,0.433020,0.439454,0.461260,0.411518,0.385332,0.412967,0.455017,0.477374,0.487100,0.492279,0.384491,0.491502,0.502152,0.479623,0.466528,0.387431,0.411892,0.541021,0.450922,0.465450,0.494818,0.447660,0.477475,0.300128,0.341337,0.416622,0.498047,0.423809,0.481090,0.431972,0.513181,0.357476,0.410225,0.485682,0.410523,0.477109,0.487404,0.394910,0.419245,0.452940,0.381730,0.441834,0.422335,0.393451,0.374342,0.525881,0.425586,0.467482,0.317948,0.432367,0.395306,0.532882,0.431418,0.370165,0.393861,0.434312,0.449407,0.458710,#
21,0.355113,0.478892,0.451490,0.410509,0.379717,0.379095,0.399577,0.430486,0.511264,0.370394,0.344116,0.416804,0.408030,0.378559,0.382407,0.382823,0.426862,0.402904,0.421101,0.408329,0.463598,1.000000,0.338602,0.388017,0.293486,0.319187,0.449740,0.437523,0.436932,0.415414,0.361666,0.421101,0.424480,0.411581,0.389016,0.464693,0.468091,0.504577,0.532611,0.335542,0.409275,0.425378,0.387498,0.415667,0.447836,0.395335,0.398862,0.445981,0.349379,0.264631,0.392108,0.459658,0.327299,0.354949,0.411754,0.430494,0.443693,0.392907,0.344984,0.259261,0.415383,0.325864,0.476449,0.334105,0.540064,0.426653,0.349986,0.365563,0.406771,0.455089,0.429907,0.467602,0.463879,0.499956,0.431405,0.377295,0.318610,0.341630,0.396486,0.417975,0.385567,0.433149,0.451679,0.242751,0.432784,0.362323,0.432923,0.446995,0.384405,0.444288,0.378074,0.296088,0.383499,0.409677,0.480880,0.393458,0.439930,0.373976,0.315062,0.389817,0.493226,0.473502,0.427155,0.336292,0.338047,0.494418,0.354193,0.311247,0.391862,0.445580,0.469874,0.414204,0.340010,0.430178,0.365095,0.413018,0.504355,0.397494,0.305775,0.438152,0.360485,0.491742,0.350183,0.450180,0.417023,0.306011,0.400092,0.444482,0.423705,0.359363,0.433238,0.478329,0.490807,0.398612,0.428380,0.330514,0.321792,0.374466,0.369504,0.483359,0.435650,0.446174,0.380181,0.407646,0.408875,0.457530,0.410957,0.394053,0.339987,0.380505,0.450795,0.390383,0.349920,0.413692,0.487307,0.446560,0.377188,0.337865,0.374105,0.391214,0.400184,0.437690,0.514855,0.442339,0.472197,0.280536,0.401918,0.419680,0.385349,0.509931,0.380084,0.376838,0.381148,0.313040,0.378723,0.456266,0.388696,0.467955,0.323640,0.334280,0.352827,0.419300,0.273898,0.472454,0.367659,0.457869,0.358730,0.340536,0.347822,0.444490,0.444475,0.346529,0.413365,0.493280,0.464951,0.410253,0.374487,0.453602,0.406296,0.372752,#
