0,1.000000,0.387165,0.420192,0.307773,0.352718,0.331781,0.367465,0.285872,0.360288,0.350553,0.423395,0.376218,0.355399,0.333151,0.438589,0.382678,0.392662,0.471380,0.380245,0.350258,0.428368,0.460924,0.382683,0.428310,0.389313,0.312315,0.411601,0.445612,0.421105,0.398229,0.331374,0.336788,0.391719,0.347371,0.264552,0.353904,0.402113,0.371895,0.404049,0.461464,0.271402,0.386015,0.282179,0.383800,0.358557,0.373903,0.435454,0.391399,0.441497,0.405502,0.489914,0.269085,0.359864,0.345189,0.406740,0.366010,0.407727,0.394885,0.284950,0.318851,0.355350,0.266661,0.409161,0.360244,0.404244,0.267084,0.388718,0.405700,0.376021,0.402061,0.492538,0.397943,0.419225,0.395431,0.346625,0.295586,0.312232,0.409216,0.403733,0.303853,0.418338,0.337620,0.390775,0.416730,0.394458,0.405228,0.417458,0.371851,0.467229,0.361890,0.417268,0.319972,0.324608,0.355005,0.397321,0.403505,0.414965,0.348702,0.351139,0.366971,0.408485,0.431460,0.349551,0.403775,0.316421,0.381043,0.407115,0.384797,0.359780,0.292582,0.290476,0.418982,0.348475,0.423369,0.290323,0.406870,0.455043,0.293239,0.407248,0.351123,0.487952,0.353063,0.357702,0.322338,0.350080,0.469325,0.303364,0.293576,0.370995,0.440790,0.383810,0.469814,0.376190,0.322797,0.387452,0.269039,0.426865,0.362119,0.403372,0.506111,0.355326,0.368781,0.362457,0.300021,0.402205,0.397908,0.363404,0.255497,0.405819,0.352057,0.384048,0.279740,0.355045,0.296573,0.361468,0.280310,0.239207,0.283776,0.412035,0.418405,0.368185,0.386072,0.246361,0.380943,0.452111,0.230848,0.262297,0.290130,0.403072,0.351062,0.473306,0.196011,0.416249,0.505894,0.369129,0.349025,0.392403,0.337486,0.400321,0.365355,0.383293,0.484422,0.297314,0.292826,0.338716,0.398276,0.409917,0.502357,0.422456,0.231326,0.328830,0.381596,0.253788,0.251736,0.355471,0.264162,0.309941,0.340167,0.408854,0.406031,#
1,0.387165,1.000000,0.324879,0.353305,0.412685,0.339501,0.374313,0.364049,0.307485,0.293636,0.447052,0.406785,0.361427,0.411931,0.348881,0.296678,0.328999,0.367334,0.417875,0.384230,0.347189,0.473442,0.308140,0.369754,0.445971,0.422266,0.446291,0.492229,0.361208,0.356436,0.399430,0.407516,0.422889,0.357319,0.326148,0.264963,0.381056,0.386359,0.425071,0.321312,0.341819,0.361213,0.431902,0.330879,0.339243,0.399272,0.483649,0.441753,0.324453,0.318609,0.495204,0.248880,0.446413,0.346655,0.320891,0.340190,0.452414,0.407314,0.402557,0.413509,0.307201,0.313189,0.357640,0.414039,0.381320,0.353494,0.311953,0.445666,0.426287,0.389497,0.411131,0.301771,0.470874,0.288546,0.416079,0.256252,0.401508,0.366744,0.453202,0.398664,0.415676,0.439283,0.479182,0.420513,0.294287,0.286234,0.389594,0.345778,0.434136,0.443103,0.441539,0.442822,0.328810,0.356065,0.296403,0.349092,0.349577,0.315717,0.292007,0.305419,0.337715,0.316546,0.386135,0.370292,0.330808,0.341633,0.380738,0.434175,0.291959,0.379566,0.408554,0.398837,0.386246,0.452963,0.384108,0.429495,0.465428,0.322504,0.387799,0.388321,0.375291,0.398645,0.421473,0.413149,0.437546,0.437422,0.369103,0.350827,0.339348,0.413080,0.387108,0.402122,0.318041,0.325946,0.487428,0.401122,0.337807,0.362004,0.431880,0.452991,0.411277,0.271344,0.247913,0.274256,0.449244,0.360427,0.374573,0.178933,0.368549,0.367316,0.276765,0.372845,0.335023,0.245498,0.386324,0.366981,0.320085,0.304811,0.331550,0.214628,0.269708,0.464365,0.296968,0.374974,0.398079,0.325797,0.258824,0.354544,0.381540,0.465099,0.424431,0.371191,0.312733,0.390886,0.452157,0.344063,0.234315,0.408910,0.429992,0.341478,0.376511,0.381065,0.328301,0.335487,0.425331,0.455760,0.325143,0.442191,0.326491,0.311416,0.474956,0.403275,0.248823,0.324726,0.407917,0.386149,0.253993,0.350622,0.310917,0.361350,#
2,0.420192,0.324879,1.000000,0.404797,0.221085,0.342148,0.358845,0.320262,0.235529,0.211031,0.204144,0.377382,0.319419,0.368704,0.317460,0.372285,0.326663,0.331188,0.397809,0.324730,0.382386,0.440757,0.388245,0.394230,0.443570,0.351042,0.420683,0.347173,0.324426,0.316610,0.360006,0.319284,0.342247,0.299460,0.229136,0.299570,0.368525,0.367692,0.328996,0.338973,0.396860,0.375131,0.376822,0.275268,0.267592,0.419573,0.371548,0.376816,0.315508,0.349424,0.415885,0.387172,0.383284,0.330359,0.261294,0.373837,0.269160,0.374073,0.298733,0.340290,0.188091,0.325982,0.321999,0.438648,0.417160,0.385890,0.328541,0.334077,0.353479,0.450654,0.281862,0.245810,0.283801,0.328082,0.366310,0.343916,0.337986,0.398173,0.347413,0.380703,0.442181,0.258884,0.336837,0.356620,0.225933,0.367895,0.415111,0.373683,0.302062,0.346316,0.335038,0.324719,0.354517,0.320081,0.319074,0.320874,0.389412,0.278862,0.351225,0.277254,0.373836,0.383733,0.337408,0.330627,0.347582,0.294288,0.320230,0.321286,0.289306,0.346329,0.371881,0.386681,0.342704,0.308793,0.222132,0.362594,0.328740,0.363557,0.189063,0.241596,0.364697,0.328421,0.339494,0.281276,0.354380,0.317590,0.290583,0.299096,0.335689,0.347523,0.311359,0.435664,0.343022,0.275948,0.332529,0.383301,0.332949,0.346444,0.286409,0.292495,0.201686,0.285411,0.397310,0.266217,0.500728,0.279759,0.325694,0.234075,0.440891,0.338697,0.335535,0.343682,0.326921,0.281872,0.203944,0.216074,0.216330,0.266056,0.329611,0.279599,0.398239,0.447071,0.312086,0.425270,0.384853,0.205021,0.266533,0.347939,0.279874,0.363635,0.289986,0.368525,0.285912,0.335381,0.460246,0.379602,0.438932,0.339190,0.430282,0.337245,0.406260,0.320785,0.183331,0.273776,0.269673,0.399003,0.369849,0.350021,0.354583,0.147762,0.320465,0.342475,0.363051,0.242440,0.356559,0.234661,0.286105,0.258775,0.429616,0.355548,#
3,0.307773,0.353305,0.404797,1.000000,0.291414,0.255565,0.369799,0.321474,0.314565,0.251036,0.313919,0.347544,0.281254,0.336587,0.297419,0.291816,0.293376,0.375046,0.336244,0.365494,0.338779,0.361356,0.367423,0.421211,0.409831,0.344463,0.374478,0.307277,0.360366,0.289729,0.379060,0.427782,0.388194,0.402858,0.160724,0.288354,0.415871,0.424370,0.429595,0.274173,0.376684,0.353672,0.400430,0.340754,0.285879,0.457298,0.441755,0.401868,0.258115,0.349734,0.470133,0.311457,0.327544,0.294856,0.200674,0.420586,0.321853,0.342472,0.279345,0.407247,0.273772,0.249438,0.319044,0.392445,0.398720,0.392731,0.242661,0.425020,0.325804,0.376030,0.396856,0.239127,0.316258,0.351107,0.388099,0.362934,0.286955,0.436522,0.384709,0.317254,0.388110,0.349818,0.383945,0.398985,0.331516,0.345407,0.380019,0.305264,0.385098,0.408239,0.364390,0.346695,0.308315,0.428775,0.232287,0.352167,0.384838,0.209288,0.407713,0.279349,0.391451,0.342486,0.408106,0.339952,0.413032,0.309914,0.328747,0.375550,0.253989,0.304615,0.348187,0.343740,0.306741,0.345564,0.238743,0.337456,0.386617,0.302425,0.303164,0.291168,0.455071,0.323098,0.371498,0.404980,0.364313,0.355571,0.328157,0.284710,0.254287,0.417315,0.332357,0.388098,0.414921,0.415266,0.371694,0.337746,0.287835,0.277641,0.417784,0.381373,0.358743,0.295453,0.346364,0.293341,0.399920,0.223234,0.356477,0.325584,0.391788,0.344685,0.319895,0.258640,0.234178,0.300879,0.263335,0.234318,0.281771,0.300004,0.258775,0.392996,0.411834,0.366218,0.402251,0.532867,0.397715,0.285810,0.311217,0.260842,0.289776,0.389194,0.394700,0.259151,0.281144,0.303450,0.366744,0.260555,0.275636,0.288936,0.318087,0.318313,0.368807,0.473899,0.404216,0.318492,0.242314,0.331030,0.280896,0.404402,0.236808,0.237284,0.368012,0.354265,0.367132,0.251027,0.231801,0.340067,0.362127,0.318585,0.370754,0.339188,#
4,0.352718,0.412685,0.221085,0.291414,1.000000,0.196337,0.366396,0.238131,0.324183,0.226862,0.285861,0.232793,0.353568,0.290349,0.205129,0.246974,0.199604,0.284491,0.378260,0.359366,0.294290,0.339547,0.345475,0.356114,0.297402,0.387037,0.265290,0.354495,0.349308,0.181793,0.252819,0.274262,0.390526,0.221309,0.214836,0.255435,0.278370,0.389794,0.244272,0.270882,0.308046,0.352151,0.292429,0.292299,0.409873,0.301348,0.417220,0.365612,0.307608,0.375517,0.334141,0.137739,0.334282,0.349412,0.292802,0.296245,0.272470,0.292177,0.268890,0.309322,0.328772,0.228924,0.242989,0.236983,0.259534,0.207071,0.292499,0.289109,0.283157,0.290328,0.335923,0.269633,0.266093,0.281403,0.266719,0.071210,0.204497,0.314405,0.216198,0.234050,0.427834,0.371751,0.257127,0.309618,0.294441,0.263369,0.255305,0.276705,0.379962,0.390508,0.361393,0.354254,0.160652,0.287567,0.160470,0.334811,0.257081,0.380538,0.327860,0.267540,0.361573,0.165250,0.293531,0.334232,0.292995,0.224611,0.222091,0.300521,0.217963,0.299647,0.394713,0.235086,0.308470,0.466094,0.277711,0.160597,0.328806,0.096179,0.347383,0.257010,0.297814,0.338307,0.371111,0.249041,0.339172,0.331000,0.260811,0.267842,0.112405,0.238400,0.230083,0.324123,0.278312,0.207364,0.360951,0.226103,0.246111,0.160213,0.217946,0.359129,0.290153,0.130921,0.215433,0.279488,0.321522,0.248094,0.350979,0.162178,0.291218,0.334315,0.294360,0.239236,0.242580,0.273142,0.166274,0.242024,0.388115,0.263579,0.236510,0.289075,0.225041,0.272661,0.194684,0.355007,0.293922,0.364236,0.204934,0.202266,0.254338,0.325285,0.332695,0.192408,0.224743,0.258652,0.329576,0.177032,0.291658,0.196529,0.307905,0.212117,0.184211,0.229561,0.242807,0.262581,0.270216,0.256300,0.239510,0.446042,0.313050,0.177833,0.300153,0.246363,0.264953,0.222938,0.248267,0.320281,0.313298,0.423823,0.286986,0.248649,#
5,0.331781,0.339501,0.342148,0.255565,0.196337,1.000000,0.277064,0.283580,0.252689,0.324053,0.246653,0.288132,0.310321,0.230737,0.305287,0.306158,0.294859,0.336705,0.322972,0.204310,0.311007,0.340780,0.310165,0.412997,0.295691,0.265156,0.318660,0.359164,0.329064,0.290726,0.230888,0.421551,0.365516,0.245335,0.236422,0.171478,0.405195,0.267717,0.348367,0.342593,0.293067,0.301780,0.181723,0.341270,0.216625,0.363284,0.320041,0.203152,0.329808,0.355702,0.371936,0.237845,0.294646,0.204271,0.262473,0.293400,0.182913,0.378909,0.318269,0.297015,0.274571,0.320996,0.305814,0.302941,0.332399,0.275882,0.335351,0.346850,0.231429,0.273620,0.384929,0.240475,0.345887,0.409325,0.273582,0.210407,0.335876,0.291464,0.301114,0.300168,0.344753,0.294322,0.396520,0.184593,0.208684,0.351228,0.239081,0.295817,0.287278,0.263757,0.291028,0.320102,0.195612,0.304925,0.185719,0.303386,0.299803,0.135905,0.264445,0.182045,0.329428,0.361360,0.324082,0.309154,0.260384,0.216243,0.223789,0.310864,0.262015,0.230344,0.351957,0.241844,0.337566,0.281173,0.289893,0.238650,0.347468,0.313687,0.226460,0.283857,0.230297,0.274737,0.249537,0.258697,0.330352,0.258050,0.117734,0.184383,0.370728,0.423941,0.243049,0.387530,0.212212,0.254954,0.387090,0.300889,0.206776,0.236708,0.270927,0.284573,0.346425,0.326531,0.245334,0.311775,0.294316,0.235539,0.249557,0.220541,0.240000,0.264230,0.301037,0.181139,0.280785,0.345054,0.198707,0.283346,0.281555,0.227387,0.419118,0.123724,0.284481,0.258201,0.289494,0.263252,0.265460,0.157805,0.188557,0.301104,0.379652,0.395414,0.201402,0.226527,0.325338,0.266813,0.251599,0.261121,0.225923,0.257213,0.360737,0.232913,0.330685,0.360066,0.347000,0.184824,0.295924,0.376041,0.320537,0.279216,0.208107,0.261264,0.363295,0.255238,0.230474,0.267180,0.306124,0.253828,0.245985,0.334070,0.266934,0.361561,#
6,0.367465,0.374313,0.358845,0.369799,0.366396,0.277064,1.000000,0.358047,0.278333,0.280275,0.370902,0.290293,0.264725,0.391246,0.270483,0.314591,0.371427,0.326203,0.368172,0.411991,0.393250,0.385647,0.364929,0.315776,0.353652,0.282494,0.340840,0.384487,0.399522,0.307430,0.282078,0.374660,0.374062,0.318456,0.171359,0.210243,0.302511,0.349297,0.375900,0.354979,0.362223,0.328667,0.298854,0.385435,0.315430,0.352820,0.431865,0.461802,0.335543,0.421473,0.350952,0.362509,0.367064,0.341041,0.249050,0.397345,0.356508,0.398404,0.353112,0.435064,0.230226,0.279049,0.272300,0.373766,0.301699,0.437314,0.350117,0.365728,0.364546,0.347597,0.327392,0.342344,0.354795,0.305979,0.377924,0.301892,0.317226,0.386404,0.344866,0.315796,0.359585,0.403334,0.459151,0.327164,0.328419,0.410615,0.334101,0.403049,0.405790,0.383135,0.433742,0.306575,0.226311,0.432668,0.290323,0.466694,0.349902,0.325508,0.424771,0.314371,0.414725,0.399221,0.244205,0.325793,0.258590,0.463890,0.324712,0.292321,0.346454,0.342230,0.329958,0.353204,0.372962,0.350919,0.300608,0.355415,0.370383,0.327037,0.371676,0.321451,0.326660,0.443562,0.288818,0.308325,0.378846,0.329648,0.231587,0.408601,0.230132,0.404303,0.324179,0.327925,0.408678,0.223108,0.499485,0.361767,0.331231,0.430741,0.353449,0.343616,0.230212,0.207657,0.224845,0.421948,0.300394,0.358208,0.352987,0.236203,0.323340,0.281663,0.399661,0.278262,0.341422,0.324450,0.326685,0.266573,0.258708,0.291925,0.338589,0.254779,0.291246,0.368958,0.331542,0.423514,0.369143,0.268023,0.227643,0.274272,0.418274,0.458840,0.282936,0.316087,0.346957,0.321444,0.392942,0.310647,0.295682,0.300703,0.405548,0.253296,0.170000,0.264703,0.329723,0.359984,0.354383,0.334184,0.327640,0.344679,0.356657,0.298801,0.322467,0.303069,0.390000,0.270252,0.235289,0.281535,0.355761,0.340929,0.262249,0.365899,#
7,0.285872,0.364049,0.320262,0.321474,0.238131,0.283580,0.358047,1.000000,0.254726,0.375129,0.331951,0.457638,0.308804,0.365055,0.270023,0.345199,0.320202,0.419358,0.359800,0.387627,0.400871,0.403260,0.499600,0.292308,0.460835,0.281740,0.371424,0.469470,0.283639,0.302477,0.398373,0.409369,0.426403,0.302288,0.257044,0.329085,0.303620,0.310688,0.375741,0.344623,0.309834,0.311683,0.403909,0.236410,0.393516,0.430400,0.307825,0.402092,0.386756,0.358158,0.447608,0.271269,0.287535,0.356874,0.344007,0.373605,0.429332,0.423779,0.338522,0.356254,0.293239,0.211009,0.330384,0.373879,0.424955,0.314132,0.370212,0.380019,0.326422,0.472365,0.368606,0.259614,0.433359,0.430305,0.317092,0.296125,0.374390,0.372023,0.364124,0.446046,0.362113,0.382435,0.472146,0.371002,0.294613,0.371069,0.429915,0.306815,0.386212,0.458434,0.389654,0.319982,0.326918,0.345865,0.226270,0.361534,0.342433,0.263563,0.271983,0.215338,0.401748,0.329995,0.307266,0.338943,0.230841,0.431237,0.424997,0.334460,0.335664,0.289540,0.312137,0.331847,0.270022,0.353326,0.381882,0.364380,0.293435,0.311887,0.337019,0.375222,0.372422,0.405037,0.280105,0.397903,0.469952,0.350931,0.354187,0.381172,0.302272,0.388947,0.292783,0.380552,0.357245,0.294148,0.510536,0.370374,0.250594,0.491785,0.387199,0.403149,0.431612,0.448890,0.142121,0.316330,0.404138,0.330377,0.381742,0.265729,0.333448,0.271079,0.411156,0.480140,0.271137,0.252458,0.223938,0.399433,0.368093,0.333501,0.337038,0.302097,0.316530,0.389307,0.334154,0.411751,0.375540,0.235715,0.379246,0.274991,0.438568,0.403278,0.372149,0.330128,0.316907,0.253895,0.384703,0.281090,0.314732,0.305674,0.229954,0.414030,0.351915,0.394194,0.259454,0.310706,0.167414,0.350195,0.342503,0.364803,0.255241,0.390916,0.393533,0.328039,0.317718,0.327289,0.190782,0.330531,0.370121,0.355231,0.380962,0.330174,#
8,0.360288,0.307485,0.235529,0.314565,0.324183,0.252689,0.278333,0.254726,1.000000,0.198393,0.380232,0.327867,0.326442,0.324072,0.363690,0.310243,0.278124,0.257778,0.263121,0.361982,0.406349,0.318481,0.325399,0.338727,0.318695,0.295132,0.264431,0.393877,0.264688,0.336440,0.211442,0.339644,0.300339,0.323849,0.265041,0.270978,0.352385,0.375257,0.327741,0.417876,0.309563,0.257692,0.219650,0.350982,0.403665,0.344460,0.365680,0.396408,0.265085,0.292397,0.273894,0.390431,0.247719,0.442160,0.256796,0.359953,0.310287,0.296199,0.226544,0.364515,0.287194,0.171704,0.359731,0.338568,0.331980,0.274182,0.308000,0.360719,0.419024,0.365361,0.239427,0.368194,0.338435,0.244167,0.233673,0.214103,0.270652,0.304398,0.335600,0.175869,0.311968,0.356990,0.355421,0.245297,0.303316,0.347748,0.271207,0.269300,0.383283,0.354940,0.379342,0.317870,0.267711,0.299728,0.323797,0.453061,0.346983,0.256184,0.259836,0.206805,0.345091,0.228021,0.248822,0.267514,0.294790,0.230740,0.367400,0.352853,0.190444,0.349737,0.245805,0.309530,0.245218,0.338030,0.208342,0.341002,0.411070,0.288691,0.152850,0.363033,0.342807,0.272387,0.329986,0.309659,0.361181,0.398346,0.195172,0.353972,0.274920,0.339041,0.338786,0.362913,0.297331,0.271810,0.407018,0.268154,0.265666,0.384960,0.448719,0.357027,0.303961,0.317299,0.372174,0.247854,0.359012,0.242881,0.302159,0.377381,0.284090,0.308231,0.359624,0.277517,0.289083,0.296273,0.353082,0.311376,0.333469,0.179645,0.303437,0.331823,0.208500,0.331857,0.218891,0.418100,0.280646,0.239037,0.286265,0.274713,0.311861,0.360352,0.394655,0.097438,0.235735,0.401015,0.374991,0.337774,0.239725,0.297118,0.341152,0.305600,0.331388,0.304143,0.125057,0.241808,0.343946,0.311106,0.242509,0.266934,0.282305,0.246851,0.325497,0.319629,0.280519,0.239382,0.278902,0.288918,0.314522,0.177857,0.269810,0.274588,#
9,0.350553,0.293636,0.211031,0.251036,0.226862,0.324053,0.280275,0.375129,0.198393,1.000000,0.392713,0.309355,0.271480,0.301570,0.327854,0.325713,0.289651,0.222176,0.225941,0.391006,0.279779,0.363145,0.363352,0.325384,0.287138,0.287222,0.372213,0.462459,0.349634,0.195206,0.421226,0.420887,0.291196,0.347179,0.296258,0.282722,0.219600,0.379047,0.312485,0.280450,0.315950,0.381078,0.229257,0.174165,0.342427,0.452468,0.338112,0.365291,0.308268,0.259949,0.382222,0.301103,0.266976,0.312744,0.254085,0.363917,0.408048,0.357140,0.259495,0.319421,0.243644,0.293858,0.373100,0.350742,0.339472,0.339503,0.230269,0.393253,0.363891,0.263606,0.354718,0.300229,0.293822,0.329089,0.364745,0.281643,0.388209,0.261250,0.429078,0.350249,0.327918,0.352457,0.396189,0.299955,0.359312,0.450522,0.426008,0.250620,0.289500,0.321503,0.291923,0.403032,0.246377,0.316071,0.270055,0.351453,0.425093,0.220960,0.296873,0.278944,0.411533,0.350480,0.378220,0.236876,0.335162,0.304576,0.342741,0.335664,0.318935,0.233389,0.218886,0.280761,0.293939,0.365950,0.251315,0.359807,0.378681,0.396415,0.442751,0.278628,0.443162,0.412381,0.317166,0.356796,0.384254,0.374586,0.152770,0.342035,0.216466,0.333459,0.291230,0.369880,0.241143,0.309749,0.435752,0.269367,0.325261,0.336142,0.325822,0.318379,0.242145,0.353397,0.208285,0.248607,0.338670,0.183865,0.383009,0.250646,0.237959,0.389923,0.364295,0.292755,0.407029,0.295855,0.257348,0.337621,0.329339,0.328533,0.443974,0.219446,0.299511,0.279626,0.161098,0.440597,0.345007,0.279243,0.282038,0.253029,0.485930,0.392152,0.289270,0.332965,0.326916,0.360851,0.304482,0.272476,0.246538,0.152135,0.241446,0.374142,0.264123,0.395194,0.312859,0.344808,0.293029,0.341158,0.379672,0.437389,0.335540,0.232319,0.381292,0.334626,0.216042,0.327013,0.236358,0.306329,0.299010,0.230456,0.329443,0.330018,#
10,0.423395,0.447052,0.204144,0.313919,0.285861,0.246653,0.370902,0.331951,0.380232,0.392713,1.000000,0.322850,0.232114,0.379011,0.363133,0.315902,0.356774,0.334964,0.425872,0.364253,0.329071,0.394179,0.316811,0.298446,0.330836,0.213624,0.410497,0.412696,0.379950,0.349542,0.371920,0.369297,0.335822,0.380997,0.226744,0.314696,0.225538,0.398888,0.428647,0.337208,0.227024,0.233056,0.314666,0.274270,0.313887,0.373958,0.342838,0.390733,0.390082,0.356106,0.286134,0.321188,0.293986,0.361244,0.296316,0.372230,0.317791,0.347881,0.257750,0.324359,0.276548,0.294622,0.311597,0.389758,0.357262,0.358243,0.319033,0.337438,0.370866,0.309340,0.344391,0.279134,0.314176,0.343867,0.292531,0.326793,0.425491,0.225807,0.356573,0.288834,0.295618,0.379541,0.403246,0.385488,0.341487,0.343669,0.392813,0.232335,0.396295,0.348130,0.263920,0.347796,0.365207,0.294816,0.257560,0.322535,0.410263,0.205286,0.389224,0.337638,0.417675,0.289668,0.291698,0.309639,0.313938,0.308672,0.434208,0.352043,0.288590,0.312450,0.218182,0.336281,0.247009,0.371884,0.362381,0.426633,0.377665,0.229712,0.301387,0.287299,0.305529,0.324294,0.348485,0.368685,0.378234,0.356608,0.168613,0.322236,0.252306,0.429768,0.347546,0.345345,0.318600,0.259862,0.444254,0.310846,0.302283,0.398181,0.280127,0.437410,0.313062,0.271426,0.394929,0.233735,0.333098,0.270311,0.266189,0.276976,0.226058,0.387286,0.300340,0.397696,0.331246,0.329343,0.377410,0.358366,0.312532,0.206899,0.345142,0.332749,0.253982,0.302055,0.334610,0.418998,0.325338,0.244186,0.239816,0.251380,0.317810,0.444989,0.409940,0.290328,0.329913,0.350216,0.372590,0.161810,0.270931,0.268427,0.380352,0.411262,0.359505,0.323571,0.345660,0.269748,0.328512,0.365302,0.295410,0.356518,0.320235,0.247833,0.347149,0.325823,0.294561,0.265099,0.331079,0.356126,0.322627,0.374742,0.374473,0.392020,#
11,0.376218,0.406785,0.377382,0.347544,0.232793,0.288132,0.290293,0.457638,0.327867,0.309355,0.322850,1.000000,0.406911,0.293067,0.218886,0.376770,0.371887,0.421501,0.376093,0.221032,0.356644,0.424966,0.321288,0.381719,0.457665,0.380503,0.300966,0.484458,0.212730,0.406255,0.406672,0.426281,0.369956,0.352372,0.245826,0.270141,0.380547,0.410684,0.358481,0.301404,0.332928,0.389835,0.404211,0.441461,0.297467,0.419218,0.351264,0.420940,0.364991,0.269177,0.461447,0.306962,0.289085,0.392434,0.229852,0.325183,0.501613,0.374602,0.354190,0.336589,0.259643,0.372579,0.387825,0.432620,0.401454,0.355422,0.366642,0.439004,0.353050,0.387120,0.283657,0.241430,0.406211,0.376598,0.329785,0.342175,0.321127,0.327423,0.488858,0.334120,0.409627,0.226258,0.388942,0.417079,0.386612,0.341156,0.447467,0.327772,0.399436,0.335983,0.449015,0.365655,0.365948,0.465951,0.262620,0.339207,0.302848,0.309964,0.331765,0.383968,0.454673,0.338180,0.327631,0.284442,0.336944,0.441690,0.421405,0.336715,0.376726,0.358028,0.309026,0.348125,0.376570,0.380774,0.205678,0.540379,0.401304,0.255019,0.319084,0.337050,0.342046,0.438191,0.391633,0.370879,0.448495,0.362699,0.402629,0.449263,0.382507,0.391393,0.368840,0.507344,0.289258,0.302236,0.395224,0.303230,0.228561,0.468906,0.352727,0.408850,0.289594,0.402865,0.322527,0.345095,0.425331,0.349453,0.382860,0.264327,0.332088,0.327123,0.329591,0.479911,0.326829,0.350751,0.392131,0.294964,0.280552,0.238542,0.317334,0.265152,0.334730,0.333775,0.251996,0.388244,0.422563,0.283978,0.417480,0.355132,0.487174,0.391093,0.400168,0.226024,0.325307,0.338291,0.375943,0.400216,0.411454,0.303828,0.270897,0.295170,0.421548,0.388245,0.292853,0.324682,0.219364,0.431829,0.376448,0.346614,0.322405,0.283824,0.258170,0.341790,0.396440,0.136810,0.300909,0.286544,0.388432,0.275185,0.298007,0.388316,#
12,0.355399,0.361427,0.319419,0.281254,0.353568,0.310321,0.264725,0.308804,0.326442,0.271480,0.232114,0.406911,1.000000,0.305957,0.362579,0.338931,0.376316,0.290066,0.402344,0.413856,0.396106,0.273183,0.366713,0.355026,0.384113,0.323162,0.319436,0.438201,0.350654,0.405527,0.308202,0.452209,0.365792,0.351726,0.278794,0.257752,0.410978,0.352280,0.303933,0.320969,0.399664,0.273707,0.415348,0.334637,0.387800,0.450977,0.340258,0.314848,0.384019,0.294946,0.452943,0.228028,0.284913,0.420260,0.304391,0.332757,0.370306,0.393670,0.335757,0.358333,0.284343,0.334695,0.328104,0.352067,0.345046,0.324258,0.336421,0.290900,0.322821,0.280616,0.283475,0.298518,0.251124,0.285323,0.396741,0.308125,0.318410,0.342261,0.323090,0.310069,0.402687,0.329371,0.396242,0.356564,0.386786,0.446834,0.314895,0.358943,0.434347,0.370677,0.421808,0.404435,0.268136,0.391671,0.312213,0.236526,0.400405,0.313060,0.240479,0.212951,0.363732,0.365403,0.315376,0.323539,0.388764,0.339678,0.348128,0.260017,0.254883,0.410576,0.366702,0.222337,0.344815,0.439319,0.234956,0.341725,0.378362,0.394843,0.302507,0.346223,0.317813,0.420841,0.423815,0.372485,0.311729,0.403001,0.295263,0.301844,0.320653,0.282407,0.329672,0.419112,0.289705,0.207270,0.328049,0.321051,0.295975,0.356496,0.367871,0.350908,0.386347,0.373549,0.247698,0.294714,0.287141,0.335572,0.399154,0.276899,0.346680,0.270031,0.372198,0.467884,0.253633,0.311525,0.335460,0.238475,0.314047,0.158350,0.299456,0.177779,0.331550,0.370847,0.254722,0.428032,0.333685,0.245662,0.324952,0.157487,0.376147,0.419518,0.302163,0.243846,0.341174,0.315311,0.415110,0.211585,0.304234,0.332435,0.217074,0.339649,0.388033,0.372383,0.357089,0.337485,0.328856,0.386070,0.343944,0.388590,0.282499,0.186238,0.357848,0.380380,0.303563,0.291821,0.220709,0.263442,0.415696,0.282280,0.386636,0.303385,#
13,0.333151,0.411931,0.368704,0.336587,0.290349,0.230737,0.391246,0.365055,0.324072,0.301570,0.379011,0.293067,0.305957,1.000000,0.378666,0.376085,0.361823,0.270440,0.350664,0.396691,0.358642,0.377377,0.356596,0.282861,0.481938,0.397065,0.422731,0.409251,0.286225,0.244249,0.368028,0.350592,0.372570,0.368667,0.235432,0.309730,0.282661,0.410080,0.291866,0.335099,0.302082,0.292392,0.468468,0.280895,0.355768,0.350674,0.446576,0.347768,0.373158,0.319590,0.455935,0.304799,0.348666,0.327618,0.328526,0.500055,0.366236,0.347930,0.357022,0.403497,0.329772,0.309977,0.459308,0.377585,0.291819,0.321522,0.487151,0.417897,0.510349,0.419233,0.242266,0.341126,0.373623,0.322357,0.407069,0.250111,0.402310,0.386163,0.396787,0.302667,0.337500,0.432103,0.431506,0.470192,0.432979,0.351228,0.490593,0.406192,0.377212,0.409444,0.410953,0.393086,0.333030,0.396593,0.305539,0.364303,0.370874,0.257243,0.276931,0.302569,0.474852,0.388958,0.321002,0.318724,0.337952,0.422633,0.390742,0.318892,0.344222,0.325595,0.300086,0.302653,0.440651,0.413536,0.288233,0.334804,0.416550,0.335328,0.315450,0.385753,0.404130,0.422598,0.328626,0.398896,0.406621,0.314537,0.276315,0.318354,0.448701,0.372333,0.316417,0.350846,0.320920,0.327204,0.453386,0.319804,0.342779,0.385994,0.462435,0.395872,0.310487,0.326169,0.314048,0.367610,0.440782,0.409857,0.379714,0.298801,0.194182,0.423210,0.406982,0.261169,0.342144,0.368299,0.403309,0.359762,0.237737,0.326911,0.355669,0.198006,0.229510,0.477924,0.241350,0.494462,0.407515,0.331284,0.221603,0.261253,0.437970,0.453960,0.414560,0.430499,0.364588,0.292423,0.403153,0.346130,0.307096,0.254802,0.434945,0.266922,0.407307,0.334686,0.285982,0.370196,0.275409,0.371219,0.397240,0.425343,0.391690,0.349663,0.308520,0.373501,0.374444,0.279728,0.270447,0.343982,0.319274,0.310869,0.378893,0.389941,#
14,0.438589,0.348881,0.317460,0.297419,0.205129,0.305287,0.270483,0.270023,0.363690,0.327854,0.363133,0.218886,0.362579,0.378666,1.000000,0.407610,0.334035,0.322209,0.386047,0.410727,0.325652,0.319711,0.367759,0.406755,0.355339,0.301630,0.399413,0.369858,0.358478,0.326978,0.229232,0.297362,0.318723,0.290702,0.299602,0.363069,0.370444,0.429773,0.413183,0.399851,0.413469,0.336013,0.383135,0.287547,0.338698,0.442561,0.438445,0.352119,0.322116,0.249879,0.457385,0.317632,0.329933,0.320696,0.387577,0.353753,0.368908,0.305564,0.246485,0.365041,0.377458,0.380603,0.309403,0.355004,0.393070,0.332106,0.367487,0.392231,0.392550,0.334415,0.289662,0.343763,0.229955,0.447499,0.244642,0.244390,0.300059,0.387302,0.328512,0.313197,0.382055,0.259029,0.448756,0.390619,0.312307,0.388530,0.238449,0.283789,0.377851,0.384195,0.413988,0.377042,0.346103,0.345457,0.330205,0.238454,0.401048,0.268693,0.338503,0.256773,0.314267,0.370867,0.354210,0.304527,0.261884,0.339569,0.444534,0.434511,0.312988,0.337106,0.175986,0.271295,0.363918,0.285978,0.303788,0.351078,0.310223,0.384465,0.311447,0.328731,0.408861,0.375751,0.312186,0.350763,0.339708,0.289413,0.251828,0.266037,0.259476,0.378339,0.203497,0.411791,0.352058,0.164533,0.303071,0.274087,0.296182,0.363548,0.343695,0.319825,0.394283,0.350020,0.309581,0.248293,0.326098,0.282170,0.346144,0.182166,0.216957,0.315115,0.354141,0.248269,0.190844,0.335713,0.315769,0.241564,0.309841,0.268412,0.350215,0.187407,0.257957,0.369851,0.237977,0.334704,0.391442,0.207726,0.288841,0.290763,0.284395,0.425095,0.449345,0.315146,0.344082,0.390121,0.415731,0.241642,0.409490,0.337936,0.404792,0.408289,0.379187,0.448643,0.284396,0.360841,0.329388,0.376361,0.368832,0.322513,0.248997,0.220584,0.306123,0.372687,0.302630,0.401314,0.262180,0.217011,0.180447,0.333614,0.385416,0.383352,#
15,0.382678,0.296678,0.372285,0.291816,0.246974,0.306158,0.314591,0.345199,0.310243,0.325713,0.315902,0.376770,0.338931,0.376085,0.407610,1.000000,0.382530,0.478613,0.424003,0.349802,0.337404,0.380547,0.343119,0.444979,0.448440,0.355448,0.402745,0.403336,0.407835,0.250171,0.365815,0.393132,0.344614,0.431254,0.247169,0.239807,0.321073,0.400560,0.423235,0.371707,0.464380,0.337541,0.380914,0.330345,0.448572,0.392574,0.343051,0.382819,0.276129,0.340800,0.447042,0.276920,0.375084,0.371709,0.333633,0.313799,0.375195,0.405220,0.326827,0.440122,0.260296,0.278864,0.298767,0.306819,0.304026,0.318529,0.442794,0.470863,0.397510,0.343442,0.273661,0.369952,0.328397,0.281916,0.383362,0.318899,0.301971,0.436494,0.350950,0.355405,0.503571,0.275444,0.378766,0.424925,0.326159,0.371121,0.376778,0.281669,0.438623,0.410373,0.376501,0.287748,0.361847,0.481487,0.308710,0.285225,0.421832,0.289504,0.421639,0.297849,0.417746,0.316323,0.368433,0.294722,0.294873,0.338616,0.340157,0.301170,0.342936,0.459776,0.264375,0.425488,0.319821,0.315762,0.256550,0.452802,0.423411,0.264626,0.301322,0.360355,0.389891,0.415886,0.267775,0.428580,0.346562,0.263915,0.286551,0.329962,0.340385,0.327337,0.267834,0.450183,0.297133,0.352133,0.398634,0.365449,0.384429,0.292632,0.383674,0.287609,0.281181,0.375207,0.401263,0.214932,0.432165,0.340570,0.416710,0.263261,0.383743,0.353645,0.380368,0.300476,0.345776,0.481272,0.224784,0.438895,0.267572,0.316160,0.369818,0.298404,0.264865,0.369373,0.306675,0.407827,0.338590,0.346591,0.312262,0.338502,0.334934,0.424802,0.314569,0.245616,0.405699,0.296604,0.437756,0.211824,0.439562,0.282322,0.241169,0.439045,0.382537,0.427163,0.282643,0.312289,0.328872,0.385522,0.312183,0.364655,0.308361,0.240749,0.189250,0.454177,0.270415,0.346420,0.254844,0.291728,0.309578,0.330453,0.268812,0.317800,#
16,0.392662,0.328999,0.326663,0.293376,0.199604,0.294859,0.371427,0.320202,0.278124,0.289651,0.356774,0.371887,0.376316,0.361823,0.334035,0.382530,1.000000,0.384674,0.320945,0.355760,0.558473,0.384199,0.488825,0.280724,0.312575,0.355877,0.376500,0.291073,0.300690,0.307338,0.304902,0.462275,0.229535,0.368797,0.199609,0.265868,0.379921,0.333392,0.339590,0.320744,0.246399,0.274566,0.355572,0.331638,0.322226,0.381985,0.375692,0.335586,0.326472,0.251747,0.288420,0.320501,0.435591,0.317667,0.310065,0.316772,0.287954,0.325357,0.263330,0.205244,0.234011,0.380058,0.335453,0.392753,0.402323,0.291174,0.351978,0.494222,0.309604,0.380485,0.224495,0.337906,0.367037,0.241912,0.360392,0.450816,0.316037,0.388265,0.398608,0.327227,0.286079,0.303948,0.340131,0.313559,0.325419,0.419127,0.437876,0.297718,0.352526,0.288675,0.388459,0.368832,0.280916,0.316180,0.257191,0.317660,0.346676,0.273920,0.391309,0.290966,0.365044,0.282806,0.187894,0.288485,0.304869,0.366293,0.304152,0.237886,0.289279,0.337855,0.311754,0.317159,0.320752,0.312940,0.317967,0.485703,0.385392,0.295479,0.206899,0.327061,0.303530,0.366660,0.332272,0.350736,0.374572,0.259691,0.261900,0.234612,0.311411,0.397388,0.228979,0.345111,0.421904,0.190932,0.453471,0.313543,0.194458,0.382782,0.339340,0.388711,0.190574,0.352602,0.211707,0.305700,0.363454,0.307489,0.212560,0.256305,0.257874,0.234690,0.269720,0.348003,0.271244,0.292277,0.345140,0.320310,0.234951,0.210259,0.343545,0.215332,0.236507,0.431137,0.378177,0.438128,0.296329,0.166684,0.287467,0.295188,0.282656,0.337090,0.310112,0.182123,0.344748,0.240757,0.351383,0.331282,0.281268,0.235031,0.280581,0.324509,0.353271,0.369953,0.282642,0.215064,0.208124,0.293694,0.402092,0.313743,0.305439,0.240168,0.344574,0.204693,0.226417,0.278171,0.328268,0.335089,0.259784,0.324382,0.251772,0.382529,#
17,0.471380,0.367334,0.331188,0.375046,0.284491,0.336705,0.326203,0.419358,0.257778,0.222176,0.334964,0.421501,0.290066,0.270440,0.322209,0.478613,0.384674,1.000000,0.359857,0.386500,0.414028,0.410806,0.437766,0.436074,0.457099,0.343434,0.307677,0.357312,0.417761,0.340483,0.351440,0.472700,0.524104,0.377919,0.169386,0.293426,0.318482,0.503407,0.412533,0.260492,0.347512,0.269517,0.302424,0.428436,0.325024,0.401536,0.438955,0.337928,0.391110,0.382125,0.423271,0.211808,0.271941,0.365223,0.355068,0.383350,0.407138,0.452951,0.315171,0.410781,0.308304,0.371569,0.328818,0.341729,0.336305,0.411517,0.389594,0.478010,0.405441,0.428382,0.400123,0.393485,0.431602,0.355481,0.342008,0.389181,0.289053,0.424335,0.308433,0.376015,0.430978,0.399772,0.547381,0.452380,0.354322,0.327341,0.388726,0.374620,0.500126,0.467488,0.400778,0.324536,0.327316,0.382681,0.236948,0.286810,0.347898,0.429758,0.373190,0.382275,0.427083,0.309832,0.314463,0.330450,0.312669,0.403538,0.349284,0.508527,0.257652,0.290348,0.311432,0.347040,0.298465,0.381683,0.232490,0.453890,0.366543,0.308552,0.325073,0.415475,0.317690,0.341594,0.323873,0.378859,0.445437,0.377318,0.294017,0.319765,0.232349,0.298250,0.250867,0.454841,0.405881,0.428467,0.417690,0.327696,0.398392,0.344112,0.383322,0.445642,0.351508,0.369201,0.312420,0.297901,0.450611,0.320569,0.287943,0.214358,0.331732,0.259049,0.435304,0.262762,0.285668,0.433286,0.305677,0.381287,0.285849,0.284718,0.459186,0.347168,0.402300,0.393095,0.334492,0.367278,0.386575,0.381042,0.252887,0.407579,0.312422,0.371855,0.468159,0.314090,0.346403,0.354997,0.426173,0.186408,0.395458,0.331845,0.224884,0.440159,0.376056,0.520277,0.328029,0.196265,0.256121,0.359952,0.366106,0.444575,0.405890,0.322160,0.315144,0.420879,0.235002,0.253828,0.393178,0.355783,0.416372,0.261381,0.299381,0.390748,#
18,0.380245,0.417875,0.397809,0.336244,0.378260,0.322972,0.368172,0.359800,0.263121,0.225941,0.425872,0.376093,0.402344,0.350664,0.386047,0.424003,0.320945,0.359857,1.000000,0.351352,0.351876,0.337157,0.262314,0.421182,0.430834,0.386034,0.463522,0.444757,0.445857,0.307206,0.399528,0.392581,0.433079,0.254361,0.290767,0.354003,0.475881,0.404944,0.363049,0.396084,0.380328,0.325086,0.390508,0.295688,0.338141,0.381101,0.374735,0.377216,0.315219,0.347825,0.448387,0.199062,0.442959,0.496841,0.310077,0.326269,0.378332,0.454711,0.268752,0.303176,0.299437,0.320295,0.346409,0.435649,0.271131,0.439773,0.415466,0.475870,0.342253,0.230502,0.244535,0.287942,0.318805,0.329844,0.305158,0.231605,0.270215,0.414512,0.438141,0.427329,0.475573,0.317450,0.400376,0.462736,0.337098,0.289206,0.401195,0.307757,0.441986,0.345882,0.439955,0.314387,0.344838,0.406934,0.305293,0.306620,0.469183,0.358527,0.269668,0.381547,0.358101,0.412867,0.438084,0.392767,0.388663,0.354626,0.339328,0.333968,0.336155,0.414632,0.421426,0.463146,0.286569,0.422104,0.301489,0.350577,0.359704,0.309798,0.326288,0.340972,0.319754,0.476735,0.346264,0.355153,0.404856,0.367512,0.316623,0.317794,0.400859,0.362316,0.372425,0.439112,0.340127,0.276191,0.460992,0.213351,0.269423,0.427549,0.378240,0.423272,0.404116,0.258132,0.250180,0.223480,0.411066,0.325934,0.283888,0.164862,0.298295,0.311936,0.340057,0.374513,0.337256,0.314611,0.308882,0.452303,0.416576,0.391335,0.296283,0.416213,0.361791,0.399129,0.291950,0.383148,0.356828,0.303812,0.403153,0.342450,0.343493,0.453928,0.272674,0.315799,0.399736,0.255570,0.387978,0.244408,0.285227,0.379732,0.462415,0.392368,0.383464,0.418198,0.363208,0.287276,0.442123,0.390868,0.391397,0.476411,0.350682,0.301512,0.327857,0.415524,0.351521,0.318472,0.331593,0.244169,0.375707,0.374112,0.446994,0.410320,#
19,0.350258,0.384230,0.324730,0.365494,0.359366,0.204310,0.411991,0.387627,0.361982,0.391006,0.364253,0.221032,0.413856,0.396691,0.410727,0.349802,0.355760,0.386500,0.351352,1.000000,0.346929,0.425200,0.420042,0.423866,0.361409,0.421538,0.398279,0.387693,0.370302,0.413562,0.287870,0.437860,0.347969,0.379629,0.277181,0.339916,0.228667,0.396860,0.499177,0.347438,0.343254,0.267359,0.331559,0.287072,0.396521,0.486874,0.444367,0.496346,0.346655,0.368194,0.386438,0.300349,0.288336,0.483497,0.373330,0.378772,0.373120,0.388262,0.284316,0.419352,0.361362,0.264962,0.350784,0.353354,0.392980,0.365031,0.277787,0.412506,0.422214,0.389892,0.367474,0.340749,0.414359,0.256677,0.404747,0.335927,0.359611,0.447655,0.394934,0.321424,0.413757,0.386351,0.485463,0.311335,0.430309,0.348280,0.399798,0.343107,0.451600,0.388282,0.354675,0.456244,0.335656,0.354570,0.302610,0.372261,0.387625,0.398567,0.267913,0.286571,0.418251,0.316658,0.369596,0.353786,0.410884,0.345781,0.444197,0.483257,0.302988,0.294677,0.337205,0.318773,0.348044,0.427783,0.327886,0.359397,0.443157,0.462995,0.373588,0.297080,0.439802,0.455844,0.363639,0.411956,0.504951,0.403259,0.310668,0.384600,0.179445,0.375821,0.243173,0.309083,0.445578,0.334231,0.388222,0.328824,0.389398,0.383000,0.388210,0.440626,0.387652,0.324974,0.285376,0.245152,0.414770,0.317560,0.313684,0.389090,0.420030,0.268087,0.317539,0.353533,0.307978,0.403095,0.280730,0.347192,0.321057,0.317888,0.359170,0.165124,0.333270,0.411233,0.374245,0.411025,0.345570,0.314420,0.263901,0.319039,0.366190,0.380302,0.502058,0.339790,0.334192,0.316340,0.416634,0.228214,0.327830,0.351057,0.253907,0.402184,0.309985,0.475493,0.281542,0.357430,0.358832,0.348237,0.368820,0.463576,0.337250,0.236870,0.425387,0.353544,0.315374,0.421295,0.319330,0.381565,0.417779,0.421126,0.407372,0.439983,#
20,0.428368,0.347189,0.382386,0.338779,0.294290,0.311007,0.393250,0.400871,0.406349,0.279779,0.329071,0.356644,0.396106,0.358642,0.325652,0.337404,0.558473,0.414028,0.351876,0.346929,1.000000,0.406531,0.457390,0.353437,0.456311,0.340348,0.381706,0.452855,0.321425,0.380875,0.320824,0.381117,0.338485,0.346814,0.307854,0.253982,0.346392,0.350114,0.298284,0.367248,0.321742,0.436460,0.380634,0.374889,0.379909,0.449205,0.376750,0.414150,0.392661,0.287960,0.365232,0.391724,0.488040,0.367805,0.310055,0.333710,0.401707,0.367712,0.304447,0.407889,0.396711,0.238715,0.439510,0.412013,0.476768,0.288806,0.359006,0.425405,0.454063,0.437423,0.328723,0.334980,0.460891,0.367428,0.343808,0.342966,0.407289,0.401598,0.314588,0.412516,0.300928,0.269745,0.483953,0.340391,0.287447,0.468583,0.413694,0.399139,0.435863,0.416319,0.420020,0.461575,0.363961,0.388409,0.291441,0.334161,0.427209,0.361559,0.317878,0.226077,0.322112,0.308896,0.325500,0.375054,0.280625,0.393066,0.353395,0.339426,0.291030,0.424800,0.369864,0.277777,0.393377,0.406325,0.317596,0.471681,0.511737,0.273539,0.199037,0.336557,0.354397,0.385350,0.385542,0.343991,0.461529,0.369064,0.408649,0.441700,0.303968,0.464806,0.255389,0.440886,0.374294,0.250772,0.464235,0.336472,0.369229,0.453465,0.449343,0.442759,0.338201,0.386290,0.167420,0.283177,0.459796,0.246438,0.243582,0.328232,0.340662,0.365938,0.364255,0.374666,0.228339,0.252701,0.342452,0.352284,0.277069,0.231658,0.372154,0.321115,0.345986,0.425557,0.341245,0.400448,0.455910,0.263019,0.248093,0.336401,0.352207,0.363637,0.394172,0.270443,0.274458,0.364827,0.379852,0.371981,0.257978,0.226651,0.414275,0.483491,0.410543,0.393195,0.285736,0.387876,0.365563,0.287850,0.319378,0.384582,0.362713,0.312324,0.417155,0.375110,0.371745,0.298447,0.396751,0.373013,0.336831,0.349808,0.308074,0.324104,#
21,0.460924,0.473442,0.440757,0.361356,0.339547,0.340780,0.385647,0.403260,0.318481,0.363145,0.394179,0.424966,0.273183,0.377377,0.319711,0.380547,0.384199,0.410806,0.337157,0.425200,0.406531,1.000000,0.373089,0.457294,0.475016,0.315660,0.429647,0.475741,0.400799,0.382180,0.374141,0.428079,0.367663,0.461371,0.260918,0.333390,0.409598,0.451755,0.440151,0.321089,0.376208,0.415574,0.309036,0.359464,0.433847,0.393190,0.493357,0.424038,0.335140,0.398416,0.461802,0.279738,0.411815,0.410901,0.316603,0.319192,0.460385,0.419648,0.369640,0.403712,0.280601,0.297791,0.414662,0.393740,0.486330,0.379164,0.359244,0.429901,0.471995,0.493246,0.491192,0.341372,0.472565,0.360301,0.346984,0.341024,0.351992,0.335319,0.339503,0.401738,0.488685,0.386727,0.408773,0.316290,0.405222,0.382303,0.391816,0.337167,0.440412,0.471979,0.354218,0.368935,0.384317,0.324004,0.408367,0.432144,0.384912,0.423000,0.362304,0.375364,0.479303,0.321430,0.299204,0.393281,0.381693,0.474174,0.383042,0.398597,0.341055,0.349568,0.335773,0.357080,0.451555,0.433136,0.289678,0.469122,0.524369,0.304852,0.399495,0.464946,0.386963,0.489941,0.234486,0.479075,0.393305,0.465706,0.370322,0.396450,0.323086,0.341240,0.364257,0.361409,0.463101,0.360550,0.440435,0.284239,0.384970,0.406583,0.431926,0.458654,0.292657,0.391877,0.320679,0.243705,0.424670,0.383067,0.328420,0.369862,0.335708,0.329484,0.371760,0.384135,0.352663,0.416491,0.398630,0.338592,0.285728,0.345393,0.340476,0.322408,0.479468,0.365426,0.318121,0.420680,0.431213,0.259393,0.222333,0.415003,0.295497,0.443418,0.411667,0.312790,0.411779,0.390188,0.359125,0.333286,0.422503,0.311606,0.394144,0.444068,0.340635,0.448485,0.225498,0.367089,0.309322,0.427037,0.374808,0.396498,0.477659,0.256858,0.441872,0.426774,0.381286,0.264787,0.447307,0.398261,0.373636,0.348564,0.364461,0.440877,#
