0,1.000000,0.817653,0.827197,0.817420,0.785933,0.827504,0.812048,0.822436,0.824067,0.786944,0.808166,0.837840,0.792155,0.812796,0.823588,0.827310,0.840904,0.859594,0.828571,0.827665,0.825255,0.800063,0.841517,0.849457,0.769020,0.803017,0.813653,0.810614,0.798014,0.829968,0.807787,0.840747,0.817893,0.808944,0.836467,0.821886,0.800284,0.817533,0.822917,0.832654,0.822305,0.798006,0.851459,0.800446,0.816981,0.788953,0.818480,0.848751,0.820885,0.840347,0.817393,0.839279,0.829691,0.842456,0.853027,0.839376,0.824118,0.848633,0.811346,0.823200,0.826681,0.815250,0.836982,0.834575,0.842245,0.806925,0.855989,0.823228,0.808111,0.796398,0.796510,0.797055,0.857085,0.845491,0.820757,0.781510,0.848901,0.826623,0.831637,0.805024,0.844731,0.800761,0.831927,0.828432,0.841576,0.852359,0.833641,0.827028,0.804428,0.815085,0.792778,0.825853,0.833092,0.817617,0.818250,0.831585,0.809755,0.786364,0.831566,0.847226,0.828444,0.809918,0.822290,0.847328,0.800369,0.823697,0.815241,0.844887,0.823233,0.769786,0.822660,0.812191,0.813316,0.803953,0.813391,0.848924,0.805168,0.789212,0.797773,0.806213,0.787196,0.858092,0.836096,0.849286,0.834363,0.814750,0.804951,0.791966,0.764948,0.817411,0.809779,0.819851,0.826319,0.791810,0.835208,0.824381,0.807770,0.821814,0.783899,0.833524,0.819902,0.814002,0.776949,0.833318,0.824015,0.734137,0.800022,0.780643,0.827673,0.816157,0.813041,0.832278,0.810283,0.787254,0.814947,0.812905,0.845657,0.835476,0.846120,0.814514,0.843061,0.838807,0.821300,0.804460,0.800066,0.817880,0.828636,0.800624,0.832957,0.815447,0.813375,0.816842,0.823221,0.841866,0.826818,0.813783,0.837427,0.838257,0.813365,0.800601,0.802046,0.832502,0.804059,0.795748,0.804031,0.801385,0.776306,0.829441,0.803559,0.797286,0.814535,0.841677,0.818357,0.820821,0.812076,0.830280,0.795287,0.835703,0.824954,0.801800,#
1,0.817653,1.000000,0.807421,0.819025,0.807891,0.837535,0.789326,0.821604,0.836463,0.812354,0.825201,0.825729,0.801890,0.798760,0.802742,0.813196,0.803583,0.813769,0.802725,0.827582,0.817782,0.845530,0.830695,0.817971,0.800025,0.771608,0.806097,0.837995,0.788235,0.784608,0.837000,0.831610,0.816550,0.835329,0.792067,0.824939,0.786219,0.821864,0.836328,0.820035,0.817822,0.784408,0.813643,0.797938,0.792537,0.800409,0.847925,0.812313,0.838481,0.816167,0.812345,0.845541,0.835622,0.799601,0.851987,0.830217,0.803671,0.819472,0.812812,0.806039,0.791665,0.803457,0.780361,0.792760,0.827620,0.834950,0.853175,0.844598,0.821916,0.826635,0.815927,0.821014,0.870771,0.804347,0.817967,0.812955,0.798438,0.802789,0.837955,0.799356,0.837880,0.808037,0.835777,0.836273,0.841868,0.821974,0.815053,0.836980,0.824286,0.799320,0.787365,0.822893,0.822715,0.827261,0.801352,0.809800,0.804476,0.799393,0.804650,0.819369,0.827330,0.819221,0.793995,0.811689,0.771863,0.817830,0.798269,0.836449,0.814381,0.770374,0.806835,0.798596,0.799149,0.808644,0.794449,0.827457,0.819922,0.812881,0.789363,0.768368,0.809019,0.833477,0.808648,0.832063,0.800449,0.791296,0.806459,0.803275,0.817730,0.840937,0.786923,0.848524,0.803001,0.806660,0.850418,0.803259,0.814866,0.808481,0.806982,0.800147,0.831450,0.821173,0.809133,0.838535,0.815742,0.767328,0.782713,0.774782,0.835436,0.794178,0.843465,0.841411,0.809558,0.763367,0.838788,0.803870,0.824771,0.828724,0.792084,0.785162,0.801979,0.843559,0.817224,0.839019,0.813479,0.784434,0.823604,0.771920,0.795850,0.813787,0.818500,0.819327,0.805727,0.829603,0.816765,0.803314,0.815408,0.839550,0.786396,0.807129,0.805869,0.804867,0.812577,0.795697,0.810857,0.841491,0.790381,0.742735,0.825561,0.819418,0.826765,0.819695,0.802230,0.791744,0.820807,0.762308,0.786687,0.854098,0.796297,0.821525,#
2,0.827197,0.807421,1.000000,0.806922,0.807994,0.820476,0.798786,0.825255,0.820232,0.794091,0.807041,0.796744,0.762605,0.814262,0.796910,0.796269,0.782551,0.812999,0.783103,0.817016,0.809414,0.806194,0.795490,0.829564,0.767710,0.787080,0.838429,0.818797,0.817701,0.821906,0.822332,0.793972,0.812567,0.800036,0.799814,0.809316,0.799941,0.809756,0.839487,0.776477,0.799373,0.791866,0.824895,0.776872,0.786791,0.791821,0.839450,0.784023,0.787071,0.817330,0.794708,0.835141,0.826583,0.817452,0.850657,0.827940,0.812923,0.787398,0.813704,0.802836,0.845638,0.801039,0.789784,0.817167,0.827549,0.823992,0.806176,0.805889,0.796754,0.798847,0.819180,0.804994,0.834748,0.823211,0.822370,0.791294,0.803844,0.792443,0.805831,0.821278,0.833901,0.800068,0.838032,0.778453,0.848205,0.831124,0.804315,0.834162,0.785553,0.769680,0.792038,0.829990,0.847452,0.817789,0.811555,0.815131,0.790876,0.777898,0.840653,0.814005,0.811842,0.796468,0.785542,0.814006,0.757852,0.831653,0.834428,0.830279,0.809820,0.766276,0.825799,0.775657,0.833013,0.800952,0.774333,0.801478,0.788596,0.807566,0.785959,0.771155,0.787779,0.797475,0.777500,0.830821,0.810415,0.766014,0.807846,0.786724,0.784678,0.828790,0.809840,0.834790,0.832703,0.826932,0.823552,0.793390,0.803743,0.814145,0.809011,0.780730,0.798473,0.830890,0.747721,0.793061,0.809484,0.780234,0.768996,0.773382,0.799789,0.802384,0.821711,0.820977,0.813645,0.798310,0.803144,0.800393,0.812287,0.763387,0.810234,0.762790,0.760249,0.788274,0.818663,0.809591,0.783821,0.807561,0.828269,0.752106,0.788940,0.793319,0.818125,0.812676,0.813586,0.795465,0.819129,0.797003,0.773239,0.831509,0.774163,0.766292,0.779960,0.846347,0.775764,0.817511,0.784139,0.808138,0.771965,0.762900,0.812120,0.803048,0.807615,0.812814,0.848593,0.809453,0.794996,0.799645,0.759822,0.825152,0.791132,0.817860,#
3,0.817420,0.819025,0.806922,1.000000,0.808274,0.813990,0.797949,0.816163,0.843886,0.807736,0.804580,0.815063,0.800645,0.812286,0.805650,0.826215,0.801367,0.819285,0.834375,0.808410,0.809123,0.844119,0.819282,0.817336,0.798967,0.815630,0.829026,0.820986,0.808619,0.816327,0.823294,0.841255,0.835617,0.843309,0.802471,0.823810,0.793381,0.828595,0.800613,0.823117,0.800699,0.807503,0.820623,0.811446,0.799289,0.835957,0.818128,0.812921,0.821866,0.804633,0.831518,0.798473,0.829793,0.800216,0.824836,0.840654,0.806055,0.822414,0.845791,0.816580,0.804117,0.796835,0.784346,0.819163,0.867713,0.802955,0.807014,0.805303,0.765765,0.817948,0.798035,0.820358,0.853184,0.809347,0.803482,0.785392,0.803726,0.804855,0.809782,0.817766,0.844659,0.781900,0.841415,0.808599,0.832298,0.837333,0.818843,0.812190,0.805888,0.808193,0.808652,0.836115,0.839765,0.837554,0.816421,0.821527,0.789639,0.768133,0.818537,0.801391,0.793884,0.794716,0.783376,0.791462,0.818985,0.802896,0.819679,0.844472,0.789100,0.778565,0.820509,0.763526,0.797475,0.814656,0.793715,0.828323,0.783376,0.798143,0.802040,0.769113,0.785897,0.830791,0.804240,0.804589,0.793707,0.806999,0.829280,0.816558,0.782610,0.801486,0.791319,0.839024,0.793662,0.827357,0.840432,0.833693,0.815899,0.785475,0.774785,0.790563,0.785163,0.837102,0.802791,0.777062,0.794967,0.812584,0.781324,0.811957,0.805162,0.803320,0.814107,0.805894,0.786477,0.790979,0.809904,0.786265,0.833220,0.789904,0.831405,0.794027,0.795613,0.817382,0.785335,0.817103,0.801587,0.795448,0.826560,0.777727,0.817788,0.801780,0.807023,0.819387,0.802047,0.833032,0.799388,0.822705,0.804937,0.824945,0.798401,0.806145,0.761365,0.845694,0.782565,0.784730,0.789350,0.802077,0.776797,0.767324,0.810204,0.836188,0.813201,0.797281,0.804491,0.805488,0.802197,0.804490,0.797038,0.809817,0.789955,0.803520,#
4,0.785933,0.807891,0.807994,0.808274,1.000000,0.842428,0.805391,0.811887,0.791062,0.798092,0.773986,0.825703,0.773921,0.823500,0.782489,0.807365,0.808470,0.828526,0.801038,0.847616,0.835113,0.815688,0.793736,0.828279,0.774552,0.789435,0.819002,0.797510,0.810243,0.800608,0.843258,0.825907,0.838600,0.800433,0.781246,0.803232,0.807747,0.800981,0.821573,0.823071,0.802797,0.782658,0.800462,0.808136,0.798802,0.827518,0.833613,0.817015,0.815790,0.797208,0.806204,0.807495,0.824940,0.795140,0.848072,0.843115,0.792909,0.811994,0.827267,0.824863,0.784571,0.810577,0.792174,0.789523,0.835962,0.813583,0.802734,0.808392,0.787177,0.806740,0.818331,0.831780,0.840393,0.819899,0.797584,0.768429,0.796886,0.822418,0.819320,0.823061,0.808341,0.797539,0.840933,0.782946,0.830474,0.808673,0.801305,0.792456,0.812366,0.801201,0.793066,0.791212,0.814252,0.814133,0.793160,0.796271,0.799177,0.767413,0.781618,0.814264,0.834406,0.823330,0.812334,0.803444,0.783480,0.815296,0.807684,0.819728,0.813172,0.804366,0.795235,0.793411,0.810886,0.844251,0.776805,0.800939,0.813745,0.829990,0.770321,0.755085,0.765393,0.819750,0.828487,0.814887,0.802549,0.799311,0.787222,0.794365,0.835606,0.818912,0.837031,0.813452,0.802205,0.821186,0.847517,0.823794,0.791582,0.796506,0.792515,0.757015,0.780528,0.830636,0.809673,0.801318,0.804129,0.774005,0.806965,0.771781,0.794345,0.822867,0.816511,0.854875,0.800234,0.780275,0.847948,0.801168,0.849495,0.782114,0.808853,0.776204,0.788982,0.810404,0.834496,0.787465,0.770115,0.779975,0.785114,0.767538,0.812004,0.804266,0.783096,0.816591,0.831001,0.801414,0.835770,0.814851,0.811242,0.839974,0.784496,0.791894,0.800380,0.812996,0.810866,0.786053,0.817860,0.828668,0.741481,0.818647,0.801599,0.812060,0.774876,0.780583,0.785850,0.815237,0.799656,0.794761,0.802906,0.813196,0.821703,0.804334,#
5,0.827504,0.837535,0.820476,0.813990,0.842428,1.000000,0.782148,0.838795,0.824327,0.790431,0.797561,0.808101,0.781169,0.795690,0.799122,0.825769,0.810492,0.829561,0.780721,0.853373,0.817413,0.809570,0.812811,0.815655,0.793024,0.801784,0.847544,0.842019,0.804213,0.806216,0.850275,0.840580,0.836691,0.821351,0.773732,0.841419,0.803274,0.795274,0.820411,0.807320,0.826190,0.782403,0.796132,0.821880,0.815667,0.820417,0.851487,0.831110,0.830912,0.785103,0.833069,0.805532,0.833865,0.827649,0.808485,0.875513,0.819569,0.807252,0.868335,0.840418,0.783459,0.821267,0.807463,0.839960,0.835391,0.810193,0.809612,0.819833,0.808603,0.802101,0.825569,0.808311,0.863679,0.815354,0.797772,0.803515,0.826186,0.841710,0.826340,0.810513,0.856676,0.805895,0.846364,0.818230,0.812366,0.843608,0.832569,0.833151,0.822133,0.782052,0.774035,0.817829,0.848215,0.852076,0.796802,0.795661,0.809797,0.805013,0.845436,0.824698,0.833493,0.823701,0.831788,0.834376,0.791614,0.830020,0.818919,0.847765,0.793753,0.808327,0.805525,0.831015,0.800309,0.794211,0.781527,0.801512,0.837536,0.817048,0.770155,0.784103,0.775223,0.837310,0.816021,0.855927,0.781551,0.795601,0.840968,0.777185,0.790390,0.818888,0.848780,0.858800,0.845356,0.848010,0.835277,0.801799,0.820591,0.816442,0.796803,0.785615,0.797639,0.810719,0.807923,0.828162,0.859459,0.762475,0.775327,0.782474,0.826923,0.830313,0.834100,0.839676,0.801122,0.780469,0.808889,0.798150,0.850320,0.813871,0.828656,0.793184,0.813126,0.833031,0.834544,0.810275,0.824324,0.794638,0.783519,0.825937,0.809897,0.811219,0.860729,0.841265,0.818885,0.808940,0.816037,0.794689,0.801764,0.846474,0.825334,0.816790,0.832190,0.829358,0.816868,0.793659,0.821303,0.821503,0.776750,0.804484,0.809338,0.822459,0.797173,0.835177,0.793218,0.804877,0.781029,0.784380,0.782332,0.830585,0.818040,0.817530,#
6,0.812048,0.789326,0.798786,0.797949,0.805391,0.782148,1.000000,0.786929,0.815228,0.777310,0.786769,0.800891,0.799124,0.828788,0.753340,0.806702,0.803306,0.834878,0.798603,0.782495,0.835990,0.792838,0.765282,0.803022,0.792759,0.799250,0.791940,0.804362,0.791975,0.824818,0.811434,0.816532,0.823211,0.808411,0.792061,0.811891,0.784349,0.785478,0.788066,0.808185,0.796897,0.802499,0.825122,0.796159,0.830182,0.758446,0.820936,0.782012,0.845906,0.821312,0.805855,0.822866,0.819698,0.752990,0.847263,0.817370,0.815125,0.828199,0.835243,0.774477,0.818518,0.782924,0.783608,0.783425,0.861532,0.800228,0.843464,0.804599,0.794773,0.773410,0.799704,0.819817,0.818213,0.828655,0.789787,0.781085,0.806445,0.791056,0.816480,0.778394,0.838879,0.789490,0.805650,0.806319,0.793412,0.809117,0.800224,0.807719,0.802821,0.794705,0.772866,0.797763,0.788868,0.806186,0.782208,0.783200,0.816735,0.792065,0.794301,0.814211,0.801546,0.799033,0.818236,0.809509,0.770236,0.766212,0.815491,0.801918,0.793510,0.746063,0.779558,0.777379,0.766359,0.777841,0.765574,0.770705,0.804355,0.791109,0.765369,0.768035,0.792509,0.807630,0.787106,0.833526,0.811390,0.810900,0.776577,0.790794,0.744183,0.787295,0.803435,0.815494,0.796960,0.770181,0.812278,0.802731,0.805642,0.785933,0.817127,0.813541,0.810770,0.817721,0.762307,0.786940,0.789288,0.785722,0.783362,0.778878,0.790883,0.763206,0.824325,0.825295,0.775599,0.739748,0.792440,0.770263,0.824113,0.767887,0.802976,0.781582,0.791843,0.813890,0.789125,0.797043,0.791011,0.801038,0.824412,0.732537,0.797493,0.781001,0.816597,0.807872,0.762552,0.779224,0.811539,0.812082,0.791454,0.818901,0.786404,0.778116,0.793119,0.792621,0.820070,0.797335,0.790370,0.801313,0.744890,0.786705,0.764662,0.796314,0.773670,0.794904,0.784644,0.798886,0.801594,0.798326,0.797449,0.827876,0.802381,0.796829,#
7,0.822436,0.821604,0.825255,0.816163,0.811887,0.838795,0.786929,1.000000,0.868101,0.799234,0.814097,0.808209,0.799622,0.820673,0.827035,0.789554,0.812108,0.825037,0.807395,0.818599,0.822319,0.806132,0.848812,0.821172,0.800909,0.825392,0.818823,0.828067,0.815154,0.829134,0.785208,0.832729,0.806047,0.819675,0.783585,0.825226,0.816954,0.800741,0.831167,0.806487,0.807155,0.796626,0.809636,0.814133,0.811141,0.813737,0.836684,0.836914,0.810124,0.801057,0.841876,0.817630,0.832458,0.842240,0.830750,0.833861,0.804691,0.824271,0.821802,0.825379,0.776891,0.813569,0.813162,0.815601,0.843440,0.829724,0.832968,0.822404,0.827952,0.820021,0.819915,0.776550,0.869410,0.827763,0.825742,0.792732,0.819497,0.808812,0.821252,0.803625,0.847580,0.805960,0.838692,0.804055,0.832813,0.824832,0.847669,0.820713,0.803234,0.799502,0.780419,0.836316,0.826330,0.822877,0.826339,0.789807,0.811941,0.816348,0.834407,0.815295,0.818946,0.797845,0.807033,0.814793,0.786673,0.816735,0.803401,0.835589,0.805099,0.777856,0.847088,0.792369,0.827166,0.821194,0.795683,0.815424,0.800462,0.789753,0.779053,0.816936,0.803210,0.824175,0.802556,0.857807,0.843506,0.802897,0.826575,0.819648,0.776467,0.789103,0.814983,0.818649,0.841073,0.804009,0.850193,0.841251,0.810791,0.826985,0.791151,0.802360,0.806757,0.824571,0.816051,0.799298,0.824261,0.788554,0.805115,0.758873,0.833520,0.825778,0.805395,0.829592,0.819377,0.790016,0.799418,0.838174,0.833189,0.815693,0.830836,0.801867,0.819118,0.793718,0.850897,0.789190,0.797089,0.803458,0.832127,0.776438,0.794913,0.787639,0.849307,0.839817,0.810150,0.818202,0.824755,0.796359,0.802167,0.822975,0.799684,0.816116,0.813352,0.820031,0.800945,0.799080,0.795192,0.830039,0.776616,0.765263,0.814322,0.836235,0.825461,0.816908,0.790928,0.791069,0.805743,0.805170,0.795852,0.846463,0.823905,0.811380,#
8,0.824067,0.836463,0.820232,0.843886,0.791062,0.824327,0.815228,0.868101,1.000000,0.819978,0.796406,0.822020,0.812014,0.832506,0.818616,0.838057,0.791799,0.845449,0.797267,0.842331,0.824053,0.848735,0.828550,0.813857,0.795524,0.826934,0.825988,0.836586,0.821395,0.831630,0.821824,0.841452,0.821114,0.819762,0.791919,0.836518,0.813425,0.822539,0.810928,0.817661,0.806667,0.813408,0.857423,0.796010,0.809960,0.796988,0.825877,0.833567,0.837272,0.824293,0.844697,0.838229,0.801350,0.842327,0.838619,0.858663,0.821009,0.829448,0.820324,0.814474,0.824248,0.810743,0.846711,0.817553,0.855966,0.841522,0.837845,0.841519,0.840824,0.814990,0.822193,0.818981,0.861917,0.847582,0.821249,0.797084,0.819466,0.818808,0.822237,0.819153,0.853655,0.813801,0.825267,0.813702,0.840909,0.837005,0.811965,0.831482,0.793228,0.805856,0.801064,0.822496,0.832891,0.833479,0.825772,0.817395,0.816808,0.808005,0.839908,0.824999,0.839076,0.801149,0.822440,0.847778,0.796645,0.821480,0.827739,0.839620,0.792239,0.799499,0.804872,0.807366,0.821437,0.803317,0.809580,0.841582,0.802270,0.789757,0.800006,0.818539,0.795088,0.826911,0.812934,0.839751,0.808740,0.833386,0.808942,0.814352,0.789177,0.826847,0.793812,0.823348,0.842805,0.824011,0.865728,0.825484,0.813508,0.809562,0.800250,0.819247,0.805219,0.847016,0.839596,0.814904,0.821622,0.782426,0.803758,0.791507,0.829161,0.815827,0.820568,0.833030,0.800470,0.837136,0.825119,0.817142,0.838721,0.830931,0.841797,0.824287,0.808924,0.806857,0.847540,0.823551,0.806066,0.805433,0.815719,0.786999,0.831414,0.811813,0.843391,0.838224,0.807212,0.819319,0.841285,0.812916,0.807175,0.844597,0.801258,0.784999,0.814198,0.836227,0.793218,0.832966,0.822086,0.828486,0.813112,0.786508,0.818763,0.838209,0.834864,0.830415,0.845746,0.811816,0.809578,0.801661,0.794383,0.837495,0.833751,0.833538,#
9,0.786944,0.812354,0.794091,0.807736,0.798092,0.790431,0.777310,0.799234,0.819978,1.000000,0.791452,0.784184,0.801882,0.811129,0.821260,0.822408,0.796392,0.805931,0.812264,0.809487,0.847881,0.804246,0.805005,0.828735,0.773983,0.770283,0.795750,0.839851,0.780031,0.829049,0.799594,0.814077,0.813704,0.808429,0.802475,0.810526,0.785053,0.799516,0.814994,0.794298,0.823903,0.787962,0.797991,0.773912,0.818747,0.787782,0.812356,0.799060,0.790176,0.787801,0.788094,0.795039,0.779406,0.792607,0.813035,0.830115,0.799707,0.836846,0.809163,0.796894,0.798995,0.793603,0.803361,0.796560,0.812417,0.838827,0.824352,0.820897,0.821398,0.770587,0.820379,0.792204,0.820624,0.798992,0.790802,0.793639,0.789157,0.821362,0.811013,0.835219,0.821674,0.804275,0.802202,0.818925,0.828665,0.791726,0.792480,0.847298,0.787728,0.738616,0.770113,0.813729,0.835376,0.806636,0.807673,0.790926,0.802061,0.811898,0.813704,0.786547,0.817409,0.797993,0.834202,0.815340,0.807355,0.802583,0.804039,0.811855,0.813131,0.796982,0.830532,0.804491,0.835893,0.817307,0.765390,0.833795,0.748497,0.778617,0.755636,0.776085,0.778826,0.835839,0.807791,0.822934,0.801332,0.786657,0.798535,0.780226,0.810471,0.798902,0.785797,0.821183,0.811179,0.817677,0.821261,0.771080,0.798400,0.792968,0.768096,0.789004,0.779575,0.838984,0.810732,0.826186,0.799903,0.790052,0.786759,0.780604,0.792877,0.791317,0.792236,0.801326,0.788159,0.790463,0.817816,0.795565,0.810313,0.799364,0.805863,0.799037,0.803490,0.819457,0.813680,0.819916,0.809590,0.794688,0.779617,0.765676,0.826606,0.787175,0.839289,0.828046,0.781144,0.797296,0.823283,0.842994,0.783971,0.835984,0.779454,0.800755,0.805517,0.793963,0.802297,0.779805,0.796342,0.831512,0.746975,0.756726,0.839062,0.788774,0.803625,0.804493,0.793666,0.775940,0.776465,0.770972,0.795535,0.815055,0.787618,0.776046,#
10,0.808166,0.825201,0.807041,0.804580,0.773986,0.797561,0.786769,0.814097,0.796406,0.791452,1.000000,0.799095,0.753744,0.790810,0.769173,0.806648,0.801446,0.789512,0.787627,0.800781,0.811207,0.778306,0.806627,0.831244,0.758373,0.772469,0.802316,0.838738,0.776463,0.820009,0.796880,0.795674,0.809211,0.809992,0.800293,0.817308,0.790510,0.806901,0.805802,0.777902,0.819725,0.765665,0.791506,0.755415,0.802967,0.810431,0.843121,0.804330,0.820453,0.844548,0.780778,0.828162,0.807703,0.771624,0.823373,0.828835,0.797537,0.818273,0.791075,0.802062,0.795776,0.803903,0.825347,0.824227,0.832680,0.774602,0.829647,0.785785,0.807961,0.782548,0.811798,0.818785,0.851141,0.774343,0.787374,0.806018,0.794026,0.815515,0.803768,0.780973,0.859216,0.789742,0.806882,0.789926,0.816622,0.788955,0.806348,0.806133,0.794184,0.813254,0.758880,0.840943,0.838198,0.803549,0.775503,0.811372,0.763889,0.797615,0.825393,0.822679,0.788977,0.787565,0.797673,0.823884,0.826880,0.774620,0.802639,0.803275,0.780230,0.769511,0.792970,0.780460,0.813236,0.801363,0.768476,0.834235,0.772817,0.787948,0.785310,0.780227,0.782054,0.830865,0.760225,0.813144,0.748214,0.781050,0.811265,0.795357,0.797928,0.796489,0.767998,0.799566,0.785994,0.790453,0.831319,0.825707,0.779734,0.793431,0.784963,0.806541,0.825339,0.804297,0.755381,0.793983,0.769650,0.749364,0.776068,0.763158,0.807776,0.790649,0.791991,0.810770,0.793588,0.763647,0.803403,0.780804,0.845504,0.804995,0.792799,0.764566,0.815069,0.778344,0.803625,0.812778,0.805374,0.770579,0.818686,0.750583,0.812977,0.824124,0.810035,0.812594,0.756215,0.789127,0.816852,0.782014,0.777506,0.823497,0.758256,0.800958,0.771555,0.785679,0.809398,0.772926,0.766396,0.804727,0.755354,0.758949,0.763272,0.811546,0.808593,0.777321,0.804712,0.793040,0.803851,0.790368,0.773794,0.828305,0.795625,0.812228,#
11,0.837840,0.825729,0.796744,0.815063,0.825703,0.808101,0.800891,0.808209,0.822020,0.784184,0.799095,1.000000,0.811045,0.816000,0.801564,0.796891,0.806805,0.851710,0.834681,0.802667,0.811434,0.811690,0.815768,0.809338,0.790183,0.801795,0.784983,0.809884,0.811365,0.801991,0.813850,0.828103,0.836314,0.820029,0.778692,0.821135,0.836309,0.828814,0.795211,0.825135,0.810345,0.790192,0.824490,0.784652,0.796713,0.798127,0.864207,0.834227,0.813560,0.829789,0.808032,0.820386,0.832097,0.804748,0.834811,0.830523,0.778254,0.838673,0.806239,0.803978,0.783728,0.786469,0.834750,0.798522,0.839230,0.817495,0.833096,0.832006,0.831630,0.819258,0.825644,0.805446,0.843996,0.819716,0.822684,0.767377,0.837941,0.821830,0.802787,0.763412,0.831699,0.806814,0.841674,0.789118,0.854786,0.818366,0.784154,0.800367,0.787969,0.767424,0.801054,0.840030,0.823727,0.808645,0.797598,0.832411,0.791402,0.795246,0.809493,0.814435,0.787002,0.825175,0.827920,0.815376,0.809949,0.816612,0.803142,0.842689,0.828966,0.787678,0.835705,0.819153,0.827031,0.799278,0.749576,0.825075,0.800374,0.802916,0.772283,0.819664,0.765282,0.827141,0.801390,0.825463,0.805446,0.795521,0.819388,0.794516,0.805880,0.820186,0.816306,0.819698,0.831272,0.818275,0.833863,0.800326,0.807015,0.814649,0.802363,0.810037,0.808476,0.804057,0.794731,0.820961,0.830594,0.775526,0.819409,0.792019,0.807748,0.817409,0.813358,0.814411,0.794968,0.811362,0.845775,0.794512,0.844792,0.787484,0.813910,0.771140,0.808850,0.825829,0.827306,0.796025,0.823294,0.771376,0.829856,0.760250,0.819435,0.839636,0.819497,0.810954,0.820343,0.838908,0.813880,0.807984,0.808275,0.824890,0.782055,0.822091,0.809355,0.797193,0.839224,0.770819,0.817224,0.790709,0.767269,0.808981,0.797429,0.823171,0.822912,0.804489,0.816469,0.814053,0.806732,0.799914,0.793636,0.827679,0.796183,0.797906,#
12,0.792155,0.801890,0.762605,0.800645,0.773921,0.781169,0.799124,0.799622,0.812014,0.801882,0.753744,0.811045,1.000000,0.812263,0.810554,0.787332,0.807882,0.828974,0.814363,0.804902,0.809305,0.775463,0.810130,0.815770,0.770745,0.785760,0.785707,0.809802,0.804613,0.778210,0.782696,0.807645,0.814518,0.809574,0.782494,0.810003,0.791099,0.804477,0.790773,0.803010,0.754275,0.737182,0.794578,0.809135,0.803459,0.790069,0.833923,0.768045,0.799575,0.783290,0.841114,0.773644,0.786865,0.803628,0.832290,0.818041,0.780432,0.813601,0.785089,0.776151,0.762919,0.810155,0.774692,0.794481,0.834333,0.816805,0.797313,0.776555,0.818053,0.794954,0.804562,0.782712,0.834538,0.797030,0.820341,0.788965,0.812221,0.783487,0.802676,0.798542,0.822840,0.782832,0.806968,0.814860,0.780517,0.810297,0.774443,0.809819,0.795620,0.750838,0.771548,0.791195,0.813053,0.766198,0.768700,0.809796,0.842630,0.798284,0.780307,0.789607,0.753282,0.809205,0.813104,0.838749,0.752951,0.780396,0.779281,0.783357,0.797923,0.774880,0.810750,0.777083,0.789096,0.767394,0.814861,0.800280,0.781330,0.754489,0.782884,0.766976,0.768078,0.816897,0.787735,0.837774,0.803793,0.791537,0.792944,0.740478,0.750281,0.788130,0.765255,0.788209,0.773136,0.792202,0.802994,0.782178,0.784935,0.797544,0.790837,0.758484,0.804016,0.829344,0.789824,0.796891,0.778998,0.768573,0.783551,0.753873,0.804414,0.828071,0.790519,0.804227,0.793388,0.743664,0.789694,0.833170,0.825544,0.798534,0.809504,0.775364,0.787537,0.820506,0.816098,0.794955,0.831453,0.743279,0.795815,0.794870,0.759755,0.767836,0.817308,0.815455,0.784498,0.797057,0.787825,0.770332,0.818508,0.829169,0.772376,0.746634,0.784303,0.813606,0.796038,0.758439,0.745836,0.791667,0.753809,0.803855,0.790987,0.775803,0.773192,0.780361,0.772856,0.790488,0.763258,0.792466,0.777606,0.812712,0.807288,0.747500,#
13,0.812796,0.798760,0.814262,0.812286,0.823500,0.795690,0.828788,0.820673,0.832506,0.811129,0.790810,0.816000,0.812263,1.000000,0.795266,0.794975,0.796119,0.851671,0.828860,0.813927,0.836942,0.806950,0.831855,0.816351,0.785001,0.799018,0.791910,0.842835,0.818522,0.847258,0.787187,0.813710,0.848371,0.834698,0.760886,0.803705,0.801032,0.833139,0.809793,0.828002,0.846483,0.804741,0.836428,0.796226,0.844965,0.812896,0.831783,0.819114,0.843758,0.812133,0.826720,0.847287,0.814889,0.815131,0.845594,0.855872,0.812009,0.838956,0.824835,0.814851,0.809463,0.816829,0.808987,0.822851,0.856124,0.824758,0.835668,0.819414,0.833110,0.802493,0.801275,0.811383,0.819085,0.837938,0.822013,0.802613,0.815924,0.819624,0.841151,0.829987,0.838035,0.814863,0.852480,0.813338,0.820356,0.833602,0.799234,0.797670,0.832953,0.796305,0.784144,0.825588,0.837632,0.820411,0.826636,0.792063,0.802999,0.804424,0.817439,0.843805,0.819575,0.815446,0.825935,0.849706,0.804256,0.841832,0.814992,0.832290,0.817060,0.781964,0.824295,0.817314,0.832610,0.820251,0.813312,0.835505,0.774950,0.832500,0.809729,0.819410,0.808690,0.834487,0.794958,0.801223,0.803548,0.780559,0.816788,0.780533,0.794566,0.816182,0.800858,0.822402,0.809128,0.814070,0.850552,0.803666,0.812268,0.815579,0.833313,0.801862,0.785750,0.858668,0.840052,0.815346,0.787030,0.794800,0.828181,0.786371,0.828727,0.815602,0.812443,0.843494,0.798258,0.804495,0.816746,0.815468,0.833678,0.805793,0.838939,0.795998,0.825340,0.834179,0.820169,0.826269,0.817064,0.806562,0.823028,0.783548,0.831694,0.801774,0.833558,0.843310,0.831832,0.824269,0.855236,0.822383,0.820843,0.867959,0.817557,0.794904,0.798041,0.834055,0.835261,0.799140,0.829063,0.829086,0.786840,0.801528,0.773606,0.804202,0.821095,0.808395,0.822459,0.835468,0.825029,0.792287,0.810812,0.826852,0.817302,0.785501,#
14,0.823588,0.802742,0.796910,0.805650,0.782489,0.799122,0.753340,0.827035,0.818616,0.821260,0.769173,0.801564,0.810554,0.795266,1.000000,0.814625,0.793369,0.793843,0.795552,0.809211,0.808501,0.792547,0.809299,0.832931,0.777798,0.743165,0.803843,0.807566,0.799130,0.806794,0.808655,0.806097,0.799173,0.788935,0.807737,0.806367,0.766268,0.808029,0.815206,0.776424,0.777881,0.757972,0.808364,0.791344,0.795516,0.792559,0.807282,0.781815,0.758752,0.786381,0.791305,0.792174,0.782042,0.839939,0.813312,0.808496,0.785484,0.806583,0.807809,0.777330,0.780097,0.821131,0.804605,0.809797,0.808805,0.777490,0.800902,0.800303,0.793449,0.804959,0.783889,0.766352,0.829451,0.802429,0.818632,0.766681,0.821143,0.810051,0.794284,0.773554,0.822621,0.798901,0.826439,0.814634,0.807819,0.809262,0.783236,0.809013,0.799801,0.727917,0.742715,0.784924,0.828026,0.826664,0.806778,0.806292,0.833009,0.787965,0.808027,0.773932,0.806375,0.799376,0.819537,0.777824,0.798955,0.789627,0.778876,0.782854,0.782541,0.762317,0.817430,0.789663,0.803880,0.789619,0.762531,0.809177,0.770255,0.738757,0.770843,0.767988,0.797246,0.829344,0.788458,0.810195,0.807230,0.745571,0.795801,0.817436,0.749159,0.806419,0.766740,0.808601,0.788282,0.798008,0.823816,0.798293,0.783993,0.798462,0.776683,0.766790,0.777482,0.819768,0.766788,0.807909,0.770451,0.812350,0.803411,0.750578,0.802496,0.772401,0.801703,0.795775,0.764426,0.776623,0.818047,0.803385,0.820322,0.791105,0.772838,0.777237,0.794681,0.790116,0.811933,0.785931,0.784798,0.769651,0.787390,0.751980,0.778534,0.817955,0.793942,0.789886,0.807677,0.817919,0.808868,0.807854,0.795976,0.808988,0.778367,0.759376,0.799971,0.830871,0.791915,0.769649,0.785736,0.784681,0.770366,0.741415,0.768940,0.779051,0.769816,0.774884,0.807038,0.808610,0.779349,0.775384,0.776533,0.789656,0.779849,0.737553,#
15,0.827310,0.813196,0.796269,0.826215,0.807365,0.825769,0.806702,0.789554,0.838057,0.822408,0.806648,0.796891,0.787332,0.794975,0.814625,1.000000,0.800975,0.833476,0.809297,0.810399,0.805588,0.815662,0.807093,0.822892,0.790918,0.784370,0.793124,0.803372,0.798605,0.822968,0.818399,0.841635,0.824873,0.832365,0.776917,0.844831,0.813114,0.816669,0.820093,0.783836,0.789883,0.774647,0.811218,0.791573,0.835036,0.792650,0.824284,0.832322,0.831373,0.823073,0.788052,0.842269,0.792023,0.790307,0.834901,0.818420,0.816438,0.811274,0.812640,0.790880,0.821035,0.809878,0.800044,0.834148,0.823105,0.823559,0.810036,0.814649,0.794110,0.763957,0.817635,0.793461,0.808293,0.798225,0.810195,0.780770,0.818583,0.809464,0.812817,0.800570,0.845034,0.794314,0.799430,0.819308,0.843336,0.822087,0.784578,0.838864,0.789310,0.770126,0.768132,0.792736,0.823633,0.812196,0.773610,0.801888,0.800434,0.789552,0.795137,0.805482,0.837602,0.797928,0.831276,0.836153,0.795093,0.792471,0.811649,0.830990,0.780886,0.801442,0.777779,0.774454,0.806293,0.805412,0.761337,0.801225,0.780710,0.790144,0.781176,0.794423,0.777168,0.816971,0.796062,0.824698,0.791675,0.806807,0.818800,0.799654,0.791985,0.844585,0.774868,0.794092,0.783991,0.780425,0.824311,0.796374,0.794329,0.776442,0.776720,0.792482,0.798963,0.808069,0.786487,0.806385,0.803993,0.779528,0.772962,0.777932,0.805106,0.789146,0.825363,0.804114,0.813451,0.787837,0.808325,0.784926,0.858802,0.801442,0.806646,0.801934,0.790714,0.822610,0.837246,0.779345,0.799836,0.794807,0.808195,0.789618,0.844100,0.778781,0.794213,0.832524,0.751615,0.824079,0.806225,0.838003,0.811284,0.824187,0.786717,0.791636,0.802163,0.813319,0.790806,0.817840,0.795827,0.801124,0.745797,0.772781,0.761803,0.798244,0.774099,0.808971,0.812332,0.794807,0.780836,0.794334,0.814118,0.824742,0.817552,0.808990,#
16,0.840904,0.803583,0.782551,0.801367,0.808470,0.810492,0.803306,0.812108,0.791799,0.796392,0.801446,0.806805,0.807882,0.796119,0.793369,0.800975,1.000000,0.825164,0.806904,0.819181,0.868600,0.802625,0.772253,0.823800,0.783051,0.805351,0.822846,0.772648,0.783125,0.811750,0.798766,0.835045,0.836669,0.806690,0.783021,0.816109,0.830592,0.807071,0.805372,0.812383,0.791956,0.780686,0.805492,0.796426,0.799806,0.810372,0.810157,0.799526,0.811723,0.822510,0.788555,0.803161,0.823945,0.838520,0.838284,0.837974,0.750033,0.821632,0.805326,0.762825,0.793732,0.825319,0.790987,0.793644,0.807243,0.784276,0.823355,0.817056,0.830073,0.830072,0.796508,0.789426,0.841836,0.802132,0.800450,0.768984,0.796994,0.811892,0.798205,0.814153,0.846459,0.804511,0.822585,0.823924,0.827854,0.819843,0.819630,0.793628,0.815598,0.794627,0.760082,0.800623,0.828491,0.798034,0.811581,0.824971,0.805456,0.789081,0.835038,0.811503,0.795306,0.797081,0.803658,0.834312,0.771041,0.830181,0.827311,0.812147,0.826635,0.783583,0.824594,0.807164,0.818268,0.800403,0.803291,0.837239,0.833227,0.811729,0.772542,0.741071,0.784547,0.828926,0.812536,0.833259,0.819647,0.800274,0.800855,0.762231,0.787328,0.798462,0.823910,0.800010,0.802099,0.773823,0.841548,0.829551,0.796152,0.782458,0.777019,0.797065,0.798332,0.815950,0.806197,0.807520,0.774910,0.762544,0.815783,0.780725,0.811725,0.822007,0.770353,0.839591,0.759076,0.770255,0.841020,0.814822,0.828629,0.793470,0.801367,0.796673,0.787965,0.807267,0.836294,0.785137,0.812055,0.794849,0.815241,0.787993,0.808423,0.785134,0.815225,0.830072,0.799418,0.798854,0.801930,0.809359,0.779829,0.845328,0.804513,0.785506,0.778860,0.795439,0.800764,0.769173,0.792704,0.816022,0.787116,0.810106,0.793504,0.796011,0.821831,0.793868,0.808455,0.795652,0.787936,0.812833,0.803724,0.818799,0.794378,0.795438,#
17,0.859594,0.813769,0.812999,0.819285,0.828526,0.829561,0.834878,0.825037,0.845449,0.805931,0.789512,0.851710,0.828974,0.851671,0.793843,0.833476,0.825164,1.000000,0.814186,0.832643,0.835309,0.824248,0.828463,0.836079,0.819924,0.828612,0.833432,0.824820,0.804370,0.844586,0.826638,0.844882,0.823561,0.808275,0.793565,0.853848,0.806012,0.838083,0.834202,0.840392,0.832994,0.818642,0.841811,0.811877,0.814490,0.813903,0.834309,0.869513,0.839390,0.830120,0.832359,0.820960,0.837147,0.814144,0.844367,0.846151,0.807360,0.818804,0.822301,0.790891,0.804357,0.818823,0.805313,0.831640,0.848015,0.858565,0.860022,0.845343,0.810024,0.807547,0.817876,0.826749,0.827849,0.818918,0.819440,0.781510,0.838302,0.829249,0.829996,0.828510,0.850654,0.819520,0.844557,0.822106,0.828189,0.830337,0.839712,0.833030,0.812954,0.797412,0.796347,0.797613,0.849319,0.826016,0.815865,0.857811,0.826594,0.790362,0.803130,0.828670,0.840264,0.787394,0.818559,0.842986,0.786537,0.811536,0.826232,0.837082,0.807292,0.804996,0.829864,0.797720,0.807552,0.824319,0.816709,0.808153,0.782416,0.812137,0.791636,0.803326,0.814536,0.844287,0.828397,0.834932,0.817779,0.823476,0.823508,0.793561,0.789032,0.819100,0.839281,0.849849,0.843217,0.803095,0.829744,0.832658,0.833463,0.825571,0.826587,0.843036,0.827336,0.849092,0.849067,0.834680,0.839312,0.793554,0.816159,0.803914,0.839234,0.799480,0.835541,0.824032,0.804036,0.797896,0.839221,0.845933,0.879872,0.818555,0.837923,0.792574,0.813161,0.835998,0.856977,0.814749,0.826560,0.803176,0.801071,0.774976,0.846162,0.793424,0.851576,0.820633,0.825813,0.822540,0.854832,0.809212,0.826318,0.846899,0.801620,0.836963,0.828578,0.855902,0.822619,0.831945,0.830451,0.820099,0.796442,0.845629,0.785449,0.807812,0.827558,0.831008,0.835254,0.842902,0.830703,0.839891,0.798951,0.862528,0.811315,0.795553,#
18,0.828571,0.802725,0.783103,0.834375,0.801038,0.780721,0.798603,0.807395,0.797267,0.812264,0.787627,0.834681,0.814363,0.828860,0.795552,0.809297,0.806904,0.814186,1.000000,0.823466,0.805766,0.816595,0.823062,0.796876,0.774880,0.811806,0.793395,0.824250,0.796976,0.817511,0.769158,0.833966,0.827613,0.819607,0.805104,0.832988,0.799801,0.807377,0.797249,0.830339,0.810401,0.755504,0.815235,0.779392,0.829502,0.783828,0.815292,0.803778,0.788616,0.798946,0.788230,0.793474,0.828563,0.784491,0.832644,0.828425,0.788087,0.822485,0.796175,0.823602,0.799214,0.782394,0.816442,0.788366,0.847159,0.784881,0.815645,0.790549,0.751250,0.803635,0.811450,0.765948,0.826102,0.789498,0.835544,0.766006,0.839809,0.794643,0.815943,0.800579,0.818737,0.784300,0.826360,0.807072,0.824202,0.814970,0.798496,0.808870,0.805833,0.760558,0.794104,0.788006,0.823498,0.798729,0.813702,0.800122,0.813083,0.803310,0.810417,0.817436,0.814736,0.794069,0.813729,0.829086,0.809668,0.813675,0.795393,0.796993,0.799265,0.769203,0.847418,0.759392,0.830560,0.810870,0.753771,0.800488,0.781084,0.773146,0.777295,0.778480,0.799999,0.839942,0.790916,0.797485,0.799926,0.763214,0.808277,0.787790,0.811805,0.788271,0.773134,0.824135,0.797562,0.802703,0.819156,0.814465,0.812705,0.810453,0.766946,0.801607,0.775824,0.845194,0.798592,0.843701,0.790871,0.797966,0.799711,0.760362,0.810311,0.795206,0.786858,0.823404,0.801573,0.775511,0.810567,0.818480,0.828844,0.818654,0.801185,0.790367,0.819976,0.817811,0.843325,0.799966,0.799762,0.800420,0.848917,0.763507,0.798934,0.806661,0.795343,0.827154,0.816977,0.822179,0.789992,0.814120,0.807295,0.840039,0.789098,0.805322,0.788514,0.812903,0.801762,0.786181,0.803131,0.807519,0.794669,0.769356,0.771422,0.800833,0.814616,0.805038,0.783247,0.837752,0.807580,0.799202,0.771846,0.829926,0.803804,0.776502,#
19,0.827665,0.827582,0.817016,0.808410,0.847616,0.853373,0.782495,0.818599,0.842331,0.809487,0.800781,0.802667,0.804902,0.813927,0.809211,0.810399,0.819181,0.832643,0.823466,1.000000,0.829093,0.798875,0.810619,0.820369,0.796422,0.779175,0.821643,0.801466,0.803266,0.830487,0.834008,0.839774,0.816000,0.798150,0.769232,0.838910,0.796353,0.791409,0.821179,0.814574,0.821003,0.771122,0.816024,0.794836,0.797381,0.813109,0.859402,0.811695,0.823745,0.791165,0.792780,0.808452,0.814546,0.815812,0.827795,0.828019,0.821487,0.811583,0.814406,0.781993,0.798406,0.818431,0.842563,0.815723,0.840921,0.805447,0.817051,0.804098,0.793022,0.798615,0.818383,0.789793,0.840459,0.815503,0.805041,0.778133,0.805745,0.808459,0.831143,0.804589,0.837597,0.781038,0.853356,0.791821,0.808309,0.816492,0.806470,0.840608,0.829976,0.744537,0.781935,0.802538,0.835859,0.821912,0.796343,0.812744,0.822006,0.809148,0.805477,0.819661,0.820699,0.794905,0.812128,0.823852,0.802751,0.816686,0.821755,0.815295,0.795108,0.755602,0.799221,0.787306,0.813299,0.814571,0.796554,0.810377,0.820198,0.805253,0.784871,0.739946,0.789220,0.846803,0.795955,0.842368,0.823953,0.787713,0.820495,0.789452,0.828029,0.846266,0.811702,0.831834,0.812018,0.820409,0.850897,0.816214,0.808190,0.810870,0.776879,0.780630,0.785151,0.824150,0.806221,0.808521,0.790664,0.776154,0.783816,0.756934,0.831404,0.815478,0.802674,0.851022,0.794821,0.781148,0.834006,0.811241,0.850423,0.811924,0.820207,0.808364,0.816604,0.814157,0.827621,0.783973,0.821330,0.792945,0.789929,0.804144,0.819223,0.798108,0.819437,0.838946,0.828519,0.813916,0.825179,0.791678,0.813711,0.854514,0.804005,0.772281,0.767761,0.834957,0.824280,0.827421,0.821922,0.794126,0.768908,0.798175,0.806631,0.814476,0.826342,0.818136,0.799186,0.829352,0.804673,0.814099,0.767955,0.811731,0.813262,0.794335,#
20,0.825255,0.817782,0.809414,0.809123,0.835113,0.817413,0.835990,0.822319,0.824053,0.847881,0.811207,0.811434,0.809305,0.836942,0.808501,0.805588,0.868600,0.835309,0.805766,0.829093,1.000000,0.826443,0.790757,0.838547,0.797177,0.828974,0.831147,0.818919,0.798052,0.835915,0.815579,0.827023,0.821891,0.845853,0.820601,0.842689,0.833790,0.815741,0.843528,0.835492,0.820159,0.834130,0.811887,0.819921,0.835124,0.813869,0.848099,0.806947,0.804548,0.811119,0.814884,0.838912,0.814270,0.842764,0.844049,0.853341,0.801192,0.843736,0.822310,0.803146,0.826698,0.814553,0.841202,0.806992,0.847933,0.819959,0.849317,0.819164,0.824688,0.817487,0.835731,0.824217,0.823437,0.823868,0.810135,0.762908,0.794200,0.829266,0.827256,0.840264,0.856687,0.839589,0.840487,0.822308,0.813099,0.826447,0.836855,0.824468,0.827872,0.809950,0.807583,0.830166,0.840745,0.841922,0.843011,0.799470,0.799255,0.803153,0.831449,0.821239,0.840219,0.815745,0.842147,0.839749,0.817759,0.798363,0.837766,0.835750,0.811359,0.826832,0.834190,0.830712,0.813756,0.791032,0.816889,0.824021,0.827686,0.841512,0.770846,0.786453,0.826994,0.849841,0.810007,0.858275,0.808714,0.814791,0.795550,0.788663,0.821476,0.830482,0.835526,0.820436,0.839412,0.838441,0.845116,0.802797,0.792681,0.818039,0.816177,0.827464,0.802930,0.824737,0.819225,0.830456,0.822804,0.785933,0.814393,0.797270,0.812684,0.852846,0.829891,0.844102,0.804055,0.811151,0.841646,0.820485,0.830736,0.817421,0.834339,0.814945,0.810271,0.836372,0.826883,0.816852,0.841883,0.760759,0.801633,0.785220,0.822123,0.804035,0.831860,0.827852,0.831750,0.815487,0.817913,0.810766,0.799630,0.854998,0.817072,0.815194,0.798897,0.818035,0.818375,0.791120,0.803556,0.832359,0.785091,0.819047,0.800378,0.822766,0.791937,0.798288,0.821430,0.846850,0.813101,0.794887,0.814040,0.834318,0.828786,0.815651,#
21,0.800063,0.845530,0.806194,0.844119,0.815688,0.809570,0.792838,0.806132,0.848735,0.804246,0.778306,0.811690,0.775463,0.806950,0.792547,0.815662,0.802625,0.824248,0.816595,0.798875,0.826443,1.000000,0.810402,0.821914,0.761222,0.788791,0.819822,0.794988,0.812756,0.803864,0.812609,0.803707,0.835425,0.830017,0.812853,0.842431,0.815189,0.816369,0.821343,0.796838,0.798861,0.823925,0.804428,0.788629,0.816454,0.807065,0.816456,0.815151,0.809633,0.797497,0.798869,0.824361,0.794736,0.791933,0.846886,0.834038,0.807383,0.812162,0.832296,0.776784,0.807778,0.800139,0.786516,0.780919,0.853346,0.812033,0.825076,0.820485,0.800526,0.810669,0.818543,0.819077,0.841668,0.829927,0.842563,0.784580,0.795556,0.813100,0.817135,0.829952,0.823150,0.791048,0.834044,0.796208,0.846228,0.816881,0.793435,0.822427,0.818938,0.807476,0.760395,0.782064,0.832594,0.812320,0.821980,0.810615,0.818362,0.777485,0.790676,0.822661,0.817438,0.812204,0.796493,0.824202,0.776702,0.834479,0.792553,0.806081,0.791236,0.812507,0.835074,0.783578,0.811952,0.818843,0.756059,0.794578,0.815588,0.817508,0.768486,0.789649,0.793780,0.832188,0.804399,0.818082,0.808587,0.767658,0.807796,0.811599,0.789481,0.823740,0.820489,0.840653,0.827651,0.798851,0.842599,0.796375,0.776083,0.770231,0.786162,0.810531,0.822117,0.836462,0.797891,0.824094,0.809063,0.796106,0.801011,0.774916,0.810712,0.811030,0.830415,0.820085,0.793384,0.814785,0.825566,0.819901,0.832045,0.794922,0.796361,0.803452,0.809707,0.833586,0.831791,0.830990,0.832762,0.774074,0.818224,0.779131,0.785881,0.802640,0.817922,0.811346,0.793731,0.791956,0.808665,0.819135,0.759969,0.838117,0.785622,0.794198,0.786185,0.832899,0.787124,0.807516,0.804675,0.836746,0.782328,0.762901,0.771509,0.822279,0.814187,0.780592,0.800393,0.823693,0.819950,0.786756,0.810884,0.827544,0.782337,0.797273,#
