0,1.000000,0.153223,0.241766,0.197910,0.271567,0.153315,0.133393,0.104641,0.240831,0.197661,0.268834,0.089897,0.106575,0.066230,0.268030,0.270486,0.271065,0.326875,0.272265,0.349222,0.219871,0.157627,0.236068,0.430742,0.198549,0.191761,0.265633,0.086194,0.209498,0.323066,0.069816,0.257218,0.199677,0.202557,0.198892,0.201341,0.128177,0.152024,0.307327,0.227224,0.168963,0.116394,0.260706,0.148236,0.058761,0.146546,0.123462,0.273669,0.214589,0.285062,0.138751,0.154633,0.143127,0.247183,0.263220,0.246134,0.246920,0.235157,0.153677,0.152398,0.284433,0.182531,0.231923,0.157856,0.137637,0.184535,0.186318,0.229770,0.212537,0.246793,0.178073,0.122178,0.353750,0.276123,0.163386,-0.002889,0.290188,0.261206,0.135249,0.113640,0.151745,0.138259,0.175235,0.200846,0.359267,0.112257,0.285367,0.258989,0.280230,0.152501,0.194632,0.081495,0.232535,0.165808,0.255032,0.274215,0.276864,0.128587,0.231054,0.271071,0.279577,0.187824,0.114852,0.279798,0.152583,0.194957,0.317026,0.212324,0.204720,0.001546,0.064984,0.189700,0.151755,0.258782,0.160334,0.181040,0.220240,0.118540,0.156088,0.121955,0.288305,0.206373,0.274293,0.212651,0.259429,0.319635,0.225303,0.086653,0.122937,0.247643,0.239353,0.155540,0.253591,0.147440,0.218434,0.196589,0.307744,0.112302,0.063566,0.266560,0.317608,0.198348,0.119681,0.177525,0.183749,0.126704,0.153338,0.160608,0.302488,0.116231,-0.009717,0.167660,0.261135,0.095736,0.201655,0.215929,0.187084,0.185033,0.232133,0.235049,0.254952,0.332354,0.161144,0.070888,0.145064,0.246962,0.169116,0.215531,0.209498,0.166855,0.255372,0.042881,0.267928,0.192760,0.093375,0.285257,0.365030,0.230945,0.198762,0.107869,0.187534,0.278246,0.134497,0.103440,0.138595,0.118814,0.228790,0.333880,0.276818,0.096268,0.128643,0.269083,0.114082,0.145148,0.314510,0.139867,0.131447,0.191988,0.341365,0.243867,#
1,0.153223,1.000000,0.192695,0.212645,0.193314,0.213322,0.245803,0.220320,0.334012,0.145598,0.352641,0.304196,0.176202,0.108639,0.080749,0.094455,0.185248,0.246651,0.107873,0.233848,0.107810,0.219073,0.124713,0.195223,0.259320,0.228694,0.188947,0.267052,0.012552,0.231005,0.257094,0.203776,0.137164,0.246805,0.067534,0.172048,0.188655,0.107441,0.333005,0.190664,0.134694,0.105052,0.315824,0.182463,0.149884,0.197134,0.379150,0.212577,0.190778,0.106417,0.215216,0.251669,0.286846,0.201948,0.128777,0.225418,0.182732,0.136250,0.189512,0.181440,0.153829,0.171889,0.249257,0.105265,0.155672,0.305684,0.200742,0.288114,0.249146,0.301832,0.195996,0.231636,0.371043,0.125670,0.265616,0.175297,0.187194,0.221031,0.332401,0.091989,0.186767,0.297708,0.162249,0.210965,0.318214,0.002618,0.268489,0.248469,0.228580,0.175069,0.209980,0.204124,0.115604,0.193629,0.177355,0.261787,0.120766,0.098876,0.139177,0.129353,0.260685,0.092864,0.126763,0.189687,0.085316,0.220000,0.283054,0.311772,0.195063,0.170061,0.181172,0.226977,0.138013,0.187794,0.249256,0.356116,0.206522,0.157462,0.152653,0.132355,0.086615,0.231752,0.290712,0.249161,0.247489,0.202452,0.162862,0.203218,0.229312,0.259022,0.135651,0.255204,0.220772,0.244973,0.321708,0.337237,0.275778,0.324276,0.182273,0.286231,0.229393,0.128801,0.223375,0.202918,0.310764,0.151703,0.095523,0.153158,0.253047,0.102863,0.185711,0.184461,0.093029,0.020399,0.357461,0.242149,0.132853,0.162015,0.054893,0.081437,0.088197,0.333552,0.217945,0.237254,0.246956,0.133433,0.143522,0.065567,0.182484,0.312702,0.204308,0.211546,0.167017,0.169426,0.194435,0.239843,0.136736,0.260573,0.222637,0.129167,0.173236,0.116931,0.253261,0.131055,0.227486,0.202865,0.118831,0.057624,0.281032,0.266260,0.277222,0.264277,0.048476,0.162744,0.186388,0.161612,0.076588,0.304577,0.127076,0.288891,#
2,0.241766,0.192695,1.000000,0.262970,0.303933,0.119958,0.260730,0.266752,0.189900,0.196028,0.330754,0.335545,0.153341,0.338532,0.095098,0.254504,0.139991,0.132918,0.217646,0.262515,0.313819,0.292043,0.080102,0.187489,0.207937,0.309774,0.292916,0.172249,0.082134,0.318892,0.131635,0.113935,0.185856,0.176916,0.180447,0.231649,0.161692,0.120235,0.200590,0.123620,0.246815,0.180930,0.291607,0.075656,0.150146,0.249072,0.208037,0.183375,0.085010,0.187401,0.205209,0.332114,0.262257,0.189235,0.140863,0.219705,0.201662,0.112793,0.224581,0.241161,0.266983,0.172310,0.197423,0.205239,0.285438,0.256392,0.175654,0.106150,0.254723,0.278255,0.165413,0.178368,0.181224,0.239655,0.296319,0.156720,0.235816,0.218676,0.194298,0.165963,0.296804,0.125758,0.155554,0.057527,0.283904,0.098991,0.325647,0.264197,0.158891,0.134515,0.105418,0.252902,0.263993,0.197291,0.206309,0.257601,0.256817,0.154151,0.222574,0.175877,0.305715,0.174911,0.128215,0.279797,0.139562,0.237235,0.291936,0.243897,0.199463,0.211895,0.195114,0.225305,0.251222,0.210758,0.183436,0.296811,0.200979,0.175485,-0.005798,0.112343,0.178656,0.191389,0.140544,0.204052,0.232295,0.136840,0.270419,0.203149,0.193975,0.220869,0.129402,0.244597,0.212325,0.187682,0.349663,0.248554,0.261370,0.240279,0.087748,0.122636,0.165769,0.179877,0.208658,0.182343,0.356533,0.181220,0.053319,0.155962,0.285403,0.121883,0.149938,0.316114,0.274272,0.214896,0.149716,0.160813,0.111660,0.066563,0.218638,0.224379,0.141752,0.323773,0.255144,0.304532,0.188523,0.251047,0.169128,0.119001,0.080342,0.150577,0.123726,0.312616,0.170187,0.104092,0.207893,0.180044,0.275053,0.243309,0.069442,0.161565,0.248157,0.202390,0.109157,0.315026,0.075188,0.190323,0.154984,0.093453,0.229857,0.092847,0.128064,0.248587,0.321143,0.140040,0.211242,0.111226,0.020532,0.211421,0.303648,0.250700,#
3,0.197910,0.212645,0.262970,1.000000,0.282227,0.162095,0.270534,0.205047,0.357912,0.190250,0.290940,0.312984,0.144241,0.219994,0.182941,0.198044,0.229648,0.314905,0.265653,0.255598,0.291946,0.266738,0.210462,0.377391,0.247232,0.266924,0.271429,0.187125,0.207691,0.332412,0.286244,0.288289,0.381111,0.317946,0.088189,0.282783,0.335480,0.335353,0.402637,0.183519,0.234863,0.350259,0.269873,0.337715,0.146312,0.224197,0.208013,0.260910,0.086517,0.240445,0.233796,0.247302,0.299827,0.182826,0.173175,0.337678,0.248106,0.249045,0.195006,0.252844,0.240752,0.112603,0.260951,0.172780,0.367023,0.233222,0.257634,0.176925,0.098186,0.370882,0.216721,0.185829,0.345663,0.174046,0.283143,0.271857,0.272221,0.222857,0.248328,0.103686,0.316414,0.307299,0.250946,0.134167,0.361965,0.122521,0.267417,0.215708,0.290990,0.267239,0.310023,0.208498,0.260573,0.293164,0.238723,0.312065,0.274393,0.122645,0.265857,0.201231,0.334260,0.103071,0.209696,0.249805,0.341180,0.182585,0.339371,0.277503,0.157366,0.185078,0.184513,0.179160,0.242257,0.241977,0.167522,0.229552,0.230119,0.189400,0.136473,0.154914,0.264622,0.246064,0.244163,0.332095,0.234208,0.192095,0.308876,0.285524,0.169515,0.270057,0.294647,0.315046,0.314058,0.291681,0.294534,0.350743,0.185885,0.228919,0.234152,0.240393,0.190167,0.343791,0.302158,0.171831,0.237806,0.184889,0.242552,0.385905,0.221701,0.249670,0.121297,0.159441,0.162934,0.253298,0.326354,0.165931,0.100694,0.169937,0.309629,0.294842,0.243555,0.309371,0.304097,0.291128,0.226215,0.223620,0.231355,0.219415,0.135042,0.221799,0.263401,0.131803,0.187913,0.125824,0.186375,0.334922,0.254591,0.317689,0.124165,0.225871,0.194842,0.312861,0.303352,0.185020,0.068362,0.134687,0.158333,0.175225,0.191039,0.181933,0.198752,0.288263,0.332394,0.194132,0.221246,0.244822,0.266380,0.268699,0.222406,0.186081,#
4,0.271567,0.193314,0.303933,0.282227,1.000000,0.261355,0.157255,0.210139,0.320575,0.176203,0.152490,0.227960,0.228562,0.252734,0.175520,0.238666,0.202632,0.274992,0.251956,0.398886,0.393047,0.195287,0.239794,0.366687,0.188888,0.346170,0.164915,0.112547,0.220068,0.166872,0.137175,0.227003,0.266480,0.231664,0.138273,0.259470,0.352313,0.172015,0.288091,0.191575,0.286364,0.320115,0.260911,0.152908,0.366718,0.239184,0.390632,0.243788,0.185870,0.204634,0.117733,0.235360,0.235102,0.302690,0.327726,0.350859,0.222944,0.224297,0.293656,0.227473,0.322402,0.297910,0.144042,0.043877,0.200162,0.172612,0.233952,0.222929,0.160056,0.265452,0.245904,0.243719,0.326789,0.219141,0.241990,0.061245,0.179755,0.314339,0.260205,0.167342,0.311909,0.293334,0.142824,0.094925,0.437528,0.123062,0.272805,0.264735,0.312913,0.242441,0.276790,0.105815,0.225919,0.188951,0.263812,0.294400,0.220195,0.201277,0.202487,0.221902,0.265303,0.117416,0.226460,0.309655,0.204888,0.246425,0.168842,0.289645,0.174114,0.268783,0.310352,0.258032,0.295439,0.410903,0.193921,0.130094,0.223530,0.136186,0.064653,0.090000,0.166320,0.242965,0.230067,0.190227,0.344373,0.090830,0.314758,0.189154,0.257491,0.229798,0.271040,0.152189,0.329648,0.257162,0.336868,0.328995,0.246264,0.082094,0.199514,0.180631,0.265452,0.120968,0.293766,0.194443,0.311004,0.280337,0.177428,0.233521,0.238138,0.230079,0.155661,0.190072,0.293920,0.364872,0.333267,0.158179,0.279596,0.159161,0.172464,0.255058,0.262596,0.228676,0.189682,0.182836,0.050612,0.284269,0.115258,0.153132,0.118070,0.198543,0.123023,0.190807,0.340600,0.197798,0.278716,0.297424,0.293499,0.322517,0.166881,0.190905,0.119033,0.117967,0.279912,0.209535,0.134091,0.204101,0.042547,0.277121,0.256792,0.261587,0.098398,0.233328,0.160533,0.182157,0.176174,0.283636,0.194583,0.304892,0.269739,0.363168,#
5,0.153315,0.213322,0.119958,0.162095,0.261355,1.000000,0.144364,0.236584,0.287142,0.276346,0.259259,0.123041,0.246176,0.150616,0.171903,0.152561,0.214080,0.228064,0.083664,0.218994,0.235201,0.089821,0.219287,0.283814,0.240174,0.184742,0.245306,0.219165,0.242761,0.239304,0.198418,0.275383,0.328538,0.226566,0.030057,0.153128,0.254628,0.039725,0.225972,0.193591,0.209408,0.205685,0.124916,0.304904,0.117096,0.183530,0.240940,0.083997,0.180713,0.184785,0.159380,0.214462,0.147378,0.109346,0.106238,0.263468,0.096552,0.079695,0.364415,0.157014,0.188638,0.175355,0.203380,0.081029,0.272185,0.249702,0.208405,0.177533,0.227942,0.099544,0.181916,0.166715,0.287184,0.248614,0.192079,0.154842,0.220401,0.226483,0.231787,0.220156,0.152827,0.207103,0.264651,0.039215,0.140034,0.137749,0.149636,0.213932,0.240741,0.064466,0.057156,0.246123,0.279535,0.289316,0.152267,0.237752,0.120416,0.182546,0.240803,0.115593,0.207821,0.179735,0.058911,0.214145,0.117415,0.206406,0.196242,0.285414,0.153962,0.135485,0.215029,0.225090,0.174891,0.174513,0.194875,0.132486,0.231866,0.184827,0.024474,0.081921,0.065393,0.225913,0.115395,0.233789,0.122153,0.096945,0.128937,0.047693,0.254157,0.275920,0.264706,0.256142,0.297431,0.197821,0.335851,0.329875,0.173707,0.158860,0.133596,0.046839,0.258702,0.190147,0.193027,0.237069,0.254928,0.139790,0.077527,0.150143,0.108637,0.142284,0.180838,0.078564,0.213855,0.202182,0.232809,0.206638,0.267668,0.104589,0.274562,0.104811,0.208306,0.218638,0.207076,0.163645,0.163533,0.147475,0.037948,0.200170,0.228059,0.248734,0.288758,0.247389,0.219723,0.132012,0.104555,0.194400,0.249478,0.242926,0.235428,0.089703,0.247142,0.109353,0.381347,0.172913,0.159400,0.266061,0.209666,0.134363,0.141944,0.135889,0.151070,0.211059,0.129358,0.105203,0.242236,0.089022,0.069414,0.306087,0.168112,0.280756,#
6,0.133393,0.245803,0.260730,0.270534,0.157255,0.144364,1.000000,0.154818,0.246686,0.061519,0.182217,0.159172,0.103302,0.206523,0.101124,0.218698,0.187019,0.226452,0.213649,0.142048,0.266912,0.144648,-0.016671,0.123537,0.090177,0.222084,0.145953,0.106410,0.136035,0.260763,0.073881,0.166979,0.125018,0.175153,0.051319,0.127930,0.039526,0.177034,0.175277,0.207721,0.135161,0.047952,0.147940,0.159603,0.177572,0.143639,0.209595,0.176911,0.149003,0.169789,0.090412,0.195706,0.228996,0.207496,0.023320,0.156678,0.139153,0.179635,0.242466,0.209690,0.245582,0.128295,0.109296,0.143330,0.208070,0.349133,0.201928,0.222410,0.157098,0.184219,0.141824,0.176904,0.238108,0.200276,0.268756,0.191633,0.189971,0.202364,0.245707,0.090717,0.208534,0.133801,0.267198,0.019231,0.227555,0.102938,0.159647,0.196372,0.116011,0.120008,0.177189,0.050427,0.119633,0.141513,0.129376,0.109164,0.239415,0.119897,0.158670,0.281845,0.227677,0.191196,0.237586,0.107546,-0.125988,0.175110,0.173735,0.139334,0.105158,0.136320,0.176149,0.208534,0.084746,0.003354,0.137646,0.129743,0.324005,0.057724,0.156976,0.114110,0.206829,0.184142,0.093498,0.185839,0.173036,0.162714,0.053281,0.217182,0.074599,0.254626,0.164519,0.135667,0.269847,0.066863,0.254563,0.213372,0.138919,0.188823,0.191241,0.185644,0.166392,0.092145,0.072206,0.195881,0.077161,0.183681,0.125612,0.071136,0.201441,-0.067371,0.276860,0.042637,0.203522,0.038634,0.274900,0.094798,0.011074,0.242094,0.191228,0.088981,0.039936,0.296258,0.241085,0.242621,0.205010,0.217966,0.143303,0.149452,0.141552,0.143695,0.060434,0.074533,0.124486,0.067716,0.185047,0.204484,0.092943,0.211911,0.229410,0.031442,0.110800,0.115437,0.227526,0.266386,0.244681,0.165568,0.072955,0.174638,0.084962,0.242102,0.081142,0.173539,0.154833,0.258557,0.102646,0.064701,0.143387,0.217025,0.141604,0.244663,#
7,0.104641,0.220320,0.266752,0.205047,0.210139,0.236584,0.154818,1.000000,0.341652,0.201945,0.308532,0.346352,0.101075,0.212335,0.282982,0.174220,0.215548,0.330486,0.102620,0.240205,0.206844,0.239289,0.249632,0.210925,0.306741,0.184606,0.271802,0.268117,0.121689,0.255429,0.187033,0.201770,0.234244,0.197167,0.070737,0.202373,0.073535,0.093862,0.317649,0.190401,0.125895,0.192809,0.186415,0.278608,0.221528,0.242144,0.218338,0.243051,0.186150,0.213711,0.250206,0.202911,0.153551,0.289194,0.150338,0.211209,0.193227,0.257030,0.234978,0.188592,0.228419,0.198774,0.226286,0.133943,0.268769,0.259067,0.187482,0.145201,0.223682,0.368614,0.186967,0.112746,0.421249,0.195225,0.224650,0.231264,0.151224,0.274243,0.274561,0.307996,0.252396,0.193290,0.238720,0.151064,0.277817,0.124675,0.227178,0.163970,0.269547,0.209516,0.100112,0.123975,0.245615,0.258741,0.152184,0.101870,0.117427,0.216079,0.137034,0.169846,0.249113,0.133759,0.154972,0.187306,0.058248,0.282995,0.341243,0.187483,0.171173,0.198340,0.071687,0.120967,0.169350,0.198325,0.398503,0.257129,0.103303,0.051305,0.094129,0.316336,0.204762,0.265327,0.166070,0.298224,0.298873,0.170909,0.258021,0.290507,0.160212,0.127689,0.173969,0.172161,0.341444,0.192021,0.400979,0.338042,0.083245,0.362749,0.113004,0.175199,0.299118,0.157369,0.179548,0.119818,0.273795,0.137682,0.198187,0.210880,0.218447,0.205219,0.175484,0.261317,0.171872,0.199714,0.097198,0.240907,0.238625,0.209462,0.201071,0.259889,0.197273,0.219234,0.280224,0.160437,0.060226,0.313836,0.237881,0.087929,0.115809,0.179704,0.246736,0.190361,0.286913,0.177968,0.266082,0.191335,0.177184,0.200806,0.051429,0.233199,0.309914,0.165478,0.194625,0.204308,-0.021603,0.210695,0.042649,0.010287,0.184750,0.290899,0.211118,0.134231,0.194194,0.123996,0.219459,0.183727,0.120194,0.213211,0.251790,0.193360,#
8,0.240831,0.334012,0.189900,0.357912,0.320575,0.287142,0.246686,0.341652,1.000000,0.221794,0.274563,0.256609,0.183811,0.232997,0.321155,0.285665,0.155639,0.276470,0.169379,0.292463,0.245083,0.272544,0.256995,0.371895,0.207272,0.284787,0.219658,0.248075,0.114409,0.325121,0.161679,0.280974,0.191639,0.240328,0.110135,0.282809,0.311108,0.157177,0.284994,0.256273,0.196697,0.279781,0.149674,0.208867,0.312927,0.247300,0.205877,0.221189,0.185888,0.229960,0.211688,0.392300,0.119961,0.379528,0.210395,0.388756,0.190525,0.340884,0.191768,0.335779,0.313974,0.170684,0.355938,0.026547,0.345194,0.377249,0.278666,0.225547,0.367742,0.314035,0.215169,0.182764,0.390636,0.185151,0.255583,0.194479,0.199644,0.249024,0.263783,0.209672,0.290347,0.343371,0.259927,0.091708,0.376458,0.172545,0.223408,0.232776,0.258699,0.300527,0.214531,0.235310,0.251732,0.210789,0.395975,0.342729,0.252198,0.179775,0.238171,0.157833,0.311219,0.133522,0.183750,0.254644,0.294147,0.251127,0.348903,0.274328,0.130219,0.211491,0.121310,0.227329,0.081736,0.255113,0.308503,0.368529,0.227404,0.174009,0.094111,0.283735,0.299331,0.278951,0.235007,0.255961,0.302524,0.323669,0.272640,0.360839,0.159762,0.282518,0.202887,0.141249,0.368778,0.212398,0.398015,0.347389,0.199810,0.237269,0.229021,0.144600,0.265233,0.251341,0.319024,0.183848,0.224164,0.197564,0.259313,0.335438,0.221270,0.207977,0.282324,0.118168,0.248684,0.302684,0.400420,0.338825,0.212984,0.297043,0.199899,0.286560,0.148388,0.261970,0.211358,0.217884,0.264787,0.256181,0.261027,0.131388,0.220927,0.223771,0.274434,0.213008,0.201906,0.196754,0.235854,0.295479,0.175800,0.342883,0.252777,0.211460,0.256970,0.218271,0.122806,0.297008,0.212942,0.246703,0.052524,0.067367,0.279351,0.290397,0.228448,0.214798,0.204123,0.179836,0.293576,0.152237,0.203874,0.163316,0.234799,0.211928,#
9,0.197661,0.145598,0.196028,0.190250,0.176203,0.276346,0.061519,0.201945,0.221794,1.000000,0.358906,0.136404,0.056045,0.152236,0.200808,0.242496,0.111984,0.117897,0.077005,0.315499,0.186970,0.132403,0.203982,0.209413,0.109947,0.083748,0.258951,0.181653,0.152749,0.187915,0.316494,0.206825,0.092506,0.225490,0.232378,0.181478,0.078131,0.148447,0.239046,0.049917,0.269481,0.193336,0.139625,-0.027047,0.133001,0.222746,0.186839,0.126616,0.049580,0.110787,0.072525,0.272270,0.119842,0.186673,0.121076,0.266249,0.194115,0.185306,0.201669,0.092816,0.217971,0.135325,0.340305,0.129507,0.246234,0.240154,0.105719,0.085021,0.187046,0.068158,0.297820,0.206783,0.209522,0.153528,0.195697,0.160929,0.086768,0.159087,0.296756,0.233341,0.116270,0.286206,0.021299,0.043071,0.306089,0.138406,0.222393,0.265087,0.055583,-0.055486,0.024725,0.236323,0.197623,0.083062,0.196866,0.170480,0.249407,0.228701,0.191185,0.011920,0.164170,0.191251,0.315328,0.131757,0.306633,0.152512,0.188268,0.089390,0.196407,0.096422,0.104059,0.222163,0.250508,0.317473,0.095297,0.237598,0.121931,0.156490,0.181360,-0.010613,0.200894,0.310806,0.136291,0.234168,0.148250,0.144692,0.008638,0.237779,0.198755,0.221788,0.183375,0.120347,0.172108,0.238707,0.234312,0.202077,0.215003,0.239396,0.059792,0.021793,0.067434,0.245248,0.221522,0.140930,0.122439,0.046378,0.149803,0.208742,0.130158,0.244046,0.136386,-0.010043,0.327883,0.271211,0.234414,0.236416,0.227771,0.203887,0.322239,0.137512,0.174859,0.115729,0.092960,0.284515,0.183848,0.101565,0.099173,0.143860,0.325905,0.115109,0.177768,0.187495,0.190526,0.163346,0.129614,0.281144,0.201120,0.143716,0.124915,0.196173,0.087937,0.080077,0.279140,0.165724,0.063599,0.175101,0.108417,0.082030,0.349349,0.191841,0.157245,0.179299,0.095241,0.152440,0.169596,0.140196,0.100490,0.144371,0.176862,0.186929,#
10,0.268834,0.352641,0.330754,0.290940,0.152490,0.259259,0.182217,0.308532,0.274563,0.358906,1.000000,0.137134,0.014785,0.202895,0.250941,0.198002,0.222812,0.271337,0.240167,0.314007,0.204894,0.122107,0.055726,0.284647,0.206651,0.161189,0.262904,0.276196,0.082479,0.290286,0.210960,0.268270,0.231368,0.182967,0.189480,0.245894,0.107772,0.192332,0.340805,0.146515,0.245482,0.132683,0.197262,0.069365,0.080910,0.182094,0.245525,0.227791,0.258100,0.294463,0.121767,0.316310,0.174734,0.241016,0.137719,0.289963,0.093579,0.180622,0.215469,0.256571,0.139183,0.226907,0.255412,0.295604,0.311560,0.310358,0.282563,0.138839,0.189885,0.226722,0.152740,0.231433,0.310791,0.214329,0.204639,0.215232,0.196479,0.160591,0.201032,0.157140,0.230097,0.257045,0.275662,0.183494,0.324430,0.059751,0.262824,0.253686,0.163867,0.237896,0.109619,0.165942,0.270034,0.189185,0.243271,0.301185,0.176195,0.061803,0.346014,0.180107,0.194748,0.139254,0.197623,0.195003,0.281671,0.078691,0.298121,0.303621,0.158199,0.133333,0.093909,0.253826,0.176586,0.190600,0.361974,0.396152,0.159037,0.109822,0.179626,0.077100,0.146670,0.291132,0.135035,0.228310,0.187907,0.133097,0.226635,0.257139,0.189521,0.275331,0.239507,0.165723,0.265506,0.152048,0.274111,0.277981,0.167491,0.406038,0.090411,0.189989,0.305714,0.177896,0.185507,0.157970,0.189629,0.106788,0.021980,0.127871,0.184697,0.200421,0.163220,0.228099,0.338307,0.139829,0.235924,0.259394,0.270660,0.046507,0.277196,0.192864,0.226967,0.229498,0.345024,0.250185,0.233693,0.196261,0.287374,0.180430,0.246621,0.246251,0.253281,0.192103,0.110625,0.208455,0.213179,0.130633,0.230251,0.297054,0.183111,0.269250,0.212890,0.165754,0.312525,0.141851,0.180884,0.182623,0.099168,0.019824,0.235214,0.193094,0.258156,0.239817,0.188851,0.156091,0.277537,0.119501,0.048987,0.311503,0.279301,0.390631,#
11,0.089897,0.304196,0.335545,0.312984,0.227960,0.123041,0.159172,0.346352,0.256609,0.136404,0.137134,1.000000,0.156602,0.174139,0.025194,0.090594,0.152558,0.297712,0.184314,0.069434,0.176408,0.277375,0.042066,0.163125,0.291115,0.297161,0.030200,0.306286,-0.020897,0.291966,0.269277,0.236315,0.203613,0.242385,0.095658,0.190471,0.276594,0.113700,0.216607,0.193733,0.172638,0.244907,0.317529,0.274456,0.079557,0.291994,0.263862,0.137422,0.168367,0.093715,0.215929,0.248560,0.198064,0.351352,0.028587,0.153902,0.185342,0.244095,0.217296,0.146992,0.147127,0.100417,0.257590,0.078838,0.241582,0.326969,0.251073,0.277678,0.235981,0.303344,0.135639,0.110308,0.316269,0.116227,0.177032,0.127307,0.177891,0.191975,0.242024,0.137836,0.257121,0.174834,0.248210,0.117314,0.364543,0.014786,0.226264,0.288748,0.276281,0.085301,0.170611,0.221586,0.333184,0.377055,0.194549,0.273991,0.070711,0.112434,0.211582,0.250147,0.220768,0.160630,0.102472,0.173469,0.125220,0.349856,0.287166,0.278727,0.245647,0.219863,0.235971,0.214976,0.242486,0.228287,0.006323,0.397045,0.158768,0.191176,-0.006232,0.174361,0.151332,0.255831,0.281928,0.185493,0.296212,0.071521,0.187996,0.256382,0.228022,0.232736,0.155942,0.309496,0.291326,0.295438,0.204066,0.203446,0.044683,0.354879,0.056639,0.285987,0.177002,0.138779,0.199129,0.208578,0.257883,0.168117,0.181234,0.151726,0.210343,0.141685,0.082735,0.307072,0.147557,0.198254,0.336649,0.161936,0.125874,0.048359,0.218238,0.217647,0.169801,0.306641,0.056850,0.143057,0.164847,0.140889,0.283379,0.158293,0.239016,0.255212,0.205394,0.116044,0.156647,0.066423,0.194789,0.266167,0.255822,0.210875,0.085626,0.154588,0.232565,0.142106,0.203024,0.094341,-0.013865,0.273399,0.104764,0.090651,0.201455,0.261375,0.195286,0.139430,0.338461,0.109870,0.309884,0.103512,0.179831,0.197913,0.170029,0.274052,#
12,0.106575,0.176202,0.153341,0.144241,0.228562,0.246176,0.103302,0.101075,0.183811,0.056045,0.014785,0.156602,1.000000,0.110796,0.206677,0.083846,0.271243,0.194444,0.196621,0.311048,0.166380,0.118974,0.178362,0.239966,0.099696,0.134062,0.198907,0.183374,0.156241,0.235435,0.038202,0.207113,0.292747,0.131242,0.150224,0.202092,0.195644,0.038224,0.150605,0.187669,0.207272,0.045184,0.249087,0.296064,0.228784,0.259390,0.216597,-0.006250,0.187000,0.087052,0.294805,0.133692,0.110859,0.245144,0.108980,0.186232,0.078969,0.180403,0.185080,0.008699,0.154371,0.286618,0.083644,0.133861,0.316854,0.160939,0.120407,0.111724,0.221307,0.103745,0.120053,0.178521,0.197804,0.076348,0.296576,0.205007,0.200901,0.077467,0.126174,0.052784,0.223250,0.140648,0.114882,0.104355,0.229112,0.197034,0.149303,0.243399,0.247009,0.099182,0.118385,0.143057,0.089733,0.190767,0.207508,0.208371,0.337196,0.199570,0.091561,0.095201,0.156103,0.193116,0.124679,0.225584,0.209454,0.165952,0.192797,0.121060,0.071146,0.122542,0.248065,0.059895,0.141340,0.172945,0.135837,0.098992,0.177299,0.115022,0.137698,0.063833,0.184503,0.221429,0.237860,0.253444,0.171186,0.041146,0.201014,0.070003,0.058851,0.094207,0.156045,0.164433,0.145564,0.142746,0.179655,0.130685,0.230488,0.194999,0.202900,0.124469,0.186184,0.116524,0.150729,0.149667,0.107262,0.214140,0.107949,0.186417,0.151000,0.149241,0.111691,0.288139,0.120209,0.113985,0.130974,0.178864,0.111142,-0.035901,0.085517,0.139894,0.106655,0.331189,0.188543,0.218014,0.164993,0.073132,0.196877,0.054123,0.084837,0.140745,0.145153,0.194506,0.177073,0.127231,0.208758,0.130978,0.171182,0.241754,0.058775,0.145121,0.156721,0.169369,0.230484,0.154880,0.103480,0.179045,0.140255,0.238795,0.111257,-0.001344,0.180918,0.112729,0.168281,0.136042,0.063403,0.138101,0.140414,0.176918,0.206109,0.062254,#
13,0.066230,0.108639,0.338532,0.219994,0.252734,0.150616,0.206523,0.212335,0.232997,0.152236,0.202895,0.174139,0.110796,1.000000,0.278130,0.185670,0.244069,0.135372,0.209839,0.273274,0.282749,0.191875,0.062498,0.236670,0.115899,0.295373,0.324773,0.262940,0.140561,0.257087,0.200475,0.228557,0.280535,0.203441,0.201283,0.157622,0.068980,0.194578,0.053604,0.167268,0.162034,0.261702,0.257325,0.214127,0.225555,0.236781,0.214636,0.173507,0.189991,0.134490,0.177742,0.241807,0.259179,0.335291,0.175664,0.338194,0.119613,0.269258,0.204299,0.268889,0.268515,0.185647,0.328422,0.116254,0.201265,0.186617,0.379913,0.182310,0.338581,0.213155,0.058194,0.104884,0.245606,0.179665,0.309277,0.214857,0.276379,0.319831,0.251746,0.258353,0.268705,0.336321,0.199112,0.305075,0.302346,0.067813,0.299890,0.241023,0.255084,0.216345,0.159890,0.200093,0.312945,0.299661,0.174596,0.174953,0.199076,0.149764,0.244702,0.297444,0.262945,0.242014,0.263834,0.330723,0.185109,0.258058,0.277473,0.215378,0.321584,0.211438,0.128603,0.218457,0.328561,0.200926,0.331555,0.273580,0.259011,0.271876,0.103156,0.254616,0.299800,0.291854,0.190846,0.303258,0.241778,0.080630,0.150074,0.091635,0.260042,0.241272,0.148349,0.186298,0.194137,0.187898,0.397106,0.264736,0.261461,0.211526,0.264476,0.185356,0.017194,0.180851,0.389364,0.220978,0.253676,0.313996,0.260358,0.279014,0.112325,0.284978,0.106720,0.213798,0.214840,0.299121,0.286112,0.283113,0.054378,0.245089,0.276147,0.280854,0.166042,0.322161,0.191801,0.350971,0.203507,0.228955,0.099325,0.109228,0.198245,0.246389,0.217826,0.345172,0.205120,0.140644,0.227519,0.229152,0.130832,0.251275,0.287756,0.042175,0.170582,0.269764,0.196141,0.275853,0.193990,0.241190,0.206510,0.148150,0.093000,0.208894,0.169072,0.242357,0.239829,0.210940,0.173829,0.280588,0.173128,0.164338,0.306143,0.205332,#
14,0.268030,0.080749,0.095098,0.182941,0.175520,0.171903,0.101124,0.282982,0.321155,0.200808,0.250941,0.025194,0.206677,0.278130,1.000000,0.303731,0.142670,0.216665,0.274925,0.335403,0.202379,0.104703,0.206977,0.331534,0.200770,0.099670,0.253225,0.231920,0.255151,0.261931,0.108488,0.237070,0.171173,0.131892,0.230401,0.209658,0.157335,0.245219,0.198886,0.259098,0.144518,0.081890,0.238688,0.105050,0.256684,0.313708,0.193145,0.111115,0.104952,0.197846,0.283437,0.132376,0.211573,0.291127,0.364035,0.267684,0.223721,0.201242,0.198964,0.171398,0.263993,0.220190,0.192296,0.209259,0.204684,0.095362,0.240295,0.192504,0.193249,0.264887,0.164072,0.188628,0.187185,0.322011,0.207076,0.098007,0.248479,0.229508,0.150634,0.192319,0.260895,0.250733,0.236749,0.243525,0.288062,0.161743,0.059891,0.156491,0.176326,0.164780,0.130540,0.154477,0.295295,0.240407,0.259836,0.148231,0.308850,0.145737,0.172960,0.138158,0.212520,0.231962,0.194898,0.235201,0.243349,0.153268,0.268929,0.268168,0.051464,0.164454,0.011966,0.021889,0.181819,0.172019,0.232372,0.209035,0.153889,0.146584,0.206835,0.174230,0.370583,0.282267,0.040185,0.179782,0.246427,0.095130,0.172499,0.227603,0.049855,0.298982,0.095138,0.141488,0.219635,0.091208,0.237970,0.188950,0.135681,0.199788,0.109684,0.081994,0.288681,0.265393,0.273111,0.146093,0.080100,0.313300,0.115622,0.161019,0.088177,0.110107,0.206626,0.080972,0.117891,0.235546,0.180086,0.227969,0.244206,0.174380,0.124051,0.142025,0.137904,0.200525,0.184159,0.119216,0.199573,0.116321,0.225622,0.126327,0.104732,0.268112,0.283289,0.231671,0.235940,0.159727,0.152055,0.125119,0.308323,0.317095,0.278159,0.190575,0.222342,0.272976,0.164713,0.206966,0.189701,0.128476,0.114557,-0.007321,0.101244,0.234783,0.051522,0.208365,0.180525,0.289953,0.230920,0.101535,0.053222,0.184591,0.279124,0.089616,#
15,0.270486,0.094455,0.254504,0.198044,0.238666,0.152561,0.218698,0.174220,0.285665,0.242496,0.198002,0.090594,0.083846,0.185670,0.303731,1.000000,0.289778,0.339490,0.212129,0.253189,0.165965,0.118546,0.217567,0.343522,0.171677,0.291054,0.277632,0.183407,0.213334,0.282672,0.128909,0.312904,0.173837,0.281664,0.152914,0.193361,0.156385,0.122006,0.270103,0.096294,0.238648,0.194508,0.195492,0.159401,0.271689,0.185270,0.031485,0.184355,0.078122,0.252366,0.018202,0.333992,0.219917,0.206856,0.224860,0.227477,0.118955,0.165529,0.261436,0.285164,0.266913,0.080649,0.297329,0.116111,0.134253,0.304538,0.231711,0.257929,0.200364,0.098440,0.218535,0.217900,0.204698,0.201475,0.213383,0.158350,0.076757,0.292433,0.170669,0.209437,0.313976,0.194205,0.053418,0.247890,0.264380,0.138333,0.190465,0.290112,0.191359,0.208529,0.122650,0.131437,0.229678,0.258262,0.196690,0.220821,0.286991,0.137582,0.245342,0.119514,0.299520,0.113439,0.197017,0.228275,0.072365,0.156338,0.275826,0.212616,0.136191,0.212019,0.048235,0.297089,0.123594,0.161217,0.246575,0.289365,0.153791,0.015390,0.123094,0.064728,0.297088,0.300702,0.193672,0.279868,0.268921,0.169248,0.239569,0.230840,0.143590,0.227287,0.066028,0.237436,0.225539,0.245055,0.275640,0.291940,0.121102,0.042260,0.088050,0.003572,0.106504,0.231990,0.203989,0.147538,0.265498,0.123635,0.147208,0.233082,0.290884,0.148978,0.157876,0.026140,0.222640,0.303205,0.098442,0.321370,0.219360,0.256081,0.165220,0.187612,0.103984,0.164861,0.276104,0.175270,0.151394,0.301700,0.224084,0.179877,0.235980,0.129012,0.108680,0.222610,0.139732,0.066052,0.258840,0.130058,0.304310,0.232600,0.072815,0.156275,0.230760,0.149370,0.160357,0.358583,0.085627,0.183055,0.029534,0.194978,0.114443,0.152593,-0.081015,0.230329,0.197065,0.176938,0.072544,0.202325,0.172057,0.198480,0.175523,0.049266,#
16,0.271065,0.185248,0.139991,0.229648,0.202632,0.214080,0.187019,0.215548,0.155639,0.111984,0.222812,0.152558,0.271243,0.244069,0.142670,0.289778,1.000000,0.251217,0.138023,0.322020,0.298782,0.152775,0.200057,0.249571,0.091611,0.309488,0.255875,0.058824,0.122552,0.309323,0.124497,0.324708,0.127459,0.320542,0.138507,0.219861,0.166883,0.102201,0.225745,0.198677,0.082346,0.162503,0.227528,0.202435,0.204851,0.293059,0.148768,0.135083,0.182231,0.127810,0.102347,0.241088,0.303691,0.248969,0.211331,0.178278,0.066338,0.166321,0.233785,0.087684,0.134777,0.354544,0.258930,0.203941,0.219291,0.215197,0.173665,0.363197,0.150028,0.267554,0.064632,0.232478,0.380276,0.132443,0.213086,0.272939,0.132746,0.312622,0.235788,0.162224,0.143242,0.193383,0.095405,0.183871,0.240572,0.193206,0.297371,0.290740,0.282413,0.089513,0.171810,0.150362,0.189197,0.136062,0.188984,0.193294,0.247464,0.073634,0.200924,0.261238,0.112588,0.109900,0.056603,0.215327,0.157240,0.159907,0.254719,0.109044,0.064899,0.201983,0.174099,0.214932,0.194922,0.168048,0.296448,0.291379,0.220887,0.131344,0.091966,0.187330,0.243989,0.237711,0.299964,0.273911,0.315018,0.071343,0.218070,0.064769,0.118200,0.258022,0.159960,0.164458,0.374819,-0.001222,0.389392,0.311872,0.137757,0.202831,0.133524,0.241608,0.080549,0.174737,0.149952,0.199098,0.262348,0.139913,0.085468,0.187408,0.290940,0.221692,0.039823,0.232479,0.166461,0.161509,0.221531,0.261610,0.118217,0.144922,0.187082,0.273238,0.130071,0.333671,0.228765,0.247010,0.132744,0.160759,0.267944,0.178198,0.113666,0.073055,0.137640,0.127290,0.144995,0.062414,0.201527,0.271190,0.148511,0.172228,0.212560,0.101389,0.120033,0.170153,0.221560,0.047636,0.111710,0.218911,0.215525,0.240102,0.175352,0.171045,0.219844,0.032784,0.013489,0.128895,0.215885,0.286538,0.113933,0.188899,0.099678,0.131151,#
17,0.326875,0.246651,0.132918,0.314905,0.274992,0.228064,0.226452,0.330486,0.276470,0.117897,0.271337,0.297712,0.194444,0.135372,0.216665,0.339490,0.251217,1.000000,0.150529,0.278904,0.375889,0.184485,0.175804,0.359857,0.180808,0.258024,0.227055,0.214596,0.172359,0.317654,0.209228,0.271861,0.403892,0.199393,0.123232,0.306196,0.072805,0.308299,0.364725,0.122212,0.295510,0.244206,0.190117,0.329088,0.166623,0.244481,0.247191,0.205352,0.269429,0.224086,0.247178,0.226444,0.144896,0.234181,0.193869,0.291985,0.272474,0.254284,0.267101,0.238876,0.267369,0.172750,0.180581,0.209143,0.219882,0.347338,0.354920,0.339223,0.232754,0.319640,0.189388,0.298783,0.341204,0.164866,0.226870,0.302352,0.207542,0.267360,0.151630,0.255302,0.225111,0.264649,0.355994,0.158229,0.255939,0.000660,0.319290,0.209147,0.344314,0.227701,0.182693,0.092253,0.282920,0.273839,0.165547,0.319022,0.268951,0.296850,0.228635,0.182605,0.242699,0.025632,0.174397,0.298789,0.140814,0.243997,0.317410,0.275239,0.182748,0.118411,0.176793,0.218314,0.153284,0.299605,0.228716,0.267781,0.224707,0.129784,0.117805,0.215647,0.202346,0.275071,0.199790,0.310181,0.428187,0.219551,0.255288,0.211005,0.098776,0.212138,0.220378,0.284802,0.399709,0.270531,0.249413,0.348917,0.296305,0.244169,0.239352,0.320467,0.310410,0.248402,0.246422,0.223244,0.317254,0.257607,0.076476,0.203451,0.181161,0.081117,0.189878,0.068164,0.112794,0.246173,0.291950,0.297135,0.233371,0.188401,0.348669,0.254222,0.224464,0.361218,0.250284,0.243157,0.191591,0.240285,0.206463,0.229340,0.190552,0.174147,0.373460,0.087429,0.135066,0.182299,0.278080,0.138859,0.299466,0.244765,0.069956,0.319744,0.224969,0.290607,0.233826,0.223096,0.105783,0.182882,0.162211,0.256354,0.244795,0.208929,0.153556,0.299205,0.246610,0.185299,0.355396,0.230392,0.209164,0.227118,0.194072,0.246858,#
18,0.272265,0.107873,0.217646,0.265653,0.251956,0.083664,0.213649,0.102620,0.169379,0.077005,0.240167,0.184314,0.196621,0.209839,0.274925,0.212129,0.138023,0.150529,1.000000,0.273636,0.200353,0.182597,0.066192,0.334888,0.221209,0.152837,0.157528,0.261399,0.142136,0.160618,0.120520,0.122541,0.248569,0.128383,0.207330,0.228963,0.187453,0.120509,0.179464,0.315032,0.164000,0.187169,0.179968,0.116276,0.210059,0.132280,0.127593,0.116511,0.033130,0.221882,0.141650,0.115782,0.248463,0.222380,0.189942,0.196474,0.154577,0.197868,0.159745,0.098668,0.173154,0.126360,0.250641,0.134743,0.145399,0.236845,0.264151,0.204940,0.107333,0.086093,0.068856,0.133973,0.169511,0.096264,0.149998,0.151279,0.184066,0.224991,0.206496,0.175838,0.214675,0.107446,0.216912,0.207635,0.214550,-0.061923,0.230506,0.128825,0.215755,0.146683,0.224367,0.076713,0.158810,0.167347,0.223057,0.240938,0.316495,0.148159,0.150556,0.224690,0.205748,0.258147,0.247593,0.189403,0.272123,0.245910,0.194949,0.143007,0.127258,0.138231,0.232662,0.229909,0.250148,0.168318,0.140213,0.157676,0.100257,0.029156,0.172820,0.154532,0.114971,0.218083,0.179864,0.046395,0.206991,0.023451,0.079629,0.215370,0.265594,0.194161,0.114261,0.304314,0.171792,0.201656,0.281050,0.132552,0.140111,0.280398,0.050200,0.208630,0.180070,0.077067,0.193624,0.165981,0.202869,0.227215,0.069589,0.128190,0.096523,0.090399,0.055280,0.209570,0.170480,0.174629,0.152567,0.276949,0.232968,0.163994,0.077091,0.303418,0.189799,0.205899,0.185741,0.221355,0.157332,0.238580,0.231322,0.135234,0.115519,0.234290,0.020918,0.101300,0.220474,0.106374,0.111819,0.213564,0.205102,0.278296,0.252227,0.151216,0.124884,0.176920,0.233949,0.094629,0.204164,0.070280,0.282223,0.127873,0.151886,0.132950,0.173682,0.257256,0.262150,0.209933,0.192888,0.102166,0.120178,0.230300,0.308746,0.156613,#
19,0.349222,0.233848,0.262515,0.255598,0.398886,0.218994,0.142048,0.240205,0.292463,0.315499,0.314007,0.069434,0.311048,0.273274,0.335403,0.253189,0.322020,0.278904,0.273636,1.000000,0.246162,0.166703,0.224187,0.315874,0.149909,0.304239,0.328463,0.210958,0.179473,0.383566,0.192146,0.277952,0.257469,0.201332,0.198232,0.270621,0.130978,0.150292,0.381534,0.208032,0.265143,0.202089,0.135643,0.115489,0.201811,0.282784,0.335584,0.299606,0.229283,0.285176,0.138068,0.261952,0.170535,0.390228,0.247313,0.311766,0.231648,0.203603,0.266417,0.204288,0.321695,0.323700,0.281818,0.219338,0.320712,0.222218,0.233868,0.287213,0.212870,0.276944,0.242624,0.250784,0.336047,0.165506,0.296466,0.355736,0.233112,0.340208,0.391715,0.175682,0.272821,0.253344,0.272147,0.188862,0.365145,0.126363,0.233591,0.291716,0.299996,0.112139,0.143071,0.215899,0.305423,0.174171,0.262516,0.238292,0.301164,0.290344,0.130386,0.216115,0.276770,0.201578,0.256203,0.336016,0.326090,0.354901,0.286360,0.402511,0.151358,0.051561,0.133956,0.231964,0.293105,0.322542,0.287628,0.261352,0.306382,0.253424,0.239492,-0.015470,0.325732,0.400699,0.254367,0.311587,0.436616,0.185963,0.333804,0.241484,0.106021,0.235811,0.148214,0.143870,0.322846,0.211535,0.346512,0.295612,0.299412,0.317989,0.137115,0.206112,0.201182,0.269689,0.263106,0.210439,0.276161,0.243296,0.114639,0.270811,0.303120,0.156722,0.180587,0.298681,0.223015,0.299336,0.278258,0.204995,0.210530,0.183030,0.272248,0.245096,0.331197,0.293970,0.279587,0.223114,0.277351,0.259389,0.179143,0.210731,0.257778,0.129298,0.263916,0.215471,0.326990,0.237946,0.223910,0.170695,0.305287,0.388943,0.210234,0.203558,0.122681,0.314138,0.238987,0.292678,0.257889,0.217307,0.168864,0.196205,0.298929,0.187871,0.341531,0.335845,0.161612,0.239392,0.177683,0.248989,0.133724,0.225700,0.364871,0.331257,#
20,0.219871,0.107810,0.313819,0.291946,0.393047,0.235201,0.266912,0.206844,0.245083,0.186970,0.204894,0.176408,0.166380,0.282749,0.202379,0.165965,0.298782,0.375889,0.200353,0.246162,1.000000,0.210908,0.160297,0.297673,0.299051,0.360513,0.260313,0.210415,0.182838,0.300499,0.171757,0.176594,0.281072,0.214749,0.180250,0.271014,0.223944,0.192987,0.242920,0.244851,0.180586,0.347433,0.165855,0.098796,0.340704,0.281658,0.310184,0.112675,0.136512,0.221306,0.019047,0.285120,0.207914,0.317373,0.258145,0.249193,0.259430,0.259056,0.299602,0.180626,0.320801,0.165746,0.320895,0.191669,0.242547,0.159946,0.292490,0.199400,0.298027,0.286535,0.269446,0.265849,0.360189,0.219990,0.209312,0.135307,0.207773,0.332096,0.194500,0.185819,0.186084,0.276135,0.314072,0.095698,0.284231,0.230308,0.294908,0.263143,0.340071,0.184531,0.228974,0.249487,0.241968,0.273557,0.292281,0.213289,0.279295,0.290053,0.212158,0.093627,0.227526,0.130536,0.267295,0.241452,0.213432,0.187649,0.275659,0.207376,0.104032,0.281571,0.297624,0.284472,0.177224,0.256479,0.203905,0.281762,0.359763,0.167483,0.058945,0.206013,0.205826,0.286087,0.153423,0.238919,0.297210,0.194406,0.298876,0.278316,0.291880,0.255369,0.252424,0.232105,0.301253,0.188805,0.332730,0.258357,0.285380,0.175686,0.240974,0.194023,0.224560,0.263770,0.203526,0.204102,0.284885,0.190478,0.044184,0.248389,0.248010,0.258776,0.264610,0.238469,0.109371,0.238807,0.260391,0.208688,0.191596,0.058261,0.213149,0.379551,0.216045,0.339577,0.223793,0.210449,0.256022,0.140483,0.072339,0.215165,0.159958,0.149364,0.307930,0.099539,0.143350,0.141036,0.155218,0.330903,0.135859,0.200330,0.309666,0.220601,0.193412,0.176934,0.189170,0.229249,0.169126,0.020916,0.201446,0.186612,0.192073,0.368262,0.124509,0.283513,0.179798,0.191519,0.290935,0.215939,0.196176,0.291898,0.297892,0.212520,#
21,0.157627,0.219073,0.292043,0.266738,0.195287,0.089821,0.144648,0.239289,0.272544,0.132403,0.122107,0.277375,0.118974,0.191875,0.104703,0.118546,0.152775,0.184485,0.182597,0.166703,0.210908,1.000000,0.120197,0.162198,0.180340,0.132603,0.209820,0.244861,0.229512,0.248014,0.167674,0.208206,0.235425,0.277092,0.049681,0.268591,0.307673,0.252212,0.304530,0.158460,0.122940,0.238082,0.098239,0.253258,0.148951,0.185318,0.219818,0.224105,0.003251,0.145607,0.191174,0.126830,0.139520,0.170819,0.177655,0.205608,0.182478,0.178729,0.078866,0.085969,0.189896,0.020693,0.273120,0.154982,0.292243,0.248002,0.105933,0.203852,0.270863,0.350925,0.315648,0.163303,0.364743,0.300955,0.148200,0.120514,0.146074,0.188412,0.122244,0.175835,0.240461,0.205477,0.146496,-0.025280,0.278220,0.013001,0.246237,0.124789,0.207120,0.297172,0.111193,0.104864,0.135943,0.140166,0.231485,0.203590,0.241231,0.196868,0.013853,0.194341,0.362675,0.172259,0.139106,0.173568,0.224762,0.213623,0.235280,0.179186,0.165628,0.147781,0.201536,0.201340,0.146562,0.229537,0.102036,0.268182,0.295343,0.109006,0.084827,0.228964,0.197479,0.277033,0.100687,0.310709,0.221821,0.067436,0.190843,0.232901,0.111511,0.062497,0.191226,0.180906,0.334848,0.194928,0.194613,0.143852,0.268024,0.132257,0.093102,0.292235,0.162050,0.300106,0.240908,0.159531,0.223754,0.234462,0.157179,0.209615,0.237723,0.101405,0.135148,0.098173,0.130487,0.198370,0.306184,0.165158,0.039912,0.176195,0.173676,0.192004,0.234402,0.285625,0.183215,0.174918,0.264273,0.069516,0.104668,0.206899,0.078141,0.272969,0.159520,0.121009,0.244274,0.151082,0.122594,0.277861,0.215178,0.231157,0.101729,0.196946,0.141839,0.213758,0.013678,0.219928,0.074138,0.145239,0.199802,0.198581,0.234516,0.220573,0.240790,0.074522,0.239326,0.147641,0.292459,0.210935,0.128767,0.218952,0.247103,0.160778,#
