0,1.000000,0.046895,0.168288,0.119946,0.164850,0.113052,0.150406,0.001899,0.138003,0.125411,0.193073,0.031779,0.094922,0.106500,0.222351,0.210721,0.188617,0.250018,0.233937,0.271358,0.132938,0.115026,0.204897,0.330724,0.141393,0.030069,0.162089,0.015002,0.136813,0.250095,0.015571,0.214283,0.127666,0.184646,0.229551,0.139101,0.059006,0.067100,0.239857,0.203199,0.161315,0.099422,0.225931,0.007643,0.098079,0.080394,0.091638,0.188016,0.212804,0.267095,0.139862,0.108155,0.158536,0.204074,0.236407,0.204378,0.201428,0.184867,0.019347,0.032852,0.178775,0.184386,0.241999,0.038467,0.107700,0.096902,0.124006,0.143350,0.110626,0.132931,0.135914,0.081336,0.176377,0.211179,0.104383,0.002263,0.273692,0.180582,0.116901,0.093457,0.114043,0.057480,0.082986,0.179522,0.272299,0.117903,0.216124,0.235346,0.228801,0.166018,0.064921,0.032218,0.180543,0.098440,0.202534,0.189545,0.251213,0.067799,0.158499,0.243206,0.211359,0.179894,0.115250,0.242015,0.143850,0.204458,0.210764,0.175290,0.218837,-0.042834,0.015111,0.164224,0.024182,0.210932,0.139441,0.116517,0.118888,0.082012,0.149255,0.120036,0.213252,0.194271,0.218150,0.186875,0.196732,0.229992,0.173223,-0.018248,0.118670,0.256698,0.201288,0.094485,0.123776,0.082853,0.159891,0.178111,0.184860,0.075832,0.025416,0.192358,0.227469,0.130579,0.095943,0.112730,0.088746,0.035203,0.147543,0.109128,0.140834,0.059970,0.022968,0.119328,0.196061,0.065955,0.133967,0.198765,0.170800,0.138082,0.200755,0.186216,0.208913,0.247975,0.077896,0.038857,0.136564,0.216090,0.114934,0.183421,0.206935,0.118266,0.119029,0.055053,0.193993,0.193253,0.004247,0.214282,0.322588,0.217636,0.159515,0.049201,0.119064,0.208629,0.144559,0.114855,0.103870,0.036280,0.174272,0.303084,0.208716,0.001360,0.008001,0.188387,0.084712,0.210246,0.280690,0.147829,0.016025,0.194100,0.200531,0.196382,#
1,0.046895,1.000000,0.058354,0.055732,0.081952,0.052926,0.144505,0.120940,0.239800,0.068365,0.231007,0.200804,0.111650,0.005860,-0.008952,-0.004064,0.115495,0.098157,-0.012028,0.147339,-0.029245,0.150232,0.088524,0.014129,0.107585,0.088047,0.043490,0.163028,-0.094828,0.077322,0.107221,0.072138,-0.035892,0.140035,-0.050885,0.115158,0.102044,0.012360,0.208638,0.069681,0.010567,0.012667,0.178139,0.052562,0.012091,0.047086,0.286441,0.109813,0.114606,0.060571,0.104330,0.068230,0.153091,0.144879,0.053251,0.088134,0.076274,-0.086136,-0.090611,0.020259,0.039980,0.085544,0.117190,-0.034737,-0.006588,0.152433,0.047399,0.168213,0.132316,0.237446,0.160707,0.133792,0.236362,-0.015943,0.192324,0.095703,0.130057,0.069874,0.270126,-0.009900,0.085277,0.118679,0.008028,0.094790,0.156589,-0.103452,0.176210,0.153747,0.145931,0.025201,0.064778,0.113156,-0.047559,0.080884,0.023369,0.128471,0.025047,0.024265,0.031873,0.075310,0.172969,0.013221,0.010670,0.062299,-0.015037,0.114007,0.141130,0.248315,0.108407,0.099926,0.078898,0.099480,-0.028637,0.143644,0.172084,0.256979,0.108712,0.015913,-0.012985,0.011220,-0.048888,0.140777,0.149065,0.091627,0.126967,0.082016,0.102676,0.080683,0.115482,0.164061,-0.027895,0.115980,0.048908,0.070967,0.172239,0.178969,0.107223,0.169594,0.164503,0.113414,0.133274,-0.016440,0.121843,0.167621,0.172212,0.040175,0.032153,-0.037908,0.098803,-0.053046,0.138568,0.104091,0.007984,-0.081403,0.260156,0.150710,0.044171,0.067580,-0.073546,-0.080850,0.008211,0.200997,0.151762,0.204140,0.091898,0.081111,0.035271,-0.062352,0.079119,0.187506,0.085512,0.160283,0.024991,0.066386,0.012908,0.131619,0.085765,0.148665,0.070568,-0.016198,0.087146,-0.014351,0.172842,-0.035046,0.098246,0.085888,0.049371,-0.035583,0.183110,0.150433,0.178710,0.128144,-0.076762,0.060915,0.136159,-0.036429,0.001357,0.239012,0.034794,0.244136,#
2,0.168288,0.058354,1.000000,0.140295,0.202521,0.106950,0.183775,0.163034,0.124552,0.131788,0.161082,0.178339,0.066617,0.283199,0.082893,0.173851,0.010175,0.085128,0.073014,0.181858,0.263946,0.185512,0.053229,0.151602,0.158734,0.186425,0.243795,0.135684,0.065322,0.212542,0.050704,-0.023152,0.126858,0.050497,0.085116,0.090334,0.097974,-0.016264,0.137341,0.065416,0.084379,0.121581,0.279494,0.043806,0.028888,0.134412,0.153749,0.087523,-0.003744,0.144614,0.204462,0.171832,0.144363,0.128716,0.072454,0.126749,0.115217,-0.000489,0.151406,0.178974,0.304553,0.086935,0.061088,0.110352,0.171394,0.171527,0.068919,0.100065,0.198985,0.197318,0.161557,0.151198,0.043498,0.198396,0.219251,0.096062,0.126799,0.116536,0.103658,0.097187,0.198427,0.057794,0.109687,0.008701,0.215160,0.102055,0.149590,0.239348,0.063693,0.033471,0.068427,0.155374,0.221301,0.186477,0.074675,0.166335,0.232897,0.040227,0.206937,0.061308,0.209997,0.132646,0.014518,0.196372,0.015383,0.161177,0.215960,0.248718,0.151209,0.090621,0.136882,0.126890,0.210607,0.117133,0.136633,0.197217,0.134926,0.181822,-0.148686,0.060969,0.097132,0.003719,0.016049,0.191760,0.120316,-0.012757,0.243677,0.096310,0.142356,0.198829,0.084834,0.151566,0.162925,0.145788,0.260407,0.150396,0.189030,0.121671,0.148761,0.027533,0.043685,0.135746,0.079918,0.042689,0.247245,0.106276,-0.011588,0.046446,0.178360,0.031358,0.117253,0.178795,0.187781,0.150084,0.072784,0.074775,0.034343,-0.035512,0.156674,0.109740,0.024530,0.279502,0.136834,0.200636,0.076823,0.160955,0.057477,-0.002665,-0.036111,0.131385,0.044122,0.251691,0.184971,0.061758,0.174280,0.130194,0.164986,0.117523,0.011502,0.042989,0.128737,0.175951,0.021809,0.295005,0.018233,0.120081,0.111274,0.056689,0.162009,0.001049,0.024782,0.201125,0.279656,0.162750,0.146886,0.045316,-0.031495,0.111240,0.201782,0.234301,#
3,0.119946,0.055732,0.140295,1.000000,0.180158,0.117020,0.206558,0.077686,0.272171,0.119995,0.228772,0.180629,0.123634,0.062454,0.111922,0.059300,0.115914,0.143124,0.280780,0.208251,0.167758,0.138662,0.173225,0.247511,0.146232,0.192227,0.221901,0.148899,0.122042,0.273425,0.155384,0.183847,0.328162,0.160462,0.022235,0.173084,0.157339,0.178569,0.276612,0.136557,0.076304,0.256927,0.200182,0.283803,0.035631,0.205576,0.083789,0.158344,-0.037416,0.124990,0.163513,0.091792,0.185992,0.042223,0.049244,0.260888,0.130149,0.116007,0.117466,0.148929,0.164779,0.063994,0.130908,0.075739,0.312113,0.097986,0.063112,0.031505,-0.066096,0.207151,0.140765,0.161625,0.240262,0.049016,0.121872,0.202282,0.139204,0.111356,0.133057,0.073819,0.273354,0.139532,0.150050,0.043361,0.210656,0.118469,0.149598,0.114678,0.118059,0.119313,0.231790,0.198244,0.111751,0.171882,0.109362,0.172114,0.161473,0.024011,0.209301,0.128826,0.189926,0.144930,0.083486,0.121321,0.344802,0.067724,0.188102,0.207965,0.109166,0.145758,0.135397,0.067915,0.118095,0.113648,0.073160,0.110020,0.114017,0.090789,0.037991,0.071415,0.113413,0.143221,0.131333,0.167935,0.038468,0.128682,0.219730,0.243542,0.062171,0.194834,0.241195,0.209709,0.164049,0.186044,0.169569,0.185605,-0.004632,0.057365,0.135419,0.089170,0.089058,0.239711,0.203791,0.119143,0.071752,0.146895,0.201820,0.257825,0.127905,0.113462,0.055620,0.054991,0.081347,0.155190,0.214850,0.070362,0.046171,0.052987,0.227259,0.166906,0.105864,0.201289,0.144364,0.215075,0.081466,0.134502,0.169703,0.064172,0.039121,0.121931,0.132407,0.034458,0.076576,0.049906,-0.006721,0.184966,0.186375,0.215505,0.060746,0.141151,0.076911,0.255412,0.194062,0.073264,0.024010,0.062120,0.137881,0.113049,0.068244,0.182519,0.152944,0.196606,0.233373,0.117375,0.196649,0.159477,0.179407,0.161664,0.137387,0.130861,#
4,0.164850,0.081952,0.202521,0.180158,1.000000,0.251745,0.031082,0.140967,0.265885,0.187842,0.046991,0.141691,0.180862,0.104491,0.113713,0.112120,0.102337,0.136038,0.195440,0.362633,0.350185,0.145387,0.164197,0.258010,0.084440,0.246368,0.153825,0.009276,0.165243,0.106135,0.109949,0.156130,0.233241,0.157331,0.081746,0.246418,0.326949,0.041498,0.209201,0.124820,0.111140,0.242109,0.147255,0.127777,0.226802,0.179091,0.317365,0.176467,0.091865,0.099587,0.078881,0.110169,0.189341,0.205558,0.232695,0.245205,0.174995,0.094588,0.166743,0.117404,0.190406,0.183155,0.150426,-0.014525,0.191652,0.073439,0.046313,0.171144,0.029769,0.155258,0.222424,0.185982,0.259179,0.182957,0.129412,0.021194,0.128724,0.220103,0.186032,0.192390,0.218545,0.216951,0.064051,0.015428,0.315010,0.093958,0.148542,0.130605,0.129225,0.111809,0.246172,0.121526,0.126307,0.063646,0.167799,0.233825,0.149549,0.149743,0.084155,0.158807,0.144513,0.085232,0.160286,0.169483,0.109449,0.161031,0.076213,0.230577,0.167357,0.256480,0.250485,0.205494,0.228025,0.284998,0.123846,0.052766,0.192570,0.085353,-0.031936,0.090593,0.058723,0.131142,0.189325,0.043458,0.206677,0.041313,0.229279,0.142887,0.271132,0.172000,0.223858,0.045807,0.197251,0.198635,0.276598,0.191337,0.062855,0.088135,0.195657,0.060998,0.163516,0.054152,0.217599,0.060958,0.193752,0.188978,0.177900,0.171724,0.143231,0.122080,0.073513,0.153386,0.183804,0.249526,0.261836,0.086322,0.281937,0.125815,0.013243,0.195781,0.141118,0.186984,0.083752,0.061029,-0.085212,0.187686,-0.040798,0.057123,0.066211,0.165674,0.017500,0.129285,0.312439,0.220665,0.155360,0.213041,0.246754,0.256642,0.134661,0.142354,0.014829,0.040472,0.176242,0.080060,0.200495,0.147503,0.007129,0.217446,0.168434,0.277818,0.042837,0.142104,0.076988,0.119359,0.177647,0.209210,0.117267,0.141679,0.214618,0.297437,#
5,0.113052,0.052926,0.106950,0.117020,0.251745,1.000000,0.055745,0.166573,0.247545,0.176153,0.212949,0.089090,0.146945,0.026689,0.181945,0.137353,0.076006,0.140213,-0.053380,0.258970,0.123956,-0.009567,0.144865,0.164324,0.174716,0.124309,0.222768,0.154026,0.167247,0.176226,0.200420,0.208667,0.264567,0.166180,0.053687,0.173903,0.163674,0.043844,0.195776,0.097956,0.188412,0.131573,0.059561,0.205504,0.084357,0.196035,0.221438,0.069847,0.151135,0.079606,0.113066,0.136612,0.067967,0.136354,0.041077,0.303383,0.109122,-0.011057,0.240584,0.127884,0.119090,0.213172,0.145517,0.062225,0.203076,0.152767,0.076991,0.127090,0.168512,-0.011626,0.165385,0.151386,0.234633,0.170013,0.044206,0.130443,0.194414,0.180583,0.139736,0.154627,0.239129,0.135035,0.177386,0.027809,0.098130,0.115019,0.150886,0.122283,0.147405,-0.029765,0.025928,0.170372,0.288873,0.233566,0.075757,0.165494,0.049207,0.171285,0.248804,0.089486,0.134518,0.196594,0.014525,0.152115,0.096505,0.149479,0.135256,0.240528,0.063662,0.140831,0.109313,0.210912,0.096336,0.098064,0.149935,0.071903,0.144534,0.069167,-0.002657,0.065192,0.037097,0.184746,0.087278,0.187253,-0.004792,0.045069,0.122759,0.054874,0.120195,0.150021,0.290326,0.129409,0.215391,0.206235,0.230955,0.249686,0.139804,0.120872,0.089752,-0.063554,0.157817,0.073765,0.194664,0.252051,0.220790,0.073129,0.084922,0.078924,0.055587,0.080420,0.192586,-0.018658,0.152619,0.175131,0.118140,0.137537,0.192970,0.102541,0.178342,0.052625,0.140774,0.148485,0.172437,0.130969,0.087327,0.128473,-0.043462,0.157584,0.187028,0.196709,0.247089,0.175017,0.117831,0.159489,0.036447,0.157521,0.209085,0.152350,0.223946,0.079530,0.220047,0.037061,0.323021,0.126306,0.095933,0.200417,0.158974,0.058368,0.015577,0.092555,0.012163,0.181442,0.111095,0.124126,0.130545,0.033990,0.014330,0.200859,0.110553,0.275662,#
6,0.150406,0.144505,0.183775,0.206558,0.031082,0.055745,1.000000,0.049763,0.191720,0.018513,0.131102,0.107166,0.140601,0.207173,0.028841,0.041308,0.112992,0.099853,0.129191,0.058853,0.254686,0.108863,-0.053883,0.057363,0.052023,0.089371,0.062540,0.096454,0.088321,0.230703,0.048214,0.103993,0.078612,0.129714,0.044981,0.090066,-0.009993,0.100760,0.081040,0.139264,-0.048844,0.102078,0.056391,0.072986,0.116504,0.145607,0.091713,-0.050221,0.152566,0.067122,0.067185,0.136105,0.205445,0.114026,0.065196,0.107483,0.081934,0.102673,0.176970,0.157464,0.155266,-0.010311,0.073796,0.104484,0.243042,0.193463,0.156937,0.088739,0.052395,0.073772,0.097584,0.152325,0.106089,0.203665,0.155189,0.170631,0.150359,0.095555,0.174117,0.038291,0.118638,0.060498,0.186607,0.017610,0.018114,0.120529,0.114172,0.124547,0.034033,0.067378,0.057763,0.111129,0.015746,0.056523,0.063783,0.045248,0.233007,0.065598,0.131855,0.215364,0.114765,0.194397,0.147720,0.028413,-0.091806,0.110969,0.065326,0.062424,0.100670,0.068647,0.074665,0.131209,0.007039,-0.059724,0.140486,0.070062,0.286971,0.027519,0.094904,0.079079,0.163286,0.141408,-0.019125,0.166030,0.125590,0.185916,0.058328,0.120421,0.005203,0.173227,0.077820,0.060614,0.138304,-0.000622,0.175274,0.185027,0.045945,0.084793,0.195053,0.097346,0.121471,0.122423,-0.018907,0.085177,0.017284,0.062618,0.102362,0.014017,0.073535,-0.093753,0.192765,0.039789,0.112343,-0.018277,0.157877,0.031817,0.032072,0.169586,0.195284,-0.009554,0.029629,0.187680,0.179992,0.204121,0.114790,0.163912,0.081046,0.050695,0.088834,0.093546,0.076449,0.052841,0.046406,0.034806,0.098484,0.107461,0.061458,0.193065,0.217675,-0.040709,0.092517,0.023127,0.222565,0.218719,0.093707,0.114818,0.038751,0.125563,-0.040360,0.145717,-0.077237,0.114650,0.043715,0.223821,0.057605,-0.027632,0.079888,0.136420,0.103693,0.178670,#
7,0.001899,0.120940,0.163034,0.077686,0.140967,0.166573,0.049763,1.000000,0.295458,0.181611,0.173457,0.222160,0.055333,0.123019,0.249572,0.080706,0.160029,0.215911,0.074298,0.171205,0.087908,0.168277,0.228214,0.128273,0.224748,0.153837,0.167251,0.220647,0.044917,0.144165,0.002236,0.020739,0.104342,0.115462,-0.027072,0.094655,0.039099,-0.043828,0.244353,0.133293,0.051908,0.079314,0.097541,0.184063,0.201311,0.183089,0.167759,0.132834,0.059398,0.083296,0.159188,0.028138,0.029391,0.208379,0.115939,0.107805,0.095097,0.187745,0.106452,0.057318,0.156547,0.131758,0.073757,0.016349,0.200749,0.145831,0.074768,0.078593,0.146253,0.326329,0.147687,-0.012868,0.322406,0.131854,0.107039,0.087226,0.023497,0.142122,0.191471,0.242677,0.235753,0.140925,0.102358,0.059990,0.219803,0.041815,0.142828,0.079729,0.105232,0.166834,0.019629,0.093715,0.163270,0.160241,0.047651,-0.037996,0.032782,0.177702,0.087139,0.153401,0.173379,0.083178,0.031006,0.089902,-0.011373,0.210609,0.219941,0.133305,0.099036,0.130827,0.078498,0.050825,0.070845,0.106353,0.337143,0.119396,-0.022130,-0.060750,-0.002657,0.270717,0.141966,0.155434,0.046192,0.231530,0.162647,0.074044,0.194967,0.196245,0.078898,0.089620,0.091899,0.047561,0.211117,0.030702,0.307364,0.246652,-0.049518,0.195867,0.066969,0.059289,0.206428,0.093298,0.152362,0.042030,0.143110,0.179493,0.181166,0.070026,0.140516,0.070571,0.089752,0.121971,0.125537,0.144322,0.016134,0.211497,0.137899,0.149719,0.140027,0.141242,0.149415,0.115124,0.247408,0.038347,-0.030103,0.255826,0.153875,0.025037,0.035027,0.063688,0.163558,0.225331,0.180729,0.079930,0.160572,0.067370,0.137321,0.106811,-0.035577,0.139501,0.230721,0.070193,0.091611,0.141312,-0.090079,0.149053,-0.003057,-0.031282,0.137784,0.272159,0.193670,0.054226,0.088310,0.083707,0.142906,0.070356,0.013674,0.176652,0.164546,0.142535,#
8,0.138003,0.239800,0.124552,0.272171,0.265885,0.247545,0.191720,0.295458,1.000000,0.255440,0.197398,0.171213,0.150419,0.122290,0.258220,0.167671,0.018826,0.177503,0.119063,0.214795,0.132686,0.182303,0.189181,0.264545,0.035429,0.203981,0.137809,0.271010,0.052133,0.256282,-0.020646,0.156519,0.158317,0.120606,0.055031,0.187716,0.200095,0.060334,0.169998,0.145338,0.113934,0.238236,0.159471,0.145714,0.183178,0.151562,0.094552,0.147909,0.150018,0.196327,0.187972,0.274803,0.086618,0.346865,0.099701,0.319189,0.160412,0.221747,0.052054,0.229817,0.219964,0.165653,0.250258,-0.078797,0.178021,0.323224,0.135869,0.132022,0.293969,0.220581,0.204595,0.101690,0.285135,0.132987,0.135568,0.173048,0.144474,0.199654,0.212546,0.175097,0.227331,0.254908,0.126899,0.069068,0.260647,0.159413,0.139452,0.126948,0.077230,0.231608,0.113669,0.225897,0.162233,0.119151,0.345244,0.235105,0.195517,0.135219,0.216643,0.094476,0.191183,0.171801,0.121518,0.234248,0.153008,0.143872,0.217500,0.298645,0.061269,0.202984,0.183525,0.160125,0.069193,0.222507,0.282420,0.243681,0.144338,0.078212,0.047836,0.186371,0.178680,0.149804,0.211233,0.180667,0.141210,0.247912,0.199139,0.235870,0.079727,0.288137,0.143147,-0.018618,0.298970,0.237163,0.329565,0.252352,0.068365,0.153602,0.135690,0.102331,0.162984,0.189778,0.283167,0.110670,0.110097,0.115482,0.254621,0.130427,0.128182,0.069193,0.229356,0.036097,0.167096,0.254387,0.349097,0.286854,0.179496,0.250434,0.181320,0.189428,0.073892,0.166624,0.162737,0.199774,0.185184,0.187743,0.154202,-0.000745,0.174729,0.222787,0.169431,0.255298,0.144261,0.140430,0.225321,0.159427,0.124773,0.223127,0.245360,0.111007,0.195147,0.165614,0.096142,0.184736,0.114343,0.194626,0.052720,0.079377,0.219537,0.242146,0.198031,0.127224,0.208095,0.127404,0.238823,0.082418,0.104554,0.134429,0.107814,0.203379,#
9,0.125411,0.068365,0.131788,0.119995,0.187842,0.176153,0.018513,0.181611,0.255440,1.000000,0.246104,0.064286,0.120095,0.144075,0.256941,0.176063,0.057808,0.068614,0.067744,0.331281,0.163028,0.092305,0.175222,0.221273,0.030276,0.064958,0.245108,0.183313,0.107518,0.159882,0.167779,0.098344,0.089715,0.211997,0.239507,0.160974,0.040712,0.159766,0.182843,0.004347,0.249286,0.122607,0.140426,0.006229,0.117247,0.117673,0.166112,0.086487,0.002507,0.084377,0.040265,0.158175,0.037420,0.164993,0.082425,0.263918,0.101650,0.197464,0.199901,0.091235,0.202534,0.092345,0.249376,0.055313,0.221789,0.261209,0.066736,0.100527,0.157422,0.067180,0.280994,0.174688,0.147845,0.110781,0.156142,0.117512,0.000909,0.130930,0.263104,0.204737,0.068442,0.218542,0.010238,0.039880,0.283240,0.109287,0.113092,0.209012,-0.060404,-0.110654,0.055630,0.181440,0.211662,0.054134,0.141840,0.135510,0.196540,0.253034,0.247326,-0.020423,0.093688,0.188632,0.280632,0.087052,0.267626,0.191761,0.164710,0.043020,0.260435,0.113569,0.123538,0.186664,0.234341,0.227093,0.079875,0.176248,0.057715,0.088911,0.110393,0.004528,0.192456,0.246917,0.148739,0.220582,0.097385,0.133716,0.032926,0.147251,0.237948,0.271130,0.180085,0.027427,0.146445,0.275038,0.174912,0.165289,0.123697,0.179770,0.095765,-0.020189,0.002187,0.226250,0.202471,0.115076,0.057496,0.151982,0.203110,0.140368,0.050751,0.257300,0.069210,-0.085143,0.259088,0.214504,0.227069,0.200688,0.152878,0.192149,0.305903,0.088385,0.127053,0.137040,0.085136,0.290771,0.143921,0.123927,0.056357,0.063745,0.282701,0.128269,0.241120,0.291131,0.113527,0.183760,0.109274,0.236225,0.153631,0.120899,0.151668,0.109552,0.053434,0.067683,0.192613,0.159227,0.055219,0.206486,0.002015,0.082056,0.344352,0.095067,0.120004,0.165418,0.071972,0.151227,0.073457,0.096562,0.086625,0.094666,0.125077,0.171850,#
10,0.193073,0.231007,0.161082,0.228772,0.046991,0.212949,0.131102,0.173457,0.197398,0.246104,1.000000,0.104506,-0.081109,0.117111,0.096135,0.139543,0.087380,0.108061,0.103473,0.165933,0.044646,0.040395,-0.023564,0.172795,0.033460,0.001893,0.114749,0.276947,-0.005618,0.213101,0.141068,0.128591,0.171311,0.162592,0.147885,0.128885,0.038150,0.098155,0.239380,0.066155,0.218224,0.065159,0.032044,0.009773,0.066461,0.173342,0.201542,0.154232,0.193477,0.267514,0.030848,0.115541,0.123008,0.140342,-0.013807,0.229525,0.098537,0.035075,0.036634,0.123370,0.065674,0.172689,0.190678,0.203166,0.319430,0.162457,0.116668,-0.014340,0.076107,0.119196,0.093876,0.201929,0.210750,0.139017,0.067952,0.148572,0.122297,0.110619,0.122577,0.100006,0.287913,0.106770,0.167951,0.112843,0.236338,0.011800,0.184289,0.205015,0.039228,0.142779,0.046914,0.193959,0.136954,0.160914,0.121688,0.239724,0.100133,0.043569,0.283155,0.171044,0.112148,0.116872,0.147806,0.090857,0.265277,-0.025852,0.150806,0.257622,0.141389,0.090581,-0.018784,0.165066,0.022503,0.142275,0.254433,0.290192,0.099126,-0.000177,0.104878,0.101460,0.121605,0.277928,-0.017806,0.111731,-0.033993,0.137156,0.215187,0.203818,0.122586,0.114618,0.119023,0.026493,0.074375,0.081512,0.201315,0.141205,0.015415,0.221429,0.083968,-0.023629,0.257547,-0.005826,0.154002,0.103763,0.027267,0.012927,0.027216,-0.004132,0.089968,0.060960,0.159325,0.122491,0.243484,0.094827,0.161006,0.133744,0.230617,0.001332,0.251001,0.106006,0.201037,0.099378,0.262768,0.184609,0.103905,0.179991,0.203871,0.138143,0.219907,0.215475,0.173521,0.148193,0.009434,0.152180,0.071566,0.068051,0.181552,0.248159,0.024065,0.172641,0.100685,0.049217,0.253027,0.045506,0.103247,0.123101,0.013616,-0.023468,0.119558,0.206268,0.201364,0.109285,0.092313,0.067278,0.250291,0.036559,-0.029512,0.209256,0.211921,0.273501,#
11,0.031779,0.200804,0.178339,0.180629,0.141691,0.089090,0.107166,0.222160,0.171213,0.064286,0.104506,1.000000,0.146341,0.030894,-0.016023,0.052316,0.055094,0.242452,0.167388,0.029442,0.085907,0.124622,-0.006824,0.044830,0.181243,0.199178,-0.051562,0.215880,-0.086681,0.160391,0.174270,0.094001,0.131027,0.154370,0.125857,0.120166,0.187794,-0.013158,0.111497,0.266745,0.024103,0.205903,0.212706,0.158300,0.067164,0.201191,0.257559,0.032859,0.129181,0.095607,0.137248,0.122185,0.175232,0.256780,0.012730,0.010135,0.072749,0.244477,0.123966,0.005378,-0.000416,0.078217,0.231839,0.038572,0.134528,0.210093,0.150299,0.219227,0.139274,0.184704,0.112989,0.062395,0.181855,0.053465,0.030445,0.048481,0.084357,0.081847,0.122975,0.062246,0.188915,0.094970,0.133905,0.058671,0.189647,-0.014959,0.098076,0.138600,0.174230,-0.008307,0.060308,0.288563,0.239285,0.251473,0.111011,0.236874,0.010061,0.087647,0.109955,0.153055,0.079725,0.138145,-0.004904,0.170688,0.095372,0.246442,0.179879,0.279100,0.201912,0.171329,0.175989,0.137051,0.135856,0.108546,-0.039532,0.254986,0.043182,0.178534,-0.050800,0.145279,0.026496,0.141793,0.184570,0.096422,0.070074,0.064568,0.124254,0.107220,0.212291,0.150629,0.072403,0.215385,0.194211,0.201020,0.146021,0.101307,-0.123633,0.230751,0.012900,0.183697,0.147736,0.026948,0.179922,0.144886,0.221490,0.063542,0.130855,0.070833,0.061388,0.022660,0.089904,0.181645,0.119616,0.164783,0.193404,0.156778,0.092490,-0.008283,0.146876,0.072015,0.063502,0.238160,0.060149,0.000401,0.132006,0.060154,0.223915,0.052706,0.172887,0.178857,0.116157,0.124890,0.010053,0.005222,0.069727,0.135657,0.127355,0.166002,0.020273,0.175680,0.160668,0.063898,0.130176,0.032572,0.058562,0.094796,-0.014996,0.154612,0.163754,0.207936,0.168489,0.048827,0.208307,0.211853,0.263420,0.092545,0.081400,0.166448,0.067211,0.135812,#
12,0.094922,0.111650,0.066617,0.123634,0.180862,0.146945,0.140601,0.055333,0.150419,0.120095,-0.081109,0.146341,1.000000,0.045282,0.202996,0.057625,0.332483,0.184141,0.193538,0.283488,0.135341,0.093640,0.184267,0.190888,0.023453,0.119444,0.129040,0.129598,0.141208,0.148736,-0.008013,0.199188,0.175935,0.148274,0.165642,0.254956,0.170700,-0.007960,0.132724,0.174561,0.027983,0.027192,0.144355,0.309803,0.173163,0.150830,0.211161,-0.095942,0.122852,0.065075,0.235240,0.087429,0.126328,0.188611,0.161322,0.123618,0.032237,0.131826,0.085237,-0.060393,0.024464,0.252844,0.011365,0.088202,0.227286,0.183551,0.102176,0.114186,0.108120,0.117690,0.160289,0.120195,0.166103,0.043328,0.237983,0.227293,0.188588,0.002508,0.121558,0.028051,0.173203,0.158839,0.029104,0.074761,0.064227,0.154471,0.110491,0.204223,0.223236,0.000374,0.064136,0.093029,0.001645,0.088946,0.167595,0.216679,0.321718,0.188325,0.097216,0.026967,0.101523,0.185325,0.105180,0.175525,0.177713,0.085018,0.141363,0.061882,0.070742,0.102273,0.234074,0.024650,0.129398,0.131209,0.163106,0.052815,0.197956,0.048609,0.088199,0.008984,0.143150,0.148082,0.247600,0.213520,0.186835,0.024352,0.170084,-0.060215,0.011361,0.143035,0.123544,0.127045,0.089341,0.136755,0.087677,0.080330,0.156723,0.148929,0.201054,0.039453,0.171708,0.156991,0.167106,0.062407,0.083615,0.195541,0.080510,0.116121,0.069247,0.124955,0.046420,0.245933,0.147499,0.087076,0.075523,0.237252,0.114795,-0.020847,0.085845,0.101594,0.067113,0.302810,0.214222,0.225206,0.155703,0.064283,0.228633,0.066849,0.005370,0.055428,0.171632,0.185406,0.091459,0.137914,0.142638,0.097163,0.192263,0.240550,0.078047,0.077400,0.136291,0.133502,0.223864,0.106893,0.019992,0.178243,0.089475,0.275305,0.083869,-0.012998,0.087140,0.036925,0.070588,0.146710,0.090163,0.059836,0.106791,0.193874,0.139458,0.010053,#
13,0.106500,0.005860,0.283199,0.062454,0.104491,0.026689,0.207173,0.123019,0.122290,0.144075,0.117111,0.030894,0.045282,1.000000,0.179890,0.058373,0.193493,0.066508,0.166927,0.193550,0.169247,0.149688,0.083073,0.198057,-0.013952,0.245202,0.184023,0.180210,0.133705,0.108645,0.071515,0.116632,0.221101,0.115633,0.131597,0.070813,0.029466,0.103147,0.062331,0.153568,-0.011992,0.175354,0.191265,0.084802,0.122875,0.167999,0.135815,0.116010,0.161619,0.136634,0.100633,0.163269,0.143283,0.218573,0.130064,0.202364,0.014974,0.138627,0.038233,0.165216,0.148822,0.125234,0.164566,0.041411,0.188048,0.081090,0.234147,0.076552,0.262898,0.123677,0.053390,0.094723,0.023189,0.122213,0.250778,0.167999,0.154045,0.174065,0.236944,0.143234,0.116454,0.196182,0.129889,0.201756,0.172395,0.047033,0.104979,0.100184,0.200372,0.076851,0.083875,0.076049,0.143593,0.176489,0.049666,0.011818,0.208379,0.025128,0.133500,0.273633,0.173905,0.210923,0.059989,0.257488,0.038195,0.208973,0.119200,0.174274,0.207261,0.117447,0.073597,0.139535,0.249692,0.156849,0.252194,0.174604,0.199927,0.201852,0.032812,0.153714,0.165436,0.168956,0.051075,0.088856,0.140139,-0.042932,0.050601,-0.059795,0.149570,0.173393,0.035785,0.060542,0.052706,0.028705,0.308189,0.104654,0.018694,0.086302,0.242236,0.126523,-0.088790,0.098390,0.311956,0.139286,0.038928,0.201067,0.184558,0.131917,0.042097,0.088625,0.060732,0.119922,0.110981,0.218338,0.185807,0.264592,-0.059813,0.138470,0.240223,0.125089,0.083365,0.255710,0.100768,0.245780,0.088195,0.135636,0.088812,0.030984,0.115106,0.100255,0.119489,0.223559,0.150992,0.111064,0.142295,0.096795,0.117837,0.190684,0.205756,-0.036472,0.060253,0.170599,0.121633,0.146213,0.098846,0.129857,0.177166,0.149937,-0.028191,0.099857,0.138643,0.131235,0.166784,0.165887,0.150136,0.079273,0.056202,0.119730,0.178437,0.151561,#
14,0.222351,-0.008952,0.082893,0.111922,0.113713,0.181945,0.028841,0.249572,0.258220,0.256941,0.096135,-0.016023,0.202996,0.179890,1.000000,0.274920,0.119916,0.098478,0.178710,0.278427,0.166295,0.079004,0.121982,0.247118,0.104620,-0.028780,0.222958,0.192362,0.199829,0.156054,0.037841,0.187967,0.138298,0.072993,0.152676,0.117709,0.077840,0.165780,0.131576,0.220823,0.021470,0.058634,0.206341,0.066665,0.161844,0.217738,0.119248,0.029530,-0.005680,0.157876,0.180006,0.017572,0.183939,0.267291,0.197091,0.188760,0.169129,0.096258,0.069563,0.066721,0.237209,0.234638,0.123241,0.138639,0.084531,0.068964,0.111245,0.153363,0.114443,0.219810,0.147207,0.120217,0.174414,0.168036,0.217357,0.153760,0.302648,0.177940,0.108309,0.123939,0.256542,0.239572,0.124681,0.231866,0.172619,0.155887,0.081719,0.215679,0.136134,0.036725,0.068476,0.078809,0.172837,0.184472,0.138063,0.124883,0.290841,0.106098,0.161461,0.025354,0.164658,0.234936,0.205246,0.166808,0.150229,0.102017,0.183343,0.180175,-0.026780,0.163665,0.058253,-0.012980,0.179045,0.128353,0.184394,0.157926,0.196655,0.064502,0.148319,0.095844,0.312026,0.222894,0.092926,0.174309,0.217404,0.037948,0.119223,0.177500,0.059170,0.306353,0.123620,0.082389,0.118730,0.125156,0.153198,0.100214,-0.003688,0.145254,0.057366,0.052018,0.156889,0.179544,0.186100,0.114734,0.059764,0.292030,0.136498,0.127570,0.016649,0.081433,0.153051,0.019750,0.039911,0.154691,0.172493,0.203132,0.235671,0.131212,0.115832,0.150444,0.025431,0.147603,0.125693,0.166588,0.153188,0.139340,0.122442,0.019536,0.097823,0.279174,0.217027,0.224533,0.200251,0.160981,0.046277,0.151232,0.271571,0.221044,0.256433,0.032950,0.173282,0.248912,0.139258,0.064651,0.073004,0.133842,0.108870,-0.047819,0.051612,0.200461,-0.049025,0.082774,0.194080,0.242348,0.191021,0.016763,0.018811,0.092484,0.217889,0.082233,#
15,0.210721,-0.004064,0.173851,0.059300,0.112120,0.137353,0.041308,0.080706,0.167671,0.176063,0.139543,0.052316,0.057625,0.058373,0.274920,1.000000,0.150781,0.192253,0.097109,0.186074,0.073080,0.053342,0.165903,0.242499,0.036303,0.193026,0.126495,0.105996,0.149327,0.260106,0.043643,0.169643,0.082283,0.139340,0.072826,0.095080,0.083161,0.062692,0.184679,0.063841,0.022617,0.113426,0.151508,0.119767,0.182908,0.151336,-0.024979,0.157852,-0.015249,0.209849,-0.110508,0.263948,0.059011,0.112992,0.163312,0.091704,0.142161,0.017113,0.080946,0.144981,0.213268,0.067935,0.180074,0.060123,0.075292,0.191928,0.048903,0.092336,0.093384,-0.046343,0.222225,0.069564,0.034817,0.113152,0.094212,0.126861,0.023014,0.201611,0.030697,0.083187,0.276354,0.087712,-0.058560,0.244298,0.187154,0.104545,0.041610,0.226229,0.088876,0.064899,0.033621,0.072909,0.151240,0.131817,0.018303,0.074693,0.231248,0.030891,0.077172,0.060788,0.189873,0.104589,0.088392,0.134358,-0.011245,0.098210,0.210817,0.149921,0.011038,0.197141,-0.055705,0.210213,0.095882,0.040626,0.026421,0.157396,0.053526,0.005763,0.017964,0.014483,0.161407,0.146820,0.104318,0.138488,0.047003,0.031340,0.149392,0.147473,0.073493,0.253646,-0.026064,0.035564,0.049554,0.137286,0.142742,0.075604,-0.059119,-0.042072,0.016994,-0.068879,0.000264,0.121032,0.091680,0.031586,0.146096,-0.006244,0.066572,0.123951,0.164834,0.005688,0.156695,-0.058909,0.185165,0.248269,-0.009711,0.263255,0.151191,0.112959,0.086398,0.128177,0.023698,0.071036,0.291311,0.024479,0.098524,0.164279,0.178703,0.135443,0.142569,0.028405,-0.051346,0.157142,0.012423,0.063135,0.050787,0.153068,0.222150,0.102567,0.035055,0.103151,0.218189,0.071719,0.130019,0.269646,0.027340,0.060203,-0.085181,0.137930,-0.027970,0.089893,-0.081036,0.115970,0.150580,0.105695,0.054668,0.074612,0.133291,0.166001,0.106465,0.010937,#
16,0.188617,0.115495,0.010175,0.115914,0.102337,0.076006,0.112992,0.160029,0.018826,0.057808,0.087380,0.055094,0.332483,0.193493,0.119916,0.150781,1.000000,0.112686,0.091921,0.303001,0.254567,0.159268,0.069338,0.122430,-0.009500,0.202319,0.180824,-0.027264,0.054072,0.272820,0.037834,0.249568,0.100094,0.310638,0.127354,0.160120,0.152173,-0.015434,0.206314,0.102869,-0.020548,0.120769,0.134729,0.144351,0.116780,0.252717,0.063092,0.003954,0.086405,0.076122,0.061720,0.096344,0.233103,0.222810,0.166151,0.086594,-0.036593,0.097097,0.117247,-0.014973,0.049964,0.253834,0.196037,0.127922,0.176235,0.131933,0.038014,0.295735,0.118217,0.213451,0.029331,0.142646,0.258326,0.058851,0.117732,0.146797,0.082911,0.218163,0.141081,0.140466,0.117869,0.054466,0.015058,0.158275,0.146134,0.106716,0.206988,0.124236,0.167175,0.087297,0.096959,0.155221,0.112205,0.040742,0.092415,0.053346,0.167980,0.069571,0.130069,0.200612,0.022742,0.043196,-0.025300,0.131177,0.067297,0.146380,0.123408,0.035160,0.078067,0.201449,0.162265,0.137205,0.145578,0.037838,0.225102,0.232274,0.133633,0.028629,0.007478,0.186631,0.202839,0.219010,0.140568,0.205704,0.228047,0.058940,0.156165,-0.046941,0.072395,0.181939,0.111780,0.030488,0.204001,-0.076599,0.295125,0.214441,-0.068708,0.108660,0.100243,0.148311,0.021183,0.105617,0.104511,0.131346,0.188261,0.084412,0.086942,0.118631,0.194378,0.168995,-0.082953,0.197190,0.074213,0.052732,0.181893,0.205040,0.073109,0.087854,0.100796,0.183304,0.036323,0.289215,0.220797,0.164147,0.061393,0.146583,0.183381,0.085110,0.045474,-0.011722,0.088951,0.182355,0.086560,0.020606,0.091793,0.096157,0.064979,0.166973,0.191983,0.014678,0.053520,0.097146,0.167969,-0.019810,0.060317,0.223923,0.135151,0.169456,0.068292,0.090351,0.197752,-0.053351,-0.008427,0.078345,0.110945,0.176147,-0.004808,0.098795,0.025364,0.054661,#
17,0.250018,0.098157,0.085128,0.143124,0.136038,0.140213,0.099853,0.215911,0.177503,0.068614,0.108061,0.242452,0.184141,0.066508,0.098478,0.192253,0.112686,1.000000,0.088662,0.203430,0.253184,0.079987,0.087335,0.244271,0.138554,0.165411,0.151906,0.045777,0.022934,0.176110,0.110599,0.056875,0.186392,0.089188,0.110732,0.275167,-0.014798,0.069428,0.298142,0.104564,0.163143,0.173559,0.090381,0.156678,0.079692,0.218391,0.158312,0.131371,0.040009,0.127549,0.145351,0.109787,0.089558,0.136035,0.125752,0.195031,0.180511,0.116170,0.087104,-0.001162,0.169089,0.164468,0.077114,0.038876,0.124649,0.281529,0.154271,0.236843,0.090805,0.130303,0.119839,0.176478,0.100770,0.024173,0.078382,0.198143,0.033605,0.105504,0.054219,0.214108,0.165758,0.110467,0.229286,0.085390,0.069038,-0.005773,0.210436,0.105555,0.136921,0.135202,0.081757,0.053771,0.187359,0.142088,0.018189,0.172436,0.167467,0.185611,0.061957,0.112378,0.123067,-0.037776,0.092577,0.194620,0.031235,0.151711,0.180472,0.171198,0.131347,0.067113,0.167147,0.229227,0.001995,0.245017,0.142477,0.110081,-0.023450,0.063984,-0.021007,0.114330,0.057475,0.196912,0.109946,0.164980,0.262764,0.173447,0.162516,0.061201,0.059093,0.154037,0.225891,0.130658,0.188447,0.067877,0.107116,0.240533,0.046504,0.197003,0.173665,0.185195,0.115755,0.195478,0.198647,0.148060,0.189032,0.148725,0.069138,0.120067,0.050328,-0.050038,0.147210,-0.056507,0.033025,0.142609,0.244810,0.311404,0.169884,0.089211,0.239153,0.129663,0.094021,0.206410,0.265617,0.143257,0.112759,0.205096,0.091559,0.147158,0.144510,0.003772,0.264299,0.060555,0.074477,0.090435,0.136328,0.019493,0.195823,0.147559,0.001455,0.295592,0.100036,0.230502,0.190325,0.162488,0.076428,0.072076,0.093828,0.185083,0.112654,0.122023,0.105844,0.203947,0.170240,0.140917,0.256114,0.174621,0.012130,0.182552,0.024515,0.115711,#
18,0.233937,-0.012028,0.073014,0.280780,0.195440,-0.053380,0.129191,0.074298,0.119063,0.067744,0.103473,0.167388,0.193538,0.166927,0.178710,0.097109,0.091921,0.088662,1.000000,0.179436,0.173248,0.152919,0.104704,0.276852,0.157771,0.117415,0.022557,0.239088,0.054336,0.101749,-0.022830,0.006360,0.172418,0.141506,0.225924,0.219603,0.189045,0.119392,0.101210,0.260416,0.107567,0.081061,0.109857,0.131013,0.213601,0.063676,0.132638,0.032970,-0.031100,0.160626,0.114557,0.035190,0.202266,0.144537,0.101765,0.150314,0.097220,0.130063,0.044989,0.066756,0.106933,0.030321,0.193511,0.020909,0.218977,0.102499,0.185129,0.154855,-0.076629,0.033199,0.081673,0.015472,0.107147,0.046793,0.110892,0.128149,0.123093,0.151220,0.162647,0.100796,0.130246,0.019969,0.124627,0.190592,0.127261,0.000273,0.174191,0.057396,0.121182,0.057611,0.215027,0.021384,0.035061,0.152976,0.164534,0.185230,0.271270,0.098431,0.114397,0.234869,0.122322,0.169699,0.140220,0.164751,0.248427,0.185640,0.091473,0.064106,0.126589,0.104962,0.195678,0.160033,0.218522,0.139113,0.032982,0.066481,0.044454,-0.144790,0.044216,0.146754,0.134708,0.193403,0.136695,-0.034195,0.148213,-0.023190,0.150679,0.102097,0.229550,0.083714,0.070193,0.210140,0.047626,0.137513,0.156722,0.027170,0.041578,0.171736,0.016750,0.100926,0.088765,0.112852,0.144145,0.140102,0.091332,0.222463,0.095119,0.025336,0.039302,0.058750,0.008396,0.188098,0.093627,0.109209,0.085765,0.209201,0.175329,0.125340,0.035261,0.302156,0.146043,0.098514,0.170927,0.119711,0.110128,0.245574,0.194153,0.078309,0.026852,0.170719,-0.008764,0.161663,0.211084,0.075135,-0.053219,0.183403,0.197530,0.204092,0.138820,0.062633,0.085237,0.092955,0.165531,0.085356,0.076563,0.046702,0.274258,0.083405,0.050525,0.083850,0.120485,0.163816,0.142518,0.142284,0.212427,0.063313,0.009440,0.208144,0.221483,0.059419,#
19,0.271358,0.147339,0.181858,0.208251,0.362633,0.258970,0.058853,0.171205,0.214795,0.331281,0.165933,0.029442,0.283488,0.193550,0.278427,0.186074,0.303001,0.203430,0.179436,1.000000,0.199668,0.123448,0.215994,0.233731,0.090794,0.216552,0.315932,0.109376,0.156766,0.288266,0.152726,0.229045,0.187173,0.197829,0.140188,0.243444,0.119875,-0.002705,0.320037,0.216092,0.168273,0.161602,0.069543,0.100315,0.148703,0.271291,0.304241,0.255333,0.143338,0.183676,0.140671,0.171305,0.128905,0.312573,0.184549,0.261508,0.241434,0.094092,0.179399,0.105110,0.244794,0.308369,0.264315,0.203441,0.325194,0.167582,0.096588,0.291921,0.073665,0.181106,0.260544,0.164254,0.253057,0.127514,0.251161,0.346132,0.168837,0.285641,0.388035,0.176993,0.261099,0.192708,0.193754,0.171462,0.281364,0.124093,0.149548,0.301376,0.207289,-0.001461,0.108068,0.166127,0.263154,0.109600,0.131509,0.230848,0.260143,0.218623,0.073512,0.144394,0.202048,0.211207,0.228713,0.232193,0.224216,0.325987,0.206705,0.351850,0.144549,0.041433,0.122774,0.181378,0.209059,0.261233,0.227635,0.165934,0.271250,0.237666,0.143912,-0.028668,0.241400,0.340614,0.286311,0.261637,0.368354,0.119503,0.341474,0.181413,0.141126,0.315178,0.124778,0.073400,0.228481,0.173049,0.288915,0.228533,0.139081,0.283060,0.148186,0.092000,0.076669,0.235122,0.244722,0.101300,0.167581,0.190974,0.130129,0.155082,0.230774,0.113039,0.181406,0.250576,0.157953,0.225251,0.257002,0.235855,0.202509,0.135362,0.241399,0.225511,0.282212,0.261239,0.224099,0.184886,0.256936,0.234907,0.079497,0.136605,0.235405,0.113605,0.190534,0.272151,0.316863,0.227301,0.160390,0.189778,0.289771,0.305864,0.161491,0.109852,0.030340,0.281566,0.287122,0.270849,0.265472,0.210181,0.167649,0.177810,0.222323,0.179857,0.298458,0.249772,0.038310,0.226632,0.208468,0.270994,0.057731,0.165982,0.250352,0.260663,#
20,0.132938,-0.029245,0.263946,0.167758,0.350185,0.123956,0.254686,0.087908,0.132686,0.163028,0.044646,0.085907,0.135341,0.169247,0.166295,0.073080,0.254567,0.253184,0.173248,0.199668,1.000000,0.162075,0.066730,0.191879,0.151830,0.249418,0.172835,0.029862,0.092180,0.164131,0.039626,0.041507,0.183496,0.221928,0.118704,0.250631,0.224683,0.081390,0.226852,0.200719,0.115831,0.296420,0.018029,0.013107,0.209867,0.196225,0.302552,-0.007012,0.014422,0.129350,0.001973,0.129005,0.145249,0.279373,0.206277,0.130048,0.168693,0.202509,0.158562,0.055750,0.194700,0.136473,0.231778,0.073544,0.158036,0.124244,0.122244,0.154528,0.233850,0.224617,0.276687,0.193077,0.188665,0.125936,0.101252,0.032253,0.124352,0.255425,0.160857,0.111669,0.204844,0.206806,0.212558,0.036249,0.150180,0.121274,0.166564,0.119736,0.173814,0.083053,0.171864,0.224319,0.178277,0.187947,0.248173,0.079076,0.203833,0.273113,0.186511,0.035424,0.144998,0.090814,0.218182,0.116955,0.120712,0.120996,0.106112,0.165269,0.054776,0.261458,0.235473,0.248885,0.103884,0.129911,0.162417,0.203791,0.264593,0.120309,-0.036421,0.171097,0.157411,0.217723,0.083821,0.152050,0.165713,0.131530,0.265789,0.136011,0.270350,0.232091,0.235086,0.109736,0.186684,0.121860,0.235289,0.137714,0.136388,0.102714,0.187779,0.090569,0.133785,0.176742,0.143122,0.166830,0.194115,0.144102,0.041904,0.105755,0.152543,0.201401,0.216134,0.116057,0.068810,0.208218,0.157973,0.142580,0.114231,0.029808,0.155539,0.308390,0.104764,0.265029,0.227222,0.176866,0.192688,0.077816,-0.028317,0.148638,0.133732,0.049144,0.232918,0.125642,0.130007,0.055918,0.069598,0.131469,0.058798,0.138406,0.304705,0.151584,0.112318,0.125585,0.099097,0.164426,0.107322,-0.020117,0.149461,0.178235,0.134454,0.273240,-0.022370,0.134897,0.147249,0.226810,0.174816,0.066926,0.034736,0.163222,0.192295,0.199823,#
21,0.115026,0.150232,0.185512,0.138662,0.145387,-0.009567,0.108863,0.168277,0.182303,0.092305,0.040395,0.124622,0.093640,0.149688,0.079004,0.053342,0.159268,0.079987,0.152919,0.123448,0.162075,1.000000,0.075154,0.107650,0.093884,0.070127,0.168283,0.074746,0.155623,0.104026,0.106861,0.116426,0.156537,0.204890,0.035513,0.249851,0.265403,0.221842,0.305140,0.131822,-0.005836,0.157932,0.067869,0.105621,0.102777,0.143056,0.149975,0.226647,-0.016009,0.028866,0.129181,0.074871,-0.040083,0.060701,0.155766,0.064550,0.085141,0.089234,0.017181,0.017423,0.132568,0.011955,0.183105,0.084465,0.286941,0.178878,0.019096,0.150211,0.222585,0.172390,0.257505,0.110774,0.283437,0.245500,0.113456,0.113543,-0.025320,0.102564,0.005327,0.157561,0.180722,0.090930,0.063798,-0.080270,0.195978,-0.031969,0.141486,0.017537,0.102023,0.192527,0.038082,-0.025202,0.003925,0.059934,0.157988,0.100566,0.227339,0.118783,-0.041801,0.130740,0.253111,0.214294,0.084517,0.064468,0.082790,0.225807,0.127433,0.051364,0.150932,0.147063,0.163485,0.139291,0.019268,0.163171,0.119987,0.223652,0.241810,0.060822,0.031695,0.121559,0.117560,0.201989,0.088167,0.209210,0.162865,-0.000955,0.164403,0.158783,0.081625,0.065525,0.140391,0.110806,0.305662,0.083985,0.117376,0.059863,0.024573,0.023562,0.058199,0.218357,0.086385,0.207236,0.154847,0.132769,0.159874,0.229913,0.131282,0.104949,0.126905,0.008337,0.142317,0.008916,0.065726,0.049336,0.220903,0.185427,-0.020693,0.036763,0.028044,0.100331,0.103195,0.286614,0.176956,0.135968,0.182356,0.039652,0.076729,0.130789,0.009622,0.189761,0.072320,0.080257,0.125265,0.081061,0.042004,0.226556,0.106490,0.167116,0.059863,0.086842,0.032062,0.148791,-0.014172,0.121875,0.039502,0.132923,0.129290,0.143131,0.129958,0.153042,0.211689,0.047407,0.207396,0.180673,0.275058,0.138283,0.130933,0.176102,0.166701,0.093516,#
