0,1.000000,0.702372,0.714196,0.695711,0.691403,0.743852,0.715121,0.730724,0.731494,0.690074,0.750024,0.712092,0.678038,0.706842,0.701083,0.758171,0.786010,0.783559,0.737221,0.734378,0.756973,0.659531,0.748193,0.786402,0.667464,0.703173,0.708812,0.701676,0.672462,0.730407,0.688957,0.748805,0.718547,0.721355,0.731433,0.720431,0.693888,0.725170,0.753773,0.740804,0.737828,0.702356,0.761191,0.694496,0.740342,0.684987,0.714840,0.763571,0.712965,0.760379,0.718309,0.743913,0.720949,0.727808,0.749754,0.746653,0.743143,0.766867,0.721913,0.724939,0.735528,0.719913,0.771944,0.730486,0.724620,0.692017,0.757384,0.719427,0.721308,0.687487,0.713064,0.697211,0.768756,0.754035,0.702131,0.676269,0.771227,0.721613,0.738858,0.700840,0.747322,0.724441,0.733535,0.728182,0.756147,0.747800,0.780066,0.754694,0.720893,0.754090,0.696044,0.726840,0.744350,0.715087,0.728076,0.734715,0.727348,0.648181,0.733581,0.749924,0.734103,0.713504,0.732384,0.752712,0.697556,0.751730,0.719816,0.750843,0.721441,0.650090,0.715925,0.729360,0.713981,0.736253,0.733817,0.764651,0.714618,0.697718,0.689450,0.705192,0.666128,0.754381,0.771867,0.783932,0.771911,0.714618,0.698406,0.663610,0.667911,0.726850,0.722418,0.724005,0.703567,0.674022,0.742129,0.753166,0.700317,0.745087,0.700081,0.761997,0.740930,0.688983,0.663309,0.737365,0.714370,0.621294,0.717929,0.675611,0.733873,0.722428,0.697737,0.749696,0.704685,0.653242,0.719575,0.738125,0.761179,0.755173,0.759022,0.681195,0.740955,0.749397,0.727308,0.690808,0.702515,0.730623,0.712240,0.696644,0.748828,0.718323,0.708063,0.724914,0.749980,0.732823,0.730645,0.720312,0.747360,0.767652,0.696580,0.682146,0.714922,0.727556,0.683070,0.715866,0.693572,0.684298,0.689364,0.756303,0.724175,0.698081,0.690245,0.758011,0.707254,0.716659,0.723408,0.732438,0.695212,0.760990,0.745397,0.714016,#
1,0.702372,1.000000,0.693525,0.677493,0.665277,0.709834,0.678972,0.734916,0.771227,0.680468,0.714679,0.693814,0.654603,0.662265,0.658199,0.680892,0.706440,0.692040,0.684113,0.682196,0.715141,0.737485,0.699814,0.659131,0.685513,0.634740,0.684526,0.731006,0.604546,0.670721,0.703991,0.693918,0.642793,0.705046,0.612551,0.718156,0.665691,0.708159,0.725150,0.690015,0.688248,0.628403,0.702807,0.668457,0.684340,0.670182,0.725622,0.685483,0.723592,0.650827,0.671072,0.706637,0.730891,0.700843,0.714618,0.692159,0.664513,0.681475,0.664988,0.623844,0.687690,0.665997,0.678462,0.661443,0.674612,0.711908,0.722843,0.706339,0.707382,0.708865,0.672845,0.704354,0.768926,0.668142,0.697893,0.656533,0.668238,0.661419,0.728251,0.657597,0.710927,0.702250,0.679976,0.692773,0.745094,0.685417,0.722905,0.739515,0.703099,0.673586,0.665105,0.677651,0.693580,0.705437,0.716933,0.691643,0.675368,0.661635,0.681727,0.694887,0.716912,0.645128,0.670002,0.692567,0.635307,0.725689,0.684710,0.721468,0.718420,0.658952,0.690676,0.675860,0.649558,0.714112,0.666578,0.720367,0.697170,0.661244,0.641961,0.630063,0.654181,0.697723,0.664743,0.709811,0.705000,0.645809,0.671675,0.656021,0.698260,0.717992,0.629002,0.746372,0.663561,0.676094,0.743946,0.685951,0.721530,0.713223,0.689736,0.720490,0.745911,0.680635,0.691908,0.728643,0.703792,0.633807,0.656017,0.653806,0.709229,0.634775,0.734156,0.731709,0.648461,0.572778,0.729886,0.692163,0.693256,0.720033,0.624306,0.618784,0.661172,0.713903,0.715119,0.715413,0.692371,0.626666,0.694536,0.604283,0.643013,0.681748,0.703820,0.692164,0.705838,0.684571,0.682877,0.704995,0.686579,0.750570,0.641580,0.666653,0.669289,0.646673,0.656475,0.706024,0.695689,0.719205,0.678353,0.595145,0.732483,0.725103,0.696529,0.720557,0.654504,0.672101,0.700527,0.621270,0.635599,0.752022,0.650989,0.719755,#
2,0.714196,0.693525,1.000000,0.671151,0.691948,0.716679,0.708287,0.728349,0.737814,0.672809,0.737116,0.695859,0.641193,0.716583,0.645760,0.706877,0.674267,0.720447,0.686015,0.698717,0.715098,0.695074,0.645688,0.724498,0.658184,0.685395,0.730756,0.728818,0.678641,0.701785,0.699800,0.690031,0.687367,0.663729,0.651098,0.701082,0.690578,0.689885,0.741548,0.647593,0.679459,0.678074,0.740558,0.668405,0.686712,0.680847,0.724735,0.670300,0.669470,0.701609,0.701685,0.748905,0.722740,0.694587,0.727393,0.704853,0.706195,0.682073,0.710678,0.691446,0.764370,0.687684,0.682063,0.729517,0.713529,0.706599,0.694735,0.689529,0.699083,0.687838,0.680370,0.703189,0.714191,0.702670,0.730196,0.684419,0.675098,0.664282,0.701639,0.697414,0.739888,0.693568,0.719954,0.644295,0.749767,0.714633,0.689076,0.751752,0.666801,0.667743,0.675364,0.720882,0.743905,0.740913,0.717651,0.736710,0.699565,0.651077,0.748094,0.693637,0.688914,0.688439,0.674598,0.710696,0.603419,0.736178,0.714673,0.718694,0.702221,0.643226,0.728029,0.682050,0.729436,0.704277,0.666412,0.703989,0.677755,0.691361,0.633728,0.672250,0.652712,0.673685,0.663367,0.751946,0.720462,0.628937,0.692587,0.685823,0.693575,0.710387,0.681583,0.733627,0.727430,0.730651,0.746104,0.693189,0.704447,0.730063,0.731363,0.708866,0.687858,0.711810,0.621216,0.641770,0.707860,0.661681,0.620257,0.657166,0.680834,0.674669,0.728097,0.719954,0.723058,0.678212,0.683297,0.688096,0.716201,0.631314,0.702318,0.640394,0.633554,0.675474,0.702578,0.699863,0.643206,0.701890,0.724094,0.601875,0.676767,0.684320,0.678155,0.726817,0.730427,0.660133,0.716379,0.668650,0.672761,0.739595,0.621608,0.636458,0.667100,0.724992,0.595290,0.761212,0.661938,0.710999,0.667881,0.651313,0.709392,0.692886,0.684980,0.713262,0.771047,0.700490,0.695399,0.685249,0.627276,0.718291,0.700491,0.714951,#
3,0.695711,0.677493,0.671151,1.000000,0.699867,0.703739,0.684132,0.698565,0.767956,0.707638,0.718918,0.686249,0.653073,0.687514,0.680678,0.708197,0.709207,0.726095,0.759207,0.704795,0.712021,0.694090,0.706181,0.711292,0.692896,0.698760,0.718123,0.707929,0.680381,0.718876,0.703124,0.727255,0.732514,0.715201,0.638275,0.702795,0.663879,0.758996,0.697647,0.717828,0.700599,0.696550,0.726100,0.715490,0.672249,0.735871,0.678490,0.681973,0.696352,0.656019,0.712613,0.687239,0.730711,0.647064,0.677355,0.738224,0.656461,0.685367,0.715089,0.693921,0.700238,0.652844,0.674567,0.702328,0.776382,0.669810,0.650127,0.654975,0.616530,0.707271,0.652373,0.695852,0.744043,0.677876,0.670500,0.654179,0.671526,0.674584,0.678976,0.669956,0.737438,0.679195,0.731815,0.648991,0.748168,0.719565,0.721822,0.696999,0.690811,0.695697,0.727517,0.702741,0.710876,0.719585,0.708131,0.716066,0.662208,0.613364,0.717657,0.655130,0.680560,0.660948,0.684516,0.657104,0.731859,0.679930,0.706665,0.702963,0.685412,0.654496,0.689969,0.640199,0.648979,0.730981,0.687248,0.726314,0.646663,0.678723,0.656477,0.640372,0.659260,0.717358,0.674800,0.703704,0.686919,0.694955,0.701498,0.722133,0.659590,0.688261,0.703319,0.730232,0.680114,0.724151,0.720970,0.740021,0.717699,0.696217,0.673409,0.700079,0.661002,0.734213,0.697445,0.624318,0.668379,0.707988,0.680610,0.751460,0.688065,0.685902,0.701783,0.696080,0.652548,0.665882,0.736805,0.640739,0.704322,0.678228,0.727854,0.647372,0.674508,0.674681,0.694040,0.694827,0.655070,0.662582,0.717393,0.624056,0.687092,0.668307,0.693741,0.684514,0.719719,0.683305,0.675682,0.708189,0.728157,0.730304,0.639670,0.677163,0.635049,0.740094,0.658275,0.669816,0.649430,0.706672,0.673520,0.630784,0.713705,0.750603,0.698915,0.701973,0.692180,0.663461,0.708973,0.685294,0.681737,0.708697,0.671219,0.666195,#
4,0.691403,0.665277,0.691948,0.699867,1.000000,0.750194,0.684027,0.708307,0.716350,0.693874,0.650323,0.695698,0.650860,0.715022,0.657516,0.693567,0.719638,0.753428,0.705486,0.765718,0.767398,0.673918,0.673752,0.722844,0.657826,0.693035,0.695204,0.670479,0.689427,0.683300,0.728734,0.706058,0.715966,0.665034,0.643967,0.704911,0.728830,0.709717,0.704220,0.708455,0.702372,0.679502,0.693305,0.687359,0.695419,0.739747,0.719149,0.712153,0.712092,0.672089,0.686815,0.687152,0.733138,0.684514,0.738389,0.746817,0.671091,0.701627,0.728287,0.693851,0.682709,0.701926,0.681146,0.687703,0.712327,0.688549,0.676834,0.684580,0.659201,0.687644,0.694401,0.737593,0.725702,0.717191,0.692899,0.614849,0.670595,0.694663,0.716415,0.712915,0.710675,0.693116,0.701148,0.638271,0.747472,0.686966,0.687127,0.685485,0.681599,0.694584,0.709444,0.658002,0.701949,0.707402,0.708663,0.722044,0.690064,0.628537,0.645755,0.675866,0.704099,0.689773,0.719980,0.703500,0.659830,0.733038,0.679010,0.708449,0.729987,0.685281,0.683112,0.696787,0.699405,0.761051,0.660523,0.675496,0.714297,0.716689,0.632779,0.639391,0.624514,0.695525,0.721292,0.704272,0.714879,0.667532,0.675062,0.694084,0.736786,0.703765,0.724665,0.697905,0.695109,0.720965,0.761845,0.710809,0.690803,0.697194,0.703013,0.677032,0.673642,0.696780,0.715353,0.664551,0.698445,0.661167,0.695628,0.697110,0.685564,0.711942,0.711248,0.769006,0.668901,0.678188,0.768051,0.690169,0.754592,0.659368,0.679424,0.649097,0.693431,0.666933,0.726226,0.627244,0.634948,0.660801,0.662182,0.618059,0.694057,0.671737,0.665313,0.723856,0.764266,0.692374,0.724650,0.725444,0.732377,0.751465,0.657413,0.682429,0.678277,0.665847,0.686077,0.683517,0.735049,0.734637,0.616905,0.721632,0.712118,0.730119,0.631841,0.693698,0.663389,0.704920,0.687017,0.684390,0.676133,0.700085,0.720719,0.696649,#
5,0.743852,0.709834,0.716679,0.703739,0.750194,1.000000,0.671569,0.751465,0.758905,0.685674,0.737211,0.712684,0.659940,0.677776,0.689392,0.746964,0.731821,0.759183,0.671286,0.770571,0.728014,0.690027,0.715693,0.726858,0.706905,0.702545,0.764462,0.744542,0.697697,0.708865,0.758686,0.745705,0.751598,0.716522,0.657538,0.753126,0.708262,0.714928,0.734069,0.707375,0.772409,0.678692,0.707556,0.715256,0.737697,0.747603,0.755314,0.720216,0.757197,0.662883,0.730924,0.734200,0.715995,0.715379,0.705478,0.791596,0.723332,0.712342,0.794177,0.725824,0.708419,0.730214,0.738650,0.762576,0.755000,0.717055,0.694847,0.710232,0.718329,0.652630,0.711459,0.714835,0.783898,0.718481,0.693203,0.706856,0.746046,0.699725,0.711851,0.704753,0.784863,0.705475,0.750672,0.694183,0.717944,0.723229,0.752897,0.756407,0.737044,0.672271,0.657143,0.728486,0.770978,0.795711,0.721404,0.722374,0.714363,0.688076,0.762538,0.715468,0.709827,0.710455,0.739227,0.745082,0.680638,0.761991,0.731590,0.736498,0.699540,0.712350,0.709495,0.761571,0.688488,0.714362,0.661388,0.717900,0.734660,0.728082,0.625411,0.707695,0.638982,0.728300,0.725915,0.771930,0.694789,0.676505,0.722075,0.672947,0.702284,0.730750,0.761252,0.769320,0.758138,0.762206,0.760943,0.742106,0.735660,0.730681,0.715008,0.708895,0.703139,0.700367,0.723440,0.732799,0.763677,0.653477,0.676903,0.711574,0.738841,0.714816,0.749030,0.752040,0.700040,0.678343,0.728026,0.714448,0.752701,0.707107,0.723303,0.671781,0.729451,0.724749,0.749661,0.704759,0.700570,0.689680,0.665810,0.711446,0.721781,0.719116,0.777972,0.750179,0.757654,0.686262,0.726020,0.694805,0.723500,0.760242,0.702640,0.710310,0.748462,0.720476,0.710794,0.711311,0.711540,0.754359,0.710915,0.701025,0.716600,0.725018,0.683021,0.756665,0.713238,0.689856,0.679637,0.674992,0.667074,0.732254,0.725047,0.725224,#
6,0.715121,0.678972,0.708287,0.684132,0.684027,0.671569,1.000000,0.692695,0.725891,0.657088,0.687826,0.694463,0.671548,0.732790,0.615778,0.687344,0.728945,0.741749,0.698317,0.659157,0.760450,0.695478,0.618403,0.698276,0.677967,0.694386,0.695654,0.706935,0.643706,0.722107,0.684084,0.699584,0.680777,0.680257,0.654840,0.707824,0.663131,0.668434,0.685429,0.684876,0.685619,0.700359,0.717699,0.686694,0.752298,0.656050,0.703937,0.649810,0.736735,0.693975,0.703088,0.709807,0.725098,0.635801,0.703780,0.712774,0.704037,0.727753,0.733136,0.664659,0.723693,0.660531,0.693338,0.675518,0.748251,0.708142,0.718980,0.664269,0.689466,0.663718,0.679231,0.708165,0.718649,0.742684,0.682022,0.653384,0.695792,0.681969,0.712166,0.656550,0.725889,0.690589,0.709137,0.676727,0.687175,0.713382,0.699233,0.692350,0.696248,0.686801,0.659739,0.668064,0.653608,0.691792,0.685775,0.677710,0.727758,0.652592,0.694520,0.711690,0.703467,0.711960,0.716785,0.703751,0.635010,0.667609,0.727467,0.672996,0.698739,0.640619,0.661453,0.690807,0.642466,0.669210,0.662383,0.681198,0.719663,0.690121,0.633420,0.648371,0.682663,0.697667,0.675454,0.754109,0.735901,0.694837,0.656820,0.686835,0.602312,0.679210,0.687483,0.713230,0.690333,0.650995,0.717487,0.715507,0.698580,0.694554,0.745454,0.722059,0.697591,0.723590,0.647131,0.659030,0.660793,0.674236,0.678684,0.662026,0.683946,0.650917,0.730292,0.707959,0.656367,0.594246,0.696545,0.675308,0.695507,0.673682,0.706380,0.653519,0.672994,0.720318,0.697846,0.702376,0.692934,0.695398,0.717972,0.589083,0.669282,0.673117,0.703418,0.703393,0.689803,0.624488,0.706131,0.699358,0.690989,0.713173,0.677687,0.650177,0.693518,0.660518,0.703356,0.708376,0.650904,0.704045,0.628543,0.698451,0.661825,0.701147,0.667471,0.700573,0.661213,0.703596,0.698760,0.673573,0.690798,0.724787,0.702233,0.687622,#
7,0.730724,0.734916,0.728349,0.698565,0.708307,0.751465,0.692695,1.000000,0.799290,0.692391,0.747679,0.733441,0.684459,0.734775,0.730483,0.689531,0.748424,0.752316,0.717313,0.724604,0.740172,0.697385,0.767257,0.746314,0.726017,0.744543,0.729755,0.754024,0.700587,0.731613,0.674468,0.749031,0.710508,0.717377,0.650463,0.729340,0.725481,0.694084,0.763366,0.717400,0.719518,0.671274,0.727758,0.743169,0.737111,0.725157,0.748135,0.734024,0.712722,0.688718,0.780523,0.731135,0.751132,0.751882,0.718256,0.736503,0.697668,0.764991,0.727550,0.726215,0.690847,0.716632,0.742675,0.719869,0.754407,0.750242,0.735955,0.721390,0.744165,0.737682,0.708920,0.656525,0.795024,0.729622,0.745789,0.690882,0.729719,0.698684,0.733069,0.714012,0.767861,0.725415,0.752085,0.693451,0.743395,0.721120,0.769998,0.740895,0.713103,0.698466,0.696443,0.744197,0.725093,0.755272,0.751730,0.695724,0.734683,0.718108,0.724726,0.725194,0.719973,0.709917,0.721065,0.736602,0.688577,0.737697,0.706330,0.737878,0.713573,0.657436,0.768468,0.697799,0.731395,0.751165,0.716993,0.743273,0.704128,0.683249,0.632709,0.744505,0.693930,0.732786,0.704958,0.793298,0.794236,0.702709,0.713678,0.741287,0.681217,0.696497,0.716682,0.722049,0.767181,0.695051,0.781334,0.780474,0.703762,0.751732,0.707929,0.764449,0.706558,0.720456,0.731633,0.686170,0.743903,0.696006,0.715822,0.667795,0.741823,0.730845,0.730815,0.734228,0.728105,0.688985,0.722660,0.760236,0.733654,0.734553,0.739174,0.689972,0.739499,0.702302,0.784290,0.682033,0.683541,0.711537,0.742480,0.648588,0.699750,0.693727,0.762265,0.774135,0.748179,0.716523,0.736874,0.692940,0.715855,0.744836,0.668412,0.728100,0.728300,0.714629,0.692028,0.734522,0.702401,0.772093,0.674152,0.650245,0.724188,0.764636,0.741165,0.726855,0.701662,0.685907,0.723225,0.689470,0.679961,0.757525,0.721941,0.723451,#
8,0.731494,0.771227,0.737814,0.767956,0.716350,0.758905,0.725891,0.799290,1.000000,0.756527,0.721668,0.748917,0.707661,0.721471,0.726547,0.761203,0.716920,0.762594,0.709689,0.731166,0.717758,0.759261,0.765497,0.733573,0.661962,0.722381,0.719954,0.771997,0.689349,0.759520,0.705592,0.741836,0.700151,0.726038,0.663471,0.752115,0.722293,0.726203,0.730991,0.721312,0.716411,0.736816,0.773930,0.715706,0.748331,0.699639,0.704670,0.710496,0.750223,0.713456,0.765213,0.760191,0.724348,0.760702,0.726973,0.784695,0.708616,0.773303,0.736099,0.727131,0.749463,0.710751,0.755631,0.729343,0.752716,0.772669,0.721840,0.730043,0.754326,0.745718,0.705087,0.697642,0.797125,0.775164,0.744816,0.696748,0.735901,0.713289,0.721997,0.740545,0.762296,0.724458,0.736182,0.697670,0.761363,0.755162,0.720427,0.744574,0.686045,0.711287,0.710298,0.734935,0.752226,0.728297,0.781782,0.744829,0.738037,0.685216,0.764707,0.709158,0.741661,0.708894,0.760704,0.765313,0.712591,0.725508,0.748458,0.761896,0.699372,0.713229,0.736460,0.705961,0.724633,0.743383,0.727585,0.767097,0.717672,0.684101,0.686651,0.755796,0.699581,0.715846,0.728318,0.762989,0.734995,0.742739,0.717690,0.752798,0.691325,0.741175,0.697208,0.713456,0.759512,0.747960,0.797072,0.750827,0.707450,0.738041,0.693926,0.730567,0.725321,0.760070,0.763893,0.713328,0.725304,0.692766,0.731352,0.683769,0.764855,0.730592,0.744867,0.743902,0.708849,0.742444,0.750432,0.756979,0.756614,0.756542,0.742664,0.716193,0.723062,0.732607,0.763323,0.732432,0.733612,0.705799,0.733664,0.638813,0.727688,0.747008,0.761165,0.748903,0.750698,0.689585,0.768332,0.714363,0.702590,0.784753,0.682641,0.678797,0.725160,0.734188,0.664215,0.768647,0.730937,0.758467,0.697239,0.680510,0.743538,0.741292,0.728886,0.740853,0.742660,0.710289,0.733598,0.709419,0.721078,0.735123,0.733487,0.736186,#
9,0.690074,0.680468,0.672809,0.707638,0.693874,0.685674,0.657088,0.692391,0.756527,1.000000,0.705554,0.643805,0.672019,0.688885,0.706421,0.708951,0.703210,0.710032,0.710027,0.711102,0.761412,0.661416,0.690604,0.737718,0.645906,0.659398,0.692192,0.753687,0.638108,0.738582,0.668469,0.681663,0.678545,0.716279,0.692441,0.704108,0.683129,0.689630,0.718269,0.674098,0.730827,0.693850,0.710278,0.658301,0.719786,0.687268,0.674609,0.693909,0.663883,0.651772,0.666041,0.678265,0.668362,0.661768,0.669502,0.715430,0.673276,0.733199,0.692834,0.668474,0.707551,0.669123,0.737917,0.702812,0.694615,0.739287,0.683826,0.685381,0.706273,0.626834,0.705229,0.677962,0.700770,0.673918,0.684314,0.654756,0.634646,0.694144,0.694518,0.732664,0.725591,0.710466,0.668690,0.683676,0.743965,0.675132,0.673253,0.737887,0.664965,0.597695,0.666859,0.715469,0.723898,0.688060,0.734567,0.686593,0.693666,0.687642,0.728525,0.616296,0.676156,0.677281,0.741104,0.706127,0.707858,0.710208,0.695720,0.672406,0.713715,0.693879,0.733993,0.697897,0.719188,0.735888,0.643644,0.737124,0.613071,0.658040,0.621373,0.666423,0.654014,0.716598,0.701824,0.726433,0.696328,0.663859,0.666819,0.674247,0.705071,0.688139,0.660796,0.703393,0.701192,0.730623,0.737875,0.671469,0.672539,0.703694,0.676332,0.691305,0.640015,0.729158,0.726191,0.695516,0.664849,0.670094,0.687597,0.692299,0.683068,0.684194,0.652806,0.661926,0.686802,0.683744,0.726243,0.699932,0.689789,0.710933,0.705106,0.682338,0.688111,0.702608,0.707715,0.716534,0.694496,0.656508,0.660727,0.622078,0.719570,0.659486,0.730146,0.708815,0.712758,0.665852,0.698915,0.737403,0.679971,0.749059,0.669220,0.673666,0.687337,0.663131,0.699941,0.673963,0.656533,0.739313,0.617978,0.647811,0.768106,0.689561,0.699063,0.718707,0.682331,0.650319,0.675865,0.643417,0.664230,0.709034,0.679611,0.670500,#
10,0.750024,0.714679,0.737116,0.718918,0.650323,0.737211,0.687826,0.747679,0.721668,0.705554,1.000000,0.692299,0.646655,0.693924,0.656358,0.705038,0.723679,0.714796,0.718195,0.712899,0.721960,0.641138,0.696579,0.738449,0.652125,0.678802,0.688179,0.777009,0.656234,0.751301,0.690896,0.714155,0.704680,0.698211,0.706050,0.739663,0.681479,0.722150,0.732164,0.685210,0.742238,0.672368,0.697032,0.683774,0.714149,0.733695,0.739556,0.721104,0.740021,0.751226,0.688415,0.713953,0.731485,0.686720,0.694940,0.731359,0.683842,0.713261,0.704464,0.709845,0.732927,0.725036,0.740616,0.765696,0.762865,0.688490,0.736436,0.654318,0.700975,0.699517,0.681749,0.715172,0.766785,0.689244,0.674825,0.707955,0.703248,0.735565,0.712839,0.672020,0.801481,0.708457,0.709764,0.700942,0.749847,0.685789,0.741704,0.759038,0.687471,0.720509,0.666599,0.759700,0.752052,0.739004,0.722294,0.765475,0.688655,0.650848,0.766047,0.727644,0.684735,0.680773,0.728181,0.743002,0.744184,0.696748,0.689676,0.722400,0.706587,0.660357,0.705915,0.706435,0.698877,0.728262,0.697948,0.765828,0.673721,0.662593,0.659887,0.684908,0.678282,0.747445,0.650547,0.740047,0.673591,0.671271,0.734866,0.720022,0.694485,0.684374,0.681632,0.713916,0.696434,0.699556,0.754010,0.731472,0.690126,0.726858,0.689821,0.751193,0.763787,0.686583,0.669518,0.695630,0.687000,0.616240,0.642077,0.673033,0.732478,0.682620,0.727075,0.732460,0.723557,0.643464,0.717528,0.697922,0.753536,0.719964,0.729526,0.671813,0.751419,0.673827,0.718008,0.724862,0.694248,0.665770,0.750423,0.627120,0.724499,0.735046,0.732911,0.724957,0.683138,0.679825,0.725653,0.683734,0.722734,0.777724,0.631207,0.711870,0.690732,0.677267,0.717318,0.694213,0.682666,0.724890,0.641577,0.656433,0.692885,0.752736,0.729038,0.701116,0.719341,0.685354,0.723671,0.708521,0.657284,0.756072,0.728307,0.733229,#
11,0.712092,0.693814,0.695859,0.686249,0.695698,0.712684,0.694463,0.733441,0.748917,0.643805,0.692299,1.000000,0.695985,0.695890,0.637707,0.685886,0.715640,0.747954,0.717636,0.647283,0.707562,0.695197,0.664338,0.675910,0.675963,0.702336,0.645270,0.719840,0.661997,0.695954,0.683289,0.713907,0.700367,0.692044,0.626161,0.699885,0.732311,0.695102,0.678104,0.712687,0.686012,0.681096,0.723094,0.681885,0.700926,0.693723,0.724568,0.701143,0.705343,0.691398,0.698654,0.695997,0.700421,0.708119,0.698838,0.700857,0.615772,0.733647,0.694254,0.665621,0.668590,0.643856,0.736962,0.684977,0.716973,0.721273,0.705262,0.700724,0.724631,0.715335,0.682090,0.689880,0.736260,0.701133,0.689781,0.606471,0.730711,0.687009,0.684796,0.626264,0.730815,0.682759,0.717582,0.655293,0.726098,0.679101,0.664493,0.703853,0.676264,0.643021,0.664250,0.726780,0.717687,0.719633,0.714832,0.733219,0.690490,0.650299,0.728724,0.698339,0.666129,0.690017,0.702520,0.715981,0.679340,0.715084,0.684392,0.740398,0.729473,0.703133,0.750651,0.703666,0.702757,0.712562,0.610790,0.741497,0.673442,0.692184,0.608570,0.714092,0.610168,0.709221,0.699906,0.732754,0.723038,0.670180,0.675226,0.668538,0.705833,0.679811,0.697917,0.699898,0.728263,0.719031,0.736594,0.698366,0.688419,0.716906,0.680410,0.712625,0.699214,0.653683,0.687440,0.707735,0.739680,0.622265,0.699228,0.682995,0.677695,0.693102,0.700540,0.709890,0.675828,0.664022,0.716637,0.693650,0.742936,0.660390,0.725662,0.637198,0.678312,0.724088,0.723697,0.672882,0.705953,0.614313,0.722830,0.604914,0.681214,0.736996,0.699094,0.708266,0.726262,0.668947,0.694130,0.691832,0.685286,0.725701,0.630708,0.696990,0.702542,0.656004,0.681621,0.670237,0.686505,0.679957,0.633872,0.703934,0.712241,0.733949,0.694869,0.701467,0.730411,0.703313,0.712828,0.681895,0.675173,0.714062,0.690345,0.679514,#
12,0.678038,0.654603,0.641193,0.653073,0.650860,0.659940,0.671548,0.684459,0.707661,0.672019,0.646655,0.695985,1.000000,0.700130,0.700490,0.656775,0.715157,0.732186,0.722594,0.699100,0.701595,0.636376,0.691649,0.718587,0.624617,0.673461,0.656567,0.711690,0.670216,0.659403,0.631757,0.694669,0.689428,0.691532,0.662151,0.711428,0.685845,0.681740,0.692193,0.688111,0.629559,0.617788,0.678262,0.710976,0.696260,0.679969,0.705479,0.625938,0.687793,0.643527,0.732863,0.646747,0.663631,0.674095,0.732761,0.687041,0.626316,0.700726,0.638893,0.618968,0.656737,0.688669,0.658084,0.703561,0.748193,0.692943,0.668442,0.642251,0.708405,0.667377,0.660471,0.646906,0.733422,0.673558,0.722694,0.669167,0.704164,0.619492,0.673451,0.674512,0.709759,0.657812,0.670499,0.675830,0.659036,0.689480,0.661397,0.706325,0.699326,0.624131,0.666006,0.660014,0.689204,0.642921,0.666219,0.716392,0.755722,0.664010,0.671278,0.630995,0.629952,0.678732,0.713594,0.720406,0.638069,0.652401,0.666001,0.650360,0.687607,0.654876,0.704811,0.650794,0.665195,0.668688,0.713351,0.680374,0.673735,0.610740,0.650079,0.650714,0.650260,0.694896,0.687116,0.740399,0.718935,0.642655,0.670524,0.610553,0.623074,0.665213,0.642749,0.655096,0.638922,0.672677,0.691697,0.666132,0.674739,0.694354,0.689907,0.658659,0.715887,0.711281,0.669216,0.674228,0.647261,0.642396,0.666056,0.651682,0.678385,0.724162,0.666654,0.708096,0.675361,0.593197,0.655190,0.751915,0.709998,0.683183,0.702409,0.651207,0.664386,0.719643,0.716075,0.664760,0.733382,0.595930,0.693521,0.667746,0.630530,0.650286,0.705174,0.699503,0.689639,0.672584,0.676312,0.652808,0.730373,0.753292,0.626372,0.593846,0.669561,0.680858,0.680281,0.657943,0.615490,0.683274,0.635449,0.709924,0.675346,0.644740,0.655118,0.668685,0.666196,0.669828,0.648888,0.683577,0.652537,0.709699,0.710635,0.589525,#
13,0.706842,0.662265,0.716583,0.687514,0.715022,0.677776,0.732790,0.734775,0.721471,0.688885,0.693924,0.695890,0.700130,1.000000,0.686065,0.696553,0.727964,0.766524,0.735800,0.721742,0.761532,0.693138,0.717119,0.719147,0.658991,0.715585,0.682880,0.761018,0.698225,0.745858,0.653205,0.713966,0.734696,0.728521,0.632930,0.691616,0.711117,0.736205,0.711074,0.718916,0.752012,0.696159,0.726625,0.703595,0.776761,0.737359,0.708894,0.709991,0.755832,0.690507,0.727972,0.752003,0.706238,0.722415,0.735822,0.752830,0.692245,0.744049,0.720736,0.699542,0.738457,0.723888,0.723349,0.753677,0.756640,0.715732,0.736049,0.690381,0.734274,0.692444,0.672151,0.714024,0.702300,0.737455,0.745589,0.697535,0.717921,0.704784,0.756002,0.742536,0.750003,0.725709,0.748008,0.715143,0.722751,0.715994,0.684778,0.701002,0.749310,0.693378,0.681087,0.726516,0.728383,0.751599,0.744188,0.688669,0.713008,0.654377,0.703748,0.752595,0.701721,0.720293,0.725731,0.790242,0.678937,0.759972,0.716935,0.741278,0.737379,0.686811,0.722183,0.721365,0.744355,0.747313,0.728431,0.756015,0.678892,0.740387,0.677542,0.725150,0.698001,0.732575,0.691679,0.716951,0.743616,0.649990,0.694441,0.651544,0.690052,0.693279,0.675581,0.719357,0.702081,0.701111,0.779285,0.713999,0.697220,0.735159,0.740485,0.732434,0.673266,0.754179,0.754961,0.712579,0.668253,0.696015,0.717839,0.688349,0.709621,0.696220,0.712694,0.749322,0.679559,0.703928,0.708454,0.728981,0.736901,0.705810,0.754144,0.693136,0.710142,0.731930,0.720602,0.725332,0.704425,0.683868,0.721414,0.650970,0.740580,0.680486,0.722459,0.759846,0.761234,0.706540,0.760525,0.728412,0.738607,0.802892,0.694284,0.666642,0.679332,0.724829,0.713404,0.724690,0.743971,0.755144,0.686342,0.711743,0.658985,0.720142,0.709509,0.714873,0.720718,0.749180,0.736074,0.676864,0.699945,0.729863,0.728942,0.678933,#
14,0.701083,0.658199,0.645760,0.680678,0.657516,0.689392,0.615778,0.730483,0.726547,0.706421,0.656358,0.637707,0.700490,0.686065,1.000000,0.700564,0.707191,0.689289,0.672625,0.717665,0.725216,0.625602,0.667343,0.732419,0.630290,0.611641,0.690068,0.701111,0.657193,0.683464,0.653931,0.725074,0.670553,0.668944,0.659414,0.664135,0.650253,0.680058,0.701572,0.656603,0.641984,0.633187,0.704170,0.670985,0.689555,0.704781,0.673723,0.632397,0.618807,0.649151,0.678758,0.644256,0.660532,0.725146,0.698811,0.692042,0.657926,0.676433,0.683157,0.634087,0.692541,0.713400,0.699011,0.683067,0.673418,0.619686,0.671745,0.677310,0.666415,0.690664,0.649459,0.639211,0.705953,0.647090,0.734164,0.645127,0.703979,0.667615,0.664301,0.622471,0.722727,0.709568,0.698968,0.707723,0.695120,0.688320,0.661353,0.709991,0.681617,0.589860,0.617816,0.638396,0.706793,0.720539,0.712979,0.698409,0.754320,0.642552,0.673509,0.616932,0.690905,0.690741,0.710082,0.682389,0.685220,0.679162,0.669167,0.654215,0.657492,0.632841,0.691209,0.628377,0.709895,0.693009,0.657019,0.694677,0.656523,0.620992,0.609006,0.646004,0.681369,0.718618,0.646918,0.690374,0.732688,0.575691,0.653055,0.694085,0.611548,0.698826,0.621559,0.659036,0.665036,0.673079,0.705246,0.692894,0.629893,0.695284,0.662800,0.679923,0.663420,0.694125,0.636748,0.688948,0.622219,0.699658,0.703498,0.647162,0.648851,0.628458,0.686448,0.684653,0.614313,0.636866,0.720740,0.690395,0.680938,0.674729,0.653451,0.646769,0.648177,0.636901,0.709824,0.646650,0.641920,0.603682,0.643963,0.595646,0.636021,0.697274,0.692059,0.676462,0.702579,0.676439,0.670097,0.679671,0.685738,0.739910,0.630873,0.602639,0.660042,0.709046,0.672137,0.667675,0.662398,0.665848,0.660094,0.604525,0.654754,0.683940,0.617860,0.662536,0.697637,0.662797,0.661394,0.651834,0.634796,0.670064,0.666927,0.602845,#
15,0.758171,0.680892,0.706877,0.708197,0.693567,0.746964,0.687344,0.689531,0.761203,0.708951,0.705038,0.685886,0.656775,0.696553,0.700564,1.000000,0.738571,0.743739,0.718971,0.714071,0.703875,0.678996,0.693733,0.747670,0.674500,0.699136,0.694956,0.704654,0.669732,0.744421,0.698039,0.749201,0.690891,0.727814,0.659661,0.766151,0.727752,0.702079,0.754744,0.662565,0.688852,0.683841,0.711856,0.673896,0.750905,0.689434,0.687347,0.740357,0.724537,0.729888,0.664767,0.737891,0.704067,0.689814,0.713275,0.710749,0.689642,0.701509,0.710705,0.687526,0.732910,0.676134,0.725005,0.740286,0.694055,0.744207,0.687784,0.699467,0.669872,0.629584,0.704422,0.672935,0.684910,0.666746,0.712528,0.648723,0.718699,0.685096,0.700710,0.677886,0.754448,0.698951,0.652812,0.722705,0.769906,0.739926,0.677114,0.768896,0.679380,0.662711,0.672447,0.671030,0.699108,0.707813,0.690951,0.689287,0.718668,0.631827,0.691778,0.673423,0.747654,0.675995,0.736156,0.728374,0.662338,0.714402,0.722824,0.725107,0.668422,0.708627,0.659364,0.672608,0.696364,0.707289,0.647374,0.702199,0.678170,0.680817,0.660771,0.663354,0.677415,0.697294,0.701994,0.739276,0.690758,0.678889,0.724022,0.704026,0.680639,0.757347,0.644978,0.681726,0.683229,0.681791,0.732919,0.682603,0.663628,0.664505,0.725931,0.692484,0.664096,0.686793,0.687967,0.669059,0.690509,0.643043,0.668118,0.681903,0.730499,0.679176,0.712455,0.680340,0.727425,0.686177,0.696858,0.707353,0.756896,0.695478,0.711325,0.682567,0.681110,0.718867,0.761802,0.649848,0.703970,0.703589,0.727835,0.684786,0.744384,0.650425,0.664242,0.749801,0.678420,0.694654,0.711281,0.720524,0.728796,0.752432,0.651522,0.672588,0.714710,0.694369,0.675026,0.733694,0.676288,0.718713,0.628222,0.685138,0.653242,0.713310,0.648575,0.722938,0.712442,0.671808,0.673989,0.660309,0.704381,0.743549,0.729940,0.662591,#
16,0.786010,0.706440,0.674267,0.709207,0.719638,0.731821,0.728945,0.748424,0.716920,0.703210,0.723679,0.715640,0.715157,0.727964,0.707191,0.738571,1.000000,0.755309,0.729669,0.749592,0.789064,0.699987,0.662266,0.746609,0.674596,0.736896,0.739333,0.677880,0.653042,0.747539,0.702839,0.769032,0.740063,0.724085,0.691605,0.745096,0.732091,0.716036,0.731741,0.725231,0.709335,0.700338,0.719346,0.718831,0.717203,0.747740,0.700336,0.731228,0.722421,0.729147,0.696722,0.708440,0.760425,0.759736,0.733786,0.748966,0.637571,0.743701,0.725506,0.670580,0.704026,0.732599,0.732243,0.715473,0.736546,0.702875,0.716832,0.745601,0.751303,0.750005,0.677196,0.706854,0.777035,0.703778,0.725662,0.678714,0.711597,0.741108,0.731887,0.741318,0.775749,0.732685,0.725086,0.754453,0.753829,0.735380,0.753154,0.731932,0.730356,0.717300,0.683012,0.711728,0.744702,0.729988,0.751994,0.748379,0.750458,0.643194,0.739768,0.719950,0.707829,0.692648,0.739442,0.740227,0.680955,0.772587,0.762887,0.740947,0.761919,0.694800,0.738473,0.733723,0.736133,0.753973,0.743062,0.748809,0.744486,0.711939,0.651987,0.655637,0.710720,0.766282,0.743883,0.781932,0.777482,0.687092,0.714528,0.676044,0.692377,0.729841,0.730065,0.707444,0.757271,0.659261,0.795855,0.773963,0.711115,0.712342,0.717326,0.749206,0.697340,0.724598,0.730953,0.721421,0.707280,0.660932,0.701609,0.705046,0.719615,0.750710,0.679123,0.772101,0.669512,0.669014,0.762990,0.734967,0.734681,0.712641,0.739664,0.721696,0.678458,0.732705,0.767683,0.708286,0.710296,0.710284,0.730548,0.687467,0.740640,0.686146,0.736006,0.749580,0.725620,0.681959,0.731060,0.722954,0.693436,0.776513,0.694323,0.667258,0.693425,0.693930,0.715646,0.688112,0.716634,0.752855,0.718922,0.734128,0.711075,0.722178,0.751178,0.703811,0.718201,0.694205,0.701965,0.715473,0.711080,0.732740,0.737026,0.685260,#
17,0.783559,0.692040,0.720447,0.726095,0.753428,0.759183,0.741749,0.752316,0.762594,0.710032,0.714796,0.747954,0.732186,0.766524,0.689289,0.743739,0.755309,1.000000,0.722346,0.761720,0.771515,0.705743,0.707579,0.785438,0.735770,0.729065,0.744298,0.738449,0.685456,0.746924,0.736422,0.736965,0.726063,0.691240,0.679877,0.782523,0.701723,0.751699,0.777003,0.744650,0.760181,0.736111,0.751483,0.727116,0.735280,0.720883,0.738115,0.767707,0.748111,0.736100,0.764651,0.722218,0.730805,0.702615,0.745796,0.780425,0.718726,0.720718,0.749069,0.668416,0.726873,0.731792,0.704848,0.754969,0.754484,0.798758,0.773301,0.757311,0.735196,0.717492,0.709720,0.758329,0.738528,0.718933,0.722808,0.698137,0.744242,0.718419,0.730498,0.744558,0.764700,0.731756,0.762452,0.716795,0.734688,0.721575,0.776699,0.754171,0.726784,0.713907,0.721346,0.702719,0.759842,0.741526,0.714590,0.784427,0.743674,0.682400,0.706901,0.739957,0.754061,0.675425,0.743508,0.766892,0.703896,0.726196,0.740722,0.739256,0.720242,0.692251,0.742521,0.721136,0.718557,0.776067,0.729753,0.718642,0.704020,0.712727,0.683444,0.705055,0.697420,0.759733,0.720776,0.773236,0.785404,0.740287,0.725540,0.687952,0.696750,0.735517,0.769319,0.770843,0.759426,0.705764,0.736366,0.741994,0.738230,0.757577,0.754366,0.779798,0.754737,0.742088,0.765538,0.730205,0.739218,0.716210,0.714181,0.724622,0.725852,0.692960,0.759251,0.730482,0.688784,0.696096,0.781194,0.783578,0.796866,0.739735,0.765078,0.691572,0.727089,0.735247,0.785308,0.721127,0.740782,0.705008,0.693988,0.667242,0.750119,0.697889,0.768789,0.740229,0.748883,0.707268,0.765547,0.712352,0.746028,0.772488,0.666960,0.742610,0.733017,0.763037,0.727866,0.763738,0.742913,0.739263,0.715048,0.756761,0.720951,0.712879,0.714574,0.764684,0.757267,0.743416,0.746052,0.747616,0.701736,0.779298,0.722589,0.722560,#
18,0.737221,0.684113,0.686015,0.759207,0.705486,0.671286,0.698317,0.717313,0.709689,0.710027,0.718195,0.717636,0.722594,0.735800,0.672625,0.718971,0.729669,0.722346,1.000000,0.739925,0.740959,0.714124,0.706768,0.716916,0.676812,0.720460,0.692775,0.734828,0.674141,0.702724,0.641853,0.702856,0.732337,0.735691,0.711727,0.767708,0.704041,0.722628,0.712463,0.721192,0.741449,0.649459,0.709480,0.662255,0.767626,0.692571,0.718677,0.708773,0.683598,0.686732,0.697739,0.705790,0.730460,0.660717,0.729258,0.739642,0.667943,0.733997,0.696526,0.707933,0.713861,0.670500,0.734161,0.715953,0.776509,0.692993,0.706696,0.697171,0.661003,0.711222,0.692911,0.686254,0.726552,0.660873,0.736811,0.677686,0.735081,0.691689,0.737584,0.686691,0.717037,0.685140,0.721900,0.699752,0.718872,0.691680,0.718694,0.710620,0.702656,0.685346,0.711067,0.673449,0.724983,0.719249,0.743541,0.729917,0.741408,0.673424,0.730859,0.707005,0.710517,0.677179,0.726564,0.730412,0.734132,0.725868,0.684167,0.690082,0.710357,0.663179,0.742849,0.692520,0.750739,0.739903,0.657180,0.698442,0.685827,0.637979,0.651759,0.696320,0.667445,0.744741,0.706134,0.714869,0.714588,0.644261,0.699212,0.695944,0.730409,0.670772,0.676625,0.734124,0.690043,0.706682,0.744642,0.722657,0.744085,0.738068,0.686425,0.726536,0.672008,0.726667,0.708673,0.729462,0.693033,0.719684,0.669836,0.669090,0.697895,0.694508,0.681183,0.744859,0.690825,0.665539,0.713072,0.726480,0.739005,0.729157,0.716443,0.688822,0.726547,0.717779,0.758436,0.710264,0.701638,0.728867,0.756072,0.659450,0.698114,0.720544,0.667769,0.747231,0.734658,0.698137,0.671609,0.738173,0.727371,0.762812,0.666565,0.689250,0.688914,0.692600,0.685555,0.699564,0.695005,0.710501,0.719351,0.672525,0.686844,0.698087,0.697260,0.716281,0.684743,0.741373,0.741204,0.693844,0.671330,0.725364,0.743874,0.668451,#
19,0.734378,0.682196,0.698717,0.704795,0.765718,0.770571,0.659157,0.724604,0.731166,0.711102,0.712899,0.647283,0.699100,0.721742,0.717665,0.714071,0.749592,0.761720,0.739925,1.000000,0.736772,0.660456,0.690492,0.706692,0.653163,0.687620,0.731811,0.705295,0.690421,0.729844,0.720054,0.744780,0.693494,0.688115,0.638895,0.746566,0.694377,0.684860,0.730301,0.702408,0.731327,0.669121,0.695602,0.673704,0.695447,0.723221,0.758372,0.722493,0.717775,0.680790,0.676017,0.685078,0.710275,0.699591,0.709327,0.724773,0.715223,0.697556,0.716757,0.658961,0.718897,0.730680,0.744852,0.740163,0.750185,0.689375,0.694878,0.697405,0.666948,0.688742,0.709170,0.679253,0.736436,0.723667,0.729170,0.670821,0.694849,0.693087,0.725900,0.701923,0.748038,0.692734,0.758138,0.685125,0.707523,0.708790,0.704484,0.772242,0.721824,0.622952,0.699800,0.689560,0.748210,0.708409,0.705636,0.732134,0.739026,0.656301,0.665274,0.696620,0.701567,0.701214,0.738316,0.726615,0.690182,0.734464,0.712559,0.729669,0.696155,0.628283,0.676438,0.679269,0.735673,0.742060,0.705320,0.681334,0.729833,0.704019,0.653318,0.619080,0.677954,0.755688,0.700077,0.768276,0.773036,0.652485,0.734039,0.670839,0.720169,0.753756,0.693343,0.720942,0.708542,0.706891,0.767904,0.710369,0.689103,0.731696,0.688732,0.710668,0.676820,0.699037,0.697014,0.700205,0.686050,0.684342,0.665493,0.661269,0.711071,0.687526,0.708610,0.772074,0.670062,0.665942,0.749897,0.712256,0.752554,0.716392,0.721174,0.709008,0.719284,0.685082,0.724496,0.660285,0.717456,0.664025,0.676783,0.682865,0.716437,0.670563,0.724987,0.755349,0.763139,0.698324,0.711840,0.687919,0.722753,0.788747,0.691750,0.640528,0.628659,0.709948,0.716382,0.766903,0.730831,0.714753,0.665650,0.697637,0.719301,0.717753,0.721551,0.740880,0.687127,0.703794,0.683998,0.739641,0.632053,0.711752,0.732690,0.683722,#
20,0.756973,0.715141,0.715098,0.712021,0.767398,0.728014,0.760450,0.740172,0.717758,0.761412,0.721960,0.707562,0.701595,0.761532,0.725216,0.703875,0.789064,0.771515,0.740959,0.736772,1.000000,0.731080,0.683000,0.747589,0.700446,0.759018,0.755464,0.729185,0.690020,0.732814,0.694945,0.717020,0.725839,0.742675,0.701269,0.785235,0.746430,0.738379,0.770751,0.760816,0.737872,0.767975,0.714129,0.720702,0.769191,0.729724,0.770738,0.719139,0.707798,0.719008,0.705077,0.747026,0.721256,0.752574,0.758977,0.769886,0.716656,0.769762,0.733770,0.684693,0.745757,0.725224,0.772767,0.714958,0.743072,0.723242,0.742238,0.725761,0.755327,0.725304,0.741409,0.729959,0.743240,0.731819,0.738615,0.654123,0.705411,0.741170,0.740955,0.734710,0.757151,0.788812,0.755929,0.722557,0.730865,0.732519,0.758428,0.730697,0.742283,0.720557,0.734948,0.737224,0.743801,0.776303,0.800721,0.718775,0.708369,0.690163,0.741355,0.712944,0.761815,0.726548,0.788369,0.750209,0.742022,0.717077,0.748616,0.758182,0.738728,0.752914,0.767914,0.771986,0.730720,0.719479,0.730235,0.737287,0.744877,0.750348,0.659524,0.707407,0.728842,0.767967,0.710696,0.800737,0.754265,0.729961,0.722849,0.686646,0.744079,0.726265,0.752216,0.727718,0.746475,0.764480,0.779982,0.701085,0.719594,0.744447,0.750871,0.773135,0.727887,0.731216,0.726272,0.751112,0.729058,0.708683,0.716966,0.705909,0.714579,0.762960,0.760219,0.761639,0.714975,0.715110,0.774762,0.744615,0.736700,0.721941,0.724718,0.734980,0.722538,0.763655,0.751820,0.724566,0.759773,0.639583,0.695783,0.665227,0.734687,0.730100,0.752239,0.721942,0.790500,0.711792,0.723710,0.729507,0.704043,0.784786,0.734583,0.722034,0.694966,0.718837,0.703799,0.720629,0.712667,0.741153,0.704705,0.751503,0.713208,0.740039,0.675091,0.716594,0.715597,0.766949,0.719009,0.690420,0.732583,0.753170,0.776996,0.730447,#
21,0.659531,0.737485,0.695074,0.694090,0.673918,0.690027,0.695478,0.697385,0.759261,0.661416,0.641138,0.695197,0.636376,0.693138,0.625602,0.678996,0.699987,0.705743,0.714124,0.660456,0.731080,1.000000,0.660573,0.678158,0.646821,0.653751,0.707503,0.687543,0.651268,0.685071,0.669545,0.682658,0.694085,0.674450,0.648224,0.749974,0.706023,0.720848,0.726553,0.652997,0.678984,0.702263,0.664869,0.691259,0.700114,0.672291,0.676862,0.711396,0.674235,0.623870,0.653735,0.703458,0.656098,0.645998,0.690604,0.722340,0.668907,0.687472,0.699957,0.619478,0.701172,0.645592,0.693418,0.662953,0.760958,0.691651,0.685981,0.692458,0.703143,0.702639,0.673113,0.716017,0.734600,0.715143,0.706939,0.647955,0.661992,0.676780,0.685701,0.677344,0.686799,0.690153,0.704019,0.620650,0.735650,0.669279,0.704476,0.705141,0.704576,0.700251,0.638370,0.610226,0.671323,0.695012,0.709382,0.686543,0.712419,0.634422,0.665225,0.677963,0.735239,0.702874,0.699615,0.683870,0.633019,0.720026,0.664092,0.666119,0.695948,0.686539,0.716241,0.711017,0.679522,0.704033,0.628175,0.690899,0.708725,0.700647,0.594907,0.672518,0.639264,0.721351,0.693022,0.714786,0.706071,0.612859,0.677100,0.695037,0.679284,0.674114,0.690624,0.727019,0.715863,0.674896,0.727654,0.647038,0.662694,0.660250,0.670980,0.726594,0.698488,0.714530,0.679094,0.698175,0.677022,0.684301,0.690789,0.663247,0.666839,0.671355,0.715221,0.703556,0.653367,0.650547,0.710982,0.716853,0.700248,0.663986,0.661660,0.676049,0.683349,0.720107,0.740188,0.720351,0.716213,0.630675,0.687515,0.638206,0.649993,0.706917,0.684616,0.688971,0.696715,0.644543,0.681837,0.721328,0.638461,0.735301,0.628715,0.657505,0.646171,0.687231,0.620220,0.723320,0.670290,0.724592,0.670951,0.640980,0.649794,0.712236,0.693945,0.669839,0.693996,0.712529,0.730026,0.664986,0.684462,0.726934,0.690859,0.660324,#
