0,1.000000,0.807780,0.818587,0.809197,0.778739,0.825764,0.802311,0.808971,0.815495,0.778970,0.800430,0.822819,0.781687,0.803138,0.812560,0.815562,0.838263,0.851422,0.818505,0.822388,0.821802,0.786300,0.837021,0.847955,0.751631,0.791894,0.803865,0.795615,0.785201,0.807598,0.787833,0.827085,0.810164,0.798712,0.832588,0.810221,0.791936,0.807121,0.818663,0.820457,0.821980,0.792252,0.840614,0.780309,0.817502,0.782233,0.808379,0.842528,0.813535,0.836208,0.813756,0.834331,0.818953,0.821954,0.841514,0.833602,0.821228,0.843268,0.807852,0.813255,0.825907,0.804587,0.827015,0.827042,0.833835,0.803085,0.840703,0.815417,0.807142,0.781852,0.786927,0.789615,0.851195,0.834516,0.809661,0.778445,0.847240,0.816857,0.822931,0.792326,0.830820,0.796439,0.822078,0.819711,0.831492,0.836702,0.826975,0.818524,0.795341,0.808213,0.786877,0.820776,0.822012,0.811029,0.809606,0.823769,0.809040,0.761720,0.823035,0.834869,0.819799,0.801349,0.821360,0.831472,0.793590,0.826872,0.810856,0.836118,0.811818,0.759718,0.806772,0.810176,0.811150,0.802106,0.811438,0.841529,0.807115,0.785368,0.790971,0.799367,0.773345,0.842832,0.832283,0.844114,0.837841,0.810999,0.794330,0.784539,0.760541,0.807995,0.807528,0.805022,0.813409,0.781314,0.826692,0.816802,0.801340,0.809186,0.774837,0.819125,0.806251,0.802791,0.771332,0.823743,0.810528,0.727587,0.789418,0.769284,0.818088,0.807210,0.804985,0.827226,0.800215,0.774671,0.809735,0.806366,0.837999,0.821414,0.843774,0.803972,0.833002,0.828455,0.809541,0.803880,0.795742,0.817656,0.817713,0.799338,0.826005,0.806047,0.806417,0.810199,0.814538,0.832925,0.811986,0.807823,0.826848,0.827345,0.803947,0.788557,0.788286,0.825623,0.792162,0.783734,0.795293,0.795812,0.769708,0.825664,0.800228,0.789773,0.801410,0.836900,0.811853,0.806730,0.804995,0.820961,0.791288,0.826171,0.814768,0.794652,#
1,0.807780,1.000000,0.796765,0.803764,0.793836,0.819833,0.781011,0.810537,0.827118,0.800998,0.813287,0.810581,0.780918,0.785066,0.783277,0.811323,0.789291,0.801127,0.781977,0.808625,0.797514,0.834591,0.821201,0.797726,0.777202,0.753105,0.792587,0.829008,0.774728,0.770156,0.825301,0.816501,0.804717,0.822069,0.777946,0.807496,0.771958,0.809622,0.824973,0.803010,0.807810,0.772029,0.804839,0.780040,0.787649,0.790376,0.832227,0.795295,0.829029,0.805010,0.796743,0.835322,0.817342,0.782816,0.838042,0.813466,0.788636,0.812018,0.802601,0.787820,0.788849,0.790868,0.765572,0.780030,0.818942,0.828455,0.834344,0.829370,0.802691,0.806390,0.801988,0.808923,0.856235,0.784675,0.806750,0.797786,0.792608,0.786854,0.824220,0.788495,0.822964,0.795023,0.815286,0.821017,0.829057,0.805198,0.799367,0.834311,0.810122,0.781083,0.770718,0.810905,0.808932,0.812917,0.791735,0.797952,0.793078,0.775397,0.788599,0.803916,0.815477,0.803113,0.785647,0.789876,0.758327,0.816069,0.784877,0.826609,0.797403,0.759563,0.789839,0.782265,0.790117,0.809698,0.787281,0.810935,0.803734,0.797424,0.770680,0.761845,0.796008,0.817746,0.804100,0.820727,0.797896,0.777375,0.794725,0.794505,0.807339,0.830173,0.775472,0.834485,0.784857,0.788346,0.836029,0.792331,0.801894,0.798640,0.792498,0.792974,0.814877,0.807813,0.793296,0.834846,0.812415,0.754289,0.770505,0.760745,0.827042,0.766077,0.836588,0.834574,0.796953,0.733444,0.822509,0.788818,0.815511,0.812913,0.781058,0.769780,0.787489,0.830378,0.802332,0.836946,0.795503,0.768195,0.814759,0.752985,0.782914,0.800261,0.804483,0.804816,0.791767,0.821803,0.807565,0.792767,0.797065,0.822127,0.771756,0.800145,0.790204,0.793283,0.799639,0.788924,0.805176,0.835324,0.777645,0.722759,0.807113,0.805529,0.817908,0.806788,0.794903,0.775929,0.801453,0.749960,0.778882,0.841789,0.778480,0.811117,#
2,0.818587,0.796765,1.000000,0.792016,0.796076,0.808346,0.784966,0.812976,0.805749,0.776219,0.801693,0.783832,0.749048,0.804338,0.788297,0.786617,0.771427,0.799363,0.767027,0.806160,0.797407,0.789297,0.786390,0.821772,0.751980,0.776489,0.833413,0.808286,0.808084,0.801268,0.803191,0.785242,0.797825,0.775898,0.794751,0.797388,0.790712,0.797468,0.834183,0.761460,0.788684,0.778947,0.812626,0.755014,0.781915,0.785743,0.834605,0.772150,0.772794,0.807841,0.787169,0.827183,0.816904,0.801648,0.842153,0.813422,0.810088,0.778366,0.803925,0.789782,0.846381,0.792476,0.772640,0.816218,0.817371,0.807340,0.796336,0.796925,0.791100,0.780860,0.809513,0.794002,0.822134,0.810468,0.820229,0.784441,0.793134,0.783853,0.795223,0.801575,0.826025,0.793329,0.822710,0.768760,0.843466,0.821459,0.790840,0.824697,0.766756,0.760289,0.785784,0.824397,0.831941,0.810468,0.801198,0.804770,0.785389,0.756983,0.824609,0.799725,0.800371,0.787573,0.778742,0.802864,0.741769,0.826297,0.824240,0.821102,0.794874,0.756817,0.808321,0.771037,0.828486,0.792721,0.767361,0.791934,0.782195,0.797729,0.771106,0.763901,0.776534,0.778514,0.768066,0.825496,0.804500,0.759412,0.797769,0.776998,0.773850,0.816329,0.796744,0.828830,0.823950,0.813767,0.817979,0.785479,0.795027,0.803823,0.807396,0.767769,0.785164,0.822662,0.734404,0.782474,0.799639,0.768831,0.753719,0.757354,0.782849,0.787276,0.816162,0.812836,0.804965,0.790865,0.792063,0.793535,0.802699,0.741159,0.800281,0.748631,0.744468,0.772677,0.808522,0.807750,0.776934,0.801445,0.814661,0.741076,0.778386,0.778990,0.802648,0.803056,0.806548,0.780592,0.811238,0.779938,0.758405,0.820145,0.766168,0.751849,0.770828,0.836211,0.757603,0.808999,0.780490,0.800452,0.761911,0.758002,0.793832,0.795348,0.795438,0.799840,0.840570,0.795696,0.786345,0.788081,0.749206,0.812911,0.784165,0.813051,#
3,0.809197,0.803764,0.792016,1.000000,0.800447,0.805096,0.783529,0.803426,0.835994,0.801562,0.798820,0.795557,0.790418,0.792882,0.794546,0.817031,0.791961,0.814160,0.826078,0.798045,0.795598,0.831256,0.812081,0.808405,0.779943,0.798306,0.816655,0.808803,0.796151,0.797222,0.803460,0.818749,0.824818,0.836778,0.790974,0.815045,0.778758,0.824078,0.791955,0.805139,0.793235,0.801559,0.808923,0.793363,0.792063,0.832235,0.801544,0.800742,0.813108,0.795652,0.822558,0.791424,0.819680,0.773101,0.813447,0.830355,0.797006,0.808058,0.837462,0.799900,0.797128,0.790009,0.771129,0.815759,0.864931,0.792699,0.788072,0.796400,0.750703,0.803678,0.780846,0.813794,0.843053,0.792263,0.790478,0.774743,0.792734,0.787203,0.792568,0.804432,0.830530,0.767337,0.829651,0.787732,0.821906,0.818938,0.806062,0.799148,0.791273,0.794519,0.804178,0.829744,0.825759,0.821890,0.809189,0.813961,0.777990,0.749210,0.808396,0.776909,0.776583,0.779697,0.777402,0.765345,0.813225,0.795686,0.809299,0.832504,0.777466,0.762256,0.806092,0.754587,0.791853,0.810919,0.785010,0.807891,0.773732,0.786085,0.790736,0.765553,0.771319,0.813098,0.796999,0.791629,0.790654,0.789078,0.817565,0.811202,0.770972,0.790446,0.787668,0.824348,0.777424,0.817343,0.830719,0.825357,0.808091,0.774808,0.760454,0.777726,0.771130,0.825092,0.791466,0.763194,0.782800,0.806553,0.773193,0.806096,0.791455,0.792217,0.800782,0.794520,0.776244,0.779086,0.802598,0.778343,0.822414,0.778690,0.821041,0.777964,0.784162,0.805143,0.774232,0.811182,0.792883,0.784984,0.817455,0.764631,0.807675,0.792614,0.792423,0.804570,0.790892,0.824936,0.785074,0.816972,0.794767,0.811939,0.789082,0.797286,0.743224,0.834014,0.775727,0.773106,0.774455,0.788743,0.769718,0.755420,0.800287,0.821175,0.804700,0.785456,0.794282,0.789577,0.793228,0.796259,0.784143,0.796160,0.774667,0.793010,#
4,0.778739,0.793836,0.796076,0.800447,1.000000,0.836444,0.792056,0.797449,0.782804,0.793050,0.771769,0.805293,0.762963,0.808639,0.774394,0.801277,0.804160,0.823270,0.796629,0.846318,0.824257,0.799812,0.786020,0.819899,0.753274,0.772345,0.803817,0.779940,0.796725,0.784328,0.817413,0.807948,0.824970,0.793498,0.769975,0.798747,0.798174,0.796263,0.815701,0.803021,0.793129,0.779466,0.784634,0.784957,0.790471,0.827331,0.822655,0.807322,0.802506,0.792443,0.799272,0.799873,0.818309,0.767448,0.834724,0.838055,0.788041,0.793528,0.818261,0.813046,0.777901,0.806827,0.782231,0.789310,0.833674,0.799965,0.788474,0.799014,0.774321,0.787555,0.803362,0.827872,0.827201,0.804452,0.789073,0.762082,0.785244,0.815594,0.803208,0.804193,0.795997,0.786987,0.826885,0.769770,0.829019,0.790037,0.789035,0.779766,0.794172,0.792932,0.788330,0.781349,0.798300,0.800441,0.786301,0.795991,0.791643,0.746024,0.765714,0.786610,0.815993,0.813587,0.806271,0.780933,0.774361,0.808838,0.798185,0.809374,0.804257,0.789109,0.775106,0.789149,0.809375,0.840114,0.771302,0.780949,0.807636,0.819618,0.759953,0.749783,0.754607,0.800474,0.820101,0.806069,0.799474,0.779787,0.777336,0.789106,0.826644,0.808473,0.836229,0.801210,0.793271,0.808121,0.842147,0.817696,0.783904,0.792789,0.781564,0.740878,0.765883,0.818351,0.805251,0.789351,0.796015,0.766553,0.795328,0.762960,0.784011,0.815646,0.807698,0.848475,0.790804,0.777888,0.843925,0.794893,0.840670,0.769278,0.796370,0.757167,0.778979,0.795825,0.826974,0.782462,0.762900,0.771950,0.772705,0.752643,0.801843,0.791814,0.765475,0.803079,0.821295,0.789176,0.826828,0.810078,0.804595,0.827625,0.777674,0.782466,0.786599,0.798078,0.806529,0.771447,0.808406,0.817961,0.735176,0.810387,0.788132,0.800280,0.767559,0.768327,0.768333,0.799940,0.792249,0.786662,0.793090,0.796094,0.808816,0.797135,#
5,0.825764,0.819833,0.808346,0.805096,0.836444,1.000000,0.771882,0.829891,0.817212,0.780862,0.792324,0.792364,0.765708,0.778876,0.788546,0.822812,0.796187,0.829105,0.770911,0.837995,0.801782,0.793259,0.809308,0.803490,0.769370,0.786740,0.842793,0.837485,0.799977,0.786791,0.838854,0.818051,0.830328,0.809071,0.768506,0.830873,0.790555,0.792612,0.814790,0.790805,0.826402,0.773463,0.787220,0.806163,0.819190,0.819328,0.836628,0.819503,0.827434,0.773229,0.823101,0.803269,0.813286,0.805902,0.801341,0.866097,0.816053,0.803459,0.866547,0.825033,0.784514,0.818359,0.798117,0.842771,0.836713,0.812255,0.784846,0.814057,0.798125,0.780882,0.811569,0.802219,0.851696,0.799962,0.790861,0.794365,0.823778,0.824715,0.812110,0.800923,0.843908,0.795006,0.834008,0.800402,0.803579,0.826664,0.821624,0.823332,0.808796,0.763175,0.768631,0.815275,0.841623,0.844100,0.790902,0.792018,0.796950,0.782804,0.838592,0.810647,0.817541,0.809248,0.834653,0.810281,0.786718,0.826230,0.806550,0.837716,0.782200,0.799593,0.790301,0.827936,0.799941,0.797672,0.775638,0.785913,0.825889,0.802075,0.752369,0.795067,0.756928,0.824086,0.815355,0.852597,0.780842,0.787314,0.832583,0.773913,0.781519,0.807613,0.846683,0.840515,0.832740,0.837433,0.827446,0.797607,0.818732,0.809292,0.785604,0.776297,0.783299,0.798000,0.795811,0.821916,0.855955,0.759556,0.767622,0.775242,0.814216,0.812874,0.827987,0.827399,0.792519,0.761110,0.797284,0.790580,0.844560,0.806848,0.818771,0.782106,0.800520,0.818702,0.826366,0.811895,0.809930,0.785181,0.775280,0.811725,0.800767,0.805610,0.852723,0.822769,0.810077,0.803080,0.807325,0.789596,0.785676,0.831030,0.818616,0.814190,0.820182,0.820467,0.810148,0.789604,0.813119,0.814635,0.780202,0.796087,0.798446,0.805117,0.787987,0.824869,0.790811,0.791682,0.769492,0.778562,0.774525,0.821047,0.813925,0.809841,#
6,0.802311,0.781011,0.784966,0.783529,0.792056,0.771882,1.000000,0.773580,0.804636,0.762415,0.778821,0.788433,0.782426,0.816996,0.734199,0.794718,0.800285,0.821869,0.776108,0.767292,0.824258,0.779766,0.758710,0.792362,0.778864,0.788554,0.776687,0.791623,0.771620,0.810640,0.792490,0.794275,0.806080,0.791235,0.781166,0.796710,0.774127,0.775730,0.778701,0.786092,0.790971,0.788076,0.805259,0.777394,0.824857,0.747263,0.807385,0.770906,0.834034,0.809173,0.793634,0.815809,0.806558,0.731720,0.830699,0.806444,0.803221,0.823688,0.825893,0.764954,0.807792,0.768248,0.771537,0.774841,0.849272,0.794998,0.826862,0.790038,0.783992,0.756680,0.791601,0.808663,0.808723,0.819974,0.776632,0.762691,0.799242,0.776601,0.805137,0.761419,0.825237,0.779953,0.790365,0.787078,0.779405,0.788241,0.786583,0.794792,0.790450,0.782985,0.758664,0.788893,0.769067,0.791446,0.767180,0.765488,0.805515,0.769290,0.780550,0.796705,0.786003,0.788417,0.812121,0.786780,0.752563,0.758783,0.805557,0.787302,0.780177,0.733157,0.761723,0.774109,0.756681,0.766234,0.760535,0.758563,0.800973,0.782808,0.751408,0.754497,0.779165,0.788470,0.786412,0.826583,0.800396,0.799474,0.763876,0.779910,0.734625,0.770357,0.791859,0.801243,0.782326,0.754493,0.799235,0.794827,0.789438,0.772373,0.803902,0.797504,0.787478,0.805664,0.750395,0.773106,0.773479,0.779705,0.778194,0.761073,0.784145,0.747011,0.808685,0.815333,0.757296,0.720921,0.780532,0.758910,0.818406,0.750268,0.791525,0.761772,0.774602,0.799137,0.773003,0.789598,0.789048,0.793804,0.809997,0.716407,0.782902,0.768184,0.804944,0.795451,0.756746,0.763557,0.798420,0.801734,0.771008,0.797767,0.775177,0.769059,0.779567,0.778004,0.800641,0.784445,0.773161,0.791601,0.730561,0.777366,0.749607,0.785953,0.761843,0.782345,0.772146,0.788925,0.792450,0.786599,0.789623,0.816977,0.784749,0.782319,#
7,0.808971,0.810537,0.812976,0.803426,0.797449,0.829891,0.773580,1.000000,0.857512,0.784543,0.800946,0.792860,0.785906,0.805502,0.811012,0.775146,0.800194,0.807765,0.784474,0.800034,0.807568,0.789076,0.839921,0.813045,0.787866,0.812761,0.814753,0.820252,0.801770,0.809639,0.774131,0.816667,0.794908,0.804911,0.774607,0.808984,0.805100,0.782389,0.826011,0.796564,0.799547,0.782863,0.804152,0.799191,0.808070,0.797342,0.825063,0.824871,0.801235,0.788217,0.836369,0.807736,0.817800,0.830267,0.817984,0.821862,0.795287,0.817988,0.813394,0.810086,0.775153,0.800132,0.796886,0.804815,0.832930,0.822053,0.816363,0.812146,0.819576,0.810436,0.806788,0.761038,0.860544,0.811822,0.813816,0.779856,0.809958,0.793134,0.808458,0.794938,0.836057,0.799088,0.822006,0.789481,0.816175,0.807555,0.834623,0.812211,0.790236,0.785417,0.772815,0.831513,0.813538,0.811783,0.815902,0.768444,0.805060,0.796059,0.819252,0.805222,0.812814,0.785345,0.805638,0.797046,0.774949,0.812832,0.794222,0.825310,0.788582,0.766545,0.833978,0.782044,0.814598,0.816652,0.784618,0.802124,0.791938,0.776211,0.759918,0.807159,0.784635,0.810774,0.794912,0.851695,0.842246,0.797292,0.814412,0.812057,0.762869,0.776731,0.801204,0.805660,0.825972,0.791559,0.837681,0.830265,0.797096,0.810546,0.783305,0.788149,0.790470,0.813941,0.802903,0.785772,0.813260,0.779415,0.792529,0.741475,0.818124,0.805085,0.796233,0.819671,0.810238,0.765658,0.785102,0.828068,0.822350,0.799915,0.826789,0.789172,0.804823,0.780793,0.837521,0.787748,0.786934,0.790894,0.820391,0.768632,0.783775,0.773863,0.839940,0.832357,0.802151,0.808107,0.810585,0.780743,0.783723,0.809939,0.788736,0.804368,0.800029,0.810033,0.784310,0.785519,0.787157,0.824062,0.762724,0.756638,0.801446,0.828988,0.809571,0.805416,0.784500,0.770249,0.794416,0.794445,0.781692,0.835734,0.808235,0.803704,#
8,0.815495,0.827118,0.805749,0.835994,0.782804,0.817212,0.804636,0.857512,1.000000,0.810748,0.789097,0.803531,0.796628,0.815706,0.802875,0.828315,0.788384,0.836191,0.779178,0.830768,0.809319,0.836978,0.823843,0.803867,0.777881,0.814633,0.815570,0.825732,0.803706,0.820860,0.804613,0.814053,0.808203,0.815696,0.779400,0.827751,0.804173,0.814642,0.805108,0.798236,0.800236,0.806746,0.847130,0.775535,0.805491,0.784695,0.811057,0.822190,0.826723,0.815121,0.834454,0.832075,0.784551,0.823569,0.822956,0.856043,0.807236,0.818429,0.809588,0.800703,0.817733,0.800728,0.837858,0.814152,0.850467,0.837813,0.820065,0.830635,0.825636,0.803419,0.809681,0.809939,0.852306,0.835029,0.808581,0.778736,0.807177,0.805193,0.805348,0.809968,0.840504,0.805814,0.809953,0.795642,0.828619,0.814238,0.795785,0.819238,0.778451,0.792586,0.791400,0.812967,0.817556,0.817379,0.818397,0.805358,0.804179,0.786709,0.828357,0.803103,0.826227,0.789936,0.816419,0.822220,0.784371,0.814632,0.818652,0.828717,0.779221,0.787381,0.787185,0.800941,0.813435,0.795920,0.803040,0.824061,0.793402,0.777261,0.787512,0.808641,0.778374,0.810811,0.814614,0.830871,0.799391,0.816195,0.797628,0.805517,0.778532,0.816146,0.786099,0.809388,0.829294,0.811264,0.855257,0.816349,0.797941,0.799970,0.784519,0.804531,0.782903,0.834581,0.834898,0.802510,0.811751,0.778214,0.796138,0.776585,0.823744,0.797515,0.808191,0.825099,0.785072,0.822410,0.813458,0.805701,0.833963,0.819988,0.834226,0.805936,0.794877,0.793420,0.835213,0.818889,0.802473,0.791992,0.804033,0.771408,0.821370,0.801035,0.831190,0.825964,0.804092,0.807953,0.828089,0.807767,0.789692,0.828439,0.795231,0.778607,0.798100,0.822263,0.778180,0.817947,0.806416,0.820520,0.801024,0.777658,0.806523,0.828053,0.827498,0.820272,0.835830,0.797063,0.801809,0.794900,0.782082,0.821781,0.814014,0.823867,#
9,0.778970,0.800998,0.776219,0.801562,0.793050,0.780862,0.762415,0.784543,0.810748,1.000000,0.789411,0.761669,0.789926,0.787993,0.809503,0.812890,0.794178,0.798913,0.799041,0.797588,0.832286,0.789808,0.801043,0.821177,0.754278,0.753500,0.784295,0.831218,0.760742,0.820261,0.779103,0.781305,0.798060,0.806957,0.789573,0.805006,0.773233,0.796608,0.811564,0.770502,0.815375,0.782356,0.784325,0.754129,0.811518,0.777510,0.796635,0.786536,0.777245,0.777434,0.773664,0.789472,0.764089,0.767573,0.799079,0.827035,0.784593,0.821689,0.795176,0.780683,0.789803,0.788401,0.792375,0.799614,0.809261,0.831244,0.808747,0.812474,0.802285,0.757713,0.805600,0.784787,0.809546,0.785335,0.778815,0.773490,0.770448,0.806477,0.791618,0.824641,0.808673,0.792720,0.787243,0.795365,0.819243,0.766640,0.775079,0.831985,0.769777,0.722494,0.764031,0.805369,0.817350,0.785971,0.801365,0.780617,0.784995,0.796862,0.800800,0.755441,0.800386,0.786652,0.827724,0.784572,0.796273,0.789259,0.791050,0.798757,0.804181,0.781681,0.815792,0.801233,0.829144,0.807139,0.755890,0.811411,0.735327,0.763832,0.739807,0.767413,0.762164,0.819206,0.809200,0.812091,0.787889,0.760431,0.786947,0.771454,0.797855,0.787259,0.779193,0.808832,0.795469,0.805771,0.811529,0.761080,0.783950,0.785558,0.751942,0.772883,0.758731,0.826938,0.804696,0.812944,0.789163,0.787296,0.782167,0.768354,0.784292,0.776654,0.776504,0.789839,0.774709,0.779777,0.808234,0.786814,0.803600,0.790977,0.792765,0.776880,0.790911,0.808253,0.803070,0.813098,0.809226,0.779019,0.766735,0.745512,0.816905,0.777541,0.822314,0.811488,0.779403,0.785777,0.809969,0.840551,0.769333,0.821590,0.776047,0.797328,0.790343,0.774288,0.792685,0.762378,0.776282,0.819844,0.733680,0.748647,0.826079,0.772100,0.798019,0.792064,0.780339,0.758978,0.770951,0.765590,0.778082,0.797679,0.767172,0.763913,#
10,0.800430,0.813287,0.801693,0.798820,0.771769,0.792324,0.778821,0.800946,0.789097,0.789411,1.000000,0.777642,0.743202,0.779893,0.756741,0.805822,0.793905,0.779001,0.780563,0.797107,0.802195,0.765722,0.795637,0.824906,0.739620,0.758125,0.793798,0.826156,0.766340,0.807434,0.780811,0.790210,0.803507,0.808932,0.791079,0.812889,0.782899,0.794611,0.802663,0.768029,0.808702,0.767080,0.789685,0.738391,0.799304,0.803236,0.837839,0.793630,0.812661,0.845701,0.777111,0.817527,0.800945,0.751936,0.810287,0.823990,0.792911,0.802388,0.786071,0.787565,0.799887,0.796794,0.816569,0.818529,0.832246,0.760308,0.819823,0.775571,0.796800,0.768140,0.798764,0.813673,0.840843,0.756499,0.778936,0.806982,0.787287,0.815024,0.792198,0.772117,0.852656,0.784356,0.791498,0.784982,0.810402,0.775735,0.799391,0.805980,0.781199,0.808062,0.754409,0.832598,0.828920,0.796345,0.772371,0.808186,0.764696,0.780066,0.812074,0.804119,0.783746,0.779165,0.794146,0.810223,0.824025,0.775873,0.799192,0.798728,0.766348,0.760451,0.776271,0.768724,0.808624,0.803689,0.761458,0.818963,0.764833,0.778801,0.775632,0.772590,0.773848,0.818427,0.747396,0.804546,0.752582,0.767704,0.805028,0.790015,0.789649,0.793254,0.765900,0.793240,0.774406,0.778055,0.822591,0.817126,0.772341,0.787904,0.778228,0.799882,0.818902,0.794486,0.750630,0.788879,0.767827,0.738193,0.757228,0.755735,0.796437,0.776840,0.792129,0.810726,0.790529,0.751653,0.795810,0.769986,0.835748,0.790910,0.789848,0.753056,0.809974,0.769846,0.794266,0.814532,0.795563,0.760525,0.810912,0.744833,0.811682,0.811929,0.798449,0.807967,0.740463,0.781993,0.807838,0.777418,0.771536,0.819680,0.750884,0.790857,0.758555,0.778225,0.809225,0.760669,0.768664,0.800624,0.742835,0.750912,0.751779,0.808759,0.799458,0.770852,0.794971,0.775266,0.792271,0.784306,0.765899,0.813621,0.782613,0.814098,#
11,0.822819,0.810581,0.783832,0.795557,0.805293,0.792364,0.788433,0.792860,0.803531,0.761669,0.777642,1.000000,0.787503,0.803327,0.777392,0.780607,0.792960,0.834950,0.807060,0.778262,0.793959,0.794985,0.801930,0.791374,0.771797,0.788757,0.775229,0.796884,0.796592,0.780525,0.801832,0.809802,0.827932,0.802862,0.763789,0.798934,0.824937,0.805479,0.779091,0.813758,0.801087,0.774018,0.817218,0.761783,0.793302,0.779070,0.851130,0.816431,0.801426,0.815540,0.791849,0.805502,0.810862,0.791280,0.818505,0.813544,0.757648,0.833052,0.793973,0.782530,0.780262,0.763923,0.816177,0.779857,0.822409,0.808514,0.812144,0.814262,0.816606,0.804283,0.813202,0.786055,0.827811,0.797744,0.806862,0.746518,0.829616,0.805646,0.785439,0.752497,0.813282,0.797171,0.823081,0.774142,0.831307,0.799072,0.761728,0.790600,0.774122,0.744947,0.780529,0.826757,0.810095,0.794449,0.783557,0.811620,0.779654,0.768363,0.794705,0.805151,0.777679,0.811168,0.818335,0.796984,0.794705,0.814573,0.790464,0.831565,0.807927,0.779733,0.819568,0.800176,0.813001,0.794517,0.735534,0.810045,0.786040,0.789784,0.753896,0.806362,0.741758,0.811502,0.799127,0.811110,0.799096,0.787482,0.803701,0.776662,0.794167,0.806045,0.801493,0.803891,0.811493,0.801882,0.814708,0.781941,0.788140,0.796154,0.785965,0.799655,0.786209,0.786513,0.777893,0.812798,0.821221,0.760033,0.803943,0.770840,0.793628,0.784231,0.803386,0.806736,0.775285,0.777740,0.825862,0.773271,0.837329,0.761091,0.809016,0.756873,0.790541,0.813963,0.807608,0.788839,0.809138,0.752354,0.818119,0.746731,0.807688,0.825788,0.808082,0.800828,0.810085,0.826768,0.796699,0.790891,0.783080,0.806702,0.766940,0.810814,0.790494,0.784936,0.816156,0.756203,0.808875,0.782370,0.746634,0.796281,0.779536,0.812493,0.805179,0.790509,0.812149,0.797182,0.786829,0.785706,0.783576,0.811083,0.774056,0.783789,#
12,0.781687,0.780918,0.749048,0.790418,0.762963,0.765708,0.782426,0.785906,0.796628,0.789926,0.743202,0.787503,1.000000,0.792225,0.799127,0.776712,0.795467,0.824470,0.804398,0.791238,0.794096,0.759728,0.800792,0.802585,0.745435,0.769017,0.774931,0.799031,0.794431,0.756263,0.758172,0.788048,0.803937,0.800526,0.767401,0.798364,0.775611,0.794767,0.778357,0.783588,0.739232,0.730460,0.784214,0.791637,0.797637,0.783323,0.819694,0.748664,0.788972,0.773170,0.826883,0.762382,0.769886,0.777367,0.824441,0.800860,0.762334,0.796318,0.770152,0.747615,0.759325,0.803636,0.753188,0.790759,0.828732,0.798293,0.780699,0.765659,0.799896,0.777170,0.787297,0.771890,0.821818,0.777057,0.810461,0.776080,0.796746,0.762389,0.784304,0.783101,0.806316,0.765433,0.792682,0.793942,0.763577,0.795614,0.757392,0.795905,0.777786,0.732099,0.761184,0.777234,0.794355,0.747111,0.761305,0.803177,0.833182,0.785134,0.769058,0.760234,0.737370,0.793691,0.799425,0.817340,0.742786,0.771392,0.761489,0.769473,0.779397,0.762253,0.795394,0.763231,0.784352,0.761357,0.805473,0.775498,0.766554,0.740520,0.768966,0.761972,0.751505,0.793623,0.781959,0.819640,0.798310,0.769084,0.777772,0.724300,0.734983,0.775308,0.759998,0.771706,0.747925,0.777630,0.790830,0.767635,0.776599,0.785510,0.777767,0.747474,0.793863,0.816445,0.774643,0.787856,0.768320,0.755280,0.773702,0.743577,0.786755,0.813120,0.777793,0.797465,0.782601,0.724994,0.774789,0.825958,0.814200,0.779625,0.798804,0.760559,0.775590,0.808402,0.807332,0.784688,0.821106,0.726723,0.785448,0.781841,0.748724,0.755665,0.798427,0.800900,0.771289,0.786352,0.771141,0.760325,0.808636,0.821706,0.763712,0.733768,0.767490,0.798911,0.787192,0.749924,0.731583,0.776763,0.738025,0.794554,0.775627,0.754295,0.760703,0.766803,0.766841,0.771869,0.747064,0.783660,0.762902,0.796421,0.793991,0.734162,#
13,0.803138,0.785066,0.804338,0.792882,0.808639,0.778876,0.816996,0.805502,0.815706,0.787993,0.779893,0.803327,0.792225,1.000000,0.782040,0.780940,0.785520,0.838584,0.810415,0.798514,0.825730,0.787445,0.823832,0.804015,0.768759,0.791430,0.783142,0.828805,0.807447,0.826205,0.763696,0.799408,0.835137,0.809339,0.754670,0.788568,0.793057,0.818357,0.800649,0.813450,0.839371,0.790188,0.820957,0.769435,0.843975,0.805161,0.824460,0.806262,0.828730,0.799182,0.816997,0.838063,0.795974,0.798448,0.832728,0.843143,0.806452,0.833885,0.814730,0.802532,0.807928,0.802630,0.792557,0.819549,0.844512,0.814114,0.821644,0.805873,0.827723,0.780855,0.790908,0.797060,0.800703,0.823711,0.818879,0.791898,0.805961,0.813273,0.829913,0.811432,0.825679,0.810417,0.836421,0.806275,0.810331,0.817820,0.781945,0.783185,0.816820,0.784328,0.769481,0.815531,0.822974,0.814194,0.814886,0.781104,0.793971,0.776056,0.800101,0.833036,0.805389,0.807008,0.817284,0.836618,0.784980,0.836231,0.801577,0.820767,0.800196,0.774945,0.802641,0.811036,0.827196,0.811954,0.807609,0.828957,0.764392,0.821759,0.797083,0.813167,0.795502,0.817712,0.792509,0.795188,0.793656,0.776516,0.805109,0.765554,0.785389,0.799122,0.784749,0.811005,0.797813,0.794934,0.842672,0.794884,0.799640,0.804914,0.825099,0.788358,0.763188,0.846488,0.831773,0.806216,0.774100,0.784174,0.810359,0.763370,0.815823,0.791584,0.806817,0.835394,0.781036,0.790769,0.799936,0.802204,0.827931,0.781869,0.829316,0.782136,0.807435,0.820207,0.804255,0.823164,0.809457,0.798254,0.807106,0.769434,0.821334,0.785090,0.820227,0.832278,0.826761,0.806241,0.846867,0.805949,0.800601,0.849896,0.811556,0.782352,0.784949,0.822324,0.810651,0.785846,0.824345,0.823845,0.777655,0.796069,0.752530,0.796674,0.807047,0.793626,0.812176,0.825218,0.816166,0.778611,0.805293,0.810165,0.809606,0.776312,#
14,0.812560,0.783277,0.788297,0.794546,0.774394,0.788546,0.734199,0.811012,0.802875,0.809503,0.756741,0.777392,0.799127,0.782040,1.000000,0.801550,0.781817,0.782651,0.787020,0.800862,0.799954,0.771970,0.797375,0.825448,0.755566,0.725509,0.799256,0.791751,0.791744,0.780365,0.786934,0.792775,0.794051,0.779186,0.800388,0.794900,0.754192,0.789453,0.806707,0.765862,0.769906,0.753633,0.802965,0.763914,0.795114,0.784748,0.797246,0.763893,0.747046,0.780944,0.783507,0.781039,0.764282,0.819361,0.803970,0.799208,0.778336,0.791392,0.800058,0.751789,0.784893,0.812813,0.784724,0.803089,0.800734,0.762121,0.785398,0.791562,0.785115,0.787030,0.766627,0.755610,0.813552,0.778418,0.808976,0.763859,0.808987,0.798615,0.776967,0.758445,0.807628,0.792452,0.811718,0.810659,0.795062,0.794036,0.766600,0.798661,0.784027,0.712599,0.732733,0.772301,0.817833,0.819529,0.800976,0.803352,0.833019,0.764080,0.794747,0.756397,0.796567,0.787383,0.812466,0.761307,0.792621,0.788134,0.768634,0.773016,0.763139,0.751961,0.796773,0.776187,0.801679,0.789681,0.753563,0.791007,0.760832,0.725946,0.759855,0.760885,0.780913,0.811297,0.778677,0.797835,0.810112,0.735560,0.782016,0.807072,0.737869,0.796188,0.762205,0.794962,0.769311,0.784550,0.815770,0.783875,0.778018,0.784693,0.768844,0.752322,0.765761,0.806048,0.759420,0.798170,0.758349,0.801668,0.782996,0.736773,0.784321,0.748399,0.799242,0.791444,0.751647,0.760184,0.806030,0.792669,0.809627,0.768446,0.767254,0.767177,0.783330,0.774901,0.800013,0.784444,0.770749,0.759595,0.776193,0.744475,0.769634,0.805589,0.779661,0.780767,0.791934,0.806409,0.792865,0.797560,0.783535,0.802277,0.769645,0.742685,0.783378,0.821169,0.779759,0.755974,0.781359,0.777349,0.761177,0.732104,0.756526,0.765964,0.751273,0.762729,0.801626,0.785802,0.766161,0.763583,0.767351,0.769658,0.768315,0.729188,#
15,0.815562,0.811323,0.786617,0.817031,0.801277,0.822812,0.794718,0.775146,0.828315,0.812890,0.805822,0.780607,0.776712,0.780940,0.801550,1.000000,0.805635,0.814913,0.787104,0.804209,0.792681,0.803381,0.802598,0.816667,0.776646,0.771381,0.782702,0.793391,0.774657,0.815053,0.799871,0.827500,0.806599,0.823421,0.763369,0.835085,0.807294,0.805289,0.815042,0.762446,0.780457,0.762996,0.793859,0.770607,0.828399,0.782345,0.816925,0.825285,0.818142,0.818019,0.779057,0.835538,0.784035,0.775587,0.819056,0.814911,0.803853,0.801075,0.800646,0.781314,0.814859,0.802936,0.785847,0.831510,0.808590,0.810664,0.801171,0.803829,0.781934,0.749634,0.811678,0.784789,0.801287,0.787569,0.797741,0.764136,0.805466,0.799611,0.801753,0.782528,0.838253,0.788262,0.780340,0.807151,0.836825,0.806843,0.768772,0.830068,0.772968,0.764535,0.758339,0.783883,0.801246,0.795656,0.760457,0.786135,0.795440,0.771261,0.775984,0.783782,0.827335,0.790664,0.825717,0.820671,0.779395,0.788123,0.805734,0.823484,0.765800,0.790650,0.758099,0.774168,0.799419,0.793436,0.758597,0.787329,0.781119,0.785282,0.767055,0.771633,0.763501,0.795679,0.791850,0.816535,0.779437,0.791304,0.811325,0.790468,0.783204,0.833334,0.764753,0.785837,0.767429,0.769189,0.817120,0.786877,0.777508,0.761345,0.772227,0.771372,0.778991,0.800272,0.780391,0.790892,0.791157,0.772357,0.768926,0.761303,0.800915,0.777688,0.812547,0.799315,0.800205,0.777765,0.800063,0.779800,0.855602,0.783173,0.799787,0.780214,0.779019,0.806749,0.826937,0.775050,0.806446,0.788106,0.792783,0.781417,0.832625,0.764921,0.777300,0.829677,0.745593,0.811535,0.793335,0.827936,0.797364,0.813696,0.778770,0.782253,0.793193,0.796327,0.773758,0.803506,0.781907,0.793332,0.724122,0.767602,0.743694,0.791127,0.763742,0.797368,0.799672,0.776358,0.771865,0.784116,0.803471,0.811183,0.796202,0.798282,#
16,0.838263,0.789291,0.771427,0.791961,0.804160,0.796187,0.800285,0.800194,0.788384,0.794178,0.793905,0.792960,0.795467,0.785520,0.781817,0.805635,1.000000,0.817761,0.798114,0.809317,0.854981,0.788389,0.760579,0.812301,0.765925,0.790149,0.811576,0.758377,0.774379,0.802781,0.787357,0.827013,0.827705,0.797241,0.776136,0.810403,0.823527,0.801235,0.802350,0.801518,0.781507,0.774824,0.802080,0.782678,0.794708,0.804915,0.798614,0.789197,0.802271,0.817383,0.784359,0.793293,0.813992,0.824547,0.824177,0.831175,0.748497,0.811973,0.801387,0.751492,0.794236,0.820109,0.787773,0.788985,0.809115,0.778337,0.807490,0.806043,0.818487,0.813765,0.780694,0.782808,0.825621,0.786988,0.796353,0.764214,0.795739,0.810839,0.785142,0.806295,0.840714,0.798208,0.802920,0.816073,0.828225,0.804553,0.811727,0.793115,0.800829,0.784533,0.755946,0.794550,0.821734,0.789660,0.807703,0.821267,0.801060,0.765678,0.817605,0.797419,0.781444,0.786549,0.807752,0.817733,0.763401,0.829325,0.822950,0.805086,0.820946,0.772480,0.809969,0.799020,0.811929,0.804305,0.797268,0.825030,0.821939,0.794322,0.755808,0.741256,0.777144,0.821981,0.801784,0.833066,0.825997,0.790839,0.795405,0.762161,0.776676,0.792322,0.817462,0.788595,0.798727,0.756284,0.833065,0.827585,0.787804,0.781375,0.767904,0.791566,0.785367,0.806565,0.798867,0.802885,0.775480,0.755230,0.801030,0.773573,0.802170,0.806846,0.768563,0.831641,0.753666,0.757098,0.834962,0.804774,0.818666,0.786482,0.792138,0.783860,0.777951,0.797683,0.827514,0.789047,0.798020,0.783414,0.807499,0.774337,0.802392,0.770678,0.803891,0.817828,0.787232,0.792647,0.799348,0.804255,0.769929,0.831214,0.797284,0.778846,0.766872,0.788085,0.799714,0.757197,0.795760,0.812281,0.785471,0.800898,0.777042,0.789594,0.817139,0.783426,0.794427,0.782949,0.775231,0.809094,0.797299,0.805285,0.783889,0.794117,#
17,0.851422,0.801127,0.799363,0.814160,0.823270,0.829105,0.821869,0.807765,0.836191,0.798913,0.779001,0.834950,0.824470,0.838584,0.782651,0.814913,0.817761,1.000000,0.806101,0.825046,0.833326,0.806370,0.822151,0.840147,0.808444,0.816065,0.832017,0.812051,0.794909,0.814875,0.812288,0.825345,0.820948,0.801267,0.792687,0.844953,0.795431,0.826355,0.834574,0.835916,0.837455,0.814269,0.837891,0.791174,0.818045,0.803640,0.824211,0.863290,0.837246,0.824742,0.833968,0.817786,0.824173,0.790069,0.836367,0.844225,0.808827,0.811926,0.821009,0.773490,0.807463,0.809099,0.790951,0.824418,0.842836,0.859417,0.842658,0.844417,0.814113,0.798611,0.804503,0.820915,0.819848,0.802371,0.806379,0.782189,0.832475,0.814613,0.818517,0.821746,0.836211,0.818810,0.836696,0.814031,0.814563,0.809594,0.831609,0.821164,0.805152,0.787592,0.799019,0.795549,0.844050,0.821738,0.807677,0.848771,0.826990,0.764243,0.792304,0.820213,0.833797,0.777005,0.824275,0.825377,0.784084,0.812022,0.823673,0.826821,0.796027,0.794016,0.813627,0.795441,0.803316,0.824479,0.810145,0.796977,0.782981,0.806405,0.782734,0.799849,0.795268,0.832014,0.821008,0.831053,0.824008,0.825185,0.811011,0.788837,0.783364,0.812270,0.837704,0.834540,0.828889,0.795907,0.821570,0.823261,0.830469,0.808001,0.822247,0.825899,0.816774,0.838893,0.847126,0.820403,0.822307,0.792619,0.802435,0.794872,0.822417,0.786770,0.830563,0.813971,0.796557,0.783286,0.837238,0.841241,0.871102,0.807620,0.837911,0.783850,0.800683,0.827898,0.846170,0.819593,0.823085,0.800955,0.789617,0.776125,0.841331,0.785152,0.848542,0.812888,0.816696,0.814053,0.837088,0.802243,0.815092,0.839419,0.792062,0.823910,0.813789,0.850819,0.813772,0.817257,0.822242,0.815766,0.796379,0.846941,0.786443,0.799339,0.809559,0.825437,0.832668,0.823521,0.829958,0.831890,0.789176,0.854366,0.802506,0.790849,#
18,0.818505,0.781977,0.767027,0.826078,0.796629,0.770911,0.776108,0.784474,0.779178,0.799041,0.780563,0.807060,0.804398,0.810415,0.787020,0.787104,0.798114,0.806101,1.000000,0.816964,0.799474,0.792776,0.814727,0.792649,0.750124,0.796104,0.785911,0.804559,0.785686,0.783702,0.736213,0.808903,0.819199,0.810971,0.799840,0.824713,0.787640,0.794251,0.790917,0.814908,0.806601,0.751534,0.800893,0.745425,0.829100,0.776584,0.803481,0.788312,0.776277,0.792044,0.779958,0.786468,0.811547,0.749273,0.823167,0.823809,0.783212,0.804759,0.786211,0.800473,0.799411,0.773935,0.796475,0.785758,0.841256,0.773180,0.796514,0.784907,0.746205,0.784501,0.793217,0.757316,0.810903,0.766816,0.824974,0.763350,0.822717,0.777072,0.796550,0.780500,0.798985,0.776670,0.814221,0.797123,0.813004,0.791276,0.782180,0.786300,0.787443,0.747620,0.791186,0.777523,0.809341,0.789004,0.805396,0.798780,0.806740,0.775930,0.797044,0.793308,0.796224,0.781696,0.805822,0.805221,0.802054,0.806067,0.782433,0.782152,0.782934,0.753719,0.823650,0.753162,0.831085,0.804475,0.744359,0.780906,0.775949,0.762117,0.767605,0.773625,0.778771,0.816813,0.781320,0.785311,0.796445,0.751159,0.791959,0.775481,0.802950,0.773242,0.770243,0.804567,0.776586,0.788464,0.812764,0.801880,0.808373,0.794424,0.756259,0.778941,0.760133,0.828456,0.796022,0.827157,0.769598,0.791951,0.779536,0.745302,0.789405,0.779200,0.778112,0.813067,0.787660,0.766764,0.801234,0.810451,0.816500,0.799789,0.791239,0.775702,0.805378,0.800299,0.831318,0.796501,0.791784,0.794349,0.835339,0.753913,0.788215,0.794708,0.778990,0.812792,0.803810,0.805918,0.766371,0.806353,0.793813,0.830147,0.781477,0.788875,0.768056,0.796098,0.788091,0.766278,0.788358,0.796922,0.791039,0.764980,0.763827,0.785026,0.796544,0.792437,0.772807,0.813795,0.803491,0.787463,0.758905,0.809811,0.795346,0.768104,#
19,0.822388,0.808625,0.806160,0.798045,0.846318,0.837995,0.767292,0.800034,0.830768,0.797588,0.797107,0.778262,0.791238,0.798514,0.800862,0.804209,0.809317,0.825046,0.816964,1.000000,0.814527,0.776527,0.803180,0.809083,0.770493,0.762637,0.816069,0.787514,0.794437,0.812570,0.811622,0.822602,0.804210,0.786375,0.762775,0.831822,0.786529,0.781397,0.817155,0.797702,0.812842,0.765816,0.806669,0.767607,0.797275,0.808276,0.851318,0.796198,0.811975,0.784095,0.781887,0.800950,0.794023,0.791534,0.818075,0.821659,0.817816,0.797941,0.804616,0.759007,0.803529,0.815812,0.829900,0.819264,0.840892,0.795474,0.800075,0.796329,0.780430,0.774114,0.802036,0.782443,0.821600,0.797133,0.800903,0.770897,0.791607,0.796842,0.814570,0.786921,0.825384,0.772748,0.835494,0.783160,0.804439,0.797616,0.790374,0.828225,0.808886,0.729851,0.777853,0.792977,0.822478,0.812891,0.790700,0.813915,0.814338,0.782502,0.785614,0.797435,0.801956,0.781946,0.806835,0.801655,0.792838,0.808996,0.808850,0.805199,0.778990,0.743047,0.773951,0.781004,0.814202,0.812949,0.791116,0.792604,0.807891,0.788591,0.767541,0.738008,0.772388,0.828599,0.788418,0.836759,0.821223,0.774402,0.810783,0.782019,0.818196,0.835317,0.805439,0.816859,0.796018,0.802579,0.846946,0.809784,0.802694,0.803107,0.769594,0.764125,0.768655,0.810729,0.801745,0.796728,0.781646,0.769556,0.765541,0.741624,0.816562,0.794018,0.799895,0.842876,0.783804,0.769828,0.821656,0.802490,0.842576,0.795712,0.809120,0.793343,0.803753,0.794564,0.816967,0.784782,0.809762,0.781963,0.776364,0.787615,0.810759,0.784116,0.800432,0.822505,0.818806,0.801340,0.814477,0.783780,0.799817,0.843541,0.799415,0.761493,0.751254,0.820414,0.814678,0.815858,0.817653,0.786659,0.764278,0.793790,0.788697,0.800973,0.816141,0.804057,0.789144,0.809768,0.795793,0.808559,0.756447,0.790602,0.806933,0.789396,#
20,0.821802,0.797514,0.797407,0.795598,0.824257,0.801782,0.824258,0.807568,0.809319,0.832286,0.802195,0.793959,0.794096,0.825730,0.799954,0.792681,0.854981,0.833326,0.799474,0.814527,1.000000,0.810423,0.783150,0.830314,0.777423,0.821497,0.823471,0.804119,0.794360,0.806292,0.790052,0.809939,0.812588,0.824627,0.819809,0.832614,0.823601,0.809346,0.838312,0.820284,0.814992,0.827906,0.797800,0.799747,0.837683,0.811741,0.837983,0.793540,0.793546,0.798907,0.803289,0.833892,0.792267,0.815787,0.837434,0.836941,0.797891,0.837512,0.815255,0.784158,0.828289,0.804142,0.827551,0.806794,0.844646,0.812305,0.830831,0.811842,0.821926,0.796075,0.823226,0.814243,0.806954,0.809969,0.808687,0.757643,0.786194,0.817348,0.815048,0.823693,0.840803,0.831655,0.831300,0.808469,0.802443,0.809928,0.827698,0.808161,0.812922,0.795754,0.801540,0.823183,0.829225,0.838856,0.836808,0.796351,0.788375,0.778121,0.823063,0.803836,0.826751,0.803962,0.835950,0.819306,0.807614,0.790179,0.822219,0.821584,0.796055,0.820647,0.816477,0.826547,0.813733,0.786542,0.810283,0.814639,0.818026,0.831478,0.758475,0.793966,0.815162,0.832051,0.807483,0.852278,0.805336,0.810120,0.781365,0.776733,0.814755,0.817247,0.828278,0.802111,0.826187,0.821853,0.837611,0.796264,0.789623,0.808604,0.804441,0.819192,0.788821,0.809632,0.808756,0.824276,0.810600,0.778478,0.798007,0.783888,0.792254,0.838972,0.824346,0.833000,0.792924,0.801607,0.830666,0.810878,0.820747,0.799681,0.822207,0.807046,0.792985,0.824659,0.815594,0.812419,0.829864,0.753359,0.788140,0.771588,0.816276,0.792871,0.819402,0.808761,0.823650,0.801428,0.804724,0.801346,0.783329,0.839477,0.811674,0.804202,0.784206,0.808066,0.803014,0.783344,0.796973,0.823829,0.785197,0.815259,0.789362,0.810222,0.776704,0.786252,0.816791,0.839314,0.805810,0.784261,0.808738,0.821661,0.831079,0.810312,#
21,0.786300,0.834591,0.789297,0.831256,0.799812,0.793259,0.779766,0.789076,0.836978,0.789808,0.765722,0.794985,0.759728,0.787445,0.771970,0.803381,0.788389,0.806370,0.792776,0.776527,0.810423,1.000000,0.802205,0.810726,0.737115,0.771500,0.805144,0.782728,0.792903,0.779293,0.793191,0.782450,0.815674,0.806220,0.802899,0.821104,0.799348,0.807078,0.812572,0.771493,0.788785,0.806571,0.783371,0.773131,0.810175,0.793789,0.797959,0.802400,0.797112,0.780420,0.783166,0.815244,0.771725,0.766467,0.831428,0.813762,0.793651,0.806877,0.821525,0.758733,0.799442,0.785188,0.768195,0.767117,0.839175,0.803528,0.801231,0.808054,0.790616,0.792354,0.807089,0.805293,0.832956,0.820705,0.830468,0.767673,0.787184,0.789873,0.805878,0.811810,0.803835,0.775749,0.816732,0.768944,0.830755,0.796340,0.780691,0.807253,0.803603,0.793013,0.749745,0.772879,0.809643,0.796256,0.805662,0.787695,0.806625,0.751389,0.771864,0.802003,0.802693,0.795655,0.790716,0.798015,0.759968,0.828159,0.775925,0.786709,0.771198,0.799533,0.819458,0.780435,0.801093,0.807446,0.746222,0.781982,0.809378,0.807339,0.744691,0.778653,0.774889,0.807745,0.794306,0.805777,0.798653,0.754807,0.792255,0.801776,0.777371,0.806682,0.805501,0.821181,0.804418,0.782373,0.827255,0.785402,0.761170,0.744856,0.774686,0.789753,0.802777,0.825493,0.777658,0.807811,0.788262,0.787859,0.796450,0.758494,0.792454,0.799325,0.811442,0.802285,0.779111,0.796132,0.814756,0.812486,0.816550,0.775688,0.780786,0.784246,0.789959,0.814728,0.816088,0.825203,0.825823,0.764926,0.799617,0.765997,0.768892,0.789171,0.801699,0.792752,0.782685,0.777082,0.789650,0.804944,0.734872,0.819459,0.766830,0.779239,0.771257,0.818735,0.767602,0.797799,0.788712,0.824041,0.766975,0.751015,0.755639,0.807405,0.797467,0.763546,0.791714,0.808406,0.806911,0.770712,0.798152,0.818058,0.767193,0.781538,#
