0,1.000000,0.767274,0.770841,0.745938,0.703180,0.766104,0.735804,0.758369,0.738346,0.724915,0.735710,0.758548,0.767451,0.705480,0.750389,0.712609,0.739942,0.754209,0.743556,0.758200,0.740764,0.731958,0.742080,0.754712,0.715313,0.734956,0.764924,0.760218,0.709130,0.737779,0.746375,0.724660,0.728731,0.695943,0.769496,0.749215,0.755388,0.745939,0.760596,0.777395,0.740298,0.735946,0.748928,0.757615,0.729567,0.718095,0.781153,0.740511,0.741570,0.789475,0.773077,0.724665,0.755715,0.770330,0.747231,0.774099,0.733869,0.772796,0.742605,0.749682,0.782649,0.691308,0.750758,0.736072,0.745981,0.757526,0.767510,0.773351,0.749650,0.711719,0.755280,0.769085,0.805025,0.744424,0.761233,0.754045,0.722926,0.747615,0.741756,0.746824,0.807521,0.765903,0.766952,0.762513,0.736719,0.780075,0.721542,0.693672,0.700808,0.742297,0.727258,0.725518,0.689161,0.763897,0.731844,0.751008,0.722291,0.714778,0.749271,0.761580,0.749515,0.753896,0.724390,0.733112,0.758028,0.706251,0.691605,0.767075,0.761593,0.740506,0.769128,0.710732,0.768454,0.705523,0.726896,0.798614,0.711458,0.743517,0.741829,0.710917,0.703121,0.809699,0.750780,0.797940,0.718679,0.734201,0.722421,0.748188,0.729100,0.716900,0.743229,0.758342,0.743135,0.706693,0.743319,0.720500,0.738105,0.791715,0.740357,0.721470,0.715810,0.745740,0.675654,0.766291,0.769565,0.709156,0.747294,0.683102,0.754629,0.752585,0.745422,0.713691,0.741486,0.712753,0.744131,0.715167,0.742816,0.754027,0.756358,0.762823,0.762057,0.784604,0.732073,0.748688,0.768940,0.753943,0.760743,0.726756,0.735488,0.747494,0.754780,0.707358,0.778930,0.778573,0.795649,0.684821,0.719820,0.765262,0.748262,0.729681,0.729258,0.759336,0.689530,0.708795,0.732098,0.713540,0.754101,0.735779,0.733021,0.771698,0.725867,0.762420,0.731809,0.741776,0.729088,0.698377,0.738378,0.755016,0.776797,0.743845,#
1,0.767274,1.000000,0.780871,0.800410,0.758100,0.798537,0.739885,0.752966,0.765348,0.758482,0.782852,0.740621,0.769492,0.781871,0.746295,0.753402,0.764086,0.754952,0.779492,0.785583,0.816821,0.823571,0.782774,0.795879,0.744426,0.722174,0.798786,0.788261,0.731613,0.740867,0.802382,0.804963,0.778749,0.770752,0.771325,0.800921,0.728051,0.807514,0.794452,0.771812,0.765255,0.746228,0.725750,0.753653,0.757955,0.775083,0.799151,0.763952,0.797742,0.792709,0.766905,0.792935,0.777677,0.753185,0.799587,0.777408,0.738397,0.780086,0.781778,0.754332,0.761761,0.757764,0.719922,0.724816,0.768249,0.770292,0.822042,0.776719,0.804189,0.788501,0.769297,0.788590,0.842628,0.753456,0.783574,0.775362,0.766933,0.781660,0.773646,0.764513,0.808994,0.780087,0.838176,0.784304,0.787629,0.765950,0.731053,0.747849,0.794579,0.774533,0.754077,0.734136,0.762403,0.779749,0.735725,0.727939,0.749255,0.747428,0.760684,0.787780,0.781002,0.799779,0.763680,0.773552,0.769029,0.746066,0.728845,0.794086,0.765520,0.764489,0.767226,0.745419,0.765568,0.745962,0.737181,0.772199,0.785394,0.816714,0.738819,0.705520,0.790496,0.782927,0.709404,0.797548,0.716257,0.738829,0.773705,0.772142,0.790653,0.780328,0.734892,0.795420,0.740130,0.771125,0.791247,0.747081,0.718172,0.758696,0.788879,0.716112,0.766371,0.746307,0.732779,0.755653,0.756149,0.754580,0.772582,0.703916,0.749780,0.756430,0.786345,0.780663,0.757249,0.752516,0.790487,0.741740,0.779345,0.758713,0.726494,0.753466,0.755468,0.799391,0.799580,0.802148,0.775481,0.742524,0.771865,0.773873,0.694479,0.727824,0.777914,0.713434,0.776799,0.782910,0.798009,0.740073,0.756300,0.827157,0.745030,0.745106,0.764776,0.751637,0.733697,0.724003,0.730967,0.785736,0.779274,0.680012,0.757037,0.765218,0.753789,0.779714,0.750336,0.793632,0.806196,0.705791,0.769334,0.768267,0.778788,0.759589,#
2,0.770841,0.780871,1.000000,0.751516,0.701948,0.773402,0.754244,0.769221,0.746688,0.746169,0.761364,0.723023,0.710472,0.735780,0.726295,0.728831,0.722669,0.775634,0.728925,0.775240,0.734668,0.762951,0.686720,0.766005,0.726317,0.699737,0.782090,0.790863,0.765084,0.752659,0.795051,0.756958,0.763991,0.742282,0.761058,0.763899,0.767888,0.751409,0.800003,0.778484,0.775576,0.771884,0.726939,0.713299,0.714645,0.745885,0.817658,0.732725,0.776693,0.822201,0.746314,0.739008,0.740643,0.785889,0.810742,0.761018,0.772392,0.752014,0.730741,0.747060,0.773847,0.752616,0.730121,0.776306,0.752137,0.747063,0.828474,0.737022,0.789745,0.764087,0.771495,0.759014,0.791475,0.774065,0.764404,0.759440,0.755104,0.777055,0.765568,0.798702,0.784445,0.777630,0.800758,0.789490,0.793764,0.791845,0.729165,0.802085,0.765259,0.752519,0.769447,0.733051,0.764219,0.757537,0.775177,0.735199,0.731405,0.734426,0.795490,0.755340,0.762411,0.732475,0.720149,0.730106,0.732205,0.771736,0.758518,0.746327,0.779349,0.742214,0.764066,0.721522,0.787403,0.706245,0.733850,0.738091,0.719578,0.770773,0.748224,0.684934,0.755796,0.761219,0.701891,0.780763,0.734917,0.732807,0.739194,0.760967,0.752197,0.780709,0.766565,0.805194,0.799689,0.782024,0.766990,0.752631,0.702667,0.749576,0.773845,0.737290,0.756308,0.742559,0.711059,0.715190,0.766091,0.783330,0.740139,0.728047,0.740885,0.729114,0.778637,0.748874,0.729067,0.768930,0.742008,0.756749,0.753355,0.716848,0.710931,0.716460,0.732314,0.699091,0.745678,0.763731,0.740783,0.767132,0.792274,0.734904,0.698444,0.720614,0.752302,0.705214,0.758954,0.746548,0.799470,0.746654,0.741088,0.797083,0.748264,0.736079,0.740072,0.787252,0.725142,0.785945,0.724763,0.742469,0.744729,0.717903,0.764285,0.747361,0.724793,0.776276,0.780805,0.773848,0.748643,0.748881,0.761899,0.772899,0.744869,0.756706,#
3,0.745938,0.800410,0.751516,1.000000,0.744441,0.765853,0.715716,0.734891,0.743531,0.742811,0.738320,0.728464,0.763248,0.722324,0.700327,0.734335,0.736315,0.730109,0.731558,0.733720,0.761312,0.771074,0.698602,0.710099,0.750167,0.752586,0.758805,0.767262,0.716350,0.714271,0.754834,0.780652,0.738706,0.757094,0.758633,0.747184,0.701996,0.748792,0.695792,0.787153,0.749955,0.740055,0.716230,0.728028,0.738046,0.771057,0.786972,0.757757,0.783128,0.762679,0.758328,0.714599,0.748935,0.716038,0.778753,0.750518,0.686027,0.743004,0.799966,0.749943,0.728492,0.733056,0.699139,0.737450,0.768868,0.771864,0.746537,0.744303,0.727311,0.731285,0.712844,0.770194,0.809542,0.764804,0.731510,0.740106,0.719813,0.754305,0.745982,0.785091,0.798876,0.727516,0.764297,0.757109,0.746393,0.767083,0.721513,0.727856,0.733700,0.741866,0.699022,0.730630,0.745268,0.760442,0.729152,0.741905,0.701202,0.703097,0.706823,0.751635,0.743976,0.724734,0.701731,0.712562,0.753398,0.709249,0.726846,0.771817,0.727386,0.730636,0.718082,0.733478,0.733499,0.727055,0.732918,0.768296,0.736009,0.746635,0.725773,0.671875,0.693166,0.758629,0.683589,0.762760,0.693573,0.740285,0.750598,0.753551,0.725534,0.762826,0.726547,0.770315,0.725059,0.771284,0.771721,0.736874,0.742156,0.718248,0.739151,0.708574,0.721158,0.722288,0.694704,0.710949,0.715241,0.776673,0.722481,0.715669,0.725416,0.691095,0.729595,0.724053,0.717903,0.741686,0.739411,0.696379,0.775703,0.743410,0.695944,0.755202,0.767205,0.763217,0.743742,0.793394,0.747488,0.740344,0.749722,0.715912,0.707624,0.712745,0.748336,0.709966,0.742277,0.748494,0.732799,0.730521,0.731610,0.748367,0.746804,0.726212,0.719219,0.777087,0.703864,0.740804,0.711472,0.745929,0.725486,0.642928,0.765111,0.773437,0.708395,0.731808,0.728173,0.733865,0.752663,0.741307,0.747668,0.749653,0.732941,0.752857,#
4,0.703180,0.758100,0.701948,0.744441,1.000000,0.773472,0.746417,0.703730,0.684574,0.716039,0.724547,0.711429,0.694530,0.700725,0.694068,0.731916,0.703214,0.753515,0.685653,0.759519,0.747257,0.739588,0.707797,0.736433,0.713195,0.679940,0.722271,0.734956,0.720806,0.722056,0.787815,0.719768,0.727972,0.682203,0.727814,0.742016,0.689714,0.717090,0.694721,0.767817,0.721955,0.697032,0.690948,0.729716,0.729928,0.712852,0.774399,0.717910,0.743941,0.747473,0.755150,0.703698,0.712290,0.643320,0.751622,0.737317,0.693940,0.742524,0.766211,0.703506,0.684105,0.722286,0.726820,0.699462,0.754940,0.780402,0.767053,0.689974,0.721081,0.706564,0.739225,0.759210,0.742763,0.719056,0.712327,0.720289,0.710447,0.741551,0.739744,0.741291,0.716165,0.733749,0.761682,0.702725,0.743336,0.683131,0.674168,0.696106,0.735752,0.750928,0.685596,0.671349,0.689271,0.728355,0.690532,0.730233,0.727613,0.675551,0.675330,0.699152,0.741286,0.759490,0.717793,0.712644,0.715491,0.659379,0.735322,0.723105,0.736314,0.744008,0.677570,0.695120,0.741144,0.764593,0.700542,0.721873,0.690133,0.785665,0.676170,0.648611,0.703473,0.730392,0.732840,0.740927,0.685993,0.732527,0.710265,0.706864,0.773314,0.736113,0.768900,0.763656,0.698029,0.720444,0.765118,0.717238,0.704625,0.751183,0.717485,0.690042,0.683651,0.747362,0.709423,0.737475,0.708650,0.724739,0.726302,0.669911,0.699045,0.728520,0.724880,0.769882,0.680304,0.661162,0.771513,0.701184,0.757614,0.731693,0.725452,0.699293,0.682851,0.726755,0.750724,0.743673,0.744855,0.705056,0.726557,0.697064,0.677785,0.692142,0.705374,0.698882,0.731039,0.704454,0.749812,0.710563,0.731970,0.763820,0.710641,0.736660,0.764300,0.711069,0.725314,0.697685,0.754785,0.743253,0.725576,0.729316,0.705993,0.720043,0.703714,0.694849,0.715681,0.723146,0.716040,0.649659,0.703862,0.734274,0.742964,0.689795,#
5,0.766104,0.798537,0.773402,0.765853,0.773472,1.000000,0.723194,0.753217,0.746164,0.742408,0.728392,0.720511,0.725466,0.701049,0.726029,0.730578,0.736826,0.747197,0.746462,0.789559,0.744202,0.730608,0.696454,0.735732,0.747041,0.772472,0.790762,0.790712,0.705306,0.743538,0.772738,0.761115,0.750348,0.763010,0.762979,0.767358,0.741753,0.732819,0.728575,0.774674,0.739257,0.738688,0.721421,0.728916,0.748871,0.773042,0.769287,0.769777,0.763378,0.772401,0.777167,0.704904,0.718322,0.752283,0.775393,0.813229,0.730244,0.759615,0.775051,0.763877,0.715076,0.701861,0.745940,0.775275,0.737544,0.751320,0.760145,0.742759,0.746190,0.761163,0.789044,0.773024,0.797717,0.759040,0.748556,0.729140,0.731291,0.785719,0.746789,0.767671,0.783440,0.764132,0.791539,0.756056,0.746841,0.739901,0.717234,0.727364,0.764516,0.730342,0.752414,0.695227,0.719383,0.770397,0.730537,0.673489,0.761161,0.733287,0.770133,0.694847,0.787514,0.757223,0.792536,0.755967,0.746427,0.713445,0.750811,0.757078,0.713196,0.763045,0.732765,0.741766,0.769037,0.697083,0.684914,0.733230,0.787560,0.784303,0.732951,0.696790,0.713298,0.762115,0.707274,0.800099,0.698763,0.745838,0.775313,0.726012,0.763948,0.725823,0.748608,0.800200,0.774639,0.780170,0.771642,0.710177,0.702344,0.754282,0.722697,0.722985,0.723629,0.708426,0.731073,0.748262,0.815555,0.743703,0.731450,0.721443,0.741983,0.779403,0.791655,0.760100,0.755772,0.720120,0.774785,0.699241,0.769378,0.743680,0.728549,0.738633,0.736655,0.777510,0.756425,0.751582,0.769636,0.713384,0.702697,0.765017,0.719296,0.725727,0.773005,0.743831,0.751175,0.744486,0.762224,0.752376,0.757166,0.784055,0.765054,0.766628,0.769267,0.742357,0.682036,0.725360,0.744058,0.766023,0.762644,0.716039,0.782497,0.789500,0.697900,0.771196,0.722845,0.771090,0.731389,0.722081,0.722845,0.770190,0.755921,0.747287,#
6,0.735804,0.739885,0.754244,0.715716,0.746417,0.723194,1.000000,0.697047,0.730468,0.746343,0.763877,0.727649,0.723005,0.740190,0.651178,0.780630,0.758607,0.782055,0.743568,0.724718,0.755252,0.723290,0.681733,0.718545,0.745331,0.734789,0.740874,0.738366,0.719288,0.725121,0.765177,0.776867,0.738180,0.743232,0.745659,0.750029,0.748804,0.737437,0.716282,0.764713,0.747281,0.763216,0.750718,0.744711,0.728763,0.692158,0.778494,0.729462,0.782327,0.777138,0.750651,0.732466,0.727896,0.652812,0.766835,0.737496,0.731937,0.769517,0.761445,0.731279,0.750531,0.747965,0.707572,0.706744,0.788824,0.742504,0.808666,0.742194,0.765984,0.701774,0.761026,0.792603,0.751162,0.745559,0.730056,0.741355,0.764663,0.779041,0.769151,0.737756,0.755141,0.766626,0.749780,0.797102,0.751087,0.711486,0.706398,0.720101,0.759692,0.735595,0.704763,0.720512,0.699578,0.758133,0.718792,0.722559,0.745671,0.727886,0.724294,0.710560,0.758593,0.766773,0.733017,0.725840,0.766837,0.681186,0.745157,0.733656,0.777772,0.731584,0.690809,0.694235,0.745637,0.747144,0.700292,0.760928,0.702905,0.762147,0.682651,0.704920,0.711393,0.760054,0.656969,0.763572,0.731997,0.721785,0.710523,0.730535,0.717707,0.722276,0.759864,0.764381,0.734675,0.700176,0.758454,0.723300,0.749636,0.728552,0.773928,0.746575,0.745998,0.729128,0.700769,0.727366,0.745946,0.764678,0.731568,0.721527,0.707484,0.725427,0.743763,0.764187,0.696187,0.717140,0.721747,0.715508,0.735427,0.665840,0.698013,0.752110,0.738304,0.742735,0.720359,0.738180,0.742730,0.744844,0.773566,0.694485,0.696328,0.724463,0.710278,0.745945,0.694887,0.705973,0.751068,0.753015,0.736692,0.769468,0.748192,0.722533,0.751768,0.736272,0.742651,0.736214,0.705313,0.711698,0.753229,0.697854,0.742863,0.734283,0.700408,0.753580,0.708352,0.746189,0.752469,0.720815,0.751795,0.752808,0.753150,0.730348,#
7,0.758369,0.752966,0.769221,0.734891,0.703730,0.753217,0.697047,1.000000,0.758182,0.706500,0.724267,0.708781,0.742378,0.726617,0.724894,0.714413,0.706017,0.763156,0.742397,0.754825,0.762158,0.727042,0.745886,0.709457,0.716794,0.749902,0.745742,0.735736,0.724727,0.754697,0.746490,0.734118,0.725213,0.735083,0.745342,0.751255,0.725660,0.742978,0.764682,0.745383,0.759310,0.762277,0.687360,0.701356,0.704966,0.735016,0.779413,0.775720,0.792413,0.758246,0.734039,0.728383,0.743157,0.741423,0.770579,0.711929,0.740019,0.714202,0.766088,0.786698,0.704350,0.747322,0.742826,0.720068,0.766208,0.746794,0.799394,0.719432,0.720217,0.687000,0.770252,0.697276,0.780246,0.767264,0.730958,0.715367,0.731356,0.745969,0.717418,0.738219,0.799094,0.730491,0.789348,0.757871,0.751450,0.758464,0.721578,0.736457,0.723427,0.742993,0.741148,0.718236,0.730955,0.747425,0.753957,0.738456,0.744134,0.756759,0.767900,0.731541,0.760841,0.719514,0.700755,0.692825,0.744509,0.695575,0.714976,0.771988,0.755535,0.706394,0.765093,0.715309,0.777469,0.725684,0.733173,0.763647,0.695379,0.732101,0.713425,0.724348,0.732574,0.749119,0.708120,0.762394,0.716366,0.751285,0.702161,0.764863,0.718887,0.737735,0.718066,0.762145,0.750290,0.672833,0.750787,0.735172,0.709061,0.774744,0.727122,0.714410,0.702168,0.702795,0.722846,0.706840,0.763432,0.744173,0.737071,0.661826,0.702151,0.711406,0.714257,0.745156,0.724703,0.696230,0.745504,0.776036,0.761915,0.747485,0.722324,0.709407,0.749090,0.709979,0.784044,0.719770,0.744663,0.722773,0.741906,0.728107,0.643679,0.669803,0.760110,0.708150,0.742934,0.748775,0.765244,0.688783,0.702209,0.735137,0.733059,0.731621,0.735461,0.737274,0.707926,0.728657,0.729495,0.747524,0.762052,0.687750,0.746098,0.780300,0.751488,0.745975,0.713897,0.726990,0.743686,0.701021,0.741137,0.769958,0.772973,0.716252,#
8,0.738346,0.765348,0.746688,0.743531,0.684574,0.746164,0.730468,0.758182,1.000000,0.738494,0.742762,0.758377,0.747081,0.745043,0.714446,0.758412,0.698716,0.739257,0.679112,0.750647,0.762001,0.742657,0.689355,0.719891,0.722436,0.733603,0.743843,0.727633,0.720115,0.716160,0.763197,0.739047,0.721383,0.717786,0.726201,0.805949,0.722379,0.748568,0.697269,0.727859,0.726406,0.715153,0.786640,0.736873,0.714105,0.694318,0.760856,0.706585,0.767249,0.760436,0.746612,0.732197,0.728685,0.735513,0.728883,0.746455,0.735608,0.746132,0.730585,0.710062,0.746501,0.758288,0.759539,0.739940,0.750497,0.768714,0.784202,0.766900,0.767400,0.701679,0.750722,0.777142,0.803092,0.740339,0.733205,0.713608,0.732318,0.763987,0.735576,0.758627,0.773749,0.733911,0.755132,0.758507,0.766251,0.734240,0.724541,0.749481,0.705689,0.678637,0.727342,0.710965,0.704976,0.723921,0.697324,0.699407,0.749403,0.752377,0.798191,0.752956,0.742849,0.690434,0.764628,0.764528,0.701571,0.728242,0.742572,0.745250,0.699017,0.769323,0.708860,0.703424,0.754206,0.704657,0.674725,0.759185,0.730286,0.731418,0.698116,0.725937,0.709032,0.720965,0.707501,0.780226,0.687831,0.744659,0.671231,0.722784,0.758586,0.762941,0.696426,0.769174,0.744799,0.706705,0.749781,0.749021,0.723716,0.737685,0.748949,0.710654,0.716266,0.710948,0.722819,0.668786,0.751744,0.722111,0.714034,0.703499,0.709480,0.750795,0.724955,0.766939,0.701360,0.778745,0.735162,0.715535,0.754932,0.753266,0.775423,0.715639,0.744622,0.703609,0.746959,0.724093,0.717444,0.711211,0.733549,0.760132,0.719049,0.676936,0.724651,0.731161,0.690666,0.733240,0.773337,0.715586,0.720763,0.767406,0.732891,0.709531,0.755683,0.748377,0.725153,0.727374,0.708675,0.699807,0.777344,0.680934,0.714695,0.769115,0.757854,0.753065,0.750792,0.744769,0.727695,0.669588,0.690950,0.734037,0.733422,0.775365,#
9,0.724915,0.758482,0.746169,0.742811,0.716039,0.742408,0.746343,0.706500,0.738494,1.000000,0.741440,0.699201,0.736339,0.728918,0.738854,0.741069,0.713783,0.767999,0.699629,0.717397,0.763335,0.729882,0.670316,0.726933,0.728882,0.698548,0.748792,0.796731,0.686851,0.748538,0.726651,0.741091,0.743739,0.730324,0.736715,0.760704,0.729928,0.733593,0.723877,0.771947,0.731920,0.753218,0.686385,0.713146,0.736154,0.703795,0.747950,0.746127,0.775515,0.769979,0.737542,0.711263,0.678409,0.683054,0.730704,0.732659,0.750855,0.788132,0.693326,0.740006,0.741614,0.742410,0.727287,0.700486,0.717712,0.782931,0.774753,0.739969,0.767964,0.701820,0.746991,0.752751,0.765405,0.735319,0.726754,0.749027,0.760774,0.794957,0.735637,0.798849,0.767980,0.747140,0.748614,0.790801,0.760838,0.731188,0.733492,0.756956,0.743970,0.717900,0.750728,0.684373,0.746015,0.732548,0.751499,0.708202,0.701589,0.717190,0.741714,0.755407,0.774912,0.758592,0.749603,0.726906,0.741658,0.732681,0.717087,0.781685,0.761728,0.752773,0.733309,0.740606,0.761808,0.703238,0.707926,0.787463,0.670227,0.753029,0.712406,0.710771,0.684851,0.749620,0.704126,0.757336,0.719397,0.739136,0.731888,0.722761,0.752824,0.709891,0.694546,0.775295,0.731723,0.729987,0.766435,0.681759,0.707773,0.742119,0.738690,0.725105,0.766010,0.772261,0.755457,0.764311,0.773303,0.789936,0.722715,0.746791,0.723187,0.729849,0.712744,0.737098,0.727436,0.736709,0.726182,0.720352,0.719591,0.753853,0.737900,0.752901,0.728853,0.764798,0.764976,0.762140,0.735134,0.759243,0.698266,0.751788,0.739881,0.708722,0.738748,0.720357,0.733742,0.701162,0.751881,0.768252,0.753469,0.787728,0.714515,0.757614,0.761675,0.759241,0.748321,0.704270,0.731590,0.754919,0.734372,0.702482,0.757612,0.718535,0.702137,0.728116,0.699631,0.722237,0.706759,0.689629,0.746951,0.739455,0.735465,0.694722,#
10,0.735710,0.782852,0.761364,0.738320,0.724547,0.728392,0.763877,0.724267,0.742762,0.741440,1.000000,0.761447,0.745790,0.734898,0.692775,0.759468,0.753017,0.742452,0.772380,0.740661,0.755248,0.746477,0.702693,0.776535,0.715895,0.742443,0.747923,0.788830,0.745156,0.757381,0.758065,0.744498,0.742382,0.755014,0.754458,0.756546,0.770401,0.757841,0.724344,0.741942,0.763241,0.714766,0.733897,0.725234,0.727190,0.757928,0.822597,0.747757,0.763932,0.796134,0.730425,0.753668,0.741425,0.687096,0.765830,0.773841,0.758035,0.793925,0.714239,0.762861,0.752118,0.765501,0.777968,0.757898,0.766970,0.728604,0.808323,0.724292,0.792868,0.719288,0.798731,0.779842,0.803485,0.710789,0.747488,0.796094,0.735870,0.789397,0.777713,0.730858,0.802057,0.738673,0.776269,0.752532,0.756457,0.738991,0.757265,0.721045,0.750544,0.783124,0.716830,0.756213,0.765896,0.724831,0.712360,0.741464,0.729384,0.773742,0.746514,0.745509,0.757804,0.729315,0.739791,0.761283,0.747397,0.748757,0.759365,0.718709,0.746163,0.763064,0.757848,0.712887,0.800968,0.737335,0.708813,0.775854,0.700741,0.757698,0.720005,0.696220,0.734774,0.778870,0.674372,0.767753,0.682969,0.735137,0.752285,0.732634,0.771975,0.760675,0.735752,0.782727,0.737942,0.743170,0.787449,0.786253,0.712301,0.728051,0.773607,0.759340,0.772428,0.756147,0.737307,0.755986,0.755758,0.766735,0.748673,0.720026,0.731261,0.764871,0.741095,0.736035,0.737355,0.744775,0.776535,0.719502,0.771256,0.761418,0.712583,0.716852,0.766441,0.724936,0.750373,0.768668,0.751693,0.739582,0.771427,0.735346,0.722969,0.743799,0.709234,0.761917,0.701083,0.735511,0.786908,0.747375,0.725870,0.769373,0.712888,0.756471,0.732340,0.715476,0.748701,0.725210,0.689923,0.749326,0.767813,0.726567,0.715917,0.770279,0.736590,0.728133,0.730275,0.793050,0.746375,0.711125,0.747736,0.757670,0.766346,0.766164,#
11,0.758548,0.740621,0.723023,0.728464,0.711429,0.720511,0.727649,0.708781,0.758377,0.699201,0.761447,1.000000,0.750750,0.738837,0.735607,0.741723,0.695686,0.762257,0.755608,0.738184,0.726372,0.724715,0.724191,0.741345,0.720418,0.718047,0.727481,0.727416,0.730493,0.699451,0.777154,0.759901,0.756602,0.729655,0.713776,0.754263,0.751624,0.775398,0.698324,0.735805,0.753397,0.698252,0.712286,0.727020,0.710681,0.682140,0.790821,0.759594,0.749901,0.774678,0.694206,0.686103,0.754803,0.695601,0.761099,0.735728,0.706571,0.786535,0.734161,0.771512,0.706124,0.725642,0.777408,0.724766,0.740629,0.725687,0.782698,0.751583,0.760481,0.738887,0.728791,0.738989,0.791685,0.744153,0.788006,0.753797,0.757958,0.784824,0.730058,0.713226,0.751663,0.721168,0.768322,0.751153,0.750511,0.709841,0.691986,0.714753,0.707437,0.686750,0.731818,0.725009,0.712330,0.749342,0.654430,0.744736,0.720385,0.750507,0.734105,0.731383,0.735584,0.743810,0.748926,0.731594,0.747187,0.725298,0.746934,0.754167,0.752080,0.736292,0.750942,0.734392,0.756768,0.699726,0.699017,0.733639,0.714912,0.743371,0.703700,0.741693,0.698774,0.727893,0.716386,0.799046,0.680303,0.720529,0.725932,0.753813,0.786801,0.767102,0.750380,0.749420,0.770076,0.735336,0.776264,0.754566,0.744139,0.739028,0.753671,0.720475,0.720553,0.678446,0.730810,0.760381,0.747043,0.710923,0.753002,0.699855,0.685070,0.725657,0.729456,0.713334,0.729225,0.776039,0.739652,0.704148,0.747352,0.714945,0.709053,0.729183,0.746082,0.745907,0.765244,0.749392,0.776158,0.740368,0.770033,0.709657,0.709046,0.744369,0.751333,0.700804,0.749495,0.771134,0.757541,0.734961,0.729888,0.738512,0.723476,0.749734,0.737023,0.710471,0.755159,0.703054,0.731026,0.679511,0.745026,0.726681,0.691344,0.710281,0.739551,0.764428,0.723485,0.737919,0.722899,0.698646,0.725026,0.755614,0.761268,0.700637,#
12,0.767451,0.769492,0.710472,0.763248,0.694530,0.725466,0.723005,0.742378,0.747081,0.736339,0.745790,0.750750,1.000000,0.730588,0.729776,0.706583,0.699836,0.734308,0.761977,0.728839,0.759465,0.713654,0.738213,0.734642,0.737852,0.730352,0.726227,0.732986,0.730117,0.719164,0.750849,0.719647,0.722033,0.753375,0.770100,0.771175,0.726454,0.756222,0.727812,0.726438,0.692675,0.683179,0.678669,0.730280,0.739407,0.720264,0.809724,0.735483,0.779274,0.778967,0.776272,0.688255,0.716279,0.713747,0.777837,0.742251,0.713392,0.715490,0.746233,0.732380,0.704122,0.728750,0.738531,0.701448,0.751276,0.753433,0.748235,0.723969,0.772173,0.728973,0.735096,0.755374,0.791519,0.731903,0.754751,0.752515,0.729519,0.774803,0.738725,0.775024,0.779776,0.744381,0.777579,0.741345,0.721306,0.749346,0.668028,0.744571,0.720484,0.707666,0.766088,0.709935,0.742820,0.744712,0.683640,0.736969,0.747639,0.710653,0.717699,0.699268,0.722947,0.758255,0.734493,0.718480,0.725632,0.701565,0.704680,0.747627,0.757189,0.746018,0.727795,0.716085,0.750789,0.693101,0.746766,0.748968,0.664597,0.725329,0.724089,0.711599,0.722811,0.761278,0.695445,0.772302,0.706096,0.785667,0.731578,0.726047,0.728980,0.724928,0.653633,0.720618,0.720944,0.692143,0.724197,0.718453,0.680466,0.727460,0.723360,0.658684,0.748203,0.704756,0.688256,0.750120,0.695905,0.719122,0.749017,0.694115,0.711348,0.759012,0.749888,0.702111,0.737048,0.694029,0.728554,0.748691,0.784952,0.773553,0.758346,0.701204,0.744596,0.763167,0.749123,0.734344,0.780051,0.688057,0.716869,0.756009,0.690563,0.703623,0.743807,0.672837,0.753104,0.719897,0.746177,0.701403,0.766587,0.783861,0.671936,0.698711,0.725402,0.750345,0.719796,0.691329,0.669787,0.704461,0.726516,0.702837,0.747061,0.725425,0.695113,0.730841,0.668791,0.717410,0.719602,0.712615,0.725945,0.755622,0.764206,0.702624,#
13,0.705480,0.781871,0.735780,0.722324,0.700725,0.701049,0.740190,0.726617,0.745043,0.728918,0.734898,0.738837,0.730588,1.000000,0.696884,0.709768,0.679168,0.769264,0.745737,0.721881,0.749828,0.733750,0.756062,0.736483,0.722183,0.742774,0.702710,0.765828,0.731765,0.756429,0.728656,0.735627,0.747167,0.763085,0.662717,0.727997,0.745123,0.767491,0.731662,0.754810,0.795324,0.722533,0.725471,0.687225,0.763191,0.739961,0.752624,0.742822,0.799873,0.777377,0.728174,0.759825,0.707015,0.690812,0.782064,0.755865,0.753587,0.767757,0.753409,0.744617,0.726564,0.740482,0.708582,0.719277,0.768491,0.759056,0.798108,0.751857,0.775945,0.712181,0.705452,0.755279,0.772341,0.765703,0.760304,0.750938,0.746730,0.750901,0.769451,0.733618,0.751627,0.734416,0.781847,0.778642,0.723119,0.754007,0.666808,0.723412,0.789066,0.721690,0.710584,0.744650,0.740686,0.751579,0.706835,0.698247,0.729888,0.706698,0.721844,0.759719,0.758041,0.733575,0.757397,0.745752,0.732501,0.753063,0.715879,0.760292,0.720239,0.729194,0.723330,0.719291,0.746317,0.726198,0.735966,0.758395,0.691292,0.765866,0.722087,0.670630,0.737922,0.743789,0.696260,0.741450,0.693965,0.712659,0.731485,0.723947,0.747856,0.738052,0.729119,0.723426,0.718647,0.720946,0.746622,0.746033,0.709908,0.749967,0.810523,0.705129,0.739231,0.734011,0.740188,0.716215,0.712393,0.739446,0.728609,0.708595,0.728759,0.705416,0.755346,0.739294,0.709452,0.749359,0.722642,0.710498,0.759068,0.702108,0.726492,0.717789,0.750179,0.732557,0.749459,0.751801,0.753380,0.733095,0.767931,0.745243,0.709133,0.703331,0.722638,0.715722,0.745512,0.759929,0.786161,0.755632,0.745168,0.770438,0.725438,0.727981,0.747821,0.718836,0.768890,0.712107,0.700100,0.736464,0.714963,0.692115,0.701738,0.741520,0.756695,0.749119,0.740826,0.753133,0.750048,0.671442,0.736453,0.800878,0.757793,0.706564,#
14,0.750389,0.746295,0.726295,0.700327,0.694068,0.726029,0.651178,0.724894,0.714446,0.738854,0.692775,0.735607,0.729776,0.696884,1.000000,0.696636,0.679072,0.710031,0.650020,0.730437,0.695435,0.719082,0.696970,0.758738,0.681789,0.646987,0.732311,0.745684,0.687658,0.724412,0.795010,0.697240,0.702109,0.685177,0.720223,0.725784,0.699539,0.727873,0.747981,0.682276,0.711892,0.700211,0.684627,0.699598,0.685065,0.718878,0.751998,0.685330,0.712082,0.706900,0.690321,0.700013,0.689955,0.711103,0.718013,0.717513,0.725305,0.703807,0.733834,0.667813,0.703006,0.727621,0.725519,0.689961,0.708720,0.706500,0.738330,0.695641,0.743673,0.697490,0.711693,0.698257,0.777762,0.706676,0.744363,0.742076,0.700429,0.726782,0.668796,0.703582,0.739365,0.717045,0.776452,0.766306,0.722812,0.719114,0.671364,0.721888,0.732131,0.683316,0.718517,0.654882,0.714003,0.781677,0.710084,0.699291,0.703279,0.700624,0.693082,0.676512,0.709228,0.715045,0.731393,0.674523,0.717599,0.699894,0.702341,0.681202,0.754517,0.724083,0.690762,0.728673,0.764379,0.677004,0.652606,0.716063,0.666343,0.686498,0.674518,0.679561,0.712761,0.720600,0.699392,0.752418,0.701612,0.627804,0.684162,0.737443,0.691334,0.710785,0.685214,0.747040,0.688542,0.703176,0.724660,0.679865,0.736978,0.722773,0.710702,0.694918,0.711399,0.721142,0.665014,0.764045,0.722500,0.738693,0.746443,0.661999,0.699827,0.676943,0.755828,0.690483,0.702686,0.693160,0.735750,0.679224,0.725447,0.700938,0.679004,0.711492,0.706392,0.692268,0.715699,0.693813,0.750580,0.702258,0.682054,0.715983,0.646585,0.692595,0.704472,0.646407,0.716452,0.727093,0.739292,0.709969,0.680152,0.735565,0.688511,0.694468,0.708883,0.718250,0.712682,0.672137,0.692618,0.721571,0.734617,0.647337,0.696698,0.708735,0.698177,0.716052,0.727044,0.707565,0.655714,0.641297,0.693797,0.720087,0.692179,0.652102,#
15,0.712609,0.753402,0.728831,0.734335,0.731916,0.730578,0.780630,0.714413,0.758412,0.741069,0.759468,0.741723,0.706583,0.709768,0.696636,1.000000,0.724951,0.747376,0.747301,0.733125,0.706088,0.740960,0.694729,0.744877,0.726628,0.720235,0.711222,0.747199,0.715110,0.693296,0.777402,0.769352,0.741435,0.773024,0.715264,0.750496,0.747808,0.780328,0.711324,0.714034,0.710565,0.694081,0.735392,0.727318,0.732796,0.718249,0.793363,0.743230,0.767339,0.771797,0.737694,0.718549,0.703929,0.714258,0.732158,0.731896,0.753841,0.735514,0.710125,0.733390,0.752020,0.761452,0.733190,0.741132,0.766704,0.721822,0.768452,0.751734,0.729694,0.696975,0.748969,0.725362,0.724230,0.728949,0.757610,0.724790,0.735850,0.752524,0.764311,0.726981,0.741765,0.730567,0.752936,0.770815,0.771036,0.750139,0.662061,0.727802,0.735301,0.670888,0.690838,0.723042,0.727573,0.753308,0.673340,0.728445,0.709437,0.751832,0.723895,0.717024,0.740850,0.753411,0.736325,0.755330,0.741459,0.693320,0.716240,0.740693,0.725650,0.773010,0.687545,0.670140,0.779130,0.706472,0.716140,0.743619,0.681556,0.717107,0.695457,0.738384,0.690430,0.756657,0.685661,0.753469,0.674009,0.711704,0.725057,0.712524,0.750726,0.766069,0.744990,0.732501,0.710567,0.662747,0.760067,0.737605,0.740226,0.708166,0.727997,0.734544,0.722738,0.702062,0.717230,0.716987,0.750730,0.764349,0.707598,0.696891,0.716923,0.726340,0.751595,0.780476,0.741735,0.735965,0.739521,0.711812,0.742363,0.694845,0.737983,0.717523,0.719152,0.743524,0.754809,0.749322,0.738139,0.719526,0.742460,0.715152,0.716482,0.718734,0.676657,0.755901,0.686428,0.769947,0.753894,0.766945,0.735545,0.747702,0.725015,0.727028,0.743854,0.726149,0.719170,0.712191,0.755393,0.689004,0.703940,0.654126,0.709813,0.750107,0.714469,0.756513,0.694159,0.723129,0.718562,0.683373,0.734800,0.733288,0.779446,0.732414,#
16,0.739942,0.764086,0.722669,0.736315,0.703214,0.736826,0.758607,0.706017,0.698716,0.713783,0.753017,0.695686,0.699836,0.679168,0.679072,0.724951,1.000000,0.741176,0.777214,0.744233,0.788105,0.677688,0.680760,0.709751,0.710954,0.738083,0.722052,0.709922,0.660599,0.701692,0.768725,0.756165,0.720847,0.689342,0.728206,0.744030,0.753077,0.756928,0.727014,0.753062,0.717291,0.710345,0.691733,0.686193,0.718355,0.724911,0.745824,0.716502,0.739237,0.762344,0.711682,0.703513,0.705802,0.721323,0.736914,0.765586,0.674692,0.746353,0.727021,0.697100,0.737742,0.730627,0.715002,0.693791,0.737946,0.719676,0.774524,0.741599,0.765767,0.721406,0.745563,0.741002,0.754186,0.721586,0.724546,0.704812,0.719616,0.744891,0.712190,0.763183,0.796289,0.735147,0.777270,0.734549,0.743588,0.715594,0.696200,0.679634,0.714449,0.706912,0.648215,0.703011,0.717302,0.706171,0.708357,0.740816,0.711731,0.710737,0.729911,0.720516,0.748411,0.739816,0.732779,0.737303,0.726034,0.711897,0.727127,0.714336,0.793656,0.731825,0.711388,0.717327,0.755921,0.717941,0.716385,0.768626,0.766003,0.733434,0.677357,0.622127,0.647132,0.722873,0.680157,0.729464,0.721247,0.710103,0.698775,0.698345,0.732911,0.686502,0.739641,0.735832,0.726787,0.696639,0.733749,0.753537,0.711478,0.706211,0.724876,0.665639,0.705764,0.711448,0.734237,0.706549,0.693112,0.702264,0.752084,0.709333,0.709237,0.692259,0.712535,0.732584,0.649798,0.703352,0.780079,0.704236,0.721713,0.707446,0.680774,0.715970,0.731071,0.697617,0.775629,0.721628,0.760177,0.744750,0.716163,0.740436,0.696893,0.716096,0.660764,0.733757,0.711961,0.743905,0.742731,0.714509,0.693513,0.780645,0.716057,0.730745,0.729936,0.694292,0.712113,0.718591,0.666310,0.686346,0.753614,0.690522,0.731435,0.739762,0.725198,0.741116,0.703369,0.742871,0.744895,0.713626,0.737506,0.740738,0.746743,0.712310,#
17,0.754209,0.754952,0.775634,0.730109,0.753515,0.747197,0.782055,0.763156,0.739257,0.767999,0.742452,0.762257,0.734308,0.769264,0.710031,0.747376,0.741176,1.000000,0.747114,0.788833,0.740878,0.746713,0.732252,0.731341,0.779700,0.741586,0.749182,0.768944,0.717432,0.750183,0.779264,0.782630,0.702235,0.713702,0.715432,0.742637,0.750698,0.793561,0.769269,0.783711,0.767107,0.757071,0.716861,0.733053,0.737049,0.756904,0.781416,0.785340,0.788935,0.792415,0.743153,0.694351,0.743679,0.710920,0.781413,0.764807,0.760799,0.741343,0.756976,0.733206,0.743979,0.718303,0.768223,0.720415,0.753346,0.769943,0.834431,0.742192,0.757434,0.705726,0.775973,0.743081,0.764184,0.783327,0.770488,0.716792,0.736741,0.801032,0.776193,0.779747,0.770515,0.769483,0.803828,0.802921,0.750147,0.727490,0.734058,0.739242,0.727411,0.738025,0.748563,0.709490,0.754388,0.764003,0.739151,0.760919,0.726309,0.709848,0.751828,0.796972,0.757363,0.744114,0.745202,0.708396,0.722466,0.740559,0.721181,0.743800,0.743758,0.769193,0.750917,0.705157,0.798867,0.742609,0.771003,0.752717,0.681896,0.759640,0.735916,0.724720,0.728626,0.759025,0.708698,0.758345,0.702618,0.740979,0.717567,0.764982,0.776466,0.730934,0.753960,0.795898,0.774512,0.712262,0.756934,0.749224,0.764554,0.757528,0.746766,0.765620,0.756639,0.744636,0.789602,0.751162,0.778170,0.746522,0.721402,0.688374,0.743037,0.725533,0.766162,0.748368,0.720458,0.760085,0.741538,0.769066,0.801684,0.713991,0.743233,0.750534,0.744436,0.743138,0.806506,0.733568,0.756057,0.727927,0.707433,0.708925,0.719911,0.692220,0.746477,0.718985,0.757193,0.728225,0.802961,0.722820,0.744189,0.790571,0.747199,0.776216,0.736095,0.773929,0.744817,0.759692,0.749412,0.706734,0.773271,0.746386,0.720389,0.736630,0.754761,0.771365,0.712465,0.742779,0.724379,0.758253,0.748428,0.755860,0.772282,0.680787,#
18,0.743556,0.779492,0.728925,0.731558,0.685653,0.746462,0.743568,0.742397,0.679112,0.699629,0.772380,0.755608,0.761977,0.745737,0.650020,0.747301,0.777214,0.747114,1.000000,0.742410,0.746718,0.769061,0.710489,0.708149,0.693659,0.753026,0.736239,0.732647,0.712016,0.739948,0.716328,0.769809,0.744068,0.771108,0.752261,0.789325,0.731081,0.784953,0.740275,0.735728,0.769325,0.706156,0.723858,0.676356,0.742753,0.718088,0.788789,0.786966,0.787121,0.742515,0.709216,0.709357,0.737490,0.678793,0.765444,0.741556,0.715543,0.751582,0.743937,0.773986,0.738376,0.710431,0.721251,0.701852,0.776627,0.707604,0.775169,0.715109,0.718774,0.724129,0.743771,0.724896,0.767186,0.724793,0.767990,0.703236,0.715197,0.758579,0.731245,0.722604,0.759695,0.701253,0.780026,0.753199,0.765663,0.776907,0.654037,0.720331,0.752101,0.697564,0.713802,0.696965,0.737228,0.773119,0.732172,0.709959,0.729210,0.738527,0.745551,0.749758,0.753029,0.724392,0.739466,0.738073,0.750741,0.743615,0.714279,0.760616,0.778787,0.765328,0.751591,0.701838,0.757163,0.711910,0.701164,0.741488,0.708748,0.716187,0.730506,0.703230,0.733189,0.751595,0.677475,0.754941,0.724565,0.714404,0.781757,0.715554,0.777133,0.698776,0.726268,0.755556,0.734917,0.686338,0.733700,0.746377,0.738383,0.735382,0.730992,0.711493,0.709883,0.742450,0.705036,0.742824,0.747288,0.734269,0.739819,0.679488,0.737654,0.708798,0.740833,0.734926,0.748651,0.720729,0.746855,0.772549,0.751479,0.729394,0.683910,0.701040,0.756786,0.735721,0.805732,0.734199,0.759707,0.713814,0.789202,0.723248,0.669668,0.719535,0.730633,0.738670,0.749868,0.760424,0.746731,0.721119,0.719400,0.782819,0.723317,0.756114,0.743055,0.730171,0.706934,0.705502,0.711114,0.705387,0.727860,0.713570,0.687290,0.758296,0.722417,0.760059,0.679428,0.773197,0.767586,0.723450,0.733049,0.786735,0.755279,0.743606,#
19,0.758200,0.785583,0.775240,0.733720,0.759519,0.789559,0.724718,0.754825,0.750647,0.717397,0.740661,0.738184,0.728839,0.721881,0.730437,0.733125,0.744233,0.788833,0.742410,1.000000,0.762265,0.728729,0.687542,0.725690,0.738319,0.714443,0.756925,0.747462,0.707690,0.738742,0.790979,0.787414,0.758035,0.724551,0.738359,0.802090,0.740765,0.759396,0.744828,0.754304,0.765852,0.751455,0.708699,0.725326,0.710167,0.764558,0.804574,0.747297,0.783746,0.766924,0.745650,0.701238,0.734598,0.737121,0.754688,0.734992,0.771186,0.742120,0.728258,0.707119,0.722099,0.696240,0.766455,0.745277,0.760616,0.749374,0.799378,0.735441,0.783717,0.725258,0.767478,0.741121,0.786465,0.743872,0.729894,0.710165,0.707634,0.750188,0.727857,0.747234,0.805062,0.715590,0.797030,0.756415,0.757701,0.714940,0.720177,0.726621,0.774640,0.720131,0.709472,0.715414,0.709685,0.766590,0.710026,0.707613,0.748624,0.747389,0.744755,0.762344,0.752476,0.736660,0.761463,0.738832,0.741401,0.683677,0.753744,0.725576,0.740072,0.721638,0.739479,0.705447,0.749653,0.712135,0.721577,0.741568,0.740519,0.764233,0.733824,0.670894,0.750219,0.739461,0.697249,0.805300,0.711419,0.749070,0.725454,0.762154,0.804737,0.768413,0.761947,0.796822,0.764519,0.740511,0.745473,0.768974,0.706672,0.741828,0.758867,0.704466,0.743706,0.735809,0.696536,0.726350,0.754060,0.714128,0.720800,0.653478,0.749386,0.740333,0.728215,0.757765,0.712875,0.730457,0.779006,0.725583,0.802587,0.740831,0.740814,0.732483,0.748592,0.757019,0.758376,0.756807,0.786380,0.753397,0.709777,0.753371,0.693665,0.705937,0.720596,0.755633,0.771304,0.740943,0.794113,0.708570,0.739586,0.794165,0.741772,0.723110,0.732364,0.768515,0.765848,0.754813,0.726548,0.721098,0.715729,0.729927,0.736645,0.778142,0.730909,0.753147,0.696586,0.773742,0.760332,0.725664,0.753996,0.720632,0.759809,0.697661,#
20,0.740764,0.816821,0.734668,0.761312,0.747257,0.744202,0.755252,0.762158,0.762001,0.763335,0.755248,0.726372,0.759465,0.749828,0.695435,0.706088,0.788105,0.740878,0.746718,0.762265,1.000000,0.758283,0.701758,0.771718,0.745891,0.759439,0.723406,0.775222,0.726271,0.736848,0.780454,0.755430,0.760183,0.765372,0.737483,0.787905,0.721232,0.742216,0.737178,0.779905,0.760514,0.779522,0.696161,0.720671,0.784360,0.718624,0.785833,0.750340,0.777916,0.771951,0.753731,0.759110,0.726097,0.728093,0.776670,0.727534,0.688276,0.754058,0.766011,0.732635,0.754992,0.737555,0.779972,0.721923,0.760505,0.789012,0.816226,0.738087,0.768195,0.710011,0.742567,0.781924,0.797556,0.753883,0.727759,0.710422,0.743483,0.755412,0.779079,0.784145,0.763408,0.763934,0.795514,0.751290,0.731810,0.744037,0.728653,0.756349,0.775815,0.772598,0.733431,0.735782,0.726651,0.769715,0.741446,0.752005,0.726254,0.694407,0.745367,0.744542,0.805088,0.763697,0.766751,0.776717,0.753047,0.730669,0.782459,0.753761,0.760627,0.795802,0.724616,0.749125,0.735827,0.697614,0.751210,0.756977,0.747052,0.772229,0.666817,0.662476,0.740539,0.764903,0.707807,0.793502,0.714601,0.752434,0.716895,0.720216,0.752237,0.754882,0.739521,0.768153,0.781051,0.755692,0.764374,0.754920,0.694012,0.785946,0.774576,0.746705,0.744592,0.714291,0.732228,0.745007,0.760391,0.721059,0.743993,0.719715,0.711978,0.752718,0.749184,0.757129,0.718414,0.740107,0.777349,0.747296,0.753552,0.779727,0.736722,0.736585,0.770209,0.759430,0.765300,0.763284,0.783308,0.733266,0.714469,0.756380,0.700596,0.690585,0.747993,0.699755,0.758837,0.748849,0.773947,0.734434,0.723329,0.793931,0.728026,0.764793,0.752189,0.741393,0.738367,0.719883,0.701604,0.765213,0.750718,0.715263,0.731924,0.744368,0.723973,0.778996,0.765261,0.778447,0.773014,0.709483,0.765803,0.773990,0.767558,0.735260,#
21,0.731958,0.823571,0.762951,0.771074,0.739588,0.730608,0.723290,0.727042,0.742657,0.729882,0.746477,0.724715,0.713654,0.733750,0.719082,0.740960,0.677688,0.746713,0.769061,0.728729,0.758283,1.000000,0.719767,0.756399,0.694748,0.711081,0.764354,0.725744,0.745206,0.724252,0.740322,0.713777,0.761687,0.779384,0.752730,0.785602,0.747445,0.744120,0.737678,0.720717,0.741202,0.754445,0.715976,0.726023,0.750669,0.749518,0.756814,0.752021,0.778354,0.760001,0.712515,0.749539,0.734983,0.695830,0.766410,0.741495,0.717060,0.725399,0.792752,0.716949,0.746526,0.741894,0.696496,0.703084,0.759992,0.749580,0.787134,0.711185,0.736170,0.746578,0.730301,0.780159,0.773340,0.755635,0.775471,0.757463,0.735510,0.751260,0.741966,0.746459,0.736671,0.710313,0.801014,0.757367,0.790050,0.748807,0.675456,0.758255,0.764902,0.740991,0.698583,0.685585,0.754202,0.777362,0.746796,0.739397,0.743462,0.704103,0.726675,0.744609,0.760940,0.739014,0.700841,0.737340,0.706536,0.767976,0.702426,0.761569,0.719320,0.781158,0.758339,0.701688,0.747605,0.732423,0.661660,0.706581,0.721941,0.797464,0.711052,0.723514,0.757377,0.734805,0.686457,0.753639,0.705880,0.695012,0.729747,0.741507,0.743512,0.762613,0.746636,0.763528,0.718459,0.718387,0.774056,0.703454,0.682365,0.710088,0.739911,0.757572,0.733111,0.728769,0.675197,0.742754,0.739409,0.745930,0.711152,0.680891,0.711639,0.742045,0.742851,0.753797,0.724069,0.732273,0.721186,0.729292,0.780077,0.730071,0.695170,0.724971,0.715885,0.764738,0.771322,0.752093,0.768004,0.736358,0.753533,0.712006,0.651056,0.716324,0.759977,0.694633,0.743677,0.708540,0.742905,0.730053,0.669467,0.765639,0.728765,0.724802,0.727829,0.774086,0.736858,0.723066,0.719309,0.764389,0.734941,0.662381,0.681515,0.742929,0.720637,0.742740,0.733856,0.733085,0.763799,0.672208,0.739730,0.767710,0.709918,0.753752,#
