0,1.000000,0.380526,0.417739,0.323422,0.366309,0.362039,0.340407,0.283030,0.346114,0.364532,0.422864,0.348842,0.348638,0.306894,0.428579,0.382138,0.371485,0.484153,0.371223,0.353689,0.449982,0.467068,0.359448,0.443890,0.391387,0.326066,0.388244,0.409541,0.437982,0.379655,0.278023,0.323888,0.376879,0.339456,0.262750,0.340775,0.378681,0.359043,0.408748,0.428175,0.306087,0.396370,0.254268,0.358513,0.325094,0.379428,0.461679,0.402582,0.420952,0.417387,0.457609,0.266250,0.341832,0.281482,0.406186,0.338777,0.399987,0.369168,0.317968,0.304429,0.364626,0.266207,0.395063,0.333476,0.402100,0.282154,0.361847,0.391678,0.390666,0.369295,0.497333,0.407833,0.440682,0.378025,0.331425,0.276304,0.288963,0.402725,0.393457,0.293875,0.413684,0.353824,0.401637,0.404355,0.402944,0.381656,0.400958,0.330262,0.480827,0.382439,0.408166,0.316118,0.316554,0.356470,0.406866,0.385394,0.409481,0.368623,0.359560,0.347300,0.399063,0.436991,0.327350,0.372680,0.312166,0.402677,0.403357,0.379880,0.350350,0.290010,0.280992,0.417564,0.346697,0.405830,0.291598,0.418855,0.453941,0.295340,0.417287,0.362674,0.455776,0.322348,0.321893,0.318079,0.326113,0.468008,0.297622,0.294877,0.362826,0.450631,0.396468,0.476716,0.352737,0.334793,0.376355,0.280485,0.435494,0.340939,0.410932,0.492429,0.360412,0.341103,0.354072,0.299718,0.404110,0.393188,0.329632,0.239065,0.379745,0.356249,0.366335,0.309946,0.385773,0.306999,0.355372,0.279057,0.208647,0.275835,0.390608,0.445406,0.383713,0.370044,0.235089,0.378246,0.408993,0.205189,0.240127,0.324985,0.357616,0.311276,0.459819,0.187111,0.422703,0.482543,0.313049,0.356102,0.434205,0.371181,0.395438,0.330472,0.382495,0.450151,0.281031,0.283998,0.291930,0.419783,0.394440,0.503450,0.428934,0.207709,0.308246,0.435256,0.247013,0.247443,0.359948,0.268407,0.281354,0.333921,0.414212,0.411578,#
1,0.380526,1.000000,0.317669,0.376774,0.422293,0.344582,0.401596,0.333775,0.298284,0.288742,0.420449,0.391302,0.361830,0.414615,0.324001,0.251229,0.274954,0.377012,0.391305,0.335680,0.343635,0.461323,0.262397,0.357403,0.391753,0.399879,0.469983,0.461136,0.350726,0.297612,0.355882,0.384128,0.387493,0.358836,0.231597,0.268914,0.351741,0.383921,0.390142,0.313123,0.300450,0.336106,0.382343,0.356002,0.338450,0.377424,0.490788,0.436866,0.330508,0.294801,0.478164,0.191465,0.458960,0.361149,0.355370,0.333759,0.384761,0.368033,0.350052,0.364546,0.349180,0.343243,0.386086,0.360641,0.337637,0.338799,0.272154,0.396127,0.418090,0.355117,0.400681,0.322034,0.454389,0.282138,0.400350,0.207771,0.349146,0.352215,0.436899,0.368426,0.386503,0.456566,0.414007,0.420484,0.339629,0.207087,0.402740,0.318021,0.434075,0.446749,0.411905,0.411749,0.273999,0.356945,0.295286,0.344746,0.308452,0.308626,0.261882,0.255254,0.350801,0.349860,0.390099,0.365184,0.326753,0.346799,0.398270,0.439356,0.298648,0.394569,0.426967,0.365968,0.302386,0.398647,0.372342,0.446385,0.456200,0.264352,0.376179,0.365272,0.289345,0.389569,0.360522,0.382931,0.339065,0.403428,0.342819,0.342704,0.292820,0.364196,0.347554,0.411714,0.250475,0.347627,0.474228,0.386603,0.348152,0.364053,0.413463,0.433184,0.423570,0.234011,0.257088,0.278747,0.420164,0.337183,0.354211,0.167702,0.336482,0.334033,0.318652,0.335401,0.300552,0.210817,0.378705,0.327853,0.297016,0.336789,0.285610,0.216061,0.247206,0.414972,0.292069,0.368566,0.369879,0.286386,0.231327,0.358501,0.345043,0.445846,0.401424,0.334152,0.299708,0.330680,0.353853,0.302739,0.230578,0.395133,0.370611,0.300633,0.343909,0.319809,0.322321,0.307496,0.354664,0.427308,0.305528,0.477503,0.302861,0.306520,0.438452,0.365725,0.193543,0.306088,0.362203,0.362916,0.232433,0.328208,0.267778,0.340615,#
2,0.417739,0.317669,1.000000,0.421577,0.284302,0.354351,0.350209,0.329515,0.206750,0.257795,0.224988,0.395510,0.367748,0.368528,0.306418,0.344373,0.321824,0.343424,0.409909,0.346475,0.382039,0.461839,0.341266,0.405466,0.399212,0.383780,0.408345,0.335261,0.324933,0.309026,0.304908,0.341492,0.333473,0.262750,0.215049,0.331783,0.382959,0.340574,0.317602,0.304035,0.388835,0.398505,0.320810,0.243644,0.262376,0.433675,0.371111,0.416631,0.313252,0.347889,0.410397,0.365458,0.383566,0.296686,0.253105,0.344230,0.241444,0.370682,0.285589,0.340970,0.248663,0.330986,0.326320,0.403257,0.464407,0.411603,0.346108,0.290237,0.378113,0.426556,0.302870,0.254711,0.308071,0.316604,0.383816,0.366588,0.274153,0.402950,0.326118,0.377383,0.450838,0.259128,0.309708,0.343869,0.301478,0.321936,0.436209,0.361787,0.314214,0.383383,0.312183,0.320267,0.326150,0.297037,0.335656,0.339070,0.392944,0.288689,0.354701,0.273409,0.375895,0.377772,0.330514,0.343348,0.363406,0.317001,0.316186,0.338728,0.283961,0.341956,0.376079,0.391446,0.317846,0.309296,0.241924,0.401995,0.350491,0.321284,0.181633,0.246313,0.355316,0.358395,0.298525,0.282899,0.343240,0.301876,0.334298,0.336231,0.317746,0.358152,0.318824,0.417471,0.314195,0.255967,0.361787,0.384509,0.348645,0.375588,0.254864,0.262710,0.227280,0.272925,0.363962,0.232097,0.497684,0.329546,0.271028,0.214244,0.414712,0.292072,0.351873,0.379949,0.355867,0.299503,0.239869,0.211166,0.229907,0.304230,0.365210,0.327749,0.426844,0.432891,0.291664,0.419104,0.354078,0.141781,0.328045,0.346243,0.232928,0.304627,0.261736,0.381487,0.293517,0.332829,0.410543,0.360685,0.484157,0.355663,0.344793,0.339448,0.365626,0.287889,0.197922,0.332562,0.214125,0.412224,0.314199,0.368244,0.365809,0.143386,0.324528,0.365647,0.389972,0.237364,0.362686,0.237208,0.292404,0.257456,0.429352,0.350696,#
3,0.323422,0.376774,0.421577,1.000000,0.372561,0.286698,0.352298,0.327004,0.289419,0.314214,0.348425,0.349343,0.311642,0.329891,0.334041,0.278049,0.250824,0.395018,0.360495,0.378786,0.339166,0.364751,0.317322,0.468692,0.413218,0.377383,0.364200,0.300514,0.371069,0.270626,0.367227,0.434547,0.408186,0.426014,0.154137,0.318480,0.406950,0.442666,0.441736,0.261816,0.380437,0.408497,0.365579,0.348411,0.301907,0.488971,0.459039,0.402620,0.293080,0.373706,0.438592,0.288915,0.352037,0.258939,0.224304,0.409665,0.319368,0.353732,0.316960,0.396664,0.299848,0.260418,0.294042,0.391938,0.398733,0.408546,0.273180,0.399883,0.342329,0.371034,0.403506,0.246815,0.341507,0.338851,0.399835,0.386627,0.279779,0.435893,0.401111,0.322642,0.424235,0.393649,0.384947,0.408933,0.378645,0.322327,0.377413,0.258643,0.417467,0.436742,0.352216,0.377086,0.325274,0.406168,0.246726,0.346675,0.399480,0.226170,0.420759,0.282279,0.396677,0.341176,0.407600,0.370564,0.403914,0.348581,0.358556,0.352813,0.256625,0.283234,0.341087,0.373760,0.318546,0.379767,0.245490,0.332413,0.415565,0.301926,0.329823,0.322229,0.414652,0.311350,0.347572,0.413073,0.349729,0.350827,0.331901,0.295921,0.270832,0.418664,0.355694,0.415509,0.403032,0.407356,0.385266,0.361555,0.311962,0.289805,0.442114,0.375214,0.382493,0.294250,0.364730,0.287987,0.415977,0.275476,0.367433,0.330787,0.355776,0.338510,0.334152,0.304341,0.262210,0.318990,0.330595,0.241378,0.275894,0.342447,0.242803,0.427755,0.442737,0.358982,0.395724,0.537165,0.362785,0.266520,0.335541,0.296115,0.255995,0.366905,0.390884,0.295096,0.281905,0.305503,0.318105,0.290815,0.319485,0.328439,0.311737,0.278595,0.344504,0.459883,0.410145,0.340878,0.204653,0.377347,0.289701,0.416559,0.272835,0.210441,0.324162,0.403305,0.373190,0.265142,0.261969,0.356386,0.342227,0.334213,0.393023,0.347350,#
4,0.366309,0.422293,0.284302,0.372561,1.000000,0.288260,0.336632,0.274823,0.309209,0.293981,0.316985,0.190803,0.359931,0.331478,0.274589,0.271766,0.176850,0.333030,0.401327,0.438305,0.357952,0.318615,0.323939,0.400826,0.292883,0.393859,0.288106,0.352444,0.388788,0.172363,0.224289,0.281517,0.390753,0.217622,0.241446,0.271602,0.326455,0.367575,0.236245,0.292614,0.369585,0.448544,0.268606,0.241956,0.418200,0.348392,0.454876,0.377682,0.296899,0.431504,0.340783,0.204473,0.324706,0.307592,0.335478,0.327562,0.306654,0.316960,0.340008,0.309038,0.353576,0.283837,0.254156,0.267071,0.315523,0.209375,0.356062,0.291548,0.299426,0.274098,0.349655,0.316830,0.305427,0.268850,0.340644,0.134229,0.251702,0.356433,0.281429,0.215961,0.445774,0.423040,0.301914,0.331057,0.398974,0.284489,0.277190,0.273405,0.374856,0.424219,0.385463,0.316122,0.172817,0.359416,0.187013,0.440255,0.303159,0.404437,0.338457,0.251224,0.305020,0.236700,0.347945,0.377598,0.340212,0.237983,0.225644,0.306598,0.246352,0.338850,0.421939,0.307637,0.390924,0.485400,0.333341,0.208965,0.346189,0.118846,0.338575,0.207127,0.343254,0.338738,0.328895,0.247648,0.382476,0.340185,0.331663,0.290949,0.159875,0.249005,0.315876,0.342457,0.295205,0.279195,0.413299,0.319230,0.315212,0.205716,0.279426,0.368993,0.374940,0.140417,0.255680,0.291683,0.338586,0.308039,0.300307,0.213257,0.285593,0.350161,0.318725,0.321566,0.319666,0.358963,0.197617,0.216287,0.395069,0.268649,0.245979,0.346986,0.300271,0.250283,0.200182,0.374836,0.267666,0.340871,0.197938,0.193586,0.259289,0.302422,0.320719,0.214279,0.254447,0.315633,0.333262,0.249700,0.346320,0.287252,0.339823,0.237727,0.214711,0.229440,0.287422,0.298245,0.300805,0.300511,0.247496,0.462954,0.304368,0.241311,0.333754,0.346414,0.267558,0.181999,0.229996,0.311762,0.314295,0.420061,0.327583,0.293233,#
5,0.362039,0.344582,0.354351,0.286698,0.288260,1.000000,0.256024,0.301623,0.262937,0.396103,0.301995,0.292715,0.362899,0.244536,0.365022,0.280181,0.283585,0.378396,0.338245,0.227167,0.378072,0.378774,0.302559,0.480335,0.323549,0.319821,0.351415,0.382938,0.399062,0.260758,0.218870,0.413009,0.399333,0.286820,0.235236,0.239176,0.429087,0.287380,0.337490,0.372649,0.351103,0.398535,0.148448,0.357522,0.233142,0.381644,0.347127,0.249768,0.384563,0.387644,0.370380,0.273950,0.307822,0.172648,0.319427,0.294480,0.194349,0.393440,0.349640,0.290844,0.321314,0.334289,0.333802,0.320146,0.366473,0.327801,0.369941,0.361140,0.331150,0.271292,0.404609,0.285734,0.384796,0.428318,0.326610,0.239377,0.341350,0.270005,0.303050,0.326084,0.356793,0.363944,0.427446,0.227119,0.281499,0.362086,0.251173,0.264266,0.343029,0.339603,0.299651,0.399748,0.231908,0.346661,0.259729,0.336899,0.289715,0.213129,0.327170,0.150801,0.366825,0.399901,0.322914,0.359278,0.276468,0.291494,0.217335,0.339495,0.254121,0.236612,0.414103,0.278989,0.367526,0.299085,0.283807,0.284288,0.406024,0.322135,0.296395,0.318110,0.236080,0.321633,0.272805,0.282560,0.330263,0.291444,0.170133,0.181075,0.425741,0.443193,0.311183,0.415235,0.279771,0.311543,0.464377,0.326596,0.253735,0.266336,0.286532,0.308768,0.364686,0.292481,0.236680,0.326120,0.342262,0.261148,0.288368,0.253218,0.203307,0.286472,0.363594,0.249739,0.358922,0.397727,0.245327,0.303899,0.315965,0.237990,0.444968,0.240638,0.332263,0.295107,0.305844,0.273286,0.318036,0.080263,0.215761,0.326984,0.365300,0.390394,0.288161,0.300356,0.357224,0.330043,0.210010,0.315937,0.304953,0.307599,0.381129,0.238972,0.320905,0.346760,0.342426,0.260467,0.277694,0.420909,0.345467,0.339530,0.286668,0.251864,0.357058,0.315315,0.302799,0.279099,0.374417,0.285201,0.227564,0.395078,0.300999,0.410361,#
6,0.340407,0.401596,0.350209,0.352298,0.336632,0.256024,1.000000,0.311338,0.229453,0.259344,0.310911,0.233885,0.216463,0.340788,0.248182,0.266028,0.295631,0.295651,0.315073,0.329020,0.339449,0.373398,0.241387,0.255003,0.273357,0.254299,0.284087,0.342449,0.334811,0.260663,0.193645,0.347802,0.300493,0.239100,0.100925,0.139151,0.235571,0.298250,0.338792,0.274899,0.311709,0.282245,0.221824,0.369452,0.215698,0.305012,0.413371,0.427523,0.279222,0.350548,0.293287,0.281702,0.380266,0.303601,0.188296,0.323903,0.273207,0.338879,0.326323,0.409059,0.231502,0.250508,0.238844,0.305392,0.274040,0.435091,0.304364,0.323726,0.317751,0.309808,0.313764,0.296346,0.341073,0.250399,0.347026,0.263529,0.274179,0.337244,0.311469,0.282832,0.332073,0.379656,0.404520,0.306344,0.294817,0.342873,0.279319,0.338260,0.367318,0.382029,0.387222,0.273338,0.176988,0.382321,0.254852,0.395460,0.313179,0.261680,0.379891,0.284155,0.369171,0.397059,0.235233,0.255849,0.168053,0.433082,0.279331,0.262874,0.301746,0.320292,0.316897,0.301794,0.328876,0.287274,0.306714,0.357840,0.373888,0.278937,0.348251,0.295079,0.263407,0.394718,0.206144,0.232045,0.303847,0.256908,0.180932,0.354376,0.162262,0.356169,0.263418,0.266590,0.309210,0.166832,0.429970,0.336559,0.266190,0.357584,0.312015,0.296207,0.210480,0.146085,0.164602,0.367809,0.209203,0.293019,0.304270,0.150899,0.274468,0.233023,0.347469,0.226982,0.301374,0.258734,0.280811,0.241344,0.169487,0.276675,0.288895,0.283414,0.244420,0.305616,0.310464,0.390878,0.326802,0.235155,0.178809,0.270386,0.320303,0.407699,0.197924,0.240795,0.294204,0.251014,0.307025,0.287655,0.281939,0.315744,0.374822,0.183451,0.131519,0.195727,0.256047,0.338652,0.296059,0.320754,0.286386,0.344754,0.329425,0.281338,0.285674,0.307811,0.313966,0.290241,0.187713,0.278510,0.268659,0.276522,0.229119,0.336895,#
7,0.283030,0.333775,0.329515,0.327004,0.274823,0.301623,0.311338,1.000000,0.215201,0.384693,0.326057,0.433247,0.269255,0.347671,0.277680,0.317299,0.259873,0.463865,0.334344,0.380544,0.351194,0.369449,0.421630,0.319223,0.424371,0.281698,0.356927,0.465780,0.338251,0.255945,0.371010,0.368080,0.444976,0.276441,0.223992,0.311806,0.281471,0.283815,0.360906,0.330466,0.304555,0.341940,0.359041,0.279716,0.338942,0.444042,0.299276,0.379981,0.420332,0.363727,0.430292,0.226528,0.304770,0.348773,0.364261,0.325633,0.341805,0.418465,0.326653,0.348505,0.322265,0.222314,0.318042,0.345411,0.444736,0.335672,0.335491,0.362383,0.314352,0.453892,0.377840,0.248924,0.439840,0.405144,0.328748,0.299327,0.317629,0.366989,0.352492,0.470383,0.396703,0.395236,0.445179,0.380617,0.297070,0.332308,0.420508,0.254361,0.382627,0.453001,0.387661,0.331296,0.326505,0.312523,0.228671,0.372903,0.315001,0.277699,0.262322,0.200675,0.383506,0.321965,0.358394,0.325297,0.226905,0.417869,0.393615,0.312127,0.357237,0.276726,0.306162,0.302475,0.257469,0.364720,0.384342,0.383065,0.307217,0.279654,0.310798,0.371172,0.359844,0.388174,0.245616,0.390280,0.436368,0.342516,0.326078,0.383447,0.252072,0.345240,0.275988,0.388088,0.342736,0.301590,0.498190,0.342717,0.217748,0.477028,0.360887,0.427208,0.443608,0.385390,0.142662,0.283208,0.349528,0.312258,0.384180,0.257324,0.306281,0.252949,0.393246,0.442994,0.265456,0.240066,0.226083,0.374320,0.367323,0.360917,0.337529,0.358925,0.311943,0.354655,0.319086,0.387331,0.320302,0.234861,0.403580,0.298730,0.395042,0.370422,0.346733,0.305118,0.307960,0.270833,0.298620,0.265809,0.299868,0.353666,0.204934,0.380524,0.315632,0.383076,0.271221,0.328835,0.117710,0.391805,0.331515,0.390868,0.267958,0.390163,0.374786,0.342050,0.302625,0.338728,0.195895,0.345250,0.305953,0.362788,0.369561,0.343176,#
8,0.346114,0.298284,0.206750,0.289419,0.309209,0.262937,0.229453,0.215201,1.000000,0.238499,0.344498,0.283102,0.316460,0.249005,0.362821,0.254290,0.202978,0.212197,0.205566,0.290804,0.305601,0.224204,0.192718,0.340441,0.242433,0.244790,0.199068,0.355028,0.180660,0.262999,0.092250,0.335989,0.213381,0.223316,0.187131,0.213527,0.305365,0.231402,0.248075,0.344799,0.247161,0.240594,0.107065,0.267026,0.368930,0.348954,0.299816,0.296432,0.199972,0.232975,0.199220,0.292367,0.228378,0.369480,0.229855,0.254661,0.219899,0.285475,0.216474,0.285837,0.276169,0.104313,0.313956,0.253973,0.320050,0.269935,0.277582,0.264015,0.387051,0.274511,0.215000,0.276872,0.303794,0.162299,0.246646,0.177537,0.190365,0.256015,0.293512,0.111230,0.304634,0.301061,0.310899,0.215304,0.330449,0.283677,0.268004,0.184913,0.330083,0.295962,0.312597,0.305084,0.233951,0.212521,0.297819,0.434043,0.299528,0.218899,0.235142,0.155575,0.283632,0.177489,0.229700,0.249595,0.255223,0.165869,0.324927,0.261970,0.096766,0.315935,0.195595,0.251226,0.183122,0.311070,0.163816,0.327674,0.352215,0.222265,0.157300,0.334127,0.319078,0.178167,0.229817,0.204988,0.255670,0.314669,0.119487,0.321178,0.179649,0.307679,0.287266,0.279398,0.197756,0.223788,0.348454,0.274119,0.224170,0.297239,0.367135,0.289099,0.303446,0.255341,0.299129,0.167319,0.241470,0.177895,0.283780,0.302972,0.194033,0.268188,0.299303,0.226885,0.291816,0.254001,0.316264,0.284584,0.242245,0.188382,0.265439,0.329701,0.164476,0.245590,0.138987,0.347952,0.223293,0.127853,0.244924,0.216139,0.205233,0.247459,0.324646,0.052572,0.165886,0.338200,0.270398,0.247871,0.182809,0.298511,0.290759,0.207650,0.265048,0.243731,0.085757,0.235977,0.244143,0.273507,0.130298,0.223245,0.290559,0.205947,0.258194,0.289790,0.255709,0.208801,0.221332,0.228253,0.259058,0.100813,0.212914,0.226614,#
9,0.364532,0.288742,0.257795,0.314214,0.293981,0.396103,0.259344,0.384693,0.238499,1.000000,0.404530,0.297039,0.269088,0.319063,0.349879,0.350598,0.266827,0.302317,0.247863,0.418552,0.286838,0.311864,0.329893,0.355306,0.282883,0.336713,0.395866,0.445915,0.390814,0.194283,0.389224,0.412852,0.285407,0.334172,0.310763,0.280813,0.232446,0.369874,0.319659,0.285442,0.363433,0.411005,0.242312,0.167153,0.318795,0.476034,0.359503,0.382179,0.292116,0.305052,0.395016,0.319142,0.309743,0.287474,0.276498,0.364452,0.380304,0.336215,0.297690,0.298965,0.303576,0.313269,0.405284,0.341517,0.361637,0.360950,0.234543,0.381737,0.407606,0.223587,0.363333,0.337265,0.310452,0.332913,0.390786,0.289304,0.333607,0.285400,0.444500,0.359283,0.349574,0.402248,0.394011,0.321657,0.391226,0.426679,0.431640,0.224718,0.289847,0.343415,0.289183,0.435687,0.274045,0.346692,0.302651,0.389959,0.435699,0.280480,0.309746,0.245886,0.379153,0.393514,0.397320,0.290356,0.375313,0.327818,0.334958,0.322378,0.326069,0.279864,0.246784,0.277546,0.290346,0.402674,0.249698,0.389943,0.379544,0.401288,0.446565,0.283262,0.417511,0.390106,0.278576,0.374744,0.379534,0.421152,0.136809,0.346123,0.229182,0.344203,0.300408,0.380304,0.254590,0.361504,0.465546,0.324556,0.340705,0.377672,0.341164,0.308068,0.277635,0.304285,0.255197,0.217782,0.318160,0.176802,0.360957,0.274887,0.234211,0.410535,0.356770,0.292095,0.465579,0.361887,0.287343,0.357609,0.352710,0.329185,0.439817,0.304483,0.338250,0.261440,0.158536,0.447550,0.300052,0.270573,0.302284,0.299635,0.463413,0.353756,0.274488,0.326118,0.337813,0.342016,0.239141,0.270153,0.302391,0.200945,0.231047,0.352361,0.274777,0.371267,0.354231,0.354533,0.247587,0.393867,0.347234,0.448004,0.390640,0.243439,0.335112,0.399270,0.220592,0.323001,0.249493,0.328468,0.271260,0.234185,0.353693,0.381917,#
10,0.422864,0.420449,0.224988,0.348425,0.316985,0.301995,0.310911,0.326057,0.344498,0.404530,1.000000,0.249715,0.231284,0.358341,0.349806,0.279869,0.300278,0.356159,0.438934,0.351811,0.281728,0.328309,0.231786,0.285992,0.255974,0.215601,0.375140,0.388853,0.355454,0.320711,0.295288,0.338287,0.332535,0.299947,0.236820,0.305450,0.218189,0.328845,0.425374,0.302320,0.231769,0.269012,0.251551,0.198229,0.252484,0.391638,0.336188,0.395223,0.354297,0.359315,0.302968,0.309114,0.288567,0.308077,0.268805,0.332967,0.267771,0.290452,0.248993,0.296733,0.309558,0.316601,0.310142,0.370548,0.400286,0.364235,0.333914,0.305217,0.346874,0.269668,0.349762,0.294389,0.303524,0.300137,0.303542,0.346056,0.350910,0.255555,0.328259,0.243042,0.300339,0.347568,0.382317,0.357977,0.390371,0.269104,0.404562,0.189284,0.361652,0.372429,0.259908,0.298251,0.346493,0.268908,0.253791,0.360752,0.417497,0.161681,0.354935,0.303038,0.348427,0.312322,0.327159,0.279994,0.327678,0.259942,0.372209,0.351797,0.262718,0.282755,0.201362,0.331457,0.251042,0.374937,0.401380,0.433408,0.356241,0.169705,0.263812,0.273224,0.295426,0.276056,0.278831,0.327064,0.351173,0.324607,0.165374,0.331091,0.191303,0.425550,0.334109,0.321692,0.250502,0.232575,0.439765,0.334014,0.291588,0.384210,0.243783,0.396094,0.354876,0.203673,0.378374,0.212012,0.278363,0.257888,0.201153,0.242866,0.208673,0.348310,0.289054,0.370957,0.343977,0.327555,0.376557,0.338364,0.314822,0.218473,0.352556,0.362987,0.272504,0.239298,0.315640,0.393533,0.263712,0.224353,0.258301,0.233162,0.259824,0.400161,0.297377,0.231673,0.310034,0.316173,0.299378,0.142127,0.268439,0.302213,0.339490,0.382473,0.350202,0.299736,0.374201,0.267936,0.261209,0.365672,0.248972,0.349317,0.311078,0.251715,0.339888,0.340294,0.247524,0.236141,0.297999,0.346688,0.255630,0.327520,0.368594,0.391636,#
11,0.348842,0.391302,0.395510,0.349343,0.190803,0.292715,0.233885,0.433247,0.283102,0.297039,0.249715,1.000000,0.382312,0.275984,0.191110,0.350823,0.310080,0.408728,0.302269,0.133089,0.282659,0.372600,0.234347,0.370126,0.420924,0.349798,0.278030,0.470723,0.168340,0.342194,0.346483,0.371848,0.310094,0.288227,0.188281,0.238092,0.337926,0.299388,0.284897,0.277800,0.335095,0.392353,0.328584,0.441986,0.213098,0.416430,0.281882,0.383957,0.327148,0.223196,0.424029,0.263710,0.302020,0.372483,0.212526,0.266982,0.391177,0.338886,0.340995,0.274552,0.255385,0.323789,0.409187,0.376728,0.408701,0.366497,0.351882,0.383609,0.346879,0.341979,0.267962,0.217102,0.373476,0.317809,0.346452,0.286132,0.258694,0.270554,0.440621,0.323449,0.407278,0.204679,0.340144,0.397278,0.376195,0.263467,0.431762,0.269237,0.364160,0.311987,0.399961,0.360046,0.354225,0.448651,0.264954,0.298294,0.265702,0.282109,0.317384,0.333016,0.416242,0.347653,0.351527,0.242717,0.309901,0.399614,0.365411,0.315751,0.317073,0.347300,0.316171,0.288320,0.318257,0.344917,0.156126,0.528690,0.364573,0.203134,0.325000,0.309761,0.302750,0.362290,0.370080,0.301976,0.346275,0.288978,0.339528,0.417880,0.321649,0.341643,0.257677,0.468746,0.237777,0.334400,0.364530,0.295611,0.212804,0.392781,0.271446,0.394620,0.269240,0.294354,0.279413,0.317211,0.356787,0.251601,0.384211,0.241437,0.298380,0.281360,0.279848,0.414104,0.321049,0.294131,0.309090,0.258624,0.253043,0.228005,0.290600,0.331054,0.308469,0.286716,0.202577,0.333205,0.399831,0.188414,0.398102,0.331902,0.422699,0.328994,0.354283,0.189794,0.279455,0.309096,0.284012,0.355978,0.410856,0.278799,0.226000,0.232761,0.392005,0.330345,0.251550,0.300045,0.119356,0.414052,0.309615,0.335261,0.321429,0.252530,0.210427,0.304236,0.359032,0.128521,0.267612,0.272026,0.306565,0.229440,0.253453,0.342805,#
12,0.348638,0.361830,0.367748,0.311642,0.359931,0.362899,0.216463,0.269255,0.316460,0.269088,0.231284,0.382312,1.000000,0.288457,0.381273,0.332060,0.351613,0.324762,0.413346,0.416255,0.397877,0.298300,0.317890,0.402452,0.363369,0.344697,0.295427,0.421847,0.406475,0.365289,0.213701,0.450105,0.367399,0.335133,0.308385,0.292054,0.431558,0.311804,0.330227,0.317810,0.452098,0.363005,0.365918,0.344372,0.336546,0.483579,0.352555,0.310082,0.384263,0.306139,0.421278,0.272433,0.297480,0.346537,0.320123,0.314102,0.312716,0.383001,0.360262,0.350264,0.335036,0.343236,0.331036,0.345926,0.432972,0.354644,0.342459,0.315259,0.382724,0.254195,0.274419,0.325721,0.283311,0.270315,0.431557,0.348465,0.296351,0.319146,0.304374,0.295289,0.397308,0.348769,0.388504,0.347209,0.396908,0.413542,0.341568,0.316670,0.427484,0.395185,0.402140,0.380984,0.283936,0.412609,0.334552,0.307582,0.425283,0.323570,0.276299,0.198190,0.363511,0.383610,0.337231,0.281770,0.402611,0.338685,0.346049,0.278705,0.263002,0.407543,0.367231,0.257617,0.369395,0.405282,0.242416,0.379930,0.408970,0.371156,0.297917,0.340055,0.315517,0.397541,0.404191,0.376753,0.298728,0.318439,0.320902,0.320086,0.327586,0.269358,0.321249,0.417217,0.303762,0.248340,0.339716,0.328357,0.344606,0.348061,0.322299,0.355260,0.428518,0.304447,0.234503,0.251961,0.245990,0.331204,0.349731,0.275510,0.334728,0.286181,0.339097,0.485479,0.265150,0.321083,0.310949,0.251315,0.310446,0.157784,0.310448,0.282631,0.351020,0.373360,0.252282,0.429978,0.326260,0.232566,0.332013,0.210361,0.346746,0.412142,0.279897,0.251210,0.338241,0.360439,0.379320,0.272471,0.355711,0.408979,0.204640,0.345217,0.385800,0.325726,0.362281,0.363137,0.299224,0.415099,0.339499,0.435934,0.295673,0.183692,0.368586,0.429466,0.303600,0.300249,0.252472,0.311775,0.368675,0.284154,0.416365,0.330458,#
13,0.306894,0.414615,0.368528,0.329891,0.331478,0.244536,0.340788,0.347671,0.249005,0.319063,0.358341,0.275984,0.288457,1.000000,0.382102,0.361625,0.304408,0.273086,0.341888,0.410630,0.295103,0.357869,0.253150,0.281889,0.410354,0.412023,0.414492,0.400828,0.298689,0.248664,0.342497,0.350913,0.344996,0.321826,0.226661,0.298026,0.296786,0.366334,0.259042,0.298703,0.281541,0.338859,0.363303,0.281255,0.313051,0.366501,0.423142,0.370228,0.371480,0.306788,0.395623,0.273374,0.376064,0.300903,0.319541,0.457106,0.282318,0.340126,0.347130,0.414627,0.367629,0.305860,0.439846,0.351878,0.347488,0.325264,0.479132,0.358145,0.467348,0.386721,0.238208,0.320287,0.401740,0.259645,0.410641,0.250983,0.362517,0.387010,0.416230,0.308464,0.355955,0.464076,0.377190,0.471633,0.469211,0.308394,0.464569,0.363991,0.373120,0.428472,0.371324,0.349071,0.305818,0.374843,0.306692,0.343073,0.371948,0.235541,0.231055,0.294798,0.438540,0.387478,0.355762,0.342821,0.315141,0.413363,0.380146,0.315822,0.347461,0.332136,0.320251,0.283018,0.421052,0.417028,0.317816,0.347221,0.425993,0.306478,0.275844,0.315157,0.404055,0.434009,0.255730,0.373384,0.384749,0.292675,0.273328,0.306764,0.418659,0.347876,0.311943,0.328149,0.288884,0.290293,0.449356,0.327424,0.336964,0.398723,0.447769,0.396867,0.321412,0.276381,0.322989,0.309927,0.406682,0.440914,0.320519,0.296700,0.154750,0.351609,0.384433,0.284469,0.361451,0.372098,0.402320,0.312221,0.217008,0.360188,0.359229,0.303852,0.266091,0.444244,0.228118,0.453130,0.325285,0.290380,0.265512,0.279640,0.390999,0.394079,0.361705,0.418650,0.357140,0.304935,0.327878,0.361400,0.329998,0.302903,0.367201,0.236461,0.347379,0.300450,0.331502,0.390233,0.238955,0.407060,0.339021,0.453348,0.357717,0.358887,0.270783,0.407325,0.355131,0.269816,0.258172,0.335675,0.255920,0.320892,0.370503,0.343906,#
14,0.428579,0.324001,0.306418,0.334041,0.274589,0.365022,0.248182,0.277680,0.362821,0.349879,0.349806,0.191110,0.381273,0.382102,1.000000,0.412353,0.315680,0.366910,0.379440,0.446310,0.332295,0.262718,0.333037,0.442018,0.302903,0.296471,0.412469,0.337089,0.384331,0.287000,0.190966,0.311833,0.296457,0.259327,0.262576,0.369095,0.350990,0.401302,0.378477,0.388691,0.412128,0.346530,0.351556,0.264328,0.346921,0.475192,0.433309,0.321095,0.327534,0.265864,0.445645,0.273773,0.345661,0.324909,0.430440,0.377149,0.336810,0.292994,0.245406,0.334242,0.406952,0.392878,0.300897,0.325428,0.407016,0.318536,0.375994,0.380664,0.371828,0.320269,0.295012,0.335521,0.249530,0.414529,0.261706,0.241262,0.250246,0.382378,0.329202,0.339122,0.406824,0.260157,0.412258,0.402865,0.376020,0.371439,0.229977,0.255418,0.366865,0.359521,0.415893,0.349979,0.338173,0.354324,0.357518,0.255083,0.394707,0.296514,0.316492,0.227694,0.319774,0.364338,0.361307,0.328963,0.296518,0.324416,0.454196,0.438249,0.322048,0.357327,0.191341,0.228253,0.354415,0.309358,0.297946,0.345359,0.302872,0.382552,0.302834,0.321093,0.408069,0.382117,0.244232,0.323021,0.332449,0.287966,0.232977,0.285462,0.203920,0.395134,0.200400,0.394037,0.328656,0.179081,0.316569,0.306629,0.316935,0.366196,0.333012,0.304934,0.428402,0.356048,0.351364,0.225107,0.288820,0.298421,0.303251,0.204961,0.174486,0.280196,0.371693,0.263265,0.223550,0.360608,0.311733,0.233003,0.290950,0.303256,0.345109,0.228715,0.291905,0.346512,0.231340,0.314506,0.339378,0.187702,0.318383,0.273709,0.263160,0.382324,0.438356,0.300150,0.329144,0.368543,0.372599,0.213487,0.418546,0.347678,0.356121,0.402636,0.339186,0.408879,0.319477,0.345386,0.315169,0.381586,0.327263,0.314915,0.266440,0.230804,0.303851,0.374282,0.294990,0.385804,0.254792,0.183606,0.181243,0.285305,0.375108,0.364103,#
15,0.382138,0.251229,0.344373,0.278049,0.271766,0.280181,0.266028,0.317299,0.254290,0.350598,0.279869,0.350823,0.332060,0.361625,0.412353,1.000000,0.358299,0.436146,0.385175,0.312598,0.267925,0.333975,0.279566,0.421781,0.383839,0.375489,0.378368,0.384713,0.402178,0.222580,0.290253,0.399955,0.299085,0.372832,0.212557,0.247057,0.325094,0.344106,0.369055,0.321646,0.426132,0.366303,0.297106,0.280861,0.433427,0.389054,0.304628,0.360843,0.239467,0.326093,0.388511,0.245707,0.371546,0.317905,0.308203,0.248791,0.318419,0.380554,0.312976,0.399329,0.277796,0.255368,0.320436,0.262530,0.315368,0.328262,0.406675,0.423343,0.384041,0.264782,0.294407,0.391606,0.312169,0.264712,0.382104,0.312626,0.238582,0.442346,0.348843,0.287330,0.503271,0.270289,0.312328,0.441847,0.354403,0.334532,0.382983,0.236732,0.433828,0.432274,0.345457,0.263800,0.319832,0.459169,0.314498,0.270992,0.428737,0.247129,0.351570,0.249785,0.385581,0.359802,0.361386,0.306721,0.244166,0.332778,0.307068,0.296920,0.283666,0.457988,0.236610,0.398881,0.301390,0.291262,0.247932,0.460562,0.389074,0.248444,0.289973,0.320352,0.409170,0.390284,0.238129,0.415280,0.286198,0.238020,0.270015,0.302475,0.294690,0.268322,0.267613,0.438607,0.269841,0.299602,0.396647,0.384389,0.330389,0.273194,0.368807,0.232747,0.263123,0.326814,0.374439,0.204723,0.401696,0.309259,0.393702,0.249493,0.340776,0.336715,0.387229,0.286717,0.356134,0.494556,0.213619,0.421968,0.248564,0.295642,0.375189,0.341004,0.251911,0.311088,0.273741,0.391210,0.328807,0.277727,0.332346,0.291235,0.269536,0.347590,0.250720,0.235681,0.380296,0.251123,0.380862,0.189162,0.420743,0.290911,0.196151,0.383579,0.359018,0.376189,0.248555,0.328470,0.269965,0.393266,0.233447,0.394557,0.305924,0.256954,0.148059,0.455820,0.264189,0.303743,0.222782,0.262459,0.275766,0.296155,0.266208,0.280134,#
16,0.371485,0.274954,0.321824,0.250824,0.176850,0.283585,0.295631,0.259873,0.202978,0.266827,0.300278,0.310080,0.351613,0.304408,0.315680,0.358299,1.000000,0.337458,0.297709,0.299058,0.449065,0.330977,0.420417,0.244954,0.214662,0.347602,0.321933,0.250527,0.268100,0.297998,0.228113,0.451104,0.188368,0.331149,0.204222,0.257598,0.333007,0.256432,0.295037,0.267931,0.214028,0.312291,0.218582,0.320389,0.274264,0.386124,0.316843,0.309156,0.292923,0.205717,0.202169,0.303934,0.456256,0.245164,0.261752,0.258157,0.195657,0.273399,0.254771,0.174874,0.250183,0.351018,0.306252,0.367183,0.423392,0.286611,0.316274,0.448646,0.245981,0.319672,0.206569,0.359316,0.340678,0.166358,0.327398,0.457256,0.238443,0.376709,0.371835,0.276017,0.292249,0.287512,0.272816,0.301292,0.301674,0.375704,0.408742,0.232843,0.322994,0.297535,0.343139,0.314165,0.261829,0.237808,0.230267,0.264341,0.379315,0.173984,0.314539,0.271672,0.296373,0.289161,0.181857,0.230983,0.229500,0.324874,0.273809,0.226034,0.213761,0.293243,0.274740,0.283148,0.306609,0.279289,0.310408,0.438028,0.339397,0.267268,0.167780,0.285683,0.296383,0.293531,0.305184,0.299687,0.297098,0.168095,0.194897,0.188246,0.237818,0.352574,0.161199,0.334274,0.374854,0.097889,0.423369,0.329517,0.138382,0.347205,0.324814,0.354170,0.155623,0.276300,0.205675,0.291718,0.315886,0.268667,0.140658,0.237710,0.220146,0.171405,0.241653,0.310240,0.235979,0.257957,0.305117,0.270431,0.187384,0.209805,0.334509,0.278866,0.225924,0.378943,0.354982,0.405656,0.221329,0.140758,0.315425,0.276138,0.227539,0.272528,0.177884,0.145588,0.281836,0.184910,0.286789,0.323884,0.247245,0.244478,0.226621,0.238700,0.316343,0.303322,0.267217,0.168235,0.140438,0.301341,0.383519,0.319598,0.257645,0.201384,0.278760,0.177209,0.159382,0.237580,0.298101,0.312875,0.162173,0.270724,0.230406,0.284752,#
17,0.484153,0.377012,0.343424,0.395018,0.333030,0.378396,0.295651,0.463865,0.212197,0.302317,0.356159,0.408728,0.324762,0.273086,0.366910,0.436146,0.337458,1.000000,0.370442,0.417283,0.424385,0.387326,0.361000,0.470348,0.430860,0.357951,0.303212,0.368185,0.405318,0.309786,0.342449,0.443915,0.528518,0.349541,0.191759,0.322280,0.302665,0.474996,0.382745,0.262213,0.366981,0.366626,0.246238,0.388935,0.340150,0.422677,0.415342,0.347141,0.419350,0.386708,0.415199,0.221380,0.264767,0.322122,0.351514,0.344338,0.433127,0.486799,0.346627,0.398719,0.323211,0.374746,0.308447,0.341722,0.378063,0.420780,0.457760,0.464414,0.396848,0.443672,0.397510,0.373904,0.454527,0.342985,0.407165,0.438212,0.282981,0.412051,0.327218,0.391785,0.444114,0.391994,0.570862,0.418032,0.411047,0.329667,0.392889,0.339134,0.499455,0.483660,0.393266,0.318278,0.368208,0.364437,0.265371,0.313821,0.364331,0.439932,0.412620,0.362172,0.379772,0.320735,0.346689,0.369260,0.319155,0.413324,0.316178,0.481067,0.242761,0.259481,0.339463,0.379059,0.350709,0.418608,0.244490,0.455061,0.389298,0.276925,0.356654,0.407498,0.340461,0.365288,0.273074,0.359888,0.478067,0.370259,0.322376,0.345787,0.226640,0.337983,0.284864,0.430169,0.393333,0.414955,0.449662,0.382630,0.418544,0.358577,0.391215,0.445673,0.403164,0.357474,0.296857,0.271842,0.439593,0.380968,0.260764,0.242448,0.293781,0.225855,0.437975,0.298717,0.334656,0.449761,0.374115,0.363252,0.282018,0.331148,0.488736,0.419386,0.448780,0.398571,0.316696,0.336858,0.392361,0.310240,0.308581,0.401795,0.283971,0.336099,0.460937,0.335416,0.349238,0.400158,0.399193,0.216104,0.422468,0.376053,0.230960,0.427615,0.339517,0.507773,0.374644,0.259081,0.225825,0.394968,0.354557,0.427019,0.437305,0.322629,0.336849,0.479183,0.256635,0.251990,0.392627,0.352044,0.385948,0.267112,0.324369,0.401469,#
18,0.371223,0.391305,0.409909,0.360495,0.401327,0.338245,0.315073,0.334344,0.205566,0.247863,0.438934,0.302269,0.413346,0.341888,0.379440,0.385175,0.297709,0.370442,1.000000,0.364982,0.356142,0.341238,0.233307,0.457560,0.381986,0.384192,0.437468,0.406658,0.451432,0.255053,0.316048,0.330438,0.442194,0.284717,0.307187,0.393077,0.438970,0.378700,0.358817,0.374434,0.400675,0.405159,0.309526,0.282418,0.315541,0.400015,0.373459,0.400092,0.318696,0.355434,0.423215,0.232442,0.420166,0.412853,0.300356,0.290609,0.332617,0.409640,0.284552,0.278798,0.344972,0.335589,0.337040,0.421513,0.337676,0.447283,0.432975,0.465903,0.357394,0.218215,0.235282,0.331368,0.320721,0.276620,0.328222,0.280780,0.221408,0.409606,0.404851,0.407186,0.464036,0.327266,0.414178,0.423361,0.378436,0.236606,0.411523,0.249935,0.422354,0.372147,0.434275,0.284816,0.350791,0.381208,0.317627,0.351796,0.491852,0.319183,0.289471,0.352796,0.299278,0.402679,0.438317,0.333077,0.391851,0.345803,0.311006,0.352295,0.325886,0.380763,0.380371,0.487119,0.315725,0.389724,0.318968,0.346791,0.359937,0.265364,0.327280,0.359942,0.286761,0.414887,0.327903,0.338824,0.370674,0.300365,0.321015,0.335418,0.383679,0.361345,0.353542,0.424153,0.306744,0.272381,0.481197,0.210636,0.324208,0.412793,0.358317,0.412781,0.412852,0.180471,0.247275,0.233355,0.410396,0.331599,0.220613,0.179117,0.266209,0.302872,0.331985,0.372123,0.340008,0.333756,0.332173,0.420427,0.399431,0.407054,0.297912,0.453656,0.366202,0.374603,0.296133,0.363440,0.321921,0.282639,0.405113,0.371189,0.301154,0.413987,0.205502,0.308508,0.372359,0.259999,0.314840,0.283547,0.348353,0.432064,0.430936,0.336619,0.345271,0.374808,0.375108,0.305030,0.382004,0.409498,0.394779,0.496258,0.350680,0.262142,0.324804,0.431332,0.319362,0.298152,0.346035,0.254162,0.318669,0.373027,0.459537,0.393454,#
19,0.353689,0.335680,0.346475,0.378786,0.438305,0.227167,0.329020,0.380544,0.290804,0.418552,0.351811,0.133089,0.416255,0.410630,0.446310,0.312598,0.299058,0.417283,0.364982,1.000000,0.298455,0.356474,0.335518,0.426898,0.273264,0.453173,0.366123,0.357369,0.381434,0.388824,0.260825,0.404118,0.355765,0.311679,0.308482,0.363837,0.214637,0.360208,0.457011,0.333723,0.370394,0.366890,0.242981,0.225547,0.357570,0.479059,0.441770,0.500299,0.339896,0.391611,0.359269,0.312132,0.284084,0.414837,0.357115,0.351561,0.342886,0.321513,0.293143,0.367169,0.383070,0.296297,0.334609,0.361932,0.429026,0.374180,0.319699,0.415286,0.376451,0.358465,0.366613,0.403719,0.418992,0.240383,0.429496,0.362178,0.308038,0.457638,0.421930,0.288023,0.434696,0.404714,0.449148,0.310286,0.469444,0.312300,0.377985,0.289062,0.442153,0.428033,0.331374,0.412649,0.349920,0.333919,0.297272,0.383083,0.422248,0.361775,0.218277,0.251158,0.364331,0.372365,0.393947,0.363999,0.363990,0.342546,0.381418,0.498383,0.261763,0.247138,0.352292,0.347348,0.405036,0.446214,0.356778,0.328784,0.434044,0.441559,0.353670,0.262645,0.449856,0.449659,0.329976,0.394713,0.527086,0.355414,0.322262,0.375474,0.147606,0.344629,0.252524,0.311351,0.429784,0.291722,0.397396,0.385232,0.351205,0.397316,0.395807,0.413695,0.409166,0.292445,0.293369,0.244757,0.389226,0.334142,0.245793,0.401430,0.382662,0.218456,0.323878,0.360370,0.345987,0.429925,0.308147,0.302374,0.325001,0.312626,0.384015,0.270167,0.362311,0.362681,0.360301,0.398860,0.319761,0.276291,0.302028,0.327508,0.318035,0.321732,0.409902,0.346296,0.334465,0.325204,0.372560,0.259894,0.347583,0.382881,0.243714,0.354565,0.276513,0.417845,0.301567,0.364320,0.322903,0.410515,0.362889,0.471730,0.351799,0.235867,0.419612,0.414573,0.285721,0.381278,0.286935,0.384193,0.340633,0.392078,0.431412,0.423889,#
20,0.449982,0.343635,0.382039,0.339166,0.357952,0.378072,0.339449,0.351194,0.305601,0.286838,0.281728,0.282659,0.397877,0.295103,0.332295,0.267925,0.449065,0.424385,0.356142,0.298455,1.000000,0.355769,0.352849,0.367429,0.416447,0.336314,0.357824,0.413195,0.340751,0.306912,0.270448,0.359058,0.351937,0.287047,0.264446,0.253851,0.336663,0.313669,0.294401,0.346201,0.306888,0.494888,0.281101,0.337773,0.334451,0.449785,0.388305,0.386512,0.396702,0.301003,0.283504,0.337208,0.482534,0.274903,0.345683,0.289928,0.355365,0.322605,0.275481,0.318717,0.386583,0.246040,0.391952,0.385629,0.448251,0.264250,0.332525,0.393211,0.418600,0.392132,0.325798,0.329316,0.486271,0.354951,0.330245,0.315385,0.387074,0.378348,0.324543,0.355159,0.294255,0.285781,0.448144,0.333811,0.322976,0.379767,0.413666,0.313660,0.454808,0.419635,0.386969,0.415129,0.340619,0.374623,0.270502,0.321776,0.391751,0.334301,0.289389,0.167592,0.320317,0.337042,0.330049,0.372055,0.236919,0.382830,0.332077,0.298592,0.283328,0.359442,0.382117,0.310191,0.356975,0.378066,0.318336,0.444470,0.491504,0.254540,0.206575,0.284021,0.292643,0.350729,0.309410,0.295752,0.405089,0.299508,0.388682,0.415183,0.274127,0.412280,0.255630,0.453926,0.300389,0.219179,0.416022,0.346163,0.364864,0.419606,0.405110,0.405240,0.396279,0.372557,0.166165,0.274116,0.392839,0.250816,0.241246,0.296527,0.273764,0.320659,0.359903,0.377879,0.218325,0.224339,0.327617,0.325575,0.210220,0.234524,0.301008,0.357507,0.361782,0.367047,0.309524,0.354942,0.397608,0.223845,0.197672,0.378938,0.299750,0.312250,0.323638,0.243419,0.278425,0.341727,0.273704,0.387080,0.238135,0.247820,0.413116,0.408943,0.364692,0.347771,0.289955,0.357230,0.281115,0.267858,0.312585,0.400080,0.366938,0.288956,0.345454,0.401684,0.324355,0.267650,0.368634,0.370175,0.259247,0.344073,0.307333,0.318827,#
21,0.467068,0.461323,0.461839,0.364751,0.318615,0.378774,0.373398,0.369449,0.224204,0.311864,0.328309,0.372600,0.298300,0.357869,0.262718,0.333975,0.330977,0.387326,0.341238,0.356474,0.355769,1.000000,0.303768,0.424586,0.434916,0.308571,0.399727,0.456160,0.364970,0.327555,0.332500,0.415273,0.335901,0.376615,0.217713,0.327153,0.408558,0.407613,0.431216,0.299083,0.359558,0.401448,0.208319,0.348299,0.396453,0.370470,0.462504,0.427042,0.299437,0.374992,0.417409,0.226267,0.396901,0.352429,0.319869,0.287788,0.385151,0.378050,0.307542,0.323777,0.269776,0.260710,0.413916,0.368514,0.472616,0.365214,0.343089,0.392216,0.435108,0.463407,0.489621,0.340322,0.467748,0.364445,0.339147,0.305864,0.335297,0.317606,0.336908,0.344768,0.464430,0.375433,0.370674,0.283779,0.410877,0.284054,0.433013,0.297585,0.448233,0.467228,0.316147,0.306468,0.307086,0.340372,0.382633,0.410255,0.357728,0.360149,0.334118,0.324985,0.499722,0.370412,0.306017,0.364601,0.351468,0.433465,0.349870,0.389438,0.308012,0.315711,0.355023,0.381939,0.369452,0.370026,0.284814,0.451589,0.487590,0.279726,0.391278,0.415467,0.346585,0.451760,0.219768,0.446355,0.318521,0.349017,0.338458,0.354189,0.292958,0.273457,0.303479,0.349817,0.399058,0.340772,0.393371,0.286652,0.395771,0.354595,0.342186,0.417186,0.331040,0.369598,0.294096,0.244060,0.361770,0.359166,0.329134,0.323319,0.297816,0.276741,0.361128,0.347335,0.332356,0.340278,0.331230,0.298268,0.254032,0.334727,0.280027,0.339706,0.460824,0.324732,0.274074,0.379160,0.399085,0.215106,0.168097,0.418460,0.282383,0.424511,0.335404,0.288756,0.399339,0.360902,0.297998,0.315280,0.394949,0.275132,0.338683,0.387044,0.307631,0.402050,0.209349,0.337936,0.223232,0.359028,0.347646,0.410052,0.458596,0.247236,0.386587,0.390260,0.335849,0.241509,0.405554,0.392274,0.356221,0.335656,0.349415,0.391530,#
