0,1.000000,0.447671,0.375858,0.287096,0.344122,0.385937,0.406765,0.267712,0.367458,0.384191,0.421272,0.421356,0.371268,0.294840,0.402395,0.320528,0.433493,0.458611,0.392891,0.320558,0.412732,0.454082,0.327795,0.389534,0.285639,0.292256,0.398562,0.451803,0.355430,0.351711,0.346781,0.312849,0.372517,0.282710,0.266536,0.428716,0.398727,0.381547,0.268221,0.430716,0.222281,0.420660,0.304341,0.409569,0.327611,0.345908,0.393247,0.347254,0.438702,0.348973,0.468717,0.338264,0.336164,0.324600,0.456309,0.275507,0.356026,0.410299,0.320414,0.287566,0.404297,0.331205,0.375788,0.392455,0.381601,0.207955,0.395463,0.339308,0.282600,0.383812,0.454624,0.402609,0.374014,0.411213,0.337086,0.335083,0.335836,0.433573,0.387483,0.283116,0.458989,0.332006,0.395181,0.378551,0.334479,0.441967,0.388925,0.266660,0.436416,0.349422,0.391193,0.321826,0.321139,0.321694,0.342465,0.431404,0.347037,0.347019,0.409740,0.348743,0.381955,0.388264,0.329397,0.377219,0.330507,0.372391,0.377878,0.403989,0.331379,0.378326,0.288164,0.376411,0.406682,0.344219,0.296106,0.365990,0.365530,0.268396,0.421086,0.358496,0.422778,0.291018,0.239170,0.298475,0.319177,0.435684,0.328337,0.372317,0.356248,0.393543,0.418183,0.393983,0.340692,0.306260,0.391542,0.284499,0.371830,0.344602,0.361081,0.464557,0.327478,0.362233,0.411645,0.380835,0.365866,0.401012,0.364487,0.273514,0.373798,0.269350,0.397663,0.274115,0.320793,0.335138,0.333587,0.225080,0.270679,0.333781,0.401964,0.348242,0.429519,0.407781,0.341970,0.364424,0.371229,0.275767,0.205548,0.312310,0.397923,0.381748,0.464182,0.158539,0.440922,0.418864,0.397772,0.310767,0.337293,0.350320,0.435600,0.332790,0.347660,0.453592,0.340687,0.204579,0.311822,0.421764,0.411039,0.498810,0.379016,0.258114,0.418457,0.358748,0.216947,0.234888,0.359757,0.311698,0.366239,0.361049,0.334887,0.428601,#
1,0.447671,1.000000,0.394166,0.310246,0.424392,0.415769,0.450175,0.351166,0.283219,0.395768,0.485977,0.441157,0.391154,0.464438,0.391932,0.302325,0.384829,0.310115,0.513695,0.315235,0.384231,0.456314,0.319049,0.388553,0.479868,0.399281,0.409787,0.468938,0.381915,0.256774,0.409517,0.403087,0.401090,0.368694,0.398655,0.338603,0.319749,0.350988,0.291352,0.396609,0.370736,0.400434,0.477532,0.340534,0.380276,0.325701,0.432051,0.450915,0.409495,0.344563,0.456212,0.372207,0.458932,0.358108,0.387756,0.310061,0.352399,0.410154,0.471464,0.425805,0.467505,0.388449,0.414331,0.402560,0.361054,0.300869,0.359412,0.429857,0.387281,0.276957,0.421865,0.307891,0.417143,0.419708,0.438567,0.253154,0.470048,0.401467,0.475274,0.360803,0.366974,0.470731,0.430158,0.488065,0.295933,0.403750,0.359455,0.344771,0.427541,0.468038,0.413024,0.475231,0.420864,0.391974,0.300206,0.475211,0.361976,0.292827,0.461228,0.337764,0.395212,0.291535,0.335588,0.368458,0.312720,0.302011,0.411104,0.485846,0.326733,0.395883,0.416314,0.393575,0.490263,0.389291,0.420823,0.359471,0.439622,0.316674,0.483430,0.398627,0.322944,0.366832,0.326952,0.401791,0.411317,0.434107,0.460701,0.359594,0.390500,0.384632,0.463072,0.422688,0.287457,0.339662,0.468480,0.368233,0.365245,0.341313,0.393768,0.380013,0.408543,0.386632,0.297122,0.364920,0.440095,0.401365,0.408897,0.326969,0.476928,0.341750,0.407352,0.421899,0.442235,0.269741,0.310256,0.381229,0.393224,0.491457,0.426686,0.320524,0.318868,0.436722,0.370364,0.347527,0.372903,0.427307,0.285368,0.407112,0.341016,0.462330,0.467096,0.279260,0.303771,0.361064,0.512996,0.401162,0.307144,0.472910,0.461338,0.375023,0.427199,0.365307,0.420769,0.374588,0.507241,0.406023,0.390902,0.495296,0.326597,0.306177,0.487701,0.408654,0.258657,0.347446,0.418528,0.434050,0.302074,0.439056,0.350253,0.345350,#
2,0.375858,0.394166,1.000000,0.396161,0.376704,0.429132,0.379455,0.320200,0.280432,0.312804,0.291512,0.379262,0.360642,0.367917,0.377992,0.314430,0.440927,0.351363,0.419515,0.361191,0.372970,0.432236,0.413046,0.381038,0.419010,0.390258,0.411075,0.294586,0.316067,0.283488,0.393616,0.418140,0.333413,0.337579,0.352600,0.337673,0.326223,0.356979,0.281082,0.376481,0.393916,0.404540,0.377380,0.320760,0.295216,0.403431,0.332647,0.429448,0.327049,0.319007,0.381754,0.394542,0.413015,0.347820,0.358560,0.405979,0.221711,0.436506,0.337173,0.364170,0.212907,0.394799,0.390382,0.435089,0.421344,0.320187,0.336777,0.352793,0.347269,0.392307,0.336792,0.238559,0.300129,0.390004,0.364171,0.422142,0.340508,0.392608,0.399866,0.353163,0.395533,0.325282,0.300923,0.382660,0.307539,0.426103,0.391069,0.338477,0.322946,0.408628,0.321560,0.311608,0.375040,0.326365,0.326291,0.383743,0.324631,0.275318,0.397065,0.318083,0.393595,0.415517,0.329166,0.285639,0.444472,0.290676,0.358549,0.399784,0.322345,0.430698,0.427431,0.383430,0.403864,0.308588,0.304833,0.329005,0.250050,0.393744,0.269635,0.312788,0.355589,0.296283,0.312618,0.284794,0.325406,0.319442,0.396352,0.357491,0.355792,0.302036,0.337322,0.432706,0.314174,0.295367,0.346334,0.372112,0.348289,0.415239,0.331525,0.321556,0.266501,0.295697,0.410014,0.377670,0.456802,0.356946,0.340543,0.288525,0.469917,0.354118,0.349121,0.385116,0.342940,0.342427,0.258830,0.280667,0.284592,0.406359,0.374064,0.299172,0.453949,0.430589,0.418854,0.359085,0.311543,0.302353,0.289998,0.354656,0.338875,0.423998,0.420557,0.349217,0.316918,0.332520,0.436199,0.380205,0.427695,0.442795,0.425129,0.361543,0.408502,0.321082,0.282742,0.251150,0.316061,0.399982,0.466564,0.404091,0.338684,0.268848,0.382041,0.320410,0.391653,0.342305,0.352676,0.325677,0.389235,0.271829,0.474552,0.411121,#
3,0.287096,0.310246,0.396161,1.000000,0.279840,0.264022,0.298928,0.368926,0.273717,0.293983,0.269507,0.324381,0.217756,0.269332,0.183249,0.092943,0.286795,0.291477,0.218327,0.275814,0.310694,0.339836,0.343106,0.295862,0.297227,0.343500,0.303202,0.265972,0.287266,0.233819,0.308783,0.338399,0.294145,0.407521,0.207405,0.265226,0.265254,0.348810,0.274583,0.219078,0.276093,0.347914,0.382097,0.209549,0.319322,0.400010,0.384532,0.360734,0.255603,0.330053,0.388397,0.250657,0.255632,0.326541,0.212198,0.335631,0.242289,0.410945,0.311954,0.262283,0.274240,0.271242,0.329424,0.345400,0.348786,0.231565,0.222024,0.351906,0.175387,0.270532,0.367446,0.193830,0.192038,0.334267,0.330761,0.251211,0.185805,0.359922,0.318420,0.354288,0.286266,0.312623,0.254197,0.349300,0.240565,0.275218,0.420916,0.222710,0.276593,0.353707,0.302083,0.256960,0.295611,0.347336,0.208198,0.324640,0.220032,0.165812,0.355251,0.173630,0.258265,0.280323,0.321213,0.227543,0.367713,0.246798,0.325721,0.324495,0.263741,0.298815,0.364559,0.306473,0.241725,0.288336,0.276032,0.232423,0.242013,0.272918,0.227707,0.292778,0.290987,0.298494,0.355069,0.314761,0.257260,0.305364,0.338346,0.224961,0.362712,0.338324,0.319179,0.249239,0.329337,0.458478,0.295741,0.349951,0.260117,0.240865,0.294832,0.323223,0.280912,0.254757,0.389153,0.364899,0.389745,0.235757,0.334296,0.321160,0.381602,0.364363,0.320104,0.164621,0.254460,0.285743,0.264787,0.213798,0.302694,0.376387,0.223978,0.311111,0.396239,0.314381,0.409032,0.399201,0.301606,0.400991,0.254034,0.248303,0.357185,0.379380,0.386588,0.218337,0.280909,0.282743,0.366295,0.280726,0.220679,0.308486,0.266761,0.296227,0.428019,0.378905,0.370664,0.312990,0.248658,0.263667,0.252048,0.424575,0.246560,0.222038,0.386033,0.294351,0.253805,0.304198,0.243070,0.304915,0.346757,0.320716,0.330267,0.320447,#
4,0.344122,0.424392,0.376704,0.279840,1.000000,0.275889,0.433563,0.297867,0.352885,0.379318,0.454901,0.276278,0.358039,0.345242,0.330525,0.302845,0.315365,0.380294,0.420681,0.390816,0.322442,0.447631,0.331160,0.380635,0.410491,0.428582,0.354692,0.395679,0.378580,0.230724,0.411537,0.374220,0.427947,0.372080,0.396847,0.330127,0.184022,0.498278,0.289888,0.366926,0.391508,0.426611,0.425525,0.360350,0.351139,0.314664,0.380441,0.451408,0.417805,0.400610,0.398902,0.278550,0.399595,0.434775,0.361107,0.357649,0.203469,0.375420,0.332228,0.442408,0.419963,0.355567,0.343543,0.335801,0.347764,0.301393,0.416774,0.371664,0.361679,0.361320,0.345966,0.378957,0.315970,0.310594,0.391093,0.267608,0.275629,0.397965,0.269238,0.268342,0.480841,0.452835,0.285704,0.422333,0.321441,0.396141,0.312745,0.303369,0.420322,0.398597,0.320817,0.371866,0.310773,0.390285,0.246203,0.414762,0.294627,0.404118,0.433783,0.306223,0.402329,0.279238,0.282680,0.428909,0.442373,0.279054,0.362952,0.350047,0.381465,0.511984,0.432936,0.282343,0.428010,0.435238,0.319194,0.302949,0.298888,0.272313,0.425576,0.395947,0.313478,0.388616,0.354433,0.341459,0.355518,0.391504,0.405175,0.342959,0.265697,0.231038,0.354423,0.442947,0.348410,0.295244,0.363109,0.413884,0.352839,0.271598,0.259860,0.315641,0.344713,0.272122,0.360319,0.418551,0.360399,0.377983,0.409773,0.252807,0.410946,0.428339,0.371857,0.378483,0.408128,0.390535,0.313960,0.336251,0.373237,0.435122,0.311341,0.346541,0.347063,0.376050,0.385382,0.341526,0.329447,0.420018,0.366542,0.275005,0.390019,0.432767,0.480733,0.317002,0.266382,0.233522,0.403096,0.253783,0.362449,0.319177,0.265957,0.334151,0.323908,0.400642,0.280989,0.258885,0.376751,0.360087,0.351846,0.471136,0.399814,0.265191,0.403269,0.314530,0.386778,0.340712,0.358498,0.357498,0.384669,0.436220,0.398222,0.379773,#
5,0.385937,0.415769,0.429132,0.264022,0.275889,1.000000,0.308069,0.338491,0.330506,0.372746,0.294461,0.398881,0.287221,0.244047,0.325286,0.385959,0.402149,0.393663,0.385226,0.302148,0.361286,0.398411,0.358525,0.471219,0.271941,0.395661,0.356623,0.326696,0.343465,0.294159,0.268035,0.509243,0.300828,0.323240,0.347389,0.303821,0.465656,0.374611,0.317701,0.453570,0.333630,0.366071,0.322106,0.368577,0.299938,0.418673,0.273371,0.290396,0.393225,0.349146,0.406156,0.317184,0.443121,0.299130,0.399318,0.367982,0.266625,0.472096,0.326108,0.307605,0.401960,0.363277,0.419085,0.387316,0.368438,0.268337,0.352188,0.402580,0.224226,0.246448,0.453706,0.252784,0.417140,0.471993,0.347731,0.339231,0.356445,0.398098,0.382002,0.339531,0.414846,0.323012,0.364319,0.258187,0.209704,0.392917,0.290978,0.311391,0.385209,0.305134,0.322948,0.364052,0.275730,0.340719,0.249213,0.375266,0.364866,0.226977,0.369938,0.223097,0.396908,0.379741,0.410505,0.309771,0.302415,0.286456,0.351995,0.396264,0.301554,0.382909,0.429229,0.366393,0.409808,0.298795,0.323152,0.384931,0.458436,0.359347,0.309162,0.422841,0.306762,0.318609,0.319664,0.253502,0.426788,0.296910,0.336200,0.257721,0.357573,0.406820,0.366316,0.409059,0.266173,0.277312,0.454288,0.323913,0.281573,0.283691,0.348200,0.335877,0.389703,0.339838,0.364698,0.367774,0.351143,0.313436,0.308851,0.322830,0.355633,0.292204,0.346764,0.292100,0.345405,0.397991,0.214853,0.277347,0.322496,0.380431,0.339733,0.310088,0.448293,0.322137,0.423091,0.208089,0.278080,0.255924,0.152837,0.333082,0.333387,0.419108,0.277296,0.340016,0.437362,0.302687,0.358666,0.341200,0.283515,0.422050,0.378993,0.317102,0.407106,0.453784,0.446766,0.269853,0.318863,0.412654,0.351871,0.362466,0.394546,0.275854,0.484404,0.287067,0.271034,0.368444,0.372802,0.376121,0.395480,0.355579,0.401811,0.431902,#
6,0.406765,0.450175,0.379455,0.298928,0.433563,0.308069,1.000000,0.328939,0.289138,0.394701,0.423131,0.395566,0.304970,0.399274,0.273034,0.289676,0.362550,0.381302,0.394043,0.444845,0.340046,0.413036,0.355499,0.363394,0.396808,0.317405,0.313527,0.354171,0.331815,0.264944,0.340104,0.345698,0.341707,0.308364,0.281959,0.274470,0.253616,0.325655,0.242999,0.370350,0.406922,0.413532,0.358283,0.360929,0.408599,0.262162,0.438515,0.496994,0.402840,0.423756,0.301385,0.423849,0.410624,0.387238,0.311256,0.357241,0.318184,0.459703,0.334728,0.353569,0.317694,0.336475,0.331263,0.401105,0.253522,0.350097,0.310827,0.297717,0.292594,0.270216,0.404335,0.354712,0.363025,0.409769,0.348622,0.310821,0.355971,0.394815,0.374140,0.367329,0.404185,0.421350,0.394348,0.333771,0.330865,0.444032,0.368450,0.360338,0.393035,0.392726,0.371468,0.346398,0.389830,0.443326,0.281253,0.460828,0.312545,0.285207,0.452411,0.262117,0.419427,0.369769,0.194494,0.411728,0.282752,0.444140,0.417154,0.379748,0.305050,0.366191,0.366750,0.339233,0.352462,0.363986,0.337782,0.296997,0.332743,0.358282,0.363597,0.303946,0.319403,0.461673,0.268580,0.294556,0.301870,0.317460,0.322063,0.480649,0.310872,0.391524,0.333573,0.376131,0.397244,0.272764,0.542242,0.364779,0.297585,0.433741,0.356551,0.265049,0.319762,0.235679,0.386923,0.534416,0.277447,0.371600,0.320185,0.263474,0.345092,0.294967,0.450328,0.293868,0.385517,0.353153,0.362174,0.253589,0.306251,0.371078,0.316559,0.317895,0.354762,0.380484,0.336670,0.384931,0.388584,0.319721,0.190652,0.255825,0.373568,0.440734,0.383635,0.356883,0.309223,0.294840,0.431871,0.345950,0.327865,0.340570,0.355395,0.271452,0.230916,0.266559,0.354717,0.330573,0.370418,0.309279,0.363677,0.372107,0.380868,0.342107,0.461734,0.279216,0.348298,0.301372,0.342299,0.399555,0.362480,0.378420,0.315468,0.328266,#
7,0.267712,0.351166,0.320200,0.368926,0.297867,0.338491,0.328939,1.000000,0.267554,0.374371,0.316753,0.412081,0.318250,0.360355,0.213179,0.235504,0.338746,0.333259,0.366971,0.374083,0.323668,0.367574,0.446676,0.286651,0.451774,0.389242,0.330281,0.420657,0.287815,0.247546,0.382255,0.408776,0.394343,0.340714,0.309544,0.349555,0.306759,0.310293,0.300850,0.298760,0.245051,0.334635,0.491178,0.269315,0.326776,0.414681,0.318979,0.430325,0.396467,0.389024,0.419279,0.279973,0.324201,0.397089,0.362534,0.414506,0.338657,0.338215,0.314791,0.371515,0.275133,0.201128,0.369024,0.337830,0.389721,0.232067,0.346485,0.430936,0.301529,0.490158,0.356282,0.221490,0.397313,0.409182,0.385545,0.353372,0.401890,0.363196,0.397803,0.417292,0.326643,0.373759,0.352356,0.413494,0.324499,0.386999,0.418998,0.372920,0.376102,0.380677,0.371814,0.266218,0.336686,0.339297,0.321083,0.383973,0.301606,0.235294,0.310797,0.209164,0.381598,0.321967,0.261053,0.357369,0.277371,0.316783,0.344103,0.325342,0.361335,0.324160,0.401686,0.374606,0.325458,0.339034,0.383342,0.330538,0.329361,0.376944,0.392541,0.387093,0.323688,0.412283,0.332051,0.416862,0.432665,0.393570,0.364881,0.357928,0.327357,0.313075,0.376723,0.273531,0.295603,0.348303,0.444242,0.433330,0.288750,0.361085,0.425674,0.413490,0.403839,0.492596,0.278886,0.381944,0.442842,0.328106,0.412722,0.300194,0.423147,0.320253,0.346877,0.493185,0.331132,0.230606,0.281923,0.402338,0.331760,0.398067,0.326448,0.315272,0.432451,0.345825,0.348226,0.383901,0.388496,0.300575,0.328687,0.269369,0.438585,0.336184,0.368120,0.326487,0.312374,0.294144,0.362712,0.370906,0.324351,0.414919,0.335901,0.376441,0.364952,0.425390,0.245644,0.252434,0.309311,0.368852,0.402057,0.435702,0.296791,0.324139,0.409466,0.286968,0.267561,0.399440,0.240627,0.288302,0.409300,0.378893,0.345483,0.416851,#
8,0.367458,0.283219,0.280432,0.273717,0.352885,0.330506,0.289138,0.267554,1.000000,0.274445,0.354551,0.343186,0.328373,0.326125,0.352490,0.349139,0.367849,0.271215,0.257897,0.373017,0.288462,0.341227,0.298854,0.338639,0.284870,0.396056,0.259818,0.395152,0.245892,0.410903,0.264083,0.394982,0.315320,0.430932,0.337558,0.293250,0.287900,0.455150,0.209135,0.497683,0.313472,0.323446,0.284781,0.371336,0.365304,0.294492,0.363798,0.382757,0.256058,0.278404,0.305230,0.398927,0.300134,0.427065,0.396054,0.330691,0.232742,0.318531,0.317235,0.389304,0.369949,0.208710,0.440682,0.408817,0.313567,0.249958,0.325567,0.410927,0.372726,0.332528,0.251062,0.390917,0.273175,0.383091,0.260896,0.220465,0.297479,0.275207,0.354304,0.221659,0.336559,0.304280,0.311769,0.249909,0.250774,0.376276,0.303397,0.250813,0.397286,0.352970,0.337697,0.258331,0.283842,0.348011,0.264293,0.486014,0.375032,0.289660,0.282282,0.233751,0.394230,0.217784,0.190273,0.234159,0.329669,0.253655,0.416872,0.348692,0.265739,0.425242,0.307794,0.366452,0.325416,0.258147,0.281653,0.370787,0.453520,0.289311,0.209617,0.417724,0.328939,0.250394,0.321080,0.260698,0.343439,0.367508,0.307113,0.311736,0.386206,0.295031,0.392750,0.374537,0.291793,0.257942,0.427119,0.386851,0.282961,0.380578,0.401916,0.331055,0.284992,0.317337,0.427994,0.331445,0.426556,0.343125,0.353931,0.442454,0.382096,0.327376,0.308609,0.288009,0.316759,0.324548,0.310590,0.246863,0.354414,0.288762,0.296040,0.315081,0.304324,0.285735,0.341643,0.385120,0.269514,0.302793,0.270420,0.262040,0.302126,0.405821,0.400880,0.114424,0.254850,0.398086,0.375920,0.372432,0.260916,0.342963,0.286512,0.378810,0.400497,0.276140,0.165463,0.249894,0.385787,0.294531,0.312180,0.311025,0.338791,0.222807,0.406653,0.311240,0.189089,0.291852,0.282396,0.307611,0.348775,0.263555,0.307019,0.359342,#
9,0.384191,0.395768,0.312804,0.293983,0.379318,0.372746,0.394701,0.374371,0.274445,1.000000,0.455182,0.427193,0.417094,0.361763,0.377518,0.349782,0.351910,0.275263,0.392538,0.401424,0.394394,0.369214,0.387846,0.389205,0.370042,0.385967,0.397040,0.512278,0.327630,0.257775,0.427556,0.417465,0.327428,0.382142,0.330248,0.392669,0.275552,0.350772,0.243634,0.366101,0.302545,0.429489,0.325477,0.239545,0.389894,0.440413,0.329948,0.435400,0.428814,0.285743,0.425512,0.354081,0.396065,0.358639,0.336155,0.326787,0.385340,0.411311,0.281918,0.356122,0.316706,0.336106,0.461435,0.380519,0.348321,0.364071,0.259540,0.482836,0.342792,0.284870,0.366839,0.321898,0.272295,0.429558,0.398264,0.307979,0.465278,0.387556,0.467432,0.464549,0.412573,0.399862,0.450347,0.378859,0.431845,0.453838,0.426089,0.306310,0.440311,0.329714,0.323212,0.486957,0.334724,0.429768,0.355630,0.483116,0.463141,0.267352,0.381787,0.311338,0.448160,0.341484,0.406915,0.274766,0.370531,0.335225,0.403398,0.426167,0.303427,0.340092,0.366670,0.372489,0.422298,0.361922,0.328367,0.403645,0.454279,0.415460,0.453055,0.327665,0.482731,0.503243,0.334503,0.357972,0.391098,0.412124,0.347165,0.489282,0.327076,0.225493,0.354189,0.450250,0.356596,0.331654,0.512762,0.302072,0.293440,0.323527,0.376576,0.420961,0.328780,0.306731,0.351866,0.398470,0.352429,0.271984,0.408351,0.290170,0.294280,0.309549,0.383228,0.390747,0.389639,0.369270,0.373269,0.349537,0.369896,0.401434,0.331233,0.379441,0.392041,0.286211,0.319924,0.424256,0.416198,0.355339,0.272268,0.295304,0.446806,0.442842,0.375148,0.372388,0.354799,0.368987,0.370691,0.393558,0.308633,0.283089,0.352928,0.413598,0.357453,0.409953,0.411041,0.359488,0.335694,0.399098,0.467368,0.421433,0.378395,0.321359,0.441032,0.308429,0.231750,0.332119,0.359903,0.349691,0.309489,0.363725,0.365022,0.376028,#
10,0.421272,0.485977,0.291512,0.269507,0.454901,0.294461,0.423131,0.316753,0.354551,0.455182,1.000000,0.413048,0.304439,0.402494,0.335211,0.343315,0.461055,0.344451,0.451277,0.445182,0.360562,0.362784,0.352845,0.308909,0.385603,0.335256,0.409383,0.385890,0.249466,0.308918,0.375667,0.364390,0.326246,0.392888,0.350267,0.406010,0.180058,0.346866,0.303736,0.324104,0.209561,0.311333,0.345424,0.276458,0.359265,0.346929,0.375789,0.437850,0.429403,0.390365,0.325875,0.383809,0.336799,0.414988,0.343815,0.374715,0.316650,0.363704,0.358284,0.288419,0.420253,0.368976,0.394305,0.381221,0.309315,0.259419,0.368500,0.346770,0.304320,0.283634,0.309989,0.302002,0.262196,0.390722,0.357637,0.337508,0.408724,0.296926,0.413196,0.295416,0.332296,0.483114,0.336282,0.384917,0.331235,0.408905,0.375462,0.242822,0.399802,0.349599,0.253936,0.394837,0.406257,0.339580,0.268135,0.406114,0.393255,0.242667,0.444865,0.315255,0.455261,0.256300,0.310513,0.372389,0.374803,0.336060,0.472101,0.413238,0.299553,0.400501,0.297321,0.349876,0.359535,0.407215,0.341055,0.421098,0.403790,0.285984,0.278619,0.299205,0.317528,0.311464,0.362855,0.342311,0.415326,0.334807,0.336149,0.351358,0.340021,0.369133,0.359004,0.394593,0.336197,0.260231,0.481014,0.347765,0.318829,0.377861,0.270240,0.459006,0.328033,0.309723,0.445146,0.352780,0.368560,0.347550,0.260842,0.336195,0.361193,0.383577,0.376512,0.409609,0.352119,0.425462,0.374229,0.372587,0.343101,0.338547,0.326924,0.442380,0.330641,0.366992,0.326877,0.405996,0.325858,0.349524,0.255380,0.216867,0.329104,0.486271,0.450147,0.321028,0.358190,0.392989,0.472094,0.232935,0.349429,0.391375,0.400637,0.436951,0.374608,0.342318,0.421726,0.297212,0.445926,0.327003,0.359784,0.430469,0.310322,0.281672,0.375219,0.372963,0.296875,0.321215,0.370430,0.448470,0.370447,0.431534,0.379802,0.422386,#
11,0.421356,0.441157,0.379262,0.324381,0.276278,0.398881,0.395566,0.412081,0.343186,0.427193,0.413048,1.000000,0.387242,0.358610,0.214817,0.409215,0.445926,0.426279,0.386482,0.280043,0.393353,0.425513,0.364878,0.384895,0.437843,0.474686,0.310184,0.417055,0.247953,0.385310,0.391917,0.476342,0.325656,0.434173,0.319865,0.328013,0.407223,0.447718,0.253659,0.365500,0.387260,0.400796,0.420549,0.383082,0.372815,0.405681,0.382184,0.502814,0.372658,0.269231,0.420025,0.440413,0.347679,0.449502,0.391598,0.384318,0.466167,0.394203,0.363940,0.302041,0.358438,0.366074,0.446177,0.435567,0.416503,0.220791,0.384865,0.381999,0.344315,0.340198,0.390578,0.283351,0.334971,0.471182,0.474733,0.393933,0.371407,0.417201,0.546065,0.335751,0.410863,0.317798,0.378828,0.450629,0.401006,0.428252,0.455565,0.320504,0.414188,0.359165,0.413788,0.381731,0.408906,0.394106,0.329659,0.398207,0.309429,0.321505,0.405356,0.350869,0.475872,0.371993,0.357377,0.227996,0.381215,0.425292,0.402487,0.380261,0.343319,0.445430,0.324034,0.366977,0.431137,0.387971,0.309505,0.490272,0.434718,0.289836,0.375115,0.413696,0.379566,0.470167,0.353536,0.339434,0.414201,0.340327,0.478841,0.467210,0.422989,0.328933,0.469544,0.498616,0.235274,0.297848,0.426131,0.349272,0.283723,0.406509,0.400701,0.378247,0.336336,0.421687,0.403928,0.507405,0.409959,0.400447,0.414331,0.359083,0.460654,0.364245,0.433769,0.463543,0.384734,0.345481,0.436026,0.301030,0.318866,0.348423,0.325980,0.377456,0.470682,0.373027,0.363067,0.413574,0.433417,0.406763,0.254929,0.341100,0.491401,0.420603,0.476696,0.275844,0.421245,0.380641,0.398933,0.438061,0.440815,0.374028,0.337210,0.317498,0.395070,0.394168,0.416464,0.365522,0.392928,0.478569,0.420806,0.377260,0.390678,0.325394,0.317942,0.343326,0.315808,0.196553,0.336402,0.415258,0.478972,0.332931,0.336675,0.437361,#
12,0.371268,0.391154,0.360642,0.217756,0.358039,0.287221,0.304970,0.318250,0.328373,0.417094,0.304439,0.387242,1.000000,0.320435,0.293266,0.341894,0.368321,0.319484,0.488706,0.351761,0.408807,0.287046,0.346730,0.373133,0.383502,0.336795,0.297826,0.491302,0.337342,0.360613,0.406661,0.431698,0.356012,0.328501,0.346036,0.288543,0.347919,0.360396,0.141555,0.347839,0.413439,0.330398,0.465534,0.340812,0.341099,0.370201,0.278145,0.358623,0.448535,0.321191,0.387638,0.242995,0.312713,0.346068,0.355660,0.278529,0.332433,0.422353,0.336819,0.369356,0.392111,0.339405,0.394495,0.354976,0.336314,0.310000,0.345987,0.306251,0.305836,0.243050,0.286690,0.370825,0.241332,0.364273,0.409266,0.294666,0.355438,0.338451,0.312000,0.310449,0.396456,0.344525,0.364604,0.360523,0.406872,0.459440,0.323590,0.318302,0.406293,0.351950,0.398115,0.321308,0.287051,0.423709,0.309473,0.306327,0.383232,0.363671,0.275851,0.242837,0.378579,0.364267,0.267671,0.387272,0.390904,0.309534,0.407724,0.316459,0.331477,0.478311,0.352562,0.239270,0.384632,0.375519,0.293631,0.352692,0.379244,0.419430,0.259937,0.359026,0.231942,0.476230,0.330108,0.385921,0.275813,0.443635,0.356845,0.355432,0.377976,0.203606,0.379239,0.423090,0.260231,0.216887,0.348216,0.375526,0.330371,0.376517,0.349102,0.305551,0.389176,0.394437,0.295789,0.311714,0.368887,0.347363,0.385836,0.256633,0.367186,0.321586,0.410665,0.489930,0.320108,0.317921,0.373881,0.260070,0.361306,0.293810,0.304566,0.226765,0.409874,0.328234,0.285585,0.425485,0.358764,0.368202,0.303062,0.159914,0.394412,0.460021,0.339478,0.276810,0.314244,0.331846,0.400830,0.307012,0.271065,0.278812,0.227159,0.334212,0.374132,0.338099,0.348449,0.312273,0.322334,0.400455,0.388322,0.381330,0.292207,0.199415,0.423259,0.389405,0.284720,0.372148,0.335390,0.331041,0.395199,0.218054,0.387862,0.300863,#
13,0.294840,0.464438,0.367917,0.269332,0.345242,0.244047,0.399274,0.360355,0.326125,0.361763,0.402494,0.358610,0.320435,1.000000,0.343326,0.326045,0.382994,0.298844,0.377015,0.320266,0.347469,0.363558,0.384142,0.278978,0.478837,0.374485,0.381335,0.367154,0.304840,0.210092,0.345800,0.275313,0.360205,0.357450,0.253876,0.370636,0.235249,0.357628,0.183922,0.346292,0.236345,0.327652,0.494076,0.276443,0.360884,0.270165,0.383636,0.393781,0.420065,0.271642,0.444317,0.354011,0.304089,0.374423,0.374471,0.431679,0.293075,0.296870,0.347045,0.322824,0.361790,0.329297,0.513048,0.377665,0.264930,0.218441,0.407768,0.372778,0.405013,0.397536,0.293066,0.375797,0.289001,0.480015,0.424318,0.251085,0.334288,0.366836,0.398322,0.321311,0.322117,0.440943,0.459444,0.397516,0.435932,0.337157,0.419101,0.372899,0.417918,0.436048,0.343745,0.376780,0.445773,0.385389,0.349098,0.421192,0.278341,0.303866,0.349786,0.302167,0.460858,0.318975,0.300488,0.316221,0.327923,0.322095,0.334325,0.417515,0.265336,0.338796,0.319090,0.352352,0.491629,0.374895,0.349220,0.292055,0.422156,0.287974,0.346523,0.414007,0.397091,0.378787,0.226462,0.372622,0.333600,0.365614,0.313668,0.418247,0.474705,0.234263,0.344750,0.311256,0.374325,0.330224,0.467266,0.319764,0.328290,0.311913,0.429109,0.370200,0.340449,0.304096,0.337855,0.409054,0.367803,0.433054,0.360605,0.314263,0.242743,0.316596,0.409285,0.214485,0.359010,0.311069,0.386493,0.308039,0.361588,0.324960,0.312115,0.255134,0.372114,0.379377,0.254906,0.432107,0.418654,0.414998,0.175592,0.241710,0.434070,0.461305,0.414346,0.378519,0.338394,0.345282,0.423681,0.375565,0.396003,0.331448,0.411970,0.293056,0.411188,0.249235,0.314094,0.312487,0.342281,0.328404,0.416160,0.437802,0.376419,0.389131,0.336129,0.319576,0.294067,0.315006,0.315279,0.382041,0.355721,0.303470,0.333677,0.389583,#
14,0.402395,0.391932,0.377992,0.183249,0.330525,0.325286,0.273034,0.213179,0.352490,0.377518,0.335211,0.214817,0.293266,0.343326,1.000000,0.351165,0.326440,0.264097,0.396743,0.345288,0.271458,0.343012,0.297334,0.305956,0.327516,0.305133,0.364304,0.267262,0.282357,0.269668,0.254333,0.249601,0.246457,0.287244,0.300835,0.368401,0.308127,0.350236,0.316250,0.378442,0.326497,0.352804,0.397364,0.333229,0.299084,0.270042,0.389411,0.333238,0.327085,0.198039,0.363459,0.275255,0.288593,0.315832,0.376124,0.310447,0.240781,0.347384,0.319951,0.305354,0.323192,0.381346,0.312386,0.343816,0.326100,0.212142,0.277883,0.319400,0.324352,0.270552,0.201677,0.273172,0.186563,0.395616,0.161894,0.267274,0.256739,0.407809,0.363747,0.254772,0.327096,0.181459,0.387910,0.388429,0.257756,0.336386,0.198606,0.216791,0.358224,0.320719,0.286853,0.327051,0.353853,0.266867,0.239288,0.316445,0.323570,0.243925,0.414782,0.221894,0.304514,0.267591,0.298777,0.234758,0.262352,0.272791,0.364409,0.393087,0.281533,0.358348,0.280669,0.356130,0.390525,0.142783,0.312630,0.372681,0.251906,0.303779,0.286373,0.293633,0.397017,0.299995,0.293539,0.305445,0.260293,0.263881,0.329183,0.302142,0.243505,0.240278,0.150219,0.303335,0.331725,0.185468,0.271905,0.273924,0.319826,0.260856,0.303005,0.241388,0.348003,0.354152,0.411700,0.308593,0.243560,0.259175,0.356340,0.185182,0.297317,0.236002,0.221812,0.223938,0.201050,0.349273,0.228597,0.198336,0.234320,0.315750,0.269105,0.193697,0.317807,0.314806,0.325197,0.236234,0.270120,0.233736,0.279860,0.265660,0.271454,0.321418,0.336503,0.296157,0.361849,0.349905,0.394300,0.231688,0.350449,0.338764,0.351725,0.362975,0.384749,0.368211,0.257617,0.365715,0.298074,0.333775,0.376173,0.398756,0.272639,0.150582,0.371166,0.308246,0.258875,0.380422,0.349649,0.217977,0.207911,0.273356,0.369752,0.453957,#
15,0.320528,0.302325,0.314430,0.092943,0.302845,0.385959,0.289676,0.235504,0.349139,0.349782,0.343315,0.409215,0.341894,0.326045,0.351165,1.000000,0.397200,0.418630,0.407167,0.299100,0.218161,0.413992,0.278184,0.333092,0.398088,0.264449,0.320703,0.267344,0.225292,0.222160,0.342220,0.370755,0.268715,0.323468,0.334966,0.301237,0.335599,0.362813,0.305815,0.395413,0.472725,0.307097,0.368354,0.314954,0.372131,0.283525,0.288974,0.429348,0.321639,0.287687,0.369144,0.293721,0.382364,0.369186,0.333079,0.293857,0.314727,0.359159,0.277573,0.351078,0.240028,0.293494,0.250995,0.329599,0.222070,0.214095,0.430979,0.379399,0.377525,0.288111,0.186859,0.295459,0.254775,0.239117,0.386096,0.400779,0.330025,0.380541,0.393953,0.221990,0.452557,0.293571,0.277818,0.318404,0.298781,0.385980,0.346094,0.169892,0.365751,0.291494,0.237343,0.220475,0.286782,0.369246,0.292707,0.317442,0.320069,0.248840,0.425860,0.274856,0.397449,0.303514,0.349391,0.296311,0.342100,0.238083,0.319917,0.267235,0.309277,0.451462,0.280863,0.375263,0.326821,0.245819,0.254090,0.425239,0.365274,0.340582,0.292119,0.360714,0.339026,0.272156,0.227447,0.294540,0.231729,0.225244,0.357140,0.328562,0.315646,0.164038,0.215724,0.350578,0.260867,0.279975,0.408510,0.345612,0.345029,0.263773,0.320975,0.191352,0.369160,0.324885,0.477202,0.325829,0.291743,0.320102,0.432007,0.210502,0.289968,0.336003,0.340533,0.345726,0.302514,0.476035,0.193840,0.393519,0.241719,0.308325,0.254349,0.275076,0.297545,0.342327,0.236429,0.336387,0.251325,0.375321,0.207363,0.252453,0.373783,0.404750,0.348329,0.240927,0.401505,0.304835,0.361744,0.193146,0.377836,0.267052,0.255375,0.264101,0.194727,0.379169,0.273702,0.195541,0.345735,0.449718,0.241297,0.296475,0.272050,0.206780,0.234853,0.397059,0.178417,0.354175,0.280280,0.347796,0.283185,0.280717,0.250695,0.410721,#
16,0.433493,0.384829,0.440927,0.286795,0.315365,0.402149,0.362550,0.338746,0.367849,0.351910,0.461055,0.445926,0.368321,0.382994,0.326440,0.397200,1.000000,0.400068,0.380839,0.265272,0.518046,0.398695,0.494680,0.332881,0.401087,0.328419,0.361484,0.280955,0.281465,0.274341,0.341243,0.432889,0.264165,0.391727,0.310905,0.313207,0.367986,0.350079,0.264784,0.392391,0.276828,0.337793,0.387044,0.348217,0.320700,0.335707,0.391953,0.414166,0.379111,0.310108,0.276476,0.361194,0.452243,0.390507,0.332406,0.361612,0.238002,0.359225,0.303474,0.267402,0.297878,0.400766,0.357732,0.453043,0.411942,0.258296,0.391005,0.458677,0.363241,0.389865,0.305744,0.342869,0.327712,0.400878,0.407276,0.451349,0.324429,0.335337,0.474527,0.286069,0.297812,0.358966,0.356436,0.343654,0.336932,0.528534,0.461460,0.333481,0.404770,0.321183,0.325008,0.332092,0.361162,0.346168,0.367934,0.431162,0.336700,0.269576,0.500613,0.307025,0.424695,0.294928,0.276588,0.322651,0.340012,0.330535,0.354686,0.372083,0.349437,0.428411,0.324769,0.391643,0.464045,0.315717,0.397536,0.441575,0.487701,0.346359,0.273976,0.339485,0.317385,0.307435,0.349344,0.324798,0.395578,0.333319,0.375824,0.275631,0.390337,0.379239,0.317193,0.412459,0.369994,0.282687,0.434756,0.350225,0.274057,0.356474,0.347293,0.379176,0.283660,0.355656,0.304850,0.382361,0.374766,0.351159,0.234564,0.277630,0.297309,0.278325,0.375222,0.374528,0.391159,0.330034,0.283163,0.405894,0.322545,0.334315,0.400822,0.292028,0.380734,0.355138,0.387983,0.385624,0.254000,0.332898,0.289189,0.310462,0.393699,0.361647,0.420834,0.219304,0.381579,0.309462,0.419455,0.357850,0.422909,0.365542,0.292128,0.371018,0.353634,0.366940,0.326530,0.241281,0.302901,0.339854,0.458867,0.404565,0.325464,0.256997,0.345310,0.304925,0.301524,0.320431,0.365073,0.388896,0.384221,0.340591,0.299649,0.426085,#
17,0.458611,0.310115,0.351363,0.291477,0.380294,0.393663,0.381302,0.333259,0.271215,0.275263,0.344451,0.426279,0.319484,0.298844,0.264097,0.418630,0.400068,1.000000,0.407777,0.398718,0.286438,0.428457,0.370831,0.468759,0.415553,0.368768,0.285007,0.327060,0.363798,0.335002,0.402811,0.483368,0.445007,0.390063,0.270811,0.310822,0.311828,0.547869,0.267460,0.363867,0.340299,0.285578,0.416848,0.458327,0.288331,0.326478,0.386513,0.396969,0.462917,0.406292,0.421146,0.312697,0.340512,0.408540,0.404516,0.374456,0.290795,0.465564,0.333566,0.333488,0.358361,0.406480,0.324524,0.359897,0.275633,0.339609,0.415638,0.513784,0.405635,0.402694,0.484123,0.409888,0.389923,0.425565,0.421554,0.428393,0.330133,0.453124,0.384230,0.294119,0.451419,0.436994,0.466975,0.414129,0.361441,0.401187,0.391249,0.334452,0.491972,0.420560,0.399227,0.322846,0.346859,0.337091,0.256445,0.360573,0.328869,0.430358,0.365700,0.343559,0.444721,0.327748,0.258228,0.319815,0.397742,0.337117,0.319914,0.509467,0.300645,0.389982,0.329242,0.245937,0.388223,0.324359,0.237149,0.400878,0.403656,0.340244,0.358696,0.394040,0.316182,0.339117,0.270303,0.323888,0.399475,0.361341,0.361752,0.376568,0.302636,0.240176,0.316534,0.421927,0.376863,0.404067,0.393127,0.365625,0.401244,0.263997,0.395709,0.377918,0.412729,0.367759,0.408385,0.357927,0.417525,0.350802,0.316188,0.270448,0.374467,0.228795,0.467203,0.310435,0.343885,0.436355,0.315659,0.300027,0.335935,0.387518,0.451975,0.407271,0.455931,0.436204,0.302788,0.342668,0.405517,0.393622,0.249438,0.337758,0.336198,0.422741,0.467132,0.285948,0.352456,0.384919,0.391135,0.230042,0.389639,0.351850,0.272775,0.360664,0.381753,0.517648,0.289279,0.176666,0.362816,0.424676,0.463620,0.451814,0.429635,0.296649,0.325530,0.430456,0.181942,0.305996,0.455074,0.414678,0.462305,0.246829,0.335243,0.453035,#
18,0.392891,0.513695,0.419515,0.218327,0.420681,0.385226,0.394043,0.366971,0.257897,0.392538,0.451277,0.386482,0.488706,0.377015,0.396743,0.407167,0.380839,0.407777,1.000000,0.423670,0.347899,0.385727,0.257033,0.409116,0.402235,0.427001,0.445323,0.390562,0.428197,0.288905,0.452383,0.429750,0.432979,0.340158,0.349029,0.442758,0.381657,0.407637,0.257092,0.347883,0.411757,0.323065,0.504056,0.340902,0.328010,0.326492,0.340168,0.453981,0.396533,0.321014,0.424727,0.333307,0.422192,0.500061,0.367586,0.271436,0.329475,0.445440,0.330769,0.324753,0.400560,0.360053,0.407245,0.471044,0.305628,0.374880,0.424174,0.418944,0.331767,0.248306,0.320164,0.378981,0.291516,0.416336,0.425421,0.306898,0.362896,0.462056,0.452058,0.419740,0.521994,0.399654,0.426136,0.440128,0.358833,0.387201,0.388176,0.322600,0.474738,0.362986,0.385078,0.340107,0.431941,0.395933,0.339479,0.356381,0.413112,0.321489,0.368176,0.376488,0.389999,0.414871,0.393060,0.445579,0.413177,0.290330,0.394515,0.407040,0.330684,0.476341,0.358083,0.406495,0.325159,0.410687,0.363706,0.323015,0.316990,0.372122,0.413532,0.347900,0.277768,0.437456,0.300509,0.418302,0.399556,0.405564,0.352570,0.374361,0.375351,0.314163,0.431505,0.356395,0.320419,0.256312,0.479673,0.352811,0.337574,0.400481,0.377936,0.343915,0.455124,0.303282,0.325534,0.339272,0.415762,0.358066,0.295269,0.212399,0.341518,0.322745,0.423364,0.381444,0.454803,0.350214,0.305211,0.414209,0.469331,0.452381,0.383417,0.314454,0.439592,0.438440,0.371429,0.360108,0.351823,0.382151,0.420251,0.385391,0.430983,0.459316,0.340030,0.310133,0.317414,0.277761,0.461586,0.259298,0.319837,0.418933,0.433500,0.388923,0.339731,0.415320,0.374623,0.296011,0.525367,0.444121,0.464776,0.541960,0.354744,0.317403,0.415153,0.377397,0.284250,0.387176,0.401389,0.368020,0.437086,0.359591,0.398769,0.487537,#
19,0.320558,0.315235,0.361191,0.275814,0.390816,0.302148,0.444845,0.374083,0.373017,0.401424,0.445182,0.280043,0.351761,0.320266,0.345288,0.299100,0.265272,0.398718,0.423670,1.000000,0.286008,0.360593,0.332269,0.373796,0.341740,0.379918,0.341811,0.344264,0.273013,0.434469,0.314202,0.384295,0.329465,0.336694,0.349496,0.320587,0.193439,0.405624,0.352761,0.357217,0.353694,0.281501,0.353729,0.328444,0.312389,0.364286,0.363509,0.438502,0.375709,0.375209,0.331276,0.301524,0.261372,0.444324,0.338995,0.369567,0.315983,0.415496,0.239097,0.413034,0.363983,0.277627,0.360996,0.300408,0.315911,0.268520,0.278760,0.350531,0.336004,0.312008,0.357246,0.269879,0.407813,0.332878,0.347497,0.266319,0.351027,0.408609,0.361861,0.345930,0.416990,0.332141,0.425967,0.242975,0.350451,0.425553,0.363606,0.274210,0.404806,0.343832,0.330110,0.410740,0.347275,0.328849,0.308119,0.403805,0.374851,0.380510,0.344751,0.245989,0.370494,0.253337,0.325112,0.280407,0.411940,0.318864,0.496704,0.493851,0.323290,0.417624,0.340142,0.310629,0.367422,0.350758,0.314889,0.322530,0.415017,0.455409,0.354455,0.329548,0.355348,0.464925,0.278732,0.359829,0.460152,0.394220,0.338990,0.422090,0.246448,0.255050,0.349416,0.323349,0.397309,0.300377,0.442086,0.304611,0.384104,0.293212,0.324562,0.363944,0.392136,0.273999,0.357614,0.290554,0.427071,0.392976,0.300005,0.417330,0.413226,0.227504,0.285945,0.359481,0.369087,0.476638,0.274614,0.310444,0.371768,0.396543,0.318510,0.230643,0.390316,0.366062,0.421268,0.267692,0.253164,0.306360,0.318657,0.280563,0.321854,0.387642,0.537076,0.352429,0.293365,0.279314,0.418471,0.253264,0.289285,0.402503,0.188985,0.365155,0.344868,0.377498,0.264471,0.369249,0.384796,0.372176,0.398176,0.374452,0.352117,0.241149,0.414489,0.321839,0.351654,0.431640,0.347732,0.335115,0.473607,0.416544,0.463452,0.422352,#
20,0.412732,0.384231,0.372970,0.310694,0.322442,0.361286,0.340046,0.323668,0.288462,0.394394,0.360562,0.393353,0.408807,0.347469,0.271458,0.218161,0.518046,0.286438,0.347899,0.286008,1.000000,0.416211,0.398793,0.303212,0.410950,0.330913,0.419026,0.430902,0.298650,0.273597,0.321325,0.348863,0.278609,0.297782,0.404326,0.345081,0.300091,0.362873,0.202333,0.373166,0.233726,0.436189,0.477525,0.344023,0.295045,0.385330,0.257248,0.476695,0.444694,0.313834,0.340310,0.380993,0.433982,0.374577,0.360464,0.273761,0.358043,0.376736,0.235628,0.376671,0.398382,0.214001,0.423566,0.374433,0.458899,0.154131,0.382299,0.354892,0.296865,0.377069,0.338466,0.289214,0.411582,0.452167,0.427664,0.412935,0.405569,0.347756,0.274420,0.428747,0.250350,0.306182,0.408660,0.319288,0.321332,0.439630,0.376386,0.377081,0.395260,0.346258,0.410671,0.417512,0.422834,0.382641,0.289553,0.391407,0.285220,0.342089,0.374576,0.261386,0.290753,0.338026,0.249967,0.269255,0.327484,0.298991,0.383621,0.381190,0.294357,0.474843,0.396214,0.188335,0.457447,0.327513,0.301361,0.352518,0.443760,0.243142,0.286150,0.307383,0.275723,0.365222,0.331766,0.390583,0.381451,0.413968,0.458164,0.489818,0.309043,0.312152,0.309054,0.330486,0.334166,0.265987,0.389341,0.294440,0.315911,0.371283,0.372223,0.417495,0.319051,0.332021,0.237478,0.329604,0.350146,0.287270,0.303164,0.287852,0.294426,0.307478,0.307750,0.446343,0.345494,0.313521,0.367466,0.328291,0.253130,0.284651,0.270133,0.312463,0.397620,0.449204,0.351014,0.261366,0.377210,0.323150,0.200557,0.331079,0.408041,0.372024,0.443057,0.244317,0.293113,0.366310,0.383253,0.400367,0.275790,0.313561,0.413549,0.389881,0.395353,0.334402,0.338976,0.321467,0.393361,0.354706,0.340207,0.394651,0.391424,0.277284,0.429432,0.281587,0.359266,0.394221,0.358583,0.413074,0.355308,0.293435,0.320906,0.305442,#
21,0.454082,0.456314,0.432236,0.339836,0.447631,0.398411,0.413036,0.367574,0.341227,0.369214,0.362784,0.425513,0.287046,0.363558,0.343012,0.413992,0.398695,0.428457,0.385727,0.360593,0.416211,1.000000,0.326445,0.446083,0.471349,0.366122,0.350164,0.431396,0.346984,0.369462,0.393013,0.386786,0.342375,0.482372,0.412620,0.356882,0.383575,0.488047,0.316564,0.334440,0.397425,0.484559,0.364734,0.367095,0.397971,0.286048,0.444512,0.465401,0.392364,0.388433,0.374361,0.311313,0.463904,0.450754,0.374502,0.328270,0.373296,0.430861,0.376549,0.421785,0.360469,0.353092,0.405620,0.383219,0.430073,0.301953,0.410702,0.397791,0.438453,0.440145,0.472979,0.304913,0.375475,0.366714,0.391758,0.371668,0.353113,0.364662,0.400732,0.341693,0.450211,0.409290,0.352372,0.338776,0.366871,0.435698,0.364458,0.340106,0.432558,0.462662,0.295008,0.358119,0.407367,0.319754,0.371680,0.426868,0.329865,0.370206,0.492799,0.400267,0.463848,0.316016,0.283300,0.410827,0.386125,0.416454,0.312889,0.402435,0.359590,0.442666,0.340219,0.348210,0.488848,0.366483,0.282080,0.402046,0.486477,0.266540,0.444825,0.464850,0.335005,0.381030,0.232335,0.431743,0.352877,0.422174,0.445963,0.425147,0.374402,0.283898,0.401574,0.308503,0.355068,0.392666,0.405270,0.364664,0.401507,0.317083,0.360233,0.364910,0.309344,0.441127,0.424942,0.388240,0.430199,0.364683,0.364151,0.414170,0.364321,0.382362,0.372143,0.396576,0.393008,0.480367,0.357205,0.343049,0.338532,0.428648,0.386672,0.333324,0.492552,0.334797,0.345385,0.428057,0.380648,0.342033,0.226715,0.393078,0.357056,0.412743,0.460230,0.292161,0.445421,0.345311,0.383408,0.307299,0.430016,0.336235,0.429980,0.370153,0.345164,0.429179,0.290233,0.329437,0.397072,0.409201,0.392726,0.477609,0.436867,0.330151,0.442504,0.436972,0.384198,0.339825,0.468836,0.436634,0.377983,0.382265,0.323556,0.460896,#
