0,1.000000,0.850614,0.851435,0.820901,0.798003,0.839949,0.842281,0.839517,0.835053,0.814856,0.837137,0.854573,0.822101,0.813977,0.827751,0.824483,0.848012,0.858600,0.832904,0.836641,0.831424,0.805364,0.830885,0.842105,0.803334,0.812738,0.826741,0.833925,0.805464,0.838121,0.825695,0.842010,0.814418,0.812034,0.844709,0.822405,0.815233,0.815126,0.842214,0.855376,0.840922,0.808949,0.849355,0.809364,0.833970,0.802109,0.853019,0.838887,0.838272,0.854807,0.833937,0.826273,0.855294,0.853548,0.835464,0.853876,0.835744,0.859046,0.827464,0.823739,0.844992,0.814500,0.839759,0.831926,0.835129,0.839262,0.859068,0.852315,0.830310,0.805688,0.828904,0.817853,0.864754,0.851850,0.832698,0.824851,0.849102,0.835270,0.844017,0.829037,0.870853,0.834929,0.844051,0.851522,0.839484,0.865417,0.845290,0.830184,0.804428,0.821524,0.804880,0.818236,0.835636,0.823024,0.824424,0.831673,0.809444,0.815495,0.842821,0.855260,0.827664,0.820049,0.816036,0.836754,0.815374,0.818265,0.807508,0.852465,0.847419,0.800291,0.840237,0.825650,0.840357,0.811719,0.831574,0.862139,0.809663,0.823006,0.815617,0.816734,0.805667,0.882274,0.840643,0.861364,0.831205,0.823908,0.816009,0.817641,0.797695,0.817762,0.811848,0.839417,0.836015,0.811976,0.845748,0.829485,0.837730,0.838643,0.807620,0.847881,0.810688,0.820425,0.792542,0.853405,0.844133,0.761028,0.832529,0.785100,0.846677,0.809737,0.825826,0.837458,0.828638,0.790546,0.823788,0.810166,0.829673,0.849439,0.862025,0.837362,0.855864,0.852104,0.826640,0.830584,0.825099,0.844645,0.853179,0.821892,0.833438,0.828154,0.840095,0.829489,0.829461,0.857963,0.866699,0.820423,0.841150,0.853913,0.842633,0.814605,0.807709,0.847607,0.814904,0.812527,0.823867,0.806403,0.819912,0.830925,0.823287,0.834594,0.814343,0.840166,0.810440,0.835110,0.820484,0.826588,0.807378,0.842868,0.835308,0.836892,#
1,0.850614,1.000000,0.822465,0.846159,0.828316,0.845434,0.799614,0.834248,0.854367,0.833748,0.833735,0.834157,0.831945,0.820843,0.838111,0.819260,0.832234,0.827407,0.832478,0.844575,0.840468,0.855475,0.856101,0.846850,0.818245,0.808067,0.844698,0.846652,0.812859,0.806205,0.859171,0.853327,0.820337,0.844302,0.824396,0.843154,0.802477,0.839145,0.857386,0.850413,0.824853,0.803087,0.819449,0.814659,0.813851,0.817800,0.864546,0.839654,0.856716,0.857556,0.830740,0.860261,0.839968,0.819285,0.854643,0.840505,0.833962,0.850891,0.831326,0.818157,0.818910,0.830930,0.796669,0.801658,0.833666,0.843086,0.859453,0.849150,0.845640,0.854712,0.831669,0.835858,0.895641,0.809402,0.839588,0.834009,0.838101,0.834282,0.842733,0.818935,0.862205,0.832827,0.864374,0.861069,0.856398,0.838975,0.833690,0.836307,0.841897,0.829390,0.816519,0.815961,0.839301,0.839177,0.809189,0.818172,0.823050,0.820741,0.829288,0.835396,0.841149,0.835777,0.812221,0.827636,0.817571,0.824749,0.815739,0.859570,0.836120,0.810048,0.834630,0.818437,0.825800,0.824934,0.808887,0.840302,0.837278,0.848537,0.814380,0.776072,0.844186,0.847283,0.819920,0.846546,0.814363,0.806882,0.817607,0.832878,0.830607,0.841747,0.806511,0.850909,0.817190,0.824360,0.845243,0.828728,0.824412,0.837823,0.829453,0.813347,0.853310,0.822636,0.818079,0.837608,0.822636,0.802341,0.826730,0.796708,0.840210,0.803023,0.840432,0.859587,0.841889,0.785724,0.855963,0.811923,0.851804,0.853673,0.814937,0.819134,0.833877,0.858264,0.833239,0.849683,0.838366,0.820151,0.837811,0.824699,0.802362,0.824203,0.830956,0.810266,0.828084,0.859896,0.840975,0.824219,0.837585,0.865110,0.809955,0.813005,0.823993,0.822903,0.822520,0.812352,0.807135,0.846739,0.822724,0.781380,0.844727,0.834629,0.846601,0.832519,0.808748,0.828514,0.853094,0.790644,0.807974,0.855994,0.821518,0.840740,#
2,0.851435,0.822465,1.000000,0.827238,0.815329,0.828937,0.817622,0.843537,0.832698,0.823464,0.801560,0.802496,0.798943,0.823446,0.826983,0.797562,0.815222,0.838636,0.811752,0.832817,0.825424,0.807238,0.802924,0.842769,0.796084,0.797241,0.851431,0.846778,0.834587,0.829255,0.831703,0.835677,0.830536,0.816732,0.819612,0.817601,0.810592,0.820588,0.862450,0.837901,0.813288,0.812531,0.821838,0.801016,0.801694,0.818811,0.873343,0.792609,0.813503,0.862031,0.825982,0.819055,0.831904,0.851505,0.860612,0.841221,0.842256,0.827862,0.812337,0.816359,0.867156,0.830125,0.813773,0.830861,0.827152,0.830406,0.834260,0.818729,0.828793,0.837890,0.845322,0.805303,0.856900,0.832381,0.848198,0.823781,0.835677,0.824629,0.822060,0.852200,0.851152,0.846464,0.862783,0.831259,0.854873,0.841980,0.831230,0.854755,0.817004,0.806049,0.831874,0.816325,0.853292,0.809134,0.844016,0.809382,0.806983,0.799787,0.861449,0.835535,0.832683,0.796255,0.800376,0.817221,0.798325,0.856469,0.834512,0.825350,0.834090,0.789127,0.836403,0.782308,0.854601,0.799306,0.809980,0.798696,0.807531,0.826912,0.827076,0.775687,0.807709,0.819560,0.800442,0.858015,0.814322,0.788642,0.809485,0.815410,0.816895,0.838785,0.832470,0.852581,0.848904,0.850446,0.849642,0.819939,0.830810,0.826187,0.828000,0.811945,0.817039,0.832629,0.782794,0.806833,0.812440,0.818663,0.815304,0.790367,0.824339,0.823843,0.829311,0.839011,0.830106,0.818463,0.806453,0.825277,0.824267,0.813057,0.816456,0.804788,0.805533,0.800556,0.828254,0.824982,0.792216,0.824882,0.838921,0.793573,0.804039,0.803875,0.827456,0.800914,0.832177,0.812158,0.841830,0.822540,0.810007,0.838893,0.824101,0.797463,0.799224,0.858343,0.776274,0.840892,0.800232,0.822981,0.816519,0.793686,0.820715,0.819285,0.817696,0.819524,0.846690,0.836821,0.806546,0.817661,0.798732,0.836008,0.797153,0.830686,#
3,0.820901,0.846159,0.827238,1.000000,0.840879,0.823133,0.813938,0.836609,0.843614,0.822356,0.805732,0.830328,0.827917,0.808535,0.813716,0.811838,0.821324,0.824507,0.836241,0.818257,0.832362,0.844208,0.806555,0.806052,0.829015,0.825417,0.842361,0.835658,0.820370,0.815416,0.831612,0.854212,0.812239,0.845757,0.830958,0.822699,0.787223,0.828425,0.816317,0.859273,0.823736,0.818968,0.820982,0.820830,0.817613,0.838236,0.862569,0.824959,0.846849,0.823749,0.839035,0.788166,0.838745,0.813089,0.835633,0.847867,0.808109,0.840492,0.864792,0.822325,0.825373,0.806949,0.793536,0.812920,0.854399,0.827016,0.814476,0.816456,0.794515,0.836680,0.815367,0.836269,0.873693,0.827335,0.822363,0.806330,0.819881,0.826614,0.826888,0.840367,0.853929,0.818354,0.841629,0.851651,0.839342,0.842581,0.831162,0.816185,0.803081,0.817845,0.809415,0.817576,0.843088,0.841274,0.826681,0.825911,0.791726,0.803207,0.816436,0.821173,0.808245,0.803130,0.786377,0.799670,0.842684,0.823311,0.817831,0.845061,0.814087,0.803809,0.808317,0.794813,0.818413,0.817032,0.816550,0.834478,0.807590,0.820320,0.825147,0.776247,0.792558,0.842159,0.798127,0.824850,0.796628,0.808420,0.818323,0.835450,0.812632,0.822839,0.811863,0.844315,0.809634,0.835206,0.853305,0.843661,0.852115,0.804404,0.807295,0.804446,0.796731,0.830931,0.816940,0.805133,0.796258,0.843450,0.801567,0.819406,0.829002,0.801608,0.808669,0.830380,0.819047,0.796487,0.835097,0.783086,0.838916,0.828967,0.820253,0.824228,0.831592,0.826150,0.801287,0.847493,0.818182,0.825096,0.829321,0.784620,0.815396,0.806600,0.839415,0.817986,0.816478,0.831042,0.811242,0.833201,0.819171,0.836474,0.826642,0.803322,0.797478,0.844745,0.788913,0.810203,0.797203,0.817172,0.812170,0.769454,0.843040,0.858261,0.817266,0.817230,0.807463,0.813155,0.822573,0.819486,0.809222,0.830340,0.803417,0.838389,#
4,0.798003,0.828316,0.815329,0.840879,1.000000,0.831001,0.829765,0.816588,0.803975,0.818234,0.789209,0.828940,0.796471,0.814960,0.797887,0.823810,0.816500,0.832025,0.816709,0.848389,0.841303,0.825207,0.802851,0.828525,0.793925,0.787927,0.827542,0.802795,0.823592,0.801126,0.855772,0.833702,0.844755,0.807357,0.796154,0.817636,0.786680,0.811393,0.819366,0.840475,0.818292,0.786512,0.807391,0.829017,0.811485,0.820460,0.844283,0.810332,0.824329,0.813420,0.821852,0.807274,0.842110,0.794165,0.834665,0.831079,0.805213,0.826459,0.845151,0.823411,0.802786,0.829022,0.808715,0.784945,0.844755,0.842751,0.830553,0.806425,0.796495,0.824063,0.832258,0.830452,0.839216,0.806193,0.815270,0.801293,0.815300,0.824183,0.839207,0.833312,0.810845,0.827430,0.838833,0.807020,0.839492,0.807895,0.795466,0.791529,0.815729,0.809129,0.793787,0.787695,0.809375,0.804652,0.804734,0.818375,0.817184,0.790943,0.798528,0.822039,0.841900,0.822206,0.798840,0.803483,0.810359,0.802314,0.825079,0.827948,0.810660,0.810648,0.797861,0.800993,0.826961,0.844801,0.793803,0.815443,0.809279,0.858402,0.780193,0.768810,0.803622,0.821024,0.834459,0.831644,0.793023,0.805692,0.805372,0.822766,0.853894,0.838019,0.848117,0.826552,0.806723,0.824213,0.856517,0.832977,0.824265,0.808365,0.806631,0.782743,0.775684,0.833392,0.805570,0.811198,0.793343,0.789675,0.833141,0.762854,0.801376,0.830908,0.807777,0.863032,0.797956,0.781734,0.845411,0.799301,0.842946,0.805998,0.822803,0.812106,0.788036,0.818956,0.846415,0.818304,0.805763,0.795260,0.810802,0.794156,0.790073,0.813143,0.821422,0.811731,0.824994,0.808454,0.852539,0.831600,0.820190,0.841539,0.811800,0.793990,0.819771,0.811351,0.802784,0.794505,0.841269,0.826285,0.789432,0.814159,0.796069,0.815080,0.792126,0.784703,0.800250,0.825097,0.809861,0.770201,0.799417,0.811940,0.832753,0.808225,#
5,0.839949,0.845434,0.828937,0.823133,0.831001,1.000000,0.789143,0.836042,0.821399,0.805665,0.803494,0.814652,0.795593,0.798956,0.812390,0.819942,0.825690,0.838640,0.799283,0.857757,0.824965,0.791880,0.803483,0.838734,0.816369,0.823035,0.862707,0.849064,0.799454,0.824048,0.848169,0.864707,0.839051,0.845465,0.799957,0.839265,0.800105,0.797831,0.828759,0.831608,0.833329,0.803563,0.782555,0.818006,0.829827,0.834115,0.856068,0.844516,0.842741,0.828019,0.837118,0.790260,0.831946,0.852929,0.813157,0.880355,0.829490,0.831818,0.859379,0.840381,0.798092,0.829266,0.819848,0.839075,0.827828,0.816381,0.819109,0.836535,0.824541,0.824065,0.838226,0.820713,0.873898,0.813741,0.820463,0.810882,0.835510,0.857626,0.825346,0.827863,0.863239,0.835417,0.847066,0.838446,0.815243,0.829661,0.824413,0.830850,0.839425,0.814319,0.800802,0.804646,0.847926,0.839472,0.801929,0.770373,0.821278,0.823533,0.859873,0.822742,0.845300,0.827273,0.840362,0.837882,0.817153,0.828937,0.832064,0.841661,0.799321,0.819745,0.806871,0.837514,0.817053,0.792810,0.781736,0.807628,0.842990,0.836149,0.798364,0.784088,0.802502,0.845953,0.821553,0.866443,0.790154,0.807560,0.846801,0.810381,0.813045,0.815178,0.832971,0.867521,0.852986,0.851350,0.840979,0.819376,0.819905,0.832825,0.806111,0.796847,0.812190,0.798707,0.819015,0.829614,0.860614,0.772874,0.795292,0.789292,0.840659,0.830599,0.840751,0.839993,0.812727,0.800372,0.820114,0.791465,0.865754,0.830497,0.831576,0.820871,0.828668,0.846659,0.826310,0.824440,0.841593,0.801857,0.781987,0.838094,0.806947,0.806788,0.858629,0.819645,0.806634,0.819841,0.836171,0.817247,0.822931,0.857160,0.836793,0.822997,0.839098,0.832094,0.787397,0.803184,0.828044,0.835466,0.805440,0.806980,0.824790,0.840217,0.804965,0.837215,0.796163,0.839554,0.787460,0.815012,0.792621,0.834474,0.821044,0.818352,#
6,0.842281,0.799614,0.817622,0.813938,0.829765,0.789143,1.000000,0.791461,0.820945,0.807999,0.807483,0.813222,0.806197,0.825860,0.772644,0.824662,0.834771,0.850024,0.814296,0.814396,0.852332,0.792064,0.778385,0.808843,0.815729,0.808794,0.817108,0.820572,0.801032,0.824226,0.832121,0.839433,0.816316,0.820762,0.808539,0.830898,0.799981,0.807760,0.816395,0.837377,0.815282,0.804632,0.837755,0.807955,0.827272,0.776929,0.842852,0.803703,0.850721,0.848328,0.825456,0.830949,0.841824,0.783213,0.829951,0.823368,0.827916,0.847360,0.843885,0.785979,0.835479,0.811089,0.789738,0.802258,0.864393,0.814429,0.864943,0.817714,0.819108,0.804863,0.824496,0.829573,0.836705,0.826478,0.798292,0.818313,0.836024,0.824060,0.837905,0.811784,0.840789,0.827130,0.826772,0.844124,0.818619,0.820093,0.822613,0.803835,0.815555,0.806424,0.783019,0.803055,0.789822,0.803262,0.800059,0.803166,0.820554,0.812224,0.816933,0.826591,0.830852,0.820374,0.822622,0.803396,0.819661,0.778480,0.828311,0.820271,0.814349,0.773655,0.787078,0.784775,0.789777,0.810657,0.793900,0.792742,0.803533,0.834473,0.790691,0.790878,0.809150,0.808911,0.792805,0.844905,0.826826,0.815350,0.779766,0.817111,0.788391,0.805878,0.825643,0.826802,0.812778,0.791325,0.830512,0.826745,0.834341,0.806514,0.833906,0.820524,0.822327,0.815642,0.765346,0.803047,0.803643,0.808675,0.810656,0.797645,0.803725,0.797176,0.807068,0.848680,0.782005,0.764613,0.797275,0.782480,0.820206,0.784779,0.830343,0.823789,0.825126,0.817956,0.800745,0.824946,0.820308,0.825760,0.844475,0.766717,0.816478,0.797693,0.832322,0.816323,0.781630,0.796117,0.825538,0.821328,0.811690,0.842359,0.809468,0.806125,0.815948,0.814026,0.817460,0.829871,0.798357,0.798836,0.789375,0.800952,0.781138,0.813795,0.788224,0.816639,0.785587,0.816888,0.817888,0.813993,0.804476,0.825990,0.818644,0.816774,#
7,0.839517,0.834248,0.843537,0.836609,0.816588,0.836042,0.791461,1.000000,0.852208,0.804746,0.806519,0.807022,0.828222,0.824653,0.836356,0.784597,0.833790,0.842115,0.832090,0.831371,0.842193,0.816119,0.843796,0.824922,0.828225,0.840284,0.837087,0.834046,0.821103,0.840292,0.812630,0.840486,0.815247,0.826995,0.813203,0.823457,0.806994,0.814227,0.844133,0.833890,0.827794,0.820931,0.808749,0.830178,0.818977,0.826075,0.857230,0.844676,0.833948,0.825524,0.836381,0.801683,0.834571,0.859717,0.848639,0.841736,0.829631,0.833180,0.835945,0.840847,0.792037,0.829899,0.823003,0.815831,0.837442,0.838014,0.849393,0.825143,0.832563,0.818971,0.844025,0.779753,0.875003,0.842719,0.844462,0.820718,0.842350,0.828251,0.825808,0.821641,0.867432,0.832070,0.851867,0.840157,0.827997,0.836536,0.857374,0.831909,0.828426,0.829072,0.811054,0.828238,0.843464,0.820320,0.844383,0.814619,0.826162,0.846797,0.843519,0.827162,0.839465,0.805297,0.802947,0.811984,0.828920,0.818299,0.826249,0.846940,0.826159,0.793032,0.865747,0.796339,0.849295,0.815490,0.814621,0.827983,0.815632,0.813045,0.811888,0.807420,0.833613,0.834655,0.808823,0.855519,0.835445,0.824506,0.814282,0.839120,0.796932,0.808539,0.832636,0.839258,0.846093,0.797477,0.849235,0.859543,0.837324,0.843994,0.804847,0.822232,0.811827,0.836013,0.827723,0.821185,0.831872,0.812947,0.837641,0.766931,0.838048,0.817635,0.807747,0.839261,0.835440,0.784301,0.819580,0.843624,0.844573,0.837213,0.833469,0.818074,0.842937,0.803623,0.866048,0.813583,0.831293,0.814088,0.843861,0.803952,0.789041,0.798183,0.869792,0.816375,0.818830,0.841014,0.829370,0.825485,0.818993,0.820504,0.829521,0.807536,0.825718,0.836991,0.804023,0.818833,0.806046,0.832002,0.826325,0.787353,0.836138,0.848682,0.833650,0.819844,0.796586,0.817919,0.828929,0.814888,0.813894,0.863441,0.836251,0.821674,#
8,0.835053,0.854367,0.832698,0.843614,0.803975,0.821399,0.820945,0.852208,1.000000,0.837873,0.816854,0.835283,0.821273,0.837044,0.820909,0.836017,0.826437,0.848446,0.801855,0.841217,0.842529,0.837319,0.813229,0.824588,0.822764,0.829315,0.837338,0.829130,0.827809,0.817886,0.826898,0.849211,0.813500,0.824069,0.800911,0.853660,0.818612,0.824451,0.820242,0.848704,0.812381,0.800660,0.869201,0.813497,0.807201,0.794819,0.831276,0.820831,0.834785,0.833694,0.847829,0.819433,0.826876,0.852793,0.829203,0.854091,0.826123,0.844551,0.811419,0.805228,0.837117,0.820175,0.843466,0.825134,0.851319,0.854993,0.839064,0.852273,0.856276,0.836349,0.831711,0.835021,0.877458,0.844601,0.823770,0.802418,0.830037,0.842191,0.842693,0.829044,0.852038,0.829019,0.833221,0.850556,0.847742,0.840421,0.818753,0.838440,0.798942,0.810516,0.818169,0.813154,0.821181,0.815036,0.814364,0.811070,0.825805,0.843536,0.867148,0.844657,0.838225,0.790734,0.832708,0.852240,0.800059,0.836583,0.835484,0.845787,0.798091,0.825131,0.822997,0.814052,0.837763,0.813329,0.798031,0.838833,0.821192,0.818410,0.808720,0.821326,0.805952,0.821757,0.820068,0.855021,0.817381,0.839271,0.803155,0.818001,0.836729,0.821248,0.811358,0.839942,0.839652,0.825699,0.861689,0.842065,0.834992,0.824524,0.807684,0.835397,0.812422,0.828882,0.823278,0.807424,0.832470,0.786561,0.816462,0.808282,0.836575,0.821409,0.800218,0.860437,0.797210,0.837316,0.831756,0.798809,0.838955,0.843641,0.854152,0.832228,0.833214,0.804286,0.843722,0.829214,0.808592,0.808447,0.831814,0.820281,0.833182,0.800030,0.841181,0.839840,0.800524,0.833633,0.858513,0.828995,0.823091,0.855612,0.832891,0.799376,0.822674,0.832138,0.795592,0.823280,0.828544,0.814750,0.840417,0.798381,0.832521,0.850428,0.837230,0.834761,0.837017,0.829363,0.807908,0.810731,0.781881,0.835165,0.820865,0.858556,#
9,0.814856,0.833748,0.823464,0.822356,0.818234,0.805665,0.807999,0.804746,0.837873,1.000000,0.794219,0.798120,0.813590,0.813097,0.832315,0.809186,0.819852,0.823196,0.817980,0.810406,0.850078,0.804362,0.801450,0.833364,0.797781,0.786613,0.826654,0.854256,0.797194,0.820676,0.807424,0.838872,0.818105,0.831117,0.812421,0.823079,0.795744,0.798059,0.827662,0.842248,0.827103,0.803687,0.799894,0.798581,0.826495,0.785855,0.833984,0.804120,0.801614,0.820040,0.804986,0.791127,0.789403,0.812297,0.817881,0.824114,0.824903,0.864536,0.804549,0.810122,0.817850,0.812368,0.811455,0.799513,0.810125,0.852772,0.844638,0.837502,0.842342,0.811092,0.833702,0.810476,0.845640,0.805747,0.815480,0.800798,0.820632,0.848264,0.827224,0.854905,0.824599,0.828711,0.815233,0.856880,0.840006,0.813446,0.818461,0.855017,0.803454,0.782095,0.803794,0.799038,0.828619,0.803429,0.813656,0.786129,0.797460,0.808507,0.828853,0.814870,0.837562,0.816904,0.826594,0.813306,0.822150,0.834660,0.807281,0.823381,0.845338,0.833182,0.820615,0.822655,0.838594,0.811239,0.778288,0.838086,0.774397,0.801063,0.777230,0.781951,0.795876,0.820448,0.814446,0.846387,0.817173,0.796408,0.811197,0.792711,0.836301,0.803378,0.814414,0.838641,0.817007,0.832032,0.843488,0.801851,0.819465,0.799205,0.800465,0.810226,0.820443,0.853793,0.815510,0.833692,0.803443,0.813315,0.822183,0.798522,0.819283,0.798219,0.787191,0.811299,0.813771,0.797966,0.823238,0.808561,0.808156,0.826916,0.819814,0.827635,0.826359,0.832182,0.822157,0.816241,0.818661,0.826631,0.796118,0.808032,0.826221,0.790837,0.837036,0.819453,0.798400,0.797404,0.832489,0.849485,0.812565,0.851097,0.810791,0.822529,0.829051,0.810477,0.816192,0.792281,0.798330,0.833159,0.779126,0.782415,0.846387,0.803393,0.811374,0.822505,0.782355,0.795186,0.793423,0.781081,0.801825,0.824931,0.800618,0.807234,#
10,0.837137,0.833735,0.801560,0.805732,0.789209,0.803494,0.807483,0.806519,0.816854,0.794219,1.000000,0.812715,0.785483,0.796457,0.772557,0.807527,0.825153,0.798043,0.812068,0.804860,0.811130,0.782796,0.802776,0.834057,0.780820,0.795734,0.818089,0.844418,0.795649,0.816568,0.810059,0.811827,0.797766,0.823542,0.812301,0.815521,0.800528,0.817413,0.810631,0.804438,0.819840,0.775953,0.796775,0.783052,0.810051,0.806349,0.866489,0.819299,0.829310,0.861477,0.790204,0.815138,0.824584,0.783700,0.821565,0.846470,0.819016,0.854800,0.778419,0.810576,0.812885,0.818820,0.840638,0.825774,0.829496,0.791509,0.835331,0.799129,0.828334,0.807365,0.826432,0.822854,0.860437,0.770114,0.803526,0.834795,0.806968,0.833154,0.824330,0.798223,0.857427,0.811866,0.818932,0.822376,0.810556,0.806617,0.826473,0.812501,0.797194,0.837387,0.775008,0.818650,0.839002,0.787763,0.786057,0.809665,0.782234,0.823298,0.832043,0.835958,0.809961,0.787239,0.797985,0.831034,0.826206,0.794942,0.811359,0.814363,0.804967,0.796260,0.799310,0.780355,0.814454,0.800663,0.782812,0.831150,0.783117,0.804502,0.803890,0.773625,0.800434,0.829073,0.775439,0.835224,0.763341,0.805130,0.813473,0.813640,0.809528,0.795022,0.784249,0.820867,0.798297,0.794138,0.841092,0.859584,0.812278,0.793804,0.813625,0.821005,0.833270,0.808194,0.770420,0.805925,0.771852,0.785900,0.822969,0.784112,0.821014,0.809959,0.785917,0.815152,0.809121,0.789596,0.819602,0.785392,0.838605,0.834076,0.811352,0.787333,0.839168,0.799990,0.804036,0.809218,0.800784,0.801974,0.823575,0.795166,0.817931,0.824785,0.809098,0.818194,0.764112,0.804560,0.837694,0.805180,0.802127,0.831967,0.787148,0.827546,0.789453,0.788913,0.807101,0.784047,0.761399,0.808364,0.809642,0.797475,0.768941,0.818750,0.808239,0.784202,0.783453,0.820110,0.813251,0.791236,0.783248,0.827588,0.808453,0.831071,#
11,0.854573,0.834157,0.802496,0.830328,0.828940,0.814652,0.813222,0.807022,0.835283,0.798120,0.812715,1.000000,0.830213,0.809250,0.817291,0.816767,0.829555,0.854956,0.856169,0.829264,0.820224,0.795704,0.829608,0.811621,0.819701,0.805814,0.807349,0.822071,0.828972,0.799504,0.833432,0.848866,0.829880,0.828278,0.788643,0.819074,0.832308,0.836519,0.812013,0.840523,0.828993,0.786744,0.824079,0.797292,0.805368,0.788530,0.872982,0.834871,0.819769,0.849238,0.819411,0.795848,0.862629,0.817178,0.837436,0.840108,0.805648,0.866270,0.820823,0.825174,0.801175,0.797279,0.851202,0.802078,0.841373,0.826021,0.832460,0.829385,0.842338,0.825937,0.839093,0.801617,0.843382,0.826798,0.847101,0.793647,0.846418,0.847195,0.824487,0.792203,0.835651,0.817789,0.838593,0.828447,0.855751,0.814771,0.796344,0.794085,0.800907,0.787365,0.800308,0.823043,0.823050,0.795821,0.795455,0.839761,0.804470,0.823969,0.816645,0.823051,0.809530,0.814229,0.827216,0.825864,0.833374,0.821838,0.826290,0.851510,0.833393,0.809792,0.845336,0.826504,0.834370,0.795705,0.770816,0.826230,0.809732,0.821862,0.793517,0.816152,0.782246,0.824237,0.813719,0.845508,0.810146,0.815325,0.817771,0.822962,0.825404,0.836112,0.834150,0.826716,0.844425,0.828267,0.842932,0.838020,0.851021,0.813634,0.813021,0.818480,0.806764,0.800665,0.817677,0.833485,0.829461,0.771234,0.838626,0.799004,0.825300,0.822102,0.800305,0.822679,0.813093,0.831102,0.843166,0.792552,0.838630,0.810707,0.821475,0.802843,0.830557,0.829781,0.841252,0.819769,0.846178,0.796576,0.840475,0.779194,0.827499,0.842407,0.839872,0.821174,0.828707,0.856362,0.825851,0.823650,0.821573,0.832175,0.809954,0.826091,0.814546,0.800104,0.821613,0.801746,0.831873,0.788556,0.817428,0.831694,0.804945,0.805436,0.838328,0.819888,0.811750,0.819647,0.799898,0.802865,0.801116,0.821062,0.817683,0.808042,#
12,0.822101,0.831945,0.798943,0.827917,0.796471,0.795593,0.806197,0.828222,0.821273,0.813590,0.785483,0.830213,1.000000,0.822052,0.821823,0.791700,0.819171,0.833594,0.830551,0.815198,0.835731,0.785323,0.829049,0.830557,0.803350,0.821560,0.801534,0.818865,0.823510,0.786089,0.814111,0.820260,0.818555,0.834310,0.810860,0.820006,0.808260,0.810966,0.820557,0.827952,0.769326,0.760456,0.792588,0.813667,0.809865,0.813914,0.849206,0.802493,0.826053,0.828825,0.847593,0.777332,0.805636,0.816819,0.829086,0.827338,0.812483,0.817492,0.826532,0.791695,0.776414,0.813713,0.804603,0.780318,0.835708,0.816235,0.815493,0.809475,0.837255,0.813409,0.822309,0.797291,0.846908,0.807248,0.834396,0.807898,0.828966,0.817971,0.823335,0.816248,0.839529,0.811133,0.846084,0.828055,0.795087,0.826462,0.794575,0.810693,0.806785,0.783934,0.807140,0.800901,0.827443,0.779170,0.779635,0.824675,0.829620,0.806983,0.797547,0.799084,0.790162,0.821036,0.804269,0.820431,0.790004,0.806935,0.800060,0.819306,0.828114,0.806698,0.820171,0.793428,0.818640,0.785009,0.833021,0.816195,0.771547,0.795199,0.791965,0.781343,0.792588,0.830292,0.793468,0.843735,0.813987,0.823037,0.810006,0.781705,0.781343,0.806779,0.774923,0.801003,0.792092,0.802754,0.800017,0.811581,0.804643,0.827729,0.797476,0.776791,0.818451,0.817308,0.797974,0.817102,0.792133,0.799427,0.820151,0.763421,0.817715,0.819718,0.806124,0.811285,0.811834,0.762444,0.815367,0.823004,0.838127,0.828468,0.842645,0.793734,0.816909,0.835123,0.832761,0.809150,0.843787,0.775264,0.801492,0.823627,0.784926,0.790890,0.838278,0.797894,0.803204,0.827584,0.814784,0.801817,0.831878,0.846269,0.781564,0.758422,0.794935,0.831945,0.802606,0.793830,0.753831,0.802186,0.779385,0.817257,0.819722,0.814027,0.794512,0.798183,0.766237,0.803784,0.784873,0.807701,0.785304,0.828763,0.828611,0.780924,#
13,0.813977,0.820843,0.823446,0.808535,0.814960,0.798956,0.825860,0.824653,0.837044,0.813097,0.796457,0.809250,0.822052,1.000000,0.797778,0.798826,0.807240,0.853270,0.841986,0.809720,0.831538,0.803857,0.848683,0.821870,0.803996,0.811104,0.807967,0.835829,0.835716,0.854033,0.795853,0.827997,0.837911,0.840268,0.774713,0.818488,0.799127,0.836887,0.827562,0.841186,0.856052,0.795438,0.834046,0.801334,0.836948,0.814819,0.829640,0.831586,0.850738,0.839245,0.825421,0.837763,0.820196,0.818342,0.853809,0.861010,0.833415,0.845061,0.824973,0.816005,0.818289,0.811891,0.802635,0.818918,0.855990,0.831774,0.834647,0.821747,0.850334,0.813700,0.805062,0.813605,0.837635,0.840415,0.837606,0.809875,0.828506,0.833895,0.844752,0.826901,0.834692,0.820986,0.858596,0.843565,0.828129,0.838269,0.796186,0.802144,0.840360,0.815539,0.800881,0.817934,0.829788,0.823677,0.807761,0.786745,0.817528,0.806118,0.822780,0.845427,0.827021,0.816229,0.829941,0.841067,0.822278,0.846079,0.812807,0.841028,0.808926,0.800747,0.831200,0.810472,0.827852,0.819136,0.809121,0.828522,0.785192,0.840494,0.826973,0.796332,0.810568,0.816558,0.800666,0.807925,0.803193,0.796723,0.814747,0.798072,0.807484,0.808272,0.813407,0.812390,0.815751,0.811519,0.845409,0.829190,0.810335,0.823343,0.854672,0.802592,0.810039,0.839927,0.833016,0.796613,0.783619,0.798242,0.836657,0.791827,0.826704,0.816310,0.811991,0.849619,0.800377,0.805496,0.819788,0.805836,0.833632,0.810429,0.845098,0.799028,0.842390,0.813631,0.833278,0.823955,0.823775,0.812886,0.829710,0.806798,0.825170,0.791824,0.834212,0.834410,0.833346,0.830152,0.853353,0.834229,0.825808,0.867333,0.817020,0.810877,0.811732,0.820181,0.829392,0.799874,0.807268,0.822316,0.799382,0.815022,0.789015,0.812864,0.837237,0.814550,0.815293,0.829119,0.822073,0.795961,0.804504,0.839350,0.822424,0.804798,#
14,0.827751,0.838111,0.826983,0.813716,0.797887,0.812390,0.772644,0.836356,0.820909,0.832315,0.772557,0.817291,0.821823,0.797778,1.000000,0.803432,0.815062,0.804693,0.791732,0.802100,0.825537,0.801209,0.806442,0.837285,0.801450,0.765059,0.815937,0.811153,0.814420,0.810381,0.835386,0.818681,0.808274,0.805121,0.813538,0.815242,0.777011,0.813637,0.836646,0.814737,0.794763,0.780214,0.801173,0.810049,0.807622,0.802352,0.819232,0.787670,0.793119,0.803304,0.794405,0.793762,0.798825,0.841271,0.819194,0.813529,0.802782,0.805845,0.817014,0.783723,0.802222,0.818034,0.808387,0.803156,0.801128,0.804676,0.804997,0.813607,0.824479,0.820714,0.819215,0.789376,0.854825,0.813551,0.830412,0.790243,0.830491,0.827054,0.805418,0.796566,0.831404,0.826186,0.841239,0.845835,0.822598,0.819195,0.789854,0.814307,0.813977,0.765476,0.783293,0.766606,0.829356,0.836726,0.811296,0.805324,0.817511,0.799031,0.818650,0.799926,0.811105,0.805603,0.818876,0.779445,0.810863,0.806781,0.790354,0.798282,0.810060,0.799480,0.820920,0.807338,0.831937,0.794407,0.764299,0.816178,0.788837,0.785650,0.782499,0.778207,0.804476,0.828830,0.800457,0.828915,0.815279,0.753202,0.803868,0.833524,0.779699,0.809952,0.779414,0.830906,0.795262,0.807478,0.825480,0.821189,0.819809,0.813558,0.803051,0.803480,0.795788,0.817464,0.768181,0.822458,0.792273,0.810127,0.830850,0.763981,0.823120,0.775106,0.815149,0.806654,0.790587,0.785067,0.818262,0.801510,0.810602,0.808915,0.783989,0.796364,0.810753,0.787546,0.827128,0.794208,0.811783,0.789878,0.795640,0.790861,0.767601,0.820343,0.822062,0.783636,0.809859,0.829768,0.834837,0.831227,0.809006,0.826621,0.799384,0.775408,0.812982,0.831412,0.795058,0.782030,0.790824,0.800524,0.804657,0.765001,0.801574,0.802506,0.779273,0.792366,0.811860,0.822781,0.785024,0.781293,0.795118,0.812697,0.786714,0.761182,#
15,0.824483,0.819260,0.797562,0.811838,0.823810,0.819942,0.824662,0.784597,0.836017,0.809186,0.807527,0.816767,0.791700,0.798826,0.803432,1.000000,0.804177,0.834111,0.802180,0.810556,0.811573,0.812821,0.802241,0.814599,0.808798,0.790602,0.785248,0.811229,0.811367,0.812958,0.834382,0.842667,0.813660,0.840717,0.772856,0.843347,0.817552,0.825428,0.815805,0.800379,0.784868,0.771186,0.821172,0.795839,0.830409,0.792160,0.836313,0.812973,0.828383,0.827250,0.801561,0.816018,0.800630,0.811538,0.816422,0.811971,0.814611,0.814409,0.807261,0.794163,0.826744,0.817520,0.804170,0.825634,0.819418,0.827687,0.817278,0.824657,0.811518,0.779524,0.817443,0.782600,0.808508,0.803023,0.812500,0.806382,0.834178,0.826676,0.837871,0.802749,0.829487,0.814755,0.817282,0.839154,0.839041,0.803913,0.777072,0.822781,0.793881,0.766647,0.768730,0.791357,0.827096,0.811971,0.764132,0.797682,0.792206,0.809581,0.811423,0.820332,0.821610,0.794460,0.828184,0.825579,0.788155,0.798602,0.806720,0.830672,0.785697,0.824120,0.782376,0.777122,0.818588,0.809221,0.773170,0.792424,0.780840,0.811859,0.775792,0.816685,0.788840,0.806398,0.793455,0.832801,0.781593,0.797799,0.812119,0.782484,0.819813,0.839980,0.800073,0.795635,0.793317,0.772687,0.822955,0.820960,0.813536,0.778890,0.786772,0.803757,0.780798,0.783653,0.777241,0.795936,0.803288,0.786951,0.790741,0.775191,0.818307,0.790308,0.817213,0.832739,0.805697,0.799163,0.806516,0.779884,0.837243,0.802162,0.816778,0.806250,0.802878,0.818343,0.836413,0.792341,0.810359,0.791070,0.818191,0.796230,0.817199,0.789838,0.791506,0.824822,0.757078,0.826353,0.811154,0.841734,0.809436,0.832907,0.811055,0.804455,0.811047,0.816267,0.789584,0.817374,0.811304,0.785960,0.759969,0.770430,0.761254,0.808949,0.784589,0.819957,0.786331,0.793088,0.781497,0.788324,0.806104,0.807937,0.826007,0.823238,#
16,0.848012,0.832234,0.815222,0.821324,0.816500,0.825690,0.834771,0.833790,0.826437,0.819852,0.825153,0.829555,0.819171,0.807240,0.815062,0.804177,1.000000,0.851297,0.832900,0.841602,0.877077,0.804375,0.792087,0.831097,0.822638,0.834200,0.840922,0.805488,0.795770,0.819521,0.842516,0.847493,0.834237,0.815655,0.810159,0.830688,0.841548,0.830304,0.842196,0.842844,0.820590,0.809197,0.818290,0.807645,0.817567,0.821875,0.834266,0.813050,0.843656,0.848169,0.805452,0.814927,0.829060,0.846745,0.832985,0.848743,0.788630,0.838795,0.832641,0.793976,0.823884,0.839829,0.812337,0.796117,0.826072,0.820038,0.849088,0.828626,0.853221,0.834318,0.831252,0.803655,0.863108,0.822299,0.833387,0.811896,0.828236,0.849200,0.826625,0.849916,0.869957,0.830046,0.854610,0.845924,0.833606,0.829026,0.850051,0.794616,0.807726,0.825356,0.788920,0.815189,0.840933,0.810668,0.817886,0.841511,0.811518,0.827044,0.847325,0.832029,0.827100,0.816813,0.820220,0.838840,0.813625,0.848108,0.834193,0.825335,0.857654,0.810314,0.837815,0.817261,0.842489,0.815506,0.833927,0.846510,0.851393,0.837159,0.801910,0.755924,0.799071,0.828141,0.818499,0.843818,0.838341,0.810889,0.798717,0.796930,0.821621,0.797983,0.842834,0.826106,0.831605,0.803081,0.846452,0.856723,0.832234,0.807660,0.800676,0.803568,0.817097,0.819186,0.817683,0.821109,0.801822,0.788030,0.842751,0.802841,0.836096,0.818958,0.799382,0.840607,0.787938,0.797232,0.855715,0.810680,0.845958,0.821587,0.824031,0.823024,0.829753,0.808581,0.854794,0.809930,0.833628,0.836560,0.827658,0.827431,0.825210,0.802486,0.822163,0.841634,0.818062,0.834964,0.829943,0.825311,0.807065,0.880926,0.821899,0.805579,0.812763,0.812298,0.816366,0.814149,0.790015,0.813787,0.826349,0.820697,0.824420,0.820908,0.832097,0.811397,0.816481,0.822635,0.824438,0.820131,0.826037,0.836614,0.825744,0.823416,#
17,0.858600,0.827407,0.838636,0.824507,0.832025,0.838640,0.850024,0.842115,0.848446,0.823196,0.798043,0.854956,0.833594,0.853270,0.804693,0.834111,0.851297,1.000000,0.824972,0.859311,0.849203,0.811365,0.839102,0.816617,0.860783,0.845227,0.847089,0.843386,0.824196,0.838942,0.848034,0.859293,0.812584,0.821621,0.804330,0.845800,0.810894,0.843810,0.861862,0.870213,0.842939,0.838356,0.835813,0.825846,0.828930,0.821020,0.844922,0.857136,0.863701,0.866481,0.843370,0.801392,0.830951,0.833226,0.854148,0.851521,0.846551,0.841669,0.839849,0.817538,0.818608,0.828732,0.831927,0.815002,0.841223,0.859996,0.878145,0.857316,0.836362,0.819190,0.838562,0.806720,0.842872,0.836938,0.850094,0.814779,0.847571,0.855617,0.851675,0.854786,0.866835,0.834251,0.861649,0.859514,0.836131,0.830011,0.844108,0.833642,0.829211,0.810550,0.807546,0.806937,0.847484,0.836353,0.823014,0.838442,0.819069,0.811813,0.825304,0.844536,0.854523,0.792904,0.829065,0.828652,0.814168,0.834196,0.829448,0.842008,0.820367,0.836324,0.846236,0.808339,0.832675,0.834778,0.835295,0.818752,0.802371,0.834097,0.818664,0.821868,0.823789,0.841465,0.827029,0.841695,0.812119,0.833058,0.822209,0.818986,0.824918,0.827729,0.856213,0.857872,0.858336,0.814488,0.841967,0.857077,0.852778,0.829372,0.839796,0.844525,0.834605,0.842214,0.860143,0.831522,0.839872,0.795957,0.832706,0.796286,0.853752,0.807250,0.830010,0.844955,0.818987,0.813986,0.838633,0.840423,0.879718,0.829049,0.838722,0.829456,0.848363,0.825569,0.877826,0.811609,0.848121,0.819915,0.802935,0.799507,0.832972,0.813533,0.852502,0.820400,0.830598,0.837949,0.869413,0.815526,0.838363,0.861457,0.830647,0.854349,0.837304,0.862001,0.833908,0.853717,0.837456,0.812106,0.825931,0.850813,0.797934,0.817116,0.853694,0.829723,0.814627,0.834747,0.832123,0.839809,0.813488,0.858988,0.837795,0.807420,#
18,0.832904,0.832478,0.811752,0.836241,0.816709,0.799283,0.814296,0.832090,0.801855,0.817980,0.812068,0.856169,0.830551,0.841986,0.791732,0.802180,0.832900,0.824972,1.000000,0.829731,0.823101,0.823547,0.819180,0.794456,0.804022,0.832356,0.813007,0.834979,0.807661,0.840643,0.788343,0.841352,0.822884,0.842798,0.812054,0.838433,0.808594,0.831616,0.823116,0.837138,0.824245,0.779044,0.814191,0.790382,0.841547,0.797601,0.857535,0.847315,0.828849,0.813470,0.791851,0.799815,0.842511,0.801529,0.830050,0.836499,0.814854,0.837897,0.810701,0.840934,0.824068,0.800970,0.810238,0.789377,0.849172,0.808637,0.825708,0.809526,0.789267,0.817920,0.830867,0.785040,0.851621,0.807647,0.849281,0.792074,0.844260,0.816817,0.827967,0.817546,0.826412,0.810002,0.850345,0.837638,0.849198,0.823703,0.806372,0.821820,0.813670,0.791510,0.810168,0.796483,0.839921,0.820384,0.822170,0.795739,0.811661,0.820685,0.820316,0.833685,0.835447,0.804039,0.817979,0.821438,0.809278,0.836010,0.811416,0.829286,0.823259,0.805595,0.844402,0.785841,0.843504,0.821097,0.780111,0.813233,0.799814,0.819814,0.804193,0.783288,0.808010,0.833451,0.803989,0.819135,0.824693,0.780581,0.816200,0.801113,0.848706,0.791820,0.809846,0.837901,0.822732,0.802776,0.838497,0.847237,0.840075,0.820127,0.802010,0.810568,0.801564,0.827840,0.809843,0.846870,0.798043,0.806762,0.828095,0.772695,0.841362,0.814510,0.802378,0.838276,0.831473,0.788918,0.825805,0.826155,0.818361,0.845240,0.818445,0.803052,0.839037,0.818104,0.857386,0.819666,0.827838,0.815679,0.862124,0.790098,0.791853,0.806465,0.826444,0.833396,0.836896,0.826608,0.811997,0.824573,0.809165,0.857892,0.796085,0.832312,0.810268,0.824645,0.799673,0.805034,0.796554,0.813545,0.815950,0.782830,0.794808,0.829189,0.831278,0.819199,0.777949,0.846359,0.819478,0.799524,0.785395,0.851352,0.826257,0.818962,#
19,0.836641,0.844575,0.832817,0.818257,0.848389,0.857757,0.814396,0.831371,0.841217,0.810406,0.804860,0.829264,0.815198,0.809720,0.802100,0.810556,0.841602,0.859311,0.829731,1.000000,0.831316,0.799441,0.801261,0.822962,0.814280,0.800410,0.834580,0.809816,0.804704,0.834107,0.843368,0.857101,0.822408,0.811812,0.786065,0.835599,0.803135,0.811232,0.837672,0.840653,0.837609,0.800419,0.817037,0.801571,0.811601,0.824362,0.866685,0.825656,0.845308,0.811461,0.788605,0.795451,0.818967,0.830232,0.832192,0.816763,0.831838,0.830348,0.817823,0.792153,0.823941,0.816439,0.836819,0.808465,0.834134,0.838354,0.824970,0.827681,0.829622,0.808078,0.832673,0.804704,0.855927,0.816491,0.829877,0.804554,0.810532,0.828352,0.835084,0.815797,0.844043,0.798866,0.855182,0.826639,0.818010,0.802852,0.819219,0.835545,0.835703,0.783400,0.790498,0.803613,0.825330,0.812526,0.803946,0.801004,0.819090,0.822797,0.819856,0.844724,0.835845,0.805755,0.814836,0.825579,0.811482,0.816035,0.833803,0.818809,0.819779,0.776415,0.818171,0.796133,0.828738,0.823107,0.809806,0.819947,0.835994,0.824607,0.803184,0.752982,0.815910,0.829761,0.801273,0.855658,0.831761,0.812649,0.822771,0.821073,0.850918,0.836663,0.827555,0.850676,0.830963,0.823940,0.848267,0.842657,0.829639,0.814172,0.811902,0.806429,0.798955,0.813339,0.801635,0.808244,0.813677,0.778266,0.796589,0.755838,0.847071,0.820828,0.809121,0.848579,0.803542,0.797622,0.837687,0.815583,0.849085,0.835775,0.838023,0.832737,0.824774,0.830657,0.827446,0.811906,0.832574,0.811856,0.795782,0.828436,0.803811,0.792812,0.813649,0.838371,0.828100,0.825172,0.855022,0.812717,0.829575,0.867175,0.814546,0.795618,0.786686,0.843659,0.818270,0.840167,0.827917,0.800259,0.792651,0.801500,0.819031,0.824642,0.829400,0.827000,0.795312,0.850836,0.814287,0.828903,0.787804,0.809268,0.814363,0.805112,#
20,0.831424,0.840468,0.825424,0.832362,0.841303,0.824965,0.852332,0.842193,0.842529,0.850078,0.811130,0.820224,0.835731,0.831538,0.825537,0.811573,0.877077,0.849203,0.823101,0.831316,1.000000,0.819836,0.804163,0.840980,0.828650,0.842012,0.844118,0.831984,0.817112,0.833679,0.843823,0.846426,0.830527,0.863560,0.828414,0.853143,0.822832,0.822123,0.848970,0.858765,0.838882,0.836512,0.813986,0.827984,0.850663,0.811434,0.860736,0.819913,0.833447,0.837692,0.816224,0.833929,0.830236,0.839430,0.843968,0.837922,0.816595,0.846416,0.838612,0.813279,0.839127,0.819358,0.850279,0.806100,0.853661,0.839820,0.860872,0.818005,0.841496,0.827195,0.846030,0.825251,0.846792,0.829285,0.837788,0.793141,0.827913,0.841105,0.851202,0.851517,0.852708,0.864359,0.854855,0.849873,0.815467,0.825988,0.839216,0.826614,0.831554,0.847642,0.826566,0.819103,0.837303,0.843117,0.828143,0.823092,0.807644,0.814258,0.834924,0.836754,0.852647,0.815005,0.834068,0.838375,0.837172,0.819505,0.860466,0.843343,0.824909,0.851424,0.822873,0.836401,0.821738,0.784257,0.839428,0.826699,0.831084,0.848165,0.783168,0.781984,0.846147,0.838991,0.815596,0.876321,0.812923,0.832205,0.806493,0.807681,0.832376,0.840309,0.841923,0.833093,0.855210,0.838068,0.847259,0.841433,0.820069,0.830353,0.841140,0.845599,0.815692,0.820071,0.823671,0.832213,0.823386,0.798551,0.841484,0.804533,0.822045,0.840140,0.840797,0.852849,0.832527,0.809522,0.844127,0.810695,0.832890,0.838599,0.847548,0.824969,0.826849,0.833474,0.843238,0.830436,0.857510,0.797343,0.813364,0.818639,0.815761,0.796044,0.847734,0.819040,0.837866,0.833137,0.835805,0.831385,0.815610,0.863929,0.828524,0.822677,0.829473,0.815115,0.819092,0.813354,0.797362,0.830314,0.816728,0.829817,0.807991,0.824707,0.802319,0.815564,0.827981,0.851268,0.830818,0.796205,0.811822,0.849368,0.839775,0.828528,#
21,0.805364,0.855475,0.807238,0.844208,0.825207,0.791880,0.792064,0.816119,0.837319,0.804362,0.782796,0.795704,0.785323,0.803857,0.801209,0.812821,0.804375,0.811365,0.823547,0.799441,0.819836,1.000000,0.808066,0.818353,0.777423,0.783622,0.831623,0.781765,0.816208,0.783263,0.797658,0.800982,0.818822,0.831221,0.804068,0.837220,0.806100,0.814138,0.826849,0.814173,0.794608,0.810135,0.794400,0.812181,0.812087,0.798821,0.821685,0.818762,0.814878,0.796448,0.792344,0.814693,0.810717,0.787111,0.826894,0.819709,0.810932,0.811156,0.839444,0.774417,0.808582,0.806368,0.765738,0.772702,0.833730,0.812420,0.818976,0.810310,0.797698,0.820435,0.810807,0.805889,0.838087,0.818392,0.847978,0.802336,0.809145,0.806202,0.810323,0.815030,0.813589,0.790882,0.840230,0.837682,0.844825,0.815789,0.788000,0.820668,0.820260,0.805633,0.758172,0.764907,0.827368,0.806938,0.811910,0.795816,0.804765,0.779547,0.799183,0.829223,0.811452,0.812523,0.782188,0.805709,0.783849,0.829015,0.789557,0.814582,0.793023,0.819761,0.832181,0.771962,0.815576,0.816692,0.761317,0.789393,0.808942,0.831372,0.782347,0.780621,0.809448,0.813224,0.787227,0.814274,0.794773,0.764921,0.806122,0.817622,0.798066,0.826239,0.825787,0.831832,0.806264,0.793498,0.837048,0.800730,0.780598,0.763060,0.802915,0.815269,0.804299,0.822970,0.781731,0.814831,0.786470,0.800231,0.796192,0.760954,0.798271,0.804525,0.798672,0.838646,0.792633,0.792118,0.808661,0.810030,0.818368,0.804737,0.791820,0.808776,0.811338,0.821797,0.830432,0.820666,0.832337,0.788523,0.831011,0.789365,0.755087,0.792961,0.825718,0.792650,0.810188,0.797351,0.805734,0.808740,0.752879,0.821987,0.808293,0.789513,0.788467,0.833487,0.788149,0.796753,0.794275,0.824683,0.796667,0.755504,0.766578,0.822540,0.804226,0.781432,0.797479,0.794657,0.800477,0.768821,0.803681,0.815143,0.772151,0.817654,#
