0,1.000000,0.442186,0.407712,0.298492,0.330887,0.325156,0.382451,0.251949,0.369875,0.367989,0.440232,0.417706,0.363152,0.315056,0.383533,0.342700,0.405380,0.458473,0.381788,0.342561,0.419150,0.470684,0.338999,0.381680,0.319091,0.277617,0.368511,0.446375,0.396185,0.352977,0.339993,0.309075,0.415102,0.262859,0.277939,0.393894,0.414727,0.375582,0.295896,0.419557,0.264762,0.411958,0.309289,0.393098,0.298690,0.324232,0.406100,0.382610,0.413966,0.367020,0.490545,0.330266,0.296766,0.308485,0.436813,0.267382,0.362298,0.376154,0.296867,0.329956,0.384581,0.328489,0.390466,0.397906,0.379728,0.215500,0.375990,0.337717,0.308364,0.378115,0.441228,0.391825,0.399345,0.377754,0.332810,0.346047,0.336948,0.379018,0.384105,0.277438,0.463644,0.335519,0.389162,0.389897,0.373030,0.419609,0.402207,0.306955,0.430077,0.369176,0.393186,0.271063,0.304394,0.333020,0.365909,0.416267,0.386753,0.328050,0.417785,0.386557,0.386221,0.399571,0.349399,0.418093,0.320759,0.366987,0.386335,0.406315,0.347782,0.329422,0.256899,0.369398,0.375192,0.379138,0.254795,0.356155,0.406768,0.298480,0.411331,0.332897,0.428291,0.291972,0.255699,0.312629,0.316463,0.454919,0.319694,0.330085,0.305521,0.433876,0.381317,0.410591,0.370028,0.341726,0.411503,0.264346,0.402188,0.342900,0.361564,0.464521,0.325093,0.376566,0.388450,0.334941,0.363921,0.367908,0.318468,0.259809,0.385116,0.312406,0.390642,0.324800,0.363138,0.352779,0.317869,0.210890,0.267585,0.301808,0.399139,0.360818,0.407975,0.401529,0.276937,0.376129,0.368924,0.267552,0.234171,0.349965,0.397554,0.359271,0.493912,0.165168,0.420493,0.452450,0.381930,0.340745,0.341630,0.352937,0.392255,0.312545,0.325336,0.471524,0.284134,0.248905,0.341956,0.400819,0.388000,0.518082,0.352807,0.232401,0.406239,0.376101,0.283466,0.228203,0.352679,0.308814,0.376785,0.304659,0.354716,0.400887,#
1,0.442186,1.000000,0.368282,0.288566,0.435912,0.357589,0.426805,0.372943,0.301194,0.379297,0.483755,0.450581,0.400453,0.471979,0.376168,0.347369,0.362545,0.346852,0.494130,0.354408,0.384902,0.479994,0.329124,0.399349,0.454604,0.430025,0.426326,0.483978,0.416051,0.267551,0.408074,0.411181,0.455151,0.371793,0.394240,0.363370,0.343625,0.408350,0.345799,0.400078,0.357912,0.386446,0.488278,0.315060,0.368413,0.353829,0.461275,0.450335,0.373151,0.334004,0.478924,0.342936,0.451449,0.373917,0.397180,0.293341,0.377617,0.414342,0.454058,0.450739,0.447839,0.362930,0.413831,0.412845,0.375763,0.368708,0.340993,0.434762,0.382088,0.363442,0.405022,0.310332,0.430368,0.346709,0.438336,0.283776,0.453203,0.398742,0.479467,0.392505,0.385694,0.491522,0.474092,0.504310,0.316661,0.357655,0.334625,0.387121,0.416211,0.496173,0.384936,0.454789,0.376773,0.395580,0.272481,0.453040,0.375027,0.290183,0.459006,0.361733,0.320565,0.293332,0.375924,0.405586,0.322619,0.339135,0.387705,0.477497,0.345106,0.393769,0.431658,0.403247,0.474749,0.396295,0.407538,0.375996,0.437453,0.291372,0.479396,0.383461,0.344899,0.367662,0.334951,0.405796,0.428178,0.419163,0.478105,0.382173,0.369344,0.380478,0.406216,0.402967,0.292900,0.387278,0.506253,0.393819,0.381810,0.353001,0.387350,0.439051,0.421688,0.382347,0.260302,0.295879,0.414117,0.380074,0.419585,0.313639,0.446988,0.325542,0.381267,0.455403,0.424658,0.277507,0.292786,0.342177,0.386155,0.406578,0.418799,0.312279,0.286395,0.442003,0.350974,0.386484,0.392144,0.450241,0.289256,0.464305,0.350556,0.468067,0.435368,0.311915,0.330796,0.371377,0.501015,0.395723,0.316396,0.404905,0.423586,0.382371,0.397184,0.376334,0.377360,0.374568,0.512436,0.386777,0.335953,0.492438,0.316502,0.340409,0.499682,0.401007,0.280873,0.317982,0.399828,0.435847,0.300006,0.393997,0.344751,0.378138,#
2,0.407712,0.368282,1.000000,0.394892,0.341731,0.325366,0.385065,0.306704,0.221027,0.272753,0.301441,0.378753,0.334062,0.366543,0.340510,0.347940,0.355769,0.376832,0.391406,0.351255,0.357865,0.443948,0.435912,0.367560,0.444461,0.386394,0.382600,0.311301,0.329568,0.302247,0.415205,0.339645,0.375307,0.341203,0.342760,0.343748,0.316905,0.375347,0.312744,0.375727,0.398254,0.359622,0.360197,0.252925,0.244367,0.393733,0.379189,0.437462,0.291739,0.338666,0.410570,0.396436,0.400406,0.306549,0.308337,0.364953,0.232905,0.408721,0.302601,0.407334,0.199345,0.354249,0.349923,0.460535,0.403290,0.358595,0.335646,0.299254,0.344370,0.445966,0.333873,0.243809,0.290195,0.362311,0.394190,0.402239,0.288562,0.369018,0.337305,0.377850,0.466677,0.334453,0.346380,0.375622,0.270829,0.414983,0.384725,0.379991,0.270998,0.410990,0.308819,0.279603,0.362482,0.309935,0.321678,0.362926,0.352776,0.235998,0.405372,0.317681,0.381765,0.392568,0.350859,0.337535,0.436583,0.287585,0.353453,0.373930,0.300207,0.392014,0.336528,0.342285,0.394017,0.302679,0.294155,0.291105,0.290201,0.396619,0.235953,0.251367,0.335010,0.290149,0.264642,0.272688,0.311721,0.305836,0.388282,0.331032,0.335111,0.306788,0.286745,0.463392,0.301733,0.298088,0.359758,0.381331,0.371302,0.356678,0.283493,0.260041,0.251460,0.291057,0.397266,0.320986,0.449191,0.367954,0.309160,0.276110,0.467414,0.320913,0.372654,0.408296,0.377863,0.325146,0.249199,0.232620,0.242840,0.327591,0.378244,0.280840,0.443413,0.438620,0.368308,0.350076,0.333982,0.270968,0.305935,0.378712,0.315918,0.387465,0.413234,0.340538,0.308946,0.373195,0.467898,0.398940,0.446959,0.380456,0.350693,0.380977,0.377346,0.321154,0.229463,0.227476,0.351606,0.392875,0.404909,0.393385,0.294942,0.255562,0.359109,0.337581,0.394720,0.266344,0.360024,0.280643,0.367254,0.232186,0.477373,0.380799,#
3,0.298492,0.288566,0.394892,1.000000,0.277181,0.227748,0.344183,0.342121,0.253341,0.259104,0.272462,0.374369,0.250906,0.321142,0.156192,0.194973,0.267499,0.372992,0.276038,0.270783,0.295482,0.336187,0.345977,0.355889,0.337200,0.335621,0.302257,0.294989,0.354763,0.201917,0.331850,0.357965,0.320372,0.386729,0.204960,0.285892,0.334486,0.414156,0.288522,0.263091,0.300460,0.326795,0.404617,0.232061,0.294499,0.390279,0.368456,0.355341,0.239955,0.347520,0.428576,0.286866,0.274082,0.295891,0.221267,0.344504,0.270135,0.383100,0.292905,0.325308,0.266126,0.248551,0.349135,0.407289,0.329854,0.285623,0.259907,0.405867,0.217651,0.272860,0.435952,0.238804,0.213447,0.344121,0.378729,0.311825,0.240713,0.337485,0.324600,0.399611,0.307775,0.336099,0.300187,0.337457,0.278487,0.312752,0.393953,0.289353,0.285801,0.429541,0.338899,0.244150,0.295992,0.406153,0.201955,0.327581,0.295751,0.213608,0.376322,0.267626,0.262487,0.334869,0.333955,0.266537,0.352557,0.249455,0.299645,0.372440,0.300666,0.267609,0.308365,0.281043,0.298368,0.296536,0.200350,0.241630,0.324983,0.276817,0.282654,0.238160,0.322474,0.300746,0.322616,0.313886,0.285830,0.280711,0.334832,0.240151,0.309854,0.397915,0.281200,0.327989,0.333444,0.430457,0.327349,0.345281,0.300745,0.241960,0.316380,0.355361,0.332206,0.262141,0.361285,0.322328,0.362194,0.218751,0.310297,0.320123,0.352139,0.327566,0.346481,0.242733,0.284540,0.288397,0.218128,0.162638,0.335697,0.310492,0.215318,0.363542,0.407438,0.345983,0.310380,0.438281,0.345375,0.357723,0.260286,0.249688,0.308500,0.397916,0.370699,0.220677,0.299169,0.328334,0.365472,0.310576,0.220204,0.269281,0.260541,0.297746,0.385134,0.385356,0.333348,0.362840,0.315518,0.273749,0.226942,0.439345,0.178183,0.237377,0.341447,0.342033,0.345999,0.322205,0.196851,0.338077,0.362214,0.261903,0.346064,0.305182,#
4,0.330887,0.435912,0.341731,0.277181,1.000000,0.237976,0.435877,0.239606,0.316166,0.332879,0.436686,0.288329,0.368219,0.346403,0.258277,0.277077,0.293266,0.355763,0.389379,0.425636,0.324169,0.400374,0.344659,0.367692,0.397285,0.451108,0.350616,0.383395,0.378122,0.187358,0.361746,0.367434,0.454627,0.306095,0.367364,0.309633,0.205180,0.452761,0.317176,0.338742,0.342377,0.353357,0.378634,0.337770,0.365261,0.276637,0.390833,0.424859,0.355713,0.405571,0.392814,0.222518,0.347110,0.377360,0.348841,0.333664,0.246404,0.352453,0.282153,0.407444,0.380102,0.290500,0.295278,0.315235,0.305665,0.253398,0.387748,0.330837,0.334028,0.321907,0.330440,0.385596,0.314115,0.295773,0.365468,0.223317,0.237536,0.340923,0.272495,0.271273,0.465484,0.416656,0.278744,0.352389,0.334171,0.362462,0.278699,0.335079,0.358188,0.404719,0.337213,0.357033,0.272366,0.351534,0.213435,0.394975,0.301581,0.401315,0.468286,0.311214,0.326597,0.242374,0.302576,0.388951,0.421029,0.257953,0.321908,0.387498,0.307482,0.444526,0.411549,0.214589,0.415145,0.421922,0.267870,0.205160,0.318587,0.192397,0.375363,0.334966,0.308139,0.356730,0.327546,0.296865,0.366480,0.358636,0.392144,0.334621,0.189397,0.232044,0.294870,0.399144,0.339368,0.291341,0.421212,0.334201,0.323379,0.246525,0.241219,0.324382,0.370813,0.215457,0.327194,0.343976,0.290267,0.342514,0.365339,0.261075,0.381566,0.345737,0.364181,0.386707,0.399408,0.389574,0.263079,0.266642,0.377967,0.359907,0.282418,0.334053,0.303025,0.366789,0.283947,0.356307,0.287705,0.412082,0.327914,0.255259,0.366437,0.383040,0.451421,0.287047,0.270879,0.249010,0.401806,0.222317,0.325937,0.267132,0.207636,0.275011,0.277425,0.320480,0.251460,0.274558,0.358394,0.320648,0.335224,0.459709,0.340159,0.272442,0.355281,0.271922,0.361358,0.312851,0.321628,0.373103,0.346524,0.381330,0.361199,0.330440,#
5,0.325156,0.357589,0.325366,0.227748,0.237976,1.000000,0.246879,0.282124,0.253921,0.296539,0.258244,0.305978,0.272984,0.203809,0.230918,0.314603,0.323369,0.352054,0.333811,0.201532,0.324124,0.312062,0.331078,0.429065,0.253656,0.324012,0.280923,0.312716,0.374953,0.228064,0.198681,0.394122,0.330260,0.228553,0.286686,0.242371,0.419164,0.309250,0.346693,0.321522,0.288641,0.303111,0.230152,0.308456,0.184145,0.360928,0.294022,0.199112,0.357007,0.346482,0.337250,0.239049,0.322781,0.223025,0.277872,0.344870,0.240368,0.404538,0.253117,0.316098,0.349901,0.327570,0.339425,0.289159,0.317066,0.243066,0.326414,0.339617,0.188485,0.252236,0.376123,0.224903,0.346054,0.402562,0.294156,0.272516,0.297538,0.288417,0.312033,0.292336,0.366425,0.293303,0.328928,0.201495,0.148437,0.390657,0.215415,0.322324,0.250058,0.250377,0.246585,0.312454,0.175203,0.271968,0.176197,0.269560,0.317535,0.163451,0.333337,0.198162,0.282909,0.324098,0.352019,0.306507,0.264832,0.231134,0.252451,0.307138,0.238002,0.308209,0.361478,0.285463,0.381115,0.279691,0.248167,0.266420,0.381655,0.317621,0.261839,0.351749,0.161205,0.222907,0.219376,0.223119,0.350743,0.252633,0.213304,0.175306,0.325797,0.352075,0.319150,0.375910,0.194818,0.249960,0.369834,0.303117,0.233414,0.243203,0.270350,0.297371,0.324651,0.315053,0.268982,0.305888,0.304842,0.249362,0.243550,0.302651,0.303872,0.238206,0.318411,0.236123,0.311483,0.340506,0.190114,0.245605,0.258614,0.265996,0.362383,0.199921,0.347706,0.265064,0.284382,0.216887,0.268773,0.183800,0.169785,0.289618,0.326091,0.369817,0.204555,0.259679,0.350476,0.268499,0.278360,0.307964,0.256565,0.317220,0.360909,0.221784,0.351301,0.392369,0.384699,0.179258,0.321470,0.368320,0.273090,0.279041,0.196048,0.284655,0.395133,0.213256,0.235878,0.290091,0.318813,0.286439,0.306297,0.324525,0.267645,0.388463,#
6,0.382451,0.426805,0.385065,0.344183,0.435877,0.246879,1.000000,0.362056,0.281206,0.337317,0.417134,0.385931,0.325360,0.444816,0.244770,0.321960,0.406619,0.396626,0.406733,0.421231,0.415191,0.386887,0.367388,0.343547,0.407142,0.348664,0.332732,0.382913,0.418208,0.301369,0.316642,0.354675,0.435216,0.326935,0.286242,0.277015,0.286875,0.383830,0.320287,0.393949,0.396777,0.388972,0.377454,0.402642,0.377955,0.290295,0.438765,0.494350,0.354588,0.405443,0.345002,0.419421,0.385308,0.374905,0.318074,0.371380,0.335355,0.467776,0.357864,0.407090,0.275831,0.362785,0.306330,0.412748,0.287695,0.412342,0.368824,0.340598,0.348159,0.336403,0.393481,0.368155,0.338597,0.367613,0.377652,0.346433,0.350186,0.382105,0.382422,0.378203,0.410016,0.478469,0.461107,0.365846,0.378810,0.447178,0.347349,0.425839,0.450528,0.414070,0.398592,0.324757,0.338389,0.450531,0.279380,0.448037,0.349665,0.312314,0.469114,0.337388,0.369650,0.379893,0.243609,0.359447,0.271857,0.451622,0.366181,0.378472,0.353802,0.400093,0.361875,0.323801,0.433566,0.343288,0.311900,0.298377,0.382864,0.305732,0.417510,0.362211,0.290540,0.440912,0.248089,0.321788,0.346764,0.360442,0.336690,0.476456,0.244931,0.380272,0.356430,0.372070,0.438761,0.259211,0.511118,0.394680,0.311868,0.484949,0.362203,0.348895,0.333444,0.238284,0.330858,0.495089,0.282046,0.360198,0.320957,0.298538,0.337832,0.306546,0.438489,0.378806,0.389141,0.393497,0.335313,0.235041,0.310283,0.313985,0.352444,0.290937,0.351504,0.388964,0.356008,0.425823,0.406477,0.375712,0.254613,0.338000,0.453195,0.474160,0.366418,0.326146,0.346846,0.304951,0.427445,0.338278,0.336027,0.324464,0.402872,0.283916,0.244424,0.254862,0.326319,0.368718,0.444142,0.334141,0.349780,0.407667,0.339605,0.368299,0.363865,0.268613,0.419602,0.314309,0.285082,0.392020,0.367927,0.361578,0.256527,0.345574,#
7,0.251949,0.372943,0.306704,0.342121,0.239606,0.282124,0.362056,1.000000,0.247272,0.382611,0.315030,0.420851,0.345349,0.395514,0.223431,0.294786,0.357568,0.373010,0.321635,0.407848,0.349121,0.363770,0.508762,0.301377,0.411281,0.354579,0.375043,0.440492,0.329501,0.240357,0.387035,0.426841,0.406570,0.331629,0.292750,0.369655,0.291652,0.339840,0.322162,0.307102,0.263686,0.304252,0.434662,0.238954,0.342582,0.443990,0.315315,0.423760,0.387413,0.394522,0.448931,0.309160,0.313543,0.374734,0.387084,0.391912,0.386459,0.377949,0.302010,0.391882,0.297668,0.199395,0.341379,0.394850,0.421686,0.266661,0.354571,0.417780,0.349458,0.472694,0.364305,0.280175,0.394683,0.453970,0.435286,0.360014,0.379545,0.383272,0.404187,0.423626,0.331134,0.383197,0.443484,0.373484,0.300765,0.382384,0.390620,0.383573,0.385283,0.428559,0.360580,0.278585,0.327233,0.335407,0.289708,0.356350,0.317651,0.256141,0.333277,0.249922,0.375707,0.332813,0.321614,0.334712,0.225609,0.381904,0.362292,0.351749,0.364260,0.300621,0.316292,0.329036,0.308567,0.318875,0.410658,0.322379,0.349786,0.349353,0.397781,0.401134,0.328739,0.358932,0.316838,0.427668,0.463195,0.414152,0.386046,0.421448,0.272906,0.339869,0.310674,0.295662,0.294622,0.325268,0.475109,0.404380,0.293678,0.405565,0.423412,0.427805,0.424365,0.476912,0.210929,0.342964,0.431735,0.344153,0.403931,0.312920,0.394414,0.244912,0.409058,0.507224,0.335370,0.239108,0.215782,0.371625,0.353906,0.375249,0.309975,0.339199,0.402621,0.347671,0.291805,0.420309,0.392766,0.307014,0.327354,0.274004,0.435562,0.360936,0.375147,0.368905,0.357156,0.304714,0.395926,0.349142,0.350590,0.361617,0.277262,0.399636,0.338581,0.400980,0.270126,0.273122,0.281947,0.364718,0.372024,0.444087,0.290914,0.381186,0.393306,0.292849,0.239579,0.387370,0.207173,0.345107,0.403125,0.347772,0.336748,0.358603,#
8,0.369875,0.301194,0.221027,0.253341,0.316166,0.253921,0.281206,0.247272,1.000000,0.251028,0.374524,0.331455,0.339370,0.373870,0.308197,0.254031,0.348098,0.275554,0.225943,0.384169,0.308704,0.286607,0.338717,0.315849,0.290351,0.358636,0.234363,0.382880,0.315933,0.353603,0.247898,0.377528,0.351880,0.393053,0.292436,0.299087,0.292476,0.400666,0.287553,0.434417,0.298836,0.265964,0.201989,0.350817,0.328123,0.299055,0.354892,0.408892,0.234257,0.265160,0.304769,0.377902,0.215726,0.444874,0.354989,0.350622,0.230957,0.291707,0.288410,0.365763,0.328354,0.206236,0.423442,0.364714,0.275831,0.263706,0.322806,0.395394,0.411386,0.330454,0.217521,0.408765,0.292812,0.299259,0.248149,0.209305,0.308592,0.237915,0.357889,0.208981,0.303759,0.341744,0.339725,0.233919,0.283478,0.366506,0.285051,0.320616,0.352154,0.361674,0.326472,0.243961,0.251188,0.331815,0.295432,0.461491,0.362005,0.319525,0.310748,0.228102,0.325677,0.239499,0.215399,0.274029,0.325606,0.273926,0.360995,0.367111,0.217469,0.354503,0.240834,0.321699,0.309995,0.292403,0.251472,0.287954,0.444444,0.301334,0.208502,0.366566,0.310204,0.234865,0.299619,0.250533,0.340067,0.390314,0.241894,0.292880,0.331251,0.334696,0.350035,0.367084,0.305965,0.308981,0.420726,0.334076,0.307700,0.388574,0.447941,0.371739,0.284013,0.332190,0.395866,0.269633,0.367651,0.292474,0.312392,0.457271,0.356843,0.289209,0.346346,0.319628,0.349207,0.284537,0.339347,0.241292,0.346359,0.215812,0.308644,0.312694,0.250598,0.283723,0.234619,0.412620,0.285220,0.282840,0.311635,0.273878,0.339705,0.365519,0.412667,0.110391,0.233683,0.404045,0.375005,0.378024,0.234191,0.313563,0.295158,0.308297,0.382039,0.275070,0.117841,0.231144,0.415324,0.275988,0.311871,0.311422,0.247325,0.269629,0.369552,0.274048,0.211993,0.281148,0.292763,0.304336,0.346350,0.174100,0.240958,0.309507,#
9,0.367989,0.379297,0.272753,0.259104,0.332879,0.296539,0.337317,0.382611,0.251028,1.000000,0.469118,0.395140,0.326929,0.391647,0.338534,0.355934,0.333658,0.304528,0.333963,0.406826,0.318592,0.331343,0.397989,0.371680,0.336042,0.319893,0.383337,0.478555,0.332353,0.232572,0.398172,0.423176,0.355215,0.362023,0.319757,0.365505,0.206171,0.389059,0.314743,0.308118,0.333214,0.390682,0.279334,0.212360,0.383794,0.450716,0.361129,0.429818,0.400302,0.260704,0.419713,0.394997,0.330510,0.303344,0.379615,0.388808,0.392276,0.392371,0.260985,0.357499,0.294716,0.310474,0.420142,0.349888,0.364326,0.355236,0.280508,0.448950,0.379565,0.307996,0.364507,0.328505,0.291920,0.382553,0.410417,0.326639,0.461028,0.336795,0.451767,0.402915,0.401507,0.400887,0.475123,0.393350,0.393330,0.497464,0.394594,0.308095,0.424853,0.362657,0.279128,0.437869,0.308704,0.377008,0.310123,0.418645,0.461297,0.263502,0.380944,0.368497,0.402112,0.347850,0.446342,0.249671,0.350818,0.322381,0.370375,0.425030,0.301257,0.293932,0.266214,0.345186,0.428646,0.352495,0.355406,0.364222,0.427076,0.415859,0.470474,0.341845,0.495857,0.456641,0.324195,0.377657,0.401639,0.388444,0.282674,0.450290,0.288731,0.275876,0.365647,0.432872,0.285023,0.324020,0.495058,0.275965,0.303373,0.332072,0.388263,0.416584,0.320206,0.320326,0.280951,0.323594,0.376109,0.232817,0.403773,0.329579,0.295810,0.324646,0.420119,0.384677,0.414933,0.336141,0.303674,0.376613,0.399176,0.409069,0.394444,0.359618,0.346269,0.264333,0.208286,0.440140,0.378634,0.351490,0.280181,0.306607,0.435870,0.450266,0.387981,0.387069,0.349966,0.383472,0.378365,0.348263,0.298471,0.210834,0.253112,0.430327,0.338475,0.392826,0.379155,0.357752,0.341259,0.388640,0.458255,0.451958,0.379726,0.272604,0.390256,0.327278,0.244869,0.313136,0.290845,0.361327,0.326641,0.254507,0.340067,0.331159,#
10,0.440232,0.483755,0.301441,0.272462,0.436686,0.258244,0.417134,0.315030,0.374524,0.469118,1.000000,0.397936,0.301122,0.445490,0.323774,0.368316,0.439543,0.364961,0.468429,0.425347,0.379014,0.368938,0.357780,0.304534,0.372717,0.347958,0.452140,0.406593,0.338556,0.339176,0.403078,0.383715,0.370604,0.391159,0.349935,0.431435,0.202428,0.416457,0.346911,0.327094,0.254207,0.276646,0.353244,0.282263,0.337628,0.367423,0.391131,0.457206,0.407191,0.373264,0.361316,0.404425,0.363600,0.380219,0.398114,0.392140,0.346723,0.395881,0.348108,0.350395,0.373987,0.352392,0.400331,0.403268,0.341546,0.356799,0.393333,0.367828,0.373612,0.307128,0.344403,0.323360,0.332579,0.373497,0.349891,0.358956,0.446875,0.267535,0.420910,0.297417,0.355854,0.470059,0.382893,0.417186,0.354607,0.448087,0.403040,0.281417,0.421634,0.380309,0.260317,0.356712,0.387927,0.342576,0.259884,0.401706,0.427972,0.259405,0.465323,0.370575,0.429047,0.300449,0.356660,0.357980,0.405273,0.344166,0.457499,0.439097,0.358414,0.403878,0.268077,0.328501,0.419408,0.389788,0.362208,0.419906,0.410659,0.280763,0.307305,0.303718,0.347169,0.332465,0.349076,0.369447,0.417582,0.331533,0.326047,0.363574,0.314186,0.377843,0.386777,0.390485,0.330105,0.284291,0.485912,0.347287,0.360002,0.408186,0.302241,0.507422,0.321639,0.297314,0.450648,0.304400,0.332461,0.370378,0.283635,0.351786,0.336589,0.394702,0.351973,0.451499,0.371474,0.405500,0.370204,0.372696,0.365777,0.333900,0.324861,0.454179,0.304542,0.375602,0.318925,0.425079,0.347333,0.354105,0.273350,0.302904,0.365770,0.516260,0.460583,0.336154,0.391038,0.382284,0.439687,0.238292,0.326276,0.348619,0.393203,0.444491,0.395595,0.351338,0.396187,0.315230,0.448070,0.343344,0.366551,0.429851,0.324189,0.305322,0.357185,0.363680,0.311277,0.313194,0.339447,0.431760,0.397670,0.381461,0.388260,0.426036,#
11,0.417706,0.450581,0.378753,0.374369,0.288329,0.305978,0.385931,0.420851,0.331455,0.395140,0.397936,1.000000,0.446591,0.352840,0.214920,0.415652,0.427084,0.451918,0.419885,0.281665,0.403362,0.448563,0.393834,0.429482,0.476634,0.463674,0.310349,0.469085,0.309708,0.394139,0.417518,0.446763,0.385874,0.424989,0.342169,0.342445,0.415331,0.477654,0.315672,0.366752,0.382603,0.394717,0.430951,0.404607,0.324867,0.420670,0.421365,0.495862,0.373382,0.308367,0.466846,0.422833,0.347514,0.443135,0.342030,0.362947,0.493753,0.420409,0.385971,0.379180,0.343254,0.389747,0.468283,0.459214,0.416030,0.338930,0.397208,0.445329,0.365551,0.383824,0.364706,0.297896,0.363875,0.476578,0.467115,0.430913,0.374909,0.369108,0.544397,0.382403,0.417840,0.346881,0.407017,0.478606,0.436851,0.430727,0.479166,0.388174,0.420622,0.396104,0.454662,0.387111,0.406609,0.454941,0.311985,0.388591,0.333938,0.341864,0.399997,0.402875,0.459729,0.374735,0.391101,0.294547,0.394315,0.495290,0.434924,0.408040,0.382013,0.429576,0.333728,0.330171,0.428596,0.416094,0.285369,0.501672,0.447197,0.323230,0.407662,0.380819,0.357983,0.459598,0.371329,0.389640,0.435104,0.397082,0.522433,0.524079,0.388358,0.354160,0.409862,0.543288,0.289977,0.357426,0.411020,0.344014,0.285257,0.456448,0.363018,0.414428,0.347237,0.441857,0.376911,0.445567,0.404645,0.407577,0.423366,0.344434,0.428379,0.370757,0.424047,0.523906,0.388518,0.373492,0.450660,0.282121,0.316654,0.330481,0.336244,0.376999,0.456257,0.384851,0.308582,0.424025,0.497345,0.405406,0.356827,0.384631,0.533222,0.434674,0.465974,0.268373,0.396842,0.395578,0.394796,0.482523,0.470355,0.348117,0.348174,0.335886,0.399647,0.405414,0.394217,0.350844,0.381327,0.470833,0.394761,0.435083,0.336711,0.373074,0.285707,0.365272,0.374390,0.196414,0.331981,0.372758,0.475464,0.359356,0.320775,0.444803,#
12,0.363152,0.400453,0.334062,0.250906,0.368219,0.272984,0.325360,0.345349,0.339370,0.326929,0.301122,0.446591,1.000000,0.336057,0.283296,0.330322,0.391642,0.372354,0.467046,0.366419,0.393501,0.249131,0.390881,0.375084,0.408888,0.346443,0.303507,0.470302,0.359721,0.390673,0.367847,0.473721,0.434826,0.369290,0.357595,0.327653,0.377037,0.397029,0.254329,0.342585,0.395638,0.287592,0.461678,0.365699,0.390887,0.429858,0.348661,0.325966,0.398455,0.319441,0.444290,0.273866,0.297281,0.350225,0.328113,0.339940,0.363916,0.430918,0.357585,0.389316,0.345181,0.370887,0.393773,0.389450,0.339618,0.345552,0.389909,0.322591,0.315926,0.290803,0.262315,0.354586,0.260665,0.291664,0.440190,0.345728,0.366378,0.332465,0.316712,0.349059,0.437551,0.384392,0.435325,0.390480,0.393575,0.462301,0.301436,0.375465,0.430075,0.393240,0.422890,0.332001,0.271037,0.420039,0.314588,0.292790,0.425013,0.379978,0.293789,0.267571,0.328307,0.390813,0.330864,0.370482,0.368056,0.350198,0.405627,0.337270,0.295899,0.452465,0.352539,0.262485,0.439149,0.383849,0.284386,0.348299,0.383622,0.428420,0.290539,0.413882,0.247231,0.450753,0.349239,0.370792,0.327623,0.441285,0.357312,0.336345,0.352194,0.261413,0.362165,0.444578,0.297830,0.209770,0.380925,0.378092,0.333272,0.383576,0.376197,0.347701,0.422449,0.406346,0.299502,0.332534,0.331120,0.355872,0.384304,0.324097,0.379399,0.284325,0.441558,0.502773,0.314080,0.321315,0.353152,0.240324,0.358582,0.235706,0.331893,0.212205,0.446117,0.354441,0.268656,0.428426,0.359715,0.384321,0.336633,0.198230,0.385809,0.472466,0.350921,0.270637,0.362862,0.349462,0.449560,0.284569,0.261258,0.322059,0.197129,0.372713,0.393147,0.369210,0.363893,0.337485,0.377533,0.408895,0.379896,0.427306,0.276650,0.232283,0.391043,0.394306,0.312844,0.337345,0.304705,0.309081,0.421670,0.215723,0.374176,0.351530,#
13,0.315056,0.471979,0.366543,0.321142,0.346403,0.203809,0.444816,0.395514,0.373870,0.391647,0.445490,0.352840,0.336057,1.000000,0.342118,0.339150,0.371021,0.316582,0.386287,0.375460,0.358395,0.367865,0.393157,0.276781,0.466659,0.422788,0.408630,0.414249,0.330890,0.247717,0.381793,0.332414,0.422769,0.392694,0.257195,0.355055,0.250331,0.402430,0.252733,0.334518,0.294222,0.344533,0.486031,0.300941,0.360002,0.304120,0.448795,0.410227,0.415652,0.311282,0.460166,0.386245,0.339265,0.340575,0.413924,0.458097,0.307600,0.353517,0.374972,0.395561,0.347830,0.330140,0.529285,0.401800,0.291515,0.322043,0.424752,0.401214,0.453808,0.425074,0.278515,0.372024,0.371773,0.411287,0.421467,0.265551,0.376471,0.373225,0.424037,0.376483,0.384813,0.458023,0.480498,0.445858,0.467464,0.386822,0.437720,0.406535,0.437403,0.467180,0.354383,0.367760,0.417636,0.388557,0.357667,0.421388,0.342246,0.284241,0.357786,0.364324,0.486615,0.341647,0.344736,0.301114,0.355157,0.404347,0.364709,0.400616,0.331908,0.355373,0.315712,0.339818,0.483252,0.380362,0.388668,0.303644,0.425400,0.325223,0.359071,0.415518,0.414012,0.440551,0.255173,0.421995,0.363855,0.371449,0.355096,0.439651,0.461730,0.301829,0.346640,0.353102,0.372935,0.393287,0.525331,0.326229,0.366345,0.382681,0.482541,0.403134,0.371201,0.329394,0.344377,0.394013,0.407583,0.439206,0.393070,0.343123,0.242046,0.366633,0.421742,0.300696,0.396316,0.349457,0.417599,0.325320,0.344808,0.354574,0.347956,0.280392,0.325283,0.396587,0.272609,0.466806,0.432432,0.406132,0.244820,0.313249,0.440287,0.474266,0.446467,0.428686,0.356451,0.329595,0.438930,0.403474,0.364014,0.291116,0.416456,0.325854,0.432361,0.262090,0.286631,0.362535,0.340637,0.361266,0.400544,0.496256,0.389872,0.389406,0.361753,0.339790,0.334404,0.307152,0.322875,0.381124,0.398276,0.328615,0.367629,0.399216,#
14,0.383533,0.376168,0.340510,0.156192,0.258277,0.230918,0.244770,0.223431,0.308197,0.338534,0.323774,0.214920,0.283296,0.342118,1.000000,0.379690,0.290138,0.317782,0.371015,0.337808,0.289810,0.292065,0.334471,0.274782,0.333245,0.262893,0.337404,0.267246,0.333863,0.235527,0.242721,0.191088,0.277636,0.238998,0.281984,0.354434,0.303571,0.368121,0.337633,0.358582,0.358297,0.292828,0.369217,0.304242,0.250693,0.273375,0.385443,0.342851,0.301951,0.191209,0.368532,0.278749,0.235827,0.268334,0.374424,0.306289,0.256457,0.308413,0.275786,0.331679,0.346508,0.376178,0.279409,0.328596,0.319275,0.229442,0.282856,0.309707,0.351729,0.285507,0.182439,0.278268,0.182342,0.403841,0.202362,0.264198,0.239243,0.376064,0.330868,0.271058,0.323197,0.164061,0.418474,0.348871,0.239184,0.357016,0.157838,0.244208,0.325204,0.335739,0.321683,0.287345,0.316527,0.294644,0.231668,0.258924,0.356784,0.248089,0.420390,0.259109,0.252550,0.250894,0.310803,0.249964,0.197483,0.267250,0.370265,0.386648,0.271980,0.309959,0.167598,0.294780,0.371775,0.135489,0.276028,0.311555,0.245411,0.295348,0.307568,0.295424,0.358056,0.242096,0.234491,0.346325,0.269972,0.261924,0.294588,0.289224,0.186244,0.260804,0.099178,0.328287,0.329952,0.154809,0.262898,0.240733,0.334522,0.256528,0.289490,0.268461,0.340765,0.363907,0.340265,0.226575,0.248785,0.289767,0.300236,0.173124,0.290976,0.205945,0.265321,0.269424,0.202811,0.346723,0.175836,0.194754,0.267188,0.288189,0.285718,0.207290,0.252967,0.323015,0.219424,0.256680,0.291497,0.237851,0.334097,0.295080,0.267815,0.310397,0.357091,0.274689,0.314732,0.394052,0.417032,0.203815,0.336379,0.323830,0.296309,0.349649,0.346019,0.357484,0.207633,0.343990,0.332458,0.332603,0.313569,0.365269,0.196036,0.155527,0.291959,0.297696,0.273238,0.370565,0.290103,0.187373,0.182006,0.222728,0.338041,0.365494,#
15,0.342700,0.347369,0.347940,0.194973,0.277077,0.314603,0.321960,0.294786,0.254031,0.355934,0.368316,0.415652,0.330322,0.339150,0.379690,1.000000,0.394387,0.444655,0.414495,0.317462,0.305563,0.403390,0.370294,0.354682,0.444876,0.295504,0.338979,0.342748,0.336904,0.232469,0.390909,0.356196,0.334506,0.379998,0.312088,0.271570,0.315407,0.373913,0.359696,0.384059,0.481137,0.315583,0.356749,0.341570,0.384770,0.321092,0.338304,0.439695,0.285696,0.306495,0.378204,0.277018,0.364630,0.319289,0.352319,0.283828,0.352064,0.396070,0.344165,0.433127,0.262383,0.273138,0.252137,0.356591,0.281813,0.248800,0.454121,0.386346,0.413011,0.322288,0.198994,0.307015,0.273972,0.301073,0.390281,0.399879,0.322860,0.387450,0.381027,0.345741,0.504893,0.279259,0.341002,0.360786,0.310661,0.436678,0.356855,0.208225,0.375505,0.334661,0.303609,0.217595,0.334549,0.420095,0.257043,0.308763,0.380149,0.279984,0.448649,0.329585,0.383726,0.265640,0.411439,0.309179,0.322793,0.322333,0.372246,0.291077,0.332599,0.462240,0.231533,0.386606,0.359954,0.256354,0.268117,0.411058,0.396753,0.325032,0.298804,0.363147,0.343336,0.333308,0.217384,0.363157,0.309891,0.256623,0.376594,0.364407,0.289338,0.224294,0.204406,0.431874,0.299355,0.322684,0.423407,0.343357,0.398446,0.295627,0.320648,0.226611,0.347021,0.361188,0.459203,0.284119,0.340951,0.358389,0.406396,0.257521,0.367179,0.359332,0.408451,0.389679,0.309275,0.507004,0.198244,0.414263,0.252690,0.320110,0.316663,0.292460,0.309703,0.384200,0.273659,0.366397,0.293071,0.411808,0.289257,0.342064,0.373279,0.391237,0.388444,0.237140,0.440741,0.287404,0.432914,0.226730,0.376612,0.264378,0.237403,0.340802,0.241777,0.365661,0.282221,0.253942,0.395860,0.431840,0.258038,0.362380,0.232404,0.227613,0.173668,0.449077,0.234194,0.360864,0.312136,0.358896,0.309869,0.291902,0.274799,0.346816,#
16,0.405380,0.362545,0.355769,0.267499,0.293266,0.323369,0.406619,0.357568,0.348098,0.333658,0.439543,0.427084,0.391642,0.371021,0.290138,0.394387,1.000000,0.429951,0.361963,0.309285,0.535563,0.372813,0.487943,0.270298,0.331124,0.372311,0.384435,0.299305,0.315816,0.265789,0.364721,0.461663,0.310432,0.391362,0.285530,0.332451,0.355654,0.342592,0.317036,0.385844,0.249800,0.329984,0.341926,0.321134,0.321731,0.361490,0.412277,0.385905,0.366532,0.309522,0.265083,0.349289,0.450524,0.359211,0.349766,0.339183,0.247138,0.361566,0.288002,0.303193,0.284292,0.403263,0.338881,0.455523,0.404926,0.291859,0.378966,0.477122,0.337113,0.409067,0.247908,0.317320,0.324184,0.314529,0.423660,0.468975,0.328718,0.353536,0.456768,0.337487,0.309827,0.345090,0.358316,0.346671,0.340451,0.504844,0.414781,0.347825,0.368134,0.325385,0.335340,0.295629,0.291157,0.327559,0.299969,0.403856,0.343817,0.267659,0.480506,0.342637,0.388708,0.277264,0.258144,0.282651,0.324578,0.386476,0.350967,0.302654,0.385832,0.388571,0.320341,0.385305,0.423927,0.288552,0.386791,0.435458,0.424661,0.332717,0.245703,0.362582,0.256267,0.335126,0.326923,0.335115,0.407409,0.296198,0.379968,0.313703,0.361324,0.368645,0.248423,0.397118,0.363202,0.283566,0.484649,0.337968,0.263235,0.398620,0.361107,0.418680,0.265202,0.344765,0.257593,0.324917,0.355641,0.333997,0.237394,0.265954,0.272371,0.182694,0.373972,0.395786,0.349196,0.305941,0.307961,0.372264,0.285553,0.287614,0.374544,0.284907,0.324797,0.399866,0.382858,0.414059,0.293180,0.330246,0.311108,0.346912,0.359429,0.354512,0.371159,0.172483,0.395593,0.276909,0.424331,0.361226,0.374174,0.299047,0.303279,0.356133,0.329216,0.367496,0.305383,0.186006,0.318878,0.332622,0.383154,0.398092,0.263484,0.279367,0.352462,0.274441,0.276648,0.307662,0.372542,0.341581,0.358815,0.354247,0.279409,0.412615,#
17,0.458473,0.346852,0.376832,0.372992,0.355763,0.352054,0.396626,0.373010,0.275554,0.304528,0.364961,0.451918,0.372354,0.316582,0.317782,0.444655,0.429951,1.000000,0.363033,0.425804,0.389873,0.419133,0.471481,0.472062,0.447846,0.379199,0.320860,0.364209,0.470907,0.370336,0.399921,0.497931,0.544077,0.422561,0.279657,0.310044,0.336014,0.563899,0.334523,0.323004,0.365872,0.291701,0.397344,0.442768,0.327217,0.385163,0.448724,0.390776,0.435053,0.433235,0.457971,0.295118,0.293360,0.410480,0.412023,0.368398,0.340750,0.523471,0.380469,0.401954,0.357691,0.433130,0.360912,0.385932,0.333498,0.368640,0.405764,0.514631,0.423035,0.423803,0.428020,0.441718,0.390505,0.440148,0.425895,0.437760,0.318292,0.455034,0.389734,0.379092,0.452999,0.453087,0.518356,0.457770,0.391699,0.399447,0.391574,0.390058,0.487525,0.452347,0.434026,0.315867,0.381184,0.396384,0.272452,0.331663,0.379039,0.441172,0.410360,0.367323,0.398664,0.335423,0.350542,0.371069,0.378763,0.439496,0.376361,0.516349,0.317418,0.374423,0.348186,0.301753,0.363960,0.364071,0.246475,0.417242,0.400552,0.353733,0.358293,0.453895,0.327664,0.353224,0.310188,0.390286,0.439127,0.432210,0.371305,0.407324,0.286233,0.281919,0.279509,0.453864,0.435860,0.467821,0.429142,0.372379,0.443534,0.335970,0.400055,0.451120,0.399630,0.398546,0.391985,0.353636,0.423533,0.369189,0.288481,0.291591,0.405426,0.263019,0.520874,0.343500,0.328083,0.494552,0.329427,0.315882,0.347085,0.379275,0.480720,0.412388,0.459031,0.444847,0.314647,0.414310,0.426405,0.443018,0.313227,0.433688,0.396017,0.436477,0.510431,0.320817,0.376827,0.392557,0.437811,0.252612,0.417417,0.373240,0.247098,0.413463,0.415065,0.515045,0.333066,0.224641,0.366207,0.404086,0.456711,0.500651,0.395823,0.360310,0.299535,0.454511,0.233101,0.319435,0.457237,0.427914,0.489741,0.256379,0.319856,0.409432,#
18,0.381788,0.494130,0.391406,0.276038,0.389379,0.333811,0.406733,0.321635,0.225943,0.333963,0.468429,0.419885,0.467046,0.386287,0.371015,0.414495,0.361963,0.363033,1.000000,0.404535,0.330536,0.366919,0.247694,0.375550,0.399251,0.444754,0.452253,0.412704,0.476631,0.274631,0.445598,0.458076,0.487384,0.326379,0.348678,0.407094,0.435667,0.407399,0.335205,0.356715,0.384744,0.324584,0.449087,0.343345,0.304303,0.303153,0.346405,0.407126,0.307100,0.320440,0.441278,0.269746,0.390233,0.455905,0.350661,0.266368,0.362747,0.442395,0.290422,0.330234,0.306350,0.340638,0.396106,0.465525,0.315164,0.396508,0.395372,0.450408,0.326244,0.229220,0.260411,0.340068,0.320741,0.366908,0.368830,0.311366,0.318470,0.379055,0.453330,0.474403,0.515411,0.360993,0.435176,0.446664,0.388154,0.335841,0.390354,0.356431,0.456902,0.347417,0.387730,0.300695,0.388941,0.423815,0.306591,0.324433,0.440522,0.291246,0.357878,0.417510,0.343034,0.425718,0.401906,0.397534,0.430732,0.332154,0.351641,0.407810,0.322521,0.417970,0.361585,0.390523,0.327145,0.407602,0.291289,0.287023,0.340111,0.308267,0.399873,0.328592,0.266901,0.443466,0.281113,0.388809,0.416846,0.372960,0.360339,0.359220,0.326392,0.358760,0.357857,0.389470,0.361807,0.278695,0.492696,0.264170,0.303588,0.407435,0.353021,0.379816,0.469903,0.305921,0.314480,0.313538,0.330168,0.329450,0.263086,0.193204,0.314312,0.290521,0.363424,0.422289,0.446065,0.375344,0.285497,0.381568,0.412314,0.360501,0.305985,0.342596,0.410520,0.417990,0.327712,0.362581,0.346189,0.370292,0.425827,0.403444,0.418733,0.419620,0.323658,0.320144,0.388738,0.246697,0.429555,0.255915,0.275235,0.403144,0.431094,0.342364,0.320018,0.406906,0.354086,0.300353,0.543531,0.410656,0.418243,0.553234,0.307780,0.329451,0.366506,0.346585,0.311726,0.359204,0.386308,0.344616,0.413649,0.363636,0.391316,0.472400,#
19,0.342561,0.354408,0.351255,0.270783,0.425636,0.201532,0.421231,0.407848,0.384169,0.406826,0.425347,0.281665,0.366419,0.375460,0.337808,0.317462,0.309285,0.425804,0.404535,1.000000,0.315401,0.401052,0.402785,0.395313,0.352051,0.387960,0.361918,0.359311,0.361049,0.415994,0.313993,0.393909,0.370595,0.335686,0.328188,0.367683,0.200350,0.413262,0.419458,0.376174,0.317450,0.260235,0.364611,0.316605,0.350066,0.434008,0.369740,0.485304,0.377114,0.347634,0.391308,0.321444,0.229044,0.480046,0.384994,0.377952,0.354339,0.441177,0.272588,0.425038,0.358790,0.289883,0.363991,0.339495,0.358589,0.322947,0.275691,0.390133,0.356660,0.366249,0.360141,0.307144,0.410026,0.301885,0.401710,0.323878,0.371102,0.443793,0.367770,0.351583,0.419371,0.364198,0.463276,0.291122,0.416661,0.396192,0.349279,0.339061,0.444542,0.404462,0.327803,0.390117,0.339251,0.333014,0.293134,0.399061,0.393290,0.445741,0.370428,0.296246,0.339065,0.266242,0.393128,0.330859,0.393941,0.374844,0.510271,0.518844,0.318308,0.395028,0.337953,0.332262,0.374465,0.383691,0.324577,0.348914,0.423406,0.471618,0.355589,0.350627,0.392965,0.473677,0.315342,0.355148,0.497291,0.455570,0.349541,0.444398,0.199080,0.278262,0.300795,0.315206,0.440810,0.378024,0.448782,0.309198,0.392282,0.362985,0.363205,0.421159,0.372193,0.286218,0.315624,0.199920,0.386065,0.358051,0.302039,0.428763,0.445049,0.199742,0.339048,0.391746,0.369070,0.426453,0.277433,0.305900,0.400628,0.362731,0.331959,0.221454,0.388368,0.398769,0.391883,0.336951,0.280342,0.371541,0.318745,0.341981,0.386540,0.403757,0.510635,0.351529,0.360438,0.322091,0.442681,0.276698,0.325462,0.381026,0.179363,0.382531,0.338568,0.406017,0.255489,0.338483,0.399293,0.357872,0.403202,0.452773,0.334568,0.292354,0.417937,0.333952,0.366830,0.434927,0.366529,0.387067,0.472145,0.340708,0.445705,0.438392,#
20,0.419150,0.384902,0.357865,0.295482,0.324169,0.324124,0.415191,0.349121,0.308704,0.318592,0.379014,0.403362,0.393501,0.358395,0.289810,0.305563,0.535563,0.389873,0.330536,0.315401,1.000000,0.419408,0.428158,0.318011,0.417807,0.327074,0.390050,0.433093,0.334020,0.333371,0.314342,0.373174,0.323073,0.351266,0.397650,0.338373,0.291353,0.392662,0.248397,0.366304,0.256933,0.419393,0.446310,0.358702,0.313465,0.433087,0.317442,0.450266,0.419767,0.338944,0.361253,0.436656,0.448955,0.380219,0.322697,0.299781,0.355715,0.353484,0.236326,0.434410,0.403501,0.230576,0.447543,0.420095,0.462641,0.212667,0.393065,0.356714,0.347565,0.400518,0.342277,0.274787,0.463644,0.395920,0.439377,0.432485,0.415262,0.366908,0.285171,0.460578,0.305153,0.304668,0.477923,0.344363,0.299716,0.481719,0.353126,0.415559,0.394004,0.404208,0.375864,0.419010,0.389007,0.383235,0.287620,0.365237,0.351391,0.319013,0.410936,0.281156,0.277998,0.361179,0.265830,0.324178,0.270821,0.347359,0.380520,0.364616,0.267986,0.472610,0.328887,0.210877,0.438064,0.381301,0.282567,0.398618,0.455731,0.262997,0.262708,0.326128,0.279539,0.370153,0.305274,0.377082,0.399308,0.385139,0.442034,0.473552,0.280742,0.381822,0.265008,0.381945,0.337928,0.285276,0.451905,0.341976,0.360797,0.378639,0.392624,0.426274,0.321149,0.368843,0.218660,0.350871,0.361981,0.268714,0.268214,0.320626,0.328217,0.306416,0.354118,0.447953,0.344283,0.317012,0.361569,0.323415,0.249232,0.228021,0.339228,0.280216,0.373278,0.460260,0.358100,0.317750,0.373951,0.312509,0.225893,0.354912,0.388262,0.365892,0.475947,0.281125,0.323930,0.366365,0.396281,0.381802,0.256529,0.297451,0.380525,0.416866,0.384900,0.379836,0.306748,0.367411,0.444918,0.340780,0.308935,0.415008,0.354315,0.339543,0.421530,0.308790,0.401585,0.368854,0.377996,0.414440,0.361481,0.271363,0.334140,0.310531,#
21,0.470684,0.479994,0.443948,0.336187,0.400374,0.312062,0.386887,0.363770,0.286607,0.331343,0.368938,0.448563,0.249131,0.367865,0.292065,0.403390,0.372813,0.419133,0.366919,0.401052,0.419408,1.000000,0.361118,0.422688,0.462477,0.377064,0.375722,0.422119,0.389457,0.321537,0.399122,0.405668,0.351684,0.468350,0.372743,0.360449,0.376194,0.452132,0.367115,0.354190,0.372287,0.454168,0.343482,0.343089,0.391736,0.319620,0.452867,0.481880,0.350412,0.374483,0.408066,0.275680,0.435847,0.423292,0.402799,0.289938,0.373898,0.431145,0.391148,0.433396,0.306517,0.323708,0.393097,0.389762,0.424662,0.302147,0.379311,0.401455,0.435092,0.469786,0.457134,0.280100,0.388653,0.326289,0.394107,0.408811,0.366751,0.331922,0.351328,0.385688,0.467108,0.355200,0.363145,0.354128,0.394672,0.388626,0.353297,0.351905,0.429358,0.469972,0.298132,0.319699,0.406510,0.333952,0.366418,0.411004,0.353091,0.374189,0.458352,0.416116,0.432482,0.287978,0.312605,0.405756,0.368702,0.447818,0.348111,0.426577,0.352824,0.386808,0.303661,0.341170,0.479318,0.356678,0.267188,0.387700,0.484766,0.269252,0.434022,0.450001,0.346848,0.394824,0.223908,0.449495,0.381838,0.411847,0.456528,0.405608,0.297518,0.296904,0.349861,0.316015,0.389997,0.416216,0.422828,0.308598,0.420896,0.328258,0.390359,0.397576,0.295317,0.427936,0.392813,0.308700,0.382315,0.357968,0.316515,0.402999,0.393827,0.311514,0.378555,0.459563,0.389579,0.449775,0.337209,0.317845,0.307861,0.387276,0.338679,0.356175,0.480866,0.355515,0.302775,0.388898,0.379460,0.322300,0.226487,0.427346,0.317361,0.390629,0.459956,0.278665,0.465776,0.335023,0.392066,0.329438,0.398198,0.319110,0.372844,0.380440,0.312964,0.443207,0.223072,0.328332,0.399346,0.376571,0.368044,0.502561,0.422761,0.294192,0.431097,0.452606,0.378637,0.286684,0.466900,0.436216,0.385692,0.347633,0.342992,0.432266,#
