0,1.000000,0.570224,0.561540,0.590723,0.579447,0.607355,0.606425,0.580146,0.591290,0.527240,0.617461,0.566208,0.560358,0.574139,0.575480,0.660272,0.653076,0.659638,0.650372,0.592273,0.617281,0.541681,0.627735,0.676044,0.533145,0.578478,0.591613,0.559488,0.552302,0.606218,0.535407,0.646847,0.584774,0.613627,0.630629,0.556877,0.561125,0.613568,0.629116,0.630157,0.620459,0.586685,0.644993,0.528422,0.645580,0.585283,0.546420,0.642437,0.619830,0.625788,0.611554,0.637177,0.613077,0.615703,0.628250,0.642725,0.630126,0.655814,0.613288,0.599692,0.621208,0.592514,0.652364,0.581287,0.616697,0.517714,0.593090,0.583772,0.564083,0.567026,0.586160,0.577130,0.636400,0.666267,0.559206,0.529233,0.644488,0.566953,0.623441,0.586541,0.583329,0.604252,0.627152,0.607855,0.616603,0.606181,0.674323,0.639486,0.616527,0.645214,0.568618,0.554118,0.619360,0.585977,0.586782,0.618795,0.614449,0.545196,0.580104,0.624150,0.619116,0.559563,0.588072,0.622972,0.570435,0.671764,0.582610,0.633519,0.616447,0.487776,0.581366,0.619282,0.564060,0.624902,0.616517,0.630528,0.605665,0.576600,0.577308,0.605334,0.544527,0.637641,0.643407,0.649330,0.675930,0.610961,0.595007,0.555089,0.550860,0.598261,0.608653,0.570601,0.543043,0.556722,0.605490,0.621453,0.592927,0.627956,0.525502,0.637109,0.617339,0.562793,0.533540,0.598261,0.559378,0.474629,0.613124,0.528206,0.620941,0.541975,0.550968,0.637029,0.597133,0.507467,0.616146,0.615037,0.661586,0.640808,0.641471,0.572562,0.618096,0.616830,0.632890,0.545203,0.599195,0.623978,0.562230,0.608189,0.640667,0.600338,0.575086,0.568468,0.624158,0.615436,0.571694,0.646216,0.659571,0.645005,0.584319,0.521328,0.608391,0.594730,0.565345,0.563615,0.606575,0.558550,0.564328,0.620703,0.604841,0.550670,0.514162,0.628231,0.533975,0.617472,0.620346,0.585003,0.558659,0.653455,0.597199,0.600211,#
1,0.570224,1.000000,0.587717,0.589980,0.557259,0.588735,0.561141,0.609632,0.672777,0.551294,0.607149,0.589293,0.556838,0.543933,0.527011,0.573813,0.583410,0.576727,0.573080,0.559226,0.586701,0.639670,0.564741,0.516542,0.578577,0.524152,0.578286,0.644474,0.472991,0.564557,0.598526,0.575848,0.535159,0.597782,0.504793,0.615087,0.564116,0.605131,0.629287,0.552887,0.562391,0.509412,0.607583,0.532708,0.593222,0.555985,0.624774,0.557467,0.616739,0.501221,0.566152,0.603918,0.624762,0.575780,0.618078,0.577158,0.565714,0.541758,0.521475,0.515031,0.581142,0.550874,0.561742,0.551773,0.552066,0.587620,0.582290,0.588949,0.582586,0.615804,0.567949,0.584975,0.658620,0.538929,0.584118,0.551477,0.543105,0.509518,0.624569,0.541365,0.595059,0.584188,0.555672,0.557710,0.642007,0.552338,0.612677,0.640273,0.607948,0.540557,0.541502,0.533379,0.566643,0.601082,0.596130,0.548320,0.562861,0.534782,0.572512,0.567530,0.626427,0.520786,0.557119,0.568902,0.514017,0.637295,0.550530,0.610650,0.602688,0.550750,0.559683,0.558434,0.531823,0.602456,0.543895,0.592807,0.593800,0.566040,0.513906,0.538955,0.512673,0.587401,0.554384,0.598433,0.597508,0.541597,0.568945,0.561605,0.584032,0.616495,0.506794,0.651294,0.528706,0.558320,0.628699,0.559926,0.614603,0.609193,0.573876,0.623341,0.634373,0.559434,0.605223,0.645468,0.610453,0.504366,0.531448,0.539838,0.613679,0.498062,0.605554,0.629651,0.563651,0.458369,0.644650,0.589642,0.557476,0.589258,0.484257,0.482193,0.532490,0.610559,0.622031,0.620113,0.581554,0.482616,0.549837,0.475955,0.528102,0.560202,0.608028,0.589044,0.592856,0.539071,0.552941,0.605201,0.583309,0.648947,0.520232,0.516101,0.579699,0.534215,0.526884,0.587546,0.594221,0.627805,0.558705,0.461351,0.616131,0.595588,0.579087,0.610659,0.528425,0.569770,0.597701,0.479637,0.502856,0.642471,0.519934,0.594639,#
2,0.561540,0.587717,1.000000,0.563203,0.579129,0.589880,0.591694,0.583284,0.614963,0.535145,0.613538,0.560601,0.500939,0.597728,0.493576,0.583824,0.515870,0.577800,0.561995,0.565088,0.582490,0.578489,0.480776,0.587796,0.536107,0.569268,0.640332,0.612429,0.557955,0.562366,0.570493,0.571075,0.564092,0.533223,0.548813,0.547259,0.557916,0.562399,0.611720,0.510745,0.544339,0.546421,0.618238,0.502918,0.564602,0.556117,0.590622,0.516130,0.545228,0.548534,0.590131,0.668128,0.601725,0.570363,0.612525,0.580636,0.587404,0.537114,0.610398,0.574573,0.672479,0.556625,0.533385,0.600923,0.601951,0.557115,0.529868,0.566251,0.550701,0.571527,0.547351,0.592746,0.556214,0.583295,0.610952,0.562200,0.531858,0.488682,0.568300,0.573665,0.603142,0.579793,0.611536,0.478776,0.624846,0.578141,0.576378,0.650463,0.547070,0.523786,0.537407,0.556745,0.642751,0.627730,0.571292,0.609225,0.584579,0.540477,0.633822,0.549299,0.559130,0.528357,0.533952,0.572173,0.464519,0.649261,0.586192,0.606025,0.565811,0.501716,0.612836,0.559530,0.591763,0.588939,0.518787,0.561429,0.584938,0.592838,0.476209,0.565587,0.527279,0.519944,0.517539,0.626913,0.595267,0.499116,0.594770,0.590964,0.561121,0.599180,0.543689,0.608904,0.599725,0.631307,0.627039,0.560520,0.604647,0.601936,0.621429,0.568202,0.539934,0.598914,0.516444,0.499131,0.595628,0.525726,0.465221,0.521634,0.551525,0.508613,0.594971,0.610192,0.621914,0.568082,0.570879,0.551559,0.583337,0.482239,0.577613,0.522933,0.482401,0.549337,0.603534,0.580420,0.506171,0.582297,0.565629,0.472058,0.556651,0.557687,0.555112,0.607516,0.602809,0.521586,0.570827,0.578122,0.562625,0.618339,0.492989,0.480255,0.565082,0.616414,0.412301,0.634906,0.560853,0.611889,0.539975,0.487170,0.587659,0.549587,0.554767,0.582305,0.654636,0.605680,0.581776,0.521522,0.465700,0.589467,0.543021,0.619600,#
3,0.590723,0.589980,0.563203,1.000000,0.618854,0.588231,0.573814,0.586401,0.695288,0.583820,0.621291,0.570355,0.533090,0.583210,0.573951,0.603219,0.589060,0.642584,0.664791,0.599615,0.610966,0.594252,0.590702,0.609510,0.594566,0.592200,0.631752,0.618653,0.576070,0.614741,0.595632,0.636033,0.662288,0.614932,0.534830,0.600700,0.567392,0.659083,0.621144,0.634512,0.578399,0.610036,0.648647,0.629418,0.576368,0.645273,0.568475,0.586347,0.583042,0.518947,0.616736,0.612556,0.644570,0.525593,0.565374,0.647455,0.573315,0.570977,0.586700,0.630934,0.600001,0.543698,0.553719,0.586759,0.698506,0.547767,0.516340,0.537169,0.479351,0.599326,0.546350,0.595630,0.630180,0.564167,0.567257,0.548812,0.551321,0.542632,0.559774,0.548138,0.652998,0.591510,0.649636,0.522612,0.644672,0.607535,0.619573,0.581669,0.612093,0.583874,0.619046,0.582650,0.603491,0.618261,0.605188,0.593424,0.576018,0.492619,0.631802,0.534608,0.588002,0.540206,0.574017,0.536284,0.646353,0.585130,0.583905,0.616870,0.557239,0.546586,0.594520,0.525727,0.552223,0.616546,0.560087,0.603635,0.546049,0.607664,0.528592,0.557822,0.547378,0.626189,0.575933,0.592722,0.584578,0.616445,0.602687,0.642165,0.534574,0.565878,0.618041,0.631078,0.573222,0.609442,0.616268,0.631087,0.603296,0.606016,0.565693,0.591598,0.528890,0.657534,0.626777,0.507034,0.589826,0.586262,0.596199,0.661416,0.582663,0.586738,0.571679,0.599959,0.562256,0.583153,0.652306,0.530244,0.580144,0.567730,0.656322,0.537413,0.566232,0.575280,0.612022,0.593967,0.556021,0.558671,0.596372,0.533704,0.585134,0.541459,0.611044,0.569815,0.598927,0.546195,0.564527,0.609713,0.635021,0.632230,0.529565,0.557176,0.532449,0.655566,0.548400,0.538222,0.547687,0.607164,0.568675,0.508490,0.612964,0.647898,0.602084,0.590343,0.586876,0.553543,0.624342,0.558731,0.575238,0.597111,0.548981,0.549988,#
4,0.579447,0.557259,0.579129,0.618854,1.000000,0.662778,0.578138,0.601722,0.619433,0.575694,0.527642,0.603464,0.567361,0.602713,0.550004,0.606166,0.615406,0.664664,0.630241,0.673108,0.693697,0.563046,0.556323,0.628041,0.559760,0.606106,0.605836,0.559238,0.577045,0.576937,0.624973,0.611365,0.620124,0.561451,0.542699,0.586038,0.655198,0.615384,0.595533,0.609198,0.606960,0.579294,0.577251,0.560907,0.602143,0.661786,0.617720,0.609114,0.627358,0.541526,0.590394,0.592862,0.641986,0.576546,0.662386,0.660358,0.557654,0.596005,0.633657,0.595430,0.573288,0.592111,0.578686,0.560948,0.608133,0.564865,0.549190,0.577625,0.528322,0.596130,0.597585,0.635246,0.613963,0.620168,0.571583,0.480562,0.544270,0.581037,0.604374,0.630629,0.602769,0.600341,0.606376,0.514582,0.661852,0.571310,0.582665,0.581749,0.588688,0.589335,0.628651,0.518224,0.614265,0.609803,0.609417,0.609487,0.585734,0.516303,0.519926,0.556990,0.603211,0.569648,0.635073,0.583263,0.543702,0.655196,0.571122,0.610285,0.640260,0.591542,0.577319,0.608097,0.582696,0.682419,0.578127,0.549432,0.633936,0.618267,0.513485,0.545665,0.518349,0.602686,0.624676,0.586938,0.625802,0.574593,0.590551,0.607758,0.658087,0.602255,0.638296,0.590770,0.584973,0.646472,0.675918,0.607957,0.597473,0.597016,0.594359,0.559812,0.563981,0.575737,0.638373,0.544743,0.595707,0.559988,0.595251,0.624700,0.567895,0.574390,0.607869,0.684876,0.577233,0.594614,0.702928,0.601344,0.674165,0.555175,0.557815,0.549156,0.572143,0.540356,0.650730,0.486591,0.511043,0.538168,0.520517,0.508166,0.585494,0.579449,0.551528,0.608386,0.694197,0.597661,0.627380,0.650714,0.659659,0.663959,0.558414,0.574018,0.578161,0.540152,0.577191,0.553050,0.643552,0.654513,0.495217,0.623377,0.613666,0.631904,0.486812,0.590112,0.549176,0.611428,0.590418,0.555384,0.571060,0.597517,0.630403,0.591654,#
5,0.607355,0.588735,0.589880,0.588231,0.662778,1.000000,0.539699,0.634536,0.634199,0.560462,0.609519,0.574372,0.546113,0.551722,0.579642,0.631211,0.597946,0.625307,0.528575,0.660883,0.598044,0.576464,0.587995,0.597277,0.593319,0.571607,0.671685,0.629721,0.571293,0.579323,0.656611,0.640358,0.636531,0.596842,0.546621,0.625315,0.603105,0.597201,0.594492,0.585763,0.660555,0.557925,0.582319,0.581031,0.633308,0.671227,0.626803,0.573184,0.668233,0.491872,0.631975,0.630878,0.594671,0.588206,0.580948,0.680584,0.597367,0.571535,0.720245,0.608247,0.599131,0.624743,0.621737,0.634973,0.661175,0.575856,0.545237,0.589140,0.575115,0.526438,0.597800,0.590671,0.657485,0.614601,0.551176,0.566619,0.618210,0.556314,0.607088,0.595008,0.655941,0.588692,0.642607,0.539205,0.588317,0.593188,0.632792,0.652089,0.621853,0.518297,0.523633,0.581518,0.673170,0.695675,0.598809,0.611082,0.590105,0.570960,0.639343,0.581766,0.598964,0.587873,0.592800,0.627438,0.554403,0.691267,0.610684,0.613616,0.588679,0.569531,0.565824,0.638575,0.545575,0.599586,0.536413,0.562604,0.633012,0.618508,0.480288,0.597010,0.521956,0.628103,0.571326,0.631396,0.559090,0.560763,0.615263,0.560760,0.597025,0.624556,0.658612,0.642722,0.636997,0.662562,0.656646,0.623150,0.641663,0.617575,0.556148,0.572165,0.586381,0.569712,0.624072,0.598080,0.632518,0.530548,0.563746,0.581085,0.613545,0.560372,0.642525,0.640403,0.599287,0.557334,0.631259,0.564306,0.653799,0.592817,0.610306,0.534444,0.595534,0.584790,0.647121,0.572593,0.593773,0.562110,0.492590,0.618661,0.619365,0.604685,0.674583,0.623189,0.638916,0.568045,0.598092,0.611070,0.613239,0.650646,0.579734,0.576957,0.641002,0.572481,0.615456,0.590697,0.625013,0.652412,0.608999,0.547605,0.579017,0.585379,0.515289,0.633575,0.564251,0.567671,0.565478,0.517695,0.523780,0.614146,0.595292,0.606890,#
6,0.606425,0.561141,0.591694,0.573814,0.578138,0.539699,1.000000,0.555349,0.592219,0.501229,0.558342,0.554337,0.569218,0.636596,0.471270,0.558689,0.588243,0.619731,0.607263,0.509757,0.666041,0.568045,0.474517,0.575525,0.551881,0.572901,0.591320,0.579492,0.502095,0.609655,0.570212,0.590004,0.553094,0.576367,0.558125,0.569105,0.517447,0.561086,0.545276,0.611606,0.558765,0.571149,0.602972,0.530451,0.645255,0.537211,0.569673,0.489210,0.653246,0.549048,0.609132,0.632216,0.613470,0.510440,0.587660,0.618216,0.545838,0.602964,0.630612,0.582914,0.612757,0.521183,0.565326,0.546658,0.653342,0.579267,0.600719,0.552760,0.558075,0.558688,0.553895,0.586585,0.560750,0.654333,0.575310,0.517831,0.562285,0.533252,0.590280,0.523692,0.566478,0.582657,0.592547,0.529217,0.537878,0.599926,0.588585,0.565491,0.576179,0.553828,0.536790,0.498886,0.549708,0.572027,0.560333,0.556845,0.638305,0.545619,0.558861,0.589896,0.575528,0.572251,0.619708,0.581445,0.497913,0.581119,0.627749,0.528401,0.588313,0.522130,0.522632,0.571312,0.488345,0.555268,0.546021,0.525272,0.654374,0.588576,0.512747,0.526806,0.570611,0.590841,0.536849,0.640745,0.638670,0.608337,0.550852,0.580451,0.458648,0.543310,0.565568,0.573080,0.573238,0.552569,0.591937,0.596675,0.599676,0.564813,0.620689,0.610916,0.575016,0.613468,0.533715,0.519644,0.528748,0.550945,0.552932,0.537751,0.559666,0.480977,0.650548,0.599915,0.563648,0.461521,0.609262,0.561177,0.565316,0.607695,0.619414,0.528701,0.530046,0.582015,0.599500,0.589740,0.572373,0.562186,0.566472,0.478776,0.557178,0.563309,0.584657,0.567738,0.542109,0.507890,0.578641,0.608390,0.583823,0.586207,0.581006,0.503394,0.582277,0.518020,0.579746,0.589697,0.567558,0.614102,0.498567,0.586104,0.520764,0.575988,0.495403,0.605633,0.536082,0.615282,0.578981,0.512776,0.566371,0.623732,0.593190,0.582123,#
7,0.580146,0.609632,0.583284,0.586401,0.601722,0.634536,0.555349,1.000000,0.706501,0.553098,0.633392,0.622354,0.574359,0.607247,0.620567,0.571672,0.639594,0.635088,0.605613,0.577074,0.608852,0.577781,0.649390,0.632968,0.635992,0.620900,0.603973,0.649849,0.573540,0.608524,0.544737,0.608263,0.591042,0.601055,0.529091,0.577326,0.612772,0.558944,0.633253,0.585106,0.617486,0.539267,0.600043,0.618563,0.632936,0.618524,0.605424,0.596722,0.574021,0.523661,0.677652,0.627394,0.613943,0.637179,0.599907,0.600028,0.585134,0.668798,0.607999,0.589941,0.556439,0.602957,0.628590,0.572805,0.647876,0.619758,0.617477,0.589419,0.602094,0.650869,0.598777,0.505859,0.689865,0.604476,0.568243,0.561864,0.563780,0.541420,0.610901,0.621051,0.633814,0.610182,0.630009,0.542293,0.627949,0.600189,0.678149,0.614809,0.579584,0.582779,0.568900,0.608480,0.603411,0.634672,0.636966,0.540500,0.605376,0.611195,0.586375,0.600304,0.616583,0.538645,0.580868,0.597490,0.561601,0.646033,0.579207,0.605884,0.561119,0.504665,0.646767,0.576711,0.592318,0.629628,0.638489,0.613471,0.592657,0.547320,0.478863,0.652178,0.571648,0.623439,0.558770,0.667236,0.674495,0.586179,0.610059,0.640222,0.541371,0.543433,0.583702,0.567174,0.635743,0.553901,0.688692,0.674225,0.571316,0.646538,0.559521,0.634938,0.591295,0.583761,0.622959,0.528145,0.604183,0.563087,0.601833,0.541593,0.614913,0.580986,0.602750,0.631000,0.618297,0.581434,0.628205,0.654359,0.619971,0.623703,0.613816,0.569808,0.603878,0.544936,0.693900,0.525299,0.534833,0.593758,0.612115,0.513837,0.582202,0.566074,0.661535,0.646613,0.620607,0.602218,0.606309,0.624562,0.598175,0.615980,0.507910,0.601066,0.627143,0.578882,0.561816,0.594496,0.555264,0.662563,0.538466,0.483868,0.583781,0.649505,0.606028,0.593698,0.557641,0.545729,0.599008,0.522865,0.544782,0.635053,0.596489,0.591782,#
8,0.591290,0.672777,0.614963,0.695288,0.619433,0.634199,0.592219,0.706501,1.000000,0.613836,0.607144,0.634264,0.607606,0.591330,0.619580,0.665541,0.576542,0.652230,0.609515,0.597417,0.591741,0.656679,0.638125,0.623811,0.531392,0.608663,0.599679,0.675710,0.561407,0.646342,0.557428,0.629109,0.571578,0.602135,0.541538,0.621049,0.606412,0.604534,0.602721,0.614417,0.597953,0.622766,0.666210,0.570036,0.655442,0.590478,0.553432,0.571687,0.646150,0.560382,0.650174,0.677553,0.605436,0.656605,0.613896,0.687391,0.587594,0.673507,0.601767,0.626716,0.640843,0.588632,0.638853,0.582019,0.652005,0.660629,0.607653,0.598871,0.643335,0.662361,0.591972,0.568156,0.670182,0.661120,0.612369,0.572272,0.590867,0.582275,0.596279,0.639064,0.634236,0.613910,0.617544,0.562723,0.648353,0.632304,0.600552,0.613810,0.562517,0.592102,0.584251,0.612892,0.657683,0.592855,0.696619,0.613018,0.629618,0.570882,0.647057,0.565581,0.625123,0.555938,0.640909,0.637517,0.587036,0.631469,0.637248,0.654233,0.559611,0.595129,0.618546,0.594070,0.586786,0.627013,0.645185,0.646354,0.613960,0.556235,0.559061,0.676786,0.580809,0.590389,0.613650,0.628002,0.624387,0.643792,0.621580,0.674710,0.561799,0.627746,0.577318,0.558374,0.636017,0.649934,0.707244,0.628771,0.588150,0.624389,0.547118,0.612378,0.613020,0.644420,0.681914,0.573197,0.588539,0.542677,0.624114,0.558977,0.645262,0.565012,0.631020,0.628637,0.608188,0.651212,0.665228,0.659076,0.652506,0.660868,0.624994,0.624310,0.580895,0.592883,0.675245,0.614197,0.613736,0.569195,0.585690,0.520969,0.619593,0.640893,0.646524,0.617303,0.629366,0.566121,0.660068,0.626121,0.587229,0.679338,0.559574,0.537504,0.617091,0.617596,0.526856,0.640051,0.612988,0.651832,0.568774,0.520945,0.620512,0.629390,0.589580,0.621787,0.636942,0.591234,0.626082,0.542853,0.597783,0.601812,0.604656,0.606261,#
9,0.527240,0.551294,0.535145,0.583820,0.575694,0.560462,0.501229,0.553098,0.613836,1.000000,0.584184,0.468266,0.545082,0.577198,0.582866,0.562258,0.565521,0.540091,0.569523,0.593179,0.638670,0.557010,0.573354,0.592272,0.506588,0.508100,0.582647,0.632457,0.512297,0.625257,0.559147,0.537055,0.527333,0.611834,0.606388,0.557264,0.517701,0.565868,0.556620,0.548213,0.615863,0.567347,0.584183,0.487238,0.590144,0.578415,0.519675,0.512802,0.522700,0.477077,0.546089,0.580524,0.511950,0.534778,0.511263,0.593086,0.512914,0.585228,0.608661,0.543885,0.582530,0.561345,0.600933,0.608328,0.596912,0.620937,0.538368,0.561592,0.559923,0.515423,0.588136,0.556597,0.558078,0.568713,0.549585,0.536153,0.457501,0.537497,0.594985,0.623358,0.553360,0.580850,0.502943,0.499802,0.618803,0.524731,0.564372,0.613729,0.496747,0.431820,0.530885,0.586345,0.624919,0.542637,0.607785,0.563674,0.564371,0.582736,0.568249,0.444787,0.539894,0.527662,0.603685,0.568559,0.612322,0.626634,0.552966,0.506692,0.578540,0.549464,0.591060,0.550643,0.591666,0.658601,0.478747,0.606388,0.481063,0.546661,0.490304,0.514317,0.517273,0.588996,0.534615,0.587750,0.538890,0.540897,0.534917,0.556400,0.574472,0.562610,0.510612,0.554724,0.576036,0.622298,0.602131,0.543355,0.548545,0.580235,0.504628,0.544483,0.501140,0.629767,0.614151,0.560418,0.514094,0.544609,0.551551,0.568534,0.562098,0.544776,0.511211,0.529994,0.590336,0.569310,0.627854,0.563847,0.558302,0.609083,0.588997,0.519952,0.573381,0.548572,0.582526,0.612537,0.550467,0.506458,0.504276,0.488868,0.636617,0.518874,0.596142,0.601499,0.553609,0.573247,0.562083,0.668103,0.539483,0.615706,0.545704,0.531828,0.560191,0.519825,0.553049,0.565551,0.561867,0.652480,0.489832,0.483289,0.641132,0.562637,0.554747,0.590713,0.524966,0.561002,0.529372,0.493410,0.500662,0.568662,0.514871,0.549696,#
10,0.617461,0.607149,0.613538,0.621291,0.527642,0.609519,0.558342,0.633392,0.607144,0.584184,1.000000,0.557532,0.532952,0.572318,0.532393,0.595192,0.579523,0.587276,0.610940,0.587935,0.599677,0.516347,0.566040,0.632544,0.531304,0.548784,0.577026,0.692627,0.523243,0.642803,0.559593,0.592530,0.584781,0.595562,0.610694,0.604089,0.568110,0.603697,0.632970,0.556180,0.639041,0.557936,0.572238,0.524685,0.620799,0.642501,0.612633,0.600898,0.640312,0.618664,0.577705,0.621789,0.613377,0.558568,0.570451,0.609573,0.588526,0.596005,0.587256,0.602344,0.624574,0.629220,0.634006,0.660904,0.682896,0.544012,0.590034,0.514050,0.556088,0.578484,0.556513,0.620151,0.646720,0.568426,0.522310,0.598120,0.549256,0.588350,0.589414,0.553432,0.698141,0.611396,0.603711,0.576572,0.626028,0.543206,0.645009,0.664867,0.585093,0.595753,0.541507,0.621742,0.650614,0.634310,0.595486,0.652039,0.572027,0.541540,0.662940,0.606129,0.561665,0.518469,0.612282,0.621655,0.646699,0.588489,0.544181,0.615259,0.570733,0.534373,0.586978,0.593024,0.559430,0.600744,0.572601,0.655165,0.572364,0.547433,0.545026,0.604627,0.579654,0.651324,0.491780,0.600486,0.532691,0.570635,0.654222,0.630389,0.570752,0.544384,0.541687,0.574747,0.556434,0.571314,0.644403,0.599033,0.564550,0.631331,0.549909,0.613783,0.672050,0.561891,0.566499,0.571287,0.558380,0.470340,0.519014,0.529963,0.618793,0.525024,0.618369,0.636909,0.627498,0.520282,0.620161,0.578029,0.659298,0.615812,0.627451,0.551652,0.648693,0.540937,0.642728,0.599770,0.591009,0.545942,0.629954,0.528718,0.610192,0.631347,0.632691,0.590296,0.526022,0.540697,0.600275,0.597337,0.636153,0.675718,0.489090,0.593399,0.595235,0.544214,0.614942,0.541236,0.578223,0.626175,0.501540,0.497523,0.574372,0.647972,0.614014,0.560417,0.573533,0.568343,0.628495,0.562058,0.514608,0.660476,0.585380,0.637547,#
11,0.566208,0.589293,0.560601,0.570355,0.603464,0.574372,0.554337,0.622354,0.634264,0.468266,0.557532,1.000000,0.577997,0.576412,0.496556,0.550701,0.582601,0.641888,0.595351,0.484862,0.568566,0.581705,0.517808,0.525067,0.548750,0.579540,0.505727,0.600878,0.530406,0.562088,0.558085,0.572628,0.578445,0.556388,0.499490,0.560385,0.617501,0.556379,0.532821,0.603082,0.545647,0.562868,0.622247,0.548710,0.567496,0.587037,0.585186,0.555761,0.581753,0.530112,0.578058,0.605286,0.575967,0.586879,0.575588,0.565544,0.459479,0.614665,0.566525,0.545221,0.526017,0.515727,0.608405,0.534237,0.601298,0.579343,0.569216,0.574523,0.591690,0.622299,0.558166,0.553137,0.605869,0.574770,0.531268,0.457557,0.583732,0.531021,0.549496,0.488878,0.596535,0.559272,0.601115,0.493475,0.596237,0.532008,0.528272,0.566280,0.552621,0.494897,0.518264,0.589332,0.606458,0.595525,0.598712,0.603403,0.566421,0.516727,0.597488,0.563255,0.544927,0.549387,0.547558,0.581521,0.542132,0.635667,0.538728,0.619277,0.590099,0.579029,0.631330,0.583896,0.579370,0.602662,0.455505,0.608732,0.552113,0.579327,0.454070,0.599543,0.467198,0.597233,0.563788,0.578338,0.592597,0.547439,0.548501,0.550241,0.572113,0.541838,0.581109,0.542946,0.597826,0.597438,0.625473,0.564570,0.541356,0.608307,0.522106,0.585094,0.581448,0.509197,0.577218,0.583086,0.626170,0.460341,0.597935,0.541252,0.532577,0.535218,0.563810,0.610769,0.575476,0.547155,0.623468,0.559847,0.620704,0.525258,0.612679,0.488916,0.524554,0.582270,0.614980,0.528482,0.574253,0.442821,0.583750,0.463960,0.560697,0.624135,0.576575,0.574244,0.583248,0.546380,0.558865,0.598114,0.555359,0.597481,0.482548,0.563505,0.585529,0.509424,0.559201,0.520305,0.576815,0.557374,0.494788,0.573620,0.565932,0.614277,0.563801,0.550381,0.616468,0.598940,0.603276,0.537203,0.536772,0.575547,0.548389,0.533767,#
12,0.560358,0.556838,0.500939,0.533090,0.567361,0.546113,0.569218,0.574359,0.607606,0.545082,0.532952,0.577997,1.000000,0.594098,0.603795,0.530154,0.623415,0.624169,0.625512,0.586676,0.582677,0.552559,0.584565,0.603316,0.503673,0.552968,0.555278,0.619513,0.587372,0.540185,0.502897,0.577340,0.587449,0.570248,0.575008,0.604151,0.559494,0.563086,0.557936,0.613205,0.507773,0.491985,0.566579,0.627277,0.594770,0.586306,0.586438,0.489981,0.591375,0.516701,0.650270,0.571571,0.561636,0.594326,0.637740,0.589940,0.507696,0.593435,0.544118,0.487093,0.534942,0.594919,0.499384,0.575079,0.670780,0.568065,0.542899,0.517870,0.589217,0.574807,0.565102,0.535972,0.629259,0.581428,0.605771,0.569795,0.584809,0.471625,0.568863,0.568706,0.610620,0.560228,0.562657,0.545387,0.527393,0.573207,0.570785,0.599627,0.602402,0.524950,0.537599,0.534212,0.582808,0.505149,0.553818,0.620610,0.685046,0.581732,0.530170,0.492305,0.534175,0.556177,0.594654,0.603606,0.548142,0.577622,0.540203,0.524598,0.561942,0.532787,0.596620,0.549366,0.537438,0.587057,0.606033,0.553781,0.573521,0.509312,0.529056,0.526931,0.548141,0.580968,0.571965,0.633027,0.604480,0.522981,0.560975,0.503575,0.494231,0.548500,0.542391,0.526938,0.497915,0.562833,0.584015,0.550642,0.567569,0.592062,0.578510,0.546913,0.623699,0.641869,0.580543,0.556554,0.538248,0.509224,0.577206,0.528286,0.567883,0.614049,0.521996,0.635325,0.572880,0.469518,0.563501,0.666436,0.605711,0.566229,0.602008,0.552965,0.560107,0.628649,0.619968,0.553286,0.634875,0.454858,0.577538,0.569860,0.535058,0.533509,0.619355,0.604069,0.570773,0.579223,0.556461,0.578614,0.644419,0.664314,0.526345,0.456202,0.572301,0.579963,0.570819,0.538231,0.521538,0.588073,0.536279,0.602053,0.551015,0.529984,0.554875,0.526638,0.540862,0.603921,0.530247,0.561010,0.534191,0.596107,0.596169,0.466960,#
13,0.574139,0.543933,0.597728,0.583210,0.602713,0.551722,0.636596,0.607247,0.591330,0.577198,0.572318,0.576412,0.594098,1.000000,0.558835,0.569553,0.612028,0.647080,0.645453,0.604904,0.662485,0.578098,0.598947,0.602275,0.540811,0.606287,0.592636,0.663976,0.586660,0.631545,0.531568,0.611654,0.639545,0.639718,0.549801,0.576197,0.598807,0.640123,0.587870,0.634604,0.648914,0.589087,0.611025,0.568286,0.695444,0.629149,0.588499,0.581681,0.655075,0.544044,0.634028,0.677336,0.575205,0.618708,0.624130,0.660603,0.558455,0.637339,0.615935,0.611314,0.645954,0.616611,0.601221,0.656187,0.650763,0.593565,0.628809,0.574415,0.620695,0.586848,0.555774,0.602412,0.546731,0.651904,0.656593,0.596615,0.608912,0.555454,0.658486,0.633792,0.623839,0.630222,0.637374,0.590500,0.593041,0.609803,0.575740,0.580025,0.648504,0.571081,0.562044,0.585720,0.627524,0.649239,0.620970,0.550110,0.627236,0.551319,0.573323,0.656297,0.595892,0.596746,0.625033,0.715776,0.585972,0.689067,0.595240,0.638582,0.627354,0.573805,0.617168,0.617682,0.635109,0.665383,0.611368,0.638287,0.600231,0.666200,0.546142,0.640735,0.587713,0.618155,0.573242,0.612166,0.639039,0.549001,0.605219,0.549369,0.576416,0.576152,0.554265,0.598325,0.580919,0.590463,0.676570,0.596107,0.601479,0.625733,0.640844,0.608918,0.520760,0.650544,0.694788,0.616512,0.548836,0.586137,0.602273,0.589032,0.607867,0.575767,0.586062,0.656439,0.583731,0.631164,0.613787,0.633225,0.604595,0.609265,0.679316,0.581360,0.607177,0.650031,0.625495,0.625315,0.589676,0.567418,0.583082,0.531239,0.657494,0.558127,0.627708,0.658887,0.650336,0.604635,0.652218,0.648915,0.639074,0.713430,0.604358,0.526999,0.580741,0.627378,0.595371,0.597709,0.665697,0.667585,0.587465,0.596400,0.522478,0.603191,0.590493,0.624538,0.610905,0.674633,0.615548,0.520392,0.598823,0.607725,0.624048,0.568081,#
14,0.575480,0.527011,0.493576,0.573951,0.550004,0.579642,0.471270,0.620567,0.619580,0.582866,0.532393,0.496556,0.603795,0.558835,1.000000,0.595695,0.576838,0.541983,0.574775,0.597115,0.598061,0.527656,0.524889,0.630833,0.503139,0.461585,0.599031,0.598814,0.554142,0.577961,0.515893,0.622374,0.553979,0.549059,0.563542,0.527262,0.522999,0.566868,0.568833,0.543213,0.515244,0.508839,0.593795,0.522546,0.602622,0.610228,0.538733,0.479973,0.490349,0.507048,0.577205,0.531285,0.545225,0.641943,0.571742,0.587613,0.545652,0.546502,0.575721,0.508419,0.573175,0.607065,0.563296,0.550898,0.559855,0.467125,0.534753,0.547835,0.519238,0.603087,0.557430,0.518000,0.577377,0.542880,0.629474,0.534096,0.575917,0.518858,0.546850,0.479945,0.602494,0.608544,0.584909,0.580477,0.566763,0.561778,0.542963,0.594163,0.563401,0.462807,0.478162,0.495381,0.595716,0.610581,0.598379,0.576991,0.673996,0.546117,0.527120,0.449754,0.591436,0.559654,0.598876,0.551327,0.590958,0.583080,0.540197,0.521442,0.512322,0.503385,0.572725,0.503444,0.584843,0.599105,0.519191,0.557073,0.553624,0.505561,0.482091,0.544541,0.567786,0.602077,0.512216,0.567371,0.630744,0.439924,0.541257,0.607119,0.494550,0.583397,0.501318,0.526579,0.519862,0.564095,0.581871,0.565529,0.510472,0.583468,0.524087,0.569965,0.534901,0.594038,0.524953,0.562645,0.483099,0.581028,0.600091,0.532099,0.516252,0.468521,0.569381,0.564953,0.480639,0.519456,0.631961,0.586344,0.572577,0.547212,0.534597,0.539468,0.529154,0.504678,0.615385,0.522869,0.505358,0.459234,0.501639,0.480584,0.536035,0.599291,0.579968,0.549013,0.585797,0.555668,0.530613,0.590385,0.592915,0.622504,0.528011,0.451769,0.553923,0.613467,0.548476,0.533275,0.556960,0.548052,0.558016,0.435823,0.514819,0.584872,0.461312,0.538828,0.573077,0.575305,0.531614,0.497665,0.500181,0.523737,0.523769,0.467564,#
15,0.660272,0.573813,0.583824,0.603219,0.606166,0.631211,0.558689,0.571672,0.665541,0.562258,0.595192,0.550701,0.530154,0.569553,0.595695,1.000000,0.630610,0.642016,0.616149,0.593915,0.585759,0.583745,0.574801,0.638102,0.560775,0.587144,0.590768,0.583723,0.558680,0.640157,0.577316,0.643485,0.554960,0.623651,0.537275,0.645184,0.611185,0.574950,0.656407,0.547562,0.570219,0.575851,0.598858,0.535611,0.649682,0.590453,0.541400,0.633489,0.626372,0.597913,0.541954,0.676659,0.603593,0.584468,0.597811,0.602145,0.571979,0.582600,0.610188,0.572590,0.615307,0.564848,0.599038,0.623295,0.586101,0.625401,0.541472,0.583921,0.522159,0.505860,0.593809,0.558694,0.561181,0.546933,0.575518,0.526214,0.570534,0.543085,0.577092,0.568792,0.647283,0.594564,0.531863,0.616312,0.665586,0.610350,0.573078,0.669808,0.573065,0.549875,0.541003,0.528858,0.593885,0.589140,0.580916,0.552801,0.615828,0.526570,0.542915,0.530449,0.652059,0.531495,0.616676,0.591684,0.532348,0.637855,0.599873,0.616605,0.524125,0.598181,0.532298,0.563527,0.562201,0.608893,0.517802,0.574075,0.565133,0.567482,0.545917,0.539256,0.581341,0.580689,0.572446,0.602452,0.563692,0.565280,0.621175,0.605072,0.557832,0.651929,0.522224,0.538046,0.554954,0.568431,0.612475,0.559101,0.526158,0.548629,0.597379,0.554903,0.546714,0.577768,0.582950,0.530126,0.578010,0.505894,0.560103,0.565528,0.621748,0.516012,0.589572,0.573799,0.642928,0.582946,0.601725,0.606921,0.658624,0.583705,0.586758,0.569328,0.557162,0.575929,0.685599,0.495724,0.585754,0.579362,0.607363,0.589991,0.646674,0.525698,0.527681,0.633058,0.531777,0.595442,0.595599,0.634959,0.637084,0.637354,0.537264,0.549921,0.604731,0.565821,0.540796,0.619342,0.570652,0.622451,0.500721,0.552089,0.515699,0.610850,0.510698,0.586847,0.594519,0.577044,0.560145,0.514781,0.584948,0.637526,0.593297,0.542950,#
16,0.653076,0.583410,0.515870,0.589060,0.615406,0.597946,0.588243,0.639594,0.576542,0.565521,0.579523,0.582601,0.623415,0.612028,0.576838,0.630610,1.000000,0.635651,0.602932,0.643432,0.671839,0.609040,0.521358,0.606531,0.541509,0.626308,0.628960,0.532377,0.522814,0.639500,0.581442,0.638547,0.622469,0.635683,0.583788,0.602381,0.605372,0.578035,0.610427,0.581890,0.588243,0.579728,0.598177,0.564624,0.610624,0.652030,0.543961,0.580967,0.593540,0.570142,0.585266,0.613127,0.631575,0.664247,0.610933,0.632011,0.518288,0.608559,0.623352,0.538381,0.550422,0.648101,0.608705,0.626091,0.654220,0.556341,0.545523,0.630184,0.615611,0.658338,0.544079,0.605951,0.671671,0.581291,0.572872,0.574691,0.538595,0.572600,0.609376,0.649970,0.640758,0.620782,0.594904,0.609324,0.620598,0.591121,0.668255,0.594314,0.615198,0.581304,0.551191,0.556997,0.636664,0.605936,0.613511,0.621325,0.645985,0.521652,0.595162,0.585381,0.571213,0.515527,0.608187,0.593101,0.560652,0.676116,0.633080,0.614806,0.620858,0.578873,0.605277,0.619811,0.617434,0.640212,0.606647,0.626840,0.644186,0.629182,0.537568,0.540404,0.587217,0.666292,0.596744,0.658353,0.655174,0.577280,0.603415,0.546218,0.538943,0.590928,0.597348,0.555949,0.664452,0.495130,0.680887,0.661202,0.566674,0.611924,0.564442,0.598612,0.569003,0.624609,0.619207,0.600237,0.588937,0.525036,0.575148,0.573489,0.611495,0.630904,0.525303,0.690050,0.562224,0.546549,0.672290,0.632109,0.628998,0.582172,0.623982,0.577232,0.553103,0.595509,0.697870,0.578314,0.575940,0.590564,0.612653,0.604142,0.627750,0.538405,0.611077,0.636907,0.566869,0.550963,0.595613,0.641688,0.566017,0.649339,0.561906,0.516656,0.595178,0.564066,0.578446,0.559612,0.617451,0.670729,0.598494,0.613840,0.569103,0.603524,0.648089,0.537328,0.549828,0.601680,0.580493,0.593770,0.556759,0.606853,0.579549,0.557878,#
17,0.659638,0.576727,0.577800,0.642584,0.664664,0.625307,0.619731,0.635088,0.652230,0.540091,0.587276,0.641888,0.624169,0.647080,0.541983,0.642016,0.635651,1.000000,0.619123,0.637380,0.658619,0.581685,0.568712,0.670489,0.634754,0.632358,0.632085,0.610643,0.557432,0.617836,0.608034,0.613538,0.608181,0.566913,0.555503,0.661754,0.562678,0.628664,0.671013,0.624896,0.656444,0.629074,0.633479,0.597151,0.617283,0.611805,0.597801,0.651100,0.636976,0.577470,0.648081,0.620341,0.616687,0.568679,0.631531,0.681344,0.602670,0.601117,0.632293,0.533879,0.592395,0.611876,0.564374,0.629742,0.643788,0.676358,0.647277,0.636829,0.604000,0.616727,0.576070,0.647230,0.611884,0.580474,0.564374,0.581301,0.598489,0.566238,0.580606,0.647872,0.640204,0.617342,0.665474,0.594518,0.596837,0.570882,0.678011,0.622637,0.628946,0.591698,0.592143,0.537683,0.666561,0.620902,0.569193,0.651613,0.639323,0.568224,0.561696,0.618267,0.632547,0.493317,0.615148,0.637536,0.560667,0.621347,0.619087,0.624205,0.570553,0.565579,0.632786,0.625014,0.581615,0.675841,0.625526,0.581219,0.594314,0.594668,0.538460,0.593929,0.581024,0.644088,0.593572,0.641921,0.683877,0.635680,0.627791,0.572949,0.551105,0.608811,0.669882,0.650960,0.643215,0.586147,0.610251,0.622181,0.612062,0.648866,0.631360,0.657609,0.640166,0.624376,0.682595,0.604110,0.620785,0.585314,0.591182,0.625465,0.603158,0.507136,0.621834,0.621042,0.580920,0.583349,0.694300,0.699280,0.688537,0.625183,0.638527,0.585647,0.593077,0.591950,0.709721,0.590889,0.617010,0.571594,0.537924,0.543379,0.624894,0.562730,0.667900,0.593957,0.617231,0.591227,0.638471,0.618756,0.637261,0.655886,0.533880,0.628629,0.634947,0.650466,0.609230,0.621784,0.624832,0.636659,0.585891,0.635197,0.587056,0.581843,0.589319,0.633903,0.638444,0.641575,0.646353,0.614877,0.565807,0.657809,0.573986,0.595526,#
18,0.650372,0.573080,0.561995,0.664791,0.630241,0.528575,0.607263,0.605613,0.609515,0.569523,0.610940,0.595351,0.625512,0.645453,0.574775,0.616149,0.602932,0.619123,1.000000,0.621130,0.642443,0.617329,0.601917,0.623853,0.576099,0.600521,0.583199,0.642424,0.574839,0.593020,0.507546,0.577441,0.628959,0.627035,0.605775,0.666632,0.594973,0.623142,0.612851,0.662412,0.655388,0.535931,0.603155,0.542718,0.684149,0.602595,0.591452,0.617682,0.585821,0.568156,0.585961,0.634074,0.652317,0.558719,0.629314,0.657181,0.551087,0.649719,0.583957,0.615212,0.613736,0.556908,0.609199,0.579341,0.687830,0.565737,0.585612,0.588468,0.525628,0.614596,0.582597,0.569746,0.593363,0.550112,0.625678,0.556115,0.612233,0.582213,0.641926,0.586282,0.594316,0.585569,0.633271,0.613812,0.597438,0.583830,0.620611,0.608718,0.614767,0.591667,0.611191,0.530222,0.624474,0.623599,0.683288,0.629181,0.653660,0.580170,0.622573,0.598915,0.633625,0.552013,0.628654,0.617676,0.627976,0.668680,0.570913,0.570923,0.606821,0.550388,0.645516,0.599751,0.655644,0.644262,0.553087,0.569663,0.581904,0.516952,0.552780,0.599074,0.578192,0.655263,0.605664,0.582695,0.614669,0.530276,0.604674,0.609758,0.638857,0.534897,0.576976,0.630208,0.542630,0.616517,0.649476,0.598377,0.642491,0.648351,0.560853,0.622757,0.559097,0.629347,0.603794,0.616784,0.579150,0.610903,0.593413,0.534088,0.576954,0.545795,0.573722,0.675808,0.588039,0.559061,0.633726,0.640070,0.636255,0.644560,0.617135,0.604937,0.604737,0.603195,0.674801,0.588064,0.599001,0.623154,0.651683,0.554516,0.595924,0.626062,0.565365,0.639944,0.627543,0.596103,0.554745,0.669035,0.633953,0.671062,0.560997,0.569260,0.577471,0.575347,0.596422,0.569428,0.608542,0.610921,0.622984,0.558550,0.582206,0.590531,0.569569,0.609657,0.586147,0.653775,0.636057,0.549948,0.574754,0.634822,0.646504,0.549407,#
19,0.592273,0.559226,0.565088,0.599615,0.673108,0.660883,0.509757,0.577074,0.597417,0.593179,0.587935,0.484862,0.586676,0.604904,0.597115,0.593915,0.643432,0.637380,0.621130,1.000000,0.613565,0.537361,0.535190,0.565087,0.523200,0.557694,0.628456,0.581967,0.576476,0.605434,0.609305,0.634523,0.563565,0.564236,0.528818,0.613238,0.562392,0.552073,0.602057,0.574057,0.616390,0.535883,0.559394,0.508834,0.580399,0.611724,0.638205,0.586054,0.589709,0.513920,0.546637,0.577615,0.566395,0.570239,0.581294,0.598750,0.604018,0.553605,0.600662,0.525646,0.608354,0.631135,0.627557,0.632641,0.655736,0.542380,0.541596,0.566890,0.502331,0.571478,0.593772,0.561849,0.595105,0.604573,0.598098,0.550893,0.543891,0.529551,0.616267,0.583182,0.609579,0.566065,0.641947,0.527225,0.565164,0.564946,0.600592,0.665242,0.601164,0.462521,0.562864,0.531022,0.637963,0.567687,0.562670,0.596626,0.633313,0.543062,0.498771,0.550040,0.580655,0.552477,0.617926,0.589190,0.589186,0.644834,0.568087,0.607217,0.554617,0.473139,0.528991,0.542940,0.604615,0.632475,0.580182,0.526128,0.637636,0.608385,0.510871,0.484103,0.541831,0.638428,0.560941,0.651104,0.658945,0.528809,0.636714,0.564114,0.592892,0.648293,0.558758,0.576086,0.576183,0.577198,0.645542,0.585035,0.569965,0.614483,0.547919,0.562693,0.531891,0.578593,0.602958,0.575733,0.556055,0.551147,0.525521,0.527484,0.600646,0.548545,0.560103,0.677865,0.558426,0.561386,0.663638,0.586589,0.627535,0.590198,0.602855,0.588286,0.610107,0.546462,0.621858,0.517874,0.604031,0.528911,0.500763,0.577951,0.619232,0.527714,0.605914,0.649504,0.639433,0.566360,0.570812,0.596376,0.615665,0.679511,0.570813,0.474652,0.502566,0.593542,0.580717,0.656524,0.631937,0.597951,0.534223,0.564912,0.592057,0.580221,0.599342,0.616087,0.537903,0.602831,0.551917,0.609036,0.471463,0.573811,0.589846,0.557954,#
20,0.617281,0.586701,0.582490,0.610966,0.693697,0.598044,0.666041,0.608852,0.591741,0.638670,0.599677,0.568566,0.582677,0.662485,0.598061,0.585759,0.671839,0.658619,0.642443,0.613565,1.000000,0.636401,0.526025,0.621220,0.598745,0.662770,0.652215,0.611048,0.588682,0.619125,0.567618,0.586067,0.611609,0.644868,0.596121,0.658832,0.632696,0.617503,0.651109,0.654990,0.634540,0.674312,0.581692,0.573536,0.700476,0.623745,0.648572,0.577448,0.591548,0.563560,0.575854,0.665646,0.599424,0.650884,0.651115,0.677430,0.617861,0.663572,0.639064,0.571601,0.632616,0.617051,0.669238,0.606926,0.665797,0.589682,0.612869,0.603948,0.633178,0.641358,0.643942,0.645550,0.597609,0.624939,0.615632,0.535425,0.562513,0.618255,0.633058,0.625504,0.605123,0.688265,0.655688,0.588928,0.599695,0.594326,0.672241,0.601141,0.647284,0.612781,0.619615,0.597615,0.632978,0.671232,0.701954,0.583632,0.590875,0.596724,0.613523,0.567486,0.647587,0.577972,0.699434,0.623786,0.636742,0.620260,0.631216,0.664860,0.605950,0.646909,0.657204,0.686316,0.602992,0.589593,0.617306,0.616003,0.653962,0.685682,0.521754,0.625358,0.612227,0.653334,0.585724,0.691210,0.646444,0.630664,0.622500,0.601865,0.627940,0.606434,0.641596,0.588180,0.617397,0.667739,0.667359,0.559839,0.611966,0.628760,0.625760,0.659073,0.607607,0.634877,0.626656,0.634389,0.613737,0.573434,0.605837,0.587270,0.609088,0.626365,0.659573,0.663970,0.612960,0.607905,0.688514,0.651144,0.641268,0.601411,0.605286,0.658826,0.615827,0.643064,0.666407,0.620469,0.656216,0.494457,0.533526,0.564433,0.647644,0.604658,0.653651,0.602670,0.679188,0.595126,0.588291,0.665735,0.589538,0.667085,0.633070,0.599433,0.599998,0.600489,0.573547,0.594671,0.614425,0.640080,0.582735,0.643774,0.581055,0.631656,0.516181,0.594962,0.566595,0.692197,0.610376,0.527272,0.608031,0.633919,0.625701,0.626102,#
21,0.541681,0.639670,0.578489,0.594252,0.563046,0.576464,0.568045,0.577781,0.656679,0.557010,0.516347,0.581705,0.552559,0.578098,0.527656,0.583745,0.609040,0.581685,0.617329,0.537361,0.636401,1.000000,0.523364,0.584064,0.521231,0.511296,0.611870,0.589941,0.534441,0.579723,0.553994,0.577139,0.578887,0.571437,0.551258,0.641437,0.624212,0.649272,0.637404,0.543164,0.572680,0.598803,0.554241,0.554685,0.613891,0.579853,0.548690,0.611448,0.552126,0.480874,0.554877,0.610293,0.528698,0.530249,0.569935,0.612407,0.559364,0.571907,0.575458,0.486250,0.606957,0.533814,0.591255,0.528857,0.673067,0.585902,0.557054,0.584688,0.584704,0.603575,0.581179,0.617886,0.635514,0.611385,0.580485,0.525955,0.499906,0.522507,0.584001,0.578129,0.562260,0.604606,0.587828,0.473196,0.632204,0.545303,0.604956,0.597151,0.579707,0.604633,0.511196,0.473154,0.565891,0.578175,0.619895,0.565745,0.615791,0.535882,0.529187,0.540615,0.656098,0.581909,0.594973,0.554202,0.530536,0.638194,0.541980,0.528657,0.591915,0.597673,0.625322,0.599227,0.539367,0.609478,0.523055,0.564183,0.628597,0.595050,0.488740,0.584824,0.525399,0.632431,0.554407,0.607068,0.591370,0.502663,0.578146,0.580174,0.588273,0.545994,0.584098,0.615830,0.619057,0.564381,0.620992,0.519170,0.553260,0.553975,0.542926,0.618140,0.607041,0.618674,0.592424,0.577085,0.561703,0.578890,0.591434,0.562082,0.541787,0.564695,0.613754,0.597708,0.550250,0.559904,0.641054,0.612498,0.579576,0.559807,0.562180,0.549788,0.572481,0.616916,0.666200,0.607849,0.631799,0.506853,0.563001,0.559869,0.550670,0.626913,0.558475,0.549179,0.582915,0.504763,0.559952,0.636859,0.543342,0.634185,0.507663,0.532208,0.535687,0.578037,0.486681,0.615591,0.554342,0.622499,0.567012,0.510372,0.528134,0.607587,0.576694,0.539515,0.593376,0.619367,0.622607,0.532345,0.578449,0.627509,0.588587,0.548715,#
