0,1.000000,0.758946,0.767882,0.745514,0.736481,0.785126,0.759728,0.769828,0.769491,0.736213,0.761168,0.776874,0.725306,0.757496,0.759981,0.781337,0.808710,0.817805,0.781657,0.773645,0.785328,0.709068,0.792991,0.817977,0.717961,0.736249,0.757680,0.747588,0.716668,0.778474,0.740183,0.785261,0.752980,0.752871,0.782332,0.768912,0.731456,0.765167,0.776363,0.785754,0.784053,0.751303,0.808573,0.745481,0.778073,0.727121,0.768517,0.809126,0.763000,0.795956,0.759756,0.787515,0.775213,0.769499,0.794390,0.784452,0.783899,0.807614,0.767652,0.764837,0.769359,0.757807,0.799530,0.769010,0.766371,0.738459,0.796754,0.772402,0.765149,0.740216,0.751156,0.732041,0.814983,0.796735,0.750577,0.730586,0.805992,0.782674,0.779715,0.749183,0.792666,0.763452,0.777360,0.774319,0.790128,0.787965,0.813154,0.779614,0.751422,0.790451,0.730378,0.772944,0.784225,0.756070,0.779183,0.774484,0.764624,0.721324,0.784581,0.781373,0.779024,0.761143,0.791538,0.787109,0.742136,0.785364,0.756516,0.798779,0.768910,0.706032,0.767249,0.778146,0.761978,0.774099,0.772937,0.806800,0.752456,0.736577,0.734595,0.747869,0.714719,0.787021,0.809438,0.820540,0.805134,0.766767,0.750342,0.729586,0.717630,0.763549,0.773861,0.760940,0.764437,0.721989,0.784028,0.782003,0.757759,0.780078,0.745839,0.791825,0.768512,0.745190,0.728837,0.781776,0.763298,0.679714,0.746924,0.705564,0.783051,0.755308,0.744323,0.797519,0.744312,0.703335,0.767458,0.778901,0.802779,0.781555,0.794038,0.728312,0.793989,0.791865,0.761808,0.742498,0.740905,0.778655,0.766335,0.750669,0.786731,0.768587,0.757446,0.765140,0.787362,0.772523,0.767170,0.762637,0.783364,0.805041,0.759144,0.725831,0.754913,0.769564,0.724497,0.746920,0.744154,0.726937,0.731479,0.783388,0.769573,0.736852,0.739748,0.798455,0.747220,0.763835,0.769119,0.789495,0.750756,0.790275,0.780933,0.748984,#
1,0.758946,1.000000,0.744035,0.729642,0.733477,0.765069,0.724218,0.760552,0.783402,0.733970,0.751458,0.763960,0.711758,0.732952,0.730634,0.742445,0.737523,0.743494,0.732655,0.743572,0.748234,0.769330,0.757570,0.740593,0.731092,0.676648,0.749229,0.774700,0.667884,0.715007,0.769005,0.755623,0.715524,0.768038,0.700891,0.772519,0.704891,0.745403,0.768322,0.760429,0.741960,0.688460,0.763096,0.730651,0.740821,0.724277,0.784568,0.739260,0.770296,0.725049,0.729344,0.760535,0.782499,0.735000,0.776035,0.752944,0.722751,0.753212,0.735038,0.696743,0.725357,0.721830,0.735818,0.707240,0.731133,0.763138,0.773464,0.766393,0.753995,0.763306,0.737727,0.734188,0.806945,0.716047,0.746542,0.723323,0.740007,0.727759,0.773443,0.718533,0.756602,0.756369,0.741051,0.758086,0.789605,0.742562,0.759973,0.774692,0.748517,0.722686,0.702110,0.737226,0.747148,0.757674,0.753116,0.735444,0.721216,0.723246,0.732071,0.736236,0.762826,0.732177,0.742201,0.725233,0.700475,0.766389,0.732521,0.775577,0.756689,0.705529,0.737561,0.735836,0.713143,0.760033,0.723722,0.760066,0.741971,0.708675,0.709213,0.687058,0.712339,0.745022,0.745859,0.761843,0.741256,0.705870,0.739526,0.736276,0.756909,0.774123,0.711388,0.780948,0.714055,0.735173,0.781958,0.728881,0.764995,0.759653,0.750148,0.756069,0.767247,0.739015,0.745777,0.773153,0.749434,0.701309,0.705720,0.686212,0.771320,0.690343,0.779252,0.785793,0.712955,0.638497,0.771660,0.740354,0.742789,0.762503,0.691531,0.665520,0.714825,0.779583,0.755189,0.777962,0.743179,0.697337,0.751987,0.680311,0.716252,0.750472,0.754522,0.735670,0.747738,0.748173,0.740091,0.748808,0.748785,0.793148,0.709985,0.734311,0.729714,0.711457,0.723563,0.751475,0.755136,0.747873,0.724455,0.662367,0.760824,0.760520,0.747920,0.752221,0.699190,0.738088,0.745629,0.682066,0.704692,0.789866,0.707135,0.759495,#
2,0.767882,0.744035,1.000000,0.737344,0.749370,0.766240,0.751767,0.770934,0.768594,0.733808,0.774482,0.751169,0.701090,0.774134,0.736749,0.745916,0.729362,0.769545,0.734744,0.763301,0.753295,0.743652,0.724244,0.779485,0.712615,0.735659,0.789819,0.773985,0.750156,0.759142,0.756890,0.749434,0.748623,0.726404,0.734041,0.755518,0.748443,0.752703,0.792282,0.724019,0.749265,0.732488,0.779933,0.722675,0.731618,0.733985,0.794631,0.735020,0.727911,0.759626,0.742993,0.791298,0.784885,0.745106,0.795296,0.763559,0.755754,0.738369,0.763576,0.750427,0.814064,0.745611,0.735618,0.774901,0.779526,0.756647,0.762329,0.747729,0.756691,0.738065,0.763869,0.747313,0.777965,0.771677,0.787836,0.751437,0.744469,0.732719,0.740176,0.760754,0.791754,0.765024,0.783171,0.712742,0.813694,0.774413,0.765456,0.796720,0.717276,0.724195,0.724952,0.784083,0.792459,0.767227,0.762819,0.772044,0.745442,0.717446,0.792382,0.747158,0.756423,0.753434,0.749652,0.756985,0.692691,0.793328,0.777456,0.778557,0.749336,0.709763,0.773237,0.733669,0.781799,0.758781,0.725189,0.751530,0.740278,0.747001,0.707953,0.721594,0.714929,0.719501,0.731174,0.789802,0.767997,0.697788,0.761083,0.731523,0.739320,0.771674,0.750538,0.786497,0.780912,0.776150,0.787000,0.742826,0.759314,0.777330,0.777270,0.742823,0.742574,0.770552,0.680966,0.717294,0.749558,0.736676,0.694087,0.702152,0.741245,0.725466,0.772115,0.780849,0.763789,0.734455,0.757942,0.749759,0.769433,0.695943,0.755783,0.690930,0.696602,0.728114,0.760866,0.761826,0.714937,0.756054,0.775832,0.675579,0.742457,0.742327,0.758342,0.767751,0.781433,0.737670,0.767933,0.732846,0.726444,0.788575,0.698009,0.700543,0.728692,0.788031,0.687236,0.792820,0.728914,0.754823,0.717001,0.710693,0.757255,0.747537,0.753430,0.757764,0.806443,0.758409,0.747899,0.759238,0.703156,0.774517,0.747016,0.771332,#
3,0.745514,0.729642,0.737344,1.000000,0.740929,0.752397,0.725815,0.743419,0.793366,0.752275,0.747194,0.758290,0.719060,0.745241,0.742572,0.768044,0.754279,0.776652,0.800617,0.746130,0.744980,0.756612,0.753966,0.765062,0.753331,0.740059,0.766476,0.749720,0.726013,0.750970,0.752727,0.770403,0.768642,0.774324,0.706844,0.766343,0.699881,0.786286,0.737983,0.770410,0.736803,0.733511,0.773061,0.759752,0.738187,0.778773,0.736219,0.726241,0.746161,0.725011,0.765306,0.735387,0.766338,0.702307,0.740784,0.787580,0.717840,0.749014,0.782565,0.738337,0.738835,0.724919,0.722572,0.747793,0.808589,0.729098,0.727338,0.717448,0.682685,0.757326,0.714835,0.742520,0.783940,0.739746,0.722446,0.714450,0.735954,0.726024,0.721036,0.738579,0.782142,0.727203,0.781979,0.715264,0.783168,0.762094,0.766881,0.746544,0.726842,0.735879,0.731285,0.751478,0.767750,0.769730,0.761547,0.768314,0.711514,0.702512,0.758474,0.718814,0.712731,0.729632,0.729229,0.707955,0.756100,0.742467,0.744062,0.760303,0.726261,0.701106,0.753214,0.709843,0.711246,0.764658,0.726601,0.768207,0.693910,0.723490,0.712819,0.688196,0.692712,0.742625,0.745450,0.742333,0.740165,0.732374,0.758783,0.764410,0.720271,0.736110,0.747828,0.770734,0.724769,0.762697,0.768980,0.784600,0.765678,0.740363,0.714650,0.744238,0.702044,0.775948,0.756475,0.685939,0.721791,0.761169,0.713962,0.769025,0.746110,0.722263,0.756329,0.750315,0.708217,0.728503,0.781073,0.717035,0.751252,0.728298,0.756248,0.687903,0.742722,0.747375,0.736082,0.744318,0.710012,0.731343,0.765339,0.692902,0.745902,0.728010,0.738031,0.747910,0.761831,0.744738,0.727654,0.766164,0.785964,0.771388,0.704895,0.741954,0.694827,0.775521,0.694901,0.727295,0.706373,0.731986,0.715763,0.684614,0.765179,0.777161,0.743226,0.735398,0.737830,0.740826,0.744942,0.739079,0.732143,0.739862,0.701571,0.723639,#
4,0.736481,0.733477,0.749370,0.740929,1.000000,0.799129,0.728792,0.745731,0.727830,0.739453,0.707048,0.766326,0.699585,0.773790,0.728604,0.749653,0.758090,0.795333,0.751087,0.813843,0.793667,0.729731,0.728740,0.784857,0.706627,0.722157,0.761880,0.728585,0.738869,0.733589,0.783118,0.759995,0.774658,0.733340,0.707947,0.755779,0.762597,0.744939,0.756654,0.768126,0.753023,0.730825,0.743474,0.744669,0.749248,0.786736,0.781374,0.756760,0.761173,0.740043,0.742760,0.739990,0.783740,0.714886,0.790509,0.792319,0.733441,0.759419,0.775121,0.757039,0.712237,0.756298,0.737912,0.740071,0.768036,0.741453,0.735928,0.743786,0.721712,0.744971,0.751831,0.784475,0.782211,0.756025,0.752440,0.689051,0.742517,0.763389,0.762105,0.762945,0.751770,0.748339,0.775577,0.708596,0.795499,0.742647,0.740548,0.730389,0.741658,0.744324,0.738509,0.725512,0.749592,0.756187,0.744350,0.753044,0.731496,0.702490,0.704832,0.725601,0.766566,0.762141,0.770533,0.741818,0.731826,0.774594,0.736591,0.757752,0.768227,0.739334,0.733182,0.751876,0.765889,0.807778,0.725706,0.723736,0.763645,0.766096,0.693324,0.692621,0.690047,0.740369,0.781577,0.754194,0.762994,0.724509,0.733394,0.747671,0.786775,0.766048,0.802193,0.749524,0.755183,0.769098,0.804006,0.767120,0.731253,0.758300,0.750892,0.714444,0.713459,0.761384,0.769462,0.727538,0.749145,0.729697,0.742278,0.716621,0.732503,0.758756,0.759124,0.817687,0.733908,0.734730,0.809520,0.741216,0.794949,0.713189,0.744762,0.687701,0.729936,0.741190,0.771685,0.713679,0.696379,0.720860,0.725521,0.686627,0.762624,0.736737,0.723740,0.766405,0.805720,0.752698,0.774468,0.767088,0.772760,0.793741,0.718555,0.734792,0.740048,0.734270,0.748605,0.740278,0.776092,0.758301,0.674188,0.765904,0.744323,0.760058,0.701873,0.720789,0.711735,0.758865,0.745172,0.735683,0.737085,0.748956,0.764443,0.750030,#
5,0.785126,0.765069,0.766240,0.752397,0.799129,1.000000,0.718023,0.784846,0.777980,0.742206,0.759921,0.766408,0.706876,0.734575,0.749673,0.792958,0.748691,0.797446,0.722174,0.803425,0.757634,0.737090,0.767346,0.768119,0.747375,0.739668,0.810382,0.792996,0.746188,0.745293,0.805065,0.777809,0.793860,0.758841,0.708262,0.799061,0.739862,0.752223,0.771714,0.759080,0.807277,0.727710,0.749561,0.756478,0.779709,0.779341,0.801847,0.765706,0.793206,0.724881,0.767740,0.773699,0.767803,0.753668,0.752625,0.835825,0.763984,0.768566,0.831856,0.779525,0.729775,0.765209,0.767706,0.798128,0.786814,0.768521,0.739503,0.761775,0.768886,0.721487,0.765353,0.749304,0.824621,0.767272,0.741317,0.751341,0.790194,0.771472,0.758317,0.752371,0.809002,0.760894,0.797095,0.748220,0.762863,0.780788,0.790192,0.790896,0.764973,0.716181,0.696698,0.770898,0.811066,0.815935,0.754884,0.758028,0.750229,0.758554,0.797669,0.754949,0.774619,0.770118,0.799211,0.772963,0.751745,0.798178,0.758154,0.781062,0.737089,0.760516,0.751542,0.805238,0.744606,0.763322,0.714346,0.747507,0.765496,0.757988,0.696179,0.755972,0.694559,0.770388,0.776681,0.811608,0.733146,0.743317,0.786837,0.735586,0.743882,0.773606,0.815658,0.807989,0.800798,0.804679,0.799357,0.757434,0.789392,0.776336,0.767248,0.741401,0.739715,0.748358,0.762666,0.776849,0.810027,0.719111,0.719557,0.741837,0.791555,0.760574,0.795511,0.796036,0.756357,0.721883,0.773618,0.747754,0.798194,0.755676,0.771986,0.720466,0.773760,0.780150,0.788438,0.763797,0.759879,0.745267,0.722919,0.757740,0.768670,0.767450,0.822808,0.786330,0.794690,0.747306,0.770036,0.743277,0.766304,0.786375,0.760349,0.767402,0.796458,0.770701,0.757770,0.754809,0.760924,0.778879,0.733420,0.752406,0.755301,0.761410,0.731362,0.787056,0.752802,0.747481,0.722950,0.726219,0.732472,0.772813,0.774327,0.759274,#
6,0.759728,0.724218,0.751767,0.725815,0.728792,0.718023,1.000000,0.724405,0.761777,0.704735,0.717955,0.749644,0.723018,0.774259,0.680592,0.723476,0.757727,0.777369,0.733708,0.709695,0.784866,0.725096,0.679209,0.744857,0.723156,0.725783,0.733799,0.737189,0.694646,0.762116,0.735578,0.743342,0.726671,0.726103,0.726997,0.752435,0.701769,0.718015,0.726986,0.739383,0.731998,0.736976,0.760411,0.731118,0.782432,0.693761,0.751172,0.699652,0.782729,0.739817,0.739885,0.756538,0.765591,0.688598,0.759211,0.755789,0.739573,0.773481,0.775555,0.706351,0.769616,0.708986,0.731995,0.717568,0.791768,0.750755,0.774188,0.714786,0.727150,0.708688,0.731225,0.736897,0.758475,0.789423,0.718501,0.707267,0.751026,0.721251,0.748912,0.714066,0.768949,0.736949,0.745540,0.727844,0.734407,0.751508,0.744478,0.736050,0.732944,0.725958,0.689775,0.718298,0.707847,0.732869,0.732023,0.724057,0.763429,0.711008,0.739144,0.747243,0.732999,0.752562,0.765156,0.737751,0.681593,0.708897,0.766394,0.727514,0.743884,0.681162,0.708297,0.734928,0.689911,0.709947,0.706887,0.726033,0.750306,0.725385,0.688199,0.692264,0.719400,0.732741,0.732527,0.782577,0.765778,0.740827,0.708425,0.735384,0.662818,0.718349,0.734644,0.749090,0.726426,0.699335,0.748078,0.746940,0.738072,0.731217,0.777456,0.752312,0.739625,0.757987,0.707087,0.708055,0.700974,0.720467,0.715818,0.700783,0.737775,0.685041,0.768623,0.762085,0.694610,0.653632,0.740239,0.718606,0.740605,0.711157,0.739381,0.685843,0.725199,0.755748,0.731921,0.741062,0.735068,0.750355,0.761905,0.655032,0.717755,0.722766,0.750822,0.738408,0.724792,0.685457,0.752640,0.745279,0.743123,0.757040,0.726710,0.703416,0.736578,0.701798,0.746362,0.739710,0.712599,0.741029,0.671210,0.735599,0.707448,0.735712,0.717170,0.739606,0.703325,0.756593,0.742890,0.735381,0.735519,0.759966,0.735642,0.727811,#
7,0.769828,0.760552,0.770934,0.743419,0.745731,0.784846,0.724405,1.000000,0.825601,0.738966,0.759781,0.771973,0.727041,0.770254,0.779078,0.726502,0.766753,0.777328,0.754324,0.757905,0.761766,0.726235,0.803238,0.777111,0.750925,0.779970,0.765666,0.782569,0.745007,0.766628,0.723922,0.773418,0.744308,0.752583,0.708430,0.764974,0.754974,0.733355,0.785327,0.758717,0.760577,0.721988,0.769818,0.770386,0.764802,0.751077,0.777049,0.774879,0.763330,0.735074,0.795320,0.768407,0.786398,0.794115,0.763885,0.768072,0.728421,0.789339,0.763231,0.768253,0.726941,0.751502,0.760151,0.757886,0.779259,0.782234,0.772931,0.760749,0.775736,0.777345,0.753400,0.681532,0.825370,0.776110,0.785992,0.731481,0.771166,0.748335,0.761227,0.755397,0.796373,0.763044,0.780824,0.738940,0.786752,0.767554,0.799936,0.775846,0.743321,0.733083,0.724538,0.785486,0.769966,0.774233,0.789643,0.727287,0.762254,0.762541,0.769789,0.758493,0.765352,0.746529,0.777042,0.762353,0.734978,0.775234,0.736906,0.777594,0.746798,0.714056,0.800695,0.734714,0.766669,0.785293,0.745281,0.767456,0.741188,0.714876,0.688350,0.772499,0.736670,0.758630,0.742616,0.822555,0.817548,0.756325,0.765263,0.780120,0.707114,0.735902,0.765426,0.757468,0.799274,0.732532,0.807136,0.794246,0.752898,0.773440,0.747744,0.775448,0.747119,0.759825,0.768893,0.731101,0.776408,0.735745,0.744842,0.699075,0.793155,0.760023,0.762845,0.776148,0.768398,0.727898,0.760023,0.785725,0.774917,0.767894,0.778169,0.736262,0.776252,0.735884,0.809527,0.723452,0.728215,0.756021,0.786135,0.702963,0.738016,0.726827,0.805752,0.792425,0.781534,0.763038,0.767734,0.732258,0.760326,0.781209,0.724062,0.756648,0.770723,0.761949,0.734813,0.753875,0.744313,0.800277,0.705814,0.702260,0.761391,0.793796,0.771951,0.762676,0.734933,0.728947,0.752991,0.745613,0.731541,0.798104,0.756383,0.744963,#
8,0.769491,0.783402,0.768594,0.793366,0.727830,0.777980,0.761777,0.825601,1.000000,0.783689,0.730227,0.774706,0.741912,0.757052,0.767160,0.787148,0.749244,0.798380,0.741107,0.761018,0.744202,0.785856,0.793790,0.756331,0.712529,0.755614,0.756338,0.793366,0.729089,0.786148,0.734661,0.780325,0.732721,0.760568,0.711942,0.779367,0.740010,0.753927,0.764950,0.750081,0.742836,0.750552,0.795739,0.745111,0.770582,0.736350,0.742217,0.743969,0.776081,0.749041,0.789161,0.780364,0.754430,0.784873,0.761996,0.812553,0.743418,0.787255,0.770721,0.760147,0.776569,0.741284,0.785901,0.750386,0.773785,0.806016,0.766405,0.761490,0.781480,0.769891,0.744532,0.735065,0.817178,0.805873,0.770170,0.731577,0.769892,0.751008,0.740131,0.773552,0.788774,0.754298,0.765934,0.749501,0.788742,0.775117,0.763777,0.785411,0.708336,0.738167,0.729650,0.769231,0.777595,0.763082,0.806830,0.770594,0.766072,0.737323,0.791037,0.741656,0.772068,0.743220,0.775480,0.789498,0.737027,0.763559,0.772434,0.788351,0.730187,0.739256,0.762637,0.744344,0.754076,0.760739,0.752606,0.794279,0.730610,0.708032,0.723338,0.778083,0.726307,0.741413,0.758537,0.786388,0.766800,0.761908,0.742898,0.764987,0.724339,0.763359,0.734861,0.748487,0.790017,0.771067,0.826306,0.766788,0.742541,0.764088,0.726787,0.760063,0.748123,0.783956,0.787535,0.750494,0.753813,0.728535,0.758505,0.710988,0.798619,0.751935,0.772984,0.765848,0.737789,0.771355,0.779646,0.795317,0.778159,0.781940,0.768580,0.736049,0.760928,0.757142,0.794988,0.760791,0.764619,0.748156,0.761615,0.679353,0.770696,0.767478,0.789160,0.779993,0.775035,0.723707,0.793236,0.746702,0.745819,0.809772,0.719915,0.721650,0.758535,0.763473,0.697930,0.793095,0.760473,0.772301,0.736253,0.713967,0.773372,0.775114,0.760971,0.767513,0.770986,0.753859,0.753737,0.744157,0.746504,0.761312,0.755955,0.765282,#
9,0.736213,0.733970,0.733808,0.752275,0.739453,0.742206,0.704735,0.738966,0.783689,1.000000,0.732009,0.717494,0.725395,0.745839,0.767167,0.756308,0.738596,0.758666,0.751328,0.752848,0.785781,0.718348,0.739017,0.770527,0.705850,0.703708,0.746839,0.794216,0.689282,0.775737,0.719953,0.724754,0.723837,0.760288,0.737703,0.759724,0.714372,0.733225,0.757536,0.728015,0.769687,0.731004,0.752141,0.704938,0.765653,0.730158,0.733909,0.741617,0.715429,0.714678,0.720071,0.724937,0.723934,0.712635,0.727442,0.767774,0.723910,0.785380,0.752938,0.722160,0.739134,0.723668,0.769433,0.750102,0.744155,0.786098,0.743806,0.742642,0.760823,0.689991,0.754475,0.724964,0.756973,0.738353,0.734654,0.709609,0.702211,0.754306,0.735410,0.780593,0.766498,0.762197,0.732168,0.739681,0.779095,0.727091,0.729603,0.781220,0.703096,0.651486,0.696894,0.764660,0.773758,0.729122,0.776651,0.737226,0.733913,0.763616,0.762473,0.677111,0.732204,0.738096,0.788145,0.749965,0.759208,0.755393,0.738421,0.731727,0.758987,0.739049,0.774466,0.752751,0.773858,0.774741,0.691488,0.770981,0.661318,0.702899,0.681066,0.713548,0.695496,0.753921,0.759570,0.761711,0.746119,0.719549,0.733344,0.721069,0.750377,0.732754,0.719757,0.748806,0.754575,0.772793,0.776481,0.708722,0.724203,0.751437,0.723847,0.733898,0.689684,0.767343,0.770829,0.750360,0.721626,0.729619,0.727035,0.724584,0.731791,0.722212,0.718553,0.725309,0.733984,0.740307,0.774741,0.747529,0.740451,0.754032,0.741219,0.716273,0.742136,0.755879,0.749624,0.763927,0.746655,0.719710,0.715682,0.683712,0.766449,0.716960,0.784287,0.757323,0.754462,0.722553,0.746886,0.788159,0.731627,0.783069,0.733754,0.732635,0.738183,0.712790,0.734857,0.727741,0.713541,0.767336,0.659386,0.696915,0.807904,0.723789,0.744635,0.757374,0.729290,0.715381,0.720890,0.708421,0.715583,0.746272,0.719272,0.719727,#
10,0.761168,0.751458,0.774482,0.747194,0.707048,0.759921,0.717955,0.759781,0.730227,0.732009,1.000000,0.739447,0.679764,0.729647,0.695382,0.740611,0.757379,0.743350,0.760368,0.746957,0.754274,0.700145,0.736367,0.782826,0.675045,0.706338,0.741061,0.803552,0.699950,0.763522,0.722326,0.742822,0.742999,0.747440,0.743822,0.772410,0.735980,0.738458,0.768501,0.729485,0.761947,0.713372,0.741401,0.703746,0.750064,0.764245,0.780157,0.747072,0.763329,0.796370,0.734961,0.762002,0.762618,0.699526,0.738746,0.773808,0.727480,0.755324,0.737664,0.751021,0.756312,0.751369,0.777896,0.784058,0.783998,0.716338,0.765308,0.697591,0.741064,0.729834,0.736884,0.753035,0.796176,0.706110,0.739670,0.760826,0.738415,0.772531,0.730337,0.716114,0.815809,0.745134,0.755225,0.728505,0.776089,0.733871,0.763520,0.765602,0.723441,0.760047,0.697766,0.780096,0.781878,0.745989,0.739251,0.783396,0.712270,0.724354,0.786647,0.758814,0.720482,0.736622,0.755293,0.767422,0.782409,0.734678,0.735752,0.750838,0.726912,0.704441,0.738849,0.729714,0.758688,0.757733,0.729929,0.791894,0.714173,0.715486,0.711902,0.722722,0.718673,0.766028,0.691368,0.766054,0.713645,0.704816,0.770653,0.751429,0.737230,0.736756,0.718816,0.738480,0.737881,0.737812,0.778302,0.766624,0.713306,0.757725,0.728399,0.774545,0.774158,0.727866,0.701027,0.731029,0.722955,0.674574,0.696159,0.697219,0.758788,0.724344,0.756650,0.761493,0.740649,0.694736,0.761358,0.726758,0.781468,0.767140,0.744145,0.683250,0.779070,0.722455,0.755717,0.766700,0.737255,0.704231,0.780234,0.685087,0.755724,0.771227,0.755601,0.765191,0.717121,0.726655,0.754334,0.718274,0.739809,0.798507,0.684466,0.748948,0.711937,0.717840,0.763204,0.732246,0.709271,0.748877,0.679043,0.696953,0.717851,0.767261,0.758923,0.726238,0.744809,0.735506,0.749011,0.742404,0.705447,0.779337,0.732342,0.771998,#
11,0.776874,0.763960,0.751169,0.758290,0.766326,0.766408,0.749644,0.771973,0.774706,0.717494,0.739447,1.000000,0.750239,0.766152,0.736649,0.742933,0.762604,0.800112,0.772699,0.728079,0.754454,0.751788,0.750691,0.758076,0.734674,0.752026,0.734377,0.776789,0.741704,0.746843,0.756161,0.775588,0.770844,0.759200,0.723525,0.769852,0.785702,0.761685,0.744181,0.788350,0.762951,0.743074,0.779426,0.741920,0.757400,0.747630,0.809280,0.766104,0.754964,0.767464,0.753082,0.757446,0.777770,0.755865,0.780763,0.777690,0.690203,0.799716,0.766701,0.738320,0.735738,0.712338,0.796053,0.733704,0.783292,0.777576,0.774543,0.771747,0.784800,0.771133,0.774863,0.737074,0.796032,0.763049,0.758185,0.704479,0.791725,0.763318,0.734436,0.709398,0.788117,0.764239,0.783689,0.729605,0.789605,0.757244,0.742990,0.751772,0.724896,0.711005,0.721568,0.788943,0.775992,0.754613,0.761417,0.775582,0.742785,0.731354,0.774234,0.752243,0.742107,0.778506,0.785685,0.759622,0.760998,0.778925,0.750975,0.804485,0.772210,0.758392,0.796277,0.763213,0.769440,0.767688,0.685332,0.786949,0.743384,0.747056,0.703364,0.766041,0.685382,0.761312,0.774220,0.785187,0.764750,0.736327,0.765144,0.741099,0.758707,0.755369,0.765274,0.762541,0.781844,0.776096,0.779685,0.742493,0.757150,0.771920,0.751900,0.756422,0.742357,0.727084,0.734396,0.772188,0.783778,0.712905,0.766138,0.724814,0.757178,0.746857,0.758850,0.773153,0.731711,0.720021,0.788728,0.759891,0.796498,0.733630,0.773403,0.696705,0.748217,0.788946,0.780277,0.754026,0.776585,0.693656,0.782121,0.692636,0.751658,0.803178,0.771658,0.759989,0.777517,0.757894,0.757530,0.752026,0.744297,0.777431,0.718119,0.772434,0.759049,0.737165,0.769189,0.723273,0.759871,0.730955,0.689893,0.761085,0.759897,0.782894,0.764026,0.754081,0.768781,0.772905,0.760472,0.751314,0.756723,0.769655,0.745088,0.742758,#
12,0.725306,0.711758,0.701090,0.719060,0.699585,0.706876,0.723018,0.727041,0.741912,0.725395,0.679764,0.750239,1.000000,0.745854,0.755136,0.716703,0.753761,0.779974,0.767386,0.739415,0.740831,0.704873,0.746827,0.759916,0.693085,0.714924,0.717652,0.755620,0.723241,0.699382,0.690618,0.741826,0.733812,0.739304,0.717636,0.766731,0.723851,0.728012,0.729750,0.738399,0.681473,0.664137,0.725116,0.754485,0.749355,0.732518,0.762820,0.682899,0.730335,0.703981,0.775903,0.698575,0.719123,0.719665,0.774420,0.745009,0.685688,0.752492,0.709033,0.675022,0.696415,0.739279,0.706861,0.741441,0.782935,0.747627,0.723155,0.701884,0.760114,0.723502,0.722208,0.698765,0.778897,0.731633,0.763934,0.722106,0.749333,0.695379,0.720041,0.728606,0.756657,0.713705,0.727110,0.733746,0.705124,0.741141,0.716400,0.747314,0.724884,0.674866,0.691413,0.709152,0.741580,0.691673,0.722625,0.764509,0.792870,0.740123,0.719826,0.689727,0.686767,0.737739,0.756774,0.764588,0.692291,0.716310,0.704803,0.711523,0.725970,0.707141,0.753380,0.716909,0.719865,0.712748,0.752044,0.726652,0.708839,0.661993,0.705588,0.703269,0.692307,0.730819,0.741593,0.777961,0.761539,0.695256,0.730905,0.670742,0.678951,0.709984,0.702458,0.709527,0.694641,0.723366,0.746513,0.708348,0.736587,0.740942,0.734568,0.707638,0.746383,0.757933,0.717733,0.721839,0.703265,0.707134,0.706988,0.689108,0.736652,0.759811,0.723346,0.752078,0.720932,0.652637,0.718460,0.796737,0.757897,0.733759,0.741079,0.693167,0.731983,0.773463,0.759149,0.725495,0.782316,0.663092,0.741494,0.717746,0.693319,0.709918,0.751525,0.755527,0.736956,0.729176,0.722209,0.713107,0.772875,0.781395,0.696508,0.673719,0.719092,0.728566,0.719622,0.710446,0.675346,0.709772,0.676174,0.749895,0.727384,0.694457,0.706887,0.711524,0.711902,0.735480,0.696216,0.734941,0.714708,0.739782,0.745624,0.657743,#
13,0.757496,0.732952,0.774134,0.745241,0.773790,0.734575,0.774259,0.770254,0.757052,0.745839,0.729647,0.766152,0.745854,1.000000,0.748808,0.741757,0.754763,0.804476,0.783687,0.764391,0.791585,0.741819,0.776047,0.771895,0.712310,0.750498,0.743808,0.804238,0.755059,0.784951,0.724418,0.754080,0.781193,0.767368,0.704236,0.754970,0.756027,0.781287,0.752496,0.776143,0.800622,0.751833,0.779185,0.754507,0.812425,0.768501,0.772049,0.763047,0.799557,0.749748,0.768258,0.798917,0.767262,0.767501,0.786621,0.803408,0.740462,0.801732,0.777649,0.753196,0.772397,0.764796,0.760197,0.792646,0.800620,0.768375,0.782127,0.751547,0.781715,0.753608,0.736851,0.746774,0.760993,0.786947,0.788826,0.754672,0.770615,0.773319,0.796150,0.791610,0.793357,0.779069,0.792385,0.766770,0.772136,0.777628,0.739620,0.739406,0.779522,0.742207,0.724431,0.774536,0.781750,0.779167,0.784904,0.738697,0.754611,0.730592,0.759502,0.788598,0.761554,0.776775,0.797549,0.814809,0.746981,0.799958,0.756668,0.792859,0.777604,0.740986,0.772563,0.775074,0.791650,0.790706,0.773920,0.793625,0.730209,0.775553,0.744714,0.773744,0.747152,0.774674,0.753281,0.766486,0.776175,0.725869,0.765821,0.727123,0.741137,0.744753,0.743620,0.767411,0.757477,0.758357,0.814887,0.740862,0.762567,0.777986,0.791491,0.764946,0.718202,0.796815,0.799681,0.760600,0.728755,0.753398,0.758218,0.725126,0.775294,0.741077,0.764888,0.800635,0.730062,0.746961,0.763776,0.767439,0.792172,0.754235,0.791756,0.739423,0.771141,0.785581,0.763761,0.781767,0.761614,0.746308,0.779716,0.717819,0.781581,0.748215,0.776479,0.797141,0.798628,0.767472,0.803865,0.775704,0.779822,0.829245,0.759653,0.732659,0.735175,0.775878,0.765530,0.758452,0.795393,0.792696,0.720817,0.758553,0.712872,0.758689,0.761558,0.760432,0.761136,0.800934,0.780402,0.742343,0.766823,0.770695,0.774768,0.725400,#
14,0.759981,0.730634,0.736749,0.742572,0.728604,0.749673,0.680592,0.779078,0.767160,0.767167,0.695382,0.736649,0.755136,0.748808,1.000000,0.762230,0.741989,0.748992,0.740760,0.752662,0.761526,0.697984,0.731899,0.786779,0.708195,0.665496,0.749466,0.756441,0.732919,0.733358,0.737296,0.760574,0.731377,0.722953,0.725640,0.744532,0.700065,0.742930,0.746296,0.727627,0.711774,0.702593,0.762295,0.741251,0.753925,0.741696,0.742973,0.692326,0.696875,0.721709,0.729462,0.709152,0.726211,0.784844,0.757208,0.754025,0.717986,0.755768,0.764772,0.698106,0.728257,0.775585,0.738351,0.746087,0.739076,0.705044,0.743860,0.745180,0.731437,0.761933,0.716064,0.695343,0.764628,0.721473,0.773194,0.710585,0.770211,0.744867,0.729636,0.706755,0.773177,0.762365,0.756015,0.774246,0.754169,0.757096,0.729632,0.761977,0.726289,0.657412,0.659642,0.707964,0.772553,0.772392,0.774881,0.755187,0.799198,0.728000,0.749828,0.689739,0.751571,0.751122,0.779168,0.726229,0.741473,0.749298,0.709661,0.726173,0.714917,0.702002,0.766044,0.720394,0.762248,0.749100,0.719446,0.747785,0.714775,0.672465,0.687266,0.709218,0.724467,0.761131,0.728109,0.748640,0.774312,0.671717,0.735436,0.763199,0.683241,0.745350,0.713935,0.732631,0.725986,0.742334,0.766289,0.734944,0.719012,0.752603,0.725197,0.720117,0.716149,0.752468,0.718889,0.739156,0.701967,0.761528,0.734641,0.687173,0.737715,0.683790,0.749780,0.751786,0.694858,0.701296,0.769967,0.753376,0.755590,0.728918,0.714523,0.711654,0.732865,0.726503,0.758385,0.723286,0.711574,0.699718,0.729492,0.677158,0.705037,0.766682,0.743522,0.738858,0.760548,0.751905,0.741419,0.747543,0.750416,0.776195,0.706321,0.691581,0.738866,0.767765,0.719326,0.717237,0.734284,0.719777,0.701910,0.674861,0.720128,0.725210,0.691650,0.711254,0.751082,0.744887,0.727365,0.719167,0.720615,0.715416,0.731344,0.666636,#
15,0.781337,0.742445,0.745916,0.768044,0.749653,0.792958,0.723476,0.726502,0.787148,0.756308,0.740611,0.742933,0.716703,0.741757,0.762230,1.000000,0.769699,0.786899,0.751440,0.758966,0.736603,0.741596,0.754735,0.778590,0.730117,0.726503,0.740416,0.748238,0.710164,0.781855,0.745652,0.789816,0.731771,0.767904,0.714794,0.811442,0.761546,0.742217,0.777058,0.724788,0.728027,0.716455,0.738411,0.724946,0.797287,0.746949,0.750928,0.785543,0.766169,0.764075,0.719263,0.775989,0.752185,0.729175,0.757529,0.765162,0.739250,0.757863,0.761856,0.725782,0.758704,0.734707,0.751739,0.785795,0.752881,0.782704,0.736370,0.741825,0.729087,0.695974,0.761047,0.719403,0.751857,0.746663,0.752024,0.697729,0.765912,0.750728,0.756235,0.732303,0.798755,0.755053,0.723705,0.760873,0.800103,0.783855,0.728719,0.795330,0.712387,0.704778,0.686202,0.712679,0.753833,0.743379,0.739335,0.748261,0.760943,0.716877,0.731837,0.727940,0.780768,0.731522,0.782365,0.781051,0.727908,0.758861,0.757725,0.778223,0.712807,0.753929,0.713266,0.730639,0.746541,0.755187,0.705108,0.742315,0.715097,0.735922,0.709806,0.718960,0.716056,0.728434,0.762167,0.766971,0.741561,0.734518,0.777099,0.748042,0.737182,0.787038,0.704658,0.725787,0.732935,0.729696,0.780730,0.734711,0.725132,0.722411,0.750265,0.735971,0.716007,0.741059,0.750770,0.726417,0.740914,0.718924,0.706630,0.721791,0.760027,0.727472,0.767508,0.751076,0.759152,0.741517,0.764903,0.746727,0.801561,0.737141,0.752872,0.711466,0.741329,0.772596,0.793530,0.710738,0.761767,0.745854,0.758911,0.728360,0.787076,0.708491,0.736886,0.800412,0.729763,0.748536,0.747976,0.782359,0.764266,0.778184,0.720783,0.732719,0.756208,0.730428,0.714513,0.783602,0.729613,0.732938,0.655336,0.724690,0.713253,0.755543,0.703454,0.753755,0.758120,0.736947,0.730191,0.732109,0.757800,0.768000,0.762488,0.734065,#
16,0.808710,0.737523,0.729362,0.754279,0.758090,0.748691,0.757727,0.766753,0.749244,0.738596,0.757379,0.762604,0.753761,0.754763,0.741989,0.769699,1.000000,0.784870,0.769439,0.776984,0.815474,0.747774,0.715390,0.785321,0.718969,0.761659,0.770410,0.707041,0.713667,0.769846,0.747811,0.791643,0.775554,0.763926,0.746679,0.782950,0.776199,0.756979,0.768512,0.764567,0.743350,0.740132,0.761793,0.755388,0.756161,0.770311,0.744936,0.761851,0.762686,0.774590,0.733248,0.753925,0.787762,0.791269,0.776368,0.785434,0.681105,0.777745,0.767762,0.709240,0.751878,0.772764,0.764466,0.751100,0.780992,0.744614,0.766268,0.774279,0.778951,0.784174,0.735394,0.742866,0.800558,0.750504,0.761141,0.729964,0.754563,0.773837,0.754118,0.787123,0.808758,0.766363,0.757687,0.785221,0.789969,0.776550,0.788350,0.766765,0.764634,0.753548,0.700571,0.748306,0.792260,0.749097,0.786966,0.785961,0.780947,0.706634,0.782213,0.759098,0.733893,0.730974,0.771626,0.770928,0.719864,0.807673,0.793732,0.774602,0.782545,0.735136,0.780374,0.765456,0.773928,0.782066,0.771654,0.781652,0.777070,0.752604,0.711627,0.697286,0.740739,0.780643,0.773502,0.802660,0.803572,0.729681,0.754633,0.714713,0.732379,0.757726,0.766358,0.748619,0.778014,0.702926,0.819217,0.801211,0.750661,0.742751,0.746696,0.769435,0.739896,0.757180,0.769555,0.750833,0.734786,0.708918,0.738354,0.732140,0.769791,0.769323,0.719869,0.802508,0.698637,0.712844,0.801913,0.772499,0.779779,0.755936,0.756288,0.742252,0.735795,0.764655,0.793073,0.747913,0.758349,0.754139,0.775389,0.736922,0.770285,0.730168,0.760859,0.785862,0.757077,0.739925,0.770162,0.761847,0.734769,0.802244,0.735585,0.720390,0.726225,0.735390,0.755745,0.719402,0.756023,0.777543,0.745210,0.769234,0.748640,0.749875,0.784773,0.731979,0.748901,0.747836,0.742479,0.771078,0.761804,0.763778,0.752947,0.732006,#
17,0.817805,0.743494,0.769545,0.776652,0.795333,0.797446,0.777369,0.777328,0.798380,0.758666,0.743350,0.800112,0.779974,0.804476,0.748992,0.786899,0.784870,1.000000,0.764917,0.802019,0.800605,0.742782,0.761520,0.829445,0.770415,0.760797,0.786476,0.771468,0.734301,0.782639,0.787460,0.779900,0.769348,0.743358,0.751914,0.820454,0.742248,0.789961,0.799085,0.795147,0.798756,0.779177,0.804227,0.771834,0.779037,0.764813,0.783330,0.810946,0.803115,0.784284,0.799619,0.779009,0.779650,0.752415,0.797771,0.813383,0.756691,0.771968,0.790996,0.720986,0.767073,0.776785,0.745004,0.789892,0.793106,0.830637,0.810920,0.801260,0.775207,0.766494,0.759592,0.779737,0.784727,0.766334,0.770937,0.751374,0.793206,0.771992,0.777234,0.785883,0.806508,0.774322,0.797513,0.767684,0.779047,0.769810,0.802619,0.786302,0.764402,0.756619,0.745228,0.753835,0.806322,0.780085,0.772129,0.819574,0.783956,0.736247,0.762350,0.776169,0.788159,0.732417,0.797626,0.801480,0.745219,0.768032,0.776284,0.790141,0.764188,0.747263,0.784917,0.767836,0.765901,0.811503,0.767661,0.761393,0.746012,0.751482,0.730163,0.747548,0.745830,0.790101,0.772588,0.813239,0.816591,0.789264,0.775522,0.753817,0.740965,0.774294,0.821194,0.799807,0.793873,0.753489,0.775444,0.782627,0.781194,0.788347,0.794245,0.802944,0.789684,0.791275,0.812414,0.769056,0.775519,0.760875,0.747050,0.754985,0.784109,0.732770,0.795998,0.786195,0.737963,0.744841,0.818911,0.812907,0.835182,0.777353,0.807508,0.732081,0.774881,0.780480,0.811763,0.772081,0.780490,0.757005,0.753954,0.728487,0.794956,0.748050,0.810743,0.773784,0.787007,0.760537,0.800213,0.757523,0.794604,0.815016,0.734292,0.783381,0.776969,0.803006,0.771592,0.791783,0.789267,0.770444,0.752532,0.795344,0.762588,0.751135,0.757512,0.799729,0.788036,0.790265,0.789231,0.802528,0.759510,0.813512,0.759797,0.760038,#
18,0.781657,0.732655,0.734744,0.800617,0.751087,0.722174,0.733708,0.754324,0.741107,0.751328,0.760368,0.772699,0.767386,0.783687,0.740760,0.751440,0.769439,0.764917,1.000000,0.787722,0.770623,0.757800,0.762959,0.770221,0.720427,0.757579,0.746265,0.772119,0.724220,0.752673,0.702301,0.757168,0.776045,0.786543,0.776563,0.804071,0.748958,0.756759,0.759825,0.776437,0.782515,0.706380,0.762783,0.717076,0.798043,0.737684,0.769712,0.761665,0.733675,0.744034,0.743423,0.748729,0.775749,0.704522,0.784671,0.783374,0.722892,0.773308,0.748735,0.759188,0.762027,0.723150,0.772016,0.757978,0.817784,0.738096,0.763014,0.747614,0.710769,0.758372,0.755484,0.719769,0.774083,0.724851,0.784605,0.732888,0.788321,0.743797,0.762715,0.745515,0.767480,0.738399,0.774978,0.753334,0.775878,0.744665,0.768914,0.754037,0.751509,0.730864,0.742748,0.734330,0.776863,0.751071,0.773139,0.767876,0.770257,0.732656,0.773904,0.751370,0.755046,0.737270,0.781543,0.763407,0.784810,0.771109,0.742443,0.744934,0.746773,0.710763,0.784550,0.731211,0.792607,0.780810,0.708342,0.742184,0.737363,0.700653,0.721008,0.735750,0.721280,0.771962,0.760563,0.752701,0.758538,0.698818,0.753181,0.743101,0.774182,0.733282,0.732188,0.771041,0.741378,0.745859,0.782629,0.759712,0.785539,0.771490,0.733001,0.758827,0.718943,0.771319,0.759188,0.783119,0.730976,0.765969,0.724196,0.701210,0.749639,0.733382,0.729073,0.793399,0.728063,0.713365,0.767068,0.773109,0.780567,0.769289,0.755039,0.721307,0.770524,0.758750,0.794381,0.757301,0.751522,0.769855,0.797678,0.718355,0.747396,0.766291,0.730354,0.783702,0.771836,0.754074,0.721292,0.779815,0.774168,0.805898,0.723788,0.732864,0.732420,0.747844,0.744491,0.738107,0.744759,0.748481,0.762327,0.722877,0.730606,0.743585,0.749317,0.751448,0.727479,0.786154,0.776809,0.761911,0.724934,0.776282,0.770615,0.721685,#
19,0.773645,0.743572,0.763301,0.746130,0.813843,0.803425,0.709695,0.757905,0.761018,0.752848,0.746957,0.728079,0.739415,0.764391,0.752662,0.758966,0.776984,0.802019,0.787722,1.000000,0.773461,0.713826,0.743098,0.766323,0.709507,0.711957,0.771693,0.745203,0.746733,0.771160,0.782836,0.781632,0.747992,0.733236,0.705392,0.792073,0.738769,0.732898,0.768620,0.757064,0.772658,0.725152,0.747647,0.742058,0.748670,0.758593,0.803456,0.759881,0.773564,0.732212,0.722401,0.742484,0.756978,0.741039,0.756557,0.768139,0.761598,0.754031,0.767092,0.707828,0.749288,0.776562,0.782068,0.784424,0.797437,0.745461,0.748421,0.744883,0.712647,0.747828,0.751464,0.730141,0.779088,0.762898,0.760786,0.725267,0.750185,0.752851,0.780035,0.756620,0.787518,0.731629,0.796815,0.740477,0.756494,0.759094,0.749139,0.802524,0.768550,0.681778,0.723488,0.735231,0.790625,0.763226,0.753572,0.771511,0.781920,0.725506,0.740608,0.740085,0.744061,0.746063,0.782141,0.757889,0.734283,0.774897,0.745157,0.771575,0.739438,0.685760,0.739792,0.744379,0.776563,0.785022,0.763814,0.736885,0.771852,0.744841,0.708601,0.679154,0.723487,0.788602,0.754051,0.811433,0.801587,0.719281,0.768921,0.737919,0.776081,0.784608,0.768426,0.770961,0.754387,0.757505,0.815075,0.760736,0.746762,0.778930,0.732732,0.739643,0.718156,0.756290,0.770653,0.737819,0.740771,0.735342,0.697894,0.692646,0.771517,0.731229,0.750643,0.816636,0.726526,0.714646,0.786031,0.755633,0.804529,0.751491,0.772737,0.748680,0.774282,0.750915,0.762450,0.726178,0.759904,0.731673,0.742836,0.739466,0.768038,0.733859,0.750077,0.796353,0.803086,0.755078,0.766726,0.733162,0.767676,0.819692,0.735835,0.701482,0.695425,0.757526,0.759374,0.796108,0.778392,0.748985,0.709785,0.741748,0.757237,0.752095,0.771517,0.765472,0.734111,0.765129,0.749295,0.784989,0.708573,0.746397,0.780646,0.731814,#
20,0.785328,0.748234,0.753295,0.744980,0.793667,0.757634,0.784866,0.761766,0.744202,0.785781,0.754274,0.754454,0.740831,0.791585,0.761526,0.736603,0.815474,0.800605,0.770623,0.773461,1.000000,0.761451,0.728334,0.786838,0.736035,0.777368,0.784088,0.752748,0.730073,0.766758,0.737260,0.760140,0.763285,0.782950,0.758898,0.809656,0.777545,0.765079,0.801777,0.796839,0.764529,0.790548,0.753549,0.758061,0.794917,0.764630,0.801446,0.753465,0.751116,0.757635,0.742160,0.785004,0.753842,0.774680,0.797254,0.798905,0.753118,0.795695,0.766950,0.721830,0.780200,0.761501,0.802820,0.747710,0.781313,0.756985,0.785306,0.757122,0.778674,0.756979,0.780052,0.761655,0.775417,0.767115,0.770124,0.703132,0.752809,0.770742,0.767937,0.774489,0.790512,0.810406,0.787575,0.763898,0.769956,0.762279,0.789531,0.763440,0.776873,0.754941,0.750010,0.771139,0.778794,0.806308,0.822678,0.753034,0.741920,0.740399,0.780682,0.746978,0.779273,0.759935,0.807397,0.777284,0.768669,0.751081,0.783966,0.788749,0.768197,0.778428,0.796192,0.796836,0.765395,0.750462,0.766108,0.774563,0.769583,0.783518,0.704320,0.740373,0.760534,0.786713,0.752088,0.820657,0.784262,0.760148,0.748312,0.725364,0.785821,0.759713,0.790934,0.757022,0.775182,0.790676,0.808632,0.744238,0.747607,0.773043,0.774524,0.794761,0.759086,0.766941,0.773558,0.783223,0.755384,0.745799,0.748838,0.732431,0.753039,0.785957,0.786033,0.798388,0.741198,0.755384,0.805290,0.776654,0.770184,0.751725,0.755911,0.746579,0.759719,0.789139,0.780597,0.759981,0.788184,0.691112,0.737396,0.712944,0.775358,0.763522,0.780222,0.756755,0.811457,0.751172,0.760746,0.763282,0.745885,0.816807,0.765260,0.755517,0.731052,0.750605,0.744498,0.751324,0.750841,0.763611,0.743362,0.779201,0.744039,0.769771,0.720331,0.741791,0.748929,0.806876,0.758504,0.740647,0.765840,0.781948,0.792634,0.769563,#
21,0.709068,0.769330,0.743652,0.756612,0.729731,0.737090,0.725096,0.726235,0.785856,0.718348,0.700145,0.751788,0.704873,0.741819,0.697984,0.741596,0.747774,0.742782,0.757800,0.713826,0.761451,1.000000,0.724336,0.751961,0.690033,0.700657,0.757254,0.725083,0.711184,0.719674,0.729250,0.737119,0.744231,0.748692,0.733912,0.794818,0.754822,0.756173,0.758584,0.725396,0.722070,0.747101,0.727909,0.734666,0.751920,0.730841,0.731433,0.756197,0.738062,0.697568,0.705552,0.759874,0.706745,0.699572,0.756184,0.765170,0.717486,0.740777,0.755210,0.680379,0.746143,0.718176,0.734723,0.711659,0.798061,0.734948,0.742334,0.739820,0.748037,0.748176,0.746833,0.739604,0.778514,0.765545,0.766940,0.711727,0.731001,0.724818,0.726901,0.736958,0.740885,0.741851,0.754231,0.686873,0.790105,0.729646,0.743694,0.744170,0.747725,0.744164,0.663521,0.676624,0.737747,0.732477,0.761073,0.734841,0.752521,0.689798,0.721457,0.734946,0.759699,0.759029,0.750188,0.729067,0.684369,0.778735,0.717599,0.728853,0.727932,0.743403,0.765995,0.750036,0.731359,0.748925,0.676878,0.732632,0.754593,0.751817,0.662264,0.714562,0.692324,0.741197,0.752805,0.753758,0.752706,0.670958,0.741242,0.749114,0.727136,0.736327,0.748795,0.760382,0.744403,0.725286,0.770097,0.716351,0.712772,0.700946,0.716313,0.752645,0.742155,0.768298,0.732917,0.742908,0.713748,0.742234,0.734121,0.698272,0.731588,0.718315,0.754311,0.761569,0.706582,0.712152,0.764758,0.765881,0.749553,0.721604,0.713890,0.708186,0.735232,0.769515,0.777964,0.770276,0.765084,0.690137,0.744725,0.704774,0.714329,0.751642,0.741553,0.735943,0.744571,0.717801,0.726587,0.771457,0.706808,0.781843,0.698757,0.714293,0.703993,0.742841,0.686576,0.759929,0.720964,0.751411,0.714721,0.702689,0.699533,0.752422,0.739616,0.705451,0.731809,0.771679,0.766200,0.728844,0.741856,0.769818,0.716360,0.720753,#
