0,1.000000,0.387114,0.426691,0.319127,0.347367,0.341784,0.383090,0.270277,0.357108,0.336486,0.440034,0.402727,0.340450,0.303323,0.426473,0.367004,0.377491,0.456836,0.392681,0.330379,0.434181,0.485639,0.367624,0.415695,0.384558,0.286309,0.401986,0.444947,0.428890,0.385060,0.331732,0.301731,0.371707,0.305289,0.261688,0.339691,0.414367,0.390221,0.386863,0.472065,0.268842,0.400628,0.297351,0.366280,0.331655,0.352849,0.420521,0.391796,0.477521,0.389368,0.483183,0.320620,0.355583,0.349163,0.413753,0.344340,0.366232,0.381963,0.272986,0.304139,0.367739,0.260857,0.372682,0.395160,0.422970,0.256613,0.367966,0.384943,0.341513,0.376761,0.460394,0.406113,0.431184,0.402030,0.355187,0.320744,0.303364,0.410571,0.402744,0.288668,0.429565,0.318841,0.385758,0.411561,0.377841,0.405256,0.400107,0.333451,0.444856,0.357674,0.382695,0.288756,0.322210,0.355673,0.402825,0.401874,0.418182,0.382096,0.407311,0.360713,0.367705,0.424124,0.364416,0.411449,0.304612,0.378747,0.391766,0.371546,0.359034,0.328872,0.316148,0.398462,0.346922,0.412227,0.269673,0.429634,0.435719,0.302794,0.422677,0.366762,0.480116,0.336855,0.312796,0.310266,0.336138,0.475842,0.294644,0.317012,0.371059,0.396483,0.399220,0.459749,0.400834,0.347571,0.377062,0.279197,0.415451,0.354037,0.377643,0.472987,0.342621,0.386902,0.395957,0.301287,0.398980,0.383610,0.365553,0.294350,0.395347,0.341497,0.406358,0.334937,0.360882,0.322360,0.384586,0.248621,0.231301,0.266157,0.396220,0.433972,0.408064,0.364168,0.260930,0.378296,0.433981,0.237852,0.242310,0.306186,0.363904,0.347480,0.487762,0.190571,0.421433,0.444284,0.346339,0.328002,0.390299,0.300262,0.406135,0.327780,0.367246,0.482114,0.267475,0.249526,0.326085,0.413157,0.381119,0.488927,0.446469,0.218561,0.336235,0.390093,0.291082,0.263671,0.380973,0.296343,0.331702,0.307708,0.411398,0.403284,#
1,0.387114,1.000000,0.322684,0.351261,0.408724,0.346303,0.395293,0.353373,0.280353,0.324381,0.492698,0.425079,0.369230,0.421533,0.361501,0.349381,0.310263,0.351654,0.418301,0.374486,0.358281,0.470433,0.285688,0.382920,0.468221,0.383088,0.461833,0.496180,0.369139,0.314919,0.433085,0.394666,0.443545,0.343158,0.349919,0.266916,0.351758,0.397281,0.443474,0.359762,0.342241,0.380125,0.458596,0.344047,0.332186,0.370710,0.461640,0.438359,0.381367,0.341907,0.473866,0.309270,0.434164,0.360912,0.349184,0.311751,0.378047,0.358252,0.406343,0.427385,0.346670,0.329019,0.318443,0.451998,0.399818,0.378983,0.303833,0.434588,0.394750,0.373775,0.385169,0.289578,0.446750,0.304457,0.405634,0.296462,0.448484,0.340138,0.438013,0.408140,0.400077,0.442380,0.465447,0.483188,0.333639,0.290039,0.363590,0.354004,0.445213,0.405396,0.387373,0.435212,0.364962,0.384502,0.268243,0.355272,0.349095,0.307582,0.384052,0.316830,0.285047,0.322952,0.416301,0.342055,0.309698,0.339186,0.364128,0.424768,0.282377,0.393657,0.450267,0.397625,0.400832,0.443761,0.374337,0.426934,0.450205,0.315613,0.433484,0.386098,0.389533,0.398292,0.407917,0.418136,0.385589,0.443461,0.382798,0.405602,0.329017,0.370929,0.431162,0.422271,0.322089,0.364619,0.479227,0.394510,0.311228,0.366291,0.423995,0.401078,0.429279,0.278433,0.268876,0.300656,0.418697,0.363037,0.433135,0.219077,0.377282,0.336957,0.311847,0.451129,0.402739,0.262421,0.373299,0.364653,0.308640,0.309896,0.326020,0.266267,0.287798,0.421774,0.327296,0.384610,0.386901,0.370685,0.219920,0.381965,0.353934,0.446904,0.438551,0.345740,0.313846,0.340156,0.457767,0.318624,0.309038,0.381017,0.427696,0.349029,0.410319,0.392197,0.336605,0.322580,0.428872,0.451370,0.300932,0.461982,0.352964,0.290529,0.483777,0.373194,0.280423,0.343488,0.411853,0.411602,0.247387,0.359687,0.341125,0.334909,#
2,0.426691,0.322684,1.000000,0.394755,0.313914,0.335336,0.359730,0.290008,0.232230,0.227821,0.280577,0.351742,0.336609,0.371282,0.365164,0.397439,0.339925,0.346432,0.400525,0.378870,0.381678,0.438566,0.427884,0.399044,0.477302,0.374366,0.411338,0.308453,0.308154,0.356988,0.411212,0.356427,0.375495,0.304033,0.306258,0.305757,0.364334,0.368761,0.365025,0.378407,0.423291,0.368050,0.358571,0.299788,0.252144,0.416403,0.377317,0.433153,0.327588,0.321263,0.420097,0.401180,0.409403,0.309970,0.298133,0.413547,0.272169,0.373639,0.311335,0.368439,0.209417,0.337932,0.309984,0.456381,0.453672,0.415325,0.342141,0.324658,0.361528,0.460678,0.303940,0.239625,0.310452,0.375520,0.354881,0.372917,0.346096,0.404812,0.361270,0.364777,0.475969,0.296423,0.342360,0.367252,0.267499,0.419791,0.435388,0.397808,0.317213,0.354131,0.311538,0.314612,0.372581,0.318244,0.307120,0.326705,0.393884,0.298707,0.377919,0.289889,0.361352,0.387075,0.384684,0.361817,0.431645,0.324741,0.363582,0.348422,0.279768,0.384197,0.369067,0.347414,0.350856,0.319011,0.250969,0.370400,0.336130,0.410577,0.232545,0.283929,0.392418,0.310671,0.346405,0.265158,0.356165,0.332137,0.344945,0.326361,0.347767,0.309597,0.314131,0.473214,0.343548,0.274904,0.347830,0.368561,0.363703,0.374257,0.293996,0.265941,0.255203,0.280774,0.420923,0.289229,0.487284,0.343629,0.335346,0.291319,0.466567,0.353328,0.359152,0.409510,0.309097,0.328162,0.271106,0.226076,0.223737,0.277201,0.338616,0.301622,0.425416,0.440052,0.341770,0.397865,0.404012,0.194364,0.277596,0.353974,0.292885,0.377541,0.390300,0.385147,0.293264,0.332391,0.473990,0.369215,0.472679,0.334706,0.393573,0.348358,0.399905,0.327368,0.207132,0.227655,0.320112,0.406623,0.392158,0.355371,0.374506,0.230331,0.320251,0.348927,0.398121,0.268385,0.367296,0.290597,0.314294,0.260370,0.447517,0.389092,#
3,0.319127,0.351261,0.394755,1.000000,0.271905,0.270417,0.334419,0.322311,0.298150,0.199737,0.271701,0.364103,0.273674,0.315143,0.227848,0.226243,0.248834,0.359590,0.311412,0.334586,0.320099,0.341091,0.347202,0.413160,0.386643,0.315522,0.339992,0.303394,0.344559,0.264884,0.348479,0.399077,0.324059,0.392986,0.147964,0.280856,0.407902,0.429630,0.394803,0.267360,0.342369,0.358923,0.380029,0.300406,0.279432,0.419606,0.423310,0.363640,0.260290,0.335917,0.441016,0.294837,0.307039,0.305741,0.206108,0.391462,0.308267,0.369380,0.274570,0.348888,0.284499,0.234435,0.294398,0.415672,0.380950,0.352352,0.276533,0.405697,0.253523,0.336552,0.394080,0.247118,0.281322,0.333153,0.374817,0.327829,0.294727,0.396604,0.365345,0.365797,0.361115,0.320758,0.349338,0.354565,0.299350,0.290874,0.401399,0.292764,0.356087,0.402970,0.339285,0.321424,0.286569,0.442729,0.203524,0.304526,0.356570,0.252448,0.382978,0.247362,0.314336,0.326932,0.357297,0.304887,0.355436,0.281252,0.304600,0.370164,0.233359,0.249076,0.366027,0.311871,0.288921,0.344865,0.200733,0.307549,0.383174,0.254508,0.317578,0.291882,0.396325,0.291525,0.397993,0.367414,0.337601,0.342189,0.296293,0.247388,0.282453,0.416346,0.307769,0.357039,0.381002,0.408258,0.324911,0.334941,0.243704,0.243582,0.387329,0.366988,0.344318,0.266854,0.371622,0.293549,0.407691,0.198351,0.323157,0.324477,0.364400,0.325452,0.290409,0.266403,0.218331,0.290438,0.208231,0.203062,0.294956,0.266465,0.193840,0.345384,0.406913,0.359446,0.380111,0.487363,0.376931,0.317148,0.248027,0.277062,0.268056,0.385129,0.366220,0.250011,0.267409,0.297136,0.342819,0.268664,0.247436,0.284225,0.311358,0.299616,0.386352,0.435457,0.359187,0.289265,0.279285,0.291393,0.257670,0.406267,0.233295,0.182107,0.364478,0.333352,0.367349,0.299210,0.220452,0.330474,0.328233,0.297136,0.336190,0.313319,#
4,0.347367,0.408724,0.313914,0.271905,1.000000,0.255433,0.422376,0.255809,0.350225,0.274298,0.409869,0.284135,0.366352,0.323398,0.272500,0.342712,0.250789,0.324848,0.415504,0.419548,0.329253,0.403459,0.316946,0.377173,0.402594,0.451161,0.350249,0.362275,0.344227,0.226823,0.340623,0.341385,0.440395,0.268940,0.333456,0.290668,0.254820,0.431576,0.310427,0.332374,0.366576,0.387005,0.319748,0.349385,0.379015,0.290001,0.398440,0.432603,0.375326,0.376017,0.405192,0.214887,0.369246,0.386733,0.358490,0.372993,0.272368,0.298504,0.305925,0.400536,0.352488,0.275657,0.256764,0.308244,0.333569,0.297342,0.375263,0.310252,0.325771,0.326788,0.327687,0.342469,0.309879,0.294300,0.295873,0.194836,0.249175,0.369416,0.270133,0.249370,0.478560,0.395211,0.296613,0.367928,0.360195,0.340001,0.295080,0.328902,0.405912,0.401035,0.319865,0.372118,0.244387,0.349507,0.206994,0.364501,0.297384,0.417283,0.441484,0.293191,0.342936,0.234162,0.326052,0.397092,0.375349,0.282733,0.315116,0.386575,0.275839,0.424294,0.414853,0.242437,0.373817,0.473445,0.273163,0.250915,0.319009,0.176066,0.382315,0.346863,0.353885,0.354101,0.379425,0.280238,0.385527,0.351223,0.320875,0.313503,0.168443,0.203259,0.300874,0.394278,0.336666,0.277353,0.424032,0.314342,0.288420,0.245561,0.253098,0.327203,0.344313,0.197305,0.305645,0.314545,0.317291,0.327016,0.391893,0.246038,0.348663,0.324984,0.349990,0.361495,0.335073,0.359673,0.248274,0.294759,0.386076,0.312519,0.256287,0.347259,0.282226,0.324404,0.281142,0.364770,0.293977,0.376244,0.278476,0.242705,0.326225,0.372768,0.415716,0.261324,0.283626,0.211420,0.414533,0.183257,0.378656,0.223031,0.275127,0.260170,0.248180,0.311628,0.259611,0.250114,0.318775,0.291785,0.309638,0.458265,0.358239,0.267051,0.335535,0.295497,0.349136,0.302626,0.299621,0.355216,0.317933,0.420925,0.321707,0.321016,#
5,0.341784,0.346303,0.335336,0.270417,0.255433,1.000000,0.280383,0.273852,0.268434,0.316939,0.262445,0.298079,0.291711,0.192305,0.291837,0.312309,0.277602,0.348260,0.327182,0.215594,0.343573,0.361817,0.316334,0.414782,0.305420,0.263432,0.315757,0.353097,0.342394,0.289293,0.249408,0.393732,0.333316,0.229945,0.257435,0.173632,0.442729,0.311363,0.324782,0.346535,0.310860,0.318710,0.188054,0.338374,0.213242,0.335981,0.318545,0.226303,0.347978,0.352331,0.359419,0.254378,0.316572,0.234070,0.292465,0.329511,0.161534,0.403278,0.323816,0.281707,0.309289,0.313212,0.298841,0.306881,0.334029,0.260603,0.323580,0.337307,0.209671,0.284553,0.409595,0.236998,0.333616,0.422069,0.277064,0.253542,0.330962,0.318678,0.348350,0.300740,0.358933,0.274414,0.376035,0.173197,0.183288,0.353788,0.244795,0.296313,0.276866,0.289395,0.275673,0.292531,0.216760,0.291130,0.166086,0.300769,0.312079,0.184163,0.281619,0.151666,0.307383,0.344309,0.365477,0.307900,0.281748,0.234758,0.227920,0.323086,0.229982,0.274401,0.371135,0.220838,0.330512,0.298842,0.277596,0.219052,0.368137,0.296928,0.288444,0.329052,0.250993,0.264547,0.242919,0.259016,0.304721,0.272551,0.172046,0.207741,0.373231,0.380298,0.272099,0.408294,0.206136,0.271506,0.363114,0.306928,0.219712,0.229426,0.284700,0.278642,0.366776,0.322079,0.267927,0.299207,0.289273,0.256242,0.275534,0.267109,0.289971,0.263260,0.294029,0.216500,0.260205,0.344759,0.216710,0.242185,0.304436,0.255888,0.373043,0.172444,0.334107,0.252889,0.302807,0.232323,0.278870,0.163106,0.172297,0.306415,0.383685,0.395008,0.217083,0.244847,0.350483,0.251089,0.267858,0.265696,0.238936,0.261948,0.369397,0.240989,0.345801,0.354786,0.365751,0.182168,0.334704,0.371111,0.309416,0.305932,0.213293,0.280596,0.349870,0.260471,0.237974,0.288802,0.323692,0.265633,0.293574,0.344847,0.274943,0.373088,#
6,0.383090,0.395293,0.359730,0.334419,0.422376,0.280383,1.000000,0.355620,0.299163,0.283743,0.407463,0.323669,0.290664,0.418445,0.268669,0.316682,0.362757,0.349684,0.383998,0.446825,0.390339,0.360145,0.363431,0.350346,0.403307,0.314954,0.341249,0.373653,0.391636,0.341186,0.330127,0.366189,0.381521,0.330474,0.223234,0.227458,0.286940,0.374117,0.369714,0.403943,0.381359,0.368916,0.296831,0.408254,0.324165,0.315473,0.437391,0.497550,0.351910,0.426582,0.357012,0.397609,0.379343,0.377583,0.306128,0.409077,0.340840,0.425756,0.372962,0.429084,0.257397,0.313404,0.268929,0.412542,0.305607,0.447308,0.371911,0.375536,0.357387,0.345542,0.343859,0.359189,0.346781,0.365905,0.387955,0.320917,0.353731,0.373659,0.371936,0.354457,0.364944,0.426236,0.446613,0.353414,0.371836,0.418663,0.347029,0.439776,0.443687,0.393352,0.409867,0.295080,0.274733,0.450297,0.284430,0.445417,0.355531,0.389155,0.462484,0.309847,0.358052,0.389254,0.287009,0.326990,0.276297,0.482862,0.351066,0.349845,0.344078,0.391138,0.389523,0.344323,0.403275,0.381834,0.322378,0.360700,0.413765,0.330501,0.427148,0.365711,0.340736,0.439061,0.333805,0.296282,0.370845,0.379570,0.271605,0.445341,0.245526,0.368929,0.353643,0.368118,0.420171,0.253136,0.498109,0.373233,0.314759,0.442670,0.382577,0.319676,0.283437,0.187451,0.270291,0.450985,0.300777,0.399324,0.380426,0.278912,0.335146,0.267485,0.417596,0.365201,0.366090,0.353291,0.345737,0.260197,0.299482,0.293840,0.313392,0.292165,0.343384,0.352429,0.346072,0.396368,0.382404,0.321278,0.219206,0.308997,0.430019,0.462696,0.330249,0.329573,0.347020,0.318537,0.393414,0.329685,0.343832,0.321880,0.411336,0.274319,0.223827,0.240328,0.326907,0.334018,0.432925,0.309999,0.362117,0.377707,0.400065,0.339573,0.317494,0.290264,0.405382,0.320474,0.255417,0.328252,0.365620,0.352697,0.258322,0.355227,#
7,0.270277,0.353373,0.290008,0.322311,0.255809,0.273852,0.355620,1.000000,0.291427,0.385125,0.337315,0.460136,0.317998,0.356193,0.248329,0.313156,0.303880,0.410903,0.352396,0.390437,0.383267,0.373082,0.490418,0.303239,0.433975,0.255531,0.362579,0.458292,0.293145,0.295789,0.403266,0.379153,0.422407,0.307348,0.281668,0.333074,0.323669,0.323883,0.322028,0.364812,0.320554,0.336326,0.412255,0.241110,0.398366,0.419566,0.298741,0.417396,0.390768,0.347959,0.436862,0.307547,0.296798,0.381460,0.359179,0.373928,0.391376,0.425289,0.306757,0.344913,0.306229,0.216793,0.306502,0.387171,0.428180,0.285563,0.335225,0.379012,0.323622,0.480367,0.394497,0.237126,0.408336,0.473418,0.318792,0.303665,0.390598,0.368906,0.399339,0.448483,0.356667,0.374350,0.452105,0.372848,0.296519,0.384295,0.411265,0.323976,0.403988,0.456101,0.360759,0.296195,0.358965,0.323048,0.237114,0.362861,0.353644,0.263394,0.284152,0.187731,0.374259,0.303570,0.359535,0.322098,0.218368,0.423453,0.423739,0.365720,0.338118,0.324165,0.335657,0.326889,0.269676,0.362622,0.385930,0.333125,0.337689,0.305063,0.374745,0.398538,0.387610,0.402707,0.290065,0.374755,0.440406,0.397223,0.376051,0.411529,0.289533,0.355051,0.320804,0.379275,0.337987,0.315208,0.489123,0.379282,0.217623,0.469391,0.410219,0.397077,0.466609,0.438252,0.164568,0.303788,0.395152,0.320829,0.404771,0.285968,0.348160,0.248463,0.415918,0.504151,0.279835,0.230511,0.226375,0.353144,0.396581,0.325612,0.315446,0.330055,0.359554,0.314562,0.332739,0.407852,0.391888,0.261980,0.362064,0.291420,0.438908,0.381998,0.385195,0.319177,0.316443,0.258891,0.377453,0.299167,0.350526,0.326186,0.277582,0.410805,0.386625,0.368142,0.275437,0.297950,0.211436,0.339048,0.346370,0.388433,0.273308,0.417073,0.382276,0.312653,0.306697,0.322631,0.201095,0.357760,0.390960,0.377269,0.355918,0.312581,#
8,0.357108,0.280353,0.232230,0.298150,0.350225,0.268434,0.299163,0.291427,1.000000,0.192856,0.401968,0.343814,0.329621,0.353090,0.361983,0.278190,0.281311,0.311550,0.270625,0.399663,0.376915,0.315949,0.304809,0.360946,0.357532,0.329968,0.275128,0.391034,0.290895,0.377737,0.240953,0.348134,0.332029,0.349324,0.290131,0.284861,0.339932,0.400334,0.337209,0.450273,0.331223,0.280528,0.193131,0.384968,0.390638,0.324430,0.380207,0.408431,0.248420,0.286767,0.311863,0.392548,0.245969,0.454746,0.302208,0.417633,0.305322,0.307874,0.240050,0.373341,0.288615,0.209946,0.372155,0.361813,0.363802,0.302821,0.346626,0.372481,0.423742,0.371649,0.273005,0.427029,0.330752,0.312414,0.232621,0.234845,0.294439,0.306378,0.355355,0.201968,0.322270,0.358909,0.375089,0.273348,0.327167,0.356659,0.314920,0.331667,0.411392,0.364043,0.359568,0.307731,0.288147,0.318376,0.322277,0.439566,0.362179,0.326362,0.270997,0.204133,0.316451,0.232119,0.250824,0.272877,0.310181,0.259918,0.392381,0.396270,0.205438,0.377134,0.284508,0.328180,0.253447,0.346188,0.236270,0.352573,0.443020,0.301025,0.204974,0.406078,0.343105,0.284280,0.362285,0.296712,0.361852,0.427307,0.200304,0.346499,0.311221,0.318945,0.373316,0.392560,0.319669,0.305311,0.417593,0.309282,0.264398,0.412191,0.461044,0.364305,0.320656,0.311076,0.419876,0.269963,0.382536,0.272941,0.315959,0.395120,0.298354,0.294496,0.383518,0.318122,0.314053,0.309342,0.388678,0.304147,0.348189,0.184400,0.294470,0.355426,0.282036,0.307447,0.264079,0.424971,0.302091,0.274624,0.281092,0.275959,0.343062,0.363632,0.405913,0.144976,0.240212,0.400051,0.398756,0.364159,0.285296,0.319940,0.325352,0.339842,0.397323,0.299841,0.140323,0.252880,0.378996,0.298087,0.292791,0.278577,0.325591,0.315700,0.345682,0.314244,0.306642,0.275269,0.291089,0.299511,0.326619,0.182976,0.246000,0.298682,#
9,0.336486,0.324381,0.227821,0.199737,0.274298,0.316939,0.283743,0.385125,0.192856,1.000000,0.422681,0.326318,0.275309,0.324275,0.348359,0.347787,0.299096,0.243685,0.242074,0.407896,0.275361,0.348633,0.343623,0.328595,0.319856,0.261532,0.361912,0.443777,0.312043,0.213079,0.432825,0.383127,0.296402,0.320670,0.296252,0.309987,0.196345,0.361494,0.311749,0.303788,0.332182,0.376205,0.210498,0.185563,0.371337,0.421937,0.339441,0.375821,0.314788,0.258302,0.386269,0.327310,0.278276,0.294443,0.293016,0.388472,0.389721,0.353694,0.257964,0.310651,0.253758,0.311565,0.350846,0.360771,0.345000,0.347787,0.228828,0.409358,0.391820,0.269307,0.342221,0.312133,0.284549,0.355427,0.356494,0.331311,0.407644,0.235188,0.446035,0.348030,0.317103,0.334675,0.393858,0.321343,0.347204,0.457539,0.411237,0.277686,0.315222,0.319264,0.244053,0.378292,0.257222,0.321342,0.254230,0.366185,0.416553,0.286560,0.312053,0.293459,0.381858,0.328701,0.419133,0.229996,0.333548,0.301400,0.351093,0.356667,0.320996,0.252420,0.273559,0.296609,0.343377,0.360199,0.281528,0.347932,0.412847,0.393852,0.468631,0.290529,0.448524,0.403855,0.323205,0.339004,0.350112,0.378676,0.211960,0.379943,0.222668,0.273198,0.289609,0.409505,0.256499,0.304651,0.417031,0.272453,0.302615,0.365673,0.334541,0.320062,0.293046,0.329416,0.245349,0.266161,0.357997,0.228196,0.397255,0.264570,0.245338,0.370557,0.391382,0.354774,0.399482,0.343252,0.273319,0.338866,0.333154,0.329496,0.401389,0.270799,0.351371,0.238175,0.180319,0.408879,0.333673,0.322723,0.260167,0.284699,0.470989,0.379565,0.319859,0.352748,0.326341,0.357093,0.333890,0.277070,0.293823,0.156501,0.229420,0.399104,0.285263,0.354172,0.317960,0.356368,0.319582,0.347253,0.399656,0.418811,0.378181,0.240880,0.351391,0.307900,0.228329,0.328369,0.233088,0.325448,0.300953,0.217895,0.312572,0.310503,#
10,0.440034,0.492698,0.280577,0.271701,0.409869,0.262445,0.407463,0.337315,0.401968,0.422681,1.000000,0.360137,0.254784,0.402295,0.391416,0.378422,0.387259,0.368127,0.469162,0.416986,0.372380,0.429351,0.319356,0.318048,0.402012,0.264523,0.455733,0.415081,0.351470,0.378866,0.422779,0.375089,0.350726,0.397650,0.291351,0.357775,0.234049,0.414232,0.450612,0.367725,0.285666,0.280702,0.335583,0.308177,0.348559,0.351004,0.362660,0.455058,0.419741,0.370588,0.328925,0.368221,0.342988,0.394556,0.348371,0.421242,0.339877,0.386939,0.285619,0.362362,0.308807,0.319189,0.334048,0.430137,0.376168,0.385326,0.360232,0.370173,0.415521,0.353152,0.350857,0.326440,0.339273,0.360102,0.321267,0.392891,0.435150,0.274485,0.410105,0.317852,0.335251,0.401705,0.414522,0.400007,0.365982,0.399082,0.413224,0.266972,0.429643,0.378112,0.252791,0.355801,0.422008,0.320252,0.290119,0.353150,0.429639,0.299254,0.437373,0.347610,0.421134,0.311558,0.357069,0.357275,0.376479,0.332815,0.484705,0.413498,0.322902,0.394876,0.276375,0.344862,0.335739,0.405383,0.372465,0.455534,0.410975,0.265497,0.345391,0.350994,0.356277,0.340153,0.368605,0.383884,0.405269,0.380798,0.267399,0.371764,0.273096,0.385888,0.364037,0.413418,0.358719,0.280757,0.480032,0.347939,0.330600,0.444079,0.318095,0.433762,0.383183,0.283965,0.442000,0.266117,0.348177,0.345050,0.306107,0.319194,0.276356,0.384856,0.336931,0.463628,0.364354,0.384218,0.415868,0.392513,0.355667,0.253552,0.315753,0.392214,0.312880,0.337417,0.356210,0.396793,0.342525,0.289848,0.284030,0.299260,0.361313,0.474179,0.462368,0.342905,0.363329,0.370375,0.422946,0.181382,0.322769,0.305303,0.394678,0.432786,0.373575,0.332771,0.354316,0.276234,0.399279,0.376096,0.338729,0.388060,0.364951,0.291337,0.343115,0.355957,0.327242,0.322481,0.364493,0.396488,0.342248,0.388415,0.393368,0.418901,#
11,0.402727,0.425079,0.351742,0.364103,0.284135,0.298079,0.323669,0.460136,0.343814,0.326318,0.360137,1.000000,0.414428,0.298817,0.235707,0.393436,0.371542,0.461742,0.397114,0.282925,0.388125,0.434943,0.348704,0.399211,0.499838,0.408496,0.315375,0.485866,0.235331,0.441183,0.444508,0.419452,0.374144,0.374643,0.287425,0.273638,0.411903,0.433615,0.368647,0.338951,0.372991,0.410619,0.407776,0.457479,0.300805,0.418238,0.382783,0.475294,0.356927,0.275149,0.452164,0.344433,0.316833,0.420849,0.271242,0.364109,0.506186,0.408339,0.375103,0.344697,0.311852,0.379054,0.416206,0.460229,0.421782,0.357678,0.362526,0.439660,0.357407,0.403449,0.330311,0.252934,0.407088,0.466427,0.341900,0.382689,0.334327,0.357250,0.520145,0.353318,0.435258,0.268679,0.402077,0.433215,0.420982,0.368079,0.482476,0.356308,0.427126,0.357055,0.434679,0.347182,0.417430,0.461640,0.239064,0.331918,0.331533,0.375382,0.344921,0.356304,0.461579,0.338047,0.404133,0.295203,0.397118,0.476783,0.454791,0.364534,0.349000,0.415601,0.344365,0.331478,0.389413,0.418028,0.253033,0.530722,0.448126,0.284780,0.407006,0.381642,0.382673,0.451788,0.405708,0.358988,0.451281,0.397690,0.454631,0.468886,0.372909,0.350484,0.403299,0.559570,0.321865,0.311966,0.402341,0.306269,0.227634,0.485227,0.389145,0.385649,0.337018,0.389169,0.335701,0.382261,0.412704,0.388755,0.443252,0.329231,0.357545,0.335143,0.364337,0.522849,0.335216,0.355430,0.449680,0.284962,0.316174,0.261036,0.288895,0.332664,0.407276,0.321047,0.274870,0.377425,0.468464,0.314933,0.389368,0.371592,0.515791,0.389347,0.456564,0.243348,0.351217,0.339471,0.368567,0.420523,0.458387,0.319942,0.302099,0.287150,0.426180,0.369041,0.328904,0.320570,0.293568,0.427823,0.379463,0.398625,0.344318,0.346630,0.269427,0.342439,0.410517,0.167735,0.327444,0.336131,0.451397,0.313370,0.335808,0.403237,#
12,0.340450,0.369230,0.336609,0.273674,0.366352,0.291711,0.290664,0.317998,0.329621,0.275309,0.254784,0.414428,1.000000,0.303662,0.327543,0.328471,0.372709,0.309854,0.419297,0.414712,0.395403,0.273846,0.366042,0.359086,0.418619,0.323482,0.316086,0.439473,0.362084,0.402239,0.324860,0.446404,0.379546,0.328727,0.276140,0.281149,0.405109,0.356161,0.306646,0.337487,0.398325,0.284220,0.393684,0.343715,0.397422,0.435993,0.345413,0.313273,0.369248,0.285886,0.458735,0.253055,0.293358,0.405717,0.305593,0.358784,0.363395,0.396315,0.337065,0.359847,0.285933,0.332126,0.318168,0.372283,0.365350,0.358007,0.350644,0.287719,0.329504,0.283021,0.284825,0.333025,0.247540,0.295248,0.384624,0.320069,0.314341,0.347866,0.317910,0.319902,0.398548,0.337938,0.393657,0.351113,0.394403,0.463602,0.325760,0.370641,0.432196,0.367981,0.391819,0.369776,0.276004,0.393349,0.310534,0.233695,0.403621,0.370050,0.274241,0.215356,0.344172,0.370649,0.307013,0.330092,0.395036,0.349639,0.345567,0.278788,0.249609,0.408910,0.395951,0.233723,0.365842,0.441862,0.263230,0.346954,0.386705,0.407206,0.332739,0.373014,0.299367,0.430034,0.425675,0.360323,0.293016,0.433020,0.297100,0.314937,0.330985,0.245718,0.331803,0.447663,0.303940,0.219405,0.341539,0.308554,0.298664,0.388569,0.379086,0.335248,0.392003,0.365655,0.259437,0.290742,0.314087,0.352234,0.391746,0.302747,0.348596,0.268445,0.397041,0.485981,0.262317,0.323235,0.363023,0.239826,0.338142,0.161664,0.281692,0.199544,0.391954,0.359306,0.283323,0.429575,0.345936,0.272862,0.309126,0.175977,0.357292,0.431431,0.313271,0.266110,0.341081,0.311749,0.416754,0.211980,0.313888,0.304569,0.197102,0.374235,0.396027,0.358954,0.345436,0.304217,0.351051,0.384845,0.346762,0.376037,0.314826,0.207019,0.362740,0.370024,0.325950,0.318140,0.220887,0.272743,0.435787,0.255778,0.387445,0.296667,#
13,0.303323,0.421533,0.371282,0.315143,0.323398,0.192305,0.418445,0.356193,0.353090,0.324275,0.402295,0.298817,0.303662,1.000000,0.374099,0.363302,0.344225,0.282857,0.370524,0.400284,0.343764,0.361277,0.357022,0.293150,0.491156,0.378383,0.411974,0.386874,0.302131,0.256088,0.400854,0.308685,0.400629,0.340529,0.231903,0.322788,0.289861,0.411691,0.276704,0.366494,0.317860,0.322628,0.472682,0.313877,0.366870,0.304856,0.465973,0.367078,0.366018,0.314829,0.458150,0.355315,0.342259,0.337193,0.343406,0.505714,0.324790,0.341466,0.354391,0.395738,0.328354,0.336447,0.447097,0.401549,0.292236,0.333239,0.439780,0.421973,0.521129,0.423880,0.240090,0.351662,0.363173,0.378199,0.402814,0.270282,0.400142,0.388221,0.414108,0.300782,0.329081,0.436499,0.418162,0.493169,0.447466,0.383551,0.472076,0.411025,0.400399,0.402807,0.395256,0.363551,0.363218,0.374128,0.314698,0.380402,0.383689,0.319686,0.324295,0.296923,0.459226,0.364788,0.373280,0.318188,0.341705,0.431646,0.375331,0.332265,0.339899,0.367069,0.357423,0.330926,0.460436,0.409120,0.323233,0.347165,0.450042,0.344478,0.348327,0.418255,0.421715,0.424470,0.315190,0.402870,0.365092,0.383942,0.304882,0.390731,0.430800,0.307459,0.327461,0.377745,0.339514,0.355843,0.465475,0.305754,0.357791,0.400556,0.480209,0.381028,0.332249,0.311857,0.341438,0.368317,0.446173,0.433576,0.394404,0.319181,0.218731,0.401637,0.432217,0.305248,0.358250,0.365706,0.428946,0.337497,0.267252,0.336187,0.342114,0.271017,0.308826,0.430978,0.258888,0.507491,0.424884,0.364167,0.222818,0.266867,0.413073,0.450198,0.406576,0.442644,0.345570,0.304348,0.398702,0.348515,0.343205,0.239666,0.451491,0.298197,0.422292,0.304843,0.287203,0.351636,0.295612,0.368498,0.398389,0.433439,0.437749,0.383636,0.299902,0.360018,0.377194,0.287592,0.292213,0.377653,0.356318,0.292827,0.373334,0.374335,#
14,0.426473,0.361501,0.365164,0.227848,0.272500,0.291837,0.268669,0.248329,0.361983,0.348359,0.391416,0.235707,0.327543,0.374099,1.000000,0.439933,0.313024,0.315078,0.407563,0.375434,0.320807,0.347467,0.352649,0.391937,0.345554,0.251584,0.380671,0.328891,0.360270,0.320770,0.268111,0.233586,0.314268,0.260074,0.300138,0.366426,0.394005,0.416767,0.415339,0.397821,0.420550,0.333768,0.406440,0.305503,0.337157,0.373281,0.441232,0.356318,0.361642,0.232395,0.439381,0.344923,0.295242,0.323827,0.394776,0.354397,0.337904,0.307167,0.267906,0.341077,0.348644,0.409876,0.283028,0.371567,0.364685,0.319493,0.319194,0.378340,0.385984,0.334189,0.258368,0.339244,0.218411,0.444428,0.224226,0.279128,0.295586,0.381183,0.375349,0.302040,0.376015,0.205870,0.422874,0.425106,0.289186,0.406624,0.216024,0.258678,0.369320,0.390182,0.411386,0.367207,0.348531,0.349295,0.330049,0.275074,0.406684,0.330144,0.389394,0.262580,0.285032,0.316735,0.404525,0.284384,0.254909,0.355575,0.405285,0.392158,0.299669,0.361683,0.230009,0.302895,0.355427,0.246505,0.293622,0.379101,0.307984,0.354933,0.319483,0.355818,0.426196,0.336265,0.263741,0.368020,0.293788,0.293770,0.306631,0.337414,0.270704,0.296551,0.206623,0.429074,0.349347,0.198806,0.321313,0.276050,0.348552,0.357812,0.322404,0.315496,0.396905,0.342355,0.385089,0.232721,0.317897,0.320040,0.331093,0.193186,0.283069,0.296111,0.344702,0.265199,0.196270,0.360993,0.291129,0.229571,0.304692,0.283064,0.319644,0.261069,0.302625,0.370658,0.245483,0.311308,0.368321,0.250604,0.318625,0.281536,0.291005,0.430944,0.397840,0.345786,0.337212,0.398668,0.454675,0.232086,0.437543,0.322688,0.390164,0.397894,0.392289,0.418165,0.272423,0.366814,0.320187,0.396851,0.360732,0.337550,0.263197,0.221062,0.288008,0.368899,0.317892,0.431002,0.301845,0.210010,0.199611,0.292571,0.389776,0.399371,#
15,0.367004,0.349381,0.397439,0.226243,0.342712,0.312309,0.316682,0.313156,0.278190,0.347787,0.378422,0.393436,0.328471,0.363302,0.439933,1.000000,0.391701,0.465728,0.445623,0.368164,0.359623,0.410993,0.357844,0.402501,0.474954,0.325076,0.391506,0.372000,0.345531,0.278757,0.388339,0.364897,0.307841,0.399639,0.302304,0.250317,0.340473,0.375183,0.423032,0.381148,0.488667,0.317394,0.364951,0.312896,0.440365,0.362710,0.350294,0.438199,0.307954,0.283672,0.415223,0.315689,0.396337,0.344524,0.342770,0.318782,0.384320,0.424572,0.325901,0.422923,0.280744,0.273168,0.273420,0.347550,0.315402,0.285540,0.424720,0.438954,0.408518,0.333278,0.249156,0.355020,0.357619,0.315346,0.370270,0.381921,0.286418,0.435315,0.387931,0.344588,0.530360,0.281987,0.374794,0.406806,0.324706,0.411578,0.380008,0.236002,0.416665,0.417040,0.332539,0.253723,0.368984,0.475276,0.291556,0.303095,0.416555,0.354347,0.448387,0.296037,0.388515,0.286200,0.449278,0.318205,0.356005,0.348542,0.374598,0.312252,0.336571,0.492343,0.290470,0.384157,0.348671,0.310804,0.279594,0.474671,0.417657,0.299918,0.323619,0.389524,0.406449,0.370278,0.243021,0.383803,0.348453,0.254136,0.371573,0.363933,0.342858,0.237491,0.231358,0.488120,0.324212,0.324721,0.415370,0.365451,0.390325,0.316251,0.358296,0.252512,0.336128,0.365984,0.454568,0.248465,0.403876,0.405404,0.432601,0.318758,0.380542,0.357776,0.394788,0.374684,0.313629,0.537999,0.265601,0.455253,0.269415,0.307391,0.310090,0.342870,0.307046,0.370904,0.309226,0.332315,0.314665,0.367149,0.300712,0.362527,0.348101,0.434632,0.392333,0.268660,0.430782,0.271834,0.443288,0.211149,0.454399,0.262087,0.241153,0.377279,0.320692,0.374419,0.267510,0.273557,0.371806,0.409422,0.292922,0.354621,0.321164,0.260508,0.178812,0.456971,0.311308,0.381989,0.294951,0.337964,0.326025,0.294981,0.300520,0.349707,#
16,0.377491,0.310263,0.339925,0.248834,0.250789,0.277602,0.362757,0.303880,0.281311,0.299096,0.387259,0.371542,0.372709,0.344225,0.313024,0.391701,1.000000,0.371900,0.333065,0.343438,0.540001,0.380316,0.473114,0.260192,0.311164,0.321610,0.348817,0.261936,0.294731,0.281615,0.329868,0.422217,0.236298,0.368188,0.227221,0.280004,0.381796,0.321643,0.335566,0.329720,0.251486,0.275296,0.343322,0.324021,0.320976,0.337916,0.348375,0.339188,0.334046,0.219626,0.270481,0.353483,0.423015,0.318053,0.309474,0.332211,0.255236,0.326607,0.249995,0.199135,0.230122,0.374962,0.296721,0.420093,0.416689,0.284417,0.344063,0.475539,0.306993,0.390121,0.218462,0.332521,0.336531,0.270993,0.323297,0.468180,0.316041,0.354374,0.415555,0.323372,0.282299,0.280856,0.310795,0.303710,0.316799,0.462682,0.420485,0.311791,0.353787,0.274659,0.326689,0.331950,0.303637,0.307880,0.252454,0.329237,0.349033,0.292803,0.407547,0.287429,0.319300,0.255188,0.233144,0.263415,0.305146,0.360253,0.287519,0.248549,0.287694,0.349521,0.325930,0.304645,0.318404,0.292287,0.319185,0.468523,0.395694,0.292077,0.246045,0.348513,0.287396,0.346564,0.312707,0.311091,0.342064,0.277777,0.304605,0.260310,0.312213,0.331239,0.207667,0.367983,0.387549,0.195446,0.442234,0.297512,0.181168,0.376754,0.331945,0.363100,0.234368,0.322624,0.248373,0.286147,0.354087,0.306530,0.214827,0.283294,0.283989,0.213303,0.292332,0.376955,0.280051,0.299771,0.342736,0.299252,0.242857,0.196703,0.307128,0.250900,0.286197,0.386547,0.377490,0.407387,0.301237,0.210357,0.290853,0.320896,0.272380,0.326150,0.316476,0.184623,0.339744,0.241138,0.377899,0.319812,0.330016,0.213077,0.269097,0.321471,0.357420,0.336816,0.274618,0.183952,0.240313,0.311006,0.382156,0.320545,0.316982,0.258018,0.328976,0.187369,0.247844,0.301669,0.325695,0.347293,0.276601,0.310390,0.241403,0.373806,#
17,0.456836,0.351654,0.346432,0.359590,0.324848,0.348260,0.349684,0.410903,0.311550,0.243685,0.368127,0.461742,0.309854,0.282857,0.315078,0.465728,0.371900,1.000000,0.369882,0.407069,0.399230,0.403299,0.431836,0.454365,0.454261,0.353741,0.306949,0.338264,0.434865,0.362358,0.382707,0.461260,0.525718,0.402808,0.216423,0.291018,0.337896,0.515985,0.373202,0.299451,0.369885,0.310005,0.337447,0.441495,0.320109,0.379290,0.435444,0.377819,0.420585,0.378147,0.432563,0.279840,0.272874,0.405677,0.378535,0.387026,0.385703,0.488874,0.318142,0.420852,0.325555,0.401364,0.327565,0.393175,0.344679,0.396366,0.374619,0.480277,0.406751,0.425876,0.408052,0.385185,0.434733,0.416371,0.365791,0.411328,0.307894,0.429995,0.341580,0.381961,0.449028,0.410023,0.546635,0.463495,0.379793,0.356910,0.379575,0.377251,0.523946,0.481092,0.388910,0.315733,0.377210,0.378815,0.274245,0.295964,0.369909,0.464535,0.409373,0.344289,0.399182,0.304930,0.374554,0.347339,0.313863,0.424027,0.380033,0.531110,0.272870,0.362694,0.348787,0.340234,0.310280,0.400630,0.243352,0.464235,0.399520,0.334415,0.349574,0.461879,0.341120,0.333810,0.341311,0.366875,0.450716,0.447593,0.320607,0.384062,0.223341,0.250057,0.278802,0.456413,0.420916,0.458227,0.426740,0.359579,0.379746,0.338518,0.412528,0.421828,0.376072,0.374680,0.368028,0.305843,0.433621,0.333093,0.309028,0.256896,0.359345,0.241486,0.455177,0.318325,0.319539,0.451988,0.324512,0.355505,0.316511,0.293644,0.454144,0.392766,0.450694,0.370257,0.342858,0.365141,0.382620,0.410806,0.272537,0.416672,0.335373,0.383289,0.491006,0.315421,0.357163,0.360931,0.423002,0.214197,0.455359,0.359759,0.273313,0.414642,0.393227,0.506131,0.313263,0.163969,0.299163,0.378503,0.383956,0.482571,0.429156,0.354250,0.320495,0.431922,0.251998,0.279043,0.437730,0.399531,0.448546,0.262451,0.294167,0.392222,#
18,0.392681,0.418301,0.400525,0.311412,0.415504,0.327182,0.383998,0.352396,0.270625,0.242074,0.469162,0.397114,0.419297,0.370524,0.407563,0.445623,0.333065,0.369882,1.000000,0.390938,0.353380,0.347464,0.255768,0.427430,0.459581,0.405318,0.482240,0.440247,0.438864,0.327057,0.439262,0.402393,0.456632,0.296256,0.356183,0.357521,0.468741,0.399209,0.395376,0.425644,0.408834,0.346705,0.400785,0.309726,0.323653,0.381146,0.375469,0.429036,0.330126,0.339393,0.449853,0.246201,0.447044,0.517341,0.338471,0.326073,0.377113,0.451155,0.274871,0.332855,0.311725,0.330984,0.348864,0.479343,0.300804,0.447807,0.430754,0.473692,0.348396,0.246298,0.251212,0.308521,0.326095,0.387689,0.311953,0.257828,0.291942,0.420979,0.454504,0.442378,0.498309,0.350601,0.416699,0.487216,0.390915,0.334777,0.417881,0.337022,0.471008,0.342919,0.402966,0.322167,0.396399,0.431429,0.313253,0.305360,0.482481,0.378681,0.314532,0.392350,0.343182,0.415832,0.478324,0.400304,0.436445,0.368415,0.368613,0.364979,0.358699,0.467184,0.428775,0.437874,0.311834,0.429483,0.311135,0.381707,0.371567,0.347222,0.370884,0.361971,0.343832,0.478819,0.343789,0.333664,0.436555,0.371022,0.353289,0.327443,0.404861,0.332769,0.391233,0.472595,0.359258,0.293621,0.489060,0.236343,0.257912,0.434479,0.379023,0.383569,0.446278,0.254836,0.288530,0.261842,0.389387,0.343670,0.321008,0.211452,0.295673,0.306120,0.382659,0.438137,0.381645,0.335518,0.345365,0.469404,0.426115,0.368052,0.298652,0.436989,0.391000,0.380327,0.299297,0.375503,0.381464,0.347059,0.418841,0.376815,0.376727,0.446206,0.334164,0.324211,0.401855,0.235438,0.387449,0.242161,0.336771,0.390872,0.475090,0.349787,0.389361,0.411580,0.371426,0.265334,0.489766,0.388617,0.404937,0.509103,0.372826,0.354714,0.347278,0.422759,0.387594,0.354072,0.352096,0.300526,0.384044,0.400963,0.462017,0.426150,#
19,0.330379,0.374486,0.378870,0.334586,0.419548,0.215594,0.446825,0.390437,0.399663,0.407896,0.416986,0.282925,0.414712,0.400284,0.375434,0.368164,0.343438,0.407069,0.390938,1.000000,0.342219,0.438632,0.405753,0.449326,0.406857,0.436394,0.392613,0.370793,0.404947,0.435364,0.343121,0.415119,0.358093,0.380477,0.315243,0.356906,0.241077,0.425894,0.483445,0.383485,0.359768,0.297933,0.347175,0.315368,0.390644,0.447066,0.437915,0.513814,0.380490,0.354193,0.398421,0.360607,0.280945,0.507537,0.393587,0.410635,0.359473,0.434802,0.317985,0.423273,0.349231,0.304921,0.341406,0.399391,0.400841,0.392991,0.284351,0.405391,0.422869,0.386893,0.364811,0.366073,0.416401,0.291595,0.408618,0.373400,0.374756,0.455490,0.435231,0.330669,0.430749,0.372738,0.472078,0.338494,0.451700,0.382536,0.409911,0.349084,0.460921,0.415115,0.332356,0.430127,0.366478,0.376159,0.325313,0.376097,0.413675,0.470361,0.352304,0.273195,0.371044,0.295198,0.394626,0.362902,0.413157,0.400432,0.454030,0.500155,0.298348,0.372609,0.401651,0.339949,0.348938,0.434110,0.351671,0.394658,0.457661,0.471189,0.408450,0.370864,0.441491,0.443186,0.373735,0.409501,0.500196,0.471542,0.334051,0.445579,0.204191,0.308206,0.288506,0.352490,0.470141,0.386320,0.423560,0.357047,0.404499,0.404339,0.418056,0.414083,0.397916,0.325219,0.364008,0.226404,0.433081,0.354103,0.311911,0.440796,0.475330,0.265272,0.336599,0.405705,0.339502,0.451042,0.299768,0.336420,0.356019,0.332171,0.343490,0.224448,0.422904,0.422593,0.417708,0.404871,0.334752,0.368888,0.300181,0.330146,0.390526,0.413805,0.505300,0.377608,0.355579,0.297236,0.446034,0.249511,0.384984,0.342500,0.242701,0.415961,0.356352,0.461643,0.249586,0.313011,0.396700,0.376448,0.400784,0.487460,0.369125,0.280005,0.435183,0.354865,0.358066,0.481326,0.366724,0.388875,0.462622,0.385067,0.414150,0.453761,#
20,0.434181,0.358281,0.381678,0.320099,0.329253,0.343573,0.390339,0.383267,0.376915,0.275361,0.372380,0.388125,0.395403,0.343764,0.320807,0.359623,0.540001,0.399230,0.353380,0.342219,1.000000,0.417339,0.441936,0.350337,0.473441,0.326776,0.377672,0.446270,0.310326,0.366486,0.344632,0.370428,0.314822,0.340028,0.355498,0.244214,0.336379,0.370910,0.297379,0.390892,0.322517,0.439800,0.388673,0.360235,0.351467,0.421495,0.347367,0.423087,0.444095,0.270631,0.339461,0.424536,0.483055,0.381266,0.338195,0.316182,0.365661,0.367175,0.315882,0.398458,0.425976,0.243599,0.405309,0.451944,0.489798,0.282157,0.375299,0.395151,0.400588,0.408013,0.310488,0.325842,0.453528,0.376605,0.335424,0.371694,0.435268,0.375523,0.322438,0.426603,0.311382,0.263367,0.468419,0.356674,0.303181,0.455474,0.418601,0.387689,0.421537,0.408315,0.369971,0.446062,0.377540,0.417230,0.261201,0.315513,0.420169,0.376115,0.378358,0.219556,0.246330,0.299563,0.346255,0.360228,0.279520,0.400839,0.358593,0.346351,0.274179,0.442671,0.394690,0.237763,0.384889,0.406001,0.296466,0.472744,0.488671,0.267746,0.245031,0.356845,0.347674,0.356398,0.382055,0.319208,0.443880,0.359340,0.421471,0.450127,0.320195,0.423087,0.278822,0.451583,0.371521,0.274038,0.450758,0.349502,0.342184,0.443109,0.426448,0.390315,0.356138,0.387585,0.216429,0.303039,0.431772,0.260467,0.277317,0.377838,0.343132,0.353574,0.372591,0.447977,0.252838,0.289672,0.338661,0.342447,0.271315,0.220372,0.340950,0.331916,0.359269,0.416191,0.357969,0.362191,0.431453,0.296203,0.215774,0.362489,0.350990,0.362103,0.432144,0.262552,0.292910,0.301793,0.381549,0.359131,0.296980,0.205754,0.399593,0.443849,0.424081,0.385702,0.268060,0.347110,0.398320,0.287290,0.302072,0.399065,0.367320,0.302937,0.426339,0.363187,0.411086,0.346163,0.414624,0.396522,0.331864,0.341207,0.325937,0.324909,#
21,0.485639,0.470433,0.438566,0.341091,0.403459,0.361817,0.360145,0.373082,0.315949,0.348633,0.429351,0.434943,0.273846,0.361277,0.347467,0.410993,0.380316,0.403299,0.347464,0.438632,0.417339,1.000000,0.360027,0.473145,0.468190,0.316719,0.428882,0.451748,0.383322,0.388746,0.409571,0.421259,0.355036,0.478894,0.330075,0.323779,0.413079,0.469106,0.444634,0.341124,0.393533,0.431860,0.336019,0.360629,0.409479,0.370170,0.469025,0.459376,0.391215,0.391639,0.450624,0.299044,0.419859,0.443943,0.371842,0.313450,0.435642,0.418058,0.375061,0.403095,0.292189,0.312194,0.387689,0.405056,0.482486,0.367237,0.359668,0.425626,0.430195,0.496385,0.491474,0.324372,0.469744,0.372595,0.358917,0.362340,0.379196,0.332208,0.390235,0.403358,0.507147,0.365468,0.388133,0.342566,0.410121,0.385633,0.385900,0.353742,0.450342,0.486164,0.328767,0.382398,0.408395,0.347389,0.400233,0.420924,0.387672,0.425435,0.409276,0.383236,0.440172,0.288249,0.345928,0.383323,0.407897,0.483386,0.387704,0.413980,0.337507,0.406600,0.350314,0.316322,0.446415,0.434427,0.250353,0.469386,0.521505,0.286637,0.440270,0.480094,0.416707,0.461428,0.224043,0.480463,0.392784,0.434825,0.416125,0.408232,0.342928,0.307184,0.412631,0.375493,0.445689,0.388525,0.422425,0.308611,0.384776,0.377806,0.419589,0.433663,0.337026,0.391783,0.368582,0.247453,0.400271,0.396954,0.339054,0.402260,0.370985,0.320060,0.364967,0.450450,0.356187,0.443502,0.400627,0.316954,0.287299,0.336613,0.324943,0.337616,0.478041,0.350328,0.319353,0.383282,0.429927,0.275470,0.244887,0.437996,0.313750,0.429768,0.456740,0.317258,0.417867,0.344199,0.373900,0.315093,0.444636,0.333424,0.382217,0.407783,0.381239,0.454381,0.239436,0.352274,0.356104,0.411414,0.394737,0.429962,0.477636,0.288464,0.427838,0.432408,0.402061,0.298944,0.464324,0.433977,0.376438,0.373225,0.359760,0.454141,#
