0,1.000000,0.374956,0.412140,0.306746,0.350615,0.333369,0.366046,0.263306,0.344319,0.326569,0.435727,0.388742,0.337036,0.299715,0.419745,0.359650,0.360970,0.451368,0.380732,0.324143,0.420783,0.473914,0.364570,0.407887,0.377245,0.277800,0.381533,0.432887,0.425046,0.374100,0.327472,0.290326,0.368812,0.302402,0.254893,0.332967,0.401449,0.383188,0.386863,0.467812,0.256732,0.391812,0.281233,0.358418,0.327982,0.336791,0.411301,0.379129,0.468461,0.385690,0.469346,0.307955,0.338704,0.340943,0.409750,0.341855,0.358639,0.376351,0.270295,0.293077,0.365449,0.255235,0.365096,0.391179,0.417884,0.250290,0.366753,0.373098,0.325365,0.369162,0.458614,0.398231,0.409563,0.403989,0.331443,0.310182,0.300657,0.375075,0.388528,0.288668,0.417457,0.314812,0.373633,0.404078,0.374203,0.399487,0.395585,0.333451,0.441619,0.344581,0.368951,0.279338,0.316189,0.349685,0.379934,0.391578,0.406576,0.377124,0.387045,0.357236,0.349382,0.417413,0.357000,0.390547,0.295480,0.369114,0.379818,0.362162,0.343920,0.301963,0.309342,0.388310,0.331881,0.403409,0.269673,0.409459,0.432763,0.290307,0.422677,0.358738,0.463162,0.328039,0.310091,0.295698,0.318328,0.467307,0.289413,0.306125,0.366449,0.391737,0.377880,0.455026,0.372538,0.335878,0.356654,0.257783,0.407923,0.343998,0.367481,0.463509,0.339425,0.364214,0.389192,0.298184,0.390049,0.376056,0.357579,0.287906,0.392668,0.333683,0.402966,0.327095,0.354608,0.311137,0.369631,0.241276,0.224597,0.256563,0.386805,0.427390,0.400832,0.354374,0.248509,0.362760,0.433981,0.241233,0.225949,0.303229,0.353203,0.336554,0.480053,0.178854,0.407903,0.446504,0.344570,0.321190,0.389119,0.290201,0.389337,0.324285,0.362725,0.472338,0.262318,0.242961,0.324286,0.403952,0.364492,0.487023,0.439475,0.209818,0.328498,0.375383,0.283946,0.260452,0.363671,0.290084,0.324280,0.304516,0.405564,0.393289,#
1,0.374956,1.000000,0.328678,0.360270,0.414185,0.346118,0.403669,0.357239,0.285901,0.327886,0.492476,0.433277,0.368192,0.422648,0.360139,0.347420,0.319548,0.351312,0.426097,0.370800,0.363214,0.476216,0.283817,0.387264,0.467747,0.381784,0.469750,0.502150,0.371097,0.320624,0.425763,0.397154,0.439142,0.336403,0.345492,0.266343,0.358313,0.397296,0.427345,0.354793,0.344575,0.382429,0.466650,0.344234,0.334955,0.385292,0.467314,0.442739,0.384100,0.343538,0.479239,0.317807,0.441037,0.360679,0.342017,0.303436,0.383050,0.357033,0.398604,0.430005,0.335498,0.327970,0.323447,0.447921,0.395829,0.378208,0.287902,0.440748,0.403416,0.373642,0.375039,0.290436,0.455464,0.293024,0.417079,0.298358,0.441510,0.353416,0.443731,0.398571,0.404419,0.442616,0.471268,0.486005,0.334188,0.287276,0.358720,0.336459,0.443913,0.410398,0.396165,0.438773,0.362767,0.383511,0.282317,0.357700,0.353991,0.304253,0.392422,0.319311,0.300703,0.320928,0.415861,0.351182,0.309722,0.342273,0.368943,0.427578,0.289872,0.404917,0.452347,0.407529,0.407450,0.446057,0.380350,0.435951,0.447970,0.321713,0.411688,0.387814,0.397044,0.403851,0.399257,0.424838,0.395623,0.446381,0.375264,0.409477,0.322967,0.376143,0.440388,0.418042,0.337868,0.368862,0.488325,0.404411,0.310929,0.368728,0.429233,0.403324,0.421074,0.289452,0.266798,0.296958,0.426614,0.362230,0.432026,0.213995,0.371170,0.341322,0.311952,0.451081,0.402565,0.265234,0.380137,0.367538,0.312087,0.308231,0.336458,0.264733,0.290327,0.423797,0.329804,0.397900,0.380880,0.366332,0.230348,0.379580,0.355900,0.449628,0.440052,0.347958,0.319095,0.327572,0.453899,0.321526,0.293321,0.382527,0.440381,0.338876,0.404445,0.396923,0.331931,0.321768,0.415005,0.453123,0.309023,0.453049,0.354481,0.289321,0.485759,0.378771,0.277654,0.331876,0.418797,0.411977,0.251510,0.354855,0.341320,0.338072,#
2,0.412140,0.328678,1.000000,0.404458,0.279123,0.321330,0.365982,0.293616,0.229838,0.226466,0.260159,0.362567,0.336131,0.375441,0.351559,0.386264,0.345196,0.342375,0.410147,0.364437,0.378910,0.430154,0.425171,0.404796,0.468777,0.363751,0.410324,0.315782,0.312184,0.359846,0.395956,0.348671,0.369899,0.293029,0.281463,0.300963,0.367925,0.352568,0.344791,0.367826,0.416910,0.364875,0.366204,0.292507,0.256608,0.435968,0.385864,0.427418,0.314961,0.324809,0.415748,0.408874,0.407749,0.301893,0.277089,0.387648,0.277906,0.368281,0.298880,0.361014,0.184232,0.333181,0.314609,0.446990,0.439904,0.410732,0.312065,0.331065,0.368446,0.454305,0.288182,0.233742,0.316753,0.365531,0.365996,0.358611,0.336649,0.408455,0.355421,0.354987,0.470016,0.297492,0.347844,0.370440,0.268843,0.407932,0.424259,0.374135,0.316566,0.353092,0.321877,0.315147,0.363657,0.314067,0.317823,0.320006,0.394971,0.289132,0.378581,0.293912,0.379849,0.377079,0.376180,0.360566,0.419539,0.323904,0.353574,0.334323,0.282676,0.382311,0.370590,0.362520,0.353188,0.316505,0.265074,0.377866,0.333457,0.412692,0.202890,0.265232,0.390065,0.317837,0.333308,0.267285,0.364873,0.335950,0.321691,0.325665,0.333150,0.318971,0.320519,0.463343,0.359855,0.271306,0.359828,0.365062,0.351314,0.370994,0.298375,0.263039,0.234271,0.281905,0.406654,0.282819,0.498228,0.328382,0.325718,0.274876,0.445531,0.358575,0.359338,0.396067,0.305382,0.321171,0.271632,0.228468,0.225810,0.259715,0.353688,0.291514,0.425497,0.432105,0.335405,0.416427,0.399849,0.195318,0.281527,0.351038,0.282830,0.370733,0.380155,0.377512,0.286239,0.320271,0.449170,0.370420,0.449301,0.329140,0.412055,0.326787,0.386183,0.315269,0.194103,0.221452,0.297385,0.404738,0.394119,0.341705,0.373247,0.219275,0.320170,0.344817,0.387015,0.244212,0.367879,0.288741,0.316996,0.252289,0.445383,0.377162,#
3,0.306746,0.360270,0.404458,1.000000,0.274875,0.273061,0.347575,0.327550,0.307288,0.206687,0.272089,0.375381,0.273819,0.317335,0.229243,0.226927,0.262358,0.360367,0.322136,0.332642,0.329113,0.350730,0.345039,0.418613,0.388463,0.316205,0.354050,0.313655,0.347086,0.273617,0.342198,0.404549,0.320185,0.386117,0.143753,0.282366,0.416369,0.434221,0.378669,0.263810,0.348344,0.363608,0.392004,0.303138,0.282658,0.434470,0.430236,0.371701,0.266282,0.338013,0.450636,0.306088,0.319046,0.308509,0.200487,0.388333,0.315055,0.369811,0.267474,0.354962,0.274665,0.235737,0.300864,0.412012,0.378682,0.352928,0.262000,0.414116,0.267462,0.339219,0.384268,0.250641,0.297200,0.320201,0.390900,0.335160,0.288876,0.414497,0.375254,0.356125,0.369796,0.322374,0.358635,0.359929,0.300674,0.290174,0.397738,0.274728,0.356120,0.411243,0.350979,0.327910,0.286169,0.442885,0.223359,0.310445,0.363914,0.250802,0.396458,0.250566,0.331920,0.327444,0.359160,0.319695,0.358730,0.287062,0.313137,0.376921,0.245168,0.269351,0.369675,0.324146,0.300412,0.349796,0.207809,0.322778,0.381108,0.264122,0.296002,0.296522,0.408146,0.299967,0.389347,0.377563,0.351561,0.347648,0.290603,0.254576,0.278681,0.421438,0.323366,0.354549,0.398486,0.414967,0.341153,0.351229,0.246800,0.250048,0.394685,0.371547,0.337231,0.283520,0.374206,0.290780,0.416555,0.199539,0.324851,0.322503,0.361011,0.331546,0.290877,0.267997,0.220547,0.297170,0.219971,0.208636,0.299715,0.268500,0.208042,0.346412,0.409900,0.364703,0.386202,0.500065,0.370158,0.311265,0.262436,0.275898,0.273281,0.391234,0.370370,0.255491,0.277076,0.282777,0.339143,0.272808,0.232740,0.288689,0.328969,0.290877,0.382339,0.444520,0.355964,0.289563,0.266315,0.296177,0.270418,0.397376,0.237132,0.183780,0.368562,0.343520,0.367081,0.289301,0.233349,0.332422,0.333037,0.292789,0.337958,0.321071,#
4,0.350615,0.414185,0.279123,0.274875,1.000000,0.208058,0.420297,0.258520,0.330143,0.260337,0.366050,0.289290,0.380501,0.340986,0.228631,0.314069,0.234120,0.320790,0.429695,0.397191,0.302709,0.361324,0.324086,0.390997,0.383511,0.435773,0.313364,0.368401,0.363481,0.214706,0.320262,0.310657,0.453431,0.260276,0.274204,0.281309,0.243401,0.389940,0.303816,0.319301,0.338274,0.377629,0.313256,0.333067,0.402001,0.310379,0.416828,0.405430,0.331329,0.396549,0.375138,0.210149,0.340588,0.371003,0.322234,0.314743,0.278814,0.289096,0.298987,0.376449,0.321376,0.266205,0.260351,0.294605,0.302914,0.288600,0.337135,0.310266,0.318532,0.308172,0.318068,0.328230,0.291210,0.310363,0.284640,0.123735,0.241530,0.329874,0.225261,0.251809,0.451017,0.413310,0.294388,0.376176,0.376687,0.315136,0.275358,0.318432,0.423431,0.386315,0.326663,0.369517,0.224164,0.346142,0.190584,0.339854,0.286417,0.412153,0.415948,0.308507,0.360290,0.200776,0.304238,0.361622,0.337911,0.270529,0.265392,0.340516,0.257816,0.374657,0.426048,0.259608,0.361093,0.473027,0.311696,0.235350,0.326703,0.156290,0.368332,0.291505,0.319263,0.367439,0.375462,0.260152,0.382721,0.358414,0.274195,0.300516,0.132233,0.219248,0.281162,0.384958,0.335592,0.252235,0.427262,0.260599,0.246529,0.221793,0.248901,0.315789,0.316730,0.152275,0.257468,0.315300,0.334790,0.283335,0.373785,0.207710,0.296671,0.334130,0.363380,0.324827,0.331219,0.331347,0.222908,0.297524,0.396386,0.264113,0.275765,0.325019,0.279483,0.291823,0.247499,0.388848,0.307976,0.414974,0.256888,0.244079,0.289421,0.346670,0.387083,0.223903,0.240591,0.219154,0.355373,0.175159,0.358639,0.195362,0.292015,0.223132,0.220077,0.258924,0.236471,0.237196,0.297723,0.278155,0.288887,0.459744,0.358646,0.237976,0.334766,0.258757,0.325560,0.268734,0.273194,0.356978,0.322902,0.427620,0.320148,0.265972,#
5,0.333369,0.346118,0.321330,0.273061,0.208058,1.000000,0.277270,0.274697,0.257727,0.310912,0.235384,0.301604,0.291837,0.194500,0.272084,0.295993,0.273172,0.343319,0.330415,0.195305,0.332121,0.342493,0.314738,0.418268,0.291125,0.247601,0.301448,0.354589,0.347024,0.285659,0.232320,0.380616,0.329339,0.219976,0.225772,0.164617,0.440506,0.287210,0.311376,0.335586,0.295992,0.310794,0.185370,0.328136,0.216563,0.347337,0.323132,0.208482,0.327720,0.356134,0.344826,0.255036,0.303794,0.220784,0.269562,0.298164,0.162619,0.397739,0.314341,0.266543,0.287085,0.306557,0.300277,0.296545,0.316083,0.252901,0.296438,0.337604,0.206968,0.272772,0.399000,0.226097,0.327238,0.421170,0.275313,0.226288,0.323664,0.304012,0.331851,0.295503,0.342721,0.275934,0.375400,0.171362,0.183195,0.339183,0.230645,0.279671,0.276909,0.279949,0.279080,0.287847,0.204678,0.284658,0.164293,0.287197,0.306930,0.171325,0.268686,0.153213,0.316463,0.330383,0.354043,0.292855,0.260816,0.227601,0.205064,0.300821,0.222704,0.253530,0.371190,0.230050,0.324018,0.291298,0.292926,0.215333,0.367670,0.292013,0.266854,0.303768,0.235609,0.267341,0.230798,0.251499,0.303450,0.272192,0.142234,0.199871,0.359188,0.389570,0.265443,0.398628,0.209819,0.260761,0.363297,0.287313,0.198197,0.218571,0.283568,0.270751,0.348948,0.308547,0.244171,0.293983,0.296570,0.233605,0.261293,0.247958,0.261461,0.264654,0.294068,0.194208,0.253584,0.330520,0.207080,0.240596,0.304184,0.231678,0.383411,0.155916,0.331434,0.235880,0.288556,0.243377,0.278470,0.168744,0.164431,0.304391,0.368652,0.382423,0.197371,0.228340,0.334412,0.246709,0.231968,0.263507,0.216824,0.250044,0.379499,0.218816,0.331260,0.334140,0.353966,0.172483,0.316613,0.365080,0.301069,0.294688,0.207787,0.265744,0.347058,0.244883,0.220918,0.266759,0.313711,0.260895,0.292501,0.339405,0.269917,0.351989,#
6,0.366046,0.403669,0.365982,0.347575,0.420297,0.277270,1.000000,0.360322,0.305503,0.288286,0.401712,0.337018,0.289799,0.419806,0.264852,0.312937,0.373850,0.348241,0.395096,0.439538,0.395796,0.364621,0.359210,0.356422,0.400552,0.311658,0.352831,0.382834,0.393871,0.348086,0.318679,0.367436,0.375518,0.320889,0.211663,0.226674,0.296098,0.371081,0.348589,0.396680,0.383139,0.370604,0.310361,0.407406,0.326933,0.336786,0.444650,0.500991,0.352657,0.427487,0.363185,0.407631,0.388306,0.376396,0.294664,0.395913,0.347286,0.423199,0.361519,0.431159,0.241439,0.311486,0.275705,0.405502,0.298175,0.444919,0.349626,0.384590,0.369907,0.344388,0.329882,0.359131,0.361208,0.350311,0.405155,0.321178,0.344278,0.392330,0.377791,0.342207,0.368849,0.425761,0.454322,0.357564,0.371476,0.413103,0.339676,0.415235,0.441797,0.399033,0.421413,0.300248,0.270610,0.448093,0.303295,0.447154,0.361620,0.383249,0.473013,0.312329,0.377981,0.385439,0.284717,0.338979,0.273662,0.485522,0.354567,0.349869,0.353304,0.406224,0.391948,0.357934,0.411953,0.384094,0.330341,0.374769,0.409963,0.338197,0.398021,0.364253,0.349886,0.446085,0.321834,0.306139,0.384532,0.384600,0.258371,0.448830,0.236534,0.375393,0.367944,0.361199,0.439152,0.258445,0.511313,0.385252,0.312063,0.444418,0.389578,0.322208,0.270298,0.203565,0.265634,0.444591,0.312479,0.395485,0.377173,0.271207,0.323099,0.274542,0.416120,0.361495,0.364932,0.355701,0.353884,0.264813,0.303662,0.289524,0.327895,0.289422,0.345311,0.352815,0.348729,0.414687,0.374465,0.315655,0.232824,0.305539,0.430660,0.464250,0.329696,0.331148,0.352540,0.301480,0.380654,0.332461,0.322768,0.322958,0.429477,0.259344,0.215181,0.242503,0.319476,0.331835,0.413443,0.312847,0.372032,0.365280,0.401043,0.336765,0.320512,0.297689,0.400320,0.303498,0.266292,0.328679,0.369418,0.345067,0.258262,0.357485,#
7,0.263306,0.357239,0.293616,0.327550,0.258520,0.274697,0.360322,1.000000,0.294930,0.387610,0.338362,0.463873,0.318173,0.358037,0.248031,0.312854,0.309074,0.411443,0.357287,0.389409,0.386696,0.377524,0.489396,0.306969,0.435207,0.255076,0.367197,0.461972,0.294770,0.299658,0.400256,0.381881,0.420752,0.303994,0.280452,0.333447,0.327198,0.325716,0.312898,0.362412,0.322308,0.338625,0.416499,0.241720,0.400555,0.425847,0.303448,0.421051,0.394291,0.349447,0.441218,0.312570,0.301324,0.382569,0.356641,0.373346,0.394337,0.425682,0.302851,0.347602,0.300789,0.217060,0.310322,0.385937,0.427890,0.285633,0.327085,0.383321,0.328843,0.481588,0.389435,0.237941,0.412512,0.466415,0.324775,0.306710,0.387555,0.372592,0.403376,0.443184,0.360680,0.375098,0.455283,0.375098,0.297720,0.384150,0.409680,0.313487,0.404278,0.459191,0.365925,0.299223,0.358541,0.322978,0.244183,0.365147,0.356846,0.262183,0.289583,0.190251,0.380779,0.303208,0.360187,0.327467,0.218554,0.425636,0.428715,0.369364,0.341826,0.330033,0.337914,0.333812,0.274156,0.364254,0.390596,0.338181,0.337128,0.308535,0.361830,0.402945,0.392156,0.406025,0.285571,0.378756,0.444109,0.399838,0.374182,0.414033,0.286543,0.358380,0.326273,0.377721,0.343741,0.318215,0.492384,0.385459,0.217584,0.471761,0.413283,0.398577,0.463847,0.442535,0.162937,0.302527,0.399951,0.321587,0.405297,0.284222,0.346993,0.252255,0.416533,0.506819,0.280680,0.232474,0.230596,0.355490,0.398706,0.326141,0.322222,0.330574,0.361155,0.316627,0.335046,0.414317,0.388971,0.260567,0.366638,0.290668,0.442017,0.384570,0.387620,0.321511,0.320418,0.251784,0.378414,0.301270,0.341722,0.327619,0.286035,0.406391,0.384303,0.372841,0.273468,0.297831,0.203209,0.340616,0.350599,0.383824,0.274708,0.417749,0.384138,0.316635,0.306045,0.317124,0.206578,0.358570,0.392897,0.375100,0.356729,0.316351,#
8,0.344319,0.285901,0.229838,0.307288,0.330143,0.257727,0.305503,0.294930,1.000000,0.192496,0.389520,0.352468,0.328974,0.356071,0.352174,0.268168,0.286467,0.308517,0.279288,0.389242,0.375570,0.309516,0.301957,0.365501,0.350357,0.321922,0.275545,0.396594,0.294372,0.380181,0.227172,0.342796,0.327105,0.340188,0.270801,0.281617,0.343234,0.389971,0.320243,0.442159,0.325838,0.278402,0.200943,0.380502,0.394036,0.341132,0.386951,0.404923,0.238462,0.289254,0.308977,0.398677,0.246088,0.449586,0.286007,0.398842,0.310359,0.304059,0.229620,0.368870,0.269340,0.205908,0.375976,0.353984,0.352477,0.299261,0.322630,0.377370,0.429050,0.366558,0.259522,0.423481,0.336484,0.302770,0.244085,0.222081,0.285711,0.311951,0.351845,0.192748,0.317134,0.360186,0.379898,0.275937,0.328262,0.347730,0.305100,0.311448,0.410818,0.363789,0.367994,0.308601,0.281168,0.314834,0.330976,0.435688,0.363573,0.318855,0.272599,0.207085,0.332141,0.222999,0.243914,0.273134,0.300395,0.259839,0.386648,0.388043,0.208249,0.377045,0.286012,0.340221,0.256646,0.344217,0.247532,0.358755,0.440737,0.303428,0.179926,0.395955,0.341745,0.290398,0.351362,0.298928,0.369129,0.430196,0.180066,0.346211,0.299459,0.326817,0.378020,0.384305,0.333757,0.303451,0.426135,0.307652,0.254286,0.410187,0.464672,0.362677,0.304833,0.313037,0.409625,0.264712,0.391411,0.260837,0.308709,0.384064,0.278950,0.298774,0.382886,0.307363,0.311145,0.304749,0.389905,0.306338,0.350548,0.169796,0.307249,0.348358,0.281982,0.300680,0.258988,0.439463,0.297512,0.275011,0.284840,0.272865,0.336535,0.359217,0.399051,0.137764,0.235744,0.388729,0.379358,0.365172,0.263926,0.315871,0.341178,0.322498,0.386737,0.291903,0.129509,0.248524,0.360699,0.296639,0.295719,0.267083,0.324577,0.308071,0.346201,0.311978,0.297372,0.256057,0.292742,0.298266,0.328645,0.175910,0.244108,0.289226,#
9,0.326569,0.327886,0.226466,0.206687,0.260337,0.310912,0.288286,0.387610,0.192496,1.000000,0.416565,0.332857,0.274792,0.326737,0.342418,0.342309,0.302499,0.241834,0.248105,0.400957,0.274710,0.345591,0.341581,0.331760,0.315150,0.255679,0.362499,0.447302,0.314555,0.215581,0.424474,0.380318,0.292405,0.314343,0.284618,0.308024,0.199227,0.355220,0.298679,0.297533,0.328928,0.375040,0.216193,0.181980,0.373982,0.431742,0.344140,0.373735,0.309683,0.260342,0.384866,0.332016,0.278436,0.290758,0.282115,0.377333,0.392981,0.351064,0.250283,0.307979,0.240345,0.309096,0.354123,0.355353,0.337279,0.345123,0.210137,0.412901,0.395255,0.265795,0.332837,0.309874,0.288576,0.347828,0.361445,0.325515,0.401770,0.239744,0.444860,0.341183,0.314068,0.335698,0.396877,0.323556,0.347610,0.452670,0.405391,0.262773,0.314921,0.319171,0.250466,0.379027,0.252411,0.319034,0.261129,0.363572,0.417221,0.281574,0.313237,0.295771,0.390765,0.323476,0.415565,0.230893,0.327664,0.301421,0.348192,0.351533,0.322877,0.253098,0.274576,0.305363,0.345316,0.359354,0.289843,0.351859,0.411179,0.395192,0.449989,0.283080,0.448479,0.407909,0.315160,0.340693,0.354883,0.380989,0.198237,0.380088,0.214015,0.278957,0.293303,0.404248,0.266493,0.303429,0.421697,0.271943,0.296814,0.364955,0.337232,0.319043,0.282075,0.330671,0.236794,0.262573,0.364587,0.219928,0.393259,0.256062,0.232042,0.373354,0.391683,0.348951,0.397598,0.341088,0.274262,0.340440,0.334620,0.322276,0.409469,0.265336,0.351893,0.233765,0.176676,0.418184,0.330724,0.322651,0.262665,0.282980,0.468404,0.377516,0.315119,0.349612,0.324306,0.348201,0.320660,0.278329,0.278583,0.153642,0.241752,0.388259,0.277163,0.350866,0.311162,0.353609,0.306285,0.346451,0.401285,0.410892,0.378059,0.235740,0.351792,0.306881,0.221535,0.315624,0.234327,0.324790,0.302574,0.212689,0.310970,0.305404,#
10,0.435727,0.492476,0.260159,0.272089,0.366050,0.235384,0.401712,0.338362,0.389520,0.416565,1.000000,0.361831,0.254261,0.409122,0.370298,0.360145,0.379834,0.362705,0.472985,0.399514,0.357370,0.405968,0.318163,0.319617,0.387329,0.245172,0.436795,0.415547,0.357556,0.374357,0.408690,0.357189,0.347968,0.391546,0.255290,0.350684,0.226891,0.388494,0.442088,0.356689,0.265679,0.268805,0.330388,0.294629,0.354617,0.361140,0.367260,0.438101,0.396154,0.376086,0.308008,0.367887,0.324958,0.381743,0.323988,0.389556,0.342483,0.380788,0.275154,0.344542,0.284317,0.311922,0.335719,0.421772,0.356627,0.379336,0.332125,0.368681,0.411171,0.340309,0.339764,0.314729,0.328370,0.362569,0.314350,0.364715,0.431021,0.252234,0.389349,0.314808,0.312716,0.405363,0.412782,0.400696,0.369799,0.383303,0.401541,0.250939,0.433612,0.366065,0.253209,0.350134,0.412217,0.313522,0.282958,0.336491,0.424093,0.286946,0.420302,0.353084,0.428491,0.293825,0.342951,0.335609,0.353466,0.324907,0.463726,0.388534,0.312877,0.366311,0.273519,0.354568,0.325123,0.397763,0.392498,0.449032,0.412680,0.256906,0.326020,0.320496,0.335969,0.342982,0.359352,0.374334,0.400768,0.381121,0.236511,0.363303,0.254281,0.396401,0.353111,0.402958,0.355628,0.265808,0.477499,0.320768,0.307822,0.434578,0.315103,0.426796,0.364119,0.263080,0.419309,0.259920,0.355225,0.320139,0.289507,0.298374,0.241866,0.387435,0.338558,0.444768,0.358412,0.367464,0.405323,0.392527,0.356071,0.223146,0.325871,0.378105,0.309111,0.318312,0.338585,0.406918,0.345417,0.300892,0.271823,0.297302,0.340335,0.459745,0.444667,0.323989,0.341821,0.371095,0.389291,0.175934,0.301730,0.291009,0.403690,0.413648,0.358550,0.304663,0.340754,0.266969,0.383014,0.368250,0.326499,0.379080,0.360676,0.273420,0.339497,0.336668,0.309988,0.299375,0.350459,0.393764,0.341557,0.384134,0.389749,0.393048,#
11,0.388742,0.433277,0.362567,0.375381,0.289290,0.301604,0.337018,0.463873,0.352468,0.332857,0.361831,1.000000,0.412747,0.300668,0.237833,0.394398,0.383881,0.461697,0.407138,0.280969,0.397500,0.445775,0.345910,0.404897,0.501467,0.409665,0.330839,0.493670,0.238423,0.447999,0.437891,0.425587,0.369698,0.367634,0.286100,0.274768,0.420046,0.438407,0.351309,0.335064,0.379196,0.414604,0.419597,0.459551,0.303782,0.433523,0.390376,0.483834,0.364411,0.277313,0.462100,0.355682,0.329271,0.422853,0.266100,0.360394,0.510623,0.407994,0.367145,0.351051,0.301918,0.378875,0.421354,0.456216,0.420061,0.358241,0.348235,0.447797,0.370339,0.405480,0.320144,0.256607,0.421282,0.450484,0.360104,0.391097,0.327545,0.378058,0.530539,0.342502,0.444296,0.270220,0.410864,0.437296,0.420606,0.367397,0.478893,0.336745,0.425417,0.366081,0.444952,0.353588,0.415886,0.461119,0.259086,0.338502,0.339929,0.372682,0.360053,0.358334,0.476175,0.339137,0.405927,0.311765,0.401328,0.481427,0.464928,0.371571,0.360146,0.434689,0.347796,0.343155,0.399921,0.422081,0.258577,0.541536,0.445295,0.293881,0.383586,0.388351,0.395131,0.457798,0.396718,0.370129,0.463700,0.402652,0.450860,0.474166,0.368983,0.355798,0.417859,0.555721,0.342879,0.319633,0.417608,0.324109,0.230979,0.490212,0.396244,0.389721,0.329284,0.404456,0.338649,0.378089,0.421137,0.391954,0.444282,0.327282,0.354480,0.341224,0.363504,0.525818,0.336164,0.362312,0.459030,0.289836,0.320338,0.263315,0.301781,0.333824,0.410302,0.326151,0.282033,0.393135,0.459987,0.308187,0.401999,0.368984,0.521918,0.395662,0.461093,0.249645,0.361651,0.324113,0.366123,0.423315,0.442211,0.324483,0.319920,0.278759,0.422025,0.378491,0.326218,0.320692,0.279770,0.431672,0.390984,0.389486,0.347317,0.348221,0.274029,0.353035,0.410211,0.157528,0.340008,0.338040,0.454500,0.308802,0.337175,0.412755,#
12,0.337036,0.368192,0.336131,0.273819,0.380501,0.291837,0.289799,0.318173,0.328974,0.274792,0.254261,0.412747,1.000000,0.303902,0.327771,0.327850,0.371217,0.308946,0.418355,0.414743,0.395023,0.273464,0.365592,0.359036,0.419308,0.322279,0.314092,0.438683,0.362765,0.401809,0.322884,0.447428,0.378589,0.326648,0.276271,0.280545,0.403821,0.358066,0.302120,0.335943,0.398602,0.283991,0.392154,0.342839,0.397850,0.433815,0.345488,0.313136,0.370370,0.286160,0.458863,0.252999,0.292489,0.405394,0.304272,0.361029,0.363854,0.395542,0.335294,0.359906,0.283230,0.331419,0.318787,0.371435,0.364645,0.356995,0.347591,0.287707,0.327911,0.282137,0.281864,0.332710,0.246135,0.292763,0.380354,0.321973,0.312394,0.340686,0.317708,0.317984,0.399481,0.338030,0.392747,0.350856,0.394511,0.464362,0.324677,0.365196,0.432181,0.367145,0.390924,0.369333,0.274802,0.392823,0.307870,0.232682,0.403378,0.369002,0.272957,0.216114,0.342524,0.370051,0.306463,0.328494,0.396269,0.349108,0.346789,0.279612,0.248384,0.405705,0.396003,0.235273,0.364392,0.441808,0.266196,0.344686,0.386053,0.405985,0.326298,0.375773,0.298913,0.430001,0.423946,0.359180,0.291321,0.432239,0.295755,0.314235,0.329675,0.246771,0.329095,0.446619,0.300362,0.219046,0.338905,0.307782,0.298623,0.388389,0.378952,0.334468,0.391180,0.362790,0.258986,0.289344,0.315083,0.353227,0.391738,0.301929,0.349454,0.268566,0.396902,0.488321,0.261379,0.322631,0.362070,0.240025,0.338459,0.159208,0.282820,0.198082,0.391239,0.359287,0.282620,0.427926,0.344732,0.272702,0.307732,0.175489,0.357554,0.431715,0.313028,0.265691,0.341123,0.308449,0.422395,0.212027,0.309633,0.303818,0.198799,0.373221,0.395061,0.360893,0.344455,0.303305,0.347481,0.384145,0.345312,0.373844,0.314512,0.205371,0.362537,0.369857,0.325437,0.315484,0.219451,0.271847,0.435694,0.254519,0.386853,0.297617,#
13,0.299715,0.422648,0.375441,0.317335,0.340986,0.194500,0.419806,0.358037,0.356071,0.326737,0.409122,0.300668,0.303902,1.000000,0.378533,0.365982,0.346094,0.283862,0.372036,0.402713,0.347191,0.367396,0.356846,0.294684,0.494488,0.380860,0.415180,0.388571,0.303122,0.258630,0.401410,0.312386,0.399982,0.339447,0.235146,0.323918,0.291871,0.418786,0.272066,0.366958,0.321306,0.325037,0.473157,0.315877,0.367968,0.307169,0.466785,0.371273,0.371883,0.315851,0.462354,0.357050,0.345610,0.339543,0.345437,0.516333,0.326657,0.342550,0.353063,0.399682,0.327887,0.337639,0.448644,0.402155,0.293847,0.334212,0.440155,0.423564,0.520983,0.426159,0.237946,0.353386,0.364353,0.374171,0.402044,0.276426,0.399188,0.386392,0.418936,0.298179,0.333565,0.436859,0.419489,0.494036,0.448217,0.386057,0.473846,0.405838,0.401030,0.405478,0.396647,0.365398,0.364642,0.374999,0.315814,0.383803,0.385605,0.319980,0.327458,0.298349,0.458035,0.366804,0.375690,0.321893,0.346548,0.433459,0.381563,0.338565,0.341886,0.370929,0.358806,0.333499,0.462069,0.411379,0.325236,0.348816,0.450065,0.346752,0.341802,0.427028,0.425895,0.425817,0.313553,0.404677,0.366068,0.385229,0.307195,0.392669,0.432057,0.309183,0.329343,0.378332,0.338806,0.358727,0.464255,0.311069,0.362226,0.403206,0.481756,0.382739,0.332533,0.315087,0.346521,0.368458,0.447606,0.439654,0.396541,0.320729,0.220190,0.402768,0.432774,0.308628,0.359560,0.369173,0.431001,0.338542,0.269007,0.340565,0.344959,0.272775,0.310196,0.435588,0.261882,0.506656,0.423299,0.362963,0.225643,0.267280,0.417787,0.454158,0.411573,0.447261,0.350398,0.300203,0.407920,0.349537,0.340195,0.241554,0.451157,0.298097,0.423234,0.310607,0.288073,0.352426,0.292781,0.370167,0.400109,0.432350,0.438997,0.386110,0.301384,0.363917,0.379589,0.286704,0.294850,0.378711,0.357657,0.292147,0.374510,0.381555,#
14,0.419745,0.360139,0.351559,0.229243,0.228631,0.272084,0.264852,0.248031,0.352174,0.342418,0.370298,0.237833,0.327771,0.378533,1.000000,0.427045,0.307753,0.309198,0.410280,0.359741,0.309024,0.327534,0.351319,0.394537,0.332366,0.235843,0.366019,0.329281,0.364428,0.316891,0.251840,0.216943,0.310336,0.250842,0.271497,0.360712,0.390530,0.397199,0.404012,0.388295,0.407907,0.325450,0.403424,0.294250,0.341467,0.382676,0.446160,0.341350,0.341893,0.234430,0.426224,0.345214,0.281453,0.311985,0.375841,0.325638,0.339988,0.300169,0.257774,0.327062,0.328687,0.404853,0.283815,0.362414,0.348574,0.312876,0.293135,0.377697,0.382866,0.323432,0.245565,0.330097,0.211033,0.444164,0.221150,0.253705,0.287850,0.364037,0.359470,0.297158,0.359937,0.205434,0.421805,0.425560,0.290107,0.393603,0.201936,0.242578,0.370201,0.381096,0.413884,0.363024,0.339265,0.343810,0.326352,0.260873,0.402123,0.320484,0.376880,0.265464,0.292466,0.302502,0.393983,0.268092,0.233605,0.350239,0.387358,0.371996,0.292695,0.341095,0.227516,0.311492,0.348301,0.237957,0.308217,0.374228,0.306345,0.350080,0.300125,0.332520,0.412759,0.339131,0.252832,0.360788,0.290730,0.293263,0.282011,0.330469,0.255112,0.303827,0.199058,0.419733,0.348501,0.186167,0.320530,0.255077,0.331325,0.348860,0.320980,0.307949,0.380307,0.328168,0.365639,0.226935,0.324069,0.299389,0.317813,0.172862,0.255468,0.297390,0.345006,0.244764,0.188732,0.347420,0.282166,0.227554,0.303680,0.260303,0.328544,0.246752,0.299317,0.356343,0.229479,0.320573,0.369168,0.257443,0.310823,0.278922,0.273305,0.418886,0.382441,0.331449,0.320948,0.396091,0.429697,0.228771,0.420911,0.311867,0.398410,0.380743,0.379430,0.399917,0.259337,0.360459,0.302666,0.390881,0.352482,0.327212,0.258352,0.205688,0.284178,0.355112,0.303519,0.413235,0.290864,0.204437,0.197069,0.286263,0.386457,0.379278,#
15,0.359650,0.347420,0.386264,0.226927,0.314069,0.295993,0.312937,0.312854,0.268168,0.342309,0.360145,0.394398,0.327850,0.365982,0.427045,1.000000,0.386600,0.462111,0.447017,0.354711,0.349215,0.396354,0.355917,0.403825,0.465666,0.312521,0.378438,0.371495,0.347927,0.274827,0.375874,0.352862,0.303235,0.392660,0.278717,0.243331,0.336269,0.358006,0.412238,0.372059,0.478707,0.309779,0.361423,0.303420,0.444425,0.369199,0.352856,0.426373,0.289771,0.284985,0.403421,0.314811,0.385185,0.334689,0.324687,0.293744,0.385407,0.419187,0.317490,0.412226,0.261849,0.266499,0.273521,0.339175,0.300094,0.278884,0.404796,0.438290,0.404888,0.323866,0.237622,0.347236,0.350260,0.312801,0.365567,0.363822,0.279159,0.418565,0.374274,0.339946,0.519759,0.281678,0.372891,0.406416,0.325607,0.400059,0.370038,0.221280,0.417237,0.409216,0.333680,0.248538,0.360364,0.471605,0.287582,0.291090,0.412181,0.345772,0.436940,0.298307,0.393097,0.273273,0.440514,0.304613,0.340385,0.343136,0.358983,0.293465,0.329625,0.474779,0.288590,0.390417,0.342242,0.303785,0.291069,0.469247,0.416719,0.294306,0.305601,0.371432,0.394266,0.371753,0.232113,0.376787,0.344868,0.252468,0.353322,0.357857,0.329958,0.242310,0.223941,0.480612,0.322321,0.315285,0.412806,0.348662,0.376228,0.307499,0.356490,0.244765,0.320437,0.353409,0.440293,0.242647,0.408601,0.390647,0.422588,0.303809,0.360615,0.358539,0.395041,0.359788,0.307460,0.528762,0.257027,0.454849,0.268076,0.288664,0.317083,0.331819,0.303083,0.358406,0.296847,0.339308,0.313465,0.373443,0.293014,0.360985,0.334302,0.424319,0.379418,0.254839,0.418218,0.267684,0.422905,0.207478,0.439457,0.251381,0.247932,0.361933,0.308246,0.358084,0.255611,0.266003,0.356958,0.403803,0.284673,0.344931,0.317076,0.247744,0.173732,0.446159,0.298550,0.365511,0.285106,0.334606,0.325015,0.288711,0.295869,0.331345,#
16,0.360970,0.319548,0.345196,0.262358,0.234120,0.273172,0.373850,0.309074,0.286467,0.302499,0.379834,0.383881,0.371217,0.346094,0.307753,0.386600,1.000000,0.370022,0.344468,0.335124,0.543573,0.382998,0.468123,0.267238,0.307279,0.317449,0.358629,0.272505,0.297156,0.288336,0.317769,0.422421,0.230831,0.358169,0.213416,0.278404,0.388733,0.316076,0.314635,0.321865,0.252428,0.277030,0.355494,0.322467,0.323972,0.358336,0.357423,0.341928,0.333223,0.222629,0.275368,0.364010,0.429628,0.315906,0.296428,0.315709,0.262631,0.324415,0.239029,0.199777,0.212138,0.372306,0.302593,0.412678,0.408156,0.282791,0.320592,0.482577,0.319510,0.387693,0.204787,0.331584,0.349987,0.256854,0.341008,0.467804,0.306668,0.371529,0.420106,0.311535,0.284471,0.282358,0.319711,0.308235,0.317550,0.456416,0.411918,0.288225,0.352431,0.280660,0.339590,0.335880,0.298277,0.305926,0.270674,0.330026,0.354222,0.286818,0.416827,0.290293,0.339789,0.250173,0.230184,0.274368,0.300878,0.363185,0.289218,0.245503,0.296529,0.363102,0.328884,0.319627,0.327127,0.294228,0.327886,0.479745,0.392162,0.299148,0.218178,0.344222,0.295244,0.354312,0.300551,0.319552,0.355934,0.283260,0.289880,0.265007,0.302919,0.338463,0.223373,0.360571,0.407499,0.199818,0.456186,0.307932,0.176672,0.378877,0.338928,0.364331,0.219788,0.334720,0.241572,0.280432,0.364664,0.300296,0.211071,0.274616,0.269225,0.220352,0.292110,0.371730,0.279140,0.300801,0.350169,0.303276,0.247462,0.189532,0.321948,0.246920,0.288888,0.385931,0.378152,0.425681,0.293805,0.206368,0.301965,0.317325,0.271753,0.327183,0.313814,0.185269,0.343580,0.225732,0.362419,0.322483,0.307922,0.213875,0.291038,0.305691,0.347346,0.337589,0.266728,0.181700,0.220494,0.312863,0.390553,0.308129,0.317905,0.254457,0.331072,0.193265,0.241611,0.283798,0.334705,0.347330,0.280681,0.303403,0.241111,0.373670,#
17,0.451368,0.351312,0.342375,0.360367,0.320790,0.343319,0.348241,0.411443,0.308517,0.241834,0.362705,0.461697,0.308946,0.283862,0.309198,0.462111,0.370022,1.000000,0.370618,0.402085,0.395878,0.399083,0.430728,0.455201,0.450849,0.348826,0.302046,0.338512,0.435995,0.361198,0.377028,0.458276,0.523709,0.398535,0.205618,0.288214,0.336506,0.514121,0.365557,0.294138,0.365860,0.307406,0.336077,0.438676,0.321589,0.382035,0.436936,0.373970,0.416717,0.379260,0.428887,0.280092,0.269169,0.402685,0.371863,0.380645,0.386341,0.486486,0.313103,0.417687,0.316677,0.399200,0.328212,0.389225,0.338286,0.393798,0.364104,0.479841,0.405100,0.423001,0.402204,0.382243,0.431138,0.412574,0.362662,0.407834,0.303720,0.419648,0.337471,0.378035,0.445778,0.410266,0.545168,0.463611,0.379998,0.351961,0.375058,0.367730,0.524147,0.478284,0.389378,0.314238,0.373212,0.376622,0.272982,0.291609,0.368506,0.460991,0.404709,0.345931,0.400243,0.299491,0.371024,0.342638,0.308261,0.422422,0.375455,0.530035,0.270887,0.355732,0.348517,0.343957,0.308341,0.398714,0.249318,0.461137,0.398570,0.332809,0.337618,0.459684,0.336581,0.335203,0.336151,0.364527,0.448651,0.447492,0.312772,0.382131,0.216159,0.253011,0.276437,0.452659,0.416652,0.455641,0.424873,0.354275,0.375148,0.335889,0.412110,0.419470,0.369572,0.369804,0.362653,0.303190,0.436431,0.327731,0.304520,0.250252,0.352254,0.241961,0.455050,0.312831,0.317425,0.449202,0.321580,0.355295,0.316392,0.286842,0.456999,0.388923,0.449550,0.365941,0.339069,0.368605,0.381512,0.412189,0.270470,0.415492,0.330662,0.379544,0.487880,0.311080,0.353300,0.356595,0.417881,0.213354,0.446581,0.356531,0.277459,0.407894,0.387877,0.504096,0.308758,0.160229,0.290309,0.376092,0.381008,0.477885,0.427650,0.350004,0.319301,0.428150,0.246046,0.269681,0.433943,0.397910,0.448074,0.258738,0.292331,0.388615,#
18,0.380732,0.426097,0.410147,0.322136,0.429695,0.330415,0.395096,0.357287,0.279288,0.248105,0.472985,0.407138,0.418355,0.372036,0.410280,0.447017,0.344468,0.370618,1.000000,0.389742,0.361608,0.356963,0.254336,0.432277,0.461148,0.406743,0.493813,0.447837,0.439942,0.334368,0.434204,0.408279,0.452314,0.290427,0.357023,0.358539,0.475293,0.404029,0.380082,0.422148,0.414680,0.350788,0.411236,0.312349,0.326148,0.395246,0.382299,0.436832,0.336703,0.341232,0.459117,0.257482,0.457472,0.519309,0.334645,0.322872,0.382546,0.451259,0.268316,0.338760,0.303477,0.331641,0.354192,0.476499,0.299295,0.448414,0.419314,0.480539,0.359862,0.249175,0.242472,0.311566,0.339608,0.375075,0.328031,0.264237,0.286559,0.435540,0.463979,0.432516,0.507031,0.351748,0.423895,0.490505,0.391389,0.334453,0.415207,0.320022,0.470170,0.351128,0.412495,0.328138,0.395787,0.431820,0.328428,0.311059,0.488553,0.376889,0.327769,0.393943,0.358147,0.416684,0.480166,0.413067,0.441111,0.373167,0.377836,0.371944,0.368016,0.482896,0.431598,0.446966,0.322064,0.433658,0.316128,0.393477,0.369770,0.355067,0.350594,0.368101,0.354828,0.484383,0.336155,0.343390,0.447152,0.375725,0.349196,0.333394,0.401606,0.337689,0.403706,0.469886,0.375801,0.300620,0.499604,0.252127,0.260739,0.439467,0.385891,0.387773,0.440357,0.270292,0.290710,0.259366,0.397202,0.346329,0.322803,0.209121,0.292291,0.311815,0.382284,0.440781,0.382743,0.341482,0.354785,0.472156,0.429289,0.371477,0.309860,0.438214,0.393912,0.385187,0.305310,0.389639,0.375581,0.341666,0.429026,0.374973,0.382542,0.452093,0.338786,0.329477,0.410996,0.223046,0.386973,0.246107,0.323193,0.394782,0.486443,0.342621,0.385982,0.420519,0.368617,0.265719,0.477101,0.392905,0.414786,0.501177,0.375788,0.356365,0.350653,0.432033,0.387324,0.345424,0.362844,0.302510,0.387957,0.396429,0.462582,0.435715,#
19,0.324143,0.370800,0.364437,0.332642,0.397191,0.195305,0.439538,0.389409,0.389242,0.400957,0.399514,0.280969,0.414743,0.402713,0.359741,0.354711,0.335124,0.402085,0.389742,1.000000,0.329770,0.422387,0.403903,0.449490,0.395558,0.425233,0.376417,0.367969,0.407736,0.430481,0.330822,0.402379,0.354720,0.373838,0.292611,0.350527,0.234416,0.409379,0.475306,0.374951,0.346397,0.288628,0.340904,0.304826,0.393547,0.449725,0.439126,0.501684,0.362646,0.355603,0.383905,0.357266,0.265719,0.499341,0.377664,0.390529,0.359301,0.429449,0.310151,0.410966,0.332810,0.298455,0.340472,0.391726,0.387266,0.387025,0.262652,0.401828,0.416102,0.377293,0.355406,0.356856,0.405540,0.290564,0.399010,0.353484,0.369121,0.432660,0.419954,0.327039,0.416156,0.372814,0.468859,0.336147,0.453424,0.370513,0.400455,0.337239,0.461638,0.405460,0.330712,0.424854,0.357422,0.370632,0.316841,0.363635,0.407272,0.463379,0.337299,0.274493,0.371855,0.281729,0.384131,0.345898,0.397947,0.393998,0.438766,0.485987,0.288942,0.349841,0.399162,0.344131,0.339677,0.427126,0.363130,0.385826,0.457056,0.464786,0.394447,0.351457,0.426720,0.443877,0.365872,0.399980,0.493202,0.470236,0.314599,0.438518,0.188839,0.312368,0.277519,0.342797,0.460702,0.375693,0.417000,0.336237,0.390208,0.395060,0.414687,0.406826,0.384659,0.308539,0.346360,0.220350,0.436344,0.337141,0.299068,0.428375,0.459091,0.263780,0.335861,0.391236,0.332924,0.439172,0.288788,0.333728,0.354161,0.313320,0.347589,0.210033,0.419519,0.410132,0.404986,0.407878,0.334953,0.375672,0.289770,0.328102,0.376525,0.401495,0.493618,0.364149,0.339811,0.295137,0.426011,0.245492,0.370703,0.331636,0.245633,0.401762,0.344148,0.445707,0.237259,0.305398,0.384321,0.369064,0.390186,0.480555,0.364496,0.266707,0.431313,0.340136,0.345710,0.468090,0.354307,0.385194,0.461607,0.380204,0.410089,0.437269,#
20,0.420783,0.363214,0.378910,0.329113,0.302709,0.332121,0.395796,0.386696,0.375570,0.274710,0.357370,0.397500,0.395023,0.347191,0.309024,0.349215,0.543573,0.395878,0.361608,0.329770,1.000000,0.410877,0.439371,0.355534,0.466237,0.317590,0.377191,0.451917,0.313764,0.369426,0.330307,0.364395,0.309166,0.330320,0.336248,0.240156,0.339694,0.357834,0.278797,0.381432,0.316173,0.437196,0.395116,0.354896,0.355343,0.438004,0.354556,0.418553,0.435688,0.273469,0.335627,0.430862,0.482445,0.375293,0.320755,0.291526,0.370720,0.362895,0.305107,0.393389,0.406957,0.238963,0.409653,0.444162,0.478687,0.277867,0.349837,0.400663,0.406532,0.402368,0.296295,0.321224,0.457813,0.366911,0.345194,0.360492,0.427037,0.379444,0.317411,0.417155,0.305233,0.264851,0.472582,0.359121,0.304531,0.445907,0.408862,0.366269,0.421674,0.407810,0.378891,0.446756,0.370635,0.413907,0.271700,0.310032,0.421354,0.368446,0.379369,0.222854,0.264401,0.289914,0.339074,0.360073,0.267311,0.400633,0.351214,0.335162,0.276671,0.441578,0.396522,0.251681,0.387583,0.404212,0.308790,0.478509,0.486546,0.270035,0.218325,0.343251,0.345855,0.362506,0.370029,0.321773,0.450779,0.362258,0.403507,0.450119,0.307086,0.431149,0.284525,0.442695,0.384575,0.271132,0.459637,0.347444,0.331850,0.440678,0.430358,0.388343,0.338966,0.388565,0.200644,0.297056,0.441464,0.246573,0.268734,0.364681,0.322618,0.357840,0.372125,0.437813,0.249128,0.283581,0.339301,0.344517,0.273136,0.204726,0.354195,0.323645,0.359475,0.409492,0.352778,0.378866,0.427427,0.296821,0.219915,0.359474,0.343485,0.356895,0.424006,0.255369,0.287571,0.290085,0.358200,0.359932,0.274171,0.200301,0.415498,0.426416,0.412421,0.377445,0.257375,0.342425,0.378379,0.285390,0.304377,0.386914,0.366493,0.294126,0.426600,0.360597,0.401673,0.325847,0.415746,0.395073,0.334265,0.334270,0.323767,0.313974,#
21,0.473914,0.476216,0.430154,0.350730,0.361324,0.342493,0.364621,0.377524,0.309516,0.345591,0.405968,0.445775,0.273464,0.367396,0.327534,0.396354,0.382998,0.399083,0.356963,0.422387,0.410877,1.000000,0.358349,0.480899,0.457041,0.301987,0.421856,0.458751,0.390079,0.390260,0.392210,0.410002,0.350167,0.470300,0.297227,0.318202,0.415946,0.448828,0.426694,0.328633,0.382021,0.427669,0.341500,0.351116,0.417325,0.391823,0.479280,0.449158,0.373013,0.397608,0.441607,0.306146,0.413849,0.434561,0.347000,0.275520,0.443187,0.412399,0.363347,0.392105,0.264397,0.306078,0.393207,0.394534,0.466134,0.361545,0.325425,0.431803,0.435346,0.489178,0.477679,0.316082,0.471700,0.366442,0.367401,0.339352,0.370252,0.330729,0.378304,0.395737,0.496244,0.368904,0.392712,0.345928,0.414171,0.370698,0.372743,0.330437,0.452865,0.482934,0.338883,0.382306,0.398902,0.341987,0.407395,0.411121,0.386981,0.415673,0.404530,0.389290,0.458954,0.272822,0.333960,0.375321,0.389808,0.482814,0.371225,0.394309,0.336909,0.395936,0.351739,0.332634,0.446457,0.430818,0.268622,0.474063,0.522352,0.286235,0.411688,0.459481,0.408598,0.470624,0.208183,0.480213,0.399818,0.439472,0.389311,0.406278,0.325285,0.318969,0.414817,0.363448,0.458347,0.382499,0.432030,0.295594,0.367436,0.371427,0.424082,0.430302,0.314042,0.386816,0.346577,0.240224,0.413562,0.376922,0.325923,0.383911,0.340413,0.325312,0.366406,0.433238,0.351567,0.433173,0.397981,0.319010,0.289541,0.313603,0.342068,0.323929,0.479580,0.336947,0.307256,0.403597,0.429670,0.280883,0.244084,0.437280,0.297749,0.419753,0.442819,0.303659,0.406665,0.335605,0.336085,0.315760,0.419771,0.324221,0.402251,0.384563,0.365164,0.438341,0.223557,0.345938,0.332486,0.408250,0.393057,0.416938,0.477844,0.273939,0.427844,0.424006,0.387713,0.271547,0.461798,0.433110,0.379192,0.366443,0.357029,0.436098,#
