0,1.000000,0.251089,0.373112,0.331093,0.354638,0.335559,0.225052,0.163369,0.339924,0.305879,0.349492,0.287497,0.236822,0.225835,0.461871,0.354667,0.292174,0.451555,0.356788,0.366294,0.357202,0.356541,0.332322,0.454501,0.276987,0.315673,0.412966,0.331761,0.377338,0.321179,0.237591,0.276918,0.313436,0.297555,0.261374,0.460296,0.343569,0.328511,0.420318,0.422360,0.296628,0.411586,0.227382,0.331565,0.226704,0.374947,0.371458,0.399258,0.323323,0.412007,0.399141,0.308107,0.285757,0.256258,0.393915,0.377802,0.326469,0.310870,0.280912,0.332695,0.364990,0.310063,0.397925,0.303730,0.349782,0.279292,0.361018,0.337609,0.349225,0.356997,0.401178,0.295456,0.404391,0.339173,0.227479,0.130015,0.321837,0.396219,0.341415,0.222480,0.365058,0.289535,0.337113,0.291272,0.395224,0.262699,0.370524,0.250822,0.448438,0.325643,0.309483,0.254596,0.292714,0.352191,0.402979,0.384369,0.431812,0.272672,0.337727,0.364751,0.394719,0.374361,0.274666,0.389941,0.357573,0.334296,0.407600,0.339087,0.272786,0.224223,0.242073,0.277697,0.246106,0.335088,0.284952,0.313194,0.362341,0.217944,0.284222,0.318751,0.431363,0.291464,0.318128,0.312307,0.309410,0.380327,0.293780,0.210747,0.256516,0.404030,0.359790,0.377318,0.368660,0.290298,0.306243,0.323322,0.370172,0.330597,0.254295,0.382981,0.342158,0.290715,0.338217,0.317002,0.360985,0.321481,0.267366,0.240235,0.339624,0.323842,0.285925,0.278333,0.322386,0.292560,0.281973,0.267512,0.247934,0.256339,0.393980,0.372524,0.300909,0.424308,0.175939,0.221083,0.361909,0.214724,0.259920,0.285684,0.344678,0.269932,0.369159,0.109319,0.430729,0.371967,0.228795,0.363151,0.400657,0.332693,0.321414,0.279520,0.362214,0.412941,0.216075,0.199649,0.236323,0.346634,0.359014,0.473654,0.397228,0.221157,0.341035,0.393995,0.269052,0.220417,0.400085,0.210264,0.144606,0.333372,0.470202,0.322207,#
1,0.251089,1.000000,0.308599,0.330162,0.374501,0.336299,0.401501,0.279706,0.318129,0.225907,0.444143,0.380174,0.282142,0.355431,0.256804,0.208208,0.212707,0.352997,0.252704,0.295457,0.286650,0.371155,0.206005,0.293966,0.341492,0.330115,0.366673,0.422769,0.224432,0.314581,0.316425,0.264981,0.318510,0.291903,0.193302,0.336027,0.252829,0.304749,0.445728,0.281190,0.301597,0.252385,0.348689,0.292409,0.255100,0.392040,0.412705,0.328325,0.223831,0.186727,0.396743,0.236679,0.430625,0.303522,0.290666,0.407515,0.279717,0.253493,0.350073,0.326248,0.294950,0.316476,0.342767,0.324866,0.262086,0.363242,0.246997,0.377474,0.389759,0.293917,0.311523,0.312032,0.430191,0.219803,0.343803,0.164505,0.300552,0.350731,0.377717,0.252130,0.286161,0.445448,0.354695,0.316229,0.318571,0.116056,0.414876,0.298789,0.334580,0.385067,0.329889,0.394456,0.274938,0.384887,0.261734,0.322023,0.300788,0.246017,0.211633,0.244604,0.320074,0.266710,0.310731,0.328004,0.258675,0.307366,0.315762,0.383317,0.243096,0.323673,0.362112,0.293194,0.247895,0.299491,0.350114,0.397197,0.384918,0.197513,0.291200,0.317555,0.217496,0.303813,0.349856,0.344805,0.296273,0.326585,0.295061,0.259431,0.280444,0.325959,0.312434,0.336150,0.246234,0.325529,0.455333,0.347635,0.338904,0.355233,0.286096,0.356181,0.360863,0.233746,0.244539,0.305624,0.399970,0.315129,0.235714,0.185642,0.309405,0.323378,0.316081,0.267577,0.237798,0.166180,0.332526,0.307717,0.267190,0.267509,0.249004,0.085006,0.153206,0.402972,0.309451,0.334972,0.368269,0.216835,0.220469,0.231162,0.303765,0.418924,0.333679,0.336594,0.310123,0.196511,0.310220,0.316497,0.171064,0.387792,0.313417,0.233427,0.267820,0.250502,0.328884,0.248368,0.346337,0.302384,0.253130,0.277115,0.290991,0.351969,0.409451,0.355042,0.217222,0.269322,0.340247,0.287538,0.083864,0.345533,0.238912,0.319665,#
2,0.373112,0.308599,1.000000,0.341157,0.320969,0.303244,0.354491,0.289297,0.234900,0.225109,0.342872,0.432839,0.270022,0.316009,0.246379,0.332049,0.235390,0.285714,0.256326,0.300700,0.385069,0.419907,0.195924,0.319323,0.371409,0.375975,0.406782,0.308157,0.246578,0.340209,0.221984,0.222578,0.234763,0.213279,0.195450,0.363007,0.299008,0.211263,0.312003,0.227838,0.378840,0.368564,0.282405,0.237379,0.217874,0.368760,0.309471,0.355542,0.234775,0.319285,0.337486,0.434414,0.333443,0.260210,0.212449,0.319919,0.194750,0.235251,0.289963,0.337936,0.253511,0.270617,0.312774,0.288756,0.377310,0.391453,0.312388,0.239277,0.356868,0.364282,0.291801,0.269907,0.278616,0.303227,0.309993,0.303381,0.254580,0.350417,0.308069,0.274232,0.408192,0.218214,0.222865,0.203768,0.328141,0.217535,0.381700,0.298519,0.290542,0.268004,0.248958,0.350445,0.353505,0.334064,0.251063,0.337489,0.319056,0.309029,0.340063,0.267388,0.347823,0.322639,0.231302,0.365729,0.245073,0.269922,0.301939,0.361598,0.259387,0.373125,0.355517,0.352959,0.324716,0.304614,0.296754,0.424958,0.309496,0.246475,0.086703,0.229142,0.333549,0.309592,0.271087,0.237266,0.301042,0.259655,0.339571,0.240691,0.256892,0.327753,0.248602,0.402539,0.303872,0.181075,0.355679,0.386208,0.263913,0.335662,0.190963,0.174761,0.230845,0.259614,0.306031,0.224510,0.477826,0.248444,0.156471,0.248080,0.378414,0.225561,0.308291,0.388130,0.381415,0.263469,0.250959,0.198922,0.192317,0.158376,0.284862,0.248357,0.287634,0.357477,0.319584,0.344528,0.380417,0.234086,0.317151,0.272308,0.162117,0.261184,0.212721,0.357766,0.216002,0.221964,0.331411,0.263902,0.392226,0.353046,0.210635,0.291208,0.358698,0.259874,0.186784,0.347245,0.181992,0.359174,0.215814,0.215492,0.345246,0.169765,0.277180,0.338052,0.421376,0.214953,0.333401,0.173128,0.135123,0.320796,0.396200,0.321899,#
3,0.331093,0.330162,0.341157,1.000000,0.366117,0.289914,0.325662,0.308214,0.379257,0.293917,0.397314,0.416254,0.287029,0.326437,0.326197,0.363519,0.282171,0.439213,0.340591,0.324494,0.315697,0.336195,0.363842,0.480945,0.392869,0.355290,0.354760,0.298701,0.349738,0.348049,0.317946,0.416273,0.454482,0.404396,0.157817,0.396151,0.356345,0.454881,0.453679,0.294026,0.372133,0.414120,0.313191,0.356873,0.265242,0.410536,0.361889,0.395684,0.185266,0.376187,0.399253,0.362973,0.343586,0.254132,0.254888,0.432404,0.280857,0.305964,0.345044,0.359125,0.305547,0.273376,0.334594,0.314294,0.416210,0.393482,0.335365,0.330965,0.305991,0.395169,0.344953,0.271150,0.380868,0.240595,0.361596,0.367054,0.317774,0.382068,0.376884,0.204272,0.424054,0.386355,0.357568,0.253279,0.431294,0.259266,0.411906,0.235831,0.412886,0.409949,0.354601,0.345080,0.360602,0.403104,0.289825,0.391811,0.420199,0.234388,0.393666,0.337209,0.428589,0.271281,0.374867,0.357513,0.410040,0.286132,0.362886,0.361874,0.210983,0.291953,0.349373,0.289860,0.313320,0.311528,0.247040,0.327555,0.358950,0.221921,0.213234,0.300122,0.404087,0.309399,0.310645,0.448768,0.301183,0.293406,0.353487,0.333171,0.209417,0.391914,0.352632,0.415181,0.401564,0.376964,0.362955,0.369114,0.250744,0.298258,0.358582,0.299459,0.377496,0.342011,0.346745,0.302770,0.397380,0.278041,0.391098,0.352564,0.260662,0.346011,0.297592,0.286760,0.280464,0.296444,0.330005,0.265508,0.289143,0.330074,0.283576,0.357070,0.353216,0.400088,0.394076,0.415047,0.360692,0.285122,0.359292,0.329831,0.256980,0.315952,0.355637,0.237542,0.269861,0.221576,0.310489,0.318443,0.394806,0.374766,0.246537,0.335400,0.297979,0.410144,0.412504,0.261539,0.178470,0.307857,0.253600,0.363189,0.228288,0.258525,0.276348,0.394461,0.395341,0.259903,0.299047,0.318433,0.304773,0.359808,0.312767,0.258707,#
4,0.354638,0.374501,0.320969,0.366117,1.000000,0.321113,0.295053,0.285808,0.358709,0.229784,0.313064,0.275339,0.257553,0.294488,0.240904,0.259406,0.163316,0.336246,0.293608,0.404894,0.372951,0.293106,0.309549,0.385353,0.290552,0.409271,0.267764,0.354862,0.375204,0.223089,0.225043,0.254627,0.312532,0.261799,0.230560,0.357526,0.374779,0.316524,0.293811,0.280832,0.345989,0.467193,0.236908,0.200479,0.381626,0.313130,0.400286,0.350383,0.242527,0.347744,0.308950,0.269671,0.256465,0.295983,0.362198,0.461730,0.249766,0.270779,0.321075,0.317839,0.318729,0.338511,0.228697,0.200046,0.267710,0.224146,0.355912,0.285201,0.294905,0.315928,0.303557,0.308119,0.357607,0.324027,0.206424,0.071549,0.265742,0.410825,0.298969,0.197377,0.398913,0.367620,0.267262,0.206789,0.414766,0.171328,0.354973,0.284843,0.332811,0.413810,0.348765,0.286041,0.249750,0.374076,0.209224,0.398370,0.321168,0.351361,0.311851,0.266703,0.286571,0.179590,0.335273,0.394646,0.302650,0.318703,0.217682,0.362377,0.284183,0.332328,0.401160,0.331590,0.322721,0.470697,0.310247,0.218331,0.281440,0.113821,0.191229,0.201998,0.314596,0.298358,0.337602,0.267038,0.410859,0.239037,0.348077,0.212756,0.245280,0.271214,0.354300,0.282400,0.342556,0.254796,0.356420,0.340151,0.287470,0.242446,0.228881,0.300913,0.412259,0.182135,0.260923,0.264239,0.363002,0.346513,0.277471,0.269300,0.290914,0.295695,0.322741,0.320189,0.290179,0.392446,0.323091,0.215096,0.357855,0.275343,0.297326,0.282463,0.312540,0.330659,0.190691,0.296210,0.200619,0.302040,0.221587,0.184733,0.212898,0.295399,0.224927,0.176540,0.314444,0.234117,0.387888,0.294732,0.342447,0.365665,0.243683,0.272946,0.202205,0.236266,0.376898,0.255597,0.223461,0.276984,0.137834,0.416986,0.328032,0.292437,0.299352,0.354545,0.281640,0.177267,0.272730,0.315429,0.264038,0.425613,0.316473,0.365881,#
5,0.335559,0.336299,0.303244,0.289914,0.321113,1.000000,0.272785,0.234288,0.311759,0.350747,0.308092,0.277315,0.303559,0.198955,0.358257,0.242429,0.217518,0.320919,0.222384,0.229488,0.340399,0.330204,0.238857,0.367901,0.311732,0.293998,0.299363,0.356627,0.319991,0.275540,0.242047,0.299547,0.338874,0.223357,0.186470,0.310177,0.391754,0.172161,0.340090,0.334200,0.330965,0.372984,0.181089,0.360828,0.213743,0.345208,0.313669,0.183284,0.260847,0.310983,0.368013,0.289764,0.276053,0.116407,0.294413,0.341834,0.143923,0.275980,0.376610,0.280478,0.254231,0.289701,0.322913,0.221670,0.362749,0.297766,0.355712,0.265410,0.287449,0.252498,0.365782,0.269226,0.348342,0.403942,0.228142,0.154672,0.304515,0.283664,0.308147,0.265377,0.270116,0.299116,0.404271,0.099121,0.231761,0.229650,0.243531,0.224566,0.322600,0.206075,0.218817,0.354421,0.279448,0.404060,0.213416,0.339047,0.267224,0.217746,0.287408,0.142050,0.276675,0.295299,0.256282,0.307515,0.205173,0.269734,0.217020,0.384255,0.217744,0.273061,0.356989,0.266699,0.321002,0.228063,0.286084,0.251217,0.371205,0.290441,0.167783,0.237034,0.160827,0.296829,0.205096,0.323441,0.211115,0.222482,0.142054,0.094692,0.403582,0.350382,0.347660,0.353026,0.315061,0.260474,0.425652,0.346992,0.199477,0.301579,0.170926,0.135430,0.323165,0.294630,0.255629,0.285696,0.306893,0.226505,0.263304,0.261312,0.157316,0.286621,0.349448,0.196955,0.349031,0.352974,0.235553,0.257405,0.294381,0.180038,0.394903,0.145773,0.308962,0.285715,0.291822,0.257947,0.306118,0.096145,0.211043,0.274055,0.311188,0.365375,0.302347,0.244626,0.342587,0.215957,0.177582,0.286881,0.292505,0.291176,0.319830,0.240681,0.285645,0.270517,0.406994,0.238066,0.240552,0.337066,0.249599,0.236203,0.248935,0.225029,0.334349,0.331150,0.276760,0.240295,0.429894,0.168622,0.094995,0.416508,0.264651,0.382313,#
6,0.225052,0.401501,0.354491,0.325662,0.295053,0.272785,1.000000,0.274380,0.273736,0.170315,0.265392,0.262449,0.163558,0.298370,0.216092,0.249947,0.214927,0.291779,0.277864,0.256634,0.288272,0.317887,0.187712,0.228977,0.203263,0.283189,0.254853,0.325882,0.318959,0.250180,0.180805,0.272274,0.269990,0.216461,0.122009,0.215351,0.177594,0.275102,0.309169,0.242619,0.307242,0.274489,0.171162,0.316452,0.172333,0.240402,0.281934,0.361109,0.225557,0.265858,0.205734,0.288334,0.300523,0.233756,0.191424,0.315137,0.210306,0.283431,0.299777,0.387267,0.249611,0.256983,0.236120,0.227349,0.252984,0.474331,0.281731,0.278093,0.271529,0.260455,0.283938,0.256998,0.350540,0.214158,0.325208,0.189531,0.285345,0.311408,0.325391,0.214834,0.309415,0.296999,0.319314,0.177747,0.283582,0.254679,0.263401,0.346465,0.269016,0.312458,0.283124,0.230607,0.223977,0.337600,0.230446,0.330989,0.292120,0.257941,0.335314,0.287417,0.296517,0.338836,0.228800,0.261144,0.080445,0.389610,0.217917,0.244935,0.281110,0.276969,0.335603,0.280647,0.264038,0.184965,0.239924,0.301403,0.315696,0.161797,0.220549,0.211493,0.253803,0.316896,0.209061,0.228571,0.242391,0.197769,0.223012,0.295228,0.128128,0.338284,0.254126,0.233465,0.320565,0.133205,0.361080,0.307527,0.224276,0.297936,0.276398,0.247327,0.219084,0.175879,0.118791,0.333035,0.199581,0.272849,0.228954,0.152979,0.238653,0.111066,0.373838,0.148237,0.313589,0.241832,0.296789,0.208611,0.175466,0.272552,0.287161,0.151154,0.141477,0.344742,0.308918,0.265463,0.299820,0.226357,0.181056,0.233988,0.258489,0.310081,0.131140,0.208517,0.268848,0.181635,0.304727,0.328553,0.217173,0.322448,0.300048,0.140372,0.115852,0.177700,0.302019,0.313679,0.273117,0.295100,0.220728,0.270037,0.316313,0.304480,0.256156,0.231898,0.310804,0.260207,0.199504,0.207957,0.228211,0.285314,0.226628,0.317371,#
7,0.163369,0.279706,0.289297,0.308214,0.285808,0.234288,0.274380,1.000000,0.259416,0.279694,0.341533,0.415187,0.126329,0.276041,0.290777,0.289204,0.157065,0.368372,0.224315,0.313760,0.268235,0.284354,0.327886,0.227825,0.364626,0.230615,0.296420,0.398036,0.265150,0.234361,0.254831,0.240517,0.342955,0.198393,0.147861,0.342063,0.173890,0.210682,0.345285,0.294446,0.278806,0.257060,0.276760,0.209961,0.262627,0.345265,0.214597,0.291730,0.263228,0.293026,0.367038,0.294632,0.226795,0.254860,0.237537,0.255541,0.204470,0.314503,0.297445,0.312894,0.279184,0.172993,0.300996,0.228519,0.378133,0.293019,0.312890,0.231710,0.235792,0.411030,0.237767,0.153525,0.371298,0.266052,0.203255,0.152934,0.226409,0.344597,0.265493,0.342828,0.287558,0.301562,0.345547,0.199840,0.320515,0.147344,0.331971,0.127327,0.259634,0.304082,0.245725,0.260109,0.303129,0.339387,0.128817,0.317729,0.218940,0.224675,0.224141,0.129106,0.316299,0.182260,0.251715,0.272938,0.131009,0.353436,0.357484,0.202466,0.252896,0.271421,0.237441,0.275334,0.159376,0.300168,0.372239,0.243332,0.189296,0.175542,0.153007,0.311937,0.274725,0.310379,0.207969,0.360618,0.336349,0.246525,0.352376,0.306878,0.214930,0.203197,0.192956,0.234225,0.327990,0.252217,0.421897,0.280949,0.088750,0.419939,0.239462,0.256853,0.384773,0.246884,0.130678,0.198397,0.305829,0.197751,0.260589,0.189067,0.185940,0.247938,0.284916,0.368177,0.180485,0.175349,0.110181,0.278056,0.315108,0.339891,0.312677,0.291066,0.230888,0.351125,0.277151,0.240482,0.180329,0.226774,0.393413,0.169828,0.261688,0.292022,0.254780,0.197172,0.261684,0.123893,0.296971,0.209402,0.212533,0.284179,0.062113,0.357403,0.224391,0.274810,0.233413,0.279833,0.059395,0.292518,0.115240,0.221979,0.173735,0.322553,0.323336,0.284599,0.335828,0.260941,0.227846,0.203374,0.165273,0.326079,0.335708,0.288241,#
8,0.339924,0.318129,0.234900,0.379257,0.358709,0.311759,0.273736,0.259416,1.000000,0.287405,0.382420,0.321488,0.288792,0.262746,0.418956,0.360144,0.128951,0.276026,0.213411,0.302433,0.306571,0.299980,0.258764,0.370709,0.237377,0.306385,0.260340,0.371661,0.217995,0.340177,0.176531,0.315947,0.240415,0.272273,0.255399,0.379952,0.305915,0.237610,0.330571,0.324178,0.295917,0.311751,0.120085,0.233452,0.416620,0.377626,0.273231,0.276267,0.182235,0.279372,0.264306,0.392386,0.200931,0.412700,0.300651,0.396924,0.287460,0.294179,0.278448,0.394067,0.356329,0.211739,0.388454,0.177015,0.375537,0.380024,0.346178,0.277749,0.407478,0.322392,0.256128,0.276655,0.336684,0.226704,0.263979,0.179084,0.270851,0.292464,0.304022,0.164067,0.341399,0.355905,0.340957,0.094992,0.392165,0.204952,0.317812,0.208079,0.319699,0.320637,0.265677,0.282941,0.337147,0.296382,0.352150,0.440727,0.408491,0.261748,0.292152,0.230967,0.334820,0.192773,0.284921,0.317243,0.339594,0.185357,0.354335,0.281821,0.143752,0.338646,0.192957,0.250096,0.153168,0.286148,0.276051,0.396908,0.304490,0.171608,0.122350,0.332669,0.344716,0.269901,0.251766,0.338097,0.313740,0.358711,0.238852,0.362920,0.141395,0.345516,0.284843,0.222577,0.329052,0.260446,0.352676,0.378890,0.233105,0.321184,0.331911,0.234484,0.358021,0.312685,0.411529,0.186476,0.276005,0.273955,0.303230,0.313913,0.267322,0.265258,0.382612,0.238507,0.279750,0.334177,0.434856,0.334641,0.281696,0.311618,0.269020,0.283134,0.194396,0.343292,0.186496,0.319618,0.335174,0.271576,0.318973,0.183316,0.276427,0.308647,0.299657,0.116978,0.225527,0.259090,0.264389,0.271652,0.221842,0.362686,0.268305,0.270323,0.282936,0.279611,0.222931,0.341951,0.253058,0.313780,0.131694,0.205115,0.305294,0.194537,0.312797,0.308953,0.292652,0.254468,0.372434,0.179007,0.208399,0.165287,0.290325,0.218326,#
9,0.305879,0.225907,0.225109,0.293917,0.229784,0.350747,0.170315,0.279694,0.287405,1.000000,0.429536,0.265028,0.179095,0.279926,0.343380,0.341581,0.207225,0.234925,0.157996,0.344181,0.287079,0.248543,0.240504,0.297242,0.219469,0.275461,0.348913,0.404670,0.274110,0.277135,0.347812,0.282352,0.187363,0.260060,0.323008,0.339749,0.143293,0.328253,0.312148,0.238331,0.368732,0.341001,0.178141,0.098426,0.234296,0.409588,0.288410,0.267397,0.183824,0.211809,0.349812,0.377281,0.260149,0.198037,0.211776,0.398545,0.280531,0.244498,0.257643,0.217943,0.255848,0.287035,0.386532,0.283885,0.353497,0.313302,0.196376,0.253301,0.312440,0.214196,0.347025,0.327801,0.293848,0.289118,0.247271,0.224251,0.255816,0.253714,0.386474,0.300180,0.240557,0.380713,0.254914,0.148634,0.352567,0.255118,0.388821,0.222969,0.156241,0.164088,0.173469,0.372650,0.277933,0.264767,0.287393,0.335901,0.423436,0.310257,0.256530,0.137179,0.247153,0.258582,0.411918,0.240553,0.321758,0.247762,0.300951,0.240228,0.283443,0.177451,0.239732,0.231229,0.272154,0.349329,0.242289,0.316096,0.247360,0.273047,0.370516,0.161049,0.341754,0.406552,0.226622,0.322931,0.240611,0.283287,0.073863,0.336950,0.224381,0.312359,0.251807,0.310834,0.258648,0.318673,0.328271,0.226620,0.279288,0.423274,0.229462,0.161839,0.214566,0.320167,0.259030,0.220681,0.256329,0.188156,0.275902,0.293592,0.132854,0.432418,0.262870,0.168361,0.407546,0.304559,0.258934,0.284055,0.307928,0.287408,0.400168,0.191479,0.259502,0.255800,0.151124,0.390208,0.283487,0.147963,0.280989,0.226229,0.446626,0.246610,0.277173,0.228954,0.271643,0.282167,0.235378,0.287967,0.290295,0.188495,0.193374,0.332178,0.157048,0.269015,0.370175,0.262743,0.170040,0.287441,0.246084,0.285480,0.394811,0.218019,0.294158,0.280392,0.283441,0.262565,0.250693,0.220552,0.166818,0.195126,0.247970,0.281468,#
10,0.349492,0.444143,0.342872,0.397314,0.313064,0.308092,0.265392,0.341533,0.382420,0.429536,1.000000,0.279563,0.170008,0.346784,0.370310,0.298906,0.235143,0.358977,0.402427,0.341142,0.266505,0.294272,0.193913,0.299335,0.273374,0.254982,0.367459,0.373335,0.249448,0.346168,0.331041,0.310187,0.315955,0.290473,0.257504,0.416373,0.226325,0.319711,0.427576,0.321984,0.296919,0.255910,0.272457,0.149769,0.234293,0.377428,0.347583,0.355158,0.298796,0.354671,0.299329,0.358279,0.285408,0.329416,0.225814,0.359484,0.206842,0.239958,0.339757,0.286494,0.261436,0.339161,0.289761,0.363042,0.390851,0.385843,0.377068,0.290999,0.338470,0.303546,0.327124,0.336876,0.336423,0.271442,0.241797,0.256269,0.294982,0.240668,0.290208,0.216832,0.343718,0.364936,0.353840,0.250782,0.410974,0.147104,0.401572,0.264648,0.335076,0.292030,0.207849,0.270341,0.355555,0.321914,0.273949,0.377739,0.386527,0.186687,0.353024,0.278674,0.263930,0.260834,0.309794,0.317959,0.355484,0.196217,0.341877,0.396615,0.205301,0.239924,0.234636,0.344655,0.258571,0.322984,0.396967,0.442390,0.283048,0.136651,0.201072,0.245707,0.291654,0.319414,0.266939,0.316646,0.249445,0.236039,0.201246,0.299980,0.261591,0.404767,0.350449,0.301031,0.307941,0.240369,0.353881,0.304772,0.203665,0.461557,0.189272,0.282560,0.366686,0.240446,0.358271,0.266622,0.328940,0.226237,0.138836,0.210497,0.177970,0.343151,0.344404,0.325062,0.358550,0.269282,0.364052,0.277062,0.346933,0.171548,0.338302,0.324414,0.284718,0.302613,0.327984,0.377305,0.340490,0.210854,0.332223,0.196388,0.255716,0.344429,0.318544,0.240383,0.295277,0.270089,0.339782,0.165035,0.248688,0.362207,0.289495,0.343726,0.309561,0.264917,0.390477,0.213937,0.269162,0.312102,0.151592,0.185427,0.325067,0.300668,0.364829,0.308861,0.276368,0.222375,0.344047,0.253393,0.147491,0.352316,0.368738,0.417523,#
11,0.287497,0.380174,0.432839,0.416254,0.275339,0.277315,0.262449,0.415187,0.321488,0.265028,0.279563,1.000000,0.224126,0.272361,0.196231,0.277110,0.253364,0.371458,0.218469,0.147679,0.294695,0.368438,0.205657,0.355018,0.407550,0.408956,0.240813,0.442948,0.103422,0.357508,0.352356,0.330631,0.294308,0.280349,0.207306,0.339226,0.287331,0.245967,0.330903,0.313369,0.341310,0.408077,0.353910,0.383486,0.187489,0.430864,0.297984,0.319389,0.234220,0.217954,0.395437,0.362137,0.266953,0.398219,0.197025,0.308218,0.281004,0.293474,0.319027,0.280536,0.242684,0.275268,0.389868,0.307160,0.386431,0.404614,0.354831,0.374701,0.342111,0.363047,0.258146,0.212095,0.395198,0.243914,0.246006,0.203188,0.259260,0.314813,0.402286,0.258781,0.367126,0.218611,0.384845,0.260894,0.394106,0.158501,0.389317,0.309112,0.309857,0.260294,0.312125,0.373940,0.392890,0.516233,0.260662,0.336197,0.243515,0.259073,0.359046,0.370941,0.363226,0.304314,0.278299,0.302795,0.238016,0.386314,0.371447,0.347778,0.352627,0.302882,0.356048,0.299161,0.343773,0.317645,0.122503,0.501722,0.303685,0.241103,0.194124,0.320067,0.281546,0.354887,0.339285,0.326633,0.309516,0.233759,0.315644,0.363537,0.324907,0.283733,0.229775,0.453410,0.336602,0.311373,0.295050,0.310995,0.090234,0.454144,0.167380,0.346298,0.292557,0.237516,0.232691,0.334871,0.401116,0.248616,0.359497,0.197129,0.251864,0.244826,0.260368,0.415092,0.272730,0.242453,0.314049,0.235299,0.254519,0.167775,0.319383,0.271245,0.272546,0.389758,0.209436,0.302784,0.340180,0.215222,0.399353,0.298209,0.371949,0.345159,0.333965,0.170874,0.246118,0.191587,0.312539,0.362475,0.348868,0.274784,0.166601,0.253862,0.365793,0.274430,0.312101,0.238748,0.129676,0.348663,0.194321,0.255293,0.287073,0.325905,0.251494,0.246921,0.418247,0.200120,0.417528,0.241312,0.200193,0.308818,0.271129,0.311483,#
12,0.236822,0.282142,0.270022,0.287029,0.257553,0.303559,0.163558,0.126329,0.288792,0.179095,0.170008,0.224126,1.000000,0.188718,0.334428,0.258479,0.264823,0.266411,0.318831,0.369381,0.303477,0.202422,0.222646,0.292813,0.252446,0.233577,0.262562,0.358387,0.248135,0.306776,0.107741,0.313798,0.303542,0.266378,0.223160,0.329527,0.275214,0.187076,0.265221,0.226655,0.382250,0.256238,0.263184,0.293917,0.278981,0.338839,0.264547,0.099651,0.271246,0.176487,0.346692,0.223613,0.217565,0.254341,0.245867,0.293325,0.191263,0.250667,0.191847,0.247821,0.236498,0.277754,0.238746,0.296769,0.372218,0.273420,0.291049,0.195048,0.223454,0.198483,0.196983,0.270773,0.265030,0.186800,0.296769,0.256275,0.253349,0.207562,0.228787,0.158648,0.293192,0.240413,0.229757,0.213609,0.275010,0.298402,0.250410,0.308838,0.291223,0.250591,0.252415,0.279844,0.218693,0.318256,0.224068,0.215157,0.405139,0.304106,0.194939,0.132134,0.279984,0.245447,0.264280,0.262924,0.351150,0.223673,0.308044,0.206894,0.143702,0.265222,0.348558,0.112565,0.291283,0.294519,0.176174,0.216987,0.291215,0.231579,0.204614,0.191492,0.249117,0.351284,0.374511,0.317391,0.188103,0.184028,0.293019,0.192031,0.172550,0.168252,0.232355,0.266502,0.218967,0.183340,0.246671,0.239988,0.248186,0.251098,0.234720,0.249665,0.339344,0.270166,0.166525,0.201145,0.180209,0.221848,0.251542,0.224454,0.206602,0.198357,0.215652,0.370332,0.210281,0.224601,0.202881,0.238476,0.178833,0.037979,0.225541,0.119191,0.165653,0.381723,0.235945,0.358672,0.264320,0.156983,0.346885,0.110685,0.275753,0.280485,0.249129,0.213143,0.237111,0.245425,0.297732,0.178898,0.305608,0.307998,0.116977,0.275080,0.251508,0.249574,0.318968,0.208450,0.255692,0.257615,0.242714,0.312238,0.231950,0.100013,0.394225,0.309547,0.319881,0.236123,0.232702,0.214277,0.199121,0.237872,0.311575,0.215678,#
13,0.225835,0.355431,0.316009,0.326437,0.294488,0.198955,0.298370,0.276041,0.262746,0.279926,0.346784,0.272361,0.188718,1.000000,0.405417,0.294369,0.242890,0.240385,0.294015,0.403302,0.305178,0.281415,0.158604,0.276649,0.325966,0.437091,0.371778,0.369858,0.252827,0.239446,0.319094,0.257012,0.305285,0.308828,0.217330,0.332570,0.266566,0.349178,0.226612,0.271915,0.258293,0.335613,0.325285,0.206420,0.275900,0.371157,0.396824,0.306876,0.314695,0.251965,0.369486,0.348524,0.300018,0.306045,0.264195,0.466895,0.229788,0.286103,0.309445,0.400252,0.351717,0.308397,0.458512,0.282658,0.295523,0.323550,0.502387,0.329514,0.443467,0.352300,0.230636,0.269908,0.363585,0.201630,0.372388,0.202251,0.341953,0.423730,0.406695,0.261467,0.375446,0.487709,0.355004,0.375337,0.456739,0.221500,0.419413,0.344499,0.343453,0.372043,0.284429,0.316195,0.378916,0.384813,0.278400,0.307413,0.355929,0.241185,0.268585,0.334414,0.363607,0.345849,0.320182,0.351894,0.275582,0.370826,0.375903,0.317784,0.383041,0.333432,0.282170,0.264344,0.391327,0.337368,0.332726,0.359632,0.381746,0.274630,0.215432,0.305613,0.388019,0.403169,0.272791,0.364549,0.325328,0.263565,0.232671,0.228454,0.392855,0.332938,0.252817,0.279186,0.276227,0.246318,0.431234,0.342696,0.329371,0.361279,0.397495,0.325773,0.256184,0.251236,0.372876,0.278421,0.385369,0.417489,0.263571,0.304699,0.122506,0.305699,0.348057,0.257964,0.318892,0.406911,0.359542,0.314401,0.206934,0.338949,0.318996,0.286118,0.215470,0.463259,0.210994,0.409092,0.335127,0.322843,0.268436,0.193392,0.332345,0.358626,0.327385,0.396277,0.326490,0.255695,0.351081,0.304264,0.233341,0.287527,0.333908,0.151307,0.271839,0.313965,0.340709,0.401285,0.246489,0.377889,0.297510,0.327296,0.279996,0.339491,0.234517,0.398193,0.342320,0.294574,0.274584,0.292275,0.219168,0.318427,0.371493,0.303510,#
14,0.461871,0.256804,0.246379,0.326197,0.240904,0.358257,0.216092,0.290777,0.418956,0.343380,0.370310,0.196231,0.334428,0.405417,1.000000,0.442178,0.280152,0.371952,0.332542,0.463194,0.344005,0.219806,0.351385,0.439823,0.291351,0.270886,0.418072,0.393589,0.311130,0.304219,0.190503,0.301543,0.264714,0.206624,0.293177,0.397352,0.333844,0.355408,0.368802,0.392183,0.407506,0.339245,0.326411,0.241380,0.327173,0.455426,0.382870,0.282517,0.314834,0.315183,0.463472,0.294151,0.317984,0.327517,0.470249,0.413776,0.364815,0.283753,0.286716,0.337434,0.355628,0.418758,0.333527,0.327411,0.383442,0.267658,0.421873,0.364104,0.334551,0.375145,0.261244,0.300366,0.273556,0.393204,0.248659,0.233095,0.301044,0.359291,0.312218,0.282182,0.403284,0.297632,0.401895,0.307034,0.367312,0.339674,0.246742,0.223917,0.359084,0.298878,0.339881,0.329413,0.363329,0.371365,0.366957,0.280330,0.404363,0.341525,0.294283,0.261577,0.324553,0.342266,0.314571,0.393576,0.355458,0.336123,0.460683,0.441375,0.258858,0.330177,0.182434,0.150421,0.340304,0.251285,0.348023,0.366589,0.272416,0.284641,0.323825,0.339195,0.458910,0.387442,0.192109,0.303630,0.317726,0.252718,0.302496,0.253451,0.132619,0.400446,0.195389,0.367151,0.347416,0.185067,0.301861,0.296959,0.263239,0.346729,0.257873,0.245047,0.412075,0.407423,0.408635,0.230597,0.262188,0.336176,0.275017,0.225986,0.131942,0.244766,0.358028,0.280437,0.218160,0.360652,0.322337,0.239197,0.331479,0.241410,0.314567,0.198172,0.258524,0.386688,0.253917,0.260533,0.382018,0.180799,0.316979,0.230897,0.281218,0.348707,0.388962,0.324127,0.377703,0.336483,0.310549,0.210911,0.417209,0.382770,0.362509,0.342859,0.290578,0.370165,0.319702,0.334369,0.281840,0.326324,0.252889,0.207848,0.235419,0.297379,0.331214,0.398893,0.341836,0.364333,0.303460,0.183763,0.093470,0.308188,0.367599,0.321207,#
15,0.354667,0.208208,0.332049,0.363519,0.259406,0.242429,0.249947,0.289204,0.360144,0.341581,0.298906,0.277110,0.258479,0.294369,0.442178,1.000000,0.303106,0.404772,0.339090,0.304280,0.288510,0.291616,0.310557,0.422033,0.309150,0.425191,0.383455,0.360290,0.321074,0.297098,0.234588,0.331848,0.247279,0.359882,0.289704,0.311262,0.267198,0.284487,0.387236,0.282368,0.417895,0.364386,0.280813,0.278383,0.343054,0.390522,0.184758,0.282737,0.151392,0.360700,0.330154,0.358569,0.360443,0.294618,0.357324,0.349119,0.266271,0.338204,0.315728,0.410091,0.320925,0.229623,0.385972,0.241979,0.308874,0.336266,0.368361,0.373459,0.294422,0.286345,0.346139,0.354790,0.305105,0.271168,0.308479,0.227297,0.216601,0.391452,0.293745,0.245140,0.449093,0.275212,0.256233,0.307645,0.360975,0.233432,0.337090,0.291532,0.378931,0.355453,0.290357,0.268189,0.324985,0.402037,0.267752,0.302019,0.459392,0.233113,0.294410,0.215187,0.373577,0.275639,0.333273,0.376952,0.242057,0.285971,0.351764,0.297552,0.238189,0.383587,0.231845,0.320599,0.284899,0.228339,0.302438,0.422772,0.306071,0.139216,0.241624,0.246765,0.390939,0.392469,0.272553,0.411139,0.289780,0.263449,0.273711,0.325742,0.218874,0.305215,0.198893,0.401451,0.312325,0.290025,0.346632,0.357932,0.220922,0.263706,0.266814,0.165209,0.267524,0.380517,0.372125,0.226579,0.353578,0.286402,0.323942,0.286400,0.317668,0.293475,0.348319,0.200019,0.287980,0.477447,0.198256,0.411532,0.248400,0.295781,0.302016,0.243857,0.188130,0.313371,0.308918,0.328417,0.327087,0.283902,0.329205,0.245386,0.331850,0.297348,0.213710,0.225224,0.274136,0.207338,0.374780,0.223527,0.352115,0.262109,0.119557,0.347196,0.357832,0.329071,0.244779,0.381110,0.223936,0.351002,0.174680,0.323110,0.258425,0.227772,0.183681,0.372455,0.338758,0.313600,0.243040,0.201876,0.176187,0.334264,0.267035,0.169555,#
16,0.292174,0.212707,0.235390,0.282171,0.163316,0.217518,0.214927,0.157065,0.128951,0.207225,0.235143,0.253364,0.264823,0.242890,0.280152,0.303106,1.000000,0.292499,0.222097,0.292801,0.397358,0.242112,0.294918,0.206366,0.118307,0.323121,0.294700,0.153692,0.143307,0.246010,0.189828,0.331476,0.107056,0.351514,0.169811,0.325531,0.243461,0.205168,0.255628,0.265271,0.191595,0.313269,0.199729,0.286109,0.225105,0.344933,0.218959,0.275338,0.192762,0.179519,0.156444,0.320631,0.393305,0.220266,0.214417,0.213779,0.128433,0.221959,0.239346,0.152677,0.135229,0.402229,0.304515,0.333377,0.373851,0.265224,0.286915,0.383163,0.138908,0.320217,0.122813,0.368544,0.304696,0.130666,0.230092,0.335625,0.163880,0.327520,0.304748,0.202806,0.206650,0.225200,0.200080,0.216438,0.279596,0.252189,0.362868,0.207178,0.335519,0.153310,0.231998,0.266848,0.206947,0.212313,0.211731,0.194521,0.304709,0.120750,0.297624,0.232221,0.237989,0.228482,0.141911,0.210442,0.233253,0.248499,0.308509,0.182484,0.141052,0.247370,0.244146,0.245562,0.248435,0.232170,0.261174,0.374905,0.270491,0.214888,0.121873,0.264886,0.277957,0.304186,0.316375,0.308697,0.282389,0.072056,0.208734,0.120306,0.165902,0.296188,0.124027,0.252880,0.367058,0.053341,0.341104,0.342239,0.076733,0.309698,0.211201,0.284226,0.137073,0.193777,0.163956,0.258803,0.261424,0.190328,0.116753,0.195212,0.170790,0.148237,0.155391,0.270127,0.157294,0.192950,0.249370,0.239598,0.173375,0.152800,0.239152,0.209115,0.135322,0.369617,0.276889,0.331301,0.273357,0.153766,0.295962,0.226495,0.196642,0.151365,0.138223,0.069220,0.221814,0.098535,0.217453,0.283088,0.140726,0.156453,0.214532,0.144674,0.192304,0.264557,0.285602,0.077443,0.104442,0.227418,0.296231,0.258046,0.235150,0.172254,0.326000,0.069445,0.101379,0.186798,0.300020,0.298620,0.047321,0.227451,0.163316,0.185934,#
17,0.451555,0.352997,0.285714,0.439213,0.336246,0.320919,0.291779,0.368372,0.276026,0.234925,0.358977,0.371458,0.266411,0.240385,0.371952,0.404772,0.292499,1.000000,0.288236,0.380172,0.410715,0.333821,0.295699,0.451463,0.322462,0.337932,0.316346,0.304328,0.314201,0.337535,0.317553,0.375890,0.472385,0.281032,0.221045,0.391151,0.216287,0.451285,0.403499,0.219054,0.360135,0.350404,0.230738,0.384057,0.237192,0.412712,0.395860,0.282487,0.344474,0.326517,0.366997,0.278820,0.240320,0.293357,0.311876,0.375030,0.346851,0.404438,0.302753,0.387679,0.318216,0.340654,0.300978,0.315664,0.336579,0.445978,0.447701,0.403226,0.339631,0.439886,0.380946,0.355555,0.406747,0.264047,0.284185,0.355528,0.293624,0.397545,0.283752,0.332305,0.343360,0.383696,0.510668,0.287201,0.396183,0.164813,0.379793,0.285647,0.438571,0.364991,0.325968,0.251664,0.382197,0.347829,0.237195,0.341189,0.371102,0.388280,0.386335,0.333121,0.329835,0.242997,0.260176,0.387172,0.261051,0.390387,0.379679,0.435953,0.218714,0.197860,0.306694,0.293083,0.339883,0.388267,0.272762,0.387056,0.316498,0.247373,0.246033,0.350187,0.290321,0.389408,0.301775,0.396150,0.488210,0.285571,0.303676,0.296718,0.197893,0.287191,0.238107,0.396801,0.463793,0.370097,0.358572,0.404051,0.391533,0.357206,0.286368,0.351655,0.386481,0.331778,0.267293,0.284479,0.394367,0.353217,0.164195,0.295263,0.246368,0.233189,0.362974,0.231180,0.232750,0.379970,0.325883,0.342805,0.273702,0.316708,0.472129,0.301843,0.330446,0.413096,0.326482,0.313991,0.342803,0.276305,0.296996,0.305580,0.278824,0.270039,0.423957,0.230733,0.291095,0.296104,0.408322,0.240121,0.377722,0.316649,0.139489,0.386671,0.324223,0.459971,0.328187,0.215519,0.169997,0.308668,0.286841,0.305459,0.397526,0.322299,0.331312,0.450187,0.340329,0.271778,0.457762,0.319963,0.281113,0.290404,0.294627,0.313058,#
18,0.356788,0.252704,0.256326,0.340591,0.293608,0.222384,0.277864,0.224315,0.213411,0.157996,0.402427,0.218469,0.318831,0.294015,0.332542,0.339090,0.222097,0.288236,1.000000,0.326853,0.315720,0.245496,0.156150,0.428384,0.312060,0.322652,0.322233,0.372823,0.314962,0.223149,0.229025,0.222947,0.361548,0.221089,0.286196,0.373484,0.329334,0.264801,0.297241,0.387664,0.341212,0.325647,0.266678,0.233807,0.242875,0.301871,0.187539,0.258602,0.190649,0.319837,0.347748,0.227541,0.343389,0.298242,0.274029,0.301964,0.264044,0.325635,0.238574,0.232219,0.220204,0.270537,0.341376,0.327679,0.276237,0.351000,0.397269,0.345406,0.214140,0.177691,0.138924,0.259484,0.271011,0.153546,0.245332,0.210105,0.217206,0.359570,0.336720,0.300206,0.355780,0.254927,0.309477,0.310942,0.269101,0.104713,0.391327,0.191048,0.373323,0.284200,0.338252,0.228066,0.296785,0.314150,0.271554,0.320947,0.453772,0.278067,0.231008,0.321756,0.241593,0.323097,0.360895,0.324045,0.370700,0.293562,0.295972,0.291242,0.248229,0.280684,0.347266,0.370220,0.274520,0.293271,0.271756,0.273944,0.243088,0.100402,0.285387,0.310785,0.267163,0.334165,0.261187,0.219322,0.274290,0.215492,0.257944,0.266176,0.279025,0.292004,0.253619,0.381537,0.257954,0.227365,0.368072,0.171240,0.217544,0.388110,0.198870,0.344762,0.318556,0.188421,0.224034,0.227092,0.309717,0.312603,0.142277,0.190601,0.131990,0.239265,0.235502,0.283785,0.266976,0.279629,0.265724,0.371275,0.374606,0.262481,0.210753,0.361626,0.276017,0.344074,0.262444,0.289148,0.259647,0.282010,0.346736,0.287105,0.257087,0.361663,0.111828,0.237190,0.317894,0.221447,0.238258,0.281017,0.316557,0.382069,0.393212,0.224311,0.210525,0.284093,0.343775,0.193533,0.337174,0.249630,0.332109,0.357259,0.281062,0.238020,0.280278,0.362195,0.359647,0.263276,0.288092,0.243837,0.203735,0.342118,0.373014,0.254952,#
19,0.366294,0.295457,0.300700,0.324494,0.404894,0.229488,0.256634,0.313760,0.302433,0.344181,0.341142,0.147679,0.369381,0.403302,0.463194,0.304280,0.292801,0.380172,0.326853,1.000000,0.307665,0.303074,0.277912,0.357635,0.264884,0.434625,0.343908,0.355182,0.313709,0.414342,0.266640,0.327097,0.304079,0.215604,0.337369,0.406675,0.205688,0.294914,0.451938,0.281694,0.353950,0.327621,0.177456,0.186245,0.267984,0.408013,0.402734,0.402497,0.241483,0.375843,0.350310,0.340212,0.246518,0.405205,0.312169,0.412085,0.290998,0.295227,0.315990,0.322264,0.309441,0.356703,0.366917,0.341777,0.393278,0.294181,0.351263,0.354397,0.295554,0.374273,0.341931,0.343480,0.393960,0.206913,0.342604,0.344317,0.286483,0.419949,0.429996,0.216945,0.400904,0.415612,0.390768,0.217434,0.448801,0.207476,0.363747,0.280937,0.408257,0.260675,0.259224,0.310833,0.390054,0.334605,0.282527,0.385344,0.418947,0.386588,0.193651,0.220363,0.303237,0.299140,0.339626,0.369468,0.381172,0.398868,0.341039,0.464251,0.178075,0.193693,0.293305,0.287544,0.359870,0.404481,0.401558,0.313272,0.373374,0.321422,0.336224,0.169432,0.428219,0.470199,0.290669,0.401754,0.455312,0.260188,0.343531,0.301799,0.144968,0.316628,0.237801,0.218951,0.420703,0.250981,0.360392,0.345758,0.294527,0.441331,0.301345,0.287253,0.349908,0.372157,0.297971,0.270636,0.321681,0.357940,0.195478,0.408118,0.322318,0.225691,0.297975,0.356247,0.311113,0.399309,0.334227,0.272051,0.313612,0.231025,0.309322,0.198199,0.392172,0.375177,0.371302,0.303520,0.375022,0.247862,0.290027,0.280801,0.326610,0.268165,0.369138,0.278262,0.343579,0.256794,0.304822,0.242355,0.363954,0.381362,0.274409,0.298276,0.207718,0.387698,0.309976,0.323771,0.269518,0.361371,0.282880,0.334966,0.351796,0.254438,0.402949,0.420825,0.274097,0.340088,0.308546,0.273030,0.262515,0.348792,0.421690,0.396949,#
20,0.357202,0.286650,0.385069,0.315697,0.372951,0.340399,0.288272,0.268235,0.306571,0.287079,0.266505,0.294695,0.303477,0.305178,0.344005,0.288510,0.397358,0.410715,0.315720,0.307665,1.000000,0.311605,0.253633,0.382585,0.396436,0.366780,0.327393,0.382348,0.302071,0.314402,0.234252,0.258055,0.314303,0.277407,0.250006,0.359025,0.293880,0.304851,0.304724,0.364844,0.364279,0.490259,0.236249,0.238251,0.330003,0.429457,0.368630,0.328871,0.280177,0.278922,0.220359,0.366484,0.381229,0.354947,0.315038,0.324180,0.306257,0.324865,0.286880,0.308810,0.288800,0.284266,0.372635,0.330280,0.370399,0.269025,0.371585,0.338856,0.392974,0.372189,0.303907,0.366060,0.458707,0.331112,0.247605,0.235334,0.337115,0.432906,0.292583,0.315069,0.309687,0.277543,0.445469,0.233112,0.348723,0.291090,0.410340,0.306950,0.444991,0.358027,0.340926,0.392444,0.355532,0.423670,0.326348,0.295126,0.424556,0.343466,0.340400,0.175349,0.310661,0.274618,0.335664,0.381329,0.277839,0.335109,0.325649,0.306948,0.264354,0.369773,0.393277,0.351633,0.323221,0.361637,0.265600,0.458132,0.428681,0.278278,0.152474,0.326799,0.299249,0.386982,0.300596,0.307156,0.357190,0.235287,0.364845,0.361767,0.288876,0.345520,0.261219,0.397524,0.321062,0.181061,0.382844,0.301978,0.349922,0.398769,0.297790,0.314223,0.355156,0.335005,0.217041,0.281226,0.398882,0.235772,0.216629,0.263014,0.232015,0.304550,0.355194,0.363492,0.189259,0.273358,0.319762,0.307489,0.238081,0.183213,0.299735,0.388437,0.337959,0.411741,0.257641,0.289376,0.412932,0.244229,0.217704,0.334328,0.279077,0.286431,0.310994,0.194463,0.233940,0.271667,0.285365,0.368543,0.200249,0.279239,0.372110,0.349829,0.245867,0.317027,0.278623,0.271277,0.291679,0.187753,0.287575,0.303378,0.364362,0.321886,0.332410,0.398557,0.307302,0.266253,0.403173,0.320909,0.244289,0.327633,0.351686,0.295443,#
21,0.356541,0.371155,0.419907,0.336195,0.293106,0.330204,0.317887,0.284354,0.299980,0.248543,0.294272,0.368438,0.202422,0.281415,0.219806,0.291616,0.242112,0.333821,0.245496,0.303074,0.311605,1.000000,0.249856,0.378636,0.306531,0.289475,0.351454,0.406378,0.316531,0.346582,0.281285,0.329433,0.264862,0.321019,0.224806,0.380963,0.358665,0.346449,0.443903,0.263808,0.322134,0.383162,0.182019,0.326171,0.296057,0.385996,0.390811,0.387349,0.154945,0.323268,0.324385,0.299204,0.289644,0.279187,0.299360,0.322945,0.284430,0.310983,0.242320,0.294061,0.266540,0.220290,0.426342,0.327604,0.426933,0.361337,0.319682,0.333894,0.401123,0.426460,0.480806,0.281931,0.479555,0.335908,0.243776,0.230036,0.308779,0.314261,0.284810,0.248574,0.407250,0.348197,0.283193,0.127259,0.389668,0.187390,0.415214,0.254237,0.343877,0.396949,0.265155,0.291040,0.284655,0.312866,0.332599,0.354724,0.400459,0.298240,0.249331,0.321373,0.502178,0.271223,0.254312,0.333279,0.283454,0.370729,0.299553,0.338675,0.252497,0.288740,0.354130,0.328167,0.300551,0.315195,0.262252,0.392011,0.426814,0.222920,0.233949,0.343024,0.251597,0.386430,0.229410,0.422698,0.285284,0.265832,0.273196,0.303109,0.202109,0.234855,0.291274,0.301676,0.396172,0.292620,0.320122,0.283717,0.374316,0.303310,0.218847,0.377181,0.331030,0.372386,0.297733,0.235394,0.348217,0.334649,0.280835,0.390379,0.300013,0.269959,0.308529,0.266106,0.301297,0.374570,0.294213,0.302153,0.238392,0.290612,0.282021,0.226125,0.363912,0.323443,0.270150,0.293601,0.353676,0.147202,0.136338,0.326340,0.258259,0.407587,0.248186,0.229981,0.337138,0.257692,0.294627,0.357933,0.343301,0.285231,0.226636,0.340191,0.280730,0.336001,0.204543,0.304725,0.214395,0.256059,0.295424,0.358269,0.405557,0.266333,0.381823,0.287665,0.357902,0.226823,0.421842,0.364177,0.249522,0.334879,0.341160,0.316535,#
