0,1.000000,0.419566,0.367645,0.286734,0.330392,0.395842,0.414672,0.267729,0.346072,0.383869,0.400701,0.411115,0.346785,0.332400,0.410960,0.333707,0.412711,0.433151,0.399534,0.329148,0.402756,0.428055,0.294555,0.390642,0.272294,0.297409,0.405687,0.428510,0.323042,0.349037,0.329617,0.280392,0.379969,0.266442,0.255617,0.429116,0.382354,0.350475,0.261730,0.421377,0.218157,0.397857,0.311167,0.419052,0.313604,0.338686,0.380773,0.363215,0.429949,0.348950,0.470121,0.337906,0.306900,0.297907,0.430402,0.280158,0.361717,0.424796,0.309894,0.273642,0.383419,0.300436,0.354759,0.383890,0.353273,0.208685,0.364674,0.307210,0.267016,0.375912,0.437831,0.388389,0.351656,0.406982,0.347968,0.337779,0.329938,0.429241,0.396311,0.283826,0.439119,0.337619,0.379607,0.394971,0.320739,0.431642,0.402658,0.238309,0.426115,0.349129,0.396831,0.298708,0.325752,0.294825,0.290183,0.406851,0.331189,0.331651,0.421613,0.367111,0.375021,0.395766,0.340809,0.383454,0.322859,0.384435,0.338527,0.428286,0.335788,0.382630,0.269207,0.370557,0.375397,0.312182,0.308043,0.364892,0.344174,0.269466,0.419183,0.351149,0.434031,0.291368,0.214025,0.277080,0.290935,0.427384,0.331832,0.378841,0.355280,0.407101,0.385769,0.398328,0.325965,0.280507,0.395036,0.257823,0.334816,0.343135,0.347738,0.429291,0.321083,0.365073,0.439539,0.392913,0.357616,0.437733,0.344750,0.267255,0.358181,0.268641,0.354512,0.257966,0.276770,0.319752,0.344348,0.203027,0.293257,0.317152,0.407846,0.332393,0.433920,0.406708,0.356069,0.371573,0.381990,0.280336,0.186798,0.339259,0.397369,0.365906,0.443623,0.168397,0.441337,0.410230,0.369028,0.283811,0.323432,0.359032,0.429361,0.313441,0.338174,0.428964,0.332939,0.202310,0.288567,0.390507,0.384248,0.482614,0.344304,0.277711,0.394138,0.372684,0.203490,0.213573,0.363285,0.307191,0.382921,0.367789,0.350605,0.431125,#
1,0.419566,1.000000,0.374967,0.282059,0.401985,0.378339,0.435279,0.345023,0.267650,0.390298,0.456262,0.441574,0.377461,0.444413,0.390447,0.282847,0.324974,0.290655,0.516404,0.289626,0.350997,0.422861,0.288020,0.367316,0.464165,0.394617,0.404904,0.468237,0.368168,0.250995,0.398320,0.384367,0.402161,0.349580,0.390580,0.321238,0.317499,0.336525,0.284148,0.365192,0.331983,0.370307,0.461598,0.331671,0.350704,0.300902,0.410218,0.433488,0.379271,0.348003,0.453187,0.350040,0.434068,0.346670,0.366548,0.295558,0.335610,0.402160,0.467219,0.406774,0.441690,0.348791,0.403115,0.372638,0.326129,0.269729,0.333489,0.403256,0.362238,0.244921,0.391218,0.278034,0.359622,0.390839,0.432232,0.248858,0.435481,0.354978,0.462621,0.351401,0.347729,0.441947,0.420570,0.504314,0.266880,0.372140,0.345596,0.335806,0.429311,0.435067,0.411695,0.455455,0.391413,0.377272,0.279347,0.461061,0.355277,0.301159,0.438014,0.340443,0.371736,0.286667,0.330619,0.361566,0.303192,0.274519,0.388835,0.464779,0.310196,0.381947,0.395734,0.367648,0.472914,0.362350,0.420673,0.326436,0.420568,0.298557,0.462191,0.364852,0.311582,0.363952,0.308411,0.388406,0.407058,0.420877,0.423497,0.363651,0.378175,0.367977,0.446531,0.398302,0.268653,0.325758,0.461660,0.335830,0.317087,0.330582,0.377390,0.358988,0.393566,0.371444,0.278408,0.351106,0.420292,0.386130,0.406988,0.328962,0.456466,0.344958,0.388320,0.402184,0.417536,0.256713,0.286049,0.364522,0.388255,0.481918,0.420895,0.308330,0.306887,0.426138,0.360008,0.335424,0.341406,0.409651,0.269882,0.404005,0.346900,0.453517,0.449366,0.274323,0.268500,0.300069,0.500949,0.385786,0.294134,0.447126,0.459888,0.369252,0.425186,0.319938,0.420114,0.376784,0.501152,0.382713,0.360846,0.483738,0.289741,0.309686,0.452598,0.416707,0.248494,0.320403,0.414659,0.417958,0.300663,0.426229,0.339301,0.294061,#
2,0.367645,0.374967,1.000000,0.371134,0.358348,0.415704,0.360404,0.302205,0.255750,0.307870,0.254365,0.369308,0.355699,0.353518,0.378447,0.309187,0.404955,0.334295,0.427619,0.344648,0.358883,0.399123,0.403380,0.371806,0.407685,0.389098,0.398889,0.287156,0.287040,0.278076,0.390225,0.396669,0.322894,0.323439,0.351672,0.327229,0.316439,0.344425,0.257571,0.354559,0.363903,0.380537,0.366542,0.332897,0.280276,0.385770,0.315627,0.411430,0.297811,0.320789,0.394885,0.380223,0.398030,0.327710,0.353377,0.394561,0.215371,0.421924,0.330120,0.336471,0.181284,0.372275,0.379770,0.415576,0.392294,0.303157,0.328999,0.314373,0.327516,0.372076,0.318751,0.225077,0.260357,0.373790,0.374395,0.425686,0.316755,0.370688,0.385707,0.340617,0.372654,0.310216,0.282225,0.389104,0.297091,0.409656,0.370832,0.336604,0.322866,0.379742,0.316562,0.289220,0.343492,0.330411,0.315635,0.365979,0.313798,0.282946,0.383800,0.313822,0.375262,0.429449,0.327262,0.284373,0.445845,0.284115,0.332010,0.376869,0.309403,0.422528,0.412855,0.365774,0.392018,0.299752,0.296822,0.303906,0.220275,0.391407,0.248834,0.283494,0.326436,0.282092,0.294716,0.275024,0.313095,0.314182,0.377034,0.342826,0.353974,0.274576,0.321150,0.434112,0.287743,0.283599,0.315266,0.345891,0.325408,0.413248,0.314476,0.285936,0.244488,0.280038,0.405020,0.367941,0.438888,0.356909,0.310293,0.287711,0.460485,0.346780,0.323545,0.379139,0.313811,0.331731,0.234648,0.259620,0.282801,0.399619,0.355166,0.293367,0.446252,0.422786,0.409228,0.361680,0.295181,0.289117,0.274815,0.353867,0.334387,0.413486,0.406836,0.325020,0.280467,0.303670,0.432451,0.344203,0.413379,0.422773,0.415985,0.381973,0.392136,0.286948,0.276605,0.219910,0.305545,0.375417,0.439666,0.379477,0.328462,0.266994,0.367971,0.329870,0.368052,0.331938,0.352585,0.310826,0.402586,0.247594,0.471970,0.379927,#
3,0.286734,0.282059,0.371134,1.000000,0.269613,0.264226,0.258773,0.340644,0.248209,0.286019,0.238084,0.311184,0.224302,0.270836,0.182481,0.087993,0.281740,0.265216,0.237199,0.263575,0.305364,0.317924,0.342199,0.308200,0.287312,0.344183,0.280529,0.257512,0.246672,0.206674,0.306106,0.315608,0.270588,0.404273,0.203031,0.261267,0.239404,0.343059,0.234084,0.209693,0.272954,0.316726,0.397965,0.231299,0.326845,0.377935,0.377286,0.333328,0.234541,0.328137,0.401192,0.239696,0.250380,0.299210,0.221812,0.325726,0.231442,0.394396,0.299881,0.239394,0.254806,0.253936,0.314850,0.321697,0.328423,0.231410,0.210557,0.306274,0.172498,0.247678,0.360690,0.176361,0.169145,0.328159,0.344292,0.235994,0.168576,0.344527,0.298326,0.338680,0.269900,0.308924,0.231688,0.340758,0.222171,0.259680,0.399026,0.212533,0.284930,0.326884,0.299927,0.219379,0.266230,0.343352,0.186614,0.298302,0.219223,0.168410,0.365077,0.175796,0.231464,0.295927,0.311261,0.222763,0.363606,0.233511,0.306909,0.318245,0.258394,0.300842,0.358118,0.291572,0.232191,0.300507,0.266030,0.210951,0.215162,0.272622,0.207144,0.273012,0.269735,0.277725,0.356895,0.290397,0.243946,0.320886,0.352455,0.201371,0.363878,0.310589,0.306167,0.258854,0.307425,0.450955,0.252441,0.323651,0.258035,0.218674,0.267476,0.283827,0.255290,0.230800,0.378804,0.335540,0.392903,0.242762,0.295744,0.306511,0.368031,0.363054,0.288306,0.164429,0.236561,0.273743,0.241359,0.201055,0.310299,0.362458,0.206740,0.318475,0.385116,0.300819,0.410131,0.418172,0.298366,0.393695,0.248532,0.233675,0.334046,0.381529,0.371821,0.195896,0.278347,0.263034,0.362004,0.244789,0.196371,0.288318,0.262847,0.320031,0.420334,0.364176,0.355723,0.277917,0.227515,0.245766,0.210309,0.407875,0.225126,0.219570,0.386963,0.300853,0.211175,0.295027,0.244254,0.298210,0.359268,0.301367,0.341378,0.301829,#
4,0.330392,0.401985,0.358348,0.269613,1.000000,0.248635,0.435005,0.286613,0.320618,0.385826,0.421200,0.284899,0.341551,0.348090,0.313237,0.310285,0.269728,0.363602,0.423142,0.392131,0.302156,0.404826,0.292680,0.371183,0.391478,0.437943,0.361244,0.379225,0.336497,0.241965,0.401925,0.347450,0.419426,0.357650,0.389279,0.323068,0.182975,0.489842,0.280370,0.349932,0.380840,0.392717,0.425947,0.375915,0.340358,0.303333,0.375287,0.447286,0.402144,0.407548,0.411014,0.279862,0.377212,0.419611,0.345221,0.358370,0.206063,0.394215,0.316213,0.421803,0.392419,0.307037,0.325325,0.307235,0.312106,0.297024,0.384672,0.336704,0.335297,0.335046,0.328826,0.366797,0.271657,0.277687,0.413192,0.285970,0.244806,0.370089,0.276994,0.269664,0.456011,0.457202,0.283844,0.432016,0.308057,0.369368,0.319801,0.299898,0.406367,0.371613,0.325065,0.350451,0.284799,0.375217,0.209436,0.387383,0.287383,0.426514,0.424185,0.329629,0.382519,0.283254,0.288946,0.426488,0.455240,0.277410,0.326485,0.340413,0.382059,0.511645,0.421666,0.246971,0.390819,0.420248,0.306121,0.295734,0.261068,0.278972,0.406567,0.380357,0.298872,0.380852,0.348703,0.337063,0.342307,0.394108,0.399895,0.372785,0.265457,0.226597,0.318984,0.439654,0.322861,0.287945,0.343450,0.386841,0.297694,0.281905,0.239522,0.278378,0.317806,0.269761,0.361594,0.418951,0.343036,0.396451,0.389520,0.257975,0.388898,0.437910,0.329903,0.378385,0.369674,0.387891,0.313217,0.319243,0.392426,0.413796,0.325413,0.346431,0.351103,0.381638,0.389006,0.349655,0.336237,0.418841,0.352658,0.311718,0.407227,0.425081,0.473151,0.309251,0.237734,0.197874,0.379428,0.230652,0.348279,0.319304,0.253032,0.322298,0.309286,0.391777,0.283373,0.263784,0.374633,0.317040,0.309718,0.454008,0.364553,0.291191,0.369912,0.329938,0.375958,0.327025,0.369975,0.374968,0.413409,0.438257,0.427180,0.360406,#
5,0.395842,0.378339,0.415704,0.264226,0.248635,1.000000,0.312459,0.322069,0.290981,0.371694,0.271750,0.406399,0.278963,0.247286,0.297219,0.392828,0.388351,0.398723,0.375913,0.308682,0.362227,0.363716,0.341778,0.465884,0.257444,0.397742,0.350384,0.288910,0.280352,0.301952,0.254012,0.479271,0.278594,0.302022,0.332410,0.295460,0.460428,0.351615,0.308179,0.447968,0.329714,0.340906,0.314150,0.387407,0.290520,0.419354,0.273493,0.285806,0.389399,0.340918,0.416396,0.325419,0.428300,0.265646,0.393776,0.362827,0.303864,0.488251,0.306827,0.273339,0.379556,0.343138,0.409816,0.382580,0.349586,0.269709,0.334919,0.388176,0.201228,0.241354,0.463466,0.259120,0.409607,0.456200,0.375709,0.361435,0.355645,0.408922,0.393004,0.332933,0.377486,0.330939,0.362692,0.254219,0.225897,0.383748,0.282710,0.319985,0.357840,0.295767,0.312082,0.360944,0.262943,0.344157,0.229542,0.351876,0.345313,0.238434,0.355357,0.228184,0.391697,0.395049,0.407972,0.306031,0.312201,0.317911,0.316020,0.385206,0.315136,0.367816,0.416480,0.350358,0.378476,0.295334,0.296883,0.395957,0.424390,0.376917,0.299942,0.417494,0.268918,0.303199,0.308852,0.249136,0.395020,0.291964,0.337937,0.272717,0.368598,0.408361,0.331576,0.411409,0.231737,0.262147,0.423053,0.306229,0.254073,0.298569,0.340422,0.299599,0.362214,0.341269,0.383626,0.385067,0.329731,0.336134,0.260234,0.313320,0.349111,0.274878,0.309986,0.298357,0.308377,0.394800,0.224860,0.256948,0.329932,0.340443,0.335984,0.319760,0.453671,0.329868,0.427183,0.216537,0.298046,0.260588,0.141694,0.367939,0.345026,0.390216,0.276922,0.314973,0.399979,0.318178,0.336744,0.300669,0.277383,0.415950,0.345071,0.320487,0.376375,0.449538,0.423004,0.240829,0.319880,0.375533,0.334130,0.325725,0.384893,0.286228,0.488745,0.303236,0.233292,0.370412,0.372157,0.375657,0.425943,0.331823,0.409480,0.438825,#
6,0.414672,0.435279,0.360404,0.258773,0.435005,0.312459,1.000000,0.303410,0.264475,0.395387,0.377113,0.368299,0.317961,0.407989,0.285534,0.298389,0.338468,0.351224,0.411398,0.436549,0.332053,0.364843,0.348557,0.364744,0.400521,0.316001,0.312067,0.357196,0.303433,0.271785,0.343434,0.324329,0.324801,0.308015,0.289136,0.288256,0.248383,0.317206,0.213284,0.374951,0.397461,0.390693,0.372132,0.385528,0.404929,0.244860,0.425832,0.480166,0.389677,0.433550,0.326880,0.413289,0.413821,0.364235,0.306775,0.358901,0.305517,0.457816,0.328942,0.340000,0.295470,0.331212,0.320850,0.376560,0.210675,0.372541,0.296028,0.241756,0.276407,0.251873,0.386164,0.361365,0.325000,0.408485,0.373291,0.306287,0.350469,0.381276,0.364290,0.357742,0.362806,0.420410,0.374250,0.343550,0.311806,0.451141,0.366426,0.362838,0.411537,0.369149,0.378992,0.325140,0.365154,0.455385,0.262538,0.450635,0.310699,0.292716,0.459906,0.271820,0.411005,0.392139,0.217023,0.421337,0.300419,0.446753,0.379846,0.373658,0.288222,0.380586,0.369587,0.324547,0.338616,0.363309,0.340753,0.279244,0.292902,0.358956,0.348870,0.275453,0.301614,0.455999,0.246290,0.275022,0.296112,0.333645,0.325689,0.462091,0.319481,0.367596,0.312150,0.411844,0.384615,0.248416,0.520260,0.341802,0.283968,0.438207,0.336068,0.209060,0.311762,0.214341,0.395862,0.521477,0.267902,0.409778,0.281644,0.264365,0.325320,0.310065,0.421525,0.289413,0.373656,0.341378,0.357901,0.218747,0.331128,0.385437,0.309201,0.324185,0.360142,0.374307,0.334779,0.419923,0.363979,0.331447,0.187813,0.275775,0.352379,0.447960,0.356906,0.350210,0.291244,0.294049,0.440392,0.303089,0.300376,0.334634,0.352704,0.308831,0.211383,0.230158,0.361586,0.287407,0.348335,0.280127,0.321538,0.368436,0.381938,0.346819,0.457217,0.284895,0.315644,0.283251,0.354595,0.398657,0.382989,0.373947,0.341452,0.293877,#
7,0.267729,0.345023,0.302205,0.340644,0.286613,0.322069,0.303410,1.000000,0.244726,0.376146,0.289028,0.398097,0.340737,0.354794,0.205667,0.222448,0.313745,0.320694,0.363787,0.362409,0.309246,0.315354,0.444739,0.280997,0.451336,0.380064,0.329271,0.417803,0.250823,0.257892,0.384759,0.393041,0.371533,0.333160,0.308430,0.359981,0.304768,0.300071,0.287906,0.303269,0.238083,0.312085,0.502794,0.277045,0.311759,0.400838,0.312250,0.399751,0.397796,0.384989,0.429430,0.276196,0.327545,0.382472,0.353808,0.425369,0.336785,0.351932,0.297861,0.356527,0.252809,0.186217,0.374048,0.308699,0.362399,0.254566,0.318437,0.406167,0.278658,0.489945,0.336935,0.228557,0.356858,0.396643,0.404716,0.348302,0.413709,0.340554,0.398891,0.410848,0.274734,0.361554,0.341413,0.420628,0.301885,0.387105,0.416703,0.396333,0.382276,0.355693,0.373192,0.255357,0.306669,0.339349,0.312389,0.373611,0.311635,0.250580,0.295807,0.215931,0.382938,0.324648,0.274923,0.349372,0.285871,0.311391,0.314799,0.315947,0.356897,0.328261,0.408702,0.352270,0.306164,0.341809,0.372802,0.326308,0.293373,0.374997,0.371731,0.363270,0.302267,0.409928,0.313588,0.397043,0.433172,0.409055,0.370339,0.346123,0.336375,0.301572,0.357500,0.287642,0.284433,0.323141,0.415592,0.426143,0.270310,0.362308,0.411644,0.380267,0.388729,0.484864,0.276336,0.362210,0.436340,0.358191,0.383763,0.295656,0.399597,0.335924,0.328216,0.493223,0.322840,0.224934,0.283171,0.382928,0.362310,0.392209,0.336288,0.339176,0.445173,0.343791,0.353959,0.416759,0.360702,0.318022,0.338591,0.290219,0.435188,0.337765,0.356416,0.333267,0.284890,0.290332,0.367880,0.343322,0.306085,0.398695,0.320865,0.420476,0.347128,0.400374,0.248493,0.214666,0.301964,0.346766,0.372029,0.439988,0.290002,0.329171,0.391216,0.291666,0.232651,0.377040,0.246021,0.284758,0.416844,0.373719,0.374692,0.387921,#
8,0.346072,0.267650,0.255750,0.248209,0.320618,0.290981,0.264475,0.244726,1.000000,0.265510,0.338432,0.343793,0.327672,0.308199,0.337123,0.316969,0.323371,0.263131,0.243942,0.349538,0.257911,0.298070,0.273654,0.321618,0.267633,0.384684,0.248837,0.377877,0.200047,0.401528,0.247233,0.367211,0.299974,0.405466,0.319762,0.275453,0.279733,0.433502,0.204503,0.477403,0.287076,0.287896,0.275980,0.360463,0.332565,0.267249,0.349217,0.353291,0.237952,0.266749,0.293958,0.386784,0.273213,0.407477,0.375283,0.318970,0.234716,0.323916,0.298523,0.363093,0.340803,0.166184,0.441061,0.382535,0.286597,0.228856,0.288071,0.398551,0.347844,0.315806,0.221569,0.373207,0.217190,0.351750,0.259121,0.209940,0.276153,0.239871,0.345854,0.205071,0.301849,0.274917,0.300664,0.260479,0.224471,0.349040,0.284128,0.251094,0.389835,0.324087,0.329079,0.241025,0.256364,0.330017,0.238315,0.471365,0.374214,0.299905,0.249849,0.234429,0.380572,0.208580,0.182604,0.216341,0.312587,0.236999,0.396362,0.333708,0.264488,0.405178,0.287015,0.342427,0.299070,0.237319,0.263092,0.351029,0.432474,0.274463,0.180993,0.388045,0.308201,0.247581,0.302218,0.233065,0.330137,0.358240,0.284371,0.313619,0.381273,0.288292,0.370318,0.346985,0.270849,0.231158,0.403640,0.360610,0.237144,0.364084,0.387868,0.299116,0.262332,0.300812,0.414327,0.317982,0.411527,0.337091,0.336972,0.431747,0.355619,0.325608,0.287992,0.269426,0.288100,0.315744,0.297860,0.234666,0.355397,0.253009,0.296996,0.322306,0.296918,0.275620,0.341555,0.381798,0.243827,0.297215,0.266551,0.268657,0.306915,0.389135,0.390907,0.114191,0.213925,0.360092,0.358153,0.351376,0.252332,0.307859,0.265194,0.384884,0.393157,0.234473,0.152390,0.235694,0.383354,0.270177,0.286051,0.301531,0.300736,0.223916,0.372432,0.321795,0.155933,0.259153,0.273092,0.287879,0.343868,0.245561,0.298281,0.319447,#
9,0.383869,0.390298,0.307870,0.286019,0.385826,0.371694,0.395387,0.376146,0.265510,1.000000,0.427771,0.424447,0.413382,0.362723,0.386066,0.357075,0.334864,0.257370,0.403725,0.400986,0.388732,0.355719,0.377488,0.385556,0.364809,0.391651,0.399256,0.518803,0.330742,0.262045,0.429307,0.419774,0.327357,0.388291,0.334841,0.396216,0.275990,0.355725,0.230243,0.362544,0.295653,0.426326,0.326703,0.250749,0.391080,0.439794,0.324548,0.440186,0.419207,0.295254,0.435956,0.351750,0.400139,0.355829,0.338001,0.330623,0.370509,0.408454,0.281543,0.355410,0.311268,0.330219,0.448739,0.367248,0.329317,0.372532,0.255084,0.459614,0.334538,0.269294,0.360194,0.321472,0.257115,0.428217,0.405226,0.313997,0.461946,0.369493,0.468292,0.466959,0.408309,0.401696,0.448899,0.378304,0.424662,0.449958,0.430471,0.304300,0.446366,0.316190,0.328853,0.476860,0.319309,0.431086,0.360727,0.476197,0.460042,0.274358,0.387305,0.318759,0.439677,0.346976,0.409512,0.278595,0.380046,0.323563,0.385781,0.419668,0.289905,0.349395,0.368672,0.358141,0.416127,0.359063,0.334570,0.400167,0.439564,0.415182,0.447370,0.321444,0.483943,0.493253,0.330826,0.360221,0.392404,0.416860,0.344685,0.489433,0.325672,0.214413,0.344742,0.457949,0.352339,0.331833,0.521066,0.295486,0.284230,0.327317,0.367176,0.420969,0.321654,0.305155,0.346576,0.390717,0.344975,0.282408,0.401385,0.296300,0.287804,0.315850,0.366510,0.392218,0.388729,0.366042,0.361196,0.333413,0.382495,0.412996,0.331344,0.374431,0.393012,0.285677,0.314453,0.433102,0.407565,0.351269,0.263307,0.300619,0.447711,0.448849,0.365501,0.364042,0.353193,0.348008,0.372100,0.385536,0.294277,0.290006,0.360355,0.418573,0.350432,0.403691,0.416302,0.359405,0.329087,0.382940,0.447521,0.413265,0.371587,0.329168,0.438998,0.308433,0.234238,0.330237,0.367525,0.355372,0.321152,0.366852,0.381201,0.362297,#
10,0.400701,0.456262,0.254365,0.238084,0.421200,0.271750,0.377113,0.289028,0.338432,0.427771,1.000000,0.410021,0.307092,0.385953,0.328653,0.294963,0.449911,0.339794,0.461507,0.408918,0.340111,0.359757,0.346022,0.307429,0.371852,0.319604,0.365785,0.362384,0.200685,0.248137,0.353533,0.330778,0.309547,0.362144,0.322919,0.373544,0.146179,0.316524,0.279462,0.294441,0.185620,0.270165,0.339534,0.262747,0.336852,0.308331,0.354617,0.404380,0.404872,0.371870,0.302844,0.353140,0.310855,0.376984,0.344226,0.337063,0.317171,0.331559,0.343750,0.256935,0.399007,0.349114,0.386478,0.364064,0.300344,0.212317,0.355017,0.333406,0.306765,0.261442,0.295613,0.258713,0.234161,0.373380,0.339200,0.300793,0.387638,0.275816,0.375350,0.260370,0.329293,0.442660,0.312062,0.379818,0.313142,0.378122,0.320458,0.220308,0.403600,0.326755,0.234866,0.364093,0.389462,0.318079,0.250878,0.384750,0.383924,0.233737,0.429259,0.295128,0.426025,0.257709,0.269753,0.356674,0.324872,0.309239,0.470719,0.403925,0.301402,0.366611,0.265252,0.346739,0.358242,0.403532,0.325696,0.384000,0.399355,0.262746,0.261401,0.267418,0.296058,0.296604,0.357574,0.296150,0.389571,0.322327,0.315217,0.326634,0.324233,0.347634,0.348278,0.349794,0.310339,0.233147,0.449762,0.309608,0.311382,0.320157,0.247275,0.437351,0.307577,0.272551,0.416821,0.325211,0.366955,0.308009,0.237010,0.299314,0.347018,0.355539,0.360038,0.390459,0.337650,0.404722,0.336828,0.370191,0.309892,0.288264,0.293299,0.444501,0.295971,0.338675,0.321983,0.383132,0.303306,0.321916,0.249903,0.173737,0.308054,0.462031,0.436261,0.302525,0.343698,0.350960,0.451825,0.202423,0.346384,0.332515,0.388288,0.435660,0.379433,0.291758,0.374309,0.269758,0.427576,0.327508,0.346640,0.407004,0.259146,0.259246,0.368148,0.381856,0.243723,0.294777,0.342731,0.399108,0.349434,0.384740,0.322189,0.386020,#
11,0.411115,0.441574,0.369308,0.311184,0.284899,0.406399,0.368299,0.398097,0.343793,0.424447,0.410021,1.000000,0.402082,0.381315,0.232074,0.391046,0.457437,0.399648,0.403744,0.275410,0.383399,0.423593,0.361875,0.402286,0.432921,0.470544,0.303319,0.420987,0.240771,0.357879,0.391620,0.478874,0.317569,0.440256,0.317738,0.337738,0.379420,0.445695,0.232820,0.373233,0.399292,0.392484,0.452137,0.381109,0.376337,0.385671,0.378447,0.492278,0.378383,0.259428,0.409344,0.443945,0.361925,0.445821,0.390533,0.401976,0.437121,0.395272,0.353161,0.309279,0.359552,0.369754,0.441029,0.414257,0.408498,0.247415,0.360044,0.356185,0.352860,0.335168,0.370303,0.269053,0.320868,0.481345,0.468481,0.361409,0.394002,0.388365,0.543716,0.332394,0.409510,0.309406,0.363037,0.446722,0.361004,0.424885,0.461141,0.312297,0.433234,0.348554,0.421951,0.355458,0.397912,0.362528,0.307334,0.382117,0.330799,0.311830,0.427621,0.361218,0.475436,0.363331,0.353878,0.217391,0.359284,0.388033,0.397076,0.408510,0.339779,0.464900,0.330823,0.357733,0.432639,0.392531,0.322964,0.492184,0.432274,0.275486,0.362871,0.410132,0.405885,0.467794,0.350963,0.301775,0.418410,0.358871,0.508919,0.443721,0.418248,0.329954,0.467647,0.499429,0.243592,0.277920,0.430866,0.345929,0.289165,0.370426,0.379433,0.363190,0.328837,0.412585,0.391053,0.471211,0.429929,0.418726,0.411097,0.342156,0.440198,0.381270,0.421389,0.456215,0.399517,0.338511,0.425891,0.301861,0.352687,0.345890,0.339835,0.386960,0.470911,0.360308,0.379754,0.438093,0.420335,0.413889,0.261405,0.317541,0.470222,0.440704,0.462177,0.303741,0.459104,0.356274,0.399301,0.441217,0.422840,0.365764,0.351384,0.329876,0.403654,0.384288,0.414525,0.361729,0.374166,0.483661,0.393123,0.394142,0.358301,0.331197,0.296350,0.338730,0.306321,0.165491,0.338405,0.404250,0.462550,0.347074,0.366504,0.430946,#
12,0.346785,0.377461,0.355699,0.224302,0.341551,0.278963,0.317961,0.340737,0.327672,0.413382,0.307092,0.402082,1.000000,0.352016,0.299196,0.332159,0.345464,0.314745,0.498172,0.351196,0.391795,0.281482,0.311838,0.367604,0.381545,0.342964,0.306441,0.475530,0.321668,0.346496,0.385219,0.416788,0.380694,0.310370,0.326859,0.278134,0.346955,0.331208,0.161153,0.335095,0.406634,0.309223,0.469147,0.325492,0.316786,0.366941,0.265123,0.383801,0.448403,0.325091,0.369172,0.232145,0.278912,0.329268,0.326870,0.272804,0.344837,0.442761,0.337601,0.373440,0.381935,0.314230,0.386498,0.356070,0.325198,0.288807,0.312418,0.312827,0.302563,0.233297,0.270361,0.340709,0.214615,0.355943,0.402366,0.290177,0.341234,0.329735,0.318586,0.312353,0.400221,0.337039,0.366602,0.389169,0.397777,0.446009,0.332883,0.291649,0.404767,0.364248,0.405852,0.312439,0.312913,0.392725,0.273611,0.297567,0.373049,0.354115,0.277297,0.263624,0.373820,0.363812,0.268172,0.392561,0.363663,0.311116,0.393907,0.346121,0.345016,0.471457,0.333835,0.243126,0.364702,0.337034,0.312208,0.346949,0.383751,0.409140,0.265290,0.354376,0.262530,0.496102,0.320813,0.363496,0.256086,0.428922,0.341475,0.390041,0.371653,0.231910,0.357631,0.391955,0.258038,0.192138,0.377286,0.359091,0.289794,0.357595,0.350202,0.294020,0.403305,0.396114,0.309688,0.330945,0.371023,0.353671,0.407466,0.247702,0.362356,0.323363,0.392927,0.470271,0.297379,0.306270,0.388503,0.253889,0.362532,0.268311,0.318019,0.211262,0.408587,0.327278,0.302651,0.410901,0.358046,0.369552,0.297837,0.180357,0.411718,0.445040,0.325760,0.306516,0.322446,0.305858,0.370022,0.311252,0.280346,0.275180,0.229218,0.287971,0.394629,0.302930,0.336194,0.350124,0.310089,0.393050,0.389841,0.384881,0.233081,0.216713,0.402061,0.409586,0.287276,0.349008,0.329760,0.321435,0.393788,0.231497,0.363092,0.288199,#
13,0.332400,0.444413,0.353518,0.270836,0.348090,0.247286,0.407989,0.354794,0.308199,0.362723,0.385953,0.381315,0.352016,1.000000,0.326405,0.333818,0.403714,0.322081,0.383888,0.329819,0.361999,0.354447,0.379428,0.283073,0.497325,0.383029,0.385301,0.352421,0.262402,0.225275,0.342942,0.269204,0.337308,0.363378,0.244325,0.385945,0.263527,0.362128,0.189859,0.380500,0.271270,0.314145,0.510331,0.295000,0.371943,0.289004,0.399270,0.398914,0.446238,0.279552,0.455441,0.361398,0.321122,0.350755,0.397725,0.427908,0.328313,0.331616,0.342616,0.329717,0.367756,0.354269,0.514380,0.379270,0.263551,0.251193,0.401074,0.383441,0.409731,0.399027,0.323706,0.400950,0.300871,0.479415,0.455808,0.268134,0.345443,0.390555,0.414542,0.319223,0.296957,0.462518,0.485421,0.390040,0.460307,0.357050,0.424463,0.398066,0.419602,0.446356,0.347591,0.391585,0.457703,0.402199,0.382749,0.427023,0.276102,0.335941,0.355324,0.323456,0.465260,0.342441,0.310993,0.320606,0.352255,0.353473,0.315521,0.420710,0.282339,0.341896,0.337640,0.347461,0.479440,0.394054,0.329749,0.316534,0.394677,0.306155,0.357918,0.423182,0.390637,0.377694,0.249973,0.368689,0.326277,0.392374,0.333725,0.464839,0.494693,0.248686,0.320166,0.327015,0.369446,0.320446,0.457290,0.322329,0.339796,0.320805,0.431122,0.371203,0.344472,0.298764,0.344927,0.421289,0.372893,0.455823,0.342445,0.305899,0.250041,0.328732,0.392998,0.237070,0.382438,0.315344,0.419275,0.289148,0.370062,0.306606,0.329104,0.291721,0.388053,0.395773,0.265484,0.457247,0.422653,0.441385,0.200285,0.289768,0.444822,0.458035,0.422752,0.373840,0.342140,0.383659,0.423857,0.366832,0.402787,0.338654,0.404623,0.293985,0.405425,0.262158,0.302463,0.310258,0.345598,0.316705,0.418354,0.440358,0.366177,0.400657,0.367434,0.332021,0.263107,0.321424,0.323625,0.412519,0.384907,0.310392,0.337569,0.386053,#
14,0.410960,0.390447,0.378447,0.182481,0.313237,0.297219,0.285534,0.205667,0.337123,0.386066,0.328653,0.232074,0.299196,0.326405,1.000000,0.343303,0.299412,0.284575,0.380312,0.345282,0.262546,0.312305,0.285257,0.289811,0.321822,0.303513,0.372665,0.250912,0.251866,0.295280,0.249613,0.235866,0.233377,0.273084,0.293071,0.365582,0.326207,0.344827,0.332436,0.377011,0.316097,0.347040,0.384920,0.335004,0.280486,0.273775,0.398394,0.327721,0.333545,0.194199,0.367871,0.285309,0.281989,0.311170,0.369385,0.315670,0.269426,0.375892,0.310865,0.287425,0.311232,0.375100,0.322557,0.338469,0.315905,0.213449,0.259686,0.330819,0.299279,0.272824,0.200970,0.288361,0.158127,0.375584,0.179124,0.292198,0.256038,0.401027,0.383987,0.257303,0.294993,0.175997,0.405976,0.397573,0.268177,0.330338,0.198592,0.244159,0.342609,0.310991,0.282523,0.345438,0.340090,0.274474,0.245740,0.314539,0.322759,0.271553,0.387407,0.227565,0.311617,0.267840,0.303944,0.226493,0.275792,0.286022,0.348782,0.376587,0.292166,0.345679,0.278549,0.337434,0.371292,0.134983,0.291981,0.388023,0.228245,0.312915,0.276284,0.285982,0.373986,0.301302,0.287189,0.313835,0.253647,0.260699,0.316403,0.330374,0.253630,0.248423,0.126706,0.294905,0.320299,0.177093,0.255911,0.272901,0.295040,0.282503,0.307645,0.232859,0.333141,0.363919,0.415044,0.324669,0.223706,0.268330,0.344028,0.189366,0.290407,0.236223,0.213484,0.227043,0.181384,0.360446,0.238904,0.189220,0.243252,0.292489,0.284213,0.211801,0.332475,0.330523,0.328705,0.242227,0.266480,0.243871,0.283073,0.303003,0.302613,0.306628,0.352123,0.293746,0.319062,0.348640,0.393413,0.219858,0.358478,0.330763,0.329083,0.376509,0.369377,0.364610,0.256271,0.363590,0.318977,0.312896,0.377398,0.388530,0.269648,0.161890,0.363684,0.323431,0.247561,0.379228,0.352858,0.223807,0.223570,0.263821,0.379118,0.446080,#
15,0.333707,0.282847,0.309187,0.087993,0.310285,0.392828,0.298389,0.222448,0.316969,0.357075,0.294963,0.391046,0.332159,0.333818,0.343303,1.000000,0.381311,0.391541,0.402588,0.314101,0.221416,0.370274,0.261684,0.326810,0.385070,0.269974,0.330776,0.259604,0.203137,0.254281,0.343104,0.360072,0.249117,0.330029,0.341226,0.316957,0.334554,0.363513,0.282356,0.401527,0.469285,0.298153,0.367544,0.341013,0.377522,0.290365,0.288703,0.432333,0.316829,0.292145,0.393229,0.306094,0.388508,0.356472,0.327980,0.310077,0.307608,0.369650,0.264460,0.339159,0.227105,0.286654,0.230248,0.311359,0.188604,0.253946,0.419338,0.333523,0.351015,0.276599,0.182303,0.319744,0.244736,0.233674,0.412084,0.420906,0.335579,0.372902,0.407311,0.229842,0.412253,0.316163,0.272513,0.305772,0.298348,0.389247,0.365341,0.177325,0.350921,0.275552,0.242505,0.210993,0.261857,0.375911,0.283404,0.296848,0.308468,0.258281,0.429323,0.286877,0.393030,0.311528,0.368276,0.299069,0.375898,0.253461,0.274297,0.257337,0.293458,0.465486,0.288859,0.345386,0.297003,0.244660,0.245824,0.438844,0.320344,0.356479,0.279271,0.358212,0.319230,0.253314,0.214083,0.304430,0.223413,0.238056,0.369971,0.328941,0.323619,0.153761,0.187180,0.388769,0.244695,0.275099,0.393264,0.343972,0.332168,0.296498,0.305060,0.159583,0.345941,0.331308,0.485004,0.324333,0.271390,0.363489,0.389584,0.222239,0.276678,0.340589,0.301214,0.354970,0.281943,0.470191,0.204471,0.356591,0.277504,0.319975,0.262112,0.272737,0.313314,0.350139,0.232415,0.366685,0.260830,0.383735,0.194159,0.291560,0.368807,0.403358,0.335487,0.223723,0.383783,0.316946,0.359891,0.164373,0.346146,0.294204,0.242963,0.279521,0.159655,0.390033,0.286694,0.172673,0.336558,0.403473,0.201594,0.276984,0.286596,0.225076,0.227246,0.388982,0.172868,0.357408,0.297724,0.368052,0.315532,0.288327,0.307828,0.412563,#
16,0.412711,0.324974,0.404955,0.281740,0.269728,0.388351,0.338468,0.313745,0.323371,0.334864,0.449911,0.457437,0.345464,0.403714,0.299412,0.381311,1.000000,0.384230,0.385847,0.259876,0.504083,0.375499,0.460878,0.338775,0.371303,0.328645,0.334373,0.224407,0.187516,0.230172,0.306748,0.376998,0.240907,0.352531,0.273823,0.283123,0.329003,0.304875,0.240680,0.363975,0.275233,0.276201,0.393432,0.356424,0.307358,0.305774,0.381163,0.402249,0.359070,0.290599,0.261817,0.356327,0.410694,0.338120,0.315201,0.338728,0.262424,0.362190,0.271822,0.224198,0.256495,0.345948,0.330873,0.436032,0.392775,0.227860,0.347636,0.432989,0.355601,0.366989,0.293573,0.299425,0.304993,0.372196,0.415049,0.443047,0.299205,0.326625,0.466747,0.265667,0.276425,0.354312,0.337922,0.338678,0.325984,0.489474,0.436845,0.302980,0.376805,0.303690,0.311570,0.288512,0.352111,0.302529,0.311469,0.382347,0.316882,0.261167,0.499022,0.317602,0.391390,0.300455,0.247935,0.307432,0.306518,0.333207,0.322814,0.383976,0.373010,0.402837,0.285394,0.375168,0.425511,0.295849,0.375873,0.430307,0.465146,0.347277,0.255251,0.323576,0.299351,0.288456,0.346187,0.281821,0.346587,0.323277,0.382660,0.287857,0.382791,0.383799,0.271492,0.378652,0.328124,0.254880,0.397128,0.300534,0.224242,0.320063,0.318836,0.323039,0.244634,0.338711,0.308977,0.377247,0.369774,0.353122,0.188404,0.242711,0.271244,0.257041,0.316296,0.364304,0.335918,0.309366,0.276434,0.400915,0.316129,0.255741,0.392453,0.287751,0.360487,0.343010,0.402740,0.374654,0.283024,0.318016,0.270720,0.313497,0.389020,0.325629,0.406507,0.203154,0.371695,0.280996,0.365225,0.318897,0.415547,0.337355,0.263560,0.336771,0.343866,0.345849,0.278428,0.229953,0.280863,0.304919,0.426390,0.365364,0.250818,0.268124,0.318378,0.326695,0.246855,0.297980,0.351066,0.373856,0.398281,0.315282,0.287792,0.426711,#
17,0.433151,0.290655,0.334295,0.265216,0.363602,0.398723,0.351224,0.320694,0.263131,0.257370,0.339794,0.399648,0.314745,0.322081,0.284575,0.391541,0.384230,1.000000,0.419990,0.379964,0.262518,0.415107,0.358729,0.475547,0.409430,0.356477,0.268641,0.311542,0.344310,0.296653,0.387213,0.460247,0.455063,0.370283,0.256298,0.301818,0.276099,0.515774,0.253377,0.347403,0.321281,0.255253,0.427359,0.446968,0.260087,0.293988,0.361358,0.384844,0.451561,0.395543,0.403006,0.289716,0.316330,0.381253,0.379212,0.369514,0.275947,0.454804,0.325015,0.321009,0.338601,0.395558,0.315511,0.344972,0.252535,0.327558,0.388830,0.494945,0.406213,0.398827,0.454380,0.379828,0.356830,0.428720,0.407240,0.391642,0.328954,0.434508,0.363998,0.275401,0.440767,0.408399,0.435786,0.433233,0.325333,0.388448,0.375267,0.304987,0.508137,0.415459,0.398194,0.292362,0.347164,0.302952,0.201788,0.341896,0.325641,0.404541,0.370702,0.340967,0.438441,0.325484,0.252202,0.316428,0.354319,0.319337,0.300040,0.538064,0.298178,0.385068,0.306678,0.250115,0.382443,0.296671,0.253127,0.376292,0.401841,0.315534,0.349385,0.369921,0.328268,0.344069,0.238052,0.271655,0.380312,0.349960,0.355902,0.341645,0.290301,0.237071,0.300925,0.406810,0.373371,0.364276,0.388958,0.338890,0.390358,0.220988,0.378663,0.336917,0.415279,0.347312,0.414360,0.340501,0.422558,0.360889,0.303209,0.245103,0.352810,0.222723,0.449999,0.276567,0.322652,0.415727,0.303346,0.288172,0.344485,0.370459,0.441290,0.398822,0.444310,0.414407,0.314265,0.341506,0.380292,0.391045,0.243214,0.314670,0.309190,0.411892,0.439486,0.307964,0.358531,0.360903,0.373243,0.200961,0.378754,0.322371,0.268402,0.364124,0.389345,0.459378,0.268296,0.152522,0.330939,0.422982,0.447056,0.451274,0.388438,0.289584,0.294312,0.440358,0.148131,0.265160,0.442454,0.369355,0.441748,0.235492,0.315877,0.430568,#
18,0.399534,0.516404,0.427619,0.237199,0.423142,0.375913,0.411398,0.363787,0.243942,0.403725,0.461507,0.403744,0.498172,0.383888,0.380312,0.402588,0.385847,0.419990,1.000000,0.441749,0.347725,0.374878,0.246816,0.411769,0.390286,0.428156,0.455117,0.374406,0.414838,0.303585,0.452802,0.432521,0.423396,0.337734,0.341566,0.448913,0.379560,0.408736,0.264184,0.358776,0.427587,0.326306,0.512341,0.341851,0.328103,0.332525,0.358281,0.460315,0.421362,0.309450,0.418855,0.364415,0.438864,0.506719,0.362469,0.297568,0.345466,0.482407,0.312939,0.321674,0.405142,0.359864,0.412906,0.468029,0.306428,0.411179,0.402178,0.430510,0.320213,0.258461,0.325048,0.398497,0.291432,0.409748,0.438928,0.320141,0.396644,0.453700,0.483882,0.433368,0.510257,0.406818,0.442730,0.432120,0.357811,0.385464,0.407202,0.349275,0.458437,0.363400,0.385608,0.349252,0.423756,0.383139,0.340343,0.345256,0.427669,0.336928,0.364151,0.388552,0.405584,0.403712,0.392491,0.433507,0.416690,0.288774,0.386016,0.418160,0.347472,0.481742,0.369105,0.386870,0.304002,0.420990,0.351509,0.356472,0.304018,0.384019,0.406660,0.361461,0.276563,0.434475,0.302714,0.419344,0.397160,0.414849,0.377134,0.393966,0.384332,0.338038,0.418314,0.352272,0.322491,0.252143,0.488912,0.371868,0.331634,0.408003,0.377470,0.348882,0.435119,0.321540,0.328031,0.340617,0.415842,0.381501,0.283989,0.208735,0.329254,0.328789,0.417236,0.391571,0.462675,0.363845,0.319450,0.420096,0.508582,0.429128,0.416797,0.337783,0.459400,0.455932,0.389925,0.380961,0.368382,0.399255,0.426803,0.406287,0.454765,0.460739,0.356468,0.326353,0.315200,0.281057,0.459821,0.265452,0.318492,0.427121,0.421470,0.396311,0.325709,0.443793,0.373573,0.304058,0.547525,0.432235,0.461311,0.540520,0.344247,0.338344,0.407138,0.382048,0.286550,0.384354,0.407508,0.378602,0.443817,0.369578,0.441621,0.511709,#
19,0.329148,0.289626,0.344648,0.263575,0.392131,0.308682,0.436549,0.362409,0.349538,0.400986,0.408918,0.275410,0.351196,0.329819,0.345282,0.314101,0.259876,0.379964,0.441749,1.000000,0.287307,0.340905,0.319984,0.378586,0.335686,0.388147,0.335881,0.337080,0.243571,0.427366,0.311911,0.371722,0.314458,0.339824,0.349660,0.324742,0.187338,0.406157,0.325447,0.358527,0.357491,0.258409,0.364291,0.352998,0.324245,0.359805,0.361031,0.437024,0.364931,0.381752,0.349564,0.300978,0.259778,0.424374,0.350064,0.367289,0.311731,0.412487,0.230969,0.403407,0.354016,0.265743,0.341150,0.283907,0.293212,0.280809,0.272372,0.311452,0.331722,0.292802,0.358337,0.268624,0.403215,0.328485,0.367422,0.272872,0.342780,0.401874,0.359178,0.341727,0.404508,0.346173,0.420750,0.235069,0.348805,0.421065,0.362267,0.268555,0.406564,0.328222,0.333653,0.389748,0.330174,0.329951,0.303295,0.384786,0.367136,0.390931,0.357782,0.259017,0.352993,0.270064,0.327320,0.284340,0.424554,0.320144,0.470345,0.488790,0.316563,0.425914,0.339722,0.294270,0.353060,0.356337,0.309770,0.319312,0.387601,0.464030,0.346542,0.324028,0.344193,0.445987,0.282668,0.355098,0.449509,0.407770,0.351158,0.424704,0.250857,0.238695,0.329350,0.342766,0.380129,0.297682,0.425191,0.287347,0.381945,0.294732,0.306779,0.341790,0.374997,0.265468,0.357658,0.280310,0.422375,0.409890,0.269905,0.412939,0.407704,0.233025,0.250138,0.368894,0.358925,0.470004,0.269697,0.290369,0.384776,0.392801,0.313798,0.231346,0.388881,0.365451,0.418810,0.285128,0.261993,0.305334,0.309902,0.292225,0.311826,0.388706,0.526992,0.330941,0.294112,0.273283,0.413275,0.227638,0.270138,0.406309,0.187574,0.371269,0.330513,0.378029,0.260993,0.353859,0.371773,0.347349,0.366811,0.357242,0.339986,0.251632,0.420186,0.325834,0.332298,0.434089,0.356599,0.349075,0.496452,0.411196,0.481644,0.415305,#
20,0.402756,0.350997,0.358883,0.305364,0.302156,0.362227,0.332053,0.309246,0.257911,0.388732,0.340111,0.383399,0.391795,0.361999,0.262546,0.221416,0.504083,0.262518,0.347725,0.287307,1.000000,0.389831,0.379665,0.303056,0.390830,0.329715,0.408813,0.402989,0.253813,0.261678,0.305793,0.316205,0.267353,0.278173,0.391969,0.335438,0.274192,0.335659,0.181346,0.357132,0.224418,0.413576,0.475063,0.354232,0.284345,0.371966,0.245802,0.477547,0.431215,0.303240,0.340205,0.381594,0.414657,0.346332,0.344021,0.270998,0.365364,0.376937,0.216164,0.350733,0.375870,0.179134,0.405316,0.361780,0.437795,0.148941,0.360634,0.322626,0.281173,0.367729,0.325002,0.275578,0.396450,0.443626,0.436906,0.413131,0.404825,0.340984,0.272292,0.422122,0.222775,0.304617,0.390199,0.318320,0.312588,0.423391,0.369143,0.364323,0.378596,0.333573,0.403813,0.395763,0.409619,0.365530,0.249571,0.360702,0.269512,0.333245,0.374164,0.264218,0.276716,0.342798,0.245936,0.264325,0.316803,0.304353,0.351394,0.385478,0.297499,0.468069,0.377385,0.173628,0.433001,0.312608,0.294929,0.348402,0.421065,0.245373,0.272337,0.295703,0.259674,0.350579,0.312370,0.372299,0.352165,0.405489,0.461371,0.479359,0.306393,0.308510,0.280280,0.329682,0.309471,0.245221,0.369156,0.270495,0.290005,0.363674,0.355183,0.381160,0.294718,0.328138,0.251587,0.328176,0.337149,0.306691,0.265713,0.274286,0.276305,0.293050,0.267132,0.439005,0.306460,0.300017,0.358724,0.312136,0.265016,0.255290,0.262718,0.303342,0.393018,0.444039,0.356549,0.264911,0.387896,0.317557,0.181850,0.337674,0.402855,0.351628,0.430416,0.233263,0.277353,0.356012,0.359172,0.366691,0.258753,0.306473,0.395583,0.388006,0.375310,0.317872,0.319648,0.299659,0.379167,0.323738,0.310679,0.364687,0.367058,0.284448,0.414831,0.289856,0.334287,0.383140,0.354773,0.397056,0.367049,0.278693,0.331997,0.307032,#
21,0.428055,0.422861,0.399123,0.317924,0.404826,0.363716,0.364843,0.315354,0.298070,0.355719,0.359757,0.423593,0.281482,0.354447,0.312305,0.370274,0.375499,0.415107,0.374878,0.340905,0.389831,1.000000,0.305876,0.453571,0.434068,0.347464,0.315548,0.388732,0.260806,0.328786,0.372099,0.332672,0.303525,0.443608,0.384503,0.328132,0.332491,0.453356,0.285710,0.300892,0.382600,0.439058,0.369761,0.366360,0.375323,0.232895,0.438720,0.415833,0.375946,0.353225,0.353356,0.312197,0.440858,0.416356,0.353661,0.319888,0.383909,0.432803,0.333808,0.370507,0.317251,0.296258,0.400067,0.345450,0.412255,0.285663,0.360506,0.366869,0.421168,0.430197,0.448778,0.270294,0.329607,0.327938,0.393613,0.348050,0.351633,0.325673,0.388763,0.317930,0.416178,0.378412,0.322974,0.328768,0.331696,0.390551,0.328018,0.338607,0.410070,0.425487,0.272814,0.316901,0.362500,0.273183,0.318710,0.376625,0.336246,0.373009,0.471901,0.396191,0.444540,0.300921,0.249357,0.378718,0.346673,0.389617,0.288683,0.399794,0.378626,0.418828,0.307541,0.313483,0.461220,0.364778,0.242550,0.388325,0.464586,0.254769,0.406190,0.438893,0.295930,0.358502,0.211635,0.383330,0.318767,0.419141,0.459561,0.399619,0.367057,0.273041,0.371762,0.271218,0.317954,0.363032,0.342809,0.324265,0.367011,0.274609,0.324117,0.299881,0.247912,0.425415,0.409685,0.352035,0.424851,0.363964,0.310163,0.380684,0.317380,0.366534,0.333025,0.383577,0.344888,0.475492,0.329169,0.350194,0.353291,0.351820,0.385712,0.350603,0.480869,0.316001,0.360167,0.434562,0.384475,0.330479,0.214275,0.374855,0.346170,0.389175,0.456295,0.285088,0.416295,0.300937,0.347791,0.264076,0.415668,0.282769,0.394830,0.386878,0.324153,0.406376,0.250204,0.289306,0.390604,0.382833,0.347575,0.449588,0.382686,0.332103,0.398610,0.454842,0.325695,0.301175,0.456111,0.401554,0.370312,0.345755,0.337861,0.451847,#
