0,1.000000,0.188741,0.235483,0.242471,0.265306,0.170969,0.142998,0.134392,0.234389,0.219168,0.260154,0.163643,0.130153,0.058411,0.317473,0.296099,0.287438,0.343177,0.289865,0.358900,0.232854,0.184541,0.242844,0.383573,0.246775,0.192660,0.245027,0.102448,0.231805,0.288465,0.121704,0.239058,0.169101,0.201715,0.151165,0.294798,0.182293,0.161276,0.311496,0.285190,0.211739,0.216009,0.257424,0.193705,0.089074,0.172965,0.169726,0.270278,0.204304,0.321797,0.207496,0.206519,0.166792,0.216879,0.287339,0.248990,0.270571,0.265034,0.192833,0.194606,0.274297,0.182222,0.233657,0.142470,0.171301,0.177705,0.222024,0.232808,0.219148,0.250342,0.226857,0.146547,0.351418,0.225935,0.158253,0.000584,0.298192,0.324221,0.222608,0.077255,0.193638,0.152039,0.161257,0.245991,0.359456,0.166568,0.317524,0.239559,0.362651,0.165920,0.181810,0.091908,0.238899,0.218097,0.285723,0.326772,0.307078,0.110437,0.261059,0.257554,0.265270,0.233450,0.155888,0.262422,0.215202,0.238657,0.345163,0.214052,0.220781,0.068102,0.103375,0.193535,0.175542,0.272904,0.189193,0.218368,0.235999,0.173452,0.144443,0.116936,0.321959,0.235846,0.301908,0.228988,0.284275,0.299822,0.257169,0.100857,0.134039,0.270569,0.283632,0.168104,0.293340,0.170689,0.234448,0.209538,0.287977,0.152578,0.124342,0.297820,0.273445,0.216367,0.152579,0.217402,0.222775,0.198107,0.136307,0.124687,0.298838,0.135010,0.044814,0.176205,0.234420,0.139376,0.192896,0.229334,0.208428,0.208142,0.203737,0.240352,0.255722,0.367194,0.130962,0.084559,0.186982,0.184116,0.224375,0.222967,0.266185,0.199846,0.285765,0.037886,0.297448,0.235966,0.040590,0.292688,0.360982,0.261699,0.190746,0.151056,0.206383,0.316170,0.099523,0.092970,0.159540,0.146486,0.217566,0.376479,0.315048,0.117113,0.213573,0.285660,0.116649,0.167339,0.350617,0.130150,0.105158,0.234591,0.360949,0.294320,#
1,0.188741,1.000000,0.253724,0.296763,0.298607,0.229149,0.312996,0.278288,0.340750,0.244420,0.419020,0.349525,0.199422,0.215151,0.172429,0.145918,0.226764,0.270859,0.171573,0.277980,0.171263,0.250208,0.178645,0.239174,0.298082,0.260682,0.250040,0.328887,0.093109,0.285189,0.295929,0.277611,0.198230,0.275690,0.132397,0.241687,0.135117,0.184256,0.364679,0.214469,0.189050,0.204396,0.349268,0.224466,0.219446,0.270082,0.395111,0.245907,0.188396,0.172697,0.276880,0.231994,0.323629,0.274243,0.235089,0.314519,0.235175,0.185108,0.276803,0.258950,0.214154,0.268918,0.287984,0.213989,0.184166,0.337731,0.199825,0.316799,0.318335,0.267611,0.265562,0.232702,0.391176,0.201835,0.278474,0.172286,0.255693,0.292340,0.394123,0.207520,0.187088,0.377866,0.232586,0.271738,0.320551,0.074592,0.341868,0.281011,0.283815,0.225109,0.225096,0.327455,0.179142,0.272967,0.176356,0.259920,0.207212,0.192307,0.216117,0.166300,0.287316,0.181802,0.230420,0.204051,0.168852,0.246248,0.296845,0.326993,0.219141,0.236882,0.275820,0.255351,0.184637,0.240856,0.298798,0.401178,0.292157,0.168260,0.248050,0.202571,0.129507,0.292266,0.326954,0.312905,0.271359,0.248114,0.197906,0.233725,0.249967,0.254154,0.184157,0.265786,0.232501,0.281332,0.413635,0.312951,0.262924,0.289923,0.188119,0.312130,0.285555,0.169669,0.172713,0.263147,0.357987,0.160832,0.192725,0.140855,0.293955,0.192590,0.243233,0.225473,0.160329,0.058065,0.314766,0.297886,0.211793,0.243431,0.103387,0.069932,0.103082,0.337936,0.277819,0.294700,0.300074,0.208678,0.207033,0.135190,0.243997,0.374304,0.284921,0.262562,0.217965,0.171570,0.248876,0.273903,0.180020,0.303674,0.261477,0.163981,0.223436,0.205417,0.303519,0.153094,0.307636,0.205643,0.165565,0.103141,0.287714,0.336765,0.336553,0.301398,0.112313,0.219161,0.268952,0.257548,0.052227,0.306771,0.164040,0.284373,#
2,0.235483,0.253724,1.000000,0.333954,0.297561,0.193051,0.266675,0.292133,0.153957,0.243894,0.299385,0.408141,0.164331,0.303603,0.155097,0.277050,0.200798,0.207191,0.209374,0.281375,0.352351,0.345213,0.176602,0.233968,0.312947,0.365221,0.329201,0.171433,0.114558,0.309281,0.198729,0.155980,0.156197,0.196543,0.130047,0.258200,0.245994,0.153585,0.257588,0.154435,0.310723,0.269642,0.326270,0.121016,0.144657,0.299292,0.236738,0.242523,0.111925,0.230505,0.285241,0.365618,0.267566,0.207975,0.123089,0.246016,0.199980,0.203140,0.253287,0.280436,0.221468,0.192170,0.220540,0.217416,0.337464,0.291545,0.220712,0.156032,0.294386,0.312479,0.233045,0.217546,0.202796,0.200926,0.317244,0.198757,0.233564,0.282949,0.246095,0.165756,0.313204,0.131779,0.173190,0.139409,0.332038,0.160928,0.376574,0.281208,0.237439,0.191049,0.152640,0.296472,0.288639,0.271658,0.236060,0.245811,0.264369,0.182675,0.289987,0.178485,0.301889,0.240171,0.168666,0.256876,0.185989,0.300196,0.327254,0.317004,0.223623,0.275015,0.268268,0.268951,0.320550,0.245809,0.214061,0.357047,0.218802,0.232424,0.031310,0.123411,0.248105,0.268458,0.207758,0.229429,0.267925,0.163621,0.317757,0.233248,0.218141,0.255950,0.172452,0.295367,0.278764,0.181541,0.342451,0.288576,0.247510,0.244919,0.096331,0.118838,0.194370,0.200838,0.225781,0.189180,0.407548,0.195892,0.076933,0.176251,0.273051,0.135003,0.199574,0.316092,0.298795,0.242725,0.176741,0.169080,0.160580,0.108084,0.199539,0.182977,0.184106,0.335217,0.289419,0.288758,0.264001,0.215141,0.213967,0.171691,0.114674,0.178798,0.177414,0.350000,0.179366,0.145276,0.211279,0.219156,0.318602,0.253825,0.093982,0.208035,0.309993,0.233933,0.122188,0.304479,0.084056,0.235553,0.139186,0.109699,0.318907,0.164816,0.190392,0.282915,0.341970,0.167600,0.268898,0.095156,0.049028,0.288023,0.311517,0.305595,#
3,0.242471,0.296763,0.333954,1.000000,0.344156,0.234962,0.366549,0.334760,0.350445,0.261937,0.309994,0.391880,0.205001,0.283362,0.298017,0.280209,0.302792,0.381331,0.323768,0.322608,0.345891,0.302226,0.300512,0.442208,0.351887,0.340878,0.332040,0.255607,0.310121,0.349181,0.359019,0.368729,0.410127,0.355367,0.116978,0.359758,0.338039,0.414521,0.453376,0.255366,0.316369,0.426489,0.308594,0.403973,0.219994,0.342009,0.277609,0.340241,0.111224,0.342583,0.359009,0.305120,0.336037,0.229890,0.235000,0.407928,0.309638,0.294107,0.281519,0.361756,0.280251,0.206677,0.294873,0.235443,0.427849,0.299639,0.270740,0.256437,0.180435,0.386983,0.318515,0.222142,0.395450,0.229931,0.336592,0.300868,0.349910,0.329639,0.355254,0.210545,0.380899,0.350126,0.327586,0.243429,0.384674,0.237104,0.368961,0.204909,0.374573,0.360788,0.350495,0.312273,0.321532,0.372354,0.270868,0.353551,0.360664,0.210329,0.344006,0.221277,0.389220,0.211754,0.304864,0.272595,0.398463,0.310074,0.388651,0.343091,0.196684,0.236711,0.318561,0.212264,0.315212,0.310325,0.250618,0.284975,0.306901,0.255174,0.227602,0.200052,0.336563,0.339655,0.295741,0.402810,0.279005,0.255865,0.370094,0.332205,0.197839,0.319245,0.316024,0.385534,0.376945,0.309366,0.336922,0.384696,0.174972,0.270084,0.313123,0.266376,0.304084,0.372456,0.263273,0.272152,0.343691,0.252596,0.341809,0.389657,0.230957,0.306415,0.227847,0.240962,0.212251,0.269775,0.294638,0.251891,0.233523,0.289600,0.311175,0.299877,0.282467,0.363489,0.367806,0.361674,0.314586,0.280837,0.318876,0.285827,0.232793,0.293001,0.341531,0.208369,0.238011,0.161133,0.230150,0.359600,0.314742,0.346833,0.143879,0.277099,0.276147,0.386045,0.346702,0.231645,0.146691,0.206760,0.213942,0.261522,0.192975,0.266162,0.261483,0.372447,0.377008,0.276418,0.293225,0.300692,0.287027,0.364268,0.282532,0.241394,#
4,0.265306,0.298607,0.297561,0.344156,1.000000,0.282016,0.221659,0.259761,0.334143,0.214366,0.201393,0.277927,0.261937,0.258223,0.253973,0.266188,0.211410,0.286274,0.253143,0.426171,0.389610,0.215393,0.257393,0.351942,0.255807,0.391571,0.191804,0.175754,0.292259,0.191037,0.190424,0.262184,0.272396,0.276008,0.139163,0.311335,0.377763,0.237597,0.302854,0.244570,0.302128,0.367265,0.253846,0.203024,0.389679,0.282815,0.421495,0.273792,0.187919,0.275217,0.203917,0.244934,0.223095,0.331681,0.339352,0.409535,0.267317,0.258671,0.337188,0.274800,0.362072,0.317131,0.166564,0.128890,0.229825,0.200301,0.253806,0.247573,0.230452,0.269361,0.306739,0.289218,0.352797,0.226813,0.245365,0.067606,0.246205,0.342404,0.325046,0.142451,0.330801,0.314286,0.168640,0.158618,0.447635,0.199697,0.323404,0.293092,0.335641,0.322562,0.295808,0.193446,0.245311,0.288220,0.242748,0.334966,0.268494,0.264713,0.241244,0.211344,0.280123,0.161056,0.316122,0.301578,0.246474,0.280665,0.180438,0.322936,0.194660,0.295672,0.355000,0.255851,0.325264,0.425094,0.240475,0.193322,0.288926,0.106153,0.157946,0.049323,0.217163,0.295315,0.290957,0.236819,0.378845,0.163119,0.341429,0.223526,0.264721,0.260476,0.296272,0.191188,0.335837,0.266820,0.356039,0.348420,0.206164,0.103862,0.246693,0.216034,0.357481,0.125859,0.257363,0.244365,0.369126,0.364002,0.194638,0.249586,0.263313,0.230339,0.248033,0.220400,0.298463,0.379241,0.303070,0.191238,0.358216,0.253877,0.159174,0.233827,0.265616,0.275731,0.180552,0.253128,0.119007,0.301238,0.188069,0.194265,0.170640,0.242865,0.172144,0.189905,0.348245,0.216946,0.305692,0.298765,0.335428,0.337128,0.159528,0.198062,0.196317,0.149094,0.324120,0.242167,0.142815,0.212688,0.061166,0.314957,0.296569,0.325514,0.145387,0.282846,0.192127,0.198046,0.232069,0.332060,0.202260,0.371983,0.297183,0.352252,#
5,0.170969,0.229149,0.193051,0.234962,0.282016,1.000000,0.151634,0.252498,0.237758,0.304850,0.238743,0.201658,0.275661,0.156905,0.235482,0.190152,0.251578,0.268110,0.106598,0.223497,0.266052,0.125972,0.253564,0.302025,0.284408,0.214702,0.261772,0.246434,0.260188,0.260242,0.238070,0.297916,0.345820,0.236177,0.043296,0.207112,0.270996,0.076262,0.241411,0.229744,0.263537,0.291745,0.162261,0.360112,0.143087,0.235539,0.230001,0.106951,0.209237,0.225518,0.268069,0.259556,0.189994,0.115965,0.164869,0.296606,0.104218,0.190620,0.390014,0.191217,0.165596,0.244234,0.206619,0.116231,0.298081,0.256347,0.231433,0.191409,0.232987,0.126779,0.229849,0.203162,0.296396,0.246936,0.219832,0.183649,0.262622,0.282311,0.279162,0.257165,0.190604,0.250208,0.315668,0.090526,0.175622,0.167360,0.216676,0.213446,0.292771,0.109117,0.102200,0.286243,0.272317,0.329077,0.179986,0.243708,0.139977,0.189747,0.303655,0.127988,0.197068,0.240453,0.134656,0.225216,0.152583,0.240899,0.212461,0.316066,0.211571,0.184862,0.294041,0.261327,0.212141,0.184477,0.241036,0.196473,0.260319,0.258779,0.099957,0.126257,0.086171,0.276393,0.146421,0.263331,0.140383,0.096347,0.172777,0.046127,0.262208,0.299274,0.277542,0.288043,0.319606,0.218704,0.393313,0.316448,0.160620,0.176116,0.164542,0.045555,0.236325,0.222629,0.178252,0.258637,0.310959,0.164238,0.138417,0.148264,0.131607,0.192802,0.205719,0.103282,0.239535,0.243436,0.188994,0.229260,0.279053,0.129262,0.279252,0.057608,0.238002,0.240202,0.253866,0.174089,0.204889,0.111329,0.104155,0.249580,0.264973,0.304501,0.311376,0.261091,0.256963,0.153859,0.094769,0.238770,0.307499,0.299445,0.243594,0.128226,0.270780,0.199705,0.368086,0.177210,0.179591,0.272714,0.198800,0.171857,0.193216,0.203702,0.221102,0.195505,0.185493,0.158702,0.299366,0.130516,0.043315,0.321913,0.175068,0.302820,#
6,0.142998,0.312996,0.266675,0.366549,0.221659,0.151634,1.000000,0.193137,0.262985,0.097276,0.192539,0.254867,0.097506,0.274614,0.131300,0.209026,0.216642,0.250221,0.217346,0.228964,0.231522,0.210446,0.068825,0.124508,0.158388,0.219201,0.155592,0.133179,0.175998,0.243968,0.124356,0.201157,0.145314,0.168682,-0.003390,0.167830,0.113604,0.190885,0.227282,0.258945,0.178338,0.142862,0.175411,0.172075,0.186056,0.197768,0.251774,0.227785,0.164060,0.236013,0.111937,0.210378,0.209782,0.237121,0.073435,0.188517,0.135297,0.223030,0.280527,0.295419,0.262153,0.151421,0.131867,0.143099,0.217078,0.389116,0.225490,0.242448,0.218667,0.214867,0.197412,0.197308,0.233895,0.151857,0.273648,0.159121,0.187385,0.227480,0.324474,0.099295,0.228388,0.202089,0.283754,0.085177,0.284870,0.175053,0.186117,0.211630,0.194405,0.186359,0.220038,0.124634,0.158709,0.193498,0.177158,0.207796,0.213116,0.157377,0.241268,0.279467,0.223120,0.252839,0.208128,0.115106,-0.029845,0.266125,0.198804,0.204619,0.151925,0.196905,0.247734,0.250492,0.161705,0.059119,0.160249,0.214371,0.323483,0.104513,0.166674,0.098240,0.193320,0.247120,0.135622,0.174364,0.206256,0.156516,0.116253,0.224153,0.098829,0.263521,0.171220,0.147859,0.258286,0.091806,0.294259,0.241296,0.146337,0.177161,0.176574,0.204732,0.158219,0.095194,0.100503,0.229457,0.160334,0.220131,0.169685,0.110336,0.214870,-0.013510,0.302117,0.071472,0.224124,0.093705,0.295020,0.138929,0.076052,0.280108,0.178875,0.081483,0.051100,0.328200,0.246190,0.229310,0.260229,0.202593,0.162337,0.177586,0.162096,0.188828,0.080388,0.134424,0.188492,0.105694,0.223986,0.233449,0.125182,0.255340,0.236421,0.058292,0.087270,0.177292,0.238365,0.286291,0.246689,0.201494,0.099513,0.209218,0.205758,0.289742,0.166532,0.218298,0.196021,0.273357,0.098119,0.104866,0.139371,0.269084,0.151823,0.308731,#
7,0.134392,0.278288,0.292133,0.334760,0.259761,0.252498,0.193137,1.000000,0.333658,0.293371,0.327427,0.439181,0.164320,0.275835,0.319395,0.266235,0.265221,0.366985,0.182487,0.307100,0.284914,0.260752,0.302417,0.245993,0.380565,0.253079,0.320363,0.353990,0.238839,0.223445,0.254010,0.294350,0.316455,0.258009,0.121727,0.320849,0.165751,0.159394,0.345821,0.288752,0.236168,0.284324,0.269412,0.301679,0.283179,0.330898,0.303555,0.289211,0.232684,0.305567,0.368657,0.289079,0.213702,0.320443,0.202651,0.288110,0.270874,0.332063,0.284632,0.322327,0.300087,0.203246,0.281582,0.205753,0.373975,0.293130,0.257099,0.222895,0.257765,0.449677,0.245653,0.139991,0.444174,0.234673,0.284014,0.239594,0.224075,0.349328,0.370750,0.398245,0.311467,0.260448,0.310774,0.251565,0.352788,0.254706,0.332921,0.131112,0.321420,0.319848,0.194936,0.228512,0.302989,0.319055,0.199726,0.229147,0.183111,0.256955,0.236813,0.147902,0.299225,0.211211,0.269613,0.265521,0.162145,0.404701,0.355590,0.216419,0.259504,0.283865,0.218960,0.201716,0.208281,0.253365,0.443386,0.343284,0.161360,0.172630,0.198746,0.303316,0.273233,0.374304,0.200285,0.355507,0.314565,0.212697,0.340910,0.325783,0.209610,0.194351,0.178081,0.238234,0.363890,0.260116,0.456335,0.350933,0.096664,0.409538,0.266304,0.258418,0.358686,0.211285,0.158854,0.234453,0.351510,0.225513,0.285544,0.237519,0.237318,0.248213,0.270555,0.355303,0.174915,0.230178,0.121647,0.346881,0.306196,0.309904,0.239560,0.304819,0.204715,0.312806,0.276255,0.261814,0.168467,0.274203,0.349929,0.178214,0.251364,0.286874,0.244971,0.229881,0.318328,0.206621,0.274571,0.241092,0.213077,0.253516,0.089336,0.344271,0.310188,0.282692,0.235240,0.253672,0.053905,0.287878,0.122592,0.129066,0.239410,0.349891,0.267932,0.236031,0.284548,0.212851,0.223015,0.255192,0.097081,0.302985,0.323436,0.301990,#
8,0.234389,0.340750,0.153957,0.350445,0.334143,0.237758,0.262985,0.333658,1.000000,0.236325,0.304002,0.268928,0.206684,0.256038,0.342367,0.281153,0.131811,0.221124,0.189712,0.300171,0.238366,0.257715,0.197777,0.302577,0.193596,0.264358,0.196884,0.290743,0.142808,0.319658,0.163594,0.250661,0.194959,0.254710,0.158052,0.324891,0.305681,0.159479,0.264806,0.280476,0.193962,0.291140,0.145344,0.217574,0.345627,0.227458,0.231280,0.204434,0.167320,0.236704,0.207558,0.370000,0.125841,0.394382,0.233260,0.382462,0.216639,0.291289,0.222169,0.322435,0.333389,0.131536,0.358050,0.061961,0.320049,0.342738,0.275755,0.218057,0.361033,0.282677,0.218358,0.193046,0.383301,0.194793,0.243994,0.167108,0.227505,0.249646,0.286528,0.170613,0.283649,0.334977,0.257170,0.088339,0.355322,0.173943,0.234904,0.230775,0.267482,0.304511,0.197058,0.236229,0.251563,0.233392,0.366605,0.371229,0.296303,0.200687,0.216322,0.133760,0.292633,0.129731,0.242526,0.237992,0.306266,0.235360,0.322403,0.203968,0.140329,0.250226,0.125409,0.201600,0.072277,0.240701,0.317171,0.382329,0.241354,0.146494,0.122804,0.257570,0.312499,0.261563,0.232290,0.262489,0.294873,0.322940,0.249292,0.376366,0.151394,0.289145,0.231431,0.120395,0.351339,0.227655,0.408185,0.335809,0.174923,0.256366,0.285490,0.202746,0.295858,0.247567,0.307011,0.199784,0.221586,0.249635,0.259345,0.296073,0.243882,0.212012,0.318515,0.127034,0.203364,0.306650,0.386818,0.356830,0.221007,0.304130,0.201665,0.297603,0.122742,0.275367,0.161194,0.259986,0.260907,0.252695,0.291827,0.124552,0.253997,0.234270,0.276424,0.151530,0.208925,0.186684,0.229130,0.268463,0.159127,0.346608,0.242632,0.233283,0.252645,0.217916,0.127133,0.313356,0.227405,0.233070,0.064752,0.083386,0.260183,0.267986,0.242935,0.217767,0.210654,0.182400,0.314102,0.178137,0.153064,0.164368,0.249004,0.198687,#
9,0.219168,0.244420,0.243894,0.261937,0.214366,0.304850,0.097276,0.293371,0.236325,1.000000,0.362170,0.216322,0.161559,0.162457,0.262317,0.293506,0.158593,0.168706,0.131168,0.322154,0.220889,0.151615,0.232728,0.245788,0.187921,0.162047,0.292127,0.247101,0.221893,0.210206,0.356110,0.274236,0.157902,0.262652,0.261292,0.242204,0.094069,0.234244,0.257073,0.134016,0.331380,0.246870,0.192097,0.052116,0.149960,0.310676,0.195510,0.185070,0.099119,0.163644,0.238945,0.320417,0.183755,0.197411,0.180073,0.315295,0.251390,0.258625,0.240979,0.147398,0.241922,0.225969,0.326963,0.194382,0.320474,0.294742,0.138123,0.158144,0.212412,0.099467,0.334386,0.262313,0.291046,0.187813,0.228811,0.228532,0.204164,0.210202,0.360710,0.307998,0.175688,0.328290,0.106890,0.104546,0.335848,0.191126,0.320372,0.236303,0.123480,0.029019,0.084272,0.315377,0.230812,0.142820,0.234092,0.213897,0.321861,0.267993,0.217983,0.013654,0.207569,0.220128,0.394857,0.165349,0.303133,0.212032,0.218698,0.157159,0.245803,0.120154,0.206640,0.235872,0.248585,0.350290,0.161040,0.296131,0.195354,0.220945,0.293458,0.046648,0.248545,0.362498,0.176484,0.313309,0.168800,0.206041,0.051396,0.268993,0.214020,0.270524,0.189120,0.214068,0.201146,0.249123,0.281915,0.224993,0.215462,0.307972,0.148420,0.050099,0.157025,0.294114,0.190787,0.211753,0.238924,0.098719,0.209849,0.232421,0.135575,0.306069,0.180297,0.068792,0.352864,0.260644,0.218935,0.282154,0.300996,0.272543,0.322672,0.123257,0.225424,0.194480,0.156617,0.356579,0.222789,0.132779,0.207826,0.198512,0.374796,0.200979,0.210005,0.235050,0.228584,0.199084,0.159105,0.312273,0.271849,0.172336,0.114652,0.207670,0.132063,0.161065,0.317159,0.200870,0.118077,0.214561,0.125231,0.178011,0.364464,0.262435,0.203117,0.207568,0.148377,0.208488,0.217563,0.220526,0.140493,0.190355,0.208543,0.220602,#
10,0.260154,0.419020,0.299385,0.309994,0.201393,0.238743,0.192539,0.327427,0.304002,0.362170,1.000000,0.207543,0.065641,0.218824,0.271170,0.186457,0.223866,0.266337,0.279809,0.306183,0.187651,0.148176,0.053400,0.235674,0.265671,0.168345,0.240431,0.304971,0.107131,0.265113,0.232348,0.277494,0.247020,0.179280,0.153431,0.289195,0.114324,0.215983,0.341306,0.175093,0.255844,0.186786,0.222852,0.102640,0.084078,0.188165,0.265233,0.236006,0.251561,0.299008,0.177771,0.311844,0.194324,0.241082,0.179681,0.304020,0.122267,0.187731,0.254884,0.269403,0.141582,0.256043,0.239831,0.290530,0.308557,0.330268,0.300470,0.175826,0.212381,0.196796,0.168831,0.245180,0.332418,0.189284,0.196287,0.217473,0.236182,0.179469,0.266881,0.162703,0.224685,0.273616,0.264875,0.195164,0.324825,0.082327,0.311382,0.227841,0.230990,0.236477,0.105577,0.196146,0.267139,0.206352,0.249508,0.333751,0.220358,0.081489,0.322116,0.155269,0.191469,0.148739,0.229270,0.184001,0.297377,0.107164,0.288093,0.295862,0.177432,0.183731,0.143414,0.244118,0.168845,0.219191,0.357049,0.409017,0.190547,0.120838,0.192118,0.091912,0.166714,0.298297,0.164690,0.238690,0.199782,0.132804,0.204727,0.270803,0.202835,0.287373,0.286004,0.189639,0.265565,0.160007,0.289142,0.293400,0.149480,0.419184,0.116660,0.203889,0.331342,0.198829,0.199635,0.201553,0.255303,0.132381,0.025914,0.089457,0.184298,0.223962,0.168820,0.241872,0.315391,0.151363,0.248565,0.245764,0.309192,0.073695,0.243697,0.181391,0.233870,0.247901,0.347169,0.272247,0.236597,0.187656,0.332977,0.177334,0.253527,0.279072,0.290541,0.176733,0.132171,0.227471,0.201141,0.131301,0.225168,0.300232,0.160536,0.251387,0.226119,0.171755,0.318475,0.139063,0.212013,0.180684,0.104019,0.057051,0.249459,0.210587,0.307090,0.220460,0.196753,0.150420,0.310257,0.141754,0.043726,0.295896,0.286469,0.410907,#
11,0.163643,0.349525,0.408141,0.391880,0.277927,0.201658,0.254867,0.439181,0.268928,0.216322,0.207543,1.000000,0.184396,0.239975,0.129005,0.192947,0.232934,0.316036,0.226993,0.112231,0.255166,0.320430,0.141234,0.264072,0.382684,0.379166,0.139775,0.353575,0.039766,0.350260,0.306120,0.319113,0.239745,0.305731,0.158537,0.288002,0.274919,0.206305,0.274668,0.258077,0.238144,0.314026,0.358526,0.324676,0.143134,0.375981,0.276064,0.221307,0.186166,0.157807,0.329761,0.306676,0.254511,0.400424,0.096173,0.257781,0.242482,0.303993,0.308127,0.212739,0.223966,0.202230,0.314535,0.204183,0.329391,0.376548,0.293392,0.335934,0.282905,0.346181,0.211607,0.174946,0.367596,0.191523,0.235206,0.184997,0.243956,0.260995,0.309786,0.246216,0.313383,0.251053,0.303618,0.203168,0.395023,0.105071,0.337865,0.317572,0.290499,0.174627,0.242962,0.323448,0.376287,0.474493,0.211026,0.291181,0.155636,0.210835,0.311530,0.298833,0.296162,0.222937,0.238645,0.223036,0.173980,0.401942,0.328865,0.310697,0.308680,0.238759,0.323064,0.247416,0.289179,0.295148,0.098992,0.441166,0.257592,0.202344,0.102452,0.242961,0.217261,0.344768,0.345114,0.295028,0.307846,0.185676,0.269074,0.325486,0.284806,0.254489,0.187256,0.380116,0.321524,0.285180,0.276570,0.249969,0.023091,0.366397,0.106627,0.306482,0.248493,0.192398,0.151494,0.305549,0.322594,0.190577,0.276043,0.166189,0.210274,0.183088,0.183909,0.372457,0.221116,0.227383,0.270118,0.220704,0.233875,0.148528,0.256867,0.215276,0.227947,0.379640,0.156940,0.242163,0.243970,0.200961,0.376225,0.243585,0.319478,0.319632,0.297893,0.158327,0.206202,0.077110,0.258782,0.322704,0.322995,0.248838,0.117959,0.201770,0.324018,0.223403,0.266644,0.147207,0.090426,0.276395,0.124567,0.163946,0.218532,0.347733,0.212746,0.196172,0.371001,0.177702,0.376198,0.201179,0.204813,0.275620,0.217779,0.305115,#
12,0.130153,0.199422,0.164331,0.205001,0.261937,0.275661,0.097506,0.164320,0.206684,0.161559,0.065641,0.184396,1.000000,0.127696,0.276820,0.160964,0.300598,0.197937,0.239537,0.343995,0.250022,0.138945,0.218687,0.264253,0.150391,0.182335,0.253868,0.228639,0.204972,0.265966,0.083902,0.261121,0.286013,0.184668,0.152094,0.268413,0.242094,0.060979,0.193152,0.229743,0.293991,0.154319,0.268060,0.283068,0.282809,0.320342,0.261795,0.037875,0.187679,0.132637,0.326181,0.155330,0.140263,0.276474,0.129271,0.228950,0.111403,0.188055,0.223081,0.064828,0.209390,0.271130,0.122506,0.211254,0.355271,0.170449,0.134746,0.161141,0.238192,0.094225,0.137474,0.208699,0.245102,0.093371,0.285005,0.241231,0.242883,0.144853,0.173995,0.114271,0.210109,0.167079,0.133777,0.154935,0.246558,0.230405,0.185752,0.268952,0.286408,0.154253,0.118115,0.208764,0.166727,0.288646,0.201718,0.167260,0.397883,0.250924,0.136856,0.092671,0.189522,0.228868,0.238183,0.220372,0.280726,0.186476,0.220201,0.144964,0.098473,0.181381,0.300208,0.108238,0.181132,0.221954,0.182783,0.142127,0.246007,0.110603,0.180023,0.082677,0.251513,0.287308,0.293344,0.294278,0.187176,0.092781,0.237371,0.118472,0.095627,0.099989,0.202576,0.185346,0.182566,0.145140,0.223119,0.126785,0.189200,0.185167,0.218250,0.179057,0.222850,0.141970,0.151528,0.181015,0.126401,0.230852,0.148176,0.150509,0.181991,0.171600,0.167079,0.319420,0.123020,0.132554,0.139181,0.230618,0.162448,0.030742,0.124396,0.158553,0.116885,0.357812,0.183500,0.256405,0.227497,0.107593,0.260707,0.099565,0.148837,0.180470,0.191923,0.223105,0.190541,0.138601,0.221087,0.146551,0.203502,0.255641,0.103199,0.185691,0.205273,0.216873,0.258515,0.154408,0.157649,0.190023,0.146558,0.249041,0.129156,0.057111,0.234024,0.194265,0.198734,0.183581,0.107765,0.157054,0.119470,0.235858,0.245706,0.096967,#
13,0.058411,0.215151,0.303603,0.283362,0.258223,0.156905,0.274614,0.275835,0.256038,0.162457,0.218824,0.239975,0.127696,1.000000,0.312850,0.185359,0.258225,0.163692,0.216961,0.320701,0.272309,0.232321,0.103607,0.216442,0.228909,0.318254,0.331405,0.283611,0.200621,0.220642,0.250022,0.260409,0.276331,0.226453,0.158277,0.228077,0.149429,0.253920,0.088908,0.217239,0.171305,0.303996,0.266165,0.227846,0.236360,0.259872,0.288705,0.238709,0.200083,0.184333,0.210159,0.276683,0.241805,0.332540,0.156871,0.378333,0.171216,0.267620,0.248448,0.305566,0.297910,0.175937,0.352729,0.133875,0.252515,0.234884,0.419159,0.229722,0.396364,0.268409,0.116535,0.143310,0.269662,0.131760,0.321771,0.230631,0.304022,0.340153,0.340932,0.221069,0.295456,0.342080,0.202447,0.356588,0.343005,0.167822,0.348161,0.245447,0.291201,0.280749,0.205482,0.235849,0.329304,0.366701,0.183618,0.271696,0.225767,0.202907,0.276286,0.261003,0.294226,0.262449,0.295619,0.339319,0.223607,0.345179,0.293399,0.246735,0.336291,0.235373,0.178838,0.215151,0.360313,0.252765,0.341039,0.303501,0.277248,0.261668,0.138589,0.196816,0.354558,0.335840,0.244022,0.320852,0.279602,0.126764,0.186998,0.127306,0.296938,0.288633,0.177703,0.238826,0.207902,0.193664,0.379965,0.327156,0.240168,0.249607,0.338083,0.217557,0.104266,0.185769,0.384984,0.276976,0.325052,0.388272,0.237366,0.302488,0.114524,0.264556,0.201244,0.252914,0.197992,0.317816,0.310306,0.304412,0.133397,0.320429,0.231915,0.290085,0.172270,0.361069,0.172856,0.391260,0.271023,0.209950,0.172680,0.131799,0.235201,0.253593,0.256356,0.336829,0.214937,0.171209,0.238444,0.239996,0.145012,0.240487,0.273985,0.051990,0.223347,0.281422,0.236620,0.297947,0.180005,0.272128,0.241987,0.175173,0.145100,0.244456,0.189452,0.287947,0.246128,0.201349,0.177368,0.289111,0.194729,0.243446,0.340483,0.240623,#
14,0.317473,0.172429,0.155097,0.298017,0.253973,0.235482,0.131300,0.319395,0.342367,0.262317,0.271170,0.129005,0.276820,0.312850,1.000000,0.348097,0.227111,0.273574,0.313703,0.413540,0.277666,0.158738,0.305396,0.377237,0.286051,0.158247,0.307518,0.251572,0.296866,0.290009,0.163494,0.290267,0.201667,0.184124,0.237890,0.268078,0.246586,0.276940,0.266474,0.335144,0.257018,0.197860,0.270305,0.156099,0.298240,0.374634,0.256836,0.183344,0.146062,0.249072,0.350880,0.205755,0.250532,0.310937,0.378562,0.325160,0.303128,0.240286,0.259379,0.219935,0.330039,0.267122,0.220727,0.199373,0.305312,0.163640,0.298656,0.251318,0.212900,0.302010,0.223299,0.221379,0.239571,0.281228,0.253301,0.160415,0.298686,0.292106,0.206380,0.231873,0.294220,0.291539,0.258891,0.295239,0.366950,0.236093,0.136389,0.160071,0.264270,0.243638,0.203670,0.213465,0.361448,0.301702,0.305209,0.183700,0.313849,0.216083,0.234279,0.147188,0.276664,0.295547,0.228227,0.277012,0.313430,0.254682,0.336707,0.339326,0.124404,0.225756,0.102257,0.073729,0.220716,0.242342,0.275113,0.304080,0.172934,0.198721,0.227148,0.220107,0.421121,0.366467,0.141846,0.234381,0.255841,0.142911,0.238668,0.250970,0.115008,0.357830,0.139814,0.221116,0.307509,0.110150,0.244570,0.250975,0.141687,0.216719,0.174033,0.126123,0.297258,0.311476,0.324029,0.196405,0.156908,0.342488,0.162695,0.197153,0.105801,0.148698,0.252632,0.180485,0.125603,0.273980,0.229631,0.239580,0.304244,0.201067,0.169828,0.162623,0.180624,0.315772,0.223497,0.170593,0.269900,0.125296,0.269256,0.183679,0.148066,0.309334,0.326404,0.301365,0.276297,0.194207,0.177818,0.177441,0.355616,0.358968,0.308564,0.233627,0.241627,0.314828,0.198103,0.268767,0.193329,0.200338,0.138339,0.078237,0.146331,0.286404,0.153367,0.270996,0.229627,0.320484,0.243172,0.081027,0.064610,0.256740,0.322817,0.224454,#
15,0.296099,0.145918,0.277050,0.280209,0.266188,0.190152,0.209026,0.266235,0.281153,0.293506,0.186457,0.192947,0.160964,0.185359,0.348097,1.000000,0.326720,0.338863,0.284795,0.304049,0.193735,0.154331,0.253943,0.346925,0.246218,0.326653,0.294183,0.230794,0.252880,0.268013,0.164194,0.323424,0.204085,0.326097,0.177189,0.242250,0.223206,0.155749,0.295353,0.194118,0.333964,0.254378,0.248666,0.224593,0.304048,0.218332,0.098761,0.201598,0.119274,0.271423,0.125653,0.384847,0.268570,0.247843,0.249981,0.248974,0.149113,0.260729,0.312206,0.308612,0.258375,0.102833,0.312783,0.124193,0.225954,0.323645,0.283475,0.316326,0.205303,0.156373,0.254361,0.266992,0.263554,0.191093,0.258536,0.216943,0.150004,0.350476,0.240365,0.235400,0.336496,0.193253,0.110468,0.271560,0.327164,0.186847,0.268142,0.284005,0.289491,0.243205,0.185470,0.171906,0.270848,0.281472,0.233138,0.248716,0.317792,0.163629,0.285527,0.136940,0.310791,0.178817,0.266250,0.250765,0.131457,0.237917,0.266492,0.212150,0.208501,0.255604,0.128464,0.327148,0.168231,0.172820,0.291327,0.369752,0.190078,0.109800,0.172086,0.085844,0.336549,0.365471,0.254325,0.304514,0.280570,0.160379,0.254796,0.285404,0.158914,0.280991,0.097104,0.296216,0.284945,0.280023,0.325860,0.324512,0.131420,0.107685,0.186169,0.055428,0.141892,0.271034,0.249706,0.201194,0.312820,0.197582,0.181784,0.208565,0.301189,0.189127,0.195901,0.085026,0.195778,0.319037,0.120524,0.347780,0.220050,0.292432,0.197176,0.204834,0.164493,0.239675,0.281380,0.229931,0.203277,0.266561,0.319883,0.217028,0.300830,0.196635,0.126387,0.215907,0.183834,0.103322,0.256524,0.158027,0.337548,0.290657,0.057838,0.251671,0.248455,0.220520,0.166454,0.362031,0.139365,0.236598,0.041777,0.236606,0.153653,0.188881,0.042562,0.257677,0.234371,0.249157,0.137296,0.215245,0.133526,0.239601,0.216903,0.124311,#
16,0.287438,0.226764,0.200798,0.302792,0.211410,0.251578,0.216642,0.265221,0.131811,0.158593,0.223866,0.232934,0.300598,0.258225,0.227111,0.326720,1.000000,0.282009,0.178053,0.359038,0.352760,0.201974,0.271827,0.284487,0.195271,0.338744,0.302121,0.093972,0.169555,0.308070,0.179720,0.365797,0.118774,0.348037,0.118569,0.286830,0.231291,0.168850,0.257829,0.247192,0.171701,0.268562,0.245348,0.222685,0.242048,0.350200,0.199082,0.209671,0.226435,0.174711,0.180809,0.309139,0.330975,0.240364,0.212604,0.227776,0.105336,0.212968,0.277696,0.118559,0.140204,0.382811,0.302372,0.241392,0.301536,0.239733,0.212040,0.401938,0.174612,0.317583,0.129562,0.290237,0.411632,0.101962,0.255854,0.336877,0.182373,0.376542,0.316750,0.202590,0.186204,0.202531,0.140921,0.259376,0.283890,0.251819,0.358750,0.288906,0.331389,0.161999,0.220643,0.204612,0.233335,0.212114,0.209438,0.209198,0.282401,0.111052,0.266018,0.255740,0.169464,0.175013,0.146869,0.246264,0.217820,0.248357,0.294848,0.156799,0.113904,0.235245,0.253516,0.244159,0.250898,0.239356,0.314338,0.354884,0.261385,0.186507,0.146368,0.193644,0.297459,0.310729,0.353712,0.317417,0.338989,0.111640,0.278499,0.106586,0.153251,0.300508,0.177003,0.247752,0.414147,0.001049,0.408713,0.341025,0.111928,0.250330,0.199479,0.266021,0.120289,0.204342,0.134037,0.250024,0.309882,0.183273,0.130922,0.174402,0.284793,0.244541,0.119667,0.277172,0.184781,0.200579,0.216066,0.306380,0.173651,0.201891,0.178662,0.262958,0.165794,0.361950,0.257216,0.271135,0.216281,0.153409,0.344247,0.239173,0.191952,0.103008,0.185490,0.167453,0.178155,0.092331,0.199942,0.308944,0.204867,0.198707,0.232138,0.136618,0.182986,0.251143,0.235560,0.067230,0.133504,0.241205,0.238349,0.263668,0.214872,0.226024,0.271696,0.076416,0.064810,0.169266,0.258891,0.280570,0.113024,0.262962,0.135697,0.179816,#
17,0.343177,0.270859,0.207191,0.381331,0.286274,0.268110,0.250221,0.366985,0.221124,0.168706,0.266337,0.316036,0.197937,0.163692,0.273574,0.338863,0.282009,1.000000,0.203413,0.358888,0.386699,0.209682,0.251149,0.414093,0.239307,0.270159,0.269860,0.197371,0.235773,0.308157,0.246495,0.320205,0.421718,0.212522,0.118711,0.307520,0.092920,0.376470,0.386325,0.161566,0.322901,0.279188,0.208196,0.343706,0.186834,0.307616,0.299549,0.222870,0.305331,0.265791,0.269867,0.228889,0.158934,0.260098,0.217737,0.334136,0.295011,0.351670,0.283042,0.290849,0.272112,0.238420,0.198214,0.240588,0.282594,0.397163,0.352574,0.362988,0.286313,0.345604,0.242774,0.298564,0.375369,0.163223,0.235547,0.356567,0.273989,0.327185,0.214203,0.324605,0.234679,0.296571,0.429087,0.214668,0.302577,0.104117,0.334724,0.249448,0.400659,0.252068,0.236108,0.158968,0.333180,0.311052,0.194159,0.286314,0.266066,0.318890,0.310750,0.234992,0.275122,0.130096,0.178426,0.324288,0.208854,0.309673,0.323861,0.358430,0.182094,0.097045,0.229886,0.252579,0.225813,0.313303,0.254796,0.323186,0.260271,0.201833,0.190844,0.241588,0.222504,0.327656,0.241255,0.314386,0.465385,0.215070,0.300132,0.218165,0.105109,0.232801,0.206205,0.324846,0.415556,0.306830,0.317026,0.328604,0.329211,0.257633,0.262307,0.292527,0.308955,0.263272,0.227602,0.239708,0.350105,0.292662,0.087491,0.232731,0.206519,0.147990,0.235569,0.117032,0.161860,0.245337,0.279703,0.335023,0.224575,0.277532,0.390909,0.244007,0.280861,0.349958,0.287310,0.242689,0.264065,0.262140,0.255851,0.273115,0.225156,0.199107,0.381796,0.188658,0.176283,0.222981,0.304310,0.180964,0.353872,0.280958,0.078165,0.348428,0.266419,0.403336,0.254856,0.177870,0.122045,0.233113,0.211081,0.240231,0.304209,0.266406,0.233931,0.350471,0.270430,0.252256,0.397329,0.261441,0.207055,0.254088,0.226717,0.249844,#
18,0.289865,0.171573,0.209374,0.323768,0.253143,0.106598,0.217346,0.182487,0.189712,0.131168,0.279809,0.226993,0.239537,0.216961,0.313703,0.284795,0.178053,0.203413,1.000000,0.242097,0.274872,0.192548,0.108658,0.358065,0.270409,0.234708,0.216860,0.302505,0.192577,0.156737,0.162724,0.182589,0.272596,0.166456,0.220509,0.313328,0.242649,0.156882,0.200443,0.360979,0.213230,0.262165,0.250832,0.148559,0.202147,0.203943,0.121396,0.158655,0.072220,0.278288,0.276859,0.153320,0.287563,0.244873,0.212938,0.235947,0.190490,0.276665,0.176456,0.175118,0.203540,0.138290,0.283135,0.235458,0.225729,0.259716,0.340635,0.242731,0.147106,0.136279,0.107591,0.158407,0.209284,0.131278,0.149954,0.162185,0.211381,0.263803,0.244059,0.223245,0.253081,0.172222,0.234319,0.281943,0.245277,0.014271,0.314808,0.117946,0.252792,0.214652,0.261563,0.168727,0.201886,0.257093,0.243279,0.281855,0.377069,0.167469,0.204030,0.221456,0.221988,0.267489,0.325239,0.209846,0.305041,0.245982,0.237167,0.190282,0.159883,0.217906,0.289912,0.279823,0.227744,0.198242,0.197240,0.228236,0.153911,0.074806,0.256890,0.191207,0.188255,0.276354,0.220907,0.132788,0.218311,0.107289,0.146484,0.261972,0.287739,0.214185,0.137388,0.334376,0.196061,0.213874,0.318435,0.139178,0.138897,0.308735,0.097242,0.271333,0.235400,0.128479,0.167480,0.201860,0.256776,0.248481,0.100287,0.160758,0.089509,0.118758,0.101521,0.237654,0.212881,0.174749,0.177760,0.319316,0.295410,0.218540,0.087050,0.300628,0.205008,0.264897,0.211038,0.271195,0.203913,0.230390,0.311606,0.196830,0.192547,0.312918,0.048629,0.149109,0.228800,0.145791,0.139091,0.248810,0.237340,0.274929,0.304883,0.198523,0.166251,0.231085,0.259096,0.102135,0.237863,0.110926,0.274131,0.227267,0.215719,0.206822,0.185636,0.309444,0.295671,0.232464,0.225345,0.169794,0.165234,0.278937,0.332836,0.215089,#
19,0.358900,0.277980,0.281375,0.322608,0.426171,0.223497,0.228964,0.307100,0.300171,0.322154,0.306183,0.112231,0.343995,0.320701,0.413540,0.304049,0.359038,0.358888,0.242097,1.000000,0.307422,0.185407,0.253657,0.327229,0.223975,0.360550,0.352624,0.235804,0.239969,0.394254,0.251000,0.306068,0.284431,0.212394,0.241896,0.372771,0.184265,0.182351,0.438709,0.238602,0.288145,0.301374,0.214361,0.178459,0.227738,0.354465,0.349625,0.362808,0.241180,0.369516,0.252760,0.314350,0.196882,0.405859,0.280597,0.338118,0.259979,0.236918,0.311260,0.267372,0.306516,0.316509,0.292919,0.257709,0.351662,0.253974,0.274543,0.315974,0.264479,0.307228,0.309735,0.266881,0.349190,0.179925,0.306668,0.356578,0.253469,0.392261,0.433078,0.185257,0.341930,0.309508,0.324822,0.242135,0.397358,0.196793,0.321635,0.281517,0.369782,0.190336,0.199738,0.269446,0.327115,0.255177,0.285451,0.322620,0.376136,0.348088,0.195051,0.194668,0.258233,0.228192,0.320546,0.319032,0.338721,0.388344,0.340966,0.446645,0.178301,0.129479,0.240988,0.263604,0.306584,0.335488,0.377942,0.290774,0.311108,0.305415,0.315839,0.018054,0.405272,0.421052,0.284319,0.364202,0.452064,0.234882,0.380442,0.258336,0.113134,0.295456,0.189004,0.162416,0.377088,0.219222,0.347715,0.319008,0.284460,0.336986,0.207367,0.241063,0.285050,0.312128,0.251574,0.222917,0.366100,0.281240,0.170397,0.320498,0.330599,0.185896,0.251614,0.323616,0.240055,0.314803,0.300796,0.251295,0.284364,0.226441,0.237235,0.219620,0.347083,0.316846,0.332067,0.246261,0.327796,0.256562,0.242139,0.239722,0.294489,0.188829,0.323183,0.240489,0.339323,0.266472,0.252835,0.195558,0.351596,0.381294,0.257452,0.226726,0.169926,0.355240,0.267179,0.318576,0.247527,0.281897,0.164278,0.275089,0.326334,0.249456,0.331320,0.371438,0.178374,0.277039,0.218504,0.287834,0.156937,0.293098,0.387663,0.376945,#
20,0.232854,0.171263,0.352351,0.345891,0.389610,0.266052,0.231522,0.284914,0.238366,0.220889,0.187651,0.255166,0.250022,0.272309,0.277666,0.193735,0.352760,0.386699,0.274872,0.307422,1.000000,0.240326,0.227404,0.344480,0.360573,0.396182,0.299856,0.246782,0.242422,0.287145,0.214387,0.234716,0.274308,0.247614,0.148435,0.274489,0.290142,0.260908,0.266091,0.319608,0.292858,0.397220,0.196866,0.116892,0.345664,0.370110,0.360440,0.187921,0.213325,0.249289,0.105517,0.327469,0.250252,0.331405,0.258153,0.247334,0.265321,0.302854,0.303834,0.213409,0.296763,0.203753,0.338694,0.231795,0.333657,0.198344,0.305036,0.281450,0.302554,0.318473,0.291652,0.341379,0.450680,0.204659,0.242911,0.232011,0.294978,0.385677,0.272660,0.254834,0.221025,0.260035,0.378479,0.168590,0.323137,0.259999,0.335496,0.248675,0.424714,0.245049,0.263150,0.299832,0.320919,0.314916,0.340227,0.203642,0.328287,0.287900,0.237994,0.108154,0.284576,0.180867,0.300895,0.263367,0.257849,0.269708,0.307110,0.277159,0.125012,0.296681,0.357968,0.311060,0.234615,0.313495,0.219038,0.374008,0.410802,0.257007,0.123554,0.230158,0.243313,0.347861,0.198184,0.276885,0.333421,0.212088,0.339426,0.339279,0.288629,0.294673,0.233084,0.329763,0.338364,0.178714,0.372140,0.281150,0.300246,0.272313,0.299893,0.238212,0.284354,0.286389,0.202334,0.238149,0.348409,0.239773,0.092559,0.239473,0.229402,0.327951,0.289944,0.288631,0.134788,0.222031,0.297275,0.295234,0.227736,0.129999,0.219022,0.390718,0.282553,0.373454,0.246843,0.228322,0.311097,0.180837,0.173969,0.264240,0.237215,0.179609,0.303914,0.187982,0.192782,0.191132,0.185810,0.347781,0.204110,0.220007,0.310904,0.259951,0.217690,0.274433,0.200767,0.219572,0.217527,0.083054,0.234629,0.216634,0.239182,0.393352,0.207706,0.346636,0.225933,0.257411,0.337959,0.237919,0.231790,0.355629,0.318258,0.252680,#
21,0.184541,0.250208,0.345213,0.302226,0.215393,0.125972,0.210446,0.260752,0.257715,0.151615,0.148176,0.320430,0.138945,0.232321,0.158738,0.154331,0.201974,0.209682,0.192548,0.185407,0.240326,1.000000,0.171934,0.211381,0.224014,0.170234,0.254307,0.269923,0.248741,0.270804,0.196394,0.239842,0.241298,0.296004,0.084955,0.302123,0.298799,0.301985,0.319229,0.181652,0.142305,0.267332,0.115639,0.293733,0.174041,0.226785,0.220635,0.269721,0.032787,0.185716,0.252911,0.168309,0.167131,0.192329,0.204856,0.251651,0.212970,0.207533,0.128447,0.119826,0.207823,0.093188,0.312140,0.208977,0.323659,0.268673,0.134789,0.220722,0.294360,0.379438,0.369259,0.196967,0.368849,0.332640,0.201169,0.134490,0.169961,0.225146,0.169874,0.210439,0.291429,0.236440,0.179877,0.046474,0.290525,0.062871,0.305322,0.129180,0.215673,0.341500,0.152209,0.162593,0.148374,0.182032,0.243081,0.239333,0.268934,0.225441,0.075318,0.217096,0.400106,0.212363,0.187118,0.206589,0.243477,0.256349,0.270319,0.198970,0.192799,0.172315,0.244625,0.207843,0.175175,0.267081,0.129613,0.313770,0.322348,0.136296,0.139022,0.254013,0.224934,0.309418,0.126464,0.361587,0.237641,0.121383,0.241198,0.260189,0.128792,0.091082,0.197241,0.228599,0.352476,0.193246,0.217884,0.177843,0.260674,0.164210,0.132146,0.301537,0.203029,0.319273,0.198919,0.209728,0.261550,0.253150,0.218853,0.230181,0.222617,0.130682,0.191767,0.130699,0.181939,0.224867,0.273281,0.199492,0.110023,0.211412,0.177368,0.180668,0.254483,0.315865,0.239633,0.215548,0.297129,0.091050,0.145593,0.257401,0.135830,0.291216,0.202580,0.145798,0.270568,0.155908,0.154582,0.308975,0.248365,0.251967,0.120943,0.219221,0.187951,0.250926,0.042006,0.261365,0.105203,0.154505,0.222010,0.256347,0.252311,0.257721,0.241545,0.088461,0.274277,0.165316,0.330796,0.247393,0.155658,0.259419,0.259005,0.181390,#
