0,1.000000,0.838754,0.845897,0.824290,0.800191,0.843855,0.837310,0.835833,0.824255,0.802704,0.828859,0.847990,0.813702,0.818918,0.827905,0.821504,0.847600,0.858254,0.836042,0.835020,0.842745,0.803252,0.832726,0.862803,0.796128,0.817027,0.821525,0.826554,0.805065,0.843106,0.818988,0.848124,0.822930,0.809488,0.839464,0.830191,0.808426,0.820587,0.836819,0.839459,0.839025,0.803492,0.860843,0.805250,0.834653,0.802712,0.839918,0.860650,0.836632,0.847325,0.825995,0.835628,0.848319,0.846166,0.843103,0.851611,0.830098,0.852203,0.825472,0.821251,0.845317,0.817687,0.841218,0.837047,0.842460,0.824095,0.856498,0.838271,0.820016,0.802778,0.824426,0.809666,0.867719,0.846688,0.830683,0.815759,0.856932,0.837820,0.839956,0.825267,0.859491,0.830505,0.845782,0.844882,0.842413,0.865722,0.841179,0.840380,0.803813,0.824859,0.806912,0.823301,0.839145,0.828428,0.833482,0.829891,0.813067,0.807841,0.837738,0.849601,0.835120,0.827630,0.819603,0.836537,0.811259,0.825801,0.815444,0.854465,0.839134,0.798615,0.832354,0.826633,0.836292,0.809032,0.818790,0.854875,0.805257,0.824025,0.815085,0.808895,0.801809,0.883565,0.841153,0.861424,0.840752,0.826321,0.819701,0.802009,0.784788,0.827071,0.813283,0.835887,0.834165,0.805402,0.840348,0.834175,0.832013,0.832188,0.805265,0.847468,0.820074,0.818220,0.785738,0.845474,0.840310,0.762276,0.820288,0.791457,0.849989,0.818678,0.824451,0.834009,0.837664,0.796985,0.824289,0.807269,0.836244,0.847111,0.858699,0.822624,0.856443,0.849698,0.827337,0.831344,0.819044,0.833032,0.843484,0.806070,0.840437,0.830217,0.837709,0.825178,0.830137,0.856737,0.851335,0.824814,0.844195,0.852324,0.828898,0.814265,0.811885,0.850457,0.811107,0.818197,0.824259,0.806025,0.802660,0.829615,0.820471,0.825624,0.809833,0.838934,0.808201,0.830260,0.821587,0.838071,0.806026,0.848603,0.831685,0.827893,#
1,0.838754,1.000000,0.819991,0.835678,0.821346,0.845166,0.795684,0.830737,0.845969,0.816680,0.832877,0.841258,0.817181,0.816340,0.820596,0.815974,0.821734,0.832686,0.822852,0.835691,0.835975,0.857025,0.844085,0.843385,0.813401,0.803024,0.829201,0.836141,0.796533,0.799356,0.844783,0.850043,0.828428,0.848330,0.812217,0.837899,0.801032,0.841811,0.846858,0.842534,0.819119,0.812924,0.826030,0.816865,0.807685,0.813703,0.857195,0.840160,0.859439,0.834230,0.823620,0.861016,0.840359,0.813652,0.854269,0.838849,0.816861,0.839401,0.814813,0.817032,0.804871,0.815615,0.796965,0.798147,0.838398,0.840218,0.862135,0.849337,0.843157,0.846807,0.825742,0.827985,0.886816,0.808693,0.838446,0.833086,0.819883,0.824399,0.849117,0.813856,0.847690,0.833463,0.859244,0.849970,0.851909,0.834791,0.818336,0.841488,0.834208,0.826159,0.812620,0.815495,0.828707,0.835580,0.814841,0.807767,0.809603,0.814820,0.821787,0.837569,0.843828,0.834336,0.801212,0.829925,0.809141,0.827203,0.819104,0.856340,0.830360,0.800882,0.823838,0.822046,0.820075,0.828874,0.803545,0.840489,0.826288,0.837646,0.811433,0.782141,0.833954,0.852155,0.817007,0.845583,0.819587,0.813174,0.820663,0.824209,0.829844,0.847843,0.799440,0.852487,0.818127,0.811784,0.843324,0.827052,0.826370,0.829762,0.824504,0.813173,0.846065,0.819626,0.817473,0.835832,0.818941,0.793755,0.809478,0.793013,0.844519,0.804768,0.852972,0.856324,0.826340,0.784845,0.860794,0.810493,0.837479,0.844340,0.808059,0.809802,0.812938,0.855736,0.825849,0.848710,0.831530,0.805986,0.829219,0.796768,0.810219,0.819468,0.834711,0.816107,0.824791,0.850468,0.837632,0.821440,0.834626,0.856103,0.804118,0.817580,0.824392,0.820922,0.818638,0.803603,0.818843,0.859417,0.807729,0.760243,0.836129,0.831990,0.838529,0.832221,0.809657,0.815501,0.837233,0.782937,0.803277,0.856285,0.809613,0.828687,#
2,0.845897,0.819991,1.000000,0.831719,0.814406,0.833957,0.811764,0.833135,0.836978,0.814774,0.815247,0.810043,0.772382,0.828501,0.809229,0.804307,0.804666,0.837540,0.804314,0.829545,0.826698,0.812394,0.812917,0.852191,0.789448,0.801752,0.852106,0.832619,0.824066,0.831690,0.830377,0.829330,0.835003,0.817263,0.809236,0.824890,0.817333,0.824222,0.853616,0.818565,0.810047,0.815103,0.836605,0.797292,0.795250,0.811465,0.857867,0.806913,0.804745,0.835392,0.818748,0.835525,0.835356,0.841560,0.859196,0.843741,0.838576,0.818327,0.814056,0.817957,0.863011,0.822686,0.815022,0.826216,0.838686,0.830049,0.832798,0.818530,0.818603,0.821809,0.847225,0.812218,0.849704,0.826931,0.853844,0.815806,0.823845,0.820100,0.829382,0.846016,0.847493,0.837221,0.865187,0.812538,0.862608,0.851957,0.825426,0.856441,0.809055,0.813802,0.834890,0.836750,0.842706,0.817898,0.847420,0.809598,0.802791,0.797503,0.864082,0.831667,0.849275,0.814192,0.798957,0.815538,0.798481,0.854467,0.846487,0.840479,0.835847,0.789799,0.828091,0.797408,0.852427,0.805134,0.797525,0.814798,0.799592,0.832571,0.822320,0.775907,0.797172,0.820134,0.802465,0.855910,0.828717,0.796724,0.814567,0.814054,0.812549,0.846565,0.835778,0.852285,0.853960,0.850806,0.841644,0.827230,0.833702,0.817034,0.815664,0.806181,0.820158,0.840154,0.781100,0.807990,0.814077,0.816381,0.795831,0.788758,0.824215,0.826872,0.831956,0.827870,0.826154,0.822736,0.816452,0.812955,0.821681,0.801958,0.828130,0.796421,0.792795,0.798208,0.826562,0.826807,0.795313,0.825284,0.835408,0.775023,0.819405,0.807625,0.826429,0.824002,0.827309,0.812797,0.830625,0.818642,0.810272,0.850022,0.805402,0.787573,0.801696,0.855418,0.787569,0.841720,0.803395,0.819622,0.799593,0.784085,0.815036,0.817888,0.813301,0.822317,0.846002,0.830184,0.808378,0.825651,0.787891,0.838619,0.797228,0.825632,#
3,0.824290,0.835678,0.831719,1.000000,0.835049,0.823357,0.814455,0.827941,0.850136,0.826802,0.824256,0.832952,0.808777,0.815043,0.818153,0.824300,0.816583,0.824986,0.849580,0.815340,0.835385,0.855983,0.818803,0.832008,0.828077,0.832252,0.845962,0.836326,0.822401,0.821881,0.837045,0.861094,0.831181,0.847741,0.831525,0.836343,0.804187,0.837354,0.823255,0.846637,0.826198,0.825440,0.829878,0.818831,0.816836,0.844050,0.843923,0.834708,0.834087,0.819513,0.836521,0.813124,0.848936,0.809547,0.838489,0.855776,0.813260,0.843916,0.858205,0.827513,0.817356,0.810776,0.801217,0.821814,0.873174,0.814895,0.823616,0.805590,0.785724,0.831385,0.819811,0.835531,0.867526,0.826651,0.825435,0.806985,0.823070,0.827736,0.820667,0.846620,0.854075,0.818650,0.860013,0.839037,0.837281,0.849075,0.831966,0.827058,0.806201,0.828371,0.825201,0.828941,0.844543,0.841615,0.834289,0.829987,0.800060,0.797400,0.819026,0.816435,0.820580,0.813645,0.790645,0.809338,0.854603,0.820284,0.828042,0.851427,0.813123,0.810481,0.824766,0.796389,0.815097,0.822845,0.807448,0.838619,0.797804,0.824739,0.824527,0.776668,0.794529,0.851582,0.805599,0.818818,0.807430,0.817701,0.828196,0.835622,0.800139,0.825610,0.810926,0.845709,0.811236,0.837900,0.845887,0.851314,0.846352,0.803046,0.796996,0.809069,0.807151,0.841331,0.823504,0.803320,0.804090,0.839956,0.802857,0.828924,0.829883,0.813147,0.823097,0.822290,0.817758,0.816034,0.838144,0.782302,0.842411,0.821207,0.833947,0.815378,0.825013,0.822076,0.806237,0.844239,0.816369,0.816453,0.834438,0.784024,0.839272,0.822558,0.837700,0.823787,0.821445,0.841753,0.810889,0.832092,0.820967,0.845147,0.818795,0.809465,0.788526,0.848823,0.790291,0.814924,0.801274,0.824924,0.798933,0.779295,0.837275,0.853370,0.811082,0.813038,0.811536,0.822248,0.825934,0.817357,0.818320,0.836857,0.807948,0.829440,#
4,0.800191,0.821346,0.814406,0.835049,1.000000,0.833443,0.824539,0.818106,0.807435,0.808347,0.794048,0.840002,0.794498,0.826710,0.805448,0.827396,0.825157,0.845765,0.820980,0.847157,0.857799,0.827531,0.813212,0.846790,0.789103,0.797730,0.831300,0.802875,0.818449,0.804281,0.852475,0.834256,0.860225,0.815317,0.798367,0.821634,0.800932,0.820806,0.826421,0.845745,0.815887,0.794600,0.817281,0.827957,0.817303,0.823673,0.839935,0.823273,0.825494,0.809300,0.818720,0.821765,0.840877,0.806586,0.837754,0.834437,0.800367,0.825125,0.839111,0.823747,0.798918,0.829347,0.816432,0.792692,0.850249,0.835777,0.828371,0.812089,0.793655,0.822920,0.832461,0.839569,0.850740,0.808991,0.822795,0.799538,0.813491,0.823481,0.836881,0.834949,0.807518,0.825536,0.853003,0.803973,0.842408,0.818467,0.801458,0.804172,0.814249,0.825218,0.806126,0.792004,0.808360,0.817527,0.815552,0.819601,0.813753,0.786101,0.799014,0.827998,0.850947,0.831379,0.809070,0.815121,0.809720,0.817416,0.825938,0.826586,0.818921,0.819353,0.800158,0.810137,0.826550,0.842913,0.793500,0.818031,0.812839,0.852424,0.774825,0.777412,0.797392,0.838244,0.839432,0.834745,0.811032,0.806645,0.811693,0.811618,0.847132,0.842041,0.844505,0.821345,0.806600,0.833903,0.856260,0.839866,0.829739,0.805000,0.805203,0.784643,0.785168,0.840730,0.821802,0.810010,0.802870,0.802482,0.830347,0.771124,0.810464,0.842157,0.815773,0.868447,0.802520,0.794764,0.853485,0.801786,0.848418,0.803866,0.830857,0.801157,0.797672,0.821461,0.843953,0.813070,0.796843,0.795645,0.804336,0.785973,0.812899,0.824130,0.810064,0.818567,0.834930,0.817221,0.850039,0.830611,0.825265,0.849083,0.807593,0.797941,0.822634,0.820697,0.815537,0.792622,0.841514,0.831357,0.778343,0.823155,0.792295,0.810695,0.778797,0.794164,0.787346,0.828177,0.818657,0.792259,0.800543,0.819067,0.830158,0.811757,#
5,0.843855,0.845166,0.833957,0.823357,0.833443,1.000000,0.786432,0.838696,0.826071,0.807730,0.818566,0.818774,0.795896,0.813316,0.812276,0.824577,0.827625,0.846655,0.808604,0.860780,0.834586,0.801983,0.814894,0.849772,0.814935,0.829863,0.864292,0.847417,0.796832,0.824882,0.853297,0.864730,0.850358,0.848451,0.795246,0.845284,0.813022,0.811768,0.829427,0.825493,0.834075,0.809497,0.794560,0.829458,0.833709,0.839726,0.861349,0.865348,0.852722,0.820355,0.838396,0.812073,0.837248,0.848394,0.812365,0.887016,0.835824,0.833645,0.862410,0.845136,0.798557,0.832167,0.828862,0.844380,0.837933,0.813912,0.826563,0.837874,0.825867,0.818539,0.844955,0.821658,0.875916,0.811224,0.826113,0.822413,0.839921,0.855613,0.832164,0.835772,0.868109,0.835441,0.859899,0.840992,0.815563,0.849158,0.833278,0.846614,0.844892,0.822386,0.809373,0.809319,0.850440,0.849538,0.816941,0.783984,0.821000,0.822502,0.867399,0.822217,0.859699,0.838477,0.844865,0.837876,0.824035,0.841017,0.841661,0.853285,0.813115,0.820803,0.809007,0.840507,0.819557,0.799839,0.789940,0.816162,0.834412,0.838225,0.809651,0.780131,0.804257,0.859013,0.831449,0.865780,0.802210,0.813877,0.856618,0.806257,0.809244,0.828026,0.835078,0.869206,0.858625,0.854631,0.839982,0.829626,0.833837,0.835001,0.809700,0.798100,0.824441,0.817285,0.830454,0.840634,0.867129,0.785900,0.794744,0.805732,0.841571,0.847558,0.847874,0.838526,0.822186,0.808954,0.830917,0.799516,0.863342,0.829675,0.840160,0.817339,0.827244,0.843547,0.835083,0.827016,0.841972,0.811597,0.784799,0.833204,0.829984,0.815698,0.870561,0.836456,0.821006,0.838736,0.833803,0.817961,0.827442,0.863767,0.833465,0.832968,0.842404,0.839761,0.801277,0.810932,0.828706,0.842371,0.806626,0.810596,0.821747,0.840602,0.800271,0.843254,0.795771,0.834708,0.789529,0.822383,0.792781,0.839516,0.828302,0.821726,#
6,0.837310,0.795684,0.811764,0.814455,0.824539,0.786432,1.000000,0.793125,0.827035,0.797779,0.798679,0.809322,0.804154,0.828957,0.773643,0.823308,0.823225,0.850569,0.810888,0.799374,0.854168,0.810892,0.778541,0.826551,0.807890,0.809133,0.819788,0.808373,0.801161,0.835450,0.812543,0.833334,0.831494,0.816389,0.808185,0.834700,0.800570,0.803986,0.807744,0.836088,0.819920,0.816460,0.841551,0.806758,0.834556,0.775177,0.831978,0.805994,0.851344,0.839814,0.826671,0.841281,0.837038,0.778328,0.841920,0.825444,0.827181,0.843824,0.836729,0.782270,0.829369,0.804310,0.801703,0.798522,0.864402,0.813642,0.859853,0.813850,0.812071,0.797106,0.819925,0.830833,0.833020,0.832879,0.805139,0.812145,0.825710,0.815690,0.830846,0.804332,0.838024,0.829569,0.822179,0.829106,0.815149,0.822044,0.811187,0.810735,0.813693,0.824976,0.793080,0.804238,0.787354,0.813359,0.807988,0.798777,0.826821,0.807201,0.808357,0.826418,0.831207,0.823257,0.826221,0.813335,0.817895,0.776550,0.825181,0.809432,0.806589,0.774793,0.783421,0.797968,0.785235,0.799292,0.788381,0.791346,0.809475,0.818907,0.789807,0.795554,0.805422,0.830221,0.796506,0.854674,0.830767,0.834641,0.790281,0.807540,0.769435,0.814178,0.822050,0.820873,0.809872,0.787337,0.827413,0.821791,0.834796,0.794278,0.835236,0.824722,0.820379,0.834123,0.779189,0.800099,0.799631,0.815607,0.801839,0.792836,0.814537,0.800747,0.822446,0.844841,0.779107,0.769122,0.807474,0.781630,0.825006,0.794906,0.828160,0.821959,0.808407,0.827611,0.798378,0.818218,0.814291,0.817804,0.844644,0.748819,0.819240,0.803915,0.833199,0.815899,0.779449,0.787720,0.820365,0.829808,0.811861,0.837728,0.809420,0.800444,0.818372,0.819911,0.818530,0.820433,0.810401,0.815001,0.778239,0.801412,0.775733,0.805356,0.777068,0.813299,0.789022,0.816356,0.819594,0.811989,0.811619,0.837365,0.810388,0.803543,#
7,0.835833,0.830737,0.833135,0.827941,0.818106,0.838696,0.793125,1.000000,0.864144,0.798610,0.817419,0.819355,0.808677,0.832041,0.836103,0.794692,0.831695,0.841076,0.828726,0.828021,0.845954,0.815019,0.857411,0.831643,0.821044,0.838889,0.830686,0.835616,0.813024,0.837735,0.800251,0.845292,0.816148,0.829671,0.810706,0.826534,0.827788,0.822871,0.839642,0.830496,0.816761,0.825473,0.821295,0.827181,0.823293,0.825694,0.849711,0.849710,0.829317,0.816860,0.839303,0.821763,0.840334,0.858556,0.844706,0.839524,0.819740,0.840618,0.831152,0.839292,0.789593,0.828174,0.828504,0.820826,0.848279,0.834013,0.847368,0.826230,0.838796,0.825981,0.836285,0.781562,0.877169,0.837678,0.853213,0.813641,0.834197,0.822347,0.830145,0.819937,0.863505,0.831057,0.857839,0.832617,0.831331,0.840191,0.854190,0.830234,0.816862,0.830292,0.801867,0.837849,0.835422,0.822382,0.844938,0.800680,0.822540,0.841866,0.846063,0.831988,0.845225,0.812165,0.809318,0.820259,0.824363,0.822271,0.821499,0.841411,0.825065,0.799654,0.862538,0.811820,0.839841,0.820155,0.817256,0.827056,0.806656,0.805360,0.808487,0.822414,0.824863,0.844135,0.808030,0.857610,0.847438,0.820498,0.821161,0.836901,0.792409,0.807914,0.826532,0.826891,0.854070,0.806546,0.846672,0.861687,0.834782,0.835792,0.795716,0.816944,0.811826,0.823841,0.839632,0.813777,0.826314,0.813020,0.818311,0.769871,0.843067,0.822394,0.817789,0.839595,0.825165,0.804243,0.823059,0.837873,0.842649,0.837650,0.836324,0.826650,0.838460,0.799886,0.855162,0.813986,0.812079,0.820222,0.830478,0.782495,0.804052,0.801445,0.860496,0.837010,0.823290,0.842683,0.830949,0.815576,0.819892,0.831905,0.819663,0.818115,0.830881,0.824309,0.813206,0.820160,0.804746,0.844774,0.799987,0.778508,0.821634,0.856361,0.826598,0.825449,0.794830,0.800756,0.825919,0.823630,0.810037,0.859141,0.835869,0.821825,#
8,0.824255,0.845969,0.836978,0.850136,0.807435,0.826071,0.827035,0.864144,1.000000,0.839457,0.811788,0.833746,0.810593,0.848717,0.832424,0.838988,0.808628,0.857685,0.810476,0.841567,0.845319,0.858290,0.826672,0.832601,0.812763,0.836800,0.841047,0.835024,0.830424,0.832843,0.823185,0.851900,0.829572,0.825980,0.790954,0.856826,0.818481,0.834418,0.820970,0.838822,0.811994,0.826925,0.870825,0.819418,0.819427,0.796661,0.832140,0.844079,0.845837,0.828940,0.857197,0.854044,0.811832,0.847061,0.831463,0.861879,0.835560,0.852713,0.813659,0.819190,0.837756,0.828407,0.860758,0.819702,0.861795,0.853934,0.850085,0.838026,0.854864,0.835430,0.837646,0.820731,0.873903,0.844074,0.835700,0.813095,0.832498,0.839659,0.836436,0.835616,0.859992,0.836562,0.844052,0.830237,0.849294,0.846050,0.815500,0.844760,0.799028,0.818270,0.824339,0.820066,0.829236,0.834441,0.837940,0.812001,0.826356,0.830911,0.861673,0.841915,0.849829,0.810864,0.833662,0.855284,0.816237,0.835442,0.836611,0.850952,0.805191,0.827505,0.820051,0.834202,0.836708,0.809273,0.809342,0.847395,0.811945,0.822123,0.817301,0.833566,0.807835,0.834492,0.821233,0.853653,0.828543,0.843685,0.813259,0.823154,0.815697,0.835341,0.814100,0.835737,0.850080,0.832458,0.859918,0.835536,0.831552,0.818165,0.812092,0.831540,0.819909,0.847030,0.843277,0.806584,0.821677,0.800841,0.819912,0.809601,0.846606,0.825162,0.826003,0.846591,0.811306,0.854499,0.834636,0.816287,0.840468,0.849631,0.849745,0.845547,0.820723,0.809496,0.851940,0.834743,0.819757,0.818574,0.829705,0.804742,0.837404,0.815165,0.856670,0.836973,0.815817,0.834995,0.857256,0.822588,0.825507,0.861325,0.827393,0.802422,0.826223,0.844954,0.801798,0.835425,0.837831,0.830324,0.832686,0.795966,0.815787,0.845605,0.837696,0.832786,0.851746,0.827232,0.821176,0.804941,0.804011,0.837777,0.835792,0.842937,#
9,0.802704,0.816680,0.814774,0.826802,0.808347,0.807730,0.797779,0.798610,0.839457,1.000000,0.798500,0.795019,0.796789,0.814073,0.826316,0.816899,0.801886,0.813988,0.826320,0.802564,0.845846,0.805528,0.809909,0.851526,0.790470,0.780740,0.817216,0.845759,0.794806,0.822064,0.794642,0.844574,0.828634,0.822484,0.792548,0.823976,0.796875,0.795780,0.821083,0.824461,0.826795,0.802691,0.811903,0.796474,0.824056,0.780597,0.815087,0.819532,0.797802,0.795848,0.806230,0.804817,0.785619,0.794172,0.817951,0.826959,0.819037,0.853755,0.801088,0.807071,0.817132,0.801286,0.813398,0.796337,0.827081,0.844750,0.837122,0.822276,0.831499,0.792644,0.829076,0.794600,0.835754,0.796001,0.818553,0.793741,0.808745,0.842685,0.828013,0.850441,0.819077,0.820793,0.814066,0.837334,0.836853,0.807091,0.798835,0.856355,0.792159,0.780690,0.802990,0.805747,0.817199,0.804816,0.818196,0.775523,0.801901,0.806830,0.828229,0.802289,0.845333,0.817847,0.829025,0.816842,0.820432,0.826386,0.813817,0.824537,0.828663,0.822865,0.818431,0.818429,0.835327,0.813832,0.767578,0.836518,0.757697,0.794626,0.762098,0.775490,0.776677,0.823852,0.811923,0.839151,0.817313,0.801338,0.814049,0.787280,0.821216,0.805793,0.803724,0.833582,0.819727,0.833206,0.836384,0.803379,0.808340,0.795659,0.786009,0.808280,0.814504,0.850320,0.818161,0.826381,0.804402,0.805414,0.806048,0.795318,0.813440,0.805106,0.790653,0.794780,0.808524,0.809748,0.822626,0.796732,0.807746,0.815408,0.822032,0.816134,0.818509,0.819991,0.817522,0.818517,0.809174,0.820896,0.791457,0.788314,0.844397,0.794877,0.837423,0.830284,0.791349,0.800856,0.826350,0.844602,0.812011,0.849357,0.791009,0.825624,0.820902,0.803082,0.807226,0.789502,0.804470,0.838828,0.767817,0.777406,0.838025,0.786958,0.799383,0.811624,0.794710,0.786757,0.781637,0.779835,0.801062,0.825838,0.794488,0.786121,#
10,0.828859,0.832877,0.815247,0.824256,0.794048,0.818566,0.798679,0.817419,0.811788,0.798500,1.000000,0.817391,0.758118,0.797662,0.778392,0.805783,0.815367,0.801282,0.804259,0.802627,0.823496,0.781821,0.814999,0.853259,0.778218,0.791905,0.817472,0.840274,0.790707,0.821532,0.807684,0.829499,0.820435,0.830828,0.799684,0.827991,0.799445,0.815769,0.814478,0.803189,0.824424,0.790963,0.804029,0.779843,0.814439,0.812072,0.850318,0.835159,0.833697,0.853243,0.795285,0.836127,0.820781,0.777619,0.827929,0.839928,0.817223,0.836825,0.788510,0.808943,0.814155,0.814874,0.842416,0.820383,0.840456,0.786245,0.837038,0.792426,0.823678,0.803468,0.831518,0.821795,0.864330,0.770031,0.809361,0.823909,0.801058,0.834586,0.819508,0.800072,0.856355,0.819057,0.822034,0.810860,0.824811,0.801067,0.808876,0.815938,0.801935,0.849133,0.794214,0.832853,0.833937,0.798104,0.800343,0.807119,0.768399,0.804107,0.837225,0.836041,0.818660,0.802566,0.795928,0.832369,0.839892,0.795495,0.822905,0.818054,0.804793,0.795059,0.787575,0.798839,0.824558,0.797168,0.773255,0.839926,0.777084,0.816979,0.798451,0.785896,0.792642,0.839316,0.779455,0.837690,0.773584,0.802596,0.827704,0.808173,0.807252,0.813861,0.778060,0.820171,0.800675,0.806211,0.837987,0.857395,0.802111,0.799076,0.799029,0.832647,0.840846,0.815233,0.772838,0.803816,0.781418,0.775710,0.806750,0.774388,0.822027,0.806013,0.796037,0.806835,0.813984,0.790097,0.819454,0.776135,0.852153,0.833263,0.811021,0.789530,0.836697,0.792712,0.805547,0.822708,0.800502,0.790423,0.821218,0.786130,0.827238,0.831244,0.819673,0.809841,0.765127,0.806485,0.836537,0.802985,0.811028,0.838519,0.773515,0.823880,0.788285,0.787706,0.812610,0.790734,0.776561,0.824378,0.780235,0.785286,0.768817,0.820403,0.805161,0.787977,0.803752,0.813882,0.820200,0.800617,0.788471,0.839411,0.799408,0.820930,#
11,0.847990,0.841258,0.810043,0.832952,0.840002,0.818774,0.809322,0.819355,0.833746,0.795019,0.817391,1.000000,0.821676,0.824839,0.822235,0.809677,0.824326,0.868171,0.851292,0.815186,0.832962,0.814219,0.833566,0.828613,0.811167,0.817363,0.811428,0.820578,0.821880,0.806227,0.826342,0.851971,0.845771,0.840116,0.790072,0.832377,0.841129,0.845475,0.816710,0.846594,0.831029,0.802765,0.832759,0.808939,0.814259,0.802180,0.877222,0.847423,0.824439,0.846210,0.820245,0.826218,0.856316,0.828724,0.846612,0.847077,0.797389,0.856207,0.817111,0.822170,0.791787,0.807304,0.852380,0.806961,0.842255,0.822159,0.841897,0.827551,0.844904,0.835391,0.846086,0.816366,0.851024,0.828649,0.852819,0.793774,0.846111,0.844826,0.811359,0.788472,0.837761,0.833461,0.851337,0.823827,0.859932,0.824143,0.799474,0.814111,0.806295,0.801078,0.831752,0.829163,0.827245,0.813358,0.814721,0.840057,0.798393,0.807907,0.817564,0.829989,0.819010,0.833597,0.832676,0.826739,0.841142,0.829584,0.827025,0.849881,0.843895,0.814399,0.835655,0.840033,0.841238,0.788574,0.772134,0.832301,0.810519,0.826540,0.798684,0.824564,0.781604,0.843948,0.822052,0.845455,0.826341,0.811268,0.830015,0.810147,0.821213,0.846899,0.831000,0.829251,0.839305,0.832854,0.843469,0.830250,0.843463,0.817937,0.820011,0.830161,0.817823,0.816791,0.822830,0.839945,0.836981,0.787247,0.828782,0.799940,0.826912,0.836553,0.820204,0.820733,0.814011,0.838840,0.852777,0.797306,0.843140,0.817222,0.822759,0.805693,0.830690,0.832274,0.843024,0.822502,0.833481,0.787609,0.841932,0.775411,0.833476,0.851718,0.841123,0.807475,0.836308,0.854838,0.828731,0.820896,0.835930,0.838856,0.798875,0.834166,0.822681,0.807568,0.841939,0.799659,0.841732,0.811450,0.798758,0.824299,0.802283,0.822545,0.826387,0.825798,0.820664,0.820981,0.819316,0.808839,0.810379,0.841192,0.812227,0.817856,#
12,0.813702,0.817181,0.772382,0.808777,0.794498,0.795896,0.804154,0.808677,0.810593,0.796789,0.758118,0.821676,1.000000,0.819575,0.815342,0.786585,0.807231,0.831484,0.825938,0.805546,0.823231,0.781582,0.823456,0.834832,0.788857,0.811553,0.800029,0.810032,0.812406,0.788499,0.791869,0.816699,0.816763,0.816481,0.802948,0.813403,0.798547,0.803931,0.805626,0.821643,0.760947,0.760043,0.801875,0.816176,0.813132,0.804679,0.840982,0.797883,0.813372,0.799142,0.851821,0.780029,0.797216,0.808011,0.830613,0.832416,0.791358,0.817586,0.802634,0.778812,0.780504,0.802435,0.789819,0.782001,0.837303,0.815456,0.801912,0.798719,0.830853,0.807305,0.811865,0.783770,0.840834,0.797397,0.831732,0.806894,0.821155,0.808942,0.810141,0.813337,0.828979,0.806401,0.824674,0.819460,0.778427,0.823950,0.779788,0.802309,0.797400,0.772815,0.791810,0.784387,0.821696,0.774552,0.783028,0.811406,0.836270,0.807114,0.780750,0.790572,0.772475,0.818560,0.804992,0.835939,0.777178,0.786344,0.781620,0.798514,0.812357,0.798018,0.810526,0.788106,0.808368,0.778153,0.820792,0.803553,0.772526,0.781551,0.788986,0.770544,0.783135,0.832815,0.787290,0.837927,0.808696,0.809390,0.797915,0.759850,0.764164,0.798132,0.774759,0.787280,0.782626,0.796556,0.798374,0.799214,0.802885,0.817386,0.801567,0.767623,0.812327,0.825957,0.795736,0.807635,0.779977,0.803645,0.811013,0.762776,0.813960,0.823711,0.801050,0.807763,0.807532,0.760779,0.816197,0.824639,0.829270,0.813677,0.824939,0.785546,0.807391,0.827696,0.823555,0.805493,0.834712,0.759918,0.791502,0.812610,0.773190,0.785727,0.823256,0.803109,0.799224,0.809113,0.801306,0.789702,0.829935,0.836110,0.781407,0.763006,0.794541,0.818158,0.794362,0.773754,0.755672,0.813610,0.775961,0.808667,0.806748,0.799061,0.775216,0.790586,0.759990,0.793636,0.770721,0.807205,0.786075,0.821644,0.824508,0.762652,#
13,0.818918,0.816340,0.828501,0.815043,0.826710,0.813316,0.828957,0.832041,0.848717,0.814073,0.797662,0.824839,0.819575,1.000000,0.805031,0.802465,0.799135,0.868016,0.839537,0.819368,0.841055,0.818828,0.849398,0.829900,0.806052,0.821571,0.815839,0.846155,0.833998,0.857291,0.792904,0.838000,0.858200,0.847648,0.770335,0.823856,0.810660,0.840052,0.825495,0.843635,0.850940,0.819039,0.838120,0.816065,0.847884,0.820628,0.836315,0.844567,0.856851,0.835220,0.843310,0.853677,0.820145,0.825566,0.857588,0.870418,0.830975,0.855912,0.819622,0.826684,0.818930,0.816297,0.820976,0.825559,0.862653,0.828904,0.845269,0.826997,0.855851,0.814568,0.810967,0.813819,0.842109,0.846188,0.851140,0.816988,0.827743,0.840402,0.851643,0.837534,0.843642,0.835461,0.867963,0.838927,0.826960,0.841343,0.794147,0.807144,0.840118,0.822722,0.811742,0.813550,0.836848,0.833372,0.820761,0.795237,0.821853,0.808794,0.828094,0.853975,0.836594,0.825509,0.833193,0.856800,0.828635,0.852594,0.818782,0.845717,0.819519,0.808799,0.830264,0.830849,0.832108,0.825956,0.819062,0.836188,0.786318,0.848175,0.829751,0.813666,0.814152,0.841694,0.802630,0.818604,0.814425,0.801880,0.832980,0.793360,0.806909,0.820321,0.823488,0.816417,0.827152,0.822309,0.854052,0.831730,0.818607,0.830936,0.856404,0.808852,0.812515,0.858077,0.854328,0.809627,0.791133,0.812854,0.839064,0.800983,0.842985,0.817657,0.829341,0.853952,0.807170,0.815330,0.835727,0.819967,0.839723,0.819085,0.851232,0.804542,0.842507,0.826164,0.833470,0.838553,0.827343,0.814873,0.832115,0.796552,0.843491,0.805867,0.842513,0.838179,0.849106,0.830495,0.857093,0.835166,0.835875,0.872701,0.825144,0.825081,0.813737,0.831474,0.844204,0.809384,0.829089,0.844182,0.797487,0.818154,0.780990,0.813011,0.834754,0.824523,0.828110,0.837387,0.839104,0.799783,0.813192,0.840212,0.833761,0.800130,#
14,0.827905,0.820596,0.809229,0.818153,0.805448,0.812276,0.773643,0.836103,0.832424,0.826316,0.778392,0.822235,0.815342,0.805031,1.000000,0.811465,0.800974,0.800428,0.799564,0.802034,0.826509,0.810326,0.813233,0.849264,0.796314,0.768023,0.818262,0.809646,0.820983,0.816626,0.817930,0.827148,0.807651,0.800849,0.804656,0.821383,0.776910,0.815165,0.828349,0.794195,0.784146,0.780192,0.815414,0.810259,0.813468,0.799370,0.816324,0.810079,0.781241,0.789587,0.797993,0.811899,0.796837,0.838373,0.821077,0.820418,0.797444,0.820354,0.815325,0.786973,0.799866,0.823246,0.817966,0.806157,0.810777,0.794896,0.800722,0.801990,0.819624,0.818628,0.806350,0.777955,0.849881,0.807490,0.836486,0.783783,0.829245,0.828372,0.802225,0.787359,0.831176,0.823029,0.840073,0.833429,0.818395,0.817255,0.780498,0.820554,0.802997,0.761595,0.772194,0.769665,0.828067,0.837077,0.815212,0.801150,0.837611,0.803193,0.819034,0.794903,0.824276,0.813151,0.822615,0.785632,0.801740,0.802253,0.791302,0.802455,0.799743,0.805246,0.819458,0.815173,0.820159,0.795427,0.763528,0.821226,0.780960,0.783718,0.782492,0.778482,0.800224,0.833869,0.795481,0.829144,0.823150,0.763955,0.813540,0.827238,0.761972,0.814034,0.787416,0.824188,0.807524,0.806157,0.821032,0.823529,0.811755,0.806094,0.802730,0.797617,0.797591,0.819818,0.779331,0.817821,0.781644,0.822982,0.825398,0.769859,0.821399,0.785862,0.813356,0.803559,0.792782,0.800178,0.830516,0.798781,0.813379,0.813408,0.789071,0.792659,0.807964,0.795988,0.817612,0.795218,0.795845,0.788842,0.795260,0.772823,0.785227,0.827624,0.815124,0.792738,0.814776,0.825727,0.830063,0.818004,0.812561,0.827436,0.789417,0.786831,0.812013,0.831392,0.802462,0.789900,0.793456,0.804830,0.791506,0.769450,0.783736,0.798456,0.768863,0.783793,0.817317,0.818762,0.789692,0.780590,0.792248,0.807898,0.794733,0.754681,#
15,0.821504,0.815974,0.804307,0.824300,0.827396,0.824577,0.823308,0.794692,0.838988,0.816899,0.805783,0.809677,0.786585,0.802465,0.811465,1.000000,0.797014,0.841028,0.807829,0.806931,0.818476,0.824436,0.820822,0.827987,0.806106,0.791560,0.799951,0.802325,0.816169,0.820660,0.824717,0.843048,0.828541,0.837258,0.768863,0.848769,0.814429,0.823750,0.824012,0.799542,0.793201,0.781951,0.823292,0.799552,0.839262,0.792137,0.828121,0.828989,0.830025,0.823687,0.805479,0.841591,0.794708,0.801620,0.826410,0.817024,0.824717,0.812329,0.819929,0.794633,0.829070,0.813552,0.815704,0.819830,0.823540,0.833499,0.817534,0.812468,0.805294,0.772603,0.820911,0.783371,0.809312,0.800990,0.823992,0.807407,0.829256,0.818208,0.829090,0.804247,0.840268,0.811446,0.815345,0.825487,0.843347,0.816297,0.778894,0.833095,0.799676,0.785474,0.782869,0.801350,0.825638,0.823996,0.784266,0.804120,0.794882,0.799770,0.809134,0.816818,0.832753,0.806680,0.832485,0.829203,0.801728,0.794828,0.807212,0.830644,0.790409,0.823405,0.782760,0.794328,0.825264,0.802297,0.772115,0.801277,0.779083,0.809590,0.782021,0.817225,0.786536,0.825815,0.799191,0.833274,0.784930,0.810433,0.822101,0.790681,0.797647,0.852046,0.795184,0.793437,0.797667,0.786589,0.819451,0.816389,0.815669,0.772317,0.789414,0.804054,0.793753,0.810741,0.790415,0.798303,0.801887,0.801131,0.785663,0.779210,0.813171,0.794305,0.822661,0.818796,0.819660,0.799792,0.810111,0.780111,0.848644,0.808493,0.813742,0.820089,0.791504,0.820165,0.844094,0.790612,0.811026,0.800663,0.816947,0.796215,0.823658,0.800342,0.798068,0.828876,0.759115,0.831065,0.807736,0.845410,0.818474,0.838642,0.805613,0.804833,0.811031,0.818300,0.800919,0.821803,0.812303,0.799273,0.757926,0.779357,0.759890,0.808324,0.776952,0.817346,0.795182,0.788110,0.785984,0.794904,0.815537,0.815311,0.823489,0.810951,#
16,0.847600,0.821734,0.804666,0.816583,0.825157,0.827625,0.823225,0.831695,0.808628,0.801886,0.815367,0.824326,0.807231,0.799135,0.800974,0.797014,1.000000,0.836298,0.824617,0.835571,0.878132,0.809310,0.778340,0.843527,0.818580,0.825615,0.839327,0.789521,0.786053,0.820571,0.812096,0.852348,0.842050,0.813447,0.805110,0.829346,0.839765,0.822692,0.826180,0.833471,0.810425,0.810391,0.818133,0.809685,0.818688,0.818753,0.826966,0.821795,0.829274,0.839590,0.799668,0.820429,0.829566,0.839675,0.841438,0.845628,0.770788,0.837710,0.822592,0.784865,0.812508,0.837516,0.807731,0.794057,0.822624,0.804146,0.841461,0.814943,0.836974,0.832125,0.816590,0.792295,0.855766,0.815039,0.829455,0.797204,0.819484,0.838814,0.812740,0.837863,0.862245,0.829676,0.842867,0.849678,0.832306,0.831334,0.831063,0.807122,0.812550,0.823326,0.785751,0.804912,0.835971,0.802760,0.821934,0.833997,0.814256,0.821552,0.843372,0.828285,0.824030,0.812787,0.814700,0.843571,0.800155,0.847761,0.837359,0.813644,0.845630,0.803270,0.829622,0.828685,0.831010,0.802184,0.820462,0.842642,0.849879,0.832759,0.808588,0.750839,0.796740,0.838526,0.814987,0.847201,0.838364,0.818626,0.811932,0.772990,0.811343,0.811148,0.847118,0.817909,0.818051,0.786131,0.845270,0.857837,0.818426,0.799793,0.797134,0.811442,0.818999,0.829154,0.817942,0.817789,0.790597,0.789126,0.830855,0.803385,0.841984,0.826098,0.792076,0.848980,0.785080,0.790439,0.868230,0.806344,0.848785,0.821820,0.810311,0.810773,0.814681,0.808823,0.843516,0.808422,0.818621,0.817094,0.821127,0.807368,0.819957,0.805323,0.825829,0.833497,0.821655,0.821628,0.814763,0.830575,0.804995,0.868939,0.823376,0.804809,0.805769,0.803528,0.813392,0.803078,0.804073,0.835029,0.800974,0.817455,0.814157,0.818176,0.816105,0.802489,0.812977,0.811701,0.812946,0.816864,0.817186,0.835253,0.812641,0.817425,#
17,0.858254,0.832686,0.837540,0.824986,0.845765,0.846655,0.850569,0.841076,0.857685,0.813988,0.801282,0.868171,0.831484,0.868016,0.800428,0.841028,0.836298,1.000000,0.827000,0.845745,0.856109,0.832570,0.844391,0.849825,0.847574,0.855590,0.847074,0.835578,0.820010,0.853299,0.842622,0.861053,0.838557,0.826018,0.802612,0.867274,0.827416,0.845023,0.854033,0.867626,0.848071,0.834802,0.854942,0.829304,0.832841,0.826318,0.853116,0.875726,0.855232,0.847064,0.847119,0.831501,0.843036,0.836899,0.857798,0.862194,0.829638,0.839844,0.841201,0.816014,0.821328,0.829177,0.832523,0.831371,0.855788,0.863623,0.876452,0.850272,0.836919,0.819222,0.839353,0.823553,0.842916,0.830035,0.856650,0.811878,0.860380,0.864184,0.844679,0.851159,0.864812,0.847067,0.873807,0.850368,0.836397,0.845671,0.850579,0.845940,0.835817,0.827008,0.827465,0.807617,0.851732,0.842540,0.831659,0.849872,0.833008,0.816563,0.828936,0.847893,0.859768,0.808282,0.835939,0.846166,0.815280,0.835072,0.832603,0.847000,0.826408,0.839539,0.843752,0.828403,0.833117,0.829345,0.836917,0.821593,0.800692,0.836611,0.817263,0.821865,0.827965,0.854000,0.835113,0.849416,0.826166,0.838655,0.831852,0.806222,0.815788,0.833159,0.863643,0.860683,0.862354,0.819332,0.835355,0.859011,0.852202,0.837704,0.850256,0.856257,0.844511,0.853627,0.865531,0.837873,0.851992,0.816912,0.832409,0.819501,0.865143,0.820123,0.854664,0.845168,0.824520,0.825424,0.853596,0.845685,0.877152,0.835026,0.851591,0.818840,0.834146,0.833967,0.875539,0.829375,0.849172,0.818154,0.815529,0.787623,0.849297,0.819970,0.859924,0.828537,0.841687,0.843340,0.859613,0.825048,0.849371,0.870884,0.825592,0.854498,0.846960,0.864268,0.839815,0.853275,0.855013,0.834266,0.815514,0.851671,0.792700,0.830356,0.835186,0.844393,0.823640,0.853341,0.839569,0.857777,0.815541,0.871379,0.837250,0.814881,#
18,0.836042,0.822852,0.804314,0.849580,0.820980,0.808604,0.810888,0.828726,0.810476,0.826320,0.804259,0.851292,0.825938,0.839537,0.799564,0.807829,0.824617,0.827000,1.000000,0.826850,0.827583,0.826952,0.834009,0.813077,0.807231,0.829928,0.825080,0.833820,0.817671,0.840182,0.779555,0.853786,0.839224,0.836959,0.809573,0.848328,0.811932,0.819939,0.825489,0.838908,0.829442,0.785525,0.818795,0.795691,0.852376,0.802621,0.840692,0.844132,0.816149,0.809134,0.807406,0.813367,0.847632,0.795784,0.844721,0.843820,0.810154,0.841672,0.806660,0.831682,0.824388,0.795952,0.822081,0.801587,0.857921,0.803517,0.823466,0.796273,0.786802,0.814144,0.828851,0.788777,0.852521,0.805775,0.858209,0.785722,0.844692,0.819476,0.825027,0.820511,0.834955,0.815384,0.844045,0.832340,0.838228,0.826986,0.804688,0.825470,0.815375,0.796466,0.821148,0.788247,0.836104,0.815780,0.829972,0.801034,0.830776,0.817861,0.820460,0.830875,0.837783,0.803657,0.826371,0.836762,0.817976,0.827250,0.810753,0.819896,0.814999,0.807701,0.848694,0.789811,0.848754,0.820411,0.768789,0.809007,0.798583,0.818008,0.799616,0.783237,0.803515,0.860492,0.808251,0.825564,0.822903,0.787978,0.829798,0.801412,0.834578,0.797899,0.803334,0.834454,0.822943,0.815547,0.840139,0.843900,0.840440,0.823747,0.800663,0.816807,0.806102,0.848198,0.817907,0.850454,0.808747,0.816637,0.825638,0.783424,0.834091,0.812912,0.803789,0.831771,0.830880,0.792067,0.834798,0.818510,0.834866,0.849792,0.821311,0.811342,0.837846,0.818922,0.854863,0.824223,0.815033,0.809826,0.863910,0.793242,0.813119,0.813872,0.821942,0.834305,0.830688,0.832421,0.814010,0.831480,0.824246,0.857617,0.801607,0.845788,0.802866,0.817283,0.809771,0.806070,0.808514,0.834635,0.814412,0.801396,0.794584,0.826389,0.819574,0.816401,0.788663,0.846816,0.825033,0.810552,0.793976,0.854900,0.820746,0.799738,#
19,0.835020,0.835691,0.829545,0.815340,0.847157,0.860780,0.799374,0.828021,0.841567,0.802564,0.802627,0.815186,0.805546,0.819368,0.802034,0.806931,0.835571,0.845745,0.826850,1.000000,0.836015,0.800926,0.812791,0.840171,0.806498,0.801648,0.833247,0.800633,0.800410,0.835842,0.839197,0.857149,0.834085,0.808007,0.776247,0.841215,0.809692,0.813539,0.828301,0.821230,0.826818,0.803579,0.818306,0.808532,0.813834,0.822460,0.858547,0.837676,0.844237,0.805177,0.790761,0.815902,0.814084,0.822411,0.832156,0.823483,0.836347,0.825769,0.816674,0.792913,0.816407,0.822309,0.846481,0.817355,0.839663,0.819671,0.822173,0.813974,0.814910,0.802252,0.833646,0.797424,0.853452,0.815679,0.829965,0.799476,0.817118,0.820579,0.838532,0.812321,0.841195,0.794237,0.858891,0.819612,0.816548,0.819917,0.810316,0.845307,0.840346,0.783251,0.800326,0.800579,0.827059,0.816451,0.809805,0.799931,0.821525,0.822674,0.823237,0.832438,0.842105,0.811633,0.816097,0.821739,0.810019,0.824360,0.836232,0.820403,0.818007,0.776351,0.814147,0.798483,0.822806,0.815646,0.801616,0.815997,0.828652,0.824382,0.804475,0.746485,0.811302,0.845346,0.803683,0.854329,0.835041,0.811433,0.835121,0.805965,0.832514,0.851160,0.815380,0.841080,0.824792,0.824784,0.848000,0.845173,0.823185,0.812664,0.803100,0.802624,0.809143,0.825768,0.810553,0.808209,0.811937,0.785078,0.794707,0.763829,0.845247,0.826445,0.812228,0.845069,0.808703,0.803824,0.844987,0.811853,0.853934,0.829940,0.835458,0.825446,0.818529,0.824647,0.825376,0.800747,0.824397,0.808569,0.787022,0.821476,0.819981,0.798603,0.820772,0.837389,0.832215,0.837420,0.840729,0.809488,0.831311,0.865820,0.809937,0.794423,0.783808,0.846152,0.826005,0.846015,0.826765,0.815168,0.785245,0.815232,0.813163,0.818428,0.818893,0.823011,0.788720,0.841744,0.815954,0.832532,0.781884,0.810374,0.814874,0.794460,#
20,0.842745,0.835975,0.826698,0.835385,0.857799,0.834586,0.854168,0.845954,0.845319,0.845846,0.823496,0.832962,0.823231,0.841055,0.826509,0.818476,0.878132,0.856109,0.827583,0.836015,1.000000,0.837099,0.815616,0.858002,0.831197,0.847355,0.856996,0.833274,0.820511,0.845948,0.831553,0.857910,0.844614,0.866812,0.831683,0.858658,0.839484,0.833528,0.856835,0.858905,0.835097,0.855329,0.826874,0.848539,0.856075,0.818041,0.859970,0.836235,0.826996,0.828499,0.832097,0.856351,0.834622,0.847388,0.857291,0.855861,0.818355,0.859427,0.835151,0.821095,0.840662,0.828430,0.858037,0.812982,0.865971,0.840300,0.867983,0.822702,0.836526,0.834061,0.847691,0.827604,0.848289,0.831040,0.847645,0.795048,0.821652,0.843102,0.847420,0.856646,0.859687,0.866735,0.862049,0.854617,0.823863,0.836971,0.835724,0.835775,0.835823,0.854527,0.837796,0.825003,0.845229,0.852943,0.849021,0.822380,0.819180,0.817089,0.843392,0.841610,0.868468,0.835882,0.840150,0.856448,0.842707,0.816931,0.862433,0.850291,0.826686,0.857207,0.836118,0.847694,0.822825,0.792891,0.833565,0.838914,0.837731,0.861480,0.789548,0.797034,0.849185,0.858401,0.821034,0.877961,0.824714,0.835123,0.825523,0.804763,0.834423,0.849014,0.857783,0.832480,0.856510,0.847794,0.859393,0.846431,0.820207,0.831959,0.841901,0.850155,0.825798,0.839571,0.839059,0.837292,0.830620,0.813192,0.841040,0.809539,0.831845,0.858637,0.841850,0.859952,0.826081,0.823518,0.864386,0.818830,0.841700,0.839090,0.854043,0.831365,0.830067,0.841306,0.841069,0.833859,0.854644,0.790829,0.817041,0.810944,0.830148,0.821646,0.848459,0.832446,0.853993,0.833667,0.835282,0.832095,0.824798,0.870758,0.833291,0.839579,0.830969,0.823389,0.835026,0.811113,0.815680,0.854383,0.806913,0.839937,0.808025,0.831670,0.796415,0.820193,0.832918,0.853791,0.840247,0.799254,0.819151,0.856345,0.847849,0.836279,#
21,0.803252,0.857025,0.812394,0.855983,0.827531,0.801983,0.810892,0.815019,0.858290,0.805528,0.781821,0.814219,0.781582,0.818828,0.810326,0.824436,0.809310,0.832570,0.826952,0.800926,0.837099,1.000000,0.826778,0.839369,0.785346,0.801598,0.840701,0.796221,0.824187,0.804598,0.810078,0.814429,0.845235,0.837808,0.811434,0.854635,0.817471,0.825763,0.833311,0.821588,0.806470,0.828679,0.813973,0.814401,0.821488,0.806741,0.813909,0.825200,0.818141,0.798472,0.807492,0.832507,0.817239,0.799399,0.843758,0.831272,0.809310,0.821114,0.836843,0.782337,0.813883,0.811638,0.786431,0.786708,0.855042,0.821267,0.829750,0.816854,0.807755,0.824945,0.824149,0.821877,0.848114,0.830856,0.860914,0.810726,0.818367,0.820502,0.822311,0.835902,0.824039,0.806440,0.853940,0.820110,0.851937,0.824169,0.796565,0.825472,0.820870,0.821190,0.777420,0.776600,0.827581,0.820883,0.822923,0.813350,0.820092,0.787667,0.805521,0.840043,0.826877,0.827789,0.795918,0.827274,0.802122,0.834683,0.802028,0.822253,0.799590,0.833472,0.838307,0.794786,0.821215,0.826285,0.760913,0.796109,0.819373,0.837448,0.781323,0.800161,0.811291,0.830411,0.804747,0.828017,0.815383,0.781382,0.815504,0.821346,0.803976,0.834732,0.835283,0.837291,0.828734,0.811060,0.842296,0.810118,0.792988,0.772934,0.805983,0.824792,0.820919,0.838961,0.795283,0.813671,0.799415,0.807359,0.809028,0.778867,0.816423,0.805424,0.830698,0.841335,0.798548,0.817426,0.825982,0.819125,0.825560,0.809701,0.810740,0.816046,0.814655,0.832479,0.840777,0.832741,0.847709,0.792251,0.837303,0.788433,0.786255,0.803079,0.828866,0.812483,0.807983,0.806019,0.818731,0.818747,0.768342,0.840509,0.808360,0.801206,0.801305,0.845279,0.799164,0.804756,0.820182,0.835874,0.797488,0.767035,0.767863,0.820812,0.814615,0.798057,0.808246,0.819018,0.818847,0.789825,0.824419,0.833465,0.786127,0.810293,#
