0,1.000000,0.378981,0.405074,0.319467,0.350815,0.344003,0.376112,0.276533,0.341399,0.341454,0.450758,0.388639,0.346077,0.315711,0.432420,0.369036,0.376128,0.463190,0.382078,0.336429,0.422861,0.476432,0.375534,0.420262,0.396159,0.288736,0.398818,0.442766,0.437313,0.387762,0.337376,0.317679,0.390289,0.319927,0.276169,0.340266,0.405473,0.385455,0.400628,0.477613,0.265090,0.382616,0.277907,0.374068,0.324186,0.357359,0.424054,0.388706,0.467522,0.386965,0.476772,0.298773,0.348191,0.336693,0.411866,0.351177,0.371226,0.368968,0.279329,0.310541,0.364292,0.263913,0.376676,0.389221,0.431236,0.269815,0.379583,0.378172,0.341460,0.375752,0.473015,0.405109,0.419373,0.410774,0.334288,0.308443,0.315077,0.388729,0.392683,0.294557,0.425034,0.332811,0.388340,0.421828,0.399427,0.408918,0.413755,0.350407,0.450396,0.348181,0.382797,0.292940,0.319245,0.363492,0.378507,0.391421,0.415094,0.358128,0.398382,0.367193,0.365972,0.427243,0.351797,0.395463,0.313019,0.384802,0.395391,0.378037,0.348528,0.306612,0.306650,0.400090,0.328460,0.408854,0.288068,0.418861,0.431803,0.302756,0.426331,0.363353,0.473417,0.338831,0.326652,0.302439,0.329786,0.470048,0.284198,0.298643,0.377687,0.407416,0.396230,0.469290,0.383902,0.344376,0.380365,0.269865,0.416309,0.360426,0.378686,0.467976,0.346166,0.375739,0.390657,0.310401,0.394380,0.389810,0.371671,0.293261,0.393736,0.346267,0.405604,0.329942,0.368519,0.311358,0.381798,0.261845,0.224840,0.259607,0.405977,0.420791,0.398380,0.360161,0.269149,0.378999,0.443462,0.243261,0.228442,0.295732,0.374635,0.343984,0.497180,0.187144,0.416846,0.448658,0.354864,0.332331,0.399705,0.296037,0.386072,0.337654,0.380519,0.484352,0.281043,0.252897,0.331836,0.402401,0.385206,0.492915,0.436657,0.234833,0.345925,0.373042,0.291542,0.266296,0.370194,0.286040,0.322616,0.315873,0.417978,0.409632,#
1,0.378981,1.000000,0.321482,0.366341,0.411010,0.353619,0.404349,0.358236,0.281642,0.328849,0.493821,0.433623,0.367853,0.423533,0.367860,0.348426,0.320702,0.353292,0.424040,0.371898,0.365724,0.478998,0.289832,0.388826,0.469444,0.381962,0.470668,0.502302,0.374854,0.325686,0.426470,0.393640,0.441674,0.337792,0.346821,0.263582,0.364410,0.399309,0.428283,0.355914,0.344851,0.375737,0.468963,0.345782,0.330059,0.385419,0.470421,0.443349,0.386710,0.344861,0.479904,0.311146,0.441654,0.357673,0.344183,0.302740,0.384264,0.354407,0.404199,0.432133,0.337242,0.331203,0.326634,0.445008,0.396822,0.379918,0.287273,0.440270,0.405938,0.372594,0.376565,0.288961,0.457628,0.296439,0.419057,0.297033,0.442941,0.355519,0.444223,0.398469,0.406074,0.443723,0.472329,0.484098,0.334159,0.283899,0.360601,0.337655,0.444449,0.413307,0.406094,0.441621,0.360143,0.385582,0.276661,0.355871,0.355106,0.297934,0.393062,0.319140,0.304206,0.321248,0.414852,0.350373,0.311020,0.346139,0.370133,0.431980,0.286655,0.403821,0.450731,0.408594,0.403097,0.446222,0.381584,0.437504,0.445541,0.322037,0.412493,0.386884,0.400114,0.404168,0.400397,0.428921,0.396315,0.444934,0.371326,0.405915,0.325271,0.378616,0.440360,0.419098,0.341479,0.370189,0.486253,0.406153,0.315152,0.369903,0.430126,0.404655,0.420635,0.293595,0.268464,0.302608,0.425565,0.363814,0.433496,0.215044,0.372398,0.345194,0.308921,0.449796,0.403877,0.265432,0.380968,0.368315,0.308133,0.310231,0.337707,0.262982,0.286320,0.427943,0.331970,0.398956,0.380841,0.363909,0.226068,0.372921,0.356319,0.449657,0.440633,0.347830,0.321035,0.324961,0.454363,0.324286,0.293474,0.383234,0.438585,0.339669,0.404888,0.398283,0.334983,0.327881,0.414778,0.453077,0.310536,0.454995,0.350322,0.290511,0.485751,0.377886,0.278304,0.331252,0.423531,0.408787,0.252918,0.356560,0.345975,0.341497,#
2,0.405074,0.321482,1.000000,0.402662,0.257637,0.326441,0.348459,0.276201,0.216444,0.201770,0.233958,0.360878,0.316458,0.353435,0.351748,0.372963,0.321600,0.325237,0.396920,0.347772,0.379014,0.432206,0.423439,0.388009,0.440393,0.344682,0.383619,0.298652,0.302943,0.350759,0.378704,0.306546,0.337143,0.267747,0.249588,0.277922,0.377804,0.352928,0.326883,0.351274,0.404817,0.356910,0.377408,0.270187,0.243250,0.406586,0.376128,0.412171,0.320545,0.323620,0.398281,0.401158,0.390452,0.296252,0.276315,0.369455,0.260563,0.369842,0.301854,0.332754,0.188033,0.328308,0.304343,0.438753,0.418265,0.381739,0.287146,0.317629,0.341172,0.437508,0.266908,0.212529,0.306668,0.361468,0.366141,0.354849,0.320488,0.391224,0.348127,0.342218,0.459536,0.270528,0.331859,0.347032,0.227997,0.386163,0.399437,0.346576,0.296866,0.353471,0.329759,0.306757,0.346219,0.297064,0.300298,0.310567,0.381932,0.297317,0.358423,0.274540,0.361308,0.358708,0.378948,0.347038,0.396142,0.309635,0.329497,0.305363,0.259777,0.367272,0.367152,0.343828,0.334418,0.303223,0.238747,0.364709,0.323255,0.392775,0.194292,0.249377,0.379248,0.297119,0.307987,0.268517,0.346196,0.318170,0.314922,0.325432,0.319667,0.301583,0.300079,0.441150,0.350236,0.260167,0.323185,0.351890,0.347959,0.344968,0.276240,0.256727,0.208915,0.272286,0.406185,0.278358,0.486304,0.311261,0.309337,0.267943,0.445870,0.348865,0.342625,0.382927,0.278937,0.318253,0.253217,0.198583,0.207370,0.258168,0.324681,0.292601,0.414722,0.434871,0.312510,0.394938,0.381067,0.176438,0.261959,0.336697,0.253316,0.358176,0.351442,0.364751,0.274854,0.304481,0.430562,0.359199,0.431169,0.320993,0.408687,0.300500,0.360361,0.297609,0.176873,0.223839,0.275689,0.403446,0.363289,0.335851,0.361397,0.182913,0.300897,0.342020,0.375819,0.229713,0.369051,0.283220,0.321344,0.238820,0.437177,0.359991,#
3,0.319467,0.366341,0.402662,1.000000,0.281062,0.282151,0.361107,0.341936,0.308343,0.226096,0.292695,0.376395,0.287959,0.336249,0.243852,0.239919,0.282599,0.375604,0.328205,0.347528,0.332809,0.354527,0.355378,0.433062,0.413179,0.331160,0.375909,0.327602,0.360620,0.289300,0.355491,0.429700,0.347936,0.405892,0.170805,0.295822,0.418539,0.436331,0.393941,0.278497,0.358369,0.358159,0.386919,0.322769,0.283230,0.453876,0.442517,0.384404,0.266856,0.340193,0.463091,0.300771,0.332392,0.306662,0.204754,0.401951,0.330175,0.363897,0.274829,0.378421,0.274268,0.244844,0.314125,0.413290,0.397188,0.377871,0.280074,0.422430,0.289579,0.350850,0.402009,0.262121,0.309613,0.328341,0.393231,0.335016,0.305131,0.429175,0.381422,0.364606,0.380038,0.344020,0.373891,0.379208,0.331977,0.305786,0.416384,0.297695,0.369260,0.414320,0.362121,0.340629,0.294572,0.456792,0.226585,0.313783,0.374828,0.234316,0.411853,0.265022,0.350031,0.341321,0.354967,0.328427,0.378190,0.304856,0.333176,0.402123,0.255833,0.277821,0.368586,0.339334,0.304034,0.358742,0.230517,0.335396,0.383443,0.280547,0.302622,0.304913,0.420680,0.315020,0.409410,0.382769,0.365717,0.355442,0.288031,0.249227,0.293140,0.437181,0.343452,0.373679,0.409894,0.424356,0.368547,0.363621,0.257133,0.271555,0.410820,0.377615,0.350947,0.296850,0.376461,0.302346,0.424284,0.217829,0.341019,0.328461,0.363071,0.344541,0.298212,0.275011,0.240081,0.298592,0.236277,0.233625,0.304993,0.272162,0.234900,0.341498,0.412295,0.369081,0.404938,0.515795,0.384695,0.318354,0.270011,0.273661,0.298909,0.400445,0.393363,0.265669,0.289187,0.289852,0.354364,0.286253,0.247829,0.295852,0.328623,0.310494,0.402969,0.459475,0.373060,0.297533,0.279007,0.297297,0.296735,0.405290,0.239162,0.214116,0.385760,0.343364,0.376498,0.298405,0.240868,0.330535,0.331305,0.306071,0.351282,0.339206,#
4,0.350815,0.411010,0.257637,0.281062,1.000000,0.220305,0.403108,0.241305,0.315283,0.234294,0.340146,0.289289,0.359001,0.319092,0.237859,0.301282,0.207793,0.306816,0.414454,0.383469,0.306910,0.368835,0.330199,0.376302,0.351231,0.417234,0.284800,0.353124,0.361341,0.211853,0.300786,0.271951,0.418399,0.234032,0.239107,0.249614,0.259389,0.396153,0.288346,0.303313,0.326027,0.367302,0.330098,0.311686,0.388608,0.286653,0.415019,0.390696,0.343530,0.400604,0.353311,0.194626,0.319923,0.366560,0.326323,0.292912,0.262529,0.290920,0.309771,0.344090,0.331839,0.264930,0.254524,0.281840,0.276677,0.253311,0.307777,0.295114,0.282005,0.282360,0.299234,0.304910,0.285496,0.311131,0.288630,0.116575,0.227879,0.316068,0.217845,0.236712,0.445107,0.387408,0.282491,0.360491,0.334383,0.278825,0.259313,0.284441,0.403935,0.392845,0.346760,0.367990,0.196302,0.332845,0.161862,0.330324,0.273010,0.424233,0.395875,0.287824,0.347496,0.176966,0.309477,0.348215,0.314594,0.262893,0.239498,0.301276,0.225263,0.357390,0.425394,0.239757,0.332966,0.463256,0.285718,0.222164,0.314437,0.128402,0.363651,0.274364,0.313732,0.345436,0.350557,0.267919,0.364544,0.335652,0.265006,0.301599,0.119588,0.206508,0.268168,0.358587,0.331539,0.242870,0.391522,0.249278,0.247996,0.189046,0.221496,0.313681,0.285757,0.146068,0.258410,0.318425,0.317849,0.269479,0.361941,0.201821,0.299804,0.329668,0.342217,0.308098,0.300138,0.332034,0.203407,0.267052,0.377593,0.265956,0.250126,0.329252,0.262378,0.299686,0.227933,0.370025,0.285072,0.397933,0.231361,0.219833,0.263118,0.335459,0.357521,0.208372,0.231590,0.197269,0.332391,0.165555,0.338775,0.186802,0.288068,0.185577,0.193967,0.243027,0.223637,0.247084,0.270279,0.277696,0.256146,0.460710,0.343276,0.198850,0.320385,0.256310,0.314359,0.253182,0.280597,0.352200,0.332183,0.419165,0.318557,0.256335,#
5,0.344003,0.353619,0.326441,0.282151,0.220305,1.000000,0.293253,0.290017,0.263766,0.330984,0.257949,0.304766,0.308643,0.214829,0.281918,0.309157,0.294042,0.358392,0.340844,0.211664,0.336328,0.346146,0.323383,0.433099,0.317996,0.265239,0.324326,0.368893,0.358198,0.298260,0.248304,0.404072,0.359774,0.242281,0.252868,0.181519,0.441878,0.290807,0.327077,0.351039,0.307914,0.310858,0.181945,0.347201,0.222480,0.367228,0.335316,0.223950,0.327593,0.359193,0.361632,0.255375,0.320012,0.222466,0.273401,0.314948,0.179390,0.394681,0.319663,0.292587,0.286650,0.314847,0.312354,0.302047,0.337010,0.280506,0.318356,0.348756,0.232747,0.288714,0.415795,0.241535,0.338450,0.428116,0.278987,0.229277,0.338730,0.319793,0.339586,0.306663,0.353839,0.298995,0.389496,0.193547,0.216342,0.363373,0.251169,0.306013,0.293315,0.284092,0.286607,0.299441,0.217029,0.300979,0.173033,0.293449,0.319507,0.158837,0.286718,0.169411,0.332981,0.347295,0.351769,0.303988,0.281834,0.243686,0.226632,0.331047,0.239144,0.265637,0.372984,0.246991,0.336367,0.302434,0.315266,0.229427,0.373748,0.310776,0.274557,0.315620,0.249225,0.285380,0.252931,0.256705,0.319571,0.284928,0.143779,0.197168,0.372321,0.404602,0.284065,0.420898,0.222679,0.271911,0.389959,0.300526,0.207365,0.242201,0.302816,0.278632,0.369335,0.320174,0.248335,0.303395,0.307903,0.249957,0.277387,0.255505,0.264879,0.277167,0.306773,0.204706,0.276733,0.333522,0.224469,0.265902,0.315018,0.236080,0.403210,0.154505,0.338491,0.240857,0.307633,0.262963,0.295425,0.179083,0.176377,0.309493,0.388564,0.393753,0.222257,0.240079,0.345838,0.257688,0.249850,0.276484,0.233997,0.258282,0.381563,0.241981,0.352622,0.350381,0.368541,0.179163,0.334729,0.367861,0.327299,0.302798,0.214693,0.295234,0.363069,0.247548,0.232947,0.278239,0.319087,0.262500,0.291861,0.351904,0.282315,0.366811,#
6,0.376112,0.404349,0.348459,0.361107,0.403108,0.293253,1.000000,0.360258,0.293267,0.284723,0.398435,0.337364,0.281806,0.418464,0.282608,0.312545,0.371752,0.351200,0.385056,0.439965,0.400985,0.371605,0.371531,0.358118,0.395454,0.306684,0.350172,0.381766,0.403424,0.358666,0.314439,0.366570,0.368451,0.319444,0.206826,0.210550,0.309554,0.375568,0.351283,0.395579,0.381265,0.356801,0.316887,0.407553,0.314275,0.341114,0.453811,0.499734,0.359479,0.430310,0.354367,0.393508,0.382802,0.369770,0.298908,0.390060,0.348439,0.419447,0.374298,0.424674,0.246118,0.316940,0.282195,0.396933,0.293156,0.440005,0.340823,0.379361,0.359327,0.333155,0.332846,0.349480,0.367187,0.356865,0.409655,0.317712,0.348266,0.395037,0.378226,0.338086,0.370841,0.422906,0.458916,0.366787,0.367755,0.397794,0.347945,0.408224,0.435639,0.405413,0.443630,0.309263,0.256397,0.451043,0.285615,0.441663,0.361141,0.376260,0.469230,0.307295,0.384145,0.380826,0.283793,0.334294,0.273271,0.492694,0.352795,0.335334,0.338135,0.398208,0.388192,0.356826,0.391841,0.380990,0.329217,0.376567,0.402581,0.333157,0.397932,0.357944,0.357145,0.440681,0.318961,0.315749,0.381660,0.371378,0.248068,0.443852,0.240630,0.382112,0.377199,0.356115,0.445717,0.259970,0.507430,0.387605,0.320852,0.439947,0.383207,0.325086,0.253495,0.211433,0.267894,0.455103,0.304560,0.398701,0.381587,0.272447,0.326051,0.282021,0.405206,0.353330,0.356645,0.355762,0.353069,0.262162,0.289592,0.292811,0.331089,0.286844,0.333839,0.362142,0.352712,0.416417,0.369046,0.304250,0.218604,0.286051,0.432344,0.463026,0.326225,0.328257,0.355730,0.291428,0.374325,0.336686,0.318112,0.323943,0.425991,0.245919,0.216409,0.245476,0.327104,0.345148,0.403286,0.312235,0.369759,0.370427,0.389461,0.333245,0.326543,0.294922,0.399484,0.299057,0.276074,0.321838,0.373274,0.347895,0.269729,0.366328,#
7,0.276533,0.358236,0.276201,0.341936,0.241305,0.290017,0.360258,1.000000,0.284098,0.389998,0.341285,0.462972,0.315992,0.362279,0.266944,0.315875,0.312650,0.418079,0.348866,0.393891,0.390284,0.383207,0.500372,0.313115,0.437636,0.254709,0.371591,0.464046,0.308018,0.313473,0.400163,0.390674,0.423323,0.309281,0.285268,0.324404,0.337949,0.329180,0.320708,0.365346,0.323199,0.323603,0.418075,0.248780,0.389013,0.435087,0.316289,0.422207,0.398190,0.351165,0.436969,0.297415,0.299509,0.375050,0.360027,0.371788,0.399469,0.418857,0.314804,0.347814,0.303188,0.224190,0.319475,0.377903,0.429160,0.287317,0.324233,0.380586,0.325220,0.476410,0.397060,0.231771,0.419841,0.472304,0.328723,0.303208,0.394766,0.379764,0.404511,0.441692,0.364640,0.379413,0.463482,0.388911,0.306004,0.373799,0.421660,0.312873,0.402077,0.463522,0.386877,0.310315,0.349027,0.330834,0.229357,0.359972,0.359375,0.249208,0.290082,0.189985,0.391200,0.302529,0.356345,0.325123,0.225733,0.437030,0.432644,0.363751,0.330922,0.324469,0.333148,0.336616,0.254478,0.363624,0.395692,0.342774,0.329870,0.308993,0.362518,0.399048,0.401649,0.405073,0.289396,0.387212,0.445175,0.390090,0.363833,0.405932,0.293702,0.369580,0.341799,0.378905,0.353288,0.322289,0.497669,0.390786,0.228129,0.473640,0.412486,0.401966,0.456107,0.450562,0.165273,0.314538,0.395026,0.329377,0.413067,0.286682,0.348984,0.262520,0.408023,0.501796,0.277552,0.232040,0.235134,0.360460,0.388645,0.328811,0.333132,0.325639,0.350741,0.324647,0.344986,0.420597,0.388333,0.251489,0.357573,0.272181,0.450609,0.385049,0.391716,0.321527,0.326424,0.244183,0.376605,0.308148,0.342068,0.329445,0.281529,0.403242,0.390798,0.379343,0.286443,0.310425,0.195215,0.338830,0.356840,0.389756,0.263217,0.422887,0.393824,0.313308,0.307251,0.315220,0.216410,0.351038,0.393818,0.380364,0.369182,0.330655,#
8,0.341399,0.281642,0.216444,0.308343,0.315283,0.263766,0.293267,0.284098,1.000000,0.176828,0.374246,0.351790,0.315834,0.342136,0.355566,0.259806,0.271712,0.298546,0.267700,0.378928,0.376382,0.311627,0.302865,0.355146,0.331544,0.309580,0.258330,0.386515,0.290209,0.376229,0.214400,0.315095,0.305692,0.324470,0.250505,0.264714,0.352300,0.391490,0.309335,0.432480,0.317455,0.269819,0.208181,0.366715,0.385688,0.323440,0.382062,0.395086,0.243341,0.289088,0.295618,0.391513,0.232508,0.446324,0.286701,0.387038,0.299837,0.303702,0.233889,0.351080,0.273560,0.203440,0.370927,0.346469,0.337877,0.279481,0.306410,0.368793,0.413588,0.353782,0.246854,0.412466,0.331450,0.301439,0.244597,0.218425,0.276581,0.301933,0.347617,0.183100,0.310465,0.343499,0.369931,0.264042,0.301332,0.330869,0.291965,0.292838,0.399468,0.365822,0.377072,0.305173,0.267026,0.305132,0.318158,0.430239,0.355142,0.322779,0.258369,0.193481,0.321471,0.209827,0.244807,0.263433,0.285123,0.252693,0.371579,0.371650,0.189759,0.367004,0.282347,0.328708,0.239363,0.336099,0.230907,0.351172,0.434242,0.289520,0.174866,0.386925,0.336410,0.276441,0.335783,0.301864,0.357554,0.419208,0.173118,0.345734,0.291554,0.316799,0.365387,0.369051,0.329152,0.297417,0.401781,0.300068,0.253988,0.394096,0.452585,0.360154,0.288822,0.308179,0.410242,0.263849,0.381991,0.250622,0.299138,0.380520,0.278924,0.293869,0.371789,0.296537,0.294499,0.303424,0.378566,0.288113,0.339026,0.169396,0.289097,0.349094,0.272074,0.303795,0.245993,0.425821,0.284562,0.262833,0.271611,0.259770,0.317315,0.351468,0.380737,0.127463,0.229052,0.379193,0.366365,0.359124,0.250814,0.311108,0.338575,0.305692,0.369925,0.280953,0.121302,0.252920,0.347184,0.295365,0.275830,0.263992,0.315146,0.285094,0.334518,0.309421,0.289761,0.246875,0.295256,0.294010,0.332375,0.168394,0.241174,0.280879,#
9,0.341454,0.328849,0.201770,0.226096,0.234294,0.330984,0.284723,0.389998,0.176828,1.000000,0.415454,0.332717,0.267159,0.328577,0.365038,0.343808,0.303151,0.249771,0.234632,0.403987,0.280480,0.353916,0.358249,0.336779,0.311760,0.251531,0.362847,0.448016,0.330032,0.232619,0.421712,0.387596,0.287298,0.316564,0.283972,0.291193,0.214985,0.360046,0.306186,0.298410,0.327934,0.356850,0.221601,0.187222,0.357990,0.440503,0.358695,0.372895,0.316774,0.263150,0.375759,0.313103,0.272294,0.281927,0.287125,0.371240,0.397203,0.344807,0.266367,0.301445,0.245622,0.317088,0.364427,0.344367,0.334484,0.341177,0.199250,0.407813,0.384269,0.252135,0.340376,0.298606,0.298319,0.356790,0.366902,0.321423,0.409420,0.247997,0.445711,0.337558,0.318200,0.335595,0.406990,0.341377,0.350162,0.434537,0.419404,0.254610,0.307600,0.326627,0.279527,0.391691,0.235456,0.326643,0.239138,0.356522,0.418733,0.269731,0.309437,0.291379,0.402563,0.319059,0.413202,0.225469,0.331522,0.317891,0.349444,0.334583,0.303126,0.242369,0.269269,0.306288,0.317176,0.356692,0.292505,0.355872,0.401686,0.391804,0.450331,0.275729,0.458780,0.402618,0.315237,0.352554,0.353337,0.364761,0.185368,0.372086,0.221765,0.292278,0.312147,0.400692,0.277993,0.307275,0.425084,0.277916,0.309161,0.361923,0.330922,0.323905,0.263121,0.341760,0.239784,0.278456,0.356234,0.228609,0.401123,0.258781,0.235379,0.384240,0.377465,0.339194,0.389831,0.340364,0.276267,0.341416,0.317890,0.326514,0.417769,0.261255,0.337562,0.245290,0.188939,0.423848,0.325893,0.309308,0.246927,0.257464,0.476040,0.376671,0.315201,0.347605,0.330180,0.336956,0.313609,0.285911,0.275035,0.155400,0.236693,0.377228,0.282437,0.356700,0.324586,0.370152,0.292318,0.344936,0.403265,0.417991,0.362911,0.237074,0.363275,0.303322,0.221215,0.311372,0.246785,0.315723,0.306001,0.219160,0.327185,0.322118,#
10,0.450758,0.493821,0.233958,0.292695,0.340146,0.257949,0.398435,0.341285,0.374246,0.415454,1.000000,0.362433,0.245302,0.410628,0.394808,0.361950,0.380148,0.370119,0.460233,0.402587,0.363776,0.415165,0.336125,0.324834,0.383595,0.240139,0.436795,0.416584,0.373656,0.391179,0.405276,0.365795,0.341950,0.393350,0.254057,0.332617,0.243454,0.394398,0.448379,0.357774,0.264149,0.248830,0.336623,0.299246,0.337290,0.373003,0.382613,0.437023,0.404114,0.379357,0.296741,0.347364,0.318175,0.372697,0.329584,0.383089,0.347024,0.374359,0.293090,0.337287,0.290219,0.320753,0.346798,0.410458,0.353249,0.374762,0.321509,0.363092,0.398714,0.326053,0.347716,0.302081,0.338887,0.371991,0.320462,0.360065,0.438513,0.260227,0.390507,0.310892,0.316898,0.405384,0.424006,0.418021,0.371654,0.360220,0.417650,0.241781,0.426281,0.373821,0.284191,0.363957,0.396342,0.321573,0.259045,0.328914,0.425442,0.275070,0.416816,0.348683,0.440152,0.288929,0.340611,0.330313,0.357222,0.342255,0.464537,0.369835,0.290559,0.355251,0.267469,0.355183,0.294557,0.394672,0.394602,0.452825,0.402084,0.251990,0.326527,0.312357,0.348531,0.336227,0.359036,0.386819,0.398832,0.362937,0.222924,0.354956,0.262006,0.409403,0.372049,0.398606,0.367637,0.269739,0.480396,0.326125,0.320837,0.431162,0.308053,0.431241,0.344739,0.275331,0.422826,0.277282,0.346182,0.328412,0.298786,0.300977,0.245610,0.399454,0.322404,0.435068,0.348139,0.367444,0.406990,0.393138,0.338247,0.227375,0.336285,0.373572,0.293327,0.330785,0.349581,0.413585,0.339801,0.286210,0.254332,0.269980,0.352137,0.459178,0.444342,0.321879,0.348825,0.358704,0.382266,0.184294,0.297534,0.293024,0.398303,0.401366,0.363749,0.311555,0.354686,0.285291,0.369037,0.366878,0.328899,0.386595,0.344240,0.274758,0.351984,0.333560,0.309835,0.294314,0.363845,0.384404,0.346007,0.390063,0.406299,0.409414,#
11,0.388639,0.433623,0.360878,0.376395,0.289289,0.304766,0.337364,0.462972,0.351790,0.332717,0.362433,1.000000,0.414071,0.300351,0.241245,0.394896,0.383644,0.459616,0.407606,0.280755,0.398402,0.446788,0.347434,0.404237,0.502977,0.410160,0.330382,0.492957,0.239338,0.446728,0.438713,0.414881,0.371727,0.366907,0.286188,0.276231,0.423559,0.439508,0.350160,0.335199,0.379687,0.412517,0.421403,0.457811,0.302430,0.427176,0.390173,0.484054,0.365919,0.278090,0.464232,0.353097,0.329803,0.421944,0.267287,0.361162,0.508965,0.407353,0.369332,0.352630,0.303516,0.379339,0.420657,0.455743,0.420685,0.359788,0.350057,0.448453,0.374961,0.407344,0.319110,0.256880,0.420611,0.451103,0.360641,0.391166,0.326926,0.377088,0.530890,0.342497,0.443990,0.269957,0.408620,0.430086,0.415827,0.372400,0.470991,0.338729,0.426840,0.367482,0.448362,0.354092,0.417738,0.459246,0.257622,0.337535,0.339847,0.369244,0.360323,0.358330,0.472033,0.339601,0.405389,0.311448,0.400080,0.477572,0.463815,0.378517,0.362554,0.435996,0.347361,0.343526,0.401790,0.422375,0.258082,0.540320,0.444821,0.294623,0.383822,0.388284,0.394566,0.459617,0.396593,0.371707,0.463676,0.403975,0.449356,0.473072,0.368135,0.354109,0.411981,0.557748,0.342811,0.319998,0.412802,0.324458,0.232127,0.491544,0.397622,0.390410,0.331431,0.404435,0.339277,0.378694,0.421785,0.390195,0.442576,0.327636,0.355377,0.341303,0.364327,0.526800,0.338189,0.362316,0.458581,0.289111,0.319984,0.264121,0.298759,0.332889,0.409609,0.328124,0.280754,0.391446,0.461128,0.308119,0.403098,0.367661,0.512332,0.395664,0.460454,0.249831,0.361024,0.323523,0.366933,0.423129,0.442756,0.324597,0.319611,0.280562,0.419147,0.377833,0.324435,0.323055,0.280331,0.431800,0.389319,0.389526,0.346414,0.346991,0.273390,0.352654,0.410269,0.156647,0.342214,0.336646,0.455332,0.308570,0.337380,0.409365,#
12,0.346077,0.367853,0.316458,0.287959,0.359001,0.308643,0.281806,0.315992,0.315834,0.267159,0.245302,0.414071,1.000000,0.299404,0.345290,0.326055,0.364966,0.310028,0.407097,0.413065,0.400512,0.280818,0.377542,0.358278,0.408965,0.314292,0.306863,0.435714,0.371572,0.411084,0.315882,0.437968,0.365712,0.321113,0.266528,0.261119,0.419326,0.363305,0.302313,0.332725,0.395327,0.269209,0.401459,0.339803,0.385082,0.432025,0.354325,0.308247,0.379088,0.288929,0.449332,0.237176,0.283009,0.399369,0.308993,0.351989,0.362607,0.393262,0.349000,0.347374,0.289432,0.336968,0.323685,0.361892,0.356394,0.345878,0.334610,0.280264,0.310848,0.266975,0.281783,0.320167,0.250967,0.298959,0.385620,0.319170,0.314198,0.341707,0.317295,0.311947,0.400364,0.330589,0.396348,0.356755,0.383558,0.446801,0.330079,0.352875,0.423316,0.373814,0.414777,0.377091,0.257686,0.393897,0.288357,0.225032,0.401440,0.365037,0.263663,0.207001,0.346570,0.362543,0.306420,0.321943,0.392451,0.356691,0.340656,0.255857,0.226792,0.395796,0.392810,0.230666,0.340468,0.437767,0.260768,0.344707,0.377752,0.398366,0.325320,0.367785,0.304961,0.421574,0.417619,0.369231,0.284955,0.418196,0.285982,0.309984,0.331059,0.252267,0.336447,0.438623,0.306308,0.218708,0.332056,0.308345,0.307101,0.379197,0.369094,0.336954,0.373808,0.368814,0.261853,0.300571,0.305087,0.354325,0.393472,0.302606,0.353585,0.274543,0.383541,0.480223,0.245954,0.322927,0.358617,0.231710,0.322768,0.161936,0.282312,0.195961,0.379217,0.369530,0.283900,0.426724,0.336511,0.258295,0.291465,0.151418,0.356011,0.429113,0.304623,0.260412,0.342943,0.296346,0.413595,0.214593,0.301772,0.303901,0.193919,0.357861,0.391156,0.360284,0.349312,0.317896,0.332764,0.384428,0.338018,0.378651,0.300550,0.195657,0.365391,0.367890,0.322367,0.309282,0.229358,0.264606,0.441780,0.254863,0.396466,0.305512,#
13,0.315711,0.423533,0.353435,0.336249,0.319092,0.214829,0.418464,0.362279,0.342136,0.328577,0.410628,0.300351,0.299404,1.000000,0.400300,0.368455,0.349825,0.293511,0.360602,0.407285,0.352022,0.374556,0.373183,0.301965,0.496111,0.378898,0.418542,0.391357,0.319877,0.276459,0.399864,0.326454,0.400245,0.344424,0.239056,0.310281,0.305645,0.422722,0.281537,0.369893,0.321345,0.306756,0.476256,0.323218,0.352466,0.322105,0.480530,0.372459,0.377318,0.318365,0.455748,0.337840,0.342023,0.330251,0.349959,0.512669,0.333058,0.335464,0.368126,0.397904,0.331744,0.345653,0.458458,0.391613,0.293716,0.334341,0.435400,0.419610,0.516743,0.417070,0.249631,0.345148,0.374538,0.382897,0.406300,0.271858,0.408274,0.394616,0.420206,0.295941,0.338406,0.439945,0.430693,0.509091,0.454271,0.368820,0.488204,0.403234,0.396412,0.411637,0.423275,0.378923,0.350947,0.384265,0.296505,0.377050,0.388475,0.305576,0.326211,0.296722,0.470259,0.365108,0.371791,0.318356,0.352442,0.448427,0.385308,0.325563,0.325562,0.362357,0.352909,0.336542,0.438176,0.409929,0.331213,0.353854,0.440409,0.345630,0.342400,0.421295,0.437241,0.422727,0.317090,0.415565,0.367033,0.370952,0.294403,0.383209,0.439824,0.324535,0.349221,0.377840,0.350762,0.363042,0.471241,0.317508,0.373691,0.403816,0.478912,0.387474,0.317555,0.326957,0.348677,0.383582,0.440558,0.447926,0.405896,0.323675,0.223545,0.414220,0.420655,0.300214,0.354349,0.368509,0.434411,0.343668,0.253456,0.343940,0.357496,0.267199,0.296447,0.445296,0.275917,0.513473,0.420947,0.351223,0.211482,0.243227,0.429837,0.454321,0.414974,0.446021,0.357311,0.289864,0.404245,0.357926,0.338635,0.244089,0.445372,0.288727,0.430161,0.318835,0.303468,0.368267,0.281318,0.368185,0.405865,0.439233,0.424767,0.391373,0.315878,0.360044,0.380407,0.283544,0.306921,0.369466,0.359558,0.299474,0.390306,0.398338,#
14,0.432420,0.367860,0.351748,0.243852,0.237859,0.281918,0.282608,0.266944,0.355566,0.365038,0.394808,0.241245,0.345290,0.400300,1.000000,0.440574,0.331983,0.328736,0.418657,0.377199,0.313454,0.332228,0.362838,0.412709,0.362682,0.254726,0.392403,0.345982,0.379655,0.333748,0.269379,0.256976,0.344412,0.277622,0.303543,0.378948,0.392897,0.399881,0.422294,0.404984,0.419782,0.321538,0.396712,0.318174,0.344425,0.408606,0.460091,0.357545,0.341470,0.238235,0.442212,0.341122,0.299177,0.311304,0.379251,0.343131,0.358214,0.294842,0.266512,0.355731,0.327590,0.413310,0.299618,0.366016,0.371510,0.343843,0.316004,0.388569,0.412354,0.339290,0.270159,0.345469,0.227121,0.451991,0.226578,0.255517,0.307478,0.382980,0.367423,0.308426,0.372443,0.233902,0.439339,0.446645,0.329006,0.416244,0.231220,0.270828,0.387049,0.385202,0.424400,0.377015,0.351186,0.362851,0.333390,0.266355,0.415118,0.300729,0.395882,0.283234,0.314799,0.320736,0.388798,0.279651,0.259487,0.369003,0.411358,0.403133,0.307664,0.352801,0.228724,0.330612,0.355659,0.250673,0.334766,0.388771,0.310911,0.370305,0.308057,0.343881,0.427321,0.358153,0.278480,0.366428,0.309583,0.303940,0.280937,0.324454,0.272763,0.326053,0.227714,0.443565,0.363220,0.201001,0.354708,0.271981,0.341875,0.375418,0.341240,0.316713,0.398940,0.343284,0.368469,0.241433,0.335117,0.319415,0.337514,0.182601,0.259046,0.313190,0.355991,0.254917,0.213299,0.349419,0.301557,0.257532,0.312187,0.265176,0.356493,0.242735,0.303606,0.361497,0.256247,0.343571,0.387064,0.267324,0.322322,0.279516,0.304351,0.430617,0.410233,0.343613,0.334732,0.405637,0.448229,0.245335,0.438711,0.320681,0.398579,0.406334,0.404710,0.418651,0.282052,0.367779,0.319775,0.392004,0.383346,0.337205,0.263235,0.242299,0.307301,0.355361,0.315843,0.424007,0.298301,0.204376,0.196508,0.302283,0.401073,0.399104,#
15,0.369036,0.348426,0.372963,0.239919,0.301282,0.309157,0.312545,0.315875,0.259806,0.343808,0.361950,0.394896,0.326055,0.368455,0.440574,1.000000,0.388889,0.465803,0.440940,0.357934,0.353348,0.401310,0.366312,0.407382,0.467161,0.312161,0.380844,0.373481,0.357270,0.285657,0.375840,0.357633,0.303987,0.395884,0.281183,0.235063,0.346165,0.360918,0.416717,0.374384,0.478860,0.298483,0.364562,0.307596,0.435896,0.375871,0.361995,0.427426,0.293828,0.286898,0.400248,0.302822,0.383777,0.328820,0.328450,0.291571,0.389247,0.415011,0.328062,0.412643,0.264983,0.272155,0.280735,0.332742,0.300551,0.279435,0.403104,0.436609,0.403270,0.318479,0.244760,0.342642,0.356846,0.318791,0.369195,0.361124,0.285582,0.423045,0.375474,0.339090,0.521861,0.284301,0.379745,0.414455,0.329521,0.393326,0.378944,0.219088,0.415154,0.413302,0.352052,0.258086,0.353222,0.475719,0.275966,0.286834,0.413757,0.336152,0.437314,0.297416,0.400303,0.272782,0.438232,0.302579,0.344132,0.353179,0.361260,0.286541,0.320809,0.471074,0.285018,0.392555,0.327123,0.302841,0.294985,0.471996,0.411026,0.294505,0.306720,0.368418,0.401654,0.370977,0.234903,0.384555,0.345882,0.243385,0.345560,0.352295,0.334799,0.252221,0.238150,0.481237,0.330340,0.318475,0.416219,0.352754,0.383832,0.308570,0.355228,0.248413,0.312750,0.360728,0.441971,0.253654,0.404926,0.395174,0.427960,0.306273,0.362986,0.366188,0.388473,0.355366,0.305221,0.528467,0.259623,0.456884,0.258879,0.291421,0.324054,0.328306,0.295344,0.365568,0.304124,0.344295,0.312106,0.367062,0.285058,0.346635,0.341389,0.424540,0.381599,0.254881,0.422132,0.261680,0.421843,0.213726,0.439363,0.253145,0.244890,0.358374,0.312814,0.362535,0.265578,0.277339,0.351831,0.402792,0.289040,0.349988,0.308431,0.251570,0.184573,0.444225,0.299540,0.364244,0.293006,0.328620,0.326896,0.293774,0.306508,0.342122,#
16,0.376128,0.320702,0.321600,0.282599,0.207793,0.294042,0.371752,0.312650,0.271712,0.303151,0.380148,0.383644,0.364966,0.349825,0.331983,0.388889,1.000000,0.378521,0.331633,0.339311,0.548972,0.390917,0.484260,0.274265,0.306007,0.314427,0.361385,0.274762,0.314145,0.306336,0.315381,0.431471,0.227257,0.361925,0.215287,0.262013,0.404281,0.321441,0.323253,0.324033,0.252238,0.257957,0.359973,0.328468,0.307702,0.371725,0.373061,0.342200,0.339879,0.225708,0.265698,0.344651,0.425422,0.306428,0.302086,0.310336,0.268561,0.317355,0.255744,0.194102,0.217130,0.380857,0.314419,0.401585,0.406905,0.280534,0.312402,0.478039,0.308783,0.376470,0.216161,0.321455,0.360296,0.266597,0.346574,0.463130,0.316738,0.379801,0.420958,0.307949,0.289578,0.284162,0.332466,0.329264,0.323637,0.438763,0.428307,0.282285,0.346015,0.287957,0.368478,0.349980,0.282462,0.315345,0.248930,0.323180,0.356618,0.273838,0.414756,0.287164,0.353891,0.246776,0.227202,0.269771,0.306678,0.379988,0.292356,0.226329,0.276951,0.353217,0.323045,0.321549,0.298921,0.292094,0.332194,0.484101,0.382260,0.296837,0.219280,0.337725,0.308195,0.349386,0.302333,0.331799,0.355206,0.266009,0.277098,0.256215,0.310872,0.352830,0.246768,0.358135,0.418834,0.204480,0.461919,0.314357,0.190383,0.377457,0.333694,0.368861,0.200024,0.346381,0.244830,0.296970,0.356714,0.310020,0.222481,0.277612,0.272712,0.233765,0.277025,0.362424,0.271057,0.300563,0.352528,0.306595,0.229918,0.193744,0.334668,0.241776,0.273861,0.396899,0.389588,0.432764,0.290092,0.192302,0.286685,0.292101,0.287070,0.326978,0.316063,0.183360,0.350266,0.213925,0.357427,0.330860,0.305359,0.216074,0.285519,0.294193,0.354389,0.345184,0.282448,0.199578,0.206350,0.311276,0.395488,0.315971,0.302517,0.258742,0.344918,0.189656,0.242142,0.280077,0.347348,0.338005,0.283646,0.310086,0.259486,0.391052,#
17,0.463190,0.353292,0.325237,0.375604,0.306816,0.358392,0.351200,0.418079,0.298546,0.249771,0.370119,0.459616,0.310028,0.293511,0.328736,0.465803,0.378521,1.000000,0.363593,0.408855,0.398738,0.403826,0.443138,0.462803,0.459403,0.352258,0.312502,0.344570,0.449095,0.376395,0.379745,0.472378,0.533273,0.408101,0.217842,0.282435,0.345822,0.515324,0.376187,0.301024,0.368597,0.292041,0.335633,0.447528,0.310447,0.398270,0.449844,0.378284,0.418591,0.380137,0.427393,0.264282,0.270660,0.394071,0.374529,0.381490,0.394554,0.477407,0.324831,0.423776,0.318012,0.405902,0.339544,0.381534,0.344117,0.402341,0.366070,0.478322,0.408111,0.419636,0.414048,0.379666,0.439989,0.419489,0.365820,0.403210,0.315795,0.429296,0.339441,0.378232,0.450703,0.419164,0.554867,0.479391,0.395409,0.344720,0.393283,0.373582,0.524624,0.481369,0.409813,0.327382,0.366476,0.387064,0.260232,0.287407,0.373216,0.441671,0.408550,0.348370,0.414490,0.302626,0.365244,0.342174,0.319804,0.436802,0.384631,0.533554,0.261841,0.352266,0.342971,0.350588,0.290530,0.399684,0.261488,0.466835,0.391423,0.337031,0.338953,0.457263,0.349332,0.337479,0.344458,0.372596,0.452446,0.439773,0.302302,0.371591,0.227386,0.270546,0.298687,0.457873,0.426760,0.460226,0.438577,0.361883,0.385309,0.343083,0.414564,0.423333,0.363640,0.380714,0.364128,0.316983,0.433066,0.338914,0.316704,0.253807,0.353992,0.255585,0.448815,0.308532,0.319775,0.446952,0.329082,0.365666,0.307325,0.289986,0.470151,0.381778,0.439873,0.373601,0.353505,0.380002,0.383939,0.406037,0.263530,0.398160,0.348935,0.382339,0.497114,0.313313,0.361155,0.351194,0.419759,0.223988,0.449693,0.359382,0.273086,0.408854,0.399719,0.511951,0.325079,0.174484,0.286649,0.373781,0.393291,0.483310,0.417309,0.363484,0.334940,0.423853,0.249823,0.270030,0.441716,0.389257,0.447106,0.267955,0.308267,0.404864,#
18,0.382078,0.424040,0.396920,0.328205,0.414454,0.340844,0.385056,0.348866,0.267700,0.234632,0.460233,0.407606,0.407097,0.360602,0.418657,0.440940,0.331633,0.363593,1.000000,0.382252,0.364421,0.361560,0.259376,0.424771,0.445430,0.395867,0.479949,0.439926,0.439966,0.335149,0.424609,0.384584,0.434839,0.277123,0.339486,0.342642,0.488049,0.407535,0.372730,0.414704,0.408636,0.341214,0.421184,0.301477,0.314819,0.381951,0.382126,0.428727,0.343324,0.342617,0.448398,0.246038,0.447471,0.516269,0.337193,0.310634,0.374966,0.451660,0.276472,0.321072,0.309007,0.332391,0.352408,0.470142,0.285139,0.432187,0.405010,0.473820,0.341866,0.232653,0.233608,0.297966,0.337896,0.376846,0.330993,0.260970,0.280715,0.429006,0.462404,0.426134,0.503757,0.337022,0.418463,0.479903,0.368496,0.314553,0.405570,0.302170,0.459814,0.355105,0.427238,0.328256,0.382837,0.425061,0.312686,0.304181,0.483029,0.379003,0.315465,0.383446,0.351863,0.406783,0.482875,0.405854,0.429010,0.370097,0.365013,0.352842,0.351943,0.473950,0.429564,0.437819,0.302811,0.426903,0.302599,0.388446,0.361977,0.342833,0.347539,0.358749,0.353196,0.473863,0.322586,0.349352,0.437661,0.362242,0.342631,0.332002,0.396572,0.331978,0.396643,0.457246,0.374485,0.296210,0.479099,0.246592,0.263033,0.425314,0.372946,0.387158,0.426472,0.269101,0.291594,0.262605,0.388073,0.339753,0.316476,0.206402,0.294055,0.310697,0.369773,0.432051,0.367107,0.341320,0.345599,0.457238,0.417351,0.373552,0.296638,0.439828,0.384348,0.391379,0.296090,0.379447,0.364016,0.329366,0.416871,0.360180,0.367675,0.446176,0.322686,0.322177,0.407962,0.209817,0.375018,0.242882,0.311719,0.391977,0.484793,0.324984,0.372827,0.413106,0.362925,0.274098,0.465391,0.392650,0.398017,0.501674,0.365068,0.336672,0.343513,0.431019,0.381683,0.337506,0.368597,0.297578,0.393233,0.391505,0.463490,0.430534,#
19,0.336429,0.371898,0.347772,0.347528,0.383469,0.211664,0.439965,0.393891,0.378928,0.403987,0.402587,0.280755,0.413065,0.407285,0.377199,0.357934,0.339311,0.408855,0.382252,1.000000,0.334080,0.427782,0.416326,0.454811,0.398837,0.425535,0.381136,0.370962,0.419559,0.442484,0.330851,0.411082,0.357458,0.379342,0.297401,0.342445,0.245294,0.412434,0.481653,0.377861,0.347565,0.274580,0.343194,0.311494,0.382650,0.458625,0.450184,0.503017,0.366882,0.357735,0.380239,0.342241,0.264404,0.492071,0.380929,0.389094,0.364792,0.422876,0.322033,0.412113,0.335878,0.305200,0.349585,0.383866,0.389184,0.390065,0.259477,0.399866,0.414654,0.371194,0.364143,0.352132,0.413215,0.298291,0.402582,0.349948,0.377025,0.439553,0.421141,0.325940,0.420046,0.377429,0.476829,0.351831,0.459231,0.360127,0.413321,0.337788,0.459751,0.409991,0.351906,0.434622,0.348386,0.378371,0.302850,0.359068,0.409912,0.449191,0.337478,0.274429,0.382942,0.281593,0.380475,0.343906,0.403603,0.406422,0.442833,0.484064,0.277289,0.344317,0.394743,0.347908,0.321206,0.426725,0.368705,0.390425,0.450617,0.465441,0.395180,0.347864,0.436022,0.443101,0.369644,0.408687,0.494657,0.461625,0.305326,0.430633,0.197388,0.324964,0.294654,0.344176,0.469092,0.379724,0.424318,0.342306,0.399332,0.397644,0.414091,0.410328,0.376138,0.318395,0.348487,0.234526,0.431892,0.345243,0.308719,0.430344,0.460602,0.274696,0.327606,0.385714,0.331666,0.438508,0.293084,0.339281,0.343682,0.316517,0.358229,0.206286,0.410071,0.417968,0.414190,0.414845,0.334334,0.368261,0.280471,0.310250,0.386883,0.402290,0.497549,0.364475,0.345973,0.288167,0.425440,0.253240,0.371156,0.334111,0.241764,0.398875,0.351928,0.451916,0.251526,0.318391,0.378595,0.367569,0.396921,0.485943,0.354145,0.273900,0.441145,0.337170,0.347119,0.466517,0.363740,0.377665,0.462525,0.386265,0.421951,0.449238,#
20,0.422861,0.365724,0.379014,0.332809,0.306910,0.336328,0.400985,0.390284,0.376382,0.280480,0.363776,0.398402,0.400512,0.352022,0.313454,0.353348,0.548972,0.398738,0.364421,0.334080,1.000000,0.412791,0.442271,0.359622,0.475384,0.322724,0.383308,0.455766,0.317664,0.372564,0.335019,0.365575,0.319164,0.336220,0.343469,0.245026,0.342664,0.359028,0.282971,0.385579,0.319929,0.435323,0.395125,0.359787,0.356141,0.438593,0.357806,0.422667,0.436474,0.274778,0.340629,0.429201,0.487925,0.374635,0.322384,0.296164,0.374562,0.360984,0.308140,0.402385,0.407274,0.242206,0.412359,0.444878,0.485264,0.286375,0.357073,0.404176,0.418289,0.408229,0.301454,0.326163,0.459975,0.369420,0.346691,0.360928,0.429706,0.382948,0.320135,0.420296,0.308554,0.271405,0.474395,0.360981,0.311497,0.458764,0.409184,0.375526,0.426785,0.409115,0.383921,0.449437,0.374737,0.416919,0.273158,0.310881,0.424532,0.361313,0.384367,0.227214,0.269392,0.295066,0.337825,0.362947,0.273268,0.402403,0.356757,0.347811,0.281510,0.445578,0.395939,0.256849,0.391566,0.407040,0.314633,0.481609,0.488065,0.275049,0.220848,0.346558,0.349323,0.368372,0.376250,0.324097,0.455083,0.366883,0.402636,0.447614,0.310993,0.433037,0.288636,0.449759,0.387868,0.274709,0.463204,0.350807,0.334549,0.448401,0.436810,0.390059,0.346336,0.391886,0.202518,0.300857,0.444780,0.250674,0.273301,0.366958,0.323974,0.361061,0.376250,0.441084,0.256306,0.284584,0.343662,0.350698,0.275130,0.206763,0.357259,0.322459,0.360473,0.411758,0.356453,0.383100,0.432804,0.299178,0.222748,0.359751,0.346492,0.360003,0.430503,0.258801,0.291072,0.292705,0.364083,0.363026,0.279206,0.202439,0.415582,0.437251,0.416887,0.381413,0.261619,0.345324,0.385156,0.286020,0.311171,0.389206,0.367794,0.301789,0.428010,0.360588,0.404696,0.328976,0.417748,0.394480,0.334476,0.337538,0.327453,0.317918,#
21,0.476432,0.478998,0.432206,0.354527,0.368835,0.346146,0.371605,0.383207,0.311627,0.353916,0.415165,0.446788,0.280818,0.374556,0.332228,0.401310,0.390917,0.403826,0.361560,0.427782,0.412791,1.000000,0.361874,0.485644,0.468907,0.309119,0.430520,0.464164,0.393288,0.393808,0.398892,0.412512,0.363656,0.477532,0.307789,0.327814,0.417681,0.450245,0.430973,0.334551,0.386690,0.426684,0.340430,0.357878,0.419705,0.395745,0.482135,0.454889,0.373533,0.398831,0.450143,0.305063,0.421055,0.434522,0.348653,0.282202,0.448122,0.410956,0.366266,0.404433,0.264661,0.309317,0.397017,0.396537,0.475334,0.373896,0.335509,0.436532,0.451798,0.498816,0.482043,0.323172,0.474677,0.369208,0.368906,0.339771,0.375270,0.336178,0.381433,0.400362,0.499899,0.377638,0.396825,0.349384,0.422878,0.384500,0.375835,0.342623,0.460800,0.484471,0.343407,0.385955,0.405804,0.347604,0.413327,0.413499,0.391703,0.407735,0.411792,0.396056,0.461817,0.279475,0.332735,0.379851,0.396804,0.484112,0.378838,0.412994,0.345668,0.401583,0.352508,0.339366,0.454755,0.435183,0.276964,0.478506,0.525435,0.294042,0.414509,0.464956,0.412319,0.479212,0.217033,0.482220,0.406064,0.446825,0.389150,0.403997,0.330398,0.324534,0.416442,0.373072,0.461338,0.386363,0.439072,0.300657,0.370501,0.381469,0.433139,0.432788,0.323698,0.390574,0.347888,0.244688,0.419003,0.382080,0.331670,0.387018,0.341841,0.329783,0.372172,0.438248,0.363254,0.434226,0.404333,0.328238,0.293852,0.315504,0.347751,0.322757,0.483084,0.339315,0.313318,0.409182,0.437140,0.285600,0.249010,0.439942,0.304316,0.424274,0.452162,0.308200,0.410180,0.340029,0.344064,0.320330,0.427077,0.327710,0.402770,0.397574,0.371752,0.443299,0.229797,0.348983,0.341097,0.409016,0.402503,0.419936,0.481621,0.285072,0.431217,0.424358,0.392085,0.275752,0.463993,0.433086,0.379120,0.370870,0.360964,0.438465,#
