0,1.000000,0.447635,0.482688,0.482501,0.471752,0.487939,0.487558,0.458267,0.460306,0.392622,0.491489,0.433738,0.427508,0.435952,0.473793,0.566545,0.556482,0.551800,0.534823,0.517335,0.493094,0.409303,0.484574,0.564283,0.383155,0.461675,0.468071,0.428303,0.469203,0.488050,0.414934,0.546958,0.474063,0.492604,0.514363,0.416176,0.419151,0.481803,0.529740,0.504958,0.505715,0.458707,0.543141,0.402796,0.500018,0.475184,0.436474,0.516724,0.494325,0.499513,0.481277,0.530051,0.502088,0.497151,0.522632,0.529366,0.544483,0.538522,0.465143,0.448841,0.479327,0.439903,0.569604,0.445589,0.505702,0.393539,0.443982,0.457543,0.426289,0.456373,0.434791,0.449953,0.517094,0.589970,0.454202,0.406650,0.530413,0.425044,0.511033,0.472897,0.449910,0.487936,0.518730,0.481542,0.481518,0.502901,0.577190,0.546851,0.511912,0.530484,0.462371,0.438660,0.522960,0.478652,0.460013,0.501458,0.475424,0.417920,0.465356,0.524977,0.484325,0.434626,0.452830,0.481534,0.425231,0.575742,0.443076,0.518605,0.499806,0.336579,0.452855,0.489610,0.435738,0.507422,0.551400,0.517985,0.468499,0.452037,0.475144,0.473954,0.418117,0.543348,0.549794,0.513842,0.577015,0.516786,0.489037,0.429356,0.452209,0.496115,0.510093,0.459917,0.455399,0.453348,0.494457,0.517308,0.450859,0.516244,0.394802,0.524747,0.480966,0.432393,0.370415,0.471976,0.416219,0.357737,0.481854,0.418586,0.485440,0.401289,0.411395,0.530317,0.462706,0.385025,0.506619,0.495448,0.557477,0.488476,0.523785,0.457120,0.487760,0.500266,0.517745,0.400989,0.456228,0.515373,0.454951,0.506567,0.525891,0.462429,0.436467,0.432507,0.517717,0.508145,0.431696,0.536685,0.556218,0.510889,0.478534,0.363812,0.493132,0.471546,0.406728,0.455706,0.469526,0.406405,0.422156,0.519499,0.501574,0.424547,0.378415,0.521542,0.401515,0.518266,0.511058,0.494964,0.382345,0.541538,0.466931,0.491433,#
1,0.447635,1.000000,0.489132,0.457982,0.420562,0.453218,0.441055,0.486003,0.561241,0.427384,0.507534,0.471823,0.440546,0.383925,0.413230,0.430931,0.442563,0.446327,0.412663,0.459560,0.422977,0.511616,0.399769,0.354788,0.426256,0.400920,0.447475,0.542225,0.383745,0.437656,0.480196,0.453049,0.402054,0.487645,0.369067,0.467192,0.417284,0.478142,0.553551,0.390020,0.433474,0.356189,0.477899,0.408623,0.445994,0.418668,0.532596,0.415635,0.473160,0.357204,0.443726,0.482648,0.492380,0.471091,0.498461,0.446516,0.462524,0.395579,0.321442,0.355260,0.431693,0.395306,0.460902,0.405065,0.414935,0.468019,0.438801,0.432230,0.450694,0.511408,0.434308,0.452170,0.547430,0.431034,0.495104,0.459609,0.395742,0.354075,0.504580,0.420208,0.480640,0.461233,0.435304,0.421392,0.501666,0.396312,0.494006,0.529654,0.471891,0.385778,0.427124,0.405870,0.439025,0.498210,0.482556,0.408112,0.383213,0.417591,0.427144,0.459180,0.507171,0.424987,0.413938,0.398095,0.350474,0.517447,0.406744,0.487137,0.462654,0.421223,0.410210,0.411722,0.402375,0.465720,0.435521,0.481761,0.463114,0.412862,0.398581,0.387824,0.361483,0.475847,0.415961,0.478016,0.463541,0.408820,0.434621,0.441195,0.466765,0.467044,0.391535,0.540618,0.415541,0.422792,0.487088,0.439059,0.466497,0.495443,0.464005,0.519618,0.505035,0.418192,0.432663,0.553397,0.499429,0.395657,0.385349,0.405722,0.460935,0.311215,0.475898,0.492151,0.419635,0.315984,0.540020,0.472387,0.405420,0.420450,0.299606,0.331858,0.392692,0.479655,0.503229,0.489986,0.408133,0.318242,0.430547,0.335575,0.391240,0.456785,0.474143,0.464763,0.448721,0.415220,0.424604,0.485005,0.467614,0.545407,0.388351,0.350496,0.447692,0.384598,0.380883,0.465954,0.463252,0.495262,0.399765,0.328837,0.497021,0.476358,0.487303,0.484630,0.345940,0.471478,0.457310,0.363275,0.313940,0.503724,0.352138,0.480245,#
2,0.482688,0.489132,1.000000,0.482948,0.500682,0.492786,0.507559,0.492823,0.537262,0.440132,0.515636,0.485616,0.418513,0.532343,0.417348,0.511840,0.429249,0.490234,0.477694,0.496322,0.512461,0.491170,0.382559,0.495753,0.443281,0.485180,0.559262,0.527412,0.497166,0.484236,0.479350,0.479967,0.477628,0.426442,0.460380,0.457664,0.471415,0.474293,0.537576,0.402785,0.454137,0.460645,0.548873,0.413603,0.487516,0.475269,0.509635,0.411008,0.450725,0.442379,0.521174,0.603753,0.531810,0.475865,0.545416,0.500675,0.526176,0.442206,0.524410,0.463461,0.615680,0.470207,0.448295,0.521366,0.524394,0.483918,0.430684,0.497153,0.463309,0.513717,0.435856,0.508832,0.464739,0.515041,0.539428,0.477825,0.462854,0.405785,0.498243,0.475471,0.508045,0.492792,0.525089,0.391958,0.535911,0.515648,0.494223,0.605460,0.459159,0.411447,0.469735,0.492742,0.578603,0.558381,0.479057,0.526567,0.499235,0.464020,0.572378,0.478660,0.469717,0.439625,0.451944,0.501727,0.366290,0.579565,0.478459,0.540882,0.466948,0.426348,0.546110,0.452766,0.521722,0.502526,0.446746,0.489928,0.502566,0.500976,0.400152,0.482367,0.434850,0.433136,0.428809,0.521874,0.524046,0.406716,0.527425,0.509694,0.500037,0.516107,0.457575,0.537347,0.530877,0.556888,0.548112,0.450833,0.517453,0.509805,0.542232,0.495654,0.454636,0.531519,0.421605,0.418573,0.531317,0.448266,0.337550,0.446028,0.483140,0.414992,0.510056,0.527859,0.521201,0.493418,0.477634,0.468277,0.509273,0.365612,0.492995,0.454309,0.395751,0.481371,0.521431,0.512193,0.415122,0.506223,0.487379,0.375827,0.452764,0.491650,0.459162,0.535336,0.533342,0.415671,0.500043,0.492931,0.488580,0.522586,0.405286,0.374409,0.486128,0.559022,0.293225,0.556147,0.481591,0.504832,0.454571,0.409479,0.498762,0.474754,0.469780,0.527497,0.594448,0.541645,0.495515,0.456009,0.330566,0.503335,0.451022,0.551617,#
3,0.482501,0.457982,0.482948,1.000000,0.522026,0.465380,0.484550,0.486268,0.596536,0.473609,0.521367,0.460957,0.470846,0.472912,0.474837,0.471831,0.472847,0.533831,0.556125,0.539649,0.520179,0.449745,0.484910,0.500850,0.468388,0.536534,0.521707,0.525443,0.514597,0.527751,0.495071,0.544805,0.566584,0.531635,0.418955,0.479028,0.449011,0.565855,0.548021,0.517914,0.481673,0.528969,0.548971,0.564281,0.464787,0.556006,0.485902,0.472484,0.446946,0.382772,0.551790,0.522203,0.561625,0.416569,0.465207,0.564668,0.506504,0.470825,0.467129,0.509408,0.490761,0.410141,0.478651,0.482241,0.646108,0.445013,0.387174,0.388160,0.353493,0.516264,0.414342,0.495414,0.537442,0.477937,0.464623,0.472167,0.434382,0.444989,0.454772,0.419949,0.585779,0.493600,0.550177,0.411547,0.519063,0.508422,0.528724,0.486346,0.504166,0.449174,0.556669,0.507223,0.499400,0.551532,0.484061,0.493145,0.438572,0.385020,0.525631,0.432989,0.473380,0.450434,0.463545,0.398256,0.585492,0.477676,0.449378,0.503368,0.423350,0.408455,0.506345,0.394705,0.445947,0.503926,0.477704,0.517878,0.413504,0.484030,0.437758,0.442181,0.447585,0.515519,0.470743,0.488210,0.484302,0.533109,0.490530,0.555900,0.422103,0.429431,0.534645,0.518655,0.495490,0.515231,0.488611,0.538917,0.471106,0.501768,0.470379,0.524347,0.374014,0.571544,0.502370,0.401844,0.477942,0.501953,0.477535,0.578497,0.481024,0.468104,0.450459,0.475968,0.421568,0.491702,0.548221,0.416916,0.472963,0.452102,0.551297,0.449210,0.459937,0.468433,0.502887,0.498200,0.421174,0.432787,0.503893,0.437434,0.478573,0.452360,0.512432,0.443909,0.479182,0.415104,0.449944,0.498713,0.568317,0.524120,0.411573,0.439715,0.414407,0.582454,0.433295,0.412537,0.425460,0.469127,0.450507,0.429855,0.498589,0.551456,0.520242,0.479387,0.456774,0.459663,0.510399,0.499258,0.462232,0.486892,0.420999,0.440184,#
4,0.471752,0.420562,0.500682,0.522026,1.000000,0.554899,0.472691,0.512658,0.522279,0.471833,0.379698,0.526420,0.481932,0.498415,0.447478,0.505895,0.502023,0.576328,0.514771,0.620896,0.625855,0.416072,0.438748,0.522049,0.433019,0.533215,0.479568,0.438442,0.510476,0.469682,0.530002,0.507790,0.522986,0.447104,0.436126,0.469528,0.564615,0.501559,0.491240,0.488765,0.511056,0.482624,0.460899,0.472000,0.503460,0.570482,0.533108,0.509006,0.508340,0.425779,0.499864,0.495064,0.552990,0.477556,0.573399,0.566620,0.481105,0.498033,0.528240,0.459342,0.463225,0.486287,0.486653,0.431266,0.513099,0.479193,0.432232,0.453413,0.394902,0.500824,0.487625,0.525637,0.508141,0.545446,0.466898,0.372756,0.415838,0.486659,0.502631,0.521401,0.496810,0.505511,0.510895,0.392955,0.554101,0.458840,0.488688,0.489216,0.459293,0.466984,0.561987,0.423961,0.503307,0.522538,0.483346,0.512245,0.461448,0.411122,0.402297,0.467669,0.491309,0.467637,0.542194,0.460794,0.460445,0.560953,0.426395,0.520191,0.545136,0.485868,0.480015,0.503585,0.484239,0.588558,0.484628,0.440805,0.535937,0.502860,0.418610,0.412978,0.389088,0.487450,0.528251,0.468094,0.554470,0.468736,0.477912,0.507695,0.581022,0.483796,0.545795,0.463517,0.494905,0.557025,0.578816,0.508976,0.475406,0.492794,0.486056,0.448090,0.421731,0.469981,0.531009,0.444319,0.506429,0.467476,0.474657,0.542285,0.456175,0.466939,0.496294,0.568165,0.446875,0.517268,0.610339,0.501536,0.603552,0.428765,0.426688,0.456086,0.478898,0.419740,0.547291,0.374860,0.363233,0.430785,0.419312,0.407111,0.492358,0.483846,0.421080,0.499237,0.629058,0.464020,0.545161,0.541011,0.597467,0.559653,0.443794,0.460900,0.455636,0.433466,0.467734,0.456080,0.547913,0.513418,0.352294,0.562226,0.499613,0.548195,0.374452,0.501525,0.432031,0.502983,0.471777,0.483539,0.439448,0.482878,0.524453,0.502383,#
5,0.487939,0.453218,0.492786,0.465380,0.554899,1.000000,0.398386,0.528894,0.509331,0.438484,0.481058,0.465843,0.430663,0.385773,0.461582,0.511931,0.458953,0.504247,0.338383,0.598209,0.460446,0.419812,0.435408,0.450655,0.440464,0.464098,0.549434,0.505137,0.503163,0.449688,0.560361,0.538144,0.530823,0.486308,0.398434,0.488543,0.459450,0.453335,0.501688,0.422465,0.561201,0.427273,0.431703,0.474346,0.491710,0.553023,0.526481,0.434387,0.536790,0.331927,0.515443,0.523522,0.451078,0.471535,0.443445,0.578619,0.496892,0.433307,0.596443,0.445266,0.441596,0.482730,0.526833,0.512705,0.562298,0.463426,0.380236,0.433341,0.434540,0.391404,0.463819,0.454360,0.544512,0.524369,0.446579,0.469762,0.483446,0.410205,0.480838,0.481638,0.539106,0.461212,0.538555,0.381063,0.421938,0.462256,0.522612,0.542889,0.480225,0.346870,0.401298,0.459899,0.573720,0.622790,0.463141,0.481050,0.418605,0.454327,0.528926,0.477153,0.467386,0.487550,0.452967,0.470242,0.425540,0.581228,0.465621,0.499120,0.448950,0.424362,0.428452,0.516362,0.400615,0.455795,0.430969,0.415201,0.509038,0.471469,0.365299,0.437236,0.367523,0.512716,0.451213,0.514045,0.426683,0.435579,0.492305,0.443937,0.476063,0.491742,0.566206,0.509322,0.561990,0.569703,0.532490,0.510947,0.506769,0.510206,0.424599,0.432934,0.422661,0.432804,0.469757,0.481180,0.514648,0.418072,0.405962,0.462393,0.469252,0.405635,0.512975,0.496510,0.468504,0.453891,0.507136,0.420675,0.541968,0.402787,0.470725,0.395885,0.473270,0.443211,0.538372,0.435684,0.425358,0.423235,0.362448,0.520276,0.520023,0.483874,0.563963,0.484782,0.522440,0.437569,0.478490,0.466211,0.506001,0.528276,0.448744,0.434732,0.510902,0.438047,0.484950,0.472093,0.492509,0.503451,0.466751,0.446106,0.439589,0.461133,0.379495,0.518220,0.407218,0.454787,0.414987,0.403962,0.357430,0.472605,0.455838,0.499628,#
6,0.487558,0.441055,0.507559,0.484550,0.472691,0.398386,1.000000,0.412846,0.484204,0.369545,0.389307,0.437333,0.446670,0.517818,0.347771,0.443994,0.460331,0.501742,0.475646,0.433870,0.541857,0.442045,0.281640,0.425342,0.428826,0.447922,0.451736,0.451687,0.420791,0.497364,0.454012,0.478707,0.418878,0.442328,0.423145,0.434874,0.359091,0.421694,0.407392,0.457719,0.410219,0.443397,0.478654,0.408159,0.512781,0.423239,0.459839,0.339588,0.532721,0.400110,0.488874,0.503196,0.514436,0.388117,0.457384,0.484047,0.428124,0.471730,0.499077,0.426026,0.468710,0.347640,0.440189,0.405682,0.542504,0.489364,0.469862,0.404261,0.410720,0.457640,0.376863,0.453422,0.414132,0.569736,0.479109,0.388953,0.430511,0.383846,0.455310,0.368629,0.419190,0.442541,0.481739,0.387759,0.386932,0.463476,0.471647,0.459848,0.448802,0.392327,0.425722,0.375207,0.407822,0.467122,0.431747,0.412583,0.496505,0.426516,0.425316,0.494916,0.450386,0.457823,0.494615,0.432793,0.340679,0.446380,0.477723,0.397102,0.427429,0.397806,0.396477,0.406860,0.358830,0.416137,0.454488,0.386557,0.530443,0.450634,0.420462,0.374492,0.444517,0.483527,0.413716,0.523931,0.525334,0.501210,0.412703,0.445330,0.353870,0.396090,0.439401,0.449359,0.480476,0.429354,0.457934,0.462733,0.460948,0.426636,0.508173,0.474377,0.420563,0.480947,0.363059,0.383647,0.389939,0.450805,0.376801,0.421417,0.425930,0.302784,0.527678,0.451552,0.410105,0.342377,0.498537,0.434052,0.435021,0.473169,0.462074,0.391582,0.377331,0.471953,0.489799,0.474739,0.398171,0.451558,0.455729,0.346834,0.424542,0.428347,0.440845,0.432102,0.410188,0.362071,0.440603,0.489824,0.466766,0.451575,0.459028,0.331956,0.425428,0.376625,0.452851,0.480890,0.417158,0.439883,0.346758,0.495051,0.363204,0.455661,0.364366,0.514813,0.381291,0.510485,0.425115,0.365683,0.383873,0.484511,0.456575,0.473098,#
7,0.458267,0.486003,0.492823,0.486268,0.512658,0.528894,0.412846,1.000000,0.613087,0.449087,0.509448,0.547910,0.428101,0.471327,0.521965,0.465532,0.515994,0.551473,0.502622,0.466193,0.492405,0.464405,0.520004,0.484992,0.559863,0.481912,0.487970,0.546996,0.477138,0.494983,0.433465,0.486524,0.497814,0.474608,0.407011,0.436583,0.471091,0.410178,0.533324,0.458030,0.515435,0.431981,0.466936,0.513655,0.525068,0.510065,0.511729,0.473379,0.452276,0.370450,0.557279,0.490227,0.481934,0.520919,0.464445,0.478698,0.490116,0.563516,0.472732,0.430434,0.438616,0.489488,0.524662,0.434172,0.545507,0.514941,0.467020,0.456887,0.448565,0.568927,0.464343,0.358706,0.590203,0.508814,0.459757,0.422916,0.448287,0.375850,0.520919,0.527086,0.518580,0.491494,0.521816,0.410229,0.505128,0.504251,0.582199,0.501593,0.473208,0.469613,0.435076,0.467319,0.515904,0.547250,0.505955,0.419048,0.459649,0.519076,0.464317,0.485329,0.516184,0.409958,0.480485,0.450389,0.402346,0.546725,0.473179,0.510820,0.435317,0.410308,0.516251,0.428187,0.491632,0.534312,0.560308,0.496735,0.472269,0.379605,0.365356,0.539733,0.461004,0.533869,0.434714,0.504523,0.555779,0.460926,0.526012,0.534952,0.440150,0.392081,0.484957,0.498630,0.570672,0.429359,0.590259,0.578539,0.445093,0.552204,0.452692,0.509869,0.492006,0.486759,0.471011,0.383422,0.494570,0.466691,0.477746,0.413337,0.467770,0.463144,0.479759,0.519197,0.480714,0.482582,0.503303,0.550915,0.502099,0.448717,0.513001,0.456041,0.504451,0.386217,0.616625,0.365423,0.364872,0.515771,0.525936,0.398767,0.466934,0.430247,0.526052,0.525267,0.508257,0.484006,0.500055,0.520362,0.470810,0.491601,0.392240,0.470389,0.543588,0.457381,0.418242,0.508250,0.422560,0.512687,0.377233,0.380153,0.471095,0.558499,0.504254,0.498812,0.456859,0.429360,0.486200,0.429121,0.367060,0.514695,0.484845,0.479547,#
8,0.460306,0.561241,0.537262,0.596536,0.522279,0.509331,0.484204,0.613087,1.000000,0.503568,0.487967,0.520365,0.490377,0.452986,0.522420,0.563985,0.435820,0.550373,0.466426,0.510383,0.438891,0.533564,0.479907,0.501012,0.362768,0.518271,0.484827,0.576177,0.474395,0.531662,0.430350,0.515434,0.465261,0.482252,0.418896,0.483594,0.476983,0.454813,0.493881,0.477404,0.483699,0.492925,0.554464,0.460439,0.534979,0.465084,0.458224,0.422527,0.508575,0.441186,0.543682,0.594544,0.470715,0.563297,0.495095,0.582381,0.505057,0.562197,0.448852,0.507475,0.519212,0.460123,0.554562,0.414054,0.551075,0.565036,0.464587,0.450777,0.516960,0.560748,0.475831,0.431292,0.548495,0.579013,0.510026,0.476126,0.429765,0.447119,0.464963,0.532955,0.540543,0.521885,0.523625,0.431518,0.527348,0.517465,0.486747,0.506392,0.417794,0.484427,0.489340,0.509759,0.558487,0.473987,0.595416,0.513254,0.492049,0.452102,0.542772,0.454928,0.488372,0.436858,0.516096,0.486813,0.457337,0.528011,0.519914,0.538279,0.428884,0.475914,0.481870,0.467963,0.478492,0.517000,0.554493,0.546927,0.499834,0.413804,0.443290,0.557931,0.459276,0.464977,0.492982,0.502961,0.516753,0.531492,0.500765,0.574731,0.438302,0.493502,0.473397,0.432236,0.552501,0.550059,0.604490,0.545664,0.449442,0.510083,0.431967,0.498551,0.461355,0.549419,0.540829,0.433347,0.474077,0.445312,0.512585,0.436317,0.486174,0.413178,0.516974,0.482027,0.460451,0.567592,0.555629,0.560282,0.530341,0.529385,0.503550,0.511297,0.452082,0.448720,0.553874,0.494679,0.460967,0.443000,0.480835,0.397303,0.510160,0.534772,0.502132,0.496359,0.516099,0.422030,0.571441,0.500102,0.466677,0.570705,0.452792,0.385957,0.506295,0.497650,0.358710,0.571891,0.488251,0.529124,0.397730,0.407773,0.517701,0.519937,0.499321,0.503386,0.523014,0.459605,0.509633,0.467735,0.444077,0.468158,0.448305,0.499634,#
9,0.392622,0.427384,0.440132,0.473609,0.471833,0.438484,0.369545,0.449087,0.503568,1.000000,0.468819,0.339670,0.415867,0.434915,0.467416,0.446777,0.424788,0.421860,0.417952,0.518233,0.522558,0.413263,0.420056,0.466823,0.350911,0.398754,0.463370,0.532837,0.420947,0.513058,0.457563,0.420541,0.414844,0.508858,0.500558,0.421636,0.363230,0.416596,0.443620,0.403936,0.516213,0.445137,0.448731,0.364207,0.446712,0.452427,0.412911,0.372916,0.362115,0.345852,0.404658,0.471968,0.363384,0.419901,0.362246,0.469416,0.402394,0.466410,0.475594,0.398929,0.448683,0.425920,0.505060,0.468923,0.488952,0.530145,0.392991,0.411864,0.419165,0.372362,0.480978,0.416887,0.428962,0.471471,0.443707,0.432126,0.263262,0.382669,0.472739,0.532990,0.434925,0.480177,0.383033,0.339407,0.500700,0.379127,0.451741,0.498923,0.340445,0.279375,0.410086,0.466217,0.527625,0.428172,0.479187,0.452601,0.417936,0.474609,0.455004,0.304219,0.401451,0.401377,0.477810,0.403196,0.507086,0.519238,0.415549,0.373455,0.476712,0.409299,0.465451,0.434912,0.479751,0.558661,0.363058,0.478229,0.330102,0.410940,0.372577,0.334594,0.380360,0.470646,0.417963,0.459571,0.424681,0.417988,0.403605,0.442754,0.461632,0.443614,0.391296,0.428675,0.493480,0.537347,0.494453,0.452467,0.416556,0.479720,0.379194,0.400015,0.319596,0.530535,0.477009,0.425126,0.371486,0.439067,0.423585,0.454196,0.397524,0.412169,0.366348,0.372098,0.479504,0.476824,0.515321,0.435615,0.432542,0.451068,0.466791,0.384854,0.451964,0.395089,0.455998,0.490530,0.380046,0.384064,0.396646,0.373594,0.560736,0.362178,0.464876,0.477990,0.436471,0.438656,0.448225,0.555761,0.412719,0.495068,0.423325,0.386403,0.420602,0.377563,0.405377,0.477695,0.417173,0.533662,0.312811,0.369514,0.553474,0.446853,0.446444,0.469887,0.385215,0.426522,0.399967,0.389239,0.342577,0.434344,0.362510,0.438687,#
10,0.491489,0.507534,0.515636,0.521367,0.379698,0.481058,0.389307,0.509448,0.487967,0.468819,1.000000,0.433852,0.350171,0.402323,0.408812,0.487405,0.436859,0.457743,0.455103,0.494790,0.428270,0.386086,0.360045,0.479740,0.372964,0.376205,0.425943,0.579085,0.438548,0.516975,0.434717,0.465426,0.468766,0.466994,0.461384,0.463506,0.401116,0.460954,0.538462,0.376403,0.506772,0.394356,0.419941,0.373379,0.434071,0.522507,0.494989,0.454874,0.510018,0.487566,0.395835,0.490248,0.455963,0.417236,0.412410,0.464791,0.463246,0.431525,0.381160,0.428237,0.440139,0.461822,0.517529,0.542159,0.569929,0.419056,0.399957,0.341202,0.379841,0.458458,0.377365,0.486143,0.504835,0.455015,0.420295,0.482921,0.389320,0.413164,0.444208,0.437117,0.564176,0.475091,0.497510,0.410961,0.488154,0.396333,0.524627,0.558540,0.439898,0.454365,0.399167,0.481818,0.541728,0.524682,0.472391,0.514934,0.371504,0.393963,0.559702,0.507310,0.402315,0.383439,0.463352,0.435421,0.494892,0.434385,0.396601,0.506309,0.417031,0.404649,0.430818,0.422554,0.403521,0.463103,0.485344,0.522508,0.400657,0.391227,0.437641,0.451685,0.428721,0.563515,0.339082,0.452839,0.357744,0.451144,0.550924,0.523577,0.456320,0.393258,0.409730,0.443648,0.462002,0.450672,0.528644,0.463478,0.396045,0.525817,0.403190,0.442887,0.552209,0.413382,0.385546,0.421201,0.409536,0.350825,0.331838,0.403794,0.439457,0.341605,0.477911,0.496458,0.513635,0.400423,0.510566,0.424723,0.532267,0.394572,0.491706,0.380529,0.519852,0.373869,0.543611,0.448047,0.407791,0.408087,0.533987,0.387975,0.490560,0.475868,0.486387,0.430369,0.381853,0.437224,0.452982,0.453587,0.509302,0.561371,0.332443,0.441881,0.441654,0.376204,0.457362,0.425526,0.411036,0.476054,0.317597,0.349417,0.438050,0.540009,0.489906,0.426258,0.432345,0.456286,0.502398,0.421974,0.291223,0.521130,0.435931,0.538950,#
11,0.433738,0.471823,0.485616,0.460957,0.526420,0.465843,0.437333,0.547910,0.520365,0.339670,0.433852,1.000000,0.472708,0.441169,0.367642,0.412869,0.444674,0.545673,0.481717,0.397589,0.446548,0.450547,0.346588,0.367839,0.433495,0.492686,0.374153,0.521143,0.435489,0.443641,0.464328,0.459944,0.470501,0.433295,0.381473,0.425303,0.490889,0.411331,0.398715,0.486933,0.429222,0.465398,0.510257,0.446543,0.430032,0.500395,0.513476,0.420916,0.450122,0.384127,0.458327,0.480822,0.475191,0.485360,0.456344,0.437159,0.359624,0.515120,0.447642,0.397308,0.397860,0.363815,0.533828,0.392094,0.506644,0.479378,0.433154,0.419998,0.476145,0.529651,0.419338,0.428214,0.501582,0.480672,0.405039,0.318677,0.452145,0.373746,0.427948,0.352793,0.517059,0.443042,0.487002,0.343247,0.470829,0.396396,0.404663,0.456273,0.451006,0.354032,0.400059,0.480808,0.513256,0.506038,0.462858,0.519117,0.426651,0.401480,0.470965,0.435743,0.409156,0.422036,0.423763,0.439629,0.399902,0.552577,0.410716,0.498957,0.482609,0.455946,0.533657,0.471162,0.483948,0.499858,0.347793,0.507345,0.406521,0.457129,0.321566,0.482796,0.349799,0.485021,0.451730,0.431365,0.475636,0.433094,0.428064,0.420488,0.487616,0.426758,0.483619,0.457271,0.537766,0.515880,0.522841,0.476525,0.398358,0.505802,0.418076,0.480309,0.445479,0.372571,0.422199,0.460902,0.494741,0.338099,0.475757,0.414969,0.378908,0.411597,0.439291,0.503312,0.441576,0.437711,0.512806,0.444533,0.509716,0.375368,0.491035,0.372499,0.370974,0.447632,0.502753,0.375503,0.418603,0.315913,0.493260,0.354479,0.448433,0.505797,0.446046,0.446561,0.459166,0.400973,0.414702,0.491193,0.431839,0.467810,0.351881,0.422263,0.482863,0.374605,0.414180,0.414803,0.441082,0.404190,0.324641,0.491251,0.459878,0.499911,0.466497,0.422224,0.509309,0.485191,0.493851,0.451629,0.376450,0.453491,0.419462,0.405932,#
12,0.427508,0.440546,0.418513,0.470846,0.481932,0.430663,0.446670,0.428101,0.490377,0.415867,0.350171,0.472708,1.000000,0.453957,0.503265,0.425107,0.540819,0.499586,0.494378,0.540615,0.450027,0.443709,0.439500,0.478874,0.362687,0.435652,0.423664,0.486719,0.517759,0.406538,0.386343,0.484053,0.492192,0.455193,0.412134,0.489417,0.431587,0.414989,0.452021,0.454606,0.367880,0.356407,0.424488,0.554981,0.433402,0.474178,0.507129,0.360861,0.465608,0.375122,0.534001,0.461997,0.444367,0.476661,0.536251,0.443799,0.366431,0.450684,0.409325,0.296306,0.344551,0.453409,0.363473,0.441874,0.584565,0.463577,0.386975,0.378121,0.452277,0.476479,0.424056,0.424574,0.494196,0.478138,0.516965,0.466031,0.443266,0.318713,0.440735,0.430227,0.492496,0.431717,0.457183,0.411729,0.401328,0.477348,0.458703,0.485324,0.504780,0.387698,0.428914,0.410608,0.484890,0.412307,0.425009,0.502963,0.585825,0.465391,0.412976,0.371074,0.404941,0.435499,0.450557,0.458989,0.429481,0.468001,0.359744,0.388600,0.402332,0.392924,0.497351,0.386288,0.417031,0.485083,0.543610,0.390369,0.471542,0.342041,0.456752,0.350482,0.445497,0.471515,0.476037,0.517570,0.485033,0.380944,0.437373,0.360174,0.382010,0.431152,0.416052,0.403874,0.410337,0.467299,0.471290,0.419087,0.453812,0.470742,0.484215,0.396591,0.484626,0.537079,0.430626,0.403592,0.418265,0.406985,0.421800,0.437732,0.430439,0.480164,0.372609,0.527003,0.411922,0.381916,0.427806,0.549222,0.491077,0.386118,0.459420,0.415862,0.413275,0.523818,0.526029,0.439579,0.493188,0.303920,0.476531,0.470074,0.403789,0.383369,0.491393,0.476339,0.448397,0.457886,0.432514,0.436664,0.535023,0.549875,0.417440,0.305818,0.437262,0.462715,0.435777,0.441655,0.369161,0.433420,0.407633,0.520936,0.439691,0.398628,0.430720,0.400311,0.414781,0.491036,0.381322,0.462754,0.395747,0.485528,0.460069,0.333913,#
13,0.435952,0.383925,0.532343,0.472912,0.498415,0.385773,0.517818,0.471327,0.452986,0.434915,0.402323,0.441169,0.453957,1.000000,0.457085,0.442020,0.492975,0.518328,0.517417,0.534691,0.523491,0.421922,0.442069,0.460105,0.379186,0.490392,0.454263,0.556516,0.507759,0.507380,0.384122,0.489135,0.531685,0.496314,0.421190,0.412451,0.473787,0.497932,0.440547,0.484881,0.525993,0.449669,0.494064,0.455290,0.568741,0.529843,0.489197,0.448776,0.523045,0.397828,0.516780,0.566426,0.462456,0.509502,0.501659,0.513225,0.442915,0.499497,0.468779,0.471325,0.515000,0.478577,0.486755,0.510662,0.520084,0.479387,0.508087,0.419344,0.467773,0.461640,0.390607,0.457006,0.368136,0.565965,0.555281,0.483659,0.458785,0.413431,0.516803,0.492055,0.501260,0.504689,0.538553,0.448908,0.438709,0.467940,0.448265,0.454138,0.525970,0.419504,0.459169,0.489643,0.507004,0.545016,0.492709,0.402040,0.494288,0.423854,0.430203,0.559765,0.437268,0.474094,0.485228,0.606881,0.447498,0.593775,0.407890,0.512840,0.479763,0.445396,0.495042,0.468313,0.541894,0.542681,0.511744,0.527970,0.473553,0.547458,0.428509,0.502582,0.451433,0.505724,0.430870,0.452451,0.533423,0.386235,0.474739,0.384916,0.488126,0.428783,0.420396,0.479021,0.461383,0.463793,0.563212,0.476847,0.447219,0.483795,0.533028,0.465054,0.304947,0.518755,0.563087,0.478035,0.428292,0.484140,0.448121,0.497304,0.459936,0.425496,0.441932,0.519282,0.397902,0.537814,0.482586,0.507048,0.476860,0.459158,0.534187,0.465579,0.462397,0.528286,0.473891,0.512502,0.407049,0.434327,0.471020,0.406717,0.536467,0.422260,0.482871,0.572251,0.530821,0.439065,0.546751,0.524901,0.524782,0.587623,0.497045,0.350648,0.426395,0.501622,0.452593,0.499778,0.537264,0.512473,0.437091,0.482557,0.374461,0.491515,0.492842,0.517516,0.473245,0.547901,0.468902,0.411123,0.399714,0.453873,0.472623,0.436212,#
14,0.473793,0.413230,0.417348,0.474837,0.447478,0.461582,0.347771,0.521965,0.522420,0.467416,0.408812,0.367642,0.503265,0.457085,1.000000,0.504663,0.492303,0.418135,0.469841,0.520533,0.495296,0.422761,0.387210,0.539634,0.369479,0.337632,0.504135,0.499509,0.480899,0.474935,0.402238,0.522497,0.454766,0.431965,0.456381,0.408016,0.418310,0.454791,0.472050,0.423451,0.394534,0.378988,0.512916,0.418522,0.483344,0.527306,0.446460,0.337451,0.362923,0.382569,0.474510,0.430581,0.443103,0.542892,0.482280,0.480628,0.463941,0.420408,0.444441,0.369705,0.446875,0.494792,0.479403,0.434535,0.455666,0.352850,0.404097,0.450683,0.398094,0.520210,0.433057,0.403688,0.455204,0.456744,0.547151,0.439634,0.474021,0.413858,0.435919,0.353957,0.500921,0.521535,0.493421,0.481146,0.445369,0.475509,0.436722,0.513064,0.460790,0.329331,0.386894,0.403167,0.501341,0.515997,0.500478,0.468049,0.594509,0.440506,0.421185,0.342671,0.461200,0.462761,0.492737,0.426352,0.488236,0.485707,0.417648,0.396164,0.390676,0.392369,0.467012,0.365373,0.480687,0.494263,0.438336,0.462643,0.436260,0.400397,0.369513,0.443162,0.466828,0.514382,0.390928,0.439210,0.543791,0.322309,0.440751,0.510875,0.397516,0.495945,0.396967,0.420305,0.425145,0.470841,0.484655,0.463376,0.366281,0.475377,0.415590,0.471278,0.404274,0.498764,0.400957,0.459245,0.371287,0.509374,0.500421,0.459692,0.381554,0.337938,0.473344,0.459671,0.334533,0.413347,0.548709,0.483741,0.471994,0.416146,0.415633,0.442171,0.404807,0.386562,0.506878,0.415404,0.383874,0.323650,0.397745,0.366743,0.406405,0.507012,0.475604,0.446158,0.494961,0.456473,0.411142,0.488267,0.502747,0.506053,0.435833,0.317993,0.458222,0.517825,0.422569,0.443519,0.442410,0.435723,0.451641,0.307671,0.408452,0.494503,0.346258,0.433319,0.480754,0.482152,0.422320,0.421670,0.330728,0.405692,0.397429,0.353386,#
15,0.566545,0.430931,0.511840,0.471831,0.505895,0.511931,0.443994,0.465532,0.563985,0.446777,0.487405,0.412869,0.425107,0.442020,0.504663,1.000000,0.512049,0.539901,0.487797,0.523907,0.460293,0.427661,0.431603,0.527815,0.406730,0.516046,0.472621,0.479417,0.483932,0.543498,0.461503,0.543897,0.437929,0.510702,0.432906,0.530249,0.492452,0.433173,0.561775,0.407020,0.457235,0.455981,0.489426,0.425839,0.549228,0.486607,0.440058,0.506702,0.491369,0.481166,0.426746,0.592838,0.501156,0.481468,0.493703,0.484172,0.507976,0.467916,0.479540,0.435717,0.512691,0.433141,0.522524,0.493234,0.473879,0.536444,0.404286,0.439426,0.388063,0.377604,0.476835,0.422472,0.434897,0.449856,0.465643,0.421317,0.433263,0.415265,0.448749,0.446608,0.565063,0.492566,0.403205,0.509764,0.540730,0.492877,0.458441,0.601582,0.443395,0.415638,0.454078,0.434703,0.482604,0.477684,0.453507,0.442553,0.494825,0.410898,0.415110,0.414675,0.533311,0.408876,0.504882,0.458795,0.402742,0.544792,0.465355,0.494388,0.390007,0.479373,0.398958,0.441214,0.455937,0.486251,0.407768,0.477156,0.428828,0.438659,0.431667,0.400645,0.466955,0.460175,0.458310,0.475332,0.461433,0.450303,0.513445,0.498987,0.456531,0.551609,0.404338,0.408183,0.458624,0.462152,0.486099,0.456137,0.361711,0.413258,0.492056,0.450697,0.381383,0.461170,0.435053,0.402429,0.451224,0.394108,0.424239,0.449248,0.503138,0.378707,0.465398,0.424291,0.521536,0.478598,0.483875,0.507409,0.556550,0.458058,0.453284,0.479630,0.428996,0.454803,0.571403,0.351565,0.446210,0.466270,0.515851,0.499075,0.550523,0.396499,0.373520,0.537583,0.390707,0.454138,0.486628,0.523270,0.550438,0.510227,0.419652,0.404479,0.494581,0.452317,0.394140,0.524759,0.438579,0.493738,0.324318,0.456476,0.379615,0.506044,0.403143,0.474896,0.469297,0.457945,0.429556,0.433043,0.438105,0.522902,0.458713,0.417259,#
16,0.556482,0.442563,0.429249,0.472847,0.502023,0.458953,0.460331,0.515994,0.435820,0.424788,0.436859,0.444674,0.540819,0.492975,0.492303,0.512049,1.000000,0.499231,0.467554,0.582446,0.562080,0.479381,0.376581,0.473884,0.382176,0.532096,0.505299,0.391078,0.446736,0.539274,0.448788,0.532507,0.505854,0.506135,0.457189,0.466889,0.491590,0.446512,0.499564,0.432461,0.458485,0.449883,0.493643,0.457188,0.474891,0.567329,0.423409,0.439825,0.457384,0.417011,0.476500,0.491716,0.545057,0.558807,0.514557,0.507930,0.412180,0.482621,0.484501,0.367219,0.393768,0.518241,0.516105,0.513414,0.541008,0.439144,0.402854,0.517667,0.512878,0.586734,0.378398,0.488000,0.563036,0.484766,0.464615,0.467123,0.421085,0.465195,0.479992,0.522610,0.517381,0.486480,0.469665,0.493004,0.467942,0.477234,0.564564,0.500545,0.498930,0.424457,0.466940,0.475026,0.530031,0.500442,0.508267,0.491586,0.533867,0.396161,0.472900,0.485399,0.420992,0.392184,0.482296,0.472589,0.427793,0.579202,0.471903,0.486339,0.469945,0.460264,0.505582,0.473294,0.511921,0.509844,0.524527,0.534164,0.532339,0.504196,0.433693,0.407906,0.465333,0.579859,0.482325,0.533746,0.555703,0.460094,0.491517,0.413264,0.445201,0.470065,0.482439,0.423843,0.577834,0.359539,0.568250,0.539671,0.401138,0.468563,0.432328,0.499091,0.415231,0.495643,0.495445,0.492543,0.472484,0.413376,0.413429,0.479618,0.515840,0.510288,0.367773,0.586277,0.390284,0.427363,0.571850,0.518659,0.511659,0.444887,0.476848,0.485786,0.406676,0.499389,0.589694,0.461441,0.436734,0.454712,0.504501,0.500302,0.489182,0.424181,0.494190,0.546330,0.419801,0.407864,0.470871,0.523475,0.447630,0.505456,0.447094,0.360888,0.467991,0.447942,0.450881,0.416423,0.495427,0.547794,0.478820,0.511141,0.436857,0.492844,0.553952,0.419305,0.400480,0.504630,0.435247,0.502880,0.381302,0.470797,0.442381,0.424965,#
17,0.551800,0.446327,0.490234,0.533831,0.576328,0.504247,0.501742,0.551473,0.550373,0.421860,0.457743,0.545673,0.499586,0.518328,0.418135,0.539901,0.499231,1.000000,0.478184,0.565905,0.539757,0.433912,0.402140,0.552295,0.509077,0.540778,0.516410,0.501765,0.468845,0.492590,0.505424,0.498019,0.505339,0.428206,0.439576,0.549133,0.412557,0.488634,0.559528,0.499519,0.554044,0.511705,0.512251,0.489060,0.477497,0.496206,0.498483,0.533263,0.501764,0.457257,0.524950,0.504492,0.493956,0.450975,0.505074,0.568740,0.517393,0.477226,0.497198,0.368717,0.459281,0.481741,0.450608,0.484237,0.532020,0.597691,0.521309,0.496979,0.462721,0.492972,0.447531,0.515382,0.486316,0.480826,0.445271,0.469330,0.440342,0.407746,0.435037,0.547863,0.532667,0.510267,0.578001,0.446569,0.454982,0.423761,0.587711,0.513400,0.503514,0.471171,0.484044,0.407781,0.563792,0.504612,0.420516,0.556760,0.514267,0.447353,0.434040,0.511430,0.501162,0.339487,0.486569,0.490312,0.425579,0.506683,0.488995,0.514091,0.455309,0.431095,0.513195,0.515487,0.460947,0.568405,0.529455,0.449728,0.460554,0.468118,0.414717,0.438299,0.446428,0.533443,0.474288,0.509243,0.603383,0.528885,0.511783,0.448091,0.437757,0.498931,0.575077,0.551356,0.562258,0.482723,0.492089,0.541054,0.480876,0.550937,0.521040,0.537485,0.497136,0.510675,0.562335,0.472379,0.499919,0.481603,0.455885,0.520019,0.445513,0.364123,0.497972,0.472512,0.449620,0.482696,0.594274,0.601467,0.588600,0.475244,0.517343,0.467049,0.461731,0.442731,0.602199,0.455299,0.462640,0.463603,0.431197,0.436112,0.534524,0.403748,0.546013,0.465378,0.511233,0.441966,0.529151,0.482576,0.529748,0.528065,0.397221,0.496290,0.506869,0.536413,0.463983,0.543392,0.487120,0.493620,0.420600,0.541639,0.471813,0.464393,0.484954,0.527940,0.526732,0.509649,0.539881,0.530040,0.393624,0.537871,0.428959,0.484196,#
18,0.534823,0.412663,0.477694,0.556125,0.514771,0.338383,0.475646,0.502622,0.466426,0.417952,0.455103,0.481717,0.494378,0.517417,0.469841,0.487797,0.467554,0.478184,1.000000,0.528019,0.529930,0.465995,0.464283,0.478163,0.442134,0.470845,0.422234,0.535285,0.480601,0.458374,0.355470,0.420555,0.501895,0.479632,0.507224,0.536215,0.470409,0.480530,0.466984,0.537258,0.533923,0.409098,0.491446,0.419693,0.564462,0.488056,0.483235,0.494673,0.441168,0.419926,0.459174,0.497542,0.563503,0.421427,0.503901,0.516673,0.449050,0.530504,0.423335,0.454005,0.492825,0.395960,0.505270,0.428509,0.576765,0.446092,0.454049,0.438553,0.338008,0.492991,0.412705,0.404219,0.439491,0.444048,0.495516,0.424146,0.485409,0.456704,0.509290,0.433055,0.459103,0.441711,0.516206,0.479205,0.422420,0.440470,0.508595,0.486451,0.469004,0.429631,0.512256,0.415799,0.487968,0.515786,0.540833,0.502332,0.525064,0.469010,0.478290,0.479518,0.475655,0.418124,0.512699,0.469335,0.514254,0.552929,0.399170,0.425214,0.466736,0.415489,0.532901,0.447662,0.547514,0.492991,0.435615,0.449868,0.420816,0.346124,0.419771,0.477981,0.435267,0.538386,0.450936,0.392717,0.500110,0.380781,0.480397,0.464289,0.559239,0.372939,0.448638,0.514253,0.408116,0.488315,0.520163,0.472247,0.477849,0.524390,0.417870,0.486529,0.374535,0.491445,0.439469,0.499657,0.465076,0.509431,0.439393,0.431154,0.427207,0.411818,0.434878,0.549732,0.418471,0.427211,0.501814,0.515659,0.539222,0.515823,0.460465,0.516300,0.466969,0.449932,0.536208,0.461204,0.443568,0.509832,0.562607,0.441870,0.457490,0.518704,0.418432,0.531330,0.503677,0.428907,0.396451,0.553375,0.532795,0.520209,0.423175,0.411177,0.438667,0.432307,0.451335,0.457843,0.454297,0.413191,0.495648,0.436159,0.437397,0.477636,0.460156,0.496080,0.456877,0.524550,0.500818,0.463854,0.348586,0.493453,0.528848,0.414552,#
19,0.517335,0.459560,0.496322,0.539649,0.620896,0.598209,0.433870,0.466193,0.510383,0.518233,0.494790,0.397589,0.540615,0.534691,0.520533,0.523907,0.582446,0.565905,0.528019,1.000000,0.536771,0.430106,0.440151,0.486443,0.413268,0.499464,0.553839,0.481401,0.519568,0.537838,0.536114,0.577930,0.482373,0.493800,0.424458,0.539430,0.470185,0.455313,0.556633,0.466485,0.554295,0.444689,0.453912,0.430167,0.499974,0.527307,0.581059,0.512438,0.488776,0.424047,0.475976,0.514149,0.473689,0.493426,0.505709,0.534221,0.527295,0.463571,0.516837,0.420942,0.523549,0.570955,0.563325,0.550523,0.605902,0.460919,0.451873,0.490271,0.408266,0.504540,0.517206,0.484139,0.516382,0.533132,0.540105,0.493060,0.446315,0.455433,0.564792,0.495930,0.540252,0.499641,0.567509,0.463341,0.477649,0.491523,0.526861,0.606390,0.525760,0.347915,0.493224,0.452583,0.585042,0.506569,0.474090,0.521606,0.549042,0.469643,0.418706,0.478303,0.519171,0.485611,0.539850,0.509885,0.533667,0.574640,0.451464,0.539006,0.453071,0.365859,0.438729,0.452342,0.546536,0.571225,0.521186,0.427335,0.588481,0.511129,0.457960,0.350977,0.465702,0.565931,0.497868,0.582890,0.598216,0.437158,0.562175,0.484664,0.513861,0.561357,0.490571,0.479634,0.516474,0.494803,0.570834,0.500558,0.496405,0.535481,0.478778,0.495791,0.429598,0.513312,0.517648,0.508145,0.480332,0.479819,0.431853,0.438710,0.527308,0.435393,0.467048,0.611849,0.447732,0.502127,0.584803,0.516755,0.555859,0.493834,0.524575,0.507172,0.566533,0.473849,0.553480,0.440002,0.519157,0.431595,0.407725,0.495287,0.541914,0.463675,0.517231,0.575786,0.573961,0.474913,0.521719,0.515054,0.550617,0.623395,0.504602,0.375121,0.403693,0.528189,0.515163,0.583006,0.575895,0.500073,0.443874,0.514169,0.512560,0.502434,0.527796,0.544518,0.430786,0.541757,0.456586,0.564029,0.385537,0.488748,0.488894,0.485548,#
20,0.493094,0.422977,0.512461,0.520179,0.625855,0.460446,0.541857,0.492405,0.438891,0.522558,0.428270,0.446548,0.450027,0.523491,0.495296,0.460293,0.562080,0.539757,0.529930,0.536771,1.000000,0.503316,0.362250,0.457857,0.485352,0.548162,0.530371,0.487224,0.497127,0.497532,0.439524,0.454080,0.503078,0.494313,0.476004,0.523177,0.501097,0.465140,0.517993,0.522076,0.518654,0.596321,0.443385,0.469535,0.602247,0.522755,0.562643,0.443002,0.455377,0.394993,0.430189,0.523823,0.495628,0.527453,0.533324,0.541337,0.522909,0.545556,0.526920,0.383413,0.521373,0.487601,0.570910,0.459575,0.544991,0.466706,0.472428,0.453835,0.483725,0.549524,0.506135,0.523606,0.451741,0.527881,0.487523,0.373750,0.430674,0.483378,0.506965,0.480344,0.470199,0.558631,0.536810,0.445907,0.440037,0.477103,0.568677,0.478069,0.547748,0.474707,0.513706,0.481366,0.535246,0.589455,0.577746,0.453924,0.455131,0.490033,0.477733,0.426976,0.531002,0.432636,0.610836,0.492221,0.506591,0.514192,0.464504,0.554534,0.448867,0.557564,0.552355,0.548952,0.501665,0.451004,0.522073,0.488880,0.556775,0.536694,0.409011,0.486237,0.503448,0.555325,0.456814,0.518974,0.529652,0.486551,0.520160,0.457807,0.559515,0.478373,0.525125,0.504519,0.525848,0.569558,0.544013,0.410865,0.474578,0.487120,0.517344,0.541456,0.464725,0.511224,0.463204,0.497711,0.499938,0.454796,0.437097,0.479551,0.485822,0.519062,0.530890,0.545625,0.421600,0.508917,0.557317,0.521748,0.522275,0.434440,0.447305,0.584793,0.481388,0.514519,0.545504,0.489097,0.509217,0.364511,0.413286,0.463012,0.523006,0.480207,0.515265,0.481192,0.550322,0.412972,0.457905,0.544302,0.448471,0.510465,0.535406,0.450627,0.476593,0.482586,0.424375,0.481291,0.476658,0.446880,0.427481,0.564307,0.453052,0.524469,0.383244,0.493715,0.440589,0.578242,0.466719,0.426539,0.432441,0.500337,0.503798,0.496259,#
21,0.409303,0.511616,0.491170,0.449745,0.416072,0.419812,0.442045,0.464405,0.533564,0.413263,0.386086,0.450547,0.443709,0.421922,0.422761,0.427661,0.479381,0.433912,0.465995,0.430106,0.503316,1.000000,0.355377,0.432246,0.336231,0.383557,0.489226,0.471186,0.467615,0.453633,0.410369,0.440743,0.467842,0.441922,0.422180,0.490542,0.512156,0.537731,0.553743,0.382095,0.448936,0.474530,0.421739,0.453167,0.488235,0.448050,0.438412,0.471666,0.398517,0.317795,0.427288,0.497451,0.372663,0.390748,0.447854,0.477495,0.481003,0.438516,0.397133,0.292117,0.456402,0.360968,0.513905,0.380985,0.572066,0.459996,0.387159,0.413750,0.457174,0.501080,0.464471,0.503872,0.503711,0.534129,0.470557,0.420526,0.354036,0.378637,0.438463,0.454545,0.428567,0.470713,0.482563,0.285436,0.467697,0.408841,0.485067,0.478126,0.428319,0.474069,0.410936,0.340490,0.426990,0.463440,0.513184,0.423768,0.484190,0.409966,0.360435,0.431564,0.519534,0.494487,0.464138,0.379544,0.375039,0.533923,0.395296,0.363381,0.443847,0.482490,0.507137,0.451488,0.390425,0.464249,0.398541,0.452683,0.524380,0.449760,0.352307,0.470339,0.373903,0.532853,0.392922,0.486072,0.461701,0.350383,0.450063,0.471195,0.463271,0.387544,0.473132,0.499702,0.521971,0.435797,0.465053,0.377035,0.364827,0.414879,0.413501,0.529643,0.467166,0.491980,0.410577,0.452875,0.444869,0.490391,0.449332,0.451441,0.371111,0.417014,0.486566,0.439996,0.385454,0.438003,0.529529,0.481101,0.425550,0.381847,0.407260,0.437239,0.426972,0.480102,0.549952,0.475950,0.497364,0.331516,0.451991,0.456770,0.415412,0.547091,0.414327,0.418076,0.417284,0.360737,0.418080,0.500964,0.420794,0.497790,0.372028,0.381324,0.402328,0.447100,0.313350,0.505182,0.411351,0.494376,0.400896,0.380876,0.380973,0.489176,0.483498,0.397303,0.448438,0.530392,0.490672,0.452727,0.407606,0.497607,0.452182,0.408569,#
