0,1.000000,0.733060,0.744926,0.713988,0.723381,0.764280,0.742048,0.745830,0.749753,0.711191,0.755998,0.748870,0.696972,0.730175,0.727735,0.772602,0.795529,0.799939,0.760707,0.757369,0.776046,0.681089,0.765468,0.803378,0.693045,0.715251,0.736560,0.724692,0.692029,0.753393,0.716522,0.765393,0.739723,0.734351,0.749788,0.743162,0.709676,0.750672,0.767902,0.761508,0.762981,0.732497,0.787350,0.725934,0.763628,0.707130,0.742215,0.785280,0.739466,0.779136,0.739747,0.773927,0.752417,0.751953,0.773534,0.763631,0.763613,0.790843,0.741262,0.746147,0.753264,0.738325,0.791187,0.754552,0.748381,0.715628,0.774849,0.748897,0.747456,0.720175,0.726790,0.722735,0.795866,0.774646,0.730151,0.710106,0.788062,0.761265,0.765403,0.721438,0.766958,0.744005,0.758762,0.749501,0.769551,0.768689,0.792029,0.770639,0.745841,0.776714,0.709896,0.749472,0.763770,0.738301,0.764769,0.752337,0.750162,0.684340,0.759995,0.762213,0.762689,0.737969,0.761834,0.774052,0.722633,0.762604,0.737840,0.774015,0.751690,0.686564,0.740039,0.756245,0.748076,0.762108,0.757481,0.786529,0.736411,0.717988,0.708646,0.724845,0.694820,0.774802,0.787959,0.808341,0.790504,0.743249,0.726686,0.699021,0.688643,0.745913,0.758498,0.744495,0.737519,0.697090,0.764120,0.774534,0.724348,0.768877,0.721110,0.770949,0.759884,0.725093,0.697022,0.755917,0.740074,0.650949,0.730006,0.682884,0.755559,0.741855,0.722778,0.775014,0.732162,0.680499,0.740081,0.754165,0.785534,0.768224,0.785682,0.713165,0.760949,0.772594,0.742758,0.723464,0.720071,0.753461,0.742386,0.728136,0.772424,0.744341,0.726361,0.740400,0.773149,0.755038,0.752112,0.737394,0.763478,0.788652,0.731382,0.699192,0.736915,0.749745,0.708001,0.735001,0.719441,0.699898,0.710147,0.770533,0.747461,0.712458,0.715169,0.776263,0.724974,0.734451,0.755638,0.760770,0.726469,0.775685,0.766923,0.726505,#
1,0.733060,1.000000,0.706899,0.698403,0.707148,0.734214,0.701661,0.738352,0.771771,0.703758,0.723424,0.721609,0.680442,0.693244,0.695536,0.714409,0.714583,0.721021,0.699019,0.721183,0.731910,0.744555,0.729541,0.698942,0.715940,0.645945,0.711852,0.745881,0.629985,0.688151,0.739572,0.728138,0.682901,0.731994,0.656098,0.744214,0.673063,0.733565,0.746963,0.726841,0.713693,0.652552,0.718139,0.709677,0.717987,0.699151,0.760140,0.708537,0.740196,0.679901,0.695998,0.732705,0.756845,0.717929,0.747784,0.724696,0.692028,0.718519,0.698833,0.650353,0.709769,0.694150,0.712971,0.683978,0.709033,0.737053,0.750039,0.733514,0.728599,0.739401,0.704224,0.725331,0.785125,0.698947,0.707372,0.692430,0.699807,0.694780,0.759809,0.685880,0.730991,0.729210,0.709461,0.720799,0.759039,0.708890,0.738586,0.760832,0.725764,0.694173,0.665960,0.697487,0.713753,0.739294,0.739950,0.710777,0.704607,0.691685,0.698461,0.708871,0.732178,0.689958,0.699797,0.710623,0.663862,0.737025,0.699489,0.749118,0.736815,0.677106,0.708614,0.710293,0.679209,0.737280,0.701858,0.736818,0.717694,0.679028,0.670543,0.655493,0.678558,0.720683,0.709337,0.736049,0.714829,0.669794,0.705206,0.695385,0.725831,0.739099,0.670758,0.764716,0.677709,0.697402,0.761212,0.714266,0.742720,0.742508,0.707732,0.731218,0.758002,0.713858,0.720484,0.745889,0.722365,0.672362,0.670912,0.662760,0.736189,0.662206,0.756244,0.759317,0.685097,0.601122,0.747113,0.714094,0.716256,0.733671,0.665896,0.650163,0.684211,0.751513,0.728137,0.747329,0.716946,0.660296,0.712232,0.641861,0.687248,0.714598,0.722155,0.709149,0.727226,0.723350,0.712594,0.722823,0.718716,0.768191,0.670768,0.703460,0.700883,0.671392,0.693072,0.732805,0.731583,0.713254,0.692453,0.624589,0.746467,0.741952,0.721447,0.727326,0.671772,0.704894,0.728370,0.646992,0.674180,0.761961,0.686104,0.738274,#
2,0.744926,0.706899,1.000000,0.692028,0.719106,0.734785,0.727191,0.748918,0.743862,0.696652,0.753695,0.718045,0.663556,0.742506,0.685241,0.727945,0.700610,0.745059,0.708667,0.730306,0.732095,0.713118,0.677117,0.754191,0.686997,0.708822,0.757731,0.745068,0.715454,0.726108,0.728253,0.719572,0.720038,0.697290,0.689710,0.722216,0.711403,0.720206,0.773138,0.683129,0.709563,0.704912,0.751802,0.701472,0.708295,0.705153,0.754228,0.691634,0.695218,0.727203,0.712707,0.764288,0.744848,0.719402,0.762208,0.728175,0.732051,0.698305,0.734818,0.716338,0.788700,0.719199,0.712275,0.752947,0.744073,0.730739,0.734425,0.711810,0.721850,0.711144,0.720396,0.732124,0.737633,0.734830,0.753953,0.719035,0.709010,0.691562,0.715430,0.731148,0.758014,0.720472,0.750344,0.679431,0.785072,0.739147,0.729169,0.782716,0.699364,0.694187,0.687112,0.749863,0.761405,0.760878,0.740835,0.741376,0.721754,0.676300,0.770271,0.718994,0.716729,0.715725,0.695717,0.726375,0.637237,0.767659,0.740228,0.741532,0.717619,0.674974,0.752297,0.705988,0.750828,0.730331,0.698076,0.724632,0.712540,0.714389,0.669322,0.686353,0.679657,0.688050,0.692573,0.770643,0.740528,0.652648,0.721090,0.697552,0.710218,0.743173,0.719951,0.764548,0.747664,0.743432,0.770131,0.728128,0.728717,0.753806,0.743281,0.711192,0.715144,0.745343,0.652206,0.674907,0.723584,0.698102,0.648609,0.664253,0.710458,0.699974,0.740955,0.741020,0.751918,0.702933,0.709230,0.725826,0.737854,0.657544,0.737373,0.674308,0.655700,0.701679,0.731736,0.728158,0.672046,0.729978,0.746139,0.638936,0.718563,0.705513,0.701809,0.741672,0.759261,0.704507,0.743934,0.691308,0.703539,0.764016,0.643972,0.659681,0.704209,0.757800,0.644508,0.774433,0.690738,0.721200,0.695893,0.682217,0.729345,0.717879,0.719427,0.720582,0.785710,0.728066,0.720053,0.709963,0.662886,0.744827,0.723835,0.737561,#
3,0.713988,0.698403,0.692028,1.000000,0.729263,0.710987,0.699647,0.699136,0.776676,0.722841,0.740532,0.710937,0.681959,0.700891,0.701132,0.738559,0.729585,0.744738,0.773831,0.728528,0.733260,0.721890,0.731147,0.741468,0.718416,0.709243,0.736313,0.715801,0.700174,0.720414,0.727164,0.748263,0.753718,0.744959,0.672794,0.729681,0.685379,0.774590,0.718567,0.742916,0.710518,0.714041,0.745959,0.740448,0.708623,0.757111,0.705676,0.698963,0.713233,0.688189,0.735916,0.716559,0.744283,0.669828,0.708730,0.761854,0.680808,0.713126,0.742383,0.708098,0.729036,0.686446,0.703145,0.720483,0.795943,0.692210,0.681636,0.676921,0.642470,0.734047,0.688617,0.716748,0.755371,0.708663,0.690816,0.688383,0.695304,0.696035,0.699315,0.699039,0.757665,0.700947,0.750170,0.668120,0.759430,0.741256,0.731164,0.719223,0.715373,0.714168,0.713585,0.713861,0.741374,0.734181,0.735543,0.742285,0.688768,0.649411,0.730248,0.680153,0.682614,0.692629,0.698270,0.684347,0.742395,0.702683,0.722643,0.726162,0.695790,0.676051,0.714082,0.664448,0.679880,0.747952,0.706636,0.741122,0.673431,0.705756,0.687729,0.660010,0.675971,0.722759,0.702721,0.720186,0.705259,0.705496,0.729998,0.740662,0.683332,0.708222,0.719152,0.744941,0.683651,0.735463,0.738189,0.766913,0.734472,0.714788,0.683208,0.712639,0.686295,0.754269,0.717600,0.641868,0.678780,0.733442,0.696389,0.754079,0.713546,0.701803,0.724307,0.718296,0.671789,0.688263,0.758403,0.669632,0.728077,0.705131,0.738159,0.665248,0.702794,0.706857,0.705250,0.719328,0.686593,0.682306,0.733857,0.657805,0.712133,0.693752,0.702335,0.709995,0.736042,0.721182,0.697835,0.729334,0.751998,0.746146,0.666833,0.709304,0.652223,0.750945,0.685003,0.697621,0.676393,0.701999,0.684121,0.656622,0.733513,0.761824,0.715043,0.707072,0.704182,0.696003,0.728498,0.713617,0.711613,0.720803,0.678683,0.696179,#
4,0.723381,0.707148,0.719106,0.729263,1.000000,0.772345,0.715982,0.725215,0.725092,0.720080,0.672690,0.736372,0.679339,0.746317,0.703146,0.724540,0.742294,0.781532,0.729184,0.797597,0.785535,0.702694,0.709378,0.760958,0.699253,0.703939,0.733262,0.697444,0.719138,0.714432,0.765898,0.745594,0.753193,0.698866,0.685346,0.734391,0.742197,0.742383,0.732154,0.745470,0.736477,0.710156,0.719835,0.739282,0.730499,0.772331,0.761466,0.741713,0.738363,0.704144,0.715386,0.716389,0.768969,0.708962,0.771375,0.770113,0.708010,0.732839,0.757841,0.723870,0.707589,0.736781,0.719655,0.717767,0.753624,0.722682,0.711855,0.720685,0.694936,0.727842,0.726758,0.764953,0.759308,0.750917,0.717695,0.660199,0.709379,0.742943,0.750754,0.740682,0.740203,0.724767,0.744369,0.681470,0.774704,0.716950,0.719753,0.717000,0.719732,0.722836,0.716788,0.696117,0.728042,0.743316,0.744176,0.741812,0.723562,0.660649,0.683266,0.700700,0.739688,0.730420,0.750190,0.730135,0.697776,0.757471,0.707845,0.741218,0.754709,0.719051,0.714328,0.735897,0.732567,0.790198,0.705332,0.706028,0.745803,0.743906,0.665031,0.666455,0.663276,0.720322,0.759835,0.737411,0.740143,0.698642,0.708350,0.727222,0.761346,0.735727,0.777887,0.732650,0.727287,0.743846,0.792343,0.750104,0.722954,0.735656,0.724582,0.692385,0.700124,0.744162,0.750068,0.696559,0.722047,0.702915,0.716108,0.699068,0.715819,0.736897,0.737304,0.797021,0.710038,0.702315,0.792875,0.727515,0.780486,0.683096,0.728101,0.684696,0.716643,0.712847,0.748327,0.682741,0.668912,0.691232,0.698418,0.657049,0.741226,0.711886,0.693618,0.744185,0.793175,0.732579,0.754042,0.748141,0.758788,0.776316,0.694183,0.711917,0.716153,0.707175,0.725681,0.714166,0.765286,0.735214,0.649759,0.744037,0.734024,0.753334,0.675880,0.704198,0.686594,0.731202,0.730344,0.718029,0.719129,0.724419,0.754396,0.727317,#
5,0.764280,0.734214,0.734785,0.710987,0.772345,1.000000,0.692669,0.760699,0.766728,0.703062,0.738740,0.739122,0.675752,0.701799,0.713776,0.757556,0.732996,0.774766,0.687565,0.788039,0.739830,0.696064,0.732491,0.742671,0.726133,0.710117,0.779617,0.759223,0.709492,0.728566,0.777693,0.761501,0.769175,0.727147,0.680379,0.767404,0.710938,0.734602,0.751201,0.728851,0.788658,0.700883,0.723772,0.741022,0.753106,0.757094,0.773117,0.738068,0.772150,0.682446,0.742584,0.753459,0.739343,0.733388,0.729216,0.804635,0.739292,0.736119,0.805433,0.742032,0.723500,0.739612,0.754818,0.777971,0.771694,0.736445,0.717404,0.732996,0.735113,0.683159,0.724190,0.731063,0.799837,0.740359,0.705543,0.729169,0.763980,0.728373,0.735342,0.722726,0.793287,0.723866,0.766756,0.715376,0.731768,0.739139,0.765156,0.774011,0.755057,0.690787,0.667155,0.744517,0.781424,0.811139,0.742230,0.732860,0.731247,0.714360,0.775826,0.723094,0.732218,0.731257,0.763173,0.754570,0.704586,0.763937,0.741583,0.754752,0.723115,0.728566,0.723874,0.779784,0.712245,0.734978,0.688476,0.733014,0.745598,0.735753,0.649861,0.722414,0.661974,0.747560,0.747318,0.789614,0.705951,0.701833,0.743775,0.701317,0.719878,0.744866,0.786579,0.782323,0.777151,0.774003,0.773709,0.750976,0.752659,0.751147,0.730360,0.715835,0.720399,0.723675,0.747063,0.749616,0.780218,0.676702,0.686648,0.715634,0.756611,0.730306,0.766235,0.772361,0.724592,0.695489,0.738121,0.725308,0.769011,0.715602,0.748569,0.697955,0.741919,0.744593,0.759108,0.726790,0.715256,0.714145,0.687605,0.734524,0.744711,0.739030,0.790312,0.755807,0.770961,0.710784,0.746981,0.708031,0.742601,0.774976,0.723679,0.724589,0.767983,0.734690,0.731814,0.727098,0.736716,0.759450,0.723283,0.716124,0.732229,0.736281,0.704177,0.767207,0.726935,0.708351,0.706034,0.698105,0.691707,0.746010,0.748713,0.730212,#
6,0.742048,0.701661,0.727191,0.699647,0.715982,0.692669,1.000000,0.704083,0.739483,0.678163,0.705052,0.718653,0.694887,0.751554,0.645179,0.711954,0.737386,0.762286,0.714647,0.689424,0.774961,0.709299,0.647971,0.722301,0.703476,0.709259,0.713838,0.721629,0.664627,0.735604,0.712978,0.721325,0.708293,0.705755,0.685519,0.731483,0.676149,0.693230,0.714191,0.712718,0.704938,0.720553,0.734033,0.714430,0.773325,0.673333,0.726619,0.670630,0.753570,0.718608,0.720636,0.733320,0.742226,0.662444,0.733133,0.740039,0.723764,0.752422,0.757747,0.684562,0.749255,0.684419,0.716965,0.700172,0.770339,0.731183,0.749466,0.687833,0.707630,0.694542,0.707795,0.727694,0.733927,0.771667,0.695131,0.683268,0.721594,0.701967,0.731781,0.687581,0.743137,0.713624,0.728154,0.698394,0.707484,0.734937,0.718300,0.722450,0.721420,0.704945,0.662823,0.686338,0.682441,0.714573,0.707465,0.698941,0.746281,0.686334,0.709482,0.728288,0.715330,0.736043,0.737784,0.719128,0.660011,0.683652,0.741670,0.698240,0.716092,0.658223,0.684285,0.711810,0.669507,0.693406,0.688127,0.698031,0.736261,0.707474,0.668962,0.668600,0.700333,0.714960,0.704957,0.770322,0.746701,0.714727,0.689432,0.710863,0.630693,0.700304,0.708296,0.734034,0.701229,0.668572,0.732747,0.731924,0.720134,0.716806,0.757194,0.732343,0.723305,0.740578,0.675756,0.681815,0.680012,0.700282,0.694447,0.674725,0.711880,0.671176,0.752758,0.732277,0.681888,0.619872,0.713891,0.694832,0.719019,0.694133,0.725899,0.678541,0.696432,0.742980,0.711959,0.721182,0.718473,0.721927,0.734040,0.625147,0.696431,0.696583,0.719602,0.720252,0.707869,0.665317,0.732403,0.718628,0.721078,0.733176,0.697237,0.679723,0.716036,0.678689,0.729581,0.730665,0.683899,0.711550,0.643393,0.721247,0.685008,0.717846,0.689569,0.712644,0.680139,0.731708,0.719378,0.700633,0.714608,0.743311,0.721201,0.704824,#
7,0.745830,0.738352,0.748918,0.699136,0.725215,0.760699,0.704083,1.000000,0.805662,0.702888,0.747911,0.749752,0.691706,0.746662,0.744371,0.694841,0.751132,0.760021,0.731950,0.737060,0.747322,0.701214,0.772471,0.753004,0.733532,0.756341,0.741120,0.762134,0.715850,0.746237,0.690393,0.749829,0.721473,0.723527,0.665861,0.738123,0.733027,0.712498,0.778326,0.728878,0.736830,0.695981,0.738474,0.751699,0.743567,0.724097,0.755922,0.742758,0.729495,0.703999,0.777974,0.745712,0.761795,0.770178,0.738857,0.745129,0.708793,0.770810,0.735955,0.737227,0.709941,0.725250,0.750750,0.738695,0.764195,0.758818,0.757022,0.734363,0.754026,0.750650,0.720612,0.676612,0.804410,0.746986,0.761255,0.713033,0.742684,0.714301,0.737011,0.732573,0.772058,0.735223,0.761570,0.704905,0.757940,0.735585,0.784330,0.758088,0.730568,0.713724,0.703954,0.757991,0.736786,0.759880,0.768099,0.697757,0.741687,0.740950,0.739286,0.733930,0.736810,0.717962,0.737607,0.741920,0.704798,0.745189,0.718030,0.748279,0.728770,0.679725,0.780769,0.708379,0.749566,0.764028,0.728564,0.752657,0.721845,0.692367,0.655399,0.748156,0.707235,0.740172,0.711462,0.802209,0.800039,0.720737,0.732616,0.747017,0.686062,0.710595,0.733072,0.737979,0.783364,0.700946,0.786678,0.785559,0.717249,0.760775,0.714571,0.757528,0.725599,0.735610,0.747000,0.703897,0.756085,0.709433,0.723216,0.669628,0.756564,0.739917,0.739223,0.746440,0.743608,0.706394,0.729326,0.768175,0.748320,0.742007,0.752184,0.715210,0.748467,0.710342,0.792921,0.692675,0.694642,0.731948,0.757599,0.675977,0.714064,0.702314,0.769491,0.774427,0.760889,0.737135,0.751854,0.701374,0.728811,0.759287,0.682970,0.727716,0.743685,0.729809,0.711836,0.737969,0.717081,0.783101,0.686569,0.667744,0.739143,0.767932,0.753897,0.736728,0.712835,0.699299,0.736764,0.709945,0.697088,0.771292,0.732730,0.722020,#
8,0.749753,0.771771,0.743862,0.776676,0.725092,0.766728,0.739483,0.805662,1.000000,0.770641,0.735607,0.756098,0.721491,0.735539,0.741641,0.772654,0.729677,0.775647,0.721379,0.743570,0.729698,0.764316,0.779227,0.747022,0.680575,0.736632,0.737943,0.782352,0.707947,0.768020,0.716594,0.766306,0.718796,0.745647,0.690168,0.762226,0.732719,0.737495,0.750684,0.736861,0.723379,0.741071,0.782286,0.728097,0.754432,0.720826,0.720167,0.723734,0.759335,0.726205,0.771948,0.772394,0.735422,0.768854,0.742601,0.797516,0.724084,0.778064,0.749854,0.741465,0.763207,0.721688,0.770430,0.737566,0.760449,0.785555,0.739076,0.739272,0.765996,0.754651,0.730602,0.710553,0.807807,0.790132,0.759656,0.714991,0.752827,0.729030,0.727730,0.754008,0.772525,0.740764,0.748154,0.723149,0.778967,0.764994,0.738593,0.763646,0.699070,0.724984,0.718793,0.746259,0.762446,0.740779,0.792054,0.752020,0.750011,0.700745,0.774193,0.723231,0.752454,0.722552,0.763038,0.774553,0.728012,0.744957,0.761288,0.771866,0.708176,0.726020,0.742478,0.717465,0.734986,0.750804,0.741036,0.778811,0.719058,0.696957,0.707804,0.765307,0.714409,0.723922,0.740095,0.772308,0.746849,0.748705,0.732278,0.755821,0.706425,0.759787,0.716047,0.725535,0.770927,0.759870,0.814188,0.758845,0.720901,0.748524,0.706734,0.738909,0.737637,0.772878,0.769659,0.726925,0.733965,0.712245,0.748051,0.695013,0.777968,0.748418,0.754551,0.750949,0.720433,0.755795,0.761245,0.770047,0.763808,0.768600,0.760324,0.721635,0.734257,0.738691,0.783246,0.746235,0.748240,0.720356,0.741737,0.657332,0.752669,0.755404,0.776075,0.759117,0.761678,0.705929,0.778958,0.728395,0.722569,0.793374,0.697295,0.694938,0.741829,0.744900,0.689013,0.778005,0.742544,0.760894,0.717010,0.698414,0.753386,0.762456,0.744404,0.748966,0.754522,0.730446,0.742058,0.721395,0.727875,0.747179,0.740440,0.751099,#
9,0.711191,0.703758,0.696652,0.722841,0.720080,0.703062,0.678163,0.702888,0.770641,1.000000,0.720085,0.675723,0.692924,0.707191,0.724642,0.727383,0.714780,0.729607,0.727149,0.731112,0.776379,0.680644,0.711051,0.754010,0.672319,0.671784,0.711576,0.766635,0.655715,0.752292,0.693799,0.702716,0.701148,0.733055,0.713507,0.725518,0.695686,0.709871,0.738050,0.697508,0.744332,0.714484,0.732282,0.688565,0.741565,0.704776,0.696798,0.714033,0.685235,0.676320,0.688323,0.704062,0.691071,0.684294,0.694495,0.736167,0.694252,0.755110,0.716002,0.687874,0.728058,0.689370,0.754949,0.724076,0.718691,0.758859,0.707337,0.707661,0.725040,0.660777,0.723919,0.697598,0.720694,0.703226,0.700867,0.681091,0.660335,0.720712,0.715654,0.751605,0.743503,0.728678,0.691409,0.704206,0.756637,0.697074,0.688960,0.759065,0.691467,0.621694,0.671785,0.730625,0.747405,0.707818,0.757143,0.709439,0.713959,0.716378,0.744987,0.636676,0.693489,0.700119,0.759907,0.724554,0.728266,0.721604,0.711570,0.695392,0.732812,0.712651,0.750099,0.718471,0.742285,0.754766,0.668768,0.752985,0.636795,0.679675,0.650933,0.685690,0.674946,0.732296,0.723641,0.744724,0.713361,0.686828,0.693676,0.699127,0.725023,0.705449,0.687206,0.720748,0.719337,0.745421,0.755183,0.690811,0.694466,0.723720,0.692512,0.704364,0.666141,0.747453,0.748417,0.712466,0.683959,0.691775,0.701201,0.700858,0.705555,0.700853,0.679677,0.688102,0.705688,0.702621,0.742062,0.714830,0.713950,0.726545,0.723900,0.701340,0.709930,0.723408,0.719968,0.736707,0.715788,0.679326,0.683615,0.651574,0.739262,0.684099,0.743567,0.725227,0.729039,0.693134,0.720673,0.753667,0.703731,0.764311,0.693970,0.695317,0.705179,0.680569,0.719338,0.696284,0.683067,0.745484,0.634698,0.669081,0.784362,0.705069,0.716982,0.731300,0.699279,0.674651,0.701146,0.674792,0.688963,0.725369,0.697629,0.688038,#
10,0.755998,0.723424,0.753695,0.740532,0.672690,0.738740,0.705052,0.747911,0.735607,0.720085,1.000000,0.710232,0.668387,0.702464,0.673713,0.728568,0.745458,0.727126,0.739390,0.726696,0.741973,0.669059,0.715533,0.760325,0.670261,0.693872,0.710448,0.782955,0.676947,0.750144,0.703106,0.729766,0.718846,0.721943,0.729384,0.757552,0.705493,0.738556,0.741973,0.704246,0.746785,0.689963,0.720416,0.696854,0.737465,0.756012,0.755856,0.733112,0.754239,0.770499,0.708298,0.743569,0.744907,0.704840,0.718768,0.746903,0.701467,0.730094,0.721265,0.721138,0.753732,0.743970,0.760642,0.773258,0.770865,0.701113,0.750493,0.672976,0.721732,0.714839,0.708721,0.732611,0.779842,0.704956,0.706710,0.737797,0.715144,0.754104,0.723663,0.691421,0.813999,0.722979,0.724530,0.713942,0.758092,0.706125,0.746801,0.766570,0.702083,0.739789,0.665207,0.765460,0.770262,0.744827,0.754310,0.780675,0.709223,0.680097,0.777685,0.745176,0.689492,0.701903,0.732590,0.764984,0.748478,0.720140,0.705416,0.739764,0.716751,0.689306,0.725295,0.719795,0.725902,0.739437,0.708051,0.781440,0.689960,0.685579,0.678276,0.698416,0.693683,0.748605,0.665113,0.753836,0.694704,0.680342,0.755056,0.733424,0.705534,0.702891,0.696026,0.723543,0.707168,0.712370,0.770012,0.758828,0.703488,0.736870,0.699524,0.758955,0.774297,0.712490,0.683209,0.703422,0.696843,0.643452,0.659284,0.680655,0.749650,0.700231,0.739640,0.743070,0.732075,0.669468,0.738488,0.718413,0.768175,0.742891,0.738976,0.685694,0.771111,0.695716,0.732696,0.743766,0.713143,0.680922,0.765374,0.657201,0.743846,0.747713,0.738545,0.743954,0.702591,0.705585,0.734681,0.701360,0.737137,0.789307,0.661814,0.729119,0.698835,0.692581,0.735424,0.711301,0.694473,0.725314,0.658433,0.674852,0.712517,0.763130,0.739279,0.712474,0.727642,0.709294,0.737520,0.727740,0.683040,0.760767,0.723593,0.752053,#
11,0.748870,0.721609,0.718045,0.710937,0.736372,0.739122,0.718653,0.749752,0.756098,0.675723,0.710232,1.000000,0.721213,0.728793,0.685147,0.722690,0.737117,0.775468,0.740631,0.695132,0.730533,0.713883,0.702673,0.722279,0.707374,0.725145,0.682894,0.739826,0.699211,0.716964,0.723072,0.746602,0.738962,0.730254,0.676920,0.731184,0.749968,0.731867,0.713928,0.752916,0.720764,0.710108,0.738812,0.717717,0.734155,0.723276,0.765161,0.723633,0.732546,0.724955,0.717934,0.728129,0.731707,0.735817,0.747119,0.735856,0.651929,0.762115,0.727732,0.693724,0.705266,0.684644,0.772784,0.712772,0.750436,0.747316,0.748890,0.730666,0.750500,0.742077,0.727299,0.724118,0.760563,0.733026,0.716955,0.659387,0.762589,0.715912,0.715403,0.669354,0.753350,0.717150,0.749363,0.689948,0.758006,0.711875,0.701516,0.736469,0.707333,0.675533,0.673416,0.752666,0.739469,0.751772,0.746241,0.744635,0.721813,0.686784,0.749830,0.724156,0.691266,0.731940,0.728628,0.736549,0.706869,0.745890,0.709836,0.771213,0.748341,0.731551,0.774719,0.735112,0.734455,0.741053,0.652548,0.763107,0.713138,0.713695,0.646777,0.732596,0.642271,0.729388,0.737704,0.761229,0.740104,0.693763,0.716016,0.699800,0.729131,0.716524,0.735092,0.734989,0.743504,0.737914,0.759657,0.740967,0.717153,0.748787,0.700250,0.721613,0.724447,0.698764,0.717580,0.736715,0.759255,0.670288,0.721514,0.694240,0.716387,0.723314,0.722678,0.740792,0.717467,0.695733,0.743175,0.730931,0.766144,0.690361,0.763105,0.678323,0.704625,0.761677,0.749984,0.710739,0.734811,0.657725,0.745972,0.652272,0.730010,0.762723,0.722583,0.728943,0.757471,0.723329,0.728714,0.715339,0.722658,0.756330,0.661700,0.729736,0.740444,0.693257,0.730036,0.700140,0.724176,0.688543,0.660991,0.734000,0.736210,0.756730,0.728987,0.714943,0.747684,0.741586,0.740052,0.705133,0.715854,0.738502,0.721022,0.707804,#
12,0.696972,0.680442,0.663556,0.681959,0.679339,0.675752,0.694887,0.691706,0.721491,0.692924,0.668387,0.721213,1.000000,0.716593,0.721326,0.686918,0.734859,0.750966,0.741243,0.721494,0.723637,0.664381,0.715988,0.744605,0.654348,0.685750,0.685053,0.726450,0.690239,0.672668,0.659373,0.723063,0.713574,0.717568,0.692495,0.734393,0.704031,0.703725,0.709862,0.713403,0.649350,0.640181,0.703645,0.735898,0.723633,0.711073,0.731277,0.651070,0.706832,0.671139,0.754622,0.678890,0.689153,0.692353,0.754057,0.710626,0.654015,0.724697,0.667429,0.642318,0.680648,0.712390,0.688009,0.719234,0.766005,0.714198,0.690297,0.667877,0.731117,0.694627,0.689833,0.670824,0.753686,0.698087,0.745211,0.699729,0.724369,0.654835,0.697423,0.695451,0.732121,0.681724,0.696286,0.700598,0.677661,0.710961,0.677113,0.724148,0.719302,0.650028,0.669087,0.678527,0.713585,0.667425,0.699320,0.738876,0.775219,0.691059,0.692277,0.654615,0.647630,0.706665,0.727428,0.743974,0.659287,0.677090,0.686006,0.677565,0.704767,0.681314,0.723418,0.677404,0.693615,0.690883,0.732954,0.703198,0.690289,0.639754,0.673496,0.671814,0.673086,0.708305,0.711138,0.758685,0.738259,0.660524,0.696394,0.640861,0.649011,0.688580,0.673766,0.675056,0.658668,0.693372,0.717499,0.697414,0.695574,0.715361,0.706032,0.676665,0.731642,0.738851,0.691317,0.689572,0.664802,0.672068,0.684303,0.662150,0.701381,0.742911,0.690299,0.728090,0.694814,0.620051,0.682864,0.769216,0.730821,0.705497,0.724767,0.668253,0.689381,0.743063,0.732728,0.696814,0.752872,0.619479,0.714375,0.693403,0.664471,0.678077,0.719625,0.721365,0.711350,0.699858,0.695856,0.676282,0.749927,0.768329,0.659244,0.626943,0.687856,0.699809,0.704632,0.683989,0.642151,0.685015,0.656550,0.727263,0.696067,0.667000,0.677577,0.681953,0.682008,0.696520,0.676655,0.707996,0.681278,0.721587,0.721010,0.622657,#
13,0.730175,0.693244,0.742506,0.700891,0.746317,0.701799,0.751554,0.746662,0.735539,0.707191,0.702464,0.728793,0.716593,1.000000,0.712613,0.715286,0.735233,0.783216,0.753485,0.746888,0.775682,0.706379,0.736286,0.740652,0.684542,0.725584,0.705739,0.775441,0.713892,0.764016,0.686268,0.729424,0.754981,0.741575,0.659168,0.715464,0.720320,0.758889,0.731717,0.742262,0.773336,0.724225,0.747098,0.733329,0.794946,0.747887,0.733881,0.730423,0.775420,0.714149,0.743714,0.775689,0.732548,0.745967,0.762240,0.771133,0.713170,0.768993,0.741623,0.718736,0.757734,0.740818,0.743649,0.775582,0.778110,0.736826,0.760214,0.718294,0.753382,0.724123,0.690955,0.735871,0.725905,0.762237,0.761016,0.727046,0.739627,0.735055,0.776960,0.763020,0.765267,0.744195,0.767898,0.733295,0.738023,0.737781,0.703469,0.724309,0.771823,0.714735,0.688635,0.745473,0.748837,0.770580,0.770391,0.706298,0.733366,0.689755,0.725043,0.762512,0.724827,0.743169,0.753881,0.801561,0.703566,0.765988,0.731418,0.762723,0.760670,0.711222,0.743388,0.744854,0.770904,0.769929,0.751107,0.771758,0.705277,0.753388,0.702540,0.740414,0.719107,0.751256,0.717514,0.741484,0.756552,0.680317,0.723880,0.684677,0.708975,0.712110,0.708074,0.740650,0.725457,0.717226,0.791949,0.734182,0.719968,0.757489,0.754179,0.738414,0.698324,0.776993,0.780103,0.732732,0.692931,0.718681,0.727102,0.693430,0.733864,0.713197,0.735633,0.773580,0.708311,0.724343,0.725228,0.743351,0.760795,0.719884,0.776041,0.723086,0.729709,0.755528,0.731664,0.748119,0.723052,0.711777,0.744884,0.685494,0.761899,0.706348,0.737108,0.769282,0.778410,0.736394,0.781650,0.742659,0.758626,0.818401,0.720334,0.687267,0.703989,0.743224,0.736501,0.742189,0.768243,0.763281,0.700466,0.729696,0.684331,0.730234,0.730673,0.729396,0.735621,0.766259,0.762018,0.706871,0.728381,0.746944,0.751171,0.690960,#
14,0.727735,0.695536,0.685241,0.701132,0.703146,0.713776,0.645179,0.744371,0.741641,0.724642,0.673713,0.685147,0.721326,0.712613,1.000000,0.722870,0.721507,0.716604,0.699345,0.748471,0.745618,0.654873,0.695322,0.758625,0.665733,0.628515,0.715350,0.720179,0.681205,0.710130,0.695647,0.741448,0.702211,0.691473,0.686206,0.695824,0.668331,0.713180,0.727824,0.691118,0.679233,0.675282,0.730878,0.715361,0.724766,0.719525,0.707752,0.662552,0.653816,0.683226,0.703588,0.678227,0.695219,0.752783,0.733916,0.718412,0.687241,0.711703,0.713776,0.661945,0.720926,0.740692,0.724703,0.718939,0.715233,0.653788,0.708411,0.710958,0.694421,0.731825,0.674590,0.674089,0.732961,0.688514,0.751559,0.683615,0.732437,0.706413,0.698277,0.661361,0.745743,0.732058,0.731674,0.727842,0.717489,0.718275,0.687010,0.738853,0.720640,0.623118,0.625313,0.670758,0.737966,0.744723,0.746251,0.721904,0.775078,0.683448,0.703198,0.643011,0.718337,0.721615,0.745200,0.706217,0.714994,0.695028,0.692703,0.687727,0.689309,0.666495,0.724083,0.665597,0.744918,0.728397,0.692096,0.717266,0.697093,0.653291,0.646363,0.668590,0.707179,0.738999,0.684410,0.719846,0.751282,0.617890,0.691510,0.726662,0.640929,0.720531,0.666399,0.693579,0.692923,0.692107,0.726034,0.723903,0.663761,0.726470,0.681333,0.689803,0.697385,0.727758,0.680849,0.715144,0.652071,0.726677,0.715737,0.652143,0.681943,0.650175,0.716516,0.722055,0.654440,0.664498,0.742797,0.715605,0.717536,0.694978,0.686186,0.687149,0.677960,0.678876,0.720924,0.682981,0.672015,0.640792,0.681089,0.640478,0.668075,0.727721,0.708851,0.697529,0.730344,0.719441,0.704474,0.702493,0.713806,0.764310,0.664908,0.633684,0.689630,0.736010,0.702485,0.695289,0.699483,0.680043,0.676730,0.635313,0.685737,0.696490,0.652410,0.678041,0.716545,0.689024,0.702234,0.694414,0.679622,0.696944,0.698712,0.628145,#
15,0.772602,0.714409,0.727945,0.738559,0.724540,0.757556,0.711954,0.694841,0.772654,0.727383,0.728568,0.722690,0.686918,0.715286,0.722870,1.000000,0.756857,0.766367,0.737285,0.738607,0.728308,0.711291,0.721295,0.773099,0.710504,0.703609,0.721532,0.720779,0.687846,0.755183,0.727777,0.779572,0.720565,0.752875,0.690154,0.788371,0.740559,0.723243,0.770659,0.694204,0.704229,0.703414,0.740050,0.717728,0.780080,0.723229,0.718285,0.762914,0.741150,0.753125,0.700409,0.762664,0.730158,0.706827,0.734967,0.735926,0.717638,0.731792,0.740522,0.709381,0.751207,0.706649,0.750160,0.757866,0.728587,0.768824,0.709470,0.724572,0.697405,0.673580,0.729715,0.695944,0.711248,0.702683,0.728683,0.678919,0.743382,0.724037,0.729730,0.701882,0.778711,0.722318,0.687838,0.747936,0.780318,0.759093,0.691650,0.787233,0.710889,0.685917,0.669949,0.692034,0.732228,0.731982,0.722941,0.724953,0.744758,0.663221,0.714752,0.695571,0.759654,0.709021,0.754048,0.754568,0.688970,0.731945,0.740953,0.748963,0.690025,0.728895,0.685966,0.703542,0.724402,0.732852,0.680151,0.724497,0.697166,0.712832,0.690045,0.688099,0.701355,0.713988,0.734612,0.758782,0.715399,0.699695,0.746970,0.732802,0.711656,0.772948,0.684405,0.702827,0.702276,0.704956,0.760083,0.712492,0.690910,0.694065,0.740957,0.713366,0.689357,0.717472,0.717429,0.686722,0.705791,0.674860,0.686620,0.688959,0.749612,0.698471,0.741609,0.710666,0.742592,0.704310,0.725442,0.729617,0.780301,0.716525,0.734735,0.695606,0.708795,0.749005,0.770908,0.690507,0.731638,0.717504,0.749154,0.708335,0.769780,0.687100,0.682602,0.771792,0.701825,0.722213,0.732779,0.744238,0.751936,0.766858,0.686167,0.705680,0.729610,0.713865,0.698133,0.760361,0.704306,0.714642,0.648638,0.705448,0.678171,0.733165,0.675168,0.729612,0.728007,0.698722,0.708692,0.697447,0.732957,0.754982,0.744002,0.696880,#
16,0.795529,0.714583,0.700610,0.729585,0.742294,0.732996,0.737386,0.751132,0.729677,0.714780,0.745458,0.737117,0.734859,0.735233,0.721507,0.756857,1.000000,0.767893,0.748262,0.763444,0.802460,0.727022,0.685132,0.766600,0.697327,0.748680,0.751881,0.685194,0.677495,0.750662,0.722610,0.777326,0.755798,0.748181,0.714640,0.763344,0.751388,0.734863,0.752508,0.743669,0.719116,0.722660,0.738452,0.739189,0.742709,0.758216,0.717416,0.741625,0.738125,0.753914,0.714228,0.730730,0.767009,0.777606,0.757716,0.765680,0.660239,0.757342,0.747661,0.685158,0.734379,0.757022,0.748972,0.737127,0.760306,0.719845,0.745215,0.755816,0.764012,0.770735,0.708340,0.727545,0.784117,0.734679,0.744759,0.707633,0.730884,0.753020,0.736696,0.767399,0.790506,0.746042,0.742775,0.763060,0.769097,0.755730,0.765425,0.754709,0.755288,0.733690,0.673055,0.724990,0.773929,0.735459,0.774022,0.767230,0.764158,0.676085,0.753422,0.741194,0.710365,0.711491,0.747312,0.757489,0.695825,0.789993,0.777122,0.755776,0.765465,0.715899,0.762007,0.742721,0.759051,0.769578,0.753739,0.759914,0.764230,0.737635,0.686329,0.668472,0.722058,0.763096,0.755610,0.787999,0.791699,0.699601,0.739670,0.688208,0.706184,0.745438,0.740639,0.726808,0.759644,0.668964,0.805847,0.794823,0.727511,0.725171,0.719551,0.751226,0.725378,0.741537,0.748171,0.733388,0.713211,0.685594,0.716433,0.706981,0.740528,0.757975,0.699067,0.783976,0.684341,0.690930,0.780300,0.756121,0.756963,0.735482,0.744036,0.735680,0.704207,0.748333,0.774798,0.724026,0.735237,0.725940,0.748263,0.715546,0.754356,0.702591,0.739682,0.767045,0.741701,0.719310,0.748203,0.741259,0.716466,0.788761,0.711940,0.689571,0.704259,0.711988,0.735812,0.707770,0.732313,0.753438,0.727407,0.753174,0.732412,0.731285,0.763124,0.707462,0.729151,0.718659,0.720058,0.746181,0.735099,0.748035,0.734446,0.708082,#
17,0.799939,0.721021,0.745059,0.744738,0.781532,0.774766,0.762286,0.760021,0.775647,0.729607,0.727126,0.775468,0.750966,0.783216,0.716604,0.766367,0.767893,1.000000,0.744355,0.784670,0.789446,0.725248,0.731766,0.807426,0.757029,0.740411,0.767418,0.754352,0.705419,0.760035,0.760932,0.756346,0.749185,0.714848,0.708822,0.802898,0.717838,0.774530,0.791838,0.768940,0.778393,0.758927,0.773761,0.754014,0.763273,0.741981,0.764685,0.785220,0.768899,0.759872,0.782692,0.753880,0.756521,0.727069,0.774070,0.799804,0.740385,0.750047,0.770630,0.690560,0.749860,0.753357,0.732676,0.774272,0.776437,0.813984,0.793969,0.780408,0.757957,0.746193,0.733008,0.778499,0.761034,0.743356,0.745883,0.732807,0.763938,0.749301,0.755748,0.765513,0.782773,0.752168,0.782618,0.736579,0.749151,0.745002,0.787261,0.771808,0.749795,0.737064,0.724269,0.722294,0.780444,0.762120,0.748757,0.800055,0.766031,0.717160,0.728610,0.755291,0.769320,0.707999,0.765953,0.786267,0.723980,0.741584,0.755773,0.763943,0.742620,0.720302,0.763808,0.746558,0.750217,0.795313,0.751939,0.740162,0.727809,0.732168,0.707404,0.723783,0.719590,0.774699,0.745518,0.794783,0.799023,0.760120,0.754591,0.719705,0.717307,0.754418,0.793189,0.786650,0.776781,0.724209,0.755422,0.768048,0.757813,0.778371,0.768038,0.787431,0.772528,0.770665,0.787330,0.746794,0.757517,0.741694,0.726987,0.730367,0.750894,0.714042,0.779567,0.756001,0.715982,0.720570,0.797917,0.798017,0.816249,0.757834,0.786271,0.718811,0.749798,0.763385,0.796092,0.749024,0.759993,0.729833,0.720387,0.702415,0.775324,0.724965,0.780432,0.756981,0.769516,0.740067,0.784607,0.731231,0.767059,0.791740,0.699860,0.763050,0.751979,0.778764,0.752395,0.782249,0.766330,0.744539,0.730052,0.773107,0.743212,0.727081,0.735545,0.777268,0.769637,0.766431,0.770952,0.771565,0.733121,0.790535,0.740625,0.739373,#
18,0.760707,0.699019,0.708667,0.773831,0.729184,0.687565,0.714647,0.731950,0.721379,0.727149,0.739390,0.740631,0.741243,0.753485,0.699345,0.737285,0.748262,0.744355,1.000000,0.760628,0.756362,0.733914,0.729759,0.740321,0.704829,0.736024,0.714992,0.747223,0.701635,0.721888,0.672692,0.727869,0.756733,0.759699,0.738153,0.783562,0.721310,0.743627,0.742288,0.744351,0.756377,0.675023,0.726428,0.695853,0.783297,0.712358,0.740199,0.726976,0.704023,0.711804,0.713819,0.723420,0.746555,0.684761,0.754745,0.759407,0.693289,0.747441,0.722746,0.727984,0.740152,0.699436,0.754006,0.739624,0.800033,0.717782,0.738631,0.715654,0.682608,0.736970,0.725065,0.710471,0.744536,0.698291,0.753260,0.704670,0.760930,0.714854,0.746994,0.717616,0.737372,0.708206,0.746748,0.725898,0.747142,0.715220,0.745951,0.742610,0.732446,0.705550,0.714313,0.698718,0.750593,0.735986,0.761902,0.745251,0.758149,0.698435,0.750427,0.728906,0.728622,0.700172,0.741789,0.745658,0.756937,0.749621,0.707890,0.711297,0.723203,0.686049,0.763168,0.711497,0.768718,0.760567,0.684713,0.716221,0.711031,0.667026,0.687825,0.710165,0.688824,0.752515,0.729154,0.731257,0.734304,0.665850,0.724049,0.707925,0.747471,0.697847,0.706684,0.757820,0.707080,0.719917,0.765936,0.745021,0.763830,0.756522,0.698747,0.732543,0.701858,0.748635,0.731985,0.750265,0.706284,0.744076,0.692028,0.676531,0.722070,0.712302,0.702304,0.762897,0.712381,0.686512,0.734467,0.752106,0.760042,0.747051,0.738842,0.709054,0.744482,0.735639,0.775989,0.732440,0.727470,0.748348,0.773318,0.686871,0.726746,0.738056,0.687071,0.762826,0.754839,0.731507,0.699350,0.757251,0.752595,0.779802,0.685259,0.709460,0.713509,0.718038,0.715944,0.719572,0.718609,0.718307,0.737777,0.698675,0.708128,0.719035,0.723124,0.722215,0.703459,0.763093,0.760849,0.723805,0.697357,0.747861,0.756716,0.693737,#
19,0.757369,0.721183,0.730306,0.728528,0.797597,0.788039,0.689424,0.737060,0.743570,0.731112,0.726696,0.695132,0.721494,0.746888,0.748471,0.738607,0.763444,0.784670,0.760628,1.000000,0.757244,0.689493,0.718952,0.739923,0.690313,0.696647,0.758724,0.725845,0.712360,0.753082,0.755257,0.768355,0.726123,0.712037,0.671493,0.771315,0.709021,0.717672,0.751807,0.734606,0.758910,0.704050,0.724396,0.722384,0.731569,0.746086,0.788077,0.748251,0.743520,0.711380,0.705277,0.716353,0.744319,0.725434,0.742323,0.748320,0.742529,0.731794,0.745318,0.687282,0.741294,0.757601,0.769944,0.766926,0.784214,0.719910,0.725546,0.730890,0.698289,0.730743,0.730940,0.710153,0.764730,0.756695,0.748113,0.707402,0.725567,0.736820,0.757618,0.729880,0.771496,0.719148,0.788546,0.713182,0.729663,0.735944,0.726616,0.793312,0.755609,0.655195,0.703368,0.718907,0.773754,0.737730,0.741696,0.754283,0.764161,0.692115,0.697705,0.716409,0.731247,0.734862,0.769143,0.749856,0.721116,0.749083,0.733861,0.757761,0.725393,0.664560,0.709218,0.715876,0.767493,0.772622,0.739141,0.707826,0.758113,0.730728,0.683736,0.646422,0.707154,0.773800,0.735434,0.792575,0.790613,0.687032,0.762179,0.708375,0.743446,0.772987,0.739287,0.748686,0.736373,0.727244,0.789806,0.743127,0.718716,0.761825,0.708335,0.721603,0.705656,0.737960,0.734746,0.724734,0.710705,0.716023,0.682388,0.665144,0.737446,0.707926,0.737098,0.800363,0.705542,0.690578,0.772388,0.738344,0.781076,0.733126,0.754105,0.738669,0.742325,0.725255,0.737605,0.703343,0.741214,0.693242,0.711653,0.716781,0.748411,0.707838,0.741825,0.771351,0.787000,0.735861,0.741019,0.711863,0.747117,0.807769,0.724698,0.671414,0.663071,0.738794,0.743787,0.787276,0.760211,0.720496,0.686110,0.719652,0.742850,0.732919,0.748938,0.749938,0.706606,0.726832,0.725684,0.772675,0.678948,0.732991,0.759659,0.707711,#
20,0.776046,0.731910,0.732095,0.733260,0.785535,0.739830,0.774961,0.747322,0.729698,0.776379,0.741973,0.730533,0.723637,0.775682,0.745618,0.728308,0.802460,0.789446,0.756362,0.757244,1.000000,0.749787,0.708815,0.769695,0.726433,0.769405,0.774551,0.741969,0.711727,0.744370,0.719425,0.743981,0.749859,0.767098,0.729778,0.801699,0.759687,0.756210,0.791457,0.781069,0.749222,0.779363,0.733157,0.747271,0.787860,0.752541,0.788716,0.737148,0.724943,0.741427,0.725260,0.766768,0.739103,0.766990,0.780100,0.789510,0.738151,0.785243,0.757260,0.704469,0.766930,0.746980,0.791913,0.733482,0.765943,0.744811,0.765464,0.742893,0.771944,0.749614,0.768910,0.747960,0.759964,0.759496,0.754772,0.683532,0.730229,0.762938,0.754993,0.757159,0.775183,0.804853,0.775419,0.746589,0.750965,0.751619,0.774583,0.755486,0.763462,0.738165,0.734425,0.752570,0.766957,0.790311,0.817646,0.739184,0.729757,0.715052,0.757055,0.732424,0.771652,0.748477,0.796994,0.767516,0.760194,0.738555,0.765187,0.775648,0.749996,0.768578,0.782484,0.786400,0.750797,0.738950,0.750532,0.753571,0.756938,0.769674,0.690420,0.723414,0.745713,0.775718,0.734996,0.812026,0.770064,0.742770,0.745785,0.705430,0.762682,0.747461,0.773927,0.746059,0.757823,0.777095,0.799365,0.725662,0.739085,0.761818,0.761494,0.781791,0.748720,0.752967,0.745574,0.765567,0.739958,0.733755,0.734534,0.714058,0.736795,0.778017,0.777823,0.777720,0.732183,0.733081,0.791706,0.764789,0.756330,0.741413,0.744837,0.746337,0.742630,0.780214,0.767709,0.747781,0.780742,0.662841,0.715001,0.691508,0.761082,0.749458,0.765822,0.740991,0.803857,0.740190,0.744264,0.749009,0.729900,0.797941,0.753615,0.744699,0.715022,0.736548,0.729698,0.741751,0.734485,0.742215,0.721750,0.769704,0.731815,0.759070,0.698755,0.724290,0.730726,0.788466,0.739613,0.716932,0.752178,0.767775,0.784433,0.752837,#
21,0.681089,0.744555,0.713118,0.721890,0.702694,0.696064,0.709299,0.701214,0.764316,0.680644,0.669059,0.713883,0.664381,0.706379,0.654873,0.711291,0.727022,0.725248,0.733914,0.689493,0.749787,1.000000,0.690146,0.715276,0.674429,0.671824,0.729704,0.695968,0.681515,0.689657,0.695300,0.707351,0.719543,0.711092,0.685661,0.770157,0.729217,0.742079,0.747218,0.685179,0.693315,0.719735,0.685435,0.715411,0.730364,0.700232,0.706677,0.723826,0.693252,0.659854,0.676748,0.729135,0.675355,0.669391,0.724469,0.744703,0.693109,0.707819,0.726293,0.639877,0.731573,0.683885,0.722331,0.683693,0.781394,0.710132,0.717985,0.709054,0.722970,0.723541,0.714419,0.738160,0.747258,0.740654,0.731326,0.686674,0.687156,0.695886,0.699380,0.708028,0.710432,0.711552,0.727369,0.644165,0.754880,0.695965,0.722765,0.727281,0.727243,0.720452,0.631346,0.632811,0.701337,0.709432,0.737501,0.707478,0.733810,0.665000,0.683791,0.704788,0.735428,0.729713,0.707087,0.708011,0.650159,0.749055,0.686626,0.691850,0.701758,0.710894,0.740015,0.726641,0.707133,0.722680,0.652425,0.708759,0.733190,0.726642,0.629902,0.685634,0.658006,0.721311,0.715528,0.729403,0.725093,0.626417,0.706957,0.708186,0.696311,0.700348,0.709800,0.745741,0.717964,0.687357,0.746347,0.691981,0.683160,0.681604,0.678376,0.731752,0.720106,0.741210,0.697689,0.711931,0.684391,0.715259,0.709567,0.668423,0.694752,0.690438,0.729865,0.721281,0.674886,0.676212,0.737075,0.746329,0.722110,0.694179,0.680987,0.693211,0.708617,0.744868,0.754688,0.743294,0.741767,0.653886,0.707191,0.671566,0.683769,0.724992,0.694245,0.713201,0.719537,0.690349,0.702573,0.740504,0.668743,0.752573,0.654583,0.687624,0.666174,0.709917,0.656969,0.742867,0.691519,0.719227,0.686666,0.668143,0.673552,0.727903,0.714096,0.674065,0.704780,0.741543,0.745464,0.691268,0.714786,0.739504,0.694462,0.693328,#
