0,1.000000,0.150456,0.248861,0.190206,0.272088,0.150309,0.139985,0.086348,0.234110,0.198174,0.270438,0.097614,0.109455,0.065974,0.278941,0.273082,0.267544,0.332960,0.268798,0.342725,0.215106,0.151818,0.227269,0.416591,0.189919,0.187122,0.256429,0.099321,0.218677,0.324487,0.078662,0.249313,0.197623,0.199052,0.199556,0.199397,0.113911,0.145984,0.299286,0.216721,0.158622,0.121792,0.246083,0.157615,0.069523,0.142582,0.123906,0.262282,0.206737,0.301657,0.145579,0.155328,0.139888,0.247956,0.267509,0.246651,0.249237,0.225183,0.153067,0.159362,0.281717,0.186329,0.236844,0.153158,0.115632,0.173285,0.178030,0.215232,0.210545,0.228409,0.187283,0.116790,0.339151,0.284204,0.169835,-0.021338,0.290579,0.270334,0.139036,0.101307,0.158842,0.131564,0.168052,0.205080,0.347613,0.106508,0.280968,0.251187,0.278901,0.155853,0.177498,0.075179,0.217106,0.159456,0.243002,0.276828,0.280390,0.118290,0.223037,0.263923,0.274217,0.196622,0.121412,0.275119,0.159942,0.192599,0.321155,0.204831,0.198031,0.015837,0.069938,0.187066,0.152115,0.254674,0.156739,0.185491,0.219518,0.113502,0.151237,0.112007,0.284596,0.200220,0.263624,0.208666,0.266237,0.313822,0.219583,0.075901,0.113053,0.253353,0.240192,0.148301,0.259598,0.154143,0.214053,0.191028,0.292944,0.114873,0.067991,0.266497,0.319133,0.193483,0.112453,0.180900,0.183961,0.137513,0.167647,0.148947,0.308337,0.111926,-0.009322,0.161084,0.255434,0.105979,0.191021,0.212651,0.195411,0.182994,0.227308,0.232777,0.240971,0.323350,0.154518,0.070609,0.139969,0.244766,0.155737,0.215398,0.213346,0.167339,0.257676,0.031303,0.263254,0.187859,0.080052,0.276675,0.361474,0.236253,0.202617,0.104296,0.194339,0.267409,0.127727,0.111105,0.128799,0.112628,0.235933,0.339813,0.269133,0.092823,0.130873,0.262402,0.127233,0.141664,0.323440,0.130274,0.123822,0.192318,0.341186,0.236412,#
1,0.150456,1.000000,0.195655,0.222335,0.212446,0.211146,0.237642,0.191234,0.338262,0.169713,0.375906,0.321533,0.187379,0.120051,0.103129,0.106236,0.191858,0.235746,0.098232,0.230533,0.114418,0.215383,0.127853,0.174133,0.237107,0.228337,0.192032,0.294580,0.026458,0.249686,0.266243,0.195229,0.128253,0.256516,0.072341,0.164436,0.182854,0.083479,0.327740,0.189688,0.151721,0.140327,0.298324,0.192893,0.166756,0.195327,0.374093,0.196498,0.186894,0.134372,0.224619,0.244495,0.275972,0.223314,0.135604,0.228682,0.178230,0.127251,0.196091,0.192103,0.161517,0.169922,0.270179,0.116760,0.133458,0.283336,0.198723,0.266876,0.247527,0.270259,0.207840,0.231879,0.353157,0.129350,0.269769,0.144544,0.183018,0.229433,0.327636,0.073139,0.181473,0.295737,0.141147,0.216943,0.309545,-0.008006,0.262240,0.248948,0.235210,0.195703,0.186762,0.217306,0.117331,0.201592,0.151393,0.253192,0.124481,0.098450,0.135681,0.122633,0.252382,0.110662,0.147192,0.181969,0.122574,0.202584,0.288970,0.300279,0.197892,0.208259,0.190665,0.238355,0.141587,0.185982,0.249990,0.401289,0.214081,0.133425,0.149650,0.117715,0.081658,0.239151,0.305038,0.245734,0.245081,0.207630,0.158230,0.202336,0.214104,0.259690,0.139030,0.238859,0.232515,0.248739,0.323535,0.325601,0.246096,0.309485,0.167341,0.311746,0.236431,0.123957,0.224835,0.201276,0.297989,0.164319,0.129477,0.129751,0.266355,0.097662,0.179645,0.176640,0.084354,0.041662,0.352443,0.238356,0.149805,0.153880,0.066554,0.078685,0.064430,0.339772,0.200536,0.240722,0.244970,0.137054,0.126169,0.074864,0.195519,0.325143,0.207930,0.202841,0.164526,0.159857,0.194683,0.225375,0.137000,0.276636,0.243276,0.133550,0.176589,0.103225,0.247250,0.148985,0.216013,0.190956,0.118848,0.073910,0.284030,0.272314,0.304419,0.267035,0.075115,0.160198,0.207583,0.146565,0.053497,0.308367,0.122759,0.294572,#
2,0.248861,0.195655,1.000000,0.272950,0.303981,0.122453,0.257441,0.264524,0.195584,0.201910,0.338527,0.331884,0.147591,0.342960,0.089994,0.250707,0.142093,0.127674,0.213671,0.270685,0.306159,0.297438,0.089264,0.190437,0.213599,0.309517,0.299101,0.166135,0.077118,0.318159,0.128045,0.113457,0.186120,0.177979,0.181070,0.230011,0.169093,0.119935,0.207377,0.131085,0.240830,0.177933,0.289702,0.071524,0.145356,0.247132,0.205263,0.185585,0.085886,0.183742,0.198737,0.328604,0.258490,0.197245,0.140362,0.221502,0.199822,0.121099,0.227058,0.241412,0.271760,0.171129,0.200194,0.210259,0.286182,0.265888,0.181436,0.107576,0.257404,0.275239,0.162925,0.181605,0.184024,0.236166,0.292690,0.163229,0.235585,0.213417,0.190735,0.160459,0.293705,0.132936,0.153545,0.055191,0.293020,0.101198,0.322251,0.276002,0.158903,0.134292,0.115096,0.259963,0.269927,0.203764,0.208533,0.254940,0.248060,0.163208,0.232524,0.183471,0.304706,0.175339,0.119956,0.278551,0.144564,0.235121,0.291319,0.249762,0.204501,0.211832,0.188440,0.229337,0.253121,0.210088,0.186882,0.304156,0.200620,0.166613,-0.005064,0.116982,0.174454,0.194427,0.148825,0.203486,0.229450,0.141609,0.273748,0.206672,0.199204,0.217747,0.131132,0.244177,0.208565,0.185144,0.353971,0.253089,0.261499,0.232630,0.079333,0.123459,0.156940,0.181040,0.215615,0.180218,0.361502,0.177101,0.048578,0.160215,0.284342,0.122898,0.147870,0.318627,0.277426,0.213951,0.152012,0.155218,0.108322,0.065940,0.229354,0.222261,0.151955,0.330037,0.259126,0.302343,0.190531,0.252039,0.167109,0.120943,0.076291,0.152389,0.123987,0.318267,0.175016,0.105882,0.220851,0.183010,0.279006,0.243794,0.071759,0.164615,0.246383,0.203079,0.113223,0.312762,0.078940,0.189725,0.150075,0.090854,0.247621,0.096724,0.130978,0.252141,0.318988,0.140395,0.208370,0.115348,0.021889,0.210809,0.302221,0.254118,#
3,0.190206,0.222335,0.272950,1.000000,0.287879,0.160230,0.278331,0.216677,0.361037,0.191991,0.287321,0.331266,0.178269,0.217674,0.208025,0.215843,0.236545,0.323944,0.284922,0.244686,0.303622,0.259448,0.199824,0.364828,0.261073,0.277634,0.267454,0.215191,0.233027,0.333049,0.302387,0.295896,0.389839,0.327291,0.089666,0.294989,0.331831,0.342333,0.399612,0.186422,0.246605,0.363876,0.269116,0.350828,0.168118,0.235223,0.222561,0.264106,0.092807,0.259070,0.265766,0.269812,0.312757,0.176416,0.174646,0.341749,0.265829,0.232085,0.199964,0.256805,0.242370,0.119871,0.265766,0.170241,0.363781,0.230400,0.253033,0.189848,0.087457,0.354672,0.218751,0.195079,0.360059,0.182385,0.299807,0.286974,0.300844,0.243403,0.266671,0.112267,0.332296,0.291497,0.255145,0.139107,0.356317,0.120235,0.283267,0.191020,0.302664,0.281172,0.300995,0.207006,0.257449,0.290700,0.227446,0.311727,0.305487,0.120425,0.244646,0.181750,0.347819,0.105183,0.243310,0.254600,0.345908,0.195965,0.347916,0.272466,0.160210,0.203564,0.211014,0.179364,0.237209,0.252115,0.172748,0.231771,0.242890,0.193562,0.146297,0.153057,0.279769,0.249803,0.244639,0.340891,0.240863,0.196745,0.298727,0.285782,0.165645,0.293423,0.298028,0.336217,0.335121,0.294663,0.288845,0.355921,0.164047,0.254823,0.270081,0.252189,0.226720,0.350162,0.297726,0.191202,0.257260,0.206150,0.266621,0.360741,0.229752,0.247987,0.128491,0.173596,0.143030,0.255755,0.325848,0.175071,0.120551,0.179323,0.301153,0.303499,0.239356,0.313294,0.304074,0.308571,0.226046,0.231729,0.246473,0.221479,0.152342,0.229720,0.270845,0.121107,0.181782,0.123576,0.171073,0.324440,0.260218,0.317566,0.125325,0.219419,0.214315,0.307805,0.308037,0.196636,0.066878,0.138436,0.172160,0.190644,0.158721,0.182159,0.202293,0.288414,0.353350,0.203071,0.235870,0.234011,0.262965,0.279140,0.234433,0.188857,#
4,0.272088,0.212446,0.303981,0.287879,1.000000,0.262652,0.159262,0.202835,0.331882,0.180839,0.162807,0.240270,0.252568,0.250794,0.194632,0.245276,0.207084,0.262940,0.250250,0.393069,0.382495,0.191240,0.238222,0.343095,0.191864,0.349898,0.162000,0.132576,0.230017,0.184448,0.142258,0.221732,0.263354,0.241869,0.133790,0.258022,0.346483,0.163411,0.286910,0.201797,0.295804,0.338823,0.244582,0.169113,0.378168,0.238356,0.387886,0.235274,0.178362,0.219155,0.139187,0.239591,0.229880,0.306811,0.329084,0.354554,0.229225,0.210707,0.302986,0.221490,0.331493,0.306595,0.142929,0.041000,0.189703,0.167774,0.228366,0.220580,0.152576,0.231660,0.246482,0.253339,0.330004,0.209693,0.241706,0.062395,0.199738,0.315698,0.260617,0.148685,0.307736,0.284116,0.128861,0.086071,0.431569,0.116065,0.273833,0.258129,0.321667,0.254679,0.265241,0.109509,0.223919,0.195036,0.239863,0.283472,0.227498,0.213742,0.187798,0.211524,0.266057,0.121503,0.246035,0.299575,0.218266,0.239776,0.170292,0.286150,0.182679,0.278639,0.319042,0.254837,0.289098,0.406682,0.202361,0.150776,0.234808,0.108911,0.066709,0.085810,0.163752,0.245849,0.253905,0.190425,0.336150,0.101893,0.297589,0.188079,0.251236,0.239209,0.274964,0.158467,0.341414,0.248711,0.327983,0.329652,0.211452,0.078871,0.199425,0.189709,0.279665,0.120597,0.301240,0.202418,0.320132,0.295610,0.193841,0.206944,0.248079,0.218401,0.151256,0.198570,0.270026,0.369380,0.321793,0.142061,0.295171,0.158026,0.171249,0.248230,0.258896,0.247896,0.183567,0.196583,0.047976,0.292037,0.117159,0.150426,0.116368,0.208055,0.135165,0.175975,0.335844,0.190414,0.276257,0.280377,0.300694,0.328322,0.164786,0.173138,0.132261,0.101853,0.282046,0.222368,0.124600,0.193776,0.037336,0.286249,0.240342,0.266249,0.123146,0.229464,0.169067,0.181821,0.191378,0.265866,0.179959,0.307482,0.268546,0.364027,#
5,0.150309,0.211146,0.122453,0.160230,0.262652,1.000000,0.146171,0.215102,0.283020,0.279646,0.263954,0.126023,0.239786,0.153077,0.177015,0.151106,0.210807,0.227300,0.076376,0.216328,0.227143,0.087096,0.216749,0.272665,0.231195,0.179020,0.239565,0.223870,0.244415,0.242283,0.202859,0.265107,0.324238,0.222531,0.029740,0.148448,0.244623,0.031510,0.220921,0.186899,0.197380,0.208066,0.113068,0.309246,0.122271,0.177342,0.236469,0.074454,0.173031,0.195159,0.158520,0.209452,0.139718,0.113011,0.108796,0.263351,0.093812,0.074972,0.363925,0.161507,0.187808,0.176399,0.207741,0.078891,0.250731,0.242726,0.203359,0.162574,0.227564,0.086254,0.188504,0.161523,0.272918,0.251080,0.193167,0.138585,0.215026,0.228287,0.230202,0.201554,0.154210,0.206506,0.254309,0.040266,0.131501,0.133600,0.143175,0.214139,0.237897,0.066908,0.044795,0.244893,0.268586,0.287813,0.142360,0.237637,0.116574,0.178181,0.240066,0.112933,0.201045,0.186906,0.059501,0.208166,0.126399,0.199367,0.197500,0.280905,0.150113,0.147590,0.211525,0.224094,0.176464,0.169171,0.192066,0.140697,0.228846,0.172653,0.019726,0.074927,0.059517,0.220931,0.112677,0.228261,0.123845,0.093583,0.125553,0.041024,0.247498,0.275185,0.264467,0.246108,0.297644,0.201616,0.334069,0.325918,0.163684,0.152460,0.126930,0.048541,0.251830,0.184555,0.190962,0.235361,0.252660,0.144357,0.085907,0.142773,0.112554,0.138149,0.179109,0.071406,0.210912,0.211021,0.222617,0.198843,0.270879,0.100246,0.276538,0.100635,0.198820,0.214056,0.200825,0.160156,0.159050,0.145180,0.025395,0.199771,0.227130,0.248744,0.289560,0.240287,0.217608,0.127442,0.099800,0.187917,0.246641,0.248353,0.239970,0.087551,0.248896,0.100475,0.376678,0.177749,0.151262,0.257903,0.209830,0.136797,0.141742,0.134706,0.155451,0.206476,0.137344,0.100662,0.247162,0.082731,0.061507,0.304084,0.164612,0.275814,#
6,0.139985,0.237642,0.257441,0.278331,0.159262,0.146171,1.000000,0.111322,0.242687,0.069235,0.200107,0.149226,0.067785,0.216296,0.088026,0.201534,0.177506,0.215919,0.181778,0.151458,0.241024,0.150691,-0.008305,0.118027,0.062090,0.204161,0.144748,0.090661,0.116940,0.268177,0.066533,0.144012,0.110989,0.163561,0.050525,0.108681,0.031446,0.156981,0.175575,0.199285,0.109885,0.043581,0.128278,0.156803,0.166612,0.124645,0.189813,0.158310,0.133769,0.172453,0.059851,0.166908,0.202315,0.225940,0.027962,0.155712,0.120070,0.191857,0.241104,0.215770,0.247271,0.124923,0.114911,0.146843,0.175394,0.344437,0.201694,0.186030,0.168355,0.169133,0.151188,0.163591,0.203904,0.195783,0.255019,0.154602,0.156461,0.187149,0.226225,0.057696,0.195725,0.151084,0.244860,0.015818,0.224767,0.098515,0.133535,0.224977,0.103822,0.112394,0.171111,0.054282,0.110530,0.145247,0.123279,0.108553,0.201274,0.119635,0.180554,0.300142,0.203869,0.203251,0.199976,0.094569,-0.110339,0.150752,0.170179,0.139021,0.100024,0.142800,0.148043,0.210594,0.093841,-0.013063,0.131480,0.149428,0.310211,0.033031,0.139479,0.105333,0.178975,0.177282,0.095357,0.169074,0.170112,0.157089,0.059665,0.205244,0.067755,0.232044,0.164391,0.100153,0.252276,0.070018,0.259467,0.204338,0.142312,0.151672,0.143060,0.178206,0.124747,0.078333,0.076887,0.176073,0.053995,0.173092,0.119883,0.082818,0.202647,-0.071636,0.267509,0.019968,0.218809,0.053545,0.259876,0.075432,0.000817,0.226737,0.208646,0.073333,0.029868,0.290182,0.233786,0.221689,0.199701,0.208409,0.102950,0.149677,0.124457,0.139748,0.057735,0.075362,0.129973,0.063866,0.199498,0.204206,0.085515,0.223691,0.237847,0.035038,0.095687,0.104451,0.218056,0.266019,0.234052,0.150100,0.059099,0.165748,0.119870,0.243149,0.091289,0.168612,0.151474,0.242684,0.100633,0.065377,0.134244,0.206479,0.125687,0.238542,#
7,0.086348,0.191234,0.264524,0.216677,0.202835,0.215102,0.111322,1.000000,0.332579,0.249970,0.311296,0.364519,0.128262,0.228614,0.296280,0.208417,0.240339,0.330766,0.135420,0.231862,0.270934,0.229184,0.259587,0.223868,0.303341,0.203957,0.302782,0.309673,0.156779,0.230449,0.199539,0.235516,0.239625,0.219196,0.094080,0.217105,0.105884,0.093790,0.311499,0.194121,0.180811,0.223822,0.228402,0.241331,0.234698,0.270794,0.238514,0.264595,0.227731,0.224441,0.269203,0.224603,0.186749,0.308502,0.137937,0.201718,0.193888,0.254615,0.219219,0.212996,0.218995,0.158096,0.275624,0.181670,0.309394,0.237403,0.208038,0.176480,0.208524,0.394048,0.175661,0.119798,0.436550,0.226739,0.248178,0.243005,0.156390,0.304929,0.286519,0.358196,0.253998,0.179678,0.259486,0.191250,0.288778,0.126094,0.252645,0.135560,0.276625,0.239204,0.105120,0.159420,0.287295,0.262967,0.153770,0.093938,0.164294,0.198262,0.139341,0.147720,0.268113,0.137412,0.203447,0.211438,0.092031,0.293333,0.347696,0.168621,0.175363,0.256795,0.113899,0.163789,0.166830,0.226014,0.388760,0.292758,0.117944,0.103517,0.121653,0.314298,0.240872,0.293420,0.152068,0.320670,0.298179,0.178367,0.276577,0.322078,0.155625,0.141307,0.164895,0.189754,0.354097,0.199872,0.416099,0.321701,0.086844,0.394817,0.159273,0.241320,0.339079,0.177395,0.156663,0.127399,0.258474,0.132350,0.247094,0.186298,0.210988,0.227893,0.179973,0.267837,0.173176,0.192316,0.149053,0.308242,0.241594,0.219165,0.223751,0.290229,0.186511,0.206953,0.265343,0.171306,0.082404,0.312881,0.274458,0.125917,0.186754,0.196498,0.219933,0.214124,0.277791,0.176488,0.270099,0.196859,0.171723,0.189120,0.104097,0.289113,0.299310,0.200364,0.196784,0.201033,0.010557,0.233965,0.075463,0.032598,0.186995,0.287888,0.202183,0.169787,0.241160,0.149873,0.223508,0.189116,0.114490,0.229833,0.265306,0.220951,#
8,0.234110,0.338262,0.195584,0.361037,0.331882,0.283020,0.242687,0.332579,1.000000,0.238318,0.284218,0.276136,0.209035,0.238316,0.344655,0.301531,0.165110,0.274069,0.176058,0.284238,0.257821,0.265506,0.254245,0.354368,0.202125,0.291373,0.220914,0.279300,0.136584,0.332718,0.174593,0.282329,0.191139,0.252520,0.114643,0.286093,0.307601,0.147993,0.279572,0.257584,0.216077,0.306426,0.146042,0.218411,0.332420,0.253881,0.212768,0.216113,0.189271,0.253846,0.234911,0.400862,0.125840,0.389938,0.213148,0.391397,0.196917,0.326726,0.196639,0.344554,0.317345,0.170557,0.372516,0.034523,0.333255,0.363531,0.276059,0.224550,0.358979,0.291809,0.220355,0.188198,0.390635,0.193123,0.267097,0.186839,0.212830,0.265221,0.270964,0.204904,0.294782,0.332535,0.251589,0.099836,0.369779,0.165563,0.230742,0.217929,0.268931,0.319660,0.197715,0.243862,0.253725,0.213449,0.373983,0.336151,0.272109,0.177921,0.225021,0.142186,0.314871,0.143323,0.214902,0.254083,0.317777,0.249195,0.355516,0.263717,0.134064,0.244023,0.143209,0.235328,0.080299,0.260836,0.311261,0.395589,0.238762,0.166192,0.100067,0.275767,0.305410,0.285935,0.242754,0.261026,0.303477,0.328293,0.265612,0.361738,0.149637,0.295196,0.204954,0.145288,0.385374,0.215500,0.396765,0.342304,0.173201,0.245240,0.242249,0.169851,0.290307,0.252567,0.315531,0.192650,0.225364,0.214284,0.292096,0.306945,0.230991,0.205724,0.281721,0.122171,0.232970,0.313079,0.399880,0.342374,0.231730,0.298148,0.202226,0.290712,0.132473,0.267193,0.200288,0.229769,0.264258,0.262318,0.261458,0.139456,0.240316,0.236433,0.277792,0.204409,0.196234,0.190363,0.228809,0.282412,0.178029,0.349449,0.267499,0.213700,0.267566,0.210801,0.122439,0.310632,0.207710,0.243312,0.061251,0.084648,0.264167,0.292902,0.244461,0.219370,0.231100,0.184453,0.311482,0.138508,0.188717,0.171862,0.239284,0.218630,#
9,0.198174,0.169713,0.201910,0.191991,0.180839,0.279646,0.069235,0.249970,0.238318,1.000000,0.347296,0.149376,0.105980,0.141929,0.220029,0.260861,0.125121,0.124517,0.112575,0.312348,0.203916,0.129138,0.199751,0.210652,0.153191,0.107690,0.262059,0.199501,0.174550,0.184981,0.326503,0.228612,0.110914,0.242492,0.230636,0.203921,0.092858,0.173473,0.247337,0.072387,0.291713,0.201089,0.155095,-0.018173,0.148251,0.243087,0.209243,0.149252,0.063769,0.109884,0.113371,0.308718,0.147126,0.171601,0.116301,0.272611,0.221856,0.173191,0.211401,0.080971,0.225675,0.146690,0.332900,0.124052,0.278036,0.262874,0.108764,0.128731,0.173233,0.071499,0.285282,0.231166,0.257125,0.150894,0.209337,0.218205,0.139542,0.174293,0.321356,0.256220,0.130576,0.269718,0.041016,0.037872,0.317203,0.143578,0.253336,0.240061,0.074710,-0.043245,0.038739,0.236170,0.210164,0.084936,0.198599,0.167604,0.288645,0.245272,0.167177,-0.006819,0.194471,0.177896,0.349586,0.144094,0.291220,0.180944,0.192803,0.095721,0.210503,0.085583,0.136768,0.219152,0.239578,0.336987,0.111261,0.223332,0.142013,0.167235,0.200508,0.003644,0.227716,0.320682,0.151553,0.253661,0.148734,0.160034,-0.004289,0.251561,0.211788,0.253711,0.188892,0.169324,0.195465,0.229274,0.228310,0.222687,0.198210,0.277215,0.114170,0.028750,0.116326,0.263282,0.227159,0.169535,0.161514,0.063438,0.156053,0.188999,0.132582,0.244836,0.146260,0.025220,0.302301,0.255103,0.244290,0.241602,0.244693,0.224216,0.311176,0.151959,0.198517,0.136861,0.106590,0.314256,0.189232,0.117573,0.147022,0.141618,0.334743,0.123458,0.189206,0.184417,0.187570,0.168032,0.122437,0.278552,0.218390,0.132926,0.113150,0.181670,0.111758,0.086216,0.298929,0.169598,0.074250,0.188150,0.117238,0.093151,0.317817,0.195645,0.154026,0.185182,0.096360,0.171134,0.174698,0.136876,0.110895,0.158838,0.196922,0.196814,#
10,0.270438,0.375906,0.338527,0.287321,0.162807,0.263954,0.200107,0.311296,0.284218,0.347296,1.000000,0.147111,0.048221,0.193680,0.269316,0.205207,0.223418,0.273603,0.250682,0.307803,0.197558,0.116872,0.042834,0.268167,0.226749,0.169575,0.251264,0.288362,0.095268,0.298986,0.219343,0.267177,0.237973,0.188986,0.182863,0.253212,0.100336,0.200245,0.341235,0.154201,0.245770,0.140996,0.185145,0.091767,0.095779,0.184782,0.253344,0.226968,0.249363,0.305056,0.149341,0.332467,0.179223,0.229787,0.140466,0.297016,0.110981,0.163730,0.226353,0.248847,0.146144,0.246086,0.242146,0.278968,0.302000,0.320023,0.273428,0.148012,0.181943,0.201593,0.153101,0.243508,0.324662,0.207738,0.210365,0.234601,0.229585,0.167772,0.213644,0.145704,0.240976,0.244457,0.272127,0.172251,0.319215,0.057061,0.272643,0.239172,0.174654,0.242961,0.102572,0.155763,0.258071,0.186915,0.230685,0.299965,0.193910,0.070507,0.324694,0.167381,0.204738,0.137122,0.217643,0.192028,0.275255,0.087165,0.300905,0.306995,0.163318,0.127740,0.109974,0.241247,0.169751,0.193558,0.372803,0.389698,0.170082,0.095430,0.181570,0.077800,0.151612,0.287343,0.147981,0.230815,0.189021,0.138994,0.207774,0.250652,0.190151,0.295142,0.245901,0.186480,0.281683,0.145614,0.262014,0.289799,0.142151,0.418278,0.112324,0.182380,0.326979,0.180541,0.191644,0.175704,0.216230,0.128322,0.027292,0.107820,0.193603,0.189759,0.166947,0.243751,0.314261,0.139426,0.222730,0.241135,0.288501,0.053454,0.262949,0.190971,0.232027,0.244317,0.351081,0.266955,0.228159,0.206008,0.294072,0.170375,0.238859,0.250219,0.268929,0.174544,0.106073,0.206167,0.200378,0.117289,0.240477,0.298401,0.167362,0.242270,0.234483,0.150320,0.320326,0.151965,0.172248,0.177556,0.099127,0.028559,0.203737,0.194881,0.264484,0.230842,0.190305,0.158584,0.289130,0.105996,0.047110,0.316912,0.286204,0.386434,#
11,0.097614,0.321533,0.331884,0.331266,0.240270,0.126023,0.149226,0.364519,0.276136,0.149376,0.147111,1.000000,0.182779,0.175748,0.036527,0.101974,0.166371,0.284702,0.194427,0.075297,0.186011,0.279452,0.053671,0.162644,0.311782,0.311018,0.045112,0.315404,-0.011186,0.298486,0.267941,0.245030,0.208876,0.259455,0.095357,0.196647,0.294932,0.116343,0.227272,0.217439,0.201225,0.261165,0.322318,0.273236,0.085145,0.300914,0.269876,0.148727,0.177490,0.094079,0.232510,0.259271,0.205356,0.361219,0.026302,0.159151,0.193086,0.245067,0.226684,0.140252,0.160726,0.101445,0.261532,0.089295,0.262258,0.338814,0.260729,0.296558,0.229800,0.293662,0.125820,0.129947,0.341373,0.107577,0.177643,0.154669,0.202609,0.193205,0.244978,0.145380,0.251812,0.173525,0.247671,0.112762,0.379486,0.016486,0.238839,0.288373,0.289053,0.100057,0.184196,0.236168,0.352803,0.389925,0.188771,0.262262,0.085376,0.134000,0.209066,0.246954,0.233816,0.156681,0.124901,0.177318,0.134523,0.352699,0.287417,0.284400,0.261433,0.222147,0.248769,0.223509,0.237646,0.238588,0.020738,0.415910,0.173342,0.177892,0.005565,0.184212,0.159379,0.270916,0.309734,0.196251,0.286043,0.090101,0.183951,0.272269,0.235414,0.242481,0.160672,0.328815,0.300668,0.283095,0.206159,0.213205,0.031094,0.355908,0.066241,0.300926,0.195456,0.149065,0.211647,0.217333,0.271334,0.172490,0.189698,0.138175,0.213570,0.142390,0.080946,0.325502,0.134133,0.191563,0.345764,0.160569,0.135167,0.055363,0.229572,0.221334,0.187021,0.331443,0.060277,0.160434,0.170913,0.153770,0.302242,0.162902,0.242004,0.266215,0.211283,0.120911,0.159597,0.067880,0.208278,0.263107,0.268880,0.210273,0.089026,0.152067,0.239654,0.143421,0.216639,0.099201,-0.003747,0.275257,0.099766,0.098429,0.201891,0.270457,0.209976,0.151200,0.341227,0.120660,0.314300,0.101926,0.176771,0.207023,0.175887,0.288955,#
12,0.109455,0.187379,0.147591,0.178269,0.252568,0.239786,0.067785,0.128262,0.209035,0.105980,0.048221,0.182779,1.000000,0.127774,0.231226,0.115102,0.296792,0.168654,0.207322,0.310980,0.204761,0.117945,0.201363,0.230968,0.101257,0.159561,0.230616,0.224446,0.178603,0.249065,0.044023,0.224510,0.288517,0.169161,0.158404,0.206032,0.227109,0.023542,0.159168,0.216304,0.272600,0.105443,0.263596,0.282139,0.241540,0.277232,0.224001,0.010742,0.209348,0.104877,0.317655,0.145273,0.124723,0.275919,0.105205,0.189258,0.082341,0.177809,0.194373,0.016191,0.172598,0.265834,0.118561,0.171597,0.341340,0.147895,0.140450,0.136569,0.208042,0.098798,0.110276,0.201570,0.225674,0.077404,0.299542,0.216911,0.220500,0.091712,0.126255,0.076492,0.205951,0.136126,0.110339,0.114765,0.246682,0.189545,0.168972,0.235917,0.267484,0.139727,0.122086,0.183554,0.139223,0.215143,0.184655,0.183000,0.356214,0.219156,0.092833,0.084080,0.172189,0.197429,0.176124,0.230275,0.255095,0.158846,0.197909,0.113534,0.097524,0.161741,0.276231,0.095075,0.137704,0.192370,0.149382,0.165643,0.202012,0.103319,0.155918,0.066959,0.199273,0.256508,0.280309,0.269101,0.154572,0.072170,0.201410,0.107806,0.057672,0.105389,0.159306,0.178641,0.168333,0.130945,0.191500,0.127352,0.195630,0.194625,0.207006,0.186398,0.223003,0.131323,0.160623,0.154500,0.098978,0.217745,0.152924,0.151685,0.159343,0.154915,0.104173,0.303130,0.103188,0.117060,0.165619,0.199025,0.130290,-0.028269,0.116929,0.153528,0.107098,0.359964,0.173740,0.239610,0.177266,0.092814,0.224187,0.080131,0.122888,0.168967,0.143859,0.203730,0.176741,0.121444,0.229091,0.124102,0.184420,0.245969,0.093776,0.166522,0.157846,0.174915,0.240562,0.168101,0.117605,0.183628,0.139433,0.258047,0.116358,0.018419,0.217702,0.142869,0.199420,0.153503,0.085248,0.130160,0.118942,0.193633,0.210491,0.100680,#
13,0.065974,0.120051,0.342960,0.217674,0.250794,0.153077,0.216296,0.228614,0.238316,0.141929,0.193680,0.175748,0.127774,1.000000,0.283044,0.189179,0.245352,0.140550,0.222697,0.272526,0.279206,0.191148,0.056873,0.235989,0.138177,0.302074,0.321117,0.264314,0.147363,0.253373,0.204186,0.233199,0.289583,0.204970,0.198125,0.166273,0.070926,0.208954,0.055513,0.175341,0.160489,0.255450,0.256892,0.220052,0.231141,0.240789,0.223113,0.181579,0.190266,0.132251,0.192261,0.257180,0.267925,0.327389,0.173793,0.341115,0.131958,0.264772,0.208281,0.263597,0.270838,0.195237,0.320185,0.106479,0.208561,0.201450,0.379159,0.197231,0.334235,0.208730,0.052192,0.113630,0.263588,0.176990,0.314719,0.242630,0.300885,0.325096,0.263171,0.258294,0.278669,0.330345,0.206322,0.300092,0.305689,0.070608,0.310008,0.231884,0.259718,0.215382,0.167657,0.194748,0.310527,0.298377,0.176371,0.176210,0.212324,0.156640,0.234266,0.292514,0.274091,0.235932,0.269331,0.333554,0.172120,0.271301,0.278700,0.221008,0.325961,0.203301,0.137216,0.211258,0.323709,0.206224,0.338326,0.259188,0.264241,0.270393,0.108591,0.262927,0.306871,0.289663,0.192689,0.308361,0.243965,0.085068,0.142746,0.092781,0.267571,0.255652,0.151048,0.207012,0.201591,0.183980,0.392799,0.277120,0.253819,0.226780,0.287366,0.177744,0.034302,0.186808,0.393562,0.234690,0.277664,0.322781,0.257148,0.272073,0.112477,0.283146,0.111770,0.228808,0.203022,0.291653,0.282391,0.275943,0.060018,0.253864,0.268481,0.283255,0.179288,0.329000,0.201095,0.361086,0.203634,0.234613,0.116455,0.103099,0.194865,0.245738,0.224220,0.341087,0.204419,0.143476,0.224445,0.227365,0.137504,0.245233,0.278304,0.028882,0.182896,0.267757,0.204818,0.275863,0.195465,0.244025,0.209420,0.149338,0.074601,0.208777,0.162077,0.239735,0.237028,0.215726,0.173840,0.279128,0.179803,0.168359,0.314225,0.204318,#
14,0.278941,0.103129,0.089994,0.208025,0.194632,0.177015,0.088026,0.296280,0.344655,0.220029,0.269316,0.036527,0.231226,0.283044,1.000000,0.311875,0.158321,0.197152,0.277733,0.343561,0.210135,0.108840,0.225166,0.326048,0.215283,0.116366,0.270078,0.244132,0.259320,0.275999,0.105178,0.243016,0.173310,0.154516,0.229072,0.211312,0.179622,0.240291,0.211457,0.286464,0.180096,0.110102,0.242010,0.106541,0.259895,0.319985,0.196154,0.120083,0.113418,0.200623,0.296176,0.138288,0.213557,0.308092,0.361335,0.273318,0.228295,0.204072,0.211462,0.163772,0.281283,0.220715,0.199083,0.222913,0.223728,0.102720,0.251781,0.208718,0.188688,0.250016,0.154771,0.208872,0.211339,0.308198,0.203488,0.119364,0.269685,0.226603,0.148418,0.189940,0.249228,0.252551,0.228719,0.235940,0.305271,0.160810,0.072207,0.163127,0.191893,0.182326,0.143259,0.175685,0.319826,0.259817,0.247785,0.133148,0.312699,0.173269,0.174425,0.138660,0.222125,0.230503,0.212962,0.234609,0.263196,0.149499,0.268726,0.273633,0.073057,0.168470,0.026956,0.034679,0.178593,0.181082,0.246429,0.241412,0.170790,0.123970,0.215024,0.181699,0.369651,0.300474,0.084371,0.188024,0.232292,0.117457,0.168555,0.245527,0.056141,0.304285,0.101957,0.156250,0.229515,0.077082,0.241848,0.196982,0.116011,0.192558,0.106078,0.105787,0.300157,0.272301,0.290654,0.151479,0.086807,0.316022,0.127276,0.146278,0.095203,0.109052,0.199978,0.100265,0.104377,0.233337,0.192083,0.218847,0.253375,0.176501,0.141670,0.143633,0.153300,0.233926,0.184439,0.136830,0.205090,0.131509,0.241995,0.132833,0.108313,0.282028,0.290032,0.235630,0.240549,0.159019,0.172112,0.122192,0.323341,0.320273,0.285371,0.187751,0.226478,0.268509,0.178707,0.214412,0.195505,0.128772,0.103570,0.003038,0.107039,0.247398,0.080257,0.221107,0.184242,0.296426,0.238414,0.098603,0.045847,0.192728,0.280630,0.110531,#
15,0.273082,0.106236,0.250707,0.215843,0.245276,0.151106,0.201534,0.208417,0.301531,0.260861,0.205207,0.101974,0.115102,0.189179,0.311875,1.000000,0.304904,0.328476,0.229181,0.256571,0.188182,0.119327,0.230639,0.344734,0.192576,0.306946,0.295496,0.199655,0.224730,0.280771,0.129382,0.327253,0.181499,0.299788,0.156154,0.203103,0.181784,0.127372,0.278893,0.120037,0.270871,0.212871,0.212663,0.150356,0.275919,0.201720,0.044780,0.201263,0.096942,0.251049,0.040785,0.348348,0.234949,0.216269,0.217184,0.229698,0.127699,0.166448,0.265805,0.281619,0.275441,0.074085,0.307637,0.133120,0.169085,0.313323,0.244703,0.284674,0.191414,0.105715,0.203889,0.236246,0.236879,0.198123,0.218337,0.192077,0.102990,0.298533,0.177304,0.228187,0.309214,0.188725,0.063259,0.249691,0.282066,0.140424,0.209138,0.282229,0.205081,0.224309,0.138915,0.150659,0.258495,0.270458,0.193800,0.208181,0.305527,0.154838,0.242866,0.112272,0.315792,0.107191,0.222213,0.236647,0.082250,0.164758,0.277003,0.214494,0.152794,0.219753,0.071689,0.310317,0.117295,0.177299,0.256914,0.307961,0.169891,0.021352,0.138458,0.075842,0.310082,0.319320,0.216366,0.293861,0.258954,0.187218,0.239093,0.252449,0.151564,0.239035,0.068712,0.261865,0.237053,0.233824,0.280415,0.299454,0.110024,0.057712,0.109405,0.032637,0.135278,0.245146,0.210813,0.157846,0.276847,0.125421,0.160762,0.216262,0.289391,0.154569,0.157611,0.049518,0.209545,0.291597,0.121159,0.329281,0.225816,0.263810,0.177110,0.198471,0.120168,0.186566,0.277873,0.192991,0.160750,0.312458,0.254279,0.189560,0.250812,0.141833,0.109070,0.231487,0.141220,0.068359,0.271632,0.130383,0.314705,0.226665,0.082689,0.163838,0.234937,0.159575,0.175001,0.357593,0.100392,0.192668,0.031251,0.202874,0.112011,0.160253,-0.065946,0.246582,0.205796,0.191667,0.076782,0.202349,0.170349,0.208994,0.185285,0.070863,#
16,0.267544,0.191858,0.142093,0.236545,0.207084,0.210807,0.177506,0.240339,0.165110,0.125121,0.223418,0.166371,0.296792,0.245352,0.158321,0.304904,1.000000,0.249422,0.157701,0.318683,0.316548,0.149415,0.203311,0.247968,0.107542,0.322987,0.265310,0.082136,0.141543,0.305474,0.131558,0.337242,0.135153,0.332727,0.142029,0.230584,0.180755,0.108360,0.228622,0.211948,0.114029,0.180269,0.239391,0.199582,0.215826,0.306228,0.162257,0.148225,0.195581,0.134023,0.127467,0.259357,0.317516,0.252089,0.206454,0.180038,0.077555,0.160020,0.235825,0.089113,0.139775,0.348970,0.269149,0.214819,0.239478,0.217146,0.180196,0.381405,0.140840,0.266156,0.057661,0.245058,0.401486,0.137179,0.223038,0.297217,0.157464,0.325209,0.246574,0.180841,0.147156,0.183153,0.105320,0.189895,0.247902,0.192798,0.313337,0.274424,0.292968,0.106464,0.177051,0.162327,0.206384,0.141850,0.184193,0.186064,0.272103,0.080209,0.191184,0.248072,0.130775,0.107469,0.091028,0.223849,0.164683,0.171031,0.258549,0.106618,0.075323,0.217377,0.197364,0.224898,0.189256,0.182539,0.303242,0.303512,0.233982,0.139415,0.106180,0.192940,0.259721,0.250139,0.307308,0.286791,0.311555,0.083470,0.215402,0.081841,0.121165,0.273633,0.161360,0.187231,0.387297,-0.004813,0.389720,0.316079,0.124669,0.222823,0.161931,0.262355,0.114209,0.185820,0.149393,0.211650,0.275263,0.148079,0.104999,0.168567,0.291499,0.225051,0.043785,0.249504,0.152336,0.155658,0.235581,0.274534,0.129916,0.154200,0.190574,0.283940,0.135631,0.343005,0.229064,0.262788,0.139562,0.170400,0.291257,0.186515,0.134841,0.084771,0.138215,0.130522,0.142676,0.063078,0.203185,0.267240,0.155709,0.168016,0.222288,0.108063,0.129464,0.176846,0.230437,0.053462,0.121219,0.226900,0.223008,0.250184,0.161865,0.174823,0.222394,0.046292,0.028982,0.142222,0.222026,0.282096,0.112336,0.199722,0.111442,0.144892,#
17,0.332960,0.235746,0.127674,0.323944,0.262940,0.227300,0.215919,0.330766,0.274069,0.124517,0.273603,0.284702,0.168654,0.140550,0.197152,0.328476,0.249422,1.000000,0.145104,0.290578,0.368366,0.191079,0.188800,0.374319,0.184058,0.253290,0.237333,0.195298,0.158661,0.303560,0.201177,0.270859,0.403699,0.192317,0.126282,0.302840,0.084296,0.312577,0.373499,0.124322,0.276864,0.225189,0.198622,0.309220,0.151456,0.241310,0.243209,0.211766,0.272663,0.209686,0.224405,0.218854,0.143048,0.242995,0.189338,0.288811,0.264338,0.273238,0.260453,0.242235,0.264745,0.161667,0.186451,0.219561,0.229321,0.361109,0.365411,0.337447,0.238108,0.333757,0.182968,0.294375,0.338915,0.165230,0.220339,0.310627,0.193635,0.259213,0.144988,0.256466,0.220618,0.277604,0.359623,0.161802,0.269863,0.006698,0.311941,0.224618,0.334915,0.217176,0.201486,0.100521,0.291985,0.277812,0.179583,0.319711,0.252320,0.300223,0.249663,0.195722,0.239596,0.021499,0.149037,0.301345,0.140382,0.243690,0.313866,0.281585,0.182651,0.113108,0.161302,0.225810,0.156499,0.296623,0.225750,0.266003,0.215592,0.136712,0.117587,0.223580,0.197386,0.275948,0.191277,0.308289,0.426777,0.219034,0.269101,0.216573,0.107154,0.200977,0.217029,0.280395,0.384368,0.271328,0.258683,0.351705,0.314161,0.236948,0.227264,0.315096,0.284504,0.249257,0.247895,0.214287,0.314428,0.239683,0.062488,0.220245,0.171754,0.088832,0.188404,0.064531,0.128377,0.239210,0.297455,0.298227,0.216201,0.187624,0.365528,0.254401,0.239968,0.354625,0.256473,0.231470,0.196469,0.234822,0.203432,0.234033,0.187687,0.168784,0.363865,0.103727,0.141697,0.187933,0.297278,0.150802,0.296356,0.238670,0.076933,0.336164,0.212250,0.300622,0.235894,0.210010,0.115873,0.187297,0.159307,0.245291,0.278969,0.208407,0.139744,0.305457,0.239389,0.184673,0.340612,0.244289,0.217579,0.222982,0.191353,0.249056,#
18,0.268798,0.098232,0.213671,0.284922,0.250250,0.076376,0.181778,0.135420,0.176058,0.112575,0.250682,0.194427,0.207322,0.222697,0.277733,0.229181,0.157701,0.145104,1.000000,0.278476,0.236066,0.183480,0.085478,0.346287,0.227672,0.168335,0.187216,0.278670,0.155861,0.151109,0.122583,0.145957,0.252458,0.146611,0.219598,0.236969,0.217106,0.120879,0.186647,0.327548,0.200485,0.206146,0.208320,0.092426,0.212238,0.152073,0.139175,0.136511,0.063408,0.221891,0.149811,0.126976,0.264460,0.242528,0.181210,0.193489,0.153693,0.207264,0.155232,0.110248,0.175517,0.102089,0.281538,0.168505,0.183415,0.234839,0.283474,0.227366,0.102593,0.111559,0.058255,0.144116,0.191835,0.108159,0.159149,0.169311,0.188487,0.237382,0.209751,0.209204,0.209231,0.108105,0.228874,0.226745,0.233938,-0.056194,0.245712,0.124114,0.223828,0.165622,0.239865,0.106703,0.197080,0.180101,0.226391,0.230368,0.332182,0.151208,0.161885,0.219795,0.219552,0.257134,0.266398,0.204028,0.295633,0.251220,0.198977,0.139105,0.138186,0.166575,0.249339,0.258928,0.249172,0.186020,0.143598,0.187632,0.110540,0.053350,0.189627,0.162204,0.135310,0.242208,0.185575,0.066098,0.202321,0.038039,0.096544,0.243669,0.268967,0.198043,0.111827,0.315915,0.179385,0.200593,0.297073,0.130327,0.143382,0.293115,0.068671,0.248798,0.200016,0.092492,0.189972,0.167113,0.195947,0.217315,0.093420,0.120524,0.092612,0.106808,0.056615,0.220087,0.173810,0.167216,0.186803,0.309885,0.230985,0.170801,0.102015,0.319656,0.197256,0.210806,0.182517,0.228362,0.172642,0.243347,0.256957,0.158309,0.151825,0.245721,0.009197,0.123724,0.221893,0.109164,0.129985,0.221461,0.207429,0.271024,0.283655,0.186857,0.118269,0.199856,0.241134,0.092060,0.224664,0.087610,0.291212,0.136500,0.169238,0.138634,0.174108,0.282390,0.284044,0.225003,0.192851,0.111086,0.118603,0.240381,0.315190,0.180749,#
19,0.342725,0.230533,0.270685,0.244686,0.393069,0.216328,0.151458,0.231862,0.284238,0.312348,0.307803,0.075297,0.310980,0.272526,0.343561,0.256571,0.318683,0.290578,0.278476,1.000000,0.245042,0.161326,0.213467,0.308474,0.149821,0.301372,0.319260,0.220094,0.189712,0.377370,0.202291,0.275423,0.260070,0.196293,0.199986,0.274730,0.119215,0.153665,0.376199,0.198367,0.249020,0.198969,0.129924,0.122824,0.212298,0.282058,0.340159,0.294912,0.225607,0.296486,0.147537,0.269165,0.173775,0.386772,0.249847,0.311994,0.238473,0.194388,0.264317,0.211047,0.315972,0.328382,0.284806,0.212620,0.303702,0.218379,0.226491,0.281541,0.210204,0.268127,0.248803,0.246134,0.329873,0.174956,0.306605,0.354961,0.238765,0.351836,0.402773,0.171759,0.286070,0.245854,0.273040,0.194919,0.355703,0.124658,0.234913,0.280224,0.298643,0.112360,0.131949,0.207891,0.290736,0.165268,0.258332,0.244509,0.310321,0.280400,0.119472,0.207324,0.277603,0.205886,0.259512,0.336075,0.326499,0.361986,0.290608,0.399539,0.144771,0.060747,0.140378,0.227877,0.293201,0.321972,0.285000,0.253657,0.305292,0.257226,0.238425,-0.020720,0.328503,0.392920,0.237147,0.311096,0.447393,0.179616,0.330770,0.232153,0.100274,0.245148,0.147669,0.146121,0.328862,0.219211,0.343229,0.295020,0.291322,0.330931,0.154251,0.202678,0.209331,0.268285,0.254668,0.218262,0.285738,0.253693,0.124294,0.261949,0.305710,0.155262,0.186110,0.297500,0.218778,0.304627,0.269673,0.207585,0.217005,0.185908,0.264225,0.247166,0.325573,0.282709,0.279439,0.224425,0.273945,0.257537,0.174617,0.210165,0.263592,0.127770,0.265391,0.207784,0.323054,0.236889,0.211142,0.165440,0.301695,0.388840,0.211132,0.201647,0.130689,0.308612,0.235314,0.296321,0.252095,0.216516,0.180050,0.200631,0.287810,0.182857,0.331196,0.329931,0.172035,0.238840,0.182877,0.243465,0.133238,0.227097,0.369202,0.323393,#
20,0.215106,0.114418,0.306159,0.303622,0.382495,0.227143,0.241024,0.270934,0.257821,0.203916,0.197558,0.186011,0.204761,0.279206,0.210135,0.188182,0.316548,0.368366,0.236066,0.245042,1.000000,0.207196,0.171837,0.309767,0.335839,0.380979,0.283251,0.228133,0.202336,0.279089,0.172507,0.210872,0.294362,0.236345,0.185298,0.289090,0.258139,0.211682,0.252055,0.270281,0.226609,0.352892,0.203255,0.079123,0.341198,0.306625,0.329002,0.148075,0.168568,0.208850,0.052751,0.313873,0.239785,0.314690,0.239856,0.245530,0.273083,0.257225,0.294657,0.176417,0.320677,0.150448,0.330669,0.212085,0.299463,0.175452,0.308280,0.251174,0.278324,0.307121,0.241007,0.285991,0.408123,0.221537,0.220265,0.196530,0.245228,0.343307,0.210478,0.235178,0.187607,0.260763,0.334713,0.106040,0.306544,0.235323,0.325069,0.238277,0.351362,0.200491,0.256024,0.267710,0.280565,0.280057,0.296728,0.199885,0.314936,0.300232,0.203360,0.079328,0.258050,0.113723,0.300515,0.259469,0.209774,0.211830,0.274864,0.208743,0.122611,0.285659,0.324892,0.300091,0.164886,0.280465,0.213653,0.283223,0.371552,0.193883,0.088649,0.223888,0.237655,0.307674,0.166295,0.263191,0.286442,0.212608,0.299395,0.308412,0.302643,0.274266,0.248191,0.276331,0.313013,0.175459,0.335962,0.268362,0.276079,0.213089,0.288605,0.223664,0.266471,0.284115,0.202078,0.220845,0.304136,0.187119,0.059960,0.229094,0.237158,0.269238,0.267202,0.269659,0.095073,0.210995,0.292525,0.240951,0.194611,0.079319,0.220230,0.396583,0.241386,0.350797,0.230760,0.233055,0.268474,0.153989,0.135544,0.227489,0.191374,0.160942,0.297301,0.118242,0.142340,0.146660,0.165381,0.332216,0.148207,0.179950,0.318945,0.236680,0.198695,0.201613,0.208080,0.220190,0.194849,0.047808,0.211519,0.193848,0.179635,0.366788,0.116974,0.304042,0.189093,0.215787,0.283188,0.221082,0.203312,0.303678,0.313190,0.235680,#
21,0.151818,0.215383,0.297438,0.259448,0.191240,0.087096,0.150691,0.229184,0.265506,0.129138,0.116872,0.279452,0.117945,0.191148,0.108840,0.119327,0.149415,0.191079,0.183480,0.161326,0.207196,1.000000,0.112778,0.156604,0.179329,0.129562,0.202567,0.249006,0.234999,0.243084,0.174353,0.204091,0.235702,0.270949,0.049943,0.268831,0.297494,0.253686,0.300526,0.150612,0.111616,0.232198,0.092954,0.257056,0.155024,0.182825,0.220884,0.219313,0.001833,0.152890,0.194091,0.129852,0.139976,0.167580,0.178542,0.204466,0.185388,0.173289,0.077019,0.090152,0.185088,0.022214,0.275607,0.150465,0.276988,0.246109,0.100221,0.197241,0.269030,0.340569,0.319979,0.158687,0.356389,0.307909,0.153213,0.114923,0.147065,0.194509,0.127194,0.169326,0.248929,0.200742,0.146620,-0.022626,0.270747,0.011871,0.244514,0.116884,0.204587,0.295052,0.102957,0.099345,0.125272,0.133783,0.227754,0.207019,0.243879,0.189233,0.006272,0.189480,0.360072,0.175530,0.139343,0.172573,0.224859,0.216784,0.237342,0.175758,0.160119,0.156206,0.202048,0.198371,0.146448,0.227856,0.099226,0.262912,0.292073,0.111671,0.083097,0.225466,0.197729,0.270125,0.089338,0.307650,0.227459,0.062351,0.188179,0.224458,0.107330,0.066419,0.190598,0.179445,0.336781,0.200591,0.191344,0.141794,0.262476,0.138324,0.101710,0.287153,0.164242,0.296957,0.234691,0.163502,0.228787,0.240478,0.162433,0.204157,0.238592,0.100112,0.138380,0.095043,0.127623,0.201851,0.297280,0.164988,0.043154,0.176936,0.168455,0.191893,0.229336,0.276423,0.182195,0.173641,0.260861,0.066886,0.099212,0.205589,0.081236,0.270137,0.159464,0.115230,0.241159,0.149910,0.113589,0.273587,0.211835,0.231105,0.101658,0.195003,0.146420,0.209028,0.010096,0.221375,0.070011,0.143359,0.206331,0.200476,0.229140,0.216548,0.233206,0.069973,0.246419,0.146150,0.294663,0.206795,0.127828,0.218538,0.248355,0.154385,#
