0,1.000000,0.429114,0.384261,0.274491,0.325178,0.359492,0.399558,0.242283,0.369175,0.377685,0.429609,0.402190,0.391230,0.298876,0.391056,0.331241,0.405306,0.463506,0.376634,0.320573,0.405762,0.447782,0.314429,0.374835,0.314164,0.267924,0.362130,0.441440,0.380829,0.345262,0.328504,0.296578,0.395885,0.245210,0.293402,0.395309,0.418586,0.376845,0.296902,0.396396,0.269023,0.395888,0.308777,0.398763,0.305540,0.308640,0.399022,0.360000,0.426831,0.367055,0.482337,0.331969,0.312579,0.296626,0.450301,0.284436,0.384945,0.381019,0.268635,0.319469,0.402933,0.337520,0.373048,0.390113,0.381794,0.208604,0.393432,0.327172,0.288754,0.359155,0.420899,0.400267,0.382058,0.382589,0.339574,0.340779,0.351860,0.397422,0.382068,0.268890,0.458609,0.347617,0.393116,0.364105,0.345942,0.437521,0.397971,0.293192,0.410859,0.350045,0.408844,0.266349,0.290033,0.313690,0.356155,0.406268,0.370263,0.334801,0.415819,0.375271,0.378831,0.409477,0.342864,0.375432,0.311568,0.357106,0.379521,0.384965,0.352587,0.311199,0.260715,0.339967,0.378714,0.357128,0.269047,0.330047,0.380045,0.297939,0.424649,0.324390,0.409358,0.274264,0.248041,0.297201,0.289004,0.459445,0.308194,0.341111,0.314469,0.429305,0.386738,0.386094,0.352087,0.305324,0.402097,0.263614,0.378388,0.347667,0.357288,0.440835,0.333480,0.370017,0.390430,0.377498,0.362417,0.386377,0.338483,0.245509,0.358214,0.297794,0.386244,0.300891,0.338120,0.341805,0.319026,0.191714,0.272931,0.325331,0.371313,0.360508,0.384998,0.404451,0.267172,0.373277,0.383160,0.254051,0.227055,0.329428,0.384641,0.372886,0.479420,0.149287,0.412564,0.445132,0.391018,0.329533,0.335811,0.350755,0.407306,0.294979,0.324931,0.445436,0.319234,0.228278,0.329522,0.418281,0.373208,0.502678,0.340586,0.224585,0.401083,0.359347,0.251448,0.234794,0.335474,0.294390,0.366183,0.331727,0.342685,0.413354,#
1,0.429114,1.000000,0.365021,0.261989,0.432908,0.372058,0.434595,0.347949,0.290194,0.368817,0.465248,0.423208,0.416656,0.457607,0.378118,0.358101,0.353680,0.332626,0.488288,0.328364,0.370087,0.473992,0.309684,0.391957,0.457113,0.401128,0.411344,0.466695,0.402422,0.256683,0.395834,0.384044,0.427272,0.336378,0.389276,0.350732,0.337453,0.380930,0.325861,0.384337,0.365468,0.366978,0.499202,0.310265,0.372284,0.327490,0.448607,0.432436,0.377595,0.341003,0.469650,0.338813,0.451820,0.361810,0.391110,0.284669,0.395930,0.406864,0.421027,0.446448,0.459538,0.358136,0.390237,0.410817,0.370375,0.341897,0.344957,0.410268,0.368114,0.331951,0.400677,0.308084,0.405488,0.364380,0.446375,0.270778,0.467230,0.413885,0.467476,0.374296,0.382084,0.485420,0.460593,0.472159,0.288077,0.360700,0.338468,0.369405,0.407136,0.480431,0.373841,0.450368,0.364316,0.368973,0.268517,0.436630,0.358418,0.279671,0.447084,0.341846,0.326564,0.294689,0.356406,0.378383,0.291314,0.306389,0.384100,0.456365,0.339442,0.377767,0.419700,0.374002,0.459922,0.378660,0.410803,0.353511,0.421447,0.283475,0.469079,0.357689,0.318002,0.336637,0.320416,0.377656,0.389700,0.416947,0.473888,0.370973,0.372774,0.369974,0.396764,0.383149,0.275203,0.350515,0.485864,0.379997,0.362318,0.338721,0.365543,0.404971,0.418275,0.373717,0.254854,0.340195,0.410262,0.390729,0.417045,0.291682,0.450725,0.300627,0.373997,0.419982,0.394649,0.258777,0.277863,0.325389,0.382587,0.415812,0.380899,0.296676,0.248059,0.426141,0.334140,0.378242,0.388929,0.436152,0.265568,0.434592,0.335056,0.469584,0.417710,0.291766,0.327138,0.354976,0.487569,0.385314,0.316690,0.405580,0.424815,0.355982,0.387231,0.354705,0.388380,0.366266,0.507865,0.390531,0.314867,0.469566,0.287209,0.326302,0.494413,0.383421,0.243389,0.317800,0.388669,0.435469,0.272935,0.413617,0.346598,0.387961,#
2,0.384261,0.365021,1.000000,0.383244,0.341647,0.383669,0.422450,0.311069,0.250360,0.291430,0.309524,0.378722,0.368861,0.371252,0.375025,0.367937,0.391714,0.385412,0.408571,0.349134,0.350873,0.436300,0.422036,0.369653,0.433971,0.370911,0.383135,0.309287,0.324368,0.312407,0.405847,0.352757,0.370617,0.345511,0.351906,0.343935,0.338100,0.397408,0.312806,0.367964,0.419799,0.366245,0.364112,0.276742,0.281054,0.391850,0.372183,0.419001,0.300226,0.343159,0.399123,0.408366,0.409289,0.327605,0.328849,0.383271,0.255708,0.410144,0.291592,0.401916,0.211987,0.363761,0.363353,0.468706,0.408211,0.343460,0.356017,0.300954,0.331743,0.419605,0.339859,0.259768,0.294413,0.377664,0.403758,0.424806,0.330167,0.395730,0.366896,0.366646,0.433918,0.362006,0.347956,0.360526,0.263559,0.425708,0.401879,0.371953,0.274154,0.416514,0.303127,0.285825,0.374274,0.312271,0.326478,0.346748,0.335413,0.236306,0.425486,0.317549,0.372833,0.417885,0.339347,0.316590,0.420130,0.291965,0.335137,0.363756,0.317619,0.409575,0.389078,0.363450,0.375891,0.295027,0.310357,0.314281,0.297127,0.412470,0.251014,0.260035,0.338073,0.268178,0.283975,0.278000,0.296321,0.328174,0.392106,0.346893,0.361020,0.320470,0.297731,0.445062,0.284285,0.281209,0.362404,0.386472,0.372397,0.373372,0.285283,0.275377,0.266631,0.305443,0.406629,0.372728,0.471151,0.345958,0.321690,0.251726,0.447559,0.339810,0.368988,0.405888,0.348134,0.347011,0.261715,0.232852,0.283105,0.350640,0.361282,0.277306,0.438226,0.410914,0.390116,0.373699,0.353378,0.267734,0.309745,0.368942,0.331593,0.403541,0.394502,0.348240,0.319770,0.362567,0.469288,0.392753,0.453941,0.388307,0.379616,0.377372,0.389787,0.307092,0.269997,0.256776,0.352049,0.420090,0.404208,0.385270,0.297423,0.259182,0.370022,0.337558,0.404048,0.301142,0.336380,0.298118,0.391616,0.242489,0.474464,0.390960,#
3,0.274491,0.261989,0.383244,1.000000,0.274034,0.238674,0.327111,0.340105,0.249064,0.239203,0.259390,0.362209,0.237223,0.292767,0.148547,0.180160,0.259571,0.350772,0.270935,0.253280,0.250817,0.325713,0.312809,0.345326,0.330639,0.318690,0.271568,0.268887,0.312997,0.191060,0.307293,0.332813,0.285587,0.371786,0.203993,0.252937,0.330380,0.403582,0.282156,0.238702,0.296317,0.320122,0.413592,0.233584,0.282041,0.371981,0.366474,0.331657,0.235304,0.340099,0.402928,0.274436,0.269107,0.288105,0.206457,0.345617,0.270110,0.365189,0.264645,0.304406,0.261467,0.239874,0.326410,0.383141,0.323605,0.263725,0.249624,0.391158,0.177956,0.270166,0.412567,0.220458,0.201656,0.324930,0.362928,0.305445,0.239052,0.327247,0.314070,0.384600,0.292098,0.326025,0.272000,0.322413,0.252840,0.299432,0.402642,0.259527,0.271233,0.405436,0.316756,0.228359,0.278145,0.393965,0.194414,0.307547,0.271658,0.190662,0.352653,0.242208,0.252315,0.318364,0.320532,0.236070,0.338711,0.226764,0.283809,0.340101,0.285458,0.262640,0.320696,0.261786,0.280454,0.275361,0.195489,0.225417,0.304656,0.273891,0.277507,0.222014,0.306642,0.270336,0.329194,0.298554,0.257407,0.270459,0.330862,0.213453,0.319115,0.388815,0.261188,0.308371,0.317740,0.421538,0.307167,0.338202,0.267115,0.225988,0.298237,0.331504,0.328737,0.264308,0.346663,0.337123,0.369251,0.209253,0.306106,0.295880,0.336390,0.332035,0.320915,0.221405,0.251415,0.280879,0.219993,0.161794,0.319082,0.314339,0.179796,0.344147,0.389664,0.315118,0.305307,0.420023,0.344686,0.349508,0.253427,0.217577,0.292899,0.386549,0.348304,0.209900,0.276370,0.314079,0.359441,0.292753,0.203654,0.264880,0.247960,0.282862,0.373023,0.370770,0.322068,0.341546,0.299696,0.278742,0.205046,0.424612,0.172242,0.204940,0.333566,0.328543,0.325689,0.303003,0.166839,0.316578,0.349838,0.280577,0.340526,0.331179,#
4,0.325178,0.432908,0.341647,0.274034,1.000000,0.257928,0.450199,0.259911,0.346890,0.328010,0.446501,0.274977,0.375219,0.325914,0.284300,0.300637,0.307805,0.381384,0.418302,0.428133,0.282191,0.429499,0.319661,0.385586,0.412135,0.424744,0.326917,0.390764,0.362779,0.215013,0.372647,0.366607,0.448469,0.324670,0.379434,0.306662,0.200486,0.472417,0.328410,0.341911,0.358828,0.380134,0.394584,0.373238,0.362131,0.289024,0.404035,0.425170,0.371547,0.417320,0.396883,0.244430,0.372844,0.404602,0.348642,0.355097,0.248979,0.361237,0.281930,0.418123,0.397104,0.315297,0.317296,0.321236,0.315059,0.289054,0.396068,0.352111,0.340152,0.330049,0.327802,0.365883,0.345262,0.284133,0.369968,0.244606,0.259560,0.367130,0.294672,0.264312,0.470329,0.434691,0.278466,0.368808,0.334704,0.390523,0.312532,0.335085,0.381541,0.413241,0.322510,0.368409,0.264224,0.357866,0.219618,0.391224,0.299082,0.389391,0.460383,0.305729,0.347423,0.263391,0.286763,0.405365,0.428668,0.273170,0.333238,0.372571,0.321405,0.464347,0.436304,0.222317,0.400299,0.442687,0.282279,0.243097,0.311930,0.234586,0.390110,0.320155,0.310168,0.363292,0.335617,0.296272,0.358629,0.372144,0.411055,0.335131,0.228386,0.257653,0.300653,0.406712,0.334347,0.309246,0.404630,0.356037,0.314900,0.264333,0.235092,0.307090,0.377549,0.250563,0.345520,0.389211,0.327386,0.338445,0.388602,0.239563,0.389242,0.394126,0.354090,0.390317,0.400774,0.395746,0.275859,0.281627,0.375769,0.387445,0.299429,0.325509,0.287829,0.347249,0.312545,0.363987,0.302910,0.414185,0.356480,0.249173,0.375870,0.390466,0.455789,0.311734,0.287720,0.240406,0.393671,0.222457,0.336824,0.280429,0.225722,0.279315,0.285678,0.347291,0.261070,0.270040,0.364798,0.347918,0.337464,0.476123,0.349659,0.270616,0.380507,0.283909,0.372640,0.312691,0.343154,0.360529,0.349762,0.404110,0.377168,0.370299,#
5,0.359492,0.372058,0.383669,0.238674,0.257928,1.000000,0.283164,0.295879,0.302408,0.300132,0.246430,0.345609,0.286797,0.214305,0.270685,0.369479,0.331182,0.371128,0.356918,0.247086,0.331293,0.367026,0.347429,0.460808,0.263021,0.363570,0.297194,0.307772,0.336187,0.295548,0.210366,0.434888,0.302751,0.245762,0.333663,0.248205,0.456380,0.346048,0.321592,0.369098,0.326016,0.300283,0.289084,0.335982,0.244031,0.345402,0.297565,0.237404,0.366159,0.354012,0.363959,0.294277,0.378913,0.253169,0.296062,0.347304,0.285446,0.404715,0.247985,0.333454,0.376624,0.329713,0.378631,0.355505,0.335773,0.245748,0.333431,0.339611,0.199041,0.224664,0.432575,0.258609,0.395561,0.451368,0.312618,0.305826,0.327315,0.321301,0.354210,0.293253,0.398179,0.307984,0.341506,0.208988,0.153656,0.381315,0.286038,0.332534,0.296668,0.270297,0.272561,0.325089,0.222437,0.298165,0.219903,0.320387,0.333871,0.179403,0.370312,0.227356,0.342097,0.360765,0.381873,0.341320,0.255368,0.232095,0.292096,0.340193,0.258833,0.352310,0.388583,0.292586,0.362437,0.301263,0.273192,0.326310,0.438125,0.315620,0.237128,0.369223,0.222573,0.233331,0.297320,0.208456,0.336819,0.283416,0.278482,0.212479,0.324820,0.388171,0.317300,0.363333,0.229068,0.258867,0.439496,0.317913,0.253552,0.234503,0.267171,0.294609,0.355867,0.325513,0.312445,0.325376,0.315047,0.265952,0.265380,0.319206,0.327864,0.236601,0.301595,0.248140,0.310104,0.377226,0.224682,0.240697,0.314780,0.310281,0.332609,0.230658,0.385974,0.271248,0.326170,0.203113,0.289128,0.208597,0.145856,0.302438,0.347064,0.376351,0.210576,0.273589,0.346767,0.300864,0.296623,0.344625,0.242513,0.342869,0.359750,0.268321,0.387822,0.406350,0.389936,0.222738,0.314737,0.379102,0.270289,0.316319,0.282802,0.300953,0.442014,0.238777,0.266153,0.333654,0.327598,0.307089,0.354620,0.346145,0.345434,0.404130,#
6,0.399558,0.434595,0.422450,0.327111,0.450199,0.283164,1.000000,0.335854,0.290373,0.332274,0.407945,0.391479,0.343561,0.440413,0.257499,0.351595,0.392315,0.396372,0.435269,0.412169,0.387165,0.433019,0.353979,0.373587,0.426645,0.333841,0.321689,0.373913,0.386262,0.319183,0.339216,0.347110,0.396975,0.307895,0.313556,0.273196,0.291603,0.376917,0.303667,0.412900,0.410642,0.384320,0.419484,0.411522,0.385177,0.265516,0.443256,0.503086,0.370371,0.425235,0.362001,0.427647,0.430269,0.388795,0.300453,0.354133,0.373186,0.468798,0.328110,0.413884,0.282310,0.354904,0.316930,0.442766,0.283851,0.419684,0.378281,0.333493,0.346122,0.306361,0.421858,0.381301,0.364836,0.410771,0.365141,0.351926,0.370717,0.388040,0.385461,0.359380,0.429598,0.479312,0.462859,0.358626,0.369977,0.439800,0.411776,0.422411,0.462452,0.412535,0.395788,0.335357,0.359692,0.452441,0.282763,0.460720,0.333249,0.304800,0.462312,0.323306,0.408835,0.400227,0.249092,0.372761,0.273408,0.441028,0.388391,0.394170,0.367023,0.398296,0.379253,0.290627,0.413967,0.353087,0.333209,0.318166,0.406203,0.311314,0.400896,0.316428,0.303572,0.430021,0.279922,0.293460,0.307745,0.370102,0.372270,0.489945,0.252918,0.390385,0.343168,0.364384,0.431664,0.260517,0.522057,0.384489,0.300597,0.473465,0.334346,0.305176,0.345269,0.238103,0.358586,0.532609,0.280077,0.376003,0.343885,0.266494,0.332004,0.300529,0.407322,0.360817,0.382446,0.392619,0.346045,0.217821,0.320869,0.344593,0.307524,0.300288,0.344354,0.374956,0.353963,0.394687,0.421091,0.354303,0.238152,0.323942,0.448686,0.477592,0.352788,0.327793,0.341959,0.301385,0.412539,0.363946,0.350218,0.323666,0.402173,0.280173,0.256260,0.256780,0.333304,0.373187,0.411277,0.336116,0.343091,0.421607,0.358571,0.357667,0.399761,0.277135,0.406150,0.314281,0.303206,0.385089,0.367342,0.389494,0.302792,0.382531,#
7,0.242283,0.347949,0.311069,0.340105,0.259911,0.295879,0.335854,1.000000,0.250503,0.353724,0.330286,0.410886,0.311543,0.358438,0.225620,0.306141,0.345855,0.366613,0.346902,0.396578,0.291680,0.389317,0.460382,0.319421,0.433632,0.348083,0.334065,0.422860,0.291968,0.248823,0.391284,0.412328,0.378968,0.348554,0.299352,0.329494,0.289207,0.343976,0.327150,0.286922,0.257700,0.318384,0.460443,0.261217,0.319517,0.424880,0.338920,0.413517,0.374358,0.393118,0.424599,0.277324,0.326137,0.380873,0.369540,0.399087,0.382636,0.353609,0.293105,0.390496,0.286658,0.188444,0.354987,0.367462,0.423232,0.264768,0.343519,0.419438,0.328626,0.498873,0.351154,0.238933,0.423810,0.421275,0.387767,0.358085,0.380661,0.365217,0.403393,0.430628,0.337822,0.364523,0.421548,0.386850,0.293000,0.380040,0.422685,0.361512,0.375198,0.408482,0.327821,0.257390,0.323879,0.345621,0.290994,0.345939,0.308162,0.228698,0.299509,0.222560,0.360082,0.313565,0.312037,0.344750,0.230750,0.368478,0.355248,0.327592,0.355788,0.310074,0.340242,0.339281,0.298405,0.332670,0.409953,0.333969,0.343663,0.346996,0.400491,0.364434,0.340379,0.362252,0.339817,0.425286,0.447662,0.388816,0.388650,0.379834,0.297569,0.355840,0.306266,0.281809,0.286572,0.350322,0.452588,0.423302,0.280004,0.380959,0.405831,0.411979,0.414290,0.503073,0.230541,0.371186,0.447499,0.332163,0.401689,0.287435,0.403302,0.302092,0.363165,0.504610,0.311396,0.246604,0.225195,0.386054,0.331840,0.380722,0.297895,0.323811,0.393801,0.314555,0.314698,0.393588,0.390349,0.295264,0.336157,0.268934,0.413877,0.335503,0.370299,0.378413,0.343342,0.277074,0.375320,0.340663,0.330392,0.364862,0.254946,0.397877,0.337451,0.408749,0.237618,0.274095,0.284332,0.351553,0.365428,0.446340,0.302218,0.349409,0.393075,0.301301,0.252482,0.353862,0.209212,0.318530,0.407393,0.360701,0.359197,0.410581,#
8,0.369175,0.290194,0.250360,0.249064,0.346890,0.302408,0.290373,0.250503,1.000000,0.230035,0.365319,0.334654,0.347996,0.351617,0.325721,0.299346,0.344315,0.288411,0.249026,0.371074,0.270835,0.324606,0.317289,0.335179,0.327733,0.359141,0.214865,0.358290,0.270425,0.386381,0.255694,0.381376,0.322781,0.390742,0.330002,0.288341,0.301515,0.411374,0.273826,0.439104,0.318255,0.256900,0.272071,0.363165,0.355184,0.287162,0.388912,0.395620,0.239258,0.279787,0.313132,0.396975,0.275009,0.441133,0.347036,0.360128,0.266349,0.287110,0.269781,0.386557,0.336679,0.202921,0.448772,0.384791,0.289740,0.274475,0.334597,0.383948,0.406156,0.312070,0.239559,0.397281,0.320316,0.325793,0.241321,0.214259,0.332723,0.248758,0.360730,0.212579,0.337744,0.332777,0.330868,0.235664,0.267004,0.378287,0.316782,0.316100,0.365664,0.354546,0.325098,0.244132,0.264770,0.337177,0.304942,0.464476,0.374768,0.303995,0.305376,0.211832,0.347499,0.260341,0.224982,0.274141,0.308085,0.239636,0.395417,0.358960,0.228075,0.358400,0.272378,0.316065,0.310469,0.303591,0.271304,0.315772,0.447604,0.295501,0.199362,0.357041,0.325917,0.221263,0.328538,0.230859,0.311826,0.381475,0.261983,0.282355,0.348404,0.349011,0.358699,0.351953,0.297457,0.295322,0.439388,0.357506,0.299396,0.370028,0.430797,0.331128,0.288324,0.329082,0.431946,0.338938,0.365298,0.323922,0.324900,0.441542,0.373841,0.308849,0.307923,0.291032,0.324644,0.291281,0.330032,0.236912,0.361279,0.262158,0.283060,0.310984,0.243180,0.273928,0.252139,0.391640,0.275018,0.276477,0.290062,0.265018,0.318706,0.372804,0.414209,0.108247,0.221100,0.407875,0.363784,0.383288,0.228051,0.342757,0.277636,0.321452,0.395265,0.277027,0.122825,0.249580,0.395404,0.275762,0.290942,0.316796,0.278819,0.247422,0.389218,0.278492,0.210693,0.268754,0.283522,0.288750,0.351902,0.214814,0.294253,0.361941,#
9,0.377685,0.368817,0.291430,0.239203,0.328010,0.300132,0.332274,0.353724,0.230035,1.000000,0.458896,0.374010,0.338538,0.380802,0.339306,0.364917,0.309116,0.287353,0.337136,0.397027,0.317816,0.348114,0.379230,0.389823,0.336198,0.307780,0.375945,0.474481,0.318219,0.221693,0.408828,0.398650,0.310393,0.340839,0.319194,0.350106,0.203883,0.353903,0.296870,0.295266,0.332035,0.369536,0.287387,0.209687,0.378307,0.407335,0.340147,0.437561,0.402583,0.271488,0.412543,0.362233,0.335737,0.295874,0.362683,0.364392,0.413731,0.383536,0.230079,0.353607,0.304796,0.285971,0.409695,0.350857,0.353305,0.326197,0.278808,0.429965,0.373213,0.287221,0.368317,0.328852,0.281904,0.411937,0.395453,0.313332,0.470521,0.337584,0.444130,0.399829,0.407072,0.394363,0.469753,0.359297,0.378365,0.484362,0.419394,0.291827,0.406773,0.344401,0.273077,0.432217,0.315102,0.361655,0.313265,0.420581,0.436175,0.261181,0.365883,0.358077,0.406866,0.338526,0.439799,0.242478,0.342889,0.298336,0.363132,0.425334,0.297141,0.279450,0.250530,0.306928,0.406493,0.353288,0.359741,0.339765,0.435782,0.396641,0.448803,0.282328,0.488655,0.450872,0.326599,0.355405,0.369246,0.386527,0.290547,0.455508,0.273100,0.274186,0.351413,0.413708,0.285953,0.316563,0.482607,0.260245,0.300867,0.298288,0.363045,0.388544,0.321312,0.309168,0.292819,0.337776,0.364398,0.237020,0.398560,0.315577,0.293766,0.295810,0.397942,0.364120,0.396566,0.327935,0.303093,0.348023,0.390689,0.403800,0.345284,0.356778,0.324614,0.260017,0.194382,0.418987,0.387983,0.325031,0.256978,0.280153,0.413920,0.434601,0.372568,0.373092,0.342931,0.357375,0.355681,0.360011,0.300469,0.197461,0.253800,0.407725,0.334372,0.373612,0.365406,0.365675,0.324144,0.361427,0.455982,0.439506,0.368367,0.266099,0.390680,0.321583,0.225876,0.314408,0.303286,0.368027,0.313714,0.259268,0.361394,0.342387,#
10,0.429609,0.465248,0.309524,0.259390,0.446501,0.246430,0.407945,0.330286,0.365319,0.458896,1.000000,0.375384,0.318606,0.422294,0.329306,0.362384,0.443102,0.343686,0.454240,0.433589,0.361937,0.372117,0.339914,0.302912,0.361962,0.329312,0.437788,0.389674,0.291734,0.326589,0.379016,0.350179,0.330850,0.373734,0.353375,0.411614,0.189370,0.383116,0.336060,0.305493,0.264101,0.256185,0.375935,0.277810,0.350195,0.346524,0.381683,0.448502,0.417251,0.380638,0.342975,0.402915,0.349817,0.372392,0.379797,0.385989,0.348270,0.394212,0.327867,0.341299,0.400104,0.336207,0.373738,0.392531,0.336901,0.329588,0.389960,0.343457,0.347637,0.289287,0.322337,0.310218,0.301993,0.380551,0.370907,0.358300,0.455354,0.274566,0.415955,0.283908,0.347935,0.482894,0.347087,0.389226,0.330482,0.434832,0.395478,0.255724,0.420056,0.362646,0.239332,0.363420,0.369132,0.315939,0.267622,0.386707,0.406052,0.241965,0.457195,0.366754,0.436458,0.285132,0.342141,0.340880,0.373584,0.324125,0.456084,0.405282,0.345748,0.410113,0.278389,0.294862,0.387660,0.381624,0.355684,0.395382,0.397504,0.282784,0.290259,0.287161,0.319075,0.292646,0.353201,0.356975,0.405297,0.349762,0.339593,0.353214,0.306513,0.362361,0.370069,0.384373,0.333603,0.260693,0.465176,0.341458,0.343890,0.392905,0.282086,0.486694,0.329948,0.285712,0.437356,0.313941,0.344507,0.362511,0.267231,0.340272,0.334543,0.378793,0.332896,0.441608,0.343430,0.405875,0.363104,0.362741,0.356630,0.338609,0.291585,0.427776,0.274342,0.359789,0.308621,0.421738,0.344917,0.351092,0.264031,0.250955,0.350396,0.513002,0.450106,0.321525,0.375916,0.374611,0.430534,0.227088,0.326965,0.356895,0.397180,0.433397,0.381698,0.337368,0.373260,0.316680,0.426194,0.341455,0.353131,0.412472,0.323968,0.286303,0.354625,0.345053,0.290971,0.304328,0.308701,0.437786,0.380104,0.406849,0.400794,0.454332,#
11,0.402190,0.423208,0.378722,0.362209,0.274977,0.345609,0.391479,0.410886,0.334654,0.374010,0.375384,1.000000,0.434744,0.331103,0.223768,0.444196,0.426278,0.432797,0.404630,0.269861,0.400458,0.431210,0.379214,0.416185,0.472003,0.468790,0.292740,0.435537,0.282129,0.400854,0.380051,0.438739,0.350870,0.402924,0.333522,0.309224,0.441223,0.468734,0.283995,0.350722,0.396356,0.372627,0.446121,0.407174,0.346840,0.387046,0.406128,0.480357,0.359188,0.299761,0.441205,0.423743,0.344591,0.429117,0.355916,0.368241,0.512779,0.392135,0.351668,0.367400,0.354534,0.383284,0.449470,0.458327,0.425230,0.275999,0.390095,0.408974,0.338471,0.360904,0.372274,0.289172,0.343387,0.486435,0.469785,0.424789,0.393305,0.386560,0.546383,0.376076,0.413930,0.320376,0.383432,0.441296,0.410363,0.428328,0.482768,0.360832,0.414261,0.370570,0.442894,0.359612,0.402425,0.438709,0.331757,0.378343,0.334507,0.330292,0.397941,0.393332,0.457282,0.369686,0.379959,0.255518,0.342831,0.455107,0.424932,0.374527,0.365970,0.437695,0.327616,0.332997,0.415358,0.391353,0.281237,0.491618,0.445113,0.293343,0.384512,0.393497,0.354428,0.431138,0.382191,0.362327,0.395507,0.381768,0.515400,0.482133,0.395279,0.357231,0.401378,0.507799,0.288853,0.310097,0.416270,0.342286,0.269944,0.430406,0.347608,0.406650,0.341831,0.444502,0.370606,0.486348,0.405882,0.411571,0.402993,0.349235,0.455218,0.351456,0.419951,0.491873,0.335788,0.372698,0.448416,0.280608,0.331980,0.339601,0.289468,0.362514,0.444058,0.359987,0.318625,0.417933,0.485689,0.413273,0.313893,0.357404,0.529534,0.422155,0.449859,0.243255,0.389540,0.388844,0.391371,0.464813,0.431246,0.366439,0.332377,0.328929,0.400859,0.382212,0.394136,0.361443,0.399056,0.474825,0.365431,0.404572,0.325728,0.358239,0.270592,0.347913,0.357906,0.208873,0.299773,0.382334,0.472424,0.372141,0.333868,0.446361,#
12,0.391230,0.416656,0.368861,0.237223,0.375219,0.286797,0.343561,0.311543,0.347996,0.338538,0.318606,0.434744,1.000000,0.345591,0.302701,0.361282,0.383487,0.373089,0.507143,0.369534,0.394139,0.299632,0.378532,0.417579,0.413261,0.321467,0.299890,0.492000,0.377833,0.387086,0.406936,0.464790,0.410681,0.366254,0.349373,0.324239,0.376164,0.384078,0.248594,0.358204,0.404275,0.306879,0.453648,0.389816,0.375131,0.400952,0.324908,0.357801,0.412741,0.345166,0.453100,0.250433,0.316417,0.388130,0.319068,0.315790,0.384153,0.431375,0.342814,0.392320,0.353952,0.368045,0.411211,0.409148,0.329625,0.340241,0.394821,0.333591,0.332184,0.283382,0.294591,0.365369,0.290421,0.327589,0.414158,0.356847,0.391875,0.347286,0.336362,0.334319,0.437763,0.395031,0.449132,0.379958,0.407209,0.459219,0.376934,0.373636,0.438393,0.403262,0.405732,0.341274,0.296855,0.427283,0.323823,0.308053,0.395276,0.382517,0.287315,0.264215,0.354806,0.401470,0.316900,0.408920,0.389999,0.364825,0.394506,0.363385,0.312623,0.464210,0.357563,0.251909,0.405073,0.411331,0.300670,0.366857,0.422115,0.444167,0.277795,0.340168,0.262235,0.469287,0.362989,0.360396,0.297830,0.458114,0.387375,0.365566,0.361816,0.288908,0.351384,0.446438,0.303913,0.243923,0.372012,0.361272,0.349234,0.377239,0.354566,0.342945,0.429924,0.435814,0.324425,0.353060,0.349401,0.336734,0.399892,0.296104,0.385461,0.294480,0.433922,0.509418,0.319081,0.329274,0.382057,0.231933,0.360646,0.240047,0.304914,0.224560,0.438446,0.335716,0.280293,0.422488,0.396066,0.361290,0.343749,0.187992,0.399439,0.461151,0.341835,0.289688,0.391231,0.317392,0.423583,0.315145,0.294242,0.301805,0.224395,0.353390,0.400916,0.383129,0.362447,0.356612,0.385347,0.403140,0.403888,0.443507,0.271998,0.245660,0.421505,0.416337,0.322346,0.361023,0.363400,0.331524,0.425499,0.212389,0.400513,0.364219,#
13,0.298876,0.457607,0.371252,0.292767,0.325914,0.214305,0.440413,0.358438,0.351617,0.380802,0.422294,0.331103,0.345591,1.000000,0.333757,0.339065,0.358898,0.281430,0.370435,0.351879,0.352073,0.352553,0.380910,0.262639,0.453538,0.389676,0.397644,0.386577,0.311956,0.223484,0.361399,0.300321,0.391205,0.346322,0.241441,0.335911,0.245516,0.361512,0.222108,0.317261,0.293424,0.315159,0.487101,0.280288,0.363342,0.266524,0.423463,0.389227,0.409576,0.310243,0.441733,0.368405,0.323867,0.323208,0.399958,0.431113,0.322712,0.335299,0.335207,0.377637,0.344043,0.306485,0.502101,0.395261,0.273869,0.272061,0.419852,0.365578,0.432219,0.381359,0.276042,0.374777,0.335003,0.431733,0.420015,0.248521,0.383293,0.370024,0.404817,0.350009,0.360865,0.443515,0.458232,0.402593,0.445270,0.363377,0.442342,0.383160,0.417839,0.446650,0.333850,0.357064,0.412675,0.359669,0.352501,0.397673,0.312220,0.268209,0.343778,0.344157,0.481731,0.332004,0.325576,0.268319,0.319100,0.372123,0.346503,0.384024,0.318478,0.334349,0.304907,0.307482,0.457421,0.350261,0.381858,0.272640,0.419425,0.304049,0.334037,0.385770,0.387351,0.397240,0.244978,0.393228,0.322309,0.367789,0.346909,0.422596,0.448785,0.279418,0.325658,0.326418,0.355783,0.357252,0.502580,0.292374,0.349542,0.360167,0.459583,0.378409,0.362897,0.308441,0.326155,0.412291,0.391113,0.429813,0.373062,0.316786,0.225229,0.319939,0.410068,0.260706,0.360119,0.330009,0.404512,0.299558,0.340807,0.344689,0.291541,0.261639,0.294708,0.368911,0.244229,0.455111,0.424100,0.382856,0.207710,0.271845,0.427818,0.465383,0.416865,0.401477,0.344370,0.310185,0.418006,0.394819,0.360047,0.279239,0.410469,0.293374,0.415179,0.226366,0.285452,0.360569,0.315419,0.351508,0.379628,0.466403,0.353154,0.372119,0.349386,0.317448,0.296369,0.306687,0.295556,0.385859,0.371091,0.331482,0.361976,0.391962,#
14,0.391056,0.378118,0.375025,0.148547,0.284300,0.270685,0.257499,0.225620,0.325721,0.339306,0.329306,0.223768,0.302701,0.333757,1.000000,0.402632,0.293735,0.325531,0.405462,0.338401,0.256618,0.338762,0.310308,0.311423,0.348938,0.258338,0.325329,0.266484,0.297082,0.259531,0.263986,0.191093,0.242608,0.247838,0.313137,0.346248,0.310341,0.377179,0.335975,0.366769,0.372334,0.300073,0.407904,0.327429,0.264581,0.257336,0.397158,0.346963,0.315932,0.212238,0.374341,0.283096,0.282689,0.291104,0.361711,0.304430,0.285801,0.310715,0.262938,0.338204,0.354381,0.368305,0.304015,0.348836,0.319891,0.243627,0.294794,0.315367,0.345220,0.275174,0.202770,0.283527,0.219912,0.427009,0.181603,0.281681,0.267646,0.380366,0.348632,0.264008,0.333966,0.182163,0.417106,0.353192,0.235773,0.353126,0.214317,0.238178,0.336790,0.336576,0.315129,0.299033,0.338058,0.307235,0.237810,0.270269,0.338575,0.240789,0.417577,0.251590,0.274823,0.270585,0.315663,0.264704,0.205553,0.267256,0.380415,0.394787,0.288562,0.324400,0.218909,0.283864,0.350364,0.157398,0.297453,0.340902,0.269190,0.309699,0.305790,0.259395,0.376853,0.238863,0.277692,0.339748,0.248696,0.277405,0.329410,0.310739,0.203743,0.281342,0.092522,0.322940,0.324724,0.171733,0.279457,0.250367,0.332053,0.247874,0.272055,0.246269,0.356617,0.375079,0.372963,0.265377,0.263259,0.288290,0.322316,0.142674,0.276743,0.235968,0.226682,0.268909,0.191505,0.364430,0.194907,0.189406,0.282967,0.318310,0.257144,0.214222,0.253091,0.305616,0.239449,0.235381,0.312479,0.222971,0.336605,0.287184,0.263135,0.312438,0.347361,0.288512,0.309689,0.384133,0.404620,0.226373,0.349212,0.326555,0.304430,0.353905,0.360050,0.362921,0.210571,0.361821,0.303828,0.334186,0.316484,0.382291,0.235085,0.146490,0.326681,0.312079,0.284223,0.371698,0.299400,0.184547,0.206296,0.248388,0.379398,0.410652,#
15,0.331241,0.358101,0.367937,0.180160,0.300637,0.369479,0.351595,0.306141,0.299346,0.364917,0.362384,0.444196,0.361282,0.339065,0.402632,1.000000,0.421680,0.453731,0.442323,0.321539,0.252870,0.427277,0.360549,0.364884,0.446171,0.280108,0.328314,0.330715,0.279640,0.263776,0.385019,0.368481,0.313270,0.373163,0.353321,0.274973,0.329340,0.405458,0.361463,0.407410,0.507474,0.329839,0.396942,0.366510,0.412790,0.334747,0.352383,0.428668,0.313395,0.318975,0.390635,0.333288,0.409577,0.351288,0.353784,0.298581,0.377444,0.409531,0.324245,0.427879,0.273131,0.293219,0.262669,0.387954,0.285921,0.277068,0.472588,0.397645,0.393944,0.293694,0.214632,0.332165,0.303629,0.321462,0.407650,0.432889,0.348597,0.403800,0.403952,0.309396,0.492302,0.313538,0.337878,0.373174,0.301582,0.435263,0.411903,0.202282,0.406530,0.343824,0.303613,0.244380,0.344031,0.429502,0.256594,0.310287,0.361932,0.270078,0.461075,0.323965,0.421823,0.306237,0.416683,0.299832,0.322619,0.337699,0.389383,0.289425,0.353371,0.483702,0.308182,0.376607,0.340051,0.250722,0.293087,0.448879,0.407626,0.367117,0.311743,0.376852,0.353495,0.299768,0.265641,0.352644,0.291727,0.294216,0.417966,0.386448,0.321676,0.235177,0.192581,0.432295,0.277783,0.320156,0.443238,0.341915,0.368994,0.326147,0.313165,0.201970,0.374996,0.377082,0.465552,0.328873,0.367091,0.356060,0.442277,0.216573,0.329168,0.378417,0.388704,0.394222,0.301188,0.521323,0.224371,0.417539,0.283748,0.370076,0.295371,0.296233,0.312753,0.352876,0.290594,0.357125,0.319543,0.414482,0.298558,0.327049,0.399742,0.420263,0.367758,0.254446,0.432674,0.308688,0.447200,0.237453,0.393074,0.275474,0.256677,0.353207,0.258003,0.372338,0.320066,0.248338,0.353686,0.486059,0.246834,0.383683,0.274482,0.213065,0.224484,0.455498,0.226973,0.372182,0.290121,0.344490,0.330119,0.338888,0.297534,0.392835,#
16,0.405306,0.353680,0.391714,0.259571,0.307805,0.331182,0.392315,0.345855,0.344315,0.309116,0.443102,0.426278,0.383487,0.358898,0.293735,0.421680,1.000000,0.407272,0.380308,0.297635,0.507084,0.405061,0.469695,0.281843,0.345610,0.343448,0.359936,0.272770,0.284534,0.265579,0.365459,0.445173,0.282040,0.376913,0.283983,0.304731,0.348881,0.321157,0.298769,0.386812,0.257070,0.332302,0.381286,0.320639,0.325920,0.342392,0.425322,0.374863,0.359129,0.321333,0.254087,0.335595,0.448701,0.366554,0.322064,0.316822,0.257269,0.341992,0.268535,0.303250,0.271295,0.378086,0.346918,0.453568,0.396832,0.269717,0.372400,0.463120,0.320778,0.393100,0.261984,0.299829,0.333254,0.329298,0.405010,0.470742,0.342434,0.339316,0.451424,0.322526,0.302812,0.330595,0.328171,0.342759,0.336945,0.482276,0.452483,0.329810,0.373124,0.317167,0.292939,0.293002,0.303829,0.328254,0.306173,0.386651,0.328491,0.234486,0.464676,0.323114,0.393825,0.270908,0.246823,0.297510,0.304270,0.364294,0.351878,0.293053,0.380665,0.395686,0.350437,0.389296,0.395102,0.294212,0.384134,0.447303,0.439932,0.330054,0.228095,0.328941,0.258335,0.303737,0.346968,0.323298,0.384904,0.293007,0.396380,0.286353,0.370564,0.368522,0.233639,0.392245,0.353348,0.290173,0.469339,0.329985,0.259001,0.375092,0.335262,0.405020,0.258572,0.350471,0.265387,0.355235,0.360788,0.315079,0.222412,0.227785,0.280551,0.201502,0.337769,0.379655,0.323510,0.310117,0.302601,0.373193,0.282069,0.290108,0.346084,0.264331,0.312484,0.355755,0.384033,0.398059,0.282150,0.312935,0.296436,0.327113,0.351004,0.340281,0.358298,0.169584,0.389592,0.261079,0.393003,0.363746,0.379286,0.305306,0.286768,0.347193,0.323545,0.368029,0.278498,0.212244,0.294977,0.321000,0.374760,0.395816,0.262279,0.248608,0.362716,0.277779,0.276831,0.287830,0.358281,0.342178,0.354951,0.363363,0.310420,0.447512,#
17,0.463506,0.332626,0.385412,0.350772,0.381384,0.371128,0.396372,0.366613,0.288411,0.287353,0.343686,0.432797,0.373089,0.281430,0.325531,0.453731,0.407272,1.000000,0.382941,0.419505,0.332606,0.455800,0.436748,0.498624,0.458141,0.367893,0.285539,0.354981,0.412960,0.385175,0.402663,0.469719,0.485234,0.407696,0.304181,0.284356,0.333838,0.554985,0.326831,0.321696,0.378480,0.289302,0.426271,0.467862,0.310668,0.354328,0.444270,0.394894,0.456465,0.449155,0.457633,0.303632,0.338713,0.422042,0.394762,0.369538,0.365743,0.521976,0.339624,0.394989,0.381892,0.439975,0.343405,0.395347,0.333831,0.376433,0.404762,0.508252,0.405522,0.419404,0.426655,0.433864,0.408929,0.449084,0.409384,0.440284,0.329368,0.470519,0.391409,0.355897,0.480113,0.455377,0.507842,0.444235,0.364943,0.402750,0.446243,0.368806,0.498665,0.432244,0.429431,0.317045,0.368836,0.382124,0.276913,0.344842,0.354923,0.430975,0.382196,0.345835,0.439990,0.342257,0.341411,0.362748,0.380308,0.425825,0.390433,0.497282,0.317313,0.380347,0.356519,0.249797,0.336916,0.370315,0.262668,0.418893,0.395341,0.370879,0.340128,0.406840,0.324608,0.345092,0.338089,0.354317,0.392194,0.438132,0.403668,0.409769,0.303293,0.294996,0.245774,0.443671,0.435390,0.469089,0.426891,0.372236,0.407410,0.319703,0.367259,0.389325,0.413363,0.415157,0.404608,0.390333,0.442008,0.388862,0.318320,0.265079,0.400822,0.275536,0.492239,0.321285,0.310207,0.488093,0.348822,0.310288,0.334438,0.414357,0.441204,0.409201,0.434827,0.429639,0.321265,0.371603,0.449148,0.433878,0.312051,0.400888,0.382397,0.428645,0.495947,0.323315,0.364506,0.381776,0.431557,0.260885,0.413857,0.371739,0.247601,0.404063,0.416619,0.523129,0.322893,0.199028,0.338696,0.418643,0.442810,0.507463,0.415134,0.340534,0.330681,0.452926,0.206088,0.308577,0.479196,0.403267,0.476227,0.303791,0.355442,0.462262,#
18,0.376634,0.488288,0.408571,0.270935,0.418302,0.356918,0.435269,0.346902,0.249026,0.337136,0.454240,0.404630,0.507143,0.370435,0.405462,0.442323,0.380308,0.382941,1.000000,0.419018,0.320655,0.391752,0.236727,0.393595,0.404864,0.435618,0.448576,0.414681,0.451154,0.300715,0.442503,0.458147,0.467154,0.331753,0.375421,0.410545,0.433856,0.410647,0.330633,0.355387,0.415055,0.319663,0.483440,0.365492,0.342635,0.299295,0.347311,0.407638,0.331007,0.339978,0.447542,0.301699,0.415691,0.466482,0.353617,0.283421,0.380930,0.458331,0.280400,0.344759,0.350357,0.350112,0.405366,0.484393,0.328304,0.402848,0.412573,0.448225,0.326017,0.208607,0.265215,0.341232,0.323350,0.392618,0.407753,0.329197,0.351857,0.421868,0.474081,0.474685,0.526516,0.391009,0.428427,0.432925,0.374606,0.356191,0.400012,0.355490,0.477269,0.351899,0.390025,0.321766,0.384769,0.415232,0.324606,0.329538,0.437326,0.293332,0.369932,0.427963,0.370310,0.445492,0.395241,0.396629,0.407944,0.327500,0.370609,0.388769,0.335709,0.438436,0.387285,0.377731,0.304752,0.421353,0.306789,0.304017,0.338636,0.329163,0.398266,0.326766,0.261687,0.430632,0.298247,0.381552,0.406921,0.404459,0.388618,0.378625,0.336670,0.370959,0.363289,0.387719,0.370034,0.261296,0.495168,0.285328,0.301908,0.410985,0.346220,0.357151,0.490059,0.309074,0.335820,0.361649,0.353998,0.339471,0.277128,0.187875,0.322205,0.299830,0.354580,0.415692,0.431488,0.390771,0.284524,0.372664,0.433195,0.396104,0.293655,0.334004,0.392916,0.418141,0.345399,0.375008,0.356575,0.377034,0.426677,0.379071,0.419151,0.434522,0.324709,0.323860,0.394685,0.247667,0.428130,0.260386,0.288425,0.427135,0.452387,0.348660,0.330530,0.411161,0.364908,0.319731,0.536772,0.427193,0.412881,0.557282,0.332559,0.335447,0.388036,0.343617,0.314073,0.378911,0.381614,0.356922,0.417840,0.395915,0.423908,0.501629,#
19,0.320573,0.328364,0.349134,0.253280,0.428133,0.247086,0.412169,0.396578,0.371074,0.397027,0.433589,0.269861,0.369534,0.351879,0.338401,0.321539,0.297635,0.419505,0.419018,1.000000,0.274996,0.400294,0.359412,0.400707,0.375906,0.383172,0.339088,0.336056,0.331286,0.410890,0.315645,0.381659,0.341236,0.330483,0.347264,0.344444,0.206784,0.412896,0.422859,0.344737,0.311701,0.243303,0.397457,0.319073,0.349539,0.409869,0.392783,0.458335,0.370743,0.348976,0.370535,0.289888,0.254094,0.467922,0.378850,0.389140,0.382707,0.426897,0.245043,0.425084,0.350095,0.271829,0.365843,0.318947,0.360625,0.309829,0.283215,0.376453,0.330053,0.366607,0.346535,0.291704,0.414804,0.304372,0.366734,0.311517,0.388027,0.431449,0.356777,0.361874,0.422083,0.349977,0.457072,0.275596,0.397860,0.400842,0.360474,0.317404,0.414245,0.376133,0.321492,0.371292,0.344539,0.330380,0.281677,0.383213,0.382281,0.435483,0.347281,0.262268,0.310955,0.259656,0.395441,0.299816,0.392960,0.343289,0.507363,0.506831,0.318170,0.375800,0.359213,0.321243,0.384333,0.373905,0.339209,0.333689,0.408690,0.454829,0.365019,0.319690,0.393403,0.463934,0.325774,0.348132,0.476330,0.431498,0.333677,0.425825,0.212431,0.277421,0.306391,0.281042,0.419441,0.364988,0.439128,0.321033,0.376987,0.339147,0.349187,0.397333,0.367596,0.277954,0.337386,0.254553,0.376616,0.373049,0.308968,0.406258,0.432851,0.217348,0.295184,0.364174,0.329861,0.423167,0.270879,0.295973,0.397353,0.381065,0.291045,0.213221,0.372691,0.385032,0.391410,0.309645,0.278048,0.346746,0.306595,0.332015,0.349257,0.400088,0.500107,0.341121,0.338110,0.297934,0.432638,0.265806,0.312712,0.385127,0.161183,0.371058,0.340238,0.379622,0.260815,0.342515,0.387353,0.343626,0.388866,0.436215,0.329228,0.260419,0.408745,0.327884,0.354708,0.415759,0.343893,0.364597,0.472906,0.364445,0.458152,0.482976,#
20,0.405762,0.370087,0.350873,0.250817,0.282191,0.331293,0.387165,0.291680,0.270835,0.317816,0.361937,0.400458,0.394139,0.352073,0.256618,0.252870,0.507084,0.332606,0.320655,0.274996,1.000000,0.394937,0.396122,0.306647,0.391748,0.293754,0.373286,0.407750,0.291170,0.280159,0.299743,0.327637,0.262594,0.295566,0.389965,0.307171,0.285318,0.347088,0.230735,0.339445,0.230337,0.391731,0.430323,0.331663,0.278280,0.381367,0.281030,0.430015,0.418182,0.328772,0.330329,0.388471,0.430060,0.365253,0.290965,0.258576,0.375597,0.330163,0.173607,0.388512,0.377712,0.191950,0.399951,0.393367,0.428245,0.164259,0.383446,0.324746,0.295742,0.370564,0.318375,0.289870,0.433769,0.406225,0.394384,0.411426,0.403871,0.323839,0.252246,0.423470,0.262746,0.290407,0.463015,0.298492,0.264862,0.431430,0.381045,0.379042,0.344125,0.362753,0.361645,0.404042,0.388027,0.358225,0.255289,0.342875,0.282344,0.303880,0.377388,0.239339,0.257445,0.336118,0.255215,0.275367,0.270503,0.326180,0.339677,0.357946,0.249476,0.433281,0.325288,0.135833,0.413265,0.333894,0.281000,0.340606,0.451002,0.240112,0.241938,0.259612,0.252304,0.325551,0.308532,0.347260,0.352528,0.377126,0.435617,0.475610,0.260989,0.347088,0.217639,0.345917,0.302075,0.263471,0.425699,0.283312,0.314571,0.355489,0.360617,0.392101,0.317462,0.345858,0.187940,0.334789,0.334670,0.250380,0.267031,0.268305,0.254214,0.253141,0.315920,0.427920,0.310809,0.289965,0.376643,0.287846,0.222088,0.209495,0.251219,0.273204,0.350831,0.430042,0.308085,0.259921,0.394947,0.262128,0.196759,0.315513,0.364423,0.346177,0.423064,0.251836,0.281893,0.338253,0.383426,0.383666,0.254635,0.246207,0.375053,0.371748,0.362749,0.327157,0.304424,0.332559,0.396260,0.326984,0.291051,0.385572,0.323503,0.305306,0.412220,0.283821,0.347300,0.350859,0.350074,0.392784,0.335949,0.275560,0.308206,0.314486,#
21,0.447782,0.473992,0.436300,0.325713,0.429499,0.367026,0.433019,0.389317,0.324606,0.348114,0.372117,0.431210,0.299632,0.352553,0.338762,0.427277,0.405061,0.455800,0.391752,0.400294,0.394937,1.000000,0.335475,0.437908,0.469461,0.364936,0.367091,0.433715,0.372445,0.348777,0.401175,0.415452,0.337720,0.486317,0.403058,0.369342,0.382787,0.483185,0.380918,0.343347,0.402917,0.466069,0.362441,0.383958,0.424095,0.328285,0.459555,0.468492,0.377812,0.391161,0.409583,0.307690,0.470957,0.445127,0.423157,0.331659,0.394520,0.451380,0.386415,0.444368,0.346144,0.354052,0.412041,0.403646,0.441583,0.327604,0.410010,0.416694,0.435167,0.457020,0.448469,0.284876,0.403030,0.336643,0.420767,0.433172,0.410209,0.381551,0.384278,0.384824,0.467492,0.397416,0.372033,0.347836,0.382386,0.432438,0.365856,0.351659,0.443997,0.477353,0.308761,0.338200,0.400067,0.331789,0.371650,0.405554,0.345958,0.381110,0.471817,0.418285,0.441266,0.326594,0.299940,0.387773,0.361299,0.461710,0.354653,0.401591,0.378747,0.406825,0.353967,0.344762,0.470215,0.368153,0.294963,0.412004,0.469574,0.306962,0.460769,0.452895,0.342796,0.391892,0.239433,0.452975,0.370682,0.439125,0.469414,0.431817,0.334796,0.320962,0.369877,0.309210,0.379195,0.403003,0.420481,0.340533,0.413795,0.353410,0.393500,0.385025,0.318814,0.449485,0.419891,0.384762,0.417968,0.365192,0.352578,0.386830,0.380215,0.352311,0.374001,0.456520,0.371065,0.466800,0.346888,0.319277,0.339400,0.435381,0.339758,0.353775,0.460043,0.349717,0.334902,0.414250,0.403580,0.327057,0.252230,0.414746,0.323133,0.417281,0.457535,0.295284,0.481945,0.326704,0.398232,0.323686,0.413299,0.340636,0.410247,0.383156,0.330662,0.445940,0.267833,0.338950,0.399499,0.414055,0.367361,0.505385,0.435345,0.303653,0.452071,0.454015,0.385480,0.313953,0.464869,0.438061,0.401151,0.382865,0.356114,0.467620,#
