0,1.000000,0.195426,0.340476,0.316078,0.349042,0.306080,0.168876,0.140316,0.311095,0.289631,0.347634,0.254139,0.190028,0.173029,0.428205,0.334697,0.291734,0.433401,0.362110,0.371671,0.338661,0.338119,0.305186,0.447862,0.255545,0.307073,0.381428,0.288359,0.372454,0.334422,0.226607,0.261257,0.287027,0.266528,0.273445,0.423107,0.318033,0.318201,0.406759,0.422836,0.286953,0.352292,0.180163,0.295800,0.237599,0.380427,0.309291,0.391758,0.233847,0.374681,0.351259,0.274611,0.275618,0.257702,0.359823,0.332707,0.336575,0.314746,0.255473,0.309614,0.361276,0.272247,0.362467,0.304597,0.344985,0.235888,0.321635,0.311372,0.298841,0.330269,0.361823,0.315513,0.369933,0.268971,0.249298,0.063526,0.304373,0.374828,0.336946,0.181736,0.328419,0.240256,0.306369,0.278497,0.390186,0.231072,0.376721,0.192507,0.445151,0.306991,0.288900,0.202863,0.306580,0.325399,0.359775,0.365649,0.431995,0.243848,0.319475,0.356658,0.380778,0.352915,0.255804,0.365214,0.321776,0.286497,0.382811,0.336011,0.242749,0.167671,0.193755,0.265280,0.240891,0.327037,0.253989,0.289080,0.335135,0.203075,0.236670,0.296669,0.418086,0.285089,0.297084,0.327868,0.297916,0.362838,0.277108,0.181214,0.223615,0.378798,0.355288,0.326370,0.332412,0.289115,0.272586,0.302494,0.333668,0.296977,0.218266,0.352984,0.332162,0.263162,0.310845,0.299417,0.318437,0.339579,0.219366,0.270763,0.306402,0.294300,0.206217,0.279516,0.285382,0.262086,0.267909,0.263206,0.270058,0.251210,0.369978,0.332995,0.289381,0.411005,0.181071,0.194178,0.320114,0.199448,0.216103,0.304089,0.304856,0.253074,0.324643,0.076968,0.414347,0.332266,0.149690,0.336003,0.364406,0.322605,0.292348,0.236657,0.348269,0.437615,0.180093,0.200912,0.220631,0.290313,0.338633,0.473166,0.393307,0.159846,0.289341,0.393894,0.221378,0.215489,0.392175,0.210274,0.096570,0.323530,0.454750,0.329004,#
1,0.195426,1.000000,0.283008,0.314458,0.350187,0.309953,0.379018,0.286977,0.332853,0.210996,0.433778,0.375418,0.247999,0.342067,0.206383,0.183367,0.213136,0.329488,0.245876,0.281364,0.273929,0.353974,0.190855,0.250488,0.314454,0.317374,0.338273,0.415713,0.204803,0.321991,0.329920,0.247760,0.320164,0.307809,0.167655,0.304974,0.238594,0.301731,0.414637,0.283898,0.281358,0.260295,0.332755,0.301070,0.252295,0.357911,0.406353,0.317060,0.222396,0.171410,0.381964,0.248422,0.411816,0.318848,0.256893,0.389952,0.270823,0.245550,0.328879,0.303859,0.269142,0.290789,0.328773,0.315438,0.275238,0.363318,0.238664,0.354398,0.384014,0.284199,0.291011,0.291802,0.409314,0.206083,0.356094,0.174958,0.270052,0.326602,0.401967,0.255444,0.283182,0.447815,0.330114,0.292882,0.311892,0.099933,0.384839,0.274996,0.320018,0.349077,0.312096,0.364479,0.245386,0.351092,0.246285,0.290857,0.269371,0.239869,0.218678,0.246412,0.302245,0.265917,0.294534,0.305220,0.256070,0.301326,0.299871,0.377408,0.251262,0.282427,0.329301,0.303416,0.224062,0.282244,0.355735,0.391059,0.348710,0.187201,0.258544,0.328651,0.202450,0.308408,0.344569,0.345055,0.275795,0.285915,0.283038,0.262643,0.264234,0.337769,0.261681,0.318405,0.252397,0.315045,0.452572,0.335758,0.323230,0.352106,0.272340,0.343411,0.326987,0.207387,0.235175,0.304532,0.375893,0.305114,0.242701,0.177437,0.291098,0.291447,0.322141,0.263547,0.182545,0.153188,0.339280,0.315043,0.231076,0.258032,0.220385,0.111457,0.118783,0.385899,0.297012,0.333350,0.359951,0.220903,0.190459,0.227248,0.291668,0.386837,0.343934,0.337377,0.292362,0.185489,0.313697,0.281355,0.145373,0.377857,0.303014,0.206949,0.259635,0.244942,0.316703,0.236130,0.359813,0.308794,0.245683,0.242477,0.277542,0.349657,0.396337,0.340480,0.206473,0.238536,0.325926,0.273849,0.085675,0.335086,0.228445,0.289825,#
2,0.340476,0.283008,1.000000,0.351241,0.316340,0.307116,0.306245,0.296911,0.227828,0.233684,0.350259,0.412251,0.207238,0.294328,0.206455,0.319267,0.234390,0.267038,0.261512,0.321955,0.370289,0.403919,0.205187,0.318225,0.352100,0.392975,0.397454,0.288811,0.234576,0.353200,0.252609,0.216195,0.239433,0.215835,0.192977,0.333749,0.285595,0.218799,0.321167,0.214782,0.394504,0.355762,0.248942,0.236282,0.224210,0.365283,0.279989,0.351589,0.187722,0.272886,0.311093,0.434275,0.316102,0.261601,0.181913,0.297750,0.244197,0.238251,0.287573,0.341714,0.245481,0.243178,0.291630,0.297216,0.398064,0.363979,0.302468,0.209560,0.320597,0.346204,0.277636,0.272558,0.265018,0.246860,0.347801,0.260223,0.245198,0.355999,0.341688,0.270335,0.397791,0.179135,0.222905,0.199190,0.325436,0.228519,0.407284,0.278917,0.301019,0.244160,0.242490,0.320103,0.355895,0.317189,0.243966,0.307520,0.303606,0.308140,0.349264,0.265931,0.352513,0.307946,0.216528,0.342862,0.246058,0.265980,0.314822,0.387064,0.267302,0.323068,0.329614,0.352291,0.352898,0.315525,0.297296,0.427433,0.253573,0.268582,0.068130,0.228713,0.303305,0.326904,0.258548,0.255118,0.300354,0.227782,0.349938,0.247210,0.222435,0.327446,0.227070,0.377199,0.306188,0.194077,0.345910,0.401541,0.253077,0.327635,0.173017,0.162015,0.213808,0.249170,0.293916,0.239813,0.471674,0.263836,0.114747,0.295869,0.355302,0.205587,0.251795,0.376844,0.344929,0.272936,0.257002,0.209425,0.208494,0.152557,0.287280,0.237345,0.275725,0.338585,0.331069,0.338239,0.350327,0.247065,0.269580,0.274074,0.162325,0.240675,0.202824,0.375400,0.224361,0.218530,0.274687,0.257308,0.380579,0.358012,0.176229,0.247193,0.358445,0.271204,0.178336,0.357509,0.178028,0.324630,0.222483,0.199306,0.352601,0.142625,0.259655,0.347374,0.396441,0.207272,0.334729,0.202223,0.114635,0.311786,0.389937,0.329326,#
3,0.316078,0.314458,0.351241,1.000000,0.343337,0.290295,0.294115,0.309923,0.371607,0.297045,0.399146,0.400855,0.233688,0.320585,0.303020,0.329675,0.292660,0.417730,0.327802,0.324693,0.307039,0.318547,0.364411,0.488427,0.379589,0.365331,0.366076,0.291365,0.340549,0.358312,0.348094,0.411615,0.464733,0.409103,0.156816,0.387006,0.328998,0.462264,0.450167,0.260583,0.376960,0.419190,0.299483,0.364217,0.249102,0.401398,0.333481,0.384816,0.166427,0.353769,0.392852,0.351866,0.327342,0.241851,0.241644,0.421500,0.322808,0.300497,0.341327,0.358798,0.287777,0.261579,0.319977,0.305353,0.425237,0.359211,0.323639,0.310751,0.280222,0.384353,0.338604,0.257842,0.382319,0.225486,0.370793,0.356121,0.305313,0.397609,0.392259,0.223627,0.413619,0.358557,0.369528,0.252783,0.423439,0.271807,0.421277,0.224277,0.420183,0.397081,0.353703,0.342396,0.358277,0.391715,0.292290,0.366008,0.402438,0.237780,0.403900,0.316566,0.419463,0.252331,0.357323,0.338380,0.424997,0.299023,0.380091,0.373345,0.227951,0.267536,0.347038,0.269016,0.325218,0.330129,0.247541,0.324342,0.312712,0.237719,0.227032,0.299447,0.388230,0.315824,0.307524,0.460463,0.294995,0.261794,0.365371,0.326260,0.185506,0.394752,0.338982,0.413331,0.409959,0.364073,0.348668,0.390982,0.248357,0.296488,0.342349,0.305056,0.358206,0.353229,0.330892,0.314195,0.401854,0.258010,0.370109,0.370224,0.250599,0.335214,0.271795,0.265762,0.246861,0.315004,0.337591,0.266297,0.284267,0.327593,0.300851,0.343955,0.331862,0.385331,0.384745,0.410069,0.340691,0.277769,0.329463,0.312094,0.251844,0.294352,0.346810,0.243407,0.282071,0.219663,0.267192,0.326756,0.384975,0.377693,0.214960,0.294568,0.297253,0.420376,0.402809,0.248503,0.175126,0.286329,0.262450,0.344501,0.244051,0.247889,0.289979,0.393833,0.382199,0.249393,0.305938,0.321163,0.299296,0.346074,0.305193,0.251939,#
4,0.349042,0.350187,0.316340,0.343337,1.000000,0.325770,0.264485,0.276410,0.337905,0.223563,0.292152,0.272077,0.240469,0.293176,0.228092,0.269552,0.156827,0.333806,0.305053,0.410565,0.364325,0.262695,0.312636,0.375371,0.262644,0.417178,0.264983,0.326573,0.356665,0.217605,0.204969,0.239369,0.300186,0.247987,0.209571,0.331060,0.364655,0.295832,0.301933,0.279203,0.345563,0.444709,0.221372,0.190378,0.393595,0.298152,0.400543,0.360836,0.222745,0.317944,0.297189,0.281025,0.238792,0.295817,0.340780,0.459433,0.244967,0.255889,0.322974,0.308999,0.343703,0.302062,0.218161,0.207126,0.257447,0.221207,0.324509,0.255474,0.293723,0.285417,0.285144,0.305366,0.381504,0.258429,0.225051,0.055858,0.263416,0.391879,0.297087,0.190731,0.382719,0.332404,0.250226,0.207522,0.415582,0.185637,0.360003,0.274933,0.326917,0.401627,0.338408,0.254137,0.244577,0.364523,0.228835,0.367126,0.300417,0.334248,0.281148,0.271022,0.287753,0.174961,0.332665,0.386157,0.296623,0.299139,0.183632,0.349966,0.284886,0.315859,0.380424,0.323643,0.324238,0.446428,0.322236,0.231117,0.241056,0.093808,0.179087,0.194196,0.296736,0.297456,0.312192,0.236540,0.400135,0.212258,0.332828,0.222891,0.227671,0.277756,0.322096,0.264182,0.326234,0.264107,0.362727,0.312968,0.291852,0.219561,0.228157,0.286000,0.399706,0.135667,0.263621,0.269724,0.371192,0.380529,0.250886,0.290329,0.277298,0.286243,0.271386,0.297121,0.295942,0.359963,0.313972,0.211377,0.356846,0.267965,0.267219,0.276775,0.314046,0.310913,0.179651,0.275411,0.171995,0.330909,0.183329,0.190476,0.212366,0.291073,0.191568,0.206173,0.319610,0.239238,0.340724,0.290315,0.340076,0.359877,0.250189,0.261410,0.196141,0.211625,0.386676,0.266039,0.202520,0.271245,0.135454,0.414567,0.314660,0.282209,0.222409,0.350763,0.250166,0.160244,0.267229,0.331612,0.225485,0.404000,0.296152,0.363115,#
5,0.306080,0.309953,0.307116,0.290295,0.325770,1.000000,0.222353,0.242276,0.308437,0.340754,0.303875,0.269648,0.250882,0.178670,0.306566,0.214401,0.251066,0.305551,0.223338,0.216844,0.343476,0.272318,0.250959,0.319719,0.258421,0.285456,0.307543,0.320401,0.296048,0.292249,0.270662,0.284843,0.352811,0.243001,0.156417,0.269468,0.353539,0.159525,0.328942,0.316466,0.299058,0.369909,0.161371,0.382252,0.201016,0.304941,0.280490,0.202013,0.225084,0.280502,0.323956,0.308377,0.251852,0.128882,0.252707,0.328395,0.150023,0.249846,0.366096,0.244893,0.262822,0.233008,0.282458,0.215754,0.378357,0.287956,0.315449,0.210511,0.268004,0.218090,0.324769,0.260645,0.318388,0.352358,0.256405,0.161486,0.271350,0.275427,0.328268,0.280668,0.250915,0.261724,0.388882,0.102997,0.232370,0.240324,0.261095,0.180442,0.319060,0.182875,0.195065,0.311478,0.271898,0.368894,0.223108,0.273954,0.225764,0.202811,0.289197,0.125924,0.254032,0.293283,0.237413,0.285070,0.216025,0.273124,0.205248,0.381959,0.260694,0.219966,0.330374,0.250662,0.308964,0.231712,0.307246,0.258267,0.295116,0.280922,0.151229,0.237318,0.148291,0.306360,0.187566,0.300095,0.185379,0.147765,0.139500,0.102170,0.359343,0.375447,0.289019,0.331541,0.311255,0.253547,0.407670,0.353360,0.185647,0.279346,0.146952,0.120536,0.272832,0.253697,0.248726,0.293330,0.311310,0.233894,0.231885,0.273091,0.108264,0.257625,0.302418,0.170133,0.301669,0.331770,0.247530,0.249723,0.277242,0.174411,0.377572,0.154363,0.269694,0.261400,0.274975,0.246326,0.263643,0.130708,0.140969,0.257147,0.294025,0.334303,0.268377,0.239846,0.355975,0.202755,0.111287,0.271032,0.271782,0.299431,0.301346,0.179143,0.275093,0.255296,0.407523,0.225586,0.219728,0.330177,0.266437,0.220049,0.257820,0.208530,0.283545,0.283318,0.243102,0.202109,0.431318,0.199070,0.061357,0.374371,0.246891,0.353077,#
6,0.168876,0.379018,0.306245,0.294115,0.264485,0.222353,1.000000,0.242375,0.255712,0.123634,0.233941,0.243741,0.135570,0.259525,0.143667,0.217404,0.193216,0.256122,0.270245,0.232185,0.260172,0.302173,0.120210,0.188970,0.182531,0.243435,0.189861,0.290710,0.310929,0.258018,0.149457,0.237349,0.218405,0.186345,0.118046,0.158989,0.148171,0.254548,0.260111,0.251033,0.268457,0.219000,0.124209,0.267286,0.179771,0.219851,0.223683,0.334146,0.163986,0.251014,0.171377,0.248703,0.292337,0.233439,0.123861,0.268436,0.165933,0.277211,0.260340,0.348755,0.238999,0.204059,0.212832,0.209193,0.229739,0.440904,0.234183,0.253709,0.249970,0.223309,0.227355,0.251791,0.323950,0.162325,0.323041,0.163069,0.250031,0.260830,0.314522,0.182272,0.267704,0.263744,0.269154,0.141689,0.273170,0.199315,0.217643,0.284447,0.233065,0.286681,0.260288,0.183590,0.217109,0.301778,0.174025,0.302989,0.269297,0.212741,0.291466,0.268191,0.274984,0.320642,0.210165,0.233791,0.035098,0.331310,0.156806,0.206727,0.232315,0.242911,0.284546,0.277770,0.209302,0.143626,0.215458,0.270796,0.309198,0.105067,0.167768,0.192120,0.243341,0.293603,0.190055,0.207911,0.214529,0.176068,0.183420,0.265369,0.127659,0.325261,0.233116,0.189266,0.285363,0.103535,0.342375,0.247151,0.186654,0.265137,0.223470,0.213319,0.183523,0.106038,0.088677,0.288767,0.144493,0.270203,0.227059,0.136607,0.227450,0.064800,0.345912,0.140954,0.273397,0.178107,0.271243,0.202370,0.138131,0.273038,0.232116,0.127604,0.112113,0.326162,0.289377,0.234847,0.277760,0.199648,0.155139,0.256127,0.207102,0.292204,0.093079,0.183911,0.189737,0.134442,0.271693,0.288060,0.157824,0.293339,0.299392,0.112219,0.090124,0.183095,0.263001,0.307620,0.281411,0.275221,0.160067,0.249587,0.289648,0.265180,0.199934,0.205878,0.268301,0.234726,0.183388,0.155001,0.187485,0.278949,0.184083,0.293543,#
7,0.140316,0.286977,0.296911,0.309923,0.276410,0.242276,0.242375,1.000000,0.262271,0.278567,0.314798,0.428371,0.094933,0.303381,0.265485,0.273561,0.168731,0.358940,0.228563,0.310975,0.257171,0.248931,0.333583,0.211827,0.323321,0.248512,0.313455,0.389412,0.243491,0.257685,0.269743,0.229507,0.353016,0.209626,0.120627,0.318234,0.151572,0.211796,0.345960,0.278074,0.275090,0.290190,0.278208,0.236207,0.264379,0.311415,0.234085,0.299474,0.285701,0.271090,0.383827,0.323860,0.200981,0.258097,0.209233,0.270533,0.227130,0.299648,0.308004,0.302637,0.293627,0.137768,0.299266,0.227009,0.381627,0.292054,0.285750,0.203384,0.257756,0.390459,0.220079,0.132035,0.417773,0.228816,0.225837,0.174483,0.215091,0.348575,0.294506,0.382462,0.284432,0.276061,0.346898,0.202209,0.329342,0.187252,0.338936,0.118817,0.271110,0.290462,0.245549,0.235045,0.285219,0.336676,0.169662,0.261393,0.182005,0.226871,0.199039,0.129914,0.307662,0.175623,0.250010,0.268930,0.164552,0.368797,0.336288,0.196429,0.287598,0.250796,0.218076,0.264957,0.157839,0.295835,0.422542,0.267563,0.128092,0.160791,0.189317,0.332290,0.253599,0.326084,0.195425,0.318155,0.319035,0.193690,0.350671,0.327189,0.193386,0.237896,0.149208,0.247941,0.355919,0.246711,0.443866,0.275008,0.107420,0.423964,0.248535,0.270438,0.344477,0.202201,0.147479,0.225934,0.326588,0.215585,0.253779,0.212565,0.180484,0.248850,0.277565,0.330017,0.163818,0.169347,0.125319,0.296053,0.281616,0.339605,0.299943,0.322849,0.212749,0.334154,0.246387,0.221938,0.160882,0.268666,0.354112,0.166026,0.269653,0.272540,0.247576,0.250236,0.274347,0.144073,0.266218,0.217589,0.212267,0.287194,0.072418,0.334723,0.239629,0.246626,0.253561,0.270643,0.061462,0.317924,0.139488,0.193599,0.176220,0.336979,0.283223,0.266842,0.316551,0.233666,0.231440,0.215202,0.155182,0.304028,0.314296,0.268152,#
8,0.311095,0.332853,0.227828,0.371607,0.337905,0.308437,0.255712,0.262271,1.000000,0.285072,0.365497,0.329121,0.258488,0.276336,0.400994,0.343826,0.128478,0.260606,0.213988,0.297973,0.294120,0.282938,0.254518,0.354328,0.208638,0.316337,0.256050,0.370696,0.199522,0.351723,0.192361,0.304007,0.247157,0.281419,0.229167,0.363268,0.297819,0.239322,0.319576,0.316821,0.295875,0.337121,0.114705,0.248806,0.417889,0.347690,0.288619,0.272463,0.203757,0.266405,0.273529,0.413256,0.181636,0.417516,0.281291,0.401014,0.298830,0.286830,0.276353,0.387411,0.348312,0.191438,0.393588,0.175824,0.382636,0.382107,0.339041,0.259233,0.420181,0.308542,0.246852,0.255426,0.359534,0.209908,0.277622,0.193250,0.259159,0.286229,0.333644,0.189457,0.344961,0.349940,0.334694,0.084038,0.395090,0.216063,0.302867,0.203407,0.319830,0.298172,0.261730,0.264008,0.311239,0.282923,0.370642,0.411319,0.380054,0.263893,0.283887,0.237376,0.327803,0.194262,0.277816,0.304505,0.357147,0.192299,0.339603,0.279730,0.160826,0.317194,0.172300,0.254787,0.142752,0.274482,0.304898,0.409657,0.264660,0.164885,0.131633,0.351005,0.328019,0.279719,0.245637,0.318061,0.300344,0.325511,0.235665,0.375339,0.133224,0.367861,0.245914,0.225549,0.349718,0.253093,0.370472,0.369384,0.240617,0.325464,0.337118,0.240771,0.328122,0.285425,0.411825,0.203484,0.277721,0.277697,0.306513,0.318889,0.265485,0.254205,0.389001,0.214759,0.252794,0.330243,0.445759,0.347808,0.249143,0.307184,0.253104,0.311037,0.175304,0.330836,0.168256,0.310691,0.330452,0.289837,0.295161,0.183455,0.283368,0.289671,0.308740,0.150454,0.224589,0.269752,0.261749,0.263791,0.214571,0.358345,0.272727,0.254096,0.287839,0.260805,0.232013,0.336079,0.265458,0.330050,0.137126,0.173481,0.299611,0.206948,0.294428,0.300221,0.285740,0.233187,0.370227,0.174017,0.209578,0.156111,0.277607,0.198865,#
9,0.289631,0.210996,0.233684,0.297045,0.223563,0.340754,0.123634,0.278567,0.285072,1.000000,0.427694,0.254062,0.139378,0.260306,0.306108,0.326089,0.205016,0.213178,0.149092,0.338158,0.286413,0.217523,0.236680,0.272739,0.205148,0.248314,0.338872,0.387434,0.263562,0.267013,0.360800,0.261618,0.178294,0.277286,0.307556,0.320583,0.123367,0.319099,0.299896,0.225889,0.341980,0.321727,0.151868,0.086512,0.222552,0.392084,0.245890,0.263619,0.154378,0.198463,0.330545,0.370161,0.249411,0.193176,0.174491,0.381936,0.270537,0.223836,0.240581,0.199480,0.255902,0.244630,0.376552,0.274529,0.358279,0.290263,0.174799,0.216734,0.293091,0.183590,0.328696,0.309697,0.273255,0.258678,0.250093,0.228164,0.229902,0.240816,0.393761,0.302077,0.221716,0.353629,0.244601,0.142819,0.346361,0.247838,0.381369,0.190687,0.132105,0.145792,0.160359,0.365429,0.274451,0.232096,0.286426,0.302287,0.395868,0.290254,0.256972,0.108875,0.250928,0.254295,0.397739,0.220286,0.324280,0.241961,0.295617,0.234055,0.290605,0.150955,0.225947,0.225804,0.250825,0.345136,0.232413,0.314167,0.206591,0.263076,0.338690,0.147783,0.342554,0.401146,0.219901,0.319879,0.230635,0.254931,0.072213,0.340568,0.220679,0.327507,0.215639,0.295770,0.245649,0.311148,0.311457,0.220674,0.276935,0.403630,0.185393,0.145859,0.186426,0.304954,0.244872,0.200891,0.267496,0.172960,0.274469,0.285218,0.120324,0.404596,0.235114,0.152084,0.380712,0.279981,0.249108,0.266973,0.284253,0.288694,0.388128,0.178664,0.234173,0.232409,0.134750,0.392021,0.266192,0.152432,0.249551,0.210093,0.438596,0.228141,0.259090,0.217282,0.250749,0.277017,0.203264,0.281917,0.271464,0.183970,0.177272,0.305578,0.134411,0.276055,0.361032,0.264747,0.162905,0.280743,0.218943,0.284991,0.395710,0.208929,0.271795,0.260640,0.260508,0.230278,0.257598,0.219013,0.137334,0.166922,0.233182,0.253089,#
10,0.347634,0.433778,0.350259,0.399146,0.292152,0.303875,0.233941,0.314798,0.365497,0.427694,1.000000,0.268963,0.121577,0.339084,0.353331,0.287659,0.210561,0.333776,0.399133,0.344933,0.253526,0.279731,0.181807,0.297351,0.270932,0.243850,0.358691,0.360532,0.238560,0.331367,0.333357,0.286504,0.300160,0.282237,0.242340,0.410596,0.224353,0.310256,0.423987,0.299457,0.293297,0.237819,0.246496,0.121722,0.229209,0.364180,0.314123,0.340158,0.281775,0.343568,0.296326,0.346561,0.275294,0.309057,0.201569,0.342607,0.215496,0.225390,0.326546,0.285238,0.258722,0.313017,0.299141,0.362522,0.388595,0.354478,0.371310,0.265364,0.322053,0.264699,0.318412,0.317560,0.348423,0.239074,0.237272,0.234299,0.289694,0.233303,0.303783,0.218339,0.328913,0.330813,0.352845,0.235381,0.406281,0.141904,0.382267,0.248004,0.315770,0.277947,0.203383,0.269898,0.348378,0.298051,0.279200,0.355397,0.362391,0.164526,0.336311,0.260018,0.280151,0.258711,0.293043,0.290052,0.360307,0.178061,0.338602,0.396432,0.184936,0.223775,0.229832,0.341988,0.240460,0.312283,0.371964,0.448320,0.253258,0.135054,0.183987,0.232375,0.282427,0.307814,0.257207,0.305252,0.247192,0.233870,0.201914,0.303415,0.281488,0.415307,0.336339,0.287972,0.298654,0.227795,0.353555,0.288618,0.207014,0.439953,0.148125,0.277845,0.354253,0.204768,0.335429,0.255634,0.341813,0.216035,0.121141,0.201024,0.184113,0.318423,0.316266,0.298642,0.340450,0.242235,0.350589,0.260179,0.330371,0.170184,0.330960,0.302948,0.274187,0.284348,0.320744,0.365666,0.331172,0.203851,0.315873,0.193716,0.261266,0.340236,0.305118,0.260971,0.274781,0.273032,0.310903,0.168419,0.229005,0.349359,0.281870,0.324936,0.288834,0.261640,0.387291,0.234628,0.269968,0.291717,0.106608,0.177563,0.324495,0.296225,0.342768,0.303709,0.255327,0.205641,0.358102,0.232761,0.114696,0.344759,0.352835,0.410215,#
11,0.254139,0.375418,0.412251,0.400855,0.272077,0.269648,0.243741,0.428371,0.329121,0.254062,0.268963,1.000000,0.221271,0.263988,0.169445,0.266835,0.259264,0.367429,0.218363,0.141961,0.288119,0.365235,0.193381,0.343801,0.399330,0.410720,0.220329,0.439889,0.096670,0.369395,0.345074,0.328824,0.290974,0.284926,0.205460,0.316968,0.272546,0.245804,0.316448,0.327587,0.336182,0.402188,0.347209,0.387586,0.196453,0.430202,0.298335,0.316552,0.223204,0.205348,0.393772,0.360742,0.258791,0.413605,0.173701,0.300918,0.272346,0.297959,0.313882,0.267860,0.237312,0.262461,0.377863,0.302386,0.386782,0.404520,0.338125,0.370515,0.340831,0.371546,0.245346,0.212137,0.395052,0.227322,0.261719,0.208171,0.244006,0.297812,0.402593,0.252407,0.361769,0.217414,0.367523,0.253889,0.393117,0.150184,0.381777,0.298230,0.309228,0.245217,0.305301,0.353628,0.386353,0.513816,0.245821,0.328103,0.236548,0.255880,0.361429,0.376125,0.348766,0.292697,0.278152,0.303441,0.226865,0.378530,0.346354,0.339340,0.355771,0.287292,0.332058,0.299614,0.345056,0.306553,0.137671,0.493550,0.290293,0.222655,0.176861,0.325371,0.272232,0.361041,0.334773,0.337880,0.298594,0.207659,0.302838,0.356350,0.306471,0.281615,0.207339,0.445639,0.333499,0.314859,0.292459,0.300248,0.077503,0.456652,0.166078,0.335077,0.282714,0.236820,0.236762,0.335824,0.381835,0.257000,0.369896,0.212986,0.241156,0.236568,0.252868,0.428802,0.257383,0.238624,0.317600,0.250463,0.245568,0.165852,0.297340,0.279729,0.264448,0.382483,0.202329,0.302158,0.331937,0.220391,0.386103,0.304837,0.353711,0.329786,0.330067,0.166472,0.237016,0.180406,0.304740,0.342594,0.341379,0.272498,0.162785,0.249151,0.369408,0.283474,0.303461,0.222889,0.133956,0.353082,0.201490,0.242560,0.275062,0.316769,0.232163,0.251835,0.410761,0.186240,0.404700,0.241354,0.199286,0.306643,0.264530,0.305293,#
12,0.190028,0.247999,0.207238,0.233688,0.240469,0.250882,0.135570,0.094933,0.258488,0.139378,0.121577,0.221271,1.000000,0.176140,0.297219,0.225206,0.283818,0.251340,0.324808,0.338454,0.275197,0.158785,0.174078,0.243682,0.187573,0.234453,0.238459,0.310870,0.219129,0.340886,0.060977,0.294140,0.274389,0.217485,0.206213,0.272457,0.230490,0.158645,0.223174,0.229676,0.365495,0.231006,0.252764,0.282630,0.293675,0.305768,0.258322,0.101036,0.235446,0.146340,0.317473,0.219838,0.192122,0.270339,0.199973,0.272308,0.159530,0.239059,0.169400,0.188023,0.245021,0.236633,0.196739,0.286356,0.338397,0.267284,0.217011,0.167456,0.226436,0.166702,0.124248,0.280162,0.259601,0.119381,0.310753,0.246363,0.225578,0.162250,0.207546,0.143896,0.257886,0.209193,0.170540,0.195628,0.276938,0.273675,0.224751,0.260194,0.287146,0.229848,0.221061,0.204876,0.200899,0.299578,0.200428,0.161192,0.386875,0.277643,0.125301,0.140223,0.218982,0.223496,0.254864,0.249739,0.320937,0.171721,0.219592,0.156987,0.128087,0.225561,0.287565,0.088661,0.254780,0.253735,0.202943,0.201475,0.261391,0.163824,0.202484,0.191960,0.228668,0.340153,0.340395,0.259328,0.142007,0.127735,0.242853,0.158112,0.126571,0.154149,0.198584,0.231773,0.195863,0.157840,0.238223,0.176912,0.212360,0.222983,0.244922,0.230617,0.292448,0.190441,0.161854,0.195231,0.120160,0.257899,0.218078,0.233229,0.164161,0.183710,0.176699,0.355244,0.183474,0.166341,0.200374,0.249163,0.157182,0.025820,0.158279,0.131372,0.141823,0.370418,0.203750,0.309620,0.218725,0.167849,0.305994,0.135588,0.218775,0.257272,0.192892,0.222006,0.212200,0.201323,0.241416,0.131792,0.267930,0.286224,0.130993,0.248093,0.254579,0.209869,0.303176,0.174869,0.239300,0.248170,0.250336,0.274650,0.203353,0.059665,0.291721,0.266015,0.276062,0.219047,0.199798,0.192147,0.165798,0.214222,0.269016,0.195502,#
13,0.173029,0.342067,0.294328,0.320585,0.293176,0.178670,0.259525,0.303381,0.276336,0.260306,0.339084,0.263988,0.176140,1.000000,0.364374,0.269137,0.266017,0.229834,0.288843,0.394253,0.301471,0.261535,0.142474,0.248830,0.305670,0.429053,0.351614,0.357178,0.248528,0.264861,0.328656,0.253680,0.304100,0.327581,0.222583,0.295319,0.230487,0.354497,0.201544,0.285816,0.226909,0.324655,0.312001,0.215924,0.280926,0.366261,0.377814,0.306272,0.284593,0.233975,0.350722,0.340655,0.290106,0.329085,0.224739,0.455335,0.218812,0.288043,0.298848,0.377888,0.344900,0.280793,0.429249,0.268843,0.302361,0.313669,0.472769,0.314633,0.432923,0.363619,0.197979,0.272002,0.337528,0.175678,0.397937,0.215222,0.311526,0.407950,0.409163,0.256696,0.360772,0.485741,0.333306,0.375495,0.456327,0.209746,0.425394,0.313149,0.344547,0.356283,0.272947,0.281489,0.382363,0.374495,0.251457,0.282853,0.346804,0.233516,0.275814,0.327647,0.338429,0.325922,0.317722,0.354557,0.263707,0.369248,0.352512,0.307621,0.403207,0.305763,0.243694,0.257611,0.392142,0.337123,0.347825,0.342324,0.356862,0.249878,0.192289,0.311281,0.384535,0.414749,0.270886,0.384643,0.307725,0.213904,0.220629,0.217217,0.357586,0.333064,0.221054,0.263728,0.272381,0.246723,0.414253,0.341740,0.309904,0.364133,0.390102,0.309080,0.231159,0.254452,0.377966,0.270776,0.361412,0.419576,0.274731,0.330171,0.092393,0.292488,0.331647,0.273896,0.285776,0.409488,0.367635,0.332929,0.192416,0.342280,0.297239,0.293142,0.190502,0.453488,0.196433,0.415239,0.315785,0.327355,0.235367,0.191259,0.296388,0.331906,0.316277,0.377028,0.312233,0.232467,0.325669,0.278086,0.212288,0.291098,0.318335,0.123230,0.277175,0.339968,0.321059,0.370735,0.246948,0.383342,0.313817,0.315005,0.273325,0.318889,0.217607,0.401163,0.322840,0.271998,0.260175,0.300242,0.216582,0.305456,0.364127,0.285578,#
14,0.428205,0.206383,0.206455,0.303020,0.228092,0.306566,0.143667,0.265485,0.400994,0.306108,0.353331,0.169445,0.297219,0.364374,1.000000,0.416973,0.290099,0.345103,0.336098,0.452476,0.330492,0.165955,0.310182,0.399171,0.253481,0.229895,0.383033,0.341125,0.297973,0.322922,0.173077,0.269888,0.223833,0.183491,0.291527,0.342563,0.293371,0.335145,0.331123,0.399534,0.365414,0.278133,0.285525,0.201253,0.337705,0.441478,0.310786,0.277000,0.229996,0.289680,0.418051,0.264465,0.307624,0.340331,0.417157,0.370777,0.337785,0.266482,0.248263,0.283926,0.367772,0.356352,0.291221,0.318938,0.374251,0.225194,0.361093,0.322023,0.302311,0.333099,0.180057,0.307609,0.218120,0.322605,0.261462,0.208245,0.258632,0.317420,0.304395,0.256285,0.359175,0.242596,0.355911,0.293656,0.367069,0.301578,0.228656,0.132703,0.333788,0.276641,0.312593,0.271355,0.374635,0.327483,0.329473,0.221358,0.382219,0.297673,0.253337,0.236091,0.297940,0.328553,0.295577,0.369699,0.325730,0.283150,0.411595,0.417375,0.237454,0.282628,0.115090,0.130678,0.294990,0.225004,0.333730,0.348053,0.231443,0.234852,0.272633,0.319979,0.466919,0.375042,0.163844,0.279962,0.289209,0.205344,0.272508,0.226221,0.100819,0.400654,0.155097,0.319089,0.307269,0.159314,0.264809,0.249571,0.222819,0.303846,0.198686,0.206282,0.377231,0.351375,0.389011,0.186471,0.219778,0.350196,0.248647,0.224961,0.084315,0.197295,0.294889,0.273701,0.159664,0.295110,0.306493,0.225183,0.316105,0.242074,0.262114,0.169677,0.224195,0.366811,0.233324,0.227393,0.341397,0.173905,0.267155,0.244732,0.223093,0.328031,0.333809,0.298641,0.327009,0.290547,0.235144,0.166211,0.368212,0.371056,0.356938,0.299684,0.266243,0.384344,0.285842,0.330398,0.270483,0.298266,0.211695,0.193843,0.221035,0.246722,0.251154,0.363418,0.286331,0.338587,0.296181,0.162149,0.024942,0.278089,0.332444,0.292231,#
15,0.334697,0.183367,0.319267,0.329675,0.269552,0.214401,0.217404,0.273561,0.343826,0.326089,0.287659,0.266835,0.225206,0.269137,0.416973,1.000000,0.299713,0.392260,0.347024,0.296399,0.285842,0.245607,0.313371,0.370435,0.269712,0.407773,0.368011,0.320161,0.292078,0.276076,0.221774,0.305579,0.236288,0.357138,0.246153,0.276721,0.257850,0.250321,0.375516,0.281217,0.395269,0.332983,0.256506,0.265683,0.342344,0.352005,0.161449,0.297114,0.118380,0.334856,0.283416,0.375767,0.341014,0.304571,0.325277,0.328507,0.236757,0.310714,0.294603,0.383550,0.331450,0.171774,0.364597,0.245544,0.306904,0.341347,0.341800,0.324848,0.279459,0.243074,0.313223,0.345590,0.275559,0.206792,0.321288,0.218203,0.193781,0.354042,0.296253,0.226498,0.434664,0.245514,0.219054,0.296484,0.355466,0.218873,0.321372,0.262061,0.349346,0.327204,0.259905,0.222059,0.303312,0.356766,0.272539,0.257117,0.425004,0.204297,0.281597,0.216519,0.367001,0.287728,0.315292,0.347124,0.226163,0.256747,0.316889,0.282693,0.240739,0.345537,0.199711,0.322549,0.255970,0.197681,0.293447,0.430122,0.254746,0.119181,0.185116,0.231102,0.383125,0.382909,0.245292,0.386912,0.270872,0.225456,0.253958,0.333329,0.198155,0.315074,0.136932,0.361207,0.280354,0.290818,0.336439,0.326943,0.207654,0.222554,0.247642,0.134550,0.234513,0.330925,0.355065,0.216316,0.350023,0.306477,0.294534,0.271727,0.283354,0.253003,0.297526,0.180074,0.258468,0.423613,0.188125,0.385853,0.232194,0.280760,0.255957,0.240295,0.164532,0.287831,0.302118,0.313988,0.295076,0.307390,0.281428,0.239984,0.324884,0.280381,0.178958,0.225990,0.267921,0.196975,0.337727,0.190987,0.332876,0.251597,0.117430,0.319791,0.325814,0.296613,0.244029,0.391340,0.201071,0.336725,0.152373,0.317367,0.242255,0.214334,0.101087,0.337741,0.310569,0.280385,0.231442,0.216151,0.131306,0.297787,0.249657,0.140022,#
16,0.291734,0.213136,0.234390,0.292660,0.156827,0.251066,0.193216,0.168731,0.128478,0.205016,0.210561,0.259264,0.283818,0.266017,0.290099,0.299713,1.000000,0.296465,0.220784,0.304921,0.386734,0.263179,0.272605,0.258322,0.132304,0.345326,0.293018,0.164574,0.158559,0.270018,0.174712,0.340248,0.086749,0.339266,0.205715,0.322227,0.230699,0.222896,0.264377,0.272994,0.206979,0.313216,0.197882,0.276297,0.247726,0.381844,0.229444,0.258426,0.194883,0.174197,0.204490,0.294996,0.396707,0.209360,0.205397,0.226523,0.144563,0.241177,0.259737,0.166308,0.150840,0.416508,0.322066,0.327836,0.356812,0.237710,0.265245,0.409674,0.154273,0.337798,0.128102,0.373181,0.376059,0.117288,0.237898,0.336776,0.172803,0.337823,0.294772,0.213142,0.193844,0.208922,0.213610,0.220994,0.285969,0.272571,0.375678,0.214367,0.357739,0.166051,0.257166,0.280698,0.229174,0.253896,0.214059,0.199131,0.320273,0.121139,0.267109,0.222800,0.245508,0.191992,0.160833,0.238368,0.237641,0.249443,0.285522,0.173380,0.130190,0.278315,0.239023,0.231272,0.274645,0.234310,0.284706,0.369494,0.284033,0.190892,0.164010,0.271657,0.266503,0.311631,0.320442,0.318751,0.287921,0.074225,0.205828,0.113736,0.173490,0.291284,0.152845,0.279839,0.381775,0.057554,0.360595,0.332424,0.092147,0.332046,0.214484,0.295487,0.147115,0.213208,0.186583,0.262702,0.267938,0.203190,0.138203,0.244580,0.206771,0.178626,0.152901,0.271747,0.189952,0.211733,0.243359,0.273704,0.173236,0.168743,0.244555,0.202930,0.157463,0.371051,0.260263,0.324395,0.278720,0.153518,0.309307,0.246735,0.185449,0.158412,0.134216,0.096564,0.204912,0.108038,0.199566,0.309961,0.148331,0.155942,0.224735,0.165689,0.222206,0.296624,0.286492,0.066790,0.115243,0.242615,0.302876,0.259083,0.230759,0.167000,0.326206,0.109295,0.082897,0.195178,0.306659,0.284103,0.045412,0.246762,0.144263,0.203940,#
17,0.433401,0.329488,0.267038,0.417730,0.333806,0.305551,0.256122,0.358940,0.260606,0.213178,0.333776,0.367429,0.251340,0.229834,0.345103,0.392260,0.296465,1.000000,0.290808,0.371469,0.400767,0.305227,0.276293,0.436225,0.294468,0.332012,0.302422,0.273984,0.300609,0.347459,0.296710,0.360993,0.456074,0.266781,0.210674,0.358301,0.188856,0.436270,0.389281,0.218928,0.343528,0.326596,0.212717,0.371809,0.245749,0.399459,0.380201,0.283382,0.317344,0.305690,0.353913,0.273353,0.224464,0.297368,0.276375,0.363552,0.331648,0.395311,0.292719,0.363485,0.332495,0.302085,0.281128,0.309751,0.321864,0.432475,0.404245,0.380111,0.335849,0.418998,0.349342,0.354622,0.416495,0.210323,0.296713,0.353174,0.276093,0.373852,0.276106,0.326496,0.318568,0.353023,0.486069,0.281999,0.397200,0.159969,0.373824,0.254570,0.431297,0.353530,0.313178,0.213488,0.379929,0.334221,0.232465,0.305226,0.352422,0.368475,0.354331,0.327166,0.313105,0.227803,0.254583,0.380193,0.249218,0.365691,0.333570,0.413164,0.215589,0.173106,0.274025,0.279355,0.324533,0.367824,0.284500,0.384028,0.285608,0.209251,0.234122,0.343316,0.278834,0.384581,0.283028,0.373658,0.471595,0.250790,0.282218,0.287586,0.177065,0.288968,0.209526,0.380203,0.446987,0.364248,0.353201,0.372702,0.384356,0.337576,0.273577,0.336904,0.363497,0.295259,0.265693,0.275822,0.384077,0.372455,0.148262,0.309060,0.231059,0.219424,0.324390,0.215531,0.219303,0.346070,0.318388,0.344320,0.258478,0.315665,0.437619,0.296995,0.319772,0.397235,0.306199,0.291571,0.315927,0.288855,0.263529,0.314847,0.252623,0.256196,0.387568,0.238768,0.272163,0.281116,0.363975,0.223794,0.360531,0.307870,0.141615,0.371955,0.319738,0.455446,0.321712,0.206146,0.157593,0.305136,0.279046,0.295236,0.385008,0.303301,0.267143,0.443387,0.307179,0.250816,0.450324,0.315108,0.249044,0.269828,0.267299,0.299054,#
18,0.362110,0.245876,0.261512,0.327802,0.305053,0.223338,0.270245,0.228563,0.213988,0.149092,0.399133,0.218363,0.324808,0.288843,0.336098,0.347024,0.220784,0.290808,1.000000,0.323973,0.325683,0.234927,0.159719,0.423083,0.315566,0.309046,0.320321,0.366749,0.312478,0.205945,0.217193,0.215557,0.357599,0.231428,0.275109,0.373170,0.326542,0.251411,0.295455,0.394568,0.330044,0.309012,0.262873,0.228003,0.243078,0.298556,0.180094,0.266262,0.186108,0.322799,0.345736,0.228857,0.342650,0.301841,0.267441,0.301711,0.236624,0.315962,0.234107,0.226175,0.231189,0.254215,0.341331,0.324834,0.270825,0.355233,0.387895,0.334582,0.214478,0.170979,0.133586,0.253997,0.270484,0.138787,0.244389,0.224943,0.209578,0.343563,0.323574,0.291521,0.352034,0.251154,0.299068,0.312850,0.265886,0.099995,0.381749,0.187353,0.357502,0.280380,0.333256,0.226655,0.294548,0.305170,0.277227,0.319676,0.447783,0.266923,0.233116,0.316944,0.246161,0.325180,0.361423,0.324680,0.363066,0.288210,0.278869,0.279951,0.251961,0.289844,0.349837,0.368004,0.265415,0.279904,0.262860,0.274665,0.234715,0.084821,0.258104,0.299447,0.275029,0.327817,0.256994,0.218757,0.271979,0.206700,0.249885,0.268926,0.281131,0.297766,0.231320,0.377156,0.241027,0.232134,0.365320,0.159974,0.221574,0.375677,0.188485,0.332466,0.320813,0.188227,0.224761,0.215147,0.321949,0.313628,0.151010,0.181520,0.130533,0.228926,0.222050,0.288869,0.273936,0.260487,0.256803,0.358931,0.367849,0.261930,0.193771,0.352537,0.274963,0.335143,0.257211,0.295404,0.256520,0.287607,0.341426,0.281023,0.253416,0.361270,0.099110,0.233071,0.316751,0.222577,0.233793,0.275703,0.319543,0.380395,0.396695,0.229782,0.196178,0.285850,0.345674,0.193678,0.325794,0.255525,0.318393,0.370761,0.272439,0.240612,0.252149,0.370068,0.356268,0.247455,0.286293,0.247874,0.188188,0.330163,0.373562,0.243823,#
19,0.371671,0.281364,0.321955,0.324693,0.410565,0.216844,0.232185,0.310975,0.297973,0.338158,0.344933,0.141961,0.338454,0.394253,0.452476,0.296399,0.304921,0.371469,0.323973,1.000000,0.320738,0.266621,0.292573,0.327524,0.246251,0.419206,0.356853,0.335785,0.299461,0.395984,0.280933,0.312052,0.311213,0.237208,0.308818,0.403359,0.190532,0.278213,0.448985,0.263867,0.329029,0.317181,0.166520,0.188566,0.250395,0.383132,0.375645,0.417780,0.228039,0.372328,0.325403,0.350184,0.236551,0.405067,0.296248,0.406381,0.278399,0.267594,0.303886,0.307700,0.317506,0.322787,0.356285,0.338061,0.399913,0.288993,0.336393,0.317284,0.281911,0.349480,0.329141,0.326991,0.379557,0.180264,0.344324,0.363508,0.268125,0.412196,0.432129,0.224732,0.394450,0.396878,0.385067,0.221792,0.446599,0.208854,0.360452,0.265955,0.387973,0.250035,0.244896,0.305972,0.383265,0.301853,0.300600,0.355359,0.390759,0.373189,0.201748,0.201632,0.305899,0.308947,0.325341,0.350767,0.391492,0.401592,0.340555,0.460547,0.201479,0.175782,0.296435,0.279259,0.341457,0.402123,0.387973,0.323227,0.330792,0.317960,0.309320,0.156517,0.440108,0.464990,0.283666,0.393383,0.449563,0.228823,0.346185,0.311264,0.134819,0.338921,0.193990,0.205824,0.405676,0.243625,0.345739,0.348566,0.297946,0.417340,0.275656,0.277673,0.327678,0.362176,0.285640,0.263082,0.347230,0.346541,0.184087,0.388916,0.310647,0.197644,0.269715,0.342109,0.289635,0.374480,0.332059,0.243881,0.295172,0.228405,0.299551,0.191156,0.370702,0.357915,0.362695,0.306967,0.359343,0.261655,0.258010,0.257750,0.327376,0.254284,0.346910,0.273632,0.351666,0.257478,0.276032,0.239688,0.358200,0.384651,0.264831,0.270205,0.181289,0.380272,0.312722,0.325919,0.250726,0.356517,0.267994,0.342000,0.357710,0.257329,0.372069,0.397671,0.260848,0.311062,0.316673,0.284985,0.236031,0.315792,0.420128,0.372258,#
20,0.338661,0.273929,0.370289,0.307039,0.364325,0.343476,0.260172,0.257171,0.294120,0.286413,0.253526,0.288119,0.275197,0.301471,0.330492,0.285842,0.386734,0.400767,0.325683,0.320738,1.000000,0.306398,0.240055,0.391470,0.389019,0.384197,0.312116,0.371082,0.294485,0.325574,0.227227,0.246879,0.301201,0.258679,0.248709,0.337352,0.290957,0.303220,0.305415,0.366183,0.383093,0.477699,0.213645,0.221787,0.349834,0.432479,0.363628,0.321982,0.258119,0.251976,0.215554,0.364722,0.371939,0.355939,0.295717,0.312898,0.326546,0.331593,0.285291,0.309209,0.293442,0.264422,0.374980,0.339477,0.369807,0.251499,0.358030,0.328050,0.386706,0.354041,0.291643,0.370180,0.489520,0.285840,0.268541,0.202895,0.340546,0.425033,0.308346,0.309168,0.297138,0.249688,0.438829,0.221344,0.352483,0.292140,0.409370,0.295845,0.451191,0.344988,0.339891,0.373236,0.354964,0.421989,0.325459,0.276235,0.419238,0.336216,0.318422,0.179399,0.314993,0.263484,0.332756,0.370409,0.271919,0.313327,0.305658,0.308462,0.247613,0.349953,0.372825,0.354518,0.332096,0.349782,0.271414,0.464115,0.409184,0.271073,0.143759,0.327598,0.277084,0.393019,0.287376,0.303565,0.355475,0.224867,0.358374,0.361780,0.284723,0.344857,0.252032,0.383674,0.318866,0.185102,0.394135,0.282122,0.349069,0.391593,0.294220,0.308568,0.350524,0.312369,0.211601,0.289137,0.390491,0.260406,0.195202,0.293640,0.227608,0.296084,0.321059,0.352724,0.174971,0.259925,0.317026,0.320931,0.240857,0.180706,0.283327,0.382967,0.343113,0.403509,0.257191,0.270939,0.399723,0.252213,0.193441,0.356588,0.276684,0.282318,0.298775,0.224547,0.223601,0.270144,0.251036,0.364616,0.185700,0.271978,0.372783,0.341015,0.248239,0.317568,0.277451,0.284737,0.295431,0.172678,0.277049,0.290021,0.357785,0.307379,0.294013,0.417447,0.284188,0.265309,0.403994,0.318069,0.222955,0.331647,0.336408,0.304584,#
21,0.338119,0.353974,0.403919,0.318547,0.262695,0.272318,0.302173,0.248931,0.282938,0.217523,0.279731,0.365235,0.158785,0.261535,0.165955,0.245607,0.263179,0.305227,0.234927,0.266621,0.306398,1.000000,0.216331,0.326823,0.269757,0.264541,0.347531,0.376433,0.296086,0.358464,0.279640,0.304451,0.253222,0.311360,0.196240,0.359939,0.326191,0.326592,0.403244,0.239259,0.285398,0.371014,0.166911,0.319105,0.278028,0.343775,0.350071,0.389046,0.122462,0.325817,0.287501,0.291935,0.276297,0.281338,0.267678,0.296013,0.260183,0.286332,0.205020,0.243581,0.254412,0.176838,0.408004,0.313531,0.420728,0.345120,0.280598,0.298974,0.390107,0.395894,0.440578,0.267662,0.455630,0.319470,0.233941,0.241246,0.274351,0.287810,0.282244,0.254112,0.387620,0.327540,0.248688,0.106940,0.389504,0.153120,0.376397,0.202397,0.319501,0.382075,0.237123,0.261733,0.266569,0.265397,0.319767,0.311475,0.369770,0.272552,0.225384,0.304260,0.470736,0.274223,0.226884,0.299310,0.280347,0.344881,0.268015,0.310770,0.247419,0.258956,0.336828,0.310326,0.241698,0.299550,0.248259,0.385791,0.397560,0.191165,0.215187,0.336868,0.259151,0.369460,0.215282,0.392012,0.253262,0.225012,0.252687,0.280880,0.189788,0.244246,0.253490,0.277111,0.379528,0.250038,0.296637,0.255474,0.352428,0.269920,0.183997,0.373247,0.281168,0.323081,0.267621,0.213953,0.326661,0.314762,0.263133,0.352240,0.277287,0.231012,0.293700,0.244670,0.247237,0.327418,0.294894,0.279729,0.196919,0.288295,0.248481,0.223164,0.324161,0.312356,0.245359,0.270349,0.331203,0.132041,0.098755,0.323765,0.221294,0.386605,0.212625,0.212798,0.314527,0.221250,0.259047,0.331692,0.302665,0.269520,0.221021,0.298824,0.255903,0.316793,0.181974,0.285353,0.206612,0.240003,0.269578,0.336725,0.406997,0.250466,0.343347,0.222818,0.339378,0.196452,0.422407,0.329785,0.223055,0.307546,0.319596,0.277663,#
