0,1.000000,0.119142,0.226351,0.143378,0.203382,0.175940,0.202782,0.095646,0.212927,0.082256,0.222999,0.155102,0.156735,0.136337,0.225568,0.277550,0.293079,0.273454,0.276831,0.304460,0.173895,0.192176,0.267459,0.353452,0.110414,0.149636,0.214418,0.051296,0.198139,0.235710,0.090117,0.310502,0.184773,0.235947,0.303385,0.159318,0.128079,0.072339,0.286156,0.201296,0.211971,0.161020,0.316839,0.038452,0.187502,0.128079,0.137598,0.311122,0.251814,0.336843,0.182010,0.214589,0.216998,0.251577,0.231796,0.235132,0.211714,0.215741,0.154461,0.141089,0.167631,0.261350,0.313904,0.118333,0.178300,0.079627,0.134987,0.215850,0.148412,0.210775,0.209113,0.173071,0.216933,0.291987,0.189979,0.022405,0.354981,0.235276,0.230177,0.111083,0.099625,0.172740,0.217686,0.225244,0.286036,0.189873,0.310069,0.324747,0.271702,0.238867,0.155676,0.130826,0.261201,0.104232,0.239485,0.304641,0.257619,0.132678,0.234292,0.226586,0.246852,0.203277,0.152286,0.270789,0.193482,0.216729,0.264280,0.219141,0.244856,0.013783,0.114433,0.244461,0.109810,0.263913,0.260588,0.223077,0.275522,0.114249,0.174722,0.213764,0.185184,0.256228,0.330222,0.195184,0.269069,0.263050,0.193164,0.064602,0.194587,0.269011,0.237001,0.116080,0.186984,0.184003,0.233380,0.278332,0.227393,0.173750,0.069720,0.204303,0.223610,0.126282,0.132938,0.160701,0.103153,0.038663,0.222206,0.130716,0.236201,0.166323,0.104626,0.225265,0.233325,0.115090,0.227703,0.263071,0.226576,0.204100,0.266409,0.198631,0.218863,0.229384,0.213760,0.104383,0.189224,0.254799,0.158100,0.255895,0.287111,0.181082,0.154413,0.099866,0.222246,0.222672,0.055026,0.276578,0.290776,0.253443,0.207129,0.058065,0.219563,0.264815,0.157572,0.141266,0.163695,-0.002048,0.192353,0.315092,0.280740,0.075000,0.092562,0.226185,0.148419,0.217125,0.288970,0.250182,0.109483,0.251593,0.207120,0.270912,#
1,0.119142,1.000000,0.201637,0.167885,0.194026,0.181728,0.195540,0.239899,0.365509,0.182448,0.288864,0.263120,0.201843,0.109077,0.138365,0.114087,0.163628,0.206895,0.138305,0.244064,0.071104,0.290456,0.193257,0.054067,0.161295,0.125073,0.173202,0.306278,0.096876,0.176818,0.211611,0.201201,0.099593,0.218395,0.074567,0.219258,0.203714,0.169679,0.322549,0.134654,0.169319,0.048931,0.245207,0.097674,0.119990,0.173450,0.319866,0.164349,0.263460,0.148358,0.142254,0.173008,0.229099,0.220222,0.248437,0.160486,0.155981,0.043528,-0.004457,0.091494,0.154253,0.181283,0.144213,0.110335,0.106414,0.276730,0.151935,0.221145,0.171479,0.306175,0.255766,0.241172,0.303937,0.111405,0.259013,0.203241,0.177754,0.147606,0.271539,0.123801,0.223877,0.137746,0.180948,0.151722,0.321233,0.051528,0.189155,0.269371,0.206013,0.117011,0.142186,0.204958,0.147939,0.187488,0.234658,0.161771,0.093100,0.160440,0.172564,0.150949,0.240405,0.140629,0.171120,0.149170,0.121129,0.236010,0.198470,0.266821,0.188605,0.149725,0.127962,0.152468,0.063035,0.257763,0.209513,0.267576,0.213038,0.083190,0.159514,0.104809,0.092514,0.176283,0.225366,0.198219,0.182676,0.166758,0.137510,0.162986,0.252997,0.256536,0.090215,0.237628,0.097198,0.191287,0.276852,0.230907,0.240683,0.232256,0.207756,0.192595,0.260644,0.103496,0.237384,0.319422,0.249656,0.148541,0.113552,0.066337,0.172423,0.083750,0.214348,0.207515,0.162236,0.052526,0.282765,0.265391,0.146154,0.110572,0.021547,0.033039,0.108514,0.247148,0.229585,0.255652,0.143369,0.089948,0.173821,0.060575,0.191369,0.217467,0.223979,0.263181,0.150028,0.131870,0.159211,0.257094,0.206469,0.296924,0.097397,0.074402,0.183656,0.148535,0.207043,0.117207,0.179067,0.175206,0.175860,0.053978,0.278473,0.238921,0.325286,0.243781,0.043194,0.184797,0.216870,0.067854,0.069987,0.247908,0.084800,0.274206,#
2,0.226351,0.201637,1.000000,0.203220,0.316296,0.200696,0.255478,0.200620,0.266900,0.171330,0.214980,0.281143,0.171588,0.298995,0.155944,0.286918,0.113997,0.207350,0.216827,0.270197,0.266072,0.288607,0.120853,0.217422,0.198946,0.276777,0.324778,0.233579,0.207579,0.202709,0.183514,0.175113,0.208213,0.144493,0.239472,0.172503,0.205955,0.106641,0.281326,0.128991,0.189609,0.153532,0.401469,0.122511,0.205662,0.188343,0.257857,0.145044,0.185898,0.237555,0.248460,0.293467,0.304345,0.211187,0.229730,0.182231,0.236906,0.075350,0.266571,0.254902,0.393335,0.233544,0.088423,0.258724,0.243122,0.244105,0.141358,0.268229,0.196533,0.286242,0.243338,0.287099,0.118907,0.261101,0.297975,0.152518,0.232626,0.214866,0.218265,0.161475,0.250247,0.141935,0.259088,0.085595,0.347361,0.205707,0.184261,0.390244,0.144678,0.141841,0.220492,0.232908,0.357878,0.278783,0.246473,0.292679,0.261897,0.198473,0.348951,0.137375,0.231276,0.200587,0.155296,0.265884,0.113280,0.247494,0.292557,0.265816,0.194419,0.109797,0.282864,0.216316,0.284160,0.224664,0.164285,0.263539,0.301979,0.222847,0.088257,0.185817,0.161683,0.092699,0.215361,0.244149,0.245738,0.132761,0.241267,0.185437,0.286364,0.257872,0.161701,0.235704,0.264566,0.310781,0.315673,0.203713,0.305138,0.243242,0.248204,0.161609,0.116433,0.257152,0.171713,0.121892,0.296364,0.183013,0.032271,0.147776,0.251818,0.202210,0.249768,0.233811,0.314533,0.282704,0.183252,0.191465,0.182627,0.037258,0.247284,0.174241,0.081174,0.256303,0.256221,0.251921,0.163667,0.244059,0.225406,0.086248,0.200414,0.222884,0.155999,0.278013,0.253234,0.153957,0.243363,0.260169,0.265370,0.258073,0.084799,0.115128,0.206507,0.379706,0.046086,0.333305,0.166714,0.192788,0.213186,0.132554,0.268233,0.129482,0.237970,0.264789,0.354942,0.254265,0.245037,0.188949,0.045103,0.186002,0.243051,0.374593,#
3,0.143378,0.167885,0.203220,1.000000,0.303216,0.199162,0.277854,0.167443,0.396512,0.213051,0.278000,0.230388,0.237751,0.179708,0.252449,0.163368,0.146975,0.242310,0.347933,0.292482,0.211013,0.249301,0.283701,0.289448,0.234453,0.269660,0.290580,0.286280,0.267794,0.290764,0.233348,0.300719,0.363546,0.295868,0.176272,0.247605,0.244051,0.304911,0.350142,0.253269,0.218149,0.294778,0.365134,0.357249,0.156497,0.268648,0.211323,0.224793,0.158569,0.216678,0.285338,0.215036,0.347786,0.086342,0.190843,0.338078,0.233382,0.151128,0.233726,0.288190,0.189882,0.210807,0.174272,0.198216,0.412226,0.191305,0.119444,0.141978,0.042116,0.281220,0.196680,0.264586,0.288313,0.171295,0.219260,0.227035,0.231774,0.234858,0.179136,0.134918,0.328634,0.259860,0.285247,0.128617,0.309701,0.242845,0.192565,0.260383,0.275248,0.201212,0.343214,0.292619,0.269100,0.270311,0.277542,0.289238,0.207695,0.145129,0.321130,0.170141,0.223275,0.230441,0.199515,0.132646,0.413693,0.133432,0.248800,0.271893,0.152233,0.164666,0.234099,0.134672,0.206886,0.227657,0.154201,0.196580,0.204907,0.180048,0.239029,0.160983,0.219688,0.229729,0.275183,0.187549,0.178535,0.272562,0.232226,0.349338,0.163310,0.214280,0.313294,0.293859,0.217726,0.276294,0.211330,0.263027,0.216511,0.177845,0.184416,0.190061,0.134172,0.348569,0.318618,0.125644,0.183593,0.269777,0.241216,0.364278,0.219574,0.266583,0.199872,0.179903,0.189904,0.290842,0.246232,0.160028,0.158016,0.156851,0.304660,0.241115,0.226446,0.191278,0.194107,0.274232,0.167588,0.176754,0.267748,0.116055,0.202402,0.211709,0.254684,0.119178,0.208295,0.083028,0.115548,0.259378,0.305148,0.299638,0.140996,0.227532,0.135875,0.387213,0.237617,0.117943,0.144495,0.166139,0.236418,0.203948,0.221889,0.281132,0.304715,0.213619,0.273128,0.184082,0.262174,0.265795,0.307009,0.217605,0.162542,0.224380,#
4,0.203382,0.194026,0.316296,0.303216,1.000000,0.330261,0.218994,0.314403,0.368313,0.285573,0.135122,0.301155,0.354695,0.244560,0.269267,0.264572,0.216068,0.335680,0.299692,0.461619,0.416497,0.238838,0.326458,0.384590,0.234992,0.331271,0.306053,0.189626,0.345919,0.267175,0.281406,0.296959,0.339338,0.229127,0.249711,0.302146,0.437587,0.231188,0.330046,0.208495,0.319189,0.269096,0.299605,0.248981,0.288396,0.312828,0.381314,0.301862,0.292337,0.268221,0.281389,0.278898,0.314407,0.284094,0.408042,0.395437,0.287064,0.259062,0.282780,0.209093,0.204130,0.303699,0.222133,0.126802,0.341987,0.262002,0.188947,0.249441,0.148837,0.268108,0.284221,0.318010,0.294465,0.309291,0.306730,0.134335,0.223771,0.353388,0.327457,0.323713,0.293976,0.344933,0.285857,0.153241,0.408252,0.263442,0.200126,0.280670,0.260510,0.250208,0.360422,0.264156,0.327886,0.200017,0.293613,0.336221,0.308399,0.250324,0.201987,0.227176,0.248091,0.260447,0.333762,0.257993,0.231820,0.300042,0.260378,0.305737,0.319240,0.296927,0.309768,0.290698,0.272071,0.430411,0.277918,0.150523,0.310047,0.226846,0.199171,0.188686,0.189654,0.209147,0.371867,0.147007,0.322280,0.219176,0.264236,0.322404,0.394092,0.297559,0.331350,0.201908,0.242096,0.335458,0.390281,0.299222,0.277842,0.220572,0.266827,0.144741,0.263525,0.229340,0.384950,0.214035,0.277866,0.293145,0.303058,0.335551,0.227022,0.311560,0.249791,0.315583,0.278560,0.384158,0.330796,0.318344,0.429626,0.166953,0.204636,0.312785,0.253424,0.203397,0.281230,0.156860,0.072401,0.234560,0.150277,0.176969,0.270571,0.264476,0.174114,0.255749,0.447993,0.249260,0.269719,0.316712,0.456966,0.386645,0.206698,0.250915,0.175252,0.227545,0.301525,0.246974,0.300103,0.247574,0.172481,0.324546,0.313619,0.365266,0.184445,0.270060,0.208609,0.227411,0.231141,0.316206,0.278515,0.257064,0.342598,0.351599,#
5,0.175940,0.181728,0.200696,0.199162,0.330261,1.000000,0.128472,0.272472,0.333076,0.228398,0.265793,0.224611,0.247726,0.062200,0.261327,0.230162,0.161871,0.269287,0.021189,0.367141,0.172704,0.116005,0.228354,0.245070,0.210712,0.202911,0.317563,0.235348,0.275126,0.219952,0.309030,0.311972,0.306445,0.222274,0.164363,0.264967,0.277898,0.134230,0.301030,0.098271,0.364367,0.167689,0.207245,0.233920,0.178467,0.303412,0.327118,0.130044,0.339808,0.153726,0.232514,0.242845,0.166961,0.224140,0.158689,0.398749,0.243759,0.096795,0.361109,0.190243,0.155573,0.314505,0.235823,0.204770,0.332375,0.222446,0.129172,0.206317,0.155168,0.126735,0.241860,0.249522,0.270918,0.225925,0.182692,0.225235,0.328652,0.234370,0.249175,0.226367,0.290378,0.208026,0.317973,0.088905,0.199189,0.241810,0.230675,0.320384,0.192556,0.064540,0.154157,0.251979,0.406101,0.353526,0.255867,0.250190,0.173558,0.250392,0.315045,0.168096,0.187036,0.266031,0.192638,0.212770,0.208826,0.287218,0.239345,0.245464,0.175234,0.135460,0.177344,0.310525,0.138604,0.226787,0.197248,0.127287,0.200159,0.179524,0.127637,0.181566,0.102378,0.241904,0.258519,0.245016,0.092325,0.161667,0.169538,0.174888,0.279313,0.300267,0.342238,0.227078,0.276212,0.329169,0.309967,0.316712,0.271389,0.238830,0.157383,0.098808,0.210000,0.155758,0.262922,0.307586,0.282672,0.200421,0.186838,0.167193,0.177765,0.229381,0.291095,0.140393,0.218205,0.246799,0.237725,0.211414,0.329957,0.126525,0.258122,0.162371,0.243936,0.191018,0.244504,0.197825,0.182318,0.185461,0.067749,0.279878,0.340726,0.272035,0.343425,0.240350,0.192209,0.184863,0.209853,0.215267,0.275380,0.289882,0.185365,0.174955,0.278774,0.200877,0.378861,0.208063,0.215891,0.230851,0.294322,0.153469,0.127243,0.194731,0.152775,0.299246,0.145458,0.194410,0.142841,0.149437,0.155914,0.219320,0.188440,0.324847,#
6,0.202782,0.195540,0.255478,0.277854,0.218994,0.128472,1.000000,0.150297,0.295258,0.128753,0.146766,0.174304,0.284526,0.291095,0.158282,0.162286,0.198507,0.260926,0.223757,0.175494,0.308659,0.230053,0.089170,0.192476,0.163338,0.186870,0.186321,0.237458,0.229087,0.298286,0.189583,0.231733,0.147457,0.253120,0.226849,0.201537,0.125745,0.189830,0.188070,0.234727,0.146598,0.161876,0.283943,0.196365,0.290665,0.137598,0.202039,0.056812,0.302380,0.198584,0.234709,0.275252,0.300455,0.144149,0.256329,0.248224,0.150052,0.189620,0.282095,0.241580,0.205362,0.184369,0.184783,0.129126,0.336745,0.305916,0.257886,0.175730,0.158049,0.191612,0.155296,0.214308,0.119933,0.330987,0.287916,0.178619,0.281063,0.197558,0.229112,0.117727,0.141095,0.189050,0.276931,0.116742,0.161900,0.273287,0.132287,0.242756,0.217403,0.188485,0.204944,0.153668,0.121031,0.138462,0.197917,0.185917,0.311143,0.218378,0.247820,0.269539,0.199922,0.280825,0.283131,0.114443,0.046963,0.169169,0.229240,0.114498,0.208062,0.124036,0.137713,0.165568,0.087403,0.140217,0.280097,0.132197,0.348517,0.179821,0.252987,0.194813,0.231664,0.190458,0.206959,0.249469,0.299810,0.315437,0.127644,0.218198,0.074260,0.222037,0.158177,0.191142,0.203788,0.164662,0.202148,0.238457,0.244316,0.159746,0.290833,0.221139,0.166002,0.246457,0.138045,0.105893,0.120114,0.226676,0.163623,0.134118,0.152517,0.081399,0.344192,0.184874,0.215441,0.130439,0.193184,0.220890,0.208852,0.269192,0.250937,0.134990,0.122614,0.238114,0.290545,0.301642,0.177709,0.251878,0.210523,0.150619,0.230027,0.176923,0.194817,0.152646,0.187510,0.082604,0.217390,0.205758,0.237690,0.258882,0.259168,0.083883,0.194724,0.187635,0.298380,0.239892,0.189620,0.182616,0.117405,0.282747,0.104014,0.189575,0.128756,0.219145,0.155898,0.311872,0.164031,0.137095,0.215799,0.210905,0.232691,0.267004,#
7,0.095646,0.239899,0.200620,0.167443,0.314403,0.272472,0.150297,1.000000,0.403151,0.234902,0.252148,0.363737,0.216761,0.205394,0.388690,0.179550,0.315266,0.348269,0.240668,0.270775,0.226957,0.276803,0.345938,0.263402,0.287004,0.243832,0.266130,0.348710,0.194615,0.246273,0.134508,0.209074,0.226800,0.219391,0.167893,0.183545,0.201227,0.089803,0.324665,0.196183,0.285577,0.176666,0.270563,0.284336,0.303707,0.334759,0.263164,0.227103,0.217486,0.160934,0.249271,0.195186,0.205070,0.294943,0.230486,0.221736,0.211569,0.327378,0.226591,0.162009,0.205802,0.305378,0.229138,0.107789,0.323078,0.290330,0.212612,0.227730,0.210449,0.405672,0.254337,0.125995,0.363610,0.269809,0.276616,0.164772,0.199779,0.241473,0.304477,0.291534,0.271628,0.238615,0.307182,0.114039,0.275146,0.211008,0.245718,0.246289,0.243326,0.254107,0.153292,0.244021,0.281315,0.277529,0.255031,0.137658,0.230446,0.339367,0.228478,0.223851,0.275261,0.156589,0.217811,0.205891,0.133035,0.306703,0.312643,0.238678,0.197431,0.192140,0.281449,0.180533,0.191818,0.312619,0.367139,0.235589,0.170898,0.048857,0.110850,0.384823,0.195918,0.268725,0.218026,0.282473,0.327701,0.214885,0.304322,0.330155,0.223767,0.158945,0.211202,0.179955,0.302566,0.164285,0.417763,0.385877,0.187185,0.312656,0.178701,0.207261,0.279862,0.209517,0.222128,0.097463,0.241252,0.246172,0.272350,0.141094,0.203042,0.235430,0.262855,0.270936,0.248004,0.275011,0.196050,0.370893,0.282401,0.218912,0.293336,0.241372,0.222959,0.106843,0.415636,0.121132,0.094153,0.329585,0.293292,0.134008,0.188704,0.189874,0.283502,0.306731,0.262192,0.208161,0.256528,0.274929,0.225188,0.259500,0.083341,0.292438,0.348316,0.227126,0.248925,0.215236,0.083224,0.232018,0.137960,0.119562,0.279051,0.343419,0.328607,0.209799,0.188364,0.144414,0.202605,0.208617,0.137934,0.265727,0.263383,0.257333,#
8,0.212927,0.365509,0.266900,0.396512,0.368313,0.333076,0.295258,0.403151,1.000000,0.320745,0.267065,0.306033,0.300823,0.227734,0.345519,0.262299,0.150646,0.316572,0.233741,0.302188,0.189946,0.317501,0.283445,0.302972,0.096785,0.329215,0.257691,0.397053,0.234157,0.323413,0.137469,0.298719,0.234652,0.225739,0.191123,0.241256,0.323974,0.168279,0.272856,0.221138,0.308909,0.284128,0.338058,0.240447,0.271335,0.233489,0.193806,0.208338,0.344318,0.287264,0.293990,0.410641,0.211067,0.376279,0.244064,0.423045,0.236406,0.340829,0.173839,0.305535,0.308586,0.301657,0.315727,0.098937,0.304789,0.389771,0.226805,0.241610,0.311053,0.341118,0.279668,0.245887,0.331229,0.306306,0.274579,0.240039,0.246633,0.292921,0.303572,0.243372,0.308925,0.321267,0.294678,0.160890,0.379383,0.298137,0.219218,0.300603,0.161092,0.287166,0.265308,0.330332,0.323832,0.210015,0.481108,0.315686,0.274882,0.251692,0.366277,0.188540,0.250926,0.257295,0.263422,0.300126,0.292460,0.252215,0.326741,0.310611,0.168919,0.259734,0.240017,0.237625,0.174905,0.332786,0.350223,0.324921,0.254699,0.172780,0.206028,0.351779,0.252566,0.223967,0.368044,0.250687,0.243705,0.354437,0.212630,0.337644,0.227953,0.336696,0.244168,0.109003,0.318586,0.378071,0.441090,0.328063,0.248366,0.273798,0.215445,0.244013,0.243047,0.307769,0.375950,0.200593,0.210289,0.233403,0.350999,0.218222,0.229665,0.248464,0.330253,0.210467,0.282956,0.382505,0.386281,0.394580,0.312128,0.278101,0.290958,0.318613,0.187499,0.200216,0.289538,0.316544,0.225260,0.242719,0.286783,0.132615,0.344398,0.313919,0.288916,0.315042,0.246507,0.185886,0.339433,0.274812,0.226033,0.364155,0.285495,0.154573,0.292323,0.324213,0.151137,0.307807,0.252225,0.286745,0.204373,0.179939,0.309872,0.343750,0.326751,0.239877,0.319286,0.207495,0.319326,0.231439,0.252035,0.213234,0.186098,0.283942,#
9,0.082256,0.182448,0.171330,0.213051,0.285573,0.228398,0.128753,0.234902,0.320745,1.000000,0.258297,0.077888,0.184525,0.240968,0.236831,0.198659,0.166378,0.162903,0.154951,0.358888,0.261994,0.192155,0.239077,0.243696,0.094239,0.160001,0.284988,0.307701,0.157893,0.288444,0.222441,0.207919,0.146926,0.304958,0.317709,0.201402,0.112906,0.142832,0.228089,0.120323,0.327507,0.211825,0.214616,0.075648,0.227364,0.188562,0.184230,0.138965,0.143628,0.147192,0.080609,0.225178,0.114783,0.164520,0.144776,0.270292,0.116126,0.224547,0.267056,0.138177,0.232038,0.210348,0.255897,0.162927,0.278701,0.350455,0.168181,0.195903,0.208896,0.114263,0.339119,0.216412,0.153936,0.200022,0.216185,0.147704,0.035165,0.217383,0.259845,0.267373,0.131912,0.243927,0.126268,0.094585,0.348694,0.136756,0.153855,0.276123,0.043251,-0.017484,0.154844,0.270133,0.305383,0.100785,0.226771,0.227206,0.199216,0.310318,0.275696,0.013706,0.164416,0.219730,0.255122,0.134059,0.355481,0.229336,0.209640,0.069879,0.288181,0.185473,0.189368,0.208401,0.276578,0.312116,0.127484,0.236695,0.093050,0.105798,0.139365,0.119533,0.196243,0.220628,0.209258,0.222850,0.163455,0.166518,0.093053,0.214099,0.278946,0.224082,0.207756,0.139531,0.179496,0.316518,0.296853,0.260751,0.210694,0.266308,0.160810,0.082893,0.045121,0.304780,0.276293,0.156322,0.167734,0.203485,0.254165,0.236987,0.132052,0.258963,0.148519,0.045605,0.334407,0.289072,0.258069,0.254729,0.190538,0.263801,0.297618,0.153756,0.196292,0.169102,0.192778,0.334692,0.154682,0.159654,0.133570,0.095527,0.399577,0.136467,0.238342,0.290895,0.160392,0.214770,0.205599,0.335036,0.149569,0.199426,0.236053,0.158022,0.176834,0.115121,0.244283,0.237791,0.136225,0.316135,0.078844,0.127228,0.378763,0.170296,0.241590,0.226481,0.132272,0.174216,0.147165,0.187720,0.125618,0.171331,0.114291,0.207744,#
10,0.222999,0.288864,0.214980,0.278000,0.135122,0.265793,0.146766,0.252148,0.267065,0.258297,1.000000,0.183014,0.040781,0.174825,0.148056,0.196987,0.149775,0.164449,0.223249,0.247187,0.125900,0.154378,0.111260,0.190164,0.110590,0.092037,0.181113,0.363424,0.163214,0.255975,0.201902,0.228094,0.202211,0.233131,0.237972,0.183621,0.158340,0.171311,0.310313,0.109451,0.285498,0.106184,0.154066,0.099371,0.132586,0.284065,0.259656,0.229871,0.292528,0.323473,0.066298,0.177006,0.251794,0.151497,0.145854,0.241524,0.160907,0.082986,0.111799,0.209014,0.127325,0.261819,0.249908,0.283756,0.348681,0.224276,0.161874,0.119505,0.118069,0.218891,0.198107,0.275307,0.279863,0.174097,0.113865,0.208970,0.173355,0.198161,0.183328,0.145741,0.329901,0.152925,0.282670,0.151329,0.315249,0.092063,0.228302,0.312375,0.155444,0.214382,0.105731,0.301449,0.277553,0.241622,0.274179,0.308711,0.094521,0.141157,0.352533,0.222261,0.125911,0.163526,0.205367,0.169072,0.349271,0.047933,0.150194,0.278685,0.162550,0.114541,0.103808,0.193180,0.129463,0.194567,0.292240,0.303202,0.189951,0.058236,0.231835,0.207522,0.222239,0.337785,0.105273,0.170547,0.011108,0.203424,0.244415,0.255971,0.223807,0.153086,0.192927,0.111945,0.149108,0.230752,0.289969,0.215367,0.146993,0.308829,0.132333,0.095350,0.291565,0.084532,0.185865,0.169450,0.108531,0.064801,0.087564,0.095217,0.189905,0.159802,0.248981,0.209009,0.347248,0.135137,0.238731,0.229705,0.284959,0.105213,0.261466,0.138133,0.259954,0.119284,0.309134,0.237750,0.145850,0.167739,0.306408,0.130750,0.285539,0.256063,0.265261,0.176357,0.093417,0.165711,0.159496,0.172066,0.250299,0.321826,0.082979,0.225135,0.165915,0.150973,0.296122,0.090549,0.149357,0.175010,0.050296,0.076508,0.182485,0.272861,0.310098,0.102164,0.165025,0.146579,0.277556,0.142838,0.034174,0.243676,0.201437,0.332696,#
11,0.155102,0.263120,0.281143,0.230388,0.301155,0.224611,0.174304,0.363737,0.306033,0.077888,0.183014,1.000000,0.262350,0.170658,0.172372,0.139704,0.164255,0.316564,0.259249,0.093684,0.163013,0.267613,0.161439,0.147802,0.226181,0.247443,0.115158,0.316487,0.193958,0.230629,0.234359,0.208122,0.215524,0.238548,0.208090,0.190008,0.306617,0.132825,0.187608,0.274053,0.185212,0.252906,0.347623,0.240092,0.147528,0.274527,0.301481,0.150925,0.236645,0.215721,0.230180,0.250005,0.261735,0.325516,0.171646,0.158013,0.062656,0.305385,0.232962,0.171514,0.125785,0.219401,0.336217,0.126673,0.258590,0.309164,0.203427,0.245075,0.215460,0.316021,0.195896,0.196920,0.270204,0.235247,0.151986,0.072254,0.252513,0.171810,0.197207,0.096906,0.250468,0.214819,0.245192,0.092685,0.253130,0.154949,0.108809,0.218094,0.243715,0.098973,0.146208,0.354945,0.314670,0.307946,0.260098,0.330557,0.181497,0.191533,0.262242,0.149591,0.158551,0.230417,0.207514,0.240001,0.193685,0.351052,0.268669,0.338807,0.291925,0.229431,0.358854,0.252282,0.253490,0.264128,0.065735,0.322433,0.185667,0.218830,0.115093,0.284696,0.142686,0.197066,0.299588,0.143898,0.246476,0.205438,0.185577,0.211418,0.291948,0.217262,0.187933,0.249717,0.329329,0.311218,0.288495,0.236190,0.169628,0.285094,0.131439,0.241751,0.219371,0.132208,0.218390,0.211704,0.285650,0.126710,0.301609,0.137304,0.092562,0.217820,0.215329,0.249670,0.235845,0.267238,0.280516,0.262278,0.235585,0.102611,0.268412,0.167435,0.143306,0.214999,0.237001,0.106047,0.195842,0.065539,0.329465,0.104991,0.249125,0.316897,0.195636,0.199220,0.181584,0.157858,0.163880,0.261708,0.192720,0.262650,0.084697,0.269225,0.273004,0.201828,0.218898,0.123641,0.163857,0.126980,0.107925,0.281494,0.279493,0.270976,0.267237,0.141734,0.343259,0.234379,0.279327,0.188569,0.185762,0.238581,0.199486,0.220834,#
12,0.156735,0.201843,0.171588,0.237751,0.354695,0.247726,0.284526,0.216761,0.300823,0.184525,0.040781,0.262350,1.000000,0.214250,0.324366,0.158174,0.359170,0.287763,0.293464,0.345101,0.248164,0.236436,0.242569,0.254775,0.132887,0.224306,0.206970,0.258795,0.338384,0.201919,0.098287,0.263519,0.293881,0.210942,0.250553,0.282424,0.284253,0.146573,0.232488,0.216468,0.161703,0.073254,0.250607,0.383121,0.238854,0.271704,0.294169,0.112149,0.271149,0.211547,0.338519,0.215314,0.232621,0.250578,0.304799,0.244849,0.130733,0.243882,0.186609,0.077209,0.104965,0.314598,0.077617,0.230917,0.370332,0.278556,0.170522,0.182028,0.191949,0.188797,0.213512,0.214324,0.261783,0.225557,0.330760,0.240099,0.270340,0.133917,0.243409,0.186873,0.250249,0.260339,0.194250,0.165852,0.164867,0.266123,0.176750,0.293755,0.295387,0.166586,0.214339,0.226475,0.199406,0.161824,0.246538,0.293087,0.401227,0.280791,0.231532,0.093798,0.160785,0.298180,0.264601,0.254159,0.235351,0.178692,0.244541,0.171853,0.151497,0.149898,0.318764,0.140598,0.149010,0.261598,0.305356,0.091780,0.330292,0.084096,0.291392,0.098690,0.275916,0.199101,0.360320,0.279292,0.257574,0.158213,0.146104,0.120932,0.149746,0.220726,0.211226,0.130653,0.177183,0.230795,0.284993,0.161680,0.289989,0.254995,0.282201,0.128671,0.262414,0.287337,0.288850,0.191463,0.184849,0.234776,0.199120,0.213216,0.152951,0.312922,0.158217,0.315993,0.229596,0.181134,0.168668,0.365069,0.244248,0.096677,0.238134,0.192556,0.166017,0.347150,0.285472,0.243505,0.301856,0.105565,0.317845,0.192055,0.192028,0.170401,0.273094,0.254101,0.201189,0.229429,0.208542,0.200360,0.343159,0.413330,0.253910,0.100436,0.218657,0.269158,0.273272,0.204298,0.111362,0.203574,0.204029,0.367024,0.218579,0.137722,0.189111,0.093343,0.212935,0.264221,0.115734,0.181969,0.230718,0.299594,0.237623,0.139242,#
13,0.136337,0.109077,0.298995,0.179708,0.244560,0.062200,0.291095,0.205394,0.227734,0.240968,0.174825,0.170658,0.214250,1.000000,0.265800,0.133822,0.261611,0.230933,0.296032,0.291900,0.303492,0.246903,0.205167,0.237568,0.110952,0.266701,0.251876,0.313528,0.287268,0.286573,0.141166,0.245478,0.285938,0.268407,0.239391,0.141191,0.220737,0.198352,0.194931,0.241969,0.260754,0.219971,0.301354,0.184555,0.311126,0.255442,0.251274,0.234901,0.319814,0.201175,0.182847,0.307549,0.229543,0.269594,0.253885,0.262586,0.111373,0.193368,0.190327,0.204167,0.233662,0.303989,0.236842,0.183960,0.306133,0.241164,0.324780,0.221081,0.290294,0.173734,0.165182,0.222039,0.057887,0.253922,0.333545,0.208753,0.277642,0.257722,0.305693,0.201515,0.197458,0.263941,0.297481,0.236114,0.272049,0.227580,0.157152,0.237145,0.292580,0.171603,0.194561,0.214437,0.273772,0.297823,0.275759,0.125325,0.280608,0.192532,0.224436,0.351516,0.200665,0.299015,0.208393,0.380620,0.224817,0.302913,0.198954,0.235869,0.270372,0.197429,0.219621,0.230899,0.355290,0.291897,0.288682,0.264516,0.232278,0.254528,0.166289,0.307659,0.237383,0.239778,0.222226,0.148233,0.285177,0.054737,0.163070,0.073607,0.236650,0.188894,0.133389,0.202237,0.135308,0.195395,0.370723,0.189482,0.220634,0.201979,0.342388,0.234771,-0.036961,0.250665,0.380006,0.206996,0.155392,0.273425,0.268980,0.253570,0.171393,0.211496,0.199530,0.259347,0.234598,0.339625,0.214314,0.352742,0.138419,0.224742,0.276405,0.290161,0.194094,0.276312,0.197824,0.302897,0.149531,0.179252,0.217369,0.117568,0.306268,0.158196,0.213896,0.317132,0.229725,0.174304,0.265336,0.273492,0.257795,0.353701,0.268445,0.112056,0.166380,0.330951,0.262916,0.256981,0.253083,0.231415,0.224784,0.272157,0.082931,0.182972,0.288474,0.229436,0.233079,0.297291,0.224250,0.176513,0.200582,0.162412,0.239185,0.218496,#
14,0.225568,0.138365,0.155944,0.252449,0.269267,0.261327,0.158282,0.388690,0.345519,0.236831,0.148056,0.172372,0.324366,0.265800,1.000000,0.314166,0.287849,0.258260,0.255069,0.362563,0.269125,0.187424,0.238225,0.342861,0.137693,0.088145,0.305756,0.277309,0.302575,0.272970,0.133115,0.356090,0.227641,0.193894,0.242320,0.180366,0.255952,0.228283,0.243786,0.257673,0.197765,0.077436,0.340906,0.198160,0.258041,0.374714,0.205404,0.119436,0.147925,0.222437,0.250183,0.160474,0.253295,0.343860,0.279455,0.276919,0.239559,0.176776,0.250358,0.205675,0.247722,0.354172,0.252467,0.228804,0.216420,0.175546,0.197665,0.288072,0.171569,0.317542,0.309031,0.174389,0.228354,0.249977,0.360788,0.250493,0.371321,0.268503,0.208964,0.127476,0.305100,0.321716,0.324215,0.282898,0.242799,0.269510,0.156538,0.334738,0.231392,0.116517,0.173249,0.255057,0.286719,0.309953,0.324715,0.282828,0.451204,0.277059,0.237991,0.064646,0.225131,0.280704,0.306013,0.219322,0.285863,0.249921,0.259524,0.174579,0.110900,0.159055,0.192072,0.151997,0.247227,0.298103,0.248850,0.286281,0.279299,0.123724,0.196425,0.250743,0.307538,0.268558,0.240027,0.227262,0.366632,0.094630,0.201054,0.356215,0.177286,0.348429,0.184390,0.188729,0.192708,0.251534,0.301604,0.290262,0.171590,0.286667,0.181500,0.220158,0.153252,0.291311,0.232458,0.248632,0.170374,0.374053,0.302117,0.219182,0.126311,0.145475,0.311166,0.234917,0.101969,0.259134,0.337596,0.308051,0.299520,0.187423,0.227313,0.220147,0.163854,0.171309,0.311677,0.194802,0.209731,0.159324,0.220306,0.091920,0.275587,0.330218,0.286118,0.260373,0.270441,0.233754,0.218461,0.294179,0.290436,0.305335,0.279528,0.105345,0.270005,0.371749,0.275795,0.179279,0.238994,0.160908,0.248172,0.078118,0.164741,0.314625,0.105723,0.235664,0.293923,0.274721,0.212618,0.176873,0.163222,0.166119,0.197567,0.127049,#
15,0.277550,0.114087,0.286918,0.163368,0.264572,0.230162,0.162286,0.179550,0.262299,0.198659,0.196987,0.139704,0.158174,0.133822,0.314166,1.000000,0.281367,0.313490,0.208610,0.268041,0.176155,0.219437,0.229611,0.335932,0.149050,0.280172,0.237504,0.218107,0.285700,0.317020,0.163519,0.276697,0.160856,0.259721,0.192292,0.252221,0.210631,0.109256,0.309748,0.123416,0.171232,0.188356,0.298165,0.167100,0.303867,0.225348,0.149100,0.235194,0.213679,0.318425,0.045448,0.325124,0.222199,0.213752,0.276041,0.188501,0.217861,0.122674,0.202296,0.222800,0.258005,0.223605,0.257908,0.203403,0.221302,0.272515,0.134739,0.192886,0.100806,0.107847,0.289385,0.143173,0.098399,0.203568,0.210776,0.167823,0.216648,0.259634,0.163402,0.217230,0.338441,0.182719,0.079185,0.277963,0.319523,0.248980,0.093993,0.406430,0.178440,0.177402,0.170253,0.181544,0.247005,0.204481,0.166956,0.191638,0.306204,0.171041,0.190046,0.106657,0.265870,0.145330,0.233144,0.221512,0.094244,0.235849,0.302440,0.194764,0.110250,0.274054,0.079947,0.263081,0.157685,0.233047,0.097348,0.223047,0.179517,0.071112,0.164141,0.145859,0.245279,0.164231,0.230195,0.197847,0.140617,0.150718,0.253817,0.235025,0.198679,0.362899,0.072270,0.106044,0.172589,0.188203,0.254008,0.205602,0.107777,0.074890,0.150990,0.128545,0.048086,0.182889,0.186562,0.104454,0.224053,0.157697,0.148091,0.206805,0.298476,0.133972,0.239221,0.066730,0.288725,0.296206,0.138221,0.297534,0.276650,0.182495,0.190779,0.240093,0.122817,0.168629,0.364227,0.093837,0.194238,0.265328,0.284029,0.274580,0.289984,0.088490,0.036958,0.241458,0.115729,0.119668,0.196491,0.231120,0.315193,0.245748,0.087378,0.239319,0.264822,0.230807,0.180262,0.262579,0.154681,0.141099,0.051859,0.244327,0.087446,0.191998,0.111701,0.220128,0.229118,0.156586,0.130988,0.179225,0.202211,0.261996,0.222589,0.154497,#
16,0.293079,0.163628,0.113997,0.146975,0.216068,0.161871,0.198507,0.315266,0.150646,0.166378,0.149775,0.164255,0.359170,0.261611,0.287849,0.281367,1.000000,0.257600,0.181586,0.391183,0.284562,0.271968,0.177857,0.183059,0.062812,0.291453,0.299748,0.074140,0.191392,0.312188,0.130855,0.323716,0.210789,0.354227,0.252797,0.220640,0.258432,0.125412,0.327606,0.132711,0.193121,0.148596,0.288821,0.182617,0.208436,0.315004,0.113128,0.156725,0.224637,0.205983,0.177995,0.224540,0.309614,0.334327,0.304136,0.201440,0.103709,0.215630,0.193661,0.074995,0.092805,0.339741,0.233925,0.226613,0.306863,0.199003,0.111624,0.326497,0.241293,0.276099,0.078462,0.228421,0.313637,0.180541,0.235598,0.225242,0.193439,0.332508,0.238755,0.252991,0.193079,0.223507,0.222213,0.271208,0.240389,0.235962,0.264098,0.243724,0.240712,0.161196,0.212168,0.222873,0.262294,0.141535,0.245171,0.204657,0.333034,0.196976,0.225540,0.247181,0.120421,0.170919,0.136554,0.185446,0.150157,0.287051,0.266481,0.126763,0.179426,0.161083,0.229262,0.219225,0.226547,0.223238,0.327954,0.314820,0.292569,0.202252,0.187822,0.253671,0.282852,0.310548,0.292850,0.289692,0.332249,0.185849,0.166962,0.139929,0.192528,0.274173,0.196132,0.114976,0.309976,-0.012762,0.328822,0.283854,0.145459,0.208059,0.155335,0.211244,0.114611,0.200030,0.265407,0.214034,0.234415,0.167180,0.193611,0.175243,0.277722,0.350726,0.075577,0.325185,0.159853,0.202851,0.266825,0.333453,0.219422,0.180027,0.228207,0.272389,0.106398,0.275739,0.353010,0.250801,0.188893,0.206378,0.258550,0.265587,0.198028,0.093128,0.229871,0.302018,0.151199,0.111692,0.183555,0.196369,0.194535,0.272565,0.224708,0.103719,0.177607,0.239029,0.234050,0.075384,0.202651,0.256853,0.269103,0.252692,0.240182,0.199528,0.334506,0.074913,0.108139,0.182118,0.166590,0.244975,0.143392,0.145982,0.153010,0.160235,#
17,0.273454,0.206895,0.207350,0.242310,0.335680,0.269287,0.260926,0.348269,0.316572,0.162903,0.164449,0.316564,0.287763,0.230933,0.258260,0.313490,0.257600,1.000000,0.209489,0.314285,0.344718,0.218634,0.222563,0.350335,0.233527,0.281717,0.274149,0.224562,0.235959,0.288064,0.243704,0.221833,0.265726,0.209321,0.248195,0.333623,0.134173,0.191492,0.369960,0.214032,0.350892,0.277128,0.292026,0.245517,0.223446,0.282251,0.236759,0.259339,0.260345,0.271280,0.276265,0.245381,0.234831,0.219582,0.262581,0.318767,0.247210,0.174701,0.252728,0.104778,0.223763,0.347787,0.151021,0.170283,0.272299,0.385841,0.267635,0.293505,0.196178,0.248748,0.158930,0.301787,0.173874,0.200851,0.187000,0.224986,0.186524,0.230605,0.183733,0.298982,0.249334,0.240414,0.361495,0.191607,0.182942,0.169625,0.280130,0.240432,0.277521,0.262020,0.234195,0.190129,0.359150,0.256554,0.158574,0.325099,0.273397,0.228104,0.200404,0.180885,0.208014,0.060599,0.214982,0.264814,0.138496,0.244139,0.311328,0.247784,0.199611,0.148986,0.277978,0.316820,0.130319,0.373027,0.277281,0.198100,0.136460,0.182781,0.150127,0.241755,0.163574,0.268469,0.283215,0.209780,0.381941,0.276908,0.230496,0.192673,0.188763,0.241040,0.310768,0.275002,0.289551,0.204308,0.249823,0.317116,0.253581,0.309210,0.265554,0.289842,0.229290,0.277573,0.337905,0.216255,0.265569,0.277135,0.220314,0.255800,0.177416,0.132775,0.282416,0.106781,0.157371,0.284208,0.309497,0.410287,0.340770,0.205961,0.329535,0.235641,0.195319,0.211504,0.401492,0.256611,0.189736,0.269594,0.200762,0.236734,0.312104,0.142284,0.316684,0.188399,0.235542,0.144082,0.264687,0.155784,0.319011,0.286372,0.109425,0.369920,0.220825,0.366701,0.283094,0.272442,0.192068,0.161006,0.204716,0.300269,0.229618,0.222074,0.259594,0.258655,0.294685,0.235733,0.320862,0.271706,0.138945,0.295308,0.153790,0.237735,#
18,0.276831,0.138305,0.216827,0.347933,0.299692,0.021189,0.223757,0.240668,0.233741,0.154951,0.223249,0.259249,0.293464,0.296032,0.255069,0.208610,0.181586,0.209489,1.000000,0.283740,0.249140,0.286856,0.275766,0.270521,0.237500,0.190299,0.180682,0.334928,0.278428,0.206702,0.073596,0.147863,0.237238,0.267658,0.311704,0.309227,0.294762,0.213599,0.248376,0.319125,0.275552,0.157537,0.283004,0.182692,0.311733,0.195570,0.235999,0.238499,0.171770,0.257101,0.189104,0.213534,0.348117,0.176797,0.258669,0.272430,0.171347,0.268016,0.146530,0.224253,0.194366,0.212982,0.275486,0.163794,0.354566,0.216086,0.215317,0.269442,0.003624,0.202125,0.188859,0.139234,0.186085,0.151303,0.257435,0.194664,0.304722,0.265781,0.279315,0.199693,0.147024,0.161978,0.298265,0.258094,0.225957,0.166822,0.247473,0.249989,0.237053,0.192233,0.298484,0.197705,0.225403,0.248792,0.333811,0.312893,0.341640,0.266952,0.236429,0.258329,0.232556,0.215576,0.287820,0.242155,0.345911,0.269352,0.191748,0.164567,0.218054,0.142320,0.329413,0.213974,0.323572,0.273461,0.167631,0.181164,0.202020,-0.019066,0.218131,0.282533,0.272349,0.282759,0.274541,0.063033,0.234580,0.095968,0.204482,0.206591,0.371927,0.181378,0.161255,0.282491,0.147522,0.276770,0.283996,0.185433,0.246419,0.264278,0.121695,0.215392,0.098644,0.225373,0.274433,0.257724,0.171765,0.316450,0.220450,0.136546,0.166799,0.224333,0.177338,0.320188,0.227006,0.227002,0.198388,0.363612,0.280369,0.247161,0.184184,0.372043,0.246544,0.173793,0.281502,0.236919,0.216481,0.306526,0.350976,0.206473,0.184475,0.262898,0.146712,0.281499,0.309429,0.143021,0.064393,0.317874,0.288982,0.355269,0.161573,0.190274,0.191956,0.261160,0.256773,0.150267,0.211702,0.074807,0.324321,0.217218,0.205284,0.189079,0.254642,0.218960,0.260420,0.237276,0.266812,0.191142,0.141139,0.237463,0.325317,0.193928,#
19,0.304460,0.244064,0.270197,0.292482,0.461619,0.367141,0.175494,0.270775,0.302188,0.358888,0.247187,0.093684,0.345101,0.291900,0.362563,0.268041,0.391183,0.314285,0.283740,1.000000,0.317843,0.242625,0.271479,0.296073,0.140418,0.313292,0.376491,0.259914,0.290179,0.345797,0.268660,0.323764,0.199367,0.275900,0.214907,0.283623,0.274938,0.153138,0.345501,0.233187,0.377183,0.198280,0.220642,0.193354,0.246452,0.299750,0.346968,0.321139,0.285909,0.261611,0.185514,0.301449,0.209986,0.315734,0.300728,0.315467,0.261742,0.151282,0.290116,0.166100,0.331806,0.444862,0.308061,0.291778,0.457514,0.230234,0.198262,0.287536,0.136722,0.248698,0.325742,0.265901,0.280123,0.283529,0.348482,0.326468,0.229852,0.327595,0.425520,0.217217,0.282419,0.250225,0.353558,0.223766,0.275865,0.265501,0.244932,0.388331,0.321011,0.110726,0.228276,0.308443,0.367542,0.218955,0.269213,0.327544,0.353992,0.282034,0.207706,0.223189,0.275286,0.251058,0.298131,0.314914,0.323772,0.337812,0.267471,0.327316,0.177061,0.113840,0.180094,0.227039,0.285790,0.364470,0.310969,0.160664,0.382306,0.260057,0.225111,0.094533,0.255425,0.349345,0.381125,0.322073,0.395682,0.183720,0.343325,0.247124,0.264274,0.341854,0.217846,0.176978,0.271313,0.248462,0.386307,0.274617,0.278505,0.317338,0.224169,0.192721,0.153874,0.255402,0.308355,0.219564,0.259961,0.286255,0.208655,0.189479,0.319473,0.257648,0.255815,0.391960,0.278058,0.318630,0.327928,0.342800,0.322124,0.206033,0.314515,0.341152,0.343210,0.272959,0.333091,0.244078,0.291917,0.276573,0.161474,0.264950,0.367389,0.212520,0.262492,0.359661,0.338265,0.282323,0.257713,0.256699,0.337722,0.420050,0.283131,0.200300,0.096627,0.388755,0.333189,0.323789,0.333314,0.227643,0.251439,0.275708,0.317476,0.261304,0.399812,0.314443,0.143703,0.286214,0.194459,0.376599,0.163954,0.250697,0.309406,0.274941,#
20,0.173895,0.071104,0.266072,0.211013,0.416497,0.172704,0.308659,0.226957,0.189946,0.261994,0.125900,0.163013,0.248164,0.303492,0.269125,0.176155,0.284562,0.344718,0.249140,0.317843,1.000000,0.276165,0.189883,0.208788,0.235735,0.296578,0.279132,0.160200,0.299582,0.271989,0.087817,0.140795,0.226130,0.265317,0.214664,0.316841,0.312669,0.098341,0.298245,0.223949,0.290448,0.332559,0.180151,0.146933,0.380929,0.253312,0.352154,0.156223,0.205816,0.211499,0.097014,0.264890,0.205835,0.268022,0.310785,0.263918,0.248622,0.275779,0.262207,0.091052,0.293221,0.302274,0.332979,0.127644,0.279048,0.219080,0.173372,0.190356,0.248715,0.298776,0.305641,0.276315,0.111498,0.222477,0.242653,0.042266,0.263021,0.337051,0.244743,0.187544,0.179582,0.299460,0.323683,0.170805,0.201918,0.246731,0.257691,0.211131,0.324830,0.214523,0.266388,0.267720,0.303019,0.272892,0.353212,0.186772,0.257274,0.314410,0.275952,0.093099,0.240561,0.171952,0.389108,0.259402,0.221130,0.176279,0.221739,0.262251,0.141410,0.313929,0.256671,0.319843,0.186078,0.194660,0.305986,0.228770,0.322691,0.243084,0.129987,0.318971,0.293409,0.270731,0.230552,0.218129,0.231580,0.216828,0.261764,0.161344,0.364375,0.280834,0.277226,0.194310,0.229111,0.314649,0.325948,0.169288,0.286611,0.152340,0.292518,0.223537,0.203018,0.266477,0.243197,0.229417,0.274187,0.226521,0.162955,0.203521,0.224632,0.377201,0.321965,0.213911,0.146798,0.337948,0.196934,0.304700,0.296968,0.158908,0.243455,0.372060,0.184578,0.302084,0.286599,0.290778,0.281266,0.085032,0.124137,0.249306,0.313856,0.181423,0.300367,0.226467,0.293462,0.075459,0.144602,0.243623,0.153387,0.257655,0.344018,0.186535,0.199668,0.264080,0.187737,0.180757,0.184174,0.017509,0.204860,0.342096,0.178626,0.314610,0.092897,0.224097,0.194015,0.323282,0.210468,0.165780,0.204176,0.212626,0.279028,0.253090,#
21,0.192176,0.290456,0.288607,0.249301,0.238838,0.116005,0.230053,0.276803,0.317501,0.192155,0.154378,0.267613,0.236436,0.246903,0.187424,0.219437,0.271968,0.218634,0.286856,0.242625,0.276165,1.000000,0.161506,0.199058,0.126847,0.176679,0.307290,0.256466,0.261833,0.240654,0.204764,0.267036,0.232950,0.254303,0.208514,0.281618,0.360297,0.285465,0.360170,0.217363,0.227987,0.283929,0.237894,0.218154,0.249521,0.232630,0.217261,0.290085,0.207277,0.133599,0.223632,0.279955,0.129065,0.149094,0.205002,0.226660,0.234577,0.200250,0.169552,0.089076,0.224208,0.155275,0.305632,0.188770,0.407454,0.296268,0.128997,0.266872,0.223041,0.263782,0.332057,0.317645,0.295091,0.368181,0.282423,0.196958,0.160165,0.209232,0.215699,0.260197,0.210227,0.187561,0.275060,0.040740,0.332027,0.133130,0.272382,0.244018,0.217602,0.287112,0.174387,0.144066,0.183528,0.222198,0.328473,0.247366,0.309317,0.192095,0.100937,0.224206,0.348939,0.290227,0.271522,0.177325,0.206395,0.287083,0.247813,0.114445,0.214787,0.258479,0.288650,0.255257,0.128013,0.298706,0.196552,0.306876,0.381715,0.171141,0.116622,0.276381,0.192813,0.332155,0.243854,0.271754,0.269928,0.142342,0.228717,0.229663,0.269230,0.191430,0.244497,0.270403,0.367736,0.244689,0.262498,0.162147,0.159072,0.176497,0.171189,0.289402,0.218967,0.247001,0.263829,0.195223,0.197292,0.323631,0.237038,0.202457,0.175516,0.250261,0.251693,0.204369,0.188123,0.266593,0.317586,0.326680,0.177401,0.104174,0.176367,0.255137,0.222694,0.311617,0.344731,0.264114,0.288814,0.136156,0.236182,0.265206,0.235528,0.341625,0.199150,0.208479,0.205424,0.136776,0.172006,0.346220,0.181637,0.304047,0.126076,0.186367,0.169508,0.318036,0.098525,0.249460,0.166876,0.187860,0.207631,0.190600,0.214775,0.283251,0.339989,0.167052,0.248852,0.285016,0.324028,0.237991,0.225528,0.274775,0.320741,0.209541,#
