0,1.000000,0.042166,0.153649,0.092315,0.156288,0.098712,0.128152,-0.010235,0.116158,0.119932,0.183043,0.016336,0.077310,0.095926,0.216379,0.201307,0.180578,0.221787,0.235926,0.259915,0.118946,0.119849,0.188796,0.325401,0.133162,0.038033,0.163194,-0.004867,0.125637,0.245571,0.012272,0.202845,0.117772,0.162637,0.225666,0.134369,0.060720,0.061300,0.239110,0.194411,0.158096,0.086028,0.216349,-0.006156,0.082941,0.070455,0.071236,0.196280,0.184928,0.258045,0.120354,0.111608,0.136058,0.186316,0.231486,0.204128,0.202475,0.183235,0.000502,0.031684,0.183871,0.165806,0.234669,0.050805,0.097508,0.087848,0.127548,0.126858,0.108914,0.111620,0.122934,0.079800,0.154357,0.203038,0.109014,-0.016770,0.254908,0.169392,0.112026,0.090250,0.099288,0.038899,0.079613,0.170613,0.267757,0.093549,0.190952,0.213629,0.204269,0.152087,0.057645,0.031417,0.177976,0.074124,0.188928,0.178741,0.243469,0.053068,0.126755,0.241533,0.200907,0.164839,0.108118,0.220215,0.133472,0.207690,0.184854,0.149802,0.222798,-0.042959,0.003237,0.162825,0.013457,0.191028,0.119870,0.102614,0.102786,0.074989,0.141822,0.105298,0.206719,0.188175,0.213692,0.170957,0.182739,0.220685,0.162441,-0.026874,0.121862,0.243475,0.196583,0.079813,0.119677,0.071541,0.144988,0.148529,0.173702,0.080860,0.015399,0.182673,0.218940,0.125241,0.082159,0.119733,0.093018,0.032519,0.150317,0.119686,0.117606,0.056551,0.001794,0.127931,0.194873,0.039663,0.123509,0.194275,0.160390,0.137010,0.174125,0.170292,0.209276,0.234736,0.069321,0.027970,0.125943,0.204977,0.105226,0.175272,0.208003,0.107403,0.116015,0.051638,0.183307,0.190565,-0.000049,0.203992,0.312494,0.203950,0.143418,0.041574,0.120120,0.193493,0.136720,0.089371,0.108226,0.028149,0.159707,0.290686,0.194848,0.001514,-0.003335,0.173694,0.066126,0.196360,0.255441,0.126892,0.013448,0.199764,0.204490,0.187718,#
1,0.042166,1.000000,0.066237,0.074902,0.056397,0.069852,0.158429,0.135725,0.283935,0.084337,0.239207,0.209234,0.118499,0.019196,0.031957,0.011514,0.132449,0.095518,-0.025658,0.127232,-0.004743,0.132680,0.088802,0.046184,0.106914,0.101217,0.044069,0.189779,-0.092169,0.110322,0.158120,0.095507,-0.029731,0.154005,-0.010284,0.098279,0.128370,-0.001009,0.244745,0.110209,0.010370,-0.000680,0.177363,0.051904,0.043246,0.069838,0.301631,0.123206,0.098814,0.038536,0.118329,0.131451,0.151342,0.167049,0.066835,0.106273,0.088517,-0.067694,-0.059162,0.020600,0.043616,0.092416,0.150927,-0.032325,0.047300,0.188238,0.062569,0.186803,0.162372,0.237416,0.141142,0.138533,0.257435,-0.012616,0.183012,0.102070,0.113517,0.059211,0.278527,0.033024,0.058051,0.152291,0.042962,0.106349,0.189722,-0.075130,0.167269,0.170522,0.157945,0.044755,0.090804,0.092023,-0.020088,0.087293,0.053606,0.150406,0.022714,0.028181,0.046855,0.060326,0.174422,0.000230,0.004734,0.081384,-0.010135,0.156289,0.194376,0.238659,0.130579,0.096474,0.099380,0.107400,-0.009325,0.128860,0.183613,0.295849,0.112698,0.036241,-0.000799,0.043515,-0.014705,0.131969,0.174361,0.114896,0.141546,0.091667,0.103927,0.092967,0.134656,0.153874,-0.013893,0.142096,0.081560,0.080919,0.201768,0.203160,0.105351,0.210376,0.156844,0.138863,0.150236,0.018594,0.117963,0.174651,0.160867,0.035807,0.042479,0.029784,0.121134,-0.036707,0.115556,0.106265,-0.005805,-0.099599,0.302948,0.161313,0.038138,0.074938,-0.080420,-0.062850,-0.017113,0.210565,0.125979,0.178168,0.115739,0.058208,0.062186,-0.024671,0.076790,0.136442,0.080747,0.155405,0.065708,0.090665,0.019891,0.185936,0.075276,0.170464,0.084951,-0.010620,0.086613,-0.016331,0.184566,0.001654,0.124249,0.119307,0.032922,-0.057806,0.178798,0.156190,0.179659,0.158956,-0.047305,0.060971,0.150392,-0.025065,-0.016412,0.242810,0.019713,0.243179,#
2,0.153649,0.066237,1.000000,0.116455,0.188546,0.088532,0.166767,0.154047,0.109355,0.121677,0.160194,0.161270,0.043800,0.287510,0.071067,0.177752,0.004912,0.050552,0.079019,0.156430,0.248205,0.196569,0.039538,0.157261,0.146360,0.216358,0.236925,0.113107,0.039750,0.215785,0.043555,-0.025222,0.117568,0.031974,0.085948,0.069381,0.113312,-0.013383,0.144437,0.059706,0.091020,0.100949,0.276888,0.032511,0.023136,0.128416,0.130806,0.104395,-0.005781,0.129839,0.180862,0.205921,0.103700,0.099729,0.072380,0.119217,0.123086,0.003755,0.134568,0.181630,0.315523,0.052290,0.058128,0.125531,0.183887,0.157262,0.085711,0.070177,0.197012,0.171845,0.138939,0.146214,0.021559,0.200399,0.232082,0.080216,0.093076,0.108459,0.102912,0.087913,0.174888,0.042069,0.103274,0.000079,0.220459,0.075844,0.107436,0.212258,0.035121,0.021678,0.053782,0.156069,0.218993,0.167855,0.071054,0.157821,0.220631,0.019504,0.162149,0.060604,0.210038,0.099105,-0.005278,0.174488,-0.000222,0.173070,0.197350,0.214210,0.164077,0.095343,0.118303,0.124478,0.197162,0.095568,0.112124,0.191395,0.114725,0.169933,-0.156668,0.049668,0.099861,0.000825,0.006264,0.175719,0.111531,-0.030478,0.239813,0.078818,0.146871,0.171875,0.069176,0.132031,0.167953,0.124222,0.249343,0.115727,0.175166,0.130451,0.129645,0.012302,0.048107,0.134920,0.046121,0.053351,0.250841,0.099704,-0.016394,0.062837,0.149763,0.027513,0.098622,0.206205,0.192861,0.120996,0.059164,0.073105,0.022510,-0.046994,0.117233,0.096186,0.025203,0.256049,0.119837,0.179367,0.069557,0.142180,0.063509,0.001237,-0.045988,0.117915,0.037486,0.250329,0.170424,0.053003,0.162621,0.128353,0.151487,0.104710,-0.026592,0.037721,0.139274,0.155834,0.021519,0.279806,0.020530,0.115297,0.090503,0.032893,0.137566,0.006600,0.010226,0.184239,0.259695,0.142067,0.124483,0.019550,-0.038375,0.126824,0.207780,0.234332,#
3,0.092315,0.074902,0.116455,1.000000,0.187025,0.134042,0.179819,0.077657,0.265582,0.136361,0.217601,0.184211,0.112820,0.058146,0.119640,0.075752,0.146109,0.158570,0.245839,0.185800,0.182396,0.148411,0.180495,0.269726,0.136451,0.209801,0.193945,0.142120,0.088910,0.278882,0.177003,0.193035,0.338234,0.184179,0.014226,0.143530,0.194495,0.187680,0.292395,0.145703,0.110513,0.249092,0.193784,0.256983,0.038813,0.200850,0.074869,0.170139,0.010766,0.093886,0.143994,0.154167,0.148670,0.032369,0.035990,0.272653,0.126501,0.109480,0.121517,0.141590,0.177287,0.005331,0.149804,0.079664,0.345789,0.110543,0.079023,0.020396,-0.040489,0.226382,0.103283,0.159568,0.233581,0.040731,0.153586,0.202331,0.125103,0.113825,0.138914,0.083324,0.234804,0.159455,0.149414,0.021233,0.227725,0.100496,0.112096,0.110034,0.118679,0.092360,0.209042,0.188224,0.101621,0.163604,0.106878,0.195131,0.153327,0.020858,0.176849,0.121599,0.210551,0.075006,0.076250,0.102641,0.322484,0.096827,0.183635,0.174634,0.111584,0.138004,0.132736,0.040599,0.127956,0.082671,0.073835,0.139522,0.134082,0.082787,0.042078,0.057759,0.132172,0.139492,0.148647,0.180981,0.064322,0.100117,0.212598,0.236011,0.087015,0.154062,0.227012,0.258472,0.187614,0.174585,0.163955,0.183208,-0.030165,0.080426,0.121870,0.107860,0.095953,0.256686,0.175818,0.141294,0.072455,0.131920,0.216592,0.318556,0.114494,0.125831,0.000967,0.034945,0.048257,0.117245,0.235871,0.065321,0.037892,0.035352,0.193875,0.185277,0.071658,0.197470,0.129041,0.194717,0.097011,0.124853,0.137327,0.063061,0.053686,0.098422,0.148029,0.016377,0.080622,0.045813,-0.002161,0.204220,0.163251,0.194032,0.023614,0.141103,0.030047,0.225271,0.214573,0.051971,0.032021,0.094838,0.130393,0.072138,0.048059,0.177186,0.118226,0.192032,0.233398,0.099520,0.202042,0.168353,0.156494,0.183079,0.133475,0.108590,#
4,0.156288,0.056397,0.188546,0.187025,1.000000,0.254512,0.023722,0.136154,0.238086,0.190310,0.043060,0.133092,0.171042,0.110148,0.090121,0.118444,0.101693,0.154672,0.196654,0.345212,0.335795,0.141751,0.172926,0.260017,0.044803,0.254844,0.114653,0.035632,0.135766,0.110080,0.070649,0.170380,0.222010,0.143251,0.090992,0.214382,0.324404,0.063016,0.180225,0.080489,0.105784,0.253394,0.144652,0.123512,0.206732,0.148641,0.286085,0.164844,0.131686,0.088288,0.067232,0.109008,0.157738,0.218021,0.226317,0.244579,0.146431,0.082489,0.165105,0.135148,0.169090,0.155307,0.132608,-0.022485,0.173469,0.071216,0.057789,0.137420,0.026153,0.158827,0.211392,0.168823,0.235995,0.181009,0.140952,0.037500,0.126133,0.248672,0.187934,0.168000,0.195935,0.193880,0.040060,0.003815,0.289930,0.077739,0.149137,0.134850,0.142303,0.074974,0.230129,0.077323,0.132969,0.083329,0.152095,0.220799,0.141653,0.135906,0.095547,0.164769,0.151391,0.069563,0.153751,0.171213,0.114724,0.170753,0.059528,0.208821,0.143097,0.248515,0.250214,0.178922,0.253708,0.302652,0.121543,0.046384,0.175479,0.040020,-0.023726,0.064498,0.034275,0.141101,0.165298,0.054031,0.218101,0.021676,0.227108,0.116369,0.256284,0.146892,0.201834,0.040096,0.199339,0.203747,0.232704,0.187256,0.093748,0.047790,0.162057,0.086171,0.163973,0.073433,0.189363,0.057807,0.199232,0.178644,0.170889,0.161832,0.118142,0.118042,0.035898,0.140972,0.173046,0.269198,0.229643,0.089265,0.287255,0.096839,0.033385,0.194557,0.130851,0.172337,0.084375,0.077377,-0.088780,0.184711,-0.038930,0.054673,0.045470,0.156203,0.024410,0.116138,0.300413,0.208982,0.151575,0.190252,0.255839,0.232787,0.136491,0.133686,-0.005542,0.040470,0.191257,0.069594,0.148362,0.161225,0.000466,0.212131,0.135993,0.249622,0.031483,0.098591,0.065456,0.112101,0.158584,0.213469,0.132743,0.145463,0.210345,0.334767,#
5,0.098712,0.069852,0.088532,0.134042,0.254512,1.000000,0.062352,0.171281,0.249648,0.175962,0.224999,0.091769,0.146824,0.044122,0.170416,0.163914,0.092614,0.150671,-0.059393,0.245945,0.128299,-0.000946,0.159633,0.177846,0.168818,0.146812,0.190571,0.153395,0.141780,0.175059,0.189890,0.218259,0.272139,0.186585,0.055439,0.144228,0.189029,0.069281,0.195015,0.094746,0.217097,0.128862,0.068162,0.203965,0.100266,0.196816,0.222010,0.075154,0.189179,0.072249,0.104626,0.181911,0.047171,0.131083,0.043099,0.294800,0.100960,-0.008426,0.249745,0.127946,0.120713,0.184178,0.148472,0.054385,0.240420,0.146879,0.093478,0.114521,0.171826,0.003425,0.143646,0.141942,0.243750,0.185424,0.063725,0.146523,0.189415,0.188141,0.140596,0.141536,0.219686,0.149913,0.162656,0.023854,0.107876,0.117066,0.143128,0.119199,0.157855,-0.029942,0.004417,0.163888,0.273366,0.249885,0.083435,0.174941,0.044994,0.172410,0.245781,0.091157,0.158953,0.158255,0.003206,0.159091,0.089451,0.157790,0.143023,0.239063,0.059736,0.140205,0.098152,0.190373,0.096305,0.107189,0.151540,0.092453,0.156217,0.053796,0.008301,0.066623,0.050917,0.196281,0.085107,0.196640,0.017156,0.028755,0.131850,0.041714,0.123764,0.127632,0.269821,0.145016,0.228838,0.188060,0.230185,0.256591,0.137294,0.117972,0.073187,-0.056671,0.164957,0.084210,0.168483,0.259778,0.213136,0.061283,0.080381,0.091305,0.052196,0.081681,0.191241,-0.016325,0.146085,0.177313,0.116078,0.138872,0.193202,0.079325,0.177829,0.069666,0.137354,0.139238,0.163313,0.117272,0.097806,0.124846,-0.034427,0.171790,0.186190,0.200780,0.240376,0.167547,0.110401,0.146478,0.024213,0.156771,0.197832,0.147061,0.197507,0.088002,0.210030,0.026464,0.333089,0.137455,0.083172,0.209880,0.156140,0.049701,0.002682,0.093485,-0.001558,0.175324,0.110162,0.119046,0.152304,0.044045,0.006339,0.214215,0.108034,0.288222,#
6,0.128152,0.158429,0.166767,0.179819,0.023722,0.062352,1.000000,0.029042,0.191245,0.030855,0.107816,0.085621,0.135928,0.184005,0.044705,0.039751,0.131449,0.087519,0.095705,0.045992,0.265323,0.119204,-0.066603,0.064298,0.033225,0.096194,0.061196,0.048968,0.067071,0.216166,0.075372,0.082205,0.069917,0.137528,0.033599,0.084938,0.019723,0.087780,0.105933,0.173868,-0.035196,0.074230,0.034916,0.028889,0.130804,0.139687,0.096682,-0.039027,0.132726,0.037945,0.036153,0.170369,0.183192,0.093020,0.047952,0.114237,0.067611,0.117189,0.167319,0.147110,0.167998,-0.061496,0.082379,0.111490,0.265767,0.199250,0.152401,0.089294,0.079931,0.074702,0.051423,0.157170,0.093618,0.182349,0.174330,0.159630,0.134359,0.063720,0.157607,0.060032,0.072879,0.074187,0.191463,-0.011905,0.037075,0.111920,0.070471,0.092823,0.023211,0.043758,0.041936,0.112917,-0.006418,0.015099,0.040340,0.048758,0.234488,0.059830,0.078418,0.202771,0.113490,0.141607,0.152632,0.005340,-0.118151,0.125471,0.054211,0.015067,0.102429,0.067809,0.064856,0.124845,-0.005322,-0.115217,0.121031,0.083125,0.308075,0.029023,0.089258,0.072222,0.193712,0.134753,-0.007297,0.158685,0.126856,0.164468,0.035705,0.136134,0.029418,0.135661,0.072146,0.097061,0.144824,-0.033687,0.181120,0.162471,0.006189,0.124226,0.200942,0.097322,0.098113,0.121180,-0.027260,0.111913,0.022424,0.053852,0.120771,0.081484,0.053749,-0.096098,0.151178,0.008917,0.071742,-0.077736,0.184454,0.015255,0.001069,0.178854,0.142548,-0.009755,-0.000840,0.191462,0.167806,0.167267,0.120256,0.149040,0.031522,0.041255,0.103060,0.070722,0.061194,0.038503,0.047930,0.041440,0.088814,0.116528,0.018444,0.176726,0.179203,-0.034833,0.064647,-0.019161,0.212644,0.195456,0.137131,0.105119,0.007008,0.086208,-0.045254,0.156334,-0.106118,0.123459,0.025251,0.211981,0.050113,-0.038771,0.041194,0.146256,0.105122,0.138452,#
7,-0.010235,0.135725,0.154047,0.077657,0.136154,0.171281,0.029042,1.000000,0.290343,0.188583,0.173660,0.235877,0.040609,0.131415,0.257498,0.089514,0.170233,0.216671,0.061492,0.145517,0.093957,0.164129,0.229193,0.150833,0.228693,0.168946,0.151928,0.247032,0.030726,0.173161,0.027539,0.048893,0.113350,0.119711,-0.016185,0.069281,0.056103,-0.040539,0.256843,0.126199,0.064094,0.080161,0.098477,0.184293,0.184748,0.186762,0.149870,0.143971,0.081363,0.062197,0.158804,0.076851,-0.000532,0.214668,0.117536,0.121111,0.115202,0.172544,0.114099,0.056774,0.164572,0.113477,0.095957,0.026095,0.215324,0.165063,0.098434,0.070496,0.158139,0.325831,0.139736,-0.012335,0.317276,0.134927,0.117705,0.080721,0.004605,0.153968,0.211287,0.251085,0.221594,0.147364,0.113147,0.063578,0.229913,0.024721,0.120907,0.095513,0.097774,0.158475,0.022704,0.078599,0.181136,0.166276,0.067254,-0.014954,0.020286,0.172902,0.079882,0.148604,0.181271,0.053996,0.015512,0.077662,-0.023332,0.241058,0.228104,0.112514,0.116181,0.122388,0.087064,0.039007,0.087767,0.093281,0.343997,0.142524,-0.028143,-0.059731,0.002284,0.262981,0.140075,0.145165,0.063202,0.243191,0.175594,0.067695,0.195856,0.178645,0.092357,0.073064,0.089100,0.063111,0.232082,0.048436,0.300136,0.252391,-0.053780,0.206118,0.048301,0.076919,0.229654,0.116125,0.125735,0.047491,0.138911,0.170965,0.187060,0.103331,0.138547,0.087224,0.060655,0.134585,0.121603,0.126214,0.032460,0.219741,0.143701,0.133878,0.127406,0.149703,0.131091,0.105686,0.227391,0.035942,-0.017399,0.241984,0.161935,0.035605,0.039434,0.032223,0.185794,0.217243,0.193122,0.082471,0.176349,0.101203,0.140916,0.102144,-0.035798,0.126913,0.210179,0.061957,0.115983,0.135850,-0.094977,0.187275,0.001821,-0.056637,0.113906,0.261710,0.178250,0.050156,0.102080,0.069265,0.136088,0.073402,0.016598,0.191216,0.156879,0.143422,#
8,0.116158,0.283935,0.109355,0.265582,0.238086,0.249648,0.191245,0.290343,1.000000,0.259778,0.198519,0.163526,0.148420,0.124085,0.283939,0.181463,0.043022,0.148864,0.095330,0.188480,0.148385,0.178563,0.178218,0.283587,0.032968,0.227604,0.134128,0.244914,0.035841,0.262343,0.034720,0.155777,0.156973,0.139092,0.073095,0.165196,0.239797,0.047481,0.215508,0.196477,0.131135,0.197691,0.151016,0.123650,0.215523,0.170851,0.115842,0.170466,0.126340,0.163949,0.174323,0.347766,0.063963,0.332729,0.104392,0.319818,0.166990,0.238291,0.065320,0.214066,0.232001,0.138135,0.275040,-0.071373,0.242604,0.333484,0.146559,0.141551,0.319154,0.212012,0.158500,0.105743,0.298238,0.130180,0.140166,0.165441,0.111414,0.161794,0.207470,0.206506,0.180203,0.284901,0.148319,0.064732,0.297758,0.170458,0.097201,0.109975,0.072110,0.244405,0.114620,0.223094,0.154584,0.098581,0.351218,0.249733,0.186329,0.131831,0.180132,0.075249,0.194973,0.118231,0.107923,0.231018,0.135532,0.176084,0.249016,0.267775,0.087668,0.201704,0.178446,0.162385,0.057761,0.182820,0.269032,0.280075,0.155832,0.096416,0.051634,0.208735,0.220954,0.141275,0.232425,0.181903,0.148168,0.236201,0.190014,0.245376,0.108448,0.254636,0.141526,0.014022,0.318126,0.205318,0.358507,0.247556,0.031695,0.211555,0.130400,0.102792,0.165360,0.200962,0.265482,0.132074,0.098445,0.103090,0.260826,0.207861,0.131663,0.074932,0.202583,0.040337,0.141832,0.204139,0.387355,0.280717,0.152016,0.250694,0.130766,0.194002,0.048830,0.163834,0.128302,0.145525,0.201129,0.155474,0.159968,0.029694,0.178505,0.178751,0.146354,0.244443,0.163459,0.152369,0.209070,0.202659,0.085664,0.231476,0.211018,0.119663,0.190692,0.133899,0.099009,0.199400,0.162380,0.200201,0.021125,0.040324,0.214123,0.260446,0.181876,0.158759,0.208951,0.113833,0.250780,0.075389,0.060757,0.148200,0.097401,0.174809,#
9,0.119932,0.084337,0.121677,0.136361,0.190310,0.175962,0.030855,0.188583,0.259778,1.000000,0.265898,0.068031,0.121669,0.164205,0.246133,0.198300,0.064269,0.067824,0.076083,0.327995,0.163579,0.100815,0.185524,0.229575,0.031989,0.086923,0.226921,0.180744,0.093732,0.159153,0.157945,0.107401,0.097380,0.225209,0.244186,0.142772,0.058655,0.180357,0.183046,0.003320,0.272006,0.119738,0.153188,0.014086,0.131157,0.125570,0.170139,0.093254,0.032236,0.087370,0.036978,0.189654,0.028828,0.158732,0.090550,0.253332,0.103087,0.199814,0.207417,0.091995,0.207274,0.080148,0.249120,0.050438,0.249680,0.251278,0.081273,0.092830,0.153378,0.070886,0.273924,0.169461,0.162210,0.130334,0.166540,0.129552,-0.004778,0.136357,0.263048,0.191257,0.063064,0.227207,0.001522,0.044066,0.289261,0.114544,0.111714,0.205445,-0.055565,-0.099474,0.042268,0.188837,0.201711,0.070049,0.153649,0.141275,0.193956,0.256447,0.251347,-0.016390,0.112662,0.171456,0.270468,0.096613,0.268757,0.192922,0.173430,0.044253,0.259972,0.118036,0.112765,0.178558,0.228034,0.245988,0.080586,0.184979,0.062204,0.081743,0.118096,0.011712,0.200328,0.258951,0.145136,0.223362,0.107438,0.127414,0.045523,0.136506,0.238517,0.267166,0.167001,0.026085,0.155645,0.260409,0.181737,0.171183,0.122562,0.175773,0.087505,-0.025006,0.013362,0.228854,0.185630,0.119187,0.049993,0.146002,0.197075,0.137195,0.052045,0.256274,0.083577,-0.069493,0.269304,0.225973,0.220614,0.204689,0.156270,0.175957,0.314814,0.098440,0.137650,0.128886,0.079004,0.279624,0.149607,0.121954,0.081313,0.081462,0.282692,0.140303,0.232299,0.292998,0.105289,0.172672,0.096658,0.230005,0.149632,0.125488,0.133048,0.117753,0.061807,0.065604,0.199792,0.176534,0.046447,0.206037,0.002812,0.085398,0.343047,0.102407,0.117305,0.165220,0.071929,0.150923,0.093952,0.100772,0.082709,0.105290,0.125982,0.187870,#
10,0.183043,0.239207,0.160194,0.217601,0.043060,0.224999,0.107816,0.173660,0.198519,0.265898,1.000000,0.108806,-0.089766,0.105455,0.118742,0.135650,0.102527,0.112361,0.076665,0.154592,0.057407,0.036433,-0.028752,0.187396,0.028985,0.000515,0.114687,0.281456,-0.014066,0.226509,0.174945,0.133995,0.173702,0.167205,0.152738,0.122706,0.053970,0.084720,0.259141,0.082417,0.223251,0.059257,0.020489,-0.010960,0.060752,0.173549,0.196669,0.163440,0.181895,0.247687,0.024324,0.140788,0.107325,0.147864,-0.022969,0.251380,0.103849,0.031878,0.039519,0.119562,0.073819,0.155972,0.209751,0.213143,0.321503,0.188291,0.122810,-0.009989,0.100983,0.126450,0.077112,0.209423,0.203799,0.125212,0.077099,0.139304,0.112493,0.103859,0.130542,0.126500,0.270674,0.117872,0.184430,0.103608,0.249596,0.001000,0.165274,0.211441,0.035212,0.126294,0.052176,0.188375,0.146837,0.146354,0.120067,0.254851,0.097072,0.041750,0.283412,0.162035,0.111055,0.090802,0.150047,0.076290,0.256742,0.002317,0.154032,0.243392,0.151033,0.083447,-0.008266,0.158197,0.036841,0.112045,0.259252,0.304770,0.105868,0.007393,0.104383,0.095857,0.130979,0.266658,0.002966,0.121042,-0.024103,0.131537,0.205576,0.209655,0.143867,0.098519,0.126094,0.057803,0.089513,0.090210,0.202669,0.141869,0.001301,0.246804,0.081914,-0.006716,0.259007,0.009450,0.151696,0.117149,0.030726,0.008378,0.043490,0.048323,0.086850,0.072811,0.123205,0.107138,0.221623,0.062580,0.189157,0.133489,0.222997,0.004278,0.234116,0.110843,0.173587,0.105099,0.253058,0.175917,0.113020,0.171106,0.181257,0.134532,0.235850,0.184356,0.185783,0.139961,0.027594,0.165437,0.087089,0.096564,0.171243,0.241207,0.022124,0.166715,0.071095,0.031616,0.261361,0.028870,0.120559,0.145733,0.006138,-0.056364,0.112382,0.201841,0.187436,0.115095,0.099336,0.057748,0.242087,0.038442,-0.042620,0.218556,0.207854,0.257620,#
11,0.016336,0.209234,0.161270,0.184211,0.133092,0.091769,0.085621,0.235877,0.163526,0.068031,0.108806,1.000000,0.125549,0.047882,-0.016263,0.068398,0.065993,0.245698,0.159476,-0.007306,0.085095,0.120157,0.002145,0.072136,0.174400,0.221264,-0.077283,0.253127,-0.112306,0.194406,0.180585,0.129771,0.138797,0.154484,0.140153,0.079389,0.203644,0.000740,0.119149,0.239007,0.038477,0.208732,0.215963,0.162242,0.048910,0.198231,0.226351,0.043412,0.165609,0.071705,0.133747,0.175373,0.135419,0.263357,0.016823,0.019782,0.091896,0.223572,0.130527,0.010181,0.002796,0.049811,0.246337,0.047007,0.154437,0.225104,0.181796,0.196984,0.145324,0.185613,0.102467,0.054948,0.171868,0.061681,0.045533,0.047839,0.060500,0.108454,0.149303,0.060880,0.167558,0.096229,0.135763,0.062720,0.196024,-0.038075,0.071354,0.155390,0.167707,-0.022756,0.056369,0.263547,0.259270,0.266970,0.132015,0.252460,-0.008561,0.076665,0.104156,0.152579,0.095203,0.102375,-0.027857,0.158737,0.084669,0.279981,0.187123,0.255685,0.212830,0.160431,0.180853,0.114846,0.157401,0.103269,-0.029414,0.272096,0.028302,0.163902,-0.041621,0.132972,0.019110,0.136000,0.191425,0.112964,0.089938,0.052075,0.128320,0.076375,0.217545,0.126366,0.060600,0.220869,0.219353,0.216747,0.129043,0.105939,-0.118959,0.226158,-0.021961,0.205189,0.180660,0.057126,0.137056,0.146518,0.215244,0.051188,0.130225,0.095672,0.050384,0.039002,0.054630,0.200687,0.119417,0.153648,0.193212,0.169056,0.104826,-0.034915,0.140264,0.082192,0.046382,0.218267,0.039752,0.002955,0.140856,0.045533,0.244121,0.067422,0.168977,0.145854,0.144479,0.115434,0.017748,0.000739,0.084243,0.162624,0.136856,0.154935,0.017892,0.159755,0.139819,0.057045,0.162051,0.026784,0.029841,0.144490,-0.009146,0.129811,0.125416,0.190144,0.150460,0.029654,0.218467,0.192397,0.252136,0.096141,0.090936,0.185411,0.058228,0.150160,#
12,0.077310,0.118499,0.043800,0.112820,0.171042,0.146824,0.135928,0.040609,0.148420,0.121669,-0.089766,0.125549,1.000000,0.038758,0.198798,0.066214,0.340132,0.171747,0.181940,0.271886,0.131877,0.101417,0.179569,0.193436,-0.000653,0.134686,0.113241,0.098213,0.115909,0.135482,-0.010768,0.185579,0.166614,0.149632,0.163685,0.239029,0.192844,-0.003423,0.138605,0.183603,0.040053,0.007776,0.134871,0.287379,0.186205,0.141776,0.209559,-0.089400,0.122293,0.047855,0.212397,0.118127,0.099254,0.171616,0.153606,0.117249,0.014327,0.143341,0.078911,-0.063849,0.023871,0.217078,0.008746,0.086399,0.247504,0.174721,0.104553,0.100192,0.118383,0.113476,0.124238,0.114235,0.157489,0.035381,0.252369,0.228781,0.174632,-0.010652,0.107228,0.026172,0.137477,0.161185,0.019962,0.056253,0.072322,0.149726,0.082029,0.177403,0.220248,-0.014804,0.043954,0.084857,-0.017388,0.072353,0.150536,0.210232,0.319165,0.180974,0.060405,0.020763,0.106405,0.145403,0.100649,0.168800,0.167557,0.090547,0.131105,0.024897,0.065169,0.103585,0.219477,0.016220,0.119020,0.111532,0.144932,0.059338,0.203275,0.033399,0.087975,0.004281,0.159489,0.153022,0.241795,0.206453,0.188093,0.003825,0.160195,-0.060221,0.018266,0.109356,0.107657,0.137020,0.093092,0.105150,0.083730,0.060394,0.140601,0.158811,0.191861,0.036425,0.155793,0.156963,0.151153,0.078203,0.084237,0.185550,0.082737,0.146838,0.049010,0.117063,0.016948,0.232050,0.125885,0.060896,0.076125,0.228421,0.094754,-0.027098,0.055375,0.100015,0.055091,0.296277,0.204491,0.198022,0.155889,0.051250,0.219144,0.068765,0.001567,0.046142,0.150469,0.175401,0.081549,0.133085,0.123319,0.091287,0.163807,0.227334,0.039690,0.084434,0.127003,0.108670,0.216793,0.097450,0.034091,0.164405,0.063698,0.256923,0.073866,-0.007387,0.071192,0.031151,0.050706,0.136235,0.088055,0.050754,0.083525,0.201744,0.139772,-0.004197,#
13,0.095926,0.019196,0.287510,0.058146,0.110148,0.044122,0.184005,0.131415,0.124085,0.164205,0.105455,0.047882,0.038758,1.000000,0.202261,0.060282,0.213028,0.085031,0.137762,0.182862,0.188418,0.146654,0.086702,0.216886,-0.011222,0.246294,0.177510,0.199438,0.128644,0.130052,0.109041,0.132515,0.233230,0.130135,0.134068,0.060059,0.046127,0.094663,0.083406,0.161412,0.000797,0.178923,0.186278,0.071781,0.111161,0.170830,0.129197,0.123344,0.170056,0.114563,0.102663,0.190928,0.131662,0.234017,0.123599,0.226665,0.027700,0.126464,0.047855,0.160196,0.160515,0.108313,0.188443,0.048890,0.197015,0.110782,0.244949,0.086547,0.288788,0.141377,0.043828,0.102006,0.019407,0.113022,0.264387,0.161913,0.149616,0.178070,0.251369,0.167507,0.102029,0.211446,0.146290,0.196697,0.186196,0.035887,0.088998,0.118797,0.201335,0.060663,0.088393,0.065971,0.156869,0.173743,0.057898,0.038696,0.205367,0.028144,0.133958,0.266746,0.180182,0.185241,0.059952,0.247440,0.024226,0.238933,0.128298,0.164736,0.215977,0.107312,0.090723,0.125514,0.272493,0.135464,0.267149,0.197776,0.211525,0.213540,0.035353,0.147051,0.170733,0.155451,0.078196,0.107064,0.157075,-0.050143,0.045199,-0.059608,0.172316,0.163355,0.041575,0.101346,0.074318,0.047757,0.308654,0.116752,0.008703,0.110081,0.242744,0.151687,-0.072331,0.119001,0.309250,0.150158,0.040987,0.196662,0.202330,0.181017,0.045875,0.107157,0.022230,0.105397,0.090206,0.196776,0.215976,0.267859,-0.057800,0.135068,0.230797,0.139603,0.052956,0.265910,0.090110,0.243561,0.102401,0.130894,0.063710,0.028744,0.132783,0.070333,0.146069,0.214701,0.172521,0.120941,0.166030,0.129412,0.115179,0.183409,0.214856,-0.044399,0.022233,0.160106,0.141104,0.134155,0.106150,0.166500,0.183117,0.123875,-0.038940,0.090631,0.120814,0.137353,0.184224,0.158403,0.148422,0.090622,0.049140,0.130662,0.172502,0.135768,#
14,0.216379,0.031957,0.071067,0.119640,0.090121,0.170416,0.044705,0.257498,0.283939,0.246133,0.118742,-0.016263,0.198798,0.202261,1.000000,0.292010,0.119946,0.063415,0.195247,0.258649,0.163465,0.079212,0.116255,0.261907,0.108929,0.005004,0.220379,0.188031,0.192040,0.171440,0.054951,0.196544,0.138605,0.074601,0.176293,0.097626,0.102290,0.167987,0.157300,0.237484,0.030249,0.035210,0.215397,0.077444,0.184126,0.238944,0.127959,0.050729,-0.013472,0.150835,0.178442,0.083473,0.173200,0.256726,0.216246,0.180436,0.187928,0.112822,0.077404,0.065865,0.246105,0.235823,0.137690,0.143964,0.134179,0.065834,0.132625,0.148692,0.116097,0.197736,0.131827,0.119039,0.192593,0.187284,0.213908,0.151774,0.274085,0.162991,0.114403,0.130173,0.243663,0.249762,0.135260,0.246221,0.198771,0.164657,0.058835,0.203993,0.124815,0.068451,0.073752,0.082323,0.177253,0.186194,0.164403,0.129825,0.280863,0.099373,0.145665,0.021162,0.170647,0.219966,0.183700,0.174952,0.149439,0.120568,0.211411,0.170015,0.002290,0.172787,0.048925,0.000757,0.162768,0.126229,0.175485,0.178621,0.184125,0.072610,0.152907,0.120802,0.329409,0.225789,0.097362,0.170449,0.214201,0.042028,0.128853,0.171778,0.065680,0.298761,0.119572,0.064934,0.136416,0.107138,0.178778,0.096922,-0.017240,0.171219,0.044653,0.040875,0.173938,0.186700,0.165043,0.122093,0.047608,0.286071,0.129983,0.148956,0.019271,0.081642,0.167421,0.061125,0.054986,0.142452,0.182596,0.212187,0.228176,0.127533,0.095283,0.147824,0.034698,0.132289,0.100780,0.135967,0.160315,0.116861,0.173817,0.055264,0.088535,0.262611,0.196176,0.229773,0.205352,0.163222,0.029926,0.175274,0.258410,0.241296,0.241257,0.038985,0.207551,0.243594,0.141241,0.092466,0.089168,0.135574,0.090924,-0.057610,0.041859,0.221286,-0.044254,0.098804,0.194943,0.234192,0.201314,0.003902,0.007313,0.105835,0.213810,0.090678,#
15,0.201307,0.011514,0.177752,0.075752,0.118444,0.163914,0.039751,0.089514,0.181463,0.198300,0.135650,0.068398,0.066214,0.060282,0.292010,1.000000,0.176680,0.223413,0.066356,0.181543,0.097404,0.049315,0.179226,0.258955,0.033403,0.191857,0.107808,0.125419,0.140116,0.266335,0.070645,0.183011,0.093731,0.166319,0.079751,0.081005,0.104186,0.065298,0.196386,0.078461,0.040104,0.119452,0.150459,0.107422,0.189559,0.153735,-0.013417,0.156856,0.021413,0.193938,-0.105487,0.286109,0.055415,0.134214,0.157511,0.108756,0.132330,0.014297,0.101398,0.142789,0.214893,0.051128,0.198366,0.052889,0.102503,0.218984,0.054675,0.106761,0.120145,-0.013232,0.206521,0.071645,0.045240,0.109282,0.108082,0.141112,0.032001,0.206571,0.039822,0.102357,0.258273,0.116364,-0.048088,0.235838,0.198964,0.114187,0.042877,0.245142,0.112763,0.053671,0.033572,0.055704,0.152484,0.143247,0.024487,0.098898,0.233125,0.041589,0.093819,0.054290,0.204185,0.076792,0.093361,0.143583,-0.016233,0.122566,0.228491,0.150077,0.008979,0.186525,-0.039553,0.190315,0.120242,0.033612,0.045388,0.186265,0.078201,0.008863,0.027985,0.018094,0.173955,0.145489,0.124075,0.163875,0.074499,0.024222,0.148699,0.153154,0.090881,0.242879,-0.025260,0.085691,0.070919,0.146869,0.148270,0.101458,-0.059344,-0.023789,0.013639,-0.036829,0.008463,0.144255,0.089459,0.042067,0.144156,-0.013114,0.079489,0.166825,0.178679,0.019841,0.130626,-0.087424,0.156600,0.244346,0.022325,0.263368,0.150819,0.106093,0.092529,0.151124,-0.007264,0.086899,0.285058,0.022986,0.118426,0.164588,0.163746,0.139892,0.153799,0.008926,-0.034569,0.145695,0.033873,0.071371,0.062715,0.174594,0.213421,0.098958,0.037673,0.105822,0.178906,0.065798,0.148425,0.276653,0.031595,0.094108,-0.080893,0.120658,-0.028998,0.080491,-0.095142,0.125805,0.168632,0.108147,0.073634,0.098623,0.119580,0.172829,0.097570,0.004382,#
16,0.180578,0.132449,0.004912,0.146109,0.101693,0.092614,0.131449,0.170233,0.043022,0.064269,0.102527,0.065993,0.340132,0.213028,0.119946,0.176680,1.000000,0.133624,0.084061,0.294330,0.265876,0.158100,0.089519,0.139543,-0.016050,0.216396,0.151286,-0.005901,0.038263,0.274315,0.040360,0.263834,0.109403,0.332018,0.139471,0.134242,0.172840,0.005144,0.207775,0.105307,0.001439,0.123518,0.144938,0.147623,0.137134,0.256376,0.074750,0.005460,0.124691,0.071031,0.066983,0.136794,0.233404,0.235291,0.171161,0.084563,-0.041880,0.098394,0.137683,-0.012203,0.046532,0.242093,0.203019,0.113319,0.212122,0.139083,0.051916,0.297421,0.127730,0.231194,0.015611,0.135374,0.276870,0.073331,0.128494,0.169968,0.085977,0.226175,0.145012,0.137861,0.101956,0.079989,0.011931,0.159681,0.156828,0.122862,0.216167,0.135520,0.190691,0.094145,0.088225,0.141197,0.107988,0.067953,0.106240,0.069652,0.166710,0.076184,0.149317,0.198256,0.047374,0.018765,-0.030793,0.151832,0.069729,0.159311,0.148444,0.035956,0.072668,0.197637,0.164054,0.120925,0.156710,0.053322,0.236785,0.253813,0.148405,0.019010,0.022306,0.194974,0.212654,0.229220,0.142755,0.224354,0.248285,0.051852,0.166428,-0.050982,0.076236,0.169756,0.099563,0.054377,0.219551,-0.077888,0.299909,0.237678,-0.061930,0.107402,0.087735,0.166287,0.034187,0.123978,0.088520,0.134938,0.178490,0.074476,0.083308,0.133427,0.206818,0.171706,-0.094175,0.188685,0.065155,0.064147,0.189544,0.209780,0.077835,0.069366,0.116873,0.202449,0.027425,0.292049,0.212576,0.156195,0.078050,0.144278,0.204473,0.105626,0.041378,-0.015342,0.086955,0.175238,0.093499,0.017239,0.084668,0.107426,0.061342,0.170551,0.184771,0.024216,0.042791,0.097232,0.183789,0.005764,0.048400,0.238892,0.134848,0.166921,0.063382,0.087917,0.191940,-0.046807,0.004461,0.081815,0.139912,0.194394,-0.011702,0.107431,0.018110,0.070819,#
17,0.221787,0.095518,0.050552,0.158570,0.154672,0.150671,0.087519,0.216671,0.148864,0.067824,0.112361,0.245698,0.171747,0.085031,0.063415,0.223413,0.133624,1.000000,0.072982,0.180955,0.248879,0.095504,0.115030,0.254440,0.120750,0.186216,0.090668,0.054297,-0.024444,0.169062,0.074561,0.078477,0.198242,0.116512,0.092422,0.222202,0.015536,0.117037,0.268022,0.065860,0.208514,0.184892,0.099015,0.148231,0.074453,0.198734,0.134346,0.126264,0.137679,0.115654,0.124696,0.153711,0.046830,0.124375,0.113601,0.178396,0.158223,0.094960,0.092029,0.000358,0.165868,0.101224,0.071259,0.025951,0.156990,0.260980,0.174445,0.201281,0.085799,0.156841,0.094052,0.154629,0.093972,0.040365,0.117088,0.217009,0.033590,0.139970,0.060270,0.171077,0.138585,0.115845,0.187656,0.066916,0.062948,-0.024826,0.197039,0.105573,0.149646,0.106888,0.032690,0.032745,0.160284,0.169672,0.017876,0.183042,0.155643,0.182051,0.042047,0.119715,0.162000,-0.102697,0.075650,0.187080,0.012851,0.153723,0.159451,0.156107,0.107137,0.058293,0.146194,0.176853,0.011854,0.260294,0.146053,0.120905,-0.005739,0.023260,-0.007095,0.087272,0.053174,0.210724,0.096212,0.177525,0.289062,0.133651,0.170401,0.025229,0.056315,0.114077,0.182614,0.154936,0.200184,0.053649,0.077119,0.241687,0.048763,0.159051,0.141111,0.196904,0.126368,0.203923,0.147110,0.152573,0.181575,0.126062,0.061143,0.115510,0.030460,-0.044229,0.126409,-0.064722,0.020939,0.149410,0.215145,0.303720,0.179118,0.038313,0.241993,0.154086,0.084081,0.184151,0.257672,0.142532,0.119210,0.208325,0.082593,0.145301,0.144482,0.021023,0.274272,0.043340,0.049106,0.056859,0.126000,0.005887,0.189613,0.115009,-0.043457,0.292188,0.057940,0.213331,0.216844,0.148895,0.027181,0.101538,0.105346,0.171277,0.081829,0.101871,0.071978,0.165444,0.160900,0.126270,0.272045,0.191100,0.014863,0.200723,0.024528,0.131205,#
18,0.235926,-0.025658,0.079019,0.245839,0.196654,-0.059393,0.095705,0.061492,0.095330,0.076083,0.076665,0.159476,0.181940,0.137762,0.195247,0.066356,0.084061,0.072982,1.000000,0.183692,0.172538,0.150834,0.082244,0.266582,0.164166,0.099570,0.047203,0.223065,0.066052,0.101256,-0.000929,-0.009696,0.165290,0.119354,0.216609,0.242842,0.174277,0.089122,0.108251,0.262265,0.089647,0.075215,0.090890,0.112872,0.182668,0.055703,0.117961,0.034244,-0.071152,0.150867,0.108191,0.005520,0.207243,0.143328,0.088911,0.168526,0.104164,0.122024,0.025936,0.060246,0.114939,0.030490,0.194530,0.037351,0.174401,0.115357,0.173439,0.166119,-0.068298,0.020574,0.084833,0.025903,0.083101,0.019566,0.105911,0.098519,0.117229,0.132478,0.159389,0.121882,0.133148,0.004072,0.138584,0.181248,0.121444,-0.023068,0.161201,0.050681,0.096825,0.036501,0.227830,0.028824,0.043020,0.116518,0.145159,0.180921,0.271889,0.093892,0.101201,0.228512,0.097386,0.178923,0.150047,0.137252,0.241631,0.189135,0.066641,0.050257,0.133339,0.100319,0.206452,0.166135,0.221509,0.105264,0.024379,0.049782,0.035980,-0.132134,0.029561,0.130522,0.124618,0.172737,0.150476,-0.046830,0.129297,-0.022182,0.131784,0.111834,0.241872,0.087425,0.086223,0.212914,0.038626,0.148773,0.147392,0.006058,0.025412,0.187061,0.029129,0.098840,0.075144,0.105809,0.162438,0.144809,0.101666,0.229697,0.111012,0.046092,0.028059,0.062774,-0.016820,0.175991,0.082308,0.079289,0.096623,0.202033,0.164655,0.144715,0.007203,0.284625,0.132723,0.105243,0.171280,0.120306,0.099487,0.243244,0.157175,0.052254,0.039914,0.152779,0.002250,0.160124,0.219137,0.088311,-0.035722,0.183227,0.192680,0.193325,0.152511,0.048535,0.068997,0.081983,0.151735,0.048308,0.097690,0.040217,0.270632,0.066559,0.051411,0.078907,0.114143,0.163957,0.137672,0.135217,0.178904,0.048378,0.006596,0.203336,0.225161,0.027642,#
19,0.259915,0.127232,0.156430,0.185800,0.345212,0.245945,0.045992,0.145517,0.188480,0.327995,0.154592,-0.007306,0.271886,0.182862,0.258649,0.181543,0.294330,0.180955,0.183692,1.000000,0.173955,0.128433,0.203408,0.224763,0.045680,0.231084,0.297455,0.080840,0.126601,0.269603,0.117257,0.211015,0.161076,0.168356,0.142232,0.226011,0.124077,0.002062,0.302825,0.196633,0.158642,0.143999,0.053254,0.076405,0.143365,0.242065,0.280768,0.256591,0.132707,0.170054,0.107996,0.168549,0.088101,0.297442,0.175269,0.252617,0.209850,0.102586,0.157912,0.115640,0.232384,0.274786,0.239065,0.206149,0.307291,0.148255,0.096453,0.260480,0.069643,0.158602,0.230458,0.151423,0.221832,0.113174,0.261179,0.346156,0.149429,0.277699,0.368341,0.159351,0.226493,0.162792,0.171072,0.150322,0.264730,0.104530,0.121923,0.267638,0.197060,-0.037406,0.086632,0.143678,0.251982,0.089300,0.099157,0.200904,0.254557,0.197798,0.035187,0.144697,0.192637,0.188582,0.224901,0.220138,0.223630,0.325714,0.171344,0.316615,0.127727,0.042691,0.102621,0.173271,0.203311,0.249811,0.196887,0.143148,0.251770,0.202496,0.140947,-0.051962,0.233072,0.350119,0.259723,0.245890,0.356489,0.096263,0.327788,0.170452,0.131374,0.283704,0.103059,0.052579,0.218373,0.144972,0.255335,0.190762,0.142135,0.264089,0.123546,0.088528,0.055407,0.234037,0.224652,0.109841,0.176760,0.183632,0.125911,0.160985,0.191735,0.095688,0.149309,0.243758,0.142308,0.212221,0.226473,0.228700,0.183421,0.125265,0.227166,0.204855,0.282336,0.242363,0.220574,0.171786,0.242778,0.221113,0.070706,0.129369,0.219592,0.103877,0.165163,0.263583,0.295300,0.219412,0.136675,0.158925,0.272461,0.282451,0.133090,0.108478,0.030323,0.265998,0.274434,0.250577,0.253508,0.183186,0.134055,0.161652,0.199796,0.173951,0.291060,0.215874,0.000089,0.214234,0.176905,0.249282,0.051220,0.169100,0.255007,0.271054,#
20,0.118946,-0.004743,0.248205,0.182396,0.335795,0.128299,0.265323,0.093957,0.148385,0.163579,0.057407,0.085095,0.131877,0.188418,0.163465,0.097404,0.265876,0.248879,0.172538,0.173955,1.000000,0.162752,0.075677,0.211764,0.135600,0.279357,0.144087,0.041801,0.065238,0.176862,0.039777,0.061209,0.183496,0.230755,0.138152,0.215667,0.251064,0.098880,0.235153,0.199387,0.130884,0.285105,0.022864,0.011550,0.224249,0.197422,0.298813,0.003650,0.047565,0.114235,-0.007601,0.187106,0.117441,0.280517,0.213873,0.125502,0.163661,0.207639,0.170501,0.060461,0.192987,0.109564,0.238326,0.069118,0.200487,0.126796,0.143536,0.137990,0.242572,0.224359,0.251680,0.183988,0.194963,0.137960,0.113832,0.046857,0.106320,0.259728,0.166622,0.107653,0.174068,0.217828,0.206945,0.036249,0.164240,0.124799,0.150459,0.117648,0.181429,0.083919,0.161365,0.205735,0.179433,0.202137,0.258540,0.086159,0.194795,0.267145,0.181627,0.033876,0.162695,0.055058,0.202233,0.125478,0.118680,0.143911,0.125084,0.141258,0.059625,0.261458,0.230308,0.235907,0.109229,0.132334,0.159935,0.225264,0.261052,0.103835,-0.024931,0.176653,0.169501,0.227269,0.080489,0.163051,0.181384,0.119410,0.272026,0.122818,0.273694,0.205456,0.218156,0.116522,0.207080,0.109535,0.235057,0.140917,0.139586,0.108344,0.163068,0.102832,0.147365,0.197000,0.111144,0.175952,0.186709,0.131340,0.037068,0.131595,0.146437,0.201919,0.202175,0.126971,0.062616,0.203958,0.160492,0.150026,0.111913,0.010892,0.151469,0.315521,0.096675,0.253110,0.209991,0.159203,0.203309,0.061689,-0.003212,0.173425,0.123107,0.030249,0.222593,0.118861,0.131315,0.051165,0.056882,0.146184,0.049336,0.138406,0.289110,0.155978,0.112318,0.116493,0.115895,0.181202,0.097877,0.003988,0.134556,0.163452,0.113127,0.274356,-0.031160,0.129328,0.146665,0.219039,0.184968,0.069029,0.025668,0.178412,0.185971,0.218414,#
21,0.119849,0.132680,0.196569,0.148411,0.141751,-0.000946,0.119204,0.164129,0.178563,0.100815,0.036433,0.120157,0.101417,0.146654,0.079212,0.049315,0.158100,0.095504,0.150834,0.128433,0.162752,1.000000,0.079036,0.103595,0.078081,0.059144,0.159527,0.088086,0.157189,0.099174,0.094616,0.115059,0.148689,0.198407,0.044258,0.251012,0.255615,0.221897,0.288866,0.121338,-0.019641,0.165603,0.064223,0.102429,0.100978,0.130684,0.149824,0.214841,-0.010209,0.028619,0.134900,0.050809,-0.038196,0.079717,0.152830,0.069717,0.061751,0.088699,0.021871,0.026695,0.118129,0.015217,0.173015,0.074628,0.261088,0.188239,0.011690,0.153068,0.227911,0.178533,0.258718,0.108039,0.281426,0.240395,0.109883,0.126549,-0.013509,0.109038,0.001357,0.158508,0.178520,0.085545,0.058906,-0.084330,0.182309,-0.023055,0.163660,0.025581,0.120101,0.181716,0.042513,-0.047885,0.008904,0.068307,0.144070,0.091802,0.232923,0.119749,-0.017289,0.131079,0.247362,0.231154,0.094073,0.077300,0.095710,0.224814,0.125769,0.053302,0.132608,0.143299,0.174171,0.134585,0.036739,0.175937,0.124005,0.214178,0.241884,0.047745,0.036219,0.116925,0.107812,0.207036,0.080504,0.217770,0.165519,-0.000694,0.161446,0.162276,0.074087,0.066295,0.141072,0.114836,0.298513,0.092246,0.104556,0.068321,0.045360,0.007716,0.054137,0.237519,0.075802,0.216658,0.165228,0.129919,0.164757,0.230700,0.132448,0.101549,0.128493,0.004282,0.136480,-0.013385,0.053402,0.065136,0.215096,0.185939,-0.020809,0.035731,0.053649,0.100316,0.095542,0.299831,0.185205,0.147763,0.181359,0.043298,0.075160,0.127544,0.000408,0.186856,0.066554,0.075978,0.129835,0.085585,0.041855,0.211054,0.111103,0.163332,0.077050,0.086820,0.022735,0.159655,-0.013497,0.127446,0.026829,0.128846,0.125065,0.149457,0.131487,0.139483,0.218029,0.039286,0.207436,0.190448,0.271737,0.146419,0.134788,0.168399,0.163107,0.108581,#
