0,1.000000,0.403125,0.430848,0.308805,0.354045,0.355949,0.400097,0.280681,0.354275,0.330223,0.426930,0.415755,0.343917,0.297130,0.429273,0.373818,0.390443,0.461935,0.411317,0.318332,0.434611,0.495978,0.360518,0.423092,0.380636,0.269893,0.385219,0.438629,0.425555,0.373111,0.337792,0.298959,0.389518,0.287866,0.259628,0.348872,0.441762,0.386236,0.359498,0.468832,0.278111,0.420775,0.330097,0.381163,0.335820,0.328774,0.423502,0.375071,0.465588,0.369849,0.486399,0.324215,0.352589,0.331766,0.417711,0.326981,0.370898,0.393983,0.265582,0.317219,0.358092,0.280512,0.381776,0.396227,0.416694,0.227741,0.381554,0.379909,0.342250,0.390515,0.483256,0.405503,0.444508,0.395841,0.345196,0.343053,0.320385,0.426952,0.392993,0.270799,0.447537,0.326069,0.397303,0.425123,0.382296,0.419189,0.395306,0.322953,0.451947,0.364880,0.386289,0.295800,0.330890,0.355418,0.399255,0.398178,0.409992,0.338970,0.410158,0.355198,0.370526,0.419338,0.344255,0.438315,0.274154,0.375657,0.403822,0.393883,0.346745,0.319730,0.300867,0.384857,0.357571,0.408198,0.276413,0.390799,0.419297,0.268389,0.421742,0.377157,0.442911,0.329815,0.251405,0.309075,0.332943,0.472166,0.298909,0.322552,0.332055,0.418576,0.392376,0.453633,0.386011,0.336091,0.394758,0.289680,0.396794,0.367744,0.368497,0.480557,0.364332,0.386645,0.398335,0.303347,0.389566,0.368592,0.322922,0.294066,0.378483,0.328679,0.433929,0.339949,0.359736,0.328823,0.344048,0.242715,0.258920,0.282215,0.409995,0.416003,0.398390,0.378055,0.280094,0.371170,0.410723,0.254523,0.250113,0.330550,0.362556,0.351299,0.502075,0.178895,0.402155,0.440446,0.370363,0.319156,0.388454,0.303556,0.407834,0.338460,0.345876,0.484784,0.286923,0.250948,0.322323,0.414536,0.399465,0.483676,0.386073,0.235310,0.347508,0.391537,0.295946,0.246447,0.404647,0.318717,0.329699,0.315016,0.391628,0.407487,#
1,0.403125,1.000000,0.308010,0.300030,0.389872,0.371995,0.421037,0.376768,0.266698,0.279559,0.463253,0.420039,0.339818,0.397988,0.355841,0.356589,0.320104,0.330749,0.458621,0.311711,0.331849,0.470777,0.307726,0.373066,0.450119,0.376705,0.389828,0.450612,0.378615,0.251456,0.411082,0.351700,0.429216,0.334667,0.332906,0.279889,0.366417,0.379988,0.373284,0.383013,0.351862,0.374871,0.440296,0.320512,0.316406,0.328179,0.459757,0.417251,0.369484,0.317559,0.449084,0.297959,0.434041,0.362427,0.374763,0.319038,0.360675,0.356955,0.405195,0.453673,0.321717,0.312926,0.344203,0.447172,0.352868,0.324328,0.305966,0.404208,0.394904,0.348757,0.383696,0.276237,0.409812,0.290231,0.382504,0.297394,0.443729,0.354831,0.407600,0.367188,0.363760,0.434516,0.462989,0.487028,0.309227,0.303231,0.328610,0.319013,0.422701,0.423470,0.356562,0.416099,0.348726,0.362395,0.261291,0.357508,0.316190,0.245375,0.382167,0.332013,0.266008,0.274136,0.375410,0.371066,0.219795,0.316444,0.364926,0.437909,0.302156,0.365061,0.425278,0.397807,0.402132,0.415820,0.398982,0.381740,0.401892,0.275420,0.429902,0.385157,0.303572,0.361167,0.327453,0.389011,0.367594,0.413701,0.399345,0.373674,0.262490,0.353878,0.384032,0.393088,0.270130,0.368502,0.476115,0.383538,0.285778,0.357112,0.384796,0.389941,0.410570,0.307873,0.218150,0.269820,0.402982,0.356321,0.391804,0.240049,0.372801,0.291101,0.335393,0.445436,0.403777,0.224581,0.282314,0.368022,0.326985,0.339521,0.367038,0.277429,0.255905,0.391595,0.335882,0.362975,0.353050,0.413075,0.217113,0.417854,0.301529,0.414961,0.445632,0.293612,0.290179,0.372927,0.454679,0.328285,0.310536,0.380245,0.434396,0.363892,0.371481,0.343209,0.375070,0.303355,0.461225,0.418418,0.290849,0.461429,0.272324,0.286393,0.483863,0.378915,0.249383,0.324951,0.407429,0.394526,0.235257,0.396242,0.325345,0.343557,#
2,0.430848,0.308010,1.000000,0.374853,0.315494,0.345133,0.358957,0.315073,0.206477,0.198794,0.250716,0.345303,0.324482,0.338963,0.360449,0.405355,0.365485,0.342594,0.411496,0.352613,0.383372,0.449152,0.432059,0.390097,0.449879,0.356359,0.371638,0.282751,0.314767,0.328931,0.409146,0.330265,0.371396,0.305681,0.305033,0.316815,0.371368,0.364805,0.333104,0.391033,0.426719,0.384373,0.364822,0.292581,0.250810,0.409856,0.367859,0.428308,0.310136,0.321460,0.410352,0.390619,0.407106,0.290451,0.302856,0.407824,0.275575,0.383773,0.292191,0.374740,0.174743,0.346530,0.346839,0.460411,0.425743,0.370050,0.351825,0.314140,0.360502,0.458989,0.321109,0.234771,0.314315,0.352134,0.340904,0.408586,0.322541,0.407021,0.328713,0.344896,0.456932,0.292600,0.329369,0.382119,0.258485,0.437060,0.411783,0.369900,0.288302,0.369954,0.310933,0.287453,0.369403,0.301375,0.305076,0.323162,0.382426,0.274351,0.371392,0.302197,0.354264,0.386286,0.351536,0.369961,0.397195,0.312475,0.375593,0.354867,0.282336,0.399274,0.358058,0.348677,0.365312,0.304797,0.272330,0.337325,0.311815,0.376037,0.231853,0.287647,0.336886,0.301319,0.261002,0.239624,0.326062,0.307498,0.354774,0.294571,0.288979,0.302193,0.270015,0.459745,0.320191,0.270193,0.350605,0.373845,0.352765,0.365416,0.273191,0.256147,0.243152,0.287960,0.389871,0.267309,0.477719,0.349414,0.300406,0.292857,0.464468,0.336078,0.367362,0.417674,0.326356,0.322804,0.231888,0.229887,0.243666,0.295009,0.361623,0.300067,0.420149,0.434228,0.356239,0.356106,0.362703,0.227179,0.303307,0.384995,0.273261,0.365823,0.405601,0.347255,0.284247,0.354601,0.474134,0.359651,0.459716,0.342193,0.392650,0.365561,0.389691,0.316934,0.239206,0.220363,0.315856,0.394219,0.398317,0.357893,0.323914,0.261443,0.317442,0.346961,0.401464,0.273042,0.366850,0.291938,0.325782,0.255253,0.454253,0.377694,#
3,0.308805,0.300030,0.374853,1.000000,0.275511,0.266971,0.333906,0.331886,0.273570,0.165693,0.246245,0.354265,0.272529,0.266550,0.181574,0.225409,0.258055,0.352308,0.294590,0.286035,0.310160,0.335973,0.343034,0.392284,0.354508,0.316303,0.277626,0.279551,0.323071,0.249936,0.344930,0.371523,0.316198,0.402928,0.145537,0.258699,0.393730,0.417000,0.351240,0.268459,0.336726,0.349074,0.357250,0.281607,0.289042,0.404533,0.406081,0.369362,0.253616,0.342204,0.433161,0.290205,0.296734,0.291261,0.228444,0.378101,0.290416,0.358682,0.270703,0.317553,0.230170,0.224119,0.332280,0.421235,0.343460,0.312903,0.270300,0.390148,0.226593,0.321444,0.399231,0.233916,0.244569,0.311781,0.344807,0.319093,0.265510,0.383548,0.319236,0.354286,0.343064,0.318332,0.323947,0.354450,0.288398,0.294925,0.373828,0.256413,0.329341,0.403863,0.340547,0.273642,0.288163,0.428728,0.194190,0.321573,0.323823,0.238066,0.352482,0.255730,0.289011,0.329855,0.334368,0.279304,0.338904,0.268748,0.309110,0.356525,0.258845,0.255330,0.353844,0.303175,0.293414,0.318408,0.223420,0.263396,0.350175,0.235662,0.297939,0.290190,0.351307,0.302008,0.320963,0.320741,0.297854,0.303638,0.297155,0.209802,0.259854,0.391388,0.273199,0.350815,0.368484,0.425472,0.316022,0.329543,0.251702,0.231393,0.353343,0.366558,0.323803,0.254054,0.355023,0.254574,0.393051,0.192875,0.294690,0.312216,0.353650,0.299019,0.289467,0.247290,0.218664,0.272602,0.192569,0.191140,0.334176,0.269366,0.187643,0.353709,0.391373,0.313812,0.356176,0.452788,0.346633,0.335489,0.232836,0.271749,0.242451,0.398022,0.372101,0.207104,0.275832,0.312670,0.333960,0.263571,0.241836,0.267154,0.319401,0.313887,0.377544,0.403457,0.354289,0.298464,0.290256,0.272540,0.238819,0.420940,0.183164,0.196714,0.334980,0.331301,0.349294,0.322158,0.234214,0.329451,0.325725,0.298315,0.344207,0.291120,#
4,0.354045,0.389872,0.315494,0.275511,1.000000,0.253847,0.420755,0.237687,0.332374,0.275231,0.388108,0.266474,0.357522,0.315139,0.257389,0.335061,0.263623,0.331397,0.404750,0.425929,0.323274,0.399187,0.310992,0.371637,0.384924,0.417055,0.334612,0.355132,0.343856,0.219593,0.368606,0.358468,0.451647,0.278870,0.323401,0.270509,0.254259,0.439202,0.313372,0.340024,0.367686,0.390731,0.334745,0.367371,0.368173,0.283801,0.384950,0.423124,0.357383,0.373829,0.405064,0.204314,0.354502,0.375479,0.343718,0.355841,0.250939,0.311464,0.293322,0.394403,0.347715,0.287488,0.267056,0.315433,0.321909,0.271463,0.372990,0.326271,0.329293,0.333636,0.326447,0.348583,0.323384,0.280162,0.298120,0.210297,0.245904,0.360882,0.251926,0.238162,0.471615,0.385200,0.286644,0.376739,0.349841,0.348462,0.292245,0.313518,0.387079,0.398452,0.331041,0.346958,0.247980,0.349460,0.192686,0.370789,0.309322,0.425043,0.439674,0.299424,0.332714,0.236961,0.320822,0.408388,0.391810,0.292027,0.327233,0.380446,0.285484,0.431255,0.414787,0.230946,0.389837,0.464499,0.263124,0.222213,0.324265,0.158378,0.378830,0.343147,0.331133,0.345703,0.324717,0.278195,0.372121,0.344170,0.320891,0.299515,0.152483,0.208768,0.283368,0.393094,0.346444,0.277793,0.424106,0.326858,0.297631,0.242380,0.243677,0.310977,0.345636,0.195510,0.294547,0.298813,0.311668,0.331272,0.356749,0.242151,0.351098,0.334270,0.347991,0.362129,0.340207,0.375584,0.237982,0.285421,0.394554,0.341388,0.261104,0.324622,0.285672,0.332573,0.285952,0.352212,0.285683,0.386856,0.302665,0.259303,0.337513,0.368039,0.428235,0.244148,0.261981,0.198900,0.408057,0.164363,0.350373,0.224661,0.257785,0.255700,0.250739,0.311753,0.263309,0.255633,0.316170,0.296698,0.323308,0.462861,0.329907,0.266179,0.323394,0.301672,0.357731,0.286488,0.311208,0.367350,0.334722,0.419088,0.321169,0.326732,#
5,0.355949,0.371995,0.345133,0.266971,0.253847,1.000000,0.297138,0.305963,0.281156,0.319731,0.271385,0.317612,0.305498,0.216462,0.315007,0.340934,0.315633,0.354051,0.361169,0.208065,0.348141,0.380330,0.344203,0.448989,0.309861,0.279335,0.334457,0.362755,0.384217,0.294417,0.248633,0.398877,0.338547,0.247669,0.285747,0.215963,0.450837,0.330184,0.343224,0.381427,0.321399,0.350259,0.216935,0.333192,0.212536,0.359692,0.338226,0.248743,0.372506,0.373830,0.366458,0.261338,0.346226,0.253516,0.316007,0.357921,0.187341,0.417788,0.335700,0.320891,0.334322,0.332458,0.335606,0.330305,0.340450,0.274796,0.346299,0.343034,0.224860,0.301056,0.429277,0.245607,0.356306,0.442565,0.302143,0.293000,0.326326,0.344755,0.381288,0.305313,0.372324,0.293837,0.396113,0.203027,0.201205,0.379005,0.253621,0.307270,0.292046,0.306052,0.263401,0.310669,0.235162,0.291494,0.199406,0.309997,0.323976,0.172526,0.296142,0.188857,0.339770,0.345902,0.355947,0.342122,0.266295,0.249876,0.249861,0.341585,0.245381,0.302287,0.374216,0.260356,0.358018,0.321083,0.314380,0.246128,0.380015,0.299001,0.319591,0.353660,0.229812,0.262480,0.219529,0.280176,0.329802,0.278168,0.202844,0.219988,0.356738,0.392346,0.275525,0.410719,0.217533,0.278726,0.388906,0.332717,0.224998,0.237564,0.310235,0.299576,0.382161,0.341188,0.265956,0.323928,0.303623,0.279605,0.275660,0.290078,0.308078,0.259054,0.330731,0.252540,0.272716,0.335856,0.198538,0.274396,0.314195,0.275520,0.406683,0.197690,0.352572,0.274376,0.309517,0.234272,0.301658,0.200812,0.210051,0.332282,0.382630,0.393971,0.246690,0.248561,0.354590,0.275664,0.297804,0.281801,0.269888,0.290398,0.393959,0.256768,0.364988,0.384592,0.404818,0.179938,0.355005,0.385670,0.318229,0.320365,0.193893,0.308293,0.381267,0.287588,0.245105,0.312505,0.333734,0.279481,0.311254,0.376714,0.278895,0.390156,#
6,0.400097,0.421037,0.358957,0.333906,0.420755,0.297138,1.000000,0.366589,0.288202,0.303686,0.411173,0.371103,0.335133,0.426869,0.261568,0.348960,0.394874,0.366297,0.420147,0.426675,0.397893,0.386421,0.362383,0.386092,0.392477,0.312747,0.322096,0.377698,0.397025,0.344809,0.347385,0.363911,0.420341,0.327388,0.252364,0.270682,0.328564,0.391040,0.344351,0.394586,0.411525,0.405512,0.358989,0.431052,0.358234,0.303843,0.453387,0.489896,0.364752,0.415052,0.378623,0.422436,0.390041,0.374289,0.317929,0.400868,0.355593,0.442567,0.364496,0.418228,0.250982,0.352437,0.301502,0.433363,0.306770,0.432164,0.383834,0.357354,0.347202,0.363378,0.384934,0.360045,0.375389,0.369957,0.364929,0.355319,0.378681,0.379124,0.376814,0.356333,0.425759,0.464378,0.464739,0.388864,0.382474,0.440488,0.350481,0.414684,0.458175,0.404697,0.418155,0.326029,0.310091,0.469742,0.289319,0.452983,0.345079,0.345056,0.433717,0.317239,0.383696,0.395480,0.265901,0.372869,0.252730,0.479866,0.380707,0.376167,0.337344,0.395225,0.373878,0.330802,0.418902,0.395181,0.322249,0.324901,0.389329,0.290122,0.429636,0.383061,0.302080,0.449361,0.236949,0.327078,0.361380,0.379571,0.291487,0.454537,0.225566,0.385680,0.377418,0.377309,0.430619,0.250943,0.524232,0.402065,0.288165,0.488439,0.371824,0.348522,0.325914,0.203673,0.302512,0.473106,0.293574,0.376877,0.322053,0.276746,0.322598,0.282906,0.447390,0.377199,0.366880,0.375712,0.326527,0.249844,0.325340,0.294414,0.338027,0.268416,0.352105,0.380385,0.364819,0.412446,0.387163,0.356268,0.232454,0.329993,0.433836,0.498147,0.374525,0.328966,0.331178,0.310848,0.430630,0.329398,0.364811,0.323274,0.440319,0.292712,0.225651,0.251304,0.363957,0.353448,0.431359,0.336349,0.381152,0.392998,0.327186,0.370308,0.345594,0.287905,0.404339,0.328760,0.282760,0.384319,0.362185,0.375305,0.240557,0.370760,#
7,0.280681,0.376768,0.315073,0.331886,0.237687,0.305963,0.366589,1.000000,0.264683,0.396480,0.343786,0.458335,0.306302,0.379705,0.253955,0.318057,0.318298,0.387370,0.346330,0.396230,0.394969,0.380145,0.506592,0.296174,0.455196,0.288818,0.391457,0.457667,0.319116,0.291697,0.413533,0.406893,0.398054,0.327664,0.319850,0.349026,0.326564,0.349126,0.317342,0.389086,0.302285,0.352941,0.405235,0.217824,0.382604,0.441003,0.327360,0.432689,0.400061,0.370297,0.457686,0.312749,0.319345,0.380435,0.376897,0.413098,0.395840,0.402680,0.332279,0.375365,0.342188,0.214529,0.346062,0.408277,0.443423,0.292507,0.334710,0.394918,0.322717,0.480062,0.396194,0.247667,0.421388,0.499162,0.398548,0.324004,0.409193,0.398527,0.437298,0.437626,0.334426,0.372059,0.459880,0.367462,0.305123,0.383015,0.410926,0.352991,0.417717,0.453524,0.329603,0.280473,0.358815,0.318624,0.252834,0.386237,0.353149,0.260003,0.297662,0.208672,0.394091,0.331452,0.366758,0.338437,0.206996,0.429555,0.420044,0.387047,0.385743,0.324648,0.337510,0.326927,0.283556,0.379909,0.403894,0.339361,0.357297,0.329914,0.380429,0.408397,0.372039,0.395576,0.282646,0.388895,0.448859,0.412133,0.390318,0.436183,0.267273,0.366234,0.298002,0.370372,0.333475,0.332706,0.478268,0.417844,0.250977,0.422627,0.430175,0.412246,0.443275,0.472346,0.187929,0.328358,0.427553,0.355158,0.410368,0.301303,0.388043,0.274210,0.428824,0.505018,0.302704,0.218745,0.209674,0.366077,0.385522,0.334632,0.346051,0.365900,0.391270,0.322570,0.332125,0.405704,0.424599,0.302100,0.341793,0.304673,0.443476,0.375678,0.385887,0.347406,0.334442,0.286992,0.385524,0.318578,0.386827,0.347295,0.312580,0.413914,0.392597,0.383336,0.285330,0.299580,0.274593,0.349559,0.349554,0.407072,0.291633,0.406633,0.380481,0.344798,0.291144,0.363120,0.217165,0.367424,0.381959,0.399335,0.355305,0.336323,#
8,0.354275,0.266698,0.206477,0.273570,0.332374,0.281156,0.288202,0.264683,1.000000,0.186050,0.371140,0.298191,0.296506,0.339842,0.336018,0.275729,0.315949,0.296547,0.223323,0.373216,0.306598,0.301816,0.317632,0.335653,0.316730,0.328581,0.239341,0.365020,0.299483,0.348784,0.254333,0.349782,0.334026,0.375938,0.275163,0.230839,0.329131,0.390564,0.324415,0.450772,0.309546,0.259019,0.175757,0.355203,0.345170,0.307531,0.374131,0.386394,0.239860,0.279240,0.293413,0.361116,0.239135,0.458855,0.321889,0.385946,0.255768,0.285737,0.259795,0.355153,0.284319,0.197446,0.390724,0.362859,0.301568,0.265040,0.297888,0.381132,0.412130,0.331287,0.248652,0.423412,0.318966,0.290282,0.198986,0.210490,0.253558,0.243343,0.336167,0.177319,0.301804,0.340136,0.354709,0.233622,0.293232,0.336149,0.294044,0.301071,0.356913,0.357645,0.316770,0.269676,0.251973,0.295674,0.297302,0.427490,0.350922,0.310529,0.268056,0.215168,0.283165,0.193636,0.213769,0.268661,0.297404,0.267057,0.365386,0.363292,0.222672,0.353863,0.283978,0.317297,0.277688,0.317891,0.228866,0.322650,0.444391,0.287840,0.170253,0.389883,0.297106,0.249774,0.290334,0.258500,0.338768,0.384453,0.190754,0.282639,0.307470,0.304598,0.341222,0.382964,0.323595,0.309657,0.393029,0.331747,0.261997,0.400832,0.440984,0.335896,0.303459,0.331188,0.386240,0.225281,0.385180,0.292779,0.294790,0.425020,0.308687,0.296057,0.345301,0.292610,0.301852,0.282130,0.338522,0.282829,0.334658,0.205905,0.294556,0.329049,0.263997,0.260414,0.230438,0.417735,0.316227,0.295219,0.292663,0.280935,0.329251,0.344273,0.393883,0.090225,0.213784,0.378291,0.364405,0.335949,0.282153,0.307758,0.302459,0.327283,0.397510,0.251114,0.110306,0.240997,0.399240,0.274870,0.277242,0.282346,0.253454,0.255685,0.354677,0.300615,0.248893,0.273671,0.314469,0.288618,0.317264,0.198410,0.224449,0.310058,#
9,0.330223,0.279559,0.198794,0.165693,0.275231,0.319731,0.303686,0.396480,0.186050,1.000000,0.420050,0.340067,0.291108,0.327511,0.330356,0.359122,0.286250,0.250244,0.272128,0.379599,0.286450,0.322645,0.362330,0.348060,0.315657,0.235876,0.355980,0.436216,0.298439,0.214360,0.421000,0.364587,0.299852,0.318652,0.303599,0.309303,0.196349,0.359715,0.282305,0.305317,0.333790,0.371957,0.221378,0.196639,0.356630,0.403808,0.315157,0.371540,0.361060,0.247577,0.373170,0.341455,0.274201,0.284236,0.311021,0.387137,0.389094,0.365867,0.261557,0.292779,0.239923,0.304672,0.366030,0.347902,0.357757,0.342549,0.265477,0.397760,0.360447,0.278251,0.357336,0.303556,0.281185,0.369213,0.347965,0.330436,0.416615,0.259866,0.439575,0.363960,0.334377,0.341907,0.412840,0.321482,0.363998,0.480493,0.406347,0.267319,0.336176,0.296566,0.248480,0.390496,0.270956,0.309817,0.260692,0.372235,0.410293,0.264778,0.289152,0.311807,0.364269,0.306854,0.409928,0.236636,0.293865,0.305832,0.364978,0.380089,0.294582,0.251544,0.245413,0.304771,0.344156,0.348560,0.292028,0.354665,0.403689,0.369890,0.454075,0.305302,0.444713,0.425050,0.286542,0.339813,0.361634,0.371810,0.204973,0.412029,0.219982,0.252937,0.302117,0.384141,0.271093,0.277660,0.443108,0.261832,0.274805,0.345862,0.322142,0.333583,0.312536,0.300056,0.224527,0.263236,0.316449,0.211482,0.377566,0.240649,0.234316,0.330882,0.425765,0.364972,0.365120,0.327646,0.261550,0.342827,0.364291,0.349491,0.386220,0.289701,0.340941,0.225348,0.162631,0.401448,0.335757,0.325902,0.256655,0.290947,0.472370,0.376451,0.331294,0.345830,0.317110,0.371759,0.354977,0.292976,0.270954,0.157306,0.230101,0.397706,0.290758,0.340932,0.351032,0.369381,0.303059,0.351239,0.400283,0.420451,0.349188,0.254796,0.336062,0.318392,0.215524,0.308511,0.245356,0.327447,0.299157,0.231619,0.279309,0.316731,#
10,0.426930,0.463253,0.250716,0.246245,0.388108,0.271385,0.411173,0.343786,0.371140,0.420050,1.000000,0.354575,0.247235,0.396644,0.365884,0.389676,0.389603,0.347617,0.462740,0.381683,0.359369,0.413461,0.333423,0.317215,0.386766,0.279363,0.439378,0.395027,0.342742,0.353544,0.410649,0.352133,0.332862,0.411833,0.314437,0.355230,0.233609,0.413074,0.410164,0.362192,0.270399,0.273874,0.319058,0.272559,0.336699,0.339309,0.367565,0.447304,0.425946,0.359488,0.314929,0.380352,0.347210,0.381020,0.379036,0.424555,0.332555,0.368021,0.294214,0.336502,0.294830,0.305212,0.368510,0.424269,0.351970,0.365859,0.367525,0.347251,0.382370,0.322995,0.361283,0.317793,0.327217,0.353305,0.326219,0.397070,0.425419,0.257248,0.402940,0.310054,0.324118,0.404463,0.407409,0.376738,0.360099,0.397473,0.388707,0.242216,0.417166,0.368138,0.223893,0.340269,0.405928,0.304031,0.289642,0.347102,0.404726,0.272002,0.403771,0.359586,0.401259,0.304623,0.330739,0.351349,0.319745,0.324459,0.470974,0.423183,0.322076,0.377955,0.256164,0.329867,0.332191,0.388567,0.373408,0.437491,0.399661,0.243440,0.311372,0.348471,0.327751,0.342594,0.318907,0.373582,0.381828,0.355859,0.264770,0.368867,0.246391,0.363126,0.342219,0.387810,0.343177,0.269756,0.471612,0.363976,0.309080,0.415601,0.298001,0.439305,0.360703,0.291808,0.436096,0.255161,0.333118,0.342214,0.290931,0.314694,0.281848,0.388012,0.334137,0.442770,0.351457,0.357899,0.389058,0.384691,0.357517,0.254120,0.320289,0.414597,0.307284,0.307709,0.333474,0.388246,0.344776,0.319811,0.252364,0.295988,0.349632,0.466616,0.448671,0.328300,0.368151,0.391795,0.418024,0.187572,0.331096,0.296265,0.409210,0.438672,0.368180,0.305776,0.368481,0.275285,0.416373,0.359712,0.323136,0.394214,0.331218,0.283582,0.331580,0.358850,0.278422,0.343500,0.369919,0.388333,0.318033,0.385732,0.364310,0.415007,#
11,0.415755,0.420039,0.345303,0.354265,0.266474,0.317612,0.371103,0.458335,0.298191,0.340067,0.354575,1.000000,0.420715,0.314486,0.221134,0.414358,0.372477,0.440888,0.424890,0.259359,0.404247,0.428082,0.367914,0.420872,0.496375,0.430590,0.307337,0.472231,0.247903,0.415084,0.446184,0.417632,0.370486,0.393913,0.335376,0.301202,0.430202,0.462369,0.319529,0.355658,0.381735,0.419339,0.406584,0.431035,0.313021,0.413432,0.410220,0.476342,0.379588,0.279738,0.457763,0.381750,0.332452,0.415528,0.303715,0.396227,0.500337,0.400337,0.380943,0.343465,0.320073,0.379731,0.458022,0.469355,0.413821,0.336211,0.378816,0.425440,0.337617,0.380375,0.354274,0.260366,0.400801,0.466094,0.393889,0.414673,0.363985,0.371534,0.532746,0.344797,0.429778,0.291439,0.407296,0.442083,0.420729,0.384282,0.472411,0.341278,0.427141,0.360570,0.422620,0.337643,0.412763,0.470071,0.251721,0.344010,0.314840,0.355851,0.314958,0.375798,0.459721,0.357752,0.394237,0.321867,0.342200,0.482395,0.461277,0.400687,0.375725,0.412822,0.325477,0.312695,0.395761,0.411234,0.255726,0.503666,0.441219,0.259603,0.387553,0.390410,0.346575,0.456020,0.346356,0.381350,0.435271,0.392735,0.476945,0.499452,0.334326,0.349578,0.386423,0.541929,0.306722,0.320484,0.394616,0.343987,0.222483,0.461561,0.377593,0.403226,0.315096,0.419286,0.346347,0.398780,0.411845,0.394123,0.414359,0.324512,0.383185,0.360731,0.379013,0.512181,0.348488,0.358630,0.428621,0.285651,0.314639,0.276031,0.321652,0.366108,0.420030,0.326422,0.286655,0.385878,0.481269,0.372508,0.349515,0.391150,0.523359,0.400770,0.470162,0.245874,0.359386,0.374038,0.382734,0.436191,0.478177,0.327437,0.348236,0.299045,0.421766,0.363496,0.373550,0.330653,0.339294,0.434254,0.383161,0.423674,0.326574,0.352906,0.251527,0.370370,0.384246,0.209304,0.325381,0.334346,0.437312,0.332272,0.311400,0.420181,#
12,0.343917,0.339818,0.324482,0.272529,0.357522,0.305498,0.335133,0.306302,0.296506,0.291108,0.247235,0.420715,1.000000,0.315468,0.286095,0.329892,0.375821,0.312088,0.420732,0.390696,0.406249,0.256354,0.377769,0.369542,0.414838,0.304690,0.296204,0.419270,0.356321,0.384202,0.358731,0.458636,0.407164,0.355688,0.302639,0.280358,0.412460,0.369699,0.272080,0.342994,0.399319,0.304388,0.417099,0.358121,0.396478,0.422361,0.347846,0.312638,0.384968,0.280109,0.452410,0.269879,0.296696,0.377681,0.308471,0.349712,0.343109,0.406389,0.343763,0.352782,0.279949,0.341627,0.361834,0.395353,0.367872,0.342342,0.377348,0.294316,0.310888,0.288724,0.295171,0.340489,0.249776,0.304389,0.401014,0.335626,0.338832,0.354527,0.313455,0.311332,0.404569,0.350379,0.403099,0.366672,0.396618,0.487257,0.309495,0.345765,0.432541,0.358303,0.392409,0.352644,0.297000,0.397410,0.297393,0.246504,0.404308,0.353071,0.255379,0.247719,0.323481,0.370182,0.292099,0.370457,0.365419,0.359106,0.372931,0.309552,0.247046,0.395168,0.386967,0.212799,0.399131,0.420092,0.263066,0.320629,0.398520,0.388214,0.292686,0.382754,0.274508,0.442993,0.342542,0.370055,0.280369,0.428930,0.301787,0.323170,0.310158,0.235188,0.320317,0.434049,0.321277,0.211127,0.358209,0.332666,0.294835,0.375889,0.364116,0.337087,0.399329,0.366115,0.267985,0.285414,0.294331,0.336376,0.350374,0.294268,0.354646,0.277030,0.425751,0.481908,0.250495,0.325457,0.338116,0.227415,0.357170,0.202937,0.305068,0.208430,0.403172,0.354634,0.276638,0.443797,0.368389,0.323727,0.297759,0.190668,0.371069,0.444628,0.354332,0.249246,0.313008,0.322204,0.433490,0.222226,0.299142,0.302412,0.211277,0.379458,0.400326,0.339267,0.372904,0.322049,0.358112,0.393102,0.359495,0.393698,0.268742,0.213951,0.337472,0.399697,0.307202,0.316121,0.245817,0.286651,0.435691,0.265189,0.354576,0.316315,#
13,0.297130,0.397988,0.338963,0.266550,0.315139,0.216462,0.426869,0.379705,0.339842,0.327511,0.396644,0.314486,0.315468,1.000000,0.354034,0.385655,0.370925,0.278975,0.373935,0.351621,0.325101,0.355705,0.384570,0.282234,0.473142,0.375198,0.388054,0.366318,0.295318,0.250946,0.387485,0.274788,0.396513,0.342776,0.240251,0.314288,0.293321,0.401747,0.224412,0.351880,0.306811,0.322597,0.480979,0.306769,0.344001,0.294029,0.449478,0.362413,0.409425,0.306478,0.456632,0.353671,0.345714,0.326532,0.381916,0.494119,0.324504,0.325406,0.377361,0.369224,0.304163,0.328263,0.486425,0.399949,0.278896,0.309731,0.441824,0.406728,0.477733,0.416602,0.253107,0.333852,0.366573,0.391978,0.361878,0.256615,0.386304,0.383209,0.403260,0.311951,0.351670,0.445707,0.437048,0.466971,0.459259,0.390519,0.456364,0.398181,0.404086,0.385315,0.368264,0.370362,0.364529,0.349346,0.312255,0.383485,0.350751,0.272385,0.302589,0.313877,0.448262,0.335100,0.336259,0.310554,0.292308,0.427372,0.372162,0.341417,0.327290,0.357156,0.328574,0.336987,0.463766,0.405985,0.348008,0.347146,0.422234,0.319360,0.327579,0.429577,0.392818,0.441570,0.232850,0.375500,0.357878,0.355218,0.289792,0.377941,0.424972,0.278196,0.328338,0.352005,0.355230,0.334150,0.481380,0.309074,0.326338,0.388697,0.459418,0.397225,0.348173,0.304196,0.320475,0.354786,0.419168,0.437115,0.373931,0.319696,0.207641,0.362210,0.442800,0.309292,0.330989,0.329409,0.394220,0.329334,0.294837,0.335559,0.331579,0.272738,0.298174,0.390925,0.225982,0.490884,0.432862,0.377921,0.216841,0.278299,0.393557,0.451742,0.408349,0.419259,0.343260,0.316432,0.410597,0.357327,0.349482,0.236062,0.455459,0.303943,0.424125,0.261354,0.300098,0.366343,0.295889,0.363125,0.391489,0.440353,0.370842,0.376926,0.312002,0.338760,0.331069,0.294184,0.326915,0.401507,0.337722,0.317265,0.341773,0.384358,#
14,0.429273,0.355841,0.360449,0.181574,0.257389,0.315007,0.261568,0.253955,0.336018,0.330356,0.365884,0.221134,0.286095,0.354034,1.000000,0.422784,0.317278,0.296199,0.403624,0.350348,0.304270,0.336780,0.369917,0.344195,0.336710,0.212629,0.355836,0.285435,0.356214,0.291924,0.262318,0.216425,0.287525,0.247489,0.272124,0.344296,0.384772,0.401967,0.379979,0.398540,0.394448,0.324968,0.395390,0.313243,0.278940,0.350470,0.407058,0.335161,0.360277,0.213408,0.429709,0.303549,0.280221,0.299309,0.385164,0.346239,0.321723,0.291828,0.275247,0.358336,0.340184,0.383901,0.295836,0.359843,0.361294,0.279572,0.306795,0.382056,0.369962,0.332777,0.235769,0.324307,0.220508,0.452947,0.213118,0.263568,0.290697,0.402870,0.354389,0.280471,0.335447,0.172633,0.428746,0.396480,0.280819,0.400708,0.188789,0.260208,0.361339,0.370342,0.374820,0.344976,0.334401,0.309386,0.306485,0.278788,0.393752,0.294141,0.408805,0.269592,0.263134,0.272555,0.381700,0.287399,0.213764,0.336769,0.394424,0.397371,0.300111,0.334070,0.204583,0.299326,0.352518,0.233286,0.309453,0.367031,0.285750,0.341990,0.312527,0.349439,0.387205,0.313868,0.209139,0.333158,0.288626,0.282945,0.282820,0.311328,0.227981,0.275472,0.164788,0.384846,0.336116,0.173410,0.315177,0.258330,0.337464,0.302092,0.298638,0.292635,0.385900,0.345749,0.340169,0.203194,0.299931,0.333884,0.309465,0.198396,0.285732,0.249105,0.345946,0.275831,0.187236,0.320151,0.226640,0.223728,0.307386,0.304561,0.322179,0.254192,0.290982,0.339734,0.236492,0.271125,0.352106,0.259106,0.331208,0.311787,0.256787,0.377150,0.386847,0.313387,0.309723,0.408378,0.440448,0.234721,0.406095,0.329618,0.355898,0.386669,0.369271,0.382359,0.279481,0.359007,0.332085,0.377711,0.363786,0.325545,0.224687,0.193048,0.280743,0.355369,0.293459,0.386660,0.315552,0.211587,0.188478,0.309165,0.372811,0.416338,#
15,0.373818,0.356589,0.405355,0.225409,0.335061,0.340934,0.348960,0.318057,0.275729,0.359122,0.389676,0.414358,0.329892,0.385655,0.422784,1.000000,0.402183,0.468385,0.450052,0.348646,0.363188,0.409571,0.376238,0.411164,0.497701,0.326809,0.393079,0.364228,0.352153,0.277106,0.410620,0.382859,0.325520,0.415125,0.319429,0.256474,0.348404,0.382301,0.412931,0.394334,0.482997,0.337792,0.384711,0.326938,0.428465,0.358033,0.360455,0.444944,0.333910,0.285798,0.421030,0.320325,0.408725,0.336204,0.355806,0.323383,0.380426,0.426555,0.353717,0.441105,0.294488,0.279234,0.308929,0.372683,0.332421,0.295574,0.447226,0.450537,0.402942,0.354418,0.252957,0.360169,0.364364,0.349871,0.391336,0.381187,0.312801,0.462141,0.407762,0.339102,0.539290,0.291789,0.400623,0.413531,0.338182,0.427103,0.377521,0.242958,0.442023,0.409578,0.316702,0.255289,0.395747,0.473898,0.292078,0.327201,0.417599,0.330561,0.456323,0.324891,0.393309,0.279086,0.448761,0.355976,0.337238,0.355786,0.393007,0.339356,0.350679,0.473600,0.288081,0.385128,0.375312,0.310547,0.302172,0.466264,0.432121,0.310122,0.310967,0.407037,0.391157,0.376863,0.201366,0.390777,0.365963,0.261194,0.377424,0.381624,0.337996,0.238113,0.232670,0.481531,0.340571,0.325230,0.438650,0.383235,0.400176,0.306419,0.362779,0.268681,0.354980,0.372211,0.476632,0.257758,0.405106,0.402295,0.416352,0.327505,0.389805,0.355675,0.437221,0.381639,0.301009,0.518666,0.235251,0.457128,0.291967,0.338047,0.334566,0.359935,0.319831,0.367583,0.295518,0.350526,0.350222,0.400324,0.297991,0.368470,0.349270,0.441106,0.416610,0.272441,0.417177,0.284040,0.467175,0.234262,0.465191,0.268706,0.260625,0.383581,0.326031,0.365800,0.280437,0.285542,0.399982,0.418964,0.300894,0.367922,0.287754,0.258515,0.179156,0.489828,0.292932,0.380002,0.335366,0.362932,0.321636,0.327112,0.279301,0.377964,#
16,0.390443,0.320104,0.365485,0.258055,0.263623,0.315633,0.394874,0.318298,0.315949,0.286250,0.389603,0.372477,0.375821,0.370925,0.317278,0.402183,1.000000,0.377619,0.357299,0.325102,0.548457,0.379749,0.488211,0.292251,0.332002,0.348907,0.363697,0.270384,0.332824,0.285988,0.340990,0.452470,0.264234,0.388759,0.258938,0.292047,0.386708,0.331572,0.344838,0.393010,0.256590,0.308417,0.350820,0.308654,0.326554,0.358621,0.375069,0.369493,0.375633,0.261262,0.263801,0.365070,0.449883,0.330952,0.352269,0.357238,0.250982,0.338419,0.281205,0.267063,0.256914,0.389223,0.349158,0.452855,0.425665,0.304678,0.383584,0.505205,0.335418,0.416897,0.232051,0.348616,0.306814,0.303218,0.378907,0.487715,0.334011,0.412835,0.452467,0.306789,0.281342,0.292389,0.335993,0.345667,0.336995,0.498274,0.431165,0.332010,0.379104,0.288103,0.329649,0.318748,0.332038,0.309707,0.291955,0.357207,0.360119,0.280622,0.438061,0.330178,0.333604,0.274448,0.237218,0.307325,0.301984,0.392504,0.322346,0.279498,0.332711,0.369178,0.335826,0.345864,0.371528,0.285662,0.379424,0.471788,0.429202,0.316138,0.256929,0.390047,0.262478,0.340319,0.304439,0.310388,0.389163,0.278825,0.346915,0.298780,0.308198,0.361731,0.200408,0.386369,0.387630,0.235023,0.471802,0.322852,0.233324,0.366911,0.365741,0.392409,0.250939,0.324645,0.256873,0.298557,0.375965,0.319363,0.217383,0.308614,0.294298,0.180245,0.368870,0.393303,0.285458,0.289083,0.316436,0.341969,0.291351,0.252594,0.350914,0.305100,0.298457,0.397177,0.367070,0.417820,0.334610,0.250673,0.295471,0.337270,0.284989,0.346071,0.364744,0.196226,0.345204,0.272734,0.421732,0.340169,0.366745,0.240546,0.314440,0.340721,0.380673,0.349830,0.292313,0.180940,0.286562,0.329328,0.387870,0.345916,0.290664,0.284479,0.322658,0.265365,0.263032,0.330507,0.365418,0.333041,0.306305,0.362545,0.242476,0.392283,#
17,0.461935,0.330749,0.342594,0.352308,0.331397,0.354051,0.366297,0.387370,0.296547,0.250244,0.347617,0.440888,0.312088,0.278975,0.296199,0.468385,0.377619,1.000000,0.361402,0.399812,0.388838,0.389847,0.429725,0.456624,0.438364,0.350817,0.296121,0.332515,0.430962,0.361258,0.397483,0.479383,0.533635,0.410005,0.225638,0.262452,0.342458,0.524763,0.354301,0.305823,0.367687,0.307177,0.338586,0.433922,0.316019,0.368114,0.434058,0.371325,0.434312,0.381408,0.435044,0.287044,0.265973,0.399978,0.401352,0.375116,0.355915,0.485291,0.324704,0.407371,0.323743,0.404975,0.349358,0.394834,0.327417,0.371800,0.365844,0.492956,0.394641,0.416838,0.414854,0.389451,0.423850,0.407233,0.380406,0.413063,0.316186,0.426279,0.335036,0.373348,0.454093,0.408977,0.541299,0.459400,0.378074,0.361793,0.380191,0.368748,0.516830,0.470740,0.393982,0.292182,0.370617,0.379690,0.272500,0.301276,0.363152,0.458584,0.398924,0.346910,0.382904,0.314652,0.369618,0.348860,0.314477,0.444230,0.381763,0.531346,0.293043,0.364134,0.336632,0.326511,0.327492,0.384935,0.242657,0.430910,0.399313,0.317693,0.329842,0.466638,0.317244,0.333045,0.287366,0.358346,0.446867,0.431643,0.324677,0.393590,0.218264,0.260296,0.269646,0.456258,0.426648,0.469900,0.420815,0.381927,0.393196,0.327786,0.403913,0.426495,0.375957,0.371042,0.366140,0.293830,0.431152,0.339612,0.279678,0.253724,0.362075,0.234314,0.459262,0.305909,0.316707,0.460318,0.312300,0.346489,0.334951,0.315644,0.446200,0.389418,0.444330,0.365408,0.332242,0.362335,0.389181,0.420599,0.253971,0.422863,0.352135,0.394702,0.499313,0.313274,0.354098,0.352581,0.427043,0.198781,0.454379,0.356544,0.281002,0.410636,0.393715,0.499055,0.306504,0.174665,0.320025,0.385385,0.389585,0.497528,0.392629,0.339068,0.302189,0.448236,0.241919,0.286539,0.465278,0.400890,0.450856,0.279419,0.276422,0.401199,#
18,0.411317,0.458621,0.411496,0.294590,0.404750,0.361169,0.420147,0.346330,0.223323,0.272128,0.462740,0.424890,0.420732,0.373935,0.403624,0.450052,0.357299,0.361402,1.000000,0.385389,0.363211,0.364434,0.258094,0.401343,0.461488,0.385008,0.477498,0.417074,0.429257,0.313732,0.465441,0.414756,0.468762,0.277501,0.364901,0.364815,0.509985,0.409275,0.338088,0.389331,0.401992,0.375193,0.449671,0.339727,0.312374,0.353868,0.381240,0.402347,0.339871,0.310321,0.481358,0.248247,0.442044,0.478594,0.332459,0.304985,0.377973,0.435350,0.285074,0.333133,0.312725,0.346449,0.374865,0.487273,0.316327,0.409366,0.414291,0.473865,0.318167,0.254233,0.270662,0.306450,0.370606,0.401760,0.310052,0.270683,0.340000,0.438812,0.456156,0.428324,0.527948,0.359185,0.446675,0.473074,0.402576,0.333329,0.408391,0.339871,0.488991,0.331497,0.386451,0.335042,0.403695,0.430074,0.285049,0.308338,0.461338,0.313988,0.316392,0.379403,0.347946,0.415199,0.455815,0.434477,0.398913,0.360966,0.372101,0.404080,0.346623,0.429757,0.400024,0.389544,0.321103,0.440915,0.300048,0.339678,0.346431,0.310736,0.348810,0.367368,0.307392,0.481038,0.242003,0.338598,0.420212,0.378579,0.333419,0.330830,0.359215,0.350688,0.386535,0.447403,0.366464,0.264321,0.494002,0.267070,0.231444,0.427446,0.357476,0.395327,0.469138,0.277291,0.315608,0.276475,0.384156,0.341327,0.264630,0.212307,0.293304,0.318001,0.388089,0.440176,0.382327,0.341240,0.291801,0.433759,0.431809,0.367676,0.312305,0.398898,0.403499,0.388403,0.319952,0.376221,0.389265,0.375603,0.401840,0.411542,0.379025,0.449508,0.357145,0.325869,0.374817,0.226175,0.409888,0.238432,0.343844,0.395500,0.478766,0.349696,0.360577,0.392458,0.382183,0.288221,0.511803,0.402497,0.439284,0.510337,0.306772,0.335172,0.364473,0.396144,0.364920,0.335897,0.399008,0.364542,0.353770,0.414885,0.419508,0.460206,#
19,0.318332,0.311711,0.352613,0.286035,0.425929,0.208065,0.426675,0.396230,0.373216,0.379599,0.381683,0.259359,0.390696,0.351621,0.350348,0.348646,0.325102,0.399812,0.385389,1.000000,0.333946,0.413836,0.406426,0.407123,0.383045,0.382454,0.344446,0.331954,0.368028,0.419620,0.329817,0.383610,0.332411,0.361384,0.276279,0.315678,0.220236,0.401501,0.438714,0.373658,0.340908,0.272490,0.324337,0.326363,0.355149,0.411567,0.381801,0.492436,0.375690,0.327983,0.377795,0.332304,0.244057,0.483356,0.388863,0.385722,0.338589,0.434211,0.303355,0.397452,0.300467,0.275636,0.343684,0.370769,0.388448,0.340343,0.286076,0.396990,0.392739,0.383653,0.353669,0.346886,0.404399,0.273594,0.377367,0.353018,0.359025,0.468024,0.377589,0.320177,0.396612,0.338565,0.461140,0.314810,0.446561,0.384099,0.382242,0.329022,0.448527,0.390702,0.331296,0.396119,0.353900,0.338656,0.299154,0.380714,0.393363,0.455932,0.341596,0.267498,0.326531,0.261139,0.374847,0.333308,0.383390,0.380666,0.450322,0.499204,0.282744,0.358789,0.369582,0.327098,0.331845,0.405675,0.357222,0.364263,0.423394,0.444088,0.389564,0.360375,0.415193,0.445605,0.316675,0.360275,0.480685,0.449970,0.302797,0.429624,0.165749,0.273416,0.248631,0.310192,0.456449,0.360532,0.420053,0.319114,0.388283,0.353738,0.376649,0.392289,0.385765,0.292351,0.309208,0.173169,0.390050,0.346809,0.281085,0.411489,0.460777,0.197750,0.333474,0.401137,0.319042,0.425892,0.265813,0.323372,0.388844,0.349220,0.313838,0.215543,0.393143,0.382807,0.400457,0.349708,0.283506,0.354946,0.300027,0.342780,0.365095,0.376199,0.489867,0.336991,0.340051,0.307091,0.430042,0.239981,0.326719,0.330164,0.199510,0.410932,0.331210,0.421215,0.250462,0.317031,0.381486,0.351543,0.398736,0.476779,0.334085,0.272719,0.399326,0.334174,0.345690,0.435006,0.375448,0.383134,0.458618,0.376672,0.403540,0.443255,#
20,0.434611,0.331849,0.383372,0.310160,0.323274,0.348141,0.397893,0.394969,0.306598,0.286450,0.359369,0.404247,0.406249,0.325101,0.304270,0.363188,0.548457,0.388838,0.363211,0.333946,1.000000,0.424224,0.441743,0.329713,0.449289,0.296689,0.370786,0.427440,0.313110,0.373805,0.352288,0.361090,0.301319,0.342826,0.381416,0.277935,0.330029,0.397033,0.271551,0.389947,0.317179,0.464769,0.409942,0.379321,0.350268,0.442823,0.324923,0.436228,0.448920,0.295146,0.360841,0.419774,0.474218,0.345115,0.316724,0.334538,0.382381,0.361363,0.294649,0.385497,0.404618,0.256976,0.446582,0.465664,0.511150,0.253756,0.383658,0.389560,0.366514,0.425334,0.330208,0.321042,0.493758,0.383445,0.361572,0.413963,0.432941,0.408377,0.313876,0.431655,0.308711,0.271738,0.463105,0.375784,0.320224,0.469777,0.401150,0.383087,0.424874,0.391715,0.375432,0.420397,0.400648,0.404854,0.263416,0.342315,0.409530,0.372846,0.352004,0.239701,0.263154,0.337047,0.330878,0.359870,0.273808,0.387905,0.384047,0.365058,0.284353,0.475082,0.367955,0.232664,0.389165,0.422396,0.310993,0.454053,0.464413,0.246523,0.255873,0.364373,0.317431,0.383343,0.286029,0.326081,0.411538,0.364040,0.413000,0.453170,0.270191,0.401866,0.254876,0.422002,0.386469,0.258901,0.451177,0.361459,0.344115,0.395949,0.412084,0.394124,0.345123,0.380333,0.220173,0.315474,0.413683,0.280270,0.240001,0.339970,0.354761,0.353620,0.377661,0.471326,0.278517,0.301679,0.346334,0.339028,0.279110,0.213996,0.346823,0.333515,0.395575,0.426410,0.368319,0.313570,0.416473,0.327451,0.224059,0.385608,0.350497,0.367725,0.449181,0.254160,0.296930,0.324021,0.392822,0.363910,0.282175,0.228461,0.408720,0.440309,0.427676,0.402098,0.312427,0.368291,0.401905,0.312152,0.322152,0.413204,0.367441,0.347515,0.400531,0.355133,0.427790,0.368681,0.409601,0.436983,0.341113,0.334930,0.331484,0.327797,#
21,0.495978,0.470777,0.449152,0.335973,0.399187,0.380330,0.386421,0.380145,0.301816,0.322645,0.413461,0.428082,0.256354,0.355705,0.336780,0.409571,0.379749,0.389847,0.364434,0.413836,0.424224,1.000000,0.363957,0.476565,0.471986,0.325176,0.399772,0.433470,0.391507,0.356580,0.414485,0.421927,0.355078,0.484683,0.339913,0.333139,0.422846,0.471794,0.410157,0.373289,0.396491,0.442211,0.328032,0.344013,0.413587,0.356834,0.483803,0.460093,0.380889,0.392943,0.442709,0.305654,0.425297,0.437053,0.389966,0.327782,0.424285,0.420176,0.375766,0.433449,0.285990,0.312344,0.417135,0.419334,0.466208,0.341641,0.379621,0.424634,0.441869,0.495291,0.499254,0.329844,0.444777,0.368280,0.392600,0.381825,0.394117,0.362998,0.383491,0.369531,0.476690,0.363077,0.384804,0.366285,0.402540,0.403276,0.369181,0.342425,0.446175,0.499554,0.324597,0.351598,0.411340,0.343343,0.406820,0.438687,0.377262,0.403139,0.413198,0.399049,0.434378,0.295531,0.334871,0.411188,0.370357,0.480475,0.402228,0.436053,0.372937,0.399485,0.343797,0.311489,0.459510,0.415223,0.276216,0.429451,0.516252,0.275494,0.435627,0.488148,0.366455,0.443773,0.170275,0.473909,0.386168,0.427686,0.440613,0.415577,0.294948,0.315311,0.374080,0.368824,0.410312,0.409362,0.422470,0.320780,0.402333,0.358995,0.411045,0.437301,0.319115,0.409068,0.364278,0.238571,0.405968,0.395936,0.312049,0.407176,0.377376,0.309736,0.399569,0.443440,0.370877,0.433425,0.357554,0.327078,0.311583,0.371851,0.363674,0.365305,0.472730,0.346675,0.329943,0.374169,0.416015,0.319506,0.227165,0.455574,0.302185,0.425268,0.475896,0.305976,0.414037,0.374650,0.385980,0.324279,0.453344,0.339494,0.405464,0.424057,0.364825,0.445848,0.262793,0.345108,0.396331,0.402888,0.395325,0.442375,0.446696,0.302135,0.406784,0.473830,0.397374,0.309284,0.474670,0.423482,0.378048,0.392621,0.356989,0.458146,#
