0,1.000000,0.198433,0.312348,0.284369,0.309754,0.309821,0.168663,0.157830,0.298479,0.238510,0.366853,0.224438,0.157779,0.155269,0.413367,0.343723,0.301800,0.399478,0.364805,0.373137,0.338741,0.318138,0.294310,0.416900,0.232405,0.262389,0.377416,0.250998,0.334822,0.317606,0.194215,0.246539,0.276049,0.250186,0.238484,0.412367,0.298792,0.270407,0.403716,0.406076,0.282601,0.322285,0.200982,0.322308,0.246779,0.344244,0.275387,0.401725,0.225262,0.380639,0.322283,0.239873,0.310881,0.285536,0.350570,0.309175,0.329202,0.312482,0.239684,0.279937,0.356370,0.248531,0.329290,0.282138,0.327318,0.218058,0.300036,0.294898,0.294556,0.287694,0.280305,0.285915,0.371386,0.264327,0.222043,0.039430,0.349321,0.368849,0.302956,0.175108,0.315561,0.220155,0.260577,0.278889,0.351265,0.203002,0.374224,0.243684,0.440464,0.272559,0.293510,0.175698,0.302990,0.327622,0.355587,0.364953,0.404355,0.205115,0.336779,0.323105,0.352013,0.362281,0.209174,0.371797,0.305681,0.267391,0.388599,0.315761,0.232776,0.149277,0.200825,0.268945,0.218198,0.319123,0.256504,0.285028,0.327054,0.192270,0.209093,0.252297,0.392217,0.302609,0.304409,0.311751,0.281170,0.347940,0.295172,0.172174,0.205375,0.359926,0.327158,0.292023,0.315895,0.225543,0.254291,0.291794,0.296275,0.286530,0.194856,0.350570,0.333727,0.268338,0.281391,0.277552,0.315160,0.321623,0.208148,0.227889,0.302862,0.264946,0.166385,0.263514,0.266774,0.252450,0.255708,0.266092,0.257632,0.257500,0.320340,0.303031,0.287185,0.412144,0.156528,0.165650,0.318469,0.199107,0.203518,0.297600,0.280456,0.300428,0.314972,0.070190,0.376608,0.291690,0.143976,0.326129,0.347266,0.334024,0.273053,0.246347,0.321539,0.396665,0.164442,0.199600,0.227517,0.263447,0.314980,0.455956,0.351199,0.145189,0.285326,0.383493,0.199236,0.223377,0.396904,0.207897,0.121486,0.327476,0.438927,0.316099,#
1,0.198433,1.000000,0.282563,0.312397,0.344670,0.319868,0.373523,0.292190,0.336164,0.200218,0.436034,0.379550,0.237801,0.328169,0.199641,0.190178,0.217605,0.323870,0.237405,0.285570,0.267139,0.337827,0.190308,0.250047,0.318799,0.310071,0.325645,0.418812,0.195643,0.327156,0.328307,0.260356,0.331399,0.297792,0.157018,0.303580,0.224200,0.288247,0.406713,0.276971,0.281066,0.262169,0.328102,0.311336,0.259710,0.360366,0.409833,0.317867,0.222080,0.171075,0.378293,0.248744,0.422720,0.330222,0.268220,0.385907,0.264313,0.244589,0.326765,0.310963,0.265201,0.287063,0.330745,0.305420,0.272429,0.363587,0.233972,0.344205,0.388164,0.272708,0.280178,0.280895,0.409236,0.196750,0.346643,0.177429,0.284282,0.328490,0.417275,0.258544,0.290339,0.444542,0.315056,0.295543,0.306423,0.082205,0.382769,0.290891,0.312860,0.349284,0.317900,0.357711,0.245189,0.350265,0.239160,0.310442,0.257943,0.247665,0.236368,0.247697,0.298529,0.265822,0.291647,0.311108,0.246780,0.287085,0.299421,0.378322,0.247297,0.281280,0.333947,0.307276,0.210477,0.280670,0.348671,0.395792,0.332567,0.190003,0.260277,0.315358,0.187573,0.309757,0.347704,0.335590,0.280527,0.277268,0.285531,0.270813,0.260370,0.341509,0.243336,0.323324,0.255450,0.305499,0.450024,0.348747,0.319743,0.348957,0.266988,0.337266,0.322632,0.210277,0.230899,0.312529,0.389924,0.298282,0.231866,0.180631,0.302071,0.295088,0.300494,0.280808,0.181924,0.145220,0.333216,0.309675,0.230769,0.268146,0.204819,0.109276,0.133274,0.384909,0.289824,0.317869,0.363294,0.211459,0.192649,0.235764,0.291814,0.397034,0.351806,0.338101,0.271737,0.185611,0.315174,0.286779,0.157944,0.388288,0.290716,0.215223,0.259647,0.229512,0.313039,0.225995,0.367613,0.305246,0.250217,0.233436,0.276277,0.339465,0.393900,0.346761,0.199072,0.237462,0.316853,0.279377,0.109365,0.331435,0.232359,0.286088,#
2,0.312348,0.282563,1.000000,0.341651,0.307209,0.280363,0.313406,0.300397,0.214033,0.228143,0.349905,0.400330,0.200133,0.312705,0.203242,0.308463,0.223945,0.257515,0.269780,0.317289,0.382703,0.407950,0.195194,0.304148,0.323699,0.390031,0.400746,0.265891,0.226921,0.336244,0.245140,0.189887,0.219193,0.224321,0.186334,0.325903,0.302507,0.217972,0.331583,0.206542,0.392678,0.337945,0.259567,0.232355,0.219680,0.353319,0.263200,0.345407,0.179328,0.270734,0.297949,0.419662,0.312266,0.250509,0.166083,0.290377,0.247214,0.241250,0.282609,0.316633,0.251408,0.239844,0.277178,0.298231,0.393070,0.356781,0.295006,0.221511,0.303676,0.345863,0.265265,0.281163,0.255609,0.241388,0.351584,0.246418,0.250185,0.327775,0.316540,0.265036,0.377447,0.180203,0.212854,0.176702,0.321295,0.239897,0.403790,0.286336,0.304609,0.225349,0.232587,0.311949,0.353217,0.314307,0.249752,0.281600,0.306074,0.277865,0.305483,0.230736,0.348559,0.297946,0.200222,0.332750,0.248418,0.271041,0.312566,0.377677,0.260574,0.317449,0.316270,0.333935,0.353620,0.312977,0.280029,0.408665,0.271434,0.256082,0.049374,0.218382,0.293424,0.319095,0.248419,0.258012,0.285140,0.227378,0.356913,0.238928,0.224367,0.316175,0.237017,0.353040,0.295039,0.186223,0.344670,0.369572,0.228903,0.313936,0.168697,0.157342,0.209600,0.244469,0.289160,0.223409,0.445172,0.254901,0.118853,0.276602,0.320868,0.192225,0.267269,0.344424,0.342706,0.288996,0.256997,0.215035,0.201845,0.138950,0.276966,0.229760,0.253968,0.330808,0.326266,0.340320,0.337936,0.244100,0.262571,0.256632,0.149402,0.240850,0.182838,0.365843,0.237805,0.198469,0.270874,0.249342,0.356578,0.337816,0.173517,0.241657,0.347326,0.256002,0.164385,0.375166,0.164479,0.319897,0.196448,0.188237,0.341035,0.152971,0.245825,0.322540,0.390508,0.216461,0.348044,0.190916,0.099480,0.321548,0.382452,0.327644,#
3,0.284369,0.312397,0.341651,1.000000,0.326705,0.274275,0.298513,0.318234,0.363399,0.278740,0.400176,0.388767,0.219150,0.319794,0.292653,0.322531,0.286725,0.402592,0.327679,0.321023,0.313170,0.312841,0.359038,0.472884,0.357502,0.349288,0.359536,0.267379,0.323384,0.344249,0.336238,0.396941,0.450290,0.407313,0.139224,0.376085,0.325348,0.449025,0.453117,0.248943,0.372682,0.400328,0.310245,0.369885,0.246839,0.384873,0.313554,0.379300,0.153727,0.351281,0.374988,0.333643,0.333486,0.244364,0.231519,0.409595,0.319348,0.298936,0.333929,0.334735,0.288340,0.250284,0.300421,0.294511,0.417547,0.348043,0.309668,0.306623,0.267599,0.369775,0.311516,0.247340,0.374457,0.216606,0.363607,0.345706,0.321902,0.375328,0.372660,0.218257,0.401372,0.350235,0.349520,0.234421,0.409013,0.265652,0.417282,0.242444,0.417907,0.374804,0.346638,0.328225,0.353064,0.389118,0.289365,0.354618,0.391869,0.209651,0.381706,0.284446,0.408977,0.245359,0.339737,0.333159,0.422794,0.291520,0.377219,0.360995,0.216092,0.259227,0.342867,0.258309,0.314276,0.323639,0.232469,0.311309,0.315350,0.226765,0.206028,0.277561,0.371129,0.312333,0.300832,0.456783,0.284016,0.251118,0.370180,0.320993,0.178980,0.382690,0.332157,0.391232,0.398122,0.344008,0.339658,0.370196,0.221623,0.280112,0.332671,0.298507,0.353692,0.352744,0.322269,0.303560,0.387748,0.243351,0.367926,0.353200,0.230794,0.320621,0.264670,0.245491,0.239598,0.316335,0.334193,0.266338,0.272585,0.323495,0.277425,0.331460,0.321883,0.377252,0.376014,0.401625,0.333123,0.268006,0.323255,0.298754,0.236432,0.304304,0.333494,0.234176,0.270753,0.196073,0.261540,0.322151,0.367205,0.367750,0.201835,0.294476,0.280917,0.397767,0.388719,0.251649,0.170002,0.274404,0.239786,0.328954,0.218494,0.246753,0.279311,0.374440,0.370726,0.255469,0.309133,0.314287,0.304121,0.350766,0.296258,0.238197,#
4,0.309754,0.344670,0.307209,0.326705,1.000000,0.305609,0.263851,0.274778,0.316794,0.224433,0.293159,0.259090,0.216041,0.275076,0.221489,0.266171,0.144994,0.315732,0.296914,0.417031,0.382550,0.247605,0.290795,0.361703,0.216582,0.418454,0.231460,0.289008,0.341994,0.200899,0.213407,0.224576,0.308284,0.247729,0.195381,0.314999,0.367092,0.296829,0.329183,0.254340,0.344493,0.421019,0.207920,0.195038,0.410573,0.306196,0.389128,0.343892,0.216822,0.308951,0.263587,0.256420,0.259966,0.274179,0.347218,0.436939,0.242909,0.272070,0.315347,0.312272,0.358490,0.307459,0.217163,0.190304,0.245786,0.219430,0.305367,0.256465,0.270703,0.278736,0.289371,0.319507,0.357998,0.220448,0.227387,0.042468,0.273982,0.345576,0.304311,0.194068,0.348876,0.345657,0.207955,0.182736,0.409433,0.190692,0.343638,0.292008,0.321901,0.371125,0.342258,0.223391,0.246871,0.353181,0.229775,0.363417,0.290131,0.296785,0.240247,0.214465,0.308407,0.148779,0.309810,0.375070,0.293338,0.279892,0.178001,0.341274,0.263463,0.311186,0.345105,0.291363,0.293509,0.440717,0.266159,0.209598,0.250661,0.085692,0.177837,0.153030,0.247306,0.274975,0.293726,0.231348,0.376396,0.198795,0.378890,0.247096,0.251060,0.306789,0.319561,0.226953,0.331242,0.252471,0.357787,0.310692,0.240870,0.186688,0.223754,0.260344,0.373306,0.131862,0.268734,0.257907,0.344103,0.348702,0.238780,0.270876,0.230095,0.296361,0.294570,0.268035,0.322321,0.398918,0.306020,0.206315,0.355890,0.260905,0.231412,0.284229,0.301157,0.288558,0.160601,0.251302,0.149430,0.291919,0.181004,0.193828,0.206307,0.293928,0.179152,0.188480,0.327618,0.220747,0.343837,0.293771,0.346493,0.352983,0.220919,0.269728,0.190212,0.156024,0.351141,0.272405,0.185647,0.272433,0.105050,0.379402,0.299661,0.292878,0.184643,0.323297,0.222124,0.179121,0.269957,0.320495,0.229643,0.414028,0.305357,0.352973,#
5,0.309821,0.319868,0.280363,0.274275,0.305609,1.000000,0.207183,0.246279,0.297478,0.315414,0.321072,0.255446,0.229942,0.174862,0.297194,0.235296,0.267822,0.288186,0.221807,0.222587,0.319849,0.238078,0.232563,0.316100,0.262258,0.265028,0.300934,0.314226,0.283770,0.292790,0.255673,0.295073,0.364993,0.237084,0.135628,0.271125,0.351625,0.128687,0.307198,0.293381,0.301702,0.372915,0.156256,0.395371,0.222261,0.294932,0.282021,0.218006,0.239918,0.282973,0.320214,0.300000,0.282341,0.146618,0.255255,0.322329,0.141349,0.249974,0.356152,0.261847,0.248378,0.229617,0.281668,0.207412,0.360142,0.291779,0.311896,0.206961,0.277497,0.196838,0.273661,0.250785,0.323548,0.340904,0.239476,0.158368,0.290662,0.293888,0.331202,0.281532,0.248233,0.270534,0.363967,0.135866,0.220095,0.217287,0.253778,0.212725,0.306931,0.195057,0.215402,0.301935,0.275469,0.369626,0.218156,0.289865,0.212580,0.204306,0.322795,0.135681,0.234176,0.300700,0.211145,0.294454,0.187217,0.254850,0.209434,0.378369,0.266117,0.215599,0.331263,0.261861,0.295823,0.232316,0.315961,0.270349,0.271181,0.284764,0.163782,0.215838,0.130037,0.324044,0.203106,0.284361,0.175720,0.144351,0.160926,0.109981,0.351993,0.369672,0.260958,0.330911,0.314137,0.230683,0.402128,0.373780,0.172716,0.289141,0.141461,0.116246,0.270369,0.256072,0.220922,0.279184,0.323948,0.226019,0.222113,0.256148,0.125051,0.253769,0.268714,0.183562,0.292647,0.324148,0.231742,0.248324,0.288842,0.185244,0.347739,0.140431,0.280591,0.264975,0.259120,0.220825,0.261328,0.145176,0.135162,0.272857,0.290382,0.367641,0.275438,0.250624,0.328013,0.187112,0.122024,0.261324,0.285106,0.324096,0.289243,0.192399,0.271932,0.235319,0.413397,0.222104,0.226907,0.317882,0.268813,0.209916,0.250130,0.197127,0.279488,0.298830,0.235468,0.200729,0.419429,0.208517,0.089404,0.364440,0.234582,0.364512,#
6,0.168663,0.373523,0.313406,0.298513,0.263851,0.207183,1.000000,0.240414,0.256402,0.130229,0.226451,0.247819,0.137871,0.264329,0.144698,0.208317,0.184078,0.260900,0.271008,0.229950,0.264547,0.306601,0.122381,0.189961,0.175305,0.249814,0.187159,0.291721,0.317182,0.256102,0.153245,0.232195,0.211455,0.188852,0.121360,0.156389,0.152360,0.263660,0.263865,0.253533,0.266412,0.217423,0.123264,0.261373,0.172321,0.222717,0.223534,0.325592,0.157897,0.248262,0.169611,0.250288,0.280201,0.225459,0.123342,0.269310,0.167243,0.276505,0.260976,0.339700,0.241881,0.204984,0.212814,0.210488,0.232175,0.438151,0.233646,0.259100,0.242626,0.229996,0.243208,0.257255,0.318210,0.158562,0.327882,0.161532,0.246035,0.246122,0.315881,0.180151,0.266361,0.262506,0.274193,0.125833,0.279805,0.205188,0.216758,0.276334,0.235091,0.284105,0.251197,0.182537,0.214108,0.298345,0.175195,0.296669,0.274980,0.210869,0.264613,0.260386,0.278639,0.312239,0.216227,0.228114,0.041147,0.335071,0.153218,0.206569,0.227448,0.242911,0.278375,0.267493,0.209932,0.142284,0.201637,0.262321,0.314631,0.100908,0.163069,0.195562,0.243147,0.281744,0.181557,0.210419,0.215900,0.176475,0.177813,0.262982,0.129313,0.321625,0.240207,0.186794,0.282742,0.110398,0.343557,0.234022,0.185582,0.257457,0.224397,0.210905,0.180091,0.104091,0.095868,0.294086,0.137292,0.269094,0.228639,0.141758,0.215739,0.066009,0.352507,0.134976,0.272744,0.179894,0.273151,0.201849,0.133715,0.267743,0.238726,0.131173,0.107477,0.321441,0.291008,0.238321,0.274657,0.190573,0.155808,0.248414,0.206723,0.278196,0.088823,0.176679,0.198933,0.138241,0.267392,0.290621,0.151778,0.279349,0.299962,0.108287,0.089377,0.184416,0.256196,0.310367,0.276425,0.278001,0.155681,0.249163,0.296649,0.268727,0.194633,0.196781,0.267483,0.235508,0.185922,0.150282,0.180907,0.280882,0.188220,0.290899,#
7,0.157830,0.292190,0.300397,0.318234,0.274778,0.246279,0.240414,1.000000,0.266044,0.288072,0.318419,0.436732,0.098009,0.318367,0.271927,0.277476,0.173251,0.370929,0.233973,0.313901,0.252991,0.246174,0.334705,0.224792,0.332348,0.257407,0.319935,0.403931,0.256589,0.265090,0.275081,0.237357,0.357865,0.218264,0.125550,0.326673,0.163255,0.217385,0.341200,0.279914,0.280060,0.303954,0.275399,0.237365,0.266084,0.321617,0.246152,0.304518,0.294262,0.275158,0.398233,0.334998,0.201930,0.257795,0.214654,0.280514,0.230241,0.303122,0.312134,0.313070,0.292497,0.145118,0.311682,0.235820,0.385413,0.300067,0.294978,0.214506,0.263577,0.403286,0.228498,0.140981,0.422901,0.229524,0.230569,0.179042,0.215091,0.354244,0.306437,0.385403,0.291133,0.287737,0.359004,0.208877,0.344831,0.191059,0.341813,0.119312,0.274401,0.310532,0.249858,0.241987,0.289915,0.340267,0.174690,0.267744,0.192728,0.239597,0.200220,0.142414,0.308970,0.178615,0.257518,0.272379,0.162453,0.374505,0.339806,0.204388,0.295698,0.255598,0.218871,0.267933,0.163968,0.301265,0.422562,0.273033,0.128092,0.165968,0.200336,0.345261,0.259734,0.328352,0.199988,0.322180,0.324408,0.202181,0.345919,0.328693,0.197768,0.240765,0.152707,0.260974,0.362413,0.264660,0.452131,0.280581,0.114928,0.433282,0.255340,0.273466,0.347615,0.204851,0.148683,0.231168,0.333084,0.222296,0.258392,0.222417,0.185746,0.256068,0.278792,0.340797,0.166375,0.171874,0.126328,0.300064,0.291174,0.342067,0.311212,0.328014,0.218399,0.339499,0.249993,0.224262,0.163941,0.276786,0.357425,0.172832,0.278083,0.273070,0.254140,0.255387,0.284320,0.153504,0.270769,0.220652,0.219908,0.289996,0.077092,0.336508,0.249085,0.260083,0.261646,0.275722,0.064237,0.325066,0.149166,0.200740,0.190925,0.340513,0.285295,0.275744,0.323585,0.234342,0.233898,0.219814,0.157237,0.305134,0.318313,0.280844,#
8,0.298479,0.336164,0.214033,0.363399,0.316794,0.297478,0.256402,0.266044,1.000000,0.274873,0.369955,0.318218,0.251795,0.292208,0.399143,0.340770,0.127309,0.251346,0.219714,0.293309,0.293003,0.278278,0.246592,0.345806,0.195176,0.306858,0.260759,0.361133,0.191592,0.343042,0.180365,0.290704,0.233888,0.287352,0.221238,0.360724,0.309414,0.228359,0.316118,0.309552,0.294293,0.328523,0.122435,0.250520,0.412842,0.334282,0.278355,0.273526,0.202011,0.266817,0.268088,0.405160,0.184284,0.417567,0.268835,0.399222,0.299277,0.286312,0.271117,0.371569,0.344691,0.185436,0.384378,0.174663,0.376147,0.378355,0.336422,0.268249,0.414074,0.303297,0.222039,0.255642,0.358013,0.209768,0.274537,0.183629,0.267065,0.277730,0.314594,0.185295,0.335072,0.351770,0.330327,0.080017,0.391454,0.216440,0.300120,0.214106,0.319902,0.294537,0.257671,0.259905,0.309703,0.282687,0.374455,0.397373,0.381861,0.248173,0.268528,0.223291,0.314470,0.193850,0.263719,0.300778,0.350428,0.192476,0.340162,0.271764,0.159780,0.311752,0.168124,0.249710,0.141957,0.272526,0.303271,0.403215,0.269228,0.158332,0.121150,0.347611,0.324444,0.282378,0.244385,0.317300,0.289778,0.328244,0.236925,0.365012,0.128648,0.352382,0.245848,0.210645,0.340921,0.245162,0.368740,0.351337,0.227651,0.324141,0.334712,0.240165,0.329030,0.284358,0.399830,0.189205,0.265332,0.274155,0.310677,0.304025,0.251921,0.240561,0.386671,0.197823,0.243738,0.330976,0.443476,0.354091,0.246325,0.302196,0.242904,0.299799,0.164155,0.329558,0.161929,0.308646,0.325018,0.298415,0.288442,0.174448,0.275595,0.298416,0.299004,0.148155,0.224729,0.255368,0.259737,0.254900,0.198952,0.349320,0.273439,0.251395,0.279112,0.253873,0.229572,0.346970,0.260967,0.323124,0.122715,0.167559,0.290196,0.209779,0.289839,0.290287,0.282666,0.235932,0.376845,0.169042,0.205484,0.157996,0.266305,0.199607,#
9,0.238510,0.200218,0.228143,0.278740,0.224433,0.315414,0.130229,0.288072,0.274873,1.000000,0.423321,0.239445,0.117194,0.236935,0.290817,0.312952,0.188913,0.185197,0.136533,0.337439,0.305153,0.212413,0.231249,0.242190,0.166389,0.230704,0.315906,0.354289,0.233786,0.245831,0.353836,0.240819,0.165454,0.263070,0.289668,0.299422,0.097687,0.305664,0.316573,0.211119,0.334409,0.289036,0.158563,0.090349,0.222736,0.377884,0.216287,0.245494,0.130307,0.189688,0.295352,0.345411,0.257694,0.191851,0.169297,0.359227,0.264959,0.223848,0.230155,0.168896,0.264299,0.230489,0.353735,0.251342,0.350303,0.272392,0.147635,0.197433,0.271892,0.157864,0.311062,0.296068,0.254164,0.238816,0.239853,0.212249,0.249659,0.199724,0.378630,0.297784,0.200514,0.337741,0.204771,0.106568,0.322255,0.239410,0.374453,0.210818,0.123367,0.092126,0.150201,0.339723,0.265604,0.221774,0.278913,0.292989,0.375366,0.252750,0.225420,0.047762,0.250563,0.235724,0.380245,0.210541,0.328250,0.224706,0.287331,0.215000,0.266726,0.138919,0.215287,0.204240,0.224886,0.335296,0.195454,0.291551,0.210212,0.247033,0.311040,0.104534,0.308133,0.385666,0.202822,0.311304,0.217231,0.232471,0.091360,0.343463,0.217567,0.326228,0.203530,0.257387,0.231305,0.279082,0.298058,0.197494,0.235795,0.370739,0.167468,0.127685,0.170236,0.301931,0.244374,0.191897,0.246067,0.144396,0.263202,0.265120,0.087680,0.394203,0.233031,0.122685,0.382204,0.288523,0.245045,0.261259,0.264926,0.284058,0.357020,0.168754,0.222789,0.212884,0.117026,0.377826,0.252931,0.116940,0.244944,0.192870,0.422045,0.232580,0.239900,0.197582,0.233626,0.252307,0.194070,0.283470,0.253859,0.171157,0.149584,0.307291,0.108509,0.226739,0.329962,0.263455,0.154200,0.268555,0.183704,0.255225,0.367199,0.207457,0.249877,0.228010,0.235469,0.240633,0.258167,0.207041,0.145654,0.174102,0.232001,0.224452,#
10,0.366853,0.436034,0.349905,0.400176,0.293159,0.321072,0.226451,0.318419,0.369955,0.423321,1.000000,0.274279,0.112370,0.328279,0.350675,0.298723,0.219564,0.332365,0.393111,0.352241,0.243946,0.261317,0.180271,0.304970,0.281186,0.241063,0.347556,0.368222,0.236549,0.340840,0.334711,0.305191,0.318715,0.275019,0.235669,0.414093,0.215109,0.298806,0.413743,0.292387,0.297031,0.247584,0.237697,0.134835,0.242462,0.372662,0.324510,0.344986,0.288463,0.344852,0.297319,0.353334,0.292197,0.320409,0.217977,0.342712,0.209718,0.227901,0.326183,0.303760,0.254993,0.314586,0.308626,0.356602,0.386109,0.360143,0.372795,0.257608,0.331080,0.257237,0.311333,0.312015,0.351596,0.229482,0.229979,0.240391,0.302532,0.244151,0.326618,0.224169,0.339122,0.334683,0.341339,0.247984,0.408544,0.126327,0.381025,0.263930,0.310070,0.287357,0.216268,0.265608,0.351586,0.299204,0.274199,0.380255,0.357285,0.178607,0.356781,0.271043,0.279438,0.260913,0.292210,0.298737,0.347640,0.164120,0.340562,0.402191,0.185620,0.225899,0.234627,0.349339,0.229320,0.314308,0.367880,0.457607,0.235659,0.143193,0.195755,0.221808,0.270292,0.312533,0.264396,0.296617,0.253222,0.228981,0.211604,0.314896,0.281592,0.422222,0.318702,0.299419,0.308109,0.222684,0.353545,0.311981,0.206797,0.442114,0.146361,0.272652,0.350890,0.209165,0.330769,0.263828,0.361054,0.212059,0.111355,0.208286,0.200788,0.327811,0.295655,0.322508,0.341212,0.236578,0.344215,0.255736,0.336956,0.183269,0.320942,0.304000,0.292383,0.286560,0.315001,0.349264,0.335381,0.199897,0.319486,0.210314,0.266878,0.353642,0.318228,0.266054,0.256841,0.279503,0.316018,0.175323,0.249253,0.366381,0.271389,0.334660,0.294832,0.251608,0.389042,0.225861,0.279221,0.292256,0.117029,0.171966,0.331948,0.286898,0.341368,0.317519,0.251933,0.205023,0.348296,0.241773,0.140145,0.340320,0.358340,0.415184,#
11,0.224438,0.379550,0.400330,0.388767,0.259090,0.255446,0.247819,0.436732,0.318218,0.239445,0.274279,1.000000,0.209018,0.274280,0.161867,0.263772,0.256070,0.355393,0.223077,0.139080,0.294576,0.361083,0.182318,0.329456,0.378358,0.401032,0.218311,0.422285,0.078277,0.356311,0.335210,0.311443,0.277956,0.289816,0.193172,0.310252,0.280690,0.233759,0.321055,0.317204,0.335598,0.387510,0.358885,0.392488,0.197995,0.416771,0.282861,0.315892,0.219013,0.204494,0.382359,0.344773,0.266716,0.413693,0.160888,0.291612,0.271964,0.300584,0.308067,0.248406,0.238517,0.256565,0.364434,0.298981,0.378896,0.399096,0.330119,0.380997,0.330749,0.363895,0.216933,0.210979,0.391525,0.221991,0.257974,0.195175,0.257699,0.280460,0.382869,0.248902,0.346101,0.216760,0.353838,0.242086,0.384762,0.149334,0.378799,0.316377,0.309699,0.227926,0.302191,0.344621,0.385678,0.516057,0.248649,0.313085,0.229601,0.229038,0.337971,0.350272,0.339365,0.288764,0.258070,0.298994,0.222478,0.379555,0.346833,0.329629,0.352636,0.281389,0.325816,0.289402,0.342008,0.303749,0.127617,0.483447,0.299093,0.213608,0.162655,0.311771,0.257992,0.361911,0.331707,0.336508,0.284711,0.203292,0.313390,0.350245,0.305034,0.271368,0.205894,0.426938,0.324750,0.301701,0.287912,0.281098,0.048102,0.449550,0.158527,0.332547,0.280783,0.235920,0.225492,0.322219,0.365500,0.246967,0.373982,0.188898,0.218593,0.222825,0.254041,0.407806,0.252526,0.248383,0.315330,0.255613,0.241319,0.159114,0.279255,0.268147,0.251694,0.378061,0.192496,0.296410,0.322932,0.219946,0.380834,0.294509,0.343666,0.342677,0.317246,0.160026,0.235496,0.156968,0.303694,0.335968,0.324902,0.264209,0.155252,0.249161,0.358632,0.263445,0.295109,0.234042,0.126885,0.345383,0.179115,0.230197,0.256794,0.323025,0.221972,0.234706,0.403969,0.194288,0.414844,0.235161,0.198345,0.313501,0.254190,0.303537,#
12,0.157779,0.237801,0.200133,0.219150,0.216041,0.229942,0.137871,0.098009,0.251795,0.117194,0.112370,0.209018,1.000000,0.163993,0.284244,0.210054,0.272397,0.232648,0.319039,0.327736,0.276562,0.155198,0.171283,0.220345,0.167667,0.213984,0.228756,0.292551,0.197263,0.326455,0.044470,0.278010,0.252570,0.204399,0.191898,0.256236,0.215095,0.140755,0.220010,0.222669,0.354898,0.206884,0.261591,0.281421,0.278706,0.283870,0.234473,0.087554,0.215508,0.138433,0.298748,0.201673,0.186251,0.272450,0.186840,0.255770,0.151134,0.228978,0.158151,0.155293,0.239890,0.219047,0.171203,0.273127,0.331327,0.249555,0.199878,0.150900,0.211855,0.145575,0.098413,0.261625,0.247817,0.113171,0.299101,0.235570,0.234232,0.138881,0.182916,0.133863,0.248128,0.186034,0.150610,0.170276,0.255908,0.263623,0.218264,0.266947,0.279406,0.198912,0.204766,0.189718,0.188180,0.291315,0.190937,0.146437,0.372830,0.256237,0.107890,0.108600,0.203450,0.215134,0.240782,0.239725,0.319081,0.161144,0.210578,0.138903,0.111932,0.214316,0.285788,0.076879,0.243730,0.241140,0.188724,0.185572,0.258441,0.149688,0.174887,0.172755,0.214064,0.330612,0.329184,0.250026,0.132526,0.111150,0.230976,0.145511,0.111255,0.135081,0.186596,0.209295,0.176452,0.128947,0.223955,0.150184,0.192975,0.203250,0.230007,0.223013,0.285797,0.185871,0.153136,0.187035,0.104590,0.244411,0.210718,0.218322,0.148887,0.163272,0.162478,0.340389,0.167290,0.152844,0.194448,0.244626,0.136109,0.017893,0.137280,0.114647,0.130378,0.359819,0.194172,0.302187,0.212629,0.152881,0.299495,0.115856,0.200708,0.255374,0.176916,0.209516,0.193606,0.182477,0.227742,0.124690,0.242381,0.269086,0.116687,0.240096,0.234839,0.187411,0.286101,0.168987,0.235146,0.232987,0.229924,0.259394,0.177930,0.050354,0.283571,0.243994,0.263782,0.217833,0.196172,0.180502,0.165727,0.211348,0.258370,0.172756,#
13,0.155269,0.328169,0.312705,0.319794,0.275076,0.174862,0.264329,0.318367,0.292208,0.236935,0.328279,0.274280,0.163993,1.000000,0.350561,0.259632,0.260003,0.211168,0.265726,0.394552,0.301853,0.255589,0.157401,0.230343,0.310907,0.414651,0.329193,0.358118,0.220397,0.266977,0.324610,0.265252,0.303785,0.294348,0.207936,0.279921,0.176956,0.336485,0.195572,0.289748,0.213851,0.312957,0.320545,0.226915,0.268827,0.359197,0.366260,0.291842,0.259214,0.226363,0.333350,0.341590,0.292433,0.356757,0.236874,0.444194,0.204481,0.274302,0.294752,0.359451,0.342988,0.259300,0.417423,0.241169,0.306001,0.297609,0.462930,0.272489,0.436182,0.339746,0.185876,0.229149,0.330678,0.166000,0.382508,0.219589,0.335387,0.397804,0.422714,0.255033,0.382925,0.451642,0.312282,0.353952,0.438046,0.176237,0.431275,0.329871,0.334371,0.324014,0.261594,0.266126,0.373542,0.369607,0.230218,0.306175,0.316713,0.237457,0.289704,0.315569,0.332372,0.323670,0.324284,0.358831,0.267445,0.350281,0.347807,0.299103,0.387578,0.301318,0.262033,0.260539,0.372944,0.324820,0.334150,0.342642,0.336593,0.246226,0.164408,0.288544,0.371319,0.408461,0.264060,0.373163,0.327506,0.183780,0.198794,0.218518,0.338432,0.327672,0.187554,0.260552,0.260691,0.209915,0.401901,0.340813,0.308655,0.343973,0.376132,0.301977,0.222426,0.258775,0.387420,0.295019,0.382304,0.410929,0.254623,0.348271,0.106624,0.286089,0.293162,0.297917,0.272348,0.374369,0.368296,0.320976,0.162850,0.358403,0.279761,0.287838,0.208192,0.450839,0.188736,0.404869,0.329334,0.295328,0.241939,0.182065,0.286479,0.332998,0.322435,0.371036,0.265402,0.232853,0.313723,0.293091,0.206681,0.291563,0.296174,0.122954,0.263876,0.318289,0.301869,0.347513,0.263593,0.375485,0.315475,0.299189,0.253386,0.296670,0.218496,0.397490,0.311308,0.267994,0.241873,0.301467,0.251260,0.298421,0.374642,0.248018,#
14,0.413367,0.199641,0.203242,0.292653,0.221489,0.297194,0.144698,0.271927,0.399143,0.290817,0.350675,0.161867,0.284244,0.350561,1.000000,0.410830,0.283903,0.330995,0.328322,0.451744,0.334022,0.155926,0.308987,0.386540,0.237613,0.215325,0.368560,0.326628,0.280345,0.315095,0.165026,0.264896,0.219997,0.168300,0.278059,0.331031,0.277476,0.320996,0.332807,0.392183,0.360360,0.261920,0.288359,0.206663,0.336159,0.433995,0.296725,0.267795,0.216780,0.285158,0.402008,0.251171,0.313891,0.346453,0.419166,0.358067,0.331480,0.263591,0.241095,0.268975,0.367767,0.346742,0.277337,0.303564,0.369045,0.214038,0.348497,0.308601,0.293547,0.317385,0.162086,0.293364,0.208192,0.310517,0.250680,0.200997,0.273606,0.298526,0.300060,0.253228,0.355096,0.228515,0.334152,0.275940,0.352724,0.289196,0.222753,0.147498,0.327230,0.251730,0.307426,0.254929,0.369437,0.322149,0.322314,0.223393,0.367293,0.283934,0.244843,0.209620,0.292921,0.320149,0.284069,0.367208,0.322945,0.268964,0.407341,0.409761,0.223421,0.275872,0.112302,0.122155,0.278694,0.216879,0.314538,0.339197,0.224823,0.227370,0.257290,0.297724,0.448505,0.367878,0.155880,0.270408,0.285892,0.188624,0.276004,0.227604,0.093795,0.396347,0.138775,0.303636,0.299701,0.132363,0.254560,0.241923,0.201582,0.285814,0.186621,0.195228,0.369077,0.350901,0.386502,0.184487,0.215133,0.335955,0.238512,0.215802,0.074632,0.189318,0.281099,0.268832,0.156223,0.289836,0.301877,0.219174,0.304605,0.243040,0.239743,0.161261,0.223773,0.358160,0.222746,0.212910,0.337756,0.153517,0.265201,0.237358,0.211491,0.333350,0.328216,0.288991,0.309676,0.279874,0.229806,0.166871,0.361060,0.366544,0.341079,0.301608,0.254036,0.359879,0.268662,0.325510,0.270590,0.289480,0.196961,0.174332,0.201726,0.239807,0.240392,0.350416,0.272265,0.341947,0.291675,0.157335,0.037505,0.278726,0.332103,0.275661,#
15,0.343723,0.190178,0.308463,0.322531,0.266171,0.235296,0.208317,0.277476,0.340770,0.312952,0.298723,0.263772,0.210054,0.259632,0.410830,1.000000,0.309532,0.383987,0.341855,0.303484,0.273406,0.221403,0.303938,0.372928,0.274047,0.398372,0.357153,0.318997,0.285462,0.280603,0.217435,0.318664,0.254587,0.351080,0.232486,0.278132,0.251523,0.231001,0.363130,0.266823,0.397261,0.338115,0.248305,0.279531,0.356675,0.352841,0.166003,0.304974,0.128530,0.336329,0.280081,0.374199,0.362304,0.316048,0.335483,0.324668,0.229634,0.312176,0.290437,0.398689,0.324155,0.171997,0.369006,0.236781,0.297879,0.345723,0.339394,0.319799,0.286704,0.229753,0.288742,0.339265,0.279029,0.195494,0.309919,0.218689,0.210973,0.362945,0.310804,0.231052,0.436580,0.251734,0.198630,0.311732,0.350630,0.201122,0.316847,0.285276,0.340534,0.336025,0.274708,0.213770,0.306573,0.357311,0.267476,0.278598,0.416585,0.210218,0.306092,0.221829,0.358491,0.290405,0.302780,0.354601,0.208138,0.241258,0.318552,0.284166,0.242291,0.343533,0.202428,0.328778,0.243073,0.199561,0.292083,0.437392,0.236775,0.125613,0.196123,0.213619,0.365689,0.390489,0.254889,0.375209,0.268910,0.219902,0.269251,0.341422,0.199190,0.321393,0.116538,0.365279,0.287782,0.278574,0.334221,0.347983,0.198709,0.226096,0.243867,0.128788,0.231030,0.333181,0.340826,0.214919,0.364517,0.299167,0.284314,0.268494,0.294030,0.257802,0.274419,0.196464,0.259096,0.417079,0.178642,0.382035,0.241018,0.291022,0.234668,0.235591,0.179561,0.289356,0.291191,0.293284,0.295412,0.307840,0.280073,0.255458,0.325983,0.303150,0.188856,0.232093,0.246299,0.192102,0.344059,0.192010,0.348582,0.272944,0.104579,0.330510,0.327344,0.279935,0.246080,0.385907,0.209273,0.332143,0.157100,0.308541,0.240834,0.205040,0.098722,0.349619,0.303406,0.280475,0.222942,0.224813,0.157230,0.293686,0.249218,0.144988,#
16,0.301800,0.217605,0.223945,0.286725,0.144994,0.267822,0.184078,0.173251,0.127309,0.188913,0.219564,0.256070,0.272397,0.260003,0.283903,0.309532,1.000000,0.287750,0.216735,0.306769,0.369211,0.242244,0.267086,0.258226,0.140673,0.332836,0.287424,0.165418,0.150122,0.274332,0.166545,0.351262,0.099345,0.331984,0.193373,0.323081,0.222862,0.201887,0.249395,0.262639,0.207909,0.317946,0.194243,0.287111,0.255648,0.377282,0.231305,0.265718,0.201169,0.176083,0.203490,0.294824,0.408722,0.223574,0.210678,0.223661,0.136866,0.238345,0.255689,0.176553,0.141157,0.411212,0.322333,0.321610,0.349233,0.239649,0.263510,0.405013,0.162983,0.324653,0.099552,0.362387,0.379450,0.113294,0.225146,0.337797,0.187036,0.349065,0.302056,0.214247,0.199131,0.208522,0.199380,0.236409,0.278718,0.254200,0.372101,0.232943,0.349636,0.172777,0.265870,0.276171,0.230125,0.254874,0.208228,0.215018,0.311591,0.127764,0.292031,0.232827,0.232031,0.198680,0.149603,0.244789,0.220211,0.236889,0.286821,0.172771,0.132443,0.275477,0.245162,0.240778,0.266284,0.232951,0.289581,0.378188,0.264741,0.195455,0.169804,0.260902,0.256203,0.321327,0.328420,0.307551,0.288116,0.068602,0.209118,0.118358,0.168041,0.287965,0.131753,0.285216,0.382307,0.038583,0.356946,0.345586,0.088267,0.337718,0.208816,0.292108,0.146897,0.216251,0.172024,0.261882,0.282478,0.199570,0.130107,0.242250,0.222148,0.176991,0.126532,0.288468,0.183380,0.199347,0.234057,0.271092,0.177756,0.178494,0.228785,0.194370,0.170091,0.373162,0.251762,0.307670,0.281710,0.158168,0.307042,0.256501,0.184481,0.179490,0.142501,0.103697,0.180652,0.102096,0.203194,0.307971,0.159214,0.174146,0.216008,0.174205,0.221369,0.288283,0.290897,0.059136,0.124769,0.235438,0.309601,0.253736,0.227878,0.155555,0.326037,0.122531,0.078610,0.191422,0.297178,0.290277,0.067281,0.239911,0.140323,0.207190,#
17,0.399478,0.323870,0.257515,0.402592,0.315732,0.288186,0.260900,0.370929,0.251346,0.185197,0.332365,0.355393,0.232648,0.211168,0.330995,0.383987,0.287750,1.000000,0.283506,0.368306,0.409675,0.297385,0.271590,0.413015,0.268273,0.309622,0.286920,0.243667,0.272449,0.331601,0.282595,0.346211,0.442347,0.251630,0.189007,0.341326,0.164878,0.417852,0.394276,0.205116,0.336100,0.299202,0.223467,0.381138,0.242050,0.379877,0.355608,0.272391,0.299735,0.301184,0.327063,0.248542,0.233528,0.305061,0.269100,0.344098,0.325410,0.392280,0.282394,0.334495,0.333906,0.286070,0.254598,0.290681,0.311713,0.418371,0.386738,0.367530,0.322270,0.398303,0.318225,0.336495,0.407030,0.197352,0.283063,0.342717,0.297822,0.347463,0.253993,0.321426,0.305352,0.334921,0.461624,0.257476,0.373433,0.143756,0.368848,0.277169,0.426932,0.317532,0.303950,0.189896,0.372729,0.328399,0.222935,0.297041,0.330494,0.341550,0.336445,0.286868,0.301544,0.217892,0.230740,0.375772,0.245938,0.353544,0.328362,0.398344,0.196337,0.159816,0.272005,0.267483,0.306494,0.358466,0.263945,0.369519,0.283532,0.195390,0.206497,0.313797,0.251991,0.378958,0.273592,0.364432,0.466103,0.231265,0.287803,0.283309,0.165344,0.277698,0.191826,0.352402,0.433548,0.332301,0.340468,0.351203,0.355929,0.314290,0.257506,0.327621,0.356426,0.294000,0.256692,0.266674,0.371915,0.354738,0.135332,0.288694,0.211454,0.200225,0.310190,0.195258,0.209858,0.341987,0.313161,0.341989,0.239345,0.313893,0.411914,0.281579,0.313235,0.386532,0.293274,0.276475,0.308704,0.270273,0.257066,0.299489,0.232512,0.267535,0.375040,0.225661,0.248375,0.256814,0.356573,0.219751,0.341574,0.298595,0.118219,0.373961,0.298740,0.423891,0.300281,0.201743,0.153565,0.289563,0.252655,0.272167,0.357246,0.297978,0.254117,0.421655,0.288968,0.256763,0.453159,0.307598,0.260648,0.272408,0.258858,0.276421,#
18,0.364805,0.237405,0.269780,0.327679,0.296914,0.221807,0.271008,0.233973,0.219714,0.136533,0.393111,0.223077,0.319039,0.265726,0.328322,0.341855,0.216735,0.283506,1.000000,0.324139,0.324241,0.227664,0.165692,0.421376,0.316501,0.301384,0.304508,0.368286,0.301941,0.206980,0.215099,0.222657,0.359206,0.213170,0.268356,0.366897,0.305602,0.240216,0.292386,0.395406,0.325283,0.304887,0.262709,0.233972,0.239079,0.296623,0.172744,0.257563,0.173192,0.319309,0.337038,0.227716,0.344298,0.312900,0.276801,0.293017,0.228824,0.309923,0.231036,0.219211,0.228635,0.244626,0.336451,0.311872,0.271550,0.348517,0.380783,0.315799,0.212364,0.155019,0.127939,0.234365,0.264874,0.129638,0.233646,0.227047,0.221213,0.334423,0.333443,0.291362,0.361843,0.232416,0.284940,0.299467,0.254216,0.080514,0.381104,0.195356,0.351451,0.265147,0.328554,0.215816,0.288787,0.300388,0.266621,0.334261,0.437196,0.271807,0.238130,0.310242,0.243060,0.320879,0.365713,0.325586,0.362786,0.273977,0.274449,0.276059,0.239943,0.287038,0.356944,0.367744,0.250560,0.273421,0.248927,0.273300,0.220859,0.081257,0.248003,0.286008,0.262034,0.320902,0.252321,0.208744,0.280344,0.190906,0.241280,0.272587,0.271919,0.296648,0.213618,0.379925,0.237167,0.216540,0.357988,0.162162,0.216708,0.364079,0.177964,0.326102,0.315063,0.189602,0.227648,0.227103,0.331884,0.305201,0.137619,0.188176,0.137215,0.227626,0.200636,0.303262,0.268291,0.243196,0.254030,0.351441,0.357379,0.269133,0.180515,0.351436,0.286624,0.329931,0.252046,0.284210,0.260601,0.267747,0.346305,0.279032,0.248765,0.360741,0.100573,0.226911,0.293984,0.224593,0.227539,0.284148,0.320197,0.379966,0.384460,0.232253,0.190039,0.271199,0.334494,0.178238,0.333225,0.250082,0.319668,0.362014,0.266084,0.227590,0.249668,0.367148,0.348895,0.245383,0.276327,0.247642,0.207576,0.326300,0.380373,0.225598,#
19,0.373137,0.285570,0.317289,0.321023,0.417031,0.222587,0.229950,0.313901,0.293309,0.337439,0.352241,0.139080,0.327736,0.394552,0.451744,0.303484,0.306769,0.368306,0.324139,1.000000,0.322291,0.253652,0.284501,0.330397,0.237928,0.421327,0.346498,0.329722,0.298659,0.395854,0.283683,0.315652,0.322784,0.239136,0.302373,0.403655,0.193969,0.274456,0.450890,0.253226,0.333595,0.318548,0.160749,0.197630,0.265724,0.389449,0.380735,0.418630,0.233867,0.373281,0.319723,0.346992,0.253800,0.404068,0.305607,0.404334,0.277645,0.275894,0.303694,0.319179,0.321231,0.328216,0.362733,0.334894,0.395458,0.293826,0.334903,0.321936,0.281573,0.347815,0.324616,0.334593,0.376970,0.166972,0.343873,0.360959,0.279576,0.404757,0.444471,0.229104,0.389241,0.409342,0.370911,0.223635,0.451058,0.206425,0.356738,0.282401,0.386198,0.251149,0.255738,0.297382,0.387386,0.302461,0.302232,0.364934,0.391119,0.371153,0.202236,0.191897,0.310233,0.303671,0.317987,0.353646,0.383208,0.393771,0.341366,0.462937,0.199460,0.177565,0.288808,0.275363,0.331702,0.405168,0.372081,0.322408,0.328452,0.319047,0.316862,0.140966,0.423147,0.462011,0.284746,0.389707,0.445900,0.226907,0.364947,0.322730,0.145906,0.350815,0.188556,0.200053,0.412334,0.241625,0.347964,0.358220,0.284011,0.412443,0.276097,0.270643,0.322162,0.362887,0.283166,0.261484,0.348358,0.338976,0.179484,0.387938,0.302611,0.206325,0.269797,0.343769,0.299050,0.386746,0.328331,0.243871,0.303546,0.232792,0.285869,0.194856,0.375138,0.355088,0.354757,0.294117,0.353850,0.254947,0.258538,0.266774,0.329221,0.266673,0.348841,0.272457,0.352018,0.254717,0.283135,0.243543,0.369054,0.391379,0.255052,0.279573,0.183243,0.364478,0.307684,0.329827,0.250053,0.358474,0.264699,0.333342,0.360712,0.259655,0.360239,0.397422,0.253248,0.317289,0.317233,0.288035,0.248233,0.320266,0.424207,0.378295,#
20,0.338741,0.267139,0.382703,0.313170,0.382550,0.319849,0.264547,0.252991,0.293003,0.305153,0.243946,0.294576,0.276562,0.301853,0.334022,0.273406,0.369211,0.409675,0.324241,0.322291,1.000000,0.311617,0.241086,0.397616,0.371304,0.401047,0.300971,0.366629,0.303426,0.321208,0.240138,0.240858,0.299224,0.264571,0.255233,0.333357,0.302150,0.322345,0.321925,0.366218,0.381847,0.476453,0.206671,0.214101,0.345614,0.445868,0.366767,0.307922,0.249935,0.247202,0.209973,0.366001,0.359091,0.336827,0.301774,0.312236,0.329410,0.337435,0.287671,0.307378,0.305413,0.272140,0.381822,0.340584,0.373756,0.250930,0.356180,0.337017,0.372198,0.368288,0.326801,0.386203,0.476257,0.271027,0.278637,0.200559,0.333374,0.394965,0.319145,0.308995,0.289960,0.255834,0.440028,0.195741,0.365554,0.304715,0.405566,0.285748,0.453302,0.338461,0.331298,0.367156,0.353089,0.415571,0.328453,0.271985,0.429714,0.330685,0.275927,0.158822,0.332043,0.245808,0.342867,0.361184,0.281830,0.314412,0.299958,0.310853,0.237819,0.352375,0.355301,0.333729,0.327226,0.350007,0.239424,0.447002,0.419263,0.265393,0.142617,0.327122,0.267615,0.369979,0.272317,0.308666,0.354800,0.224384,0.361695,0.367738,0.296131,0.355187,0.265356,0.378189,0.321478,0.201812,0.397039,0.271286,0.340924,0.372884,0.297725,0.300019,0.339561,0.307108,0.228378,0.296255,0.375103,0.254173,0.194988,0.303981,0.202810,0.306170,0.343517,0.342286,0.190859,0.277433,0.321194,0.318437,0.239121,0.174870,0.289723,0.395339,0.336178,0.392412,0.256604,0.272689,0.389589,0.230645,0.197353,0.348842,0.279814,0.262322,0.291842,0.211775,0.244354,0.278809,0.249615,0.372381,0.186957,0.257272,0.367588,0.336568,0.252665,0.312274,0.261548,0.289696,0.283685,0.182339,0.268541,0.283875,0.368292,0.316817,0.277808,0.400615,0.277886,0.270918,0.407639,0.310242,0.213990,0.339069,0.348521,0.301069,#
21,0.318138,0.337827,0.407950,0.312841,0.247605,0.238078,0.306601,0.246174,0.278278,0.212413,0.261317,0.361083,0.155198,0.255589,0.155926,0.221403,0.242244,0.297385,0.227664,0.253652,0.311617,1.000000,0.218141,0.310855,0.248038,0.257298,0.338177,0.362858,0.285481,0.343306,0.272610,0.284454,0.227928,0.304106,0.191556,0.344373,0.319560,0.325768,0.403070,0.238248,0.272220,0.351225,0.171036,0.306724,0.254500,0.330633,0.330607,0.367653,0.099274,0.314992,0.271174,0.279798,0.254047,0.270110,0.255272,0.283265,0.255450,0.275976,0.196751,0.209872,0.253261,0.163790,0.390012,0.304690,0.418144,0.326883,0.266933,0.291624,0.369412,0.391254,0.446971,0.257568,0.438932,0.311992,0.229337,0.230815,0.269651,0.254468,0.262706,0.242780,0.377259,0.306413,0.242019,0.071663,0.380361,0.152317,0.369947,0.192534,0.314874,0.355451,0.213215,0.250472,0.252052,0.253574,0.312872,0.290327,0.362971,0.253693,0.184964,0.274090,0.462592,0.257444,0.224656,0.283165,0.286038,0.342216,0.255839,0.296676,0.230159,0.249352,0.326975,0.289851,0.233985,0.286857,0.223561,0.362731,0.401234,0.175138,0.188169,0.330563,0.250602,0.346513,0.195598,0.388501,0.248469,0.213388,0.233176,0.267054,0.178594,0.226996,0.253862,0.258193,0.359986,0.243468,0.285268,0.220241,0.340884,0.245726,0.172950,0.364845,0.271447,0.314202,0.270525,0.212260,0.304874,0.303802,0.258352,0.349895,0.252265,0.216162,0.293529,0.223892,0.235812,0.316644,0.293413,0.273520,0.174783,0.274574,0.244740,0.216160,0.308003,0.297165,0.240998,0.270140,0.322194,0.110246,0.093335,0.297550,0.206752,0.362791,0.194290,0.194232,0.314246,0.213320,0.242203,0.328689,0.274014,0.240236,0.212748,0.284204,0.240598,0.306998,0.159923,0.281635,0.196294,0.231126,0.249734,0.325590,0.395820,0.247115,0.330918,0.194755,0.328821,0.193973,0.421101,0.313707,0.210267,0.305348,0.314402,0.255583,#
