0,1.000000,0.442179,0.398880,0.282983,0.328449,0.347271,0.391308,0.227916,0.359942,0.376602,0.446233,0.412282,0.386128,0.313989,0.382411,0.340920,0.401911,0.467346,0.389765,0.315183,0.411109,0.461230,0.323508,0.379340,0.332364,0.260744,0.367027,0.445053,0.407017,0.342510,0.350576,0.306131,0.418274,0.250826,0.291507,0.405291,0.407869,0.380369,0.300131,0.406107,0.259721,0.405971,0.317167,0.389528,0.297226,0.320271,0.413954,0.366534,0.418047,0.373716,0.491766,0.316940,0.314347,0.301639,0.439832,0.269638,0.380389,0.382085,0.285315,0.333617,0.377923,0.326569,0.391804,0.391268,0.376355,0.225656,0.394563,0.338393,0.306790,0.361014,0.431519,0.395482,0.395257,0.385024,0.328385,0.337504,0.347031,0.376979,0.375424,0.277060,0.462667,0.339164,0.400718,0.382205,0.365407,0.433997,0.408123,0.307217,0.410398,0.363499,0.402828,0.272475,0.305253,0.328169,0.348079,0.407826,0.377713,0.329469,0.415333,0.374093,0.373399,0.408385,0.348483,0.399858,0.327490,0.364836,0.385840,0.404864,0.358656,0.302794,0.260473,0.354478,0.387337,0.370041,0.268933,0.339263,0.391616,0.296486,0.429884,0.306639,0.418237,0.285841,0.241029,0.308175,0.303399,0.449839,0.308006,0.338255,0.312505,0.430028,0.398544,0.400858,0.347777,0.327986,0.402370,0.263361,0.396016,0.349684,0.358545,0.449111,0.322573,0.368300,0.400649,0.375334,0.349049,0.383304,0.335144,0.236408,0.368066,0.304724,0.381339,0.308474,0.354622,0.338559,0.311684,0.192549,0.266292,0.313286,0.386753,0.364731,0.393398,0.405285,0.261734,0.378511,0.373243,0.241834,0.231879,0.348947,0.385725,0.373519,0.488151,0.157614,0.422291,0.441625,0.376877,0.339475,0.356129,0.345818,0.397395,0.296806,0.325413,0.453401,0.314556,0.242791,0.330990,0.398737,0.383802,0.511853,0.338406,0.225481,0.403184,0.372058,0.264820,0.220144,0.348452,0.296272,0.366069,0.314783,0.347935,0.410937,#
1,0.442179,1.000000,0.377709,0.272366,0.436675,0.372556,0.431714,0.342325,0.289410,0.370699,0.477583,0.436884,0.411314,0.466650,0.375265,0.368724,0.350459,0.344378,0.499092,0.330868,0.376609,0.486590,0.318073,0.401318,0.470602,0.414178,0.418144,0.472115,0.419909,0.265253,0.413500,0.400931,0.442861,0.349235,0.398857,0.361764,0.336743,0.396284,0.330723,0.395992,0.359836,0.375785,0.507651,0.310021,0.369663,0.337089,0.461890,0.443067,0.372982,0.345872,0.480429,0.332639,0.465040,0.367097,0.390340,0.281378,0.397386,0.410255,0.433972,0.458105,0.443929,0.354140,0.409194,0.417013,0.372075,0.358855,0.348955,0.421432,0.383203,0.337758,0.413087,0.308373,0.424586,0.368261,0.436649,0.271944,0.463285,0.401952,0.468624,0.386912,0.395430,0.479551,0.472661,0.486761,0.305602,0.363650,0.351955,0.382697,0.409554,0.490228,0.380951,0.453322,0.378661,0.384432,0.267044,0.449267,0.370501,0.282112,0.451387,0.346022,0.326535,0.299740,0.368992,0.398052,0.309899,0.316337,0.394683,0.472131,0.347873,0.375380,0.419025,0.386651,0.471895,0.391903,0.415134,0.366507,0.433515,0.281961,0.474076,0.349829,0.335998,0.355249,0.325686,0.386155,0.401464,0.409918,0.477526,0.374504,0.372443,0.378701,0.409400,0.393174,0.278231,0.369330,0.501201,0.388515,0.377872,0.341202,0.370496,0.412888,0.414334,0.375162,0.272634,0.340113,0.399600,0.395907,0.422046,0.294183,0.458952,0.309760,0.369253,0.429405,0.409551,0.261917,0.279300,0.325684,0.383570,0.414523,0.393716,0.308313,0.263767,0.436053,0.338570,0.380183,0.386060,0.430952,0.269711,0.453261,0.337041,0.471106,0.428844,0.300565,0.334772,0.358043,0.485211,0.396957,0.327541,0.404879,0.416499,0.366679,0.395576,0.364725,0.388384,0.376190,0.512820,0.376064,0.325276,0.482969,0.300540,0.331289,0.500280,0.396359,0.260280,0.311628,0.402439,0.434409,0.282036,0.403604,0.358786,0.389436,#
2,0.398880,0.377709,1.000000,0.392830,0.346387,0.386065,0.420382,0.306129,0.251096,0.294154,0.325544,0.394504,0.363935,0.381669,0.372963,0.378743,0.387517,0.398716,0.421586,0.352527,0.357529,0.451103,0.428623,0.380862,0.448601,0.386151,0.391151,0.317388,0.343218,0.323364,0.423959,0.371626,0.387899,0.360080,0.363305,0.355334,0.339226,0.415682,0.318352,0.380658,0.413994,0.375207,0.375197,0.277956,0.279286,0.400121,0.387980,0.431147,0.296065,0.347698,0.411968,0.403151,0.425080,0.333248,0.328654,0.381726,0.258970,0.413509,0.308025,0.415138,0.198673,0.360202,0.385134,0.475984,0.411121,0.362286,0.360369,0.315261,0.348266,0.425265,0.354161,0.261081,0.317872,0.381728,0.394595,0.425429,0.327560,0.384512,0.369160,0.380826,0.449122,0.357345,0.362791,0.379614,0.281610,0.429025,0.415655,0.385887,0.278411,0.427586,0.311488,0.290421,0.389597,0.330305,0.324613,0.361179,0.348963,0.240302,0.431103,0.322581,0.373399,0.422356,0.353773,0.340085,0.436834,0.302490,0.347868,0.384392,0.326777,0.407901,0.388632,0.376884,0.390420,0.311204,0.316581,0.328946,0.312309,0.408511,0.259213,0.253393,0.358324,0.290363,0.290722,0.288288,0.310566,0.321141,0.397397,0.351874,0.360306,0.331311,0.312984,0.453579,0.287785,0.303082,0.378534,0.396040,0.388523,0.375333,0.291981,0.284835,0.264151,0.307622,0.424953,0.372281,0.459599,0.353013,0.328511,0.255640,0.456431,0.348869,0.364219,0.416384,0.364308,0.350563,0.264693,0.234085,0.285669,0.350317,0.375051,0.291281,0.453947,0.422680,0.396674,0.375302,0.351095,0.264017,0.313212,0.391541,0.333045,0.406138,0.406794,0.357223,0.326665,0.366432,0.468559,0.404676,0.462709,0.388445,0.371810,0.390436,0.399571,0.318657,0.271043,0.268613,0.358906,0.405731,0.412878,0.401603,0.314377,0.265826,0.377632,0.352644,0.418913,0.295616,0.352102,0.297728,0.402974,0.234081,0.487038,0.392509,#
3,0.282983,0.272366,0.392830,1.000000,0.276286,0.229609,0.322424,0.331095,0.242208,0.239567,0.272150,0.368580,0.235536,0.303132,0.143348,0.187782,0.258913,0.353299,0.280251,0.249990,0.255514,0.335308,0.319017,0.348320,0.341610,0.316961,0.275212,0.272407,0.331879,0.187804,0.320269,0.338843,0.301474,0.374832,0.201652,0.260756,0.324043,0.407270,0.284587,0.246713,0.290486,0.327816,0.417835,0.227559,0.276403,0.379211,0.376092,0.335631,0.230637,0.345542,0.409051,0.264920,0.270066,0.291918,0.199150,0.337423,0.267281,0.366581,0.275036,0.312862,0.244844,0.232617,0.336643,0.384174,0.320255,0.272676,0.252033,0.397153,0.191449,0.271268,0.419023,0.218496,0.210500,0.327487,0.355884,0.303734,0.236488,0.314457,0.310165,0.389075,0.294491,0.320716,0.277077,0.333162,0.267055,0.297824,0.408301,0.268312,0.271591,0.413780,0.313035,0.233625,0.287400,0.401027,0.189519,0.307901,0.276496,0.187133,0.352983,0.242195,0.249646,0.318300,0.323982,0.254530,0.346927,0.232780,0.287877,0.351244,0.290230,0.257391,0.321007,0.272498,0.286170,0.284439,0.195624,0.231795,0.312379,0.274259,0.282697,0.209802,0.312351,0.277117,0.326017,0.306169,0.266693,0.265807,0.330519,0.211219,0.318885,0.389452,0.269865,0.320055,0.315159,0.431586,0.307299,0.337928,0.279768,0.228421,0.299748,0.338450,0.321401,0.264214,0.352381,0.336929,0.360791,0.206613,0.304219,0.291054,0.342997,0.336084,0.319145,0.226472,0.263063,0.278634,0.215050,0.163112,0.315546,0.307104,0.192239,0.346900,0.394241,0.315688,0.302506,0.425049,0.338576,0.341755,0.257203,0.230321,0.295091,0.387388,0.355208,0.214824,0.284995,0.312068,0.350598,0.299296,0.220042,0.262189,0.243137,0.283641,0.373715,0.376638,0.319514,0.350361,0.300762,0.266802,0.213769,0.430463,0.167555,0.204895,0.335963,0.336015,0.332446,0.293456,0.177056,0.318899,0.350482,0.269936,0.343912,0.330373,#
4,0.328449,0.436675,0.346387,0.276286,1.000000,0.253965,0.448074,0.254655,0.344101,0.328079,0.449962,0.277929,0.373522,0.330937,0.281183,0.303853,0.307172,0.383806,0.421160,0.427467,0.284245,0.431730,0.323181,0.386946,0.414928,0.431106,0.328522,0.392118,0.371689,0.214001,0.375431,0.370360,0.453153,0.326746,0.381865,0.310450,0.195868,0.478157,0.329502,0.344846,0.355226,0.383696,0.396533,0.370998,0.359791,0.293502,0.407368,0.427283,0.368374,0.420396,0.399342,0.238824,0.375925,0.406345,0.345909,0.351959,0.246998,0.362508,0.286079,0.420518,0.387564,0.311621,0.320183,0.322131,0.314006,0.292791,0.396952,0.354694,0.344325,0.330729,0.331076,0.364970,0.348721,0.285620,0.365993,0.243459,0.258017,0.359787,0.292390,0.266788,0.474044,0.431625,0.281126,0.371550,0.340878,0.389688,0.315865,0.338330,0.381471,0.416473,0.322982,0.371031,0.268612,0.360569,0.216431,0.394475,0.301315,0.388566,0.460978,0.305969,0.345880,0.263383,0.288885,0.407208,0.430493,0.275863,0.335224,0.374542,0.323390,0.461953,0.435967,0.228137,0.402504,0.444971,0.282248,0.246064,0.315590,0.234524,0.392697,0.313638,0.313452,0.366844,0.335293,0.300298,0.362336,0.368779,0.411491,0.334739,0.228370,0.258080,0.304464,0.413008,0.333267,0.314063,0.409260,0.357171,0.319634,0.265778,0.235649,0.310677,0.374163,0.249885,0.348652,0.388964,0.322589,0.338678,0.388971,0.236918,0.391956,0.395775,0.352820,0.392053,0.403946,0.395435,0.274119,0.282006,0.374763,0.385553,0.304558,0.327087,0.291118,0.348834,0.311922,0.367112,0.299615,0.410435,0.358368,0.254013,0.377094,0.390828,0.458040,0.313862,0.292818,0.238936,0.391138,0.226286,0.348147,0.278668,0.222393,0.280430,0.286412,0.350297,0.259627,0.275663,0.365258,0.339966,0.341296,0.478010,0.355412,0.270527,0.381715,0.287510,0.375395,0.307422,0.345898,0.362001,0.351020,0.398055,0.379156,0.369734,#
5,0.347271,0.372556,0.386065,0.229609,0.253965,1.000000,0.270885,0.277995,0.281432,0.293918,0.248001,0.328648,0.291176,0.220596,0.257817,0.363602,0.337484,0.349095,0.351167,0.227164,0.329623,0.357777,0.350213,0.446833,0.256262,0.327962,0.289129,0.299907,0.354301,0.263926,0.202071,0.410755,0.310298,0.220284,0.305554,0.242876,0.436241,0.313664,0.316295,0.360220,0.319522,0.303131,0.277814,0.316912,0.229348,0.350375,0.290038,0.218343,0.363007,0.362807,0.354944,0.275163,0.350363,0.249908,0.274487,0.323824,0.269215,0.402494,0.240312,0.326061,0.358594,0.315958,0.356905,0.340993,0.319802,0.226550,0.329802,0.329401,0.193127,0.211219,0.424379,0.248792,0.367020,0.451904,0.311772,0.297029,0.325283,0.305770,0.336575,0.274019,0.372467,0.301495,0.321157,0.196103,0.156810,0.369134,0.272728,0.323923,0.290126,0.269450,0.238619,0.331455,0.212568,0.281585,0.205788,0.289992,0.316589,0.156725,0.357630,0.212146,0.330938,0.348980,0.360380,0.335323,0.239211,0.224864,0.275758,0.326050,0.250569,0.339880,0.391438,0.290974,0.345322,0.292128,0.258109,0.310883,0.429654,0.322533,0.235274,0.350132,0.190728,0.201274,0.269185,0.209481,0.334178,0.284594,0.264857,0.193257,0.323931,0.367571,0.308197,0.378793,0.209889,0.252971,0.410296,0.294656,0.250428,0.235139,0.256446,0.297420,0.341240,0.319388,0.287074,0.325418,0.312547,0.241967,0.241952,0.293025,0.325213,0.227651,0.306168,0.234966,0.303410,0.364103,0.202208,0.240246,0.297739,0.286615,0.332546,0.205050,0.363864,0.244301,0.302850,0.214179,0.273559,0.189501,0.146803,0.276958,0.350192,0.373739,0.200318,0.265104,0.358647,0.285176,0.270779,0.333927,0.274240,0.334032,0.361688,0.241298,0.368255,0.401907,0.381235,0.226704,0.301709,0.373197,0.271783,0.298117,0.239877,0.287433,0.432119,0.227990,0.249678,0.316839,0.314661,0.317088,0.329784,0.333372,0.324011,0.398930,#
6,0.391308,0.431714,0.420382,0.322424,0.448074,0.270885,1.000000,0.327875,0.281027,0.328838,0.405112,0.381828,0.344679,0.441934,0.251161,0.347131,0.394162,0.386286,0.429466,0.405652,0.385329,0.424649,0.353399,0.365585,0.419338,0.321847,0.317210,0.369410,0.390909,0.307430,0.330178,0.334740,0.396458,0.297047,0.302484,0.269530,0.280749,0.365463,0.300327,0.406521,0.406981,0.384071,0.413144,0.404075,0.379398,0.266016,0.435766,0.495068,0.367464,0.428069,0.355307,0.420215,0.420701,0.386524,0.290908,0.344502,0.366548,0.466417,0.321969,0.407750,0.271688,0.348329,0.302647,0.436266,0.276083,0.408405,0.375721,0.326701,0.340639,0.300296,0.415537,0.377385,0.349945,0.409075,0.363270,0.347446,0.368897,0.380520,0.378022,0.349940,0.419261,0.476340,0.453323,0.348479,0.368686,0.433777,0.404115,0.415552,0.459600,0.409682,0.386479,0.337339,0.352584,0.441554,0.276252,0.451775,0.324362,0.296293,0.456747,0.317292,0.403642,0.394442,0.237995,0.363421,0.264053,0.436776,0.380276,0.380966,0.362342,0.392738,0.379082,0.288217,0.404538,0.346569,0.326449,0.309618,0.399120,0.313793,0.399355,0.307053,0.289869,0.416611,0.268668,0.293012,0.304446,0.369794,0.366407,0.484158,0.251393,0.381211,0.336653,0.369862,0.425504,0.254868,0.515813,0.375514,0.296508,0.474117,0.329327,0.304938,0.338083,0.233991,0.346310,0.532505,0.277011,0.367173,0.334946,0.254940,0.328870,0.295566,0.408706,0.353893,0.376018,0.386398,0.337755,0.216429,0.312943,0.335246,0.305203,0.289582,0.333107,0.365133,0.344769,0.400617,0.415265,0.347455,0.238762,0.308157,0.449077,0.475348,0.346407,0.322645,0.345989,0.294065,0.403945,0.357422,0.366407,0.318405,0.401388,0.268547,0.246061,0.252882,0.327554,0.373671,0.405119,0.331124,0.342423,0.410950,0.347087,0.351204,0.393988,0.270980,0.396899,0.305961,0.295072,0.388978,0.357511,0.383529,0.292678,0.379137,#
7,0.227916,0.342325,0.306129,0.331095,0.254655,0.277995,0.327875,1.000000,0.235696,0.348146,0.324714,0.393871,0.313237,0.358001,0.215735,0.297195,0.348837,0.348789,0.336504,0.385036,0.286930,0.375135,0.458300,0.304163,0.420676,0.326805,0.325609,0.415028,0.296170,0.226332,0.374531,0.390773,0.374905,0.329990,0.279584,0.321571,0.273254,0.321242,0.320598,0.275680,0.251989,0.315895,0.449301,0.247511,0.310474,0.423531,0.326610,0.398638,0.371079,0.395879,0.412211,0.265373,0.304403,0.376847,0.356731,0.386377,0.372176,0.348465,0.281901,0.378754,0.275200,0.177041,0.329854,0.355188,0.412636,0.246112,0.338522,0.407433,0.317817,0.490237,0.339064,0.231396,0.397786,0.417897,0.387767,0.351214,0.378561,0.356432,0.391318,0.414385,0.317361,0.360044,0.404260,0.368703,0.288658,0.370042,0.408931,0.349378,0.369495,0.402249,0.307803,0.258567,0.311408,0.327698,0.282348,0.325380,0.292196,0.214498,0.288072,0.211226,0.351531,0.302814,0.293313,0.329210,0.213523,0.360301,0.340171,0.307511,0.347059,0.300253,0.339032,0.332518,0.281334,0.320397,0.399550,0.319107,0.331553,0.351010,0.396841,0.352544,0.316358,0.337127,0.322865,0.423112,0.439832,0.389975,0.378402,0.367812,0.295290,0.339156,0.294644,0.286883,0.273550,0.335944,0.434415,0.408176,0.270746,0.380841,0.397640,0.409966,0.405288,0.498754,0.208049,0.369873,0.446627,0.316416,0.388261,0.269822,0.397094,0.293264,0.365732,0.493060,0.299777,0.234378,0.210535,0.384960,0.319778,0.367889,0.290993,0.304839,0.374696,0.295907,0.298477,0.400772,0.381586,0.284438,0.336411,0.242505,0.413873,0.331007,0.358502,0.369808,0.347236,0.264919,0.361361,0.328479,0.350023,0.357491,0.254385,0.380109,0.321507,0.400693,0.227832,0.272462,0.272536,0.347190,0.362293,0.428514,0.276332,0.338531,0.382771,0.288497,0.236144,0.343539,0.194396,0.323472,0.390643,0.352993,0.341408,0.404760,#
8,0.359942,0.289410,0.251096,0.242208,0.344101,0.281432,0.281027,0.235696,1.000000,0.223783,0.365503,0.322047,0.350686,0.356320,0.316086,0.293926,0.347997,0.271363,0.243911,0.358931,0.268437,0.316660,0.317898,0.323026,0.321840,0.335601,0.207872,0.352282,0.282664,0.367160,0.249098,0.362800,0.327556,0.374968,0.310365,0.284593,0.283182,0.391428,0.268820,0.432328,0.312072,0.258346,0.263120,0.349607,0.346065,0.289375,0.382719,0.383627,0.233908,0.284835,0.305503,0.384316,0.252518,0.439918,0.332051,0.343076,0.253789,0.282625,0.264001,0.380308,0.321103,0.189535,0.430222,0.374498,0.276466,0.260883,0.331215,0.376404,0.401438,0.303414,0.231858,0.391755,0.298963,0.323889,0.238206,0.205571,0.329956,0.234431,0.347159,0.197456,0.318439,0.327401,0.316106,0.226375,0.269229,0.368705,0.306545,0.308783,0.360891,0.353602,0.302793,0.247053,0.257443,0.324407,0.295014,0.447636,0.362294,0.289575,0.294473,0.200284,0.338099,0.249705,0.207214,0.269989,0.296275,0.234146,0.384308,0.346504,0.221156,0.348159,0.271721,0.314732,0.297119,0.296210,0.260226,0.303762,0.440042,0.299644,0.197571,0.341942,0.304963,0.198855,0.309350,0.231580,0.308819,0.381832,0.251483,0.269462,0.347127,0.333202,0.351669,0.362660,0.284434,0.289671,0.420182,0.341657,0.296366,0.371161,0.424669,0.332500,0.275756,0.324340,0.414654,0.338125,0.362226,0.307779,0.309242,0.426459,0.371366,0.302843,0.310336,0.281316,0.318802,0.279702,0.315672,0.235901,0.348989,0.243707,0.281729,0.294134,0.225485,0.255082,0.233062,0.401853,0.262999,0.263334,0.292291,0.246558,0.319326,0.370013,0.407362,0.100757,0.228203,0.397685,0.346752,0.375417,0.251483,0.335067,0.276109,0.303071,0.380943,0.272113,0.111005,0.252407,0.386434,0.268125,0.291688,0.302877,0.249550,0.236531,0.380613,0.270748,0.198253,0.254015,0.273062,0.294382,0.334063,0.202037,0.278311,0.356717,#
9,0.376602,0.370699,0.294154,0.239567,0.328079,0.293918,0.328838,0.348146,0.223783,1.000000,0.460019,0.372344,0.337995,0.384851,0.335436,0.365284,0.309547,0.284374,0.337890,0.394513,0.318398,0.347761,0.381038,0.388292,0.336809,0.304922,0.375768,0.473847,0.327007,0.216067,0.406796,0.396479,0.315845,0.338522,0.315787,0.350810,0.196567,0.351748,0.296610,0.295357,0.328893,0.372018,0.287217,0.203802,0.375096,0.410055,0.340500,0.436007,0.400059,0.274447,0.411681,0.356104,0.333071,0.296196,0.358074,0.358882,0.411188,0.383251,0.231427,0.353595,0.295346,0.281083,0.403605,0.348977,0.349952,0.324598,0.278649,0.428804,0.373632,0.285591,0.367953,0.326464,0.279194,0.412300,0.392219,0.311164,0.469252,0.330144,0.440993,0.397948,0.405674,0.391857,0.467957,0.357682,0.381582,0.482593,0.418337,0.292172,0.406111,0.346206,0.268037,0.434405,0.315209,0.359784,0.309363,0.419444,0.434399,0.256970,0.364055,0.356404,0.404319,0.336521,0.438114,0.245896,0.340941,0.298618,0.361546,0.420641,0.296923,0.275018,0.250754,0.309342,0.404589,0.352778,0.357633,0.338423,0.434589,0.397634,0.449686,0.274862,0.486092,0.448388,0.322559,0.357764,0.369963,0.384884,0.288500,0.453593,0.272814,0.270829,0.351022,0.419966,0.282228,0.317526,0.483976,0.256662,0.303033,0.299479,0.362036,0.390715,0.316439,0.307871,0.290118,0.337580,0.360757,0.232852,0.396036,0.310970,0.295015,0.295535,0.397895,0.362925,0.395988,0.325231,0.299234,0.347850,0.387412,0.399572,0.347480,0.354166,0.322389,0.256363,0.188889,0.423713,0.384125,0.319719,0.258888,0.277003,0.414709,0.434130,0.372438,0.372839,0.347750,0.354344,0.350009,0.359621,0.313668,0.194149,0.251424,0.406306,0.331855,0.374173,0.363082,0.368920,0.322194,0.354627,0.457873,0.437357,0.368724,0.263645,0.389539,0.321304,0.225078,0.308206,0.302589,0.370646,0.310289,0.252620,0.359531,0.340774,#
10,0.446233,0.477583,0.325544,0.272150,0.449962,0.248001,0.405112,0.324714,0.365503,0.460019,1.000000,0.394062,0.312438,0.433192,0.327351,0.375596,0.436743,0.359840,0.468630,0.436840,0.369032,0.391090,0.348832,0.316975,0.381889,0.345157,0.445603,0.397788,0.313879,0.339672,0.402113,0.373057,0.352253,0.390396,0.366736,0.423452,0.190238,0.403623,0.341787,0.322351,0.258386,0.268172,0.388388,0.279270,0.347830,0.356912,0.400416,0.462103,0.410867,0.384356,0.359577,0.396330,0.367645,0.378321,0.379817,0.383818,0.351433,0.397788,0.346520,0.358639,0.383176,0.332377,0.400320,0.401586,0.339923,0.352346,0.394046,0.359619,0.366922,0.297766,0.339772,0.311417,0.330220,0.384696,0.360182,0.359185,0.450468,0.262562,0.418618,0.301246,0.366097,0.475885,0.364982,0.411193,0.349555,0.438222,0.411553,0.274627,0.422774,0.376661,0.248065,0.366714,0.387140,0.337795,0.266182,0.403459,0.421141,0.246270,0.463078,0.372023,0.436589,0.291472,0.358916,0.367996,0.394906,0.335782,0.468879,0.428878,0.355902,0.407606,0.279011,0.311649,0.404961,0.398814,0.362414,0.410941,0.412860,0.279175,0.298789,0.278843,0.342770,0.318297,0.361526,0.366993,0.418876,0.340829,0.346042,0.358816,0.306223,0.374419,0.386083,0.394659,0.337886,0.287431,0.484680,0.352755,0.363573,0.393977,0.289447,0.493390,0.327025,0.288628,0.458124,0.313379,0.332781,0.370203,0.275465,0.345425,0.346867,0.388631,0.326652,0.452912,0.363483,0.409837,0.366232,0.362255,0.359170,0.338510,0.309375,0.442987,0.295354,0.373654,0.315660,0.421431,0.341932,0.346112,0.268489,0.283603,0.351494,0.514351,0.463539,0.332329,0.382462,0.378803,0.428344,0.245071,0.335885,0.356380,0.386825,0.447605,0.392581,0.350254,0.373769,0.329268,0.433189,0.325559,0.364238,0.431718,0.343996,0.293323,0.363554,0.362384,0.311450,0.297718,0.328282,0.434654,0.393379,0.395229,0.416362,0.454815,#
11,0.412282,0.436884,0.394504,0.368580,0.277929,0.328648,0.381828,0.393871,0.322047,0.372344,0.394062,1.000000,0.430309,0.347045,0.213970,0.451620,0.423470,0.433416,0.416588,0.261485,0.406009,0.444027,0.387675,0.418268,0.485835,0.460798,0.297171,0.438423,0.313455,0.393746,0.400080,0.443761,0.375652,0.404505,0.326733,0.320106,0.426763,0.468025,0.286142,0.360269,0.385196,0.383396,0.451353,0.395424,0.336593,0.398067,0.420726,0.483613,0.350246,0.307702,0.450300,0.406198,0.340938,0.432779,0.341834,0.350374,0.505868,0.392755,0.365746,0.379666,0.326782,0.370246,0.463398,0.456833,0.417252,0.288781,0.390966,0.417539,0.355238,0.361126,0.383002,0.284346,0.352823,0.488042,0.457785,0.420040,0.387462,0.364324,0.537669,0.380506,0.413527,0.311047,0.387364,0.456285,0.429837,0.422910,0.490022,0.372438,0.413238,0.383895,0.432177,0.365589,0.414645,0.448915,0.322126,0.374677,0.339647,0.321937,0.395128,0.390192,0.450113,0.366909,0.382058,0.285422,0.356264,0.461060,0.428474,0.393816,0.370903,0.427134,0.327194,0.348161,0.421253,0.402950,0.279190,0.497170,0.453981,0.292926,0.390508,0.372431,0.359572,0.437024,0.372065,0.372979,0.407889,0.373400,0.512421,0.476567,0.392915,0.354762,0.411898,0.523289,0.281861,0.332466,0.410768,0.338097,0.290062,0.432052,0.347477,0.415801,0.328156,0.441693,0.377431,0.483914,0.392130,0.404923,0.396172,0.336769,0.464062,0.357140,0.415272,0.495687,0.351563,0.366609,0.438184,0.280439,0.322405,0.323757,0.306272,0.362734,0.448809,0.356789,0.309634,0.424929,0.473305,0.398110,0.318632,0.373347,0.529967,0.422154,0.458072,0.249543,0.401179,0.383254,0.373242,0.471802,0.455602,0.359693,0.323446,0.326672,0.397726,0.390542,0.387670,0.374850,0.398674,0.454327,0.376822,0.413346,0.315892,0.356289,0.271667,0.359558,0.367482,0.191395,0.311528,0.384996,0.468810,0.352965,0.335415,0.443090,#
12,0.386128,0.411314,0.363935,0.235536,0.373522,0.291176,0.344679,0.313237,0.350686,0.337995,0.312438,0.430309,1.000000,0.342176,0.303344,0.357853,0.383487,0.373297,0.500626,0.371208,0.392282,0.293616,0.376433,0.416098,0.404768,0.331426,0.298562,0.489783,0.371770,0.393135,0.394384,0.463676,0.401731,0.366707,0.353914,0.321256,0.381294,0.388916,0.247660,0.354170,0.404797,0.304466,0.450994,0.392897,0.376314,0.398029,0.318420,0.355886,0.413014,0.344166,0.447641,0.251371,0.319354,0.386644,0.321608,0.319793,0.385422,0.430408,0.336622,0.386445,0.355661,0.369046,0.397560,0.409131,0.331286,0.334057,0.393785,0.329656,0.325699,0.282089,0.290487,0.365923,0.286126,0.326877,0.414158,0.356480,0.391863,0.348648,0.338197,0.332054,0.440300,0.395476,0.447484,0.369952,0.399912,0.460280,0.372427,0.368411,0.437394,0.398502,0.413895,0.340374,0.291554,0.420845,0.324535,0.311059,0.393370,0.384938,0.286982,0.264391,0.354902,0.402051,0.316656,0.393289,0.382325,0.361746,0.391885,0.350585,0.310160,0.465953,0.357148,0.248065,0.401721,0.405307,0.300497,0.363633,0.417288,0.444167,0.276552,0.342740,0.260488,0.467005,0.368329,0.357489,0.293835,0.458114,0.387504,0.366562,0.361823,0.289003,0.346129,0.444453,0.304863,0.236238,0.379388,0.363124,0.341986,0.376874,0.354182,0.340722,0.432152,0.435549,0.321140,0.352716,0.349401,0.339314,0.402554,0.299563,0.382147,0.292382,0.433922,0.506670,0.312736,0.330395,0.384992,0.231499,0.362750,0.242686,0.300252,0.223513,0.436521,0.337509,0.282798,0.422488,0.397337,0.363572,0.343258,0.180933,0.398850,0.460329,0.337770,0.287778,0.390096,0.317639,0.429455,0.311672,0.296176,0.302045,0.224395,0.355238,0.403026,0.379765,0.362974,0.353832,0.384887,0.403140,0.400688,0.437838,0.280320,0.244713,0.421253,0.410268,0.317897,0.362679,0.358484,0.331524,0.429053,0.213317,0.399985,0.363944,#
13,0.313989,0.466650,0.381669,0.303132,0.330937,0.220596,0.441934,0.358001,0.356320,0.384851,0.433192,0.347045,0.342176,1.000000,0.335525,0.349687,0.356784,0.297136,0.382561,0.358784,0.358605,0.367045,0.387383,0.275418,0.465522,0.411872,0.406053,0.394239,0.325796,0.237554,0.376935,0.320158,0.403109,0.362622,0.255443,0.346550,0.250929,0.382765,0.228472,0.329730,0.291289,0.323543,0.497118,0.285165,0.364951,0.274991,0.436088,0.402311,0.407460,0.314454,0.452896,0.368355,0.341968,0.329211,0.405301,0.435697,0.328521,0.340530,0.348648,0.390119,0.336443,0.306972,0.516140,0.404830,0.279694,0.290511,0.424571,0.377977,0.443765,0.389052,0.290174,0.377844,0.357237,0.436202,0.413508,0.252374,0.382441,0.364333,0.411281,0.364742,0.378985,0.441883,0.473385,0.417537,0.455781,0.369560,0.454699,0.395272,0.422024,0.455468,0.347774,0.360393,0.424956,0.375625,0.354081,0.415875,0.326490,0.274923,0.351751,0.351437,0.485188,0.339333,0.341452,0.287845,0.336264,0.381106,0.359100,0.399890,0.327653,0.336365,0.306298,0.319633,0.471335,0.363937,0.389467,0.287654,0.431334,0.302291,0.340811,0.384859,0.408117,0.418642,0.255582,0.400797,0.333906,0.363129,0.353926,0.430172,0.449339,0.292029,0.338758,0.334490,0.362378,0.372243,0.526059,0.305199,0.362974,0.362559,0.466361,0.385361,0.364330,0.312070,0.345479,0.412843,0.383950,0.440609,0.383428,0.325714,0.236083,0.329254,0.406617,0.272959,0.373749,0.336570,0.411376,0.301225,0.346215,0.349641,0.304108,0.276772,0.312601,0.383620,0.253961,0.455545,0.425906,0.383349,0.212431,0.294879,0.429588,0.468892,0.428254,0.410104,0.349827,0.316999,0.422744,0.406705,0.365760,0.282305,0.405359,0.308539,0.428004,0.238109,0.288946,0.369029,0.323814,0.342516,0.387748,0.480788,0.378042,0.379490,0.358530,0.330779,0.312131,0.305526,0.310839,0.385170,0.386060,0.327492,0.377319,0.395514,#
14,0.382411,0.375265,0.372963,0.143348,0.281183,0.257817,0.251161,0.215735,0.316086,0.335436,0.327351,0.213970,0.303344,0.335525,1.000000,0.397714,0.294839,0.314608,0.399697,0.330150,0.254010,0.330892,0.309663,0.302808,0.341907,0.242718,0.320519,0.261339,0.302591,0.245637,0.256486,0.177295,0.243421,0.236241,0.301464,0.342491,0.299907,0.365062,0.332227,0.360344,0.368267,0.299407,0.401376,0.318433,0.257566,0.257381,0.389978,0.338288,0.312558,0.213978,0.367406,0.273680,0.269597,0.288560,0.352785,0.293456,0.277443,0.307699,0.257064,0.331950,0.344738,0.361383,0.289383,0.341446,0.311750,0.233100,0.291466,0.308420,0.339567,0.268565,0.196735,0.278465,0.204625,0.424946,0.178605,0.276633,0.265107,0.372581,0.340331,0.253741,0.321788,0.177015,0.406866,0.342588,0.235591,0.346409,0.207002,0.232082,0.332352,0.333772,0.302859,0.300330,0.330909,0.296855,0.230803,0.256858,0.329452,0.231493,0.411325,0.244632,0.267911,0.263462,0.304554,0.257711,0.196289,0.262588,0.372054,0.381251,0.283391,0.317566,0.217866,0.281125,0.340815,0.151879,0.290029,0.332117,0.262507,0.311834,0.304105,0.248654,0.363261,0.223485,0.265575,0.338752,0.244830,0.276376,0.322392,0.302667,0.201255,0.270493,0.086971,0.327835,0.316533,0.166901,0.264856,0.238696,0.327404,0.247619,0.266398,0.245517,0.349019,0.371245,0.359843,0.263864,0.259782,0.277865,0.312812,0.128138,0.273336,0.230515,0.226920,0.261191,0.186359,0.357583,0.184070,0.187662,0.274636,0.308075,0.254344,0.202005,0.241255,0.294190,0.227564,0.239890,0.304943,0.214054,0.337294,0.271416,0.262162,0.309475,0.340825,0.283354,0.313138,0.377316,0.395525,0.219425,0.365007,0.321289,0.303349,0.343273,0.350439,0.358521,0.203695,0.362314,0.296555,0.328923,0.315297,0.371247,0.217484,0.138037,0.320107,0.305077,0.274869,0.363603,0.290992,0.187231,0.193089,0.240534,0.369386,0.406939,#
15,0.340920,0.368724,0.378743,0.187782,0.303853,0.363602,0.347131,0.297195,0.293926,0.365284,0.375596,0.451620,0.357853,0.349687,0.397714,1.000000,0.419542,0.458684,0.450716,0.319230,0.258442,0.436873,0.366986,0.369545,0.456210,0.279097,0.333011,0.334715,0.300339,0.263711,0.398564,0.376809,0.330441,0.378140,0.355235,0.284275,0.323085,0.412058,0.363616,0.415210,0.500426,0.338226,0.402765,0.361692,0.407930,0.343530,0.364352,0.433787,0.308071,0.324847,0.398664,0.324198,0.414652,0.355333,0.348072,0.289840,0.375830,0.411127,0.335151,0.436685,0.255807,0.286347,0.278748,0.390237,0.283147,0.288371,0.473773,0.405269,0.404804,0.296129,0.225649,0.330399,0.315272,0.324075,0.399437,0.430705,0.345231,0.390804,0.401532,0.316230,0.498271,0.307803,0.344761,0.385080,0.316249,0.434175,0.419332,0.214010,0.407380,0.354005,0.301737,0.249535,0.354285,0.438143,0.251672,0.313560,0.368263,0.267773,0.461910,0.324651,0.419557,0.306980,0.422008,0.318566,0.334064,0.343802,0.394667,0.305444,0.358091,0.478860,0.308247,0.386834,0.347320,0.261792,0.294084,0.455387,0.415806,0.366411,0.317430,0.365537,0.362274,0.309271,0.263255,0.360531,0.302385,0.288766,0.418643,0.385822,0.321166,0.237153,0.204297,0.442790,0.275869,0.335796,0.448233,0.343969,0.381486,0.328434,0.315392,0.210910,0.368532,0.376513,0.473657,0.328917,0.357686,0.355862,0.442466,0.211741,0.336789,0.383529,0.385858,0.399684,0.314077,0.520251,0.220861,0.417356,0.280744,0.364375,0.307375,0.300884,0.321070,0.355441,0.289145,0.361840,0.313686,0.406975,0.302540,0.341205,0.401073,0.421218,0.376146,0.260189,0.440429,0.307385,0.440595,0.246536,0.408550,0.273267,0.250671,0.356838,0.260062,0.379722,0.318013,0.259143,0.356049,0.472022,0.256777,0.392713,0.275920,0.214560,0.228361,0.462965,0.237673,0.362900,0.300374,0.346092,0.332342,0.327619,0.302942,0.392191,#
16,0.401911,0.350459,0.387517,0.258913,0.307172,0.337484,0.394162,0.348837,0.347997,0.309547,0.436743,0.423470,0.383487,0.356784,0.294839,0.419542,1.000000,0.410240,0.376614,0.300315,0.506055,0.399783,0.468250,0.281743,0.340347,0.356849,0.359526,0.272258,0.280779,0.271726,0.356011,0.446653,0.276857,0.379550,0.288993,0.302960,0.354788,0.327565,0.298413,0.384510,0.257768,0.330303,0.380323,0.324069,0.327369,0.340772,0.419448,0.374768,0.359340,0.320398,0.252344,0.338279,0.456294,0.365649,0.326146,0.321899,0.258730,0.342577,0.265229,0.300328,0.273034,0.380113,0.337813,0.455519,0.400023,0.266576,0.372396,0.460269,0.316446,0.393454,0.260162,0.300752,0.331744,0.329098,0.405010,0.471667,0.342851,0.341195,0.455380,0.322230,0.306279,0.331448,0.328155,0.336140,0.332714,0.484423,0.449602,0.326542,0.373633,0.314173,0.300319,0.292662,0.300064,0.325068,0.307789,0.393382,0.328458,0.236797,0.466507,0.324519,0.395768,0.272110,0.247905,0.287777,0.300460,0.362708,0.350921,0.284696,0.379524,0.397608,0.350044,0.385620,0.394228,0.291011,0.385334,0.446052,0.436515,0.330054,0.227582,0.331932,0.259346,0.304179,0.353201,0.321688,0.381208,0.293007,0.397570,0.287968,0.371174,0.371552,0.231439,0.391068,0.355717,0.283699,0.481890,0.333784,0.255157,0.375320,0.335843,0.403050,0.260139,0.350616,0.264829,0.354914,0.360788,0.318979,0.224704,0.231607,0.278808,0.200742,0.337769,0.378223,0.319183,0.312166,0.305875,0.373260,0.284582,0.294556,0.342027,0.265573,0.312754,0.360244,0.389442,0.398059,0.284226,0.315901,0.296610,0.319632,0.350965,0.340428,0.356044,0.169017,0.388971,0.262489,0.399477,0.361497,0.381163,0.306088,0.286768,0.351057,0.326705,0.366337,0.279814,0.211510,0.295955,0.321000,0.372861,0.393151,0.273120,0.249203,0.363544,0.275081,0.274715,0.289847,0.355184,0.342178,0.359603,0.365501,0.311589,0.447882,#
17,0.467346,0.344378,0.398716,0.353299,0.383806,0.349095,0.386286,0.348789,0.271363,0.284374,0.359840,0.433416,0.373297,0.297136,0.314608,0.458684,0.410240,1.000000,0.390896,0.408543,0.337019,0.462907,0.445427,0.495935,0.468295,0.345642,0.286701,0.355918,0.442838,0.369197,0.414877,0.464542,0.506315,0.401363,0.287832,0.291124,0.313568,0.546138,0.327183,0.326201,0.369448,0.299689,0.427886,0.454613,0.299163,0.365499,0.453392,0.392051,0.450755,0.459305,0.462346,0.284229,0.324868,0.425970,0.378033,0.348358,0.356159,0.523162,0.348439,0.402112,0.355812,0.427278,0.349216,0.389920,0.322352,0.378628,0.406052,0.512009,0.416347,0.416944,0.431646,0.428503,0.405510,0.452002,0.402809,0.435339,0.325608,0.450918,0.379189,0.353359,0.471644,0.448286,0.504991,0.451982,0.382294,0.395615,0.448853,0.375080,0.497590,0.443468,0.410976,0.325091,0.375923,0.385356,0.265776,0.330778,0.352970,0.419382,0.376235,0.339744,0.431979,0.336280,0.334971,0.380767,0.384793,0.430016,0.388929,0.504512,0.319171,0.369087,0.357528,0.261420,0.335266,0.376839,0.255987,0.418631,0.400459,0.374667,0.345726,0.385941,0.317450,0.338825,0.320339,0.364327,0.401727,0.434826,0.398524,0.401122,0.302489,0.283997,0.252146,0.463669,0.425959,0.481263,0.411699,0.361390,0.420222,0.322977,0.365014,0.399287,0.399284,0.412855,0.401002,0.390793,0.433404,0.376747,0.305136,0.244745,0.407995,0.277759,0.493274,0.321691,0.320795,0.480468,0.334972,0.311252,0.321525,0.396073,0.453276,0.402205,0.431062,0.419667,0.305542,0.383800,0.437394,0.418855,0.318041,0.402580,0.386132,0.429294,0.500702,0.325345,0.378820,0.373263,0.411093,0.263922,0.446526,0.364923,0.241773,0.394216,0.408184,0.528560,0.315016,0.212215,0.334182,0.403048,0.453378,0.508157,0.395875,0.335104,0.327270,0.458429,0.207931,0.289978,0.482180,0.410994,0.466064,0.285999,0.349338,0.460108,#
18,0.389765,0.499092,0.421586,0.280251,0.421160,0.351167,0.429466,0.336504,0.243911,0.337890,0.468630,0.416588,0.500626,0.382561,0.399697,0.450716,0.376614,0.390896,1.000000,0.417026,0.326829,0.406614,0.246444,0.400627,0.420290,0.441382,0.453413,0.419380,0.471739,0.303726,0.459988,0.470475,0.484705,0.340993,0.379581,0.420006,0.428307,0.420891,0.334115,0.367089,0.406794,0.330191,0.491082,0.360815,0.336902,0.309716,0.363862,0.415986,0.324679,0.345605,0.458341,0.290861,0.423615,0.470018,0.347520,0.274277,0.379316,0.459617,0.297220,0.359175,0.330040,0.342343,0.423735,0.487526,0.326290,0.417123,0.414658,0.458046,0.343192,0.213968,0.279302,0.339052,0.341286,0.395552,0.396704,0.327991,0.347806,0.405483,0.471336,0.483454,0.535200,0.384063,0.438153,0.448631,0.392030,0.356033,0.411300,0.368745,0.477549,0.364808,0.390508,0.326436,0.398812,0.428858,0.319723,0.335828,0.445727,0.291442,0.372455,0.429111,0.367244,0.446720,0.404202,0.418378,0.423086,0.336460,0.379410,0.408502,0.343353,0.432302,0.386175,0.390999,0.316805,0.433794,0.309150,0.315980,0.351454,0.326492,0.404288,0.313643,0.276045,0.444990,0.297423,0.390731,0.418804,0.396017,0.390096,0.378596,0.335711,0.375915,0.376085,0.400012,0.369153,0.284657,0.503907,0.289231,0.320647,0.411592,0.349236,0.365817,0.482153,0.309310,0.350268,0.360094,0.341886,0.340819,0.278293,0.184009,0.332406,0.308169,0.349650,0.423655,0.445852,0.390447,0.281554,0.371948,0.429984,0.389389,0.309263,0.342291,0.404460,0.423540,0.345135,0.378514,0.349770,0.368165,0.428943,0.398925,0.419418,0.435409,0.336816,0.331462,0.402921,0.248077,0.419603,0.272821,0.304091,0.423701,0.442653,0.355299,0.334956,0.420004,0.362514,0.331769,0.538914,0.409230,0.422407,0.567561,0.339227,0.337997,0.392763,0.357282,0.328063,0.367946,0.394679,0.357101,0.423066,0.382248,0.432200,0.500380,#
19,0.315183,0.330868,0.352527,0.249990,0.427467,0.227164,0.405652,0.385036,0.358931,0.394513,0.436840,0.261485,0.371208,0.358784,0.330150,0.319230,0.300315,0.408543,0.417026,1.000000,0.274796,0.396257,0.361968,0.392685,0.374068,0.365587,0.335672,0.332550,0.346171,0.396681,0.312946,0.369060,0.348940,0.318439,0.331962,0.343671,0.188197,0.398113,0.421093,0.340866,0.305506,0.246436,0.392768,0.307072,0.341592,0.414352,0.390785,0.450668,0.366898,0.354536,0.366461,0.276374,0.235805,0.468263,0.366422,0.374543,0.374074,0.425227,0.243229,0.422538,0.334368,0.261014,0.354804,0.310485,0.351153,0.301639,0.281048,0.371730,0.329289,0.360943,0.343025,0.285774,0.400097,0.303397,0.364072,0.305742,0.386265,0.420169,0.345781,0.352577,0.409276,0.344932,0.448050,0.270919,0.402356,0.393485,0.354675,0.314198,0.411462,0.377759,0.303642,0.376129,0.340942,0.322673,0.272816,0.368657,0.374172,0.425730,0.339940,0.254402,0.302772,0.251540,0.384780,0.300072,0.385392,0.341106,0.500953,0.496831,0.314619,0.367178,0.359646,0.322929,0.375927,0.370106,0.331586,0.326311,0.404841,0.459276,0.365798,0.304907,0.379246,0.450320,0.310350,0.351476,0.476157,0.431352,0.326092,0.417637,0.210450,0.264087,0.303344,0.292200,0.410652,0.363124,0.424715,0.307982,0.376964,0.340935,0.344180,0.400759,0.357264,0.273740,0.324933,0.253358,0.372663,0.361332,0.295947,0.392750,0.432875,0.213644,0.296452,0.358114,0.327878,0.415221,0.258257,0.296031,0.387577,0.367571,0.293320,0.199153,0.361163,0.372762,0.378909,0.318611,0.267147,0.335580,0.309049,0.319451,0.351005,0.398833,0.496357,0.337758,0.346171,0.288212,0.419065,0.260987,0.336229,0.379280,0.158647,0.358195,0.328786,0.377955,0.252983,0.347739,0.381288,0.335651,0.392171,0.427343,0.308350,0.252403,0.402881,0.324378,0.347339,0.404543,0.338164,0.370950,0.461808,0.354311,0.448239,0.480323,#
20,0.411109,0.376609,0.357529,0.255514,0.284245,0.329623,0.385329,0.286930,0.268437,0.318398,0.369032,0.406009,0.392282,0.358605,0.254010,0.258442,0.506055,0.337019,0.326829,0.274796,1.000000,0.400862,0.400203,0.310744,0.397940,0.297400,0.376148,0.410336,0.303770,0.282722,0.308561,0.334652,0.274030,0.300367,0.394255,0.312898,0.282630,0.353467,0.232874,0.344825,0.226602,0.396851,0.434116,0.329634,0.275757,0.386827,0.288949,0.434150,0.415266,0.332351,0.336034,0.383583,0.436342,0.367910,0.288691,0.254029,0.375469,0.332177,0.182181,0.393868,0.367112,0.187780,0.404954,0.395581,0.428609,0.172986,0.385459,0.330561,0.303586,0.372498,0.324353,0.289218,0.440097,0.407976,0.388970,0.410747,0.402278,0.315755,0.250520,0.428301,0.267108,0.287231,0.467733,0.306750,0.274709,0.431987,0.386484,0.384908,0.345161,0.368418,0.364345,0.406631,0.393584,0.363867,0.252873,0.347674,0.287249,0.303410,0.379002,0.240671,0.256071,0.337385,0.259665,0.286307,0.278022,0.330775,0.344030,0.364414,0.253413,0.431245,0.325395,0.145071,0.417788,0.339730,0.282251,0.345745,0.455268,0.239755,0.246273,0.252683,0.258997,0.332197,0.309283,0.352117,0.358401,0.373518,0.437136,0.476848,0.261427,0.350237,0.225112,0.353789,0.301785,0.273283,0.433055,0.285847,0.322247,0.357268,0.362724,0.396694,0.314241,0.346038,0.195235,0.334938,0.328422,0.250929,0.267863,0.267403,0.259669,0.257104,0.314196,0.431539,0.317938,0.290194,0.376547,0.288138,0.220988,0.205978,0.258756,0.277275,0.356851,0.434690,0.308893,0.263217,0.392075,0.257873,0.199934,0.323412,0.365608,0.347599,0.427475,0.255881,0.287511,0.338696,0.381030,0.388229,0.265645,0.244730,0.371248,0.376233,0.365413,0.332156,0.303492,0.339024,0.398569,0.318318,0.296535,0.391137,0.330682,0.306511,0.414811,0.290719,0.352970,0.345476,0.355662,0.393912,0.339827,0.268784,0.312784,0.314877,#
21,0.461230,0.486590,0.451103,0.335308,0.431730,0.357777,0.424649,0.375135,0.316660,0.347761,0.391090,0.444027,0.293616,0.367045,0.330892,0.436873,0.399783,0.462907,0.406614,0.396257,0.400862,1.000000,0.344296,0.444754,0.485757,0.365299,0.373317,0.438359,0.399391,0.350072,0.423910,0.428627,0.362654,0.494130,0.405152,0.381200,0.373825,0.492229,0.383442,0.356314,0.391898,0.475066,0.372289,0.376499,0.415467,0.339675,0.475613,0.476474,0.368693,0.396268,0.422152,0.293511,0.477397,0.448542,0.413916,0.318893,0.391167,0.451791,0.402438,0.457931,0.321016,0.343550,0.434166,0.406649,0.437139,0.346222,0.411600,0.428616,0.452073,0.458725,0.461030,0.281658,0.421361,0.339958,0.406907,0.429407,0.403597,0.361176,0.379645,0.395011,0.475394,0.387958,0.383035,0.370147,0.402647,0.429971,0.378912,0.366639,0.443416,0.489593,0.305588,0.342922,0.415409,0.349704,0.363896,0.410831,0.356364,0.376979,0.472126,0.418013,0.435911,0.327274,0.309802,0.415332,0.379777,0.469414,0.364076,0.424819,0.385888,0.398458,0.352195,0.361206,0.480531,0.383366,0.297094,0.422945,0.481091,0.303986,0.465558,0.435335,0.357843,0.407254,0.235985,0.461674,0.385120,0.427714,0.469226,0.430099,0.332765,0.325647,0.384354,0.324606,0.376385,0.425622,0.426091,0.343500,0.432086,0.354416,0.395567,0.394276,0.308810,0.447055,0.434148,0.382294,0.401771,0.364674,0.351799,0.381257,0.391274,0.360555,0.367032,0.464068,0.389293,0.463629,0.341792,0.318473,0.334608,0.425221,0.357019,0.361728,0.471507,0.354062,0.332430,0.417101,0.394030,0.314957,0.256742,0.436696,0.323983,0.417903,0.468492,0.304086,0.489089,0.325341,0.385663,0.336736,0.429703,0.336351,0.398031,0.388318,0.334228,0.455084,0.265035,0.352582,0.402002,0.392351,0.378627,0.517580,0.441868,0.305465,0.455128,0.466639,0.399790,0.299828,0.477891,0.436499,0.404536,0.365161,0.364854,0.465134,#
