0,1.000000,0.840905,0.847530,0.820428,0.802077,0.845447,0.840803,0.842662,0.834573,0.815548,0.832082,0.853478,0.824435,0.812388,0.836423,0.816195,0.843840,0.858439,0.833215,0.832778,0.831351,0.806201,0.834446,0.838683,0.800480,0.808502,0.835562,0.833783,0.815364,0.839597,0.829202,0.842200,0.811821,0.810777,0.852403,0.822150,0.810815,0.829126,0.850876,0.862203,0.837512,0.806688,0.846206,0.814237,0.838172,0.798158,0.854467,0.836680,0.829042,0.851413,0.833857,0.824454,0.856194,0.841388,0.831384,0.859919,0.841190,0.857327,0.830288,0.829411,0.848341,0.807918,0.841001,0.828510,0.841323,0.844839,0.851687,0.853863,0.821725,0.801482,0.836632,0.842663,0.867106,0.845829,0.839533,0.826976,0.846713,0.836315,0.838161,0.829019,0.873310,0.838912,0.844302,0.846325,0.840856,0.868307,0.840281,0.823171,0.801719,0.824904,0.800564,0.818627,0.834120,0.831749,0.822996,0.824623,0.802772,0.817297,0.850088,0.847104,0.841603,0.824117,0.812059,0.822947,0.830854,0.815582,0.804764,0.845537,0.841184,0.795525,0.838826,0.825607,0.841899,0.814560,0.826751,0.862360,0.815805,0.821820,0.824173,0.828935,0.802049,0.878708,0.836348,0.866473,0.823468,0.820265,0.814079,0.821732,0.805239,0.826674,0.810473,0.844100,0.835613,0.811083,0.847891,0.837363,0.830460,0.838027,0.821444,0.834046,0.804745,0.823519,0.804925,0.866442,0.841939,0.766508,0.831307,0.791911,0.835839,0.811749,0.832358,0.831190,0.826882,0.794733,0.826803,0.806118,0.828767,0.842260,0.863152,0.834798,0.849074,0.847310,0.830256,0.834422,0.830196,0.843903,0.849478,0.818804,0.828015,0.825485,0.836331,0.825094,0.832751,0.855911,0.866669,0.816137,0.834088,0.857837,0.838139,0.822634,0.826563,0.846696,0.804308,0.818219,0.819550,0.803274,0.823923,0.829457,0.817514,0.837379,0.813029,0.834216,0.810477,0.835370,0.813392,0.815045,0.802202,0.853363,0.837928,0.830766,#
1,0.840905,1.000000,0.821525,0.846713,0.827825,0.845119,0.796381,0.827845,0.848949,0.830869,0.827043,0.831141,0.826560,0.825479,0.834007,0.808362,0.822235,0.822810,0.829401,0.835891,0.840607,0.859703,0.860778,0.840674,0.815813,0.804797,0.846096,0.846703,0.820998,0.802282,0.852197,0.855663,0.821042,0.846479,0.826979,0.841951,0.800115,0.851022,0.855708,0.852452,0.823468,0.799558,0.813411,0.815265,0.817754,0.814417,0.852827,0.835839,0.850361,0.850949,0.823232,0.853523,0.839831,0.809595,0.849355,0.838177,0.835230,0.846614,0.831107,0.817399,0.814180,0.823272,0.792136,0.794789,0.832953,0.841381,0.859623,0.849474,0.839337,0.851036,0.835576,0.849584,0.893867,0.803001,0.837503,0.830253,0.834697,0.834533,0.833957,0.818463,0.854598,0.833398,0.863698,0.858830,0.855712,0.835143,0.830059,0.829273,0.840112,0.828467,0.813686,0.814263,0.840035,0.840220,0.805121,0.811628,0.815742,0.818527,0.829132,0.830948,0.846964,0.836472,0.809454,0.822041,0.823010,0.817687,0.808849,0.853121,0.827945,0.804620,0.827331,0.818307,0.823523,0.827362,0.802207,0.833496,0.838509,0.848281,0.810804,0.780315,0.845034,0.846716,0.812564,0.842579,0.804930,0.795083,0.814615,0.832320,0.834622,0.848990,0.797856,0.855096,0.811948,0.827302,0.839866,0.833414,0.816289,0.833682,0.837170,0.805929,0.850182,0.819261,0.824748,0.841572,0.814436,0.806211,0.825803,0.798136,0.835971,0.801290,0.839584,0.852237,0.831477,0.785288,0.854870,0.803005,0.849690,0.841701,0.816054,0.813967,0.831123,0.857536,0.831899,0.852849,0.829514,0.813773,0.831456,0.822433,0.787077,0.822256,0.828023,0.806597,0.825944,0.854452,0.837206,0.822767,0.834087,0.869160,0.804392,0.807248,0.834310,0.821056,0.816275,0.816323,0.787665,0.846109,0.824715,0.775835,0.837904,0.831559,0.842195,0.821147,0.805534,0.825403,0.849050,0.779813,0.811094,0.855984,0.823212,0.832779,#
2,0.847530,0.821525,1.000000,0.821337,0.815658,0.834323,0.819117,0.836690,0.828981,0.815210,0.802702,0.802032,0.793434,0.820725,0.818782,0.789654,0.806233,0.835401,0.807876,0.829966,0.820657,0.808546,0.800606,0.833740,0.797766,0.791809,0.848822,0.841732,0.838151,0.828827,0.823721,0.833512,0.832896,0.816602,0.817586,0.815645,0.814688,0.820026,0.856463,0.840502,0.813733,0.809484,0.819904,0.801241,0.806523,0.816106,0.865886,0.793032,0.811270,0.863635,0.815108,0.813177,0.832772,0.848485,0.859918,0.838291,0.837183,0.824398,0.810074,0.815704,0.857387,0.826115,0.814338,0.828605,0.822764,0.828974,0.839441,0.813233,0.827870,0.829017,0.846487,0.814725,0.850188,0.830435,0.842309,0.820591,0.832577,0.832947,0.821163,0.852392,0.841305,0.850415,0.859862,0.834352,0.850544,0.832375,0.828956,0.856191,0.812366,0.804272,0.833060,0.810770,0.847411,0.808065,0.833966,0.809351,0.803523,0.801109,0.864701,0.833677,0.831549,0.800991,0.798019,0.811562,0.794516,0.847799,0.831565,0.818974,0.832316,0.786611,0.834835,0.785365,0.850956,0.797463,0.808757,0.795048,0.804045,0.830426,0.821592,0.776110,0.809578,0.823041,0.796250,0.851512,0.811848,0.783323,0.809957,0.813122,0.822587,0.839933,0.823421,0.856177,0.841563,0.848208,0.844287,0.820223,0.823051,0.826200,0.827945,0.810890,0.813992,0.824551,0.777112,0.800544,0.807109,0.823510,0.812149,0.783348,0.826161,0.817334,0.825007,0.833935,0.819025,0.817360,0.800815,0.818596,0.824422,0.805429,0.812671,0.795838,0.805720,0.800508,0.821104,0.820838,0.782346,0.824875,0.836481,0.794844,0.790826,0.805281,0.830678,0.801491,0.826350,0.804353,0.841464,0.819044,0.811711,0.843236,0.821193,0.793524,0.802818,0.857689,0.779852,0.847296,0.784066,0.817924,0.816328,0.792656,0.818307,0.810377,0.814924,0.818153,0.844051,0.830361,0.805871,0.813645,0.799636,0.835257,0.797245,0.831712,#
3,0.820428,0.846713,0.821337,1.000000,0.837225,0.813554,0.813800,0.826379,0.835035,0.817460,0.802815,0.823841,0.818499,0.804896,0.802489,0.806614,0.813554,0.817214,0.830315,0.815796,0.827732,0.837722,0.801969,0.796141,0.826622,0.819827,0.835136,0.831722,0.814982,0.803782,0.817945,0.850431,0.808180,0.835710,0.817891,0.816465,0.788107,0.823088,0.808710,0.858476,0.820407,0.811776,0.816921,0.807950,0.816028,0.831682,0.849221,0.819746,0.847308,0.820120,0.828472,0.784260,0.838680,0.809527,0.827859,0.839603,0.797996,0.830479,0.856453,0.819305,0.818568,0.801464,0.787712,0.803622,0.847870,0.825414,0.814718,0.809332,0.787531,0.825876,0.814058,0.837205,0.866787,0.821821,0.812235,0.795982,0.813832,0.819798,0.824290,0.829079,0.847036,0.814571,0.834794,0.845681,0.836999,0.834750,0.820633,0.807269,0.794932,0.809967,0.803061,0.812460,0.835281,0.828721,0.813742,0.826145,0.785406,0.794031,0.816532,0.824760,0.807357,0.806494,0.782154,0.788991,0.833184,0.809218,0.811631,0.838682,0.805529,0.794580,0.802590,0.796573,0.812276,0.810263,0.806916,0.830365,0.801167,0.816840,0.809021,0.768643,0.787903,0.838089,0.793157,0.817313,0.794616,0.802219,0.814664,0.833655,0.814297,0.824298,0.797910,0.838580,0.798576,0.832632,0.846899,0.838354,0.847629,0.797017,0.802491,0.795742,0.794250,0.820114,0.812057,0.798717,0.788909,0.840220,0.791914,0.809723,0.827293,0.790223,0.799099,0.827005,0.808967,0.789776,0.824328,0.770586,0.834231,0.817962,0.810496,0.820978,0.831965,0.824645,0.799068,0.846060,0.807246,0.821807,0.826661,0.782813,0.805506,0.800551,0.831850,0.815214,0.809990,0.824525,0.810613,0.824508,0.811511,0.833789,0.822978,0.793493,0.790333,0.839191,0.783967,0.815701,0.785062,0.810600,0.799653,0.762566,0.836108,0.854244,0.808469,0.808607,0.805017,0.804548,0.819963,0.813910,0.807868,0.823896,0.800764,0.829782,#
4,0.802077,0.827825,0.815658,0.837225,1.000000,0.841474,0.832475,0.814669,0.809075,0.808766,0.789723,0.832603,0.803452,0.812494,0.798634,0.808314,0.814955,0.826930,0.815053,0.846029,0.835612,0.829478,0.804688,0.819609,0.800689,0.776813,0.834374,0.802861,0.830503,0.808612,0.856338,0.830002,0.845407,0.801143,0.804065,0.819220,0.785717,0.809020,0.812672,0.848367,0.817400,0.782676,0.815515,0.832832,0.808592,0.811190,0.844189,0.812020,0.823389,0.815428,0.821693,0.807682,0.836242,0.794937,0.831687,0.835360,0.801714,0.822417,0.849204,0.812310,0.791221,0.820792,0.803390,0.789457,0.843778,0.843847,0.829143,0.801177,0.804071,0.816344,0.831158,0.835033,0.837977,0.811641,0.815877,0.806958,0.815411,0.841760,0.835225,0.834047,0.810134,0.821340,0.845650,0.804607,0.838778,0.805618,0.804747,0.793943,0.816275,0.816219,0.790512,0.783086,0.802257,0.813585,0.796130,0.811535,0.815589,0.792745,0.802470,0.818231,0.837144,0.832059,0.802844,0.800231,0.810631,0.804170,0.826304,0.819710,0.820276,0.812089,0.806526,0.805350,0.838613,0.848055,0.796997,0.813711,0.804834,0.861565,0.778542,0.780296,0.811404,0.821710,0.835789,0.831266,0.801992,0.808124,0.796171,0.811981,0.851937,0.834444,0.841536,0.833378,0.803752,0.818011,0.852996,0.827500,0.819072,0.815657,0.809560,0.780603,0.770313,0.834386,0.803547,0.811681,0.792703,0.797855,0.832099,0.761103,0.804517,0.825657,0.802921,0.861721,0.782789,0.773851,0.848578,0.794567,0.842560,0.811026,0.824089,0.802465,0.786981,0.817844,0.839214,0.814922,0.804537,0.804273,0.811860,0.788792,0.782180,0.807385,0.824139,0.814190,0.822493,0.800888,0.846233,0.829958,0.815293,0.847471,0.808161,0.794940,0.828482,0.819204,0.811340,0.800726,0.834734,0.823978,0.796163,0.819198,0.790944,0.805233,0.804062,0.786631,0.803589,0.815351,0.812467,0.763383,0.799261,0.809675,0.825972,0.808799,#
5,0.845447,0.845119,0.834323,0.813554,0.841474,1.000000,0.797393,0.829146,0.823694,0.802754,0.797246,0.818730,0.801338,0.787520,0.812104,0.810071,0.818162,0.833734,0.799592,0.858156,0.820273,0.799091,0.801426,0.826809,0.815782,0.817515,0.854890,0.838349,0.801920,0.821158,0.852053,0.855543,0.831124,0.838717,0.810208,0.837317,0.806128,0.800364,0.832190,0.838721,0.834721,0.784068,0.788957,0.814916,0.822491,0.829652,0.852027,0.837008,0.838565,0.824844,0.825785,0.793264,0.822479,0.844112,0.814259,0.877076,0.827427,0.832175,0.860987,0.824619,0.796416,0.822471,0.817921,0.834356,0.827384,0.813232,0.820635,0.831579,0.823976,0.822828,0.853438,0.820401,0.863821,0.814382,0.824294,0.808485,0.824742,0.853361,0.821328,0.823650,0.855384,0.828910,0.849890,0.823657,0.826618,0.831574,0.823976,0.826056,0.835549,0.804973,0.791759,0.791076,0.838633,0.838102,0.790249,0.762757,0.819023,0.813688,0.845369,0.810038,0.848112,0.829723,0.849523,0.825320,0.821262,0.827746,0.824166,0.836420,0.803556,0.818914,0.804786,0.835262,0.824934,0.787776,0.766872,0.796616,0.842972,0.835689,0.784172,0.787818,0.804848,0.831161,0.822740,0.867214,0.801754,0.806417,0.838735,0.802374,0.818813,0.822240,0.825214,0.861469,0.842465,0.848231,0.837094,0.805397,0.809315,0.824344,0.801567,0.789012,0.800724,0.788782,0.824326,0.825674,0.852229,0.771922,0.791570,0.780481,0.829814,0.824195,0.847317,0.836455,0.812278,0.796655,0.825591,0.776337,0.855748,0.829255,0.828119,0.823156,0.826988,0.841441,0.819126,0.818222,0.834612,0.793913,0.785694,0.828823,0.798664,0.788253,0.853379,0.814104,0.811558,0.812303,0.830282,0.814493,0.816620,0.852259,0.827680,0.818672,0.833995,0.827464,0.779575,0.813160,0.811963,0.832408,0.794637,0.808142,0.818894,0.829748,0.800428,0.827317,0.792966,0.832497,0.794164,0.805015,0.786043,0.834837,0.822265,0.814138,#
6,0.840803,0.796381,0.819117,0.813800,0.832475,0.797393,1.000000,0.790838,0.820474,0.803407,0.807381,0.815797,0.803345,0.828359,0.771550,0.818762,0.831842,0.850059,0.812432,0.810851,0.846690,0.793336,0.776841,0.805063,0.817288,0.807644,0.820468,0.819819,0.809173,0.830091,0.831339,0.842618,0.821737,0.821345,0.814798,0.830070,0.800962,0.814399,0.816255,0.838047,0.818117,0.806720,0.838905,0.814555,0.833772,0.777926,0.837832,0.804265,0.852183,0.846325,0.822555,0.827873,0.845068,0.774935,0.828678,0.825316,0.833493,0.848834,0.846631,0.789161,0.829366,0.808480,0.791916,0.797205,0.862873,0.813600,0.864920,0.816149,0.819036,0.799884,0.828290,0.842323,0.835808,0.825056,0.800110,0.820026,0.832737,0.837122,0.837093,0.815852,0.834251,0.830974,0.831384,0.850863,0.819725,0.819821,0.826979,0.803511,0.816413,0.808574,0.786834,0.800860,0.786841,0.813175,0.792422,0.804531,0.819627,0.817822,0.821898,0.823842,0.831859,0.821330,0.824335,0.799998,0.825359,0.773569,0.826834,0.814394,0.819260,0.772176,0.787045,0.784751,0.795510,0.817119,0.798699,0.792167,0.799884,0.839058,0.795486,0.799354,0.807580,0.813137,0.794797,0.840985,0.824914,0.805579,0.781300,0.818883,0.794123,0.813322,0.819574,0.835666,0.812510,0.789419,0.826655,0.832760,0.829621,0.812102,0.839714,0.821471,0.819142,0.815093,0.772109,0.805940,0.800936,0.814943,0.811913,0.801081,0.804287,0.797764,0.805861,0.847347,0.778307,0.772758,0.796848,0.780558,0.820377,0.782426,0.830843,0.821315,0.826530,0.818673,0.795197,0.823715,0.813822,0.827901,0.843765,0.766347,0.804897,0.796836,0.833090,0.819279,0.781831,0.789982,0.821831,0.820726,0.815959,0.851036,0.803835,0.804420,0.825916,0.816091,0.818358,0.832357,0.787999,0.796603,0.799933,0.802240,0.781657,0.808126,0.790005,0.816087,0.785760,0.813386,0.820408,0.811832,0.811878,0.826220,0.820662,0.817869,#
7,0.842662,0.827845,0.836690,0.826379,0.814669,0.829146,0.790838,1.000000,0.847488,0.800396,0.798246,0.803392,0.823344,0.822583,0.837134,0.785097,0.826845,0.835010,0.832189,0.822517,0.829015,0.809643,0.839944,0.812268,0.827646,0.832151,0.831711,0.828124,0.823868,0.830018,0.803585,0.839758,0.808802,0.817836,0.813849,0.821454,0.811967,0.814617,0.843120,0.830165,0.827042,0.807643,0.804954,0.828405,0.818834,0.820172,0.843778,0.837706,0.832221,0.812386,0.827921,0.801783,0.836091,0.844927,0.840901,0.834379,0.830058,0.832459,0.828618,0.839701,0.786568,0.820015,0.823216,0.799369,0.833318,0.839163,0.848952,0.821846,0.826411,0.810335,0.843973,0.778077,0.868051,0.835127,0.844593,0.812875,0.833535,0.823120,0.814087,0.813207,0.862718,0.828981,0.852081,0.837604,0.836581,0.829264,0.846659,0.820966,0.817568,0.822963,0.804106,0.822200,0.837601,0.816772,0.835500,0.815239,0.816908,0.841980,0.844966,0.829735,0.841390,0.808756,0.801722,0.797295,0.828857,0.802157,0.815707,0.840211,0.824691,0.780395,0.859819,0.799972,0.852859,0.813602,0.806634,0.825804,0.811596,0.812712,0.796318,0.811690,0.831429,0.825373,0.813770,0.850571,0.833788,0.812564,0.802193,0.839785,0.803868,0.820258,0.811062,0.835241,0.835245,0.791531,0.842916,0.859706,0.830169,0.837048,0.803918,0.810413,0.805686,0.827444,0.836369,0.821876,0.824402,0.815474,0.836193,0.756758,0.830753,0.810036,0.799198,0.843889,0.831791,0.775787,0.815619,0.826780,0.834472,0.830603,0.823219,0.816997,0.842725,0.799546,0.869063,0.809805,0.823782,0.809432,0.841847,0.798895,0.775190,0.789659,0.859258,0.813438,0.816099,0.830258,0.826302,0.812968,0.814664,0.819388,0.818183,0.800023,0.819901,0.827226,0.790866,0.824528,0.793605,0.822350,0.822867,0.787499,0.828374,0.840816,0.822276,0.802351,0.795603,0.810967,0.826900,0.802734,0.819872,0.858103,0.835394,0.811867,#
8,0.834573,0.848949,0.828981,0.835035,0.809075,0.823694,0.820474,0.847488,1.000000,0.833243,0.812006,0.835129,0.820547,0.831142,0.822048,0.824596,0.818124,0.840565,0.796898,0.836278,0.833310,0.833952,0.809761,0.810765,0.822306,0.821110,0.834747,0.822277,0.834681,0.816401,0.825791,0.846396,0.814115,0.816465,0.805777,0.853648,0.821069,0.824074,0.820817,0.846246,0.810776,0.792335,0.867657,0.816301,0.810237,0.789949,0.823457,0.814357,0.832595,0.826243,0.841464,0.815477,0.824919,0.838587,0.823820,0.852110,0.823436,0.846145,0.808417,0.800688,0.829122,0.811460,0.843702,0.816767,0.847670,0.857055,0.835279,0.847953,0.856339,0.828004,0.833797,0.842050,0.870266,0.836698,0.825764,0.800504,0.826268,0.847227,0.837430,0.827687,0.845975,0.826193,0.833820,0.847123,0.851283,0.833829,0.817582,0.835678,0.792730,0.810168,0.814514,0.803832,0.814665,0.818380,0.806893,0.807667,0.818689,0.842266,0.866220,0.837364,0.839707,0.791914,0.833445,0.845138,0.800073,0.825734,0.830502,0.837860,0.801337,0.818971,0.818421,0.815297,0.841682,0.815732,0.788905,0.835257,0.819687,0.819502,0.801491,0.826263,0.805672,0.814873,0.820126,0.851535,0.818613,0.833299,0.797583,0.815531,0.842757,0.829331,0.793172,0.840614,0.836248,0.819502,0.855123,0.841060,0.821453,0.821047,0.809087,0.824706,0.802912,0.823731,0.828927,0.807318,0.826614,0.791638,0.815510,0.804560,0.830296,0.819916,0.795688,0.860491,0.788877,0.837930,0.830733,0.783329,0.835543,0.843751,0.847865,0.826753,0.830293,0.796869,0.838185,0.821098,0.799958,0.806140,0.829126,0.816922,0.820744,0.792941,0.837082,0.836696,0.798488,0.821747,0.853824,0.822763,0.824627,0.859525,0.819327,0.796641,0.826244,0.825763,0.789910,0.827434,0.815123,0.808681,0.845357,0.799930,0.827185,0.841707,0.833631,0.824376,0.833853,0.822891,0.805714,0.798837,0.786313,0.831733,0.818109,0.853999,#
9,0.815548,0.830869,0.815210,0.817460,0.808766,0.802754,0.803407,0.800396,0.833243,1.000000,0.787951,0.790676,0.807930,0.814712,0.827051,0.801087,0.816566,0.814387,0.812292,0.804560,0.840774,0.796103,0.799733,0.824678,0.797935,0.777167,0.829216,0.854412,0.797267,0.814486,0.796266,0.839638,0.814264,0.822006,0.806408,0.820832,0.793308,0.794587,0.821657,0.837895,0.822929,0.800678,0.797415,0.794334,0.826339,0.777110,0.821393,0.798717,0.800643,0.813112,0.802546,0.786271,0.787644,0.804392,0.805716,0.820513,0.820447,0.858168,0.797155,0.807619,0.809931,0.804900,0.805478,0.787100,0.804911,0.852026,0.839811,0.834571,0.840287,0.802103,0.826622,0.811503,0.844185,0.800784,0.809403,0.795026,0.816884,0.852887,0.817675,0.849187,0.821797,0.823262,0.815038,0.857706,0.838968,0.806258,0.812207,0.849338,0.797460,0.780607,0.798601,0.796967,0.825086,0.799646,0.807065,0.782462,0.788220,0.805721,0.835389,0.818829,0.834880,0.820485,0.824323,0.807595,0.817788,0.825324,0.802454,0.816811,0.845987,0.823552,0.816556,0.827576,0.841202,0.810434,0.777301,0.837014,0.769363,0.797656,0.768436,0.783099,0.795256,0.818947,0.814477,0.842099,0.815834,0.788602,0.801945,0.787060,0.833991,0.804059,0.795615,0.838866,0.810198,0.826974,0.837139,0.801151,0.815611,0.798111,0.800502,0.800796,0.817576,0.852287,0.815947,0.833192,0.800820,0.814808,0.819099,0.796779,0.820693,0.792745,0.774310,0.812216,0.800158,0.791413,0.816974,0.797438,0.803203,0.820433,0.815482,0.822088,0.825141,0.829168,0.821806,0.813803,0.812987,0.830116,0.789641,0.805422,0.815082,0.788275,0.829656,0.817088,0.791556,0.788265,0.829647,0.841708,0.806621,0.853759,0.803910,0.814803,0.831029,0.809050,0.811469,0.791499,0.789564,0.826041,0.780787,0.780280,0.839305,0.796394,0.808448,0.813270,0.780649,0.787839,0.786717,0.772555,0.806535,0.818277,0.793121,0.797698,#
10,0.832082,0.827043,0.802702,0.802815,0.789723,0.797246,0.807381,0.798246,0.812006,0.787951,1.000000,0.812878,0.781340,0.793060,0.766507,0.793774,0.816219,0.792852,0.806545,0.795752,0.808315,0.784699,0.800107,0.828426,0.774307,0.791583,0.813569,0.841688,0.797086,0.815438,0.805609,0.804709,0.794654,0.816091,0.814782,0.807500,0.795158,0.822778,0.807214,0.807016,0.817382,0.766365,0.795612,0.777111,0.804425,0.799574,0.857568,0.811850,0.822963,0.856259,0.779414,0.811643,0.816801,0.775133,0.815956,0.843203,0.819217,0.847635,0.777633,0.800850,0.806539,0.810637,0.833803,0.820850,0.824808,0.785281,0.830850,0.791827,0.821873,0.799250,0.834295,0.826897,0.853852,0.765151,0.801610,0.832249,0.797387,0.830276,0.819067,0.792032,0.848142,0.805076,0.818747,0.809754,0.809786,0.807753,0.827976,0.802283,0.795543,0.831888,0.767199,0.811909,0.830875,0.787825,0.771279,0.800954,0.778722,0.816381,0.825234,0.826260,0.809912,0.782933,0.798588,0.820766,0.829534,0.789549,0.804079,0.801898,0.800059,0.792426,0.796181,0.771473,0.817451,0.800233,0.772228,0.822008,0.774781,0.801216,0.797398,0.777006,0.794367,0.821359,0.768641,0.829746,0.759507,0.792778,0.808853,0.808316,0.809227,0.797621,0.780462,0.820541,0.792309,0.791046,0.833752,0.853236,0.803481,0.788718,0.814369,0.816116,0.826317,0.801559,0.775607,0.807345,0.759684,0.783322,0.816114,0.781542,0.811769,0.803345,0.784352,0.804505,0.802789,0.792133,0.817113,0.779244,0.830154,0.826725,0.808268,0.783504,0.836032,0.796169,0.795522,0.808421,0.788437,0.793931,0.822041,0.785876,0.805698,0.808814,0.800524,0.815096,0.763269,0.796655,0.827954,0.801871,0.791949,0.829266,0.778548,0.821081,0.790386,0.785470,0.801085,0.786680,0.744766,0.806437,0.804688,0.791081,0.760623,0.812254,0.806755,0.774751,0.780876,0.810306,0.815620,0.781830,0.779364,0.822987,0.807738,0.822372,#
11,0.853478,0.831141,0.802032,0.823841,0.832603,0.818730,0.815797,0.803392,0.835129,0.790676,0.812878,1.000000,0.828167,0.800469,0.814117,0.806228,0.822306,0.852074,0.849357,0.826854,0.812269,0.793675,0.823007,0.802441,0.818145,0.800610,0.804708,0.814724,0.830690,0.802382,0.832782,0.841966,0.829742,0.820277,0.790865,0.813514,0.832543,0.833768,0.811554,0.842913,0.827272,0.780770,0.825110,0.797474,0.805225,0.784726,0.868939,0.831538,0.817772,0.848339,0.810527,0.792971,0.859082,0.808858,0.834846,0.839294,0.803992,0.863901,0.819495,0.821486,0.791084,0.791996,0.850997,0.798041,0.836197,0.824800,0.830176,0.820845,0.840128,0.815021,0.843966,0.809279,0.836164,0.822340,0.846663,0.793687,0.840140,0.854267,0.825775,0.790108,0.827880,0.816707,0.839118,0.824924,0.853005,0.810459,0.798976,0.791389,0.798356,0.783630,0.797486,0.814550,0.810320,0.800024,0.779972,0.837437,0.803500,0.825530,0.814893,0.814782,0.807779,0.814486,0.827222,0.815230,0.833149,0.813179,0.824050,0.841574,0.836309,0.807054,0.846926,0.823379,0.836652,0.795865,0.766915,0.824034,0.803857,0.824047,0.788306,0.819584,0.778692,0.821944,0.811945,0.840637,0.810882,0.808613,0.817101,0.820868,0.830170,0.837752,0.827292,0.829649,0.840341,0.820119,0.836858,0.832858,0.841748,0.814856,0.811907,0.816029,0.800635,0.793215,0.818285,0.831554,0.824141,0.774554,0.833757,0.794765,0.820638,0.815743,0.797609,0.818125,0.807688,0.836033,0.838671,0.787897,0.835050,0.809909,0.814270,0.795723,0.827884,0.825821,0.832025,0.813502,0.838334,0.795714,0.840911,0.775199,0.815634,0.833190,0.837277,0.821521,0.827072,0.848146,0.820258,0.818170,0.820677,0.832818,0.801330,0.824518,0.817621,0.796513,0.822076,0.806116,0.823210,0.782225,0.818733,0.831477,0.804665,0.796576,0.839192,0.819160,0.809725,0.809864,0.802440,0.795867,0.798732,0.820141,0.816191,0.807107,#
12,0.824435,0.826560,0.793434,0.818499,0.803452,0.801338,0.803345,0.823344,0.820547,0.807930,0.781340,0.828167,1.000000,0.813599,0.824847,0.779888,0.813939,0.824765,0.827960,0.813178,0.826597,0.781963,0.824789,0.818183,0.803039,0.811034,0.799009,0.812137,0.829781,0.785822,0.816203,0.816943,0.820032,0.826708,0.816017,0.820971,0.808655,0.810991,0.820676,0.825393,0.767856,0.752019,0.791011,0.816455,0.812272,0.809060,0.847942,0.799221,0.823727,0.824245,0.844022,0.774939,0.803948,0.803644,0.825985,0.826592,0.807872,0.817714,0.825698,0.788548,0.769465,0.805933,0.804876,0.775051,0.833151,0.818503,0.808852,0.805121,0.839095,0.806628,0.822787,0.805191,0.840696,0.800975,0.836441,0.807775,0.824969,0.825293,0.819127,0.814673,0.834915,0.808950,0.844703,0.824332,0.799140,0.822331,0.792711,0.810511,0.800079,0.787031,0.805698,0.790529,0.822562,0.784573,0.773233,0.822706,0.821908,0.803253,0.797149,0.788427,0.791920,0.824461,0.804326,0.812632,0.790120,0.801142,0.794781,0.812096,0.833333,0.802504,0.816449,0.794135,0.823332,0.785995,0.824951,0.811899,0.768826,0.794288,0.793108,0.786598,0.789670,0.822001,0.793572,0.841502,0.817795,0.821747,0.806964,0.777588,0.785576,0.813949,0.759059,0.799055,0.789007,0.796294,0.795206,0.811076,0.789745,0.826415,0.799881,0.762088,0.805196,0.815020,0.800151,0.815456,0.787756,0.801944,0.816453,0.759176,0.810525,0.819997,0.805104,0.809703,0.806628,0.761233,0.816676,0.809320,0.837754,0.829212,0.836676,0.789267,0.813401,0.826188,0.824432,0.798343,0.840000,0.774061,0.799033,0.821195,0.777692,0.785892,0.835852,0.792768,0.802261,0.817355,0.809290,0.795960,0.832483,0.852598,0.768152,0.759807,0.800495,0.827228,0.797673,0.797198,0.741019,0.796797,0.782454,0.817493,0.811973,0.804544,0.792336,0.791519,0.762641,0.798162,0.782234,0.797861,0.786099,0.827717,0.824759,0.778136,#
13,0.812388,0.825479,0.820725,0.804896,0.812494,0.787520,0.828359,0.822583,0.831142,0.814712,0.793060,0.800469,0.813599,1.000000,0.782817,0.792179,0.801557,0.849740,0.832470,0.816568,0.830164,0.797122,0.846214,0.815674,0.799722,0.812357,0.802962,0.827697,0.827581,0.843585,0.785595,0.823235,0.830237,0.833488,0.759422,0.811556,0.801528,0.834021,0.830216,0.839562,0.851801,0.791274,0.832920,0.788645,0.837024,0.814858,0.817495,0.824399,0.852340,0.841643,0.816811,0.831593,0.819229,0.812485,0.847050,0.855039,0.824610,0.837857,0.814329,0.816382,0.817743,0.816155,0.799436,0.804406,0.853512,0.827771,0.834765,0.817335,0.842711,0.809939,0.810040,0.819506,0.833401,0.835486,0.827616,0.799014,0.822204,0.825347,0.847594,0.819485,0.827610,0.820651,0.852776,0.839149,0.824889,0.833194,0.783163,0.795098,0.837290,0.803182,0.795048,0.814621,0.823132,0.807009,0.799818,0.786773,0.813266,0.801244,0.818172,0.847183,0.829877,0.814973,0.828343,0.833574,0.816481,0.835971,0.810276,0.841358,0.802849,0.791900,0.822972,0.811215,0.819284,0.810464,0.804571,0.824469,0.787390,0.835140,0.815832,0.783375,0.807210,0.814076,0.793702,0.804727,0.803732,0.794685,0.815595,0.797634,0.808902,0.807490,0.802424,0.804989,0.804882,0.808545,0.842413,0.826455,0.808194,0.817028,0.849731,0.796250,0.809844,0.832293,0.828130,0.787550,0.778555,0.792505,0.830263,0.787955,0.826534,0.811327,0.808400,0.846534,0.793900,0.807969,0.809120,0.798401,0.830811,0.796277,0.841332,0.798361,0.841329,0.809497,0.833915,0.822416,0.816229,0.809281,0.826351,0.807237,0.815277,0.789584,0.827519,0.828880,0.830556,0.829136,0.860434,0.830000,0.822033,0.861408,0.814833,0.799966,0.808067,0.815243,0.822967,0.801105,0.798166,0.815920,0.788486,0.808476,0.786871,0.811043,0.827316,0.806774,0.807955,0.827569,0.817371,0.792687,0.799542,0.842364,0.822108,0.796965,#
14,0.836423,0.834007,0.818782,0.802489,0.798634,0.812104,0.771550,0.837134,0.822048,0.827051,0.766507,0.814117,0.824847,0.782817,1.000000,0.792182,0.814478,0.796236,0.786678,0.803126,0.810247,0.791474,0.797003,0.826467,0.798484,0.752494,0.815609,0.801191,0.811252,0.809069,0.839852,0.808576,0.797955,0.787455,0.815146,0.809739,0.773074,0.806805,0.839657,0.812011,0.788382,0.768395,0.805454,0.806545,0.798306,0.793586,0.820092,0.779685,0.790545,0.798951,0.792750,0.795347,0.790342,0.827070,0.811607,0.812556,0.798687,0.802477,0.812543,0.774506,0.797154,0.811753,0.804490,0.791978,0.797376,0.803109,0.791364,0.804976,0.822677,0.813037,0.819499,0.789895,0.850941,0.809028,0.832355,0.789588,0.819597,0.829771,0.800689,0.788321,0.830309,0.817131,0.842417,0.836411,0.826413,0.819994,0.786500,0.808572,0.807517,0.761875,0.774916,0.754695,0.815772,0.839550,0.798269,0.800306,0.811147,0.793584,0.816049,0.788701,0.808296,0.805865,0.819700,0.763014,0.811457,0.803089,0.785497,0.789018,0.819113,0.792006,0.821232,0.803083,0.841143,0.790312,0.759139,0.813236,0.782804,0.779942,0.782039,0.782301,0.796235,0.815159,0.803757,0.828517,0.823976,0.751462,0.793610,0.826230,0.777841,0.810578,0.765752,0.824749,0.788288,0.792877,0.821333,0.811667,0.810207,0.813610,0.799361,0.788603,0.782132,0.815051,0.770292,0.820209,0.789356,0.806703,0.823040,0.760281,0.812884,0.768942,0.812454,0.806457,0.789396,0.783616,0.817438,0.791424,0.801748,0.811437,0.773884,0.793439,0.803794,0.775569,0.819089,0.782641,0.812014,0.791609,0.795207,0.780789,0.762238,0.805861,0.810756,0.776814,0.810363,0.821291,0.827303,0.820485,0.800030,0.823756,0.785186,0.775232,0.811760,0.827102,0.785547,0.780771,0.789591,0.790094,0.803373,0.765339,0.795241,0.791996,0.779472,0.787463,0.808893,0.813556,0.783448,0.770565,0.786848,0.811741,0.777343,0.755600,#
15,0.816195,0.808362,0.789654,0.806614,0.808314,0.810071,0.818762,0.785097,0.824596,0.801087,0.793774,0.806228,0.779888,0.792179,0.792182,1.000000,0.798377,0.833170,0.796935,0.802566,0.793966,0.804289,0.790702,0.811669,0.797715,0.785314,0.783726,0.797915,0.800704,0.804248,0.825385,0.834999,0.790409,0.834056,0.769179,0.826348,0.806676,0.831151,0.814646,0.796265,0.775830,0.759078,0.818214,0.788876,0.816637,0.786483,0.825424,0.802984,0.815954,0.817153,0.791646,0.809663,0.791885,0.791881,0.805539,0.804430,0.820836,0.803254,0.798861,0.792191,0.824937,0.812409,0.797942,0.800511,0.815003,0.810651,0.806250,0.816393,0.788794,0.773769,0.818227,0.787826,0.805271,0.797613,0.805394,0.794990,0.808657,0.818249,0.824492,0.792555,0.816704,0.811419,0.814456,0.836473,0.834363,0.804559,0.759412,0.803881,0.784249,0.746799,0.758820,0.785631,0.812748,0.808052,0.744883,0.790771,0.782846,0.806216,0.806176,0.810961,0.816134,0.783209,0.819346,0.798351,0.797599,0.792007,0.792749,0.820154,0.776701,0.810294,0.773171,0.762683,0.815330,0.797021,0.780288,0.784644,0.770763,0.801500,0.777564,0.816014,0.771715,0.798434,0.790121,0.824878,0.766582,0.776419,0.799730,0.777916,0.814754,0.836175,0.796855,0.789892,0.771836,0.759773,0.817386,0.818091,0.813817,0.773920,0.780959,0.797319,0.771825,0.774988,0.778022,0.791351,0.792205,0.777113,0.781116,0.773908,0.804684,0.776717,0.814604,0.820878,0.807680,0.802395,0.797431,0.779063,0.818508,0.777917,0.810801,0.803610,0.791579,0.811923,0.830757,0.789918,0.805986,0.781610,0.809199,0.780787,0.800298,0.776621,0.773307,0.815323,0.752864,0.821339,0.802607,0.828814,0.791414,0.820541,0.803970,0.792880,0.807836,0.811201,0.768305,0.806851,0.803379,0.768425,0.750526,0.759630,0.755447,0.798470,0.772084,0.811339,0.777785,0.783790,0.774069,0.779582,0.790076,0.809849,0.822084,0.813803,#
16,0.843840,0.822235,0.806233,0.813554,0.814955,0.818162,0.831842,0.826845,0.818124,0.816566,0.816219,0.822306,0.813939,0.801557,0.814478,0.798377,1.000000,0.845363,0.831519,0.835426,0.873178,0.799873,0.788624,0.822091,0.816944,0.826392,0.838295,0.798830,0.795745,0.808736,0.836141,0.843164,0.825914,0.807691,0.807573,0.825538,0.838944,0.836304,0.842326,0.843976,0.814915,0.797270,0.811229,0.801070,0.814424,0.813450,0.825459,0.805371,0.834405,0.840115,0.795493,0.812074,0.826425,0.834141,0.825259,0.844055,0.784963,0.830583,0.827374,0.790937,0.823125,0.831241,0.808238,0.784863,0.824856,0.819493,0.843098,0.824465,0.841646,0.826750,0.833794,0.813215,0.857501,0.813398,0.831347,0.803996,0.818351,0.839888,0.816191,0.840623,0.866048,0.828193,0.848530,0.835572,0.834719,0.824648,0.835653,0.780022,0.797190,0.819413,0.778607,0.809819,0.834926,0.805174,0.808973,0.836104,0.800785,0.818625,0.848432,0.826239,0.834435,0.819194,0.813895,0.820417,0.817257,0.839237,0.825000,0.815596,0.846665,0.799947,0.830269,0.815658,0.838651,0.809363,0.822162,0.841069,0.851298,0.831532,0.794370,0.756771,0.791172,0.815855,0.812856,0.841451,0.831027,0.802747,0.789475,0.795232,0.825909,0.803491,0.833924,0.819441,0.820733,0.799229,0.843342,0.856987,0.823216,0.797088,0.803412,0.785522,0.808828,0.812188,0.822187,0.823174,0.792013,0.785378,0.835202,0.798041,0.822733,0.811710,0.797467,0.833511,0.781895,0.791707,0.852302,0.798121,0.838346,0.807215,0.816079,0.820260,0.822726,0.801502,0.856318,0.808587,0.830821,0.829519,0.821975,0.821779,0.816883,0.793403,0.810772,0.834004,0.815638,0.828068,0.826762,0.814662,0.793390,0.879256,0.814389,0.803399,0.815246,0.802930,0.801347,0.818740,0.777753,0.805479,0.816103,0.814011,0.812752,0.816985,0.821532,0.797114,0.813349,0.817116,0.816784,0.806925,0.818766,0.837653,0.825016,0.811584,#
17,0.858439,0.822810,0.835401,0.817214,0.826930,0.833734,0.850059,0.835010,0.840565,0.814387,0.792852,0.852074,0.824765,0.849740,0.796236,0.833170,0.845363,1.000000,0.822476,0.854175,0.837532,0.807186,0.830959,0.809503,0.857633,0.839991,0.840829,0.836423,0.820366,0.833488,0.838638,0.854647,0.804876,0.813896,0.801361,0.836738,0.810262,0.843795,0.856117,0.869568,0.842110,0.829226,0.835070,0.819718,0.823677,0.815413,0.833689,0.853661,0.861344,0.861168,0.832176,0.799644,0.828364,0.824506,0.849303,0.844266,0.846933,0.834611,0.834790,0.813787,0.811012,0.822492,0.829391,0.802711,0.834251,0.853288,0.877568,0.849928,0.827631,0.809461,0.839684,0.806579,0.835075,0.834363,0.844426,0.807110,0.833686,0.854457,0.846514,0.846609,0.855929,0.832001,0.859782,0.857906,0.836211,0.826703,0.836667,0.823701,0.821700,0.800045,0.803296,0.799561,0.836384,0.833295,0.804763,0.838950,0.814631,0.806559,0.823614,0.843066,0.850687,0.791714,0.826578,0.812858,0.812868,0.824349,0.819889,0.832330,0.816925,0.828977,0.843164,0.803873,0.833041,0.829489,0.834815,0.813665,0.790583,0.832417,0.810877,0.822201,0.815040,0.837018,0.827658,0.832508,0.807696,0.819095,0.815771,0.815976,0.826757,0.830451,0.848531,0.855503,0.845636,0.807728,0.834805,0.852633,0.849163,0.826682,0.835495,0.841619,0.829334,0.832034,0.859847,0.826752,0.831659,0.792555,0.825051,0.787344,0.848766,0.794558,0.824227,0.840253,0.816466,0.813175,0.831234,0.835248,0.870435,0.817480,0.830319,0.827270,0.847669,0.824917,0.871841,0.807903,0.838428,0.814859,0.800816,0.792804,0.820403,0.803129,0.843590,0.818778,0.827223,0.830332,0.864564,0.805583,0.830596,0.859409,0.824664,0.846228,0.831874,0.858107,0.827431,0.855658,0.826168,0.802332,0.818244,0.846230,0.792467,0.806183,0.847201,0.824055,0.812515,0.824645,0.833888,0.835270,0.810312,0.854542,0.836939,0.801906,#
18,0.833215,0.829401,0.807876,0.830315,0.815053,0.799592,0.812432,0.832189,0.796898,0.812292,0.806545,0.849357,0.827960,0.832470,0.786678,0.796935,0.831519,0.822476,1.000000,0.833117,0.813273,0.822072,0.812548,0.789114,0.800161,0.826108,0.811507,0.823941,0.803323,0.838402,0.787889,0.834998,0.810089,0.839565,0.812885,0.831481,0.804699,0.836187,0.823383,0.838101,0.820966,0.769775,0.816451,0.787469,0.834555,0.794160,0.858815,0.846019,0.821820,0.813600,0.785317,0.797899,0.838090,0.790417,0.828866,0.834062,0.813787,0.831496,0.809059,0.840220,0.824009,0.798870,0.808696,0.778711,0.849343,0.799909,0.819296,0.804019,0.780697,0.817313,0.835014,0.794307,0.849701,0.808376,0.845646,0.787625,0.828443,0.817839,0.823685,0.813040,0.818023,0.810141,0.846894,0.835129,0.849694,0.826091,0.795747,0.817143,0.806950,0.783601,0.807931,0.788235,0.831836,0.820219,0.811285,0.793036,0.805150,0.816390,0.817092,0.821697,0.835317,0.802979,0.815041,0.803846,0.815276,0.838932,0.803428,0.824871,0.823270,0.801230,0.840205,0.779093,0.843873,0.811725,0.781786,0.806141,0.795646,0.813167,0.813855,0.783477,0.798865,0.826166,0.802110,0.816803,0.825160,0.777030,0.811962,0.795648,0.847812,0.790610,0.807866,0.831917,0.808659,0.794803,0.838330,0.846109,0.835785,0.819301,0.799458,0.801305,0.789636,0.824907,0.804902,0.839355,0.792573,0.800583,0.819665,0.769861,0.833265,0.808608,0.807337,0.829158,0.834429,0.791073,0.825018,0.823410,0.811036,0.831987,0.816024,0.802760,0.833301,0.811204,0.848517,0.812510,0.828540,0.812641,0.859182,0.782129,0.785846,0.801483,0.821161,0.824798,0.837289,0.824170,0.808542,0.818911,0.799491,0.855356,0.791073,0.831031,0.812671,0.823834,0.789630,0.803002,0.787263,0.804151,0.808791,0.777011,0.789257,0.819888,0.826518,0.818770,0.771226,0.842729,0.816951,0.795393,0.770811,0.859166,0.824127,0.818598,#
19,0.832778,0.835891,0.829966,0.815796,0.846029,0.858156,0.810851,0.822517,0.836278,0.804560,0.795752,0.826854,0.813178,0.816568,0.803126,0.802566,0.835426,0.854175,0.833117,1.000000,0.828883,0.803764,0.806072,0.815233,0.815148,0.790969,0.836824,0.813017,0.814662,0.830596,0.835521,0.861416,0.822329,0.810250,0.792232,0.837333,0.800375,0.822613,0.830801,0.844617,0.838405,0.792604,0.813552,0.801888,0.811638,0.815429,0.856761,0.823407,0.839000,0.799485,0.781610,0.792867,0.817691,0.824029,0.825772,0.813593,0.834246,0.824100,0.819142,0.785254,0.819843,0.802204,0.831898,0.804453,0.834303,0.839252,0.823954,0.828625,0.826122,0.801773,0.832666,0.810553,0.853463,0.814412,0.829884,0.801240,0.806136,0.829109,0.820204,0.811624,0.840180,0.793597,0.857110,0.821071,0.821954,0.799111,0.815494,0.827089,0.831703,0.784469,0.784252,0.802581,0.827280,0.815367,0.799636,0.792761,0.810300,0.816773,0.823942,0.845229,0.840668,0.812116,0.813851,0.818564,0.816874,0.811706,0.825905,0.809002,0.812730,0.769207,0.814035,0.798887,0.833627,0.826366,0.802530,0.813112,0.834207,0.824189,0.797737,0.762575,0.818561,0.824774,0.798597,0.853464,0.826976,0.802455,0.812607,0.817055,0.854325,0.845976,0.817771,0.854134,0.825486,0.827527,0.843911,0.846386,0.823370,0.809457,0.820940,0.795177,0.792925,0.811199,0.810187,0.815075,0.805838,0.782347,0.794337,0.752080,0.843393,0.817225,0.804683,0.844817,0.790864,0.789035,0.840359,0.803778,0.844633,0.826767,0.839846,0.830150,0.823631,0.831329,0.828566,0.815688,0.827435,0.808086,0.789547,0.824221,0.792841,0.786255,0.807664,0.837165,0.826429,0.817289,0.849577,0.807905,0.820289,0.874267,0.809677,0.791189,0.792381,0.845154,0.811833,0.848476,0.811504,0.798155,0.791492,0.798557,0.805645,0.819955,0.827369,0.814151,0.796980,0.846927,0.811007,0.819095,0.791816,0.802867,0.813643,0.793799,#
20,0.831351,0.840607,0.820657,0.827732,0.835612,0.820273,0.846690,0.829015,0.833310,0.840774,0.808315,0.812269,0.826597,0.830164,0.810247,0.793966,0.873178,0.837532,0.813273,0.828883,1.000000,0.814120,0.799762,0.832558,0.826210,0.833851,0.837703,0.831771,0.812130,0.828608,0.830978,0.842277,0.833312,0.851472,0.816008,0.847284,0.816812,0.814063,0.833984,0.853937,0.835493,0.835184,0.811583,0.814405,0.847653,0.800974,0.847956,0.816269,0.834766,0.835494,0.808840,0.827256,0.825573,0.842024,0.834665,0.830501,0.802410,0.832105,0.832987,0.803243,0.826055,0.812718,0.838738,0.802058,0.842866,0.833929,0.855986,0.809242,0.843353,0.815600,0.839516,0.818601,0.839505,0.827461,0.824120,0.785834,0.824415,0.844312,0.849307,0.842038,0.843256,0.855376,0.848935,0.842208,0.808713,0.820983,0.838983,0.822740,0.828417,0.847391,0.823906,0.811635,0.831795,0.834793,0.815265,0.819146,0.801737,0.802148,0.834417,0.835431,0.845473,0.815695,0.832961,0.838661,0.821883,0.813078,0.856606,0.834315,0.822726,0.847140,0.818453,0.835127,0.821108,0.780337,0.831581,0.816950,0.817955,0.841887,0.773311,0.774154,0.841284,0.836021,0.808385,0.867068,0.816240,0.827526,0.803344,0.795819,0.823455,0.835756,0.828910,0.828346,0.851459,0.835058,0.836732,0.832962,0.811059,0.829450,0.836277,0.838008,0.808476,0.813123,0.813115,0.822928,0.818287,0.791154,0.829782,0.796782,0.824706,0.833197,0.829210,0.845334,0.815744,0.804892,0.834786,0.800908,0.831270,0.832081,0.842978,0.819192,0.827616,0.830255,0.831061,0.823738,0.843145,0.795453,0.808609,0.816605,0.806589,0.787941,0.843279,0.815464,0.830342,0.825009,0.828208,0.827756,0.807959,0.867075,0.823056,0.810760,0.826586,0.815095,0.821697,0.812689,0.780539,0.828731,0.810212,0.820581,0.796166,0.815221,0.801945,0.811746,0.824522,0.840796,0.829668,0.792919,0.812647,0.836735,0.831554,0.819970,#
21,0.806201,0.859703,0.808546,0.837722,0.829478,0.799091,0.793336,0.809643,0.833952,0.796103,0.784699,0.793675,0.781963,0.797122,0.791474,0.804289,0.799873,0.807186,0.822072,0.803764,0.814120,1.000000,0.803708,0.810009,0.779583,0.778111,0.825913,0.772487,0.817015,0.784174,0.794787,0.797507,0.819980,0.832298,0.803725,0.835989,0.810618,0.813237,0.820975,0.814741,0.797256,0.806730,0.796764,0.811812,0.814654,0.798565,0.819493,0.822235,0.815047,0.801101,0.782558,0.810275,0.810549,0.784325,0.830668,0.816360,0.803337,0.808872,0.839193,0.771641,0.800909,0.806176,0.767237,0.770724,0.830141,0.807219,0.822951,0.805240,0.800640,0.817727,0.813238,0.813155,0.831897,0.820964,0.840886,0.799575,0.802525,0.817219,0.812682,0.816259,0.801518,0.794046,0.836147,0.841723,0.843868,0.810859,0.786161,0.826822,0.816027,0.804179,0.761955,0.754989,0.822841,0.806053,0.803007,0.798974,0.801542,0.777436,0.796510,0.822001,0.808296,0.816121,0.782980,0.802255,0.779120,0.828161,0.785210,0.812804,0.797672,0.820867,0.828978,0.772838,0.814308,0.812048,0.760865,0.782441,0.804467,0.831945,0.784484,0.777416,0.809219,0.814148,0.785068,0.808468,0.800599,0.765675,0.809816,0.812167,0.800836,0.826138,0.818323,0.830010,0.797164,0.790341,0.833880,0.799815,0.771673,0.763245,0.798786,0.812889,0.795478,0.817101,0.770518,0.801157,0.782540,0.799458,0.791332,0.752992,0.800412,0.800953,0.799719,0.832621,0.787253,0.793876,0.806936,0.803341,0.820234,0.798326,0.790173,0.805362,0.812859,0.819278,0.816780,0.809982,0.824550,0.788306,0.830285,0.790530,0.747120,0.796006,0.831467,0.790030,0.807104,0.792028,0.804919,0.808866,0.756441,0.827292,0.804835,0.786051,0.789934,0.834604,0.792389,0.800398,0.776585,0.820566,0.794446,0.753865,0.763753,0.810589,0.801966,0.784054,0.791544,0.790114,0.802587,0.768805,0.800907,0.816810,0.771787,0.823672,#
