0,1.000000,0.837765,0.840604,0.814683,0.793251,0.846814,0.831749,0.839432,0.828170,0.807724,0.826009,0.840251,0.828992,0.804780,0.832963,0.806015,0.840564,0.846232,0.821129,0.828436,0.824646,0.799095,0.833799,0.840012,0.796428,0.801316,0.829076,0.829116,0.810749,0.840185,0.820583,0.831064,0.808536,0.803360,0.844089,0.819063,0.809087,0.818021,0.845303,0.857109,0.835887,0.796194,0.836792,0.812565,0.831437,0.794829,0.849797,0.834029,0.822116,0.846788,0.833788,0.814474,0.848902,0.840070,0.824462,0.855489,0.834333,0.854234,0.825219,0.820001,0.843120,0.811763,0.835262,0.821539,0.838135,0.840007,0.845782,0.845942,0.821507,0.799037,0.829765,0.838614,0.862428,0.838185,0.835821,0.827398,0.838961,0.828001,0.830135,0.825185,0.870506,0.837268,0.837050,0.840411,0.835281,0.862321,0.832772,0.812988,0.800748,0.822408,0.790427,0.814610,0.824796,0.826546,0.814762,0.819997,0.795741,0.813445,0.843267,0.838880,0.835922,0.819661,0.806662,0.823722,0.823485,0.809682,0.795619,0.840673,0.837700,0.794137,0.837381,0.821984,0.832383,0.806930,0.814914,0.858519,0.808513,0.814529,0.816160,0.814772,0.796223,0.874410,0.831954,0.862499,0.813369,0.809315,0.811223,0.812387,0.802696,0.817718,0.808328,0.839223,0.827924,0.806675,0.845119,0.832439,0.828708,0.839499,0.819441,0.823854,0.796875,0.818459,0.796900,0.856392,0.834402,0.756285,0.819600,0.788291,0.835305,0.812634,0.822419,0.829606,0.826286,0.791568,0.820453,0.800230,0.825720,0.838175,0.858935,0.827674,0.846002,0.845143,0.825420,0.828274,0.829148,0.831711,0.845908,0.812022,0.820657,0.821584,0.832287,0.817547,0.831995,0.848033,0.862801,0.806416,0.822414,0.853924,0.829728,0.819307,0.819903,0.841748,0.800911,0.810881,0.809318,0.800991,0.815428,0.826821,0.810824,0.829553,0.804334,0.819040,0.802865,0.827921,0.800899,0.805904,0.795016,0.842791,0.835262,0.821934,#
1,0.837765,1.000000,0.825569,0.846308,0.821312,0.862889,0.799837,0.836581,0.849391,0.826369,0.825724,0.831939,0.842441,0.832822,0.837795,0.809330,0.834312,0.820651,0.826776,0.844331,0.845092,0.866664,0.864760,0.848829,0.821760,0.806811,0.855561,0.848143,0.828616,0.809599,0.856730,0.855919,0.835346,0.850625,0.822251,0.845375,0.808173,0.852820,0.858835,0.855289,0.832621,0.799058,0.812954,0.816907,0.818984,0.824497,0.852201,0.837831,0.854670,0.848559,0.823007,0.852181,0.835878,0.818519,0.848376,0.840724,0.835247,0.850297,0.843972,0.813090,0.812413,0.841777,0.786910,0.792380,0.840668,0.841568,0.857138,0.854484,0.851214,0.854407,0.833958,0.850789,0.895033,0.804488,0.847771,0.843942,0.836447,0.841401,0.840462,0.821149,0.862054,0.830491,0.868418,0.861863,0.853821,0.843358,0.828442,0.832265,0.848632,0.832370,0.813192,0.813657,0.843590,0.842398,0.809726,0.818930,0.816835,0.828862,0.831195,0.836325,0.847046,0.842092,0.810607,0.833606,0.825039,0.828694,0.808519,0.858891,0.830837,0.807248,0.829885,0.827437,0.823330,0.826392,0.806327,0.830836,0.846419,0.848566,0.808906,0.779067,0.855995,0.850274,0.813899,0.853475,0.810098,0.791122,0.831518,0.829977,0.838092,0.851013,0.809758,0.857239,0.816105,0.830856,0.846616,0.833649,0.823008,0.833594,0.848911,0.803663,0.848222,0.820476,0.824852,0.840563,0.819182,0.814743,0.822846,0.797985,0.842453,0.809874,0.840429,0.859429,0.834026,0.797888,0.858587,0.804005,0.852738,0.842990,0.815507,0.818310,0.836787,0.858677,0.832648,0.853575,0.830837,0.810168,0.837758,0.834223,0.788833,0.817880,0.838319,0.814744,0.828296,0.858275,0.841686,0.824480,0.830030,0.877163,0.804739,0.806099,0.836461,0.820442,0.819104,0.818424,0.784676,0.855714,0.823854,0.785801,0.831571,0.832812,0.844811,0.815966,0.810678,0.824791,0.848918,0.783040,0.814884,0.855993,0.829489,0.832377,#
2,0.840604,0.825569,1.000000,0.818730,0.797338,0.838071,0.818707,0.841556,0.825579,0.809162,0.804221,0.798275,0.795346,0.820391,0.819491,0.789860,0.804632,0.830077,0.809393,0.828359,0.817309,0.808170,0.793300,0.839996,0.801215,0.787159,0.845379,0.838641,0.841340,0.829438,0.830772,0.824011,0.835222,0.812209,0.821428,0.810349,0.805121,0.817481,0.854910,0.837101,0.822982,0.810755,0.806489,0.795848,0.801193,0.815514,0.856773,0.796556,0.810071,0.862169,0.810175,0.810700,0.822565,0.841371,0.860177,0.831144,0.836564,0.823677,0.810700,0.809853,0.851929,0.832073,0.801939,0.826818,0.822149,0.823678,0.846731,0.810871,0.823546,0.833007,0.840979,0.809527,0.854129,0.832006,0.842044,0.822475,0.830378,0.835820,0.822029,0.852631,0.840652,0.849809,0.863206,0.845468,0.845062,0.838088,0.820217,0.854179,0.802392,0.805404,0.833312,0.806113,0.842683,0.805987,0.830770,0.807874,0.802021,0.807210,0.862635,0.831574,0.835194,0.794742,0.788357,0.812075,0.790279,0.842648,0.828656,0.811028,0.834277,0.785766,0.829383,0.788577,0.847237,0.795596,0.805900,0.792011,0.796539,0.823792,0.817488,0.777433,0.812864,0.823939,0.788571,0.854786,0.805661,0.779600,0.814233,0.815052,0.817776,0.831226,0.827256,0.854169,0.843429,0.840797,0.833009,0.821144,0.817775,0.828354,0.834998,0.812376,0.813212,0.826524,0.774289,0.800007,0.803411,0.827447,0.807166,0.789568,0.823427,0.803893,0.827680,0.830990,0.818057,0.817342,0.802956,0.819774,0.819224,0.798039,0.805058,0.798163,0.810125,0.794971,0.817481,0.823074,0.784489,0.832915,0.847605,0.799755,0.786405,0.798335,0.829721,0.804160,0.819373,0.805971,0.841053,0.826106,0.804673,0.848742,0.815357,0.793380,0.800498,0.852964,0.790499,0.847172,0.776848,0.818174,0.819263,0.799446,0.810387,0.808015,0.809928,0.822771,0.840487,0.828820,0.806988,0.809597,0.799203,0.836928,0.797872,0.828401,#
3,0.814683,0.846308,0.818730,1.000000,0.823037,0.818905,0.809056,0.819286,0.824838,0.809538,0.797431,0.812756,0.824351,0.800528,0.791404,0.798052,0.809453,0.804683,0.820030,0.811936,0.820693,0.828231,0.804161,0.797357,0.821756,0.815423,0.836005,0.830132,0.808175,0.802700,0.811924,0.839369,0.808955,0.829154,0.811221,0.813679,0.782888,0.814911,0.800357,0.852192,0.828348,0.805133,0.809929,0.800838,0.809103,0.832050,0.843341,0.817683,0.843493,0.814222,0.823699,0.777292,0.828924,0.807088,0.822223,0.832158,0.791088,0.828056,0.858095,0.810355,0.808726,0.808737,0.777727,0.799746,0.849897,0.821060,0.813140,0.802088,0.788727,0.818985,0.802300,0.835083,0.862603,0.811407,0.807455,0.800432,0.806013,0.813453,0.816392,0.827945,0.843136,0.809008,0.829681,0.837449,0.830782,0.827787,0.812463,0.798807,0.797092,0.804998,0.796444,0.810678,0.824121,0.821468,0.806580,0.821193,0.779033,0.791764,0.810781,0.817285,0.804503,0.796882,0.774294,0.791153,0.827367,0.807180,0.805312,0.835644,0.804474,0.791932,0.799251,0.798945,0.800918,0.800947,0.796237,0.822581,0.797841,0.809603,0.802339,0.757357,0.785293,0.828885,0.782934,0.818607,0.780993,0.788805,0.814100,0.820824,0.809095,0.816144,0.797741,0.836189,0.791295,0.829925,0.843492,0.829567,0.852991,0.795511,0.802176,0.786236,0.789235,0.813776,0.802832,0.784485,0.780735,0.832860,0.782333,0.803141,0.822052,0.786775,0.789393,0.827571,0.806128,0.786208,0.820862,0.762399,0.832718,0.813565,0.805059,0.813212,0.833830,0.824052,0.790331,0.838605,0.804293,0.813518,0.820368,0.780609,0.798973,0.794307,0.830651,0.811935,0.803277,0.819610,0.807861,0.817105,0.798702,0.828939,0.814776,0.789010,0.783105,0.830631,0.790526,0.807376,0.771068,0.812257,0.791797,0.758961,0.827017,0.844507,0.805019,0.799145,0.797552,0.796505,0.812341,0.804374,0.803042,0.819792,0.795495,0.823854,#
4,0.793251,0.821312,0.797338,0.823037,1.000000,0.831871,0.815490,0.799451,0.788094,0.803345,0.781834,0.807456,0.796868,0.791873,0.781323,0.793414,0.797188,0.813677,0.793633,0.834331,0.823958,0.815089,0.798548,0.818612,0.787295,0.758922,0.809399,0.792348,0.819213,0.804408,0.836928,0.812094,0.824572,0.782934,0.796473,0.805918,0.765983,0.788042,0.800021,0.834509,0.809595,0.759869,0.799992,0.819678,0.795732,0.791009,0.835704,0.803869,0.812400,0.808376,0.818766,0.790060,0.814218,0.774357,0.820884,0.821500,0.786483,0.809908,0.835754,0.800962,0.778386,0.812175,0.796591,0.776547,0.831436,0.835332,0.820457,0.780645,0.792770,0.807788,0.814957,0.826475,0.827215,0.795859,0.794414,0.794522,0.793437,0.824721,0.818133,0.821868,0.797293,0.815788,0.834052,0.786699,0.830979,0.791662,0.792088,0.773994,0.802773,0.804151,0.776016,0.770799,0.787967,0.801224,0.779865,0.798283,0.805254,0.781972,0.791956,0.802594,0.821028,0.822589,0.786766,0.785973,0.793626,0.784281,0.808855,0.802953,0.809638,0.805445,0.794869,0.798221,0.822544,0.839369,0.774247,0.795110,0.779754,0.850540,0.768745,0.761490,0.791009,0.809041,0.822247,0.812841,0.775936,0.787869,0.779323,0.793732,0.841235,0.816371,0.829827,0.824219,0.784834,0.807325,0.839191,0.816885,0.810391,0.818963,0.794228,0.763511,0.757564,0.825428,0.793541,0.798317,0.776407,0.772255,0.806988,0.754856,0.793540,0.814728,0.786671,0.853214,0.769845,0.747274,0.834393,0.778246,0.836807,0.801783,0.816119,0.782203,0.771550,0.812408,0.831485,0.806253,0.799965,0.789185,0.796737,0.767731,0.763268,0.797287,0.805572,0.797625,0.812628,0.781621,0.831530,0.809474,0.802335,0.837862,0.791296,0.786704,0.810401,0.802061,0.805674,0.791042,0.825640,0.813855,0.781542,0.817586,0.784838,0.787101,0.781812,0.771100,0.783802,0.802720,0.784505,0.745376,0.782878,0.789133,0.810885,0.791544,#
5,0.846814,0.862889,0.838071,0.818905,0.831871,1.000000,0.796197,0.831941,0.825122,0.803221,0.800893,0.820066,0.795474,0.783354,0.816754,0.810102,0.810295,0.824806,0.812293,0.855272,0.817190,0.799112,0.799854,0.828239,0.818012,0.814280,0.846460,0.840418,0.796159,0.830173,0.851240,0.849614,0.824290,0.840369,0.820392,0.835410,0.800112,0.798313,0.836354,0.840917,0.836007,0.788476,0.784804,0.802103,0.820776,0.827618,0.846302,0.845062,0.836631,0.826662,0.824204,0.792304,0.818072,0.837821,0.824325,0.873460,0.830122,0.837430,0.856661,0.829477,0.800604,0.817168,0.816723,0.833105,0.828701,0.815154,0.831000,0.823461,0.818117,0.833473,0.850326,0.827953,0.869365,0.821829,0.820903,0.804357,0.825806,0.854191,0.816847,0.822808,0.853682,0.834360,0.851179,0.830227,0.828425,0.830107,0.816455,0.827797,0.831917,0.807979,0.795110,0.787940,0.827391,0.841405,0.785344,0.756417,0.820129,0.811566,0.844367,0.798778,0.860224,0.823917,0.844628,0.820332,0.820941,0.823295,0.821467,0.829329,0.802289,0.820413,0.802429,0.835562,0.820631,0.790110,0.758563,0.798812,0.836506,0.833657,0.787751,0.786349,0.800461,0.835928,0.822414,0.866224,0.791249,0.800296,0.834541,0.809884,0.832863,0.815527,0.820533,0.862704,0.841140,0.849489,0.834749,0.808281,0.803130,0.835947,0.798757,0.793978,0.804565,0.786149,0.820073,0.828562,0.849212,0.765978,0.787138,0.793349,0.822456,0.814494,0.842780,0.837411,0.815139,0.792878,0.827025,0.779231,0.853446,0.829604,0.822342,0.823234,0.823880,0.843029,0.815754,0.821159,0.834557,0.803025,0.791212,0.817822,0.793152,0.798122,0.849058,0.808767,0.808121,0.812122,0.827571,0.819710,0.814211,0.853150,0.823304,0.826211,0.838190,0.823070,0.790467,0.811314,0.810013,0.829366,0.801014,0.801747,0.823455,0.835041,0.796211,0.835317,0.792269,0.837119,0.796747,0.801477,0.784482,0.840929,0.822514,0.819322,#
6,0.831749,0.799837,0.818707,0.809056,0.815490,0.796197,1.000000,0.795808,0.818391,0.797706,0.806701,0.813516,0.803736,0.827824,0.770188,0.813285,0.828254,0.842544,0.815987,0.803075,0.840567,0.790041,0.773527,0.805422,0.814772,0.803045,0.811722,0.817359,0.807212,0.822291,0.834170,0.836835,0.822881,0.815134,0.811530,0.823915,0.792908,0.809514,0.807957,0.829906,0.821504,0.805690,0.826951,0.806267,0.830522,0.780078,0.831034,0.805675,0.847371,0.842703,0.816522,0.818172,0.840825,0.769343,0.825807,0.821027,0.827691,0.849374,0.843184,0.787653,0.826323,0.813919,0.782522,0.792630,0.862699,0.803715,0.869819,0.809412,0.815732,0.802547,0.822893,0.841389,0.832544,0.822738,0.798920,0.823243,0.829874,0.833069,0.836087,0.815143,0.831466,0.826774,0.827937,0.854783,0.810327,0.816759,0.817485,0.799573,0.814050,0.809535,0.779850,0.795804,0.778599,0.810568,0.787046,0.799013,0.817100,0.816556,0.816286,0.820066,0.834937,0.818115,0.814456,0.801823,0.818786,0.770103,0.819908,0.807261,0.818381,0.769970,0.781754,0.781974,0.789492,0.812861,0.793789,0.789842,0.792375,0.833404,0.788244,0.799231,0.805410,0.808121,0.787060,0.845030,0.820740,0.795566,0.778228,0.821651,0.795252,0.804775,0.816451,0.832508,0.809585,0.783227,0.819069,0.831221,0.824917,0.816658,0.840753,0.821065,0.815435,0.812851,0.768552,0.799560,0.795748,0.816684,0.805363,0.803118,0.791899,0.788771,0.799030,0.847791,0.776338,0.776272,0.793007,0.780435,0.812554,0.774656,0.820792,0.817935,0.825211,0.812186,0.787637,0.821767,0.808645,0.825463,0.843926,0.763079,0.796944,0.793877,0.828810,0.817487,0.774982,0.786216,0.823532,0.825631,0.809211,0.846565,0.796023,0.803096,0.824937,0.809382,0.819475,0.825364,0.776113,0.791859,0.800300,0.796279,0.774751,0.804928,0.786081,0.814622,0.776837,0.809342,0.817143,0.805542,0.803719,0.825855,0.819051,0.815738,#
7,0.839432,0.836581,0.841556,0.819286,0.799451,0.831941,0.795808,1.000000,0.837163,0.802777,0.802111,0.803764,0.819562,0.820503,0.827887,0.788942,0.823106,0.836881,0.836214,0.822834,0.827814,0.801454,0.838209,0.813376,0.820197,0.828412,0.823909,0.830392,0.818614,0.843211,0.800059,0.835878,0.801148,0.812154,0.821123,0.811485,0.798056,0.816056,0.842987,0.823707,0.840616,0.805898,0.805551,0.803751,0.817594,0.813928,0.839493,0.837604,0.836855,0.810786,0.815345,0.802302,0.821152,0.831683,0.846608,0.823390,0.824897,0.828795,0.833416,0.842805,0.783618,0.819737,0.821670,0.800124,0.836185,0.840583,0.858622,0.817884,0.824247,0.802987,0.831988,0.785304,0.864979,0.837304,0.836040,0.814138,0.825931,0.823451,0.810749,0.810413,0.858557,0.820319,0.855998,0.832211,0.832638,0.828467,0.844064,0.823996,0.810709,0.815672,0.807959,0.817556,0.833321,0.810776,0.835949,0.811437,0.818750,0.844888,0.849703,0.828482,0.839889,0.799301,0.788494,0.791064,0.820427,0.803752,0.812746,0.832134,0.824028,0.773388,0.851453,0.811774,0.850243,0.810967,0.805721,0.811040,0.804641,0.810617,0.799424,0.815017,0.826317,0.824078,0.805456,0.852019,0.824391,0.801780,0.799939,0.836121,0.802504,0.816752,0.808055,0.839116,0.831752,0.789545,0.836048,0.855197,0.836901,0.838774,0.797889,0.813150,0.809929,0.823388,0.834686,0.820459,0.824444,0.806723,0.828177,0.754179,0.812971,0.798507,0.797970,0.843729,0.819889,0.762150,0.813566,0.821245,0.832504,0.831785,0.820816,0.809720,0.838843,0.799449,0.864480,0.808555,0.817194,0.818048,0.840940,0.798164,0.770203,0.781866,0.851833,0.816496,0.801026,0.829197,0.822256,0.810437,0.814900,0.820126,0.814957,0.797722,0.814197,0.812995,0.806676,0.824644,0.793802,0.821398,0.824177,0.795825,0.829164,0.840609,0.820046,0.819330,0.788796,0.811134,0.817080,0.799761,0.814736,0.858472,0.826134,0.816181,#
8,0.828170,0.849391,0.825579,0.824838,0.788094,0.825122,0.818391,0.837163,1.000000,0.827759,0.810761,0.824032,0.821958,0.826388,0.810148,0.821396,0.813234,0.835673,0.783769,0.832682,0.823319,0.816527,0.805496,0.811559,0.812474,0.816739,0.831357,0.820922,0.829777,0.814666,0.824659,0.834577,0.812278,0.803211,0.800929,0.846004,0.809139,0.819408,0.807836,0.832190,0.826911,0.785471,0.857185,0.810739,0.802125,0.785816,0.818282,0.809738,0.831283,0.822980,0.830921,0.811986,0.816702,0.829383,0.816246,0.841669,0.812503,0.836724,0.805868,0.789977,0.817647,0.818600,0.834885,0.820917,0.845146,0.852197,0.842862,0.847539,0.855566,0.815711,0.825191,0.840985,0.863673,0.824932,0.817235,0.804084,0.816166,0.838904,0.830302,0.829314,0.837117,0.818494,0.828696,0.843779,0.840178,0.824086,0.813600,0.827276,0.784698,0.802266,0.806705,0.804728,0.805009,0.805379,0.797576,0.799046,0.813223,0.841469,0.863725,0.835374,0.832587,0.775784,0.823820,0.848726,0.783524,0.820877,0.826908,0.829316,0.804501,0.814392,0.811945,0.819648,0.834459,0.804892,0.779651,0.828236,0.814062,0.813194,0.790825,0.820171,0.800530,0.802532,0.808306,0.851808,0.807272,0.826466,0.790772,0.805374,0.831421,0.824137,0.790354,0.839845,0.830296,0.808452,0.840777,0.832894,0.830608,0.815526,0.807567,0.819387,0.801095,0.821813,0.822381,0.789834,0.818407,0.782029,0.810562,0.793185,0.817321,0.812896,0.795310,0.856329,0.779763,0.831382,0.828321,0.774550,0.831051,0.838653,0.846402,0.817563,0.835371,0.791753,0.831263,0.814058,0.798137,0.802963,0.825663,0.823710,0.817273,0.776621,0.828429,0.837130,0.785491,0.816551,0.854803,0.817401,0.814744,0.857483,0.813284,0.789458,0.815939,0.816939,0.800552,0.818837,0.802269,0.806498,0.839016,0.803686,0.816930,0.832229,0.833215,0.826230,0.818141,0.813413,0.790360,0.784373,0.775445,0.822093,0.808769,0.850378,#
9,0.807724,0.826369,0.809162,0.809538,0.803345,0.803221,0.797706,0.802777,0.827759,1.000000,0.783752,0.784011,0.809738,0.809718,0.826886,0.795829,0.816412,0.811213,0.805895,0.801609,0.838477,0.795688,0.796311,0.825003,0.792883,0.769761,0.815332,0.850398,0.797038,0.815730,0.788861,0.837611,0.809654,0.816439,0.797717,0.812542,0.788834,0.787471,0.817243,0.830864,0.817745,0.789238,0.791218,0.784162,0.824108,0.772865,0.818227,0.793846,0.797320,0.807312,0.797400,0.772317,0.776474,0.799737,0.799565,0.818179,0.809891,0.852913,0.795359,0.805171,0.808813,0.808074,0.803057,0.778048,0.800173,0.845916,0.832671,0.828655,0.840566,0.802208,0.820874,0.810020,0.835254,0.798710,0.805884,0.794633,0.808034,0.848343,0.815984,0.842991,0.820143,0.815463,0.810746,0.852001,0.831507,0.804423,0.806603,0.845964,0.794040,0.776555,0.788606,0.787603,0.825732,0.796246,0.805045,0.779743,0.784428,0.804785,0.832763,0.817641,0.824535,0.823824,0.816361,0.805255,0.808317,0.826338,0.791024,0.811067,0.839954,0.819755,0.810199,0.826505,0.837023,0.807132,0.773070,0.827193,0.759235,0.793112,0.762662,0.777820,0.787841,0.816978,0.810982,0.838188,0.814149,0.776155,0.802362,0.783387,0.836374,0.798652,0.791860,0.834717,0.802943,0.824179,0.835601,0.797642,0.812589,0.799704,0.795677,0.794192,0.808837,0.848749,0.814408,0.829076,0.798656,0.811391,0.804586,0.795542,0.813126,0.792887,0.765719,0.810759,0.792558,0.790117,0.808751,0.791381,0.798166,0.816931,0.809843,0.814212,0.814023,0.823157,0.818797,0.811369,0.805887,0.818610,0.783870,0.799804,0.807111,0.780958,0.823458,0.813838,0.787142,0.778890,0.825596,0.834613,0.803327,0.851657,0.798196,0.808870,0.824613,0.800355,0.800729,0.788115,0.786127,0.821404,0.774021,0.782694,0.835345,0.793570,0.798641,0.805709,0.772810,0.781869,0.769419,0.769804,0.796146,0.805500,0.787264,0.792020,#
10,0.826009,0.825724,0.804221,0.797431,0.781834,0.800893,0.806701,0.802111,0.810761,0.783752,1.000000,0.811560,0.783382,0.792096,0.765823,0.795237,0.818980,0.791441,0.805164,0.798106,0.809069,0.783121,0.791743,0.828328,0.771906,0.786160,0.806303,0.838494,0.799515,0.824529,0.805141,0.800187,0.793449,0.812689,0.814735,0.800613,0.793011,0.821938,0.806497,0.803787,0.821013,0.761656,0.786660,0.768077,0.802251,0.799968,0.855765,0.809736,0.823323,0.854806,0.774298,0.809974,0.809365,0.768742,0.815429,0.837433,0.815320,0.844611,0.777154,0.796282,0.807316,0.815012,0.832292,0.816978,0.825063,0.782025,0.831635,0.789081,0.821909,0.798620,0.830873,0.829543,0.850758,0.765496,0.800651,0.835218,0.790645,0.829889,0.819479,0.789024,0.846598,0.799743,0.818670,0.811443,0.803901,0.810195,0.824986,0.803024,0.788160,0.831124,0.766011,0.805131,0.830468,0.784358,0.770970,0.801985,0.778371,0.818387,0.825444,0.827173,0.805197,0.782383,0.791336,0.821523,0.820384,0.791158,0.802574,0.793766,0.797235,0.789292,0.792188,0.774059,0.818097,0.794751,0.772672,0.814779,0.769266,0.798203,0.792296,0.773717,0.792449,0.824299,0.767038,0.830887,0.757300,0.789754,0.812349,0.808310,0.811758,0.795239,0.781142,0.820749,0.792210,0.788505,0.830623,0.854050,0.802805,0.787453,0.812872,0.815433,0.826258,0.800664,0.775457,0.807073,0.759023,0.782537,0.808217,0.779426,0.806831,0.804683,0.784082,0.803035,0.797557,0.793003,0.812877,0.778736,0.825338,0.826978,0.803674,0.783076,0.832599,0.792859,0.791528,0.807995,0.784843,0.794348,0.825597,0.787495,0.804610,0.799243,0.794957,0.816860,0.758689,0.794761,0.825192,0.800118,0.788006,0.832679,0.774497,0.818873,0.785804,0.781822,0.802079,0.786664,0.744933,0.804372,0.804419,0.798738,0.760587,0.816164,0.801843,0.777715,0.777846,0.809774,0.804867,0.780348,0.774326,0.816647,0.806221,0.821356,#
11,0.840251,0.831939,0.798275,0.812756,0.807456,0.820066,0.813516,0.803764,0.824032,0.784011,0.811560,1.000000,0.828147,0.798622,0.805849,0.800580,0.816930,0.846922,0.849461,0.817741,0.802618,0.786565,0.819615,0.804482,0.811861,0.794218,0.795277,0.810889,0.827867,0.788762,0.836358,0.834577,0.830698,0.809085,0.785967,0.802214,0.816326,0.828709,0.798411,0.828679,0.836482,0.776854,0.812261,0.781141,0.799006,0.782400,0.858501,0.830543,0.813327,0.841131,0.796954,0.780065,0.846157,0.798392,0.828207,0.831561,0.793460,0.859790,0.819549,0.818566,0.778607,0.798290,0.836931,0.793389,0.834278,0.811509,0.835195,0.814582,0.835710,0.810727,0.832266,0.802758,0.829891,0.815818,0.842672,0.796408,0.833665,0.851336,0.824395,0.787299,0.823030,0.805365,0.837119,0.824045,0.839839,0.807858,0.786228,0.784730,0.791821,0.778049,0.789541,0.807548,0.803427,0.792609,0.773374,0.830653,0.799330,0.827507,0.809289,0.812772,0.806212,0.806534,0.811444,0.815022,0.824429,0.809663,0.813533,0.833605,0.835764,0.801369,0.836357,0.826173,0.828102,0.789578,0.761047,0.813808,0.793501,0.815231,0.780355,0.823459,0.775605,0.812304,0.796454,0.845031,0.802035,0.793410,0.816710,0.817332,0.820981,0.826678,0.824782,0.824734,0.835592,0.809932,0.822363,0.825530,0.838937,0.815529,0.812718,0.813880,0.793991,0.788636,0.814324,0.822887,0.818808,0.773566,0.824315,0.793021,0.802552,0.797933,0.791903,0.815452,0.798829,0.835370,0.835682,0.781818,0.826403,0.798043,0.802367,0.787325,0.826727,0.816137,0.822932,0.809658,0.831110,0.794535,0.837964,0.776750,0.805016,0.822779,0.832314,0.822964,0.812537,0.844342,0.820524,0.822122,0.813167,0.827513,0.791420,0.818299,0.811427,0.780582,0.827096,0.797579,0.809135,0.777783,0.816438,0.832511,0.790345,0.785481,0.834691,0.821426,0.796176,0.801616,0.796646,0.787443,0.788431,0.819113,0.808865,0.801768,#
12,0.828992,0.842441,0.795346,0.824351,0.796868,0.795474,0.803736,0.819562,0.821958,0.809738,0.783382,0.828147,1.000000,0.807974,0.829084,0.781250,0.808273,0.817571,0.835826,0.812679,0.824561,0.778087,0.822565,0.818038,0.803135,0.808313,0.790780,0.814249,0.824185,0.802803,0.810037,0.809916,0.810363,0.828977,0.825146,0.818443,0.805900,0.810980,0.826941,0.828359,0.768606,0.753254,0.791487,0.805174,0.810084,0.803241,0.844843,0.803084,0.823995,0.826483,0.841528,0.776911,0.799635,0.795422,0.836754,0.820236,0.808627,0.818558,0.822021,0.790298,0.773790,0.797994,0.806509,0.774704,0.832746,0.825338,0.816664,0.799152,0.834863,0.812614,0.819606,0.815165,0.843506,0.808242,0.831699,0.802297,0.824584,0.824572,0.812505,0.812921,0.831007,0.813238,0.845544,0.827376,0.801506,0.818478,0.788635,0.812218,0.794385,0.786319,0.809364,0.789031,0.811829,0.783903,0.767920,0.819248,0.821936,0.799782,0.796566,0.776786,0.797735,0.816338,0.800780,0.805729,0.786310,0.796708,0.792605,0.804884,0.832541,0.801959,0.814626,0.795285,0.819668,0.788027,0.818637,0.813277,0.762013,0.793029,0.797874,0.780366,0.783020,0.827706,0.794739,0.835722,0.808982,0.818564,0.801094,0.781513,0.798230,0.811546,0.752579,0.800134,0.784754,0.796394,0.792889,0.813434,0.788496,0.833052,0.795011,0.764546,0.809886,0.812466,0.793600,0.816302,0.782913,0.793074,0.813626,0.767500,0.804559,0.815886,0.801974,0.807740,0.806689,0.751655,0.818008,0.810099,0.837278,0.832666,0.836212,0.786718,0.808828,0.828989,0.822952,0.799144,0.840748,0.781383,0.805941,0.811030,0.774637,0.793352,0.829679,0.786398,0.798814,0.816039,0.803774,0.794295,0.831523,0.856125,0.764541,0.764335,0.801326,0.823978,0.807472,0.796335,0.740258,0.793381,0.785079,0.815443,0.817747,0.810216,0.788481,0.799629,0.761413,0.801431,0.778067,0.794430,0.784723,0.827449,0.822968,0.783268,#
13,0.804780,0.832822,0.820391,0.800528,0.791873,0.783354,0.827824,0.820503,0.826388,0.809718,0.792096,0.798622,0.807974,1.000000,0.778670,0.789961,0.794798,0.842102,0.837197,0.810386,0.822649,0.790505,0.840349,0.813881,0.795108,0.807125,0.794549,0.825654,0.821948,0.846192,0.784658,0.814537,0.826506,0.828326,0.760077,0.802412,0.789718,0.832016,0.825529,0.832350,0.856957,0.791253,0.825524,0.772159,0.831883,0.811598,0.806966,0.824466,0.849801,0.836955,0.804460,0.826701,0.810024,0.802245,0.848326,0.846593,0.818612,0.834664,0.811344,0.814322,0.813453,0.814778,0.789373,0.801785,0.851380,0.822518,0.841220,0.811461,0.836405,0.808953,0.800633,0.820307,0.830013,0.836436,0.822665,0.796997,0.818386,0.822721,0.843871,0.816547,0.821302,0.814527,0.851261,0.841323,0.816598,0.829182,0.772662,0.792510,0.829838,0.799398,0.791992,0.809005,0.812578,0.801739,0.793704,0.778812,0.809624,0.799020,0.813680,0.840548,0.832093,0.804075,0.817107,0.829715,0.808379,0.832769,0.803691,0.832461,0.800731,0.786218,0.814470,0.811778,0.812077,0.806970,0.799002,0.819868,0.779335,0.829104,0.812420,0.782318,0.803049,0.810711,0.784823,0.803822,0.794799,0.784605,0.811858,0.798360,0.809890,0.799559,0.797166,0.801459,0.800114,0.801285,0.832894,0.822712,0.804662,0.817001,0.848486,0.796751,0.808258,0.827885,0.821166,0.781192,0.771859,0.788769,0.824998,0.789468,0.811832,0.797543,0.804179,0.842700,0.787464,0.804208,0.807397,0.795409,0.823059,0.789323,0.832930,0.793151,0.838306,0.802856,0.826189,0.819546,0.809790,0.812804,0.828868,0.804002,0.808718,0.785164,0.820598,0.826703,0.819465,0.826621,0.858170,0.832446,0.816016,0.859766,0.808369,0.797501,0.805030,0.804623,0.829735,0.794365,0.789235,0.810701,0.788173,0.805187,0.779328,0.808910,0.823811,0.812763,0.800358,0.824196,0.813252,0.785266,0.792814,0.841639,0.816636,0.797013,#
14,0.832963,0.837795,0.819491,0.791404,0.781323,0.816754,0.770188,0.827887,0.810148,0.826886,0.765823,0.805849,0.829084,0.778670,1.000000,0.787957,0.810169,0.792024,0.777052,0.798828,0.802497,0.774156,0.801078,0.829975,0.786529,0.747194,0.812535,0.803438,0.804304,0.808874,0.837057,0.800621,0.795931,0.774873,0.811930,0.802960,0.759908,0.802922,0.830198,0.798055,0.805049,0.761256,0.800902,0.794804,0.794279,0.791654,0.818408,0.776020,0.789467,0.795894,0.782253,0.790571,0.779809,0.820842,0.806914,0.803809,0.787960,0.796246,0.814545,0.770053,0.787819,0.820999,0.799789,0.795410,0.798809,0.798510,0.798325,0.801269,0.825732,0.800857,0.808771,0.792399,0.843859,0.797232,0.825128,0.796412,0.810381,0.822523,0.793293,0.789321,0.824001,0.808821,0.839858,0.826510,0.818160,0.810318,0.782898,0.802660,0.808927,0.752029,0.768058,0.754663,0.808506,0.830953,0.792513,0.792990,0.809035,0.791770,0.815445,0.786192,0.802764,0.794982,0.810774,0.764356,0.799586,0.803819,0.780073,0.782780,0.822981,0.787948,0.816813,0.811682,0.835078,0.780887,0.750026,0.802395,0.777632,0.775069,0.776563,0.778365,0.790548,0.802998,0.791988,0.831987,0.813501,0.735650,0.788014,0.815411,0.767686,0.806483,0.761511,0.827232,0.779937,0.787932,0.812487,0.801054,0.823536,0.813945,0.795813,0.783243,0.781260,0.811482,0.764187,0.805373,0.783254,0.796327,0.817262,0.748103,0.796685,0.761835,0.809170,0.806776,0.780409,0.774933,0.814403,0.782620,0.800242,0.809536,0.770956,0.780525,0.806089,0.774635,0.812248,0.774592,0.808297,0.786812,0.783989,0.783104,0.755419,0.796107,0.803568,0.776154,0.799264,0.816504,0.829414,0.814432,0.793413,0.818247,0.778698,0.769432,0.803449,0.816323,0.797734,0.771665,0.778169,0.790042,0.797004,0.766718,0.788465,0.779583,0.779251,0.789834,0.794906,0.806555,0.768285,0.758308,0.776464,0.806330,0.765419,0.751380,#
15,0.806015,0.809330,0.789860,0.798052,0.793414,0.810102,0.813285,0.788942,0.821396,0.795829,0.795237,0.800580,0.781250,0.789961,0.787957,1.000000,0.791801,0.827493,0.796205,0.795129,0.787606,0.797276,0.786415,0.812131,0.791489,0.778206,0.771550,0.794639,0.798836,0.794251,0.827926,0.827851,0.788658,0.824639,0.767473,0.819235,0.797663,0.825398,0.804207,0.784570,0.782701,0.754263,0.801085,0.780160,0.813061,0.788987,0.822084,0.803741,0.810186,0.815878,0.787911,0.802148,0.785198,0.784225,0.800897,0.796979,0.814892,0.802562,0.791062,0.789076,0.821917,0.819488,0.792100,0.797383,0.815958,0.800317,0.813001,0.807985,0.785310,0.771663,0.812251,0.786397,0.801078,0.789592,0.801878,0.799557,0.800244,0.810711,0.821909,0.792284,0.811728,0.807109,0.809538,0.837751,0.825139,0.799874,0.750070,0.798684,0.779638,0.745261,0.752074,0.780905,0.805961,0.802902,0.737720,0.784958,0.781467,0.803804,0.801579,0.808674,0.816541,0.779640,0.807993,0.801795,0.786584,0.788514,0.788476,0.810138,0.775419,0.809498,0.768908,0.760484,0.811924,0.787558,0.774562,0.778947,0.759423,0.795093,0.767487,0.814569,0.766283,0.790890,0.781802,0.829566,0.756881,0.766910,0.794475,0.775290,0.813584,0.828428,0.792724,0.788501,0.768500,0.753354,0.807417,0.815354,0.811007,0.778892,0.777110,0.795823,0.770452,0.773166,0.777659,0.783892,0.786522,0.773672,0.771705,0.770473,0.791696,0.769638,0.808873,0.821450,0.805362,0.804450,0.790166,0.779169,0.810808,0.772572,0.801187,0.798851,0.791202,0.807930,0.823561,0.786963,0.801994,0.779084,0.803747,0.778501,0.793137,0.768669,0.763385,0.813836,0.745797,0.817342,0.803807,0.831281,0.783257,0.814231,0.794614,0.791994,0.803003,0.805895,0.772582,0.799461,0.793807,0.762921,0.750262,0.755275,0.752808,0.793593,0.766999,0.810687,0.765414,0.779926,0.765806,0.770165,0.779382,0.807646,0.819337,0.809831,#
16,0.840564,0.834312,0.804632,0.809453,0.797188,0.810295,0.828254,0.823106,0.813234,0.816412,0.818980,0.816930,0.808273,0.794798,0.810169,0.791801,1.000000,0.837988,0.835439,0.825029,0.864631,0.787575,0.788292,0.822135,0.809008,0.822601,0.825470,0.799450,0.785688,0.802077,0.834482,0.835569,0.818480,0.797513,0.808848,0.818216,0.826948,0.831958,0.833650,0.833002,0.821719,0.795805,0.801180,0.788103,0.810015,0.810370,0.820397,0.807595,0.829620,0.840204,0.787243,0.804028,0.822805,0.824658,0.825877,0.838047,0.776064,0.828814,0.818414,0.792585,0.820786,0.831141,0.803276,0.785519,0.822273,0.813264,0.855577,0.815586,0.835840,0.827530,0.827645,0.816861,0.854289,0.807738,0.823093,0.802541,0.812753,0.830632,0.807781,0.842321,0.859642,0.826877,0.843600,0.834925,0.827754,0.812968,0.829315,0.772187,0.792618,0.817652,0.770993,0.809964,0.822889,0.799315,0.799568,0.826184,0.797796,0.811972,0.844617,0.817985,0.838737,0.808503,0.802268,0.818474,0.807115,0.833382,0.817976,0.805746,0.849090,0.797887,0.825874,0.814011,0.831375,0.805652,0.812141,0.841580,0.842446,0.827597,0.789961,0.753782,0.780656,0.807109,0.803455,0.840169,0.819065,0.790408,0.774874,0.795742,0.829162,0.794248,0.825201,0.818178,0.812960,0.792076,0.832676,0.855263,0.823552,0.805046,0.796916,0.785161,0.808756,0.809079,0.817506,0.813108,0.781915,0.775237,0.830662,0.799998,0.803873,0.799113,0.789396,0.832457,0.777973,0.784280,0.850228,0.795493,0.832952,0.801986,0.809144,0.810368,0.820789,0.797982,0.851197,0.805383,0.827569,0.829982,0.817174,0.813810,0.808152,0.794206,0.798423,0.828140,0.807027,0.822351,0.827744,0.816026,0.787207,0.873306,0.806815,0.804206,0.811935,0.793047,0.809686,0.808919,0.764083,0.798085,0.816248,0.804780,0.810630,0.811678,0.819262,0.801130,0.798889,0.812986,0.808553,0.795029,0.807459,0.836139,0.817707,0.812198,#
17,0.846232,0.820651,0.830077,0.804683,0.813677,0.824806,0.842544,0.836881,0.835673,0.811213,0.791441,0.846922,0.817571,0.842102,0.792024,0.827493,0.837988,1.000000,0.820585,0.845170,0.829281,0.798859,0.820328,0.803742,0.846808,0.829612,0.816259,0.830122,0.816491,0.826306,0.833703,0.850023,0.792916,0.800128,0.795429,0.820477,0.795136,0.837017,0.845209,0.854983,0.838734,0.818690,0.819227,0.803290,0.818793,0.809338,0.829095,0.847994,0.855381,0.856513,0.821446,0.784598,0.819019,0.810039,0.843037,0.836403,0.832566,0.825576,0.823504,0.812611,0.809123,0.819818,0.825896,0.795500,0.825742,0.840977,0.878606,0.840039,0.818407,0.806592,0.833082,0.805689,0.822534,0.829689,0.835559,0.802844,0.820737,0.843023,0.842019,0.840077,0.847365,0.821332,0.852137,0.854521,0.821983,0.818639,0.829246,0.817639,0.809291,0.794066,0.790998,0.788275,0.832565,0.825856,0.798040,0.830722,0.810496,0.798882,0.817982,0.840577,0.840816,0.788113,0.809913,0.806616,0.793867,0.819181,0.808218,0.817064,0.809703,0.821436,0.832763,0.797485,0.829085,0.821604,0.830051,0.802977,0.772697,0.826135,0.800235,0.819998,0.800710,0.831131,0.819601,0.826792,0.801354,0.806920,0.804849,0.817188,0.826321,0.822531,0.837071,0.850889,0.837165,0.797704,0.821775,0.849220,0.842490,0.828472,0.823778,0.838912,0.823000,0.827773,0.859585,0.819569,0.825523,0.785182,0.810516,0.782597,0.827893,0.784993,0.816699,0.834272,0.804502,0.807746,0.818617,0.830647,0.858511,0.810559,0.819487,0.815850,0.834713,0.814118,0.864666,0.804161,0.827249,0.807495,0.791624,0.783439,0.809285,0.791367,0.825958,0.812433,0.817613,0.818937,0.861037,0.801363,0.827055,0.851011,0.815514,0.839926,0.822214,0.848693,0.818648,0.848119,0.820184,0.788517,0.814207,0.843776,0.790087,0.803682,0.836839,0.824737,0.795269,0.817989,0.812404,0.827552,0.791026,0.840701,0.826382,0.796780,#
18,0.821129,0.826776,0.809393,0.820030,0.793633,0.812293,0.815987,0.836214,0.783769,0.805895,0.805164,0.849461,0.835826,0.837197,0.777052,0.796205,0.835439,0.820585,1.000000,0.833416,0.811645,0.821504,0.811660,0.794414,0.797900,0.823258,0.812888,0.821749,0.804876,0.836502,0.792947,0.830841,0.818407,0.834836,0.809177,0.824822,0.795328,0.835053,0.817351,0.830616,0.834392,0.767354,0.810700,0.771186,0.832089,0.796974,0.849722,0.845288,0.823158,0.805918,0.773378,0.791078,0.821674,0.785746,0.824177,0.827949,0.807896,0.830186,0.819777,0.836284,0.813908,0.812456,0.795185,0.773512,0.854318,0.791003,0.820574,0.802458,0.783366,0.811834,0.822128,0.789558,0.846332,0.805020,0.847158,0.797068,0.823624,0.822261,0.827531,0.811357,0.818955,0.797357,0.850645,0.833160,0.840063,0.832437,0.785995,0.817141,0.806326,0.779257,0.806375,0.780644,0.831134,0.815922,0.812615,0.792856,0.804307,0.825595,0.816870,0.825177,0.833354,0.799944,0.803266,0.807918,0.811926,0.845377,0.797487,0.822312,0.823221,0.796746,0.831913,0.789796,0.838809,0.806517,0.783386,0.791159,0.793364,0.806671,0.809977,0.788665,0.804321,0.821466,0.790052,0.827516,0.822285,0.763787,0.823660,0.787270,0.839972,0.782199,0.814045,0.830493,0.808613,0.790963,0.832287,0.839102,0.838234,0.816868,0.805553,0.799191,0.785336,0.821510,0.802996,0.835767,0.793410,0.804935,0.810465,0.766238,0.823703,0.798546,0.805142,0.831186,0.826172,0.793885,0.824713,0.818728,0.806964,0.825306,0.807712,0.800171,0.835164,0.805629,0.841965,0.809666,0.822381,0.813604,0.859799,0.792165,0.779990,0.788453,0.824403,0.833595,0.825226,0.825228,0.809379,0.822176,0.793096,0.857583,0.784592,0.824728,0.808401,0.810097,0.798336,0.800824,0.778211,0.808147,0.807408,0.786676,0.775748,0.812630,0.824642,0.821833,0.766484,0.838195,0.815416,0.794287,0.767922,0.861604,0.821320,0.815261,#
19,0.828436,0.844331,0.828359,0.811936,0.834331,0.855272,0.803075,0.822834,0.832682,0.801609,0.798106,0.817741,0.812679,0.810386,0.798828,0.795129,0.825029,0.845170,0.833416,1.000000,0.821504,0.795080,0.805085,0.818058,0.811465,0.783525,0.824827,0.811501,0.809467,0.824897,0.835224,0.851349,0.816098,0.800394,0.795100,0.833205,0.788634,0.814045,0.823071,0.837227,0.844433,0.789266,0.797615,0.795187,0.806221,0.813742,0.853226,0.828195,0.833053,0.800152,0.781200,0.785866,0.811415,0.815163,0.825196,0.805397,0.831440,0.825214,0.808400,0.782687,0.816438,0.803336,0.827902,0.802719,0.834067,0.833810,0.833495,0.817700,0.820739,0.803775,0.826834,0.809969,0.854491,0.807374,0.823178,0.800767,0.798479,0.820555,0.812582,0.812012,0.835016,0.795454,0.853190,0.822692,0.817304,0.791324,0.806743,0.819690,0.827631,0.784354,0.779281,0.800852,0.815348,0.811776,0.790062,0.783835,0.808784,0.812762,0.818638,0.837553,0.845880,0.805272,0.803719,0.818645,0.809169,0.801547,0.821354,0.797835,0.813225,0.769528,0.812134,0.795850,0.827129,0.821434,0.790429,0.812098,0.822169,0.817914,0.791842,0.756877,0.811793,0.818600,0.789883,0.853593,0.812806,0.793150,0.802666,0.816077,0.856833,0.835688,0.812171,0.854011,0.820997,0.822942,0.834008,0.846297,0.819201,0.820392,0.817840,0.793358,0.792921,0.810334,0.807418,0.808246,0.796619,0.772950,0.785156,0.753987,0.835292,0.807791,0.796984,0.845209,0.791623,0.783061,0.836769,0.803984,0.840391,0.823186,0.833173,0.824936,0.824450,0.831016,0.823020,0.814602,0.828979,0.808588,0.784821,0.816325,0.783480,0.785962,0.797726,0.831471,0.823313,0.812344,0.849859,0.808767,0.812072,0.870618,0.799122,0.794168,0.787762,0.840950,0.820884,0.842663,0.801419,0.793076,0.792202,0.791904,0.805787,0.814019,0.821564,0.813017,0.785029,0.845516,0.805087,0.808296,0.783210,0.802242,0.810414,0.788847,#
20,0.824646,0.845092,0.817309,0.820693,0.823958,0.817190,0.840567,0.827814,0.823319,0.838477,0.809069,0.802618,0.824561,0.822649,0.802497,0.787606,0.864631,0.829281,0.811645,0.821504,1.000000,0.807833,0.795706,0.834786,0.821577,0.824750,0.822908,0.828024,0.806249,0.827362,0.826188,0.831443,0.823681,0.843158,0.819648,0.839860,0.803333,0.804332,0.828609,0.847349,0.838310,0.829020,0.798640,0.799068,0.842543,0.793641,0.841027,0.817842,0.829493,0.834125,0.806363,0.820178,0.810599,0.829578,0.834300,0.820023,0.797726,0.831135,0.825714,0.800383,0.821884,0.810535,0.834271,0.795522,0.842002,0.828309,0.860399,0.795425,0.837527,0.815391,0.828448,0.817401,0.838229,0.822814,0.813958,0.782115,0.813603,0.838526,0.842698,0.837673,0.838027,0.854309,0.846139,0.839415,0.803838,0.817585,0.829155,0.816303,0.820540,0.845236,0.821480,0.803888,0.821628,0.830716,0.808005,0.812557,0.799749,0.799254,0.830840,0.826913,0.845879,0.809748,0.820301,0.833605,0.814009,0.803731,0.849958,0.822234,0.818631,0.845896,0.811955,0.835623,0.813102,0.773573,0.821675,0.806892,0.802355,0.834683,0.769041,0.769151,0.833378,0.831791,0.798490,0.864611,0.799860,0.815632,0.795706,0.789353,0.821294,0.822830,0.823500,0.826090,0.846076,0.831325,0.826825,0.829531,0.803996,0.837953,0.830538,0.835632,0.807026,0.809051,0.809923,0.819845,0.811133,0.779532,0.815419,0.799749,0.814434,0.821907,0.820686,0.843983,0.811126,0.794324,0.828317,0.797120,0.826010,0.828242,0.834632,0.812012,0.822468,0.828690,0.824132,0.822326,0.841124,0.796445,0.803401,0.806222,0.795893,0.784015,0.833534,0.809537,0.822927,0.819038,0.822169,0.824737,0.799989,0.864091,0.811698,0.811166,0.820070,0.803825,0.829064,0.808171,0.773504,0.824196,0.809766,0.820207,0.795852,0.808354,0.790727,0.812067,0.815783,0.838916,0.820921,0.783790,0.805139,0.834785,0.825721,0.814344,#
21,0.799095,0.866664,0.808170,0.828231,0.815089,0.799112,0.790041,0.801454,0.816527,0.795688,0.783121,0.786565,0.778087,0.790505,0.774156,0.797276,0.787575,0.798859,0.821504,0.795080,0.807833,1.000000,0.808766,0.810277,0.766929,0.769243,0.814755,0.771122,0.805202,0.781917,0.783555,0.789341,0.810805,0.823896,0.803513,0.828104,0.796160,0.805206,0.814094,0.804460,0.802676,0.799428,0.795940,0.783700,0.811204,0.790992,0.811703,0.821554,0.811115,0.794780,0.772290,0.800555,0.790966,0.771299,0.830874,0.805743,0.794809,0.807602,0.839849,0.773186,0.794634,0.805318,0.761730,0.762864,0.833229,0.802178,0.824881,0.790696,0.798459,0.810510,0.794197,0.817031,0.824721,0.814494,0.829834,0.799720,0.790575,0.811018,0.803871,0.810361,0.794672,0.783765,0.833346,0.825760,0.839616,0.803328,0.774614,0.823261,0.817912,0.795178,0.757888,0.745752,0.812034,0.799355,0.797581,0.789981,0.799738,0.772901,0.794153,0.813210,0.806688,0.808276,0.767090,0.795540,0.772207,0.828444,0.773733,0.805141,0.791604,0.815731,0.820369,0.778124,0.802406,0.806485,0.749083,0.762499,0.793278,0.826310,0.785461,0.774499,0.799370,0.803972,0.770286,0.807962,0.781547,0.741131,0.803433,0.798993,0.799108,0.815110,0.811070,0.829401,0.785943,0.790425,0.829841,0.787129,0.771521,0.769067,0.788788,0.808200,0.792406,0.806661,0.763437,0.793149,0.776332,0.783784,0.774209,0.749167,0.779913,0.788497,0.784220,0.835544,0.775734,0.780808,0.798851,0.793242,0.817825,0.794948,0.781195,0.790297,0.803720,0.820179,0.806449,0.803511,0.814267,0.784460,0.816241,0.777940,0.731943,0.794157,0.823705,0.784615,0.793051,0.783519,0.798333,0.800953,0.748790,0.818097,0.793732,0.782545,0.781814,0.815383,0.801799,0.793309,0.767267,0.818619,0.790005,0.748424,0.759866,0.799188,0.794470,0.785392,0.781841,0.785097,0.792060,0.760140,0.791253,0.817470,0.758037,0.822228,#
