0,1.000000,0.329027,0.386824,0.290738,0.392148,0.361800,0.282552,0.269351,0.345390,0.321564,0.372651,0.319469,0.270058,0.275623,0.413490,0.345093,0.341023,0.484053,0.339190,0.338562,0.431608,0.422339,0.380711,0.445636,0.357404,0.291578,0.402121,0.371444,0.416740,0.365977,0.255589,0.299202,0.350290,0.305280,0.267166,0.412279,0.380470,0.342124,0.439632,0.443481,0.294693,0.410488,0.264082,0.338004,0.293348,0.396140,0.424522,0.390795,0.384021,0.394739,0.448350,0.263642,0.348467,0.289629,0.430203,0.349969,0.394667,0.367223,0.337953,0.277228,0.350662,0.286263,0.401912,0.345216,0.387154,0.278837,0.314535,0.373976,0.400553,0.368928,0.473051,0.387733,0.441702,0.400497,0.315355,0.198721,0.278442,0.436844,0.358746,0.273462,0.390766,0.350461,0.385924,0.382074,0.376652,0.319387,0.407393,0.338467,0.452084,0.363957,0.359736,0.304173,0.334780,0.328478,0.431027,0.367866,0.413907,0.327361,0.317621,0.366014,0.400086,0.401627,0.321034,0.377796,0.301572,0.350250,0.375808,0.354493,0.334526,0.238898,0.258892,0.358958,0.319096,0.339105,0.304809,0.389551,0.418271,0.234168,0.381138,0.372423,0.407845,0.300482,0.288790,0.320467,0.310721,0.460366,0.234158,0.249294,0.330951,0.453112,0.404087,0.403203,0.368089,0.312382,0.344051,0.282822,0.435506,0.352057,0.338135,0.468780,0.370049,0.364841,0.343474,0.330688,0.360713,0.368301,0.303062,0.220067,0.382724,0.333720,0.334040,0.276274,0.347583,0.312158,0.336504,0.282531,0.248639,0.276071,0.376615,0.428222,0.342528,0.379338,0.204747,0.316828,0.418714,0.186313,0.184423,0.321471,0.407202,0.278439,0.419301,0.155581,0.422323,0.436236,0.240107,0.361134,0.436111,0.361430,0.381279,0.311141,0.345204,0.410110,0.252115,0.248875,0.235891,0.397355,0.403857,0.503546,0.436029,0.264686,0.308413,0.423011,0.225914,0.202987,0.362726,0.219168,0.259272,0.349441,0.435174,0.379658,#
1,0.329027,1.000000,0.325333,0.337255,0.446348,0.364463,0.406974,0.344488,0.315228,0.269793,0.410766,0.383263,0.301917,0.402094,0.285621,0.226906,0.224807,0.380822,0.347403,0.328144,0.321732,0.436797,0.247320,0.375692,0.398268,0.383778,0.438489,0.453805,0.308525,0.312369,0.354323,0.356913,0.373351,0.300389,0.209563,0.338450,0.333595,0.380072,0.419145,0.309903,0.307474,0.326234,0.376827,0.327272,0.328705,0.379873,0.470833,0.406011,0.288163,0.270150,0.478249,0.190784,0.448478,0.340812,0.345755,0.349277,0.376441,0.381247,0.381189,0.344087,0.333297,0.333892,0.391138,0.369512,0.325085,0.345380,0.237499,0.389603,0.398213,0.367067,0.382169,0.336536,0.463952,0.308311,0.354887,0.149812,0.338320,0.363709,0.434473,0.344057,0.377771,0.437133,0.384746,0.407279,0.318958,0.141769,0.416751,0.361210,0.391159,0.423527,0.388256,0.392607,0.286137,0.354963,0.299297,0.348029,0.310023,0.304283,0.239064,0.253617,0.333108,0.337312,0.385018,0.359463,0.298287,0.330477,0.355890,0.423987,0.295200,0.379303,0.437742,0.329497,0.299539,0.368649,0.360206,0.420372,0.417779,0.225357,0.393101,0.377837,0.251533,0.383273,0.350598,0.364077,0.314045,0.379607,0.307246,0.305422,0.280775,0.339260,0.372203,0.381921,0.281033,0.354375,0.448871,0.390637,0.342909,0.391760,0.367450,0.422809,0.409965,0.256666,0.246893,0.317324,0.418065,0.325775,0.320513,0.170037,0.344846,0.315169,0.331159,0.313346,0.313273,0.214741,0.354647,0.304086,0.327840,0.314824,0.249364,0.167654,0.212300,0.430149,0.293384,0.364270,0.382409,0.307193,0.206284,0.344133,0.363684,0.420534,0.405596,0.339760,0.321404,0.314152,0.322998,0.298011,0.239596,0.409631,0.393049,0.290286,0.315105,0.309764,0.319169,0.268923,0.320732,0.375250,0.283704,0.426653,0.344058,0.373950,0.451551,0.341206,0.199600,0.281929,0.358872,0.330950,0.208979,0.327356,0.254619,0.349662,#
2,0.386824,0.325333,1.000000,0.360901,0.286352,0.316588,0.338792,0.335179,0.162008,0.250339,0.265093,0.418254,0.337659,0.346905,0.301289,0.342742,0.266638,0.332014,0.368931,0.325245,0.387507,0.480623,0.265097,0.411580,0.407292,0.379334,0.418572,0.334170,0.327280,0.323821,0.301335,0.314975,0.289684,0.196492,0.232780,0.393071,0.356814,0.302419,0.358304,0.276284,0.398924,0.393096,0.322324,0.203221,0.282852,0.435118,0.359877,0.398880,0.285417,0.359189,0.421691,0.376619,0.361612,0.305750,0.262035,0.329246,0.256124,0.368869,0.312166,0.330157,0.277100,0.338324,0.331298,0.360257,0.442290,0.406792,0.351467,0.294121,0.389591,0.410989,0.311629,0.285069,0.292722,0.361732,0.335855,0.324367,0.241960,0.416021,0.351456,0.374513,0.449794,0.218845,0.263097,0.332820,0.286163,0.258626,0.436485,0.383706,0.306236,0.330134,0.247661,0.309939,0.344199,0.297044,0.361800,0.339195,0.418633,0.319897,0.369066,0.252141,0.356371,0.370074,0.336113,0.369004,0.316068,0.314182,0.274619,0.313799,0.296002,0.334386,0.378168,0.360997,0.325677,0.323375,0.259023,0.419020,0.329688,0.299812,0.183176,0.264559,0.329317,0.380106,0.267705,0.308858,0.332822,0.282641,0.317267,0.314591,0.332629,0.333243,0.288373,0.395901,0.356951,0.244034,0.345102,0.397776,0.374662,0.407544,0.263517,0.234144,0.257971,0.281489,0.331188,0.268367,0.471920,0.306559,0.243776,0.224289,0.424573,0.283309,0.352221,0.410561,0.323959,0.316812,0.270106,0.225186,0.243926,0.265389,0.323715,0.294715,0.404216,0.408486,0.274340,0.427845,0.392599,0.220478,0.296117,0.330270,0.246868,0.308415,0.255944,0.378508,0.277398,0.281272,0.371657,0.297795,0.472800,0.368399,0.333132,0.347121,0.366329,0.293090,0.196973,0.384438,0.169801,0.396936,0.303518,0.345031,0.396198,0.178466,0.304023,0.337887,0.394979,0.226058,0.355064,0.204474,0.261815,0.279488,0.440107,0.354222,#
3,0.290738,0.337255,0.360901,1.000000,0.359018,0.290582,0.322965,0.312443,0.272559,0.285611,0.311874,0.339326,0.260317,0.297670,0.302031,0.240135,0.246833,0.387207,0.321140,0.337562,0.310979,0.341936,0.319066,0.471788,0.391724,0.314652,0.317868,0.251668,0.332347,0.295916,0.315805,0.381224,0.392726,0.429099,0.088360,0.346314,0.388463,0.456156,0.444791,0.267832,0.335223,0.396429,0.333116,0.326507,0.265351,0.452952,0.404859,0.380855,0.260819,0.305837,0.437815,0.294493,0.339282,0.214092,0.185564,0.394111,0.302067,0.308502,0.318941,0.381104,0.297606,0.262178,0.311486,0.361447,0.393633,0.398741,0.228358,0.357459,0.330350,0.366358,0.346242,0.247296,0.328921,0.333218,0.336643,0.303663,0.236009,0.414161,0.382377,0.286467,0.412337,0.351676,0.355841,0.339521,0.367703,0.254929,0.381141,0.258780,0.396677,0.423220,0.321483,0.361237,0.331272,0.379176,0.273366,0.319942,0.347296,0.224001,0.399752,0.252435,0.376741,0.299190,0.414349,0.308389,0.346012,0.286617,0.311414,0.324515,0.242293,0.242870,0.301902,0.320181,0.322412,0.322402,0.257786,0.281966,0.383651,0.254809,0.278485,0.348422,0.351349,0.284692,0.334250,0.410034,0.318037,0.302248,0.297892,0.272094,0.280852,0.395833,0.352931,0.365963,0.398601,0.407052,0.350800,0.362028,0.316815,0.290667,0.393858,0.328454,0.349188,0.281552,0.332267,0.290050,0.362585,0.264545,0.380070,0.318309,0.332600,0.334804,0.302248,0.277662,0.250977,0.287428,0.296993,0.242816,0.261814,0.388183,0.203326,0.389134,0.392945,0.357594,0.364437,0.475932,0.366981,0.267264,0.295981,0.297368,0.222253,0.327205,0.335831,0.263607,0.276187,0.266996,0.246126,0.273392,0.326667,0.298644,0.302343,0.294478,0.282693,0.435911,0.386449,0.291335,0.126137,0.323976,0.283738,0.381391,0.268847,0.221831,0.297385,0.368809,0.330508,0.240465,0.208439,0.322892,0.317830,0.298010,0.331006,0.309609,#
4,0.392148,0.446348,0.286352,0.359018,1.000000,0.333493,0.346340,0.303894,0.369574,0.334977,0.356261,0.242272,0.335608,0.291438,0.270590,0.297665,0.177964,0.365843,0.376027,0.465489,0.372412,0.348598,0.356062,0.428554,0.313033,0.377957,0.289704,0.363113,0.390801,0.236884,0.265684,0.274054,0.366224,0.231199,0.282415,0.362728,0.349529,0.370926,0.271239,0.322299,0.368124,0.474744,0.301949,0.238459,0.417188,0.372791,0.465697,0.388293,0.313046,0.435074,0.381569,0.225378,0.299603,0.315021,0.353148,0.392468,0.347326,0.320365,0.353885,0.325589,0.370948,0.284481,0.302409,0.254863,0.340165,0.265728,0.347708,0.318642,0.312919,0.310961,0.385047,0.352339,0.353124,0.331602,0.307975,0.090996,0.267629,0.415431,0.348734,0.247636,0.478752,0.412449,0.297282,0.290016,0.438333,0.249988,0.322894,0.319592,0.370014,0.454541,0.386346,0.335124,0.267402,0.360383,0.215066,0.479293,0.332126,0.421936,0.333344,0.281904,0.302048,0.230995,0.398555,0.374007,0.326289,0.252461,0.214391,0.331573,0.294072,0.343340,0.429338,0.327671,0.391795,0.489696,0.379676,0.282730,0.342460,0.104360,0.339071,0.222020,0.287642,0.388108,0.356506,0.289600,0.394610,0.336794,0.314565,0.290024,0.206087,0.290089,0.365333,0.335648,0.344431,0.290398,0.406396,0.382743,0.361682,0.275551,0.277755,0.358128,0.412458,0.187407,0.299384,0.332709,0.372740,0.339940,0.319228,0.272991,0.356855,0.357837,0.350736,0.356034,0.345123,0.395055,0.298060,0.228429,0.423613,0.335091,0.227582,0.329180,0.312257,0.291319,0.233956,0.400578,0.281823,0.396938,0.204613,0.219449,0.269221,0.327026,0.334085,0.208838,0.317266,0.288718,0.351700,0.289561,0.348118,0.334512,0.340213,0.280494,0.256972,0.236268,0.345979,0.335384,0.243591,0.326886,0.213889,0.474980,0.380237,0.317008,0.359654,0.346659,0.270504,0.177169,0.246536,0.325008,0.298539,0.449645,0.303245,0.363364,#
5,0.361800,0.364463,0.316588,0.290582,0.333493,1.000000,0.266833,0.337247,0.273603,0.412905,0.316211,0.303649,0.335511,0.235901,0.364487,0.265452,0.263014,0.379601,0.313894,0.254081,0.396387,0.394562,0.289829,0.470180,0.327074,0.329298,0.348754,0.381259,0.402841,0.305857,0.251452,0.384824,0.388453,0.256174,0.251586,0.323202,0.435389,0.282775,0.395700,0.388262,0.370950,0.419192,0.193162,0.314840,0.238868,0.409176,0.349309,0.240110,0.366033,0.386204,0.421236,0.287887,0.292089,0.191836,0.349415,0.340277,0.228293,0.388509,0.369039,0.319191,0.304796,0.333168,0.366960,0.285349,0.381608,0.341250,0.355350,0.338872,0.323708,0.312522,0.429950,0.306420,0.382491,0.476111,0.264602,0.201123,0.328892,0.325234,0.360244,0.363309,0.366963,0.357112,0.437383,0.200740,0.280037,0.303208,0.285578,0.289395,0.358607,0.330814,0.296115,0.390148,0.286311,0.352074,0.293345,0.345272,0.301242,0.240373,0.323999,0.169267,0.337577,0.390469,0.349076,0.343156,0.264807,0.312788,0.220237,0.357281,0.294810,0.267799,0.428101,0.313302,0.384257,0.307961,0.318066,0.319106,0.399992,0.336041,0.311788,0.341760,0.188943,0.386027,0.276117,0.346595,0.328414,0.290094,0.160699,0.171346,0.458667,0.435865,0.360550,0.420950,0.362523,0.317513,0.457521,0.381110,0.282773,0.306510,0.254059,0.293734,0.368547,0.318302,0.249341,0.340757,0.333143,0.289750,0.286189,0.298336,0.238004,0.294128,0.388010,0.260480,0.361992,0.426374,0.275680,0.304477,0.343559,0.262068,0.404692,0.241068,0.343463,0.321335,0.313662,0.314400,0.340267,0.142425,0.197209,0.345289,0.393937,0.408866,0.309984,0.288863,0.398234,0.292701,0.184501,0.322036,0.326440,0.329965,0.412346,0.272664,0.327109,0.373271,0.393379,0.283723,0.239723,0.422277,0.344061,0.322148,0.336916,0.312331,0.376312,0.313716,0.312267,0.294713,0.398127,0.264833,0.231287,0.424112,0.289142,0.436835,#
6,0.282552,0.406974,0.338792,0.322965,0.346340,0.266833,1.000000,0.308293,0.249142,0.232565,0.306762,0.245409,0.172228,0.308792,0.221441,0.234455,0.249266,0.282438,0.307822,0.318872,0.312445,0.328567,0.225299,0.291789,0.265162,0.247075,0.257600,0.345666,0.315547,0.256791,0.201396,0.320686,0.286815,0.214623,0.104726,0.200035,0.209678,0.286995,0.332866,0.266280,0.291776,0.283802,0.226433,0.349024,0.199078,0.296177,0.372544,0.403636,0.252855,0.339353,0.277020,0.244524,0.362337,0.254403,0.175130,0.307098,0.245184,0.329750,0.356092,0.388505,0.245433,0.245147,0.255787,0.292873,0.271394,0.461691,0.257614,0.327618,0.284861,0.281985,0.312666,0.282696,0.338607,0.254098,0.319972,0.203279,0.292348,0.347279,0.334815,0.270227,0.342020,0.319936,0.381048,0.272301,0.270886,0.264249,0.272957,0.370548,0.321765,0.344080,0.348734,0.267945,0.222628,0.351688,0.230751,0.388626,0.294635,0.258162,0.356193,0.283220,0.320082,0.370323,0.246759,0.238924,0.114155,0.407110,0.244117,0.233552,0.316547,0.263189,0.322901,0.254219,0.316179,0.230588,0.278607,0.321004,0.348752,0.225924,0.314284,0.263706,0.237291,0.356653,0.199752,0.223222,0.260602,0.197890,0.173584,0.322706,0.155824,0.335733,0.274624,0.251201,0.323294,0.174367,0.382543,0.341923,0.256752,0.377678,0.276009,0.285201,0.210139,0.174727,0.142815,0.367898,0.187897,0.275479,0.274873,0.154672,0.286600,0.173429,0.353181,0.207764,0.325392,0.241073,0.284364,0.216183,0.222272,0.267972,0.266458,0.204393,0.199093,0.320431,0.298082,0.349232,0.311303,0.247778,0.144939,0.260557,0.297151,0.385299,0.165071,0.217006,0.302490,0.260919,0.284269,0.295916,0.244630,0.326439,0.365512,0.158863,0.117515,0.164772,0.276050,0.328445,0.245587,0.288031,0.250889,0.303613,0.344124,0.323869,0.277927,0.271069,0.311286,0.258843,0.175310,0.245323,0.246828,0.276965,0.224046,0.356442,#
7,0.269351,0.344488,0.335179,0.312443,0.303894,0.337247,0.308293,1.000000,0.226730,0.376242,0.353499,0.457823,0.258725,0.363323,0.271043,0.309816,0.240429,0.464692,0.312132,0.381521,0.360768,0.385710,0.381200,0.348233,0.422897,0.278578,0.347500,0.463854,0.351739,0.298152,0.348716,0.335248,0.429714,0.230499,0.199848,0.353259,0.252061,0.293272,0.380135,0.338776,0.324567,0.323851,0.346146,0.247712,0.336647,0.427365,0.310515,0.362339,0.403058,0.344874,0.448783,0.250513,0.285786,0.341346,0.348533,0.311840,0.334782,0.440257,0.341584,0.356239,0.350176,0.238966,0.348659,0.360787,0.444145,0.333990,0.337203,0.341305,0.328122,0.437806,0.377622,0.281836,0.443928,0.430827,0.287567,0.250701,0.285007,0.396468,0.379948,0.456381,0.400100,0.377926,0.434818,0.354666,0.322029,0.291597,0.420968,0.255011,0.383861,0.415134,0.370302,0.322803,0.335499,0.334407,0.245935,0.378933,0.294849,0.285392,0.249029,0.171603,0.384632,0.306865,0.379801,0.315857,0.206330,0.401712,0.389737,0.293770,0.342584,0.293602,0.313705,0.327802,0.292143,0.399683,0.404766,0.367531,0.306605,0.285574,0.317613,0.410949,0.330445,0.404862,0.274175,0.397006,0.432074,0.311623,0.334238,0.369301,0.285035,0.329499,0.306639,0.387653,0.381163,0.320342,0.500569,0.331384,0.239470,0.500029,0.357075,0.411033,0.429828,0.375978,0.141455,0.323964,0.358865,0.298906,0.376562,0.262386,0.299918,0.276762,0.391418,0.442864,0.277933,0.240904,0.214920,0.381934,0.376130,0.349396,0.337458,0.348484,0.295273,0.362271,0.311632,0.374444,0.349615,0.253566,0.386460,0.312613,0.385542,0.367376,0.347051,0.291194,0.325498,0.279240,0.276757,0.251211,0.296661,0.355981,0.226340,0.386995,0.284768,0.384560,0.267345,0.350943,0.082393,0.378848,0.318372,0.380728,0.305684,0.392632,0.389855,0.323831,0.327852,0.340643,0.200843,0.317920,0.322951,0.354656,0.387840,0.340772,#
8,0.345390,0.315228,0.162008,0.272559,0.369574,0.273603,0.249142,0.226730,1.000000,0.283738,0.379700,0.302607,0.285793,0.212148,0.352058,0.261092,0.160654,0.228217,0.191964,0.288826,0.299352,0.249250,0.171405,0.339857,0.255956,0.217890,0.185088,0.345783,0.197828,0.289963,0.120413,0.293213,0.199455,0.250527,0.196898,0.290899,0.311146,0.225229,0.308593,0.337740,0.260872,0.278899,0.127825,0.253530,0.382895,0.372219,0.276119,0.292330,0.195135,0.249981,0.221521,0.316804,0.203677,0.389430,0.250550,0.321983,0.251082,0.264243,0.267782,0.319355,0.283441,0.132927,0.370640,0.188626,0.328520,0.344547,0.272642,0.267586,0.402144,0.270897,0.225021,0.291857,0.294675,0.243755,0.223617,0.156804,0.196832,0.267611,0.304200,0.138473,0.314823,0.287636,0.327883,0.188404,0.345292,0.194220,0.289176,0.215563,0.354252,0.275464,0.298365,0.315262,0.281522,0.234953,0.346967,0.429340,0.322432,0.225003,0.252912,0.184869,0.272942,0.173618,0.261825,0.249497,0.263273,0.173346,0.339102,0.237470,0.139100,0.285188,0.187918,0.229745,0.164258,0.332422,0.215501,0.366176,0.338980,0.186231,0.167296,0.344934,0.290424,0.234180,0.218818,0.272118,0.277864,0.313049,0.114822,0.308391,0.156316,0.307930,0.286040,0.233450,0.251623,0.207097,0.337287,0.338660,0.244313,0.338032,0.329846,0.296304,0.334785,0.265832,0.302440,0.196667,0.230343,0.207172,0.288558,0.314518,0.243297,0.268054,0.306991,0.238550,0.270325,0.289226,0.380490,0.321480,0.255946,0.224021,0.219963,0.297551,0.163212,0.251778,0.106884,0.340275,0.277212,0.227823,0.229366,0.210360,0.243801,0.282161,0.296165,0.051684,0.174869,0.294103,0.230241,0.241923,0.183829,0.306501,0.271634,0.243165,0.245347,0.244962,0.140899,0.263729,0.191283,0.285009,0.139836,0.232804,0.352247,0.265270,0.267811,0.304780,0.228773,0.194822,0.245883,0.209229,0.230770,0.115096,0.214456,0.231272,#
9,0.321564,0.269793,0.250339,0.285611,0.334977,0.412905,0.232565,0.376242,0.283738,1.000000,0.422135,0.294755,0.219770,0.292280,0.323916,0.339429,0.233116,0.280512,0.182102,0.432177,0.280354,0.303423,0.283281,0.371912,0.264872,0.310388,0.368841,0.435086,0.333968,0.292214,0.392266,0.339805,0.226529,0.313928,0.307934,0.373006,0.183196,0.378364,0.361914,0.284270,0.388379,0.394663,0.260407,0.142858,0.297294,0.466519,0.348926,0.361826,0.255871,0.291021,0.411245,0.349324,0.292152,0.257815,0.259844,0.390279,0.355964,0.342129,0.294858,0.301467,0.290066,0.299740,0.435458,0.359201,0.375842,0.359383,0.190304,0.348749,0.380390,0.244651,0.351321,0.386628,0.331731,0.372673,0.301008,0.210341,0.298344,0.337726,0.444693,0.368469,0.306020,0.387661,0.338644,0.272228,0.386406,0.355757,0.439209,0.248142,0.238918,0.292441,0.236488,0.431283,0.291944,0.307170,0.314169,0.396142,0.435491,0.298525,0.272753,0.184728,0.340981,0.362429,0.439948,0.258182,0.338186,0.286064,0.304258,0.290093,0.348138,0.260142,0.278422,0.279896,0.302401,0.410335,0.252643,0.346041,0.344942,0.372143,0.437524,0.315356,0.358999,0.420487,0.251591,0.360990,0.362113,0.337947,0.097337,0.357094,0.250224,0.353554,0.329347,0.359075,0.301679,0.369981,0.423556,0.322721,0.349915,0.440564,0.303973,0.247183,0.273981,0.306613,0.267779,0.250570,0.307270,0.206566,0.372074,0.324424,0.273719,0.431390,0.325010,0.286822,0.462731,0.359340,0.295882,0.341374,0.372576,0.338444,0.419843,0.254924,0.305831,0.263816,0.166470,0.460850,0.319865,0.245667,0.263004,0.278268,0.470385,0.343783,0.303240,0.297790,0.361025,0.326231,0.187176,0.288243,0.298560,0.212272,0.257928,0.361777,0.252793,0.344844,0.386290,0.336459,0.178375,0.332556,0.325328,0.405472,0.439976,0.274363,0.362838,0.343216,0.234078,0.311724,0.270784,0.321801,0.223926,0.251421,0.315048,0.374298,#
10,0.372651,0.410766,0.265093,0.311874,0.356261,0.316211,0.306762,0.353499,0.379700,0.422135,1.000000,0.247190,0.199584,0.344052,0.302612,0.268891,0.263161,0.352042,0.393018,0.345235,0.279160,0.323945,0.217095,0.317953,0.268656,0.218349,0.367746,0.404813,0.320878,0.352951,0.330424,0.329986,0.298088,0.225190,0.249213,0.365680,0.227519,0.343739,0.461386,0.286725,0.258501,0.278697,0.270250,0.169519,0.232329,0.412000,0.341198,0.397579,0.329901,0.380530,0.331210,0.313254,0.287466,0.305471,0.259904,0.341824,0.272071,0.327534,0.298558,0.282266,0.300488,0.313469,0.329711,0.410401,0.392439,0.380356,0.303059,0.315123,0.357756,0.302382,0.334976,0.320125,0.338437,0.317051,0.254558,0.291328,0.335233,0.270821,0.324478,0.221348,0.316178,0.363248,0.350534,0.338345,0.378165,0.227256,0.424364,0.258498,0.330922,0.324989,0.231805,0.281517,0.360124,0.273097,0.274519,0.383739,0.432095,0.197772,0.311483,0.274431,0.300107,0.313929,0.322548,0.308403,0.294802,0.243548,0.306439,0.336962,0.250183,0.286701,0.254180,0.315316,0.272195,0.361932,0.378533,0.411594,0.352491,0.158744,0.273003,0.284576,0.266879,0.296929,0.263435,0.330289,0.338283,0.291920,0.149366,0.318098,0.222230,0.415832,0.392982,0.322773,0.319173,0.245745,0.405953,0.334557,0.277256,0.425336,0.234394,0.370691,0.384234,0.246374,0.358334,0.264467,0.287124,0.266959,0.183149,0.266726,0.243477,0.365501,0.311905,0.373185,0.373404,0.321848,0.369212,0.321275,0.371507,0.198035,0.333437,0.330293,0.269355,0.268639,0.338190,0.419168,0.319594,0.211690,0.247690,0.210879,0.281899,0.364244,0.303688,0.248587,0.331076,0.286678,0.276984,0.179556,0.257290,0.340323,0.357103,0.383544,0.353077,0.296010,0.362464,0.265124,0.232379,0.323345,0.241948,0.299951,0.348365,0.343263,0.371559,0.310151,0.250314,0.238619,0.334003,0.330407,0.230546,0.349140,0.380225,0.397086,#
11,0.319469,0.383263,0.418254,0.339326,0.242272,0.303649,0.245409,0.457823,0.302607,0.294755,0.247190,1.000000,0.329486,0.301089,0.173369,0.303133,0.266934,0.395782,0.267695,0.141642,0.303895,0.379413,0.219168,0.386207,0.444747,0.378570,0.274175,0.469825,0.182139,0.390163,0.380837,0.362767,0.316917,0.230101,0.234393,0.279056,0.356534,0.298604,0.329168,0.293808,0.374804,0.420375,0.365357,0.394259,0.232627,0.477274,0.303640,0.393339,0.322967,0.250638,0.447327,0.318473,0.277623,0.366844,0.232920,0.284866,0.392780,0.348783,0.373587,0.299973,0.285154,0.300367,0.423847,0.375649,0.419857,0.400894,0.360441,0.380444,0.376120,0.372209,0.282056,0.225202,0.383892,0.354338,0.315363,0.281541,0.264919,0.316288,0.457091,0.331803,0.408446,0.249050,0.365247,0.354251,0.375457,0.232990,0.435929,0.294463,0.347395,0.294947,0.356431,0.377327,0.392870,0.481845,0.300175,0.321232,0.288021,0.310713,0.328097,0.340382,0.361303,0.338545,0.362328,0.265666,0.242379,0.400461,0.340509,0.320484,0.347884,0.345012,0.349853,0.303898,0.359079,0.362340,0.170460,0.547965,0.372134,0.219985,0.313290,0.338531,0.285888,0.380051,0.340223,0.327921,0.313888,0.300134,0.323176,0.410486,0.342663,0.329264,0.289845,0.495549,0.330477,0.321251,0.353107,0.345777,0.233969,0.456335,0.249154,0.397291,0.314515,0.318043,0.267618,0.370218,0.370312,0.315711,0.398609,0.270311,0.340010,0.273212,0.303797,0.430841,0.345995,0.312432,0.322766,0.257773,0.315835,0.200473,0.278608,0.307569,0.299033,0.323414,0.216439,0.344841,0.442568,0.222227,0.339960,0.326577,0.425262,0.350377,0.356896,0.216043,0.297691,0.270797,0.279659,0.402529,0.391489,0.317717,0.270612,0.247589,0.393404,0.313453,0.270812,0.298749,0.103234,0.406469,0.317298,0.336795,0.366518,0.340571,0.230249,0.269269,0.373634,0.152973,0.321291,0.264421,0.309643,0.262269,0.288389,0.331540,#
12,0.270058,0.301917,0.337659,0.260317,0.335608,0.335511,0.172228,0.258725,0.285793,0.219770,0.199584,0.329486,1.000000,0.226560,0.335692,0.302964,0.296909,0.302484,0.343144,0.382344,0.331676,0.242494,0.275807,0.380941,0.336529,0.277418,0.245733,0.385631,0.330128,0.351181,0.155767,0.406752,0.337640,0.293151,0.231061,0.341156,0.380278,0.272298,0.346374,0.280176,0.416755,0.315695,0.324292,0.310902,0.305283,0.463885,0.299693,0.247918,0.320372,0.256932,0.390725,0.243813,0.284440,0.306130,0.291720,0.303083,0.270274,0.356341,0.341637,0.290723,0.280435,0.333776,0.279991,0.331200,0.394663,0.298289,0.298370,0.272200,0.317164,0.241444,0.221987,0.325943,0.265748,0.273603,0.368462,0.292029,0.249015,0.290894,0.251566,0.252213,0.353542,0.293146,0.315264,0.329060,0.347127,0.367685,0.326669,0.326494,0.373352,0.386533,0.377797,0.339676,0.224849,0.369311,0.308303,0.244284,0.415139,0.286359,0.244262,0.167795,0.368661,0.347841,0.304995,0.239860,0.381452,0.295072,0.283833,0.243155,0.226350,0.367315,0.325820,0.177566,0.327568,0.355381,0.207780,0.304333,0.335839,0.315287,0.305307,0.324242,0.262695,0.347753,0.362989,0.323646,0.264135,0.268491,0.269939,0.265916,0.258803,0.217239,0.298531,0.342696,0.262757,0.244003,0.297768,0.298280,0.324463,0.316178,0.274406,0.326607,0.395261,0.301939,0.204888,0.233393,0.194189,0.269682,0.304257,0.263025,0.306478,0.264356,0.312192,0.451011,0.245433,0.313632,0.239322,0.214980,0.276667,0.101647,0.261473,0.214061,0.291870,0.346327,0.233528,0.398104,0.308979,0.226107,0.317237,0.170355,0.352189,0.370378,0.266537,0.237924,0.323694,0.335419,0.326125,0.203450,0.385997,0.410889,0.197275,0.318044,0.326233,0.302659,0.340274,0.294901,0.253873,0.329254,0.281759,0.369347,0.294862,0.198517,0.353421,0.392942,0.294273,0.242197,0.188636,0.268507,0.319794,0.258858,0.364489,0.318228,#
13,0.275623,0.402094,0.346905,0.297670,0.291438,0.235901,0.308792,0.363323,0.212148,0.292280,0.344052,0.301089,0.226560,1.000000,0.382858,0.331867,0.295451,0.284063,0.333813,0.390601,0.310704,0.322145,0.224941,0.286794,0.402192,0.413902,0.412785,0.375304,0.295015,0.217499,0.325952,0.332067,0.353218,0.279417,0.240544,0.344738,0.295514,0.346741,0.283671,0.289084,0.282949,0.326907,0.352344,0.241118,0.309062,0.379775,0.407103,0.359447,0.334588,0.301161,0.407078,0.269471,0.370676,0.287029,0.317242,0.436994,0.289783,0.353162,0.366039,0.385741,0.365446,0.306270,0.440672,0.338727,0.322606,0.332098,0.467011,0.367893,0.468894,0.381234,0.249585,0.304977,0.385119,0.247305,0.372849,0.216101,0.348718,0.407391,0.451593,0.311113,0.361744,0.448754,0.354125,0.457358,0.450488,0.258604,0.470851,0.368341,0.379141,0.399900,0.326139,0.345989,0.364589,0.364840,0.307370,0.339092,0.354477,0.226247,0.230771,0.317029,0.429945,0.371837,0.348325,0.333401,0.282382,0.400690,0.347262,0.322251,0.354387,0.318481,0.300636,0.249424,0.431944,0.383138,0.314996,0.357571,0.402133,0.274465,0.259438,0.328942,0.393564,0.418513,0.253215,0.391753,0.366437,0.308366,0.244067,0.283385,0.440359,0.339228,0.295370,0.310803,0.309912,0.291049,0.445590,0.343367,0.366223,0.397473,0.422238,0.374638,0.307626,0.294674,0.326563,0.305761,0.389118,0.423902,0.296310,0.270022,0.136991,0.318570,0.403360,0.308358,0.357194,0.387167,0.394384,0.305417,0.240659,0.351432,0.327231,0.290637,0.218639,0.457619,0.218334,0.444639,0.333099,0.334319,0.235888,0.275548,0.383068,0.367228,0.366618,0.405699,0.350959,0.276962,0.307797,0.340354,0.309470,0.302344,0.375580,0.223607,0.322179,0.309416,0.311382,0.398302,0.217702,0.411080,0.353092,0.418583,0.342142,0.405560,0.247210,0.384190,0.324869,0.274705,0.240197,0.320725,0.271709,0.317999,0.357937,0.368230,#
14,0.413490,0.285621,0.301289,0.302031,0.270590,0.364487,0.221441,0.271043,0.352058,0.323916,0.302612,0.173369,0.335692,0.382858,1.000000,0.396673,0.273926,0.372281,0.351972,0.431156,0.320643,0.237685,0.325809,0.440064,0.299211,0.273736,0.396278,0.318270,0.353690,0.253033,0.203715,0.301427,0.272538,0.205272,0.263042,0.385483,0.348531,0.387650,0.382052,0.405525,0.399251,0.346362,0.370942,0.253374,0.324513,0.484677,0.414749,0.303962,0.301190,0.249100,0.459602,0.262231,0.323887,0.316303,0.433379,0.360478,0.351113,0.317157,0.272304,0.304087,0.364001,0.398927,0.302581,0.338060,0.379360,0.300113,0.354301,0.381986,0.362162,0.333863,0.278346,0.334333,0.234471,0.410182,0.241987,0.204246,0.221764,0.377503,0.323895,0.303547,0.390313,0.255296,0.397271,0.393185,0.342414,0.353970,0.243217,0.271214,0.356557,0.321916,0.393810,0.332095,0.329000,0.344848,0.377784,0.249401,0.372783,0.285196,0.295464,0.224944,0.316134,0.377481,0.327636,0.352686,0.291880,0.316691,0.438010,0.424395,0.304124,0.347615,0.190714,0.192197,0.351950,0.281421,0.279507,0.350690,0.271371,0.331237,0.320182,0.341506,0.396091,0.367690,0.224741,0.300799,0.332235,0.280652,0.180175,0.244677,0.189438,0.390432,0.209516,0.384346,0.347375,0.182337,0.273586,0.306108,0.319049,0.357034,0.287843,0.301686,0.427906,0.382659,0.335295,0.255770,0.270521,0.292128,0.288566,0.182725,0.156382,0.266671,0.377817,0.251269,0.217813,0.364518,0.307356,0.212460,0.317960,0.271903,0.301418,0.216278,0.270453,0.358109,0.226820,0.309232,0.377619,0.202590,0.278823,0.271463,0.281621,0.336032,0.409201,0.290489,0.338716,0.341010,0.347726,0.205847,0.423378,0.346574,0.385417,0.360043,0.309467,0.408950,0.310872,0.328233,0.301967,0.357643,0.314763,0.280340,0.268657,0.286551,0.314701,0.357155,0.280885,0.371209,0.258385,0.183207,0.152945,0.277430,0.363852,0.358590,#
15,0.345093,0.226906,0.342742,0.240135,0.297665,0.265452,0.234455,0.309816,0.261092,0.339429,0.268891,0.303133,0.302964,0.331867,0.396673,1.000000,0.326072,0.423543,0.352308,0.316541,0.251417,0.302929,0.277247,0.421227,0.360818,0.365175,0.385461,0.378833,0.360217,0.240813,0.299558,0.367400,0.253905,0.347318,0.228295,0.310869,0.312779,0.335754,0.390054,0.318460,0.423524,0.368477,0.336374,0.282281,0.423412,0.400966,0.269462,0.356589,0.208448,0.327097,0.378161,0.233975,0.384637,0.320865,0.329109,0.266517,0.306257,0.388666,0.336139,0.385248,0.263235,0.260917,0.326244,0.286151,0.314031,0.319491,0.360891,0.420948,0.367836,0.274534,0.276715,0.404414,0.319836,0.297305,0.352347,0.249516,0.223839,0.460695,0.307427,0.287217,0.483525,0.241976,0.277631,0.425532,0.323485,0.289124,0.393642,0.274504,0.396867,0.386741,0.296583,0.254963,0.322929,0.421714,0.323968,0.272748,0.457756,0.249462,0.310450,0.220865,0.372127,0.337302,0.368676,0.313653,0.229347,0.302817,0.291017,0.256733,0.277031,0.411000,0.261053,0.349142,0.270053,0.259787,0.237480,0.429937,0.356422,0.205242,0.268680,0.313210,0.380306,0.381571,0.194272,0.403993,0.295588,0.192799,0.218728,0.291914,0.286163,0.274113,0.269879,0.391515,0.273867,0.282649,0.368161,0.364015,0.317935,0.289910,0.325779,0.203752,0.292591,0.341988,0.354547,0.223727,0.384940,0.276040,0.365573,0.260991,0.378138,0.323979,0.356633,0.256261,0.312720,0.491735,0.215951,0.424160,0.277421,0.296822,0.366295,0.307773,0.236569,0.297528,0.272699,0.385737,0.341293,0.263520,0.299948,0.265913,0.317996,0.326824,0.237420,0.224116,0.372139,0.219340,0.344142,0.190987,0.417232,0.280523,0.176887,0.372563,0.367309,0.347150,0.243982,0.328198,0.231356,0.360725,0.236575,0.373589,0.319522,0.291553,0.159580,0.438319,0.265184,0.264962,0.232156,0.246052,0.215221,0.316864,0.268901,0.260969,#
16,0.341023,0.224807,0.266638,0.246833,0.177964,0.263014,0.249266,0.240429,0.160654,0.233116,0.263161,0.266934,0.296909,0.295451,0.273926,0.326072,1.000000,0.320917,0.235196,0.268315,0.434445,0.291688,0.372708,0.233478,0.180980,0.321063,0.304592,0.195910,0.203548,0.292677,0.211496,0.369171,0.155391,0.314716,0.178269,0.301490,0.283165,0.224539,0.340094,0.265806,0.218355,0.323729,0.237159,0.299968,0.261421,0.382481,0.267443,0.298128,0.245707,0.187013,0.220717,0.312478,0.435582,0.224700,0.254145,0.243116,0.191140,0.288845,0.292523,0.150992,0.192098,0.376426,0.317137,0.365772,0.396103,0.281475,0.261928,0.411396,0.214658,0.320869,0.177737,0.380119,0.298212,0.185983,0.282830,0.413849,0.175092,0.390194,0.334335,0.259625,0.221557,0.250564,0.229170,0.274264,0.254663,0.303837,0.421714,0.221724,0.339197,0.226461,0.294526,0.292043,0.221300,0.218588,0.251304,0.197505,0.331491,0.130313,0.290387,0.230641,0.285678,0.269945,0.154365,0.211814,0.202969,0.285996,0.277045,0.172374,0.195379,0.259027,0.248071,0.246384,0.301835,0.283757,0.301760,0.413723,0.292043,0.226640,0.178984,0.301209,0.275943,0.291044,0.275019,0.306374,0.323381,0.123335,0.159090,0.159606,0.207535,0.336068,0.166343,0.285975,0.401762,0.090395,0.369417,0.333162,0.145556,0.335140,0.250683,0.344573,0.158194,0.263299,0.180300,0.286036,0.272896,0.246245,0.127324,0.207969,0.223639,0.184788,0.207073,0.274414,0.187125,0.251580,0.273376,0.248551,0.182806,0.163773,0.287407,0.255586,0.165768,0.372235,0.331552,0.389140,0.280626,0.160410,0.258804,0.273486,0.246757,0.204506,0.136305,0.101221,0.269642,0.138949,0.210452,0.302358,0.224964,0.213476,0.251491,0.217929,0.217014,0.302214,0.276986,0.124155,0.089601,0.252875,0.395496,0.292009,0.269921,0.220341,0.297709,0.117661,0.123916,0.211383,0.286236,0.325922,0.122010,0.247925,0.196605,0.232425,#
17,0.484053,0.380822,0.332014,0.387207,0.365843,0.379601,0.282438,0.464692,0.228217,0.280512,0.352042,0.395782,0.302484,0.284063,0.372281,0.423543,0.320917,1.000000,0.350688,0.431381,0.443714,0.379713,0.355614,0.495609,0.421609,0.379404,0.330886,0.362051,0.394448,0.346454,0.350027,0.414473,0.502743,0.306651,0.227788,0.386345,0.293467,0.477064,0.416827,0.284090,0.390739,0.389275,0.288474,0.372753,0.349373,0.433549,0.400725,0.352676,0.407033,0.384524,0.440634,0.233243,0.263023,0.333494,0.374839,0.343230,0.452277,0.507291,0.379388,0.415755,0.332668,0.385590,0.337735,0.361168,0.393607,0.418777,0.427657,0.449667,0.406655,0.463882,0.398152,0.402493,0.457026,0.371515,0.379458,0.375924,0.271686,0.468644,0.335697,0.401981,0.430340,0.375492,0.566510,0.404446,0.397979,0.279448,0.410014,0.356009,0.501788,0.446338,0.346810,0.312296,0.391924,0.347935,0.297750,0.329671,0.372352,0.445711,0.396509,0.336433,0.353893,0.309214,0.367882,0.379202,0.283211,0.397545,0.319538,0.473844,0.259152,0.255644,0.365471,0.378252,0.370126,0.421300,0.258153,0.452502,0.389271,0.270626,0.343049,0.438717,0.312320,0.387153,0.260865,0.389590,0.483016,0.343689,0.299862,0.344716,0.268000,0.345041,0.312586,0.420243,0.453097,0.414401,0.432776,0.390742,0.432051,0.398674,0.361420,0.419687,0.425727,0.373506,0.284797,0.310804,0.412521,0.371188,0.244240,0.266164,0.320317,0.226630,0.422007,0.285777,0.302898,0.450325,0.377259,0.362580,0.336227,0.333826,0.493045,0.412843,0.438361,0.403944,0.312951,0.340820,0.417831,0.323594,0.261845,0.411076,0.316074,0.323703,0.463736,0.306654,0.362806,0.377057,0.369719,0.226477,0.415469,0.358911,0.244747,0.432153,0.343308,0.504414,0.373493,0.272546,0.182617,0.387241,0.380856,0.419412,0.460423,0.354395,0.352948,0.467160,0.273346,0.249406,0.412923,0.341467,0.380306,0.300590,0.348865,0.382296,#
18,0.339190,0.347403,0.368931,0.321140,0.376027,0.313894,0.307822,0.312132,0.191964,0.182102,0.393018,0.267695,0.343144,0.333813,0.351972,0.352308,0.235196,0.350688,1.000000,0.345021,0.318608,0.299151,0.197219,0.450042,0.379586,0.350978,0.386860,0.369080,0.385574,0.234626,0.311653,0.286225,0.413324,0.252439,0.292710,0.415756,0.394358,0.344612,0.349735,0.394318,0.371257,0.385079,0.312099,0.265515,0.300349,0.373543,0.324707,0.353880,0.280735,0.310829,0.416317,0.210463,0.376185,0.358203,0.279600,0.265953,0.330173,0.398859,0.282866,0.253533,0.277619,0.301196,0.321163,0.401382,0.318603,0.415991,0.391688,0.431401,0.295589,0.219399,0.204502,0.336728,0.286707,0.262434,0.291219,0.245531,0.200405,0.399026,0.394062,0.375194,0.399515,0.287784,0.374624,0.414993,0.315147,0.178051,0.408190,0.246519,0.386053,0.345588,0.394457,0.252882,0.315093,0.331456,0.313870,0.326667,0.457625,0.286370,0.290329,0.338405,0.268135,0.417558,0.412452,0.318896,0.354359,0.331558,0.286768,0.317744,0.343717,0.349190,0.357847,0.444618,0.301729,0.352710,0.285835,0.331652,0.303662,0.178433,0.353744,0.380661,0.257965,0.386764,0.285634,0.295792,0.340240,0.251454,0.257974,0.294157,0.356030,0.341776,0.322258,0.407459,0.314078,0.274978,0.427598,0.222734,0.314369,0.409013,0.293457,0.404897,0.372330,0.184364,0.226768,0.241153,0.356491,0.332416,0.200690,0.172740,0.243845,0.249410,0.314835,0.344761,0.321358,0.317243,0.313163,0.373272,0.415801,0.366505,0.226779,0.394396,0.305774,0.360183,0.278975,0.350252,0.320976,0.311628,0.347006,0.353434,0.293034,0.371476,0.182070,0.270926,0.380586,0.232177,0.265693,0.250564,0.357337,0.404474,0.475551,0.275842,0.303562,0.359787,0.391555,0.235078,0.344956,0.343685,0.359031,0.430786,0.353514,0.294729,0.314234,0.391135,0.311748,0.274493,0.320511,0.262642,0.269078,0.365831,0.404740,0.382484,#
19,0.338562,0.328144,0.325245,0.337562,0.465489,0.254081,0.318872,0.381521,0.288826,0.432177,0.345235,0.141642,0.382344,0.390601,0.431156,0.316541,0.268315,0.431381,0.345021,1.000000,0.294258,0.369947,0.300057,0.423714,0.270847,0.422439,0.345778,0.348809,0.379033,0.379636,0.275135,0.387153,0.316814,0.258115,0.295195,0.419816,0.202052,0.354255,0.487670,0.326541,0.372663,0.359363,0.238581,0.192888,0.328182,0.468601,0.433152,0.466726,0.305940,0.377934,0.383373,0.308748,0.261986,0.426053,0.349949,0.362529,0.365013,0.333723,0.318002,0.352207,0.349560,0.317791,0.367806,0.342868,0.406025,0.370573,0.309860,0.411216,0.376429,0.362173,0.358704,0.415534,0.411151,0.262319,0.379551,0.315219,0.279976,0.461657,0.451211,0.266212,0.443665,0.399432,0.430887,0.296305,0.462817,0.248274,0.391818,0.308468,0.446435,0.385745,0.322600,0.387061,0.367526,0.330319,0.329913,0.389696,0.410193,0.365043,0.197546,0.254477,0.360507,0.382206,0.387149,0.376431,0.391280,0.348215,0.351646,0.488547,0.258179,0.259087,0.354917,0.343923,0.403868,0.442103,0.369444,0.335420,0.414957,0.398382,0.381666,0.297298,0.412988,0.480157,0.331023,0.409536,0.523074,0.336478,0.290654,0.332105,0.139381,0.334668,0.275511,0.288786,0.478803,0.303168,0.370493,0.395758,0.356651,0.411415,0.362839,0.391171,0.380099,0.319070,0.292741,0.288645,0.377520,0.334949,0.223501,0.400251,0.364141,0.226338,0.336282,0.366366,0.351353,0.452740,0.327168,0.304647,0.345551,0.307306,0.326073,0.258125,0.361291,0.374828,0.346448,0.404074,0.360029,0.327112,0.284280,0.324784,0.346138,0.304906,0.396409,0.329998,0.358317,0.293392,0.332005,0.235893,0.367121,0.393209,0.262415,0.338137,0.243262,0.432754,0.312137,0.377609,0.286091,0.395718,0.345223,0.428547,0.381666,0.291137,0.432274,0.421266,0.273525,0.376486,0.306321,0.354677,0.331735,0.396507,0.423839,0.438290,#
20,0.431608,0.321732,0.387507,0.310979,0.372412,0.396387,0.312445,0.360768,0.299352,0.280354,0.279160,0.303895,0.331676,0.310704,0.320643,0.251417,0.434445,0.443714,0.318608,0.294258,1.000000,0.344994,0.324742,0.372176,0.416214,0.329119,0.351276,0.389939,0.328942,0.324761,0.260155,0.323643,0.348854,0.216414,0.267124,0.317162,0.330204,0.307344,0.348420,0.344517,0.348223,0.484004,0.272305,0.294983,0.338015,0.469943,0.387849,0.367124,0.355249,0.289318,0.302394,0.373518,0.472259,0.290680,0.343239,0.304934,0.365511,0.356802,0.302633,0.303988,0.379420,0.246900,0.407267,0.400347,0.431305,0.267018,0.328980,0.393720,0.432006,0.409241,0.319729,0.348531,0.476463,0.381387,0.277831,0.273729,0.352420,0.415545,0.344708,0.347132,0.279672,0.299533,0.430753,0.321885,0.320276,0.337799,0.431614,0.319906,0.450883,0.381694,0.348318,0.406742,0.378130,0.392097,0.300370,0.337322,0.393898,0.327691,0.290011,0.171972,0.326769,0.318828,0.328749,0.370049,0.228293,0.375797,0.308416,0.299410,0.283563,0.368801,0.386494,0.308863,0.376208,0.384765,0.331886,0.447172,0.459952,0.244677,0.219131,0.333895,0.269427,0.371254,0.306630,0.297508,0.395352,0.318242,0.341884,0.394185,0.285506,0.401713,0.274027,0.427478,0.348762,0.216416,0.417981,0.348549,0.392319,0.449974,0.354001,0.379123,0.377419,0.380825,0.182073,0.323223,0.396497,0.261313,0.220321,0.284332,0.264961,0.327916,0.369763,0.381958,0.211779,0.261584,0.314667,0.322617,0.236892,0.214590,0.273166,0.361883,0.342369,0.381957,0.309942,0.369901,0.423463,0.259322,0.162762,0.374512,0.330323,0.296945,0.351816,0.240232,0.292888,0.311193,0.243399,0.376449,0.247994,0.250831,0.445146,0.411380,0.322934,0.358701,0.270361,0.345915,0.261429,0.250216,0.335004,0.370924,0.398128,0.343125,0.354643,0.388344,0.324819,0.267044,0.381017,0.345777,0.276286,0.344847,0.315285,0.318946,#
21,0.422339,0.436797,0.480623,0.341936,0.348598,0.394562,0.328567,0.385710,0.249250,0.303423,0.323945,0.379413,0.242494,0.322145,0.237685,0.302929,0.291688,0.379713,0.299151,0.369947,0.344994,1.000000,0.301691,0.431243,0.421120,0.297917,0.401571,0.458782,0.348017,0.358935,0.347663,0.406042,0.316057,0.356122,0.236691,0.405785,0.414239,0.401661,0.461442,0.306935,0.363277,0.402633,0.237608,0.327730,0.374087,0.417190,0.471134,0.431059,0.273254,0.391831,0.422650,0.238341,0.401063,0.342988,0.345754,0.317721,0.359846,0.388953,0.308783,0.307568,0.271886,0.261529,0.416516,0.402151,0.475044,0.373841,0.320791,0.391621,0.433336,0.484344,0.512958,0.335493,0.508075,0.404059,0.306747,0.268144,0.333887,0.368247,0.337221,0.358604,0.465069,0.388808,0.356281,0.246493,0.412084,0.247763,0.441911,0.331079,0.407683,0.466788,0.280413,0.320956,0.341420,0.329027,0.378184,0.407435,0.384844,0.360377,0.292928,0.337694,0.494012,0.335878,0.326489,0.369191,0.331812,0.403801,0.314351,0.384286,0.309241,0.283023,0.369079,0.367007,0.359829,0.344375,0.288630,0.443047,0.471337,0.251358,0.369304,0.407010,0.302542,0.445239,0.193789,0.443611,0.308692,0.326707,0.303287,0.337413,0.274915,0.284857,0.332121,0.328575,0.416620,0.340711,0.371821,0.300978,0.410906,0.385437,0.317166,0.409008,0.374800,0.401956,0.307136,0.262619,0.384442,0.365204,0.341851,0.350709,0.346554,0.275926,0.359164,0.354509,0.351158,0.357169,0.342184,0.300715,0.288197,0.330975,0.274378,0.305898,0.445911,0.350816,0.295691,0.363519,0.417957,0.189124,0.139879,0.407238,0.309576,0.428521,0.334145,0.297718,0.419439,0.339550,0.278995,0.349449,0.384601,0.326120,0.345032,0.378969,0.310092,0.364633,0.231654,0.338690,0.187318,0.334616,0.313358,0.416079,0.484375,0.316732,0.412954,0.351113,0.347212,0.218128,0.429473,0.384514,0.324658,0.362148,0.356080,0.411535,#
