0,1.000000,0.842854,0.852587,0.824302,0.802987,0.839854,0.842876,0.839849,0.829965,0.814730,0.834613,0.852004,0.816751,0.813352,0.827398,0.825884,0.844582,0.862857,0.833027,0.837767,0.841393,0.804528,0.831954,0.846007,0.803125,0.819969,0.829924,0.831928,0.806298,0.836479,0.819384,0.845884,0.810695,0.811352,0.844414,0.829507,0.811705,0.814973,0.843954,0.846290,0.843152,0.803767,0.855430,0.808374,0.837421,0.807155,0.844765,0.845930,0.832386,0.855526,0.828593,0.822640,0.855398,0.851085,0.844699,0.854276,0.834724,0.859224,0.823274,0.824011,0.847465,0.814633,0.835212,0.835825,0.835663,0.830949,0.858179,0.844766,0.826086,0.804259,0.829435,0.819003,0.864492,0.843611,0.833259,0.820471,0.852547,0.836926,0.842909,0.827093,0.866989,0.832910,0.843616,0.853361,0.836939,0.865483,0.846825,0.838202,0.801299,0.821124,0.807287,0.818084,0.836984,0.824186,0.833500,0.830220,0.818700,0.819198,0.842018,0.853349,0.834117,0.820556,0.817183,0.833012,0.813292,0.820695,0.813344,0.854704,0.844878,0.802670,0.838071,0.821127,0.842638,0.817907,0.825186,0.864940,0.802798,0.824646,0.818049,0.810282,0.805372,0.881067,0.841296,0.862288,0.836723,0.829118,0.819824,0.812443,0.794053,0.824589,0.814504,0.841618,0.836120,0.807922,0.843891,0.832331,0.835113,0.834341,0.808326,0.849214,0.813700,0.829737,0.790205,0.850237,0.844499,0.762504,0.823735,0.790393,0.842943,0.810545,0.811717,0.835479,0.833351,0.794589,0.829199,0.804362,0.831720,0.851768,0.860979,0.824888,0.859554,0.851080,0.831717,0.830794,0.820119,0.841034,0.847945,0.813485,0.833311,0.830567,0.832434,0.829079,0.827459,0.850818,0.857534,0.820790,0.844587,0.855679,0.834932,0.818446,0.809892,0.846390,0.817594,0.817393,0.820144,0.797682,0.816779,0.831288,0.820619,0.830903,0.809434,0.836252,0.811855,0.836409,0.819056,0.827706,0.801150,0.844992,0.836993,0.836619,#
1,0.842854,1.000000,0.817348,0.840116,0.825498,0.844649,0.800664,0.836527,0.851489,0.829497,0.830271,0.839131,0.823601,0.820693,0.829942,0.818798,0.828024,0.829137,0.830737,0.844803,0.841721,0.858654,0.852873,0.841642,0.816021,0.809484,0.843134,0.850375,0.806466,0.805153,0.853841,0.851641,0.820604,0.846040,0.820423,0.840238,0.809560,0.842878,0.855359,0.849355,0.825003,0.812300,0.825598,0.822092,0.817032,0.812928,0.863348,0.838360,0.861491,0.857798,0.835171,0.859773,0.842337,0.819973,0.859904,0.842925,0.829701,0.854361,0.823069,0.817427,0.814169,0.830614,0.798416,0.802569,0.839520,0.844948,0.861187,0.848859,0.844133,0.854707,0.833020,0.832156,0.895700,0.810773,0.842674,0.838183,0.830548,0.827172,0.850017,0.819755,0.863766,0.832767,0.863654,0.861135,0.856963,0.842254,0.827083,0.842858,0.838804,0.825290,0.814033,0.816702,0.829330,0.839797,0.818372,0.813332,0.822105,0.828228,0.830393,0.834904,0.842670,0.836394,0.813366,0.828094,0.816431,0.831026,0.819568,0.859394,0.835038,0.805406,0.834881,0.822806,0.823353,0.830625,0.807605,0.842781,0.833357,0.848218,0.815817,0.784113,0.835793,0.852021,0.820225,0.846380,0.818749,0.805169,0.816376,0.831568,0.830219,0.846830,0.804126,0.853049,0.821212,0.821264,0.849755,0.832239,0.822130,0.839395,0.830268,0.813587,0.850134,0.832251,0.822625,0.837048,0.816523,0.799860,0.825723,0.793960,0.844523,0.803372,0.842377,0.860607,0.835803,0.794818,0.861724,0.813274,0.841616,0.849112,0.811996,0.819977,0.831572,0.854168,0.832289,0.852723,0.843649,0.820756,0.831273,0.813537,0.799218,0.828810,0.834826,0.819065,0.825179,0.855855,0.843752,0.821575,0.838214,0.866300,0.808086,0.817810,0.827789,0.818675,0.821671,0.806218,0.815020,0.849067,0.822156,0.775924,0.840484,0.838035,0.849039,0.834710,0.810457,0.821134,0.841488,0.788997,0.809942,0.856786,0.819387,0.836477,#
2,0.852587,0.817348,1.000000,0.824464,0.816984,0.833673,0.811916,0.838673,0.830815,0.819696,0.805209,0.806411,0.778519,0.820588,0.814589,0.803561,0.806645,0.830591,0.809429,0.837678,0.824668,0.803511,0.810733,0.845687,0.792997,0.795970,0.852215,0.843746,0.826930,0.823456,0.830783,0.834928,0.829346,0.817873,0.812297,0.821306,0.822241,0.819482,0.862386,0.823743,0.808286,0.810029,0.829461,0.801448,0.800279,0.813539,0.860042,0.792211,0.800946,0.849917,0.826612,0.821560,0.842169,0.846988,0.860515,0.843888,0.840933,0.829559,0.802998,0.818558,0.864406,0.826197,0.812617,0.837876,0.839706,0.825409,0.832664,0.813060,0.816912,0.829593,0.843184,0.803751,0.851444,0.824515,0.852228,0.815439,0.831719,0.822798,0.832675,0.849475,0.847404,0.836810,0.864699,0.832299,0.853580,0.850951,0.828159,0.856372,0.808942,0.799311,0.825643,0.820915,0.846752,0.802156,0.848833,0.797687,0.810661,0.810199,0.866956,0.828474,0.841241,0.798757,0.798887,0.816166,0.794415,0.858567,0.843550,0.831014,0.830451,0.786554,0.841097,0.785592,0.851858,0.808672,0.798302,0.804575,0.795872,0.834085,0.821268,0.775288,0.797194,0.819615,0.799465,0.858756,0.823804,0.788239,0.814661,0.816264,0.815216,0.843443,0.829508,0.849392,0.849885,0.851740,0.848097,0.829105,0.829126,0.824486,0.817010,0.808801,0.816551,0.837614,0.782891,0.805914,0.815059,0.812804,0.807507,0.792045,0.824690,0.821655,0.818260,0.837311,0.821649,0.826634,0.813156,0.814111,0.819280,0.805212,0.822808,0.793054,0.801463,0.793519,0.824441,0.829877,0.789858,0.826049,0.828212,0.775692,0.810766,0.807326,0.823329,0.816075,0.831872,0.813579,0.832034,0.819407,0.810103,0.843369,0.817916,0.793291,0.796583,0.850601,0.777208,0.842792,0.799212,0.819873,0.810851,0.797874,0.818252,0.819821,0.813149,0.819419,0.842704,0.830833,0.799354,0.823513,0.788748,0.828038,0.798280,0.827295,#
3,0.824302,0.840116,0.824464,1.000000,0.832477,0.823224,0.806321,0.830597,0.846627,0.824372,0.811028,0.832279,0.809103,0.806246,0.813841,0.812888,0.814488,0.814983,0.835378,0.821934,0.831868,0.839095,0.810973,0.813997,0.822866,0.825945,0.841196,0.834105,0.820471,0.810940,0.837918,0.854149,0.813939,0.842722,0.822799,0.831334,0.796109,0.824566,0.813256,0.843762,0.821444,0.819202,0.824221,0.814284,0.814711,0.833636,0.846667,0.821301,0.838760,0.818971,0.841531,0.790426,0.848159,0.806013,0.830953,0.846986,0.815502,0.843089,0.861070,0.824503,0.818374,0.805461,0.798525,0.818704,0.861900,0.813409,0.813375,0.810826,0.785789,0.829143,0.812989,0.832016,0.868145,0.826507,0.819404,0.798635,0.820496,0.828751,0.830825,0.838409,0.849671,0.813159,0.845612,0.848409,0.830239,0.840653,0.822229,0.812761,0.800055,0.819380,0.811034,0.820630,0.839425,0.834136,0.827455,0.825200,0.795633,0.805111,0.820172,0.812951,0.809846,0.807714,0.782862,0.799191,0.845299,0.821369,0.820208,0.851113,0.812169,0.805980,0.815734,0.789701,0.814522,0.821760,0.808344,0.838908,0.797735,0.826109,0.818117,0.775661,0.789796,0.844276,0.795336,0.824109,0.798054,0.806042,0.823042,0.836611,0.800913,0.824189,0.806976,0.843135,0.810544,0.834733,0.847693,0.847584,0.849947,0.804542,0.794637,0.799273,0.791167,0.839486,0.820097,0.804873,0.799442,0.832471,0.802526,0.817237,0.825770,0.794167,0.801787,0.822424,0.810849,0.797499,0.835708,0.774333,0.836282,0.824149,0.827802,0.816762,0.826996,0.821837,0.796183,0.846095,0.819216,0.817182,0.830383,0.779487,0.825884,0.814175,0.837390,0.821309,0.818329,0.836018,0.804421,0.824247,0.815679,0.837523,0.827939,0.795807,0.789133,0.842884,0.788447,0.816273,0.790685,0.810145,0.804046,0.774547,0.841158,0.855314,0.814445,0.816095,0.807915,0.812530,0.819945,0.814808,0.804352,0.824413,0.805236,0.828068,#
4,0.802987,0.825498,0.816984,0.832477,1.000000,0.834324,0.827321,0.820038,0.805968,0.818898,0.787171,0.834306,0.798238,0.817380,0.804031,0.828858,0.817557,0.839024,0.818360,0.851612,0.851689,0.823942,0.809214,0.833526,0.788874,0.794396,0.833564,0.804452,0.817418,0.798298,0.852305,0.830066,0.850305,0.808909,0.797438,0.819656,0.799747,0.810552,0.824168,0.846046,0.820011,0.787596,0.810435,0.829861,0.819763,0.821697,0.843820,0.811690,0.824454,0.813046,0.824073,0.810034,0.847329,0.798116,0.835017,0.833712,0.805664,0.829916,0.839823,0.824596,0.808187,0.824701,0.809343,0.792863,0.845766,0.842786,0.827025,0.808559,0.796288,0.820941,0.834663,0.837865,0.845303,0.801700,0.822643,0.802863,0.816563,0.822023,0.840653,0.835681,0.811641,0.825131,0.844765,0.813425,0.835505,0.819240,0.803710,0.795590,0.815144,0.819003,0.798244,0.784089,0.810281,0.809193,0.814416,0.817853,0.817690,0.797467,0.799487,0.824156,0.840902,0.821413,0.805183,0.811124,0.810191,0.809650,0.822422,0.824773,0.819964,0.814284,0.801790,0.805418,0.830695,0.846712,0.799142,0.818188,0.806555,0.853469,0.778960,0.771466,0.801715,0.832740,0.835651,0.836221,0.800155,0.804048,0.807331,0.819408,0.845973,0.839892,0.843216,0.823776,0.805329,0.832561,0.856632,0.836699,0.831146,0.807964,0.808724,0.782603,0.776493,0.847835,0.820397,0.814678,0.799703,0.798404,0.831121,0.771343,0.806675,0.830318,0.803667,0.864885,0.804688,0.786414,0.848139,0.800930,0.842730,0.807819,0.825185,0.804846,0.791720,0.818071,0.848404,0.819833,0.805512,0.805738,0.804540,0.789302,0.793344,0.819714,0.815146,0.819483,0.833521,0.811920,0.846125,0.833212,0.822933,0.848246,0.815879,0.793671,0.821517,0.810628,0.808101,0.794600,0.835591,0.825944,0.793775,0.822346,0.794076,0.813442,0.780812,0.792497,0.793439,0.826891,0.807294,0.782651,0.796486,0.808958,0.833491,0.810180,#
5,0.839854,0.844649,0.833673,0.823224,0.834324,1.000000,0.784987,0.843570,0.824845,0.810062,0.802632,0.817224,0.790182,0.803007,0.816434,0.824148,0.820261,0.842504,0.801416,0.861246,0.832792,0.793822,0.814174,0.843065,0.812296,0.826247,0.865952,0.850009,0.797655,0.820512,0.848971,0.865112,0.844926,0.850479,0.794420,0.844923,0.808907,0.798375,0.835307,0.831318,0.836558,0.810012,0.787288,0.820878,0.835263,0.836124,0.855124,0.848122,0.845969,0.826261,0.840913,0.797998,0.834458,0.851692,0.815240,0.882703,0.834597,0.832804,0.858570,0.843442,0.800022,0.826450,0.822444,0.844997,0.833699,0.815859,0.820544,0.832392,0.823824,0.821649,0.843185,0.821125,0.875855,0.809691,0.824965,0.811892,0.837293,0.856906,0.829283,0.831145,0.865665,0.835800,0.851369,0.842215,0.809643,0.839250,0.827110,0.839317,0.839639,0.817463,0.807509,0.802182,0.845018,0.842102,0.816641,0.770767,0.822841,0.827901,0.864207,0.822695,0.851186,0.831269,0.842951,0.839072,0.823227,0.836054,0.834325,0.843775,0.807987,0.820497,0.809624,0.839535,0.823180,0.795017,0.786188,0.815713,0.835058,0.838583,0.798446,0.787073,0.799499,0.855124,0.824712,0.868655,0.796318,0.807689,0.854112,0.813629,0.807026,0.823847,0.825456,0.866859,0.854633,0.858754,0.842621,0.821466,0.826360,0.835169,0.806747,0.798415,0.813934,0.815812,0.829415,0.833038,0.868359,0.778073,0.798620,0.796096,0.840030,0.829005,0.835022,0.837785,0.815167,0.805059,0.826827,0.792055,0.864410,0.832047,0.833740,0.819243,0.829859,0.841697,0.829884,0.827877,0.842417,0.807823,0.779601,0.831390,0.817382,0.812852,0.860868,0.825323,0.815040,0.827626,0.833235,0.815530,0.827896,0.860372,0.839313,0.823545,0.838154,0.832715,0.796124,0.807432,0.826054,0.837552,0.807191,0.812508,0.822634,0.842618,0.798612,0.840092,0.797897,0.838416,0.787674,0.822802,0.792592,0.834607,0.824892,0.817213,#
6,0.842876,0.800664,0.811916,0.806321,0.827321,0.784987,1.000000,0.794248,0.822302,0.804558,0.800383,0.815660,0.806476,0.829455,0.775312,0.819251,0.830492,0.852110,0.809424,0.808331,0.856287,0.799678,0.780040,0.810715,0.810120,0.807843,0.821235,0.820309,0.796214,0.829159,0.827674,0.836265,0.819757,0.818008,0.810924,0.833038,0.806570,0.808757,0.813734,0.841355,0.818094,0.812977,0.841234,0.811217,0.836550,0.778304,0.842836,0.797770,0.853626,0.849639,0.831442,0.830068,0.845167,0.786702,0.835085,0.824330,0.829870,0.852158,0.834763,0.782532,0.835403,0.810478,0.790567,0.802280,0.863167,0.813790,0.860590,0.822447,0.817794,0.803827,0.824964,0.833961,0.837153,0.829872,0.799786,0.821393,0.834095,0.818315,0.834715,0.812909,0.841474,0.829827,0.826381,0.849355,0.813790,0.826892,0.818144,0.807073,0.817056,0.812359,0.784517,0.795454,0.786355,0.808351,0.808977,0.802072,0.823760,0.815762,0.817802,0.824589,0.824647,0.819939,0.823197,0.805665,0.818683,0.780662,0.824848,0.812972,0.816026,0.775665,0.788634,0.787197,0.786037,0.808350,0.795811,0.795514,0.806712,0.828596,0.796991,0.794422,0.808083,0.819683,0.798910,0.851379,0.830774,0.816536,0.781919,0.804954,0.784606,0.812317,0.825560,0.821566,0.811197,0.788679,0.830620,0.826550,0.835604,0.805248,0.836314,0.824262,0.822156,0.839103,0.779808,0.801549,0.802307,0.811627,0.813428,0.794164,0.810371,0.797683,0.810026,0.854683,0.779792,0.769347,0.807419,0.784087,0.815066,0.790226,0.829360,0.817165,0.823201,0.818319,0.802719,0.822542,0.822165,0.822466,0.845179,0.760433,0.809234,0.803805,0.833981,0.818168,0.786327,0.793725,0.825051,0.816471,0.809918,0.842387,0.813947,0.805007,0.820456,0.816605,0.819035,0.820324,0.802777,0.801816,0.787944,0.802046,0.776579,0.811565,0.782660,0.819165,0.781428,0.817548,0.813322,0.811503,0.805547,0.831223,0.817639,0.819224,#
7,0.839849,0.836527,0.838673,0.830597,0.820038,0.843570,0.794248,1.000000,0.862786,0.803859,0.809850,0.820244,0.824604,0.831586,0.833709,0.796401,0.832197,0.842760,0.836126,0.838510,0.849706,0.818301,0.850302,0.830733,0.825447,0.850008,0.839510,0.841689,0.816868,0.840708,0.814908,0.841835,0.819306,0.832920,0.811483,0.830025,0.825604,0.816704,0.841869,0.833003,0.826983,0.826377,0.823130,0.833988,0.827186,0.822889,0.859140,0.846978,0.833828,0.821964,0.844096,0.811641,0.848355,0.866249,0.849288,0.851210,0.825236,0.842965,0.830294,0.845403,0.794022,0.832372,0.828151,0.829651,0.851191,0.841904,0.849965,0.828336,0.835378,0.819893,0.847111,0.786093,0.880232,0.844029,0.855388,0.823798,0.844617,0.828627,0.841261,0.822733,0.869661,0.834858,0.858680,0.841877,0.828046,0.848426,0.857848,0.838213,0.824698,0.829718,0.810169,0.832777,0.838459,0.822250,0.848606,0.811531,0.834743,0.863726,0.849089,0.831266,0.843386,0.809844,0.812211,0.822758,0.826779,0.828223,0.830719,0.851134,0.831388,0.799619,0.869569,0.807204,0.849662,0.823700,0.819550,0.835315,0.812747,0.814795,0.808927,0.815477,0.828495,0.843408,0.810203,0.860720,0.847649,0.824594,0.816195,0.842605,0.794129,0.814058,0.829580,0.842392,0.854114,0.805077,0.854342,0.869253,0.840639,0.850398,0.807210,0.822251,0.810820,0.843766,0.840597,0.827067,0.833490,0.818332,0.841827,0.775816,0.845512,0.819759,0.813690,0.844990,0.837528,0.799871,0.829998,0.844404,0.840146,0.833923,0.840613,0.817271,0.846130,0.804881,0.863426,0.822340,0.835625,0.826082,0.840377,0.796996,0.800206,0.803844,0.868529,0.835941,0.822863,0.846360,0.831621,0.822231,0.824214,0.831016,0.834581,0.811632,0.831160,0.832316,0.810720,0.822132,0.809784,0.838063,0.832081,0.793211,0.831402,0.853949,0.830220,0.828380,0.797921,0.819304,0.824656,0.826109,0.813018,0.860350,0.842057,0.820009,#
8,0.829965,0.851489,0.830815,0.846627,0.805968,0.824845,0.822302,0.862786,1.000000,0.839814,0.809862,0.840822,0.818591,0.845904,0.830848,0.833164,0.815474,0.862620,0.806678,0.845100,0.843676,0.846851,0.820935,0.821505,0.813649,0.835169,0.837425,0.838576,0.833908,0.820478,0.834580,0.851830,0.819134,0.827628,0.790859,0.856279,0.819436,0.831103,0.825825,0.844761,0.817305,0.820831,0.873557,0.823284,0.815885,0.797569,0.839228,0.827414,0.849747,0.830066,0.861387,0.826032,0.819137,0.855029,0.834680,0.862512,0.833200,0.852995,0.810778,0.814022,0.840769,0.822411,0.855445,0.829988,0.858318,0.854572,0.845698,0.847506,0.863650,0.839670,0.837876,0.826298,0.878206,0.846318,0.827392,0.812893,0.836276,0.848967,0.846264,0.833339,0.855668,0.837138,0.839466,0.849457,0.836513,0.839212,0.819734,0.842336,0.796907,0.808370,0.820976,0.805694,0.823066,0.825470,0.837785,0.815284,0.833242,0.844685,0.867848,0.843405,0.844533,0.803715,0.833055,0.854900,0.809992,0.842183,0.833683,0.853176,0.806105,0.824901,0.824915,0.810580,0.842182,0.819675,0.810174,0.847275,0.815370,0.824904,0.809462,0.832879,0.803950,0.831712,0.818276,0.857091,0.821920,0.833010,0.806853,0.824024,0.827752,0.827206,0.812724,0.843520,0.849624,0.829499,0.867011,0.837600,0.840888,0.828483,0.817193,0.829573,0.806716,0.846556,0.838215,0.809185,0.836216,0.798736,0.827630,0.809404,0.842104,0.819158,0.807215,0.853318,0.795061,0.845948,0.840051,0.809988,0.834096,0.849435,0.854968,0.838254,0.836599,0.805765,0.847270,0.836755,0.820224,0.809697,0.835138,0.809900,0.840651,0.813582,0.849215,0.838014,0.811772,0.838295,0.861040,0.820228,0.830642,0.855577,0.837688,0.808983,0.829772,0.845164,0.803843,0.828545,0.834264,0.815863,0.845732,0.798400,0.825987,0.853353,0.839938,0.839929,0.847066,0.832322,0.817342,0.811974,0.792656,0.839074,0.831159,0.851245,#
9,0.814730,0.829497,0.819696,0.824372,0.818898,0.810062,0.804558,0.803859,0.839814,1.000000,0.797625,0.802688,0.797688,0.813255,0.827316,0.814574,0.811807,0.818407,0.820035,0.815321,0.848773,0.802846,0.808432,0.837072,0.793789,0.787243,0.826044,0.852778,0.797878,0.819160,0.807652,0.844302,0.817061,0.831107,0.803089,0.829353,0.801759,0.797380,0.827460,0.828980,0.825116,0.806830,0.809932,0.800362,0.826423,0.782842,0.825581,0.808193,0.795363,0.811558,0.809830,0.797030,0.797943,0.809226,0.819415,0.830035,0.826196,0.868043,0.803025,0.812951,0.816646,0.812356,0.814144,0.805915,0.821808,0.848055,0.844338,0.831303,0.836880,0.808260,0.832213,0.806248,0.841234,0.801646,0.817028,0.796737,0.820730,0.847908,0.833090,0.851821,0.822414,0.825335,0.814852,0.857191,0.837866,0.816236,0.811173,0.858157,0.800524,0.775993,0.801041,0.801995,0.823609,0.800268,0.821415,0.781405,0.805663,0.814637,0.833529,0.809932,0.844840,0.823435,0.825280,0.814549,0.822360,0.834134,0.811709,0.831679,0.842019,0.833471,0.824426,0.819756,0.837310,0.818826,0.772607,0.846539,0.764662,0.808452,0.774225,0.784078,0.789836,0.820904,0.812011,0.843998,0.821253,0.795480,0.815588,0.797895,0.829158,0.809829,0.812071,0.840614,0.820670,0.832611,0.843977,0.806396,0.816285,0.800895,0.794926,0.806139,0.819022,0.861278,0.818286,0.833793,0.804440,0.810018,0.821916,0.799435,0.816125,0.797773,0.779440,0.807650,0.808210,0.803229,0.829723,0.801686,0.805938,0.821411,0.822624,0.825102,0.824830,0.827672,0.818256,0.819617,0.820227,0.823919,0.794566,0.799013,0.834280,0.798907,0.837482,0.828458,0.799193,0.801304,0.827786,0.841620,0.814900,0.853031,0.811414,0.824278,0.826497,0.806931,0.818418,0.796968,0.797333,0.832492,0.776337,0.785258,0.842991,0.805812,0.807807,0.821168,0.786474,0.791176,0.787653,0.782061,0.797416,0.821327,0.803225,0.800307,#
10,0.834613,0.830271,0.805209,0.811028,0.787171,0.802632,0.800383,0.809850,0.809862,0.797625,1.000000,0.807639,0.770729,0.791989,0.770462,0.806116,0.818460,0.793945,0.810716,0.804991,0.814257,0.781196,0.806254,0.836642,0.779420,0.793272,0.818710,0.839194,0.795280,0.811644,0.807447,0.814935,0.797966,0.824127,0.805457,0.820338,0.799150,0.815197,0.813758,0.795470,0.822663,0.778445,0.797578,0.782554,0.808977,0.807145,0.855034,0.821309,0.827309,0.863530,0.787938,0.814907,0.825905,0.775553,0.826491,0.843544,0.825120,0.850325,0.779488,0.809388,0.807292,0.815707,0.837690,0.824254,0.830712,0.782984,0.835442,0.789529,0.819829,0.803045,0.827309,0.816869,0.856004,0.765115,0.799263,0.829983,0.804066,0.828790,0.821679,0.796743,0.856411,0.808181,0.816251,0.824240,0.806729,0.807513,0.818671,0.821189,0.799395,0.837139,0.780401,0.819199,0.832515,0.784815,0.796732,0.809273,0.782183,0.820207,0.834773,0.830212,0.815281,0.789468,0.793657,0.823162,0.831353,0.795428,0.816409,0.817211,0.803538,0.792608,0.800425,0.775343,0.816161,0.801627,0.775029,0.836862,0.772946,0.808532,0.806183,0.770061,0.797440,0.830688,0.776869,0.832121,0.762582,0.807458,0.820611,0.814003,0.802795,0.804988,0.777977,0.821758,0.795970,0.791374,0.838698,0.859715,0.808946,0.792374,0.807287,0.822784,0.834504,0.822662,0.769301,0.804132,0.774200,0.777859,0.818912,0.782067,0.812468,0.807288,0.773095,0.808770,0.806215,0.786444,0.822482,0.777881,0.837922,0.831876,0.808167,0.783560,0.835770,0.791575,0.806123,0.806410,0.799131,0.794257,0.821227,0.790051,0.820825,0.829543,0.812676,0.815700,0.763396,0.806243,0.832277,0.801822,0.802438,0.829011,0.784259,0.826404,0.783390,0.786199,0.808677,0.785617,0.759007,0.805201,0.801447,0.796282,0.767636,0.818807,0.805130,0.778251,0.786685,0.813219,0.805098,0.786444,0.779659,0.829643,0.805170,0.825271,#
11,0.852004,0.839131,0.806411,0.832279,0.834306,0.817224,0.815660,0.820244,0.840822,0.802688,0.807639,1.000000,0.834462,0.818460,0.824390,0.817461,0.824800,0.864319,0.856939,0.828796,0.832567,0.806619,0.837289,0.816122,0.818830,0.811798,0.813880,0.827091,0.829906,0.804691,0.832856,0.852618,0.836592,0.835607,0.789224,0.827792,0.836429,0.841140,0.817164,0.846704,0.837623,0.799834,0.831476,0.805148,0.818101,0.796952,0.879728,0.839850,0.831012,0.854995,0.826072,0.802899,0.862292,0.822569,0.848132,0.845562,0.810998,0.869833,0.820455,0.827599,0.804923,0.800435,0.853624,0.807570,0.844488,0.829208,0.836165,0.829837,0.848019,0.830366,0.847631,0.805681,0.848725,0.828866,0.851576,0.801324,0.851247,0.847588,0.826778,0.798233,0.842555,0.827975,0.841462,0.834875,0.852487,0.825431,0.798986,0.809777,0.805121,0.791429,0.810442,0.818407,0.822079,0.805806,0.813658,0.844464,0.812010,0.830677,0.822809,0.827227,0.815170,0.819233,0.832864,0.827014,0.840479,0.831887,0.830035,0.850792,0.841971,0.813766,0.844500,0.832020,0.841019,0.795901,0.780338,0.834852,0.810155,0.822587,0.803445,0.820869,0.783779,0.836678,0.823950,0.854133,0.818117,0.821570,0.827295,0.820560,0.824893,0.850686,0.832400,0.828968,0.849866,0.832038,0.848436,0.838593,0.857500,0.818581,0.822827,0.827512,0.812444,0.826291,0.830511,0.836790,0.835675,0.780523,0.845344,0.805294,0.829096,0.825821,0.803951,0.827801,0.819326,0.838648,0.856671,0.798993,0.838122,0.820969,0.821887,0.804247,0.834783,0.830428,0.850801,0.823795,0.849323,0.800785,0.842778,0.775235,0.832130,0.847415,0.848555,0.824072,0.835799,0.859179,0.830539,0.823205,0.829008,0.835243,0.814379,0.833219,0.822552,0.806569,0.832295,0.802931,0.838787,0.796069,0.821525,0.833311,0.802340,0.810602,0.836322,0.823067,0.818143,0.823158,0.802555,0.808262,0.807261,0.832380,0.823834,0.812943,#
12,0.816751,0.823601,0.778519,0.809103,0.798238,0.790182,0.806476,0.824604,0.818591,0.797688,0.770729,0.834462,1.000000,0.822752,0.815515,0.788464,0.810884,0.835630,0.824802,0.806577,0.828527,0.784946,0.823873,0.824880,0.789954,0.819272,0.796398,0.812126,0.815586,0.790061,0.795258,0.818657,0.810233,0.821651,0.803783,0.815226,0.806281,0.806474,0.812178,0.823953,0.760728,0.759329,0.801138,0.817426,0.813072,0.809898,0.848275,0.801174,0.818915,0.814335,0.852113,0.775486,0.805059,0.820068,0.828292,0.831709,0.797568,0.820481,0.812547,0.783554,0.780165,0.810357,0.798305,0.778690,0.832536,0.818760,0.802737,0.809266,0.835796,0.812283,0.812507,0.796553,0.842421,0.798433,0.833908,0.806724,0.823837,0.807573,0.814865,0.808916,0.831078,0.807973,0.833654,0.826551,0.789599,0.824160,0.785727,0.804073,0.797527,0.776360,0.794263,0.785875,0.822605,0.780354,0.783166,0.814446,0.837281,0.810941,0.790401,0.795438,0.782368,0.818484,0.802097,0.825682,0.775045,0.797482,0.783565,0.809749,0.820122,0.805439,0.813174,0.787260,0.808374,0.782496,0.830405,0.813111,0.769434,0.784587,0.789244,0.782219,0.783258,0.828007,0.788369,0.838153,0.813646,0.814757,0.800900,0.767512,0.771166,0.803111,0.774986,0.792680,0.789741,0.797619,0.798392,0.804048,0.798567,0.822832,0.800627,0.767112,0.814174,0.822787,0.805654,0.810182,0.781307,0.805590,0.817275,0.760832,0.816529,0.821454,0.799817,0.813790,0.806508,0.764259,0.821438,0.821445,0.827350,0.824570,0.831876,0.785372,0.813999,0.833541,0.824162,0.806075,0.839907,0.771789,0.793803,0.808488,0.772515,0.793135,0.827118,0.802932,0.801335,0.815027,0.806381,0.785848,0.828892,0.842400,0.782243,0.762124,0.799085,0.825219,0.799406,0.781137,0.751820,0.803085,0.780428,0.813517,0.805643,0.806066,0.776389,0.796677,0.758830,0.800255,0.772033,0.802817,0.779486,0.823808,0.825751,0.777791,#
13,0.813352,0.820693,0.820588,0.806246,0.817380,0.803007,0.829455,0.831586,0.845904,0.813255,0.791989,0.818460,0.822752,1.000000,0.805052,0.800567,0.803509,0.864584,0.844115,0.814198,0.836512,0.811586,0.851868,0.823162,0.797869,0.819541,0.810072,0.843933,0.836625,0.856060,0.800565,0.829175,0.843024,0.841894,0.771107,0.823169,0.807069,0.841707,0.830742,0.841666,0.857981,0.807399,0.841472,0.809539,0.844258,0.816792,0.835473,0.835363,0.859590,0.837388,0.837466,0.841605,0.820013,0.824162,0.856606,0.867847,0.835815,0.853318,0.820023,0.821906,0.822598,0.814580,0.811844,0.826112,0.861765,0.834175,0.838486,0.823716,0.856185,0.816884,0.810107,0.813372,0.841936,0.841935,0.843137,0.817589,0.833079,0.838642,0.850023,0.832836,0.837522,0.826786,0.864443,0.844008,0.821475,0.840675,0.799894,0.804763,0.836470,0.817849,0.803461,0.813177,0.832434,0.831308,0.822711,0.789460,0.824762,0.814201,0.825155,0.847376,0.830864,0.823467,0.833904,0.847806,0.826103,0.851841,0.811025,0.844467,0.816207,0.804233,0.834277,0.812084,0.830478,0.825873,0.817812,0.832947,0.784374,0.842651,0.826301,0.806524,0.809133,0.826274,0.801996,0.813552,0.810484,0.793882,0.817160,0.799610,0.803172,0.811467,0.815490,0.814644,0.825054,0.817597,0.850032,0.829568,0.818155,0.827625,0.860349,0.800355,0.807681,0.853456,0.846427,0.800007,0.788270,0.807487,0.843488,0.797157,0.834825,0.816094,0.817942,0.848956,0.800241,0.816209,0.827954,0.814999,0.828822,0.815867,0.848279,0.801056,0.845956,0.817135,0.835744,0.831092,0.831643,0.817155,0.829642,0.798263,0.830754,0.801519,0.836202,0.840017,0.841839,0.832337,0.854133,0.829621,0.830970,0.870905,0.821888,0.817639,0.819102,0.828319,0.834099,0.803855,0.811839,0.823671,0.806502,0.817412,0.785477,0.815263,0.836403,0.822630,0.819934,0.834283,0.826576,0.800277,0.811466,0.841142,0.831162,0.803753,#
14,0.827398,0.829942,0.814589,0.813841,0.804031,0.816434,0.775312,0.833709,0.830848,0.827316,0.770462,0.824390,0.815515,0.805052,1.000000,0.810359,0.804459,0.804922,0.795018,0.805040,0.825399,0.802684,0.812578,0.842035,0.794227,0.771950,0.815226,0.811699,0.819262,0.815525,0.831287,0.827520,0.801974,0.801772,0.806018,0.825055,0.777701,0.813089,0.831213,0.798485,0.790649,0.781053,0.819203,0.811164,0.813198,0.802910,0.816593,0.796162,0.784231,0.789951,0.800817,0.799776,0.805581,0.845170,0.823413,0.825115,0.796743,0.815516,0.812435,0.787191,0.808777,0.822159,0.810896,0.813975,0.812715,0.801462,0.801205,0.807970,0.826199,0.822637,0.815736,0.789201,0.852112,0.808236,0.834292,0.787401,0.838932,0.831960,0.809649,0.789156,0.825984,0.828408,0.838613,0.844462,0.818270,0.819481,0.785221,0.815557,0.807126,0.755861,0.775543,0.764282,0.830001,0.838309,0.817768,0.800750,0.839212,0.809860,0.819985,0.797278,0.817081,0.813354,0.821074,0.785536,0.803926,0.803730,0.790161,0.806030,0.804089,0.807024,0.818712,0.802180,0.828782,0.802317,0.763377,0.825132,0.782376,0.789241,0.779618,0.779215,0.801217,0.826109,0.796167,0.828883,0.824031,0.752733,0.804232,0.833087,0.770502,0.814689,0.783970,0.833342,0.802816,0.805775,0.826428,0.823320,0.814855,0.814128,0.806152,0.796521,0.793713,0.822354,0.774234,0.820449,0.790027,0.817435,0.832239,0.769317,0.821638,0.778129,0.808951,0.806746,0.790340,0.795978,0.829773,0.796559,0.809774,0.807995,0.787649,0.789836,0.814568,0.789951,0.822695,0.799335,0.810916,0.788479,0.797002,0.780075,0.775371,0.827361,0.815518,0.792501,0.810167,0.827248,0.829163,0.817782,0.814420,0.830071,0.800636,0.782853,0.818364,0.830615,0.800240,0.788825,0.789692,0.798775,0.806791,0.768046,0.790934,0.801865,0.771301,0.791030,0.817565,0.826412,0.785356,0.784679,0.789252,0.810265,0.795473,0.756346,#
15,0.825884,0.818798,0.803561,0.812888,0.828858,0.824148,0.819251,0.796401,0.833164,0.814574,0.806116,0.817461,0.788464,0.800567,0.810359,1.000000,0.800616,0.840803,0.805678,0.813772,0.817093,0.813987,0.812328,0.817865,0.805519,0.790608,0.790543,0.809113,0.811737,0.811203,0.830997,0.846488,0.819710,0.843515,0.767639,0.846234,0.821328,0.825096,0.826309,0.804015,0.790594,0.779865,0.823355,0.801827,0.836176,0.796442,0.836747,0.819834,0.833723,0.828038,0.806468,0.822477,0.802396,0.810331,0.821482,0.816283,0.821637,0.814223,0.812348,0.796201,0.830155,0.814047,0.805638,0.827195,0.821357,0.829191,0.816928,0.820794,0.811121,0.779411,0.821895,0.782182,0.810757,0.797890,0.814774,0.809168,0.833876,0.822697,0.833909,0.805214,0.833110,0.814888,0.817255,0.847075,0.836687,0.812332,0.778552,0.832986,0.800131,0.771771,0.776997,0.786877,0.825117,0.817094,0.783920,0.800235,0.793008,0.808444,0.815508,0.820644,0.826849,0.799725,0.829229,0.827178,0.796188,0.802530,0.805624,0.831799,0.793941,0.823159,0.785871,0.776496,0.826227,0.809173,0.777772,0.802128,0.775167,0.813622,0.780307,0.819067,0.787549,0.816828,0.796647,0.832341,0.782495,0.797645,0.819549,0.786929,0.811611,0.850081,0.793478,0.796379,0.792517,0.781012,0.825974,0.819937,0.818312,0.781176,0.789883,0.805296,0.784581,0.804661,0.789781,0.799429,0.811122,0.792789,0.794038,0.779585,0.814656,0.792250,0.807868,0.830694,0.810163,0.796994,0.812421,0.781413,0.839637,0.804561,0.813075,0.808991,0.804506,0.812655,0.840922,0.793197,0.812531,0.794792,0.816885,0.794013,0.821911,0.800262,0.797423,0.826504,0.766889,0.833681,0.808668,0.840028,0.815063,0.833823,0.817568,0.808207,0.809981,0.817326,0.797769,0.818089,0.808726,0.791950,0.762565,0.776207,0.760691,0.811944,0.775616,0.821454,0.788714,0.789799,0.776787,0.793463,0.806862,0.810804,0.825565,0.822399,#
16,0.844582,0.828024,0.806645,0.814488,0.817557,0.820261,0.830492,0.832197,0.815474,0.811807,0.818460,0.824800,0.810884,0.803509,0.804459,0.800616,1.000000,0.844896,0.826084,0.832602,0.878681,0.804841,0.791296,0.830085,0.819756,0.827644,0.843005,0.793860,0.787716,0.821130,0.825333,0.848623,0.827392,0.809640,0.809341,0.830532,0.838979,0.826176,0.836894,0.837788,0.819432,0.807298,0.824124,0.807923,0.822099,0.821954,0.826024,0.810497,0.833632,0.843609,0.800109,0.811553,0.833538,0.844114,0.842139,0.847370,0.780838,0.836965,0.824108,0.783682,0.822451,0.836485,0.801075,0.791251,0.823512,0.816285,0.838875,0.824183,0.843732,0.830718,0.826095,0.804607,0.857286,0.815077,0.831030,0.806006,0.821084,0.835248,0.818584,0.841429,0.865738,0.825476,0.842454,0.852216,0.834899,0.835224,0.839114,0.802176,0.808150,0.821357,0.783018,0.809565,0.830516,0.808789,0.823807,0.832645,0.816429,0.828616,0.846304,0.825571,0.823770,0.812258,0.816539,0.833691,0.804150,0.844388,0.834928,0.816838,0.849076,0.807333,0.832760,0.814897,0.836481,0.811532,0.823417,0.850644,0.849073,0.830374,0.809312,0.748691,0.792051,0.828008,0.821553,0.843319,0.840609,0.815171,0.798773,0.782754,0.817608,0.808489,0.841174,0.820071,0.823364,0.791593,0.843858,0.857362,0.821680,0.800325,0.798340,0.806626,0.819924,0.836215,0.818578,0.814134,0.793439,0.785449,0.833672,0.796811,0.830794,0.822866,0.785880,0.845962,0.784525,0.795907,0.865998,0.798994,0.842627,0.818843,0.814406,0.810382,0.824977,0.801144,0.854463,0.802679,0.825950,0.828812,0.822158,0.818210,0.811549,0.803265,0.818898,0.843404,0.811258,0.825288,0.822639,0.818432,0.804375,0.877810,0.817741,0.805012,0.813277,0.802189,0.815684,0.800981,0.790406,0.814636,0.818061,0.817372,0.817154,0.816936,0.819925,0.802570,0.810295,0.813039,0.806958,0.815446,0.815748,0.839685,0.816855,0.824191,#
17,0.862857,0.829137,0.830591,0.814983,0.839024,0.842504,0.852110,0.842760,0.862620,0.818407,0.793945,0.864319,0.835630,0.864584,0.804922,0.840803,0.844896,1.000000,0.822430,0.857525,0.856447,0.816409,0.850061,0.828639,0.854182,0.851188,0.851351,0.844482,0.819011,0.846189,0.845532,0.860953,0.815940,0.823173,0.803526,0.859388,0.826449,0.842215,0.857348,0.869378,0.840857,0.839091,0.850943,0.826994,0.840161,0.824834,0.848042,0.856926,0.857769,0.857079,0.852543,0.811012,0.843678,0.842220,0.853429,0.860554,0.843346,0.849390,0.829453,0.818813,0.823703,0.831314,0.832206,0.828946,0.850801,0.862678,0.872429,0.862589,0.838006,0.818636,0.839135,0.818477,0.844778,0.835526,0.858444,0.812757,0.855405,0.857407,0.857911,0.856940,0.866671,0.839765,0.863669,0.862383,0.829695,0.845435,0.844659,0.836257,0.823858,0.812090,0.806666,0.800426,0.847590,0.839069,0.825362,0.834217,0.835117,0.829645,0.832662,0.846507,0.855605,0.796390,0.836288,0.837590,0.808682,0.837142,0.826853,0.838789,0.824465,0.847519,0.846096,0.817454,0.830115,0.834643,0.839057,0.824318,0.803186,0.831944,0.818444,0.823335,0.821745,0.849578,0.835920,0.852646,0.826588,0.836786,0.829949,0.809717,0.822310,0.834980,0.855206,0.851359,0.864405,0.822329,0.842071,0.861286,0.859635,0.834140,0.841890,0.848058,0.839599,0.858924,0.875204,0.834645,0.846607,0.805373,0.840104,0.806959,0.859415,0.810060,0.832942,0.855200,0.820735,0.826828,0.855813,0.839278,0.876175,0.834439,0.847315,0.819093,0.850140,0.829153,0.877312,0.816918,0.845030,0.826536,0.802492,0.788970,0.843167,0.813600,0.849502,0.837363,0.838755,0.841326,0.865917,0.806131,0.841029,0.868845,0.836686,0.853772,0.843809,0.861252,0.843429,0.854509,0.838501,0.819936,0.829715,0.860825,0.789724,0.817008,0.839492,0.835207,0.811282,0.843785,0.833484,0.850442,0.810031,0.859765,0.847978,0.813652,#
18,0.833027,0.830737,0.809429,0.835378,0.818360,0.801416,0.809424,0.836126,0.806678,0.820035,0.810716,0.856939,0.824802,0.844115,0.795018,0.805678,0.826084,0.822430,1.000000,0.829428,0.827071,0.822642,0.827023,0.801949,0.798083,0.833375,0.814258,0.831598,0.807597,0.840478,0.786082,0.845848,0.825032,0.842942,0.805017,0.847394,0.813117,0.827416,0.823683,0.832880,0.825157,0.782428,0.820907,0.789682,0.845481,0.799692,0.853930,0.850362,0.826787,0.809682,0.796112,0.806946,0.848586,0.800477,0.830272,0.840077,0.817645,0.838316,0.811707,0.840244,0.823602,0.799946,0.809941,0.794937,0.852326,0.805536,0.821770,0.804903,0.788171,0.816342,0.831221,0.785545,0.850444,0.803355,0.848820,0.789644,0.846677,0.814648,0.825737,0.816508,0.826039,0.811602,0.847823,0.839491,0.843037,0.828781,0.800747,0.827833,0.815240,0.792805,0.815489,0.791900,0.836003,0.820577,0.829998,0.796387,0.818411,0.823467,0.824344,0.832203,0.837194,0.808041,0.818709,0.822846,0.811705,0.835338,0.808530,0.829606,0.825863,0.809510,0.844469,0.783908,0.844667,0.818507,0.781128,0.820868,0.793356,0.819584,0.804702,0.782425,0.806439,0.838520,0.806618,0.819274,0.825382,0.781078,0.822713,0.800782,0.837655,0.800563,0.802257,0.836628,0.823187,0.807007,0.837276,0.845824,0.840950,0.822735,0.800862,0.811006,0.803147,0.843668,0.818515,0.848511,0.802792,0.807742,0.832461,0.777166,0.834732,0.814206,0.795309,0.836575,0.833098,0.788813,0.833008,0.822288,0.818008,0.845526,0.817926,0.801198,0.838327,0.813990,0.856541,0.818495,0.825908,0.814260,0.862973,0.787437,0.801155,0.811236,0.828073,0.836724,0.841056,0.832226,0.808465,0.815135,0.811460,0.858134,0.801962,0.832357,0.807238,0.822140,0.806392,0.807315,0.792046,0.817238,0.814676,0.787622,0.789291,0.829459,0.819248,0.817499,0.780480,0.845794,0.814130,0.801038,0.782815,0.852115,0.828359,0.815515,#
19,0.837767,0.844803,0.837678,0.821934,0.851612,0.861246,0.808331,0.838510,0.845100,0.815321,0.804991,0.828796,0.806577,0.814198,0.805040,0.813772,0.832602,0.857525,0.829428,1.000000,0.838135,0.802233,0.814664,0.831412,0.810848,0.800462,0.839190,0.808214,0.804283,0.833049,0.844903,0.860505,0.827734,0.817373,0.779845,0.846519,0.809997,0.809929,0.842419,0.836342,0.841361,0.806355,0.822503,0.802665,0.817440,0.828767,0.863031,0.828799,0.844823,0.807260,0.793001,0.803995,0.823912,0.828075,0.835165,0.820483,0.839696,0.830326,0.818353,0.795358,0.823888,0.814931,0.837593,0.815194,0.840802,0.834430,0.824914,0.822239,0.826085,0.804854,0.837125,0.805641,0.854840,0.812706,0.831646,0.801859,0.814738,0.829053,0.836723,0.817590,0.846320,0.801071,0.856791,0.831090,0.811363,0.814425,0.817801,0.845792,0.837701,0.784617,0.797808,0.800850,0.821940,0.813706,0.817060,0.800942,0.824752,0.827117,0.828429,0.842007,0.843112,0.811311,0.815534,0.823733,0.818189,0.820351,0.838326,0.821613,0.825332,0.779334,0.820013,0.798282,0.833296,0.822295,0.809979,0.830158,0.828290,0.829200,0.805818,0.752832,0.814146,0.837974,0.808187,0.860290,0.837147,0.816693,0.835333,0.821981,0.845053,0.849611,0.820401,0.848611,0.832821,0.829958,0.847870,0.844263,0.834375,0.817021,0.809752,0.810830,0.803342,0.834687,0.810542,0.810842,0.824171,0.780246,0.800923,0.761437,0.843383,0.820040,0.802364,0.847345,0.804279,0.801376,0.848055,0.811490,0.849846,0.839378,0.841432,0.828469,0.823990,0.825359,0.831481,0.814006,0.831062,0.812527,0.796336,0.822369,0.816473,0.797231,0.819855,0.842801,0.835266,0.833767,0.851196,0.807902,0.833549,0.868673,0.817542,0.793843,0.785354,0.844466,0.827809,0.844512,0.826562,0.804244,0.790639,0.808030,0.816821,0.827570,0.821448,0.826143,0.798313,0.850724,0.814079,0.834211,0.785776,0.812496,0.819043,0.805339,#
20,0.841393,0.841721,0.824668,0.831868,0.851689,0.832792,0.856287,0.849706,0.843676,0.848773,0.814257,0.832567,0.828527,0.836512,0.825399,0.817093,0.878681,0.856447,0.827071,0.838135,1.000000,0.827534,0.816368,0.846039,0.828268,0.841507,0.850638,0.831792,0.820517,0.843227,0.842729,0.856507,0.835773,0.862636,0.826049,0.858523,0.833633,0.829199,0.859720,0.857773,0.841363,0.847142,0.828070,0.844515,0.856594,0.815860,0.860145,0.828510,0.833609,0.828183,0.833804,0.842216,0.841993,0.844060,0.852890,0.850908,0.823965,0.856572,0.838300,0.819077,0.849655,0.823047,0.857138,0.811724,0.867294,0.848925,0.863639,0.824100,0.840210,0.830265,0.846936,0.827111,0.846415,0.828833,0.844690,0.796761,0.828703,0.842920,0.855528,0.857476,0.855656,0.862616,0.855445,0.861690,0.821387,0.835376,0.838674,0.827553,0.834218,0.850268,0.824000,0.819869,0.843186,0.849023,0.848758,0.820386,0.819428,0.823831,0.844449,0.835889,0.863969,0.828081,0.834585,0.848126,0.840402,0.817841,0.862151,0.852757,0.825861,0.853310,0.835985,0.837320,0.823489,0.797491,0.836968,0.837991,0.833145,0.860570,0.788366,0.793561,0.844994,0.846493,0.820895,0.879430,0.821252,0.833788,0.815538,0.811249,0.835353,0.849682,0.852622,0.833925,0.861537,0.845546,0.854837,0.847841,0.825736,0.834805,0.842825,0.845309,0.822755,0.838218,0.836381,0.835682,0.829489,0.805550,0.845903,0.806518,0.829207,0.849432,0.836245,0.859293,0.826656,0.817280,0.858242,0.813870,0.834046,0.841895,0.852216,0.827170,0.828983,0.836240,0.845922,0.839441,0.867653,0.798132,0.814127,0.808390,0.818026,0.814574,0.853688,0.835487,0.849580,0.837668,0.833220,0.828961,0.821442,0.869112,0.836862,0.830926,0.836177,0.821394,0.823693,0.814093,0.804915,0.839161,0.820925,0.839782,0.811944,0.829306,0.800455,0.822996,0.831339,0.852584,0.827486,0.799451,0.815020,0.852405,0.845985,0.833711,#
21,0.804528,0.858654,0.803511,0.839095,0.823942,0.793822,0.799678,0.818301,0.846851,0.802846,0.781196,0.806619,0.784946,0.811586,0.802684,0.813987,0.804841,0.816409,0.822642,0.802233,0.827534,1.000000,0.808966,0.824404,0.775240,0.794638,0.830899,0.792689,0.814222,0.788033,0.802512,0.801542,0.824515,0.834024,0.802891,0.846169,0.818615,0.819506,0.824977,0.813532,0.795480,0.815664,0.804701,0.817443,0.816507,0.800368,0.824045,0.818508,0.821316,0.796888,0.803995,0.817400,0.816052,0.793548,0.827614,0.825371,0.811873,0.819280,0.829819,0.780123,0.806591,0.812419,0.773659,0.783390,0.841650,0.813560,0.825000,0.816261,0.802894,0.823192,0.814782,0.808762,0.842308,0.823550,0.852226,0.806837,0.813167,0.812756,0.822308,0.825273,0.816640,0.797926,0.847661,0.833760,0.839279,0.818219,0.788549,0.821077,0.813270,0.808084,0.761478,0.765575,0.829256,0.809621,0.816002,0.797911,0.812116,0.794924,0.804733,0.833176,0.815300,0.817222,0.788445,0.811651,0.786275,0.835625,0.790999,0.817682,0.798138,0.824899,0.835520,0.779535,0.814570,0.824663,0.766142,0.789903,0.810075,0.834684,0.780895,0.789214,0.808672,0.819732,0.793583,0.821743,0.804116,0.766541,0.811067,0.814204,0.800586,0.827192,0.828052,0.833601,0.818892,0.798862,0.840179,0.805166,0.789499,0.771608,0.804933,0.817192,0.804739,0.831580,0.789819,0.818389,0.790066,0.799654,0.804501,0.768299,0.808030,0.803393,0.808994,0.840929,0.788972,0.805570,0.817781,0.817470,0.809819,0.809446,0.800931,0.807355,0.813418,0.827143,0.831838,0.829023,0.838598,0.790891,0.829755,0.780613,0.766112,0.795331,0.827269,0.804956,0.814766,0.798092,0.809072,0.806190,0.756272,0.828220,0.809861,0.793385,0.795264,0.837728,0.791561,0.801354,0.800527,0.825402,0.800700,0.758111,0.765151,0.824297,0.808199,0.790175,0.802231,0.803807,0.804887,0.770412,0.811369,0.817943,0.784084,0.817837,#
