0,1.000000,0.825036,0.829229,0.806935,0.776315,0.833878,0.827475,0.830655,0.820669,0.785598,0.818594,0.827579,0.819044,0.792617,0.819880,0.791086,0.831072,0.836695,0.811920,0.815761,0.816317,0.796131,0.819839,0.819800,0.776811,0.790581,0.819306,0.819620,0.788695,0.832651,0.808155,0.817331,0.793818,0.789975,0.831314,0.808823,0.795382,0.810208,0.829378,0.847241,0.822524,0.788403,0.820874,0.805930,0.817178,0.782808,0.841735,0.824591,0.814548,0.839310,0.825118,0.803587,0.840751,0.829287,0.811717,0.842552,0.813452,0.842317,0.813483,0.801246,0.840916,0.794000,0.823044,0.808939,0.829968,0.826711,0.837714,0.830496,0.805407,0.789779,0.822867,0.825653,0.851345,0.827184,0.823953,0.815442,0.820866,0.811698,0.816419,0.816803,0.857988,0.831662,0.831538,0.828333,0.816250,0.852517,0.815137,0.797168,0.780396,0.820727,0.789978,0.797118,0.806223,0.810628,0.806850,0.805003,0.786265,0.795998,0.819360,0.828098,0.824216,0.808311,0.791240,0.813833,0.813880,0.795394,0.778075,0.833546,0.824290,0.780413,0.828390,0.809962,0.816862,0.787392,0.805570,0.845236,0.797424,0.806664,0.804147,0.801567,0.787259,0.867976,0.817073,0.851994,0.799591,0.802231,0.799430,0.806739,0.789732,0.801495,0.795400,0.825949,0.818009,0.790714,0.825396,0.813593,0.810059,0.833114,0.802916,0.801908,0.778455,0.807038,0.782466,0.844238,0.824270,0.754134,0.811507,0.780348,0.820066,0.812889,0.808986,0.813316,0.812831,0.794695,0.808704,0.787659,0.809429,0.819799,0.845319,0.824737,0.831047,0.836985,0.814439,0.813286,0.827555,0.813526,0.835330,0.799040,0.805680,0.805202,0.816981,0.799391,0.822230,0.837981,0.857886,0.780996,0.804314,0.846871,0.813168,0.811206,0.806129,0.824855,0.782979,0.805337,0.803561,0.789129,0.819545,0.811800,0.791513,0.815481,0.791993,0.816121,0.787681,0.822301,0.792967,0.796573,0.775200,0.821200,0.820718,0.810017,#
1,0.825036,1.000000,0.813876,0.842741,0.806672,0.855096,0.796554,0.825664,0.842537,0.812831,0.822404,0.824135,0.832940,0.825061,0.828549,0.795988,0.822504,0.816455,0.822916,0.833925,0.841459,0.866795,0.851413,0.835252,0.808945,0.800615,0.846489,0.839119,0.813020,0.800253,0.848475,0.846607,0.824201,0.838693,0.806621,0.840708,0.798509,0.849737,0.847022,0.843768,0.824223,0.792938,0.797862,0.810422,0.802758,0.821098,0.846865,0.829502,0.851299,0.839662,0.814900,0.844760,0.832427,0.808726,0.837752,0.830618,0.822117,0.842754,0.836451,0.801071,0.809575,0.823371,0.774588,0.780931,0.830376,0.834605,0.857185,0.837596,0.840741,0.849604,0.829981,0.838045,0.885527,0.795306,0.835263,0.837731,0.824433,0.828966,0.832564,0.812262,0.851920,0.822841,0.866691,0.853413,0.842589,0.831906,0.812883,0.814489,0.835903,0.834462,0.817576,0.802056,0.830169,0.829963,0.803945,0.801547,0.804945,0.819885,0.815532,0.829523,0.840930,0.832485,0.801245,0.825542,0.815064,0.817313,0.796669,0.854612,0.817349,0.795779,0.824870,0.819390,0.812298,0.806997,0.800772,0.816311,0.838991,0.848216,0.798089,0.767233,0.853972,0.838465,0.798145,0.839879,0.794529,0.787562,0.825817,0.827331,0.831777,0.836089,0.798004,0.846935,0.807005,0.820191,0.832330,0.816495,0.807787,0.825083,0.838633,0.786637,0.837532,0.814031,0.817808,0.835303,0.814424,0.816439,0.814467,0.793858,0.828667,0.807474,0.829747,0.848850,0.826860,0.801951,0.851511,0.791751,0.842751,0.824796,0.804816,0.811454,0.822188,0.850150,0.824561,0.846427,0.828881,0.793863,0.824571,0.827689,0.778624,0.801939,0.827318,0.799805,0.819551,0.845827,0.840076,0.806197,0.815579,0.869155,0.791911,0.804015,0.826046,0.802918,0.804580,0.812981,0.778908,0.846441,0.833906,0.771606,0.819683,0.824118,0.833677,0.815729,0.801587,0.821056,0.844007,0.775086,0.806859,0.840329,0.816027,0.824276,#
2,0.829229,0.813876,1.000000,0.803481,0.777810,0.827156,0.815611,0.829438,0.820315,0.794187,0.801191,0.781016,0.780667,0.809498,0.803089,0.781047,0.795989,0.825873,0.800259,0.825032,0.801966,0.799228,0.775046,0.823936,0.783556,0.769780,0.838567,0.831816,0.822442,0.814074,0.817075,0.811351,0.823459,0.799367,0.810736,0.800812,0.792001,0.807013,0.841553,0.830962,0.817119,0.808348,0.791794,0.790099,0.779899,0.800232,0.847524,0.787206,0.808695,0.854477,0.800985,0.801712,0.806721,0.831180,0.844993,0.825536,0.823913,0.807259,0.798595,0.796102,0.835750,0.822303,0.793179,0.816642,0.808430,0.817940,0.843380,0.798097,0.818332,0.822448,0.833077,0.798614,0.840344,0.822628,0.827744,0.814678,0.820000,0.826958,0.815340,0.846381,0.830724,0.837271,0.854812,0.840398,0.834616,0.829713,0.809039,0.842469,0.790175,0.800266,0.831868,0.795147,0.828015,0.799509,0.821506,0.793068,0.788115,0.791434,0.844416,0.817829,0.826286,0.779646,0.775531,0.801202,0.777674,0.835733,0.813505,0.797927,0.824672,0.772344,0.816328,0.777779,0.834314,0.771712,0.795844,0.779662,0.783449,0.817171,0.804417,0.763024,0.803889,0.811819,0.771120,0.834274,0.788632,0.776137,0.804467,0.806199,0.807384,0.822078,0.817965,0.843765,0.834535,0.832317,0.822640,0.807657,0.799341,0.815885,0.826227,0.789094,0.802860,0.814654,0.767969,0.790610,0.796737,0.822630,0.801320,0.785134,0.806329,0.801793,0.816294,0.819303,0.803784,0.815301,0.791171,0.808132,0.804035,0.780763,0.788601,0.788645,0.794687,0.777138,0.809632,0.810617,0.778549,0.821202,0.835880,0.789519,0.773484,0.784589,0.809602,0.793617,0.809103,0.794597,0.835855,0.809028,0.798120,0.836210,0.807265,0.782903,0.792042,0.840580,0.778091,0.845422,0.766371,0.803327,0.820899,0.786420,0.802319,0.793761,0.793371,0.808452,0.826897,0.820611,0.797375,0.807300,0.785909,0.818128,0.788422,0.818131,#
3,0.806935,0.842741,0.803481,1.000000,0.814511,0.815634,0.786995,0.811226,0.819141,0.809138,0.795454,0.805366,0.817222,0.788911,0.783415,0.787638,0.800802,0.793471,0.801305,0.796973,0.809496,0.829874,0.795694,0.782793,0.813708,0.812224,0.825220,0.828166,0.796076,0.793813,0.803108,0.834319,0.805824,0.824426,0.810591,0.804270,0.771029,0.811341,0.778163,0.843154,0.816289,0.798978,0.791612,0.795895,0.795329,0.823212,0.834238,0.815165,0.835106,0.806327,0.809876,0.775047,0.821417,0.783795,0.817738,0.823444,0.772711,0.819913,0.855872,0.797062,0.800509,0.799468,0.768371,0.793122,0.841524,0.829891,0.804733,0.801786,0.781646,0.809245,0.791799,0.824164,0.858933,0.801793,0.802617,0.795947,0.793818,0.810657,0.804033,0.822385,0.830794,0.800822,0.827678,0.817709,0.823785,0.816044,0.803428,0.798787,0.786208,0.808131,0.787186,0.806114,0.817943,0.812420,0.795383,0.810220,0.767294,0.786701,0.791433,0.808473,0.804933,0.794145,0.759336,0.787338,0.815427,0.795453,0.794586,0.828057,0.808681,0.784170,0.785473,0.800041,0.795853,0.791560,0.788402,0.817616,0.792006,0.793509,0.792827,0.755526,0.776603,0.825673,0.769178,0.820183,0.768083,0.779493,0.807136,0.814590,0.802435,0.804449,0.795550,0.826205,0.790085,0.826182,0.826495,0.801083,0.833395,0.791072,0.793441,0.783581,0.792016,0.805416,0.788777,0.789111,0.770841,0.824673,0.782087,0.788156,0.808906,0.773556,0.781403,0.808819,0.793069,0.794539,0.811486,0.757326,0.829398,0.803197,0.793559,0.813242,0.833098,0.824351,0.787653,0.838553,0.799872,0.797455,0.814685,0.777236,0.786465,0.779562,0.813579,0.800098,0.787528,0.812988,0.793781,0.803722,0.789989,0.821494,0.809638,0.787217,0.774175,0.829031,0.777140,0.805032,0.768180,0.816211,0.795418,0.738517,0.826369,0.837002,0.801703,0.789404,0.791022,0.781310,0.807309,0.805773,0.781843,0.811121,0.787223,0.820140,#
4,0.776315,0.806672,0.777810,0.814511,1.000000,0.820600,0.803550,0.783098,0.782243,0.785940,0.777867,0.799115,0.780525,0.783972,0.758911,0.780668,0.785592,0.802624,0.775832,0.814284,0.814514,0.808587,0.779730,0.802606,0.771246,0.755586,0.795977,0.783434,0.797314,0.790996,0.824747,0.792111,0.812050,0.765817,0.782892,0.794258,0.748201,0.777812,0.773019,0.822029,0.798209,0.752322,0.780300,0.808069,0.779453,0.768409,0.823358,0.794113,0.804993,0.795254,0.799174,0.780297,0.801180,0.746638,0.812724,0.806063,0.760912,0.801508,0.821046,0.788322,0.761701,0.795851,0.784739,0.762921,0.814128,0.840244,0.814703,0.768945,0.779249,0.797496,0.792613,0.809027,0.813682,0.782531,0.782162,0.790352,0.777406,0.812802,0.803028,0.813170,0.779968,0.804549,0.826747,0.766707,0.810462,0.771463,0.772952,0.757777,0.789336,0.803845,0.769403,0.756092,0.773387,0.790171,0.764989,0.783728,0.784155,0.761770,0.764317,0.780115,0.813690,0.812793,0.768300,0.782370,0.777500,0.764039,0.798225,0.793381,0.805712,0.796621,0.775296,0.784047,0.807252,0.823023,0.767367,0.783423,0.765798,0.843271,0.749396,0.750331,0.782244,0.797561,0.806816,0.801734,0.756329,0.785346,0.766121,0.781904,0.832459,0.805321,0.821888,0.813107,0.777537,0.791797,0.827256,0.797278,0.794573,0.808093,0.781986,0.752767,0.751928,0.817989,0.782109,0.796394,0.758651,0.763762,0.806654,0.750285,0.775148,0.807736,0.769867,0.837255,0.756047,0.748097,0.820030,0.768201,0.823269,0.785870,0.800234,0.771886,0.757728,0.799268,0.823696,0.797927,0.790977,0.768376,0.782789,0.760861,0.752623,0.776682,0.787213,0.781402,0.791379,0.768736,0.820483,0.789344,0.793450,0.821207,0.779195,0.782526,0.799198,0.786125,0.787471,0.781896,0.821562,0.806584,0.787265,0.797824,0.766415,0.768733,0.777248,0.757124,0.776326,0.788913,0.777359,0.736560,0.760843,0.773122,0.796605,0.787958,#
5,0.833878,0.855096,0.827156,0.815634,0.820600,1.000000,0.791500,0.823718,0.819349,0.786711,0.803005,0.811188,0.784191,0.772245,0.806232,0.796259,0.800503,0.815522,0.807550,0.843128,0.814428,0.800418,0.781842,0.812996,0.808995,0.815376,0.838687,0.834441,0.786219,0.821237,0.839585,0.844003,0.814773,0.834422,0.805890,0.826491,0.795068,0.794160,0.814597,0.829985,0.823897,0.778476,0.768665,0.792359,0.813363,0.817876,0.840472,0.837096,0.822991,0.816331,0.813396,0.779656,0.807617,0.825782,0.819478,0.864491,0.810069,0.826461,0.843929,0.824195,0.797338,0.796179,0.811040,0.827504,0.816710,0.812511,0.821324,0.807527,0.804608,0.827814,0.847505,0.820343,0.860752,0.818563,0.814169,0.801036,0.812597,0.844116,0.812949,0.813615,0.844628,0.823813,0.845811,0.822838,0.817804,0.815318,0.795633,0.816517,0.813965,0.813832,0.801949,0.768991,0.804710,0.824584,0.785907,0.740723,0.810378,0.798292,0.831994,0.778845,0.853103,0.821701,0.840888,0.817654,0.806005,0.813270,0.817225,0.818659,0.787486,0.809279,0.793551,0.821586,0.813881,0.776482,0.756564,0.781778,0.829502,0.836907,0.786650,0.778747,0.805697,0.829142,0.803099,0.861488,0.773147,0.798752,0.828817,0.812870,0.834197,0.798728,0.811490,0.856055,0.837951,0.840093,0.831442,0.796142,0.790092,0.826525,0.785815,0.778716,0.795963,0.779895,0.809757,0.825181,0.840958,0.766272,0.794783,0.790035,0.800122,0.821741,0.839545,0.825513,0.810250,0.802413,0.821037,0.763823,0.846626,0.812161,0.810115,0.822711,0.813091,0.837112,0.809500,0.817439,0.830535,0.789900,0.779821,0.813290,0.788756,0.772219,0.837407,0.797073,0.802208,0.800273,0.827224,0.804645,0.796121,0.845123,0.814762,0.829146,0.822857,0.798414,0.768779,0.803455,0.804092,0.825745,0.813120,0.787629,0.812473,0.830105,0.779406,0.835968,0.783804,0.833910,0.794197,0.796289,0.779676,0.826358,0.812687,0.813767,#
6,0.827475,0.796554,0.815611,0.786995,0.803550,0.791500,1.000000,0.791382,0.816096,0.795322,0.815178,0.805282,0.795212,0.816254,0.759485,0.812516,0.827944,0.837159,0.807954,0.793764,0.826952,0.787877,0.758431,0.796789,0.802334,0.793736,0.804106,0.811511,0.794585,0.808873,0.818804,0.838007,0.819503,0.814349,0.817372,0.816540,0.785230,0.799035,0.795387,0.824580,0.818018,0.798679,0.814374,0.802995,0.811093,0.760720,0.832542,0.797203,0.844070,0.836680,0.810920,0.815777,0.821475,0.745875,0.817843,0.821510,0.816656,0.838791,0.838135,0.777626,0.804150,0.819581,0.781134,0.786103,0.850217,0.818648,0.866016,0.808002,0.814947,0.790109,0.816161,0.839960,0.824851,0.815426,0.792298,0.818033,0.827649,0.838623,0.830835,0.806467,0.820680,0.815583,0.817015,0.854774,0.807834,0.812641,0.808578,0.799375,0.808817,0.811155,0.772633,0.786615,0.768597,0.810638,0.782305,0.794247,0.808333,0.805109,0.808024,0.799499,0.827030,0.813339,0.806288,0.801577,0.808071,0.764492,0.803556,0.795925,0.822760,0.765417,0.763982,0.776797,0.782633,0.803992,0.788135,0.794121,0.783689,0.819812,0.773241,0.792436,0.801656,0.808336,0.769271,0.835632,0.809636,0.793266,0.773961,0.816394,0.791289,0.806259,0.812818,0.824771,0.814237,0.775510,0.819021,0.821719,0.818779,0.805645,0.840511,0.800467,0.813342,0.805358,0.764882,0.809851,0.792005,0.807200,0.806612,0.795887,0.784332,0.784389,0.796540,0.834960,0.767667,0.785627,0.780134,0.774254,0.806235,0.754992,0.800202,0.806132,0.812523,0.805426,0.795680,0.813437,0.807682,0.816162,0.831641,0.765448,0.788840,0.784634,0.806174,0.811646,0.756537,0.777646,0.818621,0.815061,0.814812,0.833172,0.799729,0.791279,0.822388,0.796748,0.812314,0.826308,0.765960,0.788333,0.805461,0.782507,0.770535,0.795698,0.767516,0.803252,0.764345,0.796998,0.815746,0.803561,0.794843,0.812187,0.808768,0.804995,#
7,0.830655,0.825664,0.829438,0.811226,0.783098,0.823718,0.791382,1.000000,0.829445,0.786390,0.791400,0.791782,0.809572,0.809344,0.817639,0.775309,0.812847,0.830329,0.830185,0.810092,0.818853,0.798880,0.825342,0.794648,0.802772,0.818284,0.812484,0.819072,0.801562,0.840525,0.789635,0.826588,0.788007,0.801393,0.809910,0.805167,0.783509,0.806785,0.830348,0.812074,0.829462,0.798473,0.786503,0.795499,0.797121,0.808142,0.832061,0.828095,0.829587,0.802591,0.808843,0.793798,0.813463,0.821032,0.832687,0.813562,0.806040,0.818524,0.825912,0.826667,0.781529,0.806111,0.807725,0.786581,0.832500,0.832536,0.854316,0.803839,0.809025,0.792452,0.829236,0.767142,0.853244,0.821180,0.819161,0.803542,0.809638,0.809507,0.795324,0.800292,0.846390,0.813735,0.852653,0.819360,0.818038,0.818147,0.825843,0.810568,0.793030,0.812840,0.808066,0.802949,0.819217,0.796063,0.828316,0.796918,0.813605,0.837271,0.827674,0.820405,0.831838,0.784607,0.772528,0.781788,0.807508,0.790554,0.794582,0.826364,0.815962,0.761303,0.842753,0.808607,0.837392,0.795980,0.795079,0.800162,0.795518,0.802194,0.783161,0.805124,0.815469,0.812737,0.791019,0.836318,0.814513,0.797185,0.791287,0.827364,0.789023,0.803838,0.798907,0.824685,0.824886,0.774210,0.819391,0.833580,0.817716,0.829222,0.783856,0.792466,0.790917,0.811019,0.826194,0.813674,0.819246,0.803182,0.815548,0.747966,0.799542,0.789209,0.782394,0.824692,0.805619,0.763322,0.803195,0.810052,0.816671,0.810083,0.804365,0.799608,0.823301,0.788849,0.858008,0.796866,0.818715,0.799823,0.823092,0.787872,0.754914,0.763146,0.835762,0.800498,0.788145,0.814221,0.820027,0.786471,0.797490,0.811796,0.800166,0.790984,0.804035,0.796479,0.789352,0.820795,0.792923,0.813645,0.826885,0.778046,0.815471,0.830752,0.808678,0.820162,0.772794,0.805860,0.811641,0.792122,0.795839,0.836956,0.811023,0.804885,#
8,0.820669,0.842537,0.820315,0.819141,0.782243,0.819349,0.816096,0.829445,1.000000,0.821325,0.809268,0.825305,0.818124,0.819308,0.807586,0.814196,0.806309,0.827245,0.775131,0.819528,0.820560,0.812007,0.792817,0.801646,0.804895,0.814631,0.823719,0.813358,0.816090,0.804816,0.819351,0.830849,0.803731,0.794834,0.797137,0.839828,0.803058,0.809567,0.791946,0.823034,0.819537,0.778872,0.850973,0.804073,0.793245,0.779863,0.819023,0.798699,0.828779,0.817501,0.822640,0.805266,0.810639,0.817122,0.811913,0.829536,0.801120,0.831231,0.803540,0.782462,0.806308,0.814290,0.826819,0.812304,0.835304,0.851634,0.840935,0.842584,0.846480,0.810514,0.817248,0.833669,0.858008,0.817049,0.817277,0.796712,0.816458,0.834548,0.819082,0.820895,0.827767,0.823383,0.827806,0.832474,0.832001,0.813289,0.801981,0.823443,0.777643,0.796362,0.801045,0.795956,0.801641,0.801540,0.788614,0.791045,0.806609,0.831578,0.855442,0.825623,0.822474,0.768972,0.814780,0.842444,0.775172,0.808266,0.815668,0.829988,0.798112,0.816034,0.803130,0.813643,0.826342,0.795865,0.771462,0.821228,0.804195,0.803826,0.774304,0.810167,0.790852,0.800954,0.796945,0.848487,0.801450,0.825263,0.777732,0.801116,0.824763,0.819763,0.780243,0.834307,0.823778,0.797479,0.826303,0.825441,0.826037,0.812859,0.802930,0.807435,0.794370,0.818136,0.818951,0.784454,0.807874,0.782992,0.802398,0.790359,0.813960,0.812492,0.788948,0.847280,0.771531,0.839775,0.815807,0.768582,0.825189,0.827220,0.837676,0.808007,0.822129,0.788294,0.825033,0.800046,0.794250,0.793784,0.815888,0.817757,0.809291,0.769762,0.818154,0.828248,0.767524,0.810653,0.846905,0.810261,0.814790,0.844125,0.804594,0.775754,0.811059,0.811709,0.799021,0.810060,0.794023,0.795511,0.844630,0.788313,0.806603,0.822320,0.830732,0.826892,0.815337,0.811367,0.787478,0.771893,0.766155,0.810089,0.793372,0.844420,#
9,0.785598,0.812831,0.794187,0.809138,0.785940,0.786711,0.795322,0.786390,0.821325,1.000000,0.789414,0.772957,0.793858,0.805156,0.810598,0.782589,0.805982,0.809036,0.794476,0.787562,0.838044,0.794284,0.768640,0.805458,0.778208,0.767274,0.803350,0.847427,0.765981,0.803922,0.768994,0.820666,0.805834,0.795116,0.779924,0.808426,0.777426,0.784634,0.801156,0.818614,0.811947,0.788826,0.768004,0.780172,0.806744,0.762339,0.811975,0.785058,0.798521,0.800428,0.780333,0.765052,0.771449,0.781948,0.789294,0.806785,0.800567,0.848739,0.779239,0.794617,0.803190,0.779940,0.792197,0.767486,0.783987,0.843636,0.837472,0.805054,0.830535,0.795314,0.804464,0.785657,0.817264,0.793630,0.792555,0.785791,0.793533,0.838149,0.801104,0.834724,0.802974,0.807058,0.809113,0.842074,0.812552,0.792201,0.792460,0.823968,0.781709,0.789671,0.794241,0.775447,0.818717,0.779093,0.799608,0.753880,0.761814,0.786010,0.810523,0.814891,0.820968,0.811011,0.803890,0.793538,0.801934,0.806389,0.784631,0.808467,0.831827,0.807810,0.805436,0.812403,0.827604,0.780571,0.772823,0.812757,0.746170,0.786834,0.748997,0.766121,0.777731,0.808092,0.789163,0.823609,0.791365,0.771579,0.800768,0.783780,0.829934,0.775215,0.783378,0.823585,0.797661,0.814189,0.811652,0.768393,0.794816,0.797522,0.786144,0.791431,0.810519,0.852083,0.810416,0.820067,0.793942,0.821910,0.798216,0.790192,0.799198,0.792674,0.755602,0.797463,0.783595,0.796529,0.794825,0.783031,0.782606,0.799572,0.802615,0.815184,0.801779,0.815801,0.810756,0.807569,0.801002,0.806914,0.772665,0.797917,0.796343,0.764808,0.809042,0.796316,0.769400,0.763877,0.817737,0.812324,0.793622,0.838178,0.785479,0.811247,0.810560,0.790828,0.790845,0.787895,0.781383,0.815500,0.795039,0.763505,0.816777,0.776147,0.792228,0.803897,0.769147,0.773916,0.764363,0.759255,0.781759,0.796840,0.776402,0.789436,#
10,0.818594,0.822404,0.801191,0.795454,0.777867,0.803005,0.815178,0.791400,0.809268,0.789414,1.000000,0.812653,0.783014,0.790187,0.766214,0.796452,0.813822,0.791781,0.811838,0.800649,0.805782,0.785330,0.780976,0.827535,0.765988,0.778939,0.801684,0.838192,0.797155,0.817277,0.807085,0.798772,0.796431,0.809615,0.810154,0.807203,0.798434,0.810616,0.791598,0.802978,0.823284,0.759732,0.781283,0.767241,0.793668,0.806720,0.858773,0.804458,0.822036,0.849841,0.773907,0.808861,0.804474,0.762074,0.805145,0.837906,0.814987,0.840776,0.777983,0.797329,0.806049,0.813662,0.832405,0.817934,0.824657,0.782604,0.836102,0.781886,0.820034,0.791608,0.844135,0.826665,0.845146,0.767142,0.791064,0.834933,0.794348,0.834085,0.821630,0.786979,0.844199,0.794545,0.821746,0.813702,0.806770,0.803595,0.818836,0.798919,0.786935,0.832809,0.774675,0.804282,0.826125,0.781856,0.770136,0.792557,0.778261,0.822007,0.819221,0.827951,0.808617,0.782336,0.794676,0.817934,0.808392,0.788615,0.802798,0.791116,0.794422,0.787458,0.787933,0.781938,0.822558,0.792203,0.771811,0.807242,0.764901,0.799735,0.788055,0.766908,0.790098,0.818202,0.756797,0.818595,0.745633,0.791732,0.811524,0.810740,0.815152,0.787652,0.777551,0.824707,0.796986,0.792893,0.836783,0.847117,0.794162,0.779248,0.813395,0.806521,0.821789,0.797731,0.780021,0.814816,0.768432,0.787416,0.808070,0.786661,0.797108,0.799383,0.786424,0.795154,0.792096,0.797451,0.812976,0.771926,0.821177,0.823730,0.801922,0.776218,0.823645,0.786059,0.789772,0.811785,0.792463,0.794621,0.813198,0.796315,0.801946,0.789160,0.779438,0.824765,0.755694,0.787549,0.836556,0.803468,0.785332,0.823720,0.775250,0.817740,0.783541,0.775455,0.798201,0.788172,0.741333,0.798395,0.811362,0.783959,0.761901,0.819750,0.789407,0.781324,0.771909,0.816975,0.801232,0.786003,0.775214,0.811734,0.805352,0.821707,#
11,0.827579,0.824135,0.781016,0.805366,0.799115,0.811188,0.805282,0.791782,0.825305,0.772957,0.812653,1.000000,0.821262,0.795916,0.793688,0.795036,0.810525,0.841131,0.839904,0.807099,0.796345,0.783274,0.810940,0.796019,0.799888,0.789884,0.786423,0.811772,0.817483,0.772613,0.829132,0.825283,0.823447,0.796335,0.774716,0.796733,0.809080,0.816877,0.774547,0.821470,0.833606,0.773726,0.800375,0.776358,0.791097,0.764907,0.848391,0.830190,0.809571,0.826752,0.776211,0.777109,0.833026,0.774799,0.826380,0.814126,0.773423,0.852879,0.807511,0.809922,0.763486,0.788362,0.836961,0.787011,0.818301,0.816672,0.827725,0.808655,0.821624,0.799606,0.820674,0.791367,0.825171,0.812253,0.843437,0.796184,0.820097,0.846149,0.819711,0.779334,0.804441,0.789861,0.828757,0.815398,0.819919,0.792537,0.772369,0.780560,0.783248,0.781069,0.787550,0.797668,0.790592,0.781385,0.764818,0.819869,0.786980,0.809397,0.790987,0.795567,0.803604,0.800660,0.798221,0.813987,0.813141,0.794091,0.804939,0.823220,0.831158,0.790572,0.820719,0.820323,0.821475,0.777624,0.760465,0.805159,0.785143,0.808742,0.770123,0.813846,0.774286,0.806312,0.781772,0.840903,0.783734,0.790217,0.811473,0.815232,0.823984,0.814805,0.813889,0.819810,0.834470,0.804803,0.819453,0.813691,0.829471,0.810814,0.804938,0.804814,0.788765,0.782393,0.808373,0.823775,0.808871,0.772998,0.833082,0.788728,0.787500,0.798332,0.786423,0.801084,0.789130,0.833845,0.828256,0.777270,0.815238,0.789240,0.787761,0.789353,0.816864,0.807167,0.819391,0.802038,0.825054,0.777586,0.829057,0.775190,0.797773,0.805360,0.816222,0.811143,0.801445,0.845135,0.812465,0.811327,0.807299,0.819196,0.787138,0.816169,0.800447,0.768086,0.809698,0.800938,0.802088,0.769376,0.818543,0.812172,0.780319,0.775906,0.825296,0.810511,0.790858,0.794898,0.785950,0.789869,0.769406,0.810981,0.801036,0.794958,#
12,0.819044,0.832940,0.780667,0.817222,0.780525,0.784191,0.795212,0.809572,0.818124,0.793858,0.783014,0.821262,1.000000,0.799881,0.814649,0.768165,0.800195,0.811298,0.826526,0.796087,0.817472,0.771492,0.807847,0.802670,0.791773,0.808490,0.779471,0.806108,0.809142,0.793452,0.795670,0.796968,0.797056,0.820118,0.815763,0.807774,0.792984,0.807409,0.808684,0.817853,0.755823,0.746437,0.774722,0.793811,0.795777,0.785140,0.836102,0.794851,0.817397,0.818138,0.829794,0.766147,0.788191,0.777883,0.830740,0.811912,0.787699,0.810298,0.807871,0.780738,0.760629,0.780492,0.797791,0.762887,0.819257,0.830860,0.812053,0.789591,0.828197,0.805806,0.803677,0.802724,0.832456,0.796276,0.822972,0.802064,0.813934,0.813308,0.804099,0.804251,0.822181,0.803146,0.839585,0.814516,0.787154,0.804360,0.769902,0.799805,0.779089,0.786854,0.808919,0.775716,0.796619,0.772893,0.758620,0.809658,0.805990,0.786491,0.775635,0.753993,0.788542,0.807172,0.788236,0.804080,0.771479,0.783939,0.782354,0.795905,0.828666,0.793554,0.801440,0.781817,0.806681,0.769169,0.815777,0.804673,0.749744,0.788709,0.786706,0.775017,0.778661,0.818527,0.778712,0.825146,0.796047,0.823311,0.792085,0.771967,0.789122,0.803205,0.744948,0.786711,0.777199,0.780865,0.782566,0.799641,0.773280,0.822296,0.785427,0.750930,0.805949,0.805590,0.785128,0.815723,0.768708,0.786499,0.816921,0.765763,0.786499,0.815310,0.788258,0.792889,0.798358,0.756132,0.807514,0.800181,0.827816,0.816128,0.823028,0.777602,0.799161,0.818742,0.817532,0.792930,0.835395,0.764295,0.794008,0.803706,0.769418,0.773744,0.816774,0.771703,0.783686,0.805043,0.796193,0.773826,0.824110,0.845064,0.753285,0.763100,0.791410,0.807313,0.791622,0.787274,0.735062,0.787882,0.793983,0.804040,0.807877,0.798319,0.781542,0.790620,0.752884,0.790594,0.775478,0.790098,0.772046,0.811893,0.812454,0.779194,#
13,0.792617,0.825061,0.809498,0.788911,0.783972,0.772245,0.816254,0.809344,0.819308,0.805156,0.790187,0.795916,0.799881,1.000000,0.770714,0.780040,0.783791,0.830834,0.825536,0.790062,0.815795,0.785896,0.829364,0.804768,0.782465,0.803977,0.781039,0.817805,0.804443,0.831796,0.772020,0.804878,0.818871,0.817719,0.753706,0.792884,0.780066,0.820870,0.806782,0.818870,0.849306,0.781543,0.811920,0.763425,0.821672,0.801246,0.804148,0.814844,0.845206,0.825347,0.788933,0.821369,0.799761,0.777924,0.845417,0.831282,0.804486,0.829653,0.805803,0.802577,0.798011,0.808873,0.780057,0.791493,0.834864,0.825918,0.836661,0.802977,0.825665,0.799482,0.786480,0.807305,0.823078,0.829221,0.822776,0.786301,0.812169,0.818381,0.830091,0.806694,0.803163,0.811994,0.846251,0.826174,0.802767,0.815531,0.759414,0.786353,0.824445,0.797366,0.781426,0.800572,0.809399,0.793320,0.780926,0.765177,0.795792,0.784354,0.801001,0.827993,0.823037,0.798805,0.804203,0.823684,0.799387,0.817579,0.788262,0.828889,0.796031,0.781069,0.800725,0.804159,0.804588,0.794708,0.792507,0.814057,0.766721,0.812948,0.793609,0.769690,0.794757,0.807384,0.769331,0.801300,0.781471,0.775013,0.800401,0.791788,0.803399,0.789482,0.783862,0.792572,0.794672,0.790283,0.815415,0.806999,0.796799,0.813424,0.842757,0.784976,0.803704,0.823861,0.811540,0.780884,0.757392,0.785749,0.818103,0.778246,0.807143,0.789665,0.796057,0.828951,0.777684,0.811287,0.789930,0.791193,0.816417,0.774951,0.820034,0.783532,0.824252,0.798160,0.822432,0.806667,0.802824,0.795956,0.818382,0.801679,0.795905,0.775908,0.806376,0.813175,0.798046,0.819790,0.843697,0.823393,0.813978,0.843725,0.800860,0.784501,0.796188,0.797313,0.823589,0.787014,0.776009,0.800754,0.790994,0.784919,0.766095,0.795901,0.818162,0.806580,0.795273,0.815358,0.806207,0.775214,0.778473,0.833571,0.798456,0.786548,#
14,0.819880,0.828549,0.803089,0.783415,0.758911,0.806232,0.759485,0.817639,0.807586,0.810598,0.766214,0.793688,0.814649,0.770714,1.000000,0.774471,0.799976,0.788467,0.763236,0.782858,0.793557,0.773036,0.781609,0.813590,0.770082,0.742642,0.800918,0.796582,0.782089,0.801074,0.823055,0.780254,0.785457,0.756904,0.796056,0.796091,0.742395,0.804382,0.814792,0.783763,0.796744,0.756878,0.779603,0.788535,0.771927,0.775264,0.806430,0.768512,0.784943,0.784964,0.766953,0.783787,0.771253,0.804180,0.795597,0.794616,0.766812,0.787923,0.798456,0.753145,0.782022,0.798606,0.791059,0.785725,0.783512,0.800579,0.797588,0.783765,0.818380,0.793127,0.793527,0.770919,0.830547,0.787663,0.808433,0.792688,0.789761,0.809852,0.780168,0.781361,0.810620,0.792319,0.836152,0.815768,0.799612,0.797001,0.764737,0.781447,0.793431,0.761525,0.772061,0.740262,0.791477,0.818913,0.786056,0.773802,0.789281,0.777247,0.792157,0.771556,0.800151,0.781274,0.798345,0.760838,0.787958,0.790363,0.769441,0.771444,0.818502,0.773002,0.807829,0.800932,0.823297,0.753847,0.745375,0.790688,0.768495,0.769264,0.764383,0.772019,0.787726,0.787802,0.772903,0.818558,0.794026,0.730527,0.785951,0.811188,0.755014,0.789630,0.753482,0.814199,0.775114,0.774166,0.798784,0.774013,0.804996,0.803713,0.781990,0.772361,0.777387,0.806383,0.751900,0.806305,0.776389,0.793300,0.817604,0.741271,0.776059,0.754214,0.794490,0.790582,0.771192,0.780977,0.804691,0.771712,0.784832,0.789393,0.754787,0.775582,0.796228,0.758747,0.808847,0.771202,0.805671,0.764481,0.770661,0.779698,0.745669,0.773918,0.788058,0.756123,0.785559,0.802771,0.827514,0.787783,0.778145,0.808426,0.767220,0.774742,0.790959,0.797355,0.774820,0.769203,0.778421,0.787630,0.813879,0.751110,0.771023,0.764127,0.769773,0.782310,0.787496,0.794380,0.762098,0.754988,0.757295,0.790120,0.751821,0.745622,#
15,0.791086,0.795988,0.781047,0.787638,0.780668,0.796259,0.812516,0.775309,0.814196,0.782589,0.796452,0.795036,0.768165,0.780040,0.774471,1.000000,0.783395,0.817745,0.787757,0.778728,0.778387,0.790847,0.763314,0.796911,0.776974,0.772759,0.759183,0.783780,0.775530,0.778649,0.813631,0.817107,0.780371,0.814002,0.758142,0.810617,0.789338,0.813136,0.784159,0.772828,0.772523,0.744810,0.785290,0.769674,0.798673,0.773715,0.820975,0.789269,0.804129,0.808252,0.775400,0.791490,0.769807,0.764137,0.790268,0.787910,0.802217,0.792651,0.777885,0.780309,0.806284,0.809666,0.782133,0.787009,0.800882,0.798932,0.808765,0.793975,0.775496,0.761151,0.799104,0.772028,0.784979,0.780961,0.793771,0.789685,0.795297,0.803819,0.809517,0.780119,0.798184,0.802373,0.801683,0.829231,0.814307,0.787612,0.731545,0.784861,0.768261,0.743863,0.747730,0.765287,0.796522,0.794206,0.727793,0.771836,0.765163,0.786429,0.782955,0.791003,0.802628,0.769935,0.797666,0.792762,0.774218,0.772919,0.776893,0.805097,0.767418,0.803814,0.753727,0.742814,0.801859,0.771229,0.769100,0.769234,0.743894,0.784276,0.750207,0.802527,0.755598,0.785799,0.761015,0.816504,0.738595,0.762807,0.782919,0.769482,0.805838,0.821229,0.782845,0.779052,0.763273,0.737022,0.794306,0.803993,0.802763,0.768404,0.769631,0.780022,0.763717,0.766841,0.771330,0.777556,0.775198,0.773289,0.766162,0.767797,0.780267,0.766509,0.802183,0.808088,0.795334,0.812770,0.773278,0.768043,0.798934,0.754160,0.786034,0.786614,0.773389,0.798261,0.817681,0.775254,0.797002,0.768760,0.789920,0.774990,0.782536,0.755401,0.741715,0.805116,0.723207,0.806943,0.794738,0.818941,0.779110,0.792042,0.785326,0.780116,0.792336,0.792586,0.765274,0.790635,0.781632,0.750457,0.757927,0.734632,0.733907,0.778633,0.755001,0.805154,0.755838,0.771945,0.762495,0.757374,0.770168,0.794930,0.806068,0.803290,#
16,0.831072,0.822504,0.795989,0.800802,0.785592,0.800503,0.827944,0.812847,0.806309,0.805982,0.813822,0.810525,0.800195,0.783791,0.799976,0.783395,1.000000,0.827011,0.829272,0.813399,0.856369,0.784587,0.769247,0.805036,0.793515,0.814552,0.816326,0.790178,0.764117,0.793638,0.826065,0.826472,0.812994,0.789921,0.803366,0.812356,0.819587,0.818340,0.813429,0.826555,0.810786,0.787956,0.783566,0.779341,0.793782,0.800673,0.817209,0.794110,0.821489,0.836591,0.779595,0.795483,0.809674,0.809147,0.812881,0.832652,0.758823,0.818730,0.809988,0.780293,0.813386,0.825428,0.791390,0.775199,0.817825,0.808756,0.850399,0.806201,0.826951,0.818361,0.823263,0.804635,0.842255,0.796559,0.811678,0.791073,0.805558,0.824947,0.792352,0.835013,0.849890,0.824518,0.840820,0.824981,0.818274,0.802880,0.813456,0.760560,0.779468,0.815362,0.768448,0.795734,0.812600,0.789483,0.791371,0.816768,0.791325,0.800609,0.821590,0.805616,0.829156,0.801391,0.791025,0.810808,0.792701,0.822626,0.806683,0.800799,0.847241,0.792400,0.812765,0.808891,0.822333,0.796262,0.803714,0.834648,0.833166,0.816926,0.774553,0.741300,0.766788,0.802871,0.786850,0.827370,0.808720,0.785511,0.762871,0.788561,0.819308,0.785597,0.820196,0.810266,0.812113,0.780086,0.820537,0.838982,0.808479,0.795377,0.788313,0.768920,0.798058,0.798802,0.811014,0.808412,0.774922,0.773098,0.825592,0.799798,0.791282,0.791510,0.781241,0.814457,0.762137,0.791705,0.839937,0.784992,0.819740,0.786610,0.794240,0.799583,0.806972,0.790164,0.845486,0.796861,0.830476,0.821512,0.802634,0.810926,0.794965,0.780007,0.774996,0.823039,0.791299,0.811761,0.824664,0.801229,0.778035,0.859873,0.795658,0.793038,0.803391,0.780680,0.801548,0.803016,0.757713,0.791082,0.820582,0.783711,0.797577,0.799105,0.810540,0.799060,0.785687,0.808831,0.806631,0.786987,0.792260,0.820772,0.807062,0.807018,#
17,0.836695,0.816455,0.825873,0.793471,0.802624,0.815522,0.837159,0.830329,0.827245,0.809036,0.791781,0.841131,0.811298,0.830834,0.788467,0.817745,0.827011,1.000000,0.819295,0.836728,0.822135,0.803929,0.806411,0.790867,0.835610,0.821043,0.805526,0.820495,0.804205,0.812922,0.821460,0.847242,0.788525,0.792675,0.786891,0.814707,0.792641,0.833681,0.834531,0.843554,0.829054,0.806908,0.805448,0.801876,0.804343,0.808605,0.831802,0.839390,0.847745,0.847440,0.819647,0.774615,0.812016,0.797255,0.833436,0.831157,0.825201,0.815785,0.820278,0.798483,0.806034,0.808365,0.821707,0.788714,0.814082,0.836017,0.876188,0.821621,0.812708,0.799026,0.840172,0.796969,0.813231,0.830264,0.828543,0.785610,0.810285,0.840331,0.836102,0.834372,0.834557,0.813840,0.848103,0.851184,0.819590,0.811145,0.820474,0.805851,0.796470,0.800067,0.793235,0.777148,0.820174,0.811245,0.795960,0.815106,0.802780,0.792963,0.812109,0.836751,0.833379,0.785740,0.807312,0.796806,0.785866,0.814747,0.794104,0.808901,0.796446,0.810445,0.830450,0.790076,0.829819,0.806565,0.825950,0.791535,0.763233,0.816942,0.793148,0.809931,0.801630,0.825447,0.803237,0.821605,0.784505,0.794388,0.800734,0.821103,0.826445,0.805805,0.824628,0.844166,0.834591,0.791907,0.806322,0.833751,0.832301,0.822921,0.811782,0.817542,0.813578,0.823339,0.849100,0.820129,0.825313,0.786174,0.803534,0.766148,0.817625,0.781463,0.813354,0.824562,0.798034,0.821860,0.808985,0.821159,0.857686,0.793029,0.809226,0.811814,0.819421,0.809724,0.865974,0.796559,0.828261,0.792329,0.781579,0.783396,0.794756,0.779647,0.812656,0.801955,0.810380,0.805122,0.858341,0.787992,0.813376,0.841200,0.809169,0.833989,0.810621,0.833264,0.808236,0.846898,0.806630,0.779971,0.823289,0.834185,0.782736,0.797157,0.816364,0.825897,0.782041,0.811389,0.805140,0.823707,0.788826,0.829436,0.812037,0.781601,#
18,0.811920,0.822916,0.800259,0.801305,0.775832,0.807550,0.807954,0.830185,0.775131,0.794476,0.811838,0.839904,0.826526,0.825536,0.763236,0.787757,0.829272,0.819295,1.000000,0.825859,0.800461,0.817889,0.797573,0.781474,0.785409,0.813766,0.801928,0.815091,0.788438,0.824117,0.774230,0.827321,0.808074,0.824880,0.803873,0.815808,0.781919,0.832873,0.809452,0.818889,0.831940,0.761509,0.796133,0.768286,0.810231,0.785053,0.846251,0.840980,0.825772,0.796049,0.761282,0.787325,0.812188,0.768096,0.815858,0.817930,0.795771,0.817613,0.814738,0.824594,0.794381,0.804878,0.789172,0.761205,0.837766,0.794979,0.819471,0.790946,0.773079,0.800958,0.810392,0.776580,0.835831,0.794926,0.840397,0.789814,0.815127,0.817993,0.819116,0.799800,0.805170,0.783296,0.844371,0.827354,0.829929,0.825339,0.774857,0.807719,0.798595,0.778810,0.800306,0.772434,0.822234,0.813405,0.805827,0.779158,0.790691,0.810955,0.809164,0.813124,0.827662,0.785380,0.789765,0.802578,0.805164,0.837152,0.778064,0.811569,0.817047,0.790149,0.823050,0.781273,0.825707,0.786027,0.773463,0.784415,0.783844,0.795158,0.793957,0.777722,0.796879,0.814379,0.771414,0.814066,0.808898,0.757551,0.820930,0.780762,0.832719,0.771864,0.804291,0.815558,0.802321,0.779975,0.819833,0.824319,0.827359,0.809355,0.798471,0.780250,0.780548,0.815085,0.799793,0.837932,0.788948,0.797522,0.800623,0.751188,0.816155,0.796751,0.796585,0.820250,0.821637,0.795912,0.812463,0.814216,0.797228,0.802279,0.789933,0.790021,0.821263,0.796638,0.844765,0.794958,0.816869,0.797617,0.849117,0.784825,0.770232,0.778031,0.809024,0.815627,0.810463,0.816238,0.801103,0.804118,0.793485,0.849815,0.780312,0.815676,0.801998,0.797703,0.786586,0.800024,0.770551,0.799735,0.816375,0.775750,0.762665,0.799432,0.809655,0.812479,0.756860,0.827054,0.808008,0.786486,0.752943,0.844325,0.806614,0.801097,#
19,0.815761,0.833925,0.825032,0.796973,0.814284,0.843128,0.793764,0.810092,0.819528,0.787562,0.800649,0.807099,0.796087,0.790062,0.782858,0.778728,0.813399,0.836728,0.825859,1.000000,0.805882,0.790471,0.778822,0.793027,0.798913,0.772732,0.812697,0.795866,0.784889,0.809571,0.813505,0.841014,0.808019,0.791459,0.784360,0.817609,0.777943,0.814878,0.806385,0.825067,0.830002,0.777360,0.777286,0.785229,0.782890,0.801109,0.851967,0.812726,0.823637,0.795801,0.776531,0.767367,0.800452,0.804375,0.807366,0.807658,0.822069,0.809038,0.795750,0.769034,0.803452,0.781867,0.816748,0.791929,0.819889,0.827904,0.830485,0.797769,0.825316,0.796432,0.819990,0.798313,0.835384,0.800392,0.806114,0.784361,0.791384,0.812593,0.801430,0.801815,0.831123,0.785335,0.848670,0.812296,0.819596,0.781074,0.794228,0.796882,0.811140,0.784715,0.777024,0.787962,0.797481,0.800750,0.782817,0.765417,0.789584,0.806165,0.802601,0.824880,0.832711,0.797796,0.798889,0.805088,0.797430,0.796199,0.810499,0.786316,0.801105,0.756028,0.805961,0.777035,0.817857,0.795025,0.777692,0.796938,0.808927,0.809258,0.782685,0.747634,0.804973,0.808120,0.765658,0.839566,0.795899,0.785981,0.790707,0.812427,0.845212,0.823204,0.806578,0.841185,0.811643,0.809698,0.812904,0.829569,0.799373,0.806057,0.805793,0.772008,0.790775,0.801246,0.794559,0.800728,0.788864,0.763773,0.777880,0.740042,0.815253,0.805134,0.785445,0.836274,0.780209,0.799686,0.823674,0.785749,0.835610,0.801541,0.822545,0.812381,0.812726,0.821032,0.816286,0.808496,0.824553,0.799288,0.776421,0.807881,0.769535,0.772109,0.778193,0.824241,0.810751,0.791887,0.842917,0.789193,0.801188,0.851929,0.786995,0.786351,0.774503,0.822666,0.816344,0.828431,0.788091,0.784021,0.806618,0.785789,0.796981,0.797741,0.806009,0.804015,0.769629,0.832642,0.803483,0.797221,0.782448,0.782768,0.798274,0.780473,#
20,0.816317,0.841459,0.801966,0.809496,0.814514,0.814428,0.826952,0.818853,0.820560,0.838044,0.805782,0.796345,0.817472,0.815795,0.793557,0.778387,0.856369,0.822135,0.800461,0.805882,1.000000,0.809619,0.785659,0.828341,0.810188,0.821568,0.810784,0.823223,0.795817,0.818793,0.818924,0.822852,0.817161,0.837190,0.813766,0.836080,0.794066,0.797262,0.809660,0.836280,0.831248,0.822788,0.781672,0.792941,0.829011,0.782939,0.833778,0.812965,0.821857,0.820886,0.794182,0.817927,0.801747,0.808267,0.827771,0.808239,0.777942,0.826113,0.820491,0.786143,0.815322,0.802708,0.829936,0.787528,0.830676,0.837157,0.857560,0.789011,0.829218,0.804801,0.823203,0.804521,0.832790,0.814997,0.804045,0.775985,0.799679,0.835389,0.833736,0.833477,0.823440,0.844362,0.842230,0.827046,0.790594,0.803214,0.817684,0.812611,0.811407,0.848929,0.818684,0.797904,0.811487,0.822696,0.798696,0.800315,0.787904,0.792536,0.817532,0.815068,0.847369,0.805306,0.809943,0.836146,0.800342,0.793286,0.838710,0.812934,0.818876,0.840723,0.798247,0.838850,0.806801,0.760940,0.817002,0.800743,0.796186,0.823977,0.753454,0.762372,0.832388,0.822816,0.785859,0.863647,0.785579,0.809925,0.790605,0.781163,0.817569,0.812102,0.815898,0.817964,0.847233,0.826564,0.819380,0.806967,0.788375,0.829735,0.820877,0.825319,0.801902,0.800803,0.798837,0.831885,0.805995,0.769494,0.813174,0.791110,0.802206,0.809589,0.810658,0.827317,0.802905,0.800256,0.819395,0.791652,0.818508,0.815117,0.821726,0.805488,0.813161,0.822073,0.824542,0.819168,0.841276,0.774378,0.789690,0.808203,0.786915,0.765207,0.818653,0.797083,0.808902,0.808821,0.817417,0.812010,0.789875,0.857624,0.807657,0.810202,0.813242,0.789900,0.810276,0.806756,0.769611,0.823404,0.814139,0.802803,0.789267,0.800996,0.780824,0.806054,0.808088,0.828901,0.812941,0.785009,0.787598,0.822995,0.812650,0.807350,#
21,0.796131,0.866795,0.799228,0.829874,0.808587,0.800418,0.787877,0.798880,0.812007,0.794284,0.785330,0.783274,0.771492,0.785896,0.773036,0.790847,0.784587,0.803929,0.817889,0.790471,0.809619,1.000000,0.802985,0.804880,0.764303,0.769527,0.810463,0.767169,0.804509,0.781139,0.780818,0.794702,0.803977,0.819309,0.802390,0.827185,0.788623,0.804096,0.810938,0.799186,0.801214,0.802660,0.788956,0.779138,0.801649,0.792194,0.807414,0.823291,0.811253,0.792108,0.763454,0.802659,0.790843,0.766063,0.830970,0.802705,0.788962,0.804213,0.840446,0.772811,0.790855,0.795560,0.755807,0.757227,0.830240,0.811661,0.826988,0.789555,0.790995,0.806661,0.789483,0.811629,0.819535,0.802715,0.828860,0.809242,0.789162,0.806059,0.805415,0.801709,0.789861,0.781538,0.834015,0.816166,0.839673,0.798064,0.763186,0.822499,0.813057,0.796065,0.757777,0.740364,0.811069,0.795166,0.795677,0.782858,0.796055,0.772484,0.786969,0.810820,0.807323,0.798888,0.758154,0.791218,0.763108,0.820752,0.765579,0.804820,0.791592,0.813758,0.817633,0.782671,0.798811,0.800312,0.748707,0.760258,0.791408,0.830741,0.780281,0.777292,0.794643,0.799308,0.763126,0.797179,0.778030,0.749750,0.803587,0.795293,0.799723,0.811392,0.811430,0.819402,0.780228,0.784791,0.823856,0.775202,0.760078,0.765413,0.791894,0.805218,0.790669,0.805272,0.766950,0.793637,0.772932,0.783104,0.773494,0.749064,0.772897,0.789596,0.779667,0.827077,0.769838,0.782599,0.797810,0.789749,0.815422,0.779848,0.774567,0.787956,0.799941,0.820024,0.805152,0.802633,0.810863,0.778567,0.804481,0.769865,0.731459,0.785456,0.816787,0.774707,0.788076,0.777393,0.794487,0.791802,0.745138,0.816045,0.792639,0.787636,0.779918,0.816023,0.798153,0.793090,0.772488,0.818105,0.797481,0.739713,0.759680,0.799210,0.790564,0.786489,0.783113,0.787019,0.795353,0.759353,0.786810,0.808935,0.753858,0.819684,#
