0,1.000000,0.525530,0.528421,0.546663,0.529256,0.560573,0.580502,0.544528,0.545171,0.472330,0.581760,0.537020,0.519013,0.530589,0.536991,0.629641,0.617694,0.620534,0.611002,0.551106,0.581646,0.490549,0.583037,0.645221,0.478825,0.546237,0.546594,0.513879,0.522535,0.567111,0.493688,0.609585,0.546765,0.585565,0.599500,0.507122,0.519118,0.569899,0.609199,0.591988,0.587220,0.549387,0.611463,0.488269,0.601481,0.534456,0.509212,0.608945,0.579043,0.597591,0.576104,0.613666,0.565480,0.579166,0.591534,0.608968,0.605119,0.621303,0.555881,0.555195,0.579136,0.545282,0.632406,0.536912,0.585435,0.473213,0.552983,0.544393,0.518627,0.517467,0.545090,0.531286,0.596129,0.645856,0.524809,0.507618,0.602729,0.528174,0.586528,0.551136,0.547702,0.577291,0.596867,0.564589,0.569490,0.569884,0.645718,0.597290,0.568017,0.607358,0.532027,0.513834,0.581728,0.555761,0.539033,0.578935,0.565544,0.507517,0.539314,0.595483,0.571116,0.529860,0.546456,0.572893,0.535320,0.634223,0.541531,0.598496,0.583856,0.429269,0.530631,0.586173,0.511184,0.577924,0.588743,0.595301,0.559824,0.535516,0.537918,0.559752,0.494717,0.599535,0.599617,0.614325,0.644798,0.579703,0.558186,0.519293,0.498765,0.552521,0.582334,0.516753,0.504355,0.512194,0.565767,0.591715,0.538590,0.599370,0.483951,0.606494,0.571265,0.521500,0.478072,0.561801,0.524028,0.439671,0.582073,0.499322,0.567623,0.495859,0.513027,0.598707,0.555110,0.463730,0.576365,0.576472,0.637997,0.592765,0.608471,0.536751,0.581847,0.567489,0.593810,0.502421,0.556295,0.576542,0.529682,0.572040,0.605687,0.561461,0.535735,0.520205,0.591900,0.578133,0.530935,0.608921,0.633622,0.606864,0.544563,0.477591,0.574885,0.546936,0.515749,0.534337,0.562715,0.511293,0.520319,0.581179,0.565952,0.516229,0.473270,0.584530,0.488865,0.583512,0.585944,0.577435,0.502528,0.615885,0.557343,0.573074,#
1,0.525530,1.000000,0.551356,0.526188,0.490013,0.528051,0.534154,0.576164,0.623557,0.488172,0.579476,0.550497,0.510683,0.490410,0.480620,0.515500,0.535203,0.520300,0.517881,0.503668,0.539607,0.590599,0.500692,0.467123,0.515739,0.484537,0.527663,0.610128,0.434494,0.515846,0.556369,0.521700,0.483975,0.568584,0.461539,0.558707,0.517790,0.556576,0.613497,0.502705,0.519794,0.457754,0.569739,0.485843,0.530433,0.492555,0.591916,0.504959,0.568900,0.459442,0.525580,0.575409,0.569327,0.532089,0.577332,0.534782,0.535980,0.490145,0.433690,0.457622,0.526896,0.487620,0.540600,0.501393,0.512638,0.539215,0.534710,0.538618,0.536532,0.561432,0.520199,0.533447,0.615792,0.509586,0.548694,0.535480,0.482475,0.462477,0.581669,0.504703,0.562517,0.554057,0.514022,0.500876,0.582317,0.501915,0.572030,0.587909,0.546816,0.482899,0.498466,0.487167,0.515949,0.567192,0.544383,0.494242,0.494500,0.492035,0.516326,0.528998,0.563955,0.494823,0.506214,0.497064,0.464278,0.588078,0.510909,0.558993,0.567185,0.487885,0.493426,0.518326,0.462377,0.538785,0.506508,0.554756,0.534222,0.522991,0.453412,0.489258,0.451373,0.537062,0.487211,0.555558,0.551723,0.505309,0.523019,0.524108,0.522446,0.562946,0.475564,0.599877,0.481799,0.506292,0.582209,0.526604,0.543937,0.578216,0.534962,0.592243,0.580967,0.509213,0.544878,0.612253,0.571349,0.469514,0.494810,0.507071,0.542686,0.437303,0.572074,0.588226,0.519665,0.393639,0.606955,0.544586,0.518776,0.522952,0.431336,0.434247,0.478816,0.545803,0.570885,0.570642,0.529757,0.402812,0.511256,0.420040,0.476584,0.519236,0.572476,0.538379,0.546200,0.499404,0.499600,0.561625,0.549949,0.607469,0.468033,0.463603,0.544496,0.467166,0.463703,0.552193,0.540667,0.593330,0.506010,0.397530,0.573358,0.557717,0.544607,0.547170,0.468568,0.534857,0.556682,0.470521,0.426557,0.595715,0.465634,0.561586,#
2,0.528421,0.551356,1.000000,0.545610,0.551698,0.555165,0.570469,0.544128,0.585760,0.486375,0.567588,0.536489,0.474870,0.573167,0.461439,0.562965,0.493031,0.535352,0.532338,0.541341,0.560749,0.549113,0.443513,0.562043,0.504006,0.547502,0.611968,0.577169,0.531405,0.531898,0.539043,0.539964,0.533639,0.503214,0.512097,0.516050,0.533351,0.525697,0.587350,0.466748,0.513662,0.520481,0.592824,0.478782,0.531722,0.523828,0.569617,0.488427,0.512976,0.518050,0.568446,0.653101,0.578977,0.536234,0.590636,0.545556,0.564226,0.499491,0.586023,0.536685,0.646981,0.524138,0.507063,0.569219,0.579457,0.529399,0.501333,0.545118,0.518488,0.544249,0.508865,0.568009,0.514966,0.558312,0.579997,0.542566,0.496377,0.468698,0.540162,0.526173,0.579803,0.556908,0.585735,0.449089,0.603196,0.560854,0.551966,0.628499,0.514668,0.487143,0.516683,0.536526,0.616476,0.611436,0.534189,0.580092,0.556769,0.510993,0.610663,0.525821,0.523084,0.495930,0.498295,0.544690,0.444986,0.627924,0.538466,0.576819,0.526836,0.462453,0.590332,0.523094,0.563975,0.560414,0.494333,0.530277,0.558242,0.559766,0.449247,0.530956,0.499207,0.479339,0.480260,0.598248,0.570229,0.462987,0.565888,0.556567,0.532475,0.567907,0.511798,0.579288,0.572140,0.602992,0.599938,0.523404,0.574185,0.567419,0.598184,0.546092,0.499511,0.571230,0.481047,0.464127,0.577908,0.501128,0.423532,0.507284,0.523366,0.473607,0.568484,0.581721,0.571879,0.546927,0.531701,0.518129,0.565296,0.446902,0.543431,0.498309,0.446451,0.520577,0.573533,0.563806,0.475007,0.544425,0.537341,0.437455,0.515366,0.528875,0.521740,0.577483,0.579296,0.476368,0.542257,0.543636,0.538254,0.583622,0.463065,0.452661,0.539487,0.591985,0.368552,0.617587,0.530976,0.575376,0.515833,0.457604,0.556715,0.523055,0.524007,0.555659,0.636631,0.571508,0.549109,0.517033,0.425148,0.565263,0.506874,0.600395,#
3,0.546663,0.526188,0.545610,1.000000,0.580241,0.530540,0.562393,0.547216,0.647923,0.520117,0.583358,0.521975,0.517470,0.550368,0.536443,0.548256,0.557317,0.590417,0.630892,0.569616,0.590567,0.529896,0.544311,0.580604,0.536227,0.590773,0.594498,0.582014,0.545323,0.580899,0.555491,0.597598,0.630733,0.589177,0.498264,0.550960,0.534261,0.614203,0.601497,0.596137,0.550577,0.585438,0.622789,0.612925,0.531536,0.608166,0.550000,0.539696,0.532132,0.476392,0.604968,0.598774,0.617810,0.477539,0.540713,0.615859,0.564366,0.530107,0.542231,0.589943,0.567287,0.496970,0.543092,0.539183,0.689538,0.501482,0.477440,0.491631,0.434023,0.558402,0.501769,0.563865,0.589085,0.538565,0.518851,0.538422,0.496223,0.525300,0.522977,0.493222,0.646413,0.575154,0.613779,0.487492,0.593482,0.587580,0.590721,0.542614,0.569030,0.541712,0.609243,0.569090,0.567929,0.599455,0.550698,0.563757,0.530805,0.452725,0.596177,0.497332,0.525262,0.508173,0.531528,0.482293,0.634178,0.552339,0.531554,0.557894,0.518362,0.477576,0.554174,0.488467,0.505549,0.571261,0.530782,0.578733,0.498402,0.568799,0.480893,0.518450,0.516269,0.573292,0.527200,0.552484,0.557131,0.584618,0.563463,0.609111,0.477283,0.510053,0.595632,0.585379,0.540269,0.572804,0.569071,0.606187,0.546808,0.564855,0.539485,0.585435,0.457334,0.631297,0.578257,0.463408,0.554683,0.560695,0.563494,0.644784,0.534930,0.549833,0.539987,0.561989,0.493118,0.544267,0.605934,0.487968,0.552920,0.532425,0.623799,0.520662,0.522896,0.527095,0.554348,0.567469,0.518701,0.494037,0.563187,0.495397,0.534027,0.510858,0.576048,0.521881,0.555410,0.484669,0.524650,0.567184,0.615993,0.582111,0.494506,0.523622,0.509149,0.627708,0.496506,0.504829,0.503593,0.567678,0.526713,0.474566,0.576793,0.616406,0.576074,0.534670,0.551152,0.510470,0.589730,0.583316,0.536804,0.567374,0.496411,0.514942,#
4,0.529256,0.490013,0.551698,0.580241,1.000000,0.612359,0.545569,0.556709,0.567736,0.515896,0.454309,0.572967,0.532078,0.558876,0.498930,0.566897,0.577530,0.617732,0.580894,0.646301,0.672402,0.496417,0.497300,0.587138,0.498646,0.582753,0.548020,0.494335,0.540911,0.527158,0.585056,0.567478,0.583286,0.520253,0.491149,0.535321,0.615923,0.553978,0.561620,0.554752,0.570944,0.543464,0.527651,0.527044,0.549137,0.610609,0.586010,0.566485,0.575810,0.497181,0.551227,0.567024,0.599039,0.524923,0.627647,0.616245,0.524837,0.545582,0.586038,0.530503,0.524194,0.545075,0.543548,0.497765,0.575560,0.522597,0.502570,0.536650,0.468126,0.545484,0.549005,0.592051,0.560765,0.589044,0.524191,0.448337,0.476211,0.548829,0.562840,0.579033,0.561597,0.573127,0.564647,0.464939,0.615310,0.542111,0.545033,0.533107,0.528407,0.542238,0.601033,0.479710,0.573298,0.582360,0.545449,0.568505,0.530931,0.469813,0.481525,0.518905,0.546919,0.522940,0.590455,0.523966,0.520023,0.615629,0.502437,0.564959,0.603753,0.531588,0.526367,0.566686,0.531155,0.641345,0.543258,0.492628,0.592499,0.565260,0.471594,0.477216,0.466314,0.543545,0.584501,0.532972,0.599231,0.526984,0.546607,0.566015,0.613881,0.546813,0.601261,0.527273,0.548364,0.607938,0.636272,0.566174,0.545953,0.552663,0.552465,0.515585,0.492595,0.537452,0.590366,0.492405,0.559358,0.523061,0.547448,0.600609,0.509392,0.532528,0.565108,0.639850,0.508323,0.565519,0.651786,0.552837,0.652972,0.489430,0.510153,0.514126,0.529195,0.480888,0.600478,0.448307,0.455696,0.480679,0.479319,0.460094,0.539239,0.528673,0.494884,0.550790,0.667648,0.531945,0.594681,0.597677,0.630026,0.610698,0.514366,0.533809,0.535573,0.491558,0.520146,0.523920,0.599775,0.595197,0.439956,0.595935,0.568394,0.599536,0.431433,0.541544,0.512697,0.558128,0.546241,0.554775,0.525132,0.556289,0.581590,0.560183,#
5,0.560573,0.528051,0.555165,0.530540,0.612359,1.000000,0.500546,0.599508,0.579974,0.498445,0.556803,0.543307,0.493393,0.491829,0.528648,0.588922,0.548792,0.575320,0.456886,0.622731,0.558136,0.507098,0.520498,0.548131,0.527370,0.534734,0.619756,0.575040,0.537782,0.524026,0.620243,0.594175,0.598906,0.561022,0.496066,0.570434,0.551921,0.531104,0.567975,0.527499,0.627088,0.511658,0.529398,0.539322,0.570796,0.611414,0.589764,0.520415,0.618366,0.443421,0.588452,0.605757,0.530042,0.537170,0.527754,0.640879,0.564597,0.514058,0.663097,0.543048,0.544291,0.571379,0.592539,0.578861,0.629403,0.529071,0.488552,0.540150,0.512774,0.453750,0.547381,0.531065,0.608356,0.587103,0.507428,0.544344,0.552645,0.509390,0.559399,0.554484,0.616072,0.558627,0.606521,0.476410,0.517395,0.552342,0.595485,0.599933,0.552074,0.454965,0.475561,0.535393,0.634756,0.672142,0.530757,0.561838,0.519760,0.526925,0.603584,0.543392,0.532070,0.550570,0.539648,0.556280,0.518304,0.644992,0.557667,0.568331,0.551996,0.501455,0.497172,0.602291,0.473538,0.533884,0.494846,0.502148,0.579659,0.566637,0.422962,0.529048,0.453869,0.573037,0.514716,0.580784,0.518674,0.514801,0.572200,0.518917,0.533565,0.565749,0.630728,0.578095,0.603065,0.622447,0.613059,0.588186,0.582138,0.583857,0.505186,0.517172,0.511803,0.523957,0.564195,0.549843,0.594936,0.491405,0.517105,0.550584,0.539707,0.509017,0.602873,0.586974,0.545855,0.514179,0.576798,0.505691,0.628866,0.508755,0.568224,0.487039,0.551108,0.513187,0.594567,0.525899,0.536418,0.498403,0.447878,0.577115,0.580612,0.551196,0.632123,0.562387,0.604954,0.510639,0.556683,0.551442,0.577958,0.597651,0.528342,0.528510,0.600092,0.511459,0.554374,0.562319,0.569492,0.595478,0.555107,0.501105,0.526022,0.548369,0.460134,0.578875,0.517148,0.515162,0.517946,0.510057,0.454604,0.562980,0.541771,0.577110,#
6,0.580502,0.534154,0.570469,0.562393,0.545569,0.500546,1.000000,0.515545,0.566876,0.451941,0.510082,0.540014,0.534048,0.612119,0.440201,0.544097,0.570241,0.583425,0.581904,0.478432,0.643221,0.548838,0.433458,0.547903,0.526043,0.537259,0.556493,0.539712,0.477851,0.582126,0.541158,0.560450,0.522955,0.551514,0.519734,0.541070,0.491126,0.528995,0.523297,0.575792,0.524637,0.542896,0.578018,0.502949,0.613113,0.499818,0.542324,0.465220,0.635252,0.523509,0.581306,0.614742,0.584914,0.473144,0.558749,0.585877,0.511086,0.567770,0.596865,0.546185,0.573648,0.480241,0.536560,0.515826,0.630472,0.555461,0.574010,0.534366,0.519706,0.528166,0.513651,0.557967,0.517103,0.636207,0.551880,0.497398,0.531529,0.509037,0.561185,0.482155,0.531176,0.557014,0.573291,0.496448,0.508524,0.579203,0.565146,0.530668,0.541650,0.516892,0.508547,0.467292,0.514748,0.553905,0.527162,0.514715,0.609878,0.516301,0.530758,0.573220,0.542574,0.548839,0.590384,0.547340,0.473635,0.546071,0.589402,0.502146,0.550532,0.492005,0.488335,0.532290,0.444386,0.519618,0.524900,0.486756,0.630797,0.558722,0.490336,0.488606,0.537166,0.563569,0.496571,0.615036,0.610820,0.582553,0.521273,0.548948,0.420073,0.507605,0.537562,0.536252,0.542760,0.517027,0.566466,0.560727,0.566240,0.535683,0.594793,0.579268,0.541165,0.583179,0.500299,0.487090,0.513593,0.531834,0.518627,0.530406,0.524723,0.439300,0.629662,0.571569,0.522425,0.434804,0.580584,0.525425,0.549529,0.574517,0.589089,0.494857,0.496753,0.551310,0.577057,0.571135,0.542089,0.522812,0.541761,0.441471,0.519477,0.533186,0.556688,0.534075,0.519688,0.476225,0.549217,0.578947,0.560717,0.554482,0.553543,0.475889,0.552665,0.478224,0.551176,0.574260,0.534609,0.578004,0.476185,0.553665,0.484269,0.556177,0.459580,0.582752,0.509383,0.588158,0.546536,0.498724,0.520963,0.597521,0.565035,0.566545,#
7,0.544528,0.576164,0.544128,0.547216,0.556709,0.599508,0.515545,1.000000,0.685238,0.517611,0.598979,0.609384,0.524187,0.561879,0.580647,0.544443,0.593613,0.607331,0.558489,0.535259,0.569998,0.536190,0.607206,0.592745,0.600477,0.584690,0.560406,0.613852,0.544875,0.567982,0.509203,0.572691,0.558917,0.569377,0.489254,0.536459,0.563825,0.509360,0.607772,0.545944,0.584013,0.497273,0.554138,0.578066,0.589915,0.568802,0.563495,0.561103,0.528995,0.490429,0.634007,0.596441,0.557665,0.604296,0.550158,0.563079,0.549914,0.637115,0.550241,0.543685,0.511268,0.560881,0.594616,0.523671,0.613026,0.589514,0.575931,0.549270,0.556539,0.607270,0.563593,0.446707,0.661801,0.576450,0.540434,0.532319,0.509964,0.485616,0.571884,0.597019,0.592820,0.580623,0.602023,0.486005,0.589478,0.556749,0.648387,0.569287,0.525975,0.544038,0.520549,0.558554,0.567570,0.600659,0.596782,0.494978,0.556140,0.577474,0.554508,0.568243,0.581029,0.498638,0.541079,0.543408,0.521738,0.602189,0.540816,0.583678,0.532728,0.458293,0.599310,0.543233,0.544094,0.588131,0.607579,0.567084,0.548229,0.500581,0.437185,0.594768,0.516207,0.588815,0.517748,0.631508,0.645759,0.551233,0.577898,0.615621,0.491642,0.497249,0.551015,0.518465,0.606972,0.514245,0.663311,0.650523,0.527244,0.625333,0.513609,0.589590,0.548901,0.548157,0.584999,0.483217,0.567413,0.528610,0.568419,0.503949,0.559558,0.543068,0.562628,0.586248,0.589511,0.550354,0.590095,0.617976,0.591372,0.561930,0.583530,0.524942,0.572383,0.487709,0.669237,0.475776,0.481059,0.559694,0.587047,0.471381,0.556332,0.510555,0.623188,0.604455,0.596504,0.562120,0.574852,0.581632,0.561984,0.579408,0.457069,0.558822,0.583682,0.529705,0.511649,0.570278,0.505214,0.622134,0.484622,0.437820,0.545130,0.625976,0.566882,0.556050,0.518179,0.501385,0.566936,0.494766,0.492394,0.590869,0.560195,0.565046,#
8,0.545171,0.623557,0.585760,0.647923,0.567736,0.579974,0.566876,0.685238,1.000000,0.563069,0.567468,0.603717,0.574450,0.542706,0.576329,0.622397,0.525467,0.608877,0.554354,0.554302,0.555272,0.598042,0.583984,0.582782,0.456998,0.588693,0.546550,0.639369,0.527990,0.605717,0.511964,0.585062,0.528707,0.570424,0.500208,0.567847,0.558288,0.544490,0.579170,0.569360,0.563641,0.588064,0.627901,0.531184,0.607455,0.526236,0.515052,0.517573,0.595131,0.521500,0.617854,0.659204,0.548985,0.619968,0.572575,0.656148,0.565249,0.639281,0.534418,0.574840,0.602467,0.536791,0.621474,0.523417,0.625424,0.623935,0.564187,0.549422,0.603580,0.613369,0.549107,0.512459,0.632061,0.640819,0.575069,0.554554,0.526673,0.541311,0.552350,0.606349,0.604838,0.591710,0.578156,0.508922,0.589396,0.596566,0.561578,0.563090,0.492005,0.545039,0.548489,0.576652,0.622399,0.559730,0.648948,0.574517,0.573854,0.531353,0.611144,0.524919,0.565957,0.519231,0.599977,0.577672,0.554608,0.585702,0.595142,0.610624,0.525719,0.532220,0.562024,0.561290,0.528848,0.571302,0.616158,0.608394,0.562024,0.502671,0.508744,0.627648,0.529302,0.532482,0.565590,0.583016,0.593850,0.611274,0.581957,0.649193,0.496339,0.574710,0.546607,0.488796,0.605775,0.613065,0.671333,0.603144,0.523806,0.592674,0.502500,0.579579,0.549942,0.611640,0.633972,0.527314,0.543453,0.505675,0.591268,0.522644,0.583127,0.519276,0.594429,0.579836,0.558915,0.615702,0.619070,0.621895,0.625463,0.605195,0.589373,0.596252,0.537357,0.528442,0.626964,0.571140,0.565357,0.508723,0.552480,0.472689,0.582288,0.599149,0.606127,0.563358,0.591602,0.509334,0.626852,0.575638,0.552866,0.634467,0.511611,0.487382,0.582941,0.569069,0.458070,0.615026,0.562738,0.607430,0.509739,0.475836,0.578576,0.596398,0.551003,0.565577,0.597706,0.546392,0.590698,0.544347,0.546970,0.554556,0.556225,0.574914,#
9,0.472330,0.488172,0.486375,0.520117,0.515896,0.498445,0.451941,0.517611,0.563069,1.000000,0.535934,0.429007,0.488955,0.516374,0.524969,0.512786,0.498798,0.493040,0.500442,0.544057,0.597708,0.483139,0.504520,0.536580,0.430812,0.465336,0.520740,0.582663,0.469316,0.573901,0.513893,0.481990,0.481159,0.572302,0.567050,0.496264,0.445812,0.494657,0.519147,0.492806,0.577649,0.520411,0.522684,0.429657,0.528832,0.503794,0.463978,0.449256,0.450815,0.428262,0.484056,0.541348,0.431145,0.480470,0.443430,0.545215,0.471096,0.535600,0.536655,0.473930,0.534311,0.504728,0.561857,0.542340,0.552811,0.578996,0.478355,0.501335,0.497799,0.440076,0.543722,0.486763,0.506243,0.531296,0.506335,0.500983,0.368096,0.471511,0.544688,0.592484,0.497846,0.547049,0.449328,0.426874,0.555780,0.468202,0.516257,0.556195,0.411084,0.367079,0.473663,0.528478,0.582528,0.493826,0.542525,0.515516,0.493905,0.538056,0.527543,0.387637,0.475268,0.474185,0.554448,0.491346,0.571239,0.570605,0.498838,0.456458,0.549584,0.483140,0.522242,0.510963,0.530181,0.605512,0.425384,0.547224,0.410745,0.483538,0.434030,0.426197,0.445100,0.530788,0.482870,0.530175,0.498998,0.491003,0.484708,0.518794,0.508642,0.500631,0.464356,0.483750,0.537343,0.580277,0.553580,0.505606,0.486240,0.545664,0.443718,0.482948,0.422660,0.593078,0.556372,0.504622,0.452940,0.497546,0.504570,0.517238,0.480940,0.497285,0.451624,0.458743,0.545151,0.526769,0.571554,0.507410,0.515507,0.526236,0.549342,0.467490,0.530143,0.472139,0.524019,0.556922,0.483739,0.450853,0.463170,0.434629,0.608740,0.445488,0.537977,0.536581,0.511165,0.510015,0.520350,0.612821,0.489806,0.560840,0.485870,0.471403,0.502887,0.454860,0.482114,0.531047,0.497887,0.595505,0.410348,0.432775,0.596932,0.521357,0.501324,0.534357,0.472496,0.502578,0.482706,0.469575,0.438843,0.507966,0.454700,0.508791,#
10,0.581760,0.579476,0.567588,0.583358,0.454309,0.556803,0.510082,0.598979,0.567468,0.535934,1.000000,0.543143,0.452677,0.512007,0.485936,0.568675,0.530174,0.542048,0.556992,0.531897,0.543670,0.472605,0.500109,0.586289,0.476469,0.477685,0.515694,0.650286,0.492561,0.596410,0.517541,0.542707,0.541633,0.562222,0.565318,0.554433,0.515854,0.556769,0.614414,0.499274,0.592135,0.502964,0.522137,0.466167,0.548301,0.581960,0.561018,0.566375,0.601707,0.592767,0.512850,0.586289,0.541591,0.511059,0.505896,0.562427,0.533690,0.540419,0.494766,0.546741,0.558755,0.568931,0.593380,0.622563,0.641003,0.499478,0.534562,0.465805,0.485591,0.515718,0.500288,0.560195,0.595580,0.537641,0.495093,0.573082,0.488094,0.529211,0.535954,0.525551,0.647566,0.571855,0.577091,0.508115,0.576273,0.485085,0.606810,0.605938,0.510956,0.541163,0.478617,0.560381,0.604919,0.599145,0.547057,0.592701,0.495286,0.494848,0.623019,0.576719,0.501331,0.488305,0.563754,0.546339,0.599501,0.516538,0.501635,0.591656,0.529092,0.487006,0.518693,0.543989,0.484902,0.535676,0.537346,0.602884,0.508546,0.498455,0.500814,0.542971,0.505826,0.620313,0.421398,0.552570,0.475889,0.534564,0.620404,0.600187,0.512426,0.485089,0.504901,0.506823,0.508814,0.517099,0.609595,0.557677,0.495593,0.611225,0.493820,0.541305,0.629637,0.507606,0.508093,0.524943,0.524820,0.432784,0.473842,0.503005,0.540808,0.462684,0.579086,0.588245,0.604043,0.473676,0.584698,0.519510,0.633844,0.522345,0.588130,0.486056,0.610450,0.463035,0.611281,0.546967,0.529723,0.486670,0.602953,0.473353,0.576777,0.578522,0.593727,0.533299,0.489258,0.514594,0.553737,0.547669,0.599704,0.643633,0.424158,0.545286,0.538681,0.468473,0.561383,0.510687,0.514687,0.574199,0.448677,0.428511,0.523180,0.624870,0.570078,0.504889,0.522414,0.530308,0.589010,0.526505,0.424949,0.604397,0.543282,0.616860,#
11,0.537020,0.550497,0.536489,0.521975,0.572967,0.543307,0.540014,0.609384,0.603717,0.429007,0.543143,1.000000,0.564373,0.547350,0.458273,0.507993,0.542280,0.618747,0.562009,0.448305,0.543552,0.535056,0.477008,0.493175,0.504776,0.577675,0.473903,0.585982,0.503753,0.534081,0.530591,0.543316,0.552713,0.533670,0.479738,0.523352,0.582631,0.517930,0.511658,0.585361,0.526090,0.538426,0.595111,0.521276,0.543392,0.556525,0.565341,0.515115,0.543936,0.502188,0.557664,0.587102,0.540580,0.563186,0.550057,0.544287,0.447029,0.598831,0.530127,0.516901,0.504819,0.482972,0.603619,0.493160,0.584218,0.548452,0.541441,0.534640,0.576757,0.591613,0.537632,0.518979,0.589198,0.555491,0.498975,0.439490,0.546562,0.495585,0.521581,0.461112,0.589369,0.544132,0.571377,0.454510,0.558124,0.497580,0.497451,0.536411,0.518836,0.462828,0.491438,0.564408,0.585446,0.569469,0.565708,0.590307,0.534863,0.489984,0.568186,0.531890,0.506095,0.520992,0.519996,0.550305,0.512834,0.617006,0.511710,0.586921,0.576005,0.539548,0.598936,0.572076,0.550715,0.572967,0.421142,0.591812,0.517094,0.550561,0.408721,0.565688,0.430658,0.563771,0.532003,0.550775,0.572251,0.521309,0.518754,0.528430,0.533901,0.506269,0.564129,0.511111,0.578663,0.575499,0.597355,0.552742,0.501181,0.586837,0.496117,0.580458,0.549677,0.481932,0.542094,0.557106,0.589934,0.427273,0.580660,0.502988,0.488117,0.508257,0.536157,0.582759,0.543100,0.511431,0.593470,0.536726,0.594952,0.491854,0.593677,0.467677,0.494047,0.545796,0.581135,0.487696,0.543922,0.396679,0.561572,0.432096,0.534804,0.597704,0.547026,0.543530,0.552028,0.502347,0.531054,0.569887,0.530816,0.566838,0.447489,0.530258,0.568162,0.474431,0.522192,0.491647,0.548038,0.534121,0.442697,0.548483,0.540391,0.588528,0.542516,0.508735,0.586271,0.571490,0.583514,0.539628,0.508040,0.546223,0.515510,0.503960,#
12,0.519013,0.510683,0.474870,0.517470,0.532078,0.493393,0.534048,0.524187,0.574450,0.488955,0.452677,0.564373,1.000000,0.558743,0.570868,0.510590,0.605072,0.579500,0.590652,0.562615,0.557765,0.515049,0.544908,0.568676,0.460637,0.513023,0.497361,0.561989,0.560304,0.495070,0.460748,0.540296,0.555813,0.534870,0.523193,0.573116,0.527496,0.511445,0.525856,0.561276,0.462877,0.455451,0.525657,0.605777,0.546432,0.538281,0.555199,0.458242,0.554731,0.479253,0.618169,0.549341,0.522993,0.550829,0.605697,0.539827,0.461584,0.544630,0.497351,0.414914,0.479587,0.555480,0.451471,0.529145,0.644897,0.540246,0.504812,0.493526,0.538003,0.537368,0.513799,0.494049,0.578847,0.551393,0.573749,0.544111,0.539457,0.444120,0.531061,0.512623,0.565013,0.529590,0.531960,0.509816,0.486713,0.555752,0.542272,0.562027,0.557475,0.476975,0.507080,0.502129,0.543862,0.481181,0.498710,0.577987,0.654563,0.546955,0.504539,0.464216,0.485968,0.515718,0.552618,0.561344,0.534416,0.534332,0.470112,0.491550,0.514597,0.488759,0.564168,0.497575,0.490273,0.547682,0.583831,0.500049,0.538408,0.454828,0.509294,0.467093,0.505977,0.536106,0.535118,0.592518,0.578450,0.476804,0.523920,0.455889,0.449915,0.500235,0.498721,0.465711,0.457640,0.520786,0.549376,0.497622,0.527964,0.553472,0.539287,0.494190,0.577221,0.612855,0.542991,0.513514,0.519906,0.479402,0.528965,0.519425,0.527756,0.580404,0.480143,0.595455,0.510606,0.447582,0.510654,0.628186,0.592740,0.511759,0.562008,0.516795,0.524857,0.597198,0.587187,0.537919,0.602450,0.401528,0.548712,0.533570,0.489371,0.486745,0.578078,0.556981,0.549502,0.528917,0.525562,0.527456,0.619290,0.623142,0.488105,0.420463,0.530137,0.543830,0.528619,0.520016,0.474051,0.522064,0.509343,0.576510,0.505971,0.502026,0.509449,0.492468,0.518564,0.557777,0.484813,0.551505,0.486479,0.563822,0.555156,0.439780,#
13,0.530589,0.490410,0.573167,0.550368,0.558876,0.491829,0.612119,0.561879,0.542706,0.516374,0.512007,0.547350,0.558743,1.000000,0.519960,0.533226,0.584249,0.597289,0.607516,0.570905,0.635559,0.532022,0.552678,0.566107,0.488710,0.574819,0.540961,0.619199,0.557715,0.593290,0.486015,0.569552,0.604698,0.610709,0.500859,0.529542,0.566439,0.595449,0.561125,0.586741,0.615241,0.554450,0.575163,0.536948,0.655175,0.583360,0.557512,0.546349,0.618490,0.505526,0.603747,0.659623,0.531349,0.577022,0.590750,0.620160,0.522771,0.593659,0.565394,0.559021,0.600665,0.571297,0.572349,0.617498,0.623153,0.557213,0.594126,0.541809,0.576809,0.542777,0.503155,0.563261,0.485967,0.627649,0.624383,0.577692,0.562729,0.528228,0.624920,0.585927,0.588132,0.604341,0.607034,0.552342,0.545340,0.584718,0.541025,0.533372,0.604240,0.522215,0.531889,0.555893,0.588174,0.629167,0.572125,0.498451,0.581657,0.512053,0.535267,0.633525,0.542200,0.565348,0.583191,0.681324,0.562695,0.654533,0.539068,0.601092,0.585217,0.523606,0.576371,0.575267,0.591690,0.624616,0.585749,0.599846,0.557119,0.629166,0.511013,0.598562,0.546563,0.572402,0.523199,0.569423,0.607133,0.507535,0.566673,0.504489,0.529637,0.523802,0.516908,0.542820,0.542721,0.546061,0.642220,0.552532,0.548817,0.588173,0.608897,0.572776,0.453444,0.615459,0.659367,0.579145,0.520572,0.559973,0.561117,0.575025,0.559935,0.530851,0.550097,0.618844,0.524358,0.603806,0.566601,0.592057,0.582087,0.559999,0.643517,0.548213,0.567641,0.609918,0.582646,0.601375,0.548694,0.510363,0.549220,0.487130,0.614817,0.517448,0.590050,0.617764,0.622035,0.558717,0.618771,0.607145,0.612780,0.675617,0.569172,0.489659,0.544484,0.586702,0.550111,0.573900,0.628764,0.622030,0.555215,0.560008,0.471476,0.572735,0.552021,0.583694,0.579246,0.639215,0.575022,0.514959,0.547644,0.570065,0.581913,0.540642,#
14,0.536991,0.480620,0.461439,0.536443,0.498930,0.528648,0.440201,0.580647,0.576329,0.524969,0.485936,0.458273,0.570868,0.519960,1.000000,0.558649,0.547310,0.484230,0.535269,0.558696,0.562446,0.483742,0.474455,0.601562,0.450948,0.419613,0.557924,0.558725,0.525876,0.539761,0.471723,0.582137,0.511522,0.517929,0.524087,0.476712,0.489385,0.524879,0.547016,0.494093,0.472003,0.467192,0.563608,0.487464,0.554064,0.570635,0.506820,0.437479,0.443867,0.469913,0.547036,0.503856,0.501462,0.608005,0.538349,0.547839,0.513404,0.499535,0.519547,0.457021,0.522756,0.561171,0.539980,0.512100,0.527195,0.419272,0.494624,0.513025,0.473359,0.564259,0.510470,0.475689,0.526604,0.515061,0.598807,0.516098,0.535053,0.490029,0.505423,0.429984,0.573488,0.581294,0.553286,0.542753,0.518377,0.528554,0.506070,0.550375,0.513927,0.405925,0.443402,0.461093,0.554263,0.587217,0.557316,0.530641,0.636693,0.510534,0.479455,0.413057,0.538767,0.536319,0.559100,0.498889,0.560278,0.540048,0.493541,0.470953,0.463715,0.450654,0.528486,0.455764,0.537101,0.551704,0.488876,0.521536,0.505953,0.463541,0.437668,0.507952,0.527692,0.562072,0.452620,0.528296,0.592997,0.398044,0.499628,0.570623,0.441834,0.537409,0.468816,0.469878,0.477023,0.518906,0.539738,0.526340,0.445094,0.547240,0.488238,0.538437,0.479813,0.552493,0.471648,0.527390,0.451455,0.558257,0.567434,0.514687,0.458810,0.413920,0.538823,0.527110,0.424288,0.476221,0.596877,0.546686,0.545798,0.498585,0.488797,0.504640,0.482970,0.449672,0.575788,0.487316,0.460567,0.389172,0.462699,0.434244,0.484052,0.571358,0.547506,0.504943,0.548552,0.519984,0.483977,0.552766,0.566118,0.583320,0.489152,0.410024,0.522827,0.569422,0.503975,0.501895,0.512899,0.505074,0.526453,0.383200,0.468692,0.552952,0.420644,0.486381,0.532529,0.543016,0.487104,0.490750,0.436609,0.479922,0.478240,0.433280,#
15,0.629641,0.515500,0.562965,0.548256,0.566897,0.588922,0.544097,0.544443,0.622397,0.512786,0.568675,0.507993,0.510590,0.533226,0.558649,1.000000,0.593462,0.604156,0.575411,0.562052,0.561271,0.519917,0.526697,0.610905,0.500492,0.586259,0.553559,0.551235,0.529290,0.611428,0.541682,0.610983,0.518422,0.601721,0.509799,0.605033,0.574223,0.522479,0.642026,0.508203,0.546200,0.548441,0.564848,0.506010,0.621660,0.545417,0.516937,0.591500,0.581383,0.567575,0.516832,0.666042,0.565173,0.549382,0.571528,0.572950,0.565616,0.551197,0.567719,0.529788,0.592711,0.525433,0.593127,0.580021,0.565714,0.591308,0.504614,0.539082,0.486023,0.451237,0.564380,0.518172,0.522727,0.522272,0.535455,0.512636,0.517649,0.512723,0.544062,0.532200,0.640748,0.580737,0.487290,0.584708,0.620396,0.583206,0.540284,0.642543,0.525414,0.510531,0.517240,0.501851,0.562772,0.563585,0.528476,0.524907,0.577649,0.492672,0.503061,0.491746,0.608162,0.498281,0.584780,0.546465,0.505526,0.611817,0.562194,0.568411,0.495200,0.542411,0.480742,0.540607,0.519287,0.566189,0.483280,0.545432,0.520845,0.526608,0.499880,0.491722,0.549748,0.528766,0.530676,0.566645,0.538228,0.532264,0.589409,0.578382,0.504393,0.614311,0.495080,0.483860,0.525688,0.533790,0.570972,0.537175,0.466785,0.512273,0.572846,0.541474,0.487191,0.548698,0.532883,0.490694,0.535706,0.471846,0.530653,0.531689,0.576026,0.477279,0.558949,0.532303,0.598556,0.545014,0.555370,0.578591,0.636292,0.545234,0.555522,0.553108,0.519164,0.526569,0.644351,0.451775,0.549431,0.529195,0.581291,0.561471,0.615799,0.487387,0.484620,0.595957,0.486353,0.542292,0.563712,0.598343,0.617240,0.595701,0.500948,0.511786,0.586687,0.527503,0.488384,0.594885,0.530798,0.591358,0.443016,0.522954,0.473181,0.579095,0.476713,0.534698,0.558772,0.539075,0.526804,0.528261,0.551888,0.609628,0.552097,0.508294,#
16,0.617694,0.535203,0.493031,0.557317,0.577530,0.548792,0.570241,0.593613,0.525467,0.498798,0.530174,0.542280,0.605072,0.584249,0.547310,0.593462,1.000000,0.578967,0.571126,0.614203,0.647266,0.571467,0.477447,0.579328,0.495190,0.606695,0.593338,0.484973,0.489922,0.608788,0.540179,0.600086,0.583512,0.608322,0.544739,0.561442,0.584090,0.536593,0.586615,0.535350,0.553277,0.548422,0.572059,0.540515,0.570224,0.624164,0.520505,0.547897,0.557540,0.533485,0.566390,0.593934,0.608026,0.629694,0.589759,0.594533,0.490025,0.568184,0.587054,0.491977,0.503061,0.610858,0.591970,0.594295,0.632527,0.515629,0.512683,0.605196,0.586468,0.631248,0.495548,0.580196,0.628289,0.554060,0.530489,0.559477,0.498129,0.559561,0.576680,0.596356,0.622980,0.595949,0.560380,0.584838,0.581764,0.569623,0.641692,0.558334,0.580837,0.536863,0.531995,0.539090,0.599956,0.586422,0.572788,0.583855,0.613992,0.485528,0.553177,0.557796,0.516299,0.487846,0.569726,0.557146,0.538082,0.650455,0.584135,0.565390,0.573283,0.532163,0.573832,0.579830,0.580990,0.602296,0.582889,0.603374,0.610811,0.596641,0.500403,0.511258,0.560850,0.627557,0.546486,0.627774,0.621403,0.542497,0.565212,0.500097,0.495758,0.546575,0.568204,0.507182,0.631153,0.446282,0.644930,0.624277,0.511189,0.568300,0.536914,0.583686,0.518012,0.587005,0.578874,0.568752,0.566613,0.499447,0.536949,0.561830,0.578194,0.591287,0.493995,0.666159,0.497392,0.507914,0.635097,0.599725,0.607058,0.557470,0.581984,0.554964,0.508212,0.560386,0.662337,0.556041,0.545578,0.530753,0.577487,0.569511,0.573017,0.514073,0.580998,0.604949,0.525672,0.505567,0.554647,0.608830,0.540409,0.607795,0.532662,0.486288,0.574843,0.525387,0.541567,0.529051,0.584942,0.640492,0.575991,0.579009,0.528567,0.569838,0.623137,0.487618,0.513264,0.568090,0.537575,0.600165,0.507695,0.578382,0.536951,0.527678,#
17,0.620534,0.520300,0.535352,0.590417,0.617732,0.575320,0.583425,0.607331,0.608877,0.493040,0.542048,0.618747,0.579500,0.597289,0.484230,0.604156,0.578967,1.000000,0.560154,0.594885,0.621844,0.515861,0.503921,0.625917,0.580265,0.603424,0.580953,0.561668,0.519731,0.569291,0.569574,0.569227,0.571064,0.526396,0.513799,0.616341,0.499342,0.569488,0.643472,0.581365,0.623931,0.589884,0.581037,0.551683,0.563685,0.547083,0.552397,0.605209,0.582007,0.539109,0.599772,0.586755,0.551945,0.520741,0.579366,0.645705,0.571550,0.556654,0.568599,0.467166,0.547904,0.563945,0.525436,0.570607,0.606722,0.642048,0.601443,0.587460,0.551800,0.557443,0.532733,0.591135,0.568962,0.546276,0.524218,0.551442,0.531479,0.507149,0.531828,0.619174,0.598736,0.588150,0.629165,0.535020,0.535569,0.520895,0.642612,0.570308,0.567942,0.546311,0.543568,0.480275,0.630760,0.581080,0.504016,0.615439,0.583284,0.524774,0.521851,0.578018,0.583768,0.441344,0.569858,0.575825,0.519056,0.568748,0.573759,0.588203,0.540950,0.505031,0.573267,0.594148,0.522964,0.628307,0.587136,0.524264,0.540061,0.540285,0.489345,0.519614,0.520516,0.595605,0.549427,0.593572,0.656307,0.596737,0.588631,0.538295,0.486827,0.556275,0.638621,0.599497,0.611849,0.542957,0.565389,0.592910,0.560772,0.620806,0.586099,0.614904,0.586580,0.589138,0.637130,0.555693,0.571909,0.544092,0.550446,0.581210,0.532876,0.458119,0.575203,0.564092,0.536083,0.543802,0.648443,0.661394,0.657940,0.552654,0.604991,0.542440,0.553456,0.526311,0.670076,0.537348,0.561840,0.524448,0.501137,0.497078,0.595859,0.498289,0.620281,0.532815,0.582627,0.533036,0.604442,0.562532,0.598650,0.609011,0.476631,0.580443,0.588901,0.602768,0.549578,0.593156,0.572432,0.582577,0.519854,0.598018,0.539953,0.544203,0.542730,0.585953,0.598182,0.593336,0.612400,0.599889,0.513329,0.609637,0.522923,0.560379,#
18,0.611002,0.517881,0.532338,0.630892,0.580894,0.456886,0.581904,0.558489,0.554354,0.500442,0.556992,0.562009,0.590652,0.607516,0.535269,0.575411,0.571126,0.560154,1.000000,0.582656,0.609566,0.569796,0.548680,0.587465,0.519125,0.567058,0.526232,0.593420,0.544035,0.547235,0.454977,0.525569,0.588395,0.596826,0.561710,0.622990,0.560335,0.573063,0.590322,0.615198,0.619849,0.491890,0.565517,0.505978,0.634933,0.547342,0.559612,0.580280,0.536838,0.529621,0.550222,0.612782,0.611229,0.507841,0.594603,0.615087,0.513855,0.603796,0.517815,0.560670,0.559289,0.497860,0.583838,0.530681,0.662475,0.520317,0.543330,0.551629,0.466325,0.567543,0.528721,0.523142,0.532606,0.518371,0.589081,0.537472,0.561983,0.555062,0.602977,0.535196,0.554967,0.555032,0.599644,0.573356,0.539965,0.552022,0.585793,0.558175,0.557586,0.538937,0.583006,0.493847,0.579830,0.599971,0.638396,0.581213,0.603543,0.541290,0.581153,0.568735,0.574967,0.521277,0.583246,0.560234,0.602945,0.626678,0.513170,0.517499,0.560966,0.488818,0.601074,0.553540,0.607294,0.591935,0.520877,0.523152,0.529132,0.463277,0.509878,0.553539,0.530898,0.609677,0.549546,0.534103,0.575657,0.486313,0.562021,0.568468,0.591917,0.470189,0.542934,0.572133,0.496766,0.569753,0.606615,0.555009,0.583629,0.611910,0.520107,0.587693,0.489411,0.587902,0.548659,0.578274,0.549468,0.586731,0.551727,0.515639,0.514476,0.491697,0.536121,0.638686,0.527527,0.517678,0.586744,0.596637,0.613725,0.594129,0.572230,0.571885,0.559479,0.548288,0.631592,0.555810,0.554548,0.562058,0.621008,0.507775,0.543471,0.591865,0.521379,0.593331,0.590740,0.551220,0.506241,0.627440,0.606591,0.625596,0.518164,0.530909,0.540441,0.521741,0.545550,0.539385,0.559798,0.558267,0.589898,0.512636,0.533396,0.555138,0.528773,0.556527,0.545129,0.618397,0.594094,0.549657,0.512076,0.594949,0.603454,0.517240,#
19,0.551106,0.503668,0.541341,0.569616,0.646301,0.622731,0.478432,0.535259,0.554302,0.544057,0.531897,0.448305,0.562615,0.570905,0.558696,0.562052,0.614203,0.594885,0.582656,1.000000,0.590892,0.482282,0.488745,0.527476,0.472610,0.536427,0.587170,0.533115,0.543787,0.568441,0.574307,0.601377,0.528485,0.528507,0.485097,0.576565,0.524165,0.497249,0.570841,0.527164,0.587205,0.504070,0.517564,0.478622,0.540178,0.569996,0.614279,0.549787,0.545444,0.473222,0.513760,0.554105,0.528822,0.527209,0.548493,0.557185,0.581515,0.509795,0.565239,0.467639,0.574573,0.598783,0.602040,0.587429,0.632266,0.505780,0.504483,0.533312,0.454615,0.530945,0.553728,0.522925,0.551350,0.575393,0.557584,0.525997,0.491534,0.501410,0.584423,0.531774,0.579567,0.540150,0.608272,0.490574,0.520764,0.541038,0.570722,0.636762,0.560728,0.413838,0.536957,0.501918,0.606534,0.541546,0.507701,0.563799,0.599939,0.506375,0.465249,0.517186,0.535529,0.509144,0.580885,0.549269,0.571692,0.615662,0.508708,0.569063,0.515203,0.413475,0.486916,0.503026,0.568933,0.598023,0.550195,0.480080,0.606480,0.564149,0.477276,0.425285,0.504976,0.594001,0.523287,0.613457,0.637616,0.484475,0.603656,0.524093,0.553540,0.610532,0.520816,0.528432,0.544510,0.539900,0.610448,0.546992,0.528416,0.575064,0.511153,0.532361,0.473782,0.547076,0.563349,0.535325,0.522788,0.518387,0.479285,0.501091,0.563451,0.512481,0.521088,0.642248,0.495332,0.534780,0.617347,0.547523,0.605190,0.552507,0.565761,0.563928,0.577231,0.503722,0.579454,0.489386,0.569200,0.481434,0.463531,0.544242,0.579762,0.483343,0.563032,0.609277,0.612116,0.505778,0.539172,0.549035,0.587181,0.637563,0.536602,0.435741,0.463388,0.561551,0.537395,0.636436,0.597910,0.545802,0.492687,0.538488,0.553624,0.548183,0.562632,0.582145,0.507889,0.556325,0.512004,0.609576,0.428450,0.540438,0.546170,0.527915,#
20,0.581646,0.539607,0.560749,0.590567,0.672402,0.558136,0.643221,0.569998,0.555272,0.597708,0.543670,0.543552,0.557765,0.635559,0.562446,0.561271,0.647266,0.621844,0.609566,0.590892,1.000000,0.599477,0.484143,0.589779,0.563910,0.647474,0.616048,0.566736,0.558734,0.585741,0.532688,0.552632,0.582985,0.615176,0.558269,0.632127,0.601213,0.573491,0.622191,0.617819,0.607487,0.653458,0.543475,0.548669,0.677964,0.587171,0.625233,0.546027,0.552345,0.528744,0.544984,0.647263,0.567567,0.616683,0.624135,0.643985,0.594531,0.631860,0.612710,0.521648,0.602411,0.586658,0.644080,0.562952,0.643190,0.560830,0.583612,0.577919,0.600595,0.611354,0.609711,0.615753,0.556571,0.597322,0.579484,0.508778,0.516607,0.594541,0.604453,0.577686,0.573898,0.669492,0.626674,0.559031,0.567109,0.574427,0.649784,0.569960,0.617179,0.580108,0.597111,0.572772,0.603562,0.652279,0.665969,0.550975,0.557086,0.565703,0.591429,0.538880,0.616516,0.536247,0.671641,0.593019,0.623297,0.590808,0.577791,0.638254,0.570450,0.613064,0.631177,0.657294,0.571044,0.555660,0.591635,0.578673,0.628546,0.649429,0.494638,0.578698,0.583219,0.615041,0.554389,0.659166,0.625811,0.594300,0.591304,0.565735,0.598114,0.569323,0.608241,0.547004,0.589846,0.640220,0.638893,0.519822,0.581017,0.592518,0.595474,0.636973,0.564867,0.609475,0.595375,0.600162,0.588477,0.543508,0.566132,0.566062,0.578309,0.598748,0.628583,0.629177,0.556653,0.589472,0.647265,0.619526,0.622488,0.568443,0.570944,0.638830,0.586564,0.615423,0.634508,0.601229,0.628300,0.450160,0.501184,0.532208,0.612810,0.566419,0.615747,0.561231,0.659044,0.539728,0.560951,0.627575,0.560703,0.627536,0.605681,0.572128,0.568238,0.572058,0.534297,0.574149,0.581998,0.593268,0.549086,0.623646,0.544103,0.606238,0.474521,0.565726,0.542749,0.652554,0.577045,0.520984,0.579061,0.607610,0.588604,0.603441,#
21,0.490549,0.590599,0.549113,0.529896,0.496417,0.507098,0.548838,0.536190,0.598042,0.483139,0.472605,0.535056,0.515049,0.532022,0.483742,0.519917,0.571467,0.515861,0.569796,0.482282,0.599477,1.000000,0.452619,0.545649,0.444436,0.476868,0.564570,0.545845,0.501392,0.533730,0.503982,0.520534,0.529681,0.541075,0.511679,0.586101,0.591527,0.605140,0.625639,0.487197,0.531992,0.559134,0.515941,0.516639,0.553057,0.520753,0.516376,0.564374,0.494923,0.434417,0.522349,0.588553,0.469148,0.479138,0.531985,0.572480,0.534629,0.521451,0.497404,0.420709,0.555214,0.467207,0.580498,0.476147,0.651033,0.535031,0.510473,0.536470,0.541571,0.550330,0.531629,0.575999,0.585237,0.590611,0.539807,0.514220,0.432677,0.488978,0.538189,0.536001,0.531919,0.580443,0.547436,0.413645,0.567001,0.502180,0.565904,0.541524,0.513411,0.552330,0.475181,0.431884,0.514008,0.548512,0.568256,0.513661,0.555541,0.494520,0.466371,0.500805,0.590963,0.564687,0.547155,0.480454,0.489099,0.593029,0.495165,0.456344,0.550613,0.534113,0.571060,0.561606,0.470446,0.544844,0.486586,0.527793,0.574376,0.555783,0.423987,0.547665,0.471705,0.582610,0.482966,0.565323,0.546570,0.461644,0.530899,0.540636,0.525517,0.478536,0.561961,0.554749,0.580705,0.510851,0.569364,0.478604,0.468319,0.512365,0.505679,0.596915,0.543292,0.574094,0.526664,0.538258,0.521943,0.554382,0.560249,0.538632,0.462850,0.508851,0.585229,0.555303,0.493051,0.503045,0.600387,0.570800,0.546065,0.495679,0.513089,0.515880,0.519831,0.555121,0.615138,0.565927,0.590501,0.419368,0.523389,0.513176,0.492236,0.601662,0.520060,0.492783,0.531041,0.458139,0.504915,0.597825,0.510625,0.586456,0.457801,0.485219,0.503224,0.518441,0.417389,0.583506,0.497139,0.587285,0.521155,0.452693,0.473800,0.569845,0.544913,0.461452,0.541304,0.590896,0.582185,0.542034,0.510961,0.584647,0.539123,0.512064,#
