0,1.000000,0.087028,0.150730,0.119060,0.204593,0.146845,0.123286,0.004421,0.185346,0.093024,0.195618,0.068564,0.085762,0.045624,0.265623,0.244156,0.207261,0.284198,0.198887,0.299914,0.120465,0.123913,0.186591,0.368721,0.123825,0.076860,0.158111,-0.006458,0.151899,0.279140,0.013490,0.204250,0.102877,0.182114,0.187108,0.133094,0.074913,0.081778,0.255687,0.209217,0.207606,0.084883,0.224703,0.047865,0.074336,0.112914,0.104062,0.240702,0.205920,0.242187,0.128705,0.072769,0.059881,0.200091,0.253210,0.209464,0.250310,0.189604,0.064099,0.046113,0.233310,0.141686,0.170338,0.091597,0.130872,0.104078,0.159597,0.176842,0.135309,0.156005,0.123795,0.062209,0.209799,0.251095,0.079419,-0.081937,0.223349,0.193655,0.084062,0.099915,0.191002,0.059490,0.099219,0.189265,0.341439,0.080217,0.208834,0.213740,0.252159,0.177901,0.071669,0.015494,0.202908,0.114087,0.178983,0.160102,0.264712,0.064345,0.144378,0.284186,0.226933,0.149462,0.081575,0.220581,0.139855,0.184059,0.247372,0.176571,0.163769,-0.069469,0.009792,0.154623,0.055023,0.210052,0.104209,0.106958,0.128444,0.102878,0.109395,0.112084,0.254972,0.177142,0.184894,0.176782,0.188132,0.252318,0.175559,0.016857,0.072245,0.257022,0.187894,0.098830,0.184193,0.031114,0.154517,0.159205,0.231052,0.060239,0.010738,0.218890,0.288213,0.121986,0.108086,0.160854,0.120422,0.052488,0.137199,0.122985,0.201299,0.029998,0.013489,0.089651,0.194787,0.072793,0.171929,0.143043,0.127656,0.119927,0.192121,0.175768,0.243055,0.273530,0.142321,0.004214,0.130132,0.190527,0.123767,0.238720,0.176092,0.077718,0.174132,0.041645,0.182467,0.145429,0.033948,0.256918,0.353716,0.215356,0.132833,0.064847,0.153365,0.231372,0.140564,0.104635,0.158386,0.051153,0.168224,0.271753,0.218151,-0.001590,0.039154,0.177479,0.103816,0.144497,0.233996,0.134844,0.062142,0.178635,0.261178,0.204086,#
1,0.087028,1.000000,0.121106,0.143068,0.122494,0.168108,0.238728,0.158716,0.303637,0.078681,0.278727,0.255799,0.123193,0.043729,0.036051,0.014244,0.156802,0.172128,0.036573,0.174874,0.021923,0.155528,0.097349,0.116507,0.174410,0.152970,0.104793,0.187838,-0.069464,0.132073,0.205077,0.124336,0.005805,0.195708,0.040277,0.118774,0.130516,-0.000838,0.270094,0.165434,0.085309,0.018009,0.236742,0.117072,0.095259,0.141309,0.361826,0.172666,0.149379,0.065312,0.181358,0.164783,0.186484,0.148956,0.076686,0.161025,0.124227,0.016705,0.063836,0.082590,0.093150,0.121134,0.177741,0.019149,0.119326,0.274071,0.132866,0.261833,0.173738,0.239927,0.143250,0.156746,0.278635,0.063212,0.213161,0.089909,0.074864,0.125684,0.295533,0.074739,0.157209,0.209754,0.084020,0.155712,0.257838,-0.055288,0.194997,0.190104,0.147721,0.118940,0.134535,0.139541,0.079295,0.144575,0.116632,0.167145,0.097558,0.043006,0.074013,0.097455,0.205127,0.056884,0.074616,0.092963,0.027079,0.153502,0.204827,0.257627,0.128700,0.090985,0.143942,0.168337,0.047929,0.146762,0.200362,0.292730,0.133615,0.085435,0.045064,0.055623,0.026638,0.176813,0.230264,0.183911,0.181820,0.123050,0.117729,0.141766,0.160847,0.234766,0.084216,0.195601,0.183092,0.118886,0.248779,0.279782,0.187894,0.253238,0.137343,0.203683,0.210313,0.048336,0.160318,0.208800,0.238440,0.091670,0.041351,0.084065,0.172109,0.011653,0.152486,0.102189,0.045174,-0.065703,0.321771,0.125588,0.047324,0.084447,-0.033424,0.002134,0.026844,0.274265,0.199871,0.191713,0.194930,0.094288,0.112765,0.046436,0.117536,0.216051,0.123592,0.186842,0.111416,0.076511,0.097398,0.213816,0.119507,0.212291,0.149962,0.047035,0.121285,0.035481,0.221541,0.093997,0.203961,0.150407,0.071346,-0.024257,0.238139,0.211587,0.235388,0.172518,-0.000933,0.127044,0.117739,0.086753,0.019960,0.273334,0.062604,0.263646,#
2,0.150730,0.121106,1.000000,0.218072,0.268020,0.122592,0.183521,0.209524,0.150226,0.136492,0.254353,0.262477,0.118638,0.288637,0.068037,0.205535,0.084929,0.064577,0.137742,0.189057,0.282166,0.229507,0.038420,0.134087,0.125202,0.259280,0.265950,0.115737,0.043935,0.257478,0.029571,0.040222,0.121524,0.137525,0.134040,0.181466,0.141940,0.018118,0.136086,0.051309,0.159685,0.093976,0.257211,0.109637,0.041051,0.175573,0.173505,0.134983,0.026130,0.129461,0.196070,0.227731,0.140569,0.113066,0.058379,0.163279,0.115763,0.047750,0.190531,0.193050,0.263480,0.100700,0.115686,0.168723,0.244222,0.208333,0.075407,0.088888,0.173366,0.209654,0.134455,0.142838,0.112017,0.198985,0.265124,0.121940,0.154778,0.151406,0.131892,0.097502,0.253292,0.052659,0.113297,0.009180,0.198046,0.083239,0.200814,0.222540,0.071143,0.020467,0.088636,0.191686,0.235628,0.176434,0.099686,0.212435,0.185548,0.086694,0.214108,0.094146,0.256860,0.108223,0.052641,0.225244,0.068854,0.189201,0.230295,0.205564,0.176516,0.182727,0.152861,0.127851,0.235529,0.149080,0.100404,0.232592,0.134739,0.137317,-0.149750,0.075183,0.094214,0.084910,0.088554,0.152428,0.110696,0.057947,0.266590,0.112153,0.185668,0.199911,0.091314,0.159122,0.163003,0.117161,0.267663,0.151054,0.190853,0.169054,0.083797,-0.001702,0.122495,0.119511,0.151852,0.120086,0.257730,0.139669,0.009312,0.093940,0.230565,0.087073,0.110345,0.251908,0.240326,0.135743,0.105268,0.051313,0.047926,-0.005600,0.146809,0.181847,0.056482,0.311637,0.213208,0.232174,0.117689,0.225445,0.109611,0.041972,0.006188,0.115705,0.053987,0.319974,0.176423,0.053755,0.129468,0.125544,0.226697,0.138914,-0.008686,0.069901,0.226397,0.164787,0.055305,0.271712,0.054999,0.149868,0.145066,0.030788,0.137753,0.022730,0.077515,0.170947,0.283102,0.110394,0.149381,0.053621,-0.035965,0.150729,0.277557,0.249615,#
3,0.119060,0.143068,0.218072,1.000000,0.261421,0.176645,0.261511,0.144709,0.313174,0.144208,0.253158,0.255355,0.139541,0.170643,0.134675,0.132073,0.188444,0.214096,0.260758,0.206260,0.231328,0.177656,0.187425,0.336882,0.158653,0.241850,0.204119,0.160327,0.185451,0.291210,0.190333,0.212342,0.324136,0.257335,0.013227,0.214667,0.271349,0.225142,0.331653,0.153937,0.202309,0.275513,0.213592,0.307835,0.053121,0.193671,0.163652,0.228166,0.054616,0.169445,0.192251,0.198345,0.196339,0.094760,0.086953,0.301383,0.183149,0.173381,0.176322,0.186506,0.238795,0.073711,0.168603,0.096720,0.365026,0.194038,0.181450,0.099731,0.032544,0.298237,0.137982,0.159150,0.301370,0.121682,0.225902,0.226518,0.168742,0.148616,0.209293,0.066658,0.280294,0.230339,0.219254,0.054892,0.305791,0.086905,0.167538,0.200604,0.223339,0.171944,0.266364,0.185470,0.212033,0.227771,0.177792,0.232644,0.210819,0.058463,0.252089,0.170979,0.301854,0.104557,0.170577,0.175653,0.305651,0.131743,0.284752,0.216838,0.142315,0.147028,0.176356,0.093952,0.197456,0.179993,0.111015,0.175670,0.177272,0.164303,0.057780,0.082993,0.183801,0.182982,0.205582,0.248420,0.113084,0.115178,0.261758,0.260125,0.156874,0.268221,0.235419,0.273864,0.277214,0.194595,0.233120,0.274065,0.082700,0.150040,0.189021,0.134217,0.171271,0.268373,0.227648,0.164833,0.111196,0.179296,0.222095,0.320073,0.174777,0.187957,0.055760,0.075513,0.120954,0.169616,0.323180,0.063277,0.032219,0.101803,0.260323,0.236871,0.186354,0.255103,0.226281,0.246732,0.149093,0.178297,0.195174,0.144313,0.107406,0.146626,0.187277,0.115569,0.135608,0.043620,0.097098,0.285475,0.239199,0.246103,0.044481,0.149469,0.133235,0.267958,0.271145,0.125068,0.038775,0.127831,0.143274,0.121599,0.144402,0.155400,0.162208,0.231150,0.318435,0.099441,0.187606,0.174598,0.219786,0.249453,0.222809,0.181601,#
4,0.204593,0.122494,0.268020,0.261421,1.000000,0.291684,0.116116,0.165060,0.297760,0.195928,0.079346,0.189274,0.193269,0.188040,0.145964,0.185704,0.175308,0.197408,0.190355,0.348159,0.365503,0.181940,0.206997,0.340026,0.097890,0.293775,0.143364,0.046908,0.215537,0.112984,0.119680,0.189574,0.247409,0.222933,0.098156,0.233587,0.360051,0.111565,0.262095,0.142610,0.222168,0.291044,0.220278,0.168595,0.277737,0.191683,0.337795,0.235388,0.125938,0.171972,0.130785,0.160500,0.175192,0.247073,0.264913,0.278864,0.199862,0.178714,0.267287,0.218649,0.261034,0.233856,0.143234,0.014841,0.216867,0.157073,0.159159,0.198616,0.115199,0.224182,0.223734,0.212240,0.283174,0.220183,0.214380,0.048330,0.117962,0.292995,0.229077,0.158262,0.289715,0.240773,0.118319,0.056637,0.390801,0.130829,0.187032,0.230885,0.233168,0.157478,0.289555,0.063447,0.194552,0.179462,0.199239,0.262028,0.197502,0.161541,0.171713,0.173438,0.221258,0.093631,0.202952,0.237776,0.133595,0.219139,0.138529,0.240821,0.172019,0.252052,0.268120,0.233632,0.315405,0.368015,0.162463,0.107981,0.220086,0.109541,0.016833,0.082053,0.115685,0.184878,0.216460,0.112551,0.290612,0.017039,0.262602,0.155529,0.271106,0.234578,0.239145,0.092764,0.283115,0.256291,0.304601,0.245412,0.177318,0.053054,0.209299,0.115228,0.210156,0.111295,0.236026,0.118927,0.242920,0.224681,0.153348,0.201569,0.181729,0.192574,0.124190,0.148839,0.237109,0.314862,0.312389,0.077407,0.259780,0.128327,0.097897,0.237575,0.204753,0.215280,0.177187,0.144674,-0.020772,0.248436,0.069254,0.127813,0.097017,0.210078,0.072600,0.188916,0.347755,0.198965,0.247466,0.280649,0.313491,0.276659,0.138080,0.128180,0.078096,0.090301,0.264175,0.155469,0.160859,0.211028,0.019764,0.246018,0.210807,0.265066,0.089637,0.151275,0.136258,0.131471,0.120561,0.243817,0.192867,0.207224,0.264711,0.368385,#
5,0.146845,0.168108,0.122592,0.176645,0.291684,1.000000,0.137108,0.206819,0.288228,0.235262,0.277725,0.135748,0.191306,0.163968,0.179708,0.212218,0.188273,0.230360,0.041364,0.251683,0.215502,0.050672,0.193267,0.278026,0.216959,0.185974,0.237182,0.208048,0.203856,0.217713,0.250032,0.264498,0.300989,0.264061,0.067405,0.201264,0.247339,0.108338,0.229436,0.175494,0.224123,0.180759,0.091610,0.274847,0.173793,0.202109,0.292174,0.129499,0.207353,0.172917,0.108930,0.213341,0.148113,0.138142,0.085806,0.313294,0.139287,0.070548,0.323833,0.157675,0.184577,0.200678,0.204577,0.056979,0.245256,0.233880,0.191473,0.194075,0.213924,0.066511,0.205902,0.179915,0.317092,0.260608,0.158226,0.203844,0.244380,0.284907,0.240278,0.181306,0.260125,0.234926,0.243943,0.048314,0.163122,0.132406,0.194900,0.222369,0.256770,0.029720,0.059801,0.224794,0.289894,0.321034,0.171597,0.232045,0.132664,0.194963,0.293015,0.156182,0.202295,0.209647,0.081726,0.236304,0.155320,0.238553,0.198045,0.272626,0.119007,0.146145,0.178485,0.224924,0.164359,0.167955,0.197148,0.153675,0.226140,0.156797,0.066886,0.080509,0.067712,0.214480,0.138242,0.283199,0.077479,0.100523,0.158470,0.051989,0.220358,0.237787,0.258800,0.242263,0.313340,0.195052,0.322807,0.354554,0.207301,0.183818,0.148094,0.005310,0.255154,0.162080,0.217441,0.259338,0.284024,0.121393,0.093268,0.158059,0.104894,0.151453,0.236371,0.030305,0.217944,0.240517,0.191639,0.200928,0.226546,0.116448,0.263937,0.143930,0.227549,0.223663,0.226645,0.164751,0.166641,0.162180,0.065227,0.260440,0.252352,0.224395,0.274599,0.211952,0.159709,0.126479,0.102308,0.246858,0.236627,0.230306,0.238021,0.110885,0.247009,0.104798,0.402450,0.172738,0.132175,0.235974,0.188341,0.147993,0.117898,0.104704,0.091360,0.198219,0.180368,0.179197,0.204759,0.115296,0.122502,0.318278,0.167569,0.283822,#
6,0.123286,0.238728,0.183521,0.261511,0.116116,0.137108,1.000000,0.128290,0.218507,0.025000,0.155376,0.130907,0.140498,0.224033,0.098232,0.149711,0.149703,0.182117,0.141853,0.105486,0.252476,0.147462,-0.058400,0.110088,0.059558,0.114897,0.113163,0.113566,0.161510,0.275482,0.123966,0.133402,0.117168,0.165208,0.060723,0.110985,0.036126,0.153020,0.155769,0.140830,0.091868,0.026742,0.130244,0.126941,0.180337,0.126018,0.173461,0.124042,0.153426,0.150583,0.090065,0.149890,0.188886,0.138791,0.016731,0.112692,0.141227,0.143144,0.224319,0.183995,0.245813,0.040800,0.121841,0.143756,0.260476,0.288816,0.220728,0.180101,0.137591,0.112407,0.095569,0.141199,0.192451,0.200107,0.244512,0.172225,0.164727,0.153590,0.183275,0.097546,0.182578,0.084839,0.254056,0.034311,0.193268,0.141481,0.128854,0.159079,0.103628,0.129147,0.127681,0.062656,0.094786,0.117748,0.087416,0.078027,0.285240,0.109841,0.134092,0.247695,0.175084,0.181862,0.236142,0.092738,-0.143047,0.165779,0.156200,0.090415,0.128756,0.101989,0.147957,0.166131,0.062173,-0.001238,0.132748,0.098445,0.349858,0.063711,0.115693,0.094737,0.219620,0.182143,0.042366,0.190103,0.158111,0.133950,0.038435,0.206568,0.058354,0.242200,0.122725,0.087589,0.227402,0.024880,0.242156,0.227078,0.087231,0.151620,0.222946,0.138696,0.175133,0.088092,0.058495,0.137829,0.050307,0.115962,0.133492,0.090282,0.147780,-0.098792,0.225914,0.037350,0.130439,-0.044404,0.274868,0.002574,0.004020,0.210356,0.154378,0.046293,0.034770,0.285708,0.271164,0.194932,0.167070,0.208319,0.100005,0.128412,0.109656,0.124766,0.048778,0.106056,0.082531,0.056782,0.159880,0.208619,0.087865,0.238870,0.181941,-0.038637,0.104698,0.057862,0.251749,0.255779,0.237716,0.148285,0.028543,0.103820,0.020106,0.219587,0.078353,0.175925,0.138224,0.218148,0.062872,0.063113,0.150259,0.212328,0.163966,0.203679,#
7,0.004421,0.158716,0.209524,0.144709,0.165060,0.206819,0.128290,1.000000,0.307372,0.177561,0.208155,0.285375,0.109523,0.186840,0.264414,0.111351,0.174820,0.248416,0.072617,0.171664,0.134383,0.183070,0.214803,0.163512,0.234412,0.154536,0.190195,0.240353,0.078510,0.203807,0.046579,0.136517,0.142968,0.144688,0.024917,0.145746,0.020373,-0.014601,0.254263,0.168301,0.109081,0.113393,0.139777,0.262962,0.186081,0.221779,0.179757,0.173923,0.118367,0.138775,0.193499,0.129757,0.033777,0.227837,0.119872,0.162841,0.128956,0.191564,0.190504,0.092093,0.190775,0.129360,0.105637,0.071237,0.227682,0.225185,0.134845,0.099550,0.155372,0.333388,0.121243,0.035471,0.361792,0.137833,0.172580,0.138519,0.033566,0.185665,0.236607,0.273998,0.227845,0.141812,0.181164,0.085421,0.235720,0.055115,0.118019,0.140186,0.156204,0.171130,0.032910,0.076293,0.205691,0.172977,0.084884,0.013262,0.055869,0.189311,0.089052,0.127464,0.204074,0.090414,0.074951,0.101124,0.020831,0.261864,0.282422,0.120260,0.138296,0.139577,0.089368,0.047932,0.117568,0.127752,0.337364,0.180899,0.019461,-0.008799,0.007221,0.264158,0.141213,0.176666,0.108725,0.256756,0.234286,0.064945,0.211016,0.216360,0.130754,0.132213,0.112722,0.116984,0.305142,0.091548,0.322850,0.286919,-0.031221,0.297459,0.052832,0.100492,0.280719,0.123417,0.145903,0.089322,0.179350,0.159003,0.193130,0.160777,0.157990,0.155250,0.098919,0.208328,0.116067,0.126350,0.070285,0.170284,0.163248,0.140376,0.157817,0.186031,0.168344,0.151326,0.211713,0.108314,0.012925,0.272455,0.222330,0.030361,0.091329,0.083109,0.181419,0.215764,0.188005,0.120648,0.184959,0.127662,0.153705,0.158537,-0.021600,0.149142,0.281362,0.094560,0.171084,0.206204,-0.055594,0.195542,-0.005224,-0.038987,0.149884,0.247037,0.168375,0.075255,0.176446,0.042612,0.123104,0.110121,0.050675,0.201335,0.173748,0.182708,#
8,0.185346,0.303637,0.150226,0.313174,0.297760,0.288228,0.218507,0.307372,1.000000,0.234319,0.211842,0.243155,0.213105,0.202490,0.308600,0.222906,0.106294,0.202889,0.152306,0.249540,0.196581,0.203157,0.217606,0.348198,0.114241,0.266099,0.170386,0.247861,0.060067,0.281247,0.083815,0.222398,0.169247,0.209113,0.065446,0.220456,0.285083,0.063677,0.243863,0.242685,0.206257,0.238239,0.142242,0.200459,0.251068,0.212453,0.137829,0.199927,0.137635,0.187237,0.179299,0.329302,0.054204,0.357468,0.149625,0.364353,0.144925,0.300698,0.152920,0.267503,0.276367,0.111529,0.307222,-0.008699,0.320900,0.349707,0.227095,0.193453,0.343377,0.282202,0.148568,0.151185,0.347305,0.192481,0.208077,0.128305,0.131225,0.204255,0.239369,0.180476,0.272162,0.290274,0.224217,0.066858,0.341280,0.169115,0.133374,0.214328,0.167341,0.286745,0.189108,0.234632,0.196537,0.191079,0.366883,0.303586,0.228070,0.158206,0.233119,0.108219,0.278300,0.082953,0.135840,0.215149,0.239725,0.238487,0.321164,0.254136,0.132321,0.183575,0.162745,0.205173,0.081713,0.219379,0.288038,0.316949,0.174361,0.146848,0.059781,0.260919,0.271681,0.197961,0.230525,0.236547,0.230447,0.280223,0.221069,0.303229,0.168946,0.274358,0.166127,0.105659,0.336196,0.172031,0.373108,0.311333,0.134808,0.223279,0.197028,0.110860,0.207937,0.223552,0.278877,0.159124,0.159374,0.173728,0.281512,0.290504,0.199578,0.169103,0.221023,0.082269,0.184510,0.258108,0.405053,0.288105,0.156557,0.274159,0.136156,0.253025,0.110318,0.223210,0.174049,0.171169,0.225841,0.227058,0.242095,0.081838,0.232166,0.205531,0.232401,0.252840,0.188192,0.170072,0.228902,0.268806,0.174046,0.309514,0.193760,0.160438,0.235069,0.173332,0.121924,0.257978,0.197761,0.260932,0.045399,0.046322,0.252023,0.232444,0.213506,0.156669,0.211881,0.115927,0.217199,0.114481,0.143333,0.150851,0.179743,0.210098,#
9,0.093024,0.078681,0.136492,0.144208,0.195928,0.235262,0.025000,0.177561,0.234319,1.000000,0.272159,0.036837,0.074929,0.167251,0.224104,0.192221,0.071737,0.055966,0.025100,0.292305,0.150566,0.077247,0.166839,0.205351,0.005951,0.087828,0.234965,0.154799,0.117200,0.141379,0.173943,0.144131,0.049474,0.202543,0.229753,0.118468,0.027771,0.110461,0.177739,0.023362,0.266444,0.113487,0.116735,-0.009771,0.117198,0.158755,0.151051,0.084126,0.033186,0.066059,0.022618,0.196581,0.029890,0.150469,0.105064,0.259196,0.132506,0.170826,0.192845,0.044723,0.195729,0.045235,0.233484,0.087861,0.199758,0.203363,0.085651,0.075432,0.134964,0.071968,0.250311,0.175110,0.175074,0.139415,0.140205,0.099053,-0.013649,0.097386,0.254830,0.187074,0.071690,0.261334,-0.014256,-0.000714,0.250842,0.092365,0.112835,0.227734,-0.035708,-0.064179,-0.011547,0.197682,0.170002,0.039257,0.122156,0.107680,0.184817,0.227941,0.211989,-0.028584,0.124207,0.153795,0.227943,0.103914,0.268109,0.138068,0.154551,0.036060,0.190664,0.068853,0.131236,0.150534,0.236019,0.265805,0.063553,0.180089,0.051582,0.095851,0.112210,-0.064580,0.134213,0.249285,0.106141,0.238260,0.079406,0.109690,-0.012196,0.154405,0.213709,0.232702,0.166691,0.043435,0.164651,0.201276,0.176942,0.175995,0.148379,0.171929,0.062739,-0.048488,0.049937,0.224385,0.185618,0.105320,0.034837,0.105905,0.137658,0.173224,0.054805,0.231702,0.066500,-0.078116,0.254556,0.231130,0.211515,0.193537,0.152785,0.133868,0.309410,0.087032,0.169167,0.081525,0.053591,0.260139,0.150521,0.085002,0.079018,0.090406,0.262250,0.073330,0.177389,0.236108,0.079977,0.118763,0.099379,0.230422,0.165445,0.105679,0.076553,0.116860,0.078760,0.047403,0.230979,0.157250,0.061472,0.149491,0.050955,0.067185,0.333203,0.125546,0.090176,0.146598,0.056560,0.135594,0.043964,0.103013,0.101889,0.118647,0.127005,0.179509,#
10,0.195618,0.278727,0.254353,0.253158,0.079346,0.277725,0.155376,0.208155,0.211842,0.272159,1.000000,0.114333,-0.085906,0.151777,0.172169,0.133699,0.129805,0.170649,0.131626,0.199825,0.098643,0.063363,0.011031,0.226050,0.107115,0.029118,0.167262,0.292975,0.030459,0.252871,0.180094,0.167276,0.162431,0.173900,0.159027,0.186507,0.034936,0.110817,0.258596,0.083323,0.266270,0.081041,0.092655,0.007133,0.083447,0.170876,0.209722,0.216059,0.232614,0.264382,0.074640,0.201046,0.104887,0.154423,0.049497,0.281192,0.123554,0.071838,0.139192,0.139971,0.099991,0.170871,0.198201,0.236793,0.304229,0.228665,0.169037,0.062871,0.069532,0.120316,0.105547,0.207334,0.203751,0.193350,0.126582,0.174689,0.111539,0.094938,0.165726,0.149729,0.289144,0.163106,0.225718,0.143229,0.287704,0.028679,0.204230,0.273863,0.059963,0.172719,0.074618,0.149810,0.250695,0.157771,0.192971,0.250543,0.168553,0.033994,0.296563,0.192533,0.119284,0.118819,0.167309,0.098565,0.282706,0.012820,0.242354,0.267273,0.143601,0.080719,0.033451,0.221129,0.097920,0.135073,0.278628,0.313400,0.103477,0.063121,0.129106,0.069590,0.114748,0.239531,0.083210,0.152441,0.042113,0.055921,0.191679,0.256577,0.126056,0.203563,0.159572,0.094366,0.199589,0.070204,0.243931,0.201435,0.084689,0.358376,0.087068,0.061372,0.274801,0.059216,0.177703,0.110764,0.066032,0.029699,-0.006548,0.087950,0.109670,0.098802,0.143584,0.131787,0.238147,0.081042,0.193106,0.088874,0.221519,0.014225,0.236937,0.159053,0.225328,0.152402,0.252231,0.204969,0.141691,0.171372,0.237945,0.190989,0.247840,0.195298,0.159591,0.166991,0.052439,0.171669,0.147709,0.111593,0.225919,0.244121,0.081043,0.199116,0.148421,0.085520,0.308369,0.097110,0.169175,0.104544,0.040841,-0.053065,0.158316,0.177883,0.198721,0.130895,0.159602,0.086296,0.235749,0.075063,0.013719,0.265194,0.248921,0.336445,#
11,0.068564,0.255799,0.262477,0.255355,0.189274,0.135748,0.130907,0.285375,0.243155,0.036837,0.114333,1.000000,0.128281,0.125498,0.035857,0.063473,0.089180,0.276348,0.148681,0.017903,0.114420,0.173049,-0.024037,0.119573,0.230321,0.264476,-0.046190,0.278791,-0.075411,0.232346,0.202652,0.185957,0.137755,0.221422,0.089329,0.125778,0.223150,0.037283,0.155557,0.205167,0.166666,0.210929,0.277002,0.207857,0.047313,0.216867,0.244554,0.087278,0.172519,0.105298,0.164423,0.204611,0.092329,0.326175,0.014562,0.119108,0.109972,0.266018,0.194036,0.058776,0.092982,0.058127,0.217593,0.050263,0.199285,0.246573,0.214862,0.278444,0.159420,0.272569,0.109216,0.075992,0.245892,0.108030,0.101786,0.042876,0.137208,0.117555,0.183793,0.076280,0.220077,0.113784,0.228922,0.090643,0.296000,-0.027589,0.147823,0.244111,0.272968,0.073438,0.074768,0.201242,0.313492,0.309679,0.158188,0.230670,0.009989,0.091961,0.182888,0.217480,0.191594,0.106917,0.028961,0.162485,0.114434,0.315738,0.257983,0.256670,0.212166,0.161027,0.215257,0.161285,0.197440,0.154120,-0.020359,0.337088,0.069777,0.152655,-0.068715,0.160461,0.087881,0.187978,0.208756,0.140724,0.189762,0.031384,0.154464,0.157179,0.215933,0.211364,0.104723,0.243905,0.258899,0.246789,0.180591,0.183316,-0.035220,0.314606,0.018366,0.227629,0.177270,0.053576,0.159431,0.169829,0.216036,0.107728,0.151110,0.135020,0.133593,0.099823,0.062566,0.241225,0.101458,0.185508,0.303378,0.100013,0.075193,-0.016837,0.179915,0.163287,0.129270,0.250730,0.052941,0.071406,0.155335,0.106519,0.280256,0.127162,0.185026,0.187087,0.193490,0.159120,0.084669,0.020149,0.142660,0.201300,0.229459,0.197295,0.032338,0.140184,0.248242,0.107035,0.174467,0.071175,0.003483,0.196126,0.041418,0.062777,0.154728,0.166109,0.138104,0.046887,0.319826,0.116013,0.233602,0.090023,0.119551,0.196725,0.129442,0.265557,#
12,0.085762,0.123193,0.118638,0.139541,0.193269,0.191306,0.140498,0.109523,0.213105,0.074929,-0.085906,0.128281,1.000000,0.063338,0.213682,0.095198,0.318207,0.215311,0.179540,0.308929,0.105220,0.116312,0.158404,0.218359,0.037462,0.156641,0.146935,0.122786,0.129905,0.147513,0.006289,0.220371,0.222980,0.157275,0.161899,0.220343,0.208783,-0.026759,0.163868,0.175767,0.142490,-0.008173,0.204828,0.292613,0.194421,0.191823,0.198686,-0.038226,0.148732,0.088797,0.234118,0.104664,0.036394,0.226499,0.114197,0.142919,0.016560,0.160762,0.114675,-0.024932,0.081899,0.227878,0.015001,0.123360,0.267623,0.219056,0.129791,0.163732,0.154816,0.121216,0.126401,0.111331,0.159925,0.054437,0.281996,0.180910,0.152339,-0.000064,0.123135,0.023534,0.225529,0.148536,0.062397,0.061460,0.187080,0.149103,0.092835,0.194372,0.224863,0.044722,0.047738,0.014969,0.060894,0.132563,0.160006,0.179538,0.357035,0.194093,0.085134,0.041281,0.160869,0.135744,0.111615,0.182765,0.138773,0.115372,0.189471,0.058593,0.020053,0.081227,0.245266,0.047081,0.127444,0.157074,0.134403,0.067888,0.173266,0.042848,0.081249,0.024236,0.162516,0.164126,0.244731,0.222419,0.231350,-0.032679,0.146473,-0.003044,0.000539,0.122593,0.141477,0.093509,0.130949,0.115284,0.109400,0.092857,0.173980,0.197196,0.199679,0.099240,0.166516,0.112408,0.156179,0.096750,0.086600,0.206690,0.075618,0.175965,0.110495,0.102366,0.061364,0.250151,0.116913,0.068534,0.107575,0.179435,0.062570,-0.055930,0.047586,0.108432,0.046664,0.346825,0.224013,0.206294,0.169667,0.074727,0.234971,0.104047,0.011966,0.077831,0.147341,0.166916,0.077413,0.145050,0.167825,0.129050,0.182351,0.252060,0.060241,0.081582,0.146807,0.129522,0.204502,0.153643,0.093170,0.171268,0.091830,0.228043,0.103584,-0.004683,0.134763,0.054406,0.137511,0.141618,0.007713,0.073857,0.121308,0.143808,0.168232,0.065118,#
13,0.045624,0.043729,0.288637,0.170643,0.188040,0.163968,0.224033,0.186840,0.202490,0.167251,0.151777,0.125498,0.063338,1.000000,0.236380,0.140172,0.258101,0.079414,0.186893,0.222411,0.224842,0.158094,0.036129,0.187038,-0.000154,0.249080,0.277933,0.210452,0.116143,0.174633,0.153322,0.199245,0.213324,0.162164,0.181409,0.145243,0.042586,0.087689,0.028903,0.135258,0.068542,0.216132,0.220669,0.177302,0.119281,0.177978,0.165686,0.171173,0.163612,0.085409,0.163092,0.179901,0.167174,0.285525,0.131539,0.258057,0.048495,0.215497,0.139150,0.205277,0.206870,0.156232,0.284190,0.100419,0.195971,0.193677,0.337204,0.155527,0.281093,0.166980,0.019666,0.061159,0.181862,0.150709,0.286582,0.180010,0.210211,0.231042,0.230229,0.235953,0.194169,0.281126,0.158397,0.237883,0.237471,0.024834,0.207564,0.218973,0.225177,0.122615,0.121056,0.081364,0.257609,0.242024,0.067715,0.096259,0.200041,0.081268,0.215056,0.234320,0.235660,0.218146,0.264227,0.245274,0.075415,0.197809,0.222450,0.166509,0.290207,0.181852,0.104396,0.189213,0.306874,0.185662,0.286758,0.230971,0.284168,0.219524,0.026457,0.218688,0.235515,0.200641,0.179098,0.212745,0.222574,-0.028831,0.070591,0.026203,0.246801,0.277297,0.091544,0.150136,0.157652,0.131406,0.348625,0.192416,0.145658,0.157522,0.225697,0.133606,-0.022460,0.104612,0.357626,0.187803,0.151573,0.267385,0.240387,0.221657,0.072791,0.207472,0.070519,0.155337,0.189786,0.227365,0.256680,0.259882,0.004316,0.198318,0.228498,0.249465,0.107426,0.326212,0.167171,0.291350,0.165939,0.204170,0.082621,0.096541,0.162748,0.180542,0.156357,0.311311,0.192480,0.107538,0.181218,0.210155,0.159382,0.208929,0.260648,-0.049028,0.132418,0.204326,0.186368,0.208461,0.178791,0.251269,0.202730,0.095653,0.033318,0.188314,0.149731,0.192436,0.205712,0.158816,0.143560,0.209089,0.103873,0.127954,0.249113,0.225734,#
14,0.265623,0.036051,0.068037,0.134675,0.145964,0.179708,0.098232,0.264414,0.308600,0.224104,0.172169,0.035857,0.213682,0.236380,1.000000,0.273104,0.146166,0.207440,0.252689,0.322717,0.182492,0.097121,0.179379,0.321178,0.152751,0.090059,0.201979,0.206164,0.223213,0.182771,0.033445,0.207977,0.137659,0.123849,0.218902,0.180346,0.139221,0.162105,0.182286,0.253084,0.112410,0.061068,0.197715,0.089049,0.213467,0.260373,0.140702,0.112129,0.086619,0.159655,0.236100,0.089862,0.158876,0.252569,0.326054,0.236542,0.198113,0.160301,0.189942,0.131853,0.261431,0.204160,0.120451,0.168409,0.162554,0.118485,0.196205,0.193220,0.152931,0.221635,0.126634,0.175958,0.168984,0.298247,0.204381,0.105920,0.211390,0.191008,0.126635,0.155489,0.267258,0.236257,0.183992,0.214987,0.241678,0.155897,0.000940,0.166342,0.141742,0.099366,0.115996,0.097660,0.259845,0.189156,0.206515,0.114278,0.336443,0.122647,0.148632,0.102072,0.193064,0.204815,0.182147,0.194568,0.176509,0.135433,0.263546,0.226490,0.041268,0.138701,0.062859,0.001088,0.172719,0.180976,0.209970,0.176570,0.163413,0.120270,0.184458,0.166497,0.334045,0.227564,0.088858,0.161872,0.210366,0.059606,0.142632,0.218652,0.028974,0.309707,0.092725,0.134397,0.194392,0.062548,0.182950,0.120227,0.071794,0.184905,0.067236,0.059289,0.248321,0.219899,0.258255,0.124966,0.045693,0.297277,0.112311,0.117491,0.058149,0.035950,0.171237,0.026251,0.076738,0.177464,0.175563,0.210912,0.209959,0.168686,0.098560,0.155692,0.101048,0.195836,0.134586,0.100512,0.191873,0.101694,0.221035,0.112048,0.097749,0.264689,0.253993,0.201142,0.231105,0.155000,0.112512,0.135559,0.328890,0.267502,0.256756,0.148064,0.196710,0.277813,0.167420,0.147985,0.187937,0.108342,0.112878,-0.002936,0.090561,0.226945,0.012841,0.140672,0.182735,0.258648,0.217554,0.058262,0.052222,0.161944,0.255564,0.098754,#
15,0.244156,0.014244,0.205535,0.132073,0.185704,0.212218,0.149711,0.111351,0.222906,0.192221,0.133699,0.063473,0.095198,0.140172,0.273104,1.000000,0.231437,0.301002,0.162390,0.214422,0.138804,0.069218,0.176719,0.289836,0.118751,0.246376,0.159543,0.126215,0.161397,0.261609,0.079714,0.223700,0.116714,0.256638,0.119935,0.164057,0.145793,0.033103,0.258441,0.098306,0.162251,0.151785,0.155248,0.105930,0.222599,0.150148,-0.012923,0.172985,0.066439,0.189768,-0.029664,0.308645,0.109131,0.153424,0.184045,0.169957,0.116985,0.146085,0.217696,0.259620,0.265596,0.057625,0.250901,0.051384,0.113120,0.269720,0.163283,0.161377,0.155086,0.018915,0.218051,0.168379,0.095711,0.169975,0.148336,0.147691,0.077995,0.244284,0.119218,0.137819,0.295389,0.166291,0.047252,0.213892,0.239807,0.109073,0.077004,0.293912,0.168948,0.120577,0.076131,0.072899,0.182427,0.200055,0.080850,0.089118,0.299545,0.087458,0.154437,0.072113,0.261083,0.097073,0.190272,0.181081,0.030129,0.168939,0.238087,0.153678,0.075033,0.193106,-0.011759,0.226143,0.110323,0.121039,0.137699,0.240550,0.118579,0.031082,0.056194,0.065774,0.212572,0.225753,0.187082,0.212530,0.145765,0.049497,0.191307,0.189172,0.143486,0.253372,0.007015,0.172179,0.128181,0.218925,0.201862,0.207139,0.036418,0.033788,0.047886,-0.040977,0.057233,0.159221,0.167553,0.085035,0.163560,0.036215,0.131503,0.169319,0.233617,0.080760,0.179744,-0.057696,0.178402,0.288089,0.039343,0.291230,0.165856,0.195359,0.128784,0.217834,0.066023,0.126998,0.299704,0.070926,0.172229,0.234710,0.197084,0.189320,0.205827,0.069806,0.013705,0.196136,0.090026,0.056481,0.171172,0.115751,0.282918,0.177920,0.037190,0.132641,0.200308,0.125297,0.182105,0.340094,0.069405,0.137326,-0.015742,0.173833,0.046855,0.113847,-0.122003,0.184129,0.175087,0.171297,0.048664,0.186827,0.122897,0.177256,0.153709,0.053014,#
16,0.207261,0.156802,0.084929,0.188444,0.175308,0.188273,0.149703,0.174820,0.106294,0.071737,0.129805,0.089180,0.318207,0.258101,0.146166,0.231437,1.000000,0.173333,0.099951,0.295401,0.285753,0.130439,0.141695,0.220999,0.004536,0.245556,0.197728,-0.024652,0.088276,0.279452,0.097215,0.294407,0.073300,0.310024,0.112313,0.171308,0.172136,0.021662,0.204119,0.176221,0.059735,0.137053,0.188720,0.175856,0.161781,0.266552,0.096339,0.069714,0.134002,0.093116,0.092953,0.174880,0.228267,0.210719,0.218928,0.115077,0.018700,0.116678,0.187342,0.004372,0.073350,0.260307,0.229419,0.166597,0.199449,0.164056,0.139184,0.335907,0.135773,0.213727,0.009790,0.147547,0.302549,0.125907,0.174322,0.167971,0.055377,0.261445,0.161525,0.151805,0.139522,0.132332,0.051188,0.194249,0.192547,0.173708,0.219783,0.226769,0.200805,0.122880,0.090740,0.154742,0.161892,0.110479,0.154207,0.112052,0.241776,0.068006,0.148436,0.234274,0.065461,0.042816,-0.000740,0.166484,0.106189,0.158448,0.222455,0.066607,0.061956,0.155163,0.163201,0.165169,0.187016,0.126075,0.277174,0.238096,0.129751,0.136676,0.022101,0.162299,0.234052,0.224646,0.233551,0.288388,0.279801,0.002920,0.167530,-0.002756,0.116103,0.264899,0.121417,0.096651,0.323544,-0.099925,0.360852,0.306808,0.061490,0.175765,0.138774,0.218273,0.047068,0.183831,0.092265,0.136586,0.263543,0.110103,0.079637,0.174075,0.213168,0.200240,-0.016106,0.214151,0.105072,0.118166,0.192416,0.215693,0.077646,0.069087,0.118267,0.216609,0.088051,0.288761,0.277685,0.207518,0.110084,0.118305,0.254802,0.139182,0.063302,0.006079,0.081478,0.183352,0.106362,0.002018,0.156945,0.226726,0.107650,0.190076,0.171062,0.029039,0.110393,0.120610,0.247191,0.066265,0.107963,0.203397,0.168506,0.197223,0.133447,0.093315,0.210208,-0.035736,-0.007494,0.117628,0.123184,0.267702,0.102082,0.171374,0.057672,0.112071,#
17,0.284198,0.172128,0.064577,0.214096,0.197408,0.230360,0.182117,0.248416,0.202889,0.055966,0.170649,0.276348,0.215311,0.079414,0.207440,0.301002,0.173333,1.000000,0.106444,0.241660,0.289686,0.105639,0.117512,0.278991,0.084127,0.191287,0.093041,0.096500,0.072825,0.231349,0.123123,0.167938,0.280915,0.123787,0.070458,0.230153,0.020818,0.170931,0.324165,0.101285,0.273450,0.182288,0.154283,0.237222,0.092444,0.210225,0.185721,0.172284,0.204353,0.151289,0.211124,0.138728,-0.006837,0.182816,0.136801,0.216933,0.227882,0.148190,0.164847,0.119166,0.225333,0.146967,0.093474,0.118961,0.167208,0.299607,0.267105,0.284799,0.176514,0.211144,0.105261,0.225427,0.182750,0.121321,0.156249,0.218154,0.098789,0.173455,0.087310,0.224511,0.213028,0.163165,0.281267,0.122752,0.194107,-0.040955,0.217525,0.166833,0.257830,0.171783,0.062227,0.025426,0.236186,0.226080,0.072403,0.190220,0.264627,0.235266,0.121905,0.125258,0.183058,-0.037014,0.136584,0.209224,0.066415,0.228491,0.241868,0.223233,0.111806,0.031542,0.150854,0.140936,0.071847,0.278711,0.179194,0.175461,0.097940,0.094350,0.024581,0.151937,0.117353,0.208797,0.141531,0.231923,0.331405,0.109717,0.195416,0.117649,0.038568,0.225941,0.148233,0.235238,0.317215,0.130631,0.157213,0.276350,0.183464,0.204185,0.161275,0.260283,0.250176,0.184495,0.190572,0.209290,0.227654,0.161253,0.047830,0.115570,0.093163,-0.027532,0.170010,-0.035304,0.057339,0.189786,0.283959,0.201558,0.151580,0.102495,0.269856,0.179282,0.150377,0.282365,0.259146,0.176921,0.160596,0.177432,0.163309,0.225591,0.156575,0.101293,0.271039,0.073229,0.091735,0.112541,0.187908,0.083885,0.278264,0.179584,-0.027985,0.286819,0.173742,0.250704,0.243398,0.183778,0.074279,0.145416,0.125909,0.198260,0.170424,0.121494,0.105787,0.200534,0.269712,0.161452,0.294443,0.192342,0.117081,0.223228,0.122482,0.228070,#
18,0.198887,0.036573,0.137742,0.260758,0.190355,0.041364,0.141853,0.072617,0.152306,0.025100,0.131626,0.148681,0.179540,0.186893,0.252689,0.162390,0.099951,0.106444,1.000000,0.194017,0.166661,0.138512,0.048824,0.288009,0.196757,0.093963,0.105573,0.269486,0.119321,0.124692,0.045057,0.045392,0.194715,0.103858,0.196408,0.213080,0.157468,0.075998,0.112417,0.277682,0.099310,0.115613,0.149293,0.159926,0.186949,0.092337,0.119091,0.045431,-0.039323,0.183207,0.126060,0.004517,0.177174,0.172365,0.143002,0.177148,0.119771,0.122942,0.059894,0.059377,0.173502,0.044900,0.199549,0.085521,0.116205,0.200313,0.233000,0.190243,0.015612,0.044784,0.046457,0.065957,0.093513,0.044140,0.117111,0.111383,0.130154,0.165956,0.178494,0.153489,0.192937,0.069227,0.175089,0.192262,0.191800,-0.089354,0.153801,0.096304,0.132953,0.086614,0.227693,0.020937,0.155631,0.145640,0.149483,0.204622,0.321798,0.108619,0.103700,0.179132,0.140967,0.199115,0.182916,0.136821,0.265849,0.219146,0.137053,0.097087,0.076923,0.088733,0.211601,0.163307,0.222006,0.115281,0.033730,0.081276,0.060447,-0.037436,0.044581,0.132086,0.082808,0.134664,0.135176,0.019857,0.135859,-0.081045,0.083462,0.149658,0.219061,0.161125,0.083766,0.243888,0.130070,0.155782,0.199114,0.062783,0.086721,0.233701,0.043089,0.124348,0.158058,0.055882,0.194532,0.139636,0.121727,0.200424,0.052156,0.091009,0.029510,0.067022,0.030203,0.168755,0.125481,0.102153,0.114140,0.158170,0.167090,0.128358,0.016915,0.290244,0.166218,0.180220,0.142291,0.145390,0.122027,0.231001,0.194574,0.112133,0.067611,0.179336,-0.044315,0.118622,0.191093,0.079194,0.025940,0.223587,0.198732,0.216288,0.188268,0.052664,0.100538,0.098284,0.210636,0.105220,0.172092,0.017964,0.272161,0.058610,0.083209,0.082102,0.141696,0.218893,0.235552,0.157706,0.129094,0.055597,0.060294,0.197411,0.278057,0.120596,#
19,0.299914,0.174874,0.189057,0.206260,0.348159,0.251683,0.105486,0.171664,0.249540,0.292305,0.199825,0.017903,0.308929,0.222411,0.322717,0.214422,0.295401,0.241660,0.194017,1.000000,0.181866,0.161628,0.196955,0.267341,0.065029,0.214290,0.267584,0.146555,0.154793,0.314474,0.097415,0.235740,0.204212,0.181669,0.160414,0.229869,0.133926,0.021999,0.352722,0.165790,0.233435,0.164832,0.085047,0.095025,0.133163,0.234569,0.285794,0.282924,0.175024,0.210324,0.136260,0.161753,0.059791,0.315851,0.202017,0.257451,0.207578,0.131279,0.252924,0.129303,0.297343,0.265173,0.220218,0.202869,0.313992,0.198947,0.146011,0.285660,0.113534,0.195587,0.199344,0.212659,0.233172,0.131112,0.267201,0.331532,0.137428,0.272347,0.356480,0.151457,0.277542,0.193983,0.218459,0.151900,0.326404,0.096509,0.107293,0.298486,0.234437,0.037952,0.108328,0.116940,0.284060,0.130172,0.135690,0.178925,0.299456,0.233870,0.048698,0.150524,0.218556,0.147909,0.224465,0.246518,0.254924,0.333641,0.214399,0.379171,0.146488,0.018832,0.110210,0.169180,0.250113,0.299609,0.218185,0.181734,0.285457,0.233059,0.149561,-0.021820,0.271556,0.326394,0.228773,0.265879,0.373903,0.102211,0.305067,0.203723,0.070532,0.266250,0.098303,0.082233,0.268732,0.142651,0.269788,0.202071,0.185223,0.276243,0.099124,0.116709,0.143233,0.213333,0.254142,0.151610,0.175377,0.197968,0.106496,0.216496,0.233085,0.060452,0.163931,0.235198,0.159318,0.234252,0.271729,0.125876,0.171258,0.130865,0.225818,0.197382,0.301836,0.282826,0.222109,0.152740,0.223850,0.225960,0.117078,0.170349,0.234794,0.100052,0.189435,0.213901,0.313430,0.236128,0.159682,0.146115,0.318008,0.318745,0.154866,0.119886,0.068102,0.287736,0.238373,0.264283,0.283812,0.172802,0.156751,0.155524,0.240424,0.149509,0.307040,0.259812,0.139996,0.207046,0.133174,0.202959,0.077839,0.170021,0.289989,0.327583,#
20,0.120465,0.021923,0.282166,0.231328,0.365503,0.215502,0.252476,0.134383,0.196581,0.150566,0.098643,0.114420,0.105220,0.224842,0.182492,0.138804,0.285753,0.289686,0.166661,0.181866,1.000000,0.161915,0.110149,0.240071,0.171807,0.311052,0.188735,0.063298,0.090924,0.196047,0.101874,0.144217,0.185386,0.212574,0.126125,0.227803,0.236101,0.093807,0.215243,0.238971,0.173601,0.294254,0.078331,0.065419,0.265978,0.244097,0.289898,0.089805,0.054086,0.178017,-0.011216,0.191526,0.091368,0.298827,0.222817,0.169877,0.194293,0.195670,0.216887,0.066040,0.225978,0.106861,0.251043,0.130801,0.185264,0.142468,0.182124,0.179476,0.243032,0.240413,0.261107,0.171477,0.255886,0.181765,0.156563,0.028159,0.099838,0.291844,0.155096,0.147384,0.229694,0.207707,0.248752,0.041529,0.223425,0.168548,0.170001,0.193727,0.214549,0.149648,0.166207,0.184104,0.208080,0.248088,0.253607,0.107185,0.204643,0.257007,0.181851,0.073430,0.196334,0.062701,0.206089,0.144337,0.144871,0.149843,0.200092,0.165046,0.057131,0.241951,0.259397,0.264603,0.144204,0.176362,0.154057,0.233142,0.240051,0.142380,-0.021879,0.177167,0.159173,0.220733,0.087817,0.194345,0.231120,0.092380,0.226088,0.194882,0.280937,0.261511,0.225370,0.148239,0.255371,0.072306,0.262609,0.168588,0.203490,0.144527,0.205091,0.133428,0.158460,0.220559,0.120783,0.171859,0.242329,0.153383,0.007034,0.191765,0.168176,0.206609,0.235981,0.159817,0.082501,0.223900,0.198687,0.162750,0.121876,-0.022465,0.132588,0.340380,0.124173,0.290768,0.222892,0.181528,0.215324,0.064798,0.065491,0.199412,0.131690,0.046511,0.203566,0.087258,0.120750,0.059861,0.079321,0.262603,0.076642,0.158155,0.280039,0.167926,0.155571,0.131122,0.180487,0.223626,0.176378,-0.008884,0.159414,0.157256,0.150181,0.309647,0.060731,0.138766,0.157115,0.202830,0.188813,0.143192,0.141525,0.226140,0.203010,0.233939,#
21,0.123913,0.155528,0.229507,0.177656,0.181940,0.050672,0.147462,0.183070,0.203157,0.077247,0.063363,0.173049,0.116312,0.158094,0.097121,0.069218,0.130439,0.105639,0.138512,0.161628,0.161915,1.000000,0.052884,0.120434,0.053879,0.048874,0.162961,0.112074,0.206812,0.133770,0.113833,0.163035,0.119819,0.212229,0.052436,0.271554,0.277936,0.173626,0.284379,0.086191,0.027873,0.165132,0.029145,0.141352,0.078978,0.140919,0.182258,0.227533,0.012256,0.036100,0.153319,0.062517,-0.011989,0.087551,0.167980,0.103818,0.111626,0.088443,0.007069,-0.005276,0.143307,-0.000564,0.191653,0.110388,0.276794,0.208351,0.052663,0.171913,0.245588,0.235873,0.237146,0.132939,0.323838,0.255987,0.108011,0.090108,0.011190,0.106697,0.020696,0.126801,0.200830,0.120542,0.068218,-0.096013,0.179246,-0.035174,0.171373,0.079098,0.184805,0.221666,0.032909,-0.021288,0.061754,0.065932,0.128102,0.095015,0.225586,0.142656,-0.013128,0.136431,0.306581,0.193330,0.141058,0.080245,0.122226,0.186905,0.152968,0.086341,0.141146,0.123052,0.174457,0.098937,0.078096,0.239821,0.105363,0.241984,0.273269,0.052224,0.034385,0.141235,0.093004,0.235420,0.064527,0.264234,0.176220,0.015056,0.162057,0.202081,0.076797,0.110119,0.128679,0.147753,0.310131,0.064898,0.106778,0.091229,0.115993,0.024343,0.038305,0.200314,0.159285,0.216565,0.161579,0.125745,0.157608,0.209472,0.139952,0.152273,0.159347,0.014618,0.091584,0.010303,0.084287,0.094994,0.270604,0.140287,-0.015442,0.054517,0.095691,0.111048,0.197885,0.268267,0.172955,0.126575,0.201340,0.028364,0.078560,0.147298,0.009621,0.187373,0.077733,0.064532,0.170196,0.056494,0.051508,0.230113,0.182805,0.181617,0.052887,0.118549,0.097110,0.178497,-0.003516,0.129955,0.044553,0.117736,0.162134,0.144482,0.163405,0.163668,0.183726,0.032277,0.253442,0.159851,0.231240,0.151006,0.163518,0.211282,0.204546,0.165986,#
