0,1.000000,0.449077,0.398456,0.288256,0.340652,0.374440,0.395876,0.274097,0.386154,0.397476,0.424055,0.423214,0.371831,0.314197,0.424440,0.339606,0.422321,0.475975,0.394774,0.319450,0.407852,0.459841,0.333717,0.415532,0.314892,0.274322,0.386263,0.453725,0.382098,0.353611,0.358560,0.291669,0.384352,0.277066,0.285611,0.424087,0.417413,0.411590,0.282691,0.414665,0.268126,0.401512,0.328314,0.415592,0.322230,0.349546,0.400651,0.380149,0.456055,0.363284,0.490635,0.360745,0.349340,0.314253,0.468069,0.305724,0.385327,0.416795,0.313127,0.320664,0.418238,0.343003,0.384352,0.409664,0.397122,0.246570,0.414608,0.355305,0.310271,0.401474,0.464847,0.413930,0.403024,0.417636,0.345375,0.362339,0.384612,0.428699,0.389905,0.291140,0.474264,0.344919,0.408673,0.390261,0.335594,0.468773,0.412736,0.279923,0.440666,0.372494,0.414489,0.293367,0.329116,0.341195,0.358810,0.423140,0.375763,0.362274,0.419591,0.381937,0.391099,0.402858,0.365072,0.391530,0.318943,0.388829,0.394024,0.420862,0.355771,0.361436,0.246519,0.359744,0.404452,0.348576,0.317165,0.358821,0.372731,0.326658,0.449207,0.357570,0.443249,0.287693,0.265791,0.329980,0.316104,0.463313,0.326931,0.376637,0.341923,0.427834,0.410208,0.412007,0.357373,0.319831,0.382631,0.289393,0.397033,0.359101,0.387730,0.473854,0.335251,0.381324,0.408737,0.369716,0.373919,0.419201,0.368776,0.288073,0.373275,0.299704,0.414798,0.292563,0.322654,0.320079,0.334138,0.240429,0.305857,0.369024,0.396120,0.359446,0.415850,0.424269,0.303677,0.374653,0.403135,0.270746,0.237307,0.340573,0.413474,0.405245,0.484974,0.176719,0.421790,0.438818,0.413242,0.324303,0.354247,0.359611,0.409382,0.340427,0.356778,0.469235,0.332445,0.224333,0.320489,0.425656,0.406358,0.510400,0.371544,0.257825,0.420559,0.378077,0.247518,0.256257,0.339250,0.326328,0.385842,0.337743,0.358101,0.433245,#
1,0.449077,1.000000,0.362875,0.246330,0.422701,0.399465,0.429701,0.333928,0.314008,0.372569,0.467332,0.435055,0.402186,0.472322,0.375726,0.334451,0.374734,0.347334,0.509427,0.317534,0.371016,0.476263,0.292043,0.415449,0.460969,0.377918,0.410696,0.443844,0.380699,0.264454,0.425212,0.380419,0.405533,0.353815,0.383594,0.362157,0.340925,0.380324,0.282274,0.386948,0.341698,0.377608,0.487447,0.306329,0.355196,0.328514,0.432312,0.434510,0.418822,0.358654,0.474818,0.369786,0.469544,0.355671,0.382983,0.291404,0.366473,0.411431,0.438476,0.424674,0.469468,0.379958,0.406635,0.419819,0.338865,0.314723,0.350532,0.440368,0.370707,0.326101,0.423792,0.321688,0.412013,0.386369,0.444681,0.254866,0.484750,0.425721,0.466708,0.359330,0.373826,0.484889,0.444431,0.470922,0.284530,0.388895,0.350358,0.353804,0.420511,0.486998,0.383827,0.457667,0.395048,0.385198,0.296932,0.464539,0.363376,0.292227,0.444669,0.334049,0.372084,0.287911,0.336506,0.388301,0.292630,0.294582,0.384042,0.471967,0.323998,0.372875,0.379327,0.379577,0.464711,0.390437,0.421439,0.363941,0.424694,0.312264,0.479829,0.387141,0.337115,0.345808,0.332427,0.395488,0.392700,0.408810,0.466282,0.358311,0.397557,0.372794,0.422808,0.394362,0.283358,0.335870,0.471653,0.384568,0.364643,0.324877,0.396817,0.416472,0.424256,0.373048,0.269823,0.337633,0.422767,0.396601,0.416215,0.323327,0.444808,0.302728,0.412222,0.409586,0.401647,0.241347,0.284007,0.360110,0.381537,0.451097,0.402241,0.303392,0.294720,0.432534,0.332737,0.373205,0.386583,0.414272,0.262622,0.403286,0.327883,0.469004,0.434451,0.296031,0.299219,0.359311,0.490230,0.376288,0.321868,0.425391,0.412822,0.367620,0.388019,0.373023,0.393351,0.354830,0.510282,0.378258,0.357920,0.473567,0.300955,0.331028,0.505011,0.398391,0.247494,0.311412,0.395072,0.445193,0.277655,0.400781,0.338304,0.379337,#
2,0.398456,0.362875,1.000000,0.395754,0.361815,0.428596,0.381580,0.325251,0.302522,0.335565,0.297855,0.382719,0.364356,0.396071,0.395178,0.364604,0.413802,0.382532,0.415176,0.341528,0.378110,0.442337,0.413669,0.400684,0.425973,0.367572,0.413859,0.295991,0.333258,0.318968,0.432606,0.391502,0.366645,0.349262,0.362131,0.350481,0.349903,0.415646,0.288394,0.372132,0.433481,0.400539,0.399773,0.302393,0.276147,0.403859,0.341237,0.432331,0.331737,0.342776,0.401748,0.423451,0.432893,0.332923,0.363512,0.406752,0.242637,0.458718,0.311203,0.395618,0.224767,0.378265,0.382533,0.463212,0.427084,0.359193,0.369150,0.342766,0.369052,0.418784,0.364485,0.274608,0.308852,0.391391,0.383985,0.427374,0.359088,0.415288,0.394446,0.370276,0.429232,0.373755,0.332748,0.386328,0.284862,0.452068,0.413177,0.360603,0.335918,0.428354,0.318751,0.300869,0.383659,0.335558,0.343305,0.378254,0.346777,0.272462,0.414589,0.335353,0.407103,0.445462,0.360216,0.304776,0.453608,0.292746,0.339047,0.389904,0.361235,0.438429,0.386151,0.372622,0.408637,0.295399,0.325610,0.327622,0.275330,0.408970,0.286391,0.304080,0.378982,0.303543,0.314985,0.302267,0.316170,0.323795,0.402811,0.366000,0.381279,0.318911,0.335903,0.464466,0.297463,0.290866,0.348102,0.389704,0.387189,0.395459,0.335473,0.328834,0.292050,0.307375,0.414329,0.380566,0.477191,0.377122,0.359585,0.300076,0.446086,0.371593,0.368043,0.385254,0.348834,0.352584,0.251548,0.284835,0.287408,0.401344,0.376567,0.308225,0.453542,0.424949,0.407477,0.386099,0.340658,0.292243,0.305991,0.377716,0.352590,0.440510,0.426782,0.387982,0.323738,0.342120,0.447392,0.380075,0.454649,0.408720,0.393379,0.384042,0.415307,0.332860,0.275884,0.276771,0.327860,0.417083,0.453576,0.390814,0.343480,0.269385,0.387568,0.336699,0.411491,0.333897,0.330760,0.333502,0.400828,0.239466,0.492220,0.418198,#
3,0.288256,0.246330,0.395754,1.000000,0.261129,0.236829,0.262891,0.342006,0.261892,0.275694,0.234242,0.304825,0.197171,0.278203,0.147257,0.131174,0.252883,0.317357,0.216340,0.231164,0.272362,0.312747,0.283799,0.318175,0.288878,0.333966,0.274860,0.245599,0.284768,0.197522,0.281169,0.291272,0.249147,0.364429,0.190508,0.244676,0.293819,0.390020,0.243600,0.212007,0.273843,0.287057,0.417033,0.191202,0.268921,0.388380,0.344777,0.348293,0.266146,0.320565,0.400895,0.269963,0.270508,0.282418,0.235153,0.337253,0.235833,0.373220,0.278003,0.273330,0.266110,0.235016,0.294922,0.354687,0.324348,0.255391,0.227883,0.365332,0.159213,0.309698,0.388899,0.216255,0.157982,0.302037,0.346486,0.287646,0.248504,0.347287,0.267127,0.346201,0.292187,0.297642,0.252500,0.343010,0.232497,0.293291,0.381505,0.214642,0.255081,0.365888,0.295489,0.196704,0.260881,0.344803,0.193186,0.291446,0.243796,0.165587,0.324979,0.214582,0.242310,0.277555,0.309723,0.206552,0.332623,0.203579,0.281685,0.311496,0.286468,0.271538,0.290163,0.249592,0.247155,0.249380,0.245428,0.226007,0.248441,0.294740,0.253440,0.254645,0.298803,0.275089,0.323261,0.309387,0.214417,0.279041,0.307439,0.190056,0.307902,0.319181,0.303554,0.234678,0.298531,0.427191,0.262267,0.368888,0.268545,0.232454,0.321011,0.324778,0.288064,0.225520,0.334829,0.307553,0.378402,0.216833,0.323630,0.298323,0.342361,0.339953,0.318839,0.182232,0.217064,0.225609,0.235312,0.172995,0.319854,0.353146,0.188272,0.297146,0.358326,0.326091,0.338615,0.406376,0.322661,0.346481,0.220376,0.240068,0.330639,0.408325,0.332142,0.206545,0.224852,0.304085,0.342041,0.279244,0.219323,0.230394,0.245805,0.284361,0.374974,0.362875,0.302643,0.302822,0.246040,0.253295,0.206769,0.411723,0.183896,0.179633,0.347587,0.312865,0.285817,0.306444,0.154155,0.322892,0.332406,0.271429,0.315362,0.333456,#
4,0.340652,0.422701,0.361815,0.261129,1.000000,0.264891,0.413105,0.273676,0.346906,0.349069,0.420392,0.266287,0.351347,0.321091,0.306744,0.295704,0.322548,0.384652,0.405035,0.404505,0.302123,0.439528,0.302316,0.388977,0.390187,0.423670,0.343555,0.371658,0.352564,0.234036,0.391051,0.346061,0.416976,0.339498,0.393159,0.319220,0.172621,0.473568,0.298377,0.351734,0.348537,0.376632,0.416726,0.363123,0.349446,0.311854,0.376678,0.428995,0.414191,0.424506,0.404467,0.257398,0.396241,0.396935,0.373107,0.348256,0.215066,0.386008,0.308052,0.414250,0.412584,0.340824,0.320666,0.316083,0.315049,0.290864,0.391911,0.378947,0.334006,0.364284,0.325246,0.364060,0.324212,0.311639,0.365700,0.254547,0.286604,0.385126,0.263760,0.261126,0.460145,0.412788,0.248364,0.393102,0.317890,0.406364,0.309385,0.307886,0.397624,0.396972,0.331952,0.360150,0.288860,0.375713,0.235848,0.402661,0.290158,0.400056,0.443763,0.299645,0.367152,0.250736,0.274011,0.404550,0.428569,0.264891,0.348580,0.365899,0.342578,0.476257,0.419542,0.240922,0.401187,0.440199,0.303423,0.275088,0.274291,0.261076,0.397672,0.380752,0.313977,0.377296,0.338454,0.334682,0.353875,0.382965,0.413368,0.343636,0.248258,0.216025,0.320772,0.413285,0.358267,0.300106,0.367191,0.380590,0.320527,0.267219,0.246991,0.327748,0.359817,0.245997,0.339567,0.374574,0.347201,0.366494,0.400556,0.249169,0.398310,0.391448,0.362362,0.371498,0.360432,0.368491,0.296917,0.321375,0.371065,0.444184,0.294905,0.307046,0.308688,0.366217,0.346768,0.346199,0.313985,0.422355,0.354528,0.246528,0.400758,0.420073,0.462402,0.308790,0.257470,0.225992,0.390213,0.218424,0.339663,0.287042,0.228003,0.310385,0.306131,0.372657,0.254370,0.237851,0.334659,0.331306,0.356251,0.469141,0.381170,0.264776,0.384979,0.293744,0.367453,0.326129,0.337534,0.359636,0.348566,0.412721,0.382585,0.380887,#
5,0.374440,0.399465,0.428596,0.236829,0.264891,1.000000,0.273893,0.318728,0.329837,0.324080,0.261251,0.377603,0.281257,0.250732,0.301599,0.403188,0.399281,0.406632,0.389650,0.270817,0.365102,0.394331,0.341424,0.484680,0.261095,0.366153,0.327720,0.308195,0.341410,0.314981,0.255963,0.477610,0.304087,0.298834,0.346857,0.273417,0.457173,0.382270,0.293111,0.432097,0.320927,0.341448,0.325689,0.371968,0.252754,0.389025,0.272486,0.276224,0.396223,0.355191,0.394411,0.321379,0.432084,0.274878,0.344781,0.349614,0.279718,0.440154,0.295572,0.328557,0.401573,0.367360,0.398481,0.389794,0.354623,0.259539,0.366498,0.398967,0.236735,0.246891,0.466343,0.265762,0.418066,0.480174,0.321434,0.324452,0.346081,0.367851,0.383934,0.292728,0.404495,0.318297,0.374181,0.241495,0.184775,0.393906,0.312453,0.304794,0.377416,0.314881,0.307995,0.342562,0.243430,0.327512,0.218098,0.357444,0.355824,0.216352,0.364008,0.242544,0.394014,0.357500,0.403358,0.305614,0.269893,0.265371,0.318349,0.389215,0.302141,0.385313,0.379975,0.317233,0.399750,0.287286,0.313072,0.374319,0.463533,0.334685,0.300017,0.428678,0.276747,0.263522,0.322016,0.251785,0.401789,0.289132,0.328830,0.247317,0.334165,0.391258,0.347356,0.386935,0.250424,0.251688,0.437537,0.334916,0.268389,0.277958,0.322945,0.342131,0.379688,0.333935,0.314379,0.329858,0.361951,0.300110,0.304347,0.341825,0.327830,0.278690,0.331796,0.275247,0.324590,0.392322,0.199792,0.271338,0.330061,0.368951,0.357756,0.268655,0.434582,0.304726,0.390155,0.206771,0.291056,0.246474,0.165649,0.334134,0.346649,0.421766,0.253841,0.310354,0.388106,0.300832,0.325800,0.323537,0.283331,0.379532,0.357855,0.299643,0.407598,0.437787,0.422186,0.265950,0.319284,0.395864,0.335624,0.351324,0.347045,0.296758,0.458333,0.274422,0.274168,0.355661,0.338074,0.351486,0.369334,0.340026,0.372166,0.431366,#
6,0.395876,0.429701,0.381580,0.262891,0.413105,0.273893,1.000000,0.306537,0.280754,0.329830,0.403044,0.372612,0.303644,0.439573,0.226504,0.300849,0.373895,0.391692,0.411156,0.390063,0.348080,0.414093,0.330579,0.368453,0.411339,0.291407,0.284566,0.329180,0.332572,0.295410,0.341546,0.298003,0.336495,0.289972,0.284153,0.265388,0.248585,0.337528,0.231711,0.379257,0.374609,0.356118,0.380461,0.363296,0.347938,0.240431,0.426365,0.492411,0.406019,0.422044,0.310551,0.440225,0.417506,0.364893,0.263708,0.336812,0.321324,0.423256,0.314901,0.374715,0.291976,0.340220,0.307046,0.412757,0.230491,0.373477,0.350902,0.298916,0.331327,0.289544,0.438023,0.387708,0.355099,0.416128,0.344986,0.298880,0.362092,0.370789,0.361915,0.314180,0.392110,0.444504,0.417872,0.322115,0.324867,0.451415,0.383585,0.391283,0.403933,0.392683,0.353602,0.325283,0.371790,0.434846,0.288717,0.456430,0.307575,0.293054,0.467038,0.269432,0.413486,0.366151,0.198990,0.394304,0.247274,0.397052,0.362921,0.383657,0.308793,0.368729,0.298252,0.274453,0.393342,0.343164,0.334963,0.294274,0.381729,0.320124,0.375376,0.301500,0.289109,0.406902,0.248221,0.289112,0.275459,0.334608,0.310365,0.462280,0.269715,0.364706,0.341804,0.346215,0.392285,0.234330,0.502052,0.394551,0.291374,0.428615,0.342576,0.262975,0.310566,0.215622,0.339663,0.504412,0.270635,0.353493,0.310982,0.267539,0.305299,0.266351,0.429529,0.311208,0.377606,0.328859,0.353273,0.236238,0.312370,0.357201,0.320151,0.266496,0.345409,0.358146,0.307063,0.379444,0.400991,0.307995,0.200971,0.251537,0.421423,0.448421,0.350408,0.310763,0.257939,0.308859,0.403986,0.341696,0.321806,0.291159,0.357733,0.259027,0.228159,0.239404,0.311232,0.325884,0.387309,0.306174,0.350032,0.364289,0.338513,0.355645,0.400260,0.263162,0.373958,0.277125,0.296515,0.380811,0.346034,0.340468,0.270709,0.336727,#
7,0.274097,0.333928,0.325251,0.342006,0.273676,0.318728,0.306537,1.000000,0.290505,0.374327,0.300607,0.393071,0.323637,0.356447,0.219132,0.258992,0.329000,0.349812,0.336298,0.373036,0.308291,0.379774,0.446046,0.331528,0.445427,0.347121,0.332827,0.407649,0.299204,0.268100,0.370811,0.383473,0.382645,0.332129,0.306331,0.337443,0.317658,0.335962,0.291164,0.246708,0.258988,0.303044,0.472481,0.251041,0.307992,0.409107,0.323421,0.414552,0.399183,0.408956,0.438425,0.285789,0.318636,0.371217,0.365400,0.410410,0.364639,0.360672,0.287790,0.386627,0.283192,0.197493,0.356771,0.360363,0.402134,0.242907,0.325455,0.423668,0.306286,0.501197,0.336844,0.248052,0.407932,0.413991,0.378003,0.346470,0.405584,0.354230,0.395394,0.409993,0.327837,0.369805,0.375439,0.393450,0.296230,0.400278,0.435451,0.366133,0.363063,0.398027,0.349145,0.240784,0.330487,0.333662,0.332579,0.370492,0.310559,0.230895,0.306597,0.215115,0.374441,0.326648,0.299555,0.369600,0.255723,0.332255,0.341591,0.321127,0.344681,0.299620,0.349790,0.346945,0.303127,0.352657,0.392007,0.321687,0.317176,0.393178,0.383829,0.377321,0.348981,0.390688,0.349845,0.419954,0.409058,0.400757,0.358460,0.352485,0.318101,0.327266,0.341772,0.267925,0.310891,0.355243,0.440310,0.439608,0.290415,0.361575,0.422296,0.412510,0.412398,0.486611,0.252829,0.368854,0.433885,0.335622,0.403767,0.312480,0.396944,0.321448,0.356611,0.482207,0.309665,0.216111,0.250950,0.396602,0.322409,0.390790,0.306410,0.300861,0.414343,0.322306,0.311691,0.401572,0.394264,0.281267,0.317024,0.260160,0.428556,0.339252,0.377125,0.371088,0.315255,0.282934,0.350109,0.347116,0.335321,0.387024,0.260282,0.391609,0.339929,0.414021,0.227747,0.260637,0.270885,0.346046,0.398726,0.430374,0.298106,0.348450,0.404840,0.297689,0.254356,0.355798,0.200510,0.302253,0.408159,0.345662,0.342071,0.418478,#
8,0.386154,0.314008,0.302522,0.261892,0.346906,0.329837,0.280754,0.290505,1.000000,0.255730,0.359371,0.361559,0.352353,0.352915,0.367335,0.338913,0.391101,0.318978,0.271241,0.383259,0.313534,0.355068,0.327501,0.359625,0.330247,0.383428,0.246845,0.378318,0.279729,0.419143,0.288171,0.383005,0.320709,0.434906,0.347977,0.319295,0.305427,0.450321,0.251190,0.501508,0.317449,0.276166,0.315166,0.388081,0.363867,0.341828,0.377901,0.426156,0.282417,0.290836,0.351909,0.412257,0.329925,0.457874,0.394913,0.347777,0.263832,0.329367,0.326533,0.403770,0.373189,0.245667,0.466136,0.424550,0.314773,0.306538,0.355450,0.435190,0.415575,0.370387,0.265621,0.401644,0.321633,0.376879,0.266693,0.249785,0.358947,0.298732,0.359204,0.236459,0.352792,0.330638,0.350695,0.267565,0.279177,0.392581,0.336770,0.298047,0.417389,0.374449,0.370484,0.256659,0.299254,0.382531,0.315334,0.487470,0.393705,0.327386,0.300148,0.220896,0.381371,0.243345,0.242021,0.267839,0.307779,0.278675,0.444747,0.385233,0.269718,0.402966,0.286085,0.350218,0.331485,0.287910,0.314880,0.379359,0.461047,0.339576,0.246153,0.423273,0.349516,0.244906,0.346616,0.291259,0.353832,0.415881,0.317649,0.324515,0.365600,0.329985,0.379338,0.374475,0.337008,0.294197,0.428394,0.397182,0.314434,0.409659,0.451696,0.367292,0.292390,0.342891,0.433443,0.333673,0.416124,0.370636,0.353292,0.441512,0.389195,0.333458,0.335148,0.325166,0.307733,0.301715,0.335000,0.263293,0.384632,0.328444,0.296516,0.321259,0.290744,0.308900,0.331499,0.383319,0.307686,0.312872,0.322123,0.307467,0.348070,0.420991,0.427640,0.122160,0.235593,0.417562,0.405617,0.389096,0.268179,0.377858,0.287214,0.377034,0.424381,0.310520,0.153937,0.257380,0.393207,0.301236,0.317848,0.342269,0.327087,0.247868,0.407530,0.318978,0.217602,0.294003,0.292008,0.309641,0.370359,0.244378,0.318221,0.383459,#
9,0.397476,0.372569,0.335565,0.275694,0.349069,0.324080,0.329830,0.374327,0.255730,1.000000,0.423700,0.393200,0.393317,0.369081,0.364470,0.379681,0.319108,0.298455,0.372115,0.389565,0.361891,0.368103,0.390333,0.420963,0.371547,0.327401,0.393279,0.493687,0.355691,0.258575,0.425383,0.374555,0.327145,0.348471,0.340380,0.375250,0.257359,0.384548,0.252572,0.312275,0.352412,0.385152,0.345987,0.235244,0.373479,0.419717,0.329170,0.445464,0.431842,0.297477,0.441781,0.373865,0.366238,0.289410,0.384131,0.347577,0.413947,0.418781,0.261191,0.395185,0.330179,0.317087,0.434179,0.385170,0.360736,0.351097,0.276388,0.477270,0.353895,0.302300,0.372180,0.344972,0.278040,0.458799,0.418016,0.332148,0.496644,0.350217,0.447793,0.438009,0.401477,0.403885,0.428683,0.371580,0.406662,0.504488,0.448481,0.304215,0.434410,0.360850,0.345061,0.432980,0.350618,0.423449,0.351477,0.459908,0.467511,0.292160,0.378967,0.374541,0.439560,0.351512,0.446477,0.276257,0.361387,0.305400,0.403641,0.429921,0.330944,0.306702,0.309190,0.338792,0.431197,0.357368,0.337111,0.372628,0.439074,0.451846,0.467901,0.316428,0.496068,0.488826,0.347806,0.396064,0.376249,0.429740,0.322550,0.476361,0.311348,0.249710,0.361999,0.455356,0.351538,0.322562,0.479094,0.292242,0.317806,0.314991,0.366673,0.411525,0.326571,0.308538,0.311982,0.331579,0.381488,0.280181,0.401622,0.312672,0.288854,0.331395,0.391456,0.390809,0.384811,0.341547,0.326110,0.359606,0.397941,0.440777,0.341821,0.365641,0.377316,0.281762,0.242611,0.429911,0.434010,0.349696,0.284418,0.303990,0.432595,0.455134,0.385973,0.361413,0.342683,0.376444,0.370154,0.385678,0.314288,0.254177,0.270960,0.442046,0.353633,0.387832,0.382440,0.368169,0.319858,0.397393,0.475789,0.435380,0.381975,0.271411,0.401144,0.348426,0.253377,0.327529,0.293245,0.348930,0.333050,0.284608,0.375125,0.353215,#
10,0.424055,0.467332,0.297855,0.234242,0.420392,0.261251,0.403044,0.300607,0.359371,0.423700,1.000000,0.391292,0.298975,0.401499,0.314206,0.344931,0.437789,0.354430,0.451579,0.425663,0.339046,0.356692,0.326732,0.315141,0.367452,0.302924,0.410327,0.374022,0.250036,0.321362,0.371498,0.326210,0.312794,0.371864,0.342619,0.415394,0.179753,0.369885,0.296374,0.311430,0.232900,0.243321,0.340353,0.273345,0.322101,0.332590,0.364747,0.442825,0.429345,0.396378,0.344101,0.395267,0.342667,0.375850,0.346184,0.369108,0.317871,0.357626,0.332562,0.310696,0.408333,0.361678,0.374991,0.393413,0.290123,0.288392,0.380641,0.338459,0.330333,0.303401,0.324983,0.301208,0.282387,0.387500,0.368760,0.349022,0.440747,0.268419,0.403143,0.262111,0.330789,0.477260,0.339411,0.353442,0.305584,0.430701,0.388108,0.241783,0.394999,0.356108,0.243277,0.370859,0.385476,0.320417,0.292965,0.392955,0.395313,0.233240,0.443612,0.337547,0.443680,0.257653,0.305994,0.356633,0.353444,0.311292,0.453785,0.419204,0.304636,0.393010,0.235436,0.296625,0.365198,0.382977,0.348684,0.400757,0.407649,0.305911,0.294881,0.278600,0.309639,0.266513,0.339803,0.360388,0.393776,0.337895,0.333456,0.338827,0.310307,0.361796,0.366294,0.380303,0.336849,0.226425,0.449385,0.346229,0.332219,0.362298,0.268408,0.462659,0.333903,0.290657,0.430253,0.313250,0.359519,0.353420,0.246890,0.341537,0.326604,0.358113,0.357140,0.441818,0.345386,0.399033,0.350149,0.355096,0.353565,0.338776,0.303967,0.421869,0.300076,0.352246,0.286439,0.388709,0.340980,0.317772,0.267213,0.205511,0.328742,0.493871,0.447749,0.312373,0.337479,0.390583,0.444938,0.215751,0.334842,0.366981,0.367318,0.428847,0.362030,0.335615,0.378115,0.304110,0.442127,0.335396,0.346302,0.397387,0.306924,0.276736,0.348346,0.363017,0.294979,0.289362,0.316475,0.436734,0.373432,0.393769,0.377635,0.414414,#
11,0.423214,0.435055,0.382719,0.304825,0.266287,0.377603,0.372612,0.393071,0.361559,0.393200,0.391292,1.000000,0.389615,0.368558,0.208258,0.419667,0.452238,0.440312,0.384202,0.271712,0.391224,0.429593,0.352675,0.413738,0.448087,0.454929,0.283279,0.402926,0.253876,0.399007,0.383286,0.448473,0.324029,0.414905,0.325432,0.309000,0.412802,0.453350,0.247238,0.344163,0.374992,0.363446,0.428175,0.389191,0.343360,0.392588,0.388990,0.503854,0.388049,0.285110,0.428821,0.443667,0.352408,0.434723,0.364981,0.384097,0.492713,0.377601,0.346036,0.323394,0.361440,0.382755,0.441044,0.446094,0.410510,0.239933,0.393673,0.397535,0.358306,0.357251,0.395559,0.293203,0.354822,0.468650,0.450955,0.394668,0.393615,0.394314,0.557074,0.310163,0.405851,0.308820,0.389842,0.444012,0.397060,0.435964,0.477824,0.325358,0.406381,0.376785,0.411802,0.352955,0.387886,0.392493,0.322336,0.384617,0.320858,0.325610,0.406007,0.369907,0.472748,0.357196,0.374981,0.231230,0.348981,0.432220,0.390140,0.390869,0.340551,0.427717,0.266367,0.326929,0.420176,0.388394,0.314746,0.484971,0.441404,0.303023,0.380618,0.412646,0.375177,0.434980,0.373533,0.346523,0.398685,0.348908,0.480925,0.466189,0.393719,0.341477,0.437908,0.482331,0.248565,0.302038,0.414340,0.356564,0.275792,0.423699,0.401362,0.395553,0.332373,0.425308,0.366327,0.480750,0.409030,0.394321,0.412313,0.376879,0.442389,0.358337,0.435062,0.458341,0.357628,0.323442,0.433789,0.298014,0.333570,0.357063,0.322951,0.345594,0.450091,0.371052,0.319352,0.422252,0.452551,0.401221,0.271773,0.345747,0.514708,0.432103,0.468528,0.263004,0.381471,0.388517,0.386516,0.431477,0.444541,0.349659,0.310348,0.304358,0.392650,0.387939,0.395346,0.364784,0.388812,0.459640,0.407890,0.390888,0.350061,0.351327,0.291571,0.340742,0.326173,0.201127,0.307983,0.416763,0.463794,0.313219,0.322576,0.455634,#
12,0.371831,0.402186,0.364356,0.197171,0.351347,0.281257,0.303644,0.323637,0.352353,0.393317,0.298975,0.389615,1.000000,0.330649,0.289065,0.340424,0.375946,0.345084,0.482123,0.360381,0.415113,0.295894,0.361597,0.391769,0.394843,0.320931,0.292426,0.476064,0.349905,0.374497,0.421184,0.430901,0.364509,0.333493,0.337596,0.302228,0.350332,0.360446,0.157664,0.340544,0.401130,0.308269,0.470838,0.347939,0.331192,0.393972,0.292817,0.366811,0.455240,0.334326,0.402451,0.251456,0.325558,0.359178,0.343497,0.271982,0.343183,0.431267,0.340981,0.387762,0.385712,0.356998,0.403862,0.373245,0.331826,0.333048,0.357111,0.314295,0.328435,0.277945,0.291913,0.380215,0.263861,0.344488,0.403259,0.307073,0.383064,0.356230,0.314686,0.316081,0.402764,0.361734,0.385307,0.362883,0.407258,0.458882,0.343319,0.338849,0.414889,0.370978,0.393759,0.319354,0.289671,0.430106,0.329019,0.307229,0.387354,0.378231,0.276742,0.226395,0.370957,0.369862,0.292327,0.399320,0.375658,0.333334,0.416768,0.326643,0.335209,0.467648,0.334029,0.233622,0.380616,0.377120,0.314493,0.365113,0.379296,0.436773,0.270243,0.354987,0.243457,0.475297,0.348301,0.395691,0.274656,0.459717,0.367431,0.363052,0.370619,0.220789,0.356363,0.415703,0.277396,0.235778,0.352673,0.391848,0.345845,0.394672,0.372341,0.324248,0.391310,0.405034,0.282398,0.314549,0.367838,0.350984,0.387140,0.263581,0.358650,0.309216,0.420350,0.494761,0.304166,0.302943,0.379886,0.258374,0.356527,0.300201,0.302174,0.216095,0.403368,0.328125,0.283053,0.425625,0.377611,0.364899,0.325834,0.179093,0.407167,0.465644,0.344819,0.284404,0.305706,0.325127,0.409560,0.311227,0.270370,0.272444,0.206075,0.339607,0.382392,0.348976,0.343108,0.321535,0.319710,0.401126,0.387331,0.387607,0.277513,0.219461,0.431812,0.393550,0.286986,0.346419,0.339068,0.331961,0.403118,0.200829,0.387355,0.321781,#
13,0.314197,0.472322,0.396071,0.278203,0.321091,0.250732,0.439573,0.356447,0.352915,0.369081,0.401499,0.368558,0.330649,1.000000,0.352805,0.342227,0.359239,0.314115,0.362834,0.343913,0.339410,0.351146,0.390432,0.307054,0.465899,0.377296,0.389660,0.383367,0.305636,0.231569,0.349572,0.276699,0.380780,0.361043,0.246490,0.371877,0.241203,0.377761,0.192029,0.337185,0.290874,0.299363,0.489012,0.304097,0.360286,0.281415,0.408552,0.400395,0.431509,0.316493,0.451904,0.373184,0.339213,0.344073,0.390925,0.432361,0.305329,0.329979,0.354005,0.372517,0.364499,0.333998,0.512847,0.409424,0.252174,0.270506,0.426099,0.369351,0.428376,0.426678,0.313167,0.370508,0.335256,0.464069,0.419248,0.273609,0.395066,0.369968,0.414910,0.345993,0.348778,0.436716,0.457354,0.387470,0.416378,0.383977,0.448840,0.375378,0.416138,0.469311,0.352567,0.378627,0.444731,0.378082,0.368681,0.421973,0.310289,0.291390,0.362224,0.321291,0.479799,0.326802,0.322402,0.305494,0.323289,0.372036,0.347266,0.434855,0.297674,0.350577,0.289877,0.342398,0.484416,0.342711,0.377426,0.295080,0.426429,0.352637,0.359632,0.390134,0.413406,0.393520,0.233324,0.404203,0.336921,0.364531,0.347596,0.444703,0.472784,0.267848,0.327482,0.356814,0.372114,0.341529,0.490531,0.323670,0.362953,0.336878,0.455741,0.378144,0.369764,0.322427,0.329549,0.414100,0.404019,0.445871,0.374405,0.338583,0.221765,0.313472,0.426708,0.243180,0.351239,0.308115,0.407423,0.300548,0.357761,0.354227,0.311561,0.240178,0.351625,0.384437,0.253258,0.433200,0.450078,0.385497,0.208546,0.247785,0.430010,0.486200,0.432640,0.409460,0.337978,0.327221,0.445482,0.384196,0.379877,0.303095,0.388583,0.313119,0.427521,0.252243,0.304653,0.365303,0.327359,0.367954,0.422326,0.437677,0.371846,0.389432,0.355592,0.347214,0.296336,0.318403,0.302751,0.398027,0.381899,0.307669,0.368087,0.407557,#
14,0.424440,0.375726,0.395178,0.147257,0.306744,0.301599,0.226504,0.219132,0.367335,0.364470,0.314206,0.208258,0.289065,0.352805,1.000000,0.376928,0.302248,0.316446,0.401772,0.324518,0.274564,0.337185,0.294863,0.327341,0.339830,0.262007,0.340850,0.250706,0.305320,0.277471,0.256821,0.188304,0.240047,0.257471,0.314667,0.357844,0.320306,0.385571,0.319763,0.349817,0.368595,0.293321,0.419311,0.328573,0.273127,0.268209,0.384191,0.359656,0.337636,0.208471,0.392633,0.301951,0.294152,0.293636,0.378066,0.331131,0.275001,0.336921,0.273857,0.323868,0.347811,0.372205,0.301380,0.348960,0.318218,0.243676,0.299636,0.327370,0.349768,0.283863,0.213193,0.290858,0.221446,0.415402,0.167736,0.281377,0.298663,0.390082,0.349418,0.236051,0.341562,0.185947,0.408017,0.381846,0.238876,0.372828,0.229376,0.224756,0.354577,0.340259,0.321050,0.293473,0.340346,0.286167,0.251061,0.289876,0.338925,0.249268,0.416533,0.257913,0.289340,0.278994,0.327144,0.260440,0.232656,0.254915,0.362618,0.403113,0.288640,0.336920,0.213338,0.291167,0.365046,0.163431,0.316722,0.340288,0.246733,0.340827,0.304266,0.289827,0.403223,0.267859,0.294585,0.334996,0.237413,0.279428,0.313834,0.299938,0.216955,0.260825,0.144485,0.310695,0.334884,0.184342,0.261154,0.261714,0.346418,0.247010,0.312229,0.269564,0.355776,0.357242,0.397359,0.262255,0.256073,0.297887,0.347892,0.188205,0.280333,0.257858,0.234830,0.239092,0.189141,0.332006,0.209677,0.212461,0.286703,0.338886,0.276760,0.196961,0.274755,0.323579,0.263015,0.242747,0.305646,0.225093,0.315698,0.302665,0.285824,0.335198,0.356165,0.302023,0.316126,0.372120,0.388138,0.216539,0.366004,0.337580,0.315275,0.359067,0.375882,0.380341,0.210374,0.360414,0.289441,0.324170,0.362531,0.389233,0.258952,0.153638,0.344984,0.310614,0.277513,0.383238,0.297386,0.197563,0.212092,0.230964,0.375214,0.440029,#
15,0.339606,0.334451,0.364604,0.131174,0.295704,0.403188,0.300849,0.258992,0.338913,0.379681,0.344931,0.419667,0.340424,0.342227,0.376928,1.000000,0.399602,0.434213,0.396585,0.297757,0.242427,0.401223,0.325665,0.364289,0.437365,0.252460,0.307387,0.283931,0.251004,0.252220,0.348159,0.366566,0.294819,0.333401,0.357761,0.259218,0.323697,0.370540,0.322219,0.363023,0.513183,0.315003,0.384720,0.352115,0.385124,0.295080,0.316940,0.429811,0.327555,0.318487,0.368465,0.321801,0.380657,0.348284,0.338859,0.310363,0.342541,0.387945,0.289851,0.391496,0.264737,0.297363,0.249503,0.341467,0.248296,0.222850,0.452105,0.369940,0.399374,0.276416,0.198098,0.329007,0.278636,0.283502,0.368251,0.404342,0.343020,0.377406,0.409875,0.241150,0.465730,0.309436,0.291437,0.351033,0.286690,0.440885,0.394332,0.182441,0.375966,0.321588,0.282328,0.228257,0.321278,0.392799,0.284116,0.317854,0.342410,0.262441,0.460696,0.294274,0.422947,0.319658,0.396590,0.302610,0.347603,0.274636,0.348230,0.288132,0.334421,0.459675,0.270385,0.368805,0.331856,0.255874,0.268733,0.419480,0.373363,0.371736,0.292624,0.367327,0.356068,0.302445,0.253267,0.323349,0.243429,0.262457,0.363429,0.350236,0.323723,0.204838,0.216890,0.403517,0.257085,0.307221,0.433310,0.346357,0.371703,0.293951,0.330790,0.178840,0.381300,0.359190,0.463214,0.336398,0.353173,0.338468,0.440527,0.241914,0.310238,0.388781,0.370865,0.337607,0.314068,0.501890,0.211649,0.426392,0.261090,0.366784,0.309265,0.278210,0.301874,0.345702,0.241270,0.352034,0.275640,0.393676,0.253460,0.287984,0.394559,0.419142,0.387157,0.264533,0.389623,0.306227,0.406931,0.213312,0.386097,0.262988,0.237939,0.301812,0.239469,0.365039,0.300789,0.243761,0.335879,0.470294,0.280533,0.337549,0.269378,0.195046,0.225907,0.437705,0.206898,0.375201,0.284520,0.353565,0.310467,0.287501,0.271270,0.388107,#
16,0.422321,0.374734,0.413802,0.252883,0.322548,0.399281,0.373895,0.329000,0.391101,0.319108,0.437789,0.452238,0.375946,0.359239,0.302248,0.399602,1.000000,0.422864,0.375867,0.299232,0.504263,0.392812,0.474241,0.338392,0.363271,0.332440,0.357552,0.265017,0.264728,0.262170,0.348753,0.449233,0.279006,0.376832,0.277132,0.330759,0.363852,0.342640,0.255733,0.392775,0.257103,0.337424,0.386019,0.353208,0.314503,0.344611,0.406764,0.399462,0.387642,0.328712,0.262678,0.344686,0.461194,0.398582,0.318180,0.335756,0.233167,0.351610,0.295297,0.278231,0.294722,0.404699,0.359319,0.455442,0.374340,0.257865,0.383916,0.464320,0.337289,0.424760,0.311236,0.311154,0.338779,0.341125,0.393071,0.476490,0.357543,0.354532,0.483026,0.297480,0.302524,0.343881,0.334672,0.326356,0.331198,0.507806,0.459965,0.321362,0.392308,0.344993,0.309061,0.325934,0.325444,0.328570,0.336116,0.422609,0.332286,0.259684,0.471698,0.302014,0.410310,0.269080,0.248502,0.324662,0.325335,0.361282,0.353211,0.361605,0.365030,0.424805,0.325798,0.404804,0.420861,0.287783,0.395963,0.453001,0.448390,0.365830,0.266627,0.321299,0.308050,0.307935,0.357163,0.330110,0.393613,0.286555,0.400687,0.293463,0.392354,0.369084,0.269928,0.396321,0.351195,0.282439,0.458716,0.353828,0.275859,0.364581,0.362912,0.418279,0.290036,0.358254,0.279504,0.369664,0.381478,0.334754,0.246251,0.281192,0.279636,0.226591,0.373254,0.364089,0.346867,0.308954,0.289070,0.384485,0.306119,0.312013,0.392815,0.271135,0.359567,0.367629,0.378663,0.385245,0.273415,0.310826,0.296939,0.307780,0.363554,0.368485,0.388031,0.206700,0.367913,0.282798,0.404751,0.347895,0.410474,0.326007,0.268737,0.348468,0.333669,0.383130,0.301461,0.238656,0.304161,0.336352,0.435692,0.381987,0.282099,0.265338,0.385565,0.298955,0.279605,0.309083,0.370283,0.383397,0.366544,0.340297,0.304925,0.456209,#
17,0.475975,0.347334,0.382532,0.317357,0.384652,0.406632,0.391692,0.349812,0.318978,0.298455,0.354430,0.440312,0.345084,0.314115,0.316446,0.434213,0.422864,1.000000,0.383903,0.421417,0.317804,0.451931,0.425227,0.519996,0.453605,0.343401,0.279507,0.329200,0.395289,0.375777,0.415526,0.482911,0.472204,0.414066,0.293793,0.292309,0.324506,0.549725,0.290119,0.317147,0.365959,0.293933,0.410862,0.469298,0.305033,0.351999,0.428892,0.407220,0.476200,0.444181,0.442816,0.327281,0.348446,0.427092,0.388374,0.388469,0.345290,0.509228,0.337444,0.363816,0.387506,0.439035,0.349318,0.390487,0.313785,0.353926,0.412269,0.514719,0.429114,0.407246,0.462251,0.441159,0.431888,0.447554,0.391131,0.416860,0.335776,0.469144,0.416004,0.318164,0.468074,0.456458,0.506546,0.434638,0.355323,0.422127,0.447765,0.350013,0.497451,0.451498,0.412127,0.328776,0.372644,0.368733,0.277354,0.364976,0.353006,0.441423,0.395001,0.329852,0.457939,0.344783,0.339570,0.363448,0.390573,0.409533,0.362362,0.526056,0.293404,0.378740,0.309642,0.250509,0.359444,0.371914,0.276106,0.408758,0.399701,0.378345,0.351650,0.409375,0.355334,0.349147,0.337359,0.343325,0.404801,0.403982,0.377969,0.403002,0.316923,0.301107,0.272306,0.448806,0.414262,0.460587,0.427767,0.376362,0.413781,0.304675,0.410112,0.389411,0.421693,0.408978,0.408701,0.390545,0.437694,0.379550,0.325418,0.303655,0.384265,0.281572,0.504349,0.290491,0.335837,0.458285,0.332187,0.333650,0.341211,0.423923,0.470888,0.412825,0.456476,0.432497,0.306742,0.376904,0.426581,0.420077,0.287929,0.372817,0.363931,0.431956,0.516622,0.347698,0.358653,0.382455,0.429736,0.233347,0.416412,0.372129,0.226854,0.386681,0.411894,0.527696,0.329070,0.212681,0.338602,0.411139,0.484528,0.491678,0.429595,0.349743,0.348007,0.451987,0.190832,0.304693,0.482763,0.434599,0.474891,0.255169,0.352752,0.463463,#
18,0.394774,0.509427,0.415176,0.216340,0.405035,0.389650,0.411156,0.336298,0.271241,0.372115,0.451579,0.384202,0.482123,0.362834,0.401772,0.396585,0.375867,0.383903,1.000000,0.414931,0.325907,0.378722,0.217762,0.412003,0.396732,0.431130,0.434186,0.394378,0.404509,0.293089,0.433555,0.409722,0.422974,0.327594,0.350221,0.425968,0.405586,0.406314,0.244594,0.340861,0.391852,0.292799,0.482500,0.337973,0.315947,0.306435,0.329193,0.437733,0.394884,0.334272,0.426134,0.322731,0.434770,0.478053,0.357334,0.270919,0.331974,0.451548,0.310342,0.308221,0.389623,0.356225,0.396541,0.467886,0.295268,0.382594,0.400404,0.412858,0.319071,0.242109,0.306565,0.362612,0.307108,0.408316,0.400846,0.295477,0.365640,0.448074,0.461647,0.431424,0.520058,0.364804,0.411510,0.417343,0.345909,0.382516,0.380886,0.313343,0.453747,0.347524,0.372889,0.324312,0.405291,0.382294,0.342042,0.346589,0.423947,0.292458,0.377722,0.375251,0.385317,0.397852,0.371505,0.418923,0.397956,0.301570,0.379955,0.413959,0.304783,0.459163,0.324090,0.377083,0.301749,0.395812,0.354899,0.303718,0.315268,0.374207,0.403339,0.329995,0.280911,0.429066,0.283893,0.405638,0.387134,0.403303,0.359137,0.368171,0.358830,0.315281,0.404381,0.344130,0.331149,0.249616,0.469855,0.334022,0.313509,0.400524,0.380776,0.336944,0.469176,0.283485,0.327046,0.334735,0.381810,0.353025,0.283446,0.208089,0.314107,0.307454,0.406080,0.384637,0.435129,0.336492,0.300320,0.396660,0.460695,0.447375,0.339615,0.298258,0.410855,0.429099,0.349390,0.358041,0.341406,0.360546,0.407560,0.355941,0.441470,0.455325,0.334513,0.334254,0.308577,0.276223,0.443720,0.241790,0.308390,0.407106,0.421392,0.352802,0.324174,0.404199,0.367903,0.292119,0.511847,0.427887,0.451785,0.519391,0.342607,0.336514,0.419962,0.349766,0.272344,0.372386,0.386307,0.386390,0.412199,0.365537,0.397959,0.485087,#
19,0.319450,0.317534,0.341528,0.231164,0.404505,0.270817,0.390063,0.373036,0.383259,0.389565,0.425663,0.271712,0.360381,0.343913,0.324518,0.297757,0.299232,0.421417,0.414931,1.000000,0.273590,0.391419,0.334928,0.408466,0.375314,0.356001,0.326811,0.304497,0.299592,0.411859,0.321012,0.379008,0.317954,0.320382,0.351042,0.339051,0.201352,0.393375,0.378415,0.341503,0.293715,0.249575,0.383907,0.311907,0.312209,0.389645,0.362923,0.450460,0.397478,0.369622,0.364924,0.291301,0.252575,0.459833,0.362176,0.378129,0.347124,0.412012,0.245889,0.402603,0.359404,0.300468,0.377643,0.305227,0.325284,0.266421,0.270304,0.392215,0.323950,0.360056,0.340844,0.289738,0.397583,0.314016,0.355062,0.292565,0.386470,0.423936,0.348952,0.345416,0.395297,0.345100,0.423459,0.254251,0.391662,0.407205,0.353917,0.305745,0.408828,0.362605,0.331249,0.371558,0.358582,0.345604,0.318029,0.400629,0.377747,0.437189,0.331380,0.242793,0.340320,0.254996,0.361677,0.305161,0.390587,0.316371,0.507762,0.505995,0.309720,0.352800,0.323882,0.321803,0.371315,0.384389,0.322891,0.337556,0.401662,0.465323,0.371264,0.334582,0.384733,0.458926,0.325179,0.361063,0.463805,0.420372,0.320951,0.411231,0.225745,0.270779,0.314092,0.279915,0.437400,0.336550,0.423696,0.319681,0.368485,0.320071,0.352107,0.393501,0.376968,0.279078,0.328354,0.256864,0.391131,0.372935,0.295531,0.413199,0.423254,0.215060,0.309134,0.351620,0.330578,0.425302,0.261285,0.310852,0.380542,0.404336,0.294766,0.220303,0.390922,0.380166,0.367990,0.289641,0.264104,0.323025,0.304677,0.288444,0.333541,0.393270,0.514496,0.338762,0.290745,0.301749,0.422758,0.258623,0.304541,0.401944,0.143618,0.361124,0.328165,0.383333,0.255768,0.331032,0.385850,0.328441,0.393945,0.420844,0.326872,0.246142,0.405243,0.334406,0.366040,0.409699,0.345142,0.363144,0.465864,0.355261,0.446395,0.450886,#
20,0.407852,0.371016,0.378110,0.272362,0.302123,0.365102,0.348080,0.308291,0.313534,0.361891,0.339046,0.391224,0.415113,0.339410,0.274564,0.242427,0.504263,0.317804,0.325907,0.273590,1.000000,0.394326,0.396393,0.332016,0.400419,0.310331,0.390965,0.417195,0.294513,0.287878,0.304005,0.324523,0.264014,0.286555,0.384911,0.313722,0.309773,0.370802,0.180457,0.341516,0.244671,0.410320,0.463080,0.346352,0.263269,0.390500,0.259912,0.447409,0.442882,0.330442,0.336788,0.387678,0.448324,0.368029,0.324091,0.252909,0.362056,0.372583,0.210477,0.393431,0.398117,0.209616,0.407569,0.391627,0.440045,0.186919,0.377766,0.342369,0.304628,0.388970,0.331018,0.307410,0.420582,0.423167,0.391309,0.406705,0.418411,0.351696,0.263104,0.435143,0.266562,0.297887,0.436509,0.307938,0.291134,0.443808,0.384841,0.368546,0.379102,0.363938,0.394279,0.409880,0.396116,0.382858,0.280487,0.368290,0.297673,0.323175,0.362288,0.241405,0.285437,0.331307,0.267186,0.276615,0.288566,0.332637,0.372888,0.369677,0.289073,0.470835,0.344643,0.145026,0.416177,0.315645,0.297886,0.354854,0.430403,0.261519,0.271423,0.282281,0.279211,0.350635,0.331872,0.381517,0.352000,0.398896,0.459487,0.493089,0.279271,0.315130,0.252972,0.339296,0.317798,0.272339,0.406097,0.307723,0.325827,0.382967,0.384188,0.418234,0.326617,0.335329,0.195367,0.326994,0.357636,0.291261,0.294936,0.284467,0.254538,0.296281,0.320488,0.433167,0.307530,0.303394,0.367674,0.311295,0.239183,0.266373,0.269038,0.291474,0.359838,0.435687,0.338764,0.265016,0.393559,0.284983,0.209533,0.340428,0.395307,0.377720,0.431774,0.274287,0.253022,0.344375,0.379907,0.386132,0.272807,0.264741,0.380922,0.384451,0.374284,0.325034,0.312699,0.338376,0.364796,0.346429,0.320194,0.380515,0.341467,0.301615,0.428326,0.289769,0.350865,0.369652,0.337195,0.408794,0.342678,0.292919,0.309453,0.317871,#
21,0.459841,0.476263,0.442337,0.312747,0.439528,0.394331,0.414093,0.379774,0.355068,0.368103,0.356692,0.429593,0.295894,0.351146,0.337185,0.401223,0.392812,0.451931,0.378722,0.391419,0.394326,1.000000,0.330818,0.463736,0.478737,0.356978,0.360546,0.424480,0.361185,0.347372,0.391346,0.396564,0.324600,0.472367,0.396927,0.379782,0.391418,0.484088,0.333219,0.324630,0.404338,0.461491,0.368807,0.385143,0.410504,0.321240,0.445779,0.480020,0.404870,0.394296,0.398927,0.315222,0.470866,0.451202,0.419394,0.336855,0.373842,0.450517,0.389199,0.432485,0.359989,0.359709,0.415986,0.392152,0.426776,0.318215,0.401345,0.408576,0.438996,0.471273,0.466911,0.296790,0.399862,0.342853,0.408840,0.421665,0.420196,0.381118,0.392703,0.366528,0.455576,0.395802,0.346033,0.335597,0.373895,0.452879,0.362635,0.343936,0.432655,0.480194,0.310992,0.346393,0.411445,0.326358,0.395968,0.424643,0.344018,0.392663,0.480836,0.400017,0.448096,0.324982,0.292167,0.413537,0.374621,0.444381,0.349297,0.421731,0.364739,0.417802,0.337161,0.349991,0.477172,0.365354,0.295592,0.406565,0.455352,0.333103,0.465001,0.450206,0.360995,0.399681,0.238131,0.456970,0.356335,0.434518,0.451737,0.430887,0.354893,0.300179,0.391319,0.303319,0.376318,0.402452,0.408898,0.362778,0.424856,0.339589,0.411567,0.382446,0.320117,0.443377,0.424640,0.381605,0.418724,0.374328,0.357209,0.410919,0.370746,0.362226,0.382792,0.432480,0.377022,0.445728,0.351291,0.334334,0.349654,0.451752,0.362716,0.344004,0.475116,0.353565,0.324095,0.414214,0.399812,0.320139,0.236794,0.397382,0.333682,0.427374,0.471110,0.307404,0.450296,0.339582,0.393653,0.316688,0.417761,0.344703,0.398016,0.376512,0.331566,0.444996,0.268239,0.335652,0.387072,0.419241,0.400183,0.474930,0.437616,0.311497,0.467479,0.455663,0.380331,0.318540,0.462521,0.452645,0.402266,0.359339,0.346263,0.462552,#
