0,1.000000,0.117111,0.223610,0.159438,0.229034,0.178706,0.192833,0.093441,0.216985,0.098210,0.227507,0.163397,0.156475,0.138920,0.243901,0.282639,0.292528,0.285020,0.288735,0.309530,0.175405,0.186533,0.258614,0.351656,0.131605,0.169471,0.204854,0.057703,0.207788,0.229094,0.092133,0.294392,0.188755,0.219682,0.319805,0.153272,0.143157,0.075138,0.291714,0.209452,0.220232,0.166098,0.332226,0.037893,0.193319,0.131983,0.140947,0.327831,0.272844,0.354608,0.194426,0.209244,0.225835,0.250631,0.243402,0.258789,0.225994,0.208966,0.138050,0.126336,0.182408,0.259071,0.317101,0.112581,0.179281,0.086419,0.136665,0.230005,0.131947,0.203024,0.206476,0.160969,0.228487,0.297378,0.181938,0.027898,0.360244,0.232808,0.234896,0.132012,0.106216,0.164754,0.205087,0.232597,0.293751,0.195637,0.315180,0.325356,0.263420,0.240843,0.178967,0.115813,0.266889,0.116400,0.222741,0.305572,0.273699,0.129561,0.238515,0.242231,0.244804,0.199336,0.147842,0.277395,0.195664,0.218078,0.270317,0.237530,0.245789,0.001558,0.114425,0.236552,0.085785,0.274186,0.251934,0.210322,0.264175,0.126739,0.187282,0.214450,0.192363,0.261777,0.334510,0.197986,0.270901,0.268408,0.196250,0.072351,0.197762,0.282936,0.226978,0.126596,0.201437,0.189812,0.238848,0.258112,0.227855,0.179413,0.071071,0.215905,0.229822,0.145337,0.144399,0.147957,0.114826,0.047667,0.226485,0.136927,0.249139,0.181647,0.112689,0.223046,0.225820,0.110587,0.235874,0.280657,0.258112,0.218625,0.265139,0.208692,0.208346,0.250250,0.184720,0.116622,0.194919,0.264754,0.162720,0.262309,0.304568,0.184545,0.157965,0.099346,0.209464,0.240532,0.063709,0.275424,0.320767,0.275699,0.213691,0.041759,0.228003,0.273149,0.161633,0.125681,0.170789,-0.009210,0.182954,0.327075,0.276290,0.077022,0.097417,0.217812,0.156003,0.246988,0.284628,0.252440,0.100203,0.253863,0.223127,0.277042,#
1,0.117111,1.000000,0.179921,0.136567,0.123987,0.151573,0.168376,0.217233,0.342523,0.174282,0.263952,0.223895,0.152013,0.068470,0.096909,0.079112,0.140874,0.167789,0.100721,0.212721,0.029989,0.272092,0.171465,0.024571,0.115751,0.119351,0.154565,0.277590,0.038614,0.150502,0.188721,0.177631,0.055447,0.205445,0.032947,0.177324,0.160406,0.124291,0.290248,0.128363,0.153064,0.073697,0.217311,0.063639,0.094537,0.120882,0.296630,0.137822,0.215049,0.095334,0.101798,0.153042,0.195366,0.192354,0.197237,0.114860,0.115520,0.024582,-0.028653,0.079074,0.143002,0.149628,0.117860,0.099454,0.059820,0.242055,0.137562,0.192045,0.152282,0.287577,0.227710,0.209360,0.290015,0.077052,0.233661,0.174529,0.153097,0.108605,0.236112,0.080554,0.200498,0.118449,0.147145,0.123744,0.292161,-0.001409,0.182137,0.259163,0.172260,0.091927,0.118298,0.171690,0.106474,0.166709,0.209730,0.158077,0.049589,0.137538,0.145442,0.123995,0.228864,0.101511,0.120444,0.116140,0.100521,0.187806,0.185970,0.234760,0.149821,0.132644,0.095385,0.100359,0.043030,0.216567,0.164749,0.260680,0.191416,0.068081,0.111910,0.086039,0.031502,0.178107,0.196578,0.187256,0.168564,0.149256,0.113732,0.136868,0.228024,0.221236,0.058283,0.218895,0.083311,0.158290,0.241940,0.188827,0.207972,0.214474,0.182724,0.173048,0.237998,0.073655,0.206457,0.277831,0.237293,0.119981,0.069084,0.027322,0.136081,0.033309,0.185419,0.196150,0.145160,0.039858,0.256048,0.218061,0.096985,0.071919,-0.030542,-0.001869,0.086318,0.227871,0.197103,0.228976,0.119724,0.094152,0.129605,0.053463,0.149120,0.199906,0.197011,0.228706,0.092761,0.111462,0.124207,0.231441,0.136317,0.255593,0.072880,0.050446,0.175723,0.099150,0.174353,0.096310,0.151761,0.166706,0.148696,-0.001324,0.262472,0.222472,0.314654,0.227995,0.012717,0.134398,0.214277,0.056513,0.044526,0.205422,0.066373,0.262921,#
2,0.223610,0.179921,1.000000,0.188988,0.291593,0.192437,0.248280,0.184973,0.248745,0.156558,0.201136,0.263862,0.142149,0.283161,0.132586,0.275108,0.101608,0.184296,0.204790,0.241424,0.253840,0.269607,0.096987,0.201984,0.176370,0.282203,0.314190,0.223715,0.174139,0.194102,0.164479,0.158337,0.182683,0.136501,0.220361,0.137763,0.186547,0.082795,0.253806,0.132621,0.179831,0.172823,0.382258,0.108912,0.187295,0.154578,0.237971,0.118576,0.151143,0.210643,0.223821,0.288655,0.291045,0.196291,0.186414,0.152376,0.207652,0.054824,0.250416,0.244208,0.386055,0.210082,0.067864,0.251842,0.220351,0.226695,0.135498,0.248130,0.187462,0.265193,0.230396,0.272800,0.106297,0.250337,0.280622,0.128055,0.205111,0.193766,0.200765,0.136412,0.241544,0.125795,0.246059,0.068078,0.333647,0.179569,0.178596,0.380385,0.125167,0.119343,0.204719,0.221465,0.337699,0.268074,0.226718,0.291334,0.243004,0.177176,0.338299,0.121602,0.228151,0.177478,0.112536,0.245176,0.100135,0.218018,0.277182,0.245919,0.169458,0.111489,0.265582,0.179949,0.274600,0.199497,0.128071,0.258950,0.296264,0.199929,0.051192,0.176697,0.124790,0.093556,0.182757,0.233037,0.234952,0.118381,0.229018,0.168408,0.269538,0.228424,0.150394,0.226305,0.254805,0.277412,0.300345,0.184023,0.285562,0.230850,0.231635,0.142205,0.106119,0.239722,0.152322,0.096312,0.292951,0.167281,0.001551,0.124366,0.226452,0.176040,0.224985,0.231327,0.308157,0.284402,0.167006,0.159781,0.154233,0.004077,0.229667,0.157567,0.066443,0.241824,0.242830,0.234307,0.148539,0.242390,0.200669,0.079729,0.180438,0.211077,0.133884,0.261698,0.216927,0.142754,0.216985,0.244208,0.234485,0.228376,0.084743,0.092917,0.199213,0.355094,0.021068,0.324669,0.151730,0.191501,0.197122,0.092215,0.252957,0.122295,0.224578,0.250675,0.343599,0.222410,0.239726,0.179219,0.019144,0.174669,0.229238,0.360459,#
3,0.159438,0.136567,0.188988,1.000000,0.253572,0.185690,0.259122,0.145303,0.378544,0.188756,0.244686,0.215527,0.182121,0.140766,0.238541,0.141728,0.124030,0.205569,0.328188,0.255815,0.178757,0.233858,0.235543,0.270122,0.187474,0.258155,0.259891,0.265456,0.207631,0.251817,0.199825,0.273453,0.341345,0.280854,0.153466,0.191353,0.211374,0.283524,0.319147,0.246300,0.199921,0.313455,0.345954,0.334329,0.154894,0.198626,0.171124,0.196316,0.103829,0.166668,0.243455,0.211900,0.322935,0.058654,0.138806,0.316761,0.214288,0.113416,0.207529,0.267150,0.190462,0.179875,0.153404,0.157996,0.382748,0.136878,0.099822,0.124983,0.018741,0.249465,0.178494,0.231392,0.280129,0.165841,0.189615,0.196304,0.205515,0.192475,0.155851,0.083287,0.314854,0.218140,0.247955,0.102807,0.314385,0.212440,0.171808,0.239617,0.249859,0.164827,0.343875,0.263258,0.209693,0.259022,0.251564,0.267779,0.176803,0.119607,0.308002,0.169859,0.213967,0.186228,0.149473,0.097676,0.394005,0.085955,0.228524,0.237805,0.112971,0.147739,0.201766,0.085190,0.188571,0.205341,0.105290,0.172836,0.188827,0.158543,0.185947,0.158973,0.176044,0.231333,0.232333,0.183638,0.171663,0.242400,0.203281,0.324901,0.124045,0.177827,0.297920,0.274335,0.188751,0.246289,0.189317,0.221721,0.167461,0.142133,0.171334,0.190209,0.115053,0.305425,0.295518,0.077446,0.140154,0.255703,0.213433,0.324406,0.185271,0.243945,0.159930,0.152527,0.170830,0.297838,0.220370,0.114849,0.127944,0.128780,0.284540,0.225572,0.190627,0.187255,0.154805,0.251943,0.146032,0.181270,0.239721,0.121076,0.168901,0.202427,0.233062,0.084394,0.147967,0.085239,0.069029,0.237402,0.261058,0.263216,0.135707,0.172609,0.103562,0.373342,0.196314,0.096039,0.119101,0.129880,0.215909,0.157514,0.188184,0.261718,0.292456,0.188046,0.267634,0.176981,0.263134,0.264082,0.257487,0.193020,0.137658,0.203190,#
4,0.229034,0.123987,0.291593,0.253572,1.000000,0.291968,0.168232,0.285109,0.337418,0.274519,0.059428,0.251105,0.262135,0.173413,0.223548,0.214998,0.177190,0.273678,0.243158,0.428631,0.363108,0.220562,0.280695,0.362000,0.140171,0.321200,0.270545,0.126391,0.251595,0.201067,0.239052,0.261087,0.291263,0.208140,0.195841,0.222711,0.379130,0.159319,0.279452,0.193940,0.299538,0.325416,0.264806,0.192195,0.283957,0.201421,0.337920,0.271785,0.198859,0.173993,0.211213,0.264106,0.257245,0.241311,0.339405,0.350202,0.246922,0.229034,0.254246,0.188260,0.200884,0.261211,0.189330,0.076561,0.277889,0.168487,0.158952,0.215654,0.108817,0.233560,0.243626,0.260440,0.283254,0.280944,0.267007,0.077156,0.194709,0.290512,0.276888,0.251159,0.260979,0.306415,0.217418,0.100779,0.398191,0.194469,0.176746,0.262494,0.205577,0.208478,0.358491,0.201065,0.246120,0.168628,0.258112,0.327867,0.248129,0.223651,0.160419,0.209439,0.230165,0.187544,0.263346,0.206474,0.195090,0.219638,0.246272,0.246266,0.260562,0.265222,0.262860,0.214215,0.249827,0.391327,0.205423,0.118748,0.279835,0.214917,0.101941,0.175197,0.092925,0.219999,0.332123,0.138481,0.322780,0.179172,0.221836,0.284845,0.354115,0.243325,0.294720,0.160162,0.214758,0.303328,0.347304,0.220064,0.203981,0.172012,0.243037,0.137323,0.224320,0.161480,0.347047,0.116679,0.225882,0.261741,0.248584,0.273922,0.167603,0.254359,0.196328,0.286036,0.252146,0.394270,0.285873,0.238493,0.375951,0.115810,0.132703,0.279263,0.207162,0.188423,0.213922,0.103067,0.023220,0.261030,0.071485,0.188192,0.198649,0.249988,0.129436,0.189135,0.370138,0.241869,0.209454,0.280986,0.362278,0.324461,0.170162,0.194130,0.139392,0.166097,0.238554,0.215651,0.259913,0.207706,0.127259,0.254179,0.280520,0.339974,0.166891,0.242763,0.178604,0.179193,0.241348,0.326814,0.227126,0.180902,0.326523,0.343309,#
5,0.178706,0.151573,0.192437,0.185690,0.291968,1.000000,0.124393,0.250507,0.308567,0.204214,0.248847,0.205009,0.207437,0.032607,0.238964,0.218381,0.146639,0.239496,0.011450,0.322653,0.158196,0.082786,0.184621,0.222638,0.181897,0.216959,0.297222,0.231039,0.224434,0.208088,0.279534,0.283929,0.272895,0.208571,0.142193,0.208668,0.259342,0.109299,0.258300,0.111459,0.355219,0.194738,0.179531,0.221151,0.153468,0.253502,0.295034,0.092186,0.297138,0.110013,0.194947,0.239490,0.148567,0.205122,0.091183,0.366522,0.205780,0.059117,0.330604,0.169566,0.153058,0.277746,0.207028,0.184480,0.300114,0.193876,0.123906,0.181846,0.140566,0.089033,0.226382,0.227232,0.258121,0.219423,0.152151,0.190438,0.285316,0.202366,0.229603,0.195229,0.284842,0.178901,0.301374,0.067864,0.176235,0.206401,0.222131,0.301423,0.165317,0.027457,0.144433,0.239130,0.366512,0.344192,0.220900,0.242352,0.149531,0.214818,0.302535,0.156219,0.187036,0.229681,0.124631,0.180419,0.191963,0.243904,0.213107,0.217200,0.137641,0.144691,0.148060,0.253339,0.120783,0.194481,0.139563,0.117539,0.195688,0.143561,0.075809,0.172686,0.046618,0.245981,0.205387,0.228791,0.076571,0.138493,0.150420,0.151429,0.250864,0.257883,0.332219,0.216695,0.257818,0.278301,0.291272,0.289052,0.235353,0.216715,0.133033,0.075271,0.204200,0.117347,0.241657,0.277841,0.271149,0.184055,0.149486,0.131740,0.139859,0.199212,0.252272,0.135881,0.208987,0.255587,0.219871,0.169180,0.303968,0.080877,0.236486,0.144239,0.220542,0.180467,0.225137,0.174405,0.162224,0.183276,0.030145,0.273661,0.322425,0.257755,0.314322,0.218556,0.128463,0.180998,0.167479,0.192470,0.231513,0.249976,0.200912,0.130597,0.265563,0.158624,0.352792,0.193682,0.199090,0.227250,0.270443,0.094829,0.097980,0.189996,0.131793,0.274013,0.131862,0.169202,0.133363,0.135210,0.109939,0.219320,0.167352,0.300289,#
6,0.192833,0.168376,0.248280,0.259122,0.168232,0.124393,1.000000,0.128960,0.268897,0.099512,0.129029,0.147855,0.253023,0.269366,0.123026,0.146632,0.185284,0.230157,0.210439,0.129459,0.298375,0.199581,0.055795,0.171361,0.127156,0.192740,0.174116,0.229742,0.181088,0.296813,0.161547,0.213350,0.109369,0.247810,0.197360,0.152588,0.097025,0.163922,0.143808,0.243047,0.132254,0.187160,0.248727,0.184682,0.259710,0.086325,0.170994,0.011094,0.254296,0.157229,0.195992,0.272158,0.283038,0.125720,0.188216,0.200864,0.101305,0.160012,0.262155,0.230364,0.191764,0.148942,0.154212,0.118565,0.307527,0.284262,0.254093,0.141932,0.152815,0.159979,0.140291,0.200284,0.099658,0.318296,0.264755,0.141377,0.233651,0.170590,0.206901,0.076751,0.130687,0.170292,0.269408,0.092945,0.132293,0.238151,0.123707,0.225034,0.196927,0.155418,0.176551,0.149397,0.078109,0.120939,0.172779,0.182419,0.284352,0.185782,0.232266,0.243850,0.199922,0.252059,0.222037,0.079269,0.029964,0.125319,0.200865,0.077672,0.173561,0.140094,0.110445,0.113067,0.082120,0.100618,0.232683,0.131116,0.348517,0.138794,0.205993,0.183427,0.181278,0.190458,0.154263,0.229880,0.282054,0.296912,0.109744,0.193921,0.044402,0.172906,0.150809,0.177401,0.182407,0.111063,0.179494,0.222648,0.214853,0.138586,0.265455,0.186081,0.155976,0.212116,0.109491,0.081111,0.103810,0.204953,0.124479,0.100958,0.109723,0.039565,0.306171,0.186002,0.211050,0.138938,0.172169,0.174742,0.164153,0.214526,0.230986,0.110511,0.107840,0.211709,0.286864,0.273424,0.155213,0.242644,0.175603,0.137852,0.202894,0.159086,0.162815,0.130888,0.135981,0.064477,0.175203,0.184693,0.187490,0.210198,0.263699,0.055832,0.182213,0.141308,0.272855,0.234749,0.170244,0.187675,0.097131,0.223577,0.081123,0.185585,0.105428,0.199128,0.136176,0.259955,0.154826,0.119935,0.181569,0.206699,0.206196,0.240812,#
7,0.093441,0.217233,0.184973,0.145303,0.285109,0.250507,0.128960,1.000000,0.388598,0.229301,0.232816,0.342704,0.186759,0.181593,0.366153,0.156934,0.302263,0.329093,0.216106,0.252042,0.201511,0.265966,0.334018,0.248466,0.265012,0.237613,0.253956,0.327200,0.163922,0.227426,0.117583,0.193660,0.204004,0.209795,0.142766,0.156226,0.171552,0.057538,0.305047,0.187712,0.275542,0.192587,0.252724,0.264734,0.292720,0.314731,0.246631,0.210875,0.186940,0.128371,0.227444,0.182013,0.181379,0.277790,0.199993,0.193684,0.188000,0.318508,0.214035,0.154125,0.196975,0.288232,0.214313,0.098549,0.301723,0.269712,0.202062,0.209151,0.197234,0.394319,0.235852,0.101350,0.353481,0.249916,0.260472,0.145339,0.184706,0.219029,0.283248,0.272162,0.254594,0.227152,0.285009,0.093885,0.258767,0.184302,0.239871,0.237859,0.222630,0.241212,0.136343,0.220465,0.262520,0.263319,0.239518,0.132292,0.206012,0.327746,0.210903,0.206333,0.264610,0.131874,0.189684,0.186016,0.118735,0.281736,0.305262,0.216498,0.173272,0.175180,0.264214,0.151291,0.180119,0.290433,0.345353,0.228106,0.154184,0.040525,0.079332,0.377237,0.163899,0.269079,0.199919,0.276669,0.320109,0.203755,0.291544,0.316634,0.206306,0.134684,0.191374,0.164383,0.297791,0.143973,0.399506,0.361794,0.164273,0.302595,0.162673,0.195193,0.262163,0.195438,0.201110,0.062996,0.231712,0.228559,0.249785,0.118400,0.180603,0.208022,0.245887,0.260994,0.236019,0.266528,0.175220,0.348150,0.251601,0.196210,0.270141,0.222823,0.209655,0.092023,0.391447,0.099995,0.077123,0.333319,0.270608,0.130661,0.160425,0.177588,0.267953,0.285188,0.232807,0.192758,0.237603,0.258526,0.186613,0.232917,0.062223,0.279554,0.346067,0.201291,0.229429,0.202059,0.062322,0.223647,0.120178,0.087854,0.267840,0.331207,0.320548,0.197958,0.171131,0.111015,0.200030,0.203708,0.122301,0.232960,0.254096,0.249001,#
8,0.216985,0.342523,0.248745,0.378544,0.337418,0.308567,0.268897,0.388598,1.000000,0.317960,0.242548,0.282590,0.266318,0.198894,0.325246,0.238310,0.130975,0.292561,0.205564,0.281968,0.157056,0.306681,0.263913,0.286334,0.058350,0.323546,0.238526,0.372528,0.198083,0.296212,0.116228,0.278869,0.209699,0.210271,0.166336,0.209376,0.296276,0.134486,0.249878,0.210813,0.297467,0.302682,0.322767,0.214281,0.263117,0.195318,0.170406,0.193920,0.317233,0.256181,0.270687,0.398395,0.182790,0.357870,0.212474,0.402048,0.215861,0.328112,0.154803,0.293575,0.303552,0.282086,0.302100,0.081019,0.277718,0.367595,0.212582,0.224994,0.292577,0.326007,0.258088,0.215744,0.322297,0.286802,0.253820,0.220605,0.233899,0.265009,0.278778,0.217479,0.290318,0.304038,0.262555,0.139623,0.369149,0.271462,0.209908,0.291460,0.131799,0.271041,0.254402,0.298645,0.298335,0.195290,0.464998,0.310109,0.249710,0.237306,0.349597,0.174981,0.237552,0.229097,0.232425,0.280313,0.277900,0.218926,0.320708,0.289558,0.138916,0.234143,0.217214,0.204360,0.155984,0.310304,0.322664,0.311921,0.233139,0.166848,0.173778,0.343357,0.219977,0.224687,0.350416,0.246362,0.236242,0.343270,0.193124,0.322029,0.206285,0.316432,0.219640,0.089332,0.313119,0.360522,0.421516,0.291481,0.220614,0.257982,0.200507,0.238214,0.222107,0.295214,0.357621,0.159408,0.192327,0.215514,0.329520,0.192724,0.207192,0.221589,0.312500,0.193029,0.266643,0.373699,0.367890,0.370546,0.284863,0.258550,0.262434,0.301273,0.165348,0.190122,0.252874,0.299141,0.209396,0.249974,0.260503,0.131945,0.319051,0.303778,0.272561,0.288682,0.206848,0.175572,0.320066,0.255244,0.181086,0.341064,0.260458,0.130252,0.284846,0.302272,0.122077,0.288904,0.232434,0.271367,0.183217,0.148233,0.294511,0.327492,0.319352,0.224672,0.305196,0.181849,0.318748,0.227910,0.231364,0.174299,0.175585,0.275942,#
9,0.098210,0.174282,0.156558,0.188756,0.274519,0.204214,0.099512,0.229301,0.317960,1.000000,0.228478,0.074838,0.154132,0.218787,0.239894,0.182021,0.149226,0.143921,0.125634,0.358182,0.229768,0.204552,0.216462,0.238129,0.056403,0.119929,0.260365,0.277889,0.131026,0.241337,0.207714,0.196100,0.146978,0.294193,0.311967,0.186398,0.084786,0.130361,0.228783,0.087199,0.312023,0.199335,0.211449,0.046057,0.253169,0.152016,0.165282,0.139283,0.127203,0.124228,0.057362,0.221259,0.088786,0.150359,0.148695,0.272576,0.129802,0.213695,0.260887,0.126186,0.231165,0.208137,0.259693,0.125927,0.267400,0.320181,0.144980,0.199249,0.192000,0.107433,0.332636,0.190953,0.150846,0.198608,0.206696,0.141333,0.043307,0.194335,0.252807,0.244183,0.110916,0.215122,0.086131,0.079737,0.381384,0.131990,0.131673,0.264992,0.030122,-0.032252,0.162449,0.237412,0.278624,0.090111,0.225411,0.199878,0.181591,0.314947,0.266846,0.022411,0.145380,0.198790,0.264068,0.122489,0.339484,0.225098,0.206888,0.047081,0.281453,0.144266,0.173422,0.212843,0.267207,0.322544,0.125256,0.210482,0.070175,0.113063,0.118235,0.124307,0.196216,0.213270,0.206838,0.233619,0.168471,0.145139,0.068550,0.196716,0.261076,0.221746,0.191655,0.116720,0.158953,0.327527,0.291626,0.233731,0.185345,0.243126,0.168011,0.108083,0.020983,0.281099,0.264318,0.129613,0.124765,0.197836,0.257637,0.210203,0.124587,0.260579,0.136632,0.005794,0.314669,0.281620,0.241212,0.248783,0.178589,0.274847,0.292691,0.147241,0.168883,0.170548,0.152352,0.328172,0.145669,0.164809,0.127473,0.107280,0.384596,0.136188,0.239903,0.274513,0.148648,0.218173,0.192828,0.328194,0.135074,0.191809,0.200101,0.126854,0.148793,0.130655,0.221089,0.220794,0.119322,0.269540,0.072704,0.126644,0.364243,0.140831,0.242295,0.216323,0.133922,0.188779,0.154599,0.197398,0.101737,0.131127,0.101313,0.203766,#
10,0.227507,0.263952,0.201136,0.244686,0.059428,0.248847,0.129029,0.232816,0.242548,0.228478,1.000000,0.158262,-0.024536,0.135988,0.116542,0.172149,0.126218,0.120366,0.192094,0.207567,0.089116,0.138693,0.066856,0.168935,0.045430,0.065277,0.155341,0.340344,0.096312,0.223092,0.167381,0.208137,0.170982,0.226107,0.206477,0.130585,0.112305,0.139296,0.275430,0.094488,0.265078,0.119291,0.119456,0.067129,0.122178,0.220362,0.222029,0.190209,0.238551,0.277957,0.009797,0.172842,0.219263,0.126081,0.085112,0.200960,0.127158,0.050208,0.092485,0.195771,0.115225,0.233592,0.228295,0.255874,0.317462,0.172013,0.143554,0.090062,0.104603,0.191106,0.180344,0.249933,0.263107,0.160963,0.085701,0.174139,0.139733,0.158405,0.156377,0.086046,0.312123,0.116876,0.254216,0.121263,0.313187,0.050041,0.208319,0.292999,0.130862,0.179850,0.086949,0.281371,0.224305,0.221706,0.256678,0.291958,0.049318,0.116975,0.337215,0.207438,0.113642,0.120479,0.157601,0.131619,0.328508,-0.004382,0.124430,0.237096,0.124056,0.104410,0.067310,0.151334,0.122723,0.164008,0.254009,0.290719,0.177705,0.027321,0.175240,0.203004,0.176195,0.337962,0.057468,0.162010,-0.003341,0.171858,0.216471,0.224090,0.187272,0.106195,0.177836,0.081905,0.113247,0.193533,0.267708,0.185648,0.099032,0.278513,0.114383,0.082027,0.271106,0.021312,0.150831,0.131593,0.059584,0.037318,0.050002,0.041370,0.147721,0.121610,0.208059,0.185958,0.335741,0.139390,0.209360,0.181062,0.237602,0.063721,0.240189,0.111428,0.233817,0.097576,0.286871,0.206600,0.119815,0.164957,0.277060,0.129117,0.247688,0.243810,0.240512,0.143320,0.036683,0.151683,0.110606,0.147397,0.192989,0.275158,0.067886,0.184833,0.134282,0.119067,0.258694,0.075756,0.120157,0.147736,0.028003,0.018621,0.152877,0.253248,0.294788,0.078436,0.149872,0.112235,0.279413,0.135802,-0.013126,0.214704,0.169979,0.311536,#
11,0.163397,0.223895,0.263862,0.215527,0.251105,0.205009,0.147855,0.342704,0.282590,0.074838,0.158262,1.000000,0.214170,0.135488,0.144614,0.111637,0.144429,0.288560,0.240073,0.056248,0.131431,0.241211,0.130916,0.119643,0.200728,0.267579,0.090389,0.299160,0.143016,0.207772,0.212285,0.174446,0.175544,0.217043,0.182548,0.137047,0.281206,0.088755,0.148723,0.284820,0.177183,0.292317,0.332153,0.216787,0.122035,0.229127,0.277971,0.133583,0.193365,0.171623,0.199693,0.231805,0.237905,0.302024,0.117109,0.127356,0.025072,0.285473,0.201432,0.151370,0.126583,0.184893,0.314985,0.113923,0.218534,0.284122,0.196033,0.225644,0.188680,0.289716,0.164620,0.157658,0.264684,0.211325,0.116427,0.040670,0.230873,0.131098,0.161231,0.065456,0.237840,0.192354,0.210333,0.067714,0.217753,0.107381,0.104193,0.207010,0.203963,0.071757,0.140714,0.321933,0.282439,0.300665,0.221999,0.335530,0.153662,0.163324,0.243105,0.134801,0.148778,0.190546,0.146161,0.213108,0.178418,0.304612,0.260490,0.321237,0.254875,0.213698,0.335909,0.191122,0.222977,0.224846,0.002383,0.312179,0.162566,0.209501,0.068747,0.271928,0.082742,0.206832,0.270784,0.131620,0.235345,0.192474,0.166965,0.193260,0.269535,0.185195,0.155741,0.241037,0.333598,0.279491,0.256934,0.181806,0.130503,0.273603,0.103206,0.228028,0.204302,0.114312,0.195903,0.155475,0.286121,0.103975,0.264744,0.105775,0.057906,0.181639,0.189042,0.243914,0.219843,0.261006,0.259549,0.220773,0.212025,0.068831,0.226707,0.144675,0.116260,0.213496,0.193344,0.081575,0.178629,0.077111,0.293085,0.103412,0.222289,0.304755,0.167809,0.162702,0.110128,0.153360,0.132404,0.234972,0.125955,0.229964,0.078731,0.238599,0.274832,0.152607,0.189706,0.095546,0.141869,0.118567,0.071674,0.236645,0.259392,0.262337,0.257455,0.116804,0.327597,0.207295,0.274725,0.179838,0.155080,0.208507,0.195472,0.210679,#
12,0.156475,0.152013,0.142149,0.182121,0.262135,0.207437,0.253023,0.186759,0.266318,0.154132,-0.024536,0.214170,1.000000,0.157632,0.275364,0.108158,0.336070,0.229984,0.238975,0.303667,0.192695,0.222762,0.206516,0.226780,0.038938,0.191469,0.178694,0.208853,0.265838,0.152081,0.051070,0.242570,0.250192,0.202747,0.196402,0.224857,0.215859,0.083115,0.182717,0.194683,0.127042,0.095905,0.205373,0.346979,0.223917,0.187463,0.250814,0.061265,0.189360,0.130750,0.282530,0.200452,0.176265,0.214682,0.234796,0.178440,0.076493,0.221267,0.168642,0.062982,0.080878,0.281895,0.039203,0.205696,0.323990,0.208073,0.143291,0.137621,0.174074,0.160461,0.178682,0.170838,0.236378,0.190376,0.304953,0.198377,0.238284,0.072649,0.194953,0.105614,0.213304,0.230188,0.143930,0.121027,0.131990,0.211571,0.152141,0.276116,0.262628,0.126420,0.179831,0.185888,0.127720,0.124105,0.225661,0.280515,0.350329,0.260384,0.196785,0.055565,0.139684,0.250458,0.208874,0.208772,0.204196,0.109983,0.223215,0.102887,0.095032,0.125754,0.281752,0.079100,0.140008,0.211344,0.259421,0.071609,0.311514,0.055374,0.220775,0.079065,0.209919,0.197126,0.319856,0.274693,0.246664,0.120006,0.102364,0.069863,0.097245,0.161849,0.179850,0.085496,0.140227,0.188925,0.239901,0.108365,0.237827,0.216481,0.260890,0.107588,0.223611,0.231208,0.241165,0.128753,0.130631,0.197026,0.147393,0.152189,0.092360,0.256360,0.104112,0.292025,0.208551,0.175740,0.115831,0.300475,0.162807,0.039388,0.190280,0.148693,0.132171,0.316678,0.251622,0.198010,0.273076,0.105927,0.269747,0.190868,0.120083,0.147411,0.240648,0.204100,0.132956,0.201188,0.149998,0.164747,0.253038,0.351403,0.213794,0.060363,0.189513,0.222266,0.220780,0.186544,0.061777,0.174216,0.177957,0.307329,0.188255,0.099827,0.169218,0.065339,0.181761,0.196867,0.115571,0.175670,0.193912,0.237079,0.202910,0.111279,#
13,0.138920,0.068470,0.283161,0.140766,0.173413,0.032607,0.269366,0.181593,0.198894,0.218787,0.135988,0.135488,0.157632,1.000000,0.231448,0.100531,0.239872,0.187187,0.262348,0.254831,0.268934,0.231617,0.169787,0.214469,0.045726,0.250614,0.228855,0.283896,0.229404,0.254432,0.106676,0.223920,0.252958,0.259489,0.203221,0.086346,0.173017,0.158746,0.154216,0.230698,0.240748,0.242910,0.270330,0.151907,0.301050,0.191633,0.214829,0.199793,0.266127,0.144084,0.132733,0.300534,0.191918,0.244045,0.196565,0.217888,0.071807,0.168056,0.170999,0.192219,0.222681,0.275518,0.213402,0.159303,0.268610,0.189643,0.311241,0.191328,0.276914,0.146674,0.139270,0.189781,0.035290,0.234113,0.310372,0.174044,0.248893,0.218798,0.276382,0.146890,0.172055,0.236310,0.264726,0.207452,0.256731,0.186835,0.137925,0.218638,0.266820,0.138367,0.172931,0.184536,0.223397,0.277442,0.255436,0.107545,0.241380,0.169433,0.200277,0.334370,0.187992,0.261101,0.157855,0.351832,0.200841,0.260284,0.178469,0.191764,0.233956,0.182224,0.186401,0.185329,0.347968,0.258826,0.247490,0.251947,0.215926,0.231847,0.106477,0.301113,0.186057,0.239847,0.181579,0.138449,0.276049,0.020739,0.132226,0.035564,0.201269,0.143483,0.108918,0.174880,0.105903,0.158910,0.344261,0.150079,0.176743,0.170599,0.326966,0.221373,-0.070868,0.206683,0.350935,0.162212,0.115201,0.249007,0.234019,0.211317,0.128250,0.168701,0.159546,0.239797,0.218080,0.341720,0.180296,0.307387,0.082223,0.185141,0.246062,0.264622,0.166882,0.254570,0.167606,0.273304,0.122476,0.181196,0.177261,0.114410,0.265310,0.140931,0.185950,0.285070,0.175011,0.157054,0.223118,0.249095,0.191192,0.307585,0.246280,0.074696,0.140810,0.300023,0.223982,0.242914,0.225040,0.210165,0.203692,0.220949,0.051631,0.159398,0.274344,0.209167,0.213687,0.254631,0.224959,0.169344,0.163949,0.120607,0.213396,0.197463,#
14,0.243901,0.096909,0.132586,0.238541,0.223548,0.238964,0.123026,0.366153,0.325246,0.239894,0.116542,0.144614,0.275364,0.231448,1.000000,0.291214,0.266574,0.228756,0.234081,0.337912,0.234613,0.165240,0.201212,0.319127,0.107594,0.094368,0.274469,0.253498,0.258911,0.233918,0.106572,0.318401,0.196396,0.163679,0.225853,0.128100,0.229384,0.193725,0.213782,0.258579,0.188403,0.100812,0.332575,0.167412,0.250221,0.330630,0.176126,0.113748,0.108059,0.181711,0.222545,0.139326,0.227181,0.317807,0.243883,0.266093,0.224287,0.149588,0.213716,0.177675,0.255259,0.325407,0.234502,0.203551,0.175066,0.134332,0.183056,0.279869,0.135849,0.288566,0.280616,0.126689,0.226583,0.232513,0.328138,0.228863,0.359853,0.226498,0.178015,0.101442,0.290901,0.289046,0.277383,0.264781,0.223072,0.235087,0.146270,0.321564,0.189670,0.091360,0.183965,0.206664,0.244864,0.304313,0.285321,0.272579,0.435645,0.253895,0.218432,0.065261,0.210795,0.238826,0.258480,0.194880,0.267918,0.202413,0.252599,0.153595,0.069798,0.126130,0.161708,0.094095,0.206575,0.271629,0.197597,0.260690,0.248479,0.123197,0.158611,0.240861,0.267697,0.276374,0.216223,0.222187,0.360365,0.074514,0.178280,0.341214,0.147913,0.329650,0.147631,0.175886,0.187728,0.231253,0.273738,0.226913,0.128433,0.268013,0.162370,0.222677,0.135174,0.279763,0.214195,0.187904,0.151996,0.361830,0.272213,0.187971,0.102902,0.120517,0.290744,0.213980,0.075919,0.247298,0.317451,0.277553,0.292100,0.172923,0.185840,0.204354,0.126908,0.181384,0.249795,0.179001,0.194394,0.175375,0.185384,0.098521,0.252098,0.319944,0.265764,0.223966,0.204606,0.241719,0.193312,0.267874,0.245888,0.284988,0.267881,0.057716,0.262337,0.345772,0.244992,0.144067,0.219027,0.133601,0.215182,0.039515,0.136107,0.297404,0.096403,0.208656,0.282646,0.274391,0.206741,0.172947,0.123954,0.130338,0.195357,0.117861,#
15,0.282639,0.079112,0.275108,0.141728,0.214998,0.218381,0.146632,0.156934,0.238310,0.182021,0.172149,0.111637,0.108158,0.100531,0.291214,1.000000,0.265560,0.284330,0.189644,0.231093,0.151275,0.195357,0.193986,0.316795,0.110023,0.286059,0.216404,0.201969,0.237787,0.298140,0.134862,0.251083,0.125071,0.245797,0.167025,0.202733,0.181233,0.075468,0.274134,0.126390,0.158049,0.214174,0.274840,0.145175,0.287304,0.171384,0.114890,0.206076,0.166042,0.281103,0.001104,0.318598,0.198065,0.191439,0.221855,0.155179,0.185188,0.093422,0.176584,0.206184,0.254810,0.191381,0.234743,0.184803,0.185150,0.240003,0.124065,0.169807,0.082461,0.076243,0.270874,0.112811,0.084905,0.189448,0.182948,0.136259,0.185625,0.226416,0.136054,0.183590,0.327654,0.155177,0.049022,0.257893,0.302264,0.213969,0.081808,0.393686,0.148520,0.147183,0.159453,0.157818,0.203230,0.190829,0.136123,0.182816,0.281505,0.143166,0.172515,0.092990,0.261049,0.105333,0.178068,0.191712,0.073571,0.191320,0.284654,0.163286,0.070926,0.267242,0.047486,0.212537,0.139280,0.200487,0.043920,0.210898,0.166768,0.047584,0.115191,0.135438,0.198197,0.167599,0.189226,0.186816,0.127510,0.128235,0.234045,0.212420,0.168851,0.328650,0.050793,0.089084,0.155200,0.149528,0.229691,0.168826,0.065882,0.048708,0.128269,0.112288,0.031537,0.149242,0.160979,0.060172,0.206375,0.138264,0.110569,0.172565,0.266805,0.099093,0.206289,0.052891,0.277217,0.299021,0.113671,0.258856,0.246349,0.145306,0.160330,0.220287,0.096815,0.158020,0.336636,0.067748,0.174140,0.268854,0.252112,0.273552,0.264005,0.072627,0.006976,0.213840,0.053229,0.112717,0.159365,0.207997,0.269917,0.206982,0.087014,0.202579,0.253380,0.193511,0.147148,0.246253,0.133229,0.128235,0.024232,0.195074,0.060010,0.180377,0.094511,0.198490,0.214756,0.128865,0.125083,0.169467,0.164755,0.243110,0.205127,0.135284,#
16,0.292528,0.140874,0.101608,0.124030,0.177190,0.146639,0.185284,0.302263,0.130975,0.149226,0.126218,0.144429,0.336070,0.239872,0.266574,0.265560,1.000000,0.233086,0.160682,0.367732,0.264636,0.259553,0.153249,0.167612,0.022210,0.283664,0.285736,0.053476,0.152746,0.294839,0.108771,0.310235,0.188472,0.347680,0.231280,0.188210,0.233915,0.100724,0.304582,0.125527,0.179008,0.161274,0.267777,0.163456,0.197867,0.283907,0.086331,0.131246,0.189204,0.173433,0.147840,0.218918,0.291186,0.320557,0.267944,0.172409,0.077462,0.196813,0.179795,0.064733,0.083669,0.321219,0.217450,0.212641,0.285294,0.169342,0.099240,0.308665,0.230965,0.257612,0.061248,0.209337,0.301366,0.167971,0.217968,0.203061,0.170532,0.311966,0.220486,0.224464,0.177828,0.205080,0.202016,0.254421,0.230729,0.211951,0.254197,0.230790,0.224184,0.139263,0.196598,0.205810,0.232272,0.126235,0.229919,0.194906,0.311737,0.179719,0.211186,0.233708,0.112370,0.144337,0.101670,0.161583,0.134087,0.261510,0.252021,0.096732,0.154330,0.152810,0.208904,0.189562,0.218905,0.201395,0.301595,0.306254,0.282777,0.183240,0.152171,0.248178,0.254690,0.310008,0.264083,0.283085,0.324560,0.167892,0.148487,0.118180,0.169772,0.246453,0.183148,0.096959,0.296108,-0.040455,0.313479,0.263300,0.116646,0.188976,0.140746,0.198276,0.098379,0.172093,0.244386,0.189414,0.215786,0.150386,0.170062,0.147636,0.252917,0.329398,0.046833,0.315472,0.148944,0.202531,0.248641,0.307788,0.187071,0.151749,0.210117,0.256235,0.087475,0.259888,0.334801,0.231173,0.172315,0.205182,0.236337,0.263199,0.171671,0.080592,0.211542,0.284216,0.114545,0.100107,0.154328,0.179356,0.154725,0.242014,0.211360,0.078762,0.162200,0.216785,0.209918,0.063867,0.184984,0.245656,0.256328,0.218685,0.223007,0.186278,0.323195,0.058833,0.094263,0.153625,0.164366,0.239430,0.117635,0.123296,0.133983,0.144381,#
17,0.285020,0.167789,0.184296,0.205569,0.273678,0.239496,0.230157,0.329093,0.292561,0.143921,0.120366,0.288560,0.229984,0.187187,0.228756,0.284330,0.233086,1.000000,0.168182,0.282096,0.305926,0.205396,0.185572,0.330915,0.176925,0.263954,0.246455,0.186057,0.172767,0.245605,0.213106,0.194759,0.233269,0.193375,0.214316,0.287304,0.078872,0.148805,0.340340,0.198317,0.333936,0.301071,0.266115,0.209243,0.217069,0.216565,0.199303,0.233091,0.204523,0.218262,0.232344,0.233134,0.194370,0.189500,0.213220,0.283881,0.219776,0.149069,0.231639,0.085873,0.216536,0.321806,0.127387,0.139301,0.229801,0.340707,0.248319,0.271473,0.173092,0.223737,0.128469,0.264699,0.157647,0.177626,0.155727,0.193851,0.164079,0.184936,0.146287,0.252796,0.222804,0.207027,0.321148,0.160711,0.165372,0.124644,0.264314,0.222342,0.246380,0.233554,0.221837,0.147876,0.311810,0.236449,0.131054,0.311140,0.233801,0.208458,0.173844,0.166073,0.191863,0.006175,0.168326,0.232500,0.109080,0.195515,0.298484,0.206115,0.157996,0.121334,0.245423,0.275767,0.110770,0.346561,0.235398,0.177443,0.109193,0.168519,0.089869,0.233858,0.108349,0.270506,0.250457,0.205374,0.378657,0.251646,0.199894,0.159430,0.149808,0.203196,0.285919,0.249822,0.269432,0.176158,0.216010,0.271807,0.207602,0.280839,0.249857,0.286488,0.200579,0.237172,0.308338,0.162413,0.229825,0.254528,0.184390,0.211215,0.137978,0.089323,0.249167,0.074066,0.133583,0.281012,0.278257,0.370824,0.299225,0.175410,0.297282,0.208746,0.162233,0.197119,0.360943,0.227305,0.164996,0.279088,0.159323,0.241819,0.270225,0.125517,0.294733,0.145010,0.177792,0.132026,0.225515,0.124395,0.257621,0.241590,0.080995,0.334679,0.196667,0.342329,0.242635,0.251382,0.159886,0.127707,0.179572,0.256532,0.201896,0.194729,0.248184,0.237996,0.278822,0.204092,0.325420,0.270733,0.098483,0.248168,0.129610,0.221468,#
18,0.288735,0.100721,0.204790,0.328188,0.243158,0.011450,0.210439,0.216106,0.205564,0.125634,0.192094,0.240073,0.238975,0.262348,0.234081,0.189644,0.160682,0.168182,1.000000,0.236587,0.223494,0.259605,0.222796,0.246527,0.192787,0.190474,0.149007,0.321791,0.212645,0.175401,0.032286,0.113561,0.200581,0.251098,0.289455,0.245116,0.265583,0.185252,0.203417,0.324108,0.260240,0.182279,0.254956,0.158392,0.298301,0.116338,0.193331,0.200306,0.109824,0.206077,0.139165,0.210139,0.325043,0.151049,0.191295,0.240208,0.137319,0.226524,0.112903,0.200053,0.193515,0.173124,0.248443,0.127821,0.316253,0.167388,0.202936,0.247462,-0.018345,0.161070,0.169187,0.104298,0.173898,0.143503,0.223610,0.155850,0.265216,0.222978,0.256251,0.152903,0.133057,0.118832,0.267007,0.233786,0.212836,0.124497,0.230813,0.226756,0.206096,0.150156,0.293332,0.171729,0.160834,0.236262,0.299666,0.296991,0.314227,0.233438,0.220339,0.252487,0.227923,0.167610,0.221322,0.205715,0.324309,0.219430,0.164560,0.123901,0.175247,0.138346,0.297097,0.151630,0.304352,0.242862,0.105294,0.161663,0.190872,-0.051674,0.157192,0.278606,0.219495,0.286672,0.219218,0.049879,0.223091,0.061423,0.176523,0.175745,0.337071,0.133347,0.143273,0.265332,0.116764,0.230661,0.261572,0.142678,0.196402,0.233278,0.099225,0.202113,0.084056,0.174349,0.247782,0.214519,0.136190,0.300046,0.181924,0.085083,0.124012,0.192233,0.130521,0.304483,0.211270,0.236438,0.171607,0.321502,0.249725,0.205831,0.155590,0.355319,0.212276,0.166321,0.248636,0.209762,0.193707,0.309536,0.318491,0.207402,0.151330,0.249920,0.115009,0.252297,0.241109,0.143420,0.009929,0.293727,0.234169,0.312007,0.168749,0.132461,0.165931,0.225027,0.215863,0.130066,0.187877,0.049485,0.299802,0.156696,0.169029,0.173847,0.235303,0.189205,0.249778,0.218580,0.262161,0.181515,0.083463,0.224096,0.301773,0.167221,#
19,0.309530,0.212721,0.241424,0.255815,0.428631,0.322653,0.129459,0.252042,0.281968,0.358182,0.207567,0.056248,0.303667,0.254831,0.337912,0.231093,0.367732,0.282096,0.236587,1.000000,0.269317,0.242300,0.254814,0.277243,0.089319,0.281064,0.352565,0.211104,0.254961,0.297020,0.249843,0.303762,0.175681,0.258060,0.182442,0.258441,0.228222,0.109983,0.330087,0.201009,0.357824,0.203705,0.202564,0.150287,0.248895,0.260218,0.325965,0.314092,0.252011,0.221489,0.153353,0.279547,0.167381,0.288530,0.283850,0.290410,0.249112,0.143254,0.276486,0.153968,0.320923,0.432718,0.298392,0.271167,0.431611,0.181381,0.171143,0.272156,0.109064,0.238581,0.296849,0.225578,0.266891,0.253635,0.329266,0.312226,0.229519,0.293688,0.396390,0.179050,0.248625,0.226789,0.305295,0.197144,0.267168,0.236279,0.227280,0.377943,0.293395,0.094856,0.214420,0.259041,0.339574,0.195849,0.255041,0.311964,0.320035,0.276735,0.179656,0.207877,0.249353,0.217788,0.284577,0.294522,0.302296,0.309716,0.264787,0.298059,0.147014,0.065625,0.151993,0.205876,0.266728,0.343948,0.292332,0.136382,0.347434,0.265996,0.192535,0.080493,0.226574,0.344545,0.375151,0.323537,0.391679,0.162765,0.318554,0.222621,0.238425,0.325957,0.181364,0.146855,0.259570,0.244823,0.356271,0.226040,0.246696,0.295092,0.213019,0.198101,0.116094,0.234171,0.279805,0.168615,0.227780,0.263415,0.184766,0.154751,0.300370,0.227564,0.238820,0.359661,0.250911,0.296709,0.296535,0.312360,0.284304,0.196875,0.278674,0.317849,0.317370,0.258570,0.280476,0.220797,0.273801,0.285190,0.128776,0.268927,0.328463,0.199276,0.248028,0.323736,0.309638,0.265908,0.236896,0.233099,0.295809,0.396726,0.228858,0.178720,0.074162,0.378212,0.303085,0.298059,0.306226,0.189334,0.231544,0.256258,0.300903,0.226847,0.396619,0.300766,0.122357,0.258065,0.195959,0.379372,0.146142,0.182405,0.298796,0.270102,#
20,0.175405,0.029989,0.253840,0.178757,0.363108,0.158196,0.298375,0.201511,0.157056,0.229768,0.089116,0.131431,0.192695,0.268934,0.234613,0.151275,0.264636,0.305926,0.223494,0.269317,1.000000,0.250921,0.143224,0.183454,0.181286,0.290194,0.256139,0.137150,0.235495,0.247280,0.046028,0.113327,0.185789,0.255944,0.179107,0.258285,0.275330,0.058635,0.251953,0.222341,0.271146,0.361745,0.140572,0.119793,0.363853,0.181503,0.313788,0.107858,0.138435,0.153067,0.037973,0.261732,0.173165,0.244154,0.239469,0.215884,0.204386,0.240263,0.238689,0.072933,0.283166,0.265407,0.305006,0.098248,0.237639,0.167998,0.158686,0.156218,0.236584,0.264023,0.288303,0.249781,0.089318,0.208230,0.212233,-0.004821,0.218942,0.300020,0.216304,0.130686,0.160746,0.267527,0.298974,0.139468,0.180481,0.203665,0.241807,0.187627,0.300418,0.173500,0.244549,0.249031,0.246935,0.252821,0.327574,0.170920,0.218138,0.283906,0.256339,0.071520,0.235256,0.124561,0.328150,0.219876,0.196470,0.120741,0.192826,0.217863,0.094921,0.314416,0.222350,0.266709,0.176093,0.153789,0.253072,0.216717,0.316072,0.205257,0.060177,0.312926,0.238193,0.272052,0.173559,0.203618,0.216937,0.185795,0.234998,0.125597,0.330385,0.228548,0.263540,0.169438,0.198228,0.264977,0.300029,0.134599,0.241729,0.116810,0.270791,0.199869,0.183467,0.214509,0.208711,0.190306,0.242834,0.201363,0.118529,0.154247,0.176431,0.340070,0.276358,0.198888,0.132448,0.348152,0.165592,0.252382,0.247156,0.105764,0.215191,0.348680,0.156110,0.279544,0.265980,0.257957,0.256381,0.080123,0.078304,0.245123,0.277074,0.162991,0.269214,0.193816,0.232115,0.060106,0.088397,0.217450,0.075150,0.199624,0.339451,0.141816,0.172987,0.221481,0.142833,0.167178,0.155673,-0.004203,0.180862,0.280210,0.145191,0.301070,0.067831,0.198757,0.174898,0.280217,0.206345,0.153015,0.156192,0.191809,0.248235,0.225160,#
21,0.186533,0.272092,0.269607,0.233858,0.220562,0.082786,0.199581,0.265966,0.306681,0.204552,0.138693,0.241211,0.222762,0.231617,0.165240,0.195357,0.259553,0.205396,0.259605,0.242300,0.250921,1.000000,0.168224,0.187067,0.112877,0.169066,0.301582,0.227519,0.260429,0.222735,0.203138,0.256747,0.218935,0.242720,0.188204,0.280318,0.341364,0.259942,0.355842,0.202385,0.220917,0.293960,0.230539,0.196341,0.240556,0.233576,0.214553,0.293403,0.196966,0.116458,0.219318,0.258213,0.106280,0.131458,0.201114,0.209266,0.222452,0.207662,0.163237,0.086340,0.214484,0.148091,0.299692,0.194811,0.397215,0.289719,0.117997,0.255340,0.206752,0.264844,0.311404,0.297229,0.287620,0.340017,0.272540,0.192646,0.165144,0.195795,0.191426,0.257828,0.189603,0.189261,0.250896,0.026586,0.313773,0.112000,0.273434,0.244450,0.197628,0.291408,0.158463,0.113755,0.183978,0.208643,0.320024,0.251396,0.293458,0.190718,0.080732,0.204849,0.332135,0.281241,0.267692,0.169016,0.199690,0.273268,0.253641,0.102729,0.202248,0.225962,0.280218,0.245568,0.112838,0.280547,0.187415,0.299764,0.356428,0.182767,0.109653,0.262101,0.177778,0.330871,0.251274,0.268849,0.264068,0.142811,0.221475,0.223587,0.265743,0.186703,0.217981,0.260712,0.380476,0.244281,0.239295,0.131904,0.151595,0.175000,0.159474,0.282802,0.197243,0.263201,0.250175,0.166796,0.200726,0.308602,0.222957,0.199953,0.168308,0.229814,0.253215,0.195052,0.173829,0.242524,0.303077,0.316297,0.155139,0.099072,0.146205,0.238976,0.216746,0.299075,0.313129,0.254442,0.280700,0.143405,0.218401,0.262129,0.214910,0.332276,0.190340,0.186302,0.192334,0.119757,0.171309,0.334334,0.155166,0.296305,0.088626,0.192649,0.175222,0.303904,0.087158,0.232774,0.152471,0.182417,0.193063,0.184382,0.214042,0.268482,0.339769,0.162727,0.230465,0.252003,0.322288,0.236136,0.233841,0.228336,0.325853,0.213638,#
