0,1.000000,0.046102,0.167948,0.098719,0.163208,0.096962,0.121802,-0.005315,0.129646,0.121245,0.193509,0.036725,0.078090,0.096808,0.226169,0.220882,0.186213,0.213986,0.228683,0.261456,0.117415,0.128877,0.194324,0.338617,0.137730,0.041295,0.165514,-0.001523,0.132234,0.241296,0.024516,0.194435,0.122252,0.177102,0.232047,0.126642,0.067005,0.068408,0.239215,0.201434,0.161186,0.095818,0.236154,0.001760,0.096779,0.088053,0.083463,0.197170,0.177325,0.256985,0.123253,0.115696,0.134776,0.194499,0.246741,0.206604,0.207155,0.180849,0.002253,0.035842,0.192713,0.178155,0.231527,0.052331,0.109002,0.101589,0.128154,0.130047,0.125061,0.119985,0.121277,0.079974,0.144864,0.203681,0.118343,-0.017340,0.229041,0.172461,0.108372,0.086576,0.115833,0.032448,0.075602,0.164038,0.282726,0.107940,0.187560,0.215521,0.201411,0.155382,0.060326,0.027793,0.190601,0.080016,0.189134,0.185281,0.237390,0.048386,0.135534,0.249590,0.200625,0.161683,0.103785,0.221497,0.138446,0.216727,0.192079,0.162438,0.235347,-0.036845,-0.004052,0.168387,0.033693,0.195208,0.114223,0.104327,0.094845,0.079304,0.149006,0.109375,0.207032,0.182153,0.212274,0.174004,0.184580,0.228024,0.158002,-0.020713,0.116414,0.243281,0.195890,0.081023,0.120310,0.071880,0.151743,0.135796,0.176661,0.064323,0.014449,0.185760,0.221712,0.132773,0.084216,0.119461,0.099838,0.035566,0.144475,0.131801,0.112247,0.062978,0.010111,0.126318,0.214483,0.048304,0.131484,0.184215,0.151012,0.127904,0.168892,0.167377,0.209090,0.240893,0.080853,0.026933,0.125643,0.207482,0.123181,0.182330,0.215410,0.111655,0.120506,0.061368,0.187524,0.193963,0.005436,0.216299,0.313574,0.199145,0.148993,0.045565,0.124867,0.185899,0.141779,0.097359,0.105954,0.032962,0.151517,0.299968,0.196596,0.003343,0.012300,0.179989,0.074064,0.195178,0.244023,0.122591,0.028539,0.205643,0.203715,0.191198,#
1,0.046102,1.000000,0.071203,0.107578,0.082663,0.111353,0.174265,0.139965,0.296494,0.085193,0.239547,0.216563,0.115056,0.045883,0.022897,0.026863,0.151959,0.094730,-0.017838,0.119789,0.006510,0.148291,0.079777,0.060414,0.106250,0.123516,0.072539,0.180937,-0.069895,0.108390,0.194887,0.116775,-0.013059,0.181829,-0.000553,0.099518,0.121274,0.004289,0.253857,0.145813,0.033360,-0.003413,0.200496,0.087741,0.074206,0.089613,0.324508,0.126155,0.088877,0.065581,0.126739,0.138651,0.185344,0.173712,0.051987,0.123049,0.099018,-0.049943,-0.049070,0.042287,0.074650,0.115358,0.168655,-0.031951,0.059983,0.213983,0.087719,0.216731,0.175818,0.242857,0.137343,0.165854,0.281699,-0.009791,0.210150,0.119264,0.113222,0.091358,0.294648,0.064896,0.074538,0.154833,0.074941,0.086832,0.213256,-0.053546,0.184297,0.191359,0.193512,0.062094,0.097714,0.096388,-0.013987,0.113996,0.070599,0.145377,0.040488,0.018528,0.068368,0.078548,0.174175,0.032523,0.033636,0.106430,0.003744,0.180474,0.192503,0.246352,0.165843,0.107652,0.127128,0.119158,0.008125,0.145364,0.185366,0.307230,0.134791,0.042820,0.003605,0.027111,-0.003975,0.148375,0.183378,0.133091,0.158503,0.101153,0.086834,0.112625,0.163673,0.187191,0.003921,0.176689,0.102903,0.117314,0.229029,0.230839,0.119010,0.218503,0.154927,0.150243,0.155842,0.025598,0.131973,0.184002,0.176247,0.055657,0.054872,0.058827,0.130884,-0.004358,0.133226,0.124041,-0.005451,-0.080079,0.326789,0.148767,0.039570,0.077508,-0.068837,-0.035742,0.001211,0.233297,0.138974,0.198634,0.136005,0.080396,0.092240,-0.001678,0.094521,0.157244,0.094332,0.173042,0.079205,0.087837,0.039370,0.211072,0.090551,0.195194,0.078244,-0.022230,0.108291,-0.008573,0.212136,0.020670,0.135556,0.140863,0.042586,-0.056688,0.182663,0.180567,0.205635,0.158722,-0.024910,0.068296,0.138102,0.014827,0.022733,0.259147,0.015782,0.241828,#
2,0.167948,0.071203,1.000000,0.152684,0.225476,0.089650,0.185491,0.198863,0.112147,0.125503,0.219467,0.221710,0.066287,0.311983,0.042959,0.150389,0.029699,0.077478,0.124084,0.179031,0.273186,0.227536,0.041826,0.147258,0.131961,0.264376,0.219868,0.126924,0.045183,0.226380,0.036397,0.007471,0.129641,0.091450,0.124053,0.126927,0.158401,-0.022171,0.149859,0.042080,0.134936,0.086846,0.242858,0.067688,0.024143,0.155600,0.167941,0.109151,0.043265,0.138326,0.193249,0.213430,0.155725,0.115086,0.057879,0.164940,0.118255,0.025507,0.136168,0.189216,0.290509,0.066802,0.091422,0.141871,0.241680,0.186887,0.076045,0.090572,0.196037,0.205825,0.141469,0.157355,0.057567,0.228786,0.239978,0.087451,0.120156,0.116114,0.134500,0.090654,0.191984,0.042542,0.132563,-0.025333,0.208596,0.063725,0.142547,0.200666,0.064855,0.051849,0.078686,0.193235,0.244364,0.170859,0.103239,0.163859,0.209830,0.057442,0.185447,0.122642,0.251215,0.096633,0.034511,0.212046,0.026115,0.185701,0.191221,0.231788,0.199083,0.125297,0.153949,0.118278,0.225169,0.135713,0.105137,0.207699,0.109891,0.129130,-0.145158,0.080655,0.098135,0.060122,0.018289,0.173081,0.105895,0.041463,0.245294,0.104163,0.176303,0.180351,0.065800,0.157293,0.141359,0.111467,0.240892,0.135851,0.194229,0.155168,0.114910,0.004276,0.085589,0.137453,0.097578,0.073506,0.234714,0.126290,0.004924,0.078355,0.185858,0.033928,0.073740,0.227125,0.217805,0.131903,0.106068,0.063136,0.030094,-0.005312,0.141648,0.129551,0.070015,0.300443,0.157412,0.179939,0.100541,0.181722,0.081520,0.019175,-0.007693,0.126537,0.077407,0.279266,0.198917,0.064351,0.146412,0.109849,0.203995,0.132851,-0.018442,0.078304,0.177689,0.144221,0.023146,0.271836,0.029700,0.124719,0.128768,0.053204,0.142498,0.021997,0.047687,0.161033,0.273313,0.140300,0.141828,0.034326,-0.032893,0.170047,0.239131,0.229033,#
3,0.098719,0.107578,0.152684,1.000000,0.214600,0.146531,0.210322,0.100259,0.273499,0.144337,0.226986,0.236286,0.131046,0.093314,0.118775,0.102445,0.136023,0.178533,0.257105,0.194310,0.186567,0.173926,0.159103,0.311931,0.152342,0.195165,0.222898,0.164484,0.135002,0.303874,0.198264,0.189920,0.317417,0.232608,0.018332,0.160710,0.228511,0.205843,0.293083,0.131444,0.126249,0.253968,0.222213,0.287305,0.031311,0.192021,0.133378,0.190491,0.001560,0.118682,0.169466,0.162587,0.196756,0.042572,0.055550,0.282989,0.169991,0.111283,0.110742,0.141085,0.210688,0.032135,0.156086,0.073140,0.351025,0.159835,0.122340,0.048915,-0.002774,0.272035,0.130976,0.167038,0.265325,0.057108,0.193500,0.217506,0.161640,0.158130,0.173103,0.082760,0.247090,0.179849,0.168034,0.002841,0.247968,0.116836,0.132827,0.145766,0.175237,0.118043,0.227735,0.203795,0.152662,0.175063,0.111026,0.209741,0.147316,0.037307,0.206204,0.151223,0.238975,0.104151,0.142954,0.112826,0.324459,0.105814,0.199516,0.197155,0.179762,0.155311,0.129699,0.044888,0.177316,0.134563,0.087026,0.159851,0.162975,0.098017,0.051455,0.095817,0.146070,0.162619,0.171566,0.224299,0.084658,0.116106,0.236993,0.235682,0.128309,0.223438,0.220298,0.285867,0.228461,0.202592,0.194271,0.209293,0.020502,0.093362,0.137307,0.094712,0.140253,0.274075,0.187660,0.139058,0.093239,0.143371,0.263838,0.327493,0.135419,0.151101,0.002186,0.057643,0.091412,0.136450,0.279655,0.049953,0.030794,0.076938,0.233732,0.210599,0.152235,0.210799,0.167660,0.204210,0.112162,0.130747,0.154618,0.088304,0.074933,0.132948,0.173916,0.075045,0.134111,0.041837,0.040957,0.222503,0.206319,0.214911,0.037138,0.151606,0.076031,0.258025,0.227377,0.067555,0.021689,0.117636,0.123098,0.116608,0.101863,0.180385,0.116782,0.217412,0.273229,0.085740,0.212650,0.191177,0.182243,0.242507,0.166046,0.158230,#
4,0.163208,0.082663,0.225476,0.214600,1.000000,0.275618,0.036692,0.141081,0.267348,0.194743,0.047165,0.161886,0.169007,0.129470,0.115171,0.163625,0.119902,0.148965,0.182767,0.341700,0.335557,0.163521,0.170670,0.310954,0.081048,0.264500,0.163854,0.037063,0.166853,0.111372,0.116738,0.156005,0.224496,0.182219,0.083959,0.189020,0.333427,0.090882,0.196118,0.115626,0.126617,0.268157,0.214367,0.152222,0.233368,0.177187,0.318781,0.174513,0.096775,0.120927,0.082144,0.112015,0.182799,0.226062,0.240705,0.247463,0.173258,0.097364,0.167117,0.153566,0.225842,0.197552,0.121709,-0.020181,0.193581,0.124373,0.094744,0.163764,0.072397,0.184264,0.223391,0.188275,0.251044,0.174533,0.179742,0.051051,0.112485,0.284695,0.202099,0.182392,0.235496,0.208330,0.067034,-0.005063,0.342319,0.121569,0.166889,0.173678,0.188877,0.101184,0.252801,0.071042,0.168454,0.127597,0.158369,0.231805,0.147322,0.130654,0.129153,0.177930,0.155897,0.097435,0.177432,0.181669,0.132508,0.191874,0.080402,0.230833,0.197047,0.270808,0.235606,0.207198,0.291422,0.325920,0.138645,0.067395,0.182967,0.055532,-0.019705,0.067918,0.068991,0.142987,0.182958,0.095612,0.256630,0.008855,0.216534,0.129041,0.268338,0.207966,0.210326,0.076624,0.233525,0.238727,0.266979,0.202666,0.126429,0.032940,0.171669,0.095992,0.159388,0.100005,0.184566,0.073446,0.229376,0.192218,0.187424,0.196650,0.124734,0.152044,0.068123,0.146526,0.207292,0.289272,0.268110,0.068951,0.269148,0.103599,0.048188,0.207780,0.172331,0.191844,0.120559,0.097687,-0.078280,0.201621,0.005441,0.081984,0.069838,0.183070,0.058894,0.165750,0.326365,0.201232,0.189455,0.243104,0.272444,0.245807,0.140835,0.122375,0.030467,0.055570,0.225298,0.103130,0.146645,0.188426,-0.019030,0.228435,0.156694,0.257075,0.044516,0.119040,0.093231,0.115255,0.135971,0.241885,0.172077,0.178457,0.218826,0.364331,#
5,0.096962,0.111353,0.089650,0.146531,0.275618,1.000000,0.111890,0.192565,0.261697,0.189245,0.211823,0.109399,0.169497,0.080778,0.128664,0.186938,0.109746,0.164347,-0.024000,0.231310,0.160682,0.008247,0.127250,0.215814,0.166865,0.138077,0.236946,0.157103,0.194130,0.183898,0.234409,0.243294,0.284838,0.231630,0.074285,0.142847,0.209684,0.047303,0.191063,0.139276,0.210236,0.133770,0.081549,0.240473,0.128314,0.190155,0.264396,0.082946,0.183351,0.138684,0.101121,0.175001,0.120418,0.142162,0.019213,0.272376,0.142262,0.023684,0.242428,0.147726,0.160757,0.183355,0.183846,0.038467,0.215137,0.191025,0.160790,0.151506,0.211438,0.037064,0.177248,0.149430,0.312688,0.201400,0.117462,0.162377,0.216202,0.250750,0.183827,0.160537,0.240162,0.180111,0.203394,0.007829,0.133261,0.128288,0.160540,0.158033,0.222133,0.001038,0.009428,0.200121,0.254855,0.291735,0.095069,0.175235,0.058344,0.177823,0.270463,0.108403,0.185521,0.203774,0.076275,0.194060,0.088033,0.176073,0.147658,0.249093,0.108564,0.150124,0.128842,0.178465,0.122190,0.162910,0.170319,0.107398,0.206636,0.094183,0.032380,0.091858,0.037404,0.210744,0.107065,0.243870,0.048239,0.076599,0.129102,0.034634,0.193183,0.185915,0.254012,0.189105,0.263307,0.207971,0.276507,0.298163,0.173550,0.138655,0.103011,-0.052929,0.237666,0.099227,0.170942,0.264098,0.251752,0.068829,0.124388,0.104793,0.083878,0.125182,0.217463,0.040108,0.177898,0.195154,0.159768,0.173727,0.202923,0.091702,0.224370,0.105078,0.188373,0.185051,0.194297,0.140952,0.133690,0.127646,-0.012257,0.202793,0.212028,0.229672,0.243397,0.196754,0.130461,0.111151,0.065018,0.219723,0.196090,0.196838,0.198641,0.073794,0.219183,0.063257,0.364521,0.153542,0.101346,0.233617,0.163962,0.116385,0.073533,0.122427,0.045097,0.193360,0.144288,0.147904,0.150580,0.107712,0.076871,0.247523,0.120895,0.267898,#
6,0.121802,0.174265,0.185491,0.210322,0.036692,0.111890,1.000000,0.052812,0.204302,0.042869,0.115284,0.119064,0.131332,0.214960,0.032273,0.080920,0.144828,0.093948,0.103247,0.039623,0.268932,0.148447,-0.082268,0.079662,0.023134,0.100586,0.091630,0.070578,0.090963,0.225855,0.125235,0.113388,0.104107,0.169689,0.048867,0.079530,0.033085,0.092094,0.109516,0.205328,-0.029601,0.087076,0.056975,0.081460,0.163565,0.174435,0.142242,-0.019726,0.116580,0.077241,0.052887,0.177326,0.224712,0.113706,0.035065,0.135308,0.090911,0.121989,0.165072,0.161986,0.202534,-0.028953,0.123625,0.132995,0.270375,0.243117,0.178681,0.128291,0.113718,0.097055,0.066324,0.166556,0.125713,0.197814,0.212541,0.175358,0.155073,0.111355,0.190914,0.088451,0.102148,0.079148,0.205586,-0.033814,0.070648,0.113925,0.090443,0.118933,0.068644,0.063205,0.047876,0.124187,0.023289,0.045857,0.043478,0.063315,0.248619,0.057425,0.107145,0.211207,0.127056,0.181017,0.197589,0.037007,-0.116377,0.162949,0.060278,0.029837,0.141048,0.076374,0.103079,0.133277,0.029495,-0.101917,0.104766,0.107050,0.333850,0.047335,0.110447,0.082063,0.181300,0.146338,-0.006542,0.199838,0.136352,0.192593,0.041521,0.145885,0.084709,0.181981,0.081981,0.125519,0.178827,0.021811,0.216053,0.185688,0.021413,0.118733,0.213040,0.115670,0.130386,0.125780,-0.014474,0.106922,0.050988,0.072207,0.129772,0.118372,0.061271,-0.056647,0.166750,0.025007,0.101468,-0.057601,0.221321,0.018086,0.006648,0.180498,0.174879,0.019699,0.023178,0.227782,0.188028,0.180122,0.156197,0.170543,0.066629,0.071887,0.125906,0.114723,0.062810,0.064083,0.063624,0.044981,0.106660,0.160451,0.025232,0.198737,0.195974,-0.034231,0.088989,-0.000255,0.244513,0.215573,0.153034,0.137214,0.002890,0.112563,-0.007446,0.190815,-0.065009,0.137245,0.071715,0.219539,0.056266,-0.000329,0.088858,0.177203,0.110963,0.145100,#
7,-0.005315,0.139965,0.198863,0.100259,0.141081,0.192565,0.052812,1.000000,0.299073,0.187049,0.159361,0.246456,0.050487,0.149223,0.253930,0.082956,0.138044,0.210953,0.062733,0.151335,0.102925,0.194697,0.203181,0.154741,0.222234,0.158281,0.170435,0.252967,0.053161,0.195504,0.058550,0.096783,0.120989,0.126416,0.002888,0.094894,0.028029,-0.048754,0.242146,0.125452,0.080661,0.080133,0.114006,0.214086,0.193591,0.190334,0.166285,0.155435,0.076714,0.095236,0.167246,0.111537,0.018533,0.222278,0.095681,0.148143,0.130474,0.166557,0.118708,0.052337,0.194666,0.095538,0.109831,0.018256,0.220474,0.174730,0.103724,0.105318,0.136934,0.330995,0.135194,0.001894,0.336749,0.135346,0.146114,0.091233,0.016429,0.155155,0.220819,0.260913,0.206611,0.123033,0.138118,0.064392,0.238534,0.055395,0.116710,0.127545,0.134169,0.157619,0.000989,0.065193,0.182191,0.158841,0.064329,-0.030245,0.024481,0.152048,0.086059,0.155592,0.193393,0.068454,0.041172,0.074263,-0.018060,0.246852,0.245740,0.114232,0.143336,0.117258,0.109958,0.037916,0.102164,0.105286,0.312272,0.162817,0.010260,-0.061058,-0.001133,0.257663,0.119978,0.155205,0.063784,0.249513,0.213593,0.051268,0.197260,0.209363,0.106913,0.109963,0.111320,0.081018,0.252240,0.069401,0.308845,0.263156,-0.054288,0.257428,0.042389,0.080816,0.239261,0.128837,0.103068,0.028342,0.143113,0.163195,0.196925,0.137909,0.142664,0.121391,0.046647,0.181860,0.097660,0.127396,0.070625,0.195430,0.150268,0.109057,0.145809,0.169707,0.152321,0.096374,0.183014,0.054782,0.002123,0.244878,0.172028,0.032618,0.039630,0.063603,0.176395,0.203322,0.207645,0.089456,0.168969,0.117002,0.149892,0.120924,-0.037304,0.124715,0.243025,0.088804,0.123494,0.158804,-0.095435,0.195079,0.010848,-0.081203,0.119246,0.273700,0.165450,0.041884,0.145388,0.042565,0.128064,0.090723,0.043917,0.206927,0.139030,0.167008,#
8,0.129646,0.296494,0.112147,0.273499,0.267348,0.261697,0.204302,0.299073,1.000000,0.260371,0.208221,0.173623,0.166703,0.126992,0.285790,0.171377,0.063489,0.145716,0.106258,0.197197,0.175966,0.185613,0.180552,0.309920,0.056239,0.251702,0.161566,0.225876,0.057953,0.251582,0.055943,0.163955,0.162454,0.171807,0.085043,0.169370,0.241843,0.035727,0.220354,0.214842,0.158201,0.197082,0.177053,0.136132,0.236622,0.189139,0.132053,0.164744,0.133954,0.195856,0.161763,0.347819,0.085801,0.334225,0.091496,0.316987,0.171738,0.268662,0.076491,0.227024,0.253064,0.140943,0.261319,-0.083437,0.265999,0.349030,0.158270,0.158700,0.324508,0.223406,0.163527,0.120092,0.324893,0.125736,0.157849,0.164363,0.091997,0.175170,0.213692,0.208628,0.202282,0.290902,0.189819,0.069894,0.319059,0.205631,0.109961,0.131285,0.111221,0.263971,0.126690,0.229430,0.146571,0.133544,0.367260,0.241374,0.181315,0.135662,0.196893,0.100785,0.209850,0.118072,0.112095,0.242497,0.159639,0.176583,0.259601,0.278657,0.114632,0.224400,0.174982,0.171974,0.075601,0.218199,0.281643,0.286669,0.154411,0.084604,0.051175,0.213017,0.227781,0.159254,0.251096,0.185981,0.193955,0.255094,0.166589,0.261209,0.117048,0.266853,0.142834,0.042744,0.308964,0.188839,0.362676,0.259480,0.051611,0.234255,0.127854,0.105306,0.169428,0.220468,0.257017,0.159132,0.112587,0.105381,0.272460,0.228403,0.153778,0.101294,0.211356,0.078903,0.145753,0.214814,0.402518,0.274074,0.153887,0.241245,0.136674,0.206517,0.084469,0.185172,0.139503,0.162400,0.202181,0.170118,0.178862,0.041019,0.202632,0.180978,0.179236,0.261627,0.179673,0.137912,0.213513,0.236146,0.104282,0.255493,0.204569,0.116921,0.209682,0.133824,0.120991,0.214837,0.167435,0.207653,0.033104,0.046353,0.213812,0.261710,0.199066,0.147093,0.208232,0.121701,0.220970,0.105402,0.088043,0.160088,0.098473,0.172451,#
9,0.121245,0.085193,0.125503,0.144337,0.194743,0.189245,0.042869,0.187049,0.260371,1.000000,0.258617,0.065522,0.126255,0.172850,0.232474,0.193918,0.058652,0.065206,0.083546,0.322845,0.169046,0.105043,0.174003,0.223906,0.015263,0.089552,0.229100,0.174881,0.104183,0.162208,0.168928,0.130362,0.101749,0.227787,0.257509,0.157508,0.043221,0.166266,0.177040,0.016238,0.278525,0.114197,0.148157,0.029568,0.139973,0.122841,0.174398,0.091318,0.034716,0.097932,0.038782,0.201671,0.043267,0.160342,0.076515,0.258591,0.106486,0.202278,0.212887,0.095151,0.213851,0.069267,0.261729,0.040521,0.242531,0.245304,0.088067,0.106531,0.142446,0.067275,0.269478,0.181620,0.174896,0.132272,0.176157,0.136245,-0.002215,0.137361,0.264044,0.203031,0.052485,0.218637,0.015002,0.035423,0.286270,0.119925,0.107063,0.211965,-0.035378,-0.100131,0.028862,0.191791,0.183908,0.066929,0.159800,0.129330,0.200429,0.249500,0.249922,-0.009214,0.111653,0.178882,0.264770,0.102564,0.268516,0.198240,0.170578,0.043037,0.263209,0.112617,0.131421,0.173798,0.223492,0.253863,0.073920,0.186434,0.081401,0.087350,0.119268,-0.002685,0.185710,0.266899,0.145649,0.219854,0.112350,0.132708,0.037304,0.148202,0.240910,0.262745,0.178494,0.040148,0.159401,0.263183,0.189202,0.181199,0.121051,0.197797,0.082651,-0.026317,0.023386,0.227515,0.189035,0.112871,0.050489,0.146273,0.201841,0.144391,0.054482,0.264865,0.081943,-0.043963,0.259249,0.227426,0.222320,0.199947,0.160642,0.164531,0.312492,0.108846,0.135656,0.129014,0.064082,0.289158,0.159930,0.123420,0.084919,0.082694,0.282677,0.145268,0.224387,0.276742,0.104852,0.170554,0.093301,0.227217,0.150995,0.137603,0.124298,0.111062,0.070125,0.071101,0.202306,0.181188,0.049804,0.207519,0.014949,0.080521,0.341971,0.113088,0.124175,0.160079,0.080605,0.146531,0.090218,0.111494,0.098026,0.109495,0.114430,0.178516,#
10,0.193509,0.239547,0.219467,0.226986,0.047165,0.211823,0.115284,0.159361,0.208221,0.258617,1.000000,0.114444,-0.086337,0.108089,0.136512,0.131551,0.055791,0.097861,0.057688,0.163041,0.048107,0.055568,-0.039626,0.204179,0.029585,-0.024593,0.122805,0.281512,0.003336,0.246518,0.181348,0.142993,0.149159,0.159803,0.154981,0.143135,0.016163,0.094621,0.248518,0.061995,0.239127,0.058334,0.042664,-0.004283,0.048948,0.154511,0.197000,0.171028,0.168745,0.243028,0.040562,0.176395,0.092010,0.144658,-0.008276,0.266498,0.119200,0.010136,0.043137,0.104904,0.098621,0.137292,0.190132,0.195179,0.320398,0.176864,0.119901,0.001109,0.076233,0.129156,0.061103,0.224715,0.194821,0.112987,0.092304,0.144193,0.097944,0.086619,0.116250,0.119164,0.245016,0.089515,0.189052,0.108934,0.252578,0.039447,0.143055,0.236221,0.052063,0.114506,0.029826,0.160042,0.155174,0.117770,0.111859,0.242054,0.091500,0.011959,0.277716,0.165333,0.106031,0.085761,0.140223,0.046261,0.262502,-0.010781,0.175002,0.247592,0.177611,0.072393,-0.024206,0.162568,0.047595,0.120369,0.245948,0.312002,0.122070,0.010715,0.088049,0.078261,0.131883,0.260421,0.004454,0.114173,-0.002192,0.081300,0.211628,0.236659,0.119275,0.122719,0.145364,0.061252,0.109648,0.097129,0.204868,0.134080,0.002282,0.286755,0.071138,-0.019902,0.244838,0.024231,0.125388,0.093152,0.025084,-0.006183,0.052443,0.062912,0.075603,0.088311,0.103180,0.135695,0.198577,0.062117,0.198447,0.092839,0.213771,-0.018169,0.226354,0.113105,0.189319,0.062365,0.209875,0.187812,0.101771,0.155431,0.183843,0.119444,0.218057,0.193244,0.178048,0.127579,0.049975,0.176068,0.089632,0.088729,0.190609,0.236079,0.009173,0.164198,0.099788,0.050539,0.248825,0.046497,0.098484,0.139536,-0.000330,-0.096765,0.101235,0.190731,0.141863,0.118494,0.123413,0.016007,0.231406,0.029649,-0.038144,0.228818,0.191628,0.300825,#
11,0.036725,0.216563,0.221710,0.236286,0.161886,0.109399,0.119064,0.246456,0.173623,0.065522,0.114444,1.000000,0.130980,0.082647,0.012013,0.054132,0.038401,0.254847,0.163094,0.017753,0.090981,0.175512,-0.019451,0.090455,0.206276,0.227539,-0.032108,0.259105,-0.084367,0.224666,0.204325,0.158183,0.125243,0.176766,0.136959,0.120420,0.187922,0.026061,0.126773,0.201516,0.095255,0.197181,0.266152,0.208336,0.039881,0.207550,0.257654,0.071369,0.159684,0.092690,0.163690,0.210203,0.164390,0.261115,0.000962,0.078766,0.113075,0.227863,0.132247,0.008017,0.055795,0.066943,0.232053,0.055455,0.198991,0.257523,0.180904,0.238901,0.123731,0.216107,0.106676,0.089316,0.206177,0.056415,0.081199,0.070844,0.096935,0.117341,0.178556,0.078972,0.158983,0.090507,0.187120,0.066404,0.220250,0.005316,0.111986,0.207381,0.228714,0.006080,0.073552,0.240739,0.299638,0.266477,0.143400,0.245837,0.002291,0.077893,0.125789,0.179842,0.122719,0.116509,0.028524,0.154413,0.112051,0.280080,0.211369,0.258009,0.259852,0.181830,0.192870,0.142820,0.188047,0.131686,-0.034426,0.311299,0.060310,0.126893,-0.061776,0.135970,0.049814,0.185137,0.212137,0.136449,0.161166,0.022572,0.141533,0.125199,0.230190,0.197136,0.102536,0.253254,0.253638,0.258650,0.137385,0.146717,-0.090643,0.293978,-0.031629,0.210169,0.159308,0.083311,0.122693,0.149014,0.209501,0.063789,0.170204,0.148290,0.075931,0.083758,0.025530,0.233522,0.102784,0.158957,0.256358,0.103957,0.103901,-0.008204,0.168854,0.122697,0.123974,0.208493,0.019998,0.033535,0.150160,0.080698,0.261595,0.066776,0.182463,0.186645,0.184386,0.151821,0.077981,0.018673,0.099330,0.160341,0.189546,0.180884,0.019575,0.165095,0.212104,0.101749,0.172286,0.061215,0.019232,0.165355,0.003721,0.095379,0.125933,0.196310,0.096190,0.018124,0.266345,0.139259,0.243189,0.129594,0.095424,0.225701,0.071090,0.229484,#
12,0.078090,0.115056,0.066287,0.131046,0.169007,0.169497,0.131332,0.050487,0.166703,0.126255,-0.086337,0.130980,1.000000,0.043375,0.217418,0.079233,0.349559,0.159297,0.172804,0.274623,0.138498,0.128853,0.179928,0.190535,0.003162,0.151512,0.130972,0.102460,0.110797,0.133476,0.022616,0.209518,0.203439,0.149211,0.174281,0.229663,0.181674,-0.005437,0.141147,0.207459,0.051153,0.019398,0.169880,0.303883,0.221145,0.193195,0.210483,-0.082457,0.112411,0.074071,0.210127,0.133973,0.096524,0.186272,0.134607,0.139491,0.009757,0.149276,0.088288,-0.054622,0.051010,0.227762,0.018353,0.112076,0.270468,0.192180,0.091235,0.124794,0.118477,0.110674,0.121052,0.122635,0.158220,0.030751,0.262682,0.228643,0.154504,-0.005395,0.111108,0.042875,0.161041,0.145271,0.034407,0.064373,0.103182,0.170105,0.091916,0.193950,0.223695,-0.009196,0.041027,0.068653,-0.008287,0.092597,0.151143,0.215562,0.331200,0.169492,0.069927,0.016268,0.107231,0.150090,0.094666,0.177511,0.175814,0.113274,0.145647,0.028121,0.066290,0.111480,0.238488,0.034630,0.128762,0.094826,0.117763,0.079372,0.204006,0.021536,0.092109,-0.010075,0.152743,0.155170,0.234100,0.212195,0.221342,-0.005576,0.148190,-0.033634,0.024264,0.117377,0.132510,0.139509,0.098134,0.125140,0.091425,0.058774,0.122619,0.166353,0.189119,0.064282,0.137197,0.164949,0.135220,0.079822,0.095068,0.189188,0.061936,0.191558,0.045655,0.141302,0.025234,0.241631,0.121145,0.064544,0.097261,0.216041,0.101224,-0.056908,0.058102,0.107800,0.043397,0.312695,0.183989,0.209068,0.168903,0.071134,0.246574,0.071999,0.014311,0.068405,0.152570,0.167300,0.077403,0.146854,0.111396,0.124308,0.150133,0.231449,0.049127,0.081995,0.141602,0.108817,0.235676,0.121873,0.047935,0.179089,0.061451,0.235508,0.062249,0.013947,0.090844,0.018935,0.072158,0.135461,0.069426,0.064123,0.103144,0.191946,0.124255,0.000630,#
13,0.096808,0.045883,0.311983,0.093314,0.129470,0.080778,0.214960,0.149223,0.126992,0.172850,0.108089,0.082647,0.043375,1.000000,0.197723,0.088991,0.211363,0.107425,0.152949,0.180416,0.190267,0.169425,0.060536,0.236898,-0.000640,0.239117,0.212362,0.217406,0.160248,0.153240,0.142117,0.143802,0.232786,0.163238,0.131987,0.069812,0.068040,0.110709,0.091981,0.160750,0.015298,0.180485,0.214738,0.117402,0.111402,0.173714,0.176204,0.144318,0.156766,0.136688,0.125717,0.193921,0.181922,0.238831,0.116549,0.240168,0.064947,0.132786,0.040311,0.166209,0.198484,0.136498,0.207667,0.058566,0.197488,0.156864,0.276186,0.119239,0.315230,0.174609,0.071270,0.116318,0.066230,0.127392,0.294707,0.182995,0.195294,0.220676,0.287469,0.186532,0.115941,0.233849,0.171139,0.177891,0.209875,0.039592,0.124646,0.154887,0.247836,0.085907,0.107367,0.081071,0.191140,0.193730,0.064561,0.053153,0.216107,0.041802,0.160831,0.278887,0.201069,0.221077,0.127719,0.264986,0.026691,0.256051,0.135216,0.175119,0.255413,0.120770,0.113029,0.135535,0.299325,0.165578,0.268754,0.221269,0.244716,0.225292,0.044040,0.172463,0.178837,0.183070,0.095790,0.155922,0.179120,-0.036309,0.067686,-0.053625,0.219721,0.222138,0.050573,0.137975,0.123170,0.101715,0.332504,0.159234,0.044182,0.125897,0.257849,0.155093,-0.035704,0.128198,0.318941,0.149767,0.065144,0.211843,0.241050,0.199325,0.067317,0.136615,0.029396,0.117792,0.121799,0.209423,0.253094,0.253306,-0.052440,0.169861,0.268404,0.170436,0.112618,0.287103,0.119746,0.256420,0.126621,0.151129,0.082592,0.055126,0.151029,0.111719,0.163778,0.252551,0.204371,0.115765,0.196979,0.151177,0.139856,0.208871,0.225837,-0.041728,0.058991,0.197433,0.165217,0.150277,0.107965,0.193730,0.181837,0.158340,0.011332,0.110915,0.125125,0.157376,0.221480,0.151963,0.161473,0.129187,0.079314,0.175499,0.198148,0.171811,#
14,0.226169,0.022897,0.042959,0.118775,0.115171,0.128664,0.032273,0.253930,0.285790,0.232474,0.136512,0.012013,0.217418,0.197723,1.000000,0.274933,0.121204,0.054630,0.207188,0.262985,0.157988,0.068095,0.134477,0.264125,0.069008,0.018893,0.171070,0.172572,0.199469,0.162598,0.022563,0.183122,0.105966,0.108552,0.206161,0.134541,0.111946,0.166287,0.146017,0.222112,0.045638,0.017388,0.163480,0.059542,0.174594,0.219739,0.134621,0.029507,0.008967,0.121034,0.185236,0.087501,0.173879,0.255340,0.256288,0.183643,0.178100,0.102588,0.080510,0.061762,0.198799,0.225830,0.137177,0.108487,0.143866,0.041330,0.122261,0.127387,0.105735,0.199127,0.095635,0.124904,0.167842,0.195061,0.203540,0.147101,0.231866,0.137779,0.088465,0.107094,0.226920,0.227704,0.116437,0.212959,0.158628,0.164514,0.012317,0.163070,0.104040,0.058126,0.063259,0.094463,0.169476,0.143009,0.181690,0.110670,0.253901,0.098488,0.140115,0.064941,0.162151,0.193736,0.154234,0.173357,0.162771,0.108108,0.193626,0.184562,0.040688,0.169192,0.031736,-0.031695,0.170957,0.154450,0.179190,0.147582,0.159628,0.069535,0.160696,0.112158,0.323636,0.226404,0.097255,0.128269,0.159134,0.064087,0.112861,0.179246,0.037776,0.265843,0.096804,0.065282,0.095086,0.059208,0.167617,0.068336,-0.005754,0.155487,0.015048,0.000819,0.192753,0.181416,0.212654,0.114524,0.018294,0.294556,0.129995,0.118324,0.006911,0.055866,0.150733,0.064863,0.053712,0.150591,0.170595,0.192081,0.208545,0.133312,0.059829,0.139474,0.028048,0.116731,0.121547,0.120872,0.152090,0.095063,0.175962,0.057849,0.083711,0.225983,0.196795,0.221254,0.210900,0.166715,0.017254,0.130233,0.298557,0.230384,0.222954,0.058269,0.204958,0.203371,0.111568,0.065148,0.070322,0.111556,0.105922,-0.056848,0.014437,0.204074,-0.031384,0.092808,0.167747,0.226182,0.201830,-0.029207,0.003796,0.126115,0.209496,0.062058,#
15,0.220882,0.026863,0.150389,0.102445,0.163625,0.186938,0.080920,0.082956,0.171377,0.193918,0.131551,0.054132,0.079233,0.088991,0.274933,1.000000,0.201123,0.253880,0.109835,0.178625,0.115051,0.035855,0.165333,0.262644,0.040968,0.225849,0.130347,0.097646,0.166359,0.268551,0.070767,0.187426,0.065063,0.196689,0.076218,0.120391,0.103649,0.066166,0.219266,0.079412,0.081051,0.085490,0.141368,0.124482,0.175366,0.118287,0.011288,0.152322,0.044421,0.186023,-0.094736,0.284987,0.109937,0.116754,0.136755,0.113697,0.143337,0.050358,0.112005,0.161827,0.224400,0.058059,0.203749,0.027954,0.099512,0.221162,0.093038,0.122741,0.110691,-0.005165,0.212555,0.116442,0.102220,0.113737,0.119336,0.170734,0.070347,0.227347,0.069808,0.135588,0.246122,0.152409,0.008012,0.221585,0.187582,0.110903,0.077998,0.264181,0.159073,0.078947,0.055832,0.083267,0.130320,0.157500,0.065385,0.078704,0.257903,0.060984,0.107190,0.093924,0.212219,0.103061,0.127040,0.170731,0.003915,0.118818,0.209781,0.148345,0.042636,0.205665,-0.015633,0.195864,0.106913,0.085648,0.100534,0.188713,0.108043,0.006387,0.012925,0.004429,0.207042,0.201235,0.164111,0.170213,0.090788,0.041919,0.137792,0.160750,0.124918,0.263795,-0.011179,0.141016,0.087811,0.165962,0.164854,0.173075,-0.018822,0.022162,0.009320,-0.053979,0.022775,0.144359,0.130344,0.072161,0.142008,0.012929,0.140523,0.151691,0.220039,0.031234,0.132839,-0.062398,0.144715,0.259872,0.047657,0.258962,0.160172,0.163421,0.099150,0.186442,0.040549,0.098344,0.316745,0.049830,0.127594,0.195904,0.159685,0.153857,0.167671,0.005413,0.002311,0.177563,0.060776,0.048436,0.095708,0.149324,0.256626,0.144008,0.004534,0.090572,0.196078,0.087308,0.161156,0.274443,0.034451,0.104435,-0.041650,0.139889,-0.026452,0.088212,-0.121020,0.121567,0.150558,0.112637,0.081783,0.148163,0.122168,0.198528,0.120816,0.004381,#
16,0.186213,0.151959,0.029699,0.136023,0.119902,0.109746,0.144828,0.138044,0.063489,0.058652,0.055791,0.038401,0.349559,0.211363,0.121204,0.201123,1.000000,0.114284,0.068153,0.278898,0.266054,0.132558,0.084253,0.188740,-0.005087,0.200397,0.185605,-0.034318,0.078563,0.267382,0.065312,0.241928,0.081888,0.333177,0.129331,0.112309,0.144055,0.011157,0.208182,0.141548,-0.004902,0.127518,0.184408,0.136583,0.148855,0.223892,0.082155,-0.004441,0.091872,0.086936,0.065045,0.142173,0.228018,0.224935,0.194234,0.048040,-0.014853,0.101212,0.148827,-0.000972,0.087154,0.232742,0.179048,0.066222,0.170613,0.131105,0.100027,0.296125,0.145221,0.223361,0.009228,0.156284,0.282810,0.057484,0.152262,0.179042,0.053183,0.242629,0.130006,0.143488,0.093188,0.086157,0.023534,0.155924,0.173819,0.165474,0.187057,0.163602,0.208794,0.086911,0.072038,0.133199,0.079145,0.079253,0.106145,0.050312,0.175208,0.042697,0.150726,0.192307,0.024116,0.039178,-0.035588,0.139683,0.068808,0.153826,0.155748,0.044378,0.104818,0.187946,0.136391,0.121829,0.156344,0.081378,0.272844,0.238305,0.171976,0.072308,0.012427,0.169485,0.224671,0.197945,0.159856,0.233119,0.269095,0.007883,0.146639,-0.058523,0.069201,0.193865,0.099036,0.076954,0.251310,-0.067557,0.333992,0.246361,-0.036061,0.108634,0.098652,0.153606,0.034908,0.139624,0.069746,0.131363,0.204742,0.065380,0.103818,0.122261,0.199004,0.186790,-0.057275,0.209639,0.056926,0.079343,0.181532,0.209671,0.064704,0.049083,0.099380,0.196825,0.035221,0.271142,0.211323,0.177433,0.062166,0.114555,0.209344,0.111690,0.025751,-0.018780,0.078360,0.176353,0.100501,-0.010261,0.124544,0.140783,0.061452,0.179835,0.158124,-0.013672,0.036789,0.112956,0.197472,0.023259,0.036931,0.238386,0.125126,0.178389,0.073026,0.079457,0.179888,-0.019762,-0.001434,0.087965,0.114182,0.209225,0.025516,0.111677,-0.001732,0.073926,#
17,0.213986,0.094730,0.077478,0.178533,0.148965,0.164347,0.093948,0.210953,0.145716,0.065206,0.097861,0.254847,0.159297,0.107425,0.054630,0.253880,0.114284,1.000000,0.065732,0.167736,0.229141,0.112043,0.094505,0.249000,0.096881,0.173311,0.093765,0.067636,-0.010911,0.183346,0.098057,0.094642,0.199752,0.118518,0.096899,0.228095,0.002697,0.130856,0.262383,0.072072,0.204922,0.188101,0.104969,0.171287,0.078757,0.198756,0.155429,0.137657,0.116599,0.111489,0.147887,0.170365,0.063997,0.129189,0.119040,0.193769,0.173835,0.071825,0.088734,-0.001103,0.183531,0.110823,0.094755,0.027196,0.141253,0.265139,0.184848,0.216973,0.090539,0.159521,0.086288,0.166123,0.089959,0.045791,0.138137,0.232129,0.048323,0.150618,0.068662,0.188706,0.128028,0.100746,0.177224,0.042342,0.065654,-0.027963,0.191561,0.116062,0.157668,0.099439,0.018644,0.023937,0.175422,0.151988,0.009886,0.184432,0.167287,0.164252,0.046105,0.117593,0.151398,-0.071203,0.097957,0.188622,0.000949,0.172343,0.156835,0.157301,0.134957,0.043353,0.166487,0.176027,0.025720,0.252152,0.123767,0.127334,0.024273,0.045490,-0.003409,0.074185,0.043741,0.205657,0.086658,0.192248,0.275145,0.121036,0.179187,0.032983,0.074758,0.139416,0.199939,0.164458,0.228947,0.097416,0.098081,0.246800,0.049667,0.156523,0.141074,0.199834,0.136533,0.197231,0.157501,0.123576,0.185072,0.134212,0.065523,0.126981,0.016199,-0.029650,0.122457,-0.062919,0.019380,0.153907,0.220061,0.280116,0.172218,0.036655,0.244872,0.163367,0.080816,0.175073,0.247768,0.147367,0.134831,0.207889,0.094662,0.153590,0.133733,0.045592,0.251233,0.039588,0.055792,0.067769,0.134030,0.005655,0.191712,0.114199,-0.044101,0.284640,0.069882,0.228728,0.218808,0.158047,0.022968,0.112291,0.098640,0.170249,0.092391,0.117334,0.072146,0.181311,0.185581,0.109762,0.279856,0.191133,0.034379,0.216850,0.015421,0.146999,#
18,0.228683,-0.017838,0.124084,0.257105,0.182767,-0.024000,0.103247,0.062733,0.106258,0.083546,0.057688,0.163094,0.172804,0.152949,0.207188,0.109835,0.068153,0.065732,1.000000,0.175251,0.165353,0.169974,0.064102,0.277580,0.166526,0.078082,0.075288,0.242526,0.081854,0.115926,0.041841,0.011662,0.188205,0.113044,0.218409,0.226581,0.165850,0.097073,0.104221,0.281965,0.075495,0.094834,0.130348,0.139138,0.203651,0.071730,0.134579,0.051266,-0.107857,0.171597,0.119885,0.020721,0.209456,0.156597,0.086133,0.175113,0.126555,0.107895,0.024233,0.062726,0.157629,0.039779,0.212469,0.049378,0.159129,0.135488,0.189235,0.189967,-0.052379,0.025267,0.095250,0.028595,0.087682,0.021573,0.134821,0.108893,0.123785,0.153825,0.169748,0.139561,0.143717,-0.004556,0.135612,0.181917,0.151889,-0.009784,0.163225,0.080313,0.113975,0.032854,0.216975,0.015067,0.059660,0.126268,0.129691,0.193042,0.290356,0.072185,0.109954,0.208930,0.094407,0.205972,0.167605,0.138353,0.228241,0.213499,0.082127,0.054200,0.145693,0.091187,0.222112,0.178614,0.236709,0.091566,0.002515,0.067696,0.068233,-0.104558,0.036960,0.128326,0.112063,0.157147,0.141601,-0.014494,0.146269,-0.047655,0.142195,0.117837,0.256398,0.119501,0.103110,0.215992,0.079676,0.193719,0.174753,0.011300,0.021868,0.188223,0.043461,0.118290,0.082060,0.112126,0.143524,0.123965,0.126549,0.229151,0.107781,0.075790,0.015322,0.089346,-0.002337,0.182573,0.090495,0.085225,0.110088,0.197751,0.166200,0.121787,0.025668,0.291306,0.129847,0.107297,0.154546,0.132146,0.115320,0.246644,0.175458,0.060875,0.036040,0.187817,-0.020913,0.155376,0.218132,0.095230,-0.021400,0.216181,0.172936,0.195580,0.167659,0.035523,0.078088,0.108158,0.171593,0.074705,0.103211,0.059227,0.256839,0.066755,0.075640,0.099639,0.122526,0.185245,0.173387,0.130986,0.177758,0.061704,0.038493,0.208186,0.217327,0.049111,#
19,0.261456,0.119789,0.179031,0.194310,0.341700,0.231310,0.039623,0.151335,0.197197,0.322845,0.163041,0.017753,0.274623,0.180416,0.262985,0.178625,0.278898,0.167736,0.175251,1.000000,0.171321,0.149510,0.202285,0.221923,0.032092,0.234994,0.283581,0.085411,0.126138,0.271997,0.121029,0.223399,0.165882,0.174427,0.159263,0.240322,0.115730,0.001395,0.290384,0.187138,0.169235,0.147594,0.053222,0.085174,0.150951,0.262643,0.278300,0.256653,0.133221,0.170700,0.112171,0.187772,0.080388,0.305216,0.178202,0.271073,0.204847,0.090436,0.159864,0.108252,0.231425,0.266619,0.238724,0.209236,0.324591,0.148608,0.077449,0.264667,0.057261,0.161082,0.216084,0.151382,0.205739,0.111593,0.262897,0.337753,0.125940,0.255047,0.353007,0.150727,0.224771,0.132978,0.166804,0.145849,0.264978,0.121024,0.106802,0.264634,0.190572,-0.041184,0.074396,0.130118,0.259026,0.073482,0.095382,0.196232,0.241816,0.186435,0.036371,0.154957,0.194322,0.173655,0.206803,0.212366,0.228488,0.328861,0.180498,0.320832,0.142170,0.040998,0.103366,0.171788,0.216183,0.245969,0.166190,0.147213,0.242136,0.188591,0.142535,-0.060238,0.217257,0.349333,0.249436,0.230962,0.362345,0.091563,0.321544,0.192422,0.115339,0.273022,0.108674,0.048268,0.206031,0.135601,0.245592,0.169057,0.130668,0.272597,0.108682,0.087874,0.049193,0.238105,0.219112,0.096568,0.166533,0.178385,0.111792,0.180697,0.183006,0.102664,0.132335,0.253533,0.136063,0.210680,0.232313,0.201530,0.176257,0.101560,0.218195,0.203467,0.274498,0.233497,0.198694,0.168939,0.243165,0.220800,0.084301,0.123896,0.219454,0.109177,0.160314,0.247005,0.295172,0.233056,0.116848,0.154769,0.277417,0.272162,0.135476,0.120068,0.050476,0.255709,0.263361,0.256468,0.246301,0.178240,0.133811,0.141456,0.184241,0.173661,0.299388,0.204434,0.020551,0.192674,0.165497,0.230469,0.057627,0.173184,0.240685,0.276172,#
20,0.117415,0.006510,0.273186,0.186567,0.335557,0.160682,0.268932,0.102925,0.175966,0.169046,0.048107,0.090981,0.138498,0.190267,0.157988,0.115051,0.266054,0.229141,0.165353,0.171321,1.000000,0.176347,0.069972,0.230563,0.133681,0.280123,0.168739,0.040942,0.085208,0.174384,0.081082,0.093807,0.212442,0.240068,0.157907,0.202193,0.238064,0.079486,0.224718,0.236935,0.129816,0.300661,0.048130,0.036311,0.263815,0.226326,0.302817,0.004937,0.033385,0.159376,-0.014760,0.201388,0.124125,0.294186,0.197217,0.126626,0.173319,0.214243,0.178853,0.071942,0.223397,0.102852,0.249108,0.065599,0.201325,0.144495,0.154035,0.162307,0.251976,0.223010,0.252006,0.186199,0.211809,0.136241,0.141468,0.046385,0.079084,0.269445,0.167216,0.116147,0.192223,0.202198,0.222442,0.038300,0.191876,0.158159,0.137392,0.139397,0.199668,0.085803,0.143139,0.200064,0.165173,0.223897,0.254127,0.080490,0.196265,0.245379,0.191114,0.032186,0.166116,0.068660,0.195589,0.133725,0.121662,0.160663,0.142015,0.151035,0.078242,0.260733,0.239557,0.238304,0.124470,0.138623,0.141636,0.234094,0.273725,0.118424,-0.014252,0.169501,0.145467,0.213187,0.076580,0.173635,0.212175,0.121921,0.250888,0.139365,0.276201,0.217630,0.224573,0.125825,0.214521,0.113420,0.255550,0.136645,0.132923,0.116018,0.166661,0.116668,0.158990,0.210503,0.086673,0.171876,0.208822,0.122497,0.026654,0.164948,0.143824,0.230667,0.217916,0.163063,0.060998,0.211490,0.178982,0.155374,0.116483,-0.031356,0.158233,0.316971,0.094157,0.267531,0.189942,0.172315,0.216024,0.057611,0.022551,0.180456,0.133590,0.052137,0.211272,0.109627,0.127374,0.046893,0.056564,0.199424,0.036490,0.153029,0.291639,0.145460,0.122530,0.119797,0.140066,0.206131,0.109425,0.017135,0.130988,0.162305,0.121525,0.289455,-0.002007,0.128204,0.168811,0.225904,0.158215,0.088736,0.072102,0.177084,0.162428,0.205458,#
21,0.128877,0.148291,0.227536,0.173926,0.163521,0.008247,0.148447,0.194697,0.185613,0.105043,0.055568,0.175512,0.128853,0.169425,0.068095,0.035855,0.132558,0.112043,0.169974,0.149510,0.176347,1.000000,0.059514,0.123692,0.076178,0.050946,0.168361,0.111631,0.184417,0.131447,0.104663,0.145180,0.140208,0.236100,0.068012,0.294081,0.276678,0.212884,0.274173,0.089531,0.009148,0.162126,0.063300,0.138849,0.089484,0.126921,0.186565,0.229511,0.006260,0.061288,0.150317,0.075250,0.008074,0.091090,0.145227,0.104344,0.086849,0.089186,0.016125,0.018696,0.129850,0.012349,0.183840,0.069162,0.285611,0.216972,0.025192,0.178370,0.222462,0.217256,0.271158,0.110158,0.310359,0.252725,0.139045,0.132801,0.024028,0.122541,0.032997,0.146262,0.173935,0.080521,0.085420,-0.090676,0.182055,-0.001211,0.178378,0.051402,0.166367,0.197660,0.046643,-0.035855,0.049257,0.064832,0.147446,0.093124,0.213952,0.134675,0.005420,0.165867,0.284262,0.228996,0.143204,0.082227,0.107949,0.221175,0.143578,0.070377,0.180416,0.155997,0.182224,0.127220,0.078297,0.217298,0.107828,0.234634,0.257940,0.030785,0.042248,0.151824,0.097864,0.239957,0.094456,0.232251,0.193780,0.022679,0.181454,0.182663,0.101963,0.117876,0.138782,0.134395,0.305626,0.094386,0.111626,0.085736,0.069941,0.052613,0.053028,0.223815,0.114944,0.231434,0.164834,0.122445,0.161667,0.227072,0.166131,0.124878,0.151446,0.032961,0.104867,0.034144,0.066799,0.072765,0.259369,0.161163,-0.016434,0.055710,0.096410,0.128684,0.164505,0.304787,0.183801,0.153382,0.197834,0.050051,0.085070,0.132869,0.021470,0.211587,0.087540,0.102762,0.172334,0.090384,0.045560,0.210279,0.154133,0.184495,0.090037,0.112976,0.078451,0.183062,-0.008149,0.136736,0.019314,0.137404,0.135527,0.164269,0.159899,0.142478,0.211990,0.035931,0.251210,0.158881,0.275519,0.157008,0.147251,0.214959,0.179628,0.146121,#
