0,1.000000,0.792141,0.792740,0.769035,0.725725,0.796707,0.762652,0.787437,0.773365,0.758235,0.762140,0.796759,0.788697,0.751310,0.779461,0.753655,0.767527,0.792835,0.775802,0.789723,0.766024,0.753792,0.779095,0.773783,0.746518,0.773919,0.789227,0.788597,0.744375,0.778534,0.758924,0.759318,0.750862,0.731423,0.795805,0.774155,0.770855,0.774933,0.792251,0.815103,0.775166,0.762799,0.794863,0.775547,0.764969,0.749339,0.807294,0.765615,0.771068,0.816394,0.799221,0.754718,0.785206,0.804046,0.772959,0.799592,0.757839,0.796286,0.762720,0.773654,0.804234,0.738199,0.772198,0.766951,0.773469,0.784048,0.801062,0.800559,0.771499,0.750256,0.789334,0.789400,0.812855,0.779349,0.782964,0.775626,0.764934,0.766244,0.784433,0.774843,0.825535,0.794150,0.796942,0.798006,0.767446,0.801948,0.766069,0.735963,0.740691,0.774885,0.756418,0.753344,0.736545,0.790435,0.754123,0.765806,0.749888,0.747428,0.769882,0.778934,0.776247,0.764848,0.754223,0.764691,0.777027,0.743240,0.719532,0.798376,0.767188,0.764629,0.792944,0.752398,0.793001,0.734509,0.756585,0.820211,0.748857,0.768870,0.764741,0.744588,0.736782,0.828267,0.777578,0.814972,0.755673,0.757515,0.760339,0.754911,0.758565,0.760020,0.770896,0.783056,0.766051,0.747880,0.775815,0.759893,0.769111,0.810746,0.772365,0.764266,0.738409,0.767404,0.723761,0.802409,0.783461,0.738684,0.778087,0.708868,0.789054,0.777113,0.776413,0.749059,0.779396,0.753573,0.774493,0.747775,0.768285,0.780451,0.796729,0.792059,0.788670,0.804433,0.764708,0.756994,0.803181,0.780226,0.796252,0.767340,0.763513,0.765251,0.781491,0.742944,0.796668,0.806950,0.824676,0.721769,0.754227,0.800372,0.778575,0.769042,0.772338,0.785529,0.722432,0.744579,0.755709,0.750352,0.786377,0.771223,0.766942,0.774628,0.751210,0.790879,0.762110,0.774740,0.761363,0.733913,0.731305,0.800377,0.783043,0.768518,#
1,0.792141,1.000000,0.802204,0.815478,0.774583,0.824235,0.768396,0.781459,0.794323,0.791720,0.801018,0.773638,0.793886,0.809699,0.775171,0.788546,0.791347,0.780836,0.808256,0.807377,0.828967,0.841005,0.811312,0.814882,0.772382,0.763885,0.824632,0.811834,0.764851,0.767761,0.807422,0.827284,0.796463,0.803037,0.797331,0.819924,0.751969,0.828555,0.820310,0.803944,0.786568,0.769915,0.765353,0.775759,0.779812,0.794369,0.822949,0.783571,0.816176,0.817620,0.790748,0.819600,0.800108,0.784727,0.818010,0.801207,0.759399,0.801808,0.798167,0.780413,0.790412,0.784877,0.742334,0.756674,0.787782,0.794368,0.842695,0.805768,0.822114,0.817946,0.801067,0.801165,0.851031,0.776391,0.804330,0.794751,0.790153,0.801302,0.802386,0.786116,0.827465,0.807134,0.855886,0.813997,0.808260,0.793573,0.770862,0.772684,0.818345,0.797105,0.773289,0.764629,0.790253,0.801346,0.760134,0.751487,0.773482,0.781028,0.777155,0.801826,0.806329,0.810854,0.780973,0.802143,0.791849,0.775546,0.754791,0.818191,0.777662,0.783514,0.790421,0.777619,0.797638,0.767828,0.760416,0.796776,0.813686,0.829923,0.758692,0.738559,0.822878,0.806186,0.734785,0.814666,0.753414,0.758814,0.806163,0.786895,0.804256,0.811487,0.759862,0.812831,0.763979,0.789350,0.812355,0.771375,0.756587,0.784130,0.809077,0.752987,0.794752,0.778774,0.767574,0.787965,0.779507,0.781761,0.804536,0.734671,0.784813,0.783764,0.804253,0.815666,0.795035,0.770637,0.810836,0.771449,0.806686,0.785525,0.767481,0.778622,0.773847,0.818575,0.816937,0.815462,0.798719,0.763444,0.800893,0.798930,0.725634,0.755640,0.804579,0.755901,0.789565,0.808192,0.817797,0.770101,0.784470,0.851789,0.773019,0.773779,0.800712,0.775986,0.765943,0.759284,0.758360,0.808432,0.804777,0.720829,0.788911,0.778287,0.780724,0.799410,0.774685,0.811075,0.828826,0.740769,0.768368,0.798364,0.789263,0.781298,#
2,0.792740,0.802204,1.000000,0.773592,0.726894,0.794017,0.778782,0.792650,0.777179,0.767395,0.778752,0.758811,0.745943,0.771918,0.759153,0.760574,0.754482,0.797022,0.765984,0.797125,0.761280,0.776270,0.730559,0.782004,0.757793,0.741313,0.803888,0.814481,0.794501,0.774956,0.808015,0.789189,0.785734,0.774930,0.774678,0.782171,0.787938,0.772025,0.818915,0.807114,0.801521,0.793388,0.758724,0.745120,0.738456,0.767121,0.837603,0.746080,0.788928,0.839558,0.774578,0.770361,0.769177,0.811426,0.824321,0.787443,0.783214,0.777859,0.757608,0.778342,0.798696,0.775946,0.756547,0.797188,0.775784,0.775306,0.849549,0.773475,0.808155,0.792233,0.804106,0.768038,0.806017,0.794870,0.786067,0.780489,0.783364,0.798058,0.791612,0.816225,0.807997,0.811775,0.829258,0.817089,0.813583,0.813332,0.759177,0.821374,0.793018,0.778394,0.786590,0.768923,0.795745,0.784766,0.796049,0.758130,0.756039,0.758664,0.812507,0.776636,0.788111,0.745162,0.746884,0.760308,0.759931,0.801639,0.780844,0.770377,0.796542,0.762415,0.787525,0.754039,0.820160,0.726212,0.758202,0.762185,0.742894,0.795910,0.762203,0.720857,0.793457,0.784027,0.730335,0.806543,0.760707,0.747439,0.771437,0.777649,0.779144,0.808093,0.791481,0.816987,0.812079,0.804905,0.787493,0.773077,0.752786,0.784116,0.799343,0.763557,0.776929,0.774184,0.736939,0.750367,0.787387,0.801463,0.774434,0.752656,0.772968,0.764008,0.797080,0.775237,0.766599,0.790717,0.768470,0.779744,0.779225,0.747254,0.738874,0.752192,0.750866,0.729153,0.770784,0.770851,0.769693,0.785213,0.823184,0.756258,0.725909,0.741205,0.775075,0.746283,0.773068,0.769722,0.814592,0.773520,0.764759,0.815553,0.777566,0.761803,0.771557,0.806211,0.748974,0.812801,0.746577,0.769559,0.774945,0.749353,0.796062,0.756624,0.756758,0.793833,0.802740,0.788987,0.776963,0.776347,0.761498,0.798596,0.761585,0.784705,#
3,0.769035,0.815478,0.773592,1.000000,0.758253,0.785007,0.740413,0.761041,0.766672,0.765309,0.755966,0.754565,0.784271,0.746857,0.728584,0.763998,0.756074,0.749527,0.765914,0.756137,0.769771,0.785564,0.730705,0.730922,0.778848,0.780391,0.778653,0.793723,0.746309,0.742244,0.763430,0.799043,0.757036,0.779671,0.775208,0.770680,0.720680,0.769418,0.723372,0.804550,0.770270,0.758433,0.742584,0.751261,0.756482,0.787308,0.809043,0.767960,0.799097,0.780686,0.780942,0.747809,0.774548,0.741445,0.789022,0.780515,0.705868,0.766618,0.815517,0.774742,0.760588,0.755681,0.718303,0.761997,0.785874,0.790230,0.769691,0.767695,0.744662,0.756688,0.742238,0.782606,0.821990,0.776243,0.747782,0.756916,0.740940,0.773843,0.770700,0.795742,0.814538,0.759309,0.790770,0.778299,0.772370,0.788272,0.750021,0.750778,0.758731,0.760649,0.712921,0.756381,0.762220,0.777681,0.749532,0.762606,0.725009,0.726531,0.724581,0.769453,0.770025,0.743217,0.722436,0.740733,0.782147,0.739214,0.749111,0.793144,0.743306,0.746063,0.736214,0.753593,0.760450,0.742477,0.738820,0.783352,0.755217,0.761114,0.741868,0.707184,0.732094,0.773983,0.705875,0.780760,0.723654,0.750698,0.774112,0.777901,0.744411,0.779857,0.741607,0.787343,0.745383,0.779929,0.782608,0.752815,0.779960,0.747550,0.758048,0.731970,0.753668,0.756884,0.723426,0.736314,0.732280,0.796993,0.758088,0.740585,0.760319,0.721705,0.750946,0.756461,0.751040,0.755791,0.756142,0.723544,0.798318,0.771257,0.732733,0.773813,0.782802,0.782050,0.755527,0.801940,0.766135,0.759596,0.773490,0.732986,0.737145,0.731901,0.774161,0.744693,0.744889,0.769842,0.750389,0.756913,0.754347,0.773534,0.767840,0.746902,0.745773,0.795202,0.729639,0.768755,0.731342,0.766204,0.750403,0.676663,0.784831,0.781319,0.733700,0.759698,0.748625,0.744398,0.777751,0.773588,0.750166,0.770590,0.745443,0.771896,#
4,0.725725,0.774583,0.726894,0.758253,1.000000,0.790964,0.767290,0.727704,0.717533,0.736904,0.743026,0.743960,0.724609,0.726922,0.722623,0.762709,0.724295,0.769129,0.714077,0.775369,0.762688,0.755401,0.734480,0.758155,0.738007,0.710742,0.745600,0.752814,0.742841,0.737762,0.800273,0.742521,0.755134,0.717592,0.741682,0.761596,0.717147,0.738045,0.725726,0.791241,0.747234,0.717141,0.715123,0.752088,0.738228,0.727756,0.797177,0.738590,0.761202,0.771284,0.764807,0.733523,0.743874,0.679581,0.763736,0.762226,0.711046,0.761753,0.784931,0.739545,0.717649,0.746847,0.745848,0.729074,0.771341,0.794745,0.785788,0.716067,0.741556,0.736678,0.765705,0.769669,0.755813,0.739480,0.728097,0.737842,0.731986,0.769030,0.765487,0.758425,0.742928,0.764369,0.787270,0.734773,0.761244,0.713316,0.708575,0.718237,0.756800,0.771513,0.709391,0.702665,0.714537,0.755204,0.710332,0.747273,0.745735,0.702541,0.701313,0.720405,0.763961,0.775065,0.736575,0.740364,0.739426,0.691317,0.759226,0.747301,0.754927,0.766740,0.700629,0.719571,0.773336,0.782533,0.725999,0.743273,0.708198,0.802108,0.695265,0.682666,0.745640,0.750337,0.754277,0.762101,0.705722,0.750066,0.730167,0.732413,0.796623,0.761623,0.785715,0.775681,0.718547,0.739577,0.786531,0.731027,0.737604,0.779239,0.741806,0.712268,0.711299,0.767673,0.724844,0.756957,0.725220,0.738167,0.757535,0.692275,0.727127,0.753197,0.742208,0.795132,0.715719,0.688782,0.785394,0.730926,0.785943,0.754748,0.754475,0.725860,0.697813,0.752393,0.767745,0.755945,0.759762,0.721023,0.752631,0.714272,0.700795,0.714663,0.733376,0.729261,0.744865,0.727254,0.774267,0.732648,0.747295,0.783902,0.736372,0.754677,0.782834,0.732838,0.749315,0.720409,0.776521,0.763223,0.749600,0.753565,0.731813,0.730977,0.728225,0.712591,0.735527,0.745008,0.740159,0.685425,0.711796,0.748338,0.760117,0.714888,#
5,0.796707,0.824235,0.794017,0.785007,0.790964,1.000000,0.744533,0.777167,0.779593,0.750407,0.755102,0.759151,0.752914,0.737271,0.759587,0.758227,0.751464,0.774261,0.770447,0.811251,0.767520,0.753244,0.730101,0.761918,0.772552,0.786342,0.809872,0.805246,0.731763,0.775399,0.794275,0.791873,0.779060,0.784372,0.771187,0.797684,0.755394,0.759719,0.760161,0.793436,0.779506,0.762981,0.744127,0.751962,0.769488,0.792871,0.798877,0.790296,0.787146,0.794790,0.791986,0.735048,0.766992,0.779431,0.790302,0.835776,0.747765,0.782352,0.804864,0.794266,0.747634,0.746391,0.768786,0.797425,0.765242,0.770537,0.790759,0.762255,0.766068,0.782566,0.815433,0.792590,0.818932,0.784570,0.763785,0.753120,0.759539,0.808121,0.779095,0.787713,0.808932,0.796257,0.826724,0.783992,0.774315,0.763246,0.748735,0.761540,0.787239,0.764945,0.780218,0.721629,0.750400,0.797967,0.745008,0.692367,0.782754,0.744017,0.792913,0.727200,0.809594,0.774985,0.818896,0.778303,0.768782,0.749772,0.777236,0.782056,0.736065,0.788195,0.753634,0.769800,0.791378,0.727215,0.708729,0.752578,0.799937,0.806249,0.755738,0.732146,0.753138,0.782640,0.742260,0.824083,0.722800,0.762908,0.791254,0.754442,0.803069,0.754500,0.774221,0.819706,0.790589,0.809611,0.796048,0.733610,0.737914,0.786280,0.753885,0.741286,0.745609,0.731138,0.745467,0.772330,0.815661,0.750126,0.767443,0.739175,0.769377,0.802416,0.814003,0.776760,0.778167,0.760778,0.789761,0.733615,0.799463,0.769229,0.759720,0.770715,0.764826,0.807529,0.775987,0.758414,0.790854,0.737156,0.737941,0.783214,0.741399,0.734789,0.797885,0.758442,0.765474,0.763908,0.795825,0.766281,0.769453,0.807695,0.786890,0.787135,0.788418,0.769826,0.702728,0.740640,0.762619,0.794776,0.784048,0.734803,0.794536,0.791684,0.724628,0.798322,0.749717,0.796010,0.755307,0.757647,0.730870,0.785284,0.767651,0.774966,#
6,0.762652,0.768396,0.778782,0.740413,0.767290,0.744533,1.000000,0.727886,0.758451,0.773075,0.778513,0.758561,0.749057,0.768385,0.686646,0.799517,0.779553,0.804109,0.769786,0.756088,0.773852,0.743134,0.714039,0.741823,0.768883,0.760217,0.756177,0.760940,0.741045,0.755641,0.780556,0.801821,0.758300,0.761664,0.765097,0.779685,0.764027,0.757160,0.748384,0.791445,0.769646,0.782480,0.773574,0.758768,0.754844,0.719127,0.795273,0.745190,0.795087,0.800592,0.767247,0.757878,0.760527,0.680112,0.786096,0.767377,0.748665,0.789013,0.783221,0.753276,0.774030,0.769319,0.731788,0.732552,0.806676,0.766541,0.827635,0.767399,0.784423,0.728566,0.781884,0.803311,0.768872,0.766687,0.749324,0.757951,0.784543,0.793384,0.791366,0.760078,0.772337,0.789836,0.776128,0.820785,0.776854,0.738470,0.738824,0.750957,0.777892,0.760985,0.722729,0.737727,0.726326,0.775859,0.740049,0.745183,0.769239,0.752850,0.746593,0.730915,0.782124,0.778495,0.757558,0.752733,0.784809,0.710101,0.767848,0.758998,0.789468,0.748007,0.715992,0.717580,0.761359,0.767456,0.726075,0.775794,0.724709,0.782886,0.703052,0.731578,0.737295,0.777259,0.689146,0.780138,0.763020,0.742459,0.734141,0.750526,0.746302,0.747081,0.773182,0.778508,0.754705,0.724962,0.776608,0.754343,0.771733,0.755730,0.793961,0.763035,0.764469,0.754758,0.725932,0.751957,0.757412,0.776422,0.767070,0.742441,0.736245,0.747412,0.756802,0.788837,0.721243,0.743775,0.748391,0.740488,0.757378,0.695921,0.739896,0.769036,0.756271,0.762291,0.744240,0.754060,0.768813,0.772605,0.797152,0.718103,0.725753,0.736381,0.744150,0.765930,0.705520,0.734813,0.772476,0.769575,0.759809,0.795888,0.768308,0.755636,0.775483,0.762499,0.764442,0.757039,0.725080,0.744164,0.769396,0.728812,0.757684,0.751103,0.725278,0.780504,0.734562,0.765309,0.774835,0.751125,0.756237,0.775678,0.768753,0.755490,#
7,0.787437,0.781459,0.792650,0.761041,0.727704,0.777167,0.727886,1.000000,0.778294,0.741129,0.738011,0.737225,0.773582,0.760132,0.753951,0.740910,0.747501,0.787503,0.787270,0.783461,0.783161,0.746912,0.783940,0.726042,0.753204,0.786899,0.766231,0.771753,0.761144,0.780157,0.749882,0.765795,0.740496,0.757883,0.775642,0.773955,0.742196,0.759706,0.782805,0.774177,0.781246,0.787342,0.728057,0.727505,0.744456,0.762967,0.801219,0.774297,0.797354,0.778116,0.778335,0.757258,0.767266,0.769347,0.794938,0.748312,0.749105,0.743353,0.784433,0.799118,0.730072,0.766344,0.767439,0.746701,0.784549,0.780887,0.824933,0.756811,0.752282,0.727246,0.799683,0.711038,0.795008,0.782386,0.762695,0.731097,0.760031,0.758250,0.746294,0.760819,0.811682,0.762915,0.808848,0.777924,0.778754,0.778963,0.745767,0.758129,0.754464,0.771669,0.748959,0.750376,0.760312,0.761714,0.780989,0.767148,0.770702,0.781162,0.779365,0.754403,0.789125,0.727800,0.725941,0.729713,0.773484,0.729888,0.738199,0.794516,0.766165,0.717829,0.788001,0.745502,0.799904,0.742321,0.743864,0.780834,0.724855,0.752093,0.725652,0.757272,0.762105,0.769973,0.729850,0.787940,0.760788,0.764036,0.750483,0.775127,0.739834,0.761702,0.741231,0.783812,0.772756,0.701855,0.763277,0.764236,0.758687,0.795506,0.748510,0.749128,0.733403,0.753869,0.755911,0.744002,0.787464,0.777609,0.772986,0.697056,0.743471,0.743791,0.738501,0.778177,0.758108,0.717921,0.774270,0.794691,0.781269,0.777202,0.753127,0.737586,0.773792,0.735289,0.799898,0.737034,0.780892,0.752167,0.773075,0.749957,0.688094,0.690578,0.783543,0.756308,0.754677,0.770849,0.776882,0.723016,0.740390,0.765056,0.760345,0.759387,0.771016,0.759871,0.733455,0.766917,0.747510,0.772627,0.788506,0.728397,0.778821,0.786324,0.779988,0.776770,0.745851,0.739191,0.771227,0.736001,0.742816,0.804047,0.777374,0.747063,#
8,0.773365,0.794323,0.777179,0.766672,0.717533,0.779593,0.758451,0.778294,1.000000,0.773050,0.755431,0.782477,0.778858,0.774294,0.748384,0.784931,0.744550,0.770667,0.728989,0.785671,0.788150,0.761432,0.735694,0.740009,0.754507,0.770762,0.766824,0.760770,0.749135,0.739076,0.773607,0.770584,0.750080,0.746705,0.762891,0.824494,0.749455,0.765283,0.730673,0.761810,0.760128,0.743876,0.812169,0.755857,0.751004,0.719811,0.779958,0.726625,0.783918,0.784448,0.789143,0.756554,0.759577,0.770870,0.755117,0.782659,0.747943,0.775842,0.757260,0.733510,0.767963,0.773404,0.788048,0.773389,0.775200,0.806330,0.807803,0.804812,0.800130,0.744756,0.785342,0.793826,0.812782,0.768617,0.761575,0.732083,0.764760,0.786263,0.764258,0.781093,0.794523,0.764447,0.783220,0.783743,0.789263,0.762142,0.742796,0.770413,0.741337,0.719262,0.743414,0.741490,0.737044,0.751759,0.727686,0.731081,0.774313,0.779267,0.818517,0.776648,0.772046,0.709789,0.791490,0.802341,0.729407,0.755812,0.765360,0.779368,0.723582,0.786577,0.735726,0.739159,0.779580,0.730680,0.703050,0.779126,0.755279,0.757675,0.718034,0.764774,0.741868,0.742013,0.739859,0.806703,0.732213,0.771598,0.722821,0.743932,0.789190,0.785771,0.727781,0.789452,0.772404,0.742081,0.768021,0.774944,0.769417,0.770747,0.774857,0.748605,0.741425,0.754306,0.750189,0.707487,0.773347,0.749228,0.755530,0.728615,0.748718,0.769249,0.749855,0.799542,0.729025,0.800354,0.768232,0.743721,0.776051,0.786482,0.802372,0.751648,0.772226,0.738123,0.778692,0.745387,0.759250,0.742825,0.761127,0.779764,0.757910,0.710120,0.757040,0.775183,0.715445,0.761349,0.796631,0.748890,0.755095,0.793132,0.764833,0.747804,0.785613,0.780443,0.747265,0.754541,0.738627,0.728499,0.806041,0.732224,0.750803,0.777337,0.779474,0.779526,0.778780,0.768961,0.760856,0.712733,0.707181,0.768406,0.744220,0.804331,#
9,0.758235,0.791720,0.767395,0.765309,0.736904,0.750407,0.773075,0.741129,0.773050,1.000000,0.753547,0.737221,0.782108,0.767963,0.778417,0.757152,0.747895,0.795645,0.741987,0.745640,0.788895,0.754254,0.715671,0.748841,0.764773,0.729000,0.768881,0.815867,0.719534,0.760255,0.735381,0.780725,0.764347,0.752416,0.755394,0.781383,0.746823,0.751465,0.748476,0.792122,0.772023,0.781324,0.718213,0.745439,0.765981,0.727556,0.776657,0.748954,0.779192,0.788409,0.767883,0.739129,0.720750,0.721873,0.760762,0.760328,0.752434,0.807857,0.728862,0.768045,0.768277,0.771189,0.751956,0.727187,0.740132,0.809755,0.811849,0.781987,0.794811,0.741391,0.776338,0.756987,0.789605,0.754282,0.760850,0.766233,0.780575,0.806232,0.761580,0.817583,0.791111,0.790368,0.777701,0.812560,0.779753,0.752459,0.756842,0.778081,0.770025,0.759656,0.764369,0.724192,0.778773,0.753720,0.770372,0.736698,0.735368,0.734339,0.762901,0.782551,0.799253,0.766381,0.773371,0.754581,0.766165,0.771499,0.746276,0.797060,0.784392,0.764870,0.771288,0.770199,0.790363,0.735576,0.739446,0.799472,0.688240,0.772093,0.725537,0.740631,0.730802,0.769224,0.735721,0.796971,0.753707,0.752312,0.770465,0.738121,0.786545,0.741652,0.731627,0.798749,0.753162,0.759770,0.783471,0.709733,0.757843,0.774620,0.762558,0.750840,0.790889,0.810759,0.771342,0.792014,0.791301,0.805466,0.760206,0.771646,0.753006,0.762500,0.731247,0.760183,0.753940,0.759179,0.758745,0.750610,0.750063,0.778276,0.756517,0.782235,0.758111,0.796416,0.784559,0.774995,0.767555,0.781792,0.738856,0.767570,0.761280,0.725575,0.766923,0.757722,0.749630,0.719727,0.776013,0.785957,0.773016,0.805893,0.744145,0.772647,0.786296,0.778619,0.763330,0.729181,0.746721,0.779550,0.762827,0.725616,0.789289,0.723316,0.739281,0.754382,0.736170,0.739042,0.729394,0.723736,0.755155,0.766292,0.741216,0.733193,#
10,0.762140,0.801018,0.778752,0.755966,0.743026,0.755102,0.778513,0.738011,0.755431,0.753547,1.000000,0.779191,0.754378,0.751259,0.708869,0.782914,0.771701,0.760096,0.791649,0.761860,0.764700,0.754121,0.734909,0.786822,0.737181,0.755245,0.757662,0.798505,0.761215,0.780400,0.775415,0.768476,0.757893,0.767625,0.773697,0.785517,0.772614,0.783287,0.753971,0.761654,0.782600,0.732245,0.751314,0.731940,0.749706,0.775866,0.839082,0.769033,0.781892,0.811541,0.752746,0.770156,0.770233,0.710461,0.781827,0.804438,0.776475,0.809364,0.733593,0.778184,0.772105,0.784946,0.795878,0.775807,0.788600,0.743887,0.818072,0.745286,0.807221,0.740516,0.816940,0.797311,0.810941,0.732172,0.758070,0.805700,0.755515,0.811800,0.793504,0.749782,0.817545,0.759883,0.799600,0.772972,0.779848,0.757259,0.775639,0.747970,0.774900,0.796553,0.728833,0.765907,0.777742,0.746981,0.724177,0.753522,0.745939,0.784647,0.763463,0.773451,0.773513,0.755222,0.767473,0.781249,0.769779,0.761283,0.773962,0.748091,0.757983,0.779512,0.754281,0.732536,0.805530,0.753992,0.722673,0.784724,0.716338,0.771751,0.740062,0.725605,0.753197,0.788694,0.694700,0.775652,0.707551,0.750076,0.773086,0.759298,0.796172,0.770408,0.741102,0.793911,0.752946,0.760710,0.800521,0.803913,0.740780,0.750368,0.797735,0.768175,0.792817,0.767179,0.754978,0.772381,0.752308,0.769558,0.780275,0.733394,0.754061,0.773415,0.762091,0.759073,0.748108,0.768375,0.786974,0.740068,0.787868,0.781103,0.751994,0.743361,0.788579,0.747278,0.762017,0.774888,0.770396,0.758389,0.784282,0.757474,0.750580,0.751575,0.734360,0.772546,0.710045,0.752370,0.801726,0.761264,0.743752,0.788227,0.734794,0.785281,0.746112,0.735737,0.764771,0.736322,0.706490,0.766465,0.785429,0.748706,0.723132,0.776922,0.746723,0.751396,0.746877,0.801843,0.773711,0.746769,0.754704,0.772563,0.779319,0.786102,#
11,0.796759,0.773638,0.758811,0.754565,0.743960,0.759151,0.758561,0.737225,0.782477,0.737221,0.779191,1.000000,0.782371,0.772057,0.768281,0.776039,0.743494,0.791855,0.802069,0.776404,0.760300,0.749095,0.768040,0.761456,0.755225,0.762688,0.757445,0.766490,0.767975,0.738055,0.789371,0.789402,0.784388,0.763998,0.752242,0.783399,0.776494,0.791060,0.732859,0.770475,0.783131,0.733640,0.753265,0.747909,0.751132,0.719106,0.813661,0.776257,0.771257,0.800447,0.746638,0.722146,0.788133,0.738628,0.786782,0.775008,0.725010,0.814162,0.761743,0.789473,0.734343,0.753428,0.808909,0.761468,0.768939,0.770232,0.809671,0.782930,0.798296,0.778856,0.777152,0.760822,0.804540,0.775503,0.813471,0.772142,0.793710,0.805048,0.763858,0.743108,0.775909,0.751817,0.802200,0.776931,0.782944,0.744769,0.717110,0.742628,0.744284,0.730012,0.751602,0.756863,0.746797,0.776596,0.694847,0.774501,0.752318,0.781656,0.755880,0.759526,0.772662,0.755286,0.779064,0.777315,0.775971,0.757386,0.772747,0.790027,0.770019,0.759204,0.772352,0.772724,0.788526,0.725456,0.715419,0.760787,0.745169,0.770605,0.724300,0.786065,0.736646,0.758576,0.748542,0.823200,0.733895,0.747455,0.776018,0.775886,0.810520,0.793235,0.777083,0.774497,0.795273,0.769971,0.794932,0.781348,0.793122,0.776038,0.780180,0.760879,0.749136,0.733261,0.761237,0.795217,0.774497,0.743963,0.795695,0.732706,0.735330,0.756084,0.762082,0.753722,0.763068,0.801677,0.769057,0.737234,0.776089,0.756310,0.745667,0.766735,0.776085,0.778132,0.798814,0.769214,0.815072,0.770129,0.798665,0.739928,0.753174,0.767875,0.780621,0.754029,0.771495,0.798035,0.780711,0.766996,0.767959,0.774751,0.757105,0.783413,0.775833,0.747495,0.780437,0.743691,0.762194,0.714320,0.777751,0.776781,0.731125,0.727734,0.770190,0.796565,0.756737,0.765240,0.760613,0.743423,0.734652,0.789528,0.772647,0.737616,#
12,0.788697,0.793886,0.745943,0.784271,0.724609,0.752914,0.749057,0.773582,0.778858,0.782108,0.754378,0.782371,1.000000,0.765111,0.766286,0.738208,0.739467,0.768646,0.796346,0.768256,0.783924,0.732055,0.770967,0.755217,0.765630,0.778172,0.746977,0.767114,0.754950,0.748477,0.763584,0.749926,0.747214,0.781453,0.791342,0.791618,0.757175,0.765633,0.760986,0.772192,0.717266,0.711486,0.725406,0.749942,0.765102,0.744266,0.814583,0.746557,0.786803,0.807397,0.793900,0.724808,0.740488,0.739956,0.796950,0.771802,0.728055,0.744527,0.766530,0.754490,0.730964,0.741787,0.763102,0.733008,0.770103,0.790021,0.775113,0.762807,0.791926,0.762207,0.766066,0.762215,0.798207,0.759435,0.777634,0.766252,0.759911,0.785558,0.765872,0.795882,0.791730,0.770594,0.801097,0.776427,0.750739,0.780728,0.706806,0.770486,0.743467,0.738095,0.774879,0.735158,0.771774,0.766595,0.720028,0.766993,0.774570,0.754607,0.741068,0.708868,0.755126,0.758803,0.755749,0.757732,0.746286,0.729946,0.731830,0.774053,0.768973,0.759426,0.761610,0.743513,0.776350,0.715295,0.776981,0.769287,0.695674,0.754865,0.735968,0.740002,0.749541,0.781709,0.728793,0.790062,0.752497,0.803746,0.761599,0.737891,0.749144,0.757666,0.687260,0.734111,0.743152,0.720924,0.744069,0.753872,0.716603,0.764226,0.746191,0.699327,0.760627,0.746180,0.723701,0.780856,0.729485,0.745300,0.787014,0.722808,0.746912,0.782843,0.757641,0.742284,0.769079,0.719969,0.766466,0.768368,0.798545,0.797086,0.796357,0.724656,0.751599,0.776349,0.784938,0.753041,0.810945,0.723298,0.753989,0.774824,0.724999,0.729158,0.779322,0.722028,0.759610,0.758589,0.760629,0.732372,0.795570,0.812941,0.706079,0.741455,0.764384,0.781140,0.749451,0.734798,0.700742,0.741148,0.749647,0.753042,0.776975,0.749999,0.728014,0.757411,0.702669,0.742432,0.750627,0.741456,0.721758,0.788849,0.781184,0.732840,#
13,0.751310,0.809699,0.771918,0.746857,0.726922,0.737271,0.768385,0.760132,0.774294,0.767963,0.751259,0.772057,0.765111,1.000000,0.733182,0.751342,0.720071,0.801255,0.791788,0.761799,0.772485,0.755133,0.791881,0.760672,0.761372,0.780192,0.730986,0.795840,0.760285,0.785284,0.743393,0.765485,0.776224,0.790470,0.704339,0.766720,0.767764,0.793382,0.774755,0.790948,0.822231,0.749949,0.764987,0.711766,0.788871,0.766575,0.786421,0.768895,0.822050,0.808675,0.763369,0.791448,0.748133,0.736081,0.808099,0.800581,0.771969,0.796535,0.775525,0.771573,0.761501,0.771834,0.738865,0.758826,0.792512,0.792337,0.823594,0.783344,0.806041,0.759171,0.748254,0.779860,0.785519,0.791167,0.784779,0.760221,0.775773,0.783022,0.801846,0.760402,0.776773,0.767869,0.813824,0.808122,0.760501,0.787164,0.702639,0.753704,0.814897,0.760892,0.729832,0.768563,0.763044,0.779508,0.736735,0.730802,0.758894,0.744382,0.747279,0.785169,0.789178,0.758075,0.783192,0.788608,0.768547,0.777763,0.746515,0.801414,0.740060,0.754488,0.746362,0.751823,0.773544,0.756125,0.754233,0.777692,0.714463,0.782752,0.745304,0.720171,0.774579,0.765447,0.728392,0.769455,0.742871,0.742056,0.767044,0.756359,0.777267,0.762309,0.752965,0.755195,0.751601,0.748505,0.767975,0.773378,0.752646,0.786910,0.832340,0.744637,0.775637,0.777617,0.770788,0.750259,0.735161,0.764948,0.780142,0.736120,0.770235,0.735393,0.782922,0.785940,0.743222,0.777589,0.750717,0.747707,0.788335,0.744113,0.779913,0.750069,0.779600,0.764603,0.780765,0.773473,0.792564,0.761109,0.793630,0.771527,0.753233,0.730562,0.766702,0.761741,0.764484,0.789103,0.810376,0.782784,0.776565,0.809004,0.758663,0.763709,0.778642,0.755722,0.797193,0.746494,0.734394,0.762414,0.752769,0.742225,0.732841,0.756379,0.778652,0.781809,0.769237,0.777958,0.785536,0.725973,0.745548,0.825088,0.773714,0.740803,#
14,0.779461,0.775171,0.759153,0.728584,0.722623,0.759587,0.686646,0.753951,0.748384,0.778417,0.708869,0.768281,0.766286,0.733182,1.000000,0.731119,0.721042,0.749101,0.698936,0.767289,0.724595,0.737746,0.738572,0.777052,0.719665,0.694124,0.751863,0.775432,0.714160,0.742586,0.800153,0.730186,0.731409,0.716436,0.756757,0.747620,0.732475,0.746616,0.779605,0.728195,0.748227,0.726523,0.725505,0.725088,0.721130,0.737588,0.771401,0.707979,0.735236,0.739243,0.727773,0.727728,0.722470,0.749713,0.743856,0.756974,0.739782,0.735720,0.756549,0.702022,0.731790,0.745972,0.750919,0.730438,0.734798,0.746301,0.768928,0.741478,0.773548,0.743147,0.740464,0.722296,0.786602,0.738007,0.768488,0.755992,0.736392,0.751890,0.711135,0.730788,0.763684,0.753226,0.795946,0.796665,0.747722,0.747556,0.703506,0.747741,0.764968,0.721333,0.736696,0.690681,0.747096,0.802069,0.737013,0.729003,0.731084,0.734861,0.727687,0.701514,0.738849,0.734769,0.757237,0.718356,0.742472,0.731816,0.728559,0.722160,0.771492,0.745544,0.725414,0.754716,0.786779,0.708846,0.694141,0.738859,0.697390,0.717601,0.696761,0.716719,0.745976,0.736454,0.732421,0.780182,0.736182,0.667487,0.727395,0.751687,0.731275,0.741519,0.716015,0.768633,0.723512,0.736157,0.749675,0.716522,0.770693,0.754534,0.740548,0.735385,0.736093,0.754267,0.701423,0.788411,0.743296,0.764685,0.778313,0.685484,0.735755,0.701217,0.771313,0.732135,0.733961,0.725396,0.773613,0.711572,0.746207,0.736382,0.718375,0.741103,0.733122,0.724042,0.748936,0.717405,0.784903,0.737260,0.716701,0.739809,0.689291,0.725771,0.742133,0.696306,0.737698,0.759290,0.772666,0.747164,0.717512,0.765323,0.725834,0.735594,0.741347,0.750341,0.737868,0.704355,0.722129,0.749817,0.769271,0.699733,0.736665,0.718959,0.721671,0.744098,0.756593,0.738879,0.694367,0.684017,0.709021,0.761302,0.709855,0.690398,#
15,0.753655,0.788546,0.760574,0.763998,0.762709,0.758227,0.799517,0.740910,0.784931,0.757152,0.782914,0.776039,0.738208,0.751342,0.731119,1.000000,0.754722,0.780356,0.781772,0.770399,0.742598,0.757950,0.739105,0.764191,0.756410,0.748091,0.730828,0.776399,0.745524,0.739399,0.803236,0.802342,0.770759,0.792570,0.736118,0.782915,0.764597,0.798273,0.743913,0.747693,0.752881,0.726754,0.763288,0.747353,0.769409,0.751892,0.815176,0.760794,0.786673,0.795854,0.771323,0.746940,0.751548,0.745115,0.755404,0.770676,0.769921,0.765789,0.745236,0.760418,0.775124,0.791260,0.768022,0.767326,0.796850,0.755996,0.799176,0.776189,0.760701,0.728260,0.784385,0.750006,0.747750,0.764341,0.776553,0.748914,0.776968,0.774665,0.795779,0.755965,0.769752,0.763915,0.793560,0.797203,0.802491,0.773664,0.691474,0.765361,0.768180,0.713930,0.720324,0.748124,0.764463,0.782338,0.702823,0.750418,0.739339,0.766841,0.753547,0.751261,0.771092,0.767250,0.775717,0.785018,0.766635,0.730365,0.743385,0.772190,0.746649,0.794600,0.711749,0.706876,0.797932,0.731509,0.738800,0.764456,0.706564,0.755143,0.718710,0.774805,0.723516,0.779417,0.724937,0.781143,0.709537,0.735785,0.756932,0.738410,0.793842,0.790183,0.768596,0.755076,0.732991,0.712706,0.785060,0.771071,0.778118,0.748767,0.764035,0.756821,0.738207,0.731265,0.739218,0.749640,0.760507,0.775186,0.748531,0.717936,0.751798,0.753702,0.780438,0.796291,0.764776,0.781044,0.768227,0.739972,0.766926,0.730621,0.767396,0.756275,0.752044,0.774058,0.784380,0.757603,0.777251,0.754413,0.776777,0.742747,0.750105,0.726419,0.709071,0.776573,0.710635,0.793160,0.784108,0.786361,0.761743,0.776490,0.754717,0.763112,0.769602,0.757849,0.738039,0.738352,0.772092,0.729986,0.735319,0.693030,0.733134,0.758719,0.742108,0.791538,0.728737,0.754699,0.752880,0.723800,0.743042,0.765862,0.794779,0.767173,#
16,0.767527,0.791347,0.754482,0.756074,0.724295,0.751464,0.779553,0.747501,0.744550,0.747895,0.771701,0.743494,0.739467,0.720071,0.721042,0.754722,1.000000,0.770603,0.799390,0.771666,0.814644,0.711580,0.707120,0.742660,0.742075,0.770932,0.753517,0.734121,0.694559,0.734460,0.779312,0.783434,0.752690,0.726865,0.744959,0.772562,0.780162,0.774817,0.759373,0.787751,0.751102,0.739454,0.725494,0.720505,0.735136,0.748706,0.778273,0.733603,0.757232,0.794484,0.727302,0.740240,0.749415,0.755582,0.760284,0.785775,0.690178,0.766588,0.752739,0.737046,0.769001,0.769284,0.738331,0.728008,0.756504,0.748421,0.807324,0.761949,0.791779,0.757519,0.774478,0.751674,0.777146,0.748444,0.750153,0.723558,0.748543,0.766671,0.753622,0.787189,0.816524,0.768175,0.802725,0.771348,0.768536,0.748557,0.744851,0.710342,0.731964,0.747835,0.689631,0.735720,0.754660,0.733894,0.738819,0.762567,0.737967,0.742474,0.754028,0.739246,0.779064,0.743594,0.747036,0.764871,0.749567,0.752920,0.759319,0.742873,0.804647,0.754860,0.753014,0.746864,0.791057,0.745374,0.746003,0.794951,0.787244,0.759586,0.697826,0.663301,0.698929,0.754125,0.715962,0.763345,0.752001,0.736534,0.720778,0.718147,0.765035,0.728809,0.772859,0.760753,0.754195,0.726809,0.765230,0.778047,0.738613,0.740110,0.747374,0.701843,0.731319,0.748002,0.750993,0.739046,0.725539,0.728463,0.784311,0.735922,0.740546,0.733335,0.734154,0.765126,0.701559,0.737776,0.799157,0.743491,0.758061,0.734744,0.718898,0.738387,0.744934,0.727029,0.797808,0.742593,0.786197,0.768106,0.756265,0.754361,0.723380,0.729043,0.700917,0.765712,0.740978,0.768811,0.778164,0.735577,0.720025,0.812893,0.743289,0.751093,0.765082,0.726658,0.743112,0.750883,0.700699,0.726803,0.776563,0.722947,0.762639,0.750088,0.759265,0.764927,0.735194,0.774724,0.760838,0.743722,0.742239,0.763423,0.761859,0.740788,#
17,0.792835,0.780836,0.797022,0.749527,0.769129,0.774261,0.804109,0.787503,0.770667,0.795645,0.760096,0.791855,0.768646,0.801255,0.749101,0.780356,0.770603,1.000000,0.787286,0.818101,0.762958,0.767974,0.768955,0.751728,0.803743,0.779555,0.771765,0.800246,0.749923,0.781733,0.780587,0.802507,0.731075,0.745573,0.748978,0.766072,0.769020,0.803866,0.797858,0.811672,0.796099,0.779777,0.765017,0.748098,0.771743,0.779776,0.800918,0.799248,0.807676,0.813641,0.774388,0.727048,0.775784,0.752991,0.799204,0.793047,0.772726,0.767921,0.776261,0.751858,0.768985,0.754169,0.786941,0.756694,0.773699,0.800360,0.856099,0.768426,0.781923,0.747484,0.809946,0.762915,0.771017,0.808521,0.789786,0.734991,0.772376,0.806672,0.808474,0.797041,0.786818,0.793309,0.828881,0.823343,0.777165,0.756482,0.762005,0.767373,0.759002,0.773934,0.763831,0.736227,0.783256,0.785949,0.758801,0.778935,0.756985,0.742440,0.767412,0.805354,0.786180,0.748882,0.770605,0.751387,0.745154,0.771113,0.746205,0.776431,0.752485,0.785213,0.775462,0.745852,0.818203,0.769097,0.784731,0.771328,0.713386,0.775942,0.751814,0.761738,0.761545,0.779899,0.743207,0.781292,0.751374,0.760557,0.759364,0.772267,0.794168,0.765137,0.778235,0.813404,0.793128,0.749196,0.777488,0.776157,0.797460,0.787549,0.769113,0.801809,0.775983,0.780022,0.817913,0.783851,0.789503,0.768792,0.761915,0.715425,0.784199,0.749801,0.789164,0.780455,0.754185,0.786258,0.770169,0.795039,0.821462,0.749671,0.779414,0.777770,0.772724,0.770587,0.831703,0.745451,0.794196,0.755059,0.743946,0.745491,0.751519,0.718932,0.776247,0.761371,0.769789,0.761008,0.826063,0.752537,0.773848,0.821870,0.772623,0.801349,0.774444,0.799447,0.767771,0.786065,0.771131,0.736978,0.797130,0.785740,0.753831,0.743513,0.777527,0.802005,0.744234,0.772084,0.755797,0.791412,0.739932,0.793738,0.770945,0.711327,#
18,0.775802,0.808256,0.765984,0.765914,0.714077,0.770447,0.769786,0.787270,0.728989,0.741987,0.791649,0.802069,0.796346,0.791788,0.698936,0.781772,0.799390,0.787286,1.000000,0.780806,0.777396,0.785245,0.750550,0.735121,0.738592,0.797353,0.760387,0.774302,0.749772,0.785177,0.737997,0.801943,0.768438,0.798816,0.769618,0.812485,0.758194,0.803656,0.773041,0.785655,0.799735,0.738024,0.770170,0.718580,0.772143,0.753295,0.816074,0.792326,0.803022,0.778713,0.739468,0.753033,0.772216,0.721095,0.787205,0.777675,0.736387,0.780484,0.768521,0.807239,0.772178,0.750096,0.748321,0.735468,0.799543,0.745791,0.813812,0.750690,0.744486,0.761315,0.775399,0.742272,0.786994,0.758582,0.790728,0.726873,0.760673,0.776338,0.778599,0.754315,0.784411,0.748448,0.812504,0.794041,0.799982,0.803146,0.711517,0.761685,0.781356,0.737412,0.744503,0.735548,0.781586,0.796876,0.766697,0.739788,0.758943,0.771719,0.771964,0.765960,0.786171,0.733244,0.763879,0.768515,0.781006,0.784746,0.745018,0.789946,0.786424,0.781802,0.789665,0.734610,0.790525,0.734370,0.732710,0.769721,0.741853,0.754520,0.748335,0.738394,0.771342,0.777656,0.715940,0.785388,0.758895,0.737737,0.802498,0.730650,0.806183,0.743059,0.757616,0.778773,0.760285,0.725584,0.764701,0.785846,0.773119,0.772647,0.762372,0.749920,0.733742,0.775741,0.745186,0.780822,0.774292,0.768533,0.775464,0.709648,0.774953,0.753514,0.767218,0.770081,0.797289,0.761160,0.782814,0.797681,0.775439,0.762145,0.731348,0.731746,0.772991,0.756234,0.827190,0.746161,0.798484,0.752074,0.829938,0.750947,0.709042,0.731478,0.766211,0.775709,0.768587,0.794286,0.776558,0.756988,0.755810,0.817421,0.757748,0.789871,0.783836,0.761670,0.740868,0.756282,0.735015,0.752849,0.763782,0.751847,0.731897,0.767958,0.757668,0.793864,0.719657,0.797405,0.794757,0.754106,0.726906,0.827626,0.776748,0.773267,#
19,0.789723,0.807377,0.797125,0.756137,0.775369,0.811251,0.756088,0.783461,0.785671,0.745640,0.761860,0.776404,0.768256,0.761799,0.767289,0.770399,0.771666,0.818101,0.780806,1.000000,0.780747,0.749432,0.732098,0.748671,0.772069,0.755385,0.780112,0.780886,0.741401,0.764210,0.798593,0.812728,0.782156,0.759306,0.763238,0.816892,0.764659,0.780239,0.776874,0.787766,0.798761,0.774554,0.753127,0.752386,0.740104,0.783933,0.827519,0.766761,0.803584,0.792508,0.771413,0.736834,0.767537,0.776590,0.775220,0.768310,0.785864,0.769870,0.754385,0.742189,0.756859,0.734375,0.785229,0.778136,0.782555,0.778020,0.828433,0.771350,0.802385,0.765143,0.799659,0.759526,0.796668,0.772062,0.754380,0.733715,0.744432,0.771049,0.766880,0.769388,0.826584,0.757839,0.825765,0.788700,0.782075,0.745900,0.755552,0.757393,0.805393,0.755157,0.731639,0.750650,0.746483,0.793990,0.732623,0.732414,0.775995,0.774227,0.768206,0.780147,0.780599,0.752228,0.785965,0.773301,0.767579,0.724800,0.778257,0.757605,0.757612,0.747305,0.768771,0.742679,0.783552,0.743221,0.750516,0.763475,0.765540,0.784684,0.752670,0.710773,0.790761,0.761858,0.731504,0.827559,0.745702,0.766740,0.761935,0.776037,0.826806,0.800919,0.787252,0.814852,0.784465,0.771412,0.771741,0.791308,0.752373,0.777861,0.785687,0.743788,0.770090,0.767433,0.733769,0.760563,0.769847,0.739998,0.759431,0.683788,0.786275,0.768277,0.755689,0.788722,0.752525,0.759639,0.805872,0.757729,0.826912,0.771809,0.774631,0.765379,0.773068,0.785615,0.786067,0.766372,0.813007,0.775731,0.749444,0.781756,0.723397,0.734987,0.753527,0.792441,0.783281,0.770769,0.820563,0.743398,0.765798,0.819857,0.772904,0.751168,0.766836,0.791199,0.788912,0.782186,0.749637,0.748966,0.752005,0.763638,0.772874,0.782462,0.759522,0.779950,0.729624,0.796443,0.789534,0.761691,0.751380,0.760810,0.769506,0.729022,#
20,0.766024,0.828967,0.761280,0.769771,0.762688,0.767520,0.773852,0.783161,0.788150,0.788895,0.764700,0.760300,0.783924,0.772485,0.724595,0.742598,0.814644,0.762958,0.777396,0.780747,1.000000,0.771535,0.733377,0.785129,0.769166,0.793028,0.754484,0.787455,0.753501,0.752974,0.783642,0.780203,0.784493,0.799532,0.757247,0.803562,0.747496,0.761774,0.765653,0.811220,0.784602,0.797178,0.730398,0.745844,0.788204,0.737158,0.813506,0.766651,0.788195,0.798482,0.776331,0.784206,0.755864,0.769519,0.795538,0.753537,0.698731,0.772454,0.777994,0.763826,0.776262,0.766570,0.799316,0.751693,0.775232,0.810413,0.833323,0.763755,0.796205,0.753775,0.781071,0.785382,0.802185,0.775687,0.752716,0.719117,0.769020,0.785012,0.805396,0.802766,0.785987,0.789199,0.816442,0.782274,0.752480,0.771724,0.760963,0.767994,0.792278,0.801194,0.759678,0.767633,0.757552,0.793923,0.766277,0.767986,0.742431,0.728241,0.761211,0.764160,0.823136,0.767234,0.776076,0.804557,0.774238,0.756942,0.800819,0.782278,0.770265,0.812207,0.749119,0.779972,0.776929,0.718322,0.771057,0.781497,0.763010,0.788169,0.684470,0.705058,0.780773,0.788254,0.730307,0.815924,0.743335,0.771837,0.747430,0.737182,0.775386,0.783266,0.769685,0.785001,0.798777,0.777400,0.787511,0.767593,0.734851,0.809937,0.794182,0.778297,0.767169,0.750008,0.746328,0.774963,0.786682,0.743859,0.777097,0.740671,0.742321,0.782100,0.771752,0.790749,0.760218,0.765093,0.789091,0.776585,0.781955,0.800122,0.765398,0.766778,0.778849,0.783245,0.789823,0.773884,0.807368,0.743334,0.747562,0.769600,0.729080,0.711040,0.771686,0.746248,0.788763,0.765317,0.793792,0.754680,0.746382,0.816864,0.758298,0.781772,0.781653,0.763490,0.763722,0.751750,0.735451,0.783338,0.782282,0.752657,0.767338,0.745817,0.750590,0.783390,0.784154,0.799387,0.791803,0.742000,0.763970,0.789684,0.777170,0.761509,#
21,0.753792,0.841005,0.776270,0.785564,0.755401,0.753244,0.743134,0.746912,0.761432,0.754254,0.754121,0.749095,0.732055,0.755133,0.737746,0.757950,0.711580,0.767974,0.785245,0.749432,0.771535,1.000000,0.753326,0.768716,0.717588,0.731709,0.777684,0.734959,0.759721,0.733132,0.746174,0.750064,0.766820,0.789189,0.779878,0.805164,0.751679,0.773078,0.764590,0.748553,0.763329,0.771481,0.740519,0.738640,0.773684,0.761234,0.776416,0.768140,0.786323,0.779666,0.738308,0.761555,0.754452,0.722360,0.794112,0.764837,0.731560,0.743828,0.804860,0.733671,0.762061,0.759481,0.716301,0.722744,0.777936,0.766072,0.804327,0.753879,0.755977,0.773878,0.748677,0.788326,0.784828,0.769849,0.797308,0.768285,0.747990,0.772135,0.757379,0.768346,0.755432,0.738304,0.808050,0.783207,0.799532,0.763812,0.704963,0.777557,0.787151,0.762346,0.710705,0.706957,0.775446,0.790298,0.757443,0.754292,0.760108,0.726303,0.744552,0.768604,0.771402,0.760610,0.723581,0.755494,0.724654,0.780299,0.720477,0.782510,0.733139,0.789872,0.772513,0.727101,0.757952,0.754531,0.700304,0.721235,0.742100,0.804989,0.730085,0.739360,0.773275,0.746496,0.703495,0.770144,0.732998,0.715782,0.762944,0.751790,0.767442,0.781772,0.761237,0.780262,0.739060,0.736867,0.789744,0.732999,0.711253,0.725272,0.764568,0.775751,0.756748,0.745833,0.702761,0.766681,0.748849,0.757805,0.740419,0.699349,0.728467,0.752919,0.753018,0.780125,0.736484,0.747371,0.746570,0.749224,0.792750,0.746095,0.733241,0.748775,0.741165,0.782963,0.779645,0.765452,0.785912,0.754970,0.772117,0.737469,0.678248,0.735298,0.783316,0.718209,0.755055,0.724915,0.759957,0.747122,0.694339,0.782429,0.753416,0.758704,0.749515,0.788044,0.754473,0.733659,0.734827,0.780203,0.760001,0.689628,0.704756,0.748495,0.734922,0.753024,0.754930,0.744394,0.781977,0.701795,0.748584,0.789866,0.719366,0.778056,#
