0,1.000000,0.582778,0.596569,0.586895,0.484754,0.601435,0.560549,0.571264,0.543728,0.556090,0.539840,0.605631,0.577291,0.492694,0.604733,0.520001,0.583377,0.600057,0.566923,0.561799,0.556097,0.522286,0.560541,0.588023,0.576094,0.572997,0.633551,0.565129,0.496329,0.533863,0.581515,0.499306,0.532707,0.478153,0.615590,0.566367,0.611897,0.593041,0.562556,0.646455,0.535642,0.569100,0.596834,0.621980,0.525080,0.534247,0.640800,0.597505,0.547801,0.645160,0.610759,0.497691,0.598696,0.604955,0.529558,0.630214,0.569198,0.593717,0.574014,0.609439,0.624430,0.498014,0.579092,0.564269,0.575397,0.611932,0.585962,0.655288,0.580504,0.540641,0.629802,0.572747,0.675146,0.536161,0.601106,0.575741,0.545582,0.583826,0.566964,0.566420,0.697167,0.605697,0.559742,0.588163,0.542479,0.636518,0.578120,0.480339,0.502293,0.593462,0.556475,0.550012,0.469851,0.603181,0.524071,0.609370,0.530999,0.526358,0.599875,0.594940,0.541749,0.568207,0.516046,0.563003,0.595385,0.461163,0.484374,0.596768,0.601920,0.596744,0.614705,0.528955,0.592050,0.478307,0.539045,0.663002,0.513022,0.526624,0.568252,0.545609,0.491160,0.656782,0.579212,0.633400,0.572153,0.575051,0.549433,0.568491,0.518519,0.528203,0.548240,0.565775,0.570067,0.546034,0.535260,0.526676,0.549262,0.638001,0.571183,0.558903,0.508363,0.574152,0.457204,0.612914,0.627457,0.555702,0.578332,0.475336,0.599675,0.571379,0.582896,0.473685,0.594986,0.480198,0.549844,0.515799,0.522090,0.594063,0.590287,0.582807,0.614871,0.668999,0.542291,0.548602,0.612082,0.624708,0.602535,0.481999,0.579899,0.603555,0.603465,0.532679,0.618448,0.620298,0.659494,0.460133,0.520314,0.574111,0.625115,0.583522,0.540878,0.614788,0.483090,0.485767,0.533143,0.541277,0.569093,0.569676,0.535674,0.604439,0.549009,0.588521,0.586922,0.553351,0.537299,0.539237,0.536163,0.586109,0.613505,0.592538,#
1,0.582778,1.000000,0.599615,0.639154,0.494786,0.629818,0.555448,0.521646,0.518229,0.537709,0.582501,0.524264,0.572973,0.555882,0.548300,0.539360,0.565419,0.536674,0.570997,0.538535,0.627964,0.658091,0.591546,0.643790,0.571883,0.480956,0.587114,0.564484,0.484967,0.481254,0.609112,0.594853,0.568702,0.539489,0.594010,0.639048,0.500038,0.605884,0.536559,0.586936,0.528663,0.526107,0.517645,0.606246,0.528673,0.603913,0.655209,0.582422,0.558876,0.635869,0.553886,0.540711,0.630046,0.561548,0.568420,0.602270,0.523914,0.578087,0.625832,0.568317,0.505026,0.544310,0.519165,0.461946,0.539245,0.548778,0.635579,0.612856,0.652690,0.602851,0.581328,0.608952,0.703718,0.490429,0.527469,0.550763,0.532433,0.601520,0.586134,0.533487,0.622501,0.615846,0.654599,0.561919,0.573626,0.554590,0.565195,0.490257,0.588856,0.584718,0.580642,0.521850,0.545929,0.593895,0.475083,0.535333,0.592942,0.517684,0.547394,0.606467,0.568775,0.620533,0.527193,0.591999,0.568980,0.504395,0.499410,0.606856,0.549009,0.516102,0.599896,0.589552,0.568108,0.486961,0.553208,0.560209,0.593053,0.654728,0.545945,0.530162,0.550048,0.611974,0.486920,0.622949,0.467903,0.511180,0.585740,0.563718,0.571407,0.612251,0.512422,0.606693,0.525458,0.606190,0.539002,0.527075,0.496913,0.504939,0.598547,0.517369,0.548479,0.505036,0.458668,0.540690,0.526694,0.567349,0.600971,0.478194,0.532642,0.554951,0.588186,0.575997,0.550088,0.543363,0.579752,0.486547,0.508492,0.603475,0.522535,0.539819,0.505901,0.618540,0.616321,0.597816,0.568303,0.544702,0.560885,0.568267,0.422789,0.564181,0.618834,0.455452,0.617320,0.604363,0.616180,0.467853,0.519696,0.607716,0.564794,0.577768,0.518826,0.526529,0.512175,0.458297,0.490126,0.589121,0.563084,0.479279,0.520444,0.508552,0.536762,0.539437,0.534959,0.604677,0.591619,0.543938,0.569177,0.558390,0.562686,0.574502,#
2,0.596569,0.599615,1.000000,0.561104,0.416413,0.608733,0.568207,0.561547,0.508886,0.544890,0.595718,0.522544,0.507300,0.510628,0.548449,0.509418,0.561888,0.596657,0.560606,0.579987,0.536272,0.579598,0.476567,0.564159,0.568968,0.505670,0.608104,0.565945,0.552582,0.525996,0.628359,0.550783,0.581740,0.558503,0.598434,0.599695,0.613252,0.573090,0.585093,0.609076,0.612980,0.587098,0.545908,0.519733,0.491782,0.587503,0.677732,0.548799,0.557723,0.703110,0.521759,0.496219,0.562156,0.600157,0.641905,0.572713,0.596424,0.576252,0.532833,0.580929,0.585004,0.597490,0.579954,0.584818,0.547320,0.530228,0.687315,0.527309,0.664830,0.601126,0.612362,0.599106,0.656612,0.579009,0.579970,0.599072,0.571850,0.653734,0.578339,0.640668,0.635788,0.631978,0.615238,0.600306,0.599093,0.625026,0.604861,0.616318,0.590019,0.536476,0.628428,0.603225,0.544732,0.558304,0.570881,0.591121,0.563441,0.561635,0.648590,0.560663,0.561327,0.505311,0.464610,0.581175,0.585327,0.596989,0.568367,0.558546,0.657183,0.578406,0.605378,0.519387,0.616341,0.479278,0.539801,0.550790,0.516992,0.572808,0.582985,0.534706,0.515977,0.620304,0.533626,0.570341,0.545264,0.583609,0.542986,0.567274,0.549962,0.616437,0.575547,0.672635,0.641793,0.634495,0.530354,0.554605,0.480493,0.535016,0.545995,0.499995,0.546825,0.511606,0.493269,0.542303,0.559972,0.655540,0.608511,0.536125,0.564630,0.520328,0.593869,0.521511,0.562518,0.574767,0.538276,0.564882,0.524602,0.543653,0.496762,0.526306,0.521393,0.467388,0.568367,0.581099,0.524741,0.620984,0.631998,0.521723,0.470364,0.547842,0.603723,0.496958,0.579546,0.541823,0.612829,0.503602,0.563122,0.581210,0.571270,0.561590,0.563818,0.620103,0.576455,0.598589,0.530269,0.517109,0.537419,0.558818,0.579240,0.532885,0.554824,0.580256,0.570510,0.604035,0.564944,0.619182,0.590440,0.616869,0.576801,0.567680,#
3,0.586895,0.639154,0.561104,1.000000,0.549199,0.576018,0.476430,0.519404,0.527603,0.545284,0.485759,0.539541,0.563512,0.520720,0.552258,0.485128,0.567728,0.513307,0.528443,0.518686,0.571009,0.593951,0.533056,0.509557,0.616631,0.573872,0.557018,0.579452,0.504746,0.478564,0.574382,0.589714,0.542190,0.553747,0.553882,0.540887,0.513312,0.591402,0.467116,0.615908,0.530287,0.546847,0.517594,0.523985,0.514232,0.590770,0.624520,0.579380,0.591692,0.594104,0.546593,0.473898,0.567084,0.521833,0.598312,0.545346,0.474068,0.524701,0.642203,0.593793,0.532238,0.521829,0.479832,0.541669,0.574947,0.593594,0.566997,0.551258,0.556399,0.564238,0.529553,0.550281,0.654090,0.544025,0.517626,0.541030,0.523894,0.547881,0.567900,0.595110,0.621368,0.531922,0.580869,0.585289,0.530856,0.566375,0.546337,0.523964,0.528755,0.543602,0.484014,0.531899,0.563630,0.557938,0.546322,0.575578,0.528877,0.501195,0.501341,0.594155,0.523767,0.538305,0.440403,0.501196,0.535570,0.496269,0.543408,0.587773,0.510398,0.526174,0.512674,0.574940,0.547306,0.502233,0.542756,0.608219,0.556313,0.553654,0.549925,0.498619,0.469513,0.513171,0.485239,0.594675,0.497817,0.545247,0.576578,0.543944,0.516418,0.559891,0.491086,0.588269,0.549280,0.583306,0.563702,0.540993,0.535329,0.505820,0.540460,0.509497,0.508208,0.499707,0.443128,0.507051,0.484981,0.598791,0.531656,0.502468,0.516014,0.440984,0.527935,0.483785,0.523375,0.515153,0.513860,0.481434,0.532951,0.572315,0.466144,0.580496,0.605780,0.627245,0.541846,0.643090,0.555793,0.566308,0.496896,0.471348,0.472883,0.545707,0.535213,0.496801,0.548271,0.564110,0.547943,0.504001,0.481286,0.524788,0.604341,0.544248,0.505254,0.583567,0.502182,0.512049,0.482933,0.550956,0.479770,0.445872,0.594151,0.561763,0.479716,0.527080,0.533071,0.503455,0.548555,0.527890,0.600502,0.569771,0.524830,0.577602,#
4,0.484754,0.494786,0.416413,0.549199,1.000000,0.554576,0.517390,0.424286,0.384138,0.475614,0.464913,0.479270,0.393287,0.433995,0.459055,0.471185,0.443568,0.497172,0.395132,0.497289,0.492373,0.516745,0.484351,0.539056,0.502823,0.407692,0.454752,0.477976,0.438813,0.432702,0.592089,0.450145,0.449639,0.398814,0.500036,0.516525,0.442780,0.493738,0.419875,0.595560,0.392293,0.451354,0.476149,0.504876,0.493094,0.451932,0.581821,0.459848,0.463720,0.518095,0.545842,0.414120,0.497637,0.354979,0.489588,0.516359,0.424785,0.493180,0.569775,0.503057,0.402219,0.479977,0.492451,0.432572,0.552114,0.598153,0.537079,0.469934,0.472010,0.464615,0.534302,0.508624,0.490072,0.425653,0.435870,0.509942,0.468670,0.495786,0.509610,0.466347,0.451106,0.489864,0.517713,0.429195,0.507014,0.448777,0.443560,0.448543,0.499871,0.546264,0.460224,0.383336,0.416315,0.488387,0.429735,0.495987,0.514201,0.398488,0.419972,0.437458,0.482145,0.579121,0.422717,0.474409,0.472387,0.361293,0.490265,0.459750,0.479470,0.517136,0.377953,0.498022,0.532711,0.532183,0.437472,0.480377,0.428738,0.596834,0.432607,0.413341,0.421045,0.468919,0.484000,0.506761,0.443562,0.493529,0.493484,0.429309,0.543255,0.509715,0.540566,0.506974,0.453047,0.469705,0.497156,0.471151,0.465552,0.512788,0.461652,0.424294,0.390322,0.529113,0.456935,0.503464,0.434917,0.489188,0.488660,0.378143,0.457361,0.458445,0.489178,0.535871,0.429146,0.356575,0.519820,0.434197,0.512297,0.529544,0.506158,0.449875,0.399382,0.549532,0.510604,0.508162,0.523233,0.484006,0.473867,0.406008,0.376933,0.470001,0.419582,0.471822,0.494987,0.496814,0.516082,0.414794,0.472506,0.514493,0.513340,0.539895,0.539948,0.481909,0.485758,0.420299,0.490321,0.517003,0.466598,0.508326,0.453367,0.477527,0.457319,0.387053,0.485589,0.478614,0.468475,0.358988,0.438710,0.515784,0.513533,0.453145,#
5,0.601435,0.629818,0.608733,0.576018,0.554576,1.000000,0.543274,0.526936,0.524264,0.530874,0.502718,0.509370,0.514188,0.508113,0.530754,0.504232,0.542314,0.542695,0.564257,0.615684,0.528666,0.521215,0.509134,0.556404,0.612718,0.590285,0.593407,0.587090,0.490350,0.531251,0.574330,0.534728,0.526128,0.568124,0.588928,0.588800,0.559916,0.538666,0.457985,0.608525,0.499743,0.539819,0.527958,0.556170,0.502767,0.556239,0.579015,0.616039,0.526431,0.621766,0.584741,0.444141,0.549333,0.503776,0.589156,0.653386,0.506881,0.529289,0.602794,0.581304,0.490885,0.494270,0.552932,0.537775,0.531752,0.557208,0.565276,0.541093,0.584434,0.589019,0.632734,0.585021,0.617743,0.506036,0.568499,0.537160,0.462784,0.614389,0.536400,0.524661,0.597272,0.544592,0.566468,0.529791,0.519630,0.518172,0.515038,0.485665,0.584872,0.508230,0.607031,0.507239,0.450475,0.600959,0.473250,0.452816,0.617870,0.535968,0.595405,0.492385,0.571264,0.552651,0.575907,0.577611,0.542753,0.460675,0.548133,0.579259,0.508147,0.563211,0.511103,0.542504,0.586922,0.466234,0.448455,0.504974,0.615539,0.621754,0.526913,0.520477,0.451501,0.583001,0.509303,0.610499,0.489690,0.565063,0.624974,0.483183,0.562653,0.525541,0.535388,0.613847,0.574364,0.580701,0.528490,0.453015,0.458508,0.545541,0.500362,0.490035,0.491343,0.458546,0.497100,0.529390,0.636324,0.562381,0.540098,0.537582,0.548759,0.574937,0.613561,0.541645,0.613870,0.504392,0.581246,0.488510,0.537011,0.524850,0.515424,0.503375,0.516678,0.610056,0.563221,0.549554,0.570763,0.528593,0.460242,0.541045,0.475099,0.542844,0.597349,0.541679,0.565253,0.551412,0.559601,0.500463,0.551865,0.565498,0.621818,0.607518,0.554073,0.513847,0.443443,0.477421,0.494623,0.552656,0.540627,0.573560,0.593502,0.577787,0.502143,0.578011,0.500004,0.598414,0.511984,0.510158,0.507971,0.616552,0.548854,0.574844,#
6,0.560549,0.555448,0.568207,0.476430,0.517390,0.543274,1.000000,0.476213,0.517878,0.598122,0.589924,0.574189,0.525901,0.544786,0.455351,0.678708,0.629950,0.627605,0.543717,0.512290,0.546388,0.530785,0.454402,0.536524,0.634241,0.567543,0.575662,0.550361,0.520573,0.515397,0.609817,0.588235,0.584454,0.558323,0.501081,0.579395,0.589622,0.560892,0.479619,0.577483,0.580634,0.570230,0.600482,0.608754,0.505622,0.498722,0.635793,0.620748,0.569303,0.660080,0.518216,0.467999,0.540551,0.448037,0.552564,0.541631,0.540719,0.592453,0.607837,0.513920,0.567986,0.603410,0.563570,0.479964,0.612985,0.574093,0.643511,0.590295,0.655682,0.519138,0.627527,0.645070,0.586511,0.519091,0.573147,0.534980,0.613169,0.673296,0.627954,0.558774,0.611397,0.593049,0.555964,0.641756,0.564422,0.502202,0.564070,0.524618,0.576806,0.543223,0.562586,0.529628,0.469501,0.608692,0.497263,0.573620,0.626723,0.526567,0.504720,0.520987,0.571710,0.585971,0.538526,0.564530,0.610340,0.471311,0.618939,0.601250,0.658893,0.528992,0.499478,0.530681,0.604991,0.553485,0.527676,0.600834,0.476947,0.593403,0.470684,0.566578,0.466312,0.594028,0.461486,0.587276,0.547857,0.495993,0.505480,0.525723,0.529948,0.544367,0.596008,0.600678,0.549883,0.545095,0.552075,0.502552,0.559023,0.523214,0.596227,0.600814,0.572973,0.528288,0.484781,0.562727,0.565397,0.614761,0.583543,0.554399,0.536282,0.534161,0.569488,0.575509,0.498152,0.488660,0.536316,0.495426,0.515554,0.490696,0.479857,0.592645,0.499163,0.548306,0.562544,0.568281,0.545961,0.602605,0.623192,0.451889,0.515867,0.564834,0.536968,0.595136,0.502580,0.525687,0.605953,0.603348,0.524153,0.574530,0.595875,0.575321,0.570435,0.533386,0.571084,0.504433,0.520880,0.522325,0.593299,0.545163,0.519594,0.542540,0.539609,0.581801,0.536756,0.574047,0.566654,0.597063,0.578266,0.569462,0.588896,0.558142,#
7,0.571264,0.521646,0.561547,0.519404,0.424286,0.526936,0.476213,1.000000,0.547137,0.477143,0.513240,0.435693,0.514351,0.481280,0.533314,0.468453,0.457556,0.569977,0.493322,0.532082,0.549645,0.489247,0.514599,0.501418,0.543062,0.550434,0.493724,0.429244,0.477008,0.503799,0.516121,0.471479,0.507012,0.479632,0.543346,0.574840,0.498727,0.547871,0.532838,0.581979,0.517930,0.549745,0.421023,0.507852,0.467974,0.507968,0.600273,0.585178,0.585040,0.556848,0.499437,0.496741,0.572890,0.489147,0.539011,0.506373,0.526455,0.497954,0.588765,0.610719,0.445561,0.519494,0.548159,0.497721,0.557504,0.552739,0.591528,0.505804,0.511371,0.417986,0.601429,0.485530,0.577904,0.525181,0.473318,0.491427,0.514554,0.534864,0.483046,0.480279,0.610894,0.517727,0.584144,0.531082,0.533462,0.546874,0.513065,0.507949,0.496721,0.543556,0.551545,0.513692,0.487728,0.521952,0.528601,0.558511,0.544949,0.580388,0.564186,0.494018,0.533594,0.484355,0.401217,0.443391,0.541651,0.457868,0.476295,0.560858,0.552079,0.463320,0.585748,0.480316,0.560608,0.443018,0.559369,0.525607,0.437933,0.495873,0.492833,0.559704,0.490087,0.531047,0.511973,0.511044,0.511232,0.531156,0.455849,0.525449,0.442249,0.554610,0.501311,0.595574,0.549701,0.445762,0.502395,0.540648,0.425902,0.592031,0.498893,0.460509,0.457610,0.459990,0.443448,0.500107,0.568820,0.541011,0.556327,0.442078,0.459503,0.511891,0.446187,0.531863,0.503382,0.462089,0.513045,0.546849,0.524780,0.550594,0.496662,0.475852,0.515580,0.495223,0.550604,0.494734,0.517775,0.533574,0.538545,0.425177,0.406342,0.465524,0.571216,0.500576,0.538015,0.596554,0.569313,0.417528,0.477452,0.461790,0.550754,0.562392,0.500892,0.523763,0.470941,0.493027,0.496202,0.507968,0.568170,0.452914,0.519421,0.533504,0.505786,0.518068,0.477680,0.479020,0.513847,0.489126,0.477112,0.596899,0.583420,0.483170,#
8,0.543728,0.518229,0.508886,0.527603,0.384138,0.524264,0.517878,0.547137,1.000000,0.490613,0.486990,0.551082,0.517767,0.515710,0.512468,0.541314,0.474286,0.516112,0.413130,0.546182,0.525646,0.540562,0.457927,0.536932,0.588368,0.500300,0.518973,0.418654,0.456635,0.482500,0.556338,0.506592,0.512448,0.457929,0.490788,0.669801,0.511290,0.538353,0.468699,0.522481,0.453296,0.443431,0.585447,0.565382,0.482149,0.445643,0.559206,0.508456,0.547013,0.571436,0.506411,0.480993,0.549238,0.479774,0.478062,0.535483,0.513179,0.493865,0.522856,0.482815,0.507334,0.541089,0.570682,0.542246,0.542596,0.556118,0.587719,0.567587,0.600782,0.477196,0.567275,0.563698,0.635032,0.469572,0.523446,0.481429,0.479839,0.558335,0.518842,0.516617,0.569247,0.529031,0.519607,0.514962,0.497636,0.482171,0.542457,0.529198,0.462760,0.424557,0.566757,0.523753,0.428466,0.483500,0.423446,0.502503,0.599632,0.563168,0.601327,0.544974,0.491204,0.434131,0.551256,0.555384,0.426795,0.498390,0.514996,0.506662,0.471735,0.572176,0.453614,0.487128,0.538277,0.429543,0.436813,0.540694,0.508828,0.491040,0.478798,0.538055,0.448515,0.511617,0.497653,0.582512,0.476808,0.512130,0.426205,0.482642,0.539410,0.570514,0.446803,0.617957,0.521986,0.456613,0.436713,0.541687,0.453293,0.493672,0.522785,0.464663,0.492960,0.445273,0.475730,0.395001,0.548870,0.491749,0.487090,0.537235,0.478887,0.536940,0.487145,0.557386,0.473809,0.583002,0.488556,0.454197,0.498428,0.572595,0.567745,0.462965,0.532393,0.487997,0.500454,0.468340,0.481330,0.514182,0.474201,0.520827,0.474571,0.449982,0.491427,0.523014,0.426590,0.531668,0.577259,0.436013,0.479233,0.511194,0.540939,0.518405,0.520403,0.532720,0.502591,0.449111,0.441598,0.414432,0.605165,0.463390,0.471149,0.557536,0.573536,0.544827,0.511295,0.542273,0.483961,0.439087,0.427174,0.528791,0.507575,0.602609,#
9,0.556090,0.537709,0.544890,0.545284,0.475614,0.530874,0.598122,0.477143,0.490613,1.000000,0.560582,0.502841,0.529677,0.535067,0.558133,0.518580,0.532647,0.589830,0.463286,0.474231,0.575417,0.502100,0.460165,0.537255,0.563679,0.473211,0.535478,0.571412,0.446397,0.531337,0.537150,0.534645,0.513671,0.509693,0.511532,0.546579,0.554096,0.514785,0.490630,0.594669,0.502633,0.549983,0.500476,0.517186,0.504707,0.514166,0.568212,0.566400,0.601952,0.615276,0.555459,0.411798,0.454919,0.458462,0.501932,0.530867,0.583089,0.595505,0.482946,0.573483,0.497606,0.538884,0.541526,0.452888,0.490988,0.570469,0.593544,0.552101,0.616363,0.487189,0.555805,0.560599,0.578702,0.493662,0.528689,0.549027,0.567136,0.633727,0.527289,0.569986,0.596554,0.584135,0.552752,0.623082,0.536098,0.537383,0.579269,0.550244,0.577903,0.581324,0.557091,0.455129,0.512944,0.512391,0.556266,0.520002,0.507697,0.506084,0.529943,0.546980,0.612761,0.580835,0.486546,0.554573,0.561058,0.444698,0.489799,0.622528,0.573020,0.566749,0.535441,0.574350,0.535391,0.502580,0.512879,0.616210,0.419363,0.580092,0.521864,0.562911,0.351177,0.571243,0.491287,0.550218,0.543307,0.499708,0.520910,0.513628,0.508426,0.496962,0.486972,0.577617,0.555747,0.506336,0.526144,0.456950,0.485852,0.527181,0.534322,0.514577,0.571127,0.557795,0.534150,0.589854,0.585911,0.657377,0.534953,0.528400,0.545349,0.501291,0.539720,0.525312,0.531912,0.516679,0.474738,0.490426,0.477722,0.598312,0.565271,0.574238,0.523506,0.558536,0.595091,0.565607,0.539951,0.587060,0.488274,0.529360,0.556310,0.530895,0.560394,0.523960,0.547541,0.479118,0.545252,0.583283,0.546489,0.569603,0.496522,0.595997,0.560463,0.565288,0.574541,0.424331,0.540725,0.532171,0.555731,0.546936,0.531559,0.486785,0.463316,0.514179,0.520307,0.503745,0.480477,0.533121,0.570620,0.566679,0.552085,0.500896,#
10,0.539840,0.582501,0.595718,0.485759,0.464913,0.502718,0.589924,0.513240,0.486990,0.560582,1.000000,0.544541,0.546945,0.528868,0.477852,0.555366,0.553486,0.541915,0.581405,0.514103,0.526759,0.522334,0.481091,0.601542,0.567307,0.515887,0.547234,0.572537,0.541390,0.501589,0.563757,0.484566,0.515614,0.539976,0.516141,0.575974,0.592087,0.544104,0.478143,0.534823,0.573294,0.494869,0.542546,0.510054,0.488862,0.555786,0.672234,0.569972,0.546214,0.634811,0.521743,0.539954,0.557169,0.465050,0.520844,0.599310,0.562152,0.642629,0.522027,0.589071,0.548236,0.563560,0.615371,0.548437,0.547933,0.511279,0.620131,0.544043,0.604116,0.475134,0.671715,0.621805,0.611965,0.434899,0.577728,0.606670,0.514831,0.602421,0.604471,0.486463,0.621320,0.523625,0.567585,0.543092,0.550434,0.520197,0.582171,0.495566,0.571305,0.636912,0.501680,0.564419,0.547336,0.482040,0.470226,0.560247,0.548294,0.585404,0.524627,0.540550,0.544931,0.512634,0.503952,0.582196,0.559949,0.521637,0.578971,0.519989,0.548300,0.571758,0.571746,0.498973,0.605837,0.532606,0.520084,0.578420,0.484930,0.573016,0.481843,0.518920,0.517544,0.607277,0.442293,0.554404,0.465229,0.472448,0.566544,0.509584,0.562066,0.598347,0.555032,0.598120,0.532353,0.567120,0.585730,0.592115,0.465091,0.542760,0.607196,0.541075,0.527838,0.531271,0.499257,0.602667,0.549500,0.597494,0.586968,0.540074,0.561799,0.588591,0.481812,0.500992,0.513218,0.493239,0.569475,0.481804,0.563712,0.586355,0.516508,0.498359,0.522895,0.511465,0.526890,0.574367,0.538580,0.554307,0.595289,0.491393,0.524960,0.567102,0.514205,0.617359,0.502869,0.534935,0.622567,0.539957,0.518645,0.534324,0.489844,0.592290,0.483995,0.504781,0.552320,0.483268,0.467216,0.536826,0.578362,0.533752,0.494720,0.546422,0.506882,0.505618,0.507835,0.630166,0.534832,0.502148,0.523848,0.580884,0.576068,0.598981,#
11,0.605631,0.524264,0.522544,0.539541,0.479270,0.509370,0.574189,0.435693,0.551082,0.502841,0.544541,1.000000,0.549774,0.571885,0.579249,0.561317,0.519246,0.565933,0.572673,0.536911,0.528603,0.541714,0.537576,0.574077,0.570233,0.528698,0.535995,0.524326,0.501136,0.459022,0.623435,0.580687,0.588126,0.567227,0.492797,0.594251,0.593469,0.613923,0.499114,0.544958,0.544015,0.485153,0.558849,0.525628,0.505355,0.440278,0.643233,0.571690,0.583013,0.613769,0.488024,0.432591,0.597718,0.518250,0.539264,0.551970,0.504056,0.612687,0.574738,0.656432,0.484156,0.522664,0.616927,0.507750,0.564118,0.510278,0.629398,0.625092,0.583107,0.572352,0.546645,0.553462,0.631686,0.503870,0.663938,0.595721,0.596002,0.615812,0.562354,0.483462,0.548483,0.530575,0.621702,0.571765,0.553323,0.517143,0.533510,0.538190,0.539410,0.507908,0.561032,0.509575,0.469582,0.573334,0.427760,0.563227,0.534149,0.546647,0.566215,0.551717,0.533393,0.575566,0.560253,0.538302,0.560581,0.481594,0.556896,0.559457,0.574587,0.558298,0.550080,0.603682,0.586971,0.501332,0.481243,0.551316,0.528835,0.552248,0.501229,0.575243,0.458484,0.524278,0.512487,0.662435,0.520963,0.468174,0.542356,0.564939,0.616215,0.583130,0.583269,0.562472,0.613171,0.553118,0.549724,0.588055,0.530098,0.586978,0.563736,0.565193,0.501359,0.436104,0.551906,0.589266,0.560957,0.563309,0.554698,0.483544,0.495486,0.472692,0.560148,0.490551,0.537937,0.599538,0.523212,0.474667,0.558611,0.537324,0.523591,0.547428,0.568337,0.581404,0.567652,0.574856,0.628890,0.589264,0.596644,0.518283,0.504365,0.568027,0.591861,0.528178,0.583834,0.608339,0.580307,0.508330,0.520438,0.487485,0.563679,0.568417,0.513345,0.535574,0.577468,0.444920,0.507924,0.451987,0.566186,0.536623,0.466964,0.506617,0.581386,0.592588,0.584446,0.527842,0.528704,0.513961,0.517165,0.595630,0.588922,0.535960,#
12,0.577291,0.572973,0.507300,0.563512,0.393287,0.514188,0.525901,0.514351,0.517767,0.529677,0.546945,0.549774,1.000000,0.515879,0.517815,0.491725,0.467699,0.501146,0.564845,0.460061,0.510769,0.485689,0.516025,0.549968,0.593059,0.525057,0.521174,0.524847,0.480357,0.449404,0.543586,0.459310,0.506316,0.544621,0.565527,0.577186,0.532714,0.535576,0.472837,0.515132,0.431879,0.440428,0.500661,0.558361,0.535025,0.534514,0.674154,0.553433,0.561480,0.643920,0.567049,0.378917,0.520159,0.542980,0.555291,0.552540,0.515057,0.471934,0.565464,0.534288,0.458897,0.552050,0.581580,0.480858,0.542206,0.537629,0.531159,0.539861,0.618544,0.543194,0.573397,0.582320,0.615171,0.521249,0.560172,0.545446,0.505399,0.621472,0.553503,0.575574,0.608807,0.561482,0.576695,0.507042,0.523375,0.546912,0.477625,0.536524,0.489745,0.517718,0.611148,0.469997,0.543066,0.537749,0.430699,0.569532,0.580152,0.433567,0.475826,0.477331,0.514591,0.543338,0.514934,0.507754,0.487285,0.459881,0.473254,0.557620,0.548225,0.520724,0.548099,0.569538,0.560620,0.439806,0.583461,0.565498,0.386687,0.491975,0.541508,0.557559,0.455657,0.591066,0.477179,0.609669,0.496809,0.572591,0.505180,0.495479,0.480776,0.545367,0.379487,0.488920,0.518809,0.505613,0.465568,0.470103,0.438236,0.506926,0.532139,0.445559,0.537957,0.447219,0.403546,0.556614,0.442959,0.539429,0.546961,0.488425,0.505987,0.560313,0.540696,0.437882,0.524763,0.453943,0.519671,0.540854,0.557910,0.650332,0.586438,0.478056,0.533795,0.578145,0.544712,0.495846,0.586917,0.479748,0.506889,0.568700,0.461801,0.537501,0.584402,0.431094,0.583031,0.509325,0.567722,0.457283,0.563400,0.543482,0.423474,0.472764,0.478325,0.564809,0.498830,0.404974,0.410295,0.474715,0.533196,0.502760,0.539195,0.495988,0.486363,0.488324,0.456569,0.481824,0.453135,0.553687,0.501366,0.558386,0.573047,0.513431,#
13,0.492694,0.555882,0.510628,0.520720,0.433995,0.508113,0.544786,0.481280,0.515710,0.535067,0.528868,0.571885,0.515879,1.000000,0.534155,0.473172,0.439524,0.573656,0.542713,0.501423,0.553000,0.484586,0.563745,0.525699,0.562681,0.547523,0.497541,0.539579,0.495105,0.554521,0.501943,0.486192,0.531910,0.554665,0.398733,0.535441,0.547862,0.587392,0.448554,0.580575,0.637771,0.526302,0.575524,0.495465,0.553113,0.558559,0.561542,0.557059,0.594736,0.595341,0.532630,0.509906,0.505426,0.464328,0.544570,0.562619,0.588858,0.588718,0.605324,0.588075,0.488395,0.580116,0.521214,0.486736,0.577480,0.573107,0.621668,0.629132,0.621552,0.507823,0.521970,0.549932,0.638262,0.534037,0.526200,0.539843,0.569070,0.584147,0.576691,0.527514,0.588573,0.555289,0.554871,0.625626,0.486374,0.594151,0.492507,0.510064,0.631844,0.498274,0.512414,0.601652,0.508819,0.555229,0.441050,0.514304,0.541455,0.500777,0.536239,0.553964,0.508268,0.530328,0.580007,0.548745,0.560408,0.520560,0.512912,0.584324,0.525500,0.525759,0.499817,0.532544,0.590628,0.485201,0.548429,0.581524,0.477225,0.560502,0.510007,0.507492,0.520772,0.535525,0.524092,0.528601,0.480768,0.505171,0.546895,0.518793,0.534018,0.554063,0.517122,0.485673,0.520272,0.565380,0.509827,0.534461,0.518077,0.565693,0.633073,0.484924,0.523122,0.509946,0.524034,0.531774,0.501158,0.568637,0.572633,0.504827,0.558443,0.481477,0.546320,0.482409,0.517118,0.518797,0.484451,0.447861,0.546282,0.517177,0.527118,0.511830,0.544332,0.556638,0.565865,0.559163,0.563529,0.547708,0.556694,0.511207,0.481168,0.533953,0.540525,0.548884,0.572466,0.589882,0.614841,0.534921,0.545279,0.502674,0.566716,0.560153,0.534951,0.513049,0.616984,0.473914,0.493866,0.537643,0.483795,0.502927,0.479983,0.543010,0.568035,0.524836,0.544597,0.575329,0.543857,0.509642,0.518200,0.633728,0.567494,0.520193,#
14,0.604733,0.548300,0.548449,0.552258,0.459055,0.530754,0.455351,0.533314,0.512468,0.558133,0.477852,0.579249,0.517815,0.534155,1.000000,0.474027,0.483087,0.557551,0.431035,0.549809,0.489031,0.549910,0.535672,0.616346,0.547311,0.472044,0.525385,0.547194,0.469204,0.488385,0.650170,0.462213,0.522543,0.490703,0.578808,0.577130,0.542156,0.561882,0.560653,0.493704,0.521661,0.527867,0.480644,0.516370,0.473701,0.560846,0.618948,0.486410,0.551949,0.550696,0.494074,0.510061,0.523057,0.495572,0.535644,0.552151,0.555413,0.519827,0.575953,0.502261,0.492440,0.518038,0.570128,0.472339,0.504976,0.493552,0.567932,0.522110,0.593010,0.507700,0.558926,0.507680,0.642376,0.506183,0.573068,0.560587,0.496417,0.558817,0.473324,0.490406,0.573264,0.519062,0.598843,0.583980,0.512078,0.513400,0.483799,0.513024,0.552904,0.506499,0.538240,0.462679,0.525064,0.617221,0.526954,0.502343,0.500497,0.514917,0.517173,0.510139,0.498483,0.556426,0.507725,0.489165,0.519454,0.475176,0.511626,0.470981,0.617371,0.564048,0.504888,0.555844,0.596069,0.470640,0.430174,0.496528,0.417908,0.463383,0.496262,0.564872,0.495709,0.502801,0.504627,0.557173,0.517518,0.425268,0.504741,0.530521,0.468136,0.512346,0.477999,0.592470,0.498720,0.493188,0.521094,0.497684,0.548902,0.532574,0.516939,0.514969,0.526915,0.516365,0.446726,0.623764,0.540108,0.609303,0.589870,0.442805,0.515535,0.461382,0.604960,0.453542,0.553139,0.479705,0.508343,0.449469,0.483445,0.510748,0.470479,0.542303,0.534954,0.527572,0.525047,0.481068,0.599283,0.553867,0.457794,0.488821,0.437627,0.518751,0.511080,0.422300,0.525176,0.543798,0.562476,0.469598,0.453851,0.516375,0.539240,0.563197,0.525574,0.520161,0.541623,0.465858,0.507948,0.523722,0.544678,0.495210,0.518929,0.482379,0.518086,0.538644,0.518233,0.479512,0.431927,0.457448,0.512187,0.576668,0.473480,0.415613,#
15,0.520001,0.539360,0.509418,0.485128,0.471185,0.504232,0.678708,0.468453,0.541314,0.518580,0.555366,0.561317,0.491725,0.473172,0.474027,1.000000,0.549345,0.579142,0.525318,0.491529,0.484320,0.530066,0.441116,0.572212,0.568532,0.521611,0.457969,0.501976,0.492957,0.370338,0.604393,0.538879,0.557815,0.621071,0.479739,0.583470,0.545570,0.577988,0.435373,0.490715,0.477864,0.441882,0.529257,0.541432,0.486745,0.505429,0.624576,0.530109,0.568732,0.600797,0.505670,0.480262,0.494156,0.492954,0.486837,0.540338,0.552733,0.550270,0.521856,0.543534,0.543713,0.539883,0.558006,0.481591,0.541660,0.490906,0.546407,0.583989,0.570165,0.472454,0.574448,0.559167,0.541053,0.480239,0.517812,0.496467,0.501755,0.564762,0.587806,0.493521,0.517571,0.524709,0.550090,0.551461,0.511991,0.502383,0.480164,0.466190,0.508933,0.431089,0.492712,0.543012,0.473285,0.561523,0.384041,0.507841,0.540096,0.527324,0.518523,0.511551,0.518958,0.565297,0.516691,0.551972,0.554117,0.419967,0.516763,0.544320,0.539048,0.545615,0.451189,0.454984,0.611387,0.461497,0.541676,0.529335,0.420180,0.488597,0.446849,0.571653,0.379920,0.607439,0.452635,0.545101,0.487165,0.500237,0.521013,0.507133,0.534655,0.586739,0.577947,0.560271,0.460153,0.445828,0.514402,0.532741,0.539113,0.476805,0.480977,0.543295,0.524277,0.449667,0.475178,0.543419,0.554747,0.568662,0.520354,0.472595,0.514889,0.503061,0.552765,0.599572,0.529649,0.495873,0.528727,0.476828,0.496921,0.497133,0.560774,0.492777,0.461080,0.512851,0.563631,0.593107,0.503532,0.528609,0.506473,0.453316,0.488899,0.565667,0.482729,0.547533,0.474897,0.604582,0.550144,0.543499,0.502813,0.487694,0.557913,0.554086,0.534027,0.498669,0.501037,0.483930,0.537841,0.429281,0.501284,0.452206,0.504309,0.529637,0.467806,0.558916,0.474431,0.527724,0.471046,0.539833,0.491856,0.511178,0.593100,0.517846,#
16,0.583377,0.565419,0.561888,0.567728,0.443568,0.542314,0.629950,0.457556,0.474286,0.532647,0.553486,0.519246,0.467699,0.439524,0.483087,0.549345,1.000000,0.564964,0.614999,0.561391,0.623254,0.396547,0.474842,0.526131,0.549868,0.563799,0.529123,0.500302,0.420448,0.479577,0.625047,0.564025,0.534051,0.455081,0.551669,0.554989,0.581622,0.608922,0.484461,0.587312,0.482724,0.497420,0.517705,0.496689,0.494512,0.528020,0.604388,0.533631,0.518897,0.613840,0.514295,0.474049,0.515201,0.494144,0.523677,0.612441,0.474281,0.558505,0.514183,0.513365,0.538042,0.561620,0.553051,0.474962,0.529566,0.523127,0.604899,0.598846,0.603809,0.541156,0.612019,0.546886,0.584885,0.462789,0.551826,0.501950,0.503858,0.590111,0.508349,0.562661,0.666164,0.539363,0.559784,0.560340,0.520039,0.528714,0.518301,0.442746,0.502964,0.515339,0.417555,0.507060,0.512058,0.486950,0.480021,0.579766,0.502661,0.517176,0.544021,0.532893,0.549131,0.563709,0.514541,0.566271,0.540524,0.441363,0.555482,0.520346,0.659956,0.547150,0.501652,0.513552,0.565174,0.516833,0.529132,0.580588,0.583090,0.536321,0.467159,0.421613,0.353598,0.509930,0.484043,0.545870,0.564201,0.491863,0.522203,0.449509,0.497426,0.479448,0.588460,0.545929,0.554115,0.524902,0.495293,0.576781,0.500015,0.485622,0.536918,0.490296,0.484810,0.510331,0.521166,0.493429,0.493135,0.552174,0.573596,0.520798,0.523626,0.450847,0.523086,0.507716,0.417577,0.488752,0.569268,0.473012,0.441202,0.513177,0.466314,0.504465,0.545347,0.467332,0.598222,0.520271,0.608383,0.576327,0.519073,0.481706,0.496497,0.571016,0.454543,0.549748,0.524058,0.575025,0.541164,0.501277,0.477929,0.596246,0.574085,0.569436,0.542577,0.493398,0.489760,0.499832,0.421255,0.457176,0.536915,0.512093,0.555576,0.526435,0.522817,0.552888,0.533231,0.538681,0.566044,0.599698,0.571599,0.573684,0.531758,0.559358,#
17,0.600057,0.536674,0.596657,0.513307,0.497172,0.542695,0.627605,0.569977,0.516112,0.589830,0.541915,0.565933,0.501146,0.573656,0.557551,0.579142,0.564964,1.000000,0.534502,0.594008,0.550166,0.507113,0.513471,0.505945,0.656627,0.571648,0.540332,0.519034,0.501918,0.501341,0.614904,0.566478,0.499127,0.474217,0.456458,0.502951,0.559613,0.646599,0.542553,0.607452,0.566348,0.539710,0.500873,0.545310,0.498326,0.562251,0.628022,0.608185,0.594184,0.620819,0.524320,0.434739,0.562480,0.472778,0.557036,0.578317,0.564950,0.563402,0.553374,0.583391,0.525289,0.522813,0.625519,0.478856,0.514872,0.550115,0.684122,0.563040,0.595939,0.473467,0.620142,0.549762,0.587572,0.558384,0.602592,0.515459,0.544288,0.645671,0.583067,0.558501,0.627515,0.604212,0.596754,0.632171,0.493984,0.517715,0.578494,0.515016,0.533776,0.557558,0.542758,0.505886,0.532497,0.561451,0.518807,0.575220,0.543619,0.484759,0.584557,0.609945,0.522378,0.516975,0.499670,0.496858,0.528905,0.484598,0.530325,0.555993,0.554237,0.596655,0.560457,0.471186,0.608419,0.532678,0.603145,0.554643,0.452848,0.527421,0.543743,0.572841,0.487943,0.556580,0.484513,0.528538,0.526754,0.519529,0.511289,0.584261,0.514447,0.544411,0.558195,0.624743,0.595116,0.517503,0.533410,0.547693,0.576113,0.537590,0.526301,0.576406,0.524162,0.513751,0.563476,0.583093,0.620602,0.572250,0.536778,0.480905,0.551000,0.519590,0.589099,0.529010,0.525966,0.553109,0.534893,0.523370,0.597962,0.496982,0.534983,0.541851,0.523110,0.526037,0.585405,0.512748,0.563090,0.540286,0.481235,0.424169,0.520244,0.533585,0.550942,0.520758,0.574978,0.521503,0.621225,0.502172,0.552076,0.576146,0.582445,0.629362,0.586685,0.569754,0.543322,0.517347,0.508082,0.467038,0.571659,0.561644,0.480802,0.507136,0.527770,0.581907,0.506458,0.540633,0.461430,0.570542,0.543575,0.563702,0.591820,0.463097,#
18,0.566923,0.570997,0.560606,0.528443,0.395132,0.564257,0.543717,0.493322,0.413130,0.463286,0.581405,0.572673,0.564845,0.542713,0.431035,0.525318,0.614999,0.534502,1.000000,0.517081,0.521428,0.533705,0.488233,0.497703,0.519477,0.535174,0.568142,0.499745,0.460872,0.522953,0.511968,0.563208,0.541323,0.539448,0.540932,0.598893,0.540491,0.616834,0.518333,0.576669,0.550503,0.507626,0.588495,0.454056,0.533701,0.546174,0.613296,0.627047,0.570686,0.570818,0.496923,0.456083,0.567799,0.447659,0.560006,0.564523,0.531235,0.500841,0.546364,0.625662,0.537390,0.565653,0.527441,0.501609,0.575683,0.480867,0.578980,0.530009,0.544843,0.575920,0.610427,0.520665,0.585320,0.484435,0.587632,0.500732,0.494830,0.588438,0.523608,0.471040,0.598043,0.508235,0.561716,0.565142,0.591366,0.619569,0.438239,0.522948,0.576908,0.495701,0.506573,0.494066,0.516735,0.538804,0.506305,0.548462,0.523297,0.532263,0.577412,0.517491,0.516505,0.507496,0.514807,0.532534,0.544429,0.531418,0.477778,0.583779,0.581589,0.571839,0.577947,0.498876,0.574851,0.458300,0.488209,0.567560,0.518439,0.512381,0.550632,0.523000,0.494552,0.521734,0.444446,0.568220,0.558558,0.455331,0.615168,0.507991,0.544145,0.511670,0.511478,0.563319,0.577571,0.498448,0.486285,0.520817,0.542078,0.535510,0.576809,0.506831,0.476212,0.528279,0.458365,0.548361,0.565447,0.543721,0.540123,0.486568,0.570101,0.487433,0.512939,0.438201,0.554947,0.473979,0.572558,0.586964,0.503812,0.541156,0.445143,0.443508,0.602057,0.584288,0.611709,0.534380,0.557215,0.513409,0.604217,0.441050,0.426470,0.559910,0.542665,0.534686,0.542301,0.604305,0.561347,0.506144,0.474592,0.524729,0.555486,0.550167,0.518936,0.531377,0.503211,0.445252,0.483107,0.470575,0.519152,0.509598,0.491213,0.542183,0.493692,0.595710,0.490439,0.599143,0.556823,0.533068,0.512509,0.629183,0.547284,0.568944,#
19,0.561799,0.538535,0.579987,0.518686,0.497289,0.615684,0.512290,0.532082,0.546182,0.474231,0.514103,0.536911,0.460061,0.501423,0.549809,0.491529,0.561391,0.594008,0.517081,1.000000,0.553936,0.463234,0.442675,0.528355,0.579313,0.536615,0.525518,0.513251,0.416209,0.506419,0.592551,0.598225,0.568328,0.496474,0.515359,0.632791,0.552900,0.593342,0.537065,0.558064,0.544677,0.539785,0.499659,0.521655,0.461981,0.561729,0.633132,0.535884,0.571050,0.581035,0.522375,0.439293,0.577117,0.495685,0.532883,0.528356,0.533442,0.535857,0.524359,0.510768,0.467623,0.495673,0.599712,0.516580,0.535178,0.542912,0.617509,0.536197,0.639738,0.540257,0.569713,0.524219,0.585475,0.476094,0.533109,0.505523,0.471251,0.578323,0.485916,0.465292,0.650076,0.487190,0.591314,0.539259,0.528605,0.482000,0.496395,0.504635,0.620806,0.508076,0.521587,0.512364,0.422264,0.541928,0.466953,0.481151,0.515946,0.565967,0.529559,0.584181,0.515592,0.506815,0.520396,0.529527,0.538397,0.397637,0.521953,0.482382,0.532061,0.502072,0.521581,0.446408,0.564138,0.459061,0.492421,0.498531,0.529051,0.534684,0.567622,0.464797,0.511170,0.501160,0.474295,0.626243,0.504459,0.517539,0.494440,0.525156,0.582527,0.561119,0.588264,0.636253,0.571698,0.548662,0.453239,0.554382,0.446768,0.538216,0.513521,0.469416,0.517395,0.505215,0.425500,0.480099,0.549329,0.517372,0.480849,0.443712,0.562094,0.489187,0.507874,0.478307,0.499971,0.523227,0.589543,0.455685,0.596427,0.514099,0.519468,0.499242,0.521240,0.560658,0.496331,0.576524,0.632061,0.582070,0.471302,0.517204,0.458987,0.492087,0.498599,0.584730,0.570700,0.559193,0.601006,0.415031,0.531132,0.540446,0.579959,0.514030,0.494973,0.538591,0.564823,0.488287,0.478194,0.450924,0.469578,0.518708,0.500021,0.570235,0.533535,0.543470,0.474945,0.545059,0.528306,0.506859,0.539281,0.520266,0.541049,0.477543,#
20,0.556097,0.627964,0.536272,0.571009,0.492373,0.528666,0.546388,0.549645,0.525646,0.575417,0.526759,0.528603,0.510769,0.553000,0.489031,0.484320,0.623254,0.550166,0.521428,0.553936,1.000000,0.517040,0.463755,0.575866,0.589154,0.612558,0.480833,0.526823,0.482473,0.485145,0.609236,0.540246,0.568177,0.554968,0.520819,0.575907,0.516674,0.554808,0.460268,0.592936,0.559045,0.558927,0.500435,0.498142,0.580889,0.495538,0.611258,0.561316,0.536462,0.571591,0.546007,0.509480,0.516726,0.490561,0.543843,0.506393,0.429830,0.527008,0.561080,0.550885,0.534011,0.539169,0.621527,0.470410,0.535740,0.609831,0.645781,0.560274,0.602267,0.470961,0.548416,0.578776,0.599175,0.511582,0.489754,0.468450,0.555791,0.593959,0.572671,0.560531,0.597441,0.574261,0.586209,0.531321,0.505357,0.583558,0.552321,0.541095,0.596371,0.582166,0.532570,0.525268,0.486171,0.579751,0.495442,0.552400,0.516939,0.460924,0.542463,0.522238,0.624682,0.532239,0.510618,0.620400,0.578092,0.467463,0.615578,0.545597,0.579852,0.621075,0.523907,0.572282,0.516057,0.429605,0.531932,0.530750,0.531260,0.558465,0.436660,0.449097,0.455356,0.550000,0.486264,0.596957,0.515188,0.533196,0.471785,0.486456,0.499438,0.552421,0.554739,0.541366,0.630248,0.553902,0.511102,0.564528,0.444608,0.568023,0.543210,0.548144,0.495238,0.496720,0.475939,0.523519,0.540511,0.535346,0.596416,0.487648,0.490510,0.496228,0.569842,0.507784,0.513365,0.513592,0.562520,0.506965,0.500042,0.597851,0.504842,0.527305,0.565057,0.533717,0.562833,0.555701,0.603792,0.538687,0.511504,0.521223,0.470202,0.508575,0.572278,0.477962,0.562559,0.564950,0.565980,0.488975,0.508633,0.569291,0.550986,0.611674,0.539950,0.536612,0.547000,0.472776,0.477268,0.539451,0.507216,0.507340,0.497124,0.508956,0.515441,0.561526,0.589581,0.561105,0.572409,0.558558,0.586310,0.592463,0.573896,0.527424,#
21,0.522286,0.658091,0.579598,0.593951,0.516745,0.521215,0.530785,0.489247,0.540562,0.502100,0.522334,0.541714,0.485689,0.484586,0.549910,0.530066,0.396547,0.507113,0.533705,0.463234,0.517040,1.000000,0.517737,0.613275,0.498951,0.472277,0.542287,0.489076,0.562349,0.455595,0.518888,0.452336,0.558436,0.586669,0.560739,0.627487,0.504490,0.531197,0.505978,0.540999,0.467288,0.571684,0.503558,0.557824,0.521839,0.566255,0.596558,0.570740,0.552600,0.613317,0.451031,0.486788,0.548737,0.485923,0.587693,0.541093,0.497356,0.484946,0.632994,0.506479,0.514224,0.516457,0.488494,0.462198,0.505639,0.512009,0.593812,0.486628,0.584427,0.603018,0.520509,0.621544,0.634239,0.525575,0.569075,0.562238,0.511725,0.544977,0.533826,0.503534,0.498360,0.503109,0.629587,0.539024,0.555876,0.524961,0.492083,0.571486,0.559828,0.562295,0.532936,0.476842,0.572836,0.592659,0.520209,0.567784,0.572067,0.489866,0.527693,0.524062,0.574163,0.579027,0.386594,0.563788,0.498970,0.541527,0.498965,0.603778,0.468978,0.599799,0.554667,0.492560,0.557213,0.510295,0.441104,0.441809,0.473072,0.645754,0.514372,0.604205,0.486196,0.497684,0.454773,0.541994,0.465502,0.469857,0.527456,0.493353,0.533709,0.577662,0.541665,0.597259,0.475688,0.557512,0.553885,0.493527,0.463780,0.465076,0.505722,0.568469,0.542268,0.470401,0.413976,0.561325,0.520650,0.516583,0.490785,0.447921,0.494192,0.559326,0.565171,0.538690,0.535728,0.523580,0.476723,0.472729,0.533598,0.566158,0.484239,0.519793,0.477889,0.590681,0.581953,0.536410,0.579038,0.548937,0.515077,0.431267,0.383121,0.505583,0.555239,0.453515,0.572721,0.521251,0.522330,0.510081,0.385644,0.519606,0.561197,0.561879,0.542048,0.565387,0.516353,0.485343,0.472644,0.547288,0.534227,0.475487,0.438649,0.510220,0.511325,0.518307,0.546962,0.505884,0.531702,0.481081,0.542992,0.561880,0.486895,0.587866,#
