0,1.000000,0.383925,0.422541,0.314449,0.361961,0.343232,0.369623,0.287417,0.357929,0.364694,0.435061,0.378199,0.351835,0.329244,0.427090,0.396573,0.394596,0.483879,0.374386,0.366352,0.435549,0.452410,0.382385,0.434343,0.401566,0.322524,0.416609,0.451480,0.447370,0.402030,0.327960,0.327787,0.395761,0.358939,0.267798,0.353052,0.401622,0.371922,0.411899,0.461886,0.280087,0.395370,0.288238,0.388613,0.349462,0.380821,0.438638,0.394375,0.439806,0.420935,0.491507,0.271167,0.360474,0.342275,0.412332,0.356695,0.411472,0.396649,0.288155,0.319552,0.365004,0.266511,0.415366,0.353061,0.409113,0.271548,0.378986,0.398300,0.384041,0.388216,0.501977,0.393720,0.423600,0.401354,0.350480,0.292323,0.296863,0.410504,0.396417,0.312170,0.430090,0.344348,0.397758,0.421993,0.394557,0.399537,0.420320,0.368571,0.469424,0.366448,0.419799,0.340964,0.336962,0.355916,0.409271,0.410468,0.412444,0.368756,0.368712,0.350246,0.392832,0.444225,0.351835,0.405782,0.326718,0.391589,0.398974,0.370455,0.365802,0.296519,0.292019,0.419259,0.341900,0.433186,0.280543,0.422076,0.455092,0.303818,0.421541,0.356390,0.482154,0.348437,0.357019,0.333219,0.343885,0.480596,0.292909,0.302747,0.370911,0.442553,0.389495,0.474561,0.381057,0.333349,0.396047,0.272062,0.426062,0.365238,0.413408,0.509610,0.355836,0.355675,0.374196,0.299100,0.404924,0.388488,0.370729,0.264321,0.409955,0.361747,0.380178,0.270972,0.365088,0.313317,0.366699,0.292705,0.241312,0.283989,0.416209,0.431761,0.381545,0.389130,0.236781,0.384053,0.450207,0.223853,0.272073,0.303559,0.398113,0.338861,0.480120,0.191817,0.423982,0.509821,0.344844,0.341539,0.391180,0.342786,0.407160,0.351337,0.388511,0.489284,0.307973,0.300940,0.313463,0.409087,0.405297,0.500809,0.433893,0.230070,0.319603,0.392032,0.262330,0.257398,0.368165,0.273954,0.310082,0.348742,0.415042,0.423821,#
1,0.383925,1.000000,0.327161,0.374950,0.426609,0.343554,0.378921,0.340667,0.297351,0.293545,0.443147,0.404312,0.338938,0.412789,0.344800,0.281289,0.302991,0.389038,0.412127,0.390354,0.345991,0.470987,0.309360,0.383219,0.433226,0.412823,0.472028,0.484109,0.411424,0.340842,0.391268,0.391337,0.431097,0.378359,0.298923,0.257827,0.395496,0.384023,0.418683,0.334861,0.328879,0.375726,0.415709,0.366948,0.345667,0.402398,0.493580,0.436653,0.326000,0.319831,0.486233,0.262594,0.462664,0.340841,0.349153,0.335755,0.415576,0.406016,0.394814,0.417027,0.336105,0.327628,0.368149,0.397230,0.387426,0.343070,0.285445,0.409642,0.434663,0.359455,0.405632,0.333609,0.470314,0.269936,0.418726,0.248748,0.385547,0.364657,0.463825,0.396476,0.406332,0.466529,0.469628,0.426987,0.309223,0.261367,0.405854,0.343931,0.433343,0.437948,0.425668,0.435486,0.310542,0.366859,0.295911,0.375938,0.336176,0.326173,0.282090,0.299015,0.320865,0.327504,0.401949,0.385476,0.352240,0.343784,0.394460,0.415817,0.318624,0.406496,0.423273,0.395714,0.347915,0.440391,0.373297,0.441035,0.457259,0.306460,0.367597,0.358184,0.340593,0.392184,0.408009,0.405210,0.407333,0.424843,0.365526,0.339987,0.347080,0.388782,0.387050,0.413218,0.315667,0.359850,0.491309,0.391001,0.354668,0.391001,0.431080,0.466946,0.424075,0.236622,0.263008,0.262348,0.437791,0.361990,0.366322,0.188093,0.362657,0.364393,0.286207,0.362387,0.323804,0.265740,0.384602,0.340624,0.325992,0.311254,0.314522,0.237540,0.261717,0.441223,0.290891,0.371113,0.358603,0.320447,0.254332,0.358292,0.385756,0.453144,0.431339,0.362810,0.320202,0.390321,0.405741,0.332321,0.249425,0.423959,0.389449,0.333507,0.358684,0.375718,0.326911,0.339653,0.406904,0.446788,0.313723,0.473763,0.308140,0.314405,0.432332,0.393874,0.234927,0.307114,0.409136,0.372438,0.244787,0.369129,0.297534,0.362482,#
2,0.422541,0.327161,1.000000,0.410303,0.241314,0.350976,0.339612,0.302797,0.218865,0.219171,0.182009,0.367741,0.302268,0.350263,0.310558,0.363208,0.295325,0.333328,0.386955,0.315857,0.369873,0.424395,0.373049,0.389254,0.434754,0.348288,0.431256,0.346301,0.349224,0.308101,0.343379,0.305581,0.348957,0.291273,0.215118,0.293418,0.377036,0.351863,0.334672,0.334997,0.378327,0.389059,0.364713,0.275307,0.250737,0.429980,0.361061,0.367821,0.305773,0.349602,0.406746,0.383153,0.405017,0.317883,0.258752,0.358861,0.243942,0.367290,0.287024,0.339786,0.195890,0.315799,0.326588,0.421251,0.425657,0.374313,0.314883,0.302667,0.357807,0.428725,0.288555,0.246778,0.281731,0.306702,0.363743,0.340438,0.313118,0.387440,0.334237,0.380460,0.444334,0.258630,0.320771,0.358825,0.224590,0.336562,0.413038,0.360537,0.290590,0.345203,0.324376,0.331065,0.353884,0.310712,0.331576,0.323440,0.378676,0.270479,0.338754,0.257610,0.345925,0.386055,0.345325,0.343220,0.350870,0.283370,0.307506,0.297849,0.295220,0.345483,0.374785,0.370150,0.313130,0.309048,0.208149,0.360365,0.318141,0.359893,0.187462,0.225162,0.341086,0.310853,0.320331,0.269958,0.332712,0.318843,0.273537,0.286000,0.333544,0.337337,0.301720,0.422968,0.334662,0.274327,0.333598,0.372746,0.328928,0.349626,0.274151,0.282565,0.205526,0.250722,0.401453,0.242086,0.483220,0.265730,0.332864,0.230592,0.439306,0.325710,0.328209,0.326045,0.317631,0.297847,0.199404,0.224162,0.215028,0.260388,0.317865,0.304354,0.401052,0.432681,0.299873,0.407893,0.360068,0.194859,0.280191,0.341976,0.266221,0.338343,0.285740,0.347056,0.280119,0.320473,0.422716,0.369861,0.443990,0.343124,0.406022,0.325125,0.393784,0.325734,0.183631,0.277183,0.240357,0.381600,0.340628,0.355716,0.353245,0.146143,0.275117,0.330814,0.353120,0.243797,0.374529,0.230969,0.263947,0.258182,0.430980,0.362576,#
3,0.314449,0.374950,0.410303,1.000000,0.319234,0.276037,0.360675,0.328071,0.309650,0.273842,0.308974,0.353988,0.282364,0.344228,0.301025,0.297519,0.277918,0.381029,0.336020,0.367297,0.344635,0.354789,0.368208,0.424133,0.416517,0.357975,0.391998,0.324131,0.372344,0.290017,0.379972,0.422386,0.392089,0.408968,0.159135,0.291940,0.432824,0.423535,0.439561,0.281648,0.369407,0.370592,0.407406,0.343413,0.286992,0.469672,0.437537,0.400691,0.259307,0.356449,0.472419,0.317778,0.351858,0.298846,0.206029,0.419722,0.314981,0.346744,0.287420,0.403977,0.281208,0.247101,0.334415,0.387876,0.406083,0.390520,0.254228,0.409438,0.338488,0.367428,0.401981,0.245358,0.322971,0.338447,0.393004,0.362942,0.283877,0.431235,0.383276,0.323711,0.400618,0.360943,0.378971,0.401618,0.338825,0.321927,0.380352,0.303469,0.381927,0.413013,0.359346,0.363475,0.317383,0.429877,0.245672,0.360128,0.387674,0.210080,0.407625,0.267220,0.371938,0.354165,0.415642,0.364662,0.421945,0.312795,0.326823,0.359295,0.263237,0.313814,0.357818,0.338191,0.294268,0.362862,0.235185,0.338768,0.389341,0.308186,0.308454,0.300053,0.430579,0.311668,0.367845,0.398607,0.360774,0.364514,0.325839,0.284854,0.271951,0.414700,0.331896,0.380322,0.414651,0.425818,0.384425,0.338692,0.297608,0.290205,0.427796,0.376480,0.360164,0.276839,0.353719,0.287429,0.402815,0.223423,0.367816,0.337319,0.397266,0.344032,0.320425,0.256413,0.246113,0.322799,0.280076,0.255264,0.291424,0.305401,0.252601,0.410105,0.422032,0.364488,0.398858,0.533558,0.391899,0.273582,0.328097,0.261092,0.286358,0.382020,0.402318,0.250350,0.284690,0.297975,0.341170,0.268478,0.293780,0.292377,0.310391,0.316842,0.371151,0.487431,0.405804,0.329673,0.222554,0.329684,0.262060,0.410643,0.250381,0.246404,0.336687,0.360507,0.371184,0.264719,0.252748,0.343814,0.355182,0.324248,0.383151,0.352719,#
4,0.361961,0.426609,0.241314,0.319234,1.000000,0.221308,0.381700,0.250276,0.336782,0.255276,0.288204,0.257000,0.357790,0.310884,0.219871,0.243127,0.174222,0.301390,0.384841,0.356317,0.307073,0.339708,0.363348,0.365404,0.306030,0.407692,0.299472,0.376376,0.371695,0.182050,0.266742,0.273589,0.397372,0.249139,0.212757,0.262973,0.307387,0.406063,0.245797,0.301733,0.314497,0.376054,0.298668,0.315991,0.444019,0.305605,0.427465,0.375073,0.322838,0.376281,0.342274,0.178175,0.355667,0.355208,0.321904,0.304584,0.270004,0.308118,0.287082,0.306920,0.353727,0.254385,0.273968,0.242408,0.253445,0.212478,0.298697,0.267876,0.303766,0.276125,0.331981,0.313290,0.273910,0.288461,0.271805,0.072143,0.211831,0.325247,0.242135,0.219851,0.425010,0.406198,0.258469,0.314838,0.314414,0.251934,0.277898,0.289446,0.393435,0.404443,0.351931,0.352286,0.158986,0.309475,0.158750,0.366573,0.267516,0.395029,0.329144,0.268160,0.351039,0.214601,0.311203,0.370638,0.318815,0.244911,0.244893,0.286429,0.232299,0.329573,0.426419,0.249581,0.295969,0.474523,0.278210,0.181178,0.326535,0.089247,0.335157,0.249721,0.270706,0.343207,0.372241,0.243001,0.327629,0.344533,0.277931,0.266649,0.146235,0.224365,0.254846,0.349723,0.284349,0.247000,0.378057,0.249044,0.264713,0.208770,0.254049,0.365969,0.304268,0.116802,0.227223,0.300545,0.337974,0.268259,0.349866,0.193781,0.298943,0.349847,0.326459,0.247345,0.263554,0.294732,0.199068,0.231653,0.411073,0.283759,0.231246,0.306705,0.235897,0.266245,0.200761,0.377078,0.287055,0.350366,0.211056,0.202341,0.272710,0.339231,0.341347,0.196097,0.244740,0.259741,0.302579,0.193134,0.301634,0.211239,0.301467,0.218987,0.199878,0.242449,0.259364,0.274993,0.255733,0.264880,0.250131,0.477012,0.315185,0.203473,0.263555,0.268350,0.271959,0.205864,0.236290,0.311781,0.314473,0.443156,0.290304,0.256412,#
5,0.343232,0.343554,0.350976,0.276037,0.221308,1.000000,0.274984,0.281829,0.265654,0.358387,0.248808,0.299609,0.303391,0.227568,0.302935,0.317028,0.271578,0.355008,0.312642,0.208622,0.317047,0.325189,0.311996,0.422916,0.312709,0.283275,0.343346,0.371073,0.361494,0.288461,0.224647,0.415643,0.366881,0.263568,0.229538,0.171142,0.418670,0.265129,0.354309,0.352390,0.297953,0.321822,0.188433,0.351707,0.217021,0.377078,0.319328,0.212637,0.329374,0.369144,0.371301,0.248225,0.314706,0.201218,0.282082,0.287568,0.174348,0.391427,0.329526,0.294807,0.293282,0.320533,0.325843,0.286470,0.331402,0.278832,0.321986,0.318082,0.265157,0.243300,0.393576,0.249922,0.351798,0.409135,0.281155,0.203449,0.316385,0.289169,0.295878,0.301383,0.357244,0.316127,0.395054,0.196268,0.221088,0.331299,0.248273,0.292246,0.288339,0.268477,0.284296,0.347273,0.207587,0.310098,0.199986,0.324162,0.293185,0.169084,0.281099,0.162313,0.307150,0.379928,0.329582,0.337456,0.286476,0.232275,0.226346,0.280762,0.272295,0.249572,0.363770,0.237432,0.311896,0.297387,0.270495,0.262673,0.342675,0.320263,0.238631,0.284774,0.211140,0.262026,0.240714,0.260499,0.307981,0.295226,0.111109,0.188507,0.384812,0.415867,0.250496,0.388455,0.220022,0.290445,0.403023,0.307804,0.216686,0.257789,0.287551,0.283030,0.348967,0.300647,0.260621,0.304824,0.288746,0.229753,0.264077,0.240385,0.245898,0.278301,0.303861,0.172830,0.301952,0.372949,0.216410,0.298676,0.292370,0.234536,0.412438,0.148818,0.304884,0.251270,0.274329,0.263619,0.244995,0.142536,0.199887,0.304651,0.375441,0.375806,0.219438,0.221559,0.336705,0.263253,0.205460,0.252003,0.234616,0.263798,0.354463,0.227229,0.336772,0.369378,0.354986,0.200888,0.262077,0.380344,0.302050,0.290109,0.231460,0.268652,0.323301,0.270454,0.247154,0.265733,0.314594,0.256556,0.241481,0.346234,0.271808,0.385898,#
6,0.369623,0.378921,0.339612,0.360675,0.381700,0.274984,1.000000,0.342692,0.245958,0.268545,0.342429,0.266397,0.246102,0.358166,0.259961,0.294111,0.341268,0.310372,0.357727,0.393854,0.367743,0.364243,0.334210,0.291046,0.333610,0.272761,0.335286,0.381527,0.410598,0.302775,0.258504,0.360281,0.384133,0.284356,0.162507,0.201106,0.300445,0.324087,0.386850,0.336822,0.332586,0.339592,0.278253,0.366777,0.285458,0.361110,0.412882,0.445726,0.318325,0.413742,0.338838,0.346448,0.388542,0.322407,0.219676,0.375464,0.341804,0.379842,0.331794,0.438319,0.222923,0.255117,0.264985,0.359005,0.313112,0.423765,0.343691,0.345567,0.350420,0.334195,0.337789,0.330050,0.349909,0.278683,0.369280,0.304648,0.289619,0.373803,0.320634,0.311295,0.359115,0.375454,0.440023,0.324594,0.313019,0.380860,0.320222,0.385110,0.391424,0.385957,0.429935,0.303660,0.227211,0.411635,0.306250,0.451302,0.341378,0.290480,0.400734,0.295151,0.386360,0.396593,0.247732,0.325018,0.239009,0.442150,0.295612,0.274988,0.338636,0.317585,0.322895,0.330263,0.354585,0.349267,0.291240,0.337321,0.359579,0.323164,0.373078,0.310576,0.314449,0.429280,0.264500,0.291578,0.369055,0.315521,0.205698,0.392299,0.211005,0.404333,0.308295,0.299840,0.394443,0.181331,0.491725,0.347445,0.308578,0.416381,0.328950,0.323300,0.231647,0.171760,0.216817,0.397844,0.266895,0.338857,0.362784,0.213437,0.321056,0.251873,0.386578,0.254769,0.318724,0.325184,0.310387,0.285082,0.248351,0.275814,0.329859,0.278648,0.291743,0.356096,0.321138,0.396012,0.355415,0.263748,0.249902,0.259232,0.400074,0.440039,0.260828,0.281877,0.328742,0.297694,0.370164,0.301971,0.290685,0.299757,0.386755,0.235950,0.145880,0.268951,0.317503,0.357755,0.330168,0.303723,0.292705,0.337463,0.351291,0.294905,0.284592,0.279562,0.370972,0.280735,0.256844,0.280086,0.324611,0.321241,0.265806,0.364366,#
7,0.287417,0.340667,0.302797,0.328071,0.250276,0.281829,0.342692,1.000000,0.224385,0.365715,0.315918,0.435784,0.270334,0.325993,0.244626,0.327289,0.286897,0.436047,0.344243,0.394013,0.381692,0.384786,0.482191,0.287931,0.445877,0.261627,0.385977,0.451670,0.341122,0.291547,0.372256,0.385696,0.444489,0.298056,0.235331,0.316230,0.300731,0.286253,0.380298,0.334841,0.287896,0.326722,0.377138,0.248532,0.363415,0.441052,0.302534,0.397118,0.373394,0.366533,0.431522,0.256524,0.298755,0.333526,0.347862,0.347126,0.394317,0.409328,0.308820,0.366001,0.314254,0.201000,0.326490,0.342859,0.445771,0.298678,0.319945,0.342679,0.326971,0.439562,0.382923,0.258995,0.432525,0.413277,0.313227,0.289610,0.327090,0.366515,0.346781,0.453441,0.357532,0.383185,0.463011,0.380158,0.290043,0.342856,0.436004,0.285056,0.377266,0.457075,0.383606,0.322277,0.321423,0.334838,0.241265,0.369448,0.317356,0.263017,0.260741,0.189263,0.373258,0.319136,0.320161,0.334856,0.233631,0.422219,0.409780,0.312425,0.355379,0.288180,0.306919,0.312721,0.221113,0.336368,0.365631,0.375045,0.274026,0.304165,0.337454,0.339493,0.358142,0.392534,0.250167,0.400621,0.438897,0.351454,0.324643,0.370250,0.280688,0.375608,0.278936,0.372710,0.349144,0.291573,0.509004,0.345625,0.240805,0.495075,0.360052,0.409166,0.446470,0.408486,0.154175,0.283153,0.366543,0.304382,0.384656,0.251399,0.328149,0.252663,0.399854,0.454055,0.240310,0.268951,0.197107,0.392380,0.359687,0.322415,0.331010,0.337672,0.314515,0.364471,0.316212,0.386152,0.330313,0.235492,0.390996,0.288293,0.425687,0.364631,0.366306,0.299654,0.313198,0.238877,0.329643,0.246908,0.315051,0.321585,0.189055,0.389212,0.321054,0.388524,0.259212,0.311508,0.125982,0.329512,0.309914,0.379167,0.239946,0.380611,0.353842,0.304827,0.296056,0.320425,0.199740,0.329056,0.349892,0.362423,0.373260,0.342017,#
8,0.357929,0.297351,0.218865,0.309650,0.336782,0.265654,0.245958,0.224385,1.000000,0.210075,0.348547,0.316433,0.306901,0.270820,0.360974,0.302312,0.226596,0.248603,0.218555,0.325066,0.378331,0.278791,0.297951,0.333768,0.310794,0.281567,0.250704,0.377879,0.282874,0.310062,0.156512,0.345571,0.285478,0.280488,0.226946,0.246125,0.346627,0.329198,0.320804,0.392302,0.285826,0.254725,0.203867,0.332211,0.379065,0.360007,0.335548,0.341680,0.240713,0.273721,0.253346,0.357255,0.275182,0.414206,0.250050,0.342147,0.280564,0.300278,0.215210,0.358529,0.282696,0.129643,0.346164,0.293266,0.319530,0.256085,0.280874,0.315086,0.436815,0.317340,0.248912,0.344252,0.327516,0.222796,0.227896,0.195356,0.224417,0.263774,0.284744,0.166879,0.315059,0.321705,0.319399,0.249599,0.291008,0.315103,0.255080,0.241046,0.354859,0.331682,0.352946,0.335336,0.258623,0.272874,0.335140,0.442369,0.315711,0.265781,0.245642,0.174676,0.323915,0.203548,0.228638,0.272544,0.296980,0.209315,0.348044,0.298583,0.167067,0.333708,0.237920,0.265034,0.195365,0.336388,0.159384,0.332669,0.391303,0.283921,0.151074,0.360745,0.320663,0.230957,0.293079,0.276439,0.317425,0.382762,0.168115,0.328258,0.257502,0.329430,0.312724,0.327426,0.288592,0.273995,0.393162,0.254691,0.238746,0.362130,0.422162,0.321596,0.298897,0.285141,0.350757,0.194329,0.304947,0.208738,0.321310,0.345600,0.268149,0.294005,0.342143,0.251222,0.283010,0.298298,0.320337,0.343688,0.323480,0.158227,0.278593,0.340848,0.211232,0.303175,0.178216,0.385706,0.242286,0.220006,0.287525,0.228546,0.282782,0.311467,0.400350,0.066373,0.212243,0.370559,0.331981,0.292938,0.216974,0.276665,0.303679,0.301821,0.317671,0.298697,0.090309,0.235790,0.310879,0.270414,0.183686,0.244994,0.295265,0.239074,0.260316,0.290176,0.284826,0.238234,0.291412,0.270420,0.291700,0.140528,0.249311,0.279611,#
9,0.364694,0.293545,0.219171,0.273842,0.255276,0.358387,0.268545,0.365715,0.210075,1.000000,0.388126,0.316705,0.254750,0.287114,0.315946,0.332059,0.249029,0.244759,0.214471,0.390990,0.279167,0.333513,0.354024,0.327661,0.306902,0.309990,0.401701,0.471716,0.386016,0.197443,0.404327,0.403546,0.295942,0.363295,0.288456,0.276912,0.243050,0.367919,0.321784,0.289928,0.317928,0.405711,0.233174,0.182493,0.330042,0.462569,0.330871,0.372756,0.301618,0.281892,0.375414,0.308674,0.290575,0.298833,0.270660,0.344060,0.393252,0.366802,0.268360,0.311668,0.265334,0.289544,0.394908,0.323546,0.336902,0.338033,0.200229,0.349037,0.396455,0.218035,0.367514,0.304180,0.300370,0.327201,0.366168,0.268790,0.349689,0.259545,0.412215,0.343701,0.340882,0.374660,0.390971,0.308891,0.363987,0.413805,0.427645,0.239922,0.287843,0.326992,0.283552,0.434170,0.262851,0.314787,0.286918,0.370761,0.409249,0.256841,0.315085,0.243314,0.367868,0.370404,0.382396,0.276793,0.361420,0.319484,0.331650,0.291548,0.327085,0.250975,0.234236,0.271150,0.255319,0.382000,0.226343,0.385800,0.364396,0.399813,0.452967,0.271682,0.410749,0.388211,0.299127,0.357375,0.348699,0.422320,0.136425,0.341202,0.236123,0.321097,0.297989,0.364177,0.245636,0.343542,0.452319,0.274127,0.326576,0.356069,0.342363,0.310006,0.245216,0.308163,0.230440,0.234843,0.323998,0.170397,0.394831,0.273962,0.245585,0.399765,0.358314,0.271827,0.425995,0.336025,0.277528,0.353857,0.337056,0.329514,0.434732,0.251424,0.327719,0.266841,0.142252,0.431664,0.312090,0.252405,0.296888,0.264695,0.468726,0.355672,0.301990,0.315534,0.338815,0.347630,0.234963,0.257302,0.253065,0.165064,0.237134,0.352713,0.269302,0.403952,0.333735,0.358496,0.238528,0.343602,0.346986,0.441895,0.360740,0.237742,0.322771,0.351635,0.234338,0.319552,0.244943,0.309619,0.282025,0.252834,0.335207,0.365029,#
10,0.435061,0.443147,0.182009,0.308974,0.288204,0.248808,0.342429,0.315918,0.348547,0.388126,1.000000,0.302694,0.205619,0.339079,0.349455,0.283866,0.311018,0.321401,0.421265,0.338236,0.295431,0.365746,0.280037,0.263017,0.310602,0.211677,0.413513,0.416139,0.396993,0.351848,0.357342,0.345269,0.352389,0.355928,0.230179,0.310844,0.225578,0.380861,0.440985,0.327053,0.198391,0.255986,0.290355,0.251419,0.287034,0.374314,0.323764,0.392200,0.376077,0.349250,0.272339,0.322788,0.309783,0.333849,0.269824,0.339559,0.309154,0.326914,0.231200,0.322470,0.278993,0.284137,0.315484,0.379073,0.363420,0.345894,0.292917,0.309622,0.355502,0.285065,0.356085,0.280326,0.307818,0.330921,0.275155,0.329825,0.395568,0.223776,0.342453,0.265166,0.283412,0.361170,0.387187,0.383062,0.325040,0.310053,0.390312,0.208520,0.390834,0.364533,0.257134,0.336914,0.370843,0.273844,0.269337,0.311642,0.407592,0.168324,0.365763,0.314534,0.376461,0.311481,0.304534,0.315241,0.297871,0.289794,0.405758,0.333529,0.279384,0.288794,0.217953,0.323740,0.219691,0.367959,0.357233,0.422504,0.358644,0.217968,0.302076,0.258261,0.294254,0.314747,0.324221,0.358558,0.360931,0.360998,0.140062,0.300851,0.235425,0.425356,0.350656,0.333834,0.299763,0.218044,0.438074,0.307362,0.272045,0.399833,0.269197,0.421473,0.322927,0.230052,0.394850,0.214906,0.304913,0.250735,0.268299,0.264976,0.226797,0.366850,0.294708,0.373431,0.309919,0.333057,0.372839,0.364608,0.308584,0.191376,0.343700,0.366848,0.260915,0.283576,0.325405,0.397106,0.308213,0.235618,0.264893,0.245233,0.301022,0.428853,0.380274,0.249436,0.321476,0.325012,0.335481,0.151763,0.254509,0.277341,0.371100,0.387577,0.351226,0.329998,0.351086,0.266813,0.288443,0.342846,0.270009,0.361594,0.312074,0.249322,0.304061,0.315589,0.268978,0.255509,0.336683,0.356439,0.281297,0.368130,0.381879,0.393575,#
11,0.378199,0.404312,0.367741,0.353988,0.257000,0.299609,0.266397,0.435784,0.316433,0.316705,0.302694,1.000000,0.387061,0.261613,0.209014,0.370699,0.338449,0.428730,0.355368,0.209127,0.340773,0.403992,0.300912,0.382462,0.450195,0.372722,0.313505,0.478112,0.245997,0.393139,0.378182,0.416735,0.374407,0.340935,0.221426,0.257511,0.387159,0.386467,0.362889,0.291250,0.311307,0.401325,0.390219,0.447480,0.274503,0.435274,0.338356,0.401712,0.351917,0.270419,0.448787,0.291140,0.314779,0.377742,0.230677,0.307947,0.473473,0.370891,0.341006,0.338332,0.270261,0.355308,0.388041,0.403824,0.411026,0.341879,0.343947,0.403342,0.366021,0.353013,0.293927,0.235828,0.405235,0.353021,0.329562,0.334034,0.284378,0.308874,0.466195,0.337023,0.415312,0.223197,0.369208,0.424425,0.385829,0.306909,0.444354,0.309202,0.384359,0.327279,0.436433,0.380754,0.363815,0.455130,0.278776,0.343248,0.281227,0.313179,0.322543,0.361429,0.429902,0.326225,0.331186,0.296191,0.344843,0.431240,0.409258,0.305205,0.382772,0.358361,0.308069,0.322764,0.336627,0.380081,0.180578,0.542524,0.390621,0.251500,0.319240,0.323104,0.318137,0.414527,0.367601,0.358607,0.419545,0.362841,0.382464,0.437956,0.375874,0.381502,0.353303,0.491026,0.281783,0.308440,0.394917,0.284697,0.222806,0.467044,0.332169,0.398983,0.293002,0.367260,0.327408,0.309820,0.392641,0.328259,0.394963,0.254427,0.326762,0.314097,0.315622,0.461095,0.316554,0.368345,0.377707,0.308998,0.276428,0.228549,0.302604,0.291174,0.338107,0.311782,0.230345,0.363177,0.388411,0.274263,0.429494,0.346264,0.471673,0.353979,0.404356,0.197219,0.316807,0.321517,0.328056,0.376585,0.415461,0.305452,0.236402,0.282960,0.404292,0.389931,0.282458,0.328279,0.186260,0.410001,0.335907,0.348611,0.324987,0.278106,0.203390,0.323723,0.391384,0.135397,0.322490,0.281267,0.370524,0.268691,0.292863,0.400315,#
12,0.351835,0.338938,0.302268,0.282364,0.357790,0.303391,0.246102,0.270334,0.306901,0.254750,0.205619,0.387061,1.000000,0.264828,0.348766,0.316850,0.344848,0.292088,0.381774,0.405537,0.374031,0.249547,0.345082,0.350872,0.361271,0.300482,0.320341,0.417307,0.393838,0.389589,0.274972,0.437209,0.371979,0.337366,0.251584,0.240144,0.405564,0.326785,0.297567,0.308682,0.378735,0.278165,0.389913,0.343564,0.367554,0.455443,0.331126,0.294336,0.370366,0.285872,0.436205,0.212738,0.294715,0.398870,0.304483,0.310205,0.334828,0.380884,0.309544,0.362650,0.296688,0.324496,0.318920,0.322221,0.350604,0.306770,0.295762,0.251096,0.319859,0.242425,0.286436,0.300433,0.240279,0.263239,0.390970,0.299482,0.277800,0.327972,0.303380,0.302442,0.392483,0.318329,0.376237,0.359962,0.381411,0.426202,0.314671,0.340948,0.423215,0.360816,0.408751,0.397239,0.251933,0.380729,0.319381,0.236613,0.378521,0.308562,0.219449,0.192487,0.342087,0.358996,0.317866,0.316454,0.389368,0.322676,0.335705,0.233596,0.258462,0.407412,0.363654,0.197007,0.303760,0.420907,0.211048,0.341333,0.360863,0.382178,0.289547,0.313468,0.299585,0.406469,0.399597,0.360016,0.273478,0.382232,0.271594,0.280443,0.298730,0.263501,0.316070,0.412478,0.277338,0.200359,0.314517,0.300836,0.281823,0.353249,0.341756,0.345820,0.396034,0.339500,0.247186,0.262237,0.243573,0.314192,0.397880,0.256404,0.335741,0.250164,0.365209,0.446863,0.223505,0.313540,0.307694,0.224440,0.303524,0.141100,0.284663,0.197889,0.321179,0.343175,0.233466,0.406197,0.292764,0.243533,0.326209,0.148348,0.362887,0.390030,0.291903,0.213624,0.331035,0.298904,0.374334,0.176798,0.294036,0.337995,0.173137,0.322151,0.363289,0.361980,0.337868,0.331055,0.303215,0.359595,0.316209,0.396331,0.263321,0.172825,0.315061,0.353734,0.282452,0.278015,0.221388,0.249371,0.399766,0.273450,0.369879,0.300509,#
13,0.329244,0.412789,0.350263,0.344228,0.310884,0.227568,0.358166,0.325993,0.270820,0.287114,0.339079,0.261613,0.264828,1.000000,0.364900,0.331442,0.304170,0.266852,0.349662,0.378789,0.326570,0.356553,0.323895,0.256402,0.444683,0.382611,0.453048,0.400861,0.319588,0.228656,0.354782,0.312166,0.394107,0.361147,0.214186,0.302812,0.298192,0.392505,0.294868,0.333513,0.252227,0.319962,0.431105,0.288879,0.334220,0.351235,0.434779,0.351685,0.360408,0.310780,0.436161,0.308996,0.379353,0.304147,0.320283,0.474880,0.315351,0.317986,0.321238,0.403944,0.347184,0.309965,0.467611,0.355331,0.308086,0.291968,0.466591,0.368737,0.494115,0.389997,0.238462,0.365188,0.365552,0.275332,0.394699,0.248941,0.369089,0.381761,0.397235,0.281652,0.316186,0.440482,0.403268,0.467239,0.432862,0.293365,0.494481,0.387295,0.362859,0.414460,0.393308,0.368992,0.317552,0.385398,0.312996,0.368564,0.356554,0.210064,0.230293,0.283602,0.428128,0.398189,0.349445,0.336875,0.331138,0.397977,0.374255,0.299412,0.366215,0.324527,0.306975,0.282956,0.394673,0.395776,0.286538,0.320749,0.395470,0.309441,0.292091,0.335867,0.361039,0.408478,0.293463,0.379625,0.374198,0.302765,0.250902,0.285780,0.443958,0.343182,0.302672,0.333618,0.294289,0.307471,0.448695,0.288996,0.340233,0.403658,0.440729,0.390231,0.323705,0.264237,0.323836,0.341178,0.407859,0.400622,0.371171,0.292917,0.186302,0.387599,0.403285,0.227028,0.303179,0.385090,0.396910,0.337862,0.232709,0.320605,0.334411,0.239158,0.218793,0.444335,0.236731,0.463543,0.359284,0.325850,0.239225,0.264068,0.426827,0.427916,0.388043,0.386604,0.355913,0.264193,0.340350,0.342499,0.323808,0.271748,0.382154,0.239715,0.370330,0.335453,0.292560,0.370460,0.235918,0.334771,0.362113,0.456046,0.359625,0.351260,0.234048,0.346839,0.331028,0.264802,0.279573,0.331629,0.271463,0.321075,0.378221,0.382577,#
14,0.427090,0.344800,0.310558,0.301025,0.219871,0.302935,0.259961,0.244626,0.360974,0.315946,0.349455,0.209014,0.348766,0.364900,1.000000,0.404564,0.315848,0.326612,0.362776,0.404469,0.317459,0.309367,0.362939,0.418920,0.341741,0.282254,0.395836,0.352793,0.386130,0.303742,0.200593,0.295929,0.311997,0.280649,0.263379,0.348760,0.370795,0.409857,0.403538,0.392186,0.395259,0.329508,0.369952,0.300107,0.333120,0.450240,0.432352,0.317685,0.313439,0.239386,0.444393,0.302735,0.346009,0.312971,0.399859,0.352052,0.332984,0.304776,0.236158,0.365347,0.384170,0.366502,0.300628,0.329006,0.393197,0.317254,0.357656,0.362363,0.398852,0.308705,0.285504,0.344610,0.223701,0.423822,0.245622,0.232992,0.281678,0.362473,0.310687,0.318129,0.380098,0.254283,0.426818,0.393761,0.315319,0.369007,0.234903,0.272458,0.361640,0.362372,0.393388,0.377240,0.327634,0.339672,0.332419,0.243395,0.381327,0.273762,0.325645,0.246763,0.307956,0.352150,0.347344,0.304513,0.270079,0.326566,0.448441,0.409147,0.316966,0.343385,0.173437,0.247214,0.330536,0.275175,0.278224,0.344427,0.301973,0.374919,0.294654,0.319119,0.381432,0.353685,0.293360,0.329090,0.312053,0.262513,0.241213,0.250353,0.253140,0.363796,0.182117,0.399044,0.348136,0.181645,0.294929,0.254526,0.298545,0.359841,0.321540,0.313930,0.394707,0.330923,0.304087,0.216793,0.297786,0.270634,0.347464,0.167820,0.203086,0.303505,0.348422,0.236141,0.177437,0.337576,0.293737,0.241640,0.304922,0.261394,0.326203,0.194491,0.244388,0.348310,0.220016,0.318292,0.360698,0.201836,0.281268,0.268882,0.274129,0.402810,0.459903,0.305985,0.331400,0.381860,0.388439,0.215812,0.411195,0.331385,0.362303,0.408976,0.359277,0.439046,0.253319,0.355821,0.320126,0.351738,0.341492,0.323129,0.239969,0.214243,0.265705,0.346753,0.296631,0.403312,0.273089,0.200662,0.172515,0.317731,0.366417,0.375911,#
15,0.396573,0.281289,0.363208,0.297519,0.243127,0.317028,0.294111,0.327289,0.302312,0.332059,0.283866,0.370699,0.316850,0.331442,0.404564,1.000000,0.325880,0.476614,0.409422,0.312899,0.305117,0.347552,0.315525,0.425867,0.436085,0.358040,0.407383,0.404687,0.438166,0.241647,0.341843,0.381912,0.355321,0.409570,0.238407,0.229094,0.326146,0.381164,0.426646,0.370932,0.452080,0.361227,0.360841,0.320013,0.441921,0.396008,0.326733,0.373848,0.262167,0.327231,0.438753,0.285946,0.397311,0.341446,0.327189,0.285914,0.365617,0.400944,0.311521,0.441650,0.272747,0.271714,0.307430,0.286140,0.296413,0.307983,0.413199,0.436806,0.400750,0.305440,0.282294,0.386853,0.322219,0.277302,0.371106,0.315135,0.262505,0.434523,0.337283,0.326042,0.493747,0.263269,0.358686,0.428827,0.316331,0.343699,0.383740,0.263352,0.437416,0.424021,0.363941,0.276604,0.358232,0.474261,0.316282,0.287566,0.415279,0.277600,0.403248,0.274604,0.385485,0.351436,0.376624,0.309545,0.293823,0.329160,0.323841,0.267623,0.331249,0.451958,0.276724,0.415621,0.283625,0.307684,0.236092,0.461214,0.401537,0.248063,0.293737,0.331473,0.376459,0.407175,0.235525,0.411818,0.312044,0.274278,0.269472,0.304862,0.330741,0.313392,0.275796,0.454409,0.284145,0.339146,0.393957,0.375602,0.356994,0.305509,0.386795,0.266458,0.296064,0.340173,0.397425,0.195754,0.403918,0.326831,0.423441,0.253581,0.383950,0.343731,0.392517,0.275470,0.334992,0.486127,0.217111,0.443084,0.269474,0.307688,0.364265,0.329743,0.272830,0.345691,0.288982,0.393475,0.313605,0.336735,0.329053,0.318185,0.325403,0.407016,0.292910,0.209222,0.403328,0.268714,0.395685,0.192958,0.413835,0.289548,0.220791,0.425427,0.383596,0.432150,0.280303,0.310670,0.289247,0.361888,0.290956,0.377110,0.304322,0.248729,0.123456,0.449742,0.255379,0.324862,0.241652,0.278947,0.274295,0.321579,0.260519,0.319913,#
16,0.394596,0.302991,0.295325,0.277918,0.174222,0.271578,0.341268,0.286897,0.226596,0.249029,0.311018,0.338449,0.344848,0.304170,0.315848,0.325880,1.000000,0.360220,0.312217,0.310533,0.520314,0.353985,0.450994,0.228335,0.262796,0.335231,0.364440,0.270511,0.312632,0.298458,0.279246,0.432999,0.242848,0.326137,0.192079,0.253093,0.367774,0.305707,0.336575,0.303174,0.201727,0.287108,0.310292,0.310252,0.293637,0.366470,0.354995,0.326088,0.304166,0.219261,0.262534,0.322570,0.444341,0.274938,0.273951,0.273710,0.265253,0.285982,0.214354,0.198236,0.232054,0.375786,0.324734,0.382055,0.405639,0.264556,0.313220,0.472817,0.267392,0.359860,0.220105,0.351106,0.349647,0.216331,0.331881,0.459717,0.276225,0.389256,0.389279,0.286669,0.245781,0.268292,0.309467,0.299685,0.298215,0.390677,0.438970,0.270466,0.342604,0.298956,0.378407,0.321125,0.261926,0.289585,0.254042,0.297620,0.336738,0.209593,0.341565,0.273649,0.324306,0.305849,0.195953,0.272778,0.270305,0.333229,0.268843,0.220962,0.272317,0.303063,0.310328,0.301700,0.291805,0.279371,0.315718,0.470928,0.354956,0.263276,0.178934,0.272038,0.291537,0.364192,0.296933,0.327656,0.350013,0.229884,0.234467,0.189607,0.275408,0.381253,0.223471,0.338516,0.395145,0.120326,0.428248,0.302624,0.144891,0.381369,0.315590,0.369829,0.200329,0.314089,0.194444,0.288781,0.323886,0.288284,0.193261,0.223299,0.247114,0.189597,0.267309,0.315654,0.216667,0.271081,0.319742,0.294462,0.218440,0.184978,0.335213,0.241798,0.218870,0.404600,0.372871,0.411548,0.269410,0.162555,0.302993,0.275759,0.264752,0.320572,0.253660,0.121478,0.326066,0.201380,0.320115,0.322071,0.245914,0.242650,0.248442,0.293621,0.331410,0.362897,0.271883,0.193390,0.169893,0.249529,0.392347,0.322658,0.263706,0.236578,0.299159,0.167598,0.170618,0.248346,0.313374,0.318899,0.202643,0.305924,0.237348,0.357180,#
17,0.483879,0.389038,0.333328,0.381029,0.301390,0.355008,0.310372,0.436047,0.248603,0.244759,0.321401,0.428730,0.292088,0.266852,0.326612,0.476614,0.360220,1.000000,0.364748,0.373837,0.411545,0.398257,0.431663,0.422578,0.460809,0.364060,0.323617,0.381422,0.419674,0.347327,0.356304,0.465571,0.533999,0.372906,0.179989,0.300818,0.336672,0.505293,0.427568,0.267381,0.338887,0.294970,0.305411,0.417199,0.326052,0.410051,0.430229,0.346236,0.391437,0.383187,0.428480,0.226170,0.297635,0.362547,0.346573,0.374873,0.415882,0.452402,0.320698,0.406612,0.311635,0.370358,0.347598,0.344954,0.339760,0.411314,0.405633,0.467602,0.406972,0.424980,0.408342,0.403999,0.437013,0.350006,0.339321,0.395076,0.284989,0.427506,0.309692,0.368676,0.437348,0.400986,0.543077,0.451659,0.353718,0.302971,0.390456,0.372011,0.502602,0.486106,0.399127,0.330877,0.340611,0.380656,0.248366,0.288280,0.358600,0.414260,0.364437,0.369128,0.400120,0.342537,0.327309,0.357003,0.312291,0.404234,0.339499,0.494992,0.254693,0.286313,0.325695,0.346687,0.292487,0.400121,0.234042,0.452486,0.363609,0.311046,0.330931,0.424293,0.301917,0.336384,0.317567,0.370850,0.448153,0.390150,0.292003,0.314166,0.246081,0.297814,0.260854,0.453555,0.401201,0.418133,0.427861,0.340709,0.393052,0.359163,0.402366,0.433673,0.358140,0.352332,0.315398,0.300998,0.456997,0.322547,0.299150,0.226114,0.341748,0.254332,0.444938,0.257746,0.295259,0.446061,0.327231,0.403238,0.296807,0.288249,0.457815,0.370659,0.418260,0.394468,0.335810,0.365703,0.391767,0.367565,0.279347,0.399653,0.309483,0.372351,0.460562,0.298556,0.349276,0.342469,0.406296,0.201772,0.398334,0.337365,0.227860,0.434684,0.388077,0.540574,0.340277,0.205907,0.229815,0.356591,0.356280,0.451951,0.416270,0.338703,0.281027,0.432809,0.233290,0.260261,0.407633,0.360179,0.399174,0.264914,0.317826,0.399368,#
18,0.374386,0.412127,0.386955,0.336020,0.384841,0.312642,0.357727,0.344243,0.218555,0.214471,0.421265,0.355368,0.381774,0.349662,0.362776,0.409422,0.312217,0.364748,1.000000,0.365807,0.345499,0.331970,0.248041,0.410904,0.411587,0.377097,0.474708,0.438506,0.470258,0.306590,0.403879,0.355784,0.445454,0.267389,0.289536,0.353099,0.472807,0.405258,0.366379,0.394742,0.362742,0.337720,0.372666,0.305697,0.320027,0.373245,0.375318,0.391273,0.309254,0.355594,0.437996,0.202921,0.437549,0.491392,0.304130,0.305771,0.356983,0.427598,0.246962,0.301010,0.308607,0.328624,0.346860,0.430996,0.287323,0.427429,0.401991,0.461533,0.319673,0.219904,0.242389,0.295401,0.315652,0.307714,0.297593,0.231840,0.252951,0.420136,0.443934,0.428792,0.466657,0.329336,0.397103,0.455308,0.333564,0.262619,0.400629,0.298535,0.438322,0.350191,0.436511,0.301994,0.341753,0.403921,0.308695,0.307133,0.464647,0.335450,0.256792,0.369110,0.325762,0.418059,0.453359,0.387407,0.380699,0.346383,0.324110,0.333579,0.357414,0.413027,0.416456,0.463177,0.270269,0.410409,0.308737,0.346657,0.351634,0.300910,0.320898,0.313942,0.297969,0.474222,0.337690,0.359715,0.397884,0.359528,0.299863,0.312906,0.393018,0.346954,0.367827,0.437999,0.326550,0.261663,0.457862,0.191035,0.273325,0.432838,0.368421,0.432019,0.405171,0.224357,0.266915,0.217576,0.408385,0.318846,0.270090,0.170573,0.297337,0.294548,0.329782,0.357049,0.313786,0.324457,0.309074,0.430365,0.408655,0.388011,0.291496,0.435562,0.354403,0.387893,0.294649,0.370522,0.336896,0.301072,0.411287,0.365172,0.335997,0.443836,0.254396,0.295219,0.400485,0.251017,0.353971,0.246904,0.300448,0.393027,0.443928,0.363365,0.360368,0.415432,0.376091,0.287808,0.415771,0.387296,0.383892,0.489597,0.327010,0.293619,0.309779,0.407577,0.322507,0.317168,0.342064,0.247473,0.358136,0.391290,0.451109,0.407504,#
19,0.366352,0.390354,0.315857,0.367297,0.356317,0.208622,0.393854,0.394013,0.325066,0.390990,0.338236,0.209127,0.405537,0.378789,0.404469,0.312899,0.310533,0.373837,0.365807,1.000000,0.321675,0.406632,0.396322,0.384672,0.343507,0.439035,0.413206,0.408159,0.373913,0.427773,0.296836,0.410170,0.372194,0.367991,0.300335,0.349167,0.239206,0.399081,0.515930,0.354848,0.324687,0.303053,0.314091,0.266780,0.391464,0.480758,0.435298,0.519504,0.342105,0.362235,0.385384,0.329426,0.304092,0.468194,0.349962,0.350649,0.382989,0.367702,0.266869,0.416127,0.369588,0.274050,0.369825,0.362832,0.398604,0.358361,0.266241,0.398471,0.398566,0.384078,0.374277,0.366007,0.413494,0.249888,0.388251,0.347993,0.346582,0.468398,0.407414,0.287795,0.398194,0.383962,0.480974,0.302309,0.420401,0.318418,0.407297,0.334547,0.461378,0.424155,0.355234,0.432901,0.343840,0.347264,0.308475,0.368945,0.402689,0.352922,0.236595,0.271262,0.373958,0.374626,0.395882,0.371859,0.394914,0.337638,0.423544,0.480638,0.298060,0.276810,0.354836,0.326248,0.342525,0.429567,0.343155,0.355746,0.428321,0.453115,0.370671,0.267603,0.428784,0.465919,0.350355,0.406660,0.507854,0.413440,0.302282,0.368522,0.177115,0.368420,0.263514,0.314581,0.429315,0.290738,0.388904,0.342944,0.367729,0.405873,0.407315,0.430271,0.405420,0.292530,0.288166,0.255182,0.415815,0.318770,0.309324,0.396761,0.433764,0.248639,0.331311,0.338038,0.293375,0.407410,0.299400,0.340925,0.328405,0.317041,0.364866,0.199508,0.345321,0.404860,0.383274,0.405383,0.346965,0.306162,0.295871,0.321298,0.365253,0.386496,0.464435,0.306102,0.336828,0.293457,0.390343,0.248769,0.316125,0.370249,0.256081,0.379055,0.314123,0.494366,0.308975,0.360555,0.322237,0.338037,0.371948,0.486779,0.324178,0.252818,0.391598,0.362236,0.286192,0.412024,0.312102,0.384614,0.380022,0.430612,0.427000,0.437262,#
20,0.435549,0.345991,0.369873,0.344635,0.307073,0.317047,0.367743,0.381692,0.378331,0.279167,0.295431,0.340773,0.374031,0.326570,0.317459,0.305117,0.520314,0.411545,0.345499,0.321675,1.000000,0.382519,0.433366,0.330943,0.435900,0.337399,0.397955,0.455095,0.346735,0.375346,0.303666,0.359683,0.354538,0.330034,0.298697,0.247192,0.357503,0.331475,0.304300,0.364878,0.290513,0.462320,0.356303,0.371553,0.364167,0.455078,0.361845,0.411935,0.381911,0.279191,0.351834,0.398694,0.516717,0.345033,0.299270,0.307467,0.379056,0.351907,0.281177,0.408901,0.410320,0.230822,0.448461,0.396450,0.487386,0.270603,0.336267,0.389258,0.448143,0.412340,0.335129,0.349747,0.458718,0.344532,0.332452,0.343675,0.378245,0.398299,0.305218,0.396857,0.288155,0.265312,0.465252,0.339525,0.280581,0.432537,0.416566,0.383631,0.429370,0.427307,0.409407,0.452453,0.360806,0.376854,0.302279,0.334516,0.420503,0.334275,0.288426,0.203852,0.280309,0.326587,0.342800,0.391436,0.275185,0.377658,0.335204,0.316427,0.294330,0.419265,0.379566,0.260353,0.360214,0.400947,0.309548,0.468743,0.498017,0.258044,0.188259,0.305080,0.329010,0.373175,0.359593,0.327656,0.438812,0.367986,0.393051,0.421094,0.297363,0.452349,0.250831,0.433449,0.358327,0.230011,0.461984,0.327666,0.355136,0.466716,0.442760,0.431434,0.351656,0.344296,0.168865,0.260926,0.434931,0.231510,0.244868,0.321987,0.340469,0.344436,0.365140,0.352107,0.204852,0.265306,0.338742,0.351331,0.276559,0.222503,0.361327,0.357364,0.349188,0.403205,0.333279,0.376801,0.431237,0.253964,0.268487,0.328851,0.340147,0.340191,0.373449,0.229952,0.266903,0.340941,0.332200,0.366961,0.255137,0.236794,0.386830,0.468022,0.396692,0.400169,0.288843,0.389763,0.330190,0.258150,0.289604,0.401258,0.350303,0.318123,0.361244,0.361528,0.347529,0.288134,0.407703,0.366403,0.298621,0.349355,0.309145,0.324308,#
21,0.452410,0.470987,0.424395,0.354789,0.339708,0.325189,0.364243,0.384786,0.278791,0.333513,0.365746,0.403992,0.249547,0.356553,0.309367,0.347552,0.353985,0.398257,0.331970,0.406632,0.382519,1.000000,0.350230,0.436839,0.442871,0.298134,0.426625,0.466490,0.412028,0.370589,0.361809,0.403602,0.374903,0.442466,0.246832,0.326224,0.407535,0.437744,0.437074,0.312262,0.343072,0.421328,0.278746,0.355615,0.422441,0.385188,0.482459,0.410532,0.323046,0.380213,0.447715,0.277282,0.421544,0.395513,0.300151,0.298118,0.436536,0.393565,0.343512,0.400405,0.280641,0.291923,0.407230,0.383669,0.492620,0.358256,0.348995,0.406743,0.443704,0.484223,0.483833,0.351304,0.462387,0.331012,0.331670,0.340612,0.335432,0.327249,0.334762,0.387965,0.470808,0.372548,0.385739,0.305823,0.395356,0.351711,0.386878,0.322128,0.429344,0.471561,0.339286,0.339513,0.368421,0.309807,0.407301,0.423330,0.377078,0.381982,0.324810,0.366457,0.453886,0.326096,0.308258,0.387819,0.363876,0.451640,0.367881,0.388712,0.341326,0.336321,0.334444,0.343620,0.432308,0.414820,0.287494,0.449394,0.511999,0.283212,0.376626,0.440340,0.361881,0.482871,0.209307,0.458947,0.378431,0.426752,0.357827,0.372097,0.308316,0.322647,0.354197,0.350114,0.443586,0.330435,0.424435,0.265250,0.371606,0.407106,0.414501,0.449711,0.297436,0.364109,0.313517,0.225010,0.404946,0.375954,0.316299,0.353408,0.327394,0.299092,0.369170,0.367291,0.319508,0.407318,0.384647,0.321841,0.277478,0.335641,0.322967,0.339715,0.461800,0.342999,0.314906,0.400002,0.412898,0.255668,0.229135,0.400458,0.284443,0.435019,0.385413,0.282185,0.397707,0.371350,0.332177,0.330870,0.419020,0.315050,0.360992,0.427899,0.316692,0.444338,0.215397,0.357781,0.290024,0.399434,0.358765,0.405145,0.447049,0.254129,0.406873,0.402266,0.346219,0.254374,0.453378,0.384961,0.345079,0.338449,0.357924,0.419846,#
