0,1.000000,0.845743,0.851026,0.818585,0.802234,0.838435,0.844482,0.841244,0.835843,0.816026,0.832747,0.853868,0.825126,0.806337,0.828987,0.817638,0.846816,0.857670,0.830152,0.835089,0.826039,0.804639,0.828655,0.838994,0.801571,0.811390,0.827867,0.828963,0.804583,0.837853,0.829628,0.837741,0.806632,0.807578,0.848947,0.820230,0.815710,0.818346,0.849081,0.856616,0.837984,0.803024,0.851263,0.810197,0.830157,0.801784,0.851879,0.833653,0.834185,0.850561,0.833935,0.826548,0.852360,0.842799,0.832293,0.854269,0.839462,0.860415,0.826588,0.821578,0.847842,0.811384,0.840431,0.822641,0.836952,0.838695,0.854514,0.850642,0.825334,0.806992,0.837888,0.819308,0.864084,0.849345,0.836192,0.824427,0.840659,0.836153,0.840718,0.828698,0.870213,0.832680,0.847459,0.849600,0.842345,0.870463,0.842041,0.825823,0.803150,0.818443,0.800921,0.813690,0.830585,0.825033,0.820607,0.828545,0.807123,0.814634,0.841210,0.848231,0.832229,0.820621,0.816957,0.825150,0.823121,0.819536,0.803877,0.849476,0.848577,0.796217,0.839554,0.823342,0.844198,0.810438,0.832660,0.860814,0.810705,0.820913,0.820265,0.819397,0.804346,0.876832,0.839905,0.863441,0.830279,0.823070,0.812684,0.818069,0.801004,0.821311,0.806964,0.838322,0.833199,0.805917,0.845473,0.826662,0.833790,0.838723,0.807283,0.843697,0.805258,0.821450,0.799801,0.856192,0.841738,0.760028,0.831940,0.788037,0.839157,0.810334,0.830765,0.834896,0.830699,0.798102,0.826912,0.807222,0.824096,0.845172,0.862292,0.837960,0.850758,0.846309,0.824973,0.828692,0.825374,0.843899,0.852590,0.816460,0.831803,0.821368,0.833752,0.826179,0.833983,0.855411,0.864182,0.817340,0.838805,0.852082,0.835447,0.814229,0.807366,0.846611,0.805419,0.813807,0.823272,0.801927,0.821298,0.831044,0.822823,0.832715,0.813628,0.834480,0.809073,0.833796,0.818026,0.819476,0.799922,0.845278,0.835212,0.833518,#
1,0.845743,1.000000,0.822947,0.846689,0.828894,0.841286,0.800147,0.830577,0.851066,0.833461,0.830516,0.830751,0.829440,0.817672,0.830056,0.807327,0.828070,0.823942,0.825350,0.842689,0.840331,0.855505,0.856382,0.843809,0.816146,0.808059,0.843517,0.844965,0.809864,0.803236,0.855236,0.850538,0.817061,0.841377,0.820440,0.840233,0.801622,0.840018,0.857276,0.850218,0.821208,0.801122,0.818330,0.809857,0.811698,0.816961,0.856856,0.835058,0.854321,0.854838,0.828073,0.855427,0.837157,0.815142,0.849483,0.837898,0.831368,0.847052,0.828376,0.814295,0.817399,0.828712,0.792300,0.794924,0.832004,0.840271,0.858252,0.846860,0.842046,0.854607,0.837494,0.834034,0.894166,0.806550,0.835194,0.830553,0.833602,0.834643,0.840886,0.817603,0.858328,0.829273,0.864202,0.859083,0.852963,0.839870,0.831408,0.832963,0.842687,0.826370,0.813683,0.812733,0.836759,0.834075,0.805542,0.814022,0.820744,0.817344,0.826735,0.831687,0.843192,0.835780,0.811688,0.823285,0.817037,0.824009,0.812918,0.856811,0.832280,0.806242,0.831463,0.817133,0.823826,0.823227,0.807186,0.835802,0.836585,0.845429,0.813460,0.771593,0.844965,0.845949,0.812760,0.844854,0.811791,0.805527,0.817479,0.831069,0.829951,0.841007,0.800444,0.850010,0.814835,0.822292,0.841634,0.824957,0.820329,0.836843,0.827356,0.811498,0.851409,0.821447,0.818485,0.836022,0.819226,0.799233,0.824174,0.798189,0.838728,0.802430,0.840652,0.853629,0.835137,0.790962,0.854239,0.808709,0.849808,0.845666,0.816407,0.816688,0.830860,0.854995,0.829921,0.849413,0.831670,0.818063,0.834832,0.822684,0.797784,0.820493,0.827026,0.807339,0.828263,0.857662,0.838904,0.824075,0.835814,0.864175,0.805816,0.806573,0.822711,0.823383,0.818545,0.813144,0.800406,0.845801,0.821755,0.777162,0.842721,0.833562,0.845818,0.826797,0.805774,0.826247,0.849516,0.785349,0.803497,0.853669,0.820319,0.835293,#
2,0.851026,0.822947,1.000000,0.823756,0.818866,0.832978,0.820126,0.836137,0.830186,0.818517,0.806109,0.802478,0.797703,0.818217,0.821309,0.789546,0.811813,0.835886,0.808672,0.832411,0.824740,0.807920,0.801588,0.838341,0.799242,0.793278,0.848274,0.846895,0.833403,0.829627,0.827279,0.832728,0.834213,0.814039,0.815004,0.817979,0.814663,0.815982,0.856306,0.841223,0.813294,0.811607,0.821404,0.797954,0.803701,0.816315,0.870842,0.795513,0.814015,0.864688,0.821768,0.818033,0.833358,0.855305,0.861043,0.839745,0.835613,0.824113,0.811376,0.815216,0.861440,0.827274,0.813893,0.833776,0.824208,0.833049,0.838473,0.814310,0.831542,0.832616,0.847269,0.804349,0.852925,0.833043,0.842961,0.823200,0.835161,0.833054,0.825302,0.851319,0.848418,0.847786,0.860179,0.833604,0.850226,0.838572,0.830833,0.858646,0.815296,0.809149,0.834057,0.812185,0.849647,0.806531,0.837559,0.810530,0.807092,0.798079,0.867991,0.836084,0.833544,0.805248,0.798983,0.813895,0.791566,0.855063,0.834214,0.821712,0.831873,0.789454,0.839408,0.786989,0.851953,0.797403,0.808530,0.797975,0.803215,0.829121,0.826780,0.772797,0.810504,0.821582,0.795834,0.854931,0.814744,0.793369,0.813152,0.814298,0.820591,0.837751,0.827281,0.853566,0.847910,0.848618,0.847298,0.816286,0.825261,0.829020,0.826030,0.811948,0.815932,0.829480,0.775782,0.802577,0.811838,0.819404,0.810923,0.784750,0.827336,0.820280,0.827919,0.835053,0.822310,0.820138,0.803844,0.822810,0.827616,0.810125,0.814213,0.799314,0.806413,0.800552,0.822565,0.822054,0.787500,0.828188,0.839589,0.797015,0.804564,0.805392,0.830928,0.802990,0.829515,0.808526,0.842256,0.821088,0.811539,0.844066,0.823481,0.797700,0.797886,0.860269,0.782139,0.848348,0.795332,0.822058,0.814182,0.792982,0.818824,0.816077,0.820264,0.822104,0.848198,0.832382,0.806019,0.816296,0.794994,0.832929,0.796644,0.832471,#
3,0.818585,0.846689,0.823756,1.000000,0.840295,0.817573,0.816075,0.828565,0.838142,0.820570,0.805682,0.825198,0.823314,0.803515,0.804929,0.806366,0.816097,0.819935,0.831723,0.817055,0.831569,0.841812,0.805768,0.799090,0.830073,0.822387,0.837550,0.833547,0.815180,0.806899,0.821942,0.851325,0.808488,0.842114,0.820295,0.821474,0.791543,0.823382,0.811705,0.860629,0.820672,0.814755,0.817483,0.812564,0.817925,0.835239,0.854148,0.823315,0.845986,0.823014,0.832970,0.785209,0.840120,0.813015,0.831620,0.842491,0.798894,0.834710,0.858441,0.821099,0.822739,0.803498,0.791488,0.808274,0.852173,0.828696,0.818309,0.812797,0.790750,0.832328,0.816814,0.833963,0.869415,0.824432,0.814130,0.799326,0.817348,0.824408,0.825954,0.835123,0.851439,0.817549,0.836074,0.851509,0.835253,0.836064,0.821516,0.813583,0.797761,0.814691,0.805763,0.814726,0.839605,0.829448,0.822041,0.826297,0.787639,0.797982,0.819135,0.824962,0.810873,0.810818,0.782242,0.792417,0.835023,0.816444,0.814820,0.843410,0.805295,0.798177,0.805522,0.800656,0.810232,0.810355,0.811992,0.832966,0.807047,0.818855,0.816104,0.767634,0.795235,0.841427,0.791143,0.821979,0.793681,0.811814,0.817738,0.835670,0.815860,0.821763,0.801564,0.840136,0.802630,0.833806,0.850713,0.840219,0.848945,0.799950,0.802928,0.800068,0.797167,0.825061,0.810499,0.799457,0.793223,0.841751,0.796337,0.812998,0.829901,0.795564,0.804660,0.827260,0.809517,0.792824,0.829270,0.774802,0.838695,0.819127,0.816376,0.820043,0.830973,0.824912,0.801431,0.847127,0.812933,0.824892,0.826845,0.786159,0.813646,0.808040,0.837541,0.816535,0.812019,0.827836,0.814499,0.828578,0.816813,0.835237,0.826090,0.798468,0.791076,0.842486,0.787178,0.816986,0.791209,0.813085,0.803205,0.765945,0.839290,0.857593,0.811931,0.811643,0.806156,0.809688,0.817051,0.815026,0.803940,0.827255,0.802498,0.834150,#
4,0.802234,0.828894,0.818866,0.840295,1.000000,0.842498,0.835960,0.817178,0.812280,0.812093,0.794064,0.836082,0.806803,0.811852,0.800254,0.810626,0.817927,0.831057,0.815239,0.845438,0.838268,0.831377,0.806186,0.824183,0.803380,0.781839,0.835398,0.806093,0.828514,0.811889,0.858514,0.830728,0.846415,0.804236,0.804648,0.821500,0.789147,0.807407,0.815447,0.850182,0.818338,0.786359,0.816984,0.835090,0.809449,0.815164,0.847078,0.814412,0.825240,0.817351,0.825813,0.810128,0.838037,0.799579,0.834269,0.837492,0.804889,0.826475,0.850508,0.814319,0.794839,0.822944,0.806761,0.792821,0.845683,0.846440,0.832978,0.803171,0.806172,0.820248,0.834523,0.828126,0.840677,0.813872,0.818011,0.809973,0.817885,0.844791,0.838809,0.837928,0.815127,0.822912,0.848761,0.810071,0.837283,0.809119,0.807880,0.798065,0.820082,0.818521,0.793161,0.786268,0.803903,0.814386,0.799986,0.813670,0.820414,0.797034,0.805678,0.821614,0.838469,0.834475,0.803888,0.802687,0.811538,0.808781,0.829483,0.823007,0.820458,0.814853,0.811430,0.807558,0.838122,0.849439,0.802916,0.818488,0.806938,0.864354,0.782750,0.779323,0.815795,0.825872,0.835735,0.833914,0.800982,0.813402,0.800320,0.816020,0.853694,0.832865,0.845236,0.836121,0.808877,0.818477,0.855187,0.826868,0.822896,0.819461,0.808299,0.788622,0.775911,0.837393,0.804637,0.814156,0.796663,0.798883,0.835532,0.764419,0.807770,0.828338,0.806174,0.863360,0.786135,0.779765,0.850848,0.801008,0.844685,0.814079,0.827202,0.803285,0.788185,0.820329,0.841528,0.817930,0.807753,0.807709,0.814599,0.792125,0.789833,0.810429,0.826847,0.818470,0.825064,0.804595,0.848073,0.832669,0.820230,0.847910,0.811215,0.797690,0.824408,0.822089,0.814665,0.802326,0.842939,0.826219,0.799280,0.822249,0.797176,0.810162,0.808394,0.790972,0.806941,0.818279,0.813277,0.766692,0.797664,0.810168,0.828098,0.812501,#
5,0.838435,0.841286,0.832978,0.817573,0.842498,1.000000,0.798074,0.832212,0.825141,0.805702,0.801285,0.819992,0.803744,0.785381,0.815343,0.808565,0.818749,0.837642,0.797184,0.855574,0.825921,0.798528,0.803428,0.831346,0.815844,0.820498,0.859243,0.842530,0.800365,0.824199,0.853848,0.854431,0.832307,0.840809,0.807417,0.838052,0.804321,0.799196,0.835459,0.842292,0.830859,0.790514,0.785681,0.816580,0.824448,0.830847,0.856860,0.839098,0.835266,0.826769,0.830347,0.792919,0.823759,0.847217,0.814412,0.880840,0.828730,0.832191,0.861244,0.830105,0.799239,0.823095,0.819837,0.839814,0.830694,0.819268,0.819807,0.832091,0.821387,0.822610,0.854629,0.822446,0.867002,0.811961,0.825883,0.812112,0.829462,0.854717,0.825057,0.826201,0.862135,0.832128,0.848784,0.826154,0.817990,0.831961,0.824145,0.827400,0.838522,0.809738,0.792120,0.796166,0.838606,0.839210,0.794565,0.760923,0.821987,0.819336,0.852380,0.810797,0.853137,0.832483,0.843687,0.823714,0.823460,0.829736,0.829294,0.835905,0.796114,0.820063,0.810077,0.836200,0.818528,0.788924,0.770119,0.802852,0.846340,0.836864,0.791132,0.786974,0.806415,0.835340,0.816301,0.870310,0.793400,0.812760,0.843564,0.808444,0.820864,0.817681,0.832711,0.865395,0.849138,0.847295,0.840458,0.807390,0.810980,0.827718,0.804919,0.792134,0.806521,0.793820,0.824502,0.831963,0.855100,0.774052,0.792525,0.785805,0.829259,0.826623,0.849838,0.833598,0.811571,0.802045,0.825206,0.785489,0.860094,0.829223,0.829739,0.818501,0.822829,0.841412,0.823675,0.823182,0.840519,0.797514,0.785428,0.831894,0.806297,0.792666,0.855637,0.816831,0.811860,0.815782,0.833067,0.815245,0.817569,0.851989,0.831153,0.825875,0.837457,0.828921,0.782160,0.814361,0.823975,0.833850,0.797497,0.808671,0.822928,0.838190,0.805287,0.831519,0.795967,0.834748,0.788607,0.803725,0.778842,0.838042,0.823418,0.815228,#
6,0.844482,0.800147,0.820126,0.816075,0.835960,0.798074,1.000000,0.793265,0.823249,0.807733,0.811183,0.815888,0.808847,0.824518,0.773645,0.817802,0.837574,0.850863,0.813004,0.816566,0.850420,0.793732,0.778637,0.809500,0.819658,0.809517,0.821323,0.822874,0.804344,0.831588,0.836076,0.841384,0.821520,0.820964,0.812604,0.833102,0.802402,0.810111,0.818455,0.839073,0.817450,0.809395,0.841440,0.812693,0.831372,0.779944,0.844977,0.807191,0.854397,0.850132,0.829655,0.831436,0.845194,0.782307,0.831100,0.827688,0.831004,0.849895,0.847662,0.789142,0.834433,0.811980,0.792752,0.802254,0.865087,0.817183,0.864766,0.817822,0.823652,0.805871,0.829987,0.832957,0.839478,0.828702,0.800800,0.822803,0.835428,0.838764,0.841637,0.816903,0.841493,0.829529,0.832030,0.851860,0.819191,0.825606,0.828310,0.809114,0.819543,0.813044,0.788618,0.801969,0.789717,0.811095,0.798354,0.806074,0.822832,0.816449,0.824108,0.824950,0.833794,0.825427,0.825585,0.803164,0.823026,0.783298,0.830416,0.819434,0.820893,0.776092,0.791774,0.787186,0.796347,0.815878,0.801032,0.795233,0.802097,0.837632,0.802848,0.794983,0.810657,0.812886,0.794314,0.845857,0.829249,0.818106,0.785543,0.819409,0.792191,0.809541,0.823390,0.832877,0.817950,0.789519,0.831186,0.829516,0.832197,0.815444,0.836746,0.823356,0.820810,0.820823,0.768763,0.805608,0.806812,0.811320,0.811846,0.803165,0.807018,0.802072,0.810713,0.848462,0.781889,0.776481,0.800875,0.785437,0.824826,0.787189,0.834026,0.823979,0.826752,0.817772,0.796471,0.823507,0.819792,0.832178,0.846386,0.769391,0.818179,0.799809,0.835323,0.819914,0.785591,0.795423,0.824725,0.823991,0.817646,0.851302,0.806941,0.808736,0.821416,0.819889,0.821022,0.832716,0.799001,0.800345,0.798967,0.803489,0.784132,0.813361,0.795770,0.821307,0.788470,0.817102,0.819747,0.815182,0.805878,0.826948,0.819829,0.820869,#
7,0.841244,0.830577,0.836137,0.828565,0.817178,0.832212,0.793265,1.000000,0.850887,0.805024,0.803048,0.802477,0.828327,0.815215,0.836807,0.781505,0.831191,0.837367,0.828460,0.830191,0.833645,0.808541,0.840397,0.816128,0.828680,0.834682,0.835951,0.827798,0.817640,0.832513,0.810103,0.836339,0.805930,0.818938,0.809006,0.823157,0.811732,0.809206,0.848144,0.832540,0.822574,0.813010,0.806638,0.827709,0.817928,0.823032,0.852711,0.839593,0.831763,0.820614,0.834444,0.801723,0.834912,0.848944,0.842262,0.838779,0.825982,0.833188,0.828142,0.841560,0.792236,0.825594,0.824729,0.804038,0.837435,0.842076,0.846998,0.822312,0.827598,0.815448,0.845950,0.778854,0.872264,0.836086,0.843881,0.816064,0.836863,0.826215,0.821256,0.816520,0.869482,0.830445,0.850546,0.839776,0.829476,0.831300,0.845458,0.827339,0.821083,0.825846,0.804724,0.823910,0.837328,0.814078,0.841364,0.814164,0.819750,0.845404,0.847302,0.827670,0.843951,0.811680,0.799593,0.798552,0.828056,0.810287,0.822602,0.844868,0.823766,0.783772,0.863159,0.801727,0.847070,0.810202,0.812019,0.829885,0.818259,0.811050,0.806022,0.805083,0.834605,0.828151,0.808330,0.856584,0.833768,0.827298,0.808052,0.841009,0.802544,0.811350,0.817271,0.834327,0.839620,0.789222,0.848112,0.857742,0.832280,0.840590,0.802062,0.812490,0.808830,0.833032,0.829540,0.820513,0.830732,0.813272,0.836128,0.762723,0.832814,0.814404,0.805259,0.841912,0.832094,0.781516,0.817134,0.833530,0.840531,0.832018,0.826866,0.814859,0.838294,0.796523,0.869462,0.809668,0.832471,0.815299,0.841377,0.802155,0.787203,0.796425,0.862842,0.812633,0.817426,0.835673,0.831817,0.815988,0.816858,0.817375,0.822098,0.806736,0.820691,0.830727,0.794467,0.822854,0.807153,0.822936,0.823499,0.788861,0.833398,0.846710,0.827497,0.810376,0.795171,0.815856,0.821088,0.804994,0.808149,0.863759,0.833629,0.816213,#
8,0.835843,0.851066,0.830186,0.838142,0.812280,0.825141,0.823249,0.850887,1.000000,0.837162,0.816803,0.836149,0.824907,0.827159,0.823244,0.824142,0.823158,0.843605,0.795744,0.840664,0.837382,0.833557,0.810757,0.815965,0.824080,0.824806,0.837217,0.825020,0.829652,0.819242,0.830644,0.844862,0.814020,0.816798,0.802824,0.855070,0.822067,0.819595,0.824997,0.848244,0.809320,0.797311,0.868697,0.815627,0.809528,0.793450,0.830690,0.817008,0.834557,0.831189,0.847480,0.817987,0.825484,0.844173,0.825850,0.855144,0.822613,0.847603,0.809469,0.803042,0.833506,0.815962,0.845289,0.821279,0.850250,0.860463,0.835456,0.848656,0.858167,0.832137,0.836600,0.836293,0.873825,0.838565,0.826892,0.804158,0.829618,0.849422,0.843472,0.829878,0.853028,0.826841,0.834961,0.849580,0.847699,0.838070,0.819554,0.840113,0.797395,0.813558,0.815919,0.806459,0.815558,0.817229,0.811383,0.808913,0.823341,0.844458,0.869069,0.838840,0.842008,0.795551,0.833224,0.846578,0.799692,0.832337,0.835774,0.841710,0.801929,0.821929,0.824038,0.817103,0.839933,0.815102,0.793799,0.839898,0.822694,0.819602,0.808282,0.822104,0.808427,0.817465,0.818189,0.856047,0.819763,0.843283,0.803129,0.818472,0.842069,0.824539,0.799422,0.840712,0.842007,0.818531,0.858987,0.838911,0.825107,0.825417,0.807513,0.829135,0.807246,0.828681,0.826544,0.808736,0.832126,0.790125,0.816312,0.808097,0.832844,0.823434,0.800371,0.860910,0.792233,0.843140,0.832579,0.791328,0.840013,0.846920,0.850233,0.827307,0.829333,0.796810,0.840185,0.822856,0.806848,0.811383,0.831455,0.820129,0.831532,0.796498,0.839569,0.838706,0.801648,0.827010,0.856970,0.825473,0.827224,0.858600,0.822986,0.801818,0.823774,0.829181,0.793735,0.827604,0.827604,0.811420,0.845922,0.801965,0.832133,0.847701,0.838980,0.830565,0.836188,0.826479,0.804511,0.802101,0.779917,0.834160,0.818325,0.856836,#
9,0.816026,0.833461,0.818517,0.820570,0.812093,0.805702,0.807733,0.805024,0.837162,1.000000,0.792665,0.793382,0.812766,0.812366,0.827634,0.802143,0.820390,0.818524,0.812258,0.808641,0.843626,0.798732,0.801779,0.828598,0.801403,0.782303,0.831312,0.855390,0.794898,0.817918,0.801328,0.839663,0.814062,0.826141,0.806850,0.824070,0.797348,0.792563,0.825609,0.840044,0.823082,0.804546,0.800364,0.797359,0.826966,0.782594,0.827000,0.801898,0.802863,0.817711,0.807915,0.788423,0.789563,0.808962,0.809379,0.823713,0.821871,0.862545,0.798880,0.809545,0.814242,0.809225,0.809254,0.790750,0.808857,0.854014,0.843510,0.836665,0.842836,0.808274,0.830309,0.806832,0.847531,0.804163,0.811207,0.798483,0.819761,0.856722,0.822411,0.854005,0.827119,0.825506,0.817908,0.863576,0.837113,0.809561,0.814679,0.854606,0.801777,0.783707,0.801410,0.799473,0.827003,0.799798,0.812826,0.784940,0.793029,0.810491,0.837110,0.820652,0.836343,0.823255,0.825273,0.810584,0.818737,0.831636,0.807196,0.822237,0.847146,0.826710,0.820960,0.830181,0.839960,0.810574,0.784819,0.841038,0.774756,0.800041,0.775085,0.780593,0.801357,0.823357,0.813936,0.846050,0.816434,0.798294,0.806343,0.790442,0.835218,0.800868,0.800175,0.840509,0.814526,0.826761,0.840923,0.801466,0.819516,0.802674,0.798751,0.808085,0.821949,0.855803,0.814450,0.833092,0.805836,0.815426,0.823018,0.800327,0.824512,0.797181,0.779802,0.814117,0.802975,0.797080,0.820377,0.803745,0.807584,0.823274,0.820170,0.822552,0.825238,0.829964,0.823918,0.815304,0.817871,0.834033,0.792400,0.808572,0.822995,0.793983,0.834047,0.819929,0.794638,0.793379,0.833633,0.845231,0.812525,0.853537,0.807610,0.817952,0.828070,0.813046,0.815095,0.792533,0.798912,0.827874,0.784316,0.784317,0.845181,0.801401,0.813096,0.818096,0.782685,0.792731,0.786477,0.776338,0.802860,0.821388,0.795000,0.803267,#
10,0.832747,0.830516,0.806109,0.805682,0.794064,0.801285,0.811183,0.803048,0.816803,0.792665,1.000000,0.814497,0.787946,0.790468,0.768343,0.793785,0.820742,0.796561,0.807469,0.801612,0.812330,0.788423,0.803146,0.831582,0.778952,0.795651,0.816424,0.842153,0.795153,0.818786,0.811411,0.805311,0.794104,0.821396,0.815853,0.812226,0.799592,0.820938,0.811727,0.809813,0.817683,0.770914,0.799198,0.780671,0.805429,0.804807,0.863528,0.815363,0.824338,0.860559,0.785993,0.813054,0.818049,0.780468,0.820409,0.846313,0.819227,0.852164,0.780153,0.802520,0.811813,0.815160,0.837334,0.824505,0.829574,0.788530,0.834548,0.795247,0.825865,0.807388,0.837732,0.822328,0.857442,0.770041,0.803440,0.835241,0.801015,0.835185,0.823504,0.798371,0.853102,0.807740,0.821056,0.815996,0.808781,0.811126,0.829526,0.810064,0.799439,0.835025,0.770712,0.813763,0.834227,0.787757,0.779778,0.802919,0.782582,0.820309,0.826619,0.826771,0.812326,0.787098,0.800215,0.824581,0.830405,0.798589,0.808771,0.809072,0.803056,0.796695,0.800299,0.775823,0.816266,0.799701,0.779558,0.825291,0.781665,0.802987,0.805205,0.774079,0.801914,0.825252,0.768340,0.835133,0.763529,0.805072,0.813097,0.810205,0.810181,0.793935,0.784953,0.821309,0.796475,0.791497,0.838563,0.853303,0.807058,0.793015,0.812437,0.821726,0.829358,0.807139,0.772788,0.806252,0.766352,0.784057,0.820358,0.785522,0.816120,0.808727,0.790947,0.806298,0.805090,0.796695,0.822171,0.784677,0.834872,0.829243,0.814260,0.784794,0.835711,0.796339,0.797568,0.808805,0.795316,0.799160,0.823921,0.789559,0.815060,0.815994,0.806665,0.816489,0.767000,0.802030,0.832517,0.807092,0.798018,0.829869,0.783003,0.824765,0.789542,0.790601,0.804945,0.787790,0.754391,0.808872,0.807795,0.794950,0.767005,0.816442,0.811282,0.780809,0.781980,0.815910,0.814011,0.785599,0.774531,0.827437,0.808918,0.828264,#
11,0.853868,0.830751,0.802478,0.825198,0.836082,0.819992,0.815888,0.802477,0.836149,0.793382,0.814497,1.000000,0.832889,0.799007,0.817173,0.805211,0.825620,0.851804,0.852160,0.827011,0.816379,0.796787,0.826252,0.804963,0.820940,0.800536,0.805059,0.818545,0.829791,0.803351,0.835947,0.842722,0.830927,0.823195,0.791989,0.818574,0.833992,0.833309,0.811278,0.843814,0.827568,0.782132,0.825171,0.798261,0.804670,0.785339,0.873439,0.834644,0.817407,0.848844,0.816082,0.795682,0.859935,0.813807,0.837581,0.840576,0.802387,0.865564,0.821974,0.820865,0.795810,0.791757,0.851589,0.803613,0.839358,0.828372,0.831269,0.823792,0.844160,0.820849,0.844410,0.801945,0.838353,0.825272,0.847665,0.796274,0.843017,0.856151,0.825998,0.792455,0.833354,0.816077,0.838962,0.826652,0.853456,0.814167,0.799378,0.796247,0.799655,0.789813,0.799383,0.815446,0.815740,0.799623,0.787949,0.837255,0.804288,0.823164,0.817441,0.815118,0.810771,0.819736,0.827445,0.818443,0.832472,0.821782,0.824976,0.845276,0.835083,0.810133,0.848714,0.826585,0.836368,0.795664,0.767273,0.824652,0.805989,0.823452,0.795424,0.817902,0.783439,0.820949,0.810434,0.844241,0.811906,0.818660,0.818774,0.820771,0.829260,0.836356,0.829301,0.827673,0.844526,0.822076,0.840195,0.832231,0.841810,0.816097,0.811795,0.816122,0.800664,0.798821,0.816402,0.832212,0.827270,0.773131,0.835195,0.796068,0.821627,0.820061,0.802337,0.818251,0.808577,0.836070,0.844208,0.789079,0.838721,0.812047,0.818497,0.797299,0.827771,0.825304,0.832925,0.813755,0.842563,0.798372,0.841596,0.777456,0.826982,0.837386,0.840556,0.821434,0.829210,0.850511,0.821480,0.821538,0.822581,0.835294,0.803500,0.828635,0.815109,0.799628,0.823342,0.807673,0.828164,0.786300,0.818482,0.832426,0.803498,0.800462,0.842326,0.820680,0.812030,0.813744,0.800193,0.796872,0.794841,0.819602,0.816113,0.809312,#
12,0.825126,0.829440,0.797703,0.823314,0.806803,0.803744,0.808847,0.828327,0.824907,0.812766,0.787946,0.832889,1.000000,0.812745,0.826194,0.783358,0.818331,0.831079,0.827173,0.816220,0.830215,0.783295,0.825848,0.824719,0.805966,0.817822,0.802667,0.815951,0.826749,0.790906,0.820576,0.817543,0.821548,0.829071,0.815278,0.822489,0.812350,0.808381,0.825701,0.828610,0.769070,0.758686,0.794272,0.818562,0.813541,0.814577,0.852070,0.802248,0.827208,0.828060,0.848734,0.778796,0.806624,0.809583,0.828852,0.830390,0.811955,0.822226,0.827214,0.792792,0.774318,0.811016,0.809247,0.779213,0.835732,0.822664,0.812868,0.806961,0.840599,0.810491,0.827838,0.800780,0.844957,0.803709,0.838985,0.811934,0.828149,0.828994,0.826251,0.819040,0.841015,0.811938,0.848810,0.830535,0.797125,0.826714,0.797543,0.814743,0.806199,0.789509,0.808614,0.794981,0.822828,0.786116,0.776673,0.825820,0.828980,0.809764,0.801890,0.793545,0.794760,0.826841,0.805892,0.815039,0.791892,0.805765,0.801189,0.816047,0.834214,0.805995,0.823459,0.796603,0.823316,0.788484,0.832608,0.819144,0.772456,0.798399,0.797592,0.785425,0.793839,0.827977,0.794617,0.845240,0.817044,0.827392,0.812960,0.784156,0.788834,0.811923,0.766839,0.803683,0.796031,0.796421,0.799705,0.810762,0.796043,0.832117,0.798959,0.772671,0.812998,0.819011,0.801980,0.819241,0.793476,0.803369,0.820405,0.764238,0.814897,0.822913,0.808766,0.812889,0.811190,0.770394,0.818264,0.818829,0.840968,0.833476,0.839463,0.790890,0.814956,0.829503,0.828217,0.802836,0.843404,0.780145,0.803487,0.825073,0.786274,0.789092,0.838596,0.798939,0.806124,0.822367,0.813656,0.799599,0.837914,0.852458,0.773229,0.764541,0.798138,0.830740,0.802581,0.799195,0.755585,0.799817,0.786645,0.821452,0.820969,0.811530,0.798663,0.798330,0.767718,0.801882,0.784331,0.802162,0.784101,0.829396,0.827703,0.783328,#
13,0.806337,0.817672,0.818217,0.803515,0.811852,0.785381,0.824518,0.815215,0.827159,0.812366,0.790468,0.799007,0.812745,1.000000,0.784263,0.790389,0.798542,0.846977,0.833274,0.806566,0.830199,0.798127,0.846678,0.814757,0.798812,0.809117,0.799337,0.830515,0.827000,0.840815,0.782959,0.822775,0.830835,0.834920,0.759824,0.812905,0.799682,0.833570,0.824179,0.837521,0.850385,0.788557,0.826680,0.788315,0.835229,0.811484,0.815382,0.823993,0.846604,0.834015,0.816521,0.830549,0.818471,0.812480,0.845751,0.852000,0.823984,0.836780,0.814315,0.813644,0.816736,0.808307,0.797353,0.806716,0.852090,0.828652,0.834609,0.817429,0.841058,0.809611,0.806891,0.809067,0.830574,0.832960,0.826579,0.797993,0.821737,0.823538,0.840982,0.818692,0.828029,0.817685,0.850284,0.838624,0.822189,0.831731,0.780979,0.793474,0.834351,0.806170,0.793724,0.813591,0.825621,0.806056,0.802662,0.783050,0.810472,0.796748,0.819163,0.846143,0.829909,0.816467,0.823974,0.832499,0.814354,0.837144,0.805967,0.838399,0.795014,0.790760,0.821333,0.811072,0.815635,0.810011,0.800325,0.822305,0.784293,0.833967,0.816049,0.782550,0.808495,0.811025,0.789321,0.802706,0.795484,0.794466,0.812817,0.796712,0.807419,0.806466,0.800991,0.803147,0.806393,0.809128,0.840353,0.824483,0.804490,0.813984,0.848854,0.794614,0.808179,0.832415,0.827989,0.789235,0.776298,0.790718,0.829763,0.785536,0.822786,0.811147,0.807671,0.842875,0.790532,0.804618,0.810782,0.795643,0.829271,0.793865,0.841226,0.795299,0.838552,0.808345,0.832889,0.822472,0.814249,0.805998,0.823058,0.805680,0.819597,0.789282,0.826406,0.828186,0.828589,0.826067,0.855583,0.828783,0.820817,0.862051,0.812889,0.800284,0.802925,0.813380,0.820211,0.801163,0.797527,0.816661,0.786689,0.806412,0.781832,0.811397,0.825918,0.802086,0.809124,0.826329,0.812509,0.788257,0.797014,0.834931,0.821005,0.793953,#
14,0.828987,0.830056,0.821309,0.804929,0.800254,0.815343,0.773645,0.836807,0.823244,0.827634,0.768343,0.817173,0.826194,0.784263,1.000000,0.793895,0.812711,0.800023,0.787974,0.797273,0.812507,0.796096,0.800120,0.828096,0.801103,0.756085,0.817096,0.803455,0.813738,0.811537,0.839620,0.810903,0.799507,0.795492,0.819286,0.813266,0.776691,0.809345,0.839806,0.814467,0.789271,0.771137,0.802757,0.813271,0.801943,0.797127,0.820449,0.782368,0.787908,0.797369,0.794112,0.794271,0.792811,0.827196,0.814093,0.814277,0.803467,0.807473,0.814673,0.777752,0.798594,0.809681,0.808344,0.794867,0.800409,0.805846,0.796910,0.807792,0.821928,0.816025,0.821533,0.788297,0.851424,0.808780,0.834461,0.791782,0.821699,0.833460,0.799454,0.794957,0.831873,0.820890,0.844402,0.843958,0.823387,0.818628,0.787844,0.811179,0.809004,0.765280,0.777314,0.758107,0.819058,0.842034,0.803926,0.799890,0.812498,0.799440,0.818928,0.790254,0.810598,0.808285,0.817478,0.764728,0.815166,0.805013,0.786559,0.790836,0.814764,0.793669,0.822855,0.805940,0.837264,0.792614,0.764541,0.816113,0.786569,0.784527,0.785290,0.783900,0.803001,0.820424,0.801399,0.829414,0.815209,0.754043,0.795488,0.830196,0.782033,0.810310,0.768894,0.829802,0.791424,0.794516,0.822611,0.815103,0.811117,0.814863,0.800995,0.795775,0.786528,0.816935,0.772540,0.823517,0.789872,0.811286,0.828875,0.763090,0.813930,0.772117,0.814960,0.805983,0.788512,0.786433,0.820422,0.794853,0.803786,0.810144,0.778420,0.790246,0.802699,0.778018,0.821593,0.786230,0.813255,0.792256,0.794430,0.783136,0.765042,0.811462,0.815161,0.780278,0.810546,0.821421,0.828131,0.822586,0.805841,0.825281,0.787245,0.778247,0.811581,0.828109,0.787384,0.782871,0.792205,0.791362,0.808612,0.768676,0.799198,0.795193,0.781102,0.787285,0.810594,0.816222,0.780845,0.769610,0.786516,0.812187,0.780846,0.759073,#
15,0.817638,0.807327,0.789546,0.806366,0.810626,0.808565,0.817802,0.781505,0.824142,0.802143,0.793785,0.805211,0.783358,0.790389,0.793895,1.000000,0.800926,0.831175,0.799428,0.801153,0.795886,0.806463,0.792336,0.812689,0.799488,0.783930,0.781087,0.800829,0.798430,0.803213,0.826546,0.835068,0.790652,0.835154,0.769769,0.830136,0.807817,0.829256,0.811643,0.795345,0.776115,0.758008,0.818049,0.787778,0.813850,0.785611,0.827922,0.804638,0.815600,0.815514,0.795569,0.812156,0.791715,0.795956,0.807149,0.803510,0.818647,0.803822,0.800167,0.788828,0.827689,0.809775,0.797009,0.804092,0.815900,0.812283,0.806789,0.818112,0.792719,0.778778,0.817236,0.775786,0.805525,0.800155,0.805194,0.795728,0.809462,0.818501,0.822747,0.792770,0.819984,0.808127,0.813929,0.836752,0.835913,0.807733,0.759406,0.806746,0.784190,0.751410,0.759747,0.784754,0.817240,0.806150,0.750651,0.790674,0.782583,0.800920,0.806377,0.811055,0.816341,0.787048,0.819902,0.801111,0.794671,0.799539,0.791501,0.822643,0.776254,0.812035,0.773971,0.764656,0.815840,0.796031,0.778649,0.783602,0.769981,0.799844,0.781745,0.813452,0.775140,0.795409,0.789416,0.826245,0.768680,0.784029,0.799126,0.775947,0.812267,0.835074,0.796474,0.785762,0.774763,0.761030,0.818724,0.815068,0.813041,0.773703,0.778538,0.796671,0.770212,0.778681,0.775666,0.790371,0.793756,0.773592,0.781066,0.772787,0.804690,0.779517,0.816954,0.820834,0.808179,0.800829,0.802281,0.777831,0.819576,0.779753,0.813398,0.805585,0.791796,0.810953,0.829539,0.788502,0.807675,0.782318,0.809745,0.781130,0.810393,0.778122,0.774383,0.814649,0.754691,0.822169,0.801485,0.830817,0.792122,0.822027,0.804094,0.794234,0.801208,0.812755,0.768448,0.807339,0.805820,0.771715,0.748298,0.759557,0.752680,0.799649,0.774261,0.810616,0.779407,0.785761,0.772868,0.780042,0.787148,0.805595,0.820891,0.814269,#
16,0.846816,0.828070,0.811813,0.816097,0.817927,0.818749,0.837574,0.831191,0.823158,0.820390,0.820742,0.825620,0.818331,0.798542,0.812711,0.800926,1.000000,0.849282,0.830648,0.840014,0.872780,0.801896,0.788966,0.826023,0.820493,0.831960,0.837796,0.798503,0.790944,0.812130,0.840106,0.842315,0.824029,0.810524,0.807676,0.827574,0.844559,0.831178,0.845898,0.844513,0.816475,0.799877,0.816969,0.802816,0.813191,0.819849,0.829462,0.807396,0.838757,0.844040,0.800291,0.814918,0.827009,0.838009,0.829195,0.845038,0.786790,0.836527,0.827584,0.791097,0.826739,0.836626,0.812178,0.785817,0.826715,0.819689,0.848144,0.825760,0.845609,0.833734,0.838331,0.803208,0.859652,0.818238,0.832071,0.806486,0.818865,0.844047,0.822345,0.845293,0.868410,0.828681,0.852947,0.842580,0.835020,0.828732,0.839102,0.787323,0.801942,0.818711,0.782124,0.810511,0.835183,0.803848,0.812719,0.840128,0.806947,0.822605,0.846402,0.829047,0.832381,0.820113,0.817819,0.824241,0.816195,0.845144,0.828575,0.822427,0.852230,0.803549,0.834497,0.817666,0.839601,0.808813,0.831294,0.844582,0.852724,0.833931,0.797878,0.752817,0.797506,0.820351,0.815273,0.844258,0.835214,0.811027,0.793559,0.797361,0.826267,0.800047,0.835872,0.820071,0.823219,0.797781,0.845900,0.853320,0.828596,0.802131,0.797387,0.796464,0.813490,0.815232,0.819882,0.819946,0.797190,0.784780,0.839441,0.799919,0.828347,0.814861,0.801517,0.837394,0.787182,0.798347,0.854803,0.804164,0.839565,0.811698,0.820294,0.822845,0.824893,0.803263,0.855954,0.808465,0.832838,0.833698,0.826083,0.823884,0.823815,0.797066,0.814405,0.837249,0.819064,0.832157,0.830474,0.818931,0.801147,0.877096,0.817001,0.803164,0.807275,0.807287,0.805707,0.818170,0.787313,0.806984,0.818751,0.818512,0.821196,0.819193,0.825553,0.802743,0.814397,0.820607,0.819493,0.812249,0.816408,0.838163,0.826196,0.817854,#
17,0.857670,0.823942,0.835886,0.819935,0.831057,0.837642,0.850863,0.837367,0.843605,0.818524,0.796561,0.851804,0.831079,0.846977,0.800023,0.831175,0.849282,1.000000,0.824211,0.857025,0.843345,0.810254,0.835163,0.813072,0.860655,0.841118,0.844049,0.839711,0.819514,0.835786,0.843915,0.855106,0.805584,0.818251,0.801755,0.842109,0.811723,0.843342,0.858357,0.872160,0.841044,0.832822,0.835501,0.822039,0.824704,0.817652,0.842179,0.857628,0.860128,0.864943,0.838987,0.801489,0.829686,0.829870,0.852637,0.848313,0.845159,0.836706,0.837450,0.815968,0.816947,0.824643,0.831424,0.809738,0.839715,0.857796,0.878540,0.853251,0.831317,0.816382,0.841464,0.805000,0.839611,0.837088,0.845902,0.811080,0.838335,0.858179,0.849009,0.850826,0.863143,0.833898,0.859411,0.860940,0.834097,0.829950,0.836773,0.830310,0.824389,0.807155,0.805627,0.802311,0.841423,0.833443,0.814552,0.838463,0.816180,0.808125,0.827990,0.842525,0.855358,0.797781,0.825827,0.816085,0.814069,0.834025,0.823996,0.837765,0.815847,0.832722,0.846305,0.808110,0.830781,0.828839,0.837189,0.816511,0.797146,0.832200,0.820793,0.820003,0.821069,0.838567,0.824357,0.838795,0.808736,0.832684,0.819874,0.817418,0.826723,0.826909,0.852703,0.855074,0.850793,0.809384,0.840627,0.853853,0.850110,0.829447,0.836540,0.842149,0.830982,0.838867,0.856710,0.827865,0.836921,0.792716,0.827174,0.791613,0.850599,0.800826,0.830796,0.839628,0.817184,0.815452,0.836805,0.838647,0.876219,0.819550,0.835927,0.827246,0.846006,0.823606,0.873728,0.809005,0.846263,0.819526,0.801623,0.796531,0.832663,0.810717,0.849096,0.818611,0.829604,0.835174,0.868104,0.810120,0.833426,0.861270,0.828542,0.852647,0.833311,0.861979,0.830016,0.856995,0.834229,0.806250,0.819721,0.847708,0.794252,0.812426,0.851632,0.828500,0.814086,0.830316,0.829839,0.836415,0.803609,0.858347,0.837142,0.805997,#
18,0.830152,0.825350,0.808672,0.831723,0.815239,0.797184,0.813004,0.828460,0.795744,0.812258,0.807469,0.852160,0.827173,0.833274,0.787974,0.799428,0.830648,0.824211,1.000000,0.825330,0.813923,0.822198,0.812048,0.792317,0.800034,0.827756,0.809046,0.828437,0.801447,0.838439,0.786794,0.835289,0.812276,0.839685,0.812999,0.831277,0.805357,0.834508,0.820814,0.837768,0.821341,0.770048,0.813823,0.787203,0.833265,0.794310,0.856023,0.845851,0.821404,0.808752,0.786650,0.800022,0.838966,0.793057,0.828486,0.832722,0.817343,0.832679,0.809429,0.839682,0.823760,0.795628,0.809010,0.780756,0.847358,0.802040,0.821372,0.803975,0.780165,0.816542,0.835210,0.783595,0.848589,0.807400,0.846418,0.788271,0.828605,0.816987,0.822701,0.812905,0.819954,0.808459,0.848475,0.837143,0.847926,0.827697,0.797880,0.815316,0.808152,0.784974,0.808191,0.789690,0.832082,0.820759,0.810843,0.793382,0.808012,0.815778,0.819601,0.825349,0.834781,0.804048,0.813874,0.803748,0.814068,0.838660,0.802589,0.822811,0.818825,0.801258,0.842716,0.779095,0.843157,0.813840,0.782281,0.808660,0.791488,0.815312,0.812307,0.783541,0.799353,0.826867,0.801851,0.815317,0.818653,0.775481,0.812481,0.798701,0.848755,0.791028,0.809597,0.833569,0.812749,0.795234,0.836957,0.843204,0.836789,0.820002,0.798040,0.806989,0.793177,0.824948,0.808416,0.843455,0.792178,0.799996,0.820752,0.769366,0.832392,0.808022,0.806208,0.829400,0.835192,0.793556,0.825225,0.826268,0.809542,0.832965,0.815409,0.802474,0.833719,0.813874,0.849604,0.815620,0.826036,0.811849,0.860018,0.782659,0.790466,0.799176,0.819330,0.829107,0.837818,0.823323,0.806012,0.818384,0.800851,0.855617,0.791277,0.830224,0.805546,0.823170,0.790043,0.804240,0.792621,0.805890,0.809155,0.777595,0.790711,0.822638,0.827841,0.817557,0.775599,0.841161,0.817476,0.794721,0.771234,0.851456,0.825396,0.817513,#
19,0.835089,0.842689,0.832411,0.817055,0.845438,0.855574,0.816566,0.830191,0.840664,0.808641,0.801612,0.827011,0.816220,0.806566,0.797273,0.801153,0.840014,0.857025,0.825330,1.000000,0.827952,0.799719,0.801871,0.818927,0.815451,0.797598,0.836741,0.808098,0.802163,0.832463,0.839746,0.854142,0.815250,0.807587,0.784869,0.833894,0.803182,0.810274,0.836823,0.843321,0.834017,0.796555,0.819138,0.798825,0.806825,0.821074,0.860839,0.822095,0.842695,0.808739,0.787192,0.793551,0.814679,0.827293,0.826545,0.815531,0.830817,0.826566,0.815148,0.785430,0.822277,0.812092,0.833155,0.802226,0.834118,0.836617,0.824036,0.825335,0.827060,0.806821,0.836262,0.801334,0.855632,0.816824,0.827267,0.802480,0.805459,0.831241,0.830205,0.813896,0.843435,0.793549,0.858227,0.825261,0.815808,0.802711,0.816889,0.832247,0.835456,0.780706,0.785038,0.801794,0.821114,0.809275,0.799858,0.795808,0.816654,0.821851,0.820430,0.844293,0.835830,0.809487,0.814895,0.818882,0.812633,0.816454,0.831831,0.815328,0.818412,0.771900,0.819068,0.797567,0.830315,0.820630,0.813084,0.817882,0.835712,0.822788,0.801201,0.752680,0.820128,0.828595,0.797529,0.855882,0.831214,0.813346,0.817171,0.817370,0.850183,0.834076,0.821068,0.851220,0.826438,0.819621,0.845918,0.838373,0.828712,0.814858,0.809876,0.805305,0.797967,0.812885,0.802177,0.807969,0.811947,0.777931,0.795261,0.755874,0.847323,0.817809,0.807507,0.845725,0.795372,0.797946,0.837565,0.812820,0.845177,0.829687,0.840189,0.829111,0.821413,0.828332,0.826580,0.812445,0.830663,0.813918,0.793380,0.824676,0.800018,0.788260,0.809331,0.837486,0.827645,0.822394,0.853233,0.809950,0.825010,0.865710,0.811801,0.790827,0.784218,0.846809,0.815302,0.842384,0.825346,0.796190,0.792053,0.801003,0.816870,0.822231,0.831113,0.822173,0.794917,0.847741,0.810576,0.823813,0.781788,0.807363,0.811336,0.800219,#
20,0.826039,0.840331,0.824740,0.831569,0.838268,0.825921,0.850420,0.833645,0.837382,0.843626,0.812330,0.816379,0.830215,0.830199,0.812507,0.795886,0.872780,0.843345,0.813923,0.827952,1.000000,0.819024,0.803691,0.836057,0.829913,0.839090,0.841902,0.833300,0.813780,0.833195,0.834193,0.844191,0.834208,0.860315,0.819404,0.851049,0.821538,0.815767,0.838439,0.857511,0.836013,0.839662,0.811701,0.821974,0.851631,0.807414,0.851415,0.819934,0.833568,0.837904,0.812428,0.826418,0.828487,0.843714,0.838580,0.834807,0.807398,0.838635,0.835389,0.808455,0.829192,0.815326,0.844169,0.806076,0.847491,0.837255,0.862175,0.812861,0.843553,0.820885,0.843828,0.819775,0.843107,0.828753,0.827266,0.790261,0.828193,0.850201,0.851265,0.850506,0.847116,0.860763,0.852193,0.851700,0.805302,0.821121,0.840984,0.828221,0.832096,0.850046,0.827000,0.815860,0.834697,0.837496,0.822316,0.820080,0.805751,0.811580,0.838161,0.837155,0.848608,0.818704,0.831860,0.840733,0.826659,0.817114,0.859900,0.838458,0.821375,0.849757,0.822550,0.838746,0.817762,0.782828,0.840227,0.822584,0.824813,0.846908,0.779913,0.775261,0.849180,0.843810,0.806400,0.870028,0.810922,0.832736,0.808202,0.801774,0.828276,0.833745,0.833786,0.834609,0.855023,0.835966,0.840570,0.837096,0.814738,0.833154,0.837458,0.847395,0.815007,0.817333,0.814370,0.826006,0.821720,0.796894,0.836789,0.801906,0.828279,0.837373,0.833870,0.845769,0.816487,0.810828,0.838237,0.807920,0.835497,0.832477,0.848629,0.816461,0.826752,0.832715,0.834936,0.827727,0.847059,0.799535,0.809276,0.820531,0.810743,0.796696,0.849673,0.819805,0.831828,0.828261,0.832758,0.831758,0.815961,0.867902,0.827061,0.815187,0.828340,0.818663,0.825405,0.814742,0.788181,0.830096,0.817400,0.825328,0.804301,0.820493,0.805744,0.815411,0.826267,0.845486,0.827175,0.794396,0.810746,0.841191,0.835294,0.825795,#
21,0.804639,0.855505,0.807920,0.841812,0.831377,0.798528,0.793732,0.808541,0.833557,0.798732,0.788423,0.796787,0.783295,0.798127,0.796096,0.806463,0.801896,0.810254,0.822198,0.799719,0.819024,1.000000,0.804820,0.816251,0.779545,0.780735,0.827246,0.781250,0.815499,0.786020,0.795841,0.798236,0.824643,0.830603,0.801696,0.836448,0.809042,0.812290,0.820805,0.817333,0.796513,0.810482,0.794001,0.810390,0.814969,0.798218,0.822165,0.824367,0.815471,0.799433,0.787701,0.814287,0.813133,0.790491,0.830215,0.818770,0.806492,0.808040,0.841046,0.775397,0.803300,0.804562,0.767637,0.777306,0.830483,0.813835,0.822383,0.805960,0.800136,0.816056,0.814494,0.806917,0.834251,0.819714,0.843256,0.802899,0.806686,0.816348,0.815700,0.815024,0.808905,0.793836,0.836988,0.841728,0.840587,0.815425,0.789020,0.825282,0.819334,0.809331,0.762564,0.759632,0.823744,0.808118,0.803979,0.798918,0.806281,0.777739,0.804658,0.826839,0.812819,0.819934,0.780940,0.801828,0.779217,0.829852,0.788474,0.810730,0.791245,0.822098,0.834921,0.773611,0.813682,0.815790,0.759994,0.788117,0.802053,0.833667,0.787512,0.778647,0.807989,0.815432,0.783543,0.810368,0.794587,0.768251,0.813740,0.818168,0.802568,0.826825,0.824828,0.833058,0.806209,0.791987,0.835564,0.798615,0.774223,0.766920,0.801547,0.816588,0.801110,0.820687,0.775076,0.810255,0.785554,0.799278,0.790663,0.755763,0.799722,0.802213,0.800551,0.832613,0.789561,0.798523,0.807129,0.810638,0.822551,0.801582,0.789692,0.805718,0.813085,0.822370,0.821250,0.816451,0.826936,0.790419,0.832647,0.793537,0.757209,0.794362,0.830283,0.795148,0.809261,0.794527,0.804680,0.808823,0.755274,0.829263,0.807577,0.791523,0.788643,0.835585,0.794272,0.803516,0.789081,0.824927,0.794473,0.753880,0.765476,0.818995,0.807163,0.787239,0.798747,0.790389,0.802353,0.769196,0.799259,0.813047,0.773749,0.822086,#
