0,1.000000,0.342402,0.398488,0.307856,0.379834,0.370991,0.289785,0.298489,0.322792,0.355451,0.394950,0.338079,0.293757,0.288813,0.411069,0.340818,0.348507,0.489200,0.361832,0.340549,0.442482,0.428617,0.361604,0.431864,0.370402,0.313615,0.381054,0.381741,0.438950,0.359775,0.268573,0.294165,0.390848,0.325925,0.249891,0.395097,0.393022,0.358530,0.453689,0.423834,0.316296,0.395189,0.253247,0.331028,0.304281,0.415493,0.452428,0.401828,0.381326,0.428447,0.462061,0.275698,0.356352,0.281648,0.423995,0.367189,0.385358,0.380592,0.346067,0.289932,0.343516,0.287939,0.409161,0.338606,0.384355,0.306130,0.333554,0.380982,0.403311,0.370562,0.494371,0.381080,0.438762,0.401990,0.307878,0.260001,0.276454,0.410144,0.367905,0.300595,0.409275,0.379108,0.408888,0.388998,0.391132,0.329054,0.409197,0.347264,0.477695,0.359701,0.386743,0.315065,0.337323,0.368485,0.414978,0.357436,0.413971,0.337747,0.333817,0.380826,0.399998,0.414258,0.317377,0.362162,0.321832,0.370364,0.382403,0.364834,0.333913,0.259425,0.266024,0.383019,0.331897,0.375504,0.296511,0.393160,0.431321,0.271982,0.411897,0.360554,0.444243,0.317471,0.309616,0.336290,0.330700,0.479448,0.274646,0.270636,0.328607,0.445400,0.411480,0.441426,0.361853,0.326479,0.363483,0.289010,0.437445,0.336504,0.354771,0.488155,0.364612,0.352604,0.359874,0.289960,0.394602,0.392008,0.319480,0.198667,0.395373,0.355858,0.367129,0.300249,0.379483,0.319111,0.326982,0.285687,0.216367,0.267529,0.374653,0.436397,0.358695,0.390674,0.215849,0.348291,0.446492,0.198430,0.223590,0.309118,0.397287,0.287655,0.450100,0.196093,0.419595,0.457507,0.268986,0.370070,0.432829,0.382116,0.396966,0.329870,0.332919,0.438209,0.266817,0.256518,0.281231,0.403708,0.427102,0.496935,0.431478,0.265789,0.315548,0.423316,0.207504,0.242536,0.383577,0.237670,0.278055,0.323402,0.426910,0.398906,#
1,0.342402,1.000000,0.315993,0.360795,0.423631,0.353511,0.404886,0.357101,0.283828,0.279092,0.419433,0.380334,0.319188,0.406364,0.290950,0.229945,0.231802,0.388057,0.366378,0.326640,0.330546,0.424145,0.252953,0.367110,0.394181,0.395299,0.445618,0.452479,0.312446,0.286832,0.360425,0.344085,0.401061,0.326333,0.210505,0.319330,0.336692,0.374850,0.419988,0.304995,0.307952,0.337107,0.384709,0.342746,0.345786,0.390107,0.466423,0.427030,0.292363,0.290080,0.482807,0.182671,0.454075,0.341066,0.352545,0.348855,0.379885,0.388917,0.393649,0.343663,0.330277,0.342382,0.388108,0.360520,0.320227,0.356883,0.235149,0.405013,0.389857,0.366635,0.396497,0.331276,0.446558,0.308452,0.365804,0.175748,0.332753,0.348594,0.436675,0.363473,0.383000,0.420886,0.394624,0.408733,0.316754,0.155143,0.425298,0.357105,0.418112,0.423843,0.396497,0.402061,0.290462,0.364783,0.285161,0.331487,0.301818,0.298210,0.249152,0.260392,0.346770,0.334654,0.377389,0.345723,0.301718,0.339568,0.383385,0.432557,0.294950,0.375693,0.433478,0.328247,0.294583,0.382189,0.353813,0.428237,0.417819,0.246670,0.395323,0.350834,0.284947,0.378038,0.361649,0.373161,0.345369,0.397846,0.327411,0.325002,0.281407,0.344188,0.370216,0.392492,0.251895,0.357707,0.453890,0.389420,0.356155,0.364472,0.365727,0.438759,0.426862,0.246831,0.249968,0.273121,0.420604,0.315306,0.323430,0.144051,0.354695,0.318397,0.342541,0.315796,0.306134,0.220528,0.362272,0.306279,0.307737,0.316024,0.254697,0.184490,0.220582,0.428293,0.297858,0.377966,0.386512,0.317490,0.222616,0.352717,0.357282,0.414662,0.407115,0.347319,0.309647,0.326777,0.337020,0.294982,0.225666,0.405028,0.388465,0.304077,0.306651,0.330840,0.328799,0.279122,0.344615,0.395870,0.309321,0.438531,0.328298,0.360949,0.447845,0.343883,0.178398,0.289628,0.347299,0.359051,0.216775,0.306230,0.244681,0.358174,#
2,0.398488,0.315993,1.000000,0.388875,0.271625,0.348909,0.340677,0.337130,0.165962,0.238016,0.249186,0.395674,0.342092,0.367113,0.308983,0.338051,0.297030,0.351983,0.400627,0.340864,0.377861,0.444616,0.314017,0.399007,0.393136,0.380203,0.404994,0.328452,0.322551,0.289718,0.279951,0.319553,0.339139,0.216096,0.193879,0.367796,0.360394,0.316430,0.339001,0.289034,0.392589,0.374166,0.301254,0.221979,0.280629,0.436241,0.359075,0.392229,0.275512,0.336276,0.395414,0.359038,0.384563,0.299255,0.259484,0.342409,0.230757,0.380203,0.297483,0.317916,0.255109,0.337611,0.311787,0.393374,0.444698,0.387790,0.346074,0.297363,0.362802,0.412924,0.306008,0.261265,0.286985,0.346388,0.356274,0.349125,0.251342,0.400907,0.336569,0.371150,0.448270,0.217983,0.289027,0.349443,0.290838,0.294302,0.439340,0.369043,0.300810,0.364030,0.290383,0.309539,0.333438,0.307305,0.322729,0.331543,0.409993,0.279238,0.365428,0.280608,0.401342,0.357871,0.320855,0.333285,0.355274,0.317735,0.310448,0.334347,0.272282,0.337447,0.367928,0.366922,0.305676,0.308865,0.243993,0.392103,0.313857,0.315670,0.194579,0.243005,0.351327,0.347413,0.300582,0.269709,0.343767,0.311014,0.316534,0.312535,0.301363,0.332800,0.301915,0.392598,0.294055,0.252553,0.373777,0.364885,0.364616,0.366045,0.229124,0.262050,0.213365,0.268698,0.356226,0.231631,0.489697,0.282443,0.227945,0.188890,0.398950,0.272528,0.359447,0.373749,0.336584,0.323171,0.220550,0.211440,0.216388,0.270852,0.349751,0.315195,0.411709,0.417662,0.286356,0.421209,0.343851,0.183902,0.323805,0.342394,0.250941,0.301666,0.277248,0.389989,0.286944,0.330964,0.398634,0.306075,0.495727,0.355510,0.345056,0.340806,0.349480,0.300270,0.184405,0.337822,0.213826,0.399460,0.315005,0.346504,0.377263,0.150911,0.311353,0.361277,0.397309,0.218002,0.338480,0.207918,0.290258,0.242224,0.434814,0.366970,#
3,0.307856,0.360795,0.388875,1.000000,0.392225,0.312501,0.342399,0.332337,0.283752,0.320006,0.341824,0.359099,0.277130,0.323033,0.315532,0.250782,0.235736,0.396074,0.349650,0.367770,0.328713,0.351985,0.310307,0.463871,0.399843,0.348238,0.333745,0.281912,0.363907,0.296046,0.366475,0.384011,0.424182,0.429843,0.120542,0.341402,0.396509,0.450760,0.466604,0.265515,0.378008,0.421318,0.370793,0.337589,0.288885,0.496967,0.434203,0.400221,0.274547,0.362099,0.445199,0.314966,0.345777,0.239277,0.214645,0.420924,0.299173,0.340755,0.332744,0.397651,0.294794,0.274270,0.321411,0.375900,0.400182,0.419727,0.258862,0.386993,0.326882,0.380152,0.388163,0.245129,0.325763,0.362691,0.354509,0.358368,0.254727,0.432604,0.405725,0.328345,0.419852,0.375872,0.396168,0.347495,0.379262,0.275604,0.385201,0.255413,0.416153,0.424983,0.346213,0.386552,0.341695,0.409214,0.260920,0.323572,0.369873,0.224139,0.417481,0.274870,0.391023,0.306920,0.417474,0.319290,0.382458,0.327977,0.364775,0.351249,0.265698,0.255244,0.334235,0.373075,0.322955,0.379467,0.252364,0.304510,0.396888,0.296129,0.307326,0.326941,0.395726,0.306401,0.341535,0.411682,0.341510,0.332002,0.321938,0.297523,0.256878,0.409297,0.378493,0.407290,0.408353,0.411301,0.371898,0.369264,0.328777,0.302194,0.387726,0.370820,0.375909,0.290229,0.357144,0.280661,0.412884,0.295198,0.389010,0.318624,0.355988,0.342643,0.327975,0.289610,0.279889,0.328800,0.325762,0.248558,0.273098,0.355894,0.224578,0.404296,0.426694,0.378729,0.385483,0.512052,0.379706,0.278751,0.305345,0.306695,0.249506,0.368702,0.367662,0.291423,0.289557,0.304673,0.294327,0.306076,0.320836,0.332120,0.334264,0.296504,0.290904,0.447449,0.432842,0.311093,0.182169,0.364161,0.298415,0.410957,0.292046,0.234118,0.333311,0.383985,0.348710,0.257068,0.259762,0.353482,0.339294,0.308374,0.368319,0.332232,#
4,0.379834,0.423631,0.271625,0.392225,1.000000,0.309934,0.335221,0.298568,0.334116,0.316676,0.329403,0.199405,0.336884,0.318972,0.265626,0.283011,0.188457,0.357186,0.390490,0.443542,0.359476,0.314262,0.334512,0.413176,0.296044,0.377581,0.279563,0.340306,0.365043,0.200653,0.232716,0.239729,0.401885,0.228470,0.236531,0.318536,0.327184,0.374819,0.279651,0.288373,0.383545,0.464339,0.269271,0.236520,0.421533,0.357811,0.443778,0.384127,0.287586,0.435096,0.364699,0.223282,0.327598,0.301640,0.321401,0.359606,0.320562,0.326975,0.351249,0.306528,0.332166,0.286403,0.272672,0.270468,0.323237,0.229736,0.339865,0.301482,0.278109,0.312310,0.352318,0.342950,0.312363,0.287923,0.297903,0.109280,0.242403,0.379689,0.304146,0.241481,0.448943,0.411583,0.287274,0.307029,0.404879,0.256058,0.303576,0.281662,0.385179,0.444436,0.395278,0.320069,0.207708,0.349052,0.191487,0.441321,0.293835,0.389907,0.348659,0.250257,0.313472,0.222121,0.363569,0.336039,0.337165,0.243391,0.233000,0.340328,0.273679,0.336665,0.420110,0.323693,0.393778,0.496295,0.336298,0.208664,0.329722,0.123086,0.351450,0.214439,0.334922,0.351784,0.342227,0.256182,0.386507,0.339106,0.326336,0.308579,0.172183,0.263843,0.350900,0.332827,0.312205,0.297234,0.416213,0.336681,0.338500,0.228815,0.248813,0.354282,0.364440,0.155831,0.287638,0.286274,0.351943,0.322549,0.297369,0.224581,0.304326,0.363158,0.331711,0.324949,0.335310,0.385666,0.210806,0.203257,0.399987,0.292983,0.235322,0.337757,0.296692,0.275244,0.218732,0.401972,0.273614,0.358447,0.203555,0.202703,0.260066,0.300742,0.357057,0.206528,0.281042,0.319428,0.343421,0.272817,0.361795,0.295599,0.364756,0.266182,0.188042,0.252048,0.312453,0.273007,0.282133,0.306151,0.257542,0.444069,0.337802,0.275384,0.352783,0.344913,0.251939,0.182026,0.224531,0.333135,0.327077,0.420648,0.292805,0.320640,#
5,0.370991,0.353511,0.348909,0.312501,0.309934,1.000000,0.261111,0.345262,0.273379,0.420003,0.322688,0.308874,0.334993,0.257509,0.368973,0.277938,0.305928,0.408562,0.331097,0.251784,0.402207,0.372795,0.323161,0.479847,0.329132,0.329444,0.348890,0.376140,0.393099,0.302120,0.229143,0.374935,0.433323,0.278009,0.235851,0.301623,0.445766,0.304465,0.398183,0.377808,0.387897,0.416402,0.164856,0.338989,0.256765,0.418905,0.348090,0.262107,0.366195,0.390527,0.400226,0.309352,0.323379,0.191020,0.331161,0.348989,0.211821,0.408049,0.372646,0.302912,0.318826,0.334449,0.358501,0.326173,0.385093,0.347943,0.362802,0.372244,0.327474,0.322227,0.414668,0.309039,0.387620,0.466806,0.276280,0.221914,0.328681,0.311354,0.337404,0.367050,0.372324,0.365215,0.438860,0.210056,0.295866,0.336592,0.295306,0.284721,0.357758,0.349849,0.307458,0.410110,0.297051,0.365970,0.276484,0.353935,0.305021,0.224143,0.341056,0.172092,0.377206,0.374215,0.346581,0.315409,0.273419,0.307038,0.236934,0.380725,0.284544,0.255032,0.429070,0.304245,0.382696,0.313208,0.304437,0.295269,0.388114,0.356561,0.303620,0.335860,0.231041,0.354937,0.292245,0.310137,0.342360,0.323212,0.161590,0.205659,0.452782,0.448068,0.355678,0.413269,0.310772,0.318314,0.490753,0.348884,0.291896,0.297325,0.241299,0.302026,0.357847,0.304968,0.270981,0.325337,0.364180,0.282347,0.286335,0.263172,0.232674,0.304410,0.390406,0.254855,0.367458,0.437324,0.248930,0.306721,0.324484,0.273688,0.440319,0.259633,0.344386,0.328198,0.329981,0.320868,0.321299,0.117492,0.220654,0.341262,0.387058,0.406250,0.343866,0.314189,0.384940,0.326973,0.221793,0.338984,0.331708,0.316770,0.412026,0.295016,0.307816,0.378835,0.360530,0.248571,0.275883,0.432089,0.386311,0.328906,0.325278,0.297981,0.374758,0.322947,0.297268,0.292800,0.382158,0.287466,0.257124,0.394215,0.285968,0.436498,#
6,0.289785,0.404886,0.340677,0.342399,0.335221,0.261111,1.000000,0.320874,0.226155,0.251107,0.308995,0.242837,0.183192,0.318759,0.216278,0.241582,0.260641,0.296969,0.319344,0.303041,0.312390,0.327218,0.225435,0.285216,0.270924,0.247350,0.255144,0.340765,0.318578,0.235428,0.197104,0.310782,0.318834,0.223036,0.083059,0.173105,0.218992,0.292011,0.346000,0.243226,0.303189,0.290799,0.208165,0.354440,0.211376,0.301175,0.368936,0.414025,0.252247,0.353764,0.277818,0.253119,0.374470,0.261635,0.162085,0.307464,0.247838,0.336857,0.370023,0.382992,0.236579,0.255770,0.250323,0.289304,0.260358,0.467412,0.267310,0.342206,0.285107,0.285973,0.304317,0.280072,0.323359,0.247266,0.323321,0.228766,0.282807,0.317720,0.321121,0.274701,0.350600,0.323665,0.387633,0.278816,0.271889,0.274019,0.275273,0.363026,0.346986,0.348264,0.366785,0.268881,0.210384,0.371516,0.228493,0.375046,0.285232,0.247942,0.373151,0.283415,0.336408,0.371372,0.228875,0.224194,0.129707,0.415560,0.256540,0.250375,0.307411,0.266437,0.316469,0.255815,0.315794,0.250119,0.268370,0.310888,0.349487,0.250077,0.327394,0.253481,0.270917,0.349966,0.207986,0.224042,0.275374,0.227539,0.193659,0.337637,0.145277,0.327107,0.274678,0.251249,0.307515,0.177436,0.398000,0.331951,0.255826,0.360938,0.272996,0.297633,0.204395,0.163617,0.144487,0.348800,0.204582,0.271324,0.268083,0.122158,0.273812,0.186409,0.362587,0.205532,0.328202,0.250951,0.267064,0.218585,0.199643,0.258421,0.270705,0.219596,0.209921,0.321856,0.295326,0.360178,0.323611,0.254587,0.165335,0.258504,0.293188,0.383216,0.175856,0.236610,0.286654,0.271685,0.294481,0.293498,0.249072,0.321804,0.367211,0.173892,0.087664,0.189151,0.262412,0.313055,0.273204,0.300872,0.280716,0.301242,0.336024,0.318534,0.277155,0.285075,0.287934,0.267245,0.165637,0.257236,0.267915,0.252878,0.223338,0.348605,#
7,0.298489,0.357101,0.337130,0.332337,0.298568,0.345262,0.320874,1.000000,0.214627,0.390605,0.360742,0.465161,0.272098,0.376206,0.287933,0.327274,0.254190,0.484184,0.348286,0.391061,0.373035,0.384753,0.403178,0.344431,0.426839,0.286121,0.355640,0.474508,0.365391,0.271797,0.373522,0.341769,0.453335,0.256696,0.211999,0.338316,0.266315,0.296235,0.378489,0.349013,0.327088,0.343436,0.363986,0.278923,0.350238,0.439420,0.309381,0.378675,0.415904,0.359571,0.449874,0.247719,0.296530,0.353656,0.362169,0.322371,0.345893,0.452477,0.357268,0.356438,0.348516,0.253989,0.359570,0.359816,0.447312,0.345941,0.347037,0.376158,0.324635,0.444730,0.391785,0.277388,0.432316,0.438466,0.311683,0.276922,0.294194,0.385991,0.397779,0.467503,0.411605,0.371542,0.456537,0.363811,0.325283,0.309515,0.436935,0.255282,0.403025,0.422521,0.388449,0.340754,0.352963,0.342909,0.244219,0.388519,0.297771,0.285855,0.267882,0.193708,0.411776,0.317362,0.376898,0.318843,0.237030,0.424335,0.423586,0.309333,0.355479,0.291143,0.321616,0.331851,0.283651,0.407333,0.405359,0.389741,0.307322,0.289125,0.325199,0.398748,0.365368,0.405405,0.287511,0.393082,0.453679,0.336866,0.336355,0.385277,0.277295,0.349324,0.306472,0.404991,0.357937,0.325606,0.509729,0.332857,0.255539,0.494336,0.345595,0.435480,0.437949,0.383605,0.155317,0.309517,0.370942,0.305514,0.384285,0.242567,0.299630,0.271367,0.405349,0.448230,0.281023,0.262137,0.242165,0.392379,0.375903,0.358972,0.339256,0.368859,0.316511,0.370949,0.319866,0.392020,0.348012,0.271286,0.394865,0.329262,0.396200,0.377694,0.347142,0.299248,0.329856,0.301708,0.298290,0.257130,0.298876,0.356713,0.234710,0.391137,0.290620,0.402144,0.288407,0.359299,0.117203,0.408835,0.343300,0.398139,0.301204,0.393263,0.394920,0.345981,0.315807,0.344999,0.202319,0.348223,0.329003,0.344600,0.386336,0.357892,#
8,0.322792,0.283828,0.165962,0.283752,0.334116,0.273379,0.226155,0.214627,1.000000,0.248943,0.355609,0.273731,0.275372,0.231932,0.352070,0.237795,0.185436,0.220240,0.199904,0.284188,0.285015,0.197026,0.176699,0.329094,0.230858,0.216625,0.160983,0.325397,0.163884,0.278976,0.071852,0.271267,0.228752,0.253280,0.153834,0.264327,0.288556,0.236086,0.291219,0.329043,0.262322,0.236072,0.090016,0.255033,0.373875,0.354576,0.262727,0.278393,0.166005,0.223747,0.185546,0.313340,0.227540,0.357756,0.222214,0.303283,0.200297,0.268742,0.238543,0.298268,0.261725,0.114746,0.341180,0.227831,0.325715,0.309142,0.253756,0.247259,0.371217,0.265833,0.198808,0.276206,0.282339,0.202396,0.213513,0.165651,0.186052,0.250313,0.266308,0.130045,0.282532,0.287613,0.313811,0.196814,0.328165,0.210484,0.271457,0.189449,0.324003,0.276276,0.296688,0.308253,0.250846,0.215971,0.304306,0.412158,0.300286,0.187965,0.244938,0.167226,0.286434,0.149235,0.246198,0.198599,0.263164,0.144926,0.337722,0.237892,0.112750,0.271561,0.175602,0.218589,0.156837,0.309447,0.177376,0.295037,0.314452,0.193264,0.157699,0.338026,0.308431,0.185995,0.218025,0.215674,0.260178,0.301746,0.103023,0.321948,0.134595,0.296790,0.271709,0.223847,0.193894,0.209082,0.346066,0.286020,0.222945,0.311120,0.300525,0.281988,0.278131,0.236901,0.310420,0.153013,0.228053,0.184197,0.274913,0.282518,0.208617,0.258516,0.284418,0.203448,0.268970,0.269590,0.305208,0.293799,0.227944,0.206681,0.243951,0.294285,0.137676,0.241052,0.108959,0.325760,0.231993,0.155153,0.233192,0.193976,0.227108,0.257473,0.327303,0.052017,0.155266,0.332032,0.233963,0.240366,0.192648,0.275384,0.284566,0.227231,0.207731,0.233578,0.102133,0.196280,0.217218,0.251317,0.158692,0.203330,0.315188,0.223155,0.257778,0.288082,0.226120,0.193118,0.220926,0.207062,0.245673,0.076049,0.194942,0.211237,#
9,0.355451,0.279092,0.238016,0.320006,0.316676,0.420003,0.251107,0.390605,0.248943,1.000000,0.413887,0.278555,0.242970,0.300354,0.324371,0.355874,0.255168,0.317318,0.220297,0.420518,0.278293,0.298692,0.318746,0.351826,0.269875,0.304771,0.363240,0.428539,0.348228,0.228899,0.395905,0.342566,0.282008,0.337565,0.277264,0.331127,0.209812,0.379052,0.358224,0.278168,0.374287,0.409866,0.250274,0.166437,0.307635,0.466950,0.333912,0.372577,0.262720,0.294472,0.410782,0.329424,0.303941,0.275950,0.260190,0.399185,0.374404,0.347125,0.317698,0.292107,0.266736,0.322652,0.430689,0.343787,0.360425,0.366175,0.200659,0.374615,0.369963,0.249022,0.349933,0.367090,0.303417,0.366564,0.326307,0.245018,0.295479,0.292604,0.439777,0.370518,0.334831,0.371001,0.370885,0.284891,0.387083,0.376161,0.453899,0.243625,0.289319,0.313629,0.289475,0.426603,0.287502,0.336166,0.308397,0.378637,0.418304,0.275509,0.291968,0.219265,0.384162,0.370338,0.407995,0.241069,0.381128,0.318920,0.344322,0.315766,0.329752,0.267064,0.257013,0.278920,0.280891,0.414007,0.249255,0.363552,0.341815,0.387535,0.457590,0.288110,0.395497,0.407295,0.283779,0.364904,0.397883,0.388330,0.117910,0.353689,0.228300,0.347824,0.336078,0.354959,0.258747,0.373837,0.446036,0.316834,0.352362,0.384100,0.284257,0.290584,0.260824,0.301603,0.271591,0.210358,0.327803,0.179922,0.356280,0.273482,0.254599,0.430683,0.352569,0.270814,0.460614,0.375968,0.290196,0.347642,0.338124,0.349297,0.412350,0.288564,0.335444,0.272701,0.166252,0.466895,0.319076,0.280641,0.297610,0.296848,0.471841,0.335621,0.291717,0.316664,0.355802,0.343585,0.218280,0.278585,0.315700,0.197264,0.253481,0.373416,0.228870,0.382091,0.382378,0.328633,0.221952,0.370218,0.351323,0.413492,0.421718,0.263882,0.360315,0.386209,0.201974,0.308778,0.246543,0.337397,0.250856,0.209393,0.306175,0.387282,#
10,0.394950,0.419433,0.249186,0.341824,0.329403,0.322688,0.308995,0.360742,0.355609,0.413887,1.000000,0.225916,0.219964,0.354645,0.318238,0.268677,0.277409,0.365341,0.429227,0.357948,0.284127,0.296726,0.247670,0.302955,0.256169,0.233109,0.369640,0.404657,0.323590,0.311364,0.333402,0.327709,0.336767,0.261178,0.241154,0.345665,0.231803,0.341842,0.445591,0.303660,0.243832,0.280236,0.284978,0.195051,0.241914,0.417255,0.332138,0.410409,0.331835,0.378789,0.329661,0.285859,0.299306,0.301355,0.276600,0.345246,0.271168,0.336480,0.302711,0.279083,0.284373,0.323265,0.323611,0.410648,0.393868,0.378410,0.292741,0.326018,0.333513,0.301763,0.353291,0.302994,0.319047,0.311077,0.277670,0.314529,0.339796,0.258673,0.330438,0.241050,0.320829,0.338695,0.372968,0.349366,0.372699,0.247645,0.438006,0.252423,0.353699,0.338032,0.258210,0.288970,0.363867,0.276080,0.248886,0.370371,0.421132,0.177731,0.313731,0.297398,0.330685,0.312899,0.313902,0.286692,0.317362,0.256811,0.353588,0.349222,0.245209,0.284231,0.243624,0.314650,0.255699,0.357054,0.372468,0.420888,0.346108,0.169870,0.279637,0.253455,0.296565,0.280086,0.288749,0.327717,0.372499,0.315826,0.157827,0.325468,0.213813,0.426048,0.396617,0.333063,0.269982,0.254549,0.415805,0.328209,0.288056,0.380700,0.214784,0.399887,0.381017,0.238104,0.367366,0.209801,0.297638,0.242197,0.181054,0.237278,0.244987,0.353796,0.324088,0.358037,0.368245,0.324447,0.368969,0.318601,0.350772,0.213076,0.340000,0.350958,0.279006,0.271842,0.344986,0.425657,0.298900,0.215882,0.265976,0.231604,0.282395,0.354650,0.302803,0.250112,0.333505,0.317266,0.298534,0.176231,0.257155,0.327484,0.359550,0.384419,0.352416,0.316585,0.379354,0.266124,0.265724,0.345546,0.259471,0.312487,0.322435,0.320504,0.371968,0.324649,0.237467,0.238805,0.314130,0.356855,0.239944,0.322153,0.365355,0.415223,#
11,0.338079,0.380334,0.395674,0.359099,0.199405,0.308874,0.242837,0.465161,0.273731,0.278555,0.225916,1.000000,0.346331,0.305294,0.175856,0.302703,0.295074,0.412297,0.293975,0.134159,0.296597,0.350899,0.262252,0.375827,0.435087,0.373982,0.263466,0.458172,0.171244,0.345683,0.356948,0.363772,0.352185,0.259098,0.194246,0.251837,0.362108,0.304170,0.306864,0.306053,0.345238,0.414723,0.346441,0.418436,0.232473,0.461430,0.283478,0.397377,0.319158,0.221839,0.439963,0.286828,0.292973,0.360181,0.229974,0.280666,0.395067,0.346444,0.374664,0.287637,0.266753,0.309742,0.412710,0.372735,0.416108,0.389636,0.344025,0.380517,0.357836,0.369503,0.271889,0.205679,0.368486,0.336153,0.334302,0.289631,0.260471,0.282717,0.449356,0.326085,0.416041,0.219685,0.376392,0.368373,0.372186,0.251827,0.449952,0.289729,0.362971,0.320121,0.388786,0.370168,0.382977,0.485269,0.278956,0.301507,0.262743,0.284458,0.325363,0.362547,0.395773,0.335490,0.343567,0.231945,0.259873,0.399443,0.362876,0.330740,0.325689,0.348331,0.322847,0.283694,0.343967,0.335698,0.162275,0.542530,0.362247,0.224948,0.318052,0.316360,0.300481,0.354264,0.373136,0.320822,0.339371,0.322791,0.333123,0.409251,0.337311,0.324993,0.289988,0.490328,0.270764,0.330719,0.366123,0.331079,0.233156,0.403983,0.229914,0.412645,0.287289,0.306076,0.269562,0.324466,0.359485,0.277422,0.388386,0.230303,0.320307,0.264979,0.311616,0.408958,0.338095,0.301672,0.292950,0.252315,0.280771,0.223415,0.283929,0.327764,0.297796,0.321804,0.212027,0.333382,0.417016,0.217160,0.370445,0.346949,0.419204,0.323719,0.348202,0.216806,0.295483,0.291083,0.286172,0.387154,0.406238,0.291591,0.260457,0.253155,0.379099,0.333245,0.253919,0.275961,0.125966,0.411207,0.337439,0.336051,0.335318,0.314370,0.216331,0.287866,0.349872,0.144694,0.277440,0.271134,0.322594,0.218356,0.259760,0.340053,#
12,0.293757,0.319188,0.342092,0.277130,0.336884,0.334993,0.183192,0.272098,0.275372,0.242970,0.219964,0.346331,1.000000,0.234633,0.348139,0.319104,0.298405,0.318332,0.365483,0.389844,0.348711,0.250266,0.284285,0.383191,0.344828,0.290506,0.260595,0.399241,0.346685,0.342884,0.185023,0.408892,0.354131,0.313155,0.257336,0.337360,0.390640,0.271527,0.354020,0.284535,0.425331,0.341729,0.347467,0.333563,0.324271,0.478555,0.306603,0.273084,0.336522,0.286207,0.401324,0.250639,0.288697,0.319543,0.308715,0.314664,0.286065,0.368418,0.360579,0.297758,0.290935,0.345691,0.294042,0.323583,0.397840,0.320979,0.310266,0.305094,0.324438,0.249778,0.248382,0.329938,0.261270,0.290421,0.385563,0.313925,0.256654,0.291189,0.272262,0.275669,0.366031,0.289826,0.332733,0.331973,0.354334,0.374358,0.342047,0.332350,0.393330,0.388697,0.382708,0.360646,0.248298,0.381209,0.311474,0.252884,0.426562,0.297591,0.262075,0.183112,0.380787,0.356049,0.310361,0.249635,0.391029,0.316052,0.311513,0.257250,0.244688,0.366278,0.338981,0.187068,0.327417,0.374765,0.213144,0.333917,0.342883,0.325813,0.310326,0.311760,0.292413,0.359377,0.369868,0.335671,0.292616,0.289143,0.281990,0.287279,0.263278,0.237695,0.301267,0.362598,0.256857,0.247827,0.307241,0.310597,0.344935,0.319197,0.278475,0.346826,0.425848,0.309866,0.214052,0.222730,0.215629,0.283053,0.318252,0.256024,0.323744,0.268368,0.327115,0.469525,0.248214,0.331634,0.281347,0.229755,0.280079,0.114817,0.264195,0.230143,0.309325,0.354067,0.244050,0.419455,0.322742,0.250733,0.323765,0.183864,0.359285,0.385412,0.269540,0.249521,0.326190,0.342764,0.340782,0.213576,0.372245,0.423559,0.200319,0.332485,0.338731,0.319142,0.366055,0.319714,0.273915,0.360045,0.303469,0.392166,0.302044,0.205031,0.359810,0.401019,0.283567,0.250959,0.198906,0.300472,0.320035,0.259182,0.367493,0.334446,#
13,0.288813,0.406364,0.367113,0.323033,0.318972,0.257509,0.318759,0.376206,0.231932,0.300354,0.354645,0.305294,0.234633,1.000000,0.381636,0.337436,0.297262,0.294706,0.336529,0.401511,0.310042,0.324481,0.249186,0.294486,0.406744,0.421007,0.428295,0.383530,0.306329,0.222340,0.329171,0.340321,0.372110,0.274550,0.235918,0.346901,0.305588,0.349698,0.298844,0.289302,0.301529,0.342712,0.346971,0.243436,0.320482,0.396445,0.426953,0.368924,0.341095,0.311836,0.405156,0.281024,0.380808,0.305746,0.323281,0.456747,0.287607,0.365545,0.367766,0.392134,0.373895,0.314227,0.434437,0.354890,0.326110,0.337370,0.475091,0.374891,0.477364,0.391069,0.253897,0.307195,0.397523,0.267468,0.389331,0.232468,0.358970,0.417747,0.448986,0.315829,0.371308,0.464854,0.370028,0.464330,0.467818,0.275783,0.473965,0.366022,0.377516,0.435563,0.352954,0.349284,0.354606,0.390423,0.297085,0.338305,0.371153,0.207789,0.234533,0.334314,0.449518,0.363011,0.347147,0.333857,0.299349,0.407271,0.360429,0.345317,0.348397,0.332936,0.304664,0.274904,0.430831,0.398852,0.322027,0.352953,0.409398,0.311059,0.275276,0.314228,0.400641,0.422629,0.274486,0.389272,0.371175,0.328919,0.265610,0.287587,0.422910,0.339171,0.331188,0.311810,0.307927,0.294693,0.461182,0.341813,0.365830,0.405930,0.422606,0.387545,0.317317,0.298159,0.340521,0.310446,0.408997,0.428612,0.287059,0.270584,0.147845,0.335038,0.412517,0.298958,0.373383,0.403948,0.389612,0.304821,0.240648,0.337817,0.352132,0.305870,0.237373,0.471525,0.231758,0.448640,0.326360,0.318020,0.257691,0.289583,0.396520,0.384047,0.383639,0.422751,0.366316,0.292949,0.327310,0.358038,0.319389,0.323370,0.382302,0.242270,0.317577,0.314148,0.312131,0.383695,0.236556,0.421745,0.357946,0.442096,0.368646,0.413297,0.267641,0.399367,0.340270,0.272416,0.252300,0.316856,0.298240,0.319641,0.384053,0.370834,#
14,0.411069,0.290950,0.308983,0.315532,0.265626,0.368973,0.216278,0.287933,0.352070,0.324371,0.318238,0.175856,0.348139,0.381636,1.000000,0.389249,0.276407,0.367513,0.348252,0.436369,0.324426,0.227597,0.335121,0.446264,0.298018,0.291137,0.402500,0.319768,0.356359,0.262364,0.192895,0.295579,0.290626,0.217084,0.257379,0.391056,0.349822,0.390181,0.387863,0.404562,0.406089,0.343926,0.362549,0.247659,0.336484,0.491471,0.434043,0.318623,0.301652,0.258930,0.463386,0.266261,0.328956,0.312033,0.436569,0.372052,0.341655,0.322641,0.269647,0.312310,0.379257,0.396598,0.294016,0.341903,0.381849,0.311314,0.349669,0.375629,0.366557,0.333524,0.289675,0.336503,0.246004,0.424412,0.244027,0.218758,0.222526,0.382264,0.320128,0.316143,0.394696,0.259391,0.398787,0.392954,0.358586,0.359195,0.245812,0.277080,0.357054,0.342476,0.401751,0.336615,0.327004,0.364345,0.356528,0.236836,0.380966,0.277990,0.288504,0.232580,0.318451,0.364243,0.333914,0.339658,0.280023,0.308002,0.434093,0.431888,0.295622,0.359093,0.185660,0.202611,0.357742,0.292608,0.284871,0.346615,0.277073,0.367121,0.324317,0.319357,0.397115,0.372026,0.246562,0.312005,0.344347,0.288661,0.209774,0.256382,0.197341,0.388163,0.228559,0.391110,0.335557,0.186591,0.282689,0.309376,0.325342,0.353271,0.302194,0.305981,0.446025,0.374023,0.344989,0.229341,0.286390,0.285607,0.290314,0.181473,0.183039,0.283964,0.386756,0.253363,0.225955,0.359766,0.295391,0.209033,0.302530,0.269535,0.320286,0.220747,0.267898,0.363282,0.238171,0.313218,0.375643,0.188233,0.304783,0.275266,0.273163,0.336566,0.426612,0.307415,0.343382,0.347507,0.357721,0.215262,0.410853,0.363214,0.380089,0.387888,0.309265,0.411297,0.310769,0.327896,0.311150,0.356951,0.319810,0.294734,0.273981,0.282208,0.320020,0.346756,0.280677,0.383532,0.254058,0.187319,0.165346,0.267643,0.364121,0.366118,#
15,0.340818,0.229945,0.338051,0.250782,0.283011,0.277938,0.241582,0.327274,0.237795,0.355874,0.268677,0.302703,0.319104,0.337436,0.389249,1.000000,0.335475,0.428435,0.371745,0.310446,0.246742,0.302421,0.275592,0.402968,0.366835,0.366055,0.358958,0.378300,0.372938,0.213884,0.297945,0.370042,0.286085,0.355689,0.190999,0.285672,0.322766,0.347343,0.389227,0.303892,0.423612,0.349397,0.310448,0.274035,0.420389,0.398783,0.279057,0.350613,0.199015,0.330206,0.381176,0.227145,0.388683,0.314159,0.316747,0.276776,0.300424,0.388412,0.337045,0.389546,0.241846,0.263327,0.323950,0.272783,0.303949,0.326844,0.369214,0.415739,0.362445,0.271030,0.278656,0.390081,0.308983,0.287896,0.348824,0.289769,0.219172,0.420372,0.305736,0.289892,0.496893,0.256287,0.296361,0.433575,0.329314,0.295812,0.392072,0.276075,0.411997,0.394230,0.332097,0.247431,0.309536,0.449423,0.308701,0.256161,0.447203,0.243426,0.316312,0.240061,0.377666,0.347434,0.351327,0.294587,0.256178,0.316929,0.292499,0.263366,0.260969,0.433135,0.252103,0.359346,0.269827,0.269924,0.230401,0.424019,0.360409,0.227289,0.297137,0.301244,0.397651,0.388726,0.217859,0.409218,0.304650,0.216018,0.246268,0.290124,0.272616,0.255052,0.275695,0.409132,0.255952,0.293170,0.379910,0.363306,0.306756,0.256350,0.327252,0.222654,0.263354,0.330058,0.360344,0.186630,0.395202,0.278352,0.365487,0.233638,0.365369,0.335357,0.380848,0.257596,0.334905,0.488945,0.187775,0.422243,0.243427,0.291939,0.355305,0.316097,0.249348,0.303388,0.270460,0.395789,0.350007,0.267929,0.336660,0.260000,0.308530,0.324243,0.247953,0.251028,0.372294,0.234928,0.351804,0.186182,0.427992,0.285562,0.182803,0.382708,0.347101,0.369685,0.243105,0.316080,0.262470,0.357064,0.245927,0.358162,0.305060,0.288234,0.158915,0.448959,0.244863,0.289495,0.231479,0.244705,0.232974,0.283783,0.254127,0.272271,#
16,0.348507,0.231802,0.297030,0.235736,0.188457,0.305928,0.260641,0.254190,0.185436,0.255168,0.277409,0.295074,0.298405,0.297262,0.276407,0.335475,1.000000,0.344783,0.256282,0.284887,0.435508,0.299746,0.409008,0.236433,0.196443,0.315789,0.282424,0.211596,0.225347,0.298766,0.218290,0.394670,0.180421,0.323161,0.168082,0.303293,0.307774,0.249185,0.326508,0.278828,0.220607,0.306900,0.216382,0.307770,0.257503,0.388196,0.298305,0.293875,0.251611,0.182543,0.214293,0.321923,0.435982,0.225043,0.252753,0.280720,0.184918,0.296136,0.284782,0.157215,0.207433,0.369057,0.329641,0.371965,0.404096,0.302161,0.279702,0.429642,0.230902,0.322613,0.187813,0.373532,0.325783,0.197509,0.292384,0.434587,0.195513,0.377197,0.353173,0.257279,0.251442,0.281095,0.253344,0.276590,0.291118,0.324147,0.430585,0.243429,0.316861,0.256061,0.323366,0.305332,0.253929,0.250514,0.240893,0.230914,0.352330,0.139034,0.289768,0.269956,0.306674,0.273996,0.167416,0.209527,0.232463,0.295073,0.265367,0.184094,0.192303,0.274355,0.258275,0.255665,0.299243,0.277197,0.317322,0.427314,0.292088,0.229446,0.190852,0.301574,0.273764,0.301625,0.308073,0.290805,0.321755,0.150644,0.161073,0.160406,0.207424,0.346765,0.181663,0.297784,0.380904,0.098089,0.388257,0.336726,0.151337,0.347211,0.254262,0.352136,0.142683,0.267798,0.212385,0.297845,0.310466,0.268202,0.142125,0.204252,0.232147,0.190393,0.236696,0.289190,0.224229,0.264928,0.291908,0.259428,0.174094,0.193163,0.295523,0.262956,0.188182,0.391267,0.346238,0.393176,0.266379,0.152286,0.293065,0.274645,0.247176,0.224361,0.156006,0.136667,0.294331,0.161265,0.238637,0.321074,0.242396,0.238441,0.252469,0.232820,0.237935,0.300293,0.280347,0.124174,0.111460,0.259441,0.388331,0.298832,0.286802,0.239369,0.303180,0.139292,0.127453,0.222336,0.301050,0.319796,0.133665,0.232597,0.194568,0.268677,#
17,0.489200,0.388057,0.351983,0.396074,0.357186,0.408562,0.296969,0.484184,0.220240,0.317318,0.365341,0.412297,0.318332,0.294706,0.367513,0.428435,0.344783,1.000000,0.380348,0.433472,0.444269,0.380873,0.375302,0.478356,0.433475,0.381294,0.301907,0.369457,0.417012,0.322958,0.357231,0.422808,0.540284,0.327405,0.200562,0.359572,0.321754,0.493318,0.412232,0.274522,0.396537,0.372975,0.264560,0.377012,0.352531,0.447561,0.421191,0.356866,0.405727,0.395309,0.435611,0.238188,0.273026,0.333969,0.364680,0.374706,0.441957,0.514074,0.382928,0.415978,0.326824,0.386453,0.342392,0.361960,0.388970,0.441501,0.446087,0.470506,0.409470,0.462338,0.407234,0.384933,0.457083,0.371930,0.385370,0.425975,0.278806,0.430402,0.341980,0.409165,0.459425,0.399596,0.590515,0.408262,0.423257,0.305847,0.417508,0.365241,0.508789,0.463418,0.390952,0.323051,0.404697,0.392679,0.279564,0.334770,0.374863,0.440885,0.407457,0.371586,0.380274,0.316139,0.358311,0.359762,0.323461,0.419261,0.331238,0.487027,0.246297,0.273570,0.365124,0.391514,0.364117,0.434967,0.258065,0.461534,0.389814,0.295196,0.367703,0.420035,0.341641,0.390870,0.298478,0.382780,0.494624,0.384264,0.321694,0.351844,0.255413,0.341448,0.323014,0.436529,0.418887,0.419497,0.461377,0.387543,0.428834,0.375215,0.358980,0.444902,0.403490,0.363959,0.311511,0.283255,0.456232,0.382360,0.251395,0.234135,0.321201,0.238749,0.457049,0.295810,0.336464,0.463599,0.374445,0.368146,0.302436,0.343974,0.490376,0.426881,0.461705,0.419788,0.325767,0.359898,0.417128,0.327113,0.309847,0.405366,0.310491,0.335424,0.480308,0.349886,0.367633,0.401284,0.403549,0.241299,0.424890,0.373860,0.250231,0.448994,0.334963,0.520415,0.375111,0.268034,0.231519,0.404302,0.393091,0.418570,0.456793,0.359714,0.357654,0.486503,0.254018,0.269449,0.419681,0.349474,0.399245,0.261849,0.340352,0.411841,#
18,0.361832,0.366378,0.400627,0.349650,0.390490,0.331097,0.319344,0.348286,0.199904,0.220297,0.429227,0.293975,0.365483,0.336529,0.348252,0.371745,0.256282,0.380348,1.000000,0.349872,0.333592,0.313199,0.232081,0.470819,0.400468,0.368024,0.407645,0.380480,0.407923,0.246523,0.313562,0.291506,0.450810,0.272151,0.293887,0.421496,0.425399,0.359018,0.375997,0.387502,0.393482,0.412316,0.300700,0.273364,0.332447,0.405490,0.351913,0.392406,0.301208,0.342249,0.431325,0.234339,0.390874,0.382442,0.287156,0.302801,0.345720,0.417156,0.306850,0.265083,0.313603,0.317576,0.324416,0.411127,0.323596,0.455740,0.410185,0.461814,0.327648,0.233541,0.224163,0.351331,0.312251,0.295271,0.311323,0.271277,0.209106,0.403108,0.394611,0.394777,0.437272,0.303643,0.394335,0.418965,0.358826,0.205937,0.430348,0.266848,0.411004,0.390203,0.424410,0.272939,0.333659,0.386016,0.312444,0.331080,0.485845,0.285407,0.303586,0.363978,0.299483,0.408881,0.422531,0.317231,0.356604,0.343988,0.299040,0.352068,0.336521,0.367988,0.358294,0.460679,0.309897,0.386466,0.308631,0.355852,0.321408,0.234521,0.367655,0.360638,0.278560,0.399286,0.326121,0.322660,0.376024,0.301574,0.302479,0.318271,0.369439,0.348925,0.359177,0.408244,0.306288,0.280370,0.461364,0.237916,0.337914,0.416624,0.319574,0.426635,0.416735,0.183035,0.249583,0.233873,0.402299,0.331345,0.204856,0.165981,0.284484,0.286918,0.347747,0.361798,0.339951,0.341316,0.325092,0.390993,0.403442,0.380213,0.263038,0.418543,0.329599,0.381843,0.301625,0.368256,0.339076,0.324162,0.394991,0.368408,0.294592,0.387732,0.207015,0.315162,0.389565,0.241549,0.305367,0.275442,0.354742,0.436848,0.462499,0.333995,0.306397,0.382014,0.386262,0.250789,0.366604,0.379683,0.381162,0.471945,0.384857,0.311232,0.330522,0.409023,0.305606,0.282035,0.320474,0.276789,0.300307,0.357562,0.423988,0.405340,#
19,0.340549,0.326640,0.340864,0.367770,0.443542,0.251784,0.303041,0.391061,0.284188,0.420518,0.357948,0.134159,0.389844,0.401511,0.436369,0.310446,0.284887,0.433472,0.349872,1.000000,0.303362,0.335567,0.320155,0.430351,0.259082,0.441919,0.360461,0.344297,0.366844,0.383874,0.256096,0.366402,0.354316,0.283099,0.296780,0.414161,0.200782,0.356869,0.489086,0.325751,0.386137,0.359767,0.238305,0.207653,0.350679,0.483638,0.436495,0.493667,0.305085,0.390723,0.373473,0.315201,0.283005,0.416335,0.352688,0.365725,0.342609,0.352228,0.315588,0.347686,0.364627,0.314582,0.350203,0.375583,0.411877,0.374326,0.298654,0.421162,0.367422,0.364980,0.369967,0.417436,0.414554,0.262566,0.389239,0.327424,0.279481,0.472811,0.435245,0.290597,0.434121,0.389819,0.428525,0.298529,0.469377,0.271307,0.396222,0.301274,0.443942,0.401890,0.320344,0.404984,0.370753,0.336813,0.295386,0.377383,0.415155,0.344375,0.198452,0.251524,0.380726,0.354034,0.393069,0.346939,0.374891,0.332434,0.376716,0.503160,0.251017,0.247036,0.353577,0.344752,0.402329,0.450345,0.358299,0.316983,0.408153,0.433221,0.368405,0.267797,0.438038,0.457381,0.346508,0.394227,0.539046,0.351824,0.307068,0.365222,0.145947,0.344615,0.281560,0.287292,0.434450,0.304469,0.389056,0.375108,0.370921,0.398787,0.359526,0.397973,0.399185,0.300652,0.310145,0.245333,0.397346,0.315614,0.223987,0.384454,0.386121,0.234103,0.333591,0.357133,0.346056,0.451563,0.303544,0.297116,0.327937,0.306081,0.366656,0.269899,0.351388,0.375905,0.365120,0.409057,0.338851,0.289886,0.300277,0.329608,0.336998,0.297511,0.425886,0.341111,0.348699,0.323145,0.358341,0.252754,0.347260,0.388930,0.258915,0.360319,0.236096,0.431106,0.302192,0.362178,0.311848,0.404982,0.372082,0.449813,0.372346,0.265620,0.435420,0.406029,0.271923,0.374839,0.286819,0.379279,0.345615,0.378758,0.422362,0.440660,#
20,0.442482,0.330546,0.377861,0.328713,0.359476,0.402207,0.312390,0.373035,0.285015,0.278293,0.284127,0.296597,0.348711,0.310042,0.324426,0.246742,0.435508,0.444269,0.333592,0.303362,1.000000,0.329822,0.345553,0.365271,0.408969,0.341637,0.352147,0.390296,0.334659,0.305639,0.258178,0.322478,0.369859,0.239509,0.259916,0.310476,0.334287,0.305015,0.339922,0.354099,0.338473,0.485765,0.276849,0.303446,0.346135,0.473223,0.393312,0.378369,0.357288,0.290842,0.306087,0.357926,0.474049,0.286535,0.354946,0.314209,0.363615,0.359779,0.302928,0.307861,0.378217,0.250716,0.401745,0.392296,0.430722,0.273510,0.320433,0.393198,0.423510,0.405906,0.336218,0.338843,0.473343,0.388180,0.290759,0.290728,0.355700,0.408942,0.350211,0.359349,0.289336,0.286977,0.442780,0.325231,0.326318,0.346478,0.439638,0.322211,0.458293,0.399682,0.367314,0.409019,0.379396,0.403852,0.277409,0.323633,0.391348,0.316450,0.283996,0.192761,0.339737,0.313124,0.326214,0.355683,0.235472,0.377797,0.329961,0.307765,0.275680,0.376334,0.378854,0.312830,0.368852,0.383882,0.335014,0.455461,0.460150,0.265687,0.226878,0.304353,0.279175,0.370055,0.332666,0.308164,0.417334,0.332355,0.363362,0.398004,0.284992,0.403121,0.286722,0.436944,0.320210,0.222650,0.421481,0.352153,0.399050,0.425766,0.354016,0.395191,0.385462,0.373957,0.192880,0.284251,0.400367,0.244361,0.219568,0.271047,0.280328,0.329669,0.382425,0.377514,0.212952,0.259950,0.313407,0.320291,0.214873,0.223738,0.280418,0.372673,0.346769,0.385442,0.315999,0.373074,0.411821,0.258999,0.187983,0.389475,0.325267,0.291904,0.352473,0.249505,0.298752,0.324027,0.259777,0.375224,0.241310,0.253013,0.438923,0.425875,0.325402,0.370081,0.282086,0.350351,0.278941,0.264204,0.340887,0.385535,0.392562,0.332088,0.355910,0.390804,0.316008,0.271775,0.370791,0.356853,0.282586,0.326631,0.305308,0.336134,#
21,0.428617,0.424145,0.444616,0.351985,0.314262,0.372795,0.327218,0.384753,0.197026,0.298692,0.296726,0.350899,0.250266,0.324481,0.227597,0.302421,0.299746,0.380873,0.313199,0.335567,0.329822,1.000000,0.296255,0.411082,0.415079,0.278644,0.388603,0.437947,0.335863,0.306980,0.330025,0.393010,0.334155,0.358469,0.190792,0.362812,0.408307,0.397040,0.457785,0.282805,0.345298,0.400089,0.206088,0.330781,0.369554,0.387994,0.443195,0.423089,0.259758,0.376978,0.417840,0.217835,0.408964,0.339240,0.321428,0.292070,0.365523,0.376725,0.317456,0.290382,0.234643,0.271978,0.404772,0.370164,0.450756,0.355499,0.312730,0.384482,0.418010,0.478863,0.477912,0.320696,0.469395,0.373878,0.303937,0.277564,0.310805,0.309098,0.313238,0.339977,0.459986,0.369959,0.352527,0.254120,0.385831,0.243775,0.437086,0.312109,0.432101,0.462392,0.299214,0.297734,0.300804,0.325760,0.377875,0.374767,0.347701,0.341699,0.303577,0.329995,0.501640,0.343359,0.286125,0.347870,0.345265,0.406421,0.316942,0.383494,0.287408,0.282481,0.342050,0.344989,0.350246,0.332825,0.268585,0.416891,0.463407,0.252171,0.381925,0.398236,0.326431,0.427425,0.192320,0.439340,0.312926,0.336186,0.313976,0.332010,0.254252,0.258983,0.316383,0.317845,0.389798,0.343210,0.369613,0.281808,0.394150,0.336584,0.300117,0.407982,0.338120,0.388546,0.282231,0.222516,0.348617,0.344336,0.321585,0.303504,0.298331,0.274250,0.356221,0.335486,0.335968,0.344673,0.306009,0.293350,0.252872,0.318446,0.252118,0.315612,0.439785,0.336060,0.269342,0.356788,0.421932,0.201124,0.149964,0.407501,0.297548,0.401588,0.314853,0.294119,0.395750,0.337189,0.260419,0.316116,0.395201,0.293807,0.341796,0.378798,0.261508,0.388670,0.204524,0.307948,0.204857,0.327367,0.342430,0.389091,0.454697,0.293869,0.392591,0.364709,0.305987,0.220748,0.404180,0.383949,0.335393,0.324157,0.329489,0.384588,#
