0,1.000000,0.373837,0.414258,0.320751,0.350946,0.333584,0.352417,0.287128,0.350855,0.349617,0.415824,0.350553,0.330260,0.321498,0.421612,0.386945,0.377836,0.476365,0.352399,0.339115,0.439840,0.459889,0.359892,0.430748,0.398351,0.318380,0.393106,0.416457,0.442126,0.391492,0.306740,0.297986,0.380614,0.336916,0.247375,0.336807,0.371181,0.359283,0.397830,0.444605,0.307001,0.385650,0.274952,0.374386,0.315145,0.364842,0.450053,0.405961,0.426597,0.409462,0.466283,0.269482,0.350703,0.313961,0.390117,0.344005,0.388129,0.372071,0.289378,0.308337,0.358798,0.257839,0.408792,0.330416,0.387233,0.276777,0.366265,0.390291,0.386285,0.381691,0.497832,0.408027,0.424425,0.391141,0.333363,0.263509,0.284163,0.398620,0.380487,0.310591,0.406884,0.342609,0.389148,0.410826,0.398874,0.383238,0.394670,0.344769,0.470259,0.376895,0.402063,0.320471,0.321174,0.355270,0.405123,0.384461,0.399898,0.371010,0.356616,0.350950,0.392405,0.442568,0.334399,0.385225,0.311579,0.399494,0.384599,0.386132,0.350974,0.285437,0.289979,0.409205,0.333266,0.404622,0.274159,0.412302,0.450044,0.276097,0.411132,0.355511,0.451797,0.334949,0.332568,0.324916,0.327035,0.459535,0.299768,0.289654,0.361194,0.442722,0.368177,0.474113,0.370685,0.347157,0.377747,0.264450,0.423055,0.346013,0.406549,0.504012,0.347515,0.333463,0.343858,0.296290,0.406851,0.372822,0.346347,0.238794,0.400358,0.345802,0.370729,0.280168,0.376967,0.291291,0.343786,0.274404,0.235259,0.262013,0.393358,0.441798,0.376093,0.370818,0.230512,0.379646,0.416561,0.191268,0.234638,0.309208,0.353746,0.313606,0.466643,0.186559,0.423537,0.484693,0.330187,0.340773,0.426255,0.337802,0.388377,0.342030,0.383182,0.456670,0.265848,0.280469,0.295491,0.415070,0.392062,0.494784,0.429320,0.217838,0.315046,0.408677,0.244134,0.249171,0.352210,0.273671,0.273266,0.333298,0.398279,0.409975,#
1,0.373837,1.000000,0.299965,0.370639,0.402777,0.313960,0.398104,0.335234,0.278977,0.291037,0.426461,0.397491,0.350016,0.395624,0.330026,0.236318,0.277903,0.359502,0.393566,0.333533,0.346285,0.472155,0.242222,0.358120,0.396031,0.391577,0.461788,0.463627,0.351300,0.298708,0.356198,0.366332,0.381720,0.364275,0.223327,0.257488,0.347477,0.375023,0.380493,0.306807,0.298226,0.334675,0.385990,0.351828,0.324228,0.363179,0.484929,0.433842,0.328479,0.273660,0.456426,0.197353,0.448577,0.352307,0.340061,0.306028,0.383786,0.378722,0.342888,0.363634,0.348393,0.329572,0.369591,0.353350,0.341079,0.343446,0.263858,0.394268,0.416892,0.361280,0.390902,0.290261,0.457707,0.268544,0.398052,0.217664,0.360268,0.340317,0.434219,0.375543,0.365624,0.452597,0.431076,0.422202,0.339620,0.219614,0.395531,0.309239,0.428726,0.440487,0.406611,0.410511,0.277209,0.349186,0.288373,0.347617,0.296234,0.311461,0.282153,0.270272,0.334275,0.337190,0.385823,0.364580,0.319910,0.344707,0.387522,0.428210,0.298231,0.392453,0.424891,0.367385,0.305109,0.384612,0.371244,0.456944,0.459960,0.248703,0.379504,0.353535,0.294441,0.405528,0.350269,0.373009,0.345972,0.389978,0.351256,0.329613,0.297528,0.365980,0.362814,0.387615,0.255494,0.340981,0.464358,0.372981,0.347751,0.353678,0.403799,0.441444,0.423051,0.228537,0.224299,0.258777,0.414355,0.334040,0.345524,0.154693,0.325196,0.337821,0.300763,0.340740,0.305592,0.205299,0.377664,0.316356,0.276528,0.329644,0.286911,0.224548,0.240686,0.420352,0.292908,0.361938,0.369961,0.261101,0.213148,0.355461,0.323816,0.437462,0.412427,0.335821,0.294376,0.342953,0.354951,0.312325,0.234487,0.411765,0.371266,0.295900,0.332502,0.324678,0.309304,0.325942,0.355326,0.426224,0.306099,0.481438,0.306368,0.309006,0.441147,0.374267,0.206721,0.303810,0.362825,0.362562,0.219660,0.341450,0.261336,0.339068,#
2,0.414258,0.299965,1.000000,0.417709,0.258724,0.338792,0.339506,0.311567,0.194918,0.231693,0.195888,0.363844,0.341632,0.368332,0.294801,0.330986,0.299484,0.343961,0.393999,0.308375,0.353626,0.432486,0.321197,0.395242,0.395675,0.368934,0.396657,0.332567,0.321456,0.286401,0.324383,0.298908,0.331790,0.238342,0.195329,0.306228,0.360393,0.328002,0.297233,0.316471,0.394571,0.384869,0.327613,0.264942,0.231340,0.405225,0.351042,0.396902,0.311014,0.329540,0.405533,0.355870,0.380435,0.303077,0.244691,0.332921,0.201741,0.353489,0.256925,0.311132,0.226622,0.313986,0.322376,0.397170,0.440718,0.406212,0.339077,0.291449,0.361958,0.427291,0.290533,0.251784,0.287302,0.321367,0.380452,0.343260,0.269234,0.379529,0.315653,0.380472,0.439847,0.246060,0.301688,0.335014,0.271900,0.301933,0.430493,0.351934,0.297208,0.358049,0.297188,0.320096,0.324738,0.294248,0.311751,0.327160,0.367024,0.280832,0.354001,0.262762,0.365694,0.382551,0.338092,0.331836,0.348605,0.292397,0.274844,0.321761,0.269287,0.324720,0.388593,0.384874,0.297225,0.296323,0.217862,0.380066,0.333450,0.305196,0.169800,0.236279,0.336153,0.339363,0.312748,0.261630,0.326094,0.268441,0.310698,0.303121,0.308806,0.324203,0.274790,0.406619,0.309375,0.271631,0.334001,0.367550,0.325464,0.346422,0.225783,0.267534,0.213026,0.251005,0.343550,0.227923,0.464724,0.287084,0.292160,0.202392,0.411865,0.285352,0.333522,0.324010,0.345843,0.265709,0.209882,0.190617,0.231715,0.280804,0.344520,0.325645,0.398808,0.419614,0.275992,0.404897,0.347843,0.133532,0.286360,0.337494,0.227026,0.304971,0.253849,0.369997,0.287738,0.333278,0.399527,0.342782,0.457811,0.320343,0.343871,0.323535,0.361043,0.285773,0.169316,0.313227,0.201475,0.397023,0.320664,0.356820,0.377132,0.139046,0.306945,0.340299,0.375032,0.236325,0.341923,0.237654,0.257602,0.254098,0.411363,0.342258,#
3,0.320751,0.370639,0.417709,1.000000,0.353345,0.247604,0.377248,0.332871,0.303646,0.294865,0.338224,0.354808,0.287471,0.352760,0.318488,0.289197,0.264627,0.377019,0.329325,0.361333,0.331656,0.366863,0.327017,0.447080,0.419796,0.372764,0.366424,0.307961,0.370843,0.290010,0.398819,0.410056,0.405650,0.418967,0.133249,0.312902,0.400030,0.448721,0.430329,0.273064,0.376091,0.393057,0.384918,0.374149,0.294309,0.471913,0.443789,0.413295,0.299102,0.362637,0.450582,0.291979,0.361405,0.299928,0.192296,0.414722,0.305082,0.362687,0.279792,0.409473,0.291332,0.247536,0.321064,0.387042,0.377099,0.400597,0.276498,0.393540,0.339833,0.384994,0.411759,0.251279,0.322081,0.368734,0.405189,0.372468,0.277406,0.435129,0.389498,0.340326,0.413093,0.377396,0.364263,0.412920,0.372427,0.330299,0.374935,0.281269,0.402777,0.435738,0.343418,0.380829,0.319299,0.407366,0.251027,0.341602,0.389308,0.227214,0.412456,0.278713,0.390581,0.350603,0.412769,0.385612,0.399949,0.349251,0.335637,0.362008,0.254373,0.281423,0.350038,0.366204,0.300191,0.373643,0.226005,0.332500,0.414861,0.281217,0.318190,0.309646,0.414042,0.323318,0.360326,0.424340,0.347988,0.349652,0.339498,0.289997,0.272522,0.412062,0.317683,0.412606,0.424981,0.418028,0.388869,0.345109,0.292688,0.300149,0.438945,0.385916,0.361078,0.286833,0.352909,0.284209,0.422712,0.254849,0.391199,0.330063,0.386832,0.329004,0.340742,0.269005,0.249022,0.302677,0.317702,0.238392,0.310094,0.320796,0.247342,0.418082,0.431461,0.357746,0.389672,0.539111,0.379803,0.253262,0.325097,0.272861,0.254692,0.366152,0.403975,0.292975,0.285696,0.310531,0.341160,0.270785,0.308297,0.282232,0.299978,0.298685,0.349588,0.468826,0.391194,0.339341,0.212662,0.370403,0.273641,0.406166,0.265521,0.228722,0.334885,0.369294,0.368876,0.271239,0.248567,0.362075,0.339060,0.334223,0.373128,0.345736,#
4,0.350946,0.402777,0.258724,0.353345,1.000000,0.272539,0.357401,0.284262,0.310136,0.258415,0.266587,0.209187,0.340043,0.337346,0.227862,0.258800,0.152152,0.324786,0.356070,0.396176,0.333309,0.319703,0.329805,0.376987,0.315277,0.392731,0.292040,0.363858,0.383304,0.167668,0.278717,0.252349,0.398235,0.187010,0.218522,0.247663,0.304799,0.365134,0.214825,0.306143,0.364564,0.412285,0.284470,0.287051,0.414026,0.322945,0.423901,0.379911,0.308637,0.408870,0.337416,0.186618,0.325531,0.348296,0.320639,0.311996,0.276670,0.332965,0.312524,0.316052,0.319992,0.254754,0.267930,0.236222,0.277460,0.203495,0.332087,0.262907,0.282599,0.296714,0.357061,0.308004,0.292482,0.293263,0.309054,0.068261,0.237849,0.336368,0.263523,0.239624,0.438266,0.393257,0.281332,0.293229,0.347382,0.267154,0.268004,0.292738,0.391995,0.403591,0.368161,0.318298,0.161483,0.342458,0.173215,0.377755,0.273965,0.418386,0.338175,0.260787,0.328462,0.228476,0.352265,0.376584,0.338613,0.229598,0.205514,0.293225,0.240235,0.334497,0.452747,0.268985,0.340687,0.490083,0.290807,0.190008,0.328382,0.097781,0.322866,0.204832,0.320779,0.348818,0.350348,0.243084,0.364160,0.354201,0.306286,0.286030,0.136422,0.232750,0.252656,0.339390,0.278695,0.290131,0.382733,0.289408,0.282459,0.186767,0.258994,0.382403,0.351151,0.128290,0.224713,0.298371,0.328193,0.289649,0.324850,0.215706,0.299800,0.327082,0.303626,0.270773,0.292609,0.309144,0.171615,0.199994,0.419052,0.269412,0.247515,0.336088,0.281244,0.261738,0.174571,0.360210,0.249527,0.322915,0.213458,0.173543,0.261869,0.315024,0.326930,0.197796,0.269321,0.299971,0.325686,0.198845,0.318828,0.209663,0.308984,0.250111,0.201787,0.239606,0.263016,0.277947,0.278670,0.279008,0.214605,0.438988,0.300298,0.234987,0.320239,0.308236,0.272893,0.201892,0.208212,0.302144,0.307816,0.427561,0.301373,0.261745,#
5,0.333584,0.313960,0.338792,0.247604,0.272539,1.000000,0.253134,0.282749,0.243786,0.362699,0.260382,0.281031,0.340084,0.239857,0.319249,0.290772,0.253784,0.358121,0.296378,0.188872,0.320977,0.346917,0.284571,0.446754,0.311339,0.302733,0.333433,0.368720,0.361601,0.270723,0.237829,0.417677,0.378525,0.246751,0.211249,0.208304,0.417608,0.257105,0.315520,0.358647,0.322004,0.357873,0.126424,0.362535,0.211264,0.365042,0.326504,0.224262,0.360203,0.379207,0.346211,0.226085,0.297402,0.194472,0.304109,0.285812,0.157067,0.376689,0.330329,0.281742,0.283760,0.321955,0.320276,0.292625,0.326795,0.306362,0.344060,0.312412,0.286707,0.242558,0.399573,0.273953,0.358651,0.424015,0.278616,0.170638,0.312324,0.262427,0.288315,0.304599,0.364547,0.342248,0.379871,0.205957,0.253791,0.320819,0.231164,0.271985,0.334221,0.320908,0.263961,0.379952,0.206367,0.313276,0.224521,0.272701,0.271574,0.191220,0.278434,0.141146,0.368768,0.381349,0.311212,0.341354,0.246899,0.273626,0.207019,0.320717,0.233613,0.220871,0.405282,0.242811,0.324926,0.293971,0.262413,0.250461,0.368350,0.312506,0.263117,0.299721,0.204927,0.287397,0.263921,0.262461,0.284630,0.277237,0.134392,0.174486,0.388855,0.389407,0.245233,0.420487,0.232570,0.293516,0.418791,0.311710,0.210933,0.240824,0.275712,0.288164,0.332459,0.284431,0.229518,0.326316,0.322558,0.232196,0.280811,0.236942,0.207497,0.250144,0.346810,0.207327,0.320889,0.359485,0.205744,0.284164,0.309766,0.230415,0.423457,0.201728,0.313511,0.263726,0.272634,0.260122,0.267286,0.065619,0.214750,0.303932,0.349900,0.376425,0.240470,0.284157,0.354805,0.280843,0.188621,0.260652,0.263962,0.236011,0.343292,0.224558,0.312805,0.325140,0.319309,0.205528,0.250330,0.402923,0.305600,0.301468,0.243522,0.231494,0.327373,0.272472,0.273458,0.280188,0.336941,0.259311,0.219995,0.365288,0.270357,0.369388,#
6,0.352417,0.398104,0.339506,0.377248,0.357401,0.253134,1.000000,0.341405,0.267478,0.273250,0.335026,0.262765,0.239287,0.358304,0.264724,0.274244,0.326475,0.315337,0.342076,0.361954,0.381245,0.386529,0.278348,0.274236,0.298090,0.270630,0.323397,0.357627,0.371260,0.280471,0.221657,0.340805,0.338339,0.280592,0.119236,0.187359,0.244787,0.327998,0.357211,0.310105,0.331127,0.305435,0.268430,0.380683,0.252990,0.327621,0.420936,0.451467,0.312886,0.368082,0.328129,0.318233,0.401337,0.338273,0.196182,0.359394,0.312024,0.353965,0.318987,0.428468,0.261241,0.269052,0.271656,0.320814,0.295317,0.437716,0.329816,0.349460,0.351088,0.348019,0.327634,0.319103,0.348371,0.271154,0.356155,0.296636,0.267218,0.353121,0.303323,0.320164,0.330607,0.378591,0.421401,0.322452,0.320419,0.365186,0.293250,0.361754,0.379638,0.399557,0.416276,0.290406,0.214679,0.399034,0.298271,0.430837,0.333046,0.291098,0.407352,0.298737,0.380266,0.403435,0.244161,0.291921,0.214618,0.451474,0.297545,0.298441,0.329902,0.332037,0.330809,0.302333,0.345098,0.311693,0.300560,0.367427,0.390422,0.280930,0.366508,0.324616,0.276989,0.440523,0.220734,0.270551,0.340535,0.296203,0.204798,0.384420,0.179662,0.398656,0.281108,0.276581,0.348137,0.186947,0.474771,0.342252,0.298241,0.401302,0.335327,0.316397,0.229492,0.159840,0.187817,0.374490,0.249089,0.316362,0.310565,0.187766,0.300321,0.242580,0.384779,0.240389,0.309676,0.292085,0.315089,0.268763,0.216665,0.289565,0.322189,0.298390,0.274928,0.344816,0.335135,0.410965,0.349238,0.241427,0.227518,0.270147,0.343367,0.430461,0.241665,0.254648,0.304192,0.264404,0.338235,0.298884,0.313141,0.314887,0.369289,0.224795,0.138306,0.220063,0.285732,0.354594,0.312609,0.328509,0.299677,0.351967,0.354345,0.296337,0.312310,0.301101,0.336113,0.296750,0.224445,0.292261,0.291871,0.287438,0.246756,0.357304,#
7,0.287128,0.335234,0.311567,0.332871,0.284262,0.282749,0.341405,1.000000,0.241837,0.392645,0.341842,0.453774,0.278962,0.358525,0.274168,0.335722,0.286647,0.455165,0.338812,0.403103,0.379166,0.395942,0.441203,0.320956,0.433378,0.298265,0.369164,0.469629,0.346434,0.284375,0.377756,0.378497,0.449641,0.293292,0.230274,0.332829,0.292315,0.308717,0.374373,0.329033,0.297063,0.350344,0.369619,0.296558,0.362114,0.454352,0.301687,0.403677,0.430203,0.368767,0.436249,0.242854,0.310808,0.369189,0.346922,0.334664,0.364572,0.437722,0.316757,0.380955,0.337065,0.224473,0.338553,0.345537,0.452331,0.332506,0.341429,0.361262,0.334845,0.467538,0.395801,0.253182,0.447907,0.433392,0.331571,0.316734,0.317662,0.382916,0.354810,0.481570,0.385387,0.385766,0.449209,0.382475,0.317741,0.352171,0.439296,0.276438,0.387115,0.472914,0.400905,0.332977,0.328867,0.319502,0.255993,0.382143,0.329711,0.290322,0.269948,0.200030,0.388643,0.319690,0.348037,0.342461,0.244000,0.435532,0.401311,0.331089,0.367510,0.291944,0.306189,0.309206,0.264612,0.366684,0.386453,0.405869,0.323463,0.282235,0.314086,0.376668,0.374472,0.409571,0.244766,0.413781,0.448771,0.367968,0.347182,0.400522,0.264761,0.371409,0.283870,0.386076,0.355141,0.294051,0.520103,0.345964,0.233660,0.500994,0.379402,0.428388,0.443368,0.394413,0.149719,0.282020,0.375710,0.331400,0.382069,0.272502,0.326324,0.266699,0.410005,0.451302,0.264382,0.267413,0.250173,0.390174,0.384163,0.358662,0.356002,0.354316,0.326042,0.372852,0.329353,0.394705,0.332768,0.236499,0.419939,0.288077,0.403525,0.372823,0.366510,0.307485,0.317296,0.269483,0.317927,0.271370,0.316745,0.342098,0.189611,0.403252,0.321919,0.394248,0.284310,0.344134,0.135533,0.393189,0.310510,0.394034,0.270290,0.406258,0.392129,0.334495,0.316946,0.349248,0.211603,0.344913,0.332436,0.369018,0.382500,0.350341,#
8,0.350855,0.278977,0.194918,0.303646,0.310136,0.243786,0.267478,0.241837,1.000000,0.229810,0.340644,0.301773,0.319460,0.281274,0.347073,0.267588,0.228919,0.216816,0.192816,0.296306,0.334125,0.240224,0.243832,0.333424,0.260693,0.260564,0.227844,0.361428,0.203636,0.280639,0.128096,0.317438,0.234789,0.236881,0.188213,0.244224,0.300087,0.268767,0.257910,0.366622,0.249631,0.239813,0.145497,0.304932,0.392643,0.350627,0.286412,0.326096,0.230518,0.238433,0.238122,0.315139,0.246759,0.411796,0.212894,0.284233,0.235107,0.300388,0.185075,0.313870,0.284606,0.105648,0.356557,0.254620,0.310809,0.260976,0.290230,0.272320,0.407797,0.309568,0.238371,0.303395,0.296128,0.219179,0.254409,0.184183,0.178624,0.264801,0.279667,0.149482,0.289704,0.276894,0.300895,0.208131,0.330321,0.299053,0.285829,0.219605,0.331101,0.306988,0.327925,0.312461,0.243433,0.229359,0.331395,0.438136,0.305950,0.239188,0.240529,0.146096,0.298844,0.192512,0.229308,0.275102,0.285377,0.185019,0.317038,0.289288,0.114717,0.322243,0.212368,0.243770,0.172677,0.319166,0.140111,0.332893,0.358531,0.218295,0.158390,0.348565,0.321617,0.210535,0.250111,0.244205,0.272246,0.346060,0.137705,0.337422,0.190188,0.335967,0.259819,0.284642,0.236075,0.239463,0.380282,0.267543,0.233291,0.333578,0.376004,0.297803,0.295513,0.258205,0.311792,0.179653,0.270373,0.187042,0.305045,0.331226,0.234923,0.271900,0.329993,0.203818,0.279631,0.267479,0.331689,0.303919,0.300863,0.182119,0.287865,0.321716,0.175833,0.273008,0.149722,0.351972,0.252146,0.137318,0.279047,0.197314,0.235378,0.265710,0.354568,0.054202,0.181569,0.333580,0.297014,0.235094,0.194519,0.246752,0.265597,0.251523,0.272054,0.264418,0.100452,0.242828,0.254970,0.264588,0.113707,0.216509,0.303891,0.227473,0.276233,0.253025,0.265460,0.223582,0.236643,0.234587,0.282907,0.107834,0.216029,0.236495,#
9,0.349617,0.291037,0.231693,0.294865,0.258415,0.362699,0.273250,0.392645,0.229810,1.000000,0.393816,0.319768,0.249519,0.312510,0.332302,0.344641,0.267951,0.274950,0.216305,0.405190,0.277283,0.328116,0.319447,0.336814,0.293432,0.329236,0.393253,0.452747,0.382983,0.208104,0.412248,0.400410,0.275729,0.328396,0.294640,0.264459,0.224687,0.362717,0.305866,0.279103,0.351342,0.390574,0.247715,0.174664,0.311119,0.460452,0.341181,0.386135,0.291295,0.279876,0.379581,0.312326,0.303598,0.304735,0.249298,0.340812,0.374600,0.355126,0.279915,0.313859,0.289648,0.293714,0.402249,0.322437,0.348759,0.360508,0.217047,0.360898,0.398581,0.233109,0.363481,0.309719,0.305949,0.333730,0.374213,0.269615,0.335352,0.274785,0.436598,0.371772,0.331926,0.385422,0.389199,0.309184,0.377760,0.429228,0.422416,0.233702,0.291009,0.336224,0.273419,0.433791,0.267714,0.330416,0.295177,0.361958,0.421255,0.284081,0.312247,0.261052,0.375287,0.379904,0.392528,0.293399,0.366390,0.330529,0.328718,0.315614,0.324762,0.279095,0.248535,0.259056,0.268455,0.393370,0.233472,0.396442,0.377689,0.384564,0.440782,0.269321,0.415285,0.409285,0.273867,0.373591,0.375967,0.424159,0.141328,0.342592,0.223382,0.342670,0.286424,0.364540,0.253024,0.354471,0.451312,0.302119,0.324622,0.372292,0.335581,0.315743,0.257929,0.301146,0.221542,0.203684,0.320433,0.173169,0.360225,0.264667,0.239597,0.399723,0.342004,0.284015,0.455931,0.342368,0.279527,0.346925,0.350162,0.325248,0.444720,0.298088,0.329977,0.268144,0.147913,0.440979,0.294881,0.240446,0.301076,0.285080,0.446683,0.348294,0.286684,0.323959,0.340849,0.340230,0.243561,0.253430,0.293735,0.176919,0.212928,0.358812,0.264185,0.377669,0.336683,0.359196,0.242581,0.387984,0.325238,0.438070,0.379326,0.247200,0.338261,0.387800,0.229338,0.330187,0.239165,0.322159,0.267575,0.240792,0.336067,0.366168,#
10,0.415824,0.426461,0.195888,0.338224,0.266587,0.260382,0.335026,0.341842,0.340644,0.393816,1.000000,0.279145,0.208577,0.355749,0.332738,0.263209,0.302884,0.332724,0.412971,0.328617,0.287094,0.360242,0.232715,0.268344,0.276347,0.214022,0.374802,0.403109,0.356188,0.327151,0.323417,0.310442,0.328194,0.292965,0.219527,0.287458,0.203939,0.335660,0.415579,0.301093,0.223134,0.244441,0.265159,0.228754,0.248696,0.366718,0.309977,0.411438,0.365932,0.324122,0.293427,0.315315,0.282551,0.324729,0.235855,0.299584,0.258750,0.321552,0.223658,0.316938,0.294704,0.286317,0.319645,0.351408,0.387245,0.371074,0.315336,0.292749,0.351619,0.297761,0.355166,0.265682,0.306456,0.320651,0.299358,0.334395,0.364396,0.235432,0.321887,0.270124,0.268225,0.323124,0.392712,0.334427,0.362717,0.283549,0.405790,0.197987,0.369016,0.363506,0.249510,0.302618,0.342428,0.260905,0.253527,0.331630,0.397500,0.172986,0.378905,0.317457,0.351166,0.304190,0.324781,0.282996,0.325177,0.264251,0.355091,0.342490,0.262149,0.286075,0.216455,0.320188,0.224885,0.359077,0.381670,0.453134,0.363972,0.148546,0.259395,0.263970,0.297408,0.304814,0.286058,0.330635,0.354912,0.334878,0.174408,0.320971,0.194552,0.434225,0.320727,0.297233,0.258763,0.234403,0.428117,0.306299,0.277566,0.377166,0.228671,0.414082,0.337923,0.197227,0.333510,0.197896,0.277788,0.254639,0.217167,0.236747,0.215377,0.347858,0.269508,0.354769,0.339077,0.303700,0.374800,0.328600,0.321799,0.209127,0.361139,0.367384,0.257016,0.259948,0.309730,0.379813,0.276157,0.193369,0.253404,0.219740,0.250821,0.403432,0.330083,0.225479,0.319823,0.329018,0.305268,0.129422,0.262179,0.278252,0.325562,0.396485,0.341178,0.319448,0.353014,0.291207,0.259316,0.356161,0.225180,0.343957,0.316602,0.264233,0.347355,0.331144,0.268670,0.252759,0.292351,0.347062,0.250591,0.350379,0.354903,0.382561,#
11,0.350553,0.397491,0.363844,0.354808,0.209187,0.281031,0.262765,0.453774,0.301773,0.319768,0.279145,1.000000,0.405174,0.274478,0.196654,0.363772,0.337167,0.400649,0.325479,0.176519,0.326818,0.410435,0.260807,0.384912,0.429840,0.370443,0.294350,0.471127,0.182052,0.370399,0.337884,0.397023,0.316623,0.317984,0.206378,0.269135,0.354420,0.324720,0.307732,0.267312,0.324152,0.411133,0.332409,0.441889,0.252639,0.437446,0.293915,0.408514,0.337964,0.232826,0.419281,0.282469,0.301647,0.374387,0.202180,0.270994,0.430249,0.365158,0.346907,0.314954,0.280741,0.330339,0.412321,0.375077,0.431855,0.366382,0.353669,0.381143,0.373618,0.356091,0.287971,0.212056,0.396072,0.334235,0.341704,0.319054,0.262610,0.292323,0.446873,0.333744,0.392643,0.200680,0.358140,0.397530,0.409875,0.290129,0.452809,0.284187,0.378691,0.340782,0.419145,0.358128,0.361020,0.449248,0.296908,0.312162,0.290071,0.298922,0.336180,0.338679,0.421631,0.332564,0.332007,0.260244,0.331766,0.424377,0.390830,0.333530,0.333055,0.366327,0.308324,0.298863,0.337230,0.349157,0.169127,0.556999,0.385288,0.214299,0.335780,0.321558,0.324342,0.392113,0.352464,0.328816,0.368240,0.326828,0.364111,0.442471,0.334610,0.381531,0.295521,0.458780,0.246394,0.312937,0.394852,0.305372,0.245868,0.422090,0.299727,0.391314,0.279680,0.312211,0.287177,0.310079,0.388075,0.293648,0.361183,0.258731,0.304831,0.303459,0.297694,0.450173,0.325499,0.340315,0.347077,0.282791,0.259248,0.240304,0.315973,0.332010,0.334032,0.315506,0.222330,0.342506,0.398722,0.190324,0.425471,0.328185,0.427143,0.330764,0.375338,0.196728,0.288681,0.303932,0.297645,0.373414,0.438260,0.294498,0.208741,0.259875,0.390723,0.341202,0.278355,0.325577,0.138665,0.419011,0.288081,0.345226,0.325247,0.268105,0.235577,0.315910,0.381504,0.142017,0.295675,0.268404,0.342100,0.243080,0.280171,0.350000,#
12,0.330260,0.350016,0.341632,0.287471,0.340043,0.340084,0.239287,0.278962,0.319460,0.249519,0.208577,0.405174,1.000000,0.292866,0.348590,0.342780,0.351491,0.300805,0.381969,0.402967,0.381374,0.306020,0.323745,0.377062,0.372619,0.342327,0.297170,0.425330,0.392385,0.392606,0.242194,0.453578,0.360660,0.323477,0.293506,0.283290,0.429426,0.308158,0.320288,0.313484,0.433363,0.333679,0.369651,0.361688,0.339266,0.476835,0.333911,0.316019,0.383575,0.292989,0.413329,0.255548,0.296498,0.382433,0.295822,0.308399,0.306258,0.397418,0.340460,0.372349,0.317672,0.330577,0.340878,0.324036,0.412455,0.345199,0.326956,0.281154,0.368424,0.258080,0.283709,0.314281,0.272396,0.285712,0.402034,0.312144,0.282485,0.319198,0.291168,0.303496,0.392475,0.325385,0.362459,0.331894,0.384370,0.406682,0.334229,0.340125,0.432786,0.393221,0.386838,0.374689,0.273072,0.394091,0.330051,0.262177,0.418726,0.324803,0.256643,0.204279,0.372767,0.370847,0.328578,0.286857,0.397838,0.344045,0.348182,0.278921,0.261372,0.409003,0.368886,0.228432,0.339221,0.405386,0.220709,0.377028,0.398419,0.360466,0.280783,0.332454,0.306039,0.407295,0.401843,0.384028,0.284876,0.336123,0.314797,0.330301,0.312384,0.263755,0.285631,0.417007,0.291801,0.238183,0.327859,0.311028,0.324132,0.351192,0.325869,0.354317,0.406591,0.307420,0.219942,0.249890,0.255526,0.328488,0.349864,0.275318,0.353050,0.262430,0.337461,0.467989,0.239934,0.300914,0.300999,0.247102,0.327044,0.156390,0.317367,0.260388,0.348046,0.375661,0.237658,0.427574,0.309192,0.212783,0.351604,0.186691,0.341825,0.410534,0.278404,0.244468,0.347061,0.337037,0.382906,0.236507,0.341267,0.357557,0.170070,0.359610,0.381208,0.328139,0.351934,0.347059,0.290703,0.405874,0.301280,0.413826,0.269247,0.185287,0.367561,0.400038,0.303442,0.312028,0.237952,0.299266,0.379558,0.277174,0.400364,0.306240,#
13,0.321498,0.395624,0.368332,0.352760,0.337346,0.239857,0.358304,0.358525,0.281274,0.312510,0.355749,0.274478,0.292866,1.000000,0.382349,0.365021,0.314854,0.293035,0.348262,0.410618,0.319530,0.356391,0.284817,0.289954,0.422471,0.422706,0.433403,0.407675,0.324780,0.245176,0.368500,0.323650,0.369869,0.331525,0.231022,0.319179,0.289093,0.392375,0.268004,0.329445,0.298126,0.349456,0.394818,0.319672,0.326129,0.366220,0.416780,0.385317,0.396807,0.312242,0.423514,0.299215,0.390231,0.328559,0.318699,0.478870,0.284475,0.342466,0.322162,0.414401,0.376100,0.307700,0.464642,0.360761,0.344934,0.323587,0.492680,0.381758,0.487907,0.416819,0.251327,0.345920,0.397060,0.301229,0.422568,0.263422,0.354317,0.386626,0.411041,0.336861,0.345769,0.451468,0.384938,0.470572,0.470468,0.315854,0.484955,0.377195,0.372322,0.429902,0.388981,0.360655,0.323741,0.394602,0.329509,0.362811,0.374308,0.253578,0.249391,0.282597,0.446844,0.402336,0.362162,0.356928,0.340920,0.413399,0.361021,0.332775,0.356019,0.334141,0.341597,0.287117,0.420815,0.423267,0.298744,0.348094,0.431018,0.306550,0.281667,0.334370,0.403254,0.444647,0.281651,0.389228,0.398266,0.303813,0.275240,0.308740,0.426730,0.363290,0.291017,0.331620,0.317284,0.314032,0.468307,0.326991,0.349391,0.414463,0.444860,0.408204,0.327002,0.272338,0.334616,0.319381,0.412279,0.429725,0.346466,0.320419,0.182324,0.367507,0.404337,0.253082,0.360719,0.383326,0.410069,0.325154,0.260124,0.349191,0.368687,0.311176,0.268164,0.463049,0.238229,0.455853,0.347386,0.303853,0.274548,0.274121,0.415098,0.413481,0.384287,0.413982,0.364430,0.312523,0.343805,0.359761,0.336094,0.271825,0.360594,0.261530,0.354017,0.318143,0.338804,0.389927,0.247254,0.399804,0.346301,0.452870,0.390884,0.369677,0.280310,0.383080,0.360814,0.280409,0.272817,0.345263,0.261212,0.326803,0.379584,0.358771,#
14,0.421612,0.330026,0.294801,0.318488,0.227862,0.319249,0.264724,0.274168,0.347073,0.332302,0.332738,0.196654,0.348590,0.382349,1.000000,0.410526,0.313392,0.334708,0.343384,0.416842,0.315626,0.277826,0.316241,0.420713,0.305381,0.286763,0.394013,0.341681,0.370684,0.291931,0.203400,0.284611,0.272968,0.234650,0.236026,0.335925,0.339393,0.396400,0.358983,0.378026,0.401324,0.322345,0.349403,0.289290,0.320790,0.443535,0.413645,0.324473,0.321515,0.230151,0.428454,0.265578,0.336632,0.334999,0.395962,0.342074,0.308246,0.308722,0.214562,0.340381,0.387818,0.364806,0.302939,0.307952,0.384712,0.317869,0.359453,0.365015,0.361542,0.325689,0.294833,0.306884,0.239327,0.432065,0.264219,0.220003,0.264941,0.365885,0.326308,0.346213,0.382365,0.240757,0.408360,0.392323,0.354169,0.376020,0.222530,0.257770,0.353988,0.348096,0.396937,0.348300,0.316756,0.346392,0.337979,0.228161,0.370365,0.290971,0.317819,0.225654,0.306621,0.362276,0.359681,0.322936,0.271015,0.317662,0.421787,0.422579,0.308460,0.354850,0.196316,0.223193,0.334792,0.281871,0.284615,0.357695,0.302827,0.362633,0.289442,0.293864,0.409277,0.382491,0.247667,0.313126,0.320283,0.270586,0.238061,0.257764,0.205129,0.377203,0.171282,0.372000,0.329591,0.176375,0.291644,0.281524,0.289768,0.345622,0.312974,0.313112,0.404937,0.344076,0.307116,0.207254,0.274837,0.273715,0.320922,0.182166,0.181101,0.276713,0.345431,0.233966,0.214090,0.332194,0.290350,0.212389,0.286423,0.277475,0.335623,0.220832,0.262688,0.339915,0.215311,0.297884,0.347362,0.159662,0.278349,0.256579,0.243441,0.371152,0.445723,0.291866,0.330431,0.378631,0.375867,0.200091,0.400774,0.321953,0.349342,0.400310,0.336536,0.416322,0.282187,0.355775,0.315482,0.372132,0.306789,0.309081,0.258809,0.243442,0.304573,0.360736,0.296080,0.395512,0.230494,0.182247,0.163835,0.296610,0.353744,0.354733,#
15,0.386945,0.236318,0.330986,0.289197,0.258800,0.290772,0.274244,0.335722,0.267588,0.344641,0.263209,0.363772,0.342780,0.365021,0.410526,1.000000,0.350518,0.466110,0.395423,0.304667,0.282606,0.336985,0.295795,0.441160,0.412974,0.385527,0.405206,0.399283,0.429020,0.208989,0.331655,0.376736,0.332975,0.385572,0.218434,0.260261,0.313837,0.358602,0.375760,0.355632,0.447583,0.368692,0.332966,0.315254,0.447134,0.391469,0.291569,0.368767,0.269077,0.322699,0.402926,0.263083,0.382141,0.339675,0.323380,0.256178,0.321942,0.390877,0.305888,0.397551,0.276113,0.251129,0.333645,0.259566,0.315637,0.337819,0.408407,0.440217,0.400289,0.303111,0.299338,0.400020,0.318841,0.280554,0.371683,0.308751,0.230406,0.434147,0.342964,0.323349,0.500018,0.255480,0.331879,0.429785,0.333978,0.331324,0.395708,0.245975,0.458328,0.424462,0.359153,0.277345,0.352414,0.466551,0.328607,0.258226,0.426079,0.273370,0.386350,0.263889,0.411130,0.362024,0.371743,0.315788,0.273755,0.334770,0.305410,0.300948,0.297919,0.460976,0.265174,0.387540,0.287447,0.305659,0.219171,0.456417,0.389105,0.251283,0.300218,0.350807,0.400699,0.416729,0.260705,0.421183,0.297845,0.260179,0.256954,0.311078,0.294315,0.284970,0.252634,0.440980,0.274620,0.322284,0.400412,0.378847,0.342034,0.277943,0.363980,0.251403,0.273836,0.326177,0.373805,0.216174,0.403239,0.312344,0.409548,0.273327,0.346124,0.341350,0.394065,0.265190,0.356160,0.493707,0.222822,0.429213,0.272645,0.310483,0.390786,0.356958,0.257034,0.346402,0.279422,0.391530,0.327038,0.278312,0.358068,0.297165,0.290965,0.377445,0.275606,0.234228,0.394673,0.253728,0.380832,0.177759,0.427109,0.266022,0.185611,0.398390,0.354077,0.396564,0.257559,0.328411,0.260659,0.387749,0.241602,0.390810,0.339289,0.252624,0.146165,0.447021,0.284825,0.321178,0.239888,0.266093,0.275045,0.310544,0.272150,0.279478,#
16,0.377836,0.277903,0.299484,0.264627,0.152152,0.253784,0.326475,0.286647,0.228919,0.267951,0.302884,0.337167,0.351491,0.314854,0.313392,0.350518,1.000000,0.332914,0.291794,0.302184,0.483023,0.365591,0.439075,0.247589,0.239350,0.360622,0.337606,0.266153,0.290257,0.303487,0.249583,0.425565,0.201920,0.345434,0.203972,0.271425,0.327503,0.288908,0.301548,0.280146,0.219734,0.315282,0.247357,0.356572,0.293216,0.378331,0.302672,0.340561,0.319535,0.189970,0.219168,0.332999,0.458317,0.264699,0.240005,0.252359,0.211155,0.303713,0.233087,0.205728,0.259005,0.336749,0.332855,0.363148,0.425458,0.292318,0.317111,0.460157,0.276888,0.360398,0.222449,0.353204,0.350454,0.207172,0.340140,0.475885,0.248877,0.371039,0.368437,0.312398,0.261553,0.268085,0.292973,0.286912,0.293888,0.399618,0.426657,0.248044,0.331511,0.303951,0.357739,0.325086,0.269833,0.251626,0.258431,0.270111,0.375340,0.199311,0.348410,0.274871,0.304647,0.292564,0.180495,0.248125,0.252796,0.338543,0.263284,0.237921,0.226139,0.303540,0.292877,0.286109,0.303816,0.273036,0.293155,0.462432,0.358857,0.260190,0.176680,0.295031,0.309294,0.331791,0.318092,0.322016,0.319972,0.199079,0.217778,0.194413,0.256765,0.386409,0.165458,0.317511,0.400213,0.110827,0.442385,0.316262,0.150836,0.365030,0.324150,0.371427,0.153042,0.275924,0.187251,0.286061,0.331439,0.280131,0.162596,0.254260,0.237752,0.187078,0.249269,0.303291,0.240445,0.267262,0.325986,0.280675,0.219168,0.203570,0.354058,0.290072,0.227957,0.413146,0.364840,0.401459,0.254856,0.131896,0.324424,0.268059,0.242383,0.286157,0.230886,0.145270,0.293141,0.207646,0.305665,0.332067,0.262772,0.230954,0.217268,0.270060,0.314767,0.329327,0.268111,0.205646,0.153909,0.295867,0.373373,0.325209,0.284480,0.224458,0.298543,0.171213,0.189005,0.254185,0.315435,0.320286,0.176536,0.294810,0.236287,0.295687,#
17,0.476365,0.359502,0.343961,0.377019,0.324786,0.358121,0.315337,0.455165,0.216816,0.274950,0.332724,0.400649,0.300805,0.293035,0.334708,0.466110,0.332914,1.000000,0.332490,0.392641,0.390258,0.373038,0.362957,0.441284,0.425741,0.353010,0.291923,0.364810,0.383723,0.332256,0.367929,0.444122,0.515717,0.319922,0.167739,0.303781,0.296979,0.469000,0.370157,0.256921,0.348455,0.339021,0.238481,0.415264,0.324565,0.408622,0.403428,0.343109,0.409168,0.384770,0.414630,0.195653,0.266899,0.359934,0.327073,0.349096,0.403381,0.483749,0.317042,0.404906,0.301334,0.367422,0.323145,0.329558,0.344555,0.406344,0.452984,0.438361,0.374217,0.432391,0.408497,0.378557,0.433358,0.372598,0.392605,0.398432,0.270054,0.417493,0.320823,0.385534,0.450117,0.376652,0.536881,0.417861,0.404543,0.314404,0.392783,0.360663,0.486679,0.483450,0.373129,0.309973,0.347336,0.354348,0.249158,0.280290,0.356495,0.427176,0.376085,0.347804,0.380776,0.324680,0.345180,0.369058,0.298167,0.407622,0.296523,0.481061,0.227559,0.253682,0.340404,0.367939,0.322384,0.414694,0.229521,0.444051,0.372555,0.266289,0.331974,0.390607,0.329089,0.343262,0.279158,0.359549,0.450918,0.359748,0.310196,0.338341,0.211453,0.304241,0.223694,0.439893,0.380804,0.413437,0.430536,0.375823,0.388601,0.352278,0.389458,0.439444,0.374754,0.353378,0.295475,0.275114,0.434700,0.352728,0.277176,0.234247,0.320822,0.205654,0.438654,0.254260,0.308520,0.431140,0.346153,0.355638,0.302576,0.311387,0.478731,0.392225,0.434626,0.375537,0.296203,0.333602,0.379193,0.308740,0.296368,0.379276,0.280663,0.327418,0.436126,0.326303,0.354482,0.375690,0.403283,0.175306,0.394857,0.309764,0.205414,0.430027,0.348624,0.503112,0.353833,0.228228,0.220374,0.385005,0.323027,0.406873,0.414135,0.328267,0.329683,0.439992,0.233991,0.259356,0.363889,0.344341,0.385923,0.249594,0.301099,0.384253,#
18,0.352399,0.393566,0.393999,0.329325,0.356070,0.296378,0.342076,0.338812,0.192816,0.216305,0.412971,0.325479,0.381969,0.348262,0.343384,0.395423,0.291794,0.332490,1.000000,0.325592,0.322292,0.355190,0.222497,0.423194,0.394905,0.376925,0.428969,0.418700,0.431800,0.278128,0.355581,0.318095,0.425244,0.252803,0.277267,0.360303,0.435726,0.367869,0.336307,0.367510,0.382193,0.363760,0.308607,0.309882,0.296279,0.371424,0.346231,0.404964,0.311323,0.324767,0.408282,0.205575,0.419690,0.454190,0.260293,0.259919,0.303659,0.435083,0.253910,0.297996,0.313559,0.307652,0.345318,0.398273,0.301108,0.449480,0.413429,0.431862,0.332348,0.218295,0.239557,0.304808,0.306175,0.293822,0.306836,0.226773,0.221629,0.401635,0.400490,0.420586,0.458327,0.302153,0.389951,0.410829,0.347593,0.231451,0.401630,0.269625,0.424559,0.361625,0.407892,0.278972,0.329559,0.360520,0.295232,0.292904,0.474564,0.315516,0.269001,0.368663,0.299707,0.397740,0.443356,0.332979,0.368520,0.345637,0.293084,0.340183,0.315598,0.381844,0.392164,0.472741,0.272136,0.377483,0.298218,0.348992,0.350136,0.240798,0.305403,0.335879,0.276917,0.423052,0.332933,0.335805,0.348828,0.300776,0.317663,0.325978,0.374363,0.338250,0.305304,0.418710,0.296101,0.266921,0.452193,0.174138,0.281638,0.398923,0.348387,0.424098,0.379620,0.171239,0.202661,0.222659,0.408204,0.311868,0.235835,0.157340,0.284521,0.275775,0.310006,0.341506,0.317586,0.287197,0.304456,0.405825,0.409203,0.399922,0.295634,0.440833,0.345445,0.369233,0.271724,0.352268,0.312633,0.249601,0.395666,0.351525,0.281385,0.408647,0.204681,0.302204,0.385441,0.250105,0.318685,0.243030,0.320361,0.380390,0.411223,0.346282,0.343110,0.383010,0.340992,0.297472,0.377681,0.402013,0.359062,0.481573,0.322797,0.269748,0.323168,0.406407,0.319082,0.315680,0.315474,0.244141,0.313391,0.378932,0.432534,0.368298,#
19,0.339115,0.333533,0.308375,0.361333,0.396176,0.188872,0.361954,0.403103,0.296306,0.405190,0.328617,0.176519,0.402967,0.410618,0.416842,0.304667,0.302184,0.392641,0.325592,1.000000,0.301554,0.390419,0.345838,0.407390,0.296334,0.458932,0.371392,0.371050,0.377233,0.408747,0.296299,0.390895,0.352216,0.303568,0.293081,0.352138,0.202645,0.369114,0.450289,0.331283,0.355728,0.336972,0.254869,0.259098,0.365799,0.463143,0.415708,0.519879,0.352791,0.362379,0.349831,0.310987,0.279336,0.446308,0.325044,0.325556,0.340366,0.356587,0.268469,0.398743,0.366548,0.267063,0.349933,0.335191,0.412079,0.375969,0.296106,0.390730,0.378020,0.386631,0.379654,0.379392,0.423228,0.266673,0.409101,0.336639,0.309543,0.448297,0.414666,0.315513,0.409663,0.374043,0.447954,0.277115,0.443538,0.322022,0.378650,0.310247,0.458620,0.424326,0.320143,0.414884,0.343111,0.319417,0.301012,0.335418,0.406944,0.377138,0.225872,0.265960,0.378359,0.358855,0.386640,0.370372,0.365705,0.354018,0.377196,0.495701,0.263689,0.252573,0.366948,0.324372,0.373598,0.438612,0.329781,0.344163,0.437434,0.430327,0.345127,0.256913,0.449345,0.481483,0.334641,0.406192,0.527454,0.383264,0.327041,0.380788,0.142092,0.357443,0.226701,0.293831,0.426014,0.286930,0.386948,0.359308,0.336181,0.398848,0.391915,0.426661,0.388358,0.293602,0.255013,0.236757,0.399033,0.340070,0.256197,0.403778,0.396921,0.202387,0.311561,0.346425,0.329779,0.409206,0.308440,0.298045,0.342449,0.313142,0.400062,0.261186,0.355073,0.387637,0.351602,0.387707,0.319713,0.246143,0.321588,0.310004,0.315060,0.325345,0.437023,0.340009,0.350075,0.321495,0.378364,0.234251,0.340265,0.339909,0.210782,0.378287,0.265625,0.437244,0.285012,0.376100,0.317043,0.399415,0.324803,0.458508,0.346130,0.245086,0.426110,0.396236,0.306879,0.404816,0.280855,0.377271,0.350035,0.408563,0.418849,0.405382,#
20,0.439840,0.346285,0.353626,0.331656,0.333309,0.320977,0.381245,0.379166,0.334125,0.277283,0.287094,0.326818,0.381374,0.319530,0.315626,0.282606,0.483023,0.390258,0.322292,0.301554,1.000000,0.382619,0.377046,0.337426,0.433421,0.335494,0.374914,0.426478,0.346107,0.353310,0.306758,0.344061,0.352654,0.301691,0.247924,0.268270,0.338072,0.330681,0.287324,0.356806,0.293864,0.477858,0.313349,0.350471,0.349535,0.441397,0.369539,0.417304,0.410207,0.288714,0.303271,0.351359,0.493471,0.333246,0.303026,0.300054,0.372850,0.353242,0.237252,0.364825,0.390279,0.236246,0.426799,0.375028,0.435874,0.254745,0.337947,0.377968,0.425360,0.418075,0.341860,0.326929,0.471765,0.382254,0.330579,0.311460,0.380340,0.386086,0.300795,0.386154,0.275359,0.262985,0.425177,0.338219,0.327415,0.407697,0.404468,0.352560,0.448024,0.431313,0.383823,0.417751,0.341889,0.370065,0.297292,0.317123,0.390119,0.346831,0.282534,0.181512,0.315737,0.336248,0.327186,0.406059,0.248891,0.402821,0.333421,0.325308,0.296654,0.366527,0.383000,0.289780,0.340938,0.378315,0.298719,0.457279,0.499757,0.226418,0.199504,0.274296,0.304169,0.399351,0.311471,0.334644,0.421058,0.335301,0.416758,0.433478,0.280164,0.438383,0.239492,0.446445,0.344164,0.221437,0.443465,0.322703,0.355324,0.457150,0.420429,0.420136,0.371960,0.375794,0.151922,0.264543,0.430596,0.258236,0.253151,0.306373,0.317658,0.300526,0.380654,0.371238,0.203665,0.221284,0.336429,0.334229,0.263729,0.224904,0.329427,0.344217,0.368634,0.385300,0.312931,0.362611,0.421611,0.195753,0.231759,0.346740,0.296680,0.311510,0.362850,0.248924,0.286053,0.347260,0.315777,0.368828,0.245919,0.206901,0.386399,0.449559,0.363959,0.365228,0.282571,0.372590,0.298266,0.265532,0.281369,0.386763,0.346966,0.316061,0.375845,0.366640,0.336242,0.274402,0.370226,0.373543,0.281604,0.347152,0.285791,0.317427,#
21,0.459889,0.472155,0.432486,0.366863,0.319703,0.346917,0.386529,0.395942,0.240224,0.328116,0.360242,0.410435,0.306020,0.356391,0.277826,0.336985,0.365591,0.373038,0.355190,0.390419,0.382619,1.000000,0.311699,0.429181,0.450585,0.309488,0.422957,0.466849,0.383295,0.363037,0.347847,0.413121,0.351894,0.417806,0.223276,0.355756,0.420037,0.412466,0.434834,0.311596,0.360794,0.412073,0.242189,0.327028,0.414211,0.383836,0.465925,0.445241,0.314297,0.375989,0.423646,0.251965,0.405806,0.378117,0.307919,0.299472,0.425887,0.399865,0.302920,0.354741,0.294598,0.270342,0.419436,0.370731,0.492666,0.366031,0.356181,0.394901,0.448989,0.481417,0.488902,0.328842,0.470240,0.349907,0.338119,0.334361,0.333179,0.330805,0.321491,0.369463,0.454718,0.374320,0.379027,0.305352,0.443367,0.314612,0.421824,0.317597,0.451373,0.481413,0.328432,0.313344,0.335461,0.336756,0.408104,0.435461,0.369385,0.377551,0.352114,0.357307,0.486522,0.358937,0.304857,0.397474,0.374360,0.453435,0.374247,0.413661,0.332028,0.324958,0.348416,0.373035,0.383735,0.381969,0.286242,0.464456,0.500011,0.263904,0.403775,0.418837,0.362231,0.506203,0.209970,0.470523,0.352700,0.379287,0.368805,0.382107,0.302175,0.316640,0.338475,0.343056,0.428476,0.336346,0.429523,0.278731,0.414859,0.393268,0.365851,0.432084,0.337860,0.378941,0.290973,0.231793,0.401224,0.384056,0.311935,0.333256,0.313696,0.268921,0.382286,0.381835,0.336905,0.365178,0.358091,0.311840,0.272330,0.346440,0.313048,0.347554,0.485723,0.353032,0.293899,0.396232,0.410234,0.191089,0.209656,0.408965,0.274921,0.425789,0.370503,0.306100,0.397034,0.371272,0.331317,0.325992,0.423046,0.294267,0.331112,0.412394,0.300742,0.413801,0.226125,0.362389,0.242025,0.369363,0.347813,0.412133,0.452342,0.262162,0.415439,0.391123,0.357439,0.237781,0.429379,0.396375,0.372084,0.344031,0.350792,0.398598,#
