0,1.000000,0.541562,0.546380,0.560494,0.551264,0.580457,0.598973,0.563894,0.561591,0.494223,0.605017,0.538560,0.546495,0.552653,0.553940,0.635529,0.634227,0.635760,0.629156,0.569292,0.599530,0.507426,0.603753,0.660853,0.499434,0.569731,0.568833,0.538586,0.534381,0.586254,0.511102,0.625097,0.561636,0.599433,0.617829,0.526766,0.538882,0.588854,0.619459,0.611102,0.604842,0.567590,0.628151,0.509085,0.621697,0.559004,0.531561,0.620018,0.595434,0.609068,0.599258,0.626398,0.591605,0.596461,0.613010,0.626421,0.623791,0.638599,0.584494,0.577068,0.599727,0.566681,0.649091,0.555984,0.603532,0.488904,0.573270,0.558662,0.543779,0.540464,0.565639,0.555183,0.615058,0.656358,0.536670,0.522262,0.621534,0.552298,0.604467,0.570255,0.571077,0.592844,0.606978,0.588251,0.588865,0.588455,0.658242,0.617841,0.591012,0.624171,0.555382,0.539788,0.599031,0.569634,0.559793,0.598877,0.589257,0.525645,0.551509,0.605634,0.589791,0.543830,0.566157,0.597557,0.551674,0.653423,0.564655,0.606563,0.600372,0.450713,0.555229,0.604573,0.536120,0.598539,0.600435,0.615396,0.580237,0.555122,0.549517,0.582745,0.522573,0.614696,0.615075,0.630785,0.658024,0.594972,0.573571,0.536143,0.520338,0.572233,0.597953,0.541303,0.521789,0.532268,0.580616,0.610168,0.558840,0.611530,0.507258,0.627596,0.591598,0.539608,0.500835,0.579503,0.534179,0.454361,0.599455,0.505934,0.594446,0.516162,0.531893,0.617262,0.575638,0.474992,0.593459,0.596474,0.645768,0.618560,0.623417,0.560180,0.595704,0.591179,0.608049,0.521373,0.577974,0.591890,0.542150,0.588770,0.618693,0.583216,0.554607,0.543195,0.599951,0.590565,0.545902,0.626228,0.647190,0.623345,0.564882,0.497177,0.596149,0.569666,0.538262,0.542515,0.584123,0.536690,0.537087,0.598510,0.584453,0.527306,0.495927,0.600088,0.504908,0.599480,0.601759,0.595084,0.528262,0.635467,0.574533,0.581073,#
1,0.541562,1.000000,0.572040,0.544567,0.515010,0.547762,0.554787,0.590501,0.636335,0.505658,0.596458,0.552255,0.540437,0.515366,0.499978,0.525538,0.557775,0.536008,0.540927,0.525578,0.561309,0.604202,0.525791,0.490146,0.535187,0.511638,0.548830,0.624982,0.448628,0.536931,0.570707,0.539854,0.500515,0.582642,0.483487,0.576838,0.540494,0.574567,0.623427,0.523325,0.539192,0.480304,0.588947,0.509805,0.554145,0.519334,0.613137,0.520538,0.586021,0.473696,0.552532,0.591474,0.598670,0.549536,0.601913,0.553352,0.557399,0.511668,0.470372,0.482079,0.548608,0.511499,0.560590,0.521389,0.534101,0.553456,0.556928,0.556184,0.559012,0.584566,0.539277,0.559200,0.630717,0.523817,0.557859,0.549779,0.506782,0.492714,0.600455,0.519834,0.583856,0.570812,0.526442,0.529811,0.602015,0.526211,0.588143,0.609891,0.571322,0.504307,0.526137,0.517200,0.535150,0.583876,0.563089,0.517606,0.522559,0.510643,0.530842,0.542104,0.581780,0.508965,0.526317,0.526977,0.486503,0.610790,0.529917,0.567184,0.581092,0.505844,0.521755,0.536958,0.490156,0.561430,0.522238,0.576157,0.556952,0.541979,0.469243,0.516219,0.483280,0.552884,0.507123,0.573660,0.568881,0.521768,0.538905,0.538293,0.544407,0.581212,0.493262,0.617251,0.499502,0.525688,0.595895,0.544048,0.564248,0.588273,0.556536,0.614546,0.598399,0.527609,0.564946,0.627747,0.584433,0.484490,0.513251,0.518467,0.573689,0.459348,0.588756,0.607395,0.534962,0.408956,0.620546,0.564880,0.532071,0.555812,0.450930,0.463296,0.495906,0.572682,0.585371,0.594200,0.554153,0.422904,0.523800,0.442542,0.490206,0.543873,0.589228,0.559372,0.556101,0.511355,0.515915,0.579998,0.567275,0.621668,0.492348,0.486293,0.567531,0.494773,0.488449,0.561439,0.563419,0.609279,0.527109,0.422390,0.590701,0.568235,0.563433,0.565116,0.487918,0.550970,0.572229,0.493833,0.456286,0.618453,0.484792,0.571052,#
2,0.546380,0.572040,1.000000,0.548044,0.562699,0.574829,0.583521,0.571662,0.602055,0.515291,0.602593,0.544144,0.489042,0.584244,0.475342,0.569156,0.497720,0.560738,0.545421,0.549608,0.569268,0.562572,0.460261,0.574188,0.518832,0.561181,0.628017,0.599508,0.544845,0.547756,0.555803,0.555242,0.548379,0.519938,0.536842,0.529909,0.541507,0.544638,0.601963,0.494015,0.530829,0.532375,0.604479,0.488350,0.547401,0.539228,0.580228,0.497763,0.527482,0.534322,0.579269,0.659786,0.587804,0.556194,0.600435,0.567477,0.580019,0.521783,0.595019,0.558721,0.659837,0.539504,0.525765,0.584028,0.591495,0.541066,0.514486,0.550267,0.536136,0.555943,0.532193,0.578548,0.540128,0.572606,0.597815,0.554619,0.512466,0.474661,0.553960,0.561502,0.593543,0.569991,0.597886,0.460994,0.614223,0.564865,0.562521,0.638213,0.529913,0.506374,0.525998,0.545593,0.630376,0.616634,0.554766,0.595625,0.569209,0.526782,0.617650,0.533978,0.541863,0.512525,0.517712,0.556539,0.448481,0.637568,0.572575,0.591487,0.552886,0.481853,0.599491,0.547242,0.576560,0.573723,0.503941,0.547136,0.569625,0.577693,0.455078,0.545094,0.511834,0.501178,0.495534,0.613875,0.580730,0.483734,0.581171,0.578636,0.544720,0.584807,0.532263,0.595488,0.586864,0.618297,0.614105,0.549906,0.587499,0.589516,0.610517,0.557908,0.522562,0.584517,0.497533,0.482609,0.580215,0.511381,0.450348,0.504068,0.534701,0.490623,0.581563,0.595697,0.609036,0.550652,0.553938,0.536992,0.570017,0.461944,0.563471,0.511741,0.463536,0.532611,0.590140,0.566258,0.488944,0.562518,0.552198,0.454584,0.539513,0.541874,0.538636,0.593072,0.588114,0.499196,0.554225,0.561997,0.549894,0.604577,0.476337,0.462408,0.553340,0.601769,0.388303,0.623196,0.545524,0.596766,0.520609,0.468606,0.573741,0.534218,0.541756,0.566246,0.641304,0.590336,0.568216,0.524464,0.442901,0.575551,0.526953,0.607377,#
3,0.560494,0.544567,0.548044,1.000000,0.583852,0.544398,0.569369,0.571065,0.659175,0.544232,0.610407,0.531260,0.519521,0.554950,0.544114,0.553715,0.557417,0.611166,0.634647,0.572624,0.593081,0.540024,0.549652,0.586700,0.544483,0.593426,0.602972,0.595767,0.556652,0.589025,0.568696,0.606664,0.640564,0.600812,0.516881,0.558962,0.536822,0.624402,0.614147,0.611245,0.560686,0.590917,0.628308,0.615063,0.537034,0.610252,0.554458,0.545118,0.541104,0.490605,0.605991,0.603525,0.617391,0.493418,0.544180,0.629309,0.572407,0.543777,0.541791,0.601121,0.575227,0.505841,0.553050,0.549320,0.693462,0.510005,0.484529,0.493716,0.445777,0.562492,0.518776,0.566755,0.603872,0.550439,0.536537,0.547401,0.504794,0.524841,0.531073,0.527629,0.647140,0.583825,0.624038,0.489669,0.598891,0.587172,0.597004,0.547154,0.571338,0.553053,0.610524,0.569901,0.577903,0.602162,0.564064,0.571754,0.534769,0.464443,0.600995,0.503236,0.537749,0.521737,0.543707,0.485939,0.633321,0.555730,0.561057,0.572883,0.540884,0.491514,0.556170,0.507298,0.511212,0.576394,0.537065,0.584301,0.504304,0.580661,0.483597,0.524056,0.518886,0.588732,0.536456,0.563270,0.563695,0.598908,0.575126,0.627578,0.484343,0.522203,0.610284,0.591991,0.551311,0.583624,0.580612,0.624970,0.554565,0.585919,0.546527,0.582725,0.474137,0.639136,0.585540,0.475427,0.555285,0.567516,0.581161,0.641389,0.535354,0.559239,0.548833,0.569438,0.529277,0.546022,0.622135,0.499761,0.555774,0.526293,0.638140,0.525050,0.534600,0.529963,0.567429,0.565742,0.523441,0.508767,0.575754,0.505467,0.556583,0.516583,0.586543,0.531645,0.563554,0.505505,0.533523,0.578062,0.622252,0.598434,0.500219,0.527188,0.515498,0.629465,0.504530,0.510599,0.510641,0.580532,0.527217,0.479187,0.587499,0.624997,0.586138,0.541331,0.553599,0.526388,0.603855,0.584866,0.541424,0.570427,0.512018,0.522135,#
4,0.551264,0.515010,0.562699,0.583852,1.000000,0.636132,0.565540,0.587695,0.587758,0.548025,0.504576,0.576681,0.554960,0.577385,0.516911,0.572651,0.584803,0.643774,0.598972,0.655819,0.681843,0.514562,0.520728,0.604071,0.519023,0.604115,0.576970,0.531533,0.555189,0.549924,0.603267,0.586663,0.599582,0.539785,0.524322,0.553629,0.626358,0.578258,0.577570,0.585969,0.591995,0.559724,0.547191,0.540949,0.575394,0.631489,0.601926,0.575949,0.593051,0.516020,0.571445,0.578185,0.616041,0.550769,0.643535,0.641357,0.550923,0.574074,0.606564,0.563084,0.553217,0.567345,0.568268,0.520896,0.592835,0.536780,0.522939,0.544288,0.500831,0.564408,0.577498,0.609177,0.591828,0.604487,0.543234,0.465972,0.501920,0.559532,0.582031,0.614009,0.587245,0.589701,0.577983,0.484896,0.631695,0.550211,0.559092,0.555029,0.554557,0.565880,0.614562,0.497862,0.593854,0.589729,0.572376,0.592989,0.555327,0.491638,0.492617,0.528596,0.571198,0.541385,0.612421,0.549565,0.525828,0.634539,0.543762,0.579321,0.630190,0.553408,0.545217,0.595303,0.554176,0.658730,0.554309,0.521847,0.608689,0.588908,0.479290,0.504029,0.490754,0.567963,0.601358,0.557496,0.612303,0.549878,0.565644,0.590164,0.629676,0.571315,0.622574,0.557465,0.567222,0.627758,0.651779,0.596756,0.566299,0.575846,0.573162,0.543460,0.525199,0.556438,0.609301,0.515871,0.562105,0.534752,0.575176,0.595362,0.532299,0.553096,0.582793,0.657887,0.548000,0.569314,0.673910,0.578226,0.655711,0.518909,0.535997,0.535617,0.548296,0.503976,0.619345,0.455159,0.478951,0.504841,0.497201,0.482909,0.564326,0.549222,0.518883,0.575659,0.673906,0.554382,0.607812,0.620727,0.642445,0.635283,0.532825,0.546822,0.558343,0.512990,0.542311,0.530226,0.618940,0.625245,0.449790,0.608178,0.590534,0.609693,0.460128,0.557037,0.522245,0.581288,0.569687,0.565998,0.548292,0.573917,0.603231,0.567693,#
5,0.580457,0.547762,0.574829,0.544398,0.636132,1.000000,0.528763,0.622129,0.598611,0.525740,0.593555,0.541536,0.532812,0.522327,0.549670,0.594072,0.567746,0.597017,0.489062,0.640431,0.579784,0.527039,0.551995,0.572690,0.550917,0.568500,0.647371,0.607069,0.550491,0.551905,0.635703,0.614262,0.614438,0.579172,0.528652,0.591868,0.573974,0.559079,0.580981,0.559552,0.648147,0.535716,0.555161,0.562554,0.604386,0.641092,0.614158,0.535453,0.636807,0.463074,0.618111,0.619734,0.565202,0.562418,0.559685,0.663818,0.593871,0.546702,0.695097,0.576961,0.577317,0.598432,0.618337,0.601414,0.649981,0.545268,0.517467,0.554780,0.550446,0.487326,0.576090,0.562036,0.635882,0.601228,0.521003,0.560073,0.580933,0.536902,0.583956,0.577411,0.645693,0.578331,0.616739,0.509751,0.544986,0.572230,0.611816,0.627456,0.587395,0.486692,0.506201,0.566028,0.654179,0.682143,0.560135,0.592040,0.555991,0.549215,0.613973,0.555316,0.559564,0.566502,0.566109,0.592927,0.535586,0.671787,0.588057,0.577259,0.574778,0.525297,0.530055,0.627205,0.510256,0.564717,0.511071,0.538266,0.604377,0.591036,0.438389,0.562864,0.493425,0.594026,0.538548,0.605492,0.539090,0.537016,0.590530,0.540448,0.559675,0.591916,0.648087,0.610151,0.620546,0.642672,0.628834,0.613401,0.606010,0.598054,0.534805,0.558679,0.545710,0.546829,0.589130,0.573598,0.601885,0.506257,0.544324,0.552718,0.577208,0.534658,0.622211,0.612792,0.571055,0.524028,0.599361,0.538540,0.635266,0.557757,0.589710,0.520442,0.569744,0.547540,0.612079,0.544731,0.565856,0.521988,0.465576,0.598320,0.596463,0.580271,0.651517,0.591906,0.611551,0.527189,0.573450,0.579614,0.596105,0.620624,0.555030,0.549626,0.627434,0.543073,0.581975,0.568544,0.598136,0.626758,0.572204,0.524879,0.552671,0.559104,0.491265,0.597981,0.533788,0.539325,0.541676,0.532629,0.492556,0.590436,0.565020,0.584293,#
6,0.598973,0.554787,0.583521,0.569369,0.565540,0.528763,1.000000,0.544346,0.585490,0.482954,0.551518,0.542143,0.559693,0.629828,0.460604,0.550078,0.580896,0.606861,0.601134,0.495210,0.655836,0.564783,0.461787,0.567506,0.545603,0.562818,0.583772,0.571320,0.492864,0.602354,0.559534,0.579439,0.540416,0.569005,0.549024,0.559705,0.508280,0.553636,0.538613,0.603068,0.547342,0.560142,0.595947,0.520287,0.635787,0.528490,0.562102,0.478487,0.650067,0.540095,0.602779,0.625421,0.606491,0.499755,0.580099,0.610482,0.537945,0.593239,0.620953,0.575667,0.598944,0.506286,0.561034,0.537984,0.646262,0.568662,0.592456,0.544278,0.549243,0.549957,0.541938,0.578995,0.548227,0.648506,0.567055,0.513097,0.555219,0.525647,0.580697,0.513900,0.559464,0.573863,0.585192,0.518861,0.530608,0.590576,0.579152,0.554451,0.568755,0.541067,0.528571,0.490285,0.537299,0.564045,0.553514,0.542359,0.631594,0.535957,0.541059,0.581928,0.566187,0.564750,0.611273,0.573910,0.484351,0.570824,0.621219,0.515994,0.575244,0.514243,0.511626,0.559884,0.473918,0.544055,0.537332,0.516750,0.646708,0.581144,0.498945,0.516644,0.561693,0.585012,0.517007,0.634800,0.623815,0.601294,0.540299,0.570566,0.445086,0.533167,0.559248,0.564934,0.560908,0.539840,0.583317,0.588024,0.586077,0.555508,0.613918,0.604722,0.569107,0.600350,0.523234,0.510189,0.519469,0.543079,0.545110,0.529102,0.550826,0.463803,0.644633,0.593235,0.555081,0.443026,0.602887,0.551700,0.555852,0.601553,0.609424,0.519386,0.516085,0.574046,0.595132,0.580692,0.563890,0.544019,0.555938,0.465371,0.541426,0.555691,0.577036,0.559953,0.529224,0.497234,0.564158,0.601750,0.576382,0.579004,0.572292,0.493016,0.575782,0.502630,0.572495,0.579641,0.558425,0.607280,0.488612,0.569304,0.509611,0.566373,0.486518,0.597519,0.521306,0.608201,0.568136,0.514233,0.546108,0.615452,0.585615,0.573729,#
7,0.563894,0.590501,0.571662,0.571065,0.587695,0.622129,0.544346,1.000000,0.699276,0.536929,0.619368,0.608901,0.564622,0.592180,0.602091,0.555979,0.621995,0.622579,0.587648,0.563246,0.597891,0.555593,0.636355,0.618021,0.622973,0.616378,0.587646,0.635726,0.558505,0.593699,0.528828,0.594870,0.577482,0.587469,0.515902,0.561241,0.592930,0.535942,0.619916,0.570276,0.607044,0.525366,0.580701,0.606587,0.620184,0.601445,0.593505,0.579539,0.553372,0.506746,0.666049,0.617027,0.598373,0.623693,0.585053,0.586195,0.578632,0.658149,0.594292,0.570782,0.542761,0.589067,0.619374,0.549096,0.637522,0.606470,0.603758,0.572119,0.587419,0.636795,0.586100,0.485376,0.680197,0.592184,0.551109,0.550959,0.541243,0.525136,0.597693,0.609363,0.622361,0.601329,0.614683,0.525272,0.616000,0.587568,0.667147,0.601152,0.562675,0.568970,0.556539,0.596581,0.590724,0.621765,0.618888,0.526929,0.591163,0.598335,0.572060,0.584277,0.604253,0.516322,0.565628,0.582481,0.549830,0.634017,0.561283,0.592135,0.550430,0.482147,0.633518,0.566084,0.577693,0.617377,0.624827,0.596687,0.577917,0.526172,0.458487,0.625856,0.556322,0.606778,0.542661,0.652444,0.664917,0.569821,0.596316,0.629413,0.522302,0.525175,0.569918,0.550047,0.625187,0.539324,0.678176,0.666714,0.555291,0.634666,0.544059,0.624223,0.574826,0.571160,0.609910,0.509211,0.584504,0.545838,0.587725,0.519133,0.601214,0.567779,0.585648,0.612840,0.602863,0.566678,0.608352,0.641928,0.606696,0.607837,0.601464,0.559826,0.590913,0.527167,0.683852,0.507940,0.516196,0.578517,0.599654,0.498164,0.568701,0.544221,0.643403,0.629841,0.607373,0.573545,0.593616,0.605592,0.584142,0.598946,0.490196,0.585561,0.613512,0.564318,0.542440,0.581497,0.538121,0.643774,0.513166,0.468681,0.569277,0.637036,0.591130,0.579592,0.542366,0.523034,0.586539,0.524877,0.529058,0.622084,0.580328,0.576855,#
8,0.561591,0.636335,0.602055,0.659175,0.587758,0.598611,0.585490,0.699276,1.000000,0.581516,0.591875,0.603922,0.598481,0.563770,0.591630,0.628248,0.543216,0.624813,0.574370,0.571909,0.573434,0.611225,0.603832,0.600398,0.478040,0.609641,0.568418,0.655736,0.539533,0.622520,0.528268,0.600892,0.543926,0.584586,0.523322,0.584568,0.576443,0.564311,0.590482,0.589476,0.581931,0.604538,0.643851,0.550569,0.626746,0.550699,0.536669,0.531064,0.610599,0.534792,0.638228,0.670619,0.575017,0.635333,0.594569,0.671354,0.585233,0.655328,0.563010,0.595150,0.621258,0.557800,0.638325,0.542698,0.641265,0.634964,0.583573,0.562825,0.622677,0.632276,0.569228,0.536511,0.648760,0.651578,0.585294,0.567551,0.548559,0.564159,0.571253,0.624257,0.624012,0.606161,0.588960,0.533795,0.607539,0.614053,0.576331,0.584653,0.519390,0.564275,0.570717,0.600024,0.637404,0.573092,0.664045,0.594283,0.596516,0.548622,0.620887,0.536545,0.584561,0.533369,0.617018,0.601364,0.570089,0.607138,0.615978,0.618679,0.544283,0.549292,0.584499,0.580684,0.552352,0.591736,0.626798,0.626938,0.581525,0.523423,0.520613,0.646255,0.555245,0.550032,0.581943,0.600569,0.608015,0.625247,0.596306,0.661652,0.517860,0.593420,0.563391,0.514721,0.619742,0.628699,0.682051,0.620970,0.544252,0.605061,0.524890,0.601950,0.571163,0.626153,0.649858,0.546068,0.553187,0.518331,0.608437,0.528534,0.608494,0.538319,0.610001,0.598838,0.579564,0.623817,0.634611,0.639161,0.633511,0.629403,0.604892,0.616582,0.552798,0.553179,0.640158,0.588210,0.586432,0.526672,0.564480,0.493122,0.596006,0.618792,0.621854,0.583674,0.599171,0.523696,0.638893,0.594545,0.568690,0.649937,0.532617,0.506211,0.602986,0.590327,0.482634,0.621156,0.583347,0.625647,0.526490,0.495874,0.595917,0.605182,0.569886,0.581364,0.610766,0.563602,0.606142,0.562301,0.569641,0.576183,0.573251,0.582669,#
9,0.494223,0.505658,0.515291,0.544232,0.548025,0.525740,0.482954,0.536929,0.581516,1.000000,0.560361,0.432603,0.531049,0.548411,0.548160,0.525177,0.528965,0.512509,0.531945,0.571569,0.624511,0.504774,0.538064,0.563939,0.459677,0.503230,0.550327,0.606162,0.484947,0.599178,0.533157,0.507609,0.502178,0.590088,0.589474,0.522705,0.478170,0.521741,0.534112,0.520268,0.601089,0.547191,0.550632,0.462807,0.563026,0.539864,0.497597,0.470599,0.477972,0.446653,0.522578,0.563351,0.476407,0.505147,0.482725,0.569076,0.503844,0.562007,0.580909,0.505410,0.564236,0.535388,0.587784,0.566766,0.579543,0.596057,0.509895,0.525100,0.532460,0.476471,0.567377,0.523592,0.533089,0.548327,0.517749,0.520394,0.406024,0.511052,0.571454,0.605079,0.533160,0.568787,0.466626,0.468017,0.583503,0.500569,0.538817,0.588490,0.454892,0.399927,0.510961,0.566886,0.604841,0.517448,0.567202,0.545858,0.532248,0.559937,0.545596,0.408306,0.503605,0.492417,0.578511,0.532880,0.598186,0.603970,0.521672,0.468478,0.566771,0.506136,0.559219,0.535554,0.563975,0.633433,0.447667,0.577853,0.446050,0.510027,0.455135,0.465779,0.488357,0.550583,0.508587,0.555682,0.523153,0.511683,0.506297,0.535822,0.538414,0.527836,0.486770,0.517800,0.557907,0.602005,0.572198,0.528432,0.515868,0.557158,0.476770,0.525403,0.456006,0.614164,0.582653,0.529531,0.472519,0.515449,0.527110,0.532268,0.525833,0.523332,0.478691,0.490908,0.559855,0.543698,0.590413,0.537140,0.532424,0.574556,0.568776,0.504408,0.549962,0.512070,0.543811,0.587567,0.518567,0.473988,0.479647,0.462649,0.619604,0.481825,0.561614,0.565468,0.524408,0.523097,0.540677,0.635039,0.514227,0.581011,0.517680,0.500468,0.536576,0.492120,0.514372,0.542986,0.530975,0.618856,0.440000,0.463892,0.618570,0.535153,0.528392,0.558745,0.497603,0.524297,0.505176,0.500144,0.477696,0.542564,0.478896,0.522152,#
10,0.605017,0.596458,0.602593,0.610407,0.504576,0.593555,0.551518,0.619368,0.591875,0.560361,1.000000,0.537957,0.519224,0.558585,0.519987,0.579212,0.567752,0.565224,0.599250,0.569302,0.582438,0.501765,0.550291,0.622283,0.515122,0.535148,0.563562,0.683944,0.510615,0.631766,0.542934,0.574774,0.566285,0.585686,0.599303,0.587809,0.557008,0.592656,0.626780,0.540592,0.624653,0.541348,0.561847,0.510021,0.602488,0.632587,0.603472,0.588570,0.630893,0.607452,0.568553,0.612292,0.600883,0.544388,0.559215,0.597313,0.578763,0.580612,0.565853,0.590928,0.604634,0.610306,0.630626,0.652274,0.673722,0.524687,0.576557,0.497611,0.542599,0.564252,0.539175,0.608934,0.630256,0.558699,0.507290,0.594052,0.535940,0.579702,0.574768,0.540418,0.691718,0.599996,0.591484,0.562857,0.614652,0.527001,0.632176,0.650704,0.570303,0.577441,0.530869,0.612769,0.635328,0.624273,0.583969,0.634099,0.554376,0.527786,0.640386,0.594322,0.540904,0.510887,0.598218,0.607908,0.631204,0.572302,0.533021,0.597578,0.552432,0.518398,0.571628,0.577872,0.539898,0.582797,0.561177,0.647250,0.553337,0.535416,0.524524,0.594488,0.566161,0.641811,0.461186,0.588951,0.509536,0.559933,0.641441,0.617275,0.554967,0.526619,0.533275,0.558882,0.538281,0.552712,0.630782,0.587247,0.538069,0.619411,0.538969,0.605401,0.663523,0.541224,0.549029,0.559318,0.545460,0.458248,0.507421,0.518856,0.604333,0.501969,0.609176,0.627348,0.616091,0.495343,0.609750,0.564270,0.648451,0.603699,0.612086,0.539345,0.631840,0.522772,0.632694,0.585532,0.577807,0.516423,0.616212,0.511077,0.588697,0.623168,0.623777,0.578184,0.504909,0.528211,0.578749,0.586437,0.627111,0.666908,0.473093,0.580968,0.587140,0.522660,0.603378,0.523984,0.563369,0.616657,0.486751,0.471954,0.559123,0.635518,0.605036,0.539186,0.552644,0.558377,0.613607,0.565058,0.484768,0.647984,0.572047,0.626350,#
11,0.538560,0.552255,0.544144,0.531260,0.576681,0.541536,0.542143,0.608901,0.603922,0.432603,0.537957,1.000000,0.565959,0.550886,0.463352,0.512279,0.552527,0.618459,0.563974,0.456388,0.549944,0.538283,0.480647,0.497373,0.508408,0.575552,0.472056,0.577088,0.507551,0.535509,0.532944,0.545192,0.555323,0.536085,0.479844,0.526730,0.589600,0.518027,0.514622,0.579997,0.527393,0.542839,0.596823,0.528907,0.538088,0.553202,0.569293,0.520449,0.546577,0.504937,0.560377,0.591894,0.547408,0.562833,0.553867,0.542501,0.448799,0.593853,0.533760,0.511977,0.502250,0.485809,0.600854,0.495815,0.586522,0.552035,0.545150,0.542232,0.569294,0.594127,0.536018,0.524108,0.583406,0.558286,0.501765,0.444219,0.547190,0.509492,0.524672,0.466179,0.582007,0.546843,0.574069,0.463731,0.560525,0.509004,0.502594,0.538472,0.517016,0.465679,0.500505,0.573638,0.585267,0.576202,0.563408,0.585541,0.534642,0.493379,0.572756,0.536754,0.507203,0.523912,0.520785,0.548038,0.524140,0.614226,0.512454,0.589176,0.576391,0.541365,0.603980,0.569804,0.550639,0.572885,0.427136,0.586383,0.521404,0.550437,0.415752,0.564748,0.437777,0.564378,0.534911,0.550325,0.576069,0.523460,0.521756,0.530466,0.537831,0.507202,0.565068,0.506742,0.580159,0.575504,0.598734,0.551490,0.504348,0.588637,0.498853,0.571268,0.545561,0.485788,0.543664,0.558188,0.596950,0.432820,0.579397,0.511067,0.494539,0.510999,0.538925,0.582101,0.547686,0.517688,0.592341,0.535073,0.600385,0.488834,0.593821,0.472918,0.497360,0.549857,0.582271,0.500649,0.547295,0.401118,0.564103,0.436799,0.537555,0.599422,0.548039,0.541859,0.555557,0.505354,0.534694,0.567636,0.535143,0.565855,0.454042,0.537149,0.568070,0.479899,0.524467,0.495989,0.548891,0.526527,0.452459,0.554385,0.540815,0.591553,0.542730,0.513571,0.593041,0.571803,0.583453,0.547898,0.510297,0.551383,0.517743,0.508136,#
12,0.546495,0.540437,0.489042,0.519521,0.554960,0.532812,0.559693,0.564622,0.598481,0.531049,0.519224,0.565959,1.000000,0.581725,0.588647,0.516519,0.609238,0.613486,0.612867,0.575263,0.572262,0.535666,0.572358,0.590542,0.487470,0.546622,0.540777,0.607473,0.575277,0.525831,0.488241,0.565210,0.575904,0.557966,0.564764,0.593566,0.541811,0.545606,0.545395,0.602191,0.495806,0.478656,0.550038,0.617708,0.583473,0.572409,0.575961,0.472137,0.576680,0.502447,0.640110,0.561476,0.547296,0.582019,0.626556,0.578097,0.500146,0.582447,0.530393,0.468214,0.522046,0.583075,0.489330,0.556537,0.662837,0.555551,0.529472,0.501580,0.576952,0.561267,0.553356,0.520419,0.619129,0.570605,0.593438,0.560472,0.568677,0.456518,0.556494,0.557554,0.600787,0.551217,0.548368,0.531577,0.513829,0.561527,0.558571,0.588234,0.591340,0.511059,0.526343,0.522209,0.571238,0.491459,0.536828,0.610775,0.678413,0.570051,0.515629,0.476204,0.520823,0.537543,0.583159,0.593368,0.537260,0.565658,0.524870,0.510098,0.551828,0.517983,0.585073,0.538872,0.523511,0.575866,0.594109,0.538650,0.561131,0.491050,0.514616,0.502939,0.534861,0.567003,0.558079,0.620533,0.593746,0.507700,0.547913,0.490716,0.477218,0.534706,0.529991,0.512062,0.484984,0.550718,0.572018,0.541021,0.554670,0.580845,0.565869,0.535953,0.614422,0.632206,0.569323,0.541913,0.520813,0.493459,0.565208,0.509511,0.555824,0.603337,0.505980,0.621390,0.558918,0.452703,0.546128,0.657290,0.594519,0.551703,0.591485,0.543734,0.547482,0.619832,0.610323,0.540008,0.623716,0.435757,0.566326,0.558203,0.521642,0.515049,0.603808,0.589835,0.558317,0.555697,0.543782,0.562327,0.633924,0.653878,0.511907,0.439181,0.560098,0.567748,0.556190,0.525568,0.506801,0.571132,0.516293,0.590487,0.537874,0.515975,0.541688,0.512560,0.527324,0.586838,0.517364,0.562602,0.518902,0.584724,0.583718,0.451137,#
13,0.552653,0.515366,0.584244,0.554950,0.577385,0.522327,0.629828,0.592180,0.563770,0.548411,0.558585,0.550886,0.581725,1.000000,0.537233,0.539486,0.592122,0.623599,0.625365,0.583388,0.646783,0.549141,0.574684,0.584579,0.509977,0.597878,0.571129,0.648624,0.570775,0.613646,0.507939,0.589158,0.619925,0.626949,0.534118,0.549125,0.579153,0.618310,0.576653,0.616367,0.634553,0.570670,0.593421,0.551439,0.675500,0.607158,0.575788,0.556907,0.634548,0.524122,0.622777,0.668027,0.552731,0.600623,0.609251,0.645470,0.549918,0.619855,0.588785,0.590516,0.625707,0.593148,0.595993,0.636053,0.639057,0.570413,0.611552,0.549954,0.603532,0.562754,0.534313,0.582772,0.521821,0.641578,0.639814,0.591260,0.585120,0.540495,0.642016,0.619812,0.613093,0.619847,0.618944,0.570675,0.565455,0.592778,0.555744,0.556013,0.626954,0.547203,0.548755,0.572773,0.608319,0.635730,0.597986,0.528114,0.604263,0.532808,0.545355,0.640282,0.567062,0.582046,0.606059,0.698423,0.568406,0.672482,0.578310,0.613754,0.611839,0.545957,0.594343,0.603254,0.612872,0.643543,0.595679,0.623786,0.575628,0.649687,0.517754,0.619849,0.568756,0.595641,0.542780,0.592890,0.620070,0.531262,0.585038,0.530763,0.549365,0.549875,0.541625,0.572727,0.562005,0.568832,0.657400,0.583804,0.569763,0.609555,0.627452,0.598371,0.488998,0.631848,0.675447,0.599216,0.524425,0.570622,0.588582,0.569958,0.582029,0.552184,0.568954,0.638559,0.562813,0.606741,0.592336,0.616038,0.586867,0.586519,0.663483,0.569211,0.585139,0.628257,0.601869,0.606616,0.568893,0.533543,0.564571,0.509338,0.636799,0.539789,0.610175,0.640025,0.628967,0.580023,0.631463,0.630200,0.626218,0.697139,0.586389,0.504309,0.567792,0.605035,0.571790,0.578866,0.647510,0.650853,0.563182,0.574129,0.498744,0.583234,0.575498,0.598004,0.587363,0.659279,0.597044,0.527863,0.571057,0.588365,0.603932,0.548330,#
14,0.553940,0.499978,0.475342,0.544114,0.516911,0.549670,0.460604,0.602091,0.591630,0.548160,0.519987,0.463352,0.588647,0.537233,1.000000,0.564664,0.558037,0.507433,0.552470,0.570906,0.575492,0.498979,0.495134,0.615420,0.469547,0.444548,0.578133,0.581177,0.537671,0.557140,0.489429,0.596948,0.526483,0.533675,0.547170,0.494460,0.503886,0.544449,0.559830,0.519204,0.492340,0.484197,0.578886,0.502519,0.573160,0.588407,0.524000,0.449984,0.462327,0.485639,0.564970,0.516075,0.521504,0.624169,0.555794,0.568682,0.533990,0.522271,0.541076,0.484657,0.544238,0.578115,0.558909,0.529945,0.543679,0.434305,0.512228,0.522449,0.497889,0.580272,0.533139,0.495536,0.550306,0.529205,0.611395,0.529177,0.553360,0.504991,0.523201,0.459110,0.591392,0.594524,0.564724,0.559652,0.535615,0.540280,0.519934,0.567976,0.535381,0.429918,0.462013,0.480022,0.570981,0.596173,0.576607,0.551016,0.651197,0.527053,0.490139,0.424637,0.557484,0.550444,0.576646,0.520803,0.569221,0.558752,0.523736,0.484369,0.487709,0.470398,0.546124,0.480985,0.555858,0.569123,0.500601,0.542226,0.523268,0.485138,0.446961,0.528378,0.547213,0.579867,0.470970,0.547243,0.604664,0.420081,0.516331,0.588493,0.461192,0.556331,0.489055,0.495311,0.494409,0.537436,0.555016,0.549854,0.465754,0.564429,0.507495,0.558254,0.504291,0.567714,0.491573,0.544550,0.458616,0.567963,0.587196,0.515676,0.481801,0.434805,0.554295,0.545653,0.455397,0.483704,0.614530,0.566273,0.552775,0.521616,0.509130,0.523770,0.499423,0.471423,0.590871,0.497728,0.480889,0.411533,0.477469,0.453645,0.504201,0.587610,0.564664,0.526118,0.556797,0.537139,0.498369,0.571666,0.579121,0.602175,0.506607,0.426066,0.541727,0.585505,0.522963,0.509009,0.532005,0.530791,0.536798,0.400949,0.489631,0.562892,0.443922,0.501478,0.542691,0.560937,0.506969,0.504127,0.460090,0.498524,0.498491,0.443276,#
15,0.635529,0.525538,0.569156,0.553715,0.572651,0.594072,0.550078,0.555979,0.628248,0.525177,0.579212,0.512279,0.516519,0.539486,0.564664,1.000000,0.600151,0.613379,0.580094,0.568129,0.567394,0.526787,0.532663,0.615581,0.507730,0.588563,0.557492,0.556190,0.536053,0.615653,0.549420,0.615975,0.526099,0.607717,0.518843,0.609897,0.580534,0.529911,0.647879,0.516898,0.552574,0.554443,0.570706,0.513312,0.619945,0.548795,0.523801,0.596518,0.586853,0.574851,0.523350,0.670162,0.571670,0.556793,0.576897,0.579416,0.569932,0.557010,0.571491,0.535249,0.594368,0.531679,0.597009,0.585434,0.571318,0.596471,0.511868,0.544807,0.491567,0.459757,0.571274,0.525282,0.530572,0.529884,0.544295,0.519234,0.524072,0.522217,0.550360,0.549153,0.638377,0.586330,0.494716,0.590825,0.624408,0.590622,0.546519,0.644906,0.528987,0.517975,0.525102,0.510107,0.568726,0.569070,0.535457,0.530479,0.580421,0.500572,0.509022,0.497707,0.613074,0.506282,0.590266,0.549124,0.512266,0.613680,0.575373,0.575894,0.507327,0.549890,0.488817,0.548642,0.524841,0.570792,0.489910,0.549087,0.527268,0.534346,0.505312,0.498434,0.555172,0.537469,0.537418,0.572377,0.544588,0.540784,0.595662,0.587750,0.511733,0.618411,0.504529,0.490057,0.533167,0.540887,0.577677,0.547025,0.475011,0.523334,0.578147,0.541350,0.495627,0.555101,0.539362,0.498810,0.539998,0.478544,0.540062,0.534110,0.580821,0.485570,0.565059,0.538186,0.616012,0.549293,0.563981,0.582562,0.640243,0.543393,0.563943,0.558644,0.526580,0.532930,0.649913,0.459593,0.555033,0.537169,0.587514,0.567203,0.625807,0.495163,0.493237,0.599200,0.492373,0.552669,0.569766,0.602784,0.622114,0.603036,0.508079,0.518461,0.590006,0.534097,0.496046,0.598726,0.536493,0.592927,0.450179,0.529748,0.481940,0.584592,0.485249,0.541193,0.564731,0.547173,0.534919,0.535187,0.556870,0.614277,0.559837,0.513802,#
16,0.634227,0.557775,0.497720,0.557417,0.584803,0.567746,0.580896,0.621995,0.543216,0.528965,0.567752,0.552527,0.609238,0.592122,0.558037,0.600151,1.000000,0.605094,0.580367,0.618847,0.651828,0.584179,0.489295,0.589187,0.508133,0.614145,0.608244,0.510738,0.504398,0.620549,0.557103,0.613058,0.597203,0.622976,0.567943,0.572695,0.588457,0.553989,0.602051,0.559044,0.567912,0.557475,0.582236,0.545748,0.580198,0.631158,0.529053,0.555407,0.569709,0.550480,0.572896,0.600589,0.611255,0.647001,0.595831,0.614325,0.506061,0.586443,0.589993,0.514298,0.520013,0.620863,0.605731,0.607070,0.641013,0.526928,0.522813,0.607837,0.597549,0.637472,0.518337,0.586528,0.648179,0.568835,0.551281,0.570952,0.511434,0.560210,0.587759,0.634903,0.631208,0.607517,0.573898,0.588901,0.591403,0.570346,0.649876,0.567079,0.588335,0.553174,0.536830,0.542985,0.613605,0.590526,0.590776,0.596720,0.619834,0.500566,0.560374,0.565083,0.534056,0.504699,0.585497,0.563423,0.537801,0.655534,0.619187,0.582435,0.599785,0.549358,0.579014,0.601738,0.589439,0.611061,0.590380,0.613664,0.617765,0.612609,0.504117,0.522262,0.566336,0.646104,0.558455,0.641292,0.630037,0.561535,0.580504,0.524553,0.506361,0.562614,0.587647,0.524230,0.644133,0.464614,0.658536,0.648676,0.524033,0.593472,0.548621,0.587750,0.538800,0.599095,0.590391,0.582989,0.567862,0.509120,0.560536,0.557185,0.582040,0.603233,0.507503,0.675103,0.539505,0.510857,0.655204,0.613010,0.610936,0.556729,0.601825,0.562893,0.523360,0.566362,0.677555,0.554749,0.553536,0.549191,0.592555,0.581906,0.599127,0.523685,0.595704,0.617300,0.535638,0.530058,0.565746,0.623807,0.550699,0.628868,0.541027,0.492617,0.583885,0.532953,0.552744,0.535848,0.594396,0.657317,0.577440,0.585126,0.545430,0.581196,0.636715,0.497770,0.517451,0.587297,0.557024,0.603596,0.518257,0.584580,0.555687,0.536158,#
17,0.635760,0.536008,0.560738,0.611166,0.643774,0.597017,0.606861,0.622579,0.624813,0.512509,0.565224,0.618459,0.613486,0.623599,0.507433,0.613379,0.605094,1.000000,0.586851,0.618758,0.645720,0.535023,0.534995,0.647716,0.601560,0.630999,0.604770,0.584874,0.533314,0.592586,0.585783,0.589783,0.587788,0.544612,0.537616,0.636418,0.527751,0.591308,0.653944,0.602418,0.643642,0.612564,0.604365,0.578782,0.592851,0.577851,0.580227,0.621056,0.602480,0.553477,0.630125,0.605765,0.588780,0.542323,0.609727,0.663035,0.596778,0.579777,0.607233,0.497430,0.574806,0.589931,0.551240,0.592133,0.629324,0.656249,0.626187,0.607326,0.580266,0.586411,0.555497,0.620717,0.591015,0.561808,0.535106,0.567988,0.559259,0.542990,0.557165,0.631396,0.624734,0.606898,0.640278,0.569349,0.561984,0.549654,0.659838,0.599068,0.598601,0.569557,0.575522,0.517150,0.649426,0.600690,0.529312,0.638024,0.613462,0.545948,0.538956,0.592609,0.605014,0.459937,0.591581,0.608894,0.544358,0.599150,0.592740,0.596280,0.558176,0.526180,0.605118,0.613105,0.554468,0.652826,0.603288,0.553828,0.567523,0.562676,0.507469,0.551837,0.556804,0.612106,0.571221,0.614732,0.673655,0.612435,0.605259,0.554005,0.515240,0.579397,0.653256,0.623178,0.628340,0.565020,0.582707,0.611004,0.585195,0.630282,0.610655,0.644175,0.608360,0.608804,0.658037,0.577201,0.587394,0.559721,0.569610,0.594036,0.571917,0.483945,0.595888,0.589128,0.551701,0.559208,0.663437,0.680918,0.670461,0.594172,0.621184,0.573384,0.571185,0.560469,0.683441,0.566079,0.590803,0.543564,0.515905,0.520870,0.607242,0.529774,0.638914,0.559756,0.593094,0.545132,0.620958,0.585568,0.618027,0.626269,0.506420,0.604140,0.615840,0.631167,0.576209,0.602932,0.599529,0.604982,0.544866,0.621734,0.562500,0.556760,0.566131,0.606811,0.618254,0.610621,0.628867,0.625005,0.545702,0.637404,0.543415,0.571759,#
18,0.629156,0.540927,0.545421,0.634647,0.598972,0.489062,0.601134,0.587648,0.574370,0.531945,0.599250,0.563974,0.612867,0.625365,0.552470,0.580094,0.580367,0.586851,1.000000,0.595133,0.622606,0.585232,0.571265,0.605263,0.539363,0.591146,0.557039,0.623845,0.557083,0.569535,0.477620,0.546755,0.604083,0.613340,0.590696,0.638558,0.574051,0.596836,0.604251,0.642453,0.638861,0.511200,0.584407,0.522025,0.656961,0.573924,0.578086,0.589845,0.556352,0.546507,0.572811,0.622737,0.630503,0.534269,0.613910,0.639799,0.541561,0.629057,0.545514,0.591538,0.587051,0.523353,0.607052,0.552862,0.677148,0.534623,0.563086,0.559965,0.500869,0.587235,0.558038,0.545333,0.565069,0.535660,0.604345,0.552156,0.584619,0.568514,0.621166,0.568246,0.582667,0.572487,0.611313,0.591868,0.560667,0.562034,0.599158,0.580630,0.584018,0.563035,0.599299,0.514414,0.600277,0.607951,0.660298,0.606129,0.625577,0.560533,0.589576,0.577343,0.598041,0.539054,0.605605,0.586018,0.608875,0.647107,0.552085,0.531651,0.587407,0.512163,0.618839,0.581993,0.628300,0.613056,0.532923,0.551963,0.549386,0.491551,0.517344,0.578056,0.555319,0.630218,0.568177,0.559242,0.589969,0.510553,0.580086,0.591014,0.609655,0.498951,0.565828,0.599909,0.517578,0.591273,0.622654,0.584767,0.603416,0.631028,0.543465,0.613137,0.522522,0.605122,0.569947,0.598268,0.553094,0.596382,0.578685,0.512383,0.540418,0.514554,0.555364,0.657453,0.563417,0.523094,0.610666,0.620499,0.617493,0.619372,0.594453,0.592347,0.577180,0.570396,0.648516,0.563238,0.575308,0.582485,0.633375,0.529238,0.566372,0.611465,0.544521,0.616907,0.598286,0.571419,0.522832,0.649072,0.620420,0.648540,0.538018,0.545356,0.564621,0.543958,0.567739,0.545215,0.582618,0.591385,0.597920,0.529041,0.557627,0.565834,0.553339,0.572193,0.554607,0.638262,0.614870,0.562374,0.538194,0.612841,0.623577,0.525470,#
19,0.569292,0.525578,0.549608,0.572624,0.655819,0.640431,0.495210,0.563246,0.571909,0.571569,0.569302,0.456388,0.575263,0.583388,0.570906,0.568129,0.618847,0.618758,0.595133,1.000000,0.599411,0.497877,0.505550,0.541670,0.489166,0.552240,0.605627,0.559478,0.556702,0.583787,0.590296,0.615439,0.543552,0.544851,0.511826,0.589798,0.533231,0.518160,0.585405,0.552682,0.602700,0.517348,0.532419,0.489393,0.557503,0.584836,0.624437,0.558275,0.559756,0.490601,0.527844,0.562959,0.540861,0.548068,0.560945,0.579413,0.597836,0.533069,0.577367,0.494918,0.592265,0.612620,0.617808,0.602662,0.643339,0.518121,0.518791,0.539092,0.477921,0.544547,0.576062,0.536261,0.575772,0.589294,0.575316,0.538859,0.509540,0.508379,0.597822,0.566349,0.595195,0.554473,0.619932,0.502984,0.535394,0.546198,0.581332,0.647585,0.575426,0.436666,0.547371,0.513124,0.621327,0.548150,0.530260,0.581239,0.612088,0.522621,0.474718,0.525560,0.554704,0.525700,0.598192,0.563365,0.575115,0.627323,0.544198,0.583350,0.541470,0.434786,0.500302,0.528695,0.582995,0.611034,0.559347,0.501224,0.617576,0.582593,0.483046,0.445868,0.519559,0.613046,0.538454,0.629243,0.647021,0.505269,0.618414,0.547051,0.566598,0.626626,0.541291,0.549090,0.560217,0.557868,0.624724,0.573330,0.543957,0.596847,0.527287,0.547497,0.499224,0.561601,0.578239,0.552105,0.525683,0.528457,0.505106,0.497876,0.575409,0.529174,0.536112,0.654726,0.533101,0.538656,0.637713,0.566408,0.609598,0.563241,0.585648,0.576475,0.591697,0.518240,0.596035,0.493121,0.581679,0.501575,0.479955,0.559456,0.602602,0.499140,0.579617,0.624700,0.620232,0.527810,0.551774,0.568235,0.598514,0.657232,0.549148,0.447154,0.481930,0.573813,0.552742,0.641531,0.611074,0.570365,0.498600,0.548824,0.571475,0.558922,0.580183,0.593016,0.514851,0.575828,0.532514,0.616433,0.448063,0.552597,0.565439,0.535904,#
20,0.599530,0.561309,0.569268,0.593081,0.681843,0.579784,0.655836,0.597891,0.573434,0.624511,0.582438,0.549944,0.572262,0.646783,0.575492,0.567394,0.651828,0.645720,0.622606,0.599411,1.000000,0.612589,0.502375,0.603018,0.578606,0.659543,0.634704,0.592718,0.572005,0.601583,0.550586,0.569311,0.597418,0.629994,0.583166,0.644429,0.609733,0.592571,0.635992,0.640441,0.623527,0.663250,0.558570,0.558435,0.689027,0.602746,0.636347,0.555087,0.567228,0.545422,0.559556,0.654847,0.579988,0.635356,0.635680,0.664022,0.611692,0.650490,0.624485,0.548105,0.620695,0.602201,0.659335,0.579898,0.654799,0.572586,0.596519,0.583257,0.617396,0.623241,0.631202,0.627170,0.582206,0.611275,0.597289,0.522395,0.535027,0.601360,0.618490,0.612168,0.591488,0.680866,0.638214,0.570923,0.581325,0.579670,0.659270,0.584748,0.630497,0.598264,0.606850,0.583194,0.619633,0.657568,0.683049,0.570397,0.572793,0.581286,0.599058,0.547595,0.633984,0.552741,0.686850,0.606673,0.626153,0.605009,0.612082,0.651603,0.596010,0.629425,0.641562,0.677846,0.586280,0.571793,0.600463,0.596295,0.639930,0.666027,0.500575,0.594183,0.595904,0.634049,0.569441,0.674167,0.636255,0.612855,0.606843,0.588329,0.610469,0.588443,0.627013,0.568476,0.605150,0.655655,0.652784,0.548566,0.596177,0.614239,0.609775,0.647694,0.587729,0.622883,0.610235,0.616016,0.590760,0.553266,0.589858,0.562638,0.591274,0.613548,0.641180,0.643313,0.594171,0.592796,0.667320,0.636595,0.626473,0.580492,0.591343,0.650038,0.601542,0.627053,0.650332,0.604255,0.639718,0.472305,0.517007,0.548640,0.635279,0.580390,0.631745,0.579954,0.666356,0.561433,0.573741,0.644760,0.573283,0.648661,0.617205,0.581358,0.583749,0.584976,0.551018,0.579864,0.597215,0.616850,0.554422,0.632721,0.563634,0.616072,0.496147,0.577604,0.549478,0.669975,0.596553,0.530062,0.593696,0.618929,0.607549,0.610242,#
21,0.507426,0.604202,0.562572,0.540024,0.514562,0.527039,0.564783,0.555593,0.611225,0.504774,0.501765,0.538283,0.535666,0.549141,0.498979,0.526787,0.584179,0.535023,0.585232,0.497877,0.612589,1.000000,0.473932,0.561236,0.462716,0.498524,0.581878,0.565551,0.513261,0.550394,0.519539,0.536324,0.543288,0.555139,0.532255,0.599783,0.604799,0.619465,0.635510,0.509448,0.548841,0.573310,0.532372,0.532175,0.570749,0.540290,0.533588,0.574285,0.511194,0.449380,0.541716,0.599424,0.491625,0.498409,0.550437,0.589512,0.552420,0.540907,0.520476,0.447173,0.572660,0.487268,0.596237,0.494398,0.663156,0.546903,0.527877,0.547392,0.560017,0.567226,0.550538,0.592606,0.602456,0.602049,0.551960,0.526664,0.454601,0.507144,0.554331,0.557913,0.550803,0.593117,0.558041,0.435991,0.582424,0.516670,0.578112,0.559317,0.533786,0.568626,0.494243,0.453451,0.530759,0.559558,0.584931,0.532825,0.573748,0.510446,0.477902,0.511173,0.606041,0.576712,0.563682,0.503045,0.501392,0.608966,0.520425,0.468526,0.568313,0.549797,0.588289,0.579392,0.491676,0.562209,0.498427,0.546547,0.589410,0.572361,0.434553,0.565783,0.493993,0.597597,0.499775,0.581383,0.559613,0.479588,0.545452,0.556643,0.542088,0.498313,0.577147,0.572332,0.593531,0.528184,0.582498,0.500848,0.487366,0.527837,0.523720,0.611490,0.561714,0.587622,0.543656,0.554118,0.529636,0.564204,0.577356,0.542254,0.486649,0.525463,0.598699,0.571843,0.517534,0.510920,0.615511,0.587396,0.553972,0.518991,0.530627,0.534627,0.534190,0.573151,0.627368,0.578830,0.606068,0.438788,0.535285,0.529318,0.509234,0.616858,0.536790,0.512936,0.539695,0.474400,0.518318,0.612701,0.525065,0.602504,0.476343,0.500593,0.522694,0.536708,0.439021,0.589579,0.516334,0.604277,0.533394,0.469370,0.492888,0.578707,0.561337,0.477730,0.552558,0.605273,0.596733,0.555964,0.530309,0.600533,0.555275,0.520345,#
