0,1.000000,0.657165,0.656202,0.653633,0.561054,0.668815,0.613955,0.654495,0.617943,0.629247,0.620022,0.659346,0.639965,0.579634,0.674005,0.584526,0.638342,0.661531,0.636343,0.626690,0.628675,0.598138,0.622725,0.638560,0.624547,0.642925,0.684698,0.636722,0.556685,0.598259,0.643063,0.588480,0.610487,0.542034,0.662600,0.625707,0.661106,0.653499,0.638945,0.685545,0.617173,0.623454,0.648441,0.664749,0.596401,0.603639,0.675411,0.643826,0.618429,0.696253,0.663059,0.581822,0.633681,0.672135,0.606746,0.688049,0.613026,0.669180,0.639135,0.658624,0.680028,0.563382,0.634260,0.638583,0.634310,0.672512,0.659424,0.685186,0.649643,0.602005,0.684372,0.641856,0.723602,0.616026,0.651121,0.641551,0.621821,0.650102,0.630221,0.639189,0.734564,0.649652,0.648501,0.662169,0.625143,0.686066,0.630585,0.562672,0.562917,0.639539,0.617209,0.595411,0.557212,0.664340,0.603567,0.652829,0.586980,0.595575,0.660893,0.650602,0.612209,0.644166,0.592155,0.629444,0.673836,0.571281,0.573516,0.644886,0.662749,0.645469,0.680206,0.601856,0.664494,0.548009,0.597869,0.719426,0.564097,0.588052,0.634173,0.620805,0.573887,0.701617,0.648173,0.701217,0.625488,0.636638,0.613999,0.626165,0.605277,0.589103,0.622601,0.635091,0.639481,0.608422,0.623058,0.598976,0.611024,0.685740,0.614054,0.619234,0.592097,0.646596,0.533050,0.668085,0.687149,0.584109,0.653566,0.559386,0.641873,0.642648,0.628551,0.559201,0.653569,0.560810,0.611608,0.590669,0.598445,0.654857,0.640644,0.663612,0.666887,0.720176,0.625575,0.634658,0.657254,0.673876,0.665591,0.569577,0.640037,0.661827,0.650505,0.606338,0.668230,0.692909,0.717020,0.552439,0.583756,0.644750,0.679029,0.648222,0.617994,0.658953,0.555744,0.580358,0.621183,0.613206,0.632456,0.641352,0.610523,0.665859,0.606674,0.647405,0.626633,0.614041,0.601202,0.591005,0.605206,0.638849,0.682847,0.643530,#
1,0.657165,1.000000,0.693308,0.703772,0.607117,0.709083,0.640497,0.622741,0.633858,0.667017,0.678303,0.620409,0.665857,0.675188,0.623107,0.627098,0.635578,0.642451,0.680552,0.638367,0.716447,0.724590,0.656035,0.701485,0.653013,0.590745,0.704355,0.675202,0.567995,0.580941,0.707273,0.693712,0.680408,0.640701,0.678702,0.701363,0.574777,0.700708,0.648364,0.684304,0.640394,0.618817,0.601444,0.654710,0.628426,0.690443,0.708157,0.657375,0.661349,0.697166,0.652132,0.658156,0.675542,0.641309,0.678119,0.692938,0.602899,0.680623,0.703949,0.652944,0.627235,0.648145,0.603101,0.606327,0.638868,0.674223,0.726943,0.684286,0.715930,0.681455,0.682986,0.700783,0.771119,0.634379,0.656327,0.664199,0.639017,0.693933,0.668740,0.656588,0.718109,0.670930,0.742116,0.677278,0.683262,0.665942,0.635102,0.609175,0.656184,0.679725,0.666502,0.594144,0.647303,0.668209,0.597742,0.590797,0.642015,0.607896,0.654106,0.676569,0.665435,0.707509,0.646417,0.685897,0.684229,0.620798,0.616344,0.694499,0.664130,0.624312,0.676207,0.660768,0.655033,0.590785,0.625569,0.654577,0.646130,0.705614,0.632126,0.611239,0.652408,0.683892,0.586556,0.705879,0.587794,0.620517,0.675386,0.642674,0.684748,0.675957,0.629215,0.698929,0.621316,0.709958,0.669837,0.623448,0.588719,0.608875,0.678059,0.604513,0.655875,0.647756,0.585843,0.648575,0.658268,0.633083,0.679659,0.586762,0.611216,0.660499,0.657500,0.655350,0.637257,0.632283,0.663612,0.614257,0.627987,0.676975,0.604681,0.649760,0.624150,0.697119,0.701821,0.688899,0.659329,0.640736,0.676617,0.626360,0.563314,0.649978,0.701074,0.580303,0.691325,0.700416,0.713473,0.602432,0.617011,0.727844,0.646246,0.663381,0.652464,0.626287,0.595439,0.602616,0.598463,0.696575,0.660106,0.566702,0.643286,0.638335,0.615061,0.659426,0.622062,0.705886,0.678642,0.634208,0.633865,0.628722,0.665919,0.630111,#
2,0.656202,0.693308,1.000000,0.651595,0.531629,0.682954,0.643920,0.652785,0.617551,0.649256,0.685535,0.592918,0.602386,0.619223,0.620739,0.601760,0.614692,0.681742,0.661520,0.652682,0.619102,0.659187,0.554338,0.645896,0.640036,0.592619,0.706499,0.672784,0.616688,0.610750,0.703385,0.637942,0.667616,0.637390,0.687489,0.673431,0.667160,0.660802,0.678270,0.690755,0.688686,0.670715,0.619679,0.596744,0.596904,0.661045,0.731534,0.623899,0.657099,0.753586,0.620928,0.619197,0.623527,0.658630,0.716570,0.669291,0.664521,0.666582,0.620175,0.658761,0.665641,0.670972,0.640973,0.688249,0.635088,0.640246,0.752182,0.610171,0.716701,0.673009,0.709522,0.685245,0.730363,0.682958,0.669388,0.687691,0.660607,0.724526,0.657479,0.721174,0.710515,0.684451,0.696237,0.688639,0.692070,0.697413,0.661091,0.702936,0.656909,0.633071,0.695852,0.654745,0.637171,0.627946,0.663479,0.644154,0.595837,0.629626,0.727602,0.636477,0.645736,0.609313,0.586462,0.651489,0.674495,0.683858,0.652387,0.628233,0.728967,0.666969,0.673327,0.593046,0.679447,0.567549,0.610902,0.637289,0.577986,0.624975,0.662459,0.606676,0.622073,0.689256,0.607017,0.657007,0.635936,0.673706,0.632134,0.641597,0.641973,0.685838,0.660915,0.744535,0.698163,0.711656,0.650985,0.635991,0.570905,0.621430,0.635424,0.587156,0.644897,0.625223,0.596211,0.630765,0.670104,0.706717,0.668068,0.639668,0.627311,0.621961,0.642524,0.608890,0.638659,0.658339,0.620478,0.654320,0.621390,0.624716,0.576044,0.622511,0.631087,0.580639,0.646736,0.655809,0.608465,0.694378,0.715816,0.588423,0.576250,0.625749,0.671702,0.596391,0.655775,0.636163,0.693218,0.612992,0.652773,0.682738,0.641852,0.641951,0.662495,0.701981,0.634152,0.688102,0.619655,0.630495,0.629611,0.615710,0.680577,0.637827,0.623856,0.666090,0.630528,0.680477,0.642637,0.686485,0.646403,0.688814,0.659445,0.635118,#
3,0.653633,0.703772,0.651595,1.000000,0.628030,0.656971,0.579753,0.612042,0.617805,0.652214,0.595665,0.614058,0.630649,0.621774,0.615717,0.589055,0.628312,0.624734,0.622612,0.607444,0.667351,0.660398,0.582587,0.588952,0.672987,0.666281,0.656868,0.662577,0.583188,0.565186,0.657098,0.659972,0.617295,0.646678,0.645810,0.621771,0.593348,0.668622,0.557771,0.697783,0.627570,0.629916,0.601488,0.588743,0.600983,0.657872,0.689698,0.641404,0.685457,0.661136,0.647981,0.591453,0.632982,0.583629,0.671223,0.643273,0.552975,0.632571,0.701899,0.670667,0.619601,0.612643,0.565852,0.629914,0.656309,0.681894,0.646591,0.646483,0.632634,0.634435,0.625874,0.649614,0.720519,0.642246,0.623493,0.640676,0.619063,0.639026,0.653226,0.676833,0.705622,0.605181,0.655455,0.668028,0.634294,0.663989,0.613295,0.614703,0.613909,0.641651,0.579630,0.602195,0.638888,0.634078,0.626571,0.621753,0.565416,0.579000,0.613533,0.663850,0.612303,0.612873,0.549397,0.593107,0.635393,0.577216,0.624773,0.646982,0.610052,0.616688,0.593821,0.622125,0.615479,0.587871,0.603687,0.668779,0.611224,0.619234,0.617805,0.568402,0.560147,0.602158,0.557462,0.656836,0.596479,0.628967,0.653371,0.621099,0.607126,0.629423,0.603658,0.658504,0.622487,0.665079,0.653851,0.624571,0.620270,0.602312,0.636029,0.601120,0.596645,0.613515,0.544282,0.592215,0.610583,0.684274,0.614110,0.592364,0.593529,0.552112,0.586066,0.563577,0.610537,0.601028,0.607029,0.576132,0.635365,0.634822,0.552844,0.653127,0.684902,0.686619,0.615471,0.705874,0.636626,0.642297,0.601605,0.535139,0.595141,0.609304,0.639217,0.602318,0.628846,0.643803,0.629212,0.607060,0.591412,0.618761,0.675528,0.622649,0.603645,0.669069,0.570453,0.615551,0.568311,0.646144,0.569539,0.512324,0.671189,0.654070,0.558718,0.619392,0.623977,0.604316,0.625080,0.614346,0.646305,0.648994,0.621113,0.639178,#
4,0.561054,0.607117,0.531629,0.628030,1.000000,0.629948,0.615251,0.523586,0.501006,0.580148,0.552752,0.573519,0.504075,0.556008,0.560270,0.559528,0.526455,0.589176,0.506836,0.592420,0.595206,0.598970,0.568877,0.610638,0.588090,0.517585,0.565385,0.586159,0.528410,0.533497,0.672824,0.551727,0.578492,0.492150,0.576646,0.597201,0.521013,0.591733,0.542060,0.663017,0.513585,0.544085,0.550269,0.579177,0.582247,0.563310,0.644481,0.552776,0.569439,0.610289,0.631063,0.532776,0.555392,0.466572,0.589385,0.599199,0.509694,0.596160,0.649680,0.583677,0.508157,0.577473,0.575001,0.541580,0.627189,0.681138,0.628281,0.556417,0.581327,0.569317,0.624263,0.610305,0.594557,0.549207,0.555213,0.585526,0.573471,0.593278,0.604452,0.583355,0.565714,0.568414,0.620652,0.547203,0.608400,0.540269,0.529573,0.556418,0.585139,0.637491,0.552734,0.467747,0.521404,0.582358,0.534761,0.555953,0.571339,0.492056,0.541748,0.524677,0.571648,0.664500,0.542719,0.571090,0.571543,0.485883,0.598280,0.564609,0.596350,0.599598,0.491811,0.567580,0.616160,0.611429,0.534932,0.566421,0.494210,0.655503,0.535200,0.512850,0.526971,0.545714,0.567007,0.593220,0.551760,0.587229,0.572608,0.514105,0.643353,0.582952,0.633344,0.607613,0.543262,0.593700,0.616198,0.577792,0.544374,0.598660,0.546348,0.535889,0.525669,0.633238,0.557377,0.593070,0.564389,0.562072,0.571839,0.485916,0.533309,0.566357,0.572604,0.616521,0.533861,0.461660,0.612503,0.531031,0.609417,0.602195,0.586312,0.550975,0.518413,0.628503,0.599952,0.606902,0.606865,0.573867,0.585676,0.486319,0.504853,0.546931,0.517729,0.557297,0.581735,0.594360,0.612956,0.544103,0.551375,0.614268,0.615168,0.626240,0.645494,0.554883,0.578416,0.561025,0.589937,0.612302,0.554617,0.607068,0.562367,0.567935,0.543193,0.518680,0.569748,0.576347,0.569273,0.475173,0.526045,0.586969,0.604187,0.520959,#
5,0.668815,0.709083,0.682954,0.656971,0.629948,1.000000,0.627713,0.625676,0.626974,0.636028,0.606235,0.584385,0.607865,0.615996,0.612527,0.600101,0.612579,0.637276,0.668570,0.689543,0.614716,0.612876,0.573714,0.637276,0.673875,0.672346,0.693592,0.684304,0.559272,0.612452,0.653444,0.629646,0.635190,0.637617,0.669208,0.666573,0.635103,0.629979,0.586695,0.678487,0.602089,0.627015,0.605007,0.629725,0.614627,0.649965,0.648128,0.682333,0.636822,0.692537,0.666629,0.576590,0.611173,0.603124,0.671958,0.724073,0.586527,0.631860,0.688505,0.654421,0.587293,0.589038,0.630291,0.654532,0.621034,0.652058,0.652568,0.623724,0.662319,0.663811,0.732951,0.672356,0.703740,0.634950,0.661840,0.637143,0.586913,0.709112,0.634187,0.639678,0.680566,0.621298,0.672407,0.648999,0.629197,0.617390,0.591334,0.608087,0.657345,0.608167,0.677807,0.571969,0.559921,0.658876,0.598697,0.528211,0.652648,0.605487,0.680075,0.573444,0.652121,0.652834,0.683673,0.654254,0.640812,0.595033,0.650843,0.653080,0.618508,0.649910,0.601300,0.619747,0.671360,0.564417,0.538026,0.606387,0.664616,0.677341,0.615411,0.606281,0.573818,0.655855,0.588812,0.695926,0.588839,0.650403,0.698939,0.573833,0.656083,0.609188,0.632807,0.699891,0.662810,0.670155,0.654881,0.558198,0.549888,0.635602,0.592920,0.586304,0.608879,0.586040,0.591113,0.626722,0.738556,0.623538,0.618271,0.629514,0.619687,0.674879,0.660267,0.624325,0.682213,0.592878,0.664104,0.579883,0.638314,0.622774,0.595926,0.607507,0.627389,0.693305,0.651664,0.649232,0.643370,0.615582,0.583816,0.608646,0.588001,0.619694,0.665772,0.639984,0.641593,0.650261,0.656525,0.618635,0.634799,0.668483,0.682139,0.677954,0.659415,0.612166,0.528883,0.598264,0.602375,0.657128,0.641679,0.634525,0.690271,0.673861,0.577637,0.678170,0.575732,0.682027,0.600944,0.598529,0.582346,0.685775,0.637741,0.640191,#
6,0.613955,0.640497,0.643920,0.579753,0.615251,0.627713,1.000000,0.569724,0.608808,0.678206,0.680304,0.623728,0.600348,0.627330,0.529230,0.731782,0.658818,0.693534,0.632663,0.575184,0.614143,0.610591,0.530107,0.616856,0.679605,0.625594,0.657821,0.650073,0.578102,0.592587,0.676375,0.659750,0.636450,0.628563,0.611067,0.648446,0.639934,0.633963,0.567330,0.661312,0.649078,0.655180,0.671802,0.665349,0.593638,0.558754,0.691549,0.667165,0.651255,0.713087,0.612694,0.578440,0.600794,0.510907,0.633208,0.638653,0.607701,0.664834,0.667073,0.601994,0.638580,0.658203,0.613649,0.582261,0.679671,0.654180,0.709783,0.651697,0.692189,0.589851,0.704490,0.709169,0.655561,0.606124,0.640696,0.626801,0.671879,0.719161,0.685307,0.636408,0.663845,0.640273,0.624777,0.700137,0.654890,0.581229,0.618340,0.607435,0.636056,0.622003,0.632745,0.587052,0.563975,0.664110,0.579072,0.628578,0.636725,0.598421,0.596356,0.600153,0.643355,0.659678,0.616931,0.627063,0.690918,0.562218,0.669597,0.632963,0.704363,0.618150,0.575324,0.590267,0.654465,0.612325,0.578494,0.667621,0.539065,0.638612,0.555367,0.625105,0.560538,0.660331,0.536662,0.661602,0.616448,0.591021,0.594032,0.600572,0.607718,0.618627,0.666511,0.666167,0.608470,0.618575,0.642990,0.570415,0.632837,0.594818,0.671740,0.660800,0.638259,0.614111,0.576134,0.623981,0.646513,0.673018,0.639273,0.654350,0.587117,0.618961,0.608721,0.643671,0.575412,0.579221,0.595881,0.591440,0.587281,0.562257,0.549908,0.666403,0.591521,0.639985,0.631653,0.624307,0.611753,0.669490,0.689839,0.532435,0.589885,0.626464,0.609190,0.669168,0.581286,0.608375,0.663702,0.666361,0.613480,0.647599,0.649941,0.638333,0.635673,0.619702,0.615478,0.589050,0.597098,0.617594,0.656819,0.593749,0.616650,0.627049,0.605527,0.631844,0.590121,0.634671,0.632949,0.653723,0.634881,0.646390,0.659066,0.633306,#
7,0.654495,0.622741,0.652785,0.612042,0.523586,0.625676,0.569724,1.000000,0.638793,0.590103,0.584344,0.551212,0.616523,0.595431,0.615245,0.539536,0.555174,0.637272,0.613180,0.608313,0.634975,0.586878,0.621327,0.580016,0.611885,0.629683,0.608846,0.560231,0.561426,0.620630,0.614715,0.600718,0.608268,0.558276,0.629875,0.637739,0.576055,0.630581,0.644763,0.667978,0.604964,0.639810,0.529850,0.569905,0.559891,0.612476,0.657101,0.674696,0.656798,0.650198,0.588395,0.587612,0.614560,0.590177,0.655846,0.599897,0.593474,0.584558,0.667289,0.689538,0.552899,0.623733,0.626138,0.609568,0.633585,0.644960,0.694008,0.572569,0.597805,0.543331,0.675853,0.577403,0.666803,0.631503,0.607541,0.600827,0.587271,0.629519,0.575456,0.599626,0.686636,0.586142,0.663222,0.632909,0.615954,0.651932,0.599896,0.599506,0.569671,0.612259,0.636557,0.575927,0.596003,0.612828,0.613946,0.619198,0.620076,0.656920,0.658769,0.568825,0.614178,0.594491,0.520564,0.571076,0.647147,0.567596,0.566564,0.638491,0.646659,0.563422,0.670587,0.581457,0.654716,0.548128,0.624040,0.632620,0.518730,0.576035,0.592582,0.646078,0.578181,0.612358,0.603611,0.621879,0.610238,0.622600,0.573421,0.601493,0.562178,0.616395,0.585458,0.666779,0.642930,0.572576,0.602286,0.616324,0.537365,0.659345,0.592029,0.584943,0.568238,0.581881,0.567717,0.578164,0.668931,0.599542,0.627453,0.536289,0.538057,0.618463,0.539938,0.604023,0.597203,0.541901,0.594174,0.651787,0.598216,0.633349,0.583342,0.577922,0.624661,0.593616,0.649565,0.583389,0.611990,0.619695,0.625468,0.517851,0.502399,0.539053,0.646004,0.573847,0.611893,0.679613,0.653771,0.532464,0.536816,0.582403,0.649755,0.626919,0.614863,0.598743,0.566039,0.597143,0.580729,0.615833,0.637281,0.565945,0.621978,0.629660,0.595966,0.618983,0.568078,0.586790,0.611493,0.573235,0.581557,0.647661,0.657768,0.567319,#
8,0.617943,0.633858,0.617551,0.617805,0.501006,0.626974,0.608808,0.638793,1.000000,0.618106,0.601597,0.638307,0.603861,0.632071,0.597160,0.622703,0.554224,0.620295,0.535347,0.632082,0.630127,0.631798,0.543770,0.610037,0.648537,0.611242,0.625557,0.561354,0.536744,0.575543,0.654597,0.610872,0.607574,0.553798,0.598153,0.722993,0.589979,0.636673,0.573590,0.617904,0.572841,0.555898,0.667817,0.616671,0.570570,0.546214,0.623462,0.577886,0.655544,0.651688,0.607928,0.600915,0.598855,0.565528,0.597870,0.634887,0.585633,0.615758,0.602515,0.582869,0.615402,0.628424,0.647864,0.638576,0.629742,0.659458,0.681629,0.642450,0.680170,0.579941,0.649021,0.669362,0.713560,0.595095,0.622169,0.595697,0.578862,0.648834,0.605954,0.628011,0.654542,0.591811,0.619698,0.617687,0.625784,0.585662,0.615065,0.619522,0.549400,0.532389,0.647728,0.594668,0.547820,0.576192,0.538385,0.561767,0.633863,0.637372,0.693002,0.629836,0.589744,0.546078,0.636674,0.644046,0.573549,0.608068,0.606361,0.589985,0.580109,0.651270,0.566749,0.569692,0.633274,0.527143,0.510862,0.625829,0.565794,0.573250,0.569139,0.631248,0.551261,0.594745,0.589237,0.665762,0.577061,0.612428,0.543466,0.577739,0.643485,0.637281,0.566800,0.686696,0.613842,0.582390,0.574509,0.625556,0.560339,0.595370,0.605089,0.569492,0.600507,0.584929,0.577684,0.509628,0.658692,0.571666,0.590047,0.625877,0.549621,0.644429,0.559867,0.633569,0.578439,0.660860,0.581438,0.574990,0.599753,0.636306,0.633437,0.580347,0.625067,0.580314,0.613101,0.593316,0.569287,0.602115,0.585180,0.594070,0.590162,0.540289,0.593381,0.617653,0.527455,0.642298,0.664374,0.562548,0.570212,0.615696,0.622565,0.600195,0.629445,0.613033,0.577482,0.591539,0.553018,0.552711,0.677800,0.557538,0.581014,0.647020,0.637168,0.630587,0.597341,0.628093,0.583615,0.539884,0.518555,0.605709,0.615483,0.663141,#
9,0.629247,0.667017,0.649256,0.652214,0.580148,0.636028,0.678206,0.590103,0.618106,1.000000,0.653089,0.584738,0.630198,0.651231,0.645362,0.619976,0.602194,0.683961,0.588088,0.578044,0.661163,0.612702,0.555236,0.625705,0.644604,0.585954,0.654575,0.688546,0.540616,0.630481,0.639450,0.636551,0.634094,0.596927,0.627003,0.637782,0.629222,0.624481,0.613227,0.677549,0.603307,0.645851,0.579930,0.600254,0.608174,0.613425,0.646666,0.648370,0.705588,0.688887,0.646554,0.560566,0.534428,0.562710,0.616842,0.648212,0.659426,0.695424,0.586467,0.656481,0.606530,0.626287,0.618634,0.596287,0.596101,0.685042,0.694376,0.628824,0.693028,0.593008,0.662325,0.669745,0.674536,0.624070,0.635825,0.647989,0.665108,0.718438,0.622492,0.682010,0.689485,0.645656,0.660293,0.711098,0.658505,0.624318,0.644209,0.661422,0.652222,0.663626,0.645606,0.532895,0.627727,0.608959,0.659542,0.588350,0.562509,0.589519,0.641415,0.633141,0.694298,0.679240,0.618212,0.637208,0.662271,0.589539,0.600462,0.688835,0.668724,0.662888,0.633859,0.653404,0.639007,0.593028,0.600324,0.696934,0.497398,0.632459,0.632674,0.649568,0.506324,0.652421,0.588120,0.654680,0.639805,0.622069,0.619540,0.597018,0.621607,0.593049,0.589982,0.682544,0.637201,0.617925,0.658417,0.573331,0.584969,0.622735,0.621560,0.617628,0.682123,0.672883,0.637986,0.673809,0.699726,0.707179,0.619997,0.642945,0.614601,0.615553,0.604456,0.629668,0.626103,0.627573,0.579795,0.601912,0.595248,0.677747,0.635775,0.675394,0.641342,0.664403,0.678032,0.657362,0.627592,0.675443,0.610883,0.611844,0.652953,0.617650,0.630152,0.616517,0.636111,0.600676,0.662512,0.690395,0.642152,0.689335,0.600582,0.684560,0.677842,0.658671,0.646336,0.572219,0.638486,0.653399,0.646205,0.624154,0.642317,0.604324,0.562425,0.624249,0.582678,0.598477,0.576483,0.614634,0.638423,0.654315,0.650580,0.587810,#
10,0.620022,0.678303,0.685535,0.595665,0.552752,0.606235,0.680304,0.584344,0.601597,0.653089,1.000000,0.629408,0.638266,0.630227,0.569849,0.623559,0.628395,0.629367,0.670738,0.602500,0.618713,0.621938,0.576904,0.672166,0.633570,0.614776,0.657525,0.676709,0.620565,0.614125,0.651163,0.599846,0.616263,0.613235,0.611288,0.645915,0.659584,0.635928,0.592353,0.622749,0.645658,0.596744,0.622909,0.587839,0.573480,0.648793,0.728549,0.644467,0.640838,0.712470,0.598117,0.630454,0.607578,0.561687,0.632064,0.684139,0.640431,0.708535,0.610017,0.663215,0.637313,0.654643,0.687214,0.651036,0.631247,0.614939,0.712795,0.613697,0.689893,0.597181,0.740480,0.703036,0.697774,0.561070,0.680297,0.689417,0.602310,0.691826,0.676185,0.599037,0.704915,0.593131,0.659701,0.639205,0.640553,0.608392,0.656989,0.595881,0.642517,0.692118,0.591847,0.621912,0.649000,0.581921,0.575405,0.623725,0.604946,0.643934,0.624356,0.618208,0.624158,0.606278,0.612618,0.662121,0.644262,0.622873,0.654552,0.597798,0.640586,0.651572,0.658849,0.590958,0.690865,0.613487,0.598921,0.669517,0.550878,0.635093,0.590207,0.615221,0.613734,0.680765,0.544108,0.656967,0.575094,0.583243,0.648711,0.587176,0.651523,0.663538,0.626670,0.682738,0.620099,0.665634,0.675758,0.674104,0.562229,0.628692,0.683604,0.658697,0.641919,0.639927,0.602574,0.662144,0.657715,0.659975,0.650857,0.620808,0.625612,0.673760,0.567611,0.594561,0.605368,0.592122,0.658507,0.586980,0.645901,0.665081,0.590536,0.606398,0.638002,0.609928,0.621881,0.650381,0.625059,0.637171,0.673566,0.566477,0.614120,0.635596,0.593696,0.669091,0.588077,0.624794,0.710784,0.643206,0.591836,0.644802,0.599298,0.661571,0.598596,0.596295,0.630017,0.597480,0.561882,0.638804,0.649743,0.628867,0.591136,0.643522,0.599896,0.605059,0.588322,0.697701,0.620124,0.590137,0.613376,0.650293,0.652522,0.667482,#
11,0.659346,0.620409,0.592918,0.614058,0.573519,0.584385,0.623728,0.551212,0.638307,0.584738,0.629408,1.000000,0.629078,0.645893,0.646922,0.615076,0.573972,0.640213,0.649233,0.607863,0.599980,0.610116,0.612253,0.636039,0.627071,0.608686,0.624742,0.615233,0.566456,0.536606,0.691059,0.649256,0.650994,0.622063,0.563885,0.650256,0.642017,0.683862,0.593766,0.602610,0.617448,0.560734,0.615686,0.591218,0.581691,0.533339,0.683449,0.635503,0.648794,0.670455,0.563719,0.541447,0.640222,0.582507,0.622127,0.624847,0.559617,0.693860,0.639956,0.698451,0.567771,0.595111,0.674815,0.599482,0.626457,0.604030,0.687282,0.668772,0.653086,0.644372,0.626306,0.628193,0.701505,0.605743,0.710763,0.663657,0.663663,0.685488,0.619310,0.570745,0.628391,0.583373,0.688983,0.645559,0.627691,0.584996,0.591784,0.610231,0.594225,0.574438,0.630631,0.570373,0.557234,0.629553,0.525808,0.606371,0.586442,0.610890,0.631822,0.611613,0.607953,0.655481,0.639688,0.602498,0.643840,0.583086,0.637956,0.626226,0.646801,0.621195,0.626991,0.653967,0.651762,0.573578,0.559333,0.629917,0.576447,0.604350,0.588821,0.642862,0.550191,0.605134,0.584224,0.723377,0.603335,0.569306,0.619465,0.635019,0.681583,0.645094,0.656531,0.636547,0.662958,0.628950,0.646891,0.653844,0.605166,0.642961,0.615401,0.619363,0.597191,0.545257,0.615839,0.643740,0.644766,0.583359,0.629778,0.569317,0.558153,0.565802,0.615959,0.572324,0.605155,0.660157,0.600803,0.566623,0.634545,0.608583,0.589042,0.626282,0.634931,0.647177,0.646055,0.657711,0.676381,0.647297,0.657891,0.576585,0.568696,0.643683,0.636741,0.584949,0.640074,0.682398,0.650897,0.603607,0.587272,0.592305,0.625637,0.636753,0.618005,0.594686,0.631103,0.559930,0.591936,0.549773,0.639924,0.601811,0.561582,0.594385,0.620172,0.661243,0.621897,0.599934,0.600435,0.585117,0.584038,0.647575,0.659858,0.589796,#
12,0.639965,0.665857,0.602386,0.630649,0.504075,0.607865,0.600348,0.616523,0.603861,0.630198,0.638266,0.629078,1.000000,0.620642,0.599523,0.577661,0.543998,0.595179,0.649139,0.554081,0.611950,0.567413,0.597048,0.612953,0.657359,0.612681,0.612716,0.617368,0.563480,0.540284,0.636873,0.563088,0.600929,0.629106,0.637943,0.642204,0.593077,0.622596,0.569115,0.600741,0.546007,0.526261,0.570659,0.607463,0.612356,0.612036,0.716450,0.630451,0.636858,0.697881,0.653195,0.502346,0.580734,0.610787,0.640660,0.639808,0.568650,0.590973,0.637348,0.616448,0.558082,0.628355,0.640445,0.579966,0.618164,0.642905,0.626957,0.606834,0.685495,0.611157,0.642668,0.660958,0.677943,0.614144,0.651745,0.628814,0.592291,0.686532,0.628705,0.660232,0.686142,0.616866,0.659374,0.598273,0.621102,0.634578,0.547533,0.615370,0.568400,0.601193,0.683279,0.539808,0.624157,0.625198,0.519706,0.609581,0.635019,0.537802,0.580660,0.561295,0.608426,0.631264,0.606054,0.607245,0.605689,0.557785,0.576972,0.633729,0.638183,0.605165,0.629189,0.627678,0.632137,0.532624,0.646070,0.635037,0.462882,0.561753,0.621570,0.622000,0.548397,0.660706,0.562847,0.676571,0.585575,0.651854,0.590427,0.570935,0.593187,0.608221,0.507166,0.581182,0.590695,0.599544,0.575394,0.562755,0.534075,0.582045,0.596035,0.527586,0.619537,0.571016,0.515171,0.633452,0.557175,0.595332,0.636323,0.586593,0.574898,0.641080,0.607482,0.533357,0.608190,0.546412,0.596946,0.631608,0.645634,0.696710,0.653809,0.573665,0.606033,0.645204,0.626550,0.590586,0.662392,0.569212,0.609521,0.639276,0.561705,0.609048,0.657917,0.533170,0.656401,0.607149,0.648405,0.565181,0.643720,0.644011,0.527985,0.574823,0.594053,0.623916,0.581578,0.532959,0.513882,0.576888,0.601502,0.582897,0.625409,0.590904,0.563357,0.585648,0.530844,0.582345,0.544709,0.622457,0.574361,0.620965,0.665511,0.575373,#
13,0.579634,0.675188,0.619223,0.621774,0.556008,0.615996,0.627330,0.595431,0.632071,0.651231,0.630227,0.645893,0.620642,1.000000,0.617522,0.576160,0.526887,0.668164,0.653618,0.598017,0.645014,0.591026,0.642053,0.612246,0.641538,0.640190,0.626432,0.660578,0.579223,0.644879,0.617470,0.602840,0.639698,0.640615,0.538701,0.620725,0.616543,0.680929,0.576528,0.668820,0.711199,0.620145,0.641398,0.572120,0.645783,0.645521,0.637345,0.643412,0.686826,0.664704,0.629728,0.631236,0.576493,0.561585,0.652211,0.668386,0.652594,0.689932,0.684309,0.670551,0.600112,0.662905,0.600630,0.621135,0.662794,0.689457,0.714697,0.688198,0.690014,0.604067,0.628526,0.650810,0.714256,0.654011,0.641707,0.646546,0.660650,0.676190,0.655998,0.644902,0.682302,0.617319,0.657968,0.711871,0.612259,0.680750,0.570564,0.621772,0.691887,0.596339,0.613828,0.652038,0.621717,0.640197,0.560835,0.575759,0.598171,0.591284,0.640101,0.634947,0.614678,0.638293,0.685915,0.641102,0.670035,0.635981,0.619084,0.660976,0.631648,0.631261,0.600972,0.616378,0.673924,0.582316,0.625413,0.670275,0.547947,0.617934,0.617669,0.597491,0.631143,0.628020,0.612398,0.635479,0.591804,0.623214,0.642285,0.603192,0.644151,0.632693,0.620931,0.604309,0.606305,0.663220,0.637979,0.627768,0.612594,0.646666,0.697549,0.581763,0.632412,0.641142,0.631090,0.628744,0.629235,0.629497,0.653629,0.619773,0.626205,0.596656,0.613301,0.588838,0.609360,0.620777,0.582805,0.577034,0.648081,0.608567,0.607847,0.622646,0.647934,0.654444,0.656325,0.649322,0.651779,0.641004,0.664250,0.592292,0.587717,0.621630,0.618728,0.636830,0.656614,0.683850,0.709286,0.648373,0.640570,0.644454,0.652754,0.653609,0.660181,0.612721,0.678620,0.603493,0.595572,0.653858,0.585257,0.581914,0.599775,0.655586,0.641918,0.631708,0.605681,0.665232,0.627696,0.596423,0.596219,0.697986,0.664809,0.598272,#
14,0.674005,0.623107,0.620739,0.615717,0.560270,0.612527,0.529230,0.615245,0.597160,0.645362,0.569849,0.646922,0.599523,0.617522,1.000000,0.540264,0.559210,0.638309,0.544572,0.621893,0.576530,0.618058,0.603662,0.673729,0.596534,0.557791,0.624093,0.627371,0.542129,0.573026,0.712613,0.569243,0.591785,0.577575,0.647720,0.630352,0.600477,0.641017,0.637803,0.583610,0.598962,0.592484,0.558177,0.573409,0.557916,0.630599,0.664356,0.562568,0.613931,0.604498,0.570879,0.597236,0.577169,0.571208,0.627354,0.633049,0.610013,0.603596,0.649380,0.582227,0.581797,0.605052,0.631373,0.578587,0.588313,0.593825,0.650251,0.581980,0.653708,0.582801,0.634872,0.583377,0.697000,0.605047,0.661301,0.658781,0.575747,0.641202,0.549805,0.573898,0.644420,0.578095,0.677891,0.665023,0.584708,0.613263,0.554974,0.587946,0.613286,0.576834,0.615405,0.521885,0.612319,0.677522,0.607950,0.558983,0.572513,0.584465,0.595684,0.583292,0.582564,0.629969,0.596423,0.580904,0.618164,0.566348,0.593281,0.542340,0.685913,0.630174,0.577952,0.628301,0.660240,0.556359,0.503914,0.589783,0.493023,0.534754,0.571088,0.614593,0.575571,0.593644,0.581857,0.640233,0.606396,0.517931,0.587494,0.607561,0.564640,0.573800,0.569341,0.657341,0.581205,0.582925,0.600438,0.566098,0.627430,0.606269,0.589690,0.585500,0.602543,0.617952,0.538133,0.687009,0.630473,0.647089,0.662466,0.526910,0.583693,0.547931,0.657991,0.536895,0.611229,0.558200,0.587439,0.562863,0.577353,0.591088,0.548077,0.624279,0.614343,0.598203,0.610540,0.566273,0.669251,0.618048,0.557114,0.554457,0.521597,0.598878,0.593577,0.518877,0.600617,0.625082,0.639801,0.563901,0.542694,0.624170,0.608804,0.628211,0.614992,0.606102,0.604743,0.552901,0.584961,0.605762,0.618826,0.560795,0.603267,0.595163,0.586029,0.616885,0.595064,0.582798,0.513551,0.535993,0.585450,0.632774,0.566709,0.496675,#
15,0.584526,0.627098,0.601760,0.589055,0.559528,0.600101,0.731782,0.539536,0.622703,0.619976,0.623559,0.615076,0.577661,0.576160,0.540264,1.000000,0.606560,0.639844,0.621605,0.563269,0.567959,0.618766,0.520456,0.632964,0.639922,0.592658,0.572716,0.609071,0.549542,0.478074,0.666733,0.643248,0.640236,0.685488,0.586668,0.648573,0.605920,0.634169,0.552587,0.582936,0.557888,0.546114,0.601750,0.587992,0.585524,0.581601,0.689373,0.602027,0.649615,0.666811,0.589383,0.571126,0.565342,0.575078,0.582257,0.626218,0.608144,0.620859,0.607160,0.624952,0.621808,0.611787,0.615384,0.601036,0.617778,0.584338,0.644837,0.645723,0.614420,0.554801,0.655260,0.621559,0.609821,0.586130,0.626798,0.598831,0.594851,0.642589,0.654955,0.609590,0.598113,0.585029,0.633816,0.644844,0.615826,0.609144,0.546680,0.580336,0.576571,0.515732,0.575141,0.592391,0.570260,0.625866,0.498293,0.563576,0.574550,0.602337,0.593512,0.572513,0.605197,0.647591,0.614764,0.638303,0.641294,0.531545,0.594911,0.609248,0.614833,0.642397,0.537400,0.542242,0.671127,0.549027,0.590937,0.620509,0.493779,0.553922,0.549667,0.649355,0.507335,0.660747,0.541726,0.646315,0.557391,0.594118,0.615847,0.562517,0.623466,0.650596,0.647137,0.637734,0.552487,0.528612,0.611700,0.607160,0.600445,0.549544,0.567713,0.627585,0.600961,0.563647,0.585776,0.601762,0.636646,0.633185,0.578436,0.573260,0.577215,0.599186,0.609279,0.660797,0.607251,0.584519,0.587421,0.559252,0.573095,0.586330,0.615412,0.603764,0.566578,0.616154,0.632537,0.636383,0.590312,0.615997,0.603613,0.543397,0.580377,0.618000,0.551760,0.630340,0.557431,0.665903,0.639825,0.618850,0.584108,0.604117,0.621430,0.621854,0.614225,0.588593,0.563282,0.563906,0.614654,0.555819,0.575529,0.516755,0.592612,0.628141,0.560390,0.636007,0.526054,0.598534,0.556308,0.595706,0.569124,0.578224,0.661622,0.589101,#
16,0.638342,0.635578,0.614692,0.628312,0.526455,0.612579,0.658818,0.555174,0.554224,0.602194,0.628395,0.573972,0.543998,0.526887,0.559210,0.606560,1.000000,0.628536,0.677577,0.620542,0.674274,0.487165,0.540202,0.581085,0.598067,0.626451,0.595762,0.573959,0.485032,0.544395,0.669602,0.636812,0.606769,0.517433,0.603990,0.612717,0.633697,0.659022,0.569292,0.630126,0.561437,0.552761,0.569434,0.550748,0.569731,0.595300,0.639081,0.590966,0.587515,0.657062,0.572990,0.558090,0.559891,0.577181,0.593498,0.672927,0.528087,0.633613,0.585146,0.569040,0.604416,0.613052,0.603928,0.568730,0.591456,0.597402,0.667047,0.628892,0.656032,0.589897,0.672709,0.611748,0.640603,0.552721,0.602823,0.581734,0.583523,0.653711,0.574581,0.629530,0.703622,0.587345,0.643077,0.635005,0.595960,0.593810,0.571238,0.529779,0.554292,0.565686,0.493623,0.551031,0.586445,0.553192,0.567166,0.624871,0.564072,0.581595,0.603438,0.589571,0.615564,0.639321,0.592221,0.625332,0.621556,0.556838,0.629681,0.579567,0.705570,0.599272,0.575283,0.593053,0.638851,0.580355,0.587151,0.649176,0.627735,0.589499,0.544348,0.505536,0.459534,0.574411,0.561706,0.623976,0.612208,0.561762,0.591267,0.518223,0.578403,0.545683,0.647474,0.615140,0.622737,0.573465,0.584789,0.635155,0.565473,0.550666,0.582555,0.545597,0.564531,0.586491,0.582072,0.570125,0.570304,0.568928,0.645689,0.591885,0.579063,0.534442,0.568014,0.584972,0.491241,0.562767,0.624145,0.550784,0.529111,0.589681,0.528436,0.590894,0.604449,0.547829,0.663590,0.603526,0.649015,0.629910,0.589243,0.566422,0.558859,0.636787,0.507501,0.619417,0.580557,0.650057,0.619129,0.579788,0.546898,0.666915,0.622869,0.634180,0.617001,0.560100,0.554050,0.575700,0.516601,0.540509,0.609172,0.576157,0.626331,0.603250,0.575915,0.617143,0.568489,0.601788,0.614683,0.629363,0.625544,0.626183,0.608394,0.609233,#
17,0.661531,0.642451,0.681742,0.624734,0.589176,0.637276,0.693534,0.637272,0.620295,0.683961,0.629367,0.640213,0.595179,0.668164,0.638309,0.639844,0.628536,1.000000,0.636236,0.658878,0.629826,0.611071,0.600690,0.589645,0.703702,0.639385,0.635746,0.639906,0.562517,0.597074,0.689072,0.673451,0.605537,0.549362,0.569536,0.584056,0.620253,0.713528,0.647208,0.688142,0.654185,0.636665,0.598850,0.607634,0.593729,0.641205,0.678799,0.659368,0.677143,0.699520,0.609599,0.549631,0.603949,0.573005,0.662927,0.661169,0.637625,0.636743,0.637552,0.660741,0.621968,0.606654,0.680550,0.597408,0.603573,0.636940,0.766830,0.620555,0.665830,0.578266,0.699870,0.640087,0.673966,0.659011,0.680694,0.614739,0.624782,0.710643,0.659368,0.660901,0.681107,0.657099,0.690449,0.721954,0.610960,0.603138,0.650017,0.613608,0.600595,0.633089,0.616524,0.567500,0.633832,0.635854,0.621882,0.642781,0.591183,0.568664,0.670311,0.680013,0.605389,0.620844,0.595591,0.592040,0.637374,0.605424,0.613036,0.618422,0.636564,0.672426,0.645640,0.571487,0.690799,0.604940,0.652283,0.650362,0.524624,0.600749,0.625097,0.660678,0.591331,0.616103,0.582750,0.638346,0.603906,0.608755,0.606246,0.653908,0.622125,0.617516,0.634013,0.701161,0.680029,0.625217,0.647995,0.622048,0.644186,0.619859,0.608371,0.666523,0.626446,0.618741,0.653517,0.656638,0.700498,0.627669,0.608724,0.585687,0.599523,0.625696,0.647643,0.612950,0.611305,0.635324,0.601835,0.626001,0.659607,0.584203,0.600536,0.651707,0.631565,0.631615,0.682067,0.608224,0.630640,0.624057,0.587635,0.526832,0.607406,0.605602,0.626263,0.612924,0.644052,0.627808,0.698315,0.599831,0.611407,0.660057,0.652699,0.682901,0.662770,0.644987,0.614311,0.623706,0.612361,0.584971,0.650908,0.652781,0.599639,0.601511,0.612510,0.653008,0.582127,0.615562,0.565450,0.639878,0.633386,0.630863,0.667347,0.556870,#
18,0.636343,0.680552,0.661520,0.622612,0.506836,0.668570,0.632663,0.613180,0.535347,0.588088,0.670738,0.649233,0.649139,0.653618,0.544572,0.621605,0.677577,0.636236,1.000000,0.614383,0.637922,0.624284,0.582402,0.576062,0.606005,0.643508,0.654142,0.612577,0.557668,0.614999,0.618530,0.666423,0.640286,0.632923,0.633808,0.670228,0.611622,0.697665,0.614516,0.651403,0.651043,0.588678,0.643174,0.524363,0.617061,0.624706,0.679161,0.692875,0.659730,0.642510,0.594991,0.570410,0.630415,0.549762,0.650754,0.662249,0.589273,0.631602,0.634323,0.701764,0.627220,0.638777,0.606731,0.607146,0.656043,0.613631,0.684843,0.600924,0.644709,0.644804,0.668923,0.622707,0.652383,0.589061,0.679097,0.594268,0.601204,0.671369,0.610811,0.592129,0.684814,0.576855,0.673447,0.653533,0.693517,0.694997,0.519712,0.619150,0.657857,0.578459,0.609453,0.561459,0.622658,0.648676,0.591820,0.597894,0.597702,0.628615,0.668459,0.608460,0.624045,0.607299,0.616527,0.633550,0.660809,0.634815,0.595548,0.655531,0.669737,0.656287,0.670801,0.583154,0.664378,0.551635,0.576264,0.644096,0.578356,0.584393,0.650458,0.617252,0.598047,0.610557,0.552522,0.661291,0.639733,0.571352,0.676856,0.583114,0.656477,0.588046,0.625654,0.658582,0.650012,0.593756,0.597252,0.623585,0.627097,0.614833,0.623500,0.597027,0.581473,0.650394,0.564068,0.634406,0.659712,0.611033,0.646683,0.602681,0.629527,0.585972,0.589600,0.560074,0.644017,0.591319,0.652476,0.670058,0.614938,0.615515,0.541132,0.570207,0.663819,0.659444,0.691430,0.634243,0.649022,0.605336,0.703316,0.557128,0.544966,0.635398,0.624034,0.626709,0.639624,0.693874,0.666943,0.618291,0.587929,0.644404,0.657452,0.659755,0.633564,0.604770,0.599827,0.576796,0.593339,0.583402,0.587023,0.602075,0.577328,0.636894,0.591183,0.673653,0.553190,0.673245,0.629577,0.607818,0.600388,0.693964,0.661920,0.637401,#
19,0.626690,0.638367,0.652682,0.607444,0.592420,0.689543,0.575184,0.608313,0.632082,0.578044,0.602500,0.607863,0.554081,0.598017,0.621893,0.563269,0.620542,0.658878,0.614383,1.000000,0.622187,0.560365,0.530840,0.599709,0.638605,0.600580,0.617639,0.612033,0.492097,0.589047,0.664640,0.675809,0.653993,0.567150,0.598628,0.691399,0.609841,0.663322,0.627276,0.640444,0.627264,0.619002,0.579702,0.585401,0.550605,0.637496,0.674159,0.602428,0.647491,0.650608,0.603685,0.548814,0.616243,0.576749,0.629212,0.621302,0.606715,0.612563,0.598937,0.583231,0.570295,0.578571,0.646991,0.618766,0.612090,0.629619,0.695390,0.592487,0.688823,0.619469,0.658870,0.616867,0.668171,0.582267,0.610829,0.601501,0.552010,0.645348,0.568160,0.571392,0.704269,0.548827,0.665122,0.627930,0.621905,0.564701,0.569041,0.592382,0.661802,0.588881,0.590524,0.572769,0.527083,0.611567,0.567356,0.552572,0.567625,0.631822,0.621952,0.649410,0.594592,0.606064,0.609687,0.607534,0.630717,0.522211,0.598274,0.563834,0.612814,0.583125,0.600304,0.544660,0.640467,0.540067,0.557957,0.590019,0.590327,0.596704,0.635704,0.547634,0.600722,0.569349,0.563155,0.699771,0.581615,0.600741,0.589951,0.595853,0.662658,0.629038,0.649936,0.703422,0.643260,0.631377,0.575087,0.621073,0.530801,0.611586,0.598568,0.550137,0.611055,0.595389,0.533494,0.571198,0.638855,0.566324,0.559443,0.543775,0.619307,0.587172,0.571616,0.561476,0.580342,0.600065,0.648473,0.566047,0.661645,0.591630,0.581141,0.594765,0.620960,0.651995,0.590251,0.649095,0.680735,0.654700,0.561128,0.592775,0.545475,0.574900,0.569325,0.657253,0.628139,0.647040,0.675003,0.520157,0.593983,0.631428,0.643017,0.587540,0.592276,0.615863,0.624782,0.588145,0.568503,0.560622,0.568484,0.600724,0.615527,0.651904,0.599310,0.623914,0.545835,0.623612,0.610245,0.571249,0.604015,0.591383,0.618470,0.550058,#
20,0.628675,0.716447,0.619102,0.667351,0.595206,0.614716,0.614143,0.634975,0.630127,0.661163,0.618713,0.599980,0.611950,0.645014,0.576530,0.567959,0.674274,0.629826,0.637922,0.622187,1.000000,0.612244,0.558059,0.660991,0.654308,0.668663,0.600464,0.643740,0.556677,0.585261,0.683604,0.630956,0.659588,0.615708,0.620938,0.655229,0.590543,0.640404,0.585225,0.674580,0.635546,0.652376,0.586348,0.586715,0.673344,0.593454,0.671832,0.646937,0.633600,0.654139,0.633733,0.624982,0.576568,0.579253,0.644097,0.614097,0.528789,0.613586,0.643437,0.629548,0.622393,0.623316,0.675554,0.600299,0.619602,0.692452,0.721319,0.624849,0.661767,0.573969,0.663670,0.665323,0.694934,0.627825,0.587903,0.579078,0.635621,0.675771,0.654228,0.659442,0.670711,0.637083,0.665028,0.630803,0.605592,0.656986,0.624068,0.641681,0.652960,0.662181,0.611922,0.587170,0.590564,0.641924,0.604813,0.624811,0.566444,0.542263,0.639749,0.598920,0.690802,0.643404,0.625049,0.684177,0.663241,0.593620,0.686675,0.618307,0.662622,0.697363,0.609179,0.653824,0.608425,0.525814,0.607977,0.632737,0.598191,0.613727,0.546232,0.540209,0.571618,0.629578,0.570125,0.687913,0.608230,0.633646,0.584397,0.574884,0.594400,0.636281,0.624837,0.637514,0.696320,0.647082,0.636427,0.638359,0.544653,0.642925,0.640067,0.633476,0.608186,0.597106,0.585018,0.610780,0.650344,0.589616,0.652669,0.598862,0.565595,0.605220,0.624559,0.593889,0.596345,0.598549,0.637111,0.611197,0.585020,0.681677,0.582512,0.617474,0.677556,0.647094,0.647411,0.633603,0.666727,0.628784,0.603708,0.595640,0.552041,0.593838,0.628341,0.564128,0.631172,0.656167,0.652306,0.595154,0.585186,0.668719,0.625256,0.676637,0.645619,0.630519,0.613645,0.581847,0.570534,0.646117,0.610640,0.585058,0.625373,0.610878,0.587752,0.651207,0.642229,0.643418,0.652646,0.628794,0.653042,0.668796,0.645302,0.607423,#
21,0.598138,0.724590,0.659187,0.660398,0.598970,0.612876,0.610591,0.586878,0.631798,0.612702,0.621938,0.610116,0.567413,0.591026,0.618058,0.618766,0.487165,0.611071,0.624284,0.560365,0.612244,1.000000,0.571081,0.669840,0.573359,0.578513,0.637971,0.590142,0.623804,0.540868,0.606519,0.552000,0.641057,0.660188,0.641011,0.691611,0.584908,0.616999,0.596056,0.623668,0.571615,0.642784,0.581912,0.614112,0.604578,0.640115,0.654657,0.626088,0.652243,0.673179,0.551350,0.597056,0.605828,0.569967,0.663779,0.636075,0.573235,0.595732,0.693904,0.586067,0.609989,0.600605,0.570159,0.574513,0.595282,0.613626,0.673048,0.573500,0.654562,0.663525,0.617119,0.705059,0.703085,0.630643,0.649317,0.656444,0.611290,0.636820,0.618294,0.607303,0.594038,0.573201,0.707355,0.634890,0.656729,0.618163,0.564834,0.656293,0.626564,0.640224,0.610421,0.547670,0.649807,0.658320,0.617914,0.618183,0.609940,0.565820,0.623125,0.602461,0.651823,0.653029,0.507045,0.638799,0.606045,0.637050,0.591055,0.662708,0.570584,0.666448,0.631785,0.573109,0.638992,0.590618,0.515031,0.537376,0.537117,0.697066,0.589667,0.667237,0.584012,0.579478,0.544236,0.624878,0.556220,0.564363,0.612847,0.573224,0.624025,0.644168,0.632838,0.670635,0.571278,0.632553,0.653070,0.583996,0.552421,0.566066,0.592049,0.642650,0.631360,0.586325,0.517059,0.639850,0.630322,0.589160,0.583497,0.544750,0.569753,0.648218,0.615619,0.616900,0.615712,0.610447,0.569369,0.568430,0.633362,0.638489,0.557575,0.616895,0.577057,0.661400,0.658012,0.630686,0.643351,0.625825,0.609877,0.515121,0.512617,0.584626,0.635321,0.564936,0.639292,0.618782,0.621337,0.611133,0.497919,0.620433,0.628638,0.636378,0.633565,0.649315,0.582055,0.593984,0.570084,0.642399,0.624275,0.546722,0.545921,0.610966,0.582806,0.611166,0.618430,0.596486,0.606590,0.558153,0.598205,0.636097,0.589431,0.643671,#
