0,1.000000,0.794325,0.796866,0.775636,0.727796,0.801203,0.768635,0.797553,0.781524,0.767625,0.769960,0.801443,0.796493,0.755036,0.780108,0.754321,0.775171,0.795153,0.779926,0.789361,0.775034,0.755072,0.793082,0.775667,0.751674,0.775522,0.792082,0.786719,0.749388,0.789627,0.768155,0.761474,0.755030,0.737264,0.798845,0.785987,0.774344,0.778698,0.796310,0.823577,0.781689,0.767635,0.794862,0.777583,0.770540,0.752549,0.811546,0.782505,0.778869,0.821181,0.792633,0.760535,0.791718,0.806025,0.779065,0.801263,0.767552,0.800691,0.772979,0.775187,0.806300,0.754525,0.777237,0.773849,0.780175,0.792656,0.802436,0.802741,0.771021,0.753478,0.795794,0.793465,0.818100,0.784934,0.787202,0.779727,0.773512,0.774983,0.793559,0.789715,0.829770,0.796420,0.802541,0.798819,0.780075,0.807437,0.769808,0.748316,0.742389,0.778230,0.763045,0.761636,0.746052,0.791864,0.766264,0.777059,0.757337,0.754656,0.779066,0.783504,0.792853,0.769898,0.759434,0.767546,0.785439,0.753026,0.728938,0.803204,0.770949,0.765655,0.806172,0.762646,0.791843,0.742064,0.763576,0.826148,0.754698,0.773977,0.767794,0.753564,0.744061,0.830268,0.784742,0.816924,0.767309,0.758842,0.765443,0.762607,0.761781,0.762202,0.773035,0.785925,0.775583,0.753123,0.785130,0.762357,0.772550,0.813627,0.781805,0.766392,0.743475,0.769392,0.735652,0.805957,0.789113,0.739079,0.781356,0.729398,0.797798,0.781530,0.775875,0.765068,0.781933,0.767984,0.780098,0.754327,0.770018,0.792754,0.802734,0.799742,0.800969,0.803885,0.767696,0.762004,0.806939,0.780561,0.800880,0.772852,0.774027,0.772692,0.782409,0.749423,0.799989,0.807234,0.828730,0.726733,0.758341,0.805557,0.779895,0.783664,0.778345,0.793750,0.728735,0.758861,0.758342,0.756016,0.791398,0.779033,0.772623,0.780365,0.763795,0.792724,0.765373,0.776267,0.765054,0.739577,0.732432,0.803812,0.783052,0.774750,#
1,0.794325,1.000000,0.805634,0.820560,0.775850,0.827874,0.773713,0.790555,0.801244,0.799488,0.807140,0.778404,0.800617,0.812478,0.776314,0.789028,0.797808,0.783004,0.811618,0.807152,0.835927,0.841425,0.823370,0.817034,0.776907,0.764902,0.826896,0.808869,0.768837,0.777689,0.814658,0.828918,0.799684,0.807280,0.800376,0.829641,0.755635,0.831335,0.823451,0.811435,0.792192,0.774064,0.765033,0.777422,0.784408,0.796955,0.826507,0.798436,0.822055,0.821801,0.784361,0.823827,0.805648,0.787096,0.822867,0.803025,0.768071,0.805552,0.806879,0.780819,0.792779,0.799087,0.747052,0.763062,0.793664,0.801832,0.843516,0.807456,0.821078,0.820396,0.806393,0.804404,0.855109,0.781204,0.807871,0.798128,0.797039,0.808626,0.810020,0.799149,0.831027,0.809276,0.859968,0.814748,0.818871,0.798640,0.774371,0.782828,0.819320,0.800163,0.779181,0.771681,0.797883,0.802401,0.770719,0.761820,0.779839,0.786524,0.785118,0.805663,0.820926,0.814521,0.785342,0.804611,0.798708,0.783904,0.762803,0.822334,0.781022,0.784535,0.802112,0.786041,0.796406,0.774012,0.766452,0.802230,0.818095,0.833512,0.761888,0.746741,0.827420,0.807770,0.741727,0.816890,0.763714,0.759961,0.810140,0.793313,0.806960,0.812360,0.762204,0.815029,0.772394,0.793435,0.819985,0.773947,0.760100,0.787062,0.816867,0.755393,0.798572,0.780192,0.777460,0.791458,0.784496,0.781777,0.807187,0.752752,0.792625,0.787560,0.803313,0.828933,0.797185,0.783380,0.815157,0.776804,0.808324,0.796424,0.773616,0.785539,0.785239,0.818008,0.819146,0.819238,0.802329,0.764119,0.804940,0.803307,0.735999,0.762008,0.806152,0.761436,0.792458,0.808793,0.821299,0.774096,0.787564,0.855084,0.774546,0.786813,0.805617,0.783055,0.771064,0.771952,0.760645,0.812656,0.808784,0.728559,0.793711,0.783313,0.791625,0.801148,0.777121,0.812264,0.831454,0.745688,0.768763,0.801571,0.789105,0.786720,#
2,0.796866,0.805634,1.000000,0.775941,0.728923,0.796133,0.780680,0.794766,0.779517,0.770266,0.779157,0.761020,0.749048,0.774293,0.763590,0.763319,0.757225,0.799244,0.768619,0.801107,0.763923,0.778830,0.735243,0.787556,0.760448,0.742253,0.805713,0.806494,0.796219,0.778047,0.808923,0.792853,0.787919,0.777081,0.777529,0.785646,0.790606,0.774501,0.820636,0.808912,0.800798,0.795363,0.759511,0.746976,0.738197,0.770392,0.839132,0.752258,0.790177,0.840004,0.773181,0.772779,0.771810,0.814420,0.826262,0.791392,0.786058,0.780150,0.761135,0.777885,0.802480,0.781745,0.759032,0.798631,0.777432,0.778276,0.851292,0.775158,0.809312,0.794966,0.803356,0.770308,0.808091,0.796746,0.788329,0.782688,0.784006,0.800762,0.793730,0.821640,0.809778,0.814862,0.830049,0.819072,0.817287,0.815291,0.762092,0.822268,0.795256,0.781097,0.788630,0.768929,0.798243,0.786368,0.795629,0.761567,0.758610,0.758542,0.812252,0.779027,0.794029,0.747094,0.749470,0.763416,0.759351,0.804517,0.783841,0.772772,0.798957,0.765932,0.791035,0.755712,0.821248,0.729338,0.760994,0.764761,0.745508,0.797919,0.765421,0.724309,0.793585,0.785125,0.733417,0.810039,0.764572,0.750400,0.773603,0.779946,0.781909,0.808267,0.794926,0.819327,0.813493,0.806981,0.789610,0.776397,0.756032,0.786658,0.802221,0.767609,0.779111,0.775328,0.740711,0.753155,0.789751,0.802959,0.777443,0.758997,0.774468,0.766316,0.798411,0.780192,0.769124,0.795212,0.770768,0.781989,0.783499,0.751280,0.739451,0.753999,0.754694,0.731906,0.773037,0.773297,0.772240,0.788753,0.823574,0.758811,0.727458,0.743902,0.782244,0.749146,0.775067,0.773420,0.816179,0.775769,0.766633,0.814424,0.780438,0.765693,0.773610,0.808700,0.751371,0.816817,0.748822,0.771745,0.776715,0.751898,0.797758,0.757220,0.761030,0.796765,0.804075,0.791772,0.779541,0.778373,0.762474,0.800055,0.763230,0.786844,#
3,0.775636,0.820560,0.775941,1.000000,0.759867,0.789381,0.745622,0.766653,0.771320,0.770043,0.761058,0.759938,0.787231,0.750548,0.734450,0.767168,0.760822,0.752767,0.770400,0.760788,0.774734,0.788331,0.738213,0.739761,0.783063,0.780248,0.780804,0.794091,0.748324,0.748169,0.768547,0.804279,0.762500,0.784132,0.780584,0.776081,0.727062,0.772695,0.728874,0.808839,0.774733,0.761318,0.742318,0.753007,0.760939,0.793163,0.812665,0.775082,0.803145,0.785292,0.777143,0.751907,0.778009,0.747255,0.791915,0.786388,0.711759,0.771186,0.819072,0.772140,0.767150,0.762872,0.721895,0.766948,0.790261,0.793544,0.772175,0.769257,0.745511,0.762146,0.747648,0.785058,0.825059,0.778242,0.752034,0.759760,0.746506,0.777637,0.775591,0.800973,0.818326,0.764880,0.795080,0.781015,0.777750,0.791393,0.755764,0.756924,0.761567,0.766066,0.718518,0.761337,0.766809,0.779039,0.755233,0.768254,0.730444,0.732108,0.730788,0.774183,0.777179,0.748866,0.726814,0.748120,0.785896,0.743752,0.753120,0.796406,0.748102,0.750537,0.743383,0.759176,0.761107,0.745793,0.743142,0.786858,0.759467,0.765811,0.747171,0.712749,0.737849,0.774478,0.711759,0.787163,0.729462,0.754137,0.778680,0.782360,0.749808,0.778641,0.747310,0.791293,0.751096,0.783775,0.787361,0.758698,0.785218,0.752129,0.761317,0.738212,0.759045,0.757385,0.729698,0.742217,0.735978,0.798025,0.763847,0.750151,0.765685,0.725283,0.751954,0.763756,0.754498,0.762385,0.758685,0.726557,0.803963,0.777215,0.738179,0.778639,0.788545,0.784320,0.758838,0.805314,0.770555,0.764138,0.778348,0.737540,0.743111,0.734236,0.782951,0.749338,0.747652,0.774119,0.753262,0.760711,0.756022,0.777784,0.771209,0.754318,0.751059,0.797625,0.735058,0.775075,0.733962,0.768366,0.751377,0.683353,0.789363,0.785608,0.739594,0.764144,0.750055,0.748116,0.782383,0.775779,0.750250,0.775975,0.746820,0.776123,#
4,0.727796,0.775850,0.728923,0.759867,1.000000,0.791584,0.767890,0.730219,0.720101,0.739766,0.742489,0.744281,0.727967,0.728570,0.724984,0.764128,0.726607,0.770447,0.715597,0.777539,0.764510,0.756760,0.738928,0.760485,0.739416,0.711874,0.747250,0.742731,0.745016,0.741052,0.800214,0.744208,0.755510,0.718895,0.742591,0.765299,0.718289,0.739627,0.727053,0.792556,0.745921,0.719363,0.715748,0.753360,0.735334,0.728663,0.797852,0.745960,0.761518,0.771093,0.763094,0.735431,0.746231,0.681595,0.765960,0.763915,0.714477,0.762659,0.788684,0.740225,0.719398,0.753872,0.747826,0.730224,0.771342,0.797770,0.786827,0.717644,0.742329,0.738033,0.763894,0.771375,0.757593,0.741948,0.729767,0.739678,0.732207,0.772415,0.767236,0.765607,0.744149,0.765474,0.787413,0.736186,0.766012,0.715712,0.709799,0.720446,0.757938,0.772116,0.711509,0.702418,0.717864,0.756326,0.711016,0.750499,0.747453,0.701433,0.702156,0.721640,0.771161,0.773966,0.738293,0.740490,0.737724,0.695482,0.762763,0.749027,0.756367,0.768218,0.705384,0.720680,0.773873,0.785407,0.728401,0.745678,0.710019,0.802576,0.696945,0.685947,0.744839,0.751668,0.755924,0.763255,0.710354,0.751352,0.731325,0.734336,0.797226,0.762669,0.786983,0.776842,0.720650,0.741238,0.787867,0.732500,0.738701,0.780223,0.745861,0.714220,0.712086,0.768685,0.728492,0.757499,0.727580,0.739190,0.758554,0.700018,0.728265,0.755000,0.742995,0.800287,0.717359,0.694698,0.787397,0.733690,0.787705,0.758525,0.752509,0.726494,0.702185,0.753686,0.769042,0.757435,0.760793,0.722799,0.752174,0.716200,0.701466,0.718169,0.737282,0.731093,0.746512,0.729212,0.775929,0.734353,0.749200,0.781157,0.737770,0.758503,0.783190,0.736565,0.750234,0.725967,0.777672,0.765571,0.752009,0.754900,0.732748,0.729792,0.733130,0.714268,0.737099,0.746610,0.741471,0.688078,0.712820,0.748083,0.760986,0.716605,#
5,0.801203,0.827874,0.796133,0.789381,0.791584,1.000000,0.749805,0.783853,0.784794,0.756277,0.761247,0.764237,0.757235,0.740439,0.763233,0.760135,0.756809,0.776667,0.774660,0.813404,0.773573,0.755046,0.739929,0.768212,0.776661,0.785683,0.811099,0.805198,0.734200,0.782265,0.799840,0.795676,0.783761,0.788893,0.775861,0.804186,0.760357,0.762869,0.764716,0.799088,0.784541,0.765798,0.743188,0.752999,0.774257,0.797727,0.802607,0.799663,0.792350,0.799244,0.786029,0.739674,0.770891,0.783575,0.793575,0.839345,0.753956,0.786435,0.809809,0.791458,0.752972,0.756017,0.771725,0.802152,0.770789,0.775166,0.792026,0.763399,0.765507,0.786723,0.819434,0.794828,0.822264,0.786838,0.767348,0.755837,0.765824,0.812254,0.785037,0.795139,0.812571,0.800228,0.830380,0.785443,0.781438,0.767129,0.753822,0.769173,0.788748,0.769653,0.784914,0.728880,0.756242,0.798425,0.753231,0.701009,0.787550,0.750050,0.798725,0.732345,0.818636,0.779796,0.821735,0.783832,0.774843,0.755291,0.781726,0.785587,0.740377,0.790604,0.762448,0.776531,0.790360,0.731370,0.714023,0.756943,0.803610,0.809835,0.759855,0.738403,0.759033,0.782701,0.747847,0.828474,0.730207,0.764773,0.795372,0.760088,0.806547,0.753534,0.778131,0.822374,0.796442,0.812936,0.801717,0.738438,0.742946,0.789705,0.758380,0.745925,0.750901,0.731584,0.752703,0.776912,0.818403,0.750379,0.772344,0.751958,0.775832,0.804779,0.813123,0.786074,0.780677,0.769254,0.792185,0.737053,0.803388,0.776970,0.765289,0.776641,0.772854,0.807980,0.778508,0.762487,0.794654,0.740044,0.743761,0.786904,0.749026,0.738106,0.803767,0.762936,0.767648,0.766612,0.798103,0.769833,0.771035,0.811601,0.788868,0.795711,0.793087,0.773523,0.708825,0.749471,0.764214,0.796776,0.785190,0.740891,0.798849,0.796155,0.732512,0.800980,0.750732,0.797857,0.759642,0.760326,0.730475,0.789819,0.767660,0.779325,#
6,0.768635,0.773713,0.780680,0.745622,0.767890,0.749805,1.000000,0.735649,0.764133,0.778259,0.784368,0.764345,0.752766,0.771309,0.692081,0.801069,0.784374,0.805942,0.774273,0.759355,0.779643,0.745451,0.723948,0.749870,0.773539,0.759254,0.758030,0.765159,0.742833,0.762511,0.786625,0.806307,0.764121,0.766907,0.770791,0.786250,0.769760,0.760364,0.753693,0.796990,0.775746,0.784562,0.771833,0.759546,0.761076,0.726403,0.799338,0.754157,0.800565,0.805508,0.761077,0.762068,0.764267,0.686764,0.789132,0.772640,0.754603,0.793331,0.787931,0.749734,0.780148,0.777451,0.734932,0.738965,0.811554,0.770587,0.828351,0.768083,0.783369,0.734306,0.787617,0.805000,0.772842,0.768388,0.753436,0.760271,0.790481,0.797064,0.796897,0.766479,0.777250,0.794546,0.781287,0.821820,0.783140,0.742503,0.745036,0.758988,0.779575,0.766414,0.728719,0.745193,0.732252,0.776277,0.748735,0.752501,0.774273,0.759475,0.753953,0.736509,0.790391,0.784065,0.761349,0.760034,0.790746,0.715683,0.771755,0.762861,0.793438,0.751608,0.725157,0.725908,0.760428,0.770369,0.730807,0.779415,0.729874,0.787422,0.708915,0.737581,0.744225,0.776804,0.696174,0.786146,0.769091,0.745033,0.739944,0.756290,0.751423,0.745281,0.777938,0.782174,0.761409,0.729888,0.782616,0.759798,0.777021,0.760082,0.796840,0.768151,0.770000,0.754416,0.733314,0.757741,0.760818,0.776351,0.772719,0.754407,0.743707,0.750311,0.756288,0.797110,0.724748,0.751875,0.750897,0.743257,0.762843,0.704761,0.746915,0.775351,0.764183,0.763356,0.747325,0.758119,0.773423,0.775746,0.802293,0.723211,0.734461,0.738726,0.751560,0.770468,0.708466,0.738264,0.774891,0.773123,0.760848,0.801160,0.770776,0.764638,0.780626,0.765296,0.769690,0.764840,0.727166,0.746288,0.769721,0.735361,0.763332,0.757699,0.732506,0.783912,0.735310,0.767788,0.779363,0.753388,0.755302,0.781522,0.768712,0.760476,#
7,0.797553,0.790555,0.794766,0.766653,0.730219,0.783853,0.735649,1.000000,0.783563,0.746583,0.746634,0.745898,0.775710,0.764815,0.762828,0.745953,0.753240,0.791547,0.793569,0.790415,0.788769,0.751620,0.790166,0.740130,0.759735,0.785654,0.768837,0.780718,0.762283,0.785669,0.757243,0.774799,0.749822,0.765146,0.784454,0.779204,0.751851,0.764372,0.789621,0.780135,0.788579,0.789518,0.727671,0.729746,0.753610,0.773688,0.806793,0.779579,0.803738,0.785539,0.773932,0.762377,0.770829,0.778003,0.797772,0.758022,0.754574,0.750645,0.787484,0.793273,0.741409,0.771379,0.770342,0.754190,0.791236,0.783521,0.827469,0.758648,0.753282,0.736290,0.806584,0.715162,0.799389,0.783370,0.767933,0.734633,0.767707,0.761439,0.752915,0.763649,0.817558,0.771727,0.814888,0.781850,0.782984,0.782736,0.755131,0.765371,0.758753,0.779916,0.755401,0.758632,0.765255,0.763696,0.787987,0.772962,0.776423,0.788623,0.786310,0.761806,0.794115,0.737569,0.731420,0.742483,0.780670,0.733945,0.741364,0.798730,0.772750,0.724991,0.793892,0.753418,0.800549,0.744871,0.748500,0.784597,0.731192,0.759147,0.734070,0.762577,0.770096,0.769744,0.736780,0.798281,0.765540,0.769120,0.758238,0.781066,0.748260,0.759071,0.750258,0.789660,0.779151,0.708684,0.769780,0.773418,0.767520,0.801542,0.750438,0.758671,0.742653,0.753759,0.761627,0.752859,0.790451,0.779189,0.781972,0.707172,0.751392,0.747464,0.740091,0.784359,0.763047,0.724802,0.775979,0.795820,0.790433,0.782889,0.761324,0.745611,0.779991,0.739464,0.803693,0.742949,0.787222,0.759382,0.781428,0.755511,0.698369,0.692354,0.796733,0.761993,0.757551,0.777466,0.779654,0.728985,0.742047,0.773117,0.765740,0.766688,0.777818,0.761059,0.741263,0.772239,0.750578,0.773922,0.787322,0.735676,0.785853,0.793980,0.784183,0.783525,0.746623,0.744780,0.778296,0.738277,0.742527,0.812405,0.778924,0.753218,#
8,0.781524,0.801244,0.779517,0.771320,0.720101,0.784794,0.764133,0.783563,1.000000,0.777621,0.761400,0.788209,0.781392,0.778136,0.755611,0.788710,0.749702,0.774414,0.735159,0.791395,0.792823,0.765234,0.742915,0.751064,0.759992,0.770243,0.769355,0.765607,0.751019,0.745084,0.779050,0.777694,0.757128,0.752799,0.769982,0.828677,0.757035,0.769125,0.737155,0.767337,0.766154,0.746875,0.810996,0.757710,0.757108,0.729051,0.784899,0.733603,0.789119,0.790088,0.785311,0.760929,0.763275,0.777701,0.758719,0.790062,0.753045,0.781147,0.761385,0.730279,0.776393,0.779316,0.790484,0.778853,0.780699,0.808919,0.810310,0.805786,0.800503,0.751785,0.790636,0.796244,0.816326,0.770332,0.766060,0.735301,0.770680,0.789257,0.769623,0.785048,0.799564,0.771404,0.788563,0.786883,0.793713,0.765865,0.750169,0.776334,0.745060,0.726865,0.749033,0.748058,0.742118,0.753869,0.734796,0.737414,0.779053,0.784295,0.822710,0.782030,0.778107,0.717761,0.795000,0.810529,0.736055,0.759661,0.768460,0.783236,0.729719,0.791712,0.742563,0.745808,0.780409,0.733791,0.708013,0.782625,0.760117,0.763324,0.724986,0.769575,0.748412,0.742662,0.745614,0.814482,0.737506,0.775630,0.729488,0.749580,0.795053,0.783957,0.735191,0.794283,0.777898,0.747198,0.773598,0.782007,0.776288,0.775929,0.777266,0.756396,0.748453,0.754634,0.755836,0.715203,0.776461,0.751145,0.763036,0.737822,0.754901,0.772327,0.751085,0.805332,0.733697,0.805511,0.770354,0.746140,0.783578,0.791872,0.806883,0.757700,0.778051,0.741618,0.782289,0.750312,0.764760,0.748832,0.767678,0.784010,0.763969,0.712225,0.767989,0.779750,0.718685,0.766900,0.799093,0.753417,0.756780,0.798314,0.769316,0.754874,0.790882,0.782252,0.753289,0.760543,0.741492,0.730724,0.805735,0.738339,0.757132,0.782973,0.784024,0.784820,0.779431,0.773243,0.766710,0.715586,0.707873,0.775490,0.746005,0.808442,#
9,0.767625,0.799488,0.770266,0.770043,0.739766,0.756277,0.778259,0.746583,0.777621,1.000000,0.758800,0.743908,0.784672,0.772307,0.786576,0.762386,0.752952,0.799715,0.748278,0.753168,0.793344,0.759054,0.722216,0.760657,0.770124,0.729925,0.771966,0.817319,0.722054,0.765251,0.741234,0.788566,0.771385,0.758386,0.763089,0.785751,0.754714,0.755896,0.754713,0.796317,0.776932,0.784073,0.719040,0.748007,0.770703,0.736890,0.781935,0.754600,0.784153,0.793765,0.766174,0.743951,0.724998,0.730120,0.764256,0.768879,0.756975,0.812756,0.733080,0.765110,0.777288,0.776120,0.755371,0.733373,0.746006,0.812299,0.815303,0.784095,0.796505,0.748881,0.781119,0.760380,0.793724,0.756574,0.765693,0.769464,0.785231,0.809041,0.766571,0.820654,0.796488,0.797563,0.782806,0.816412,0.783899,0.756613,0.764165,0.782707,0.774238,0.766849,0.769250,0.730182,0.782778,0.756587,0.774617,0.742087,0.740818,0.740088,0.767703,0.787960,0.804096,0.772548,0.777633,0.764011,0.770411,0.774798,0.749620,0.801028,0.789941,0.771361,0.776451,0.774944,0.792415,0.738671,0.743982,0.802832,0.694419,0.777563,0.732714,0.745596,0.737161,0.770394,0.741302,0.805612,0.758124,0.757547,0.776150,0.743552,0.792880,0.741156,0.739806,0.804066,0.758544,0.764709,0.788143,0.718372,0.765406,0.780453,0.764818,0.759152,0.796986,0.811097,0.775937,0.798124,0.794393,0.807858,0.767970,0.778364,0.758393,0.766097,0.734017,0.765835,0.758724,0.764506,0.761364,0.753141,0.759011,0.782889,0.761670,0.786810,0.763436,0.800554,0.788769,0.779592,0.773154,0.788418,0.745866,0.772109,0.765888,0.727463,0.779332,0.762658,0.752976,0.726735,0.779011,0.790279,0.774920,0.809864,0.749711,0.778022,0.791427,0.780479,0.769091,0.734952,0.750252,0.781378,0.763321,0.731408,0.794576,0.729938,0.744116,0.760896,0.737941,0.744659,0.736161,0.726747,0.756110,0.773484,0.743947,0.738582,#
10,0.769960,0.807140,0.779157,0.761058,0.742489,0.761247,0.784368,0.746634,0.761400,0.758800,1.000000,0.786333,0.756005,0.753997,0.715144,0.783808,0.776662,0.762218,0.796402,0.764879,0.771316,0.755606,0.744738,0.796706,0.743159,0.751458,0.758246,0.808596,0.760230,0.786755,0.783143,0.774710,0.765787,0.774110,0.781028,0.791208,0.780050,0.785396,0.760289,0.768516,0.791409,0.734080,0.746881,0.731558,0.760386,0.784626,0.842135,0.775655,0.789274,0.817982,0.743029,0.773766,0.772862,0.718255,0.783536,0.810101,0.781457,0.813681,0.737672,0.769271,0.780233,0.790900,0.796506,0.782661,0.795402,0.746746,0.817504,0.744717,0.803537,0.747722,0.824234,0.797490,0.813702,0.732456,0.762141,0.805552,0.764718,0.813104,0.799485,0.752951,0.822028,0.766437,0.805416,0.773760,0.784669,0.760184,0.782874,0.757679,0.775621,0.802715,0.735479,0.775486,0.782048,0.746319,0.736749,0.760810,0.752005,0.793724,0.772857,0.779195,0.779991,0.764175,0.770651,0.791454,0.779664,0.764425,0.775856,0.751944,0.763136,0.782378,0.762675,0.742646,0.801665,0.755123,0.727271,0.787225,0.722142,0.777228,0.746339,0.731928,0.762632,0.785067,0.702691,0.784193,0.713974,0.752045,0.779316,0.765460,0.801373,0.764597,0.747657,0.797428,0.760939,0.765077,0.806578,0.809728,0.748589,0.755251,0.797794,0.774632,0.799704,0.763873,0.761642,0.779414,0.754768,0.767936,0.787555,0.745761,0.763004,0.774724,0.759524,0.767280,0.750789,0.775189,0.786639,0.740716,0.793938,0.787830,0.762115,0.752411,0.795555,0.747625,0.764395,0.778648,0.775788,0.761937,0.792195,0.761742,0.761274,0.750810,0.743954,0.776965,0.711901,0.755745,0.802003,0.764875,0.743043,0.796870,0.737761,0.794055,0.753658,0.736347,0.771328,0.743643,0.708025,0.766001,0.782006,0.755805,0.731685,0.786017,0.752283,0.755870,0.745367,0.803142,0.778976,0.747307,0.751170,0.781390,0.776983,0.790498,#
11,0.801443,0.778404,0.761020,0.759938,0.744281,0.764237,0.764345,0.745898,0.788209,0.743908,0.786333,1.000000,0.785794,0.774606,0.771629,0.777025,0.749630,0.793442,0.805831,0.778043,0.767219,0.750459,0.777891,0.768327,0.760154,0.761123,0.759048,0.771612,0.769181,0.746570,0.796214,0.793247,0.789591,0.769570,0.758018,0.790783,0.781760,0.793531,0.738581,0.777238,0.789928,0.736457,0.751007,0.748409,0.758862,0.726307,0.817256,0.786112,0.778224,0.805727,0.738825,0.727215,0.791634,0.743695,0.789844,0.779523,0.732235,0.817790,0.767382,0.784839,0.740589,0.763234,0.810826,0.767944,0.775351,0.774621,0.810050,0.782905,0.796091,0.783454,0.784078,0.762979,0.808152,0.777145,0.816262,0.773877,0.800497,0.808913,0.771048,0.750844,0.780736,0.756801,0.807319,0.777747,0.790010,0.749012,0.723872,0.752305,0.745815,0.735826,0.757422,0.765040,0.753048,0.776495,0.707208,0.782211,0.758140,0.788421,0.764385,0.764622,0.782606,0.761972,0.782327,0.783953,0.783774,0.762623,0.776954,0.793394,0.774060,0.761525,0.781559,0.780768,0.786218,0.729324,0.720733,0.765104,0.750080,0.775348,0.729385,0.791448,0.744477,0.757941,0.754829,0.828017,0.741413,0.749214,0.781079,0.781539,0.814328,0.790326,0.781095,0.777646,0.801876,0.773994,0.801422,0.785972,0.797566,0.779662,0.783828,0.765487,0.755377,0.732655,0.768940,0.800017,0.777423,0.743538,0.800462,0.746958,0.744015,0.758811,0.760567,0.764183,0.765468,0.809969,0.771344,0.740160,0.780389,0.765119,0.753584,0.773910,0.784678,0.777934,0.800562,0.773078,0.818646,0.772330,0.804144,0.744720,0.762506,0.769912,0.786366,0.759107,0.772941,0.799705,0.782802,0.770461,0.768681,0.781593,0.759095,0.793315,0.781541,0.750787,0.785620,0.752900,0.763258,0.717096,0.777917,0.782758,0.738052,0.736064,0.777378,0.799126,0.756852,0.767143,0.765182,0.745734,0.733381,0.795168,0.771686,0.743263,#
12,0.796493,0.800617,0.749048,0.787231,0.727967,0.757235,0.752766,0.775710,0.781392,0.784672,0.756005,0.785794,1.000000,0.769106,0.774356,0.743782,0.742808,0.772870,0.800436,0.776076,0.786232,0.737203,0.773242,0.765638,0.769619,0.779678,0.750527,0.764541,0.757274,0.751393,0.765594,0.757127,0.752418,0.784874,0.796651,0.793975,0.763011,0.769472,0.765527,0.774566,0.719849,0.714917,0.727361,0.752936,0.765511,0.751025,0.818009,0.750505,0.788770,0.809868,0.794945,0.728699,0.743640,0.746784,0.799428,0.779334,0.731393,0.748951,0.769201,0.753666,0.739043,0.745723,0.766113,0.736359,0.772762,0.792156,0.779160,0.765653,0.794990,0.767944,0.767298,0.765339,0.801166,0.761678,0.781398,0.769466,0.761684,0.787875,0.768502,0.798724,0.795458,0.777140,0.803750,0.781103,0.753918,0.783672,0.712947,0.772119,0.748098,0.743971,0.777910,0.736675,0.774482,0.769849,0.721112,0.769609,0.777517,0.755530,0.742802,0.713971,0.758897,0.762178,0.759259,0.764507,0.746555,0.733005,0.734722,0.777318,0.773751,0.765835,0.764298,0.745358,0.779881,0.718229,0.779868,0.772370,0.700247,0.758835,0.741895,0.743293,0.751892,0.783420,0.732515,0.797241,0.755334,0.808551,0.765604,0.741459,0.754704,0.758227,0.694668,0.739496,0.745906,0.725402,0.746898,0.760652,0.722997,0.769138,0.748538,0.707161,0.765055,0.748171,0.727059,0.785468,0.732852,0.749130,0.792650,0.727011,0.749153,0.785932,0.761141,0.745912,0.773459,0.723709,0.768820,0.770646,0.806240,0.799276,0.796496,0.727470,0.754505,0.781491,0.788819,0.756886,0.814762,0.730568,0.757684,0.778254,0.726479,0.731266,0.791503,0.726094,0.762749,0.765436,0.763725,0.736660,0.797648,0.813085,0.711877,0.744298,0.767779,0.783039,0.753439,0.738421,0.704778,0.743680,0.751142,0.756165,0.780273,0.752392,0.731381,0.763252,0.705358,0.747849,0.755776,0.743912,0.724003,0.792831,0.784748,0.736544,#
13,0.755036,0.812478,0.774293,0.750548,0.728570,0.740439,0.771309,0.764815,0.778136,0.772307,0.753997,0.774606,0.769106,1.000000,0.736401,0.753259,0.724480,0.803029,0.794258,0.764322,0.776481,0.756967,0.798040,0.765085,0.764289,0.780716,0.733350,0.790046,0.762678,0.790126,0.747572,0.768596,0.778682,0.793095,0.708217,0.772479,0.770716,0.795644,0.777536,0.794651,0.822667,0.752725,0.765208,0.713553,0.788803,0.769469,0.788920,0.777584,0.824071,0.810474,0.760173,0.794194,0.751738,0.739316,0.810834,0.803606,0.776496,0.798903,0.780449,0.771144,0.764884,0.780128,0.742007,0.762099,0.794921,0.796327,0.824959,0.784819,0.806338,0.762169,0.750760,0.782182,0.788538,0.793773,0.787286,0.762655,0.778610,0.787308,0.805354,0.768401,0.779479,0.770777,0.815929,0.809562,0.767000,0.790036,0.706344,0.758572,0.816405,0.763783,0.733659,0.770615,0.767462,0.780686,0.741061,0.736515,0.762575,0.746386,0.750989,0.787609,0.797744,0.760357,0.785974,0.791052,0.770253,0.782398,0.751106,0.803981,0.743230,0.756966,0.753055,0.755735,0.773653,0.759759,0.757797,0.780884,0.718011,0.785221,0.748315,0.724900,0.776504,0.766661,0.732466,0.772585,0.748944,0.744107,0.769923,0.760044,0.779883,0.762811,0.755986,0.757879,0.756072,0.751579,0.772013,0.776285,0.755718,0.789383,0.836376,0.747960,0.778198,0.778518,0.776054,0.753199,0.738453,0.765783,0.782819,0.746036,0.773700,0.738195,0.783418,0.793378,0.745676,0.784461,0.753905,0.750967,0.791429,0.750391,0.781222,0.753556,0.785303,0.765879,0.782868,0.776170,0.794818,0.763768,0.795520,0.774364,0.756661,0.734295,0.771958,0.764983,0.766637,0.791382,0.812435,0.785297,0.778419,0.809420,0.760809,0.770176,0.781439,0.759891,0.799488,0.753803,0.736522,0.765053,0.755191,0.746073,0.736221,0.758364,0.784675,0.784269,0.770939,0.780061,0.787887,0.728914,0.746079,0.826361,0.774528,0.744275,#
14,0.780108,0.776314,0.763590,0.734450,0.724984,0.763233,0.692081,0.762828,0.755611,0.786576,0.715144,0.771629,0.774356,0.736401,1.000000,0.731738,0.728050,0.751580,0.702745,0.766906,0.732798,0.738961,0.751468,0.777425,0.723919,0.696927,0.755106,0.768672,0.719675,0.752615,0.806533,0.731388,0.733963,0.720829,0.758846,0.758566,0.734534,0.750063,0.782479,0.736386,0.752325,0.731689,0.726779,0.727646,0.724304,0.738918,0.775054,0.724556,0.741308,0.743332,0.723294,0.732963,0.729211,0.751266,0.749777,0.757952,0.748658,0.739374,0.766610,0.705452,0.732803,0.761661,0.755972,0.736198,0.740212,0.755060,0.770464,0.744361,0.773851,0.745254,0.745159,0.726612,0.791370,0.744081,0.772151,0.760019,0.742965,0.760508,0.719585,0.746217,0.767348,0.754727,0.800073,0.797681,0.759923,0.753112,0.706257,0.757380,0.766627,0.723622,0.742368,0.697258,0.755420,0.803975,0.746228,0.739265,0.737512,0.739170,0.735126,0.705552,0.755149,0.737916,0.761719,0.719398,0.748468,0.741386,0.737699,0.727122,0.774319,0.746372,0.738028,0.762140,0.786502,0.716533,0.700972,0.745052,0.702519,0.721938,0.699335,0.724947,0.750370,0.739710,0.738759,0.780848,0.747281,0.668934,0.731313,0.758097,0.733598,0.745010,0.717308,0.770915,0.731647,0.740485,0.757815,0.718137,0.772428,0.757143,0.750128,0.736436,0.739014,0.757197,0.712254,0.790583,0.749091,0.765602,0.780059,0.704104,0.743194,0.706052,0.771335,0.747063,0.736445,0.739015,0.779496,0.718477,0.747099,0.747911,0.723277,0.747483,0.744763,0.724031,0.751690,0.721995,0.787781,0.737361,0.720252,0.744587,0.698222,0.733811,0.742187,0.702116,0.741642,0.759688,0.777159,0.751148,0.722124,0.768462,0.727077,0.748766,0.746259,0.759285,0.742236,0.718098,0.725038,0.755747,0.775406,0.706628,0.740878,0.722891,0.733723,0.745526,0.760437,0.740225,0.697293,0.689940,0.710960,0.762946,0.710613,0.696173,#
15,0.754321,0.789028,0.763319,0.767168,0.764128,0.760135,0.801069,0.745953,0.788710,0.762386,0.783808,0.777025,0.743782,0.753259,0.731738,1.000000,0.758593,0.781725,0.783075,0.770760,0.747100,0.758787,0.747173,0.764730,0.758523,0.749919,0.733119,0.766303,0.748961,0.745710,0.805816,0.802895,0.771346,0.793934,0.737118,0.789578,0.765241,0.800095,0.745582,0.752189,0.753497,0.729951,0.763991,0.748955,0.767738,0.751997,0.816611,0.772193,0.788571,0.796395,0.768184,0.749817,0.755745,0.745987,0.759216,0.771384,0.775251,0.767348,0.752037,0.762384,0.775505,0.801955,0.771041,0.769684,0.798265,0.761662,0.800229,0.777967,0.761023,0.729446,0.784420,0.752590,0.750861,0.768308,0.778554,0.751531,0.778900,0.780203,0.799654,0.767183,0.771362,0.764701,0.795120,0.797929,0.810175,0.776988,0.692805,0.770096,0.769160,0.715271,0.723678,0.749199,0.769349,0.783561,0.707528,0.756592,0.742933,0.766547,0.756177,0.753109,0.782469,0.767515,0.778227,0.784190,0.767193,0.736755,0.749404,0.774811,0.748397,0.795185,0.719935,0.711160,0.797671,0.736755,0.742918,0.768223,0.709633,0.756977,0.720077,0.779168,0.725062,0.781504,0.728611,0.781405,0.717070,0.736632,0.758671,0.742100,0.794469,0.792362,0.769194,0.756321,0.737410,0.715531,0.788952,0.771615,0.778734,0.750149,0.770629,0.757492,0.739330,0.733132,0.745783,0.750584,0.764117,0.775847,0.749224,0.730226,0.755047,0.756562,0.780661,0.805535,0.766215,0.789694,0.772136,0.744533,0.767678,0.738140,0.767495,0.758669,0.758956,0.774266,0.785808,0.759988,0.778582,0.755071,0.776848,0.745572,0.752960,0.732070,0.710298,0.779339,0.713301,0.793820,0.786809,0.788327,0.764566,0.775984,0.755690,0.770947,0.771442,0.763796,0.740136,0.747361,0.773736,0.734049,0.739579,0.697161,0.735168,0.758680,0.750060,0.792320,0.731306,0.755692,0.754083,0.727654,0.744195,0.765639,0.795254,0.769916,#
16,0.775171,0.797808,0.757225,0.760822,0.726607,0.756809,0.784374,0.753240,0.749702,0.752952,0.776662,0.749630,0.742808,0.724480,0.728050,0.758593,1.000000,0.774089,0.804004,0.777094,0.818654,0.715689,0.714978,0.752575,0.747418,0.770644,0.756075,0.738655,0.697172,0.740336,0.784244,0.789666,0.759095,0.732911,0.751807,0.777746,0.786380,0.778437,0.764817,0.792415,0.756605,0.742563,0.725475,0.722861,0.740860,0.756473,0.782895,0.740699,0.762846,0.799389,0.724126,0.744817,0.753159,0.762125,0.763521,0.792589,0.696395,0.771670,0.757103,0.734209,0.776620,0.775531,0.741762,0.733955,0.762004,0.752289,0.809674,0.763759,0.792335,0.763644,0.779519,0.754758,0.781130,0.750470,0.754686,0.726730,0.754254,0.770147,0.759103,0.791689,0.820744,0.774541,0.807200,0.774395,0.773554,0.752484,0.751582,0.717542,0.735534,0.754336,0.695964,0.741700,0.759217,0.736068,0.745193,0.768151,0.743321,0.748222,0.759515,0.744926,0.785468,0.749861,0.751239,0.772961,0.754887,0.756963,0.762868,0.747147,0.809146,0.759991,0.759454,0.752851,0.791821,0.748262,0.750329,0.798191,0.791343,0.764795,0.704575,0.669852,0.706094,0.754625,0.721859,0.771072,0.757199,0.740845,0.726977,0.723993,0.770821,0.727987,0.779071,0.765677,0.759786,0.731853,0.770574,0.784333,0.745323,0.745570,0.750272,0.709374,0.737982,0.748577,0.756621,0.745541,0.729458,0.730432,0.790518,0.745017,0.746685,0.736792,0.735564,0.771936,0.706120,0.744451,0.800965,0.746064,0.765266,0.741125,0.725432,0.744317,0.751194,0.730517,0.801040,0.747243,0.790965,0.773392,0.762323,0.758791,0.730037,0.731141,0.711555,0.770178,0.743841,0.773877,0.780795,0.740190,0.722118,0.816646,0.747676,0.758032,0.770229,0.729490,0.748767,0.756923,0.704041,0.729185,0.776972,0.728867,0.768191,0.756042,0.764510,0.770015,0.736578,0.778588,0.766224,0.746037,0.742637,0.769813,0.763453,0.746009,#
17,0.795153,0.783004,0.799244,0.752767,0.770447,0.776667,0.805942,0.791547,0.774414,0.799715,0.762218,0.793442,0.772870,0.803029,0.751580,0.781725,0.774089,1.000000,0.789403,0.819878,0.766946,0.769512,0.775570,0.755153,0.805753,0.780278,0.773573,0.792682,0.752568,0.786760,0.783590,0.804503,0.733644,0.748302,0.751414,0.771879,0.771151,0.805619,0.799695,0.814879,0.796728,0.782341,0.765335,0.749606,0.771391,0.781578,0.802887,0.808080,0.809678,0.814928,0.771181,0.730364,0.779167,0.755433,0.801982,0.795325,0.777359,0.770287,0.781629,0.752136,0.771570,0.763098,0.789500,0.759657,0.776276,0.804520,0.857013,0.769905,0.782151,0.749892,0.810230,0.765413,0.774012,0.811222,0.792115,0.737487,0.774754,0.810953,0.811720,0.805556,0.788984,0.795365,0.830380,0.824374,0.783619,0.759720,0.764218,0.771950,0.760606,0.776091,0.766832,0.738531,0.787332,0.787066,0.762213,0.783958,0.760452,0.743748,0.770109,0.807104,0.795273,0.750759,0.773144,0.753454,0.746961,0.776074,0.751223,0.779093,0.755079,0.786990,0.781855,0.749448,0.818047,0.773013,0.787972,0.774632,0.716784,0.778134,0.754202,0.765888,0.763300,0.781173,0.746939,0.783548,0.757562,0.762228,0.761722,0.775631,0.796039,0.766090,0.780255,0.815096,0.796417,0.752114,0.781174,0.778406,0.799375,0.789434,0.774082,0.803816,0.777646,0.781060,0.822453,0.785757,0.792466,0.769527,0.764215,0.726213,0.787098,0.752443,0.789391,0.788318,0.756177,0.793327,0.773139,0.798080,0.823653,0.756033,0.780241,0.780313,0.778532,0.771623,0.833058,0.748184,0.796029,0.756997,0.745915,0.748376,0.754664,0.723240,0.780416,0.764358,0.771906,0.762919,0.828051,0.755095,0.775854,0.821249,0.774408,0.807467,0.776943,0.803788,0.770316,0.792982,0.772918,0.740183,0.799565,0.788747,0.756371,0.745022,0.783695,0.803813,0.746072,0.773800,0.758015,0.794099,0.740565,0.794812,0.771709,0.714880,#
18,0.779926,0.811618,0.768619,0.770400,0.715597,0.774660,0.774273,0.793569,0.735159,0.748278,0.796402,0.805831,0.800436,0.794258,0.702745,0.783075,0.804004,0.789403,1.000000,0.782768,0.783226,0.786686,0.760086,0.740816,0.743039,0.796931,0.762484,0.774151,0.752232,0.791974,0.744774,0.805106,0.772647,0.802592,0.773764,0.819152,0.762518,0.806120,0.777005,0.791469,0.803711,0.741298,0.769196,0.720222,0.775988,0.757987,0.819312,0.802273,0.807603,0.783144,0.733986,0.757287,0.776350,0.725344,0.790689,0.781263,0.743063,0.784324,0.774576,0.805206,0.776282,0.760383,0.751661,0.741309,0.803833,0.751268,0.814776,0.752082,0.744327,0.765342,0.780147,0.745254,0.790854,0.761513,0.793725,0.729983,0.766801,0.781470,0.784523,0.763079,0.788234,0.752414,0.816226,0.795253,0.807284,0.806471,0.716702,0.769432,0.782820,0.741897,0.749719,0.741888,0.787003,0.797604,0.773968,0.747503,0.764110,0.776317,0.778113,0.770224,0.796198,0.738495,0.767547,0.773218,0.786083,0.790074,0.750507,0.793332,0.789638,0.783935,0.797933,0.741907,0.789544,0.738723,0.737626,0.774059,0.746210,0.758966,0.752119,0.744348,0.776285,0.778244,0.721871,0.789545,0.765969,0.739802,0.806086,0.736627,0.809204,0.742661,0.761227,0.781775,0.766741,0.730129,0.771024,0.789494,0.777006,0.775818,0.767429,0.753844,0.738736,0.775945,0.752739,0.784776,0.777971,0.768766,0.779663,0.723404,0.780901,0.756627,0.766802,0.779912,0.799228,0.770164,0.785603,0.800584,0.779076,0.770235,0.737426,0.738191,0.781005,0.756980,0.828941,0.750098,0.801706,0.754368,0.833015,0.755068,0.717531,0.735289,0.771264,0.779979,0.770790,0.796331,0.779388,0.760549,0.757776,0.820534,0.759980,0.798756,0.788340,0.765952,0.745835,0.765195,0.737118,0.755866,0.765652,0.757580,0.737330,0.772349,0.765336,0.796420,0.721413,0.799211,0.798078,0.757062,0.726901,0.830622,0.776673,0.777524,#
19,0.789361,0.807152,0.801107,0.760788,0.777539,0.813404,0.759355,0.790415,0.791395,0.753168,0.764879,0.778043,0.776076,0.764322,0.766906,0.770760,0.777094,0.819878,0.782768,1.000000,0.786792,0.750262,0.743622,0.747631,0.774631,0.758402,0.783001,0.770076,0.746764,0.772810,0.803250,0.812672,0.782525,0.762016,0.763565,0.826147,0.765053,0.783033,0.778671,0.794003,0.799668,0.779111,0.754771,0.755013,0.740191,0.783045,0.829753,0.782140,0.806787,0.794107,0.768120,0.741134,0.773438,0.776757,0.780613,0.768179,0.793234,0.772169,0.763836,0.746567,0.756381,0.749323,0.789849,0.781500,0.785672,0.786017,0.829747,0.774205,0.803104,0.765831,0.800741,0.763427,0.800890,0.778009,0.757349,0.737553,0.748672,0.779278,0.773244,0.784648,0.828407,0.758151,0.828084,0.789802,0.793332,0.750714,0.756220,0.765030,0.806747,0.755954,0.736084,0.753391,0.753864,0.795945,0.739383,0.741346,0.780915,0.775035,0.772683,0.782320,0.795986,0.753189,0.789564,0.771724,0.770219,0.733726,0.786815,0.761667,0.759613,0.747460,0.779311,0.748301,0.783676,0.750440,0.756214,0.768900,0.769321,0.786978,0.753862,0.717895,0.792171,0.765436,0.736516,0.826699,0.755912,0.767580,0.764050,0.781065,0.827466,0.804871,0.787354,0.815980,0.790372,0.774685,0.777919,0.791392,0.752963,0.779468,0.795103,0.743830,0.771058,0.770511,0.742984,0.761667,0.775023,0.741054,0.759874,0.700621,0.790877,0.772329,0.755980,0.801769,0.754400,0.771877,0.811580,0.764262,0.826617,0.781781,0.775855,0.769412,0.782820,0.785582,0.788053,0.769659,0.814785,0.775595,0.750619,0.785399,0.729255,0.743122,0.752765,0.796408,0.786748,0.770833,0.824536,0.746500,0.770348,0.819528,0.773728,0.762293,0.769741,0.799969,0.791278,0.794172,0.752342,0.754812,0.758480,0.768399,0.775172,0.782603,0.770392,0.780589,0.733572,0.797519,0.790630,0.767148,0.753708,0.760753,0.770580,0.733320,#
20,0.775034,0.835927,0.763923,0.774734,0.764510,0.773573,0.779643,0.788769,0.792823,0.793344,0.771316,0.767219,0.786232,0.776481,0.732798,0.747100,0.818654,0.766946,0.783226,0.786792,1.000000,0.775302,0.740837,0.796327,0.774745,0.791934,0.757294,0.792817,0.755015,0.758977,0.789466,0.787729,0.791467,0.804924,0.765317,0.808338,0.755658,0.765799,0.771909,0.815834,0.790529,0.799355,0.729988,0.747698,0.794075,0.746620,0.818287,0.772751,0.793993,0.804422,0.772395,0.788373,0.759592,0.776954,0.798359,0.761812,0.705137,0.778245,0.781521,0.759541,0.785169,0.772410,0.801775,0.758193,0.781274,0.812818,0.835453,0.765453,0.796550,0.761240,0.787167,0.788012,0.806062,0.777132,0.757754,0.722671,0.775452,0.787947,0.810212,0.806053,0.791630,0.796311,0.821294,0.785663,0.757592,0.775450,0.768656,0.774569,0.795526,0.807805,0.765252,0.774021,0.762428,0.795486,0.772754,0.773788,0.748292,0.736147,0.767809,0.770254,0.828063,0.774497,0.780152,0.813576,0.780343,0.760725,0.803183,0.786222,0.776104,0.817272,0.755939,0.786001,0.777756,0.721387,0.774953,0.785111,0.768112,0.793431,0.692551,0.711421,0.787123,0.788056,0.736600,0.824321,0.748463,0.775994,0.754266,0.743294,0.781990,0.781009,0.777002,0.790225,0.803938,0.782074,0.792743,0.775239,0.743062,0.814762,0.795969,0.786055,0.774309,0.750199,0.752323,0.781897,0.789483,0.745897,0.784676,0.749797,0.749425,0.784900,0.772717,0.796943,0.764566,0.771170,0.790766,0.778361,0.789977,0.805253,0.771992,0.773001,0.784634,0.786261,0.793528,0.778661,0.812495,0.749858,0.755278,0.774237,0.736845,0.712840,0.783275,0.751629,0.790955,0.771120,0.796196,0.759469,0.747899,0.822153,0.763045,0.788329,0.787491,0.765231,0.769871,0.757679,0.738479,0.784758,0.781888,0.758836,0.773837,0.753523,0.755858,0.788969,0.784722,0.803562,0.797509,0.744334,0.763763,0.797116,0.778568,0.766761,#
21,0.755072,0.841425,0.778830,0.788331,0.756760,0.755046,0.745451,0.751620,0.765234,0.759054,0.755606,0.750459,0.737203,0.756967,0.738961,0.758787,0.715689,0.769512,0.786686,0.750262,0.775302,1.000000,0.760614,0.770031,0.720197,0.733298,0.779433,0.727258,0.762743,0.739093,0.749458,0.751229,0.767697,0.790604,0.780708,0.810915,0.752760,0.775022,0.766058,0.752852,0.763588,0.774290,0.741221,0.740202,0.771961,0.761705,0.778126,0.778483,0.788031,0.780700,0.735202,0.764259,0.758235,0.723811,0.797349,0.766010,0.736742,0.745779,0.810684,0.735187,0.762992,0.769480,0.719570,0.725665,0.779637,0.771158,0.805336,0.755535,0.756217,0.774913,0.749512,0.790668,0.787500,0.773421,0.799029,0.770723,0.750479,0.777174,0.761542,0.778429,0.757314,0.739648,0.809317,0.784054,0.806736,0.766986,0.706670,0.781864,0.788185,0.763523,0.714012,0.709071,0.779857,0.791372,0.760507,0.759908,0.763293,0.726899,0.747217,0.770300,0.781860,0.761103,0.726326,0.755625,0.726182,0.785817,0.726337,0.784937,0.734999,0.790769,0.779393,0.730645,0.758046,0.759157,0.704469,0.725264,0.744737,0.806215,0.731683,0.743842,0.773672,0.748194,0.707233,0.770940,0.739762,0.717023,0.764463,0.755183,0.768627,0.783307,0.762198,0.781580,0.743270,0.739494,0.793318,0.734173,0.712762,0.726997,0.770529,0.776869,0.757784,0.747443,0.709213,0.767594,0.752338,0.758419,0.741697,0.711146,0.732064,0.755513,0.753225,0.788811,0.738109,0.755657,0.750136,0.753160,0.793849,0.752879,0.734197,0.751331,0.747778,0.783431,0.781251,0.767776,0.787166,0.755868,0.772610,0.740278,0.682675,0.740357,0.785590,0.721389,0.757300,0.725980,0.762424,0.749347,0.697162,0.781702,0.754642,0.765793,0.751758,0.793452,0.756330,0.741949,0.736740,0.783403,0.763557,0.693742,0.707180,0.748682,0.742438,0.754319,0.757246,0.745625,0.783241,0.705336,0.749626,0.789502,0.719954,0.780577,#
