0,1.000000,0.554170,0.565375,0.554221,0.453967,0.573903,0.531583,0.544008,0.521020,0.530607,0.514989,0.576473,0.549074,0.472248,0.558809,0.484690,0.555662,0.580331,0.538122,0.529797,0.523502,0.501303,0.546284,0.571010,0.548831,0.544442,0.604433,0.535402,0.460886,0.503936,0.549317,0.460964,0.513920,0.457159,0.593994,0.529788,0.583868,0.577297,0.553332,0.625617,0.531710,0.540481,0.578704,0.600157,0.494682,0.499450,0.606464,0.572286,0.526975,0.630081,0.582024,0.463568,0.579261,0.572956,0.495606,0.605251,0.543576,0.566626,0.547906,0.579252,0.594159,0.478979,0.544302,0.541075,0.547375,0.583001,0.556013,0.640760,0.540873,0.509719,0.600891,0.546888,0.646586,0.502369,0.566427,0.543359,0.524660,0.556507,0.549595,0.552176,0.683758,0.580029,0.525900,0.559892,0.507096,0.609583,0.548877,0.449429,0.466885,0.578097,0.522038,0.532207,0.442123,0.569367,0.498613,0.583192,0.485630,0.488173,0.565887,0.571373,0.500201,0.534011,0.472118,0.552574,0.570050,0.422115,0.453055,0.569201,0.560609,0.575868,0.604090,0.490274,0.585779,0.450064,0.516420,0.648001,0.489647,0.497895,0.537330,0.522232,0.453664,0.636174,0.541278,0.600964,0.545902,0.548316,0.519087,0.532360,0.496296,0.496255,0.527346,0.531458,0.537769,0.519538,0.505399,0.492600,0.513537,0.603770,0.546859,0.532067,0.477849,0.531774,0.428214,0.579396,0.598231,0.524168,0.551462,0.450622,0.579490,0.548859,0.552831,0.442556,0.564112,0.467537,0.516980,0.471062,0.494911,0.571579,0.552487,0.564576,0.584503,0.632654,0.505911,0.515842,0.580400,0.615799,0.569617,0.454136,0.556458,0.586699,0.572507,0.504704,0.585749,0.582350,0.634722,0.412422,0.485991,0.550693,0.609208,0.557346,0.508832,0.598007,0.451937,0.456481,0.508526,0.526035,0.531353,0.530495,0.502206,0.589868,0.529935,0.549527,0.561219,0.510144,0.537422,0.505453,0.501226,0.554392,0.582764,0.589211,#
1,0.554170,1.000000,0.563881,0.608124,0.465031,0.606490,0.519851,0.493763,0.493088,0.505153,0.557876,0.490991,0.547438,0.536307,0.504235,0.507099,0.537375,0.502745,0.539909,0.508755,0.600387,0.644017,0.575944,0.630900,0.538934,0.443372,0.553051,0.532256,0.450942,0.434787,0.577322,0.566223,0.548028,0.516639,0.572973,0.607779,0.458765,0.587793,0.518184,0.557226,0.514884,0.488769,0.488305,0.587083,0.494869,0.582262,0.628265,0.560709,0.536048,0.618604,0.514305,0.514319,0.607006,0.528276,0.532118,0.576536,0.495333,0.547687,0.604476,0.535860,0.466763,0.524327,0.482046,0.428239,0.506573,0.512280,0.600165,0.594815,0.624133,0.575880,0.541299,0.582882,0.678756,0.461313,0.490219,0.521024,0.501421,0.568381,0.570785,0.514039,0.601060,0.591439,0.628727,0.526168,0.544355,0.518953,0.539449,0.458841,0.560684,0.565976,0.548088,0.501234,0.511081,0.560893,0.450018,0.495523,0.559056,0.474986,0.517170,0.589032,0.529612,0.592152,0.493734,0.582806,0.542828,0.460820,0.463279,0.574842,0.505200,0.484703,0.584651,0.558746,0.550306,0.454299,0.524857,0.533117,0.564169,0.626846,0.511145,0.503969,0.516153,0.582889,0.448582,0.592893,0.434233,0.488387,0.559147,0.521795,0.547949,0.586237,0.486558,0.571806,0.485716,0.584981,0.510347,0.491478,0.461444,0.457267,0.564215,0.492671,0.521446,0.465424,0.427655,0.500925,0.480728,0.531323,0.573062,0.446011,0.501712,0.543695,0.555551,0.550231,0.510381,0.534340,0.540333,0.445986,0.484752,0.576887,0.485762,0.519996,0.471005,0.579826,0.587002,0.566908,0.532850,0.527999,0.526772,0.548548,0.384211,0.548323,0.598142,0.414524,0.585331,0.565568,0.589691,0.420077,0.484129,0.585564,0.544618,0.554893,0.484621,0.506682,0.479907,0.425401,0.460265,0.575098,0.527798,0.435737,0.491620,0.491795,0.509050,0.490828,0.500847,0.573891,0.587029,0.508346,0.540502,0.523096,0.532113,0.567010,#
2,0.565375,0.563881,1.000000,0.533729,0.370475,0.589178,0.528062,0.528403,0.472718,0.509405,0.571913,0.483328,0.481602,0.469577,0.511261,0.477189,0.527536,0.572410,0.501623,0.552240,0.500957,0.578355,0.459785,0.538121,0.536157,0.479071,0.587793,0.522733,0.518882,0.481039,0.608925,0.503330,0.557567,0.526404,0.566774,0.561065,0.584655,0.538648,0.556099,0.583496,0.593866,0.553791,0.520086,0.493855,0.456243,0.553365,0.639785,0.503667,0.524768,0.673830,0.493855,0.467334,0.536542,0.545119,0.612802,0.545597,0.562363,0.548134,0.500695,0.534967,0.550051,0.577483,0.553070,0.555145,0.505258,0.484662,0.669713,0.500286,0.614484,0.577285,0.574190,0.571895,0.627071,0.537269,0.545052,0.564208,0.550536,0.623111,0.550351,0.630070,0.597989,0.600279,0.594105,0.564911,0.569278,0.601742,0.580211,0.595939,0.553446,0.519931,0.589981,0.584913,0.523192,0.518603,0.545482,0.561663,0.521856,0.520495,0.612970,0.524871,0.520635,0.472728,0.438896,0.558103,0.546186,0.568077,0.543560,0.520499,0.620172,0.551078,0.576468,0.475983,0.593943,0.444219,0.513519,0.513299,0.486814,0.540356,0.547685,0.503084,0.485705,0.597346,0.495539,0.535953,0.508963,0.556648,0.504844,0.542679,0.521859,0.587602,0.551380,0.653506,0.614858,0.603211,0.511157,0.515352,0.423098,0.501091,0.514789,0.466911,0.519767,0.466022,0.470609,0.508153,0.520431,0.627588,0.574329,0.522387,0.535225,0.493351,0.568905,0.495631,0.524746,0.546360,0.501218,0.534285,0.491555,0.507755,0.457740,0.497697,0.495038,0.419872,0.517669,0.534300,0.498028,0.603886,0.603111,0.488668,0.422914,0.524855,0.564429,0.462854,0.535721,0.498883,0.562179,0.455499,0.531060,0.553502,0.550202,0.525418,0.546538,0.602916,0.551350,0.579334,0.468045,0.485090,0.505571,0.524602,0.532378,0.521367,0.521891,0.550372,0.529388,0.555192,0.540300,0.593221,0.553743,0.591900,0.539461,0.546003,#
3,0.554221,0.608124,0.533729,1.000000,0.513540,0.551616,0.429879,0.485107,0.494136,0.511262,0.454611,0.501990,0.537030,0.488329,0.511932,0.450767,0.536200,0.483398,0.475690,0.486290,0.536285,0.588597,0.518865,0.484224,0.587632,0.546937,0.530796,0.539506,0.468487,0.429613,0.548239,0.548730,0.517434,0.527836,0.522514,0.495052,0.473726,0.563463,0.438932,0.591465,0.513656,0.509258,0.491624,0.498361,0.481205,0.555961,0.586624,0.543810,0.564782,0.565938,0.514668,0.444052,0.541367,0.467824,0.565672,0.515026,0.435784,0.490609,0.618485,0.551109,0.493884,0.501532,0.438826,0.510683,0.536850,0.553384,0.538063,0.527865,0.504368,0.537323,0.480815,0.518568,0.624922,0.504889,0.476110,0.504717,0.498567,0.509080,0.544064,0.581819,0.590111,0.496987,0.554022,0.548823,0.498916,0.537524,0.516679,0.494696,0.489412,0.524457,0.436005,0.512713,0.538414,0.517827,0.520894,0.543442,0.486039,0.454083,0.460897,0.566846,0.475479,0.503834,0.406985,0.481384,0.497179,0.457167,0.515017,0.551613,0.455110,0.495187,0.485575,0.534632,0.526852,0.468645,0.513739,0.579776,0.527453,0.519363,0.512799,0.466964,0.433883,0.482482,0.441408,0.560048,0.462010,0.517195,0.545871,0.512289,0.487124,0.526895,0.462924,0.561624,0.513522,0.551594,0.540445,0.500985,0.487715,0.462394,0.507761,0.479524,0.477475,0.453865,0.418527,0.467662,0.433976,0.566227,0.494433,0.484283,0.484805,0.415882,0.496287,0.452284,0.479725,0.493655,0.470315,0.445637,0.503938,0.539628,0.424353,0.558548,0.580455,0.591382,0.494339,0.606883,0.525477,0.551488,0.458868,0.439767,0.429026,0.524674,0.498420,0.461416,0.501956,0.520504,0.499522,0.456470,0.442854,0.494867,0.583756,0.513695,0.480976,0.568706,0.470951,0.486261,0.430602,0.527359,0.435432,0.400640,0.554672,0.550401,0.445212,0.484652,0.492451,0.453605,0.533694,0.492375,0.566926,0.537695,0.487118,0.563888,#
4,0.453967,0.465031,0.370475,0.513540,1.000000,0.527292,0.483259,0.394159,0.356880,0.442225,0.436430,0.445987,0.358158,0.411163,0.409666,0.435717,0.410409,0.463612,0.362268,0.466458,0.458494,0.494380,0.463474,0.522519,0.468039,0.367999,0.413381,0.445282,0.404515,0.388672,0.558565,0.416678,0.426153,0.370051,0.477234,0.478589,0.401923,0.474095,0.399207,0.567552,0.375944,0.413257,0.445741,0.481321,0.458892,0.423488,0.552291,0.436001,0.439051,0.497588,0.507802,0.381666,0.469949,0.316301,0.450088,0.487154,0.393908,0.459939,0.546883,0.472014,0.359517,0.457130,0.456114,0.399988,0.524890,0.570493,0.497139,0.446172,0.434055,0.430998,0.496725,0.479318,0.451268,0.396782,0.394998,0.479939,0.436383,0.460453,0.492684,0.444970,0.422582,0.460099,0.483685,0.388112,0.474037,0.408192,0.412279,0.417705,0.468985,0.526782,0.422853,0.357407,0.377925,0.450710,0.404706,0.456023,0.476771,0.349053,0.384952,0.414033,0.439750,0.549500,0.383126,0.462214,0.444911,0.310616,0.455160,0.421103,0.433332,0.488493,0.355699,0.464609,0.515740,0.504825,0.407246,0.451490,0.394758,0.568204,0.393367,0.383414,0.380980,0.433305,0.448306,0.470702,0.411124,0.471042,0.462768,0.379919,0.520677,0.479733,0.517809,0.465460,0.410845,0.444823,0.467109,0.435585,0.433226,0.469037,0.420552,0.397021,0.356150,0.493095,0.424850,0.462327,0.387941,0.448672,0.456544,0.341268,0.423759,0.443929,0.451488,0.509637,0.383423,0.342843,0.481203,0.390138,0.489747,0.501598,0.469557,0.427293,0.359374,0.506864,0.477490,0.474056,0.485883,0.464703,0.435492,0.380744,0.341018,0.451017,0.392547,0.434899,0.457222,0.450678,0.490562,0.366777,0.435722,0.489257,0.492595,0.515677,0.505215,0.459414,0.453847,0.386668,0.467396,0.501506,0.426405,0.469217,0.425065,0.458913,0.430020,0.328489,0.452939,0.443550,0.459609,0.313882,0.404780,0.479736,0.481812,0.442698,#
5,0.573903,0.606490,0.589178,0.551616,0.527292,1.000000,0.515804,0.498264,0.494758,0.507351,0.475422,0.479268,0.483770,0.490976,0.498642,0.480463,0.519145,0.522203,0.527273,0.593643,0.496967,0.506999,0.497372,0.538684,0.594649,0.565400,0.575060,0.556425,0.461586,0.498666,0.552350,0.501160,0.504490,0.559216,0.564161,0.559115,0.527624,0.516267,0.441047,0.593443,0.487837,0.508248,0.514349,0.535338,0.483603,0.519957,0.549886,0.593904,0.504457,0.606218,0.557959,0.419668,0.525732,0.461933,0.568431,0.633167,0.481343,0.499251,0.582868,0.546248,0.461176,0.483921,0.520043,0.514332,0.499126,0.524661,0.541499,0.523831,0.554899,0.568627,0.594875,0.558698,0.596655,0.472923,0.538008,0.510008,0.438584,0.586304,0.516349,0.506298,0.580464,0.520846,0.541456,0.500151,0.497332,0.493721,0.486164,0.453852,0.559052,0.484118,0.582461,0.492151,0.420950,0.574582,0.447617,0.422659,0.591767,0.509250,0.570439,0.470852,0.537574,0.522119,0.549310,0.567138,0.513962,0.430242,0.526037,0.553099,0.468703,0.538309,0.493708,0.505970,0.577443,0.438757,0.413504,0.484114,0.594028,0.599672,0.499141,0.498756,0.421652,0.562557,0.473264,0.583941,0.466870,0.540622,0.613372,0.454767,0.540272,0.495405,0.513550,0.598000,0.550407,0.554145,0.499787,0.415948,0.421399,0.511551,0.476973,0.466320,0.463420,0.422095,0.486780,0.502814,0.603038,0.548445,0.513969,0.524533,0.532316,0.555908,0.595069,0.513526,0.590150,0.492924,0.545414,0.462930,0.515186,0.497951,0.486108,0.485121,0.486715,0.584168,0.536402,0.524857,0.544254,0.521712,0.431055,0.519913,0.445966,0.523788,0.570541,0.519413,0.532622,0.522054,0.519826,0.470736,0.528860,0.543539,0.600523,0.596171,0.534142,0.504699,0.413997,0.453445,0.470967,0.539537,0.504622,0.546874,0.564505,0.566251,0.475082,0.548134,0.471675,0.567552,0.512322,0.477770,0.478136,0.591922,0.524685,0.568427,#
6,0.531583,0.519851,0.528062,0.429879,0.483259,0.515804,1.000000,0.441490,0.493576,0.563460,0.568886,0.537156,0.500488,0.511832,0.389125,0.647996,0.598898,0.599855,0.503261,0.476297,0.510123,0.520028,0.431999,0.516386,0.599567,0.538592,0.536852,0.512397,0.481453,0.467190,0.576588,0.549666,0.567563,0.524438,0.473038,0.533278,0.557836,0.539016,0.452886,0.540812,0.572663,0.535767,0.569007,0.589164,0.456009,0.467972,0.595735,0.591199,0.543548,0.638602,0.478811,0.429859,0.515400,0.395865,0.504363,0.510954,0.505206,0.564573,0.581657,0.471765,0.523079,0.578928,0.530300,0.442948,0.582177,0.533757,0.610285,0.568929,0.606858,0.482937,0.597593,0.624810,0.541055,0.483471,0.532983,0.495152,0.591290,0.647232,0.614255,0.549332,0.577071,0.559093,0.522281,0.607641,0.523717,0.457044,0.537154,0.500249,0.540566,0.532596,0.516612,0.507022,0.438451,0.567742,0.471947,0.530263,0.582165,0.468903,0.459639,0.488699,0.525567,0.554329,0.503525,0.552614,0.582510,0.416598,0.589771,0.563599,0.611857,0.500557,0.474824,0.490194,0.588741,0.522055,0.508249,0.566160,0.443668,0.560320,0.420104,0.537993,0.420809,0.563399,0.413135,0.548561,0.507709,0.469584,0.455197,0.477364,0.506054,0.511496,0.576472,0.557584,0.505375,0.518736,0.530760,0.458491,0.512994,0.472592,0.556625,0.574988,0.547055,0.475214,0.443884,0.514827,0.525097,0.563239,0.548000,0.526746,0.496117,0.519215,0.530364,0.555204,0.444000,0.469123,0.498292,0.441516,0.485274,0.452730,0.427836,0.570941,0.463139,0.488390,0.509765,0.514606,0.508577,0.583228,0.583164,0.418907,0.474013,0.549718,0.503601,0.559360,0.447935,0.461235,0.577727,0.551538,0.480156,0.548920,0.585495,0.535479,0.538714,0.505242,0.541833,0.473064,0.467411,0.498290,0.560925,0.496814,0.480035,0.531285,0.513557,0.532962,0.492388,0.525910,0.549947,0.565323,0.541335,0.534291,0.548056,0.548766,#
7,0.544008,0.493763,0.528403,0.485107,0.394159,0.498264,0.441490,1.000000,0.524313,0.446952,0.486451,0.400778,0.485040,0.463756,0.494505,0.437206,0.427975,0.543525,0.462662,0.504053,0.519722,0.467640,0.498117,0.483431,0.515215,0.519134,0.459835,0.392192,0.446516,0.466316,0.482715,0.438721,0.485335,0.461200,0.521003,0.543333,0.461068,0.529833,0.518980,0.558091,0.506531,0.517998,0.393214,0.485033,0.438368,0.477994,0.574234,0.567269,0.567000,0.539984,0.461252,0.471339,0.548782,0.455770,0.508020,0.476902,0.502752,0.465041,0.567930,0.584180,0.409464,0.504118,0.515409,0.470530,0.529807,0.521976,0.558829,0.485456,0.479228,0.384189,0.565291,0.454377,0.549389,0.499827,0.436143,0.462083,0.486639,0.501814,0.464255,0.458745,0.595462,0.491991,0.555872,0.499268,0.506728,0.516236,0.484944,0.478241,0.466288,0.521568,0.523233,0.495885,0.453211,0.488764,0.507674,0.527593,0.512698,0.553109,0.538372,0.474845,0.496531,0.447983,0.362012,0.430377,0.516914,0.418964,0.443744,0.531181,0.516746,0.431990,0.573059,0.443942,0.547595,0.412793,0.531182,0.503749,0.405204,0.462958,0.460169,0.539017,0.457399,0.501986,0.477905,0.476622,0.487306,0.509029,0.428354,0.487552,0.414956,0.527201,0.477096,0.566603,0.518309,0.417295,0.470926,0.510674,0.391991,0.557132,0.465950,0.436186,0.427399,0.422698,0.418906,0.464046,0.530227,0.514982,0.530316,0.413307,0.430872,0.497372,0.409740,0.503596,0.466406,0.452931,0.472761,0.514737,0.504140,0.524939,0.462945,0.456377,0.483033,0.452182,0.524024,0.463273,0.482584,0.521496,0.508920,0.401556,0.373646,0.445523,0.549408,0.469424,0.504553,0.565853,0.541087,0.374939,0.444784,0.434676,0.529105,0.545104,0.469231,0.508342,0.440010,0.465160,0.477687,0.493855,0.535629,0.413771,0.493808,0.517429,0.480342,0.474309,0.446834,0.445430,0.512103,0.453073,0.446736,0.567681,0.559415,0.474585,#
8,0.521020,0.493088,0.472718,0.494136,0.356880,0.494758,0.493576,0.524313,1.000000,0.466609,0.462784,0.524972,0.489403,0.504295,0.466040,0.510423,0.446384,0.492912,0.390191,0.517137,0.497127,0.514781,0.438744,0.521057,0.566720,0.469672,0.483469,0.389414,0.425389,0.456029,0.522585,0.479907,0.495545,0.442125,0.469292,0.651555,0.481216,0.525765,0.459344,0.496764,0.447392,0.413136,0.568546,0.543180,0.453936,0.415270,0.529011,0.488306,0.531059,0.558153,0.472996,0.449148,0.529022,0.453588,0.446680,0.508692,0.490779,0.464897,0.498814,0.455460,0.475869,0.525749,0.541082,0.521803,0.520581,0.532200,0.557237,0.550894,0.576194,0.445697,0.541335,0.541313,0.608732,0.442075,0.490780,0.450939,0.455797,0.534400,0.503883,0.499079,0.555603,0.504971,0.485868,0.488575,0.464224,0.447906,0.515225,0.504436,0.433303,0.402952,0.542407,0.505629,0.398168,0.449247,0.398022,0.472359,0.566123,0.538330,0.574208,0.525353,0.456102,0.396218,0.509945,0.547123,0.401170,0.466815,0.486968,0.479576,0.430032,0.551937,0.441049,0.456028,0.530477,0.403944,0.412315,0.524027,0.486641,0.464740,0.448846,0.518817,0.412243,0.484624,0.462007,0.552629,0.451593,0.487599,0.395804,0.441991,0.521495,0.547059,0.424106,0.586529,0.491559,0.432914,0.402977,0.516113,0.424365,0.453420,0.497583,0.438622,0.465975,0.403634,0.448030,0.351543,0.520269,0.463810,0.461405,0.510737,0.454873,0.517272,0.454148,0.533708,0.440587,0.577981,0.457133,0.409454,0.475019,0.553668,0.533637,0.443000,0.499999,0.443088,0.473357,0.441313,0.444013,0.500887,0.438759,0.499893,0.453447,0.429654,0.464033,0.497887,0.389610,0.494433,0.559160,0.397024,0.447931,0.488998,0.522726,0.494990,0.485962,0.512486,0.475406,0.419135,0.426236,0.399686,0.577608,0.423131,0.445302,0.539463,0.558930,0.506637,0.488543,0.509542,0.485278,0.403795,0.394648,0.497369,0.477606,0.601185,#
9,0.530607,0.505153,0.509405,0.511262,0.442225,0.507351,0.563460,0.446952,0.466609,1.000000,0.540178,0.465934,0.509244,0.503607,0.511346,0.481078,0.498458,0.562641,0.420449,0.441082,0.546925,0.491198,0.440194,0.518008,0.528535,0.442742,0.499693,0.539476,0.407370,0.490953,0.504224,0.496509,0.493380,0.475375,0.486470,0.506019,0.524854,0.490273,0.464849,0.564249,0.488574,0.518825,0.465447,0.494387,0.462292,0.490365,0.528653,0.534606,0.579197,0.591461,0.524294,0.375281,0.427367,0.412246,0.457328,0.503764,0.554224,0.572200,0.451753,0.541537,0.454161,0.512597,0.513612,0.418490,0.454983,0.535880,0.561927,0.529607,0.570894,0.454098,0.525610,0.537422,0.539942,0.459818,0.491937,0.514828,0.544029,0.608560,0.507449,0.560792,0.564001,0.553574,0.524207,0.592785,0.498430,0.501878,0.557346,0.531175,0.546922,0.573326,0.517716,0.429892,0.487400,0.470542,0.536416,0.479439,0.461183,0.456291,0.492422,0.517675,0.580982,0.554893,0.454473,0.540544,0.532101,0.396491,0.455925,0.592384,0.526705,0.543533,0.512922,0.544885,0.514318,0.471298,0.494475,0.586576,0.386338,0.550229,0.483254,0.537006,0.304975,0.542970,0.453267,0.515082,0.507389,0.477033,0.478478,0.472283,0.484781,0.465772,0.462669,0.539531,0.518976,0.479918,0.507558,0.415686,0.439535,0.487168,0.495816,0.486054,0.548364,0.514488,0.501374,0.552505,0.554306,0.622350,0.500124,0.502055,0.511319,0.484666,0.504778,0.504422,0.489970,0.497539,0.438195,0.443899,0.448356,0.572149,0.527128,0.552270,0.495887,0.511759,0.553217,0.520297,0.508347,0.567211,0.444541,0.503420,0.522009,0.514525,0.530808,0.487913,0.506415,0.421841,0.514350,0.538859,0.510660,0.546145,0.480835,0.561180,0.533046,0.540882,0.549290,0.392614,0.493493,0.508917,0.527986,0.506883,0.495776,0.473165,0.434484,0.468746,0.479982,0.456450,0.456724,0.502416,0.537829,0.537337,0.514272,0.486173,#
10,0.514989,0.557876,0.571913,0.454611,0.436430,0.475422,0.568886,0.486451,0.462784,0.540178,1.000000,0.517056,0.522067,0.512273,0.434674,0.529009,0.529282,0.523135,0.553129,0.485310,0.497983,0.505121,0.466500,0.586074,0.545796,0.489649,0.520712,0.547287,0.514405,0.474244,0.537617,0.450278,0.497404,0.526801,0.491553,0.548102,0.567824,0.526244,0.464867,0.512612,0.568113,0.466513,0.526268,0.486726,0.463397,0.527317,0.646129,0.545037,0.527464,0.620232,0.494348,0.513404,0.538353,0.427600,0.493998,0.577414,0.539682,0.622834,0.497255,0.561365,0.519737,0.551459,0.590741,0.527676,0.521747,0.479958,0.598413,0.526511,0.573197,0.446787,0.649815,0.602093,0.586708,0.399909,0.548306,0.581430,0.495827,0.580190,0.589032,0.470578,0.605211,0.497919,0.540876,0.517268,0.522254,0.493089,0.557760,0.469960,0.545403,0.624620,0.470098,0.549613,0.525998,0.446698,0.445783,0.537194,0.512334,0.562110,0.492152,0.517296,0.513014,0.481655,0.467819,0.572001,0.535338,0.495049,0.558602,0.492508,0.512789,0.551988,0.558853,0.464888,0.599809,0.511392,0.497942,0.561775,0.462686,0.551585,0.451288,0.497360,0.488703,0.588806,0.402307,0.523397,0.438138,0.444339,0.543840,0.478615,0.544038,0.575654,0.536838,0.574178,0.505134,0.544001,0.564013,0.568017,0.428845,0.510323,0.590821,0.517162,0.503402,0.494347,0.479234,0.576947,0.519824,0.582005,0.565289,0.522919,0.544270,0.567319,0.453147,0.475687,0.483353,0.480294,0.542689,0.444652,0.541515,0.566492,0.481949,0.478632,0.493598,0.471804,0.495962,0.551585,0.510000,0.543914,0.569256,0.466651,0.501640,0.549888,0.482653,0.599985,0.467824,0.500058,0.595688,0.510319,0.491301,0.512128,0.469227,0.571352,0.456822,0.487192,0.529756,0.459070,0.440754,0.522078,0.550454,0.501008,0.462347,0.532037,0.486963,0.470348,0.481627,0.597203,0.534172,0.472634,0.493763,0.555594,0.549202,0.594302,#
11,0.576473,0.490991,0.483328,0.501990,0.445987,0.479268,0.537156,0.400778,0.524972,0.465934,0.517056,1.000000,0.522305,0.550841,0.539039,0.531264,0.487239,0.533040,0.536223,0.507029,0.492495,0.526011,0.520341,0.557163,0.536073,0.493854,0.500920,0.485769,0.467282,0.407045,0.593896,0.548343,0.567230,0.545208,0.464422,0.556150,0.557312,0.593836,0.476336,0.512613,0.529078,0.442192,0.532315,0.502267,0.469606,0.402295,0.614391,0.547685,0.559717,0.593785,0.444389,0.401965,0.572036,0.477634,0.499139,0.522536,0.472905,0.584068,0.549956,0.627350,0.443381,0.501800,0.587490,0.474850,0.530178,0.467761,0.594992,0.607451,0.545461,0.544145,0.499276,0.522444,0.601121,0.473281,0.636883,0.568102,0.567946,0.581400,0.544590,0.461682,0.519139,0.499397,0.594941,0.534997,0.524298,0.479509,0.505100,0.508751,0.505927,0.484845,0.524548,0.488615,0.431064,0.537299,0.399625,0.524889,0.496180,0.504854,0.536560,0.530803,0.488208,0.543279,0.531308,0.525933,0.531362,0.435369,0.524262,0.521911,0.531533,0.527703,0.530708,0.571877,0.568592,0.468250,0.447396,0.521626,0.495116,0.515842,0.461351,0.550644,0.419291,0.489535,0.475086,0.635529,0.489841,0.441819,0.512428,0.524734,0.593791,0.553809,0.559960,0.526528,0.579764,0.526773,0.521969,0.554923,0.494019,0.546424,0.526010,0.543117,0.470457,0.391081,0.528267,0.553732,0.514434,0.525153,0.521687,0.453585,0.460720,0.458628,0.525831,0.458039,0.494754,0.591508,0.477008,0.435586,0.536916,0.504400,0.487319,0.527821,0.538132,0.538981,0.531122,0.538093,0.598459,0.575433,0.565546,0.495347,0.468188,0.552030,0.568993,0.491272,0.546110,0.569296,0.546660,0.463016,0.484007,0.457312,0.541896,0.545191,0.481513,0.517756,0.548855,0.411199,0.474267,0.429500,0.529973,0.497881,0.432283,0.491025,0.553371,0.548667,0.551698,0.490759,0.518703,0.475212,0.483504,0.562652,0.560036,0.525507,#
12,0.549074,0.547438,0.481602,0.537030,0.358158,0.483770,0.500488,0.485040,0.489403,0.509244,0.522067,0.522305,1.000000,0.505751,0.481379,0.467059,0.441025,0.481234,0.533164,0.427000,0.476735,0.466978,0.506674,0.533919,0.576498,0.495332,0.498323,0.491946,0.450699,0.414567,0.518256,0.421506,0.485695,0.540720,0.540539,0.546293,0.497807,0.517483,0.463096,0.495942,0.424162,0.402785,0.489213,0.537384,0.520675,0.492941,0.651750,0.532276,0.545045,0.634697,0.539366,0.349838,0.496637,0.506243,0.533484,0.525626,0.492437,0.437069,0.544407,0.496397,0.426913,0.549313,0.546891,0.456267,0.512156,0.504165,0.505518,0.525222,0.594588,0.520092,0.530555,0.556118,0.594436,0.489101,0.527303,0.518622,0.485300,0.595689,0.537083,0.560063,0.598655,0.540807,0.550112,0.476845,0.501034,0.524416,0.443713,0.505664,0.457746,0.493300,0.588858,0.455121,0.517836,0.505717,0.402359,0.549790,0.550933,0.397680,0.443736,0.457543,0.472864,0.508893,0.478555,0.498559,0.456786,0.430543,0.447431,0.531627,0.511108,0.495078,0.537829,0.533345,0.557635,0.412566,0.554849,0.553906,0.356586,0.463381,0.515830,0.540547,0.424084,0.572749,0.435545,0.581311,0.476980,0.547164,0.488700,0.466275,0.456392,0.515809,0.350897,0.465218,0.491130,0.475372,0.428345,0.434811,0.401592,0.465936,0.514552,0.419747,0.511937,0.408097,0.390170,0.531269,0.393673,0.526215,0.523351,0.475126,0.490418,0.540269,0.518151,0.401098,0.494014,0.446129,0.479545,0.516434,0.538178,0.634214,0.560272,0.461183,0.501109,0.545895,0.519639,0.469441,0.559016,0.474924,0.480499,0.550296,0.435660,0.519131,0.557752,0.403864,0.552539,0.473827,0.531025,0.423801,0.541579,0.521748,0.391653,0.457312,0.453119,0.560511,0.472331,0.376593,0.389318,0.462386,0.491585,0.469222,0.509821,0.480279,0.462593,0.448102,0.428008,0.443677,0.459428,0.522772,0.471233,0.527948,0.551599,0.510605,#
13,0.472248,0.536307,0.469577,0.488329,0.411163,0.490976,0.511832,0.463756,0.504295,0.503607,0.512273,0.550841,0.505751,1.000000,0.494780,0.438432,0.407919,0.540290,0.520556,0.480088,0.533632,0.471372,0.545357,0.512909,0.530540,0.523944,0.456991,0.518381,0.469521,0.517337,0.467911,0.462176,0.516533,0.524718,0.381175,0.507154,0.524603,0.573257,0.421663,0.548988,0.624325,0.498913,0.542782,0.479557,0.516307,0.562099,0.537932,0.539147,0.577093,0.576806,0.498927,0.485276,0.482821,0.440087,0.507526,0.545483,0.568886,0.571177,0.589197,0.574682,0.453798,0.553819,0.505613,0.458598,0.558663,0.551558,0.586249,0.613716,0.595442,0.480733,0.500003,0.532945,0.611643,0.520746,0.503263,0.517517,0.541017,0.560860,0.567471,0.515879,0.563306,0.531094,0.532195,0.601659,0.452800,0.562218,0.476386,0.496556,0.616006,0.489319,0.481919,0.584701,0.477955,0.528938,0.425274,0.473141,0.511499,0.459979,0.513113,0.535946,0.480983,0.511308,0.562955,0.539174,0.543877,0.478537,0.479740,0.557287,0.493349,0.502773,0.479941,0.517466,0.568177,0.456939,0.535967,0.553245,0.446458,0.531869,0.477999,0.483155,0.491118,0.504411,0.505913,0.504360,0.447422,0.496872,0.512402,0.474005,0.516523,0.536775,0.498060,0.438996,0.484633,0.555363,0.497688,0.510632,0.492202,0.537797,0.596222,0.465113,0.505030,0.478739,0.485822,0.494242,0.471089,0.527201,0.548298,0.467098,0.525190,0.479849,0.512287,0.467040,0.481490,0.506317,0.455152,0.403753,0.530071,0.491211,0.496877,0.492440,0.526493,0.521498,0.536136,0.526195,0.537808,0.523281,0.524251,0.495178,0.450042,0.525672,0.527415,0.514214,0.549238,0.556853,0.605947,0.496141,0.514473,0.481813,0.561604,0.529986,0.503486,0.485854,0.597283,0.446497,0.458070,0.520032,0.465103,0.469395,0.459471,0.533958,0.546647,0.484190,0.514589,0.552374,0.522084,0.484408,0.494892,0.615611,0.540398,0.508015,#
14,0.558809,0.504235,0.511261,0.511932,0.409666,0.498642,0.389125,0.494505,0.466040,0.511346,0.434674,0.539039,0.481379,0.494780,1.000000,0.438675,0.440830,0.511425,0.356603,0.517938,0.438354,0.542458,0.516501,0.592686,0.500625,0.425021,0.492655,0.489820,0.426897,0.413023,0.623703,0.406122,0.484664,0.450321,0.542588,0.521380,0.486408,0.520832,0.522688,0.450744,0.487010,0.469789,0.442213,0.488675,0.431063,0.517830,0.581990,0.446394,0.512750,0.512893,0.440938,0.487891,0.479731,0.429247,0.483666,0.515259,0.516645,0.473295,0.544483,0.439815,0.446457,0.493431,0.528170,0.424026,0.447795,0.430526,0.524270,0.490533,0.544176,0.472948,0.483977,0.459906,0.609348,0.466051,0.531192,0.524604,0.451740,0.501219,0.439941,0.459715,0.529240,0.478249,0.570204,0.532338,0.483306,0.472642,0.446963,0.470951,0.508736,0.471658,0.485938,0.435396,0.477175,0.576255,0.498084,0.448236,0.460600,0.457141,0.481525,0.483115,0.433868,0.515726,0.487276,0.465053,0.471684,0.418595,0.468577,0.409749,0.569560,0.518558,0.466776,0.504212,0.561510,0.421962,0.373735,0.448466,0.360765,0.404763,0.444858,0.529143,0.457441,0.457703,0.461620,0.515455,0.478691,0.391290,0.469308,0.488622,0.422844,0.466028,0.437600,0.561544,0.446939,0.449420,0.485751,0.442505,0.499759,0.479191,0.462436,0.486702,0.490470,0.476967,0.422808,0.588680,0.467630,0.566843,0.546203,0.411470,0.473092,0.447671,0.570234,0.407482,0.497070,0.455649,0.438939,0.421189,0.452678,0.459506,0.431755,0.515655,0.500017,0.477532,0.469756,0.415501,0.564159,0.534075,0.415444,0.458705,0.377232,0.493533,0.479248,0.365677,0.466939,0.492361,0.500237,0.412184,0.405976,0.477834,0.502965,0.539406,0.499363,0.505643,0.502527,0.429871,0.450375,0.493244,0.496597,0.451804,0.474301,0.465841,0.466036,0.481578,0.463435,0.433680,0.399908,0.404389,0.471432,0.534400,0.432108,0.386344,#
15,0.484690,0.507099,0.477189,0.450767,0.435717,0.480463,0.647996,0.437206,0.510423,0.481078,0.529009,0.531264,0.467059,0.438432,0.438675,1.000000,0.520369,0.545462,0.475320,0.464304,0.448468,0.522572,0.420875,0.552555,0.534921,0.491060,0.426594,0.459663,0.461750,0.308351,0.581270,0.502560,0.532485,0.597044,0.449589,0.547078,0.508573,0.548497,0.400390,0.456535,0.450517,0.396133,0.500577,0.521427,0.452495,0.476600,0.597054,0.499186,0.540182,0.574111,0.467637,0.458302,0.461946,0.445418,0.444789,0.513522,0.523148,0.519708,0.495507,0.503501,0.511727,0.518847,0.531757,0.445765,0.503670,0.446601,0.511911,0.562401,0.530729,0.443241,0.528014,0.529267,0.508657,0.448131,0.484707,0.464886,0.468689,0.525842,0.567208,0.472609,0.480403,0.493442,0.526001,0.513120,0.485814,0.469525,0.453855,0.435955,0.474158,0.405388,0.451287,0.524014,0.436468,0.528609,0.355986,0.467804,0.509391,0.486428,0.489699,0.487186,0.477909,0.538927,0.499626,0.534904,0.521676,0.372844,0.484514,0.505346,0.499308,0.512892,0.419685,0.413978,0.585408,0.424750,0.509093,0.494503,0.378327,0.447415,0.405033,0.545086,0.343031,0.578956,0.418294,0.514641,0.453910,0.479165,0.491015,0.472046,0.505127,0.558987,0.553082,0.531512,0.418732,0.412408,0.491776,0.495920,0.500520,0.435694,0.437198,0.521500,0.497755,0.413210,0.452079,0.511016,0.508299,0.534409,0.484282,0.446110,0.481316,0.491885,0.522947,0.577100,0.488431,0.475389,0.483599,0.448997,0.472949,0.459182,0.534221,0.468531,0.432215,0.475152,0.525158,0.556241,0.472915,0.509180,0.474549,0.427198,0.446797,0.549129,0.455560,0.512209,0.429600,0.573749,0.506815,0.506580,0.468955,0.457965,0.535860,0.530227,0.511617,0.481161,0.470418,0.456810,0.494434,0.400496,0.468171,0.415276,0.469135,0.518735,0.428218,0.520688,0.431029,0.493007,0.445740,0.507777,0.459515,0.477934,0.566598,0.498349,#
16,0.555662,0.537375,0.527536,0.536200,0.410409,0.519145,0.598898,0.427975,0.446384,0.498458,0.529282,0.487239,0.441025,0.407919,0.440830,0.520369,1.000000,0.531966,0.580698,0.537190,0.598221,0.379198,0.455005,0.507746,0.515657,0.534941,0.495729,0.463008,0.384394,0.430345,0.598498,0.533192,0.511296,0.422403,0.529217,0.517486,0.549305,0.587629,0.457768,0.558295,0.462216,0.458488,0.487054,0.474457,0.458428,0.505099,0.576084,0.507654,0.491843,0.592382,0.475605,0.448330,0.486460,0.454559,0.483916,0.590576,0.442588,0.529836,0.488176,0.477502,0.504015,0.540850,0.525446,0.441587,0.495866,0.485555,0.570494,0.579809,0.570158,0.513650,0.575797,0.518984,0.553430,0.433167,0.520285,0.470990,0.471738,0.556661,0.488575,0.545885,0.643725,0.510096,0.533031,0.524788,0.490410,0.494068,0.493761,0.412143,0.469899,0.496068,0.371969,0.486639,0.477083,0.447908,0.457470,0.544094,0.466472,0.474954,0.515910,0.511310,0.511999,0.536311,0.489861,0.554111,0.512143,0.394164,0.524397,0.482075,0.633078,0.517648,0.478128,0.479941,0.542321,0.485478,0.500948,0.552224,0.552108,0.500625,0.427377,0.388680,0.311432,0.475882,0.450981,0.514087,0.536327,0.471055,0.490583,0.404914,0.469949,0.447008,0.566671,0.510236,0.518491,0.499965,0.470474,0.545685,0.463889,0.442291,0.496961,0.465785,0.456716,0.474680,0.494640,0.453335,0.446039,0.513788,0.543447,0.491972,0.490961,0.438762,0.488536,0.481194,0.367326,0.473229,0.530906,0.437031,0.415183,0.479875,0.430063,0.482432,0.519238,0.419601,0.565851,0.478677,0.581256,0.559446,0.485129,0.458418,0.460017,0.556724,0.428149,0.514732,0.485377,0.537491,0.508029,0.458599,0.440850,0.574308,0.556461,0.545180,0.514759,0.472627,0.458268,0.471736,0.377136,0.433709,0.506468,0.475937,0.527791,0.513818,0.491792,0.510300,0.497423,0.505500,0.551992,0.571597,0.544871,0.543662,0.500782,0.546958,#
17,0.580331,0.502745,0.572410,0.483398,0.463612,0.522203,0.599855,0.543525,0.492912,0.562641,0.523135,0.533040,0.481234,0.540290,0.511425,0.545462,0.531966,1.000000,0.491788,0.567526,0.522528,0.499475,0.497212,0.481581,0.632545,0.554299,0.510955,0.485077,0.466926,0.469488,0.591632,0.527230,0.480083,0.438190,0.426533,0.463874,0.539102,0.625231,0.519881,0.581625,0.555881,0.514902,0.470412,0.521803,0.459361,0.538829,0.587534,0.568896,0.569612,0.592379,0.502022,0.396694,0.545418,0.424817,0.524298,0.555902,0.532578,0.542093,0.524430,0.550932,0.485383,0.495303,0.608918,0.450550,0.482354,0.516889,0.667388,0.540414,0.541986,0.442543,0.604410,0.529242,0.550721,0.520595,0.572235,0.476673,0.527893,0.627128,0.561163,0.551990,0.594079,0.572899,0.573079,0.607059,0.451843,0.486670,0.555531,0.497799,0.499298,0.552309,0.502951,0.482980,0.519099,0.525022,0.494530,0.547263,0.496070,0.439362,0.543744,0.574475,0.487169,0.489969,0.468021,0.475027,0.495572,0.450000,0.505883,0.525702,0.508198,0.579772,0.536462,0.434662,0.593148,0.506682,0.595417,0.521123,0.430242,0.501225,0.509791,0.546969,0.455160,0.534034,0.445560,0.493433,0.488875,0.492663,0.465779,0.557164,0.493839,0.518286,0.539678,0.595688,0.567553,0.489255,0.520475,0.516351,0.528890,0.508017,0.498211,0.545996,0.500118,0.463722,0.533654,0.549323,0.602940,0.532752,0.503996,0.461540,0.521310,0.491386,0.562922,0.512498,0.491265,0.526140,0.514189,0.477219,0.568434,0.467510,0.493655,0.514838,0.498665,0.481537,0.539605,0.464129,0.539645,0.516840,0.438606,0.388658,0.484431,0.513437,0.510525,0.492261,0.537947,0.474513,0.589813,0.453473,0.519604,0.552935,0.572461,0.588775,0.565001,0.542163,0.520097,0.495053,0.450112,0.436458,0.550545,0.524943,0.435250,0.493751,0.506372,0.554986,0.468301,0.487515,0.434312,0.547998,0.505827,0.540158,0.553222,0.443737,#
18,0.538122,0.539909,0.501623,0.475690,0.362268,0.527273,0.503261,0.462662,0.390191,0.420449,0.553129,0.536223,0.533164,0.520556,0.356603,0.475320,0.580698,0.491788,1.000000,0.476202,0.481871,0.497059,0.456858,0.476010,0.473422,0.492077,0.510663,0.467623,0.418079,0.480112,0.456651,0.532901,0.518878,0.508649,0.519269,0.558046,0.499517,0.602681,0.500085,0.532509,0.539860,0.467914,0.548257,0.420612,0.483315,0.526656,0.575024,0.606967,0.547101,0.549156,0.443660,0.410770,0.538203,0.418177,0.510773,0.529252,0.499175,0.461149,0.513708,0.603243,0.489662,0.532946,0.484755,0.466485,0.547503,0.440782,0.524156,0.501707,0.502878,0.533958,0.580443,0.487914,0.536191,0.456848,0.547061,0.460678,0.454871,0.554040,0.505910,0.445804,0.572161,0.470055,0.515685,0.525357,0.544923,0.570970,0.399213,0.491681,0.543598,0.472896,0.463508,0.463122,0.473254,0.492953,0.479518,0.496233,0.470376,0.480399,0.539427,0.490358,0.467956,0.462836,0.460551,0.520230,0.518617,0.475791,0.429403,0.545420,0.530930,0.541284,0.562699,0.462021,0.555443,0.420344,0.461747,0.534802,0.483220,0.471169,0.508108,0.491195,0.443728,0.476902,0.396531,0.524454,0.520852,0.427341,0.574883,0.441063,0.518862,0.475698,0.481932,0.501202,0.529423,0.474691,0.447589,0.482469,0.510462,0.478043,0.527733,0.474510,0.439366,0.477160,0.404086,0.491170,0.524955,0.486830,0.503881,0.434449,0.529245,0.471047,0.459722,0.402380,0.507043,0.463062,0.534248,0.524436,0.473903,0.509171,0.388745,0.414213,0.561777,0.522803,0.576723,0.491479,0.506800,0.483438,0.555991,0.411852,0.389763,0.540441,0.516230,0.488663,0.500122,0.547910,0.547580,0.448659,0.424292,0.493613,0.536247,0.510875,0.464232,0.493955,0.462684,0.400278,0.457479,0.449987,0.474393,0.453620,0.464073,0.516514,0.467708,0.535362,0.450671,0.561434,0.547204,0.489567,0.473850,0.588880,0.504544,0.561356,#
19,0.529797,0.508755,0.552240,0.486290,0.466458,0.593643,0.476297,0.504053,0.517137,0.441082,0.485310,0.507029,0.427000,0.480088,0.517938,0.464304,0.537190,0.567526,0.476202,1.000000,0.522532,0.446294,0.424822,0.509223,0.552832,0.505042,0.498523,0.475650,0.381816,0.462796,0.567210,0.568928,0.545725,0.476242,0.487764,0.603804,0.515593,0.570793,0.517873,0.533631,0.528471,0.503056,0.477585,0.499722,0.433839,0.530771,0.608027,0.511237,0.548294,0.561163,0.485563,0.414934,0.550667,0.453672,0.500783,0.499585,0.507901,0.503975,0.499414,0.470550,0.433410,0.480139,0.570856,0.487845,0.500765,0.506362,0.588452,0.515964,0.614438,0.514879,0.523138,0.492120,0.559018,0.444950,0.499567,0.476224,0.440433,0.543458,0.463719,0.441935,0.632490,0.458252,0.566771,0.504521,0.505401,0.450084,0.467382,0.472658,0.595979,0.482332,0.487937,0.495233,0.384064,0.509327,0.441588,0.444864,0.484157,0.535925,0.502541,0.567479,0.474215,0.472318,0.493682,0.516492,0.508586,0.354560,0.492379,0.443711,0.493661,0.469611,0.501330,0.402867,0.546962,0.427003,0.456381,0.471619,0.496672,0.500808,0.538576,0.437325,0.481519,0.469975,0.437752,0.600310,0.479432,0.493517,0.470790,0.491631,0.557977,0.532015,0.566252,0.615207,0.541955,0.521404,0.419767,0.521614,0.409379,0.499591,0.480932,0.445241,0.489375,0.472697,0.405517,0.445317,0.503585,0.488697,0.447019,0.419153,0.539600,0.474171,0.477683,0.445296,0.460882,0.512291,0.548463,0.426950,0.578430,0.482461,0.490301,0.479952,0.490961,0.526911,0.461180,0.549050,0.606455,0.573357,0.439798,0.495947,0.424164,0.471922,0.472251,0.558128,0.536980,0.526412,0.563945,0.372458,0.502690,0.515035,0.556041,0.495897,0.468712,0.527551,0.538444,0.461327,0.449953,0.431156,0.427322,0.486483,0.468370,0.557683,0.502790,0.503742,0.439710,0.513892,0.523000,0.471271,0.511515,0.485710,0.515268,0.464563,#
20,0.523502,0.600387,0.500957,0.536285,0.458494,0.496967,0.510123,0.519722,0.497127,0.546925,0.497983,0.492495,0.476735,0.533632,0.438354,0.448468,0.598221,0.522528,0.481871,0.522532,1.000000,0.499806,0.445725,0.558298,0.559866,0.584197,0.444130,0.488153,0.445519,0.440444,0.579404,0.502170,0.547981,0.536911,0.491501,0.534921,0.475141,0.533092,0.440503,0.567060,0.551103,0.523012,0.474491,0.470833,0.554422,0.454041,0.576082,0.534467,0.512148,0.550665,0.508959,0.480516,0.488555,0.444740,0.506582,0.472277,0.393531,0.491723,0.534329,0.510889,0.496607,0.523322,0.588268,0.437391,0.499558,0.575076,0.616995,0.540493,0.563416,0.435937,0.501864,0.549532,0.565442,0.476461,0.444582,0.429150,0.530726,0.560277,0.554949,0.544203,0.573996,0.545768,0.555473,0.492715,0.471455,0.552846,0.521816,0.510360,0.565609,0.563634,0.492988,0.506659,0.453056,0.542218,0.468460,0.517338,0.473154,0.410850,0.507744,0.497944,0.586901,0.493112,0.472187,0.612756,0.548807,0.423753,0.590027,0.508491,0.533376,0.596701,0.505606,0.533424,0.500898,0.393321,0.501683,0.502873,0.501997,0.526148,0.391721,0.417793,0.415292,0.520247,0.440976,0.561306,0.484244,0.505755,0.437202,0.443410,0.471946,0.519424,0.531283,0.506509,0.600084,0.525337,0.477463,0.528839,0.399188,0.524110,0.510779,0.522775,0.462428,0.451323,0.451079,0.482478,0.493434,0.497132,0.567878,0.463479,0.459270,0.476166,0.538499,0.474816,0.468977,0.502636,0.520979,0.468085,0.472632,0.571039,0.463796,0.506812,0.531779,0.483392,0.525267,0.518049,0.570931,0.526045,0.473157,0.496359,0.433363,0.487519,0.543164,0.441406,0.520476,0.519909,0.529437,0.441453,0.471921,0.544030,0.527941,0.591543,0.510244,0.520190,0.517075,0.441607,0.443112,0.523359,0.459814,0.463967,0.460286,0.492689,0.487805,0.515705,0.559946,0.520375,0.572272,0.522771,0.554923,0.558527,0.542391,0.520322,#
21,0.501303,0.644017,0.578355,0.588597,0.494380,0.506999,0.520028,0.467640,0.514781,0.491198,0.505121,0.526011,0.466978,0.471372,0.542458,0.522572,0.379198,0.499475,0.497059,0.446294,0.499806,1.000000,0.512617,0.597932,0.491037,0.457862,0.540340,0.463838,0.549127,0.436888,0.512039,0.425501,0.542318,0.587405,0.538099,0.621075,0.486403,0.509698,0.493924,0.537486,0.453939,0.555808,0.503275,0.543230,0.521930,0.538987,0.579859,0.547262,0.536692,0.599264,0.438025,0.474443,0.534110,0.450256,0.586791,0.526261,0.480691,0.467244,0.621043,0.476935,0.504075,0.516025,0.470368,0.446734,0.482334,0.491189,0.590693,0.474039,0.567905,0.595636,0.491491,0.606251,0.631241,0.497072,0.555539,0.546802,0.501410,0.526764,0.514111,0.489834,0.484204,0.488460,0.622396,0.526788,0.547740,0.519622,0.473483,0.554857,0.543349,0.545540,0.518411,0.467987,0.560141,0.582205,0.502372,0.566139,0.558792,0.483325,0.508742,0.505893,0.563475,0.566585,0.369556,0.549521,0.474865,0.539344,0.490582,0.594430,0.453783,0.585147,0.539679,0.467582,0.549801,0.496416,0.415248,0.430707,0.456955,0.637045,0.502357,0.593659,0.475627,0.488200,0.432201,0.527760,0.454380,0.446626,0.523336,0.489837,0.516480,0.561772,0.527234,0.600516,0.465855,0.534162,0.540245,0.474561,0.436317,0.452148,0.503721,0.553551,0.527645,0.451782,0.416499,0.557939,0.498920,0.526656,0.474891,0.448043,0.489766,0.535294,0.561256,0.520735,0.527230,0.507870,0.452594,0.465291,0.516714,0.551389,0.470404,0.507194,0.462315,0.589666,0.571132,0.530455,0.571126,0.548696,0.507231,0.411139,0.361685,0.487741,0.528423,0.444447,0.558481,0.517700,0.482316,0.505825,0.371055,0.503664,0.541547,0.556029,0.537528,0.564909,0.504387,0.475346,0.453924,0.534086,0.519318,0.463355,0.407782,0.500719,0.491050,0.512444,0.535482,0.479684,0.532903,0.464638,0.525617,0.550669,0.472929,0.576595,#
