0,1.000000,0.389834,0.421958,0.309384,0.354978,0.332746,0.372077,0.287329,0.354481,0.351885,0.428066,0.377018,0.355274,0.333990,0.437507,0.383973,0.395941,0.474739,0.379542,0.352429,0.431090,0.462160,0.385867,0.431375,0.390231,0.314051,0.409453,0.446765,0.423435,0.399385,0.331214,0.332083,0.393197,0.350489,0.266514,0.355052,0.402780,0.373212,0.405703,0.463141,0.272884,0.386829,0.282729,0.388772,0.360456,0.374240,0.439062,0.387324,0.443398,0.406018,0.490707,0.270970,0.363195,0.346366,0.411585,0.366661,0.407834,0.393747,0.285343,0.318936,0.357290,0.269395,0.410023,0.361414,0.405101,0.267231,0.390623,0.406621,0.375147,0.402838,0.493000,0.399891,0.420220,0.396194,0.347089,0.297515,0.313664,0.409872,0.404449,0.304833,0.419166,0.338400,0.392691,0.416613,0.396193,0.405601,0.419358,0.373485,0.469078,0.363229,0.418206,0.320426,0.326588,0.357744,0.398938,0.406788,0.416008,0.351864,0.353849,0.367700,0.406833,0.432688,0.350370,0.405098,0.318186,0.384164,0.410080,0.385863,0.359647,0.295741,0.291638,0.420992,0.349628,0.425094,0.291507,0.409991,0.455602,0.294334,0.408323,0.351038,0.485591,0.354534,0.359053,0.324171,0.351516,0.469158,0.304063,0.295384,0.372186,0.440557,0.385222,0.475668,0.376641,0.329120,0.388361,0.268266,0.427736,0.363888,0.405345,0.509843,0.355902,0.367393,0.363009,0.302388,0.403486,0.398999,0.363327,0.257191,0.406502,0.354073,0.384751,0.280270,0.356362,0.297916,0.361127,0.282276,0.240594,0.285373,0.412933,0.420780,0.369406,0.386895,0.248207,0.384376,0.452583,0.231214,0.266315,0.290031,0.405123,0.352531,0.474811,0.196146,0.418400,0.509040,0.367625,0.349297,0.390098,0.338450,0.401370,0.363704,0.383359,0.485980,0.296074,0.294165,0.338028,0.401053,0.414693,0.502607,0.422137,0.232395,0.330704,0.382739,0.252495,0.254988,0.359340,0.265967,0.311929,0.339609,0.409984,0.407327,#
1,0.389834,1.000000,0.336444,0.365271,0.417957,0.343017,0.393809,0.371741,0.298965,0.302051,0.467659,0.413963,0.363999,0.434464,0.346323,0.304478,0.346236,0.384732,0.430989,0.408241,0.366062,0.487488,0.325117,0.382308,0.454232,0.430223,0.460845,0.498751,0.373733,0.364863,0.417055,0.395482,0.430308,0.389052,0.335810,0.275026,0.389334,0.405776,0.429288,0.337571,0.354615,0.369916,0.438211,0.354197,0.351151,0.397674,0.502109,0.457531,0.336421,0.334266,0.502196,0.266840,0.444114,0.359131,0.338876,0.346987,0.454655,0.408538,0.409371,0.415448,0.319797,0.334927,0.369617,0.424880,0.389500,0.360891,0.317193,0.451894,0.427172,0.397208,0.409737,0.317927,0.477620,0.294461,0.422396,0.261737,0.412854,0.382352,0.473158,0.405159,0.418613,0.464833,0.494991,0.422915,0.306765,0.291752,0.401653,0.357691,0.446371,0.450413,0.449013,0.444829,0.334821,0.373484,0.296819,0.366115,0.358283,0.328142,0.306344,0.312624,0.337478,0.328374,0.398010,0.378600,0.343951,0.358626,0.394088,0.445656,0.312119,0.399739,0.416578,0.416287,0.393916,0.456889,0.396511,0.444538,0.472698,0.326575,0.391969,0.385703,0.370669,0.411309,0.433995,0.429498,0.445261,0.450008,0.376881,0.364640,0.353333,0.411262,0.398835,0.422431,0.325037,0.350127,0.498988,0.402339,0.357808,0.381094,0.447074,0.473920,0.414321,0.271606,0.266475,0.292886,0.468785,0.372512,0.368174,0.200976,0.375320,0.379903,0.284429,0.379762,0.342753,0.259239,0.401081,0.355381,0.327854,0.317949,0.339087,0.221058,0.275115,0.471059,0.310109,0.391892,0.400845,0.328566,0.262627,0.376329,0.394175,0.476698,0.431009,0.383348,0.329832,0.407428,0.447567,0.356094,0.252209,0.420688,0.437328,0.337173,0.379043,0.385795,0.346762,0.343831,0.426622,0.476441,0.344877,0.458171,0.324432,0.315172,0.489641,0.418209,0.249137,0.326815,0.410332,0.394338,0.265907,0.374705,0.320232,0.369741,#
2,0.421958,0.336444,1.000000,0.402405,0.231897,0.344656,0.349086,0.320308,0.216167,0.212134,0.195116,0.371732,0.317682,0.364494,0.315457,0.367115,0.320509,0.325427,0.399526,0.319601,0.377337,0.438065,0.381613,0.385228,0.439597,0.353612,0.420747,0.353165,0.316985,0.319965,0.359418,0.309761,0.347408,0.292405,0.234966,0.302724,0.372852,0.364584,0.337285,0.336193,0.388345,0.381329,0.374058,0.267041,0.259858,0.422881,0.366157,0.375471,0.312512,0.348942,0.415428,0.384296,0.395362,0.329316,0.250238,0.368482,0.267465,0.365928,0.293927,0.338662,0.182768,0.321583,0.323947,0.439596,0.423919,0.381644,0.336946,0.332231,0.346447,0.454456,0.284600,0.241878,0.284032,0.317406,0.363201,0.348942,0.336636,0.396973,0.344356,0.380188,0.444195,0.253481,0.332560,0.353593,0.222397,0.355440,0.410003,0.369956,0.297954,0.351171,0.336760,0.324716,0.361506,0.314553,0.325886,0.314399,0.391940,0.260434,0.343071,0.272917,0.360344,0.382023,0.342409,0.336523,0.340972,0.287308,0.311610,0.322462,0.287456,0.340077,0.371004,0.382609,0.343205,0.314131,0.227855,0.354999,0.328212,0.365169,0.192560,0.241045,0.358774,0.325199,0.336529,0.278832,0.358391,0.319306,0.285395,0.295969,0.335743,0.348895,0.307417,0.428827,0.336731,0.262663,0.333169,0.377270,0.329769,0.343380,0.281920,0.287319,0.201016,0.275857,0.396352,0.261389,0.497128,0.277616,0.328819,0.232662,0.443989,0.329902,0.329274,0.339745,0.322698,0.285774,0.207157,0.226864,0.215251,0.264535,0.329347,0.288508,0.402176,0.447085,0.315075,0.418585,0.385441,0.203346,0.281238,0.344947,0.274752,0.360285,0.281300,0.359165,0.281964,0.329446,0.455732,0.385484,0.441021,0.339412,0.429367,0.332237,0.401511,0.328663,0.187523,0.275466,0.263052,0.394026,0.362894,0.347556,0.354670,0.148790,0.313834,0.339640,0.354784,0.253189,0.369653,0.239685,0.275223,0.255923,0.438995,0.357147,#
3,0.309384,0.365271,0.402405,1.000000,0.302223,0.257755,0.361791,0.322402,0.294346,0.252798,0.308364,0.342409,0.280024,0.335953,0.294728,0.286479,0.288250,0.371362,0.340983,0.363527,0.335882,0.359488,0.362493,0.414228,0.406407,0.347636,0.377500,0.314022,0.354656,0.294256,0.380928,0.416428,0.393722,0.400068,0.168342,0.292759,0.421092,0.423525,0.438045,0.272676,0.368667,0.361552,0.398370,0.336354,0.279806,0.459490,0.438661,0.403112,0.256550,0.350680,0.469957,0.310547,0.337734,0.295118,0.190756,0.415651,0.320431,0.334023,0.274797,0.405775,0.270264,0.247168,0.322282,0.394500,0.406070,0.388744,0.251619,0.424103,0.318076,0.380831,0.399261,0.237078,0.317854,0.340745,0.386161,0.368271,0.287154,0.437402,0.384229,0.317413,0.390044,0.347664,0.381573,0.395602,0.329570,0.333072,0.375992,0.302693,0.382881,0.413846,0.366542,0.346787,0.315302,0.425771,0.238554,0.348096,0.388365,0.190290,0.401903,0.275903,0.378237,0.341736,0.413814,0.346850,0.407986,0.305250,0.321219,0.378320,0.255788,0.300615,0.347651,0.341933,0.307692,0.351186,0.246608,0.330678,0.387035,0.303708,0.307126,0.290667,0.448402,0.321083,0.369831,0.404444,0.369316,0.358604,0.324094,0.282931,0.256740,0.418137,0.329534,0.382138,0.409719,0.408194,0.373482,0.331462,0.287417,0.276311,0.415567,0.379111,0.358221,0.285419,0.347837,0.290834,0.398942,0.222344,0.358782,0.326273,0.395647,0.336813,0.314315,0.255603,0.229956,0.305675,0.268187,0.242778,0.282219,0.299391,0.258898,0.402164,0.416477,0.366388,0.406378,0.529280,0.397907,0.285049,0.325842,0.263221,0.285887,0.387844,0.387489,0.249058,0.279125,0.299329,0.361600,0.269433,0.283266,0.291134,0.317683,0.312005,0.363327,0.481900,0.406202,0.321234,0.235677,0.328511,0.274593,0.404243,0.236069,0.238883,0.363006,0.353176,0.358666,0.261596,0.244930,0.345436,0.353330,0.318182,0.381181,0.341293,#
4,0.354978,0.417957,0.231897,0.302223,1.000000,0.200453,0.383491,0.246163,0.314146,0.235368,0.303419,0.239228,0.355273,0.312709,0.203140,0.253840,0.215026,0.299949,0.391040,0.381465,0.311342,0.353107,0.360736,0.366656,0.304563,0.394907,0.283431,0.362353,0.360122,0.191614,0.272128,0.263616,0.398657,0.251443,0.225683,0.264731,0.288036,0.407507,0.250078,0.286298,0.318622,0.360879,0.297962,0.313173,0.420824,0.300782,0.433136,0.382515,0.318791,0.389674,0.340959,0.155306,0.332902,0.360506,0.308251,0.302237,0.274579,0.292267,0.274464,0.311350,0.340269,0.249075,0.255202,0.248909,0.268535,0.213326,0.298037,0.295359,0.283639,0.298730,0.334969,0.284319,0.273722,0.286178,0.272838,0.077317,0.215795,0.329129,0.236695,0.241326,0.430554,0.396559,0.271814,0.312039,0.305983,0.266991,0.265596,0.287847,0.390879,0.397624,0.368598,0.356415,0.167555,0.303113,0.161764,0.350461,0.265592,0.391750,0.340390,0.274092,0.359817,0.176972,0.306082,0.342330,0.304343,0.239885,0.232747,0.312796,0.237639,0.317381,0.401779,0.251356,0.316127,0.469450,0.291675,0.172640,0.335757,0.101299,0.351230,0.254922,0.293207,0.349625,0.382835,0.264937,0.347060,0.344396,0.267904,0.281034,0.127588,0.236862,0.240727,0.341468,0.283935,0.226221,0.372112,0.226924,0.265775,0.178351,0.231819,0.378275,0.293427,0.130580,0.232451,0.296724,0.340390,0.259319,0.344971,0.182291,0.298276,0.344883,0.300556,0.245203,0.249696,0.286028,0.184435,0.231507,0.394547,0.276145,0.244062,0.295047,0.230111,0.279329,0.208283,0.370369,0.296883,0.366510,0.209642,0.226254,0.266034,0.335832,0.338182,0.201736,0.240482,0.272790,0.325849,0.191937,0.307539,0.209642,0.315183,0.208678,0.185989,0.235549,0.263095,0.271089,0.271198,0.275841,0.255937,0.460375,0.311003,0.182159,0.312518,0.261195,0.264513,0.225445,0.251998,0.328964,0.323758,0.444347,0.296741,0.256845,#
5,0.332746,0.343017,0.344656,0.257755,0.200453,1.000000,0.280816,0.285459,0.245089,0.325944,0.250384,0.289143,0.310473,0.235047,0.303709,0.307217,0.298229,0.340183,0.324914,0.209026,0.314800,0.343231,0.313708,0.416003,0.297005,0.267742,0.320712,0.361669,0.331922,0.293116,0.234767,0.415222,0.367918,0.251491,0.239866,0.174780,0.406489,0.271317,0.350629,0.345803,0.294926,0.304536,0.182287,0.346900,0.218264,0.363732,0.323851,0.207160,0.332357,0.358168,0.373615,0.241411,0.297516,0.207152,0.266022,0.293820,0.182820,0.377174,0.318768,0.297397,0.276828,0.325121,0.308397,0.305292,0.335013,0.276579,0.337886,0.348038,0.229778,0.276099,0.385163,0.243794,0.347464,0.410331,0.274130,0.212800,0.338400,0.294552,0.304353,0.301478,0.345758,0.298174,0.399776,0.184633,0.211053,0.351049,0.240505,0.298289,0.289965,0.266837,0.292816,0.320484,0.199044,0.308757,0.187350,0.307161,0.301918,0.133674,0.266548,0.182571,0.326594,0.363736,0.326484,0.311927,0.262587,0.219353,0.225797,0.313449,0.265200,0.234012,0.353371,0.244839,0.339615,0.283083,0.292930,0.240958,0.348975,0.315322,0.228113,0.283351,0.227323,0.277293,0.251963,0.261848,0.332584,0.261531,0.118030,0.186901,0.372956,0.423741,0.245106,0.392905,0.212465,0.260462,0.389429,0.299796,0.210855,0.240049,0.273837,0.289035,0.346920,0.324429,0.248855,0.315191,0.298066,0.237973,0.248646,0.224674,0.242221,0.265910,0.301790,0.181654,0.282115,0.347482,0.203230,0.283666,0.283255,0.230361,0.420341,0.127831,0.286629,0.260008,0.292474,0.266513,0.265987,0.158579,0.192793,0.303012,0.382599,0.397929,0.201372,0.227519,0.328464,0.269894,0.248995,0.264018,0.229611,0.260024,0.362541,0.230605,0.329829,0.362418,0.346974,0.187575,0.294710,0.380452,0.325069,0.281910,0.207434,0.262810,0.366310,0.258093,0.228168,0.270517,0.310134,0.256784,0.247190,0.336332,0.270521,0.363945,#
6,0.372077,0.393809,0.349086,0.361791,0.383491,0.280816,1.000000,0.357754,0.254520,0.280124,0.351631,0.278895,0.262760,0.373973,0.271530,0.303357,0.354838,0.309499,0.367609,0.393596,0.378332,0.375824,0.347025,0.295708,0.345200,0.284101,0.336011,0.393164,0.385539,0.311532,0.273890,0.369426,0.381797,0.290831,0.176592,0.211914,0.307243,0.335876,0.390322,0.344018,0.342769,0.338162,0.292575,0.364646,0.299261,0.362004,0.417107,0.452528,0.327468,0.415402,0.348882,0.350900,0.391696,0.334809,0.222192,0.388488,0.356511,0.388214,0.344887,0.436493,0.216169,0.260772,0.270624,0.372723,0.310992,0.430666,0.364556,0.362853,0.355810,0.352862,0.336191,0.329951,0.355199,0.287262,0.373757,0.310470,0.311067,0.379597,0.330298,0.313632,0.364754,0.381552,0.448392,0.323564,0.319156,0.392058,0.320614,0.394236,0.397434,0.390484,0.436720,0.308143,0.235974,0.418638,0.303938,0.453006,0.352699,0.293093,0.408365,0.307044,0.398037,0.393274,0.247330,0.334366,0.240865,0.449786,0.306187,0.289583,0.334799,0.322852,0.326382,0.339562,0.372309,0.360855,0.303196,0.337373,0.369270,0.329815,0.379071,0.325901,0.322978,0.436147,0.278323,0.296819,0.384845,0.327408,0.220525,0.399655,0.224506,0.411970,0.313740,0.304968,0.399339,0.187401,0.499210,0.354310,0.317247,0.419220,0.340468,0.326041,0.228760,0.192929,0.215930,0.408104,0.285240,0.351130,0.365980,0.223131,0.327471,0.261058,0.389551,0.270322,0.333064,0.325266,0.323278,0.294367,0.255746,0.283727,0.336405,0.268261,0.297800,0.368103,0.332955,0.406858,0.371470,0.266335,0.252460,0.259845,0.408171,0.452088,0.267881,0.295475,0.333789,0.305308,0.391616,0.317071,0.296581,0.296561,0.403796,0.248945,0.160424,0.276850,0.323679,0.361773,0.347608,0.316477,0.306230,0.334839,0.361865,0.301619,0.305605,0.292291,0.380905,0.289296,0.257557,0.286740,0.334736,0.322826,0.276195,0.366771,#
7,0.287329,0.371741,0.320308,0.322402,0.246163,0.285459,0.357754,1.000000,0.240550,0.377128,0.332643,0.456689,0.308525,0.367485,0.267928,0.343585,0.320728,0.421093,0.363389,0.390124,0.403005,0.404612,0.501375,0.289615,0.460422,0.285176,0.374297,0.473415,0.282019,0.306534,0.400777,0.400019,0.430037,0.305666,0.262727,0.332866,0.308218,0.313364,0.381144,0.346554,0.306962,0.317239,0.403132,0.236944,0.392767,0.431207,0.308620,0.402829,0.387482,0.360583,0.448285,0.273834,0.293224,0.358563,0.343191,0.372197,0.428493,0.418848,0.337135,0.356012,0.293478,0.213757,0.333520,0.376814,0.429656,0.312865,0.375546,0.379972,0.321860,0.475423,0.369534,0.261205,0.435019,0.426473,0.316955,0.299907,0.376231,0.374642,0.366397,0.446722,0.363857,0.384650,0.473415,0.369029,0.295765,0.365294,0.429550,0.307020,0.387321,0.461760,0.391733,0.319923,0.331507,0.346979,0.230229,0.362237,0.345375,0.255867,0.269803,0.214660,0.393912,0.331204,0.312600,0.343742,0.229412,0.432293,0.424338,0.337794,0.338329,0.290714,0.312821,0.333636,0.271853,0.356852,0.386113,0.363489,0.294886,0.313357,0.339844,0.374163,0.367441,0.405809,0.281206,0.400007,0.473113,0.354213,0.353424,0.382352,0.305783,0.389114,0.292836,0.381381,0.355064,0.293653,0.512518,0.366553,0.253976,0.493873,0.388099,0.405200,0.431974,0.443205,0.146858,0.318413,0.406208,0.331795,0.381621,0.269080,0.336858,0.268164,0.409697,0.479697,0.270604,0.257923,0.229892,0.403217,0.369243,0.335020,0.338622,0.308617,0.319637,0.390488,0.338314,0.412142,0.375972,0.235314,0.388723,0.279119,0.438897,0.404430,0.369084,0.327430,0.318632,0.254123,0.380473,0.287564,0.319829,0.308215,0.230728,0.409372,0.349004,0.399177,0.265335,0.313667,0.163748,0.351964,0.343187,0.367015,0.254382,0.392495,0.393490,0.329853,0.312800,0.333675,0.199241,0.334832,0.367680,0.357494,0.387729,0.332423,#
8,0.354481,0.298965,0.216167,0.294346,0.314146,0.245089,0.254520,0.240550,1.000000,0.183779,0.352932,0.314895,0.319633,0.279346,0.363690,0.295185,0.251301,0.231221,0.233194,0.320547,0.377855,0.293046,0.301529,0.320832,0.303946,0.278600,0.226554,0.378443,0.245687,0.320810,0.173307,0.345392,0.284587,0.271835,0.248467,0.254147,0.334292,0.340657,0.319070,0.390219,0.291117,0.241181,0.206534,0.319267,0.385866,0.344460,0.339231,0.346832,0.244648,0.262869,0.259965,0.359966,0.255687,0.418697,0.232602,0.347195,0.303907,0.289405,0.212496,0.357979,0.265526,0.135773,0.336890,0.317268,0.315931,0.260214,0.299686,0.347315,0.412795,0.350031,0.239427,0.341366,0.324662,0.232576,0.219827,0.205570,0.249912,0.274770,0.296378,0.162098,0.304652,0.306354,0.327960,0.238863,0.281851,0.337220,0.250920,0.249232,0.362664,0.339053,0.364507,0.311216,0.258813,0.273274,0.323797,0.429307,0.330535,0.239832,0.237775,0.192866,0.339334,0.207410,0.224190,0.252542,0.275138,0.205233,0.348995,0.328692,0.152656,0.319585,0.231150,0.279859,0.230979,0.330184,0.182037,0.319732,0.396241,0.281302,0.145966,0.363033,0.342807,0.250346,0.307182,0.280932,0.344820,0.370911,0.179712,0.330798,0.249471,0.339041,0.319418,0.337392,0.284868,0.244527,0.383186,0.260653,0.230024,0.352330,0.423734,0.324558,0.295859,0.311341,0.339456,0.216250,0.322614,0.220603,0.309208,0.339210,0.269785,0.290561,0.346243,0.263444,0.275175,0.271883,0.319308,0.333869,0.319488,0.157171,0.289196,0.322989,0.200399,0.317190,0.195991,0.395405,0.273609,0.232034,0.286265,0.226042,0.291968,0.339565,0.383266,0.076878,0.207986,0.376860,0.374991,0.310969,0.205126,0.273150,0.326829,0.305600,0.323942,0.296203,0.085279,0.226135,0.337150,0.277972,0.214481,0.235861,0.282305,0.239324,0.303663,0.292144,0.274384,0.239382,0.278902,0.273874,0.297170,0.130079,0.253585,0.259716,#
9,0.351885,0.302051,0.212134,0.252798,0.235368,0.325944,0.280124,0.377128,0.183779,1.000000,0.396135,0.308376,0.270851,0.307129,0.325314,0.324981,0.291139,0.224242,0.233282,0.395705,0.282896,0.365896,0.364929,0.323686,0.286902,0.291239,0.377482,0.467286,0.349566,0.200585,0.424794,0.410099,0.296829,0.353773,0.302265,0.287424,0.225538,0.383232,0.318412,0.284100,0.314294,0.386566,0.229277,0.176172,0.342467,0.452819,0.340677,0.369829,0.310254,0.264783,0.383806,0.304865,0.272122,0.315963,0.253958,0.362787,0.407144,0.351955,0.258815,0.318786,0.244666,0.298582,0.377177,0.354592,0.345870,0.338658,0.236999,0.394390,0.359276,0.268439,0.355779,0.303358,0.296355,0.324726,0.364944,0.285698,0.390734,0.266389,0.432835,0.351913,0.329361,0.357753,0.398897,0.298513,0.361707,0.445533,0.426717,0.252025,0.291365,0.326734,0.295316,0.402802,0.252198,0.318192,0.273780,0.353564,0.428093,0.213385,0.296323,0.278771,0.403489,0.352858,0.384033,0.243522,0.335588,0.306319,0.342536,0.339917,0.323926,0.235633,0.220742,0.283864,0.296673,0.369528,0.259204,0.360207,0.380366,0.397750,0.445267,0.277399,0.437540,0.414407,0.319135,0.360681,0.388930,0.379177,0.152211,0.344645,0.221758,0.332888,0.292469,0.372168,0.239452,0.311398,0.439029,0.265948,0.330166,0.340656,0.328071,0.322617,0.242903,0.347784,0.214294,0.252048,0.343568,0.187008,0.382120,0.256283,0.241918,0.389191,0.362495,0.292539,0.407055,0.301867,0.264216,0.339340,0.331420,0.331423,0.445655,0.226698,0.302867,0.281957,0.168103,0.443010,0.345522,0.279347,0.291579,0.259827,0.487472,0.394008,0.286593,0.331387,0.329801,0.362995,0.299965,0.280643,0.255227,0.157205,0.242728,0.369065,0.261692,0.400297,0.319124,0.348130,0.289533,0.345241,0.382371,0.440824,0.334225,0.234468,0.381959,0.337971,0.210938,0.333221,0.244715,0.311337,0.296813,0.237265,0.337384,0.332762,#
10,0.428066,0.467659,0.195116,0.308364,0.303419,0.250384,0.351631,0.332643,0.352932,0.396135,1.000000,0.313190,0.229749,0.372690,0.362548,0.306094,0.345763,0.324098,0.431414,0.354568,0.319159,0.389013,0.302631,0.280751,0.323808,0.218046,0.413920,0.423679,0.368431,0.356788,0.372920,0.357434,0.345752,0.367990,0.236752,0.320417,0.233879,0.393675,0.444199,0.331230,0.206856,0.244957,0.309751,0.257918,0.301178,0.380547,0.332074,0.392734,0.386120,0.355228,0.285031,0.316127,0.313072,0.359850,0.276338,0.364187,0.316396,0.335016,0.248887,0.322962,0.267736,0.285612,0.315321,0.392769,0.369380,0.351192,0.333641,0.335073,0.360592,0.316665,0.350775,0.271989,0.315482,0.326102,0.287953,0.336264,0.424576,0.224191,0.351268,0.288326,0.299606,0.370013,0.396390,0.382376,0.336763,0.323247,0.383467,0.224011,0.391327,0.357547,0.266317,0.348399,0.377505,0.283891,0.268966,0.310774,0.415573,0.170816,0.375584,0.332371,0.398303,0.286087,0.301137,0.320463,0.301573,0.295787,0.421037,0.354554,0.285983,0.299961,0.215464,0.329295,0.246948,0.381980,0.371352,0.413690,0.378416,0.232113,0.307873,0.288525,0.298096,0.318527,0.343718,0.364171,0.386617,0.360462,0.159413,0.316575,0.253327,0.434799,0.341136,0.328580,0.307889,0.232948,0.446747,0.300926,0.296592,0.392854,0.271130,0.428859,0.313100,0.256983,0.394403,0.224240,0.327004,0.266622,0.272763,0.273558,0.231602,0.372474,0.289558,0.392786,0.324448,0.335598,0.381685,0.379355,0.312581,0.202992,0.344846,0.348173,0.260886,0.302153,0.341161,0.406262,0.326483,0.242212,0.263783,0.249673,0.308974,0.440491,0.397845,0.271776,0.322921,0.339764,0.367038,0.174345,0.280977,0.269413,0.379657,0.405733,0.353042,0.337289,0.349831,0.273206,0.319583,0.355867,0.279282,0.352992,0.321902,0.250834,0.335788,0.320786,0.282070,0.282836,0.353699,0.364776,0.303601,0.368665,0.392378,0.395231,#
11,0.377018,0.413963,0.371732,0.342409,0.239228,0.289143,0.278895,0.456689,0.314895,0.308376,0.313190,1.000000,0.405652,0.282370,0.217921,0.371349,0.363706,0.414230,0.372103,0.209895,0.348559,0.419171,0.312186,0.373327,0.453424,0.379734,0.295282,0.486062,0.203840,0.406542,0.398210,0.421090,0.371406,0.337948,0.247452,0.270014,0.380995,0.402372,0.363283,0.294263,0.323203,0.392117,0.400678,0.432835,0.289852,0.422408,0.343039,0.409841,0.360203,0.263697,0.459220,0.299543,0.299751,0.388296,0.217780,0.319114,0.500936,0.368444,0.348911,0.335208,0.252570,0.363267,0.385486,0.430222,0.403637,0.350664,0.371921,0.436853,0.347481,0.387751,0.286331,0.234194,0.404938,0.368295,0.325994,0.344623,0.317141,0.321940,0.479180,0.331938,0.410723,0.213573,0.381836,0.415040,0.381457,0.330720,0.441182,0.322183,0.393963,0.337330,0.448046,0.365208,0.369785,0.458770,0.268255,0.330999,0.301912,0.296026,0.322727,0.379781,0.445652,0.333793,0.326699,0.286726,0.329306,0.434572,0.414108,0.333690,0.367619,0.349104,0.306197,0.340587,0.374636,0.383596,0.205239,0.534321,0.399104,0.255271,0.320796,0.337827,0.338133,0.432681,0.386112,0.364509,0.448892,0.358950,0.398413,0.444359,0.378651,0.393725,0.363562,0.500684,0.283011,0.289455,0.391558,0.297747,0.220232,0.461284,0.345524,0.400346,0.288361,0.396780,0.316265,0.336700,0.416696,0.344448,0.387553,0.256486,0.332524,0.318445,0.323346,0.476377,0.321532,0.348715,0.386855,0.308279,0.278043,0.233631,0.315286,0.270643,0.337002,0.331478,0.250723,0.379981,0.422650,0.282418,0.429872,0.343609,0.481802,0.385800,0.393417,0.214668,0.317647,0.330469,0.373500,0.399380,0.406243,0.300285,0.267941,0.291976,0.417874,0.393187,0.285985,0.323740,0.213987,0.423281,0.367648,0.339336,0.322624,0.284127,0.249284,0.335376,0.390513,0.144664,0.311470,0.287583,0.379922,0.263288,0.302642,0.387355,#
12,0.355274,0.363999,0.317682,0.280024,0.355273,0.310473,0.262760,0.308525,0.319633,0.270851,0.229749,0.405652,1.000000,0.301371,0.361874,0.337093,0.374943,0.287989,0.398438,0.410193,0.394587,0.271384,0.365747,0.353381,0.382739,0.322075,0.315031,0.438315,0.349273,0.404709,0.303873,0.447545,0.365690,0.347543,0.279026,0.257587,0.409964,0.349419,0.305480,0.319121,0.398739,0.274426,0.414213,0.333601,0.386791,0.451503,0.338781,0.308215,0.382804,0.292304,0.452154,0.226002,0.288986,0.417988,0.302734,0.330646,0.369443,0.391076,0.334096,0.357447,0.282388,0.332164,0.327186,0.350544,0.345529,0.322272,0.338130,0.289530,0.320448,0.280942,0.284165,0.296378,0.250776,0.282613,0.395373,0.309232,0.316731,0.339464,0.319345,0.309269,0.402887,0.324059,0.394019,0.355276,0.385195,0.445062,0.313132,0.357234,0.432883,0.370589,0.421207,0.404109,0.269601,0.390251,0.314175,0.234146,0.399842,0.310732,0.237564,0.210671,0.359630,0.363997,0.313860,0.324162,0.387315,0.338101,0.347159,0.258751,0.251091,0.408912,0.365442,0.219636,0.344205,0.440131,0.234284,0.339874,0.377665,0.394383,0.303049,0.345634,0.315166,0.418878,0.421631,0.370115,0.311356,0.400171,0.293533,0.299907,0.318756,0.282687,0.328127,0.419323,0.287536,0.204420,0.326229,0.318936,0.292704,0.354154,0.366218,0.348826,0.385881,0.370782,0.245082,0.292183,0.283959,0.333823,0.400150,0.273548,0.346572,0.267738,0.370435,0.466360,0.251944,0.310241,0.332210,0.243286,0.313149,0.157080,0.298705,0.180067,0.332582,0.369492,0.254061,0.427617,0.333267,0.244902,0.330095,0.154083,0.374601,0.418258,0.299970,0.240906,0.339078,0.313223,0.412906,0.211562,0.300741,0.330699,0.215603,0.337169,0.386303,0.373872,0.350096,0.336369,0.326749,0.384278,0.343016,0.385237,0.281604,0.186310,0.356349,0.378061,0.300557,0.295089,0.225114,0.263693,0.415623,0.276688,0.387037,0.303168,#
13,0.333990,0.434464,0.364494,0.335953,0.312709,0.235047,0.373973,0.367485,0.279346,0.307129,0.372690,0.282370,0.301371,1.000000,0.369264,0.366375,0.357526,0.267570,0.370270,0.403924,0.358415,0.378824,0.348176,0.265948,0.473542,0.405883,0.442516,0.423673,0.275014,0.257068,0.386428,0.322456,0.386912,0.378426,0.253592,0.321233,0.298222,0.417583,0.308998,0.338683,0.284582,0.312373,0.462642,0.277131,0.345023,0.350486,0.442772,0.373461,0.372783,0.330587,0.455157,0.311128,0.361328,0.333864,0.313864,0.488502,0.360833,0.327450,0.347776,0.397481,0.326730,0.315440,0.469203,0.386180,0.311161,0.313861,0.502216,0.415632,0.491332,0.430267,0.243304,0.342854,0.376894,0.299472,0.402282,0.261228,0.404902,0.395613,0.406838,0.303932,0.339936,0.443745,0.431450,0.460188,0.432306,0.323925,0.483156,0.402537,0.375239,0.422444,0.415709,0.390050,0.346440,0.393111,0.314023,0.358772,0.379810,0.220511,0.264661,0.297133,0.443360,0.390426,0.342197,0.335385,0.327932,0.416517,0.377005,0.330657,0.359056,0.323428,0.300634,0.306281,0.442472,0.422451,0.311278,0.323054,0.417911,0.336476,0.321752,0.379297,0.385773,0.422085,0.329069,0.403755,0.418656,0.328925,0.269092,0.318921,0.457686,0.368826,0.313402,0.340154,0.308367,0.308206,0.461615,0.304217,0.352094,0.391849,0.460918,0.397385,0.308328,0.304213,0.327801,0.370315,0.448288,0.411979,0.375698,0.312486,0.205653,0.406840,0.394406,0.255625,0.334965,0.383649,0.420658,0.362881,0.239930,0.330306,0.356572,0.217675,0.238107,0.478392,0.258963,0.484414,0.405551,0.327032,0.247831,0.284459,0.432582,0.452509,0.397594,0.413116,0.366471,0.288572,0.387086,0.370718,0.334682,0.265718,0.434241,0.250937,0.394081,0.350189,0.313800,0.377988,0.261014,0.373355,0.389351,0.433059,0.385294,0.351213,0.300651,0.378453,0.354294,0.296534,0.292846,0.357316,0.299636,0.328646,0.404410,0.394513,#
14,0.437507,0.346323,0.315457,0.294728,0.203140,0.303709,0.271530,0.267928,0.363690,0.325314,0.362548,0.217921,0.361874,0.369264,1.000000,0.406988,0.332029,0.320061,0.376655,0.403931,0.322608,0.315964,0.367520,0.407947,0.354439,0.298054,0.387069,0.365944,0.358183,0.323592,0.220593,0.297102,0.315075,0.282577,0.295567,0.359334,0.365791,0.423531,0.410816,0.395908,0.414971,0.331175,0.381697,0.285779,0.338203,0.442561,0.437145,0.336674,0.319770,0.244111,0.455488,0.312834,0.331724,0.316715,0.389739,0.352975,0.368339,0.305687,0.245141,0.364332,0.375502,0.375119,0.304831,0.350868,0.388199,0.330848,0.364934,0.390329,0.392347,0.330766,0.289662,0.340188,0.227855,0.449647,0.242845,0.242902,0.297032,0.381109,0.320451,0.310932,0.380902,0.249490,0.445313,0.390557,0.309380,0.390378,0.236158,0.281419,0.375902,0.379938,0.411208,0.375857,0.344333,0.343294,0.330205,0.236383,0.397250,0.271440,0.338633,0.255571,0.314667,0.368215,0.346730,0.300882,0.261077,0.338319,0.446215,0.429072,0.304062,0.334560,0.174095,0.266847,0.361660,0.284135,0.296137,0.351219,0.307716,0.383127,0.310432,0.328731,0.408861,0.372477,0.309155,0.345983,0.335709,0.283365,0.250224,0.262774,0.254339,0.378339,0.201455,0.413348,0.352323,0.164210,0.298239,0.273371,0.289475,0.358268,0.340608,0.316526,0.393350,0.349986,0.302602,0.243855,0.319437,0.278822,0.346925,0.175185,0.214217,0.315469,0.353606,0.246608,0.189473,0.329864,0.307261,0.246303,0.307936,0.264762,0.348186,0.185359,0.256432,0.367411,0.233200,0.334475,0.390552,0.207282,0.288841,0.278219,0.282351,0.422310,0.450306,0.315943,0.340423,0.389020,0.415731,0.234559,0.396365,0.333012,0.402692,0.408289,0.379160,0.445942,0.271357,0.357359,0.329333,0.372375,0.368806,0.316275,0.248997,0.219871,0.304419,0.367905,0.302740,0.401314,0.262180,0.214113,0.180174,0.321361,0.379586,0.380669,#
15,0.383973,0.304478,0.367115,0.286479,0.253840,0.307217,0.303357,0.343585,0.295185,0.324981,0.306094,0.371349,0.337093,0.366375,0.406988,1.000000,0.375046,0.472626,0.420491,0.340147,0.329399,0.374847,0.334750,0.437733,0.443954,0.354963,0.396696,0.406176,0.401108,0.250921,0.359435,0.386915,0.346618,0.418487,0.249289,0.240595,0.322058,0.393374,0.428486,0.366229,0.456409,0.340625,0.377598,0.320162,0.442073,0.395995,0.334860,0.374578,0.271539,0.335766,0.445367,0.270904,0.386373,0.367880,0.323386,0.307813,0.373652,0.398632,0.321542,0.439050,0.253153,0.270188,0.297688,0.304967,0.307070,0.313270,0.448604,0.468430,0.391662,0.345000,0.276094,0.363652,0.327597,0.272173,0.379785,0.321953,0.298183,0.431493,0.342554,0.353385,0.505061,0.263988,0.371849,0.422637,0.320854,0.360785,0.370204,0.275794,0.434066,0.412128,0.375629,0.286800,0.365988,0.475704,0.314074,0.276408,0.421846,0.273857,0.414247,0.292869,0.407910,0.312073,0.368020,0.297560,0.286523,0.330279,0.331935,0.298741,0.335438,0.452195,0.261358,0.418691,0.317837,0.319104,0.257041,0.445771,0.421933,0.264250,0.303592,0.360828,0.385457,0.410949,0.261676,0.422852,0.348014,0.261791,0.280625,0.324649,0.337121,0.328565,0.261883,0.442372,0.290641,0.341009,0.396547,0.359842,0.376656,0.285684,0.377397,0.279089,0.279665,0.367696,0.395880,0.206487,0.424243,0.336267,0.421084,0.256188,0.384550,0.344980,0.374215,0.295607,0.340930,0.479841,0.222061,0.453074,0.265047,0.311736,0.368073,0.304315,0.267101,0.367299,0.306331,0.399770,0.338189,0.345618,0.324641,0.328506,0.328264,0.419789,0.306454,0.234541,0.399319,0.288450,0.434400,0.213794,0.435619,0.279230,0.238012,0.435752,0.378121,0.432522,0.277311,0.312094,0.323661,0.377592,0.302262,0.358410,0.308637,0.240822,0.179289,0.449027,0.262828,0.355378,0.265459,0.293682,0.299124,0.320063,0.274925,0.316886,#
16,0.395941,0.346236,0.320509,0.288250,0.215026,0.298229,0.354838,0.320728,0.251301,0.291139,0.345763,0.363706,0.374943,0.357526,0.332029,0.375046,1.000000,0.376188,0.327154,0.348466,0.553439,0.379797,0.479701,0.265009,0.305524,0.360773,0.380508,0.300224,0.289062,0.313312,0.306723,0.449746,0.237923,0.359224,0.209029,0.271034,0.387555,0.329285,0.352230,0.316255,0.229266,0.285683,0.351450,0.319779,0.310948,0.386884,0.367149,0.339767,0.322300,0.251255,0.287058,0.316599,0.453054,0.316723,0.293126,0.308270,0.285859,0.313225,0.255445,0.202432,0.226260,0.373820,0.339428,0.394952,0.413782,0.284027,0.365014,0.493315,0.298887,0.387423,0.228772,0.332580,0.368552,0.224008,0.356890,0.459611,0.314369,0.387912,0.394895,0.326669,0.289190,0.297199,0.333799,0.308890,0.321111,0.401397,0.430483,0.291525,0.347128,0.297085,0.391394,0.368912,0.290688,0.307332,0.266728,0.307651,0.351140,0.245053,0.379202,0.285205,0.345872,0.280140,0.197586,0.297929,0.293700,0.356684,0.290468,0.240542,0.288059,0.327329,0.310187,0.311375,0.321368,0.321217,0.326366,0.475248,0.385578,0.297789,0.211789,0.327383,0.295524,0.361979,0.327907,0.347578,0.381633,0.263376,0.254363,0.229460,0.312742,0.400383,0.221980,0.331345,0.413464,0.165604,0.456056,0.303989,0.190185,0.378493,0.332926,0.381398,0.189137,0.339769,0.212392,0.298746,0.359148,0.304643,0.216490,0.254866,0.262810,0.218473,0.259094,0.342457,0.263954,0.298067,0.349114,0.336795,0.234014,0.207625,0.343227,0.228456,0.242383,0.431727,0.384099,0.427988,0.296603,0.164352,0.308937,0.294693,0.274373,0.332319,0.297620,0.163289,0.339212,0.230864,0.345322,0.342576,0.290874,0.236111,0.278570,0.317326,0.346168,0.382197,0.288392,0.218132,0.198107,0.285523,0.390453,0.311500,0.305140,0.242472,0.334454,0.200433,0.213682,0.293626,0.347869,0.342829,0.241368,0.320795,0.267781,0.384783,#
17,0.474739,0.384732,0.325427,0.371362,0.299949,0.340183,0.309499,0.421093,0.231221,0.224242,0.324098,0.414230,0.287989,0.267570,0.320061,0.472626,0.376188,1.000000,0.366281,0.380878,0.408119,0.407568,0.428462,0.423756,0.451890,0.348062,0.313452,0.367068,0.408753,0.346753,0.353854,0.460498,0.533253,0.369627,0.178780,0.299538,0.326320,0.500753,0.425494,0.256415,0.332981,0.280898,0.298225,0.419152,0.314743,0.406736,0.432025,0.342415,0.388167,0.382863,0.423020,0.208334,0.288005,0.364779,0.340664,0.375982,0.405823,0.442102,0.308367,0.409381,0.301879,0.366020,0.332954,0.344361,0.347353,0.405986,0.402342,0.477029,0.395643,0.435914,0.404963,0.389278,0.433579,0.340004,0.338215,0.397373,0.288032,0.424555,0.305997,0.376014,0.434704,0.393543,0.543465,0.448674,0.350576,0.308592,0.381513,0.369968,0.496697,0.475755,0.403916,0.324572,0.337585,0.375465,0.246246,0.276788,0.352627,0.406503,0.361878,0.377778,0.408756,0.307687,0.323725,0.340048,0.302142,0.394795,0.336905,0.511996,0.257818,0.280294,0.310268,0.342370,0.299298,0.390470,0.242817,0.444356,0.366870,0.310865,0.330952,0.416255,0.309830,0.337570,0.319887,0.376518,0.452686,0.381612,0.287433,0.315785,0.234094,0.300437,0.245033,0.443828,0.397551,0.412882,0.420274,0.318865,0.395642,0.341038,0.378011,0.439993,0.351737,0.356564,0.313751,0.291939,0.447573,0.318662,0.292007,0.213875,0.337160,0.243954,0.427188,0.256889,0.279603,0.439337,0.311039,0.397311,0.285186,0.282972,0.459733,0.360979,0.408774,0.394064,0.340616,0.356651,0.387330,0.379705,0.274430,0.406448,0.305433,0.368193,0.458095,0.299015,0.341645,0.347396,0.420520,0.199494,0.403868,0.333926,0.222998,0.433732,0.369662,0.532613,0.333984,0.199801,0.246788,0.353642,0.354784,0.443290,0.406697,0.324879,0.305703,0.418910,0.222584,0.268921,0.412900,0.363261,0.402250,0.259690,0.315342,0.393277,#
18,0.379542,0.430989,0.399526,0.340983,0.391040,0.324914,0.367609,0.363389,0.233194,0.233282,0.431414,0.372103,0.398438,0.370270,0.376655,0.420491,0.327154,0.366281,1.000000,0.367752,0.360794,0.344696,0.266129,0.416773,0.428500,0.393576,0.480613,0.454063,0.444294,0.317037,0.417685,0.368123,0.442343,0.278129,0.304125,0.363064,0.484518,0.417915,0.372528,0.404944,0.376185,0.339209,0.389154,0.305135,0.337071,0.377734,0.380805,0.400497,0.320448,0.360610,0.449280,0.212917,0.445092,0.503116,0.310526,0.322639,0.374478,0.440940,0.266921,0.300268,0.303687,0.334568,0.357843,0.443965,0.285639,0.436871,0.424209,0.475727,0.331235,0.242227,0.243136,0.297006,0.323521,0.318863,0.305516,0.239094,0.278188,0.426304,0.453483,0.428911,0.474894,0.340036,0.408058,0.455718,0.342750,0.275758,0.402436,0.311560,0.445402,0.356846,0.444092,0.312843,0.353397,0.413023,0.308041,0.311453,0.475304,0.344535,0.269631,0.380111,0.338938,0.417931,0.452793,0.403902,0.388349,0.359326,0.337365,0.346097,0.354068,0.422324,0.422912,0.471857,0.291758,0.426695,0.320407,0.350735,0.363141,0.311018,0.330095,0.334362,0.305560,0.480528,0.351915,0.366220,0.413735,0.380586,0.315500,0.324416,0.411646,0.356911,0.375064,0.442762,0.335307,0.276760,0.469589,0.205330,0.285793,0.438709,0.384734,0.433885,0.401409,0.244955,0.267288,0.235424,0.424901,0.333099,0.277059,0.186157,0.306403,0.308185,0.335731,0.373119,0.335743,0.329944,0.327542,0.443470,0.418588,0.398185,0.300030,0.425351,0.366195,0.401675,0.306630,0.385268,0.355617,0.301371,0.415224,0.365688,0.345957,0.457117,0.265984,0.311395,0.408161,0.261270,0.374748,0.266184,0.309492,0.389722,0.463650,0.378241,0.375465,0.426305,0.386290,0.295510,0.431762,0.402028,0.395895,0.487018,0.344009,0.303347,0.329762,0.424382,0.338670,0.326285,0.342657,0.256345,0.370175,0.395625,0.461898,0.415471,#
19,0.352429,0.408241,0.319601,0.363527,0.381465,0.209026,0.393596,0.390124,0.320547,0.395705,0.354568,0.209895,0.410193,0.403924,0.403931,0.340147,0.348466,0.380878,0.367752,1.000000,0.343720,0.425104,0.409505,0.406846,0.353846,0.430148,0.415027,0.402962,0.358052,0.424096,0.303948,0.413711,0.362401,0.382171,0.293510,0.350410,0.243572,0.401114,0.515666,0.348303,0.324794,0.286634,0.326964,0.278487,0.385049,0.489106,0.438625,0.512258,0.345262,0.375843,0.386739,0.303303,0.304740,0.486796,0.356833,0.368413,0.369345,0.369997,0.275649,0.415234,0.356768,0.266445,0.360928,0.361037,0.411066,0.357273,0.295611,0.411373,0.406094,0.401493,0.370521,0.339972,0.417700,0.233235,0.400614,0.346905,0.361507,0.454101,0.401287,0.322790,0.417228,0.392050,0.483525,0.303913,0.428853,0.321619,0.391983,0.338700,0.448514,0.402075,0.360111,0.454948,0.349775,0.349194,0.313281,0.364543,0.396237,0.363613,0.253371,0.280863,0.389480,0.317321,0.387937,0.369638,0.399967,0.337011,0.430063,0.491670,0.313523,0.288246,0.337218,0.319003,0.350790,0.438309,0.347502,0.346119,0.444874,0.464832,0.380578,0.293895,0.424838,0.454312,0.362740,0.414784,0.516383,0.414706,0.303331,0.383562,0.189334,0.375237,0.238775,0.295142,0.433855,0.311964,0.396070,0.315026,0.394288,0.385215,0.385280,0.438788,0.386292,0.304692,0.295413,0.244204,0.418577,0.318893,0.314167,0.397568,0.429112,0.250462,0.305713,0.347462,0.300699,0.416371,0.296778,0.357458,0.322222,0.319986,0.360138,0.184691,0.342036,0.412905,0.387875,0.399696,0.345524,0.311012,0.291231,0.333789,0.360054,0.378418,0.486353,0.321197,0.333523,0.309877,0.403953,0.252670,0.351493,0.358819,0.253681,0.388288,0.298611,0.491160,0.304020,0.365140,0.345502,0.346726,0.358180,0.468479,0.333599,0.240002,0.416222,0.355811,0.297182,0.439633,0.343268,0.394327,0.398130,0.430271,0.431872,0.444914,#
20,0.431090,0.366062,0.377337,0.335882,0.311342,0.314800,0.378332,0.403005,0.377855,0.282896,0.319159,0.348559,0.394587,0.358415,0.322608,0.329399,0.553439,0.408119,0.360794,0.343720,1.000000,0.404383,0.448866,0.339261,0.450980,0.346024,0.389723,0.463675,0.311100,0.388211,0.326865,0.366176,0.348946,0.342081,0.318569,0.260862,0.355559,0.349515,0.311691,0.365210,0.306373,0.448906,0.377076,0.366316,0.370760,0.453544,0.369601,0.421036,0.390239,0.290740,0.365523,0.390628,0.505118,0.368326,0.295092,0.325708,0.400169,0.354696,0.297064,0.406268,0.391482,0.234964,0.444722,0.416169,0.488847,0.282304,0.372741,0.424231,0.443775,0.445898,0.332695,0.331737,0.463368,0.351216,0.340663,0.351257,0.407482,0.403623,0.315057,0.413039,0.304401,0.268143,0.481059,0.335695,0.284520,0.450805,0.407367,0.395035,0.432790,0.426134,0.423815,0.462225,0.375334,0.382294,0.301070,0.326165,0.432992,0.335247,0.305720,0.221147,0.301215,0.308020,0.337147,0.386360,0.270347,0.385426,0.341410,0.344326,0.294082,0.418354,0.369436,0.274361,0.395172,0.415354,0.329414,0.462277,0.513563,0.275645,0.204749,0.336110,0.344845,0.382790,0.383170,0.343209,0.469748,0.375001,0.403099,0.439694,0.307716,0.467108,0.250643,0.430631,0.365308,0.230053,0.467874,0.326680,0.368946,0.452528,0.445554,0.438425,0.338013,0.372782,0.171789,0.278866,0.459095,0.245163,0.247152,0.330162,0.346986,0.352740,0.355119,0.370221,0.222104,0.261695,0.350073,0.365969,0.277416,0.230802,0.372691,0.335612,0.352934,0.426595,0.349405,0.390403,0.457020,0.261123,0.270009,0.340083,0.346470,0.360948,0.382626,0.254770,0.271273,0.358259,0.372071,0.385591,0.271892,0.230126,0.414387,0.475740,0.403416,0.406126,0.296065,0.392771,0.356584,0.282556,0.308702,0.385130,0.361895,0.314893,0.409223,0.374439,0.359185,0.314211,0.416992,0.382085,0.320622,0.351184,0.326391,0.327191,#
21,0.462160,0.487488,0.438065,0.359488,0.353107,0.343231,0.375824,0.404612,0.293046,0.365896,0.389013,0.419171,0.271384,0.378824,0.315964,0.374847,0.379797,0.407568,0.344696,0.425104,0.404383,1.000000,0.366990,0.448463,0.471021,0.320566,0.435735,0.483627,0.394708,0.388115,0.379714,0.413065,0.375645,0.460871,0.270123,0.339115,0.416807,0.452495,0.450457,0.321070,0.365908,0.425033,0.305744,0.355258,0.427567,0.395193,0.490546,0.429872,0.333799,0.401284,0.462244,0.280226,0.423229,0.412406,0.306768,0.313065,0.458361,0.408600,0.364814,0.401517,0.277253,0.297018,0.419186,0.397487,0.495554,0.374783,0.369627,0.428994,0.462811,0.499268,0.493358,0.340453,0.474391,0.347614,0.344714,0.347472,0.352694,0.338151,0.341917,0.402196,0.491282,0.387462,0.407333,0.311737,0.404105,0.367465,0.387105,0.334413,0.438272,0.479069,0.356919,0.368363,0.392689,0.320256,0.415244,0.428619,0.389689,0.405173,0.354567,0.371987,0.462764,0.321211,0.309370,0.401869,0.375488,0.470330,0.375011,0.402909,0.344956,0.345722,0.335606,0.356557,0.453086,0.439537,0.300155,0.462993,0.525245,0.306500,0.403593,0.463365,0.378229,0.488982,0.233185,0.479955,0.399977,0.470327,0.366014,0.395114,0.326901,0.341449,0.361416,0.354216,0.456688,0.349885,0.443718,0.275505,0.386180,0.407116,0.429947,0.457388,0.291783,0.380159,0.324739,0.242391,0.425533,0.383151,0.329417,0.372483,0.340892,0.319646,0.364881,0.380431,0.348278,0.422794,0.404790,0.346682,0.286399,0.346227,0.340655,0.333520,0.484219,0.366286,0.325366,0.414938,0.431535,0.257749,0.239296,0.418096,0.291614,0.442253,0.402853,0.301617,0.411048,0.386552,0.351754,0.344923,0.431610,0.315150,0.393901,0.435950,0.334338,0.457959,0.236902,0.371153,0.301110,0.425811,0.369002,0.397976,0.476153,0.258316,0.436940,0.426917,0.370354,0.276594,0.462515,0.405041,0.362511,0.351412,0.378488,0.443478,#
