0,1.000000,0.443029,0.393274,0.280226,0.340515,0.377572,0.402688,0.260556,0.385411,0.394835,0.431222,0.418513,0.397356,0.313302,0.404562,0.349378,0.415946,0.474994,0.385463,0.331076,0.410697,0.458010,0.332175,0.400059,0.321824,0.270596,0.372536,0.454239,0.392789,0.347288,0.339295,0.312316,0.398279,0.255173,0.299220,0.407332,0.424363,0.396919,0.289739,0.412377,0.287226,0.411222,0.326828,0.415313,0.315986,0.324113,0.399220,0.372611,0.433901,0.366833,0.478958,0.341617,0.328906,0.307029,0.463177,0.298415,0.394237,0.399463,0.279105,0.330926,0.413605,0.338812,0.385587,0.400216,0.400688,0.233264,0.406652,0.337462,0.312877,0.360200,0.450567,0.409969,0.402641,0.397395,0.340921,0.346420,0.363589,0.408339,0.408359,0.281782,0.462093,0.354029,0.405440,0.369437,0.352368,0.454229,0.405867,0.297171,0.426534,0.370941,0.413915,0.287262,0.301181,0.329993,0.358136,0.419988,0.380809,0.357196,0.426846,0.379564,0.385914,0.423855,0.363546,0.385951,0.326897,0.372862,0.385182,0.411067,0.364361,0.339878,0.268595,0.350722,0.399090,0.356960,0.273583,0.338294,0.388045,0.301596,0.445262,0.327658,0.431451,0.287174,0.256799,0.305944,0.315186,0.458278,0.318856,0.368021,0.330091,0.440011,0.391104,0.405455,0.352770,0.315901,0.410708,0.272760,0.391208,0.360722,0.372503,0.455057,0.346796,0.380006,0.395706,0.383266,0.367100,0.402446,0.351648,0.267728,0.356009,0.309416,0.389847,0.300977,0.346572,0.346357,0.317755,0.210441,0.289982,0.338034,0.384057,0.377211,0.396507,0.412833,0.279248,0.384573,0.390851,0.273613,0.231039,0.336892,0.391767,0.387748,0.494538,0.171883,0.427231,0.444843,0.403472,0.327608,0.338419,0.358921,0.407696,0.304078,0.338259,0.453169,0.331188,0.245910,0.331363,0.434899,0.391368,0.497456,0.356560,0.244905,0.411956,0.365828,0.254321,0.247273,0.338032,0.318033,0.377836,0.322205,0.360405,0.421545,#
1,0.443029,1.000000,0.355919,0.243952,0.425331,0.383800,0.430616,0.329695,0.303664,0.372478,0.456361,0.420566,0.421266,0.461696,0.364196,0.336244,0.350591,0.334696,0.487067,0.313205,0.368407,0.471189,0.294645,0.399557,0.460935,0.380710,0.400043,0.445009,0.397453,0.260982,0.394456,0.371834,0.410091,0.331211,0.393405,0.351050,0.343451,0.366492,0.293232,0.367957,0.362964,0.365977,0.497257,0.297028,0.356153,0.308574,0.435630,0.422826,0.396687,0.354275,0.460351,0.351365,0.448899,0.344039,0.374507,0.286450,0.374923,0.399603,0.412367,0.441726,0.459795,0.363893,0.398885,0.405866,0.344940,0.318436,0.334468,0.410261,0.359984,0.299361,0.404631,0.315230,0.404226,0.367671,0.439168,0.246868,0.478172,0.401310,0.467591,0.355183,0.360579,0.481449,0.429990,0.462337,0.285086,0.378786,0.341113,0.368021,0.392636,0.477318,0.376732,0.447137,0.374866,0.367152,0.292994,0.454242,0.360112,0.285225,0.455090,0.330045,0.347726,0.305780,0.336054,0.396423,0.299046,0.275302,0.371560,0.453697,0.324534,0.359026,0.405362,0.375159,0.459765,0.394799,0.384954,0.341792,0.417624,0.299670,0.462213,0.358350,0.319227,0.348043,0.318474,0.372711,0.376251,0.409877,0.447944,0.350864,0.392798,0.366843,0.403589,0.388282,0.281158,0.341093,0.484426,0.377094,0.362770,0.316174,0.371902,0.395565,0.416886,0.365759,0.260936,0.338270,0.402400,0.384180,0.401799,0.305675,0.434175,0.300078,0.380928,0.402367,0.400144,0.240564,0.289820,0.334808,0.370054,0.421350,0.382939,0.293689,0.270334,0.423636,0.315757,0.380480,0.387365,0.418994,0.249809,0.404055,0.320846,0.455516,0.430115,0.282295,0.300331,0.356909,0.477169,0.384493,0.300035,0.415055,0.415519,0.345486,0.378919,0.356933,0.382584,0.355476,0.507502,0.381415,0.339375,0.448679,0.281002,0.329009,0.495803,0.381525,0.244990,0.303865,0.386174,0.426569,0.268709,0.388835,0.338301,0.375856,#
2,0.393274,0.355919,1.000000,0.387200,0.354944,0.422591,0.388583,0.310325,0.281498,0.304093,0.286060,0.390643,0.361289,0.379326,0.388812,0.367272,0.391850,0.388547,0.392062,0.335465,0.356508,0.430245,0.418108,0.400567,0.425463,0.358516,0.395374,0.294104,0.336336,0.315106,0.391852,0.379053,0.368200,0.342600,0.366748,0.353458,0.343948,0.408513,0.309742,0.367552,0.439569,0.378201,0.387284,0.305908,0.279710,0.392683,0.342814,0.418662,0.302673,0.339551,0.399264,0.403844,0.412211,0.336603,0.337685,0.408797,0.248553,0.435658,0.290987,0.397163,0.208612,0.374762,0.373249,0.458188,0.416057,0.355001,0.364802,0.314325,0.354399,0.412403,0.356087,0.256035,0.301158,0.375472,0.377014,0.435747,0.347182,0.390741,0.393807,0.361359,0.421311,0.368551,0.338652,0.367416,0.264306,0.442069,0.405454,0.370188,0.307729,0.427431,0.311328,0.301191,0.375314,0.317671,0.338075,0.367713,0.335852,0.266109,0.421630,0.322786,0.376163,0.450561,0.355236,0.319316,0.450969,0.283168,0.319226,0.396518,0.338807,0.427322,0.391967,0.378137,0.406987,0.299255,0.290096,0.314409,0.280270,0.409829,0.275210,0.269800,0.371996,0.286941,0.295488,0.272615,0.308645,0.313893,0.389398,0.361582,0.373828,0.325977,0.310109,0.461118,0.294920,0.281883,0.350810,0.380117,0.382916,0.370872,0.299042,0.305885,0.292461,0.313240,0.411383,0.387843,0.462437,0.361045,0.342899,0.295451,0.441083,0.354597,0.354643,0.376210,0.343298,0.349485,0.250951,0.249977,0.279795,0.357746,0.365563,0.289801,0.453476,0.417445,0.390914,0.370255,0.345919,0.284864,0.298218,0.362604,0.340078,0.426973,0.419798,0.377712,0.332678,0.340795,0.448866,0.377308,0.450461,0.403818,0.382812,0.372815,0.408893,0.330836,0.273169,0.280051,0.345686,0.416997,0.446437,0.370791,0.325151,0.273475,0.370924,0.336156,0.408241,0.328297,0.331348,0.318287,0.396666,0.221108,0.487880,0.420600,#
3,0.280226,0.243952,0.387200,1.000000,0.266181,0.240897,0.298518,0.327155,0.251322,0.226077,0.241999,0.351561,0.226642,0.283001,0.143844,0.171204,0.258513,0.341628,0.252585,0.238361,0.254139,0.318054,0.294984,0.333083,0.316745,0.315533,0.269112,0.254625,0.310991,0.203363,0.285506,0.330404,0.285997,0.372223,0.216158,0.246885,0.330709,0.393664,0.287754,0.235338,0.289266,0.310523,0.404685,0.229564,0.277225,0.368093,0.349415,0.322133,0.225445,0.343222,0.419707,0.259173,0.256366,0.283215,0.204016,0.347444,0.262714,0.359015,0.255681,0.293360,0.245087,0.253698,0.317827,0.379750,0.316014,0.248773,0.243618,0.391569,0.164518,0.268039,0.380226,0.202219,0.179618,0.302835,0.352719,0.308865,0.238120,0.317726,0.298223,0.371831,0.285927,0.324682,0.266442,0.326660,0.248887,0.286636,0.401121,0.255530,0.267159,0.386808,0.323242,0.214220,0.265521,0.379646,0.205900,0.302143,0.262451,0.179548,0.331571,0.244216,0.248077,0.322680,0.312651,0.220890,0.341585,0.214357,0.270332,0.326494,0.284164,0.247033,0.322689,0.263353,0.262810,0.285185,0.179151,0.225384,0.293125,0.280247,0.267252,0.235333,0.295881,0.270638,0.329079,0.286140,0.240936,0.270023,0.326489,0.197115,0.307223,0.380454,0.266257,0.291276,0.335366,0.412276,0.293375,0.327990,0.259896,0.216927,0.287301,0.329501,0.328970,0.258653,0.346611,0.341279,0.364544,0.202360,0.303957,0.300207,0.335938,0.330361,0.302508,0.211337,0.237871,0.277304,0.216528,0.149867,0.301645,0.304993,0.167144,0.334252,0.382648,0.315893,0.314679,0.404153,0.338451,0.342982,0.244206,0.219916,0.290565,0.381674,0.342585,0.201340,0.282129,0.298174,0.345125,0.287647,0.206756,0.272646,0.252304,0.275878,0.370301,0.376003,0.315425,0.336805,0.300231,0.264415,0.198237,0.429460,0.170456,0.189420,0.322358,0.327285,0.329661,0.304109,0.164456,0.305087,0.342082,0.274631,0.332009,0.332046,#
4,0.340515,0.425331,0.354944,0.266181,1.000000,0.274605,0.433399,0.248917,0.356669,0.326269,0.432272,0.275648,0.373089,0.329784,0.284875,0.298559,0.316726,0.386514,0.411159,0.418989,0.289912,0.431539,0.305524,0.387802,0.406199,0.419228,0.327591,0.376701,0.370472,0.231541,0.361812,0.368077,0.446622,0.332537,0.396039,0.311147,0.205799,0.469777,0.322393,0.344845,0.360076,0.378016,0.401818,0.374246,0.360777,0.287325,0.387033,0.421870,0.374897,0.424796,0.410277,0.245334,0.373413,0.399298,0.350428,0.360620,0.239032,0.363485,0.276652,0.416169,0.390307,0.331736,0.320321,0.324654,0.307675,0.278120,0.395397,0.361913,0.334287,0.319436,0.317632,0.357312,0.338522,0.279529,0.363126,0.247244,0.270120,0.360833,0.293725,0.247996,0.461610,0.434574,0.266764,0.376035,0.335357,0.393094,0.320207,0.332582,0.385711,0.411905,0.335237,0.361089,0.263048,0.351982,0.232429,0.401901,0.299687,0.391920,0.456339,0.307578,0.357002,0.278434,0.282700,0.401989,0.439719,0.257630,0.321470,0.373602,0.323775,0.457911,0.441154,0.234598,0.402835,0.455169,0.261687,0.246538,0.308735,0.251794,0.390138,0.337663,0.315018,0.376416,0.337139,0.289109,0.357017,0.371392,0.404778,0.327240,0.233597,0.251585,0.309225,0.407693,0.354650,0.301535,0.399887,0.353964,0.316247,0.255984,0.237879,0.310208,0.381421,0.246069,0.350893,0.393240,0.324308,0.337125,0.387662,0.251290,0.382501,0.400574,0.344328,0.382129,0.396377,0.388286,0.278703,0.279883,0.363099,0.388077,0.294397,0.319916,0.307445,0.355313,0.325057,0.358938,0.304736,0.414676,0.346384,0.246445,0.371212,0.393680,0.463689,0.308431,0.297159,0.231676,0.385713,0.217972,0.339046,0.298231,0.227622,0.276440,0.289382,0.361511,0.261924,0.273701,0.367945,0.342220,0.354706,0.473924,0.357317,0.265010,0.377153,0.288167,0.377558,0.314989,0.342128,0.353860,0.348718,0.387277,0.378425,0.381477,#
5,0.377572,0.383800,0.422591,0.240897,0.274605,1.000000,0.282338,0.317109,0.312589,0.313077,0.237817,0.368440,0.292129,0.240192,0.296915,0.404631,0.363432,0.397673,0.365289,0.256777,0.348898,0.387702,0.354688,0.477755,0.263320,0.371778,0.315890,0.312934,0.369135,0.318386,0.218352,0.453709,0.313101,0.277871,0.357731,0.272211,0.459618,0.372404,0.323696,0.405290,0.344678,0.311593,0.326309,0.364093,0.266712,0.376613,0.285594,0.255170,0.368253,0.349619,0.384849,0.303559,0.404691,0.265028,0.326694,0.358244,0.297563,0.427987,0.259844,0.351008,0.382015,0.345090,0.387344,0.381021,0.361407,0.273212,0.352595,0.365683,0.215603,0.231873,0.450773,0.255126,0.413148,0.462531,0.315381,0.331512,0.343821,0.332082,0.379265,0.296655,0.398663,0.312760,0.359790,0.233643,0.167823,0.390049,0.307543,0.327840,0.335356,0.304306,0.297232,0.332418,0.228076,0.308997,0.210721,0.341082,0.348464,0.209040,0.384909,0.242332,0.351901,0.381284,0.410401,0.332785,0.278577,0.246862,0.291997,0.370850,0.286141,0.375104,0.413626,0.321912,0.401304,0.299114,0.268749,0.351565,0.451487,0.336213,0.267175,0.396160,0.258985,0.262809,0.303863,0.215083,0.378913,0.287923,0.298569,0.240227,0.333800,0.387065,0.322641,0.391179,0.253717,0.263966,0.447190,0.330058,0.270583,0.252792,0.286464,0.318252,0.365662,0.330221,0.318808,0.330325,0.322743,0.283540,0.285984,0.333811,0.321821,0.260293,0.291892,0.253458,0.310522,0.375402,0.221892,0.244494,0.322674,0.320693,0.335164,0.236771,0.418209,0.296049,0.376175,0.213416,0.307010,0.245671,0.147384,0.332642,0.349063,0.406631,0.237126,0.289706,0.399943,0.293997,0.311729,0.334909,0.260418,0.370078,0.364230,0.285144,0.408163,0.432218,0.409361,0.255866,0.322563,0.398024,0.318031,0.320821,0.323141,0.309035,0.447160,0.256711,0.270072,0.350909,0.328908,0.321699,0.367157,0.325648,0.374027,0.443737,#
6,0.402688,0.430616,0.388583,0.298518,0.433399,0.282338,1.000000,0.313205,0.297636,0.336361,0.403162,0.381910,0.350669,0.439526,0.230912,0.316045,0.377221,0.392187,0.437638,0.397492,0.371859,0.423542,0.342443,0.378006,0.434360,0.302725,0.297097,0.346358,0.366175,0.308334,0.345220,0.317739,0.364467,0.291276,0.299925,0.266662,0.291873,0.353171,0.248172,0.382120,0.398922,0.379382,0.404943,0.379533,0.357307,0.234109,0.435193,0.486781,0.394567,0.436090,0.327576,0.443451,0.422020,0.358675,0.267520,0.344407,0.342822,0.446107,0.313888,0.405448,0.286396,0.343452,0.325029,0.430563,0.244689,0.390606,0.357427,0.320462,0.332842,0.257287,0.434740,0.397598,0.366916,0.418324,0.358421,0.303104,0.374352,0.370397,0.382171,0.338761,0.400544,0.465156,0.417607,0.331451,0.360476,0.459418,0.404594,0.417410,0.425423,0.405471,0.383977,0.330503,0.374127,0.450393,0.304071,0.472664,0.332776,0.305982,0.473798,0.297682,0.429599,0.395498,0.215331,0.401495,0.267947,0.406191,0.375984,0.382782,0.332530,0.374983,0.347251,0.278909,0.405748,0.362886,0.304320,0.292520,0.401147,0.320693,0.383969,0.297408,0.295362,0.430199,0.270565,0.289046,0.285943,0.354409,0.330119,0.464217,0.279125,0.385181,0.339864,0.365997,0.417208,0.248548,0.520206,0.379146,0.296068,0.442608,0.338686,0.279860,0.332428,0.223547,0.359068,0.515474,0.265529,0.360934,0.312734,0.271469,0.304285,0.289192,0.424135,0.338234,0.392172,0.364999,0.360274,0.231189,0.309289,0.349695,0.311446,0.297234,0.356013,0.358627,0.314152,0.399807,0.414337,0.321489,0.219933,0.268205,0.423371,0.443046,0.359354,0.310177,0.285709,0.311392,0.401115,0.362383,0.317611,0.318431,0.378034,0.263041,0.234466,0.242966,0.319670,0.346578,0.401729,0.324491,0.354631,0.383781,0.332665,0.363021,0.399802,0.266929,0.397934,0.281450,0.295007,0.370100,0.358503,0.358268,0.283873,0.342640,#
7,0.260556,0.329695,0.310325,0.327155,0.248917,0.317109,0.313205,1.000000,0.270158,0.352047,0.311127,0.405789,0.310579,0.359294,0.211387,0.275175,0.340811,0.364437,0.332655,0.373653,0.294780,0.380934,0.438800,0.323496,0.432193,0.326686,0.326590,0.392508,0.287294,0.260861,0.376915,0.407481,0.366947,0.341073,0.315253,0.328460,0.298710,0.323572,0.308570,0.263035,0.254169,0.314340,0.462248,0.251243,0.300271,0.404630,0.314892,0.400425,0.390261,0.413187,0.430991,0.281583,0.315437,0.366579,0.354370,0.410761,0.359055,0.349441,0.279176,0.379151,0.276464,0.205582,0.362445,0.356703,0.396301,0.227107,0.331978,0.425404,0.315566,0.475959,0.335444,0.234885,0.410515,0.412374,0.373122,0.344283,0.396296,0.347323,0.398312,0.406159,0.315326,0.364698,0.387855,0.385117,0.289568,0.393817,0.428119,0.363469,0.367146,0.397044,0.336897,0.243852,0.328750,0.336256,0.328415,0.365894,0.304819,0.230378,0.297684,0.214974,0.380666,0.334314,0.288006,0.356446,0.246681,0.332151,0.335357,0.322350,0.347403,0.279322,0.328848,0.345158,0.299949,0.358955,0.377771,0.323824,0.328876,0.367399,0.392051,0.377267,0.340315,0.376973,0.343511,0.416642,0.425176,0.383786,0.359596,0.351740,0.313204,0.352208,0.321681,0.280545,0.306008,0.337691,0.443750,0.416616,0.278793,0.356131,0.409125,0.410665,0.422588,0.500624,0.239393,0.380079,0.440596,0.324787,0.393580,0.310330,0.395387,0.305323,0.362017,0.484421,0.310521,0.231994,0.235432,0.393393,0.305821,0.384307,0.293817,0.317932,0.414722,0.315254,0.295500,0.388591,0.385094,0.274867,0.318200,0.234185,0.407092,0.327594,0.385255,0.371832,0.321188,0.269948,0.347581,0.339690,0.319388,0.382821,0.253303,0.385540,0.334117,0.422126,0.226135,0.264779,0.284203,0.331975,0.390481,0.434736,0.298867,0.345592,0.390192,0.298933,0.260498,0.350739,0.206006,0.302646,0.403656,0.340211,0.348730,0.409858,#
8,0.385411,0.303664,0.281498,0.251322,0.356669,0.312589,0.297636,0.270158,1.000000,0.236197,0.366265,0.349689,0.355077,0.365521,0.343366,0.334154,0.375372,0.310831,0.262065,0.386996,0.288150,0.346671,0.326515,0.340663,0.328907,0.376554,0.227788,0.372946,0.296299,0.411608,0.263448,0.391147,0.336386,0.423227,0.349771,0.304801,0.308409,0.431802,0.281979,0.477642,0.327704,0.263063,0.292830,0.377043,0.378251,0.316869,0.390533,0.411821,0.242023,0.282442,0.339105,0.401315,0.296371,0.450073,0.372759,0.363154,0.282051,0.299432,0.281316,0.404325,0.343825,0.217996,0.453350,0.415434,0.311819,0.296414,0.350194,0.403598,0.413541,0.323488,0.246684,0.393494,0.332375,0.336401,0.255290,0.234648,0.342108,0.261397,0.370448,0.218221,0.347234,0.337385,0.356281,0.256340,0.278590,0.378761,0.334755,0.315627,0.384330,0.373232,0.345902,0.245574,0.266655,0.344105,0.298658,0.471440,0.387769,0.313407,0.315805,0.224940,0.354693,0.269130,0.245677,0.265914,0.316334,0.258293,0.403504,0.370701,0.244369,0.375382,0.297729,0.337276,0.326566,0.306088,0.278058,0.341303,0.469326,0.318820,0.214994,0.383868,0.338341,0.240119,0.332992,0.237639,0.342806,0.395079,0.283916,0.302354,0.348909,0.349296,0.362946,0.365026,0.319762,0.300590,0.452471,0.371143,0.309310,0.390776,0.439561,0.340580,0.291257,0.333176,0.437735,0.341613,0.377193,0.333585,0.335287,0.441815,0.374458,0.323538,0.303225,0.310863,0.326029,0.293199,0.332606,0.234047,0.370970,0.268920,0.284079,0.311875,0.266537,0.294284,0.301337,0.397871,0.294453,0.301912,0.296627,0.299714,0.320770,0.390462,0.421201,0.111329,0.266579,0.408116,0.388387,0.383558,0.248140,0.363723,0.285385,0.339474,0.407667,0.296284,0.141107,0.268410,0.407954,0.294362,0.302964,0.330966,0.301982,0.249049,0.395960,0.296407,0.215172,0.276669,0.289706,0.295142,0.362430,0.210079,0.314049,0.384714,#
9,0.394835,0.372478,0.304093,0.226077,0.326269,0.313077,0.336361,0.352047,0.236197,1.000000,0.452287,0.379829,0.345305,0.392118,0.339156,0.370172,0.325269,0.303227,0.344052,0.395602,0.324939,0.358499,0.374160,0.395521,0.338368,0.301778,0.374008,0.466694,0.330170,0.237960,0.412223,0.393462,0.304726,0.355896,0.332057,0.359045,0.210444,0.354230,0.277865,0.303130,0.333748,0.369979,0.301296,0.209062,0.380036,0.412245,0.330902,0.438931,0.415008,0.279717,0.418733,0.373827,0.346824,0.286327,0.365255,0.364129,0.408081,0.383596,0.228772,0.360145,0.309168,0.296526,0.416678,0.364102,0.347242,0.321120,0.279583,0.440031,0.368181,0.270118,0.374657,0.330569,0.288985,0.420249,0.398977,0.307354,0.480478,0.334785,0.447869,0.389857,0.396714,0.390977,0.462308,0.362962,0.381482,0.493347,0.430337,0.288334,0.407116,0.354926,0.286748,0.427889,0.322163,0.363398,0.321461,0.436097,0.443834,0.270486,0.379663,0.355979,0.424274,0.347097,0.437238,0.249024,0.349477,0.287404,0.357616,0.429120,0.294944,0.271238,0.254539,0.320049,0.417773,0.362237,0.344476,0.345920,0.445296,0.420376,0.450749,0.297441,0.492298,0.466245,0.325235,0.354933,0.378227,0.387447,0.281996,0.453787,0.287587,0.269327,0.355858,0.424524,0.301529,0.311478,0.488417,0.266058,0.306245,0.292904,0.371707,0.385136,0.318527,0.303430,0.298739,0.334457,0.364233,0.236439,0.391875,0.320401,0.280465,0.303370,0.398719,0.362962,0.399678,0.314920,0.311992,0.349849,0.385988,0.409399,0.345421,0.352944,0.352151,0.269439,0.207557,0.423354,0.397779,0.326872,0.248476,0.275402,0.402336,0.434355,0.384489,0.366336,0.351520,0.359223,0.360193,0.357666,0.299866,0.216656,0.250007,0.410918,0.334848,0.384166,0.371747,0.367796,0.328848,0.365539,0.471786,0.431977,0.375880,0.266876,0.393527,0.329757,0.227406,0.307077,0.303573,0.362397,0.316213,0.237568,0.366072,0.349836,#
10,0.431222,0.456361,0.286060,0.241999,0.432272,0.237817,0.403162,0.311127,0.366265,0.452287,1.000000,0.361024,0.317815,0.413390,0.307621,0.339499,0.432076,0.333265,0.448295,0.422801,0.352351,0.362088,0.326738,0.294125,0.360993,0.312143,0.419369,0.373230,0.274513,0.324487,0.372917,0.327481,0.312977,0.362122,0.346047,0.400859,0.188310,0.361775,0.307297,0.284007,0.250519,0.246968,0.356948,0.252425,0.331727,0.325143,0.375110,0.434836,0.424659,0.389989,0.329578,0.403238,0.336043,0.352861,0.356522,0.377783,0.329261,0.373974,0.315231,0.330040,0.394892,0.333901,0.371790,0.383375,0.310015,0.303952,0.373280,0.331870,0.332562,0.262257,0.310667,0.312241,0.289989,0.372604,0.366441,0.327835,0.452801,0.259791,0.400502,0.266661,0.331504,0.474603,0.320776,0.373188,0.323074,0.436394,0.388807,0.252549,0.388642,0.344898,0.232021,0.354105,0.370779,0.307038,0.286642,0.386434,0.399427,0.230816,0.450202,0.351744,0.443439,0.279184,0.315073,0.350996,0.364988,0.300737,0.448081,0.384745,0.320350,0.390105,0.258521,0.282984,0.362448,0.392970,0.338640,0.379656,0.390919,0.288677,0.270823,0.278240,0.300052,0.288027,0.345888,0.349806,0.380352,0.343376,0.314078,0.328808,0.311516,0.356034,0.369595,0.370234,0.330662,0.248918,0.459457,0.333287,0.334748,0.372941,0.275595,0.463957,0.319850,0.274098,0.437150,0.306026,0.335074,0.348373,0.244857,0.339442,0.321415,0.366996,0.336359,0.433281,0.343663,0.390659,0.372009,0.364126,0.344248,0.335443,0.287823,0.421740,0.271918,0.348165,0.285848,0.417060,0.337835,0.324053,0.251279,0.219037,0.335424,0.484555,0.443516,0.304814,0.340707,0.375573,0.421278,0.226836,0.309907,0.351486,0.386005,0.421295,0.362408,0.324377,0.360532,0.294372,0.422117,0.327402,0.337098,0.396429,0.298730,0.280182,0.349142,0.337132,0.288183,0.281126,0.304212,0.423557,0.370088,0.392803,0.381054,0.418435,#
11,0.418513,0.420566,0.390643,0.351561,0.275648,0.368440,0.381910,0.405789,0.349689,0.379829,0.361024,1.000000,0.436636,0.342571,0.226434,0.443268,0.435669,0.442825,0.402515,0.259306,0.406425,0.434234,0.369986,0.429284,0.470223,0.457822,0.293362,0.419503,0.292730,0.413207,0.376913,0.440725,0.342960,0.410079,0.348044,0.318092,0.447105,0.468885,0.266254,0.351858,0.402514,0.375483,0.458885,0.410834,0.343474,0.385813,0.387739,0.478524,0.371078,0.306308,0.443934,0.431147,0.351614,0.421962,0.356593,0.376397,0.502890,0.399017,0.348125,0.368357,0.354293,0.395009,0.457723,0.462467,0.418694,0.267969,0.390299,0.419295,0.339075,0.342285,0.380279,0.289519,0.347592,0.489194,0.461513,0.419859,0.406844,0.380018,0.555096,0.362326,0.398683,0.319429,0.366673,0.444070,0.411281,0.441929,0.490322,0.357812,0.421083,0.379764,0.453615,0.358240,0.407484,0.439745,0.345247,0.398746,0.340193,0.344523,0.406471,0.391103,0.472024,0.387916,0.378116,0.263280,0.358953,0.441577,0.413553,0.386174,0.367886,0.434460,0.328440,0.346230,0.432872,0.401010,0.257002,0.493248,0.443667,0.311068,0.390607,0.406054,0.369308,0.447698,0.384014,0.357986,0.401068,0.376293,0.505446,0.480635,0.410178,0.354510,0.408473,0.518338,0.303991,0.304398,0.415102,0.342961,0.276560,0.422113,0.357601,0.411241,0.347052,0.441232,0.376892,0.487671,0.401543,0.413396,0.401576,0.367834,0.441786,0.360501,0.416364,0.479147,0.336990,0.361491,0.451057,0.287669,0.322897,0.346767,0.290061,0.361911,0.468474,0.367866,0.324488,0.419245,0.488475,0.415248,0.301482,0.346929,0.521777,0.427169,0.466258,0.245285,0.393918,0.382845,0.383679,0.458054,0.427079,0.384415,0.329302,0.326778,0.405407,0.397186,0.396854,0.367002,0.399971,0.473892,0.399532,0.391291,0.338721,0.362163,0.272820,0.351933,0.360542,0.212431,0.297911,0.381294,0.473842,0.346618,0.340111,0.456510,#
12,0.397356,0.421266,0.361289,0.226642,0.373089,0.292129,0.350669,0.310579,0.355077,0.345305,0.317815,0.436636,1.000000,0.351573,0.296911,0.358330,0.386168,0.378396,0.512640,0.369318,0.391874,0.302437,0.380860,0.425429,0.418543,0.312063,0.293860,0.488516,0.376349,0.387945,0.413384,0.454915,0.399103,0.368700,0.347763,0.327030,0.379045,0.382001,0.223621,0.355787,0.404293,0.309924,0.452147,0.381593,0.370121,0.398301,0.322276,0.356986,0.424697,0.350841,0.441793,0.263209,0.321429,0.379088,0.312336,0.315351,0.377292,0.427023,0.341199,0.395156,0.359982,0.365526,0.417286,0.412902,0.321766,0.338683,0.391449,0.333508,0.333656,0.264030,0.309491,0.374452,0.299151,0.337060,0.415631,0.339400,0.397088,0.344896,0.343018,0.330483,0.427867,0.391572,0.439407,0.372263,0.406693,0.471178,0.378976,0.372537,0.427159,0.407967,0.405691,0.344958,0.306766,0.431879,0.333352,0.320179,0.399528,0.388614,0.299389,0.256552,0.367555,0.403605,0.310817,0.422238,0.390052,0.357957,0.392757,0.366383,0.302877,0.466884,0.349971,0.253644,0.405815,0.416591,0.291108,0.362887,0.427020,0.453533,0.278805,0.337728,0.266921,0.473129,0.361210,0.361545,0.300491,0.454055,0.377268,0.364922,0.375933,0.289329,0.351941,0.451467,0.302501,0.241960,0.376794,0.363771,0.351829,0.370701,0.361357,0.336021,0.426670,0.431954,0.327324,0.347680,0.346390,0.336040,0.390106,0.303223,0.372449,0.294847,0.440828,0.507917,0.326282,0.318714,0.388817,0.242117,0.362675,0.247738,0.310382,0.227109,0.446475,0.334405,0.275811,0.428256,0.399350,0.355803,0.338317,0.170111,0.390564,0.451123,0.349763,0.288107,0.379112,0.322245,0.428272,0.314441,0.284128,0.305359,0.216362,0.351864,0.395212,0.380200,0.363012,0.351734,0.384640,0.406164,0.408448,0.428900,0.269171,0.253449,0.425605,0.416571,0.320556,0.348345,0.362072,0.332218,0.425996,0.196029,0.399148,0.351542,#
13,0.313302,0.461696,0.379326,0.283001,0.329784,0.240192,0.439526,0.359294,0.365521,0.392118,0.413390,0.342571,0.351573,1.000000,0.336882,0.340368,0.368711,0.296882,0.375524,0.348912,0.355779,0.359201,0.380536,0.283722,0.456323,0.378545,0.397672,0.375779,0.322977,0.230792,0.366419,0.304432,0.381271,0.353907,0.251544,0.346191,0.252396,0.366851,0.199961,0.320350,0.303211,0.322513,0.499790,0.287169,0.361833,0.267514,0.410893,0.390734,0.423352,0.314925,0.435890,0.382246,0.336129,0.317771,0.401443,0.436867,0.314475,0.344646,0.335344,0.382862,0.350016,0.311542,0.511830,0.401372,0.269959,0.273294,0.422193,0.375103,0.439083,0.361092,0.299980,0.381223,0.349031,0.443507,0.415177,0.243277,0.396898,0.367197,0.421454,0.343156,0.347475,0.441154,0.446125,0.401761,0.446333,0.383700,0.449555,0.379906,0.424174,0.460924,0.341977,0.362714,0.421808,0.367079,0.360476,0.418646,0.321388,0.288579,0.360622,0.340189,0.496666,0.348206,0.327965,0.282059,0.333197,0.362515,0.340039,0.401339,0.320486,0.338124,0.304422,0.319550,0.476682,0.355425,0.365000,0.274151,0.422846,0.318840,0.345510,0.391963,0.404505,0.413337,0.247437,0.393333,0.335964,0.361171,0.337077,0.428003,0.465987,0.280190,0.330206,0.348140,0.361947,0.355210,0.505852,0.296900,0.358079,0.354553,0.471585,0.382922,0.367693,0.306941,0.331682,0.410910,0.387446,0.434166,0.372305,0.334484,0.211438,0.328699,0.412240,0.248082,0.365788,0.319286,0.407343,0.312061,0.340725,0.354951,0.297884,0.266666,0.324257,0.375123,0.247755,0.461122,0.429274,0.387358,0.199215,0.258450,0.419696,0.468834,0.435222,0.407229,0.346196,0.310011,0.417910,0.388368,0.353327,0.295208,0.403539,0.293925,0.419090,0.240612,0.291355,0.367595,0.314832,0.356973,0.413105,0.449044,0.365764,0.382511,0.355497,0.321384,0.296785,0.305969,0.293509,0.390967,0.375921,0.305630,0.371141,0.399746,#
14,0.404562,0.364196,0.388812,0.143844,0.284875,0.296915,0.230912,0.211387,0.343366,0.339156,0.307621,0.226434,0.296911,0.336882,1.000000,0.397018,0.296055,0.326904,0.390604,0.321529,0.263395,0.334265,0.293612,0.321671,0.339635,0.245549,0.328746,0.244142,0.304041,0.271747,0.247950,0.201717,0.239080,0.247825,0.331026,0.349859,0.316012,0.374278,0.330549,0.364258,0.378104,0.300203,0.418122,0.335575,0.258896,0.250725,0.371808,0.340729,0.318541,0.217082,0.384449,0.280465,0.280526,0.287981,0.362838,0.317705,0.273323,0.319656,0.255915,0.331187,0.344666,0.384670,0.307945,0.343533,0.312509,0.232050,0.294025,0.325068,0.345720,0.264008,0.196497,0.273584,0.213024,0.417162,0.162882,0.286865,0.280330,0.370997,0.353833,0.246089,0.320129,0.183700,0.404317,0.358874,0.234507,0.359793,0.220011,0.235735,0.347986,0.335625,0.325899,0.295270,0.335927,0.301279,0.254281,0.285730,0.336396,0.250940,0.410814,0.254020,0.282831,0.293586,0.314135,0.262431,0.227186,0.247825,0.363930,0.402906,0.296197,0.317169,0.220656,0.295650,0.361391,0.169108,0.272382,0.340908,0.256243,0.320486,0.310597,0.274560,0.387687,0.253693,0.282056,0.329900,0.243905,0.269934,0.318317,0.303633,0.211622,0.277889,0.103863,0.327686,0.343393,0.163245,0.268350,0.243741,0.334896,0.236486,0.276059,0.258356,0.367340,0.373541,0.378431,0.274941,0.256205,0.290146,0.327714,0.166601,0.270473,0.245230,0.214391,0.246018,0.185543,0.359413,0.192730,0.191615,0.267111,0.319364,0.252834,0.212161,0.273194,0.311940,0.240631,0.228353,0.308202,0.224819,0.323271,0.279194,0.261511,0.322217,0.361520,0.293675,0.316547,0.367925,0.385729,0.217558,0.348166,0.344153,0.307231,0.347763,0.367220,0.379734,0.208684,0.368634,0.302867,0.324351,0.344497,0.374406,0.249500,0.144147,0.322536,0.312403,0.290285,0.381056,0.296722,0.181244,0.205767,0.228867,0.382269,0.426762,#
15,0.349378,0.336244,0.367272,0.171204,0.298559,0.404631,0.316045,0.275175,0.334154,0.370172,0.339499,0.443268,0.358330,0.340368,0.397018,1.000000,0.410265,0.448554,0.422863,0.291452,0.253245,0.413238,0.337617,0.384663,0.445343,0.251595,0.326878,0.293430,0.272586,0.268361,0.365954,0.376194,0.300253,0.356140,0.370094,0.273533,0.341625,0.391354,0.347251,0.380387,0.518925,0.333729,0.403410,0.369123,0.394110,0.306362,0.322647,0.415709,0.328183,0.336195,0.390254,0.335156,0.397545,0.344069,0.338272,0.321740,0.352743,0.418078,0.311210,0.413698,0.260922,0.312740,0.272263,0.365634,0.257029,0.244667,0.468067,0.403586,0.397522,0.267458,0.204842,0.332131,0.289946,0.309287,0.381564,0.424991,0.367955,0.387018,0.411465,0.283671,0.474747,0.318954,0.296919,0.370779,0.297517,0.458180,0.414454,0.203974,0.409145,0.333181,0.309636,0.242184,0.351365,0.426789,0.299656,0.334713,0.357250,0.282282,0.456579,0.320732,0.440994,0.340572,0.402056,0.316539,0.352319,0.298076,0.367411,0.297434,0.353006,0.472823,0.292772,0.383575,0.348870,0.275917,0.253907,0.436917,0.383728,0.377288,0.310562,0.384828,0.365974,0.314140,0.274556,0.341278,0.262800,0.279360,0.389671,0.365170,0.342297,0.235071,0.210307,0.435779,0.293466,0.311150,0.428438,0.329564,0.373502,0.298201,0.318869,0.211296,0.396081,0.379466,0.482305,0.346870,0.355724,0.357640,0.446598,0.257891,0.323862,0.386102,0.386696,0.355912,0.300345,0.522508,0.229263,0.438052,0.258488,0.377257,0.296589,0.300275,0.331602,0.352334,0.255928,0.351071,0.304961,0.400683,0.279574,0.288052,0.402753,0.421480,0.392335,0.260970,0.408058,0.295246,0.411605,0.231642,0.380585,0.291487,0.258040,0.336331,0.260895,0.389774,0.308077,0.244961,0.351610,0.468733,0.288997,0.365661,0.276239,0.214950,0.218840,0.452397,0.237886,0.383403,0.287849,0.343202,0.327430,0.318505,0.289681,0.399359,#
16,0.415946,0.350591,0.391850,0.258513,0.316726,0.363432,0.377221,0.340811,0.375372,0.325269,0.432076,0.435669,0.386168,0.368711,0.296055,0.410265,1.000000,0.410089,0.374801,0.285830,0.507955,0.400056,0.472045,0.312844,0.350413,0.326005,0.363972,0.254723,0.286195,0.262128,0.363684,0.457377,0.270994,0.368204,0.290355,0.311575,0.357870,0.323567,0.278850,0.374695,0.273644,0.345414,0.394990,0.332759,0.316002,0.332150,0.409137,0.373266,0.374668,0.327988,0.240735,0.345482,0.451153,0.367632,0.317079,0.338831,0.242815,0.358795,0.266169,0.299812,0.274095,0.384155,0.362618,0.443274,0.392141,0.268041,0.374965,0.468330,0.339259,0.374810,0.286533,0.310094,0.343173,0.336396,0.387019,0.463155,0.360220,0.333684,0.475495,0.316994,0.287694,0.336143,0.305279,0.339040,0.337406,0.509675,0.455314,0.333496,0.384116,0.327171,0.294403,0.309598,0.316801,0.338040,0.329828,0.410424,0.332139,0.260008,0.471606,0.320178,0.408792,0.299757,0.247406,0.319507,0.329990,0.349416,0.341184,0.318503,0.385372,0.406798,0.341702,0.396524,0.417374,0.305316,0.366026,0.439628,0.428738,0.332310,0.242296,0.326686,0.284244,0.317905,0.356109,0.322363,0.386588,0.279538,0.382172,0.289090,0.395348,0.378150,0.245760,0.409939,0.355341,0.291823,0.465668,0.327280,0.269533,0.365280,0.350117,0.420126,0.277316,0.356720,0.274227,0.366486,0.354091,0.325864,0.230330,0.267191,0.272592,0.211094,0.342335,0.352283,0.330973,0.308060,0.304226,0.398634,0.280580,0.303065,0.357501,0.278425,0.331774,0.357315,0.366096,0.403787,0.276269,0.313638,0.286915,0.300129,0.354988,0.349163,0.384931,0.189200,0.374708,0.254861,0.376355,0.358757,0.366715,0.315666,0.285350,0.340240,0.333382,0.379622,0.277289,0.221140,0.289987,0.318005,0.412926,0.375088,0.273660,0.267034,0.369213,0.274241,0.282543,0.299323,0.356848,0.358279,0.360536,0.342567,0.317604,0.451892,#
17,0.474994,0.334696,0.388547,0.341628,0.386514,0.397673,0.392187,0.364437,0.310831,0.303227,0.333265,0.442825,0.378396,0.296882,0.326904,0.448554,0.410089,1.000000,0.384299,0.412522,0.333512,0.456977,0.436469,0.523150,0.462429,0.351275,0.286547,0.339690,0.418308,0.386404,0.406077,0.473349,0.471632,0.407628,0.311113,0.294238,0.340871,0.558845,0.298849,0.316117,0.390592,0.299620,0.440719,0.472669,0.304218,0.349517,0.428804,0.394633,0.472626,0.453475,0.444829,0.319971,0.347880,0.416543,0.391476,0.381904,0.353340,0.530913,0.338054,0.396762,0.387692,0.442654,0.358575,0.393327,0.327077,0.377576,0.406375,0.513723,0.417257,0.395705,0.452402,0.442855,0.422470,0.460707,0.398559,0.427752,0.346250,0.465830,0.413410,0.348462,0.463338,0.454525,0.489184,0.439645,0.365361,0.428727,0.451322,0.368164,0.503264,0.446502,0.433322,0.327808,0.382167,0.391391,0.291418,0.370702,0.362320,0.451966,0.397492,0.340235,0.457057,0.363848,0.342141,0.381229,0.397870,0.412235,0.381626,0.516745,0.318756,0.386125,0.349701,0.261261,0.365488,0.377432,0.240877,0.413777,0.392563,0.380242,0.353312,0.407290,0.347782,0.362555,0.341605,0.353969,0.400980,0.426771,0.388801,0.414234,0.329261,0.298380,0.253186,0.463392,0.437342,0.467395,0.428242,0.373469,0.416444,0.309319,0.383261,0.397024,0.421990,0.414977,0.410690,0.393018,0.435910,0.395554,0.319567,0.293094,0.385330,0.285251,0.495497,0.299866,0.318598,0.477190,0.352572,0.329373,0.333993,0.425886,0.449514,0.418655,0.458649,0.432293,0.312209,0.379720,0.449681,0.435519,0.301233,0.378664,0.376776,0.433220,0.517142,0.335357,0.355976,0.379142,0.424256,0.255383,0.401597,0.384015,0.241693,0.400413,0.421404,0.530260,0.325408,0.208480,0.335355,0.420791,0.479096,0.484162,0.424435,0.356248,0.337889,0.452587,0.208061,0.310853,0.474640,0.413429,0.480590,0.276657,0.363602,0.465682,#
18,0.385463,0.487067,0.392062,0.252585,0.411159,0.365289,0.437638,0.332655,0.262065,0.344052,0.448295,0.402515,0.512640,0.375524,0.390604,0.422863,0.374801,0.384299,1.000000,0.408706,0.314147,0.387920,0.227059,0.404231,0.411081,0.414514,0.434723,0.394896,0.442445,0.298047,0.446002,0.442858,0.446254,0.323906,0.372206,0.409423,0.437736,0.398358,0.291516,0.337174,0.413225,0.320749,0.479339,0.350597,0.325409,0.279989,0.337699,0.398587,0.352053,0.350701,0.427574,0.317513,0.413814,0.448811,0.334547,0.283963,0.360406,0.449984,0.272364,0.341289,0.354056,0.347999,0.414671,0.479241,0.303721,0.386122,0.401901,0.443827,0.321655,0.173320,0.280213,0.353870,0.328300,0.400452,0.401273,0.299761,0.361179,0.410672,0.477752,0.462063,0.506149,0.385145,0.396847,0.417635,0.370873,0.377122,0.399617,0.353959,0.458368,0.353184,0.386956,0.321777,0.397456,0.417262,0.345439,0.347496,0.439237,0.301575,0.382667,0.412364,0.390155,0.451061,0.376329,0.418961,0.410906,0.300949,0.360840,0.389007,0.317664,0.427522,0.368535,0.374906,0.312087,0.432417,0.282600,0.289152,0.335146,0.339945,0.392817,0.319171,0.264980,0.437730,0.295208,0.378541,0.397004,0.393987,0.360465,0.363559,0.359218,0.369529,0.365874,0.395020,0.366786,0.253770,0.495152,0.283279,0.303377,0.390459,0.353636,0.345747,0.486417,0.301488,0.339874,0.355993,0.344532,0.334032,0.261055,0.201000,0.302661,0.297419,0.366261,0.398516,0.439578,0.373154,0.295700,0.386697,0.427386,0.403371,0.298514,0.335130,0.407946,0.411385,0.322516,0.380876,0.354086,0.359331,0.413358,0.342525,0.404301,0.417611,0.337610,0.317585,0.361968,0.253335,0.419917,0.258611,0.267735,0.429707,0.438331,0.338417,0.320267,0.406758,0.358516,0.308014,0.532536,0.421569,0.428677,0.531025,0.322510,0.343382,0.390989,0.339093,0.312419,0.360830,0.377129,0.351011,0.414900,0.369853,0.415352,0.477959,#
19,0.331076,0.313205,0.335465,0.238361,0.418989,0.256777,0.397492,0.373653,0.386996,0.395602,0.422801,0.259306,0.369318,0.348912,0.321529,0.291452,0.285830,0.412522,0.408706,1.000000,0.270926,0.389850,0.340779,0.403296,0.375186,0.363072,0.327241,0.308389,0.319779,0.416403,0.304150,0.369582,0.324726,0.317570,0.351179,0.338856,0.210233,0.393274,0.398800,0.320225,0.305311,0.237224,0.389357,0.302942,0.329746,0.387193,0.377697,0.445542,0.384256,0.363828,0.363937,0.293578,0.240076,0.453458,0.358519,0.393900,0.360862,0.417147,0.230735,0.414203,0.343703,0.279673,0.370367,0.304344,0.332250,0.278759,0.268518,0.372664,0.318770,0.339020,0.335710,0.292834,0.403263,0.296283,0.354082,0.288193,0.395809,0.416822,0.349361,0.340928,0.403342,0.346965,0.427591,0.264104,0.393515,0.411882,0.358334,0.317833,0.395530,0.361725,0.321699,0.365066,0.349631,0.322744,0.312298,0.395496,0.377584,0.433383,0.344218,0.250895,0.325222,0.270141,0.371770,0.313546,0.400388,0.311387,0.495897,0.497668,0.301988,0.353180,0.342134,0.317991,0.373864,0.393798,0.311687,0.318540,0.396456,0.467622,0.352481,0.319146,0.386218,0.469476,0.325623,0.339351,0.452825,0.424979,0.302996,0.402598,0.225099,0.272560,0.315199,0.275468,0.428212,0.354394,0.431013,0.311764,0.373734,0.314252,0.348390,0.387860,0.368990,0.269294,0.343705,0.255637,0.366627,0.364457,0.294134,0.423710,0.423081,0.213154,0.297193,0.341979,0.330492,0.411633,0.281001,0.302985,0.380182,0.382725,0.288851,0.207118,0.380794,0.379115,0.368648,0.304727,0.268218,0.323268,0.290704,0.297558,0.339274,0.383640,0.507631,0.332428,0.305176,0.294807,0.413197,0.264362,0.296137,0.391179,0.153486,0.357025,0.330197,0.379754,0.247563,0.327975,0.385986,0.326014,0.395445,0.420288,0.315424,0.257484,0.405810,0.321853,0.359336,0.404849,0.341646,0.352284,0.467573,0.346685,0.444260,0.464039,#
20,0.410697,0.368407,0.356508,0.254139,0.289912,0.348898,0.371859,0.294780,0.288150,0.324939,0.352351,0.406425,0.391874,0.355779,0.263395,0.253245,0.507955,0.333512,0.314147,0.270926,1.000000,0.393738,0.399500,0.324064,0.390103,0.288383,0.379112,0.406290,0.295504,0.281871,0.294957,0.339582,0.261506,0.295026,0.396238,0.312266,0.289963,0.354253,0.227217,0.340647,0.241814,0.399662,0.436875,0.343320,0.278113,0.384850,0.269521,0.432118,0.419007,0.329185,0.329845,0.386132,0.431283,0.371034,0.295107,0.272976,0.374883,0.342790,0.174386,0.387617,0.376278,0.197957,0.405998,0.390758,0.436018,0.169869,0.388749,0.330235,0.310305,0.367608,0.327879,0.289790,0.437207,0.404554,0.383980,0.414005,0.411622,0.324263,0.267323,0.426379,0.257899,0.295083,0.465290,0.301567,0.266317,0.440474,0.383269,0.380474,0.355114,0.367364,0.364964,0.416375,0.390330,0.362800,0.264961,0.352463,0.283681,0.316924,0.374500,0.242087,0.260917,0.352504,0.263189,0.280321,0.286997,0.326660,0.334217,0.373569,0.258634,0.449349,0.327047,0.144533,0.419591,0.338151,0.273411,0.341125,0.445495,0.240393,0.253785,0.262980,0.268812,0.332316,0.314872,0.346144,0.358928,0.371944,0.437963,0.489437,0.269646,0.352316,0.224995,0.353618,0.306354,0.265744,0.421493,0.281844,0.320684,0.357201,0.366435,0.403994,0.330862,0.351251,0.193126,0.343025,0.332134,0.259137,0.277046,0.292168,0.252442,0.260592,0.310663,0.418526,0.310523,0.292450,0.372758,0.299139,0.223238,0.215394,0.255665,0.282107,0.356450,0.432834,0.309691,0.260501,0.392294,0.269966,0.193089,0.313766,0.370079,0.355446,0.433959,0.268817,0.286193,0.329045,0.377896,0.378133,0.253465,0.253821,0.376769,0.371039,0.371303,0.335964,0.306210,0.341902,0.394517,0.327992,0.308214,0.379016,0.332465,0.314659,0.413684,0.284124,0.351247,0.361774,0.348865,0.407055,0.340341,0.265421,0.315610,0.324180,#
21,0.458010,0.471189,0.430245,0.318054,0.431539,0.387702,0.423542,0.380934,0.346671,0.358499,0.362088,0.434234,0.302437,0.359201,0.334265,0.413238,0.400056,0.456977,0.387920,0.389850,0.393738,1.000000,0.330046,0.457897,0.473464,0.347293,0.364092,0.418611,0.369900,0.348198,0.400169,0.416077,0.324295,0.480514,0.406103,0.372530,0.389882,0.480146,0.355628,0.328946,0.410696,0.473112,0.368759,0.383811,0.413065,0.314662,0.446589,0.464494,0.393398,0.399842,0.397210,0.318188,0.470203,0.439351,0.413750,0.343791,0.380132,0.456321,0.382145,0.441132,0.348051,0.358187,0.423846,0.395231,0.430481,0.319605,0.407271,0.418608,0.444020,0.434707,0.463609,0.293431,0.408254,0.341610,0.408308,0.417577,0.422766,0.373837,0.397771,0.376048,0.452683,0.398640,0.347727,0.340371,0.381091,0.454009,0.367404,0.353190,0.441359,0.480249,0.309395,0.346270,0.411001,0.336261,0.394969,0.424437,0.347834,0.395542,0.477462,0.411272,0.456354,0.345105,0.292124,0.407080,0.376725,0.446298,0.344391,0.413985,0.374211,0.407091,0.342377,0.347945,0.478386,0.379924,0.273547,0.402313,0.462218,0.312928,0.465477,0.450826,0.355953,0.402124,0.242798,0.451294,0.365770,0.429412,0.452510,0.429114,0.356210,0.325172,0.378436,0.321169,0.380895,0.401354,0.417757,0.337695,0.419383,0.339405,0.403474,0.388883,0.328221,0.450313,0.426750,0.389778,0.410982,0.368369,0.350512,0.414153,0.369144,0.356294,0.379156,0.436772,0.377181,0.459395,0.352460,0.337440,0.334907,0.444366,0.346885,0.361534,0.473283,0.348292,0.315637,0.418376,0.399745,0.319639,0.240348,0.388223,0.318871,0.414754,0.474999,0.303457,0.462496,0.324306,0.384903,0.320335,0.399420,0.348496,0.404694,0.375149,0.331914,0.450746,0.263866,0.338693,0.395786,0.409592,0.394186,0.485440,0.434828,0.315236,0.456338,0.451382,0.388905,0.313738,0.463050,0.445204,0.402708,0.361582,0.355707,0.461053,#
