0,1.000000,0.843725,0.850091,0.821881,0.801791,0.839072,0.840214,0.840903,0.827109,0.811014,0.834658,0.848966,0.815920,0.820648,0.828434,0.822316,0.849843,0.861575,0.838373,0.834877,0.841917,0.804763,0.838419,0.852824,0.798107,0.820476,0.822742,0.828616,0.803707,0.841324,0.824468,0.844849,0.811113,0.808671,0.842419,0.830807,0.809610,0.823900,0.843217,0.841241,0.838359,0.800672,0.859279,0.809285,0.837990,0.803964,0.845333,0.855350,0.837110,0.853326,0.828421,0.837484,0.850082,0.851318,0.839887,0.852763,0.833436,0.855542,0.824725,0.822325,0.847669,0.821936,0.838853,0.835056,0.839436,0.827648,0.857376,0.842686,0.821840,0.802823,0.828250,0.815278,0.867116,0.843445,0.833033,0.821032,0.856391,0.834476,0.843383,0.827161,0.861614,0.828824,0.846938,0.850815,0.846113,0.869277,0.845693,0.840718,0.802505,0.824281,0.807458,0.827713,0.840263,0.829063,0.834484,0.826032,0.813035,0.809014,0.839164,0.850241,0.833781,0.827562,0.818256,0.828380,0.810505,0.821008,0.811751,0.856009,0.844381,0.801276,0.835677,0.822812,0.838292,0.814602,0.824567,0.860695,0.800987,0.823935,0.818441,0.808894,0.803348,0.882197,0.842375,0.858964,0.841781,0.818513,0.817380,0.804748,0.790503,0.825678,0.812476,0.838583,0.834573,0.808042,0.840949,0.833145,0.828794,0.833004,0.808001,0.844958,0.820972,0.820374,0.787868,0.849321,0.839314,0.765326,0.819225,0.787640,0.841303,0.821396,0.821297,0.833689,0.837456,0.800544,0.824583,0.807487,0.832938,0.851037,0.858048,0.824878,0.853608,0.850051,0.831817,0.826043,0.820527,0.841831,0.843064,0.811577,0.830581,0.830137,0.832788,0.828268,0.830186,0.855433,0.853583,0.816167,0.846664,0.856575,0.829050,0.815903,0.813522,0.847261,0.815017,0.819317,0.811981,0.797474,0.809561,0.832192,0.823810,0.833374,0.808430,0.836999,0.809367,0.829212,0.820508,0.829419,0.803399,0.846786,0.836570,0.837717,#
1,0.843725,1.000000,0.818667,0.839783,0.823788,0.845229,0.802259,0.834598,0.852839,0.828389,0.831187,0.839500,0.822522,0.821011,0.826357,0.820413,0.828016,0.833100,0.834257,0.844218,0.837356,0.860035,0.855634,0.841076,0.816930,0.809148,0.835310,0.844972,0.806617,0.805337,0.854779,0.851402,0.817851,0.843812,0.819199,0.840591,0.806347,0.847153,0.851491,0.848008,0.825135,0.812808,0.828959,0.820969,0.816001,0.814288,0.860282,0.838677,0.861832,0.849493,0.834623,0.862921,0.844678,0.814980,0.858485,0.841888,0.825604,0.853691,0.819060,0.817014,0.816668,0.826297,0.800696,0.801216,0.842342,0.845578,0.862754,0.850499,0.847470,0.850498,0.831840,0.830877,0.891532,0.805825,0.842441,0.839858,0.829701,0.827345,0.853360,0.822812,0.858003,0.833793,0.859730,0.862978,0.856466,0.842787,0.828777,0.842611,0.838559,0.826645,0.809458,0.819196,0.831125,0.839015,0.818926,0.813711,0.822120,0.817585,0.826328,0.839288,0.842401,0.837336,0.811188,0.829377,0.816258,0.824802,0.819308,0.858995,0.834304,0.804674,0.833032,0.820128,0.822696,0.834442,0.808379,0.842082,0.828073,0.842778,0.819088,0.781682,0.839761,0.853372,0.822169,0.847856,0.820776,0.806568,0.818790,0.831982,0.834784,0.847495,0.806781,0.854710,0.820168,0.817433,0.848423,0.832734,0.829542,0.834120,0.831957,0.811777,0.849883,0.827270,0.819709,0.840252,0.818264,0.798749,0.817457,0.795878,0.843623,0.810046,0.846452,0.859224,0.833024,0.794223,0.862383,0.816893,0.841539,0.852087,0.810089,0.822404,0.819406,0.854172,0.834787,0.851404,0.844759,0.821317,0.831284,0.806023,0.801728,0.825093,0.836673,0.827138,0.826810,0.857027,0.841470,0.825185,0.838043,0.863227,0.814206,0.819312,0.828105,0.815851,0.819985,0.806610,0.811481,0.850453,0.818992,0.770734,0.841806,0.837321,0.847093,0.834087,0.812078,0.815927,0.837619,0.786402,0.809985,0.856278,0.821467,0.833171,#
2,0.850091,0.818667,1.000000,0.827546,0.817091,0.833238,0.811810,0.837283,0.830646,0.821024,0.807062,0.805151,0.780438,0.825521,0.813070,0.803364,0.806678,0.831495,0.817630,0.833963,0.825309,0.809846,0.816313,0.852103,0.793006,0.801524,0.850013,0.841480,0.828097,0.828059,0.831521,0.831965,0.831062,0.814656,0.811963,0.823312,0.819209,0.823781,0.860012,0.823926,0.809775,0.809284,0.833856,0.803016,0.803278,0.811745,0.858872,0.798896,0.802596,0.845436,0.827991,0.835459,0.838562,0.845572,0.860436,0.846151,0.836648,0.826883,0.801162,0.817145,0.864551,0.829417,0.816232,0.835785,0.843155,0.825545,0.833278,0.811832,0.812899,0.823694,0.844590,0.806340,0.852663,0.821344,0.855969,0.818703,0.830266,0.822772,0.833911,0.849764,0.847317,0.836960,0.866505,0.828862,0.859550,0.854685,0.828389,0.860110,0.809868,0.805055,0.831730,0.830371,0.849060,0.807646,0.851228,0.798585,0.810820,0.801010,0.862601,0.829150,0.842442,0.805422,0.802567,0.815143,0.796492,0.852625,0.844402,0.832109,0.830049,0.785150,0.839653,0.789131,0.853713,0.808288,0.796589,0.804984,0.793443,0.831930,0.822007,0.771299,0.797129,0.823986,0.802339,0.857750,0.829057,0.785207,0.814115,0.813921,0.815210,0.845246,0.830205,0.850998,0.847737,0.852885,0.847275,0.829017,0.825654,0.823724,0.820364,0.810328,0.819925,0.836199,0.781615,0.811331,0.815340,0.817417,0.802633,0.791233,0.820229,0.831580,0.827069,0.832065,0.825621,0.831571,0.812674,0.818510,0.821347,0.805526,0.822655,0.794838,0.794578,0.796524,0.826886,0.828666,0.790850,0.830337,0.830249,0.776693,0.811232,0.808025,0.824043,0.818104,0.831697,0.815643,0.831816,0.821771,0.813098,0.844724,0.814674,0.790640,0.796539,0.849080,0.777168,0.843291,0.799364,0.821771,0.811312,0.799453,0.823241,0.820334,0.810238,0.818589,0.847189,0.829317,0.801281,0.821951,0.794408,0.830247,0.798825,0.826390,#
3,0.821881,0.839783,0.827546,1.000000,0.833303,0.821140,0.810401,0.829329,0.849288,0.828191,0.819972,0.835882,0.813637,0.817886,0.815596,0.818984,0.817958,0.818665,0.852575,0.820772,0.837252,0.849159,0.821677,0.826312,0.827414,0.836176,0.841213,0.839491,0.823736,0.820951,0.841285,0.854450,0.818052,0.843618,0.826893,0.833917,0.798848,0.838146,0.814989,0.848921,0.826398,0.823234,0.834801,0.815685,0.819610,0.835655,0.849339,0.833838,0.843441,0.818640,0.841483,0.807720,0.844935,0.810129,0.833509,0.853310,0.812896,0.845807,0.857822,0.827678,0.820961,0.813078,0.798472,0.817380,0.870877,0.814492,0.816394,0.814007,0.783607,0.824982,0.820764,0.834604,0.872355,0.822485,0.823794,0.810402,0.819889,0.831655,0.831601,0.845243,0.853294,0.816558,0.855975,0.848967,0.839038,0.848840,0.824589,0.824710,0.803374,0.825002,0.821550,0.832929,0.840766,0.844474,0.834476,0.830212,0.799083,0.799820,0.820234,0.817836,0.815667,0.817782,0.793154,0.801944,0.851792,0.817924,0.826817,0.854498,0.815578,0.808173,0.820794,0.792346,0.818727,0.824521,0.810804,0.844973,0.796372,0.824901,0.823483,0.771416,0.792677,0.845567,0.804959,0.822046,0.809401,0.805343,0.822250,0.834179,0.808679,0.828016,0.811611,0.845969,0.809978,0.838489,0.850832,0.853253,0.848646,0.806775,0.801030,0.807143,0.798594,0.841663,0.824040,0.808909,0.805205,0.836368,0.806153,0.821440,0.823451,0.813459,0.811259,0.822619,0.818760,0.814310,0.840352,0.786082,0.836350,0.820123,0.832162,0.815044,0.829041,0.822013,0.804796,0.844283,0.823400,0.825000,0.837173,0.784310,0.834772,0.819316,0.839847,0.831258,0.823934,0.843395,0.811212,0.825755,0.816247,0.843282,0.824860,0.798544,0.788494,0.844532,0.789608,0.814688,0.796036,0.810617,0.807760,0.777811,0.843879,0.851804,0.813263,0.814885,0.813522,0.817672,0.819700,0.815062,0.814965,0.830756,0.814414,0.834516,#
4,0.801791,0.823788,0.817091,0.833303,1.000000,0.833940,0.827286,0.820493,0.807437,0.819309,0.791152,0.836625,0.798570,0.826443,0.807737,0.829547,0.823704,0.841940,0.826324,0.852007,0.856182,0.825622,0.819574,0.840650,0.790524,0.797767,0.831161,0.808174,0.816952,0.804767,0.859444,0.833732,0.853211,0.809780,0.798485,0.820907,0.801050,0.821943,0.827276,0.846723,0.817500,0.790004,0.816066,0.831344,0.822822,0.821693,0.845699,0.821247,0.828985,0.814573,0.826353,0.823038,0.842444,0.803112,0.833785,0.834695,0.804171,0.830842,0.840459,0.824931,0.810457,0.832033,0.811536,0.792290,0.852251,0.839608,0.827031,0.810950,0.794364,0.820025,0.837985,0.836177,0.850213,0.802229,0.824426,0.807919,0.818668,0.822693,0.842461,0.841901,0.812292,0.824233,0.851782,0.812857,0.845490,0.823717,0.803156,0.800884,0.816964,0.821260,0.801548,0.792574,0.810344,0.816111,0.816903,0.818503,0.815747,0.791310,0.801249,0.824599,0.843227,0.827978,0.809716,0.810821,0.811583,0.810746,0.824883,0.826926,0.821757,0.816816,0.803443,0.807869,0.829093,0.847091,0.800346,0.818948,0.806783,0.854298,0.780173,0.772350,0.800649,0.835182,0.840413,0.834147,0.807676,0.795005,0.806845,0.811951,0.850586,0.842235,0.844930,0.822125,0.806787,0.837105,0.857930,0.841158,0.826942,0.810085,0.808212,0.784061,0.785136,0.843407,0.823809,0.813549,0.800570,0.801653,0.832579,0.771447,0.805748,0.841990,0.812029,0.868286,0.810422,0.798526,0.849642,0.806133,0.845317,0.804948,0.826891,0.803481,0.794898,0.816339,0.851401,0.816140,0.807547,0.808385,0.804191,0.791888,0.798679,0.822419,0.814515,0.823773,0.837339,0.818787,0.849010,0.827807,0.825890,0.852650,0.811015,0.797297,0.823333,0.812639,0.809476,0.794824,0.833817,0.825273,0.789355,0.825663,0.795795,0.812768,0.781262,0.793639,0.792643,0.826625,0.810631,0.786817,0.800678,0.813119,0.838190,0.815061,#
5,0.839072,0.845229,0.833238,0.821140,0.833940,1.000000,0.783747,0.844487,0.823765,0.808263,0.807704,0.817594,0.789761,0.810306,0.815792,0.823928,0.823610,0.843272,0.810072,0.860830,0.832291,0.797764,0.818182,0.849265,0.809956,0.828884,0.857824,0.848546,0.796524,0.824888,0.852460,0.865631,0.843772,0.849722,0.793321,0.845701,0.810745,0.808950,0.833117,0.829742,0.834360,0.809689,0.792956,0.822177,0.834909,0.837048,0.857066,0.858160,0.850672,0.823462,0.840311,0.810452,0.832920,0.850882,0.811250,0.882175,0.832403,0.831814,0.857680,0.843651,0.800851,0.832197,0.823920,0.843653,0.838194,0.813374,0.822222,0.833499,0.823828,0.820536,0.843453,0.818400,0.876706,0.805517,0.824271,0.815163,0.839378,0.856107,0.828537,0.833929,0.861791,0.835764,0.855685,0.844773,0.815963,0.842538,0.828172,0.844136,0.841510,0.820392,0.807760,0.809819,0.848221,0.847037,0.818703,0.770531,0.819888,0.816772,0.863132,0.824676,0.852490,0.837706,0.845224,0.837454,0.823289,0.835365,0.835068,0.846156,0.809365,0.820194,0.808938,0.838967,0.820358,0.795202,0.788437,0.814414,0.831537,0.837612,0.802028,0.784677,0.801664,0.854913,0.827794,0.865883,0.802108,0.801671,0.854831,0.808334,0.809898,0.824828,0.828295,0.866635,0.852650,0.856794,0.841190,0.824444,0.825926,0.834057,0.808548,0.797794,0.818427,0.808492,0.828055,0.835434,0.867437,0.779497,0.794450,0.796650,0.840362,0.843494,0.841584,0.838055,0.817569,0.811933,0.825712,0.798887,0.864138,0.832339,0.833045,0.819286,0.825442,0.839489,0.832160,0.826624,0.843778,0.810021,0.779240,0.826640,0.818523,0.814234,0.863815,0.830276,0.821441,0.832974,0.831735,0.814901,0.827388,0.861083,0.838660,0.824279,0.839732,0.832306,0.794441,0.807718,0.821044,0.838087,0.800818,0.809251,0.823733,0.843808,0.797198,0.840360,0.798135,0.833155,0.787021,0.822526,0.795783,0.836975,0.828310,0.820703,#
6,0.840214,0.802259,0.811810,0.810401,0.827286,0.783747,1.000000,0.791229,0.820827,0.805738,0.798428,0.809864,0.809117,0.828997,0.771127,0.818788,0.825876,0.849935,0.815069,0.803151,0.853329,0.807772,0.781064,0.816486,0.809125,0.811382,0.822091,0.813758,0.798077,0.831198,0.823274,0.827636,0.820419,0.813617,0.810401,0.834745,0.798333,0.806605,0.809058,0.838301,0.819711,0.809995,0.841634,0.811185,0.837985,0.771877,0.841598,0.800556,0.851345,0.842333,0.830422,0.841648,0.839411,0.781280,0.836294,0.826338,0.826072,0.849847,0.832619,0.781184,0.832220,0.809326,0.793282,0.799836,0.862623,0.814992,0.860302,0.816244,0.810248,0.795306,0.823345,0.832837,0.834861,0.826781,0.803519,0.821631,0.829458,0.817753,0.834940,0.808521,0.840987,0.827884,0.822454,0.841777,0.814141,0.829245,0.816504,0.811182,0.816564,0.818873,0.791185,0.804595,0.788851,0.808629,0.810559,0.801288,0.825608,0.809472,0.809126,0.823957,0.823435,0.824448,0.824062,0.805448,0.818175,0.770079,0.822921,0.811554,0.813601,0.771722,0.786627,0.793110,0.788574,0.804743,0.792220,0.795215,0.804837,0.823962,0.796973,0.787640,0.809361,0.825619,0.797909,0.852219,0.830970,0.817760,0.781926,0.805359,0.777718,0.812304,0.825458,0.823774,0.807442,0.787513,0.828831,0.822205,0.833383,0.800547,0.842160,0.824095,0.821311,0.840679,0.775455,0.807891,0.799433,0.818019,0.806817,0.793045,0.803583,0.803427,0.816031,0.845373,0.782655,0.767804,0.806225,0.787524,0.816144,0.792360,0.825950,0.820794,0.807352,0.825795,0.802501,0.819153,0.821195,0.824597,0.847497,0.761085,0.806316,0.801253,0.832353,0.817626,0.783577,0.788973,0.820699,0.821539,0.813412,0.839331,0.812637,0.799176,0.818196,0.813859,0.818103,0.820348,0.801434,0.804196,0.789955,0.803959,0.782880,0.814315,0.778063,0.814854,0.788473,0.815353,0.814681,0.806269,0.809828,0.830450,0.816366,0.814428,#
7,0.840903,0.834598,0.837283,0.829329,0.820493,0.844487,0.791229,1.000000,0.862856,0.801769,0.812243,0.821987,0.820866,0.835261,0.833567,0.794005,0.835502,0.844975,0.837509,0.839573,0.848821,0.816978,0.853763,0.832127,0.824030,0.847344,0.831940,0.840362,0.813973,0.841162,0.819003,0.845495,0.818067,0.832411,0.808869,0.829046,0.826571,0.823749,0.840501,0.830884,0.820935,0.826980,0.824495,0.835108,0.826244,0.823488,0.859649,0.852185,0.836192,0.820520,0.845902,0.818214,0.846584,0.865919,0.844537,0.847752,0.821980,0.842525,0.830024,0.843256,0.795202,0.835363,0.830635,0.827824,0.853283,0.836928,0.849719,0.830445,0.837140,0.819263,0.845558,0.783006,0.880535,0.841911,0.853698,0.823232,0.845675,0.827416,0.841609,0.826474,0.865501,0.834123,0.859576,0.844154,0.833029,0.847677,0.856871,0.837794,0.824777,0.829596,0.806034,0.834580,0.838295,0.823817,0.846938,0.810672,0.830334,0.852558,0.849777,0.832624,0.843023,0.812317,0.811664,0.821183,0.824290,0.828373,0.830054,0.851666,0.832028,0.800018,0.867061,0.806668,0.844661,0.824223,0.821102,0.832473,0.809819,0.815316,0.809362,0.817200,0.828643,0.845549,0.810737,0.858886,0.849568,0.815186,0.818430,0.834551,0.798208,0.813853,0.832036,0.840290,0.853916,0.804856,0.853019,0.871366,0.840664,0.849605,0.804241,0.818989,0.814248,0.834808,0.840029,0.827550,0.832577,0.818215,0.836376,0.774309,0.846315,0.827423,0.817299,0.847654,0.836835,0.803095,0.829492,0.846657,0.842177,0.835055,0.839745,0.817897,0.842879,0.801895,0.862240,0.821168,0.835184,0.824289,0.836491,0.792156,0.801995,0.804299,0.868195,0.838803,0.826863,0.850102,0.830261,0.818318,0.825826,0.831344,0.834732,0.815065,0.831913,0.830806,0.811368,0.822111,0.804776,0.837843,0.820925,0.790627,0.830282,0.855063,0.829548,0.829567,0.795793,0.813467,0.826583,0.827773,0.811280,0.860450,0.843514,0.821795,#
8,0.827109,0.852839,0.830646,0.849288,0.807437,0.823765,0.820827,0.862856,1.000000,0.841037,0.813096,0.837911,0.821548,0.852385,0.830157,0.832868,0.815225,0.860639,0.817184,0.841779,0.844868,0.855440,0.825039,0.832129,0.811863,0.841626,0.837185,0.836877,0.835223,0.826657,0.834145,0.846758,0.821446,0.825494,0.791021,0.858836,0.817533,0.836778,0.823551,0.843764,0.818057,0.819286,0.877725,0.825713,0.818807,0.793937,0.841837,0.838097,0.852149,0.827813,0.861819,0.843735,0.812938,0.854371,0.834122,0.865490,0.830789,0.851527,0.810855,0.813733,0.838864,0.829445,0.858367,0.828312,0.861270,0.854026,0.846659,0.844007,0.857493,0.834926,0.839171,0.826046,0.880419,0.843920,0.830912,0.816198,0.835283,0.848975,0.844935,0.831803,0.856955,0.836455,0.843623,0.845440,0.843128,0.844303,0.819459,0.850123,0.798680,0.815759,0.829959,0.818162,0.826894,0.831596,0.841279,0.815589,0.833407,0.837254,0.863876,0.843265,0.846153,0.812928,0.838365,0.853791,0.811441,0.837539,0.834558,0.854946,0.806560,0.823134,0.824819,0.816734,0.843391,0.816355,0.809575,0.847727,0.814470,0.824511,0.811112,0.828094,0.804824,0.836332,0.820353,0.855000,0.826846,0.829007,0.806486,0.820401,0.824457,0.828278,0.814100,0.845068,0.846526,0.830750,0.866405,0.837407,0.835088,0.828228,0.822717,0.831492,0.810652,0.845833,0.836791,0.815235,0.834244,0.806074,0.824666,0.808599,0.838151,0.832619,0.815684,0.848015,0.801572,0.852303,0.839127,0.816948,0.835789,0.850176,0.854491,0.840275,0.829619,0.810026,0.848754,0.834851,0.820629,0.814108,0.837781,0.811918,0.839687,0.815854,0.850207,0.838333,0.814379,0.839580,0.859573,0.822376,0.833812,0.856867,0.833047,0.804867,0.829468,0.844966,0.803745,0.829090,0.833010,0.817912,0.844539,0.801580,0.831447,0.856821,0.837348,0.838159,0.852184,0.831077,0.820765,0.809894,0.799843,0.841708,0.832881,0.852943,#
9,0.811014,0.828389,0.821024,0.828191,0.819309,0.808263,0.805738,0.801769,0.841037,1.000000,0.802474,0.804080,0.800343,0.821130,0.827460,0.816840,0.812985,0.820552,0.831996,0.812015,0.852333,0.811100,0.817335,0.845763,0.796782,0.795870,0.826502,0.854973,0.800044,0.826274,0.809117,0.842834,0.820598,0.829291,0.804866,0.830870,0.800928,0.805076,0.827309,0.832388,0.827671,0.808604,0.816679,0.801591,0.830538,0.782565,0.825540,0.816956,0.797554,0.809833,0.811285,0.812630,0.793034,0.811551,0.821172,0.834391,0.821330,0.867470,0.800152,0.812926,0.817064,0.817583,0.815518,0.803289,0.827633,0.847326,0.844656,0.831897,0.832323,0.801726,0.837115,0.809883,0.844572,0.798086,0.821861,0.804176,0.818148,0.848851,0.833535,0.855150,0.825995,0.826517,0.821820,0.853748,0.845644,0.821954,0.811302,0.864737,0.801763,0.781761,0.811516,0.812728,0.823730,0.808640,0.825486,0.784977,0.807211,0.807560,0.831386,0.811826,0.847709,0.830730,0.831686,0.815050,0.826719,0.828341,0.815650,0.833296,0.842644,0.833738,0.825815,0.822854,0.840463,0.819267,0.771779,0.849618,0.763196,0.807140,0.775550,0.779972,0.789295,0.824422,0.817980,0.841657,0.829131,0.792039,0.813932,0.794409,0.832725,0.812361,0.813826,0.842018,0.819020,0.836498,0.845155,0.808765,0.810971,0.802551,0.798675,0.811145,0.824186,0.861964,0.820070,0.837135,0.807696,0.814663,0.821507,0.800028,0.811186,0.811055,0.788652,0.804366,0.814379,0.814786,0.832036,0.808270,0.807511,0.817997,0.825070,0.823948,0.823811,0.828618,0.823210,0.817883,0.821967,0.829638,0.799670,0.803047,0.839379,0.802187,0.837151,0.833179,0.799850,0.805651,0.831879,0.841647,0.817071,0.856963,0.805865,0.824462,0.824676,0.806444,0.819214,0.795395,0.801413,0.832529,0.779634,0.789069,0.845921,0.803009,0.805062,0.819445,0.792496,0.794835,0.789874,0.781541,0.805501,0.825584,0.807467,0.802839,#
10,0.834658,0.831187,0.807062,0.819972,0.791152,0.807704,0.798428,0.812243,0.813096,0.802474,1.000000,0.812678,0.770249,0.799254,0.773308,0.802506,0.822932,0.800619,0.812939,0.803824,0.820346,0.783402,0.816406,0.840828,0.782810,0.798443,0.818717,0.841842,0.796509,0.816620,0.814157,0.821466,0.804362,0.821475,0.804300,0.823422,0.801210,0.818450,0.814559,0.800447,0.821542,0.781410,0.801466,0.789700,0.816007,0.809820,0.852787,0.827021,0.830336,0.864712,0.799388,0.829581,0.824858,0.781185,0.827416,0.845083,0.819296,0.846735,0.781984,0.804513,0.810784,0.823535,0.848548,0.822892,0.835128,0.781950,0.835888,0.794852,0.820361,0.799561,0.831102,0.826746,0.862791,0.766363,0.808824,0.830949,0.805108,0.830061,0.826866,0.800075,0.860619,0.812172,0.822555,0.822944,0.821631,0.809993,0.819576,0.819001,0.801156,0.842617,0.791328,0.826504,0.834013,0.794065,0.797106,0.813096,0.780626,0.808370,0.837536,0.830996,0.818492,0.796245,0.798496,0.821762,0.834103,0.794554,0.820142,0.820753,0.805251,0.794951,0.796684,0.781880,0.820905,0.804700,0.773056,0.836298,0.773502,0.814000,0.802331,0.775122,0.792714,0.841962,0.780939,0.832784,0.771304,0.796317,0.822420,0.807407,0.808969,0.809296,0.779356,0.823467,0.797124,0.801558,0.839845,0.861665,0.800777,0.801463,0.804519,0.825010,0.841770,0.820545,0.772949,0.812151,0.779051,0.784679,0.813150,0.777990,0.810151,0.812927,0.785871,0.807654,0.811517,0.793511,0.823602,0.776996,0.847940,0.834764,0.813381,0.788166,0.839104,0.793932,0.807759,0.812137,0.800636,0.800309,0.821507,0.794871,0.823569,0.834040,0.812953,0.814253,0.760143,0.813255,0.837574,0.801281,0.812469,0.837231,0.778372,0.829166,0.786105,0.785122,0.815248,0.789478,0.764985,0.809320,0.800007,0.802924,0.774228,0.820817,0.804619,0.784580,0.794152,0.814032,0.816680,0.792024,0.783811,0.834397,0.803038,0.825456,#
11,0.848966,0.839500,0.805151,0.835882,0.836625,0.817594,0.809864,0.821987,0.837911,0.804080,0.812678,1.000000,0.833107,0.826192,0.822909,0.811932,0.824801,0.862991,0.863852,0.824292,0.834468,0.812885,0.839913,0.825228,0.814855,0.818709,0.810311,0.826526,0.828757,0.809910,0.833121,0.851294,0.838472,0.831159,0.785949,0.829247,0.839135,0.845883,0.812295,0.846901,0.835191,0.797728,0.834494,0.810748,0.821124,0.796315,0.880837,0.851947,0.834028,0.854381,0.830913,0.822470,0.857606,0.823184,0.844375,0.846615,0.804523,0.864276,0.820806,0.822680,0.802623,0.811724,0.859536,0.803118,0.845846,0.825015,0.836484,0.829235,0.843349,0.825559,0.848155,0.810085,0.852826,0.824075,0.856106,0.801733,0.850403,0.845725,0.823383,0.794980,0.845150,0.829484,0.848588,0.832990,0.863449,0.827762,0.798799,0.812796,0.806374,0.798531,0.821971,0.828821,0.825628,0.815125,0.813990,0.845202,0.807841,0.815446,0.821834,0.826074,0.817007,0.828484,0.838667,0.821886,0.841421,0.828948,0.831500,0.853698,0.842910,0.811175,0.839690,0.836985,0.841751,0.792950,0.778492,0.832295,0.806846,0.826016,0.801355,0.818401,0.780628,0.842553,0.824929,0.848900,0.824505,0.809576,0.827031,0.811437,0.824605,0.851128,0.833694,0.829834,0.844319,0.835017,0.845785,0.838519,0.846343,0.823966,0.823477,0.828912,0.816245,0.821346,0.828772,0.845695,0.834796,0.787312,0.837411,0.799972,0.825444,0.839117,0.813209,0.821865,0.824515,0.844672,0.853760,0.802358,0.842442,0.822380,0.823701,0.806400,0.833660,0.830856,0.849819,0.827887,0.848125,0.805868,0.843074,0.776460,0.829015,0.852249,0.850426,0.819473,0.837414,0.863399,0.830231,0.823568,0.833308,0.839445,0.805192,0.829364,0.821811,0.803336,0.834041,0.803524,0.838392,0.798703,0.816156,0.834549,0.806423,0.813735,0.832256,0.824492,0.824818,0.820004,0.810146,0.807067,0.812420,0.835343,0.821587,0.815456,#
12,0.815920,0.822522,0.780438,0.813637,0.798570,0.789761,0.809117,0.820866,0.821548,0.800343,0.770249,0.833107,1.000000,0.823563,0.815247,0.792011,0.810058,0.838311,0.830015,0.805435,0.829069,0.790588,0.831023,0.828374,0.794888,0.820880,0.799636,0.810953,0.817958,0.793079,0.795567,0.816178,0.812758,0.821016,0.805978,0.816340,0.799142,0.808411,0.813162,0.824345,0.763284,0.761278,0.803390,0.815927,0.815734,0.805903,0.846843,0.801895,0.817243,0.810035,0.851859,0.783123,0.800301,0.819067,0.831779,0.833854,0.795073,0.822659,0.810123,0.785014,0.780620,0.807421,0.799511,0.778265,0.835410,0.820096,0.802617,0.807715,0.832176,0.805875,0.814394,0.795637,0.841805,0.798302,0.836845,0.810335,0.820279,0.809608,0.818522,0.812200,0.831638,0.806871,0.831290,0.820934,0.791110,0.827125,0.784490,0.808388,0.797355,0.780240,0.797110,0.792179,0.821094,0.780951,0.785883,0.815828,0.840679,0.809355,0.786186,0.797279,0.783200,0.820689,0.803246,0.829305,0.776944,0.789783,0.784400,0.808467,0.819016,0.806029,0.815128,0.791584,0.810720,0.782852,0.828822,0.816163,0.769908,0.780758,0.790320,0.779575,0.784641,0.833437,0.790979,0.840996,0.815311,0.816543,0.802099,0.768265,0.771620,0.804801,0.776563,0.794230,0.791428,0.800173,0.800488,0.803662,0.799992,0.818428,0.804216,0.769481,0.816270,0.826248,0.806428,0.811143,0.782653,0.809735,0.816840,0.762818,0.811771,0.825371,0.804879,0.811051,0.809125,0.767993,0.825109,0.825025,0.829251,0.823951,0.830903,0.786923,0.804866,0.838334,0.826849,0.800472,0.840877,0.773877,0.797270,0.810802,0.777665,0.791013,0.823532,0.808325,0.799544,0.813130,0.807689,0.787577,0.832432,0.841646,0.783168,0.763493,0.797539,0.825049,0.800721,0.780460,0.754358,0.803840,0.783135,0.817139,0.809406,0.805110,0.775099,0.793460,0.763139,0.802325,0.773250,0.802117,0.783530,0.824326,0.829223,0.775568,#
13,0.820648,0.821011,0.825521,0.817886,0.826443,0.810306,0.828997,0.835261,0.852385,0.821130,0.799254,0.826192,0.823563,1.000000,0.806976,0.802320,0.803686,0.871576,0.846377,0.820119,0.840007,0.819348,0.855085,0.827288,0.805149,0.823996,0.816370,0.848360,0.840254,0.857499,0.802203,0.835863,0.847798,0.845155,0.773323,0.826063,0.811889,0.842671,0.831853,0.848027,0.857447,0.814331,0.841491,0.817607,0.849305,0.819897,0.840523,0.840557,0.859614,0.841247,0.848171,0.849155,0.821421,0.827741,0.860168,0.869927,0.833489,0.859274,0.823392,0.822046,0.825369,0.818915,0.820035,0.826523,0.862644,0.833570,0.842404,0.829501,0.860502,0.815739,0.813465,0.817956,0.845880,0.843102,0.850430,0.818688,0.830947,0.843721,0.853134,0.838459,0.846846,0.833941,0.866505,0.847802,0.826550,0.840536,0.801759,0.808292,0.838982,0.824190,0.811266,0.816272,0.833502,0.834328,0.823491,0.798292,0.829400,0.809746,0.830680,0.855074,0.834884,0.827544,0.838496,0.853941,0.829751,0.850176,0.815803,0.847961,0.821430,0.808353,0.835548,0.821966,0.835195,0.830170,0.821814,0.837518,0.787531,0.849599,0.827576,0.812595,0.813545,0.841387,0.804081,0.819001,0.812592,0.792425,0.828538,0.797610,0.811738,0.813897,0.825597,0.820570,0.828296,0.824853,0.855287,0.832606,0.820860,0.834328,0.861959,0.806132,0.809083,0.858084,0.851116,0.812376,0.795759,0.816229,0.841002,0.798177,0.836979,0.821778,0.821042,0.852625,0.803636,0.818167,0.836594,0.819306,0.839430,0.825141,0.854573,0.809781,0.846905,0.824355,0.835919,0.838726,0.832720,0.819526,0.835718,0.801911,0.838336,0.808107,0.837104,0.843809,0.846271,0.833560,0.859747,0.834592,0.841438,0.874740,0.827630,0.826091,0.817522,0.827802,0.845311,0.806114,0.819444,0.830377,0.802859,0.821831,0.789581,0.822400,0.837791,0.826501,0.829739,0.838383,0.839787,0.803611,0.813783,0.844004,0.835486,0.807780,#
14,0.828434,0.826357,0.813070,0.815596,0.807737,0.815792,0.771127,0.833567,0.830157,0.827460,0.773308,0.822909,0.815247,0.806976,1.000000,0.809351,0.802486,0.801735,0.799424,0.805954,0.825106,0.808240,0.812311,0.847854,0.793220,0.773368,0.816668,0.811323,0.818614,0.816813,0.829499,0.824864,0.802596,0.802940,0.805410,0.824371,0.776805,0.816060,0.830233,0.796318,0.786126,0.781048,0.817164,0.812746,0.813006,0.797686,0.822131,0.803908,0.783194,0.790686,0.801032,0.808910,0.797613,0.844568,0.821161,0.824161,0.795240,0.818694,0.813497,0.786979,0.805007,0.826274,0.810574,0.811917,0.810912,0.796611,0.800512,0.804279,0.821060,0.820183,0.814037,0.781769,0.852354,0.807122,0.833480,0.786608,0.835572,0.831715,0.805492,0.788816,0.828031,0.826319,0.839035,0.841864,0.818945,0.819340,0.781466,0.821925,0.807202,0.759220,0.778477,0.769341,0.828794,0.837879,0.817288,0.800901,0.838893,0.806021,0.818933,0.797514,0.816468,0.817122,0.823242,0.786237,0.801753,0.800856,0.789064,0.805574,0.805055,0.806160,0.819572,0.808731,0.825240,0.797255,0.764563,0.825285,0.783126,0.790717,0.780253,0.777335,0.803241,0.831728,0.794093,0.827588,0.822282,0.746924,0.808508,0.825883,0.767602,0.812462,0.788191,0.832209,0.801282,0.806033,0.826737,0.822971,0.811577,0.812730,0.807893,0.796501,0.794144,0.821801,0.773877,0.822721,0.786908,0.823215,0.831313,0.768064,0.820012,0.786296,0.808730,0.806076,0.793137,0.798198,0.831705,0.802011,0.811535,0.809447,0.786869,0.791358,0.809560,0.792999,0.819462,0.795763,0.808550,0.786242,0.797797,0.780576,0.775922,0.828807,0.812411,0.791566,0.815698,0.824359,0.827060,0.815642,0.817732,0.828276,0.798972,0.783761,0.814519,0.829898,0.803023,0.786552,0.787300,0.799135,0.797630,0.769894,0.790740,0.806487,0.769442,0.787481,0.818510,0.824745,0.790755,0.783125,0.790381,0.809570,0.798587,0.759683,#
15,0.822316,0.820413,0.803364,0.818984,0.829547,0.823928,0.818788,0.794005,0.832868,0.816840,0.802506,0.811932,0.792011,0.802320,0.809351,1.000000,0.798475,0.839485,0.810727,0.808237,0.817961,0.820431,0.818423,0.824949,0.805870,0.794933,0.794553,0.804507,0.814118,0.815462,0.830033,0.839717,0.823876,0.839485,0.767726,0.849157,0.812125,0.823439,0.824825,0.801997,0.792239,0.777165,0.824379,0.802893,0.840449,0.789036,0.834719,0.822726,0.832580,0.823206,0.808123,0.837187,0.794478,0.808432,0.824175,0.819239,0.818495,0.810783,0.812304,0.794390,0.827893,0.815324,0.810875,0.826101,0.822419,0.830752,0.815630,0.814867,0.801858,0.770941,0.822151,0.784447,0.811993,0.798341,0.821066,0.809907,0.830791,0.822629,0.836581,0.801602,0.834313,0.812207,0.815394,0.836668,0.841692,0.816413,0.776341,0.836198,0.800037,0.779489,0.786773,0.798467,0.826952,0.819478,0.785991,0.799202,0.794604,0.804026,0.807945,0.817645,0.826498,0.805756,0.831085,0.826625,0.796453,0.793789,0.804558,0.830824,0.791403,0.820995,0.784161,0.784889,0.829778,0.805205,0.772431,0.802028,0.775914,0.810959,0.777942,0.814931,0.785476,0.825024,0.796682,0.833554,0.785050,0.795864,0.818446,0.786069,0.804192,0.851884,0.790976,0.797770,0.790817,0.784741,0.825203,0.815878,0.811532,0.779212,0.794564,0.805847,0.787507,0.807676,0.787710,0.804180,0.808136,0.801470,0.789885,0.777249,0.806866,0.796421,0.817678,0.821463,0.815745,0.798267,0.811132,0.782944,0.843624,0.805474,0.810916,0.812612,0.792439,0.821206,0.841351,0.788936,0.812330,0.798541,0.818619,0.799069,0.819594,0.798608,0.794335,0.823931,0.761177,0.830679,0.806572,0.842308,0.821714,0.833808,0.812281,0.802575,0.809792,0.816411,0.798418,0.819709,0.808777,0.794557,0.766915,0.783676,0.769225,0.814530,0.772113,0.818788,0.795428,0.789864,0.781656,0.791731,0.812433,0.811637,0.823252,0.817468,#
16,0.849843,0.828016,0.806678,0.817958,0.823704,0.823610,0.825876,0.835502,0.815225,0.812985,0.822932,0.824801,0.810058,0.803686,0.802486,0.798475,1.000000,0.843457,0.827793,0.835998,0.876001,0.811283,0.786438,0.834491,0.817933,0.828048,0.842647,0.791453,0.787654,0.820547,0.822657,0.847971,0.826777,0.811056,0.807742,0.831095,0.840915,0.827136,0.833525,0.835696,0.814867,0.807657,0.821100,0.813052,0.821539,0.819767,0.832805,0.818142,0.833426,0.844146,0.803493,0.819831,0.831081,0.841631,0.839516,0.845920,0.779522,0.840090,0.827291,0.782939,0.819909,0.840597,0.804758,0.789963,0.820098,0.812659,0.841107,0.822604,0.843763,0.830494,0.822631,0.799077,0.856692,0.813542,0.831554,0.802525,0.819217,0.835895,0.815300,0.840820,0.867624,0.826900,0.841024,0.854432,0.834743,0.833523,0.838256,0.806523,0.809466,0.826217,0.784535,0.812929,0.833307,0.807915,0.822633,0.834207,0.816659,0.821853,0.846763,0.829062,0.823767,0.816307,0.817841,0.835356,0.801703,0.842843,0.833768,0.818080,0.851965,0.806537,0.831724,0.822445,0.833792,0.808912,0.827321,0.849860,0.849562,0.834226,0.811458,0.748689,0.797285,0.836927,0.818038,0.844585,0.837540,0.811273,0.807724,0.777623,0.816345,0.806458,0.848965,0.822263,0.821614,0.790126,0.843975,0.857165,0.822795,0.800685,0.801419,0.805863,0.818156,0.834349,0.816794,0.823004,0.791298,0.792226,0.827972,0.795850,0.832660,0.830714,0.785341,0.846226,0.785320,0.792556,0.868396,0.804309,0.847416,0.827603,0.814228,0.817285,0.817323,0.806558,0.850109,0.805491,0.823922,0.826364,0.823412,0.814767,0.810334,0.805819,0.819880,0.843201,0.818942,0.822243,0.818896,0.821701,0.809749,0.875130,0.821972,0.806642,0.810955,0.799969,0.820826,0.801693,0.787661,0.819195,0.806970,0.816288,0.818604,0.826636,0.819262,0.802167,0.814920,0.808930,0.814867,0.813878,0.815094,0.838585,0.818741,0.827057,#
17,0.861575,0.833100,0.831495,0.818665,0.841940,0.843272,0.849935,0.844975,0.860639,0.820552,0.800619,0.862991,0.838311,0.871576,0.801735,0.839485,0.843457,1.000000,0.834340,0.854112,0.856087,0.828233,0.850501,0.839954,0.850889,0.860094,0.848679,0.841788,0.820827,0.852173,0.843228,0.855941,0.817102,0.819971,0.802576,0.863049,0.828384,0.847649,0.851728,0.869471,0.843073,0.837282,0.856066,0.832300,0.842806,0.824389,0.851537,0.870362,0.861401,0.854103,0.854635,0.831294,0.841590,0.839711,0.851919,0.864309,0.839735,0.846360,0.829566,0.817630,0.821626,0.840199,0.837395,0.826378,0.852774,0.862834,0.875941,0.860806,0.834194,0.813857,0.839860,0.821737,0.846576,0.829733,0.863012,0.815447,0.854896,0.857375,0.855205,0.853976,0.868835,0.842661,0.868937,0.862332,0.836744,0.850179,0.847108,0.844023,0.826799,0.821717,0.818680,0.813718,0.854750,0.847097,0.828822,0.836402,0.835126,0.817311,0.829126,0.848842,0.858362,0.807316,0.843099,0.835748,0.811356,0.832109,0.828779,0.842782,0.826471,0.844917,0.844333,0.823507,0.832953,0.832979,0.840153,0.824365,0.799977,0.833118,0.821704,0.817879,0.824914,0.855150,0.837992,0.850095,0.832429,0.833895,0.832076,0.807066,0.820324,0.836212,0.859333,0.855967,0.858803,0.821912,0.840410,0.861618,0.855421,0.836131,0.849246,0.851026,0.841668,0.857070,0.872311,0.847241,0.846291,0.813230,0.832515,0.805956,0.857221,0.826965,0.841948,0.848252,0.826240,0.831282,0.854402,0.847793,0.878851,0.839227,0.848118,0.823859,0.842118,0.833969,0.878905,0.821605,0.845667,0.833147,0.807054,0.788366,0.840164,0.817996,0.854737,0.837188,0.844050,0.843689,0.863909,0.813269,0.844205,0.870361,0.833962,0.849255,0.843788,0.859322,0.844178,0.856259,0.838124,0.824704,0.828549,0.860400,0.796113,0.822755,0.835915,0.835292,0.821351,0.840963,0.837873,0.846674,0.817846,0.863040,0.848995,0.816022,#
18,0.838373,0.834257,0.817630,0.852575,0.826324,0.810072,0.815069,0.837509,0.817184,0.831996,0.812939,0.863852,0.830015,0.846377,0.799424,0.810727,0.827793,0.834340,1.000000,0.832646,0.834682,0.831245,0.839585,0.806971,0.811314,0.840147,0.826535,0.836322,0.816063,0.845406,0.790888,0.852075,0.835513,0.844433,0.810407,0.853436,0.810980,0.825532,0.828685,0.842594,0.831834,0.790977,0.824555,0.797631,0.856146,0.802378,0.853317,0.849573,0.826730,0.811740,0.809974,0.818036,0.850173,0.806239,0.841472,0.847128,0.815275,0.842760,0.814754,0.841253,0.829816,0.801071,0.822678,0.797899,0.857374,0.812018,0.825770,0.811515,0.790712,0.811414,0.838726,0.799572,0.856409,0.808955,0.862997,0.794995,0.844683,0.822501,0.837276,0.823593,0.837572,0.819482,0.848647,0.837044,0.851608,0.833350,0.804231,0.829739,0.818469,0.802693,0.828666,0.800283,0.837509,0.825796,0.833962,0.806657,0.827595,0.823378,0.826830,0.839151,0.842671,0.813362,0.824289,0.831372,0.819594,0.829795,0.815414,0.833046,0.829202,0.815576,0.846814,0.796872,0.856604,0.826004,0.780961,0.828821,0.799400,0.824166,0.804376,0.789011,0.808226,0.857556,0.812733,0.829685,0.831350,0.785506,0.831144,0.805578,0.845834,0.807982,0.808468,0.844650,0.830391,0.820594,0.844832,0.847908,0.843768,0.829695,0.805743,0.819527,0.808468,0.855233,0.825712,0.859820,0.813317,0.819453,0.832048,0.779825,0.832642,0.815004,0.806919,0.836528,0.839335,0.793167,0.843227,0.823923,0.831943,0.853258,0.825685,0.811487,0.837014,0.826734,0.861578,0.824758,0.830368,0.822026,0.871322,0.798721,0.811408,0.815566,0.827548,0.842213,0.836526,0.834101,0.818776,0.823341,0.826763,0.865463,0.806527,0.839920,0.809058,0.823588,0.818590,0.812800,0.805962,0.825833,0.823545,0.800398,0.800534,0.833677,0.821627,0.822474,0.795756,0.855121,0.828097,0.806997,0.790369,0.857496,0.831292,0.813935,#
19,0.834877,0.844218,0.833963,0.820772,0.852007,0.860830,0.803151,0.839573,0.841779,0.812015,0.803824,0.824292,0.805435,0.820119,0.805954,0.808237,0.835998,0.854112,0.832646,1.000000,0.839128,0.802542,0.819584,0.838550,0.805328,0.800537,0.834784,0.804780,0.801437,0.836977,0.848854,0.858741,0.829053,0.814623,0.776655,0.847319,0.806933,0.815678,0.841703,0.830481,0.834732,0.802639,0.823167,0.804306,0.818205,0.823138,0.864734,0.837910,0.848074,0.806378,0.793501,0.819285,0.815190,0.828643,0.830164,0.818492,0.838439,0.826334,0.821034,0.792193,0.821580,0.823111,0.841466,0.813684,0.842127,0.829468,0.822555,0.817740,0.819084,0.802863,0.834949,0.800756,0.857811,0.813298,0.831768,0.799949,0.816610,0.826057,0.835624,0.815528,0.842956,0.795759,0.859107,0.825535,0.820089,0.816537,0.814342,0.848065,0.838434,0.788203,0.799762,0.810174,0.823881,0.817427,0.816699,0.796166,0.818936,0.818412,0.825469,0.837110,0.841990,0.817854,0.816669,0.818652,0.814079,0.820243,0.835504,0.821857,0.824266,0.776959,0.816891,0.802816,0.828464,0.816314,0.807965,0.825149,0.828188,0.829926,0.803860,0.750860,0.810898,0.840992,0.806701,0.856654,0.840036,0.803903,0.833681,0.812275,0.839208,0.849706,0.818131,0.844729,0.830883,0.831335,0.844941,0.843552,0.824585,0.816396,0.808675,0.806616,0.809540,0.826709,0.808281,0.810159,0.817041,0.785106,0.796709,0.756300,0.840531,0.828601,0.810525,0.844792,0.808899,0.805728,0.843535,0.813298,0.852321,0.838598,0.838349,0.828908,0.818770,0.825777,0.828892,0.808451,0.829777,0.812128,0.791144,0.822394,0.812030,0.797415,0.817723,0.838378,0.836876,0.835827,0.846536,0.801950,0.837337,0.869115,0.808906,0.789904,0.787107,0.844905,0.826710,0.846118,0.818640,0.803892,0.782173,0.811331,0.819889,0.831514,0.820088,0.825922,0.796152,0.844056,0.818666,0.835980,0.787388,0.813207,0.816818,0.806175,#
20,0.841917,0.837356,0.825309,0.837252,0.856182,0.832291,0.853329,0.848821,0.844868,0.852333,0.820346,0.834468,0.829069,0.840007,0.825106,0.817961,0.876001,0.856087,0.834682,0.839128,1.000000,0.836056,0.818139,0.853357,0.830833,0.846136,0.854560,0.835340,0.821609,0.846181,0.840250,0.855646,0.838280,0.863763,0.826883,0.857981,0.834763,0.832552,0.859097,0.860025,0.839320,0.849657,0.828007,0.847272,0.858423,0.813246,0.865013,0.837102,0.832276,0.830174,0.836323,0.852630,0.834890,0.845675,0.852969,0.852662,0.820311,0.860518,0.837609,0.818931,0.846971,0.828414,0.856807,0.808597,0.867032,0.844597,0.863565,0.823358,0.835520,0.825537,0.848588,0.824499,0.848459,0.826115,0.847191,0.799544,0.823082,0.844416,0.851658,0.859561,0.862047,0.863635,0.859390,0.859647,0.824337,0.836239,0.835872,0.835431,0.834586,0.853921,0.832057,0.825548,0.840833,0.851861,0.849287,0.824571,0.821487,0.819477,0.845150,0.838655,0.865483,0.832926,0.840332,0.850523,0.841939,0.813310,0.863824,0.853088,0.828248,0.853350,0.837783,0.844271,0.824356,0.794966,0.838420,0.841361,0.833494,0.862525,0.788986,0.791779,0.846693,0.853898,0.821784,0.877964,0.822574,0.828867,0.820068,0.804680,0.837523,0.848271,0.858724,0.835069,0.860162,0.848767,0.857224,0.848912,0.821156,0.836842,0.845056,0.849369,0.823528,0.841630,0.838531,0.840888,0.831126,0.812649,0.846140,0.805881,0.826439,0.859174,0.836906,0.858810,0.830680,0.823754,0.863131,0.820519,0.837071,0.842220,0.854776,0.828213,0.829025,0.839131,0.844940,0.838746,0.865791,0.799399,0.819261,0.811909,0.822794,0.819302,0.850888,0.836870,0.854079,0.836459,0.836128,0.828652,0.825505,0.870288,0.834307,0.833832,0.830306,0.820007,0.828997,0.810738,0.809039,0.839860,0.815536,0.842503,0.812256,0.831332,0.798066,0.819893,0.836339,0.855508,0.834581,0.798268,0.819032,0.853408,0.850847,0.838279,#
21,0.804763,0.860035,0.809846,0.849159,0.825622,0.797764,0.807772,0.816978,0.855440,0.811100,0.783402,0.812885,0.790588,0.819348,0.808240,0.820431,0.811283,0.828233,0.831245,0.802542,0.836056,1.000000,0.827874,0.830059,0.787340,0.802418,0.836389,0.798891,0.820336,0.797216,0.811662,0.807817,0.833504,0.834315,0.808616,0.850963,0.815154,0.826350,0.831485,0.822191,0.803039,0.822792,0.814271,0.819832,0.826405,0.803500,0.820538,0.820118,0.824356,0.796768,0.812267,0.829357,0.816391,0.800699,0.836492,0.832517,0.809288,0.821561,0.828858,0.782522,0.814592,0.813640,0.782152,0.785780,0.852376,0.819426,0.827080,0.823107,0.804315,0.817930,0.824580,0.820066,0.848937,0.827259,0.862508,0.816930,0.814125,0.818642,0.834265,0.835626,0.822451,0.802527,0.852376,0.830764,0.850940,0.826224,0.791973,0.824318,0.816026,0.814353,0.773466,0.776771,0.829327,0.818114,0.822084,0.804889,0.817974,0.793485,0.805833,0.837640,0.821189,0.823174,0.794757,0.817439,0.794933,0.831283,0.798456,0.820746,0.800140,0.830696,0.838927,0.785258,0.824377,0.832485,0.765323,0.797412,0.812785,0.833937,0.781929,0.792577,0.807801,0.829362,0.804095,0.827732,0.815605,0.768559,0.811724,0.816908,0.810690,0.835316,0.829675,0.837660,0.825680,0.810888,0.846151,0.810134,0.790486,0.776689,0.807781,0.823959,0.814860,0.837912,0.797526,0.821681,0.799784,0.805798,0.807476,0.772345,0.804595,0.809349,0.823576,0.841942,0.797035,0.818002,0.825137,0.820616,0.818094,0.808820,0.807190,0.810400,0.814957,0.832355,0.841422,0.828273,0.844646,0.800341,0.835720,0.790554,0.778427,0.797921,0.826494,0.814868,0.810146,0.805735,0.819793,0.808635,0.765933,0.837065,0.809724,0.800003,0.799083,0.840551,0.797368,0.805020,0.810391,0.828660,0.811275,0.769224,0.774547,0.820718,0.810128,0.794110,0.809860,0.812312,0.810443,0.777295,0.819812,0.825195,0.789343,0.817145,#
