0,1.000000,0.398280,0.390120,0.285065,0.321217,0.324441,0.371723,0.261383,0.334061,0.342914,0.415584,0.393434,0.349161,0.269117,0.372764,0.335019,0.398338,0.449436,0.343243,0.322607,0.410060,0.457019,0.340442,0.369667,0.329314,0.271200,0.353948,0.419086,0.385542,0.317091,0.332173,0.276628,0.408690,0.243412,0.233534,0.357744,0.401162,0.350864,0.295463,0.402545,0.255307,0.390624,0.285294,0.386852,0.283797,0.299424,0.407635,0.351387,0.412297,0.368638,0.462371,0.313707,0.272940,0.303823,0.413435,0.277757,0.359663,0.356144,0.265453,0.305722,0.324895,0.292761,0.358669,0.404091,0.369711,0.188341,0.377185,0.324603,0.330215,0.354689,0.445734,0.388947,0.406144,0.353319,0.314110,0.332046,0.322440,0.365068,0.366929,0.248516,0.432043,0.316976,0.362152,0.376443,0.355861,0.418754,0.406992,0.292251,0.413588,0.325866,0.382008,0.247579,0.293899,0.320091,0.362301,0.384034,0.364339,0.310306,0.396850,0.356387,0.358727,0.384559,0.316818,0.401279,0.276818,0.342991,0.365196,0.374249,0.346398,0.307578,0.260057,0.353191,0.349353,0.359769,0.235903,0.358369,0.401202,0.275758,0.400606,0.323545,0.398976,0.278092,0.251367,0.304579,0.296328,0.450185,0.292306,0.317198,0.256109,0.418805,0.352275,0.401433,0.358290,0.314323,0.370736,0.263026,0.386148,0.354647,0.349130,0.469132,0.318040,0.358322,0.374491,0.296764,0.345708,0.344830,0.295018,0.226516,0.363913,0.312860,0.363311,0.318971,0.368713,0.344585,0.304027,0.211940,0.199634,0.265291,0.390809,0.357916,0.381510,0.379662,0.250161,0.367725,0.358146,0.260987,0.219663,0.330468,0.382345,0.304660,0.490963,0.169676,0.389080,0.462032,0.351598,0.297895,0.321114,0.328514,0.380251,0.307952,0.321548,0.477465,0.264426,0.220799,0.315794,0.414663,0.363179,0.501708,0.353264,0.193602,0.373527,0.347431,0.270861,0.225193,0.358800,0.287961,0.347349,0.284802,0.360735,0.384026,#
1,0.398280,1.000000,0.339222,0.304665,0.439305,0.394209,0.433266,0.414138,0.283480,0.359913,0.480318,0.438109,0.392124,0.426379,0.374059,0.335747,0.343683,0.350420,0.473041,0.345798,0.392115,0.478316,0.356555,0.414886,0.481916,0.415522,0.407500,0.478865,0.401841,0.254890,0.435275,0.388045,0.451970,0.372087,0.363806,0.327841,0.354272,0.392124,0.371381,0.399379,0.370921,0.393877,0.463679,0.324414,0.360583,0.349039,0.490438,0.429717,0.385489,0.364089,0.470520,0.336814,0.445548,0.379352,0.383398,0.311229,0.400943,0.390707,0.440862,0.451720,0.397900,0.342342,0.375820,0.440913,0.373396,0.371381,0.360592,0.431432,0.396454,0.375682,0.417577,0.335946,0.440336,0.326192,0.426582,0.291577,0.449903,0.370454,0.480445,0.375443,0.375280,0.481243,0.472838,0.496486,0.325845,0.358566,0.345614,0.370749,0.418815,0.478001,0.400105,0.456499,0.382217,0.390560,0.286925,0.446261,0.350572,0.281309,0.429813,0.337252,0.308687,0.264328,0.378172,0.389466,0.301371,0.333673,0.365749,0.462143,0.350676,0.382128,0.451855,0.392256,0.441970,0.420457,0.412378,0.398060,0.440714,0.278387,0.478034,0.401677,0.327281,0.369145,0.337589,0.404737,0.416256,0.430381,0.456481,0.394753,0.314129,0.384851,0.380482,0.426911,0.288969,0.382665,0.491030,0.413684,0.356587,0.374059,0.389510,0.420387,0.449703,0.359412,0.244281,0.261184,0.405587,0.365225,0.403032,0.250481,0.428144,0.350862,0.360866,0.450692,0.423417,0.266181,0.283199,0.365240,0.346437,0.372577,0.426997,0.304335,0.309869,0.420475,0.346192,0.391635,0.387460,0.485147,0.268308,0.463360,0.353487,0.434306,0.452026,0.336908,0.304060,0.393583,0.479266,0.365173,0.310654,0.399925,0.425829,0.399839,0.399508,0.392020,0.385755,0.349295,0.508368,0.417068,0.320253,0.500668,0.306136,0.302160,0.502579,0.394749,0.291192,0.325822,0.434697,0.421198,0.278017,0.411747,0.373136,0.379047,#
2,0.390120,0.339222,1.000000,0.382442,0.334771,0.321509,0.373462,0.314761,0.197729,0.258016,0.281079,0.366293,0.327355,0.343448,0.328366,0.344390,0.349352,0.366578,0.368514,0.337600,0.351237,0.434056,0.431671,0.354836,0.449403,0.385096,0.375337,0.290269,0.321079,0.275670,0.405306,0.319403,0.372382,0.334521,0.312866,0.322816,0.302784,0.360602,0.310018,0.360470,0.391811,0.348401,0.343568,0.252014,0.238630,0.379793,0.379674,0.420141,0.291249,0.333529,0.387717,0.385915,0.381982,0.304049,0.291311,0.370213,0.231167,0.398445,0.286301,0.388363,0.156211,0.330083,0.335749,0.467518,0.403633,0.343091,0.329126,0.286180,0.360318,0.427753,0.336700,0.240853,0.294806,0.346744,0.382367,0.388495,0.282425,0.360439,0.326170,0.362870,0.445933,0.321249,0.328665,0.366622,0.258586,0.417911,0.387728,0.374245,0.259384,0.389673,0.296796,0.257567,0.353578,0.307276,0.318247,0.341502,0.341819,0.228146,0.391818,0.299787,0.367660,0.388399,0.327463,0.324802,0.414192,0.272981,0.347119,0.353175,0.296463,0.380410,0.336873,0.334101,0.379362,0.289509,0.283175,0.291437,0.287289,0.381900,0.226615,0.248718,0.320098,0.277144,0.254788,0.271343,0.297827,0.300691,0.373172,0.315569,0.304937,0.295121,0.267722,0.452322,0.293813,0.278597,0.334060,0.381641,0.365193,0.366159,0.276754,0.265011,0.245244,0.281002,0.383412,0.296414,0.442187,0.356896,0.292398,0.258964,0.455303,0.319002,0.355889,0.405997,0.388460,0.321283,0.239086,0.231114,0.197759,0.305018,0.370680,0.275607,0.415205,0.423839,0.356073,0.340353,0.324837,0.260749,0.301251,0.366765,0.305763,0.354960,0.404677,0.342394,0.284384,0.377525,0.447368,0.375928,0.439056,0.366503,0.342206,0.385326,0.376060,0.324484,0.215553,0.214541,0.335202,0.395592,0.388026,0.383051,0.295760,0.231476,0.338259,0.317790,0.385568,0.261577,0.355870,0.270309,0.350022,0.222312,0.480737,0.373465,#
3,0.285065,0.304665,0.382442,1.000000,0.284661,0.270674,0.349671,0.382343,0.267282,0.263631,0.290036,0.383285,0.269047,0.300277,0.160974,0.193860,0.262641,0.378824,0.276380,0.280961,0.314971,0.351008,0.369058,0.373547,0.351916,0.329494,0.297624,0.304124,0.351942,0.216696,0.361721,0.362029,0.333299,0.409451,0.179012,0.282898,0.349021,0.415950,0.323500,0.270859,0.324806,0.355366,0.381279,0.261649,0.302611,0.394638,0.402118,0.355276,0.263178,0.369130,0.431226,0.299768,0.268413,0.298330,0.234188,0.355203,0.297277,0.374804,0.302531,0.332619,0.242708,0.239085,0.347609,0.444772,0.352716,0.302112,0.266330,0.400876,0.234020,0.307959,0.451948,0.274712,0.231278,0.342697,0.383380,0.322674,0.261544,0.317144,0.340086,0.405571,0.319064,0.329268,0.320568,0.334775,0.298802,0.331977,0.404413,0.282910,0.307349,0.447492,0.358083,0.245635,0.302937,0.422447,0.233925,0.341995,0.299037,0.226478,0.362122,0.269459,0.280561,0.331506,0.351257,0.261623,0.363280,0.268493,0.309273,0.380044,0.302141,0.274286,0.327483,0.283120,0.278745,0.339019,0.222820,0.260744,0.342207,0.270972,0.294789,0.267614,0.335893,0.310830,0.322944,0.335479,0.284957,0.302177,0.333900,0.265181,0.277417,0.422135,0.275831,0.358297,0.344745,0.448164,0.336857,0.366505,0.298996,0.263101,0.332298,0.344105,0.367373,0.257489,0.350917,0.311342,0.365507,0.231229,0.301543,0.282755,0.350948,0.348896,0.342552,0.246677,0.297352,0.291244,0.218890,0.176965,0.328383,0.289948,0.232378,0.354915,0.427901,0.340171,0.337619,0.437595,0.345622,0.381517,0.255884,0.263494,0.326006,0.394634,0.387652,0.238825,0.285295,0.353622,0.356996,0.303858,0.235258,0.280088,0.273847,0.337131,0.390600,0.406194,0.353499,0.356046,0.331114,0.300971,0.228793,0.459792,0.178631,0.219326,0.355905,0.356721,0.361975,0.334139,0.222844,0.339605,0.375800,0.303194,0.374053,0.325345,#
4,0.321217,0.439305,0.334771,0.284661,1.000000,0.256659,0.435823,0.272070,0.325867,0.337436,0.434441,0.298458,0.370927,0.340377,0.252890,0.278419,0.285068,0.357739,0.394937,0.423655,0.334256,0.402572,0.351033,0.374077,0.414535,0.448736,0.346829,0.385935,0.370932,0.184411,0.374376,0.360310,0.458186,0.321740,0.359068,0.309258,0.211726,0.453188,0.325844,0.337172,0.352463,0.372296,0.364725,0.351459,0.372978,0.281659,0.412209,0.427422,0.370093,0.413679,0.393854,0.223164,0.342289,0.387522,0.350721,0.337763,0.266109,0.348791,0.286263,0.411209,0.373172,0.285712,0.296506,0.339973,0.323172,0.265910,0.392183,0.326127,0.340661,0.332942,0.337364,0.390562,0.324399,0.291525,0.361643,0.223677,0.247148,0.331497,0.279967,0.270067,0.472760,0.416749,0.287040,0.357650,0.348919,0.372618,0.290327,0.337287,0.364442,0.416453,0.342279,0.351595,0.264195,0.365426,0.224957,0.404075,0.300334,0.420067,0.461650,0.314388,0.336824,0.245065,0.311671,0.387328,0.430129,0.265630,0.333906,0.388617,0.310242,0.449813,0.416810,0.222828,0.410417,0.437796,0.276101,0.225067,0.325682,0.191430,0.376380,0.360898,0.318725,0.348897,0.312854,0.305439,0.365663,0.370464,0.386704,0.327434,0.170548,0.236123,0.295940,0.409910,0.340448,0.292200,0.428465,0.350716,0.325844,0.265006,0.252591,0.320547,0.383139,0.214684,0.315282,0.337689,0.299715,0.349985,0.361939,0.241484,0.376490,0.358211,0.365647,0.386557,0.414999,0.388422,0.264098,0.279358,0.373401,0.358098,0.288157,0.328972,0.311892,0.354437,0.296168,0.357156,0.282068,0.424827,0.325495,0.260845,0.372867,0.378326,0.452016,0.296068,0.266415,0.260291,0.391253,0.224322,0.341214,0.275819,0.214848,0.300264,0.280851,0.334947,0.261956,0.279433,0.361798,0.324623,0.333705,0.474425,0.336425,0.258735,0.372766,0.275937,0.369810,0.308345,0.327602,0.379223,0.343144,0.401622,0.377704,0.348588,#
5,0.324441,0.394209,0.321509,0.270674,0.256659,1.000000,0.264890,0.308304,0.271330,0.302371,0.295429,0.315353,0.296958,0.184493,0.258549,0.312727,0.318797,0.382128,0.341059,0.223770,0.348147,0.335941,0.352953,0.447401,0.264434,0.317234,0.286848,0.337391,0.379047,0.267584,0.233505,0.413246,0.344955,0.241497,0.271963,0.245002,0.428863,0.318520,0.368891,0.353542,0.313400,0.323376,0.222790,0.338084,0.198930,0.359225,0.330792,0.212447,0.363613,0.384889,0.349146,0.265156,0.328021,0.213342,0.300411,0.367449,0.258745,0.413369,0.297136,0.321483,0.346434,0.332765,0.342430,0.309215,0.345036,0.252186,0.328634,0.332051,0.203066,0.286145,0.400953,0.268998,0.367724,0.413383,0.301863,0.290520,0.318247,0.278775,0.339325,0.304742,0.380748,0.300626,0.355447,0.202412,0.162971,0.392795,0.241747,0.303015,0.280929,0.273336,0.270301,0.313887,0.200982,0.279682,0.192878,0.293780,0.323029,0.158070,0.310950,0.192707,0.294515,0.309985,0.367030,0.299952,0.278805,0.251432,0.261965,0.339092,0.249029,0.329664,0.391058,0.275028,0.366592,0.319131,0.263296,0.274434,0.386085,0.308952,0.279210,0.354248,0.176882,0.251843,0.249900,0.260141,0.354206,0.264372,0.226437,0.221073,0.303573,0.395349,0.303155,0.407743,0.219174,0.280261,0.377356,0.324559,0.229486,0.248265,0.288273,0.282192,0.360755,0.315046,0.260102,0.316870,0.296607,0.272239,0.242150,0.270991,0.315447,0.256550,0.319330,0.237589,0.308136,0.353169,0.181017,0.247262,0.270123,0.248341,0.380285,0.207470,0.364474,0.292615,0.310902,0.226332,0.293103,0.212600,0.194959,0.311845,0.353708,0.389315,0.234177,0.266281,0.333895,0.290573,0.288911,0.290067,0.258764,0.323320,0.362284,0.257996,0.379834,0.401615,0.405995,0.193414,0.348518,0.393468,0.287154,0.296537,0.197376,0.293956,0.390543,0.247945,0.264731,0.313107,0.346645,0.287895,0.335554,0.348290,0.286173,0.400263,#
6,0.371723,0.433266,0.373462,0.349671,0.435823,0.264890,1.000000,0.382421,0.288655,0.336300,0.419093,0.386806,0.328506,0.435221,0.246727,0.321186,0.403283,0.396933,0.410435,0.419746,0.418970,0.386440,0.372789,0.356240,0.405362,0.339289,0.317513,0.379985,0.404829,0.300722,0.330453,0.351845,0.435085,0.333347,0.263841,0.275011,0.287782,0.377771,0.328835,0.392699,0.402568,0.396622,0.358192,0.413201,0.374572,0.283462,0.458508,0.491984,0.360356,0.417334,0.345378,0.422831,0.378837,0.374431,0.326640,0.375715,0.346648,0.454871,0.360723,0.417234,0.261229,0.351481,0.299819,0.435337,0.304186,0.418678,0.377500,0.338958,0.355463,0.347462,0.395234,0.372242,0.354700,0.357676,0.379914,0.345879,0.360561,0.362133,0.381511,0.378074,0.410967,0.476397,0.463858,0.371119,0.378753,0.451770,0.353085,0.423452,0.452815,0.422350,0.406177,0.323850,0.326487,0.455297,0.297046,0.457295,0.340068,0.325558,0.462317,0.330710,0.371635,0.375769,0.247205,0.348443,0.274184,0.453653,0.360746,0.382757,0.350955,0.403687,0.366803,0.328724,0.424283,0.363573,0.323640,0.313441,0.382849,0.299450,0.420642,0.376741,0.287345,0.434135,0.244756,0.329131,0.351543,0.374800,0.332962,0.470046,0.223566,0.390822,0.353782,0.379332,0.427904,0.266712,0.518954,0.407949,0.307332,0.482267,0.367734,0.336405,0.346481,0.228878,0.318210,0.488864,0.276655,0.365683,0.315591,0.264962,0.334742,0.311866,0.431637,0.378123,0.402375,0.384474,0.327784,0.246807,0.307613,0.300987,0.350285,0.278413,0.363452,0.384792,0.363976,0.421423,0.396124,0.391688,0.244777,0.333693,0.451946,0.472596,0.370431,0.340614,0.337327,0.311339,0.421967,0.339212,0.345744,0.323056,0.410136,0.313642,0.236106,0.269608,0.336880,0.359761,0.449794,0.340335,0.351973,0.416911,0.330920,0.362630,0.369265,0.275376,0.421690,0.312204,0.293619,0.390761,0.363900,0.372431,0.262686,0.366719,#
7,0.261383,0.414138,0.314761,0.382343,0.272070,0.308304,0.382421,1.000000,0.278429,0.402731,0.347978,0.449257,0.367702,0.397706,0.242275,0.301260,0.342684,0.411426,0.346311,0.426608,0.385092,0.392401,0.521220,0.316724,0.448510,0.360271,0.399510,0.479602,0.342547,0.283020,0.415518,0.440333,0.425799,0.359802,0.310256,0.383913,0.314616,0.362179,0.338439,0.344056,0.296678,0.348754,0.438581,0.278272,0.376334,0.464480,0.357329,0.452086,0.406228,0.428278,0.465871,0.331313,0.326232,0.384007,0.400236,0.411053,0.412775,0.410080,0.360739,0.390959,0.321571,0.226719,0.364241,0.412864,0.456598,0.291230,0.352918,0.403737,0.352805,0.496668,0.394382,0.320811,0.407668,0.478241,0.431235,0.376869,0.399268,0.393839,0.444475,0.437005,0.368041,0.400414,0.479132,0.379065,0.341582,0.390913,0.423551,0.375137,0.419754,0.466651,0.376388,0.275986,0.357246,0.358623,0.289143,0.388887,0.339421,0.264476,0.313393,0.266650,0.403701,0.334957,0.351668,0.343579,0.258576,0.411946,0.400664,0.387252,0.384984,0.333689,0.348784,0.331413,0.312585,0.358762,0.415564,0.338602,0.362764,0.353601,0.408766,0.425087,0.369683,0.380254,0.323121,0.460100,0.460330,0.419977,0.397547,0.444641,0.266337,0.370061,0.309362,0.341121,0.336099,0.344495,0.493958,0.430098,0.304119,0.431825,0.447466,0.419321,0.455588,0.491204,0.202847,0.368874,0.449400,0.376671,0.407927,0.306913,0.404138,0.275103,0.430086,0.502999,0.337856,0.271076,0.223329,0.374426,0.374643,0.386061,0.340894,0.358727,0.412410,0.367148,0.327284,0.438569,0.430793,0.331797,0.366661,0.316540,0.474895,0.391677,0.393811,0.360462,0.358242,0.325817,0.402370,0.348098,0.367177,0.389409,0.282653,0.428429,0.388114,0.409937,0.296501,0.317577,0.312419,0.377539,0.384445,0.472279,0.295408,0.389604,0.415586,0.329288,0.283806,0.397019,0.232705,0.364805,0.430676,0.386971,0.369210,0.374512,#
8,0.334061,0.283480,0.197729,0.267282,0.325867,0.271330,0.288655,0.278429,1.000000,0.235114,0.368026,0.324346,0.323525,0.340704,0.306585,0.243741,0.320485,0.289299,0.213759,0.374509,0.316992,0.281575,0.354511,0.323008,0.327408,0.346453,0.224141,0.387298,0.301782,0.349295,0.267441,0.352331,0.343759,0.388259,0.288574,0.270230,0.301530,0.390430,0.289974,0.443010,0.305930,0.273554,0.184299,0.354053,0.329375,0.301210,0.377355,0.399711,0.238500,0.293993,0.298646,0.368928,0.214512,0.454874,0.334292,0.366513,0.249639,0.283132,0.288736,0.360064,0.305691,0.201581,0.395312,0.371612,0.271521,0.265923,0.338714,0.385356,0.411019,0.329246,0.226172,0.419617,0.293037,0.287609,0.223819,0.213993,0.295318,0.223353,0.363995,0.187079,0.302676,0.342148,0.339871,0.228156,0.298174,0.354807,0.301702,0.303916,0.353234,0.345213,0.332132,0.240253,0.255821,0.321635,0.284340,0.459335,0.340741,0.308679,0.274750,0.204437,0.314236,0.211447,0.218823,0.259982,0.313005,0.267796,0.349386,0.357830,0.229840,0.352500,0.257316,0.309635,0.290157,0.305329,0.240109,0.305859,0.436342,0.295695,0.198329,0.380180,0.300427,0.232001,0.296380,0.246129,0.326322,0.387853,0.216672,0.294822,0.294378,0.326665,0.326281,0.386557,0.308053,0.293833,0.403150,0.350143,0.284223,0.407965,0.448971,0.351998,0.301873,0.318501,0.382147,0.254154,0.365348,0.281663,0.301859,0.417008,0.337027,0.310309,0.338248,0.307103,0.337071,0.280799,0.333571,0.260108,0.321894,0.203358,0.315931,0.317501,0.263973,0.264911,0.222573,0.425550,0.290566,0.314020,0.309705,0.278633,0.347772,0.343775,0.420009,0.117973,0.217557,0.410308,0.355415,0.354945,0.226899,0.314143,0.286934,0.309676,0.398052,0.277203,0.121037,0.229418,0.408219,0.288699,0.299788,0.317291,0.235006,0.242977,0.372172,0.269541,0.227575,0.278344,0.317078,0.295556,0.321548,0.182035,0.261268,0.303691,#
9,0.342914,0.359913,0.258016,0.263631,0.337436,0.302371,0.336300,0.402731,0.235114,1.000000,0.459022,0.389324,0.319928,0.364867,0.334458,0.352238,0.317716,0.310023,0.319074,0.397873,0.323619,0.327486,0.403279,0.368289,0.361398,0.316436,0.379849,0.474913,0.323533,0.218680,0.403317,0.403772,0.353879,0.357963,0.302346,0.343570,0.200916,0.378266,0.314350,0.306932,0.336392,0.390909,0.263232,0.218818,0.386353,0.446931,0.376645,0.420331,0.403803,0.275635,0.406560,0.388472,0.320800,0.306463,0.363566,0.403000,0.401218,0.389054,0.259162,0.343071,0.264701,0.297724,0.404019,0.357577,0.368892,0.348455,0.284126,0.435982,0.391155,0.300112,0.373939,0.335864,0.297444,0.372352,0.393754,0.321594,0.456258,0.329503,0.454305,0.388100,0.393360,0.397895,0.469631,0.388540,0.397211,0.494953,0.410092,0.295759,0.423185,0.345706,0.275679,0.422747,0.307474,0.374234,0.300978,0.409503,0.449687,0.253449,0.354946,0.351592,0.391435,0.334534,0.436520,0.233952,0.333647,0.314552,0.368849,0.414706,0.308150,0.290479,0.278975,0.335519,0.414777,0.352913,0.343682,0.374498,0.422571,0.405629,0.464171,0.347858,0.489080,0.451096,0.319875,0.381109,0.389222,0.384662,0.264045,0.443807,0.253196,0.270271,0.344137,0.440090,0.286428,0.307948,0.476057,0.287264,0.291349,0.349962,0.388628,0.412762,0.326784,0.312371,0.262600,0.307003,0.371650,0.225236,0.392182,0.303531,0.279908,0.334430,0.410451,0.378893,0.417390,0.337999,0.294363,0.383890,0.367783,0.394695,0.396969,0.363511,0.335344,0.248488,0.199085,0.443503,0.383033,0.359952,0.283902,0.306690,0.438721,0.428021,0.388557,0.389922,0.329376,0.391453,0.358214,0.321751,0.290847,0.203534,0.241924,0.437797,0.352836,0.396575,0.374818,0.357804,0.331520,0.396986,0.446533,0.451050,0.376900,0.250166,0.378763,0.319108,0.251975,0.310806,0.301158,0.355525,0.309937,0.253872,0.353717,0.324989,#
10,0.415584,0.480318,0.281079,0.290036,0.434441,0.295429,0.419093,0.347978,0.368026,0.459022,1.000000,0.389880,0.305796,0.411337,0.322275,0.358691,0.431757,0.364005,0.448573,0.425756,0.385812,0.373188,0.381944,0.317858,0.382169,0.337198,0.438934,0.400993,0.332799,0.338048,0.424393,0.376755,0.373828,0.400551,0.313874,0.412673,0.211796,0.408743,0.378751,0.325788,0.270483,0.288340,0.326758,0.297244,0.331665,0.364061,0.413984,0.442133,0.420949,0.391340,0.353856,0.406674,0.352625,0.377662,0.397482,0.404381,0.363793,0.377433,0.338345,0.349406,0.328255,0.332179,0.380201,0.434632,0.346409,0.360964,0.398481,0.364629,0.387768,0.328078,0.358999,0.350464,0.342384,0.362342,0.349151,0.366980,0.453209,0.241480,0.422398,0.292419,0.348442,0.454118,0.385753,0.404584,0.363918,0.458087,0.407092,0.268772,0.428485,0.374809,0.275872,0.355123,0.397721,0.346376,0.286350,0.396979,0.418256,0.257452,0.448941,0.361138,0.432184,0.286057,0.360631,0.347950,0.396578,0.347739,0.439960,0.430745,0.356904,0.394884,0.284373,0.319918,0.387864,0.413619,0.374820,0.430283,0.422036,0.268687,0.311934,0.318846,0.341625,0.339870,0.352961,0.377183,0.408790,0.345162,0.314399,0.382268,0.269195,0.393045,0.371546,0.409332,0.333639,0.292752,0.484587,0.360926,0.346242,0.422991,0.307062,0.491573,0.349576,0.280582,0.443827,0.278440,0.325429,0.364251,0.266781,0.305585,0.326836,0.413317,0.335780,0.450495,0.375461,0.398925,0.368545,0.382667,0.337623,0.297839,0.333531,0.445527,0.322597,0.362302,0.328824,0.423283,0.343146,0.373310,0.257119,0.303218,0.369895,0.499443,0.474733,0.355713,0.368049,0.405123,0.423911,0.213461,0.325996,0.345657,0.399703,0.468374,0.394727,0.367588,0.405003,0.290994,0.449613,0.372451,0.357444,0.437393,0.319700,0.276525,0.357415,0.362733,0.318590,0.326358,0.364717,0.419610,0.396802,0.405030,0.412793,0.431827,#
11,0.393434,0.438109,0.366293,0.383285,0.298458,0.315353,0.386806,0.449257,0.324346,0.389324,0.389880,1.000000,0.440534,0.327300,0.208792,0.412309,0.405324,0.463036,0.413358,0.273706,0.414544,0.447875,0.399431,0.426573,0.510170,0.460723,0.310263,0.471860,0.300563,0.386963,0.427247,0.426233,0.386764,0.427763,0.332243,0.323200,0.416327,0.470823,0.315275,0.369754,0.389878,0.407075,0.417348,0.415399,0.336534,0.419729,0.444286,0.492735,0.381355,0.328149,0.457514,0.416477,0.340025,0.451925,0.325199,0.376841,0.507889,0.422368,0.396501,0.365880,0.323484,0.383776,0.457309,0.469858,0.427247,0.339245,0.399791,0.427257,0.374012,0.379669,0.377863,0.310678,0.370068,0.471232,0.446576,0.426890,0.371409,0.363796,0.552570,0.367678,0.418994,0.347506,0.408645,0.476388,0.449616,0.429009,0.499025,0.376513,0.423855,0.387952,0.451680,0.369418,0.406907,0.457498,0.299539,0.387562,0.323985,0.338214,0.368747,0.390184,0.455041,0.363385,0.388138,0.281995,0.385907,0.493160,0.443945,0.401818,0.392558,0.433605,0.349257,0.323294,0.416867,0.422993,0.273719,0.515539,0.443107,0.314154,0.400578,0.396112,0.360425,0.452271,0.360365,0.396818,0.421438,0.393282,0.506936,0.514213,0.355907,0.349259,0.390607,0.554612,0.297301,0.342303,0.390182,0.360952,0.276128,0.479903,0.368713,0.408876,0.359341,0.438214,0.355599,0.435674,0.407176,0.407561,0.412801,0.318478,0.413284,0.385559,0.419730,0.515659,0.391073,0.379359,0.446053,0.292171,0.287876,0.324558,0.342480,0.382637,0.446995,0.369914,0.306393,0.429219,0.506259,0.418601,0.366533,0.392251,0.542122,0.414411,0.465527,0.267778,0.379759,0.404653,0.373354,0.462791,0.469995,0.350135,0.339173,0.346823,0.420746,0.410263,0.393664,0.362273,0.375661,0.474490,0.382745,0.442545,0.332909,0.352156,0.280576,0.362472,0.388874,0.193729,0.342405,0.372512,0.460367,0.367579,0.340986,0.444175,#
12,0.349161,0.392124,0.327355,0.269047,0.370927,0.296958,0.328506,0.367702,0.323525,0.319928,0.305796,0.440534,1.000000,0.304915,0.280540,0.324649,0.386237,0.376239,0.437978,0.371166,0.402721,0.261563,0.411312,0.369741,0.427362,0.350279,0.313471,0.469050,0.373074,0.390672,0.377848,0.470542,0.444778,0.379673,0.329751,0.306095,0.383686,0.397612,0.285798,0.345790,0.408603,0.295787,0.452830,0.377811,0.393978,0.431310,0.359739,0.315556,0.414062,0.330047,0.427958,0.278382,0.285562,0.348315,0.318344,0.357706,0.373879,0.434985,0.356519,0.366574,0.298193,0.357398,0.386386,0.408437,0.342087,0.340779,0.377742,0.312469,0.337667,0.301429,0.288399,0.383183,0.264961,0.293963,0.435827,0.352107,0.370364,0.330632,0.327445,0.346218,0.426111,0.368208,0.436355,0.369331,0.407488,0.476483,0.312551,0.364384,0.438863,0.383715,0.425523,0.317552,0.299220,0.427291,0.325341,0.276498,0.431565,0.367059,0.277151,0.263953,0.333597,0.385079,0.325813,0.372203,0.353051,0.355827,0.404339,0.326261,0.301532,0.444397,0.372533,0.247393,0.412609,0.387941,0.284785,0.345733,0.402093,0.415441,0.295127,0.417130,0.252595,0.466488,0.356925,0.385477,0.308829,0.441626,0.351029,0.360614,0.313300,0.274157,0.344317,0.458350,0.323863,0.210861,0.371475,0.383443,0.328603,0.412886,0.379408,0.353593,0.437269,0.401844,0.296620,0.314624,0.331181,0.350867,0.366474,0.308128,0.373568,0.303977,0.433036,0.504252,0.316588,0.333737,0.360214,0.237320,0.317003,0.204056,0.348563,0.220434,0.430311,0.347875,0.278591,0.431025,0.378394,0.377361,0.343786,0.210643,0.396554,0.456655,0.364600,0.274828,0.337172,0.377440,0.433684,0.248732,0.253064,0.321503,0.195802,0.380447,0.415653,0.377446,0.361187,0.326154,0.375947,0.437926,0.364873,0.427474,0.287085,0.204914,0.381397,0.387335,0.321425,0.356660,0.324822,0.301247,0.430466,0.237349,0.404395,0.336893,#
13,0.269117,0.426379,0.343448,0.300277,0.340377,0.184493,0.435221,0.397706,0.340704,0.364867,0.411337,0.327300,0.304915,1.000000,0.329957,0.330127,0.348526,0.309843,0.361975,0.346331,0.343588,0.340657,0.382040,0.261629,0.483203,0.411943,0.388991,0.389546,0.302033,0.205070,0.368895,0.288335,0.403402,0.363447,0.233151,0.316854,0.226009,0.373142,0.222828,0.317065,0.274688,0.318314,0.474560,0.284084,0.345969,0.278425,0.449382,0.384058,0.401165,0.315913,0.435509,0.361095,0.323026,0.339914,0.381809,0.468068,0.301215,0.332356,0.355293,0.377287,0.311209,0.305820,0.497472,0.389724,0.275575,0.297185,0.435417,0.385071,0.460276,0.386842,0.267729,0.350783,0.372565,0.383154,0.391856,0.242823,0.350612,0.359760,0.404510,0.341343,0.356656,0.454391,0.451729,0.443544,0.450338,0.364147,0.446096,0.392559,0.412667,0.425542,0.335598,0.347276,0.398117,0.363831,0.329655,0.396538,0.303552,0.263878,0.323016,0.323731,0.452515,0.314955,0.311989,0.270940,0.315095,0.372824,0.340435,0.371405,0.333859,0.339939,0.313207,0.323530,0.471779,0.353659,0.360008,0.309288,0.398771,0.307410,0.335302,0.406081,0.378090,0.414827,0.241023,0.402669,0.347432,0.354310,0.321635,0.405903,0.430834,0.268581,0.313392,0.337926,0.346731,0.353883,0.485026,0.326422,0.341289,0.383690,0.468585,0.393552,0.352363,0.307818,0.319413,0.367413,0.389422,0.417457,0.378063,0.308619,0.207907,0.361792,0.399432,0.283161,0.392208,0.334267,0.399330,0.334107,0.295577,0.337818,0.328986,0.275409,0.299371,0.372397,0.230441,0.464793,0.421136,0.408260,0.233615,0.288860,0.421965,0.432565,0.431743,0.432189,0.330449,0.317287,0.410859,0.371528,0.343596,0.264856,0.396011,0.311541,0.430804,0.251452,0.264475,0.350346,0.309341,0.353141,0.378109,0.477441,0.378515,0.367078,0.330009,0.310909,0.323332,0.286623,0.320473,0.363429,0.349812,0.292580,0.359303,0.383762,#
14,0.372764,0.374059,0.328366,0.160974,0.252890,0.258549,0.246727,0.242275,0.306585,0.334458,0.322275,0.208792,0.280540,0.329957,1.000000,0.374278,0.287811,0.309556,0.359043,0.337155,0.288295,0.290801,0.353023,0.284290,0.333778,0.254390,0.325719,0.261336,0.331968,0.231340,0.256183,0.185885,0.275027,0.249659,0.267685,0.348748,0.318951,0.367330,0.360820,0.352343,0.364398,0.296520,0.358325,0.304736,0.240503,0.284231,0.389320,0.332451,0.315515,0.195012,0.367418,0.276732,0.232689,0.273746,0.375852,0.306864,0.268841,0.291508,0.254433,0.338544,0.320931,0.370104,0.265819,0.353182,0.312284,0.239689,0.290561,0.318310,0.353656,0.300416,0.182938,0.287106,0.181728,0.401683,0.205508,0.274011,0.241041,0.359623,0.325399,0.270521,0.318612,0.149431,0.417761,0.341647,0.251875,0.367213,0.149591,0.245908,0.324999,0.335691,0.332287,0.296822,0.327074,0.297458,0.258186,0.253848,0.351997,0.257255,0.426215,0.266068,0.261863,0.245979,0.321264,0.252328,0.195566,0.271386,0.346623,0.377358,0.268570,0.297083,0.169250,0.297595,0.353267,0.153084,0.291601,0.320427,0.258857,0.296789,0.310465,0.312076,0.354454,0.244062,0.230345,0.337646,0.266438,0.276697,0.287444,0.296117,0.164642,0.261464,0.097974,0.334564,0.328521,0.159909,0.274904,0.244654,0.326626,0.266902,0.289878,0.256665,0.352177,0.352085,0.347957,0.209366,0.252167,0.280058,0.292796,0.144605,0.284623,0.221239,0.258358,0.271670,0.205871,0.334506,0.184670,0.207805,0.255474,0.266032,0.291537,0.197044,0.272781,0.308364,0.224392,0.257591,0.285125,0.251826,0.310958,0.292120,0.262972,0.303385,0.365461,0.295326,0.312683,0.404480,0.410966,0.202848,0.343454,0.326988,0.310439,0.361793,0.333074,0.370912,0.214537,0.314951,0.331405,0.347064,0.308594,0.371296,0.190849,0.131485,0.312381,0.292109,0.270472,0.374606,0.306764,0.178971,0.176069,0.244774,0.356320,0.374298,#
15,0.335019,0.335747,0.344390,0.193860,0.278419,0.312727,0.321186,0.301260,0.243741,0.352238,0.358691,0.412309,0.324649,0.330127,0.374278,1.000000,0.385367,0.447395,0.404626,0.311686,0.306018,0.399419,0.371035,0.345505,0.456340,0.296076,0.342215,0.340356,0.336898,0.223707,0.385949,0.345331,0.332718,0.379152,0.308959,0.260828,0.315720,0.371724,0.355078,0.382687,0.478054,0.312763,0.355858,0.339482,0.384797,0.324052,0.337865,0.436548,0.288664,0.307055,0.368193,0.270566,0.360323,0.323361,0.340717,0.289400,0.353960,0.399919,0.343731,0.419815,0.247068,0.269770,0.245565,0.357994,0.279602,0.244389,0.449260,0.378746,0.415900,0.312609,0.203555,0.305993,0.273239,0.300038,0.380019,0.397147,0.317626,0.389925,0.380490,0.338287,0.498519,0.275671,0.334957,0.355244,0.316493,0.435921,0.361769,0.203959,0.371898,0.326586,0.297210,0.207281,0.342395,0.419008,0.249187,0.298642,0.377546,0.276322,0.441658,0.329563,0.382701,0.262033,0.404776,0.309267,0.314104,0.318627,0.367814,0.281876,0.337254,0.459092,0.235787,0.383094,0.353126,0.248995,0.259640,0.411130,0.396583,0.321410,0.292997,0.365338,0.341397,0.329421,0.211207,0.360131,0.300059,0.251459,0.368924,0.356385,0.275021,0.214253,0.194418,0.428452,0.304268,0.309374,0.419259,0.344259,0.394702,0.309285,0.318640,0.227339,0.342090,0.359556,0.456423,0.277888,0.343620,0.354066,0.400428,0.251672,0.359855,0.364677,0.407060,0.386601,0.310185,0.508385,0.198875,0.414362,0.231678,0.312332,0.318753,0.298595,0.294866,0.378062,0.267077,0.369456,0.300055,0.403262,0.293682,0.343388,0.372920,0.384774,0.384826,0.235643,0.435037,0.290506,0.423386,0.212072,0.373714,0.263101,0.232165,0.338192,0.252004,0.365511,0.275577,0.253291,0.388077,0.430637,0.248046,0.358728,0.233140,0.214406,0.168593,0.441012,0.235523,0.356959,0.314015,0.356476,0.300210,0.291351,0.284281,0.340169,#
16,0.398338,0.343683,0.349352,0.262641,0.285068,0.318797,0.403283,0.342684,0.320485,0.317716,0.431757,0.405324,0.386237,0.348526,0.287811,0.385367,1.000000,0.426121,0.327934,0.304845,0.523184,0.367358,0.491458,0.256104,0.323766,0.369513,0.384945,0.285078,0.322788,0.254945,0.351030,0.457345,0.306475,0.378217,0.262961,0.310941,0.349659,0.335191,0.321618,0.382826,0.243629,0.304262,0.341537,0.310371,0.307043,0.353776,0.393916,0.368417,0.360618,0.304757,0.243113,0.343711,0.441270,0.346579,0.336663,0.347945,0.234392,0.359039,0.275010,0.278923,0.243648,0.391097,0.323313,0.447919,0.387879,0.270999,0.364833,0.470817,0.346676,0.392528,0.251553,0.319170,0.320303,0.311806,0.417991,0.466903,0.317810,0.352402,0.446024,0.328287,0.283225,0.327610,0.340354,0.324332,0.330859,0.501333,0.408301,0.336312,0.358511,0.299796,0.326494,0.282982,0.313885,0.313931,0.296402,0.373479,0.338561,0.243230,0.475453,0.334826,0.377531,0.264245,0.236364,0.280100,0.296974,0.374734,0.323688,0.286199,0.383837,0.371933,0.323858,0.365464,0.402141,0.264351,0.376220,0.416510,0.425425,0.318558,0.240739,0.339328,0.238196,0.343720,0.339466,0.329786,0.392441,0.285173,0.373988,0.322510,0.339314,0.362059,0.228694,0.384648,0.368837,0.272010,0.475359,0.324712,0.250714,0.399647,0.347923,0.416759,0.256423,0.334872,0.259812,0.310416,0.342097,0.317181,0.221024,0.257801,0.265096,0.182238,0.359289,0.393220,0.340455,0.305117,0.308839,0.359347,0.248643,0.252800,0.373984,0.291200,0.296540,0.401953,0.367533,0.411686,0.304368,0.305813,0.312929,0.339702,0.349732,0.339846,0.371246,0.171021,0.374312,0.283488,0.416456,0.328482,0.351672,0.282490,0.292640,0.341078,0.336487,0.360648,0.288410,0.162582,0.305545,0.345571,0.367896,0.374911,0.267639,0.265582,0.327374,0.256972,0.265327,0.317268,0.377247,0.322834,0.354021,0.339606,0.282475,0.387327,#
17,0.449436,0.350420,0.366578,0.378824,0.357739,0.382128,0.396933,0.411426,0.289299,0.310023,0.364005,0.463036,0.376239,0.309843,0.309556,0.447395,0.426121,1.000000,0.370443,0.425607,0.398751,0.422002,0.484637,0.486905,0.461172,0.374947,0.308533,0.363339,0.461271,0.366160,0.420397,0.494296,0.547657,0.446053,0.263916,0.312447,0.349296,0.566473,0.354952,0.315314,0.379982,0.317962,0.376717,0.457753,0.331612,0.396597,0.474725,0.390015,0.456757,0.441926,0.463566,0.296406,0.287773,0.425956,0.420205,0.369822,0.366507,0.511512,0.374549,0.417749,0.344978,0.426475,0.360768,0.425327,0.352104,0.389766,0.418733,0.519693,0.430866,0.444001,0.431982,0.447866,0.404418,0.434408,0.429928,0.442066,0.332895,0.437230,0.392540,0.382208,0.462863,0.450427,0.527818,0.466697,0.410719,0.417834,0.396889,0.399088,0.493823,0.469982,0.446562,0.319714,0.369547,0.415447,0.301087,0.344935,0.376605,0.472864,0.410807,0.376684,0.415863,0.342215,0.367201,0.370499,0.393063,0.451088,0.381407,0.517692,0.316537,0.376325,0.352628,0.318950,0.355768,0.394457,0.266409,0.443054,0.414179,0.357264,0.363393,0.491437,0.337563,0.343946,0.292236,0.394713,0.443991,0.456782,0.365576,0.399999,0.266227,0.288240,0.287573,0.467194,0.430985,0.475877,0.446425,0.392419,0.447639,0.354637,0.412607,0.443327,0.419527,0.393811,0.385117,0.341104,0.437442,0.375665,0.284521,0.261201,0.401024,0.280802,0.523324,0.347835,0.350418,0.486311,0.336015,0.337880,0.344464,0.374102,0.486562,0.399586,0.480769,0.427476,0.332194,0.414549,0.413388,0.466674,0.295025,0.435498,0.399203,0.431923,0.515037,0.342631,0.377848,0.406163,0.427143,0.264367,0.442531,0.385012,0.264176,0.450070,0.405048,0.539689,0.349496,0.218356,0.372247,0.411808,0.458297,0.523558,0.389564,0.342865,0.328629,0.459757,0.241809,0.315887,0.466758,0.435128,0.485412,0.289742,0.342258,0.440494,#
18,0.343243,0.473041,0.368514,0.276380,0.394937,0.341059,0.410435,0.346311,0.213759,0.319074,0.448573,0.413358,0.437978,0.361975,0.359043,0.404626,0.327934,0.370443,1.000000,0.385635,0.330991,0.351743,0.254778,0.376508,0.436055,0.429402,0.439283,0.413841,0.456084,0.258726,0.453890,0.424171,0.469629,0.319072,0.359406,0.383085,0.446613,0.394335,0.323083,0.354774,0.383021,0.329073,0.439389,0.335885,0.302686,0.312491,0.360067,0.396883,0.309002,0.338755,0.436785,0.248700,0.391637,0.472382,0.321783,0.271027,0.378399,0.432598,0.280503,0.326601,0.292852,0.343191,0.365214,0.466042,0.302929,0.402623,0.413062,0.440545,0.313448,0.219650,0.254674,0.334846,0.311330,0.353347,0.338265,0.311370,0.297034,0.366368,0.451311,0.451346,0.515612,0.361592,0.429261,0.445064,0.406830,0.317696,0.398924,0.345829,0.447834,0.328558,0.386025,0.298301,0.386479,0.410351,0.287844,0.320403,0.414142,0.287118,0.326533,0.405978,0.331176,0.402365,0.407530,0.388511,0.422137,0.321535,0.336660,0.391376,0.333463,0.411327,0.364887,0.385499,0.312708,0.409151,0.275213,0.307705,0.325063,0.308800,0.381770,0.348126,0.255297,0.426355,0.260373,0.367806,0.402126,0.366909,0.330044,0.339870,0.298388,0.331191,0.341725,0.399191,0.353760,0.251959,0.481156,0.276736,0.278726,0.425308,0.349281,0.355168,0.471517,0.290567,0.298465,0.299467,0.333663,0.312992,0.253964,0.152335,0.286572,0.308125,0.358827,0.405886,0.433241,0.363504,0.281135,0.403677,0.394388,0.359863,0.306895,0.343858,0.420374,0.390395,0.307379,0.374358,0.344873,0.398971,0.415796,0.403483,0.417660,0.399879,0.320451,0.325432,0.386053,0.242687,0.406621,0.241802,0.272789,0.406480,0.424868,0.334548,0.325253,0.405142,0.351690,0.298732,0.528505,0.404692,0.403903,0.557048,0.288243,0.301054,0.382291,0.334480,0.320555,0.341260,0.399704,0.337111,0.374197,0.366207,0.406100,0.470252,#
19,0.322607,0.345798,0.337600,0.280961,0.423655,0.223770,0.419746,0.426608,0.374509,0.397873,0.425756,0.273706,0.371166,0.346331,0.337155,0.311686,0.304845,0.425607,0.385635,1.000000,0.320170,0.403158,0.416086,0.398761,0.358947,0.382270,0.354345,0.351118,0.357770,0.411814,0.325716,0.387842,0.374355,0.339503,0.294413,0.350438,0.199387,0.405937,0.436634,0.374597,0.326133,0.264323,0.345037,0.327415,0.345637,0.426893,0.385796,0.473028,0.385185,0.359749,0.379485,0.323150,0.215454,0.475607,0.382872,0.390582,0.363229,0.430463,0.266302,0.417056,0.319191,0.269165,0.349917,0.360161,0.365434,0.318622,0.276224,0.382808,0.373746,0.373845,0.373354,0.325848,0.421808,0.291474,0.399470,0.325249,0.376114,0.428595,0.368572,0.345650,0.407916,0.351929,0.460175,0.280344,0.417613,0.404277,0.356466,0.328193,0.447274,0.396141,0.333645,0.380437,0.345206,0.335337,0.308044,0.390667,0.386658,0.443008,0.354201,0.282429,0.335662,0.255423,0.386325,0.320374,0.381127,0.373869,0.496737,0.513271,0.317383,0.388996,0.351021,0.322778,0.351260,0.393243,0.329051,0.353864,0.429866,0.459274,0.357829,0.355213,0.385647,0.477902,0.320213,0.365005,0.489655,0.462196,0.340556,0.452756,0.158582,0.290111,0.282450,0.326264,0.443402,0.379460,0.440008,0.318528,0.383305,0.374803,0.365177,0.415484,0.386129,0.274406,0.305214,0.175924,0.377166,0.354267,0.286650,0.397738,0.438792,0.210523,0.323830,0.391263,0.375861,0.424619,0.271091,0.308991,0.371551,0.332354,0.336062,0.215310,0.385902,0.392417,0.395537,0.332973,0.277810,0.376602,0.314168,0.339885,0.388078,0.383715,0.517438,0.363307,0.336665,0.340164,0.429428,0.249952,0.321324,0.373709,0.178110,0.401146,0.342150,0.417306,0.258283,0.322108,0.397764,0.378993,0.394067,0.453140,0.334180,0.271524,0.408225,0.330774,0.369144,0.443056,0.381189,0.377266,0.471034,0.351357,0.460777,0.439662,#
20,0.410060,0.392115,0.351237,0.314971,0.334256,0.348147,0.418970,0.385092,0.316992,0.323619,0.385812,0.414544,0.402721,0.343588,0.288295,0.306018,0.523184,0.398751,0.330991,0.320170,1.000000,0.429921,0.441301,0.325172,0.442612,0.328528,0.394461,0.441821,0.335028,0.339778,0.335251,0.369873,0.335099,0.371305,0.385169,0.334303,0.302135,0.396037,0.270257,0.372756,0.277325,0.442072,0.433127,0.379559,0.328749,0.440906,0.346545,0.453336,0.437791,0.355759,0.360930,0.441146,0.442752,0.387584,0.323935,0.312217,0.376927,0.357308,0.249402,0.429220,0.388234,0.226640,0.451034,0.445747,0.481839,0.226062,0.391624,0.347039,0.358888,0.416423,0.361392,0.300408,0.472979,0.398198,0.434680,0.436493,0.426644,0.360769,0.303420,0.461581,0.316645,0.303533,0.489929,0.342465,0.321897,0.493578,0.370040,0.411482,0.408489,0.416657,0.383753,0.408830,0.397894,0.399815,0.298968,0.373514,0.356517,0.327994,0.395093,0.283503,0.291409,0.361437,0.277940,0.322950,0.277999,0.360948,0.396761,0.368132,0.276133,0.478692,0.345959,0.213410,0.426124,0.404524,0.289982,0.412373,0.467215,0.259578,0.268564,0.351188,0.297129,0.373729,0.299192,0.394144,0.391891,0.394225,0.437880,0.478050,0.254462,0.392525,0.258784,0.404451,0.354397,0.291390,0.455975,0.361509,0.362165,0.404445,0.405576,0.422415,0.345873,0.369862,0.207094,0.345478,0.371490,0.279486,0.261643,0.299773,0.324714,0.326261,0.355808,0.447424,0.355576,0.326884,0.365287,0.331687,0.235303,0.221734,0.353590,0.282025,0.379043,0.453200,0.376412,0.322664,0.382572,0.329002,0.233269,0.369724,0.404666,0.360099,0.482607,0.287284,0.313158,0.385407,0.384586,0.373176,0.268451,0.309213,0.385785,0.441934,0.401828,0.394141,0.318528,0.374808,0.451750,0.355796,0.305628,0.432392,0.354621,0.323302,0.434234,0.317073,0.417298,0.373417,0.390903,0.419372,0.368413,0.302470,0.361889,0.321720,#
21,0.457019,0.478316,0.434056,0.351008,0.402572,0.335941,0.386440,0.392401,0.281575,0.327486,0.373188,0.447875,0.261563,0.340657,0.290801,0.399419,0.367358,0.422002,0.351743,0.403158,0.429921,1.000000,0.376325,0.424810,0.475306,0.376177,0.375536,0.420211,0.390006,0.320879,0.412954,0.401860,0.362387,0.479599,0.340558,0.346652,0.378647,0.448790,0.389569,0.355505,0.386241,0.464309,0.323549,0.361819,0.396240,0.312835,0.473080,0.474754,0.364622,0.388263,0.397421,0.281285,0.422637,0.421204,0.401981,0.305383,0.388190,0.427445,0.395410,0.421872,0.269059,0.305888,0.387442,0.415709,0.439815,0.302367,0.374677,0.390610,0.453664,0.480052,0.474882,0.307328,0.401428,0.321371,0.391445,0.409750,0.376967,0.319975,0.360439,0.383348,0.461817,0.345106,0.368319,0.344511,0.402957,0.403068,0.366693,0.341888,0.438913,0.469792,0.305596,0.306032,0.415830,0.345531,0.380872,0.406299,0.353594,0.373061,0.440892,0.410652,0.436936,0.283243,0.310783,0.398911,0.360875,0.452900,0.355039,0.423182,0.354715,0.386108,0.321825,0.333929,0.457947,0.374057,0.273332,0.394178,0.496051,0.255344,0.437846,0.460277,0.351151,0.400995,0.227142,0.466093,0.371924,0.419113,0.450861,0.417857,0.259015,0.313385,0.334338,0.335392,0.401834,0.419490,0.414683,0.323323,0.417874,0.349728,0.397835,0.397165,0.318446,0.422210,0.380075,0.290814,0.379704,0.361041,0.301939,0.376546,0.388301,0.326172,0.368203,0.460163,0.400459,0.454773,0.334451,0.320045,0.277372,0.360295,0.348032,0.354688,0.473778,0.348130,0.316333,0.386159,0.383588,0.329656,0.228858,0.433142,0.328593,0.371584,0.468624,0.286918,0.442126,0.358744,0.376206,0.304716,0.398489,0.318182,0.373539,0.404587,0.326315,0.456259,0.230145,0.322539,0.402051,0.398861,0.359204,0.508135,0.424777,0.272753,0.424742,0.452729,0.387362,0.298564,0.479297,0.431924,0.391982,0.367183,0.366774,0.435420,#
