0,1.000000,0.394425,0.420426,0.314814,0.339004,0.350754,0.372813,0.301666,0.359950,0.329674,0.442740,0.415436,0.335948,0.302937,0.434258,0.377938,0.397438,0.460555,0.392208,0.320091,0.423909,0.496613,0.372992,0.422891,0.386889,0.289129,0.405604,0.441157,0.432625,0.376170,0.323062,0.287111,0.373060,0.305229,0.268199,0.353843,0.426513,0.382829,0.384899,0.465734,0.262928,0.416275,0.315680,0.365255,0.322907,0.351570,0.429173,0.385690,0.473950,0.379213,0.477999,0.315038,0.365773,0.339445,0.419058,0.336614,0.390492,0.386619,0.270670,0.309356,0.366716,0.271642,0.385216,0.396306,0.420679,0.257649,0.382518,0.371642,0.343514,0.383748,0.477411,0.404229,0.453796,0.404450,0.349124,0.342870,0.287494,0.402097,0.405005,0.284108,0.435936,0.321777,0.390480,0.408063,0.381128,0.410081,0.389978,0.326522,0.445738,0.369115,0.361795,0.301189,0.323384,0.344429,0.404942,0.387456,0.416511,0.355759,0.407305,0.366177,0.371478,0.408182,0.343080,0.426327,0.271346,0.369080,0.390290,0.380546,0.340061,0.321825,0.318302,0.402405,0.355011,0.415152,0.279069,0.435531,0.444717,0.293997,0.421395,0.370533,0.469589,0.329702,0.299446,0.308684,0.331532,0.473927,0.295273,0.304754,0.347137,0.395515,0.390522,0.454693,0.393353,0.332098,0.392804,0.286987,0.393419,0.362722,0.382106,0.473646,0.352895,0.392510,0.390071,0.304263,0.397175,0.379456,0.366978,0.306679,0.390832,0.338614,0.414463,0.341318,0.357383,0.308721,0.354965,0.252605,0.230211,0.262287,0.411328,0.433031,0.405714,0.364841,0.267248,0.368649,0.428610,0.249168,0.263179,0.313907,0.354724,0.338172,0.488570,0.176733,0.417347,0.451953,0.353557,0.327552,0.393516,0.304543,0.402221,0.341396,0.367598,0.484097,0.283013,0.235478,0.312404,0.405378,0.383808,0.480217,0.422103,0.233523,0.360904,0.387211,0.277329,0.264775,0.384138,0.305553,0.324605,0.295858,0.401566,0.396796,#
1,0.394425,1.000000,0.316276,0.321852,0.383844,0.374127,0.400694,0.389596,0.275900,0.317397,0.486526,0.433361,0.368088,0.428362,0.386193,0.379204,0.345624,0.334643,0.441800,0.348741,0.343222,0.484013,0.312681,0.393264,0.456922,0.408957,0.464389,0.481032,0.401189,0.295134,0.399250,0.369945,0.427368,0.341036,0.372292,0.304117,0.369971,0.399831,0.420638,0.367368,0.341138,0.395067,0.464472,0.308695,0.316001,0.378570,0.479908,0.434079,0.406737,0.345836,0.470051,0.309009,0.456152,0.369727,0.380890,0.333619,0.400001,0.343450,0.413131,0.445124,0.359560,0.332972,0.353088,0.452375,0.383992,0.371095,0.298229,0.410567,0.389184,0.356622,0.403598,0.282689,0.454073,0.312149,0.414533,0.325455,0.432243,0.342521,0.457516,0.400900,0.402195,0.449339,0.477191,0.473503,0.335238,0.295646,0.352246,0.352710,0.440907,0.418961,0.343604,0.450116,0.349700,0.367709,0.291286,0.338931,0.329675,0.261945,0.380202,0.328020,0.304952,0.305976,0.381132,0.359146,0.249623,0.333584,0.352970,0.435395,0.286243,0.392494,0.436202,0.414530,0.407440,0.454241,0.396680,0.443651,0.437480,0.299913,0.443810,0.395549,0.349193,0.376312,0.378383,0.417401,0.386525,0.429067,0.396898,0.395236,0.291062,0.367341,0.415758,0.407133,0.303467,0.359811,0.480004,0.413823,0.284539,0.365639,0.427190,0.411783,0.425987,0.311369,0.250327,0.315596,0.424809,0.381592,0.431842,0.249660,0.386196,0.321898,0.317031,0.461000,0.408115,0.237813,0.322162,0.378327,0.293161,0.295591,0.356317,0.280374,0.290202,0.418336,0.337188,0.369327,0.394717,0.393294,0.229787,0.408548,0.330932,0.431679,0.437011,0.333086,0.321580,0.363011,0.465196,0.324654,0.346914,0.397280,0.449683,0.359821,0.411676,0.388725,0.368294,0.302112,0.450861,0.445676,0.298237,0.459676,0.317725,0.295033,0.516409,0.367279,0.254784,0.369008,0.401287,0.410215,0.236637,0.383784,0.326991,0.341953,#
2,0.420426,0.316276,1.000000,0.383283,0.311011,0.343868,0.338310,0.329111,0.216428,0.210616,0.266353,0.350498,0.333039,0.351730,0.380246,0.413458,0.368888,0.339832,0.399977,0.369407,0.388746,0.452700,0.431634,0.395004,0.459445,0.379430,0.415304,0.300783,0.321142,0.347959,0.391247,0.332697,0.361571,0.302839,0.323266,0.325644,0.370607,0.367057,0.354915,0.378451,0.414518,0.389274,0.368163,0.277546,0.246819,0.434343,0.379280,0.435578,0.328385,0.332166,0.415398,0.394508,0.418875,0.292795,0.309651,0.413789,0.303151,0.370208,0.297089,0.370823,0.193980,0.349082,0.346634,0.456437,0.445458,0.398108,0.349643,0.311850,0.357581,0.459834,0.330773,0.234607,0.331748,0.363307,0.361159,0.416433,0.313061,0.401920,0.354288,0.361855,0.469086,0.295280,0.334952,0.367669,0.272644,0.427996,0.419594,0.390403,0.300972,0.367569,0.298876,0.307574,0.363568,0.298084,0.321436,0.306688,0.383874,0.278767,0.371515,0.294082,0.366352,0.396856,0.355324,0.354718,0.403034,0.316302,0.361791,0.354725,0.267815,0.406293,0.364095,0.358653,0.359998,0.323315,0.273670,0.378664,0.331793,0.394030,0.240538,0.290957,0.368688,0.306771,0.313834,0.250358,0.337021,0.315922,0.350340,0.309600,0.303028,0.306106,0.283589,0.464925,0.327499,0.262633,0.350708,0.381344,0.350105,0.363171,0.298003,0.268053,0.245033,0.285823,0.398983,0.288222,0.487520,0.359506,0.335646,0.297254,0.466893,0.341314,0.355468,0.421642,0.325331,0.321242,0.250982,0.239395,0.223807,0.264010,0.351723,0.309607,0.429973,0.439720,0.356155,0.354962,0.379532,0.207589,0.297089,0.375414,0.283925,0.367902,0.392607,0.367753,0.307131,0.355436,0.477748,0.359529,0.476161,0.349345,0.398819,0.365285,0.410006,0.337087,0.231686,0.211988,0.308778,0.401812,0.397738,0.350302,0.357523,0.264604,0.335199,0.340189,0.398490,0.295638,0.357882,0.289424,0.319200,0.238436,0.451857,0.368582,#
3,0.314814,0.321852,0.383283,1.000000,0.274102,0.262789,0.324701,0.346634,0.269702,0.187334,0.261641,0.368504,0.288910,0.283119,0.219776,0.239529,0.260345,0.353454,0.312892,0.319523,0.327066,0.350392,0.345701,0.399351,0.365105,0.321521,0.320952,0.297760,0.332245,0.270314,0.328555,0.373058,0.303534,0.390181,0.157615,0.285730,0.404525,0.433265,0.369774,0.257626,0.342936,0.356113,0.372800,0.289829,0.290410,0.423753,0.411456,0.371253,0.265948,0.345974,0.451234,0.298703,0.303156,0.299771,0.220157,0.397413,0.324671,0.358675,0.260780,0.315636,0.252183,0.231560,0.316499,0.410960,0.373251,0.331153,0.270627,0.384789,0.228548,0.327729,0.413003,0.236497,0.283708,0.320435,0.368500,0.341366,0.273195,0.390845,0.341891,0.379596,0.359901,0.325259,0.335191,0.350764,0.303019,0.290708,0.389802,0.280411,0.347913,0.406399,0.342966,0.308005,0.284443,0.435962,0.210171,0.312291,0.334059,0.249052,0.352523,0.241338,0.312767,0.340774,0.345747,0.272270,0.344930,0.268956,0.301408,0.364672,0.244491,0.272012,0.353643,0.309266,0.274092,0.350353,0.211446,0.300717,0.356560,0.238777,0.322436,0.289875,0.382087,0.310333,0.365762,0.349645,0.306046,0.327731,0.293969,0.233450,0.261965,0.398358,0.293594,0.350609,0.377247,0.415372,0.316975,0.333729,0.235828,0.234113,0.370292,0.373888,0.330106,0.262466,0.359668,0.285488,0.399552,0.208649,0.318582,0.307328,0.363672,0.314984,0.273240,0.265663,0.232659,0.290366,0.218915,0.200157,0.306016,0.235962,0.180850,0.350320,0.405309,0.345536,0.383706,0.450016,0.351153,0.316512,0.240638,0.282179,0.255196,0.394680,0.360069,0.235783,0.295718,0.314283,0.337521,0.265662,0.248422,0.282134,0.320360,0.311409,0.387945,0.429767,0.369598,0.299170,0.283512,0.288545,0.251013,0.416079,0.232741,0.207084,0.356517,0.312821,0.365226,0.329712,0.208824,0.340952,0.323483,0.287874,0.350635,0.292544,#
4,0.339004,0.383844,0.311011,0.274102,1.000000,0.246149,0.401905,0.253251,0.344823,0.264501,0.393768,0.263433,0.352198,0.314330,0.271584,0.333065,0.248573,0.323589,0.397902,0.426378,0.323283,0.393080,0.305246,0.369729,0.395890,0.433451,0.354322,0.359414,0.337130,0.221526,0.340726,0.346836,0.438635,0.266748,0.325318,0.271783,0.247849,0.426345,0.316375,0.332377,0.355069,0.382585,0.318749,0.348497,0.364499,0.288437,0.387943,0.422554,0.364990,0.372196,0.394370,0.203467,0.357022,0.372853,0.350192,0.358373,0.268828,0.300868,0.291716,0.393198,0.349599,0.277327,0.254438,0.298340,0.328707,0.288729,0.378720,0.314882,0.329645,0.328911,0.327859,0.343093,0.313697,0.280682,0.307754,0.208239,0.234378,0.361507,0.258728,0.240348,0.463523,0.377434,0.282830,0.362744,0.354893,0.338823,0.290246,0.324606,0.394082,0.397484,0.320323,0.353406,0.235825,0.339133,0.204374,0.354544,0.303264,0.419744,0.439743,0.287826,0.328784,0.234879,0.322245,0.391175,0.379873,0.284853,0.310798,0.379750,0.270542,0.424485,0.416461,0.238613,0.376614,0.460613,0.266503,0.245806,0.332791,0.168907,0.374715,0.341518,0.351585,0.342867,0.379613,0.270929,0.378503,0.344959,0.316070,0.309642,0.152067,0.206556,0.282442,0.391135,0.331112,0.272727,0.420823,0.314737,0.291070,0.231868,0.255180,0.313881,0.338614,0.186250,0.289985,0.301925,0.312644,0.327166,0.388847,0.240804,0.343879,0.319424,0.344029,0.355865,0.333340,0.362739,0.241526,0.293577,0.385779,0.319604,0.250671,0.341387,0.276724,0.326680,0.282971,0.344433,0.277844,0.364302,0.286359,0.244251,0.333114,0.358349,0.411852,0.254664,0.279188,0.207323,0.406044,0.165903,0.355751,0.222859,0.256235,0.257527,0.249795,0.314182,0.254108,0.239409,0.306900,0.286032,0.312497,0.450176,0.356047,0.267313,0.324176,0.300374,0.352123,0.292478,0.295039,0.344090,0.324000,0.404167,0.319402,0.307467,#
5,0.350754,0.374127,0.343868,0.262789,0.246149,1.000000,0.285473,0.304417,0.271299,0.313232,0.266688,0.310398,0.291952,0.204729,0.315259,0.330760,0.306419,0.342742,0.343969,0.208706,0.341790,0.378924,0.332808,0.421514,0.309690,0.282137,0.331319,0.351112,0.369946,0.284702,0.237003,0.391740,0.328731,0.233283,0.276648,0.207167,0.451978,0.318407,0.325051,0.360745,0.309944,0.341149,0.204847,0.326482,0.205627,0.350615,0.335608,0.236153,0.366813,0.362688,0.363513,0.251734,0.338154,0.240705,0.309061,0.347016,0.189020,0.398428,0.331629,0.312293,0.326610,0.322847,0.325387,0.319532,0.337764,0.266316,0.327239,0.334755,0.219075,0.289844,0.421730,0.238311,0.349435,0.436656,0.297731,0.281831,0.326154,0.334614,0.371408,0.297405,0.360371,0.281820,0.390267,0.183413,0.193364,0.361796,0.243818,0.307286,0.284681,0.304136,0.252525,0.304989,0.219663,0.282807,0.188016,0.298866,0.309969,0.161277,0.294383,0.168239,0.327857,0.338253,0.350422,0.329259,0.255454,0.236642,0.231835,0.337056,0.239433,0.282894,0.371100,0.243551,0.346429,0.314874,0.304048,0.242247,0.374352,0.299257,0.307117,0.342612,0.230356,0.253437,0.232373,0.264933,0.316377,0.275267,0.189650,0.208785,0.348413,0.386587,0.263549,0.404785,0.200648,0.274101,0.373414,0.324559,0.216453,0.229710,0.301042,0.290561,0.371658,0.341972,0.262425,0.314513,0.303806,0.276245,0.282280,0.289461,0.301225,0.255959,0.309814,0.239229,0.272718,0.330449,0.188262,0.261439,0.299341,0.254507,0.398319,0.188233,0.343111,0.262412,0.314668,0.223692,0.291064,0.186416,0.190852,0.328973,0.373971,0.386937,0.229504,0.244856,0.355119,0.270757,0.284657,0.273786,0.267545,0.282897,0.385210,0.253299,0.354539,0.363780,0.385679,0.170876,0.354572,0.376126,0.314565,0.308820,0.199669,0.291076,0.375764,0.268875,0.234438,0.308370,0.325022,0.273318,0.293513,0.364565,0.274100,0.381441,#
6,0.372813,0.400694,0.338310,0.324701,0.401905,0.285473,1.000000,0.394446,0.289266,0.279938,0.420665,0.358422,0.299437,0.416797,0.262852,0.336612,0.379265,0.348683,0.390346,0.418863,0.377958,0.375258,0.370552,0.361499,0.405771,0.328665,0.325973,0.363894,0.382058,0.326144,0.314202,0.333550,0.378193,0.330886,0.238737,0.260614,0.303685,0.365255,0.343702,0.380350,0.382626,0.380298,0.314436,0.405908,0.330538,0.302710,0.450356,0.489485,0.343920,0.403256,0.354509,0.405450,0.391913,0.369384,0.316266,0.404802,0.372945,0.424117,0.371252,0.407729,0.240421,0.319512,0.285183,0.412821,0.297534,0.452263,0.388019,0.334654,0.340869,0.342319,0.366999,0.349017,0.366579,0.368851,0.362268,0.335013,0.343855,0.352670,0.367816,0.357353,0.382786,0.443259,0.451197,0.345596,0.372767,0.418419,0.326592,0.418952,0.448522,0.404585,0.380405,0.318148,0.281251,0.444151,0.282473,0.436450,0.335337,0.350597,0.434798,0.313463,0.362996,0.367288,0.257381,0.338576,0.218290,0.457796,0.346767,0.362167,0.319569,0.370147,0.385130,0.335405,0.393908,0.386804,0.323423,0.358087,0.400853,0.314583,0.415449,0.363238,0.324668,0.444781,0.305862,0.299938,0.348780,0.373987,0.269821,0.430979,0.218738,0.349375,0.353932,0.356752,0.408731,0.230836,0.513807,0.377867,0.268761,0.462822,0.370180,0.328706,0.291027,0.201114,0.277930,0.456496,0.289659,0.378827,0.375094,0.283357,0.326360,0.275233,0.421406,0.360823,0.355702,0.332241,0.318149,0.251436,0.297419,0.269537,0.328017,0.292678,0.338148,0.342108,0.347682,0.396630,0.376176,0.340486,0.223132,0.304238,0.407777,0.464928,0.324559,0.315524,0.347329,0.333030,0.399086,0.341656,0.356827,0.312877,0.419850,0.294359,0.214431,0.232964,0.349252,0.329537,0.423400,0.296201,0.353124,0.370822,0.368283,0.353424,0.345164,0.270518,0.370181,0.329184,0.251240,0.350839,0.337314,0.340272,0.241535,0.345538,#
7,0.301666,0.389596,0.329111,0.346634,0.253251,0.304417,0.394446,1.000000,0.285370,0.402644,0.355521,0.473326,0.333360,0.398107,0.274393,0.335353,0.323684,0.406606,0.387348,0.406952,0.414941,0.394079,0.509995,0.330879,0.461482,0.295130,0.401320,0.472423,0.340191,0.308042,0.415948,0.415289,0.427375,0.331934,0.332198,0.372934,0.339308,0.368297,0.340200,0.413104,0.335699,0.369779,0.427332,0.235225,0.411463,0.455629,0.340350,0.450097,0.427588,0.389846,0.463600,0.331513,0.332944,0.403546,0.380209,0.432196,0.408879,0.428664,0.323982,0.393933,0.354471,0.237167,0.346404,0.423604,0.460335,0.312923,0.352261,0.399322,0.349564,0.498833,0.411634,0.260162,0.421132,0.507834,0.409551,0.347031,0.426116,0.418919,0.451086,0.453403,0.356253,0.393443,0.472548,0.409649,0.315769,0.407096,0.430843,0.356947,0.432343,0.475347,0.360460,0.302490,0.381112,0.343694,0.276346,0.398774,0.372395,0.276225,0.302457,0.220104,0.411495,0.340346,0.381902,0.363344,0.224605,0.448570,0.446884,0.396902,0.401566,0.353790,0.349959,0.349978,0.300537,0.391036,0.412186,0.360333,0.369924,0.334710,0.405931,0.424244,0.381974,0.404787,0.302796,0.414361,0.466237,0.428541,0.417367,0.454636,0.279336,0.379866,0.321030,0.395266,0.346761,0.354774,0.498832,0.419716,0.260369,0.458700,0.443941,0.422286,0.464302,0.473735,0.193028,0.345147,0.433083,0.356767,0.418690,0.305248,0.390581,0.276361,0.448296,0.526086,0.319002,0.247495,0.232953,0.384577,0.391631,0.340575,0.363354,0.372744,0.397832,0.355335,0.361553,0.421035,0.436580,0.306507,0.358330,0.321165,0.458809,0.399818,0.418472,0.355839,0.342563,0.294271,0.405824,0.325876,0.392149,0.360905,0.330046,0.423190,0.412851,0.403663,0.313325,0.304488,0.276678,0.373191,0.363046,0.421644,0.311619,0.432532,0.387979,0.365691,0.327367,0.372865,0.201550,0.368410,0.407369,0.421311,0.374578,0.343480,#
8,0.359950,0.275900,0.216428,0.269702,0.344823,0.271299,0.289266,0.285370,1.000000,0.185904,0.378109,0.310641,0.315421,0.350872,0.374440,0.285723,0.286771,0.300044,0.273442,0.393006,0.338454,0.302795,0.311788,0.359446,0.336606,0.328150,0.274047,0.381893,0.299697,0.362638,0.219040,0.341283,0.324414,0.342199,0.277909,0.259302,0.341767,0.394497,0.327123,0.454221,0.326186,0.260306,0.180031,0.360475,0.359002,0.309307,0.373838,0.385315,0.263872,0.277001,0.296879,0.380371,0.239902,0.464867,0.324905,0.407634,0.287580,0.300191,0.240774,0.367636,0.296060,0.200418,0.364094,0.337145,0.334053,0.281142,0.326245,0.369637,0.421704,0.344586,0.271018,0.422213,0.317717,0.294891,0.228935,0.232493,0.277675,0.286427,0.350480,0.194704,0.313233,0.344067,0.370011,0.249904,0.313593,0.347573,0.313573,0.324316,0.390042,0.361053,0.340691,0.304254,0.252058,0.303657,0.324325,0.418953,0.356088,0.308360,0.270898,0.196871,0.297364,0.205153,0.233129,0.264443,0.287364,0.270088,0.368278,0.384951,0.204256,0.368111,0.272808,0.331943,0.252488,0.332015,0.230201,0.353115,0.441598,0.281930,0.200837,0.399843,0.324227,0.256132,0.357550,0.282698,0.364225,0.405611,0.200109,0.337190,0.303440,0.322625,0.361956,0.382510,0.307020,0.304194,0.404357,0.313129,0.249029,0.403025,0.454340,0.352367,0.314343,0.315531,0.377278,0.252973,0.376451,0.286161,0.314070,0.404882,0.298934,0.272269,0.363755,0.309110,0.306172,0.299002,0.355837,0.304987,0.336148,0.189049,0.285050,0.346460,0.257181,0.297872,0.261515,0.411118,0.295953,0.262651,0.282101,0.292155,0.340507,0.338660,0.391275,0.127973,0.236658,0.390552,0.384633,0.341748,0.280703,0.319926,0.309206,0.329693,0.394319,0.282430,0.140103,0.234909,0.387217,0.287260,0.288855,0.271836,0.297608,0.282095,0.353373,0.307242,0.283542,0.263933,0.283596,0.272671,0.322102,0.194263,0.228804,0.300258,#
9,0.329674,0.317397,0.210616,0.187334,0.264501,0.313232,0.279938,0.402644,0.185904,1.000000,0.426020,0.340053,0.279743,0.316977,0.339431,0.356200,0.304995,0.242660,0.242584,0.391014,0.261443,0.352609,0.345245,0.329707,0.316376,0.264271,0.348014,0.437717,0.299890,0.205356,0.423858,0.365062,0.291929,0.317782,0.294943,0.312252,0.202413,0.353375,0.294118,0.286864,0.331761,0.372094,0.215295,0.181483,0.369138,0.403575,0.339055,0.367052,0.311126,0.242467,0.384470,0.327968,0.278677,0.290735,0.300671,0.380212,0.400560,0.350926,0.254939,0.288694,0.238763,0.310562,0.350549,0.353512,0.336053,0.344827,0.231326,0.385282,0.379044,0.263883,0.352244,0.303797,0.291450,0.353009,0.336911,0.330480,0.400872,0.217602,0.435040,0.351101,0.325973,0.339772,0.392610,0.310385,0.344635,0.453339,0.401039,0.262826,0.313848,0.321978,0.228407,0.386369,0.256629,0.315381,0.249581,0.361871,0.404008,0.265186,0.292310,0.290167,0.376201,0.309682,0.406517,0.227160,0.305058,0.286740,0.344078,0.356289,0.311459,0.239209,0.267589,0.288782,0.332580,0.359062,0.277186,0.341368,0.403517,0.384818,0.459369,0.285138,0.440390,0.406151,0.307402,0.334393,0.334778,0.372062,0.206030,0.369621,0.210608,0.258542,0.288904,0.402670,0.249400,0.293396,0.422754,0.270259,0.276195,0.375815,0.321309,0.321385,0.296584,0.329622,0.241388,0.262299,0.346905,0.217210,0.392766,0.262356,0.237128,0.368389,0.387352,0.347099,0.388695,0.331164,0.257809,0.328305,0.334339,0.314705,0.396972,0.265377,0.339996,0.226030,0.177698,0.403645,0.325380,0.323737,0.259826,0.279723,0.459447,0.378253,0.311108,0.342082,0.327077,0.358653,0.331441,0.278536,0.293668,0.147905,0.228804,0.406534,0.275965,0.342099,0.323210,0.355482,0.313177,0.336980,0.391787,0.415084,0.358246,0.242632,0.361985,0.292683,0.205749,0.326158,0.230447,0.337095,0.283053,0.209835,0.302276,0.302540,#
10,0.442740,0.486526,0.266353,0.261641,0.393768,0.266688,0.420665,0.355521,0.378109,0.426020,1.000000,0.367868,0.264159,0.406319,0.388648,0.400664,0.395479,0.356629,0.483892,0.400808,0.369388,0.433424,0.330244,0.333511,0.393959,0.289132,0.450101,0.408487,0.356069,0.363867,0.407547,0.356576,0.341918,0.406421,0.319394,0.377475,0.248289,0.426168,0.425268,0.366661,0.292772,0.284512,0.334705,0.282838,0.357603,0.349331,0.381388,0.453344,0.430229,0.367376,0.329746,0.388777,0.354776,0.397373,0.372742,0.438384,0.353454,0.380549,0.282206,0.345651,0.306611,0.320821,0.355639,0.428915,0.362832,0.378035,0.365816,0.342498,0.403111,0.331564,0.373155,0.325234,0.341779,0.353097,0.335987,0.415776,0.435615,0.261789,0.413047,0.320888,0.337978,0.416973,0.411244,0.397823,0.362915,0.401294,0.403035,0.250850,0.424156,0.389172,0.237543,0.360592,0.413091,0.322812,0.301254,0.349018,0.414967,0.282687,0.406557,0.352460,0.420332,0.313879,0.342126,0.361961,0.333203,0.327502,0.478389,0.425234,0.330943,0.393537,0.267786,0.337429,0.329909,0.406323,0.367743,0.451820,0.403374,0.247392,0.338194,0.350201,0.337259,0.342644,0.345524,0.395464,0.385226,0.372546,0.280517,0.374970,0.247572,0.376239,0.356461,0.405586,0.344202,0.282026,0.475686,0.367378,0.309228,0.445952,0.309825,0.442081,0.369582,0.305327,0.440013,0.275296,0.346512,0.347745,0.302608,0.319474,0.287260,0.400647,0.330347,0.454750,0.372214,0.381797,0.403463,0.390620,0.344946,0.238293,0.330183,0.406913,0.314181,0.338237,0.366358,0.394546,0.343407,0.315287,0.266697,0.306899,0.356552,0.478923,0.459922,0.340140,0.378623,0.390380,0.423387,0.188646,0.340238,0.305774,0.417420,0.444661,0.373577,0.330020,0.381562,0.274220,0.417969,0.373511,0.332660,0.397944,0.356899,0.299574,0.349773,0.356344,0.303523,0.351705,0.347583,0.395970,0.326989,0.390020,0.383235,0.416037,#
11,0.415436,0.433361,0.350498,0.368504,0.263433,0.310398,0.358422,0.473326,0.310641,0.340053,0.367868,1.000000,0.427071,0.323394,0.242268,0.422643,0.379652,0.443502,0.426536,0.274397,0.402555,0.441266,0.366612,0.431205,0.501790,0.449241,0.326446,0.483406,0.260890,0.423090,0.435049,0.415656,0.368075,0.396906,0.343395,0.319143,0.430624,0.465956,0.346323,0.356777,0.387247,0.423740,0.409040,0.425358,0.322892,0.430120,0.424206,0.484792,0.376407,0.289337,0.459798,0.383323,0.344657,0.429386,0.302225,0.407741,0.518681,0.402115,0.375261,0.346436,0.331440,0.386831,0.450366,0.472447,0.418497,0.360391,0.377549,0.417092,0.353220,0.381643,0.359622,0.263202,0.409720,0.467767,0.400857,0.425376,0.351315,0.359540,0.544407,0.355000,0.433862,0.297760,0.403465,0.447589,0.420720,0.379896,0.478124,0.347423,0.427520,0.376592,0.419842,0.352255,0.412713,0.476419,0.265851,0.336769,0.324104,0.367292,0.314908,0.373206,0.471845,0.360917,0.399360,0.319722,0.350577,0.482184,0.457417,0.392294,0.378691,0.423180,0.341291,0.326342,0.393720,0.424489,0.254564,0.530814,0.455169,0.274917,0.403450,0.388465,0.362291,0.453912,0.387817,0.393482,0.436687,0.401368,0.485733,0.493828,0.342158,0.350665,0.393922,0.555843,0.304806,0.328192,0.396138,0.346341,0.220273,0.481197,0.393218,0.403826,0.314505,0.427175,0.349945,0.409106,0.425192,0.399805,0.441773,0.333959,0.388085,0.374020,0.368248,0.516496,0.359424,0.363591,0.441349,0.296038,0.294929,0.254116,0.327540,0.368751,0.424954,0.340801,0.298953,0.388716,0.488875,0.364845,0.359787,0.386128,0.524104,0.404198,0.466859,0.256640,0.374660,0.375451,0.379193,0.436057,0.488950,0.331864,0.353450,0.304934,0.434384,0.382343,0.375081,0.319646,0.335344,0.437266,0.378121,0.421530,0.356357,0.361693,0.273353,0.367864,0.390789,0.226783,0.302168,0.331054,0.438849,0.324072,0.328620,0.410772,#
12,0.335948,0.368088,0.333039,0.288910,0.352198,0.291952,0.299437,0.333360,0.315421,0.279743,0.264159,0.427071,1.000000,0.318060,0.321435,0.336687,0.374350,0.308264,0.421229,0.412616,0.401561,0.278487,0.366494,0.379401,0.430552,0.335014,0.322672,0.438559,0.361699,0.390075,0.328834,0.449411,0.384308,0.342140,0.302177,0.305715,0.416096,0.365166,0.301737,0.335868,0.400561,0.301313,0.408619,0.339629,0.407167,0.432875,0.368280,0.314065,0.359398,0.279373,0.456587,0.270306,0.306501,0.395032,0.305798,0.366237,0.381406,0.402756,0.330853,0.355784,0.291349,0.343317,0.331720,0.380319,0.369232,0.368903,0.376059,0.271809,0.331415,0.284189,0.303946,0.339900,0.263712,0.296067,0.412737,0.349990,0.321400,0.340934,0.326982,0.316209,0.400492,0.350186,0.391844,0.359778,0.394510,0.470918,0.317096,0.359620,0.435827,0.379232,0.381074,0.373937,0.283302,0.400067,0.314124,0.226366,0.407669,0.361272,0.257855,0.225570,0.346927,0.375445,0.300741,0.353589,0.366270,0.343675,0.351249,0.298339,0.239966,0.399637,0.403280,0.223669,0.371111,0.440292,0.256349,0.344200,0.405045,0.405826,0.320363,0.373119,0.295931,0.431429,0.421156,0.382002,0.280136,0.440591,0.307703,0.323820,0.308189,0.244432,0.324649,0.446375,0.294079,0.212796,0.350287,0.327631,0.284543,0.393795,0.383570,0.339381,0.388829,0.377937,0.276689,0.304615,0.315969,0.340136,0.390128,0.302807,0.355276,0.298181,0.406725,0.478763,0.266523,0.325965,0.353206,0.240422,0.329420,0.161092,0.305780,0.213731,0.400373,0.373271,0.295881,0.439652,0.351291,0.300157,0.304569,0.175428,0.362931,0.435697,0.320104,0.270790,0.341287,0.327014,0.423534,0.220760,0.320019,0.304324,0.214145,0.388216,0.396564,0.370242,0.367692,0.298829,0.352061,0.384054,0.348462,0.377823,0.314912,0.226691,0.365467,0.387615,0.313803,0.331296,0.210672,0.277561,0.425890,0.237763,0.376334,0.291665,#
13,0.302937,0.428362,0.351730,0.283119,0.314330,0.204729,0.416797,0.398107,0.350872,0.316977,0.406319,0.323394,0.318060,1.000000,0.380118,0.390896,0.372787,0.279687,0.385602,0.370585,0.321605,0.380516,0.374096,0.290647,0.482893,0.393036,0.392132,0.379126,0.302278,0.250808,0.373796,0.268031,0.390007,0.332196,0.233277,0.336927,0.303122,0.402889,0.245113,0.350227,0.321738,0.323249,0.481547,0.304137,0.362287,0.295483,0.466213,0.362835,0.382873,0.304714,0.464464,0.354294,0.351246,0.345765,0.373358,0.505783,0.350499,0.332182,0.361412,0.376152,0.308678,0.335440,0.462198,0.395479,0.274656,0.322017,0.434737,0.390131,0.503445,0.415859,0.259609,0.336749,0.374237,0.381572,0.364586,0.271803,0.382056,0.373715,0.405376,0.312299,0.348565,0.449534,0.427573,0.476590,0.452263,0.381278,0.462275,0.401014,0.402580,0.412376,0.369789,0.385291,0.359492,0.361057,0.319632,0.376634,0.356847,0.281378,0.306275,0.295971,0.464887,0.337577,0.345251,0.308465,0.296726,0.416094,0.364150,0.332793,0.335660,0.361691,0.344598,0.339288,0.449424,0.421373,0.338467,0.353211,0.420560,0.327848,0.354647,0.420681,0.400079,0.430089,0.282716,0.388484,0.351143,0.368603,0.301388,0.368905,0.419380,0.287997,0.330430,0.367477,0.333534,0.346519,0.476532,0.304329,0.321532,0.417935,0.465117,0.393238,0.342045,0.322894,0.325083,0.365523,0.437397,0.438571,0.394856,0.328556,0.210364,0.381838,0.427083,0.309496,0.353897,0.341618,0.402367,0.334692,0.273923,0.307558,0.341520,0.266464,0.295155,0.410926,0.256448,0.491768,0.416326,0.367438,0.230817,0.278031,0.385474,0.450770,0.396034,0.425323,0.359288,0.317987,0.401357,0.354582,0.360745,0.237571,0.457723,0.313303,0.416407,0.286315,0.303423,0.353013,0.296514,0.358528,0.389120,0.434066,0.401893,0.386149,0.334348,0.327799,0.345764,0.300424,0.294798,0.400059,0.335036,0.305040,0.367889,0.370947,#
14,0.434258,0.386193,0.380246,0.219776,0.271584,0.315259,0.262852,0.274393,0.374440,0.339431,0.388648,0.242268,0.321435,0.380118,1.000000,0.444943,0.340272,0.314677,0.413569,0.373112,0.315748,0.363160,0.363205,0.387314,0.350761,0.257163,0.396748,0.329305,0.385922,0.325835,0.259486,0.238404,0.311260,0.256158,0.301069,0.371270,0.396935,0.415765,0.426943,0.413593,0.411585,0.351674,0.419159,0.304169,0.314540,0.386054,0.441514,0.361798,0.379670,0.249177,0.442318,0.324363,0.309466,0.329158,0.401786,0.362057,0.352860,0.305303,0.277674,0.376070,0.366591,0.415343,0.300896,0.379738,0.373190,0.325618,0.316014,0.388737,0.399114,0.350652,0.263994,0.338166,0.235909,0.461929,0.238384,0.295482,0.286476,0.403138,0.394087,0.297150,0.373601,0.202914,0.436615,0.425996,0.298927,0.410884,0.220567,0.280092,0.378547,0.395944,0.389372,0.371737,0.352866,0.334346,0.344017,0.276554,0.409681,0.309720,0.415050,0.273292,0.304720,0.306310,0.394503,0.299479,0.250121,0.360184,0.405672,0.394455,0.313575,0.369832,0.233394,0.329857,0.373326,0.264491,0.324659,0.399097,0.317663,0.365372,0.344820,0.368991,0.408168,0.319122,0.262559,0.361222,0.315721,0.297891,0.314398,0.334108,0.255462,0.308623,0.199243,0.427673,0.350707,0.202209,0.334159,0.284309,0.357238,0.350438,0.341488,0.320713,0.408639,0.349706,0.369384,0.242606,0.332417,0.342197,0.338431,0.218590,0.288673,0.271774,0.360963,0.290757,0.207357,0.345102,0.262197,0.250966,0.307281,0.287022,0.336376,0.265604,0.308227,0.376357,0.253039,0.292874,0.376634,0.254430,0.345823,0.305288,0.281969,0.414581,0.405171,0.344397,0.337100,0.401903,0.463906,0.234158,0.447393,0.343105,0.389234,0.399489,0.400760,0.424780,0.280948,0.352173,0.335284,0.402438,0.367931,0.335694,0.249873,0.228575,0.315080,0.376475,0.322152,0.428441,0.312529,0.219288,0.210281,0.316791,0.392934,0.408400,#
15,0.377938,0.379204,0.413458,0.239529,0.333065,0.330760,0.336612,0.335353,0.285723,0.356200,0.400664,0.422643,0.336687,0.390896,0.444943,1.000000,0.404773,0.470312,0.460066,0.366919,0.363514,0.427872,0.370729,0.420269,0.503878,0.342100,0.406768,0.377704,0.361616,0.283379,0.396664,0.378874,0.317495,0.408843,0.321253,0.280919,0.354516,0.387351,0.431818,0.392955,0.493629,0.340325,0.388114,0.324915,0.441265,0.367558,0.374451,0.448349,0.319214,0.288836,0.427676,0.322934,0.416032,0.353257,0.348620,0.339099,0.404416,0.430027,0.340199,0.444385,0.304002,0.286563,0.287791,0.368743,0.336463,0.313487,0.441940,0.437874,0.420803,0.355285,0.261413,0.361920,0.376411,0.345570,0.397549,0.395526,0.305920,0.454035,0.416612,0.346848,0.541176,0.297303,0.395159,0.420396,0.335773,0.420834,0.385756,0.250733,0.442902,0.428707,0.316309,0.275027,0.393291,0.482854,0.302987,0.319296,0.424698,0.340385,0.455596,0.313438,0.410565,0.283439,0.455728,0.354647,0.343637,0.349193,0.386639,0.332529,0.353118,0.481344,0.301468,0.391741,0.362533,0.329856,0.294636,0.485956,0.436926,0.319223,0.336221,0.401210,0.404248,0.370016,0.250324,0.406460,0.364564,0.275437,0.386838,0.379169,0.337278,0.245389,0.240900,0.493790,0.330608,0.331944,0.436926,0.381030,0.394526,0.328688,0.374368,0.269047,0.352718,0.384273,0.476481,0.274043,0.418438,0.405987,0.439027,0.333707,0.393168,0.371382,0.422755,0.387000,0.318102,0.530455,0.251628,0.461783,0.269888,0.311272,0.340188,0.356235,0.322216,0.387659,0.319797,0.350494,0.342395,0.389178,0.309594,0.368105,0.346419,0.440853,0.407352,0.284099,0.431246,0.285896,0.461749,0.233834,0.472491,0.273684,0.263684,0.388710,0.326287,0.387013,0.287144,0.273698,0.396783,0.420524,0.299116,0.363006,0.322079,0.270544,0.204340,0.480635,0.306473,0.389677,0.304698,0.362153,0.321777,0.316698,0.300511,0.367673,#
16,0.397438,0.345624,0.368888,0.260345,0.248573,0.306419,0.379265,0.323684,0.286771,0.304995,0.395479,0.379652,0.374350,0.372787,0.340272,0.404773,1.000000,0.369514,0.355184,0.353121,0.546185,0.397806,0.486871,0.276433,0.329469,0.343356,0.381075,0.271094,0.335321,0.288191,0.333793,0.447075,0.240428,0.379333,0.257883,0.309399,0.392100,0.345438,0.353729,0.364845,0.256767,0.306580,0.360064,0.320305,0.316603,0.366240,0.373655,0.359304,0.361203,0.251709,0.285799,0.354991,0.445805,0.331275,0.323284,0.367108,0.275551,0.329127,0.264591,0.251824,0.267992,0.389112,0.326270,0.443067,0.437995,0.304031,0.353881,0.491650,0.330762,0.408580,0.232345,0.345126,0.352853,0.299299,0.382416,0.496386,0.330924,0.392085,0.454239,0.321922,0.281495,0.289541,0.331716,0.327493,0.330974,0.476454,0.432109,0.339531,0.372826,0.291489,0.315911,0.337738,0.316875,0.312088,0.280873,0.346095,0.363030,0.289026,0.430431,0.309668,0.348993,0.271798,0.239082,0.297540,0.304973,0.376551,0.302916,0.271423,0.323772,0.367734,0.336344,0.330724,0.346376,0.314774,0.348050,0.490572,0.422434,0.313283,0.275912,0.369748,0.277011,0.336333,0.320710,0.331827,0.368256,0.297048,0.332207,0.282091,0.297867,0.352487,0.203218,0.376430,0.391654,0.216377,0.453809,0.325125,0.208450,0.367818,0.362117,0.377698,0.240776,0.347674,0.257353,0.313562,0.382305,0.336104,0.229047,0.306797,0.309941,0.219458,0.320725,0.401198,0.304509,0.301348,0.327811,0.327441,0.240459,0.210616,0.344743,0.277312,0.311995,0.413576,0.395520,0.407057,0.330528,0.239543,0.304477,0.348010,0.280555,0.327862,0.340360,0.204606,0.350352,0.264720,0.399376,0.333267,0.359066,0.246204,0.298950,0.331055,0.376306,0.362598,0.299504,0.178976,0.280481,0.332381,0.395241,0.336652,0.329484,0.272645,0.346205,0.221443,0.263189,0.328856,0.330540,0.355158,0.291444,0.343409,0.253334,0.394879,#
17,0.460555,0.334643,0.339832,0.353454,0.323589,0.342742,0.348683,0.406606,0.300044,0.242660,0.356629,0.443502,0.308264,0.279687,0.314677,0.470312,0.369514,1.000000,0.371194,0.407759,0.387632,0.395074,0.432012,0.456894,0.446246,0.355893,0.306312,0.335785,0.431982,0.358399,0.376834,0.465423,0.522828,0.406058,0.221443,0.279018,0.337845,0.523722,0.365624,0.303974,0.370780,0.299267,0.328660,0.431767,0.314754,0.373749,0.434764,0.371339,0.429904,0.378367,0.430400,0.283640,0.268321,0.409726,0.392301,0.390130,0.377163,0.487181,0.312993,0.406185,0.327059,0.398562,0.329052,0.382498,0.332706,0.386419,0.370047,0.477943,0.404096,0.413677,0.412913,0.386941,0.428734,0.405670,0.384395,0.417838,0.303974,0.420588,0.336208,0.382351,0.441442,0.405015,0.537399,0.456644,0.374013,0.355033,0.379907,0.372147,0.516115,0.480991,0.387591,0.305395,0.363132,0.377630,0.278716,0.291912,0.368407,0.466836,0.396742,0.341226,0.386873,0.303315,0.374687,0.340145,0.305840,0.433172,0.372001,0.528255,0.285872,0.365626,0.344213,0.335544,0.307552,0.393273,0.235968,0.458485,0.403039,0.326645,0.344189,0.458138,0.333513,0.327952,0.336440,0.365740,0.444096,0.440905,0.325233,0.388678,0.213659,0.249883,0.269138,0.454470,0.416384,0.469137,0.417844,0.367461,0.381245,0.329517,0.407742,0.417798,0.365795,0.376802,0.352700,0.298686,0.431825,0.341362,0.307085,0.253982,0.366261,0.241256,0.444387,0.310279,0.323370,0.457932,0.320443,0.354262,0.311632,0.294636,0.447112,0.395963,0.441094,0.371372,0.346352,0.355068,0.379287,0.408611,0.263826,0.422023,0.341671,0.378328,0.486577,0.313823,0.366035,0.363175,0.415007,0.204566,0.447426,0.358463,0.272331,0.413089,0.395111,0.500820,0.317290,0.159976,0.310524,0.377594,0.382895,0.489175,0.430684,0.343531,0.312023,0.439465,0.244481,0.285404,0.430051,0.387924,0.447291,0.263054,0.290559,0.389865,#
18,0.392208,0.441800,0.399977,0.312892,0.397902,0.343969,0.390346,0.387348,0.273442,0.242584,0.483892,0.426536,0.421229,0.385602,0.413569,0.460066,0.355184,0.371194,1.000000,0.377090,0.350141,0.366071,0.269566,0.443367,0.475005,0.418806,0.487788,0.436874,0.447964,0.317447,0.434739,0.394216,0.460203,0.301384,0.373273,0.388207,0.484565,0.399124,0.391326,0.421943,0.408930,0.371044,0.425252,0.308923,0.322992,0.380624,0.397515,0.429203,0.330867,0.331444,0.450880,0.251183,0.465973,0.513721,0.345333,0.333236,0.407267,0.453969,0.281411,0.346726,0.320288,0.344281,0.366152,0.489927,0.306986,0.464833,0.449865,0.454603,0.351727,0.256815,0.271290,0.307916,0.350962,0.404651,0.315062,0.283077,0.291433,0.421275,0.470888,0.439259,0.510008,0.364899,0.430459,0.489361,0.397050,0.342326,0.409264,0.335176,0.484388,0.358424,0.373911,0.345082,0.409392,0.427811,0.320189,0.299116,0.479796,0.346522,0.313599,0.404510,0.359901,0.399738,0.462187,0.430298,0.396431,0.356017,0.372524,0.383709,0.348670,0.451294,0.433026,0.440826,0.322026,0.440464,0.323571,0.391840,0.379721,0.347462,0.372719,0.369374,0.330493,0.473078,0.333081,0.346766,0.437067,0.377768,0.361320,0.324397,0.381725,0.330933,0.390361,0.468193,0.353324,0.281834,0.510018,0.251161,0.234157,0.448180,0.387008,0.393727,0.460039,0.274479,0.299757,0.280706,0.393663,0.336889,0.324032,0.230187,0.297648,0.314502,0.401832,0.445365,0.378787,0.318838,0.313918,0.471556,0.421788,0.362328,0.329279,0.443108,0.396904,0.387007,0.308460,0.381807,0.392256,0.370655,0.431719,0.382125,0.364092,0.444282,0.341594,0.322157,0.398180,0.253325,0.402918,0.257582,0.357047,0.395455,0.485015,0.366690,0.388698,0.417012,0.394436,0.255494,0.494093,0.386422,0.405685,0.505152,0.351190,0.367530,0.378080,0.428429,0.367366,0.361906,0.355373,0.320272,0.369443,0.403518,0.449341,0.429768,#
19,0.320091,0.348741,0.369407,0.319523,0.426378,0.208706,0.418863,0.406952,0.393006,0.391014,0.400808,0.274397,0.412616,0.370585,0.373112,0.366919,0.353121,0.407759,0.377090,1.000000,0.333047,0.440922,0.397082,0.428394,0.389352,0.420669,0.380890,0.364691,0.391778,0.443082,0.328517,0.400460,0.345165,0.368399,0.299699,0.338169,0.232775,0.413226,0.477766,0.373243,0.348972,0.294238,0.345250,0.315701,0.377934,0.442431,0.414623,0.508376,0.377337,0.353597,0.395401,0.341281,0.269091,0.498020,0.394339,0.393334,0.367336,0.430485,0.304661,0.402617,0.324754,0.302822,0.344581,0.387335,0.393150,0.375644,0.276877,0.398359,0.413031,0.390154,0.369724,0.355992,0.423230,0.278593,0.391296,0.375810,0.346620,0.447563,0.409632,0.332446,0.425109,0.358026,0.460045,0.326647,0.452174,0.378617,0.400172,0.343312,0.451467,0.411901,0.330189,0.415558,0.361377,0.356941,0.322166,0.371370,0.403548,0.462980,0.345360,0.262904,0.361891,0.289670,0.380746,0.336727,0.414127,0.392357,0.447566,0.485990,0.293516,0.381949,0.394525,0.342484,0.342636,0.431577,0.358692,0.389816,0.447846,0.464964,0.411658,0.367071,0.431494,0.443899,0.355326,0.381925,0.486173,0.458496,0.321387,0.427701,0.186404,0.297654,0.271495,0.344974,0.469981,0.380074,0.423319,0.345405,0.400271,0.393845,0.408119,0.406401,0.397549,0.307286,0.339419,0.207990,0.422109,0.360079,0.308294,0.430641,0.463510,0.237588,0.324336,0.406538,0.338190,0.444377,0.293941,0.333118,0.368663,0.318055,0.323676,0.212546,0.410300,0.408553,0.413786,0.364259,0.304820,0.348598,0.315073,0.333695,0.380491,0.403188,0.496103,0.360266,0.362935,0.296106,0.437128,0.233808,0.367114,0.339208,0.224891,0.417959,0.354664,0.453112,0.243078,0.309544,0.384180,0.368338,0.399118,0.480733,0.355969,0.288468,0.432764,0.334626,0.358477,0.474375,0.368425,0.394325,0.463166,0.373213,0.421070,0.435133,#
20,0.423909,0.343222,0.388746,0.327066,0.323283,0.341790,0.377958,0.414941,0.338454,0.261443,0.369388,0.402555,0.401561,0.321605,0.315748,0.363514,0.546185,0.387632,0.350141,0.333047,1.000000,0.433627,0.429677,0.337079,0.463703,0.333338,0.376807,0.438902,0.313904,0.372597,0.332611,0.354826,0.293212,0.340554,0.381563,0.281797,0.328539,0.379680,0.287508,0.392832,0.312868,0.463306,0.394059,0.353397,0.365915,0.448134,0.347167,0.443775,0.436908,0.299803,0.350769,0.420289,0.485714,0.356664,0.330438,0.335698,0.398326,0.355843,0.295553,0.394770,0.404322,0.256186,0.440120,0.466541,0.502968,0.277180,0.386936,0.379637,0.388612,0.421568,0.332371,0.321691,0.469107,0.377625,0.363799,0.411428,0.417631,0.396090,0.319012,0.424048,0.299300,0.269450,0.452529,0.375825,0.315700,0.460991,0.399799,0.386635,0.422506,0.412683,0.367710,0.419840,0.396015,0.405098,0.277586,0.329865,0.405066,0.371980,0.358756,0.228931,0.270057,0.339989,0.333805,0.349822,0.273203,0.382678,0.372234,0.353639,0.290399,0.470359,0.388487,0.244096,0.385557,0.418500,0.322235,0.467641,0.480329,0.268900,0.262640,0.362905,0.326722,0.371635,0.346560,0.314452,0.414986,0.360757,0.425902,0.446236,0.274984,0.408517,0.249909,0.443091,0.362525,0.277233,0.449491,0.356612,0.354003,0.416268,0.426933,0.398186,0.337249,0.382110,0.228323,0.315155,0.433399,0.273875,0.273341,0.357229,0.346073,0.352044,0.378534,0.457704,0.282740,0.290724,0.347423,0.350486,0.277408,0.194882,0.353435,0.349800,0.383976,0.419657,0.369926,0.315766,0.410663,0.314466,0.219325,0.365799,0.341169,0.371429,0.440705,0.261871,0.318009,0.330325,0.389690,0.362970,0.307181,0.222329,0.419045,0.455979,0.429960,0.404802,0.291980,0.347015,0.404461,0.295555,0.303654,0.404863,0.383564,0.354280,0.409701,0.365262,0.426152,0.389055,0.399380,0.412915,0.335782,0.321014,0.347413,0.301400,#
21,0.496613,0.484013,0.452700,0.350392,0.393080,0.378924,0.375258,0.394079,0.302795,0.352609,0.433424,0.441266,0.278487,0.380516,0.363160,0.427872,0.397806,0.395074,0.366071,0.440922,0.433627,1.000000,0.372959,0.489132,0.476004,0.342083,0.450285,0.453537,0.411269,0.384558,0.406762,0.430703,0.352134,0.492084,0.366728,0.357197,0.424720,0.491536,0.446910,0.365748,0.396607,0.455578,0.348245,0.345010,0.412816,0.394667,0.494233,0.473160,0.407969,0.412717,0.459015,0.312419,0.441820,0.446113,0.386247,0.346579,0.454868,0.416862,0.376436,0.427535,0.315511,0.326671,0.419638,0.423447,0.493178,0.375694,0.373824,0.425871,0.441104,0.501556,0.509628,0.334615,0.483324,0.384422,0.414443,0.404727,0.386688,0.354104,0.417607,0.400569,0.500117,0.376577,0.395546,0.362533,0.418114,0.400020,0.386924,0.363781,0.457834,0.500413,0.318121,0.382303,0.414604,0.351101,0.423498,0.428938,0.392266,0.418727,0.409960,0.400230,0.458083,0.311267,0.342502,0.407871,0.389359,0.491294,0.397925,0.434563,0.363405,0.422952,0.355308,0.328887,0.463479,0.447006,0.271223,0.481916,0.541453,0.292079,0.452807,0.492176,0.400836,0.455918,0.215673,0.499922,0.396597,0.444590,0.440447,0.426232,0.314074,0.318873,0.398434,0.377443,0.438963,0.402690,0.427387,0.338859,0.396128,0.368382,0.438155,0.445838,0.329465,0.415764,0.375731,0.273403,0.419578,0.416587,0.344848,0.412300,0.393336,0.335873,0.381284,0.462796,0.379982,0.446758,0.388660,0.337267,0.279246,0.339987,0.360443,0.364885,0.497089,0.373374,0.341024,0.378366,0.446343,0.309731,0.247591,0.457058,0.320791,0.433308,0.473028,0.329531,0.432259,0.371161,0.390084,0.326154,0.466853,0.355341,0.412653,0.420500,0.396482,0.474992,0.274331,0.345770,0.387486,0.424303,0.402721,0.443533,0.487683,0.311440,0.434178,0.461165,0.404529,0.337106,0.455852,0.436483,0.381793,0.385781,0.364386,0.460925,#
