0,1.000000,0.832722,0.837210,0.808818,0.785317,0.839182,0.827999,0.836793,0.825170,0.801379,0.825208,0.835628,0.823601,0.800473,0.828299,0.800862,0.837612,0.841937,0.817332,0.823025,0.820422,0.794190,0.828077,0.834652,0.788526,0.799139,0.825201,0.822586,0.799435,0.836564,0.813743,0.825650,0.802741,0.798698,0.840732,0.814640,0.802820,0.817517,0.839806,0.853668,0.831381,0.791757,0.832079,0.807252,0.822773,0.787243,0.848311,0.829013,0.817212,0.845402,0.828987,0.808358,0.843821,0.835811,0.819024,0.855006,0.829304,0.851955,0.820711,0.814089,0.839139,0.806349,0.830670,0.816441,0.833849,0.835694,0.843877,0.839270,0.820518,0.797023,0.823875,0.834398,0.857429,0.833437,0.832437,0.820921,0.835093,0.822696,0.825030,0.821338,0.867948,0.833711,0.831035,0.833796,0.829946,0.858502,0.828009,0.806336,0.794743,0.822853,0.789153,0.808659,0.819282,0.821718,0.810610,0.815776,0.790028,0.808713,0.836680,0.833965,0.828146,0.813512,0.801975,0.819751,0.820155,0.805407,0.787692,0.837568,0.833595,0.788578,0.833711,0.818399,0.827269,0.798246,0.813685,0.855798,0.802770,0.811736,0.810106,0.811291,0.793726,0.874506,0.826601,0.854987,0.808092,0.809184,0.805226,0.808374,0.796750,0.813630,0.805185,0.834228,0.822991,0.800102,0.839801,0.829278,0.826712,0.835936,0.815022,0.809656,0.791706,0.816288,0.790936,0.851162,0.826493,0.752288,0.815771,0.789035,0.831182,0.813752,0.817072,0.826277,0.822108,0.796944,0.814639,0.793756,0.821315,0.830075,0.853567,0.821657,0.839522,0.842422,0.820947,0.824260,0.825398,0.827388,0.842693,0.807629,0.815758,0.816186,0.828897,0.813759,0.826704,0.842654,0.857079,0.799164,0.818559,0.848417,0.824250,0.818264,0.815262,0.835797,0.797265,0.805723,0.804065,0.794439,0.818732,0.825193,0.805874,0.823659,0.794612,0.814800,0.796405,0.823136,0.802980,0.803892,0.792195,0.837380,0.830621,0.817905,#
1,0.832722,1.000000,0.820660,0.841935,0.812467,0.858669,0.796642,0.833820,0.846910,0.821638,0.828271,0.827335,0.836912,0.828946,0.833201,0.804058,0.830769,0.819089,0.824917,0.840137,0.842376,0.865126,0.858487,0.844843,0.816698,0.807298,0.851367,0.842529,0.822114,0.807248,0.850239,0.852809,0.831733,0.847688,0.816327,0.843226,0.803869,0.855789,0.853161,0.851031,0.829272,0.794652,0.807234,0.811548,0.808388,0.819648,0.850151,0.833397,0.849155,0.846787,0.818525,0.847806,0.832126,0.814455,0.843580,0.842152,0.830692,0.847972,0.839007,0.810303,0.810362,0.834015,0.782962,0.788365,0.836679,0.841165,0.856873,0.846817,0.851218,0.852941,0.830143,0.846566,0.889502,0.800607,0.841922,0.841300,0.832624,0.837338,0.838516,0.816491,0.861027,0.822766,0.864021,0.857717,0.851327,0.838300,0.821862,0.824565,0.843231,0.836924,0.816339,0.808457,0.835823,0.836901,0.809329,0.813746,0.811268,0.827289,0.827199,0.831448,0.843063,0.836543,0.808612,0.832741,0.818993,0.826029,0.804712,0.854502,0.826766,0.801522,0.827993,0.825148,0.819444,0.819037,0.807279,0.826576,0.843346,0.850522,0.806424,0.778124,0.857424,0.847439,0.805681,0.843822,0.802801,0.793155,0.830031,0.828470,0.835074,0.845653,0.808871,0.852302,0.813631,0.826654,0.847066,0.828985,0.820021,0.827178,0.845941,0.792098,0.846384,0.819485,0.821366,0.839691,0.815121,0.811192,0.822129,0.800376,0.834812,0.810594,0.837176,0.856587,0.833104,0.804270,0.856484,0.796164,0.849828,0.832466,0.810352,0.811667,0.831822,0.855928,0.830508,0.855326,0.827900,0.806633,0.832573,0.833237,0.788033,0.807636,0.834878,0.811936,0.825425,0.850791,0.841141,0.817882,0.824753,0.873698,0.801282,0.810915,0.831180,0.810144,0.812330,0.814105,0.782209,0.853921,0.832078,0.784859,0.828472,0.830049,0.832987,0.813806,0.805911,0.819946,0.852909,0.782447,0.815699,0.850798,0.826857,0.830876,#
2,0.837210,0.820660,1.000000,0.808916,0.786723,0.830485,0.817903,0.838221,0.823215,0.804336,0.801036,0.789532,0.788153,0.816077,0.813252,0.786532,0.800879,0.828619,0.808945,0.827785,0.809248,0.802218,0.786388,0.835641,0.789914,0.778454,0.842399,0.830902,0.830672,0.824635,0.824276,0.818407,0.829014,0.807443,0.816757,0.808114,0.798259,0.814337,0.853021,0.834686,0.821118,0.806995,0.801479,0.791532,0.786985,0.809212,0.854714,0.790734,0.807104,0.859731,0.808729,0.804471,0.814467,0.839588,0.849644,0.834241,0.833783,0.819099,0.806247,0.801734,0.846630,0.830059,0.797586,0.821207,0.818585,0.817599,0.846300,0.801839,0.824594,0.829321,0.839525,0.805533,0.847543,0.825954,0.832782,0.814165,0.825317,0.831281,0.818902,0.849876,0.837582,0.842137,0.855213,0.843544,0.841351,0.836096,0.816179,0.846964,0.797083,0.803854,0.833651,0.800715,0.835991,0.802017,0.826303,0.802153,0.797481,0.803877,0.856423,0.827712,0.827632,0.784919,0.784369,0.806707,0.785743,0.842212,0.817464,0.805000,0.829141,0.777800,0.824753,0.787319,0.841987,0.784348,0.803023,0.789453,0.790398,0.821466,0.809354,0.771346,0.809621,0.818866,0.782837,0.839567,0.799060,0.779607,0.810052,0.808534,0.811971,0.828383,0.823245,0.848881,0.838484,0.836727,0.831136,0.818204,0.814242,0.820444,0.830560,0.791131,0.803517,0.821437,0.770420,0.794836,0.799629,0.822489,0.799572,0.791681,0.818734,0.802197,0.820588,0.827766,0.811881,0.818812,0.797918,0.811792,0.812408,0.787280,0.796654,0.788204,0.799751,0.786031,0.814164,0.818089,0.782264,0.827964,0.840255,0.795576,0.780088,0.792725,0.823552,0.801994,0.816137,0.797114,0.838784,0.818734,0.800025,0.843453,0.811060,0.790800,0.797155,0.845016,0.785506,0.845765,0.770373,0.808557,0.818982,0.798660,0.808449,0.803066,0.794352,0.816508,0.829593,0.824433,0.806536,0.810455,0.796818,0.828451,0.793087,0.821152,#
3,0.808818,0.841935,0.808916,1.000000,0.822098,0.816020,0.797877,0.813629,0.821009,0.807774,0.792946,0.810398,0.823220,0.797471,0.790404,0.792172,0.803375,0.796483,0.810894,0.804142,0.818911,0.824393,0.802610,0.794493,0.819460,0.816556,0.830261,0.828512,0.804219,0.799010,0.811917,0.835635,0.805062,0.824720,0.806428,0.809509,0.778353,0.812257,0.785517,0.847070,0.822013,0.800601,0.805995,0.795007,0.806958,0.829751,0.836747,0.814799,0.835842,0.808876,0.812048,0.773708,0.826416,0.798108,0.822244,0.821758,0.781859,0.825295,0.858145,0.806679,0.806264,0.803360,0.771800,0.795645,0.846343,0.817557,0.806937,0.800313,0.781102,0.815278,0.795595,0.829515,0.861271,0.807612,0.809165,0.797760,0.802042,0.808899,0.810159,0.824059,0.838231,0.805714,0.827688,0.823677,0.822271,0.816675,0.807080,0.800053,0.793204,0.802483,0.791445,0.808180,0.820448,0.816039,0.799518,0.817029,0.776668,0.788116,0.803846,0.814112,0.802573,0.794618,0.767767,0.788548,0.820323,0.798216,0.802722,0.831589,0.801126,0.789517,0.793631,0.800238,0.797044,0.800491,0.793708,0.814431,0.793729,0.805411,0.798156,0.754686,0.781635,0.828393,0.778178,0.818808,0.776431,0.784991,0.805991,0.817574,0.804883,0.807999,0.794211,0.833572,0.786491,0.828220,0.838595,0.821989,0.848237,0.794361,0.797085,0.783134,0.787742,0.811173,0.794966,0.780567,0.770044,0.829669,0.780976,0.801446,0.815575,0.783567,0.786422,0.821593,0.801524,0.786769,0.816852,0.758976,0.830108,0.811010,0.802459,0.811121,0.832016,0.825482,0.782030,0.836863,0.797655,0.808792,0.818251,0.776281,0.794954,0.784348,0.828064,0.807882,0.797459,0.817692,0.799657,0.817086,0.793580,0.826345,0.808622,0.789090,0.776728,0.830453,0.784021,0.801243,0.767889,0.809231,0.790989,0.750164,0.823865,0.840827,0.800731,0.795270,0.796160,0.791764,0.810454,0.804258,0.794814,0.817365,0.791780,0.822993,#
4,0.785317,0.812467,0.786723,0.822098,1.000000,0.822546,0.806431,0.792215,0.784979,0.795078,0.777330,0.803939,0.787934,0.789780,0.771007,0.784782,0.790550,0.805999,0.785669,0.822553,0.820713,0.810229,0.790705,0.811318,0.779800,0.762169,0.802928,0.785094,0.807500,0.800961,0.831948,0.800029,0.817821,0.775300,0.787508,0.799932,0.757001,0.787695,0.785715,0.828324,0.801162,0.754165,0.791886,0.809797,0.789492,0.779487,0.828704,0.798350,0.802961,0.803691,0.808027,0.781549,0.809429,0.763942,0.817210,0.817238,0.774212,0.809617,0.827157,0.795647,0.775980,0.800341,0.789100,0.770125,0.825866,0.833123,0.816590,0.772742,0.789392,0.806276,0.803275,0.817844,0.820797,0.789177,0.789059,0.791121,0.784995,0.815651,0.810911,0.818801,0.792377,0.810631,0.828730,0.772105,0.821400,0.779917,0.782716,0.764134,0.794270,0.805848,0.774628,0.762691,0.779683,0.791867,0.772462,0.791978,0.795077,0.777013,0.778212,0.793086,0.815192,0.817985,0.779756,0.784254,0.785626,0.775579,0.805902,0.799073,0.806491,0.798734,0.787519,0.791614,0.816632,0.832138,0.774286,0.788036,0.772859,0.849826,0.762583,0.759916,0.789535,0.804137,0.816797,0.807218,0.767648,0.788339,0.770531,0.787043,0.835919,0.809270,0.828192,0.819416,0.778672,0.798966,0.833862,0.809720,0.805326,0.813220,0.786901,0.755878,0.754476,0.823538,0.783298,0.793573,0.762047,0.767114,0.808037,0.757683,0.782831,0.812314,0.776717,0.847816,0.763626,0.752264,0.828464,0.770238,0.831553,0.795275,0.811325,0.776346,0.766872,0.807490,0.823515,0.807006,0.793044,0.780607,0.792882,0.763115,0.759403,0.784603,0.802414,0.792988,0.804699,0.773133,0.823536,0.801374,0.792766,0.830380,0.782091,0.791553,0.803026,0.793134,0.796821,0.781824,0.823470,0.810437,0.785137,0.812210,0.777366,0.779333,0.777880,0.764705,0.779512,0.795439,0.786501,0.743444,0.776189,0.784830,0.806114,0.792899,#
5,0.839182,0.858669,0.830485,0.816020,0.822546,1.000000,0.790080,0.828232,0.819898,0.795267,0.806650,0.816306,0.786506,0.776872,0.810219,0.801083,0.804738,0.821714,0.807624,0.846646,0.816228,0.797648,0.787811,0.821669,0.815877,0.820650,0.839709,0.834346,0.790129,0.828650,0.841668,0.846218,0.820813,0.836703,0.812197,0.830393,0.795949,0.804015,0.826071,0.832810,0.829732,0.781941,0.775650,0.793782,0.810790,0.822033,0.843246,0.839461,0.826569,0.823851,0.816263,0.784884,0.815417,0.831417,0.822196,0.873017,0.822801,0.834578,0.849269,0.829573,0.799420,0.801878,0.812400,0.829972,0.822106,0.816765,0.828960,0.812683,0.814980,0.831706,0.843523,0.820961,0.861039,0.818791,0.815159,0.803346,0.821119,0.849255,0.813518,0.815399,0.852410,0.825513,0.847162,0.822458,0.825064,0.821265,0.805701,0.818053,0.823252,0.815841,0.798928,0.780041,0.816636,0.832286,0.786599,0.748407,0.811710,0.808601,0.841563,0.789929,0.856942,0.818848,0.843351,0.820531,0.811914,0.817343,0.821848,0.823280,0.796599,0.815024,0.800854,0.829539,0.816498,0.781998,0.760443,0.790653,0.833156,0.836983,0.787864,0.787843,0.802883,0.832650,0.810287,0.859598,0.781192,0.802624,0.833865,0.810319,0.829787,0.805829,0.820875,0.856359,0.839900,0.843803,0.834536,0.800424,0.798919,0.829191,0.794096,0.787663,0.806438,0.786653,0.814641,0.828498,0.843833,0.761142,0.789499,0.794103,0.810560,0.816504,0.840947,0.832846,0.816434,0.802366,0.823614,0.769335,0.851601,0.815702,0.817772,0.817238,0.820466,0.841881,0.812897,0.825635,0.828903,0.799424,0.785397,0.816936,0.795236,0.782259,0.846463,0.803300,0.803279,0.801318,0.826100,0.811530,0.806300,0.848070,0.819391,0.835110,0.829090,0.809725,0.779926,0.803217,0.809259,0.831425,0.814783,0.799989,0.817051,0.831641,0.784367,0.835446,0.790692,0.830777,0.802495,0.798544,0.786628,0.835750,0.819035,0.820215,#
6,0.827999,0.796642,0.817903,0.797877,0.806431,0.790080,1.000000,0.793826,0.813024,0.793132,0.807625,0.805269,0.798947,0.820265,0.766569,0.810058,0.825387,0.840705,0.814628,0.802841,0.834340,0.784969,0.765878,0.800379,0.806490,0.794333,0.807508,0.809501,0.798594,0.816801,0.826440,0.836793,0.818050,0.811522,0.808741,0.820628,0.787775,0.807598,0.807081,0.826135,0.819241,0.800492,0.822816,0.804228,0.816905,0.776157,0.831579,0.799062,0.844897,0.841026,0.815357,0.812987,0.833866,0.767102,0.817441,0.822007,0.826758,0.842388,0.842352,0.780870,0.819278,0.812318,0.778470,0.786914,0.858937,0.797377,0.868087,0.799520,0.814443,0.798075,0.822314,0.839362,0.825508,0.817864,0.792316,0.813827,0.827434,0.830620,0.833057,0.808937,0.828181,0.820178,0.820353,0.853808,0.808335,0.815497,0.813550,0.792727,0.809728,0.807964,0.778368,0.790053,0.771153,0.807100,0.785029,0.793779,0.816108,0.811844,0.814611,0.817248,0.826504,0.809413,0.811169,0.794994,0.815808,0.768167,0.808389,0.800937,0.811130,0.764118,0.779035,0.779847,0.783727,0.804346,0.789715,0.786516,0.786616,0.829855,0.781535,0.792658,0.801546,0.806312,0.778652,0.831694,0.815024,0.793612,0.774790,0.818878,0.789730,0.800620,0.811754,0.825488,0.804531,0.778370,0.815493,0.828505,0.822679,0.810962,0.837438,0.800510,0.807197,0.808867,0.765871,0.793243,0.793334,0.812814,0.796488,0.800522,0.788377,0.790277,0.796341,0.845429,0.772391,0.778567,0.787648,0.772686,0.807936,0.760713,0.812549,0.808794,0.814547,0.808216,0.785663,0.814443,0.805705,0.823094,0.837157,0.757804,0.790589,0.789789,0.822666,0.813479,0.771241,0.777959,0.820519,0.819639,0.807294,0.842450,0.792470,0.797419,0.821001,0.801343,0.817463,0.823111,0.768649,0.783138,0.802131,0.795991,0.770844,0.799822,0.767599,0.810566,0.767002,0.804762,0.817022,0.802052,0.803611,0.816307,0.813504,0.805839,#
7,0.836793,0.833820,0.838221,0.813629,0.792215,0.828232,0.793826,1.000000,0.836493,0.800534,0.800696,0.798289,0.815679,0.818177,0.824875,0.786364,0.820279,0.836323,0.835900,0.822225,0.823378,0.798022,0.835133,0.811026,0.813790,0.824552,0.821006,0.825950,0.812614,0.841103,0.795887,0.832816,0.797057,0.808904,0.817053,0.811049,0.793826,0.815529,0.839031,0.821612,0.839834,0.803579,0.802229,0.800473,0.807945,0.810506,0.837125,0.835102,0.833889,0.808154,0.812731,0.798596,0.816631,0.829712,0.840201,0.825043,0.822001,0.826560,0.831639,0.838881,0.780793,0.816825,0.819309,0.796690,0.834517,0.838165,0.859082,0.812323,0.824922,0.800259,0.831464,0.781620,0.861093,0.833936,0.829925,0.810174,0.822475,0.820412,0.809341,0.808267,0.857412,0.813277,0.851331,0.829183,0.829801,0.825125,0.841213,0.819317,0.807323,0.816712,0.809732,0.815044,0.827889,0.807667,0.833353,0.807331,0.816741,0.845074,0.845520,0.826344,0.836977,0.793029,0.786199,0.788797,0.815923,0.802660,0.806820,0.827724,0.821065,0.767551,0.848986,0.814175,0.847608,0.804624,0.805166,0.808323,0.801309,0.810719,0.794919,0.812799,0.825802,0.820408,0.801420,0.841846,0.819594,0.803484,0.797670,0.832641,0.799167,0.813109,0.806283,0.835964,0.829244,0.787080,0.837197,0.852320,0.834265,0.833448,0.794375,0.799295,0.804704,0.820851,0.832686,0.819247,0.822188,0.802848,0.825189,0.757075,0.807585,0.797382,0.793447,0.841368,0.816668,0.764470,0.811467,0.815830,0.828714,0.824896,0.816095,0.803495,0.833243,0.794133,0.862623,0.808008,0.816189,0.814754,0.835847,0.796670,0.767366,0.774520,0.848368,0.816170,0.799338,0.823298,0.821834,0.806271,0.811093,0.817083,0.812471,0.799586,0.811734,0.806431,0.801529,0.823439,0.791293,0.816373,0.826421,0.794715,0.829394,0.839072,0.808295,0.815894,0.781693,0.807891,0.817882,0.803016,0.813236,0.853817,0.824408,0.813053,#
8,0.825170,0.846910,0.823215,0.821009,0.784979,0.819898,0.813024,0.836493,1.000000,0.824502,0.811901,0.821717,0.820775,0.822365,0.810149,0.817479,0.811082,0.829798,0.777614,0.827777,0.822244,0.813425,0.802016,0.807341,0.808880,0.816882,0.828373,0.817185,0.822123,0.811347,0.820921,0.833858,0.808889,0.800399,0.800065,0.841905,0.805547,0.819630,0.801329,0.828495,0.822122,0.780990,0.855295,0.808086,0.797679,0.781907,0.818372,0.805266,0.827458,0.822993,0.825190,0.808356,0.813618,0.824735,0.815942,0.837255,0.808242,0.833960,0.805101,0.785503,0.813226,0.816562,0.831044,0.817093,0.841929,0.848055,0.839509,0.844235,0.852836,0.815087,0.819799,0.838860,0.862067,0.822085,0.820741,0.797756,0.815064,0.836463,0.824601,0.825446,0.833857,0.819571,0.825926,0.835854,0.835447,0.819772,0.810469,0.827277,0.780936,0.801833,0.803000,0.800197,0.802620,0.801773,0.794054,0.796832,0.812723,0.836526,0.861049,0.833134,0.825804,0.772084,0.819323,0.845033,0.781920,0.815483,0.820673,0.828091,0.800215,0.813631,0.809707,0.817428,0.830802,0.801453,0.777448,0.824839,0.809865,0.808686,0.785910,0.816829,0.797680,0.806259,0.803141,0.850955,0.805212,0.824394,0.783796,0.804488,0.827303,0.820552,0.787128,0.836355,0.825942,0.803958,0.832891,0.830748,0.830562,0.817095,0.804666,0.809738,0.798871,0.821700,0.817375,0.782409,0.809375,0.781443,0.807167,0.790739,0.816323,0.817093,0.794333,0.854668,0.776859,0.838048,0.822902,0.771438,0.830092,0.833174,0.842976,0.814704,0.830769,0.794132,0.827175,0.808106,0.793069,0.800920,0.825662,0.818807,0.812246,0.773408,0.827063,0.833200,0.779246,0.814705,0.846577,0.814702,0.814103,0.854668,0.807999,0.785369,0.811746,0.815892,0.801170,0.814270,0.796911,0.801793,0.842420,0.800999,0.812344,0.826782,0.826858,0.824598,0.815735,0.809945,0.792760,0.779562,0.772364,0.818418,0.803857,0.846656,#
9,0.801379,0.821638,0.804336,0.807774,0.795078,0.795267,0.793132,0.800534,0.824502,1.000000,0.789440,0.781026,0.802545,0.805736,0.821471,0.787942,0.813492,0.807106,0.801708,0.790983,0.839092,0.794124,0.785880,0.818250,0.789312,0.776272,0.810476,0.845363,0.787463,0.814565,0.777523,0.833667,0.805969,0.813288,0.792003,0.806816,0.784115,0.793210,0.809451,0.824778,0.811417,0.784253,0.783722,0.776399,0.817145,0.764081,0.817560,0.787283,0.789034,0.807095,0.790633,0.764230,0.773160,0.793653,0.798299,0.818430,0.803233,0.853075,0.786593,0.803814,0.807514,0.795816,0.798616,0.773552,0.793684,0.847302,0.831703,0.819721,0.840661,0.802845,0.811954,0.804187,0.828224,0.795419,0.803372,0.791720,0.804198,0.843734,0.811509,0.838535,0.818822,0.811882,0.806469,0.845062,0.827975,0.797724,0.798182,0.838663,0.785676,0.783589,0.791392,0.779639,0.818617,0.787781,0.805872,0.774726,0.775160,0.800608,0.828560,0.810183,0.817841,0.820151,0.814240,0.804686,0.803884,0.821529,0.789316,0.808500,0.837065,0.816280,0.809215,0.818709,0.833639,0.799424,0.775699,0.823103,0.753744,0.794459,0.760796,0.778754,0.789880,0.817251,0.801381,0.833648,0.807886,0.778482,0.799535,0.783410,0.833228,0.792148,0.792020,0.829261,0.800254,0.816725,0.831918,0.792864,0.811714,0.795394,0.791876,0.786979,0.810710,0.852014,0.808897,0.826540,0.789533,0.810801,0.807148,0.797641,0.805484,0.797601,0.761279,0.807862,0.793055,0.802524,0.803676,0.784092,0.795891,0.805339,0.805399,0.809784,0.810635,0.823356,0.816413,0.813148,0.800592,0.816112,0.781199,0.797669,0.807832,0.770086,0.822721,0.809130,0.780832,0.769628,0.821333,0.827270,0.797666,0.846182,0.792857,0.815311,0.817443,0.789489,0.795540,0.779849,0.783916,0.822171,0.787101,0.782463,0.829285,0.787716,0.791044,0.805413,0.771068,0.775115,0.776567,0.764761,0.798165,0.801227,0.782597,0.792612,#
10,0.825208,0.828271,0.801036,0.792946,0.777330,0.806650,0.807625,0.800696,0.811901,0.789440,1.000000,0.807948,0.784184,0.791669,0.767897,0.797502,0.817338,0.796912,0.808943,0.805350,0.806677,0.783722,0.792541,0.833545,0.770727,0.781959,0.804618,0.839391,0.805332,0.825392,0.807657,0.803872,0.794476,0.813038,0.811884,0.806468,0.794529,0.822751,0.804272,0.804671,0.825792,0.761797,0.787432,0.769407,0.793292,0.805062,0.853633,0.811555,0.822288,0.852146,0.774951,0.812608,0.808370,0.770220,0.810179,0.840695,0.816621,0.842784,0.780099,0.797039,0.809095,0.815998,0.834976,0.818576,0.827610,0.784428,0.834656,0.787388,0.822958,0.795067,0.839808,0.830262,0.849372,0.765868,0.793595,0.837503,0.790348,0.832810,0.825210,0.789032,0.848659,0.789092,0.817595,0.814033,0.806481,0.808015,0.824558,0.803545,0.788807,0.834012,0.772268,0.808833,0.825593,0.784547,0.772935,0.799099,0.782350,0.825078,0.828461,0.831417,0.811599,0.778901,0.794591,0.823781,0.813870,0.794419,0.801748,0.787795,0.796480,0.786729,0.792795,0.786629,0.819953,0.795199,0.774032,0.812526,0.771037,0.803576,0.793392,0.774856,0.794902,0.819668,0.764930,0.820468,0.752923,0.793642,0.816950,0.808295,0.814112,0.791282,0.782469,0.820972,0.794935,0.794792,0.842642,0.850634,0.799359,0.781275,0.813453,0.806151,0.823722,0.799062,0.779018,0.814291,0.766897,0.778348,0.807571,0.784622,0.800990,0.802166,0.785438,0.802032,0.798271,0.792246,0.818309,0.775216,0.824459,0.822701,0.803069,0.778807,0.830514,0.789880,0.793428,0.814244,0.787672,0.794784,0.818887,0.791755,0.807450,0.790717,0.791548,0.821358,0.764016,0.790390,0.834579,0.802999,0.786296,0.837110,0.778596,0.825960,0.786344,0.776989,0.795062,0.790731,0.747836,0.804047,0.807614,0.798920,0.767097,0.822077,0.786987,0.777617,0.773887,0.810723,0.804339,0.790613,0.776381,0.813085,0.809772,0.820358,#
11,0.835628,0.827335,0.789532,0.810398,0.803939,0.816306,0.805269,0.798289,0.821717,0.781026,0.807948,1.000000,0.825697,0.796468,0.803098,0.795640,0.811848,0.841667,0.843468,0.811652,0.799735,0.782481,0.817384,0.801504,0.808086,0.794734,0.789772,0.807903,0.823195,0.785513,0.835902,0.829666,0.826893,0.804596,0.779997,0.799118,0.812249,0.827318,0.786327,0.824358,0.831891,0.772719,0.808161,0.774932,0.794311,0.777820,0.852953,0.828225,0.806331,0.836974,0.787690,0.775945,0.843437,0.791046,0.826082,0.825586,0.785379,0.858643,0.816942,0.814982,0.776452,0.792181,0.832775,0.789657,0.831140,0.808992,0.831579,0.811791,0.831654,0.807839,0.827313,0.796827,0.826626,0.811995,0.841625,0.793943,0.829596,0.847477,0.820035,0.783723,0.819336,0.800321,0.834173,0.813245,0.832917,0.798435,0.780315,0.782267,0.787329,0.777367,0.787488,0.804615,0.798221,0.786817,0.767425,0.826768,0.795981,0.825759,0.801839,0.809070,0.804175,0.803237,0.806710,0.813549,0.817700,0.803303,0.810657,0.829724,0.833553,0.797773,0.831671,0.828211,0.824787,0.786410,0.759644,0.807357,0.789596,0.813138,0.775997,0.821991,0.773307,0.809656,0.792165,0.842031,0.797215,0.792330,0.810543,0.813550,0.817400,0.820036,0.822563,0.821947,0.832153,0.807403,0.819712,0.819055,0.834754,0.812565,0.808113,0.808052,0.791521,0.785932,0.808025,0.820781,0.810652,0.769255,0.823698,0.794245,0.795149,0.795018,0.787326,0.810176,0.794601,0.837499,0.832756,0.777374,0.822969,0.793856,0.799056,0.783531,0.824083,0.814704,0.816573,0.809583,0.826810,0.789381,0.835144,0.773687,0.802036,0.813394,0.829566,0.820660,0.808247,0.841340,0.815177,0.820553,0.807819,0.824315,0.785822,0.820639,0.806667,0.776071,0.820775,0.792488,0.807134,0.774338,0.817274,0.826726,0.787335,0.781612,0.829156,0.817660,0.793206,0.797185,0.796103,0.788836,0.782418,0.816159,0.806193,0.801359,#
12,0.823601,0.836912,0.788153,0.823220,0.787934,0.786506,0.798947,0.815679,0.820775,0.802545,0.784184,0.825697,1.000000,0.806447,0.821770,0.773912,0.804230,0.814041,0.833040,0.803311,0.822793,0.774690,0.814769,0.811677,0.797469,0.813379,0.785389,0.807951,0.814607,0.801247,0.802275,0.801126,0.805334,0.825173,0.818704,0.814778,0.800273,0.814732,0.817978,0.823413,0.761487,0.748310,0.784146,0.797147,0.802355,0.794181,0.841710,0.798178,0.817004,0.824870,0.835543,0.768917,0.795810,0.788949,0.833756,0.821149,0.800550,0.819062,0.813677,0.787009,0.772485,0.785996,0.801984,0.769936,0.828542,0.825570,0.815994,0.790595,0.835919,0.812772,0.811160,0.808434,0.837317,0.803920,0.826719,0.800307,0.819210,0.817883,0.808426,0.809893,0.829739,0.807466,0.841362,0.819255,0.795523,0.811310,0.779965,0.802814,0.786181,0.791864,0.812999,0.782236,0.803962,0.775302,0.765115,0.814849,0.813500,0.797160,0.787181,0.767558,0.791812,0.811666,0.797523,0.806008,0.779628,0.791846,0.790618,0.801676,0.830743,0.795941,0.811148,0.788704,0.815442,0.778450,0.822141,0.809063,0.756428,0.794585,0.794944,0.781190,0.784413,0.824614,0.787486,0.828768,0.802113,0.822773,0.797174,0.777682,0.793695,0.806046,0.751572,0.794678,0.781166,0.788760,0.790011,0.808601,0.785130,0.827701,0.790130,0.755576,0.809378,0.812606,0.786954,0.814764,0.773384,0.790167,0.816169,0.772213,0.795242,0.816929,0.795157,0.803616,0.804829,0.759906,0.813760,0.803020,0.834061,0.824821,0.832688,0.780763,0.805410,0.825256,0.818871,0.802167,0.837547,0.775408,0.802658,0.809951,0.773893,0.781641,0.828113,0.782798,0.793417,0.807992,0.799741,0.785221,0.825071,0.850744,0.757733,0.771282,0.794782,0.814203,0.800067,0.789403,0.737641,0.791795,0.793986,0.814486,0.812961,0.805594,0.781993,0.796618,0.757200,0.795446,0.783216,0.794905,0.783651,0.824196,0.820326,0.784848,#
13,0.800473,0.828946,0.816077,0.797471,0.789780,0.776872,0.820265,0.818177,0.822365,0.805736,0.791669,0.796468,0.806447,1.000000,0.777490,0.784192,0.791366,0.834694,0.829916,0.802832,0.821797,0.786608,0.838416,0.809576,0.791581,0.808458,0.790002,0.822542,0.814199,0.843082,0.780369,0.812064,0.823059,0.825296,0.757211,0.796497,0.785216,0.831823,0.816250,0.827716,0.851589,0.786550,0.822173,0.767387,0.829594,0.807819,0.805263,0.820315,0.845122,0.836072,0.796024,0.823307,0.807035,0.795367,0.849680,0.839787,0.812584,0.832157,0.810337,0.810105,0.809389,0.811569,0.783745,0.797196,0.847595,0.817947,0.836460,0.807965,0.831755,0.807865,0.792991,0.816654,0.827731,0.833463,0.827376,0.791049,0.816750,0.819137,0.837272,0.812108,0.817078,0.815820,0.849337,0.830439,0.809749,0.822840,0.767566,0.792172,0.827045,0.798192,0.786875,0.804568,0.810639,0.797041,0.788622,0.775766,0.808347,0.792774,0.808510,0.837828,0.825753,0.801497,0.811460,0.825802,0.806284,0.825748,0.798209,0.831184,0.796654,0.784882,0.811322,0.808878,0.807717,0.804481,0.796738,0.814935,0.774113,0.824119,0.807587,0.778777,0.799739,0.814439,0.779104,0.804049,0.792288,0.781164,0.803584,0.796901,0.804944,0.794366,0.793677,0.797205,0.794859,0.796285,0.823833,0.819033,0.803363,0.819079,0.845667,0.789451,0.806654,0.827589,0.814391,0.773385,0.759785,0.788069,0.822524,0.786593,0.809682,0.800289,0.802815,0.839809,0.783976,0.810027,0.801196,0.793173,0.821681,0.783587,0.829652,0.790706,0.834705,0.806017,0.820532,0.813841,0.803879,0.809978,0.829492,0.798481,0.803381,0.780744,0.819207,0.822031,0.812917,0.825567,0.848386,0.830825,0.814499,0.856734,0.801857,0.793835,0.799846,0.803939,0.829968,0.787922,0.783806,0.806376,0.790469,0.800757,0.772959,0.802370,0.819486,0.810440,0.798714,0.820359,0.815294,0.780371,0.787925,0.839092,0.811723,0.793812,#
14,0.828299,0.833201,0.813252,0.790404,0.771007,0.810219,0.766569,0.824875,0.810149,0.821471,0.767897,0.803098,0.821770,0.777490,1.000000,0.781702,0.806875,0.790873,0.775106,0.790575,0.800711,0.772199,0.792081,0.825379,0.781299,0.752430,0.808523,0.797385,0.796123,0.809097,0.830689,0.791987,0.791673,0.770211,0.804475,0.800884,0.754117,0.808611,0.822682,0.793016,0.800977,0.757781,0.794329,0.786760,0.785012,0.783026,0.814861,0.771228,0.781756,0.793918,0.776511,0.783996,0.776497,0.816795,0.802506,0.807600,0.780378,0.797322,0.805436,0.768359,0.788971,0.809195,0.796654,0.792775,0.794548,0.800915,0.799252,0.792633,0.828562,0.801378,0.802048,0.785325,0.837386,0.793815,0.817659,0.796762,0.804716,0.816608,0.791255,0.786594,0.824325,0.800893,0.836052,0.821008,0.814727,0.803749,0.773940,0.791581,0.801519,0.759797,0.774419,0.747642,0.799594,0.824463,0.792577,0.787746,0.799848,0.791570,0.808134,0.777896,0.799399,0.789847,0.810114,0.765981,0.792673,0.801322,0.779954,0.778806,0.822016,0.781108,0.814856,0.807489,0.832845,0.770890,0.754013,0.798755,0.773998,0.779662,0.775409,0.781251,0.794724,0.797499,0.784733,0.823171,0.806239,0.740619,0.787133,0.813401,0.763984,0.801166,0.762569,0.823489,0.778248,0.781330,0.814540,0.796113,0.821454,0.806078,0.791802,0.775427,0.781493,0.812742,0.758559,0.807000,0.777059,0.793415,0.822011,0.754886,0.785714,0.761487,0.802926,0.803581,0.779648,0.784819,0.812456,0.773835,0.796370,0.800404,0.766432,0.774255,0.803801,0.767941,0.810079,0.780995,0.805851,0.781789,0.779122,0.783734,0.757231,0.782987,0.801846,0.774287,0.796116,0.807494,0.830331,0.806484,0.785081,0.812527,0.774356,0.780802,0.797578,0.804339,0.788574,0.765194,0.779101,0.790715,0.809088,0.766561,0.784304,0.776363,0.771573,0.787974,0.792174,0.801694,0.774777,0.760271,0.777631,0.803056,0.762999,0.754199,#
15,0.800862,0.804058,0.786532,0.792172,0.784782,0.801083,0.810058,0.786364,0.817479,0.787942,0.797502,0.795640,0.773912,0.784192,0.781702,1.000000,0.788370,0.823249,0.792164,0.787575,0.783790,0.793361,0.777179,0.805047,0.784459,0.777956,0.766263,0.786565,0.786945,0.790277,0.819211,0.823662,0.782962,0.821111,0.762449,0.813731,0.791832,0.827343,0.798913,0.778362,0.776247,0.748150,0.794950,0.774108,0.803716,0.781024,0.821890,0.797138,0.804808,0.815318,0.782684,0.795030,0.779506,0.779011,0.796272,0.796621,0.810092,0.799066,0.784600,0.783956,0.817565,0.812771,0.786741,0.791868,0.810390,0.796371,0.810668,0.798552,0.784066,0.770083,0.804952,0.781058,0.793337,0.784453,0.798438,0.792570,0.796262,0.805190,0.816566,0.786440,0.808508,0.803670,0.803114,0.831846,0.820806,0.795584,0.742029,0.790225,0.772236,0.746969,0.750988,0.772766,0.799494,0.796822,0.734736,0.780127,0.774536,0.797977,0.795975,0.802159,0.807090,0.772686,0.803919,0.797692,0.783385,0.783736,0.781134,0.806795,0.769297,0.804955,0.765425,0.751280,0.806385,0.777822,0.773725,0.774841,0.752632,0.792641,0.761855,0.811920,0.764328,0.790313,0.772705,0.821858,0.749792,0.766418,0.789247,0.772697,0.808247,0.824477,0.789949,0.781127,0.762885,0.743694,0.800628,0.812449,0.809920,0.774176,0.772290,0.781986,0.766652,0.771770,0.771474,0.776894,0.777578,0.771193,0.768155,0.769994,0.786474,0.772695,0.804767,0.818849,0.802846,0.813040,0.783182,0.771676,0.807284,0.759955,0.794443,0.792143,0.783628,0.805715,0.820399,0.782533,0.797164,0.774846,0.800265,0.773444,0.788992,0.761815,0.759088,0.808969,0.738194,0.810497,0.797114,0.823815,0.778754,0.807210,0.788498,0.791219,0.796887,0.797403,0.769180,0.793154,0.788296,0.757201,0.756873,0.754174,0.744545,0.786432,0.755906,0.807906,0.759483,0.773468,0.769755,0.764549,0.778820,0.801346,0.813997,0.805781,#
16,0.837612,0.830769,0.800879,0.803375,0.790550,0.804738,0.825387,0.820279,0.811082,0.813492,0.817338,0.811848,0.804230,0.791366,0.806875,0.788370,1.000000,0.835350,0.833381,0.822878,0.860800,0.783262,0.783414,0.818970,0.802201,0.818906,0.822371,0.793786,0.777194,0.798551,0.830962,0.832064,0.813964,0.793685,0.805093,0.816143,0.822406,0.830830,0.828773,0.830520,0.819194,0.792573,0.797363,0.784144,0.801151,0.806033,0.818041,0.803681,0.826222,0.838271,0.783307,0.799624,0.817864,0.821501,0.820072,0.837839,0.771524,0.826219,0.816265,0.787094,0.817361,0.828985,0.799660,0.781044,0.819432,0.809218,0.854560,0.809888,0.835361,0.825408,0.825175,0.813405,0.850380,0.803343,0.818819,0.796953,0.809234,0.827216,0.804350,0.840043,0.857513,0.822041,0.838604,0.830104,0.823658,0.808918,0.826047,0.766290,0.788522,0.817325,0.770279,0.806190,0.818076,0.795613,0.795666,0.822482,0.794947,0.809514,0.839538,0.815049,0.833915,0.802534,0.798766,0.815318,0.803226,0.831201,0.810843,0.801608,0.846139,0.793226,0.822408,0.814677,0.827617,0.799192,0.810779,0.838935,0.838839,0.825762,0.784289,0.749849,0.778273,0.804764,0.798955,0.831541,0.814680,0.790458,0.770272,0.791597,0.825243,0.790170,0.822563,0.814090,0.808946,0.788176,0.830395,0.852633,0.821115,0.800479,0.793041,0.770903,0.803315,0.806154,0.813877,0.809307,0.776490,0.771461,0.826774,0.801800,0.799440,0.798840,0.784607,0.829562,0.773572,0.787244,0.847244,0.789948,0.829120,0.794470,0.803819,0.804360,0.814510,0.794032,0.847982,0.802302,0.825371,0.826434,0.812703,0.810874,0.803912,0.788427,0.794327,0.826591,0.803644,0.817231,0.824143,0.811590,0.783411,0.870577,0.802699,0.803562,0.808808,0.786920,0.806074,0.806098,0.759503,0.791960,0.817776,0.802812,0.808708,0.807881,0.808736,0.797015,0.792170,0.809323,0.809306,0.795627,0.804726,0.830957,0.814417,0.808055,#
17,0.841937,0.819089,0.828619,0.796483,0.805999,0.821714,0.840705,0.836323,0.829798,0.807106,0.796912,0.841667,0.814041,0.834694,0.790873,0.823249,0.835350,1.000000,0.818357,0.843980,0.826670,0.796698,0.813019,0.799106,0.843562,0.827060,0.811371,0.824437,0.811941,0.822839,0.825569,0.852981,0.789886,0.797615,0.792295,0.816540,0.792415,0.839200,0.842477,0.850317,0.835937,0.813415,0.814919,0.801251,0.807515,0.807978,0.830427,0.842439,0.851125,0.856108,0.818772,0.779902,0.815055,0.807488,0.839439,0.836038,0.831343,0.819109,0.822178,0.809833,0.804122,0.815000,0.823301,0.791349,0.821123,0.838332,0.877068,0.831175,0.815732,0.803349,0.831995,0.803230,0.815336,0.827265,0.833121,0.796735,0.819702,0.841758,0.839866,0.832989,0.845359,0.815379,0.847707,0.852583,0.821384,0.815799,0.824190,0.812506,0.804356,0.796471,0.791231,0.782648,0.825979,0.821617,0.799395,0.826493,0.809288,0.794606,0.819756,0.838154,0.834782,0.781466,0.808167,0.802186,0.789535,0.816473,0.801624,0.811291,0.802864,0.818429,0.833191,0.794635,0.825357,0.816386,0.828494,0.798161,0.768289,0.824969,0.797700,0.816823,0.799388,0.831873,0.809651,0.817622,0.795320,0.805781,0.803602,0.818489,0.822968,0.816801,0.834764,0.844475,0.834550,0.793563,0.819442,0.845950,0.841361,0.824964,0.821770,0.825097,0.820215,0.827171,0.858189,0.815594,0.823626,0.782339,0.805957,0.778886,0.823700,0.788956,0.817862,0.832208,0.804651,0.813686,0.815069,0.824864,0.857310,0.796386,0.813456,0.809022,0.827370,0.814251,0.864449,0.800271,0.823668,0.806978,0.785975,0.779808,0.806939,0.784564,0.821756,0.807709,0.814815,0.811940,0.859406,0.796116,0.825768,0.848312,0.813354,0.838238,0.816590,0.841674,0.816005,0.845135,0.815465,0.784820,0.821870,0.843897,0.785424,0.799800,0.820433,0.824290,0.790510,0.813709,0.815223,0.823202,0.793599,0.833144,0.822184,0.789831,#
18,0.817332,0.824917,0.808945,0.810894,0.785669,0.807624,0.814628,0.835900,0.777614,0.801708,0.808943,0.843468,0.833040,0.829916,0.775106,0.792164,0.833381,0.818357,1.000000,0.832755,0.807726,0.818357,0.804970,0.789561,0.792199,0.818227,0.808750,0.815395,0.797998,0.832443,0.783901,0.832600,0.815069,0.832580,0.807169,0.821094,0.791715,0.835647,0.815837,0.826510,0.831875,0.761458,0.806651,0.768914,0.820685,0.794684,0.851701,0.839734,0.819693,0.805164,0.771238,0.786308,0.816529,0.783505,0.819096,0.828135,0.806858,0.823789,0.818993,0.831827,0.807840,0.809855,0.791988,0.768532,0.850484,0.786304,0.818378,0.793097,0.781126,0.808652,0.820850,0.787325,0.840248,0.801618,0.844905,0.788960,0.822631,0.820603,0.824635,0.804581,0.816293,0.792016,0.845487,0.831437,0.839010,0.831023,0.781254,0.812163,0.801991,0.779680,0.805501,0.774668,0.825655,0.812558,0.812405,0.788640,0.803488,0.821150,0.817222,0.822809,0.825715,0.792920,0.800775,0.802254,0.809470,0.843626,0.788413,0.817098,0.816504,0.793051,0.831331,0.786822,0.834554,0.799821,0.780498,0.787590,0.788585,0.803893,0.805562,0.783710,0.801904,0.822419,0.780814,0.817410,0.817459,0.761871,0.821137,0.786941,0.835881,0.777334,0.810558,0.823974,0.804675,0.786601,0.828535,0.836748,0.837397,0.813621,0.803054,0.782406,0.780138,0.819971,0.800809,0.830227,0.790438,0.802554,0.803793,0.762416,0.821069,0.802497,0.804962,0.829516,0.824906,0.798808,0.820397,0.812984,0.804485,0.812492,0.800705,0.792781,0.826571,0.804794,0.841178,0.803530,0.819293,0.812593,0.855342,0.787677,0.775458,0.784139,0.819675,0.829508,0.822225,0.819021,0.805923,0.817217,0.791794,0.854454,0.781394,0.820420,0.803557,0.803218,0.796962,0.797536,0.771733,0.802170,0.812490,0.786746,0.771064,0.808049,0.808335,0.820069,0.759571,0.834496,0.817449,0.789228,0.769188,0.853981,0.816274,0.806947,#
19,0.823025,0.840137,0.827785,0.804142,0.822553,0.846646,0.802841,0.822225,0.827777,0.790983,0.805350,0.811652,0.803311,0.802832,0.790575,0.787575,0.822878,0.843980,0.832755,1.000000,0.818220,0.791953,0.791590,0.809010,0.804237,0.783803,0.820399,0.801147,0.796856,0.821738,0.821116,0.848803,0.811046,0.796480,0.789711,0.827588,0.782535,0.819184,0.821566,0.831440,0.840180,0.783115,0.789510,0.788945,0.791811,0.805633,0.856037,0.820182,0.827788,0.800351,0.778458,0.776402,0.805640,0.812273,0.819290,0.809901,0.828539,0.820926,0.799534,0.778104,0.811698,0.792299,0.824102,0.797085,0.827806,0.831959,0.833406,0.803350,0.822087,0.803061,0.820364,0.805191,0.844839,0.802773,0.816449,0.793255,0.794232,0.814939,0.808562,0.804456,0.833617,0.788620,0.846351,0.820544,0.815670,0.788626,0.798437,0.806530,0.819344,0.790525,0.782217,0.791069,0.805929,0.804408,0.791748,0.777727,0.800293,0.806983,0.815791,0.830134,0.835166,0.796626,0.801449,0.814919,0.806001,0.798702,0.814308,0.792865,0.806249,0.762000,0.811588,0.784316,0.821455,0.809260,0.791357,0.809241,0.816649,0.818682,0.787982,0.753982,0.812631,0.817663,0.776795,0.841580,0.804881,0.795340,0.800821,0.815972,0.852501,0.831530,0.810804,0.846098,0.817227,0.813669,0.829736,0.844626,0.819031,0.813586,0.814426,0.775965,0.789627,0.810918,0.803404,0.802531,0.790622,0.770085,0.781961,0.753046,0.829679,0.814155,0.792945,0.843989,0.791323,0.794814,0.831023,0.794168,0.837587,0.805710,0.825441,0.816381,0.815680,0.827951,0.822547,0.811863,0.825217,0.805986,0.778915,0.812927,0.781005,0.777946,0.793355,0.826361,0.818341,0.801051,0.847248,0.796416,0.807659,0.863950,0.794394,0.795569,0.779330,0.827961,0.817861,0.837286,0.795906,0.789028,0.805164,0.794833,0.797844,0.807326,0.806337,0.811635,0.778344,0.840009,0.812558,0.801948,0.787887,0.793038,0.804270,0.783282,#
20,0.820422,0.842376,0.809248,0.818911,0.820713,0.816228,0.834340,0.823378,0.822244,0.839092,0.806677,0.799735,0.822793,0.821797,0.800711,0.783790,0.860800,0.826670,0.807726,0.818220,1.000000,0.805579,0.793593,0.834600,0.819146,0.825422,0.818409,0.826507,0.804511,0.826057,0.826541,0.828239,0.821281,0.840407,0.814452,0.840019,0.800619,0.803938,0.818153,0.844575,0.836117,0.827115,0.795426,0.794566,0.837911,0.791592,0.835513,0.816595,0.823563,0.829997,0.798977,0.818513,0.808380,0.824543,0.831908,0.816096,0.791404,0.830016,0.824355,0.798364,0.822096,0.805366,0.831830,0.793382,0.840367,0.827959,0.858912,0.792676,0.834720,0.812486,0.826656,0.812930,0.835622,0.820366,0.810646,0.781840,0.810001,0.835924,0.841318,0.836129,0.836075,0.848192,0.844335,0.831500,0.798743,0.809298,0.824953,0.815436,0.817833,0.846469,0.822297,0.802726,0.816451,0.826829,0.804348,0.808437,0.797841,0.799846,0.826051,0.825269,0.847737,0.806710,0.818035,0.834237,0.806333,0.799496,0.849193,0.817647,0.817041,0.843438,0.808432,0.841060,0.811270,0.771022,0.822108,0.800873,0.800361,0.835397,0.766789,0.768861,0.833411,0.828464,0.794961,0.860668,0.794718,0.816534,0.792465,0.786271,0.819585,0.816351,0.822725,0.824386,0.844933,0.831742,0.828798,0.823220,0.799180,0.834392,0.827438,0.830434,0.805565,0.807082,0.805979,0.821060,0.807064,0.775110,0.815978,0.802743,0.806688,0.818949,0.818046,0.839816,0.808537,0.795699,0.827827,0.793134,0.823401,0.824922,0.833145,0.808769,0.820781,0.827022,0.819768,0.825252,0.838778,0.792508,0.799017,0.805904,0.795419,0.772873,0.831068,0.809100,0.821414,0.815060,0.820969,0.824494,0.794776,0.863751,0.809019,0.816393,0.816443,0.799449,0.821557,0.805337,0.773352,0.822991,0.811993,0.815590,0.795491,0.807730,0.783210,0.809447,0.813502,0.836339,0.820925,0.788296,0.801071,0.832434,0.825419,0.815010,#
21,0.794190,0.865126,0.802218,0.824393,0.810229,0.797648,0.784969,0.798022,0.813425,0.794124,0.783722,0.782481,0.774690,0.786608,0.772199,0.793361,0.783262,0.796698,0.818357,0.791953,0.805579,1.000000,0.805039,0.808438,0.763976,0.768902,0.809870,0.767328,0.803318,0.779468,0.779585,0.787772,0.808497,0.821301,0.798795,0.826948,0.793730,0.806079,0.806086,0.800005,0.799850,0.795761,0.792252,0.779809,0.803638,0.789440,0.808257,0.818860,0.805170,0.791313,0.766257,0.797935,0.788037,0.766548,0.828231,0.803010,0.790118,0.804341,0.839120,0.771154,0.792975,0.799688,0.758456,0.759950,0.830566,0.801276,0.823014,0.785370,0.795288,0.807351,0.792155,0.813399,0.820277,0.812147,0.826960,0.797940,0.787620,0.808522,0.802152,0.806302,0.792391,0.776224,0.830586,0.819955,0.836769,0.796594,0.768790,0.821159,0.814370,0.796957,0.758712,0.742164,0.805847,0.794622,0.796083,0.785330,0.798221,0.771791,0.791819,0.811025,0.805643,0.804311,0.764740,0.794351,0.764947,0.824994,0.771128,0.799703,0.787883,0.812759,0.818517,0.779570,0.799891,0.803803,0.748459,0.756263,0.790717,0.826692,0.783563,0.773472,0.799031,0.801319,0.763395,0.801404,0.775689,0.740930,0.801532,0.797811,0.796845,0.808513,0.809921,0.826051,0.783959,0.788845,0.830997,0.781118,0.767278,0.764009,0.785585,0.800351,0.790813,0.805219,0.759751,0.792836,0.773103,0.779799,0.773029,0.749150,0.772148,0.787739,0.782744,0.832019,0.774370,0.783656,0.797378,0.788187,0.815648,0.787032,0.777635,0.785644,0.800135,0.819243,0.803570,0.804580,0.811257,0.781631,0.811554,0.776610,0.731025,0.784317,0.820298,0.782368,0.790892,0.777554,0.797506,0.798698,0.743694,0.816388,0.791395,0.785883,0.776758,0.809857,0.795203,0.789991,0.765779,0.816946,0.794510,0.745067,0.757457,0.797777,0.783465,0.783611,0.778659,0.781307,0.792896,0.760892,0.789947,0.813102,0.755469,0.820534,#
