0,1.000000,0.358405,0.402382,0.312799,0.389561,0.388307,0.303298,0.271525,0.331940,0.358025,0.407825,0.354313,0.316498,0.309151,0.418615,0.355523,0.351976,0.488037,0.373305,0.346122,0.451374,0.446073,0.344518,0.442538,0.371823,0.316480,0.378712,0.387581,0.453910,0.369887,0.270285,0.289133,0.381729,0.326815,0.250308,0.372317,0.380087,0.367867,0.431258,0.436659,0.320203,0.392411,0.254642,0.339193,0.304953,0.387866,0.460567,0.399784,0.392178,0.418434,0.466829,0.282594,0.337227,0.283441,0.411322,0.349935,0.388863,0.391683,0.348402,0.304061,0.359166,0.298588,0.428107,0.345380,0.388298,0.307875,0.344122,0.378716,0.412391,0.348071,0.494906,0.394810,0.431563,0.401993,0.316936,0.257681,0.266919,0.410264,0.387616,0.286710,0.409153,0.372623,0.417276,0.388488,0.408324,0.332568,0.405414,0.330170,0.487282,0.334385,0.389385,0.317399,0.334267,0.379716,0.422082,0.369396,0.393342,0.344779,0.335021,0.357410,0.407183,0.424135,0.327037,0.370301,0.337043,0.373387,0.401002,0.349650,0.328095,0.273463,0.273828,0.405148,0.347796,0.400581,0.306982,0.402510,0.444253,0.274809,0.419723,0.376360,0.446019,0.330879,0.330811,0.331585,0.341217,0.460352,0.286747,0.275504,0.347684,0.450411,0.417552,0.459846,0.367273,0.335060,0.360855,0.276951,0.444823,0.343911,0.364102,0.489944,0.355655,0.334389,0.361905,0.307201,0.403021,0.394130,0.330329,0.197032,0.384442,0.367467,0.360959,0.301277,0.384374,0.312576,0.343181,0.292512,0.214942,0.269199,0.379513,0.444331,0.366753,0.388542,0.209648,0.344585,0.455382,0.203795,0.220137,0.324535,0.383904,0.292969,0.435210,0.180721,0.424948,0.473338,0.274044,0.367445,0.421121,0.366448,0.404010,0.324374,0.331803,0.438245,0.274817,0.279006,0.281174,0.414462,0.420666,0.505878,0.438401,0.230734,0.323878,0.427656,0.220604,0.249652,0.390407,0.247859,0.285351,0.311909,0.434811,0.391746,#
1,0.358405,1.000000,0.318885,0.354130,0.426222,0.357405,0.403191,0.329672,0.291170,0.279753,0.426191,0.381037,0.337094,0.412207,0.298579,0.248189,0.236673,0.385920,0.373323,0.330293,0.334393,0.436213,0.239363,0.369339,0.390826,0.393925,0.448350,0.452511,0.321700,0.285685,0.357264,0.342878,0.382062,0.327824,0.214453,0.304352,0.328244,0.377843,0.400666,0.310534,0.308718,0.325189,0.380068,0.348303,0.341802,0.364062,0.473639,0.422900,0.299059,0.285451,0.481877,0.180861,0.441304,0.347172,0.344415,0.338300,0.385561,0.397982,0.387952,0.350265,0.331278,0.350685,0.396579,0.369358,0.318629,0.350591,0.240813,0.398809,0.398562,0.345845,0.397507,0.341118,0.444720,0.305331,0.376642,0.177897,0.325980,0.346897,0.438294,0.351426,0.375409,0.423557,0.392690,0.422941,0.327836,0.160843,0.418677,0.342240,0.424512,0.403651,0.396284,0.397032,0.276188,0.365882,0.288228,0.338713,0.294248,0.293024,0.245542,0.244019,0.356735,0.349144,0.379848,0.360858,0.328976,0.340114,0.393191,0.415338,0.284193,0.385015,0.432733,0.339241,0.295513,0.397720,0.360847,0.436102,0.426328,0.239126,0.410846,0.361837,0.285684,0.389418,0.372427,0.368519,0.358269,0.383586,0.331261,0.324092,0.288751,0.352402,0.365561,0.395247,0.249890,0.359471,0.451764,0.374571,0.354437,0.363056,0.377794,0.435528,0.416251,0.231263,0.258321,0.284418,0.422375,0.309347,0.322045,0.140538,0.348036,0.329791,0.330656,0.316514,0.296494,0.213626,0.371787,0.309581,0.300572,0.312783,0.258513,0.194681,0.227150,0.418198,0.289173,0.374477,0.395361,0.313156,0.227463,0.353282,0.357044,0.415135,0.401331,0.332036,0.310152,0.333127,0.337043,0.288589,0.219430,0.388031,0.384463,0.292432,0.310512,0.328983,0.324855,0.296241,0.343806,0.402628,0.303658,0.443844,0.329367,0.327645,0.452037,0.351437,0.184584,0.292680,0.356801,0.364517,0.215667,0.302363,0.253785,0.351228,#
2,0.402382,0.318885,1.000000,0.389962,0.273947,0.351575,0.343447,0.325209,0.169847,0.238864,0.253149,0.399114,0.347903,0.369714,0.312677,0.345151,0.299703,0.352110,0.403472,0.342775,0.379852,0.447707,0.308208,0.401238,0.393271,0.380753,0.406678,0.329386,0.326273,0.291355,0.279910,0.319330,0.334696,0.217522,0.196111,0.360699,0.357058,0.318450,0.330433,0.292050,0.393432,0.372360,0.300662,0.225478,0.280490,0.424669,0.362449,0.391250,0.278915,0.334792,0.396477,0.359790,0.378989,0.302829,0.256200,0.338036,0.234347,0.384071,0.297068,0.320851,0.257739,0.341384,0.315773,0.397496,0.445265,0.387498,0.348217,0.296110,0.366932,0.403937,0.307308,0.266314,0.286731,0.345933,0.361505,0.350056,0.248880,0.401110,0.340627,0.365968,0.448161,0.219955,0.290347,0.357103,0.294914,0.297109,0.437709,0.362809,0.304489,0.354512,0.291690,0.309036,0.331437,0.309220,0.324517,0.334402,0.406518,0.279133,0.365475,0.272976,0.405754,0.364457,0.323315,0.340479,0.369464,0.318842,0.314364,0.327791,0.269145,0.341819,0.369147,0.370131,0.308185,0.313965,0.247580,0.395623,0.317676,0.315034,0.202235,0.248306,0.352722,0.352019,0.304957,0.268323,0.349605,0.305204,0.318654,0.313368,0.304724,0.337054,0.302329,0.396320,0.294224,0.254545,0.373450,0.359493,0.365837,0.367014,0.235226,0.262086,0.209858,0.262020,0.360120,0.236753,0.491472,0.281636,0.229285,0.188028,0.396397,0.277556,0.356767,0.374754,0.337143,0.320814,0.225552,0.213727,0.214532,0.270554,0.352078,0.319409,0.414712,0.416719,0.283345,0.420476,0.348069,0.183543,0.326580,0.345152,0.251591,0.302917,0.275395,0.383522,0.288270,0.334293,0.399334,0.304477,0.493007,0.349208,0.346008,0.338134,0.351991,0.300694,0.184146,0.343161,0.214789,0.402378,0.313347,0.349656,0.378820,0.136753,0.314016,0.365130,0.399881,0.219694,0.342720,0.211477,0.290978,0.240628,0.438097,0.364842,#
3,0.312799,0.354130,0.389962,1.000000,0.387830,0.300197,0.323937,0.313065,0.286048,0.317835,0.340353,0.342666,0.285246,0.313290,0.319479,0.267037,0.239752,0.392490,0.350055,0.368981,0.323510,0.354498,0.302733,0.456564,0.393765,0.343945,0.342499,0.274270,0.360180,0.282607,0.360954,0.388866,0.402298,0.433802,0.127153,0.337407,0.394698,0.447250,0.455949,0.258296,0.376283,0.405837,0.364199,0.339368,0.281134,0.480786,0.440006,0.394897,0.271989,0.363695,0.439506,0.305087,0.344982,0.249508,0.211352,0.422410,0.305831,0.345868,0.319574,0.396596,0.278900,0.278387,0.314285,0.385951,0.393699,0.408969,0.254961,0.379402,0.332500,0.367260,0.387278,0.246880,0.330162,0.357145,0.366273,0.365232,0.253127,0.430445,0.387951,0.322915,0.407294,0.389997,0.383915,0.375569,0.378017,0.280573,0.376770,0.246393,0.415799,0.417519,0.343527,0.376536,0.321259,0.398879,0.255773,0.322790,0.378173,0.204768,0.411142,0.268665,0.402228,0.321664,0.413045,0.338977,0.419424,0.325439,0.361574,0.336499,0.250840,0.259301,0.325794,0.366439,0.307819,0.378947,0.254501,0.307937,0.397912,0.280483,0.326967,0.328877,0.394317,0.313994,0.339310,0.409589,0.354520,0.324706,0.316510,0.291970,0.247914,0.419416,0.364372,0.392121,0.399669,0.407270,0.371746,0.357323,0.316456,0.290946,0.401186,0.360816,0.368106,0.280528,0.370592,0.280865,0.408376,0.281810,0.376577,0.316142,0.355892,0.350368,0.313092,0.291112,0.256494,0.323275,0.326719,0.247194,0.262634,0.349938,0.224130,0.410651,0.429482,0.362622,0.379261,0.513124,0.384957,0.265132,0.319672,0.290794,0.263348,0.366125,0.373616,0.282434,0.281991,0.295802,0.288763,0.296330,0.320127,0.317264,0.318209,0.281256,0.299560,0.444326,0.420564,0.317293,0.180276,0.364219,0.293242,0.409220,0.284034,0.213366,0.334134,0.392934,0.347168,0.255701,0.268491,0.355792,0.329488,0.314924,0.373481,0.327236,#
4,0.389561,0.426222,0.273947,0.387830,1.000000,0.311757,0.332797,0.277919,0.338771,0.316611,0.333975,0.197258,0.349151,0.322433,0.271258,0.297294,0.192347,0.355648,0.394967,0.445836,0.361386,0.323319,0.323882,0.414177,0.293214,0.376052,0.282791,0.339850,0.369771,0.198167,0.230294,0.239508,0.388355,0.229631,0.240566,0.307449,0.320921,0.375858,0.265154,0.291632,0.383797,0.456838,0.266264,0.241417,0.418520,0.337938,0.449478,0.380718,0.291890,0.431736,0.364057,0.220319,0.318971,0.307119,0.316135,0.352594,0.325229,0.334064,0.346648,0.311061,0.331994,0.293131,0.278468,0.277617,0.321704,0.223689,0.342897,0.296566,0.285198,0.296943,0.353022,0.349499,0.311931,0.285503,0.306941,0.110925,0.237312,0.378160,0.303464,0.232991,0.443397,0.415337,0.285281,0.320015,0.410747,0.260340,0.298207,0.270727,0.389693,0.429087,0.395153,0.315538,0.195077,0.348568,0.193233,0.444916,0.289809,0.386144,0.345539,0.238720,0.321729,0.234467,0.364882,0.348665,0.360317,0.243560,0.240658,0.327292,0.265218,0.344120,0.419271,0.330057,0.394219,0.502619,0.341097,0.215545,0.336162,0.115520,0.364790,0.223488,0.335180,0.360061,0.349081,0.252695,0.396428,0.328735,0.328561,0.307796,0.177369,0.270456,0.347014,0.333203,0.309827,0.298252,0.414866,0.325491,0.336828,0.227245,0.259155,0.351472,0.356652,0.143837,0.294839,0.293854,0.353321,0.318127,0.295342,0.221867,0.299867,0.371241,0.322743,0.325975,0.328039,0.379994,0.218461,0.205563,0.394583,0.289823,0.238023,0.344156,0.300660,0.266508,0.212239,0.399815,0.280459,0.354992,0.207910,0.201066,0.262025,0.301516,0.353837,0.195313,0.280577,0.323197,0.342757,0.267564,0.357116,0.282310,0.361223,0.257045,0.191697,0.250388,0.308631,0.284790,0.281695,0.311467,0.253447,0.447531,0.338212,0.250646,0.356295,0.351107,0.255838,0.184119,0.232229,0.337397,0.325678,0.418481,0.299503,0.315425,#
5,0.388307,0.357405,0.351575,0.300197,0.311757,1.000000,0.251098,0.315200,0.280582,0.419798,0.329523,0.303000,0.354582,0.261861,0.377691,0.299900,0.311840,0.406018,0.338639,0.255839,0.404434,0.386586,0.308100,0.479507,0.324215,0.326589,0.354687,0.374273,0.400463,0.296704,0.224219,0.375016,0.408751,0.280461,0.242239,0.287428,0.436740,0.305848,0.377654,0.380989,0.388059,0.400542,0.158411,0.345661,0.251359,0.390046,0.357988,0.256181,0.371678,0.386676,0.398197,0.304534,0.312200,0.200338,0.323506,0.340084,0.219345,0.418999,0.363157,0.309474,0.314633,0.344209,0.365157,0.337325,0.381185,0.338184,0.366159,0.364262,0.338260,0.299205,0.415008,0.319422,0.387959,0.462722,0.290258,0.225364,0.321953,0.308935,0.331500,0.354535,0.360463,0.372011,0.433471,0.229777,0.306519,0.343148,0.286166,0.268967,0.364317,0.329471,0.306852,0.401943,0.277148,0.363887,0.278159,0.360690,0.300551,0.212724,0.334935,0.155814,0.390342,0.392596,0.347628,0.335007,0.308185,0.306270,0.247410,0.360302,0.269756,0.266660,0.426228,0.314137,0.379512,0.331726,0.312342,0.304514,0.397540,0.345693,0.324193,0.347784,0.231412,0.368502,0.303407,0.305127,0.358433,0.308386,0.164626,0.203745,0.456649,0.458721,0.346264,0.411179,0.305928,0.318986,0.488778,0.331097,0.286085,0.292698,0.257213,0.295230,0.345937,0.287525,0.282703,0.335673,0.364719,0.272338,0.280999,0.258606,0.226707,0.317846,0.375021,0.256689,0.351946,0.428955,0.260084,0.309552,0.314588,0.268648,0.443056,0.270268,0.350120,0.312183,0.319562,0.317980,0.331893,0.107488,0.228687,0.337004,0.391550,0.406029,0.340867,0.297873,0.383126,0.330679,0.219894,0.329865,0.325513,0.296026,0.403178,0.279334,0.314270,0.375940,0.352512,0.267691,0.275331,0.438935,0.379986,0.334253,0.324351,0.262636,0.379890,0.333001,0.301800,0.295285,0.393335,0.294197,0.252570,0.392845,0.295921,0.429191,#
6,0.303298,0.403191,0.343447,0.323937,0.332797,0.251098,1.000000,0.294016,0.231504,0.249306,0.311491,0.224392,0.200018,0.312824,0.223244,0.264981,0.267773,0.292572,0.323625,0.306165,0.309955,0.336979,0.213190,0.277790,0.263749,0.242415,0.264850,0.335147,0.319494,0.221587,0.188999,0.315382,0.287305,0.226154,0.090403,0.164087,0.213452,0.289231,0.329336,0.239413,0.302117,0.268365,0.198613,0.359968,0.202269,0.275791,0.378586,0.409383,0.253147,0.354918,0.270921,0.242235,0.371297,0.275005,0.156593,0.305462,0.256487,0.346809,0.357045,0.385782,0.220926,0.263743,0.248613,0.302578,0.252176,0.456379,0.266638,0.333210,0.295073,0.266831,0.304344,0.287113,0.328408,0.240459,0.339783,0.235630,0.280460,0.314477,0.301871,0.266268,0.334990,0.338655,0.375905,0.309408,0.276177,0.281649,0.264142,0.351986,0.350125,0.335415,0.365820,0.256165,0.181242,0.362532,0.225319,0.378809,0.290985,0.228469,0.366331,0.273359,0.351217,0.393153,0.224945,0.247694,0.169102,0.415573,0.258832,0.229034,0.291337,0.275675,0.308796,0.256303,0.302639,0.260772,0.274426,0.319150,0.355829,0.232273,0.353350,0.261653,0.269438,0.362864,0.211614,0.219307,0.293536,0.215043,0.189977,0.334154,0.140803,0.339809,0.256915,0.235227,0.297780,0.172855,0.398450,0.315401,0.242559,0.352131,0.290650,0.286295,0.191245,0.148508,0.158722,0.354597,0.199725,0.256422,0.254170,0.116589,0.272052,0.198302,0.345413,0.207773,0.303785,0.242675,0.273499,0.218980,0.186201,0.251013,0.272799,0.228490,0.213664,0.301122,0.286156,0.358936,0.333137,0.239839,0.179464,0.242689,0.308088,0.382330,0.178726,0.222726,0.280200,0.266323,0.290689,0.282141,0.246311,0.301795,0.351083,0.152952,0.095677,0.182959,0.245741,0.327115,0.273779,0.304730,0.274702,0.302687,0.330613,0.289341,0.280089,0.296744,0.289096,0.268005,0.177732,0.261822,0.257515,0.257969,0.231129,0.342734,#
7,0.271525,0.329672,0.325209,0.313065,0.277919,0.315200,0.294016,1.000000,0.200933,0.378930,0.338645,0.437343,0.248971,0.344660,0.275758,0.318417,0.247432,0.472716,0.329256,0.378646,0.352955,0.356921,0.403178,0.321049,0.414643,0.273315,0.355640,0.457318,0.337719,0.248226,0.362420,0.341769,0.444477,0.250501,0.211999,0.343500,0.266315,0.277592,0.378489,0.323972,0.315162,0.330008,0.352098,0.265310,0.338369,0.439420,0.295465,0.368328,0.395564,0.359571,0.432673,0.229198,0.301760,0.353656,0.362169,0.327988,0.339420,0.436815,0.341441,0.335488,0.319606,0.240182,0.327119,0.352448,0.431599,0.330581,0.328006,0.365529,0.311701,0.444730,0.380367,0.257935,0.432316,0.426735,0.304687,0.276922,0.294194,0.375043,0.365502,0.467503,0.397110,0.378482,0.435859,0.378842,0.297969,0.302907,0.426749,0.255282,0.383045,0.427330,0.376438,0.325329,0.338721,0.319105,0.226566,0.368654,0.310827,0.264590,0.254779,0.198845,0.403886,0.309764,0.358138,0.318843,0.244536,0.412333,0.393137,0.304606,0.345445,0.275788,0.303454,0.295874,0.254958,0.368055,0.390065,0.374422,0.285342,0.271627,0.325199,0.375632,0.353473,0.390355,0.258092,0.386623,0.445912,0.336866,0.316042,0.371812,0.247338,0.341573,0.285412,0.371839,0.340198,0.307982,0.503570,0.327395,0.234131,0.475334,0.338558,0.419921,0.432848,0.383605,0.155317,0.286659,0.352194,0.289437,0.360910,0.236537,0.299630,0.258159,0.395271,0.442025,0.259887,0.256866,0.220545,0.379327,0.366056,0.346872,0.326923,0.355368,0.302229,0.357486,0.314676,0.386231,0.332982,0.253608,0.402260,0.300762,0.410377,0.364936,0.353111,0.299248,0.312648,0.271858,0.284217,0.245589,0.298876,0.351440,0.212143,0.380807,0.290620,0.390056,0.266603,0.334560,0.110905,0.389391,0.336821,0.377806,0.282350,0.397029,0.380488,0.339312,0.297688,0.332025,0.194434,0.335364,0.310014,0.350706,0.372953,0.352369,#
8,0.331940,0.291170,0.169847,0.286048,0.338771,0.280582,0.231504,0.200933,1.000000,0.250814,0.361592,0.280992,0.285774,0.240535,0.356894,0.247330,0.189022,0.221370,0.206656,0.287445,0.289855,0.208143,0.169474,0.334451,0.232006,0.217826,0.162892,0.328248,0.172775,0.283216,0.072987,0.270052,0.223034,0.254851,0.155568,0.254742,0.283762,0.241249,0.281063,0.335255,0.264413,0.234464,0.090439,0.260010,0.374063,0.340462,0.268930,0.278411,0.172839,0.221301,0.188682,0.315941,0.219886,0.359959,0.217628,0.296457,0.204591,0.275297,0.239600,0.303968,0.268174,0.121301,0.349500,0.232768,0.327757,0.309855,0.259286,0.246155,0.376312,0.254902,0.201539,0.283437,0.281488,0.202794,0.219771,0.166038,0.182473,0.251476,0.275325,0.123808,0.282114,0.287551,0.317654,0.201670,0.335531,0.214080,0.269925,0.181769,0.329628,0.264073,0.299069,0.309250,0.248939,0.221100,0.308204,0.417263,0.292958,0.190276,0.245908,0.157381,0.292049,0.158217,0.250812,0.206019,0.275750,0.147604,0.345387,0.230085,0.109469,0.278499,0.178897,0.228997,0.163174,0.320004,0.183251,0.301005,0.321176,0.193592,0.165536,0.344735,0.311049,0.194527,0.227968,0.214198,0.267377,0.294090,0.109387,0.323959,0.143806,0.301260,0.274477,0.232045,0.195992,0.213489,0.345612,0.279528,0.226360,0.314759,0.307603,0.283864,0.273666,0.228449,0.314223,0.162427,0.232801,0.185248,0.279767,0.281401,0.205086,0.265912,0.281635,0.205066,0.270840,0.266810,0.312409,0.297179,0.226835,0.206850,0.247506,0.300259,0.143331,0.239595,0.105690,0.324778,0.238980,0.156374,0.233985,0.199692,0.224578,0.260095,0.322354,0.044056,0.158951,0.339613,0.236207,0.239333,0.189054,0.267776,0.287718,0.223815,0.209747,0.234564,0.104328,0.207473,0.217863,0.257263,0.157002,0.210135,0.319049,0.204610,0.262309,0.292218,0.231828,0.196777,0.227175,0.212284,0.248579,0.072802,0.201308,0.208810,#
9,0.358025,0.279753,0.238864,0.317835,0.316611,0.419798,0.249306,0.378930,0.250814,1.000000,0.414891,0.278228,0.248015,0.300442,0.326640,0.362369,0.257027,0.316178,0.222199,0.421483,0.278786,0.301445,0.313014,0.351947,0.268746,0.303870,0.364988,0.428171,0.348918,0.227421,0.394715,0.342767,0.275261,0.338495,0.279708,0.324946,0.206052,0.379376,0.349840,0.278959,0.373892,0.407206,0.248111,0.168486,0.306113,0.456189,0.336433,0.370901,0.264006,0.293035,0.410037,0.327973,0.299318,0.278958,0.257321,0.395439,0.376868,0.349665,0.315412,0.293445,0.265983,0.325050,0.430649,0.347377,0.359559,0.364396,0.202074,0.372803,0.372712,0.239910,0.349989,0.369214,0.303124,0.365288,0.330914,0.245865,0.292500,0.291570,0.441628,0.365506,0.332003,0.373705,0.370567,0.293707,0.388287,0.378015,0.452110,0.237533,0.290969,0.305156,0.289397,0.424971,0.282724,0.335450,0.308298,0.380137,0.415404,0.273590,0.290271,0.212513,0.388350,0.376087,0.408295,0.248130,0.395485,0.319114,0.345356,0.308595,0.325696,0.270657,0.255917,0.279916,0.280371,0.413426,0.251173,0.365707,0.343625,0.385943,0.464900,0.290620,0.395570,0.410054,0.285330,0.362939,0.402694,0.382605,0.119125,0.352981,0.229352,0.350705,0.334313,0.355219,0.257168,0.374121,0.445544,0.310669,0.351544,0.383403,0.289258,0.288759,0.256636,0.294985,0.275390,0.213143,0.328235,0.176849,0.355532,0.271877,0.252170,0.433755,0.348488,0.271217,0.461380,0.373110,0.292708,0.348167,0.335439,0.347790,0.413281,0.291935,0.336744,0.268328,0.162786,0.465702,0.321875,0.278620,0.300958,0.296411,0.474084,0.335318,0.290045,0.309917,0.355254,0.343751,0.217838,0.275508,0.313171,0.189650,0.251227,0.369625,0.230717,0.381265,0.381236,0.332226,0.221512,0.371445,0.348960,0.414233,0.421715,0.249573,0.361745,0.389373,0.202881,0.309320,0.250021,0.338966,0.249678,0.208874,0.309170,0.385014,#
10,0.407825,0.426191,0.253149,0.340353,0.333975,0.329523,0.311491,0.338645,0.361592,0.414891,1.000000,0.230660,0.237472,0.363245,0.324884,0.283186,0.282164,0.364830,0.435793,0.361972,0.289944,0.310123,0.236381,0.307772,0.255958,0.234015,0.371901,0.406297,0.333197,0.314501,0.332465,0.326226,0.324870,0.263338,0.244529,0.331951,0.225016,0.346088,0.429120,0.310685,0.245925,0.273325,0.283717,0.202306,0.241108,0.396111,0.339921,0.408176,0.338562,0.374072,0.331961,0.287232,0.288521,0.305845,0.269959,0.335790,0.276424,0.345067,0.300592,0.287340,0.289324,0.330689,0.334170,0.416963,0.394303,0.375451,0.298715,0.322413,0.341540,0.284802,0.355452,0.313017,0.317493,0.310134,0.287607,0.315533,0.333930,0.259109,0.336482,0.231795,0.317268,0.339948,0.375033,0.358939,0.382877,0.252555,0.433723,0.240743,0.361376,0.320723,0.259909,0.287280,0.356908,0.280685,0.253256,0.377164,0.411852,0.176353,0.312375,0.283444,0.339074,0.324988,0.318596,0.298463,0.338153,0.259178,0.363810,0.336227,0.238359,0.294167,0.245653,0.326988,0.260941,0.371830,0.379018,0.427642,0.355181,0.167008,0.291715,0.265298,0.298908,0.291102,0.301312,0.324366,0.382479,0.303813,0.165008,0.326431,0.224592,0.432439,0.396968,0.340632,0.270449,0.258980,0.414201,0.316594,0.289808,0.382474,0.226499,0.399374,0.373806,0.225779,0.373208,0.221891,0.301960,0.240313,0.183831,0.235094,0.239851,0.363591,0.316682,0.359525,0.366096,0.319312,0.378354,0.322632,0.346867,0.211780,0.344086,0.358939,0.285487,0.265805,0.338594,0.423047,0.307876,0.215101,0.268808,0.236227,0.280836,0.356872,0.297352,0.238081,0.336010,0.325687,0.300469,0.172283,0.251854,0.314406,0.360311,0.377419,0.354726,0.316876,0.380055,0.281246,0.265878,0.352881,0.255998,0.320033,0.326247,0.292356,0.376806,0.330939,0.244199,0.242582,0.322096,0.362807,0.241716,0.317702,0.372248,0.410360,#
11,0.354313,0.381037,0.399114,0.342666,0.197258,0.303000,0.224392,0.437343,0.280992,0.278228,0.230660,1.000000,0.365647,0.302978,0.184017,0.327133,0.302657,0.409677,0.300211,0.136576,0.296155,0.363784,0.249206,0.371760,0.430137,0.370806,0.272706,0.455402,0.174868,0.335454,0.351618,0.367832,0.321255,0.262586,0.203361,0.240827,0.356782,0.302449,0.287820,0.305498,0.345267,0.395633,0.338834,0.425952,0.224845,0.434917,0.293827,0.391799,0.322401,0.220118,0.436228,0.277652,0.286038,0.374220,0.224160,0.276225,0.405764,0.357907,0.362636,0.291999,0.254553,0.319539,0.414736,0.387004,0.410929,0.377042,0.345628,0.371979,0.369142,0.348362,0.272170,0.214555,0.372883,0.330533,0.351681,0.296530,0.255989,0.279401,0.436694,0.315985,0.402378,0.231443,0.365520,0.398944,0.379674,0.259342,0.441459,0.275676,0.368302,0.303578,0.388423,0.359285,0.359389,0.479894,0.277772,0.306818,0.265178,0.267563,0.317552,0.350043,0.412379,0.357555,0.342941,0.255917,0.302437,0.398995,0.368654,0.309568,0.309647,0.359760,0.317350,0.288203,0.333931,0.349685,0.169136,0.553526,0.370111,0.207473,0.343468,0.326552,0.300121,0.369148,0.380245,0.316775,0.358691,0.310114,0.333205,0.406640,0.337023,0.338454,0.274166,0.482206,0.261453,0.329336,0.365878,0.312862,0.220936,0.396868,0.247935,0.404283,0.274965,0.290358,0.284775,0.332963,0.357910,0.263315,0.378846,0.226352,0.317245,0.279156,0.292969,0.413268,0.315152,0.293655,0.301267,0.254756,0.268845,0.216077,0.286598,0.338886,0.303226,0.301017,0.200707,0.331920,0.427904,0.202747,0.386288,0.335979,0.432932,0.322164,0.350823,0.200859,0.290759,0.289439,0.282579,0.377349,0.403869,0.270315,0.243501,0.233892,0.390255,0.329650,0.238882,0.292922,0.124658,0.417367,0.331917,0.339493,0.331643,0.281361,0.220619,0.300245,0.353486,0.145759,0.290696,0.277599,0.314792,0.221461,0.269831,0.332977,#
12,0.316498,0.337094,0.347903,0.285246,0.349151,0.354582,0.200018,0.248971,0.285774,0.248015,0.237472,0.365647,1.000000,0.257473,0.357136,0.332324,0.302498,0.321192,0.377373,0.395170,0.360345,0.272681,0.270382,0.396535,0.348286,0.294539,0.260414,0.406119,0.364713,0.355795,0.188947,0.402723,0.349279,0.314898,0.257452,0.317348,0.379195,0.283319,0.335379,0.301437,0.428556,0.342290,0.349026,0.342012,0.326371,0.453537,0.317629,0.274377,0.349407,0.279186,0.408548,0.259518,0.272107,0.320634,0.298962,0.299188,0.291074,0.379361,0.365369,0.311972,0.309761,0.355397,0.317277,0.329909,0.403052,0.325251,0.322052,0.305701,0.335043,0.231475,0.254133,0.345067,0.257232,0.293287,0.392533,0.311341,0.248252,0.294679,0.295225,0.263797,0.368748,0.284253,0.344321,0.330006,0.372770,0.377523,0.341335,0.317372,0.405497,0.364419,0.386231,0.364494,0.249266,0.394788,0.321362,0.267481,0.405878,0.307599,0.265815,0.165032,0.387637,0.366390,0.321802,0.257541,0.402987,0.320815,0.332528,0.245538,0.242165,0.378295,0.347441,0.215471,0.345461,0.399811,0.225585,0.344852,0.358362,0.331526,0.317970,0.329027,0.298314,0.371590,0.389322,0.332438,0.302887,0.275415,0.295098,0.293432,0.284353,0.246106,0.310498,0.384888,0.265677,0.258584,0.306615,0.300790,0.355856,0.328637,0.288618,0.352764,0.417733,0.294576,0.217339,0.242397,0.228188,0.288176,0.331544,0.254364,0.314979,0.281411,0.324271,0.468303,0.256310,0.326579,0.298346,0.237974,0.279748,0.119956,0.271704,0.242698,0.319096,0.355037,0.239165,0.415498,0.333983,0.258325,0.318685,0.203150,0.346255,0.390040,0.258549,0.234961,0.334634,0.362427,0.346094,0.214563,0.362600,0.410021,0.211672,0.329370,0.337201,0.322293,0.375934,0.339795,0.274569,0.372019,0.300446,0.404228,0.312732,0.174596,0.367881,0.405282,0.295345,0.258373,0.209032,0.309483,0.329215,0.248870,0.376540,0.330184,#
13,0.309151,0.412207,0.369714,0.313290,0.322433,0.261861,0.312824,0.344660,0.240535,0.300442,0.363245,0.302978,0.257473,1.000000,0.390153,0.358664,0.303006,0.292404,0.345112,0.405534,0.314087,0.340999,0.233143,0.296539,0.402142,0.418685,0.432107,0.382714,0.316028,0.219579,0.324747,0.338892,0.347652,0.276888,0.241207,0.329976,0.295310,0.352309,0.276677,0.294872,0.302054,0.327314,0.341238,0.251106,0.315621,0.366022,0.436691,0.363180,0.347499,0.306646,0.403640,0.277858,0.367251,0.313589,0.314237,0.444482,0.294743,0.376389,0.360015,0.398847,0.373468,0.323870,0.443097,0.365361,0.323640,0.328838,0.478768,0.366986,0.486387,0.366432,0.255242,0.318847,0.396078,0.263584,0.402127,0.234849,0.350672,0.415610,0.448292,0.302008,0.361103,0.468456,0.366010,0.481467,0.478178,0.281831,0.465107,0.348711,0.384562,0.411923,0.352456,0.342377,0.337280,0.389745,0.300043,0.346315,0.362513,0.199289,0.229079,0.315503,0.460971,0.380773,0.349503,0.351819,0.331610,0.406861,0.371930,0.324005,0.334838,0.344985,0.303097,0.288529,0.430546,0.417577,0.330725,0.362634,0.419242,0.301554,0.294486,0.327811,0.400867,0.435458,0.288704,0.383777,0.386490,0.312723,0.269723,0.286395,0.429580,0.349735,0.323487,0.313068,0.304663,0.296776,0.458327,0.323811,0.362519,0.403683,0.436464,0.382185,0.304653,0.279506,0.350613,0.323087,0.410548,0.420570,0.283656,0.265917,0.141727,0.347886,0.397463,0.300524,0.360145,0.394400,0.400721,0.308521,0.231101,0.333234,0.355564,0.316928,0.244245,0.457502,0.221766,0.444448,0.337228,0.310979,0.263852,0.288288,0.397362,0.383991,0.378246,0.404139,0.365613,0.300121,0.326563,0.349270,0.311813,0.302513,0.375538,0.227117,0.322563,0.311995,0.305748,0.401939,0.236137,0.428924,0.351241,0.447812,0.369080,0.374246,0.273764,0.407982,0.345724,0.275417,0.264074,0.324210,0.295592,0.315742,0.393461,0.362978,#
14,0.418615,0.298579,0.312677,0.319479,0.271258,0.377691,0.223244,0.275758,0.356894,0.326640,0.324884,0.184017,0.357136,0.390153,1.000000,0.396712,0.279564,0.369138,0.353906,0.439711,0.330133,0.237795,0.328397,0.452317,0.300166,0.293115,0.403114,0.323396,0.364035,0.268046,0.194433,0.294597,0.288078,0.219498,0.259317,0.381717,0.345568,0.395186,0.378670,0.411024,0.408823,0.344890,0.363805,0.253085,0.337767,0.478955,0.438438,0.319510,0.307821,0.256421,0.467275,0.270348,0.321179,0.314300,0.432355,0.365082,0.345104,0.328824,0.272077,0.318691,0.387844,0.401122,0.303396,0.346315,0.385049,0.313249,0.354984,0.376095,0.372207,0.323747,0.292622,0.343532,0.245143,0.425948,0.250105,0.219262,0.219507,0.383862,0.331076,0.310187,0.397143,0.259035,0.404844,0.397677,0.365884,0.361984,0.245954,0.270221,0.363074,0.330628,0.403975,0.338767,0.328000,0.371181,0.361148,0.243618,0.373299,0.282788,0.290082,0.223488,0.323487,0.370892,0.339196,0.345936,0.291955,0.310877,0.440800,0.426137,0.294485,0.365332,0.190330,0.214195,0.366226,0.303344,0.290273,0.352336,0.284826,0.369949,0.331406,0.327273,0.400009,0.378514,0.256503,0.311356,0.350841,0.282112,0.216153,0.259483,0.206936,0.392340,0.232732,0.401465,0.339215,0.192170,0.283321,0.304639,0.330371,0.357928,0.308675,0.308931,0.442925,0.366226,0.347976,0.238430,0.291521,0.287752,0.296715,0.181185,0.180257,0.290628,0.385587,0.255446,0.229406,0.357947,0.303248,0.213416,0.302680,0.270717,0.324343,0.227429,0.273139,0.364412,0.236003,0.313148,0.380941,0.191353,0.305507,0.283151,0.270316,0.339701,0.421759,0.300231,0.347832,0.355596,0.361047,0.215475,0.407141,0.357086,0.385685,0.386864,0.310443,0.412791,0.315797,0.336852,0.311844,0.362620,0.318980,0.301167,0.279192,0.264535,0.324611,0.350746,0.286375,0.386430,0.259865,0.193067,0.169302,0.264165,0.369309,0.364605,#
15,0.355523,0.248189,0.345151,0.267037,0.297294,0.299900,0.264981,0.318417,0.247330,0.362369,0.283186,0.327133,0.332324,0.358664,0.396712,1.000000,0.339106,0.434791,0.382853,0.317604,0.261232,0.317859,0.270663,0.419215,0.374923,0.373621,0.358225,0.389633,0.389175,0.231999,0.305535,0.368042,0.296265,0.358886,0.190978,0.274813,0.318529,0.359835,0.381823,0.320551,0.430167,0.361373,0.317995,0.283594,0.427332,0.389879,0.288042,0.356625,0.212769,0.327399,0.392390,0.240222,0.378364,0.314446,0.313117,0.268094,0.304713,0.397090,0.349394,0.401476,0.264705,0.272221,0.344413,0.277460,0.314579,0.338361,0.381784,0.422002,0.370693,0.264317,0.285584,0.401848,0.307246,0.294830,0.353890,0.288520,0.216222,0.426820,0.335096,0.285083,0.509224,0.251372,0.314184,0.428336,0.345544,0.299928,0.398518,0.270647,0.424413,0.381328,0.339791,0.258403,0.322392,0.467152,0.320302,0.268957,0.432428,0.260818,0.324718,0.229061,0.382548,0.353639,0.364126,0.296946,0.258951,0.324733,0.310102,0.262574,0.266546,0.442456,0.264683,0.379551,0.292462,0.290046,0.240153,0.432680,0.373029,0.240018,0.299862,0.314349,0.405323,0.396915,0.237107,0.410451,0.310408,0.211123,0.260499,0.299107,0.292901,0.260522,0.292805,0.435187,0.268856,0.305208,0.382361,0.363288,0.323199,0.270568,0.332830,0.234176,0.264828,0.324308,0.360584,0.202587,0.407932,0.290547,0.384151,0.235802,0.361764,0.344005,0.387619,0.261539,0.354292,0.489650,0.202791,0.429380,0.249781,0.298766,0.362588,0.324605,0.259202,0.314839,0.271702,0.397131,0.359334,0.281285,0.331071,0.282486,0.297820,0.332804,0.240196,0.245039,0.384198,0.255473,0.361130,0.192836,0.423974,0.284588,0.200154,0.389576,0.346513,0.376250,0.260040,0.329764,0.266149,0.368784,0.248389,0.371032,0.318306,0.272028,0.168981,0.452137,0.257009,0.297281,0.237943,0.253890,0.246233,0.276256,0.262933,0.273832,#
16,0.351976,0.236673,0.299703,0.239752,0.192347,0.311840,0.267773,0.247432,0.189022,0.257027,0.282164,0.302657,0.302498,0.303006,0.279564,0.339106,1.000000,0.346420,0.259964,0.287517,0.439330,0.303648,0.404991,0.240984,0.198941,0.317829,0.282992,0.214462,0.230511,0.304023,0.220267,0.394401,0.180411,0.324541,0.169239,0.297720,0.305351,0.253400,0.321311,0.283317,0.222469,0.309456,0.218112,0.311208,0.258998,0.381488,0.301345,0.295108,0.255505,0.181147,0.216972,0.325486,0.430979,0.226957,0.250908,0.277087,0.187510,0.299043,0.287895,0.161552,0.213689,0.371586,0.334643,0.374167,0.407223,0.304526,0.283753,0.431062,0.234737,0.317481,0.190305,0.376980,0.325578,0.198912,0.295863,0.434692,0.193969,0.379030,0.362556,0.254662,0.253916,0.281391,0.258470,0.279906,0.295710,0.325985,0.432192,0.239722,0.320665,0.249531,0.325272,0.307588,0.256337,0.254972,0.243787,0.234873,0.347672,0.142698,0.291826,0.263807,0.309832,0.278570,0.171052,0.213319,0.239706,0.296971,0.270372,0.181007,0.192417,0.278744,0.261479,0.261229,0.305832,0.281383,0.320216,0.430102,0.296340,0.232675,0.195093,0.305084,0.276375,0.305096,0.312268,0.290433,0.325687,0.147285,0.165530,0.163078,0.213329,0.348768,0.185277,0.305803,0.384059,0.102399,0.388804,0.334751,0.154954,0.351158,0.258111,0.355649,0.141738,0.263981,0.214542,0.301974,0.313849,0.271259,0.146575,0.204872,0.230594,0.194871,0.237458,0.290294,0.229023,0.263981,0.296277,0.261800,0.174812,0.194763,0.297893,0.266460,0.191931,0.394902,0.345548,0.393537,0.269811,0.155217,0.293194,0.280527,0.245634,0.226539,0.154121,0.133005,0.298184,0.167167,0.241576,0.322074,0.240798,0.235911,0.256737,0.233070,0.238613,0.301681,0.285166,0.131165,0.113054,0.263409,0.388400,0.302804,0.290451,0.228733,0.305960,0.142611,0.131588,0.224751,0.304148,0.322847,0.137193,0.230417,0.198105,0.268696,#
17,0.488037,0.385920,0.352110,0.392490,0.355648,0.406018,0.292572,0.472716,0.221370,0.316178,0.364830,0.409677,0.321192,0.292404,0.369138,0.434791,0.346420,1.000000,0.380442,0.433539,0.443222,0.381081,0.369855,0.476521,0.430917,0.379277,0.304552,0.367295,0.415005,0.319947,0.354700,0.423147,0.536578,0.327748,0.202886,0.354201,0.318778,0.492444,0.404552,0.272587,0.395512,0.367893,0.261452,0.377298,0.350287,0.436988,0.422823,0.354459,0.405331,0.394350,0.433732,0.234692,0.269248,0.338007,0.361743,0.371984,0.444432,0.514799,0.379672,0.415079,0.323387,0.387608,0.340174,0.365159,0.386621,0.438136,0.445302,0.467513,0.411613,0.453947,0.406743,0.385935,0.457832,0.369459,0.389535,0.427933,0.276084,0.428542,0.338825,0.404511,0.455960,0.403596,0.589639,0.419998,0.422164,0.307699,0.414404,0.359411,0.507943,0.455321,0.389801,0.319450,0.400173,0.390225,0.278230,0.334913,0.374231,0.438477,0.404723,0.365221,0.384089,0.322221,0.356905,0.367578,0.339345,0.418442,0.330098,0.480387,0.240540,0.275818,0.362946,0.388632,0.361102,0.431140,0.259146,0.462686,0.389610,0.290474,0.375777,0.420227,0.341001,0.393747,0.297966,0.380659,0.499373,0.378344,0.320572,0.350241,0.253502,0.344804,0.319073,0.433874,0.416632,0.418205,0.460379,0.381295,0.426747,0.372385,0.363853,0.442582,0.399450,0.357578,0.316346,0.283983,0.454964,0.378841,0.247203,0.232167,0.319112,0.241906,0.452397,0.296020,0.331917,0.460368,0.374615,0.367979,0.298696,0.341148,0.490767,0.428787,0.462054,0.415721,0.321899,0.358462,0.418855,0.323806,0.313887,0.402765,0.314218,0.334285,0.480212,0.343351,0.365838,0.399083,0.402401,0.236989,0.422838,0.366735,0.245219,0.444368,0.337897,0.518820,0.371482,0.270847,0.230744,0.403941,0.390564,0.417662,0.455564,0.345307,0.358395,0.489292,0.253969,0.268800,0.422622,0.350400,0.397163,0.262269,0.341812,0.409444,#
18,0.373305,0.373323,0.403472,0.350055,0.394967,0.338639,0.323625,0.329256,0.206656,0.222199,0.435793,0.300211,0.377373,0.345112,0.353906,0.382853,0.259964,0.380442,1.000000,0.353341,0.339134,0.324445,0.222650,0.475608,0.400054,0.368429,0.409039,0.382585,0.415473,0.249935,0.313443,0.290091,0.443761,0.273949,0.296079,0.408766,0.418255,0.363429,0.362046,0.393954,0.395054,0.408468,0.299752,0.279268,0.331678,0.386892,0.358604,0.390802,0.307509,0.338103,0.433146,0.236249,0.380208,0.385483,0.281112,0.294189,0.350106,0.423871,0.306345,0.272519,0.319500,0.324210,0.334207,0.416448,0.325196,0.454810,0.415191,0.459677,0.334776,0.219171,0.226767,0.359771,0.310625,0.295115,0.318996,0.271909,0.203963,0.403446,0.402783,0.385805,0.435681,0.304031,0.397479,0.425958,0.368005,0.209915,0.427952,0.256479,0.417191,0.374079,0.425505,0.272223,0.329394,0.390426,0.316604,0.337905,0.476063,0.286612,0.303180,0.350252,0.306793,0.418145,0.426345,0.326718,0.373825,0.345658,0.309001,0.341409,0.331682,0.375230,0.360781,0.469004,0.316417,0.398049,0.315107,0.362499,0.330028,0.233184,0.377512,0.369260,0.280722,0.407014,0.336536,0.320466,0.384339,0.291569,0.307975,0.319736,0.377701,0.354868,0.360838,0.416552,0.307841,0.284407,0.460380,0.228462,0.340605,0.419440,0.328145,0.426966,0.410320,0.172492,0.254744,0.243991,0.405874,0.330690,0.208407,0.164503,0.279562,0.295694,0.342492,0.362660,0.339837,0.336626,0.333725,0.393938,0.400400,0.379782,0.267009,0.424473,0.334634,0.378497,0.296535,0.366006,0.346065,0.324419,0.396107,0.374192,0.291941,0.389504,0.202545,0.304236,0.392080,0.250901,0.307627,0.273165,0.349337,0.426143,0.465291,0.328939,0.308704,0.382156,0.388789,0.264291,0.366275,0.386238,0.377414,0.477187,0.387957,0.286239,0.335351,0.413773,0.311523,0.285438,0.327079,0.282370,0.302395,0.352766,0.430039,0.401430,#
19,0.346122,0.330293,0.342775,0.368981,0.445836,0.255839,0.306165,0.378646,0.287445,0.421483,0.361972,0.136576,0.395170,0.405534,0.439711,0.317604,0.287517,0.433539,0.353341,1.000000,0.305979,0.340630,0.313874,0.433340,0.259001,0.442412,0.362134,0.346049,0.370458,0.386316,0.255971,0.365649,0.350562,0.284340,0.298366,0.405940,0.196676,0.359610,0.480335,0.328941,0.386919,0.358199,0.238037,0.211138,0.350096,0.472018,0.439752,0.493136,0.308705,0.388278,0.374886,0.316216,0.276864,0.419249,0.349270,0.360370,0.345784,0.356203,0.315667,0.350790,0.368616,0.318387,0.354491,0.379267,0.412738,0.373911,0.301816,0.420142,0.371425,0.355640,0.371103,0.420977,0.414089,0.262413,0.393803,0.327814,0.276052,0.472935,0.441737,0.285523,0.433857,0.391310,0.431000,0.305349,0.472499,0.273649,0.394851,0.294658,0.447061,0.391744,0.321534,0.404848,0.369323,0.339190,0.297567,0.380744,0.410205,0.346219,0.197622,0.243152,0.385145,0.360099,0.395735,0.353608,0.388177,0.333459,0.380169,0.497194,0.247757,0.251988,0.354686,0.349068,0.406060,0.451918,0.361215,0.320894,0.411496,0.434020,0.375288,0.273182,0.439247,0.461446,0.350575,0.392843,0.543336,0.345502,0.310078,0.366472,0.151406,0.348272,0.282168,0.291544,0.435459,0.306687,0.388678,0.369288,0.372940,0.400295,0.364946,0.398821,0.395483,0.293501,0.314017,0.251166,0.399648,0.315408,0.225723,0.383437,0.383105,0.239725,0.330690,0.358116,0.347217,0.448766,0.308148,0.299106,0.326388,0.305337,0.368421,0.274728,0.354083,0.374936,0.361711,0.407840,0.342523,0.290529,0.301981,0.332635,0.336678,0.298681,0.423282,0.334227,0.350414,0.326830,0.359539,0.250967,0.344193,0.382319,0.259890,0.357732,0.238181,0.431476,0.303692,0.367449,0.312140,0.407781,0.369892,0.452279,0.374773,0.249544,0.437462,0.409670,0.274918,0.376557,0.291182,0.381969,0.346888,0.376488,0.425628,0.438025,#
20,0.451374,0.334393,0.379852,0.323510,0.361386,0.404434,0.309955,0.352955,0.289855,0.278786,0.289944,0.296155,0.360345,0.314087,0.330133,0.261232,0.439330,0.443222,0.339134,0.305979,1.000000,0.339070,0.335920,0.366488,0.407495,0.340691,0.355469,0.390215,0.339804,0.303987,0.255914,0.322425,0.356500,0.241378,0.264199,0.299544,0.328457,0.307106,0.326430,0.357201,0.338772,0.479034,0.273999,0.307990,0.343650,0.453752,0.399664,0.375452,0.361013,0.288480,0.305311,0.356439,0.465456,0.292222,0.349995,0.307864,0.368726,0.366483,0.298598,0.312712,0.378445,0.257576,0.405996,0.398969,0.429667,0.268286,0.323822,0.389064,0.430007,0.390926,0.336898,0.345631,0.472903,0.386455,0.299781,0.293080,0.350864,0.407877,0.350118,0.351119,0.283107,0.291122,0.441940,0.338191,0.333144,0.350574,0.434719,0.311746,0.462003,0.385189,0.367724,0.405339,0.370157,0.404257,0.279343,0.328683,0.387051,0.312369,0.281482,0.181675,0.347841,0.324879,0.327962,0.368272,0.257609,0.378341,0.336507,0.295044,0.267482,0.383339,0.378396,0.319817,0.369310,0.392912,0.340275,0.461153,0.465604,0.260006,0.239951,0.312689,0.280028,0.378462,0.339746,0.304925,0.426977,0.322477,0.365845,0.397791,0.289603,0.409785,0.282670,0.438439,0.318311,0.224236,0.420775,0.340837,0.397921,0.424683,0.364282,0.392971,0.378032,0.362685,0.200449,0.291600,0.401975,0.239523,0.218099,0.268565,0.276285,0.337803,0.374607,0.378535,0.204051,0.255016,0.320345,0.322292,0.209589,0.221164,0.282954,0.379171,0.350988,0.378438,0.309873,0.371093,0.418630,0.255036,0.192844,0.389118,0.327264,0.292194,0.350264,0.238288,0.298675,0.327292,0.259816,0.370440,0.237248,0.240026,0.436481,0.418032,0.329196,0.369022,0.278448,0.361070,0.278744,0.269535,0.337094,0.389579,0.393315,0.307741,0.359880,0.396783,0.319466,0.274215,0.378561,0.360932,0.281052,0.324520,0.311794,0.331753,#
21,0.446073,0.436213,0.447707,0.354498,0.323319,0.386586,0.336979,0.356921,0.208143,0.301445,0.310123,0.363784,0.272681,0.340999,0.237795,0.317859,0.303648,0.381081,0.324445,0.340630,0.339070,1.000000,0.281033,0.419927,0.414902,0.280508,0.387202,0.441569,0.351644,0.314932,0.329855,0.387664,0.322610,0.358878,0.192819,0.342453,0.395867,0.403799,0.435860,0.296123,0.347962,0.394951,0.206790,0.338691,0.368781,0.361035,0.451243,0.420499,0.271448,0.368632,0.421414,0.223272,0.390349,0.341099,0.311055,0.277546,0.369658,0.386925,0.318077,0.302458,0.247784,0.282694,0.421215,0.376327,0.452515,0.354984,0.322576,0.380870,0.426508,0.455123,0.478801,0.334659,0.462805,0.373451,0.313402,0.276158,0.301699,0.309966,0.328738,0.326357,0.457399,0.365992,0.358902,0.257973,0.401339,0.249213,0.432150,0.295959,0.441525,0.436416,0.302025,0.298457,0.295704,0.335389,0.383914,0.385114,0.330799,0.345514,0.303911,0.309176,0.507517,0.355645,0.294598,0.357574,0.363115,0.407781,0.334590,0.367606,0.280667,0.295627,0.347462,0.365396,0.362626,0.357681,0.278769,0.425696,0.474860,0.253211,0.391238,0.411852,0.329359,0.438038,0.214366,0.433560,0.323701,0.319919,0.323539,0.334823,0.272087,0.267617,0.320385,0.333745,0.393134,0.350023,0.367317,0.269150,0.399739,0.341902,0.311305,0.409165,0.328672,0.370223,0.286522,0.240165,0.355781,0.345043,0.330031,0.300014,0.289596,0.287191,0.348778,0.335932,0.337551,0.337151,0.320775,0.299172,0.249746,0.318351,0.258402,0.326055,0.445698,0.332138,0.261922,0.352924,0.430962,0.204072,0.149575,0.418716,0.288700,0.404193,0.304295,0.277376,0.400413,0.352426,0.264806,0.313412,0.384914,0.278480,0.346803,0.371553,0.262911,0.389133,0.210039,0.328023,0.205695,0.338500,0.337049,0.398905,0.459747,0.258863,0.398739,0.370117,0.315378,0.227245,0.410869,0.390715,0.339956,0.314236,0.338912,0.377512,#
