0,1.000000,0.270523,0.387764,0.315229,0.358744,0.365077,0.265862,0.222876,0.353653,0.331727,0.398071,0.309908,0.260760,0.248865,0.442025,0.399729,0.340877,0.471614,0.370427,0.381831,0.392077,0.375519,0.383411,0.482778,0.330203,0.296276,0.450046,0.370700,0.401075,0.353826,0.240926,0.319122,0.346204,0.278555,0.287705,0.453659,0.366865,0.335610,0.444046,0.447840,0.304603,0.423282,0.253921,0.347496,0.266605,0.388827,0.398133,0.418911,0.346816,0.439319,0.420725,0.317581,0.330278,0.272556,0.439995,0.382330,0.361178,0.343528,0.305746,0.328697,0.377687,0.314846,0.404732,0.346042,0.382700,0.299528,0.378148,0.376504,0.361942,0.379950,0.408200,0.334137,0.431083,0.374316,0.268718,0.187578,0.346839,0.407912,0.360922,0.245243,0.386123,0.312250,0.369138,0.322411,0.410975,0.325554,0.405705,0.283197,0.466795,0.364769,0.336002,0.298688,0.319117,0.360052,0.417546,0.400554,0.468887,0.287662,0.323012,0.392533,0.422928,0.404686,0.286900,0.400196,0.378972,0.359093,0.427882,0.329641,0.300894,0.237924,0.284423,0.288677,0.274799,0.353261,0.292950,0.354019,0.402666,0.234487,0.308391,0.352843,0.442506,0.308505,0.315744,0.332281,0.343313,0.402467,0.294183,0.259778,0.272492,0.447157,0.374622,0.409746,0.370646,0.306499,0.348637,0.343851,0.406614,0.351447,0.274660,0.436467,0.370524,0.329075,0.344794,0.330606,0.366599,0.339715,0.287953,0.266825,0.364064,0.341065,0.285158,0.316064,0.335485,0.316510,0.306869,0.311541,0.279219,0.229601,0.424897,0.403433,0.291602,0.440985,0.212258,0.256527,0.389044,0.214541,0.248814,0.313157,0.369200,0.310021,0.387740,0.163376,0.466825,0.386565,0.227086,0.384950,0.430680,0.369697,0.365013,0.310213,0.368393,0.423323,0.234872,0.195162,0.252134,0.373212,0.406472,0.487918,0.414118,0.252487,0.358776,0.418856,0.291376,0.233455,0.402486,0.235299,0.173956,0.355316,0.461692,0.342372,#
1,0.270523,1.000000,0.298451,0.326130,0.397600,0.348478,0.400020,0.289929,0.341588,0.241412,0.459200,0.376287,0.264414,0.353781,0.269981,0.231930,0.222033,0.348079,0.262935,0.324280,0.297086,0.372319,0.210550,0.308035,0.354706,0.319014,0.400158,0.431939,0.245624,0.322877,0.337829,0.293526,0.339916,0.287382,0.190783,0.338339,0.262839,0.309914,0.444591,0.287617,0.303882,0.273981,0.337226,0.296821,0.263688,0.374085,0.443034,0.360787,0.240610,0.220860,0.414098,0.245142,0.439157,0.313094,0.285328,0.385175,0.303084,0.266650,0.393524,0.332616,0.275517,0.295137,0.356446,0.321717,0.267851,0.341803,0.267414,0.379158,0.384386,0.313944,0.307294,0.310252,0.434860,0.245139,0.349248,0.178390,0.322796,0.350576,0.373556,0.259227,0.322178,0.450054,0.364612,0.320387,0.328345,0.119300,0.394683,0.301070,0.357431,0.373691,0.343004,0.397595,0.263581,0.381414,0.258813,0.343218,0.313236,0.268245,0.222566,0.260339,0.304356,0.277539,0.309739,0.327215,0.270027,0.321312,0.317934,0.380896,0.257725,0.334938,0.391565,0.305636,0.238475,0.294014,0.365439,0.420040,0.414135,0.211221,0.307386,0.349859,0.219445,0.316952,0.330784,0.336158,0.259592,0.313035,0.296257,0.278303,0.254479,0.333340,0.329135,0.342726,0.236386,0.325684,0.463388,0.369085,0.332245,0.359708,0.298515,0.361791,0.368597,0.229619,0.249532,0.292166,0.402118,0.310043,0.274796,0.196320,0.327482,0.312332,0.285237,0.293803,0.254350,0.166799,0.323895,0.316837,0.287662,0.252064,0.266728,0.112204,0.165272,0.401621,0.304919,0.318858,0.361671,0.204480,0.223554,0.279288,0.317453,0.432726,0.337775,0.325496,0.323242,0.203710,0.320652,0.283749,0.182738,0.373819,0.330120,0.250922,0.261914,0.257971,0.334042,0.241456,0.345930,0.302634,0.239367,0.308110,0.286930,0.372375,0.421870,0.361122,0.210758,0.265102,0.362761,0.296352,0.073676,0.356067,0.226081,0.328961,#
2,0.387764,0.298451,1.000000,0.336167,0.306788,0.319873,0.355469,0.317488,0.249530,0.224673,0.357894,0.448536,0.287580,0.338916,0.267635,0.336086,0.263111,0.290796,0.260480,0.307371,0.397657,0.409815,0.218974,0.326215,0.367494,0.365046,0.408723,0.317812,0.265544,0.347559,0.241198,0.249854,0.237813,0.191256,0.199657,0.362594,0.322193,0.219583,0.337109,0.209873,0.368793,0.370855,0.291454,0.246401,0.210944,0.388799,0.327626,0.364457,0.250494,0.317748,0.344295,0.440873,0.344713,0.268057,0.214518,0.324704,0.209121,0.268106,0.324015,0.347868,0.265911,0.286671,0.323245,0.315016,0.381472,0.380375,0.311829,0.245030,0.371928,0.383541,0.281827,0.263233,0.277809,0.338805,0.307034,0.311884,0.286696,0.352873,0.321794,0.275605,0.385176,0.222065,0.236734,0.226876,0.317027,0.220544,0.399567,0.291939,0.303188,0.265975,0.257575,0.352876,0.368738,0.342718,0.259862,0.330914,0.342216,0.283586,0.346976,0.264362,0.356309,0.338215,0.226896,0.357217,0.242076,0.306305,0.290556,0.364262,0.260056,0.379698,0.357440,0.354769,0.329824,0.315805,0.320363,0.437609,0.318376,0.250451,0.079621,0.256683,0.345465,0.308963,0.267665,0.253916,0.310830,0.235003,0.334777,0.258718,0.264627,0.330822,0.258742,0.410045,0.322086,0.186965,0.352531,0.385381,0.281804,0.357480,0.175709,0.172172,0.230045,0.271103,0.311409,0.226299,0.470168,0.268409,0.164609,0.263830,0.395912,0.235984,0.317176,0.408938,0.377116,0.268399,0.254724,0.217220,0.211154,0.154046,0.293596,0.255035,0.298377,0.360340,0.324275,0.352984,0.389623,0.219621,0.310953,0.280466,0.182935,0.275412,0.216270,0.343584,0.247234,0.238746,0.330738,0.261481,0.410776,0.360994,0.233233,0.302922,0.386470,0.286326,0.193424,0.361291,0.165360,0.353117,0.230013,0.228079,0.350071,0.206040,0.288869,0.344356,0.428343,0.211613,0.352733,0.186507,0.143308,0.303301,0.408259,0.334564,#
3,0.315229,0.326130,0.336167,1.000000,0.342914,0.274116,0.316465,0.296092,0.343262,0.257848,0.365127,0.389316,0.277900,0.306049,0.314200,0.328415,0.293468,0.427665,0.308225,0.316361,0.284681,0.319268,0.326807,0.447745,0.372251,0.317169,0.322007,0.265735,0.310198,0.320434,0.300683,0.393116,0.431659,0.407844,0.145602,0.380510,0.354323,0.462345,0.444952,0.272012,0.345503,0.385708,0.295071,0.354811,0.228047,0.406705,0.352910,0.370923,0.176340,0.369118,0.376814,0.329385,0.343251,0.236468,0.220489,0.411885,0.268741,0.289360,0.339179,0.348537,0.288301,0.264584,0.318094,0.314962,0.383272,0.406610,0.296203,0.312684,0.297547,0.386739,0.317552,0.247074,0.339818,0.240572,0.334008,0.327306,0.308414,0.359784,0.369831,0.202772,0.375751,0.348974,0.332581,0.259244,0.430354,0.252682,0.407396,0.220069,0.397691,0.393168,0.299875,0.336815,0.359186,0.386124,0.272860,0.358794,0.375652,0.217143,0.394121,0.301987,0.412135,0.236843,0.352363,0.338070,0.369076,0.306076,0.335384,0.338460,0.186078,0.256209,0.325116,0.298863,0.283499,0.296989,0.231357,0.275862,0.357810,0.210889,0.211727,0.300516,0.396517,0.290763,0.299042,0.452422,0.293677,0.292260,0.349623,0.296634,0.222839,0.359445,0.333587,0.379282,0.399900,0.362094,0.337357,0.340471,0.263714,0.271958,0.325818,0.270505,0.383206,0.309826,0.315596,0.284528,0.363811,0.254747,0.370649,0.338824,0.276595,0.324046,0.296525,0.299232,0.260997,0.275934,0.313655,0.245030,0.270304,0.335970,0.246973,0.347064,0.336089,0.390980,0.377809,0.409753,0.343876,0.268640,0.306741,0.291747,0.213161,0.286454,0.344750,0.228140,0.263842,0.192672,0.265754,0.332034,0.366691,0.350838,0.235276,0.319355,0.314423,0.415553,0.383099,0.242586,0.135250,0.294099,0.225083,0.346082,0.227571,0.269649,0.281633,0.391945,0.363355,0.234276,0.279389,0.325199,0.274579,0.335390,0.305010,0.274565,#
4,0.358744,0.397600,0.306788,0.342914,1.000000,0.320237,0.308515,0.267472,0.353372,0.231684,0.324656,0.233721,0.220277,0.250242,0.217088,0.277761,0.166630,0.313796,0.298783,0.411287,0.337894,0.291048,0.290358,0.379707,0.295874,0.377646,0.270694,0.326725,0.387791,0.220301,0.218402,0.251582,0.309316,0.232417,0.221659,0.351403,0.356127,0.308624,0.270031,0.268264,0.357279,0.461942,0.227358,0.174201,0.362221,0.284894,0.393029,0.347758,0.241652,0.360965,0.297970,0.253978,0.295241,0.265858,0.350860,0.416368,0.257840,0.239249,0.340329,0.296032,0.278161,0.272651,0.237317,0.194588,0.271207,0.222481,0.359048,0.263442,0.267926,0.313538,0.293420,0.315172,0.321967,0.314040,0.210213,0.075016,0.272880,0.400294,0.287217,0.175835,0.393075,0.364644,0.241271,0.205865,0.417489,0.174865,0.323962,0.280030,0.340533,0.408732,0.338463,0.295596,0.246127,0.340964,0.186321,0.416015,0.320996,0.351001,0.284180,0.279472,0.251977,0.178156,0.304064,0.388868,0.302613,0.297091,0.214241,0.332235,0.289690,0.318198,0.405884,0.303990,0.306269,0.459378,0.292891,0.221537,0.291155,0.084699,0.228373,0.206784,0.317974,0.286994,0.296478,0.247499,0.360465,0.263248,0.338921,0.258348,0.195874,0.273595,0.348734,0.296697,0.296333,0.215627,0.342834,0.334803,0.295085,0.205623,0.245854,0.297074,0.406910,0.144302,0.237393,0.244583,0.341164,0.317175,0.271159,0.267439,0.293690,0.285344,0.273476,0.310365,0.279813,0.346670,0.277537,0.202287,0.369522,0.256608,0.277366,0.320023,0.251958,0.317530,0.197654,0.285394,0.193513,0.286392,0.212722,0.195291,0.188135,0.290260,0.244823,0.170544,0.295801,0.230116,0.357782,0.289561,0.325173,0.329727,0.282825,0.259455,0.174034,0.201336,0.345971,0.245485,0.184546,0.282715,0.131045,0.403052,0.331300,0.300853,0.292709,0.355653,0.276426,0.142188,0.243103,0.284725,0.245573,0.425857,0.272285,0.330349,#
5,0.365077,0.348478,0.319873,0.274116,0.320237,1.000000,0.304533,0.282581,0.329024,0.377762,0.344110,0.287744,0.330403,0.218272,0.359735,0.292333,0.273777,0.338988,0.238633,0.255951,0.364298,0.341433,0.284131,0.389908,0.363191,0.271467,0.331796,0.379463,0.346585,0.315175,0.245006,0.334931,0.368916,0.212586,0.206257,0.307912,0.407964,0.184484,0.383275,0.353179,0.346669,0.383167,0.201652,0.376037,0.239429,0.359908,0.347953,0.213352,0.290092,0.340692,0.383522,0.297792,0.310032,0.133129,0.321402,0.350979,0.175734,0.315524,0.413143,0.285744,0.256012,0.283756,0.328318,0.262326,0.374622,0.317091,0.372344,0.296456,0.311143,0.265389,0.365679,0.298755,0.357217,0.438868,0.259815,0.205227,0.325189,0.288473,0.336563,0.296375,0.302932,0.300498,0.425092,0.133720,0.249059,0.278209,0.278669,0.242730,0.355726,0.236796,0.250176,0.387810,0.288167,0.420310,0.238037,0.351606,0.300314,0.218348,0.287627,0.167560,0.305152,0.313976,0.258125,0.311325,0.218977,0.298300,0.224860,0.372759,0.233807,0.268112,0.392982,0.288486,0.343181,0.260675,0.300382,0.284225,0.407920,0.303872,0.197318,0.285403,0.176775,0.318420,0.205932,0.339773,0.233697,0.233792,0.134053,0.136581,0.416649,0.389586,0.359749,0.372557,0.323967,0.271658,0.459027,0.370486,0.233521,0.315450,0.180355,0.178651,0.347038,0.325134,0.249431,0.295031,0.306290,0.235560,0.287686,0.293775,0.195937,0.295859,0.351803,0.244382,0.369966,0.373021,0.252316,0.295879,0.318992,0.148940,0.421683,0.191386,0.302479,0.301775,0.321590,0.269355,0.320340,0.107127,0.190582,0.311382,0.331925,0.396454,0.311163,0.275505,0.371225,0.223356,0.180781,0.304525,0.316384,0.313519,0.348032,0.265221,0.302427,0.293632,0.402491,0.223202,0.242764,0.346038,0.298517,0.270893,0.276827,0.266785,0.354591,0.352325,0.285011,0.249972,0.422213,0.202905,0.114862,0.429171,0.270642,0.408286,#
6,0.265862,0.400020,0.355469,0.316465,0.308515,0.304533,1.000000,0.312327,0.285060,0.198625,0.327094,0.269708,0.154532,0.304336,0.221755,0.274796,0.268799,0.292759,0.285915,0.292174,0.299331,0.314991,0.214825,0.253904,0.234966,0.251366,0.267151,0.358733,0.339150,0.278055,0.190837,0.322214,0.286665,0.206329,0.124577,0.208433,0.215165,0.291004,0.338282,0.245442,0.300659,0.282874,0.179499,0.326705,0.180427,0.257039,0.319305,0.387628,0.248264,0.326148,0.228918,0.291891,0.342437,0.254537,0.195985,0.302636,0.234933,0.306606,0.350488,0.368649,0.236440,0.267463,0.250841,0.258092,0.264449,0.469061,0.287612,0.294084,0.285385,0.284798,0.288070,0.272194,0.351553,0.238984,0.341417,0.208566,0.313203,0.321022,0.319314,0.226717,0.329688,0.310334,0.350148,0.218140,0.312740,0.274200,0.271188,0.357698,0.297164,0.335349,0.302203,0.256708,0.231746,0.344849,0.223891,0.356268,0.306315,0.233640,0.357885,0.302028,0.312214,0.359472,0.222406,0.263859,0.083297,0.423170,0.229631,0.240400,0.308692,0.277878,0.351915,0.271884,0.262690,0.203822,0.254178,0.321247,0.342278,0.196068,0.244175,0.258333,0.266893,0.331847,0.175830,0.218709,0.249009,0.173871,0.224812,0.308656,0.120410,0.359380,0.267009,0.251920,0.311744,0.134904,0.383202,0.329633,0.232128,0.321405,0.260994,0.270388,0.239036,0.165463,0.123260,0.337260,0.185499,0.276014,0.242060,0.160567,0.273613,0.136219,0.341579,0.191494,0.325155,0.243339,0.288895,0.221507,0.220501,0.246290,0.308895,0.206216,0.150636,0.336786,0.320179,0.298474,0.305069,0.213352,0.158344,0.260917,0.271255,0.366686,0.148872,0.204374,0.303626,0.205756,0.301725,0.323368,0.238864,0.346873,0.331180,0.171164,0.101189,0.175246,0.304326,0.309480,0.246595,0.304522,0.217862,0.276866,0.317817,0.342645,0.271489,0.265028,0.318229,0.255770,0.205549,0.226660,0.223756,0.301756,0.221560,0.337085,#
7,0.222876,0.289929,0.317488,0.296092,0.267472,0.282581,0.312327,1.000000,0.285393,0.321982,0.390966,0.442396,0.183342,0.317546,0.292449,0.358849,0.236181,0.402386,0.251485,0.335727,0.322883,0.299683,0.400654,0.269979,0.427918,0.212234,0.339166,0.431486,0.311108,0.288392,0.260656,0.304075,0.383215,0.181360,0.178536,0.342164,0.199497,0.214487,0.400933,0.324060,0.297258,0.277591,0.313174,0.233904,0.310573,0.373832,0.250768,0.330980,0.301726,0.317506,0.388564,0.315286,0.275499,0.268801,0.296902,0.288684,0.254152,0.375768,0.344992,0.326226,0.306056,0.195704,0.308629,0.293768,0.404910,0.312042,0.341228,0.291107,0.287648,0.424166,0.235618,0.202815,0.405962,0.327157,0.247628,0.232159,0.262293,0.349311,0.312058,0.373015,0.322328,0.311770,0.380492,0.242099,0.329689,0.227405,0.390470,0.163020,0.312880,0.347040,0.293747,0.317383,0.323833,0.368492,0.180000,0.330854,0.279039,0.222271,0.209131,0.168816,0.368010,0.227544,0.266728,0.279512,0.169803,0.383465,0.363107,0.210810,0.266902,0.279518,0.296853,0.296899,0.212079,0.339400,0.388347,0.303772,0.240693,0.203514,0.178070,0.364612,0.294907,0.333599,0.221587,0.382162,0.376799,0.264750,0.330734,0.370945,0.232165,0.284182,0.211768,0.278869,0.349597,0.280125,0.470087,0.310754,0.143062,0.446633,0.253252,0.319600,0.407571,0.312021,0.130333,0.228338,0.314035,0.221878,0.293057,0.239898,0.217135,0.262577,0.310202,0.410170,0.221897,0.214196,0.159311,0.341200,0.343961,0.292906,0.362812,0.330997,0.224706,0.376693,0.312650,0.260153,0.223332,0.235057,0.379522,0.227228,0.311267,0.341454,0.270045,0.257532,0.320097,0.151324,0.306155,0.235432,0.263507,0.329848,0.125017,0.389658,0.256278,0.318363,0.251011,0.271790,0.081280,0.312735,0.205436,0.272751,0.215317,0.363921,0.347507,0.308427,0.360451,0.279148,0.209522,0.250141,0.204016,0.345542,0.342791,0.315448,#
8,0.353653,0.341588,0.249530,0.343262,0.353372,0.329024,0.285060,0.285393,1.000000,0.301285,0.417452,0.303517,0.276008,0.233356,0.401889,0.386302,0.195703,0.266725,0.209677,0.323464,0.298877,0.290881,0.252177,0.363964,0.286409,0.251987,0.259269,0.356440,0.207775,0.353854,0.142478,0.338554,0.251698,0.260131,0.259325,0.360024,0.333073,0.242342,0.362554,0.343256,0.306639,0.298419,0.111195,0.242672,0.399274,0.387943,0.282965,0.291680,0.197361,0.324771,0.255876,0.380434,0.252697,0.403157,0.288890,0.372385,0.283228,0.285425,0.320150,0.371583,0.316102,0.182351,0.379804,0.184568,0.358476,0.403189,0.347938,0.295020,0.411313,0.316329,0.237340,0.303962,0.310889,0.237077,0.272633,0.190251,0.256941,0.254088,0.313474,0.185265,0.363300,0.327186,0.334890,0.132339,0.435619,0.234119,0.322037,0.211717,0.359073,0.334601,0.275866,0.317585,0.316883,0.300934,0.344977,0.451563,0.382618,0.228791,0.302582,0.239510,0.338680,0.176013,0.265509,0.296776,0.330975,0.207632,0.353582,0.247725,0.139999,0.294941,0.211749,0.267056,0.148207,0.311023,0.259552,0.390697,0.331561,0.172440,0.161700,0.374817,0.342141,0.276955,0.240652,0.320362,0.298943,0.366536,0.223373,0.378398,0.154020,0.367021,0.280144,0.220741,0.300764,0.246845,0.370219,0.398728,0.244298,0.322227,0.307919,0.257724,0.387308,0.291002,0.368544,0.186505,0.246431,0.232252,0.287251,0.327336,0.297816,0.272004,0.359602,0.283184,0.290834,0.311720,0.413920,0.337176,0.301736,0.269965,0.263322,0.332981,0.156657,0.324032,0.202830,0.321040,0.324885,0.278057,0.264174,0.202184,0.249021,0.329852,0.314813,0.131619,0.224420,0.251516,0.244622,0.298880,0.210687,0.357677,0.285326,0.273746,0.274852,0.259410,0.184294,0.298282,0.224699,0.323454,0.133819,0.211958,0.338246,0.239955,0.325186,0.324754,0.276231,0.221276,0.315764,0.193207,0.189496,0.176611,0.258543,0.241028,#
9,0.331727,0.241412,0.224673,0.257848,0.231684,0.377762,0.198625,0.321982,0.301285,1.000000,0.436116,0.254584,0.195897,0.292748,0.341228,0.362030,0.260388,0.260787,0.144930,0.375167,0.281034,0.258836,0.261997,0.299219,0.254137,0.236759,0.349635,0.417558,0.274607,0.309755,0.351074,0.308512,0.209132,0.271604,0.321656,0.337635,0.153241,0.346093,0.342652,0.249663,0.368239,0.341072,0.189175,0.116118,0.256923,0.421419,0.330605,0.285167,0.221515,0.249000,0.370044,0.364759,0.289756,0.215785,0.210839,0.398161,0.306273,0.275588,0.280871,0.215610,0.253116,0.279825,0.396433,0.323929,0.347273,0.343162,0.205966,0.283627,0.352096,0.221678,0.335119,0.349231,0.287554,0.313010,0.268191,0.244227,0.281969,0.264763,0.405244,0.341617,0.262376,0.367166,0.274259,0.183921,0.370640,0.299469,0.421904,0.221389,0.179765,0.193617,0.153783,0.391717,0.296094,0.285538,0.302348,0.336519,0.421251,0.305793,0.263540,0.144200,0.271575,0.259690,0.396083,0.243202,0.304158,0.282597,0.293109,0.229759,0.295541,0.154799,0.262684,0.250514,0.268052,0.374165,0.258853,0.307156,0.284414,0.306211,0.402146,0.221001,0.348897,0.427597,0.206334,0.333834,0.267017,0.291164,0.066208,0.329721,0.232632,0.339765,0.258816,0.300519,0.269498,0.313571,0.364117,0.244005,0.323009,0.410704,0.228488,0.178643,0.245100,0.313479,0.238398,0.222896,0.247007,0.181062,0.287334,0.310468,0.199566,0.415281,0.272421,0.222716,0.424142,0.324767,0.266872,0.310219,0.319499,0.275481,0.422622,0.237367,0.246816,0.271887,0.171838,0.410248,0.283138,0.157528,0.225039,0.224433,0.435081,0.280765,0.281757,0.258147,0.309483,0.271256,0.207543,0.302882,0.290676,0.204237,0.213037,0.349487,0.185733,0.300016,0.348986,0.243347,0.143176,0.288835,0.265265,0.300670,0.407689,0.256667,0.324296,0.321378,0.265352,0.267200,0.244079,0.273371,0.154391,0.225653,0.258854,0.321185,#
10,0.398071,0.459200,0.357894,0.365127,0.324656,0.344110,0.327094,0.390966,0.417452,0.436116,1.000000,0.288386,0.223776,0.375328,0.375711,0.341420,0.297500,0.385915,0.407085,0.362784,0.293224,0.320853,0.264760,0.329720,0.314366,0.218686,0.404378,0.414946,0.279300,0.394941,0.349353,0.332506,0.345551,0.275377,0.292704,0.415211,0.244464,0.350269,0.478272,0.319992,0.301708,0.268477,0.300609,0.166072,0.264370,0.395267,0.406220,0.360026,0.332315,0.377609,0.321256,0.353127,0.312349,0.361495,0.272956,0.371258,0.256497,0.304277,0.358787,0.298160,0.281471,0.338837,0.305390,0.431626,0.422458,0.421994,0.389629,0.314266,0.354596,0.335185,0.339562,0.351948,0.342410,0.333669,0.282576,0.306910,0.345211,0.277770,0.329843,0.250163,0.342115,0.378562,0.384171,0.279357,0.403787,0.223326,0.451171,0.288483,0.341380,0.330613,0.211705,0.302021,0.401857,0.332036,0.301695,0.378655,0.446256,0.214938,0.343564,0.297525,0.300825,0.295014,0.302604,0.340192,0.350725,0.247012,0.348699,0.370753,0.240886,0.249556,0.272190,0.362682,0.273352,0.351669,0.422381,0.468281,0.343091,0.146259,0.236090,0.296566,0.321267,0.338289,0.258194,0.373340,0.302503,0.261314,0.204991,0.338656,0.268756,0.437270,0.378423,0.314226,0.338534,0.248988,0.393737,0.316956,0.277821,0.457720,0.214466,0.318377,0.394216,0.277280,0.376328,0.256235,0.312753,0.274694,0.167494,0.253752,0.247222,0.364267,0.357320,0.377518,0.362611,0.297759,0.387937,0.330570,0.372941,0.166488,0.365933,0.359633,0.248086,0.340421,0.375535,0.410919,0.371423,0.206694,0.300593,0.190799,0.275292,0.370970,0.328316,0.275704,0.355239,0.272628,0.314942,0.192524,0.291814,0.393653,0.340444,0.369482,0.353789,0.310948,0.393039,0.219076,0.256645,0.327434,0.214555,0.211919,0.349004,0.347838,0.397597,0.350115,0.281611,0.244387,0.369585,0.289363,0.180405,0.365281,0.395640,0.447431,#
11,0.309908,0.376287,0.448536,0.389316,0.233721,0.287744,0.269708,0.442396,0.303517,0.254584,0.288386,1.000000,0.244555,0.280038,0.194124,0.298724,0.289938,0.373300,0.222399,0.146809,0.318220,0.353000,0.236570,0.352232,0.415360,0.369795,0.251028,0.425660,0.121064,0.351227,0.351575,0.351292,0.298435,0.242730,0.218809,0.328824,0.289315,0.233479,0.356842,0.296136,0.330044,0.400345,0.359605,0.377963,0.182495,0.436475,0.290549,0.331326,0.244406,0.206052,0.379974,0.357842,0.291640,0.367955,0.220037,0.301441,0.307846,0.319207,0.357499,0.292361,0.253363,0.274232,0.383793,0.342320,0.394742,0.395189,0.353355,0.380087,0.350701,0.385187,0.223037,0.201684,0.397999,0.300929,0.235621,0.224031,0.280350,0.287011,0.424387,0.249611,0.329418,0.197973,0.371483,0.276237,0.369328,0.186183,0.409949,0.314534,0.336002,0.263969,0.308728,0.397986,0.400629,0.503027,0.273047,0.317828,0.265191,0.248440,0.322291,0.365363,0.368188,0.317082,0.267637,0.283713,0.242756,0.414099,0.346057,0.334161,0.332566,0.303934,0.377098,0.303602,0.355067,0.319723,0.124679,0.519367,0.323878,0.216666,0.188525,0.342559,0.290781,0.337365,0.341548,0.341051,0.304585,0.238576,0.301165,0.418678,0.321594,0.306482,0.225903,0.466979,0.343322,0.312715,0.295609,0.297252,0.119663,0.461128,0.159222,0.353229,0.297486,0.262351,0.207600,0.328603,0.368174,0.253726,0.364947,0.224832,0.247331,0.240008,0.271302,0.430023,0.270563,0.224041,0.319223,0.264538,0.263706,0.138739,0.313608,0.277528,0.230393,0.392193,0.213957,0.279659,0.362549,0.183855,0.381748,0.317271,0.388193,0.334144,0.337159,0.191108,0.277187,0.197916,0.283023,0.367506,0.370909,0.271911,0.214651,0.261135,0.397891,0.303338,0.310947,0.238649,0.109319,0.352890,0.228780,0.277542,0.309194,0.363614,0.264776,0.231964,0.421896,0.175492,0.390341,0.246841,0.207503,0.282610,0.257520,0.307124,#
12,0.260760,0.264414,0.287580,0.277900,0.220277,0.330403,0.154532,0.183342,0.276008,0.195897,0.223776,0.244555,1.000000,0.206522,0.347987,0.268283,0.330861,0.265959,0.322298,0.382753,0.314619,0.173567,0.244529,0.296685,0.271579,0.195374,0.239668,0.365400,0.260729,0.318510,0.103975,0.364126,0.300200,0.240717,0.216838,0.315994,0.316522,0.189641,0.310739,0.211842,0.367511,0.242573,0.276309,0.305877,0.258465,0.380610,0.271672,0.124233,0.288171,0.207286,0.348224,0.226703,0.260308,0.253573,0.234954,0.299983,0.195053,0.280781,0.251875,0.235233,0.236293,0.311431,0.239177,0.328345,0.360048,0.264016,0.277562,0.211855,0.262064,0.210995,0.175452,0.277149,0.255645,0.219377,0.288543,0.263009,0.270929,0.188748,0.236935,0.166658,0.276192,0.230592,0.248347,0.265348,0.290017,0.300517,0.277710,0.303741,0.328391,0.265407,0.272536,0.305660,0.218838,0.339725,0.226141,0.212993,0.402421,0.221139,0.213698,0.125319,0.309361,0.255103,0.253312,0.240531,0.341012,0.271203,0.293372,0.211703,0.137894,0.247039,0.345176,0.101011,0.301935,0.321838,0.189710,0.223719,0.288474,0.256139,0.195491,0.234161,0.259016,0.350547,0.361468,0.305693,0.208468,0.140014,0.275607,0.201611,0.192975,0.192467,0.224793,0.280001,0.226279,0.188541,0.255876,0.246482,0.253161,0.291930,0.178508,0.253557,0.343149,0.267297,0.143855,0.222924,0.153310,0.216841,0.237087,0.233085,0.222761,0.218290,0.218412,0.403073,0.219216,0.215695,0.198100,0.245626,0.213088,0.000161,0.234177,0.158277,0.176937,0.363364,0.238601,0.380883,0.270128,0.144425,0.315519,0.126689,0.291267,0.325953,0.256431,0.201480,0.267653,0.272019,0.293018,0.188729,0.320933,0.332287,0.141231,0.292150,0.258560,0.259767,0.310927,0.204575,0.219048,0.252368,0.253498,0.315150,0.247159,0.155457,0.401251,0.321338,0.328789,0.217801,0.205665,0.234697,0.194595,0.224093,0.313806,0.236367,#
13,0.248865,0.353781,0.338916,0.306049,0.250242,0.218272,0.304336,0.317546,0.233356,0.292748,0.375328,0.280038,0.206522,1.000000,0.396826,0.325401,0.302284,0.247545,0.300384,0.408174,0.325035,0.267720,0.191143,0.279376,0.363125,0.401045,0.375876,0.362535,0.263893,0.247831,0.301179,0.292406,0.314517,0.287501,0.225623,0.320285,0.275577,0.336357,0.267873,0.275623,0.255742,0.323135,0.337286,0.207212,0.274362,0.388486,0.386295,0.323267,0.325265,0.268184,0.357985,0.346172,0.341246,0.283932,0.282774,0.470773,0.249358,0.309003,0.355032,0.398572,0.352038,0.316086,0.447078,0.317386,0.293569,0.331644,0.488723,0.348974,0.461398,0.358012,0.201468,0.282012,0.365095,0.243456,0.369222,0.224695,0.345400,0.394529,0.423944,0.269418,0.362053,0.466274,0.353380,0.404894,0.463873,0.256646,0.443934,0.358938,0.384122,0.390628,0.295068,0.360195,0.376298,0.389754,0.291177,0.300510,0.358185,0.208741,0.247663,0.329978,0.386606,0.350825,0.315204,0.335186,0.279617,0.396823,0.361328,0.311094,0.364110,0.315825,0.306655,0.273381,0.412287,0.352215,0.326284,0.374992,0.397230,0.274966,0.220818,0.335405,0.393676,0.397966,0.273747,0.361065,0.333724,0.271707,0.213327,0.268207,0.411018,0.366350,0.236984,0.296003,0.278559,0.253765,0.444532,0.339674,0.349705,0.377023,0.371941,0.350124,0.274924,0.273642,0.338043,0.291865,0.362130,0.403543,0.260417,0.323203,0.122241,0.303144,0.355880,0.285464,0.333066,0.399036,0.366994,0.334643,0.224456,0.293639,0.320707,0.313268,0.188989,0.462443,0.218007,0.402835,0.350839,0.310452,0.235295,0.224545,0.345523,0.375359,0.332141,0.419516,0.347878,0.262187,0.334601,0.326141,0.248770,0.300577,0.366127,0.166255,0.283404,0.329882,0.330560,0.386649,0.230476,0.385180,0.334621,0.347711,0.310096,0.377253,0.248236,0.392243,0.348950,0.278319,0.218895,0.309759,0.220618,0.310107,0.358813,0.315215,#
14,0.442025,0.269981,0.267635,0.314200,0.217088,0.359735,0.221755,0.292449,0.401889,0.341228,0.375711,0.194124,0.347987,0.396826,1.000000,0.441331,0.309152,0.365444,0.335461,0.447727,0.331738,0.208942,0.336210,0.424492,0.308724,0.261182,0.400470,0.370921,0.303781,0.307934,0.166470,0.294661,0.256126,0.181378,0.298101,0.384863,0.357400,0.359275,0.383786,0.398801,0.424679,0.318739,0.335637,0.254873,0.294951,0.481429,0.371540,0.266808,0.315672,0.303653,0.449889,0.288385,0.344840,0.319469,0.454027,0.417260,0.327102,0.274049,0.293794,0.325832,0.341260,0.401225,0.322339,0.317629,0.362213,0.291105,0.410388,0.365002,0.337082,0.348785,0.256176,0.325432,0.236660,0.383169,0.251351,0.238470,0.284021,0.334549,0.329385,0.293233,0.389133,0.286067,0.393872,0.333877,0.381931,0.339725,0.263519,0.209978,0.368160,0.293512,0.363523,0.336647,0.355493,0.384731,0.368574,0.268013,0.389752,0.286633,0.307183,0.257270,0.329559,0.323571,0.305283,0.372226,0.344036,0.345941,0.458233,0.425232,0.241866,0.291346,0.169047,0.159477,0.355928,0.280882,0.340670,0.353607,0.260094,0.267108,0.321705,0.340335,0.456320,0.383970,0.211751,0.308665,0.328174,0.251902,0.284018,0.258219,0.175992,0.392846,0.187586,0.369893,0.340758,0.176324,0.291540,0.300276,0.276283,0.355446,0.226700,0.248628,0.410712,0.406134,0.379772,0.250601,0.256492,0.318654,0.241406,0.236618,0.144798,0.260091,0.369524,0.294011,0.209551,0.352118,0.306747,0.233343,0.329675,0.228212,0.301095,0.207690,0.246226,0.374398,0.274240,0.271091,0.370671,0.203522,0.293570,0.222828,0.265012,0.339167,0.396041,0.321199,0.353686,0.334405,0.319494,0.255916,0.400696,0.377830,0.351968,0.327218,0.303649,0.356972,0.288957,0.313525,0.279602,0.321034,0.281052,0.200175,0.264496,0.315702,0.324734,0.399540,0.342760,0.350771,0.264722,0.178973,0.098208,0.292005,0.364481,0.337993,#
15,0.399729,0.231930,0.336086,0.328415,0.277761,0.292333,0.274796,0.358849,0.386302,0.362030,0.341420,0.298724,0.268283,0.325401,0.441331,1.000000,0.363096,0.436402,0.333719,0.343908,0.306687,0.301387,0.341363,0.434257,0.344742,0.394174,0.392810,0.392085,0.334411,0.339970,0.254414,0.388043,0.279295,0.350429,0.291150,0.309039,0.314962,0.311600,0.418493,0.306064,0.415888,0.380772,0.297186,0.315714,0.370172,0.423102,0.245613,0.326420,0.208077,0.400625,0.374265,0.362137,0.408397,0.321710,0.359440,0.343334,0.296743,0.371330,0.354451,0.403581,0.328816,0.238515,0.410778,0.285912,0.322914,0.347534,0.398207,0.426637,0.349824,0.316774,0.339503,0.394337,0.324948,0.305319,0.342613,0.265829,0.262880,0.401784,0.320353,0.290261,0.480067,0.289977,0.299393,0.364147,0.389011,0.281005,0.385231,0.285424,0.408221,0.378003,0.296803,0.290055,0.352240,0.432477,0.284722,0.317156,0.471121,0.215420,0.315959,0.245998,0.400981,0.298769,0.328891,0.371729,0.245249,0.340428,0.357750,0.295679,0.269955,0.375919,0.264133,0.337331,0.289134,0.271769,0.334086,0.430789,0.347718,0.188189,0.277356,0.325049,0.399840,0.419810,0.260412,0.423614,0.320568,0.244588,0.273618,0.331975,0.243406,0.348312,0.231827,0.409358,0.317834,0.293607,0.387105,0.394804,0.265156,0.289358,0.268883,0.199506,0.299951,0.374826,0.362924,0.244715,0.359600,0.288992,0.334225,0.311486,0.393391,0.304013,0.353534,0.271854,0.306582,0.505178,0.210793,0.448008,0.279846,0.288184,0.351568,0.294590,0.196562,0.320459,0.332471,0.372429,0.336091,0.292864,0.282745,0.252200,0.336202,0.348472,0.240321,0.256017,0.334314,0.225394,0.367468,0.231591,0.372951,0.292844,0.157736,0.379041,0.393293,0.356653,0.246087,0.368847,0.213732,0.365204,0.192883,0.339622,0.272843,0.281765,0.219076,0.427006,0.334680,0.311583,0.256097,0.257345,0.174992,0.366411,0.270654,0.219711,#
16,0.340877,0.222033,0.263111,0.293468,0.166630,0.273777,0.268799,0.236181,0.195703,0.260388,0.297500,0.289938,0.330861,0.302284,0.309152,0.363096,1.000000,0.333146,0.254741,0.322679,0.430949,0.268261,0.378281,0.261470,0.184870,0.326522,0.327691,0.223929,0.207310,0.317714,0.219382,0.381914,0.154580,0.330217,0.200469,0.339323,0.272423,0.231077,0.328725,0.277455,0.219274,0.333107,0.253874,0.309789,0.271541,0.390889,0.277593,0.299259,0.238714,0.217437,0.200314,0.345292,0.425340,0.269391,0.267115,0.270445,0.176171,0.306973,0.283701,0.176044,0.178501,0.423626,0.330320,0.401470,0.405810,0.299245,0.309691,0.413501,0.202471,0.337762,0.152774,0.404852,0.324694,0.192241,0.282127,0.398129,0.221701,0.374409,0.348304,0.245076,0.237817,0.262739,0.261233,0.260647,0.288717,0.311578,0.426689,0.232942,0.364613,0.213201,0.285999,0.310740,0.255088,0.261873,0.260140,0.221258,0.382582,0.107622,0.307274,0.258479,0.304268,0.279538,0.157875,0.239804,0.253825,0.291004,0.325731,0.201264,0.178576,0.263733,0.281783,0.254423,0.296046,0.289420,0.304566,0.428259,0.305912,0.252375,0.145576,0.315199,0.314857,0.338568,0.315450,0.352685,0.354166,0.085592,0.201265,0.177249,0.185242,0.353468,0.155732,0.296748,0.408155,0.088056,0.394179,0.369191,0.140532,0.343966,0.224034,0.328729,0.165435,0.257368,0.194675,0.289942,0.280346,0.244207,0.156460,0.243637,0.226488,0.189209,0.194597,0.316272,0.195371,0.246508,0.288996,0.297809,0.222453,0.138358,0.298731,0.262269,0.148141,0.408294,0.328282,0.380961,0.309534,0.177359,0.298823,0.259418,0.256115,0.228951,0.158239,0.112210,0.285413,0.135027,0.239624,0.315606,0.200211,0.225716,0.259715,0.191491,0.229198,0.314838,0.302143,0.101466,0.111873,0.241071,0.381990,0.292859,0.265399,0.223897,0.351468,0.125946,0.145038,0.232689,0.326155,0.337354,0.101479,0.254422,0.215513,0.221188,#
17,0.471614,0.348079,0.290796,0.427665,0.313796,0.338988,0.292759,0.402386,0.266725,0.260787,0.385915,0.373300,0.265959,0.247545,0.365444,0.436402,0.333146,1.000000,0.291494,0.404894,0.429702,0.329315,0.319734,0.461527,0.361032,0.305702,0.334957,0.313219,0.326918,0.342850,0.312663,0.419012,0.491077,0.284313,0.220500,0.387939,0.216118,0.436690,0.419637,0.236963,0.352140,0.354640,0.234712,0.385277,0.261646,0.409764,0.401072,0.319373,0.360359,0.361232,0.373607,0.281666,0.272964,0.283806,0.328371,0.372551,0.382839,0.424887,0.351213,0.388890,0.316673,0.346415,0.298428,0.343720,0.337801,0.442632,0.442544,0.427063,0.365095,0.451114,0.354380,0.366709,0.427311,0.302072,0.286258,0.369854,0.304954,0.382052,0.290231,0.346917,0.362524,0.364458,0.517814,0.307168,0.412189,0.202259,0.390639,0.306278,0.478842,0.385044,0.325898,0.294036,0.375685,0.351210,0.249431,0.349404,0.369031,0.389944,0.369662,0.334511,0.347658,0.253927,0.262249,0.381269,0.272785,0.408798,0.371550,0.441348,0.214796,0.195174,0.345676,0.306036,0.348976,0.386138,0.272355,0.407487,0.345809,0.274804,0.261475,0.386828,0.293085,0.395974,0.286547,0.378861,0.478371,0.294176,0.291883,0.323141,0.186598,0.327727,0.227700,0.409760,0.462033,0.381289,0.389230,0.410100,0.399395,0.366714,0.279830,0.378453,0.409913,0.349054,0.242993,0.291879,0.385941,0.333586,0.189222,0.304739,0.249148,0.212756,0.356177,0.262900,0.265544,0.387140,0.340225,0.363496,0.291765,0.272500,0.486798,0.332712,0.336120,0.417876,0.315257,0.302065,0.352538,0.260143,0.274669,0.358533,0.296703,0.303844,0.424514,0.263748,0.322878,0.301057,0.397871,0.231900,0.386610,0.327349,0.173010,0.409883,0.320930,0.479479,0.330092,0.199092,0.159947,0.318079,0.301377,0.337565,0.408351,0.348923,0.351496,0.450715,0.341467,0.267376,0.435495,0.351389,0.269625,0.305771,0.279589,0.329565,#
18,0.370427,0.262935,0.260480,0.308225,0.298783,0.238633,0.285915,0.251485,0.209677,0.144930,0.407085,0.222399,0.322298,0.300384,0.335461,0.333719,0.254741,0.291494,1.000000,0.335262,0.314890,0.239177,0.158190,0.419882,0.312637,0.293743,0.319672,0.371269,0.310941,0.233863,0.237231,0.236467,0.363351,0.203422,0.289949,0.363505,0.362941,0.284406,0.316414,0.382981,0.333567,0.324049,0.264306,0.252442,0.229381,0.318298,0.215667,0.266579,0.211608,0.325069,0.356715,0.217539,0.361934,0.305231,0.260353,0.283918,0.265810,0.335073,0.256990,0.227510,0.214031,0.263611,0.349495,0.339854,0.272484,0.353269,0.401992,0.356921,0.226671,0.195135,0.125317,0.263200,0.258125,0.177368,0.249237,0.216042,0.238662,0.352498,0.350994,0.314262,0.345939,0.250748,0.316017,0.340944,0.271800,0.118183,0.407621,0.175919,0.377087,0.275764,0.331663,0.224584,0.307956,0.320428,0.270282,0.311220,0.453588,0.261448,0.245297,0.325321,0.241348,0.322919,0.348361,0.308598,0.355828,0.333685,0.286870,0.271868,0.255176,0.268789,0.347344,0.386429,0.263743,0.308687,0.287010,0.261955,0.263316,0.101354,0.294215,0.345307,0.269676,0.336771,0.258582,0.234225,0.277774,0.193504,0.257658,0.263435,0.302820,0.290836,0.271876,0.372999,0.258338,0.219515,0.364300,0.180481,0.243040,0.395779,0.186231,0.341817,0.327380,0.171561,0.212345,0.220288,0.293779,0.315448,0.131653,0.204998,0.178264,0.248598,0.234990,0.322472,0.256303,0.278504,0.256411,0.381919,0.383091,0.267261,0.215259,0.370224,0.269285,0.338222,0.274998,0.303013,0.257512,0.277568,0.312184,0.271697,0.243863,0.360911,0.120521,0.233298,0.338787,0.222159,0.221152,0.288288,0.322041,0.377916,0.404463,0.229494,0.243569,0.296202,0.333324,0.182718,0.323846,0.249721,0.330084,0.359970,0.290501,0.275266,0.294632,0.382983,0.345714,0.245992,0.296791,0.258203,0.198114,0.334258,0.372106,0.281773,#
19,0.381831,0.324280,0.307371,0.316361,0.411287,0.255951,0.292174,0.335727,0.323464,0.375167,0.362784,0.146809,0.382753,0.408174,0.447727,0.343908,0.322679,0.404894,0.335262,1.000000,0.309691,0.329234,0.302675,0.374023,0.314817,0.433765,0.363547,0.373922,0.327494,0.440959,0.263201,0.345428,0.330897,0.225013,0.346172,0.412840,0.209182,0.304292,0.457229,0.318009,0.377979,0.337150,0.200564,0.202440,0.303018,0.415163,0.424217,0.412802,0.267517,0.402527,0.372334,0.343859,0.285869,0.420801,0.333123,0.422053,0.309221,0.308804,0.325268,0.319282,0.309801,0.336849,0.377518,0.360363,0.401439,0.334318,0.364327,0.383913,0.321077,0.365836,0.352484,0.391216,0.395507,0.213958,0.378209,0.373774,0.298049,0.436149,0.445988,0.254134,0.436712,0.425535,0.410313,0.241393,0.476810,0.259246,0.390815,0.295464,0.426547,0.296421,0.272450,0.342906,0.405695,0.352205,0.301910,0.404218,0.429910,0.394786,0.191813,0.244438,0.326399,0.307002,0.343066,0.383083,0.390712,0.399161,0.359000,0.460517,0.198471,0.182722,0.321004,0.304350,0.379334,0.426312,0.404278,0.329527,0.398821,0.342585,0.371927,0.203823,0.435360,0.491091,0.287157,0.410258,0.476293,0.299061,0.335539,0.322179,0.157379,0.353469,0.244235,0.237315,0.418382,0.254312,0.397407,0.367738,0.329727,0.433408,0.322417,0.325830,0.375512,0.387246,0.288963,0.291614,0.343014,0.348420,0.209633,0.420478,0.357021,0.224637,0.304649,0.381583,0.335087,0.424722,0.345947,0.296759,0.325669,0.215747,0.338887,0.242845,0.389936,0.397324,0.395200,0.330191,0.378647,0.275115,0.275800,0.301970,0.329203,0.299591,0.383515,0.320609,0.357144,0.255032,0.307820,0.274431,0.363126,0.397251,0.293036,0.313293,0.213355,0.395113,0.300115,0.308416,0.281414,0.375216,0.324751,0.349299,0.372384,0.267856,0.417949,0.451105,0.282220,0.357668,0.299644,0.302054,0.270038,0.383745,0.422178,0.420343,#
20,0.392077,0.297086,0.397657,0.284681,0.337894,0.364298,0.299331,0.322883,0.298877,0.281034,0.293224,0.318220,0.314619,0.325035,0.331738,0.306687,0.430949,0.429702,0.314890,0.309691,1.000000,0.303174,0.288308,0.382123,0.400452,0.329826,0.324678,0.378310,0.319546,0.315225,0.242464,0.299482,0.319064,0.239379,0.254939,0.354773,0.312884,0.298097,0.318556,0.357278,0.350292,0.486414,0.255524,0.244525,0.335837,0.451869,0.364130,0.350799,0.304691,0.271728,0.228636,0.366888,0.429033,0.330182,0.339352,0.317869,0.338800,0.344456,0.320166,0.311665,0.316383,0.295039,0.385020,0.372856,0.391675,0.264220,0.380964,0.369480,0.423524,0.405619,0.272858,0.379075,0.472315,0.375159,0.250921,0.258777,0.376323,0.417828,0.317253,0.307601,0.277067,0.284030,0.449185,0.270042,0.336287,0.323374,0.449319,0.306361,0.467295,0.371766,0.330636,0.416214,0.388300,0.421340,0.338452,0.287022,0.444528,0.318013,0.305555,0.190148,0.328897,0.301031,0.328084,0.363783,0.289247,0.369368,0.311176,0.307281,0.262764,0.377037,0.407243,0.340991,0.337078,0.373428,0.276203,0.472341,0.441110,0.271666,0.157508,0.358938,0.313941,0.372930,0.297802,0.321053,0.371575,0.238590,0.358043,0.414895,0.295824,0.378068,0.266017,0.422452,0.323753,0.182147,0.384332,0.296583,0.390780,0.416430,0.295935,0.330603,0.362897,0.347565,0.196249,0.294924,0.381774,0.242690,0.207414,0.284723,0.245314,0.305623,0.371186,0.382634,0.187443,0.263000,0.327687,0.340709,0.256113,0.170034,0.312748,0.402765,0.305285,0.414163,0.263854,0.304803,0.441273,0.218814,0.191429,0.335851,0.294451,0.296206,0.335626,0.227545,0.285914,0.294394,0.250083,0.379888,0.232472,0.293415,0.428671,0.363497,0.285977,0.343039,0.286647,0.284200,0.277144,0.210772,0.318281,0.306910,0.380147,0.358865,0.347064,0.406183,0.320814,0.241016,0.389357,0.332096,0.250524,0.317129,0.333727,0.294642,#
21,0.375519,0.372319,0.409815,0.319268,0.291048,0.341433,0.314991,0.299683,0.290881,0.258836,0.320853,0.353000,0.173567,0.267720,0.208942,0.301387,0.268261,0.329315,0.239177,0.329234,0.303174,1.000000,0.247691,0.380904,0.318270,0.250462,0.351314,0.407845,0.318540,0.342202,0.281685,0.357900,0.269540,0.320003,0.212751,0.376056,0.363421,0.345178,0.435668,0.261959,0.307446,0.382247,0.174063,0.320528,0.296053,0.377131,0.399760,0.406723,0.165947,0.363928,0.330441,0.289529,0.323444,0.271366,0.290886,0.296797,0.308547,0.308049,0.278468,0.276936,0.247486,0.213639,0.434491,0.340192,0.423455,0.354153,0.311895,0.337555,0.404396,0.439839,0.465979,0.283511,0.472091,0.346676,0.240096,0.223096,0.323288,0.307148,0.269898,0.246679,0.409172,0.339754,0.285717,0.146618,0.409163,0.199274,0.403064,0.260781,0.365248,0.406491,0.246251,0.310586,0.284018,0.301774,0.318355,0.368017,0.386411,0.291565,0.243980,0.321137,0.492445,0.274305,0.240201,0.329187,0.278820,0.384950,0.295341,0.334345,0.259582,0.282163,0.366697,0.318335,0.285090,0.306914,0.258513,0.392168,0.443405,0.242360,0.256714,0.367923,0.253732,0.387080,0.189940,0.400694,0.265640,0.263408,0.271835,0.311460,0.176870,0.249127,0.283836,0.305453,0.377019,0.282594,0.328601,0.285426,0.377281,0.298482,0.209732,0.381605,0.345125,0.349061,0.281828,0.228964,0.330398,0.312355,0.288496,0.380448,0.312429,0.256037,0.276967,0.285316,0.310281,0.360834,0.279738,0.298791,0.259473,0.267866,0.283079,0.263795,0.363483,0.314000,0.257955,0.297602,0.351231,0.122533,0.104851,0.348484,0.250799,0.431052,0.258348,0.232323,0.353531,0.263394,0.267500,0.345936,0.339499,0.282222,0.255354,0.353374,0.261881,0.329907,0.195802,0.296661,0.179676,0.262396,0.273961,0.359554,0.401588,0.287579,0.392491,0.300671,0.351777,0.207392,0.419168,0.373783,0.222969,0.344758,0.317730,0.320006,#
