0,1.000000,0.135506,0.207213,0.162075,0.241032,0.161512,0.124029,0.063614,0.213482,0.149519,0.252458,0.109951,0.096506,0.045491,0.259364,0.260654,0.260313,0.319473,0.233214,0.328420,0.198622,0.147928,0.225484,0.403345,0.198549,0.142072,0.229516,0.051097,0.189204,0.293357,0.061388,0.248849,0.170139,0.202557,0.180957,0.170736,0.117868,0.111187,0.280700,0.209849,0.168963,0.107696,0.239126,0.126678,0.058761,0.135184,0.134071,0.253634,0.205433,0.269054,0.138751,0.136186,0.113190,0.213151,0.244254,0.236080,0.236879,0.216430,0.136142,0.132211,0.303272,0.182531,0.216130,0.115350,0.137637,0.158398,0.166939,0.213626,0.183203,0.186052,0.168145,0.104401,0.319589,0.237716,0.154120,0.007564,0.274501,0.252139,0.115150,0.103121,0.173146,0.118012,0.134866,0.200846,0.341409,0.134564,0.270117,0.240671,0.280230,0.129661,0.153778,0.070783,0.222464,0.144522,0.238187,0.258303,0.258738,0.090235,0.207788,0.280635,0.261952,0.177763,0.104283,0.270833,0.171188,0.184432,0.290273,0.193509,0.194967,-0.029080,0.043664,0.171548,0.110598,0.240361,0.142030,0.171088,0.189304,0.139799,0.127095,0.121955,0.278715,0.206373,0.243619,0.203124,0.219077,0.303803,0.225303,0.077103,0.093617,0.237017,0.239353,0.133472,0.225754,0.090462,0.181093,0.161537,0.299415,0.093399,0.033346,0.227745,0.307628,0.158196,0.110119,0.187582,0.175443,0.078740,0.142784,0.151984,0.267609,0.096738,0.001216,0.136915,0.261135,0.069342,0.201655,0.181730,0.178261,0.175379,0.223212,0.226069,0.214782,0.312654,0.126726,0.061159,0.135447,0.220928,0.139891,0.206402,0.209498,0.146799,0.219563,0.021271,0.277073,0.173495,0.039662,0.276652,0.343998,0.193478,0.170802,0.098628,0.168076,0.278246,0.134497,0.092887,0.148819,0.084638,0.218850,0.308169,0.249118,0.086061,0.097941,0.208300,0.105186,0.136988,0.314510,0.139867,0.101717,0.173395,0.341365,0.234020,#
1,0.135506,1.000000,0.173001,0.194518,0.182917,0.211663,0.237365,0.203964,0.325400,0.129755,0.338162,0.308194,0.178555,0.104382,0.071128,0.081933,0.182356,0.230300,0.082247,0.217525,0.096962,0.213173,0.125799,0.181754,0.249286,0.208132,0.173449,0.255273,-0.000186,0.226986,0.243519,0.192713,0.127920,0.246119,0.052462,0.153316,0.180404,0.088605,0.318962,0.177427,0.137541,0.085301,0.313909,0.187519,0.148881,0.197854,0.386045,0.203446,0.180278,0.089232,0.215818,0.233441,0.276305,0.186145,0.111044,0.220696,0.178783,0.116362,0.174000,0.175771,0.165038,0.161764,0.233052,0.079419,0.164460,0.296765,0.196736,0.269395,0.238997,0.280293,0.190208,0.219900,0.355164,0.106477,0.258182,0.178706,0.172665,0.217751,0.330314,0.092004,0.193884,0.287755,0.143512,0.207143,0.314550,0.015454,0.249335,0.238172,0.208501,0.166178,0.200584,0.200666,0.109428,0.189532,0.161420,0.245362,0.101199,0.076756,0.135487,0.136494,0.248823,0.090333,0.117516,0.183928,0.092635,0.215932,0.267988,0.300336,0.191095,0.159330,0.172970,0.220567,0.121945,0.174450,0.235352,0.355300,0.192580,0.165880,0.131637,0.124989,0.081878,0.227380,0.279060,0.243881,0.230539,0.183998,0.162192,0.194087,0.221743,0.259776,0.138647,0.240132,0.208157,0.220766,0.303450,0.319338,0.269803,0.313815,0.171941,0.268117,0.218781,0.114522,0.215300,0.214739,0.289658,0.137892,0.093308,0.141084,0.237889,0.097111,0.181817,0.172638,0.083815,0.000897,0.360736,0.219311,0.119487,0.153757,0.048351,0.079032,0.071396,0.327455,0.196822,0.231569,0.238821,0.115108,0.124115,0.060155,0.184661,0.302364,0.183650,0.205947,0.168299,0.158289,0.171567,0.233260,0.126159,0.241350,0.204742,0.110131,0.159212,0.105772,0.248245,0.127507,0.229102,0.198905,0.114726,0.036683,0.267715,0.266415,0.263185,0.239664,0.038242,0.143948,0.174625,0.154625,0.053419,0.292573,0.124991,0.285334,#
2,0.207213,0.173001,1.000000,0.244209,0.298495,0.111627,0.249184,0.254743,0.184777,0.188444,0.306388,0.334788,0.163353,0.342707,0.080539,0.238255,0.139218,0.100155,0.190399,0.239357,0.306573,0.286152,0.087419,0.173862,0.187686,0.294819,0.281207,0.166491,0.069277,0.326105,0.104564,0.094057,0.182374,0.175040,0.161100,0.210605,0.149485,0.102936,0.178262,0.103260,0.253750,0.147010,0.298898,0.097294,0.147749,0.256750,0.214160,0.174568,0.065662,0.163733,0.205674,0.305163,0.255161,0.173497,0.115835,0.215762,0.198148,0.082721,0.202168,0.241955,0.282099,0.152776,0.168542,0.178427,0.303870,0.250575,0.177236,0.067804,0.248303,0.266747,0.158302,0.161188,0.158378,0.224006,0.286044,0.158856,0.215235,0.216111,0.200923,0.172766,0.301975,0.111341,0.138657,0.047676,0.284825,0.116571,0.294745,0.251910,0.117685,0.128497,0.109089,0.252244,0.259441,0.200031,0.184317,0.230207,0.230307,0.130299,0.228203,0.186128,0.290244,0.175599,0.115203,0.273228,0.145845,0.234704,0.273477,0.226482,0.196005,0.206960,0.190394,0.221523,0.241692,0.193488,0.160853,0.298510,0.188046,0.181972,-0.039658,0.097572,0.175316,0.181972,0.130101,0.197642,0.218009,0.105334,0.270787,0.188100,0.193642,0.227816,0.135472,0.223607,0.200065,0.166711,0.327358,0.222359,0.252801,0.224537,0.081037,0.100397,0.148836,0.171785,0.196691,0.199902,0.316367,0.178382,0.054085,0.135874,0.272370,0.120478,0.137306,0.310324,0.258786,0.194486,0.152294,0.123241,0.089047,0.052730,0.212374,0.227205,0.128299,0.321821,0.228632,0.297685,0.174292,0.231322,0.145634,0.114883,0.082721,0.135296,0.096689,0.313506,0.167932,0.089092,0.188634,0.170262,0.267476,0.220403,0.040827,0.128345,0.230783,0.181605,0.097409,0.316272,0.071031,0.202873,0.152672,0.066968,0.215405,0.096058,0.111280,0.229245,0.310056,0.105288,0.187603,0.096682,-0.011464,0.191961,0.301653,0.247749,#
3,0.162075,0.194518,0.244209,1.000000,0.278414,0.153355,0.259226,0.195363,0.355740,0.185857,0.265854,0.309673,0.154572,0.224254,0.170196,0.181070,0.229792,0.286174,0.242965,0.233327,0.285436,0.260473,0.219014,0.368394,0.226119,0.254565,0.261958,0.183552,0.198376,0.340587,0.261757,0.271150,0.381017,0.317060,0.068284,0.265316,0.326272,0.324704,0.387395,0.165712,0.240238,0.320034,0.277995,0.359886,0.143981,0.231853,0.213049,0.254477,0.067899,0.219107,0.233900,0.218910,0.295125,0.169221,0.149872,0.334852,0.245430,0.223712,0.172490,0.253718,0.252943,0.091836,0.234773,0.148559,0.385416,0.228312,0.261078,0.141625,0.091525,0.362870,0.210103,0.169400,0.329388,0.159128,0.272601,0.273635,0.253406,0.220977,0.256414,0.110499,0.318644,0.297412,0.238357,0.124984,0.364339,0.138024,0.235040,0.203071,0.250745,0.263746,0.314891,0.208081,0.255490,0.297808,0.218055,0.286503,0.249516,0.101269,0.272360,0.210337,0.320183,0.103423,0.197877,0.242796,0.347103,0.179605,0.323863,0.261872,0.153656,0.182198,0.181060,0.175333,0.235643,0.225948,0.145889,0.230439,0.220031,0.194029,0.109683,0.140251,0.262089,0.237179,0.237403,0.327043,0.222507,0.162977,0.308778,0.271963,0.171070,0.277133,0.302133,0.297001,0.304828,0.276442,0.273222,0.330590,0.176334,0.214605,0.231207,0.223608,0.174129,0.339204,0.291728,0.187694,0.194638,0.185241,0.246038,0.369933,0.210120,0.250817,0.107000,0.153342,0.145299,0.235610,0.330408,0.131930,0.077898,0.158283,0.304659,0.298005,0.234041,0.307462,0.281360,0.284007,0.212863,0.204613,0.211823,0.216953,0.137765,0.208611,0.243603,0.131691,0.184867,0.112705,0.171242,0.327561,0.247851,0.299282,0.098539,0.193830,0.177052,0.292645,0.293415,0.185336,0.063505,0.149583,0.155919,0.153323,0.177410,0.186697,0.185216,0.273698,0.320753,0.160354,0.197025,0.231405,0.243763,0.251610,0.219027,0.182450,#
4,0.241032,0.182917,0.298495,0.278414,1.000000,0.249101,0.148493,0.211641,0.322649,0.183166,0.135102,0.216841,0.237264,0.259021,0.166663,0.226615,0.203667,0.252599,0.244766,0.388917,0.391298,0.190616,0.247109,0.364707,0.170357,0.348386,0.165053,0.118184,0.216529,0.178854,0.117771,0.213613,0.271082,0.228064,0.127699,0.252802,0.344985,0.172070,0.280323,0.181441,0.288766,0.296219,0.269962,0.174580,0.362780,0.246006,0.388822,0.242029,0.173511,0.190520,0.115879,0.217395,0.237067,0.301113,0.316214,0.348494,0.221322,0.209240,0.280592,0.231757,0.324526,0.280141,0.125917,0.033528,0.211399,0.174022,0.239245,0.200557,0.162363,0.272848,0.241954,0.234818,0.322635,0.217829,0.233478,0.057424,0.167885,0.312860,0.268602,0.174384,0.303674,0.288354,0.142307,0.086250,0.440317,0.127786,0.251175,0.259470,0.278171,0.243823,0.287716,0.106468,0.222491,0.195623,0.251363,0.278351,0.204330,0.195735,0.211345,0.224414,0.256418,0.118995,0.218583,0.304379,0.201089,0.245259,0.160536,0.281083,0.172638,0.273305,0.311753,0.258348,0.297965,0.402816,0.181678,0.131898,0.222189,0.131561,0.050551,0.077483,0.164574,0.233121,0.231045,0.186439,0.344827,0.071702,0.311550,0.179050,0.263807,0.235847,0.274230,0.140826,0.328206,0.258480,0.330306,0.321129,0.239559,0.073772,0.203190,0.176673,0.254494,0.126109,0.285222,0.202714,0.279066,0.288905,0.180489,0.219399,0.236919,0.233437,0.140239,0.192570,0.278022,0.357371,0.332958,0.142643,0.264218,0.151490,0.168607,0.257467,0.264150,0.229136,0.179298,0.177198,0.040623,0.276727,0.106343,0.151740,0.118794,0.192258,0.115010,0.195430,0.332279,0.192682,0.280844,0.290888,0.292007,0.317297,0.156119,0.167153,0.109459,0.099681,0.268713,0.210433,0.126475,0.221309,0.042270,0.268051,0.253393,0.265771,0.094547,0.235615,0.150628,0.157447,0.155288,0.270636,0.182462,0.295100,0.264504,0.360620,#
5,0.161512,0.211663,0.111627,0.153355,0.249101,1.000000,0.143310,0.221319,0.275097,0.254558,0.261389,0.130926,0.238377,0.140419,0.171541,0.152478,0.209276,0.233469,0.073969,0.217983,0.228936,0.087595,0.211475,0.275320,0.244665,0.167371,0.232971,0.203508,0.237121,0.223234,0.202799,0.277029,0.314834,0.226748,0.026919,0.146569,0.252826,0.026428,0.221189,0.191507,0.207707,0.211843,0.113608,0.285592,0.117607,0.176273,0.243249,0.078133,0.181890,0.185151,0.159263,0.217169,0.135864,0.098727,0.103889,0.259781,0.093074,0.079077,0.365894,0.148098,0.193549,0.179761,0.205762,0.070157,0.267758,0.240015,0.198834,0.181289,0.217018,0.075884,0.179251,0.164142,0.279900,0.236686,0.191558,0.158191,0.220126,0.223138,0.220434,0.213233,0.160619,0.203140,0.252227,0.041625,0.132147,0.143385,0.153121,0.210230,0.250749,0.056393,0.038296,0.241714,0.276618,0.278058,0.151341,0.240493,0.120083,0.173932,0.227888,0.117210,0.205796,0.175000,0.057808,0.212147,0.123528,0.202381,0.190893,0.282864,0.150672,0.122748,0.206145,0.218728,0.158499,0.172106,0.194129,0.128409,0.221911,0.191816,0.018668,0.085619,0.062219,0.227924,0.104569,0.231497,0.108248,0.098210,0.129031,0.047673,0.239572,0.268746,0.262264,0.254055,0.289568,0.178447,0.331205,0.326844,0.172590,0.156113,0.121856,0.034916,0.258496,0.173838,0.192413,0.237199,0.264469,0.117239,0.071948,0.150982,0.096853,0.133601,0.186904,0.067678,0.217390,0.198545,0.231515,0.205214,0.269801,0.103578,0.272603,0.100905,0.193546,0.210732,0.202639,0.161765,0.163194,0.142207,0.031253,0.196290,0.227131,0.244702,0.282616,0.237212,0.223827,0.126965,0.086206,0.193060,0.242927,0.235174,0.233049,0.094101,0.244862,0.114195,0.383321,0.168163,0.163918,0.241760,0.205751,0.129067,0.134607,0.129843,0.142619,0.190041,0.129273,0.111092,0.247312,0.092355,0.064171,0.304625,0.169003,0.277059,#
6,0.124029,0.237365,0.249184,0.259226,0.148493,0.143310,1.000000,0.141714,0.238785,0.048376,0.171619,0.161914,0.103078,0.202216,0.095762,0.212053,0.184157,0.217161,0.199212,0.130915,0.260400,0.140336,-0.017511,0.113280,0.083647,0.206772,0.134211,0.096578,0.128327,0.254952,0.064707,0.160038,0.117243,0.174847,0.041062,0.115024,0.033429,0.163554,0.163782,0.199354,0.136819,0.036110,0.144357,0.159031,0.176613,0.142390,0.212968,0.170292,0.142484,0.159947,0.089708,0.184985,0.220278,0.196294,0.010961,0.152663,0.135686,0.168625,0.233628,0.204710,0.253720,0.122868,0.097659,0.126997,0.212090,0.341926,0.197779,0.211102,0.148665,0.167197,0.137659,0.168969,0.225875,0.187441,0.263885,0.194181,0.180907,0.199397,0.242051,0.089651,0.213626,0.125628,0.255475,0.016013,0.223226,0.112347,0.147338,0.189298,0.104392,0.113548,0.167336,0.046742,0.115257,0.136688,0.119182,0.097751,0.229862,0.105499,0.154174,0.286794,0.220154,0.188844,0.232385,0.103044,-0.121216,0.171179,0.162777,0.130287,0.101512,0.127224,0.169970,0.203167,0.072600,-0.006768,0.127874,0.127414,0.314929,0.063261,0.144096,0.109656,0.203737,0.181368,0.084008,0.181853,0.160277,0.151847,0.052361,0.211552,0.067517,0.253377,0.166308,0.125262,0.261260,0.047652,0.242262,0.200324,0.134256,0.181078,0.183030,0.172064,0.159987,0.080409,0.066019,0.203113,0.062975,0.170249,0.123904,0.063216,0.189782,-0.072515,0.275005,0.033137,0.198573,0.026358,0.275906,0.077216,0.001821,0.237185,0.187606,0.087193,0.027200,0.290469,0.228646,0.237996,0.199491,0.207093,0.131041,0.146388,0.142337,0.135279,0.045032,0.068753,0.125465,0.059115,0.168252,0.199762,0.084861,0.198194,0.218477,0.019118,0.101500,0.109045,0.224453,0.264008,0.246397,0.159243,0.069473,0.162700,0.074004,0.240550,0.069945,0.154527,0.149189,0.249702,0.095588,0.060473,0.130101,0.208969,0.140661,0.241623,#
7,0.063614,0.203964,0.254743,0.195363,0.211641,0.221319,0.141714,1.000000,0.343575,0.208720,0.284228,0.332927,0.113269,0.220075,0.270439,0.156337,0.216484,0.298947,0.084913,0.221153,0.203409,0.231940,0.259594,0.205574,0.281711,0.183431,0.269556,0.272763,0.115037,0.269823,0.160074,0.182450,0.239580,0.193039,0.053807,0.188527,0.061705,0.090105,0.303631,0.174794,0.129545,0.156957,0.199362,0.305777,0.217295,0.251352,0.217833,0.239857,0.168911,0.192547,0.248247,0.174665,0.154541,0.284782,0.129913,0.207331,0.190065,0.234236,0.215035,0.193625,0.233196,0.174427,0.199940,0.118434,0.284247,0.259348,0.194364,0.110179,0.224368,0.374097,0.181123,0.097723,0.412663,0.190351,0.212265,0.226627,0.132693,0.272612,0.286219,0.317312,0.244689,0.184007,0.235220,0.139571,0.281708,0.133214,0.193966,0.154010,0.222673,0.209564,0.117966,0.123883,0.240387,0.266648,0.131875,0.073876,0.091277,0.205334,0.148987,0.174186,0.235114,0.135697,0.142396,0.179713,0.055312,0.280548,0.329651,0.172672,0.167969,0.202198,0.072296,0.120256,0.171894,0.183889,0.381471,0.258623,0.098561,0.047365,0.071754,0.298713,0.202611,0.252233,0.165654,0.292152,0.296795,0.143577,0.254246,0.275646,0.168798,0.135927,0.178531,0.154126,0.336800,0.189496,0.388965,0.323005,0.073576,0.351345,0.117058,0.166489,0.283058,0.162040,0.167503,0.131992,0.228036,0.151185,0.202532,0.190679,0.214144,0.209347,0.154848,0.261936,0.150917,0.185373,0.097659,0.217260,0.216777,0.198282,0.194470,0.262344,0.197015,0.219936,0.263145,0.152167,0.045736,0.300554,0.223903,0.085791,0.117795,0.169553,0.233811,0.195098,0.277224,0.168552,0.264441,0.182200,0.173150,0.187864,0.031340,0.199377,0.295847,0.139930,0.180288,0.205281,-0.030906,0.233730,0.041377,-0.008444,0.177034,0.297276,0.204186,0.134106,0.180134,0.088343,0.190706,0.166338,0.099475,0.197701,0.244946,0.189922,#
8,0.213482,0.325400,0.184777,0.355740,0.322649,0.275097,0.238785,0.343575,1.000000,0.228282,0.260775,0.245035,0.191518,0.238750,0.313219,0.274870,0.156422,0.256413,0.162895,0.283166,0.243657,0.267660,0.263174,0.370720,0.190023,0.287411,0.220591,0.252644,0.111245,0.334467,0.144273,0.269019,0.196539,0.236497,0.100727,0.277902,0.304320,0.158086,0.278834,0.247846,0.197846,0.258143,0.158640,0.227206,0.308848,0.253080,0.204231,0.219785,0.175224,0.217856,0.209854,0.378910,0.122447,0.379254,0.199408,0.386404,0.188878,0.328807,0.180106,0.339121,0.314770,0.154404,0.342432,0.018630,0.353902,0.378511,0.283198,0.206608,0.369147,0.320231,0.210944,0.174735,0.388815,0.184726,0.248336,0.189706,0.188919,0.248058,0.271736,0.216096,0.282182,0.339311,0.260649,0.083929,0.379154,0.176145,0.204371,0.227654,0.227644,0.301760,0.225745,0.235465,0.248461,0.216156,0.386315,0.328939,0.238846,0.175606,0.245787,0.159327,0.303837,0.135229,0.176473,0.249772,0.289214,0.249304,0.344330,0.266924,0.128755,0.215659,0.122469,0.227754,0.086306,0.247945,0.298794,0.369495,0.227378,0.168392,0.082550,0.271577,0.297457,0.269529,0.236329,0.252384,0.303789,0.309909,0.269233,0.351480,0.166470,0.287474,0.204822,0.130715,0.367634,0.214940,0.394624,0.342122,0.193638,0.230711,0.233121,0.141731,0.255274,0.255707,0.311226,0.189862,0.194807,0.207372,0.261580,0.323475,0.220916,0.211606,0.266002,0.120535,0.234458,0.296655,0.399433,0.330922,0.199399,0.290143,0.195741,0.288400,0.150789,0.262936,0.203129,0.212675,0.256057,0.249382,0.254731,0.129954,0.221371,0.218996,0.270455,0.217078,0.194041,0.192397,0.238467,0.289977,0.173989,0.339826,0.244992,0.190261,0.249538,0.201115,0.113003,0.297388,0.204842,0.261191,0.052076,0.057623,0.276504,0.293754,0.226719,0.218913,0.195157,0.157111,0.274052,0.140236,0.193984,0.153986,0.230159,0.210067,#
9,0.149519,0.129755,0.188444,0.185857,0.183166,0.254558,0.048376,0.208720,0.228282,1.000000,0.332887,0.116293,0.071653,0.164806,0.186155,0.222987,0.113957,0.081391,0.066705,0.297501,0.184902,0.125293,0.215558,0.207606,0.080208,0.093545,0.262122,0.193847,0.148250,0.209166,0.285251,0.185362,0.105123,0.217988,0.216761,0.172087,0.067427,0.153345,0.227063,0.035457,0.270312,0.153659,0.156947,0.013466,0.126357,0.232891,0.181931,0.125628,0.031156,0.089352,0.069044,0.243419,0.126878,0.187125,0.101176,0.261538,0.191312,0.160765,0.180675,0.102091,0.215751,0.106828,0.313161,0.121587,0.260894,0.244142,0.116863,0.048971,0.192849,0.092578,0.289851,0.193062,0.203671,0.154889,0.182052,0.151705,0.068446,0.156661,0.311081,0.244093,0.101730,0.277985,0.025727,0.029359,0.310731,0.140327,0.187944,0.255813,0.002284,-0.048963,0.055204,0.236252,0.192153,0.096654,0.177196,0.142560,0.224241,0.223026,0.206855,0.014181,0.150256,0.193104,0.301320,0.123739,0.294268,0.150962,0.178133,0.075763,0.193352,0.107836,0.108606,0.223196,0.260392,0.303648,0.076933,0.238386,0.123049,0.144939,0.163290,-0.030633,0.198248,0.293195,0.141322,0.227036,0.153560,0.116367,0.004143,0.220367,0.212789,0.231157,0.186560,0.104199,0.171009,0.247512,0.224144,0.188832,0.203787,0.227158,0.070853,0.019947,0.050296,0.256857,0.207586,0.150082,0.070239,0.073525,0.155566,0.186464,0.131921,0.250719,0.109272,-0.001072,0.301076,0.259135,0.232374,0.215445,0.202938,0.191147,0.313929,0.141197,0.182233,0.119088,0.077318,0.274538,0.168314,0.089839,0.088220,0.141619,0.323836,0.106825,0.169599,0.196274,0.175409,0.155764,0.139140,0.270421,0.199424,0.135818,0.109818,0.158338,0.075256,0.050277,0.259848,0.167241,0.049816,0.208099,0.107863,0.068826,0.344826,0.198576,0.154469,0.191222,0.080086,0.112622,0.135392,0.119122,0.083586,0.129017,0.167528,0.183301,#
10,0.252458,0.338162,0.306388,0.265854,0.135102,0.261389,0.171619,0.284228,0.260775,0.332887,1.000000,0.146279,0.015059,0.195575,0.242441,0.185249,0.218950,0.253107,0.207902,0.293733,0.191469,0.113185,0.054775,0.266671,0.196853,0.128961,0.240794,0.257120,0.065847,0.282087,0.194542,0.256990,0.216530,0.183697,0.171665,0.221585,0.096720,0.165587,0.320971,0.127499,0.251334,0.110357,0.192666,0.072246,0.079535,0.182141,0.256212,0.215570,0.246638,0.276976,0.122759,0.295767,0.157161,0.217835,0.114845,0.286004,0.086821,0.156878,0.196172,0.248689,0.155900,0.218060,0.235065,0.265232,0.323912,0.296327,0.276141,0.110653,0.173505,0.193423,0.145234,0.216018,0.285480,0.188528,0.194755,0.223517,0.178464,0.155897,0.196186,0.156732,0.244827,0.243182,0.250525,0.180520,0.319037,0.080357,0.239320,0.239755,0.142778,0.226053,0.093183,0.161130,0.264141,0.181623,0.224948,0.281385,0.152605,0.029301,0.339987,0.191541,0.177533,0.136103,0.187858,0.187793,0.297255,0.071764,0.277181,0.288116,0.152260,0.116026,0.081069,0.244659,0.152220,0.172855,0.347131,0.395467,0.137498,0.123937,0.151994,0.069571,0.141429,0.288798,0.115347,0.221903,0.161402,0.107564,0.228141,0.247101,0.176668,0.275432,0.245372,0.144137,0.247812,0.113443,0.245001,0.249803,0.159214,0.394333,0.072413,0.160929,0.295697,0.155086,0.175738,0.173526,0.162555,0.083320,0.017667,0.112988,0.160404,0.192085,0.162458,0.210509,0.332700,0.116290,0.239376,0.227116,0.258016,0.034919,0.272336,0.190817,0.202427,0.219744,0.319613,0.243317,0.223684,0.173348,0.265010,0.175761,0.251326,0.231525,0.225018,0.182592,0.114723,0.193855,0.178151,0.121402,0.217312,0.269380,0.157184,0.250183,0.194868,0.155473,0.310147,0.137336,0.185829,0.173472,0.093024,-0.009737,0.215017,0.191521,0.237308,0.201352,0.179121,0.134238,0.267489,0.112681,0.017637,0.296349,0.280223,0.387616,#
11,0.109951,0.308194,0.334788,0.309673,0.216841,0.130926,0.161914,0.332927,0.245035,0.116293,0.146279,1.000000,0.146211,0.162490,0.029362,0.096271,0.147901,0.312002,0.183645,0.074223,0.172118,0.277004,0.033537,0.157507,0.302234,0.282213,0.021147,0.289903,-0.023139,0.271371,0.281725,0.242954,0.190712,0.243851,0.098172,0.190153,0.278540,0.103073,0.217704,0.196430,0.170443,0.261219,0.301834,0.248810,0.082112,0.281379,0.265946,0.133443,0.175104,0.100146,0.215918,0.261101,0.187680,0.344365,0.033547,0.152334,0.182912,0.253423,0.223969,0.137498,0.150151,0.111393,0.269240,0.075378,0.232871,0.317358,0.240043,0.293481,0.226030,0.275079,0.135833,0.112468,0.314753,0.107722,0.179921,0.131658,0.183105,0.189272,0.227692,0.129400,0.264930,0.174353,0.238403,0.122516,0.354963,0.018265,0.241260,0.288724,0.297781,0.078596,0.146363,0.217419,0.331206,0.362237,0.200599,0.285438,0.078803,0.108718,0.196082,0.249900,0.223798,0.156475,0.105620,0.173973,0.131775,0.346061,0.287966,0.280784,0.242736,0.206650,0.227562,0.209404,0.226857,0.231181,0.011572,0.390877,0.151880,0.198542,-0.004180,0.182241,0.149262,0.260959,0.272075,0.184711,0.284748,0.081195,0.189022,0.260940,0.211829,0.224127,0.153061,0.313473,0.285594,0.278385,0.203987,0.205531,0.047487,0.357021,0.045380,0.280196,0.182127,0.123468,0.201910,0.205747,0.280841,0.142653,0.174920,0.158615,0.201753,0.132806,0.095041,0.295822,0.157192,0.199842,0.334972,0.169590,0.134114,0.051466,0.218635,0.213102,0.157874,0.299249,0.057906,0.144003,0.168847,0.141311,0.284648,0.156060,0.236914,0.255503,0.204725,0.107225,0.163169,0.065846,0.179722,0.267174,0.250460,0.208475,0.087919,0.169627,0.235348,0.154035,0.208806,0.090418,-0.005704,0.242738,0.101758,0.091191,0.197734,0.253550,0.190695,0.120734,0.341667,0.126705,0.322665,0.111685,0.183291,0.202049,0.172332,0.271372,#
12,0.096506,0.178555,0.163353,0.154572,0.237264,0.238377,0.103078,0.113269,0.191518,0.071653,0.015059,0.146211,1.000000,0.118515,0.206397,0.082936,0.273805,0.190496,0.209276,0.316777,0.171882,0.120250,0.182805,0.247704,0.093622,0.148681,0.209166,0.194230,0.160574,0.244301,0.034771,0.205598,0.300564,0.129506,0.152212,0.210107,0.196080,0.049920,0.156845,0.190659,0.207280,0.039169,0.256364,0.303734,0.226746,0.263527,0.212644,-0.000977,0.186607,0.088205,0.293745,0.134995,0.120149,0.255394,0.110968,0.187871,0.081308,0.183588,0.187106,0.016136,0.150010,0.279787,0.083742,0.145319,0.319190,0.168806,0.127415,0.110741,0.229875,0.122174,0.121059,0.180997,0.208586,0.087077,0.296505,0.200438,0.203905,0.079434,0.134448,0.058485,0.213461,0.145432,0.126874,0.100991,0.234835,0.192213,0.148704,0.247574,0.235056,0.105541,0.131611,0.145654,0.091348,0.197088,0.209603,0.210043,0.341047,0.210546,0.100319,0.092901,0.159323,0.196197,0.125097,0.225886,0.202395,0.168405,0.200092,0.124044,0.073273,0.132161,0.253876,0.065483,0.153208,0.176414,0.138445,0.101689,0.186420,0.107010,0.143379,0.059120,0.186495,0.217680,0.246452,0.255009,0.183507,0.041019,0.199462,0.068836,0.068817,0.098892,0.156293,0.168071,0.153298,0.158816,0.189915,0.139106,0.230541,0.198521,0.211940,0.134916,0.185656,0.128793,0.150582,0.149174,0.099669,0.227754,0.111491,0.184943,0.160332,0.155594,0.102932,0.296998,0.115172,0.119437,0.130748,0.189472,0.109205,-0.035689,0.087142,0.142721,0.119025,0.335975,0.198026,0.218925,0.164290,0.078531,0.205135,0.056047,0.084928,0.145241,0.155529,0.201432,0.170672,0.131299,0.225089,0.131448,0.176474,0.253772,0.063962,0.140705,0.160639,0.162550,0.226807,0.157313,0.097916,0.190219,0.142546,0.245709,0.118764,0.003321,0.189156,0.130780,0.167298,0.131719,0.056271,0.133558,0.146191,0.180140,0.203725,0.064499,#
13,0.045491,0.104382,0.342707,0.224254,0.259021,0.140419,0.202216,0.220075,0.238750,0.164806,0.195575,0.162490,0.118515,1.000000,0.273220,0.179053,0.245880,0.121187,0.213559,0.270582,0.285396,0.189807,0.069686,0.240108,0.102854,0.305374,0.331082,0.271531,0.141939,0.268053,0.188954,0.220702,0.287893,0.200068,0.197604,0.158166,0.065928,0.201856,0.051767,0.163402,0.163028,0.246660,0.265986,0.229926,0.222652,0.241881,0.211642,0.176223,0.183711,0.128250,0.176201,0.233987,0.265425,0.340447,0.170534,0.337053,0.119939,0.264323,0.198681,0.274882,0.266153,0.173546,0.320906,0.118705,0.208235,0.192070,0.385149,0.170558,0.344179,0.227250,0.057074,0.101727,0.249893,0.185118,0.304538,0.210060,0.272047,0.319473,0.260330,0.264088,0.258440,0.336421,0.205676,0.298162,0.306796,0.067590,0.290448,0.240516,0.230173,0.221234,0.174680,0.202000,0.312179,0.305422,0.169523,0.166737,0.192394,0.152810,0.252911,0.296881,0.260553,0.244073,0.259921,0.328250,0.178619,0.258209,0.278937,0.212985,0.321323,0.219205,0.132914,0.221492,0.336185,0.198509,0.327657,0.275343,0.263868,0.264028,0.099547,0.244901,0.299769,0.284170,0.196794,0.301499,0.249652,0.071326,0.147746,0.086238,0.268183,0.246451,0.150156,0.182513,0.197708,0.198643,0.401955,0.266816,0.258057,0.209522,0.271723,0.190076,0.010913,0.190823,0.384995,0.224500,0.233629,0.324926,0.263285,0.270562,0.117716,0.289641,0.094154,0.220925,0.203658,0.298845,0.284917,0.283874,0.045251,0.240566,0.274573,0.283326,0.174133,0.325298,0.192485,0.348398,0.198693,0.228877,0.099146,0.109426,0.198567,0.245848,0.220816,0.349972,0.197519,0.140399,0.237778,0.225868,0.133585,0.254522,0.287648,0.026761,0.168504,0.256053,0.188041,0.277206,0.185753,0.255695,0.207349,0.146291,0.095448,0.213515,0.172413,0.254480,0.234656,0.195778,0.159291,0.270869,0.171039,0.160977,0.301766,0.205140,#
14,0.259364,0.071128,0.080539,0.170196,0.166663,0.171541,0.095762,0.270439,0.313219,0.186155,0.242441,0.029362,0.206397,0.273220,1.000000,0.298344,0.139258,0.208146,0.262654,0.327485,0.195939,0.099964,0.206228,0.322989,0.195750,0.083540,0.241731,0.221576,0.248176,0.255136,0.099876,0.231248,0.163114,0.131499,0.222822,0.198342,0.151774,0.232389,0.188109,0.251962,0.145486,0.071415,0.234248,0.104785,0.256066,0.312517,0.196880,0.104002,0.098648,0.189203,0.283389,0.121444,0.202702,0.280865,0.357689,0.264408,0.220797,0.191585,0.190353,0.166038,0.272257,0.215527,0.182961,0.194963,0.208919,0.087297,0.235701,0.181699,0.184786,0.245875,0.159751,0.180921,0.174526,0.309937,0.202246,0.100286,0.240893,0.226825,0.146750,0.191213,0.266281,0.243488,0.223800,0.241270,0.283965,0.171601,0.046055,0.149069,0.165911,0.158144,0.121069,0.151342,0.291993,0.235614,0.251671,0.137861,0.300816,0.132184,0.167913,0.142771,0.204910,0.229792,0.189257,0.231614,0.248922,0.149509,0.259592,0.260635,0.047831,0.155750,0.004462,0.016262,0.169145,0.163761,0.224061,0.206518,0.143586,0.152493,0.195448,0.170357,0.368323,0.280051,0.030447,0.175486,0.234247,0.083422,0.172027,0.221995,0.042624,0.297765,0.096577,0.130682,0.210726,0.072186,0.225258,0.175377,0.131351,0.192194,0.100723,0.067373,0.283723,0.253262,0.268560,0.152590,0.067168,0.297315,0.113374,0.154431,0.075887,0.104880,0.205107,0.071482,0.113132,0.226322,0.180744,0.215151,0.237629,0.168928,0.120408,0.140422,0.125044,0.194784,0.171492,0.114840,0.193930,0.104826,0.215569,0.122845,0.105351,0.261346,0.272077,0.226097,0.237565,0.152435,0.135420,0.120332,0.301920,0.305874,0.268503,0.181162,0.214370,0.267630,0.161740,0.204528,0.191312,0.122167,0.111418,-0.021917,0.090579,0.232662,0.039559,0.189358,0.175001,0.281810,0.224876,0.097793,0.038557,0.176266,0.278181,0.085627,#
15,0.260654,0.081933,0.238255,0.181070,0.226615,0.152478,0.212053,0.156337,0.274870,0.222987,0.185249,0.096271,0.082936,0.179053,0.298344,1.000000,0.286600,0.330359,0.192217,0.240144,0.156066,0.112475,0.216403,0.331679,0.165894,0.269869,0.261893,0.169304,0.203487,0.273548,0.118959,0.305644,0.162670,0.282134,0.141632,0.177219,0.149170,0.103797,0.256385,0.083821,0.240463,0.183024,0.190195,0.156971,0.271396,0.183375,0.036137,0.175137,0.069782,0.241581,0.017957,0.323004,0.207679,0.191475,0.212502,0.222971,0.114469,0.151549,0.250797,0.277965,0.277667,0.074102,0.286723,0.093358,0.139185,0.294316,0.225415,0.244950,0.188670,0.074971,0.213279,0.207911,0.187157,0.183296,0.207242,0.162800,0.063957,0.289284,0.165076,0.207753,0.322496,0.183737,0.034320,0.246241,0.258737,0.151450,0.175639,0.281382,0.179399,0.199533,0.109545,0.127089,0.224989,0.251074,0.184576,0.209049,0.275229,0.118514,0.238907,0.125077,0.290250,0.110067,0.190466,0.223014,0.080140,0.151384,0.262641,0.200893,0.131788,0.199286,0.038755,0.290550,0.105406,0.149919,0.236134,0.286403,0.139461,0.023789,0.105229,0.060541,0.293784,0.299209,0.180179,0.274944,0.251378,0.155347,0.239590,0.223734,0.133072,0.225398,0.067104,0.224505,0.213208,0.220595,0.258224,0.275385,0.115384,0.030169,0.076164,-0.018484,0.098295,0.216190,0.197644,0.156695,0.251993,0.105501,0.144148,0.224794,0.275832,0.141795,0.157333,0.012652,0.218355,0.291351,0.099065,0.306452,0.210774,0.250390,0.160043,0.185493,0.086635,0.156861,0.259825,0.169952,0.144410,0.289116,0.209065,0.175552,0.237513,0.118205,0.088494,0.214965,0.142540,0.054558,0.235656,0.123892,0.295515,0.214919,0.054712,0.143903,0.219924,0.143515,0.157059,0.356023,0.087634,0.173160,0.024843,0.179419,0.099933,0.150117,-0.098875,0.204046,0.190779,0.165743,0.064949,0.198557,0.155132,0.187390,0.174892,0.043740,#
16,0.260313,0.182356,0.139218,0.229792,0.203667,0.209276,0.184157,0.216484,0.156422,0.113957,0.218950,0.147901,0.273805,0.245880,0.139258,0.286600,1.000000,0.244708,0.137059,0.321567,0.298771,0.150919,0.202364,0.249608,0.085242,0.311328,0.256357,0.061190,0.121856,0.311446,0.118530,0.321166,0.129407,0.318950,0.135036,0.219016,0.164337,0.102528,0.224568,0.196488,0.082925,0.154696,0.230332,0.208062,0.203231,0.294932,0.148242,0.134744,0.178390,0.123799,0.102004,0.237282,0.304680,0.249801,0.208252,0.177431,0.065397,0.162775,0.230922,0.089325,0.135330,0.348454,0.255638,0.204071,0.222694,0.216074,0.175542,0.360024,0.151180,0.267956,0.062886,0.230324,0.382745,0.132487,0.210547,0.270905,0.129363,0.312288,0.238001,0.164819,0.140365,0.192723,0.096006,0.180454,0.241462,0.195145,0.293392,0.290024,0.270001,0.090416,0.174859,0.150357,0.187561,0.138244,0.186022,0.189137,0.244268,0.072133,0.202872,0.262432,0.110033,0.110775,0.053827,0.213946,0.155445,0.159171,0.254439,0.105489,0.063817,0.203635,0.174563,0.215003,0.195753,0.165887,0.294978,0.292156,0.221514,0.129332,0.088022,0.182977,0.243134,0.234193,0.301049,0.273140,0.315959,0.065351,0.216900,0.060673,0.120330,0.259837,0.160639,0.161587,0.375671,-0.000598,0.392262,0.313524,0.135955,0.201088,0.134885,0.242419,0.076503,0.176134,0.147182,0.202083,0.253560,0.142490,0.086536,0.183222,0.291054,0.222538,0.034254,0.234110,0.160654,0.159791,0.221609,0.262486,0.112838,0.142498,0.186259,0.274348,0.130850,0.333899,0.228461,0.245632,0.129814,0.158946,0.268388,0.178116,0.113982,0.070808,0.136720,0.129057,0.142317,0.060150,0.203331,0.269375,0.147422,0.171418,0.211162,0.093200,0.117661,0.163151,0.217594,0.048205,0.108421,0.222055,0.214795,0.239389,0.175011,0.172666,0.220310,0.034283,0.010097,0.120808,0.208230,0.281909,0.110347,0.187240,0.098216,0.130186,#
17,0.319473,0.230300,0.100155,0.286174,0.252599,0.233469,0.217161,0.298947,0.256413,0.081391,0.253107,0.312002,0.190496,0.121187,0.208146,0.330359,0.244708,1.000000,0.112655,0.258262,0.360596,0.176028,0.170582,0.337923,0.175668,0.218694,0.197852,0.187055,0.155207,0.298362,0.197564,0.262165,0.382380,0.199588,0.104703,0.281080,0.061320,0.276413,0.343142,0.103721,0.298485,0.231599,0.177526,0.318428,0.166499,0.239219,0.258185,0.189860,0.259603,0.207014,0.248233,0.207450,0.120756,0.206588,0.174109,0.285138,0.265467,0.234910,0.250764,0.224498,0.286176,0.168497,0.161466,0.172216,0.225517,0.327907,0.342402,0.322757,0.210388,0.272328,0.181583,0.284299,0.312922,0.132177,0.217771,0.312194,0.190638,0.261086,0.139473,0.249994,0.242779,0.248093,0.324799,0.156340,0.244244,0.020719,0.301991,0.193128,0.335493,0.210185,0.154153,0.084081,0.275807,0.260383,0.146725,0.302791,0.250353,0.266484,0.213981,0.193004,0.226441,0.018068,0.164509,0.291744,0.156496,0.236513,0.294378,0.257969,0.175630,0.094153,0.160435,0.204661,0.120493,0.283689,0.211129,0.261911,0.199683,0.147526,0.089203,0.212732,0.195031,0.274052,0.175250,0.302812,0.397802,0.200340,0.256314,0.201239,0.077937,0.206695,0.222850,0.266102,0.378995,0.225366,0.217506,0.321030,0.289501,0.228100,0.215674,0.289158,0.300711,0.217248,0.237911,0.236495,0.303119,0.220394,0.069454,0.193034,0.151774,0.066822,0.194451,0.042724,0.108279,0.224353,0.294453,0.267036,0.222711,0.179355,0.342324,0.249637,0.192607,0.348099,0.220485,0.235127,0.182216,0.216530,0.180252,0.222521,0.192429,0.156080,0.345426,0.071543,0.142309,0.165440,0.235709,0.129857,0.283046,0.212017,0.040964,0.307691,0.206993,0.286420,0.232045,0.216067,0.112932,0.160367,0.154534,0.231989,0.221522,0.202621,0.127056,0.251455,0.238496,0.171499,0.351730,0.227971,0.182646,0.209937,0.194300,0.240292,#
18,0.233214,0.082247,0.190399,0.242965,0.244766,0.073969,0.199212,0.084913,0.162895,0.066705,0.207902,0.183645,0.209276,0.213559,0.262654,0.192217,0.137059,0.112655,1.000000,0.246523,0.190037,0.173484,0.074299,0.322482,0.198648,0.131727,0.140836,0.255533,0.128101,0.168739,0.088324,0.099855,0.245921,0.125622,0.185650,0.204141,0.174183,0.099993,0.152491,0.296389,0.171101,0.148242,0.187966,0.141731,0.209411,0.139766,0.134406,0.105013,0.009451,0.194906,0.142005,0.075580,0.240466,0.204614,0.161795,0.191495,0.149923,0.164513,0.131195,0.096573,0.189815,0.102707,0.218504,0.099609,0.165324,0.229650,0.267651,0.163099,0.096943,0.072014,0.058679,0.112604,0.141671,0.073013,0.134969,0.154521,0.158315,0.223563,0.214457,0.184561,0.221161,0.089880,0.198253,0.199636,0.214688,-0.044703,0.189711,0.111057,0.169545,0.139008,0.228805,0.073181,0.151567,0.170658,0.196965,0.208047,0.287538,0.119269,0.157028,0.237996,0.185466,0.260522,0.234593,0.180458,0.282719,0.243763,0.169687,0.119893,0.121986,0.131277,0.228209,0.225474,0.239175,0.146088,0.112429,0.157799,0.082009,0.035062,0.139068,0.138181,0.109965,0.208290,0.168106,0.035789,0.189134,-0.018204,0.077019,0.198988,0.266380,0.202150,0.121699,0.282303,0.156550,0.177135,0.252095,0.096106,0.127636,0.263615,0.041308,0.184352,0.160989,0.065713,0.179467,0.186576,0.151293,0.223669,0.070998,0.104050,0.076649,0.088119,0.039527,0.200634,0.151433,0.148886,0.155728,0.238101,0.209290,0.150482,0.067459,0.308159,0.174834,0.201420,0.151195,0.212763,0.140266,0.214757,0.206031,0.131075,0.119375,0.217924,-0.015474,0.098712,0.219586,0.089019,0.087173,0.203539,0.195086,0.252051,0.224070,0.111155,0.101401,0.152477,0.222559,0.092438,0.202785,0.085136,0.282301,0.097611,0.132233,0.137438,0.154022,0.234264,0.248947,0.170797,0.165983,0.084750,0.085822,0.208461,0.308016,0.151778,#
19,0.328420,0.217525,0.239357,0.233327,0.388917,0.217983,0.130915,0.221153,0.283166,0.297501,0.293733,0.074223,0.316777,0.270582,0.327485,0.240144,0.321567,0.258262,0.246523,1.000000,0.235798,0.159164,0.228170,0.301630,0.136465,0.280339,0.311895,0.197775,0.166780,0.380750,0.173602,0.265706,0.247846,0.201408,0.181262,0.250003,0.120124,0.128019,0.364571,0.191256,0.271311,0.178878,0.134143,0.124233,0.201819,0.286438,0.345862,0.290793,0.216463,0.267505,0.139153,0.238895,0.156838,0.374373,0.227960,0.308245,0.228032,0.180182,0.248453,0.199204,0.339000,0.313481,0.261606,0.190360,0.334543,0.210895,0.230593,0.262743,0.200605,0.251996,0.236745,0.236327,0.314804,0.142896,0.288422,0.363520,0.215719,0.338955,0.392368,0.177763,0.283456,0.240854,0.251798,0.184723,0.362509,0.145792,0.207296,0.279574,0.274987,0.101375,0.134175,0.213014,0.301333,0.170309,0.244958,0.216207,0.280733,0.267987,0.127434,0.227388,0.262321,0.200365,0.246841,0.330954,0.338445,0.353248,0.267086,0.389998,0.146817,0.038152,0.124520,0.224788,0.276192,0.308697,0.270588,0.260565,0.291522,0.265622,0.215092,-0.026224,0.323580,0.398222,0.240419,0.306750,0.419466,0.161436,0.336178,0.230721,0.097352,0.238386,0.153413,0.122496,0.309114,0.182052,0.323888,0.270929,0.292557,0.305063,0.124837,0.181445,0.188435,0.253732,0.254337,0.227120,0.247400,0.227261,0.113746,0.257572,0.285777,0.151245,0.176086,0.286536,0.213492,0.281687,0.282367,0.172145,0.195037,0.173121,0.267136,0.245624,0.313518,0.287617,0.254385,0.216214,0.267354,0.239530,0.156195,0.207186,0.262683,0.113570,0.239696,0.209419,0.331245,0.225057,0.196801,0.162642,0.295308,0.368050,0.186842,0.180112,0.103396,0.302530,0.233175,0.291822,0.260828,0.215475,0.164891,0.173586,0.283207,0.188425,0.325644,0.307105,0.150464,0.216504,0.162593,0.241784,0.106819,0.208834,0.366345,0.328539,#
20,0.198622,0.096962,0.306573,0.285436,0.391298,0.228936,0.260400,0.203409,0.243657,0.184902,0.191469,0.172118,0.171882,0.285396,0.195939,0.156066,0.298771,0.360596,0.190037,0.235798,1.000000,0.207210,0.165421,0.293259,0.286426,0.355774,0.256031,0.209544,0.177973,0.304070,0.157880,0.166665,0.280966,0.212685,0.171104,0.262862,0.217924,0.187469,0.234462,0.236814,0.183576,0.330662,0.170786,0.112319,0.339535,0.285588,0.312607,0.108941,0.127014,0.210255,0.018367,0.272068,0.205237,0.312537,0.247758,0.247073,0.258035,0.247633,0.289730,0.181563,0.326496,0.154190,0.309179,0.181438,0.251546,0.157862,0.294565,0.181722,0.295753,0.283077,0.265813,0.257968,0.354379,0.213415,0.202451,0.134843,0.197865,0.330783,0.198667,0.190529,0.184826,0.271106,0.309318,0.090126,0.285261,0.238893,0.279320,0.257841,0.316295,0.182822,0.231726,0.249245,0.239435,0.275266,0.282322,0.199642,0.266859,0.283089,0.215781,0.097368,0.219799,0.130635,0.261778,0.237486,0.214309,0.186328,0.267937,0.198639,0.102462,0.280523,0.296294,0.283322,0.173758,0.248960,0.193069,0.282094,0.356195,0.168289,0.044786,0.197443,0.203543,0.280049,0.150219,0.235233,0.292385,0.180009,0.297836,0.270808,0.292750,0.258806,0.255674,0.222122,0.297133,0.181905,0.324740,0.248444,0.280344,0.168088,0.239469,0.186550,0.216006,0.261653,0.197179,0.213038,0.261886,0.191052,0.045864,0.238188,0.242792,0.259536,0.254809,0.236217,0.098819,0.230261,0.261174,0.194772,0.179767,0.051236,0.210395,0.381053,0.212394,0.338266,0.213055,0.206078,0.249008,0.130719,0.061326,0.213548,0.161680,0.142688,0.300663,0.100285,0.139889,0.134484,0.148960,0.326610,0.131858,0.190760,0.301089,0.203274,0.185299,0.164123,0.181979,0.229490,0.166268,0.031713,0.200870,0.176402,0.185794,0.371028,0.117753,0.277282,0.172919,0.173676,0.277001,0.207520,0.184645,0.283990,0.295474,0.210217,#
21,0.147928,0.213173,0.286152,0.260473,0.190616,0.087595,0.140336,0.231940,0.267660,0.125293,0.113185,0.277004,0.120250,0.189807,0.099964,0.112475,0.150919,0.176028,0.173484,0.159164,0.207210,1.000000,0.121002,0.156345,0.174113,0.123544,0.203360,0.239409,0.225393,0.245119,0.161068,0.202675,0.230744,0.276775,0.042458,0.261863,0.303710,0.244740,0.299240,0.151923,0.123728,0.229744,0.097073,0.253951,0.148376,0.185739,0.221643,0.220652,-0.002284,0.138400,0.190575,0.117530,0.134755,0.164103,0.170350,0.202857,0.180230,0.171265,0.070905,0.083934,0.194691,0.015111,0.267015,0.145215,0.296015,0.243463,0.104033,0.195294,0.265943,0.338314,0.313223,0.157440,0.359692,0.294217,0.143703,0.120937,0.139394,0.186301,0.121650,0.175850,0.242484,0.200349,0.138862,-0.028484,0.275759,0.018965,0.238852,0.119516,0.196564,0.293684,0.107251,0.103166,0.133384,0.138194,0.225056,0.196257,0.234343,0.189147,0.012385,0.197496,0.358718,0.171478,0.134519,0.170389,0.227409,0.211514,0.228815,0.173077,0.163269,0.142935,0.197849,0.198495,0.139253,0.224785,0.094931,0.266576,0.289751,0.111837,0.075054,0.224752,0.195877,0.274312,0.095595,0.308260,0.214254,0.057599,0.190150,0.228437,0.107576,0.062155,0.192796,0.173993,0.330487,0.184572,0.185991,0.134049,0.265453,0.126379,0.088524,0.284986,0.156950,0.292960,0.236765,0.164979,0.212686,0.226073,0.155975,0.203963,0.231116,0.099206,0.132242,0.093154,0.125337,0.192175,0.306875,0.155202,0.032850,0.172017,0.170982,0.191312,0.227649,0.282400,0.175218,0.171568,0.260196,0.060698,0.096412,0.204423,0.078605,0.268665,0.151003,0.118341,0.243848,0.145554,0.112691,0.274489,0.210876,0.223970,0.092952,0.188069,0.135558,0.207648,0.010042,0.218399,0.073758,0.142797,0.197753,0.191337,0.229089,0.220549,0.234874,0.063282,0.235198,0.138839,0.286489,0.207061,0.119767,0.213326,0.246219,0.158446,#
