0,1.000000,0.363973,0.425952,0.320953,0.367195,0.393595,0.289213,0.299431,0.372086,0.342373,0.393777,0.343477,0.300406,0.290307,0.444641,0.397012,0.354176,0.499521,0.375426,0.388954,0.409522,0.436863,0.418976,0.477669,0.355775,0.307410,0.425518,0.398694,0.409126,0.374358,0.286787,0.337022,0.385466,0.311899,0.300722,0.471271,0.392733,0.358610,0.446593,0.474228,0.328450,0.429851,0.290662,0.345990,0.317212,0.395928,0.427636,0.403340,0.400554,0.437604,0.457145,0.262042,0.360039,0.310439,0.482232,0.387582,0.416604,0.381050,0.382809,0.312710,0.374495,0.316743,0.418939,0.360452,0.413548,0.312235,0.377620,0.409661,0.398340,0.392433,0.494925,0.390731,0.462896,0.403294,0.339614,0.195023,0.315245,0.447980,0.404834,0.307226,0.411733,0.350849,0.411863,0.378954,0.403689,0.348923,0.440509,0.344381,0.470845,0.379617,0.348972,0.324401,0.349947,0.373251,0.465219,0.416031,0.482898,0.341242,0.314250,0.384037,0.433330,0.414212,0.340659,0.410191,0.365885,0.366633,0.402303,0.383229,0.313084,0.216218,0.267760,0.351311,0.308270,0.352164,0.314287,0.410571,0.437935,0.255251,0.354937,0.402709,0.454530,0.327113,0.289336,0.377704,0.341043,0.449654,0.297665,0.260217,0.356499,0.465192,0.429638,0.432373,0.391972,0.349614,0.363311,0.299937,0.467397,0.390423,0.339293,0.463823,0.396020,0.382166,0.362874,0.349756,0.380827,0.383379,0.322797,0.212159,0.401043,0.356372,0.376892,0.323873,0.332645,0.294129,0.353375,0.307400,0.282613,0.272777,0.421065,0.418766,0.356333,0.401556,0.226503,0.334129,0.439850,0.216272,0.229430,0.337754,0.427113,0.315258,0.450062,0.192542,0.453588,0.433171,0.225935,0.395797,0.462532,0.393395,0.387524,0.331975,0.368837,0.400507,0.270637,0.249443,0.240886,0.421551,0.433665,0.518348,0.428777,0.277137,0.346593,0.439139,0.241388,0.220546,0.405605,0.211642,0.242424,0.373833,0.493205,0.410887,#
1,0.363973,1.000000,0.330990,0.354243,0.410700,0.355601,0.415424,0.335731,0.341070,0.255754,0.429582,0.404735,0.334617,0.394767,0.295126,0.270659,0.254750,0.391873,0.343350,0.326779,0.306317,0.435669,0.244243,0.367102,0.388093,0.365212,0.423520,0.474179,0.282522,0.334441,0.372537,0.350173,0.378265,0.298183,0.200111,0.342283,0.343194,0.371380,0.418218,0.315368,0.307135,0.313373,0.394275,0.334243,0.336084,0.358837,0.460209,0.386804,0.277411,0.256302,0.473860,0.190382,0.445037,0.327501,0.336746,0.349136,0.370558,0.369054,0.418764,0.341446,0.301648,0.335146,0.387889,0.367065,0.334768,0.347613,0.263293,0.379803,0.402636,0.359881,0.350712,0.339394,0.471084,0.293346,0.376015,0.150387,0.341059,0.364691,0.439932,0.326840,0.381201,0.434096,0.369946,0.393329,0.319716,0.142040,0.430853,0.360036,0.390869,0.407605,0.360214,0.387077,0.301599,0.397358,0.297148,0.348660,0.328076,0.313970,0.242678,0.255035,0.328467,0.314231,0.357364,0.356729,0.300008,0.339752,0.357467,0.423540,0.276952,0.347244,0.436194,0.339343,0.273638,0.354897,0.373311,0.431326,0.425909,0.198424,0.355162,0.369897,0.274358,0.361222,0.324024,0.360904,0.280201,0.366486,0.330181,0.297478,0.276395,0.331766,0.380534,0.372616,0.261371,0.342698,0.454970,0.403665,0.350997,0.406270,0.345445,0.404977,0.411296,0.273493,0.280611,0.301296,0.410806,0.332133,0.325118,0.170569,0.346023,0.335761,0.323365,0.302789,0.294358,0.188013,0.348071,0.324171,0.330483,0.274357,0.277070,0.184500,0.233503,0.429692,0.306543,0.365122,0.397560,0.306045,0.208004,0.319365,0.356502,0.427338,0.411358,0.351988,0.326637,0.311566,0.316780,0.319718,0.259098,0.411976,0.374257,0.283860,0.304883,0.288256,0.338260,0.251787,0.310126,0.348983,0.287685,0.405026,0.335202,0.355050,0.447303,0.374826,0.206335,0.272892,0.374702,0.292707,0.175539,0.322037,0.258604,0.334649,#
2,0.425952,0.330990,1.000000,0.374796,0.291968,0.328422,0.359700,0.354957,0.210092,0.244509,0.307119,0.452115,0.357707,0.346972,0.287253,0.346422,0.292463,0.341786,0.335556,0.327571,0.395616,0.469340,0.256310,0.373920,0.408559,0.361973,0.420613,0.383799,0.328099,0.350437,0.301407,0.293399,0.265567,0.190871,0.209075,0.363661,0.374103,0.273805,0.364681,0.246122,0.391242,0.375361,0.338374,0.254562,0.292265,0.424915,0.341287,0.388784,0.300665,0.328161,0.426162,0.383080,0.349316,0.288749,0.251201,0.290416,0.260172,0.341863,0.318093,0.327212,0.250786,0.321220,0.344944,0.362518,0.452235,0.378230,0.325662,0.264978,0.413281,0.403130,0.291135,0.300498,0.321227,0.383561,0.370314,0.309209,0.260452,0.404279,0.363387,0.333705,0.433770,0.204298,0.245005,0.347457,0.271766,0.244919,0.439138,0.365891,0.317592,0.302522,0.247166,0.341540,0.356733,0.330616,0.316930,0.330046,0.389997,0.297383,0.355116,0.245935,0.359877,0.371185,0.323787,0.360427,0.259052,0.301166,0.265698,0.354662,0.279707,0.346108,0.387768,0.366651,0.332785,0.340103,0.296081,0.417796,0.367407,0.252500,0.128524,0.268521,0.364089,0.331701,0.256573,0.277910,0.340486,0.266176,0.358710,0.275694,0.304865,0.344445,0.339498,0.415430,0.342083,0.228104,0.380742,0.434696,0.349826,0.393863,0.259596,0.226928,0.257425,0.285649,0.355023,0.247230,0.479290,0.323966,0.243030,0.244346,0.433268,0.289202,0.334491,0.415625,0.357806,0.292417,0.267028,0.253726,0.249562,0.222396,0.325647,0.299483,0.386613,0.385278,0.293627,0.447457,0.392432,0.222601,0.303057,0.316975,0.229056,0.301427,0.262502,0.369020,0.268246,0.298283,0.350280,0.307531,0.458745,0.344791,0.283021,0.347920,0.374428,0.290117,0.222296,0.408490,0.166186,0.376248,0.294271,0.356107,0.394052,0.188489,0.315967,0.369579,0.384616,0.217424,0.375387,0.192253,0.236603,0.292716,0.429589,0.348247,#
3,0.320953,0.354243,0.374796,1.000000,0.298817,0.308628,0.312781,0.315103,0.304534,0.268440,0.337308,0.356231,0.284541,0.300042,0.329045,0.288531,0.285605,0.404975,0.323779,0.353933,0.287383,0.330618,0.339744,0.449859,0.389254,0.305225,0.313884,0.284105,0.311865,0.310804,0.335324,0.387764,0.402400,0.417293,0.103808,0.372155,0.391533,0.443490,0.441214,0.274970,0.335344,0.382529,0.336357,0.338608,0.276972,0.414109,0.379312,0.350312,0.257768,0.296420,0.423581,0.282368,0.331607,0.218601,0.196043,0.392056,0.291653,0.303796,0.340968,0.360674,0.275213,0.279083,0.306101,0.355804,0.407025,0.389432,0.263415,0.350240,0.327982,0.369814,0.333819,0.244799,0.352876,0.314029,0.351457,0.298408,0.251797,0.397612,0.410406,0.261884,0.393828,0.323982,0.345435,0.322270,0.370267,0.256267,0.387369,0.267864,0.386166,0.386096,0.271118,0.361418,0.356140,0.411908,0.276561,0.329741,0.375217,0.226326,0.388931,0.240534,0.371920,0.272731,0.400608,0.322987,0.350246,0.294448,0.307424,0.345732,0.210288,0.188051,0.314314,0.315971,0.292612,0.319469,0.251347,0.280932,0.384496,0.225317,0.208455,0.327129,0.393502,0.273054,0.301568,0.431715,0.299902,0.264050,0.339840,0.255376,0.289415,0.399253,0.368055,0.364162,0.389794,0.401121,0.354979,0.350530,0.308376,0.314176,0.366570,0.300530,0.359911,0.292640,0.331468,0.280071,0.350359,0.271733,0.378120,0.285193,0.309072,0.340056,0.303166,0.287737,0.227605,0.233767,0.306056,0.266077,0.267774,0.342972,0.252750,0.382001,0.392126,0.369034,0.375635,0.462888,0.373867,0.257028,0.315333,0.301313,0.211958,0.318983,0.367229,0.265274,0.274561,0.242445,0.234442,0.303400,0.338917,0.293969,0.276339,0.315913,0.289004,0.414651,0.415376,0.260265,0.117008,0.309015,0.286245,0.371771,0.234545,0.222573,0.315567,0.370047,0.334456,0.237213,0.255062,0.280231,0.282486,0.308489,0.347468,0.298127,#
4,0.367195,0.410700,0.291968,0.298817,1.000000,0.296822,0.310735,0.246979,0.339934,0.256050,0.294003,0.192440,0.271333,0.265928,0.228249,0.305231,0.157657,0.323364,0.318597,0.411934,0.312046,0.318189,0.303457,0.363997,0.287720,0.326013,0.258861,0.318438,0.381250,0.176854,0.235491,0.260952,0.318856,0.189964,0.212029,0.346264,0.328474,0.336400,0.240487,0.271965,0.338550,0.452565,0.248404,0.201545,0.400292,0.297774,0.415776,0.362850,0.256828,0.351247,0.339915,0.171072,0.294818,0.231553,0.332860,0.366354,0.313495,0.272520,0.344992,0.265005,0.308919,0.263302,0.216499,0.185517,0.288827,0.225308,0.316068,0.271625,0.294190,0.279056,0.321323,0.310141,0.322761,0.275021,0.254157,0.069880,0.250401,0.388982,0.313147,0.193881,0.410148,0.344132,0.213335,0.250828,0.395729,0.189416,0.310826,0.275830,0.322362,0.405130,0.329739,0.288431,0.246146,0.347627,0.201661,0.419574,0.319971,0.402529,0.281092,0.244328,0.252326,0.177860,0.347201,0.351668,0.275743,0.250276,0.162421,0.294015,0.268872,0.310932,0.405624,0.303767,0.324009,0.447170,0.285342,0.207387,0.295567,0.067005,0.249015,0.175040,0.284583,0.303559,0.277176,0.257989,0.339601,0.293055,0.277073,0.243161,0.196174,0.239755,0.352065,0.282562,0.303336,0.238502,0.340424,0.328129,0.344951,0.213074,0.246361,0.300935,0.408693,0.148350,0.256445,0.260792,0.326282,0.302244,0.277099,0.211327,0.283791,0.322949,0.299806,0.299572,0.304788,0.336681,0.279406,0.186325,0.377035,0.289677,0.258293,0.312286,0.268383,0.274180,0.192229,0.334241,0.197238,0.331797,0.174307,0.197483,0.208567,0.263146,0.300225,0.166083,0.289117,0.223824,0.343419,0.287241,0.358999,0.319480,0.289932,0.293101,0.186442,0.178848,0.327213,0.266458,0.199094,0.300205,0.173680,0.450940,0.330378,0.279136,0.286653,0.328734,0.251029,0.103974,0.239903,0.269091,0.255075,0.412657,0.270944,0.323751,#
5,0.393595,0.355601,0.328422,0.308628,0.296822,1.000000,0.279486,0.340176,0.306880,0.381334,0.331440,0.334607,0.365798,0.213836,0.354405,0.303328,0.289847,0.384909,0.278002,0.241804,0.355962,0.377059,0.279413,0.428801,0.333307,0.294555,0.339734,0.411716,0.389400,0.321337,0.273299,0.379696,0.373546,0.241906,0.203969,0.320817,0.446644,0.249000,0.394016,0.362488,0.365322,0.396426,0.212124,0.341136,0.257073,0.363217,0.322436,0.225841,0.356591,0.334839,0.408551,0.281810,0.294036,0.148915,0.339848,0.319022,0.215428,0.362367,0.406248,0.298495,0.255731,0.320888,0.334422,0.283048,0.389209,0.329150,0.353890,0.312129,0.333895,0.293758,0.366384,0.304967,0.398424,0.465524,0.284309,0.193064,0.327173,0.313358,0.367718,0.320058,0.339797,0.326815,0.412597,0.185893,0.268963,0.289478,0.290389,0.272100,0.343348,0.286873,0.244112,0.381415,0.309608,0.405510,0.267713,0.339484,0.305402,0.225501,0.306007,0.162425,0.319656,0.362201,0.295478,0.341234,0.226029,0.323357,0.217064,0.379480,0.267386,0.249502,0.419229,0.316398,0.340076,0.290872,0.306541,0.308461,0.412929,0.297823,0.224396,0.326809,0.212865,0.328213,0.220380,0.343295,0.287071,0.264718,0.201666,0.135560,0.430416,0.415840,0.380507,0.398844,0.336278,0.292470,0.471554,0.398077,0.267560,0.311517,0.243538,0.256619,0.372755,0.324692,0.262361,0.287323,0.327043,0.282997,0.293475,0.288655,0.220751,0.296927,0.361416,0.246024,0.356896,0.370356,0.267603,0.317178,0.339659,0.200549,0.431594,0.241290,0.350095,0.296534,0.329149,0.303087,0.335405,0.133760,0.200280,0.329562,0.369476,0.392752,0.323998,0.296911,0.401931,0.272152,0.180591,0.328862,0.332077,0.312683,0.364361,0.277934,0.318851,0.336752,0.422560,0.253434,0.204933,0.389932,0.322801,0.310477,0.320027,0.282049,0.358686,0.350065,0.301994,0.263014,0.421771,0.202396,0.192969,0.422071,0.281235,0.425578,#
6,0.289213,0.415424,0.359700,0.312781,0.310735,0.279486,1.000000,0.298006,0.254868,0.201352,0.307900,0.231569,0.167777,0.312798,0.230344,0.243653,0.270098,0.282903,0.295908,0.306184,0.300131,0.317147,0.220146,0.249817,0.252360,0.223861,0.262430,0.345858,0.311593,0.245241,0.197758,0.315759,0.282997,0.202648,0.100581,0.196594,0.202952,0.279104,0.324660,0.245788,0.279932,0.267762,0.214365,0.346180,0.206316,0.247170,0.360957,0.367366,0.243281,0.302524,0.261075,0.231844,0.356629,0.242266,0.175477,0.284984,0.233750,0.312688,0.341062,0.357382,0.221952,0.250338,0.227416,0.279725,0.270361,0.457446,0.254316,0.304091,0.280522,0.280155,0.299704,0.273125,0.347876,0.240145,0.315557,0.194688,0.298126,0.325343,0.339103,0.242688,0.311689,0.284324,0.350448,0.259071,0.253742,0.250211,0.267233,0.373606,0.302566,0.308609,0.307280,0.257366,0.231330,0.349630,0.219728,0.360837,0.289857,0.244748,0.337588,0.271513,0.293343,0.353771,0.232917,0.245652,0.076287,0.396403,0.230966,0.238380,0.300944,0.239536,0.340632,0.258724,0.291178,0.208219,0.251678,0.302712,0.341375,0.194857,0.252323,0.241139,0.258030,0.334226,0.164092,0.219419,0.237064,0.159982,0.176967,0.289460,0.151817,0.340159,0.269885,0.235780,0.310539,0.145844,0.370049,0.318490,0.242690,0.358939,0.264115,0.259559,0.218342,0.169961,0.118420,0.348841,0.179009,0.262342,0.255351,0.115856,0.252681,0.154806,0.335417,0.182530,0.323247,0.201618,0.284911,0.220760,0.198471,0.233203,0.284644,0.201340,0.162930,0.335760,0.298403,0.336029,0.296949,0.219611,0.146723,0.261923,0.273937,0.353263,0.176849,0.197833,0.291812,0.230146,0.284793,0.301627,0.249469,0.316516,0.345982,0.174710,0.092159,0.161464,0.289298,0.299183,0.240279,0.286438,0.240100,0.300773,0.323696,0.317782,0.277913,0.256556,0.303375,0.240592,0.202727,0.215505,0.213099,0.271690,0.217195,0.350748,#
7,0.299431,0.335731,0.354957,0.315103,0.246979,0.340176,0.298006,1.000000,0.245810,0.323022,0.345725,0.467304,0.262177,0.339672,0.273371,0.349896,0.264301,0.465859,0.288472,0.361196,0.315985,0.371360,0.377665,0.308689,0.419032,0.254323,0.333191,0.471209,0.333325,0.298760,0.362207,0.332442,0.428789,0.211396,0.168069,0.362798,0.256117,0.264111,0.380394,0.326266,0.317836,0.300316,0.344648,0.251727,0.340690,0.370117,0.270834,0.337855,0.371252,0.302459,0.434872,0.242488,0.286471,0.293497,0.339624,0.298240,0.310407,0.422341,0.372734,0.323686,0.306803,0.229859,0.314640,0.343951,0.447278,0.318057,0.344638,0.319323,0.323077,0.427633,0.322867,0.260295,0.449512,0.400855,0.287031,0.247342,0.275291,0.391321,0.381951,0.423984,0.363347,0.340237,0.397588,0.331645,0.306924,0.277953,0.423336,0.247502,0.352420,0.373875,0.310559,0.295687,0.351297,0.364074,0.230235,0.371240,0.304989,0.278169,0.225857,0.149164,0.365217,0.265959,0.324695,0.315440,0.177541,0.420765,0.370814,0.290488,0.318097,0.249531,0.305089,0.320159,0.232954,0.375275,0.373340,0.341870,0.293294,0.247990,0.231609,0.379255,0.345916,0.345637,0.207785,0.397893,0.387555,0.287925,0.351459,0.346461,0.282284,0.308216,0.312645,0.353700,0.351263,0.292668,0.493148,0.320300,0.223492,0.500800,0.336283,0.373972,0.437947,0.383033,0.134029,0.278043,0.338523,0.289454,0.373964,0.220537,0.267702,0.276971,0.368530,0.420277,0.242984,0.180295,0.209243,0.381434,0.360453,0.295906,0.387057,0.346825,0.309572,0.354461,0.319580,0.342419,0.324276,0.228481,0.382774,0.306637,0.361078,0.347153,0.349587,0.289781,0.325340,0.238610,0.266211,0.266409,0.319818,0.339855,0.184406,0.410563,0.268235,0.350872,0.292989,0.310468,0.052012,0.356108,0.303466,0.360865,0.271730,0.356506,0.364523,0.336407,0.323269,0.310152,0.228097,0.246476,0.279722,0.346559,0.383690,0.319841,#
8,0.372086,0.341070,0.210092,0.304534,0.339934,0.306880,0.254868,0.245810,1.000000,0.279097,0.390946,0.321109,0.317395,0.213806,0.390521,0.306861,0.191573,0.253191,0.227012,0.310794,0.282926,0.264308,0.208443,0.358013,0.256392,0.231262,0.204384,0.359667,0.190483,0.304124,0.157000,0.315941,0.245051,0.258039,0.224444,0.336845,0.322870,0.238783,0.321282,0.364071,0.285558,0.288233,0.157787,0.253716,0.403526,0.354582,0.285685,0.283598,0.194304,0.272769,0.232257,0.337170,0.217503,0.395781,0.280144,0.346877,0.256230,0.279925,0.305056,0.330773,0.295439,0.156954,0.374374,0.209299,0.362347,0.379932,0.322802,0.287285,0.395368,0.289606,0.223434,0.288482,0.313440,0.239351,0.245008,0.162939,0.205385,0.282829,0.333859,0.154234,0.330986,0.287319,0.337487,0.179823,0.363843,0.224653,0.308973,0.242171,0.350726,0.278671,0.264354,0.309878,0.303913,0.266565,0.364814,0.457360,0.372207,0.239971,0.259716,0.197447,0.281988,0.167011,0.253522,0.281610,0.294878,0.195596,0.356808,0.248449,0.128579,0.255732,0.204417,0.238249,0.139436,0.325068,0.216670,0.383618,0.345422,0.186381,0.133399,0.345593,0.312522,0.248701,0.203704,0.315710,0.273124,0.310825,0.155368,0.316942,0.176614,0.319114,0.284982,0.230396,0.259237,0.218879,0.352301,0.348482,0.265247,0.375801,0.330990,0.286153,0.357973,0.292852,0.310593,0.204695,0.248456,0.211184,0.307115,0.295915,0.253495,0.285230,0.329606,0.250484,0.251403,0.269863,0.389136,0.337830,0.266557,0.210984,0.262854,0.303067,0.193672,0.279254,0.137382,0.346704,0.301046,0.247729,0.253551,0.225418,0.257469,0.303167,0.322579,0.083735,0.204744,0.278228,0.233820,0.263945,0.220667,0.322082,0.283806,0.267483,0.257420,0.246837,0.173090,0.252233,0.193678,0.303214,0.164306,0.235120,0.351653,0.247227,0.291417,0.317903,0.240564,0.205076,0.286007,0.174961,0.207611,0.131592,0.251061,0.253127,#
9,0.342373,0.255754,0.244509,0.268440,0.256050,0.381334,0.201352,0.323022,0.279097,1.000000,0.425356,0.271637,0.220585,0.298997,0.344614,0.368630,0.276304,0.287411,0.169089,0.406397,0.283832,0.285151,0.264541,0.332053,0.248226,0.276970,0.335663,0.428122,0.301153,0.296456,0.390850,0.318303,0.214367,0.301047,0.310598,0.360825,0.165007,0.375739,0.342848,0.275411,0.357335,0.370048,0.228571,0.111967,0.284836,0.427148,0.329717,0.294165,0.227714,0.238164,0.380423,0.333400,0.270518,0.260607,0.224241,0.374954,0.322821,0.329889,0.278969,0.235413,0.239830,0.316120,0.406306,0.331119,0.360110,0.337851,0.196965,0.311849,0.376364,0.232213,0.334392,0.382165,0.326855,0.334686,0.286927,0.222000,0.286705,0.305308,0.431817,0.328500,0.281805,0.363141,0.296715,0.239254,0.373006,0.333463,0.430366,0.269779,0.209494,0.235584,0.172197,0.405258,0.307594,0.302181,0.324860,0.343753,0.436206,0.312791,0.282650,0.157198,0.291689,0.314037,0.424676,0.247682,0.316896,0.279819,0.280605,0.260108,0.336642,0.184541,0.297642,0.296120,0.275848,0.379278,0.224458,0.335448,0.310032,0.338267,0.401517,0.257157,0.375543,0.415434,0.210385,0.342637,0.300687,0.295392,0.064173,0.341586,0.255381,0.352213,0.296942,0.329974,0.272563,0.326645,0.384308,0.265525,0.338850,0.430469,0.250691,0.213346,0.262096,0.306095,0.257225,0.235282,0.263730,0.195046,0.341666,0.290895,0.215825,0.422319,0.290133,0.240319,0.425782,0.322848,0.292847,0.347385,0.340605,0.291834,0.442649,0.275477,0.289218,0.291752,0.149530,0.429344,0.319320,0.184195,0.243763,0.254302,0.448467,0.296579,0.311374,0.265144,0.328158,0.301059,0.202931,0.306578,0.307217,0.198476,0.245074,0.359022,0.207547,0.337878,0.400324,0.276054,0.168333,0.297648,0.304774,0.364343,0.416819,0.264643,0.348347,0.329015,0.241842,0.295263,0.280002,0.282086,0.190674,0.224341,0.286128,0.324265,#
10,0.393777,0.429582,0.307119,0.337308,0.294003,0.331440,0.307900,0.345725,0.390946,0.425356,1.000000,0.256885,0.254571,0.357635,0.347138,0.320636,0.308684,0.376784,0.421352,0.359005,0.274784,0.331552,0.236317,0.319567,0.259519,0.205638,0.373425,0.417431,0.297776,0.368389,0.361192,0.339736,0.330968,0.231192,0.278714,0.395060,0.230778,0.363331,0.452370,0.307554,0.266488,0.277777,0.290697,0.155203,0.259174,0.383661,0.356683,0.356255,0.334149,0.377711,0.322427,0.316236,0.287396,0.332554,0.274877,0.356480,0.270969,0.333006,0.319522,0.273180,0.289492,0.348233,0.318243,0.423884,0.414435,0.411846,0.357048,0.315136,0.355450,0.313170,0.330193,0.329211,0.354367,0.304292,0.276789,0.297738,0.342925,0.263488,0.347477,0.224057,0.336060,0.355675,0.348691,0.316054,0.392579,0.246074,0.438839,0.288991,0.329297,0.307808,0.177911,0.267959,0.385010,0.305214,0.302782,0.382785,0.476819,0.220697,0.330568,0.288586,0.282985,0.294031,0.320353,0.333777,0.321177,0.247827,0.328797,0.339987,0.233702,0.241415,0.284166,0.342259,0.249840,0.335850,0.378395,0.439258,0.352202,0.147216,0.234591,0.271321,0.298728,0.329796,0.245278,0.362608,0.308977,0.259711,0.174467,0.312203,0.232559,0.425264,0.368065,0.315259,0.320454,0.238141,0.402735,0.323409,0.301374,0.451504,0.215637,0.348926,0.396533,0.268476,0.371121,0.272600,0.294690,0.262511,0.186658,0.251791,0.235156,0.373302,0.318390,0.366431,0.354535,0.296117,0.372538,0.348368,0.368941,0.166140,0.358708,0.348593,0.271823,0.310183,0.352620,0.426050,0.365188,0.208987,0.268092,0.204144,0.284203,0.365363,0.341524,0.267805,0.342442,0.270155,0.298067,0.205905,0.283452,0.359152,0.366501,0.379732,0.337443,0.299297,0.386551,0.227601,0.236846,0.321258,0.256992,0.283691,0.345335,0.329719,0.394855,0.320339,0.265076,0.243420,0.368993,0.296811,0.199739,0.347560,0.400401,0.398619,#
11,0.343477,0.404735,0.452115,0.356231,0.192440,0.334607,0.231569,0.467304,0.321109,0.271637,0.256885,1.000000,0.337254,0.299622,0.210858,0.341197,0.299834,0.414707,0.280225,0.155153,0.282035,0.373139,0.252210,0.372186,0.450087,0.385133,0.282317,0.483917,0.176168,0.397466,0.401761,0.381549,0.340820,0.221444,0.250327,0.317965,0.358897,0.292423,0.335336,0.302870,0.380505,0.416266,0.364366,0.400845,0.245138,0.442823,0.289576,0.373147,0.316480,0.243779,0.441740,0.319825,0.281985,0.366825,0.251963,0.290737,0.379976,0.360430,0.387939,0.271906,0.283642,0.318358,0.411438,0.382022,0.438266,0.404918,0.385960,0.384119,0.369529,0.384343,0.278914,0.215023,0.404315,0.338547,0.317921,0.285389,0.270182,0.306796,0.482564,0.321410,0.391337,0.224062,0.364465,0.342530,0.382880,0.241083,0.436137,0.322610,0.326714,0.263002,0.304037,0.371322,0.417706,0.498110,0.309450,0.334488,0.319347,0.311623,0.320622,0.325653,0.352618,0.318496,0.349378,0.293114,0.246569,0.416357,0.338372,0.337035,0.329877,0.289756,0.365131,0.297243,0.330632,0.360644,0.147860,0.535568,0.363389,0.202649,0.253578,0.310683,0.313847,0.378264,0.311981,0.365874,0.303180,0.278659,0.349464,0.402012,0.358436,0.337862,0.293878,0.489553,0.330529,0.319255,0.357390,0.325527,0.223179,0.477045,0.235577,0.379791,0.332584,0.329848,0.243417,0.360157,0.364243,0.315697,0.402625,0.220819,0.311269,0.269056,0.308551,0.442207,0.317007,0.263074,0.338698,0.266688,0.317010,0.169908,0.328439,0.297033,0.308694,0.344714,0.231267,0.323497,0.434265,0.213220,0.356650,0.353705,0.422623,0.332799,0.386820,0.221676,0.301158,0.237236,0.279654,0.419291,0.407852,0.313826,0.266417,0.287137,0.405070,0.304500,0.305821,0.264056,0.090985,0.416042,0.311403,0.338135,0.342164,0.336914,0.248835,0.257202,0.377184,0.152663,0.364512,0.218941,0.287326,0.277558,0.304547,0.332154,#
12,0.300406,0.334617,0.357707,0.284541,0.271333,0.365798,0.167777,0.262177,0.317395,0.220585,0.254571,0.337254,1.000000,0.251912,0.378364,0.335231,0.351605,0.333413,0.356803,0.400518,0.336378,0.234945,0.299479,0.347927,0.326434,0.261444,0.258101,0.417932,0.312436,0.368884,0.179663,0.402126,0.353696,0.289519,0.268746,0.354338,0.376241,0.278719,0.336811,0.281705,0.408029,0.300612,0.331325,0.317321,0.327942,0.419046,0.298360,0.188132,0.336558,0.245897,0.374584,0.234802,0.267487,0.341581,0.306814,0.287484,0.267373,0.350471,0.330998,0.262986,0.266103,0.363325,0.278544,0.337873,0.415598,0.291447,0.330175,0.254415,0.318830,0.253890,0.230119,0.337144,0.302663,0.269935,0.391644,0.285020,0.270498,0.260722,0.287912,0.226272,0.345644,0.267245,0.305481,0.314320,0.349064,0.371464,0.327930,0.352458,0.368268,0.342805,0.321636,0.345278,0.261069,0.386591,0.308296,0.239168,0.428056,0.285136,0.248994,0.168394,0.346626,0.326928,0.313650,0.265749,0.367461,0.278399,0.291620,0.275590,0.198510,0.316323,0.368749,0.203921,0.315992,0.344810,0.216101,0.321508,0.343422,0.274989,0.239337,0.301371,0.313992,0.366255,0.346384,0.342231,0.247260,0.214387,0.305985,0.235679,0.259547,0.245858,0.296392,0.347980,0.260672,0.228159,0.306089,0.278645,0.315352,0.333085,0.250371,0.303917,0.406056,0.313629,0.201664,0.244192,0.199300,0.272125,0.292573,0.234550,0.281166,0.260277,0.309491,0.448773,0.250464,0.267529,0.251597,0.256278,0.273498,0.053891,0.284854,0.221451,0.258956,0.381200,0.253733,0.407373,0.347383,0.212956,0.341783,0.175667,0.340176,0.350307,0.317794,0.230735,0.315388,0.316193,0.330164,0.230321,0.384868,0.404331,0.179311,0.327241,0.320894,0.312921,0.375421,0.263169,0.262325,0.322776,0.286811,0.365687,0.273171,0.212739,0.397029,0.380161,0.296539,0.249584,0.246578,0.241737,0.279752,0.272257,0.374068,0.313860,#
13,0.290307,0.394767,0.346972,0.300042,0.265928,0.213836,0.312798,0.339672,0.213806,0.298997,0.357635,0.299622,0.251912,1.000000,0.390823,0.346241,0.317318,0.291395,0.336265,0.381251,0.326817,0.322409,0.210131,0.284287,0.383475,0.394688,0.396925,0.375919,0.272628,0.233197,0.330547,0.317338,0.354440,0.283372,0.243112,0.331049,0.292773,0.354653,0.273374,0.288158,0.271748,0.319450,0.356359,0.228834,0.308449,0.380669,0.421554,0.329859,0.333544,0.282630,0.398901,0.273425,0.359903,0.298274,0.299663,0.435329,0.283440,0.347547,0.367846,0.373770,0.352056,0.314529,0.434404,0.340088,0.320317,0.343056,0.471472,0.354522,0.471458,0.374899,0.240875,0.316198,0.379867,0.240397,0.379438,0.224064,0.345068,0.396160,0.439583,0.304458,0.381308,0.462061,0.346685,0.447990,0.450404,0.257097,0.472565,0.382641,0.384374,0.392190,0.312342,0.338844,0.367725,0.375812,0.315110,0.312641,0.358636,0.240953,0.252719,0.323248,0.407013,0.358607,0.345940,0.326941,0.280653,0.390070,0.354188,0.306899,0.354185,0.294509,0.311590,0.272485,0.437020,0.365709,0.333132,0.376331,0.399901,0.262820,0.261300,0.320115,0.397755,0.430936,0.252202,0.379201,0.344411,0.297216,0.228842,0.279307,0.431148,0.342040,0.275404,0.304786,0.300872,0.272822,0.438535,0.339194,0.376855,0.394301,0.400551,0.371154,0.297726,0.301348,0.350258,0.306239,0.381761,0.420559,0.289266,0.287375,0.131992,0.323728,0.391927,0.286602,0.348369,0.389978,0.385587,0.317644,0.231637,0.334973,0.317801,0.316037,0.216894,0.471518,0.217254,0.447786,0.355528,0.325305,0.228108,0.246176,0.380366,0.358050,0.364839,0.406838,0.343353,0.286927,0.321531,0.344310,0.312378,0.308531,0.384462,0.197642,0.297215,0.316787,0.313011,0.384646,0.220601,0.395302,0.345689,0.396308,0.352437,0.399215,0.245481,0.402351,0.331109,0.273865,0.235746,0.312998,0.256800,0.302180,0.344911,0.351584,#
14,0.444641,0.295126,0.287253,0.329045,0.228249,0.354405,0.230344,0.273371,0.390521,0.344614,0.347138,0.210858,0.378364,0.390823,1.000000,0.446436,0.305530,0.390971,0.357258,0.462005,0.315019,0.234277,0.335949,0.447302,0.298421,0.263575,0.377867,0.363370,0.323223,0.287959,0.227507,0.302770,0.274468,0.205193,0.274249,0.400120,0.359266,0.382901,0.377393,0.421176,0.403409,0.339947,0.388810,0.274180,0.330203,0.489210,0.398533,0.293242,0.313463,0.262533,0.451832,0.251181,0.310939,0.332335,0.436469,0.371396,0.355110,0.312220,0.314297,0.316611,0.345961,0.412301,0.325085,0.336668,0.388783,0.296047,0.393294,0.385023,0.371352,0.332293,0.271628,0.350882,0.255696,0.404557,0.276760,0.202945,0.247714,0.371571,0.349925,0.294046,0.405873,0.257723,0.407561,0.384267,0.357580,0.360006,0.265047,0.267289,0.378315,0.310238,0.385504,0.352220,0.346710,0.400788,0.390042,0.270799,0.405546,0.300992,0.305710,0.229591,0.333192,0.366180,0.329403,0.351058,0.326385,0.321992,0.448888,0.444585,0.277244,0.306361,0.193437,0.196965,0.350210,0.293822,0.316476,0.375735,0.291780,0.319237,0.296503,0.348965,0.441911,0.372161,0.218600,0.310766,0.330716,0.255349,0.233229,0.244472,0.194588,0.392432,0.239053,0.405984,0.344794,0.191974,0.290082,0.323344,0.330377,0.385009,0.256217,0.289288,0.425056,0.395910,0.382632,0.262584,0.260681,0.317289,0.297101,0.200523,0.165198,0.298684,0.389665,0.279453,0.202569,0.342470,0.310158,0.249335,0.346552,0.237250,0.329172,0.226994,0.289697,0.356712,0.239850,0.322645,0.410292,0.211939,0.299470,0.248947,0.285074,0.357368,0.431145,0.304632,0.340373,0.358114,0.327680,0.245170,0.428243,0.357257,0.365835,0.345402,0.321078,0.381819,0.330227,0.324642,0.297442,0.327128,0.328824,0.263576,0.252844,0.303177,0.335604,0.390200,0.294873,0.380493,0.282156,0.169883,0.132817,0.287143,0.384448,0.343724,#
15,0.397012,0.270659,0.346422,0.288531,0.305231,0.303328,0.243653,0.349896,0.306861,0.368630,0.320636,0.341197,0.335231,0.346241,0.446436,1.000000,0.368091,0.464812,0.393501,0.362148,0.291061,0.314226,0.335076,0.448825,0.374857,0.409532,0.401795,0.425509,0.357607,0.293751,0.324597,0.375204,0.299885,0.363623,0.289322,0.337810,0.330984,0.345647,0.415675,0.349864,0.439725,0.378007,0.361291,0.322606,0.429086,0.426013,0.286523,0.350189,0.234467,0.369885,0.404105,0.273485,0.379534,0.370738,0.350867,0.279594,0.314860,0.422645,0.347016,0.394758,0.306418,0.279946,0.387115,0.325071,0.358504,0.326565,0.384784,0.444552,0.374989,0.304299,0.328107,0.419906,0.357309,0.323869,0.388932,0.259910,0.242273,0.467309,0.347366,0.297917,0.513932,0.275882,0.321649,0.447471,0.352418,0.327613,0.395591,0.328010,0.414219,0.395050,0.306126,0.290710,0.352997,0.437725,0.322804,0.315136,0.474100,0.264157,0.336335,0.222029,0.397991,0.351244,0.395703,0.341936,0.248123,0.311453,0.304162,0.292401,0.280208,0.375286,0.293601,0.352560,0.305485,0.302524,0.305265,0.459404,0.382025,0.190911,0.283183,0.310367,0.407762,0.417190,0.229570,0.432402,0.336583,0.208996,0.263058,0.313099,0.304623,0.321839,0.300308,0.427432,0.293595,0.309283,0.420377,0.387967,0.309305,0.338516,0.323038,0.235119,0.306282,0.374155,0.366495,0.267266,0.401201,0.313504,0.389628,0.266064,0.403248,0.344679,0.388474,0.299214,0.312059,0.494139,0.242237,0.454163,0.310146,0.300739,0.383619,0.316287,0.272909,0.321831,0.309064,0.408011,0.376903,0.298639,0.322609,0.294910,0.350501,0.346002,0.273433,0.239056,0.380923,0.244272,0.334750,0.216683,0.419970,0.276747,0.200830,0.396618,0.420478,0.382617,0.284918,0.359831,0.252724,0.380567,0.253518,0.393215,0.330164,0.323993,0.224938,0.443977,0.281424,0.312236,0.269053,0.251825,0.220439,0.357063,0.291658,0.276448,#
16,0.354176,0.254750,0.292463,0.285605,0.157657,0.289847,0.270098,0.264301,0.191573,0.276304,0.308684,0.299834,0.351605,0.317318,0.305530,0.368091,1.000000,0.349190,0.261898,0.313288,0.437866,0.300882,0.395723,0.254300,0.198704,0.322666,0.321367,0.241081,0.201572,0.322107,0.249014,0.395736,0.178481,0.324996,0.204508,0.339232,0.294922,0.244332,0.340797,0.286490,0.238842,0.338332,0.267189,0.314962,0.290633,0.397449,0.291855,0.302309,0.284834,0.208060,0.224639,0.313569,0.440163,0.265838,0.286483,0.269611,0.211214,0.307583,0.321706,0.168762,0.205777,0.409744,0.326661,0.397225,0.418755,0.316257,0.309276,0.430996,0.232083,0.335984,0.195496,0.406781,0.327441,0.201240,0.314152,0.416528,0.206317,0.380919,0.373351,0.279781,0.256568,0.264702,0.268503,0.276953,0.286306,0.325481,0.441985,0.244328,0.366890,0.228527,0.282961,0.316752,0.253473,0.270435,0.285014,0.225957,0.381344,0.150891,0.312781,0.253995,0.295425,0.279192,0.181910,0.241739,0.247455,0.291207,0.317443,0.215458,0.185363,0.241336,0.271654,0.265391,0.314052,0.298569,0.330041,0.449229,0.318951,0.242937,0.169550,0.323811,0.318630,0.342316,0.291362,0.354223,0.345955,0.106526,0.208708,0.163984,0.214631,0.353308,0.179402,0.314849,0.427405,0.114109,0.397532,0.350204,0.170384,0.370231,0.249876,0.346701,0.175529,0.278991,0.206727,0.302612,0.293931,0.259700,0.150513,0.225950,0.235530,0.202324,0.234601,0.316478,0.197973,0.239861,0.289151,0.282328,0.217367,0.156765,0.302397,0.262468,0.174841,0.393326,0.346635,0.411539,0.331911,0.186279,0.297129,0.280222,0.266064,0.222937,0.192502,0.134271,0.287432,0.153611,0.227042,0.322646,0.230389,0.241603,0.263964,0.215692,0.239818,0.303166,0.303331,0.116526,0.094275,0.258688,0.401218,0.303574,0.281284,0.245980,0.341328,0.142963,0.143600,0.232205,0.319266,0.329796,0.125449,0.271720,0.230762,0.251154,#
17,0.499521,0.391873,0.341786,0.404975,0.323364,0.384909,0.282903,0.465859,0.253191,0.287411,0.376784,0.414707,0.333413,0.291395,0.390971,0.464812,0.349190,1.000000,0.355678,0.452848,0.430623,0.373524,0.368224,0.493008,0.422657,0.369599,0.325295,0.390690,0.376270,0.364592,0.371047,0.426264,0.507033,0.302195,0.235911,0.410398,0.298743,0.473037,0.411110,0.293892,0.393289,0.385239,0.296938,0.381680,0.358933,0.421520,0.392387,0.340162,0.415593,0.378960,0.429178,0.221606,0.259983,0.343584,0.386197,0.353241,0.449484,0.508002,0.405054,0.407597,0.321461,0.404424,0.334137,0.365040,0.401974,0.426651,0.456057,0.451505,0.410310,0.465946,0.393991,0.409366,0.472016,0.361935,0.393246,0.376127,0.289075,0.453105,0.360769,0.396352,0.434406,0.367272,0.576617,0.393182,0.409433,0.283202,0.420739,0.365267,0.506832,0.426139,0.316433,0.318787,0.411874,0.388016,0.315709,0.339388,0.406647,0.452078,0.400133,0.335664,0.352149,0.294138,0.367009,0.390552,0.305564,0.403409,0.330492,0.491779,0.236872,0.213510,0.372648,0.378126,0.358018,0.424093,0.263332,0.460911,0.395627,0.263480,0.305665,0.435949,0.349557,0.396919,0.245650,0.415327,0.483335,0.316975,0.333687,0.336777,0.273758,0.347015,0.324153,0.428255,0.455234,0.418296,0.440470,0.388216,0.436023,0.419189,0.339897,0.404587,0.429902,0.380744,0.298347,0.306506,0.405378,0.378372,0.249728,0.258523,0.308044,0.238015,0.428711,0.305973,0.285036,0.416292,0.384061,0.380762,0.351669,0.304814,0.517570,0.411017,0.441177,0.412727,0.319815,0.337328,0.433977,0.323721,0.282726,0.407865,0.314869,0.322108,0.488821,0.318920,0.363852,0.372234,0.366098,0.252391,0.419582,0.367936,0.232691,0.432703,0.349438,0.486390,0.394141,0.247410,0.171867,0.374028,0.378348,0.411658,0.447237,0.363937,0.370378,0.481882,0.283207,0.251188,0.438171,0.319510,0.361923,0.310004,0.364655,0.375347,#
18,0.375426,0.343350,0.335556,0.323779,0.318597,0.278002,0.295908,0.288472,0.227012,0.169089,0.421352,0.280225,0.356803,0.336265,0.357258,0.393501,0.261898,0.355678,1.000000,0.351994,0.311183,0.288097,0.191628,0.441146,0.349495,0.330920,0.348720,0.393394,0.338571,0.254256,0.309592,0.260185,0.406551,0.243111,0.303774,0.406478,0.396419,0.331383,0.337886,0.405607,0.360198,0.362230,0.311704,0.271064,0.286141,0.353533,0.280295,0.314783,0.262857,0.315249,0.400815,0.190557,0.345308,0.356809,0.258061,0.256574,0.321591,0.371989,0.308930,0.254634,0.231630,0.299609,0.345301,0.368818,0.313185,0.387839,0.418648,0.416172,0.291534,0.207852,0.184742,0.334677,0.289898,0.234206,0.314172,0.233797,0.216146,0.394437,0.398731,0.349055,0.393987,0.274903,0.345392,0.395641,0.307650,0.169268,0.422418,0.225189,0.393367,0.324831,0.384444,0.256659,0.314550,0.362994,0.307018,0.325379,0.468282,0.298011,0.284537,0.327401,0.280121,0.391034,0.400919,0.295745,0.369675,0.325239,0.265426,0.308779,0.309627,0.295174,0.350667,0.436810,0.285378,0.348628,0.314899,0.338489,0.305487,0.135100,0.321332,0.371288,0.298198,0.356186,0.264460,0.266834,0.316379,0.215697,0.288341,0.287117,0.361842,0.337400,0.346809,0.416072,0.286279,0.264639,0.419551,0.221648,0.316298,0.413984,0.240478,0.383524,0.360370,0.194888,0.273913,0.245306,0.325339,0.356460,0.184054,0.175091,0.243344,0.281831,0.310452,0.340889,0.287014,0.294320,0.302981,0.400505,0.422503,0.318962,0.256994,0.408595,0.313228,0.356511,0.281012,0.353216,0.333724,0.299237,0.346990,0.310249,0.279348,0.388368,0.182106,0.258183,0.366690,0.236101,0.224559,0.294284,0.370200,0.401063,0.441184,0.259800,0.290049,0.328875,0.393028,0.230301,0.350625,0.297614,0.377263,0.394717,0.318192,0.296487,0.313932,0.411518,0.319691,0.273261,0.331848,0.240479,0.223398,0.355752,0.413071,0.345400,#
19,0.388954,0.326779,0.327571,0.353933,0.411934,0.241804,0.306184,0.361196,0.310794,0.406397,0.359005,0.155153,0.400518,0.381251,0.462005,0.362148,0.313288,0.452848,0.351994,1.000000,0.290096,0.364071,0.311945,0.414310,0.269417,0.419921,0.318156,0.363342,0.345825,0.409084,0.294271,0.376619,0.334976,0.252619,0.305002,0.430167,0.205077,0.344723,0.492559,0.342391,0.363881,0.341156,0.238320,0.192118,0.322540,0.443402,0.416472,0.429798,0.279389,0.362138,0.374594,0.320272,0.251406,0.423474,0.328329,0.363772,0.338510,0.336626,0.344171,0.319049,0.321560,0.324554,0.369431,0.336749,0.418091,0.360784,0.334908,0.400485,0.372803,0.360575,0.339198,0.408608,0.418052,0.231024,0.388304,0.329978,0.267109,0.460216,0.454294,0.235495,0.440818,0.396359,0.416052,0.275401,0.466336,0.251216,0.391099,0.339018,0.429098,0.354206,0.275461,0.368220,0.391437,0.352958,0.332177,0.385936,0.426903,0.384159,0.211757,0.235918,0.344884,0.343664,0.354685,0.376959,0.392102,0.366522,0.337577,0.473066,0.244666,0.186684,0.362212,0.349621,0.379952,0.431458,0.377669,0.338439,0.399776,0.365897,0.348256,0.249479,0.428004,0.465956,0.299811,0.408981,0.487775,0.325355,0.295042,0.338220,0.150956,0.335090,0.268137,0.263866,0.458812,0.281933,0.366048,0.380697,0.348708,0.437107,0.323723,0.375924,0.378290,0.341546,0.305613,0.280686,0.350755,0.344487,0.221410,0.379426,0.345305,0.243859,0.324163,0.348970,0.303947,0.422342,0.329270,0.319568,0.338688,0.264351,0.367507,0.277381,0.399597,0.389860,0.357827,0.382502,0.368865,0.308845,0.273716,0.313857,0.340734,0.296196,0.405457,0.328638,0.350253,0.278751,0.331408,0.262327,0.391603,0.383402,0.255891,0.349246,0.239467,0.422366,0.342289,0.348236,0.275694,0.369020,0.339646,0.395744,0.363380,0.270704,0.430237,0.434174,0.286873,0.376308,0.325166,0.302274,0.302613,0.392740,0.418065,0.407855,#
20,0.409522,0.306317,0.395616,0.287383,0.312046,0.355962,0.300131,0.315985,0.282926,0.283832,0.274784,0.282035,0.336378,0.326817,0.315019,0.291061,0.437866,0.430623,0.311183,0.290096,1.000000,0.338148,0.292644,0.365235,0.390025,0.285301,0.327443,0.376729,0.299748,0.306059,0.257881,0.328943,0.327484,0.203213,0.255399,0.323896,0.315637,0.317168,0.315665,0.341144,0.336930,0.484542,0.253109,0.256986,0.336296,0.458731,0.378031,0.344117,0.350158,0.263099,0.266023,0.331341,0.466212,0.289710,0.342313,0.316935,0.363029,0.337455,0.312541,0.290807,0.345670,0.271355,0.370528,0.370694,0.401281,0.274560,0.359020,0.383676,0.430656,0.399603,0.303252,0.351338,0.461362,0.351049,0.263752,0.273020,0.370624,0.391530,0.339044,0.348985,0.278200,0.275020,0.411678,0.290868,0.316542,0.315459,0.451021,0.300681,0.459566,0.364715,0.320375,0.395745,0.371394,0.414541,0.343613,0.303132,0.432149,0.344673,0.290371,0.174315,0.304443,0.296593,0.335032,0.361840,0.261012,0.367410,0.313948,0.279962,0.261180,0.331948,0.383860,0.316363,0.356030,0.355601,0.300898,0.449969,0.444942,0.255978,0.190875,0.337669,0.298249,0.384655,0.283904,0.300706,0.371330,0.269483,0.330641,0.381539,0.291339,0.382314,0.252000,0.427195,0.344116,0.200593,0.374145,0.314398,0.423903,0.432909,0.317458,0.347246,0.369946,0.365960,0.197737,0.312140,0.372806,0.248287,0.194444,0.284029,0.232306,0.327424,0.362359,0.372006,0.183421,0.239105,0.306756,0.325005,0.226711,0.186055,0.286325,0.371109,0.310480,0.400928,0.280443,0.355389,0.427546,0.224155,0.167458,0.339460,0.311402,0.281663,0.357011,0.234980,0.280049,0.298661,0.250800,0.399065,0.255753,0.279328,0.439663,0.382683,0.273769,0.327346,0.253419,0.296843,0.250441,0.221858,0.334035,0.339513,0.380737,0.347783,0.336463,0.398152,0.335144,0.245140,0.380367,0.342063,0.252899,0.316896,0.320866,0.292319,#
21,0.436863,0.435669,0.469340,0.330618,0.318189,0.377059,0.317147,0.371360,0.264308,0.285151,0.331552,0.373139,0.234945,0.322409,0.234277,0.314226,0.300882,0.373524,0.288097,0.364071,0.338148,1.000000,0.290219,0.412236,0.391666,0.279323,0.386765,0.462892,0.324861,0.356463,0.334646,0.387404,0.306200,0.347940,0.237337,0.391481,0.411227,0.390731,0.452787,0.298894,0.352548,0.386178,0.228995,0.329041,0.363671,0.394601,0.447091,0.401141,0.256846,0.380582,0.412813,0.224987,0.381518,0.330342,0.337466,0.299775,0.354329,0.362849,0.308567,0.301586,0.243861,0.253303,0.421570,0.377656,0.466172,0.352508,0.321913,0.373757,0.427069,0.478839,0.510190,0.326449,0.506187,0.391899,0.312535,0.253340,0.344974,0.359780,0.334467,0.338836,0.450535,0.372512,0.324148,0.232781,0.395919,0.235044,0.445432,0.312430,0.405342,0.452663,0.267987,0.323058,0.331640,0.333363,0.362836,0.391646,0.378658,0.354807,0.274816,0.326907,0.493452,0.320243,0.316679,0.355515,0.318192,0.390234,0.293382,0.376731,0.287617,0.257751,0.367700,0.359341,0.347361,0.334819,0.294870,0.433020,0.471813,0.218731,0.335418,0.403314,0.325128,0.412275,0.170831,0.419749,0.296536,0.301697,0.313085,0.318349,0.273219,0.282790,0.346471,0.329342,0.398173,0.326674,0.361153,0.295547,0.406870,0.368154,0.290416,0.394224,0.369834,0.400600,0.320868,0.257033,0.367935,0.370891,0.323095,0.347762,0.339521,0.282000,0.349159,0.340502,0.336999,0.339667,0.333388,0.310544,0.278105,0.299798,0.287990,0.309210,0.426538,0.349608,0.293527,0.361618,0.404647,0.170012,0.135148,0.383897,0.292131,0.424680,0.321472,0.279667,0.408086,0.335130,0.249518,0.367815,0.390226,0.316820,0.314575,0.374933,0.289605,0.355944,0.228771,0.337854,0.191862,0.316195,0.319044,0.400839,0.465166,0.314595,0.409977,0.354092,0.342630,0.207958,0.435543,0.373346,0.286884,0.352106,0.355540,0.395104,#
