0,1.000000,0.748632,0.756453,0.731526,0.685930,0.758659,0.716715,0.744498,0.728058,0.706922,0.720442,0.749053,0.748926,0.687133,0.741282,0.692375,0.723625,0.741928,0.725022,0.738350,0.719927,0.709302,0.719273,0.739585,0.706645,0.731906,0.756503,0.751569,0.687285,0.721403,0.725550,0.705977,0.710665,0.676778,0.755119,0.734731,0.738443,0.737855,0.742242,0.769469,0.725450,0.718192,0.734446,0.749230,0.714996,0.699834,0.766994,0.725617,0.724649,0.780029,0.755218,0.710755,0.741520,0.758528,0.732177,0.765178,0.715099,0.764807,0.729484,0.741847,0.769349,0.675776,0.740072,0.720482,0.725848,0.742954,0.753748,0.760209,0.731627,0.705390,0.742254,0.756320,0.797341,0.734137,0.743769,0.743984,0.710468,0.737087,0.726037,0.728958,0.796786,0.748530,0.749090,0.743277,0.717321,0.766664,0.701522,0.674680,0.681371,0.730419,0.717179,0.714919,0.671631,0.747512,0.722305,0.742504,0.703800,0.699820,0.733823,0.749352,0.729836,0.731809,0.706652,0.720426,0.753182,0.688765,0.675193,0.750488,0.743343,0.722655,0.757807,0.696273,0.760892,0.685504,0.712699,0.785696,0.691198,0.721101,0.727342,0.701610,0.679635,0.796291,0.736944,0.781838,0.701879,0.714758,0.706749,0.730668,0.710152,0.696199,0.728270,0.744593,0.728302,0.703269,0.728725,0.702024,0.723636,0.782072,0.721913,0.705629,0.699023,0.732412,0.655331,0.744054,0.756586,0.688847,0.732831,0.665470,0.741567,0.740781,0.730937,0.694251,0.725092,0.699286,0.727012,0.698524,0.721688,0.734600,0.736756,0.749758,0.746687,0.769309,0.708515,0.734769,0.757504,0.738614,0.747597,0.713239,0.726307,0.738111,0.740759,0.696710,0.761012,0.770661,0.788936,0.663558,0.707584,0.747591,0.739701,0.724718,0.715713,0.744310,0.667121,0.692519,0.720386,0.692050,0.738855,0.726580,0.720828,0.759134,0.709893,0.748446,0.724224,0.722432,0.709331,0.679201,0.720034,0.735788,0.763346,0.728704,#
1,0.748632,1.000000,0.776607,0.778208,0.733728,0.788158,0.723125,0.729420,0.747101,0.739300,0.762460,0.722684,0.743129,0.764493,0.713968,0.730371,0.736136,0.738585,0.754949,0.750513,0.798132,0.804937,0.746897,0.785888,0.735095,0.715146,0.785489,0.776051,0.697288,0.705599,0.779880,0.782252,0.761799,0.756359,0.761216,0.782381,0.704759,0.787966,0.757056,0.761432,0.754366,0.728182,0.713253,0.728378,0.739823,0.767930,0.782574,0.748992,0.775136,0.785234,0.746215,0.782411,0.752833,0.732669,0.785972,0.774686,0.717422,0.768289,0.770662,0.745200,0.741980,0.732029,0.707176,0.699796,0.735264,0.753268,0.806465,0.764707,0.788434,0.774889,0.759891,0.777224,0.830673,0.753783,0.757128,0.753748,0.746848,0.775516,0.760505,0.745526,0.791725,0.761242,0.817947,0.766755,0.773038,0.749458,0.706795,0.721719,0.760177,0.757484,0.736818,0.718473,0.745842,0.755983,0.718418,0.701963,0.725727,0.720227,0.739303,0.766327,0.768108,0.779194,0.742791,0.763812,0.753425,0.725371,0.712904,0.778765,0.742878,0.738684,0.753316,0.737996,0.747318,0.714071,0.718931,0.752429,0.760970,0.800436,0.729981,0.696546,0.756209,0.760840,0.691504,0.781453,0.689495,0.718358,0.757039,0.746994,0.770237,0.764987,0.718954,0.781093,0.726483,0.768683,0.769794,0.718986,0.704894,0.737342,0.766276,0.700367,0.748461,0.733883,0.707769,0.735143,0.733464,0.730598,0.763302,0.669669,0.730944,0.740169,0.770696,0.759957,0.730992,0.731557,0.768135,0.716641,0.748010,0.742954,0.703430,0.742090,0.736966,0.771561,0.777296,0.787831,0.755746,0.715823,0.753130,0.756121,0.679529,0.730422,0.767777,0.689394,0.758773,0.764853,0.793332,0.713427,0.736314,0.806830,0.737611,0.740216,0.753102,0.735145,0.710350,0.710959,0.717121,0.768756,0.761802,0.661228,0.756976,0.751970,0.730820,0.763826,0.733279,0.780169,0.780073,0.700685,0.746814,0.743421,0.759638,0.730581,#
2,0.756453,0.776607,1.000000,0.734202,0.684114,0.764094,0.739922,0.754811,0.734458,0.741980,0.747937,0.710248,0.703616,0.722888,0.721253,0.719947,0.709108,0.759364,0.717525,0.755220,0.725253,0.745962,0.659361,0.756814,0.711810,0.687146,0.771852,0.783382,0.748448,0.740916,0.789371,0.742281,0.747369,0.730077,0.754261,0.751335,0.759045,0.744674,0.775370,0.764944,0.763849,0.755985,0.719979,0.704891,0.702910,0.732102,0.812838,0.721028,0.757208,0.820723,0.735265,0.720484,0.725658,0.770113,0.802249,0.751132,0.762836,0.741360,0.714165,0.734616,0.760777,0.749675,0.722746,0.752381,0.733726,0.740658,0.818134,0.723933,0.784397,0.755495,0.764678,0.748281,0.786917,0.769243,0.743489,0.756133,0.752807,0.775144,0.749850,0.784664,0.776022,0.773854,0.792579,0.788304,0.788978,0.783952,0.714705,0.798703,0.755539,0.737671,0.767443,0.724535,0.744496,0.741819,0.771987,0.733720,0.716578,0.720065,0.789723,0.732635,0.754213,0.712536,0.706906,0.725885,0.729111,0.763031,0.749541,0.736755,0.771268,0.733958,0.755264,0.709365,0.774230,0.683876,0.721570,0.729009,0.708400,0.761385,0.746218,0.669139,0.724380,0.749221,0.701176,0.768779,0.720803,0.722548,0.719337,0.752297,0.733170,0.777374,0.757865,0.797745,0.792549,0.776174,0.753068,0.736050,0.696328,0.733907,0.753205,0.720130,0.745986,0.733568,0.692563,0.691925,0.749176,0.777537,0.734368,0.704685,0.725460,0.712678,0.772036,0.732619,0.711535,0.766422,0.733108,0.747466,0.739084,0.707716,0.696094,0.703228,0.723259,0.669868,0.734098,0.759630,0.723987,0.749811,0.786364,0.728192,0.686868,0.718745,0.745090,0.696319,0.746036,0.730037,0.790792,0.738745,0.734882,0.786990,0.735425,0.721939,0.736246,0.780608,0.715014,0.771424,0.712766,0.730993,0.733793,0.699585,0.756588,0.733659,0.712239,0.763657,0.778432,0.763360,0.737739,0.744214,0.751357,0.763207,0.736237,0.738569,#
3,0.731526,0.778208,0.734202,1.000000,0.724891,0.753972,0.690879,0.715845,0.732797,0.722598,0.716249,0.713310,0.736548,0.704757,0.679638,0.707483,0.712013,0.712969,0.710474,0.712112,0.737546,0.748867,0.673132,0.689084,0.737949,0.747971,0.742879,0.753897,0.686348,0.694068,0.729090,0.763502,0.721207,0.733414,0.740457,0.732176,0.680428,0.738116,0.669538,0.776890,0.733119,0.716669,0.696721,0.711294,0.720435,0.747372,0.766506,0.739384,0.768026,0.748153,0.736710,0.700820,0.732872,0.689648,0.759380,0.737967,0.657375,0.730699,0.785970,0.739115,0.708340,0.720575,0.685350,0.716866,0.749320,0.759715,0.730132,0.726777,0.704610,0.717772,0.691199,0.755072,0.793485,0.749066,0.711620,0.728420,0.697250,0.740958,0.725588,0.765168,0.781854,0.699682,0.739579,0.732659,0.722187,0.753804,0.692154,0.703009,0.710740,0.723275,0.675876,0.715953,0.729182,0.739182,0.717605,0.726315,0.680208,0.687079,0.683085,0.741138,0.714776,0.696641,0.681843,0.696036,0.739043,0.687985,0.705404,0.752664,0.705444,0.706905,0.702905,0.714047,0.718522,0.710696,0.715248,0.748646,0.711211,0.720579,0.705065,0.661435,0.670256,0.735933,0.671279,0.739046,0.674570,0.716701,0.734803,0.730067,0.701076,0.743486,0.702551,0.750921,0.708472,0.768963,0.754688,0.715941,0.719740,0.708415,0.717387,0.693554,0.697715,0.705323,0.667836,0.680190,0.698123,0.758540,0.706612,0.698383,0.703742,0.667946,0.709504,0.703028,0.696519,0.726445,0.717408,0.670896,0.751131,0.714919,0.667245,0.732974,0.748975,0.748104,0.717687,0.781399,0.733066,0.719222,0.728371,0.692730,0.694257,0.702560,0.730428,0.693094,0.716972,0.739013,0.719172,0.709917,0.712825,0.722273,0.742396,0.714184,0.702123,0.755621,0.675315,0.721161,0.694286,0.716951,0.707280,0.626231,0.754918,0.753717,0.685989,0.713505,0.719894,0.710510,0.731665,0.715022,0.726436,0.727113,0.709580,0.736925,#
4,0.685930,0.733728,0.684114,0.724891,1.000000,0.759658,0.731117,0.680179,0.664242,0.699129,0.706479,0.698338,0.664950,0.684734,0.670297,0.705331,0.676580,0.736874,0.656834,0.732542,0.719017,0.724775,0.690391,0.719229,0.697319,0.670071,0.706957,0.720556,0.694898,0.694456,0.771177,0.694723,0.704032,0.659970,0.708262,0.728252,0.667411,0.701479,0.671910,0.755803,0.698731,0.680447,0.674212,0.710049,0.711797,0.694943,0.757000,0.698139,0.730708,0.733156,0.738051,0.689753,0.687225,0.620542,0.728455,0.727880,0.672437,0.732070,0.755692,0.691580,0.663619,0.699035,0.715377,0.676908,0.739286,0.769191,0.748979,0.674272,0.699596,0.691251,0.720569,0.747104,0.720788,0.702438,0.697348,0.702734,0.687303,0.725850,0.722528,0.721969,0.693769,0.703507,0.744006,0.676648,0.720366,0.660083,0.643669,0.673117,0.713107,0.739035,0.659354,0.650927,0.671322,0.705874,0.677118,0.713213,0.709671,0.650033,0.648323,0.681566,0.717461,0.745273,0.699886,0.696531,0.698253,0.632991,0.716332,0.706902,0.717837,0.725116,0.654106,0.678904,0.725641,0.754516,0.683258,0.703161,0.656441,0.769689,0.652489,0.641806,0.679764,0.710845,0.714639,0.716531,0.667667,0.714318,0.695134,0.678191,0.759388,0.714266,0.750693,0.743624,0.677242,0.713271,0.753141,0.699998,0.680641,0.744085,0.693769,0.673127,0.657430,0.727764,0.689933,0.716517,0.692507,0.705432,0.707358,0.641896,0.680395,0.707223,0.705454,0.756867,0.658481,0.634572,0.747826,0.676885,0.740377,0.710505,0.706639,0.681387,0.657305,0.710599,0.734212,0.728647,0.730890,0.680933,0.705107,0.671013,0.663692,0.677217,0.681905,0.679933,0.712930,0.690969,0.740294,0.693015,0.712756,0.742996,0.703015,0.730564,0.750067,0.690025,0.704300,0.682870,0.744776,0.718685,0.708564,0.719832,0.693318,0.704999,0.682387,0.678421,0.702824,0.703656,0.697444,0.626637,0.679989,0.717218,0.724991,0.671878,#
5,0.758659,0.788158,0.764094,0.753972,0.759658,1.000000,0.707929,0.740517,0.737592,0.730130,0.708903,0.706190,0.708634,0.692190,0.715966,0.709756,0.722012,0.735261,0.735827,0.780016,0.730089,0.717087,0.678507,0.722209,0.737294,0.764468,0.780895,0.779183,0.681610,0.732611,0.762461,0.750902,0.738561,0.744443,0.751807,0.759786,0.734914,0.724900,0.711581,0.763789,0.725578,0.719845,0.707942,0.716411,0.737556,0.753729,0.753992,0.757280,0.753884,0.762309,0.766599,0.693487,0.705824,0.727624,0.761823,0.805418,0.711897,0.749130,0.763049,0.755064,0.701024,0.695954,0.739411,0.757658,0.725400,0.748932,0.750572,0.729457,0.733839,0.748135,0.776146,0.761642,0.784186,0.745443,0.735915,0.723509,0.715059,0.777468,0.728142,0.752630,0.772956,0.746631,0.776386,0.742294,0.731387,0.731950,0.693224,0.710153,0.754774,0.716205,0.736829,0.681247,0.704636,0.756730,0.723178,0.659036,0.753680,0.723905,0.758250,0.683397,0.767809,0.736868,0.788982,0.747250,0.733266,0.698372,0.732870,0.744059,0.701443,0.751279,0.722674,0.724707,0.755651,0.688270,0.669828,0.718364,0.774795,0.772137,0.717397,0.688644,0.696001,0.750958,0.706410,0.786894,0.693258,0.730704,0.762414,0.713317,0.744037,0.716000,0.732611,0.788148,0.767108,0.774793,0.757529,0.694193,0.682829,0.748794,0.705221,0.713362,0.706551,0.696118,0.709994,0.723581,0.808657,0.734552,0.723570,0.706034,0.724762,0.761069,0.781401,0.747290,0.743329,0.709125,0.763461,0.683278,0.754275,0.720643,0.709311,0.716595,0.724207,0.766440,0.743623,0.745282,0.759372,0.695371,0.684482,0.750453,0.707321,0.719817,0.760954,0.731445,0.733423,0.734427,0.752347,0.743736,0.744317,0.770589,0.765586,0.753377,0.760682,0.725101,0.662572,0.708528,0.730833,0.744439,0.754144,0.702608,0.777826,0.774493,0.681084,0.764523,0.718653,0.760157,0.722205,0.700528,0.709384,0.758520,0.740391,0.734580,#
6,0.716715,0.723125,0.739922,0.690879,0.731117,0.707929,1.000000,0.672402,0.715892,0.737462,0.753598,0.717993,0.703953,0.720866,0.632303,0.776662,0.737890,0.761819,0.718701,0.686298,0.733249,0.700059,0.649538,0.704983,0.723723,0.730683,0.720732,0.733918,0.697471,0.699503,0.743112,0.752346,0.719466,0.729167,0.728445,0.734208,0.727631,0.729801,0.681832,0.752359,0.731219,0.748640,0.739617,0.736165,0.710352,0.673731,0.771053,0.713551,0.761044,0.774333,0.726994,0.717922,0.703538,0.635511,0.746244,0.727775,0.715686,0.760384,0.745482,0.716219,0.732037,0.732793,0.700731,0.680332,0.764928,0.728287,0.788156,0.731449,0.750055,0.690026,0.748816,0.788008,0.741359,0.735197,0.707059,0.730840,0.757807,0.776522,0.760711,0.718851,0.731384,0.752208,0.733340,0.792265,0.734037,0.690477,0.687225,0.704816,0.735521,0.713448,0.692529,0.709800,0.679075,0.739688,0.715677,0.715559,0.727608,0.709847,0.706153,0.686846,0.744444,0.749370,0.710850,0.720745,0.764946,0.666187,0.740552,0.723957,0.759162,0.714886,0.672539,0.682795,0.733177,0.723031,0.682571,0.748016,0.680640,0.747364,0.667511,0.694832,0.682436,0.739492,0.640520,0.744356,0.702577,0.705979,0.694496,0.701420,0.702959,0.706898,0.743340,0.747761,0.715980,0.701005,0.747907,0.702816,0.738099,0.715665,0.751960,0.733624,0.727354,0.712754,0.683161,0.711420,0.724780,0.747935,0.719081,0.691845,0.689470,0.713018,0.730522,0.750830,0.673244,0.702305,0.705087,0.688692,0.712777,0.653081,0.680654,0.744487,0.718016,0.716673,0.700499,0.727078,0.724038,0.723441,0.760794,0.677004,0.690288,0.719621,0.696358,0.736370,0.677806,0.692488,0.738485,0.742770,0.722690,0.752646,0.736446,0.713889,0.747571,0.720424,0.721868,0.720755,0.691462,0.694733,0.733689,0.682146,0.733030,0.718595,0.681673,0.732209,0.702181,0.727277,0.732296,0.707325,0.734915,0.736324,0.739016,0.708666,#
7,0.744498,0.729420,0.754811,0.715845,0.680179,0.740517,0.672402,1.000000,0.747981,0.683999,0.700545,0.690872,0.716247,0.709448,0.706761,0.689124,0.679999,0.748893,0.723099,0.733922,0.741507,0.701298,0.718428,0.689767,0.703045,0.744044,0.728222,0.720365,0.696724,0.736803,0.720885,0.714313,0.709115,0.711159,0.728309,0.735165,0.707095,0.730623,0.740679,0.732512,0.745491,0.739754,0.666930,0.682311,0.685497,0.710601,0.759702,0.759733,0.775988,0.744644,0.710778,0.715107,0.726705,0.715944,0.752908,0.697570,0.715682,0.698959,0.749623,0.777055,0.682549,0.735625,0.731710,0.698130,0.743620,0.733737,0.785604,0.700547,0.698228,0.668874,0.753793,0.677994,0.763350,0.754222,0.708204,0.701679,0.710969,0.733940,0.696328,0.716184,0.782502,0.706603,0.765749,0.736681,0.729562,0.745725,0.694592,0.712172,0.698271,0.723582,0.723604,0.703511,0.713757,0.726078,0.743411,0.722139,0.726946,0.744282,0.750223,0.717906,0.735739,0.689341,0.681467,0.676671,0.729327,0.675251,0.694516,0.753280,0.735064,0.681073,0.753751,0.696065,0.764249,0.705941,0.715278,0.743559,0.670249,0.706625,0.694148,0.714230,0.710169,0.726561,0.697857,0.741252,0.699250,0.728943,0.682730,0.745228,0.692635,0.719664,0.695584,0.743832,0.736603,0.664889,0.730190,0.712394,0.687494,0.763772,0.705003,0.700835,0.678946,0.686568,0.697237,0.676718,0.747577,0.724084,0.724236,0.640335,0.678819,0.690658,0.694273,0.724505,0.703043,0.679088,0.726486,0.758037,0.734755,0.720710,0.695754,0.685036,0.731325,0.688785,0.760641,0.703705,0.728310,0.700630,0.720956,0.707676,0.626761,0.661265,0.745552,0.690261,0.718201,0.737083,0.752841,0.665268,0.681272,0.709450,0.727544,0.718681,0.720845,0.714462,0.680446,0.708468,0.711852,0.721404,0.745450,0.671050,0.737182,0.760944,0.732423,0.728770,0.704219,0.704816,0.721314,0.676023,0.720935,0.748082,0.752252,0.695144,#
8,0.728058,0.747101,0.734458,0.732797,0.664242,0.737592,0.715892,0.747981,1.000000,0.715360,0.722742,0.743068,0.727400,0.734952,0.699040,0.734238,0.683706,0.733320,0.663561,0.741647,0.747311,0.726699,0.666892,0.702273,0.724046,0.725861,0.737839,0.709918,0.699272,0.702200,0.749534,0.729602,0.706789,0.697937,0.713224,0.795276,0.711160,0.735466,0.681107,0.718346,0.713426,0.694942,0.771464,0.722339,0.700789,0.675111,0.740276,0.690502,0.757531,0.744036,0.732557,0.720696,0.717058,0.713477,0.718225,0.735815,0.715426,0.733838,0.719362,0.702667,0.734198,0.746099,0.745861,0.728625,0.734763,0.758933,0.777216,0.750943,0.751285,0.690076,0.736916,0.759803,0.790603,0.730222,0.716460,0.699671,0.715836,0.749550,0.714730,0.743397,0.766495,0.713720,0.733329,0.734701,0.748969,0.723441,0.703189,0.730557,0.691171,0.667838,0.713110,0.696986,0.690824,0.706976,0.679591,0.681119,0.737089,0.741066,0.786166,0.744129,0.720798,0.663320,0.756736,0.748389,0.685369,0.709686,0.721186,0.723119,0.681475,0.752119,0.696849,0.685488,0.742756,0.690934,0.658664,0.741564,0.712862,0.708900,0.680478,0.716337,0.689709,0.706506,0.695050,0.766428,0.683867,0.724075,0.652539,0.713920,0.735191,0.746790,0.681440,0.758276,0.734757,0.695421,0.729186,0.732454,0.706381,0.723922,0.736500,0.697161,0.702137,0.698586,0.702165,0.637804,0.741742,0.704489,0.699881,0.691798,0.693030,0.734656,0.708277,0.749405,0.684696,0.766667,0.717342,0.705802,0.734416,0.724907,0.753823,0.693487,0.731611,0.688840,0.725149,0.708244,0.705191,0.696373,0.717550,0.747257,0.702959,0.665329,0.708581,0.717705,0.665176,0.720331,0.765970,0.694948,0.706329,0.751832,0.729012,0.700190,0.738614,0.731985,0.706991,0.713455,0.693859,0.674644,0.766973,0.668484,0.705432,0.755440,0.743466,0.746203,0.739780,0.730328,0.713054,0.647812,0.672131,0.713277,0.714867,0.761230,#
9,0.706922,0.739300,0.741980,0.722598,0.699129,0.730130,0.737462,0.683999,0.715360,1.000000,0.724760,0.685703,0.720996,0.717538,0.716167,0.712856,0.693281,0.753406,0.679029,0.690877,0.744101,0.716289,0.654540,0.712583,0.721732,0.683354,0.745180,0.780743,0.656566,0.723606,0.720704,0.720713,0.712893,0.719200,0.729986,0.747867,0.716221,0.713200,0.700619,0.758448,0.709525,0.745187,0.680956,0.689108,0.724205,0.697025,0.732613,0.732015,0.763355,0.759879,0.735349,0.690526,0.652274,0.664258,0.714346,0.727220,0.741762,0.781260,0.683662,0.733618,0.727866,0.721440,0.713207,0.673707,0.705827,0.773055,0.764321,0.727667,0.758925,0.687849,0.737914,0.738763,0.746860,0.731322,0.711541,0.732361,0.746975,0.782952,0.714032,0.783541,0.761946,0.726658,0.739736,0.774517,0.752130,0.714640,0.710700,0.748022,0.728930,0.712640,0.734963,0.665333,0.726016,0.708892,0.736972,0.692500,0.680490,0.686220,0.724663,0.730799,0.765921,0.751429,0.736941,0.712645,0.729390,0.707038,0.695461,0.769886,0.755263,0.741546,0.713327,0.731034,0.743683,0.687418,0.695211,0.779017,0.637007,0.742379,0.707466,0.703879,0.643503,0.738406,0.690330,0.738392,0.710792,0.729759,0.711631,0.706776,0.736500,0.692683,0.682851,0.762514,0.719501,0.713902,0.753245,0.664868,0.696645,0.727590,0.711947,0.700971,0.752139,0.758093,0.739705,0.742079,0.760484,0.782418,0.706942,0.717619,0.709601,0.704072,0.698685,0.720157,0.707812,0.718897,0.696923,0.710008,0.708948,0.743813,0.725541,0.743685,0.714848,0.741688,0.757600,0.751075,0.721202,0.736759,0.682863,0.736203,0.723350,0.698371,0.720386,0.705019,0.721286,0.678787,0.749449,0.754030,0.743808,0.770820,0.701310,0.753807,0.748128,0.752698,0.744558,0.695435,0.727185,0.737944,0.726155,0.690526,0.748948,0.712718,0.683637,0.720148,0.681122,0.710331,0.692611,0.690840,0.726998,0.730082,0.727282,0.677919,#
10,0.720442,0.762460,0.747937,0.716249,0.706479,0.708903,0.753598,0.700545,0.722742,0.724760,1.000000,0.749098,0.720937,0.722099,0.665142,0.736632,0.729968,0.724852,0.746538,0.708147,0.727224,0.736608,0.682492,0.763170,0.698511,0.733091,0.731127,0.776635,0.721759,0.726880,0.739695,0.719368,0.721130,0.738333,0.735899,0.743200,0.755342,0.741079,0.700579,0.727415,0.742544,0.700081,0.718604,0.701816,0.707337,0.745971,0.808932,0.730234,0.751737,0.784647,0.711030,0.744286,0.714263,0.665771,0.743152,0.767326,0.740951,0.783371,0.701229,0.752326,0.736254,0.739594,0.770723,0.739071,0.749924,0.716070,0.789761,0.711814,0.775231,0.699434,0.783446,0.770370,0.784830,0.694559,0.734111,0.779828,0.711984,0.776219,0.764792,0.712698,0.782594,0.707910,0.758356,0.732108,0.734246,0.716567,0.733962,0.697227,0.724005,0.772068,0.689813,0.738804,0.753558,0.702524,0.699575,0.721410,0.713429,0.751857,0.722871,0.727505,0.736524,0.714826,0.724241,0.748708,0.728404,0.729227,0.742716,0.704221,0.727711,0.744552,0.736550,0.698984,0.786076,0.725398,0.690960,0.759413,0.666836,0.743517,0.695575,0.691997,0.713471,0.765598,0.652518,0.747568,0.664702,0.718182,0.740414,0.706361,0.758720,0.742643,0.715485,0.763136,0.718829,0.735938,0.775113,0.772620,0.688153,0.717912,0.754714,0.749782,0.751769,0.736526,0.719183,0.740257,0.740857,0.749111,0.732485,0.688556,0.714143,0.745204,0.721631,0.722506,0.718847,0.717830,0.753358,0.693585,0.753482,0.743123,0.694898,0.700651,0.743872,0.707278,0.736240,0.754724,0.735693,0.717223,0.751847,0.709931,0.711486,0.732671,0.686368,0.742718,0.683096,0.720680,0.778448,0.734141,0.702043,0.750628,0.707344,0.749931,0.717290,0.694410,0.728665,0.714211,0.675263,0.726622,0.751487,0.715093,0.707258,0.758988,0.716413,0.715209,0.716220,0.781324,0.730947,0.691506,0.728346,0.742354,0.747934,0.747662,#
11,0.749053,0.722684,0.710248,0.713310,0.698338,0.706190,0.717993,0.690872,0.743068,0.685703,0.749098,1.000000,0.734539,0.731788,0.721761,0.719044,0.677248,0.750846,0.737364,0.717687,0.703484,0.718244,0.714910,0.727437,0.710382,0.708105,0.718488,0.713396,0.711915,0.676339,0.769855,0.744506,0.736651,0.714864,0.698024,0.746104,0.741049,0.765640,0.684663,0.723689,0.733324,0.686572,0.699834,0.710662,0.696532,0.667432,0.778000,0.746037,0.743691,0.762878,0.682200,0.674172,0.735946,0.678980,0.744144,0.728023,0.691543,0.779102,0.726397,0.765167,0.693001,0.706282,0.769696,0.707767,0.732353,0.717660,0.770117,0.741746,0.746531,0.727344,0.713082,0.727888,0.776600,0.730605,0.782844,0.741792,0.742716,0.771409,0.713510,0.697354,0.738850,0.694802,0.757105,0.732739,0.732831,0.692060,0.667954,0.699304,0.692200,0.677700,0.712412,0.709326,0.699123,0.734224,0.641565,0.732585,0.708579,0.732507,0.716155,0.717537,0.716101,0.734103,0.740162,0.718392,0.734434,0.706296,0.729321,0.743435,0.741477,0.723701,0.732822,0.721494,0.743670,0.693902,0.686068,0.720526,0.688830,0.731825,0.683193,0.739222,0.679735,0.717705,0.701268,0.783873,0.672598,0.707193,0.714054,0.740106,0.776157,0.752437,0.735973,0.733188,0.756080,0.726506,0.767384,0.745277,0.725140,0.733747,0.737613,0.707730,0.702323,0.658848,0.716734,0.743371,0.737817,0.697812,0.738213,0.676426,0.670220,0.705080,0.714420,0.702120,0.716570,0.757615,0.718374,0.688418,0.737742,0.695964,0.694579,0.714756,0.728462,0.735746,0.757617,0.738784,0.767125,0.724064,0.756114,0.689178,0.696824,0.730348,0.732031,0.685210,0.737141,0.761039,0.751015,0.725298,0.714493,0.723324,0.719268,0.744453,0.723524,0.694773,0.743424,0.693094,0.722664,0.655702,0.734395,0.718544,0.680471,0.699530,0.725520,0.760203,0.712898,0.726267,0.715502,0.680811,0.709059,0.746501,0.749410,0.687800,#
12,0.748926,0.743129,0.703616,0.736548,0.664950,0.708634,0.703953,0.716247,0.727400,0.720996,0.720937,0.734539,1.000000,0.710573,0.694866,0.676117,0.662084,0.713505,0.737881,0.689768,0.735708,0.683262,0.703289,0.720134,0.723702,0.722009,0.705114,0.714968,0.691341,0.683491,0.726073,0.688130,0.698445,0.735857,0.762061,0.752505,0.704863,0.733200,0.683088,0.710648,0.674475,0.660039,0.666208,0.701257,0.720819,0.705796,0.794139,0.717488,0.755833,0.772260,0.760747,0.668628,0.686825,0.685761,0.759655,0.737249,0.691373,0.700671,0.730916,0.721321,0.678925,0.705885,0.728710,0.669038,0.721504,0.738503,0.728931,0.708699,0.756920,0.707547,0.722848,0.742170,0.771568,0.729328,0.727837,0.732591,0.704281,0.769145,0.720321,0.755201,0.760541,0.721381,0.754569,0.721551,0.703760,0.734069,0.633659,0.719728,0.679061,0.683007,0.747225,0.691738,0.722440,0.715492,0.663993,0.713476,0.724156,0.679642,0.692729,0.671369,0.704717,0.737174,0.712629,0.706257,0.704852,0.675624,0.684626,0.730806,0.738411,0.721226,0.711269,0.705071,0.729004,0.660177,0.729790,0.729213,0.625120,0.703088,0.717344,0.704231,0.679879,0.736302,0.683437,0.751802,0.679536,0.771329,0.710266,0.694052,0.703523,0.707608,0.628637,0.697541,0.707505,0.683154,0.699739,0.689037,0.664133,0.707858,0.690907,0.636873,0.726649,0.689461,0.657353,0.726854,0.669437,0.697043,0.739974,0.658208,0.687429,0.738083,0.732378,0.675231,0.708404,0.670824,0.698203,0.723947,0.757316,0.760362,0.739027,0.684115,0.727017,0.732402,0.726268,0.718583,0.761551,0.653002,0.692507,0.734690,0.674809,0.706438,0.730872,0.645206,0.733994,0.697559,0.738244,0.673491,0.748327,0.756617,0.660059,0.687327,0.712388,0.734074,0.697698,0.673936,0.653265,0.677173,0.708296,0.685258,0.746681,0.707967,0.666404,0.710735,0.647405,0.696990,0.685739,0.709408,0.698714,0.733560,0.745404,0.672358,#
13,0.687133,0.764493,0.722888,0.704757,0.684734,0.692190,0.720866,0.709448,0.734952,0.717538,0.722099,0.731788,0.710573,1.000000,0.682589,0.691081,0.655137,0.755368,0.727054,0.696333,0.729542,0.708618,0.734957,0.722315,0.711622,0.742386,0.691240,0.760622,0.710103,0.740654,0.707421,0.715150,0.726974,0.750906,0.646164,0.713238,0.725707,0.762649,0.707772,0.746517,0.782903,0.706495,0.715085,0.674485,0.752023,0.725626,0.739919,0.729351,0.785078,0.771840,0.710735,0.746325,0.689004,0.676961,0.768659,0.748849,0.739299,0.763300,0.741488,0.738122,0.709470,0.729226,0.697673,0.699628,0.750531,0.744184,0.786820,0.740125,0.762475,0.708825,0.692588,0.744722,0.764286,0.760182,0.742954,0.742899,0.739427,0.744237,0.756616,0.714009,0.738285,0.717373,0.769415,0.763809,0.706659,0.740318,0.642769,0.710671,0.776832,0.708444,0.701675,0.737007,0.724388,0.732481,0.699140,0.689878,0.709718,0.689222,0.705883,0.745139,0.742896,0.714645,0.740300,0.737295,0.730236,0.738575,0.703893,0.746906,0.702131,0.712994,0.710481,0.708770,0.738800,0.705404,0.724012,0.746964,0.668163,0.746728,0.713640,0.661313,0.710941,0.723472,0.682995,0.720378,0.670512,0.695597,0.716198,0.700786,0.732946,0.719803,0.714377,0.707953,0.703605,0.721093,0.735857,0.730005,0.698177,0.740712,0.793651,0.685916,0.724485,0.721267,0.726064,0.692645,0.695666,0.723286,0.714387,0.689895,0.715300,0.691424,0.743994,0.722158,0.689899,0.740787,0.703012,0.693251,0.741759,0.686831,0.708305,0.707192,0.735807,0.711585,0.729162,0.740792,0.742025,0.714293,0.757431,0.734970,0.700986,0.695463,0.708752,0.708571,0.728865,0.752071,0.782113,0.740501,0.737975,0.752309,0.713718,0.725837,0.738980,0.704736,0.754615,0.697002,0.690922,0.718798,0.699471,0.682525,0.688503,0.729912,0.743945,0.732615,0.735572,0.734603,0.730740,0.658329,0.716780,0.787594,0.747574,0.691679,#
14,0.741282,0.713968,0.721253,0.679638,0.670297,0.715966,0.632303,0.706761,0.699040,0.716167,0.665142,0.721761,0.694866,0.682589,1.000000,0.656934,0.646048,0.702088,0.620626,0.707741,0.665822,0.698851,0.671833,0.746894,0.679533,0.640242,0.723490,0.728526,0.649968,0.695072,0.778384,0.674587,0.684090,0.662489,0.709697,0.710209,0.681734,0.704094,0.725936,0.672522,0.699311,0.683393,0.670095,0.668098,0.666565,0.707928,0.727470,0.666092,0.698110,0.690031,0.672468,0.692313,0.666839,0.686428,0.701210,0.715728,0.703939,0.693211,0.728307,0.662384,0.685464,0.702857,0.714590,0.673101,0.686172,0.690285,0.727685,0.680671,0.724789,0.679194,0.697769,0.680693,0.755657,0.702748,0.728841,0.721242,0.668479,0.713019,0.646738,0.683505,0.723927,0.685203,0.752684,0.738192,0.701843,0.705872,0.637525,0.691927,0.700400,0.669766,0.692401,0.633586,0.703305,0.764043,0.690161,0.667334,0.683520,0.676174,0.666072,0.663401,0.684905,0.694085,0.718163,0.653612,0.693246,0.673023,0.677729,0.655538,0.738215,0.696257,0.674974,0.719903,0.752423,0.658106,0.632882,0.692813,0.626724,0.658853,0.657701,0.679984,0.687335,0.698803,0.683663,0.734121,0.692201,0.598306,0.668211,0.715604,0.666019,0.687987,0.666441,0.730941,0.676705,0.696992,0.702860,0.654256,0.720499,0.711921,0.690471,0.684840,0.690682,0.710018,0.636185,0.743998,0.710556,0.718050,0.736139,0.638799,0.681630,0.652742,0.738766,0.667844,0.679548,0.667007,0.705643,0.655342,0.695839,0.672186,0.652204,0.693996,0.687435,0.674482,0.689396,0.672894,0.740912,0.679020,0.654981,0.690481,0.628506,0.691043,0.686708,0.617701,0.693694,0.714546,0.738407,0.681841,0.654495,0.707152,0.690341,0.693009,0.689076,0.698778,0.690774,0.661294,0.682130,0.692908,0.722950,0.636987,0.696927,0.695440,0.673064,0.706770,0.710703,0.690476,0.620568,0.625766,0.666516,0.695591,0.666657,0.627688,#
15,0.692375,0.730371,0.719947,0.707483,0.705331,0.709756,0.776662,0.689124,0.734238,0.712856,0.736632,0.719044,0.676117,0.691081,0.656934,1.000000,0.698578,0.735272,0.717621,0.693660,0.677948,0.727671,0.654123,0.731346,0.720758,0.707410,0.690437,0.727469,0.687087,0.648323,0.757118,0.745979,0.724727,0.760761,0.697994,0.727577,0.731273,0.751581,0.672682,0.698827,0.695087,0.675906,0.718813,0.695161,0.710354,0.712739,0.774652,0.726924,0.747794,0.756873,0.713959,0.706666,0.669678,0.691766,0.714954,0.725499,0.735179,0.714984,0.697887,0.721057,0.734832,0.723264,0.719353,0.724878,0.733788,0.703558,0.745601,0.738384,0.705842,0.669109,0.735760,0.708761,0.698913,0.725677,0.732277,0.691174,0.708955,0.738005,0.752300,0.711197,0.717339,0.704252,0.723304,0.751093,0.751878,0.727049,0.635990,0.696019,0.694180,0.648977,0.662928,0.701873,0.713230,0.732707,0.646300,0.695172,0.688660,0.722093,0.697676,0.689694,0.725437,0.732157,0.717617,0.739662,0.715678,0.668582,0.697523,0.721185,0.699024,0.746976,0.663381,0.658014,0.758038,0.676756,0.695651,0.718884,0.647469,0.697188,0.673241,0.731120,0.655971,0.740849,0.656462,0.739178,0.653432,0.689289,0.707715,0.689107,0.728749,0.749375,0.732457,0.713189,0.692637,0.646161,0.732878,0.710750,0.724219,0.679283,0.707628,0.726108,0.702179,0.683364,0.693419,0.700435,0.728704,0.738529,0.691477,0.657701,0.697843,0.707834,0.730138,0.763142,0.717408,0.702885,0.713174,0.685536,0.709498,0.671405,0.718760,0.703329,0.694669,0.715625,0.732812,0.726920,0.713411,0.695207,0.719964,0.689040,0.700178,0.715233,0.656382,0.728505,0.663695,0.746439,0.743638,0.745356,0.706974,0.726106,0.719299,0.719837,0.726350,0.707315,0.694941,0.703995,0.739649,0.666337,0.679112,0.632648,0.708748,0.738239,0.688136,0.745608,0.665844,0.710093,0.690044,0.673202,0.713107,0.706012,0.756810,0.696505,#
16,0.723625,0.736136,0.709108,0.712013,0.676580,0.722012,0.737890,0.679999,0.683706,0.693281,0.729968,0.677248,0.662084,0.655137,0.646048,0.698578,1.000000,0.722437,0.755968,0.713052,0.765694,0.641788,0.644375,0.691283,0.691146,0.736173,0.696600,0.693686,0.616744,0.671494,0.738682,0.731609,0.704654,0.660052,0.710681,0.726647,0.733334,0.743268,0.689685,0.741936,0.702272,0.684529,0.673456,0.659400,0.697143,0.700257,0.722971,0.695417,0.715691,0.753233,0.683802,0.690873,0.681837,0.692284,0.711746,0.759025,0.642962,0.734268,0.707201,0.682332,0.715724,0.715303,0.706251,0.664819,0.708504,0.703414,0.757251,0.726871,0.745910,0.701641,0.728627,0.727829,0.731132,0.709105,0.698732,0.687262,0.692479,0.736968,0.693065,0.741931,0.774263,0.707888,0.750233,0.711811,0.720816,0.700053,0.662485,0.644856,0.675018,0.678153,0.615849,0.686833,0.699148,0.675937,0.696160,0.720631,0.688626,0.691223,0.705533,0.705142,0.722365,0.711938,0.711871,0.727027,0.706076,0.691436,0.709695,0.693904,0.774531,0.704002,0.697116,0.701728,0.739846,0.693599,0.696303,0.748102,0.740952,0.707320,0.658165,0.610569,0.612818,0.690767,0.669601,0.702647,0.696442,0.684700,0.679609,0.659795,0.708331,0.663996,0.716111,0.711670,0.712134,0.695086,0.712408,0.729038,0.689800,0.693793,0.697893,0.650913,0.677861,0.696133,0.707282,0.678618,0.669427,0.676586,0.743591,0.684690,0.683489,0.668726,0.690582,0.710846,0.616177,0.683357,0.760566,0.670797,0.685099,0.680564,0.650540,0.693919,0.710008,0.671399,0.750873,0.705630,0.743703,0.719583,0.688867,0.716392,0.685922,0.717148,0.640440,0.714509,0.685320,0.733057,0.730810,0.690432,0.667105,0.753513,0.713081,0.720074,0.717668,0.665773,0.680660,0.698627,0.645473,0.651830,0.735578,0.674604,0.727848,0.717173,0.700434,0.720000,0.692820,0.720695,0.714806,0.693329,0.713533,0.714843,0.721654,0.687768,#
17,0.741928,0.738585,0.759364,0.712969,0.736874,0.735261,0.761819,0.748893,0.733320,0.753406,0.724852,0.750846,0.713505,0.755368,0.702088,0.735272,0.722437,1.000000,0.730825,0.771353,0.722065,0.723603,0.704609,0.715420,0.765602,0.738053,0.729565,0.762332,0.694829,0.738320,0.756465,0.768025,0.689756,0.689303,0.695618,0.728968,0.735281,0.793666,0.747178,0.773619,0.755876,0.733642,0.697869,0.726062,0.720843,0.730878,0.767647,0.771737,0.772027,0.785021,0.717786,0.681117,0.731145,0.686785,0.764713,0.751826,0.739355,0.728644,0.737702,0.718634,0.726293,0.713140,0.763303,0.698891,0.730622,0.761715,0.821637,0.726603,0.739738,0.692640,0.760300,0.730562,0.752813,0.768652,0.751558,0.711026,0.724012,0.796776,0.762274,0.762495,0.750498,0.753891,0.784406,0.792853,0.729443,0.715119,0.712606,0.719905,0.707326,0.715213,0.737662,0.698714,0.739735,0.748303,0.735491,0.755538,0.711453,0.702102,0.737093,0.788871,0.732615,0.714949,0.730015,0.698955,0.712824,0.730912,0.707967,0.728323,0.723433,0.752939,0.742249,0.685793,0.790915,0.725145,0.756829,0.735269,0.663397,0.738595,0.717330,0.713716,0.712468,0.738300,0.703229,0.738944,0.681483,0.720011,0.701575,0.746102,0.756908,0.717119,0.733641,0.781398,0.761835,0.712323,0.741417,0.730047,0.747757,0.749783,0.728523,0.758028,0.739239,0.731944,0.772067,0.726871,0.763524,0.729582,0.710860,0.671142,0.723715,0.710746,0.752894,0.731762,0.702148,0.752657,0.730900,0.749971,0.779921,0.689385,0.720463,0.730047,0.727753,0.725686,0.787050,0.722976,0.741399,0.709471,0.687179,0.691841,0.712147,0.685724,0.734598,0.707605,0.735661,0.720415,0.790262,0.708957,0.729572,0.774730,0.742308,0.763749,0.727540,0.754047,0.718829,0.739273,0.732320,0.681444,0.757105,0.732571,0.709123,0.712849,0.739956,0.753808,0.710885,0.721856,0.703961,0.731626,0.733727,0.735898,0.753673,0.660582,#
18,0.725022,0.754949,0.717525,0.710474,0.656834,0.735827,0.718701,0.723099,0.663561,0.679029,0.746538,0.737364,0.737881,0.727054,0.620626,0.717621,0.755968,0.730825,1.000000,0.724088,0.728433,0.737464,0.677918,0.687001,0.681817,0.743986,0.721424,0.711842,0.674572,0.724080,0.690812,0.753411,0.723583,0.748039,0.741875,0.772436,0.713002,0.770983,0.708126,0.720629,0.756236,0.677067,0.708946,0.652155,0.727549,0.691653,0.766627,0.770632,0.765385,0.727901,0.691005,0.687666,0.722335,0.643002,0.750252,0.728101,0.689723,0.738273,0.723846,0.764977,0.716910,0.702240,0.704886,0.672692,0.753554,0.689363,0.765240,0.692019,0.700218,0.708819,0.729131,0.701974,0.747216,0.714807,0.741645,0.689472,0.693987,0.747760,0.703491,0.694756,0.746793,0.678940,0.755797,0.729102,0.750268,0.769504,0.618575,0.696693,0.731014,0.675242,0.695959,0.680732,0.713792,0.748038,0.715167,0.691219,0.705077,0.720963,0.727517,0.732747,0.729617,0.690977,0.721488,0.722473,0.736234,0.721205,0.688760,0.736105,0.762749,0.743654,0.741957,0.680362,0.739619,0.685585,0.681334,0.720558,0.683625,0.686263,0.723354,0.688022,0.697036,0.725754,0.672608,0.731358,0.708563,0.689516,0.758621,0.693274,0.746554,0.678835,0.707270,0.738342,0.724652,0.673789,0.707618,0.720367,0.723775,0.717646,0.702867,0.688913,0.689127,0.731665,0.673241,0.705231,0.728452,0.716207,0.728465,0.660520,0.713760,0.682860,0.723354,0.706355,0.723895,0.710788,0.723919,0.759086,0.722046,0.701515,0.651447,0.674073,0.744577,0.708049,0.780554,0.719027,0.743121,0.686820,0.772633,0.704573,0.648679,0.715908,0.715918,0.723645,0.721778,0.743316,0.735527,0.693659,0.703950,0.755570,0.712257,0.742400,0.726627,0.709681,0.684107,0.680854,0.693845,0.673916,0.713117,0.695503,0.674990,0.736615,0.699187,0.742352,0.664814,0.752470,0.742773,0.708764,0.708589,0.764151,0.735439,0.723194,#
19,0.738350,0.750513,0.755220,0.712112,0.732542,0.780016,0.686298,0.733922,0.741647,0.690877,0.708147,0.717687,0.689768,0.696333,0.707741,0.693660,0.713052,0.771353,0.724088,1.000000,0.736706,0.682842,0.653874,0.697356,0.723906,0.706391,0.738428,0.725475,0.663130,0.725889,0.759290,0.769408,0.736572,0.687996,0.719004,0.783984,0.715756,0.747134,0.714568,0.738135,0.748058,0.715748,0.684689,0.704686,0.688853,0.725947,0.775177,0.722082,0.759824,0.747575,0.720448,0.677590,0.721369,0.698663,0.730572,0.714418,0.738272,0.727280,0.700056,0.692154,0.693714,0.691154,0.748394,0.716370,0.735410,0.728085,0.788517,0.707267,0.760471,0.710484,0.745037,0.713789,0.762067,0.723385,0.699867,0.698554,0.679581,0.733589,0.693932,0.712699,0.788704,0.684507,0.765854,0.721187,0.731208,0.703162,0.679338,0.696110,0.753891,0.692932,0.685547,0.697762,0.682128,0.735643,0.690834,0.686741,0.721041,0.734421,0.720639,0.751874,0.714319,0.694739,0.739635,0.717597,0.723357,0.653122,0.723606,0.691285,0.715008,0.690282,0.727883,0.675091,0.732810,0.686253,0.698200,0.713868,0.712547,0.725048,0.717858,0.652771,0.719795,0.702107,0.691934,0.774981,0.688680,0.716498,0.697323,0.733927,0.770464,0.743327,0.734187,0.775140,0.750277,0.732699,0.718495,0.740647,0.679657,0.728870,0.729107,0.678589,0.717462,0.719783,0.658125,0.677879,0.734881,0.688740,0.702487,0.640194,0.720195,0.712700,0.704155,0.725790,0.682515,0.720535,0.753621,0.701440,0.769735,0.700674,0.701484,0.697003,0.730268,0.734371,0.719085,0.738676,0.771378,0.725934,0.680488,0.730454,0.671962,0.695073,0.699006,0.741081,0.734282,0.727885,0.780010,0.674041,0.721894,0.758636,0.731275,0.704023,0.709468,0.739742,0.735204,0.723505,0.705254,0.678302,0.695904,0.712779,0.718523,0.747844,0.703857,0.727294,0.685189,0.741793,0.727903,0.693586,0.724177,0.686835,0.732645,0.678525,#
20,0.719927,0.798132,0.725253,0.737546,0.719017,0.730089,0.733249,0.741507,0.747311,0.744101,0.727224,0.703484,0.735708,0.729542,0.665822,0.677948,0.765694,0.722065,0.728433,0.736706,1.000000,0.726330,0.659454,0.756132,0.735158,0.749341,0.702216,0.757538,0.689593,0.713807,0.757439,0.734066,0.742857,0.743686,0.726090,0.767617,0.701372,0.720967,0.695745,0.765677,0.749367,0.754488,0.679612,0.696531,0.768954,0.695594,0.764857,0.732172,0.750906,0.760393,0.733295,0.740417,0.705249,0.694975,0.761907,0.714280,0.660336,0.737230,0.746040,0.718536,0.732966,0.724809,0.768079,0.691983,0.728648,0.775768,0.803614,0.717098,0.751676,0.688510,0.728950,0.763636,0.780614,0.748402,0.693858,0.692198,0.723463,0.746967,0.757252,0.761908,0.745798,0.748176,0.769356,0.731585,0.714838,0.732592,0.701631,0.732088,0.748020,0.751046,0.716733,0.720810,0.701983,0.744082,0.723887,0.732863,0.701326,0.670554,0.726336,0.721222,0.788645,0.730865,0.748311,0.765502,0.736402,0.709320,0.764700,0.730462,0.740314,0.774106,0.712588,0.732786,0.713491,0.663012,0.732204,0.735167,0.725282,0.747857,0.657105,0.643605,0.700984,0.739188,0.701423,0.775124,0.692582,0.729666,0.689814,0.696152,0.719786,0.740673,0.721966,0.751665,0.772405,0.746646,0.736280,0.725077,0.678755,0.764174,0.748795,0.728782,0.725549,0.702180,0.701143,0.712053,0.737288,0.698996,0.734924,0.694596,0.685064,0.731358,0.731191,0.729411,0.688296,0.727590,0.758275,0.727290,0.719230,0.757861,0.708584,0.713660,0.757181,0.726621,0.737016,0.748525,0.762855,0.705501,0.691532,0.739423,0.681708,0.690455,0.736565,0.677582,0.732589,0.727061,0.762062,0.707341,0.703880,0.768399,0.716763,0.750079,0.738453,0.721448,0.715081,0.696917,0.681011,0.741502,0.733173,0.693184,0.725520,0.721154,0.698773,0.760257,0.752752,0.759935,0.744967,0.698223,0.744310,0.748191,0.745978,0.706297,#
21,0.709302,0.804937,0.745962,0.748867,0.724775,0.717087,0.700059,0.701298,0.726699,0.716289,0.736608,0.718244,0.683262,0.708618,0.698851,0.727671,0.641788,0.723603,0.737464,0.682842,0.726330,1.000000,0.690022,0.742749,0.670320,0.711932,0.748619,0.721741,0.722622,0.690254,0.707912,0.677104,0.738987,0.769225,0.732470,0.769931,0.717019,0.734178,0.703958,0.708332,0.721397,0.742622,0.701999,0.711882,0.731385,0.738191,0.744977,0.735754,0.756226,0.754738,0.682426,0.736585,0.706093,0.688311,0.742490,0.734797,0.697847,0.717107,0.782559,0.704231,0.725352,0.716096,0.685626,0.679231,0.731638,0.726740,0.763232,0.698702,0.712288,0.743533,0.714811,0.775296,0.763469,0.747968,0.756079,0.741535,0.722737,0.744380,0.733957,0.726107,0.708250,0.683524,0.786854,0.740155,0.770717,0.723708,0.649945,0.742979,0.734419,0.721650,0.682846,0.671250,0.738510,0.756747,0.743233,0.729656,0.718783,0.677646,0.702579,0.723480,0.744815,0.722439,0.668533,0.729242,0.699890,0.754281,0.694727,0.750877,0.690452,0.762957,0.739845,0.693474,0.738863,0.703857,0.640040,0.687332,0.691572,0.779597,0.694601,0.719283,0.729811,0.705889,0.658849,0.727961,0.665997,0.673824,0.716762,0.703038,0.734107,0.739542,0.727187,0.744201,0.693637,0.724213,0.767081,0.680016,0.664076,0.697018,0.712282,0.742734,0.710250,0.708391,0.657130,0.729217,0.717435,0.720735,0.690223,0.646931,0.695722,0.733339,0.726369,0.738491,0.700506,0.712102,0.694858,0.699138,0.758489,0.721001,0.675556,0.720421,0.688394,0.741050,0.749515,0.735489,0.752303,0.712273,0.736653,0.692328,0.643006,0.707397,0.744854,0.680564,0.728672,0.697207,0.733404,0.710858,0.648509,0.742858,0.714132,0.726219,0.717952,0.760208,0.712065,0.709906,0.709964,0.749408,0.710621,0.650366,0.665297,0.731296,0.700395,0.717544,0.725205,0.707588,0.736513,0.656688,0.714367,0.748285,0.691548,0.734745,#
