0,1.000000,0.307662,0.369211,0.349997,0.363485,0.309919,0.333823,0.334607,0.346114,0.239534,0.363709,0.322779,0.309450,0.299769,0.337282,0.466850,0.413005,0.446301,0.415117,0.424607,0.346707,0.300297,0.422838,0.467403,0.280757,0.309071,0.330168,0.279269,0.329373,0.341210,0.261451,0.440783,0.307773,0.400021,0.397687,0.278845,0.265374,0.304500,0.417255,0.384883,0.355583,0.293776,0.430275,0.253488,0.342881,0.284870,0.273901,0.435554,0.357897,0.394212,0.356277,0.380603,0.384995,0.415814,0.371462,0.338219,0.385668,0.388165,0.314915,0.335305,0.330362,0.333172,0.456445,0.298262,0.365584,0.257779,0.306307,0.308153,0.294107,0.291729,0.343161,0.309214,0.394605,0.474276,0.290219,0.240728,0.453318,0.332859,0.379644,0.319963,0.272012,0.305795,0.412622,0.376602,0.397745,0.350977,0.469888,0.450162,0.369919,0.438877,0.337545,0.306840,0.406202,0.317929,0.320373,0.418489,0.348434,0.282031,0.330449,0.403965,0.377779,0.325481,0.319081,0.380775,0.299979,0.427113,0.318784,0.372834,0.342354,0.176956,0.261301,0.373837,0.305169,0.381327,0.436104,0.403143,0.388852,0.245476,0.318591,0.330797,0.342254,0.406410,0.472239,0.377658,0.457758,0.382542,0.346436,0.278714,0.314478,0.377226,0.349245,0.354015,0.336809,0.325014,0.377173,0.403881,0.319349,0.387558,0.236782,0.389922,0.344337,0.297277,0.240226,0.272420,0.282457,0.206667,0.335408,0.265719,0.399026,0.298875,0.273316,0.391488,0.371811,0.293241,0.360536,0.389316,0.399681,0.336753,0.413559,0.342941,0.388323,0.363416,0.391637,0.258405,0.356613,0.371393,0.315947,0.388501,0.429778,0.282192,0.291539,0.279729,0.382445,0.410199,0.268746,0.412153,0.439646,0.379643,0.302093,0.223401,0.360206,0.400004,0.256739,0.323598,0.305320,0.220667,0.270538,0.416642,0.391575,0.233785,0.242053,0.403507,0.253787,0.362227,0.420273,0.374281,0.252464,0.379645,0.377753,0.375526,#
1,0.307662,1.000000,0.357547,0.355058,0.328615,0.321793,0.322569,0.385459,0.493718,0.317122,0.428943,0.397663,0.358839,0.247810,0.288858,0.291102,0.327699,0.356442,0.298866,0.362513,0.275705,0.406433,0.317925,0.245081,0.325079,0.250676,0.301060,0.443057,0.236703,0.318262,0.379217,0.348906,0.247137,0.386806,0.242661,0.360474,0.312213,0.343354,0.459480,0.282957,0.282135,0.205525,0.357152,0.275409,0.279857,0.278479,0.423776,0.304610,0.360259,0.255578,0.324023,0.347137,0.397813,0.377340,0.378217,0.278437,0.299530,0.218397,0.173385,0.251344,0.290410,0.315830,0.332660,0.271833,0.273400,0.374573,0.328048,0.316083,0.318317,0.407655,0.350994,0.362776,0.439591,0.283301,0.363190,0.349582,0.324704,0.245842,0.391058,0.283934,0.342448,0.293776,0.340622,0.316750,0.445564,0.230571,0.379289,0.434774,0.332485,0.301772,0.338425,0.302371,0.333102,0.373626,0.353182,0.332901,0.233959,0.283793,0.303411,0.343040,0.408886,0.297754,0.324886,0.255829,0.244456,0.404902,0.257202,0.373534,0.332505,0.287156,0.269994,0.297658,0.287849,0.377257,0.334926,0.387368,0.358513,0.229802,0.277134,0.254540,0.250668,0.351502,0.346627,0.359756,0.351331,0.287147,0.301169,0.323984,0.360249,0.364650,0.230010,0.454823,0.284648,0.316272,0.409381,0.345507,0.317439,0.379237,0.354522,0.380809,0.410238,0.283087,0.332803,0.413828,0.381460,0.269369,0.242758,0.230002,0.334621,0.213354,0.360400,0.371882,0.306282,0.217079,0.431933,0.381855,0.282289,0.275500,0.166963,0.201060,0.321626,0.352025,0.405957,0.381732,0.320783,0.185395,0.309268,0.211881,0.311600,0.333376,0.352074,0.353189,0.300392,0.318779,0.309428,0.391127,0.342687,0.437132,0.210818,0.225608,0.336891,0.300116,0.299190,0.321521,0.319331,0.362838,0.267334,0.222464,0.370925,0.335611,0.417830,0.394597,0.204194,0.349245,0.360146,0.228580,0.207479,0.383838,0.253174,0.389198,#
2,0.369211,0.357547,1.000000,0.359490,0.448881,0.338842,0.375830,0.375450,0.414917,0.306960,0.386898,0.402570,0.304202,0.420843,0.274121,0.414300,0.278007,0.367070,0.365500,0.399314,0.399162,0.400295,0.259352,0.385991,0.356655,0.371557,0.445271,0.401913,0.337281,0.331786,0.352296,0.346850,0.315306,0.302501,0.350319,0.320184,0.331760,0.287687,0.422927,0.266330,0.307686,0.307020,0.466403,0.262976,0.345610,0.314774,0.372207,0.301364,0.317625,0.332811,0.389512,0.455119,0.438985,0.365129,0.382205,0.302541,0.376391,0.273289,0.394095,0.371220,0.513752,0.350890,0.303049,0.384969,0.390172,0.361034,0.304239,0.350049,0.343436,0.366381,0.345901,0.404460,0.315499,0.390573,0.389490,0.308294,0.369198,0.318638,0.372682,0.312664,0.356134,0.304742,0.406522,0.258947,0.469544,0.347623,0.372727,0.523675,0.288291,0.306058,0.359311,0.342531,0.478411,0.459221,0.343030,0.427869,0.364698,0.326151,0.447876,0.347531,0.370499,0.338830,0.321523,0.390200,0.242669,0.423671,0.373977,0.389556,0.320934,0.279666,0.396431,0.331351,0.421324,0.365918,0.298152,0.364930,0.419187,0.326791,0.220505,0.321856,0.334971,0.279169,0.351589,0.412420,0.407117,0.248121,0.385506,0.361197,0.392797,0.385909,0.302197,0.435098,0.421239,0.436257,0.459708,0.324336,0.394121,0.385044,0.419176,0.355997,0.295711,0.392310,0.297382,0.233917,0.411039,0.327316,0.158139,0.308835,0.388299,0.308772,0.392605,0.395070,0.433228,0.406192,0.344188,0.341840,0.336733,0.189354,0.354509,0.331098,0.276766,0.342601,0.396239,0.386912,0.309616,0.351160,0.365139,0.206863,0.319912,0.327935,0.303369,0.408655,0.390539,0.312771,0.363862,0.380827,0.369137,0.398318,0.206087,0.249446,0.362509,0.482659,0.136302,0.454998,0.301842,0.353888,0.294950,0.296541,0.384253,0.283899,0.339615,0.410455,0.468140,0.388297,0.389996,0.323365,0.178721,0.354702,0.376768,0.463696,#
3,0.349997,0.355058,0.359490,1.000000,0.445361,0.347431,0.386180,0.393130,0.523883,0.351475,0.418297,0.365868,0.391916,0.352567,0.373593,0.362843,0.328179,0.452989,0.460436,0.453972,0.404689,0.347145,0.439123,0.405093,0.386224,0.409868,0.407615,0.424662,0.381170,0.418201,0.387167,0.452427,0.446126,0.468656,0.307708,0.380999,0.339459,0.439171,0.467200,0.405525,0.357410,0.399123,0.442592,0.470706,0.336506,0.428107,0.367342,0.371611,0.320008,0.290435,0.465980,0.403006,0.498052,0.307162,0.340204,0.425219,0.375209,0.316798,0.351255,0.428415,0.375849,0.318173,0.344012,0.357949,0.557964,0.343207,0.278193,0.236988,0.199815,0.400473,0.313053,0.397736,0.418264,0.357281,0.332178,0.351618,0.357561,0.351132,0.330766,0.274294,0.471567,0.343290,0.485976,0.293294,0.447255,0.383703,0.399149,0.380731,0.374661,0.363229,0.496099,0.421696,0.391593,0.426373,0.368199,0.413289,0.320168,0.268887,0.413389,0.313681,0.362329,0.347570,0.356145,0.263454,0.502395,0.326084,0.314515,0.360839,0.271426,0.279209,0.359017,0.269818,0.338440,0.389004,0.366917,0.402160,0.313957,0.323595,0.308544,0.332809,0.369959,0.395458,0.389824,0.371020,0.369545,0.418385,0.357504,0.469006,0.297026,0.308812,0.420657,0.441055,0.374849,0.404883,0.391691,0.446537,0.337403,0.378791,0.358248,0.369736,0.253104,0.457586,0.405714,0.242056,0.354641,0.400923,0.362198,0.456214,0.395889,0.400485,0.343026,0.322051,0.305828,0.408877,0.411822,0.304234,0.347804,0.312286,0.460441,0.343327,0.381352,0.358873,0.401929,0.410229,0.326570,0.303595,0.390298,0.318890,0.361191,0.324690,0.412908,0.307258,0.354902,0.319027,0.318734,0.371595,0.471583,0.421327,0.265709,0.345419,0.275234,0.516569,0.329791,0.285361,0.276521,0.331110,0.321869,0.316938,0.375173,0.426784,0.429822,0.376400,0.337847,0.318011,0.425212,0.386028,0.363301,0.354389,0.323145,0.329189,#
4,0.363485,0.328615,0.448881,0.445361,1.000000,0.450741,0.363266,0.486282,0.475963,0.377473,0.281717,0.439787,0.438328,0.399978,0.365343,0.437276,0.379679,0.507456,0.418424,0.557941,0.535112,0.327277,0.444868,0.460725,0.383164,0.429267,0.405921,0.317502,0.430979,0.398223,0.442848,0.443565,0.413887,0.406134,0.367894,0.422860,0.514877,0.365010,0.444095,0.379616,0.429923,0.363867,0.378133,0.367215,0.417038,0.446535,0.476213,0.427285,0.433556,0.356796,0.456645,0.447308,0.498100,0.427424,0.502574,0.474838,0.399842,0.412274,0.428572,0.366005,0.365802,0.433346,0.387044,0.325760,0.456475,0.412546,0.350631,0.358402,0.282012,0.389087,0.404754,0.418819,0.414046,0.464148,0.391181,0.269844,0.378260,0.426918,0.416862,0.458996,0.403105,0.427134,0.440980,0.309503,0.496662,0.401546,0.387537,0.400958,0.375998,0.367529,0.495083,0.390567,0.439200,0.392164,0.404567,0.460008,0.397842,0.349466,0.314550,0.365562,0.403248,0.383424,0.477212,0.355792,0.339479,0.453051,0.348985,0.414576,0.443435,0.392140,0.376592,0.399782,0.416555,0.523213,0.423833,0.343300,0.468728,0.363731,0.317287,0.340639,0.340951,0.350251,0.463642,0.340700,0.479502,0.365372,0.401917,0.461018,0.487725,0.388673,0.438761,0.415364,0.416694,0.437781,0.501284,0.450857,0.386590,0.395693,0.411755,0.321147,0.359196,0.391578,0.473939,0.316327,0.444965,0.413916,0.385430,0.434637,0.379768,0.411691,0.399746,0.447533,0.353261,0.489511,0.496207,0.444739,0.528524,0.334186,0.336466,0.395614,0.412756,0.344546,0.454048,0.274044,0.257813,0.343918,0.320026,0.301496,0.431583,0.392991,0.333270,0.390920,0.546516,0.404014,0.449632,0.439165,0.536187,0.496851,0.345164,0.376047,0.332651,0.374499,0.374759,0.385080,0.429284,0.401276,0.241901,0.449732,0.428629,0.476009,0.281005,0.426269,0.335211,0.382787,0.391506,0.407767,0.362923,0.406368,0.474191,0.448996,#
5,0.309919,0.321793,0.338842,0.347431,0.450741,1.000000,0.279427,0.439705,0.425693,0.326800,0.400804,0.353413,0.353372,0.231514,0.350824,0.391455,0.335494,0.408131,0.201498,0.484426,0.304637,0.251658,0.349466,0.338859,0.342725,0.312956,0.427170,0.373195,0.387475,0.329503,0.456142,0.446138,0.398389,0.383999,0.278144,0.393354,0.372965,0.299063,0.415909,0.273331,0.446454,0.282902,0.289338,0.344127,0.342953,0.426155,0.424825,0.274624,0.428857,0.218615,0.398827,0.396048,0.347070,0.357350,0.327419,0.469223,0.375601,0.264922,0.474399,0.331677,0.299210,0.411204,0.382821,0.369482,0.467865,0.353283,0.275603,0.305267,0.276786,0.245446,0.347902,0.342443,0.403722,0.382434,0.297845,0.347242,0.441947,0.310068,0.359372,0.358932,0.393041,0.302499,0.453614,0.246789,0.328182,0.347006,0.388584,0.423391,0.323049,0.218144,0.302529,0.354572,0.492821,0.504109,0.320428,0.375669,0.276127,0.343291,0.413288,0.332906,0.322489,0.367743,0.345359,0.279211,0.300078,0.447125,0.313931,0.342014,0.303164,0.266740,0.304689,0.409944,0.300221,0.326479,0.335046,0.282522,0.368608,0.290054,0.247699,0.323204,0.245941,0.366504,0.357533,0.392712,0.288868,0.289494,0.335345,0.330079,0.371419,0.376415,0.449641,0.401549,0.424573,0.420258,0.429387,0.429938,0.348054,0.392118,0.313095,0.271301,0.311037,0.297829,0.363919,0.372065,0.403264,0.311690,0.273742,0.270563,0.316437,0.327363,0.393487,0.321595,0.314998,0.365450,0.359419,0.316988,0.448832,0.266862,0.348140,0.274746,0.390246,0.306438,0.427041,0.320157,0.326659,0.305927,0.226018,0.398249,0.443839,0.375352,0.443874,0.354103,0.376247,0.326398,0.363348,0.324490,0.385621,0.410687,0.307730,0.297330,0.388338,0.323799,0.439078,0.341590,0.346824,0.382306,0.337511,0.301804,0.267696,0.309655,0.251371,0.420561,0.254635,0.316032,0.287729,0.269196,0.247978,0.360945,0.336715,0.412818,#
6,0.333823,0.322569,0.375830,0.386180,0.363266,0.279427,1.000000,0.326010,0.420518,0.265635,0.274093,0.300327,0.371673,0.412718,0.248985,0.313808,0.344040,0.426974,0.337447,0.326875,0.448434,0.300528,0.213844,0.310402,0.318038,0.293024,0.324633,0.355857,0.324284,0.411919,0.316016,0.404458,0.275687,0.373708,0.326489,0.330861,0.231272,0.302334,0.304880,0.325206,0.279735,0.303073,0.346546,0.302809,0.414745,0.271085,0.318257,0.195313,0.426947,0.286937,0.396748,0.427847,0.406790,0.315499,0.375919,0.371751,0.272335,0.344590,0.389243,0.346358,0.363583,0.304184,0.321989,0.286304,0.448263,0.392828,0.373900,0.270617,0.257884,0.314584,0.254552,0.345378,0.257561,0.467854,0.387544,0.280506,0.373902,0.308451,0.354796,0.246078,0.253680,0.315634,0.393331,0.264722,0.273961,0.383482,0.301824,0.350376,0.325189,0.298804,0.327423,0.296772,0.263453,0.306736,0.316135,0.336376,0.388644,0.319324,0.336546,0.387485,0.333587,0.381515,0.415729,0.283122,0.206218,0.314219,0.359848,0.247779,0.295873,0.271140,0.254936,0.306124,0.222982,0.307937,0.367665,0.273024,0.441133,0.290099,0.319557,0.296144,0.382522,0.348554,0.314451,0.400756,0.417999,0.411193,0.242665,0.356247,0.220190,0.295229,0.296676,0.349805,0.382388,0.299291,0.354474,0.383699,0.342635,0.321928,0.417397,0.355331,0.307321,0.372039,0.263249,0.225293,0.277594,0.347306,0.241951,0.283794,0.323871,0.205625,0.453705,0.287940,0.288491,0.267285,0.366278,0.348693,0.322377,0.358274,0.386876,0.268667,0.291034,0.362973,0.394110,0.418270,0.286582,0.366066,0.334395,0.239472,0.360796,0.311274,0.333340,0.305560,0.297960,0.247670,0.335773,0.342964,0.348673,0.361090,0.336345,0.213165,0.304982,0.302547,0.384790,0.359238,0.306709,0.319841,0.215927,0.388179,0.243726,0.330827,0.246671,0.387415,0.269748,0.427845,0.319727,0.240566,0.289306,0.345979,0.339579,0.360087,#
7,0.334607,0.385459,0.375450,0.393130,0.486282,0.439705,0.326010,1.000000,0.553237,0.361898,0.391986,0.491422,0.375018,0.379997,0.448869,0.352750,0.449672,0.499833,0.397600,0.410032,0.410803,0.358105,0.460096,0.391832,0.476939,0.388666,0.387297,0.478176,0.337784,0.391892,0.305916,0.394302,0.380825,0.391537,0.317641,0.336228,0.370906,0.290337,0.447020,0.357908,0.427188,0.300050,0.371880,0.436183,0.451130,0.428106,0.395246,0.382466,0.360191,0.280684,0.466399,0.396838,0.403383,0.448182,0.360121,0.368685,0.362751,0.473451,0.377080,0.355668,0.356571,0.428279,0.412787,0.330999,0.449921,0.431218,0.389047,0.336936,0.331088,0.478622,0.385495,0.277449,0.485457,0.427373,0.377235,0.314379,0.382527,0.316299,0.436146,0.426526,0.409393,0.384033,0.452807,0.292610,0.431936,0.384613,0.462285,0.423569,0.357709,0.409392,0.375850,0.384241,0.408160,0.452937,0.411226,0.342623,0.357064,0.434945,0.370480,0.409799,0.446078,0.338489,0.395820,0.333330,0.304230,0.445058,0.371066,0.381296,0.327072,0.311921,0.411139,0.330348,0.394570,0.448117,0.480113,0.399451,0.389234,0.243599,0.244489,0.477650,0.380099,0.441016,0.368874,0.431841,0.476700,0.384909,0.425161,0.450760,0.349822,0.286647,0.385103,0.413382,0.499156,0.316075,0.546320,0.519497,0.319389,0.476571,0.353747,0.384858,0.409923,0.360347,0.380005,0.241607,0.398687,0.368544,0.375903,0.312837,0.376733,0.384786,0.409577,0.432930,0.395485,0.418127,0.407910,0.469176,0.418599,0.348956,0.429621,0.353681,0.425921,0.277299,0.556470,0.282905,0.290759,0.423087,0.435113,0.274829,0.377043,0.322941,0.433647,0.431877,0.414732,0.419780,0.428170,0.433473,0.375776,0.416651,0.264210,0.400482,0.477554,0.380124,0.344643,0.402949,0.287936,0.428251,0.244370,0.299086,0.386502,0.453068,0.426656,0.395221,0.344755,0.328303,0.379558,0.325789,0.267740,0.411691,0.408352,0.385731,#
8,0.346114,0.493718,0.414917,0.523883,0.475963,0.425693,0.420518,0.553237,1.000000,0.428549,0.391335,0.444329,0.403660,0.346829,0.455824,0.474055,0.340085,0.471269,0.378616,0.437091,0.347139,0.440221,0.406269,0.410176,0.241914,0.426848,0.372954,0.516839,0.345683,0.441107,0.320484,0.427567,0.342456,0.414344,0.325523,0.381030,0.395717,0.344856,0.411789,0.387244,0.390172,0.405020,0.433658,0.379531,0.435146,0.363504,0.314064,0.331749,0.424629,0.352220,0.450141,0.518849,0.392596,0.504400,0.400812,0.484682,0.382403,0.464248,0.348764,0.430201,0.444266,0.411911,0.438727,0.293392,0.452566,0.484098,0.373224,0.344203,0.405945,0.468124,0.385625,0.359744,0.440046,0.480866,0.396769,0.375640,0.347558,0.376350,0.390335,0.401669,0.402680,0.413378,0.446800,0.320399,0.464366,0.409205,0.378631,0.409797,0.290971,0.424486,0.422456,0.419377,0.459350,0.383863,0.516403,0.435287,0.367192,0.352707,0.451805,0.359875,0.406736,0.356940,0.427283,0.366088,0.381183,0.440604,0.402693,0.423640,0.322061,0.387954,0.372187,0.377535,0.374766,0.409700,0.460920,0.465285,0.421457,0.297074,0.332511,0.480165,0.372632,0.367565,0.446805,0.409977,0.434012,0.449466,0.384541,0.498528,0.353407,0.397743,0.352283,0.335152,0.458463,0.463161,0.544820,0.454292,0.315587,0.431714,0.337012,0.396301,0.356702,0.461438,0.437638,0.287994,0.382614,0.330717,0.429889,0.316065,0.386562,0.343474,0.455557,0.378201,0.366673,0.500605,0.490380,0.488704,0.431663,0.420766,0.409888,0.423496,0.381849,0.331699,0.489762,0.425930,0.394362,0.349472,0.404810,0.276062,0.445478,0.443327,0.385980,0.407075,0.427233,0.344712,0.506901,0.403366,0.365496,0.476875,0.356838,0.308860,0.416155,0.431149,0.270403,0.467646,0.384282,0.464220,0.273461,0.322793,0.419401,0.415627,0.413528,0.406426,0.424098,0.370961,0.438927,0.363169,0.356160,0.352452,0.349989,0.397183,#
9,0.239534,0.317122,0.306960,0.351475,0.377473,0.326800,0.265635,0.361898,0.428549,1.000000,0.358181,0.240594,0.343440,0.323362,0.366815,0.334871,0.293306,0.327677,0.301226,0.436392,0.403948,0.288241,0.356493,0.350054,0.249436,0.260224,0.362735,0.435069,0.282145,0.394397,0.333068,0.321726,0.284739,0.450628,0.413705,0.337585,0.241892,0.289970,0.358894,0.263373,0.407845,0.306737,0.320388,0.240815,0.330949,0.310080,0.280939,0.256260,0.236497,0.230459,0.284097,0.356779,0.265652,0.323958,0.231816,0.330068,0.252678,0.344153,0.360954,0.277094,0.329778,0.344777,0.387210,0.340964,0.377394,0.454921,0.294611,0.289459,0.300084,0.216275,0.388810,0.309861,0.299572,0.343584,0.321948,0.308471,0.166227,0.303360,0.367594,0.411458,0.252949,0.361845,0.292599,0.224562,0.425364,0.249060,0.321324,0.414592,0.171705,0.163542,0.329497,0.364472,0.429529,0.285430,0.353635,0.352135,0.303435,0.401082,0.349649,0.169477,0.277009,0.320561,0.358959,0.262798,0.414236,0.400506,0.287291,0.192838,0.352859,0.290984,0.334617,0.328033,0.399349,0.435339,0.233319,0.361435,0.215397,0.254044,0.252526,0.228909,0.295870,0.339164,0.326269,0.357800,0.311303,0.290038,0.256973,0.346144,0.363188,0.324895,0.260901,0.330942,0.367910,0.415707,0.394237,0.342875,0.280739,0.387855,0.270650,0.266763,0.196847,0.432685,0.372244,0.280103,0.254279,0.327563,0.325259,0.324778,0.272988,0.340536,0.254569,0.223308,0.394229,0.406701,0.395533,0.330606,0.300175,0.340519,0.368205,0.286059,0.359244,0.272592,0.348213,0.407478,0.302816,0.239812,0.290583,0.244009,0.476537,0.226787,0.344370,0.362843,0.305525,0.356594,0.336353,0.447012,0.292718,0.380283,0.311195,0.279902,0.294652,0.275312,0.318789,0.372649,0.264255,0.440954,0.157500,0.243479,0.462312,0.311342,0.337324,0.366319,0.251261,0.293112,0.287534,0.260945,0.236853,0.294928,0.235068,0.325142,#
10,0.363709,0.428943,0.386898,0.418297,0.281717,0.400804,0.274093,0.391986,0.391335,0.358181,1.000000,0.339922,0.231472,0.284545,0.299474,0.373096,0.291879,0.355587,0.354771,0.377631,0.298718,0.269392,0.270925,0.381778,0.281390,0.205440,0.281493,0.509419,0.300448,0.397563,0.328219,0.350713,0.335826,0.398131,0.356880,0.338809,0.285562,0.337837,0.460401,0.227136,0.380390,0.252535,0.271466,0.260721,0.288616,0.401230,0.377484,0.335653,0.386341,0.414860,0.271789,0.350396,0.378789,0.329149,0.284757,0.304645,0.319510,0.256931,0.259696,0.337232,0.302108,0.392899,0.403636,0.424420,0.450259,0.317677,0.300061,0.187345,0.221701,0.346873,0.269418,0.402058,0.394229,0.327604,0.242212,0.367440,0.291910,0.298520,0.324276,0.289990,0.419730,0.309856,0.435624,0.299827,0.415194,0.246942,0.404899,0.459635,0.284254,0.375855,0.306692,0.382312,0.439040,0.419380,0.343795,0.432650,0.227810,0.271031,0.442203,0.389958,0.267964,0.281071,0.364757,0.316425,0.429470,0.289437,0.236204,0.386972,0.288452,0.273279,0.278676,0.325449,0.293928,0.334373,0.375974,0.415339,0.310916,0.225289,0.327145,0.333773,0.358575,0.480136,0.244570,0.335820,0.213913,0.310286,0.408977,0.417298,0.360008,0.274026,0.275438,0.342495,0.321397,0.360736,0.436838,0.349498,0.243441,0.421396,0.275645,0.280284,0.448117,0.279642,0.269882,0.280157,0.268232,0.212589,0.201409,0.242979,0.341686,0.279740,0.390079,0.351313,0.415374,0.290109,0.389212,0.326195,0.414807,0.229917,0.392447,0.267584,0.452912,0.231360,0.461304,0.362770,0.315768,0.262025,0.435854,0.289323,0.371978,0.356135,0.372821,0.303265,0.257390,0.335713,0.326328,0.312994,0.403736,0.460609,0.166146,0.356108,0.320789,0.282150,0.370807,0.286514,0.285076,0.355936,0.166312,0.234648,0.292865,0.400139,0.391757,0.310281,0.314709,0.316547,0.421553,0.273155,0.158068,0.389048,0.324180,0.439180,#
11,0.322779,0.397663,0.402570,0.365868,0.439787,0.353413,0.300327,0.491422,0.444329,0.240594,0.339922,1.000000,0.380030,0.336221,0.266048,0.287073,0.319161,0.435128,0.383607,0.260948,0.322160,0.363708,0.282496,0.263539,0.357500,0.371305,0.248773,0.437273,0.310880,0.346026,0.364101,0.366294,0.341462,0.378060,0.319794,0.315296,0.394204,0.277256,0.321535,0.379379,0.312814,0.362022,0.419457,0.342939,0.312033,0.382894,0.419262,0.301305,0.351210,0.283881,0.385021,0.410282,0.396717,0.453400,0.333628,0.288009,0.214742,0.424570,0.339428,0.304564,0.272964,0.304767,0.448837,0.266803,0.406746,0.413328,0.336842,0.312232,0.344056,0.407409,0.300664,0.324396,0.402559,0.361184,0.267895,0.190656,0.368065,0.268813,0.334138,0.202599,0.378668,0.326659,0.386515,0.254408,0.389877,0.287409,0.286831,0.343078,0.343347,0.249394,0.282675,0.439289,0.415445,0.415155,0.350743,0.448306,0.292307,0.289847,0.376602,0.301948,0.304969,0.345293,0.349228,0.327572,0.316389,0.464334,0.320413,0.411924,0.391254,0.337900,0.465269,0.361190,0.391887,0.389577,0.233565,0.428769,0.321574,0.333071,0.201244,0.390497,0.286139,0.360474,0.397177,0.289045,0.384080,0.321619,0.298382,0.330064,0.384022,0.297338,0.341143,0.383889,0.445318,0.425833,0.431219,0.380141,0.270844,0.432330,0.312002,0.367023,0.331331,0.256826,0.325561,0.302662,0.407003,0.232166,0.390023,0.271337,0.253239,0.344503,0.331135,0.374916,0.357623,0.370660,0.415395,0.364533,0.365427,0.237053,0.398015,0.277379,0.293121,0.343960,0.390734,0.270915,0.310623,0.183639,0.417601,0.253741,0.375171,0.410452,0.325258,0.332892,0.329558,0.325846,0.300759,0.375256,0.332866,0.358481,0.206462,0.350988,0.369934,0.309373,0.307432,0.286037,0.286344,0.293299,0.198056,0.392344,0.392996,0.372236,0.381537,0.290676,0.413893,0.351859,0.405124,0.318046,0.267067,0.348443,0.328322,0.327132,#
12,0.309450,0.358839,0.304202,0.391916,0.438328,0.353372,0.371673,0.375018,0.403660,0.343440,0.231472,0.380030,1.000000,0.350637,0.452655,0.336308,0.476520,0.410595,0.406962,0.466481,0.385458,0.344345,0.368010,0.380392,0.268365,0.342539,0.330708,0.409622,0.408656,0.313253,0.274640,0.414823,0.391705,0.397407,0.371133,0.416430,0.331096,0.298597,0.387448,0.347271,0.283354,0.233027,0.348052,0.480570,0.375502,0.386988,0.411879,0.242001,0.387700,0.272948,0.461874,0.386546,0.375693,0.401451,0.450658,0.331757,0.257731,0.374481,0.309019,0.224357,0.265586,0.397894,0.241971,0.336363,0.517018,0.383934,0.308400,0.254096,0.336575,0.341615,0.310322,0.345627,0.365682,0.384205,0.445691,0.359664,0.371047,0.249429,0.375295,0.312283,0.373882,0.338476,0.350462,0.306971,0.308391,0.398407,0.326215,0.400175,0.409162,0.305883,0.355056,0.318358,0.379150,0.319205,0.329035,0.408884,0.491630,0.381085,0.322971,0.258426,0.316297,0.388077,0.369610,0.323255,0.338764,0.353331,0.276674,0.245668,0.309509,0.277804,0.426015,0.280365,0.327120,0.372901,0.465687,0.283228,0.382391,0.208692,0.360133,0.261571,0.368477,0.361629,0.423118,0.436766,0.416950,0.278851,0.299062,0.268972,0.286618,0.314358,0.309561,0.314916,0.298404,0.332380,0.392917,0.324925,0.352724,0.402449,0.412858,0.293875,0.386715,0.424354,0.337475,0.293299,0.322209,0.331410,0.329744,0.335351,0.330951,0.405411,0.279594,0.417781,0.311324,0.301896,0.323614,0.466211,0.380239,0.282520,0.361073,0.312587,0.334081,0.454731,0.436909,0.374928,0.403265,0.189988,0.401522,0.354187,0.307381,0.292044,0.390238,0.375872,0.340531,0.398349,0.350237,0.322960,0.476416,0.489026,0.327029,0.230917,0.333202,0.382761,0.361804,0.357400,0.224383,0.356824,0.288731,0.436747,0.370510,0.267436,0.313225,0.264307,0.298687,0.397697,0.276941,0.359020,0.295032,0.401577,0.374575,0.243200,#
13,0.299769,0.247810,0.420843,0.352567,0.399978,0.231514,0.412718,0.379997,0.346829,0.323362,0.284545,0.336221,0.350637,1.000000,0.344062,0.333515,0.369679,0.406568,0.425639,0.428155,0.405145,0.300510,0.359459,0.341263,0.276183,0.372514,0.331498,0.444508,0.392030,0.388436,0.247831,0.393043,0.411697,0.422378,0.318523,0.298592,0.365426,0.352731,0.338440,0.366169,0.407977,0.317638,0.374170,0.323928,0.450842,0.393194,0.357210,0.339444,0.420090,0.270003,0.409308,0.452772,0.362778,0.425931,0.369703,0.349392,0.286575,0.374071,0.336895,0.365959,0.394030,0.401459,0.364534,0.377715,0.409550,0.378534,0.404224,0.290027,0.352582,0.296778,0.271901,0.337272,0.206069,0.433289,0.423341,0.345383,0.381661,0.326282,0.422220,0.344308,0.326905,0.360260,0.436420,0.348865,0.354784,0.348424,0.326262,0.341983,0.393769,0.313373,0.349825,0.371602,0.401804,0.447835,0.361179,0.276922,0.363010,0.306383,0.306374,0.449522,0.313214,0.385619,0.367696,0.496749,0.338580,0.480217,0.283345,0.371611,0.349249,0.306416,0.366849,0.356983,0.464869,0.412247,0.400074,0.429574,0.371824,0.403878,0.292989,0.383665,0.364441,0.370421,0.350754,0.312744,0.439336,0.226128,0.327714,0.249536,0.381184,0.276336,0.260794,0.375045,0.322474,0.311507,0.463866,0.361493,0.314615,0.379998,0.443612,0.359208,0.130127,0.415778,0.469099,0.316393,0.310743,0.379630,0.327444,0.357250,0.335307,0.340434,0.317026,0.385032,0.288325,0.473883,0.352895,0.407580,0.313108,0.320776,0.427852,0.369435,0.370217,0.411576,0.348566,0.406261,0.298813,0.297399,0.377016,0.270045,0.464308,0.273691,0.339159,0.470168,0.394729,0.347666,0.435921,0.410060,0.416857,0.470633,0.369256,0.226413,0.282116,0.425450,0.349070,0.391224,0.391238,0.390700,0.296767,0.365567,0.234731,0.351777,0.376770,0.407858,0.341763,0.422918,0.374240,0.276585,0.287287,0.307582,0.375104,0.324579,#
14,0.337282,0.288858,0.274121,0.373593,0.365343,0.350824,0.248985,0.448869,0.455824,0.366815,0.299474,0.266048,0.452655,0.344062,1.000000,0.411239,0.396545,0.346904,0.363775,0.460794,0.393334,0.298376,0.320120,0.449299,0.263620,0.193887,0.403406,0.399720,0.376762,0.369715,0.276203,0.455940,0.336977,0.342905,0.351916,0.324063,0.317607,0.332948,0.376341,0.312343,0.265762,0.229264,0.407165,0.304891,0.374259,0.422326,0.322453,0.227204,0.238445,0.281100,0.367078,0.300387,0.347706,0.453601,0.388634,0.355276,0.331289,0.282169,0.329621,0.273048,0.340503,0.427732,0.358555,0.317398,0.347057,0.237491,0.305731,0.337589,0.283631,0.413282,0.350997,0.300903,0.322536,0.336654,0.466203,0.326057,0.428815,0.347985,0.324611,0.219424,0.385478,0.409155,0.422887,0.378555,0.369028,0.367510,0.293779,0.437625,0.331228,0.237425,0.311828,0.289984,0.408542,0.393103,0.396137,0.391330,0.528464,0.350196,0.318868,0.230111,0.357619,0.374568,0.393737,0.289137,0.383920,0.358365,0.288292,0.233844,0.245519,0.274957,0.331878,0.258590,0.393559,0.402276,0.340021,0.357042,0.331629,0.229473,0.247899,0.357575,0.384315,0.404229,0.297030,0.335019,0.456372,0.190828,0.311071,0.426769,0.288383,0.414430,0.276120,0.318395,0.307549,0.343895,0.402964,0.380937,0.229828,0.368282,0.316865,0.352202,0.306752,0.386585,0.300177,0.336272,0.250778,0.416979,0.395941,0.334668,0.274995,0.243892,0.382146,0.336783,0.213943,0.339798,0.435633,0.390229,0.386674,0.301590,0.319188,0.339640,0.319874,0.265755,0.422646,0.323953,0.302496,0.199775,0.276722,0.238632,0.316693,0.406205,0.376098,0.332647,0.389726,0.369452,0.301857,0.383185,0.399110,0.413656,0.317214,0.193768,0.356107,0.442509,0.353777,0.338197,0.321726,0.309596,0.334879,0.186389,0.277544,0.388874,0.229170,0.331733,0.378259,0.386786,0.325595,0.327262,0.236730,0.262499,0.294527,0.229254,#
15,0.466850,0.291102,0.414300,0.362843,0.437276,0.391455,0.313808,0.352750,0.474055,0.334871,0.373096,0.287073,0.336308,0.333515,0.411239,1.000000,0.407889,0.458861,0.364832,0.429770,0.360614,0.312977,0.354411,0.438444,0.332649,0.410133,0.356196,0.372615,0.394351,0.438405,0.330604,0.444999,0.294982,0.431772,0.314036,0.422419,0.380208,0.277381,0.459706,0.260240,0.327274,0.311570,0.386933,0.314746,0.450938,0.342840,0.302582,0.400816,0.364820,0.394214,0.300329,0.484878,0.395120,0.411606,0.379761,0.349740,0.372243,0.319533,0.359256,0.356950,0.404727,0.351485,0.428504,0.381561,0.362514,0.422238,0.292717,0.294119,0.270351,0.225282,0.407018,0.298145,0.297462,0.341003,0.337397,0.282986,0.371975,0.353796,0.326722,0.347232,0.470121,0.335827,0.293039,0.399396,0.465215,0.394769,0.310994,0.525349,0.301506,0.315999,0.344984,0.321291,0.367404,0.343847,0.341868,0.358101,0.415294,0.289923,0.299120,0.286937,0.433631,0.321331,0.403337,0.354557,0.275241,0.394046,0.364659,0.357463,0.250311,0.365753,0.222227,0.359600,0.355867,0.386828,0.287593,0.375278,0.340731,0.259365,0.299775,0.277475,0.406059,0.338126,0.362078,0.358612,0.327879,0.319082,0.369363,0.364453,0.351508,0.476005,0.268727,0.285338,0.368595,0.334452,0.386478,0.378884,0.248784,0.284460,0.373551,0.325595,0.224376,0.344134,0.355532,0.265968,0.337206,0.287034,0.273399,0.354436,0.454530,0.291442,0.375876,0.255411,0.426582,0.412774,0.344800,0.423933,0.442706,0.329656,0.352347,0.378541,0.313385,0.340400,0.485389,0.255145,0.340412,0.334963,0.397714,0.403583,0.464419,0.235495,0.247219,0.419722,0.273095,0.347736,0.357175,0.405876,0.445999,0.432631,0.249234,0.289764,0.401206,0.381306,0.281084,0.438537,0.324246,0.342907,0.175369,0.345455,0.249798,0.369641,0.277585,0.349553,0.360172,0.332627,0.320580,0.331643,0.327971,0.383100,0.382719,0.301006,#
16,0.413005,0.327699,0.278007,0.328179,0.379679,0.335494,0.344040,0.449672,0.340085,0.293306,0.291879,0.319161,0.476520,0.369679,0.396545,0.407889,1.000000,0.395369,0.321775,0.507543,0.441105,0.355781,0.324088,0.330170,0.271471,0.384921,0.408359,0.242862,0.301673,0.415908,0.283816,0.460715,0.366230,0.466565,0.368618,0.386458,0.362059,0.295118,0.435953,0.248720,0.330785,0.269675,0.364574,0.341123,0.371216,0.403320,0.264514,0.318988,0.325558,0.283985,0.368836,0.377326,0.464836,0.502389,0.409061,0.346055,0.251272,0.354821,0.338814,0.228350,0.252059,0.456687,0.382381,0.373579,0.426757,0.331929,0.292084,0.385518,0.383837,0.443235,0.229179,0.358012,0.437872,0.339518,0.341898,0.326222,0.334082,0.400121,0.369226,0.378437,0.324656,0.363248,0.371041,0.388981,0.357427,0.372128,0.421226,0.401525,0.356922,0.303743,0.373571,0.367463,0.400678,0.326795,0.388122,0.380684,0.426175,0.301093,0.360610,0.360991,0.286313,0.323044,0.338345,0.322687,0.290170,0.436615,0.357887,0.291967,0.306305,0.334897,0.352463,0.353149,0.412157,0.339240,0.416373,0.406544,0.459880,0.336502,0.297035,0.315029,0.419817,0.435484,0.377318,0.416614,0.447292,0.316198,0.321251,0.309723,0.315676,0.343867,0.341389,0.327216,0.464687,0.156525,0.455653,0.424840,0.256317,0.365560,0.311939,0.374128,0.294045,0.375552,0.383599,0.338754,0.375240,0.287597,0.294156,0.337861,0.423526,0.447350,0.240179,0.445617,0.274762,0.347928,0.434886,0.420997,0.352816,0.312161,0.369149,0.386498,0.293610,0.388409,0.486547,0.375483,0.343888,0.302852,0.395482,0.371331,0.366665,0.273438,0.372548,0.421024,0.274214,0.300262,0.337999,0.344551,0.327543,0.391494,0.332095,0.229390,0.310153,0.351931,0.342459,0.297253,0.345260,0.452698,0.342680,0.370167,0.329050,0.336466,0.432333,0.252001,0.250604,0.360413,0.324475,0.376200,0.255163,0.303001,0.294085,0.292796,#
17,0.446301,0.356442,0.367070,0.452989,0.507456,0.408131,0.426974,0.499833,0.471269,0.327677,0.355587,0.435128,0.410595,0.406568,0.346904,0.458861,0.395369,1.000000,0.370984,0.456235,0.472401,0.322975,0.339694,0.460883,0.424165,0.433690,0.411916,0.415980,0.361606,0.406830,0.414044,0.418036,0.397305,0.382330,0.369957,0.468584,0.307166,0.376520,0.492723,0.380656,0.468682,0.408797,0.393337,0.391215,0.387787,0.379979,0.373101,0.429601,0.399152,0.359150,0.450624,0.429030,0.422363,0.373154,0.412571,0.457227,0.396549,0.364641,0.417758,0.288667,0.363818,0.447301,0.344526,0.375332,0.434493,0.532475,0.435817,0.391296,0.337921,0.339981,0.326973,0.425608,0.348684,0.348436,0.325417,0.359862,0.360102,0.319093,0.349781,0.446579,0.382082,0.393617,0.497776,0.344526,0.364015,0.341992,0.461403,0.412212,0.391923,0.400075,0.398529,0.318694,0.457751,0.410722,0.300308,0.476876,0.399580,0.345108,0.340068,0.409587,0.389676,0.242433,0.403326,0.358974,0.318595,0.398316,0.383977,0.401452,0.354930,0.304999,0.402775,0.427605,0.366448,0.465226,0.430350,0.345415,0.361205,0.328597,0.302397,0.351796,0.365343,0.432820,0.407472,0.379389,0.546426,0.420866,0.371686,0.356069,0.319676,0.377350,0.477138,0.470389,0.457884,0.354269,0.390409,0.455287,0.375266,0.471066,0.448176,0.445663,0.372813,0.399826,0.483558,0.332989,0.388397,0.390789,0.352217,0.409397,0.351863,0.283531,0.416555,0.313456,0.342541,0.404664,0.485336,0.528854,0.486670,0.341372,0.437499,0.372363,0.389209,0.344224,0.531668,0.396516,0.337252,0.374008,0.336150,0.344431,0.462013,0.293282,0.450597,0.342439,0.410009,0.364821,0.429069,0.345104,0.427358,0.432884,0.276454,0.451573,0.395279,0.481039,0.373274,0.451221,0.372824,0.383739,0.297937,0.446236,0.368790,0.352122,0.376944,0.409228,0.442398,0.414814,0.467969,0.427251,0.285960,0.425672,0.326817,0.371548,#
18,0.415117,0.298866,0.365500,0.460436,0.418424,0.201498,0.337447,0.397600,0.378616,0.301226,0.354771,0.383607,0.406962,0.425639,0.363775,0.364832,0.321775,0.370984,1.000000,0.420970,0.401864,0.358997,0.414808,0.386819,0.366356,0.313347,0.281293,0.446070,0.365786,0.333691,0.210236,0.298601,0.360840,0.410395,0.415741,0.432380,0.359556,0.345458,0.378699,0.419582,0.410886,0.258657,0.368221,0.308732,0.442327,0.333737,0.365797,0.378837,0.305705,0.330099,0.357415,0.380419,0.483728,0.361003,0.391961,0.377839,0.300199,0.389721,0.285928,0.357275,0.358301,0.324105,0.394497,0.290924,0.473275,0.346893,0.355154,0.306097,0.164873,0.379630,0.309171,0.282335,0.315782,0.312921,0.349256,0.304738,0.417403,0.359888,0.396787,0.301681,0.293052,0.278716,0.443537,0.386755,0.330364,0.312354,0.388227,0.370833,0.335036,0.328341,0.416182,0.330525,0.376354,0.380528,0.433085,0.435195,0.428410,0.363173,0.358960,0.345499,0.361836,0.322239,0.430923,0.360851,0.436380,0.428471,0.261921,0.288057,0.337704,0.282872,0.413330,0.345255,0.454904,0.383620,0.331393,0.337287,0.335480,0.145674,0.303744,0.371949,0.388407,0.422738,0.366854,0.239462,0.371219,0.232925,0.332191,0.351704,0.470053,0.251513,0.295630,0.435350,0.279154,0.396162,0.420648,0.374974,0.349568,0.423280,0.283081,0.335390,0.239190,0.388092,0.345731,0.357228,0.354327,0.411275,0.319454,0.276064,0.326041,0.350698,0.326859,0.410968,0.309990,0.347935,0.372686,0.448070,0.412839,0.391391,0.359070,0.433317,0.387509,0.322554,0.435478,0.368120,0.353017,0.389812,0.463878,0.351450,0.358596,0.396005,0.291581,0.421642,0.396848,0.323778,0.254334,0.431624,0.433482,0.421164,0.262235,0.300259,0.311632,0.362727,0.353931,0.324196,0.322581,0.270826,0.394646,0.318718,0.318056,0.317128,0.365748,0.384077,0.343602,0.389411,0.409147,0.330897,0.226112,0.359606,0.440171,0.311956,#
19,0.424607,0.362513,0.399314,0.453972,0.557941,0.484426,0.326875,0.410032,0.437091,0.436392,0.377631,0.260948,0.466481,0.428155,0.460794,0.429770,0.507543,0.456235,0.420970,1.000000,0.445638,0.327687,0.393833,0.406592,0.312871,0.390372,0.452709,0.379875,0.384794,0.459605,0.430298,0.468828,0.326504,0.448908,0.332614,0.427268,0.393156,0.296360,0.476792,0.343176,0.466770,0.322475,0.306945,0.323258,0.391517,0.401687,0.454283,0.416038,0.401421,0.346552,0.387137,0.461112,0.390920,0.450265,0.395459,0.401817,0.385345,0.330388,0.425535,0.308816,0.451994,0.555286,0.448998,0.462766,0.532459,0.361361,0.342022,0.380415,0.264239,0.368522,0.418170,0.389643,0.386695,0.415151,0.442115,0.404038,0.373194,0.389259,0.504446,0.357887,0.385579,0.369224,0.479284,0.353068,0.395333,0.404403,0.414490,0.502006,0.441684,0.242945,0.396768,0.400919,0.481213,0.395445,0.376538,0.457394,0.454115,0.370645,0.311868,0.372759,0.433378,0.388188,0.462509,0.396820,0.432051,0.484939,0.332855,0.416694,0.339625,0.247192,0.299957,0.329079,0.449186,0.461392,0.411477,0.316316,0.519603,0.393704,0.332457,0.241934,0.382473,0.466820,0.455815,0.454667,0.527041,0.321877,0.482445,0.384722,0.400666,0.441410,0.325177,0.391711,0.432771,0.366647,0.488227,0.408695,0.369041,0.443256,0.382020,0.365225,0.308874,0.429555,0.406806,0.335899,0.391593,0.382301,0.312211,0.323988,0.450042,0.367978,0.387134,0.499788,0.342668,0.439071,0.482880,0.448277,0.433016,0.357049,0.429045,0.433988,0.497359,0.381144,0.476211,0.364195,0.424603,0.339109,0.315085,0.391202,0.482347,0.345444,0.399445,0.471155,0.467792,0.421861,0.418319,0.395399,0.437363,0.541204,0.400239,0.304755,0.264380,0.490289,0.404228,0.476837,0.457435,0.397223,0.326640,0.408527,0.418648,0.395775,0.462555,0.439859,0.309673,0.449269,0.356797,0.480746,0.265698,0.391960,0.431117,0.385392,#
20,0.346707,0.275705,0.399162,0.404689,0.535112,0.304637,0.448434,0.410803,0.347139,0.403948,0.298718,0.322160,0.385458,0.405145,0.393334,0.360614,0.441105,0.472401,0.401864,0.445638,1.000000,0.387478,0.313469,0.340681,0.411087,0.423700,0.429196,0.352674,0.398185,0.380546,0.293383,0.351969,0.370983,0.429083,0.354148,0.456895,0.402322,0.304024,0.417999,0.389670,0.389379,0.462533,0.305452,0.340881,0.506432,0.353942,0.454066,0.330600,0.320347,0.285286,0.311089,0.413340,0.393502,0.441392,0.434265,0.400801,0.379415,0.413706,0.408579,0.260237,0.403392,0.411220,0.467514,0.329233,0.451923,0.354786,0.366363,0.315716,0.383239,0.417844,0.427354,0.396609,0.301394,0.406873,0.382677,0.224383,0.382297,0.423762,0.382493,0.375862,0.316773,0.428289,0.466482,0.329579,0.344764,0.383060,0.428795,0.378575,0.429337,0.375618,0.431744,0.394550,0.436572,0.441140,0.479968,0.369006,0.369153,0.411772,0.379851,0.306837,0.411779,0.321679,0.515408,0.367783,0.364285,0.353698,0.338397,0.405677,0.281254,0.456869,0.391845,0.458613,0.414808,0.319324,0.425605,0.368173,0.469659,0.352486,0.270468,0.403274,0.441059,0.422546,0.342218,0.391452,0.414955,0.351483,0.397046,0.345020,0.445197,0.366954,0.405860,0.410876,0.423294,0.429313,0.440789,0.308258,0.362259,0.352440,0.420044,0.415742,0.361506,0.401449,0.371152,0.354456,0.390268,0.348795,0.292178,0.351221,0.411821,0.451064,0.434141,0.395809,0.301742,0.454610,0.386984,0.430842,0.414994,0.297735,0.349434,0.515981,0.382086,0.420823,0.448308,0.404768,0.418068,0.218258,0.269172,0.349736,0.433346,0.342255,0.422342,0.335351,0.438731,0.304948,0.309327,0.409355,0.298002,0.407645,0.415073,0.331070,0.346937,0.405984,0.315917,0.384296,0.341009,0.269113,0.290399,0.449221,0.314290,0.413998,0.253549,0.385569,0.322697,0.471947,0.362704,0.323564,0.336791,0.349435,0.418810,0.375098,#
21,0.300297,0.406433,0.400295,0.347145,0.327277,0.251658,0.300528,0.358105,0.440221,0.288241,0.269392,0.363708,0.344345,0.300510,0.298376,0.312977,0.355781,0.322975,0.358997,0.327687,0.387478,1.000000,0.276189,0.344802,0.243672,0.243354,0.363785,0.354209,0.341104,0.337371,0.298592,0.322820,0.323970,0.342106,0.309560,0.379872,0.409651,0.391711,0.449571,0.275873,0.307299,0.350282,0.314460,0.326881,0.342160,0.302689,0.311988,0.390002,0.268096,0.215125,0.317273,0.368308,0.256737,0.294434,0.296941,0.302810,0.328836,0.282555,0.271029,0.188236,0.324734,0.258367,0.410069,0.254214,0.468062,0.357780,0.258048,0.284652,0.346559,0.384121,0.395624,0.403923,0.396713,0.428986,0.332967,0.292286,0.263230,0.275358,0.309176,0.335357,0.298837,0.303966,0.382085,0.168045,0.401391,0.251582,0.379655,0.376297,0.294992,0.395878,0.298026,0.226370,0.319651,0.339512,0.404894,0.352973,0.377896,0.277001,0.225497,0.311847,0.435250,0.383180,0.378718,0.278161,0.267913,0.409552,0.277540,0.229946,0.309897,0.367350,0.369404,0.340014,0.271577,0.375190,0.277550,0.352609,0.453942,0.278754,0.200348,0.335187,0.285612,0.426855,0.318404,0.361298,0.348075,0.210951,0.336431,0.347873,0.341789,0.261323,0.326920,0.413253,0.436743,0.339445,0.375312,0.266487,0.228516,0.275244,0.282829,0.396000,0.347987,0.374905,0.313119,0.277606,0.318482,0.388435,0.309098,0.316629,0.275209,0.327540,0.370073,0.304300,0.286284,0.359575,0.411093,0.387225,0.278867,0.224113,0.292665,0.333204,0.346415,0.364422,0.450204,0.358106,0.404228,0.192037,0.331112,0.356187,0.323420,0.420023,0.292202,0.289998,0.270059,0.259950,0.280745,0.412987,0.289401,0.385222,0.183916,0.275017,0.279288,0.385110,0.175547,0.390545,0.254732,0.337279,0.273967,0.283751,0.255738,0.350909,0.405517,0.283523,0.335564,0.400573,0.405818,0.342621,0.302717,0.369300,0.395711,0.307894,#
