0,1.000000,0.029831,0.186214,0.130230,0.164235,0.113179,0.147514,0.027530,0.126549,0.114421,0.181582,0.038986,0.105606,0.109918,0.224230,0.209404,0.204127,0.246435,0.226362,0.270349,0.139631,0.107529,0.236970,0.329462,0.130311,0.031436,0.158050,0.009691,0.140725,0.252337,0.032977,0.223728,0.116861,0.184688,0.226767,0.132181,0.059516,0.061874,0.227019,0.221594,0.157438,0.103612,0.242688,0.020685,0.116547,0.068276,0.093125,0.198896,0.215386,0.278016,0.143644,0.107152,0.156982,0.196104,0.249795,0.214310,0.192467,0.166397,0.054919,0.049807,0.164653,0.192957,0.255269,0.021690,0.112119,0.078105,0.120877,0.137048,0.105462,0.138429,0.147096,0.084286,0.172374,0.213005,0.102446,-0.001582,0.268280,0.163868,0.126293,0.073832,0.097142,0.059993,0.105922,0.188888,0.276401,0.132244,0.228878,0.254840,0.240200,0.185664,0.071017,0.048927,0.184575,0.112242,0.197011,0.209598,0.231247,0.067883,0.160912,0.229088,0.217054,0.172320,0.093704,0.225456,0.152116,0.178803,0.223704,0.136389,0.220595,-0.040570,-0.022244,0.150619,0.013105,0.210035,0.169468,0.120051,0.128635,0.083767,0.137601,0.114930,0.194258,0.194400,0.231211,0.190295,0.198031,0.208482,0.159989,-0.009876,0.126373,0.250388,0.196800,0.109514,0.107628,0.116854,0.155194,0.176033,0.167850,0.085647,0.023412,0.177561,0.214294,0.108012,0.097303,0.134661,0.075785,0.052936,0.152602,0.128991,0.163363,0.042794,0.023167,0.158779,0.193016,0.070203,0.128177,0.215106,0.173638,0.143205,0.199335,0.184507,0.227364,0.258309,0.076076,0.038850,0.118281,0.211797,0.119630,0.198840,0.200365,0.111909,0.125810,0.073074,0.202554,0.181557,0.032995,0.209271,0.319700,0.196541,0.155707,0.040508,0.104289,0.216352,0.122583,0.092756,0.097091,-0.007581,0.154591,0.309616,0.219607,0.001372,0.026609,0.169512,0.091355,0.218709,0.283319,0.180737,0.027061,0.188532,0.190266,0.180724,#
1,0.029831,1.000000,0.061119,0.049767,0.070719,0.050470,0.124523,0.123196,0.243364,0.062708,0.220837,0.203526,0.109361,0.002460,-0.021801,-0.016290,0.113887,0.087370,-0.029139,0.138945,-0.034194,0.142364,0.096789,-0.001639,0.091133,0.093056,0.036698,0.160049,-0.112106,0.064673,0.115088,0.066261,-0.044867,0.124417,-0.061356,0.098593,0.092157,0.011191,0.193785,0.068444,-0.005076,0.005658,0.175060,0.039332,0.001443,0.037151,0.258023,0.100440,0.109977,0.060748,0.088026,0.062790,0.123915,0.136307,0.062622,0.083667,0.056727,-0.091345,-0.086386,0.019706,0.034424,0.082433,0.123331,-0.051132,-0.017971,0.146602,0.042171,0.149322,0.133705,0.236963,0.161885,0.133298,0.242055,-0.015554,0.178159,0.097449,0.115296,0.059405,0.254285,-0.017633,0.073990,0.097185,0.008065,0.093326,0.164121,-0.104030,0.169698,0.149662,0.128712,0.019528,0.057011,0.121831,-0.054414,0.070514,0.017998,0.119039,0.003597,0.013373,0.018953,0.055363,0.166578,0.007415,-0.014844,0.042904,-0.007790,0.104408,0.140984,0.236402,0.103725,0.088873,0.064945,0.089755,-0.033101,0.136336,0.172382,0.255119,0.093127,0.007267,-0.030001,0.009060,-0.070088,0.126587,0.149128,0.089605,0.119536,0.066903,0.102753,0.079877,0.115515,0.151524,-0.040867,0.112518,0.038374,0.083635,0.171487,0.171306,0.089936,0.163962,0.144726,0.093556,0.131714,-0.027571,0.113156,0.171063,0.166015,0.026174,0.034481,-0.040519,0.099136,-0.062177,0.128972,0.115284,0.000582,-0.090511,0.249068,0.158584,0.034161,0.064833,-0.093515,-0.081384,0.011444,0.199003,0.153029,0.214973,0.066802,0.070227,0.017235,-0.067971,0.062631,0.180436,0.074684,0.152886,0.011494,0.069466,0.034736,0.123193,0.062177,0.129705,0.054936,-0.030219,0.089377,-0.025217,0.152061,-0.037173,0.083615,0.064687,0.034904,-0.040003,0.187538,0.145406,0.168837,0.111506,-0.084128,0.057380,0.129056,-0.029089,-0.007155,0.213112,0.022285,0.220221,#
2,0.186214,0.061119,1.000000,0.166068,0.209898,0.114170,0.219752,0.164109,0.117765,0.141666,0.172733,0.172220,0.068837,0.284751,0.107746,0.194202,0.031753,0.104020,0.086094,0.190763,0.266429,0.193478,0.049549,0.171218,0.169277,0.183836,0.246651,0.131205,0.096941,0.229897,0.055998,-0.002521,0.125598,0.058217,0.099885,0.110732,0.123957,-0.014663,0.138666,0.081670,0.102963,0.141899,0.291913,0.074929,0.054155,0.132887,0.178733,0.076396,0.019384,0.145603,0.213477,0.180968,0.172218,0.130272,0.076112,0.150068,0.153786,-0.014382,0.168460,0.169831,0.328175,0.098537,0.049517,0.137622,0.199400,0.161963,0.080013,0.135221,0.186138,0.208018,0.172386,0.182573,0.039357,0.197848,0.227341,0.102067,0.144916,0.118836,0.136744,0.079374,0.194455,0.084592,0.128106,0.027778,0.203494,0.107352,0.174759,0.259436,0.087235,0.056672,0.083031,0.157759,0.240394,0.213505,0.085417,0.185911,0.228402,0.035853,0.241327,0.100910,0.218833,0.127966,0.035199,0.209618,0.000256,0.164962,0.216775,0.232122,0.159147,0.103324,0.132708,0.153767,0.225513,0.100410,0.141748,0.198162,0.159533,0.193382,-0.136071,0.077810,0.125312,0.022520,0.041824,0.202225,0.116265,-0.014052,0.212489,0.089908,0.145984,0.217444,0.094753,0.174265,0.178116,0.162734,0.273762,0.151519,0.193794,0.142697,0.185750,0.050774,0.043576,0.138959,0.083196,0.057260,0.251690,0.140557,-0.013131,0.061743,0.188166,0.033023,0.118676,0.175987,0.196564,0.179389,0.086914,0.072967,0.066210,-0.032836,0.181948,0.120167,0.037810,0.283494,0.146365,0.188304,0.078927,0.176074,0.099646,0.017109,0.009550,0.147464,0.060885,0.280965,0.205208,0.058407,0.158756,0.147115,0.201616,0.137230,0.028721,0.047889,0.084432,0.222157,0.026738,0.287282,0.044294,0.132379,0.135509,0.072143,0.152237,0.006619,0.038336,0.207729,0.312748,0.160876,0.157092,0.050661,-0.014155,0.151605,0.214527,0.256855,#
3,0.130230,0.049767,0.166068,1.000000,0.183700,0.118610,0.227647,0.088389,0.261570,0.122850,0.245195,0.168289,0.123453,0.073492,0.126297,0.080900,0.116280,0.162215,0.283928,0.222087,0.169425,0.170541,0.159006,0.264453,0.153239,0.197647,0.229763,0.156571,0.135920,0.271345,0.148320,0.182030,0.330273,0.203118,0.053731,0.199306,0.165564,0.152605,0.272758,0.161632,0.098688,0.267642,0.241467,0.300629,0.053124,0.187393,0.128963,0.142931,0.001915,0.130708,0.204054,0.097513,0.215816,0.044697,0.033630,0.277178,0.169807,0.093794,0.133901,0.160834,0.149574,0.080891,0.143353,0.076558,0.330695,0.076894,0.059067,0.052276,-0.066417,0.221954,0.143993,0.161360,0.222066,0.058675,0.120207,0.192672,0.163340,0.111096,0.154913,0.070642,0.280026,0.168860,0.160088,0.061908,0.238139,0.122536,0.171881,0.147952,0.155612,0.138127,0.242274,0.189863,0.112445,0.174506,0.115176,0.198452,0.143791,0.019387,0.236514,0.152449,0.200168,0.120066,0.082816,0.105611,0.344323,0.072654,0.187030,0.201749,0.124602,0.151206,0.115156,0.047283,0.117150,0.123824,0.087624,0.119720,0.124953,0.116863,0.048757,0.083934,0.134147,0.140771,0.144195,0.160277,0.040876,0.124223,0.206493,0.253311,0.045773,0.200008,0.240867,0.219161,0.162396,0.178190,0.154606,0.204300,-0.001942,0.080141,0.159442,0.139967,0.082009,0.230793,0.217467,0.110640,0.074063,0.204731,0.190959,0.274559,0.167000,0.101203,0.058383,0.088139,0.071669,0.167536,0.223860,0.054702,0.073782,0.063305,0.225962,0.178067,0.140658,0.228695,0.122612,0.211531,0.100907,0.147022,0.178933,0.089353,0.069522,0.114745,0.171764,0.070611,0.105235,0.012630,0.006175,0.174586,0.228486,0.205983,0.070148,0.142674,0.044823,0.280449,0.193360,0.031689,0.049905,0.063109,0.152820,0.134342,0.077205,0.194617,0.195068,0.189120,0.242032,0.117931,0.209771,0.180175,0.194899,0.207474,0.142727,0.170330,#
4,0.164235,0.070719,0.209898,0.183700,1.000000,0.244763,0.033693,0.168537,0.244960,0.174653,0.040918,0.150625,0.195982,0.109522,0.130174,0.109674,0.118021,0.133754,0.199295,0.361991,0.354564,0.136660,0.197382,0.262349,0.083182,0.237076,0.149036,0.001655,0.184850,0.111913,0.125215,0.166859,0.227051,0.165122,0.078652,0.242353,0.326942,0.033550,0.205134,0.138143,0.120603,0.239444,0.161150,0.145763,0.246594,0.173653,0.318706,0.194251,0.088122,0.101991,0.095177,0.108576,0.198135,0.201432,0.236451,0.251263,0.171160,0.079009,0.197091,0.128107,0.174259,0.194594,0.150934,-0.022150,0.197732,0.057183,0.042339,0.168019,0.021952,0.160681,0.224253,0.184336,0.247299,0.179708,0.135019,0.009568,0.126805,0.205267,0.201226,0.167738,0.207774,0.226163,0.083129,0.025449,0.298530,0.104993,0.165233,0.146953,0.149251,0.131250,0.259819,0.126147,0.129127,0.083569,0.153722,0.248618,0.154517,0.155626,0.098225,0.158058,0.152994,0.082703,0.154482,0.167535,0.113031,0.140181,0.095583,0.208732,0.178220,0.254386,0.229968,0.197261,0.219549,0.287691,0.157774,0.057267,0.208410,0.091146,-0.027224,0.083113,0.049693,0.141025,0.202032,0.039219,0.212043,0.025666,0.206678,0.150194,0.277690,0.162917,0.227081,0.060734,0.181583,0.226596,0.269261,0.189649,0.057998,0.092714,0.196755,0.055140,0.147104,0.037397,0.220802,0.079168,0.182530,0.197637,0.182001,0.191938,0.167528,0.104663,0.081301,0.179398,0.175983,0.250457,0.260571,0.098171,0.293640,0.127071,0.032348,0.185637,0.149357,0.190170,0.080631,0.056260,-0.087837,0.185961,-0.022382,0.079286,0.062529,0.165110,0.028679,0.142684,0.327103,0.202709,0.162022,0.211889,0.255701,0.252543,0.144839,0.144824,0.000425,0.051990,0.175542,0.052200,0.204372,0.113285,-0.004815,0.234743,0.173642,0.276971,0.060137,0.134988,0.089057,0.133494,0.184710,0.235314,0.138212,0.148138,0.212745,0.295006,#
5,0.113179,0.050470,0.114170,0.118610,0.244763,1.000000,0.057563,0.170024,0.231488,0.177675,0.220644,0.082884,0.145140,0.027045,0.189037,0.138630,0.074504,0.142172,-0.059185,0.257980,0.102805,0.002439,0.136815,0.161133,0.175102,0.128562,0.220361,0.144569,0.163102,0.159486,0.200803,0.203442,0.258313,0.177970,0.061729,0.180117,0.162044,0.016676,0.183824,0.105204,0.192112,0.131846,0.084072,0.205840,0.082932,0.169712,0.236414,0.049355,0.174058,0.074320,0.130154,0.130490,0.078514,0.126584,0.031757,0.312257,0.124548,-0.028913,0.243359,0.118440,0.113301,0.223430,0.147674,0.061375,0.208270,0.124284,0.066234,0.133782,0.155299,0.001123,0.157596,0.153569,0.213160,0.175394,0.034461,0.121768,0.200538,0.173974,0.147767,0.140451,0.238782,0.136440,0.169300,0.044677,0.112968,0.112894,0.163503,0.141273,0.153774,-0.029873,0.034936,0.147368,0.279301,0.222510,0.068891,0.164229,0.021556,0.151571,0.266784,0.101464,0.137102,0.176415,-0.003293,0.136029,0.100337,0.152925,0.135862,0.230408,0.077030,0.137983,0.078712,0.194994,0.099844,0.084249,0.151866,0.074015,0.133732,0.079079,0.002382,0.085309,0.047231,0.174835,0.101460,0.175526,-0.023510,0.032354,0.107170,0.045201,0.103510,0.141464,0.285019,0.131345,0.206014,0.205928,0.220902,0.251201,0.130873,0.124730,0.092601,-0.039299,0.149347,0.065761,0.198616,0.236718,0.218320,0.101128,0.077538,0.088320,0.081895,0.065908,0.178105,-0.010733,0.136752,0.172830,0.110591,0.122385,0.214333,0.100022,0.170019,0.058887,0.156339,0.160501,0.154871,0.141884,0.079223,0.133468,-0.043350,0.166786,0.201334,0.188763,0.257682,0.190753,0.124450,0.135336,0.039231,0.143262,0.224830,0.141521,0.220696,0.069744,0.192008,0.050419,0.308488,0.092652,0.108519,0.201861,0.169709,0.074136,0.009280,0.091400,0.023572,0.168823,0.111242,0.116809,0.136868,0.041677,0.019789,0.220965,0.110424,0.286042,#
6,0.147514,0.124523,0.219752,0.227647,0.033693,0.057563,1.000000,0.073950,0.171864,0.014546,0.137842,0.097307,0.144732,0.217683,0.038553,0.069142,0.116664,0.114266,0.127949,0.069752,0.260504,0.136119,-0.045812,0.075113,0.058753,0.097796,0.069827,0.103770,0.101556,0.226032,0.049054,0.104072,0.071973,0.173314,0.076539,0.114585,-0.000641,0.065651,0.072045,0.173569,-0.029824,0.118898,0.108812,0.100796,0.143635,0.117591,0.141234,-0.042263,0.189181,0.080728,0.114599,0.138430,0.239388,0.109347,0.051218,0.129943,0.114835,0.073134,0.209806,0.183001,0.124522,0.008417,0.094592,0.092649,0.261991,0.162021,0.147947,0.105319,0.045382,0.089930,0.106689,0.145961,0.079283,0.210858,0.154442,0.158888,0.171097,0.085055,0.197511,0.030921,0.117750,0.093243,0.203331,0.037839,0.053494,0.137096,0.139291,0.170321,0.084839,0.097956,0.073965,0.111840,0.013669,0.065302,0.063651,0.088361,0.197373,0.063619,0.154734,0.219955,0.129510,0.164241,0.131881,0.002505,-0.084650,0.095819,0.072445,0.030516,0.113030,0.081109,0.032289,0.094299,-0.004193,-0.049222,0.167867,0.081498,0.296689,0.053958,0.099711,0.087606,0.169538,0.135874,-0.003612,0.157410,0.125010,0.170178,0.047648,0.133914,-0.009778,0.173451,0.077054,0.077190,0.123695,0.006749,0.154156,0.202931,0.036559,0.107861,0.214397,0.137706,0.101624,0.097979,0.001776,0.082704,0.010898,0.136609,0.092237,0.049212,0.124833,-0.113052,0.193232,0.095254,0.100516,-0.004035,0.159688,0.020535,0.053966,0.181768,0.190985,0.003106,0.076766,0.222168,0.151511,0.195611,0.125500,0.172946,0.087174,0.084108,0.109672,0.075906,0.118150,0.094992,0.080552,-0.013768,0.131157,0.087210,0.108847,0.164507,0.218851,-0.042414,0.055851,0.056994,0.204702,0.160998,0.108721,0.091671,0.035463,0.143302,-0.026897,0.157375,-0.016419,0.094095,0.054768,0.224944,0.071187,0.013353,0.101467,0.176906,0.100107,0.206317,#
7,0.027530,0.123196,0.164109,0.088389,0.168537,0.170024,0.073950,1.000000,0.297155,0.176699,0.182115,0.229743,0.071929,0.132724,0.276233,0.085311,0.177429,0.230732,0.102923,0.189083,0.112934,0.167493,0.245365,0.158139,0.231458,0.137588,0.175376,0.233366,0.092112,0.180362,0.007423,0.043449,0.121557,0.138358,-0.018757,0.108994,0.052215,-0.023704,0.265055,0.142713,0.083526,0.083956,0.100104,0.213251,0.225807,0.216497,0.178000,0.161186,0.043044,0.087183,0.176547,0.042780,0.056962,0.229706,0.118788,0.113381,0.113467,0.187753,0.126069,0.071636,0.157253,0.141117,0.068474,0.030392,0.219377,0.173287,0.089481,0.088174,0.164061,0.324594,0.155611,-0.008218,0.334307,0.127949,0.129679,0.080154,0.037399,0.147777,0.213902,0.235907,0.240907,0.173694,0.129219,0.061114,0.187306,0.047100,0.156741,0.080262,0.133541,0.191352,0.034242,0.113044,0.187325,0.198094,0.052341,-0.003431,0.091414,0.205393,0.109169,0.179889,0.184098,0.099354,0.067796,0.118589,-0.020406,0.212883,0.233644,0.151583,0.109487,0.134278,0.101149,0.079156,0.071487,0.130032,0.354510,0.127122,0.022852,-0.045518,0.013863,0.245613,0.152888,0.186381,0.052198,0.241478,0.197817,0.085852,0.179220,0.217166,0.097320,0.104045,0.112052,0.065825,0.225877,0.046350,0.313488,0.257423,-0.022583,0.204013,0.091549,0.067832,0.205977,0.099627,0.159717,0.065924,0.147400,0.181885,0.189229,0.081817,0.144879,0.072917,0.121812,0.132732,0.137460,0.161096,0.042536,0.222521,0.151433,0.156044,0.181602,0.132532,0.146212,0.112703,0.263954,0.018175,0.008414,0.260821,0.190736,0.045336,0.043536,0.085676,0.181137,0.228060,0.209024,0.081661,0.142665,0.093198,0.161147,0.138078,-0.000619,0.164982,0.231709,0.087749,0.140895,0.148009,-0.067249,0.140851,0.005394,-0.008444,0.149455,0.282423,0.209895,0.079405,0.117341,0.108017,0.153962,0.082510,0.045217,0.195903,0.179647,0.171523,#
8,0.126549,0.243364,0.117765,0.261570,0.244960,0.231488,0.171864,0.297155,1.000000,0.258137,0.197926,0.170741,0.147062,0.113805,0.263405,0.150754,0.016511,0.163368,0.097886,0.198520,0.080348,0.180328,0.187304,0.238338,0.025296,0.210902,0.120136,0.241401,0.030293,0.218324,-0.014598,0.145179,0.135127,0.101405,0.042229,0.174296,0.189013,0.026440,0.140872,0.140253,0.100853,0.227017,0.173985,0.131431,0.162172,0.101651,0.091925,0.106468,0.171936,0.180107,0.183736,0.258660,0.072511,0.324574,0.098461,0.326680,0.159012,0.199756,0.048273,0.196975,0.226160,0.176339,0.243528,-0.088979,0.169152,0.279361,0.116271,0.127555,0.266937,0.237884,0.186611,0.111796,0.256793,0.136673,0.109392,0.165956,0.133183,0.182727,0.209468,0.140723,0.215306,0.227439,0.105470,0.090992,0.270938,0.149306,0.150306,0.140156,0.059208,0.209875,0.120458,0.183296,0.138563,0.093162,0.330521,0.209691,0.145166,0.090988,0.233680,0.098483,0.185705,0.146214,0.082221,0.210475,0.162780,0.143900,0.219253,0.271186,0.076190,0.188258,0.133904,0.135573,0.080214,0.178908,0.278615,0.240835,0.108522,0.073513,0.043262,0.222794,0.180707,0.127442,0.235318,0.160892,0.097240,0.220530,0.170940,0.207972,0.056178,0.263670,0.127421,-0.022317,0.278331,0.254319,0.323396,0.235112,0.038808,0.145718,0.117843,0.107320,0.154589,0.181068,0.275913,0.096462,0.098876,0.117649,0.251031,0.132451,0.151627,0.044754,0.193366,0.025030,0.137755,0.240263,0.326424,0.274213,0.204290,0.236319,0.159733,0.193683,0.080147,0.166685,0.144862,0.233236,0.141769,0.186609,0.148770,-0.001640,0.183438,0.215768,0.159677,0.265091,0.131565,0.122928,0.231219,0.137518,0.122262,0.205401,0.229281,0.083696,0.158655,0.167249,0.046238,0.150444,0.117702,0.192193,0.059971,0.096565,0.202841,0.228211,0.177874,0.098893,0.200666,0.109568,0.240944,0.082547,0.096565,0.137299,0.100999,0.182321,#
9,0.114421,0.062708,0.141666,0.122850,0.174653,0.177675,0.014546,0.176699,0.258137,1.000000,0.244846,0.057136,0.112867,0.142127,0.243933,0.177292,0.051692,0.065825,0.054385,0.326535,0.162313,0.100195,0.164629,0.211841,0.026308,0.075060,0.244190,0.184387,0.088203,0.146908,0.167538,0.090715,0.082347,0.211581,0.242573,0.159408,0.039192,0.145969,0.170733,0.009803,0.237832,0.125904,0.150998,-0.000570,0.109788,0.101350,0.165142,0.068872,0.020882,0.087655,0.040842,0.155426,0.033690,0.156625,0.080950,0.266125,0.099433,0.188484,0.199193,0.092889,0.199162,0.091584,0.259732,0.048521,0.216444,0.251330,0.061516,0.101090,0.152155,0.070909,0.283948,0.175063,0.143860,0.114868,0.144678,0.121020,0.001932,0.126929,0.255288,0.206017,0.065725,0.206964,0.006392,0.044149,0.306055,0.111402,0.112213,0.217575,-0.058782,-0.111006,0.052462,0.185045,0.204381,0.041148,0.142362,0.129945,0.160585,0.237477,0.242539,-0.029849,0.091796,0.174979,0.266517,0.067484,0.273164,0.190268,0.157919,0.026767,0.258974,0.112778,0.110459,0.174529,0.232027,0.223855,0.073600,0.175733,0.043853,0.088865,0.102372,0.016410,0.190739,0.231825,0.150692,0.219139,0.084443,0.124936,0.036565,0.143086,0.229183,0.268660,0.169602,0.024817,0.141502,0.268959,0.171874,0.165812,0.109946,0.179201,0.092295,-0.014395,-0.001899,0.218971,0.201456,0.105128,0.054526,0.158752,0.196544,0.141468,0.060102,0.254139,0.056054,-0.074513,0.256424,0.212392,0.218296,0.189144,0.151210,0.194068,0.282488,0.096102,0.137684,0.146842,0.075232,0.295390,0.129611,0.122323,0.042495,0.062913,0.282905,0.115402,0.238764,0.293072,0.104527,0.174529,0.130885,0.225260,0.148523,0.102474,0.136607,0.096819,0.041503,0.068817,0.170142,0.147805,0.050310,0.204058,-0.001993,0.075717,0.344865,0.094180,0.123392,0.150514,0.062146,0.140291,0.070743,0.100523,0.077246,0.093108,0.117807,0.166512,#
10,0.181582,0.220837,0.172733,0.245195,0.040918,0.220644,0.137842,0.182115,0.197926,0.244846,1.000000,0.103871,-0.079088,0.116416,0.092584,0.149561,0.100487,0.108121,0.094506,0.162528,0.050168,0.035986,-0.009824,0.172035,0.027769,0.006952,0.112877,0.280096,-0.004623,0.216897,0.153590,0.138167,0.161896,0.155309,0.149986,0.127026,0.048256,0.098469,0.227600,0.080260,0.210671,0.078286,0.040928,0.019451,0.081806,0.168085,0.199974,0.150985,0.203586,0.278244,0.026135,0.118404,0.122912,0.132216,-0.002870,0.241353,0.098222,0.022382,0.061125,0.133266,0.065272,0.174377,0.198257,0.202916,0.324197,0.151739,0.120456,-0.006283,0.066517,0.122388,0.108561,0.216615,0.216396,0.139728,0.066514,0.156984,0.120797,0.101080,0.131125,0.088970,0.275506,0.106961,0.182690,0.119686,0.243397,0.024460,0.192427,0.221983,0.047873,0.157397,0.048351,0.220599,0.145384,0.172949,0.125129,0.250191,0.071242,0.039061,0.284474,0.163444,0.115269,0.110005,0.138651,0.078882,0.267280,-0.048061,0.152639,0.225657,0.135748,0.097289,-0.042769,0.167037,0.019022,0.132618,0.263100,0.290358,0.106971,-0.001833,0.094216,0.105451,0.113021,0.278398,-0.006824,0.120300,-0.042569,0.122811,0.205621,0.205670,0.128938,0.117703,0.114173,0.039512,0.070007,0.104600,0.208139,0.137754,-0.001702,0.230189,0.091874,-0.035396,0.250201,-0.022123,0.152154,0.119616,0.019426,0.030947,0.027229,0.009575,0.098040,0.056020,0.155311,0.144078,0.250113,0.107127,0.158518,0.141174,0.232704,0.005609,0.247116,0.111185,0.213659,0.107359,0.270234,0.179882,0.082700,0.179727,0.211891,0.146105,0.227840,0.212171,0.172777,0.165332,0.014242,0.150172,0.093931,0.066547,0.181776,0.236549,0.017110,0.164320,0.079390,0.067512,0.234117,0.034996,0.097211,0.102558,0.001293,-0.027887,0.120702,0.207324,0.209107,0.093093,0.100823,0.065448,0.248764,0.054318,-0.028259,0.206703,0.204567,0.261962,#
11,0.038986,0.203526,0.172220,0.168289,0.150625,0.082884,0.097307,0.229743,0.170741,0.057136,0.103871,1.000000,0.154080,0.033494,-0.004414,0.031464,0.060394,0.239407,0.172733,0.034374,0.092308,0.115734,0.011772,0.048179,0.169648,0.188030,-0.053308,0.215654,-0.071047,0.167987,0.179660,0.097889,0.138559,0.153572,0.110875,0.110545,0.178553,0.000876,0.114241,0.259501,0.033514,0.190525,0.203559,0.159798,0.063821,0.217033,0.232898,0.043964,0.104286,0.088859,0.132027,0.123365,0.156586,0.264908,0.020504,0.003963,0.067184,0.242472,0.125523,0.003713,-0.002753,0.081612,0.227543,0.034386,0.131951,0.226885,0.151830,0.199302,0.154541,0.183693,0.108556,0.059400,0.189110,0.051332,0.031390,0.040360,0.075656,0.078477,0.119351,0.049985,0.187120,0.094076,0.140686,0.055591,0.167995,-0.022458,0.099493,0.122324,0.167589,-0.004380,0.060819,0.298626,0.245167,0.258213,0.105562,0.232277,0.043960,0.094720,0.112522,0.157905,0.078454,0.145090,-0.001876,0.176083,0.096254,0.249046,0.188459,0.294122,0.208041,0.154255,0.187524,0.148903,0.134691,0.115677,-0.023207,0.255180,0.051514,0.177629,-0.051122,0.124816,0.016729,0.148705,0.183421,0.093889,0.087290,0.061432,0.113248,0.118845,0.220985,0.142825,0.074410,0.215415,0.195018,0.213178,0.145958,0.099431,-0.116358,0.223973,0.004391,0.171529,0.150749,0.028603,0.174383,0.157156,0.219373,0.042280,0.139812,0.066077,0.059354,0.015788,0.101429,0.184518,0.115307,0.158506,0.198971,0.171500,0.093659,-0.011170,0.155295,0.061541,0.055917,0.226307,0.069706,0.005506,0.139348,0.053222,0.227890,0.053382,0.154723,0.189791,0.116589,0.112867,0.015296,0.012099,0.065394,0.144477,0.116113,0.174962,0.030788,0.182417,0.172455,0.053308,0.151013,0.041031,0.062288,0.077522,-0.015732,0.168056,0.173235,0.207009,0.162020,0.055338,0.210924,0.223455,0.263136,0.097008,0.091023,0.155122,0.069130,0.133836,#
12,0.105606,0.109361,0.068837,0.123453,0.195982,0.145140,0.144732,0.071929,0.147062,0.112867,-0.079088,0.154080,1.000000,0.052350,0.215994,0.055138,0.339912,0.187284,0.207003,0.290667,0.151029,0.088946,0.202707,0.203379,0.028135,0.108289,0.132206,0.136922,0.163397,0.168016,-0.003347,0.209035,0.185008,0.161679,0.162872,0.255219,0.171806,-0.000337,0.144810,0.177123,0.044552,0.025848,0.144784,0.317312,0.186286,0.170161,0.209479,-0.063786,0.105607,0.067780,0.245597,0.092666,0.135012,0.199514,0.161624,0.122347,0.033545,0.131526,0.099542,-0.046903,0.015304,0.256137,0.010481,0.089001,0.230652,0.200853,0.107150,0.111127,0.119137,0.116252,0.162392,0.114166,0.168964,0.040484,0.248427,0.218397,0.189756,0.002240,0.131389,0.023955,0.175171,0.173264,0.045157,0.073328,0.045820,0.157711,0.115849,0.200814,0.233847,0.017079,0.073397,0.105693,0.012030,0.109031,0.162976,0.225529,0.353947,0.206852,0.105114,0.033310,0.108205,0.194778,0.122015,0.188979,0.176271,0.080451,0.153570,0.072015,0.077656,0.101744,0.248949,0.031376,0.123588,0.150824,0.181314,0.058237,0.217326,0.054935,0.095806,-0.008086,0.141419,0.164406,0.245774,0.216657,0.209405,0.029342,0.163337,-0.045266,0.022508,0.145429,0.133894,0.133043,0.090914,0.145334,0.086338,0.086388,0.170847,0.148230,0.204044,0.038115,0.166284,0.156855,0.171658,0.074724,0.082445,0.187305,0.086716,0.124068,0.076057,0.121784,0.066781,0.256503,0.150948,0.090522,0.086400,0.242675,0.117866,-0.016948,0.108350,0.091509,0.064427,0.298821,0.221178,0.210553,0.178855,0.065671,0.244534,0.079224,-0.000324,0.062752,0.178424,0.181338,0.108094,0.134414,0.136939,0.107740,0.197332,0.255650,0.095060,0.091990,0.143521,0.132343,0.253098,0.105840,0.028232,0.163680,0.086257,0.283465,0.093726,-0.006853,0.098645,0.049078,0.079682,0.162676,0.095868,0.071006,0.123960,0.195519,0.145331,0.021220,#
13,0.109918,0.002460,0.284751,0.073492,0.109522,0.027045,0.217683,0.132724,0.113805,0.142127,0.116416,0.033494,0.052350,1.000000,0.190677,0.067872,0.206131,0.069889,0.172481,0.194396,0.171773,0.145285,0.095870,0.204181,-0.008323,0.240217,0.183692,0.178214,0.149018,0.118167,0.079817,0.128944,0.219415,0.117208,0.133220,0.075602,0.039751,0.101969,0.061923,0.160263,-0.004807,0.181384,0.195933,0.098520,0.139180,0.168905,0.143611,0.121346,0.162920,0.138719,0.106046,0.165342,0.154118,0.217442,0.133769,0.210526,0.023523,0.131597,0.055818,0.167910,0.151581,0.130987,0.161060,0.048663,0.196336,0.074250,0.239370,0.088566,0.256499,0.126812,0.058573,0.104649,0.017763,0.119695,0.256992,0.168376,0.157245,0.169745,0.250375,0.131434,0.110936,0.204475,0.139932,0.209688,0.160976,0.055656,0.115958,0.112231,0.208049,0.090299,0.093625,0.082268,0.151584,0.192277,0.047884,0.026294,0.208021,0.028961,0.145804,0.282520,0.179462,0.211543,0.067462,0.264783,0.034436,0.201222,0.125991,0.161236,0.212020,0.123648,0.065254,0.148616,0.250818,0.153200,0.261506,0.175512,0.212786,0.204199,0.038251,0.156191,0.170385,0.179579,0.062065,0.094196,0.140556,-0.047522,0.035990,-0.061522,0.155530,0.178230,0.041900,0.072561,0.051057,0.045524,0.313785,0.102707,0.017937,0.092239,0.252435,0.127231,-0.095871,0.093747,0.312829,0.147750,0.035729,0.205835,0.184609,0.143764,0.050862,0.086015,0.063506,0.125419,0.114183,0.228452,0.188380,0.264241,-0.048423,0.140169,0.254226,0.123831,0.087139,0.255977,0.104844,0.234917,0.087304,0.140110,0.109263,0.044521,0.126395,0.104123,0.122026,0.233377,0.161404,0.106175,0.139101,0.102695,0.131687,0.198593,0.212860,-0.033311,0.042756,0.185175,0.122871,0.137428,0.105782,0.122408,0.178518,0.155789,-0.031531,0.100876,0.143745,0.131776,0.177987,0.169132,0.154021,0.088081,0.067385,0.129437,0.181047,0.154117,#
14,0.224230,-0.021801,0.107746,0.126297,0.130174,0.189037,0.038553,0.276233,0.263405,0.243933,0.092584,-0.004414,0.215994,0.190677,1.000000,0.266267,0.135913,0.109445,0.183737,0.293763,0.203606,0.083022,0.152507,0.265533,0.091803,-0.030385,0.228499,0.209041,0.220235,0.178394,0.049523,0.200309,0.146774,0.095596,0.157082,0.120892,0.080327,0.181800,0.131625,0.245426,0.038881,0.063502,0.222759,0.095811,0.183436,0.235860,0.121141,0.056612,-0.011104,0.169845,0.191815,0.029803,0.184509,0.280050,0.208408,0.195622,0.177680,0.081600,0.106565,0.097911,0.220162,0.243839,0.139032,0.124555,0.101042,0.079552,0.118216,0.142194,0.140374,0.223646,0.165389,0.119129,0.186629,0.170102,0.220814,0.148986,0.302495,0.170343,0.121437,0.114082,0.249194,0.258197,0.164664,0.232263,0.170503,0.162459,0.099293,0.223852,0.166148,0.073439,0.071433,0.114842,0.193096,0.213115,0.143918,0.167928,0.309787,0.124713,0.167556,0.024594,0.172480,0.232805,0.206155,0.156740,0.152609,0.085007,0.196989,0.166094,-0.025106,0.158226,0.052901,-0.014436,0.166641,0.153288,0.221253,0.167205,0.225585,0.078268,0.136366,0.064620,0.293602,0.232602,0.098881,0.181351,0.251197,0.026831,0.108561,0.213794,0.074620,0.308528,0.125054,0.104439,0.118948,0.155151,0.150818,0.112231,-0.002457,0.165558,0.066837,0.047139,0.155453,0.162990,0.189752,0.151032,0.055689,0.298409,0.147072,0.142883,0.033936,0.068345,0.178909,0.074803,0.041773,0.167234,0.189055,0.229939,0.236499,0.143508,0.126233,0.146803,0.051591,0.158974,0.134409,0.157731,0.166308,0.133369,0.132302,0.039837,0.089388,0.284591,0.242854,0.237187,0.222136,0.154196,0.077439,0.158087,0.275381,0.210448,0.267871,0.041949,0.174125,0.256601,0.154912,0.057980,0.077838,0.087657,0.094467,-0.027979,0.081402,0.213919,-0.008485,0.078262,0.212921,0.264280,0.196207,0.056503,0.043747,0.099342,0.214350,0.091334,#
15,0.209404,-0.016290,0.194202,0.080900,0.109674,0.138630,0.069142,0.085311,0.150754,0.177292,0.149561,0.031464,0.055138,0.067872,0.266267,1.000000,0.137618,0.199106,0.103521,0.186047,0.070366,0.081203,0.144554,0.250706,0.071236,0.196042,0.137837,0.118970,0.151646,0.255091,0.030597,0.164475,0.076481,0.181259,0.112996,0.129571,0.099990,0.011872,0.193241,0.078607,0.034062,0.137168,0.186317,0.125880,0.207412,0.130080,0.047304,0.162084,0.030902,0.223642,-0.050062,0.259871,0.120085,0.107833,0.127590,0.107702,0.151641,0.014534,0.092050,0.171112,0.182475,0.072375,0.194725,0.065624,0.087898,0.171095,0.041688,0.130034,0.068793,-0.041069,0.222088,0.051162,0.004640,0.116201,0.111229,0.118295,0.056427,0.204526,0.055035,0.107910,0.289023,0.118680,-0.065316,0.249888,0.221354,0.132367,0.048812,0.265610,0.126224,0.076853,0.055134,0.067866,0.135093,0.122945,0.015059,0.084316,0.191438,0.041851,0.088654,0.059860,0.204116,0.089226,0.097772,0.133306,-0.006992,0.091200,0.203122,0.153285,0.019594,0.226888,-0.074261,0.173868,0.081090,0.063435,0.027347,0.163392,0.062308,0.027139,0.047980,0.044387,0.188367,0.145546,0.099808,0.134802,0.036221,0.047169,0.164842,0.138947,0.052805,0.265514,-0.010853,0.031534,0.041443,0.095620,0.124259,0.097639,-0.050229,-0.036429,0.046778,-0.012895,-0.026647,0.113846,0.120647,-0.009366,0.143192,0.067063,0.044476,0.153687,0.202006,0.010757,0.151453,-0.041423,0.188162,0.251499,-0.011689,0.206056,0.158659,0.125480,0.091829,0.135233,0.044608,0.105729,0.250169,-0.001291,0.128998,0.184886,0.181600,0.160033,0.166555,-0.002519,-0.026706,0.178231,0.038714,0.013934,0.054447,0.132034,0.263260,0.096374,0.038040,0.107326,0.190324,0.091607,0.119819,0.215382,0.037565,0.083967,-0.083695,0.124781,-0.034858,0.097034,-0.034522,0.113079,0.126278,0.095362,0.066633,0.082508,0.139928,0.200880,0.110926,0.049532,#
16,0.204127,0.113887,0.031753,0.116280,0.118021,0.074504,0.116664,0.177429,0.016511,0.051692,0.100487,0.060394,0.339912,0.206131,0.135913,0.137618,1.000000,0.128943,0.100770,0.324110,0.278287,0.180895,0.076140,0.142463,-0.016298,0.200618,0.189479,-0.014354,0.072480,0.281596,0.034787,0.247388,0.115913,0.350371,0.137548,0.170442,0.144134,-0.015022,0.209163,0.123105,0.006783,0.114777,0.161728,0.165128,0.119337,0.261911,0.075918,0.009833,0.087287,0.076751,0.090487,0.103654,0.232783,0.240021,0.162612,0.090089,-0.004847,0.082303,0.130243,0.000170,0.030692,0.268591,0.211191,0.115886,0.189678,0.139505,0.036789,0.280082,0.149674,0.226358,0.029912,0.133186,0.259038,0.066635,0.113491,0.131819,0.092810,0.217886,0.147471,0.135112,0.125258,0.078655,0.038880,0.164070,0.156371,0.097152,0.221081,0.128525,0.193548,0.105107,0.100865,0.158027,0.119674,0.050750,0.097829,0.085728,0.195812,0.076090,0.148287,0.218965,0.029445,0.032388,-0.028080,0.117207,0.072549,0.156233,0.132306,0.045663,0.093653,0.184716,0.163644,0.130358,0.141945,0.063478,0.247860,0.243929,0.147163,0.051440,0.006978,0.164534,0.202419,0.220372,0.144957,0.197958,0.259056,0.053966,0.147127,-0.014915,0.068984,0.177645,0.112212,0.042026,0.205841,-0.067206,0.283246,0.233577,-0.058821,0.126255,0.104114,0.175075,0.027457,0.100917,0.112373,0.143774,0.192130,0.108588,0.092839,0.124014,0.220516,0.153219,-0.062912,0.239475,0.061348,0.054445,0.199906,0.214737,0.087194,0.095811,0.102501,0.183624,0.063534,0.302660,0.215757,0.172459,0.089489,0.144519,0.183151,0.099789,0.042435,-0.004694,0.129562,0.190732,0.111424,0.001736,0.111141,0.093795,0.084523,0.160420,0.206518,0.024554,0.055883,0.101755,0.193394,-0.036883,0.080621,0.202360,0.142850,0.200894,0.097392,0.105778,0.233307,-0.053749,0.008973,0.097598,0.122600,0.201806,0.019589,0.122754,0.029819,0.085959,#
17,0.246435,0.087370,0.104020,0.162215,0.133754,0.142172,0.114266,0.230732,0.163368,0.065825,0.108121,0.239407,0.187284,0.069889,0.109445,0.199106,0.128943,1.000000,0.083211,0.206653,0.253552,0.088623,0.098364,0.249752,0.130169,0.169044,0.148807,0.038803,0.036259,0.173771,0.121716,0.064584,0.176128,0.099421,0.119990,0.280133,-0.005069,0.058690,0.279392,0.130360,0.169700,0.184438,0.119045,0.177517,0.096999,0.198689,0.174712,0.118262,0.065917,0.130882,0.156681,0.111363,0.103207,0.126591,0.130856,0.214057,0.203445,0.087591,0.118715,0.002684,0.165232,0.178041,0.082216,0.035134,0.143177,0.255866,0.152715,0.244793,0.081236,0.145130,0.128871,0.192877,0.088099,0.028490,0.071973,0.196566,0.040691,0.091070,0.076186,0.187408,0.150666,0.123724,0.249711,0.104161,0.078583,0.002033,0.234415,0.134680,0.159954,0.157146,0.090122,0.053860,0.193276,0.156751,0.020443,0.199695,0.137563,0.171133,0.085555,0.124151,0.129243,-0.057604,0.075976,0.172845,0.030282,0.137091,0.184998,0.127550,0.137884,0.068725,0.131804,0.223342,0.002998,0.231081,0.163771,0.113249,-0.009516,0.075770,-0.026683,0.122077,0.057480,0.194685,0.133834,0.163705,0.255672,0.149214,0.132914,0.065722,0.055670,0.151494,0.218494,0.152413,0.180870,0.097873,0.101980,0.240520,0.029682,0.216932,0.188592,0.196496,0.107687,0.176561,0.198809,0.165306,0.181591,0.184968,0.068507,0.139689,0.077830,-0.068390,0.141835,-0.021229,0.023057,0.158045,0.245666,0.313152,0.191807,0.092970,0.237270,0.138239,0.125082,0.221110,0.261335,0.145967,0.095160,0.206721,0.106762,0.165837,0.164615,0.004755,0.283474,0.096485,0.093658,0.069959,0.158532,0.012427,0.217569,0.127955,0.003416,0.285278,0.058873,0.260396,0.168931,0.131501,0.088065,0.046974,0.095135,0.202347,0.116628,0.125603,0.131120,0.183436,0.191984,0.141312,0.261369,0.202157,0.027008,0.205853,0.019983,0.118976,#
18,0.226362,-0.029139,0.086094,0.283928,0.199295,-0.059185,0.127949,0.102923,0.097886,0.054385,0.094506,0.172733,0.207003,0.172481,0.183737,0.103521,0.100770,0.083211,1.000000,0.176176,0.176459,0.145359,0.137417,0.278070,0.160195,0.112289,0.020428,0.240014,0.068262,0.105047,-0.011410,0.013518,0.163888,0.153540,0.226330,0.218507,0.188985,0.101320,0.099624,0.269865,0.110021,0.083187,0.125694,0.140563,0.236437,0.054327,0.147435,0.063959,-0.028237,0.169490,0.135388,0.031069,0.216680,0.138190,0.099089,0.154917,0.083606,0.119641,0.076392,0.089651,0.079953,0.037647,0.202386,0.008026,0.219157,0.088429,0.179083,0.153087,-0.090001,0.033869,0.085128,0.002583,0.089911,0.044160,0.120654,0.116669,0.122749,0.137121,0.174766,0.089451,0.124225,0.032828,0.134392,0.195533,0.123450,0.021460,0.181801,0.080136,0.142046,0.075741,0.229177,0.029337,0.031600,0.163974,0.148310,0.197804,0.264109,0.111373,0.117014,0.218598,0.132781,0.167760,0.132254,0.161609,0.256897,0.159681,0.107836,0.041362,0.133234,0.114215,0.173302,0.138114,0.202598,0.149404,0.065196,0.072132,0.059236,-0.139842,0.050124,0.141462,0.122391,0.199261,0.141186,-0.037492,0.151007,-0.034654,0.144462,0.107644,0.233377,0.076341,0.075848,0.214765,0.025791,0.153043,0.145021,0.029289,0.035407,0.167112,0.016937,0.095424,0.065027,0.094228,0.154077,0.143077,0.077712,0.232413,0.094956,0.051941,0.066944,0.044361,0.014772,0.217064,0.089322,0.107273,0.078068,0.208064,0.176717,0.130300,0.047937,0.290341,0.153968,0.108854,0.160605,0.106900,0.113121,0.245718,0.203218,0.100245,0.017854,0.157207,-0.002345,0.170202,0.225599,0.049828,-0.043229,0.174816,0.206498,0.193041,0.142652,0.064666,0.077663,0.094680,0.158299,0.052425,0.072080,0.014736,0.252850,0.089144,0.054660,0.084147,0.139648,0.154799,0.135863,0.153097,0.216929,0.090739,0.026680,0.206257,0.216366,0.054224,#
19,0.270349,0.138945,0.190763,0.222087,0.361991,0.257980,0.069752,0.189083,0.198520,0.326535,0.162528,0.034374,0.290667,0.194396,0.293763,0.186047,0.324110,0.206653,0.176176,1.000000,0.194113,0.119621,0.235733,0.237075,0.082412,0.215000,0.309477,0.096662,0.171514,0.290008,0.169525,0.242209,0.176290,0.196047,0.139252,0.242114,0.127508,-0.006567,0.303991,0.234090,0.174035,0.167748,0.087539,0.122329,0.165671,0.257932,0.305518,0.245120,0.154176,0.183676,0.143298,0.171131,0.135423,0.304373,0.196107,0.276813,0.254354,0.068329,0.209210,0.102342,0.247372,0.321095,0.262626,0.205082,0.337807,0.142504,0.095818,0.297133,0.060694,0.193199,0.268320,0.184623,0.245120,0.127514,0.245758,0.345341,0.167901,0.271020,0.404503,0.143470,0.243388,0.199123,0.215426,0.189494,0.272518,0.128430,0.173530,0.320227,0.221026,0.021867,0.117498,0.169971,0.272133,0.129884,0.129211,0.250609,0.241418,0.206571,0.096117,0.156228,0.206344,0.198078,0.218757,0.220468,0.222379,0.311340,0.216174,0.313350,0.151896,0.041234,0.088773,0.183560,0.212340,0.242134,0.250646,0.166881,0.281896,0.242978,0.136929,-0.024039,0.238469,0.344835,0.311853,0.262642,0.362563,0.094420,0.305748,0.182129,0.144762,0.311396,0.121422,0.096564,0.221371,0.211577,0.289565,0.222151,0.123908,0.296113,0.158835,0.090195,0.069111,0.219220,0.241123,0.126242,0.158779,0.209480,0.133558,0.172429,0.251689,0.095171,0.177401,0.275089,0.149955,0.238061,0.257456,0.247391,0.224150,0.135362,0.248454,0.226934,0.299184,0.265861,0.228411,0.187188,0.237150,0.234345,0.102006,0.153685,0.249533,0.120155,0.201421,0.296730,0.327715,0.216475,0.172568,0.191187,0.301405,0.298375,0.165369,0.102219,-0.006970,0.306822,0.272621,0.249791,0.274644,0.180918,0.168619,0.196845,0.223309,0.179857,0.307180,0.234773,0.066854,0.229901,0.213719,0.294966,0.072118,0.180708,0.247482,0.255941,#
20,0.139631,-0.034194,0.266429,0.169425,0.354564,0.102805,0.260504,0.112934,0.080348,0.162313,0.050168,0.092308,0.151029,0.171773,0.203606,0.070366,0.278287,0.253552,0.176459,0.194113,1.000000,0.161723,0.089012,0.188597,0.159790,0.248917,0.160207,-0.010876,0.113442,0.142931,0.055423,0.045801,0.165091,0.229739,0.116724,0.257239,0.228982,0.042440,0.212722,0.212346,0.128789,0.295987,0.048782,0.032127,0.224380,0.152079,0.331862,-0.019934,0.039542,0.115396,0.025723,0.115147,0.170448,0.263334,0.205536,0.150074,0.191129,0.174790,0.184288,0.026690,0.196208,0.164284,0.221643,0.080081,0.172651,0.064098,0.105209,0.168996,0.199596,0.252202,0.264092,0.210545,0.143760,0.128244,0.095857,0.010076,0.128573,0.239632,0.190594,0.059948,0.196453,0.214493,0.211969,0.070952,0.138616,0.124349,0.202650,0.155328,0.189873,0.086864,0.204677,0.179299,0.165883,0.192676,0.227879,0.082622,0.180806,0.249560,0.235726,0.061620,0.156260,0.069449,0.203296,0.111456,0.127386,0.113972,0.126419,0.126833,0.087094,0.262960,0.179426,0.234285,0.117441,0.089398,0.190725,0.209417,0.263943,0.132750,-0.021441,0.209455,0.175230,0.222704,0.122875,0.133021,0.134326,0.103828,0.220681,0.112736,0.260649,0.213354,0.241392,0.126288,0.160504,0.157382,0.224086,0.124814,0.123467,0.105111,0.194282,0.112728,0.114736,0.166698,0.149373,0.166813,0.184277,0.176635,0.039396,0.133131,0.201639,0.174785,0.198191,0.119161,0.036587,0.208674,0.143041,0.135374,0.164633,0.015566,0.174092,0.312070,0.119451,0.274887,0.212590,0.199627,0.173196,0.087998,-0.001521,0.177424,0.159552,0.049666,0.245209,0.159022,0.153228,0.018332,0.049875,0.118226,0.095879,0.134939,0.320656,0.142979,0.057732,0.153890,0.070035,0.105969,0.132717,-0.034503,0.167961,0.223237,0.116809,0.269149,-0.020310,0.118824,0.166858,0.229368,0.193401,0.085586,0.056777,0.199651,0.201193,0.202938,#
21,0.107529,0.142364,0.193478,0.170541,0.136660,0.002439,0.136119,0.167493,0.180328,0.100195,0.035986,0.115734,0.088946,0.145285,0.083022,0.081203,0.180895,0.088623,0.145359,0.119621,0.161723,1.000000,0.075038,0.111343,0.093370,0.077486,0.165124,0.066527,0.160836,0.108743,0.119660,0.133865,0.141254,0.192554,0.046957,0.256129,0.291521,0.222899,0.288632,0.150830,-0.009639,0.184072,0.079982,0.122549,0.123138,0.128231,0.162400,0.203364,0.015279,0.037290,0.119662,0.079643,-0.020657,0.046362,0.169327,0.090665,0.107658,0.068909,0.044192,0.013117,0.152853,0.016070,0.180972,0.099221,0.304119,0.156333,0.028213,0.180695,0.199738,0.180277,0.278059,0.147926,0.288283,0.245500,0.112390,0.130370,-0.016506,0.094760,0.030756,0.138496,0.161288,0.098311,0.084951,-0.063117,0.200117,-0.017637,0.160993,0.047226,0.112316,0.211510,0.042433,-0.013090,0.018963,0.080627,0.169729,0.120568,0.179883,0.102041,-0.023462,0.143182,0.256259,0.201959,0.081629,0.056220,0.071291,0.210598,0.122518,-0.005522,0.143298,0.160780,0.142327,0.154769,0.027737,0.132988,0.122054,0.219313,0.252096,0.060933,0.023260,0.142954,0.126901,0.205958,0.114005,0.224860,0.142117,-0.017960,0.137644,0.146789,0.085470,0.078897,0.136424,0.133365,0.314442,0.111747,0.131496,0.051471,0.003071,0.047418,0.087625,0.219184,0.080660,0.195686,0.149971,0.150464,0.155895,0.255348,0.126305,0.120574,0.132024,0.007729,0.129282,0.018366,0.074435,0.078685,0.220874,0.186400,-0.003896,0.041247,0.031793,0.115937,0.122907,0.294055,0.186948,0.126884,0.151104,0.047088,0.103258,0.142264,0.048648,0.192641,0.075367,0.117583,0.130703,0.080732,0.052445,0.234385,0.126264,0.161615,0.055020,0.074100,-0.019801,0.194631,-0.047772,0.110312,0.044739,0.127498,0.134289,0.138244,0.118263,0.153042,0.217001,0.030584,0.232804,0.167745,0.274274,0.149466,0.130052,0.193941,0.163775,0.086055,#
