0,1.000000,0.191875,0.243030,0.242940,0.275643,0.172118,0.138657,0.138502,0.240796,0.212573,0.260343,0.168976,0.141316,0.070116,0.313328,0.297159,0.293347,0.344745,0.294311,0.366091,0.221814,0.183002,0.251228,0.392209,0.235045,0.192711,0.247370,0.104693,0.234148,0.290174,0.117270,0.242793,0.178612,0.198692,0.148128,0.274457,0.172238,0.158109,0.313158,0.288452,0.216452,0.209089,0.260129,0.197030,0.084761,0.181696,0.165684,0.279661,0.210872,0.327743,0.210969,0.205025,0.168118,0.222712,0.293923,0.242185,0.264786,0.263006,0.187937,0.204998,0.280077,0.193472,0.231895,0.133659,0.168954,0.182993,0.217690,0.235005,0.214549,0.247132,0.226036,0.143685,0.354779,0.231982,0.164629,-0.004717,0.300280,0.318738,0.219354,0.094116,0.200935,0.159035,0.163374,0.246013,0.358747,0.161693,0.316613,0.226194,0.367644,0.170039,0.181603,0.091157,0.243495,0.198396,0.292419,0.331119,0.301110,0.102577,0.258507,0.264723,0.273045,0.235276,0.129934,0.270619,0.218420,0.245839,0.350648,0.224113,0.220819,0.063491,0.106752,0.197521,0.174098,0.277330,0.186139,0.229067,0.235455,0.181365,0.136814,0.127258,0.300625,0.234970,0.297391,0.228449,0.282000,0.298653,0.259034,0.101020,0.126140,0.269138,0.262479,0.171988,0.292441,0.171323,0.238242,0.211774,0.295060,0.157236,0.115098,0.297465,0.275029,0.217127,0.157104,0.220979,0.229900,0.195678,0.152785,0.129159,0.290766,0.143958,0.023800,0.183703,0.241412,0.133365,0.198170,0.233744,0.217678,0.206433,0.209270,0.248666,0.259876,0.374390,0.141298,0.082602,0.175886,0.198148,0.212617,0.222673,0.264712,0.206217,0.277124,0.055896,0.304865,0.238278,0.051766,0.290003,0.363376,0.265568,0.191276,0.145201,0.192549,0.318064,0.097350,0.098696,0.161688,0.152058,0.223904,0.385942,0.312507,0.114271,0.219536,0.289528,0.121915,0.171795,0.343828,0.132684,0.115854,0.232503,0.356941,0.302960,#
1,0.191875,1.000000,0.248492,0.281855,0.292148,0.224000,0.300500,0.271958,0.339317,0.232264,0.418238,0.336775,0.203273,0.207166,0.163641,0.145286,0.217643,0.277368,0.172513,0.268331,0.158283,0.234891,0.169486,0.229595,0.279102,0.253779,0.242152,0.319110,0.094712,0.276063,0.288135,0.273217,0.204911,0.268921,0.112879,0.222800,0.122827,0.171293,0.354833,0.207406,0.177214,0.192238,0.346728,0.222616,0.210401,0.264314,0.391657,0.224258,0.189997,0.175687,0.274707,0.222630,0.318431,0.266945,0.233103,0.303445,0.230687,0.190399,0.259121,0.261621,0.221303,0.267629,0.278536,0.197332,0.173091,0.335234,0.196609,0.309062,0.310206,0.256011,0.251204,0.217067,0.391354,0.199191,0.266914,0.165437,0.258220,0.283258,0.384048,0.209675,0.182882,0.379735,0.222497,0.259049,0.314158,0.069408,0.327606,0.269878,0.285001,0.210385,0.212329,0.310692,0.172637,0.247434,0.167833,0.249035,0.196101,0.168647,0.202484,0.171418,0.287618,0.176759,0.201013,0.211193,0.171787,0.231725,0.293879,0.334468,0.206114,0.222314,0.264029,0.259492,0.167786,0.228605,0.292319,0.399163,0.289340,0.166710,0.234628,0.203170,0.109485,0.279762,0.324136,0.299474,0.271110,0.238907,0.187327,0.222353,0.236852,0.249613,0.162733,0.257693,0.229577,0.289889,0.418214,0.300000,0.267732,0.289376,0.176570,0.305315,0.274308,0.168337,0.182178,0.257529,0.350468,0.164826,0.177384,0.134501,0.295478,0.184345,0.214069,0.222949,0.152284,0.045715,0.320407,0.287416,0.197227,0.243157,0.108822,0.080491,0.100877,0.333407,0.271356,0.285328,0.282532,0.207918,0.192816,0.120799,0.233611,0.376055,0.270442,0.265490,0.211581,0.178021,0.239698,0.262989,0.175067,0.302715,0.259409,0.145927,0.216812,0.205940,0.294223,0.131317,0.295466,0.205748,0.167732,0.103759,0.281302,0.331022,0.343408,0.299853,0.102745,0.218706,0.263692,0.249072,0.054237,0.290816,0.161931,0.281058,#
2,0.243030,0.248492,1.000000,0.320432,0.301313,0.188948,0.251271,0.288956,0.158085,0.227617,0.297224,0.401351,0.176164,0.306202,0.144446,0.277334,0.197458,0.213276,0.213097,0.278302,0.333025,0.330648,0.175815,0.232941,0.286684,0.359993,0.323844,0.162675,0.117274,0.301881,0.187592,0.154592,0.169251,0.186992,0.111078,0.227685,0.227099,0.139105,0.247253,0.150460,0.304873,0.253849,0.325524,0.121507,0.132928,0.301570,0.228877,0.223821,0.118881,0.238031,0.285141,0.356186,0.262853,0.205530,0.127961,0.230046,0.190729,0.204768,0.232777,0.290821,0.231670,0.201228,0.210298,0.195690,0.326640,0.293161,0.213329,0.148868,0.282664,0.299093,0.218001,0.200851,0.205929,0.204053,0.312270,0.187705,0.237286,0.270090,0.232768,0.181008,0.315151,0.138412,0.165574,0.125725,0.325114,0.152645,0.361552,0.261313,0.242411,0.180115,0.139605,0.280729,0.287343,0.235484,0.234323,0.238730,0.249891,0.155958,0.275168,0.188873,0.308664,0.236828,0.125706,0.269911,0.190695,0.292529,0.329201,0.331161,0.211670,0.259007,0.260234,0.274905,0.306517,0.237392,0.205182,0.364225,0.215406,0.237025,0.012840,0.132408,0.215826,0.255547,0.201209,0.214444,0.264945,0.153639,0.310443,0.223149,0.200588,0.249837,0.139456,0.290558,0.274992,0.187058,0.347939,0.277482,0.258048,0.247428,0.078766,0.112124,0.183413,0.199730,0.236048,0.186521,0.406066,0.196820,0.077023,0.174227,0.267875,0.135265,0.157835,0.319130,0.297487,0.228641,0.185138,0.160617,0.152772,0.105296,0.208108,0.198198,0.186003,0.337977,0.291973,0.278342,0.239667,0.227225,0.193299,0.158998,0.102726,0.185185,0.157229,0.363886,0.180594,0.150963,0.212602,0.206907,0.316475,0.255242,0.091053,0.188658,0.292887,0.235313,0.110937,0.295811,0.071027,0.239443,0.146218,0.123885,0.310686,0.156346,0.199388,0.284524,0.339057,0.170550,0.258270,0.088502,0.060841,0.271403,0.305806,0.310502,#
3,0.242940,0.281855,0.320432,1.000000,0.325128,0.225904,0.348490,0.322043,0.345254,0.246625,0.308699,0.363582,0.203743,0.260791,0.288688,0.280407,0.282544,0.395720,0.323443,0.300790,0.335164,0.277072,0.277772,0.422203,0.328374,0.330924,0.317974,0.233299,0.313907,0.333716,0.351181,0.359327,0.418193,0.348252,0.082757,0.343929,0.327488,0.399427,0.437820,0.240683,0.293350,0.415792,0.302620,0.401676,0.207993,0.326760,0.276990,0.298517,0.108184,0.345672,0.354454,0.291587,0.327037,0.210950,0.225599,0.396217,0.307762,0.309130,0.251456,0.361246,0.290660,0.196295,0.281046,0.213297,0.415798,0.292188,0.269824,0.238292,0.167410,0.372483,0.294963,0.195048,0.395211,0.219826,0.310898,0.297621,0.355497,0.319946,0.339625,0.203110,0.370780,0.351047,0.310205,0.219160,0.376427,0.235166,0.345932,0.197169,0.375291,0.334437,0.330844,0.275596,0.309492,0.345717,0.251881,0.333807,0.349343,0.172707,0.325351,0.224680,0.386022,0.201276,0.274342,0.280021,0.405319,0.279740,0.380755,0.351442,0.171333,0.213024,0.293775,0.217591,0.290578,0.286175,0.241980,0.274726,0.304262,0.247229,0.209764,0.193251,0.318035,0.318551,0.295665,0.381981,0.282620,0.240313,0.353423,0.313525,0.179592,0.314775,0.295421,0.369954,0.376462,0.327735,0.343781,0.361134,0.178468,0.266008,0.303102,0.253658,0.282236,0.374192,0.279348,0.258989,0.324910,0.265120,0.302051,0.379376,0.242087,0.285734,0.193421,0.230646,0.191786,0.256945,0.302875,0.226928,0.198035,0.293913,0.320135,0.315285,0.277394,0.350856,0.349721,0.348531,0.292689,0.267783,0.305591,0.264554,0.215212,0.293004,0.324469,0.204479,0.220130,0.170574,0.203064,0.345048,0.306911,0.344109,0.138786,0.252729,0.279102,0.389568,0.334294,0.188075,0.114446,0.202617,0.213335,0.247832,0.183117,0.258617,0.269637,0.369535,0.360561,0.274339,0.290323,0.284597,0.283126,0.339462,0.284048,0.227863,#
4,0.275643,0.292148,0.301313,0.325128,1.000000,0.277113,0.200905,0.255800,0.339163,0.191958,0.199314,0.265078,0.278370,0.263391,0.239661,0.266656,0.208917,0.294464,0.258707,0.422634,0.363322,0.192976,0.257872,0.351318,0.219483,0.383688,0.184663,0.165438,0.295756,0.180731,0.175619,0.260915,0.289365,0.262365,0.114349,0.270040,0.351988,0.219265,0.289027,0.239948,0.294377,0.345237,0.252889,0.204219,0.374709,0.287457,0.410216,0.249107,0.197813,0.285087,0.205233,0.232274,0.217550,0.329495,0.345770,0.388214,0.255204,0.260067,0.311023,0.290414,0.374980,0.328852,0.153310,0.099571,0.214922,0.204128,0.244019,0.238859,0.214937,0.251021,0.287515,0.267816,0.356311,0.231830,0.238926,0.053654,0.251350,0.325123,0.307404,0.166882,0.334919,0.323162,0.159370,0.141108,0.438235,0.188536,0.300685,0.265998,0.342563,0.310645,0.280012,0.167997,0.244108,0.240169,0.241505,0.327214,0.249833,0.230889,0.220438,0.225559,0.291701,0.156807,0.256386,0.318920,0.252627,0.270044,0.184568,0.342565,0.177944,0.273963,0.345408,0.263632,0.306436,0.415722,0.228731,0.207261,0.283950,0.115032,0.134496,0.064219,0.174799,0.278209,0.280857,0.217074,0.373545,0.150548,0.331322,0.209790,0.241341,0.251996,0.250824,0.185453,0.330801,0.273370,0.362534,0.333617,0.221475,0.108047,0.222699,0.207596,0.345139,0.125347,0.271048,0.242117,0.367454,0.364227,0.199233,0.247828,0.255285,0.232361,0.192635,0.225882,0.297538,0.360341,0.313451,0.180960,0.352460,0.250165,0.171339,0.254658,0.268051,0.280727,0.186638,0.238884,0.085865,0.318055,0.160448,0.178399,0.156423,0.251974,0.145854,0.216302,0.350356,0.224603,0.309361,0.282324,0.332326,0.339810,0.156120,0.171901,0.173452,0.151582,0.310127,0.226860,0.128132,0.217888,0.072132,0.331532,0.285601,0.314091,0.158154,0.284714,0.188634,0.203659,0.218441,0.325200,0.217419,0.350025,0.289504,0.359913,#
5,0.172118,0.224000,0.188948,0.225904,0.277113,1.000000,0.141411,0.248280,0.236326,0.297131,0.237520,0.192583,0.276929,0.151554,0.229884,0.189094,0.246037,0.272171,0.106587,0.217673,0.257408,0.114496,0.248596,0.296741,0.271855,0.209860,0.256752,0.239848,0.261116,0.254747,0.232503,0.295057,0.348772,0.231173,0.029258,0.193177,0.261919,0.066929,0.234471,0.225356,0.257436,0.283743,0.159890,0.358711,0.136601,0.231956,0.226698,0.089409,0.209862,0.227167,0.266147,0.253546,0.186134,0.110304,0.162921,0.288473,0.100463,0.193832,0.382061,0.192924,0.169811,0.243055,0.200230,0.104456,0.291957,0.254585,0.228630,0.185290,0.226729,0.118167,0.221013,0.193393,0.295826,0.245047,0.212608,0.178889,0.263787,0.275834,0.272012,0.256421,0.187507,0.250579,0.310474,0.080866,0.170527,0.163656,0.206777,0.204851,0.292981,0.098198,0.092732,0.277598,0.268830,0.311460,0.175015,0.237303,0.131995,0.175347,0.296218,0.131057,0.196933,0.236906,0.113976,0.229229,0.153788,0.232797,0.210135,0.320221,0.203530,0.174827,0.288112,0.263855,0.202509,0.176563,0.236160,0.195330,0.257754,0.257494,0.090196,0.126938,0.071857,0.268541,0.143571,0.254535,0.139639,0.088781,0.165567,0.036737,0.253462,0.296057,0.261439,0.282904,0.317924,0.223321,0.395187,0.309906,0.163425,0.174843,0.155832,0.039207,0.229097,0.221356,0.184238,0.254429,0.306488,0.166260,0.129168,0.144533,0.131722,0.187685,0.185830,0.101039,0.234992,0.235972,0.191836,0.222115,0.272292,0.128213,0.282526,0.064389,0.236555,0.237076,0.249508,0.166895,0.192623,0.111800,0.094365,0.241443,0.258676,0.305431,0.302113,0.261176,0.253098,0.157432,0.088407,0.231477,0.304606,0.298038,0.241881,0.116477,0.264452,0.199785,0.362650,0.165401,0.170367,0.272460,0.199619,0.170423,0.188602,0.199126,0.224702,0.194118,0.179873,0.158177,0.295417,0.124172,0.044532,0.313418,0.173022,0.299983,#
6,0.138657,0.300500,0.251271,0.348490,0.200905,0.141411,1.000000,0.179203,0.254187,0.084999,0.188306,0.229692,0.090709,0.253001,0.121893,0.206377,0.197694,0.255901,0.212844,0.208795,0.223226,0.190180,0.045082,0.100829,0.140721,0.208690,0.140208,0.112612,0.174826,0.230190,0.114914,0.189813,0.143467,0.160059,-0.030815,0.158090,0.104939,0.175798,0.210152,0.246056,0.157079,0.131044,0.166582,0.164603,0.176882,0.180274,0.250172,0.194881,0.158926,0.233198,0.102134,0.197374,0.199678,0.220305,0.060954,0.176871,0.131744,0.231405,0.260648,0.288467,0.265455,0.138754,0.118132,0.127109,0.204457,0.380602,0.223587,0.227977,0.210138,0.201019,0.177674,0.177838,0.228380,0.139848,0.251267,0.154522,0.186694,0.218827,0.312935,0.086914,0.215213,0.196760,0.268618,0.064435,0.275458,0.172402,0.165495,0.208140,0.188537,0.161040,0.203008,0.091740,0.144699,0.175617,0.159058,0.188831,0.202889,0.131518,0.226202,0.277383,0.214280,0.244004,0.190441,0.114017,-0.032284,0.241412,0.187370,0.204033,0.133285,0.179877,0.227285,0.251973,0.140570,0.034282,0.152410,0.200351,0.320321,0.093707,0.153780,0.087917,0.182168,0.229971,0.133549,0.153741,0.206569,0.142670,0.098103,0.207103,0.085465,0.258184,0.159275,0.130212,0.254334,0.100275,0.295553,0.219972,0.144159,0.170222,0.169143,0.193413,0.138217,0.090718,0.107536,0.216503,0.140764,0.227398,0.131680,0.096142,0.222943,-0.036743,0.282547,0.058766,0.206548,0.082198,0.296804,0.117050,0.044071,0.281473,0.180344,0.086761,0.042503,0.313510,0.226414,0.217580,0.245991,0.185863,0.152550,0.159711,0.148196,0.184487,0.064970,0.124223,0.170777,0.110235,0.199391,0.221048,0.114131,0.248715,0.232724,0.037524,0.090568,0.174448,0.226777,0.257285,0.224980,0.195461,0.094509,0.191496,0.198722,0.283826,0.168161,0.210982,0.178742,0.268444,0.093487,0.087579,0.130063,0.249905,0.150710,0.293739,#
7,0.138502,0.271958,0.288956,0.322043,0.255800,0.248280,0.179203,1.000000,0.333582,0.281966,0.325935,0.431109,0.169672,0.271145,0.312012,0.266153,0.258661,0.373324,0.183817,0.300281,0.271964,0.246800,0.296106,0.239444,0.362365,0.247454,0.314169,0.345871,0.240958,0.214649,0.246228,0.291034,0.323081,0.251015,0.103952,0.300123,0.153286,0.147105,0.336690,0.283909,0.226714,0.272708,0.267262,0.300393,0.275144,0.327987,0.299065,0.272867,0.235265,0.309339,0.367123,0.281104,0.208489,0.314876,0.202045,0.276604,0.266061,0.337163,0.268158,0.326290,0.307772,0.205000,0.273263,0.189610,0.365733,0.291879,0.253164,0.215256,0.249510,0.440781,0.232059,0.123746,0.444969,0.233394,0.274870,0.232635,0.226933,0.340842,0.361420,0.399456,0.308963,0.263056,0.303367,0.239674,0.347170,0.249963,0.319938,0.119269,0.323422,0.309663,0.182902,0.210764,0.299001,0.293664,0.193545,0.219794,0.172384,0.236344,0.224388,0.153993,0.300633,0.206747,0.238457,0.273265,0.165118,0.396984,0.353873,0.225779,0.248278,0.270957,0.208340,0.206151,0.194355,0.243466,0.438042,0.343516,0.157809,0.172485,0.185345,0.305481,0.251420,0.364123,0.196444,0.343945,0.313957,0.204045,0.333292,0.316819,0.196043,0.190043,0.155940,0.230655,0.361941,0.267200,0.460622,0.340183,0.103107,0.410033,0.254640,0.251937,0.349815,0.210165,0.167975,0.229774,0.345932,0.229089,0.275946,0.233105,0.237061,0.243161,0.240972,0.354172,0.169219,0.219743,0.127463,0.338617,0.296495,0.309400,0.245858,0.315484,0.204455,0.310648,0.272613,0.252822,0.149396,0.274926,0.336318,0.166242,0.241944,0.289866,0.229957,0.235697,0.314511,0.212349,0.268303,0.230567,0.209338,0.253186,0.086578,0.330073,0.301892,0.284010,0.226386,0.239683,0.038231,0.288512,0.125785,0.132043,0.233145,0.344526,0.274575,0.235601,0.278610,0.213713,0.217098,0.248401,0.101083,0.288574,0.321034,0.300677,#
8,0.240796,0.339317,0.158085,0.345254,0.339163,0.236326,0.254187,0.333582,1.000000,0.225387,0.302949,0.267579,0.216532,0.261323,0.335579,0.282321,0.132795,0.225850,0.193555,0.301494,0.224700,0.249436,0.200904,0.305279,0.175663,0.261813,0.194743,0.288010,0.145829,0.316692,0.156731,0.251506,0.204860,0.248807,0.147659,0.301219,0.292089,0.151291,0.259992,0.280099,0.192425,0.280573,0.146774,0.218958,0.338831,0.231940,0.225521,0.197299,0.173567,0.242728,0.208836,0.365391,0.124393,0.395589,0.237905,0.372809,0.210192,0.292043,0.210244,0.330271,0.340605,0.141350,0.353350,0.046812,0.314591,0.345180,0.270543,0.215666,0.353390,0.275420,0.210187,0.183901,0.385680,0.199145,0.244011,0.159922,0.230834,0.241511,0.279305,0.183913,0.287086,0.340354,0.255102,0.080871,0.352241,0.168247,0.225709,0.216056,0.272009,0.303143,0.191247,0.229627,0.252799,0.207950,0.368343,0.370961,0.287593,0.185607,0.207610,0.142604,0.298869,0.129045,0.209790,0.247710,0.309538,0.233764,0.325584,0.215189,0.133887,0.240948,0.122334,0.206482,0.062826,0.238826,0.312231,0.388136,0.239724,0.152339,0.111032,0.265013,0.287456,0.254847,0.227455,0.255024,0.292558,0.318427,0.246610,0.372706,0.139397,0.285543,0.206472,0.119774,0.349446,0.231409,0.412357,0.332393,0.183566,0.259132,0.272442,0.199347,0.291949,0.247795,0.314282,0.200012,0.223170,0.249710,0.266065,0.297166,0.238507,0.215533,0.289060,0.131604,0.205190,0.297548,0.391896,0.356064,0.221510,0.302392,0.208428,0.308218,0.125373,0.279590,0.166575,0.254094,0.244963,0.262482,0.276685,0.117802,0.248128,0.239894,0.263153,0.166490,0.212806,0.190937,0.234289,0.261886,0.158889,0.348668,0.241321,0.222616,0.238482,0.219363,0.120922,0.315015,0.223681,0.236591,0.071978,0.097164,0.255658,0.263135,0.249881,0.220194,0.210902,0.185991,0.307032,0.176267,0.162662,0.154062,0.245098,0.205260,#
9,0.212573,0.232264,0.227617,0.246625,0.191958,0.297131,0.084999,0.281966,0.225387,1.000000,0.359041,0.194574,0.150941,0.139544,0.257139,0.290040,0.139775,0.171560,0.124962,0.304429,0.217146,0.136342,0.212365,0.224683,0.178644,0.152572,0.280618,0.231442,0.219243,0.197889,0.351686,0.263089,0.152533,0.257605,0.247565,0.239814,0.089929,0.224497,0.244270,0.121144,0.315333,0.240696,0.183982,0.043901,0.143227,0.293244,0.194630,0.158812,0.091615,0.157194,0.230036,0.311557,0.174855,0.181408,0.166574,0.309579,0.250679,0.266085,0.227478,0.136815,0.240984,0.209390,0.318811,0.186391,0.312053,0.284025,0.137752,0.144451,0.207018,0.088763,0.322350,0.249581,0.283957,0.175338,0.208058,0.227435,0.201787,0.204327,0.352869,0.287352,0.160956,0.320799,0.092223,0.089467,0.328490,0.190391,0.308608,0.236843,0.115870,0.005334,0.068772,0.298560,0.218105,0.134803,0.217929,0.196961,0.315688,0.254298,0.207095,0.008075,0.195517,0.211411,0.387386,0.160211,0.301099,0.190346,0.206631,0.151156,0.232717,0.106936,0.188620,0.234281,0.234836,0.334959,0.156067,0.278059,0.191088,0.208659,0.287318,0.034177,0.245473,0.351405,0.176415,0.300641,0.168892,0.195779,0.035598,0.256420,0.207143,0.265962,0.185688,0.198990,0.196775,0.256492,0.279714,0.207604,0.209574,0.300440,0.145013,0.039161,0.141266,0.291135,0.195072,0.199381,0.221307,0.104272,0.173933,0.220103,0.143788,0.286143,0.170941,0.055386,0.336912,0.254714,0.217247,0.265733,0.278017,0.273439,0.321203,0.123348,0.217719,0.177667,0.135640,0.349232,0.214405,0.112444,0.204479,0.184914,0.366720,0.194155,0.202847,0.216717,0.211143,0.201687,0.134612,0.303521,0.263104,0.164138,0.110509,0.196675,0.138719,0.157445,0.309162,0.174209,0.098091,0.206615,0.118430,0.155824,0.360227,0.257399,0.201671,0.199904,0.131906,0.201143,0.216410,0.206816,0.128209,0.174818,0.208352,0.203430,#
10,0.260343,0.418238,0.297224,0.308699,0.199314,0.237520,0.188306,0.325935,0.302949,0.359041,1.000000,0.205109,0.067865,0.216303,0.268330,0.186084,0.221566,0.268316,0.279934,0.305135,0.182640,0.143741,0.050848,0.233335,0.259815,0.165769,0.238627,0.303448,0.107731,0.263122,0.229418,0.276209,0.248267,0.176760,0.148499,0.280227,0.109379,0.212656,0.339688,0.173065,0.254241,0.181976,0.221863,0.101864,0.080440,0.186652,0.262908,0.236758,0.251318,0.299350,0.176875,0.309150,0.191816,0.239679,0.178578,0.299953,0.119811,0.188980,0.251601,0.268891,0.143363,0.254656,0.236960,0.285695,0.306019,0.328735,0.298450,0.173751,0.209041,0.193322,0.164522,0.241748,0.332248,0.188356,0.194156,0.214704,0.236806,0.175736,0.263930,0.162419,0.222764,0.273515,0.263179,0.191777,0.322859,0.080113,0.309306,0.222072,0.230690,0.234864,0.101274,0.193280,0.266225,0.196347,0.247352,0.332442,0.216219,0.073841,0.319674,0.156469,0.190487,0.147261,0.216024,0.185640,0.298042,0.102783,0.286832,0.296856,0.173949,0.179437,0.139781,0.244862,0.164324,0.217057,0.355018,0.405469,0.188986,0.120082,0.187165,0.092444,0.157282,0.296024,0.162696,0.235489,0.198642,0.129797,0.201977,0.268825,0.197816,0.285865,0.276091,0.187219,0.264158,0.162327,0.290013,0.292120,0.150606,0.418201,0.111716,0.201507,0.330024,0.198583,0.202467,0.199841,0.253715,0.133014,0.021075,0.087699,0.183951,0.221675,0.157069,0.241130,0.314137,0.147123,0.250312,0.243840,0.309247,0.073555,0.244761,0.184293,0.233450,0.246647,0.344452,0.269629,0.230554,0.185928,0.327285,0.173187,0.250960,0.279258,0.285870,0.176552,0.130267,0.229018,0.198561,0.127707,0.223470,0.299752,0.159396,0.247813,0.221651,0.171620,0.315916,0.135162,0.208834,0.180919,0.105243,0.057949,0.247466,0.208167,0.308370,0.219835,0.194985,0.150249,0.307504,0.139041,0.044949,0.293219,0.284943,0.407752,#
11,0.168976,0.336775,0.401351,0.363582,0.265078,0.192583,0.229692,0.431109,0.267579,0.194574,0.205109,1.000000,0.191469,0.224002,0.112905,0.193475,0.213854,0.332408,0.229319,0.087484,0.236080,0.291654,0.119367,0.244355,0.351083,0.370729,0.121366,0.334441,0.040294,0.334700,0.293997,0.311409,0.254118,0.294888,0.121444,0.260246,0.256744,0.181504,0.251893,0.244923,0.214244,0.295550,0.356448,0.324000,0.125886,0.367490,0.272912,0.166188,0.189514,0.163153,0.327201,0.291317,0.244800,0.389106,0.089732,0.237510,0.236951,0.319846,0.273667,0.219483,0.238983,0.200290,0.299476,0.174284,0.312887,0.374948,0.291316,0.320878,0.269339,0.327070,0.180972,0.142037,0.371316,0.185941,0.208447,0.175294,0.250513,0.246233,0.289927,0.251393,0.307729,0.255941,0.286580,0.175455,0.386674,0.097066,0.308805,0.304295,0.294747,0.140501,0.217681,0.283192,0.368489,0.437083,0.194434,0.270607,0.134891,0.164042,0.288409,0.310870,0.299315,0.213621,0.191572,0.237764,0.180066,0.376087,0.325021,0.328478,0.285346,0.210722,0.299439,0.257503,0.260299,0.270631,0.084524,0.441996,0.253647,0.199040,0.076128,0.244570,0.185042,0.322041,0.344667,0.267320,0.311904,0.167070,0.249670,0.305746,0.263226,0.247983,0.153111,0.366046,0.320376,0.305131,0.286127,0.219123,0.031181,0.368899,0.086405,0.295193,0.223701,0.191140,0.170157,0.295582,0.307415,0.202311,0.243807,0.152802,0.218122,0.165122,0.132825,0.370289,0.204882,0.209335,0.283059,0.195510,0.201218,0.149371,0.270476,0.237343,0.225602,0.373486,0.142020,0.223238,0.212099,0.199836,0.357512,0.218698,0.302665,0.325975,0.273058,0.167808,0.192960,0.087168,0.239392,0.304920,0.317082,0.247944,0.112522,0.169075,0.320554,0.226287,0.249815,0.098318,0.055171,0.277954,0.127801,0.162178,0.207547,0.340932,0.225698,0.193059,0.357716,0.178170,0.371970,0.182945,0.208784,0.242700,0.216905,0.300131,#
12,0.141316,0.203273,0.176164,0.203743,0.278370,0.276929,0.090709,0.169672,0.216532,0.150941,0.067865,0.191469,1.000000,0.145262,0.269339,0.163551,0.309245,0.201089,0.246276,0.353091,0.233541,0.134323,0.231599,0.276448,0.132522,0.183210,0.256924,0.232275,0.209008,0.266906,0.077743,0.266501,0.298122,0.179619,0.146851,0.239228,0.226574,0.055819,0.193502,0.233654,0.300681,0.143950,0.271978,0.287338,0.276148,0.332540,0.253632,0.035689,0.197630,0.143671,0.330396,0.153012,0.142284,0.284357,0.141697,0.218601,0.104547,0.184940,0.215708,0.083496,0.218203,0.286814,0.120093,0.196989,0.350725,0.178857,0.128582,0.164006,0.230578,0.088974,0.133592,0.203918,0.251394,0.105003,0.294402,0.231006,0.246528,0.136787,0.168656,0.139221,0.221195,0.177653,0.137088,0.153391,0.244853,0.222467,0.180463,0.248444,0.294349,0.159353,0.117092,0.210249,0.173958,0.259165,0.211291,0.172672,0.388411,0.240731,0.131220,0.106681,0.203055,0.230952,0.199035,0.234165,0.284708,0.194664,0.229632,0.161860,0.097300,0.174402,0.305900,0.115450,0.178410,0.227106,0.178163,0.160297,0.244570,0.123639,0.168789,0.099967,0.221754,0.285285,0.285852,0.291477,0.183632,0.091214,0.239218,0.119165,0.084958,0.098379,0.172887,0.191619,0.181983,0.145760,0.228812,0.128125,0.201255,0.191620,0.202886,0.179209,0.223984,0.143439,0.158631,0.187252,0.136339,0.226874,0.173107,0.157591,0.171110,0.185073,0.134779,0.328368,0.132962,0.123939,0.147534,0.235700,0.174321,0.029427,0.133706,0.171599,0.124197,0.368567,0.198938,0.253026,0.210489,0.132171,0.243241,0.098056,0.146290,0.190230,0.179092,0.245398,0.203307,0.142270,0.237341,0.142221,0.206594,0.261500,0.104074,0.176559,0.184276,0.219521,0.254464,0.164204,0.161145,0.198050,0.157215,0.270005,0.125507,0.054193,0.242517,0.200112,0.206326,0.190918,0.099994,0.160852,0.136947,0.230637,0.239738,0.113409,#
13,0.070116,0.207166,0.306202,0.260791,0.263391,0.151554,0.253001,0.271145,0.261323,0.139544,0.216303,0.224002,0.145262,1.000000,0.298526,0.185822,0.253496,0.172644,0.222568,0.315452,0.246495,0.209123,0.102227,0.213955,0.192236,0.310505,0.323127,0.272009,0.204511,0.208857,0.235038,0.258041,0.293553,0.212823,0.131885,0.188121,0.125038,0.234546,0.072208,0.211779,0.160689,0.281849,0.264710,0.228484,0.220828,0.263245,0.278508,0.208428,0.209622,0.195413,0.210872,0.263246,0.235572,0.328570,0.163542,0.357056,0.159657,0.270646,0.218813,0.320767,0.312324,0.189231,0.339054,0.103667,0.236741,0.237543,0.409922,0.219953,0.380839,0.249100,0.093688,0.118832,0.274093,0.136585,0.312983,0.216023,0.309571,0.322468,0.322551,0.241895,0.298604,0.350792,0.191497,0.339557,0.333336,0.156912,0.325026,0.219489,0.298406,0.265985,0.187746,0.208854,0.326741,0.317087,0.180761,0.261970,0.206219,0.165218,0.255100,0.275417,0.304347,0.257343,0.236060,0.356736,0.229915,0.332861,0.296363,0.268299,0.319488,0.212548,0.165499,0.223817,0.340063,0.239952,0.328696,0.314937,0.271999,0.268093,0.113875,0.209276,0.310326,0.318011,0.234487,0.300708,0.275998,0.113526,0.175129,0.112188,0.272733,0.280257,0.133126,0.231370,0.203564,0.201445,0.387296,0.310147,0.254733,0.253229,0.313758,0.208299,0.088537,0.185206,0.399499,0.274013,0.321927,0.389663,0.238272,0.299419,0.108588,0.264941,0.144831,0.257597,0.195519,0.298432,0.320957,0.293159,0.121436,0.317121,0.244319,0.311126,0.174685,0.364438,0.176801,0.376643,0.237498,0.227302,0.144707,0.113526,0.220077,0.262492,0.229071,0.359327,0.216748,0.179804,0.239835,0.222993,0.142271,0.243388,0.270376,0.022826,0.201874,0.283131,0.221688,0.281531,0.163462,0.277272,0.251828,0.194040,0.133677,0.233264,0.201910,0.289534,0.241150,0.206089,0.164052,0.281350,0.209642,0.218212,0.333249,0.248339,#
14,0.313328,0.163641,0.144446,0.288688,0.239661,0.229884,0.121893,0.312012,0.335579,0.257139,0.268330,0.112905,0.269339,0.298526,1.000000,0.346044,0.215810,0.276011,0.309642,0.403236,0.273348,0.148393,0.292766,0.365097,0.278773,0.151528,0.300420,0.241506,0.295530,0.282276,0.158440,0.283344,0.198709,0.179916,0.227948,0.263254,0.242840,0.270439,0.257982,0.328168,0.246132,0.192470,0.265195,0.150462,0.293907,0.363051,0.255402,0.167575,0.141430,0.245529,0.345248,0.198503,0.244273,0.301462,0.369889,0.320169,0.301748,0.245253,0.250275,0.212433,0.329670,0.256160,0.213641,0.192383,0.299297,0.156295,0.298118,0.243162,0.208723,0.296147,0.213373,0.211727,0.234897,0.273052,0.240309,0.158334,0.297112,0.287808,0.199394,0.219787,0.284937,0.286811,0.250248,0.287352,0.362076,0.234754,0.125070,0.158518,0.259492,0.231776,0.194590,0.200294,0.354029,0.293585,0.294926,0.172717,0.308895,0.205644,0.227057,0.143963,0.268489,0.290465,0.219267,0.273892,0.312450,0.241790,0.328988,0.334965,0.113625,0.217239,0.088904,0.072533,0.210806,0.231361,0.271505,0.292522,0.169391,0.191251,0.221153,0.211419,0.414624,0.359766,0.140956,0.224499,0.256029,0.135036,0.229904,0.242244,0.108117,0.354949,0.134594,0.210934,0.304754,0.115240,0.242967,0.240757,0.138471,0.211605,0.170086,0.118618,0.288238,0.309152,0.327904,0.187914,0.145028,0.346801,0.139213,0.188713,0.110240,0.135568,0.243409,0.172177,0.114089,0.269230,0.228669,0.229099,0.290529,0.200968,0.168851,0.163844,0.175116,0.304862,0.210311,0.163542,0.263231,0.112520,0.264845,0.173840,0.140514,0.305109,0.320483,0.287426,0.265316,0.196052,0.161940,0.169921,0.350081,0.353916,0.306415,0.225417,0.243840,0.312342,0.191379,0.255109,0.180640,0.195279,0.134266,0.065446,0.142158,0.282718,0.152674,0.265669,0.219518,0.315789,0.241307,0.070712,0.057309,0.247483,0.322269,0.213345,#
15,0.297159,0.145286,0.277334,0.280407,0.266656,0.189094,0.206377,0.266153,0.282321,0.290040,0.186084,0.193475,0.163551,0.185822,0.346044,1.000000,0.327598,0.340284,0.285824,0.305329,0.187801,0.151553,0.254832,0.348423,0.240034,0.325597,0.294249,0.229684,0.254158,0.267533,0.161615,0.323784,0.206697,0.324635,0.174255,0.231782,0.218045,0.152739,0.295452,0.193781,0.335114,0.250352,0.249299,0.224783,0.301926,0.219524,0.096912,0.203254,0.120557,0.273435,0.125781,0.384025,0.267820,0.248251,0.250561,0.245819,0.146533,0.261796,0.310840,0.309606,0.260698,0.105070,0.311105,0.118737,0.223592,0.323668,0.281303,0.316254,0.201930,0.153317,0.252873,0.265266,0.264423,0.191364,0.259800,0.214012,0.151470,0.347779,0.237948,0.235968,0.336375,0.194527,0.109250,0.270713,0.326489,0.185182,0.266809,0.277519,0.290054,0.243806,0.183663,0.171257,0.271084,0.271018,0.233381,0.248859,0.315359,0.159456,0.283533,0.139276,0.311470,0.178356,0.251232,0.253555,0.132455,0.238880,0.267057,0.215008,0.206948,0.253003,0.127165,0.328519,0.165316,0.171917,0.290373,0.369226,0.189283,0.111614,0.167580,0.088531,0.325861,0.365524,0.252223,0.303898,0.279349,0.158467,0.254141,0.285176,0.154198,0.280230,0.087498,0.295724,0.284228,0.282367,0.327511,0.325514,0.134238,0.107877,0.181004,0.053336,0.140120,0.270362,0.253228,0.200551,0.314115,0.198033,0.183174,0.208870,0.299083,0.189360,0.184299,0.086637,0.196582,0.315972,0.122798,0.349524,0.221768,0.292297,0.199189,0.209089,0.165180,0.240969,0.281492,0.228424,0.197456,0.266821,0.314509,0.214802,0.299460,0.198185,0.121305,0.217119,0.183975,0.105481,0.257741,0.156026,0.337048,0.291167,0.057454,0.248894,0.242502,0.220549,0.164221,0.369823,0.137428,0.237821,0.044329,0.236883,0.151487,0.187095,0.046154,0.258008,0.235141,0.249797,0.134340,0.214700,0.135981,0.237410,0.215242,0.125511,#
16,0.293347,0.217643,0.197458,0.282544,0.208917,0.246037,0.197694,0.258661,0.132795,0.139775,0.221566,0.213854,0.309245,0.253496,0.215810,0.327598,1.000000,0.290465,0.180262,0.351000,0.334231,0.180037,0.264770,0.276436,0.164816,0.331663,0.293441,0.078347,0.172073,0.297410,0.166899,0.361776,0.130717,0.338089,0.093249,0.257191,0.213065,0.151280,0.242534,0.240089,0.157683,0.251288,0.242675,0.221071,0.229530,0.347475,0.191978,0.177763,0.231314,0.181152,0.178798,0.297578,0.325182,0.233364,0.213499,0.210390,0.096748,0.218448,0.252583,0.127758,0.151205,0.386820,0.290779,0.217824,0.288579,0.238786,0.206078,0.393278,0.161372,0.302314,0.107428,0.270201,0.413895,0.100670,0.242869,0.327041,0.186390,0.363979,0.301394,0.212855,0.184371,0.207627,0.128159,0.242572,0.275451,0.244459,0.339339,0.271483,0.335052,0.143037,0.203693,0.176498,0.227851,0.174411,0.201944,0.196303,0.267024,0.075795,0.247611,0.265505,0.174165,0.168933,0.103259,0.258511,0.222410,0.231513,0.294039,0.171497,0.094893,0.214873,0.238723,0.251044,0.230730,0.224345,0.305489,0.357710,0.257278,0.187964,0.125682,0.199231,0.266210,0.294289,0.348275,0.299156,0.338009,0.098077,0.266867,0.090112,0.132922,0.294345,0.144520,0.238079,0.411401,0.008983,0.415255,0.324828,0.121333,0.251218,0.181671,0.257306,0.103339,0.203051,0.146793,0.244606,0.303237,0.186965,0.118722,0.167828,0.283327,0.238472,0.075942,0.277327,0.177253,0.185144,0.224419,0.293572,0.157174,0.200706,0.187812,0.279563,0.165355,0.361142,0.253772,0.258050,0.189527,0.160778,0.324041,0.222769,0.177564,0.107474,0.163333,0.181361,0.173993,0.099206,0.193220,0.294747,0.200038,0.198736,0.228871,0.111753,0.170375,0.252180,0.222755,0.037677,0.114259,0.243352,0.244199,0.269070,0.205694,0.216898,0.281483,0.075541,0.054832,0.170832,0.249780,0.271724,0.120593,0.240189,0.130661,0.180369,#
17,0.344745,0.277368,0.213276,0.395720,0.294464,0.272171,0.255901,0.373324,0.225850,0.171560,0.268316,0.332408,0.201089,0.172644,0.276011,0.340284,0.290465,1.000000,0.206712,0.369364,0.386699,0.218339,0.260695,0.424947,0.243288,0.274837,0.276328,0.205770,0.237248,0.315237,0.248882,0.326049,0.422268,0.215390,0.126383,0.303098,0.092920,0.383752,0.396423,0.167786,0.334266,0.282022,0.211921,0.347200,0.189462,0.314499,0.299549,0.246139,0.307385,0.268513,0.273295,0.233926,0.163100,0.267877,0.222673,0.337403,0.295011,0.349869,0.293666,0.293697,0.272576,0.243464,0.202269,0.244344,0.288067,0.401052,0.352574,0.370620,0.288945,0.351627,0.251747,0.307457,0.378273,0.167882,0.247240,0.356567,0.275433,0.329728,0.219766,0.326173,0.239713,0.299341,0.437945,0.223206,0.306457,0.104117,0.345824,0.247002,0.403109,0.265460,0.244545,0.173954,0.339197,0.311052,0.201843,0.295873,0.269110,0.332585,0.318105,0.237131,0.278653,0.134503,0.174518,0.325326,0.210339,0.325089,0.329358,0.358349,0.189981,0.101578,0.240456,0.253814,0.235010,0.324771,0.257625,0.326646,0.261934,0.206998,0.193668,0.246092,0.219062,0.336969,0.241255,0.324131,0.465385,0.220225,0.308114,0.225626,0.106852,0.235612,0.202789,0.333076,0.417603,0.305523,0.318387,0.341537,0.330194,0.260467,0.262307,0.297324,0.317934,0.265168,0.227602,0.244985,0.359043,0.291539,0.102726,0.239142,0.202846,0.156656,0.235569,0.122902,0.170074,0.247410,0.280954,0.346694,0.239158,0.277532,0.391795,0.244729,0.284839,0.355802,0.295520,0.248158,0.267037,0.265881,0.255851,0.281209,0.231004,0.201988,0.385703,0.191238,0.183641,0.222981,0.314375,0.185704,0.358377,0.283801,0.080616,0.356525,0.260280,0.405010,0.259157,0.195847,0.131380,0.236981,0.214334,0.244366,0.306821,0.268872,0.235641,0.353831,0.278456,0.255260,0.397329,0.268513,0.210898,0.264166,0.226717,0.255471,#
18,0.294311,0.172513,0.213097,0.323443,0.258707,0.106587,0.212844,0.183817,0.193555,0.124962,0.279934,0.229319,0.246276,0.222568,0.309642,0.285824,0.180262,0.206712,1.000000,0.245148,0.265595,0.188913,0.112959,0.362502,0.259901,0.234303,0.217214,0.303696,0.195292,0.156130,0.158519,0.184316,0.278737,0.163075,0.216845,0.296902,0.233612,0.152874,0.199401,0.362488,0.215200,0.255942,0.252348,0.150634,0.198021,0.209066,0.118055,0.157858,0.077272,0.282664,0.278737,0.151269,0.287296,0.247617,0.217252,0.229715,0.186356,0.276844,0.170525,0.182681,0.208703,0.145546,0.280840,0.227614,0.222818,0.262902,0.337275,0.243472,0.142784,0.131921,0.103069,0.153693,0.212066,0.135643,0.151945,0.157002,0.214118,0.258952,0.240334,0.231646,0.256581,0.176670,0.235132,0.281174,0.244334,0.010908,0.312126,0.107812,0.256471,0.216486,0.260297,0.167177,0.204158,0.240312,0.246682,0.283627,0.372423,0.159567,0.199878,0.227305,0.227394,0.267646,0.300802,0.216808,0.307635,0.249099,0.241220,0.198015,0.157583,0.213112,0.292008,0.283055,0.225158,0.198823,0.194827,0.234745,0.153399,0.080475,0.250090,0.197398,0.171717,0.274827,0.217988,0.128720,0.217367,0.105085,0.146226,0.261766,0.281247,0.212900,0.121187,0.336258,0.195411,0.216172,0.321512,0.137443,0.145572,0.310856,0.088985,0.270672,0.234588,0.129247,0.172878,0.203766,0.259869,0.248378,0.108156,0.162765,0.086103,0.123167,0.082735,0.241957,0.215931,0.169618,0.181938,0.321552,0.300405,0.217797,0.092478,0.307824,0.207891,0.269318,0.216171,0.268470,0.193772,0.237615,0.302058,0.194668,0.190490,0.316963,0.040009,0.159861,0.232786,0.148998,0.144960,0.245903,0.238196,0.277401,0.305047,0.192528,0.156273,0.233114,0.256205,0.102458,0.238545,0.114854,0.278512,0.234444,0.212927,0.203992,0.191077,0.311435,0.298248,0.235239,0.221082,0.170203,0.172450,0.276017,0.330304,0.220698,#
19,0.366091,0.268331,0.278302,0.300790,0.422634,0.217673,0.208795,0.300281,0.301494,0.304429,0.305135,0.087484,0.353091,0.315452,0.403236,0.305329,0.351000,0.369364,0.245148,1.000000,0.288058,0.161467,0.245210,0.318534,0.192835,0.353075,0.343542,0.221089,0.243237,0.383569,0.239012,0.301356,0.297117,0.200909,0.216963,0.343201,0.165481,0.163481,0.425311,0.230621,0.274813,0.283484,0.211006,0.176636,0.214688,0.351353,0.344232,0.336355,0.246755,0.376639,0.251158,0.302267,0.189357,0.399070,0.281790,0.321061,0.252550,0.244006,0.285269,0.276320,0.319335,0.319940,0.280357,0.233261,0.338465,0.252909,0.269176,0.305333,0.251543,0.290603,0.289585,0.245054,0.351349,0.178632,0.293115,0.347425,0.258619,0.379510,0.418724,0.195402,0.340507,0.315228,0.313306,0.223516,0.389566,0.189434,0.299838,0.264079,0.374442,0.169652,0.181038,0.241062,0.321917,0.216208,0.277903,0.310037,0.361566,0.317702,0.174562,0.204409,0.263354,0.222447,0.274897,0.332998,0.344814,0.373026,0.340115,0.461662,0.158940,0.105819,0.224103,0.271186,0.286719,0.321010,0.369239,0.294384,0.307962,0.307289,0.296673,0.023368,0.373060,0.405780,0.279413,0.345772,0.452418,0.221630,0.369205,0.243183,0.091587,0.289567,0.155571,0.151035,0.374802,0.229808,0.355026,0.300434,0.294883,0.338221,0.189182,0.231521,0.269617,0.311806,0.266359,0.216138,0.358688,0.287210,0.155677,0.314908,0.331148,0.177846,0.206592,0.323553,0.232207,0.299799,0.310306,0.236044,0.267874,0.225976,0.247650,0.237617,0.347446,0.314689,0.328158,0.231624,0.301302,0.262172,0.220825,0.221944,0.280763,0.194034,0.301234,0.253513,0.335168,0.275981,0.244825,0.178691,0.348112,0.382631,0.254698,0.201882,0.157795,0.357600,0.254200,0.296440,0.228969,0.283785,0.169746,0.280175,0.317745,0.240876,0.341879,0.372295,0.168211,0.279341,0.208785,0.278093,0.164369,0.269397,0.385601,0.377722,#
20,0.221814,0.158283,0.333025,0.335164,0.363322,0.257408,0.223226,0.271964,0.224700,0.217146,0.182640,0.236080,0.233541,0.246495,0.273348,0.187801,0.334231,0.386699,0.265595,0.288058,1.000000,0.229644,0.204409,0.321870,0.357681,0.387464,0.288474,0.232440,0.237881,0.276543,0.210025,0.221930,0.262503,0.243809,0.135594,0.277402,0.290142,0.253121,0.254340,0.307334,0.276261,0.394455,0.187664,0.106666,0.341533,0.348899,0.360440,0.167155,0.201876,0.239764,0.095082,0.319688,0.241257,0.314957,0.241566,0.243575,0.265321,0.308254,0.295794,0.197279,0.291437,0.182116,0.330842,0.227988,0.325930,0.184648,0.305036,0.269757,0.298904,0.311830,0.280943,0.332463,0.440711,0.189047,0.222565,0.232011,0.290111,0.382574,0.266054,0.227652,0.203695,0.248094,0.366593,0.156354,0.315144,0.259999,0.326926,0.252430,0.413446,0.227420,0.252054,0.286280,0.307049,0.314916,0.322579,0.187373,0.323876,0.280496,0.230714,0.097814,0.267516,0.172084,0.302523,0.252579,0.252998,0.250453,0.292007,0.264980,0.112309,0.289318,0.342830,0.306107,0.222578,0.298111,0.214745,0.350325,0.405502,0.240973,0.119291,0.212227,0.246138,0.337939,0.198184,0.265670,0.333421,0.203123,0.326876,0.328890,0.284682,0.289859,0.235933,0.314559,0.333975,0.184147,0.366710,0.267143,0.288979,0.261763,0.299893,0.229316,0.270985,0.281650,0.202334,0.224222,0.330004,0.244397,0.052794,0.225721,0.238265,0.305803,0.289944,0.273194,0.116149,0.218440,0.291619,0.279534,0.203291,0.129999,0.213668,0.384773,0.272120,0.353163,0.223053,0.220937,0.308418,0.153197,0.173969,0.252781,0.229275,0.169047,0.300728,0.162858,0.172794,0.191132,0.159042,0.341407,0.193406,0.210019,0.306516,0.253423,0.227233,0.269213,0.192636,0.195703,0.200108,0.072601,0.224064,0.187927,0.233994,0.389287,0.202627,0.336055,0.209287,0.247860,0.337959,0.224326,0.213539,0.346665,0.318258,0.231170,#
21,0.183002,0.234891,0.330648,0.277072,0.192976,0.114496,0.190180,0.246800,0.249436,0.136342,0.143741,0.291654,0.134323,0.209123,0.148393,0.151553,0.180037,0.218339,0.188913,0.161467,0.229644,1.000000,0.146984,0.186358,0.201044,0.157575,0.239067,0.249366,0.249658,0.254450,0.186274,0.227617,0.244117,0.288614,0.054221,0.289111,0.289317,0.286106,0.300445,0.165611,0.116524,0.254827,0.105820,0.287816,0.162183,0.209079,0.218396,0.228979,0.027420,0.184383,0.245656,0.151958,0.155067,0.173120,0.193801,0.238028,0.209804,0.219105,0.097536,0.114939,0.214216,0.080374,0.299168,0.189744,0.310413,0.259864,0.131935,0.203646,0.285404,0.366218,0.349244,0.172298,0.366176,0.322808,0.172966,0.129123,0.170735,0.214393,0.151504,0.199939,0.278856,0.233296,0.159886,0.019304,0.280382,0.058049,0.282677,0.122360,0.211947,0.316588,0.128564,0.123133,0.133135,0.156779,0.223859,0.217591,0.257026,0.193639,0.052385,0.218180,0.394125,0.202583,0.162317,0.209352,0.245604,0.226350,0.260089,0.202466,0.170591,0.150012,0.219287,0.211007,0.148906,0.242939,0.119519,0.301676,0.319278,0.125502,0.121748,0.245791,0.208970,0.289939,0.123769,0.341617,0.240267,0.104179,0.222115,0.240591,0.111776,0.082477,0.180308,0.210201,0.350506,0.206881,0.220712,0.149252,0.262044,0.157893,0.120584,0.290981,0.180439,0.318604,0.211016,0.195118,0.241221,0.264263,0.177093,0.215876,0.233069,0.106824,0.163034,0.118369,0.161987,0.212673,0.278343,0.174547,0.073366,0.213159,0.182225,0.191087,0.248286,0.301716,0.218899,0.200366,0.278429,0.076195,0.132507,0.237193,0.118372,0.289561,0.185715,0.138914,0.252788,0.163628,0.126952,0.295026,0.238833,0.246387,0.115635,0.196796,0.191371,0.250688,0.023942,0.223521,0.074354,0.148777,0.219839,0.240074,0.244902,0.250228,0.247441,0.080436,0.256154,0.160382,0.329079,0.230597,0.148545,0.234198,0.259479,0.166206,#
