0,1.000000,0.091805,0.178683,0.139795,0.236051,0.149183,0.134572,0.029616,0.204515,0.122286,0.238356,0.086499,0.085473,0.042609,0.277469,0.247649,0.224943,0.277434,0.221622,0.330102,0.138429,0.114903,0.198806,0.386667,0.145054,0.113111,0.182840,0.005367,0.147532,0.285988,0.065053,0.220096,0.131481,0.192079,0.179094,0.131887,0.094493,0.108044,0.261033,0.215333,0.185950,0.082883,0.221115,0.089567,0.066021,0.104323,0.115567,0.249581,0.224044,0.259455,0.138315,0.117698,0.076803,0.215305,0.226766,0.221129,0.247617,0.230660,0.069649,0.101080,0.253558,0.142122,0.185127,0.080804,0.150226,0.124259,0.171215,0.184664,0.154998,0.164404,0.136951,0.074949,0.266296,0.241824,0.085945,-0.033293,0.250693,0.235434,0.095854,0.077500,0.180526,0.094840,0.119102,0.188149,0.337536,0.113241,0.218308,0.190829,0.276564,0.151347,0.077641,0.057131,0.183501,0.131956,0.219412,0.181763,0.251613,0.059042,0.196781,0.299615,0.249489,0.191099,0.092724,0.251435,0.171842,0.200428,0.267279,0.168810,0.173849,-0.077145,0.011447,0.164973,0.088809,0.199431,0.118520,0.153510,0.141801,0.136374,0.137151,0.104794,0.268989,0.185699,0.206406,0.188498,0.193176,0.261571,0.166280,0.041140,0.103232,0.236504,0.211672,0.102676,0.203732,0.037248,0.156960,0.157651,0.282376,0.088749,0.012671,0.230919,0.301727,0.139179,0.084733,0.174319,0.156978,0.058596,0.121411,0.135531,0.225816,0.071106,0.016044,0.110644,0.227469,0.078506,0.170479,0.158198,0.129809,0.144025,0.194340,0.206632,0.207654,0.281480,0.157122,0.034898,0.135451,0.195998,0.139911,0.232933,0.190053,0.107185,0.194469,0.028469,0.194741,0.145311,0.034387,0.279775,0.346478,0.214578,0.153179,0.096800,0.157029,0.255137,0.139067,0.106914,0.155936,0.080091,0.171905,0.285108,0.236713,0.026202,0.055698,0.185096,0.092062,0.142649,0.248951,0.145188,0.090881,0.166285,0.311506,0.227458,#
1,0.091805,1.000000,0.161865,0.182133,0.159339,0.187312,0.231722,0.180672,0.311875,0.112873,0.316459,0.294556,0.141167,0.079667,0.055130,0.043630,0.145094,0.182165,0.073175,0.202017,0.039136,0.177567,0.101824,0.155195,0.206589,0.188869,0.131584,0.210874,-0.062078,0.195062,0.238944,0.155744,0.061073,0.227726,0.033549,0.116468,0.153224,0.056054,0.293597,0.170139,0.127566,0.056466,0.276550,0.174645,0.132617,0.180265,0.377439,0.186290,0.147601,0.093814,0.198160,0.190614,0.240258,0.181316,0.072357,0.203032,0.168500,0.075701,0.103673,0.117396,0.120859,0.134705,0.204794,0.023532,0.128130,0.276049,0.143187,0.263783,0.210779,0.256613,0.163803,0.182141,0.326086,0.088871,0.228690,0.132314,0.127182,0.189324,0.318263,0.072754,0.204822,0.250493,0.109046,0.191269,0.291150,-0.009511,0.223123,0.199172,0.146278,0.142484,0.152749,0.209776,0.084023,0.186345,0.172097,0.211793,0.089944,0.067646,0.116694,0.140990,0.240495,0.066936,0.086087,0.141027,0.078289,0.200592,0.251345,0.280872,0.158710,0.101721,0.156171,0.209103,0.098632,0.147248,0.216427,0.321708,0.129646,0.137739,0.110164,0.087379,0.070089,0.209057,0.252388,0.217483,0.198803,0.142771,0.124332,0.159951,0.200559,0.213612,0.109720,0.210227,0.186725,0.161134,0.284684,0.303870,0.262072,0.302422,0.168287,0.246163,0.205426,0.101998,0.189333,0.204864,0.277897,0.112530,0.060000,0.124240,0.214534,0.072807,0.162226,0.142929,0.063599,-0.016686,0.338806,0.159908,0.076410,0.138928,0.004123,0.045759,0.029179,0.282139,0.206371,0.233873,0.210094,0.105879,0.125238,0.079784,0.167979,0.273899,0.148415,0.198508,0.143776,0.115652,0.141387,0.223590,0.105679,0.238176,0.171223,0.096989,0.142034,0.075615,0.245803,0.121981,0.205240,0.188221,0.080960,0.004425,0.249652,0.237326,0.254819,0.190479,0.023303,0.136019,0.128567,0.133463,0.038751,0.277020,0.104630,0.273829,#
2,0.178683,0.161865,1.000000,0.255210,0.278593,0.123993,0.217727,0.244047,0.176989,0.184824,0.288587,0.309634,0.119203,0.323069,0.086255,0.235224,0.112896,0.108997,0.181366,0.226332,0.284150,0.290127,0.080171,0.163984,0.185670,0.288430,0.280585,0.107998,0.055990,0.314468,0.082411,0.097330,0.145446,0.161076,0.144383,0.204688,0.158235,0.085830,0.181883,0.079528,0.215991,0.133807,0.291203,0.125089,0.115260,0.237890,0.207680,0.163996,0.028661,0.162358,0.212402,0.269542,0.222211,0.163364,0.085330,0.194324,0.177378,0.074688,0.207520,0.218058,0.270775,0.149770,0.161758,0.178980,0.268252,0.253888,0.111789,0.096579,0.217911,0.253419,0.167015,0.154595,0.147450,0.207921,0.291945,0.154150,0.192591,0.195821,0.197634,0.146767,0.304614,0.096071,0.128993,0.036575,0.260854,0.095290,0.269739,0.239719,0.077950,0.070027,0.101388,0.231427,0.270689,0.204782,0.160771,0.235585,0.203009,0.110901,0.219362,0.154628,0.291857,0.140543,0.094361,0.248154,0.113401,0.214333,0.267057,0.228932,0.176778,0.193287,0.152661,0.202073,0.230356,0.184647,0.141691,0.274686,0.154627,0.163418,-0.075136,0.090797,0.145054,0.152867,0.112977,0.164098,0.205651,0.079911,0.273852,0.149377,0.184160,0.202943,0.125575,0.201362,0.184197,0.157460,0.303846,0.189543,0.243989,0.211991,0.099869,0.076604,0.132482,0.179560,0.203877,0.161658,0.285469,0.160949,0.019071,0.124772,0.267905,0.111182,0.131811,0.291889,0.268173,0.191868,0.142284,0.106282,0.087875,0.057642,0.198819,0.203153,0.090679,0.322667,0.237667,0.296025,0.142909,0.233962,0.128674,0.126596,0.058148,0.150608,0.083807,0.293408,0.187715,0.093744,0.170285,0.147298,0.231020,0.196193,0.036904,0.128722,0.233009,0.195672,0.073614,0.301589,0.063256,0.191366,0.149987,0.052526,0.182752,0.086853,0.104182,0.205580,0.295731,0.126126,0.189113,0.081346,-0.027434,0.164630,0.288629,0.244370,#
3,0.139795,0.182133,0.255210,1.000000,0.266714,0.165435,0.234307,0.183599,0.342126,0.191474,0.250885,0.306901,0.164260,0.221830,0.165515,0.157058,0.202566,0.261555,0.254053,0.233642,0.284175,0.238585,0.210472,0.357635,0.225056,0.257960,0.232749,0.161453,0.184969,0.345891,0.255891,0.239531,0.369368,0.292666,0.045576,0.242510,0.315511,0.295514,0.375378,0.173069,0.226547,0.310077,0.258953,0.346673,0.119671,0.233665,0.188785,0.241192,0.041192,0.213990,0.215536,0.212555,0.269497,0.162253,0.122676,0.320172,0.241166,0.192336,0.159542,0.233237,0.249868,0.085730,0.240321,0.120836,0.378584,0.222187,0.219161,0.115255,0.096723,0.349088,0.190298,0.149407,0.309991,0.153025,0.262122,0.247960,0.237566,0.205876,0.246881,0.111868,0.315872,0.270484,0.240438,0.119792,0.356710,0.127365,0.230322,0.199917,0.207419,0.242310,0.304459,0.248093,0.262831,0.288299,0.227313,0.261126,0.257587,0.102763,0.242645,0.198889,0.311034,0.099728,0.189089,0.225764,0.337702,0.175196,0.327333,0.247386,0.140481,0.160507,0.178398,0.158921,0.228908,0.222415,0.141415,0.210526,0.192538,0.194429,0.091703,0.117455,0.247853,0.235482,0.234861,0.304062,0.189890,0.141410,0.297791,0.274421,0.165805,0.257295,0.284323,0.293228,0.281510,0.267221,0.271893,0.314527,0.161186,0.211411,0.231663,0.213110,0.162508,0.347386,0.270578,0.178968,0.177887,0.163855,0.234215,0.351902,0.198933,0.232929,0.087251,0.144466,0.133884,0.227326,0.333292,0.088465,0.063191,0.151479,0.283372,0.284151,0.217862,0.277529,0.306561,0.279900,0.197023,0.191190,0.204241,0.216482,0.134486,0.205370,0.225189,0.137876,0.185459,0.093052,0.144416,0.319993,0.237219,0.298276,0.080462,0.195325,0.166531,0.289061,0.293981,0.179369,0.047550,0.150316,0.148574,0.143707,0.173418,0.182711,0.201652,0.262227,0.328367,0.141361,0.199447,0.217611,0.239521,0.252557,0.239710,0.170414,#
4,0.236051,0.159339,0.278593,0.266714,1.000000,0.287040,0.132068,0.198975,0.302819,0.209822,0.091056,0.209876,0.215766,0.214137,0.151323,0.194805,0.188933,0.230942,0.230974,0.366848,0.372000,0.202079,0.220884,0.349012,0.134659,0.326085,0.139078,0.040659,0.222331,0.154647,0.100865,0.216361,0.240067,0.215455,0.100069,0.230640,0.341524,0.123402,0.278082,0.159863,0.241469,0.308006,0.257454,0.186730,0.305200,0.211997,0.367505,0.223610,0.131829,0.183793,0.151194,0.183491,0.194318,0.273360,0.297169,0.296897,0.200025,0.196442,0.271425,0.207926,0.280240,0.264941,0.121404,-0.004827,0.207601,0.176543,0.199859,0.195828,0.140279,0.245625,0.226453,0.211181,0.301238,0.214075,0.235211,0.037950,0.134830,0.285080,0.252212,0.164804,0.284704,0.260823,0.115965,0.065172,0.407883,0.124031,0.201336,0.229828,0.246139,0.198303,0.265053,0.083044,0.197683,0.169756,0.215826,0.255413,0.195891,0.158012,0.164295,0.197532,0.249527,0.081564,0.203955,0.250530,0.149397,0.233358,0.154969,0.259198,0.158993,0.236883,0.299366,0.257605,0.314770,0.392906,0.153179,0.112759,0.215032,0.123083,0.028250,0.076880,0.128734,0.210735,0.214659,0.132646,0.340280,0.011721,0.265288,0.143795,0.274132,0.243632,0.258659,0.128845,0.290893,0.252507,0.310382,0.276985,0.204330,0.058340,0.206433,0.171817,0.230732,0.135174,0.267884,0.147808,0.263290,0.258769,0.147527,0.208888,0.207015,0.209079,0.130685,0.173212,0.265091,0.331810,0.324800,0.118958,0.269566,0.144911,0.131946,0.241799,0.219518,0.217983,0.181138,0.161070,0.018710,0.256911,0.087399,0.161579,0.104641,0.193796,0.082515,0.187019,0.365608,0.194440,0.257643,0.276988,0.306341,0.309941,0.147852,0.141202,0.099383,0.098453,0.274459,0.187053,0.142408,0.233334,0.034157,0.244555,0.230012,0.252070,0.097908,0.182630,0.135278,0.128535,0.135199,0.253499,0.168702,0.251344,0.258602,0.372555,#
5,0.149183,0.187312,0.123993,0.165435,0.287040,1.000000,0.156266,0.216524,0.285888,0.229102,0.249014,0.125213,0.219243,0.177014,0.184820,0.200798,0.198032,0.245207,0.067292,0.252850,0.210748,0.066998,0.199181,0.280455,0.226427,0.199365,0.218150,0.197505,0.204219,0.208113,0.203927,0.269484,0.291378,0.253251,0.052212,0.171071,0.242815,0.067544,0.225288,0.185918,0.230106,0.184378,0.088083,0.281297,0.170742,0.182262,0.283050,0.104875,0.213057,0.162210,0.116943,0.216815,0.130029,0.128757,0.096431,0.315659,0.119249,0.073172,0.339482,0.134172,0.197860,0.188359,0.150232,0.033222,0.225642,0.251196,0.202363,0.204316,0.205805,0.061900,0.180843,0.171980,0.305127,0.243284,0.162273,0.177205,0.215559,0.251915,0.231225,0.176441,0.245178,0.236178,0.233976,0.042071,0.155992,0.108285,0.169619,0.216695,0.258700,0.051369,0.019195,0.212591,0.278304,0.295732,0.159369,0.215265,0.123828,0.185152,0.276456,0.153940,0.212489,0.194237,0.068961,0.223900,0.140369,0.230915,0.189506,0.276754,0.129074,0.130914,0.214229,0.213457,0.148084,0.175884,0.184928,0.126575,0.204744,0.169009,0.045365,0.070336,0.066734,0.219338,0.131655,0.289354,0.098556,0.097982,0.141967,0.051220,0.217487,0.250434,0.267770,0.252399,0.313110,0.159784,0.306305,0.355027,0.192573,0.170116,0.137211,0.029640,0.264893,0.151825,0.223696,0.260870,0.287774,0.159436,0.080761,0.144284,0.100841,0.132644,0.218706,0.032986,0.224197,0.227928,0.204039,0.215601,0.224006,0.111695,0.272159,0.122272,0.224624,0.217794,0.211544,0.167103,0.179999,0.167416,0.067230,0.244519,0.226662,0.209693,0.273469,0.214157,0.148184,0.110753,0.090867,0.237073,0.223206,0.237438,0.236464,0.094609,0.245768,0.114408,0.396215,0.191301,0.125801,0.231359,0.194098,0.144933,0.134735,0.086160,0.080817,0.206258,0.158180,0.171177,0.217666,0.101124,0.113193,0.344078,0.148906,0.279668,#
6,0.134572,0.231722,0.217727,0.234307,0.132068,0.156266,1.000000,0.131738,0.239279,0.045320,0.173309,0.165374,0.120783,0.202952,0.090972,0.176085,0.179626,0.189779,0.195977,0.120861,0.253050,0.114788,-0.035467,0.105600,0.068213,0.195380,0.107383,0.101389,0.150023,0.275581,0.084850,0.154334,0.120615,0.176483,0.030285,0.083429,0.007015,0.136437,0.143224,0.198139,0.141702,0.033091,0.131971,0.133283,0.166648,0.125741,0.200604,0.131084,0.145395,0.181235,0.085600,0.192985,0.208733,0.176662,0.014168,0.131081,0.115410,0.172255,0.237845,0.196063,0.230988,0.088241,0.111537,0.115909,0.245809,0.322807,0.231291,0.174557,0.156027,0.167165,0.117899,0.145585,0.203380,0.200737,0.236607,0.161340,0.176593,0.177447,0.230882,0.109412,0.190791,0.099182,0.261713,0.017091,0.201241,0.123691,0.134269,0.152607,0.106035,0.140396,0.122032,0.087278,0.106678,0.099923,0.133301,0.072017,0.220977,0.102344,0.141473,0.286949,0.211017,0.182930,0.225139,0.109791,-0.114084,0.151714,0.175278,0.105094,0.111736,0.098424,0.170852,0.212531,0.076077,-0.039865,0.147799,0.126950,0.321311,0.076415,0.142773,0.099961,0.211396,0.195706,0.050151,0.161465,0.161417,0.138153,0.009480,0.200274,0.075719,0.249544,0.150854,0.105473,0.237272,0.046850,0.260561,0.206599,0.119897,0.172082,0.191156,0.170470,0.167904,0.083732,0.042309,0.184372,0.063296,0.146606,0.110652,0.074368,0.161090,-0.082529,0.236359,0.035202,0.172143,0.007116,0.281514,0.042364,0.003455,0.237040,0.169506,0.068448,0.014117,0.273621,0.250046,0.219890,0.196705,0.184952,0.127108,0.146233,0.130281,0.106009,0.052716,0.103010,0.096240,0.052671,0.159043,0.177472,0.095220,0.239427,0.204602,-0.001651,0.103484,0.083752,0.219003,0.265335,0.260989,0.170840,0.045381,0.135859,0.076989,0.228417,0.070057,0.134732,0.129404,0.201806,0.076314,0.053551,0.112310,0.206089,0.177990,0.225732,#
7,0.029616,0.180672,0.244047,0.183599,0.198975,0.216524,0.131738,1.000000,0.328937,0.206339,0.261898,0.319079,0.106293,0.211934,0.275749,0.138694,0.199824,0.268310,0.079276,0.211253,0.187049,0.220232,0.237209,0.195337,0.260130,0.165212,0.229811,0.233612,0.081316,0.252092,0.151609,0.165087,0.201196,0.185345,0.048116,0.180312,0.064402,0.066262,0.299587,0.178005,0.109283,0.139656,0.163815,0.286734,0.217765,0.251856,0.210381,0.220140,0.137745,0.183959,0.206902,0.159574,0.106038,0.271429,0.128044,0.180229,0.182837,0.220211,0.180974,0.155820,0.208137,0.152613,0.181075,0.088581,0.267483,0.245210,0.157533,0.091761,0.212270,0.359704,0.178276,0.050560,0.395546,0.163230,0.197832,0.198231,0.107657,0.253993,0.262512,0.292484,0.253253,0.171852,0.217011,0.122894,0.267747,0.109596,0.172394,0.133014,0.176671,0.192342,0.078448,0.128229,0.226521,0.236143,0.133916,0.038163,0.090321,0.212671,0.129171,0.171108,0.226829,0.129439,0.120292,0.155955,0.055022,0.285013,0.320186,0.137120,0.144249,0.167560,0.059337,0.102001,0.157674,0.161119,0.374621,0.242498,0.056700,0.038932,0.054731,0.278989,0.186808,0.235033,0.143231,0.280328,0.280347,0.095112,0.234781,0.258129,0.158911,0.123840,0.153980,0.124010,0.318245,0.150180,0.368131,0.312056,0.050286,0.341332,0.098441,0.148791,0.282562,0.162187,0.148655,0.110533,0.223136,0.132948,0.193099,0.192206,0.187941,0.199045,0.131184,0.246726,0.139350,0.173738,0.071490,0.196344,0.198794,0.172390,0.181903,0.246643,0.171309,0.185480,0.283872,0.150390,0.038849,0.279882,0.233568,0.094260,0.113394,0.132843,0.208628,0.196908,0.239173,0.144071,0.219964,0.162638,0.151171,0.194704,0.016442,0.196856,0.293945,0.118885,0.193335,0.215741,-0.045345,0.222004,-0.004070,-0.021710,0.164420,0.295327,0.202019,0.101140,0.176648,0.086999,0.154008,0.148413,0.094251,0.186514,0.233296,0.193632,#
8,0.204515,0.311875,0.176989,0.342126,0.302819,0.285888,0.239279,0.328937,1.000000,0.239404,0.245828,0.255007,0.182211,0.218017,0.294867,0.232419,0.135391,0.218570,0.160586,0.267079,0.218461,0.245259,0.252636,0.353289,0.158260,0.267508,0.185086,0.235228,0.078568,0.321991,0.143993,0.241277,0.176066,0.217598,0.081958,0.247827,0.283386,0.123286,0.259639,0.255258,0.193792,0.254057,0.134233,0.211105,0.287275,0.238108,0.176732,0.216875,0.159496,0.214945,0.204904,0.361207,0.101663,0.373970,0.164715,0.373648,0.191624,0.305527,0.139119,0.306805,0.288923,0.138152,0.334083,-0.021662,0.356267,0.371592,0.251702,0.179145,0.363205,0.300496,0.183106,0.152964,0.369365,0.178972,0.225677,0.162087,0.168125,0.228457,0.264241,0.211709,0.276496,0.309361,0.245859,0.066332,0.370675,0.171414,0.181744,0.212017,0.195936,0.291472,0.203021,0.252264,0.222615,0.206881,0.385489,0.299054,0.255484,0.157084,0.222556,0.160730,0.293735,0.129572,0.167016,0.219183,0.273185,0.242251,0.334146,0.254056,0.113511,0.181972,0.125166,0.231843,0.077548,0.237158,0.278739,0.347573,0.213988,0.162146,0.076740,0.259922,0.292795,0.252167,0.232294,0.230062,0.279322,0.282937,0.230470,0.355962,0.164034,0.264438,0.186130,0.127754,0.350788,0.188435,0.390983,0.324410,0.178925,0.226155,0.217027,0.142071,0.238803,0.239139,0.288414,0.189110,0.179867,0.180453,0.250136,0.302499,0.209162,0.182165,0.257927,0.106795,0.212625,0.282310,0.388869,0.295239,0.176551,0.286580,0.169529,0.282858,0.130515,0.233464,0.201033,0.199523,0.242699,0.236997,0.250847,0.138028,0.226487,0.204766,0.242219,0.214779,0.196087,0.166856,0.223459,0.299789,0.188239,0.336151,0.219845,0.181223,0.232691,0.176052,0.123597,0.284641,0.195645,0.264624,0.041466,0.037323,0.273238,0.274200,0.231344,0.187865,0.187732,0.125407,0.259803,0.124535,0.175513,0.142421,0.217608,0.204742,#
9,0.122286,0.112873,0.184824,0.191474,0.209822,0.229102,0.045320,0.206339,0.239404,1.000000,0.328564,0.083838,0.057725,0.195038,0.223396,0.231272,0.102764,0.073687,0.058819,0.320805,0.178568,0.122500,0.200498,0.214661,0.064836,0.097076,0.268637,0.145188,0.138096,0.206413,0.277492,0.194984,0.073524,0.226664,0.238349,0.179368,0.064696,0.193223,0.224211,0.027444,0.276107,0.135483,0.145599,0.006848,0.158475,0.234798,0.209826,0.118509,0.034647,0.087453,0.057338,0.242375,0.108492,0.199484,0.119359,0.274215,0.188575,0.175415,0.170728,0.095792,0.203487,0.095584,0.304938,0.111760,0.248653,0.232849,0.117781,0.066932,0.194245,0.096583,0.296909,0.179402,0.209580,0.149869,0.168548,0.142270,0.047550,0.166230,0.301375,0.229270,0.133218,0.289664,0.011354,0.031888,0.315448,0.118674,0.190223,0.229894,-0.012320,-0.037141,0.026469,0.235710,0.205820,0.095063,0.186060,0.128366,0.203415,0.233111,0.231893,0.030477,0.150307,0.200136,0.284951,0.130576,0.315677,0.166055,0.176411,0.059522,0.183926,0.098129,0.090720,0.207293,0.248709,0.290770,0.092501,0.247917,0.084454,0.132413,0.166368,-0.049449,0.192421,0.304919,0.116009,0.253608,0.158212,0.119345,0.011995,0.204350,0.210457,0.225254,0.188027,0.081304,0.182629,0.233889,0.211745,0.209506,0.209218,0.215375,0.084821,0.005852,0.064584,0.272833,0.210910,0.148302,0.085478,0.097423,0.148624,0.201039,0.105888,0.272154,0.112317,-0.016318,0.304620,0.277462,0.217540,0.224586,0.189031,0.176624,0.317789,0.123245,0.187082,0.110251,0.103482,0.290844,0.165915,0.088843,0.100037,0.154202,0.306214,0.082893,0.178994,0.207108,0.120577,0.137760,0.129816,0.259761,0.169015,0.151685,0.115398,0.164479,0.085726,0.055760,0.251333,0.192331,0.051059,0.196596,0.074008,0.066533,0.345165,0.173721,0.125938,0.190753,0.086718,0.158594,0.089042,0.127370,0.114898,0.127593,0.161830,0.184335,#
10,0.238356,0.316459,0.288587,0.250885,0.091056,0.249014,0.173309,0.261898,0.245828,0.328564,1.000000,0.158092,-0.035859,0.165060,0.205595,0.145295,0.187101,0.208180,0.201234,0.268932,0.140506,0.059542,0.041142,0.242869,0.155581,0.105007,0.186634,0.281017,0.009010,0.260626,0.206745,0.215625,0.176276,0.170824,0.154427,0.186660,0.057156,0.122752,0.291723,0.115871,0.261286,0.079677,0.137613,0.048609,0.071492,0.161303,0.234327,0.202655,0.238883,0.288251,0.088108,0.256510,0.126909,0.215743,0.054737,0.281609,0.081315,0.113329,0.125173,0.175498,0.127743,0.193797,0.194704,0.225718,0.298823,0.281977,0.231366,0.080047,0.129032,0.163659,0.122545,0.191193,0.255018,0.178518,0.154747,0.184484,0.154720,0.121350,0.199920,0.136172,0.260601,0.204366,0.225567,0.160190,0.297379,0.060606,0.221946,0.221957,0.093042,0.203220,0.052413,0.184327,0.238567,0.168583,0.248576,0.246978,0.155424,0.023119,0.342671,0.198691,0.165446,0.122475,0.175323,0.160083,0.291699,0.038426,0.263266,0.275402,0.128455,0.065279,0.082236,0.259729,0.125174,0.147646,0.318841,0.353739,0.096560,0.102078,0.142154,0.038735,0.153644,0.252179,0.109722,0.201045,0.122952,0.063871,0.186289,0.235566,0.150842,0.209187,0.221350,0.128387,0.228377,0.067747,0.234419,0.227661,0.156279,0.390172,0.061570,0.149694,0.282733,0.113742,0.161372,0.170798,0.139688,0.042006,-0.008798,0.090440,0.161562,0.148517,0.135409,0.182111,0.308011,0.097917,0.211575,0.151762,0.218087,0.046732,0.241264,0.187402,0.178998,0.171644,0.310002,0.227350,0.201847,0.168742,0.274733,0.204242,0.255746,0.194694,0.186890,0.164926,0.095163,0.157223,0.159785,0.128750,0.205520,0.274703,0.111490,0.236173,0.176971,0.112931,0.309228,0.118581,0.145016,0.163585,0.073252,-0.039275,0.204507,0.164989,0.218086,0.155587,0.156835,0.096325,0.248495,0.081704,-0.014236,0.304099,0.266637,0.367106,#
11,0.086499,0.294556,0.309634,0.306901,0.209876,0.125213,0.165374,0.319079,0.255007,0.083838,0.158092,1.000000,0.133916,0.171592,0.051747,0.086405,0.119192,0.296402,0.179727,0.069134,0.132597,0.246844,0.020894,0.152352,0.289820,0.265654,-0.009017,0.269457,-0.054650,0.283406,0.293398,0.236339,0.169364,0.242456,0.097761,0.163108,0.273876,0.103059,0.204684,0.201336,0.187833,0.236765,0.288683,0.231563,0.100734,0.268701,0.269039,0.108628,0.183149,0.120328,0.195788,0.252125,0.159922,0.348382,0.023488,0.144161,0.174753,0.277304,0.205359,0.106397,0.123096,0.073370,0.263506,0.068226,0.243869,0.288583,0.237929,0.286883,0.202444,0.279255,0.132359,0.084484,0.283859,0.103871,0.135430,0.092245,0.170430,0.167756,0.220008,0.113859,0.271889,0.156681,0.246856,0.118076,0.349098,0.000330,0.212958,0.248335,0.286739,0.098101,0.085235,0.239537,0.333800,0.350835,0.210536,0.255589,0.048562,0.105121,0.208078,0.258653,0.222315,0.159947,0.084121,0.182898,0.152490,0.341107,0.280536,0.268992,0.234333,0.178495,0.197513,0.204062,0.198838,0.191443,0.010594,0.380301,0.100172,0.200828,-0.016599,0.164557,0.152705,0.252302,0.226681,0.171119,0.276467,0.051002,0.165969,0.227281,0.217384,0.204076,0.132998,0.272822,0.279515,0.256221,0.200705,0.217489,0.042343,0.349964,0.047669,0.268792,0.195765,0.118987,0.194061,0.193880,0.263094,0.124189,0.153537,0.166118,0.175325,0.128605,0.080278,0.288679,0.141312,0.212064,0.323852,0.141298,0.114825,0.033612,0.211874,0.182684,0.144364,0.273711,0.093861,0.134555,0.159626,0.125852,0.287947,0.176087,0.215082,0.223816,0.211002,0.128418,0.096440,0.046981,0.169008,0.245039,0.223184,0.243379,0.073312,0.179990,0.245636,0.134189,0.197922,0.109748,-0.002319,0.234234,0.052125,0.065933,0.185896,0.226951,0.168342,0.103469,0.321245,0.136297,0.285109,0.111702,0.160809,0.203177,0.163617,0.261100,#
12,0.085473,0.141167,0.119203,0.164260,0.215766,0.219243,0.120783,0.106293,0.182211,0.057725,-0.035859,0.133916,1.000000,0.083457,0.197914,0.115498,0.276997,0.198697,0.182885,0.299935,0.106738,0.118030,0.140600,0.232586,0.039317,0.145851,0.158558,0.144449,0.152801,0.209917,0.036895,0.226802,0.249501,0.174297,0.151990,0.224844,0.202506,0.019189,0.171971,0.147375,0.146996,0.019284,0.235003,0.324522,0.214465,0.237061,0.227954,-0.034679,0.155165,0.084112,0.257623,0.102341,0.065836,0.224385,0.112020,0.175444,0.058806,0.190442,0.134255,-0.022313,0.103075,0.243926,0.030246,0.112794,0.272050,0.176874,0.121970,0.133416,0.173118,0.093472,0.135170,0.139678,0.195583,0.074567,0.283605,0.208339,0.180965,0.040504,0.120320,0.008120,0.250475,0.161795,0.079999,0.084869,0.209378,0.173489,0.098741,0.210843,0.230280,0.045153,0.062326,0.057295,0.043549,0.158970,0.173321,0.201125,0.338694,0.198127,0.105835,0.075706,0.175019,0.135519,0.120749,0.195833,0.178115,0.150026,0.207236,0.076596,0.040535,0.092525,0.224918,0.053721,0.166886,0.147280,0.101077,0.080941,0.168734,0.080590,0.121986,0.052870,0.169075,0.184284,0.234007,0.235904,0.204746,-0.037231,0.152570,0.005343,0.031528,0.098665,0.123507,0.097598,0.114595,0.128705,0.137644,0.116692,0.211786,0.208631,0.237694,0.103297,0.172391,0.113575,0.180534,0.072697,0.095358,0.218163,0.091720,0.205698,0.138088,0.149681,0.084422,0.254886,0.117790,0.090795,0.097044,0.189358,0.087028,-0.034907,0.061609,0.130267,0.058899,0.350343,0.199850,0.202459,0.167059,0.081292,0.233311,0.115066,0.049540,0.086190,0.133938,0.169885,0.109239,0.154780,0.190643,0.123925,0.161065,0.258336,0.057773,0.091408,0.158646,0.127368,0.237414,0.168573,0.074805,0.187556,0.099514,0.222639,0.071719,-0.009570,0.145412,0.079547,0.147737,0.142629,0.010285,0.115639,0.132915,0.156169,0.197454,0.071032,#
13,0.042609,0.079667,0.323069,0.221830,0.214137,0.177014,0.202952,0.211934,0.218017,0.195038,0.165060,0.171592,0.083457,1.000000,0.252097,0.162220,0.239847,0.099807,0.201501,0.235353,0.248071,0.196869,0.048656,0.221152,0.061474,0.277744,0.294891,0.232620,0.124575,0.244883,0.184714,0.221337,0.267007,0.199192,0.174731,0.140906,0.068740,0.148388,0.056315,0.148302,0.117461,0.256976,0.253743,0.245695,0.170519,0.212699,0.181336,0.169886,0.150238,0.120811,0.189649,0.200141,0.229924,0.317141,0.137922,0.301086,0.110941,0.261242,0.168736,0.241212,0.229913,0.153475,0.311763,0.096745,0.200835,0.202376,0.343388,0.163048,0.310072,0.196181,0.049069,0.074741,0.221292,0.175242,0.303631,0.207532,0.260386,0.288801,0.256138,0.241743,0.247439,0.324617,0.184902,0.278581,0.284329,0.060609,0.239665,0.229744,0.208501,0.165145,0.146923,0.165415,0.275737,0.284863,0.125651,0.141775,0.204822,0.113907,0.222732,0.273533,0.263205,0.211026,0.260552,0.281360,0.131376,0.245918,0.271940,0.197796,0.312202,0.185731,0.115029,0.229998,0.351535,0.184951,0.283987,0.250611,0.274607,0.265283,0.077045,0.260256,0.279504,0.239978,0.196463,0.257971,0.241833,-0.007902,0.086399,0.050113,0.273885,0.248573,0.125056,0.165568,0.157517,0.185012,0.381159,0.220421,0.230648,0.213855,0.266281,0.190021,-0.025365,0.175569,0.392577,0.177742,0.203549,0.287200,0.246754,0.260627,0.106847,0.258596,0.089972,0.199031,0.193871,0.276779,0.270969,0.272541,0.031912,0.251184,0.257572,0.287364,0.125203,0.327088,0.183075,0.325741,0.188969,0.216521,0.090967,0.135740,0.200817,0.241712,0.184822,0.334677,0.222519,0.152454,0.217670,0.232360,0.150442,0.241874,0.279336,0.001000,0.156444,0.239591,0.210058,0.259193,0.186761,0.267260,0.204886,0.123000,0.062816,0.210964,0.175167,0.210664,0.214327,0.167549,0.152981,0.253525,0.130087,0.126244,0.279250,0.221312,#
14,0.277469,0.055130,0.086255,0.165515,0.151323,0.184820,0.090972,0.275749,0.294867,0.223396,0.205595,0.051747,0.197914,0.252097,1.000000,0.298557,0.145753,0.206043,0.258976,0.323325,0.200971,0.112170,0.190930,0.318595,0.178553,0.084942,0.218585,0.210322,0.249222,0.234351,0.088840,0.229038,0.145547,0.136519,0.219134,0.214898,0.145795,0.210682,0.198897,0.243531,0.116133,0.078113,0.212816,0.107195,0.233122,0.310918,0.187453,0.118753,0.083214,0.160020,0.269893,0.110091,0.188674,0.272987,0.342549,0.254536,0.231758,0.163632,0.172673,0.151212,0.269610,0.231431,0.158270,0.167122,0.187588,0.116209,0.210560,0.175847,0.182872,0.220513,0.154724,0.179575,0.187792,0.308766,0.217012,0.121024,0.239756,0.229946,0.146690,0.174064,0.291395,0.252446,0.199665,0.231075,0.283702,0.163978,0.038001,0.172762,0.151810,0.110915,0.137853,0.127140,0.274771,0.216603,0.234333,0.121224,0.338341,0.121156,0.147454,0.136031,0.201132,0.221158,0.207497,0.198091,0.216741,0.156104,0.267928,0.243002,0.035860,0.152889,0.026524,0.024059,0.191176,0.181159,0.192446,0.203839,0.174262,0.144387,0.206828,0.182223,0.357540,0.259055,0.074921,0.177296,0.228803,0.051459,0.154348,0.249346,0.031076,0.300285,0.093125,0.154847,0.193628,0.075114,0.202858,0.141195,0.112900,0.200439,0.090755,0.076130,0.263696,0.240499,0.278100,0.137195,0.071796,0.299971,0.119299,0.137625,0.082428,0.074833,0.211993,0.050933,0.108238,0.206379,0.165425,0.218661,0.230660,0.187084,0.103129,0.175851,0.119758,0.206021,0.144398,0.102544,0.202535,0.102778,0.230008,0.138439,0.127689,0.254917,0.240334,0.195762,0.266116,0.157130,0.121522,0.151163,0.327290,0.286599,0.268846,0.159876,0.203255,0.268114,0.188232,0.184280,0.172643,0.129798,0.131499,-0.017192,0.088511,0.233525,0.032713,0.171207,0.193935,0.268233,0.239272,0.078568,0.055459,0.174065,0.275363,0.098789,#
15,0.247649,0.043630,0.235224,0.157058,0.194805,0.200798,0.176085,0.138694,0.232419,0.231272,0.145295,0.086405,0.115498,0.162220,0.298557,1.000000,0.240940,0.314452,0.194387,0.236454,0.125890,0.105072,0.192214,0.305043,0.156018,0.263920,0.171268,0.134973,0.167759,0.269431,0.104926,0.255575,0.123107,0.259853,0.114678,0.172978,0.179940,0.047404,0.281143,0.096221,0.190500,0.158980,0.171675,0.118047,0.243313,0.179966,-0.009401,0.178837,0.058867,0.178293,-0.015869,0.332738,0.132881,0.165878,0.183452,0.182176,0.135826,0.152617,0.232110,0.261500,0.274216,0.063972,0.253355,0.070605,0.128107,0.298186,0.175087,0.189033,0.166526,0.025281,0.208102,0.174238,0.115977,0.164837,0.163366,0.164712,0.073490,0.259697,0.144344,0.149396,0.317658,0.191949,0.044059,0.220289,0.265919,0.112149,0.109376,0.303716,0.164763,0.133156,0.066072,0.092126,0.187076,0.209477,0.116052,0.116974,0.300096,0.093589,0.174854,0.081294,0.274711,0.121607,0.214168,0.184036,0.049865,0.187449,0.242360,0.162046,0.099100,0.199230,0.006789,0.243484,0.103499,0.140392,0.172740,0.256583,0.119123,0.051256,0.091174,0.062166,0.240243,0.236728,0.200928,0.225872,0.197055,0.058585,0.187458,0.218914,0.138948,0.255851,0.017491,0.198544,0.144530,0.210948,0.201659,0.222672,0.063048,0.063434,0.038075,-0.011445,0.063751,0.195759,0.198240,0.099623,0.188466,0.059802,0.144573,0.182414,0.259558,0.090088,0.170031,-0.019978,0.201988,0.291147,0.077672,0.308714,0.179744,0.224720,0.140692,0.200239,0.070538,0.134618,0.296268,0.111291,0.166261,0.245497,0.205294,0.196491,0.237439,0.098048,0.027796,0.192378,0.078363,0.079187,0.188830,0.133545,0.278599,0.197202,0.056607,0.156319,0.198478,0.148167,0.189920,0.357745,0.062683,0.168694,-0.001602,0.182757,0.073800,0.145815,-0.105809,0.212497,0.196631,0.169047,0.070097,0.186748,0.127645,0.197540,0.148197,0.055971,#
16,0.224943,0.145094,0.112896,0.202566,0.188933,0.198032,0.179626,0.199824,0.135391,0.102764,0.187101,0.119192,0.276997,0.239847,0.145753,0.240940,1.000000,0.180267,0.126853,0.313574,0.269994,0.128975,0.162878,0.231173,0.030516,0.286539,0.210603,-0.007674,0.090678,0.295741,0.113670,0.302146,0.068633,0.306730,0.123979,0.183492,0.144407,0.070050,0.202241,0.196525,0.067759,0.137272,0.192937,0.177688,0.191843,0.281025,0.128198,0.095192,0.147195,0.125161,0.091653,0.218611,0.253098,0.231877,0.210879,0.129288,0.043358,0.144926,0.178536,0.045585,0.074526,0.309301,0.246186,0.157203,0.222718,0.183336,0.156586,0.335553,0.142467,0.248923,0.033292,0.170024,0.342330,0.117235,0.178119,0.217633,0.083308,0.286169,0.202252,0.155511,0.131769,0.156391,0.065009,0.165063,0.207330,0.178781,0.259266,0.233107,0.219317,0.094268,0.102461,0.171565,0.162876,0.100931,0.192440,0.132894,0.234372,0.068177,0.169207,0.269838,0.093397,0.099599,0.017030,0.177885,0.152048,0.161730,0.245076,0.055902,0.036564,0.140943,0.157072,0.198253,0.185153,0.121771,0.299066,0.278484,0.166029,0.119990,0.073098,0.151341,0.225741,0.234510,0.250671,0.245454,0.299131,0.004813,0.166588,0.013370,0.118186,0.253163,0.128636,0.121799,0.346899,-0.072709,0.379763,0.305505,0.102789,0.180811,0.120646,0.225051,0.073691,0.188838,0.100279,0.172608,0.256541,0.117441,0.057021,0.187397,0.235090,0.212270,0.004194,0.216579,0.131015,0.140132,0.197377,0.222793,0.081830,0.099187,0.149270,0.236869,0.092904,0.285332,0.264945,0.244517,0.114568,0.122893,0.271766,0.186046,0.092716,0.024530,0.108205,0.150988,0.089127,0.016372,0.159462,0.236361,0.136682,0.197097,0.191030,0.075875,0.110940,0.135621,0.224542,0.059022,0.114430,0.219189,0.157599,0.209715,0.160907,0.149745,0.216487,-0.028673,-0.002829,0.102537,0.138669,0.269222,0.109055,0.160582,0.091966,0.126852,#
17,0.277434,0.182165,0.108997,0.261555,0.230942,0.245207,0.189779,0.268310,0.218570,0.073687,0.208180,0.296402,0.198697,0.099807,0.206043,0.314452,0.180267,1.000000,0.120241,0.259192,0.313640,0.137236,0.141269,0.304517,0.129565,0.211695,0.119860,0.109879,0.088659,0.280436,0.184643,0.187974,0.323851,0.152866,0.065082,0.234561,0.040372,0.222479,0.331927,0.113063,0.272642,0.207124,0.145722,0.290968,0.122038,0.229377,0.208836,0.182958,0.218987,0.180980,0.240084,0.180581,0.047351,0.197614,0.123607,0.250475,0.279258,0.190675,0.182739,0.182203,0.250998,0.146294,0.135287,0.103383,0.198793,0.316215,0.272062,0.286151,0.198117,0.224212,0.133067,0.243117,0.235488,0.120031,0.169556,0.270371,0.145313,0.230971,0.110946,0.231397,0.243633,0.205157,0.315998,0.136789,0.230347,-0.013176,0.249634,0.169015,0.273341,0.166301,0.086562,0.087601,0.248568,0.260755,0.123653,0.219589,0.271468,0.245459,0.143994,0.179533,0.212394,0.006212,0.154004,0.230139,0.121115,0.256311,0.276529,0.230905,0.131029,0.033942,0.130327,0.165703,0.105686,0.271548,0.170512,0.217600,0.121175,0.139901,0.062649,0.176911,0.155416,0.253028,0.154628,0.246787,0.339221,0.122311,0.196205,0.177649,0.066084,0.197393,0.171268,0.243044,0.329759,0.159962,0.180912,0.282049,0.256667,0.237532,0.196295,0.278233,0.268034,0.217863,0.197899,0.212126,0.265846,0.182026,0.034579,0.145247,0.114780,0.015630,0.197305,-0.002460,0.080954,0.221463,0.280457,0.208592,0.172107,0.143013,0.292813,0.222547,0.151083,0.289020,0.268383,0.216869,0.164300,0.190860,0.170840,0.249308,0.177108,0.140950,0.290870,0.062235,0.103615,0.130281,0.193914,0.124695,0.281192,0.197225,0.004084,0.315723,0.175217,0.278710,0.249874,0.219290,0.086322,0.161061,0.123628,0.211922,0.197359,0.169006,0.129417,0.217009,0.252122,0.163956,0.327627,0.217278,0.170030,0.199216,0.183322,0.233124,#
18,0.221622,0.073175,0.181366,0.254053,0.230974,0.067292,0.195977,0.079276,0.160586,0.058819,0.201234,0.179727,0.182885,0.201501,0.258976,0.194387,0.126853,0.120241,1.000000,0.236040,0.165770,0.162531,0.069942,0.315784,0.193747,0.130550,0.123277,0.244551,0.114650,0.156086,0.087565,0.097289,0.231002,0.131187,0.178708,0.204296,0.177440,0.085464,0.153812,0.287425,0.148556,0.134562,0.176711,0.153410,0.201346,0.131592,0.135000,0.096441,-0.009170,0.198397,0.119579,0.052850,0.226621,0.196116,0.138857,0.195745,0.142726,0.158015,0.117558,0.072131,0.186061,0.092401,0.203831,0.094959,0.134052,0.231800,0.235147,0.178274,0.064982,0.060875,0.066218,0.101210,0.136771,0.062047,0.129180,0.151659,0.149815,0.207670,0.217151,0.164181,0.234253,0.087119,0.188925,0.193649,0.207444,-0.056540,0.180598,0.104892,0.151028,0.103316,0.217620,0.049734,0.145733,0.167727,0.189289,0.216285,0.286310,0.115573,0.165513,0.226146,0.191634,0.233758,0.228120,0.172946,0.273665,0.223678,0.167412,0.115944,0.107691,0.119015,0.213504,0.217291,0.231681,0.139626,0.094580,0.136461,0.061991,0.020425,0.117379,0.131355,0.104226,0.186506,0.165806,0.016712,0.186601,-0.044791,0.069057,0.180843,0.247272,0.175499,0.107762,0.254754,0.146509,0.167513,0.236759,0.083113,0.127696,0.265452,0.049822,0.165524,0.152331,0.053362,0.194232,0.169267,0.134042,0.213276,0.057802,0.101699,0.082232,0.081418,0.028313,0.184279,0.157542,0.142058,0.146460,0.224884,0.206131,0.163503,0.059570,0.299307,0.148258,0.200211,0.149359,0.207480,0.127421,0.225089,0.209000,0.152988,0.106920,0.205388,-0.028969,0.079307,0.211541,0.093780,0.071827,0.202500,0.175468,0.240708,0.214689,0.103390,0.096866,0.137470,0.217907,0.088909,0.179818,0.077153,0.274366,0.086264,0.111009,0.136204,0.144376,0.222554,0.236500,0.177655,0.168329,0.072413,0.064913,0.201979,0.306906,0.146899,#
19,0.330102,0.202017,0.226332,0.233642,0.366848,0.252850,0.120861,0.211253,0.267079,0.320805,0.268932,0.069134,0.299935,0.235353,0.323325,0.236454,0.313574,0.259192,0.236040,1.000000,0.208648,0.172403,0.216981,0.289452,0.111691,0.259445,0.289875,0.147830,0.153536,0.366793,0.157860,0.269973,0.230380,0.194656,0.164978,0.244362,0.130791,0.096994,0.375573,0.182111,0.233130,0.183053,0.127705,0.135624,0.163169,0.263208,0.329274,0.298444,0.191679,0.248511,0.154901,0.213784,0.124512,0.359167,0.203507,0.279826,0.228535,0.181878,0.241923,0.179437,0.316500,0.308107,0.249256,0.185802,0.329185,0.220868,0.187890,0.266668,0.169704,0.227729,0.236445,0.225120,0.300704,0.132513,0.285773,0.375481,0.204446,0.322306,0.387723,0.149443,0.278289,0.233688,0.240107,0.165748,0.353150,0.134886,0.160802,0.276437,0.262374,0.051887,0.119634,0.173246,0.276700,0.158485,0.197572,0.194127,0.289665,0.230807,0.096537,0.203432,0.260976,0.179511,0.246339,0.293783,0.300213,0.354681,0.255278,0.381741,0.130153,0.015788,0.103390,0.221289,0.281416,0.305356,0.231127,0.243498,0.300735,0.264729,0.200894,-0.018240,0.294882,0.361584,0.245555,0.278176,0.414209,0.110438,0.305997,0.213832,0.102869,0.245874,0.137231,0.113881,0.284845,0.175405,0.295537,0.232718,0.269125,0.305807,0.112234,0.182781,0.161976,0.245119,0.256810,0.191232,0.218854,0.201088,0.095194,0.240687,0.279567,0.123680,0.188335,0.270108,0.208067,0.272628,0.267482,0.173914,0.190922,0.171261,0.255832,0.247746,0.286564,0.294354,0.253275,0.193501,0.260558,0.228188,0.145326,0.224959,0.261789,0.117793,0.212314,0.186796,0.348496,0.238848,0.182847,0.166616,0.304961,0.347128,0.184713,0.173509,0.093340,0.302316,0.247382,0.276644,0.264771,0.218373,0.164343,0.163101,0.260886,0.177027,0.325799,0.286316,0.138438,0.214673,0.157352,0.231960,0.083009,0.180432,0.337610,0.344171,#
20,0.138429,0.039136,0.284150,0.284175,0.372000,0.210748,0.253050,0.187049,0.218461,0.178568,0.140506,0.132597,0.106738,0.248071,0.200971,0.125890,0.269994,0.313640,0.165770,0.208648,1.000000,0.204527,0.121619,0.275885,0.220703,0.313947,0.208479,0.106930,0.104733,0.247545,0.132583,0.150227,0.189389,0.201624,0.166539,0.250368,0.222323,0.165922,0.229739,0.223037,0.149025,0.312021,0.109487,0.105900,0.334203,0.264479,0.309302,0.088703,0.077542,0.199542,0.008573,0.210729,0.121281,0.304380,0.232610,0.193017,0.247213,0.230793,0.206213,0.099172,0.258736,0.117594,0.262400,0.125057,0.207436,0.134193,0.213556,0.189387,0.243977,0.248818,0.265106,0.193965,0.317685,0.171287,0.181525,0.089578,0.136279,0.301398,0.164397,0.133761,0.207775,0.248870,0.259031,0.049014,0.245380,0.196550,0.216266,0.205883,0.237171,0.137887,0.171251,0.217030,0.199588,0.252338,0.269849,0.145281,0.254655,0.271653,0.192852,0.094034,0.210479,0.103018,0.215874,0.164228,0.192721,0.191140,0.234755,0.155239,0.046180,0.211634,0.267680,0.268900,0.148325,0.206567,0.145792,0.249821,0.292370,0.132589,0.013989,0.172014,0.170339,0.232281,0.101566,0.205292,0.270178,0.090423,0.258883,0.211602,0.284707,0.234040,0.228075,0.177747,0.274788,0.091400,0.271551,0.208958,0.251831,0.143493,0.223052,0.160679,0.204451,0.261623,0.172396,0.169079,0.254290,0.164293,-0.000272,0.238357,0.196530,0.239953,0.248096,0.193848,0.078099,0.218281,0.204563,0.161658,0.130783,0.004198,0.177326,0.359393,0.157243,0.294422,0.227777,0.212151,0.224854,0.102257,0.070629,0.249071,0.146448,0.097500,0.250101,0.073006,0.099510,0.088206,0.092810,0.308240,0.095732,0.185474,0.284513,0.197610,0.180999,0.141743,0.195940,0.236224,0.153673,0.003676,0.137366,0.149093,0.147586,0.348085,0.088655,0.200456,0.157632,0.198185,0.194372,0.181221,0.182181,0.242529,0.231239,0.228731,#
21,0.114903,0.177567,0.290127,0.238585,0.202079,0.066998,0.114788,0.220232,0.245259,0.122500,0.059542,0.246844,0.118030,0.196869,0.112170,0.105072,0.128975,0.137236,0.162531,0.172403,0.204527,1.000000,0.078858,0.145657,0.140587,0.122526,0.184703,0.142021,0.213263,0.222156,0.130702,0.188239,0.177997,0.260941,0.044011,0.258649,0.286980,0.251019,0.289139,0.140798,0.103890,0.218593,0.064970,0.236605,0.139320,0.177547,0.219195,0.211627,-0.019382,0.104376,0.189435,0.106731,0.086399,0.160150,0.182053,0.167305,0.171386,0.151487,0.029577,0.071158,0.158243,0.010681,0.249333,0.093185,0.276024,0.238289,0.081946,0.187789,0.285143,0.316167,0.289490,0.129905,0.353449,0.283939,0.135069,0.105281,0.099404,0.190398,0.089295,0.158571,0.263547,0.190923,0.107155,-0.037854,0.255607,-0.009087,0.224444,0.091409,0.156030,0.280606,0.082554,0.098386,0.127045,0.116070,0.214800,0.143875,0.222074,0.182427,-0.025993,0.203613,0.338836,0.175046,0.115835,0.130510,0.207817,0.239146,0.224634,0.131820,0.141338,0.116413,0.193060,0.172315,0.141880,0.211059,0.092565,0.271793,0.260420,0.094532,0.082114,0.206511,0.159450,0.278749,0.082210,0.313327,0.194699,0.030446,0.176776,0.218477,0.107069,0.076584,0.184560,0.173559,0.311638,0.157972,0.153451,0.113993,0.235547,0.105702,0.085878,0.276454,0.148935,0.315243,0.208223,0.140689,0.232125,0.241585,0.140775,0.194487,0.182217,0.090962,0.135166,0.070514,0.108212,0.185712,0.281312,0.149363,-0.000845,0.138493,0.137267,0.179792,0.222429,0.261481,0.196488,0.177405,0.253289,0.035709,0.099626,0.202243,0.065341,0.245622,0.120826,0.118028,0.211262,0.112966,0.084090,0.260338,0.195878,0.222203,0.095234,0.176384,0.131530,0.223636,0.009964,0.221950,0.077740,0.138059,0.172888,0.189595,0.224303,0.185812,0.215577,0.030379,0.260948,0.157507,0.234005,0.200242,0.175271,0.194307,0.241119,0.163008,#
