0,1.000000,0.449062,0.390144,0.282726,0.331830,0.383485,0.400343,0.277870,0.362082,0.392765,0.425770,0.416707,0.365966,0.299248,0.408595,0.332615,0.417020,0.472575,0.391071,0.301256,0.412680,0.448283,0.331555,0.390739,0.297150,0.272321,0.399703,0.454191,0.365729,0.353656,0.345364,0.297588,0.367242,0.282149,0.268323,0.421162,0.402960,0.394412,0.265346,0.418533,0.243389,0.420821,0.308426,0.409760,0.323455,0.348002,0.384685,0.353016,0.434442,0.343243,0.476472,0.351302,0.335238,0.317269,0.469071,0.282456,0.354236,0.412359,0.310850,0.292054,0.408751,0.319894,0.370146,0.393481,0.390125,0.216679,0.399278,0.326259,0.293411,0.373981,0.454609,0.417681,0.373008,0.420760,0.348153,0.343278,0.343175,0.431519,0.377187,0.283542,0.465410,0.334872,0.406479,0.384951,0.318761,0.455195,0.391437,0.265990,0.437692,0.347327,0.400377,0.318533,0.326993,0.331793,0.349767,0.424895,0.351052,0.347835,0.410576,0.352244,0.385533,0.399707,0.334099,0.382205,0.331176,0.365339,0.385437,0.401590,0.335324,0.379825,0.273073,0.360763,0.409020,0.348177,0.293125,0.354884,0.364933,0.279730,0.428531,0.356276,0.429534,0.294525,0.227480,0.305101,0.308295,0.447447,0.314614,0.365376,0.358704,0.397045,0.431310,0.401963,0.335179,0.295556,0.384710,0.283165,0.384867,0.334218,0.370818,0.450612,0.333855,0.361609,0.415656,0.382936,0.368342,0.412430,0.357435,0.267784,0.374634,0.282154,0.398733,0.289018,0.332221,0.336731,0.317004,0.229478,0.280478,0.340649,0.404323,0.360664,0.424623,0.404741,0.335655,0.363364,0.375203,0.267218,0.207379,0.322415,0.389722,0.384446,0.474524,0.176479,0.438512,0.421030,0.400097,0.313850,0.343013,0.360433,0.420081,0.340239,0.345713,0.453856,0.336181,0.210354,0.308248,0.427814,0.415104,0.488147,0.386212,0.242515,0.413157,0.367294,0.224393,0.222437,0.340154,0.308142,0.373484,0.346080,0.340168,0.403914,#
1,0.449062,1.000000,0.368011,0.285190,0.405953,0.415400,0.446508,0.338819,0.291459,0.391572,0.474616,0.440820,0.396181,0.459651,0.372263,0.323350,0.375679,0.327843,0.499693,0.320309,0.375591,0.465457,0.300050,0.392243,0.451604,0.393722,0.424762,0.452635,0.363760,0.274918,0.419863,0.390831,0.409405,0.367346,0.385129,0.363064,0.325575,0.358437,0.297275,0.402212,0.333599,0.385701,0.475789,0.314529,0.376124,0.334243,0.431548,0.432227,0.402348,0.363475,0.467993,0.363430,0.474270,0.342437,0.406306,0.289909,0.351905,0.431166,0.453689,0.409226,0.458527,0.365905,0.401551,0.407046,0.335756,0.318367,0.349886,0.427026,0.368375,0.304530,0.421460,0.313507,0.406703,0.398481,0.445314,0.240266,0.472903,0.424612,0.469703,0.369809,0.367799,0.475083,0.423009,0.468554,0.285934,0.399949,0.344370,0.360889,0.422068,0.471918,0.395700,0.480514,0.411500,0.379730,0.306959,0.475025,0.358217,0.285832,0.463691,0.315202,0.377008,0.291553,0.330501,0.365330,0.319236,0.286366,0.385612,0.477564,0.315675,0.384484,0.407479,0.391016,0.486251,0.386416,0.420978,0.356182,0.437885,0.292637,0.469335,0.382370,0.336501,0.368195,0.311862,0.388092,0.409986,0.410752,0.473122,0.362599,0.417877,0.368278,0.446203,0.414335,0.277028,0.339276,0.481296,0.365789,0.356774,0.317977,0.385108,0.392255,0.434473,0.369221,0.294732,0.350300,0.434833,0.393839,0.417522,0.318227,0.456735,0.303569,0.411280,0.419328,0.416161,0.262498,0.292569,0.362423,0.365513,0.467473,0.411592,0.300712,0.308957,0.423236,0.366857,0.370642,0.363567,0.419912,0.255540,0.389660,0.333272,0.456501,0.440793,0.293085,0.332491,0.349897,0.508942,0.379754,0.302843,0.440162,0.429187,0.374924,0.407761,0.355531,0.415013,0.364380,0.491628,0.396858,0.381807,0.482349,0.329415,0.307610,0.494132,0.398229,0.242418,0.316112,0.409070,0.443329,0.280496,0.407805,0.342723,0.361550,#
2,0.390144,0.368011,1.000000,0.393870,0.353047,0.427114,0.375286,0.322043,0.286870,0.339109,0.295962,0.373975,0.357003,0.368961,0.390364,0.346228,0.409753,0.368643,0.404103,0.346264,0.366432,0.437940,0.407324,0.385763,0.406722,0.364433,0.428642,0.293969,0.318556,0.306010,0.406903,0.393383,0.341134,0.343267,0.353285,0.348547,0.339976,0.393474,0.280491,0.363162,0.413046,0.403172,0.372771,0.294571,0.290121,0.399820,0.327558,0.424829,0.316010,0.329909,0.398041,0.406530,0.419240,0.325921,0.383641,0.406802,0.225546,0.461426,0.308157,0.364049,0.218635,0.366598,0.376570,0.445571,0.424854,0.340719,0.335986,0.331580,0.348584,0.394851,0.337994,0.259837,0.296533,0.396650,0.382923,0.415700,0.336288,0.402689,0.389039,0.360874,0.411995,0.340830,0.313699,0.370455,0.277447,0.441620,0.393245,0.340809,0.321857,0.408817,0.314154,0.308919,0.378650,0.325882,0.343122,0.377363,0.330134,0.261415,0.404671,0.320466,0.394526,0.434714,0.340532,0.294224,0.458991,0.278028,0.346930,0.385440,0.327338,0.431834,0.403019,0.371167,0.399391,0.308336,0.310026,0.311749,0.250392,0.394540,0.267155,0.301429,0.376960,0.302340,0.297776,0.286474,0.312970,0.314362,0.392548,0.355510,0.385822,0.304037,0.344441,0.450187,0.301319,0.283660,0.346311,0.366178,0.364844,0.381141,0.323244,0.313521,0.289724,0.287041,0.426583,0.378404,0.460664,0.374869,0.343723,0.285027,0.453616,0.360717,0.354228,0.388420,0.349464,0.354017,0.229733,0.278194,0.276632,0.395559,0.364176,0.310323,0.448665,0.414612,0.411868,0.377669,0.311404,0.290603,0.277226,0.354382,0.327895,0.422610,0.428188,0.387928,0.344695,0.329651,0.435079,0.365282,0.440995,0.433262,0.384946,0.377373,0.397381,0.320666,0.279301,0.258307,0.302543,0.404446,0.461111,0.378368,0.366729,0.260224,0.385229,0.322953,0.388391,0.316327,0.327146,0.328757,0.389955,0.240241,0.487103,0.396212,#
3,0.282726,0.285190,0.393870,1.000000,0.244321,0.265081,0.270025,0.367675,0.250509,0.268397,0.241948,0.319735,0.205148,0.261851,0.155250,0.104752,0.274859,0.328348,0.213187,0.239629,0.303639,0.309392,0.314375,0.288299,0.288755,0.332530,0.289788,0.237861,0.272137,0.219867,0.284540,0.295850,0.245347,0.380520,0.188971,0.255706,0.274565,0.349692,0.265320,0.219232,0.249507,0.294037,0.394866,0.195475,0.299484,0.416853,0.347154,0.340381,0.239386,0.316028,0.403440,0.254903,0.261440,0.306525,0.235796,0.325408,0.220845,0.399099,0.277968,0.225852,0.264654,0.223728,0.296650,0.327785,0.316174,0.240412,0.209450,0.344959,0.155070,0.273237,0.361812,0.213976,0.158461,0.331660,0.336989,0.254363,0.197702,0.368066,0.272453,0.355779,0.283512,0.292641,0.253467,0.339799,0.227726,0.287584,0.390281,0.229484,0.262584,0.340189,0.316798,0.249632,0.278477,0.356246,0.206587,0.302716,0.213980,0.161941,0.346673,0.148016,0.218854,0.281556,0.299779,0.213172,0.350320,0.196016,0.300437,0.318456,0.236228,0.279203,0.338798,0.251420,0.234608,0.290015,0.237683,0.211464,0.228697,0.251408,0.213130,0.268109,0.294900,0.295238,0.299532,0.295698,0.231945,0.291392,0.312134,0.200174,0.344915,0.298831,0.319782,0.227318,0.308027,0.440147,0.290180,0.339099,0.258752,0.211129,0.309000,0.317761,0.298585,0.216505,0.373578,0.333027,0.374133,0.237777,0.312177,0.280074,0.363821,0.335588,0.312798,0.180923,0.223521,0.259629,0.232261,0.188193,0.308939,0.357575,0.210342,0.306336,0.361086,0.308581,0.387324,0.399079,0.290947,0.376845,0.223095,0.241120,0.344977,0.373962,0.356992,0.219439,0.259571,0.288501,0.355078,0.261156,0.208930,0.275633,0.258414,0.286058,0.391563,0.358450,0.327611,0.287784,0.216392,0.250331,0.244038,0.400584,0.224644,0.187008,0.348463,0.287847,0.255027,0.280108,0.193386,0.293546,0.320106,0.285297,0.305112,0.298096,#
4,0.331830,0.405953,0.353047,0.244321,1.000000,0.272073,0.419950,0.281065,0.343538,0.350073,0.431703,0.269054,0.351404,0.332605,0.301394,0.306675,0.309588,0.393183,0.413108,0.377782,0.311236,0.433072,0.300025,0.370327,0.392394,0.425683,0.343165,0.372791,0.353823,0.223802,0.397333,0.351519,0.412124,0.351365,0.380565,0.327344,0.181355,0.481366,0.282763,0.371359,0.338940,0.400601,0.424567,0.348301,0.337135,0.316548,0.360761,0.428797,0.407567,0.399616,0.396141,0.264092,0.404139,0.422045,0.363276,0.337731,0.187446,0.363764,0.309004,0.411321,0.404915,0.330425,0.321875,0.318234,0.312853,0.301749,0.402994,0.367862,0.335703,0.365898,0.335896,0.376387,0.294124,0.288563,0.380090,0.258102,0.275296,0.402136,0.244443,0.264372,0.470364,0.431081,0.268768,0.405793,0.315920,0.385185,0.283736,0.307158,0.405121,0.386139,0.314354,0.367563,0.287163,0.381415,0.233307,0.401653,0.284283,0.397524,0.423583,0.280914,0.375562,0.262900,0.255839,0.413390,0.431081,0.251205,0.336154,0.340709,0.357525,0.496337,0.420458,0.255174,0.415493,0.429470,0.293537,0.290897,0.286044,0.242236,0.407226,0.377804,0.307571,0.380492,0.324070,0.317694,0.343196,0.368282,0.398076,0.332237,0.256866,0.196678,0.334912,0.417621,0.332542,0.282471,0.362558,0.401085,0.330772,0.252268,0.255489,0.316586,0.354251,0.244261,0.343231,0.393690,0.342153,0.361926,0.401482,0.226794,0.392428,0.387630,0.361163,0.377155,0.373507,0.372132,0.297915,0.312874,0.359076,0.412782,0.295921,0.323533,0.321911,0.366593,0.369767,0.343004,0.313103,0.405075,0.341561,0.256409,0.381482,0.420701,0.443602,0.305962,0.256846,0.225153,0.387219,0.231469,0.347759,0.285243,0.253340,0.310777,0.294858,0.382000,0.252807,0.232671,0.355918,0.340756,0.338749,0.455219,0.373559,0.253369,0.385690,0.294730,0.377417,0.320731,0.338318,0.351077,0.349398,0.414821,0.375093,0.378602,#
5,0.383485,0.415400,0.427114,0.265081,0.272073,1.000000,0.306045,0.333744,0.326517,0.363242,0.290778,0.397310,0.280621,0.240329,0.323288,0.387406,0.394251,0.394672,0.385585,0.289292,0.359262,0.391049,0.344546,0.463054,0.273385,0.390701,0.347846,0.325448,0.335499,0.291905,0.261154,0.497678,0.299392,0.315944,0.347014,0.292740,0.466696,0.369314,0.309796,0.451121,0.317932,0.369648,0.321805,0.369532,0.294945,0.409537,0.265478,0.286480,0.389843,0.347250,0.400764,0.313961,0.443192,0.293721,0.392978,0.366813,0.263252,0.461094,0.315606,0.297400,0.400752,0.357563,0.414115,0.377772,0.362822,0.265776,0.348221,0.397166,0.217350,0.235413,0.450855,0.250773,0.415113,0.468387,0.338253,0.336348,0.352266,0.390891,0.381551,0.337611,0.411777,0.310258,0.357637,0.256382,0.202516,0.388557,0.285684,0.306190,0.378004,0.296263,0.325987,0.360365,0.264763,0.340627,0.238289,0.368877,0.363141,0.219172,0.368281,0.222263,0.396856,0.369520,0.393382,0.303670,0.298366,0.280393,0.347877,0.393551,0.295033,0.381151,0.421458,0.353634,0.400848,0.296074,0.311075,0.373751,0.455211,0.351220,0.304541,0.421546,0.300932,0.314839,0.310524,0.246982,0.419654,0.292834,0.331030,0.253250,0.357474,0.402776,0.363246,0.403397,0.258759,0.267941,0.451161,0.315081,0.272323,0.276273,0.348144,0.330862,0.392250,0.335018,0.363046,0.363679,0.346359,0.310384,0.305270,0.318843,0.353817,0.287959,0.339931,0.291695,0.339998,0.398105,0.208586,0.274721,0.324593,0.379734,0.337930,0.306416,0.440073,0.321029,0.416083,0.207217,0.273991,0.251361,0.148602,0.330739,0.331247,0.415511,0.270628,0.336085,0.427045,0.303644,0.351604,0.338526,0.281776,0.426345,0.377745,0.299431,0.406357,0.450466,0.445934,0.262362,0.317140,0.405813,0.347024,0.354234,0.381482,0.272815,0.484680,0.277566,0.271170,0.367201,0.364478,0.371788,0.379796,0.354533,0.397005,0.420593,#
6,0.400343,0.446508,0.375286,0.270025,0.419950,0.306045,1.000000,0.326137,0.275668,0.374950,0.409083,0.391676,0.299041,0.395400,0.253376,0.293811,0.357796,0.399735,0.392817,0.427032,0.335830,0.396779,0.339852,0.357622,0.397457,0.307798,0.303363,0.338358,0.323310,0.255642,0.325861,0.325673,0.318744,0.291151,0.270090,0.267986,0.253399,0.316571,0.237623,0.369875,0.376794,0.391625,0.362967,0.360499,0.398858,0.270171,0.420491,0.488802,0.396305,0.416203,0.304944,0.422410,0.413294,0.379374,0.320715,0.348518,0.306239,0.447542,0.320830,0.335429,0.309188,0.317596,0.315787,0.389231,0.233319,0.352804,0.304304,0.292130,0.282987,0.270330,0.399242,0.362916,0.348293,0.401930,0.347121,0.315205,0.366069,0.396700,0.352811,0.365000,0.398384,0.405974,0.390527,0.329336,0.326370,0.445703,0.350535,0.364186,0.386225,0.384084,0.378186,0.342719,0.378229,0.446779,0.277194,0.450567,0.307957,0.287761,0.445160,0.245944,0.402635,0.364645,0.180832,0.403678,0.269128,0.425991,0.409302,0.377273,0.289508,0.354712,0.354041,0.312720,0.349552,0.363775,0.317020,0.287720,0.325308,0.346938,0.358172,0.291042,0.317856,0.459297,0.240036,0.283068,0.289434,0.312147,0.306827,0.471292,0.297966,0.371861,0.330373,0.360620,0.387467,0.259594,0.540487,0.358782,0.292227,0.426554,0.366962,0.259240,0.325787,0.216411,0.373837,0.521058,0.265666,0.366757,0.306333,0.241026,0.336485,0.273060,0.445233,0.305095,0.368056,0.336777,0.347731,0.240402,0.306328,0.363196,0.311183,0.309844,0.335880,0.378086,0.323296,0.381280,0.383003,0.304819,0.174693,0.251410,0.364657,0.436834,0.364142,0.350278,0.295261,0.294178,0.425401,0.339358,0.318470,0.327360,0.349327,0.261576,0.207910,0.251786,0.333019,0.315104,0.356933,0.301118,0.361296,0.360466,0.362768,0.325691,0.444872,0.275065,0.349071,0.284346,0.320521,0.392967,0.346182,0.359057,0.298931,0.314811,#
7,0.277870,0.338819,0.322043,0.367675,0.281065,0.333744,0.326137,1.000000,0.277116,0.395033,0.321315,0.407533,0.322018,0.363530,0.217789,0.257829,0.320385,0.349926,0.351779,0.372526,0.319889,0.379263,0.452461,0.297345,0.444769,0.366663,0.351057,0.418014,0.296426,0.268041,0.398346,0.401484,0.408018,0.352328,0.306193,0.368090,0.312364,0.335239,0.307891,0.288258,0.260973,0.336005,0.488366,0.252581,0.327219,0.420997,0.323683,0.431494,0.391278,0.401376,0.434642,0.290021,0.328833,0.386303,0.386166,0.412941,0.343774,0.366152,0.304691,0.380344,0.276444,0.186324,0.365558,0.353281,0.396121,0.252083,0.348741,0.417440,0.309175,0.500277,0.358844,0.240964,0.397822,0.407783,0.404107,0.354571,0.405768,0.378006,0.393645,0.423998,0.338285,0.392352,0.364161,0.407483,0.306670,0.398685,0.426085,0.380555,0.381092,0.388312,0.362663,0.267737,0.348189,0.338779,0.342283,0.385379,0.304987,0.236341,0.315852,0.205387,0.383687,0.341974,0.280924,0.367358,0.291486,0.315986,0.343691,0.317166,0.370110,0.324774,0.389447,0.378663,0.331389,0.340670,0.396954,0.327669,0.331750,0.384252,0.395316,0.381029,0.344813,0.418625,0.333756,0.422431,0.428707,0.396254,0.366643,0.360042,0.353633,0.320112,0.381353,0.287627,0.293577,0.347188,0.445812,0.436572,0.306796,0.344076,0.425119,0.409615,0.419759,0.494120,0.290037,0.387123,0.449051,0.338645,0.418988,0.303658,0.415608,0.320955,0.356486,0.498929,0.337320,0.237073,0.264019,0.401952,0.319830,0.394575,0.321116,0.320818,0.437873,0.333141,0.350105,0.399428,0.391247,0.294835,0.323643,0.270925,0.429035,0.337852,0.376561,0.353807,0.343533,0.286872,0.368111,0.365992,0.332749,0.410557,0.297489,0.396439,0.362646,0.428385,0.249425,0.263791,0.300551,0.376899,0.403774,0.425429,0.323150,0.319228,0.418117,0.297892,0.264710,0.371005,0.228148,0.294570,0.419243,0.349554,0.357316,0.412170,#
8,0.362082,0.291459,0.286870,0.250509,0.343538,0.326517,0.275668,0.277116,1.000000,0.263986,0.347701,0.339505,0.330698,0.329170,0.334657,0.348464,0.370225,0.292036,0.255793,0.366328,0.288191,0.333674,0.305770,0.342219,0.294304,0.383550,0.258153,0.383781,0.253339,0.405173,0.257878,0.392529,0.298835,0.425828,0.327618,0.295627,0.282469,0.443222,0.213684,0.495067,0.296407,0.306950,0.293408,0.381436,0.361582,0.314680,0.355180,0.385350,0.254760,0.268796,0.315443,0.402598,0.299673,0.430532,0.411570,0.326162,0.224540,0.315660,0.323371,0.389982,0.363493,0.202871,0.439765,0.407218,0.309011,0.255604,0.328037,0.410672,0.379290,0.341924,0.248832,0.405077,0.265385,0.376227,0.270280,0.236083,0.319133,0.282295,0.338999,0.219536,0.332201,0.303597,0.318167,0.255926,0.253431,0.383446,0.296731,0.260439,0.401444,0.355401,0.345980,0.258386,0.289496,0.356533,0.274241,0.484764,0.372743,0.309056,0.274389,0.218931,0.384645,0.224655,0.194640,0.234952,0.321256,0.244170,0.427730,0.352919,0.261642,0.418760,0.303654,0.358046,0.337351,0.263121,0.277326,0.374856,0.451806,0.295987,0.215287,0.414003,0.333838,0.251902,0.313493,0.261933,0.339626,0.378810,0.295796,0.304235,0.375911,0.287255,0.398264,0.364772,0.293436,0.256027,0.424399,0.393856,0.290308,0.388241,0.424315,0.327231,0.285827,0.314467,0.416179,0.324482,0.424412,0.340358,0.344043,0.434514,0.387662,0.313879,0.312172,0.308638,0.311089,0.308861,0.302410,0.242085,0.356399,0.293429,0.299256,0.312248,0.299908,0.285462,0.339241,0.378834,0.271903,0.293871,0.269844,0.267027,0.293199,0.407968,0.394941,0.109301,0.250036,0.396059,0.380833,0.381113,0.252991,0.344384,0.276415,0.382527,0.397639,0.270242,0.149758,0.246787,0.380506,0.297964,0.321359,0.313469,0.330798,0.204062,0.394687,0.323277,0.193448,0.271752,0.270772,0.304406,0.354676,0.241520,0.298604,0.350054,#
9,0.392765,0.391572,0.339109,0.268397,0.350073,0.363242,0.374950,0.395033,0.263986,1.000000,0.458357,0.414087,0.411414,0.369821,0.381460,0.368778,0.325734,0.307815,0.381445,0.373007,0.390692,0.360767,0.405113,0.397399,0.384339,0.343430,0.407044,0.505323,0.353360,0.260152,0.427063,0.393757,0.306792,0.381952,0.325449,0.392725,0.279999,0.377132,0.246681,0.341834,0.341492,0.410301,0.331846,0.233931,0.380882,0.454891,0.313270,0.443432,0.418211,0.272386,0.448383,0.380251,0.390783,0.344701,0.374637,0.333536,0.378736,0.423908,0.271956,0.369475,0.320160,0.312245,0.449266,0.389849,0.362645,0.381231,0.268396,0.457717,0.367243,0.288299,0.365096,0.358940,0.265632,0.442080,0.427904,0.327006,0.484205,0.394066,0.437765,0.462033,0.423566,0.415775,0.475534,0.386080,0.405282,0.482680,0.427836,0.310599,0.447485,0.333690,0.333484,0.478632,0.356057,0.444004,0.385256,0.471742,0.465427,0.281381,0.378464,0.309619,0.444593,0.375309,0.427775,0.288917,0.369777,0.317889,0.416548,0.419259,0.312005,0.337646,0.340004,0.350237,0.435335,0.369182,0.330899,0.391913,0.451008,0.439148,0.467190,0.317266,0.500970,0.507224,0.315927,0.371834,0.372949,0.433709,0.320530,0.472844,0.325997,0.229467,0.379957,0.462692,0.349381,0.317229,0.497349,0.308176,0.332793,0.306586,0.396327,0.396673,0.336935,0.303803,0.353208,0.397520,0.356908,0.298435,0.391823,0.275690,0.291399,0.326625,0.391068,0.420374,0.407464,0.362812,0.339694,0.353153,0.378439,0.410146,0.333430,0.401471,0.386000,0.276285,0.310813,0.416664,0.423704,0.336550,0.273390,0.313193,0.424192,0.446585,0.396410,0.398315,0.361642,0.367857,0.379743,0.397696,0.316344,0.288920,0.316060,0.442997,0.347616,0.406851,0.396322,0.371067,0.322572,0.414383,0.477007,0.405646,0.401576,0.286030,0.422493,0.337252,0.242809,0.296245,0.323007,0.343595,0.339023,0.322015,0.372853,0.337380,#
10,0.425770,0.474616,0.295962,0.241948,0.431703,0.290778,0.409083,0.321315,0.347701,0.458357,1.000000,0.406639,0.299953,0.403328,0.330442,0.362541,0.442538,0.369758,0.443354,0.424120,0.355077,0.353756,0.347660,0.311368,0.383951,0.311659,0.413671,0.375472,0.252759,0.312460,0.373057,0.339756,0.309456,0.386414,0.343511,0.407808,0.186305,0.362533,0.301991,0.314737,0.218787,0.287181,0.348252,0.263304,0.349558,0.356143,0.358897,0.432736,0.420389,0.386191,0.341607,0.394536,0.339939,0.400256,0.369002,0.372037,0.310459,0.371005,0.338417,0.281758,0.418775,0.342670,0.378585,0.381372,0.303164,0.273193,0.367360,0.332050,0.306755,0.288361,0.306669,0.324158,0.249832,0.393037,0.372878,0.342686,0.419238,0.304689,0.389938,0.296389,0.338610,0.484054,0.346417,0.380058,0.313294,0.424361,0.365710,0.247882,0.398180,0.346943,0.257171,0.391183,0.406843,0.344707,0.282224,0.395515,0.394210,0.243648,0.442858,0.306408,0.445101,0.272293,0.313519,0.374532,0.373137,0.315077,0.467371,0.406279,0.294904,0.393972,0.275110,0.325747,0.361476,0.410176,0.332729,0.408517,0.400213,0.286915,0.278416,0.284880,0.330865,0.314299,0.338653,0.340033,0.401495,0.335466,0.319994,0.341040,0.342877,0.358618,0.366349,0.396272,0.324338,0.246108,0.476963,0.344833,0.332359,0.357335,0.277452,0.449310,0.341848,0.295808,0.444540,0.342517,0.365252,0.358123,0.249430,0.319555,0.348781,0.377885,0.377854,0.425772,0.348747,0.419736,0.348856,0.366113,0.343028,0.330741,0.320979,0.447180,0.316683,0.357225,0.315025,0.409210,0.324563,0.332878,0.242499,0.218493,0.314690,0.485335,0.447099,0.338641,0.362990,0.392250,0.471049,0.222451,0.351302,0.381324,0.374585,0.443537,0.356979,0.334496,0.405891,0.294161,0.431072,0.329305,0.360058,0.412034,0.318168,0.260151,0.359590,0.379048,0.298599,0.294086,0.340536,0.445054,0.369520,0.400038,0.377434,0.402153,#
11,0.416707,0.440820,0.373975,0.319735,0.269054,0.397310,0.391676,0.407533,0.339505,0.414087,0.406639,1.000000,0.383070,0.355106,0.205975,0.410449,0.441019,0.432187,0.384489,0.271171,0.390561,0.419164,0.353093,0.380000,0.439533,0.468938,0.304227,0.411385,0.240908,0.383695,0.385788,0.467371,0.321882,0.427242,0.314597,0.322853,0.406846,0.438204,0.249735,0.364090,0.362389,0.399154,0.421476,0.383485,0.367819,0.403917,0.375502,0.498424,0.368641,0.266645,0.417530,0.434627,0.348125,0.446049,0.390833,0.378906,0.462565,0.387076,0.356274,0.291566,0.353629,0.359858,0.440846,0.427092,0.407657,0.220948,0.380405,0.378007,0.336273,0.335581,0.387235,0.283497,0.329404,0.462536,0.466203,0.393464,0.372475,0.415291,0.545593,0.334480,0.406083,0.307736,0.372228,0.449601,0.396427,0.423156,0.449573,0.320389,0.408264,0.352427,0.414935,0.379631,0.398278,0.392921,0.321390,0.392529,0.306363,0.318984,0.401406,0.343481,0.471825,0.363482,0.344108,0.222841,0.376985,0.419830,0.398446,0.377951,0.335175,0.440636,0.317192,0.356247,0.425672,0.385845,0.299108,0.482468,0.431137,0.281500,0.370893,0.409900,0.375407,0.466761,0.344580,0.332388,0.408547,0.336024,0.475695,0.463609,0.423410,0.320935,0.463656,0.488637,0.229377,0.290842,0.424358,0.343431,0.275700,0.402851,0.403793,0.376081,0.339694,0.416376,0.399079,0.502211,0.404190,0.393315,0.410937,0.353123,0.459209,0.351841,0.428242,0.466286,0.375140,0.340227,0.430653,0.295599,0.316413,0.345259,0.322777,0.369420,0.463194,0.370848,0.356781,0.414562,0.429145,0.401736,0.248688,0.337283,0.487902,0.417139,0.464833,0.271612,0.414904,0.378651,0.393499,0.436370,0.435785,0.371411,0.331377,0.304488,0.390887,0.388928,0.412593,0.356601,0.388983,0.471353,0.417097,0.370278,0.377792,0.321007,0.312254,0.336191,0.314741,0.187997,0.328329,0.411902,0.463174,0.324336,0.329199,0.430649,#
12,0.365966,0.396181,0.357003,0.205148,0.351404,0.280621,0.299041,0.322018,0.330698,0.411414,0.299953,0.383070,1.000000,0.321089,0.276611,0.341360,0.368155,0.331192,0.478979,0.357586,0.406170,0.292072,0.354313,0.378298,0.382645,0.324576,0.305063,0.481159,0.340972,0.364494,0.411041,0.437078,0.359117,0.331976,0.334772,0.301974,0.340030,0.352349,0.151576,0.343912,0.387888,0.327449,0.466282,0.340675,0.341046,0.384569,0.281234,0.359237,0.447607,0.324513,0.393520,0.241728,0.312619,0.347041,0.366571,0.269839,0.330733,0.429511,0.344640,0.373513,0.382668,0.341821,0.397109,0.359969,0.333370,0.316902,0.345871,0.305127,0.308857,0.260922,0.285536,0.376466,0.237776,0.349189,0.414092,0.302602,0.368183,0.349566,0.307481,0.310818,0.391591,0.350370,0.365066,0.360665,0.407209,0.456716,0.322639,0.328149,0.410088,0.358566,0.391566,0.322887,0.294211,0.422376,0.319639,0.309457,0.378386,0.376728,0.271233,0.227181,0.372927,0.365843,0.275614,0.388960,0.391931,0.311868,0.413604,0.316118,0.331743,0.472126,0.352983,0.247226,0.393072,0.376410,0.301030,0.359195,0.377484,0.421899,0.262061,0.354332,0.240430,0.476448,0.337091,0.386844,0.277214,0.447845,0.358119,0.355925,0.383905,0.202085,0.375659,0.415324,0.264527,0.222533,0.348434,0.382589,0.332502,0.381702,0.358037,0.306594,0.391000,0.396052,0.288564,0.310460,0.368791,0.339446,0.386306,0.255957,0.368149,0.304919,0.415304,0.497263,0.313320,0.308655,0.369326,0.255023,0.348083,0.293792,0.302532,0.218748,0.415064,0.322850,0.289202,0.427973,0.359110,0.365613,0.300957,0.158654,0.386538,0.459420,0.334026,0.274496,0.326437,0.321321,0.405141,0.309568,0.264727,0.273677,0.205845,0.341542,0.375608,0.336086,0.350053,0.313752,0.316586,0.402152,0.393429,0.386064,0.293221,0.192937,0.425398,0.396158,0.281670,0.348470,0.335075,0.333051,0.399087,0.195673,0.385111,0.304477,#
13,0.299248,0.459651,0.368961,0.261851,0.332605,0.240329,0.395400,0.363530,0.329170,0.369821,0.403328,0.355106,0.321089,1.000000,0.341156,0.339826,0.370228,0.312751,0.367559,0.315586,0.344702,0.367771,0.385553,0.284626,0.477573,0.357478,0.391519,0.363230,0.308692,0.220199,0.353057,0.266749,0.365291,0.361123,0.249312,0.379349,0.238406,0.369005,0.188165,0.338639,0.240260,0.325162,0.493710,0.266265,0.359502,0.277152,0.383165,0.393648,0.416000,0.276463,0.453579,0.358970,0.306874,0.366407,0.390323,0.428826,0.293535,0.311862,0.339290,0.325228,0.360037,0.318946,0.510202,0.383925,0.265663,0.231165,0.408300,0.363518,0.407466,0.403620,0.293104,0.387264,0.286041,0.475695,0.433194,0.253275,0.339721,0.376081,0.393201,0.325074,0.327325,0.447140,0.464180,0.394800,0.423053,0.344871,0.420975,0.378192,0.419617,0.438271,0.339433,0.376760,0.448649,0.385765,0.359401,0.419799,0.279683,0.305097,0.350864,0.296371,0.461122,0.329652,0.308303,0.320982,0.334221,0.318667,0.333282,0.412493,0.267848,0.336847,0.309012,0.350269,0.493232,0.376283,0.353856,0.288119,0.422079,0.291320,0.347416,0.408978,0.407813,0.381938,0.221484,0.374958,0.329112,0.367074,0.311462,0.417382,0.490782,0.234538,0.347682,0.316359,0.371202,0.326879,0.467226,0.321150,0.336704,0.300386,0.431922,0.366695,0.351113,0.301837,0.341651,0.410166,0.369786,0.436337,0.361479,0.312735,0.235695,0.312954,0.413340,0.221374,0.359661,0.311881,0.373042,0.305873,0.354073,0.321526,0.308164,0.257776,0.372156,0.371397,0.253203,0.440933,0.419385,0.409875,0.168832,0.242339,0.426420,0.461454,0.415471,0.392086,0.353852,0.340591,0.425164,0.372514,0.398749,0.326858,0.386151,0.304334,0.408757,0.248625,0.313616,0.316075,0.335156,0.331806,0.417046,0.430047,0.386788,0.383395,0.337394,0.325424,0.292667,0.293851,0.303714,0.384355,0.358996,0.280904,0.337957,0.382942,#
14,0.408595,0.372263,0.390364,0.155250,0.301394,0.323288,0.253376,0.217789,0.334657,0.381460,0.330442,0.205975,0.276611,0.341156,1.000000,0.371494,0.295303,0.285710,0.393136,0.301127,0.264598,0.319212,0.282403,0.299662,0.332663,0.276901,0.356448,0.262098,0.283975,0.264824,0.240052,0.206343,0.216310,0.270235,0.300049,0.348541,0.319748,0.371540,0.301184,0.362200,0.346523,0.327022,0.399376,0.321283,0.281977,0.265506,0.358519,0.326282,0.311834,0.181806,0.372784,0.293076,0.286799,0.291741,0.394054,0.314736,0.229876,0.340345,0.284447,0.291471,0.327714,0.343385,0.285794,0.334131,0.321660,0.220941,0.274887,0.294895,0.324866,0.251529,0.195780,0.296108,0.171734,0.410722,0.175965,0.268641,0.258655,0.399033,0.331572,0.251656,0.335886,0.176520,0.398391,0.385064,0.227832,0.356757,0.184532,0.209973,0.349462,0.305448,0.300596,0.315946,0.347105,0.276790,0.244141,0.294451,0.326605,0.232144,0.411596,0.224672,0.294117,0.282406,0.292492,0.233470,0.253337,0.240019,0.354134,0.381153,0.273444,0.353230,0.245641,0.309516,0.381402,0.143959,0.289186,0.343395,0.244971,0.303355,0.285800,0.279545,0.402078,0.298718,0.250943,0.301341,0.233858,0.265332,0.298579,0.282319,0.235095,0.225463,0.167010,0.309559,0.309367,0.157177,0.258361,0.258986,0.333216,0.227251,0.308282,0.219054,0.359245,0.335000,0.411779,0.294868,0.236644,0.279724,0.336541,0.158997,0.281906,0.247000,0.216182,0.239844,0.205914,0.345181,0.193418,0.194882,0.249147,0.309332,0.263505,0.211835,0.290997,0.305703,0.301772,0.230582,0.267325,0.210058,0.268849,0.272616,0.256034,0.317273,0.339043,0.317421,0.346482,0.356328,0.385150,0.219670,0.355394,0.333739,0.334410,0.360751,0.361585,0.357014,0.230056,0.358208,0.280673,0.332957,0.370809,0.365798,0.277656,0.119401,0.345101,0.308273,0.264905,0.362918,0.303175,0.205063,0.204140,0.246602,0.365959,0.410108,#
15,0.332615,0.323350,0.346228,0.104752,0.306675,0.387406,0.293811,0.257829,0.348464,0.368778,0.362541,0.410449,0.341360,0.339826,0.371494,1.000000,0.388753,0.429589,0.415219,0.285562,0.227331,0.415420,0.299780,0.340367,0.432864,0.248906,0.325067,0.284649,0.252193,0.223853,0.346412,0.370630,0.272901,0.333013,0.347385,0.293358,0.340432,0.377359,0.306181,0.383460,0.497137,0.325112,0.378481,0.331212,0.377564,0.288284,0.291871,0.453242,0.326872,0.281908,0.379175,0.315127,0.379557,0.375081,0.345025,0.313696,0.320709,0.362384,0.286167,0.372786,0.254546,0.302225,0.260180,0.338796,0.250850,0.220841,0.444631,0.372035,0.402685,0.273914,0.194564,0.314207,0.267054,0.263598,0.397793,0.419038,0.342385,0.375419,0.398725,0.225078,0.463905,0.303216,0.300094,0.341712,0.290886,0.405372,0.365287,0.167998,0.378035,0.295821,0.257341,0.221942,0.304087,0.388936,0.303980,0.320983,0.330668,0.258825,0.432300,0.293006,0.419769,0.322940,0.362799,0.309827,0.348410,0.246640,0.348603,0.274966,0.326345,0.465029,0.276596,0.373489,0.338757,0.256495,0.262746,0.421417,0.372818,0.369737,0.314511,0.373025,0.347496,0.281270,0.235692,0.314819,0.229483,0.255986,0.347939,0.328271,0.317879,0.184509,0.243812,0.370089,0.266577,0.276585,0.403140,0.352119,0.366891,0.270403,0.340365,0.179225,0.369740,0.341923,0.488683,0.343991,0.304411,0.339596,0.431063,0.218720,0.308741,0.370627,0.347409,0.366922,0.333618,0.488030,0.190247,0.414339,0.264731,0.337075,0.270271,0.301130,0.307507,0.350519,0.240712,0.333510,0.266738,0.379619,0.230231,0.275863,0.373318,0.417474,0.380470,0.255909,0.398078,0.314274,0.374481,0.213332,0.389910,0.302421,0.253778,0.279493,0.211970,0.391433,0.284214,0.214221,0.359759,0.466682,0.256771,0.300961,0.288888,0.196940,0.238550,0.415564,0.196021,0.355833,0.274003,0.347489,0.309904,0.283251,0.268295,0.384836,#
16,0.417020,0.375679,0.409753,0.274859,0.309588,0.394251,0.357796,0.320385,0.370225,0.325734,0.442538,0.441019,0.368155,0.370228,0.295303,0.388753,1.000000,0.396221,0.366480,0.275497,0.507834,0.399715,0.473020,0.326385,0.378034,0.330021,0.356771,0.260448,0.257904,0.275910,0.338527,0.434026,0.268254,0.384752,0.292378,0.321688,0.356362,0.324364,0.265733,0.395496,0.219988,0.332143,0.378223,0.338165,0.315638,0.335983,0.393137,0.395519,0.373462,0.318189,0.267939,0.335775,0.453131,0.386017,0.322760,0.338051,0.231498,0.356261,0.299618,0.248942,0.278249,0.399071,0.352747,0.442613,0.385088,0.255952,0.377416,0.460544,0.338327,0.400988,0.298093,0.326450,0.316583,0.366257,0.389413,0.440256,0.319138,0.340834,0.477493,0.283356,0.281656,0.345696,0.332427,0.326368,0.340055,0.501282,0.447019,0.338402,0.393152,0.317373,0.304236,0.330405,0.342492,0.327606,0.352490,0.429091,0.323180,0.265878,0.490358,0.280336,0.407725,0.272939,0.258515,0.309017,0.335425,0.328051,0.336272,0.365024,0.333458,0.412820,0.326054,0.396538,0.453041,0.305417,0.390780,0.441709,0.478631,0.320182,0.255274,0.327695,0.309136,0.298994,0.349469,0.305804,0.396283,0.310499,0.384133,0.275916,0.396711,0.363367,0.289409,0.387024,0.365492,0.285783,0.438086,0.344842,0.247641,0.353789,0.337894,0.387706,0.284993,0.344433,0.290165,0.368376,0.362267,0.323280,0.236270,0.272469,0.284587,0.234823,0.367841,0.360656,0.358347,0.316244,0.282169,0.386489,0.293501,0.314521,0.386800,0.259580,0.375200,0.344552,0.386123,0.392208,0.240168,0.328759,0.271182,0.288065,0.388322,0.349619,0.386040,0.201774,0.387898,0.292521,0.407780,0.344353,0.404902,0.341287,0.275169,0.347863,0.344227,0.355240,0.322724,0.223820,0.290264,0.322445,0.446502,0.402436,0.303636,0.262208,0.347183,0.286829,0.284209,0.301557,0.370434,0.388518,0.356074,0.325098,0.282518,0.442883,#
17,0.472575,0.327843,0.368643,0.328348,0.393183,0.394672,0.399735,0.349926,0.292036,0.307815,0.369758,0.432187,0.331192,0.312751,0.285710,0.429589,0.396221,1.000000,0.406406,0.413615,0.294905,0.456132,0.397925,0.483456,0.432352,0.359596,0.309346,0.346558,0.386015,0.358533,0.429882,0.503875,0.487501,0.418902,0.283382,0.328384,0.316151,0.563276,0.280639,0.357628,0.363156,0.324938,0.420348,0.466323,0.304690,0.331525,0.415021,0.420916,0.473612,0.425966,0.432101,0.325362,0.344852,0.419434,0.414240,0.388472,0.309508,0.492116,0.351382,0.365287,0.370723,0.430014,0.346936,0.384085,0.307568,0.352772,0.430488,0.512048,0.427948,0.408034,0.496886,0.418111,0.412405,0.434342,0.435729,0.438257,0.335699,0.462190,0.411408,0.305153,0.465587,0.461029,0.480716,0.429667,0.357713,0.411150,0.422684,0.340144,0.508741,0.437223,0.398415,0.331684,0.369542,0.344708,0.276633,0.378234,0.339110,0.437638,0.380218,0.358427,0.475545,0.346267,0.286493,0.339683,0.422784,0.367853,0.346554,0.516347,0.326816,0.408025,0.338378,0.278029,0.402249,0.332347,0.270231,0.410839,0.416850,0.366343,0.377119,0.410461,0.333135,0.352561,0.306476,0.346456,0.412631,0.383589,0.378792,0.393008,0.335602,0.273630,0.331406,0.446667,0.392785,0.417462,0.400651,0.380022,0.417613,0.273767,0.402169,0.380434,0.420960,0.395488,0.431245,0.387627,0.438031,0.362631,0.335780,0.299756,0.392178,0.255172,0.482145,0.317398,0.372615,0.460243,0.323292,0.320029,0.336807,0.411068,0.463780,0.420801,0.485426,0.439531,0.321862,0.359714,0.421451,0.410579,0.271041,0.352386,0.341062,0.436471,0.498007,0.308412,0.384345,0.384393,0.409062,0.246578,0.405563,0.382047,0.255055,0.380183,0.413712,0.539796,0.323272,0.204074,0.381269,0.444326,0.476766,0.465631,0.457281,0.310639,0.356951,0.446985,0.189289,0.303403,0.474218,0.428625,0.487919,0.249191,0.363213,0.457174,#
18,0.391071,0.499693,0.404103,0.213187,0.413108,0.385585,0.392817,0.351779,0.255793,0.381445,0.443354,0.384489,0.478979,0.367559,0.393136,0.415219,0.366480,0.406406,1.000000,0.409283,0.340375,0.378103,0.229683,0.398271,0.389951,0.424339,0.436671,0.386358,0.407315,0.292567,0.446353,0.409175,0.438365,0.329808,0.345797,0.432662,0.387319,0.406059,0.245619,0.347507,0.383692,0.319834,0.498980,0.327789,0.319884,0.310696,0.330234,0.439929,0.388405,0.325208,0.416919,0.324186,0.425549,0.487599,0.359634,0.263519,0.325956,0.438094,0.305369,0.303195,0.397041,0.342334,0.394063,0.458130,0.288908,0.373213,0.413726,0.409916,0.310858,0.237447,0.314887,0.370414,0.282932,0.408137,0.410825,0.291919,0.348462,0.456419,0.451532,0.419496,0.518935,0.381878,0.411354,0.428100,0.344696,0.377435,0.377128,0.316579,0.460007,0.349320,0.380294,0.334615,0.409248,0.387801,0.320950,0.345981,0.409980,0.300440,0.367619,0.372607,0.383517,0.399280,0.368712,0.434502,0.411749,0.277029,0.374455,0.397194,0.318088,0.471826,0.344108,0.389131,0.306718,0.403291,0.347147,0.305446,0.310501,0.349827,0.398499,0.339062,0.271904,0.431395,0.282427,0.403047,0.389671,0.386924,0.350809,0.370867,0.384031,0.300758,0.418032,0.348608,0.305427,0.242885,0.479560,0.336106,0.318444,0.380533,0.365605,0.342027,0.465395,0.288437,0.325861,0.328474,0.406639,0.351473,0.293911,0.202960,0.326830,0.308496,0.411960,0.370781,0.439238,0.351620,0.293828,0.405391,0.463100,0.438682,0.373075,0.303656,0.424342,0.431812,0.359938,0.368195,0.340518,0.375412,0.408259,0.373470,0.428920,0.450516,0.321768,0.312238,0.313717,0.275971,0.446738,0.241324,0.317435,0.407117,0.425705,0.361774,0.326992,0.407806,0.368874,0.281371,0.520022,0.429438,0.450280,0.524135,0.341658,0.319064,0.415053,0.354610,0.276173,0.383377,0.388846,0.364130,0.405928,0.354240,0.391432,0.481490,#
19,0.301256,0.320309,0.346264,0.239629,0.377782,0.289292,0.427032,0.372526,0.366328,0.373007,0.424120,0.271171,0.357586,0.315586,0.301127,0.285562,0.275497,0.413615,0.409283,1.000000,0.278856,0.357196,0.336009,0.375359,0.333282,0.367591,0.340255,0.314449,0.269639,0.425213,0.308574,0.391488,0.313895,0.329262,0.322640,0.334835,0.174936,0.372313,0.361425,0.355220,0.299347,0.255455,0.354785,0.330595,0.306833,0.390276,0.358759,0.429366,0.371673,0.369316,0.335054,0.288685,0.258243,0.446856,0.349641,0.346667,0.303370,0.412418,0.252760,0.406522,0.339488,0.277377,0.359109,0.297672,0.294996,0.270946,0.272934,0.353834,0.330869,0.339221,0.348775,0.273805,0.393030,0.299632,0.348115,0.277367,0.372840,0.421137,0.344888,0.340089,0.397212,0.329672,0.416202,0.238235,0.361294,0.413574,0.347497,0.289189,0.404975,0.349265,0.318845,0.409796,0.347710,0.322505,0.315248,0.403286,0.360366,0.404038,0.327279,0.209656,0.345141,0.247915,0.323433,0.274083,0.399268,0.312355,0.498065,0.493974,0.311354,0.397110,0.342500,0.314398,0.378267,0.348277,0.313165,0.335631,0.405577,0.447545,0.350081,0.315456,0.354810,0.458721,0.278061,0.351040,0.459750,0.391472,0.334249,0.415567,0.233972,0.237556,0.334769,0.295641,0.400564,0.307087,0.439243,0.314588,0.374702,0.304610,0.338766,0.366256,0.386167,0.265544,0.330094,0.274770,0.416305,0.367973,0.290675,0.404774,0.411362,0.183945,0.288675,0.370325,0.341793,0.446392,0.268739,0.292016,0.348891,0.389543,0.312329,0.206510,0.388386,0.358291,0.420679,0.259155,0.247507,0.296034,0.307520,0.270306,0.307751,0.380680,0.507993,0.327006,0.296774,0.260973,0.418824,0.253541,0.267023,0.385478,0.166391,0.365335,0.334477,0.364164,0.250016,0.357458,0.369476,0.366209,0.402520,0.383423,0.332687,0.226121,0.401895,0.328120,0.343107,0.394280,0.345874,0.332605,0.467896,0.382518,0.442492,0.429315,#
20,0.412680,0.375591,0.366432,0.303639,0.311236,0.359262,0.335830,0.319889,0.288191,0.390692,0.355077,0.390561,0.406170,0.344702,0.264598,0.227331,0.507834,0.294905,0.340375,0.278856,1.000000,0.414965,0.388252,0.301656,0.405265,0.321334,0.420351,0.425512,0.292203,0.279043,0.321590,0.337214,0.278146,0.294176,0.399511,0.347535,0.302610,0.365065,0.200776,0.369812,0.222419,0.436074,0.476415,0.335580,0.290642,0.385154,0.250892,0.471339,0.439573,0.317323,0.343470,0.378440,0.437513,0.366177,0.366679,0.267336,0.356133,0.380545,0.222437,0.368341,0.394559,0.199228,0.416576,0.372079,0.451724,0.160536,0.378791,0.347319,0.289777,0.377866,0.336608,0.293389,0.407383,0.444692,0.426738,0.410206,0.405489,0.351930,0.266782,0.430353,0.250798,0.303855,0.405139,0.312129,0.311121,0.438351,0.371007,0.379316,0.390750,0.342846,0.407302,0.415877,0.415564,0.379823,0.289616,0.386912,0.283206,0.336964,0.373417,0.253344,0.284176,0.337092,0.245130,0.266870,0.328285,0.290946,0.375922,0.375768,0.289484,0.471128,0.386291,0.179143,0.452095,0.325286,0.296821,0.344752,0.441187,0.235005,0.280465,0.299401,0.279634,0.364393,0.323024,0.384877,0.375778,0.408177,0.457275,0.489219,0.317135,0.305109,0.304751,0.327577,0.327669,0.259567,0.389325,0.289788,0.311914,0.359760,0.371252,0.416318,0.328153,0.324504,0.236826,0.323885,0.346400,0.285819,0.302115,0.282277,0.284845,0.295688,0.306412,0.447755,0.337267,0.311614,0.356500,0.321485,0.245003,0.275555,0.263541,0.306319,0.391399,0.443086,0.346105,0.267720,0.373017,0.316263,0.189324,0.325803,0.402837,0.368416,0.433965,0.250915,0.299456,0.362225,0.378640,0.393666,0.274575,0.303622,0.396631,0.382503,0.389237,0.329725,0.334741,0.316348,0.386232,0.350283,0.335515,0.384129,0.388559,0.273222,0.430101,0.276660,0.355109,0.380256,0.347643,0.413004,0.344213,0.276967,0.318001,0.301025,#
21,0.448283,0.465457,0.437940,0.309392,0.433072,0.391049,0.396779,0.379263,0.333674,0.360767,0.353756,0.419164,0.292072,0.367771,0.319212,0.415420,0.399715,0.456132,0.378103,0.357196,0.414965,1.000000,0.339173,0.453345,0.480171,0.346874,0.355165,0.414221,0.357672,0.365800,0.390477,0.384903,0.324089,0.479379,0.397923,0.367942,0.375973,0.478049,0.325730,0.328716,0.377326,0.467195,0.372866,0.372416,0.394099,0.314699,0.437301,0.467912,0.390273,0.381371,0.389751,0.317483,0.463996,0.452032,0.399313,0.320193,0.365222,0.434798,0.384233,0.425034,0.349947,0.347007,0.403225,0.386551,0.425610,0.313084,0.413586,0.395558,0.447997,0.458030,0.470955,0.326029,0.366024,0.355759,0.407178,0.391326,0.380463,0.379199,0.380367,0.340797,0.445693,0.414776,0.362169,0.343214,0.368784,0.445565,0.356849,0.354637,0.439344,0.469306,0.297571,0.358740,0.417629,0.326554,0.389126,0.425740,0.326240,0.395086,0.483909,0.379183,0.450575,0.327906,0.294014,0.413553,0.379537,0.408474,0.321669,0.405295,0.357063,0.432966,0.335014,0.342095,0.505050,0.372116,0.282593,0.408981,0.483985,0.275587,0.452773,0.457337,0.346435,0.384321,0.223394,0.434383,0.348877,0.434583,0.435168,0.417939,0.366421,0.274923,0.406637,0.298256,0.357537,0.393062,0.402454,0.375669,0.413091,0.321723,0.383254,0.360516,0.311944,0.438792,0.410448,0.380756,0.428221,0.362004,0.354456,0.402825,0.365866,0.363224,0.379891,0.421157,0.386036,0.461704,0.344545,0.335970,0.333666,0.433218,0.388547,0.329471,0.491658,0.330573,0.343701,0.422582,0.383906,0.330883,0.221283,0.398148,0.343671,0.414969,0.454045,0.289435,0.449284,0.337878,0.390679,0.312756,0.421293,0.330447,0.407593,0.385538,0.336422,0.423372,0.275102,0.328505,0.385792,0.415139,0.404257,0.481379,0.433460,0.308500,0.429577,0.454543,0.387954,0.307085,0.456768,0.435313,0.389617,0.348938,0.315123,0.452888,#
