0,1.000000,0.719851,0.735364,0.711397,0.706950,0.754888,0.735634,0.743812,0.744122,0.704524,0.759810,0.737280,0.689999,0.721380,0.719007,0.765199,0.802275,0.794144,0.757073,0.748160,0.771427,0.681054,0.759263,0.797449,0.684948,0.716459,0.731473,0.717849,0.692037,0.747741,0.704893,0.756696,0.731807,0.731264,0.743821,0.733323,0.714490,0.742064,0.764563,0.753216,0.753544,0.720765,0.781399,0.716260,0.751197,0.702048,0.733219,0.779817,0.731465,0.772529,0.731860,0.761164,0.743475,0.742274,0.764267,0.754987,0.758789,0.776268,0.733140,0.741256,0.747975,0.733731,0.785105,0.746235,0.740192,0.707900,0.768270,0.738047,0.741781,0.707791,0.725495,0.716162,0.791051,0.769637,0.733400,0.699358,0.782859,0.753946,0.753993,0.715109,0.762646,0.737291,0.752916,0.742730,0.768942,0.761778,0.790429,0.766961,0.739471,0.772677,0.707636,0.745452,0.758191,0.728603,0.755411,0.744643,0.742645,0.664758,0.757179,0.763226,0.757114,0.727711,0.748232,0.770499,0.715721,0.768277,0.737896,0.765037,0.740102,0.683428,0.733356,0.746990,0.735315,0.753781,0.749365,0.783048,0.726765,0.717684,0.703909,0.716717,0.688080,0.764999,0.780326,0.800609,0.792863,0.732075,0.713480,0.680089,0.678873,0.742828,0.749774,0.738402,0.733479,0.689461,0.762001,0.770807,0.717001,0.760569,0.713773,0.766071,0.755338,0.717745,0.683989,0.750361,0.729330,0.641929,0.731677,0.678279,0.746843,0.737018,0.711475,0.764196,0.721958,0.673530,0.737221,0.753600,0.777242,0.767160,0.777827,0.698000,0.753338,0.761561,0.743272,0.714856,0.714702,0.742649,0.735701,0.714018,0.764655,0.734575,0.720985,0.737616,0.769096,0.744378,0.743273,0.733910,0.756449,0.782245,0.721745,0.688334,0.729009,0.746484,0.701217,0.726416,0.706700,0.695993,0.710025,0.767406,0.739737,0.709393,0.709038,0.768733,0.720531,0.727441,0.746646,0.754704,0.714026,0.773226,0.758474,0.725072,#
1,0.719851,1.000000,0.705425,0.696463,0.688090,0.719143,0.692892,0.738682,0.776874,0.695643,0.731550,0.709798,0.674264,0.677276,0.679006,0.703912,0.725187,0.709049,0.700843,0.704742,0.730701,0.753174,0.719727,0.686268,0.704014,0.651542,0.703325,0.739096,0.629111,0.677599,0.723383,0.708287,0.665914,0.728226,0.642300,0.736010,0.686034,0.725301,0.742710,0.712564,0.699970,0.643913,0.717045,0.690080,0.705665,0.688336,0.745536,0.698929,0.735825,0.674089,0.687302,0.725219,0.744688,0.714188,0.738235,0.713226,0.682906,0.699713,0.687459,0.640138,0.710352,0.689137,0.701494,0.676868,0.695916,0.726820,0.744434,0.720804,0.723507,0.726794,0.701530,0.721063,0.779774,0.691482,0.719506,0.683871,0.687547,0.680356,0.742525,0.681064,0.726964,0.719262,0.697849,0.705824,0.757168,0.703745,0.733907,0.756666,0.720016,0.690993,0.662882,0.690522,0.713482,0.721030,0.736969,0.706340,0.694366,0.680012,0.695909,0.713427,0.721401,0.671153,0.681268,0.709923,0.650077,0.745022,0.700639,0.738829,0.725805,0.679538,0.707435,0.693106,0.669956,0.728047,0.684089,0.734086,0.710723,0.681783,0.667122,0.643907,0.669113,0.705133,0.687910,0.724575,0.720502,0.656112,0.694022,0.672746,0.712636,0.734665,0.647527,0.758660,0.671783,0.687885,0.756868,0.711249,0.735286,0.728416,0.698133,0.726590,0.760223,0.702754,0.707022,0.739243,0.711739,0.659633,0.672687,0.660806,0.728757,0.652531,0.747188,0.746128,0.667247,0.596274,0.746615,0.712148,0.709539,0.738771,0.642400,0.634303,0.680186,0.735175,0.728130,0.733092,0.712894,0.645741,0.708704,0.629248,0.667328,0.699324,0.712694,0.709394,0.721999,0.712585,0.700591,0.720963,0.708464,0.763717,0.661230,0.688975,0.684585,0.664078,0.681521,0.722755,0.714985,0.718229,0.691074,0.618478,0.745619,0.736005,0.711458,0.724726,0.666881,0.697219,0.716204,0.643204,0.659612,0.761875,0.662712,0.736134,#
2,0.735364,0.705425,1.000000,0.682238,0.716982,0.728846,0.718642,0.740798,0.741302,0.686835,0.745928,0.713438,0.655683,0.732994,0.673336,0.720667,0.692964,0.735126,0.704521,0.723806,0.726696,0.708231,0.666665,0.746184,0.675053,0.704254,0.746278,0.736676,0.704538,0.715340,0.723025,0.695003,0.707905,0.685291,0.676587,0.716823,0.709458,0.714151,0.762835,0.673732,0.703054,0.700930,0.748216,0.690635,0.703986,0.686837,0.745644,0.682225,0.689653,0.722121,0.706100,0.761198,0.738200,0.715603,0.757517,0.721906,0.721520,0.696054,0.727485,0.705665,0.785522,0.710980,0.702784,0.748557,0.736005,0.720334,0.727879,0.706387,0.714497,0.706167,0.707236,0.725780,0.728362,0.726803,0.751980,0.713958,0.696537,0.681066,0.713398,0.725110,0.750506,0.710380,0.738295,0.657301,0.769029,0.733916,0.712895,0.772783,0.691925,0.687671,0.676803,0.738813,0.757695,0.753310,0.736996,0.736732,0.714177,0.672014,0.762763,0.712392,0.703426,0.709273,0.692299,0.720710,0.623717,0.755173,0.730859,0.736012,0.712903,0.670026,0.748275,0.698594,0.747668,0.723915,0.686499,0.716981,0.707414,0.707431,0.661750,0.678713,0.669136,0.681933,0.684091,0.765838,0.733746,0.646455,0.716874,0.696601,0.700477,0.729925,0.702078,0.755784,0.738609,0.734378,0.754346,0.721084,0.720659,0.746498,0.734858,0.703363,0.710460,0.735525,0.645502,0.664577,0.718518,0.686712,0.637468,0.657478,0.704660,0.689126,0.736421,0.737393,0.745863,0.698484,0.700450,0.712815,0.733449,0.652494,0.720780,0.669492,0.650703,0.697992,0.717060,0.715778,0.663700,0.725179,0.741184,0.633618,0.699286,0.698486,0.688224,0.735501,0.750505,0.699312,0.737570,0.682709,0.694664,0.758328,0.637492,0.651322,0.690662,0.746098,0.630916,0.768472,0.685393,0.718314,0.681605,0.674125,0.725485,0.699873,0.706041,0.716485,0.778613,0.721067,0.713393,0.705814,0.656765,0.736785,0.716680,0.723317,#
3,0.711397,0.696463,0.682238,1.000000,0.722913,0.708221,0.696001,0.696754,0.769955,0.719825,0.740628,0.704262,0.677352,0.698216,0.698754,0.734960,0.730751,0.742505,0.769480,0.726835,0.728684,0.720045,0.728605,0.738930,0.715996,0.707635,0.733900,0.712439,0.699137,0.717719,0.725539,0.743606,0.752328,0.742896,0.669815,0.724260,0.685261,0.770562,0.715980,0.740757,0.706346,0.704514,0.739708,0.740182,0.701074,0.754208,0.703787,0.695390,0.707210,0.682043,0.731568,0.706258,0.741959,0.660556,0.703284,0.758669,0.677536,0.705680,0.739194,0.705293,0.723173,0.683020,0.700062,0.714154,0.794641,0.689141,0.676649,0.671221,0.637763,0.729406,0.686827,0.712377,0.752683,0.705008,0.689388,0.681312,0.692483,0.692952,0.697148,0.694351,0.754845,0.697928,0.748084,0.664118,0.757442,0.736006,0.728932,0.716541,0.711379,0.709838,0.711648,0.711335,0.735579,0.734199,0.727641,0.736443,0.684541,0.633892,0.727491,0.678258,0.679619,0.689914,0.691708,0.679668,0.740212,0.703469,0.721091,0.721723,0.689095,0.672223,0.707721,0.660832,0.669442,0.743979,0.704715,0.738037,0.666287,0.703930,0.683967,0.654889,0.672589,0.719450,0.702871,0.715759,0.704249,0.698969,0.721995,0.735725,0.680250,0.705867,0.716762,0.742286,0.680480,0.732718,0.735933,0.763954,0.731241,0.712317,0.679244,0.708999,0.680798,0.752008,0.712660,0.637674,0.672342,0.730973,0.695851,0.750864,0.708134,0.698907,0.718538,0.713542,0.668232,0.682261,0.756022,0.667889,0.721466,0.701551,0.736621,0.655262,0.695604,0.703995,0.703918,0.717376,0.682792,0.675694,0.728552,0.646831,0.709338,0.690082,0.699605,0.706639,0.733110,0.715192,0.693496,0.726642,0.749224,0.741843,0.659905,0.705790,0.648775,0.748850,0.682086,0.693350,0.672459,0.696696,0.682759,0.653058,0.726678,0.759341,0.712496,0.699631,0.700956,0.691566,0.725004,0.707242,0.705270,0.718217,0.678189,0.694419,#
4,0.706950,0.688090,0.716982,0.722913,1.000000,0.758445,0.704528,0.719714,0.726052,0.708766,0.672039,0.725515,0.670286,0.730079,0.683978,0.712573,0.745731,0.768885,0.728876,0.784070,0.782993,0.704418,0.695597,0.748623,0.682870,0.706340,0.720861,0.685324,0.714422,0.700917,0.750793,0.718885,0.735910,0.688228,0.668513,0.724579,0.751310,0.732815,0.722131,0.730292,0.722979,0.703849,0.716803,0.719344,0.719522,0.756447,0.744578,0.730284,0.731867,0.697511,0.705711,0.708512,0.755776,0.703926,0.761805,0.759319,0.695524,0.718001,0.746657,0.712337,0.705498,0.729484,0.705469,0.710531,0.740340,0.708262,0.702144,0.707125,0.685203,0.714715,0.717939,0.759130,0.748903,0.742215,0.724777,0.649600,0.693396,0.727976,0.734749,0.735144,0.732771,0.710951,0.729692,0.657897,0.764833,0.709940,0.706995,0.706115,0.710986,0.717828,0.710085,0.684182,0.726073,0.723745,0.739936,0.736677,0.711933,0.650254,0.675780,0.699607,0.724507,0.713582,0.736771,0.726770,0.681553,0.756282,0.703008,0.729140,0.744328,0.719026,0.711041,0.719412,0.725794,0.781553,0.685292,0.698091,0.738737,0.743175,0.657989,0.653754,0.649797,0.704575,0.740672,0.724966,0.740578,0.686574,0.697726,0.710619,0.746932,0.724909,0.754451,0.721238,0.719002,0.732679,0.781248,0.744555,0.711482,0.719530,0.712629,0.682715,0.697120,0.730641,0.737980,0.683794,0.710872,0.687877,0.711893,0.694703,0.705916,0.725911,0.726484,0.786228,0.692785,0.699183,0.788505,0.719065,0.775401,0.682177,0.703405,0.672174,0.712580,0.695310,0.740787,0.662209,0.659299,0.678381,0.692151,0.646308,0.717964,0.695591,0.677975,0.741303,0.786080,0.721823,0.742155,0.742661,0.747356,0.769523,0.684874,0.696753,0.696789,0.695751,0.710864,0.701300,0.750906,0.737825,0.639716,0.738561,0.730836,0.739560,0.659247,0.699220,0.678424,0.721919,0.716852,0.715079,0.707033,0.718065,0.734726,0.717427,#
5,0.754888,0.719143,0.728846,0.708221,0.758445,1.000000,0.683733,0.759543,0.765261,0.695275,0.743420,0.727930,0.668521,0.689347,0.701755,0.749366,0.739908,0.766964,0.684797,0.778180,0.735898,0.698229,0.723848,0.733595,0.716818,0.713389,0.774175,0.752918,0.709642,0.720707,0.766728,0.747817,0.759438,0.722843,0.670139,0.759259,0.718915,0.725794,0.746554,0.717416,0.779732,0.690803,0.719075,0.728355,0.741622,0.750053,0.762571,0.730332,0.766552,0.674558,0.735112,0.743128,0.728282,0.726153,0.718532,0.797144,0.732641,0.719565,0.799172,0.735840,0.720136,0.735233,0.746447,0.772087,0.763046,0.727611,0.709497,0.721089,0.729203,0.668769,0.721551,0.725435,0.794595,0.734150,0.711238,0.720383,0.756143,0.717946,0.720537,0.717411,0.790266,0.715046,0.759023,0.703888,0.728631,0.732863,0.761391,0.769700,0.749384,0.685714,0.663616,0.739354,0.779178,0.801554,0.735242,0.726273,0.722552,0.699417,0.774102,0.724639,0.723644,0.718625,0.749650,0.752347,0.694761,0.769464,0.741561,0.745069,0.711157,0.728681,0.719383,0.769445,0.701203,0.725690,0.674526,0.728612,0.737708,0.736973,0.644246,0.714023,0.653125,0.735484,0.734111,0.781123,0.708060,0.689649,0.732825,0.682009,0.708833,0.740612,0.773866,0.776521,0.773921,0.767868,0.769803,0.747291,0.745635,0.740310,0.722127,0.709486,0.717137,0.714567,0.735772,0.742883,0.771593,0.666398,0.687066,0.712945,0.748948,0.723894,0.756665,0.760910,0.712124,0.691006,0.735314,0.723038,0.762189,0.715424,0.735026,0.683598,0.736566,0.730882,0.758733,0.715165,0.710068,0.702297,0.680879,0.723253,0.731999,0.727448,0.784377,0.754555,0.766563,0.699098,0.737520,0.704105,0.734167,0.769062,0.714835,0.713343,0.758103,0.729869,0.723601,0.717387,0.723247,0.760118,0.722049,0.712140,0.726747,0.730903,0.695491,0.762001,0.722785,0.700454,0.694463,0.692799,0.678315,0.743278,0.735408,0.727479,#
6,0.735634,0.692892,0.718642,0.696001,0.704528,0.683733,1.000000,0.700566,0.734089,0.671402,0.705554,0.709345,0.688799,0.745257,0.635782,0.704504,0.739887,0.756535,0.710340,0.680935,0.770543,0.708511,0.639927,0.715457,0.696511,0.708963,0.708068,0.715405,0.662419,0.729882,0.704959,0.710820,0.700653,0.701190,0.678415,0.723678,0.678476,0.685109,0.709070,0.705082,0.696556,0.710816,0.727936,0.706924,0.764479,0.666395,0.719523,0.663270,0.747076,0.711743,0.713712,0.722514,0.735173,0.652696,0.725196,0.732990,0.718089,0.741790,0.751877,0.678377,0.744457,0.678718,0.710143,0.692021,0.764556,0.724815,0.743456,0.678098,0.701643,0.684927,0.704173,0.722008,0.728276,0.766898,0.695947,0.674342,0.715147,0.694462,0.724023,0.681498,0.738406,0.707115,0.721841,0.689728,0.703524,0.728714,0.713626,0.717378,0.715327,0.699818,0.658887,0.680640,0.676038,0.707091,0.698839,0.691525,0.740167,0.670849,0.705382,0.727148,0.708724,0.728993,0.728047,0.714639,0.652265,0.684630,0.739866,0.689688,0.706701,0.654287,0.677300,0.704040,0.657821,0.685117,0.679866,0.692655,0.728760,0.705826,0.663661,0.660577,0.694119,0.706486,0.697426,0.763810,0.746460,0.705533,0.678402,0.699230,0.620965,0.695322,0.699113,0.728168,0.696388,0.661299,0.728046,0.727276,0.713892,0.709146,0.751717,0.727185,0.718230,0.734529,0.665767,0.675066,0.670375,0.693442,0.693230,0.670069,0.704118,0.664801,0.745016,0.723710,0.672992,0.612563,0.709910,0.691374,0.710795,0.691076,0.717446,0.666128,0.688780,0.735460,0.709488,0.713945,0.713416,0.712939,0.728024,0.611784,0.687166,0.688153,0.713558,0.716605,0.702536,0.654944,0.725347,0.714496,0.714358,0.726678,0.688709,0.671089,0.708573,0.673343,0.723565,0.723673,0.674290,0.707774,0.640108,0.716988,0.677434,0.712321,0.682831,0.704963,0.674964,0.725479,0.711899,0.694019,0.705215,0.739617,0.714557,0.701017,#
7,0.743812,0.738682,0.740798,0.696754,0.719714,0.759543,0.700566,1.000000,0.800191,0.699576,0.747996,0.744795,0.687634,0.744873,0.742708,0.690682,0.752210,0.757986,0.727545,0.735821,0.743500,0.699572,0.770392,0.750577,0.730937,0.755358,0.738340,0.759534,0.714480,0.743772,0.687960,0.744133,0.719246,0.721000,0.662234,0.733592,0.733484,0.708002,0.776155,0.726499,0.733639,0.687313,0.732987,0.751577,0.737378,0.720351,0.755195,0.739908,0.724437,0.698569,0.774680,0.736849,0.760105,0.763157,0.734499,0.741950,0.705902,0.766470,0.732842,0.734397,0.704661,0.722284,0.748317,0.733223,0.762194,0.756519,0.753492,0.730545,0.750970,0.746806,0.718466,0.671990,0.802648,0.743972,0.760660,0.706947,0.740047,0.711512,0.736726,0.728822,0.769520,0.732658,0.759364,0.699991,0.755287,0.730934,0.781557,0.755658,0.726819,0.709872,0.701703,0.755668,0.731537,0.760603,0.761416,0.691882,0.738565,0.728124,0.736846,0.732361,0.734131,0.716168,0.733272,0.738345,0.701826,0.745387,0.716415,0.744946,0.723436,0.676205,0.775757,0.706127,0.741294,0.760752,0.726733,0.749837,0.716039,0.690425,0.651397,0.744740,0.704149,0.737587,0.711655,0.800041,0.799303,0.715164,0.725708,0.743617,0.682766,0.707807,0.730232,0.735003,0.781168,0.697472,0.783945,0.783018,0.714063,0.759523,0.711353,0.754586,0.721146,0.732986,0.743307,0.700691,0.751765,0.706273,0.722300,0.665994,0.752376,0.737300,0.734339,0.743068,0.741911,0.701295,0.726854,0.766325,0.742681,0.739029,0.750285,0.707154,0.742483,0.708153,0.791004,0.689724,0.691016,0.726943,0.753277,0.666437,0.710095,0.699108,0.767083,0.771863,0.758440,0.732084,0.749100,0.698415,0.725944,0.755561,0.676811,0.724852,0.741433,0.727219,0.708941,0.734716,0.714866,0.779011,0.684569,0.664146,0.733247,0.764468,0.751200,0.730343,0.709754,0.695117,0.733738,0.704333,0.691062,0.769202,0.733833,0.719752,#
8,0.744122,0.776874,0.741302,0.769955,0.726052,0.765261,0.734089,0.800191,1.000000,0.764938,0.730006,0.754835,0.716872,0.729815,0.735115,0.769379,0.724060,0.770002,0.718295,0.741514,0.725907,0.760943,0.773945,0.742149,0.672439,0.733552,0.729755,0.777515,0.699585,0.761518,0.714873,0.747292,0.710883,0.737210,0.680998,0.759920,0.731362,0.734197,0.743227,0.732615,0.720598,0.738623,0.780191,0.722767,0.753018,0.706931,0.714991,0.718011,0.756510,0.722885,0.768928,0.770504,0.732188,0.766663,0.740006,0.795546,0.716762,0.780968,0.745705,0.734343,0.760818,0.715824,0.765497,0.734544,0.756281,0.779709,0.735027,0.737457,0.761742,0.753607,0.720871,0.706064,0.802726,0.785672,0.758355,0.711793,0.744899,0.723189,0.730021,0.750382,0.767677,0.734573,0.740003,0.706039,0.766457,0.762124,0.725917,0.756585,0.694265,0.720695,0.711409,0.738410,0.759882,0.737545,0.790023,0.749224,0.745894,0.697030,0.769027,0.718373,0.743634,0.720359,0.764498,0.771215,0.719789,0.735056,0.754461,0.769901,0.705796,0.722881,0.739746,0.714277,0.732487,0.747722,0.734831,0.774364,0.716001,0.691653,0.702934,0.761868,0.707550,0.722118,0.738210,0.770484,0.742023,0.746846,0.729971,0.760104,0.700286,0.750035,0.703614,0.719339,0.765023,0.754418,0.802295,0.754400,0.715707,0.744878,0.700842,0.733993,0.734608,0.766934,0.768695,0.720359,0.731515,0.704932,0.739663,0.690557,0.775628,0.741199,0.752486,0.750648,0.717376,0.753025,0.755433,0.760350,0.761621,0.765638,0.749587,0.719754,0.731292,0.740086,0.772026,0.738516,0.743308,0.717912,0.738340,0.653653,0.739155,0.753124,0.767141,0.754905,0.755797,0.703070,0.776420,0.722579,0.717077,0.790620,0.693628,0.690871,0.733312,0.736140,0.679918,0.775093,0.742603,0.758964,0.705970,0.692796,0.750833,0.748347,0.735234,0.746274,0.749401,0.726032,0.738904,0.718389,0.725820,0.741544,0.738883,0.740230,#
9,0.704524,0.695643,0.686835,0.719825,0.708766,0.695275,0.671402,0.699576,0.764938,1.000000,0.720841,0.665214,0.686706,0.700467,0.718277,0.720610,0.717181,0.723721,0.722596,0.724711,0.771739,0.679294,0.704997,0.748442,0.665459,0.670808,0.706413,0.761688,0.653873,0.747453,0.685926,0.693479,0.694488,0.729400,0.707749,0.717559,0.697581,0.702253,0.733792,0.690099,0.737436,0.704038,0.725673,0.681330,0.731817,0.699244,0.689687,0.708074,0.677148,0.668624,0.680779,0.692047,0.683247,0.674422,0.685637,0.729281,0.688802,0.744453,0.709246,0.682309,0.722434,0.684021,0.749545,0.716393,0.712272,0.753703,0.700518,0.698959,0.719567,0.650147,0.721066,0.691362,0.715008,0.697355,0.701265,0.671746,0.653462,0.714599,0.707681,0.746656,0.738951,0.723089,0.685181,0.696983,0.753808,0.689748,0.684920,0.755270,0.684902,0.614906,0.668388,0.726419,0.741629,0.701144,0.748920,0.701792,0.707183,0.700557,0.741610,0.634422,0.687324,0.692485,0.750987,0.719800,0.722694,0.723233,0.709684,0.687022,0.723845,0.709429,0.744015,0.711401,0.731534,0.748202,0.660976,0.748714,0.626746,0.677499,0.645441,0.678292,0.668754,0.724998,0.717944,0.737486,0.712522,0.676859,0.682501,0.687050,0.718704,0.701429,0.679064,0.715052,0.714905,0.740210,0.751500,0.685540,0.688028,0.716940,0.686025,0.698881,0.659840,0.742143,0.740573,0.706821,0.674498,0.685427,0.700459,0.696578,0.697658,0.695563,0.669799,0.678286,0.698194,0.696580,0.738728,0.712372,0.705564,0.723633,0.716632,0.689253,0.702080,0.715526,0.718223,0.730600,0.710651,0.669212,0.676670,0.638583,0.732118,0.675632,0.738882,0.721604,0.724445,0.683515,0.713637,0.750253,0.697054,0.758498,0.685247,0.687628,0.698268,0.675892,0.713670,0.688748,0.673952,0.741547,0.632098,0.663909,0.778063,0.700655,0.711542,0.723714,0.694639,0.667618,0.693545,0.667330,0.678862,0.721566,0.690945,0.684786,#
10,0.759810,0.731550,0.745928,0.740628,0.672039,0.743420,0.705554,0.747996,0.730006,0.720841,1.000000,0.708964,0.667054,0.705800,0.677018,0.729604,0.746129,0.729699,0.735867,0.732050,0.739904,0.667820,0.717180,0.762988,0.672171,0.692590,0.711669,0.784324,0.677326,0.751829,0.708125,0.730313,0.722715,0.722553,0.731398,0.756938,0.704498,0.738319,0.742865,0.707521,0.749211,0.683347,0.715905,0.702944,0.735463,0.756432,0.761777,0.734449,0.752144,0.768126,0.707613,0.737111,0.748563,0.698713,0.718487,0.748508,0.702415,0.730699,0.722563,0.722064,0.750008,0.743907,0.763091,0.770733,0.774072,0.702847,0.750305,0.673157,0.721550,0.715804,0.709165,0.731549,0.781572,0.705181,0.704924,0.735259,0.717362,0.757660,0.730945,0.689689,0.814456,0.724956,0.726797,0.714539,0.758153,0.703782,0.747058,0.767756,0.701301,0.738538,0.665299,0.766727,0.766619,0.752725,0.749185,0.778202,0.709898,0.668534,0.777655,0.744606,0.691311,0.706627,0.733860,0.763375,0.751026,0.720903,0.705634,0.741080,0.715551,0.686980,0.721015,0.724611,0.719482,0.740051,0.712539,0.781378,0.686947,0.684962,0.677021,0.698032,0.694269,0.752559,0.672515,0.755714,0.694325,0.678431,0.752065,0.736595,0.708374,0.703557,0.700201,0.724661,0.707319,0.713477,0.770362,0.758457,0.704187,0.741144,0.700293,0.759164,0.771530,0.714561,0.683340,0.704273,0.695797,0.644503,0.659778,0.679052,0.748876,0.700912,0.739115,0.745624,0.736553,0.665643,0.738380,0.718961,0.765611,0.740651,0.744266,0.681229,0.766732,0.700365,0.732844,0.747942,0.712648,0.679495,0.763405,0.650346,0.746949,0.751641,0.740176,0.742891,0.702889,0.704107,0.736289,0.701052,0.738760,0.789173,0.658773,0.731668,0.702120,0.693238,0.737484,0.712277,0.698441,0.720778,0.658941,0.674178,0.708076,0.763245,0.741200,0.707871,0.727347,0.709033,0.739715,0.723607,0.681453,0.760869,0.733001,0.752414,#
11,0.737280,0.709798,0.713438,0.704262,0.725515,0.727930,0.709345,0.744795,0.754835,0.665214,0.708964,1.000000,0.714092,0.716297,0.670285,0.713064,0.737944,0.765436,0.738623,0.681835,0.725556,0.713371,0.691492,0.711296,0.694924,0.725491,0.671421,0.731015,0.693665,0.706316,0.710862,0.725528,0.725646,0.721756,0.663547,0.722638,0.755063,0.723485,0.704979,0.741822,0.710103,0.702904,0.734808,0.702979,0.724799,0.709239,0.753382,0.713837,0.726120,0.719002,0.709743,0.719996,0.720553,0.730441,0.738575,0.726093,0.640056,0.751984,0.717813,0.683435,0.701506,0.676520,0.763599,0.705474,0.740095,0.736637,0.741624,0.720448,0.743587,0.732347,0.719215,0.717230,0.751753,0.724759,0.720099,0.649754,0.751464,0.703766,0.703264,0.661953,0.746801,0.706125,0.737907,0.671456,0.748468,0.704884,0.690167,0.727892,0.699254,0.668846,0.666194,0.743940,0.735995,0.738722,0.740854,0.739060,0.712264,0.676045,0.744313,0.721993,0.677956,0.720077,0.717530,0.732456,0.694432,0.743071,0.704691,0.762854,0.739496,0.729902,0.771571,0.723307,0.727088,0.732319,0.635920,0.757384,0.705422,0.710763,0.639571,0.724145,0.630748,0.718332,0.724289,0.752344,0.738663,0.683547,0.706707,0.686582,0.717286,0.706625,0.716427,0.725644,0.736568,0.728714,0.749138,0.735064,0.707596,0.737324,0.689845,0.714093,0.720771,0.686838,0.707025,0.727273,0.751070,0.657688,0.716964,0.689235,0.707785,0.713791,0.713214,0.730580,0.705218,0.691301,0.737378,0.723447,0.759989,0.687936,0.745991,0.667017,0.698857,0.751901,0.742667,0.696210,0.728201,0.646006,0.740856,0.641769,0.711786,0.752795,0.710860,0.724779,0.750054,0.714006,0.718496,0.708959,0.712574,0.749303,0.652090,0.718919,0.726548,0.683253,0.718494,0.689424,0.712617,0.686946,0.652503,0.728383,0.731663,0.744615,0.717103,0.709215,0.741944,0.733959,0.729986,0.700407,0.705739,0.732521,0.706766,0.698693,#
12,0.689999,0.674264,0.655683,0.677352,0.670286,0.668521,0.688799,0.687634,0.716872,0.686706,0.667054,0.714092,1.000000,0.710128,0.714812,0.680147,0.735454,0.745417,0.737699,0.715892,0.718979,0.662378,0.709948,0.739250,0.646779,0.684604,0.678530,0.720963,0.686680,0.665884,0.651813,0.710842,0.706692,0.712613,0.685397,0.728284,0.705446,0.697243,0.704397,0.706991,0.641142,0.631023,0.698104,0.730174,0.716220,0.703102,0.725465,0.643880,0.700630,0.664741,0.749624,0.669305,0.682285,0.685094,0.748471,0.704271,0.647087,0.716937,0.660271,0.635280,0.675582,0.707364,0.681214,0.713114,0.761030,0.707997,0.684043,0.659945,0.726191,0.687349,0.684789,0.664790,0.748708,0.692425,0.745807,0.692817,0.718004,0.646923,0.691819,0.690127,0.727288,0.674946,0.689317,0.690167,0.671670,0.705106,0.670391,0.718804,0.713881,0.644456,0.664503,0.672447,0.708664,0.659965,0.692267,0.733454,0.770638,0.678958,0.687653,0.651770,0.639832,0.700581,0.720542,0.740193,0.651496,0.675471,0.682539,0.670270,0.697442,0.678040,0.718292,0.670199,0.684869,0.684064,0.726788,0.698101,0.683309,0.636536,0.668566,0.664878,0.666745,0.701920,0.705938,0.753564,0.736737,0.652151,0.688210,0.630710,0.640998,0.682546,0.663467,0.668543,0.652916,0.687056,0.711020,0.692496,0.689382,0.709162,0.699839,0.670797,0.727369,0.733074,0.684025,0.683398,0.656855,0.665016,0.681395,0.657465,0.694874,0.737734,0.682767,0.721984,0.688086,0.614018,0.678029,0.765047,0.724607,0.702583,0.716151,0.658528,0.682883,0.738626,0.728141,0.689430,0.748583,0.610227,0.708905,0.684292,0.654056,0.670939,0.713299,0.717678,0.706086,0.692627,0.689298,0.671435,0.744642,0.763612,0.651724,0.618359,0.680041,0.694090,0.697974,0.677131,0.633774,0.681385,0.651594,0.723080,0.690085,0.659302,0.670310,0.675203,0.676963,0.690484,0.669412,0.702673,0.673286,0.717326,0.716291,0.616746,#
13,0.721380,0.677276,0.732994,0.698216,0.730079,0.689347,0.745257,0.744873,0.729815,0.700467,0.705800,0.716297,0.710128,1.000000,0.703172,0.705883,0.741439,0.776808,0.749984,0.736556,0.771131,0.707379,0.729147,0.732645,0.675816,0.727596,0.699726,0.769632,0.714748,0.758592,0.672724,0.719954,0.747179,0.738666,0.650581,0.704618,0.725983,0.750231,0.727572,0.732800,0.764110,0.712120,0.740415,0.723269,0.783364,0.743594,0.724086,0.723080,0.768119,0.705856,0.735687,0.762967,0.722388,0.736061,0.752451,0.762446,0.706996,0.752748,0.733458,0.713096,0.752776,0.736375,0.736213,0.767578,0.770862,0.729348,0.753222,0.705923,0.747697,0.711450,0.688981,0.729483,0.719121,0.756836,0.765250,0.716606,0.732878,0.726690,0.765591,0.757706,0.761014,0.737365,0.762002,0.726381,0.737273,0.730227,0.700809,0.719546,0.765966,0.709290,0.686147,0.741334,0.743138,0.761706,0.761275,0.697371,0.725331,0.670097,0.721819,0.763816,0.718034,0.732679,0.739389,0.798764,0.696017,0.772063,0.731463,0.753251,0.749168,0.708860,0.736958,0.734645,0.758745,0.761617,0.742336,0.767874,0.694608,0.753986,0.697906,0.732231,0.712830,0.740137,0.706079,0.731140,0.758642,0.666661,0.710314,0.664207,0.699368,0.708623,0.697492,0.734310,0.721034,0.710142,0.790459,0.729441,0.712304,0.748349,0.747377,0.732782,0.692620,0.770791,0.769646,0.726446,0.680445,0.711320,0.729096,0.689307,0.724420,0.707588,0.724139,0.762245,0.696580,0.718318,0.722216,0.742581,0.751543,0.717992,0.767470,0.707907,0.721486,0.743351,0.732268,0.740088,0.717619,0.699382,0.738063,0.670073,0.753894,0.694797,0.731552,0.767263,0.774658,0.724946,0.773689,0.739443,0.751444,0.812846,0.710009,0.675556,0.694762,0.739846,0.730333,0.733559,0.757331,0.760884,0.700392,0.725792,0.675228,0.727560,0.724842,0.720646,0.731532,0.759895,0.752909,0.699537,0.715750,0.744039,0.741383,0.689093,#
14,0.719007,0.679006,0.673336,0.698754,0.683978,0.701755,0.635782,0.742708,0.735115,0.718277,0.677018,0.670285,0.714812,0.703172,1.000000,0.713502,0.728229,0.708376,0.694259,0.738022,0.740013,0.654699,0.686953,0.750976,0.656794,0.628532,0.709940,0.712860,0.681864,0.703536,0.682217,0.733437,0.692908,0.688202,0.678942,0.683661,0.673086,0.702741,0.723707,0.679816,0.666063,0.661009,0.723207,0.704848,0.709964,0.715307,0.697122,0.653548,0.642720,0.673636,0.694095,0.661580,0.683565,0.742186,0.722709,0.707446,0.680682,0.691987,0.704624,0.655198,0.714613,0.736286,0.716571,0.708809,0.705713,0.644332,0.699715,0.697600,0.686886,0.718853,0.672996,0.665699,0.726468,0.680975,0.755468,0.671328,0.726067,0.697045,0.682196,0.653246,0.740790,0.725062,0.725240,0.722006,0.717378,0.709785,0.685006,0.734711,0.713217,0.615298,0.621749,0.665308,0.731270,0.734877,0.735716,0.712836,0.767939,0.662209,0.699388,0.642220,0.711843,0.709818,0.729226,0.700998,0.707906,0.701301,0.692444,0.675312,0.674689,0.662976,0.716623,0.651895,0.731053,0.718449,0.681530,0.711831,0.685605,0.652101,0.640160,0.658080,0.700769,0.726758,0.671313,0.708362,0.753475,0.601541,0.676057,0.707131,0.629206,0.717785,0.655484,0.686089,0.688140,0.684430,0.724165,0.718837,0.654469,0.716139,0.672688,0.682911,0.691043,0.720514,0.666249,0.708516,0.637692,0.719769,0.717963,0.646990,0.670510,0.643329,0.703809,0.707817,0.640436,0.656620,0.740116,0.715040,0.706619,0.692353,0.675691,0.669798,0.667836,0.662485,0.722240,0.673126,0.665527,0.625448,0.672446,0.622760,0.658603,0.716539,0.703371,0.693637,0.725364,0.706614,0.693726,0.698464,0.705260,0.756917,0.652444,0.619881,0.680430,0.732944,0.695872,0.684769,0.684846,0.675214,0.677144,0.629255,0.676041,0.694177,0.645049,0.667333,0.712039,0.680347,0.690807,0.686413,0.664660,0.692838,0.686313,0.626065,#
15,0.765199,0.703912,0.720667,0.734960,0.712573,0.749366,0.704504,0.690682,0.769379,0.720610,0.729604,0.713064,0.680147,0.705883,0.713502,1.000000,0.760069,0.759268,0.734012,0.729755,0.723292,0.710989,0.713605,0.766342,0.701993,0.703956,0.714592,0.713726,0.685247,0.748666,0.718381,0.766487,0.711115,0.748111,0.681143,0.781664,0.744991,0.715186,0.765637,0.684146,0.694252,0.694002,0.734833,0.707337,0.771381,0.714596,0.708496,0.756424,0.734524,0.747297,0.692338,0.753250,0.721175,0.698658,0.726316,0.727688,0.710594,0.719576,0.732923,0.702462,0.747140,0.700884,0.742855,0.751243,0.720219,0.761782,0.701896,0.714879,0.690708,0.661902,0.725600,0.689195,0.703732,0.695627,0.731402,0.669363,0.735581,0.715383,0.719870,0.695777,0.774232,0.714406,0.678676,0.737130,0.775920,0.753340,0.685057,0.782481,0.703948,0.680183,0.665283,0.685181,0.727437,0.722369,0.715067,0.718158,0.737685,0.648146,0.710295,0.694234,0.752291,0.698982,0.743924,0.750897,0.680036,0.732800,0.738805,0.740710,0.679313,0.726726,0.679534,0.693320,0.714518,0.724749,0.669012,0.719340,0.688524,0.711280,0.684949,0.679608,0.694194,0.703937,0.725293,0.750750,0.714874,0.689629,0.737305,0.720807,0.702326,0.767904,0.671152,0.695302,0.696620,0.697262,0.754385,0.707093,0.682686,0.683593,0.733835,0.707158,0.684362,0.709406,0.707477,0.678805,0.696092,0.665832,0.684737,0.684416,0.742352,0.691374,0.732928,0.700046,0.733753,0.699024,0.721150,0.725650,0.773603,0.714485,0.723160,0.683532,0.701965,0.739983,0.767907,0.679995,0.726320,0.707913,0.743740,0.697292,0.759023,0.676409,0.674229,0.769317,0.695474,0.712984,0.724373,0.740363,0.744825,0.760954,0.676979,0.696053,0.720091,0.707880,0.689612,0.753390,0.693428,0.711835,0.644216,0.700493,0.670960,0.726198,0.666149,0.723091,0.723219,0.691178,0.699555,0.691571,0.723426,0.751329,0.735082,0.691808,#
16,0.802275,0.725187,0.692964,0.730751,0.745731,0.739908,0.739887,0.752210,0.724060,0.717181,0.746129,0.737944,0.735454,0.741439,0.728229,0.760069,1.000000,0.773119,0.745248,0.772119,0.801520,0.726062,0.688494,0.771207,0.701766,0.747769,0.754996,0.687334,0.678677,0.754427,0.730952,0.780736,0.762561,0.750310,0.718700,0.764494,0.750176,0.736102,0.754965,0.750084,0.723170,0.716962,0.734730,0.749319,0.742532,0.760681,0.725233,0.744827,0.736906,0.752273,0.715068,0.724927,0.773386,0.772489,0.759686,0.769692,0.662740,0.760635,0.751187,0.687589,0.730922,0.758478,0.753319,0.735433,0.765514,0.723923,0.746368,0.759608,0.765491,0.774555,0.710156,0.727620,0.787351,0.736698,0.742873,0.705913,0.735199,0.758864,0.747297,0.767199,0.792189,0.750279,0.747141,0.766002,0.770355,0.755038,0.767225,0.757358,0.756345,0.733072,0.674587,0.727666,0.770670,0.746164,0.769612,0.765474,0.767247,0.665284,0.754311,0.741305,0.714554,0.719204,0.751376,0.756334,0.699886,0.790818,0.778245,0.759246,0.766719,0.713800,0.758628,0.750553,0.753669,0.772309,0.761817,0.760843,0.763108,0.737683,0.686119,0.669603,0.724791,0.769753,0.769007,0.792372,0.791991,0.699638,0.737735,0.692583,0.711435,0.747735,0.748579,0.729720,0.761158,0.671499,0.807703,0.795711,0.730209,0.731806,0.722574,0.752670,0.722851,0.745811,0.751501,0.736257,0.713883,0.689392,0.717898,0.706306,0.741050,0.760904,0.699810,0.789612,0.690435,0.687772,0.781620,0.757875,0.755090,0.733500,0.752483,0.733387,0.700168,0.757335,0.776103,0.730412,0.736333,0.726678,0.747010,0.710474,0.760232,0.708080,0.743289,0.766797,0.743749,0.719855,0.752179,0.742247,0.719766,0.789891,0.710686,0.693690,0.710303,0.714308,0.739741,0.710611,0.739979,0.749135,0.728918,0.754004,0.728649,0.733073,0.767207,0.703463,0.730025,0.720181,0.724055,0.742830,0.736090,0.748955,0.747686,0.709930,#
17,0.794144,0.709049,0.735126,0.742505,0.768885,0.766964,0.756535,0.757986,0.770002,0.723721,0.729699,0.765436,0.745417,0.776808,0.708376,0.759268,0.773119,1.000000,0.740116,0.777391,0.784802,0.725444,0.725145,0.801862,0.751136,0.741410,0.763035,0.748440,0.705304,0.754742,0.752381,0.747773,0.742323,0.711260,0.702326,0.795167,0.721806,0.766913,0.788735,0.761519,0.770290,0.747806,0.767295,0.746545,0.751611,0.737533,0.757525,0.779866,0.761582,0.752808,0.776300,0.741019,0.748281,0.716877,0.765407,0.792779,0.735138,0.735134,0.763828,0.684459,0.744237,0.749104,0.725513,0.766395,0.769809,0.809317,0.788086,0.771377,0.752490,0.735576,0.731331,0.773090,0.755711,0.737650,0.748429,0.723189,0.758404,0.742306,0.745690,0.760096,0.778858,0.746169,0.777583,0.729961,0.747623,0.737795,0.785058,0.768056,0.743447,0.732009,0.721959,0.717805,0.775003,0.754768,0.739326,0.793481,0.759282,0.698748,0.725033,0.755452,0.764312,0.697728,0.753628,0.782839,0.717705,0.745854,0.755440,0.755458,0.731532,0.717426,0.757445,0.737959,0.737687,0.788434,0.744395,0.735303,0.718176,0.731685,0.702641,0.715895,0.713857,0.765866,0.737500,0.787203,0.800769,0.749945,0.742812,0.703635,0.708902,0.751521,0.786173,0.781947,0.773539,0.717754,0.752784,0.763904,0.751718,0.771236,0.762264,0.783037,0.768060,0.765011,0.778358,0.741086,0.748181,0.735648,0.727989,0.726706,0.742404,0.708548,0.770299,0.745485,0.706315,0.714221,0.795791,0.797392,0.808823,0.755817,0.779396,0.704489,0.741821,0.753579,0.796462,0.742018,0.755662,0.719018,0.713015,0.688286,0.768203,0.715458,0.776063,0.754197,0.765482,0.729470,0.777566,0.727513,0.760699,0.785586,0.689775,0.754973,0.745086,0.775860,0.747072,0.775372,0.757033,0.740801,0.729602,0.769959,0.735465,0.723893,0.730068,0.769554,0.765998,0.760360,0.763139,0.765468,0.721869,0.788081,0.732569,0.737810,#
18,0.757073,0.700843,0.704521,0.769480,0.728876,0.684797,0.710340,0.727545,0.718295,0.722596,0.735867,0.738623,0.737699,0.749984,0.694259,0.734012,0.745248,0.740116,1.000000,0.760082,0.753461,0.731745,0.725473,0.736718,0.699194,0.733942,0.708770,0.743369,0.696131,0.716600,0.670359,0.713588,0.752061,0.754104,0.732265,0.781828,0.721018,0.740903,0.736867,0.741829,0.754873,0.670501,0.723368,0.691802,0.781888,0.702240,0.737275,0.722700,0.700402,0.708301,0.710306,0.719287,0.744509,0.680563,0.752731,0.757368,0.687657,0.747889,0.719177,0.722696,0.737358,0.694903,0.750275,0.736462,0.798154,0.712847,0.735245,0.713443,0.678176,0.735476,0.718203,0.706712,0.740046,0.693731,0.752649,0.701090,0.755562,0.710655,0.749899,0.714213,0.733318,0.703225,0.741102,0.713252,0.738243,0.711869,0.737003,0.737291,0.729031,0.701981,0.708936,0.692614,0.747850,0.734320,0.758872,0.742100,0.755078,0.692376,0.746669,0.725739,0.721987,0.698357,0.741661,0.742660,0.751751,0.743280,0.702956,0.708420,0.720724,0.683095,0.760486,0.709282,0.765551,0.758212,0.679513,0.712116,0.707703,0.663136,0.683737,0.706492,0.683454,0.751907,0.728601,0.728948,0.731087,0.661875,0.720936,0.708814,0.743960,0.690482,0.697539,0.753838,0.702145,0.715346,0.757293,0.741462,0.760395,0.754428,0.694165,0.728666,0.698535,0.744319,0.730203,0.745931,0.703156,0.739086,0.686444,0.672624,0.718765,0.706692,0.699199,0.762822,0.710062,0.683256,0.730021,0.745507,0.757348,0.744721,0.731077,0.705664,0.741438,0.736878,0.768306,0.727016,0.723591,0.746263,0.770776,0.682381,0.716708,0.736449,0.679716,0.759760,0.750639,0.728855,0.695932,0.753407,0.749056,0.777175,0.681297,0.706363,0.707179,0.711638,0.709559,0.716203,0.718204,0.715769,0.730195,0.694401,0.704677,0.708847,0.716260,0.718800,0.699164,0.760232,0.758917,0.720637,0.694295,0.743819,0.757390,0.685832,#
19,0.748160,0.704742,0.723806,0.726835,0.784070,0.778180,0.680935,0.735821,0.741514,0.724711,0.732050,0.681835,0.715892,0.736556,0.738022,0.729755,0.772119,0.777391,0.760082,1.000000,0.754029,0.692032,0.710206,0.731038,0.680062,0.700333,0.753444,0.718579,0.713525,0.746646,0.743095,0.755816,0.715191,0.708053,0.661562,0.762925,0.717488,0.708136,0.747903,0.723416,0.748586,0.693848,0.719437,0.708882,0.718747,0.739729,0.778398,0.741089,0.736844,0.704520,0.696513,0.704364,0.733500,0.717651,0.732266,0.738649,0.736536,0.714029,0.736751,0.680255,0.738626,0.754183,0.762626,0.760692,0.776277,0.710918,0.718033,0.718738,0.691403,0.718179,0.729467,0.703877,0.758753,0.751401,0.755553,0.697655,0.716971,0.726882,0.743448,0.725169,0.767915,0.710535,0.782089,0.702894,0.727701,0.729736,0.723117,0.790217,0.750024,0.649148,0.701309,0.713548,0.771222,0.724761,0.734395,0.748488,0.756877,0.675627,0.694162,0.718368,0.723025,0.722084,0.755239,0.747844,0.712321,0.755644,0.734617,0.747923,0.713194,0.663142,0.704252,0.702655,0.757965,0.764911,0.727577,0.702890,0.750527,0.732412,0.679476,0.635376,0.699970,0.762894,0.721592,0.784139,0.795315,0.673959,0.751463,0.688480,0.733602,0.770250,0.725787,0.742209,0.732640,0.719957,0.787506,0.739505,0.710887,0.751593,0.699823,0.715909,0.701950,0.729596,0.722738,0.717735,0.699146,0.707385,0.683872,0.661442,0.728890,0.701525,0.726384,0.790128,0.692045,0.685854,0.771247,0.737266,0.774509,0.733913,0.741212,0.725452,0.736691,0.709958,0.738153,0.691415,0.737058,0.680304,0.705452,0.704655,0.736592,0.694786,0.735328,0.771091,0.783620,0.725063,0.731327,0.708483,0.739131,0.803111,0.715924,0.657865,0.649794,0.735033,0.736552,0.779973,0.747806,0.720420,0.685196,0.716248,0.737843,0.728587,0.742220,0.744179,0.702316,0.719701,0.714687,0.769643,0.664763,0.730213,0.747109,0.705380,#
20,0.771427,0.730701,0.726696,0.728684,0.782993,0.735898,0.770543,0.743500,0.725907,0.771739,0.739904,0.725556,0.718979,0.771131,0.740013,0.723292,0.801520,0.784802,0.753461,0.754029,1.000000,0.748264,0.702925,0.765409,0.720121,0.768436,0.768894,0.737099,0.707250,0.738935,0.715531,0.730411,0.743962,0.761695,0.723089,0.798431,0.760797,0.751983,0.786682,0.777481,0.745314,0.774219,0.728902,0.742524,0.784058,0.743231,0.785249,0.732032,0.720012,0.736935,0.720478,0.760870,0.734552,0.762286,0.776408,0.786056,0.732594,0.782822,0.752789,0.698472,0.763713,0.742665,0.787794,0.728691,0.761447,0.739414,0.761346,0.738765,0.767840,0.745521,0.763121,0.743902,0.755099,0.755056,0.755060,0.677514,0.723707,0.758025,0.754128,0.753182,0.771348,0.800508,0.769476,0.734787,0.743627,0.747437,0.766985,0.750131,0.759452,0.734232,0.729986,0.747078,0.763534,0.787812,0.813886,0.734652,0.724908,0.706024,0.753131,0.729847,0.765455,0.745213,0.795000,0.764228,0.754218,0.734850,0.761332,0.772067,0.745578,0.766391,0.778963,0.783930,0.745010,0.734254,0.745088,0.749422,0.752584,0.767149,0.685859,0.718322,0.740504,0.773004,0.731725,0.809459,0.768001,0.738270,0.740379,0.701163,0.758036,0.741075,0.765136,0.741088,0.753319,0.772612,0.791852,0.721341,0.734181,0.757801,0.756872,0.777953,0.745198,0.747638,0.741506,0.760642,0.735333,0.727894,0.730533,0.710308,0.732088,0.773278,0.773936,0.775012,0.727833,0.729449,0.788191,0.759217,0.751756,0.738870,0.736245,0.740777,0.738131,0.779374,0.761417,0.741523,0.777045,0.656144,0.710400,0.684293,0.751338,0.745580,0.759270,0.737639,0.799818,0.735555,0.739841,0.744999,0.724778,0.794467,0.749153,0.740410,0.707663,0.730483,0.723033,0.737054,0.731283,0.739707,0.715478,0.766160,0.727280,0.750033,0.691253,0.719404,0.726308,0.784983,0.735056,0.712685,0.747686,0.764021,0.783406,0.746335,#
21,0.681054,0.753174,0.708231,0.720045,0.704418,0.698229,0.708511,0.699572,0.760943,0.679294,0.667820,0.713371,0.662378,0.707379,0.654699,0.710989,0.726062,0.725444,0.731745,0.692032,0.748264,1.000000,0.689386,0.715478,0.673430,0.670359,0.728362,0.695011,0.679351,0.688396,0.698663,0.701219,0.719974,0.709169,0.684268,0.770421,0.728988,0.741684,0.745730,0.685994,0.694055,0.715925,0.682445,0.718409,0.729594,0.695888,0.708697,0.723319,0.691148,0.657137,0.675321,0.725418,0.676366,0.665200,0.724547,0.745771,0.691546,0.709426,0.726701,0.637785,0.729065,0.682251,0.722361,0.681355,0.783382,0.709537,0.716953,0.709949,0.721950,0.724581,0.711517,0.737033,0.746867,0.739947,0.730538,0.684417,0.685872,0.696316,0.705136,0.706509,0.708985,0.711145,0.726614,0.638629,0.750818,0.694129,0.718898,0.725933,0.726440,0.718964,0.629089,0.630412,0.698588,0.713418,0.734434,0.705253,0.733727,0.657587,0.681965,0.703157,0.734353,0.733523,0.708770,0.706174,0.648450,0.746372,0.684661,0.691888,0.701178,0.709045,0.737347,0.729831,0.703023,0.722461,0.652659,0.707287,0.731540,0.725137,0.627629,0.684598,0.656314,0.723860,0.721437,0.730418,0.723751,0.624069,0.704881,0.712113,0.696911,0.697774,0.708753,0.745228,0.716468,0.686271,0.742711,0.690330,0.682248,0.682738,0.677400,0.730777,0.717876,0.741310,0.698030,0.710781,0.683381,0.714661,0.707192,0.666569,0.693538,0.688929,0.729813,0.723416,0.676630,0.673441,0.735534,0.743781,0.720124,0.692295,0.679999,0.691045,0.705651,0.750525,0.751053,0.743984,0.740611,0.652137,0.705069,0.667308,0.680771,0.727251,0.692092,0.711540,0.718403,0.689403,0.702938,0.739202,0.667761,0.751883,0.652249,0.688189,0.665196,0.707750,0.655190,0.743434,0.694706,0.716418,0.683354,0.666221,0.670321,0.723327,0.712323,0.670663,0.703309,0.740975,0.746916,0.688297,0.714521,0.738150,0.699800,0.689985,#
