0,1.000000,0.020607,0.161761,0.107693,0.161746,0.100387,0.157011,0.045454,0.131085,0.089421,0.188010,0.060317,0.078905,0.111143,0.225407,0.199836,0.225209,0.248375,0.225810,0.264197,0.144108,0.112793,0.233280,0.325111,0.108721,0.057569,0.136065,0.006846,0.142610,0.242644,0.024972,0.222882,0.074308,0.173731,0.209608,0.113672,0.087180,0.051745,0.234393,0.181294,0.175122,0.102391,0.271864,0.021663,0.150013,0.070049,0.087391,0.215870,0.242494,0.293828,0.129709,0.102529,0.171595,0.209798,0.244994,0.192770,0.207715,0.162271,0.076280,0.050413,0.150180,0.195538,0.273181,0.026956,0.128951,0.041362,0.095194,0.144880,0.127222,0.139226,0.125964,0.081870,0.181562,0.219270,0.089337,-0.010778,0.275772,0.186879,0.153684,0.060672,0.085787,0.080056,0.119996,0.200091,0.251803,0.136450,0.255321,0.261168,0.245927,0.161737,0.112716,0.077158,0.190330,0.122429,0.201523,0.244390,0.259417,0.069390,0.133191,0.227966,0.199154,0.161421,0.070301,0.224422,0.152272,0.194923,0.222996,0.119267,0.198867,-0.078793,0.015612,0.172666,0.031614,0.238506,0.173142,0.129064,0.143506,0.100894,0.142922,0.155020,0.166005,0.210240,0.239242,0.184533,0.197126,0.200129,0.164590,0.023496,0.139019,0.241912,0.195271,0.078373,0.150964,0.090465,0.153195,0.177279,0.192778,0.110673,0.038735,0.204616,0.199948,0.084357,0.084553,0.101053,0.061707,0.047222,0.177648,0.111105,0.190780,0.080374,0.034909,0.153508,0.195417,0.066445,0.159583,0.191952,0.189060,0.188233,0.212862,0.187871,0.215457,0.219385,0.107974,0.071125,0.127026,0.203942,0.092076,0.223833,0.225211,0.127884,0.109146,0.051484,0.173590,0.200486,0.031632,0.204587,0.288870,0.187563,0.165421,0.025343,0.092371,0.218669,0.111231,0.074088,0.118894,-0.035906,0.161051,0.319364,0.209287,0.018465,0.029359,0.146008,0.092899,0.218628,0.265116,0.183060,0.045953,0.187993,0.189329,0.193864,#
1,0.020607,1.000000,0.085820,0.066738,0.082258,0.061248,0.126768,0.120427,0.247912,0.085777,0.220609,0.191514,0.123666,0.024690,-0.021092,-0.002240,0.100566,0.100275,-0.020027,0.149224,-0.035507,0.156720,0.119737,0.012676,0.111431,0.083087,0.065282,0.169203,-0.105302,0.080553,0.129162,0.070676,-0.013501,0.147691,-0.039522,0.107785,0.074931,0.038157,0.218007,0.104431,0.009891,0.012466,0.163362,0.048525,0.011383,0.021661,0.265437,0.104842,0.108199,0.067249,0.101495,0.082023,0.122892,0.122068,0.076995,0.100695,0.059421,-0.089852,-0.084123,0.019489,0.050257,0.098741,0.093049,-0.037747,-0.016290,0.171479,0.065550,0.163422,0.126445,0.243699,0.169858,0.137614,0.244394,-0.010253,0.185111,0.107917,0.119596,0.050383,0.250632,0.005157,0.097417,0.097747,0.008411,0.091238,0.188076,-0.098421,0.151027,0.146460,0.129799,0.044706,0.044740,0.120528,-0.042901,0.066512,0.024800,0.107092,-0.016180,0.020318,0.041315,0.067295,0.169272,0.011661,-0.001629,0.061021,0.001391,0.099316,0.149021,0.247144,0.104074,0.117879,0.066125,0.064069,-0.019105,0.128672,0.177003,0.259276,0.091509,0.002958,-0.024420,0.001379,-0.050409,0.124920,0.136973,0.094916,0.137918,0.077746,0.111121,0.073451,0.119769,0.154704,-0.027311,0.143133,0.022358,0.107897,0.173287,0.172140,0.085631,0.147362,0.149521,0.087488,0.142798,-0.004067,0.139568,0.191706,0.172399,0.037564,0.024795,-0.009992,0.092437,-0.065603,0.133480,0.120718,-0.000549,-0.061513,0.229907,0.181548,0.044477,0.048554,-0.095072,-0.067651,0.019615,0.213611,0.145247,0.197545,0.065561,0.091579,0.045949,-0.072370,0.066205,0.179114,0.090841,0.173873,0.026926,0.061401,0.038240,0.132990,0.090654,0.143578,0.057658,-0.004717,0.111534,-0.005244,0.164315,-0.013401,0.088896,0.101971,0.019239,-0.041713,0.198996,0.153419,0.182186,0.124024,-0.071875,0.062814,0.158849,-0.026926,-0.011848,0.212552,0.030095,0.223770,#
2,0.161761,0.085820,1.000000,0.155575,0.214842,0.088140,0.229897,0.163215,0.124858,0.135595,0.179184,0.173244,0.049185,0.296716,0.074348,0.190171,0.007424,0.105066,0.084153,0.178122,0.249434,0.182529,0.065443,0.185897,0.161545,0.173933,0.251549,0.152247,0.081649,0.221519,0.062600,-0.014748,0.094520,0.070628,0.124349,0.073420,0.093100,-0.004646,0.170421,0.075866,0.130874,0.142733,0.311672,0.081624,0.115575,0.087595,0.164321,0.089948,0.051534,0.166676,0.213900,0.206018,0.181349,0.108551,0.081555,0.139902,0.179228,-0.048805,0.189551,0.183297,0.325682,0.109636,0.021210,0.155261,0.208846,0.154384,0.053905,0.170573,0.185671,0.207775,0.153681,0.180040,0.035277,0.190188,0.226743,0.081161,0.141799,0.124575,0.168871,0.078029,0.208157,0.086762,0.128600,0.042123,0.207094,0.090244,0.177329,0.256178,0.092872,0.063102,0.132448,0.169988,0.258179,0.222901,0.081808,0.210016,0.205473,0.022343,0.225982,0.119704,0.187273,0.122406,0.017724,0.219029,0.005017,0.152686,0.225665,0.203808,0.136045,0.089343,0.152657,0.136468,0.206756,0.103508,0.153674,0.193195,0.143117,0.177369,-0.116887,0.105356,0.110280,0.039100,0.024657,0.175409,0.141102,0.002362,0.199622,0.100290,0.174411,0.205676,0.103092,0.182286,0.180958,0.189258,0.281158,0.148050,0.204231,0.147449,0.202991,0.074841,0.038649,0.151697,0.101098,0.029751,0.238250,0.154669,-0.013723,0.099621,0.185801,0.078559,0.133286,0.168425,0.194248,0.204484,0.095180,0.077628,0.091017,-0.005763,0.172755,0.124258,0.040633,0.242739,0.164739,0.190695,0.095329,0.185676,0.115449,-0.004121,0.057198,0.164083,0.052027,0.254067,0.192513,0.058153,0.156390,0.140941,0.174638,0.136549,0.028684,0.046280,0.093791,0.238716,0.005946,0.297656,0.066566,0.139898,0.104358,0.050771,0.163173,0.038688,0.062190,0.168946,0.302158,0.163352,0.169997,0.072886,-0.012369,0.143080,0.208240,0.264788,#
3,0.107693,0.066738,0.155575,1.000000,0.195709,0.100542,0.248293,0.094640,0.278991,0.112918,0.258953,0.174855,0.098079,0.082231,0.106184,0.062809,0.081598,0.160812,0.273625,0.201885,0.167409,0.169432,0.172234,0.281395,0.141002,0.200842,0.226679,0.181521,0.115537,0.259445,0.162353,0.165959,0.277295,0.204246,0.072589,0.178642,0.148211,0.177000,0.288998,0.153615,0.106252,0.281915,0.263814,0.304185,0.096937,0.148093,0.129285,0.151190,0.028440,0.154670,0.203462,0.118904,0.221963,0.014482,0.047988,0.260213,0.189030,0.069650,0.149763,0.182456,0.140614,0.086592,0.134136,0.084051,0.352928,0.056518,0.026217,0.084844,-0.047180,0.240293,0.129821,0.157009,0.235056,0.058882,0.114254,0.171763,0.153578,0.114882,0.163650,0.059175,0.277889,0.168802,0.154445,0.063945,0.233363,0.098974,0.179720,0.141030,0.168653,0.151001,0.297806,0.207457,0.119613,0.177638,0.102394,0.211405,0.118733,0.012711,0.220117,0.167094,0.180684,0.107087,0.052380,0.094062,0.346683,0.050670,0.176978,0.162045,0.105633,0.138302,0.136127,0.020653,0.093561,0.128590,0.094450,0.108618,0.105038,0.098774,0.061959,0.105188,0.106785,0.150528,0.129902,0.140476,0.067739,0.141289,0.190275,0.277966,0.054157,0.190990,0.248633,0.204005,0.167280,0.199012,0.165091,0.200056,0.017763,0.090649,0.170958,0.160560,0.072661,0.239516,0.218732,0.075219,0.071638,0.217924,0.181755,0.291033,0.160038,0.137897,0.063464,0.074199,0.067541,0.174681,0.241395,0.050920,0.087158,0.079300,0.225308,0.180469,0.144402,0.198590,0.139430,0.210943,0.116814,0.147665,0.180055,0.077517,0.104372,0.120883,0.171278,0.034709,0.080314,0.027769,-0.010723,0.167358,0.205408,0.194446,0.086213,0.131495,0.035708,0.282541,0.162744,0.038335,0.062100,0.052875,0.135399,0.127217,0.083977,0.217747,0.202810,0.144090,0.247757,0.112455,0.208245,0.216134,0.201281,0.206612,0.134009,0.177466,#
4,0.161746,0.082258,0.214842,0.195709,1.000000,0.234411,0.052207,0.175471,0.255318,0.177225,0.053597,0.168670,0.206216,0.126807,0.118911,0.114424,0.115092,0.147343,0.211151,0.374658,0.350802,0.128996,0.215800,0.280813,0.079826,0.237191,0.165099,0.030470,0.196068,0.123399,0.136255,0.175863,0.209564,0.180422,0.098848,0.223943,0.309601,0.041685,0.226190,0.141894,0.152563,0.250945,0.194524,0.166770,0.280624,0.162157,0.317726,0.198982,0.116949,0.122421,0.108852,0.127680,0.216112,0.189685,0.240908,0.253498,0.193875,0.083001,0.211013,0.140384,0.173484,0.209184,0.151264,-0.018256,0.200015,0.063017,0.041841,0.195955,0.025746,0.169647,0.210610,0.192949,0.250815,0.181524,0.142135,0.008894,0.132604,0.215094,0.232270,0.163359,0.229980,0.234749,0.088160,0.037025,0.304122,0.109107,0.178639,0.144956,0.160306,0.130874,0.289694,0.150902,0.154379,0.094124,0.159686,0.274320,0.143747,0.149865,0.097655,0.178162,0.131236,0.076816,0.152915,0.185043,0.125700,0.135251,0.109257,0.201614,0.162009,0.256292,0.247023,0.185336,0.218205,0.287402,0.162194,0.071631,0.212264,0.103946,-0.008956,0.115145,0.044699,0.170152,0.193615,0.027416,0.234547,0.046137,0.215104,0.165171,0.307704,0.165129,0.241438,0.076183,0.177929,0.256378,0.271333,0.190612,0.077532,0.103980,0.215964,0.088729,0.158072,0.050985,0.229385,0.059356,0.169477,0.215806,0.192478,0.217825,0.170155,0.136097,0.104718,0.184607,0.187518,0.274162,0.265268,0.117277,0.305895,0.139485,0.038030,0.188806,0.151528,0.161242,0.102290,0.074496,-0.075440,0.194476,-0.008118,0.058156,0.086635,0.183605,0.039715,0.126172,0.350886,0.191535,0.158974,0.221574,0.253619,0.252104,0.140415,0.140027,0.017871,0.071405,0.182656,0.074600,0.221933,0.130400,-0.025836,0.224751,0.172270,0.290593,0.079774,0.117059,0.086585,0.134285,0.209951,0.252353,0.153731,0.147507,0.215493,0.315494,#
5,0.100387,0.061248,0.088140,0.100542,0.234411,1.000000,0.062654,0.161208,0.220783,0.161961,0.221436,0.089485,0.132418,0.027225,0.164346,0.130099,0.069005,0.126735,-0.064792,0.248075,0.086378,-0.032542,0.119333,0.163504,0.157867,0.117760,0.200161,0.148190,0.151431,0.139974,0.194128,0.199596,0.229848,0.173083,0.057081,0.140167,0.134879,-0.005791,0.176653,0.075011,0.206566,0.126127,0.099868,0.202713,0.110485,0.157360,0.221137,0.048353,0.197351,0.070806,0.126505,0.127904,0.090086,0.122036,0.013564,0.301848,0.151400,-0.049531,0.261733,0.124359,0.094177,0.214394,0.138563,0.066538,0.207938,0.108143,0.043193,0.134956,0.146283,-0.023716,0.131539,0.154230,0.201157,0.164809,0.032656,0.101941,0.198167,0.179997,0.185620,0.122886,0.240952,0.127260,0.169339,0.061918,0.097264,0.104231,0.181420,0.146953,0.152424,-0.050924,0.075974,0.160723,0.293355,0.236366,0.058743,0.193546,0.019607,0.130217,0.245419,0.107360,0.107459,0.168098,-0.024027,0.132725,0.094310,0.146980,0.145453,0.218871,0.058405,0.110441,0.088536,0.209247,0.077179,0.085671,0.150831,0.063001,0.128908,0.069291,0.010168,0.102378,0.027633,0.184509,0.094733,0.144618,-0.035134,0.030204,0.096276,0.045379,0.140388,0.130919,0.279832,0.127091,0.204695,0.204448,0.226611,0.248680,0.122044,0.138338,0.101480,-0.016613,0.147400,0.048385,0.189404,0.209305,0.197495,0.108224,0.088500,0.100724,0.089690,0.095085,0.183643,-0.021542,0.140320,0.170634,0.118793,0.113780,0.218719,0.127474,0.166587,0.048975,0.155042,0.123864,0.159597,0.156127,0.097586,0.133192,-0.053797,0.148630,0.236560,0.209650,0.240019,0.160709,0.117424,0.128873,0.043202,0.132001,0.192362,0.139108,0.218663,0.057431,0.189047,0.051084,0.305690,0.082561,0.116360,0.183778,0.153751,0.049060,0.007995,0.101863,0.029902,0.138149,0.073738,0.111118,0.120132,0.051186,0.019708,0.213367,0.103839,0.284650,#
6,0.157011,0.126768,0.229897,0.248293,0.052207,0.062654,1.000000,0.099830,0.197733,0.018698,0.154168,0.116489,0.166034,0.220571,0.037071,0.079527,0.111424,0.141364,0.141698,0.094340,0.257337,0.150914,0.006349,0.095298,0.059507,0.116736,0.109667,0.133076,0.123310,0.258843,0.063484,0.117045,0.050707,0.182961,0.118627,0.121872,0.017278,0.083237,0.127281,0.189501,0.000401,0.133941,0.148861,0.139986,0.196896,0.103728,0.144890,-0.023568,0.207289,0.122396,0.125650,0.169979,0.248397,0.102608,0.075708,0.141054,0.117861,0.071414,0.220159,0.200446,0.141139,0.036441,0.103827,0.089210,0.269197,0.176656,0.141297,0.159440,0.064810,0.124806,0.117825,0.150964,0.094488,0.213395,0.158833,0.172126,0.171343,0.108725,0.211306,0.036723,0.137094,0.124691,0.210632,0.046216,0.071385,0.139681,0.145780,0.156446,0.102811,0.111814,0.094236,0.121701,0.033217,0.073082,0.085762,0.109894,0.192582,0.077331,0.160642,0.237047,0.122323,0.181147,0.143672,0.032148,-0.055047,0.096791,0.080552,0.011833,0.106911,0.089307,0.053047,0.075113,0.010833,-0.039625,0.194082,0.105088,0.291694,0.079965,0.128106,0.136229,0.170948,0.173263,-0.001077,0.174823,0.177849,0.203094,0.056513,0.157065,-0.011207,0.182821,0.106078,0.090506,0.142094,0.059030,0.151511,0.211557,0.089382,0.117283,0.230203,0.165337,0.112206,0.143557,0.024259,0.066398,0.016232,0.148339,0.101858,0.076397,0.114259,-0.068714,0.226792,0.109422,0.111982,0.038826,0.175471,0.044822,0.089053,0.194638,0.194263,0.013373,0.082736,0.195847,0.192994,0.208545,0.126287,0.167108,0.114731,0.069639,0.130344,0.084127,0.139205,0.082858,0.095870,-0.009999,0.121233,0.106309,0.110962,0.153331,0.215718,-0.052694,0.083676,0.079743,0.215218,0.195132,0.131290,0.120467,0.024093,0.152468,-0.027767,0.180828,0.012472,0.087154,0.083547,0.239750,0.113094,0.039938,0.127068,0.184011,0.102123,0.227298,#
7,0.045454,0.120427,0.163215,0.094640,0.175471,0.161208,0.099830,1.000000,0.308993,0.169516,0.196872,0.260465,0.069850,0.149127,0.280199,0.085785,0.196654,0.246397,0.116816,0.199257,0.122412,0.168925,0.254135,0.177856,0.219510,0.158582,0.175731,0.248577,0.108982,0.188642,0.016761,0.056586,0.093743,0.147641,-0.018658,0.088427,0.066091,-0.018986,0.273194,0.127770,0.120179,0.102509,0.151081,0.229232,0.248699,0.225668,0.183810,0.170861,0.082338,0.112427,0.185543,0.051528,0.085265,0.232514,0.120854,0.105460,0.139677,0.206361,0.145490,0.082300,0.148167,0.157731,0.101621,0.030664,0.230329,0.161470,0.088192,0.107155,0.181725,0.334397,0.132988,0.003799,0.347995,0.140734,0.131748,0.083668,0.053761,0.169529,0.247905,0.223407,0.251827,0.191152,0.141071,0.073457,0.179918,0.062817,0.188958,0.087485,0.150038,0.176564,0.069270,0.155888,0.210186,0.209998,0.060912,0.039539,0.108773,0.204435,0.101879,0.195730,0.165017,0.084250,0.055148,0.131298,-0.008804,0.219128,0.242481,0.147142,0.090701,0.121137,0.138412,0.088373,0.090533,0.151824,0.353109,0.147464,0.047152,-0.013638,0.025914,0.282214,0.136195,0.219959,0.056910,0.238094,0.210427,0.095922,0.198541,0.247717,0.125199,0.109297,0.125392,0.060264,0.241006,0.054410,0.313965,0.259988,0.008562,0.227694,0.115298,0.111371,0.211016,0.092282,0.154599,0.037214,0.132643,0.194845,0.215501,0.087182,0.167822,0.107272,0.144580,0.136834,0.152719,0.171558,0.069036,0.227787,0.156459,0.180945,0.202107,0.138931,0.141571,0.080197,0.289731,0.054926,0.023237,0.264754,0.180011,0.048593,0.063758,0.109524,0.188539,0.211064,0.217549,0.079670,0.138674,0.104477,0.150404,0.137663,0.002633,0.153403,0.235416,0.103442,0.147082,0.155494,-0.036145,0.137333,0.002178,-0.003747,0.140364,0.290663,0.217734,0.061254,0.123060,0.105869,0.171129,0.103399,0.075281,0.200132,0.187140,0.205758,#
8,0.131085,0.247912,0.124858,0.278991,0.255318,0.220783,0.197733,0.308993,1.000000,0.257007,0.215245,0.199368,0.156270,0.133427,0.257204,0.151824,0.019552,0.182234,0.112524,0.211568,0.081005,0.176451,0.211075,0.264076,0.018947,0.221869,0.138821,0.272564,0.047057,0.234581,0.004511,0.156461,0.105668,0.118531,0.065251,0.153946,0.183352,0.041499,0.163722,0.142284,0.137578,0.248845,0.221507,0.159268,0.196322,0.094373,0.096825,0.113141,0.205808,0.208189,0.200429,0.277690,0.097458,0.307310,0.108771,0.325387,0.184353,0.212465,0.066661,0.214303,0.222434,0.196296,0.256265,-0.087612,0.175859,0.282548,0.115291,0.163511,0.278072,0.257577,0.168873,0.123534,0.268669,0.143171,0.116827,0.168517,0.139544,0.199240,0.239752,0.130877,0.237048,0.241218,0.111018,0.101100,0.273497,0.154850,0.173284,0.136082,0.079604,0.207423,0.155785,0.218209,0.166981,0.104802,0.335205,0.241881,0.137519,0.087457,0.232459,0.123308,0.163111,0.136259,0.074566,0.225380,0.178835,0.136534,0.228310,0.258016,0.058328,0.188795,0.163659,0.121466,0.086759,0.185308,0.282383,0.256520,0.117410,0.096617,0.064234,0.261213,0.169389,0.167678,0.227825,0.153666,0.130479,0.243949,0.184165,0.235093,0.083503,0.268163,0.148606,-0.011687,0.276372,0.288573,0.324401,0.236571,0.072911,0.164354,0.142866,0.150935,0.166163,0.196943,0.278286,0.066738,0.086792,0.141125,0.264710,0.157254,0.155700,0.084743,0.221259,0.031977,0.153715,0.263912,0.338529,0.293353,0.214423,0.248262,0.172415,0.197611,0.082863,0.130987,0.175667,0.254926,0.155723,0.192312,0.158007,-0.021851,0.206241,0.235239,0.177388,0.241159,0.150512,0.113136,0.219852,0.151802,0.116678,0.199536,0.227762,0.073350,0.173829,0.183609,0.051046,0.176086,0.141936,0.205742,0.041604,0.092017,0.196359,0.240857,0.195160,0.075460,0.208585,0.108705,0.267763,0.115846,0.124916,0.141027,0.106045,0.217050,#
9,0.089421,0.085777,0.135595,0.112918,0.177225,0.161961,0.018698,0.169516,0.257007,1.000000,0.244041,0.048165,0.096371,0.156268,0.219977,0.175781,0.029072,0.065803,0.051233,0.315871,0.146031,0.093663,0.175457,0.218854,0.026401,0.059772,0.248304,0.192533,0.072354,0.137067,0.172526,0.079126,0.073023,0.223218,0.259790,0.135361,0.008176,0.158794,0.196044,0.014177,0.251162,0.121332,0.156312,-0.002164,0.155012,0.060549,0.152947,0.079701,0.040467,0.098662,0.038971,0.173667,0.035244,0.136571,0.085664,0.262439,0.116022,0.164430,0.211921,0.097058,0.198005,0.099861,0.215345,0.067954,0.222674,0.250230,0.048059,0.122508,0.144849,0.066048,0.272409,0.170969,0.137901,0.107376,0.142067,0.104734,0.001233,0.122638,0.274415,0.212125,0.078347,0.201467,0.006099,0.053207,0.312096,0.097233,0.103116,0.214839,-0.058213,-0.098776,0.081491,0.187500,0.214038,0.043355,0.138085,0.138354,0.136737,0.229335,0.234623,-0.015507,0.068023,0.171406,0.260657,0.075939,0.274524,0.179024,0.164225,0.007172,0.241362,0.107835,0.120435,0.154620,0.217856,0.221798,0.080012,0.168158,0.030032,0.067990,0.114376,0.025741,0.185815,0.230531,0.132944,0.197506,0.099293,0.132604,0.025460,0.140848,0.250606,0.255567,0.172519,0.038273,0.137065,0.282070,0.176105,0.161145,0.106478,0.172677,0.102868,-0.005032,-0.006547,0.230507,0.219746,0.095692,0.043735,0.167166,0.186982,0.172507,0.058340,0.278667,0.060975,-0.083985,0.248499,0.230935,0.213149,0.193463,0.171852,0.207099,0.269732,0.101755,0.140557,0.122275,0.079337,0.284431,0.140368,0.137191,0.058626,0.051597,0.319257,0.124445,0.229283,0.281962,0.089648,0.175613,0.131826,0.217945,0.134399,0.108663,0.139997,0.106441,0.050024,0.085486,0.157262,0.153367,0.064960,0.214182,-0.028806,0.057315,0.356819,0.118996,0.142070,0.124493,0.048431,0.141933,0.084879,0.107826,0.067795,0.083508,0.113149,0.168653,#
10,0.188010,0.220609,0.179184,0.258953,0.053597,0.221436,0.154168,0.196872,0.215245,0.244041,1.000000,0.123758,-0.073482,0.124697,0.093908,0.151273,0.100060,0.125395,0.104718,0.175481,0.052993,0.041295,0.015579,0.188153,0.024519,0.023978,0.130944,0.296856,0.009100,0.233616,0.164243,0.147687,0.139562,0.162226,0.168925,0.124442,0.057529,0.109925,0.249324,0.085302,0.223628,0.095609,0.078979,0.042970,0.108151,0.164654,0.206514,0.157698,0.220870,0.298634,0.037323,0.135092,0.136633,0.125095,0.010355,0.243894,0.109750,0.029156,0.071941,0.147070,0.068915,0.187857,0.210070,0.196895,0.330734,0.155623,0.118494,0.025753,0.081893,0.144550,0.105560,0.222569,0.228835,0.146827,0.070674,0.164084,0.123809,0.116282,0.146165,0.085620,0.285449,0.124220,0.186579,0.124778,0.246830,0.029139,0.205814,0.216469,0.063403,0.160252,0.069512,0.238626,0.160575,0.179240,0.133765,0.267577,0.070901,0.044207,0.286244,0.177146,0.106172,0.109956,0.137644,0.092065,0.280998,-0.045199,0.156798,0.215771,0.126934,0.099198,-0.018363,0.155014,0.028632,0.138787,0.272840,0.301726,0.111500,0.018288,0.109197,0.137678,0.106669,0.301450,-0.005717,0.125719,-0.011083,0.142493,0.213739,0.226232,0.138529,0.124322,0.131623,0.043040,0.079533,0.132726,0.208615,0.142084,0.030944,0.241429,0.107331,-0.004121,0.257561,-0.005674,0.156291,0.100945,0.018255,0.044766,0.039677,0.025277,0.098227,0.084126,0.176362,0.151067,0.260369,0.126978,0.173000,0.154726,0.246403,0.016616,0.255951,0.115939,0.215360,0.086988,0.292458,0.194003,0.088962,0.178312,0.219952,0.136110,0.240874,0.221631,0.187560,0.152396,0.024106,0.152031,0.085497,0.079687,0.183250,0.228425,0.017722,0.152609,0.091558,0.080904,0.239991,0.056327,0.112628,0.113437,-0.005138,-0.022910,0.116553,0.217377,0.220617,0.082595,0.117172,0.069350,0.264854,0.077305,-0.003669,0.211598,0.207393,0.278735,#
11,0.060317,0.191514,0.173244,0.174855,0.168670,0.089485,0.116489,0.260465,0.199368,0.048165,0.123758,1.000000,0.151770,0.040173,0.007447,0.030264,0.071184,0.262067,0.178973,0.046758,0.104188,0.141972,0.051732,0.067201,0.159317,0.222384,-0.034768,0.231185,-0.053183,0.186865,0.188204,0.105311,0.095434,0.153825,0.129088,0.119166,0.216892,0.021927,0.154257,0.251508,0.055179,0.206810,0.247221,0.185475,0.107149,0.212130,0.242994,0.067432,0.129673,0.134625,0.132942,0.142611,0.169170,0.261532,0.044751,-0.001586,0.071247,0.246248,0.139956,0.021512,0.003661,0.104457,0.253725,0.031345,0.153457,0.212740,0.133917,0.239578,0.191389,0.222972,0.110879,0.062209,0.215082,0.065343,0.025536,0.048254,0.082362,0.108350,0.127394,0.047631,0.185616,0.130520,0.152085,0.058304,0.166218,-0.016470,0.120119,0.114669,0.188205,0.001124,0.092985,0.318442,0.251110,0.262031,0.121750,0.255226,0.065094,0.113779,0.106010,0.168968,0.073960,0.146631,-0.012297,0.187016,0.116702,0.252337,0.182882,0.269854,0.194710,0.143178,0.217475,0.138375,0.154537,0.140069,-0.003771,0.273968,0.060326,0.204672,-0.032234,0.176295,-0.000034,0.180864,0.190938,0.112211,0.130310,0.083600,0.124576,0.162844,0.211671,0.148203,0.097453,0.194959,0.233312,0.228453,0.144017,0.107091,-0.050975,0.242090,0.024179,0.201268,0.147397,0.046173,0.175255,0.127555,0.225406,0.046805,0.155058,0.065090,0.068617,0.059132,0.127425,0.190049,0.124202,0.176816,0.231071,0.172525,0.122447,0.017184,0.172331,0.074324,0.054928,0.196495,0.118570,0.033450,0.140558,0.046834,0.224634,0.067595,0.171488,0.194635,0.130510,0.096376,0.002957,0.035358,0.049706,0.157957,0.107420,0.159051,0.042126,0.160374,0.177001,0.069618,0.146798,0.057153,0.087493,0.078080,-0.008482,0.191654,0.163614,0.226194,0.173270,0.040352,0.250816,0.231139,0.277527,0.122260,0.122838,0.165375,0.072707,0.160684,#
12,0.078905,0.123666,0.049185,0.098079,0.206216,0.132418,0.166034,0.069850,0.156270,0.096371,-0.073482,0.151770,1.000000,0.057036,0.211510,0.023095,0.309490,0.171917,0.185358,0.253127,0.165456,0.092845,0.186400,0.211512,0.011433,0.113000,0.095772,0.141335,0.125595,0.129090,0.004701,0.182642,0.134780,0.153166,0.151664,0.246144,0.161325,0.021779,0.126159,0.154015,0.028907,0.034548,0.149378,0.295159,0.206836,0.141381,0.221038,-0.061214,0.119765,0.073137,0.236419,0.092901,0.135858,0.173893,0.170698,0.088954,0.048626,0.109949,0.111826,-0.036051,-0.008036,0.246462,0.004660,0.102634,0.266272,0.162257,0.073274,0.109391,0.143875,0.124424,0.145982,0.104933,0.188395,0.047148,0.238375,0.191428,0.182861,-0.007079,0.124246,0.008580,0.151908,0.159337,0.034873,0.066198,0.023486,0.130895,0.125116,0.210072,0.243630,0.023696,0.124281,0.123692,0.000079,0.106834,0.136152,0.226844,0.336291,0.205608,0.079576,0.032607,0.099756,0.172532,0.075746,0.152440,0.160030,0.059294,0.130051,0.033623,0.061906,0.077609,0.267975,0.014789,0.096335,0.163162,0.178923,0.030008,0.203136,0.017015,0.087604,-0.017016,0.105226,0.145033,0.239127,0.196122,0.204169,0.020259,0.142665,-0.018481,0.021340,0.130508,0.124521,0.092841,0.098978,0.121076,0.101878,0.077626,0.164643,0.159423,0.205726,0.040163,0.145357,0.129727,0.157737,0.045734,0.085918,0.192342,0.071447,0.115142,0.084253,0.135348,0.043746,0.234477,0.138062,0.063206,0.107403,0.217066,0.114726,-0.004025,0.113653,0.094356,0.064032,0.298214,0.215765,0.203683,0.199311,0.068686,0.220733,0.097774,0.022500,0.060750,0.165104,0.157608,0.056166,0.170630,0.122481,0.086572,0.173688,0.253196,0.132571,0.089597,0.107194,0.121996,0.211098,0.081994,0.025518,0.122092,0.087909,0.291016,0.104869,0.004241,0.082371,-0.000082,0.077812,0.150015,0.062539,0.099051,0.118279,0.196814,0.137694,0.013613,#
13,0.111143,0.024690,0.296716,0.082231,0.126807,0.027225,0.220571,0.149127,0.133427,0.156268,0.124697,0.040173,0.057036,1.000000,0.177938,0.092554,0.207653,0.109347,0.192812,0.215339,0.156523,0.166836,0.154308,0.222556,0.008111,0.240045,0.227024,0.196542,0.168102,0.145962,0.093572,0.139946,0.229826,0.155511,0.171628,0.064181,0.039680,0.128654,0.144889,0.186626,0.061219,0.179524,0.231621,0.128618,0.216418,0.131520,0.135596,0.156291,0.196602,0.182863,0.115493,0.206352,0.166530,0.213727,0.156112,0.224467,0.041566,0.117658,0.081329,0.166439,0.170557,0.173571,0.125994,0.076705,0.204394,0.089761,0.245142,0.145507,0.255522,0.144577,0.053551,0.109510,0.025372,0.122196,0.255707,0.176405,0.175490,0.185551,0.284671,0.161183,0.150270,0.234455,0.158370,0.225104,0.190477,0.068746,0.109408,0.107120,0.214807,0.108921,0.113719,0.100629,0.180497,0.198968,0.077738,0.057173,0.203492,0.041131,0.154710,0.305623,0.155136,0.220559,0.081346,0.313384,0.063177,0.216797,0.151552,0.155450,0.187045,0.134118,0.101429,0.126941,0.282292,0.170900,0.283311,0.206772,0.219428,0.218526,0.067656,0.199625,0.181982,0.210782,0.054120,0.095461,0.194124,-0.019007,0.055203,-0.041106,0.175212,0.174071,0.072228,0.112007,0.075970,0.087174,0.307143,0.110370,0.058762,0.088373,0.277863,0.152075,-0.085253,0.133207,0.356068,0.147670,0.027227,0.216174,0.194328,0.192038,0.062698,0.135191,0.101006,0.136601,0.117225,0.288213,0.187690,0.290592,0.006050,0.167154,0.248629,0.149053,0.089825,0.217562,0.143334,0.241233,0.090090,0.168199,0.150145,0.047727,0.169298,0.123990,0.131985,0.240674,0.163144,0.102008,0.145451,0.121006,0.135760,0.212029,0.207982,-0.008314,0.088227,0.230259,0.137377,0.169597,0.149853,0.175093,0.145175,0.154366,-0.015360,0.145334,0.188840,0.125538,0.196799,0.189104,0.219476,0.089862,0.078677,0.126462,0.189289,0.190131,#
14,0.225407,-0.021092,0.074348,0.106184,0.118911,0.164346,0.037071,0.280199,0.257204,0.219977,0.093908,0.007447,0.211510,0.177938,1.000000,0.262313,0.138113,0.101494,0.185009,0.295370,0.186072,0.058593,0.150609,0.262862,0.067522,-0.027883,0.217389,0.209009,0.218845,0.170302,0.034651,0.200873,0.103727,0.081227,0.163350,0.088621,0.076963,0.153388,0.144837,0.211104,0.057126,0.053172,0.244599,0.104257,0.235097,0.226553,0.097515,0.064544,0.013909,0.180638,0.181910,0.031538,0.194606,0.286141,0.198079,0.183311,0.194512,0.059132,0.125402,0.104848,0.210399,0.237065,0.141689,0.123938,0.099277,0.060078,0.082606,0.159904,0.140227,0.209008,0.151009,0.115331,0.175389,0.156314,0.218352,0.135265,0.299186,0.191772,0.159122,0.094513,0.245621,0.267607,0.171967,0.256633,0.153704,0.155983,0.118497,0.223975,0.167691,0.049250,0.116133,0.120813,0.204094,0.229162,0.148571,0.205193,0.319319,0.112300,0.137230,0.028023,0.144615,0.240385,0.199083,0.161848,0.157560,0.089329,0.207416,0.143139,-0.043606,0.122277,0.064613,0.006823,0.150630,0.160702,0.236659,0.165278,0.219988,0.084135,0.156758,0.105653,0.277585,0.253523,0.102246,0.164083,0.255579,0.031928,0.096413,0.219159,0.097330,0.303130,0.124502,0.092823,0.141859,0.158855,0.149155,0.112235,0.015989,0.184960,0.076641,0.074735,0.150309,0.163203,0.179766,0.114579,0.034203,0.298477,0.165479,0.147813,0.038237,0.114342,0.196840,0.072778,0.046399,0.173296,0.208913,0.218727,0.260294,0.185877,0.121256,0.137973,0.046691,0.109088,0.162231,0.180901,0.180197,0.117827,0.127558,0.023123,0.124803,0.303980,0.223479,0.202194,0.215152,0.157791,0.079513,0.150868,0.236302,0.196927,0.260822,0.016029,0.176253,0.257455,0.148983,0.050420,0.092328,0.067432,0.084229,-0.044579,0.073998,0.232872,0.005857,0.047128,0.191290,0.272035,0.179976,0.065005,0.053615,0.092580,0.205928,0.092584,#
15,0.199836,-0.002240,0.190171,0.062809,0.114424,0.130099,0.079527,0.085785,0.151824,0.175781,0.151273,0.030264,0.023095,0.092554,0.262313,1.000000,0.140812,0.202579,0.102927,0.170783,0.071823,0.090489,0.144095,0.255653,0.071587,0.194536,0.125816,0.115774,0.141622,0.241774,0.035105,0.156858,0.072626,0.194708,0.102678,0.109216,0.091203,0.026914,0.205711,0.070814,0.060863,0.133578,0.196296,0.112908,0.237045,0.109011,0.044503,0.180228,0.056354,0.231422,-0.055061,0.263362,0.129260,0.106673,0.130295,0.095326,0.172726,0.001456,0.110237,0.164164,0.176093,0.085419,0.171832,0.090364,0.105593,0.151593,0.036706,0.133278,0.073983,-0.044029,0.201725,0.049494,0.010558,0.124830,0.103303,0.106736,0.070875,0.203922,0.075767,0.117008,0.292512,0.119731,-0.056485,0.257731,0.218529,0.133026,0.053506,0.277213,0.127292,0.078654,0.082408,0.090044,0.144030,0.125901,0.013066,0.099354,0.191851,0.039908,0.078961,0.069512,0.189076,0.072332,0.079089,0.138259,-0.012021,0.101188,0.207713,0.148564,-0.001678,0.214705,-0.041863,0.171557,0.096573,0.084990,0.023157,0.164884,0.072259,0.017673,0.047173,0.051887,0.177849,0.142138,0.092631,0.117343,0.036469,0.039225,0.169640,0.150237,0.072568,0.253149,-0.011438,0.028959,0.057366,0.075409,0.130049,0.095509,-0.051036,-0.032959,0.061072,-0.001322,-0.037619,0.095512,0.132092,-0.014762,0.133127,0.069787,0.050437,0.161833,0.226477,0.028048,0.148935,-0.052259,0.180384,0.255338,-0.004210,0.198122,0.171925,0.149796,0.096102,0.149308,0.041865,0.088643,0.250114,0.004465,0.140093,0.207610,0.174902,0.185364,0.196499,0.010356,-0.039065,0.180160,0.006785,0.022295,0.059992,0.126130,0.256619,0.112142,0.054572,0.125471,0.187578,0.108067,0.107328,0.203444,0.058614,0.080940,-0.093218,0.123479,-0.022873,0.118149,-0.027159,0.094389,0.123820,0.093782,0.075272,0.080668,0.134195,0.196101,0.115219,0.065686,#
16,0.225209,0.100566,0.007424,0.081598,0.115092,0.069005,0.111424,0.196654,0.019552,0.029072,0.100060,0.071184,0.309490,0.207653,0.138113,0.140812,1.000000,0.143641,0.107440,0.323628,0.273466,0.202309,0.090154,0.132464,-0.027947,0.223186,0.174642,-0.032872,0.082295,0.276632,0.018518,0.247434,0.093519,0.336332,0.119703,0.159101,0.185267,-0.025495,0.247418,0.085601,0.046939,0.094202,0.193610,0.164093,0.175135,0.255197,0.060690,0.050817,0.119678,0.108080,0.067551,0.103058,0.239332,0.269719,0.159214,0.073963,0.005549,0.065108,0.154873,-0.014333,0.027633,0.277571,0.211112,0.131953,0.205249,0.101617,0.011569,0.288015,0.166111,0.217388,0.014415,0.125249,0.260226,0.072470,0.092984,0.128371,0.115006,0.244434,0.181377,0.140191,0.116102,0.113764,0.068326,0.180871,0.139262,0.111563,0.235427,0.136894,0.191289,0.081466,0.133068,0.174649,0.124374,0.061877,0.120230,0.127028,0.244688,0.089121,0.119638,0.214092,0.010867,0.032133,-0.039919,0.139687,0.079738,0.197907,0.141496,0.036278,0.068713,0.139563,0.198911,0.162099,0.183829,0.110191,0.259997,0.261108,0.169693,0.077844,0.016647,0.211733,0.182875,0.232610,0.157982,0.199026,0.261043,0.041704,0.157681,0.013279,0.075999,0.163179,0.112557,0.022222,0.269555,-0.100116,0.270352,0.235342,-0.016737,0.141563,0.119358,0.193721,0.008394,0.082017,0.116985,0.123661,0.175244,0.088122,0.126038,0.106899,0.256427,0.196056,-0.041983,0.236011,0.058994,0.067704,0.224968,0.186464,0.128148,0.158456,0.112216,0.196410,0.048987,0.254159,0.251171,0.200718,0.089427,0.145341,0.161449,0.148477,0.077800,0.014406,0.102294,0.186351,0.064347,0.025954,0.120162,0.091793,0.049457,0.160365,0.210655,0.022844,0.058379,0.123431,0.189222,-0.056012,0.116705,0.180926,0.149233,0.216503,0.092682,0.135451,0.244273,-0.063954,0.018591,0.111809,0.125022,0.175776,0.033050,0.118060,0.035079,0.105296,#
17,0.248375,0.100275,0.105066,0.160812,0.147343,0.126735,0.141364,0.246397,0.182234,0.065803,0.125395,0.262067,0.171917,0.109347,0.101494,0.202579,0.143641,1.000000,0.099514,0.209451,0.254583,0.097394,0.124641,0.273988,0.124983,0.184508,0.156316,0.066556,0.049100,0.179976,0.134657,0.072873,0.152393,0.127933,0.128978,0.248629,-0.000950,0.079261,0.315521,0.124241,0.225608,0.197356,0.180824,0.193260,0.150622,0.178314,0.174272,0.145250,0.120480,0.169761,0.164570,0.135542,0.132886,0.126046,0.140905,0.204790,0.238534,0.088339,0.149610,0.012314,0.158651,0.210012,0.087351,0.055539,0.162704,0.240671,0.149263,0.276913,0.099582,0.160120,0.096211,0.200712,0.105108,0.042580,0.070490,0.191707,0.065422,0.112870,0.124165,0.189880,0.176084,0.146757,0.263783,0.121112,0.082979,0.015868,0.256324,0.141535,0.175521,0.153517,0.137878,0.105554,0.225081,0.169842,0.033306,0.243335,0.147179,0.170417,0.076259,0.152181,0.095913,-0.077027,0.058219,0.198828,0.044562,0.150669,0.201145,0.115648,0.104832,0.057185,0.184531,0.216008,0.037968,0.258532,0.166858,0.139136,0.015265,0.096654,-0.007385,0.172527,0.041786,0.229747,0.126833,0.147701,0.281523,0.162123,0.153879,0.104876,0.092524,0.146508,0.234969,0.158225,0.203419,0.110584,0.105893,0.241364,0.063730,0.233509,0.221414,0.240107,0.108259,0.174259,0.215661,0.136581,0.160707,0.201751,0.095969,0.166266,0.109599,-0.014251,0.169320,-0.019756,0.033154,0.189273,0.263926,0.321824,0.215167,0.132669,0.251213,0.157286,0.121251,0.173195,0.293008,0.175642,0.113173,0.230319,0.108708,0.175584,0.208195,0.036699,0.284288,0.082884,0.082152,0.069395,0.157735,0.024794,0.202574,0.138765,0.011954,0.286421,0.074537,0.289186,0.167945,0.144110,0.132039,0.062158,0.073427,0.200571,0.120218,0.157877,0.155434,0.153988,0.197937,0.143027,0.294908,0.217809,0.052202,0.203721,0.031801,0.168023,#
18,0.225810,-0.020027,0.084153,0.273625,0.211151,-0.064792,0.141698,0.116816,0.112524,0.051233,0.104718,0.178973,0.185358,0.192812,0.185009,0.102927,0.107440,0.099514,1.000000,0.169361,0.184043,0.166362,0.154845,0.287862,0.158686,0.126878,0.018786,0.242236,0.066834,0.101335,-0.002227,0.009623,0.146643,0.166009,0.227077,0.211451,0.198237,0.123155,0.128762,0.263747,0.135600,0.088714,0.154654,0.141418,0.279178,0.034766,0.150901,0.089521,0.002723,0.195722,0.132029,0.046599,0.227366,0.137495,0.112721,0.144662,0.100620,0.111107,0.096701,0.090691,0.078283,0.058929,0.194222,0.028116,0.242608,0.068617,0.170846,0.173424,-0.068717,0.048860,0.070660,0.002486,0.106430,0.056811,0.112143,0.111026,0.136268,0.148304,0.192485,0.098427,0.128642,0.049951,0.145761,0.202008,0.123723,0.024058,0.190682,0.085881,0.151487,0.081377,0.264244,0.056485,0.042701,0.168936,0.153726,0.216933,0.269067,0.119676,0.108702,0.229793,0.120005,0.158395,0.115562,0.171298,0.261016,0.170325,0.110199,0.027422,0.113691,0.102841,0.205517,0.132399,0.220702,0.175309,0.071384,0.084004,0.069829,-0.133267,0.056898,0.165264,0.109166,0.208269,0.139098,-0.044962,0.169312,-0.030888,0.152123,0.134712,0.246229,0.068821,0.084625,0.206561,0.056044,0.145046,0.149580,0.031207,0.057780,0.175770,0.035220,0.113749,0.056184,0.088573,0.166734,0.130454,0.073985,0.235173,0.104916,0.061090,0.089653,0.074533,0.024019,0.212414,0.086846,0.121389,0.096824,0.203192,0.200809,0.158968,0.057905,0.306654,0.151060,0.085812,0.180470,0.118512,0.122088,0.260407,0.199001,0.126682,0.047444,0.168577,-0.005320,0.168491,0.201570,0.067495,-0.043764,0.175681,0.198034,0.199744,0.162153,0.073743,0.079213,0.114717,0.147331,0.051264,0.098098,0.015483,0.247487,0.098884,0.062684,0.110255,0.151034,0.136763,0.151836,0.156865,0.229099,0.098754,0.036107,0.207002,0.221713,0.077746,#
19,0.264197,0.149224,0.178122,0.201885,0.374658,0.248075,0.094340,0.199257,0.211568,0.315871,0.175481,0.046758,0.253127,0.215339,0.295370,0.170783,0.323628,0.209451,0.169361,1.000000,0.210132,0.130595,0.231352,0.250663,0.069602,0.230690,0.286240,0.102331,0.155245,0.269437,0.178079,0.231021,0.136514,0.201481,0.124041,0.222255,0.130670,0.012357,0.308001,0.209298,0.191067,0.178068,0.121577,0.107425,0.198330,0.241672,0.316080,0.264997,0.189342,0.203349,0.135886,0.175790,0.151443,0.297601,0.203981,0.253122,0.285440,0.056085,0.234925,0.108404,0.233092,0.328776,0.264595,0.225009,0.373452,0.102798,0.073903,0.305185,0.086052,0.202318,0.243499,0.183800,0.267014,0.143001,0.236005,0.331042,0.179493,0.279926,0.429292,0.137931,0.236017,0.203470,0.222834,0.196069,0.258592,0.122052,0.196008,0.336901,0.233405,0.018592,0.172712,0.208805,0.280891,0.136495,0.119119,0.275673,0.247313,0.207660,0.073066,0.166941,0.190807,0.173426,0.183149,0.209671,0.215637,0.313138,0.210559,0.296272,0.127651,0.012295,0.130173,0.183586,0.216337,0.272940,0.249788,0.164423,0.291940,0.233920,0.136805,-0.002782,0.208661,0.347560,0.309856,0.247018,0.365059,0.088605,0.309097,0.218229,0.165444,0.302502,0.120686,0.067374,0.247731,0.186081,0.304288,0.221052,0.133747,0.315815,0.175144,0.113604,0.051181,0.191966,0.237032,0.097961,0.152303,0.216026,0.143186,0.168833,0.282728,0.124848,0.174670,0.261491,0.145249,0.230131,0.285167,0.229981,0.234883,0.170870,0.265466,0.240666,0.297541,0.243883,0.241299,0.201467,0.259411,0.250958,0.076014,0.185352,0.287376,0.135845,0.190226,0.282957,0.294002,0.246122,0.167176,0.182601,0.282403,0.304456,0.197795,0.105219,-0.029946,0.314321,0.248186,0.233079,0.294114,0.154271,0.168543,0.204064,0.232099,0.202900,0.307873,0.200626,0.068563,0.224165,0.204264,0.313112,0.079438,0.182047,0.251496,0.272167,#
20,0.144108,-0.035507,0.249434,0.167409,0.350802,0.086378,0.257337,0.122412,0.081005,0.146031,0.052993,0.104188,0.165456,0.156523,0.186072,0.071823,0.273466,0.254583,0.184043,0.210132,1.000000,0.146581,0.107291,0.189038,0.143805,0.252394,0.172287,-0.000182,0.122022,0.154555,0.045892,0.051274,0.131610,0.218388,0.141653,0.247065,0.230525,0.019411,0.245191,0.196748,0.142345,0.290095,0.077017,0.056061,0.280759,0.141377,0.315767,-0.012660,0.056287,0.133693,0.021162,0.127408,0.176708,0.266080,0.204355,0.150687,0.197274,0.160465,0.196268,0.036637,0.198869,0.164670,0.222649,0.072421,0.166459,0.064007,0.077671,0.202946,0.199184,0.250897,0.269034,0.210504,0.133332,0.112362,0.096540,0.006168,0.121441,0.262999,0.221570,0.046659,0.200559,0.232276,0.218326,0.089716,0.134930,0.120300,0.214273,0.144117,0.193933,0.073942,0.237671,0.175311,0.178338,0.206103,0.243121,0.113674,0.186640,0.247399,0.219992,0.067637,0.136014,0.085514,0.212351,0.128596,0.143696,0.115450,0.138514,0.105689,0.077634,0.245346,0.180491,0.242454,0.106196,0.088703,0.214194,0.215585,0.253940,0.147590,0.003215,0.252218,0.169286,0.251830,0.125882,0.130228,0.157610,0.122523,0.213421,0.116178,0.276691,0.214421,0.252297,0.128769,0.178580,0.186516,0.219880,0.128289,0.154316,0.117880,0.203147,0.137729,0.117883,0.193799,0.149436,0.139059,0.174379,0.177744,0.053762,0.147072,0.191620,0.220537,0.226234,0.126672,0.044979,0.230469,0.157651,0.138824,0.194559,0.044291,0.166695,0.304972,0.119573,0.234916,0.246129,0.218444,0.179416,0.068168,0.010215,0.150870,0.187673,0.060181,0.240773,0.128255,0.162395,0.012999,0.048452,0.120404,0.064791,0.117031,0.306229,0.114060,0.073179,0.159943,0.073550,0.117241,0.145783,-0.034618,0.156143,0.216248,0.108369,0.288114,0.001360,0.102457,0.158787,0.243535,0.195230,0.095946,0.071007,0.197679,0.193683,0.204475,#
21,0.112793,0.156720,0.182529,0.169432,0.128996,-0.032542,0.150914,0.168925,0.176451,0.093663,0.041295,0.141972,0.092845,0.166836,0.058593,0.090489,0.202309,0.097394,0.166362,0.130595,0.146581,1.000000,0.075979,0.129059,0.081115,0.074486,0.164874,0.084655,0.177341,0.111684,0.116757,0.150266,0.129152,0.208811,0.050929,0.210864,0.270752,0.202443,0.305868,0.131401,0.051806,0.185468,0.128405,0.141146,0.166900,0.126550,0.144734,0.213499,0.064168,0.049728,0.130152,0.089117,0.010103,0.057553,0.154158,0.088018,0.149719,0.071775,0.071931,0.017304,0.140535,0.032765,0.182355,0.109263,0.302296,0.156038,0.024464,0.197952,0.189155,0.160774,0.246895,0.161120,0.279448,0.242696,0.122007,0.125932,0.000292,0.116159,0.099494,0.130519,0.192097,0.107609,0.099260,-0.033713,0.198136,-0.003894,0.192242,0.056703,0.118743,0.186575,0.084707,0.023317,0.057438,0.103607,0.181151,0.177695,0.190998,0.081194,-0.041917,0.166804,0.218259,0.195338,0.078909,0.085287,0.080604,0.223473,0.156108,-0.006016,0.118748,0.142393,0.173166,0.179498,0.036317,0.146160,0.121716,0.237807,0.274156,0.082492,0.044958,0.188840,0.120232,0.246759,0.110987,0.199646,0.146710,-0.009482,0.153094,0.155121,0.147437,0.075569,0.145675,0.154672,0.319162,0.127673,0.133400,0.052332,0.011539,0.069267,0.117980,0.267698,0.092871,0.193607,0.157679,0.123728,0.120230,0.276239,0.162389,0.152164,0.156994,0.054132,0.160524,0.023414,0.092605,0.105297,0.232180,0.201925,0.004761,0.081412,0.037508,0.116806,0.120740,0.246613,0.212651,0.164818,0.175926,0.063611,0.109066,0.120345,0.090304,0.234289,0.067367,0.093430,0.149795,0.053264,0.066867,0.243045,0.099138,0.172365,0.035886,0.069833,-0.001165,0.218031,-0.036742,0.119369,0.077806,0.137530,0.107629,0.114031,0.115364,0.172851,0.246292,0.004038,0.201117,0.170654,0.293084,0.157829,0.147530,0.188409,0.170879,0.121279,#
