0,1.000000,0.373928,0.422123,0.322260,0.339554,0.337436,0.380561,0.285450,0.342758,0.358869,0.446401,0.384949,0.350281,0.322570,0.431147,0.394845,0.382564,0.465769,0.380888,0.337109,0.426482,0.469492,0.373594,0.429060,0.393965,0.293203,0.408948,0.446602,0.444378,0.371175,0.342402,0.327106,0.407212,0.327169,0.256152,0.350174,0.393126,0.376032,0.413166,0.469932,0.261751,0.381459,0.286631,0.383639,0.349054,0.364457,0.419734,0.373986,0.459911,0.409567,0.485152,0.294654,0.348494,0.335033,0.408163,0.362691,0.378496,0.371555,0.290189,0.328729,0.361535,0.267979,0.387786,0.373137,0.425402,0.294119,0.378256,0.394541,0.360291,0.389084,0.477079,0.393589,0.411914,0.387961,0.333780,0.317068,0.321789,0.394605,0.388222,0.288366,0.413072,0.329816,0.390437,0.432358,0.397230,0.406785,0.400880,0.369138,0.457867,0.347535,0.393806,0.301404,0.322575,0.361934,0.382668,0.406870,0.416534,0.331570,0.394557,0.369686,0.390843,0.442071,0.339879,0.394095,0.299292,0.388084,0.394254,0.369252,0.344488,0.292915,0.302591,0.422146,0.339779,0.410061,0.292843,0.405619,0.439349,0.295009,0.420575,0.349248,0.475626,0.353163,0.337316,0.323496,0.323604,0.468963,0.288812,0.310012,0.364483,0.419504,0.403319,0.472769,0.376827,0.342712,0.382978,0.258577,0.420546,0.367325,0.396389,0.488353,0.342789,0.374696,0.360863,0.296921,0.400860,0.384921,0.374113,0.275238,0.415619,0.347726,0.407724,0.301264,0.378985,0.310455,0.366175,0.272164,0.222977,0.286294,0.416997,0.425862,0.385432,0.375201,0.273960,0.396333,0.440796,0.238503,0.241294,0.288805,0.380546,0.347948,0.474411,0.183557,0.420435,0.483750,0.375318,0.334410,0.417400,0.306310,0.389701,0.375437,0.394654,0.496340,0.292837,0.279510,0.317742,0.421233,0.390564,0.496988,0.430672,0.216258,0.335577,0.367672,0.275261,0.248249,0.353966,0.258485,0.322292,0.325740,0.422207,0.393878,#
1,0.373928,1.000000,0.332765,0.358175,0.406598,0.340956,0.399569,0.357967,0.263910,0.330775,0.487976,0.422329,0.355929,0.408250,0.352554,0.354510,0.318478,0.354339,0.422326,0.362762,0.366791,0.479113,0.299758,0.372887,0.471027,0.377900,0.455258,0.496490,0.372131,0.314022,0.420367,0.388944,0.435364,0.316365,0.319017,0.269165,0.360350,0.383295,0.435232,0.338196,0.334649,0.353866,0.441575,0.336868,0.342302,0.380716,0.467930,0.424398,0.363848,0.334826,0.470429,0.294276,0.438729,0.329436,0.322792,0.319547,0.401210,0.365755,0.410856,0.421880,0.329431,0.316980,0.325753,0.429338,0.392880,0.387235,0.284878,0.430727,0.414027,0.370027,0.375542,0.278362,0.456375,0.272283,0.397728,0.303902,0.422381,0.348873,0.434814,0.385445,0.397600,0.435347,0.468232,0.462492,0.312919,0.284479,0.356713,0.328642,0.424175,0.413976,0.405477,0.419222,0.337684,0.369592,0.261485,0.360245,0.346953,0.294804,0.375593,0.314825,0.314337,0.322240,0.397646,0.349978,0.307980,0.349733,0.362764,0.411042,0.262316,0.381109,0.440470,0.411849,0.395315,0.437342,0.394729,0.426045,0.442420,0.317610,0.406858,0.377914,0.378554,0.397459,0.396317,0.422432,0.385003,0.435244,0.373838,0.398361,0.317912,0.370072,0.415558,0.424690,0.331428,0.348617,0.484864,0.380445,0.326673,0.379113,0.427113,0.415679,0.409027,0.279863,0.241838,0.283116,0.433124,0.367476,0.421542,0.208512,0.379663,0.355843,0.304388,0.418384,0.375659,0.270380,0.377623,0.372598,0.301528,0.320572,0.326504,0.256214,0.286417,0.448960,0.334087,0.387593,0.371675,0.350095,0.218110,0.360708,0.347134,0.457482,0.427181,0.348449,0.324889,0.349810,0.461982,0.322482,0.285778,0.362519,0.421794,0.362034,0.386227,0.387100,0.328856,0.328463,0.402567,0.475468,0.294501,0.436283,0.338245,0.272612,0.475700,0.369770,0.270633,0.322310,0.407375,0.380084,0.260627,0.333120,0.351960,0.333854,#
2,0.422123,0.332765,1.000000,0.390261,0.238244,0.341355,0.371138,0.328049,0.232719,0.226400,0.230383,0.390734,0.321010,0.391130,0.352720,0.396373,0.341159,0.356010,0.411465,0.351692,0.384475,0.440831,0.390416,0.409849,0.456931,0.354605,0.424228,0.334684,0.324226,0.343009,0.380254,0.310681,0.362109,0.295497,0.222069,0.304984,0.361357,0.356499,0.348546,0.352039,0.412600,0.371576,0.386082,0.296001,0.282034,0.414542,0.387568,0.392999,0.317217,0.367006,0.428586,0.401166,0.384815,0.323305,0.289797,0.388443,0.273211,0.374076,0.319099,0.351863,0.186701,0.349611,0.334408,0.437626,0.417159,0.408153,0.311777,0.355399,0.377252,0.455945,0.275162,0.250230,0.294379,0.349265,0.377721,0.372915,0.348432,0.404720,0.360938,0.367635,0.443020,0.260283,0.355039,0.388226,0.234814,0.371794,0.408900,0.389967,0.327367,0.356715,0.343687,0.330705,0.362074,0.327884,0.313012,0.332683,0.395502,0.305967,0.364896,0.289956,0.386335,0.380513,0.360199,0.337774,0.362010,0.315919,0.332587,0.318658,0.282693,0.367723,0.393678,0.405160,0.366822,0.308117,0.250675,0.372090,0.348487,0.374862,0.198855,0.242719,0.385702,0.333182,0.335028,0.299747,0.352966,0.318033,0.313360,0.329148,0.329597,0.327080,0.331222,0.458980,0.370767,0.282195,0.341153,0.385341,0.341739,0.366975,0.301435,0.300133,0.211385,0.281440,0.404926,0.286394,0.510901,0.308726,0.335003,0.239890,0.457175,0.340368,0.357972,0.363465,0.330163,0.318069,0.228246,0.227916,0.212333,0.281610,0.332168,0.315369,0.420558,0.447640,0.331156,0.431532,0.382508,0.218641,0.273848,0.343723,0.285324,0.362264,0.303257,0.380374,0.287229,0.340525,0.469347,0.382693,0.463125,0.352902,0.431112,0.348479,0.418190,0.313968,0.196330,0.297078,0.266483,0.415249,0.392477,0.351911,0.376145,0.164409,0.311071,0.336486,0.367029,0.231260,0.363620,0.244378,0.305008,0.261873,0.434457,0.353140,#
3,0.322260,0.358175,0.390261,1.000000,0.292465,0.251909,0.359920,0.313146,0.309675,0.237982,0.291435,0.340709,0.286590,0.313687,0.244685,0.255914,0.274023,0.360097,0.322080,0.351770,0.343548,0.344084,0.377626,0.428822,0.401892,0.341374,0.373466,0.315201,0.366844,0.267408,0.368688,0.437633,0.361833,0.393811,0.167741,0.289339,0.418480,0.436909,0.398517,0.272054,0.356431,0.364682,0.388046,0.328210,0.287415,0.452120,0.436011,0.390179,0.257577,0.343047,0.453494,0.299432,0.340277,0.306792,0.195826,0.400603,0.321561,0.354253,0.274607,0.387482,0.281301,0.232762,0.312256,0.393927,0.389957,0.386203,0.254571,0.416927,0.288230,0.361777,0.410630,0.230458,0.306375,0.315746,0.386567,0.331203,0.287044,0.440427,0.375598,0.344238,0.377525,0.358276,0.358400,0.367401,0.335221,0.320688,0.390843,0.293923,0.364328,0.408187,0.372062,0.335759,0.304695,0.422025,0.226089,0.320658,0.374785,0.196129,0.416873,0.258295,0.367784,0.348163,0.362263,0.335066,0.397712,0.304134,0.324072,0.391583,0.235903,0.284678,0.346759,0.325631,0.297942,0.363093,0.226282,0.317466,0.381187,0.283180,0.307653,0.300573,0.431665,0.320198,0.393311,0.399038,0.353613,0.363253,0.300218,0.265395,0.259209,0.434227,0.338820,0.369442,0.388802,0.421506,0.363725,0.326506,0.282314,0.262770,0.419148,0.373168,0.350503,0.293859,0.326031,0.280835,0.402186,0.215564,0.344298,0.329397,0.383314,0.348229,0.293576,0.254525,0.230555,0.274380,0.243090,0.223021,0.309463,0.295092,0.250699,0.344950,0.395491,0.376028,0.394299,0.521596,0.398943,0.280303,0.279696,0.260117,0.281959,0.397838,0.392870,0.247092,0.282764,0.314575,0.344728,0.266560,0.243260,0.284396,0.328870,0.332459,0.386812,0.474464,0.388928,0.286579,0.274016,0.299294,0.275653,0.413003,0.226770,0.219428,0.370833,0.346624,0.356153,0.275798,0.226360,0.332507,0.349318,0.316321,0.363818,0.326535,#
4,0.339554,0.406598,0.238244,0.292465,1.000000,0.204027,0.393837,0.247966,0.317976,0.252531,0.324804,0.256186,0.353767,0.309112,0.233635,0.283558,0.203822,0.300659,0.388755,0.375128,0.295283,0.350855,0.342282,0.365155,0.320923,0.382720,0.270192,0.348253,0.367973,0.191805,0.278736,0.266471,0.419959,0.212282,0.206909,0.256137,0.269197,0.386081,0.267093,0.291490,0.319054,0.349131,0.307334,0.311783,0.412443,0.292861,0.421902,0.370054,0.321784,0.392732,0.345522,0.174369,0.325118,0.340646,0.308794,0.311689,0.255870,0.282310,0.290509,0.332240,0.336892,0.254023,0.244975,0.252761,0.276599,0.242315,0.277056,0.295178,0.300556,0.287397,0.320342,0.272866,0.272119,0.305244,0.268134,0.117030,0.220717,0.310093,0.212045,0.215250,0.430384,0.374955,0.275711,0.348925,0.307966,0.275462,0.242087,0.285248,0.394389,0.387225,0.352953,0.349699,0.172293,0.297941,0.151587,0.353881,0.267871,0.392157,0.363771,0.273136,0.364852,0.174192,0.314509,0.339505,0.294290,0.249599,0.229810,0.289340,0.207781,0.320590,0.417417,0.258564,0.322478,0.457402,0.303502,0.175349,0.332890,0.114101,0.359191,0.261686,0.310635,0.345476,0.358113,0.262892,0.326113,0.344414,0.270657,0.309942,0.100712,0.206954,0.252851,0.347603,0.307906,0.224074,0.372098,0.227198,0.249529,0.188247,0.229715,0.350173,0.286645,0.136217,0.227970,0.298081,0.322723,0.265118,0.372837,0.182419,0.312936,0.331065,0.331454,0.267922,0.269582,0.309181,0.189766,0.249824,0.374091,0.282983,0.244234,0.332795,0.258603,0.271057,0.230568,0.376895,0.282542,0.379023,0.202097,0.196857,0.249774,0.328352,0.339889,0.196723,0.231810,0.245279,0.347056,0.176601,0.343277,0.184964,0.303130,0.227740,0.191047,0.234108,0.247731,0.273631,0.248972,0.293378,0.242127,0.446468,0.334868,0.182306,0.306140,0.236782,0.286472,0.213398,0.259978,0.326728,0.337194,0.418469,0.308745,0.243977,#
5,0.337436,0.340956,0.341355,0.251909,0.204027,1.000000,0.272938,0.277489,0.245673,0.319816,0.248286,0.293165,0.310043,0.224815,0.283791,0.303150,0.285986,0.338446,0.326506,0.192482,0.310723,0.324345,0.314418,0.429963,0.301152,0.261116,0.308058,0.350795,0.338401,0.288266,0.242512,0.415821,0.363018,0.229363,0.235113,0.174565,0.404455,0.270871,0.337323,0.345915,0.284140,0.303435,0.179311,0.344455,0.220348,0.352631,0.317022,0.195526,0.333178,0.356280,0.363142,0.239159,0.296196,0.202840,0.270817,0.287669,0.174964,0.384084,0.326494,0.285084,0.264818,0.325138,0.297434,0.294983,0.320040,0.288885,0.324729,0.348075,0.217700,0.265855,0.387019,0.230050,0.340178,0.393762,0.270994,0.205264,0.341793,0.287812,0.307266,0.302675,0.335448,0.288243,0.381160,0.195281,0.212640,0.339615,0.232289,0.296589,0.285955,0.270211,0.294552,0.310776,0.190903,0.306673,0.174321,0.288737,0.296911,0.136734,0.289522,0.181841,0.312807,0.348360,0.308653,0.300204,0.251056,0.231394,0.212318,0.311500,0.239915,0.232991,0.367156,0.246706,0.332290,0.283765,0.295538,0.231397,0.351382,0.297870,0.233887,0.289301,0.224486,0.267641,0.255172,0.265147,0.313924,0.268459,0.113825,0.197696,0.374210,0.418121,0.265299,0.391610,0.206239,0.268287,0.385887,0.288641,0.210874,0.233508,0.281470,0.279080,0.344164,0.319106,0.241502,0.300103,0.304807,0.242855,0.239291,0.226653,0.253097,0.268754,0.291667,0.189746,0.274475,0.349531,0.192602,0.275651,0.294557,0.228216,0.418545,0.121472,0.295271,0.260027,0.298448,0.258081,0.261577,0.164627,0.183127,0.297964,0.373549,0.397923,0.199541,0.225581,0.323381,0.264436,0.246356,0.261659,0.222061,0.250656,0.354322,0.252294,0.356898,0.353367,0.341938,0.169519,0.309207,0.368211,0.330771,0.281027,0.210909,0.260942,0.354755,0.239132,0.226618,0.276535,0.304993,0.246917,0.253017,0.326089,0.264912,0.348735,#
6,0.380561,0.399569,0.371138,0.359920,0.393837,0.272938,1.000000,0.361771,0.281593,0.297907,0.389096,0.316870,0.277509,0.413299,0.273717,0.335458,0.372202,0.354629,0.380200,0.432912,0.404223,0.366697,0.382373,0.355912,0.393964,0.304914,0.344673,0.375738,0.409048,0.337454,0.315316,0.373375,0.382927,0.306062,0.170599,0.222704,0.296679,0.357797,0.371555,0.379242,0.369891,0.341498,0.307385,0.412330,0.339579,0.338582,0.452231,0.475463,0.341150,0.442948,0.357227,0.376897,0.379375,0.345656,0.281071,0.408393,0.362042,0.421889,0.387744,0.431445,0.238770,0.311746,0.291086,0.373925,0.285232,0.465057,0.339899,0.387326,0.374448,0.343179,0.333951,0.339427,0.361379,0.318950,0.393562,0.320874,0.337560,0.397156,0.358367,0.325078,0.353306,0.418604,0.456056,0.360880,0.353497,0.398231,0.337550,0.414002,0.427706,0.402181,0.456180,0.303638,0.240801,0.437840,0.280306,0.455991,0.354956,0.360736,0.457864,0.310021,0.409335,0.395943,0.257022,0.334338,0.263384,0.495628,0.340775,0.307057,0.318861,0.365342,0.377633,0.376418,0.395158,0.374248,0.338076,0.358138,0.398653,0.324081,0.387266,0.341521,0.346386,0.447124,0.320725,0.334146,0.364153,0.366466,0.248663,0.448535,0.228806,0.388415,0.361531,0.360099,0.432680,0.242792,0.510864,0.355157,0.343556,0.451976,0.392076,0.344061,0.236725,0.202678,0.228669,0.434878,0.318312,0.400688,0.364879,0.252854,0.350531,0.289556,0.402280,0.307909,0.345336,0.354367,0.339691,0.274711,0.284577,0.321228,0.337392,0.284271,0.322279,0.388828,0.356823,0.425059,0.366343,0.286397,0.223105,0.268672,0.423053,0.473015,0.296318,0.326541,0.353155,0.337163,0.392904,0.330504,0.319497,0.312174,0.407347,0.296976,0.206838,0.256388,0.330671,0.360300,0.381037,0.332472,0.361959,0.360668,0.379638,0.308349,0.311374,0.286663,0.383276,0.282005,0.250524,0.285520,0.376542,0.337168,0.277879,0.351372,#
7,0.285450,0.357967,0.328049,0.313146,0.247966,0.277489,0.361771,1.000000,0.255878,0.379991,0.340999,0.466956,0.309346,0.364943,0.255067,0.345049,0.312642,0.423548,0.365598,0.383443,0.394864,0.392862,0.504504,0.309737,0.462648,0.280788,0.363160,0.457252,0.300387,0.306321,0.414243,0.402867,0.431479,0.294841,0.257986,0.331973,0.305041,0.311099,0.367379,0.352523,0.306058,0.312564,0.406411,0.248031,0.396763,0.418218,0.308748,0.400453,0.390404,0.358514,0.443938,0.281573,0.282239,0.358010,0.349698,0.373567,0.428937,0.433889,0.352466,0.352198,0.281443,0.226535,0.328215,0.376107,0.418181,0.329811,0.356678,0.380925,0.321057,0.466574,0.369019,0.251080,0.431103,0.426830,0.315570,0.297297,0.380459,0.369950,0.371691,0.446399,0.356785,0.379488,0.464959,0.382550,0.304223,0.368836,0.427080,0.307160,0.388453,0.466213,0.397659,0.311595,0.328163,0.348244,0.222750,0.355107,0.346054,0.267425,0.298961,0.211268,0.391888,0.319055,0.301521,0.334557,0.223331,0.449906,0.422253,0.332248,0.317942,0.299305,0.331160,0.343196,0.262864,0.353225,0.392984,0.365429,0.298821,0.305585,0.341179,0.386170,0.370201,0.399743,0.285258,0.404021,0.459582,0.368474,0.349446,0.397518,0.303543,0.375185,0.314734,0.387818,0.356262,0.310798,0.520295,0.363653,0.259387,0.491434,0.399166,0.398340,0.426449,0.444484,0.149319,0.307878,0.411835,0.340047,0.371216,0.274425,0.354521,0.274840,0.410228,0.481748,0.274319,0.264174,0.222861,0.395015,0.379886,0.337851,0.340578,0.306419,0.334680,0.394846,0.347690,0.414165,0.370479,0.247006,0.379501,0.266013,0.442692,0.411035,0.367558,0.332106,0.317197,0.258719,0.385343,0.287280,0.325700,0.301484,0.222721,0.426296,0.375425,0.387055,0.252051,0.298137,0.172872,0.355222,0.354420,0.372626,0.259910,0.394656,0.391018,0.316682,0.319221,0.337521,0.199186,0.323880,0.383127,0.344195,0.382656,0.322447,#
8,0.342758,0.263910,0.232719,0.309675,0.317976,0.245673,0.281593,0.255878,1.000000,0.180846,0.376664,0.332354,0.320386,0.325497,0.353404,0.286810,0.267374,0.280708,0.258885,0.377626,0.377857,0.296098,0.320545,0.353274,0.320501,0.319281,0.238347,0.363117,0.281804,0.362275,0.222672,0.329149,0.311238,0.317171,0.245329,0.258097,0.337801,0.373786,0.320366,0.422629,0.304828,0.254705,0.212673,0.360062,0.390776,0.324172,0.362267,0.388970,0.242580,0.293374,0.287426,0.387216,0.231087,0.432254,0.272720,0.382876,0.308807,0.309150,0.244725,0.361852,0.267672,0.194315,0.366562,0.328037,0.326689,0.295306,0.298120,0.364814,0.410964,0.351344,0.238186,0.374287,0.335565,0.267244,0.234974,0.214319,0.265422,0.294373,0.325959,0.153729,0.305587,0.347803,0.358115,0.249101,0.297144,0.336470,0.266474,0.284234,0.389758,0.364784,0.383269,0.302052,0.257255,0.290112,0.317825,0.432874,0.345066,0.281380,0.251346,0.190319,0.331910,0.219229,0.230557,0.270989,0.290173,0.256414,0.370648,0.347411,0.166288,0.358867,0.255340,0.310750,0.232957,0.333945,0.225707,0.334856,0.420413,0.291854,0.154226,0.371008,0.329603,0.266774,0.331712,0.310280,0.355905,0.414048,0.175557,0.355903,0.269881,0.318691,0.351648,0.360818,0.306206,0.277771,0.398151,0.261333,0.265009,0.387465,0.456472,0.352549,0.277639,0.300664,0.372112,0.240062,0.370466,0.247528,0.270756,0.379686,0.297895,0.304578,0.365895,0.273601,0.273797,0.315564,0.374788,0.290458,0.331345,0.186768,0.303431,0.334160,0.241026,0.330214,0.236926,0.418897,0.271972,0.227926,0.288639,0.247222,0.304677,0.358958,0.387823,0.106608,0.222399,0.399121,0.363158,0.341787,0.250540,0.299150,0.316386,0.318175,0.345070,0.292343,0.112588,0.228596,0.334717,0.315776,0.264983,0.256640,0.294441,0.269125,0.313381,0.308468,0.278761,0.227847,0.276316,0.282909,0.338583,0.158918,0.249673,0.261532,#
9,0.358869,0.330775,0.226400,0.237982,0.252531,0.319816,0.297907,0.379991,0.180846,1.000000,0.423720,0.329739,0.275139,0.330805,0.370537,0.376870,0.307416,0.252868,0.249910,0.415306,0.299235,0.358924,0.368274,0.351634,0.325737,0.285375,0.380411,0.452888,0.341035,0.223569,0.448113,0.405995,0.312368,0.327288,0.286879,0.294621,0.206442,0.367780,0.336155,0.300585,0.333369,0.377729,0.244036,0.203503,0.366748,0.443850,0.357223,0.382574,0.321799,0.289308,0.387815,0.321623,0.277937,0.302130,0.293215,0.371860,0.403785,0.349126,0.288322,0.326912,0.249278,0.322361,0.378083,0.342945,0.331371,0.371518,0.206920,0.419231,0.388674,0.269911,0.341384,0.297030,0.303795,0.341963,0.376814,0.324495,0.407594,0.268063,0.445868,0.339318,0.322926,0.353888,0.408004,0.352951,0.370651,0.445780,0.411187,0.267922,0.320325,0.330907,0.296894,0.407079,0.257558,0.330027,0.249777,0.363132,0.426612,0.252230,0.334439,0.303482,0.419451,0.339632,0.408936,0.238797,0.348442,0.329565,0.350136,0.333231,0.301991,0.262112,0.266079,0.309716,0.330743,0.368487,0.286794,0.367279,0.400527,0.397109,0.456997,0.274352,0.471862,0.416933,0.314182,0.383220,0.368106,0.369117,0.194370,0.385893,0.209016,0.305507,0.324044,0.410754,0.278760,0.318899,0.440383,0.263603,0.333732,0.364416,0.346271,0.322807,0.262672,0.347528,0.212844,0.273786,0.352604,0.231796,0.407597,0.259651,0.261509,0.391148,0.386673,0.335132,0.410709,0.341312,0.279272,0.353293,0.326447,0.348439,0.439861,0.269279,0.325538,0.281066,0.190891,0.442970,0.339685,0.300468,0.278155,0.260202,0.480327,0.387364,0.311935,0.343138,0.330745,0.354616,0.318981,0.271759,0.282763,0.158421,0.231515,0.397689,0.286652,0.385730,0.332007,0.373606,0.294886,0.353055,0.403371,0.438200,0.364290,0.239174,0.362607,0.316585,0.219201,0.314448,0.242499,0.318110,0.316087,0.234512,0.347025,0.315771,#
10,0.446401,0.487976,0.230383,0.291435,0.324804,0.248286,0.389096,0.340999,0.376664,0.423720,1.000000,0.345072,0.247780,0.414040,0.399584,0.354558,0.378245,0.359529,0.445222,0.396622,0.351230,0.397291,0.336207,0.325243,0.363065,0.223841,0.434497,0.412588,0.372972,0.378998,0.399069,0.372042,0.349688,0.386550,0.237351,0.333379,0.233466,0.388235,0.442620,0.354520,0.254655,0.243599,0.332783,0.302841,0.348795,0.375011,0.378465,0.424383,0.400036,0.380697,0.297549,0.339454,0.314433,0.368012,0.326638,0.378843,0.338919,0.365078,0.285826,0.335214,0.286929,0.323574,0.339504,0.398109,0.347692,0.372803,0.307171,0.368007,0.404992,0.324141,0.350240,0.280430,0.332555,0.360586,0.315045,0.356857,0.441977,0.250566,0.385795,0.302420,0.301870,0.399512,0.419509,0.421402,0.366359,0.351515,0.399835,0.245789,0.426491,0.366157,0.293263,0.367240,0.388650,0.308660,0.260887,0.340628,0.420384,0.241707,0.412214,0.348868,0.441887,0.291519,0.332753,0.325390,0.337374,0.332992,0.460062,0.366105,0.289514,0.339603,0.260502,0.366273,0.291982,0.388763,0.393101,0.441803,0.408886,0.241931,0.311626,0.297209,0.347133,0.335040,0.365660,0.394369,0.383847,0.365089,0.216785,0.364599,0.251311,0.420761,0.369198,0.381801,0.352618,0.268130,0.470782,0.318782,0.321919,0.423240,0.309980,0.452602,0.340755,0.275882,0.405124,0.267314,0.343247,0.321543,0.297333,0.282114,0.252249,0.394714,0.313879,0.419974,0.345044,0.358736,0.390173,0.387071,0.330641,0.236670,0.346463,0.369046,0.272121,0.323096,0.347480,0.422868,0.330469,0.272098,0.248941,0.258149,0.345723,0.455760,0.429630,0.307710,0.343040,0.386299,0.387992,0.184719,0.302099,0.298578,0.408637,0.425459,0.376783,0.316444,0.363200,0.301883,0.354616,0.373974,0.328020,0.380195,0.342215,0.258426,0.343267,0.324976,0.291805,0.273513,0.352477,0.371399,0.333391,0.390467,0.396523,0.396893,#
11,0.384949,0.422329,0.390734,0.340709,0.256186,0.293165,0.316870,0.466956,0.332354,0.329739,0.345072,1.000000,0.416996,0.322805,0.242135,0.392990,0.379852,0.446796,0.385854,0.254217,0.367157,0.422162,0.335057,0.406450,0.484381,0.398122,0.314492,0.479608,0.223144,0.431371,0.428633,0.430475,0.385315,0.351602,0.244841,0.279377,0.376706,0.412460,0.367516,0.324507,0.348761,0.398676,0.413560,0.462587,0.318162,0.413103,0.375513,0.440268,0.367611,0.295665,0.475258,0.326721,0.300203,0.396533,0.260103,0.343793,0.511027,0.391653,0.380794,0.348248,0.275115,0.397249,0.411190,0.442811,0.401545,0.380891,0.362435,0.460918,0.372545,0.388256,0.288859,0.249553,0.418214,0.397441,0.347969,0.368686,0.337684,0.341640,0.493959,0.339337,0.411774,0.248659,0.404694,0.441364,0.406366,0.340303,0.453505,0.341400,0.422594,0.350292,0.467266,0.370324,0.382441,0.470220,0.260228,0.344834,0.312454,0.344959,0.352529,0.378448,0.463002,0.350745,0.344223,0.302045,0.349004,0.464379,0.446793,0.349228,0.366089,0.379226,0.344149,0.368693,0.406193,0.397976,0.242751,0.545165,0.425356,0.270835,0.331809,0.351830,0.364573,0.448837,0.410443,0.391326,0.447569,0.386007,0.415330,0.478046,0.375768,0.379708,0.391683,0.527751,0.324007,0.313565,0.410190,0.307651,0.239914,0.492228,0.380625,0.413049,0.296067,0.403901,0.328176,0.371954,0.434870,0.384682,0.401001,0.278836,0.351690,0.331120,0.347729,0.498622,0.340493,0.379387,0.413430,0.309106,0.294284,0.269163,0.319426,0.300099,0.359831,0.351807,0.277539,0.398085,0.421548,0.298157,0.406920,0.348925,0.498496,0.404318,0.415585,0.239164,0.333922,0.357320,0.381843,0.416312,0.438280,0.321229,0.281532,0.321800,0.437657,0.386052,0.299991,0.338187,0.234238,0.440528,0.400805,0.360336,0.346503,0.293219,0.258961,0.337617,0.398032,0.142575,0.316317,0.298220,0.405978,0.279361,0.314738,0.385063,#
12,0.350281,0.355929,0.321010,0.286590,0.353767,0.310043,0.277509,0.309346,0.320386,0.275139,0.247780,0.416996,1.000000,0.306117,0.351812,0.342449,0.367832,0.297877,0.402874,0.415797,0.394742,0.264483,0.367385,0.370178,0.396800,0.324032,0.314003,0.432344,0.367296,0.401621,0.322522,0.447972,0.374284,0.336700,0.271799,0.256798,0.402370,0.358831,0.302184,0.333652,0.394258,0.276074,0.416478,0.343133,0.388409,0.439659,0.337185,0.308181,0.389269,0.303358,0.452674,0.243773,0.281216,0.416834,0.315520,0.336786,0.356870,0.392972,0.349745,0.359928,0.287020,0.343814,0.323430,0.355931,0.347896,0.348930,0.328632,0.291249,0.313755,0.269157,0.277691,0.295019,0.247862,0.286467,0.395539,0.319892,0.327693,0.336499,0.316477,0.305058,0.396153,0.330167,0.393410,0.370079,0.393451,0.439071,0.307485,0.361964,0.434718,0.371131,0.418672,0.392161,0.269104,0.394197,0.299642,0.229792,0.400870,0.317612,0.271108,0.207980,0.348583,0.368574,0.305313,0.321429,0.380071,0.355949,0.346850,0.257526,0.232464,0.414200,0.385278,0.231004,0.344610,0.440451,0.249268,0.337928,0.380207,0.394562,0.314032,0.353007,0.313367,0.421474,0.424805,0.379592,0.291982,0.416260,0.286137,0.321358,0.315717,0.265482,0.352508,0.426470,0.297423,0.223392,0.326466,0.312638,0.294610,0.364862,0.378299,0.339420,0.376453,0.371674,0.245325,0.294468,0.293234,0.341533,0.399846,0.292136,0.359982,0.269797,0.382177,0.481738,0.262322,0.326597,0.343036,0.232385,0.316844,0.171462,0.300260,0.191998,0.351667,0.371855,0.277983,0.434807,0.325421,0.251596,0.308531,0.151689,0.364264,0.423379,0.304083,0.241135,0.342826,0.304821,0.413044,0.211959,0.320661,0.320915,0.202590,0.359335,0.406606,0.372963,0.351350,0.325919,0.328277,0.393000,0.347046,0.388353,0.293517,0.184984,0.356775,0.366671,0.310527,0.294352,0.222312,0.260739,0.428703,0.270616,0.391878,0.289059,#
13,0.322570,0.408250,0.391130,0.313687,0.309112,0.224815,0.413299,0.364943,0.325497,0.330805,0.414040,0.322805,0.306117,1.000000,0.391182,0.408473,0.359303,0.293013,0.367190,0.404398,0.350979,0.368168,0.358021,0.309049,0.502319,0.396810,0.415022,0.383517,0.308039,0.270503,0.404955,0.333400,0.398057,0.358283,0.230484,0.312425,0.277255,0.399566,0.297934,0.357083,0.312040,0.289317,0.479051,0.313203,0.364149,0.326974,0.455449,0.355642,0.380922,0.333034,0.457915,0.336149,0.332934,0.320134,0.344197,0.508531,0.357615,0.358379,0.389690,0.410275,0.315831,0.348362,0.464816,0.383611,0.281748,0.354257,0.452943,0.424905,0.524353,0.410894,0.231370,0.331278,0.375802,0.347788,0.406258,0.283624,0.414668,0.380417,0.407093,0.285171,0.332008,0.428487,0.433251,0.510679,0.450947,0.359006,0.475809,0.409512,0.397011,0.416790,0.418230,0.383128,0.344383,0.400854,0.299455,0.374485,0.381469,0.283926,0.322280,0.300366,0.470920,0.375324,0.345653,0.318643,0.335983,0.461239,0.395337,0.307341,0.319292,0.357533,0.343391,0.337913,0.445045,0.406799,0.329782,0.349215,0.429707,0.341125,0.321627,0.400069,0.419095,0.416839,0.328820,0.414949,0.386193,0.350656,0.293192,0.379103,0.435585,0.329236,0.350257,0.382052,0.348319,0.348332,0.474633,0.313345,0.356982,0.407464,0.483614,0.385199,0.305560,0.318442,0.334288,0.371965,0.443844,0.440497,0.384933,0.313487,0.236909,0.420301,0.423566,0.282740,0.358081,0.405163,0.415296,0.363604,0.239837,0.348828,0.361238,0.253607,0.274090,0.482200,0.275166,0.503319,0.391103,0.354617,0.236322,0.244162,0.445437,0.462010,0.408939,0.436998,0.366098,0.297530,0.416842,0.356238,0.359698,0.250560,0.428223,0.290606,0.428587,0.319969,0.282199,0.370198,0.268468,0.399304,0.418240,0.433576,0.408841,0.362293,0.301106,0.353830,0.380201,0.279475,0.291665,0.338314,0.349362,0.290169,0.394426,0.379847,#
14,0.431147,0.352554,0.352720,0.244685,0.233635,0.283791,0.273717,0.255067,0.353404,0.370537,0.399584,0.242135,0.351812,0.391182,1.000000,0.455277,0.334495,0.315072,0.414892,0.380776,0.312589,0.317692,0.361716,0.413313,0.351945,0.259455,0.386536,0.334997,0.371382,0.327509,0.272502,0.261679,0.340230,0.286433,0.311263,0.371622,0.385786,0.390338,0.414895,0.400104,0.419496,0.315447,0.402198,0.309533,0.346207,0.418926,0.440469,0.359431,0.345530,0.240309,0.435084,0.346156,0.301927,0.310331,0.375887,0.336348,0.362237,0.306023,0.266460,0.362680,0.326392,0.408909,0.296414,0.356783,0.365467,0.339921,0.306063,0.385973,0.415041,0.336712,0.268933,0.310159,0.226278,0.446752,0.228034,0.264278,0.309673,0.374871,0.369399,0.291065,0.374170,0.231248,0.434175,0.441890,0.328645,0.415961,0.210283,0.270644,0.387109,0.388074,0.419847,0.375590,0.354440,0.354660,0.336161,0.266875,0.414343,0.258242,0.394976,0.274702,0.317756,0.321371,0.395911,0.281316,0.256954,0.374020,0.422500,0.401652,0.299882,0.367327,0.211177,0.316345,0.350648,0.253316,0.332263,0.375087,0.310800,0.372551,0.300568,0.332026,0.427566,0.350642,0.282620,0.360422,0.316942,0.299787,0.289360,0.329508,0.254808,0.325492,0.232301,0.437905,0.352168,0.188820,0.345128,0.264526,0.325913,0.362921,0.350245,0.312594,0.403874,0.339066,0.348176,0.227444,0.321061,0.309799,0.338056,0.182660,0.268723,0.317105,0.354368,0.248249,0.205664,0.360638,0.296454,0.252860,0.305928,0.268603,0.361111,0.236342,0.285164,0.365697,0.249485,0.336356,0.373050,0.253307,0.333335,0.278464,0.310637,0.426884,0.424119,0.323227,0.343541,0.410214,0.444361,0.243637,0.452862,0.327858,0.407690,0.397004,0.399624,0.418102,0.281638,0.362869,0.319117,0.412247,0.382304,0.339538,0.245734,0.234189,0.292443,0.352857,0.307073,0.408335,0.290500,0.197186,0.200673,0.307772,0.402966,0.385809,#
15,0.394845,0.354510,0.396373,0.255914,0.283558,0.303150,0.335458,0.345049,0.286810,0.376870,0.354558,0.392990,0.342449,0.408473,0.455277,1.000000,0.401564,0.476926,0.442034,0.366499,0.360280,0.392668,0.349306,0.445082,0.464158,0.326267,0.430274,0.400081,0.386380,0.262057,0.391456,0.380528,0.358433,0.425019,0.258114,0.259379,0.323822,0.368292,0.441742,0.379258,0.482298,0.330345,0.400309,0.349915,0.472770,0.387302,0.370864,0.412440,0.302690,0.359567,0.437931,0.307561,0.382069,0.365424,0.347705,0.303293,0.377863,0.393045,0.341776,0.449985,0.269941,0.302311,0.312416,0.320320,0.295412,0.325936,0.405243,0.484336,0.434096,0.355322,0.260337,0.353172,0.340520,0.293331,0.389635,0.362383,0.321852,0.447533,0.377463,0.354781,0.496356,0.289021,0.392298,0.468253,0.350057,0.384633,0.364361,0.278744,0.456836,0.405501,0.384815,0.306429,0.385554,0.487263,0.303769,0.320952,0.426447,0.302657,0.454478,0.316392,0.441870,0.312729,0.422859,0.298877,0.313158,0.349107,0.356028,0.297254,0.344890,0.473919,0.301946,0.452060,0.365253,0.314118,0.289386,0.466893,0.434303,0.277147,0.304905,0.351133,0.432154,0.416563,0.262782,0.444232,0.338555,0.259919,0.343159,0.381167,0.322715,0.298517,0.284238,0.481059,0.331524,0.352148,0.429189,0.366403,0.395335,0.320453,0.390879,0.293129,0.315454,0.377031,0.409823,0.254019,0.417800,0.383496,0.455805,0.264575,0.399512,0.349838,0.397258,0.328936,0.371810,0.498434,0.228821,0.469301,0.266611,0.335726,0.364216,0.351775,0.273610,0.373842,0.316348,0.408501,0.330545,0.379138,0.313286,0.343642,0.358494,0.422841,0.328364,0.254763,0.414902,0.321053,0.457067,0.221597,0.474798,0.297231,0.272189,0.429977,0.379330,0.410524,0.303199,0.350119,0.333669,0.403547,0.322181,0.383183,0.321806,0.234089,0.188822,0.441360,0.271985,0.343269,0.279769,0.302202,0.308452,0.339652,0.308570,0.321870,#
16,0.382564,0.318478,0.341159,0.274023,0.203822,0.285986,0.372202,0.312642,0.267374,0.307416,0.378245,0.379852,0.367832,0.359303,0.334495,0.401564,1.000000,0.376313,0.333076,0.336355,0.546210,0.386025,0.481123,0.282284,0.307200,0.325894,0.366610,0.273045,0.315027,0.295991,0.323484,0.443165,0.243854,0.361832,0.200353,0.266403,0.384069,0.315220,0.342531,0.321281,0.244369,0.261319,0.364042,0.337411,0.318649,0.368735,0.368184,0.330120,0.340463,0.244806,0.275568,0.339941,0.417418,0.308252,0.302853,0.306704,0.273324,0.315009,0.270039,0.206401,0.209118,0.388592,0.319312,0.397419,0.399445,0.302264,0.320053,0.486515,0.312173,0.377160,0.206921,0.321005,0.361041,0.240044,0.346724,0.460977,0.320061,0.376170,0.410263,0.309479,0.279423,0.284934,0.332759,0.339020,0.328802,0.432125,0.419804,0.290687,0.350633,0.284678,0.381470,0.361680,0.280870,0.321280,0.253973,0.329326,0.352130,0.258600,0.427199,0.299130,0.359426,0.260915,0.203291,0.272015,0.295912,0.380963,0.286049,0.214439,0.278151,0.347826,0.322622,0.334574,0.307230,0.289303,0.326263,0.494055,0.377201,0.290489,0.204555,0.325482,0.304182,0.354073,0.307002,0.352097,0.356845,0.261196,0.269194,0.263436,0.307570,0.366951,0.245579,0.354230,0.416478,0.206681,0.468792,0.306177,0.204239,0.379172,0.335099,0.379038,0.187733,0.349124,0.228921,0.292812,0.360530,0.309009,0.207975,0.261151,0.282540,0.233123,0.276891,0.349396,0.282805,0.305805,0.337431,0.319560,0.225164,0.207339,0.350460,0.236090,0.253708,0.422522,0.389870,0.444293,0.283150,0.187284,0.300732,0.287510,0.284285,0.334720,0.296435,0.180833,0.343722,0.234946,0.365340,0.324352,0.308140,0.216878,0.272939,0.319049,0.365461,0.359892,0.278898,0.209071,0.191405,0.318384,0.399085,0.315817,0.303666,0.241134,0.341401,0.189264,0.236410,0.278819,0.337801,0.324169,0.271304,0.306866,0.261305,0.380308,#
17,0.465769,0.354339,0.356010,0.360097,0.300659,0.338446,0.354629,0.423548,0.280708,0.252868,0.359529,0.446796,0.297877,0.293013,0.315072,0.476926,0.376313,1.000000,0.367846,0.396825,0.401811,0.408696,0.446302,0.453551,0.470643,0.357794,0.308179,0.342703,0.451058,0.359334,0.381148,0.473796,0.540975,0.387357,0.176071,0.295631,0.327096,0.502283,0.405831,0.283826,0.354737,0.277175,0.316763,0.451771,0.329964,0.385282,0.451821,0.348526,0.394886,0.388514,0.431231,0.242815,0.259976,0.372955,0.357833,0.397832,0.412413,0.480314,0.345412,0.421625,0.303170,0.400952,0.348795,0.366013,0.335817,0.431559,0.377500,0.479948,0.416605,0.421020,0.404847,0.392226,0.436782,0.380932,0.345952,0.402119,0.299840,0.427383,0.314420,0.376401,0.433915,0.412021,0.553160,0.470582,0.382188,0.340473,0.394793,0.374443,0.509532,0.477709,0.420670,0.319501,0.345941,0.384137,0.249965,0.295402,0.364325,0.446995,0.402616,0.358933,0.427566,0.316895,0.324129,0.341667,0.310492,0.439905,0.367431,0.509420,0.244302,0.316110,0.340613,0.373066,0.297363,0.387648,0.268526,0.468514,0.379538,0.325925,0.326784,0.444782,0.327443,0.342325,0.341808,0.388636,0.441704,0.426654,0.293765,0.366043,0.228118,0.275301,0.275288,0.466278,0.423042,0.449800,0.449787,0.332070,0.413427,0.362422,0.410394,0.438585,0.339383,0.371269,0.336126,0.302806,0.450710,0.345585,0.291389,0.233962,0.366471,0.262314,0.446611,0.266321,0.311732,0.449712,0.315693,0.385307,0.301734,0.309599,0.468429,0.376710,0.434270,0.413848,0.359380,0.384551,0.378059,0.398801,0.265941,0.383965,0.337344,0.396972,0.457985,0.323145,0.354575,0.385482,0.435446,0.213866,0.436804,0.336521,0.235946,0.452308,0.393258,0.513219,0.315296,0.185924,0.262128,0.387115,0.383397,0.466536,0.414740,0.336295,0.327254,0.417797,0.243788,0.270933,0.421074,0.350784,0.441471,0.244649,0.316535,0.395093,#
18,0.380888,0.422326,0.411465,0.322080,0.388755,0.326506,0.380200,0.365598,0.258885,0.249910,0.445222,0.385854,0.402874,0.367190,0.414892,0.442034,0.333076,0.367846,1.000000,0.367909,0.354088,0.349297,0.263876,0.421297,0.432419,0.374139,0.475409,0.439866,0.446794,0.314819,0.411890,0.388750,0.448304,0.258530,0.292562,0.358790,0.477873,0.389221,0.380969,0.401106,0.394226,0.320274,0.402048,0.307753,0.347690,0.380801,0.386942,0.392166,0.323636,0.357107,0.454671,0.220136,0.441465,0.493630,0.320869,0.330581,0.382384,0.448226,0.279135,0.319522,0.300136,0.333416,0.354658,0.447870,0.277959,0.449104,0.400763,0.486002,0.362848,0.238101,0.236688,0.289221,0.327764,0.343284,0.310863,0.259921,0.278688,0.421185,0.447787,0.419859,0.480230,0.320857,0.419484,0.480908,0.345767,0.303307,0.397035,0.312496,0.453761,0.347250,0.443674,0.323223,0.356888,0.412947,0.307626,0.326621,0.476179,0.364879,0.286564,0.387968,0.374672,0.418897,0.456800,0.399165,0.400011,0.363278,0.350846,0.328817,0.341539,0.425766,0.427939,0.475686,0.306072,0.414223,0.315679,0.364232,0.367107,0.326441,0.327814,0.338544,0.338456,0.480914,0.334082,0.363901,0.408008,0.359994,0.335892,0.338991,0.393361,0.345867,0.379595,0.452192,0.358447,0.281491,0.476531,0.219384,0.277978,0.439304,0.378642,0.427371,0.412287,0.262751,0.262946,0.242984,0.409593,0.340431,0.300002,0.170830,0.312105,0.311267,0.362392,0.384839,0.354637,0.335424,0.320738,0.465873,0.409522,0.397258,0.300835,0.437782,0.372874,0.399772,0.304148,0.393227,0.353863,0.318355,0.405108,0.340505,0.357026,0.454114,0.279727,0.322152,0.404529,0.266051,0.402446,0.247777,0.315813,0.389109,0.480343,0.386675,0.383540,0.415743,0.372012,0.307478,0.437270,0.413514,0.396486,0.483799,0.361586,0.303464,0.331314,0.416904,0.360898,0.314304,0.343535,0.251997,0.383000,0.378781,0.457985,0.416684,#
19,0.337109,0.362762,0.351692,0.351770,0.375128,0.192482,0.432912,0.383443,0.377626,0.415306,0.396622,0.254217,0.415797,0.404398,0.380776,0.366499,0.336355,0.396825,0.367909,1.000000,0.328931,0.410176,0.426294,0.456462,0.381045,0.423619,0.376154,0.360080,0.420784,0.424551,0.332654,0.423263,0.372173,0.371455,0.280582,0.342985,0.232721,0.402936,0.486318,0.371147,0.337055,0.268556,0.344776,0.317280,0.396161,0.459971,0.443281,0.491630,0.361970,0.367924,0.381082,0.333518,0.262502,0.487659,0.374253,0.387881,0.360753,0.415102,0.322951,0.418515,0.333160,0.304885,0.346597,0.364661,0.380895,0.400969,0.246040,0.405726,0.419947,0.374885,0.366032,0.324544,0.409374,0.271507,0.396160,0.345267,0.374544,0.435593,0.408674,0.310943,0.407233,0.377511,0.469241,0.351760,0.457356,0.358489,0.390463,0.341203,0.458972,0.403366,0.365698,0.438013,0.342506,0.361351,0.305032,0.371701,0.403638,0.406599,0.331307,0.274695,0.396849,0.292341,0.369857,0.344369,0.393877,0.401397,0.435452,0.473409,0.266929,0.324944,0.381402,0.354315,0.320138,0.423072,0.366014,0.372369,0.450888,0.460391,0.381465,0.331322,0.436601,0.444252,0.372318,0.425287,0.481368,0.463991,0.303987,0.444400,0.179149,0.336955,0.288528,0.330710,0.450018,0.376146,0.417810,0.317300,0.412732,0.392438,0.420355,0.424773,0.369084,0.317190,0.314041,0.215676,0.426463,0.340585,0.298061,0.414999,0.475028,0.274589,0.319569,0.359981,0.325501,0.430215,0.278579,0.337434,0.338141,0.335317,0.375441,0.198755,0.384300,0.424997,0.411106,0.426285,0.330145,0.343807,0.285570,0.295388,0.375208,0.403735,0.483768,0.347635,0.337556,0.323461,0.430443,0.244197,0.373868,0.333220,0.234248,0.431591,0.353045,0.465213,0.260195,0.326095,0.361035,0.378652,0.390956,0.482905,0.345871,0.256462,0.427835,0.331825,0.326953,0.446010,0.346017,0.363115,0.458007,0.387002,0.420949,0.432951,#
20,0.426482,0.366791,0.384475,0.343548,0.295283,0.310723,0.404223,0.394864,0.377857,0.299235,0.351230,0.367157,0.394742,0.350979,0.312589,0.360280,0.546210,0.401811,0.354088,0.328931,1.000000,0.406168,0.455201,0.360563,0.466973,0.313804,0.387265,0.457764,0.332799,0.348483,0.334947,0.373216,0.342019,0.321049,0.307874,0.258162,0.338398,0.352833,0.297410,0.375467,0.312202,0.434271,0.385383,0.374997,0.382978,0.437500,0.367275,0.402182,0.416063,0.296097,0.347292,0.413957,0.487988,0.361967,0.310495,0.316125,0.373727,0.349062,0.311702,0.407951,0.407596,0.240008,0.417769,0.422338,0.481592,0.309843,0.344432,0.415908,0.435120,0.423053,0.313572,0.317874,0.450651,0.345033,0.333467,0.360101,0.420885,0.392693,0.307155,0.413721,0.288586,0.270431,0.471354,0.362154,0.301149,0.460410,0.397864,0.386411,0.425273,0.402149,0.403572,0.446142,0.368443,0.395971,0.270669,0.333151,0.423916,0.342246,0.374058,0.229530,0.301856,0.311047,0.323091,0.361058,0.263001,0.397531,0.340700,0.331236,0.268749,0.420142,0.391044,0.286177,0.395745,0.402463,0.323267,0.465135,0.497324,0.264474,0.215495,0.335631,0.351342,0.383493,0.377598,0.350749,0.428525,0.373134,0.404132,0.459573,0.295349,0.444698,0.279795,0.449170,0.372986,0.270450,0.463689,0.321969,0.363613,0.455993,0.447408,0.420646,0.337362,0.390200,0.162316,0.283209,0.453769,0.252555,0.270064,0.345349,0.349291,0.362502,0.372367,0.400271,0.252584,0.261467,0.331670,0.352843,0.276548,0.241001,0.368450,0.328917,0.352564,0.420937,0.361476,0.406013,0.442027,0.279906,0.219501,0.341491,0.332837,0.365005,0.395723,0.256594,0.283662,0.347130,0.382503,0.361408,0.279688,0.197612,0.414553,0.495464,0.425888,0.396964,0.282862,0.374076,0.363954,0.294899,0.302224,0.386301,0.365957,0.286115,0.419628,0.353946,0.381651,0.307303,0.397506,0.367301,0.337814,0.339026,0.331218,0.305261,#
21,0.469492,0.479113,0.440831,0.344084,0.350855,0.324345,0.366697,0.392862,0.296098,0.358924,0.397291,0.422162,0.264483,0.368168,0.317692,0.392668,0.386025,0.408696,0.349297,0.410176,0.406168,1.000000,0.369859,0.467997,0.464342,0.288240,0.416729,0.461186,0.395625,0.375564,0.384659,0.407586,0.366615,0.445380,0.258330,0.339794,0.409554,0.434366,0.440979,0.315331,0.370802,0.404939,0.307688,0.358534,0.440451,0.384749,0.489271,0.420300,0.342395,0.393992,0.446535,0.275947,0.411886,0.402493,0.325351,0.304101,0.457871,0.407798,0.369475,0.389911,0.252584,0.299643,0.395274,0.373898,0.470405,0.386395,0.331156,0.434065,0.464168,0.495770,0.483213,0.323841,0.466993,0.338707,0.340406,0.338579,0.355896,0.328452,0.361479,0.392750,0.478877,0.363220,0.393126,0.333803,0.397072,0.376849,0.374017,0.338950,0.440153,0.477423,0.351815,0.365799,0.374082,0.328812,0.395843,0.427046,0.380080,0.408706,0.388182,0.397535,0.472205,0.284352,0.300347,0.372991,0.379140,0.478917,0.359200,0.386760,0.325102,0.352017,0.347512,0.364622,0.449302,0.418344,0.290968,0.465056,0.526136,0.279258,0.402054,0.452401,0.387229,0.477537,0.215276,0.485395,0.376210,0.439321,0.381262,0.398362,0.326901,0.324346,0.384912,0.372075,0.450101,0.369326,0.437692,0.268084,0.393370,0.396019,0.426619,0.461513,0.302311,0.379409,0.320550,0.225300,0.437219,0.386383,0.312206,0.364828,0.349752,0.333676,0.363415,0.391076,0.337297,0.426168,0.389200,0.334542,0.285096,0.331738,0.339037,0.317128,0.482814,0.353264,0.319389,0.409955,0.428989,0.271186,0.229989,0.419613,0.284963,0.432072,0.412752,0.313854,0.405211,0.384076,0.361337,0.320405,0.412362,0.304781,0.381498,0.446733,0.365281,0.434233,0.229578,0.368688,0.312734,0.423265,0.385480,0.393064,0.478887,0.257042,0.422125,0.410569,0.377447,0.261780,0.441900,0.392275,0.374804,0.342889,0.358561,0.429871,#
