0,1.000000,0.298665,0.407676,0.308995,0.366068,0.380651,0.248881,0.262665,0.361783,0.339662,0.407471,0.351979,0.295891,0.264524,0.450011,0.422331,0.347336,0.496811,0.394672,0.382287,0.383792,0.387026,0.391175,0.500107,0.332838,0.314652,0.459123,0.392865,0.425428,0.363378,0.266697,0.334265,0.364480,0.302816,0.301166,0.467574,0.388990,0.366815,0.450014,0.463654,0.326024,0.434722,0.271598,0.343057,0.291621,0.393520,0.405071,0.432191,0.371066,0.448010,0.433518,0.302294,0.322328,0.298943,0.444272,0.355727,0.383698,0.372956,0.325224,0.336496,0.373709,0.343989,0.410199,0.362903,0.396307,0.309464,0.378634,0.391238,0.375404,0.393900,0.426107,0.349229,0.451368,0.393725,0.299353,0.196689,0.350486,0.431123,0.385805,0.263526,0.411440,0.336511,0.378260,0.351202,0.437669,0.343616,0.418710,0.297092,0.463567,0.392840,0.352506,0.309060,0.343493,0.366575,0.433836,0.405680,0.477785,0.310508,0.334133,0.387672,0.436313,0.433109,0.315964,0.404759,0.383438,0.358321,0.417896,0.347135,0.316946,0.251666,0.297075,0.318281,0.283807,0.371133,0.304254,0.394078,0.412856,0.233645,0.327078,0.370973,0.456217,0.324002,0.311367,0.354843,0.365188,0.421190,0.309398,0.264035,0.304683,0.461889,0.394735,0.431148,0.374178,0.316275,0.373720,0.351248,0.427867,0.358363,0.309143,0.457354,0.390575,0.346449,0.357904,0.336609,0.387420,0.362445,0.301642,0.253545,0.381540,0.348214,0.317997,0.331479,0.350717,0.327185,0.332752,0.317451,0.306152,0.253224,0.436890,0.427612,0.324316,0.423109,0.217168,0.271095,0.420031,0.237107,0.263287,0.325786,0.395503,0.305294,0.405258,0.165268,0.492582,0.402028,0.229259,0.393000,0.447926,0.387826,0.382728,0.317378,0.391811,0.442877,0.257368,0.210767,0.256458,0.406902,0.424799,0.498468,0.435807,0.278931,0.350245,0.425743,0.281603,0.230378,0.405308,0.230382,0.216388,0.358524,0.476191,0.383196,#
1,0.298665,1.000000,0.291468,0.323974,0.404812,0.354357,0.389306,0.312961,0.340037,0.251564,0.439627,0.391893,0.310868,0.371080,0.286661,0.265443,0.238890,0.373095,0.323960,0.338827,0.281855,0.391873,0.223181,0.338575,0.376007,0.339001,0.427517,0.463299,0.295503,0.328749,0.366869,0.309790,0.360257,0.293157,0.210518,0.354840,0.291286,0.329571,0.452301,0.307084,0.327978,0.277168,0.351350,0.304171,0.306165,0.372150,0.442436,0.373970,0.240127,0.255351,0.450407,0.204797,0.434179,0.335777,0.299341,0.353855,0.330855,0.329042,0.393038,0.328116,0.260169,0.341446,0.378622,0.357231,0.296596,0.338243,0.270040,0.373708,0.388824,0.331681,0.312090,0.326807,0.459401,0.264507,0.370259,0.179226,0.343600,0.375684,0.391315,0.284213,0.364087,0.452567,0.371451,0.376306,0.332570,0.143097,0.425671,0.326623,0.361430,0.388017,0.346293,0.383326,0.283953,0.375508,0.274358,0.350382,0.355943,0.283855,0.235782,0.247753,0.328582,0.293813,0.365752,0.331353,0.289756,0.320347,0.308646,0.382619,0.249488,0.342682,0.425584,0.314986,0.239473,0.317622,0.351701,0.420408,0.426886,0.206355,0.331505,0.345907,0.241090,0.349810,0.324930,0.364578,0.279063,0.332240,0.317176,0.299298,0.274406,0.331472,0.367758,0.344337,0.231205,0.331966,0.489399,0.392224,0.352795,0.368541,0.332043,0.373106,0.392809,0.250769,0.268215,0.300373,0.414704,0.338243,0.323371,0.183030,0.355929,0.328458,0.306068,0.316441,0.281054,0.193487,0.353908,0.330156,0.332438,0.287461,0.283131,0.151599,0.215621,0.399396,0.300901,0.341137,0.393565,0.229358,0.227272,0.294738,0.342889,0.439317,0.358814,0.323061,0.345238,0.238174,0.309969,0.314239,0.217659,0.379183,0.373163,0.264860,0.273403,0.270243,0.340470,0.249306,0.349926,0.329437,0.275398,0.367923,0.323902,0.374270,0.431518,0.363660,0.180276,0.257459,0.373105,0.300033,0.137790,0.343247,0.241174,0.344675,#
2,0.407676,0.291468,1.000000,0.316873,0.301545,0.309494,0.335145,0.328298,0.207312,0.228092,0.328066,0.449970,0.336668,0.345515,0.274738,0.335149,0.279990,0.298756,0.326286,0.314890,0.383527,0.416768,0.220629,0.343274,0.386243,0.364173,0.424581,0.359309,0.307973,0.332402,0.251030,0.252300,0.240837,0.174500,0.208905,0.358971,0.338324,0.229561,0.338842,0.228079,0.390237,0.356830,0.306298,0.247026,0.250231,0.382582,0.315668,0.369014,0.244309,0.345184,0.382342,0.392855,0.338196,0.274067,0.221456,0.291253,0.213050,0.316271,0.294659,0.325848,0.234900,0.317542,0.338423,0.350632,0.405190,0.362376,0.306215,0.227147,0.364688,0.393879,0.257712,0.260479,0.299434,0.339852,0.317442,0.312775,0.293246,0.377676,0.335774,0.282906,0.407410,0.210364,0.231603,0.295266,0.286999,0.226448,0.423730,0.310454,0.294105,0.254510,0.236814,0.329890,0.370693,0.314362,0.273090,0.326180,0.379759,0.289210,0.347088,0.244285,0.355844,0.334170,0.282203,0.353816,0.252773,0.299423,0.269494,0.338544,0.231626,0.361892,0.389475,0.334724,0.327110,0.334483,0.289138,0.409644,0.328311,0.226348,0.100629,0.229321,0.349032,0.331412,0.246861,0.276248,0.320861,0.223892,0.343943,0.264686,0.281811,0.303479,0.285827,0.390924,0.303857,0.183251,0.374116,0.389931,0.291855,0.371547,0.207082,0.180816,0.228018,0.276608,0.316603,0.235311,0.483353,0.287464,0.200048,0.248328,0.400399,0.252587,0.305025,0.423525,0.380505,0.288530,0.263543,0.228151,0.236316,0.174611,0.302024,0.274945,0.346003,0.358172,0.299514,0.377432,0.379564,0.221694,0.306779,0.293131,0.199343,0.267240,0.218245,0.336695,0.269802,0.261997,0.319321,0.283132,0.428877,0.346173,0.267304,0.315365,0.376813,0.274448,0.179564,0.357395,0.161911,0.358728,0.263262,0.288823,0.395984,0.208500,0.288443,0.344899,0.403707,0.180589,0.350247,0.188355,0.196310,0.275465,0.412332,0.344558,#
3,0.308995,0.323974,0.316873,1.000000,0.318499,0.277297,0.292785,0.285292,0.305470,0.242801,0.348364,0.363448,0.266194,0.300169,0.304725,0.282204,0.287169,0.388420,0.306742,0.324919,0.271470,0.289186,0.300372,0.425396,0.339961,0.308096,0.316878,0.251987,0.299212,0.283729,0.280244,0.367117,0.392978,0.410418,0.110158,0.375481,0.338386,0.427251,0.414697,0.253002,0.320772,0.372351,0.292867,0.330929,0.219844,0.371787,0.354770,0.334195,0.190818,0.327768,0.381515,0.287890,0.321917,0.212758,0.168187,0.392028,0.247180,0.288698,0.301487,0.355877,0.252183,0.274776,0.296339,0.339123,0.346657,0.383262,0.235930,0.327789,0.274584,0.374565,0.311373,0.224932,0.349609,0.247993,0.286528,0.303340,0.293772,0.359783,0.387239,0.184631,0.355544,0.350787,0.316236,0.280511,0.408967,0.233802,0.369884,0.209243,0.364652,0.356303,0.280807,0.339591,0.369514,0.381719,0.236486,0.338029,0.360021,0.204701,0.382287,0.261679,0.394483,0.246443,0.356108,0.321293,0.343298,0.303076,0.311653,0.320900,0.168226,0.213188,0.315181,0.283066,0.292128,0.303368,0.228326,0.270244,0.343480,0.205939,0.200598,0.293173,0.380225,0.283982,0.302947,0.451515,0.308762,0.241958,0.329035,0.258803,0.248985,0.362801,0.316398,0.345375,0.366657,0.363849,0.350117,0.314802,0.257118,0.264555,0.323927,0.276485,0.348332,0.287018,0.296981,0.279561,0.356625,0.240039,0.351835,0.296837,0.264439,0.307019,0.268160,0.289625,0.247279,0.227515,0.317731,0.254634,0.251569,0.320708,0.218305,0.353268,0.341725,0.354774,0.371846,0.404589,0.339614,0.251366,0.309386,0.277736,0.212405,0.275244,0.334203,0.216024,0.274081,0.191971,0.214063,0.292651,0.316918,0.294240,0.259430,0.286586,0.292310,0.405757,0.382308,0.220728,0.113391,0.295516,0.244291,0.327125,0.242510,0.252953,0.283509,0.348263,0.362645,0.204825,0.249730,0.294792,0.249677,0.290265,0.305773,0.286849,#
4,0.366068,0.404812,0.301545,0.318499,1.000000,0.292471,0.302294,0.258987,0.347241,0.237657,0.310594,0.242262,0.258050,0.263870,0.243887,0.299490,0.168632,0.320489,0.335324,0.420665,0.321642,0.284199,0.303278,0.392015,0.316436,0.364793,0.283391,0.331527,0.401476,0.201349,0.235082,0.251358,0.318989,0.232290,0.231739,0.352989,0.348111,0.328815,0.258896,0.295008,0.348575,0.460838,0.267077,0.199594,0.400618,0.290481,0.420275,0.368343,0.219039,0.366914,0.314792,0.217678,0.283875,0.279922,0.335399,0.362623,0.271659,0.280111,0.337490,0.282066,0.268701,0.293818,0.235887,0.216885,0.292427,0.213498,0.347837,0.262112,0.269001,0.310865,0.283633,0.317160,0.326962,0.305041,0.234521,0.070520,0.265263,0.417163,0.295830,0.182833,0.408563,0.342746,0.244144,0.248849,0.404442,0.186823,0.330671,0.291703,0.340000,0.411381,0.353307,0.298617,0.255754,0.349646,0.202571,0.418509,0.329590,0.368200,0.278585,0.259993,0.259547,0.202156,0.331683,0.360582,0.299655,0.260438,0.199860,0.316856,0.282165,0.339653,0.421806,0.313942,0.311874,0.457009,0.279014,0.227066,0.300846,0.085016,0.229370,0.187055,0.305598,0.302129,0.286087,0.263533,0.359567,0.269067,0.291266,0.259608,0.213210,0.256742,0.356555,0.292972,0.288224,0.216000,0.352338,0.351314,0.314991,0.225775,0.258484,0.292779,0.415005,0.148879,0.244229,0.251918,0.343756,0.307443,0.303131,0.239481,0.289091,0.318405,0.282555,0.320857,0.297652,0.357578,0.287481,0.198208,0.390466,0.263598,0.281406,0.331477,0.277257,0.309697,0.172383,0.301512,0.199613,0.315248,0.214933,0.194927,0.206942,0.284066,0.265589,0.141691,0.310434,0.236532,0.365871,0.287013,0.353397,0.326680,0.301382,0.269915,0.194751,0.214124,0.346073,0.239416,0.223645,0.292199,0.152932,0.437392,0.333570,0.299775,0.286951,0.351105,0.238447,0.129184,0.250926,0.283337,0.265624,0.407079,0.275114,0.352646,#
5,0.380651,0.354357,0.309494,0.277297,0.292471,1.000000,0.268251,0.333372,0.316318,0.376985,0.340801,0.321364,0.349190,0.211551,0.350739,0.287109,0.277142,0.354341,0.263933,0.244390,0.347984,0.347020,0.269637,0.400684,0.331981,0.280848,0.333768,0.400311,0.376811,0.320019,0.252233,0.346968,0.363942,0.234672,0.204870,0.317751,0.430362,0.207175,0.387998,0.353538,0.371102,0.372713,0.189064,0.335840,0.239278,0.346832,0.316711,0.204106,0.335228,0.336702,0.390238,0.280368,0.296759,0.142717,0.326816,0.331839,0.191081,0.333771,0.411613,0.285296,0.237362,0.309799,0.333203,0.279562,0.368164,0.317316,0.350836,0.296066,0.310018,0.276269,0.371003,0.288737,0.382768,0.458061,0.267865,0.204197,0.328419,0.307452,0.349201,0.307794,0.323046,0.334528,0.417206,0.159239,0.265085,0.279509,0.286104,0.246298,0.326024,0.252059,0.230955,0.380392,0.313538,0.396435,0.247412,0.338336,0.311125,0.222272,0.290908,0.149453,0.307567,0.325698,0.284929,0.330890,0.216130,0.317135,0.205716,0.375836,0.232999,0.238315,0.401316,0.298759,0.334513,0.276741,0.306384,0.303310,0.403009,0.290214,0.213846,0.308945,0.193742,0.325805,0.207725,0.351623,0.258987,0.242583,0.184985,0.125313,0.436001,0.402120,0.366814,0.376031,0.313591,0.278135,0.470998,0.355755,0.250381,0.303172,0.224283,0.220317,0.352894,0.330710,0.240341,0.284553,0.321437,0.271189,0.275878,0.280619,0.213121,0.280522,0.361113,0.247562,0.358389,0.363068,0.269491,0.301747,0.330003,0.178491,0.421709,0.218490,0.336103,0.262068,0.334232,0.277037,0.336211,0.105427,0.195267,0.313170,0.355536,0.384409,0.305748,0.280545,0.395002,0.248643,0.160963,0.313248,0.306687,0.306956,0.358702,0.257970,0.299146,0.306647,0.407782,0.229498,0.205853,0.380794,0.311909,0.267202,0.311305,0.287046,0.340335,0.338382,0.287066,0.233981,0.398732,0.190295,0.168576,0.420863,0.275831,0.431208,#
6,0.248881,0.389306,0.335145,0.292785,0.302294,0.268251,1.000000,0.269687,0.242770,0.186881,0.305870,0.231063,0.149716,0.296598,0.215751,0.237734,0.257474,0.260441,0.289613,0.294918,0.283174,0.284625,0.195600,0.230849,0.226918,0.218990,0.257958,0.332115,0.315816,0.228287,0.182026,0.291229,0.264509,0.188720,0.096339,0.193469,0.179225,0.253993,0.321065,0.234315,0.272555,0.258020,0.192681,0.330873,0.180641,0.233704,0.337551,0.365813,0.212889,0.292963,0.227006,0.242143,0.329303,0.229571,0.145978,0.270201,0.203486,0.294034,0.315855,0.352426,0.206710,0.252138,0.220891,0.270581,0.245229,0.448564,0.246435,0.290302,0.264427,0.260463,0.262753,0.251358,0.335760,0.217426,0.294852,0.186348,0.295985,0.315547,0.312402,0.202044,0.300270,0.272674,0.335071,0.236488,0.261592,0.248511,0.247228,0.351584,0.280658,0.294454,0.293068,0.246635,0.211085,0.333803,0.196140,0.346495,0.290376,0.220632,0.339089,0.267050,0.287873,0.346251,0.216254,0.226017,0.063640,0.390326,0.210810,0.208795,0.285912,0.247328,0.345600,0.237046,0.268570,0.198334,0.231965,0.289278,0.328446,0.190512,0.220945,0.217556,0.233527,0.320704,0.162195,0.207378,0.233775,0.121134,0.168945,0.282733,0.124157,0.324788,0.248106,0.219239,0.287776,0.122377,0.372334,0.312226,0.218051,0.330805,0.242692,0.248224,0.202245,0.140123,0.098384,0.339746,0.175826,0.242405,0.241715,0.123749,0.241436,0.140346,0.308211,0.176331,0.313104,0.209961,0.271622,0.215104,0.197461,0.221549,0.289516,0.185400,0.140919,0.322428,0.288055,0.301619,0.280203,0.190942,0.155864,0.249508,0.250747,0.352656,0.136508,0.171789,0.292871,0.189382,0.271844,0.288278,0.223345,0.295826,0.338810,0.156485,0.082659,0.153320,0.285006,0.275687,0.246293,0.266787,0.226015,0.277266,0.314258,0.327839,0.267098,0.237067,0.299231,0.237615,0.190982,0.215015,0.188506,0.265905,0.200976,0.335034,#
7,0.262665,0.312961,0.328298,0.285292,0.258987,0.333372,0.269687,1.000000,0.244503,0.313389,0.369185,0.474404,0.245531,0.334251,0.271625,0.353831,0.259629,0.444764,0.289318,0.359350,0.307989,0.320021,0.358444,0.296469,0.421006,0.255705,0.367561,0.467108,0.336208,0.297235,0.341523,0.310277,0.417330,0.207383,0.185389,0.364147,0.231075,0.241570,0.390445,0.319574,0.331801,0.285943,0.318920,0.243296,0.314661,0.360584,0.262783,0.336334,0.338873,0.321295,0.412930,0.269399,0.282097,0.299535,0.309907,0.297344,0.268453,0.401712,0.339683,0.331753,0.287327,0.246933,0.307465,0.351456,0.421299,0.309238,0.350040,0.302052,0.286579,0.428424,0.277548,0.227714,0.437393,0.380559,0.254125,0.265240,0.306956,0.384013,0.351495,0.404381,0.352815,0.353327,0.387269,0.299932,0.333151,0.271717,0.419539,0.197735,0.336939,0.357244,0.313794,0.286575,0.354250,0.356168,0.195110,0.376238,0.307180,0.260028,0.223649,0.151226,0.366259,0.258174,0.307165,0.307663,0.181799,0.421105,0.374384,0.255687,0.294582,0.265239,0.309354,0.288610,0.218835,0.370670,0.379736,0.335872,0.275340,0.232412,0.215024,0.348597,0.337889,0.353418,0.214141,0.393019,0.398865,0.253922,0.356834,0.345697,0.267689,0.303553,0.274905,0.336517,0.325454,0.265955,0.513897,0.329229,0.192920,0.483184,0.319196,0.346771,0.432723,0.375727,0.109989,0.272639,0.350591,0.279526,0.356461,0.250783,0.254551,0.265640,0.337149,0.442809,0.258851,0.190817,0.209021,0.375353,0.366161,0.278496,0.385548,0.331266,0.283000,0.357195,0.330186,0.289713,0.314328,0.212930,0.412964,0.285642,0.344155,0.343708,0.299997,0.258267,0.355407,0.192887,0.261366,0.261794,0.293731,0.333251,0.186554,0.389876,0.267760,0.359951,0.272207,0.273278,0.076248,0.345476,0.279970,0.313456,0.277039,0.380486,0.352889,0.330494,0.337540,0.306231,0.219482,0.262567,0.248796,0.346791,0.366209,0.334061,#
8,0.361783,0.340037,0.207312,0.305470,0.347241,0.316318,0.242770,0.244503,1.000000,0.295540,0.409485,0.302713,0.321843,0.215495,0.397632,0.328392,0.194394,0.259909,0.230377,0.328087,0.284913,0.258634,0.207123,0.361804,0.265813,0.209250,0.244826,0.366964,0.193686,0.307907,0.160120,0.322536,0.243837,0.252479,0.243022,0.344712,0.310821,0.248258,0.352337,0.357953,0.305994,0.270894,0.133519,0.250332,0.403898,0.385521,0.298751,0.290376,0.205852,0.287573,0.252313,0.345390,0.248594,0.391820,0.265009,0.351297,0.253762,0.269785,0.281406,0.344123,0.294113,0.174624,0.358132,0.211576,0.363829,0.388217,0.328335,0.293725,0.398391,0.289617,0.209262,0.271650,0.313841,0.229151,0.256522,0.197008,0.243339,0.282569,0.323164,0.166304,0.345249,0.313634,0.323707,0.172194,0.386738,0.229154,0.315507,0.213822,0.350186,0.307421,0.266151,0.306551,0.314643,0.271986,0.355694,0.474193,0.374928,0.247972,0.278348,0.200304,0.290519,0.174700,0.271278,0.283686,0.306572,0.189182,0.344676,0.218947,0.124529,0.255299,0.207766,0.225480,0.148529,0.312070,0.234715,0.378799,0.347359,0.170019,0.150221,0.334719,0.316487,0.264882,0.218304,0.311086,0.290125,0.323571,0.163704,0.322586,0.173196,0.336844,0.273079,0.224113,0.264939,0.225624,0.376341,0.385540,0.269977,0.367909,0.339176,0.269735,0.368153,0.297412,0.321971,0.211865,0.262005,0.228132,0.297150,0.323734,0.256888,0.297934,0.329998,0.281260,0.272059,0.275143,0.401256,0.345400,0.277761,0.232730,0.260952,0.294670,0.183039,0.286700,0.169177,0.351524,0.307463,0.241558,0.277714,0.215399,0.257612,0.305888,0.309024,0.083092,0.248511,0.249340,0.236266,0.279504,0.218148,0.319141,0.297995,0.272714,0.261616,0.264949,0.164439,0.268142,0.228607,0.312151,0.163164,0.218571,0.367273,0.258884,0.300737,0.322656,0.263300,0.207154,0.297265,0.201420,0.193445,0.151005,0.239634,0.262766,#
9,0.339662,0.251564,0.228092,0.242801,0.237657,0.376985,0.186881,0.313389,0.295540,1.000000,0.428846,0.255772,0.213994,0.305785,0.344076,0.361561,0.266779,0.259277,0.159997,0.394347,0.275563,0.254066,0.258682,0.302438,0.258965,0.249932,0.357314,0.420473,0.281431,0.304694,0.368627,0.302715,0.210690,0.274963,0.320491,0.340166,0.157519,0.347686,0.325954,0.252487,0.360336,0.352706,0.205842,0.124712,0.272464,0.413538,0.344119,0.287829,0.222484,0.249022,0.382803,0.338305,0.283756,0.225086,0.198814,0.385458,0.310908,0.296514,0.273542,0.222030,0.242447,0.302657,0.399068,0.345105,0.347778,0.335551,0.196505,0.298488,0.349374,0.221871,0.347174,0.353164,0.298193,0.322899,0.267083,0.245985,0.287246,0.276342,0.429378,0.346276,0.270173,0.367597,0.275426,0.215075,0.373244,0.314319,0.419438,0.229456,0.183410,0.190365,0.165968,0.393181,0.308053,0.295439,0.297754,0.346478,0.431675,0.318701,0.263887,0.133971,0.271409,0.278686,0.412600,0.235906,0.302178,0.277901,0.289319,0.235308,0.301324,0.161922,0.265539,0.255119,0.276255,0.381738,0.254720,0.320930,0.294428,0.314729,0.408301,0.212680,0.354427,0.433919,0.202808,0.343015,0.278842,0.282920,0.062676,0.321458,0.253265,0.349609,0.270504,0.304197,0.254960,0.312600,0.388375,0.252850,0.334192,0.423310,0.240511,0.181231,0.247340,0.324259,0.243782,0.237701,0.250825,0.183985,0.310608,0.294875,0.207809,0.419068,0.274667,0.235798,0.441527,0.319765,0.284257,0.322433,0.328806,0.268824,0.420474,0.246819,0.266540,0.264965,0.164662,0.415818,0.308946,0.167951,0.232637,0.234429,0.439469,0.281489,0.298019,0.251599,0.323691,0.279063,0.191922,0.300635,0.290997,0.198372,0.246399,0.343969,0.192769,0.308448,0.359340,0.243708,0.154947,0.298160,0.295283,0.320664,0.414785,0.251968,0.328028,0.317552,0.247598,0.266531,0.246266,0.268023,0.160314,0.209374,0.274094,0.333854,#
10,0.407471,0.439627,0.328066,0.348364,0.310594,0.340801,0.305870,0.369185,0.409485,0.428846,1.000000,0.268190,0.250501,0.369005,0.370067,0.318374,0.311825,0.366719,0.430218,0.385697,0.287521,0.308935,0.251159,0.333653,0.307346,0.218438,0.401784,0.431583,0.298893,0.396525,0.363271,0.331062,0.335834,0.255737,0.295495,0.396616,0.245134,0.348760,0.468919,0.320396,0.295420,0.269832,0.298718,0.167301,0.270000,0.388717,0.381687,0.352738,0.330097,0.394517,0.330008,0.337699,0.316043,0.351987,0.278693,0.375063,0.254917,0.324482,0.333002,0.286440,0.270999,0.362525,0.326463,0.450495,0.427416,0.404800,0.382286,0.308461,0.337607,0.329885,0.332441,0.324144,0.349373,0.331831,0.279636,0.313663,0.362334,0.286140,0.343802,0.253777,0.343471,0.370471,0.376409,0.310831,0.391217,0.240836,0.460281,0.291191,0.345177,0.309695,0.194006,0.282627,0.408249,0.321488,0.300543,0.395376,0.483967,0.224515,0.328159,0.283754,0.278124,0.289525,0.325552,0.345667,0.342133,0.251286,0.352149,0.361901,0.229168,0.242725,0.281612,0.345991,0.259608,0.341921,0.402155,0.449172,0.359376,0.145903,0.242325,0.276457,0.318011,0.341630,0.248384,0.370834,0.303863,0.257276,0.183119,0.316546,0.268112,0.444247,0.371414,0.313937,0.314517,0.233695,0.414748,0.329708,0.291611,0.476288,0.229676,0.317462,0.397941,0.293745,0.366152,0.273940,0.305684,0.277347,0.193905,0.265735,0.246559,0.373624,0.327690,0.392657,0.367304,0.300434,0.384945,0.346338,0.375879,0.149378,0.362347,0.355801,0.280293,0.317948,0.367907,0.419581,0.383998,0.206807,0.291827,0.198700,0.281299,0.376127,0.331762,0.266778,0.365516,0.285925,0.306773,0.210806,0.279461,0.374732,0.380454,0.366996,0.335280,0.310723,0.386454,0.215091,0.255698,0.326400,0.252076,0.254464,0.351129,0.333307,0.396694,0.340543,0.260024,0.241563,0.362025,0.301451,0.203389,0.353657,0.410731,0.431921,#
11,0.351979,0.391893,0.449970,0.363448,0.242262,0.321364,0.231063,0.474404,0.302713,0.255772,0.268190,1.000000,0.322562,0.301818,0.203861,0.339662,0.314336,0.421685,0.283195,0.163037,0.299415,0.380007,0.240684,0.393853,0.427620,0.414286,0.279672,0.482152,0.190594,0.382504,0.402467,0.376990,0.336443,0.257960,0.261533,0.341981,0.343219,0.301507,0.345901,0.322552,0.369072,0.419137,0.366138,0.374457,0.231930,0.436199,0.274106,0.361169,0.282155,0.259856,0.409457,0.327903,0.284539,0.410074,0.274366,0.281275,0.351379,0.385573,0.367023,0.289705,0.245314,0.340870,0.411935,0.371510,0.431710,0.389034,0.381654,0.377633,0.356452,0.405247,0.251007,0.234907,0.430642,0.337083,0.303305,0.255271,0.308668,0.326166,0.459087,0.289634,0.386425,0.240577,0.378377,0.339019,0.401535,0.248043,0.445678,0.340371,0.350254,0.304739,0.322111,0.371743,0.430227,0.487636,0.318051,0.339545,0.309147,0.292229,0.334381,0.365557,0.381896,0.349216,0.333910,0.309715,0.267311,0.424068,0.336129,0.359715,0.347344,0.330010,0.398193,0.330047,0.341579,0.343113,0.115979,0.547890,0.357753,0.211912,0.244737,0.346201,0.337361,0.365585,0.317544,0.370820,0.332714,0.281552,0.346087,0.423428,0.348350,0.329161,0.291618,0.501746,0.329607,0.306050,0.346097,0.326366,0.179623,0.467334,0.233944,0.379570,0.346880,0.319575,0.230075,0.349344,0.388631,0.314150,0.421101,0.236121,0.293572,0.258296,0.311270,0.462511,0.307306,0.264552,0.362705,0.284015,0.322179,0.168877,0.339161,0.312449,0.307279,0.374995,0.218437,0.297690,0.424444,0.218860,0.382113,0.353551,0.428244,0.330287,0.371452,0.200490,0.322949,0.244158,0.281876,0.416883,0.411557,0.317393,0.268612,0.276274,0.417487,0.337532,0.332459,0.268761,0.125512,0.407825,0.281985,0.342632,0.355710,0.378941,0.255501,0.270074,0.375135,0.176037,0.398198,0.253336,0.303077,0.285651,0.291017,0.332797,#
12,0.295891,0.310868,0.336668,0.266194,0.258050,0.349190,0.149716,0.245531,0.321843,0.213994,0.250501,0.322562,1.000000,0.242755,0.371290,0.336514,0.344170,0.326741,0.348391,0.386273,0.315532,0.209327,0.280496,0.338179,0.302431,0.242552,0.262630,0.405274,0.303166,0.360566,0.150741,0.396057,0.345420,0.272988,0.266693,0.339941,0.360236,0.272468,0.319179,0.258560,0.394991,0.287534,0.306946,0.318299,0.307150,0.408489,0.288711,0.187285,0.320641,0.254100,0.365660,0.239845,0.257851,0.312459,0.282414,0.277740,0.251612,0.331601,0.306771,0.255289,0.258932,0.355397,0.265638,0.332819,0.399993,0.289896,0.320623,0.240735,0.295777,0.246041,0.216688,0.319394,0.287379,0.250601,0.365978,0.290353,0.280494,0.230256,0.280547,0.204541,0.329258,0.269397,0.275432,0.297585,0.357336,0.352107,0.309532,0.322936,0.350580,0.332216,0.319024,0.327816,0.259070,0.368729,0.284660,0.236909,0.417155,0.272610,0.239903,0.160151,0.342000,0.309135,0.293820,0.258451,0.361326,0.270721,0.292781,0.254307,0.183206,0.312752,0.357455,0.173363,0.309842,0.342660,0.212221,0.304026,0.321045,0.257414,0.239976,0.271526,0.300324,0.372278,0.347432,0.342644,0.242301,0.206892,0.301869,0.232181,0.232683,0.232795,0.271822,0.333060,0.248579,0.205537,0.301544,0.280039,0.299407,0.305468,0.228430,0.284805,0.394818,0.310654,0.191484,0.241817,0.187766,0.258155,0.271891,0.238538,0.262334,0.245911,0.284498,0.433957,0.261090,0.268023,0.243702,0.253031,0.269971,0.040588,0.267497,0.202813,0.227850,0.364331,0.245521,0.389745,0.324962,0.208033,0.329389,0.158540,0.334834,0.326749,0.303498,0.214392,0.312192,0.293768,0.326005,0.224713,0.374084,0.401709,0.166022,0.315969,0.316104,0.303931,0.350974,0.250325,0.252359,0.316518,0.274620,0.343163,0.271226,0.198692,0.384485,0.363482,0.309049,0.228511,0.233881,0.238115,0.261281,0.253397,0.350554,0.293640,#
13,0.264524,0.371080,0.345515,0.300169,0.263870,0.211551,0.296598,0.334251,0.215495,0.305785,0.369005,0.301818,0.242755,1.000000,0.403852,0.350036,0.305480,0.282803,0.344839,0.403361,0.307046,0.284432,0.197962,0.297864,0.381041,0.400334,0.394001,0.377018,0.286118,0.234346,0.333134,0.298915,0.341022,0.295052,0.233476,0.336012,0.285551,0.339086,0.287362,0.292410,0.281654,0.311349,0.355589,0.219858,0.304043,0.387240,0.406207,0.336811,0.308007,0.278908,0.379819,0.297853,0.334914,0.302593,0.280772,0.428473,0.259472,0.336820,0.361351,0.385107,0.334784,0.328109,0.441352,0.341704,0.315278,0.336937,0.483869,0.341945,0.470319,0.364678,0.199928,0.303734,0.374213,0.249839,0.373791,0.222250,0.352097,0.412569,0.425921,0.280267,0.382251,0.452708,0.359993,0.441654,0.453739,0.257409,0.470774,0.380597,0.386315,0.402666,0.306229,0.348082,0.368297,0.376919,0.303702,0.303280,0.373775,0.218964,0.260414,0.316099,0.402231,0.355862,0.345704,0.322780,0.296131,0.378649,0.349660,0.311477,0.359570,0.310227,0.328808,0.270289,0.419487,0.372308,0.315620,0.374596,0.398448,0.267517,0.233100,0.320102,0.397739,0.415037,0.258101,0.378304,0.335607,0.271007,0.222212,0.286497,0.425990,0.339220,0.273011,0.301232,0.284475,0.257776,0.446975,0.344748,0.356041,0.389862,0.389700,0.352947,0.283335,0.281628,0.346606,0.297840,0.384042,0.415912,0.292617,0.297215,0.130541,0.314942,0.378266,0.291599,0.345699,0.409557,0.379766,0.332805,0.249952,0.321445,0.339625,0.327370,0.211263,0.464655,0.202973,0.428015,0.363052,0.311843,0.248971,0.240732,0.354786,0.367820,0.341706,0.405173,0.357667,0.275837,0.323568,0.334034,0.291420,0.303788,0.377774,0.185135,0.297956,0.329770,0.330976,0.378926,0.235956,0.381512,0.349349,0.379579,0.343879,0.397207,0.248091,0.399034,0.325345,0.274129,0.231818,0.313053,0.251134,0.304120,0.350984,0.340944,#
14,0.450011,0.286661,0.274738,0.304725,0.243887,0.350739,0.215751,0.271625,0.397632,0.344076,0.370067,0.203861,0.371290,0.403852,1.000000,0.448923,0.307017,0.373457,0.355378,0.463855,0.319964,0.203850,0.328672,0.435598,0.310240,0.253343,0.411885,0.359237,0.306834,0.291383,0.201165,0.293145,0.270941,0.199863,0.293622,0.396110,0.345525,0.369653,0.376681,0.410222,0.414146,0.321248,0.365994,0.278960,0.314891,0.481273,0.412306,0.282587,0.302577,0.289499,0.452265,0.257816,0.342862,0.327659,0.426219,0.383042,0.335793,0.295407,0.297639,0.322962,0.337821,0.417282,0.312451,0.343298,0.369764,0.292074,0.391196,0.372041,0.339392,0.339663,0.265684,0.325025,0.244223,0.387615,0.255573,0.229912,0.289292,0.354957,0.337910,0.301608,0.400199,0.284405,0.395952,0.358016,0.374968,0.347012,0.269699,0.225833,0.373232,0.300760,0.387399,0.343556,0.369395,0.400922,0.366408,0.287598,0.395137,0.310668,0.303409,0.230537,0.333319,0.349814,0.317032,0.355714,0.332928,0.323409,0.458034,0.431605,0.250342,0.305072,0.184815,0.171775,0.368040,0.286098,0.341220,0.371792,0.273343,0.291288,0.310471,0.325831,0.443783,0.392894,0.219295,0.312093,0.329870,0.252359,0.234126,0.241014,0.195368,0.390243,0.203416,0.390123,0.334168,0.175132,0.298573,0.320818,0.306042,0.381475,0.244595,0.254103,0.422895,0.414890,0.368327,0.264303,0.268786,0.313781,0.270716,0.217522,0.147645,0.290071,0.383617,0.305084,0.233871,0.336867,0.321494,0.234081,0.341463,0.220306,0.305801,0.208863,0.264604,0.352434,0.268170,0.292805,0.407479,0.217943,0.310004,0.229210,0.281788,0.338964,0.414939,0.289470,0.364960,0.341433,0.317195,0.246633,0.419101,0.366461,0.373144,0.330178,0.323082,0.382123,0.297361,0.302664,0.309066,0.330504,0.309193,0.216557,0.266903,0.316348,0.324519,0.389223,0.316799,0.363164,0.272589,0.183396,0.109155,0.285719,0.368794,0.361278,#
15,0.422331,0.265443,0.335149,0.282204,0.299490,0.287109,0.237734,0.353831,0.328392,0.361561,0.318374,0.339662,0.336514,0.350036,0.448923,1.000000,0.370774,0.468469,0.388103,0.350549,0.279415,0.300079,0.328047,0.450125,0.367850,0.396019,0.413247,0.421805,0.350115,0.302450,0.299310,0.378370,0.304278,0.361604,0.297436,0.324068,0.323280,0.345892,0.397336,0.332981,0.430545,0.371784,0.347046,0.336305,0.417662,0.413472,0.294576,0.352863,0.215176,0.391723,0.405980,0.285448,0.387181,0.353075,0.340847,0.282142,0.302881,0.410136,0.337105,0.387642,0.293830,0.273518,0.384883,0.336103,0.348573,0.329627,0.388579,0.437137,0.348496,0.314271,0.340441,0.419538,0.348618,0.322944,0.361787,0.274232,0.254794,0.442495,0.353413,0.296426,0.500219,0.290945,0.302524,0.443705,0.361999,0.300966,0.391404,0.312669,0.407350,0.383465,0.322159,0.278822,0.364559,0.422916,0.308335,0.324424,0.466853,0.253471,0.320643,0.218072,0.398865,0.335590,0.375714,0.346747,0.251026,0.314787,0.328332,0.291652,0.272591,0.371369,0.276192,0.332518,0.309938,0.308432,0.313079,0.452315,0.365554,0.180755,0.301635,0.289148,0.406383,0.437389,0.233171,0.448762,0.334741,0.215765,0.264662,0.317582,0.295029,0.322072,0.285813,0.419917,0.289684,0.288259,0.417257,0.393092,0.302110,0.323415,0.316447,0.216729,0.301743,0.394014,0.361381,0.272787,0.390637,0.310109,0.381446,0.269549,0.391116,0.333117,0.375069,0.289950,0.328093,0.496517,0.245846,0.456265,0.306920,0.284525,0.364543,0.302528,0.247707,0.314484,0.297576,0.401487,0.357805,0.294428,0.304870,0.282431,0.364292,0.324108,0.268968,0.224510,0.375218,0.241305,0.345426,0.219136,0.421239,0.290138,0.193997,0.385720,0.415885,0.374148,0.256781,0.354423,0.239523,0.385219,0.240033,0.375540,0.334825,0.305811,0.206884,0.441877,0.291620,0.290768,0.261744,0.248112,0.213882,0.335787,0.271803,0.274836,#
16,0.347336,0.238890,0.279990,0.287169,0.168632,0.277142,0.257474,0.259629,0.194394,0.266779,0.311825,0.314336,0.344170,0.305480,0.307017,0.370774,1.000000,0.354094,0.263886,0.314820,0.427987,0.277076,0.383765,0.269094,0.187297,0.332410,0.326471,0.238572,0.214533,0.322401,0.239178,0.389197,0.171510,0.339758,0.209127,0.343325,0.281793,0.244143,0.346822,0.287200,0.238374,0.336599,0.259376,0.306418,0.275384,0.396014,0.279679,0.307691,0.252018,0.220777,0.203725,0.337677,0.425198,0.281209,0.275417,0.259813,0.182039,0.305666,0.300814,0.175038,0.177529,0.422054,0.329046,0.401746,0.411778,0.311192,0.317660,0.423691,0.212748,0.343669,0.160664,0.409897,0.329828,0.199479,0.292182,0.405747,0.221760,0.384642,0.358656,0.250215,0.243909,0.269907,0.268061,0.271828,0.301173,0.317714,0.440157,0.239224,0.367729,0.230478,0.296195,0.313576,0.254720,0.257504,0.276512,0.226265,0.384735,0.120621,0.313533,0.263560,0.305089,0.288050,0.166024,0.242986,0.259319,0.289456,0.322712,0.213503,0.192372,0.263607,0.283230,0.262601,0.301255,0.297808,0.310048,0.448923,0.311291,0.248386,0.158343,0.322822,0.321754,0.338631,0.300655,0.359951,0.358645,0.091336,0.209507,0.179773,0.202273,0.353964,0.170001,0.315797,0.419809,0.090956,0.402090,0.366167,0.151517,0.352353,0.241118,0.338454,0.172331,0.267993,0.199647,0.298259,0.298958,0.258107,0.159779,0.240845,0.228387,0.190434,0.212175,0.319896,0.196747,0.253436,0.292888,0.298259,0.227308,0.148921,0.311652,0.264846,0.161239,0.401754,0.324657,0.391423,0.319343,0.177033,0.310228,0.272999,0.265106,0.220594,0.164093,0.112967,0.299267,0.139402,0.240619,0.321424,0.220593,0.240968,0.259535,0.201464,0.242134,0.319207,0.311179,0.107363,0.109990,0.249229,0.387657,0.294582,0.282566,0.252087,0.338677,0.144536,0.144538,0.236095,0.329393,0.340418,0.121527,0.265553,0.217572,0.247148,#
17,0.496811,0.373095,0.298756,0.388420,0.320489,0.354341,0.260441,0.444764,0.259909,0.259277,0.366719,0.421685,0.326741,0.282803,0.373457,0.468469,0.354094,1.000000,0.342907,0.414002,0.413022,0.347289,0.338602,0.483000,0.391018,0.353644,0.355918,0.375810,0.376111,0.359361,0.333839,0.428694,0.505055,0.288702,0.257591,0.394743,0.267300,0.478378,0.393809,0.265516,0.375505,0.378290,0.258842,0.379873,0.319288,0.403860,0.389681,0.347610,0.383795,0.405920,0.414840,0.244216,0.250683,0.330957,0.355145,0.337499,0.415508,0.489849,0.351205,0.395007,0.295273,0.404797,0.319024,0.371576,0.368127,0.426593,0.453691,0.442252,0.368949,0.475186,0.370589,0.400334,0.461458,0.329682,0.342579,0.386964,0.308904,0.410457,0.343924,0.366952,0.405725,0.385191,0.521709,0.378966,0.440866,0.252130,0.402596,0.324183,0.480441,0.407776,0.339695,0.285752,0.402088,0.351282,0.286038,0.347790,0.390945,0.417524,0.383166,0.343081,0.364810,0.293893,0.331118,0.382253,0.297215,0.407059,0.345025,0.451518,0.224302,0.224793,0.356328,0.334575,0.348720,0.416009,0.258633,0.442789,0.368224,0.248888,0.317044,0.391855,0.334787,0.420794,0.258088,0.420145,0.509745,0.312151,0.342925,0.342291,0.233646,0.345510,0.286793,0.413552,0.443261,0.383762,0.447386,0.419876,0.421998,0.367727,0.327087,0.395609,0.430348,0.379925,0.286060,0.309256,0.399612,0.370117,0.237159,0.284653,0.284004,0.224167,0.382613,0.298176,0.296108,0.424967,0.383568,0.381912,0.344150,0.299519,0.494550,0.379359,0.397127,0.419512,0.297841,0.305162,0.384250,0.301133,0.274798,0.382645,0.333378,0.294899,0.455210,0.276206,0.368861,0.328404,0.382150,0.260998,0.412660,0.362411,0.228661,0.411980,0.343616,0.483701,0.354574,0.228610,0.172723,0.369952,0.343452,0.390487,0.455941,0.361623,0.343387,0.471524,0.303154,0.239480,0.439438,0.333116,0.337970,0.284294,0.314778,0.366231,#
18,0.394672,0.323960,0.326286,0.306742,0.335324,0.263933,0.289613,0.289318,0.230377,0.159997,0.430218,0.283195,0.348391,0.344839,0.355378,0.388103,0.263886,0.342907,1.000000,0.348635,0.313817,0.268150,0.178011,0.441180,0.341233,0.338961,0.352880,0.385726,0.324634,0.248906,0.283663,0.250488,0.402363,0.249018,0.308036,0.403938,0.388247,0.321806,0.319062,0.400954,0.353265,0.356257,0.302803,0.273021,0.269835,0.327218,0.275424,0.302544,0.234297,0.334370,0.382429,0.194755,0.354563,0.355194,0.259060,0.257965,0.300729,0.370745,0.300051,0.260667,0.218107,0.300735,0.342740,0.367460,0.293813,0.378083,0.410411,0.398306,0.258643,0.221260,0.175535,0.323914,0.287301,0.219073,0.283455,0.229982,0.248383,0.380235,0.393847,0.337898,0.381282,0.284465,0.342598,0.374597,0.317609,0.153923,0.420937,0.205917,0.397733,0.322642,0.389549,0.250827,0.336690,0.357487,0.291180,0.329565,0.451307,0.297176,0.280133,0.335614,0.284675,0.379640,0.375083,0.306018,0.377937,0.330803,0.285551,0.321376,0.296717,0.308842,0.354341,0.434816,0.298080,0.349292,0.314427,0.339513,0.282305,0.118258,0.323034,0.368619,0.307895,0.361980,0.261032,0.272948,0.311341,0.211159,0.282450,0.289788,0.352630,0.319226,0.324137,0.411518,0.275189,0.240654,0.403064,0.202058,0.274475,0.410888,0.220635,0.359514,0.355847,0.202890,0.253345,0.240385,0.328546,0.340292,0.168399,0.178002,0.217089,0.261663,0.303379,0.348634,0.303796,0.288759,0.311312,0.393847,0.418684,0.289567,0.240017,0.407171,0.292108,0.354516,0.283797,0.319169,0.325105,0.312924,0.347595,0.300071,0.276078,0.364880,0.169747,0.241500,0.370561,0.241045,0.214438,0.285992,0.365312,0.415030,0.436245,0.241607,0.299167,0.332434,0.376931,0.205818,0.346159,0.294155,0.356175,0.365979,0.326108,0.306706,0.304644,0.407693,0.333917,0.258976,0.326046,0.246432,0.217647,0.341734,0.400629,0.344039,#
19,0.382287,0.338827,0.314890,0.324919,0.420665,0.244390,0.294918,0.359350,0.328087,0.394347,0.385697,0.163037,0.386273,0.403361,0.463855,0.350549,0.314820,0.414002,0.348635,1.000000,0.306253,0.326928,0.311982,0.380322,0.306269,0.408875,0.362838,0.362119,0.330384,0.427814,0.268604,0.352513,0.336872,0.242193,0.338281,0.422999,0.201092,0.305243,0.491623,0.336072,0.384713,0.325547,0.218441,0.202438,0.309836,0.425627,0.445372,0.415074,0.266837,0.387023,0.369435,0.335431,0.285051,0.414397,0.315928,0.390268,0.310261,0.306850,0.342573,0.313735,0.312034,0.327132,0.369340,0.363693,0.402205,0.351903,0.346625,0.388515,0.333592,0.365851,0.345755,0.380979,0.396623,0.208631,0.371770,0.357114,0.286545,0.449241,0.439234,0.252373,0.436104,0.418481,0.415788,0.244712,0.478389,0.240024,0.399457,0.299251,0.412921,0.309554,0.277732,0.363621,0.403840,0.355111,0.307591,0.401076,0.427992,0.394506,0.191583,0.227441,0.332602,0.315692,0.341527,0.372441,0.382787,0.378352,0.352964,0.456731,0.197428,0.174534,0.335272,0.315230,0.392610,0.427648,0.421514,0.339529,0.392660,0.345734,0.354635,0.211382,0.415571,0.493206,0.292050,0.414934,0.476337,0.303706,0.303392,0.321046,0.171189,0.340094,0.235169,0.239049,0.437915,0.267135,0.384739,0.363210,0.334941,0.444133,0.326251,0.339105,0.375207,0.371861,0.281805,0.283992,0.359179,0.340999,0.194501,0.399182,0.343426,0.239497,0.316456,0.372726,0.326317,0.420978,0.337840,0.285557,0.323842,0.236506,0.346520,0.247824,0.386610,0.378933,0.392248,0.350566,0.368560,0.279770,0.288313,0.291795,0.336577,0.293177,0.379121,0.303111,0.364550,0.253382,0.319264,0.260237,0.374483,0.387420,0.275011,0.324740,0.226735,0.400187,0.301296,0.300969,0.284425,0.372988,0.316063,0.337740,0.372377,0.294117,0.409952,0.438259,0.289346,0.359614,0.297516,0.304206,0.272551,0.392411,0.411611,0.454550,#
20,0.383792,0.281855,0.383527,0.271470,0.321642,0.347984,0.283174,0.307989,0.284913,0.275563,0.287521,0.299415,0.315532,0.307046,0.319964,0.279415,0.427987,0.413022,0.313817,0.306253,1.000000,0.287322,0.274721,0.372622,0.379226,0.310808,0.307389,0.370611,0.314051,0.302896,0.245220,0.292566,0.308983,0.226601,0.245373,0.334997,0.296512,0.283728,0.321606,0.352477,0.342487,0.478522,0.249504,0.239172,0.320740,0.447660,0.347551,0.337922,0.295918,0.261427,0.217057,0.358168,0.431412,0.310755,0.330233,0.311891,0.322293,0.327772,0.307989,0.296024,0.309983,0.283157,0.384586,0.367613,0.383623,0.256419,0.367865,0.363311,0.413340,0.391998,0.258195,0.348227,0.459718,0.358841,0.235337,0.256829,0.375404,0.414189,0.310526,0.298255,0.259662,0.267399,0.439301,0.270989,0.318520,0.315037,0.450406,0.299431,0.462385,0.354850,0.316904,0.408014,0.373031,0.407313,0.332019,0.289920,0.450585,0.313012,0.288369,0.176143,0.303613,0.286057,0.319070,0.357734,0.273331,0.359638,0.309455,0.295479,0.255395,0.358625,0.405034,0.321640,0.328380,0.356353,0.264521,0.455705,0.438976,0.270108,0.147068,0.344369,0.294825,0.359072,0.283446,0.306616,0.358290,0.226443,0.317108,0.392369,0.289648,0.365717,0.244348,0.423971,0.315382,0.169576,0.376979,0.288427,0.384609,0.425247,0.293016,0.325088,0.350042,0.343799,0.173021,0.298853,0.378627,0.232779,0.202146,0.286707,0.225855,0.304477,0.346799,0.375116,0.171713,0.252643,0.305220,0.337646,0.238132,0.155821,0.307326,0.381841,0.304875,0.389456,0.251261,0.309013,0.431933,0.203019,0.186407,0.333611,0.285242,0.286598,0.321801,0.211861,0.282914,0.287613,0.246899,0.379362,0.222905,0.273423,0.428814,0.361025,0.269918,0.333080,0.273237,0.272548,0.265488,0.194242,0.323881,0.311721,0.368576,0.361923,0.331188,0.392973,0.314956,0.240607,0.377373,0.339797,0.246309,0.315752,0.325127,0.287626,#
21,0.387026,0.391873,0.416768,0.289186,0.284199,0.347020,0.284625,0.320021,0.258634,0.254066,0.308935,0.380007,0.209327,0.284432,0.203850,0.300079,0.277076,0.347289,0.268150,0.326928,0.287322,1.000000,0.242251,0.383041,0.327710,0.270207,0.358955,0.435565,0.332866,0.331046,0.298378,0.351756,0.278129,0.323364,0.219092,0.379000,0.379821,0.354329,0.425114,0.268692,0.323865,0.381531,0.188983,0.312287,0.318763,0.361873,0.400775,0.408178,0.186768,0.368147,0.353619,0.243566,0.304096,0.291677,0.287279,0.268300,0.310193,0.330270,0.266996,0.275525,0.218376,0.237415,0.425575,0.364012,0.428129,0.341939,0.307501,0.351089,0.403062,0.447941,0.473206,0.305431,0.488310,0.361892,0.251428,0.234852,0.319035,0.326096,0.301168,0.249522,0.417102,0.346893,0.286322,0.198806,0.407534,0.213727,0.402922,0.271845,0.359325,0.407071,0.251734,0.299590,0.289390,0.287806,0.327433,0.362553,0.384763,0.302661,0.253066,0.315000,0.490195,0.292032,0.273671,0.321166,0.288532,0.381800,0.270640,0.338938,0.261946,0.269639,0.364577,0.315368,0.293469,0.334027,0.246412,0.409100,0.447611,0.222082,0.285709,0.359294,0.272713,0.394126,0.164344,0.421139,0.283913,0.242005,0.299170,0.310708,0.214268,0.243133,0.316017,0.302986,0.360446,0.282116,0.359246,0.271234,0.381622,0.303697,0.240173,0.390758,0.337157,0.359556,0.295172,0.242836,0.348082,0.331878,0.307187,0.351951,0.319470,0.250939,0.287886,0.295638,0.316652,0.361978,0.301941,0.310350,0.273967,0.274674,0.287902,0.279625,0.391778,0.313645,0.239271,0.303823,0.361667,0.119365,0.114168,0.369127,0.265253,0.414251,0.269727,0.233509,0.379999,0.273404,0.238622,0.343305,0.352213,0.284647,0.283579,0.350131,0.268872,0.326731,0.206413,0.297863,0.170773,0.279629,0.300887,0.376849,0.445821,0.306418,0.382756,0.313433,0.332821,0.183339,0.415582,0.357333,0.248833,0.322325,0.325765,0.351544,#
