0,1.000000,0.256943,0.386796,0.324710,0.340173,0.354067,0.245583,0.212697,0.343560,0.324107,0.377646,0.309519,0.261270,0.251473,0.447760,0.386204,0.327633,0.473821,0.362762,0.373749,0.389064,0.366314,0.370232,0.471459,0.316296,0.304535,0.436884,0.355727,0.390242,0.336219,0.235311,0.312149,0.336884,0.293118,0.277170,0.459200,0.354627,0.323821,0.433675,0.444780,0.294694,0.417541,0.247297,0.345256,0.261113,0.385181,0.379053,0.417786,0.340252,0.423506,0.411809,0.316762,0.313900,0.260125,0.429509,0.392479,0.353922,0.337526,0.300384,0.339835,0.386902,0.328984,0.397164,0.337394,0.367752,0.293429,0.364585,0.372582,0.373745,0.370422,0.393564,0.316034,0.433446,0.366841,0.247653,0.167612,0.336888,0.396973,0.358985,0.243063,0.374442,0.292769,0.358774,0.313075,0.404610,0.310751,0.402424,0.275111,0.469621,0.353203,0.318793,0.293031,0.309612,0.361514,0.423486,0.387491,0.452461,0.277724,0.318686,0.374890,0.421422,0.392711,0.291711,0.392923,0.373897,0.353065,0.413863,0.348393,0.279311,0.232116,0.275168,0.295442,0.271440,0.341544,0.289088,0.340614,0.386114,0.238747,0.291379,0.342578,0.436404,0.301262,0.327516,0.324133,0.336479,0.400687,0.288919,0.242891,0.277008,0.437744,0.360323,0.395799,0.381149,0.312937,0.338606,0.331568,0.397505,0.350089,0.261597,0.422456,0.365726,0.331413,0.333374,0.332611,0.366027,0.327752,0.282062,0.258460,0.347390,0.320669,0.307361,0.303925,0.340547,0.318577,0.314943,0.302911,0.262110,0.233486,0.417117,0.386711,0.309832,0.441895,0.188544,0.234561,0.384049,0.212509,0.248827,0.314711,0.369003,0.294729,0.374421,0.162257,0.460275,0.380074,0.226806,0.376929,0.420223,0.360178,0.349983,0.303509,0.377715,0.436602,0.232792,0.196091,0.256310,0.364212,0.395141,0.491740,0.412483,0.240199,0.356982,0.404575,0.283355,0.232522,0.394359,0.241536,0.160588,0.344656,0.467312,0.343868,#
1,0.256943,1.000000,0.303929,0.341368,0.385311,0.346845,0.395583,0.285377,0.340150,0.245242,0.458166,0.385258,0.267666,0.359638,0.262191,0.227289,0.209333,0.358286,0.265696,0.310369,0.291807,0.372063,0.202963,0.301334,0.351493,0.342285,0.382707,0.422111,0.243838,0.316756,0.330973,0.290510,0.332533,0.285167,0.183863,0.345090,0.262387,0.299876,0.425291,0.299511,0.313430,0.270944,0.347148,0.302510,0.266462,0.386559,0.420268,0.356398,0.239350,0.197042,0.414660,0.254456,0.446159,0.302872,0.283759,0.400497,0.283681,0.249066,0.377539,0.333479,0.290683,0.300767,0.358518,0.307757,0.265937,0.348381,0.269513,0.388781,0.401671,0.297545,0.306931,0.326198,0.436364,0.218879,0.350933,0.178284,0.313628,0.346416,0.377740,0.258755,0.319631,0.456395,0.363402,0.324531,0.332725,0.114277,0.404747,0.289968,0.359783,0.373438,0.349585,0.396411,0.267769,0.392412,0.267013,0.342260,0.306698,0.239202,0.217932,0.262287,0.311133,0.274099,0.318618,0.321414,0.279074,0.303713,0.320981,0.401024,0.247770,0.329347,0.378035,0.300510,0.253703,0.302677,0.360996,0.417163,0.386931,0.212046,0.298702,0.333674,0.216810,0.314925,0.349850,0.332302,0.270000,0.321800,0.290644,0.281051,0.275554,0.335643,0.321094,0.351012,0.235249,0.327384,0.456147,0.368751,0.331533,0.366511,0.296695,0.362520,0.360362,0.233460,0.239223,0.317639,0.420284,0.298233,0.251518,0.193063,0.314255,0.310561,0.311633,0.275169,0.254648,0.171595,0.328030,0.312335,0.277771,0.260292,0.269106,0.104017,0.176918,0.401065,0.304406,0.327058,0.361365,0.223829,0.236409,0.273770,0.316924,0.427372,0.344818,0.335493,0.308874,0.210519,0.333241,0.300324,0.173475,0.376045,0.322528,0.242235,0.267596,0.252487,0.332485,0.247015,0.363123,0.305721,0.251216,0.295529,0.292772,0.355341,0.410646,0.359631,0.223584,0.265414,0.349397,0.291525,0.077920,0.355743,0.225041,0.323059,#
2,0.386796,0.303929,1.000000,0.343185,0.306105,0.321921,0.358599,0.317314,0.251674,0.228623,0.363768,0.452878,0.289516,0.342176,0.263211,0.338471,0.260233,0.296280,0.264194,0.302320,0.396175,0.412004,0.218943,0.326265,0.369878,0.373989,0.404473,0.317235,0.267758,0.349969,0.239035,0.250590,0.236446,0.189232,0.198219,0.366101,0.325225,0.217744,0.329470,0.216961,0.373688,0.370788,0.297908,0.250520,0.214336,0.394172,0.320565,0.363623,0.252067,0.310690,0.347196,0.444762,0.351057,0.265608,0.216568,0.332109,0.200751,0.260076,0.317084,0.347500,0.273041,0.288840,0.326208,0.309803,0.384719,0.384745,0.316086,0.251327,0.380049,0.377482,0.285743,0.271492,0.279401,0.324448,0.312442,0.316491,0.284687,0.353741,0.324823,0.275852,0.387908,0.229776,0.239342,0.231414,0.320949,0.221384,0.404456,0.288470,0.305159,0.268420,0.264262,0.354077,0.372776,0.348683,0.264614,0.333889,0.345415,0.268940,0.346211,0.269487,0.360253,0.340045,0.231673,0.356463,0.248210,0.298038,0.295518,0.373363,0.260973,0.378297,0.352891,0.351379,0.336560,0.321171,0.319401,0.440302,0.307949,0.250843,0.077619,0.250792,0.345872,0.309912,0.276933,0.254353,0.316603,0.240446,0.333156,0.263999,0.273849,0.334261,0.258724,0.415345,0.320518,0.188426,0.351369,0.388403,0.283936,0.361402,0.177877,0.176345,0.227430,0.273451,0.309486,0.238268,0.475718,0.265525,0.153055,0.264196,0.395298,0.240424,0.329368,0.401955,0.376989,0.270768,0.257111,0.217028,0.209554,0.158956,0.296715,0.256862,0.303068,0.360738,0.329251,0.360049,0.391160,0.229441,0.316830,0.277763,0.184255,0.275954,0.222640,0.348556,0.241954,0.243932,0.337021,0.269992,0.409796,0.364214,0.232788,0.300174,0.388841,0.282132,0.193899,0.364144,0.175248,0.356933,0.237526,0.221803,0.354221,0.199665,0.284083,0.347705,0.433165,0.212727,0.348033,0.183852,0.147928,0.305738,0.407328,0.331890,#
3,0.324710,0.341368,0.343185,1.000000,0.356013,0.284317,0.332963,0.302482,0.353994,0.268742,0.386935,0.396770,0.282058,0.310082,0.307647,0.340889,0.299688,0.434887,0.318014,0.316606,0.287078,0.329058,0.337958,0.458983,0.384797,0.326612,0.326721,0.275664,0.321681,0.335634,0.302546,0.399221,0.437711,0.398929,0.151611,0.384366,0.367312,0.469223,0.444847,0.282797,0.359053,0.391629,0.307327,0.362607,0.236327,0.416159,0.358419,0.373133,0.184111,0.373222,0.387527,0.337725,0.360436,0.241635,0.231657,0.416775,0.264112,0.284654,0.334668,0.344440,0.293752,0.262316,0.327654,0.315955,0.397798,0.416775,0.311210,0.323284,0.303780,0.386707,0.332400,0.266581,0.342938,0.229513,0.353328,0.344282,0.314257,0.370228,0.376889,0.206145,0.387144,0.367971,0.343680,0.271106,0.439267,0.264661,0.416988,0.221555,0.401044,0.404645,0.317827,0.343049,0.370541,0.393322,0.277754,0.372259,0.392892,0.205582,0.396576,0.320584,0.419267,0.248358,0.356942,0.343960,0.379555,0.301222,0.351239,0.342744,0.200940,0.258826,0.325739,0.293085,0.294974,0.311921,0.234293,0.287879,0.356324,0.210827,0.222741,0.300986,0.402638,0.297417,0.306057,0.459745,0.305888,0.300861,0.351662,0.312987,0.233892,0.371200,0.345192,0.394128,0.394831,0.361369,0.344150,0.352983,0.274537,0.279831,0.337102,0.285874,0.384929,0.313227,0.322098,0.296445,0.374294,0.259996,0.358609,0.345164,0.286559,0.343205,0.302292,0.299017,0.260390,0.279555,0.314170,0.251394,0.280353,0.340570,0.257519,0.362671,0.334736,0.393608,0.398250,0.429992,0.350987,0.281266,0.315510,0.290026,0.217171,0.297967,0.359222,0.236817,0.263887,0.204391,0.275432,0.345258,0.373739,0.361967,0.246297,0.321075,0.315158,0.405178,0.385563,0.247531,0.146314,0.305538,0.241234,0.338203,0.235803,0.269827,0.278401,0.407349,0.375372,0.237882,0.280908,0.319919,0.287303,0.346059,0.304292,0.272788,#
4,0.340173,0.385311,0.306105,0.356013,1.000000,0.307344,0.286280,0.256961,0.342568,0.221985,0.298797,0.234573,0.221166,0.254339,0.221278,0.260313,0.146942,0.316729,0.289947,0.403414,0.334307,0.279824,0.272968,0.364427,0.279466,0.390024,0.250517,0.307535,0.375778,0.195484,0.211900,0.242931,0.297644,0.249217,0.208344,0.358029,0.342000,0.294538,0.254323,0.265666,0.347523,0.456999,0.221006,0.170612,0.358960,0.282371,0.370463,0.345655,0.232494,0.339800,0.287233,0.254405,0.277144,0.251418,0.338386,0.430564,0.248050,0.230927,0.335070,0.309255,0.289435,0.289264,0.227033,0.181161,0.251896,0.215954,0.344124,0.259917,0.282452,0.301356,0.275381,0.297557,0.324266,0.305218,0.185099,0.050293,0.259503,0.388114,0.285309,0.172789,0.380457,0.344281,0.227595,0.194448,0.411747,0.154903,0.321622,0.270886,0.343275,0.397714,0.320129,0.290336,0.235220,0.344914,0.191492,0.401585,0.297607,0.339784,0.279119,0.257570,0.249627,0.160457,0.311218,0.380933,0.297812,0.289491,0.195533,0.356304,0.263872,0.314024,0.397842,0.312799,0.305069,0.448701,0.289115,0.203461,0.268808,0.087813,0.206290,0.191959,0.310050,0.278943,0.311309,0.237029,0.354624,0.261285,0.334231,0.239605,0.203598,0.261072,0.331084,0.281570,0.308186,0.222543,0.331538,0.321230,0.283417,0.203588,0.230714,0.278577,0.402727,0.144673,0.221883,0.250599,0.343136,0.302924,0.264375,0.258337,0.271867,0.260451,0.300191,0.296159,0.285720,0.350703,0.286924,0.190660,0.352145,0.262055,0.267174,0.298183,0.273860,0.318266,0.170560,0.261728,0.185914,0.286715,0.213930,0.195294,0.185918,0.272868,0.229994,0.170431,0.284722,0.222082,0.360201,0.283933,0.311015,0.319218,0.263337,0.251733,0.182815,0.214635,0.346670,0.248205,0.190310,0.272129,0.119316,0.406844,0.329300,0.287607,0.290176,0.337837,0.268907,0.139767,0.230755,0.293332,0.231971,0.415791,0.276860,0.332690,#
5,0.354067,0.346845,0.321921,0.284317,0.307344,1.000000,0.295234,0.276882,0.324590,0.376258,0.335192,0.292475,0.331609,0.222001,0.357587,0.285089,0.262652,0.344160,0.236073,0.245535,0.360686,0.337968,0.274922,0.382268,0.357053,0.285388,0.318279,0.369558,0.341393,0.305565,0.239839,0.331555,0.362564,0.216480,0.198393,0.312789,0.403732,0.173688,0.370707,0.356715,0.346697,0.379232,0.204097,0.377696,0.238991,0.363768,0.329908,0.209761,0.286984,0.323723,0.380493,0.301435,0.307120,0.122389,0.316094,0.362314,0.163157,0.304529,0.404266,0.290612,0.265890,0.291605,0.326040,0.251788,0.368932,0.317825,0.368500,0.299674,0.323875,0.253466,0.360431,0.298470,0.359003,0.422678,0.252717,0.198132,0.317561,0.281674,0.337979,0.295478,0.297176,0.296657,0.421002,0.131364,0.247678,0.270528,0.282310,0.234290,0.357460,0.232124,0.247102,0.385858,0.286360,0.425658,0.243526,0.345997,0.289486,0.200864,0.283948,0.160480,0.307000,0.307851,0.264124,0.305535,0.220713,0.287574,0.220221,0.389669,0.220584,0.263299,0.384095,0.288707,0.347696,0.259995,0.296976,0.277304,0.389397,0.305988,0.185437,0.273722,0.171887,0.315154,0.219740,0.335201,0.235662,0.237050,0.128776,0.130516,0.426624,0.386612,0.351254,0.370412,0.327273,0.275090,0.453214,0.366482,0.229025,0.318078,0.174175,0.172526,0.341081,0.327229,0.239424,0.306647,0.315325,0.224863,0.274165,0.289255,0.181900,0.287805,0.372904,0.230680,0.371873,0.375177,0.256968,0.290384,0.308686,0.153871,0.419637,0.179717,0.315199,0.301704,0.313592,0.265011,0.318037,0.116485,0.196528,0.309063,0.331644,0.389012,0.309230,0.279557,0.361959,0.223396,0.186682,0.308958,0.307851,0.311172,0.339390,0.258644,0.308232,0.295672,0.401775,0.226115,0.252897,0.344002,0.299306,0.265218,0.278617,0.253926,0.349188,0.346544,0.286930,0.249957,0.413314,0.203003,0.110960,0.425579,0.271167,0.406326,#
6,0.245583,0.395583,0.358599,0.332963,0.286280,0.295234,1.000000,0.304289,0.276470,0.193811,0.309060,0.275585,0.156185,0.311052,0.222061,0.261649,0.252124,0.299885,0.281699,0.279652,0.294748,0.308433,0.198611,0.238626,0.221914,0.270887,0.245673,0.342095,0.330002,0.260150,0.183724,0.317263,0.276050,0.217365,0.110932,0.215292,0.204250,0.277162,0.320987,0.250079,0.298712,0.276402,0.180396,0.329115,0.177780,0.262403,0.291680,0.385440,0.242823,0.301382,0.222179,0.296934,0.335212,0.240600,0.184896,0.319581,0.220167,0.294340,0.340976,0.380492,0.251616,0.281937,0.246178,0.244039,0.250687,0.470228,0.278012,0.297153,0.304301,0.269656,0.276117,0.269454,0.355166,0.222121,0.327517,0.193563,0.301446,0.310181,0.321208,0.225237,0.319689,0.300722,0.342479,0.213695,0.309982,0.260333,0.275060,0.347954,0.300127,0.327550,0.293254,0.252694,0.226233,0.353652,0.232044,0.346236,0.286645,0.213448,0.354265,0.288985,0.314956,0.348868,0.230724,0.254894,0.083342,0.412600,0.219190,0.265158,0.287826,0.272174,0.340622,0.275992,0.269154,0.199539,0.250170,0.310177,0.316664,0.200356,0.225559,0.242385,0.259850,0.326758,0.194693,0.209576,0.249969,0.176677,0.218164,0.297849,0.136118,0.354203,0.250566,0.246208,0.320471,0.139872,0.373243,0.320774,0.223263,0.324788,0.251148,0.258652,0.230834,0.168968,0.105748,0.353382,0.198363,0.260958,0.227870,0.151443,0.252745,0.115590,0.373305,0.172267,0.330729,0.247216,0.298161,0.212243,0.201427,0.254312,0.304298,0.186108,0.169524,0.337833,0.303430,0.286842,0.301831,0.222626,0.165156,0.260076,0.271637,0.353984,0.142116,0.209709,0.290707,0.203665,0.309502,0.327757,0.224136,0.341792,0.315988,0.160746,0.109965,0.182009,0.304228,0.315223,0.259677,0.299257,0.215710,0.273762,0.319945,0.327443,0.265849,0.251392,0.319791,0.256538,0.191245,0.230420,0.216093,0.294153,0.223912,0.337051,#
7,0.212697,0.285377,0.317314,0.302482,0.256961,0.276882,0.304289,1.000000,0.280546,0.318777,0.383918,0.443505,0.183492,0.319331,0.291741,0.352912,0.227177,0.403904,0.248058,0.328890,0.319850,0.295352,0.394554,0.262317,0.423197,0.219472,0.330326,0.425023,0.305711,0.279775,0.256641,0.300327,0.378202,0.185886,0.171756,0.344738,0.192977,0.206596,0.392661,0.323328,0.293822,0.273461,0.311060,0.233453,0.308545,0.373181,0.237534,0.328587,0.298504,0.305636,0.384924,0.316003,0.269645,0.261274,0.291520,0.294882,0.245757,0.368830,0.339297,0.330827,0.311926,0.201713,0.305395,0.286620,0.398974,0.310486,0.335515,0.290509,0.295593,0.417283,0.228771,0.197721,0.406638,0.317258,0.239300,0.224776,0.255605,0.343772,0.311305,0.371782,0.316994,0.304500,0.376009,0.238477,0.326557,0.219871,0.389840,0.156282,0.313492,0.341979,0.287417,0.314409,0.320240,0.370309,0.182876,0.325127,0.270145,0.210700,0.205370,0.160309,0.367518,0.221203,0.269778,0.274524,0.168673,0.376941,0.357263,0.222288,0.257186,0.275644,0.290048,0.297874,0.212780,0.335034,0.386037,0.297523,0.226543,0.205391,0.167653,0.356612,0.290964,0.330027,0.229563,0.377964,0.374245,0.264365,0.327334,0.365151,0.237593,0.279419,0.202791,0.273297,0.353059,0.282677,0.465393,0.305382,0.137635,0.446678,0.247679,0.313105,0.403627,0.313127,0.121862,0.233231,0.315647,0.213423,0.284254,0.235616,0.206814,0.253673,0.324528,0.401977,0.223154,0.215012,0.162672,0.336937,0.336453,0.295741,0.359465,0.323434,0.234228,0.376230,0.304335,0.252052,0.219963,0.236682,0.380627,0.225969,0.310596,0.334886,0.265073,0.258718,0.313332,0.148959,0.307114,0.234433,0.256611,0.325626,0.115061,0.385020,0.260270,0.321301,0.249755,0.273215,0.086712,0.309005,0.202739,0.269597,0.214784,0.355682,0.343954,0.301819,0.357836,0.278673,0.201778,0.251082,0.198468,0.340591,0.343757,0.314153,#
8,0.343560,0.340150,0.251674,0.353994,0.342568,0.324590,0.276470,0.280546,1.000000,0.300472,0.411512,0.308279,0.277498,0.237482,0.399655,0.380700,0.184282,0.272062,0.208013,0.314555,0.294962,0.287646,0.243798,0.356598,0.280231,0.265939,0.245341,0.347309,0.202679,0.346238,0.137471,0.335395,0.245244,0.264318,0.252341,0.365237,0.328963,0.233737,0.349954,0.347040,0.307439,0.294703,0.114649,0.244939,0.399427,0.391787,0.264376,0.288910,0.194210,0.308118,0.253787,0.384501,0.250984,0.395448,0.284455,0.383256,0.271508,0.274746,0.311267,0.376587,0.326138,0.189512,0.378472,0.174234,0.352912,0.404535,0.344673,0.298989,0.423900,0.305401,0.231915,0.305007,0.312376,0.222086,0.266818,0.184118,0.249112,0.248049,0.314941,0.183967,0.358594,0.324361,0.331207,0.131171,0.435240,0.226720,0.326189,0.203810,0.361112,0.331069,0.273782,0.315951,0.315619,0.307051,0.350364,0.447777,0.374813,0.211607,0.299033,0.234169,0.341118,0.169401,0.271336,0.291616,0.333230,0.197052,0.350308,0.264010,0.126528,0.290883,0.201853,0.267129,0.155118,0.310827,0.257054,0.385927,0.313044,0.174350,0.150220,0.364523,0.338943,0.273727,0.254086,0.316453,0.301551,0.369728,0.218760,0.374993,0.166374,0.364955,0.271825,0.220041,0.303748,0.249853,0.363902,0.395392,0.240889,0.324942,0.303781,0.253082,0.382125,0.293798,0.360653,0.200312,0.256593,0.222484,0.273908,0.323295,0.285896,0.264338,0.379882,0.270535,0.292580,0.314050,0.419072,0.332727,0.292373,0.275423,0.261641,0.324578,0.168006,0.323910,0.195004,0.317726,0.323299,0.285705,0.270538,0.200261,0.248965,0.322833,0.313588,0.136701,0.214296,0.252487,0.250967,0.303380,0.202209,0.355909,0.276608,0.267871,0.280662,0.260970,0.183235,0.301791,0.235002,0.321803,0.136665,0.206796,0.340194,0.228188,0.319420,0.319507,0.279159,0.221158,0.306803,0.193293,0.187138,0.172693,0.259611,0.238761,#
9,0.324107,0.245242,0.228623,0.268742,0.221985,0.376258,0.193811,0.318777,0.300472,1.000000,0.436198,0.261302,0.197968,0.297104,0.336828,0.359427,0.252723,0.267699,0.146237,0.366881,0.278228,0.258733,0.257413,0.294666,0.251754,0.252264,0.338351,0.411952,0.273035,0.305926,0.347232,0.306492,0.204717,0.271682,0.317139,0.342368,0.152089,0.340131,0.330557,0.256915,0.372705,0.339152,0.195957,0.120373,0.258933,0.427948,0.315543,0.282354,0.220840,0.233680,0.370873,0.369812,0.293876,0.208762,0.209320,0.408494,0.293902,0.264252,0.271174,0.217622,0.263340,0.285151,0.397255,0.315136,0.345635,0.346977,0.206730,0.290068,0.364345,0.210664,0.334609,0.354892,0.289654,0.295623,0.268331,0.244055,0.275970,0.261710,0.407939,0.341134,0.260736,0.370650,0.273707,0.186113,0.372396,0.296089,0.427334,0.214522,0.182218,0.193462,0.157981,0.391211,0.297815,0.292775,0.308234,0.335710,0.418548,0.286368,0.260644,0.144363,0.275447,0.257481,0.401745,0.239308,0.309471,0.271077,0.294276,0.244563,0.289590,0.151336,0.254356,0.248161,0.276474,0.378006,0.256538,0.304964,0.266162,0.307252,0.397626,0.210816,0.347469,0.426405,0.220161,0.331472,0.272822,0.296539,0.062438,0.330769,0.246075,0.340578,0.253609,0.304177,0.269827,0.315931,0.359261,0.243801,0.322580,0.414664,0.227206,0.178534,0.240075,0.316413,0.231330,0.238982,0.259786,0.172879,0.271880,0.308210,0.190039,0.415289,0.291275,0.210258,0.424589,0.327678,0.270486,0.307520,0.313843,0.281211,0.423529,0.232672,0.256377,0.272019,0.169577,0.413005,0.283331,0.169764,0.233131,0.221805,0.435448,0.276540,0.285085,0.264700,0.300503,0.274458,0.216470,0.311520,0.284840,0.205341,0.207501,0.343967,0.190985,0.297996,0.348500,0.247353,0.155736,0.290575,0.271324,0.293107,0.411062,0.245541,0.317539,0.320413,0.271873,0.268028,0.235238,0.271148,0.155848,0.225147,0.258484,0.318012,#
10,0.377646,0.458166,0.363768,0.386935,0.298797,0.335192,0.309060,0.383918,0.411512,0.436198,1.000000,0.298193,0.227425,0.385825,0.376356,0.328654,0.278698,0.397415,0.405865,0.348195,0.288202,0.315409,0.247452,0.314271,0.302206,0.245764,0.381220,0.397149,0.269321,0.378435,0.343384,0.327136,0.334776,0.287141,0.280681,0.427565,0.233973,0.334997,0.459124,0.329596,0.304282,0.260972,0.306281,0.169148,0.264174,0.406216,0.374531,0.357379,0.328407,0.347859,0.316760,0.362100,0.308456,0.347301,0.263235,0.394090,0.237989,0.288660,0.346058,0.309801,0.301984,0.356211,0.302699,0.417639,0.411365,0.425891,0.382852,0.321998,0.380031,0.317171,0.328563,0.354638,0.347368,0.311036,0.268366,0.294206,0.332059,0.265130,0.334392,0.248997,0.331865,0.372731,0.377040,0.277536,0.404516,0.207247,0.460584,0.275713,0.346564,0.323631,0.204997,0.299512,0.400670,0.345007,0.313529,0.369052,0.429130,0.188180,0.339400,0.285594,0.305677,0.283487,0.315007,0.331061,0.356186,0.230233,0.340697,0.403607,0.214703,0.242929,0.256551,0.367396,0.284924,0.351887,0.420510,0.459434,0.310558,0.150556,0.214415,0.277788,0.315453,0.333397,0.283958,0.365634,0.308236,0.268235,0.196971,0.329872,0.291943,0.434558,0.362694,0.312851,0.348377,0.256683,0.382472,0.308123,0.270380,0.466127,0.203433,0.308213,0.387169,0.283638,0.361483,0.282179,0.332594,0.257082,0.147471,0.245993,0.221692,0.348015,0.397076,0.357100,0.369320,0.304371,0.400120,0.322689,0.355109,0.176587,0.363629,0.341443,0.271638,0.342804,0.360395,0.403935,0.370055,0.222511,0.312392,0.188341,0.276577,0.357085,0.325706,0.285420,0.340056,0.273084,0.327774,0.203998,0.275821,0.390636,0.322943,0.360745,0.368022,0.319043,0.394706,0.226038,0.276274,0.324525,0.217340,0.205480,0.353662,0.329085,0.391395,0.337974,0.287496,0.246075,0.354978,0.292822,0.173851,0.359398,0.400989,0.448288,#
11,0.309519,0.385258,0.452878,0.396770,0.234573,0.292475,0.275585,0.443505,0.308279,0.261302,0.298193,1.000000,0.247288,0.284224,0.188366,0.303373,0.288593,0.380185,0.228685,0.141645,0.316998,0.357737,0.239170,0.354612,0.420006,0.381492,0.246144,0.427326,0.125735,0.356813,0.349135,0.352911,0.298603,0.237921,0.218546,0.333633,0.295014,0.232273,0.348979,0.305481,0.339904,0.401488,0.368278,0.382789,0.187341,0.443889,0.283723,0.330094,0.247541,0.198164,0.385449,0.364602,0.303708,0.366928,0.225112,0.310082,0.297704,0.309560,0.348517,0.290975,0.261707,0.275058,0.388999,0.337239,0.400728,0.401809,0.361250,0.387983,0.359508,0.378427,0.230249,0.218777,0.399305,0.284117,0.245789,0.232673,0.279649,0.290075,0.428557,0.250934,0.334319,0.211848,0.376172,0.283230,0.375146,0.189891,0.417637,0.310915,0.338257,0.269503,0.320070,0.400010,0.406977,0.508992,0.278512,0.324035,0.271054,0.230958,0.321184,0.375081,0.374169,0.321534,0.273061,0.283842,0.251766,0.403806,0.354456,0.344010,0.338240,0.302799,0.371577,0.298509,0.364928,0.329275,0.125358,0.524157,0.312541,0.216723,0.189678,0.336344,0.292919,0.339380,0.351441,0.342623,0.314093,0.246171,0.299731,0.427800,0.333049,0.313146,0.228274,0.475539,0.339850,0.313228,0.295896,0.302818,0.124928,0.465745,0.164583,0.361278,0.294866,0.265274,0.206407,0.342270,0.379420,0.252056,0.349116,0.226520,0.246673,0.249051,0.284181,0.422193,0.270163,0.227758,0.320926,0.265504,0.264750,0.144877,0.318907,0.282394,0.233783,0.392552,0.222983,0.293635,0.365322,0.198061,0.389454,0.314006,0.389139,0.337475,0.346363,0.199513,0.271612,0.206186,0.292246,0.378351,0.370664,0.278463,0.216721,0.258486,0.400189,0.295601,0.311315,0.242874,0.122788,0.359163,0.240548,0.268373,0.315317,0.356938,0.259034,0.239224,0.430002,0.177317,0.385890,0.242255,0.215024,0.287385,0.255917,0.303609,#
12,0.261270,0.267666,0.289516,0.282058,0.221166,0.331609,0.156185,0.183492,0.277498,0.197968,0.227425,0.247288,1.000000,0.208312,0.345239,0.270241,0.330239,0.268741,0.324216,0.380605,0.313938,0.175241,0.246048,0.298276,0.273170,0.200596,0.238056,0.367293,0.262416,0.321680,0.102972,0.364973,0.300249,0.239883,0.216582,0.318178,0.318635,0.188895,0.307674,0.214861,0.369551,0.243596,0.279192,0.307609,0.260178,0.382413,0.269436,0.123620,0.289201,0.203579,0.350241,0.229249,0.263785,0.252770,0.236455,0.303966,0.190099,0.276293,0.248364,0.234978,0.239470,0.312861,0.240682,0.326483,0.363573,0.266821,0.280055,0.215460,0.266301,0.208058,0.177745,0.278593,0.256624,0.211189,0.292343,0.266566,0.270308,0.190144,0.238640,0.166759,0.277889,0.234496,0.249831,0.267280,0.291536,0.302781,0.280119,0.302155,0.328958,0.267276,0.275693,0.306586,0.221209,0.341917,0.228687,0.215575,0.407893,0.212527,0.213610,0.128529,0.311841,0.256595,0.255701,0.240285,0.343235,0.266668,0.296403,0.217081,0.138888,0.246361,0.343115,0.099237,0.304311,0.324430,0.189472,0.224839,0.283861,0.256244,0.195644,0.231194,0.259863,0.351444,0.365356,0.306452,0.211149,0.142771,0.275099,0.205117,0.197815,0.194237,0.225607,0.282327,0.225334,0.189208,0.256060,0.248443,0.255325,0.293672,0.179951,0.256113,0.341973,0.268360,0.143128,0.227264,0.158975,0.215877,0.229437,0.234073,0.222996,0.222049,0.225087,0.400376,0.219542,0.216829,0.198857,0.245922,0.213482,0.003220,0.235967,0.159792,0.179389,0.363798,0.242686,0.383250,0.270999,0.149705,0.317813,0.125534,0.291956,0.328119,0.259381,0.204620,0.265345,0.274843,0.295385,0.192566,0.321217,0.334396,0.141692,0.290836,0.259946,0.256983,0.310730,0.206437,0.223049,0.254557,0.256599,0.311159,0.249485,0.152026,0.398732,0.324538,0.330843,0.218240,0.203442,0.232783,0.196350,0.225658,0.313183,0.234941,#
13,0.251473,0.359638,0.342176,0.310082,0.254339,0.222001,0.311052,0.319331,0.237482,0.297104,0.385825,0.284224,0.208312,1.000000,0.392881,0.330243,0.303537,0.251978,0.304370,0.406902,0.325264,0.271135,0.194129,0.283162,0.368252,0.404799,0.376776,0.366701,0.267897,0.253016,0.300667,0.294386,0.316451,0.283891,0.227326,0.322624,0.280741,0.337981,0.265634,0.279989,0.261273,0.325417,0.341829,0.211085,0.277384,0.391684,0.387939,0.323463,0.328174,0.267132,0.362154,0.349692,0.347552,0.285169,0.286788,0.473820,0.244411,0.305021,0.350857,0.397624,0.355241,0.316260,0.450729,0.316429,0.299331,0.336055,0.494834,0.352836,0.464493,0.356389,0.207110,0.287908,0.366558,0.234732,0.377540,0.231552,0.346934,0.398899,0.426593,0.270377,0.366932,0.472287,0.357784,0.408687,0.467255,0.261122,0.447169,0.358389,0.385827,0.395021,0.301613,0.362255,0.380524,0.393119,0.294127,0.305844,0.365938,0.199908,0.248036,0.337869,0.389377,0.355564,0.318083,0.336896,0.284324,0.392108,0.367676,0.315398,0.372270,0.316133,0.304935,0.270702,0.415287,0.357113,0.326858,0.379401,0.394495,0.274855,0.223857,0.333285,0.395940,0.400090,0.278295,0.363273,0.337589,0.275686,0.213767,0.274698,0.414045,0.370377,0.240863,0.301706,0.276956,0.254163,0.446885,0.344804,0.353589,0.380087,0.376278,0.356192,0.274621,0.275396,0.340330,0.296602,0.365658,0.405028,0.252256,0.325551,0.123638,0.311333,0.361868,0.282813,0.333040,0.400432,0.367305,0.336429,0.227347,0.296508,0.324526,0.319357,0.190156,0.463427,0.225670,0.409875,0.352940,0.315123,0.240064,0.223198,0.346445,0.380233,0.337393,0.422378,0.346184,0.267142,0.337959,0.330768,0.250218,0.304962,0.370438,0.165259,0.284503,0.325349,0.331543,0.388279,0.235526,0.389345,0.339361,0.342493,0.313425,0.375625,0.245255,0.398967,0.353408,0.279442,0.217856,0.307083,0.225527,0.314037,0.357926,0.313562,#
14,0.447760,0.262191,0.263211,0.307647,0.221278,0.357587,0.222061,0.291741,0.399655,0.336828,0.376356,0.188366,0.345239,0.392881,1.000000,0.441393,0.312290,0.358519,0.331133,0.450858,0.331593,0.205895,0.338099,0.425725,0.307575,0.248906,0.406509,0.374215,0.302499,0.309130,0.166723,0.293544,0.256483,0.183959,0.298646,0.380159,0.355238,0.361369,0.388442,0.388252,0.414104,0.317781,0.326353,0.250564,0.291299,0.468597,0.380428,0.266614,0.314051,0.310611,0.446445,0.282551,0.334673,0.321609,0.451994,0.409795,0.330933,0.277460,0.296790,0.326025,0.334498,0.401144,0.317733,0.320980,0.361027,0.284590,0.405759,0.355994,0.329453,0.352619,0.253392,0.305621,0.234355,0.387357,0.247257,0.236037,0.285450,0.334078,0.324538,0.291553,0.387851,0.275809,0.391789,0.328297,0.376483,0.340135,0.255487,0.211611,0.365198,0.289976,0.354391,0.334277,0.350354,0.376740,0.364943,0.265605,0.393556,0.291559,0.307211,0.252727,0.324501,0.323067,0.300553,0.371987,0.336003,0.349313,0.452972,0.419754,0.244731,0.291379,0.171195,0.161389,0.344224,0.272124,0.340752,0.352382,0.266844,0.266470,0.323810,0.343887,0.454804,0.382984,0.203915,0.308454,0.318083,0.245560,0.284538,0.252972,0.165281,0.387794,0.188745,0.359082,0.341253,0.175800,0.291869,0.297432,0.273999,0.349142,0.224034,0.244129,0.411922,0.402741,0.382939,0.233653,0.242102,0.321039,0.245115,0.236087,0.147568,0.258260,0.362957,0.298172,0.209277,0.349121,0.305064,0.232934,0.332069,0.224393,0.296740,0.208246,0.245206,0.373035,0.272312,0.259889,0.368085,0.191901,0.285288,0.223472,0.263002,0.340079,0.386460,0.314022,0.356451,0.327948,0.310312,0.241860,0.403313,0.373716,0.354183,0.328389,0.301826,0.359242,0.287547,0.310247,0.269459,0.316544,0.269886,0.202905,0.260394,0.319539,0.326738,0.398046,0.331484,0.349008,0.267084,0.180791,0.093128,0.288770,0.363885,0.338643,#
15,0.386204,0.227289,0.338471,0.340889,0.260313,0.285089,0.261649,0.352912,0.380700,0.359427,0.328654,0.303373,0.270241,0.330243,0.441393,1.000000,0.351431,0.442507,0.330215,0.333813,0.303145,0.296078,0.330985,0.425040,0.336114,0.409092,0.377810,0.379753,0.327197,0.327611,0.248852,0.384090,0.270404,0.359118,0.282796,0.314876,0.307936,0.301172,0.405175,0.309966,0.414118,0.376369,0.298388,0.317469,0.369497,0.426521,0.221743,0.323364,0.203623,0.382336,0.370319,0.366290,0.402699,0.310950,0.352503,0.356573,0.284570,0.360853,0.345808,0.411747,0.340381,0.249194,0.408274,0.274448,0.313116,0.347459,0.391986,0.428689,0.364643,0.304630,0.331049,0.389584,0.327240,0.290236,0.332093,0.255813,0.252748,0.394250,0.321323,0.288823,0.474175,0.282217,0.293100,0.361595,0.387471,0.270771,0.388279,0.276482,0.410922,0.371855,0.290244,0.287182,0.348631,0.438868,0.291310,0.308943,0.459849,0.198204,0.312233,0.235371,0.403266,0.289706,0.336139,0.365110,0.245935,0.329531,0.350877,0.315590,0.253625,0.372198,0.253328,0.339742,0.294267,0.268800,0.331367,0.423877,0.326306,0.191760,0.263655,0.312540,0.395258,0.416287,0.275437,0.418496,0.321239,0.247185,0.268732,0.324458,0.255481,0.343504,0.218689,0.404765,0.323884,0.298878,0.379012,0.388564,0.258510,0.291551,0.261149,0.190109,0.293744,0.378426,0.352737,0.257887,0.368369,0.276709,0.321222,0.305811,0.379549,0.291605,0.378704,0.256317,0.309836,0.509456,0.217476,0.443102,0.266638,0.294240,0.347956,0.281339,0.211381,0.320800,0.320632,0.363421,0.333460,0.299499,0.288306,0.251148,0.336860,0.338627,0.235745,0.260389,0.323917,0.223574,0.373254,0.235737,0.363117,0.288236,0.142800,0.372878,0.402496,0.362312,0.245294,0.372983,0.224436,0.361860,0.192200,0.336036,0.274001,0.268207,0.213046,0.419128,0.335507,0.312183,0.244734,0.259976,0.168984,0.360787,0.272454,0.217928,#
16,0.327633,0.209333,0.260233,0.299688,0.146942,0.262652,0.252124,0.227177,0.184282,0.252723,0.278698,0.288593,0.330239,0.303537,0.312290,0.351431,1.000000,0.332573,0.246474,0.315289,0.427385,0.258789,0.366873,0.248663,0.171320,0.330663,0.315066,0.208571,0.195360,0.302136,0.213837,0.376664,0.143823,0.342028,0.190124,0.341550,0.260733,0.219392,0.318129,0.273005,0.209222,0.326636,0.247135,0.306576,0.266109,0.385368,0.260648,0.295954,0.231623,0.200125,0.190338,0.343399,0.409961,0.258988,0.255334,0.276858,0.168318,0.300766,0.278737,0.183102,0.183606,0.435754,0.322265,0.394841,0.393312,0.292561,0.297181,0.408443,0.209551,0.328808,0.137233,0.386001,0.324737,0.184606,0.264413,0.384656,0.211109,0.364500,0.345183,0.242124,0.225921,0.245231,0.251134,0.251654,0.281427,0.299137,0.422192,0.225126,0.364977,0.201887,0.270529,0.305576,0.245762,0.261306,0.262523,0.207680,0.367915,0.098219,0.303416,0.241811,0.300894,0.268053,0.159589,0.231347,0.247527,0.284552,0.312044,0.213835,0.158413,0.258428,0.274164,0.258647,0.291930,0.278095,0.300925,0.417906,0.291221,0.255139,0.127918,0.305991,0.308024,0.332221,0.323002,0.345778,0.347177,0.081714,0.195532,0.161839,0.187806,0.343596,0.140186,0.282978,0.416069,0.090511,0.385772,0.358692,0.129445,0.341394,0.211806,0.314776,0.158231,0.257632,0.182823,0.289257,0.278235,0.232963,0.150168,0.236096,0.209998,0.169869,0.210353,0.306033,0.197524,0.246582,0.294371,0.290170,0.207433,0.139676,0.290352,0.245959,0.160653,0.407798,0.310628,0.361620,0.304087,0.174257,0.297187,0.258871,0.254135,0.215064,0.145227,0.109471,0.277221,0.127062,0.237232,0.306932,0.188484,0.216073,0.245618,0.184538,0.234417,0.323723,0.300436,0.100825,0.113540,0.231595,0.371098,0.293600,0.261744,0.213304,0.349328,0.109338,0.136745,0.231117,0.317851,0.342263,0.089220,0.244041,0.217095,0.220504,#
17,0.473821,0.358286,0.296280,0.434887,0.316729,0.344160,0.299885,0.403904,0.272062,0.267699,0.397415,0.380185,0.268741,0.251978,0.358519,0.442507,0.332573,1.000000,0.297681,0.400100,0.429072,0.334563,0.323863,0.465516,0.366320,0.317661,0.331315,0.315626,0.332402,0.349483,0.310935,0.420666,0.491590,0.278664,0.221186,0.391811,0.223071,0.437455,0.412835,0.246983,0.361947,0.356642,0.245507,0.390429,0.267074,0.418417,0.396636,0.318647,0.363707,0.356005,0.379497,0.288906,0.285883,0.283706,0.333812,0.380154,0.372972,0.415840,0.342832,0.386714,0.324142,0.346440,0.304845,0.339481,0.345079,0.449350,0.450771,0.434746,0.373330,0.444755,0.362778,0.379206,0.428654,0.285816,0.297978,0.379374,0.304768,0.385762,0.295782,0.347601,0.367985,0.377198,0.523157,0.314719,0.417924,0.206731,0.398928,0.302906,0.480437,0.391224,0.337319,0.297119,0.383009,0.358985,0.254526,0.356781,0.376595,0.371538,0.368943,0.345724,0.353129,0.258988,0.268163,0.382073,0.281942,0.399182,0.381054,0.449814,0.219812,0.194963,0.341523,0.300749,0.358692,0.395718,0.272254,0.413385,0.335441,0.274494,0.265059,0.381534,0.295454,0.398483,0.296560,0.381170,0.485569,0.301549,0.291046,0.332787,0.199668,0.334143,0.230904,0.419503,0.457744,0.381319,0.389980,0.416466,0.404708,0.372481,0.285537,0.387204,0.407642,0.352028,0.242922,0.305802,0.396240,0.332659,0.175569,0.306941,0.250050,0.222823,0.367582,0.256186,0.265126,0.389439,0.341119,0.365070,0.294345,0.277611,0.492020,0.339576,0.338656,0.418871,0.326417,0.316216,0.355979,0.272912,0.283264,0.355207,0.298439,0.308363,0.433332,0.271574,0.318530,0.308593,0.405740,0.245780,0.387472,0.333948,0.176234,0.406975,0.322779,0.470790,0.330687,0.203677,0.172491,0.324890,0.312717,0.328529,0.413547,0.343244,0.345654,0.458553,0.351371,0.268964,0.431294,0.346001,0.277184,0.311446,0.278375,0.326109,#
18,0.362762,0.265696,0.264194,0.318014,0.289947,0.236073,0.281699,0.248058,0.208013,0.146237,0.405865,0.228685,0.324216,0.304370,0.331133,0.330215,0.246474,0.297681,1.000000,0.326239,0.311737,0.238383,0.152057,0.415676,0.309799,0.307837,0.307772,0.365119,0.308808,0.228360,0.232502,0.234313,0.358607,0.203616,0.284815,0.367829,0.361989,0.277548,0.303534,0.388346,0.337563,0.321250,0.269573,0.255532,0.230300,0.324844,0.198403,0.263895,0.210796,0.310703,0.356935,0.222814,0.364496,0.298264,0.258229,0.294471,0.253318,0.323559,0.247149,0.229438,0.223960,0.268403,0.350264,0.330377,0.270119,0.356413,0.402092,0.361651,0.239188,0.184162,0.123132,0.269905,0.259493,0.160347,0.248715,0.214228,0.231953,0.349271,0.353441,0.313442,0.343932,0.253389,0.314885,0.342499,0.273668,0.112755,0.413049,0.168504,0.378883,0.274936,0.333394,0.223594,0.308919,0.326893,0.275436,0.310049,0.450650,0.242387,0.241924,0.325095,0.245246,0.320318,0.354321,0.304888,0.359667,0.322021,0.287127,0.286352,0.248193,0.264952,0.338937,0.383899,0.271917,0.311739,0.284313,0.259289,0.244621,0.102756,0.287378,0.335207,0.267195,0.335093,0.271526,0.231109,0.282677,0.198719,0.253572,0.263474,0.314618,0.290950,0.266088,0.375629,0.258665,0.221723,0.359501,0.179334,0.241860,0.399336,0.184054,0.341155,0.322119,0.174339,0.205035,0.235523,0.304804,0.307635,0.117458,0.202034,0.167757,0.246010,0.253489,0.310163,0.256728,0.280702,0.259819,0.378942,0.377056,0.272594,0.215694,0.366360,0.278828,0.338021,0.273084,0.305037,0.257167,0.287482,0.318945,0.268812,0.244010,0.356580,0.123768,0.239357,0.329667,0.225299,0.229199,0.296304,0.315815,0.378197,0.399969,0.223393,0.247888,0.293863,0.332560,0.186332,0.333680,0.250807,0.334435,0.351801,0.293759,0.263869,0.287730,0.381156,0.350582,0.246474,0.287688,0.255954,0.198598,0.333697,0.371542,0.278429,#
19,0.373749,0.310369,0.302320,0.316606,0.403414,0.245535,0.279652,0.328890,0.314555,0.366881,0.348195,0.141645,0.380605,0.406902,0.450858,0.333813,0.315289,0.400100,0.326239,1.000000,0.305938,0.319954,0.293084,0.365054,0.304206,0.428386,0.356746,0.365068,0.318070,0.430679,0.259461,0.339371,0.324344,0.233548,0.339646,0.411531,0.198058,0.296344,0.452748,0.309060,0.364519,0.331402,0.190512,0.197025,0.296329,0.404743,0.417907,0.410187,0.261112,0.395779,0.362805,0.338622,0.268747,0.414867,0.322776,0.422134,0.306522,0.306119,0.323495,0.324770,0.309826,0.343872,0.368787,0.356167,0.390385,0.325155,0.352116,0.374688,0.321872,0.361034,0.339758,0.366833,0.393573,0.212339,0.362850,0.361252,0.290939,0.428255,0.440637,0.250791,0.427659,0.406147,0.401731,0.231243,0.468470,0.248308,0.381667,0.290579,0.424439,0.285543,0.255802,0.336989,0.395767,0.347040,0.301153,0.393372,0.419743,0.391575,0.187255,0.228213,0.320642,0.297547,0.341984,0.377120,0.381021,0.396750,0.345510,0.467169,0.183873,0.178273,0.316518,0.308534,0.368717,0.412038,0.401294,0.318975,0.392432,0.344122,0.362468,0.197540,0.429461,0.485942,0.287557,0.404244,0.464535,0.292355,0.331505,0.308139,0.152655,0.342980,0.233526,0.221825,0.423651,0.255980,0.390662,0.357649,0.320844,0.427533,0.311995,0.312486,0.372216,0.385678,0.281253,0.281750,0.332235,0.341929,0.208576,0.414795,0.348248,0.208124,0.311912,0.376355,0.336301,0.423069,0.348502,0.290194,0.316523,0.213916,0.329383,0.230115,0.399444,0.394941,0.380851,0.309280,0.372644,0.265435,0.269791,0.302122,0.326676,0.289318,0.368936,0.314735,0.352521,0.245849,0.300865,0.260570,0.356149,0.387442,0.283234,0.309143,0.215580,0.402906,0.297746,0.306518,0.275745,0.365543,0.309944,0.350926,0.366206,0.262113,0.417014,0.439740,0.270133,0.355504,0.294514,0.305773,0.258879,0.374422,0.423395,0.420767,#
20,0.389064,0.291807,0.396175,0.287078,0.334307,0.360686,0.294748,0.319850,0.294962,0.278228,0.288202,0.316998,0.313938,0.325264,0.331593,0.303145,0.427385,0.429072,0.311737,0.305938,1.000000,0.299709,0.284523,0.378954,0.397296,0.330048,0.320416,0.374954,0.315797,0.310831,0.239440,0.296949,0.315679,0.242844,0.251117,0.355065,0.308573,0.294099,0.313450,0.354500,0.344932,0.484880,0.252646,0.243382,0.333769,0.447829,0.359341,0.349491,0.301908,0.265226,0.225512,0.365781,0.422046,0.326341,0.335408,0.320093,0.334240,0.340474,0.316614,0.314233,0.317954,0.299235,0.381986,0.369630,0.387779,0.261696,0.376676,0.366733,0.426082,0.401542,0.267862,0.367222,0.472123,0.368662,0.244697,0.254518,0.373389,0.414738,0.315440,0.306062,0.273342,0.277049,0.446333,0.266751,0.332696,0.319721,0.446005,0.303171,0.467099,0.367932,0.324658,0.414167,0.384538,0.419894,0.339469,0.282920,0.442244,0.311156,0.303796,0.184016,0.327789,0.297452,0.328333,0.360670,0.286469,0.365359,0.306684,0.312926,0.257782,0.374927,0.404041,0.341637,0.333708,0.368180,0.274835,0.469541,0.435969,0.272366,0.151405,0.354758,0.310821,0.370520,0.300723,0.318123,0.367549,0.236706,0.355438,0.409919,0.295545,0.373864,0.261814,0.415951,0.325603,0.183256,0.381410,0.292451,0.387541,0.414364,0.291840,0.325496,0.360202,0.347314,0.191779,0.292208,0.377463,0.238250,0.202289,0.281742,0.240166,0.300324,0.378834,0.377895,0.188231,0.263157,0.329081,0.337789,0.251279,0.170880,0.309212,0.399856,0.311314,0.413466,0.258360,0.296916,0.439430,0.217052,0.190637,0.335188,0.292958,0.292231,0.330275,0.226275,0.282134,0.291228,0.248573,0.373537,0.228663,0.289845,0.426069,0.360784,0.288035,0.345154,0.285616,0.284270,0.276856,0.207075,0.312870,0.305640,0.378503,0.354628,0.344667,0.402449,0.316457,0.239984,0.386005,0.332790,0.246293,0.313230,0.333801,0.293751,#
21,0.366314,0.372063,0.412004,0.329058,0.279824,0.337968,0.308433,0.295352,0.287646,0.258733,0.315409,0.357737,0.175241,0.271135,0.205895,0.296078,0.258789,0.334563,0.238383,0.319954,0.299709,1.000000,0.240341,0.375165,0.313434,0.264813,0.339139,0.399998,0.315111,0.335929,0.276719,0.355155,0.263252,0.322499,0.206467,0.380385,0.360483,0.337596,0.423701,0.267280,0.309374,0.378787,0.178512,0.322487,0.296333,0.382072,0.384160,0.404176,0.163720,0.348583,0.328957,0.293969,0.323599,0.263512,0.287440,0.307302,0.296456,0.296975,0.269018,0.280291,0.257159,0.219645,0.433928,0.330897,0.420240,0.355797,0.309862,0.341423,0.416361,0.429718,0.463501,0.286474,0.473532,0.329906,0.236034,0.218837,0.316477,0.302444,0.271623,0.245981,0.405719,0.338809,0.282682,0.146419,0.409396,0.192699,0.407258,0.252698,0.367013,0.404185,0.245546,0.309222,0.283616,0.308001,0.323353,0.364906,0.380305,0.272918,0.240132,0.318176,0.494861,0.269507,0.245719,0.324200,0.281948,0.373852,0.293353,0.349720,0.250276,0.277972,0.358158,0.317279,0.291395,0.307978,0.255430,0.388416,0.426282,0.243716,0.247793,0.357110,0.250569,0.384657,0.203041,0.397126,0.268720,0.267117,0.267369,0.309275,0.189100,0.247202,0.276173,0.306315,0.378955,0.284929,0.322504,0.282516,0.374839,0.301441,0.205545,0.379031,0.340155,0.351180,0.273730,0.242841,0.339644,0.303917,0.274242,0.377454,0.302325,0.250607,0.296315,0.272401,0.311320,0.363369,0.283757,0.294545,0.250654,0.273008,0.282257,0.255926,0.374636,0.314125,0.252397,0.296633,0.350033,0.133336,0.111688,0.346228,0.250594,0.426039,0.258659,0.237329,0.344246,0.264656,0.273974,0.351165,0.332707,0.281168,0.247388,0.347310,0.266793,0.329807,0.194671,0.300383,0.190426,0.261566,0.276848,0.352798,0.403716,0.276278,0.386753,0.296694,0.355039,0.207560,0.410282,0.372933,0.221739,0.342513,0.317814,0.317239,#
