0,1.000000,0.776112,0.790181,0.778374,0.747815,0.807208,0.774706,0.785588,0.790992,0.750133,0.769170,0.797735,0.748895,0.773320,0.779513,0.795867,0.826341,0.825007,0.803789,0.793808,0.800622,0.741976,0.805708,0.836995,0.735145,0.757758,0.776110,0.765697,0.746675,0.789010,0.760947,0.807949,0.776001,0.773258,0.799580,0.788666,0.752688,0.790961,0.797610,0.801248,0.797491,0.758687,0.823695,0.769282,0.792110,0.749368,0.779985,0.822244,0.782994,0.807837,0.776483,0.813213,0.784078,0.792825,0.812139,0.815880,0.794952,0.818742,0.779684,0.786725,0.796695,0.780240,0.812188,0.799127,0.796235,0.769790,0.813368,0.784793,0.782140,0.760561,0.764557,0.757495,0.829793,0.808906,0.773751,0.753240,0.823490,0.790255,0.791930,0.759139,0.808384,0.781971,0.797140,0.790507,0.810716,0.808691,0.813353,0.794226,0.766276,0.790363,0.750117,0.787917,0.788180,0.779427,0.787426,0.792340,0.779820,0.737613,0.805214,0.810833,0.800004,0.786289,0.798642,0.807117,0.753930,0.801082,0.780767,0.816273,0.796062,0.723851,0.781562,0.797099,0.776976,0.775198,0.787953,0.822797,0.771012,0.759524,0.758023,0.764866,0.731412,0.810135,0.809858,0.834363,0.821467,0.782426,0.766437,0.752138,0.731510,0.783985,0.790071,0.778768,0.792771,0.745595,0.795264,0.793310,0.773044,0.796145,0.747117,0.803661,0.778587,0.771959,0.750121,0.802727,0.781921,0.690612,0.763280,0.734383,0.796262,0.773889,0.777647,0.814917,0.766525,0.734395,0.786528,0.792235,0.803152,0.804972,0.809004,0.760818,0.810129,0.802976,0.794762,0.771989,0.750488,0.789487,0.783509,0.776316,0.801486,0.781927,0.777842,0.779656,0.791563,0.797077,0.785326,0.781498,0.819768,0.818259,0.780832,0.754145,0.767503,0.792152,0.750407,0.757531,0.764838,0.755172,0.745113,0.800016,0.789313,0.759283,0.765364,0.817472,0.777227,0.781875,0.785344,0.799268,0.768340,0.806868,0.789774,0.770256,#
1,0.776112,1.000000,0.765980,0.768871,0.748624,0.795863,0.747783,0.785468,0.812219,0.762169,0.769479,0.785703,0.739075,0.750728,0.749304,0.763245,0.756008,0.767439,0.753884,0.762297,0.768429,0.793566,0.768236,0.764224,0.756987,0.711419,0.772074,0.795834,0.707869,0.736144,0.788496,0.784731,0.745408,0.788189,0.724010,0.788293,0.727847,0.773970,0.793048,0.785173,0.767553,0.713374,0.784922,0.750750,0.756615,0.750246,0.797589,0.764341,0.791538,0.749833,0.755911,0.785313,0.792970,0.756257,0.798615,0.784429,0.746220,0.772241,0.760044,0.730316,0.751433,0.748836,0.757161,0.736443,0.767659,0.797804,0.792689,0.783771,0.779186,0.778881,0.761692,0.760421,0.823643,0.743810,0.766414,0.749131,0.757194,0.743124,0.787263,0.733249,0.781661,0.779015,0.769948,0.782151,0.807525,0.769123,0.774831,0.795478,0.767039,0.741096,0.719923,0.762153,0.765155,0.778393,0.769629,0.757508,0.743870,0.748944,0.765796,0.762873,0.785708,0.765904,0.754956,0.748646,0.715997,0.792461,0.753307,0.790829,0.776869,0.730385,0.759535,0.758701,0.734267,0.770421,0.745815,0.786409,0.760120,0.743112,0.743711,0.713127,0.733405,0.771331,0.759524,0.780657,0.753502,0.738386,0.757386,0.759409,0.773305,0.792841,0.737072,0.801203,0.745910,0.765627,0.798344,0.755416,0.779464,0.781808,0.765191,0.767310,0.777816,0.764323,0.770288,0.793224,0.769524,0.711688,0.733644,0.716623,0.789884,0.719498,0.806436,0.808617,0.748464,0.672707,0.794645,0.764941,0.755915,0.786175,0.725737,0.703242,0.741409,0.796068,0.785385,0.808245,0.757515,0.711308,0.771605,0.712781,0.733081,0.765388,0.779491,0.757451,0.762560,0.767751,0.759190,0.762265,0.776450,0.806277,0.742735,0.764325,0.754991,0.743094,0.752224,0.767933,0.764695,0.782335,0.742628,0.687682,0.793021,0.784627,0.775551,0.778872,0.742301,0.756353,0.766832,0.708124,0.729701,0.810528,0.733472,0.786953,#
2,0.790181,0.765980,1.000000,0.762788,0.764284,0.784028,0.761052,0.784253,0.787948,0.749875,0.778727,0.769109,0.724588,0.787687,0.754065,0.761326,0.750163,0.783614,0.757531,0.780527,0.770668,0.762943,0.740231,0.800807,0.732444,0.755901,0.805186,0.786617,0.768776,0.775319,0.773726,0.771624,0.765544,0.745705,0.754014,0.774215,0.765151,0.773927,0.807656,0.742521,0.767304,0.744817,0.794566,0.741680,0.750972,0.754704,0.806318,0.758235,0.746236,0.775597,0.758528,0.806127,0.795860,0.765353,0.814247,0.788223,0.776786,0.757162,0.776613,0.766267,0.827777,0.765972,0.754925,0.791200,0.796728,0.781537,0.776610,0.764663,0.775963,0.755561,0.780665,0.765585,0.794221,0.783832,0.805881,0.766118,0.760912,0.746716,0.759487,0.772642,0.804627,0.781532,0.798085,0.732406,0.826883,0.790972,0.772876,0.810668,0.735527,0.737823,0.746115,0.802971,0.797298,0.785312,0.773146,0.784869,0.759499,0.738914,0.810047,0.775784,0.777104,0.770364,0.759377,0.775080,0.709774,0.809061,0.794306,0.794519,0.770507,0.727040,0.788862,0.753599,0.796475,0.766707,0.741065,0.770639,0.759915,0.763925,0.734117,0.738323,0.735004,0.742329,0.741560,0.804816,0.782604,0.718605,0.779192,0.749885,0.754039,0.791354,0.768614,0.802903,0.800987,0.792670,0.798249,0.757547,0.774522,0.790281,0.785142,0.759471,0.758422,0.788291,0.703308,0.738531,0.767430,0.747085,0.712576,0.724431,0.757897,0.748157,0.790458,0.795791,0.780100,0.759351,0.774740,0.768145,0.779357,0.720851,0.772879,0.718450,0.714979,0.744281,0.783656,0.780413,0.728564,0.766354,0.792797,0.707431,0.759977,0.755045,0.778558,0.782730,0.787066,0.764455,0.781416,0.749131,0.750155,0.805419,0.726679,0.729158,0.748664,0.803503,0.716975,0.802190,0.751514,0.772532,0.737826,0.732305,0.778307,0.769074,0.770228,0.777894,0.825683,0.775498,0.763432,0.771917,0.719639,0.793965,0.757121,0.789375,#
3,0.778374,0.768871,0.762788,1.000000,0.771697,0.781308,0.756442,0.774238,0.829790,0.781576,0.765575,0.776438,0.756421,0.774441,0.763247,0.794859,0.782998,0.797738,0.822784,0.772273,0.777509,0.785068,0.774606,0.790520,0.780724,0.773855,0.798970,0.780222,0.754032,0.778362,0.778541,0.805259,0.791582,0.808263,0.739325,0.794182,0.738791,0.812248,0.756984,0.796132,0.768502,0.759565,0.805229,0.786419,0.770113,0.803368,0.771736,0.773933,0.776732,0.753623,0.790554,0.759115,0.791231,0.733939,0.773017,0.813581,0.763543,0.780796,0.807163,0.763890,0.766454,0.759258,0.763435,0.781146,0.832132,0.750936,0.757981,0.756588,0.721870,0.783160,0.755341,0.776491,0.807292,0.757976,0.754443,0.738201,0.756704,0.756338,0.756265,0.770499,0.812852,0.762743,0.803013,0.743645,0.806954,0.788181,0.792775,0.769118,0.755062,0.765755,0.768777,0.789519,0.789793,0.794633,0.782004,0.783135,0.737371,0.737256,0.786480,0.750513,0.756507,0.759656,0.758294,0.736089,0.778727,0.769411,0.774235,0.795015,0.756569,0.735340,0.776180,0.738638,0.748585,0.784418,0.754591,0.791152,0.733213,0.754797,0.747563,0.720546,0.724029,0.771731,0.776618,0.771579,0.762505,0.760541,0.791110,0.785479,0.746428,0.768418,0.769895,0.798284,0.752688,0.788074,0.795301,0.810421,0.793443,0.766179,0.736664,0.771261,0.729542,0.800389,0.781554,0.721645,0.749118,0.785350,0.747188,0.783745,0.765718,0.752729,0.771168,0.777200,0.739990,0.744087,0.789971,0.751560,0.787594,0.761151,0.785468,0.724188,0.749070,0.775549,0.762175,0.775816,0.734804,0.748172,0.788957,0.731905,0.783824,0.755276,0.769670,0.774953,0.772571,0.794598,0.750159,0.794804,0.799362,0.803642,0.761284,0.774197,0.721963,0.802429,0.727005,0.755537,0.746265,0.750610,0.749101,0.726526,0.791617,0.806196,0.774098,0.767837,0.765344,0.774459,0.776417,0.768379,0.750341,0.776408,0.735156,0.766070,#
4,0.747815,0.748624,0.764284,0.771697,1.000000,0.814965,0.754682,0.769486,0.759696,0.763987,0.734821,0.781613,0.723908,0.791231,0.747867,0.770924,0.773899,0.811449,0.766787,0.827026,0.804068,0.753383,0.740419,0.802090,0.734849,0.747197,0.779982,0.746021,0.764510,0.755263,0.800551,0.781743,0.799901,0.754677,0.726884,0.772954,0.774178,0.768567,0.774504,0.789330,0.774937,0.745233,0.765728,0.757665,0.763696,0.800732,0.798064,0.780292,0.781962,0.763970,0.765346,0.764741,0.790521,0.732365,0.811696,0.815948,0.755591,0.774365,0.792390,0.778684,0.734096,0.775192,0.759957,0.761554,0.798385,0.767081,0.762683,0.765564,0.747125,0.757850,0.773417,0.804746,0.798907,0.774943,0.767605,0.718698,0.757736,0.777590,0.777700,0.772922,0.774507,0.768997,0.794334,0.729770,0.810195,0.764424,0.758138,0.749985,0.758984,0.761881,0.749304,0.748742,0.765918,0.774790,0.760057,0.766101,0.750847,0.732237,0.731629,0.748219,0.789282,0.782767,0.784220,0.758378,0.748627,0.790381,0.756735,0.774026,0.781922,0.760489,0.750031,0.768828,0.781655,0.819786,0.737825,0.745156,0.773926,0.787359,0.723059,0.713026,0.710601,0.762297,0.791747,0.770156,0.774145,0.753246,0.749611,0.765342,0.802863,0.781261,0.816650,0.770371,0.773208,0.787422,0.819588,0.791340,0.751419,0.777097,0.764103,0.727906,0.728839,0.784339,0.786132,0.747418,0.760122,0.745502,0.765981,0.740101,0.749615,0.774855,0.777666,0.835967,0.763958,0.755026,0.827833,0.759802,0.809312,0.731954,0.764101,0.717063,0.747228,0.758054,0.798044,0.743959,0.714137,0.733754,0.741536,0.708971,0.780191,0.755626,0.744859,0.780532,0.810434,0.769513,0.795544,0.782021,0.792018,0.804331,0.747331,0.759980,0.756820,0.761175,0.767414,0.757294,0.789134,0.786403,0.695545,0.780401,0.766800,0.780064,0.730240,0.743972,0.742996,0.775640,0.765161,0.753139,0.759708,0.767737,0.782185,0.773491,#
5,0.807208,0.795863,0.784028,0.781308,0.814965,1.000000,0.741502,0.805263,0.805186,0.758668,0.765307,0.780024,0.741104,0.757334,0.764949,0.810606,0.777107,0.812839,0.750856,0.814276,0.788039,0.764230,0.781521,0.792417,0.762963,0.770491,0.831424,0.817103,0.771842,0.763843,0.824469,0.806479,0.808737,0.786921,0.731759,0.817555,0.773204,0.779477,0.787681,0.780225,0.822134,0.744894,0.773878,0.787855,0.802616,0.797614,0.819935,0.799860,0.814526,0.743588,0.788625,0.786902,0.790812,0.778688,0.780505,0.856380,0.789491,0.790157,0.847472,0.796284,0.755606,0.793411,0.789239,0.824876,0.809664,0.786911,0.762058,0.790369,0.787965,0.753044,0.787634,0.778595,0.835827,0.777355,0.766917,0.764645,0.806992,0.790044,0.785851,0.777229,0.829326,0.784206,0.810844,0.773070,0.784097,0.796832,0.802265,0.807720,0.786197,0.737635,0.733965,0.794027,0.821397,0.833276,0.762931,0.769374,0.765778,0.770425,0.818219,0.785233,0.805716,0.793184,0.815686,0.789193,0.764770,0.813902,0.779990,0.813377,0.763517,0.782980,0.770211,0.820844,0.768284,0.768707,0.746496,0.763130,0.798549,0.778362,0.726465,0.776170,0.714202,0.794672,0.798797,0.831547,0.748564,0.758037,0.810067,0.754574,0.760437,0.792872,0.831067,0.826143,0.820443,0.821956,0.809960,0.775333,0.808397,0.796490,0.771599,0.765550,0.754326,0.767516,0.781562,0.798060,0.838075,0.739443,0.741615,0.755378,0.797204,0.783161,0.809979,0.820136,0.768694,0.736070,0.776741,0.768874,0.817461,0.784131,0.792111,0.749883,0.777499,0.796422,0.807363,0.789613,0.774877,0.755464,0.745739,0.786673,0.791735,0.780516,0.843372,0.808293,0.795303,0.785707,0.780020,0.770418,0.780032,0.812010,0.794190,0.797122,0.811188,0.789716,0.777233,0.775724,0.791972,0.789455,0.758149,0.778099,0.781314,0.787713,0.755387,0.806325,0.774303,0.771274,0.747212,0.753772,0.748794,0.801550,0.792428,0.786695,#
6,0.774706,0.747783,0.761052,0.756442,0.754682,0.741502,1.000000,0.751699,0.790163,0.728519,0.744837,0.760568,0.747117,0.791432,0.703559,0.758733,0.780443,0.796237,0.753841,0.733445,0.802047,0.741879,0.697397,0.769508,0.751558,0.758611,0.753467,0.758478,0.720427,0.787771,0.761292,0.762364,0.756352,0.754316,0.743944,0.776724,0.725705,0.744015,0.744362,0.761693,0.756327,0.745075,0.783869,0.754468,0.799022,0.711507,0.776000,0.738668,0.804129,0.766244,0.763685,0.774633,0.782493,0.706452,0.792676,0.780648,0.767010,0.789912,0.796454,0.719620,0.785536,0.735791,0.759311,0.739381,0.813075,0.766439,0.794516,0.750942,0.753586,0.728860,0.758903,0.765849,0.776123,0.799154,0.740085,0.730875,0.763949,0.745294,0.774773,0.730195,0.793986,0.757230,0.757889,0.751054,0.752086,0.762380,0.761800,0.755440,0.758922,0.752005,0.717685,0.749428,0.729294,0.757947,0.741162,0.728660,0.774498,0.743761,0.762253,0.769564,0.760368,0.765824,0.788102,0.751982,0.712390,0.726521,0.781551,0.757759,0.756350,0.711987,0.726127,0.751357,0.712758,0.732026,0.720206,0.739204,0.772824,0.739654,0.723115,0.710163,0.734981,0.754332,0.753332,0.807723,0.774081,0.768295,0.729677,0.751548,0.693028,0.737005,0.761902,0.774685,0.742324,0.720074,0.764272,0.772729,0.763790,0.754423,0.785047,0.773143,0.755761,0.772541,0.724325,0.730136,0.730957,0.747741,0.738839,0.719543,0.747239,0.709203,0.776751,0.790764,0.712567,0.675280,0.754648,0.735406,0.772391,0.728721,0.754763,0.714557,0.736634,0.769808,0.755488,0.764865,0.754654,0.756573,0.776360,0.682170,0.740746,0.738700,0.773555,0.757069,0.722946,0.713307,0.766811,0.771782,0.745927,0.778502,0.756015,0.733782,0.753760,0.729997,0.762753,0.766274,0.740977,0.757201,0.700107,0.750258,0.734685,0.761895,0.735223,0.761408,0.724839,0.773555,0.759103,0.759695,0.758429,0.784044,0.751898,0.757903,#
7,0.785588,0.785468,0.784253,0.774238,0.769486,0.805263,0.751699,1.000000,0.852149,0.763009,0.778654,0.782183,0.757091,0.793133,0.790072,0.753732,0.786041,0.798652,0.773976,0.777285,0.785073,0.750746,0.809393,0.795801,0.776008,0.806027,0.790342,0.802986,0.769160,0.788851,0.749188,0.799113,0.770514,0.779205,0.731371,0.784813,0.777786,0.762653,0.797103,0.785063,0.784422,0.747207,0.794747,0.787634,0.784540,0.771721,0.800845,0.810406,0.787565,0.760786,0.815586,0.784626,0.799272,0.808782,0.791136,0.793730,0.762121,0.806052,0.786883,0.789077,0.747383,0.778844,0.787997,0.780212,0.808060,0.799950,0.798200,0.790842,0.797958,0.794355,0.782751,0.720031,0.838092,0.787872,0.801441,0.753639,0.784115,0.769113,0.786611,0.775442,0.819966,0.789435,0.799289,0.760955,0.802087,0.785925,0.818268,0.795024,0.764230,0.760859,0.747494,0.809027,0.787154,0.792502,0.800501,0.739377,0.780285,0.785616,0.793240,0.781219,0.794631,0.768697,0.794513,0.776972,0.751310,0.795396,0.758039,0.801729,0.765455,0.745094,0.815012,0.755798,0.791026,0.797443,0.768178,0.785063,0.765812,0.744343,0.722346,0.789492,0.755145,0.781420,0.767607,0.835504,0.822132,0.778177,0.788195,0.793510,0.731778,0.758375,0.782105,0.782133,0.812907,0.758492,0.822296,0.816563,0.776837,0.792875,0.763644,0.790170,0.761824,0.779125,0.788660,0.753882,0.794132,0.755504,0.768684,0.717652,0.804572,0.779739,0.772779,0.800493,0.791716,0.741795,0.772636,0.804390,0.801067,0.788764,0.801937,0.762330,0.778875,0.757490,0.828414,0.755143,0.745978,0.763658,0.800073,0.735431,0.763114,0.747632,0.824673,0.810116,0.785830,0.792748,0.783443,0.754734,0.771321,0.801037,0.763956,0.784493,0.788223,0.787267,0.759368,0.774375,0.765538,0.815054,0.734473,0.732709,0.785494,0.816746,0.795963,0.784796,0.761144,0.753239,0.777736,0.769496,0.749493,0.822900,0.782690,0.776726,#
8,0.790992,0.812219,0.787948,0.829790,0.759696,0.805186,0.790163,0.852149,1.000000,0.802405,0.761157,0.786450,0.776245,0.794318,0.778696,0.816178,0.778711,0.821254,0.776900,0.800377,0.778069,0.813115,0.802421,0.780163,0.750151,0.795887,0.794255,0.819674,0.760382,0.814716,0.772699,0.800536,0.774045,0.801016,0.745628,0.809330,0.774229,0.798643,0.783767,0.789603,0.771203,0.782817,0.832605,0.775638,0.791241,0.762992,0.777457,0.801029,0.807603,0.786846,0.814136,0.810092,0.767830,0.807058,0.798502,0.841581,0.781484,0.798820,0.795463,0.783950,0.802433,0.785467,0.826882,0.784350,0.817782,0.825625,0.800988,0.798617,0.803446,0.790401,0.780383,0.783429,0.837714,0.807444,0.794950,0.762118,0.786343,0.777163,0.777058,0.789058,0.821721,0.796917,0.794042,0.771771,0.808634,0.791363,0.785404,0.808207,0.738476,0.772210,0.759885,0.799450,0.791548,0.793707,0.812652,0.780788,0.788769,0.768672,0.818078,0.775901,0.797716,0.770398,0.799807,0.810152,0.759614,0.793900,0.794455,0.820422,0.767026,0.776585,0.784650,0.774132,0.789516,0.776262,0.787155,0.813585,0.764022,0.745155,0.764477,0.791445,0.742738,0.775102,0.783027,0.815798,0.785579,0.788403,0.771771,0.786110,0.756258,0.789402,0.759790,0.782236,0.809038,0.799353,0.843200,0.792066,0.779044,0.791712,0.746791,0.783508,0.763187,0.800355,0.815407,0.783183,0.784487,0.751693,0.778815,0.742912,0.818520,0.774900,0.784626,0.794919,0.767925,0.794750,0.803081,0.806702,0.807124,0.813314,0.807063,0.777468,0.763187,0.778468,0.832367,0.798377,0.776592,0.752762,0.784313,0.740590,0.796149,0.789107,0.811868,0.797917,0.779176,0.769046,0.803344,0.780817,0.777441,0.833440,0.766921,0.754895,0.774629,0.803207,0.749927,0.812503,0.778027,0.795162,0.768649,0.757484,0.797025,0.810010,0.793026,0.800352,0.795061,0.781831,0.785511,0.775180,0.762266,0.806436,0.791571,0.807305,#
9,0.750133,0.762169,0.749875,0.781576,0.763987,0.758668,0.728519,0.763009,0.802405,1.000000,0.752056,0.735780,0.751814,0.771538,0.791345,0.778051,0.768019,0.782168,0.776345,0.771845,0.805596,0.745733,0.758245,0.800947,0.726799,0.729490,0.763505,0.807216,0.714035,0.797737,0.748245,0.751004,0.751479,0.778746,0.752512,0.782539,0.735080,0.759201,0.777131,0.751940,0.787025,0.740596,0.766814,0.732822,0.790608,0.748794,0.758309,0.763787,0.742741,0.735658,0.745267,0.745407,0.745849,0.738707,0.762584,0.801251,0.743459,0.801522,0.774123,0.743320,0.757566,0.750059,0.782661,0.770264,0.774139,0.809112,0.778405,0.775268,0.778047,0.723168,0.772894,0.754127,0.776520,0.751890,0.756561,0.736778,0.733035,0.773536,0.766917,0.800091,0.785359,0.779529,0.748158,0.762302,0.799813,0.746881,0.748511,0.806325,0.728682,0.676394,0.718265,0.778041,0.786466,0.754880,0.786373,0.749129,0.754052,0.778675,0.779891,0.719057,0.766214,0.749210,0.806144,0.763212,0.774955,0.769153,0.762933,0.764615,0.777654,0.763656,0.793455,0.772881,0.793205,0.787381,0.715987,0.781300,0.692729,0.720262,0.704407,0.731758,0.715721,0.779225,0.779279,0.781376,0.763593,0.730298,0.759817,0.739252,0.772974,0.752355,0.743750,0.774185,0.774412,0.788382,0.788767,0.733461,0.753685,0.773543,0.733297,0.757889,0.713397,0.792092,0.785927,0.768462,0.751979,0.758018,0.744657,0.742715,0.745522,0.741271,0.740857,0.762420,0.745676,0.758761,0.791447,0.761779,0.763834,0.771336,0.754543,0.738605,0.755738,0.773653,0.780970,0.785879,0.768956,0.741076,0.735391,0.705317,0.787156,0.739705,0.807191,0.781549,0.758269,0.745410,0.776906,0.811064,0.751183,0.802966,0.747824,0.770430,0.758972,0.734021,0.750637,0.750761,0.751052,0.785693,0.690665,0.716745,0.824077,0.751099,0.766686,0.770416,0.748480,0.738080,0.742642,0.728825,0.744713,0.767954,0.735389,0.735045,#
10,0.769170,0.769479,0.778727,0.765575,0.734821,0.765307,0.744837,0.778654,0.761157,0.752056,1.000000,0.747178,0.703754,0.753126,0.715978,0.765897,0.772956,0.759175,0.771531,0.768546,0.764405,0.718467,0.747601,0.796919,0.708453,0.730220,0.757414,0.806370,0.714715,0.787871,0.742701,0.758033,0.768126,0.768429,0.757942,0.791037,0.745531,0.756709,0.773337,0.750557,0.780987,0.724396,0.765747,0.715296,0.766457,0.772843,0.803579,0.777105,0.781684,0.815912,0.753403,0.778824,0.769607,0.712940,0.766849,0.791561,0.757270,0.769133,0.753684,0.759620,0.766640,0.766469,0.801684,0.792291,0.803705,0.728173,0.791537,0.731018,0.764383,0.740165,0.763434,0.775411,0.809728,0.716433,0.754043,0.781367,0.749038,0.789091,0.754210,0.729532,0.829475,0.764913,0.764110,0.740331,0.787232,0.747805,0.781255,0.777142,0.741842,0.781071,0.714517,0.801206,0.792292,0.763478,0.752286,0.780829,0.728677,0.757690,0.795020,0.774037,0.748210,0.741970,0.773978,0.774890,0.800554,0.744457,0.755008,0.770091,0.737785,0.729070,0.750104,0.743373,0.777294,0.779150,0.731972,0.798481,0.727551,0.729440,0.735725,0.734102,0.736920,0.778880,0.711020,0.779978,0.729098,0.729691,0.785561,0.761903,0.759304,0.753693,0.734316,0.760356,0.744394,0.747987,0.795333,0.790203,0.740689,0.770569,0.742091,0.787127,0.789537,0.748593,0.715930,0.747253,0.728495,0.704611,0.719860,0.711837,0.769015,0.736184,0.756555,0.779943,0.760468,0.707483,0.774828,0.741683,0.807852,0.771550,0.755389,0.705464,0.777048,0.739434,0.775913,0.782034,0.753116,0.715614,0.787669,0.702436,0.780134,0.788955,0.769009,0.773889,0.715943,0.751230,0.776272,0.741738,0.744860,0.810284,0.718470,0.767617,0.723323,0.742877,0.774828,0.751397,0.735917,0.761771,0.705636,0.717484,0.730860,0.784554,0.775758,0.744102,0.756309,0.755683,0.767114,0.755584,0.725150,0.794727,0.747561,0.791552,#
11,0.797735,0.785703,0.769109,0.776438,0.781613,0.780024,0.760568,0.782183,0.786450,0.735780,0.747178,1.000000,0.766760,0.782512,0.754191,0.757456,0.781718,0.808779,0.793480,0.748856,0.770633,0.772843,0.767933,0.778625,0.750697,0.767094,0.755857,0.788321,0.757873,0.763753,0.774793,0.791842,0.784914,0.780663,0.744854,0.788085,0.799333,0.780357,0.761173,0.798515,0.778243,0.750755,0.792456,0.758870,0.775912,0.764116,0.821655,0.791615,0.770832,0.782619,0.765990,0.775739,0.790479,0.774706,0.798276,0.797028,0.715899,0.815018,0.777033,0.751468,0.755983,0.733970,0.810461,0.755845,0.797254,0.794490,0.787404,0.785317,0.800437,0.787072,0.789079,0.754796,0.810070,0.774604,0.777814,0.722270,0.806643,0.778659,0.755555,0.726129,0.799200,0.781692,0.796708,0.745048,0.805358,0.773544,0.752374,0.766399,0.742763,0.725035,0.744861,0.808188,0.783574,0.773587,0.773545,0.787856,0.756448,0.749172,0.789440,0.776666,0.763233,0.793818,0.797776,0.778002,0.774678,0.791662,0.771092,0.819873,0.793784,0.770229,0.808002,0.779907,0.784033,0.777861,0.700915,0.800450,0.761595,0.760053,0.727148,0.779342,0.706144,0.778601,0.782348,0.800803,0.782833,0.757388,0.782432,0.759000,0.773041,0.774086,0.781151,0.779097,0.797626,0.788441,0.794480,0.755338,0.774886,0.785112,0.761537,0.775902,0.759550,0.747343,0.752030,0.790563,0.796097,0.728557,0.779937,0.746301,0.770721,0.764963,0.776147,0.786021,0.748951,0.743226,0.802874,0.776108,0.806750,0.752624,0.782538,0.721112,0.762330,0.801796,0.799429,0.770250,0.787611,0.709225,0.798459,0.720764,0.773566,0.814839,0.787331,0.773069,0.784091,0.785831,0.771628,0.771199,0.768491,0.797004,0.748267,0.790296,0.772636,0.755744,0.790242,0.738641,0.785444,0.749121,0.711648,0.779772,0.775430,0.797708,0.779072,0.774199,0.785555,0.791100,0.774952,0.764467,0.768789,0.790089,0.754254,0.762266,#
12,0.748895,0.739075,0.724588,0.756421,0.723908,0.741104,0.747117,0.757091,0.776245,0.751814,0.703754,0.766760,1.000000,0.769186,0.767826,0.743081,0.774498,0.801783,0.789867,0.762396,0.767233,0.732575,0.758549,0.781183,0.723173,0.749735,0.748483,0.781356,0.753829,0.726635,0.720191,0.769475,0.761528,0.768600,0.742197,0.786514,0.751510,0.761013,0.752101,0.767172,0.712375,0.696589,0.755477,0.775994,0.768714,0.756786,0.783852,0.726278,0.757304,0.733545,0.798025,0.725482,0.737224,0.743417,0.799637,0.774555,0.720303,0.771624,0.737803,0.706482,0.724066,0.770008,0.739334,0.768287,0.812155,0.775137,0.748654,0.733227,0.783173,0.745241,0.752182,0.733870,0.797385,0.750116,0.783730,0.744695,0.765077,0.719080,0.746547,0.747842,0.784052,0.745677,0.754721,0.758304,0.728930,0.762528,0.738110,0.770315,0.747679,0.705162,0.718415,0.740305,0.760062,0.720064,0.738434,0.778763,0.808858,0.763474,0.752795,0.721291,0.717973,0.766755,0.774355,0.783778,0.711139,0.746749,0.727724,0.740402,0.751214,0.736678,0.774092,0.742273,0.746770,0.728091,0.776929,0.752021,0.737217,0.698813,0.741195,0.726894,0.713266,0.758100,0.762713,0.798845,0.772869,0.726016,0.754705,0.697347,0.705031,0.735609,0.728556,0.738656,0.724349,0.753772,0.766185,0.735985,0.759514,0.765096,0.751714,0.728493,0.759347,0.776334,0.745768,0.747900,0.733177,0.723631,0.732819,0.715707,0.756529,0.783021,0.744113,0.777485,0.750100,0.682071,0.740123,0.814756,0.779018,0.762306,0.772073,0.728302,0.746485,0.790808,0.786675,0.758738,0.793824,0.676964,0.762692,0.755737,0.717928,0.729212,0.776977,0.776452,0.748866,0.760402,0.737586,0.736364,0.792305,0.801664,0.737392,0.708708,0.743629,0.759463,0.752895,0.733924,0.696475,0.737708,0.705341,0.775730,0.759153,0.728669,0.736693,0.742669,0.745483,0.757606,0.724617,0.761063,0.734074,0.772673,0.772634,0.700423,#
13,0.773320,0.750728,0.787687,0.774441,0.791231,0.757334,0.791432,0.793133,0.794318,0.771538,0.753126,0.782512,0.769186,1.000000,0.767144,0.762596,0.768208,0.824266,0.794271,0.779507,0.802887,0.757745,0.784126,0.793368,0.743956,0.773857,0.759548,0.814001,0.777522,0.805665,0.740297,0.782748,0.801944,0.779510,0.723952,0.771002,0.766492,0.799144,0.769194,0.797082,0.823662,0.770681,0.798267,0.761665,0.825689,0.789495,0.790474,0.782547,0.814866,0.772822,0.789044,0.812828,0.777056,0.781153,0.810801,0.826208,0.770062,0.819731,0.797604,0.777187,0.785177,0.781506,0.780654,0.800901,0.823122,0.795952,0.803825,0.775154,0.807923,0.764514,0.766407,0.767775,0.780813,0.806954,0.802822,0.776870,0.781131,0.785782,0.810367,0.802712,0.812883,0.795726,0.810579,0.785489,0.786819,0.799839,0.760936,0.761184,0.794128,0.764795,0.736324,0.798537,0.796305,0.793511,0.801453,0.752501,0.773205,0.765425,0.784389,0.808821,0.788302,0.792518,0.804139,0.824887,0.761918,0.819028,0.774165,0.802562,0.785434,0.762453,0.791179,0.791035,0.809685,0.806380,0.782273,0.815159,0.744330,0.798897,0.772637,0.791125,0.771976,0.792826,0.767388,0.778677,0.783568,0.752413,0.784771,0.744803,0.760167,0.767961,0.762068,0.789243,0.777746,0.781334,0.829483,0.771195,0.778044,0.792560,0.808626,0.772927,0.737500,0.818217,0.814244,0.774824,0.738793,0.766180,0.782436,0.742558,0.793059,0.763805,0.779136,0.819759,0.762051,0.766218,0.782863,0.792232,0.809456,0.768870,0.811963,0.761238,0.786591,0.802360,0.785795,0.803843,0.777118,0.758336,0.793973,0.737663,0.797378,0.764993,0.797930,0.813297,0.806170,0.784730,0.824953,0.782240,0.788459,0.838038,0.788791,0.763346,0.761245,0.797379,0.784764,0.774091,0.807579,0.814477,0.744237,0.774658,0.743649,0.782492,0.784349,0.780016,0.792461,0.814966,0.798928,0.758489,0.785927,0.786577,0.791618,0.752546,#
14,0.779513,0.749304,0.754065,0.763247,0.747867,0.764949,0.703559,0.790072,0.778696,0.791345,0.715978,0.754191,0.767826,0.767144,1.000000,0.779169,0.760504,0.761676,0.761936,0.774285,0.773909,0.721195,0.749679,0.802112,0.732416,0.690950,0.772639,0.770036,0.751563,0.754614,0.759677,0.772685,0.754170,0.751816,0.748383,0.766020,0.718242,0.763721,0.764282,0.744471,0.733430,0.712883,0.780630,0.755252,0.769334,0.755698,0.761864,0.728432,0.718695,0.746905,0.745775,0.736770,0.739791,0.796420,0.777119,0.772063,0.742601,0.772786,0.775969,0.712354,0.750227,0.790657,0.762550,0.768180,0.759434,0.725515,0.757990,0.759968,0.754322,0.772155,0.737099,0.717965,0.782235,0.739219,0.789589,0.731702,0.782841,0.764149,0.749081,0.719297,0.787999,0.782180,0.772266,0.785869,0.771430,0.772103,0.741469,0.773772,0.745540,0.678314,0.685591,0.738171,0.784843,0.790806,0.788932,0.768232,0.809343,0.753115,0.768543,0.711678,0.767174,0.771264,0.796372,0.748694,0.762815,0.763821,0.731125,0.744625,0.738637,0.719674,0.777947,0.739557,0.774662,0.767259,0.724767,0.765301,0.730122,0.691649,0.717572,0.725439,0.741536,0.776728,0.738229,0.770629,0.791611,0.709320,0.749795,0.781713,0.706284,0.762344,0.736367,0.752119,0.742519,0.756510,0.786602,0.751992,0.740390,0.769190,0.740465,0.741762,0.734426,0.769718,0.738287,0.761326,0.716858,0.776167,0.754396,0.716765,0.753539,0.705525,0.766520,0.765135,0.720774,0.728489,0.791708,0.769277,0.772231,0.744648,0.728755,0.736536,0.752329,0.742989,0.780203,0.743644,0.727192,0.713002,0.748696,0.705690,0.730672,0.781677,0.758511,0.749175,0.768908,0.776134,0.755289,0.769295,0.774619,0.794614,0.741893,0.709657,0.751893,0.788060,0.745787,0.735920,0.755385,0.745112,0.720688,0.697698,0.738693,0.743630,0.712092,0.738923,0.770630,0.764369,0.743746,0.737123,0.737856,0.741040,0.743836,0.698051,#
15,0.795867,0.763245,0.761326,0.794859,0.770924,0.810606,0.758733,0.753732,0.816178,0.778051,0.765897,0.757456,0.743081,0.762596,0.779169,1.000000,0.791947,0.796308,0.770668,0.783324,0.758278,0.765705,0.768691,0.796288,0.757413,0.758959,0.763384,0.770541,0.737878,0.801352,0.770095,0.806410,0.763656,0.798153,0.737924,0.831940,0.782549,0.768739,0.789244,0.748992,0.752704,0.724729,0.773667,0.752283,0.810159,0.760819,0.776595,0.817651,0.791699,0.787470,0.744706,0.801143,0.766379,0.746822,0.786305,0.791658,0.767327,0.775379,0.780061,0.740524,0.785122,0.759998,0.783617,0.813622,0.784246,0.792320,0.761588,0.771120,0.757194,0.715876,0.784816,0.754212,0.772942,0.758073,0.773262,0.725303,0.776605,0.770635,0.776057,0.745338,0.823277,0.777624,0.741004,0.777676,0.815836,0.796482,0.744812,0.802266,0.738384,0.725275,0.718824,0.747568,0.769375,0.770376,0.749658,0.754083,0.772109,0.749331,0.756322,0.750498,0.804981,0.754717,0.804201,0.796419,0.756388,0.769830,0.780565,0.804528,0.736786,0.774963,0.727147,0.748811,0.764692,0.770898,0.717240,0.756521,0.740271,0.753342,0.742867,0.736731,0.731381,0.753620,0.775679,0.795086,0.758806,0.764455,0.789807,0.766257,0.757464,0.801226,0.730920,0.751988,0.752156,0.747522,0.797735,0.761516,0.751576,0.746601,0.753610,0.756880,0.732040,0.763116,0.765543,0.753350,0.760430,0.742755,0.734565,0.742898,0.767645,0.745890,0.781047,0.776068,0.778371,0.755773,0.776174,0.761486,0.823513,0.757844,0.768849,0.745165,0.748212,0.785289,0.814487,0.744113,0.774468,0.751951,0.773009,0.750003,0.810444,0.729377,0.758542,0.807725,0.726057,0.780638,0.763376,0.810494,0.778028,0.797814,0.759969,0.755687,0.762033,0.761849,0.734875,0.801703,0.757797,0.753061,0.680788,0.745811,0.736372,0.778098,0.730122,0.779455,0.776788,0.760399,0.751268,0.755189,0.775596,0.790744,0.776763,0.769964,#
16,0.826341,0.756008,0.750163,0.782998,0.773899,0.777107,0.780443,0.786041,0.778711,0.768019,0.772956,0.781718,0.774498,0.768208,0.760504,0.791947,1.000000,0.798966,0.786414,0.791731,0.829289,0.769406,0.732309,0.804193,0.744915,0.786911,0.791103,0.733701,0.744770,0.786937,0.767976,0.813734,0.796739,0.789011,0.767269,0.800913,0.794790,0.778845,0.788527,0.782127,0.767877,0.750729,0.785022,0.775371,0.772761,0.787310,0.763697,0.790378,0.783691,0.794190,0.755908,0.777411,0.801867,0.804697,0.798364,0.807368,0.711749,0.798476,0.787273,0.731076,0.776496,0.791408,0.785997,0.778818,0.803763,0.768623,0.779401,0.791246,0.803653,0.796166,0.759903,0.765555,0.815956,0.772991,0.780977,0.750264,0.767508,0.790023,0.769578,0.798333,0.828369,0.785107,0.777504,0.804717,0.807043,0.796035,0.798654,0.780904,0.784196,0.768276,0.727405,0.778846,0.807899,0.771348,0.800035,0.799143,0.793348,0.736518,0.807044,0.778315,0.759202,0.761705,0.788164,0.790874,0.742086,0.822303,0.810642,0.793113,0.799338,0.754286,0.793717,0.782338,0.786370,0.794568,0.779130,0.800129,0.794010,0.773909,0.745323,0.721433,0.759149,0.799776,0.785359,0.822884,0.813301,0.764655,0.769792,0.738212,0.750005,0.776467,0.789384,0.769991,0.798994,0.728807,0.834194,0.819287,0.766712,0.764199,0.758195,0.785154,0.753998,0.777754,0.786502,0.773251,0.755109,0.724595,0.764612,0.755956,0.781215,0.791134,0.745335,0.819954,0.728477,0.736198,0.815152,0.793972,0.796097,0.775787,0.774300,0.769969,0.757290,0.780461,0.811209,0.774945,0.772943,0.763599,0.792359,0.759206,0.790149,0.745082,0.782711,0.799819,0.764511,0.766329,0.782286,0.781334,0.753870,0.818903,0.772880,0.745517,0.745980,0.761758,0.775365,0.741333,0.775090,0.801581,0.760486,0.784298,0.776745,0.771330,0.802457,0.760653,0.779219,0.767092,0.760049,0.790838,0.780563,0.785232,0.768699,0.764270,#
17,0.825007,0.767439,0.783614,0.797738,0.811449,0.812839,0.796237,0.798652,0.821254,0.782168,0.759175,0.808779,0.801783,0.824266,0.761676,0.796308,0.798966,1.000000,0.780380,0.810468,0.816470,0.769697,0.771101,0.839535,0.787356,0.780090,0.810194,0.789886,0.757845,0.796454,0.803503,0.806824,0.787411,0.767727,0.769002,0.828804,0.763074,0.808695,0.808953,0.814525,0.816124,0.797539,0.816923,0.784465,0.797208,0.783492,0.803406,0.838621,0.820074,0.799041,0.817297,0.791253,0.791955,0.771492,0.812325,0.830335,0.782300,0.790203,0.808610,0.749716,0.779133,0.796781,0.767287,0.811019,0.817819,0.842712,0.832180,0.820245,0.794228,0.784996,0.783133,0.800417,0.798757,0.781563,0.784196,0.770005,0.806963,0.788910,0.797656,0.807263,0.823309,0.798126,0.815430,0.783762,0.795345,0.791791,0.822251,0.802479,0.778544,0.777373,0.760704,0.774272,0.821495,0.792694,0.788929,0.829633,0.801756,0.753127,0.782197,0.792826,0.816362,0.758077,0.811246,0.811969,0.753465,0.786284,0.794751,0.808727,0.781341,0.770220,0.799877,0.784083,0.787975,0.820236,0.787427,0.779086,0.764658,0.778457,0.751399,0.768910,0.764416,0.807530,0.794300,0.818216,0.822646,0.806424,0.796967,0.768672,0.758015,0.789665,0.827184,0.815150,0.806822,0.774899,0.794563,0.803542,0.799277,0.804371,0.807706,0.813080,0.800597,0.810896,0.828509,0.786330,0.785625,0.775791,0.771597,0.767417,0.795279,0.751130,0.805201,0.804881,0.767286,0.752049,0.825047,0.832427,0.851023,0.795103,0.823352,0.753047,0.777849,0.799640,0.827855,0.795226,0.793511,0.769382,0.768493,0.751554,0.817699,0.769666,0.825795,0.792488,0.797657,0.789107,0.817204,0.772745,0.808478,0.829195,0.773033,0.805322,0.792040,0.819519,0.786406,0.804404,0.807378,0.790201,0.772667,0.817742,0.781717,0.772367,0.785292,0.814859,0.809396,0.809746,0.811477,0.817224,0.773430,0.832637,0.785979,0.782900,#
18,0.803789,0.753884,0.757531,0.822784,0.766787,0.750856,0.753841,0.773976,0.776900,0.776345,0.771531,0.793480,0.789867,0.794271,0.761936,0.770668,0.786414,0.780380,1.000000,0.799662,0.787199,0.779121,0.777377,0.792829,0.744603,0.778762,0.764446,0.788866,0.752076,0.769374,0.719449,0.790055,0.792899,0.802122,0.794876,0.818384,0.767575,0.775912,0.778760,0.792234,0.804769,0.722550,0.784250,0.736323,0.814610,0.762392,0.785951,0.780146,0.754791,0.761570,0.763590,0.769195,0.790373,0.728036,0.804459,0.808591,0.751984,0.797483,0.768615,0.782216,0.784033,0.743374,0.790259,0.780971,0.835287,0.765841,0.779774,0.766525,0.742121,0.773722,0.779491,0.741794,0.793004,0.749204,0.804330,0.752419,0.801025,0.758013,0.776299,0.762769,0.789243,0.757250,0.794141,0.774677,0.795366,0.772358,0.782513,0.770582,0.768910,0.745005,0.763565,0.763248,0.790674,0.770360,0.790334,0.784912,0.785558,0.760302,0.798199,0.776225,0.784928,0.763903,0.790653,0.782665,0.797650,0.790353,0.766533,0.763185,0.764991,0.729974,0.800486,0.751295,0.808072,0.791842,0.723258,0.767419,0.757020,0.729488,0.749126,0.759484,0.747844,0.792797,0.772910,0.770210,0.773182,0.725843,0.773353,0.763183,0.785926,0.759620,0.752258,0.790227,0.769191,0.769114,0.799375,0.782937,0.796816,0.786815,0.745681,0.771569,0.737999,0.797075,0.776488,0.801099,0.745259,0.775400,0.751586,0.721545,0.765857,0.759152,0.754587,0.810146,0.757773,0.734970,0.780022,0.800103,0.794270,0.788776,0.775786,0.748489,0.787833,0.777732,0.812074,0.782570,0.766624,0.783211,0.813530,0.738776,0.769987,0.781216,0.756424,0.801265,0.780951,0.782630,0.744227,0.791940,0.791109,0.820970,0.760298,0.762005,0.754902,0.770330,0.762808,0.753923,0.768144,0.771044,0.778298,0.743855,0.759670,0.766498,0.773277,0.775001,0.761872,0.804646,0.794559,0.777076,0.744719,0.791673,0.783407,0.750789,#
19,0.793808,0.762297,0.780527,0.772273,0.827026,0.814276,0.733445,0.777285,0.800377,0.771845,0.768546,0.748856,0.762396,0.779507,0.774285,0.783324,0.791731,0.810468,0.799662,1.000000,0.782846,0.734724,0.757572,0.788424,0.742127,0.737145,0.783662,0.755483,0.764145,0.793004,0.793274,0.804531,0.772540,0.750626,0.730265,0.812207,0.750679,0.755922,0.780048,0.775983,0.794697,0.738646,0.779557,0.751968,0.765679,0.779107,0.820648,0.777735,0.790891,0.757435,0.741963,0.769923,0.762931,0.759119,0.783445,0.797113,0.791499,0.773208,0.779269,0.729459,0.772628,0.790886,0.808166,0.797674,0.819050,0.769154,0.773919,0.767501,0.745675,0.755420,0.778875,0.755282,0.800916,0.774767,0.782611,0.751142,0.760661,0.764254,0.792402,0.764035,0.807920,0.752803,0.809548,0.754344,0.775720,0.782045,0.762688,0.811459,0.781271,0.701166,0.741552,0.765224,0.794788,0.783227,0.768984,0.780102,0.794686,0.765725,0.762359,0.767569,0.772406,0.758437,0.788297,0.775528,0.757614,0.789769,0.770814,0.784877,0.757153,0.708509,0.755707,0.762700,0.797310,0.799363,0.764585,0.761752,0.780873,0.765252,0.738166,0.699532,0.750196,0.805601,0.759314,0.822497,0.816834,0.742876,0.786057,0.755993,0.790075,0.809827,0.780438,0.791340,0.775826,0.774218,0.829482,0.785601,0.765102,0.788569,0.744055,0.751011,0.740510,0.784253,0.783741,0.758883,0.742496,0.749177,0.723874,0.714196,0.789896,0.751520,0.766258,0.826524,0.756626,0.739833,0.802663,0.776516,0.817886,0.768050,0.792074,0.774391,0.781789,0.767760,0.788944,0.752979,0.770387,0.743652,0.759602,0.758646,0.790354,0.753809,0.770114,0.804229,0.800164,0.784762,0.791429,0.750986,0.785228,0.829620,0.769024,0.731046,0.713591,0.784147,0.781134,0.803639,0.798406,0.767235,0.731703,0.762384,0.774812,0.776034,0.793068,0.787166,0.761763,0.785513,0.770015,0.790430,0.727445,0.762408,0.787644,0.762112,#
20,0.800622,0.768429,0.770668,0.777509,0.804068,0.788039,0.802047,0.785073,0.778069,0.805596,0.764405,0.770633,0.767233,0.802887,0.773909,0.758278,0.829289,0.816470,0.787199,0.782846,1.000000,0.783627,0.739332,0.805051,0.755561,0.802300,0.803271,0.778265,0.761858,0.779879,0.757077,0.790547,0.783036,0.802665,0.774500,0.820343,0.799264,0.787970,0.817556,0.814127,0.785082,0.802008,0.774540,0.780552,0.808913,0.783949,0.813538,0.779795,0.773682,0.773223,0.766072,0.798624,0.770543,0.792045,0.816220,0.822084,0.775008,0.812747,0.789478,0.748869,0.798420,0.784761,0.815741,0.775494,0.807375,0.782276,0.799997,0.778922,0.798643,0.776327,0.799383,0.784889,0.789725,0.785138,0.786915,0.723119,0.767160,0.783690,0.783913,0.790366,0.812155,0.825716,0.805963,0.787011,0.787218,0.782894,0.801098,0.781386,0.793219,0.770086,0.770359,0.792475,0.793781,0.820385,0.828828,0.767515,0.758373,0.757787,0.806347,0.770583,0.804605,0.788860,0.817116,0.792105,0.776294,0.773108,0.799187,0.808676,0.784887,0.796417,0.809825,0.810819,0.781167,0.756671,0.786380,0.791868,0.791781,0.806595,0.735156,0.762391,0.774425,0.807227,0.770450,0.834007,0.788994,0.781092,0.767422,0.744685,0.795941,0.776653,0.808124,0.777277,0.798218,0.812334,0.818346,0.766668,0.762706,0.792451,0.781140,0.804879,0.767240,0.785312,0.791131,0.800073,0.780357,0.755584,0.771595,0.749594,0.763526,0.805867,0.805381,0.820292,0.764713,0.768939,0.810947,0.796985,0.785251,0.776332,0.779517,0.772821,0.772586,0.802802,0.799875,0.788481,0.798481,0.702642,0.755211,0.739915,0.790377,0.774004,0.803074,0.778306,0.814858,0.776288,0.772156,0.778306,0.761444,0.830464,0.796331,0.783797,0.752902,0.773166,0.762784,0.768859,0.767602,0.784918,0.759985,0.795474,0.775200,0.791572,0.746400,0.765281,0.780123,0.819744,0.776849,0.763957,0.781783,0.802709,0.809983,0.795262,#
21,0.741976,0.793566,0.762943,0.785068,0.753383,0.764230,0.741879,0.750746,0.813115,0.745733,0.718467,0.772843,0.732575,0.757745,0.721195,0.765705,0.769406,0.769697,0.779121,0.734724,0.783627,1.000000,0.742577,0.782096,0.722167,0.733698,0.776451,0.747521,0.738001,0.748359,0.750690,0.765688,0.765613,0.768316,0.756308,0.813810,0.773965,0.778317,0.780903,0.748423,0.751669,0.764944,0.751876,0.753965,0.774912,0.756372,0.753755,0.785009,0.759009,0.725779,0.731020,0.775666,0.731047,0.721792,0.788551,0.790609,0.751994,0.768380,0.779847,0.702939,0.765555,0.743105,0.758045,0.727527,0.813624,0.766560,0.758917,0.766652,0.777979,0.766584,0.775810,0.761036,0.798768,0.788175,0.790046,0.731649,0.747579,0.746067,0.752611,0.755455,0.765602,0.761539,0.774357,0.717095,0.806098,0.751338,0.761311,0.769036,0.772020,0.769500,0.693899,0.714510,0.756578,0.755924,0.777148,0.750754,0.769420,0.727122,0.753371,0.765747,0.784684,0.778054,0.765235,0.750496,0.709513,0.803144,0.737466,0.750713,0.744930,0.764760,0.789159,0.771566,0.753699,0.768018,0.697357,0.758654,0.778670,0.772056,0.702371,0.737255,0.721083,0.763828,0.770254,0.778871,0.765550,0.704146,0.765603,0.769562,0.750285,0.762838,0.777751,0.786684,0.769804,0.752335,0.786968,0.743536,0.733901,0.724402,0.738539,0.773195,0.764685,0.786554,0.753851,0.762522,0.741594,0.759724,0.757388,0.721143,0.752450,0.750574,0.772918,0.786226,0.730169,0.741140,0.784550,0.792503,0.772722,0.743460,0.740177,0.734786,0.760148,0.788447,0.796624,0.790828,0.784548,0.705801,0.769092,0.735372,0.734578,0.764436,0.771383,0.761036,0.756540,0.744442,0.744168,0.785362,0.718383,0.804313,0.733072,0.748498,0.738550,0.765418,0.718813,0.782012,0.746049,0.771752,0.743665,0.723838,0.737446,0.780354,0.756943,0.733926,0.763144,0.789410,0.782411,0.752695,0.763098,0.794234,0.733765,0.750824,#
