0,1.000000,0.821075,0.834684,0.821630,0.786187,0.834321,0.824998,0.828822,0.823470,0.793036,0.819043,0.842367,0.801501,0.810898,0.828342,0.828179,0.846706,0.862617,0.834732,0.832548,0.830649,0.795741,0.835783,0.858166,0.783580,0.810200,0.813156,0.823323,0.799726,0.832961,0.809379,0.848734,0.815319,0.815609,0.836675,0.825804,0.805276,0.818132,0.825833,0.835346,0.828980,0.800861,0.855088,0.806691,0.825309,0.787097,0.819822,0.854661,0.826264,0.845114,0.815204,0.841480,0.837573,0.843366,0.855503,0.845476,0.822728,0.856484,0.820092,0.826281,0.832464,0.817126,0.841453,0.836661,0.843858,0.814401,0.854717,0.828901,0.805106,0.799986,0.803754,0.801167,0.860171,0.851197,0.826983,0.787721,0.851945,0.828240,0.834889,0.813330,0.849623,0.806786,0.832416,0.838466,0.836045,0.855413,0.835141,0.834527,0.807784,0.824535,0.792373,0.820133,0.840482,0.822711,0.819823,0.836428,0.805503,0.793991,0.829987,0.841012,0.834957,0.817546,0.818180,0.839410,0.802418,0.828045,0.819944,0.846887,0.828917,0.773197,0.824050,0.815715,0.816521,0.796235,0.818491,0.849976,0.804667,0.794097,0.798867,0.802409,0.792959,0.862588,0.833765,0.851906,0.840273,0.817968,0.811422,0.789984,0.764028,0.824368,0.806812,0.826176,0.826739,0.793416,0.837401,0.832314,0.810054,0.827065,0.785725,0.838917,0.826256,0.822591,0.783470,0.840214,0.830678,0.737288,0.804796,0.785700,0.831204,0.813130,0.816343,0.826016,0.816253,0.792973,0.816577,0.808485,0.848613,0.835256,0.846881,0.821048,0.852009,0.843398,0.821490,0.812877,0.800388,0.830499,0.829953,0.797977,0.840353,0.819162,0.824256,0.814409,0.823909,0.851118,0.832072,0.818769,0.839526,0.841817,0.814608,0.807140,0.809945,0.840730,0.806289,0.806228,0.803298,0.804579,0.784530,0.829750,0.813286,0.802319,0.811487,0.843581,0.825369,0.821446,0.815809,0.830915,0.800513,0.842908,0.829601,0.808517,#
1,0.821075,1.000000,0.807516,0.822120,0.810416,0.839464,0.792862,0.822938,0.838276,0.814187,0.825072,0.829253,0.802945,0.799755,0.805756,0.812580,0.806689,0.814960,0.804782,0.829983,0.821859,0.848919,0.834324,0.820680,0.797853,0.773382,0.808336,0.835502,0.793187,0.789225,0.838486,0.834547,0.819257,0.843922,0.795048,0.826297,0.790027,0.824992,0.840170,0.826699,0.819988,0.789732,0.814700,0.801132,0.794465,0.804740,0.852418,0.814689,0.844886,0.818173,0.814257,0.853929,0.835956,0.802338,0.854246,0.831157,0.801330,0.821062,0.812884,0.811268,0.793943,0.805856,0.783656,0.795762,0.830688,0.838041,0.857073,0.843624,0.828088,0.831033,0.817251,0.821981,0.872535,0.806163,0.826435,0.820043,0.803436,0.808775,0.840121,0.799491,0.836891,0.817876,0.842606,0.836178,0.845232,0.824442,0.817376,0.837684,0.827961,0.811896,0.789435,0.823280,0.823292,0.829782,0.808116,0.811545,0.802106,0.800048,0.804828,0.823153,0.828994,0.820400,0.794661,0.811661,0.776312,0.819136,0.800330,0.840804,0.818820,0.773986,0.807472,0.806046,0.803981,0.809741,0.800756,0.832234,0.824634,0.816826,0.786955,0.773100,0.811670,0.837908,0.810216,0.836419,0.802008,0.795248,0.809705,0.804742,0.818198,0.843194,0.790925,0.850528,0.806958,0.808456,0.853184,0.813107,0.819780,0.810383,0.809520,0.803475,0.835101,0.821731,0.812493,0.835903,0.817196,0.779722,0.795277,0.774627,0.835689,0.802248,0.844261,0.844397,0.811853,0.766890,0.841927,0.807332,0.827013,0.833736,0.795273,0.795374,0.800285,0.845080,0.819067,0.843010,0.817908,0.784998,0.822701,0.775964,0.798234,0.818334,0.818489,0.818759,0.808973,0.830149,0.819152,0.809216,0.817726,0.842373,0.791343,0.805218,0.807364,0.806230,0.816054,0.795652,0.811944,0.844734,0.792507,0.752109,0.824662,0.815975,0.828997,0.821648,0.803270,0.796533,0.825414,0.767334,0.790924,0.855326,0.798669,0.822181,#
2,0.834684,0.807516,1.000000,0.811102,0.808454,0.825344,0.804270,0.828891,0.824320,0.798071,0.809090,0.801918,0.766343,0.816694,0.801301,0.797449,0.789455,0.816268,0.788024,0.819727,0.813944,0.808714,0.797108,0.834957,0.774890,0.789079,0.841224,0.820977,0.822679,0.827757,0.822278,0.801094,0.813238,0.812152,0.801416,0.811331,0.807042,0.812439,0.842846,0.785805,0.801750,0.797884,0.829665,0.782403,0.790489,0.794982,0.843928,0.790526,0.796058,0.821283,0.799212,0.844429,0.829217,0.821112,0.852774,0.832674,0.815466,0.790592,0.813742,0.809223,0.850131,0.805228,0.794794,0.819762,0.831786,0.830419,0.812080,0.807955,0.801992,0.804981,0.822724,0.804155,0.839693,0.826765,0.832517,0.801001,0.810618,0.798540,0.808671,0.825881,0.836212,0.814032,0.845118,0.782468,0.848886,0.838076,0.805699,0.835181,0.792267,0.786039,0.795222,0.832599,0.851005,0.821881,0.818793,0.816487,0.788660,0.781196,0.844741,0.817044,0.816687,0.802846,0.786995,0.810553,0.761463,0.832636,0.836034,0.835331,0.815967,0.770980,0.824760,0.783561,0.838148,0.798823,0.782950,0.807077,0.793225,0.812405,0.786594,0.777147,0.790859,0.803013,0.777122,0.836075,0.814462,0.772999,0.811621,0.785158,0.785556,0.834331,0.811792,0.839869,0.838035,0.827974,0.827494,0.806907,0.808054,0.816690,0.810389,0.784405,0.804669,0.835495,0.755701,0.794907,0.812549,0.794003,0.782742,0.778994,0.803845,0.806231,0.822901,0.822912,0.816617,0.801659,0.806756,0.802945,0.815962,0.768059,0.814058,0.773772,0.764273,0.792434,0.818494,0.812705,0.789227,0.812450,0.829051,0.753546,0.793335,0.800236,0.819538,0.813676,0.815441,0.798769,0.822759,0.806916,0.778187,0.836289,0.779896,0.771531,0.783190,0.849651,0.779903,0.820694,0.785054,0.811426,0.778097,0.772581,0.814831,0.807512,0.808948,0.814613,0.850639,0.813170,0.800782,0.806454,0.765504,0.830653,0.794484,0.818938,#
3,0.821630,0.822120,0.811102,1.000000,0.811494,0.819171,0.808252,0.820291,0.836850,0.810009,0.814930,0.822556,0.808908,0.805135,0.810503,0.821823,0.806099,0.819606,0.837563,0.813887,0.815257,0.837450,0.815481,0.823811,0.804203,0.823616,0.824764,0.830522,0.809685,0.817711,0.827376,0.847479,0.834162,0.845364,0.807114,0.824642,0.794341,0.828952,0.804341,0.823340,0.809951,0.809109,0.819560,0.814500,0.807268,0.833236,0.819366,0.819084,0.825883,0.808070,0.822135,0.801209,0.837045,0.798678,0.829705,0.842644,0.795327,0.829232,0.856196,0.818977,0.806115,0.795427,0.788330,0.820453,0.866177,0.805571,0.802816,0.805945,0.763999,0.819058,0.802980,0.827417,0.851935,0.814020,0.806638,0.788316,0.802780,0.805779,0.811858,0.821077,0.843771,0.784046,0.840908,0.814661,0.828646,0.834328,0.821092,0.818187,0.805362,0.815819,0.804061,0.822514,0.843265,0.841547,0.817837,0.826975,0.780745,0.772601,0.807191,0.793936,0.799240,0.795930,0.775222,0.786483,0.821345,0.807598,0.826960,0.845828,0.794890,0.778691,0.821067,0.768393,0.800946,0.807651,0.798997,0.829339,0.783103,0.801324,0.795372,0.760662,0.791117,0.834517,0.803181,0.808017,0.797018,0.806392,0.835668,0.819343,0.776725,0.807988,0.788204,0.841874,0.790948,0.828162,0.840505,0.837713,0.819951,0.794422,0.778117,0.800141,0.791637,0.839922,0.804613,0.788876,0.802164,0.811249,0.787511,0.807322,0.803567,0.805615,0.815679,0.798283,0.796111,0.798394,0.811296,0.780853,0.833979,0.791101,0.830314,0.799876,0.804096,0.825286,0.788632,0.824765,0.799632,0.805545,0.822437,0.779826,0.823964,0.803395,0.819893,0.810886,0.805089,0.839954,0.804883,0.822615,0.803998,0.826317,0.798224,0.804396,0.770105,0.850185,0.784931,0.791652,0.787221,0.808424,0.781185,0.768692,0.818668,0.828995,0.808932,0.800301,0.809836,0.808547,0.805998,0.801316,0.803687,0.814879,0.795190,0.808500,#
4,0.786187,0.810416,0.808454,0.811494,1.000000,0.841576,0.812664,0.812368,0.789087,0.797028,0.777340,0.829263,0.777051,0.819145,0.784185,0.804511,0.807917,0.826847,0.802755,0.848597,0.836490,0.814107,0.795256,0.832086,0.773020,0.793295,0.816776,0.798500,0.811968,0.800983,0.846087,0.829052,0.840062,0.805933,0.785340,0.802463,0.806814,0.801922,0.822796,0.824908,0.805332,0.785636,0.797371,0.810825,0.802401,0.827836,0.834678,0.817469,0.821001,0.798752,0.799922,0.810677,0.825193,0.793546,0.849779,0.840363,0.784096,0.813106,0.831910,0.827387,0.785628,0.808977,0.792521,0.789771,0.836300,0.816094,0.802464,0.807192,0.788531,0.807118,0.818557,0.834613,0.839410,0.819982,0.805522,0.773527,0.801029,0.822985,0.819426,0.819689,0.805857,0.799419,0.843607,0.785095,0.830947,0.805983,0.802310,0.795730,0.811110,0.810130,0.791019,0.784581,0.812496,0.815487,0.795625,0.798299,0.793705,0.767128,0.776596,0.814070,0.833460,0.822439,0.807230,0.803714,0.784929,0.817317,0.810502,0.821446,0.817046,0.802940,0.795535,0.795843,0.812468,0.841889,0.779575,0.803177,0.815538,0.830218,0.764775,0.750863,0.770441,0.820275,0.828397,0.816533,0.801430,0.798145,0.792642,0.797014,0.830871,0.819686,0.836271,0.814412,0.801011,0.822261,0.847045,0.830120,0.794114,0.799879,0.796441,0.764532,0.784846,0.829994,0.807999,0.802143,0.805547,0.778997,0.814051,0.766876,0.792109,0.826344,0.817118,0.853071,0.804325,0.782821,0.849463,0.799744,0.850542,0.783305,0.809323,0.779291,0.787063,0.812651,0.835944,0.790541,0.771017,0.782923,0.782026,0.770049,0.812418,0.805526,0.785415,0.812641,0.832574,0.804498,0.838189,0.815304,0.809490,0.840615,0.784777,0.784590,0.803600,0.812571,0.812930,0.785226,0.816929,0.831264,0.740715,0.821887,0.802255,0.803436,0.773523,0.782349,0.787304,0.817342,0.801391,0.795002,0.805299,0.813964,0.823794,0.806139,#
5,0.834321,0.839464,0.825344,0.819171,0.841576,1.000000,0.795325,0.843385,0.826463,0.792775,0.804682,0.814897,0.788492,0.794432,0.803324,0.826021,0.815826,0.831431,0.787873,0.854988,0.819805,0.806438,0.811345,0.825933,0.805705,0.807200,0.846478,0.849688,0.806970,0.809653,0.851291,0.849934,0.835794,0.832332,0.776933,0.841347,0.808281,0.795707,0.821251,0.813234,0.828679,0.787511,0.799809,0.828755,0.822820,0.819117,0.852443,0.837149,0.839786,0.791179,0.829893,0.810719,0.838248,0.827839,0.811246,0.878272,0.818584,0.811060,0.873183,0.845118,0.790849,0.822629,0.810768,0.839057,0.838392,0.819351,0.812551,0.823684,0.808073,0.804902,0.830206,0.809166,0.867569,0.819038,0.810278,0.813168,0.834374,0.841570,0.827564,0.815853,0.859358,0.814341,0.850030,0.826297,0.809245,0.848186,0.831959,0.837637,0.825028,0.798124,0.774546,0.814806,0.851409,0.855513,0.800208,0.797759,0.804996,0.808320,0.847619,0.824019,0.837790,0.832017,0.827726,0.829814,0.791123,0.832518,0.822780,0.850567,0.802316,0.808297,0.803331,0.833154,0.803508,0.786770,0.787843,0.805581,0.839162,0.818541,0.770304,0.781382,0.782023,0.838967,0.813017,0.858890,0.785029,0.798882,0.847601,0.775563,0.786195,0.825446,0.843310,0.864285,0.846602,0.848067,0.836894,0.815684,0.821866,0.821518,0.800043,0.794037,0.805893,0.818703,0.812111,0.833945,0.862691,0.770423,0.784831,0.786946,0.830217,0.826158,0.835673,0.836626,0.807830,0.783753,0.811924,0.795430,0.854213,0.813610,0.830762,0.796615,0.818335,0.837636,0.833054,0.812104,0.826155,0.806903,0.784021,0.823315,0.813530,0.816439,0.864025,0.839812,0.818625,0.816956,0.821917,0.802523,0.803738,0.850654,0.826363,0.819057,0.838021,0.832563,0.819962,0.798993,0.819989,0.824010,0.781448,0.808610,0.816135,0.826224,0.794109,0.836616,0.797919,0.805845,0.785000,0.788857,0.787056,0.837953,0.822509,0.820509,#
6,0.824998,0.792862,0.804270,0.808252,0.812664,0.795325,1.000000,0.795152,0.820189,0.788791,0.793308,0.809716,0.805420,0.835683,0.764279,0.810659,0.816276,0.843181,0.805379,0.793138,0.849863,0.802290,0.771184,0.807942,0.796859,0.804812,0.801051,0.809062,0.802412,0.836986,0.815839,0.823735,0.828056,0.820431,0.797983,0.821155,0.796447,0.794904,0.800533,0.820891,0.808348,0.811893,0.834811,0.801957,0.834880,0.768771,0.832736,0.793694,0.854388,0.827689,0.817807,0.839278,0.828869,0.764048,0.855860,0.828687,0.820028,0.838479,0.837900,0.785015,0.824300,0.792511,0.795652,0.794778,0.868537,0.805647,0.851180,0.808494,0.806755,0.786979,0.808182,0.825954,0.826221,0.838381,0.796556,0.790523,0.809584,0.807419,0.825909,0.789420,0.844346,0.809249,0.817332,0.810467,0.800958,0.819187,0.809579,0.811502,0.815126,0.810439,0.780442,0.803865,0.800473,0.816164,0.796640,0.792068,0.817960,0.800816,0.796941,0.818833,0.812667,0.804239,0.825448,0.808728,0.783585,0.772546,0.823145,0.812819,0.801130,0.759866,0.785934,0.795653,0.779316,0.783877,0.781083,0.781081,0.813022,0.804875,0.768453,0.782290,0.795669,0.822868,0.793864,0.844692,0.822059,0.823149,0.782243,0.796094,0.753375,0.798649,0.816918,0.823901,0.807612,0.776867,0.822259,0.814879,0.818784,0.793557,0.820103,0.817088,0.818164,0.823921,0.776686,0.793064,0.798735,0.803202,0.802259,0.786405,0.797235,0.781136,0.829473,0.831642,0.782672,0.752309,0.799805,0.779456,0.829375,0.781350,0.810947,0.805876,0.801504,0.823017,0.796536,0.810229,0.800430,0.805501,0.828924,0.742726,0.810159,0.791930,0.827007,0.810221,0.772672,0.784262,0.817597,0.824582,0.801670,0.827009,0.799233,0.789588,0.798726,0.804101,0.827149,0.806913,0.795995,0.811514,0.759151,0.801990,0.772798,0.801807,0.782367,0.801700,0.792063,0.810390,0.814370,0.807082,0.809435,0.835561,0.808952,0.802697,#
7,0.828822,0.822938,0.828891,0.820291,0.812368,0.843385,0.795152,1.000000,0.868581,0.803206,0.819082,0.813276,0.804554,0.820440,0.830848,0.790116,0.817772,0.827578,0.812099,0.822030,0.826960,0.805675,0.847277,0.827565,0.807747,0.828674,0.819781,0.833199,0.818361,0.833143,0.786641,0.838956,0.805674,0.828344,0.785676,0.827442,0.821842,0.802526,0.834182,0.812369,0.811438,0.800959,0.813464,0.818756,0.816041,0.814467,0.839566,0.841816,0.817020,0.805264,0.842155,0.824077,0.836652,0.844151,0.833439,0.838181,0.804261,0.829028,0.825253,0.829794,0.782244,0.816060,0.817553,0.817793,0.845988,0.835268,0.835236,0.824835,0.829533,0.824087,0.824073,0.778474,0.872275,0.831767,0.833447,0.800013,0.824132,0.812872,0.823931,0.808820,0.849652,0.815394,0.842795,0.809634,0.831424,0.829159,0.848781,0.824078,0.807659,0.812159,0.781637,0.834248,0.830880,0.826952,0.830711,0.793089,0.808267,0.820103,0.834643,0.814482,0.823785,0.803533,0.805568,0.810207,0.789661,0.819126,0.806770,0.839168,0.810855,0.781357,0.846968,0.798437,0.830959,0.817059,0.802369,0.819167,0.802798,0.794277,0.778898,0.818056,0.806826,0.829029,0.801771,0.861331,0.847152,0.807374,0.830760,0.818129,0.775799,0.795537,0.815069,0.823716,0.843475,0.805128,0.852656,0.850723,0.814410,0.830292,0.792809,0.806854,0.812469,0.829598,0.821250,0.803336,0.828228,0.796933,0.814636,0.763053,0.835934,0.827710,0.807128,0.827909,0.823281,0.794317,0.802238,0.837332,0.835936,0.818280,0.833006,0.810762,0.823662,0.798613,0.850738,0.794305,0.799919,0.810666,0.832274,0.776820,0.800337,0.792941,0.853516,0.838084,0.811807,0.823321,0.828664,0.803437,0.805362,0.826799,0.803087,0.819374,0.817609,0.824795,0.803821,0.804441,0.795023,0.832740,0.782636,0.771445,0.818998,0.837641,0.824672,0.818862,0.795240,0.794142,0.810437,0.808632,0.800820,0.851215,0.827065,0.814383,#
8,0.823470,0.838276,0.824320,0.836850,0.789087,0.826463,0.820189,0.868581,1.000000,0.824739,0.798323,0.818233,0.812595,0.835073,0.819280,0.841156,0.793313,0.848537,0.798933,0.844451,0.827197,0.850313,0.826505,0.816132,0.794202,0.826395,0.828925,0.836174,0.822156,0.833790,0.819211,0.839757,0.819523,0.822515,0.789000,0.842146,0.815709,0.823759,0.813733,0.819863,0.807795,0.814004,0.859528,0.798067,0.810855,0.798080,0.827357,0.831463,0.837916,0.825688,0.849645,0.840478,0.801711,0.845810,0.837561,0.860118,0.823020,0.834091,0.818551,0.814877,0.826420,0.813747,0.849040,0.822648,0.857005,0.843960,0.839794,0.845471,0.841893,0.817908,0.823622,0.818270,0.863245,0.849616,0.825320,0.799798,0.823246,0.824280,0.825412,0.819436,0.856666,0.818521,0.826397,0.817771,0.839423,0.838855,0.814468,0.836430,0.796658,0.809079,0.803508,0.824295,0.836035,0.833569,0.827474,0.820475,0.819135,0.812639,0.841802,0.825004,0.839826,0.803930,0.825393,0.844081,0.800618,0.822978,0.824093,0.840308,0.792984,0.805100,0.810305,0.811587,0.822495,0.803302,0.810485,0.841758,0.802788,0.794403,0.803633,0.823613,0.796741,0.832186,0.814232,0.840226,0.813025,0.836374,0.808172,0.809269,0.794881,0.825275,0.799706,0.824062,0.845286,0.824861,0.867564,0.828532,0.814303,0.805959,0.799308,0.816307,0.805320,0.847361,0.842128,0.807223,0.822362,0.787376,0.805805,0.793993,0.831631,0.818716,0.823162,0.833307,0.796539,0.836913,0.825266,0.818755,0.840078,0.833373,0.843122,0.833622,0.808192,0.802473,0.847549,0.832906,0.807811,0.805107,0.819535,0.784953,0.835356,0.813461,0.843377,0.839920,0.807559,0.822258,0.841215,0.815367,0.810490,0.845640,0.804390,0.788142,0.815185,0.841832,0.793732,0.836388,0.823759,0.825187,0.816538,0.789187,0.816756,0.837929,0.836956,0.831169,0.848222,0.811752,0.810960,0.804294,0.793669,0.836965,0.833939,0.837716,#
9,0.793036,0.814187,0.798071,0.810009,0.797028,0.792775,0.788791,0.803206,0.824739,1.000000,0.794857,0.789314,0.806057,0.811973,0.823500,0.824064,0.800221,0.807948,0.817667,0.810113,0.848344,0.803671,0.805609,0.837809,0.784210,0.773486,0.796602,0.843795,0.783551,0.831947,0.800396,0.822164,0.814058,0.820926,0.803958,0.810760,0.790292,0.799988,0.815129,0.801353,0.823406,0.793240,0.801384,0.781430,0.823831,0.788088,0.813954,0.803458,0.800081,0.792851,0.787900,0.800862,0.781670,0.793731,0.814017,0.832461,0.801443,0.838109,0.811650,0.802510,0.805874,0.795979,0.805581,0.795903,0.816319,0.848069,0.829513,0.824563,0.822894,0.773720,0.823555,0.790791,0.825806,0.801240,0.805475,0.804532,0.800286,0.822038,0.811962,0.837690,0.824661,0.813734,0.807844,0.825315,0.826984,0.798194,0.791692,0.850693,0.791658,0.755751,0.772141,0.814739,0.836898,0.809508,0.811256,0.791281,0.799865,0.813867,0.820361,0.789819,0.820207,0.806759,0.832959,0.813177,0.806502,0.804449,0.805388,0.815233,0.820585,0.797498,0.828442,0.806549,0.838206,0.812031,0.770821,0.837599,0.752348,0.779823,0.757221,0.776646,0.785249,0.836829,0.805525,0.826138,0.803199,0.790545,0.804723,0.777098,0.807959,0.803706,0.781790,0.826641,0.814521,0.818199,0.823275,0.786386,0.799033,0.795849,0.771693,0.795331,0.787105,0.844870,0.814190,0.827034,0.802008,0.800504,0.796634,0.785628,0.797415,0.787669,0.793919,0.801855,0.792308,0.790978,0.820974,0.795265,0.815218,0.799614,0.809045,0.802155,0.804716,0.821316,0.811985,0.820310,0.813249,0.803428,0.780769,0.763545,0.827704,0.793071,0.838256,0.829677,0.780732,0.803353,0.827891,0.850741,0.786578,0.840545,0.781601,0.802349,0.809878,0.795697,0.805954,0.782453,0.796218,0.831978,0.750122,0.762802,0.841455,0.793680,0.802059,0.805973,0.796677,0.776749,0.779514,0.777465,0.797826,0.821258,0.791404,0.778279,#
10,0.819043,0.825072,0.809090,0.814930,0.777340,0.804682,0.793308,0.819082,0.798323,0.794857,1.000000,0.808948,0.760496,0.790613,0.776032,0.805072,0.810229,0.792264,0.793577,0.804966,0.817301,0.779243,0.808181,0.837721,0.768758,0.777743,0.803529,0.843154,0.783014,0.826280,0.799819,0.806174,0.810523,0.823023,0.804792,0.817619,0.798023,0.809808,0.810231,0.787909,0.824906,0.773355,0.796244,0.761982,0.808532,0.813093,0.848067,0.813936,0.830468,0.848570,0.781527,0.838892,0.813831,0.774550,0.828492,0.834342,0.796317,0.821994,0.795589,0.809897,0.801073,0.807016,0.830471,0.825660,0.836443,0.781863,0.833560,0.786545,0.812825,0.789280,0.816718,0.820360,0.855480,0.779797,0.797740,0.815893,0.799147,0.820833,0.806593,0.788419,0.859496,0.804562,0.815091,0.793925,0.817532,0.795968,0.807992,0.806776,0.800444,0.831615,0.760632,0.838888,0.842501,0.810016,0.784350,0.813588,0.757889,0.800227,0.825384,0.823430,0.796108,0.793739,0.795490,0.819553,0.830201,0.777270,0.809281,0.810078,0.789062,0.772987,0.790046,0.789558,0.819976,0.797401,0.780068,0.840316,0.778169,0.793148,0.782256,0.782663,0.785959,0.836226,0.759531,0.820356,0.753177,0.787481,0.817694,0.796886,0.794848,0.806273,0.767236,0.806892,0.790684,0.791976,0.835050,0.839893,0.786436,0.801163,0.787881,0.813571,0.833230,0.810628,0.763955,0.802582,0.775926,0.763387,0.792741,0.767450,0.810109,0.795604,0.792901,0.810685,0.801906,0.770632,0.807888,0.781803,0.848332,0.809626,0.796554,0.775930,0.820937,0.788184,0.804606,0.815007,0.809995,0.779956,0.816652,0.754554,0.818265,0.831091,0.815882,0.809936,0.760282,0.793903,0.822095,0.792696,0.781544,0.828815,0.764018,0.804769,0.777098,0.789465,0.813958,0.777883,0.766116,0.812099,0.762670,0.769637,0.771551,0.814034,0.808049,0.780258,0.808047,0.798792,0.811229,0.795984,0.782886,0.835895,0.800339,0.813096,#
11,0.842367,0.829253,0.801918,0.822556,0.829263,0.814897,0.809716,0.813276,0.818233,0.789314,0.808948,1.000000,0.818278,0.812353,0.807490,0.795555,0.812744,0.853312,0.838336,0.809524,0.819447,0.809382,0.814112,0.815249,0.794662,0.809497,0.784841,0.818407,0.814117,0.805809,0.818169,0.834035,0.836244,0.823953,0.783910,0.824614,0.837948,0.831238,0.801099,0.827444,0.819972,0.793639,0.825560,0.788870,0.804021,0.799026,0.866739,0.839883,0.818124,0.832963,0.804292,0.825027,0.839445,0.806210,0.840117,0.834649,0.772066,0.846415,0.816148,0.807933,0.787070,0.787763,0.839146,0.802981,0.840253,0.820084,0.830810,0.833213,0.831584,0.822806,0.830564,0.813011,0.844715,0.825429,0.825670,0.771487,0.837045,0.826207,0.807007,0.769886,0.832893,0.811170,0.843329,0.795621,0.853251,0.818358,0.788985,0.806867,0.790539,0.776627,0.799357,0.831025,0.829355,0.814390,0.801834,0.838637,0.785817,0.800678,0.801412,0.809338,0.793579,0.825935,0.822973,0.811362,0.815341,0.821655,0.810538,0.845744,0.833366,0.791017,0.838591,0.825866,0.831464,0.796275,0.757564,0.827865,0.801499,0.808618,0.768958,0.815699,0.770503,0.833739,0.802598,0.829720,0.810477,0.797972,0.825293,0.798369,0.804038,0.826171,0.817661,0.823922,0.830582,0.820767,0.836417,0.805954,0.813262,0.821670,0.805045,0.817131,0.813944,0.808303,0.799048,0.828262,0.837133,0.778257,0.826178,0.790408,0.807898,0.823416,0.816133,0.809974,0.802758,0.818977,0.847419,0.792401,0.846342,0.791552,0.815334,0.781612,0.816714,0.832714,0.831049,0.806183,0.823149,0.780621,0.828345,0.764394,0.827130,0.841782,0.831461,0.805536,0.824621,0.845137,0.818943,0.810389,0.809891,0.827528,0.785055,0.822510,0.816011,0.804681,0.841041,0.779004,0.816890,0.797890,0.773964,0.811970,0.805555,0.818658,0.821897,0.808472,0.822145,0.818614,0.812137,0.799316,0.801028,0.832113,0.801440,0.803860,#
12,0.801501,0.802945,0.766343,0.808908,0.777051,0.788492,0.805420,0.804554,0.812595,0.806057,0.760496,0.818278,1.000000,0.811649,0.816086,0.786682,0.815364,0.831305,0.818959,0.809639,0.815818,0.776211,0.810473,0.821634,0.778494,0.790655,0.787271,0.815287,0.809435,0.784525,0.785429,0.815619,0.815140,0.819408,0.786399,0.811966,0.797417,0.807307,0.795874,0.810344,0.761388,0.743976,0.798873,0.813583,0.808625,0.792617,0.838334,0.777239,0.807716,0.787967,0.841263,0.783460,0.793495,0.806336,0.836577,0.823427,0.779145,0.818834,0.790059,0.782865,0.768227,0.812752,0.780781,0.797417,0.837234,0.821573,0.800259,0.778254,0.821539,0.800968,0.809380,0.786005,0.838186,0.802233,0.827548,0.796855,0.815360,0.789433,0.806062,0.804779,0.824285,0.795116,0.813303,0.818712,0.781407,0.815294,0.777458,0.811898,0.801030,0.766641,0.772811,0.789155,0.818257,0.772974,0.776250,0.813163,0.836852,0.801822,0.779583,0.789314,0.760892,0.813519,0.811227,0.833967,0.757743,0.783570,0.785558,0.789504,0.804559,0.779085,0.810089,0.785966,0.795576,0.764496,0.823491,0.805685,0.785281,0.760618,0.780596,0.769257,0.771830,0.823066,0.787647,0.843215,0.808269,0.797101,0.798647,0.742839,0.749347,0.796562,0.766378,0.794752,0.777224,0.793992,0.806875,0.794046,0.791276,0.803695,0.792924,0.765275,0.810679,0.833969,0.796670,0.803602,0.784993,0.779233,0.796732,0.757619,0.806614,0.833318,0.792174,0.803415,0.800030,0.751139,0.793483,0.833134,0.828174,0.803123,0.812436,0.786999,0.794239,0.827233,0.817538,0.800052,0.834424,0.752450,0.795084,0.797582,0.766827,0.774590,0.824075,0.812739,0.788258,0.801958,0.792988,0.778948,0.821548,0.833286,0.777524,0.751956,0.789352,0.818422,0.799934,0.764743,0.746397,0.798113,0.761357,0.811660,0.797601,0.778268,0.773613,0.783499,0.777455,0.795697,0.770776,0.796435,0.785404,0.819195,0.811436,0.750703,#
13,0.810898,0.799755,0.816694,0.805135,0.819145,0.794432,0.835683,0.820440,0.835073,0.811973,0.790613,0.812353,0.811649,1.000000,0.793999,0.797061,0.794607,0.852129,0.829582,0.812782,0.835612,0.806444,0.829754,0.819947,0.785509,0.797607,0.792518,0.841043,0.817988,0.846812,0.784340,0.813646,0.846052,0.839475,0.757952,0.805431,0.801895,0.831838,0.808641,0.829680,0.842892,0.805268,0.836521,0.798956,0.845013,0.811797,0.830641,0.815603,0.846027,0.813158,0.828028,0.847667,0.811895,0.815782,0.842145,0.854237,0.812911,0.839355,0.822058,0.815111,0.812185,0.817678,0.808694,0.823358,0.856615,0.829409,0.837946,0.822648,0.832567,0.802557,0.801092,0.807798,0.820528,0.837202,0.830369,0.807400,0.823047,0.820312,0.841197,0.827462,0.839543,0.818182,0.852965,0.817011,0.817365,0.834802,0.798293,0.801226,0.833601,0.802316,0.785305,0.826701,0.836742,0.818714,0.826325,0.791764,0.803624,0.805772,0.821814,0.844968,0.817933,0.819191,0.826240,0.846817,0.803494,0.841491,0.810158,0.831425,0.818376,0.783116,0.825632,0.816975,0.831228,0.817066,0.811999,0.835039,0.775367,0.832479,0.811892,0.821126,0.811207,0.834659,0.793448,0.800352,0.804083,0.781628,0.816734,0.774046,0.795761,0.813469,0.801020,0.822562,0.810430,0.813338,0.850323,0.809966,0.809620,0.810994,0.832636,0.800844,0.786767,0.858782,0.839570,0.806667,0.785488,0.800003,0.829807,0.787982,0.830509,0.812662,0.813478,0.843205,0.794348,0.801222,0.816660,0.814937,0.835103,0.804847,0.839439,0.798597,0.820600,0.827652,0.817382,0.829617,0.817920,0.807166,0.825005,0.778689,0.831264,0.802793,0.828799,0.844894,0.829139,0.826589,0.855001,0.824481,0.821577,0.868218,0.817701,0.793936,0.798390,0.835260,0.834978,0.799396,0.828939,0.823782,0.786607,0.802845,0.770793,0.804365,0.820539,0.807792,0.823113,0.832540,0.823515,0.795167,0.807228,0.826137,0.817071,0.787513,#
14,0.828342,0.805756,0.801301,0.810503,0.784185,0.803324,0.764279,0.830848,0.819280,0.823500,0.776032,0.807490,0.816086,0.793999,1.000000,0.814635,0.797916,0.796127,0.800730,0.812611,0.812368,0.791165,0.809194,0.840101,0.785065,0.749535,0.803865,0.813910,0.802301,0.809997,0.811306,0.813644,0.799828,0.797777,0.810658,0.807971,0.770547,0.809516,0.817713,0.781732,0.782557,0.762960,0.810425,0.796987,0.801951,0.793061,0.809705,0.787611,0.767135,0.791185,0.789057,0.797628,0.787202,0.840508,0.816579,0.811721,0.782824,0.811094,0.813955,0.782460,0.785327,0.822360,0.807990,0.811299,0.811708,0.784404,0.802845,0.803149,0.794635,0.808078,0.788464,0.769685,0.832476,0.806280,0.827878,0.774545,0.826847,0.812282,0.796744,0.777925,0.824478,0.805746,0.830196,0.820620,0.806874,0.812193,0.785001,0.813927,0.802478,0.741700,0.743629,0.781569,0.831087,0.830194,0.810509,0.809627,0.828688,0.791478,0.807459,0.773704,0.810331,0.804580,0.816421,0.775535,0.801069,0.793316,0.783697,0.786877,0.789531,0.764128,0.817743,0.793903,0.807422,0.785485,0.768696,0.812838,0.773000,0.742395,0.769777,0.766364,0.802839,0.832546,0.787980,0.814034,0.810179,0.749173,0.802253,0.817249,0.746832,0.811627,0.765121,0.813512,0.790101,0.799745,0.825831,0.808664,0.787396,0.803563,0.780353,0.774503,0.784377,0.824582,0.770945,0.812302,0.775422,0.818635,0.811753,0.752864,0.804738,0.773498,0.804013,0.794190,0.771083,0.780993,0.820848,0.802070,0.823870,0.792946,0.775560,0.783134,0.798878,0.795224,0.812991,0.790660,0.787080,0.778749,0.787471,0.752917,0.783143,0.821867,0.799492,0.788347,0.809446,0.824170,0.813859,0.813010,0.797781,0.812891,0.780814,0.761026,0.805611,0.834443,0.795253,0.774693,0.785800,0.788720,0.774360,0.746699,0.775044,0.779788,0.768853,0.777902,0.811212,0.811161,0.783626,0.778573,0.781599,0.795795,0.784473,0.742015,#
15,0.828179,0.812580,0.797449,0.821823,0.804511,0.826021,0.810659,0.790116,0.841156,0.824064,0.805072,0.795555,0.786682,0.797061,0.814635,1.000000,0.801929,0.834607,0.810577,0.810013,0.806378,0.817189,0.806725,0.825318,0.791230,0.782666,0.795058,0.801418,0.800391,0.825271,0.815386,0.841970,0.823468,0.839399,0.774698,0.846377,0.815999,0.816861,0.820683,0.788828,0.788006,0.777207,0.813164,0.794065,0.834452,0.793558,0.825581,0.831031,0.835211,0.823989,0.791886,0.846653,0.790391,0.792471,0.833101,0.819168,0.818227,0.811696,0.808616,0.793276,0.823400,0.811988,0.801397,0.835537,0.824780,0.827647,0.814030,0.816334,0.796695,0.766864,0.817755,0.789885,0.810928,0.798651,0.818370,0.786968,0.824676,0.812947,0.813701,0.800329,0.845902,0.802594,0.803091,0.820911,0.842113,0.825594,0.784275,0.839778,0.792675,0.779708,0.770348,0.795684,0.823953,0.811968,0.776955,0.801401,0.800017,0.790776,0.800013,0.807961,0.837239,0.801556,0.832797,0.832597,0.796246,0.791956,0.808199,0.832284,0.783401,0.804447,0.777701,0.778075,0.807521,0.803524,0.764305,0.803154,0.782701,0.792232,0.782609,0.799389,0.778631,0.819276,0.794877,0.825879,0.793181,0.810059,0.818576,0.794180,0.793739,0.843508,0.776657,0.795768,0.787664,0.780071,0.825574,0.804665,0.794517,0.773874,0.776274,0.791361,0.800538,0.809360,0.789421,0.799425,0.802838,0.789200,0.780026,0.780726,0.807205,0.789998,0.825479,0.805556,0.810235,0.786493,0.809170,0.786584,0.859872,0.802980,0.808357,0.809010,0.787830,0.818668,0.834934,0.781842,0.802618,0.794716,0.809388,0.787229,0.844498,0.782111,0.790595,0.833881,0.750736,0.824676,0.806564,0.842719,0.813421,0.826029,0.789456,0.792590,0.801744,0.814768,0.791818,0.817828,0.796023,0.798763,0.748137,0.778060,0.759932,0.799683,0.774698,0.808360,0.812487,0.794748,0.782275,0.798787,0.813114,0.825239,0.817325,0.809413,#
16,0.846706,0.806689,0.789455,0.806099,0.807917,0.815826,0.816276,0.817772,0.793313,0.800221,0.810229,0.812744,0.815364,0.794607,0.797916,0.801929,1.000000,0.827909,0.813344,0.822533,0.871264,0.798958,0.769735,0.833479,0.795974,0.811293,0.822024,0.784350,0.785663,0.814831,0.800585,0.843724,0.834639,0.815462,0.785302,0.818167,0.834517,0.807396,0.807219,0.816652,0.796945,0.784794,0.809414,0.803204,0.807897,0.808476,0.811431,0.806336,0.818970,0.827606,0.786234,0.806930,0.829794,0.838822,0.840530,0.842577,0.750494,0.827430,0.812850,0.768188,0.800509,0.826614,0.795226,0.794674,0.810176,0.793210,0.824497,0.821934,0.827984,0.832444,0.802348,0.792062,0.845642,0.807216,0.810166,0.777320,0.803713,0.812641,0.800783,0.820326,0.850152,0.811229,0.824855,0.832871,0.823602,0.824225,0.820181,0.800425,0.818336,0.807237,0.760548,0.796643,0.833816,0.802892,0.813771,0.828192,0.801174,0.794453,0.835465,0.808580,0.801273,0.805455,0.799854,0.828517,0.771945,0.833503,0.830783,0.815033,0.833216,0.784996,0.824242,0.809772,0.820964,0.792964,0.808562,0.839376,0.833314,0.814501,0.773415,0.738366,0.790991,0.832055,0.810087,0.836300,0.824023,0.803405,0.807846,0.760693,0.784554,0.805442,0.819539,0.806678,0.803372,0.775336,0.843243,0.839918,0.797915,0.788570,0.779868,0.804357,0.805778,0.823867,0.810629,0.814442,0.781154,0.767461,0.821950,0.785330,0.815563,0.818225,0.773692,0.834885,0.766679,0.774791,0.842596,0.811110,0.832374,0.793672,0.803565,0.801344,0.796095,0.812261,0.835408,0.790337,0.812957,0.807417,0.816002,0.785736,0.813766,0.790114,0.822350,0.828121,0.799807,0.808150,0.807894,0.815299,0.782609,0.848955,0.805596,0.790122,0.786582,0.801572,0.803484,0.777270,0.791916,0.818219,0.792778,0.812198,0.801781,0.800546,0.818547,0.796433,0.814092,0.796649,0.791697,0.815342,0.807968,0.826231,0.799533,0.800379,#
17,0.862617,0.814960,0.816268,0.819606,0.826847,0.831431,0.843181,0.827578,0.848537,0.807948,0.792264,0.853312,0.831305,0.852129,0.796127,0.834607,0.827909,1.000000,0.818123,0.833470,0.836501,0.824078,0.828194,0.842442,0.825105,0.829992,0.834326,0.827538,0.806981,0.847102,0.826048,0.849751,0.823122,0.818035,0.794002,0.854859,0.810159,0.838360,0.834939,0.845578,0.832809,0.822366,0.844131,0.816956,0.818046,0.814145,0.835807,0.870766,0.846032,0.833256,0.833044,0.825935,0.837832,0.815667,0.844479,0.847930,0.808455,0.820695,0.823127,0.795093,0.809480,0.820885,0.807633,0.832154,0.850554,0.864819,0.863530,0.848103,0.811553,0.810342,0.820186,0.825073,0.831677,0.820779,0.830489,0.790304,0.846165,0.831241,0.831142,0.830281,0.852725,0.827879,0.848527,0.826978,0.826560,0.834848,0.839343,0.835953,0.816412,0.810246,0.797981,0.798468,0.850873,0.827903,0.819164,0.858151,0.824630,0.792652,0.807915,0.830397,0.842115,0.794235,0.817918,0.839868,0.786950,0.812779,0.826084,0.839535,0.812683,0.806749,0.829160,0.800802,0.809911,0.820265,0.820631,0.811292,0.785137,0.813896,0.792561,0.805021,0.818678,0.846295,0.826801,0.837269,0.819860,0.826596,0.827104,0.790057,0.788190,0.821993,0.838083,0.853287,0.845961,0.803426,0.831415,0.843603,0.833966,0.826302,0.828021,0.845696,0.831980,0.852853,0.851907,0.833223,0.840418,0.802589,0.824066,0.807337,0.842027,0.798182,0.836681,0.823933,0.805897,0.798564,0.841125,0.845747,0.882417,0.819446,0.840116,0.797650,0.813494,0.836086,0.855272,0.817018,0.829406,0.808982,0.802249,0.773214,0.847730,0.797991,0.850731,0.821512,0.825280,0.826801,0.857464,0.815766,0.828555,0.850097,0.803848,0.837820,0.831228,0.857833,0.824903,0.833852,0.830214,0.820120,0.799219,0.850383,0.787697,0.810675,0.826749,0.831694,0.837364,0.843251,0.832902,0.844221,0.800612,0.865695,0.813707,0.797652,#
18,0.834732,0.804782,0.788024,0.837563,0.802755,0.787873,0.805379,0.812099,0.798933,0.817667,0.793577,0.838336,0.818959,0.829582,0.800730,0.810577,0.813344,0.818123,1.000000,0.828205,0.812535,0.817616,0.822479,0.802717,0.780889,0.815570,0.796092,0.829064,0.801055,0.822731,0.771269,0.838971,0.827582,0.827103,0.806821,0.837085,0.805348,0.810445,0.802562,0.835761,0.816011,0.760643,0.819700,0.784180,0.833533,0.786282,0.819639,0.809735,0.794957,0.803294,0.791224,0.800994,0.833557,0.788699,0.836077,0.833904,0.788641,0.828822,0.800139,0.827958,0.803667,0.786468,0.821865,0.793159,0.849829,0.790367,0.818382,0.793981,0.754934,0.809371,0.816247,0.769268,0.829950,0.795404,0.841393,0.772818,0.842612,0.801338,0.820144,0.806219,0.822035,0.794563,0.830771,0.812242,0.824042,0.819526,0.802058,0.813068,0.811168,0.772413,0.796047,0.787422,0.829340,0.803887,0.819265,0.804801,0.810818,0.808475,0.810340,0.816616,0.820335,0.798898,0.813829,0.824683,0.814640,0.816894,0.799188,0.801826,0.804509,0.775049,0.849709,0.767785,0.835324,0.808959,0.761975,0.804815,0.784110,0.779682,0.777935,0.781961,0.803110,0.846710,0.791946,0.802791,0.805702,0.769401,0.812100,0.787836,0.813528,0.794555,0.776576,0.828760,0.801455,0.804852,0.823059,0.822890,0.817625,0.814122,0.768965,0.805201,0.781665,0.848941,0.805161,0.845223,0.796261,0.806109,0.809075,0.764696,0.813341,0.800481,0.789813,0.822770,0.805290,0.781322,0.813318,0.819424,0.831624,0.823016,0.804443,0.802343,0.825129,0.821745,0.844823,0.808013,0.802993,0.806403,0.849934,0.765457,0.806050,0.811676,0.802438,0.826040,0.819879,0.827046,0.794391,0.820466,0.811417,0.843601,0.794127,0.810141,0.793251,0.819535,0.804757,0.792974,0.804220,0.811373,0.801526,0.776146,0.777383,0.802947,0.815832,0.807857,0.788477,0.841079,0.813223,0.802811,0.778004,0.834708,0.807698,0.781183,#
19,0.832548,0.829983,0.819727,0.813887,0.848597,0.854988,0.793138,0.822030,0.844451,0.810113,0.804966,0.809524,0.809639,0.812782,0.812611,0.810013,0.822533,0.833470,0.828205,1.000000,0.830888,0.798131,0.812516,0.828683,0.803160,0.783811,0.821513,0.806041,0.807182,0.833419,0.836818,0.847538,0.817783,0.809876,0.773780,0.838286,0.800264,0.792903,0.822642,0.820944,0.822849,0.777108,0.817167,0.801264,0.803431,0.814242,0.861563,0.816435,0.833282,0.795771,0.790089,0.814796,0.817063,0.816129,0.830408,0.829473,0.818584,0.813309,0.819359,0.788243,0.803816,0.819628,0.844466,0.815466,0.844145,0.813388,0.820789,0.805961,0.795491,0.801526,0.821424,0.791299,0.843953,0.817629,0.818140,0.788419,0.814613,0.809716,0.832072,0.806694,0.838358,0.789685,0.858920,0.797174,0.808429,0.820040,0.806762,0.843907,0.832379,0.761549,0.782807,0.800435,0.836702,0.825345,0.801040,0.814144,0.817765,0.810280,0.807647,0.821998,0.823339,0.801190,0.809142,0.822992,0.803308,0.819112,0.825329,0.819363,0.803245,0.755656,0.797410,0.790873,0.816852,0.810414,0.802320,0.815100,0.824047,0.806584,0.783037,0.738715,0.795842,0.848103,0.794743,0.846132,0.824985,0.790450,0.827426,0.790138,0.823863,0.850529,0.808662,0.836560,0.814176,0.821666,0.852480,0.829538,0.810690,0.815703,0.781776,0.789286,0.792991,0.828905,0.808989,0.812530,0.793816,0.786116,0.795248,0.758959,0.833192,0.815449,0.804369,0.850922,0.801132,0.783999,0.837677,0.810672,0.854316,0.813210,0.822857,0.812189,0.817627,0.818624,0.827896,0.784966,0.824488,0.801064,0.789174,0.804937,0.820756,0.803438,0.821016,0.838123,0.829664,0.819334,0.830289,0.798606,0.814942,0.858416,0.806029,0.771627,0.773308,0.835764,0.828093,0.828556,0.821701,0.798018,0.770995,0.804594,0.810511,0.814289,0.824883,0.820271,0.801998,0.831712,0.808449,0.818584,0.772674,0.817543,0.817444,0.796505,#
20,0.830649,0.821859,0.813944,0.815257,0.836490,0.819805,0.849863,0.826960,0.827197,0.848344,0.817301,0.819447,0.815818,0.835612,0.812368,0.806378,0.871264,0.836501,0.812535,0.830888,1.000000,0.824767,0.792932,0.849352,0.807096,0.834688,0.830539,0.825879,0.802169,0.838507,0.819763,0.837132,0.823970,0.857946,0.825307,0.842385,0.837299,0.816998,0.844255,0.841580,0.822225,0.839885,0.813576,0.827942,0.842827,0.814289,0.849848,0.812621,0.815629,0.817002,0.810634,0.844072,0.817971,0.842620,0.846897,0.854829,0.798874,0.845978,0.829480,0.809655,0.833417,0.815916,0.843270,0.806310,0.851963,0.829911,0.853090,0.822667,0.825985,0.819617,0.839544,0.826173,0.828127,0.826496,0.825570,0.774815,0.805530,0.828963,0.828466,0.842348,0.858562,0.846469,0.846095,0.829938,0.812677,0.830486,0.836949,0.830036,0.830091,0.826680,0.808276,0.827636,0.842005,0.845712,0.846538,0.801629,0.795511,0.805345,0.834645,0.823769,0.843039,0.823905,0.838526,0.839622,0.817424,0.802200,0.842018,0.839666,0.820660,0.825839,0.832884,0.832522,0.817140,0.785817,0.822069,0.828753,0.831653,0.842140,0.770245,0.783278,0.835485,0.850415,0.808720,0.861915,0.810205,0.816967,0.805025,0.789306,0.816679,0.835986,0.830598,0.826767,0.841225,0.840194,0.846911,0.817918,0.794766,0.824154,0.822128,0.837587,0.812043,0.831459,0.821470,0.835552,0.826389,0.794874,0.824708,0.799583,0.815903,0.850518,0.832344,0.843647,0.811837,0.813565,0.845956,0.819228,0.836313,0.817696,0.837438,0.816438,0.812761,0.841108,0.827215,0.817790,0.844891,0.772988,0.801753,0.785294,0.823800,0.809703,0.834216,0.827970,0.832683,0.823381,0.824888,0.817743,0.800997,0.859815,0.818388,0.813704,0.806104,0.819562,0.823070,0.793995,0.803770,0.835684,0.787148,0.824450,0.806161,0.823820,0.789981,0.801378,0.825392,0.848625,0.816418,0.799987,0.817965,0.841118,0.834111,0.819119,#
21,0.795741,0.848919,0.808714,0.837450,0.814107,0.806438,0.802290,0.805675,0.850313,0.803671,0.779243,0.809382,0.776211,0.806444,0.791165,0.817189,0.798958,0.824078,0.817616,0.798131,0.824767,1.000000,0.811022,0.826104,0.759139,0.789614,0.819657,0.794005,0.812752,0.802773,0.812811,0.804065,0.835978,0.833957,0.812322,0.843820,0.813531,0.816173,0.820436,0.797480,0.796612,0.824761,0.802195,0.791953,0.818226,0.806669,0.815578,0.810574,0.812932,0.798836,0.796455,0.823857,0.791740,0.791425,0.844791,0.830360,0.804217,0.812389,0.832854,0.777699,0.809826,0.799808,0.785374,0.781406,0.854099,0.816478,0.826662,0.823210,0.800423,0.809561,0.817746,0.818424,0.841545,0.828625,0.852108,0.789358,0.803847,0.812613,0.817234,0.824486,0.823394,0.790649,0.834973,0.800215,0.845300,0.815151,0.793641,0.828052,0.817716,0.812493,0.760722,0.780786,0.829782,0.810688,0.821351,0.811498,0.819077,0.778085,0.792615,0.824994,0.814486,0.814328,0.795606,0.825523,0.776185,0.835956,0.789688,0.805615,0.793592,0.811978,0.838286,0.782127,0.810659,0.817626,0.754413,0.794840,0.816609,0.816773,0.768995,0.788165,0.799092,0.831225,0.804697,0.816991,0.807456,0.766554,0.810316,0.808519,0.789078,0.819754,0.820940,0.839818,0.827320,0.799670,0.842081,0.801898,0.774276,0.768012,0.789107,0.812902,0.823242,0.835735,0.795298,0.815879,0.807380,0.799759,0.802323,0.772976,0.811143,0.809624,0.832336,0.820464,0.791529,0.812078,0.826594,0.819648,0.834350,0.794073,0.797185,0.803536,0.803123,0.827965,0.831451,0.835014,0.833439,0.775004,0.819443,0.776839,0.784521,0.802836,0.813978,0.812778,0.792644,0.795427,0.810234,0.818890,0.759541,0.838672,0.785025,0.788009,0.788101,0.832730,0.788290,0.806044,0.805697,0.832971,0.779342,0.763794,0.768517,0.817128,0.813865,0.781483,0.801380,0.822034,0.818330,0.788646,0.807669,0.825863,0.783608,0.800449,#
