0,1.000000,0.382495,0.414665,0.406914,0.410132,0.421122,0.411961,0.398694,0.401203,0.312675,0.422434,0.367118,0.357333,0.363402,0.409162,0.516645,0.469435,0.501400,0.467026,0.481537,0.421160,0.347683,0.454618,0.496351,0.321024,0.369265,0.404501,0.356485,0.411814,0.409124,0.323125,0.511341,0.394181,0.455098,0.469213,0.356258,0.317909,0.399654,0.493183,0.425175,0.442373,0.364440,0.490808,0.331383,0.435842,0.367882,0.354726,0.474057,0.419707,0.422516,0.416912,0.450748,0.440058,0.451752,0.457785,0.444210,0.482325,0.471784,0.374283,0.393183,0.408971,0.381083,0.512643,0.358719,0.432367,0.320284,0.382781,0.368870,0.344540,0.358792,0.371740,0.368558,0.448482,0.531062,0.372680,0.308483,0.484297,0.381274,0.451597,0.392077,0.353159,0.413028,0.460334,0.424711,0.422142,0.437900,0.507566,0.502950,0.435661,0.474252,0.398519,0.352005,0.453500,0.387164,0.392208,0.441569,0.394800,0.357559,0.394148,0.455812,0.432299,0.408285,0.366946,0.419496,0.359022,0.484360,0.386389,0.432870,0.413040,0.250269,0.360001,0.434180,0.360782,0.431189,0.498929,0.450365,0.435080,0.348294,0.396342,0.408417,0.397892,0.463802,0.495495,0.454951,0.509352,0.445485,0.390213,0.363898,0.387414,0.447823,0.441305,0.413991,0.386694,0.373610,0.422755,0.447141,0.392310,0.461286,0.311988,0.463206,0.410662,0.353269,0.302325,0.387793,0.357297,0.280317,0.415395,0.331076,0.442892,0.342399,0.343363,0.448471,0.413645,0.335979,0.429864,0.434901,0.470098,0.422537,0.467750,0.385156,0.431922,0.423479,0.444372,0.333533,0.408411,0.432359,0.375433,0.436314,0.466919,0.370468,0.363908,0.352278,0.463053,0.446191,0.350597,0.452652,0.513828,0.450915,0.405066,0.283186,0.415711,0.423676,0.332806,0.399804,0.395023,0.330475,0.339873,0.453173,0.456927,0.316255,0.273900,0.441770,0.322131,0.436978,0.470249,0.423710,0.308029,0.454819,0.384744,0.434013,#
1,0.382495,1.000000,0.427776,0.415332,0.373467,0.416595,0.397160,0.447219,0.540894,0.377003,0.476913,0.436366,0.393311,0.326687,0.368241,0.365016,0.372843,0.417180,0.359877,0.440562,0.364127,0.473871,0.384764,0.298501,0.367919,0.316627,0.388420,0.512857,0.335118,0.395367,0.436782,0.430602,0.343229,0.457179,0.326607,0.433247,0.361465,0.436509,0.530936,0.343890,0.384582,0.291412,0.423281,0.364992,0.384824,0.358035,0.491691,0.382676,0.422131,0.301829,0.406525,0.436032,0.452107,0.431745,0.465735,0.389081,0.413691,0.331717,0.257293,0.318448,0.379131,0.363829,0.405326,0.353535,0.351416,0.431958,0.397730,0.380301,0.379094,0.473772,0.389378,0.412372,0.506544,0.375619,0.447121,0.421055,0.351333,0.295149,0.463238,0.368277,0.435847,0.414568,0.403012,0.378871,0.464618,0.333199,0.435673,0.492359,0.426605,0.350358,0.395393,0.366663,0.389215,0.436784,0.440668,0.377506,0.310767,0.373073,0.374271,0.412991,0.474705,0.386410,0.373574,0.344871,0.312671,0.471268,0.341573,0.449780,0.402170,0.374392,0.356103,0.363059,0.335822,0.438522,0.403021,0.438609,0.433890,0.350217,0.352134,0.344824,0.339392,0.424909,0.373431,0.436746,0.411534,0.365249,0.376412,0.413809,0.421166,0.449796,0.333224,0.521623,0.362099,0.393630,0.450855,0.385138,0.409321,0.448520,0.417664,0.453024,0.481111,0.357383,0.392362,0.501725,0.457135,0.338547,0.338566,0.317535,0.414602,0.267417,0.432862,0.442742,0.371268,0.271217,0.494069,0.434176,0.360993,0.366737,0.254395,0.265691,0.374131,0.423610,0.463621,0.450107,0.377013,0.269184,0.369273,0.285681,0.355961,0.411935,0.439647,0.426095,0.411149,0.363003,0.383137,0.434940,0.431905,0.507128,0.339079,0.299339,0.394385,0.347081,0.345865,0.408467,0.424919,0.456596,0.353769,0.283153,0.454339,0.423323,0.450451,0.442061,0.299305,0.426032,0.434205,0.299022,0.271448,0.452722,0.276842,0.440253,#
2,0.414665,0.427776,1.000000,0.406119,0.467303,0.432734,0.450657,0.432641,0.469197,0.360375,0.434713,0.432581,0.352172,0.475086,0.349642,0.471850,0.323816,0.431329,0.407930,0.453523,0.459955,0.445746,0.328357,0.416709,0.398088,0.414167,0.510339,0.465381,0.426848,0.395721,0.401805,0.422655,0.401739,0.381657,0.409250,0.396010,0.380342,0.384233,0.492668,0.303664,0.389916,0.363612,0.505869,0.343150,0.436907,0.376653,0.440248,0.355915,0.371603,0.368519,0.453958,0.524113,0.488672,0.411259,0.473500,0.407538,0.463207,0.361776,0.452355,0.414300,0.571213,0.397555,0.373981,0.442434,0.452978,0.415477,0.374945,0.404177,0.398253,0.426328,0.377821,0.441674,0.383739,0.456850,0.465755,0.376948,0.403423,0.364978,0.435398,0.392096,0.424306,0.407766,0.468600,0.315905,0.484091,0.447189,0.408471,0.570383,0.367530,0.346198,0.415681,0.396013,0.514165,0.496639,0.414411,0.457496,0.431770,0.408602,0.506404,0.409833,0.414576,0.415688,0.358090,0.446718,0.292447,0.477484,0.427990,0.445414,0.383076,0.353317,0.457319,0.395222,0.468794,0.412510,0.364041,0.407665,0.471572,0.410329,0.302413,0.410506,0.402982,0.347673,0.363191,0.476477,0.454527,0.311885,0.432992,0.437553,0.445426,0.457857,0.398089,0.490148,0.468908,0.479347,0.487665,0.369087,0.469401,0.446999,0.477131,0.424055,0.371157,0.450341,0.356916,0.343415,0.473236,0.385496,0.253581,0.380816,0.454793,0.358165,0.459832,0.445028,0.475028,0.442835,0.392297,0.392132,0.411561,0.280782,0.423875,0.382493,0.319928,0.412519,0.453645,0.462220,0.359408,0.407921,0.414586,0.279413,0.350724,0.404284,0.388096,0.460824,0.480255,0.350081,0.420805,0.406680,0.437240,0.467447,0.324236,0.308191,0.412424,0.507712,0.199764,0.521241,0.403363,0.434269,0.367023,0.331424,0.444361,0.372462,0.370054,0.450894,0.531817,0.459454,0.445978,0.381073,0.239801,0.414114,0.381447,0.497606,#
3,0.406914,0.415332,0.406119,1.000000,0.485104,0.418402,0.436397,0.436016,0.551539,0.402154,0.462892,0.403388,0.409382,0.400964,0.425534,0.411804,0.373706,0.489467,0.502331,0.506010,0.466734,0.403581,0.459007,0.436454,0.410430,0.454578,0.455724,0.477457,0.446092,0.468920,0.437777,0.505595,0.502326,0.502029,0.371621,0.424802,0.372343,0.499180,0.514941,0.453881,0.426526,0.454511,0.494932,0.514455,0.403823,0.484611,0.420817,0.427253,0.371635,0.316216,0.505933,0.450136,0.528767,0.346328,0.401509,0.487468,0.446810,0.391048,0.401476,0.476480,0.436978,0.353743,0.401263,0.410369,0.590142,0.387856,0.331433,0.293009,0.253269,0.446793,0.347364,0.441157,0.465643,0.412665,0.390125,0.396327,0.373326,0.383731,0.394745,0.333766,0.525557,0.418474,0.508622,0.342902,0.469411,0.437312,0.446149,0.429483,0.433410,0.403587,0.526301,0.443454,0.430720,0.482973,0.429130,0.439455,0.350668,0.322188,0.456222,0.364545,0.422756,0.408784,0.398679,0.324165,0.545554,0.385237,0.377179,0.426325,0.334592,0.338197,0.428153,0.324648,0.371948,0.440922,0.415845,0.446848,0.370846,0.400505,0.360767,0.380020,0.414503,0.449837,0.420754,0.429865,0.418815,0.469790,0.401281,0.513651,0.354792,0.375125,0.480385,0.485703,0.424845,0.459867,0.432708,0.471354,0.402207,0.434628,0.405925,0.434341,0.306764,0.492905,0.447968,0.322364,0.410161,0.443998,0.417630,0.498817,0.443224,0.422940,0.393267,0.384526,0.355214,0.436684,0.472832,0.345240,0.398451,0.374904,0.499999,0.372647,0.424070,0.401467,0.443839,0.451535,0.366672,0.360910,0.431819,0.364745,0.402131,0.384263,0.461306,0.371308,0.424935,0.352449,0.380087,0.419748,0.527374,0.470495,0.345280,0.392470,0.327087,0.540144,0.372705,0.349365,0.356213,0.407090,0.377291,0.367450,0.437059,0.476804,0.450967,0.409854,0.393033,0.381287,0.478577,0.426882,0.401013,0.410248,0.342938,0.380100,#
4,0.410132,0.373467,0.467303,0.485104,1.000000,0.502165,0.400533,0.502292,0.488475,0.423685,0.325732,0.454800,0.431865,0.432610,0.411404,0.467032,0.422499,0.527106,0.452352,0.585390,0.588656,0.370818,0.438277,0.478515,0.391042,0.464053,0.430515,0.376959,0.486363,0.439802,0.479684,0.483783,0.459800,0.428384,0.415584,0.431826,0.519769,0.422676,0.470349,0.422486,0.475460,0.416269,0.422481,0.412072,0.461354,0.498120,0.494488,0.463121,0.459514,0.362941,0.477172,0.467711,0.510058,0.449357,0.536454,0.515747,0.440424,0.455032,0.467455,0.426412,0.416872,0.462972,0.437822,0.371140,0.477884,0.433828,0.380915,0.388146,0.313771,0.418122,0.426041,0.456474,0.443286,0.492552,0.422629,0.304546,0.379595,0.449679,0.466111,0.490371,0.446790,0.462623,0.446425,0.341508,0.508122,0.437449,0.416832,0.434407,0.414593,0.407521,0.509064,0.395692,0.453926,0.451663,0.448221,0.475305,0.395122,0.363809,0.353490,0.396924,0.449935,0.433279,0.509713,0.396339,0.392829,0.490767,0.394879,0.470901,0.488927,0.425350,0.430949,0.446732,0.428273,0.560476,0.452216,0.389482,0.501426,0.419876,0.354554,0.366139,0.371982,0.404880,0.489112,0.385624,0.508738,0.410014,0.411414,0.481530,0.524713,0.435916,0.480886,0.439019,0.456191,0.488122,0.529522,0.468245,0.436872,0.440901,0.439170,0.387179,0.366500,0.414331,0.505444,0.373161,0.474875,0.440615,0.416342,0.473659,0.421690,0.421528,0.439289,0.482439,0.387518,0.500900,0.545425,0.464730,0.547986,0.370395,0.375114,0.400798,0.446164,0.367944,0.485802,0.320861,0.281323,0.389068,0.353030,0.344892,0.466631,0.429463,0.371363,0.436751,0.587841,0.418452,0.491659,0.473195,0.568675,0.528897,0.386267,0.414951,0.376238,0.404317,0.408888,0.417616,0.493120,0.455046,0.289362,0.492301,0.472297,0.501401,0.296324,0.431061,0.380584,0.439659,0.438510,0.433227,0.386301,0.435329,0.481980,0.477371,#
5,0.421122,0.416595,0.432734,0.418402,0.502165,1.000000,0.331078,0.488489,0.474862,0.378009,0.448887,0.401939,0.362020,0.311946,0.416323,0.456605,0.369146,0.452795,0.272460,0.565345,0.396282,0.372163,0.417287,0.402409,0.384997,0.372713,0.487691,0.460204,0.465143,0.405854,0.519419,0.505388,0.463411,0.452491,0.351216,0.437496,0.406337,0.379132,0.475860,0.361788,0.520151,0.364382,0.366421,0.425310,0.418748,0.484886,0.478835,0.387799,0.480963,0.271582,0.478746,0.470149,0.398096,0.431385,0.395222,0.524485,0.452686,0.356425,0.540076,0.405124,0.382503,0.452112,0.461730,0.455653,0.513563,0.410345,0.325707,0.366917,0.345371,0.328737,0.408968,0.395413,0.489445,0.465492,0.372383,0.418415,0.443991,0.346028,0.433859,0.427545,0.492054,0.397380,0.495529,0.322258,0.370908,0.407485,0.466291,0.484004,0.428436,0.288078,0.345176,0.417629,0.533706,0.566253,0.420701,0.443495,0.336422,0.403214,0.468907,0.407304,0.422792,0.437613,0.406656,0.408327,0.377957,0.518180,0.399288,0.449366,0.373443,0.363597,0.365635,0.466297,0.324164,0.414686,0.390240,0.355823,0.473912,0.396034,0.298364,0.377872,0.342645,0.451766,0.406237,0.452260,0.354369,0.371604,0.423716,0.403684,0.422050,0.463787,0.504257,0.484999,0.516925,0.532651,0.482337,0.456732,0.445491,0.449754,0.362424,0.350179,0.375806,0.373126,0.423423,0.420754,0.472927,0.364358,0.346206,0.361743,0.426948,0.366484,0.462507,0.410996,0.401071,0.410207,0.444574,0.378717,0.490612,0.330739,0.419174,0.326899,0.451452,0.373785,0.487863,0.381175,0.376412,0.379017,0.285098,0.471385,0.490861,0.426104,0.525461,0.433090,0.479417,0.374647,0.422041,0.394867,0.464532,0.479762,0.391949,0.377348,0.445474,0.399868,0.441408,0.414064,0.450794,0.454144,0.419779,0.382788,0.377165,0.390152,0.313802,0.468437,0.352023,0.389385,0.390584,0.334736,0.300300,0.417057,0.388699,0.464670,#
6,0.411961,0.397160,0.450657,0.436397,0.400533,0.331078,1.000000,0.379779,0.458480,0.308122,0.337807,0.372971,0.395579,0.459216,0.290277,0.369746,0.368632,0.463484,0.404933,0.399733,0.479821,0.390388,0.271450,0.360923,0.364726,0.348644,0.390549,0.400469,0.377957,0.461728,0.388867,0.465365,0.346050,0.415092,0.391628,0.401415,0.273978,0.358838,0.376894,0.400567,0.350767,0.367467,0.426698,0.346477,0.456963,0.332240,0.402968,0.287493,0.481309,0.325307,0.459418,0.468868,0.459524,0.347419,0.413122,0.416533,0.366735,0.418548,0.435289,0.388078,0.410542,0.314841,0.381373,0.345096,0.492995,0.453272,0.419847,0.337363,0.321334,0.377888,0.304754,0.387057,0.342491,0.514347,0.437300,0.332340,0.387997,0.326378,0.404811,0.303345,0.348900,0.395335,0.431319,0.341762,0.323042,0.418238,0.391071,0.410870,0.396462,0.339640,0.372393,0.338856,0.339347,0.375022,0.378460,0.375510,0.424588,0.377995,0.378372,0.437148,0.406541,0.424195,0.458455,0.366625,0.277816,0.376312,0.430112,0.334983,0.343698,0.331840,0.332644,0.340112,0.274121,0.369052,0.421848,0.325471,0.500003,0.364292,0.366172,0.332019,0.434735,0.400405,0.358327,0.461332,0.473070,0.461104,0.335114,0.423589,0.273256,0.355897,0.361837,0.425849,0.431743,0.374839,0.401408,0.405811,0.406071,0.371977,0.461908,0.408466,0.380028,0.419714,0.313740,0.288757,0.339167,0.400005,0.315772,0.321109,0.369467,0.240206,0.473990,0.370014,0.357042,0.307226,0.428008,0.385602,0.368533,0.421266,0.427105,0.320535,0.351697,0.411666,0.425784,0.427994,0.342840,0.412548,0.385086,0.287182,0.399591,0.369606,0.396139,0.374037,0.350444,0.298341,0.387850,0.414303,0.424275,0.401137,0.404249,0.266012,0.346552,0.340661,0.409505,0.423347,0.352787,0.383161,0.284791,0.440258,0.324478,0.389751,0.296441,0.450422,0.329633,0.456345,0.390897,0.289908,0.339170,0.416879,0.380515,0.430766,#
7,0.398694,0.447219,0.432641,0.436016,0.502292,0.488489,0.379779,1.000000,0.579966,0.396129,0.448276,0.536299,0.397668,0.428483,0.483755,0.411397,0.467775,0.545131,0.450289,0.458562,0.454243,0.428075,0.499942,0.423971,0.516743,0.427145,0.445203,0.514991,0.418143,0.438887,0.376985,0.463495,0.459399,0.445886,0.371992,0.407553,0.403383,0.367043,0.498822,0.409869,0.471829,0.355720,0.429612,0.472644,0.497271,0.471986,0.465954,0.446570,0.399891,0.309142,0.519744,0.436919,0.452741,0.467499,0.415713,0.422110,0.433427,0.524711,0.435361,0.403024,0.394988,0.443219,0.484781,0.385311,0.491100,0.484982,0.432955,0.394892,0.396514,0.518890,0.427672,0.312693,0.548370,0.473010,0.423897,0.361413,0.400172,0.333554,0.475562,0.484893,0.474303,0.446024,0.499005,0.364116,0.464963,0.446082,0.512832,0.483329,0.414268,0.448234,0.417669,0.413600,0.463357,0.502382,0.456711,0.375738,0.408080,0.484550,0.419129,0.458779,0.484274,0.391596,0.431107,0.410296,0.360585,0.493568,0.426732,0.456407,0.375471,0.362782,0.459280,0.382516,0.446008,0.494957,0.522062,0.440981,0.447084,0.311721,0.305927,0.512652,0.435366,0.492635,0.387550,0.485299,0.523492,0.420938,0.476935,0.503551,0.391713,0.351514,0.461093,0.467341,0.529936,0.385461,0.569999,0.539954,0.398058,0.512980,0.406512,0.445989,0.455301,0.407075,0.433864,0.316235,0.437112,0.413521,0.435185,0.358053,0.431564,0.417493,0.441894,0.487258,0.452395,0.446549,0.443835,0.495066,0.465999,0.404476,0.483698,0.399654,0.469356,0.334937,0.587817,0.325467,0.330132,0.460135,0.473386,0.345487,0.404552,0.380541,0.494825,0.481530,0.473196,0.448867,0.461957,0.476107,0.434547,0.455015,0.340965,0.440743,0.510636,0.412940,0.378679,0.466809,0.361201,0.466244,0.310705,0.348852,0.438487,0.511669,0.454775,0.447827,0.413404,0.373992,0.445924,0.371439,0.320716,0.451291,0.428727,0.425701,#
8,0.401203,0.540894,0.469197,0.551539,0.488475,0.474862,0.458480,0.579966,1.000000,0.455136,0.437063,0.488184,0.429427,0.395985,0.486816,0.512292,0.359848,0.510094,0.422860,0.475705,0.384092,0.498418,0.449639,0.442138,0.292947,0.455165,0.427067,0.545683,0.408142,0.478301,0.378637,0.478426,0.408586,0.462832,0.377931,0.435273,0.424770,0.406855,0.464877,0.424239,0.435232,0.443361,0.483591,0.418892,0.480097,0.404938,0.387870,0.385568,0.459964,0.383018,0.501773,0.551758,0.441283,0.524816,0.447864,0.526949,0.445592,0.509280,0.400590,0.461149,0.475422,0.427268,0.497826,0.344508,0.489761,0.532198,0.419319,0.393374,0.451361,0.509039,0.419820,0.388930,0.500090,0.521614,0.440103,0.418722,0.364971,0.390855,0.426850,0.455112,0.458223,0.468421,0.490773,0.382944,0.489168,0.461801,0.428441,0.458660,0.350800,0.453697,0.458477,0.454559,0.502730,0.427413,0.549683,0.463940,0.415737,0.406809,0.488839,0.404035,0.445009,0.404593,0.460624,0.434412,0.427155,0.482363,0.450918,0.485276,0.366477,0.431272,0.423596,0.417416,0.420566,0.449859,0.502478,0.495432,0.472011,0.357261,0.386130,0.516158,0.427439,0.414947,0.462243,0.459267,0.474621,0.481051,0.437039,0.541905,0.390254,0.445034,0.418983,0.394517,0.490346,0.515062,0.565420,0.476641,0.380903,0.468761,0.382711,0.436965,0.408704,0.497377,0.482097,0.353703,0.422355,0.376380,0.481601,0.357428,0.433836,0.379297,0.483814,0.427824,0.418251,0.523374,0.512564,0.515228,0.471749,0.468512,0.457409,0.463811,0.420285,0.383841,0.519009,0.457535,0.428912,0.383960,0.440699,0.338729,0.459651,0.489333,0.444364,0.450067,0.475195,0.377811,0.532872,0.438744,0.421385,0.510138,0.415910,0.352327,0.448866,0.458460,0.302729,0.514725,0.437138,0.501364,0.332662,0.362307,0.466641,0.464918,0.444888,0.450827,0.476824,0.404145,0.485606,0.397630,0.394564,0.401427,0.371839,0.441666,#
9,0.312675,0.377003,0.360375,0.402154,0.423685,0.378009,0.308122,0.396129,0.455136,1.000000,0.399271,0.279656,0.348715,0.371026,0.412349,0.380501,0.330676,0.363620,0.348954,0.487168,0.464298,0.358446,0.382974,0.387499,0.278738,0.309241,0.403378,0.485849,0.347206,0.441621,0.385946,0.375927,0.343276,0.482840,0.460086,0.368628,0.269743,0.352772,0.402462,0.325163,0.459336,0.365652,0.376189,0.301236,0.385313,0.369166,0.327835,0.325302,0.283183,0.258199,0.338360,0.399716,0.304331,0.366349,0.287726,0.382537,0.320585,0.400531,0.411366,0.339665,0.385846,0.377028,0.443447,0.395624,0.412010,0.485916,0.332442,0.333140,0.342077,0.272040,0.423484,0.353570,0.357606,0.396219,0.367770,0.352007,0.179113,0.330360,0.420966,0.453715,0.328534,0.415371,0.323033,0.276616,0.450037,0.297989,0.373430,0.455247,0.247449,0.217606,0.359301,0.391426,0.458071,0.352878,0.412717,0.389077,0.328653,0.426539,0.390481,0.226245,0.344548,0.375648,0.402958,0.337180,0.465954,0.449951,0.347651,0.277454,0.403956,0.346662,0.388413,0.376337,0.416920,0.487580,0.281013,0.409445,0.287729,0.329479,0.294443,0.268979,0.348673,0.399341,0.363418,0.404726,0.358813,0.346025,0.306578,0.390460,0.405646,0.384968,0.318613,0.381983,0.424255,0.483931,0.433478,0.367083,0.349743,0.432557,0.311144,0.331843,0.239649,0.466814,0.414707,0.332398,0.306625,0.365550,0.370505,0.379114,0.338424,0.363125,0.307518,0.291201,0.442408,0.432164,0.454499,0.367389,0.339547,0.381710,0.412911,0.314424,0.403208,0.314774,0.391904,0.443516,0.334508,0.295078,0.330483,0.299606,0.509001,0.277809,0.397145,0.416631,0.378463,0.384884,0.385170,0.488482,0.357041,0.427160,0.364929,0.333944,0.342145,0.322372,0.342086,0.416230,0.342225,0.490542,0.223278,0.304831,0.514046,0.362321,0.367144,0.394155,0.314547,0.350197,0.354690,0.303400,0.274995,0.338600,0.267186,0.368057,#
10,0.422434,0.476913,0.434713,0.462892,0.325732,0.448887,0.337807,0.448276,0.437063,0.399271,1.000000,0.380532,0.261000,0.328807,0.351029,0.426810,0.334823,0.397170,0.405853,0.452432,0.361462,0.333682,0.313578,0.416646,0.302403,0.272085,0.345624,0.542409,0.360362,0.450742,0.377038,0.412058,0.392404,0.431004,0.406019,0.397242,0.329511,0.389633,0.507470,0.299864,0.452031,0.319585,0.332249,0.317615,0.352068,0.448664,0.423194,0.413258,0.443557,0.435144,0.327544,0.402998,0.414333,0.355546,0.346808,0.368757,0.397907,0.338565,0.304171,0.375846,0.375723,0.415621,0.437312,0.470811,0.497851,0.357169,0.344234,0.249070,0.281123,0.398196,0.309762,0.439865,0.440333,0.378967,0.316972,0.410571,0.317625,0.344596,0.389875,0.336154,0.484180,0.391932,0.457556,0.343433,0.443937,0.302952,0.464286,0.501608,0.359255,0.409985,0.352412,0.403156,0.480798,0.464596,0.413682,0.459974,0.266886,0.332343,0.482436,0.443849,0.345680,0.334893,0.392336,0.367977,0.463476,0.348848,0.302596,0.433449,0.332227,0.341733,0.344525,0.363176,0.323897,0.387291,0.420801,0.455194,0.363371,0.309023,0.363684,0.379750,0.394420,0.518317,0.285129,0.394477,0.274926,0.373739,0.472052,0.471999,0.407747,0.339112,0.335168,0.403581,0.380894,0.403265,0.474333,0.374613,0.309984,0.466085,0.331540,0.352739,0.501270,0.336670,0.306365,0.343987,0.343494,0.265949,0.269124,0.297654,0.391581,0.300929,0.432923,0.417881,0.456045,0.329415,0.452048,0.364268,0.462968,0.303002,0.429315,0.303587,0.490407,0.283423,0.498805,0.393626,0.369208,0.331595,0.477120,0.312036,0.421616,0.406720,0.421821,0.367304,0.325288,0.373430,0.387454,0.371873,0.462565,0.496388,0.265444,0.393223,0.361670,0.316744,0.404130,0.353165,0.353683,0.431212,0.231666,0.284076,0.358422,0.462281,0.420552,0.360799,0.364643,0.382486,0.481800,0.335435,0.213445,0.450921,0.350951,0.484990,#
11,0.367118,0.436366,0.432581,0.403388,0.454800,0.401939,0.372971,0.536299,0.488184,0.279656,0.380532,1.000000,0.407414,0.369120,0.320572,0.350568,0.356190,0.483869,0.420607,0.329537,0.379333,0.403175,0.328245,0.290402,0.373002,0.416414,0.310373,0.472054,0.386277,0.395591,0.402225,0.427448,0.403816,0.421222,0.352543,0.377943,0.434147,0.338640,0.370079,0.420011,0.376364,0.405598,0.446032,0.389833,0.370512,0.419950,0.450611,0.369364,0.395196,0.302710,0.422830,0.451588,0.425915,0.462557,0.402684,0.352633,0.286614,0.474511,0.380657,0.338736,0.338230,0.337599,0.485891,0.318466,0.456320,0.439306,0.374172,0.358876,0.401622,0.442308,0.337192,0.353311,0.439994,0.397645,0.337572,0.241301,0.400541,0.320487,0.390663,0.258417,0.430945,0.392624,0.421848,0.291936,0.414095,0.358794,0.330084,0.394382,0.399134,0.288038,0.329509,0.448963,0.450556,0.446146,0.409876,0.470867,0.336480,0.352188,0.427922,0.362960,0.353494,0.390020,0.362349,0.368306,0.339059,0.502339,0.360115,0.442752,0.420107,0.395741,0.494328,0.407527,0.424513,0.428419,0.278510,0.461709,0.361960,0.382836,0.246092,0.442837,0.322605,0.406274,0.410644,0.342027,0.426503,0.367404,0.350388,0.386340,0.423079,0.355945,0.402813,0.425434,0.487208,0.447905,0.457145,0.406416,0.337730,0.469098,0.367581,0.436207,0.384129,0.314221,0.359852,0.367188,0.462539,0.274262,0.433668,0.327223,0.314142,0.366552,0.382186,0.423819,0.393986,0.404618,0.449122,0.395724,0.424096,0.298304,0.444968,0.312268,0.328621,0.386173,0.439475,0.321904,0.352936,0.250607,0.454764,0.287491,0.416482,0.452607,0.379886,0.382214,0.394936,0.353491,0.348664,0.408094,0.378561,0.399776,0.296285,0.381793,0.404215,0.338516,0.346993,0.352541,0.368026,0.353905,0.253316,0.418577,0.427336,0.446882,0.401066,0.335884,0.463213,0.424008,0.463403,0.382595,0.316716,0.387923,0.341457,0.349204,#
12,0.357333,0.393311,0.352172,0.409382,0.431865,0.362020,0.395579,0.397668,0.429427,0.348715,0.261000,0.407414,1.000000,0.378202,0.466946,0.372890,0.469061,0.439763,0.425642,0.491855,0.397707,0.399764,0.414708,0.405618,0.302973,0.357667,0.364876,0.426981,0.451416,0.339512,0.312989,0.440602,0.427124,0.435879,0.384825,0.444541,0.352680,0.331836,0.411062,0.372840,0.307859,0.258222,0.370500,0.496133,0.395660,0.392434,0.444777,0.299499,0.405456,0.298675,0.495152,0.412145,0.403753,0.419347,0.475378,0.350521,0.290915,0.395726,0.347126,0.245047,0.288222,0.405598,0.290411,0.372003,0.533501,0.415678,0.329238,0.288551,0.381140,0.371437,0.345952,0.351994,0.413564,0.410250,0.469596,0.388998,0.382708,0.263089,0.390875,0.350359,0.408390,0.365295,0.388315,0.351034,0.331926,0.433089,0.362599,0.433247,0.443717,0.331036,0.376861,0.349030,0.408827,0.335989,0.363177,0.439761,0.526592,0.416512,0.353617,0.300374,0.344851,0.404462,0.383802,0.390667,0.359386,0.381715,0.307491,0.294202,0.325338,0.319865,0.428243,0.308600,0.353861,0.401012,0.482464,0.307570,0.426285,0.241419,0.383265,0.294331,0.407597,0.392416,0.428030,0.453458,0.438461,0.300967,0.350773,0.307379,0.299570,0.348858,0.346935,0.357166,0.334249,0.378727,0.406022,0.338831,0.399936,0.412685,0.433867,0.320182,0.418476,0.457809,0.368389,0.315367,0.349900,0.352233,0.360008,0.367509,0.385840,0.427257,0.306743,0.444698,0.355938,0.325886,0.330718,0.484463,0.404913,0.308909,0.400571,0.348777,0.358972,0.482692,0.462524,0.396519,0.424258,0.219317,0.419057,0.402118,0.319076,0.314900,0.433520,0.398556,0.377860,0.418660,0.358477,0.343899,0.487090,0.499224,0.360221,0.263079,0.352310,0.414196,0.361522,0.393453,0.273802,0.365919,0.327958,0.456213,0.396025,0.316528,0.344171,0.305923,0.348064,0.418696,0.325841,0.391444,0.324071,0.418304,0.399054,0.262110,#
13,0.363402,0.326687,0.475086,0.400964,0.432610,0.311946,0.459216,0.428483,0.395985,0.371026,0.328807,0.369120,0.378202,1.000000,0.404588,0.384472,0.402693,0.447218,0.457087,0.481709,0.462026,0.366399,0.409616,0.382382,0.314881,0.411305,0.392485,0.502562,0.453434,0.442734,0.300326,0.443126,0.464332,0.475713,0.378545,0.349751,0.399410,0.422420,0.403015,0.403945,0.473441,0.372345,0.423304,0.394070,0.514289,0.441893,0.411636,0.396385,0.463973,0.311745,0.466063,0.515074,0.407272,0.474464,0.437771,0.428041,0.370270,0.438665,0.391972,0.410520,0.458799,0.440233,0.420776,0.435875,0.456406,0.422799,0.452913,0.338286,0.391674,0.360592,0.308861,0.380661,0.280141,0.493034,0.483009,0.405540,0.397912,0.364154,0.475282,0.404447,0.398796,0.440242,0.476643,0.393942,0.375360,0.416699,0.373319,0.390152,0.463477,0.353116,0.391404,0.423287,0.434004,0.486397,0.432165,0.323022,0.410896,0.368647,0.361621,0.495013,0.378176,0.447573,0.408458,0.555664,0.387259,0.524781,0.347408,0.434330,0.404555,0.377384,0.424776,0.405580,0.486105,0.459246,0.447159,0.467967,0.435778,0.477165,0.349365,0.444660,0.427044,0.427725,0.376994,0.372807,0.474965,0.296567,0.384068,0.323328,0.426592,0.352722,0.331744,0.435646,0.388744,0.380665,0.495062,0.394139,0.385862,0.434371,0.480283,0.409127,0.209938,0.464851,0.507940,0.388134,0.377935,0.424715,0.391448,0.422212,0.406661,0.377645,0.383442,0.435441,0.343349,0.501927,0.409973,0.452246,0.368250,0.383569,0.477445,0.407021,0.408226,0.462981,0.400498,0.463974,0.344490,0.354270,0.417291,0.329209,0.486920,0.337310,0.408693,0.513115,0.472931,0.383381,0.483041,0.440076,0.475932,0.525699,0.443002,0.289637,0.333530,0.463006,0.379831,0.445199,0.469576,0.462898,0.363060,0.405292,0.318665,0.412735,0.411364,0.438412,0.405970,0.479367,0.429178,0.326705,0.327364,0.368910,0.394893,0.371789,#
14,0.409162,0.368241,0.349642,0.425534,0.411404,0.416323,0.290277,0.483755,0.486816,0.412349,0.351029,0.320572,0.466946,0.404588,1.000000,0.449991,0.424671,0.384925,0.412865,0.507638,0.446033,0.378982,0.364599,0.490502,0.312418,0.246840,0.453368,0.459594,0.432355,0.423021,0.340992,0.500133,0.397988,0.396260,0.419130,0.368116,0.346914,0.401295,0.437800,0.367776,0.338268,0.297762,0.472590,0.366880,0.435365,0.475558,0.393903,0.294602,0.293444,0.322656,0.431769,0.365626,0.398528,0.498788,0.436370,0.418286,0.409366,0.357199,0.388181,0.334863,0.395243,0.454242,0.425801,0.379089,0.391581,0.302345,0.360113,0.385421,0.326486,0.468016,0.388033,0.351185,0.395727,0.406949,0.506761,0.381701,0.432862,0.365874,0.380879,0.287966,0.455114,0.473721,0.460202,0.436885,0.398535,0.415363,0.357613,0.480558,0.402074,0.285396,0.351033,0.347048,0.450233,0.453056,0.455109,0.431905,0.551082,0.395118,0.364371,0.283903,0.422763,0.434156,0.447772,0.375373,0.448572,0.416884,0.361192,0.328172,0.314323,0.336580,0.404213,0.309309,0.424137,0.457296,0.393964,0.405535,0.405060,0.322576,0.306827,0.400014,0.447560,0.461051,0.337430,0.395562,0.496907,0.260068,0.370446,0.477296,0.340919,0.471701,0.344244,0.387515,0.368839,0.429382,0.445386,0.409189,0.306809,0.422659,0.358467,0.398227,0.359920,0.428762,0.356897,0.398676,0.309570,0.462171,0.452770,0.387727,0.339533,0.285747,0.427259,0.398788,0.282697,0.372838,0.491769,0.432566,0.424520,0.360863,0.372299,0.379913,0.371356,0.324288,0.460165,0.369657,0.344215,0.254250,0.324371,0.307206,0.349304,0.457753,0.438086,0.393563,0.456049,0.407218,0.357782,0.430969,0.466967,0.467769,0.381107,0.261769,0.403082,0.481705,0.380899,0.392869,0.388915,0.380111,0.396802,0.252550,0.362718,0.431987,0.276497,0.373236,0.437079,0.426520,0.385994,0.360280,0.277865,0.328517,0.328225,0.296722,#
15,0.516645,0.365016,0.471850,0.411804,0.467032,0.456605,0.369746,0.411397,0.512292,0.380501,0.426810,0.350568,0.372890,0.384472,0.449991,1.000000,0.440405,0.496319,0.424685,0.490809,0.404366,0.380138,0.394731,0.473908,0.371586,0.458129,0.422680,0.417426,0.444805,0.487164,0.391341,0.502513,0.365366,0.467067,0.383134,0.484317,0.420162,0.343639,0.523173,0.327191,0.402885,0.374257,0.457587,0.363934,0.502562,0.401885,0.385390,0.461671,0.426693,0.423585,0.365539,0.528171,0.446885,0.433204,0.431305,0.416741,0.461952,0.402022,0.401436,0.393388,0.459470,0.368369,0.471617,0.428807,0.420014,0.475117,0.353338,0.356309,0.325456,0.296052,0.438257,0.346402,0.366820,0.400155,0.401883,0.337568,0.394383,0.381992,0.385829,0.398069,0.532294,0.424417,0.338678,0.454842,0.494300,0.442416,0.385404,0.566762,0.373007,0.349799,0.395301,0.360154,0.429025,0.402977,0.403863,0.386506,0.447391,0.357810,0.347579,0.342437,0.492665,0.377692,0.440176,0.408882,0.333615,0.446418,0.429437,0.418658,0.305743,0.419276,0.313486,0.392837,0.401968,0.432815,0.352019,0.416519,0.393011,0.345080,0.355759,0.330859,0.449048,0.386455,0.397108,0.427190,0.386579,0.379485,0.439793,0.435468,0.403359,0.520198,0.343257,0.361343,0.413405,0.385930,0.428589,0.406085,0.314629,0.346519,0.426640,0.384495,0.310107,0.392927,0.396688,0.347336,0.403148,0.347862,0.350153,0.389575,0.482046,0.322968,0.409759,0.333136,0.471860,0.444755,0.409498,0.457000,0.490074,0.406584,0.393181,0.419615,0.365060,0.393147,0.512904,0.288985,0.396545,0.388087,0.446475,0.431991,0.494688,0.309868,0.314921,0.475354,0.332589,0.391310,0.417070,0.460868,0.512970,0.473415,0.341340,0.332946,0.437344,0.404137,0.327394,0.495338,0.374217,0.421691,0.246597,0.387292,0.326479,0.427315,0.317306,0.407244,0.406893,0.377808,0.380469,0.377569,0.375063,0.460324,0.406830,0.373006,#
16,0.469435,0.372843,0.323816,0.373706,0.422499,0.369146,0.368632,0.467775,0.359848,0.330676,0.334823,0.356190,0.469061,0.402693,0.424671,0.440405,1.000000,0.418682,0.366913,0.543168,0.485592,0.416032,0.337817,0.363068,0.294821,0.420002,0.432216,0.294776,0.353418,0.450508,0.338551,0.494687,0.409877,0.483053,0.410435,0.404149,0.375801,0.341582,0.460156,0.311518,0.373416,0.324196,0.414810,0.374119,0.401056,0.446695,0.305908,0.377509,0.357511,0.299791,0.403186,0.396318,0.484773,0.515832,0.431930,0.374086,0.301727,0.395806,0.381741,0.288414,0.295087,0.471374,0.433351,0.414128,0.446643,0.365022,0.317120,0.417209,0.416226,0.469903,0.268459,0.392360,0.477401,0.376173,0.367461,0.352349,0.334855,0.413686,0.409441,0.410471,0.380675,0.395114,0.383739,0.429645,0.387559,0.392996,0.465792,0.437441,0.397327,0.346480,0.392306,0.377966,0.430502,0.387395,0.428007,0.408878,0.426590,0.318545,0.389376,0.392863,0.343580,0.361286,0.379824,0.383117,0.347239,0.474761,0.404590,0.363335,0.350201,0.370493,0.397995,0.391220,0.428236,0.392085,0.442214,0.446633,0.501901,0.382624,0.324828,0.326944,0.446777,0.478862,0.413393,0.449325,0.481012,0.357606,0.357186,0.342760,0.352713,0.385899,0.380975,0.366420,0.502606,0.235249,0.488152,0.438972,0.313478,0.400227,0.341252,0.421924,0.312399,0.401195,0.419541,0.370702,0.404529,0.319440,0.328882,0.372169,0.463506,0.456623,0.273452,0.487976,0.324237,0.369025,0.482063,0.441138,0.375728,0.342477,0.402043,0.401154,0.338839,0.407427,0.510474,0.393647,0.365100,0.342688,0.422007,0.412763,0.403560,0.308374,0.407122,0.462814,0.326816,0.325902,0.375507,0.395563,0.376015,0.419731,0.360848,0.275666,0.347701,0.388687,0.360646,0.335504,0.395416,0.484112,0.380169,0.422844,0.380367,0.370067,0.452847,0.284199,0.299376,0.398781,0.381155,0.402688,0.285674,0.336283,0.325112,0.333607,#
17,0.501400,0.417180,0.431329,0.489467,0.527106,0.452795,0.463484,0.545131,0.510094,0.363620,0.397170,0.483869,0.439763,0.447218,0.384925,0.496319,0.418682,1.000000,0.417966,0.513025,0.497478,0.392574,0.386806,0.499405,0.456260,0.471966,0.464013,0.452654,0.402025,0.452626,0.458456,0.461894,0.441694,0.420731,0.422654,0.511011,0.347144,0.418631,0.542116,0.431735,0.521029,0.452659,0.452284,0.431687,0.435533,0.420113,0.435919,0.490539,0.453105,0.395748,0.499437,0.477949,0.465386,0.404933,0.452935,0.500564,0.464625,0.427087,0.451643,0.320592,0.418644,0.459377,0.384410,0.422834,0.479184,0.571716,0.477297,0.436512,0.381526,0.397095,0.363228,0.459655,0.408786,0.403475,0.385521,0.407536,0.380236,0.348383,0.398565,0.482008,0.447528,0.460762,0.525308,0.396511,0.395829,0.382916,0.521439,0.454089,0.455278,0.426075,0.436940,0.363626,0.502965,0.449262,0.365270,0.507262,0.434268,0.400733,0.379467,0.454323,0.453054,0.294438,0.436147,0.420273,0.364843,0.444410,0.440310,0.452671,0.391111,0.365951,0.462155,0.450027,0.398815,0.502541,0.474493,0.383541,0.415536,0.396277,0.345274,0.394732,0.412260,0.468680,0.440577,0.431711,0.578456,0.470873,0.445423,0.417482,0.361850,0.426035,0.516341,0.528535,0.504409,0.406408,0.428418,0.475308,0.422865,0.507246,0.484959,0.477320,0.440760,0.445893,0.510897,0.386170,0.449127,0.435782,0.409890,0.443639,0.395556,0.313350,0.448674,0.377983,0.392805,0.437660,0.526689,0.557850,0.521744,0.403242,0.469118,0.411688,0.430041,0.392855,0.556603,0.417687,0.390697,0.419744,0.381463,0.374025,0.489211,0.348221,0.495317,0.395733,0.449681,0.406840,0.473726,0.397048,0.484095,0.469710,0.351918,0.483088,0.427016,0.507264,0.398267,0.496660,0.414074,0.447818,0.353599,0.478847,0.429382,0.404141,0.417381,0.457259,0.480474,0.449289,0.512731,0.466013,0.327693,0.493387,0.360400,0.433204,#
18,0.467026,0.359877,0.407930,0.502331,0.452352,0.272460,0.404933,0.450289,0.422860,0.348954,0.405853,0.420607,0.425642,0.457087,0.412865,0.424685,0.366913,0.417966,1.000000,0.490525,0.461766,0.413058,0.440197,0.415564,0.381461,0.374994,0.348108,0.485860,0.434454,0.393893,0.273826,0.376199,0.427329,0.443214,0.460887,0.487108,0.399150,0.406346,0.433778,0.477614,0.479766,0.329276,0.422163,0.361004,0.492767,0.394110,0.414756,0.452349,0.365780,0.346997,0.403889,0.425054,0.511083,0.377562,0.451148,0.438828,0.385045,0.459727,0.333460,0.400720,0.425983,0.350715,0.435913,0.347589,0.520198,0.384724,0.396498,0.362887,0.235981,0.424981,0.347761,0.327987,0.368784,0.363296,0.414727,0.349805,0.437892,0.402561,0.458175,0.352230,0.374039,0.367526,0.465277,0.426921,0.364293,0.371887,0.445752,0.425533,0.400811,0.368687,0.456392,0.346247,0.424679,0.436759,0.492228,0.455387,0.448270,0.416094,0.408729,0.403435,0.426895,0.376741,0.452187,0.405008,0.470435,0.477470,0.326213,0.345957,0.381685,0.347328,0.470587,0.389647,0.482588,0.434180,0.381195,0.384756,0.382681,0.240303,0.346885,0.414933,0.418416,0.469364,0.396506,0.312769,0.425140,0.299777,0.393354,0.414892,0.512461,0.322304,0.365255,0.482435,0.336002,0.433766,0.457752,0.398812,0.413398,0.470011,0.345355,0.416457,0.307204,0.435465,0.381576,0.424945,0.419498,0.451557,0.378004,0.328785,0.374905,0.366640,0.373673,0.473025,0.356949,0.382357,0.437446,0.474100,0.465783,0.451929,0.402501,0.456141,0.430181,0.366417,0.475856,0.401187,0.399791,0.451582,0.504052,0.375905,0.411347,0.446786,0.350936,0.477862,0.454322,0.358048,0.322780,0.482093,0.490063,0.460088,0.354128,0.340532,0.355322,0.389181,0.395526,0.393585,0.396851,0.353046,0.440240,0.364603,0.378278,0.392822,0.387722,0.428629,0.395206,0.456714,0.474233,0.391659,0.282371,0.416560,0.454706,0.358253,#
19,0.481537,0.440562,0.453523,0.506010,0.585390,0.565345,0.399733,0.458562,0.475705,0.487168,0.452432,0.329537,0.491855,0.481709,0.507638,0.490809,0.543168,0.513025,0.490525,1.000000,0.505375,0.397039,0.428407,0.438310,0.362170,0.446322,0.518537,0.440592,0.475825,0.515360,0.504956,0.552889,0.431367,0.498972,0.412041,0.505949,0.432560,0.396968,0.546137,0.408625,0.531858,0.398374,0.393225,0.380982,0.466262,0.477101,0.539142,0.475734,0.454440,0.369690,0.453256,0.503948,0.452036,0.467250,0.465258,0.481328,0.487309,0.426625,0.486181,0.377809,0.500250,0.566817,0.524821,0.510408,0.580243,0.430117,0.409173,0.448655,0.338751,0.428363,0.454228,0.436872,0.461984,0.473026,0.496953,0.449472,0.396317,0.411060,0.556586,0.432580,0.468818,0.462540,0.523108,0.427598,0.432929,0.477835,0.476713,0.565379,0.496600,0.298810,0.451580,0.425487,0.541779,0.475446,0.434685,0.475489,0.490210,0.435755,0.375377,0.428288,0.482001,0.458419,0.504271,0.456209,0.495416,0.542206,0.408963,0.498562,0.409012,0.308111,0.395616,0.393355,0.509941,0.515164,0.475794,0.375554,0.561949,0.469008,0.408925,0.306767,0.438952,0.525477,0.478126,0.530107,0.583664,0.379253,0.525746,0.461878,0.462449,0.504165,0.431203,0.454834,0.465828,0.431839,0.525578,0.442358,0.451570,0.504928,0.450405,0.452825,0.374228,0.472115,0.467713,0.440083,0.443345,0.443187,0.397693,0.371560,0.486951,0.403423,0.428108,0.560925,0.403253,0.468398,0.537384,0.478171,0.494736,0.438114,0.485555,0.474876,0.544325,0.437243,0.515129,0.409920,0.465322,0.395736,0.376422,0.453648,0.514349,0.426698,0.468201,0.534239,0.530792,0.454442,0.477839,0.456089,0.515979,0.581004,0.484460,0.358759,0.325724,0.507667,0.465116,0.547504,0.526630,0.470151,0.395732,0.459283,0.481907,0.468462,0.482012,0.492330,0.384036,0.502069,0.430047,0.519467,0.330021,0.454663,0.440856,0.444364,#
20,0.421160,0.364127,0.459955,0.466734,0.588656,0.396282,0.479821,0.454243,0.384092,0.464298,0.361462,0.379333,0.397707,0.462026,0.446033,0.404366,0.485592,0.497478,0.461766,0.505375,1.000000,0.458931,0.337882,0.390018,0.440067,0.474408,0.478028,0.427878,0.450999,0.443657,0.365440,0.418134,0.433574,0.461127,0.440349,0.484930,0.425525,0.383907,0.483579,0.455491,0.468683,0.526971,0.399229,0.405413,0.561581,0.438820,0.516554,0.392315,0.384204,0.321106,0.378321,0.466545,0.440396,0.482478,0.478969,0.472471,0.471398,0.490166,0.458919,0.341311,0.469224,0.440500,0.521656,0.392543,0.491566,0.410971,0.422722,0.371760,0.411971,0.475471,0.453979,0.457254,0.374022,0.474179,0.435108,0.289270,0.384061,0.442170,0.450960,0.428836,0.408229,0.505356,0.483444,0.389160,0.378161,0.423247,0.491538,0.428533,0.492822,0.419690,0.465071,0.429806,0.478385,0.518521,0.536853,0.403080,0.383508,0.442008,0.421114,0.354472,0.489230,0.398506,0.568588,0.433454,0.445570,0.422154,0.420633,0.491774,0.363561,0.501640,0.489999,0.498152,0.440379,0.391488,0.480222,0.426195,0.525712,0.451402,0.332549,0.435947,0.488736,0.482285,0.396713,0.460393,0.467782,0.424684,0.444847,0.410585,0.502070,0.434538,0.467051,0.472375,0.478981,0.507576,0.492061,0.342980,0.425419,0.425034,0.459515,0.472463,0.408695,0.436879,0.422456,0.430727,0.448587,0.406970,0.366577,0.401051,0.451340,0.469588,0.475422,0.464389,0.362380,0.478374,0.480452,0.468428,0.452995,0.371583,0.392973,0.530208,0.438291,0.459790,0.481229,0.439539,0.456604,0.286623,0.327892,0.397198,0.473817,0.411131,0.471050,0.411470,0.500641,0.349568,0.388620,0.473273,0.399035,0.468803,0.474430,0.391577,0.402987,0.441086,0.361196,0.437276,0.408394,0.373044,0.358485,0.507097,0.409642,0.451483,0.295259,0.418573,0.379478,0.514897,0.423380,0.357330,0.372714,0.428214,0.443681,0.453204,#
21,0.347683,0.473871,0.445746,0.403581,0.370818,0.372163,0.390388,0.428075,0.498418,0.358446,0.333682,0.403175,0.399764,0.366399,0.378982,0.380138,0.416032,0.392574,0.413058,0.397039,0.458931,1.000000,0.331808,0.380682,0.287336,0.309364,0.442506,0.426666,0.428325,0.409193,0.354652,0.408508,0.412223,0.410366,0.386390,0.454563,0.461821,0.483821,0.527739,0.320629,0.404834,0.414429,0.379439,0.404647,0.442968,0.381983,0.391086,0.435011,0.339408,0.257499,0.385842,0.450422,0.323230,0.344181,0.400229,0.421838,0.437854,0.383101,0.334997,0.252062,0.410937,0.315716,0.468341,0.321750,0.534837,0.414952,0.342622,0.349504,0.398006,0.448036,0.422678,0.456307,0.452330,0.494899,0.422818,0.363240,0.309604,0.333853,0.390771,0.411513,0.378273,0.419804,0.440870,0.227468,0.424199,0.358612,0.422164,0.437355,0.374607,0.433352,0.367376,0.285280,0.374611,0.401004,0.476412,0.382600,0.433632,0.365077,0.302319,0.377393,0.485772,0.464791,0.418726,0.324875,0.322879,0.470176,0.347889,0.295967,0.381980,0.435088,0.458147,0.405152,0.332200,0.424191,0.354343,0.402508,0.496375,0.381372,0.289712,0.426539,0.350770,0.483904,0.343993,0.442262,0.408207,0.289249,0.387749,0.433150,0.414026,0.347762,0.425473,0.472189,0.484729,0.381910,0.419632,0.320088,0.313438,0.359667,0.360256,0.470876,0.425007,0.434034,0.371283,0.399674,0.399283,0.453028,0.397253,0.385660,0.334955,0.374231,0.442188,0.369960,0.333983,0.403806,0.472214,0.438413,0.366225,0.326270,0.360378,0.382086,0.390664,0.432964,0.506153,0.435996,0.459052,0.270380,0.392593,0.406693,0.367068,0.501916,0.371523,0.362071,0.370015,0.306330,0.363094,0.448544,0.379881,0.461883,0.313596,0.331567,0.340745,0.410579,0.257220,0.467006,0.357108,0.443226,0.347219,0.323436,0.335488,0.433130,0.432193,0.335689,0.402617,0.480871,0.458952,0.402599,0.359402,0.448401,0.400305,0.367039,#
