0,1.000000,0.807481,0.805612,0.781717,0.739263,0.802985,0.779423,0.806035,0.789101,0.773547,0.782390,0.806907,0.800128,0.760226,0.783586,0.766695,0.786068,0.803325,0.788756,0.795368,0.784443,0.759558,0.802768,0.781314,0.759370,0.778718,0.795244,0.800682,0.753071,0.798081,0.783029,0.779040,0.765824,0.744109,0.805211,0.789529,0.778917,0.786012,0.801050,0.827506,0.791723,0.773713,0.797581,0.784808,0.780482,0.758408,0.826904,0.798241,0.784343,0.826683,0.806192,0.764362,0.805036,0.814421,0.778683,0.810385,0.776707,0.807189,0.780644,0.783992,0.815127,0.766851,0.794087,0.787479,0.794366,0.796593,0.814305,0.809409,0.783306,0.759253,0.807482,0.797033,0.824049,0.799327,0.794731,0.780272,0.784394,0.783735,0.803744,0.795678,0.836071,0.800749,0.809416,0.805280,0.797293,0.819339,0.774769,0.764591,0.751383,0.793676,0.767417,0.770350,0.760633,0.796991,0.774644,0.783818,0.761062,0.761059,0.786631,0.786128,0.797411,0.786323,0.765132,0.782079,0.792729,0.757487,0.737046,0.808816,0.780151,0.776325,0.808818,0.773146,0.800915,0.748931,0.769166,0.836888,0.758600,0.780341,0.771713,0.760360,0.754753,0.847027,0.788852,0.822518,0.779463,0.764785,0.777612,0.774972,0.768492,0.763446,0.777202,0.795587,0.786389,0.759713,0.798827,0.768536,0.775506,0.818991,0.789481,0.775336,0.749521,0.775021,0.742537,0.814566,0.800583,0.745151,0.787841,0.733749,0.800210,0.791256,0.779424,0.788790,0.785322,0.773836,0.791431,0.758893,0.780106,0.799887,0.816346,0.801324,0.811068,0.810062,0.771675,0.782953,0.808243,0.789452,0.811815,0.776489,0.777755,0.777826,0.789417,0.759386,0.806209,0.814201,0.836811,0.732201,0.767445,0.820625,0.784632,0.797494,0.784420,0.796002,0.741317,0.766198,0.766161,0.766964,0.800369,0.786370,0.784302,0.791170,0.774439,0.802777,0.769535,0.784660,0.771870,0.751671,0.737174,0.807071,0.792137,0.775626,#
1,0.807481,1.000000,0.808550,0.825563,0.777498,0.833696,0.777065,0.791462,0.805532,0.802298,0.809508,0.784218,0.801856,0.817427,0.780314,0.779107,0.798716,0.785222,0.814511,0.809647,0.835467,0.841040,0.826251,0.819382,0.779417,0.771699,0.833925,0.810823,0.778678,0.779950,0.816143,0.828758,0.802839,0.808095,0.801432,0.827005,0.753946,0.833967,0.819575,0.817702,0.795548,0.779763,0.777512,0.782287,0.783751,0.800450,0.826610,0.799409,0.825741,0.825317,0.786657,0.823786,0.807294,0.790489,0.825449,0.806387,0.769430,0.805333,0.809570,0.782344,0.792612,0.800245,0.749751,0.764792,0.795257,0.803284,0.843010,0.812120,0.821318,0.826558,0.803399,0.812719,0.858951,0.783474,0.811363,0.805753,0.795962,0.810153,0.812787,0.804317,0.831241,0.805412,0.863086,0.818831,0.817976,0.801006,0.782263,0.780842,0.820187,0.801955,0.787906,0.776060,0.799245,0.805979,0.775408,0.765910,0.787645,0.789821,0.789909,0.819308,0.827065,0.812615,0.787501,0.805433,0.801887,0.780601,0.765036,0.827203,0.784043,0.783096,0.812544,0.789210,0.797680,0.778979,0.773657,0.801217,0.823431,0.833727,0.767862,0.749369,0.830118,0.809838,0.744158,0.818821,0.765601,0.765585,0.811136,0.794172,0.809938,0.806825,0.770961,0.817195,0.775646,0.795418,0.821940,0.780233,0.771430,0.790073,0.820738,0.756778,0.801453,0.784046,0.777572,0.794833,0.785246,0.786616,0.808020,0.758346,0.807338,0.790614,0.810332,0.831280,0.804831,0.786755,0.817836,0.770536,0.810692,0.800926,0.773573,0.784599,0.784708,0.819051,0.821182,0.821447,0.800552,0.768284,0.803251,0.808792,0.742616,0.769265,0.810955,0.764570,0.794771,0.807985,0.824619,0.780484,0.791470,0.854338,0.774925,0.786630,0.807487,0.790296,0.766657,0.770555,0.764797,0.814395,0.812149,0.729071,0.795374,0.783113,0.794762,0.800668,0.779651,0.810529,0.835860,0.747935,0.769067,0.805138,0.792597,0.794917,#
2,0.805612,0.808550,1.000000,0.779971,0.731842,0.799595,0.784015,0.795864,0.782974,0.772494,0.782436,0.765297,0.749735,0.777956,0.766193,0.757635,0.759286,0.800972,0.771736,0.802891,0.764516,0.778312,0.739239,0.789213,0.762671,0.746790,0.809962,0.809646,0.802251,0.780260,0.812116,0.795496,0.791011,0.777817,0.778622,0.783320,0.788873,0.776957,0.817299,0.812968,0.803804,0.799136,0.767822,0.751204,0.738831,0.772943,0.841280,0.755549,0.792975,0.841472,0.776723,0.772383,0.774921,0.817059,0.826586,0.794528,0.787596,0.780275,0.763801,0.779652,0.803003,0.784023,0.763357,0.801355,0.780453,0.779097,0.852153,0.778946,0.810905,0.799422,0.802478,0.776258,0.811230,0.800030,0.791205,0.787012,0.784429,0.802510,0.796646,0.824350,0.809937,0.811610,0.832599,0.822023,0.819122,0.817781,0.767539,0.823289,0.796527,0.784614,0.794218,0.772521,0.801196,0.788585,0.798689,0.764365,0.763910,0.761039,0.815432,0.788563,0.798238,0.747983,0.751262,0.766210,0.762328,0.801577,0.785643,0.776778,0.801440,0.766032,0.797845,0.759207,0.822615,0.733605,0.765910,0.765297,0.749535,0.798055,0.769158,0.726777,0.796478,0.789147,0.734795,0.811347,0.767209,0.754322,0.776058,0.781910,0.784121,0.803005,0.800409,0.821453,0.816157,0.808159,0.792754,0.780741,0.763498,0.788707,0.805416,0.769368,0.781164,0.777952,0.741027,0.756842,0.791415,0.806039,0.778325,0.762478,0.784562,0.769468,0.802980,0.786194,0.774276,0.797348,0.774081,0.777096,0.786135,0.755389,0.741518,0.752530,0.755503,0.733342,0.774347,0.778470,0.770068,0.792031,0.823408,0.762619,0.732005,0.749154,0.786046,0.752283,0.776952,0.773183,0.818922,0.780119,0.770179,0.816114,0.780256,0.767424,0.775132,0.812839,0.749839,0.815826,0.752238,0.774313,0.780024,0.752652,0.800011,0.758273,0.764627,0.797306,0.805021,0.790893,0.783395,0.780979,0.762463,0.801971,0.766741,0.791762,#
3,0.781717,0.825563,0.779971,1.000000,0.764288,0.791159,0.751042,0.769171,0.775474,0.772267,0.766865,0.764034,0.787197,0.754069,0.736556,0.764906,0.764565,0.756083,0.774741,0.763220,0.776747,0.787974,0.743854,0.742019,0.785698,0.783067,0.785309,0.799870,0.753420,0.751790,0.774921,0.810053,0.767860,0.785468,0.781977,0.774072,0.726243,0.775805,0.726882,0.812025,0.779715,0.765446,0.749203,0.757746,0.763135,0.795348,0.817767,0.781205,0.805489,0.789219,0.783493,0.751537,0.784072,0.751943,0.790600,0.790883,0.715295,0.771978,0.821586,0.775008,0.769335,0.767542,0.730307,0.772318,0.795737,0.793889,0.775561,0.773634,0.749715,0.766644,0.749290,0.789887,0.827896,0.784383,0.756058,0.761885,0.748946,0.780572,0.780652,0.804620,0.818994,0.762597,0.798446,0.784585,0.783071,0.796932,0.760893,0.761180,0.764279,0.772814,0.724435,0.766218,0.772652,0.782709,0.760360,0.772320,0.734765,0.735079,0.736161,0.781054,0.780992,0.753301,0.729006,0.753636,0.789074,0.741713,0.755916,0.800243,0.752538,0.752552,0.748964,0.764247,0.764145,0.749963,0.748214,0.789152,0.762311,0.766871,0.750344,0.715888,0.743371,0.782135,0.713236,0.788758,0.734689,0.758872,0.783151,0.786436,0.752722,0.773770,0.752427,0.795054,0.756661,0.785578,0.793645,0.763282,0.790483,0.754560,0.766144,0.741399,0.761561,0.760147,0.730897,0.747707,0.740169,0.800862,0.765473,0.753106,0.773179,0.730547,0.755751,0.774473,0.758718,0.765101,0.764256,0.723099,0.807882,0.781317,0.742753,0.776319,0.790726,0.785833,0.760002,0.814515,0.767924,0.769223,0.780422,0.740629,0.746473,0.739889,0.787281,0.753872,0.752127,0.774785,0.758461,0.764645,0.761080,0.782404,0.771457,0.758614,0.753058,0.800105,0.736184,0.775324,0.738355,0.772547,0.756731,0.685801,0.793762,0.788311,0.745160,0.766650,0.751259,0.749123,0.786163,0.780327,0.750474,0.777273,0.751699,0.778518,#
4,0.739263,0.777498,0.731842,0.764288,1.000000,0.796985,0.770330,0.731593,0.724010,0.742674,0.744697,0.749180,0.729758,0.733362,0.728821,0.757495,0.727930,0.772477,0.718861,0.779971,0.764974,0.757385,0.741682,0.762917,0.741785,0.717942,0.752835,0.744730,0.753079,0.743286,0.801736,0.745160,0.757908,0.720468,0.744228,0.763982,0.717607,0.742568,0.724654,0.797701,0.748468,0.724378,0.726011,0.757262,0.735645,0.732064,0.798704,0.747383,0.765184,0.773182,0.764384,0.736187,0.747201,0.685305,0.768965,0.766209,0.716036,0.763202,0.791086,0.741995,0.719946,0.755309,0.750021,0.731947,0.773088,0.799480,0.787331,0.722140,0.743233,0.743521,0.762447,0.777672,0.761587,0.744035,0.733152,0.746863,0.732244,0.774190,0.769589,0.769079,0.745069,0.763176,0.790392,0.740096,0.766462,0.717948,0.716348,0.719936,0.759288,0.774023,0.718995,0.706129,0.719725,0.758200,0.714655,0.751979,0.754160,0.704915,0.706555,0.733651,0.776437,0.773645,0.740636,0.741971,0.740836,0.693624,0.764774,0.753061,0.758779,0.767816,0.714897,0.723673,0.775373,0.788923,0.734106,0.745479,0.715421,0.803317,0.702558,0.688776,0.747496,0.753728,0.757999,0.765457,0.712489,0.754352,0.732862,0.735558,0.799828,0.758862,0.793567,0.778710,0.723379,0.743292,0.788792,0.737592,0.747069,0.782913,0.749344,0.715847,0.715343,0.772078,0.729237,0.759609,0.728958,0.743491,0.759667,0.705027,0.740766,0.757478,0.749229,0.803222,0.724464,0.698369,0.789211,0.729414,0.789563,0.761973,0.753326,0.726520,0.702666,0.755211,0.771413,0.759885,0.760092,0.726082,0.751516,0.721346,0.707281,0.723726,0.741342,0.733840,0.747272,0.729365,0.778245,0.739853,0.752183,0.781687,0.738760,0.759102,0.785076,0.743100,0.747697,0.725587,0.780737,0.767226,0.754603,0.755704,0.734540,0.730306,0.735929,0.714721,0.739709,0.745835,0.745632,0.690358,0.713841,0.751618,0.763774,0.724399,#
5,0.802985,0.833696,0.799595,0.791159,0.796985,1.000000,0.754128,0.788083,0.787161,0.759147,0.766147,0.766262,0.759194,0.742797,0.765189,0.768293,0.762648,0.780633,0.777952,0.816010,0.778557,0.757393,0.743459,0.770856,0.780075,0.787178,0.808250,0.811372,0.736144,0.786161,0.806991,0.806332,0.787020,0.792066,0.779047,0.806089,0.762863,0.766184,0.767188,0.800511,0.787537,0.767900,0.743717,0.755455,0.779725,0.799997,0.811206,0.808271,0.794672,0.797984,0.790179,0.741743,0.774546,0.786777,0.793672,0.840944,0.758558,0.789805,0.812852,0.795699,0.757845,0.762188,0.779573,0.808792,0.777877,0.777228,0.798576,0.765531,0.772124,0.787848,0.826572,0.794141,0.824053,0.793299,0.770571,0.757075,0.771865,0.816020,0.788905,0.794727,0.815789,0.802583,0.832653,0.787633,0.792107,0.770981,0.754779,0.779401,0.793084,0.777089,0.785634,0.731564,0.763648,0.795482,0.754968,0.701296,0.788950,0.752976,0.800293,0.734090,0.819841,0.790099,0.824158,0.791546,0.777994,0.757654,0.785211,0.785316,0.744565,0.796728,0.763955,0.780228,0.794877,0.734056,0.715889,0.763189,0.805086,0.813028,0.761743,0.741790,0.762696,0.790703,0.750139,0.830887,0.736275,0.763452,0.801579,0.766538,0.809242,0.754003,0.779269,0.826329,0.799754,0.815691,0.806115,0.740585,0.742437,0.792200,0.760602,0.750528,0.753816,0.734446,0.756364,0.778487,0.824190,0.752834,0.775674,0.753992,0.777002,0.808368,0.814378,0.800066,0.782171,0.771988,0.796060,0.739506,0.807510,0.779089,0.773051,0.777468,0.778535,0.811037,0.780456,0.773504,0.795376,0.742701,0.750152,0.788729,0.750978,0.738293,0.804713,0.767085,0.765704,0.770269,0.800109,0.771558,0.773806,0.820457,0.791263,0.803562,0.795994,0.775058,0.716622,0.753511,0.767325,0.801676,0.787309,0.744961,0.804398,0.802065,0.736733,0.806472,0.753067,0.802434,0.761828,0.766046,0.732984,0.791616,0.771024,0.780725,#
6,0.779423,0.777065,0.784015,0.751042,0.770330,0.754128,1.000000,0.736989,0.768874,0.780428,0.788441,0.769755,0.752897,0.775539,0.695680,0.791886,0.785676,0.807620,0.778009,0.761514,0.779332,0.744743,0.729249,0.751883,0.775725,0.764120,0.766442,0.768992,0.751190,0.764892,0.789920,0.807567,0.768702,0.767498,0.771562,0.782510,0.766927,0.763272,0.749201,0.802022,0.780145,0.789468,0.782396,0.764886,0.760740,0.729759,0.800680,0.756877,0.803459,0.809974,0.766104,0.760997,0.769013,0.691936,0.789172,0.777297,0.756083,0.792506,0.790218,0.751432,0.779986,0.779645,0.740220,0.742193,0.814151,0.771015,0.828480,0.773260,0.784396,0.741152,0.784975,0.812378,0.777222,0.772303,0.757226,0.765369,0.789676,0.798567,0.800586,0.772655,0.777003,0.789651,0.785058,0.825334,0.783512,0.747823,0.752868,0.757986,0.780552,0.770181,0.737193,0.750885,0.735660,0.781598,0.754490,0.758200,0.780237,0.762258,0.759405,0.749114,0.795511,0.783316,0.762756,0.762390,0.793569,0.711909,0.773447,0.769249,0.796355,0.750477,0.734594,0.730836,0.762230,0.774786,0.738218,0.778742,0.734661,0.787076,0.714002,0.739797,0.748901,0.781489,0.697967,0.787619,0.771844,0.751763,0.742319,0.758036,0.754344,0.738611,0.785159,0.784746,0.765846,0.731710,0.787101,0.765777,0.786738,0.762389,0.801392,0.769650,0.772406,0.757795,0.733217,0.763010,0.762391,0.780435,0.773165,0.758483,0.756907,0.754436,0.762311,0.802252,0.731579,0.754905,0.755610,0.736360,0.766177,0.710845,0.748054,0.772646,0.764051,0.764222,0.748824,0.763499,0.770092,0.780577,0.800827,0.727934,0.739540,0.746422,0.757481,0.773733,0.715032,0.737444,0.779609,0.778477,0.765637,0.801611,0.770289,0.765411,0.781932,0.770414,0.765906,0.762965,0.731791,0.749125,0.774501,0.735778,0.766168,0.758049,0.737368,0.783679,0.736996,0.766049,0.784017,0.756383,0.754582,0.783630,0.772922,0.766114,#
7,0.806035,0.791462,0.795864,0.769171,0.731593,0.788083,0.736989,1.000000,0.785194,0.748719,0.747588,0.748938,0.777045,0.767816,0.765625,0.742638,0.754450,0.792870,0.794726,0.792051,0.789353,0.752382,0.790790,0.742064,0.761469,0.789568,0.770441,0.781679,0.767992,0.786785,0.758793,0.776721,0.750788,0.766110,0.785475,0.778530,0.751426,0.766139,0.788211,0.783605,0.788975,0.791924,0.734078,0.732158,0.754147,0.775839,0.808366,0.781269,0.805921,0.784523,0.773213,0.763032,0.769539,0.779396,0.800235,0.758779,0.755668,0.751270,0.789099,0.794334,0.742098,0.772588,0.771361,0.755568,0.792587,0.785001,0.828233,0.760650,0.754444,0.739817,0.806343,0.719457,0.801443,0.784460,0.769825,0.740374,0.768133,0.762876,0.754124,0.764408,0.818238,0.770476,0.816504,0.783811,0.784774,0.782332,0.758422,0.766462,0.759881,0.781185,0.759860,0.759518,0.766791,0.761939,0.787961,0.771060,0.781054,0.790500,0.787517,0.769720,0.797482,0.738451,0.733237,0.743963,0.782437,0.732946,0.743050,0.798902,0.774212,0.725451,0.800027,0.754529,0.801647,0.747475,0.751555,0.785111,0.735183,0.760018,0.737913,0.764259,0.770898,0.770858,0.738610,0.799833,0.766703,0.768344,0.759475,0.782106,0.750257,0.756459,0.754957,0.790878,0.779649,0.710479,0.769466,0.775998,0.771715,0.803312,0.751918,0.759860,0.744904,0.756090,0.762368,0.752873,0.791445,0.781737,0.782861,0.711061,0.760072,0.748961,0.744686,0.787845,0.767768,0.727154,0.776556,0.793005,0.791542,0.784334,0.762519,0.745903,0.780589,0.740730,0.805530,0.745467,0.786893,0.759946,0.781588,0.759225,0.702542,0.695211,0.797743,0.763324,0.754735,0.777628,0.780092,0.732762,0.743437,0.774558,0.766637,0.767902,0.779404,0.765840,0.740713,0.772259,0.752582,0.775092,0.787594,0.736715,0.786995,0.794700,0.784865,0.784045,0.748535,0.744892,0.780282,0.739646,0.743452,0.814670,0.780169,0.759464,#
8,0.789101,0.805532,0.782974,0.775474,0.724010,0.787161,0.768874,0.785194,1.000000,0.779582,0.766670,0.792309,0.781147,0.781452,0.757702,0.783475,0.752652,0.776921,0.739868,0.793114,0.793660,0.764548,0.748174,0.752872,0.762469,0.773723,0.775511,0.770913,0.757056,0.748198,0.784102,0.781732,0.762169,0.753832,0.771021,0.825168,0.754954,0.772058,0.733948,0.771667,0.771044,0.751597,0.817975,0.762482,0.758257,0.731953,0.788485,0.738538,0.791831,0.794383,0.790788,0.760059,0.769207,0.781650,0.757916,0.794413,0.755338,0.781077,0.764175,0.732849,0.777259,0.782691,0.796729,0.782965,0.785366,0.808675,0.812137,0.809741,0.803010,0.757161,0.790265,0.801793,0.819408,0.775626,0.769643,0.738405,0.771541,0.791509,0.774256,0.789730,0.799580,0.767753,0.791959,0.790548,0.796913,0.771479,0.756136,0.778485,0.747204,0.733021,0.755133,0.753402,0.746984,0.758922,0.740570,0.742959,0.783252,0.786542,0.826265,0.790564,0.782231,0.720147,0.796003,0.814079,0.739702,0.756386,0.770630,0.788199,0.734187,0.792092,0.749372,0.750789,0.782602,0.738290,0.714583,0.783589,0.763436,0.763733,0.728802,0.771563,0.753421,0.749784,0.746450,0.815420,0.741609,0.780318,0.733486,0.752868,0.797210,0.777814,0.741343,0.797426,0.782473,0.749087,0.779291,0.786508,0.783533,0.777838,0.781710,0.758536,0.750847,0.757503,0.755924,0.721610,0.779259,0.754815,0.763955,0.741096,0.764519,0.776373,0.755695,0.813698,0.738781,0.807422,0.775482,0.740876,0.787132,0.795778,0.809384,0.755205,0.779162,0.742906,0.782928,0.758242,0.761612,0.754238,0.768313,0.786719,0.767533,0.719336,0.772939,0.783334,0.724616,0.766617,0.803258,0.757870,0.761590,0.801011,0.768864,0.757780,0.792008,0.785349,0.752368,0.759816,0.745705,0.734753,0.809799,0.739285,0.761115,0.784601,0.788395,0.785876,0.780096,0.772728,0.770975,0.720128,0.707858,0.776828,0.750822,0.811371,#
9,0.773547,0.802298,0.772494,0.772267,0.742674,0.759147,0.780428,0.748719,0.779582,1.000000,0.761384,0.746686,0.785518,0.774758,0.788486,0.762164,0.755478,0.801593,0.750655,0.755024,0.794930,0.759803,0.724761,0.762341,0.772119,0.733067,0.772728,0.820038,0.726660,0.767472,0.744990,0.793187,0.773390,0.759831,0.764661,0.785187,0.754560,0.758202,0.753963,0.798830,0.778649,0.786206,0.723995,0.750351,0.772589,0.739079,0.785793,0.758712,0.786204,0.793067,0.767954,0.744627,0.726932,0.732759,0.765275,0.770444,0.759190,0.813757,0.735404,0.767113,0.778977,0.779028,0.759338,0.736848,0.749655,0.813200,0.817759,0.785967,0.799120,0.751659,0.782760,0.762908,0.795701,0.759833,0.768040,0.772835,0.787203,0.810832,0.768827,0.820345,0.797435,0.796758,0.784903,0.818026,0.788290,0.758522,0.766597,0.786650,0.776151,0.770531,0.772439,0.732239,0.786185,0.755726,0.775698,0.741846,0.744414,0.742409,0.769669,0.793268,0.806373,0.776489,0.779223,0.767564,0.772446,0.774066,0.751735,0.801320,0.792096,0.773261,0.780718,0.777079,0.794321,0.741338,0.746434,0.804834,0.697761,0.778573,0.735609,0.747579,0.739569,0.774095,0.742682,0.807103,0.761227,0.757505,0.779090,0.746658,0.794770,0.738685,0.743424,0.806091,0.760584,0.766381,0.789811,0.721341,0.767999,0.782103,0.766619,0.761181,0.798681,0.812816,0.777056,0.798512,0.796906,0.809631,0.769258,0.780700,0.764420,0.768287,0.737537,0.773266,0.762207,0.766579,0.763589,0.751428,0.761446,0.784779,0.764982,0.786355,0.765395,0.801793,0.790116,0.785144,0.772438,0.789467,0.747776,0.774674,0.768679,0.729581,0.780840,0.764974,0.751433,0.727911,0.780341,0.792626,0.776802,0.813510,0.750561,0.781168,0.792882,0.783583,0.770813,0.735789,0.752600,0.783810,0.764988,0.733013,0.797266,0.732425,0.746532,0.762909,0.739591,0.745671,0.738681,0.729735,0.756807,0.775258,0.746499,0.742529,#
10,0.782390,0.809508,0.782436,0.766865,0.744697,0.766147,0.788441,0.747588,0.766670,0.761384,1.000000,0.791873,0.756141,0.759153,0.718782,0.772236,0.777620,0.764157,0.799963,0.767164,0.770553,0.754547,0.749794,0.798328,0.745827,0.757340,0.768236,0.811472,0.769604,0.788661,0.785890,0.774732,0.770379,0.774328,0.781398,0.787089,0.776810,0.788112,0.754958,0.774908,0.795696,0.740359,0.759793,0.737925,0.759434,0.787380,0.842227,0.777371,0.792818,0.823046,0.748194,0.772482,0.777362,0.723102,0.784147,0.814215,0.782269,0.812293,0.740838,0.770519,0.779459,0.792331,0.800225,0.784818,0.797664,0.747501,0.816733,0.750854,0.803576,0.755278,0.820330,0.806444,0.817887,0.736502,0.765941,0.810965,0.763193,0.814298,0.803084,0.760332,0.821047,0.761154,0.809105,0.778449,0.783637,0.765177,0.791026,0.755233,0.776315,0.805457,0.744954,0.780937,0.784185,0.753420,0.743349,0.767023,0.759265,0.796165,0.778360,0.792894,0.786050,0.761770,0.772093,0.792577,0.782763,0.759518,0.777475,0.759479,0.766686,0.780187,0.772849,0.747409,0.802618,0.760247,0.735598,0.785804,0.727735,0.776851,0.751775,0.734286,0.767116,0.789088,0.704408,0.785728,0.716843,0.759704,0.780709,0.766654,0.803798,0.757059,0.756440,0.799693,0.765392,0.766622,0.810294,0.815446,0.760987,0.757903,0.802663,0.775620,0.801783,0.767318,0.760781,0.784540,0.755778,0.772547,0.787489,0.750658,0.777681,0.778421,0.766303,0.771196,0.758297,0.778014,0.790769,0.732886,0.796765,0.792679,0.762150,0.749980,0.794473,0.748485,0.765733,0.782659,0.772144,0.767477,0.789960,0.766582,0.766853,0.759369,0.750708,0.780088,0.719137,0.754316,0.806550,0.771018,0.748504,0.796140,0.737190,0.793751,0.755069,0.742748,0.765919,0.741254,0.713049,0.768404,0.786853,0.755421,0.734400,0.785309,0.757040,0.755269,0.747005,0.800399,0.784333,0.749855,0.750449,0.783811,0.781380,0.796786,#
11,0.806907,0.784218,0.765297,0.764034,0.749180,0.766262,0.769755,0.748938,0.792309,0.746686,0.791873,1.000000,0.785872,0.777714,0.773298,0.775560,0.753801,0.796499,0.809755,0.780317,0.769660,0.750633,0.782892,0.770304,0.763303,0.764118,0.763847,0.778117,0.773772,0.750297,0.802522,0.799900,0.794587,0.771193,0.759958,0.788865,0.780678,0.796387,0.736819,0.780990,0.794730,0.741077,0.757358,0.753295,0.761467,0.729400,0.822732,0.792532,0.780914,0.809172,0.746337,0.727231,0.797784,0.748434,0.788441,0.784441,0.735839,0.818460,0.770640,0.787851,0.743209,0.768055,0.818335,0.773774,0.781495,0.775268,0.813503,0.787235,0.800182,0.787552,0.786080,0.768224,0.811211,0.783713,0.819314,0.775787,0.802961,0.811911,0.776347,0.755881,0.781942,0.754691,0.810480,0.781494,0.795965,0.755608,0.729641,0.757147,0.749000,0.743416,0.762393,0.770064,0.759368,0.780138,0.713480,0.785960,0.761932,0.790850,0.769163,0.771507,0.786226,0.766954,0.784085,0.789493,0.787168,0.760870,0.779687,0.797401,0.778290,0.763908,0.786308,0.785615,0.789270,0.733863,0.726275,0.768000,0.753182,0.776617,0.732756,0.793866,0.750188,0.766448,0.755898,0.829375,0.746804,0.754017,0.785682,0.785980,0.816458,0.785504,0.785423,0.781820,0.806656,0.776010,0.807730,0.789925,0.802477,0.781779,0.788288,0.768662,0.757976,0.735936,0.770086,0.804475,0.781681,0.747343,0.801831,0.749756,0.751550,0.763733,0.764148,0.775360,0.769238,0.812078,0.777045,0.736983,0.784883,0.769528,0.758638,0.771972,0.787289,0.779633,0.801314,0.783144,0.815611,0.777316,0.806335,0.747667,0.765543,0.774593,0.790672,0.763695,0.776659,0.800335,0.787619,0.774150,0.773629,0.786678,0.759619,0.797922,0.783446,0.753777,0.787219,0.753564,0.767353,0.722206,0.782799,0.784399,0.743397,0.739607,0.782575,0.801720,0.758222,0.768271,0.769373,0.751145,0.733748,0.796412,0.776293,0.745750,#
12,0.800128,0.801856,0.749735,0.787197,0.729758,0.759194,0.752897,0.777045,0.781147,0.785518,0.756141,0.785872,1.000000,0.770036,0.775654,0.746711,0.744738,0.773972,0.800234,0.777068,0.787903,0.738164,0.772529,0.766623,0.770630,0.781082,0.747224,0.765798,0.759265,0.752580,0.767656,0.761812,0.752050,0.785912,0.797566,0.794279,0.763615,0.770305,0.765903,0.775407,0.719631,0.715621,0.728226,0.752667,0.767319,0.752046,0.821479,0.753862,0.789547,0.804761,0.792975,0.729507,0.741384,0.747173,0.800622,0.777999,0.732871,0.750222,0.770003,0.755056,0.740755,0.747468,0.767690,0.738538,0.774665,0.793140,0.781476,0.765175,0.797279,0.767740,0.770052,0.764252,0.801225,0.762919,0.781817,0.772258,0.763926,0.789009,0.768198,0.795299,0.796471,0.777423,0.803928,0.781259,0.758622,0.782003,0.712923,0.776774,0.749535,0.746027,0.778175,0.735400,0.776836,0.763862,0.719793,0.763906,0.779124,0.756582,0.742281,0.716930,0.759859,0.766867,0.760382,0.767275,0.747388,0.733419,0.735934,0.774364,0.774074,0.768031,0.766429,0.745498,0.781173,0.718951,0.779080,0.774625,0.701997,0.760143,0.743368,0.744440,0.751635,0.784728,0.733570,0.797992,0.757155,0.802862,0.767660,0.743592,0.755723,0.757492,0.696263,0.740628,0.745621,0.726543,0.746110,0.760545,0.722292,0.770176,0.747738,0.708810,0.766154,0.749296,0.728423,0.782597,0.735015,0.749925,0.793622,0.728676,0.752080,0.786061,0.762718,0.752109,0.775016,0.724872,0.768311,0.770687,0.806557,0.798594,0.799413,0.727959,0.756405,0.782473,0.789898,0.760790,0.814834,0.729269,0.759968,0.779699,0.728109,0.729385,0.789880,0.726842,0.756201,0.766528,0.762356,0.737668,0.796673,0.816746,0.712840,0.747356,0.768799,0.785070,0.756599,0.739655,0.705649,0.745016,0.749871,0.757457,0.781778,0.754461,0.731500,0.765273,0.706662,0.749551,0.755936,0.745510,0.725051,0.793879,0.784265,0.739746,#
13,0.760226,0.817427,0.777956,0.754069,0.733362,0.742797,0.775539,0.767816,0.781452,0.774758,0.759153,0.777714,0.770036,1.000000,0.738566,0.754319,0.728820,0.806007,0.797634,0.766896,0.779330,0.757749,0.801410,0.767366,0.767373,0.783225,0.736568,0.795416,0.766739,0.793230,0.753862,0.775706,0.782648,0.794872,0.710721,0.771849,0.770711,0.798415,0.776817,0.797483,0.825667,0.756223,0.769447,0.717922,0.791702,0.771877,0.794979,0.784097,0.826121,0.811611,0.765542,0.794262,0.756925,0.743456,0.810267,0.806809,0.779644,0.800325,0.783399,0.774360,0.767655,0.784883,0.749291,0.767662,0.800423,0.797374,0.828874,0.787980,0.810555,0.765503,0.753888,0.785246,0.791343,0.799430,0.790233,0.764917,0.781831,0.790341,0.809046,0.771139,0.781272,0.770072,0.818706,0.812275,0.773708,0.794478,0.710889,0.764483,0.818970,0.770230,0.737889,0.774083,0.773367,0.781683,0.744826,0.739195,0.765882,0.749324,0.754682,0.792662,0.800600,0.766323,0.787733,0.796527,0.773569,0.781646,0.754099,0.805999,0.747323,0.760097,0.757421,0.760093,0.777007,0.763010,0.761346,0.784379,0.721277,0.786868,0.751182,0.728061,0.780536,0.773999,0.734111,0.774829,0.753876,0.746570,0.774560,0.764894,0.782391,0.759875,0.759706,0.761905,0.760562,0.754017,0.777430,0.779487,0.759386,0.791389,0.838632,0.751368,0.780530,0.781025,0.777745,0.756992,0.743021,0.768770,0.784808,0.748780,0.779192,0.742706,0.786237,0.804434,0.749131,0.786856,0.758604,0.749565,0.795208,0.754179,0.786342,0.752787,0.788489,0.767952,0.784115,0.785376,0.793447,0.767381,0.798698,0.776875,0.759588,0.737843,0.775182,0.768917,0.767867,0.792859,0.815290,0.788108,0.782049,0.815027,0.761896,0.775413,0.783495,0.762558,0.802695,0.755419,0.740186,0.769494,0.759099,0.748416,0.741337,0.762059,0.788703,0.787328,0.772302,0.782004,0.790875,0.734065,0.747086,0.827571,0.778222,0.747075,#
14,0.783586,0.780314,0.766193,0.736556,0.728821,0.765189,0.695680,0.765625,0.757702,0.788486,0.718782,0.773298,0.775654,0.738566,1.000000,0.735588,0.732020,0.754343,0.705754,0.769116,0.736028,0.740408,0.753645,0.779146,0.726505,0.699526,0.754139,0.772928,0.722468,0.755457,0.811225,0.738545,0.736701,0.723251,0.760836,0.759182,0.735647,0.752665,0.783203,0.738562,0.754602,0.733737,0.728843,0.729847,0.727865,0.741132,0.781046,0.730665,0.743570,0.742787,0.726342,0.734291,0.731585,0.753604,0.750466,0.759646,0.751768,0.741715,0.768870,0.708694,0.735949,0.765807,0.761350,0.740920,0.745138,0.756660,0.774869,0.746201,0.778253,0.747040,0.749324,0.727786,0.793112,0.748894,0.774283,0.762256,0.746781,0.763388,0.722641,0.746409,0.769479,0.755523,0.801821,0.799202,0.767120,0.755631,0.708270,0.764065,0.769448,0.729008,0.744410,0.699464,0.760469,0.800493,0.747237,0.738050,0.739840,0.741394,0.737050,0.709337,0.757302,0.744667,0.763794,0.724941,0.750818,0.742171,0.740294,0.727847,0.776882,0.750024,0.740958,0.764780,0.789321,0.718993,0.703127,0.749096,0.704891,0.724086,0.701800,0.727325,0.752914,0.745218,0.740305,0.782691,0.751324,0.669591,0.735608,0.762364,0.735878,0.744008,0.719850,0.773704,0.734548,0.742708,0.760752,0.720262,0.772478,0.759136,0.751756,0.739508,0.741203,0.759206,0.714570,0.790759,0.753095,0.767494,0.781963,0.706382,0.746634,0.709304,0.773385,0.757152,0.738893,0.741401,0.781918,0.718829,0.750149,0.749773,0.728474,0.747727,0.748386,0.726403,0.753237,0.730028,0.787612,0.738957,0.724276,0.746765,0.700696,0.734288,0.743645,0.705491,0.739508,0.761828,0.778426,0.753203,0.724595,0.774333,0.728776,0.754007,0.748468,0.761382,0.746764,0.720404,0.727476,0.759179,0.776493,0.709325,0.744793,0.726895,0.736466,0.749124,0.761986,0.742957,0.699878,0.694318,0.712618,0.764719,0.713522,0.699072,#
15,0.766695,0.779107,0.757635,0.764906,0.757495,0.768293,0.791886,0.742638,0.783475,0.762164,0.772236,0.775560,0.746711,0.754319,0.735588,1.000000,0.753006,0.778518,0.776633,0.770255,0.743424,0.760325,0.737353,0.765150,0.755943,0.755409,0.725998,0.754835,0.755155,0.741347,0.795284,0.795096,0.760990,0.793487,0.736029,0.791218,0.766029,0.797683,0.745116,0.753861,0.742810,0.728102,0.766884,0.743275,0.763736,0.752261,0.809334,0.762925,0.789162,0.782513,0.750110,0.752059,0.735678,0.739749,0.768864,0.760636,0.771546,0.766469,0.749312,0.758654,0.772163,0.794823,0.756478,0.760823,0.788916,0.764316,0.794885,0.772836,0.754664,0.727928,0.779947,0.750291,0.748760,0.756525,0.775062,0.763960,0.774503,0.776372,0.789949,0.757312,0.770668,0.765004,0.792006,0.795093,0.803390,0.761365,0.690551,0.763556,0.765785,0.703023,0.725008,0.739169,0.760127,0.766872,0.696933,0.739489,0.748358,0.765862,0.749119,0.761277,0.783946,0.760840,0.778735,0.775954,0.764385,0.736784,0.746942,0.765533,0.742173,0.791388,0.727084,0.701916,0.793982,0.734387,0.739857,0.763678,0.713540,0.756365,0.723643,0.778081,0.715346,0.766159,0.730892,0.781453,0.709232,0.723663,0.751526,0.734922,0.793627,0.794610,0.771727,0.750418,0.726313,0.714420,0.772069,0.768933,0.777310,0.750410,0.762691,0.753725,0.739292,0.733330,0.744643,0.737143,0.757939,0.775898,0.748064,0.733868,0.764227,0.749221,0.785700,0.792865,0.771523,0.790038,0.760456,0.743266,0.760712,0.732444,0.760701,0.762996,0.754730,0.773619,0.788842,0.744894,0.782784,0.743802,0.772492,0.749888,0.757377,0.724894,0.703170,0.772800,0.693820,0.792658,0.776507,0.789606,0.756221,0.768858,0.756620,0.764228,0.771207,0.772076,0.734922,0.745589,0.769862,0.727237,0.728772,0.694792,0.727421,0.753826,0.740195,0.788388,0.733655,0.752969,0.750517,0.719652,0.745547,0.769639,0.787937,0.782622,#
16,0.786068,0.798716,0.759286,0.764565,0.727930,0.762648,0.785676,0.754450,0.752652,0.755478,0.777620,0.753801,0.744738,0.728820,0.732020,0.753006,1.000000,0.775772,0.805504,0.779449,0.818937,0.716710,0.717097,0.755035,0.749547,0.776138,0.760203,0.739910,0.705241,0.742141,0.785137,0.790373,0.760545,0.734269,0.753420,0.776924,0.785921,0.780676,0.762926,0.797223,0.758030,0.746634,0.734431,0.726150,0.741071,0.759359,0.783570,0.741688,0.766139,0.799375,0.724398,0.745670,0.752296,0.764275,0.767143,0.793505,0.697892,0.772205,0.759213,0.735695,0.777060,0.776412,0.742749,0.735281,0.763065,0.754404,0.810044,0.766687,0.793007,0.768177,0.778316,0.760415,0.784324,0.751703,0.757267,0.734258,0.754202,0.771609,0.760557,0.793299,0.821352,0.772820,0.809657,0.777457,0.773853,0.752941,0.756657,0.716895,0.736760,0.755479,0.702926,0.743709,0.760318,0.736692,0.746921,0.767466,0.749777,0.750959,0.762161,0.755876,0.790238,0.749538,0.753502,0.773795,0.757389,0.755491,0.764614,0.750001,0.810524,0.759487,0.767782,0.754475,0.792955,0.751757,0.754761,0.798083,0.795991,0.765707,0.709690,0.672375,0.708152,0.755536,0.724209,0.773227,0.758335,0.742414,0.728264,0.724876,0.773285,0.724993,0.785081,0.767162,0.760893,0.733898,0.770442,0.787987,0.752434,0.748252,0.752721,0.710872,0.740754,0.751778,0.757246,0.746492,0.730323,0.734468,0.791581,0.749542,0.758197,0.738914,0.741757,0.774108,0.712963,0.747395,0.801520,0.742514,0.766742,0.744166,0.726051,0.744909,0.751435,0.732012,0.803399,0.748732,0.790749,0.774418,0.761878,0.763500,0.735226,0.735014,0.714973,0.771777,0.742644,0.773933,0.782217,0.745047,0.724526,0.817092,0.748810,0.758441,0.772213,0.735986,0.746742,0.756583,0.707018,0.730768,0.778162,0.729847,0.769410,0.756500,0.765895,0.770225,0.739248,0.778222,0.769549,0.747506,0.743737,0.773277,0.765435,0.753740,#
17,0.803325,0.785222,0.800972,0.756083,0.772477,0.780633,0.807620,0.792870,0.776921,0.801593,0.764157,0.796499,0.773972,0.806007,0.754343,0.778518,0.775772,1.000000,0.791389,0.821400,0.767931,0.769830,0.777441,0.757074,0.807394,0.784290,0.776250,0.794790,0.758489,0.788592,0.785990,0.807181,0.736135,0.749597,0.752865,0.770684,0.770587,0.807508,0.797896,0.818167,0.798109,0.785387,0.771653,0.752461,0.772250,0.783959,0.805138,0.810550,0.811919,0.814583,0.772311,0.730921,0.779614,0.757870,0.803738,0.796664,0.778791,0.770996,0.783581,0.753919,0.772501,0.765142,0.792036,0.761897,0.778487,0.805864,0.858094,0.772557,0.783820,0.753929,0.810370,0.769536,0.776868,0.813165,0.794203,0.742759,0.775552,0.812379,0.813235,0.806630,0.789756,0.793684,0.832365,0.826611,0.786015,0.761151,0.768167,0.773561,0.761991,0.778523,0.771558,0.740902,0.789658,0.786429,0.763993,0.783378,0.765253,0.746178,0.772485,0.814819,0.798835,0.752420,0.774920,0.755725,0.749560,0.774490,0.753115,0.780925,0.757302,0.787535,0.788007,0.751795,0.819311,0.775726,0.791051,0.775369,0.720770,0.779076,0.757936,0.767936,0.765406,0.783778,0.748623,0.785231,0.759780,0.763239,0.763870,0.777374,0.798081,0.762854,0.784888,0.816749,0.797987,0.753813,0.782555,0.781440,0.803639,0.791517,0.776237,0.805196,0.779771,0.783507,0.822890,0.786504,0.794032,0.772597,0.765428,0.730031,0.795704,0.754789,0.793597,0.793452,0.761025,0.795489,0.774952,0.794949,0.825212,0.758632,0.782034,0.779829,0.779508,0.772967,0.834329,0.752330,0.795122,0.758829,0.746653,0.752127,0.758440,0.726664,0.782639,0.766635,0.770638,0.763284,0.828985,0.759072,0.777996,0.823297,0.774939,0.809210,0.778597,0.808046,0.769895,0.792857,0.775188,0.742341,0.800778,0.789466,0.758529,0.746373,0.785581,0.804627,0.747909,0.773890,0.761133,0.795900,0.741368,0.797157,0.773948,0.720721,#
18,0.788756,0.814511,0.771736,0.774741,0.718861,0.777952,0.778009,0.794726,0.739868,0.750655,0.799963,0.809755,0.800234,0.797634,0.705754,0.776633,0.805504,0.791389,1.000000,0.784618,0.783657,0.785814,0.764206,0.742794,0.745646,0.800797,0.768699,0.778056,0.759059,0.793878,0.748754,0.807556,0.776528,0.803006,0.774674,0.815955,0.760444,0.808374,0.773420,0.795813,0.807216,0.746135,0.777910,0.725535,0.776359,0.760587,0.821433,0.805424,0.810096,0.786978,0.739138,0.756550,0.780260,0.729622,0.790713,0.785178,0.744800,0.784096,0.776953,0.806643,0.776823,0.763036,0.756794,0.744884,0.807055,0.751972,0.815595,0.756821,0.746284,0.770439,0.778961,0.752461,0.794376,0.765594,0.796651,0.734605,0.766946,0.783413,0.788221,0.768079,0.788447,0.749053,0.819066,0.798711,0.809029,0.809904,0.723685,0.770068,0.784114,0.746386,0.756426,0.746667,0.790334,0.800523,0.778160,0.751794,0.769436,0.778714,0.782185,0.780122,0.800591,0.739404,0.768969,0.775953,0.788797,0.786748,0.752638,0.797555,0.792637,0.783680,0.804808,0.746114,0.791171,0.743065,0.743585,0.774348,0.750263,0.759316,0.756249,0.746531,0.779950,0.783061,0.723426,0.790851,0.768976,0.744981,0.808163,0.739071,0.811182,0.737106,0.767422,0.784515,0.770748,0.732119,0.775388,0.793896,0.784759,0.777845,0.771763,0.755709,0.741306,0.778652,0.752850,0.788391,0.779772,0.772312,0.780284,0.727325,0.791432,0.760435,0.771664,0.786232,0.804241,0.772662,0.789235,0.794992,0.782021,0.774239,0.739365,0.736384,0.781464,0.758166,0.829317,0.756141,0.798763,0.758841,0.832485,0.758745,0.722104,0.741622,0.775789,0.782961,0.773845,0.795568,0.783270,0.765190,0.761947,0.822107,0.759757,0.800267,0.789512,0.770390,0.743885,0.764148,0.740915,0.758622,0.769805,0.758051,0.740456,0.773363,0.769205,0.796768,0.723051,0.798077,0.801691,0.760323,0.726801,0.832029,0.780353,0.782192,#
19,0.795368,0.809647,0.802891,0.763220,0.779971,0.816010,0.761514,0.792051,0.793114,0.755024,0.767164,0.780317,0.777068,0.766896,0.769116,0.770255,0.779449,0.821400,0.784618,1.000000,0.788501,0.750927,0.745792,0.749382,0.776595,0.761492,0.783766,0.773012,0.751174,0.774753,0.806228,0.817014,0.784301,0.763356,0.765063,0.825277,0.764868,0.784932,0.777828,0.796442,0.800975,0.781233,0.759300,0.757204,0.741910,0.785007,0.833084,0.785909,0.808635,0.793329,0.769667,0.741716,0.774285,0.778731,0.781616,0.769703,0.794976,0.773289,0.765890,0.748654,0.758091,0.752000,0.793208,0.784467,0.788668,0.787182,0.832090,0.776184,0.805631,0.768497,0.802381,0.765912,0.802687,0.780947,0.759625,0.741426,0.750624,0.781083,0.775155,0.785153,0.829267,0.757265,0.829543,0.791621,0.797444,0.752669,0.758764,0.768556,0.808224,0.759428,0.739876,0.755028,0.757275,0.793931,0.740930,0.741013,0.784149,0.776823,0.774325,0.787893,0.798608,0.756705,0.791037,0.775040,0.772276,0.733113,0.788463,0.762671,0.761794,0.749094,0.783833,0.750537,0.785596,0.752865,0.758784,0.770872,0.771987,0.788205,0.756738,0.720030,0.793753,0.768918,0.738025,0.828004,0.758625,0.767151,0.766657,0.783538,0.829026,0.802324,0.790460,0.817753,0.791871,0.776226,0.779555,0.793427,0.756261,0.781106,0.796347,0.745726,0.772950,0.772596,0.744176,0.762446,0.777434,0.743733,0.761126,0.703796,0.797008,0.774493,0.759497,0.808797,0.758154,0.773870,0.812999,0.762275,0.828205,0.783462,0.778845,0.769057,0.784593,0.787036,0.789338,0.774931,0.813900,0.776649,0.752553,0.788030,0.732387,0.744936,0.754669,0.798226,0.784181,0.771679,0.825076,0.749591,0.771994,0.822845,0.774497,0.765383,0.771483,0.803089,0.792815,0.794642,0.754503,0.757283,0.760004,0.769886,0.777620,0.784755,0.772376,0.782416,0.735357,0.798186,0.792505,0.769782,0.754475,0.762764,0.772480,0.737626,#
20,0.784443,0.835467,0.764516,0.776747,0.764974,0.778557,0.779332,0.789353,0.793660,0.794930,0.770553,0.769660,0.787903,0.779330,0.736028,0.743424,0.818937,0.767931,0.783657,0.788501,1.000000,0.776233,0.740838,0.797962,0.776007,0.796389,0.758242,0.792382,0.761064,0.759858,0.789411,0.788448,0.790871,0.805829,0.766297,0.808035,0.755617,0.767300,0.770756,0.818992,0.789819,0.801331,0.736357,0.748904,0.794073,0.749001,0.818628,0.773136,0.796197,0.801624,0.769610,0.789316,0.756239,0.777549,0.801954,0.761223,0.706017,0.778705,0.782781,0.760249,0.785496,0.772620,0.800832,0.758500,0.781393,0.814518,0.835723,0.766650,0.796937,0.763886,0.786576,0.790599,0.807726,0.776743,0.759173,0.729449,0.775491,0.788723,0.809474,0.804931,0.792352,0.795367,0.822624,0.787311,0.758134,0.773352,0.771435,0.774749,0.796068,0.807366,0.769599,0.773486,0.762685,0.791324,0.771915,0.769968,0.753419,0.738154,0.768362,0.778554,0.831134,0.774741,0.781699,0.813926,0.781514,0.759773,0.804196,0.785742,0.776571,0.817270,0.762601,0.785626,0.778435,0.723738,0.777099,0.785251,0.772107,0.794314,0.696788,0.713076,0.786556,0.786887,0.738794,0.825592,0.748856,0.773862,0.754539,0.743674,0.783745,0.779226,0.781371,0.790688,0.802854,0.783522,0.790320,0.777319,0.747254,0.816469,0.795869,0.786633,0.776281,0.752596,0.752805,0.779890,0.789858,0.748520,0.785625,0.753427,0.758627,0.785287,0.777502,0.798395,0.769548,0.773091,0.789776,0.775997,0.790209,0.805901,0.772408,0.773875,0.784896,0.787387,0.795574,0.778757,0.812858,0.749222,0.755039,0.778126,0.741115,0.714484,0.783601,0.752154,0.785295,0.771353,0.795368,0.762843,0.748325,0.822509,0.764110,0.788599,0.788799,0.770802,0.768900,0.757773,0.739965,0.785011,0.780986,0.759389,0.774055,0.753864,0.755638,0.789159,0.786704,0.803231,0.798962,0.744594,0.764821,0.800021,0.778698,0.774002,#
21,0.759558,0.841040,0.778312,0.787974,0.757385,0.757393,0.744743,0.752382,0.764548,0.759803,0.754547,0.750633,0.738164,0.757749,0.740408,0.760325,0.716710,0.769830,0.785814,0.750927,0.776233,1.000000,0.759013,0.770581,0.720804,0.735116,0.775366,0.727303,0.764760,0.739491,0.750242,0.754246,0.766037,0.791074,0.781142,0.810888,0.752990,0.775319,0.765913,0.753741,0.761719,0.774083,0.742036,0.739479,0.772913,0.762451,0.780331,0.780276,0.788664,0.775399,0.732537,0.764734,0.753988,0.723620,0.798935,0.763798,0.737464,0.746454,0.810704,0.735957,0.763892,0.770167,0.719808,0.726546,0.780469,0.772056,0.806531,0.754769,0.757487,0.774423,0.750966,0.788924,0.787171,0.773384,0.798785,0.774251,0.751599,0.777514,0.760374,0.774839,0.757864,0.739654,0.808816,0.783781,0.810037,0.764032,0.706535,0.785079,0.788597,0.763855,0.715156,0.707405,0.780807,0.784000,0.757612,0.753639,0.765184,0.727677,0.745937,0.772927,0.782448,0.764282,0.727186,0.757021,0.726630,0.785745,0.726858,0.781331,0.734973,0.792226,0.781736,0.730040,0.758523,0.759119,0.704255,0.726390,0.746390,0.806845,0.733230,0.744422,0.772264,0.748193,0.708379,0.771537,0.740556,0.712581,0.765235,0.756127,0.769245,0.782385,0.763195,0.781560,0.741825,0.740018,0.790335,0.734053,0.712150,0.727882,0.768679,0.777326,0.758528,0.748199,0.710004,0.764015,0.753205,0.758971,0.742267,0.712686,0.735573,0.755200,0.754964,0.793178,0.740075,0.756387,0.748773,0.752577,0.793346,0.751946,0.735878,0.751610,0.748994,0.783871,0.782073,0.769684,0.787313,0.753318,0.773916,0.741826,0.684609,0.737827,0.783413,0.721453,0.749523,0.726647,0.760260,0.750016,0.696549,0.784141,0.755127,0.767768,0.752534,0.795827,0.758320,0.742632,0.736768,0.783708,0.761251,0.694489,0.707988,0.749827,0.741330,0.755312,0.758144,0.746287,0.782514,0.706049,0.750302,0.790726,0.719465,0.784207,#
