0,1.000000,0.186304,0.295940,0.263401,0.264940,0.205007,0.193141,0.112385,0.282793,0.179837,0.295673,0.188164,0.182695,0.073219,0.347413,0.320348,0.302237,0.372303,0.331114,0.380736,0.287030,0.252389,0.233116,0.369797,0.239506,0.233162,0.303161,0.181139,0.253495,0.309203,0.140775,0.245372,0.196382,0.210274,0.175360,0.319507,0.251233,0.206890,0.352183,0.322672,0.253777,0.287731,0.223147,0.270438,0.132026,0.242970,0.194696,0.323399,0.229473,0.360110,0.237999,0.229595,0.233041,0.263962,0.330048,0.259340,0.312572,0.291101,0.181614,0.242086,0.324964,0.216754,0.276888,0.189141,0.222129,0.193495,0.241657,0.223455,0.221973,0.286217,0.257244,0.187384,0.350488,0.267506,0.182318,0.019607,0.306550,0.330196,0.255909,0.106599,0.250956,0.160390,0.201907,0.280226,0.340438,0.205383,0.336978,0.220700,0.398262,0.201118,0.270007,0.096682,0.257464,0.234195,0.294596,0.342773,0.365775,0.153807,0.240127,0.299144,0.286861,0.291274,0.181036,0.317104,0.252964,0.235456,0.358678,0.270613,0.222892,0.112169,0.154550,0.191809,0.234943,0.273295,0.229820,0.234163,0.271952,0.198106,0.151246,0.154852,0.331569,0.285598,0.317940,0.253236,0.277080,0.348263,0.267962,0.116479,0.160037,0.274218,0.289879,0.221310,0.294111,0.171354,0.226555,0.216166,0.286450,0.207854,0.134204,0.318002,0.290936,0.250228,0.194629,0.196377,0.256047,0.271410,0.183341,0.182390,0.315885,0.201131,0.112099,0.248989,0.263660,0.198821,0.238706,0.250544,0.212679,0.202391,0.256195,0.283003,0.274503,0.389632,0.142011,0.113309,0.242997,0.212676,0.221452,0.272947,0.283424,0.253642,0.285124,0.020792,0.338977,0.286267,0.089725,0.285905,0.367184,0.282339,0.210168,0.164503,0.219286,0.338474,0.127123,0.126802,0.228934,0.201396,0.287324,0.386869,0.329266,0.112387,0.257784,0.339332,0.180979,0.206526,0.403505,0.182114,0.112155,0.232433,0.394560,0.320460,#
1,0.186304,1.000000,0.278703,0.329612,0.303288,0.231140,0.375097,0.271241,0.351049,0.184459,0.439066,0.361200,0.214949,0.244915,0.147228,0.159293,0.197760,0.297208,0.219432,0.288709,0.209617,0.309981,0.155108,0.223028,0.309137,0.300640,0.279862,0.366488,0.096964,0.314409,0.301370,0.249502,0.235153,0.282191,0.112398,0.239097,0.169297,0.224855,0.389360,0.220153,0.228950,0.259468,0.336791,0.237757,0.210700,0.303047,0.400186,0.279994,0.220966,0.209426,0.320528,0.239620,0.367790,0.302918,0.261105,0.348536,0.242397,0.232532,0.275923,0.295851,0.268121,0.243714,0.302628,0.247420,0.211844,0.344938,0.231118,0.284328,0.338905,0.289099,0.297348,0.234102,0.399387,0.211190,0.291685,0.170627,0.267402,0.302246,0.391825,0.221684,0.244518,0.431089,0.266920,0.307041,0.299517,0.079379,0.347514,0.279872,0.282923,0.299568,0.290940,0.314910,0.187488,0.288863,0.202783,0.273749,0.238969,0.193635,0.176284,0.202571,0.293344,0.207649,0.262296,0.252814,0.211971,0.241489,0.280903,0.355870,0.221737,0.253661,0.329538,0.240395,0.195521,0.240869,0.337007,0.391654,0.304363,0.189282,0.245207,0.239479,0.137944,0.298314,0.342486,0.305348,0.262304,0.302055,0.223810,0.256382,0.255768,0.272533,0.207312,0.271862,0.242582,0.264909,0.422693,0.302306,0.291860,0.317830,0.197569,0.335967,0.301783,0.189185,0.172271,0.250221,0.366488,0.250037,0.226397,0.199942,0.301069,0.237665,0.276066,0.254768,0.190419,0.130279,0.316876,0.330030,0.213312,0.242375,0.135194,0.106461,0.109111,0.335475,0.276709,0.309774,0.323307,0.229603,0.199673,0.181411,0.272162,0.393515,0.303142,0.280836,0.249984,0.181204,0.298046,0.249932,0.185384,0.313911,0.262125,0.190093,0.214321,0.193838,0.303642,0.156115,0.374969,0.239413,0.244993,0.146377,0.295327,0.326477,0.380915,0.343677,0.167466,0.240738,0.321346,0.263847,0.079585,0.302304,0.197758,0.314701,#
2,0.295940,0.278703,1.000000,0.334489,0.319622,0.254891,0.328973,0.286142,0.225182,0.239839,0.353023,0.419763,0.212797,0.306416,0.189398,0.322829,0.225016,0.256589,0.260985,0.313832,0.405463,0.389661,0.191004,0.277085,0.312721,0.388926,0.386223,0.275954,0.192024,0.342714,0.227210,0.198352,0.182105,0.214208,0.184681,0.303197,0.293470,0.201231,0.318468,0.198200,0.382771,0.348299,0.288572,0.203601,0.209397,0.358232,0.249229,0.323373,0.159986,0.277651,0.294858,0.415169,0.317711,0.253769,0.178056,0.280629,0.257926,0.242376,0.244383,0.342006,0.263230,0.229061,0.280389,0.268995,0.377428,0.343867,0.269555,0.197361,0.309775,0.348204,0.268601,0.268952,0.239169,0.232454,0.344148,0.241131,0.263600,0.299969,0.299421,0.229452,0.364151,0.138669,0.192480,0.184932,0.325069,0.229218,0.411916,0.295119,0.299990,0.223153,0.235502,0.306836,0.336764,0.315532,0.239820,0.272523,0.322374,0.253880,0.296596,0.237894,0.340397,0.280217,0.188269,0.337168,0.232694,0.303565,0.333077,0.365168,0.252326,0.320238,0.297638,0.305783,0.376374,0.272083,0.270466,0.399537,0.263539,0.269409,0.038430,0.184686,0.276959,0.308778,0.265757,0.257887,0.271241,0.228376,0.352651,0.235626,0.238978,0.309893,0.210709,0.359826,0.292161,0.190627,0.378369,0.325356,0.252709,0.286760,0.124080,0.158960,0.219573,0.234014,0.275875,0.199774,0.436548,0.235226,0.149393,0.242044,0.299797,0.212311,0.250789,0.381175,0.337543,0.285586,0.237050,0.220210,0.172651,0.135261,0.253321,0.225268,0.230510,0.342142,0.305575,0.324717,0.295656,0.235289,0.218196,0.225536,0.160556,0.242478,0.177719,0.354990,0.228627,0.222121,0.270658,0.239696,0.358485,0.288248,0.160868,0.254955,0.335896,0.256817,0.157670,0.356425,0.173123,0.300092,0.178007,0.136171,0.386167,0.162198,0.248894,0.314718,0.392546,0.207661,0.329973,0.171844,0.078891,0.304953,0.355740,0.346199,#
3,0.263401,0.329612,0.334489,1.000000,0.332271,0.253149,0.318891,0.335541,0.370341,0.258757,0.369666,0.395830,0.225958,0.299872,0.308989,0.320572,0.290970,0.397576,0.334760,0.323698,0.338572,0.299558,0.315532,0.454239,0.386613,0.337026,0.328064,0.241672,0.316774,0.356621,0.333166,0.396190,0.438218,0.402749,0.123143,0.373761,0.333256,0.449897,0.458669,0.255260,0.338343,0.424210,0.318712,0.395062,0.207386,0.359067,0.289852,0.362850,0.149372,0.328423,0.371279,0.319592,0.345584,0.245874,0.265796,0.415534,0.325456,0.301784,0.298952,0.369403,0.288409,0.218560,0.289761,0.263230,0.400351,0.360038,0.289080,0.287569,0.214833,0.387714,0.317469,0.239554,0.392729,0.231583,0.375384,0.312477,0.326993,0.369443,0.368520,0.215030,0.402632,0.350732,0.335471,0.255449,0.402539,0.245465,0.399891,0.249635,0.394368,0.399192,0.352073,0.318165,0.339969,0.393638,0.269429,0.336508,0.375301,0.216392,0.360915,0.260871,0.395515,0.235924,0.322951,0.305643,0.412776,0.283508,0.375998,0.338020,0.213222,0.258804,0.334261,0.228498,0.317977,0.331347,0.230101,0.324368,0.321212,0.244092,0.203810,0.244735,0.346956,0.339987,0.304317,0.436248,0.276412,0.265200,0.385607,0.341653,0.193804,0.352455,0.322371,0.376967,0.387338,0.310364,0.348056,0.395011,0.189319,0.266878,0.327706,0.294832,0.361257,0.380995,0.279921,0.318272,0.382388,0.255800,0.372298,0.376201,0.241352,0.295683,0.242520,0.230475,0.234251,0.302460,0.316723,0.271766,0.255405,0.310971,0.287385,0.311086,0.302997,0.392113,0.395577,0.383981,0.325493,0.298393,0.341400,0.305025,0.235220,0.307044,0.340298,0.234448,0.268022,0.195826,0.248202,0.353884,0.367295,0.387105,0.176577,0.292310,0.299047,0.389695,0.360263,0.252466,0.186609,0.248292,0.244705,0.294795,0.225025,0.272533,0.276427,0.375247,0.371641,0.267162,0.298148,0.319343,0.282908,0.353714,0.297233,0.257364,#
4,0.264940,0.303288,0.319622,0.332271,1.000000,0.289438,0.280480,0.277490,0.336088,0.181264,0.251651,0.261771,0.251484,0.256138,0.200417,0.250101,0.177667,0.306096,0.273369,0.434042,0.398098,0.263064,0.257061,0.353200,0.247222,0.417894,0.218255,0.241569,0.319901,0.222853,0.195827,0.248930,0.287095,0.267323,0.141473,0.299014,0.372305,0.288546,0.322896,0.232066,0.320546,0.419250,0.205612,0.196874,0.384026,0.285735,0.396939,0.313403,0.216133,0.301436,0.211144,0.266167,0.234923,0.304536,0.335781,0.435227,0.251311,0.272811,0.311805,0.296553,0.356213,0.292005,0.201118,0.134114,0.227771,0.226747,0.273995,0.232084,0.245711,0.281925,0.319758,0.288628,0.363871,0.223317,0.243400,0.072568,0.262812,0.342155,0.302102,0.183395,0.340964,0.338609,0.165397,0.173957,0.419166,0.205721,0.322983,0.295786,0.328777,0.373032,0.327393,0.190313,0.258885,0.328783,0.228612,0.362563,0.272223,0.269063,0.209719,0.200178,0.296443,0.161460,0.287801,0.350838,0.279004,0.285791,0.166956,0.332088,0.212872,0.291211,0.374468,0.246990,0.304288,0.420311,0.277074,0.200227,0.284957,0.113387,0.143031,0.089425,0.236559,0.298017,0.310245,0.235482,0.371484,0.214664,0.375262,0.233909,0.259513,0.287330,0.342898,0.195196,0.344906,0.240395,0.378087,0.319013,0.210362,0.125710,0.229113,0.233144,0.358761,0.132432,0.240795,0.247863,0.356771,0.371697,0.226976,0.285882,0.263920,0.293137,0.270219,0.238558,0.326277,0.429753,0.284211,0.226004,0.358972,0.251526,0.190116,0.280972,0.290116,0.252368,0.178995,0.255377,0.118385,0.287298,0.192919,0.213017,0.204935,0.269717,0.178777,0.194113,0.336783,0.219040,0.333499,0.274644,0.358984,0.342023,0.194469,0.240217,0.177085,0.131172,0.318652,0.250324,0.199444,0.252280,0.109927,0.340181,0.314465,0.301444,0.183024,0.278234,0.236880,0.195146,0.279854,0.340603,0.226045,0.377113,0.318427,0.370439,#
5,0.205007,0.231140,0.254891,0.253149,0.289438,1.000000,0.217776,0.243844,0.280501,0.282273,0.272617,0.222805,0.299853,0.156465,0.254704,0.204087,0.277894,0.285737,0.156986,0.230502,0.327824,0.201448,0.231550,0.304281,0.267055,0.264596,0.318644,0.304448,0.285193,0.280446,0.231571,0.309631,0.359120,0.245816,0.083262,0.219942,0.331495,0.111108,0.283170,0.260124,0.300415,0.344406,0.130822,0.405943,0.195196,0.261300,0.260863,0.161413,0.207386,0.270957,0.279910,0.271820,0.236112,0.154907,0.209917,0.330637,0.138942,0.235309,0.362037,0.240059,0.221055,0.256599,0.252461,0.168285,0.335736,0.280831,0.242658,0.186937,0.249087,0.168802,0.253924,0.247347,0.315340,0.288561,0.249075,0.205157,0.277216,0.282318,0.320263,0.285139,0.233469,0.255542,0.325493,0.134373,0.166387,0.221436,0.231233,0.201624,0.309514,0.162404,0.190532,0.272938,0.284751,0.328212,0.215229,0.272165,0.179996,0.233990,0.302061,0.144234,0.200727,0.290649,0.174054,0.281501,0.188114,0.259285,0.220606,0.363447,0.223484,0.205825,0.320551,0.243249,0.279340,0.187299,0.316065,0.223913,0.286461,0.296850,0.131661,0.168479,0.133306,0.324938,0.171787,0.286465,0.137605,0.148054,0.196076,0.066336,0.303318,0.320604,0.291310,0.333012,0.327801,0.216594,0.410395,0.358143,0.184798,0.218313,0.172909,0.058785,0.242257,0.249934,0.191961,0.246300,0.306220,0.234042,0.216567,0.208257,0.146271,0.269301,0.257530,0.174639,0.266600,0.315043,0.222483,0.245576,0.293101,0.128734,0.320435,0.100387,0.256000,0.249428,0.270140,0.210058,0.236458,0.127287,0.106983,0.299648,0.293865,0.336590,0.303896,0.255685,0.292588,0.196592,0.126302,0.237537,0.294341,0.299776,0.268264,0.165511,0.260993,0.199065,0.381502,0.198558,0.226048,0.309041,0.256942,0.190511,0.227012,0.191616,0.261102,0.238903,0.233226,0.186120,0.371195,0.178501,0.076334,0.333647,0.210405,0.336881,#
6,0.193141,0.375097,0.328973,0.318891,0.280480,0.217776,1.000000,0.239556,0.269659,0.127206,0.251812,0.250526,0.136386,0.239450,0.123517,0.214408,0.209187,0.268674,0.250624,0.254190,0.257799,0.309468,0.110638,0.183326,0.168810,0.261025,0.210645,0.262612,0.281000,0.276909,0.149472,0.234771,0.197810,0.204031,0.097930,0.155896,0.168407,0.249142,0.283899,0.260163,0.234621,0.214543,0.140359,0.231057,0.188934,0.217592,0.252308,0.306235,0.183086,0.281407,0.152345,0.261972,0.253291,0.223239,0.122532,0.255482,0.153757,0.264293,0.294354,0.329645,0.260233,0.194085,0.208127,0.185513,0.234264,0.451977,0.236155,0.278121,0.262282,0.226092,0.264075,0.245089,0.310177,0.175720,0.307155,0.179145,0.250930,0.266811,0.320311,0.169208,0.267173,0.250335,0.274789,0.140064,0.292441,0.213366,0.219789,0.284369,0.231237,0.260260,0.250761,0.168679,0.200425,0.269978,0.192969,0.293007,0.274877,0.216281,0.271142,0.265783,0.268867,0.287791,0.225315,0.221705,0.032567,0.327599,0.157807,0.227254,0.220822,0.225349,0.286959,0.280999,0.196078,0.119053,0.233460,0.253287,0.331250,0.101949,0.172618,0.164864,0.253579,0.284177,0.197546,0.222188,0.233109,0.215600,0.179023,0.241501,0.132563,0.336782,0.242575,0.183159,0.297194,0.107885,0.350800,0.219108,0.195332,0.226438,0.190312,0.222518,0.183709,0.096704,0.082800,0.279828,0.155380,0.246780,0.231006,0.139436,0.240586,0.081099,0.372679,0.138677,0.264975,0.182305,0.283045,0.211374,0.138268,0.282998,0.234670,0.156835,0.113458,0.331068,0.290266,0.234686,0.265414,0.195938,0.163557,0.241863,0.208717,0.251354,0.084619,0.161964,0.203910,0.137232,0.261935,0.255039,0.170841,0.278805,0.317731,0.098608,0.085688,0.180753,0.251386,0.306713,0.301820,0.273046,0.138779,0.253474,0.296694,0.273018,0.208730,0.214050,0.257039,0.244103,0.171000,0.154480,0.180163,0.284952,0.194351,0.309806,#
7,0.112385,0.271241,0.286142,0.335541,0.277490,0.243844,0.239556,1.000000,0.318367,0.285951,0.323077,0.430040,0.162897,0.296471,0.275552,0.251110,0.212515,0.362213,0.202940,0.331327,0.274000,0.271617,0.322550,0.246569,0.370959,0.274013,0.318447,0.372736,0.244978,0.243477,0.297042,0.253709,0.329293,0.240614,0.083940,0.318720,0.160921,0.183519,0.348104,0.281257,0.229317,0.310796,0.247597,0.270753,0.264121,0.344439,0.275172,0.294499,0.265102,0.311512,0.404258,0.303610,0.198598,0.298272,0.195888,0.313569,0.243272,0.316974,0.285047,0.317465,0.308323,0.181643,0.296196,0.188241,0.376875,0.278855,0.266285,0.197114,0.256186,0.446653,0.283679,0.130234,0.444786,0.227288,0.256896,0.217676,0.239515,0.346557,0.340011,0.393356,0.310423,0.307158,0.326873,0.252107,0.335154,0.220383,0.321579,0.130078,0.294205,0.332314,0.222207,0.225643,0.300939,0.335070,0.187559,0.261811,0.202779,0.247801,0.179827,0.152106,0.326696,0.213003,0.235298,0.275145,0.171650,0.375108,0.356581,0.219508,0.263615,0.272947,0.250197,0.210054,0.166116,0.270162,0.435403,0.305006,0.164240,0.182147,0.181258,0.296286,0.277967,0.351209,0.211060,0.352889,0.326516,0.250497,0.354919,0.347158,0.210671,0.198119,0.186054,0.246174,0.386566,0.245627,0.476723,0.305015,0.092744,0.417653,0.265368,0.267673,0.332634,0.223062,0.141837,0.223570,0.351605,0.257460,0.269084,0.263523,0.229457,0.271043,0.273428,0.341990,0.197700,0.235822,0.111878,0.349358,0.287411,0.318103,0.261533,0.331661,0.201503,0.300753,0.266012,0.246194,0.173255,0.266284,0.348485,0.179130,0.269984,0.284937,0.275016,0.250394,0.307588,0.183028,0.313438,0.237123,0.231487,0.243646,0.069980,0.358549,0.276288,0.270797,0.224270,0.253351,0.092007,0.302328,0.161579,0.153616,0.235916,0.350726,0.279640,0.236054,0.317118,0.243637,0.235562,0.226919,0.126521,0.311900,0.332741,0.288043,#
8,0.282793,0.351049,0.225182,0.370341,0.336088,0.280501,0.269659,0.318367,1.000000,0.237582,0.343947,0.329158,0.268253,0.257201,0.408737,0.325116,0.154814,0.238439,0.227349,0.307349,0.299004,0.265273,0.202611,0.321884,0.222353,0.298656,0.243262,0.314891,0.178144,0.342339,0.179454,0.294395,0.226446,0.286417,0.188501,0.348533,0.345102,0.210775,0.326165,0.314435,0.237632,0.336001,0.127950,0.266568,0.387508,0.316156,0.271461,0.243726,0.203080,0.265309,0.258015,0.388983,0.182099,0.433270,0.298335,0.402134,0.296351,0.301285,0.242351,0.379063,0.369808,0.166055,0.371972,0.112015,0.359568,0.381489,0.311697,0.244385,0.377333,0.327299,0.237084,0.241312,0.371597,0.232021,0.287602,0.174008,0.266129,0.278018,0.320965,0.180051,0.334569,0.347888,0.298514,0.111375,0.374496,0.207634,0.267247,0.227593,0.313920,0.301581,0.251944,0.226871,0.289324,0.263100,0.362844,0.376930,0.359847,0.254508,0.236259,0.208689,0.299835,0.193798,0.260021,0.283550,0.337606,0.185028,0.342314,0.264015,0.151364,0.311154,0.175184,0.217153,0.145128,0.262598,0.320329,0.413825,0.277048,0.171145,0.113082,0.294651,0.311070,0.306306,0.260099,0.317165,0.312439,0.357821,0.256353,0.373964,0.161334,0.322877,0.238281,0.193540,0.342369,0.215142,0.386372,0.380729,0.189132,0.302940,0.315677,0.234200,0.326777,0.298669,0.365965,0.200678,0.273067,0.284463,0.299236,0.311707,0.284041,0.246707,0.354674,0.194514,0.248069,0.341410,0.422507,0.374968,0.231895,0.297136,0.229502,0.303594,0.141494,0.330971,0.184674,0.284786,0.305984,0.312292,0.305011,0.167955,0.270337,0.291830,0.301812,0.141729,0.235730,0.249706,0.254925,0.277753,0.214854,0.352562,0.252484,0.234644,0.291537,0.247961,0.183297,0.336854,0.282499,0.291258,0.130315,0.115287,0.293559,0.251451,0.286651,0.280259,0.278932,0.244564,0.365700,0.178546,0.183946,0.175006,0.270944,0.218920,#
9,0.179837,0.184459,0.239839,0.258757,0.181264,0.282273,0.127206,0.285951,0.237582,1.000000,0.378413,0.201430,0.116827,0.140160,0.229356,0.249128,0.149170,0.154422,0.112347,0.320671,0.239211,0.149426,0.186838,0.205307,0.138598,0.173682,0.295440,0.253944,0.177021,0.213751,0.324412,0.226759,0.139354,0.213321,0.213356,0.232177,0.072684,0.256392,0.264388,0.119286,0.312427,0.283547,0.132961,0.059103,0.134585,0.292186,0.164775,0.186906,0.128850,0.173750,0.224605,0.316697,0.178280,0.167724,0.167233,0.308709,0.223498,0.222080,0.191150,0.132503,0.232378,0.176208,0.315108,0.168645,0.308359,0.268560,0.118462,0.115977,0.182496,0.101611,0.279486,0.249125,0.235768,0.206463,0.195023,0.215132,0.184612,0.174678,0.330816,0.280740,0.146735,0.311516,0.114505,0.084109,0.254402,0.192992,0.295989,0.172287,0.084136,0.030818,0.116563,0.294423,0.203557,0.143312,0.226413,0.240919,0.304594,0.231463,0.157707,-0.019740,0.206720,0.190195,0.349742,0.158243,0.301663,0.153141,0.241784,0.165285,0.238695,0.095599,0.203437,0.173802,0.188373,0.311554,0.176647,0.258950,0.184429,0.246770,0.292284,0.014677,0.248213,0.357601,0.150037,0.298016,0.176414,0.229160,0.063537,0.287650,0.187045,0.242063,0.180530,0.211991,0.195400,0.218948,0.250895,0.184585,0.176371,0.330048,0.138489,0.060510,0.129078,0.308609,0.182707,0.153929,0.215016,0.123236,0.209114,0.239653,0.114972,0.348815,0.162564,0.059395,0.365589,0.253431,0.196960,0.264460,0.271114,0.246624,0.334689,0.138115,0.205545,0.165683,0.137559,0.341619,0.217292,0.114437,0.228210,0.174677,0.396104,0.186495,0.210101,0.170985,0.199221,0.194769,0.145973,0.258914,0.276192,0.143155,0.077803,0.222328,0.068061,0.159384,0.307895,0.194181,0.134892,0.205556,0.190173,0.177434,0.298811,0.202520,0.235000,0.191831,0.188213,0.231017,0.238054,0.181965,0.113946,0.163695,0.198867,0.224206,#
10,0.295673,0.439066,0.353023,0.369666,0.251651,0.272617,0.251812,0.323077,0.343947,0.378413,1.000000,0.234242,0.153379,0.281430,0.305579,0.238434,0.200128,0.316383,0.381833,0.355488,0.220703,0.189368,0.128975,0.264784,0.292978,0.206641,0.291900,0.332018,0.196599,0.308599,0.316747,0.303632,0.293182,0.231850,0.173340,0.367541,0.183199,0.264568,0.372742,0.221112,0.289383,0.242929,0.226791,0.138560,0.140888,0.306553,0.279068,0.298456,0.283744,0.310200,0.249940,0.328936,0.253939,0.311131,0.211122,0.332470,0.189044,0.234347,0.271985,0.321475,0.210739,0.309635,0.280539,0.311481,0.349440,0.357631,0.340953,0.178398,0.239663,0.240338,0.279893,0.286143,0.362025,0.198996,0.220863,0.243216,0.253770,0.208969,0.299193,0.230494,0.307925,0.329560,0.290568,0.230382,0.366439,0.083121,0.333670,0.250868,0.299511,0.265966,0.197739,0.226286,0.317090,0.235917,0.216669,0.351535,0.311544,0.170327,0.288306,0.226283,0.236990,0.224611,0.247740,0.253815,0.321842,0.128859,0.324281,0.361378,0.180677,0.211591,0.220093,0.308048,0.223096,0.292336,0.355502,0.437605,0.219569,0.154512,0.158812,0.153270,0.202729,0.311158,0.230578,0.275780,0.220105,0.217771,0.207169,0.281150,0.247095,0.322445,0.310554,0.262174,0.281774,0.163637,0.331779,0.300233,0.174658,0.432578,0.132254,0.227676,0.339239,0.230322,0.253103,0.220234,0.324860,0.198269,0.053951,0.190860,0.202657,0.268089,0.232314,0.300445,0.337957,0.198599,0.313185,0.253194,0.331549,0.128366,0.311182,0.239959,0.283819,0.283814,0.335426,0.305608,0.309185,0.231543,0.320902,0.224887,0.258818,0.341527,0.318563,0.257253,0.226503,0.263640,0.298195,0.173803,0.252372,0.359496,0.203264,0.285759,0.262503,0.191469,0.372373,0.171115,0.279355,0.246155,0.121150,0.096880,0.317887,0.274058,0.338959,0.287428,0.228972,0.213465,0.343184,0.225622,0.098968,0.324849,0.338751,0.427645,#
11,0.188164,0.361200,0.419763,0.395830,0.261771,0.222805,0.250526,0.430040,0.329158,0.201430,0.234242,1.000000,0.215104,0.258692,0.154514,0.240193,0.260886,0.335740,0.228841,0.143624,0.287100,0.345864,0.142525,0.270758,0.380156,0.395219,0.189374,0.406212,0.052244,0.355328,0.305188,0.329168,0.262655,0.309049,0.160975,0.293692,0.304015,0.232488,0.314593,0.303623,0.283806,0.371911,0.343913,0.370671,0.176186,0.390068,0.275341,0.270678,0.214758,0.180320,0.344767,0.347992,0.250916,0.408516,0.156002,0.280604,0.267746,0.301861,0.305612,0.248102,0.253321,0.219581,0.359713,0.253451,0.365118,0.413697,0.304644,0.362756,0.295632,0.365062,0.217812,0.210119,0.379165,0.236692,0.260938,0.206850,0.242071,0.279599,0.361315,0.249925,0.324360,0.211691,0.326993,0.240879,0.383095,0.136591,0.367330,0.325603,0.302087,0.209033,0.293674,0.304726,0.367045,0.479320,0.244916,0.294786,0.194817,0.215239,0.307334,0.330056,0.323567,0.265384,0.247049,0.264066,0.205035,0.368409,0.333963,0.310019,0.322395,0.254721,0.329175,0.259412,0.338717,0.282009,0.142907,0.460859,0.301741,0.227838,0.140254,0.270294,0.233969,0.378404,0.352547,0.319608,0.287590,0.213806,0.299220,0.337244,0.329282,0.257462,0.189080,0.410168,0.333219,0.302127,0.298094,0.282801,0.020830,0.409783,0.131948,0.321376,0.273460,0.227088,0.187817,0.311867,0.351728,0.231743,0.356143,0.176063,0.222690,0.221160,0.220574,0.403590,0.245658,0.240644,0.308581,0.258336,0.221010,0.146352,0.258432,0.256115,0.236350,0.398979,0.192597,0.275406,0.274947,0.228896,0.389987,0.284195,0.343193,0.327092,0.305916,0.130854,0.235930,0.137793,0.273358,0.312699,0.339000,0.266080,0.129855,0.224446,0.343860,0.239182,0.248651,0.215165,0.146108,0.317859,0.178172,0.179079,0.252112,0.338335,0.221994,0.211624,0.412348,0.216283,0.403776,0.229880,0.196134,0.288945,0.262285,0.317702,#
12,0.182695,0.214949,0.212797,0.225958,0.251484,0.299853,0.136386,0.162897,0.268253,0.116827,0.153379,0.215104,1.000000,0.165637,0.278362,0.211983,0.310723,0.250305,0.280627,0.350037,0.296396,0.186667,0.191407,0.272083,0.174604,0.234675,0.292768,0.276479,0.213864,0.301589,0.082981,0.277294,0.297733,0.206206,0.164342,0.296200,0.262032,0.119678,0.242270,0.249499,0.357108,0.207988,0.250535,0.304591,0.319451,0.344357,0.290664,0.098715,0.231333,0.186316,0.341176,0.196418,0.185575,0.316414,0.180527,0.274917,0.146713,0.240597,0.198451,0.133330,0.256908,0.268220,0.170526,0.263993,0.376734,0.238657,0.198878,0.181818,0.273492,0.146609,0.131367,0.237350,0.256583,0.102100,0.315720,0.279902,0.247448,0.166298,0.231509,0.148370,0.288764,0.180807,0.157012,0.186429,0.252865,0.290069,0.227131,0.269517,0.319549,0.213384,0.196925,0.197336,0.212787,0.308448,0.225712,0.165761,0.396752,0.289919,0.133026,0.150105,0.201408,0.261856,0.264538,0.291129,0.327800,0.184774,0.234669,0.190826,0.122073,0.233347,0.326542,0.108490,0.236158,0.221469,0.229519,0.196630,0.292395,0.143658,0.176710,0.161396,0.267769,0.319868,0.320003,0.310117,0.174819,0.150954,0.275474,0.129824,0.096039,0.156660,0.229131,0.221496,0.204000,0.132025,0.248485,0.168346,0.201560,0.202577,0.243101,0.224659,0.283325,0.198273,0.191259,0.195283,0.161917,0.270453,0.214755,0.213566,0.206335,0.221415,0.183132,0.363758,0.178724,0.212809,0.190815,0.269178,0.163239,0.044262,0.142858,0.163582,0.149565,0.363813,0.209877,0.313094,0.241086,0.124877,0.277870,0.144070,0.200091,0.221841,0.203813,0.242452,0.226306,0.193125,0.266159,0.136852,0.251289,0.274099,0.139860,0.245515,0.242092,0.218094,0.276215,0.181844,0.241120,0.260584,0.222473,0.290328,0.175899,0.063728,0.295988,0.233742,0.255206,0.209444,0.190779,0.205901,0.158154,0.253321,0.283719,0.164392,#
13,0.073219,0.244915,0.306416,0.299872,0.256138,0.156465,0.239450,0.296471,0.257201,0.140160,0.281430,0.258692,0.165637,1.000000,0.318324,0.222367,0.223670,0.185497,0.240673,0.336411,0.258390,0.240777,0.132787,0.200808,0.284887,0.359449,0.325428,0.279328,0.199775,0.231114,0.282677,0.266773,0.307023,0.262115,0.143368,0.224506,0.164486,0.301522,0.118023,0.225699,0.174321,0.298730,0.280496,0.212869,0.228841,0.298555,0.312686,0.242742,0.228949,0.203937,0.282193,0.296548,0.232752,0.349437,0.219437,0.391944,0.181036,0.263760,0.268780,0.325533,0.313621,0.193434,0.374875,0.151539,0.253947,0.273023,0.432227,0.222279,0.406722,0.288181,0.156869,0.156803,0.284246,0.115665,0.356441,0.223255,0.305867,0.373595,0.355094,0.187103,0.348005,0.396283,0.237276,0.360291,0.392116,0.144723,0.364806,0.278174,0.296474,0.309447,0.229042,0.223095,0.349697,0.354625,0.195513,0.265846,0.251207,0.197365,0.258426,0.301688,0.299521,0.312899,0.287298,0.348275,0.249453,0.306799,0.298108,0.252132,0.326582,0.272944,0.235221,0.228486,0.358658,0.287015,0.302305,0.308628,0.306516,0.242592,0.120003,0.240631,0.343570,0.358744,0.229860,0.364178,0.272691,0.158176,0.185848,0.166280,0.319275,0.299075,0.162978,0.231390,0.239821,0.179389,0.377377,0.319187,0.253261,0.267973,0.365571,0.243686,0.171385,0.243994,0.391667,0.284735,0.355335,0.423467,0.238478,0.298625,0.134912,0.278603,0.238879,0.269716,0.240568,0.361416,0.326419,0.314541,0.141544,0.318681,0.222288,0.296520,0.182118,0.416065,0.200499,0.388830,0.277019,0.239809,0.183173,0.143933,0.244097,0.277475,0.300722,0.361741,0.241749,0.180579,0.264524,0.248066,0.203168,0.256227,0.249985,0.045063,0.241622,0.283643,0.255090,0.298321,0.218739,0.332822,0.304671,0.227117,0.165591,0.292433,0.184156,0.320244,0.283512,0.228623,0.208924,0.263230,0.247303,0.260697,0.355234,0.222239,#
14,0.347413,0.147228,0.189398,0.308989,0.200417,0.254704,0.123517,0.275552,0.408737,0.229356,0.305579,0.154514,0.278362,0.318324,1.000000,0.379871,0.265828,0.301434,0.324407,0.409150,0.311076,0.175185,0.269523,0.360843,0.262849,0.183665,0.341662,0.266782,0.272886,0.296640,0.137116,0.281281,0.199270,0.189491,0.237280,0.303190,0.268334,0.309913,0.307285,0.366998,0.295638,0.251234,0.235912,0.218726,0.310979,0.383698,0.262718,0.233906,0.185020,0.264985,0.352099,0.222414,0.285913,0.343345,0.405128,0.341616,0.333789,0.257794,0.219196,0.248087,0.361861,0.279417,0.241614,0.242408,0.324295,0.211852,0.317587,0.276579,0.230798,0.327775,0.177869,0.254396,0.203086,0.310749,0.251957,0.200212,0.266247,0.290261,0.262465,0.230009,0.331375,0.231489,0.280605,0.302660,0.332455,0.285775,0.163252,0.121313,0.290398,0.255562,0.276879,0.209756,0.363561,0.306034,0.308528,0.191346,0.317490,0.254465,0.207030,0.177792,0.292773,0.323233,0.248744,0.321372,0.319077,0.215930,0.364212,0.372273,0.147222,0.250822,0.108851,0.058392,0.260925,0.212993,0.300153,0.341119,0.216921,0.237764,0.224055,0.257968,0.428731,0.379398,0.155836,0.242441,0.251207,0.193341,0.254238,0.235879,0.119484,0.368831,0.134199,0.264935,0.303894,0.107415,0.240665,0.273482,0.119978,0.228839,0.200889,0.159400,0.328922,0.347631,0.371604,0.196929,0.191143,0.361932,0.222364,0.239932,0.110774,0.162975,0.247788,0.218170,0.150915,0.293304,0.285110,0.234527,0.290024,0.196138,0.183020,0.160026,0.192962,0.312847,0.248213,0.223317,0.304226,0.136655,0.278763,0.217744,0.179516,0.320752,0.313703,0.264800,0.306610,0.250075,0.194302,0.143006,0.372933,0.359466,0.310365,0.272233,0.260236,0.335359,0.204787,0.298334,0.254857,0.243497,0.208841,0.103303,0.159904,0.257372,0.208527,0.282916,0.270989,0.345022,0.287958,0.141681,0.042620,0.238856,0.344161,0.267947,#
15,0.320348,0.159293,0.322829,0.320572,0.250101,0.204087,0.214408,0.251110,0.325116,0.249128,0.238434,0.240193,0.211983,0.222367,0.379871,1.000000,0.319933,0.364139,0.328456,0.309105,0.239458,0.194958,0.246852,0.324310,0.278325,0.382632,0.334982,0.259089,0.254196,0.290092,0.176658,0.326703,0.245896,0.359704,0.177962,0.249687,0.271461,0.221720,0.348665,0.229580,0.360331,0.304550,0.236331,0.257465,0.316648,0.285315,0.134165,0.242842,0.149617,0.300431,0.206652,0.387878,0.313614,0.302498,0.323058,0.289914,0.205891,0.293393,0.313379,0.364300,0.311331,0.123606,0.340712,0.177219,0.263171,0.367354,0.309982,0.306711,0.237734,0.204247,0.275775,0.299007,0.260094,0.210380,0.298834,0.226560,0.166229,0.374585,0.279237,0.223307,0.407431,0.232617,0.160718,0.297858,0.344146,0.194419,0.288693,0.276764,0.314080,0.292247,0.262053,0.154187,0.287285,0.286925,0.252918,0.259602,0.364052,0.196367,0.261874,0.194438,0.310646,0.252349,0.296663,0.304683,0.177780,0.200081,0.278814,0.261667,0.211138,0.298847,0.195759,0.316566,0.228719,0.183643,0.304877,0.394123,0.232521,0.130270,0.165236,0.155121,0.338848,0.399772,0.264434,0.340926,0.276025,0.226132,0.258641,0.296079,0.187106,0.302172,0.108012,0.323880,0.285371,0.255263,0.309292,0.342276,0.160284,0.153186,0.224811,0.090709,0.201038,0.325755,0.293238,0.195855,0.349285,0.278993,0.237261,0.249954,0.322671,0.227740,0.245144,0.155226,0.238777,0.388148,0.171699,0.363599,0.230391,0.273578,0.218002,0.227121,0.178510,0.289415,0.302857,0.263530,0.249685,0.320248,0.318996,0.265898,0.321012,0.246024,0.171496,0.213727,0.232315,0.150023,0.286684,0.138498,0.366452,0.302675,0.067240,0.262151,0.276640,0.231169,0.198393,0.371855,0.219909,0.307680,0.144376,0.288454,0.181441,0.202167,0.086492,0.320311,0.303211,0.296109,0.212355,0.226556,0.172808,0.243620,0.254110,0.144923,#
16,0.302237,0.197760,0.225016,0.290970,0.177667,0.277894,0.209187,0.212515,0.154814,0.149170,0.200128,0.260886,0.310723,0.223670,0.265828,0.319933,1.000000,0.282787,0.176728,0.346008,0.364505,0.229200,0.232737,0.263814,0.163030,0.340438,0.317050,0.102762,0.143170,0.296772,0.160979,0.350245,0.110785,0.329607,0.147534,0.294416,0.273451,0.169180,0.268957,0.266877,0.181402,0.288164,0.219580,0.283945,0.230983,0.361134,0.226877,0.216294,0.224732,0.195254,0.181676,0.297899,0.372504,0.263467,0.215154,0.216842,0.130325,0.230498,0.274348,0.119538,0.169808,0.413532,0.291034,0.257075,0.322976,0.236827,0.212599,0.410573,0.174629,0.318890,0.112214,0.300858,0.372698,0.136425,0.234256,0.346226,0.181733,0.360826,0.325212,0.188967,0.201765,0.168142,0.177217,0.258282,0.264464,0.285356,0.362000,0.241900,0.346830,0.138422,0.254618,0.228798,0.233918,0.215998,0.214287,0.219555,0.293654,0.153270,0.267038,0.259856,0.180795,0.200466,0.177471,0.252767,0.206435,0.249656,0.299899,0.197988,0.131313,0.268576,0.249696,0.239509,0.272144,0.205207,0.320277,0.352661,0.273221,0.195047,0.150065,0.189044,0.283451,0.325759,0.343766,0.312140,0.340611,0.124103,0.260606,0.091143,0.151442,0.286516,0.155201,0.264897,0.395160,0.018392,0.375952,0.341068,0.095650,0.262795,0.201033,0.269653,0.125968,0.206170,0.156293,0.249809,0.308355,0.203773,0.124853,0.199590,0.289548,0.225652,0.128394,0.295611,0.180579,0.217029,0.231134,0.278042,0.175786,0.180151,0.207876,0.237196,0.158342,0.359532,0.265674,0.286743,0.258386,0.146286,0.323463,0.264421,0.196772,0.124511,0.161160,0.123377,0.181035,0.110052,0.199367,0.305054,0.187762,0.176593,0.216503,0.126406,0.188200,0.281701,0.244435,0.061730,0.153138,0.231918,0.278688,0.252040,0.199849,0.188122,0.310646,0.103561,0.087094,0.167510,0.275493,0.306864,0.078901,0.227428,0.131298,0.200832,#
17,0.372303,0.297208,0.256589,0.397576,0.306096,0.285737,0.268674,0.362213,0.238439,0.154422,0.316383,0.335740,0.250305,0.185497,0.301434,0.364139,0.282787,1.000000,0.257867,0.371400,0.402495,0.277545,0.260869,0.408984,0.263409,0.310451,0.298233,0.224485,0.260581,0.319773,0.268484,0.346096,0.444766,0.251011,0.157912,0.326987,0.164081,0.404066,0.391662,0.184069,0.336997,0.286019,0.212126,0.372598,0.224436,0.357771,0.356867,0.247744,0.298809,0.301963,0.301991,0.242627,0.203409,0.302471,0.260674,0.341200,0.313952,0.385412,0.291289,0.318263,0.324610,0.283008,0.239526,0.277355,0.306906,0.419992,0.368771,0.357206,0.300131,0.372587,0.306670,0.329528,0.405524,0.180936,0.278720,0.361057,0.280312,0.351871,0.248727,0.340951,0.293838,0.335807,0.450247,0.250457,0.347033,0.137492,0.360614,0.273961,0.429265,0.292511,0.294082,0.167161,0.364843,0.299734,0.216733,0.283383,0.310508,0.354908,0.321619,0.276149,0.280017,0.205832,0.218961,0.358006,0.241191,0.341794,0.327210,0.394569,0.180139,0.146718,0.278587,0.268995,0.287704,0.345420,0.270321,0.345949,0.290465,0.197775,0.196500,0.283451,0.245572,0.378609,0.248924,0.358634,0.446434,0.235480,0.295971,0.253341,0.142626,0.248310,0.203426,0.345734,0.436278,0.316488,0.328076,0.350795,0.350650,0.283067,0.263334,0.303970,0.343732,0.291863,0.234923,0.250091,0.372870,0.349864,0.114702,0.272796,0.227970,0.194360,0.301353,0.175777,0.194473,0.330888,0.312865,0.339545,0.251573,0.297602,0.415725,0.268364,0.303382,0.391946,0.305146,0.268170,0.300333,0.273532,0.255239,0.313993,0.228461,0.246370,0.377036,0.226629,0.229764,0.248797,0.346850,0.213558,0.360072,0.303573,0.103617,0.351958,0.279846,0.405271,0.285321,0.186801,0.157121,0.280949,0.254803,0.261650,0.338048,0.299438,0.247731,0.407670,0.282095,0.257959,0.435566,0.305155,0.251763,0.270480,0.251151,0.268192,#
18,0.331114,0.219432,0.260985,0.334760,0.273369,0.156986,0.250624,0.202940,0.227349,0.112347,0.381833,0.228841,0.280627,0.240673,0.324407,0.328456,0.176728,0.257867,1.000000,0.273921,0.306912,0.235524,0.140475,0.381745,0.310526,0.270465,0.253704,0.354540,0.259937,0.194509,0.182590,0.229574,0.306774,0.214077,0.259495,0.345705,0.268652,0.225901,0.256492,0.369395,0.274963,0.311209,0.242349,0.201303,0.220529,0.261908,0.137590,0.238687,0.137544,0.307193,0.302374,0.207152,0.336858,0.288948,0.274544,0.262243,0.233305,0.302056,0.179576,0.231591,0.224737,0.172271,0.321644,0.272642,0.228189,0.333676,0.372848,0.273215,0.169897,0.167989,0.139995,0.203759,0.241806,0.131597,0.210854,0.205205,0.222711,0.301705,0.281848,0.250574,0.327713,0.215840,0.246510,0.310610,0.257204,0.060265,0.352966,0.174706,0.312605,0.271886,0.310852,0.193561,0.261856,0.300305,0.242793,0.304847,0.424244,0.207277,0.209770,0.275605,0.255189,0.300590,0.330182,0.286759,0.344720,0.243800,0.240399,0.231843,0.186053,0.264391,0.341249,0.304566,0.249737,0.253886,0.215890,0.276970,0.193893,0.090480,0.225808,0.261171,0.219032,0.309324,0.258824,0.177269,0.232400,0.176188,0.186056,0.285424,0.299018,0.278427,0.171174,0.350984,0.223768,0.209166,0.346545,0.144907,0.168629,0.335328,0.141707,0.320486,0.298835,0.174728,0.210553,0.217438,0.297574,0.294323,0.146395,0.201829,0.118576,0.191813,0.166309,0.283435,0.263451,0.231953,0.229331,0.353770,0.323465,0.242779,0.124436,0.344595,0.257611,0.301260,0.240543,0.287914,0.212715,0.252596,0.321500,0.225560,0.224605,0.367464,0.066693,0.184268,0.287128,0.209652,0.194594,0.258635,0.316324,0.335596,0.358420,0.231813,0.187445,0.255746,0.304406,0.137366,0.312928,0.199746,0.319547,0.277617,0.275299,0.226021,0.231546,0.330255,0.341581,0.246737,0.277396,0.221161,0.195419,0.283415,0.371702,0.238589,#
19,0.380736,0.288709,0.313832,0.323698,0.434042,0.230502,0.254190,0.331327,0.307349,0.320671,0.355488,0.143624,0.350037,0.336411,0.409150,0.309105,0.346008,0.371400,0.273921,1.000000,0.317540,0.225310,0.256012,0.329529,0.239942,0.420929,0.366256,0.260957,0.249447,0.413760,0.277539,0.306259,0.293549,0.225629,0.255128,0.373248,0.208449,0.227409,0.458587,0.245103,0.291930,0.314529,0.199268,0.181229,0.243864,0.368169,0.383977,0.370492,0.253222,0.408286,0.300145,0.335313,0.205146,0.411879,0.312584,0.381577,0.257796,0.261093,0.302583,0.295261,0.332711,0.326018,0.333080,0.267918,0.366180,0.290990,0.300990,0.318490,0.286278,0.341298,0.336944,0.285614,0.368983,0.175553,0.318632,0.362609,0.280395,0.405624,0.449523,0.186602,0.384683,0.359373,0.344681,0.250935,0.436212,0.216571,0.336469,0.284660,0.370414,0.216670,0.246994,0.267210,0.360084,0.258323,0.298367,0.348818,0.379866,0.380065,0.184856,0.206186,0.270139,0.271128,0.318477,0.349898,0.356919,0.392701,0.355481,0.475932,0.198499,0.169283,0.277071,0.267582,0.322347,0.355709,0.394744,0.307517,0.337074,0.315264,0.310815,0.066144,0.426176,0.450408,0.291320,0.399118,0.460529,0.280784,0.390530,0.287425,0.131482,0.328888,0.193459,0.186352,0.413032,0.206352,0.368889,0.328074,0.296390,0.352254,0.232596,0.263742,0.313914,0.356756,0.248862,0.232279,0.364944,0.316787,0.185039,0.357425,0.346759,0.228714,0.273290,0.354060,0.285786,0.383243,0.311308,0.257678,0.294525,0.229971,0.262080,0.220160,0.359806,0.338317,0.355892,0.265395,0.333101,0.252908,0.251042,0.256133,0.330067,0.221450,0.349150,0.266803,0.340543,0.264660,0.283236,0.213040,0.385184,0.361193,0.250863,0.252477,0.169396,0.351996,0.287844,0.307757,0.279119,0.334859,0.229456,0.314266,0.354816,0.271740,0.359783,0.397662,0.229257,0.296367,0.282319,0.286063,0.224637,0.319433,0.399042,0.390086,#
20,0.287030,0.209617,0.405463,0.338572,0.398098,0.327824,0.257799,0.274000,0.299004,0.239211,0.220703,0.287100,0.296396,0.258390,0.311076,0.239458,0.364505,0.402495,0.306912,0.317540,1.000000,0.301003,0.237016,0.383676,0.356334,0.401963,0.349412,0.313923,0.295809,0.314167,0.207517,0.261120,0.318659,0.289962,0.204827,0.297191,0.338499,0.305648,0.319011,0.345721,0.353114,0.456611,0.169933,0.195780,0.357151,0.412009,0.371926,0.261835,0.243414,0.271239,0.149996,0.356775,0.308959,0.346597,0.292497,0.295719,0.315949,0.341892,0.322471,0.257868,0.331451,0.244571,0.364311,0.292050,0.364206,0.262758,0.331958,0.328776,0.353743,0.337456,0.321259,0.385351,0.464317,0.258648,0.270701,0.248151,0.317713,0.420695,0.297863,0.309756,0.267693,0.248507,0.396285,0.212434,0.316458,0.305581,0.376388,0.277937,0.462594,0.294245,0.312504,0.322413,0.341233,0.374642,0.343502,0.243496,0.387265,0.350169,0.261934,0.153102,0.319580,0.234585,0.342767,0.347936,0.292371,0.280488,0.293418,0.310746,0.178835,0.331579,0.375897,0.343113,0.295075,0.327266,0.263636,0.422141,0.431008,0.268808,0.126844,0.282674,0.277976,0.368230,0.253564,0.317834,0.344991,0.249099,0.376408,0.328717,0.300319,0.347858,0.277767,0.383825,0.349086,0.197300,0.397092,0.293329,0.316004,0.305311,0.306612,0.260141,0.310914,0.286329,0.227457,0.294447,0.384724,0.259933,0.169484,0.264438,0.256744,0.343516,0.328985,0.325974,0.168627,0.280931,0.326526,0.339839,0.260621,0.144292,0.252894,0.423827,0.314419,0.382709,0.286853,0.272656,0.362941,0.206928,0.187656,0.340090,0.262470,0.231113,0.292877,0.195220,0.227378,0.248630,0.229216,0.347992,0.236115,0.252880,0.369242,0.292270,0.250170,0.288496,0.217218,0.263290,0.287554,0.151457,0.277719,0.244678,0.307930,0.356270,0.263449,0.364953,0.271301,0.264102,0.378563,0.296896,0.223526,0.348647,0.350065,0.290246,#
21,0.252389,0.309981,0.389661,0.299558,0.263064,0.201448,0.309468,0.271617,0.265273,0.149426,0.189368,0.345864,0.186667,0.240777,0.175185,0.194958,0.229200,0.277545,0.235524,0.225310,0.301003,1.000000,0.181860,0.267026,0.267659,0.234713,0.306216,0.363707,0.313875,0.304633,0.250838,0.292287,0.248813,0.292461,0.172866,0.304874,0.345976,0.317338,0.377635,0.214833,0.239526,0.332603,0.136636,0.346491,0.207213,0.273115,0.259035,0.325564,0.069888,0.267439,0.260848,0.237923,0.244849,0.261381,0.263276,0.287864,0.254680,0.284688,0.163628,0.206867,0.248633,0.140323,0.362460,0.256664,0.371096,0.319758,0.210298,0.263897,0.306706,0.402636,0.414756,0.229343,0.439871,0.308151,0.246084,0.206635,0.255993,0.243426,0.234083,0.238658,0.362279,0.300176,0.208154,0.107311,0.336868,0.133915,0.343414,0.176928,0.281545,0.352805,0.203753,0.203964,0.234892,0.226321,0.281784,0.265417,0.314470,0.287041,0.129532,0.271924,0.427756,0.234076,0.220808,0.266078,0.287263,0.316094,0.238290,0.258780,0.231995,0.256953,0.293289,0.266374,0.236248,0.292913,0.208258,0.344682,0.354158,0.174323,0.157841,0.312039,0.229658,0.354720,0.189044,0.350300,0.246246,0.204551,0.270040,0.263657,0.165875,0.174686,0.230142,0.245675,0.359550,0.214340,0.270085,0.239770,0.309575,0.214336,0.184887,0.336761,0.242207,0.329639,0.240182,0.217045,0.258377,0.309902,0.243504,0.310368,0.272158,0.207147,0.255813,0.230199,0.225503,0.276973,0.299612,0.260607,0.139496,0.219467,0.239344,0.196345,0.289820,0.330544,0.261339,0.235017,0.289794,0.115182,0.108348,0.292621,0.202323,0.351639,0.209945,0.180264,0.294811,0.194223,0.209404,0.369656,0.289232,0.264318,0.172199,0.249537,0.231442,0.284224,0.090572,0.279925,0.182974,0.202430,0.247817,0.285679,0.339605,0.272848,0.298972,0.144636,0.332384,0.176510,0.398712,0.288074,0.216668,0.286960,0.303757,0.223135,#
