0,1.000000,0.377216,0.410278,0.307632,0.366778,0.335784,0.367739,0.291601,0.353368,0.356668,0.426593,0.369172,0.348010,0.320433,0.418262,0.395654,0.390664,0.471693,0.365480,0.353964,0.423223,0.443055,0.362668,0.432280,0.391207,0.319670,0.400995,0.437185,0.440163,0.406537,0.328483,0.315996,0.382345,0.335307,0.264077,0.345465,0.389587,0.363596,0.402701,0.454807,0.291265,0.385941,0.278503,0.380802,0.341495,0.371366,0.439189,0.401440,0.432930,0.415229,0.476478,0.259916,0.352968,0.324247,0.403817,0.348373,0.399837,0.381947,0.276237,0.310237,0.359104,0.257599,0.407160,0.348780,0.394982,0.268799,0.370289,0.387424,0.374702,0.375369,0.492603,0.385737,0.421975,0.396516,0.342715,0.270644,0.281400,0.405504,0.391969,0.314302,0.419235,0.339798,0.385930,0.414151,0.402293,0.393324,0.415616,0.356464,0.467023,0.365657,0.400571,0.330780,0.326117,0.355741,0.403910,0.394969,0.398876,0.370981,0.355152,0.340931,0.400437,0.437764,0.336119,0.408905,0.317927,0.392780,0.385859,0.372497,0.351745,0.285144,0.298168,0.411480,0.325817,0.420853,0.272009,0.409317,0.442284,0.282203,0.414810,0.344358,0.471881,0.339249,0.334171,0.325394,0.336330,0.461571,0.289484,0.290930,0.359250,0.456906,0.377277,0.469553,0.384753,0.326166,0.385315,0.271780,0.423618,0.360481,0.399841,0.502516,0.350857,0.344612,0.358932,0.282972,0.400562,0.380009,0.361677,0.244504,0.404922,0.344948,0.382084,0.278844,0.381056,0.301149,0.352969,0.279849,0.236523,0.274590,0.404232,0.435065,0.379795,0.380319,0.229697,0.369501,0.443398,0.203680,0.255071,0.307628,0.380704,0.324781,0.474410,0.196411,0.428244,0.498537,0.337440,0.329512,0.394649,0.330126,0.387752,0.343161,0.375053,0.466876,0.307880,0.285497,0.300528,0.402204,0.395697,0.492518,0.434842,0.212418,0.299919,0.385709,0.254600,0.246255,0.353175,0.263896,0.294046,0.344645,0.400392,0.410430,#
1,0.377216,1.000000,0.299479,0.360538,0.454931,0.312341,0.382151,0.340646,0.282305,0.298719,0.436294,0.392865,0.343042,0.416888,0.352097,0.251963,0.289924,0.385418,0.389314,0.378934,0.337430,0.458349,0.266603,0.379265,0.402874,0.406339,0.468657,0.470288,0.394169,0.321992,0.398749,0.380499,0.413806,0.353520,0.267122,0.259043,0.366756,0.380010,0.377434,0.325133,0.313272,0.369184,0.399033,0.360200,0.346084,0.376114,0.494334,0.424420,0.329158,0.311217,0.466379,0.219903,0.451947,0.344451,0.350593,0.320360,0.409812,0.384650,0.373979,0.390434,0.328891,0.332141,0.359524,0.382009,0.360450,0.339953,0.282811,0.401190,0.413563,0.351814,0.399892,0.321766,0.464311,0.274975,0.416094,0.222316,0.368336,0.348615,0.470176,0.396959,0.397505,0.464136,0.444012,0.427423,0.326402,0.255867,0.395907,0.327292,0.437572,0.439488,0.405077,0.436905,0.306863,0.351633,0.295317,0.343822,0.312118,0.330494,0.262936,0.277860,0.338501,0.322401,0.390591,0.395509,0.315986,0.356023,0.378834,0.421913,0.299474,0.394278,0.437537,0.378411,0.341180,0.428594,0.361832,0.429589,0.456945,0.284828,0.375922,0.346235,0.330382,0.404223,0.381827,0.394676,0.395273,0.410478,0.356469,0.329964,0.317077,0.380874,0.378163,0.404002,0.299195,0.339477,0.482032,0.391098,0.330089,0.381470,0.425160,0.458601,0.419517,0.238855,0.244088,0.249074,0.424559,0.351900,0.355383,0.173279,0.332050,0.340876,0.300459,0.362051,0.321082,0.254983,0.392579,0.318563,0.303328,0.311892,0.315708,0.244622,0.243300,0.430420,0.284401,0.361213,0.378510,0.282738,0.255068,0.353068,0.354297,0.435893,0.432895,0.372146,0.321558,0.373845,0.388988,0.307595,0.244246,0.405874,0.376410,0.314554,0.328767,0.333923,0.313397,0.333942,0.396309,0.448749,0.302550,0.470176,0.314134,0.295755,0.432396,0.384901,0.225260,0.304008,0.388055,0.357089,0.230886,0.354100,0.283891,0.352980,#
2,0.410278,0.299479,1.000000,0.399942,0.271521,0.312434,0.342845,0.313254,0.207828,0.229153,0.214603,0.356587,0.326953,0.364435,0.303521,0.325490,0.294118,0.348719,0.388971,0.314526,0.341207,0.413603,0.318842,0.392901,0.399531,0.348896,0.399967,0.332732,0.311806,0.298347,0.350709,0.293999,0.344469,0.234692,0.209666,0.293701,0.360474,0.321545,0.293098,0.324531,0.382595,0.382709,0.342970,0.260525,0.249970,0.405145,0.357267,0.373810,0.298341,0.338725,0.423973,0.357146,0.380523,0.303654,0.242578,0.331130,0.227298,0.345739,0.269473,0.331141,0.204136,0.315134,0.309778,0.417268,0.433911,0.393990,0.347542,0.273706,0.355040,0.415977,0.273050,0.249045,0.259197,0.310154,0.384586,0.341035,0.274655,0.383175,0.333275,0.379273,0.438032,0.245450,0.315440,0.333363,0.260118,0.323812,0.434151,0.358249,0.291270,0.357810,0.290944,0.343590,0.340629,0.291160,0.319561,0.313901,0.360749,0.281654,0.341974,0.259310,0.356409,0.365801,0.341842,0.348870,0.338781,0.289468,0.269906,0.296054,0.262399,0.324769,0.388608,0.381459,0.305663,0.315498,0.208192,0.356791,0.323497,0.302335,0.177330,0.221755,0.334670,0.320165,0.310250,0.261473,0.330203,0.283180,0.289190,0.282623,0.315233,0.334385,0.281234,0.416100,0.322779,0.259936,0.332138,0.375803,0.315311,0.355989,0.230193,0.273685,0.212061,0.234325,0.348511,0.206059,0.467161,0.277068,0.311840,0.189776,0.413853,0.290209,0.336871,0.324484,0.328270,0.280761,0.215313,0.186530,0.238383,0.268032,0.344345,0.320264,0.382454,0.418128,0.273588,0.393724,0.363878,0.146608,0.298603,0.327402,0.239454,0.319072,0.267618,0.378800,0.286100,0.328649,0.412604,0.325561,0.451252,0.319441,0.351062,0.321648,0.358674,0.289801,0.171849,0.302810,0.218615,0.386386,0.324767,0.337053,0.362610,0.106836,0.276894,0.319960,0.360341,0.240736,0.354268,0.221628,0.253030,0.256874,0.412339,0.355569,#
3,0.307632,0.360538,0.399942,1.000000,0.352784,0.242624,0.359195,0.333336,0.307865,0.280513,0.322657,0.348387,0.294580,0.348927,0.305089,0.277050,0.267765,0.386958,0.327836,0.361323,0.333347,0.349794,0.332955,0.429378,0.391621,0.363195,0.376011,0.317935,0.359763,0.282285,0.389696,0.414754,0.387816,0.386683,0.143891,0.294583,0.417083,0.427957,0.413936,0.274588,0.373406,0.369674,0.389922,0.352050,0.286263,0.452917,0.440722,0.408037,0.271541,0.349038,0.471543,0.290155,0.342470,0.300142,0.205734,0.410343,0.303027,0.331563,0.270472,0.401250,0.283655,0.252174,0.322296,0.387007,0.396451,0.401747,0.265098,0.401589,0.331581,0.364643,0.395787,0.239992,0.319443,0.340845,0.396078,0.353079,0.260748,0.421930,0.380859,0.333778,0.403339,0.360710,0.363804,0.399447,0.361831,0.316866,0.377076,0.292504,0.388462,0.427238,0.343481,0.374547,0.309358,0.420464,0.244060,0.341015,0.367082,0.224317,0.401700,0.257171,0.391991,0.342761,0.408035,0.369579,0.404629,0.324736,0.303809,0.366954,0.242842,0.298192,0.377796,0.332693,0.291846,0.364484,0.235839,0.335692,0.401127,0.278410,0.302761,0.302529,0.425842,0.323240,0.355253,0.388817,0.354258,0.351456,0.335227,0.277160,0.253267,0.414234,0.327750,0.380024,0.414533,0.416178,0.383670,0.335965,0.280348,0.289062,0.423253,0.375607,0.353150,0.269059,0.330559,0.272427,0.400548,0.228021,0.362002,0.321160,0.378927,0.321530,0.341147,0.262757,0.259971,0.310837,0.291205,0.233249,0.293238,0.313694,0.262134,0.423596,0.418570,0.359133,0.395913,0.528227,0.401034,0.249017,0.337313,0.254218,0.262542,0.372891,0.406408,0.267947,0.291579,0.302903,0.326143,0.249777,0.292989,0.276756,0.286103,0.314645,0.349006,0.461118,0.402857,0.338415,0.213622,0.339165,0.259032,0.408494,0.260763,0.224491,0.334562,0.355587,0.379117,0.265730,0.240938,0.335729,0.342002,0.325180,0.369911,0.344306,#
4,0.366778,0.454931,0.271521,0.352784,1.000000,0.265826,0.406408,0.295949,0.351389,0.266916,0.303824,0.263030,0.353676,0.345338,0.243783,0.264561,0.182052,0.332931,0.390755,0.394273,0.329595,0.334521,0.321700,0.382277,0.327700,0.416696,0.303192,0.383911,0.381876,0.192206,0.292751,0.272284,0.408910,0.211509,0.225575,0.261919,0.324020,0.398297,0.257447,0.315432,0.345725,0.384526,0.328486,0.309408,0.433727,0.333942,0.447012,0.379453,0.325756,0.410656,0.368054,0.180381,0.365962,0.382983,0.324134,0.313963,0.285721,0.331092,0.301411,0.317910,0.358039,0.279403,0.293251,0.259056,0.276747,0.220241,0.331106,0.278817,0.302666,0.312144,0.350802,0.296686,0.285017,0.313630,0.303914,0.090632,0.237836,0.370628,0.286336,0.241326,0.432279,0.408725,0.277930,0.315187,0.349170,0.277737,0.304621,0.301756,0.405983,0.410450,0.374629,0.337499,0.173084,0.342544,0.182674,0.399493,0.285533,0.425841,0.345848,0.286519,0.358760,0.245743,0.365234,0.403690,0.353919,0.244911,0.252842,0.294184,0.269410,0.354023,0.435375,0.273866,0.329645,0.505379,0.302302,0.216973,0.350311,0.080359,0.327888,0.228346,0.302431,0.366076,0.342110,0.272648,0.369069,0.371655,0.297297,0.293917,0.149139,0.250767,0.270981,0.363248,0.292240,0.275180,0.384955,0.285754,0.291438,0.222123,0.253701,0.386478,0.371620,0.132661,0.239087,0.278014,0.337104,0.294600,0.345410,0.200396,0.317121,0.366478,0.315966,0.267331,0.276709,0.308617,0.212702,0.232970,0.431759,0.291820,0.245271,0.321358,0.264188,0.277563,0.204540,0.383825,0.289295,0.354967,0.223825,0.212205,0.264411,0.361120,0.335356,0.198717,0.266746,0.286788,0.333153,0.207827,0.315357,0.241737,0.320600,0.249102,0.217687,0.260334,0.302563,0.282854,0.277330,0.297290,0.239938,0.468673,0.317743,0.240882,0.309170,0.305362,0.263954,0.225945,0.233985,0.331499,0.313160,0.442362,0.310431,0.297170,#
5,0.335784,0.312341,0.312434,0.242624,0.265826,1.000000,0.265921,0.277851,0.242964,0.366325,0.254293,0.281841,0.321086,0.220300,0.303547,0.273670,0.256363,0.346268,0.293212,0.173484,0.291608,0.310534,0.282391,0.431071,0.271647,0.282825,0.323308,0.356654,0.341855,0.268033,0.231577,0.402966,0.359576,0.231372,0.194438,0.172356,0.394653,0.257104,0.304366,0.340324,0.285167,0.313865,0.141908,0.350520,0.220328,0.343980,0.317872,0.209518,0.346896,0.353137,0.358229,0.199471,0.291767,0.188444,0.285143,0.260529,0.144121,0.358377,0.299021,0.265748,0.286819,0.319806,0.308720,0.274878,0.300471,0.289685,0.318375,0.295669,0.249935,0.222382,0.385255,0.248205,0.341429,0.409868,0.270491,0.160041,0.276989,0.264924,0.282371,0.301056,0.350950,0.312134,0.365961,0.189463,0.247427,0.314068,0.232698,0.267464,0.299705,0.280977,0.250903,0.365266,0.185731,0.283078,0.193466,0.274457,0.246458,0.171396,0.252894,0.129999,0.340681,0.361497,0.295080,0.342348,0.245829,0.248569,0.185579,0.291264,0.225502,0.212846,0.387430,0.214490,0.291474,0.285518,0.257712,0.236690,0.336978,0.283701,0.241154,0.292681,0.184646,0.267561,0.224988,0.232179,0.276483,0.272737,0.106747,0.159013,0.355814,0.408632,0.238079,0.387663,0.209232,0.258001,0.396508,0.291732,0.177086,0.242975,0.257539,0.267509,0.315530,0.286894,0.217529,0.306217,0.288667,0.216953,0.271313,0.210283,0.200626,0.238735,0.340800,0.170707,0.319461,0.354919,0.216966,0.268349,0.283809,0.235241,0.417218,0.150565,0.279710,0.229008,0.268604,0.238167,0.259823,0.080825,0.192433,0.292190,0.340773,0.351660,0.217033,0.245101,0.344163,0.246954,0.162920,0.211782,0.225948,0.222590,0.320653,0.198522,0.291332,0.331308,0.334093,0.196884,0.233925,0.380883,0.291231,0.284984,0.245960,0.224483,0.300219,0.241144,0.255390,0.255169,0.298023,0.227310,0.217740,0.350023,0.235268,0.357861,#
6,0.367739,0.382151,0.342845,0.359195,0.406408,0.265921,1.000000,0.343667,0.259327,0.281785,0.350494,0.271897,0.257289,0.366688,0.273146,0.291432,0.334791,0.328346,0.350813,0.403672,0.371900,0.370109,0.296724,0.291156,0.306432,0.277093,0.335240,0.380349,0.403175,0.305194,0.268535,0.368713,0.367254,0.274150,0.154828,0.203982,0.279568,0.336787,0.365909,0.337245,0.337003,0.344652,0.269247,0.390152,0.286422,0.342838,0.419988,0.448642,0.327591,0.405795,0.335380,0.326823,0.394867,0.334375,0.224063,0.381709,0.346546,0.376588,0.324965,0.443061,0.237765,0.269425,0.254862,0.354917,0.309220,0.426465,0.351947,0.354145,0.341739,0.337602,0.330520,0.323296,0.358086,0.290400,0.377247,0.304647,0.280313,0.355833,0.329535,0.330529,0.365927,0.385701,0.426550,0.329790,0.323512,0.389383,0.309693,0.383553,0.389838,0.396099,0.414748,0.310829,0.236314,0.407900,0.304021,0.442661,0.339844,0.306213,0.405302,0.289886,0.398437,0.394255,0.247258,0.331529,0.216636,0.459721,0.292690,0.284212,0.336226,0.319438,0.352381,0.327214,0.362598,0.347236,0.292763,0.342769,0.385498,0.313878,0.376106,0.305038,0.314803,0.449991,0.245172,0.289275,0.378624,0.302772,0.212163,0.393889,0.201350,0.411075,0.304170,0.296264,0.389750,0.177164,0.495934,0.358581,0.296206,0.426816,0.344134,0.328498,0.236354,0.185356,0.216614,0.369685,0.256149,0.345232,0.335671,0.210707,0.310187,0.233278,0.400620,0.262139,0.323481,0.324939,0.327177,0.275106,0.233916,0.288809,0.345758,0.307747,0.296692,0.360590,0.321891,0.403603,0.371561,0.255187,0.267861,0.270155,0.392165,0.436292,0.270549,0.293862,0.333694,0.305291,0.369175,0.296974,0.296558,0.297798,0.378384,0.242851,0.131458,0.233823,0.319050,0.366011,0.340676,0.323322,0.308071,0.340298,0.359652,0.286058,0.301405,0.293108,0.368902,0.292276,0.244474,0.285915,0.322328,0.310625,0.266555,0.369515,#
7,0.291601,0.340646,0.313254,0.333336,0.295949,0.277851,0.343667,1.000000,0.239261,0.383773,0.345815,0.441880,0.284680,0.350190,0.267964,0.325871,0.275928,0.458535,0.343127,0.411530,0.394193,0.392927,0.438450,0.307059,0.440456,0.279556,0.379653,0.476718,0.347188,0.285549,0.392154,0.381264,0.460178,0.284584,0.229292,0.326913,0.306358,0.304904,0.372645,0.341894,0.297768,0.341449,0.373486,0.281275,0.362782,0.445391,0.314604,0.404652,0.412210,0.377767,0.451935,0.235271,0.301587,0.368732,0.366083,0.350193,0.393932,0.425224,0.307863,0.384804,0.324053,0.228710,0.328418,0.356562,0.452237,0.319135,0.344780,0.352036,0.330990,0.464643,0.395940,0.250216,0.443874,0.424264,0.330210,0.308895,0.331078,0.380277,0.357097,0.477583,0.383747,0.389526,0.463126,0.388936,0.321863,0.351733,0.440928,0.287507,0.394183,0.479602,0.405250,0.341931,0.322292,0.338211,0.257371,0.379521,0.310552,0.293969,0.272413,0.194536,0.394728,0.322732,0.351008,0.345462,0.243435,0.430631,0.395843,0.323168,0.369831,0.290109,0.328863,0.319621,0.254378,0.367099,0.390880,0.402122,0.321386,0.289075,0.321732,0.356784,0.377095,0.414932,0.248096,0.405833,0.451145,0.372734,0.352501,0.383489,0.276954,0.370292,0.302665,0.387652,0.355296,0.300283,0.522814,0.347706,0.236816,0.495959,0.381477,0.428911,0.463618,0.404623,0.150684,0.278007,0.375181,0.330923,0.389385,0.257592,0.325003,0.254294,0.426525,0.465993,0.257017,0.269777,0.234843,0.384082,0.379139,0.348021,0.350993,0.351566,0.332024,0.376794,0.324817,0.391102,0.342656,0.238666,0.421975,0.275577,0.417464,0.384491,0.383263,0.310492,0.327624,0.275684,0.327788,0.260609,0.307785,0.336578,0.194156,0.414281,0.326003,0.395592,0.279448,0.339861,0.147248,0.360735,0.330204,0.388661,0.254597,0.394528,0.382872,0.321326,0.314972,0.344239,0.211800,0.337332,0.341550,0.374091,0.382409,0.362659,#
8,0.353368,0.282305,0.207828,0.307865,0.351389,0.242964,0.259327,0.239261,1.000000,0.216206,0.352451,0.300316,0.318434,0.289801,0.360200,0.265086,0.229895,0.250997,0.209077,0.322440,0.361736,0.253641,0.250213,0.334463,0.290244,0.269472,0.239223,0.359563,0.249074,0.290146,0.164148,0.331401,0.279795,0.228016,0.206092,0.248752,0.333295,0.289741,0.280836,0.387317,0.272594,0.243691,0.195657,0.297223,0.384045,0.346083,0.331762,0.325678,0.219888,0.277409,0.257062,0.330387,0.248373,0.405297,0.235389,0.314690,0.275800,0.281165,0.199374,0.326391,0.273004,0.128401,0.350314,0.280021,0.315748,0.259610,0.299512,0.289720,0.424574,0.308992,0.245996,0.342602,0.301403,0.230276,0.246098,0.184835,0.203153,0.272657,0.303278,0.146118,0.295881,0.304399,0.315448,0.228554,0.319408,0.307491,0.282763,0.237607,0.360201,0.327227,0.332729,0.333358,0.253144,0.259518,0.334491,0.439542,0.305666,0.264841,0.237351,0.169684,0.330593,0.203308,0.235634,0.291416,0.283491,0.207791,0.329264,0.295151,0.144259,0.323685,0.231941,0.270509,0.186916,0.336560,0.147059,0.324763,0.375594,0.245276,0.158177,0.344114,0.320523,0.236845,0.275204,0.278568,0.314404,0.360026,0.161576,0.330382,0.232399,0.325580,0.295132,0.317980,0.264896,0.259826,0.385464,0.265370,0.228711,0.356830,0.388921,0.307387,0.324005,0.281220,0.314988,0.173619,0.285086,0.204341,0.310849,0.322746,0.239660,0.276377,0.341187,0.240510,0.273555,0.293153,0.332343,0.317129,0.325468,0.152212,0.291559,0.337283,0.181738,0.283124,0.151966,0.376546,0.256842,0.162877,0.295278,0.213073,0.252472,0.290885,0.381291,0.083605,0.214307,0.354907,0.330832,0.247783,0.222533,0.257242,0.276093,0.282481,0.288200,0.266871,0.071350,0.243853,0.286577,0.266255,0.144092,0.221787,0.299210,0.219844,0.269264,0.277019,0.273697,0.230584,0.266515,0.256518,0.291236,0.124468,0.241006,0.281611,#
9,0.356668,0.298719,0.229153,0.280513,0.266916,0.366325,0.281785,0.383773,0.216206,1.000000,0.393945,0.314851,0.256621,0.296222,0.320402,0.336864,0.248275,0.262290,0.213275,0.402262,0.276013,0.325474,0.315537,0.331193,0.293912,0.312678,0.389714,0.460118,0.377742,0.206122,0.414480,0.401593,0.283885,0.327863,0.293312,0.269040,0.232906,0.357858,0.310316,0.287817,0.341761,0.402628,0.231687,0.165182,0.320058,0.457488,0.341013,0.382436,0.294105,0.283968,0.378382,0.299991,0.289795,0.297719,0.261369,0.343563,0.392145,0.360078,0.262716,0.311794,0.273104,0.295742,0.388490,0.325310,0.339185,0.340768,0.220197,0.346361,0.388093,0.223008,0.358883,0.292492,0.303396,0.336603,0.377985,0.260924,0.342187,0.264507,0.425932,0.360626,0.332923,0.376361,0.385478,0.301211,0.384043,0.421475,0.429015,0.236000,0.287009,0.332648,0.264400,0.423768,0.264159,0.323873,0.287219,0.367079,0.407374,0.277917,0.316495,0.244415,0.376924,0.372965,0.386750,0.292136,0.360148,0.327342,0.323519,0.297913,0.324768,0.251747,0.255138,0.277543,0.256606,0.386004,0.229373,0.389920,0.371542,0.378408,0.445795,0.249577,0.412199,0.400892,0.263858,0.360815,0.365114,0.408876,0.146772,0.343143,0.226565,0.343538,0.288926,0.361519,0.248528,0.347493,0.448754,0.295039,0.330256,0.366400,0.329986,0.312159,0.266144,0.310859,0.220165,0.200698,0.314307,0.180494,0.371783,0.257925,0.241995,0.383037,0.354657,0.287174,0.443561,0.331643,0.273310,0.342488,0.337711,0.329132,0.438934,0.275979,0.337526,0.264221,0.136265,0.426556,0.309991,0.235121,0.295579,0.279194,0.453551,0.349500,0.292838,0.325467,0.350531,0.354439,0.240690,0.246726,0.267613,0.161927,0.220930,0.361073,0.257228,0.379317,0.349412,0.354479,0.238033,0.358997,0.338552,0.428549,0.363653,0.231875,0.331016,0.366564,0.224988,0.321798,0.225276,0.313993,0.270191,0.246656,0.327053,0.369606,#
10,0.426593,0.436294,0.214603,0.322657,0.303824,0.254293,0.350494,0.345815,0.352451,0.393945,1.000000,0.299969,0.220471,0.363002,0.348800,0.275241,0.314064,0.348103,0.431411,0.358974,0.287303,0.358144,0.232724,0.278728,0.308747,0.222567,0.386474,0.418661,0.380075,0.353665,0.369648,0.334213,0.364553,0.302740,0.245705,0.306773,0.237361,0.354732,0.434637,0.327750,0.224991,0.257704,0.294154,0.242833,0.277193,0.381185,0.328679,0.402660,0.372117,0.361272,0.311434,0.317998,0.298076,0.335038,0.258427,0.326223,0.302755,0.332361,0.233469,0.335281,0.286935,0.293029,0.314558,0.390151,0.390898,0.364053,0.335244,0.295090,0.359904,0.300037,0.356318,0.274008,0.298999,0.339566,0.306711,0.351430,0.386416,0.255890,0.356162,0.275043,0.285816,0.350271,0.402584,0.359519,0.359673,0.311969,0.421413,0.218756,0.394016,0.375770,0.256715,0.337562,0.362183,0.281738,0.271857,0.335603,0.407476,0.196262,0.380630,0.331378,0.378186,0.310663,0.336547,0.329324,0.324875,0.284527,0.381260,0.330427,0.282130,0.288087,0.227102,0.349382,0.237240,0.394423,0.373605,0.439771,0.375274,0.174871,0.277814,0.252458,0.310081,0.323120,0.311345,0.370177,0.381634,0.353333,0.172717,0.315396,0.235060,0.435072,0.347431,0.339771,0.301721,0.231687,0.442516,0.322856,0.285308,0.408004,0.241720,0.426722,0.363326,0.218462,0.362576,0.182595,0.300173,0.278443,0.259002,0.241129,0.227670,0.358076,0.288975,0.380345,0.326091,0.326873,0.390293,0.343895,0.348351,0.202801,0.364961,0.376297,0.268735,0.282229,0.308016,0.389139,0.299154,0.219479,0.285296,0.236177,0.288205,0.433868,0.362028,0.268703,0.334611,0.352954,0.346579,0.136985,0.265616,0.284206,0.341469,0.407225,0.347015,0.332339,0.369271,0.293770,0.288555,0.359385,0.256269,0.342848,0.315685,0.249365,0.324120,0.327192,0.275836,0.264763,0.330626,0.362852,0.273031,0.373315,0.379427,0.410481,#
11,0.369172,0.392865,0.356587,0.348387,0.263030,0.281841,0.271897,0.441880,0.300316,0.314851,0.299969,1.000000,0.391163,0.264384,0.201500,0.351182,0.339626,0.422187,0.347223,0.199158,0.321679,0.387395,0.266875,0.378848,0.432273,0.364277,0.298221,0.459526,0.219292,0.387412,0.379402,0.405463,0.360351,0.302213,0.209610,0.252872,0.370836,0.361677,0.335369,0.280888,0.310403,0.391079,0.383741,0.429730,0.270963,0.420329,0.334972,0.397667,0.333030,0.264728,0.440107,0.272067,0.296833,0.358285,0.214043,0.287803,0.466633,0.351393,0.327377,0.315381,0.262803,0.347708,0.382870,0.393241,0.401108,0.340758,0.347671,0.384226,0.353185,0.337355,0.282398,0.230530,0.390076,0.353231,0.333982,0.318805,0.262580,0.306424,0.471485,0.328407,0.398417,0.208986,0.359782,0.408538,0.401043,0.297838,0.456270,0.301193,0.382053,0.322704,0.410563,0.374272,0.356038,0.449108,0.271915,0.328337,0.267005,0.311432,0.311184,0.355040,0.435009,0.320436,0.322063,0.305640,0.330187,0.432860,0.393267,0.302526,0.363913,0.346915,0.309149,0.321153,0.320644,0.369386,0.166661,0.529078,0.372406,0.218265,0.320558,0.305177,0.308313,0.408113,0.346732,0.354668,0.413328,0.334949,0.374730,0.432497,0.357930,0.387490,0.332890,0.481389,0.269476,0.295268,0.384183,0.290219,0.212840,0.463482,0.299859,0.385428,0.299571,0.359448,0.297657,0.287057,0.377530,0.319784,0.379104,0.228028,0.308297,0.292127,0.312588,0.461078,0.318099,0.360032,0.374238,0.286788,0.271009,0.218880,0.303728,0.292765,0.321568,0.294098,0.211026,0.349529,0.391871,0.236114,0.425493,0.343887,0.451707,0.333071,0.388360,0.209705,0.318776,0.305131,0.322277,0.345733,0.422541,0.285332,0.205734,0.265602,0.381257,0.356616,0.271217,0.323753,0.161322,0.401217,0.312314,0.330677,0.326313,0.255274,0.195960,0.311622,0.381129,0.122280,0.298798,0.268257,0.364220,0.256553,0.277216,0.391706,#
12,0.348010,0.343042,0.326953,0.294580,0.353676,0.321086,0.257289,0.284680,0.318434,0.256621,0.220471,0.391163,1.000000,0.273408,0.340666,0.326293,0.354712,0.305399,0.394479,0.418370,0.366733,0.249812,0.321391,0.352674,0.358564,0.304197,0.307068,0.414309,0.383292,0.407254,0.278238,0.440460,0.365832,0.311383,0.272882,0.233951,0.406167,0.312399,0.301880,0.310183,0.407139,0.277274,0.399002,0.343629,0.362041,0.458550,0.336326,0.309255,0.354300,0.288829,0.446337,0.223267,0.295596,0.382232,0.289994,0.310643,0.335177,0.385077,0.315302,0.376987,0.308233,0.322361,0.315993,0.328125,0.369877,0.314404,0.315475,0.245580,0.324349,0.241404,0.278628,0.301209,0.239292,0.268621,0.406349,0.311462,0.271478,0.336478,0.311196,0.311042,0.390996,0.317355,0.388440,0.344151,0.391100,0.429593,0.332780,0.350153,0.416352,0.364890,0.394202,0.395290,0.252775,0.390386,0.312348,0.251798,0.390779,0.317876,0.233467,0.207174,0.338825,0.358192,0.326438,0.323503,0.400985,0.322901,0.330839,0.233753,0.257840,0.413930,0.373411,0.217054,0.302891,0.421411,0.215879,0.347284,0.364012,0.361282,0.280086,0.302581,0.304099,0.401557,0.388466,0.369543,0.291567,0.358701,0.281540,0.287931,0.305687,0.286858,0.303291,0.410313,0.282625,0.210555,0.318165,0.317906,0.296602,0.369208,0.330460,0.347744,0.420157,0.334353,0.232441,0.228860,0.235562,0.324430,0.372212,0.239182,0.345420,0.241073,0.355295,0.456007,0.238008,0.313464,0.308250,0.217488,0.313670,0.142297,0.296788,0.216660,0.329117,0.344255,0.221792,0.407164,0.283474,0.240539,0.331807,0.159678,0.365335,0.389662,0.278977,0.227763,0.338187,0.309827,0.391266,0.165526,0.312340,0.342233,0.150207,0.334281,0.365508,0.347063,0.349416,0.339233,0.303011,0.363586,0.312745,0.385033,0.264818,0.165789,0.316849,0.364477,0.280137,0.278778,0.211672,0.259677,0.400904,0.272076,0.371250,0.307687,#
13,0.320433,0.416888,0.364435,0.348927,0.345338,0.220300,0.366688,0.350190,0.289801,0.296222,0.363002,0.264384,0.273408,1.000000,0.379086,0.336845,0.294484,0.299932,0.347759,0.397026,0.329219,0.354319,0.275550,0.270251,0.426011,0.396402,0.433435,0.397984,0.317084,0.239599,0.374911,0.311061,0.387879,0.322938,0.219011,0.296822,0.288924,0.397258,0.279580,0.333360,0.282933,0.323026,0.422548,0.297075,0.321727,0.344795,0.450674,0.370914,0.376274,0.313113,0.448541,0.291371,0.383443,0.321671,0.321119,0.479314,0.310584,0.312886,0.313138,0.418887,0.362913,0.328332,0.453632,0.366038,0.314328,0.306573,0.486627,0.372124,0.487636,0.405834,0.231501,0.348266,0.378703,0.290498,0.409168,0.245515,0.358740,0.385153,0.409577,0.316374,0.321135,0.448451,0.393148,0.466303,0.463203,0.306502,0.485220,0.380791,0.368434,0.433965,0.381546,0.366572,0.318310,0.394699,0.318708,0.361826,0.344581,0.251002,0.237037,0.283683,0.448578,0.395774,0.358817,0.351745,0.332599,0.412738,0.358257,0.313342,0.366322,0.323603,0.344790,0.289655,0.408666,0.413686,0.303466,0.338341,0.429137,0.281009,0.276409,0.325308,0.367237,0.436275,0.256036,0.379114,0.395359,0.305101,0.277128,0.289288,0.435047,0.363149,0.306256,0.339828,0.305718,0.313994,0.450954,0.308600,0.337976,0.417706,0.442066,0.403035,0.341210,0.267045,0.315610,0.303864,0.405508,0.420664,0.353321,0.279725,0.181398,0.365204,0.414341,0.252785,0.332879,0.377026,0.405324,0.323434,0.251710,0.332834,0.349101,0.278238,0.239605,0.449575,0.240198,0.457776,0.358518,0.317260,0.250100,0.276172,0.406045,0.430741,0.390866,0.399496,0.374165,0.294056,0.341155,0.344106,0.333177,0.275747,0.367180,0.263989,0.360310,0.317922,0.319362,0.376572,0.248365,0.369230,0.367026,0.447269,0.369237,0.347425,0.256686,0.371309,0.333789,0.278781,0.266623,0.340441,0.250184,0.324429,0.366539,0.390111,#
14,0.418262,0.352097,0.303521,0.305089,0.243783,0.303547,0.273146,0.267964,0.360200,0.320402,0.348800,0.201500,0.340666,0.379086,1.000000,0.402721,0.302484,0.341204,0.343456,0.414125,0.324434,0.291734,0.308492,0.420325,0.327241,0.280972,0.390458,0.339363,0.380897,0.295772,0.220646,0.285196,0.301307,0.240400,0.245054,0.342212,0.353997,0.404315,0.379362,0.388442,0.401426,0.325788,0.367698,0.287087,0.320246,0.442372,0.441545,0.309176,0.319071,0.248540,0.436682,0.271606,0.342881,0.334234,0.399786,0.348093,0.333248,0.295876,0.224248,0.351079,0.379186,0.381507,0.297283,0.325173,0.378299,0.313100,0.365113,0.363644,0.376362,0.324241,0.285652,0.318416,0.226502,0.435465,0.256198,0.218587,0.281348,0.369144,0.335480,0.333236,0.372832,0.252901,0.408842,0.394381,0.341197,0.379317,0.227078,0.260804,0.367059,0.363940,0.387419,0.360009,0.329746,0.345918,0.341851,0.228155,0.368762,0.298826,0.316377,0.236473,0.323535,0.362472,0.362347,0.325935,0.261097,0.333039,0.439787,0.415330,0.323146,0.343544,0.192445,0.242005,0.342996,0.288097,0.282903,0.352944,0.316318,0.357763,0.291630,0.292162,0.386702,0.378128,0.245403,0.330966,0.325879,0.274718,0.245377,0.252877,0.230478,0.371273,0.186333,0.396569,0.341501,0.181029,0.286327,0.273398,0.290431,0.356448,0.316095,0.317682,0.419134,0.338988,0.303182,0.193208,0.286693,0.276648,0.333977,0.163283,0.189150,0.289153,0.349355,0.248361,0.183455,0.334077,0.296719,0.225947,0.299258,0.263064,0.326494,0.212443,0.251634,0.344082,0.220829,0.310016,0.368766,0.174178,0.281520,0.272436,0.240424,0.399076,0.456422,0.304599,0.342140,0.383008,0.387633,0.210526,0.408867,0.333169,0.365790,0.411946,0.346486,0.414290,0.270776,0.345775,0.324963,0.373238,0.328919,0.308790,0.242218,0.222231,0.291496,0.362273,0.280508,0.409654,0.252271,0.199062,0.154342,0.304748,0.363051,0.386759,#
15,0.395654,0.251963,0.325490,0.277050,0.264561,0.273670,0.291432,0.325871,0.265086,0.336864,0.275241,0.351182,0.326293,0.336845,0.402721,1.000000,0.321028,0.458612,0.391370,0.285808,0.281878,0.325351,0.284150,0.425386,0.416246,0.345268,0.403789,0.391208,0.414823,0.204922,0.344443,0.361774,0.351195,0.386420,0.198121,0.236327,0.305880,0.361296,0.384901,0.361052,0.427443,0.352025,0.345553,0.294840,0.456634,0.374296,0.314907,0.353538,0.255432,0.322298,0.423304,0.244001,0.371189,0.330298,0.324943,0.251431,0.354652,0.379097,0.288275,0.403868,0.250471,0.264242,0.307622,0.265178,0.268236,0.307463,0.406604,0.415455,0.385070,0.286216,0.280382,0.389128,0.294150,0.273867,0.368488,0.292440,0.236519,0.431694,0.338417,0.301028,0.486227,0.242948,0.341570,0.422933,0.335266,0.325106,0.399453,0.246723,0.450098,0.421998,0.347898,0.281535,0.346078,0.455821,0.314999,0.256912,0.393457,0.263386,0.381647,0.254464,0.401205,0.346259,0.366845,0.317937,0.261489,0.331137,0.298834,0.264421,0.303106,0.435327,0.264493,0.403797,0.265285,0.294462,0.215958,0.442424,0.377789,0.215524,0.306295,0.330344,0.365774,0.398903,0.226708,0.405046,0.282091,0.254441,0.253618,0.292817,0.298864,0.289843,0.261743,0.448258,0.258919,0.312402,0.382409,0.364561,0.334336,0.281949,0.360548,0.243746,0.287010,0.330007,0.363961,0.200073,0.395094,0.308808,0.432936,0.232203,0.349578,0.328013,0.411930,0.258971,0.323667,0.483268,0.222197,0.422289,0.256805,0.302748,0.363515,0.309951,0.233260,0.322743,0.271425,0.379830,0.335237,0.287449,0.329508,0.292818,0.291768,0.385407,0.280593,0.221441,0.402200,0.236462,0.376852,0.142856,0.407473,0.257540,0.193968,0.393625,0.350843,0.402780,0.247012,0.311706,0.256320,0.344320,0.263604,0.370783,0.310275,0.220814,0.109128,0.420549,0.249580,0.312466,0.221117,0.249609,0.268145,0.310532,0.245220,0.304086,#
16,0.390664,0.289924,0.294118,0.267765,0.182052,0.256363,0.334791,0.275928,0.229895,0.248275,0.314064,0.339626,0.354712,0.294484,0.302484,0.321028,1.000000,0.354142,0.314559,0.300924,0.506674,0.360560,0.440101,0.224478,0.243333,0.336970,0.351240,0.267360,0.300506,0.304597,0.272586,0.434894,0.232283,0.324977,0.195709,0.252324,0.355423,0.310377,0.328580,0.298005,0.206963,0.284877,0.297574,0.327800,0.295642,0.351206,0.350258,0.337382,0.301822,0.203032,0.257853,0.320656,0.443171,0.255199,0.267646,0.269497,0.255550,0.277111,0.206902,0.202681,0.239042,0.365314,0.311732,0.378799,0.403013,0.270263,0.309118,0.467665,0.269090,0.341129,0.205335,0.356628,0.347795,0.209266,0.327126,0.461247,0.256185,0.369383,0.371609,0.289549,0.245880,0.268665,0.303676,0.291737,0.295463,0.381697,0.436983,0.268283,0.335269,0.304586,0.357437,0.332958,0.254739,0.278941,0.240097,0.290003,0.332363,0.206713,0.341742,0.271347,0.326119,0.288520,0.175642,0.262995,0.255627,0.339043,0.256031,0.220785,0.253515,0.293028,0.320811,0.300062,0.277447,0.265530,0.308381,0.459269,0.354590,0.246097,0.173300,0.278668,0.279955,0.351722,0.301094,0.318410,0.340495,0.200684,0.235716,0.180896,0.273821,0.385767,0.209452,0.331983,0.397474,0.110187,0.430460,0.295018,0.135599,0.384670,0.314719,0.363907,0.182344,0.301989,0.174814,0.272623,0.319297,0.284994,0.178246,0.207288,0.240425,0.171094,0.276078,0.317101,0.226249,0.261931,0.322316,0.285877,0.211338,0.186485,0.338317,0.250612,0.211882,0.403231,0.365723,0.410121,0.266392,0.156373,0.306772,0.276918,0.264907,0.310707,0.253466,0.135319,0.323315,0.200106,0.312566,0.310957,0.250074,0.228664,0.220191,0.289992,0.321950,0.337251,0.260096,0.199239,0.161208,0.242805,0.406096,0.323377,0.267523,0.211259,0.279193,0.158009,0.177257,0.242316,0.308996,0.316460,0.199435,0.305079,0.226231,0.343300,#
17,0.471693,0.385418,0.348719,0.386958,0.332931,0.346268,0.328346,0.458535,0.250997,0.262290,0.348103,0.422187,0.305399,0.299932,0.341204,0.458612,0.354142,1.000000,0.360053,0.395910,0.406793,0.384514,0.355559,0.427263,0.432395,0.365492,0.307719,0.371523,0.394636,0.339289,0.374623,0.456115,0.522129,0.313957,0.174067,0.298423,0.322065,0.483154,0.392070,0.266033,0.347984,0.295569,0.299656,0.409387,0.316950,0.396634,0.435945,0.342799,0.389677,0.387970,0.446386,0.197014,0.286534,0.378306,0.338389,0.360791,0.414044,0.445327,0.310575,0.400319,0.321252,0.387658,0.340172,0.344248,0.351601,0.420837,0.440439,0.457376,0.393125,0.436246,0.402645,0.386084,0.427933,0.368398,0.370639,0.401844,0.271379,0.434941,0.337214,0.381605,0.433264,0.394210,0.534690,0.435699,0.391408,0.312110,0.403836,0.371891,0.501589,0.492556,0.382882,0.327852,0.342211,0.378183,0.253440,0.289506,0.351609,0.438313,0.373024,0.371028,0.410057,0.345096,0.353165,0.377430,0.309026,0.409904,0.318874,0.493677,0.253387,0.285370,0.347620,0.358975,0.311309,0.418767,0.247051,0.466717,0.389162,0.269783,0.321549,0.401547,0.313637,0.370141,0.281895,0.376033,0.467500,0.379455,0.309529,0.325130,0.228356,0.303620,0.256218,0.448341,0.386628,0.417003,0.426845,0.364502,0.385597,0.369780,0.382903,0.436143,0.397081,0.355334,0.290934,0.255415,0.434271,0.342910,0.273598,0.207008,0.323039,0.231032,0.442994,0.264654,0.300021,0.439247,0.349678,0.374021,0.313775,0.300938,0.480332,0.395184,0.418089,0.388498,0.319344,0.360434,0.401381,0.333639,0.304801,0.394001,0.280880,0.366896,0.446782,0.317926,0.360363,0.361338,0.409724,0.177913,0.405219,0.336384,0.206704,0.444802,0.367539,0.502788,0.351450,0.229580,0.232061,0.384504,0.343733,0.431628,0.419626,0.331888,0.320451,0.447602,0.229257,0.273898,0.383630,0.363715,0.387025,0.255923,0.314238,0.416721,#
18,0.365480,0.389314,0.388971,0.327836,0.390755,0.293212,0.350813,0.343127,0.209077,0.213275,0.431411,0.347223,0.394479,0.347759,0.343456,0.391370,0.314559,0.360053,1.000000,0.355652,0.319132,0.326281,0.226282,0.408990,0.395511,0.376041,0.448953,0.434662,0.446970,0.303726,0.397693,0.344599,0.442153,0.236463,0.294177,0.351468,0.467177,0.387643,0.352495,0.386318,0.369702,0.330077,0.361043,0.302035,0.318485,0.361529,0.366194,0.399881,0.297894,0.345454,0.443460,0.196502,0.420705,0.461040,0.288566,0.285382,0.340425,0.418394,0.237736,0.300346,0.308952,0.315330,0.336584,0.428813,0.295161,0.436966,0.409988,0.438733,0.322569,0.203885,0.230134,0.300494,0.297832,0.299154,0.303640,0.233508,0.225725,0.416535,0.428665,0.420371,0.463099,0.316505,0.399875,0.431854,0.344094,0.246355,0.419071,0.297912,0.432198,0.354333,0.415506,0.311663,0.325213,0.391430,0.294060,0.307341,0.456195,0.329869,0.257649,0.371865,0.324891,0.398790,0.443923,0.380772,0.378757,0.341299,0.296756,0.326670,0.334210,0.397569,0.414359,0.469090,0.255463,0.403034,0.303917,0.336703,0.342279,0.261586,0.305509,0.318102,0.289177,0.450879,0.342556,0.353544,0.387495,0.324793,0.306403,0.307176,0.388186,0.346118,0.349504,0.431205,0.323100,0.253084,0.456477,0.184833,0.269946,0.431622,0.342597,0.421448,0.401536,0.201176,0.225097,0.198109,0.400825,0.319426,0.258787,0.138653,0.286214,0.275891,0.332121,0.352882,0.323528,0.311078,0.314174,0.410283,0.415613,0.387288,0.300114,0.431403,0.340304,0.376670,0.273605,0.358478,0.327273,0.282863,0.416911,0.351824,0.327831,0.431862,0.238635,0.313277,0.398810,0.252404,0.347081,0.216998,0.304276,0.377287,0.400605,0.357795,0.343551,0.395869,0.363307,0.302105,0.398408,0.374310,0.376621,0.479753,0.329261,0.265123,0.290994,0.389823,0.330088,0.306368,0.334312,0.239182,0.353123,0.392568,0.439881,0.396029,#
19,0.353964,0.378934,0.314526,0.361323,0.394273,0.173484,0.403672,0.411530,0.322440,0.402262,0.358974,0.199158,0.418370,0.397026,0.414125,0.285808,0.300924,0.395910,0.355652,1.000000,0.310012,0.391826,0.330852,0.390082,0.307951,0.440596,0.391872,0.392398,0.349091,0.419230,0.315280,0.400061,0.361675,0.313272,0.284961,0.347299,0.216725,0.382239,0.474939,0.347008,0.331038,0.298462,0.294820,0.251148,0.385305,0.457881,0.441682,0.520393,0.345819,0.358321,0.394697,0.291863,0.288360,0.473191,0.343458,0.333218,0.374327,0.346845,0.247040,0.404713,0.375802,0.288162,0.355277,0.358903,0.394745,0.370704,0.296666,0.384855,0.383578,0.387325,0.363556,0.352620,0.405965,0.264627,0.406168,0.337789,0.320484,0.463984,0.421600,0.301073,0.391414,0.379353,0.463805,0.291647,0.455824,0.319319,0.409359,0.325109,0.465140,0.436177,0.328936,0.433610,0.339916,0.338214,0.308297,0.349606,0.382038,0.377550,0.234447,0.263934,0.394415,0.367850,0.399085,0.388721,0.376496,0.351635,0.396744,0.486740,0.279282,0.263873,0.381514,0.328395,0.346947,0.438052,0.346097,0.360006,0.445785,0.410406,0.364462,0.250854,0.427407,0.490594,0.314232,0.400684,0.514180,0.396366,0.315715,0.366802,0.150212,0.371561,0.254022,0.310940,0.419520,0.279979,0.384153,0.357613,0.350846,0.411464,0.384147,0.428382,0.420308,0.292072,0.256494,0.218357,0.400162,0.330732,0.289301,0.372169,0.407773,0.213244,0.342111,0.346636,0.305447,0.395221,0.313289,0.309640,0.335399,0.326137,0.384355,0.227798,0.339693,0.394902,0.370681,0.393450,0.358699,0.263431,0.310438,0.318579,0.329594,0.372067,0.456910,0.328771,0.348871,0.304182,0.381312,0.217490,0.322617,0.356098,0.225330,0.381169,0.280034,0.452796,0.312125,0.371484,0.314796,0.361174,0.359419,0.470549,0.334297,0.231485,0.408351,0.367515,0.283201,0.416888,0.285783,0.378976,0.362309,0.421214,0.411209,0.437999,#
20,0.423223,0.337430,0.341207,0.333347,0.329595,0.291608,0.371900,0.394193,0.361736,0.276013,0.287303,0.321679,0.366733,0.329219,0.324434,0.281878,0.506674,0.406793,0.319132,0.310012,1.000000,0.355709,0.385082,0.329528,0.413079,0.328606,0.384798,0.429951,0.331101,0.360800,0.315229,0.338907,0.337315,0.283275,0.269300,0.238464,0.332190,0.312530,0.262796,0.352446,0.286726,0.450624,0.340174,0.344836,0.353366,0.436662,0.364598,0.401702,0.379923,0.276193,0.334469,0.360129,0.504065,0.346530,0.293301,0.288395,0.367310,0.324029,0.255749,0.378048,0.396194,0.234467,0.440773,0.383652,0.457367,0.263216,0.333038,0.375752,0.421886,0.408678,0.326855,0.327204,0.452615,0.349257,0.328655,0.308141,0.362433,0.395147,0.317821,0.399574,0.265305,0.255278,0.437669,0.334613,0.307238,0.429654,0.404933,0.360882,0.434803,0.425140,0.388137,0.436346,0.351838,0.371474,0.305878,0.298554,0.392464,0.346658,0.261840,0.180038,0.298881,0.325821,0.333900,0.408225,0.251082,0.383873,0.314101,0.321961,0.276657,0.405253,0.390696,0.243150,0.351188,0.395480,0.299840,0.457434,0.489424,0.227853,0.188043,0.277339,0.319071,0.384275,0.312033,0.316451,0.431026,0.362456,0.385201,0.409590,0.261992,0.456539,0.241816,0.425851,0.348010,0.211953,0.444214,0.332908,0.336521,0.453661,0.421802,0.422047,0.355428,0.342524,0.145723,0.241914,0.422928,0.222234,0.239455,0.303682,0.313052,0.317692,0.370223,0.359243,0.209166,0.249479,0.329515,0.327020,0.264960,0.212845,0.351216,0.362451,0.339108,0.386724,0.326829,0.355508,0.438897,0.206399,0.252952,0.326484,0.294544,0.319191,0.363762,0.232949,0.273695,0.324753,0.315778,0.345065,0.251533,0.215444,0.374141,0.452041,0.366285,0.366333,0.287963,0.369684,0.313931,0.265005,0.260169,0.382826,0.352583,0.305091,0.359707,0.356511,0.330651,0.281117,0.379915,0.348810,0.273187,0.335048,0.286124,0.313705,#
21,0.443055,0.458349,0.413603,0.349794,0.334521,0.310534,0.370109,0.392927,0.253641,0.325474,0.358144,0.387395,0.249812,0.354319,0.291734,0.325351,0.360560,0.384514,0.326281,0.391826,0.355709,1.000000,0.321960,0.432452,0.430172,0.283922,0.408839,0.441029,0.385168,0.366362,0.359227,0.388129,0.360870,0.400925,0.239988,0.318989,0.394994,0.402401,0.416318,0.298797,0.346430,0.405695,0.270953,0.315425,0.420018,0.371680,0.477997,0.408045,0.290614,0.376724,0.438375,0.264617,0.401189,0.361203,0.275661,0.270987,0.425982,0.370512,0.330243,0.375294,0.268056,0.274829,0.403950,0.372797,0.485218,0.355701,0.350764,0.378905,0.432772,0.461209,0.473989,0.349706,0.442694,0.326359,0.334318,0.320819,0.312036,0.329435,0.337264,0.371800,0.447124,0.355648,0.380550,0.279370,0.409927,0.337835,0.405809,0.314025,0.424920,0.463717,0.305236,0.326079,0.355578,0.301929,0.397795,0.412868,0.365416,0.373565,0.309912,0.362204,0.455088,0.318785,0.293718,0.397569,0.355219,0.447680,0.347934,0.384111,0.315429,0.320861,0.326494,0.344682,0.406950,0.399719,0.268647,0.428797,0.479182,0.244192,0.377539,0.420143,0.348780,0.463177,0.183899,0.457899,0.368075,0.391847,0.346916,0.363038,0.289430,0.332054,0.326847,0.336866,0.435733,0.317108,0.409710,0.269621,0.370954,0.401375,0.371701,0.431163,0.304902,0.349470,0.274569,0.200991,0.389307,0.362438,0.302705,0.320973,0.310524,0.274982,0.358806,0.364713,0.322604,0.397560,0.370808,0.298368,0.275334,0.318735,0.317422,0.333922,0.443550,0.319968,0.290707,0.381189,0.408748,0.210199,0.210422,0.398930,0.256371,0.411267,0.358370,0.295112,0.399823,0.346935,0.328627,0.289947,0.430983,0.290052,0.323584,0.406858,0.287534,0.412932,0.200195,0.347347,0.256933,0.380585,0.323696,0.381626,0.447279,0.224877,0.384975,0.384307,0.332507,0.233016,0.429524,0.370321,0.337199,0.326983,0.339765,0.406840,#
