0,1.000000,0.191688,0.253269,0.251355,0.280075,0.177676,0.162855,0.147410,0.240933,0.231665,0.264064,0.169332,0.150654,0.064732,0.326494,0.295684,0.279599,0.343896,0.306527,0.370763,0.242722,0.190485,0.270280,0.388980,0.246120,0.208316,0.263589,0.126467,0.256925,0.299329,0.149086,0.241871,0.182849,0.208337,0.158314,0.301620,0.196216,0.181883,0.329957,0.298347,0.210678,0.240903,0.241850,0.200796,0.101534,0.200320,0.160711,0.287263,0.211214,0.325341,0.232478,0.212609,0.170375,0.221341,0.298636,0.262632,0.284833,0.259281,0.192853,0.208771,0.275757,0.195241,0.250708,0.137384,0.184743,0.183823,0.220590,0.232345,0.221849,0.260911,0.249965,0.161525,0.356059,0.231614,0.159399,0.001182,0.316015,0.327977,0.221447,0.088392,0.203329,0.169937,0.164835,0.248295,0.360927,0.157418,0.316280,0.241544,0.370067,0.167373,0.197230,0.095413,0.244009,0.231681,0.273210,0.353773,0.333889,0.128613,0.246615,0.258109,0.278131,0.252924,0.140133,0.278041,0.219895,0.228792,0.356808,0.230018,0.226596,0.065068,0.124132,0.200418,0.179474,0.286160,0.194625,0.220152,0.239469,0.183688,0.138833,0.124581,0.333865,0.242615,0.315001,0.244211,0.301041,0.327895,0.260613,0.104144,0.151237,0.276380,0.294936,0.186956,0.296029,0.163840,0.239430,0.200231,0.290664,0.170626,0.131564,0.299246,0.264323,0.226736,0.163888,0.216019,0.229018,0.209223,0.144080,0.137801,0.302241,0.157962,0.066073,0.195988,0.243220,0.140412,0.199394,0.230847,0.215386,0.208289,0.226640,0.267960,0.266658,0.379374,0.132524,0.080737,0.204118,0.198285,0.225530,0.228968,0.271735,0.218337,0.305294,0.039767,0.304712,0.240435,0.053665,0.294574,0.367712,0.267776,0.199091,0.155388,0.202560,0.321513,0.114368,0.100974,0.172492,0.168672,0.224654,0.386630,0.325398,0.126047,0.218124,0.293653,0.143666,0.191609,0.362013,0.132162,0.122068,0.245285,0.372379,0.283055,#
1,0.191688,1.000000,0.264781,0.310155,0.309687,0.233134,0.334468,0.282884,0.341028,0.250988,0.419196,0.357223,0.214167,0.221544,0.180821,0.145378,0.221554,0.273182,0.187290,0.286544,0.184640,0.250046,0.195471,0.245573,0.301235,0.271890,0.262753,0.331897,0.112791,0.294659,0.312862,0.281835,0.204545,0.277646,0.135501,0.249937,0.144688,0.194895,0.377422,0.224067,0.191073,0.221175,0.340998,0.227188,0.228845,0.293803,0.392923,0.254173,0.195192,0.177887,0.292434,0.235488,0.331329,0.285988,0.243177,0.320790,0.249252,0.183893,0.279196,0.271902,0.219659,0.273540,0.292817,0.209314,0.196583,0.338210,0.205874,0.315699,0.317221,0.277235,0.280112,0.239550,0.392067,0.202983,0.279718,0.172031,0.273193,0.292250,0.394216,0.211445,0.195793,0.398018,0.237499,0.272593,0.322991,0.068258,0.340577,0.279605,0.290675,0.221891,0.236245,0.325208,0.187466,0.280061,0.168016,0.276071,0.227509,0.203926,0.207777,0.173367,0.292551,0.191365,0.220253,0.210967,0.172829,0.234841,0.306765,0.344720,0.219627,0.239635,0.292848,0.259899,0.185499,0.250459,0.302570,0.400283,0.293226,0.181139,0.242744,0.205633,0.135792,0.295541,0.336185,0.317582,0.285275,0.270518,0.198694,0.235261,0.259453,0.259517,0.190748,0.274666,0.231809,0.275075,0.413271,0.316125,0.267291,0.301682,0.195201,0.316364,0.277620,0.178786,0.186029,0.257803,0.360673,0.172728,0.191829,0.156224,0.299241,0.207294,0.255804,0.239615,0.167301,0.055712,0.319516,0.296920,0.214782,0.245303,0.122390,0.085187,0.109349,0.346609,0.274984,0.291240,0.311580,0.221507,0.205386,0.135850,0.249389,0.386293,0.301072,0.266245,0.223885,0.174604,0.257568,0.278952,0.186595,0.306423,0.262864,0.167165,0.221406,0.211620,0.319354,0.155215,0.315627,0.214531,0.169418,0.110216,0.292050,0.337947,0.344842,0.313442,0.131380,0.239856,0.278951,0.253328,0.068813,0.313147,0.172236,0.280237,#
2,0.253269,0.264781,1.000000,0.332224,0.323636,0.208383,0.301347,0.317275,0.179654,0.264908,0.327670,0.412566,0.180841,0.310218,0.165499,0.291098,0.191468,0.206564,0.233067,0.297463,0.369068,0.350830,0.205867,0.264475,0.312075,0.374802,0.346589,0.219897,0.161666,0.328262,0.226803,0.171076,0.173564,0.207348,0.139872,0.280276,0.250853,0.179290,0.283167,0.166173,0.326225,0.293149,0.298764,0.131056,0.181781,0.327101,0.229490,0.270203,0.134707,0.242440,0.311745,0.390220,0.258276,0.205449,0.140768,0.274345,0.217647,0.193412,0.246466,0.301862,0.227496,0.196589,0.251815,0.222343,0.352398,0.308191,0.234176,0.171817,0.298503,0.331150,0.259570,0.240646,0.221166,0.215610,0.323043,0.189881,0.255707,0.294256,0.254529,0.198369,0.324325,0.151263,0.172202,0.147172,0.329416,0.175341,0.387146,0.295172,0.247681,0.199486,0.177881,0.286058,0.305802,0.291329,0.225829,0.275475,0.292219,0.209211,0.280840,0.197250,0.319118,0.259104,0.149619,0.288129,0.202847,0.280180,0.345697,0.331096,0.235721,0.279882,0.282755,0.282686,0.329342,0.276253,0.228016,0.366437,0.233797,0.247257,0.026929,0.137875,0.273261,0.278482,0.234731,0.261694,0.286939,0.185036,0.340291,0.245645,0.224964,0.282132,0.192078,0.334307,0.300668,0.175520,0.363142,0.292277,0.244598,0.263102,0.108357,0.131009,0.185996,0.225678,0.234836,0.194133,0.421403,0.199000,0.102103,0.185707,0.280624,0.173720,0.214439,0.334978,0.325387,0.248663,0.194277,0.189637,0.162106,0.129656,0.220101,0.210145,0.202651,0.341503,0.298187,0.292125,0.270541,0.223891,0.235635,0.181576,0.132711,0.200725,0.198439,0.365552,0.187682,0.170452,0.238445,0.231043,0.346098,0.263474,0.116034,0.228489,0.303787,0.231100,0.138332,0.324443,0.108067,0.274494,0.145243,0.122424,0.344393,0.168981,0.201704,0.286485,0.371733,0.205306,0.288407,0.096920,0.084296,0.311341,0.324796,0.304111,#
3,0.251355,0.310155,0.332224,1.000000,0.337704,0.240448,0.346471,0.340451,0.365022,0.269459,0.330703,0.387914,0.202986,0.279689,0.295868,0.293140,0.307864,0.377474,0.312581,0.318901,0.338342,0.318344,0.301553,0.446831,0.351274,0.331583,0.334023,0.261790,0.304669,0.347753,0.336304,0.373089,0.422486,0.370941,0.122475,0.357149,0.338082,0.425231,0.448535,0.255698,0.324769,0.426127,0.300444,0.410504,0.219842,0.326234,0.278397,0.348809,0.111437,0.339591,0.355587,0.315792,0.324082,0.211514,0.237383,0.413231,0.302164,0.290474,0.279617,0.355189,0.276268,0.210824,0.303055,0.250945,0.422463,0.323271,0.270579,0.273565,0.195829,0.385279,0.311421,0.229881,0.400591,0.246210,0.344388,0.294018,0.338699,0.346763,0.359540,0.224953,0.372167,0.328876,0.323292,0.251826,0.381306,0.255281,0.386974,0.223375,0.372007,0.387534,0.345191,0.306636,0.315053,0.378428,0.278126,0.349861,0.354121,0.206124,0.355894,0.220520,0.391461,0.222827,0.309779,0.289162,0.406255,0.312204,0.382291,0.327107,0.211136,0.234723,0.307451,0.213570,0.327425,0.303044,0.255746,0.302529,0.316719,0.244597,0.237140,0.211447,0.349085,0.345830,0.293376,0.418698,0.270133,0.238216,0.388660,0.337019,0.199803,0.324856,0.324867,0.380453,0.390952,0.319331,0.347276,0.389016,0.169473,0.270296,0.305067,0.266630,0.319701,0.370011,0.253390,0.302853,0.352062,0.235468,0.366884,0.369100,0.230862,0.297239,0.230847,0.231849,0.217856,0.286568,0.296054,0.266109,0.239640,0.299475,0.295918,0.311010,0.289791,0.363582,0.392791,0.377444,0.321371,0.272680,0.339837,0.303540,0.233673,0.289158,0.334394,0.208085,0.235366,0.173072,0.226897,0.352019,0.320120,0.358086,0.163674,0.287073,0.279773,0.378009,0.332994,0.250124,0.148985,0.221075,0.219560,0.264613,0.204777,0.257153,0.257146,0.362178,0.368082,0.260735,0.291019,0.315152,0.276332,0.366021,0.286209,0.249301,#
4,0.280075,0.309687,0.323636,0.337704,1.000000,0.295464,0.247905,0.287385,0.351057,0.238499,0.232397,0.277661,0.278693,0.264759,0.260492,0.276281,0.203682,0.286223,0.274355,0.441802,0.395910,0.231809,0.292250,0.372693,0.252404,0.404902,0.214826,0.225569,0.331066,0.209382,0.221284,0.270836,0.289193,0.287514,0.155667,0.327772,0.387115,0.265436,0.325447,0.256821,0.310420,0.389285,0.227241,0.217263,0.408340,0.305320,0.409237,0.304699,0.204774,0.285006,0.236684,0.271654,0.213958,0.324652,0.354217,0.431732,0.275822,0.247432,0.327652,0.289703,0.360633,0.331227,0.207681,0.132899,0.244125,0.222789,0.255950,0.261027,0.237043,0.284054,0.334406,0.313088,0.370009,0.239988,0.250286,0.067033,0.263011,0.354019,0.331800,0.171942,0.342408,0.327234,0.166992,0.166798,0.444908,0.208928,0.333425,0.310576,0.344687,0.333657,0.317232,0.195622,0.258520,0.307040,0.231324,0.371492,0.297878,0.289294,0.226828,0.215710,0.305039,0.188648,0.292600,0.334858,0.257373,0.273787,0.202348,0.334084,0.212241,0.296283,0.369425,0.269806,0.333124,0.448159,0.253174,0.205377,0.303423,0.116084,0.152854,0.068119,0.248635,0.308564,0.311201,0.271409,0.395417,0.189873,0.360773,0.237809,0.281484,0.281476,0.311184,0.229769,0.361155,0.263661,0.378875,0.337925,0.202478,0.125946,0.255321,0.223851,0.351166,0.151135,0.261648,0.253880,0.380356,0.366174,0.215648,0.256942,0.267340,0.264803,0.270253,0.243590,0.322097,0.386697,0.317385,0.205478,0.362980,0.269420,0.184409,0.267672,0.286665,0.285049,0.196864,0.255660,0.130507,0.301216,0.206824,0.205876,0.186578,0.263914,0.191530,0.205536,0.356510,0.235066,0.327013,0.307531,0.359216,0.348032,0.182525,0.216398,0.188064,0.151448,0.333754,0.262709,0.164104,0.256991,0.071841,0.327493,0.324254,0.331554,0.151918,0.279750,0.227447,0.226774,0.251754,0.340929,0.227668,0.391663,0.313462,0.342436,#
5,0.177676,0.233134,0.208383,0.240448,0.295464,1.000000,0.172859,0.264019,0.244635,0.314586,0.249209,0.206816,0.288085,0.162730,0.242009,0.193738,0.246320,0.269601,0.123238,0.235114,0.276587,0.131337,0.272786,0.312339,0.285468,0.226178,0.274559,0.263418,0.279111,0.270653,0.256612,0.302702,0.353764,0.240960,0.050817,0.218182,0.278558,0.092359,0.256322,0.238345,0.268933,0.307247,0.150177,0.364381,0.158026,0.255318,0.225371,0.123260,0.218636,0.231825,0.285139,0.269775,0.190988,0.119809,0.174657,0.307700,0.115659,0.187051,0.388014,0.203792,0.169029,0.251089,0.222615,0.115198,0.308060,0.263781,0.236396,0.195405,0.234239,0.138226,0.246822,0.215094,0.303258,0.251070,0.221662,0.182258,0.277023,0.286334,0.282055,0.266632,0.199617,0.265332,0.317301,0.094181,0.178339,0.169200,0.220118,0.218560,0.299547,0.111220,0.117795,0.284660,0.281903,0.337809,0.172512,0.264143,0.160496,0.204080,0.295003,0.134312,0.208875,0.253385,0.122682,0.239512,0.158621,0.232194,0.224676,0.329521,0.217653,0.187237,0.308012,0.268480,0.215583,0.201116,0.247031,0.199498,0.265881,0.268523,0.095783,0.133605,0.100975,0.281972,0.160738,0.276181,0.155525,0.116985,0.180933,0.052974,0.272547,0.309090,0.284163,0.301077,0.327068,0.214825,0.400421,0.316587,0.161374,0.188990,0.171522,0.051283,0.230238,0.233862,0.187124,0.258985,0.316152,0.172328,0.145106,0.159693,0.136518,0.211551,0.219486,0.119527,0.251029,0.245538,0.197094,0.233185,0.282500,0.136135,0.294353,0.076908,0.247289,0.247964,0.257546,0.173524,0.213803,0.119480,0.110077,0.252672,0.272201,0.317332,0.325322,0.268177,0.263060,0.162279,0.108861,0.245223,0.318377,0.304464,0.251205,0.136678,0.266430,0.202897,0.379467,0.184814,0.190475,0.289155,0.203016,0.179736,0.205787,0.208215,0.227201,0.201395,0.204996,0.179424,0.310152,0.131937,0.061865,0.332007,0.184916,0.299040,#
6,0.162855,0.334468,0.301347,0.346471,0.247905,0.172859,1.000000,0.236231,0.290865,0.136278,0.238756,0.243009,0.122725,0.280640,0.138021,0.220354,0.211816,0.252799,0.239798,0.262199,0.222557,0.251430,0.131242,0.146810,0.150192,0.245567,0.188558,0.205303,0.238208,0.259558,0.163200,0.207673,0.177601,0.195014,0.030889,0.183961,0.139253,0.239326,0.257421,0.279484,0.179213,0.179387,0.140870,0.204164,0.203149,0.212411,0.234494,0.279342,0.177691,0.246836,0.160562,0.246388,0.192040,0.214544,0.101522,0.229276,0.136671,0.206372,0.267830,0.301713,0.251665,0.195694,0.201955,0.150572,0.227657,0.432655,0.207416,0.263456,0.237697,0.227465,0.242389,0.239587,0.267331,0.176999,0.279756,0.160144,0.197945,0.254122,0.335316,0.136414,0.245816,0.204761,0.276578,0.101367,0.289227,0.180013,0.203822,0.247474,0.209679,0.217671,0.250225,0.143185,0.163793,0.222556,0.163895,0.275775,0.253384,0.193053,0.219091,0.260215,0.269236,0.302442,0.183224,0.175344,-0.014997,0.282028,0.223434,0.208151,0.188683,0.189191,0.267981,0.270351,0.177983,0.107130,0.177700,0.237495,0.348258,0.100615,0.167085,0.128944,0.247389,0.273579,0.159647,0.231849,0.231497,0.191842,0.147724,0.245626,0.139555,0.284174,0.197500,0.191483,0.305693,0.100624,0.334281,0.204003,0.139236,0.204126,0.185869,0.209510,0.166059,0.121219,0.095016,0.260789,0.178170,0.224932,0.207308,0.112585,0.214235,0.039044,0.345752,0.104100,0.254532,0.118245,0.314070,0.156210,0.099240,0.294742,0.209746,0.141826,0.092567,0.344735,0.284703,0.236742,0.282498,0.194725,0.188067,0.204086,0.180192,0.217708,0.100461,0.147891,0.210350,0.127739,0.248366,0.241028,0.157586,0.280201,0.276210,0.082394,0.075921,0.182771,0.241896,0.318174,0.270485,0.273344,0.118692,0.237497,0.251080,0.312655,0.162774,0.199080,0.237599,0.288984,0.123693,0.142701,0.162283,0.296813,0.181657,0.285932,#
7,0.147410,0.282884,0.317275,0.340451,0.287385,0.264019,0.236231,1.000000,0.338754,0.310827,0.344258,0.440530,0.184846,0.286992,0.327480,0.268928,0.255647,0.371018,0.213577,0.329251,0.299524,0.269126,0.335510,0.265788,0.379273,0.277532,0.339732,0.383657,0.279046,0.241962,0.295947,0.300760,0.323826,0.261140,0.135678,0.341611,0.181244,0.182214,0.369145,0.302032,0.241872,0.308579,0.251159,0.311764,0.304200,0.362515,0.295748,0.312601,0.249142,0.319788,0.397364,0.309292,0.216955,0.330972,0.219073,0.308674,0.283958,0.324800,0.278809,0.339598,0.305854,0.218975,0.311247,0.199421,0.389285,0.301265,0.263535,0.227354,0.253967,0.462516,0.279153,0.162790,0.456469,0.234619,0.284461,0.241596,0.249832,0.351282,0.377305,0.408347,0.330637,0.292769,0.311923,0.254198,0.357059,0.257810,0.335015,0.140530,0.334228,0.316460,0.222513,0.234726,0.323485,0.331113,0.186851,0.270279,0.218312,0.284347,0.217851,0.156064,0.321026,0.231690,0.245341,0.287098,0.169451,0.393495,0.377163,0.243893,0.268114,0.289408,0.246340,0.217289,0.209602,0.286892,0.450319,0.342784,0.173333,0.191777,0.188124,0.311318,0.295316,0.383250,0.224059,0.373705,0.340345,0.252729,0.349759,0.336920,0.228146,0.214629,0.187750,0.268174,0.380654,0.253573,0.471171,0.344299,0.099502,0.425079,0.281865,0.268030,0.345421,0.235775,0.173385,0.226373,0.356705,0.245207,0.283696,0.263505,0.242826,0.284662,0.293242,0.381269,0.198054,0.230526,0.140312,0.345799,0.309667,0.322108,0.273746,0.331003,0.222923,0.324092,0.279756,0.256230,0.176759,0.279062,0.351966,0.178675,0.266154,0.310267,0.268135,0.247859,0.331535,0.216155,0.299792,0.259026,0.236587,0.260701,0.100533,0.354438,0.297034,0.291112,0.259181,0.260777,0.074940,0.317905,0.130039,0.145359,0.260642,0.362369,0.278123,0.244361,0.317312,0.249278,0.245109,0.258622,0.133714,0.322347,0.337651,0.290465,#
8,0.240933,0.341028,0.179654,0.365022,0.351057,0.244635,0.290865,0.338754,1.000000,0.246553,0.305423,0.287192,0.227226,0.258663,0.353679,0.288505,0.119112,0.214141,0.206713,0.303293,0.267009,0.246334,0.214155,0.321284,0.196280,0.267600,0.216879,0.307101,0.171807,0.336895,0.179831,0.261573,0.211530,0.260597,0.151746,0.333346,0.306691,0.178544,0.288348,0.289322,0.205871,0.318400,0.122781,0.210295,0.371790,0.267457,0.221211,0.219022,0.180525,0.236107,0.229091,0.373942,0.125408,0.395030,0.242807,0.397107,0.247643,0.281017,0.225257,0.348495,0.339826,0.121349,0.358300,0.063537,0.339148,0.343418,0.290706,0.219540,0.365177,0.301040,0.234493,0.205314,0.377655,0.211131,0.250081,0.150215,0.254281,0.254240,0.279837,0.193447,0.283386,0.348130,0.259971,0.090215,0.346729,0.169539,0.235767,0.226289,0.270704,0.304946,0.210328,0.214048,0.256178,0.254233,0.350050,0.380033,0.324609,0.214212,0.209747,0.156243,0.291766,0.141682,0.225421,0.254488,0.319947,0.195485,0.331528,0.220587,0.138575,0.249119,0.141220,0.205893,0.086478,0.250206,0.322447,0.385231,0.240378,0.163618,0.114629,0.260586,0.315786,0.261228,0.254052,0.278077,0.306452,0.336743,0.260550,0.368871,0.150177,0.301234,0.252980,0.159175,0.340285,0.209243,0.402777,0.348783,0.177599,0.274706,0.283943,0.204363,0.276607,0.257920,0.325126,0.195403,0.238834,0.247185,0.278620,0.298550,0.254479,0.231003,0.324494,0.143447,0.217674,0.302877,0.388213,0.371722,0.215754,0.306682,0.214329,0.318698,0.127837,0.283193,0.153492,0.260223,0.277672,0.283401,0.303513,0.133816,0.257272,0.251132,0.299830,0.152099,0.206010,0.204522,0.240707,0.264176,0.175464,0.347820,0.251055,0.241271,0.257649,0.211226,0.142824,0.326409,0.244437,0.249486,0.068688,0.087305,0.271209,0.250913,0.253087,0.234814,0.239955,0.223096,0.327161,0.157676,0.172941,0.180033,0.258060,0.199056,#
9,0.231665,0.250988,0.264908,0.269459,0.238499,0.314586,0.136278,0.310827,0.246553,1.000000,0.379339,0.225516,0.175963,0.173387,0.270623,0.301602,0.153476,0.174106,0.155990,0.336414,0.239169,0.156430,0.254164,0.267308,0.192252,0.178983,0.306176,0.274204,0.250605,0.227625,0.379681,0.284365,0.166772,0.266320,0.267171,0.262895,0.102281,0.248730,0.277348,0.144224,0.343689,0.264655,0.179466,0.061112,0.176483,0.337085,0.194432,0.204310,0.117663,0.178031,0.260625,0.338666,0.185907,0.207534,0.192552,0.331388,0.265398,0.255753,0.238805,0.168678,0.250675,0.230493,0.344407,0.194625,0.335544,0.302297,0.152185,0.166955,0.211475,0.118932,0.354085,0.277048,0.303417,0.192026,0.233385,0.227548,0.225863,0.215127,0.368250,0.322763,0.192133,0.353183,0.110669,0.109584,0.338772,0.202734,0.327693,0.244410,0.136488,0.029437,0.107625,0.311994,0.251528,0.157090,0.228107,0.238374,0.343465,0.287662,0.210451,0.030961,0.223090,0.232174,0.378313,0.184404,0.310829,0.201806,0.238488,0.178736,0.252302,0.130091,0.225414,0.248743,0.252954,0.370943,0.172399,0.299323,0.206434,0.239361,0.285495,0.056466,0.264292,0.369247,0.198278,0.329100,0.190116,0.230230,0.066991,0.279924,0.221515,0.290438,0.198529,0.242925,0.217278,0.243825,0.298111,0.231295,0.217353,0.321271,0.162332,0.063109,0.149585,0.313562,0.203809,0.207930,0.249641,0.112308,0.214613,0.250208,0.144544,0.330137,0.192908,0.092736,0.370389,0.261736,0.233121,0.288940,0.301096,0.288361,0.342429,0.141692,0.237848,0.203291,0.159590,0.356247,0.227132,0.141906,0.217887,0.200130,0.386550,0.219254,0.228720,0.252390,0.237455,0.212580,0.183283,0.326408,0.293075,0.179140,0.124398,0.222202,0.128817,0.165840,0.335563,0.211375,0.134800,0.238360,0.129497,0.187419,0.379541,0.268277,0.215964,0.217695,0.177872,0.240076,0.235501,0.219086,0.169748,0.210373,0.220225,0.221190,#
10,0.264064,0.419196,0.327670,0.330703,0.232397,0.249209,0.238756,0.344258,0.305423,0.379339,1.000000,0.218775,0.098506,0.233086,0.287561,0.181581,0.213135,0.275516,0.315070,0.333569,0.208338,0.153702,0.101028,0.247835,0.268742,0.201721,0.269595,0.332766,0.156818,0.284968,0.286201,0.282883,0.261265,0.183310,0.165693,0.307626,0.138995,0.242706,0.373820,0.197300,0.253416,0.224840,0.207026,0.115873,0.105074,0.237858,0.255281,0.261301,0.264542,0.311194,0.220836,0.321134,0.208011,0.261214,0.199526,0.324055,0.147416,0.183968,0.256748,0.294207,0.148097,0.278032,0.268121,0.276375,0.332051,0.331951,0.302207,0.169950,0.209196,0.216683,0.212560,0.265531,0.344078,0.189319,0.196378,0.223560,0.271996,0.179310,0.269066,0.171446,0.248376,0.316779,0.274250,0.197247,0.333742,0.063795,0.304270,0.225852,0.248890,0.228722,0.136919,0.207490,0.284412,0.224151,0.229305,0.382632,0.267455,0.116108,0.295757,0.156420,0.216020,0.175043,0.203093,0.204317,0.301099,0.100549,0.314607,0.333051,0.182470,0.185031,0.182983,0.257337,0.168791,0.252333,0.365069,0.405020,0.195300,0.144341,0.180058,0.100854,0.186249,0.309709,0.190026,0.255984,0.235208,0.191162,0.204419,0.277903,0.231155,0.297825,0.297449,0.219016,0.271563,0.149051,0.299008,0.281437,0.157147,0.444835,0.135761,0.211508,0.313847,0.221005,0.223268,0.185817,0.261604,0.163946,0.024439,0.126165,0.192399,0.264330,0.202433,0.279054,0.328903,0.147575,0.262939,0.241359,0.319226,0.074564,0.289894,0.219464,0.251124,0.268724,0.343615,0.260613,0.259088,0.209124,0.325427,0.177607,0.266645,0.310849,0.325588,0.185965,0.152148,0.229558,0.223962,0.147584,0.240275,0.306986,0.164630,0.256770,0.216954,0.189016,0.351592,0.141799,0.231989,0.210071,0.114288,0.076818,0.265341,0.231942,0.318768,0.238777,0.239772,0.197067,0.333145,0.143287,0.080510,0.314744,0.306132,0.391611,#
11,0.169332,0.357223,0.412566,0.387914,0.277661,0.206816,0.243009,0.440530,0.287192,0.225516,0.218775,1.000000,0.193185,0.235117,0.132623,0.202317,0.228688,0.306152,0.222775,0.111816,0.257131,0.326637,0.151444,0.270229,0.378941,0.371116,0.151361,0.360062,0.054869,0.353024,0.291389,0.323186,0.257901,0.319419,0.159690,0.283590,0.275956,0.223828,0.281027,0.262097,0.243251,0.326856,0.338246,0.324620,0.152587,0.379670,0.267549,0.234396,0.187429,0.150274,0.335702,0.310696,0.242656,0.383588,0.102498,0.269353,0.250052,0.294035,0.307772,0.217338,0.218866,0.201890,0.319813,0.214590,0.331080,0.393538,0.292675,0.345443,0.299050,0.348737,0.214129,0.185589,0.365564,0.213093,0.241360,0.170320,0.244549,0.274627,0.304186,0.263852,0.302837,0.235154,0.300090,0.208341,0.385578,0.105407,0.346260,0.327546,0.287009,0.194378,0.241944,0.307754,0.365401,0.485662,0.206109,0.295587,0.166351,0.210605,0.313515,0.301443,0.296465,0.237792,0.233574,0.243137,0.184985,0.382385,0.324446,0.301535,0.317287,0.231056,0.319086,0.246871,0.302941,0.289005,0.103548,0.454712,0.260109,0.196827,0.105511,0.252136,0.228174,0.347239,0.349099,0.313558,0.304265,0.179200,0.283256,0.321788,0.287886,0.258487,0.206506,0.384438,0.322318,0.282128,0.278273,0.248556,0.019228,0.374346,0.097227,0.302715,0.250498,0.190530,0.149581,0.327406,0.333633,0.175047,0.305608,0.147542,0.212619,0.184400,0.191051,0.368160,0.226818,0.237956,0.268989,0.237881,0.237506,0.149210,0.249145,0.236004,0.233746,0.382290,0.169042,0.250961,0.259630,0.210973,0.393969,0.261667,0.317280,0.322657,0.301863,0.150843,0.201077,0.092030,0.255590,0.308091,0.327149,0.257027,0.137313,0.208666,0.328590,0.213261,0.258352,0.167549,0.099618,0.292111,0.130805,0.167243,0.229444,0.330097,0.209995,0.190883,0.374352,0.181462,0.377292,0.202032,0.199439,0.279044,0.224521,0.305966,#
12,0.150654,0.214167,0.180841,0.202986,0.278693,0.288085,0.122725,0.184846,0.227226,0.175963,0.098506,0.193185,1.000000,0.135967,0.280836,0.181940,0.301474,0.199791,0.250200,0.349478,0.266518,0.145524,0.222781,0.293262,0.156580,0.184521,0.260062,0.254132,0.221134,0.281028,0.093198,0.276794,0.292161,0.192901,0.156766,0.289308,0.238575,0.070550,0.204666,0.230669,0.320114,0.159874,0.260070,0.287277,0.310709,0.328842,0.269463,0.055201,0.207584,0.146628,0.331558,0.184466,0.133049,0.277143,0.137311,0.246555,0.119466,0.187511,0.220650,0.080953,0.220676,0.265488,0.140499,0.225578,0.364409,0.187609,0.157854,0.182797,0.244472,0.111436,0.145694,0.221765,0.260463,0.105275,0.296243,0.236368,0.252162,0.157758,0.189104,0.141622,0.218757,0.174655,0.132758,0.163130,0.247847,0.264149,0.207167,0.288215,0.293585,0.165071,0.132390,0.200278,0.188022,0.298693,0.209419,0.172205,0.401167,0.262630,0.148864,0.119850,0.199325,0.234231,0.235842,0.239795,0.295995,0.179125,0.232673,0.151609,0.110093,0.196847,0.301222,0.121972,0.193149,0.240188,0.196500,0.156593,0.262731,0.122180,0.180837,0.093141,0.267704,0.295900,0.309048,0.313662,0.195184,0.089478,0.264369,0.134692,0.089672,0.128131,0.212401,0.214385,0.207823,0.148936,0.246722,0.147544,0.187963,0.191335,0.225915,0.193392,0.226713,0.161811,0.154944,0.192456,0.144347,0.226482,0.165522,0.152008,0.192263,0.188520,0.165464,0.324854,0.148855,0.141891,0.154178,0.251294,0.160037,0.058322,0.126727,0.162759,0.127636,0.359106,0.196753,0.269592,0.222077,0.106929,0.286690,0.106716,0.164218,0.187736,0.196912,0.245991,0.193595,0.162878,0.242055,0.161290,0.230856,0.264661,0.119473,0.207686,0.207961,0.211959,0.264000,0.174712,0.169820,0.212745,0.148214,0.251867,0.152347,0.057193,0.247280,0.197336,0.212784,0.201742,0.121851,0.158534,0.140367,0.253838,0.252686,0.114263,#
13,0.064732,0.221544,0.310218,0.279689,0.264759,0.162730,0.280640,0.286992,0.258663,0.173387,0.233086,0.235117,0.135967,1.000000,0.314043,0.186925,0.257109,0.167607,0.225763,0.330326,0.268672,0.246710,0.124666,0.220829,0.227963,0.327588,0.338770,0.295767,0.215387,0.224583,0.262903,0.260985,0.282234,0.232735,0.170231,0.234604,0.159836,0.266493,0.098608,0.224890,0.170633,0.311884,0.257365,0.239055,0.236439,0.263186,0.285820,0.252778,0.204583,0.190762,0.223652,0.286944,0.240218,0.332667,0.164774,0.384506,0.168676,0.264424,0.244068,0.304766,0.297004,0.192561,0.369143,0.133497,0.254681,0.247512,0.417684,0.235976,0.398202,0.270887,0.132982,0.155494,0.280403,0.134546,0.321456,0.233868,0.307133,0.345884,0.346426,0.226324,0.302242,0.349121,0.201303,0.360974,0.346249,0.172101,0.354018,0.257296,0.296723,0.288520,0.215315,0.244148,0.334560,0.369472,0.180810,0.291986,0.236739,0.213745,0.268329,0.256540,0.307586,0.277508,0.286468,0.351475,0.223692,0.350420,0.300668,0.252301,0.347365,0.236269,0.188266,0.222254,0.360338,0.264713,0.345037,0.308093,0.285487,0.262816,0.137715,0.205360,0.368037,0.343675,0.248271,0.332861,0.288345,0.142955,0.194282,0.136903,0.312663,0.294275,0.180866,0.242380,0.224376,0.197715,0.391135,0.317528,0.238352,0.256315,0.342593,0.221419,0.106865,0.194378,0.384445,0.285196,0.324692,0.393804,0.240078,0.308380,0.114800,0.275338,0.217310,0.262977,0.206509,0.324265,0.316496,0.302001,0.141204,0.327072,0.244574,0.307350,0.184814,0.366630,0.185264,0.391839,0.277242,0.203053,0.176522,0.136574,0.241984,0.262370,0.261447,0.343918,0.223791,0.174074,0.246361,0.246815,0.154467,0.247895,0.283852,0.059942,0.215623,0.285404,0.241397,0.303007,0.185860,0.289205,0.247996,0.185272,0.158201,0.254422,0.190154,0.284191,0.254794,0.204287,0.184631,0.303057,0.203370,0.251192,0.347980,0.233710,#
14,0.326494,0.180821,0.165499,0.295868,0.260492,0.242009,0.138021,0.327480,0.353679,0.270623,0.287561,0.132623,0.280836,0.314043,1.000000,0.358150,0.225417,0.270280,0.315691,0.413261,0.283755,0.164530,0.311316,0.388875,0.286272,0.158179,0.313626,0.263660,0.303284,0.296805,0.163965,0.296966,0.210569,0.192224,0.240100,0.274507,0.246705,0.287049,0.272949,0.337690,0.267868,0.206293,0.258367,0.159094,0.309729,0.379346,0.255259,0.195110,0.154192,0.251822,0.355500,0.218010,0.243775,0.305559,0.382651,0.334365,0.307250,0.236139,0.257386,0.226232,0.332187,0.265902,0.230237,0.207684,0.309506,0.176646,0.307167,0.262415,0.220367,0.308668,0.227555,0.230200,0.245295,0.291283,0.258531,0.153684,0.302659,0.301367,0.210140,0.247248,0.293193,0.290141,0.257173,0.299364,0.363811,0.250306,0.147037,0.170920,0.265889,0.254842,0.208987,0.205540,0.365511,0.309814,0.304970,0.190365,0.319360,0.221053,0.237083,0.156977,0.280481,0.304474,0.223263,0.291027,0.321803,0.244758,0.339506,0.339058,0.132024,0.228308,0.103558,0.079899,0.229251,0.247415,0.281591,0.313987,0.180769,0.201849,0.227232,0.227002,0.429246,0.370616,0.151474,0.249039,0.258051,0.142236,0.253401,0.255246,0.115120,0.368668,0.150313,0.234274,0.316871,0.110363,0.253927,0.257336,0.139405,0.223009,0.173506,0.129891,0.298646,0.317192,0.325109,0.208034,0.167601,0.335358,0.179306,0.192047,0.110182,0.157221,0.256040,0.183977,0.138301,0.281036,0.234714,0.252060,0.305158,0.211687,0.169897,0.173941,0.187367,0.317485,0.233679,0.178016,0.274666,0.128146,0.284715,0.192688,0.153943,0.313207,0.329591,0.306729,0.275694,0.207239,0.185387,0.178343,0.365980,0.364963,0.321667,0.244103,0.242676,0.308670,0.198519,0.281785,0.200834,0.216117,0.141393,0.081619,0.160144,0.278921,0.156799,0.271137,0.237460,0.326001,0.248624,0.082608,0.073084,0.265153,0.327374,0.229583,#
15,0.295684,0.145378,0.291098,0.293140,0.276281,0.193738,0.220354,0.268928,0.288505,0.301602,0.181581,0.202317,0.181940,0.186925,0.358150,1.000000,0.317858,0.335097,0.295622,0.309743,0.205871,0.152834,0.275102,0.349602,0.246294,0.334029,0.311694,0.239586,0.269646,0.277140,0.179099,0.325770,0.220043,0.333136,0.177764,0.242382,0.234192,0.174708,0.312545,0.206323,0.332271,0.280180,0.231825,0.224971,0.311426,0.247057,0.087359,0.214324,0.121783,0.268213,0.147108,0.381524,0.272126,0.249026,0.258665,0.260125,0.169329,0.254177,0.316239,0.322572,0.258469,0.107688,0.317585,0.119834,0.238540,0.327023,0.282210,0.312725,0.211382,0.165977,0.270690,0.276367,0.261002,0.201687,0.260218,0.208454,0.168385,0.353913,0.231974,0.242697,0.335888,0.202795,0.114622,0.273132,0.324486,0.171720,0.263287,0.280606,0.292605,0.246220,0.194625,0.166277,0.267253,0.295725,0.218287,0.268449,0.343452,0.174185,0.273470,0.136807,0.314257,0.195084,0.252316,0.262731,0.137555,0.217032,0.272653,0.224476,0.209369,0.248835,0.144751,0.327811,0.174746,0.178384,0.293973,0.371354,0.187417,0.117588,0.167104,0.091369,0.341747,0.367679,0.265294,0.315060,0.291914,0.182838,0.255227,0.279317,0.171195,0.281268,0.113897,0.305867,0.275451,0.268728,0.320012,0.320782,0.133994,0.125305,0.185696,0.052925,0.130663,0.272924,0.263346,0.200108,0.319508,0.202353,0.193824,0.213132,0.305672,0.201870,0.212979,0.099588,0.199296,0.319199,0.121943,0.350857,0.224620,0.286335,0.212152,0.231556,0.170350,0.250991,0.278807,0.227194,0.225488,0.288837,0.321212,0.225255,0.300557,0.212263,0.146625,0.207895,0.185648,0.109028,0.258631,0.152203,0.338353,0.294870,0.064484,0.251569,0.249451,0.221877,0.177216,0.368385,0.151351,0.248827,0.048267,0.243161,0.160554,0.185630,0.045080,0.267505,0.254094,0.270438,0.146907,0.209397,0.141795,0.245819,0.226915,0.112428,#
16,0.279599,0.221554,0.191468,0.307864,0.203682,0.246320,0.211816,0.255647,0.119112,0.153476,0.213135,0.228688,0.301474,0.257109,0.225417,0.317858,1.000000,0.283472,0.175207,0.355124,0.346421,0.201974,0.271134,0.270866,0.194110,0.338866,0.298712,0.080861,0.158978,0.300670,0.178673,0.358368,0.114430,0.343896,0.119467,0.279827,0.235853,0.165344,0.251385,0.248338,0.162535,0.265140,0.248451,0.222446,0.225590,0.345094,0.198519,0.202971,0.219501,0.171688,0.177744,0.298203,0.338206,0.247017,0.209309,0.217256,0.100459,0.214814,0.277696,0.111639,0.137661,0.387440,0.292022,0.234327,0.297273,0.234774,0.206127,0.395904,0.169167,0.310308,0.127861,0.282753,0.404220,0.093079,0.249813,0.339144,0.179890,0.369992,0.313143,0.187955,0.185534,0.206074,0.142740,0.256317,0.284753,0.246818,0.352947,0.284620,0.328769,0.157403,0.215145,0.208849,0.230007,0.204347,0.207434,0.208519,0.278039,0.107457,0.260714,0.248521,0.165913,0.175013,0.145590,0.235177,0.208926,0.250100,0.289428,0.159330,0.111500,0.233056,0.256237,0.239560,0.243025,0.228961,0.309463,0.347642,0.256038,0.185326,0.144912,0.190562,0.290235,0.307639,0.342983,0.304659,0.336553,0.118476,0.266911,0.102714,0.159773,0.289953,0.168618,0.225466,0.404130,0.001049,0.398512,0.337080,0.112535,0.247353,0.198995,0.263637,0.119608,0.197715,0.134112,0.247252,0.298999,0.189463,0.117753,0.179386,0.280413,0.234226,0.124048,0.274333,0.174015,0.197544,0.211209,0.291241,0.176760,0.194794,0.181085,0.262958,0.163038,0.363059,0.255136,0.265468,0.219371,0.149861,0.331500,0.234394,0.187902,0.101719,0.184317,0.161537,0.179397,0.080802,0.192003,0.306137,0.193562,0.195969,0.225148,0.128958,0.177639,0.254990,0.237726,0.057593,0.127930,0.228591,0.238349,0.263666,0.205404,0.228168,0.269302,0.076629,0.058883,0.160322,0.253299,0.283101,0.107894,0.253943,0.133120,0.173288,#
17,0.343896,0.273182,0.206564,0.377474,0.286223,0.269601,0.252799,0.371018,0.214141,0.174106,0.275516,0.306152,0.199791,0.167607,0.270280,0.335097,0.283472,1.000000,0.207834,0.364989,0.376653,0.222493,0.262710,0.408493,0.237945,0.278949,0.271080,0.202125,0.238172,0.304914,0.256388,0.316287,0.418971,0.213204,0.130894,0.310566,0.101626,0.379436,0.383115,0.165442,0.318986,0.277803,0.207410,0.353270,0.178806,0.301439,0.299747,0.229339,0.305070,0.271663,0.274511,0.235122,0.160166,0.263677,0.221086,0.331948,0.282397,0.351255,0.277376,0.282736,0.269637,0.255373,0.211394,0.237189,0.279387,0.404343,0.348403,0.366119,0.282460,0.341598,0.250114,0.302399,0.382152,0.156001,0.232348,0.363099,0.271275,0.327551,0.220772,0.317640,0.241895,0.303977,0.427510,0.217128,0.307309,0.107813,0.337443,0.258557,0.403485,0.254532,0.241316,0.172804,0.338582,0.305807,0.194282,0.299191,0.266970,0.322717,0.303131,0.225919,0.285652,0.139272,0.173091,0.326629,0.203364,0.322679,0.327074,0.361942,0.190986,0.098359,0.236706,0.256622,0.220419,0.317577,0.256431,0.322372,0.265801,0.201450,0.190538,0.245775,0.232261,0.333092,0.238498,0.316003,0.468169,0.228171,0.299971,0.226183,0.119158,0.233792,0.198994,0.312106,0.426776,0.313278,0.325843,0.318213,0.327193,0.257437,0.268434,0.295587,0.313268,0.266926,0.223391,0.243180,0.342531,0.301441,0.079979,0.241791,0.202587,0.155332,0.247391,0.124820,0.164896,0.249081,0.283557,0.323774,0.231707,0.282490,0.397894,0.252003,0.288567,0.352487,0.297984,0.240020,0.263567,0.246375,0.251141,0.271056,0.229729,0.202947,0.379808,0.195530,0.185737,0.217211,0.306837,0.189410,0.353347,0.284091,0.081409,0.349581,0.254916,0.408799,0.258259,0.175244,0.122417,0.240396,0.214207,0.247812,0.307121,0.278881,0.233150,0.345485,0.268536,0.244758,0.396561,0.276863,0.210836,0.255573,0.230206,0.242877,#
18,0.306527,0.187290,0.233067,0.312581,0.274355,0.123238,0.239798,0.213577,0.206713,0.155990,0.315070,0.222775,0.250200,0.225763,0.315691,0.295622,0.175207,0.207834,1.000000,0.263672,0.276208,0.214977,0.143360,0.377393,0.267518,0.251911,0.233727,0.342405,0.231184,0.172166,0.192102,0.190930,0.284845,0.178838,0.238646,0.331591,0.253128,0.182279,0.219953,0.369141,0.223042,0.278357,0.231236,0.167689,0.221861,0.216419,0.117387,0.190756,0.089846,0.291555,0.301891,0.185851,0.277612,0.239324,0.228756,0.260364,0.191071,0.268262,0.167513,0.185282,0.203866,0.159967,0.321945,0.240825,0.234422,0.284459,0.342494,0.260106,0.153191,0.150467,0.137778,0.184636,0.234372,0.141831,0.155881,0.165046,0.222069,0.277428,0.257440,0.246554,0.268759,0.185086,0.230618,0.290109,0.250266,0.030102,0.329311,0.142965,0.264211,0.228487,0.282668,0.178191,0.218734,0.271140,0.238774,0.317476,0.395472,0.193702,0.193822,0.223620,0.250282,0.290787,0.306961,0.243385,0.311936,0.253361,0.257351,0.199798,0.181441,0.222910,0.302779,0.295308,0.234647,0.231971,0.210956,0.241264,0.174524,0.081946,0.253663,0.207840,0.221897,0.292083,0.238885,0.167839,0.237091,0.130076,0.170683,0.280569,0.305144,0.236782,0.149612,0.357615,0.232675,0.219113,0.348050,0.127749,0.135551,0.320997,0.110940,0.280928,0.237366,0.153462,0.167072,0.215163,0.267453,0.254334,0.118072,0.170050,0.093999,0.154463,0.124406,0.257930,0.238722,0.187639,0.195766,0.327734,0.302764,0.239661,0.110804,0.327924,0.228754,0.272685,0.232849,0.275030,0.207530,0.220503,0.328268,0.206247,0.209557,0.328302,0.062546,0.170313,0.242428,0.163552,0.165869,0.264223,0.263914,0.287963,0.325585,0.218222,0.156485,0.234400,0.266868,0.123266,0.252783,0.157647,0.281227,0.242202,0.245730,0.222875,0.190637,0.302098,0.319123,0.249636,0.243140,0.189237,0.190071,0.299564,0.347014,0.209004,#
19,0.370763,0.286544,0.297463,0.318901,0.441802,0.235114,0.262199,0.329251,0.303293,0.336414,0.333569,0.111816,0.349478,0.330326,0.413261,0.309743,0.355124,0.364989,0.263672,1.000000,0.311638,0.201047,0.277558,0.344103,0.225395,0.376297,0.360661,0.267699,0.268509,0.402833,0.282371,0.311389,0.285721,0.215056,0.256170,0.392740,0.194123,0.196538,0.447781,0.246102,0.296954,0.309565,0.204694,0.194056,0.244005,0.365261,0.349349,0.379339,0.257121,0.385285,0.273097,0.338882,0.196053,0.413165,0.291491,0.351265,0.257912,0.234577,0.301413,0.275126,0.311555,0.330388,0.321559,0.256659,0.359091,0.266962,0.282422,0.327182,0.258709,0.317427,0.331323,0.283036,0.368275,0.176600,0.307150,0.360739,0.266176,0.395091,0.445696,0.198988,0.359535,0.332849,0.322227,0.246570,0.402866,0.215461,0.331678,0.297149,0.380584,0.191459,0.222554,0.278600,0.350005,0.260704,0.282264,0.349516,0.389188,0.367116,0.185341,0.201964,0.280913,0.242353,0.304225,0.336044,0.339486,0.391614,0.359159,0.461613,0.192137,0.141065,0.257448,0.278853,0.304055,0.362457,0.386096,0.293907,0.326006,0.317055,0.308274,0.030934,0.424182,0.430531,0.298033,0.379837,0.466626,0.259461,0.392247,0.276925,0.127922,0.315423,0.189183,0.187464,0.404245,0.222890,0.372850,0.315412,0.281809,0.344105,0.224215,0.254040,0.283038,0.332807,0.254942,0.221747,0.367926,0.295525,0.167653,0.339360,0.331764,0.216488,0.266683,0.341966,0.261635,0.318808,0.316627,0.251116,0.288121,0.247310,0.261080,0.234760,0.362205,0.321582,0.343047,0.244877,0.322893,0.243814,0.249113,0.236810,0.310255,0.205155,0.331759,0.264661,0.351610,0.274107,0.277788,0.219282,0.371594,0.386636,0.266673,0.242449,0.157213,0.360521,0.282456,0.323038,0.257283,0.308073,0.168532,0.286108,0.344612,0.267958,0.338872,0.370456,0.201479,0.294320,0.234951,0.299630,0.186148,0.310672,0.396518,0.372786,#
20,0.242722,0.184640,0.369068,0.338342,0.395910,0.276587,0.222557,0.299524,0.267009,0.239169,0.208338,0.257131,0.266518,0.268672,0.283755,0.205871,0.346421,0.376653,0.276208,0.311638,1.000000,0.255026,0.251875,0.355894,0.355550,0.393966,0.319455,0.276167,0.267136,0.296781,0.210909,0.241275,0.301654,0.269460,0.156274,0.272855,0.296803,0.291553,0.281694,0.329619,0.298598,0.421364,0.168655,0.124444,0.357715,0.380385,0.346765,0.214341,0.217630,0.242933,0.128393,0.339593,0.233855,0.307322,0.270864,0.270943,0.276508,0.288549,0.302271,0.222897,0.289578,0.212110,0.359301,0.243877,0.339835,0.225178,0.300520,0.295561,0.325013,0.325671,0.303714,0.361361,0.454760,0.235083,0.251535,0.214623,0.300092,0.406751,0.268687,0.282862,0.215276,0.243510,0.373718,0.177965,0.314790,0.262011,0.347750,0.265369,0.424090,0.273274,0.269517,0.286875,0.309829,0.338218,0.330686,0.226220,0.348638,0.295577,0.235262,0.104473,0.295568,0.208901,0.289766,0.298486,0.272915,0.254252,0.309542,0.268331,0.142168,0.286427,0.358900,0.314445,0.254822,0.317149,0.227296,0.394149,0.418429,0.251245,0.126737,0.247090,0.265990,0.356493,0.211253,0.310715,0.335645,0.214409,0.361784,0.339872,0.300231,0.302938,0.260865,0.349985,0.347997,0.176678,0.380998,0.271933,0.295402,0.289155,0.290113,0.234438,0.287079,0.289499,0.200950,0.266626,0.365652,0.224078,0.137367,0.219005,0.232985,0.336162,0.307482,0.293779,0.149714,0.238517,0.300060,0.317481,0.236625,0.132774,0.219612,0.427300,0.296763,0.381101,0.267473,0.239817,0.335046,0.193572,0.200288,0.290589,0.239772,0.191794,0.315001,0.181816,0.192656,0.212179,0.189670,0.332804,0.217682,0.234712,0.339969,0.271620,0.222524,0.264109,0.193276,0.248821,0.233242,0.122468,0.245148,0.226800,0.261372,0.378758,0.203820,0.339833,0.246060,0.267115,0.345686,0.245488,0.231487,0.366172,0.331503,0.247484,#
21,0.190485,0.250046,0.350830,0.318344,0.231809,0.131337,0.251430,0.269126,0.246334,0.156430,0.153702,0.326637,0.145524,0.246710,0.164530,0.152834,0.201974,0.222493,0.214977,0.201047,0.255026,1.000000,0.183392,0.222036,0.232073,0.189858,0.259042,0.273443,0.258415,0.280760,0.229300,0.244641,0.232930,0.288641,0.091859,0.322175,0.306909,0.299762,0.327971,0.187773,0.148600,0.271614,0.123024,0.298837,0.184513,0.247069,0.229153,0.272370,0.046417,0.204406,0.264051,0.179719,0.183259,0.220652,0.210723,0.253197,0.217964,0.215688,0.128447,0.131948,0.221666,0.100149,0.316745,0.200037,0.335101,0.262881,0.149025,0.221172,0.280360,0.389275,0.382592,0.200517,0.378064,0.314610,0.199788,0.148952,0.189060,0.218174,0.182533,0.205513,0.311917,0.274636,0.187071,0.046125,0.302216,0.070166,0.305809,0.128808,0.228339,0.327416,0.169268,0.174947,0.176184,0.179390,0.243836,0.254401,0.280318,0.241604,0.067846,0.232414,0.407749,0.212363,0.179064,0.202384,0.240889,0.259509,0.287910,0.227930,0.192373,0.188556,0.265662,0.218990,0.166619,0.285536,0.135698,0.306038,0.328097,0.157884,0.131694,0.253139,0.228768,0.314281,0.138101,0.355071,0.257757,0.150968,0.238762,0.271426,0.136300,0.104311,0.187603,0.233710,0.361260,0.193246,0.228852,0.186804,0.266990,0.170219,0.152722,0.315702,0.195671,0.335862,0.213411,0.190488,0.258099,0.279318,0.193459,0.264559,0.228429,0.152187,0.200156,0.151201,0.192900,0.218532,0.285569,0.189066,0.110497,0.224949,0.203422,0.180668,0.259231,0.322599,0.233874,0.208761,0.292343,0.090039,0.136461,0.243694,0.149682,0.303301,0.215565,0.167056,0.282925,0.153793,0.175087,0.334054,0.258989,0.251281,0.112955,0.225237,0.178498,0.264771,0.067968,0.251421,0.110428,0.157195,0.222010,0.262880,0.255481,0.274620,0.256885,0.103250,0.285689,0.187472,0.341738,0.247323,0.182949,0.269273,0.263746,0.181906,#
