0,1.000000,0.048620,0.166967,0.103969,0.173973,0.099577,0.126669,0.000281,0.174883,0.087528,0.158490,0.052689,0.078218,0.094301,0.224282,0.222077,0.183467,0.230571,0.179527,0.254341,0.118642,0.110921,0.177187,0.339089,0.100750,0.056613,0.141831,-0.018314,0.133782,0.238867,0.008637,0.211969,0.122147,0.184090,0.184451,0.125600,0.075812,0.069467,0.238713,0.216172,0.193380,0.092271,0.233352,0.008542,0.068354,0.101355,0.065246,0.196926,0.183942,0.259669,0.115543,0.094219,0.067282,0.222751,0.231017,0.219007,0.211904,0.172042,0.008239,0.061059,0.202955,0.155058,0.201418,0.067295,0.106560,0.079597,0.139798,0.138174,0.149716,0.146200,0.113158,0.080329,0.176778,0.214510,0.115271,-0.047637,0.242911,0.173035,0.093503,0.085833,0.135076,0.012300,0.103722,0.149267,0.307005,0.091104,0.187032,0.207967,0.236978,0.163375,0.036667,-0.002632,0.171844,0.093224,0.157434,0.157381,0.227204,0.056845,0.149417,0.261838,0.220781,0.152186,0.087024,0.224034,0.121211,0.219028,0.215858,0.155651,0.198761,-0.061291,-0.016341,0.141033,0.023836,0.214562,0.107578,0.112469,0.094438,0.088732,0.108314,0.137278,0.232303,0.177681,0.193100,0.154215,0.194599,0.241499,0.167199,-0.009843,0.102520,0.230939,0.159260,0.078159,0.132840,0.064730,0.151943,0.129976,0.191572,0.068825,0.040040,0.192515,0.232501,0.103741,0.085236,0.153310,0.099673,0.039032,0.156682,0.110077,0.153714,0.057106,0.020647,0.138534,0.176565,0.052159,0.153132,0.151105,0.115990,0.118562,0.168949,0.166605,0.214811,0.263122,0.095224,0.046765,0.105323,0.196169,0.117909,0.177196,0.204615,0.101591,0.140773,0.037708,0.168081,0.194709,0.011473,0.244682,0.322412,0.204424,0.129046,0.019249,0.156752,0.179295,0.130911,0.089333,0.095498,0.040969,0.154435,0.281814,0.210759,-0.027006,0.005296,0.187923,0.093462,0.136474,0.235259,0.088549,0.045989,0.159755,0.227528,0.198705,#
1,0.048620,1.000000,0.092895,0.127119,0.096558,0.130413,0.206777,0.148165,0.297221,0.091164,0.263325,0.233382,0.126579,0.066178,0.037481,0.032149,0.170390,0.093315,0.000209,0.116771,0.036820,0.146260,0.091723,0.069395,0.115086,0.133995,0.070766,0.182770,-0.073812,0.105445,0.213471,0.134125,-0.007959,0.181300,0.013930,0.122239,0.125019,0.010022,0.253701,0.157218,0.042079,0.021199,0.201531,0.112660,0.083962,0.100565,0.339240,0.127990,0.105406,0.066321,0.145470,0.156190,0.205901,0.178828,0.068174,0.145298,0.094101,-0.017026,-0.008690,0.061225,0.073000,0.130819,0.190574,-0.011193,0.079258,0.235939,0.107437,0.221881,0.177564,0.242537,0.120549,0.161897,0.294429,0.011314,0.216069,0.133281,0.113566,0.091452,0.289991,0.073998,0.087164,0.191457,0.091882,0.129042,0.216791,-0.060311,0.192894,0.216740,0.178305,0.096318,0.114512,0.126164,0.016597,0.129203,0.100114,0.182852,0.055413,0.031573,0.081787,0.073308,0.193760,0.039874,0.072373,0.100419,0.033860,0.183105,0.199097,0.246778,0.174519,0.113325,0.125720,0.140729,0.025062,0.140429,0.194877,0.309277,0.139843,0.066282,0.019543,0.027110,0.020706,0.165993,0.210891,0.171891,0.169089,0.112156,0.096019,0.137321,0.189462,0.210533,0.031817,0.194178,0.117979,0.129897,0.242192,0.253868,0.156421,0.238057,0.164454,0.151185,0.155503,0.038554,0.140794,0.188846,0.216754,0.080284,0.033967,0.079837,0.109464,0.032079,0.152502,0.135436,0.028776,-0.065005,0.330911,0.160508,0.059544,0.089986,-0.063410,-0.015436,0.006426,0.242396,0.149014,0.217687,0.160255,0.096076,0.112766,0.011650,0.120918,0.191708,0.094923,0.194127,0.092445,0.105712,0.047104,0.228083,0.096203,0.205264,0.093845,-0.011022,0.132478,-0.023703,0.226316,0.051295,0.134000,0.156290,0.047564,-0.052351,0.193847,0.192040,0.210955,0.159970,-0.024419,0.095858,0.143022,0.022283,0.031818,0.277908,0.027261,0.249723,#
2,0.166967,0.092895,1.000000,0.176963,0.242274,0.116151,0.194270,0.215025,0.145906,0.140869,0.230181,0.233527,0.075222,0.316515,0.053538,0.157856,0.072988,0.079502,0.144208,0.185909,0.302735,0.238793,0.056846,0.136992,0.142382,0.294055,0.242673,0.124435,0.040438,0.227197,0.036276,0.030455,0.137427,0.121805,0.121757,0.169237,0.166349,-0.016902,0.139954,0.059492,0.154300,0.106971,0.256246,0.074915,0.056605,0.162221,0.163244,0.120045,0.051554,0.144279,0.201595,0.231642,0.140129,0.140825,0.076858,0.184014,0.107901,0.065042,0.171941,0.227253,0.286933,0.078093,0.118548,0.150204,0.244088,0.198343,0.100157,0.119657,0.193935,0.214322,0.163446,0.151357,0.087201,0.260200,0.265959,0.100115,0.141585,0.124275,0.147330,0.111450,0.216567,0.043739,0.146763,-0.015063,0.224446,0.064951,0.189053,0.220911,0.083074,0.047914,0.085217,0.181489,0.263713,0.190793,0.113893,0.173809,0.213909,0.064149,0.227637,0.124605,0.257481,0.111819,0.057666,0.234184,0.038428,0.203726,0.237298,0.220349,0.205140,0.152099,0.176158,0.141060,0.224344,0.137600,0.114372,0.233154,0.122270,0.132711,-0.139662,0.110032,0.097273,0.058238,0.057684,0.167797,0.141146,0.043130,0.258742,0.118581,0.190192,0.214028,0.063124,0.173664,0.161178,0.120272,0.258788,0.151491,0.214490,0.180136,0.132320,0.016181,0.090982,0.143901,0.124840,0.089575,0.248307,0.143634,-0.000903,0.067285,0.207303,0.077054,0.089205,0.245620,0.229093,0.139472,0.110224,0.074876,0.038225,0.004153,0.145573,0.174871,0.077235,0.337238,0.173569,0.207482,0.120375,0.209052,0.102919,0.044128,0.006255,0.147544,0.078788,0.310483,0.190074,0.066989,0.154573,0.134069,0.219646,0.134623,0.010972,0.072478,0.216390,0.160317,0.057791,0.285763,0.043983,0.141820,0.140558,0.043534,0.161496,0.027488,0.072017,0.172807,0.271587,0.137604,0.165162,0.042662,-0.014226,0.164644,0.268080,0.247227,#
3,0.103969,0.127119,0.176963,1.000000,0.240496,0.169135,0.237245,0.112440,0.311622,0.126304,0.243569,0.256258,0.133108,0.140966,0.125680,0.116259,0.176254,0.199124,0.242215,0.170779,0.217090,0.159870,0.172996,0.322137,0.148663,0.235096,0.208511,0.162191,0.137428,0.290738,0.204217,0.222263,0.312408,0.245987,-0.008951,0.196137,0.238898,0.222565,0.288365,0.155376,0.163656,0.280731,0.229311,0.310403,0.044239,0.210079,0.124949,0.207066,0.024690,0.141089,0.170531,0.180583,0.169387,0.070308,0.081503,0.319105,0.162220,0.136678,0.159484,0.168931,0.214549,0.045046,0.157167,0.093518,0.351200,0.174940,0.149261,0.059833,0.023710,0.293730,0.109974,0.161396,0.292818,0.093743,0.206346,0.220749,0.179541,0.168228,0.169979,0.095332,0.267810,0.197098,0.211270,0.039605,0.275187,0.097223,0.147623,0.178200,0.192547,0.155723,0.234973,0.199435,0.181604,0.199732,0.124614,0.238332,0.150029,0.054656,0.227725,0.163297,0.284208,0.107475,0.160365,0.125452,0.330827,0.131010,0.242651,0.190458,0.148155,0.152641,0.139569,0.065876,0.178123,0.148832,0.092662,0.174520,0.156157,0.139977,0.045253,0.106228,0.168412,0.174942,0.187720,0.232184,0.104130,0.122031,0.242852,0.260420,0.146712,0.255734,0.221821,0.296184,0.249563,0.194292,0.217396,0.241523,0.059885,0.132892,0.184096,0.103336,0.140139,0.265761,0.220508,0.155679,0.117955,0.165872,0.231704,0.321331,0.144945,0.186122,0.042197,0.075477,0.104131,0.155115,0.301717,0.061365,0.030249,0.077171,0.236460,0.239113,0.163040,0.252271,0.188909,0.252371,0.127164,0.156107,0.185070,0.109002,0.101091,0.152988,0.177225,0.073956,0.124006,0.056628,0.065131,0.270856,0.216757,0.225213,0.048197,0.143648,0.118882,0.243473,0.261957,0.097257,0.023079,0.125938,0.132666,0.105624,0.117969,0.163883,0.145443,0.230120,0.283613,0.064375,0.222025,0.177659,0.207507,0.248524,0.199205,0.171903,#
4,0.173973,0.096558,0.242274,0.240496,1.000000,0.277833,0.074126,0.147345,0.288314,0.179980,0.052061,0.186578,0.173624,0.163588,0.123007,0.172979,0.144973,0.169274,0.164455,0.315912,0.356200,0.155726,0.189042,0.320580,0.070596,0.299486,0.140923,0.031909,0.181943,0.098034,0.128987,0.182926,0.228291,0.194695,0.069250,0.218477,0.339283,0.109266,0.204798,0.135133,0.171632,0.281667,0.224134,0.179975,0.254486,0.190656,0.318067,0.206643,0.112079,0.151569,0.097683,0.136182,0.157304,0.242015,0.249149,0.279289,0.182326,0.130085,0.209896,0.193365,0.235571,0.212116,0.124715,0.002561,0.203915,0.135461,0.121214,0.173372,0.103764,0.210846,0.208444,0.186670,0.276844,0.199647,0.192888,0.047221,0.119778,0.296992,0.191793,0.184391,0.252607,0.206407,0.109887,0.044418,0.371705,0.121563,0.168111,0.193271,0.207073,0.134315,0.266661,0.069099,0.181569,0.153346,0.164045,0.259478,0.147869,0.146911,0.153578,0.184082,0.205166,0.101142,0.195464,0.194818,0.127070,0.211941,0.117251,0.222862,0.173188,0.265920,0.244379,0.213487,0.287512,0.341045,0.136988,0.081521,0.188744,0.086894,-0.015800,0.089218,0.101253,0.170366,0.197468,0.092616,0.275374,0.011093,0.237148,0.156171,0.278975,0.236340,0.222007,0.083724,0.245680,0.248928,0.281515,0.221211,0.156162,0.054740,0.217310,0.094809,0.158917,0.093411,0.212933,0.092577,0.244693,0.210891,0.167506,0.176978,0.139727,0.185003,0.102577,0.159792,0.212291,0.299441,0.296936,0.085469,0.259221,0.107473,0.060522,0.229063,0.179314,0.216674,0.141186,0.147033,-0.050842,0.224598,0.036794,0.093559,0.085765,0.217258,0.066043,0.170161,0.328255,0.213468,0.213362,0.288996,0.281859,0.255437,0.134820,0.115271,0.065106,0.048696,0.252024,0.136120,0.142013,0.208934,-0.010402,0.222599,0.169492,0.259900,0.079503,0.133434,0.097242,0.095962,0.147682,0.240438,0.192948,0.193764,0.236260,0.360056,#
5,0.099577,0.130413,0.116151,0.169135,0.277833,1.000000,0.116375,0.208373,0.274181,0.208006,0.257125,0.130180,0.182927,0.143721,0.133065,0.202075,0.154875,0.208735,0.014555,0.229115,0.188036,0.018262,0.161810,0.248555,0.208891,0.164693,0.252144,0.177009,0.184245,0.195223,0.245555,0.260985,0.279949,0.255879,0.067260,0.194973,0.225608,0.090981,0.190228,0.162589,0.208515,0.167968,0.087603,0.268443,0.142664,0.203635,0.268400,0.109707,0.194337,0.156609,0.096267,0.191395,0.144181,0.142926,0.059469,0.297308,0.117708,0.031375,0.282454,0.146266,0.153227,0.190947,0.191097,0.053530,0.225520,0.222077,0.166170,0.160714,0.202180,0.043136,0.189818,0.147116,0.306934,0.224013,0.145832,0.199276,0.239755,0.274808,0.218410,0.178608,0.248208,0.198914,0.232750,0.019057,0.135392,0.123211,0.179371,0.192318,0.226025,0.011255,0.042150,0.209497,0.280307,0.300177,0.129657,0.223494,0.084614,0.181143,0.274091,0.137533,0.198378,0.214291,0.082002,0.209283,0.132247,0.218832,0.180227,0.243850,0.115543,0.159807,0.144223,0.213747,0.137413,0.157165,0.180024,0.124059,0.185994,0.134437,0.042520,0.068417,0.036301,0.221129,0.128432,0.264457,0.056101,0.086030,0.141504,0.047206,0.235558,0.209855,0.264549,0.214484,0.287752,0.191710,0.297278,0.337586,0.183968,0.177369,0.142389,-0.026490,0.228583,0.131001,0.205565,0.249918,0.276398,0.094737,0.103569,0.139355,0.080261,0.155866,0.241671,0.046456,0.196350,0.214123,0.154897,0.214528,0.220007,0.103541,0.233198,0.132148,0.197078,0.214085,0.216656,0.169418,0.147442,0.161268,0.038901,0.224525,0.244903,0.219028,0.249697,0.214071,0.125725,0.130700,0.080928,0.222851,0.206282,0.217990,0.215287,0.104289,0.224858,0.075190,0.396724,0.176369,0.119770,0.233075,0.163725,0.135178,0.081655,0.092289,0.078581,0.194901,0.147532,0.152781,0.186792,0.122281,0.101616,0.280901,0.141867,0.278219,#
6,0.126669,0.206777,0.194270,0.237245,0.074126,0.116375,1.000000,0.084074,0.223998,0.020351,0.099015,0.123056,0.108977,0.259387,0.042732,0.102832,0.143103,0.104335,0.094076,0.031616,0.254966,0.147270,-0.054830,0.077244,0.043923,0.128323,0.093703,0.096013,0.119827,0.231152,0.140866,0.135275,0.101624,0.174132,0.019027,0.074219,0.042366,0.103935,0.124801,0.182635,0.026207,0.054286,0.092975,0.075048,0.201854,0.155626,0.131662,0.043906,0.106621,0.118941,0.048938,0.189529,0.180371,0.142341,0.030213,0.153251,0.106907,0.116243,0.155221,0.174582,0.210804,-0.007314,0.152646,0.134776,0.261226,0.223905,0.197322,0.138482,0.141591,0.136116,0.084798,0.160223,0.145150,0.209423,0.264290,0.159735,0.176860,0.122025,0.186930,0.074836,0.135837,0.047766,0.222552,-0.033417,0.116600,0.135123,0.118940,0.156220,0.092650,0.104611,0.069622,0.084109,0.042105,0.075375,0.031327,0.071320,0.226332,0.064144,0.130298,0.234622,0.173451,0.171666,0.193046,0.056224,-0.139987,0.183639,0.096559,0.031060,0.130328,0.078038,0.140045,0.149692,0.022661,-0.059206,0.111305,0.114499,0.329799,0.045669,0.119487,0.122934,0.175334,0.166594,-0.005658,0.174579,0.161452,0.149006,0.024028,0.175715,0.077839,0.210284,0.100690,0.105999,0.166345,0.007690,0.228520,0.190692,0.043366,0.115484,0.260877,0.094291,0.120443,0.097935,0.017223,0.101514,0.025920,0.101084,0.136998,0.100417,0.104854,-0.057602,0.177827,0.041214,0.109268,-0.056695,0.256920,0.027008,-0.013492,0.181232,0.141649,0.054907,0.015850,0.245655,0.206265,0.201015,0.156303,0.198519,0.087101,0.075593,0.114100,0.128878,0.036698,0.058986,0.068434,0.066526,0.126498,0.208070,0.062856,0.202194,0.184105,-0.067571,0.102991,0.004285,0.247568,0.216025,0.161484,0.141088,0.031026,0.088224,-0.003295,0.217315,0.015295,0.153861,0.076351,0.194209,0.075073,0.002413,0.131501,0.211717,0.138086,0.170232,#
7,0.000281,0.148165,0.215025,0.112440,0.147345,0.208373,0.084074,1.000000,0.326575,0.192001,0.183143,0.266592,0.070296,0.179669,0.252696,0.087106,0.177177,0.235890,0.060634,0.145665,0.140696,0.196020,0.209655,0.170472,0.220721,0.185106,0.167894,0.247107,0.041788,0.192796,0.052724,0.114304,0.120904,0.146672,-0.004533,0.139649,0.038656,-0.033197,0.235164,0.159631,0.085303,0.124943,0.107094,0.241123,0.189250,0.212159,0.169648,0.146170,0.100102,0.103465,0.168261,0.125558,0.023185,0.233357,0.126967,0.173408,0.113522,0.194306,0.170046,0.069865,0.201246,0.092890,0.100150,0.028803,0.231873,0.204201,0.120444,0.115719,0.141653,0.334948,0.123073,0.005090,0.351552,0.162902,0.144895,0.112716,0.028127,0.167258,0.230088,0.282488,0.209842,0.147924,0.168627,0.082590,0.240243,0.032442,0.124813,0.138966,0.146243,0.162502,0.003482,0.078521,0.199016,0.169454,0.083881,-0.006661,0.042493,0.161210,0.098393,0.161791,0.207005,0.079266,0.057805,0.085955,0.009215,0.261969,0.274547,0.110162,0.136229,0.123593,0.111857,0.054660,0.106407,0.098297,0.317210,0.180114,0.014440,-0.022733,-0.012313,0.250137,0.141993,0.153714,0.075495,0.267808,0.224966,0.083438,0.215340,0.212606,0.130727,0.128479,0.106343,0.107141,0.282455,0.069652,0.320859,0.289536,-0.040351,0.288723,0.065665,0.101139,0.247145,0.142158,0.124276,0.047123,0.173513,0.171816,0.178389,0.149445,0.140212,0.155079,0.069732,0.190094,0.103730,0.143715,0.076511,0.204774,0.162902,0.114438,0.166709,0.187311,0.168090,0.133873,0.197465,0.087341,0.013444,0.263322,0.192266,0.050403,0.070167,0.071266,0.202990,0.209078,0.195533,0.092733,0.177409,0.135123,0.143519,0.135626,-0.013824,0.137382,0.268322,0.085851,0.156341,0.185155,-0.090933,0.204347,0.002550,-0.077636,0.133147,0.241152,0.158990,0.053853,0.157658,0.031276,0.138114,0.080826,0.049285,0.199245,0.159267,0.168831,#
8,0.174883,0.297221,0.145906,0.311622,0.288314,0.274181,0.223998,0.326575,1.000000,0.247714,0.225282,0.230325,0.197146,0.192688,0.297052,0.187345,0.096000,0.196361,0.132665,0.224332,0.211066,0.182843,0.210689,0.338833,0.086737,0.262574,0.154338,0.234331,0.046001,0.275325,0.067155,0.210669,0.165312,0.183653,0.062015,0.217521,0.264525,0.086066,0.226256,0.238265,0.197359,0.218882,0.180951,0.188295,0.221630,0.196698,0.142048,0.201918,0.148835,0.215402,0.167585,0.334446,0.065299,0.359584,0.108548,0.354197,0.154311,0.277693,0.141820,0.258385,0.260244,0.136274,0.277558,-0.032317,0.309270,0.344166,0.200565,0.182259,0.317134,0.253513,0.164601,0.111514,0.366044,0.174609,0.205624,0.168040,0.132541,0.192544,0.214310,0.211979,0.241968,0.290593,0.244201,0.082656,0.341369,0.195676,0.144377,0.199769,0.140226,0.309988,0.170946,0.224790,0.175001,0.181750,0.379901,0.280475,0.206645,0.153398,0.221849,0.137294,0.248609,0.112544,0.138598,0.237677,0.206895,0.211385,0.306227,0.265537,0.139121,0.203463,0.168399,0.214182,0.104780,0.226176,0.297341,0.292724,0.150886,0.127077,0.041480,0.243443,0.292770,0.186521,0.259386,0.220642,0.231437,0.282362,0.197798,0.297825,0.170605,0.287534,0.163087,0.077754,0.345425,0.181851,0.369268,0.298446,0.114953,0.261272,0.187338,0.131885,0.169900,0.232729,0.269194,0.181342,0.176521,0.176008,0.283604,0.272696,0.184392,0.146689,0.236539,0.111552,0.162109,0.233442,0.415542,0.269272,0.155348,0.266991,0.124724,0.246721,0.090430,0.240329,0.194502,0.192862,0.200461,0.216031,0.230477,0.054189,0.232252,0.203518,0.222372,0.270184,0.181639,0.195435,0.210661,0.283138,0.141427,0.296601,0.210666,0.127716,0.250205,0.141994,0.123131,0.246944,0.169812,0.241154,0.035267,0.052658,0.250724,0.222270,0.229813,0.155158,0.222627,0.098307,0.248953,0.102568,0.137890,0.162855,0.150389,0.193391,#
9,0.087528,0.091164,0.140869,0.126304,0.179980,0.208006,0.020351,0.192001,0.247714,1.000000,0.268223,0.029399,0.084940,0.177679,0.236995,0.200072,0.052590,0.041495,0.042613,0.283021,0.148775,0.070547,0.148911,0.219328,-0.005323,0.085861,0.222561,0.180515,0.107110,0.145978,0.177147,0.133417,0.084035,0.206332,0.223305,0.115390,0.032102,0.142693,0.164374,-0.001643,0.269299,0.102274,0.148983,0.002470,0.107954,0.129726,0.146883,0.064292,0.040582,0.079864,0.015110,0.185876,0.014716,0.160870,0.072906,0.252697,0.104484,0.171955,0.175391,0.054395,0.194881,0.064298,0.239309,0.040524,0.201598,0.238450,0.068096,0.080035,0.160102,0.062164,0.242874,0.174553,0.156954,0.111823,0.149160,0.126377,-0.000575,0.116804,0.254722,0.199633,0.050315,0.251887,0.009173,0.033341,0.280976,0.087658,0.091498,0.204179,-0.054313,-0.073668,-0.016506,0.191716,0.188390,0.047436,0.147124,0.112375,0.182184,0.249453,0.229920,-0.011709,0.125969,0.170073,0.245632,0.088738,0.261803,0.184736,0.151380,0.050672,0.203053,0.093047,0.120439,0.142476,0.220843,0.265129,0.063723,0.175434,0.041731,0.099487,0.107882,-0.040708,0.143576,0.249205,0.130901,0.229647,0.074335,0.106576,-0.016604,0.152259,0.215102,0.252395,0.158123,0.016497,0.139266,0.229916,0.195474,0.181063,0.133451,0.208865,0.073440,-0.034969,0.016533,0.198679,0.188138,0.098889,0.028854,0.118609,0.158788,0.141001,0.030676,0.229468,0.085821,-0.052104,0.250292,0.230074,0.219500,0.183494,0.143104,0.133334,0.302649,0.081953,0.138503,0.114679,0.040062,0.289585,0.143931,0.081064,0.064923,0.090170,0.280653,0.109219,0.176697,0.251185,0.088284,0.153728,0.098989,0.226683,0.148134,0.114191,0.108293,0.090529,0.074290,0.023857,0.204590,0.154523,0.036641,0.163078,0.037350,0.057213,0.322118,0.094355,0.114831,0.154517,0.096466,0.145679,0.056950,0.078853,0.097814,0.104779,0.113771,0.201581,#
10,0.158490,0.263325,0.230181,0.243569,0.052061,0.257125,0.099015,0.183143,0.225282,0.268223,1.000000,0.108161,-0.094967,0.141339,0.149366,0.143908,0.123335,0.098232,0.098118,0.142777,0.080383,0.049709,-0.017444,0.197665,0.067994,0.012035,0.158143,0.289013,-0.012458,0.237600,0.192915,0.170647,0.136781,0.178801,0.132737,0.181822,0.023587,0.104375,0.214322,0.075053,0.226718,0.088438,0.054503,0.002174,0.069963,0.166532,0.171390,0.165895,0.178484,0.225135,0.030299,0.189895,0.092924,0.156102,0.036794,0.283471,0.080867,0.032602,0.077082,0.103490,0.065711,0.148310,0.212499,0.203787,0.288500,0.198187,0.126394,0.015983,0.059543,0.119269,0.064764,0.197228,0.193600,0.141332,0.112171,0.179848,0.133562,0.085962,0.145571,0.145227,0.261370,0.131923,0.198867,0.117047,0.241244,0.016568,0.192830,0.272184,0.043670,0.127261,0.031922,0.153039,0.204509,0.125655,0.145280,0.269695,0.100838,0.016017,0.291937,0.172516,0.116331,0.100618,0.154252,0.055730,0.301350,0.027014,0.212939,0.229675,0.152753,0.094837,-0.001071,0.194385,0.057142,0.105270,0.250088,0.322249,0.086936,0.039378,0.101311,0.055498,0.087832,0.238996,0.059083,0.134483,0.008817,0.065602,0.185148,0.248933,0.143467,0.168207,0.140677,0.080241,0.128072,0.064682,0.235045,0.176307,0.037907,0.333349,0.092059,0.006040,0.228134,0.035882,0.162406,0.076361,0.046193,0.015419,0.001645,0.086441,0.060839,0.126410,0.131177,0.145169,0.224798,0.080290,0.175883,0.121007,0.226659,-0.016387,0.216412,0.155694,0.192179,0.107158,0.213974,0.222034,0.120394,0.170077,0.215782,0.161219,0.245605,0.178447,0.137522,0.151108,0.027290,0.173519,0.099588,0.103047,0.200192,0.223883,0.050389,0.168095,0.135994,0.038711,0.294383,0.055018,0.115704,0.117492,0.025231,-0.103016,0.104175,0.162870,0.168938,0.113684,0.121053,0.041355,0.248135,0.035504,-0.006988,0.240940,0.220631,0.329789,#
11,0.052689,0.233382,0.233527,0.256258,0.186578,0.130180,0.123056,0.266592,0.230325,0.029399,0.108161,1.000000,0.123957,0.108624,0.021661,0.068376,0.060791,0.271088,0.126505,0.007478,0.102468,0.154683,-0.019238,0.090911,0.189470,0.253675,-0.044415,0.255150,-0.075635,0.222897,0.200465,0.194289,0.122678,0.185119,0.085005,0.129613,0.199405,0.032308,0.125185,0.212635,0.144795,0.197649,0.277188,0.217302,0.031674,0.217686,0.236951,0.087135,0.171083,0.108074,0.156266,0.201481,0.095952,0.299878,0.002705,0.113712,0.115462,0.229362,0.150040,0.037588,0.065081,0.062825,0.225178,0.077680,0.191384,0.241122,0.204754,0.250729,0.151854,0.249576,0.096316,0.082195,0.246146,0.086329,0.097574,0.050432,0.126720,0.119642,0.166381,0.081933,0.193788,0.084213,0.223065,0.069808,0.259212,-0.013972,0.134103,0.232322,0.260546,0.044047,0.062978,0.210105,0.304903,0.289419,0.128593,0.238824,-0.008042,0.091352,0.151879,0.198489,0.168224,0.108896,0.028482,0.161828,0.108978,0.292917,0.254793,0.251221,0.220734,0.164371,0.194312,0.140362,0.183466,0.159168,-0.028652,0.321557,0.052148,0.147849,-0.085510,0.169341,0.079333,0.187510,0.211310,0.126788,0.181954,0.022021,0.140041,0.152308,0.227334,0.214799,0.084871,0.250880,0.267155,0.243005,0.153472,0.161451,-0.049025,0.309861,0.015325,0.214564,0.165080,0.050728,0.142537,0.176208,0.217310,0.086710,0.166908,0.136521,0.117661,0.094784,0.050728,0.253895,0.091638,0.169010,0.284995,0.085105,0.078121,-0.014170,0.158177,0.148309,0.130784,0.251017,0.045588,0.074961,0.140669,0.091306,0.272743,0.078550,0.184779,0.188888,0.188124,0.136882,0.060559,0.033807,0.112545,0.216683,0.212977,0.188137,0.015638,0.135271,0.258011,0.087074,0.178936,0.064401,0.015918,0.170591,0.021990,0.067722,0.145240,0.171861,0.121310,0.034220,0.286035,0.091071,0.244049,0.100785,0.129802,0.202981,0.116816,0.253428,#
12,0.078218,0.126579,0.075222,0.133108,0.173624,0.182927,0.108977,0.070296,0.197146,0.084940,-0.094967,0.123957,1.000000,0.057723,0.225650,0.090030,0.335288,0.159224,0.135597,0.266210,0.119910,0.103700,0.168489,0.187504,-0.010225,0.153137,0.121090,0.110153,0.114879,0.136951,0.019225,0.227827,0.193807,0.135747,0.123687,0.200486,0.185077,-0.018130,0.139592,0.194284,0.078343,-0.006815,0.181272,0.293070,0.192531,0.189545,0.187129,-0.082846,0.113245,0.075404,0.191971,0.109948,0.033856,0.215127,0.120261,0.145754,0.013091,0.117470,0.061401,-0.066797,0.050748,0.215248,0.006971,0.120067,0.252483,0.162453,0.097353,0.120327,0.140759,0.134701,0.111470,0.114092,0.174801,0.031858,0.273550,0.201888,0.175280,-0.018188,0.094594,0.031946,0.184830,0.140829,0.047239,0.041800,0.126806,0.152778,0.101427,0.208844,0.239817,0.028300,0.016924,0.035773,-0.004509,0.101890,0.126143,0.191201,0.314329,0.173688,0.070101,0.031734,0.135696,0.132215,0.074223,0.174218,0.163496,0.110167,0.158992,0.031600,0.024604,0.085175,0.235662,0.019305,0.125333,0.122968,0.119071,0.075035,0.182740,0.025412,0.066161,0.006667,0.153665,0.146051,0.213804,0.208148,0.220052,-0.025991,0.116440,-0.017440,0.001783,0.114260,0.111970,0.121392,0.090948,0.094502,0.094317,0.057190,0.149468,0.169124,0.205040,0.059965,0.138617,0.125127,0.135836,0.088082,0.082414,0.194154,0.063881,0.189668,0.073183,0.113717,0.027140,0.254859,0.103364,0.064057,0.116946,0.185078,0.070365,-0.077157,0.029892,0.107789,0.041492,0.325078,0.189130,0.211719,0.141713,0.055743,0.238697,0.070766,0.003035,0.046630,0.136892,0.138722,0.061880,0.155906,0.111049,0.155033,0.171940,0.229796,0.031783,0.047461,0.163494,0.087028,0.214598,0.098886,0.039360,0.162377,0.083921,0.208019,0.064596,-0.005799,0.106197,0.024006,0.096194,0.098623,0.052505,0.028067,0.127772,0.172567,0.150354,0.028598,#
13,0.094301,0.066178,0.316515,0.140966,0.163588,0.143721,0.259387,0.179669,0.192688,0.177679,0.141339,0.108624,0.057723,1.000000,0.233996,0.095499,0.258029,0.053189,0.185364,0.203693,0.253456,0.163642,0.067532,0.196320,0.007683,0.264713,0.237276,0.212093,0.137158,0.147107,0.154749,0.183352,0.245192,0.169893,0.155860,0.106118,0.067316,0.081528,0.065839,0.165258,0.049387,0.217148,0.231339,0.132183,0.146999,0.170194,0.179564,0.129158,0.183147,0.125656,0.155696,0.227782,0.167258,0.295377,0.136604,0.268717,0.048746,0.229234,0.114163,0.232707,0.199786,0.162310,0.293962,0.080223,0.213619,0.169718,0.344685,0.160086,0.308909,0.191582,0.056326,0.091949,0.143386,0.188796,0.327484,0.196762,0.210440,0.198062,0.257851,0.210186,0.169159,0.288587,0.183219,0.226891,0.234737,0.022890,0.210450,0.224342,0.236091,0.148240,0.116293,0.093636,0.255867,0.243829,0.101181,0.078057,0.214944,0.064812,0.235140,0.243384,0.232915,0.231197,0.227004,0.266649,0.061286,0.232437,0.194827,0.168278,0.286934,0.158816,0.132980,0.192532,0.314595,0.163434,0.303074,0.239649,0.286211,0.229043,0.064645,0.248123,0.223715,0.181688,0.168240,0.203547,0.247739,-0.028899,0.061552,0.000178,0.242308,0.293462,0.084509,0.163654,0.151494,0.131374,0.355192,0.188331,0.136450,0.170546,0.257216,0.148559,-0.025424,0.115514,0.333071,0.188121,0.131838,0.269647,0.222088,0.209798,0.070294,0.224014,0.048555,0.165895,0.185158,0.219095,0.274765,0.233202,-0.018089,0.196621,0.237790,0.254837,0.113743,0.351102,0.143320,0.295694,0.166826,0.197809,0.099595,0.086397,0.182568,0.204333,0.160978,0.301131,0.207822,0.141765,0.188407,0.218995,0.165525,0.207653,0.293136,-0.073180,0.151661,0.181107,0.183617,0.191270,0.113290,0.235115,0.209834,0.121237,0.055197,0.163585,0.145851,0.178721,0.227252,0.186826,0.161054,0.131350,0.101965,0.159351,0.252513,0.213771,#
14,0.224282,0.037481,0.053538,0.125680,0.123007,0.133065,0.042732,0.252696,0.297052,0.236995,0.149366,0.021661,0.225650,0.233996,1.000000,0.284097,0.151955,0.086128,0.203484,0.247224,0.174563,0.070236,0.147398,0.283977,0.071800,0.051102,0.168647,0.174113,0.202604,0.158385,0.018924,0.191820,0.102941,0.130693,0.191518,0.168746,0.122249,0.190112,0.147146,0.245300,0.057082,0.041095,0.165920,0.074290,0.182280,0.234650,0.131174,0.040354,0.020570,0.141316,0.178926,0.100669,0.173159,0.259027,0.281829,0.202172,0.168854,0.108442,0.107875,0.067188,0.203060,0.225890,0.119680,0.109785,0.139924,0.061312,0.123867,0.132326,0.117560,0.207743,0.096113,0.130859,0.168722,0.208852,0.209502,0.162377,0.242077,0.157034,0.105909,0.120693,0.225696,0.229770,0.142230,0.217124,0.166358,0.155983,0.011334,0.163898,0.122440,0.052539,0.068916,0.091207,0.176077,0.146677,0.187903,0.127643,0.263225,0.101531,0.144858,0.081571,0.176914,0.202598,0.145358,0.194587,0.167119,0.135237,0.219552,0.181122,0.019599,0.174736,0.044105,-0.023121,0.166869,0.158650,0.176502,0.163323,0.152748,0.099440,0.152750,0.098796,0.314921,0.228631,0.099291,0.119526,0.161343,0.073466,0.123730,0.176136,0.050148,0.273434,0.087770,0.076756,0.111262,0.050262,0.181134,0.089355,-0.012565,0.177123,0.047235,0.013931,0.193480,0.191336,0.241076,0.118287,0.017468,0.290433,0.113208,0.113850,0.014585,0.069837,0.169521,0.064332,0.048935,0.162376,0.175411,0.213788,0.208472,0.130493,0.079025,0.148938,0.040109,0.139694,0.131551,0.146951,0.156838,0.110272,0.195698,0.071885,0.100303,0.213806,0.207593,0.220477,0.198598,0.163382,0.035423,0.140912,0.297449,0.239634,0.226352,0.066120,0.211220,0.212699,0.146645,0.078637,0.079046,0.109172,0.103264,-0.053120,0.016517,0.174966,-0.017659,0.102162,0.175080,0.205165,0.220495,-0.035685,0.013784,0.134731,0.220371,0.060599,#
15,0.222077,0.032149,0.157856,0.116259,0.172979,0.202075,0.102832,0.087106,0.187345,0.200072,0.143908,0.068376,0.090030,0.095499,0.284097,1.000000,0.221771,0.256912,0.116218,0.177346,0.140390,0.034816,0.170505,0.265377,0.038836,0.240091,0.131623,0.091859,0.160873,0.265095,0.075249,0.200198,0.070266,0.208074,0.078468,0.145881,0.108663,0.069719,0.215068,0.096078,0.090904,0.107717,0.142025,0.139335,0.181708,0.129848,0.013455,0.150043,0.058207,0.186007,-0.085157,0.292970,0.109091,0.128627,0.149266,0.130986,0.138105,0.079244,0.143357,0.183783,0.223606,0.064822,0.212680,0.041008,0.108436,0.234829,0.109338,0.134718,0.113849,0.001312,0.210142,0.114651,0.121336,0.133305,0.122690,0.177896,0.077086,0.230581,0.069998,0.148181,0.256937,0.169214,0.025334,0.240820,0.194092,0.105039,0.092345,0.272221,0.161794,0.090119,0.058492,0.093023,0.144686,0.168965,0.078301,0.094635,0.267696,0.069277,0.125445,0.091252,0.221283,0.110959,0.149470,0.175055,0.019890,0.124478,0.227278,0.144133,0.040191,0.213638,-0.013147,0.203948,0.112789,0.083029,0.105643,0.198645,0.116414,0.021348,0.014703,0.014030,0.217979,0.205597,0.184899,0.185366,0.105231,0.054661,0.150314,0.173355,0.138709,0.276952,-0.006059,0.155959,0.103982,0.176474,0.175812,0.186474,0.003580,0.043559,0.021044,-0.044195,0.027707,0.151391,0.140754,0.086138,0.165912,0.026342,0.127245,0.152849,0.218497,0.060832,0.146514,-0.050632,0.155144,0.267295,0.054909,0.263091,0.168045,0.171001,0.107371,0.202770,0.048172,0.119162,0.323292,0.073177,0.142192,0.206257,0.171033,0.165544,0.183263,0.027199,0.009777,0.193072,0.059535,0.054063,0.101683,0.165215,0.260623,0.149809,0.020138,0.094185,0.221969,0.084319,0.177024,0.291411,0.035721,0.117577,-0.038639,0.140340,-0.012477,0.088191,-0.120424,0.127445,0.153058,0.117271,0.086915,0.150368,0.128395,0.195621,0.135133,0.011099,#
16,0.183467,0.170390,0.072988,0.176254,0.144973,0.154875,0.143103,0.177177,0.096000,0.052590,0.123335,0.060791,0.335288,0.258029,0.151955,0.221771,1.000000,0.135871,0.097184,0.254184,0.286713,0.114043,0.110463,0.211279,0.024565,0.222381,0.192140,-0.013380,0.077982,0.268515,0.106304,0.289837,0.082232,0.334832,0.095542,0.138550,0.157870,0.041169,0.204488,0.154782,0.035235,0.138817,0.199421,0.163394,0.154968,0.245453,0.070685,0.024599,0.107469,0.087434,0.073112,0.150299,0.209662,0.239702,0.211520,0.104313,-0.019192,0.110116,0.177196,0.017722,0.063337,0.249840,0.200167,0.115792,0.171798,0.141423,0.115973,0.298851,0.151100,0.231930,-0.003131,0.135336,0.295495,0.088258,0.178334,0.188820,0.095967,0.246715,0.146465,0.153158,0.135846,0.126111,0.069285,0.193225,0.199266,0.153053,0.213926,0.225214,0.201748,0.145293,0.087264,0.135758,0.126899,0.104954,0.138354,0.108661,0.190440,0.060556,0.167702,0.218953,0.076266,0.046241,-0.014386,0.130534,0.123884,0.196836,0.186050,0.040337,0.071317,0.175724,0.134083,0.147229,0.180548,0.089597,0.276469,0.243950,0.129562,0.113514,0.029711,0.149215,0.212723,0.222219,0.203290,0.271031,0.269844,-0.006721,0.145137,-0.001626,0.106074,0.234854,0.118353,0.090612,0.267183,-0.089829,0.367904,0.291141,0.034151,0.159515,0.146851,0.171929,0.026734,0.148132,0.102990,0.121540,0.242130,0.105645,0.060372,0.155622,0.189634,0.216675,-0.001605,0.226483,0.093103,0.108692,0.190192,0.235504,0.067447,0.054153,0.097599,0.222773,0.044046,0.292623,0.234537,0.227273,0.086213,0.126822,0.257528,0.144417,0.062295,-0.004761,0.045513,0.196730,0.103985,0.026006,0.147197,0.184185,0.098090,0.191678,0.156330,-0.001776,0.082654,0.088586,0.233393,0.043991,0.039645,0.232238,0.155178,0.176349,0.087145,0.068195,0.219478,-0.024958,0.005478,0.108995,0.134434,0.215342,0.075151,0.148676,0.041607,0.115246,#
17,0.230571,0.093315,0.079502,0.199124,0.169274,0.208735,0.104335,0.235890,0.196361,0.041495,0.098232,0.271088,0.159224,0.053189,0.086128,0.256912,0.135871,1.000000,0.035728,0.163855,0.253190,0.084020,0.065497,0.236165,0.046943,0.182082,0.089771,0.035874,-0.017484,0.181810,0.105361,0.144551,0.218277,0.130128,0.054001,0.230962,0.007349,0.115429,0.251153,0.099614,0.245778,0.191361,0.105731,0.179984,0.051126,0.236023,0.131977,0.112039,0.134614,0.073731,0.167292,0.146569,-0.015302,0.173893,0.098197,0.224004,0.188191,0.095514,0.099358,0.057749,0.169100,0.102691,0.091347,0.081557,0.144905,0.244337,0.204586,0.242938,0.107869,0.173385,0.072991,0.152711,0.145271,0.073215,0.124999,0.194121,0.081445,0.135575,0.054253,0.203745,0.177763,0.114780,0.198666,0.064139,0.103814,-0.046972,0.221868,0.130012,0.182156,0.119244,-0.031413,0.004824,0.174338,0.168398,-0.007219,0.163722,0.168770,0.184673,0.089782,0.119144,0.172969,-0.064710,0.111996,0.173344,0.017648,0.177760,0.182947,0.145512,0.083174,0.022068,0.133344,0.142207,0.031047,0.261813,0.120366,0.142465,0.021476,0.045115,-0.028623,0.106460,0.066327,0.207370,0.125032,0.205037,0.295886,0.136323,0.199570,0.072162,0.065681,0.152916,0.162420,0.170718,0.252323,0.104434,0.121938,0.244701,0.114487,0.180677,0.143730,0.227330,0.160123,0.178244,0.148948,0.172919,0.219590,0.141363,0.058356,0.109212,0.048131,-0.008855,0.146421,-0.033001,0.006366,0.167214,0.231974,0.244238,0.142411,0.030864,0.258793,0.175312,0.094070,0.204845,0.260749,0.181495,0.140704,0.176581,0.093890,0.174333,0.135028,0.060421,0.245057,0.052319,0.043490,0.070879,0.139001,0.053539,0.219653,0.111068,-0.052353,0.264241,0.149427,0.206730,0.219643,0.149260,0.006116,0.130392,0.127511,0.150278,0.123844,0.101495,0.040595,0.175450,0.198013,0.096798,0.267730,0.170083,0.058667,0.157211,0.059929,0.184403,#
18,0.179527,0.000209,0.144208,0.242215,0.164455,0.014555,0.094076,0.060634,0.132665,0.042613,0.098118,0.126505,0.135597,0.185364,0.203484,0.116218,0.097184,0.035728,1.000000,0.125868,0.171393,0.131871,0.029267,0.266094,0.153438,0.096388,0.072042,0.250603,0.066877,0.090247,0.031650,0.020280,0.160985,0.096471,0.176335,0.207851,0.156860,0.061680,0.069041,0.280936,0.060762,0.118006,0.126765,0.114326,0.168500,0.083782,0.096300,-0.006639,-0.088709,0.158034,0.081546,0.018389,0.190461,0.173482,0.115483,0.180657,0.098746,0.091806,0.016919,0.015046,0.143503,0.028732,0.192035,0.036005,0.096020,0.146143,0.186997,0.169517,-0.039642,0.022069,0.041757,0.014920,0.082573,0.022529,0.102887,0.123839,0.132930,0.129028,0.158988,0.154423,0.141652,0.055027,0.141452,0.177801,0.141784,-0.082394,0.170085,0.087507,0.097656,0.070990,0.169971,0.009611,0.095503,0.113850,0.131548,0.178927,0.274135,0.070724,0.094980,0.204390,0.117489,0.201430,0.162944,0.138130,0.236672,0.194985,0.093892,0.062217,0.071763,0.086552,0.227322,0.169830,0.229383,0.092788,0.001935,0.064714,0.028911,-0.073440,0.013161,0.092350,0.076376,0.111810,0.129501,-0.002887,0.116862,-0.066570,0.070317,0.116744,0.237101,0.132165,0.072007,0.210948,0.075565,0.144195,0.189408,0.032861,0.038607,0.235106,0.037801,0.116089,0.079412,0.067400,0.161418,0.120097,0.118182,0.204664,0.044407,0.080738,-0.017685,0.072540,0.007253,0.184873,0.093111,0.091140,0.108144,0.175520,0.165985,0.084676,0.009318,0.289759,0.140931,0.133734,0.133829,0.155953,0.097881,0.223628,0.158790,0.083877,0.053322,0.151177,-0.065110,0.114729,0.179281,0.067750,-0.019736,0.231881,0.157722,0.170298,0.190422,0.001889,0.103478,0.049056,0.200297,0.056733,0.099283,0.000150,0.285351,0.025166,0.056573,0.060925,0.110045,0.197394,0.209136,0.120047,0.142249,0.003954,0.035369,0.190086,0.238946,0.079077,#
19,0.254341,0.116771,0.185909,0.170779,0.315912,0.229115,0.031616,0.145665,0.224332,0.283021,0.142777,0.007478,0.266210,0.203693,0.247224,0.177346,0.254184,0.163855,0.125868,1.000000,0.157839,0.125101,0.171926,0.217618,0.012369,0.220019,0.263010,0.086166,0.109186,0.272857,0.092569,0.213966,0.143179,0.149559,0.122685,0.208649,0.112457,-0.020117,0.278419,0.176102,0.156089,0.148739,0.039850,0.071864,0.090630,0.249259,0.263761,0.225251,0.141341,0.168600,0.077299,0.157802,0.048992,0.319644,0.174847,0.253769,0.187417,0.052250,0.142519,0.069063,0.243046,0.230186,0.207966,0.190444,0.308235,0.131266,0.081528,0.248142,0.067941,0.171819,0.188046,0.150275,0.209794,0.105797,0.247794,0.324164,0.124498,0.238647,0.326538,0.143097,0.217238,0.145761,0.167863,0.104564,0.253494,0.076329,0.095535,0.255971,0.193543,-0.013647,0.047353,0.121490,0.249649,0.070580,0.074249,0.158544,0.226147,0.181880,0.013654,0.157092,0.199648,0.148770,0.189550,0.204534,0.215881,0.294413,0.177553,0.331992,0.120779,0.014090,0.089039,0.155645,0.209349,0.255282,0.170194,0.134183,0.230749,0.203893,0.099475,-0.055916,0.234624,0.315238,0.196343,0.238798,0.347323,0.104393,0.279704,0.180803,0.094076,0.242679,0.081724,0.038488,0.202665,0.102571,0.225870,0.164131,0.134132,0.269548,0.101327,0.080306,0.052833,0.201660,0.202207,0.108213,0.162287,0.170132,0.117776,0.194032,0.185902,0.066883,0.114108,0.254509,0.111173,0.203355,0.238350,0.149642,0.160415,0.083452,0.188702,0.185173,0.273427,0.245139,0.191970,0.147278,0.197933,0.204130,0.056900,0.109210,0.215142,0.074560,0.175548,0.197153,0.270073,0.230652,0.096912,0.160471,0.267547,0.270824,0.134656,0.091643,0.053791,0.233432,0.224813,0.236801,0.236902,0.153473,0.130530,0.114016,0.180727,0.128104,0.276548,0.216047,0.055826,0.147762,0.132787,0.176734,0.053217,0.130988,0.248451,0.285718,#
20,0.118642,0.036820,0.302735,0.217090,0.356200,0.188036,0.254966,0.140696,0.211066,0.148775,0.080383,0.102468,0.119910,0.253456,0.174563,0.140390,0.286713,0.253190,0.171393,0.157839,1.000000,0.163295,0.096555,0.246288,0.164122,0.304804,0.174693,0.067541,0.093781,0.182172,0.102618,0.133822,0.203847,0.243981,0.115781,0.213313,0.252370,0.101459,0.227585,0.231837,0.169272,0.296285,0.073240,0.046757,0.272483,0.227361,0.288494,0.047300,0.039351,0.182645,-0.025366,0.206194,0.088890,0.319829,0.210680,0.162983,0.166813,0.205329,0.188619,0.074217,0.216093,0.116330,0.268472,0.087384,0.190770,0.139718,0.171470,0.168232,0.267595,0.250525,0.257088,0.172461,0.229224,0.158822,0.182635,0.049798,0.117555,0.278770,0.174653,0.116030,0.229359,0.210083,0.254867,0.045542,0.224593,0.151403,0.168355,0.195376,0.211939,0.141639,0.161788,0.178347,0.199587,0.249677,0.263512,0.110622,0.191969,0.254830,0.206024,0.064617,0.214026,0.062405,0.194264,0.141113,0.140281,0.193796,0.181647,0.151361,0.051334,0.252389,0.258094,0.260745,0.134261,0.166004,0.152686,0.242198,0.241430,0.146678,-0.010600,0.176506,0.141879,0.227121,0.089380,0.182907,0.223582,0.094658,0.232336,0.176860,0.292342,0.250145,0.236208,0.123970,0.221041,0.081223,0.280705,0.171693,0.176840,0.148016,0.219143,0.120026,0.148283,0.197225,0.121726,0.163082,0.217057,0.158266,0.010679,0.182815,0.164311,0.239245,0.244654,0.181316,0.079589,0.226658,0.201867,0.169087,0.107229,-0.033067,0.134266,0.346180,0.095443,0.297857,0.214751,0.207938,0.216048,0.081474,0.061724,0.199090,0.148914,0.051121,0.187375,0.105800,0.122490,0.077019,0.076510,0.245364,0.072664,0.164175,0.287910,0.134357,0.151649,0.109030,0.161736,0.211214,0.116270,0.008668,0.160713,0.145853,0.130478,0.274979,0.061193,0.135903,0.183322,0.211465,0.177921,0.082760,0.121400,0.207630,0.200883,0.242294,#
21,0.110921,0.146260,0.238793,0.159870,0.155726,0.018262,0.147270,0.196020,0.182843,0.070547,0.049709,0.154683,0.103700,0.163642,0.070236,0.034816,0.114043,0.084020,0.131871,0.125101,0.163295,1.000000,0.029458,0.111198,0.049529,0.040947,0.152671,0.108387,0.186022,0.118146,0.106048,0.145752,0.130416,0.210546,0.043764,0.255657,0.269161,0.185007,0.267822,0.073114,0.009474,0.152816,0.059658,0.121748,0.056657,0.126929,0.172868,0.206231,0.012162,0.045582,0.141070,0.059829,-0.021294,0.098759,0.132636,0.098287,0.091648,0.072589,-0.010651,-0.003458,0.124306,0.004833,0.170422,0.069940,0.268228,0.204514,0.021555,0.161139,0.240802,0.219096,0.244217,0.104343,0.309091,0.238449,0.114824,0.113035,0.017067,0.099574,0.004263,0.138614,0.176372,0.104336,0.078648,-0.087149,0.181979,-0.029710,0.165391,0.046679,0.151875,0.235096,0.011138,-0.038380,0.049417,0.056109,0.132836,0.071838,0.196933,0.137459,-0.009031,0.156898,0.297427,0.218087,0.140814,0.064650,0.095162,0.193138,0.125351,0.078960,0.142045,0.137080,0.168062,0.100684,0.074906,0.229179,0.103384,0.222310,0.246080,0.034473,0.027394,0.143426,0.091131,0.227934,0.077189,0.247311,0.173793,0.008714,0.144398,0.191059,0.075440,0.107380,0.126924,0.116491,0.290148,0.077962,0.108064,0.077660,0.089578,0.052836,0.039536,0.208905,0.117049,0.202029,0.151413,0.125189,0.157149,0.212031,0.144877,0.120272,0.137857,0.006239,0.101551,0.034737,0.060805,0.069843,0.266692,0.129365,-0.032650,0.033177,0.080397,0.107356,0.164834,0.291476,0.166472,0.149644,0.183131,0.017041,0.058691,0.129777,0.015015,0.202386,0.060809,0.075542,0.167056,0.081649,0.042243,0.218638,0.152184,0.168545,0.077268,0.088651,0.089326,0.147090,-0.022847,0.120286,0.001051,0.114320,0.153345,0.142733,0.150101,0.138448,0.196522,0.034560,0.270502,0.155578,0.245423,0.126686,0.144294,0.198944,0.179298,0.161323,#
