0,1.000000,0.686487,0.671993,0.687407,0.608528,0.689531,0.643906,0.685929,0.643684,0.653607,0.656435,0.692059,0.681099,0.618546,0.686143,0.606061,0.672313,0.688910,0.672435,0.666219,0.659922,0.635983,0.658676,0.667805,0.644596,0.679813,0.700528,0.668834,0.598958,0.627562,0.664460,0.633020,0.637642,0.600691,0.691169,0.666979,0.693094,0.684656,0.679355,0.714102,0.656808,0.651798,0.664627,0.690377,0.635376,0.635891,0.714652,0.670620,0.660106,0.721569,0.689408,0.623097,0.666949,0.698784,0.652073,0.710621,0.645074,0.709358,0.671100,0.692322,0.699341,0.582820,0.671218,0.668036,0.666660,0.685838,0.694655,0.703056,0.666123,0.633049,0.695821,0.682561,0.749271,0.659482,0.686357,0.672841,0.658474,0.678392,0.660812,0.665884,0.752739,0.683814,0.683803,0.683090,0.641001,0.712977,0.648611,0.588746,0.606261,0.675590,0.642927,0.637628,0.594465,0.685737,0.648438,0.678454,0.617729,0.629781,0.676820,0.694702,0.666141,0.663301,0.622820,0.660164,0.702867,0.602795,0.593924,0.667041,0.692412,0.679877,0.703489,0.621852,0.684905,0.594077,0.634321,0.734929,0.609026,0.624411,0.671452,0.647674,0.607572,0.732478,0.676716,0.722943,0.647949,0.667733,0.635205,0.658861,0.638912,0.612233,0.652739,0.670466,0.668480,0.638335,0.651911,0.628826,0.652836,0.724172,0.645953,0.642569,0.629699,0.668671,0.573740,0.699953,0.707150,0.626936,0.680963,0.576118,0.673688,0.668952,0.661510,0.601491,0.675071,0.591239,0.642442,0.628596,0.637096,0.688121,0.665160,0.699149,0.694403,0.734383,0.658306,0.660081,0.698324,0.701840,0.689870,0.617328,0.673415,0.681036,0.685068,0.645880,0.696317,0.710112,0.732934,0.582233,0.626019,0.680784,0.682086,0.677348,0.658076,0.683724,0.592141,0.606717,0.653520,0.635184,0.671624,0.669704,0.637374,0.699965,0.645964,0.672417,0.652806,0.641976,0.640820,0.620545,0.656909,0.676228,0.709871,0.654240,#
1,0.686487,1.000000,0.715099,0.730846,0.652935,0.729761,0.665454,0.661920,0.665719,0.684492,0.708438,0.652375,0.694330,0.710612,0.640795,0.653228,0.667690,0.670567,0.712400,0.673009,0.739797,0.759186,0.689486,0.730034,0.679378,0.640360,0.726376,0.700336,0.602446,0.616845,0.727334,0.728819,0.706469,0.683780,0.707547,0.735131,0.623237,0.736240,0.693184,0.717681,0.687594,0.652132,0.630476,0.681674,0.674071,0.722576,0.737070,0.696401,0.703260,0.727308,0.677781,0.708260,0.695061,0.659323,0.716921,0.717554,0.642419,0.720643,0.729441,0.687431,0.664012,0.660258,0.642148,0.645562,0.685908,0.690213,0.758621,0.699362,0.733667,0.710201,0.697386,0.731830,0.790848,0.685483,0.697470,0.694575,0.672569,0.719349,0.699434,0.690420,0.736997,0.707455,0.768843,0.697717,0.704748,0.690919,0.653478,0.636821,0.686146,0.708910,0.687757,0.653108,0.683791,0.696698,0.638548,0.634249,0.677017,0.644791,0.665944,0.713592,0.713027,0.715824,0.677153,0.708556,0.712488,0.663172,0.635165,0.709286,0.700366,0.665445,0.698198,0.680852,0.676174,0.625400,0.655151,0.683623,0.684345,0.737892,0.668955,0.637552,0.693263,0.721216,0.624444,0.724942,0.620866,0.659084,0.700834,0.680366,0.720591,0.697511,0.654712,0.726978,0.654071,0.741321,0.698616,0.650802,0.632158,0.660905,0.703192,0.625391,0.687542,0.676192,0.620872,0.685423,0.686306,0.671287,0.711288,0.610244,0.636092,0.691815,0.690811,0.698415,0.671281,0.654383,0.693671,0.649879,0.666508,0.702977,0.625876,0.682825,0.663905,0.714676,0.731160,0.715529,0.693868,0.667657,0.700839,0.671785,0.608154,0.678600,0.729203,0.623674,0.710737,0.720911,0.735998,0.637019,0.660331,0.751714,0.654830,0.695142,0.697222,0.660603,0.637726,0.642517,0.634269,0.714867,0.699134,0.599802,0.672576,0.681538,0.658247,0.685672,0.646408,0.736859,0.715367,0.656995,0.679599,0.670478,0.703525,0.652272,#
2,0.671993,0.715099,1.000000,0.662261,0.547873,0.699524,0.662412,0.671249,0.630010,0.683009,0.708865,0.617091,0.633886,0.630183,0.633541,0.624501,0.640606,0.695210,0.662812,0.672282,0.635469,0.670446,0.574528,0.667367,0.654332,0.606734,0.719862,0.689687,0.637150,0.635897,0.712561,0.651307,0.689138,0.653023,0.689889,0.681026,0.687934,0.671965,0.700228,0.702517,0.687035,0.685104,0.631868,0.622705,0.611726,0.675057,0.747506,0.646739,0.662851,0.764367,0.634240,0.627485,0.639603,0.685572,0.729661,0.685181,0.678880,0.684149,0.642252,0.673503,0.674737,0.679576,0.657206,0.708969,0.650117,0.658542,0.761670,0.626073,0.728604,0.688334,0.729452,0.700117,0.736023,0.691901,0.689805,0.696983,0.673303,0.747088,0.674438,0.725743,0.726569,0.697189,0.703575,0.705663,0.709442,0.709082,0.668423,0.713160,0.679761,0.651049,0.708379,0.662268,0.652956,0.648185,0.675926,0.664687,0.611220,0.644162,0.724521,0.645718,0.674007,0.618563,0.607812,0.659824,0.685380,0.694862,0.670420,0.641369,0.736508,0.684149,0.690771,0.617011,0.695248,0.583322,0.639334,0.654600,0.599458,0.636228,0.682844,0.629842,0.637080,0.706065,0.627193,0.682113,0.656406,0.675179,0.651427,0.649247,0.653354,0.710190,0.679450,0.751481,0.717502,0.734220,0.667971,0.643941,0.582725,0.634220,0.660956,0.616286,0.668541,0.646214,0.597513,0.647001,0.688436,0.717512,0.679764,0.655140,0.650768,0.643767,0.655005,0.623799,0.653484,0.666817,0.636710,0.671739,0.642122,0.651322,0.593627,0.642323,0.643663,0.595980,0.667555,0.666876,0.634909,0.719892,0.736274,0.614449,0.604579,0.648566,0.698316,0.627704,0.675609,0.660383,0.710365,0.638722,0.660384,0.692201,0.648323,0.660470,0.666466,0.713765,0.647351,0.691148,0.641940,0.652601,0.646344,0.638216,0.692536,0.649979,0.637687,0.681113,0.655690,0.691988,0.654861,0.709804,0.665633,0.701005,0.674383,0.646434,#
3,0.687407,0.730846,0.662261,1.000000,0.653840,0.674751,0.626506,0.654338,0.650852,0.677261,0.645247,0.644503,0.676585,0.657143,0.610746,0.613432,0.655866,0.646018,0.663293,0.639815,0.689720,0.681425,0.611571,0.624543,0.688287,0.694840,0.672253,0.675581,0.611773,0.597669,0.663917,0.695956,0.646077,0.674667,0.674359,0.663677,0.636862,0.685781,0.606774,0.723125,0.655370,0.651920,0.605903,0.632589,0.642361,0.680070,0.716933,0.679462,0.723711,0.695797,0.668709,0.623665,0.664261,0.622987,0.698919,0.672363,0.580422,0.673475,0.737354,0.694924,0.629145,0.628973,0.602225,0.658590,0.698533,0.700626,0.679326,0.663212,0.643969,0.665034,0.649685,0.679146,0.742672,0.693290,0.661712,0.662107,0.641045,0.671544,0.677474,0.691161,0.721011,0.635831,0.683053,0.682466,0.655744,0.687480,0.630387,0.634647,0.654106,0.672891,0.606422,0.647081,0.662896,0.675478,0.659961,0.658257,0.595480,0.613497,0.624091,0.688774,0.660034,0.624446,0.585648,0.628193,0.674278,0.608920,0.636895,0.671431,0.645734,0.653968,0.632725,0.645558,0.636046,0.627910,0.649141,0.687593,0.643194,0.642290,0.657062,0.601848,0.597457,0.656949,0.596594,0.679809,0.621659,0.663238,0.681259,0.643851,0.637201,0.671966,0.621110,0.680861,0.643696,0.705681,0.681209,0.652120,0.653438,0.641286,0.659978,0.623783,0.643378,0.646930,0.579656,0.616519,0.634721,0.708445,0.645987,0.604094,0.632536,0.589268,0.628000,0.619859,0.645054,0.634198,0.638497,0.609596,0.674920,0.669877,0.590651,0.677479,0.712873,0.709075,0.656899,0.723294,0.670014,0.672099,0.659159,0.598432,0.636401,0.637115,0.673220,0.650302,0.650352,0.678502,0.657855,0.642549,0.638475,0.652680,0.687933,0.660554,0.638117,0.703575,0.596966,0.647837,0.599032,0.666788,0.628183,0.560496,0.693031,0.678229,0.611486,0.635619,0.654313,0.642969,0.665729,0.641267,0.667189,0.676782,0.654173,0.661885,#
4,0.608528,0.652935,0.547873,0.653840,1.000000,0.664022,0.652969,0.581789,0.543411,0.623219,0.603813,0.619342,0.566190,0.608202,0.572481,0.590555,0.585827,0.633989,0.574986,0.637843,0.641925,0.644468,0.610795,0.649555,0.611096,0.582569,0.598779,0.613056,0.581886,0.586815,0.693323,0.609927,0.620819,0.559808,0.619842,0.651891,0.589151,0.625269,0.601555,0.698592,0.587529,0.577797,0.564981,0.621953,0.626435,0.598747,0.681900,0.609838,0.643715,0.646622,0.659481,0.593219,0.598092,0.509638,0.628831,0.644679,0.560925,0.646619,0.689990,0.625183,0.540837,0.588481,0.629040,0.589094,0.679874,0.701050,0.675453,0.588085,0.610760,0.612592,0.645104,0.661408,0.633575,0.612057,0.621826,0.618184,0.610069,0.637210,0.647801,0.620592,0.595112,0.612495,0.670586,0.573754,0.633439,0.573122,0.548573,0.583702,0.629463,0.669392,0.583293,0.545527,0.557870,0.618377,0.591489,0.606679,0.612822,0.548096,0.553410,0.589898,0.631647,0.669435,0.593390,0.605471,0.614028,0.541673,0.615116,0.592948,0.648254,0.642791,0.548115,0.596395,0.646054,0.653638,0.588047,0.603283,0.554202,0.688589,0.586274,0.551734,0.575102,0.613543,0.621162,0.621861,0.589016,0.635299,0.607205,0.566997,0.689466,0.616704,0.661789,0.654387,0.582169,0.627826,0.656050,0.609314,0.587822,0.661222,0.590863,0.570976,0.587872,0.668302,0.604944,0.639365,0.604749,0.612902,0.626296,0.527913,0.578475,0.614486,0.610129,0.676561,0.574079,0.503357,0.655793,0.580973,0.656395,0.649221,0.606839,0.601081,0.570240,0.655140,0.655459,0.640082,0.656292,0.616493,0.626580,0.551633,0.573513,0.588079,0.581751,0.609238,0.621217,0.633115,0.653617,0.588011,0.609378,0.657726,0.620180,0.667408,0.676439,0.588768,0.615068,0.579452,0.641848,0.644206,0.624758,0.649445,0.594301,0.617045,0.595797,0.556631,0.604346,0.620830,0.615375,0.526146,0.576782,0.643041,0.651303,0.542254,#
5,0.689531,0.729761,0.699524,0.674751,0.664022,1.000000,0.647016,0.657652,0.647534,0.661182,0.639553,0.618123,0.646977,0.640215,0.627819,0.616982,0.643934,0.660108,0.686682,0.720539,0.642285,0.646488,0.605526,0.668628,0.693580,0.697134,0.711649,0.703242,0.590682,0.634885,0.677098,0.664948,0.659621,0.677648,0.686153,0.704958,0.670404,0.655364,0.637474,0.709774,0.636146,0.655424,0.618068,0.652066,0.649673,0.676840,0.682090,0.710274,0.670672,0.716937,0.684649,0.611816,0.638627,0.635869,0.705210,0.748117,0.615763,0.673400,0.714593,0.682205,0.615417,0.600398,0.665115,0.688609,0.652279,0.673837,0.683972,0.642919,0.679610,0.693399,0.741542,0.707434,0.721647,0.673217,0.699019,0.658161,0.619605,0.729854,0.659505,0.665164,0.697541,0.656251,0.702900,0.662387,0.649507,0.641249,0.604356,0.630521,0.690599,0.636474,0.700241,0.613859,0.598043,0.679430,0.631456,0.570422,0.676404,0.635439,0.684622,0.611115,0.701292,0.660883,0.709090,0.674357,0.668126,0.625845,0.657068,0.667450,0.648730,0.683205,0.631620,0.637606,0.690858,0.592047,0.578963,0.626527,0.700740,0.705925,0.652040,0.628743,0.609530,0.688867,0.625590,0.719850,0.615207,0.671837,0.711593,0.605257,0.687916,0.635591,0.658402,0.732046,0.689590,0.710387,0.675121,0.585411,0.587543,0.681790,0.626114,0.612303,0.641369,0.612897,0.622854,0.658369,0.757882,0.657341,0.650759,0.649710,0.648992,0.702393,0.683020,0.651298,0.698033,0.608386,0.695534,0.611696,0.671611,0.658413,0.619083,0.640286,0.649793,0.712050,0.680212,0.669007,0.680615,0.645746,0.607624,0.650810,0.630983,0.635671,0.702653,0.679657,0.666973,0.675880,0.681991,0.652172,0.669144,0.690868,0.687905,0.703202,0.685195,0.639697,0.565257,0.618994,0.636517,0.677319,0.680696,0.653728,0.713079,0.700332,0.616851,0.695423,0.606371,0.702477,0.636020,0.621417,0.621279,0.712947,0.668975,0.646014,#
6,0.643906,0.665454,0.662412,0.626506,0.652969,0.647016,1.000000,0.606603,0.642281,0.683098,0.708749,0.651724,0.634972,0.667776,0.541341,0.739772,0.679921,0.713111,0.676102,0.612075,0.640780,0.643237,0.572515,0.640688,0.692736,0.665735,0.669428,0.681203,0.612979,0.618918,0.685534,0.695268,0.654819,0.673063,0.652446,0.682823,0.664963,0.670186,0.603438,0.686426,0.683422,0.677413,0.687113,0.691175,0.637870,0.593674,0.723818,0.685387,0.685967,0.737787,0.644463,0.625383,0.632833,0.535924,0.676326,0.655683,0.636929,0.700951,0.692542,0.638665,0.657217,0.676090,0.644305,0.604692,0.709705,0.657753,0.734796,0.665820,0.698459,0.615722,0.712692,0.733120,0.690018,0.655734,0.663379,0.664089,0.702293,0.735572,0.706791,0.663232,0.683828,0.671604,0.656005,0.719153,0.661826,0.617201,0.643180,0.630088,0.666895,0.660517,0.653478,0.635760,0.597855,0.689110,0.626261,0.648707,0.664378,0.630204,0.625701,0.649151,0.684916,0.681877,0.639043,0.662981,0.720472,0.595253,0.690086,0.658094,0.728461,0.651565,0.599436,0.607138,0.668708,0.656329,0.607056,0.685830,0.577902,0.668815,0.594108,0.649729,0.595770,0.693805,0.565167,0.675415,0.632835,0.635840,0.619760,0.636538,0.634794,0.636697,0.684872,0.685538,0.630971,0.640376,0.670585,0.605448,0.677748,0.633526,0.686759,0.668277,0.667039,0.635179,0.613691,0.652936,0.660809,0.703319,0.660915,0.647885,0.616266,0.639304,0.649722,0.682085,0.608951,0.616754,0.619108,0.626514,0.623700,0.590803,0.582414,0.695148,0.632095,0.655273,0.658521,0.652324,0.646677,0.687192,0.717027,0.584031,0.614043,0.649018,0.630381,0.695620,0.606062,0.623401,0.674515,0.677588,0.655724,0.684583,0.656739,0.666316,0.685854,0.651279,0.646739,0.634697,0.618356,0.630798,0.689380,0.628640,0.641247,0.665675,0.649204,0.656291,0.609684,0.668255,0.673108,0.672587,0.683847,0.676586,0.683833,0.653637,#
7,0.685929,0.661920,0.671249,0.654338,0.581789,0.657652,0.606603,1.000000,0.668018,0.620912,0.624383,0.594613,0.655829,0.641515,0.635916,0.574266,0.602562,0.673361,0.658855,0.649657,0.670859,0.634162,0.661046,0.616348,0.636681,0.676109,0.636846,0.601934,0.607932,0.659133,0.641773,0.645907,0.642074,0.617154,0.667533,0.674629,0.622803,0.671827,0.682315,0.698856,0.657227,0.668704,0.564888,0.607666,0.605534,0.648254,0.696193,0.705207,0.698582,0.681213,0.624736,0.640992,0.646719,0.614195,0.697349,0.632328,0.635826,0.632016,0.697395,0.723411,0.589159,0.640640,0.665673,0.643841,0.675311,0.660595,0.729844,0.600157,0.625056,0.581030,0.692894,0.624847,0.700720,0.675608,0.652235,0.640716,0.628150,0.664964,0.618273,0.636008,0.711527,0.627705,0.699380,0.662291,0.638339,0.681231,0.622724,0.626054,0.609886,0.652214,0.659737,0.629518,0.630789,0.641763,0.660689,0.651914,0.655726,0.689627,0.675382,0.626892,0.665298,0.617664,0.562120,0.606582,0.677688,0.609022,0.597537,0.662590,0.684273,0.607149,0.694292,0.608559,0.679196,0.597114,0.654958,0.664095,0.569362,0.617450,0.632831,0.673609,0.617187,0.656239,0.638249,0.648463,0.639486,0.662176,0.607106,0.643307,0.606870,0.637343,0.620445,0.697975,0.675081,0.599383,0.640641,0.644777,0.585543,0.700568,0.627733,0.612026,0.611628,0.613822,0.604369,0.624697,0.694961,0.644020,0.661740,0.561866,0.574936,0.651035,0.583655,0.652131,0.631211,0.577239,0.627438,0.687922,0.639196,0.666892,0.606771,0.623903,0.664595,0.616589,0.685698,0.619618,0.656898,0.652962,0.655327,0.569794,0.551674,0.580205,0.681414,0.615040,0.645371,0.699075,0.678730,0.566275,0.585773,0.628217,0.655361,0.661470,0.660809,0.628598,0.607378,0.626880,0.622142,0.642751,0.675574,0.606401,0.649677,0.674777,0.635587,0.653288,0.597337,0.624659,0.651197,0.609861,0.640424,0.690324,0.692790,0.591731,#
8,0.643684,0.665719,0.630010,0.650852,0.543411,0.647534,0.642281,0.668018,1.000000,0.646737,0.641168,0.671310,0.649336,0.661400,0.610003,0.643920,0.592991,0.645964,0.579493,0.668074,0.656220,0.658998,0.581189,0.639138,0.664087,0.645238,0.642256,0.595586,0.577814,0.604860,0.668775,0.646581,0.634548,0.603312,0.625752,0.745871,0.625616,0.664339,0.612779,0.644579,0.606305,0.583975,0.682811,0.649150,0.604605,0.577997,0.664076,0.606900,0.683893,0.678308,0.634588,0.628606,0.633651,0.600549,0.639170,0.656715,0.614994,0.655708,0.636005,0.618089,0.632046,0.645530,0.678014,0.665496,0.656815,0.671923,0.710939,0.660904,0.691253,0.607014,0.665658,0.702001,0.736781,0.633833,0.656194,0.626122,0.612450,0.679081,0.634926,0.644653,0.678331,0.624102,0.649521,0.642965,0.641764,0.617805,0.632459,0.638210,0.592671,0.576141,0.669208,0.623294,0.579247,0.604555,0.585110,0.589140,0.655122,0.662727,0.704608,0.668521,0.642111,0.569641,0.660062,0.671302,0.606586,0.628051,0.628042,0.615471,0.610255,0.681402,0.595270,0.593867,0.653588,0.574175,0.552724,0.644343,0.603347,0.601449,0.608732,0.660158,0.578564,0.633843,0.616795,0.691838,0.602031,0.635567,0.569056,0.603570,0.663548,0.659813,0.597721,0.709495,0.643905,0.609330,0.603997,0.648781,0.598518,0.631550,0.636979,0.597907,0.636724,0.608782,0.602268,0.548418,0.678611,0.609329,0.614700,0.633426,0.588684,0.667128,0.597527,0.662422,0.604407,0.685037,0.607148,0.611216,0.634936,0.669980,0.661234,0.618524,0.653657,0.598730,0.643774,0.615610,0.615037,0.636105,0.624136,0.637831,0.623249,0.569146,0.630566,0.656485,0.562692,0.662146,0.680205,0.589079,0.605077,0.651421,0.626122,0.630375,0.661823,0.637693,0.605111,0.610760,0.587087,0.577776,0.705787,0.594536,0.605146,0.676365,0.668423,0.653798,0.626221,0.649392,0.618686,0.573220,0.569844,0.640570,0.643023,0.675415,#
9,0.653607,0.684492,0.683009,0.677261,0.623219,0.661182,0.683098,0.620912,0.646737,1.000000,0.669680,0.611882,0.648976,0.673588,0.671839,0.634678,0.627770,0.707426,0.608108,0.610592,0.686564,0.651094,0.588919,0.654613,0.672772,0.619008,0.681385,0.712816,0.567954,0.653955,0.672874,0.668194,0.656200,0.636353,0.654287,0.676774,0.657282,0.659758,0.656892,0.712826,0.642833,0.677877,0.603309,0.615005,0.648265,0.646827,0.674043,0.677657,0.723392,0.712857,0.669843,0.611358,0.557192,0.581114,0.652909,0.676991,0.688320,0.726662,0.611264,0.684367,0.648478,0.639040,0.650384,0.629857,0.630674,0.706452,0.717517,0.650142,0.717913,0.627994,0.674120,0.699193,0.696182,0.660813,0.666364,0.675414,0.698070,0.731240,0.649815,0.724483,0.707049,0.681936,0.691834,0.724381,0.678254,0.647081,0.663084,0.689300,0.674329,0.682120,0.670208,0.591708,0.667939,0.629505,0.681200,0.627604,0.600699,0.622856,0.659752,0.663845,0.727852,0.691245,0.647637,0.656296,0.686009,0.635029,0.616120,0.700880,0.698434,0.692966,0.656824,0.667845,0.662069,0.607320,0.624031,0.722086,0.543463,0.673857,0.661251,0.663460,0.555369,0.675792,0.622804,0.673744,0.662693,0.658268,0.639692,0.640548,0.662984,0.614198,0.617545,0.715630,0.663016,0.660174,0.680869,0.603297,0.623541,0.669097,0.646684,0.634640,0.699470,0.696444,0.672500,0.704868,0.722512,0.734733,0.655994,0.667465,0.630907,0.646175,0.626816,0.653999,0.648621,0.636867,0.617983,0.628940,0.625686,0.699149,0.648001,0.700858,0.664314,0.689240,0.699820,0.687950,0.655910,0.693158,0.612668,0.641613,0.683034,0.635736,0.657984,0.645409,0.657883,0.626070,0.690200,0.717072,0.676618,0.705450,0.620105,0.707256,0.710693,0.686786,0.684720,0.614314,0.665278,0.673307,0.677638,0.635126,0.673633,0.641754,0.601473,0.651783,0.605101,0.633775,0.613412,0.632103,0.678778,0.682020,0.682286,0.601028,#
10,0.656435,0.708438,0.708865,0.645247,0.603813,0.639553,0.708749,0.624383,0.641168,0.669680,1.000000,0.660190,0.666424,0.676417,0.592191,0.652227,0.660846,0.663735,0.709929,0.638216,0.652646,0.663178,0.619876,0.696908,0.658523,0.662807,0.681039,0.712081,0.656862,0.653149,0.671757,0.642757,0.646432,0.659451,0.657042,0.677749,0.690095,0.680870,0.627882,0.655794,0.690824,0.628499,0.654541,0.623894,0.621930,0.682836,0.756701,0.676090,0.680518,0.740010,0.636130,0.684272,0.636030,0.579384,0.675308,0.703911,0.677512,0.739643,0.642300,0.698607,0.668414,0.674762,0.714121,0.674044,0.675997,0.628635,0.742683,0.636870,0.709237,0.627214,0.755889,0.729430,0.731648,0.615580,0.705704,0.727151,0.640996,0.718334,0.708085,0.639385,0.728832,0.632665,0.692019,0.671153,0.660059,0.642720,0.683312,0.625370,0.671090,0.724679,0.617431,0.676231,0.679828,0.617875,0.623529,0.653255,0.644507,0.677529,0.652905,0.667235,0.665436,0.633708,0.642512,0.692690,0.676858,0.663574,0.687395,0.627532,0.678986,0.684891,0.678964,0.617191,0.710152,0.654755,0.624723,0.701868,0.591432,0.671788,0.626391,0.644327,0.652944,0.714259,0.577930,0.675341,0.604949,0.634141,0.681664,0.632813,0.683720,0.682087,0.654131,0.703655,0.649376,0.684911,0.709998,0.701110,0.610882,0.665664,0.703971,0.673582,0.673778,0.667692,0.635718,0.696087,0.680982,0.695088,0.679571,0.632153,0.649596,0.697526,0.611952,0.647128,0.644415,0.628034,0.680760,0.626949,0.679300,0.686932,0.614280,0.644827,0.680975,0.632244,0.657388,0.686030,0.660142,0.662324,0.701279,0.611159,0.641962,0.671634,0.621702,0.696037,0.617038,0.645840,0.728170,0.663453,0.635799,0.683209,0.614834,0.692409,0.654267,0.631770,0.667531,0.645394,0.595455,0.660645,0.682731,0.664613,0.622688,0.688239,0.641585,0.641954,0.610826,0.735410,0.661182,0.621456,0.668517,0.687614,0.686210,0.694099,#
11,0.692059,0.652375,0.617091,0.644503,0.619342,0.618123,0.651724,0.594613,0.671310,0.611882,0.660190,1.000000,0.660067,0.680216,0.660040,0.637078,0.610593,0.672129,0.680384,0.640826,0.635707,0.646830,0.644871,0.665691,0.650244,0.648531,0.651214,0.641444,0.602341,0.579111,0.711435,0.685028,0.678277,0.660397,0.605842,0.688564,0.677546,0.711321,0.636271,0.640033,0.660936,0.592457,0.630980,0.622964,0.624953,0.569936,0.709524,0.672143,0.688573,0.698920,0.596608,0.596175,0.664608,0.605715,0.655257,0.658011,0.598105,0.724714,0.671275,0.724439,0.598885,0.611045,0.704926,0.630027,0.669521,0.627893,0.715914,0.689074,0.676387,0.675635,0.647411,0.662725,0.727112,0.651982,0.737315,0.691687,0.691648,0.710186,0.652772,0.612872,0.650943,0.621293,0.720048,0.665305,0.649276,0.612388,0.613758,0.636667,0.626045,0.605853,0.654235,0.630764,0.591660,0.659308,0.569286,0.644505,0.625093,0.647353,0.649332,0.651067,0.648112,0.669019,0.671980,0.631190,0.675138,0.628747,0.658622,0.648540,0.684982,0.655565,0.658706,0.673280,0.675195,0.607058,0.594983,0.661684,0.615632,0.642104,0.624005,0.664784,0.594898,0.648250,0.623454,0.737501,0.629855,0.618506,0.649391,0.674776,0.716034,0.671867,0.678855,0.668595,0.684167,0.662095,0.678938,0.680192,0.641774,0.684130,0.642020,0.639344,0.635492,0.583001,0.652358,0.675881,0.670683,0.621817,0.667952,0.594777,0.588116,0.603919,0.645492,0.623630,0.636921,0.679848,0.636797,0.602879,0.668776,0.639979,0.608781,0.658110,0.667935,0.673080,0.683007,0.689413,0.704663,0.672260,0.680329,0.619073,0.610824,0.671647,0.668157,0.621330,0.664828,0.709160,0.681974,0.634984,0.633109,0.627696,0.642168,0.669943,0.655827,0.627798,0.664189,0.598403,0.626846,0.580002,0.683433,0.634220,0.594149,0.634439,0.660323,0.687490,0.645339,0.644129,0.639333,0.615261,0.624903,0.681771,0.692853,0.610822,#
12,0.681099,0.694330,0.633886,0.676585,0.566190,0.646977,0.634972,0.655829,0.649336,0.648976,0.666424,0.660067,1.000000,0.666902,0.619101,0.601475,0.583688,0.638970,0.689961,0.593811,0.652635,0.610568,0.637634,0.641647,0.680032,0.658823,0.641106,0.653979,0.606915,0.587579,0.664112,0.612709,0.630949,0.674375,0.689933,0.686513,0.629245,0.663153,0.608202,0.641539,0.606825,0.562635,0.592453,0.639543,0.659284,0.645515,0.744338,0.663239,0.681210,0.727181,0.690929,0.571169,0.615641,0.628238,0.678252,0.671932,0.611035,0.632377,0.670484,0.655326,0.592524,0.651326,0.676113,0.604633,0.664939,0.661937,0.662798,0.636697,0.709868,0.646025,0.664569,0.694482,0.716751,0.663183,0.677395,0.672042,0.633938,0.709958,0.665953,0.709063,0.708687,0.655875,0.698387,0.627037,0.638365,0.666095,0.583092,0.647317,0.602231,0.635623,0.707124,0.614220,0.656861,0.656784,0.572075,0.643085,0.677471,0.586242,0.620034,0.618167,0.644241,0.659303,0.642052,0.645440,0.646454,0.612401,0.612293,0.664246,0.683343,0.641303,0.662275,0.647762,0.660306,0.580496,0.672480,0.672627,0.513227,0.610811,0.654308,0.646851,0.597049,0.698299,0.603402,0.689310,0.610463,0.712656,0.626797,0.628875,0.639522,0.634694,0.543286,0.619232,0.615184,0.628824,0.619994,0.605926,0.588269,0.631176,0.621127,0.548650,0.656254,0.608486,0.573963,0.670247,0.588100,0.638183,0.676824,0.605536,0.604633,0.671342,0.642409,0.594816,0.643597,0.585674,0.634054,0.666772,0.679787,0.718810,0.672175,0.614865,0.648996,0.675501,0.666720,0.637790,0.692039,0.596977,0.633715,0.674278,0.598545,0.642292,0.680612,0.567680,0.683216,0.636478,0.678858,0.592673,0.692268,0.683468,0.557338,0.615584,0.647277,0.659501,0.624039,0.589339,0.553978,0.604613,0.650880,0.621906,0.658302,0.638799,0.614895,0.625258,0.556833,0.639331,0.594842,0.653285,0.628114,0.660589,0.698642,0.602262,#
13,0.618546,0.710612,0.630183,0.657143,0.608202,0.640215,0.667776,0.641515,0.661400,0.673588,0.676417,0.680216,0.666902,1.000000,0.621940,0.608843,0.576264,0.693161,0.704265,0.640513,0.675418,0.637462,0.677473,0.648363,0.659900,0.689200,0.647218,0.685338,0.620576,0.677202,0.633133,0.652932,0.670164,0.688800,0.583656,0.662921,0.665733,0.713258,0.626897,0.697568,0.748363,0.647600,0.660474,0.617477,0.687212,0.676889,0.678304,0.683112,0.734533,0.698235,0.657280,0.678205,0.613892,0.592078,0.694628,0.691891,0.684891,0.731372,0.717094,0.703990,0.624448,0.672091,0.642991,0.656536,0.709466,0.696282,0.751276,0.699290,0.699217,0.635924,0.646089,0.690148,0.741736,0.707702,0.688836,0.677377,0.688594,0.708977,0.688123,0.665170,0.702747,0.655186,0.693895,0.729489,0.634837,0.706375,0.590498,0.641514,0.725475,0.641902,0.636229,0.697390,0.651852,0.674736,0.616730,0.615812,0.631685,0.629947,0.647847,0.684216,0.674559,0.650400,0.710636,0.673262,0.702921,0.666263,0.636721,0.681602,0.671010,0.672643,0.632015,0.640395,0.690091,0.635609,0.662214,0.691660,0.596100,0.649460,0.660280,0.631442,0.665121,0.681869,0.646279,0.660164,0.622680,0.659153,0.670192,0.636458,0.677127,0.657839,0.645448,0.638585,0.640220,0.687348,0.671555,0.653304,0.654717,0.691613,0.721024,0.606114,0.675880,0.667759,0.658132,0.665627,0.656352,0.669467,0.683004,0.629564,0.659308,0.631722,0.658931,0.650807,0.647043,0.653580,0.615883,0.621174,0.689149,0.646298,0.635666,0.661655,0.689319,0.668753,0.694619,0.672426,0.693776,0.672872,0.709085,0.651591,0.632231,0.655290,0.658854,0.681102,0.680547,0.702364,0.725483,0.674751,0.683307,0.685983,0.649853,0.688599,0.703543,0.645641,0.705137,0.632339,0.633328,0.673103,0.639219,0.627674,0.626297,0.695922,0.684668,0.655870,0.633354,0.694485,0.671062,0.627787,0.646214,0.734902,0.700582,0.623359,#
14,0.686143,0.640795,0.633541,0.610746,0.572481,0.627819,0.541341,0.635916,0.610003,0.671839,0.592191,0.660040,0.619101,0.621940,1.000000,0.561000,0.579685,0.646788,0.546788,0.635433,0.590744,0.634449,0.613445,0.695225,0.615950,0.569610,0.643824,0.629794,0.552326,0.594170,0.723786,0.584871,0.614425,0.586161,0.644794,0.645347,0.628435,0.648470,0.670253,0.605631,0.607777,0.611052,0.566482,0.591306,0.578661,0.645353,0.671594,0.597930,0.625377,0.622342,0.576948,0.612201,0.582994,0.594048,0.636731,0.655102,0.624651,0.623713,0.665504,0.594038,0.602014,0.605437,0.645467,0.610122,0.612543,0.619024,0.663216,0.594032,0.669880,0.606879,0.651707,0.600211,0.694428,0.623966,0.685883,0.659176,0.585651,0.659536,0.568057,0.589354,0.654132,0.596994,0.685801,0.670115,0.611408,0.618053,0.557858,0.602450,0.630317,0.584695,0.628739,0.550350,0.632250,0.694979,0.610030,0.595902,0.590820,0.601238,0.584317,0.583370,0.610889,0.622976,0.619479,0.583387,0.629289,0.592929,0.596903,0.548377,0.697531,0.649707,0.600363,0.646193,0.673496,0.553826,0.533566,0.608848,0.519765,0.553161,0.592897,0.627750,0.602746,0.617114,0.608824,0.660461,0.629194,0.527617,0.605912,0.618282,0.590343,0.604309,0.582370,0.672111,0.601972,0.623523,0.614216,0.573555,0.630301,0.627801,0.612416,0.608222,0.623496,0.641457,0.545601,0.696685,0.652163,0.656034,0.681051,0.557689,0.598315,0.577887,0.662384,0.558719,0.626731,0.557782,0.612008,0.577405,0.599237,0.614432,0.557321,0.633912,0.622707,0.616135,0.632154,0.578956,0.681934,0.638880,0.575999,0.581725,0.559137,0.616752,0.623778,0.553982,0.612881,0.654495,0.666030,0.600696,0.560541,0.624525,0.618558,0.646612,0.616872,0.624949,0.622086,0.564115,0.608398,0.626486,0.641327,0.573349,0.620233,0.606288,0.604449,0.626709,0.618070,0.601083,0.533364,0.553665,0.591401,0.644551,0.591809,0.509870,#
15,0.606061,0.653228,0.624501,0.613432,0.590555,0.616982,0.739772,0.574266,0.643920,0.634678,0.652227,0.637078,0.601475,0.608843,0.561000,1.000000,0.629447,0.652710,0.643910,0.592882,0.588995,0.656617,0.554315,0.661437,0.664921,0.627759,0.599347,0.631215,0.570549,0.510023,0.681033,0.668630,0.663606,0.707411,0.604487,0.666237,0.641189,0.670592,0.596219,0.612243,0.597292,0.579153,0.636370,0.613463,0.624157,0.617895,0.709703,0.639549,0.672707,0.692105,0.607497,0.616896,0.578985,0.589430,0.621322,0.643023,0.638376,0.655861,0.629272,0.651424,0.656947,0.620624,0.637827,0.637802,0.655391,0.598810,0.675512,0.653041,0.632329,0.582301,0.668589,0.645483,0.629875,0.628786,0.662332,0.623078,0.620070,0.666646,0.676345,0.630262,0.620910,0.618289,0.654253,0.665705,0.643258,0.630690,0.562790,0.602144,0.602962,0.551858,0.593732,0.630077,0.606703,0.653366,0.533557,0.601694,0.603393,0.625685,0.595866,0.601100,0.651505,0.651852,0.636001,0.652937,0.660566,0.567481,0.610458,0.620314,0.639779,0.673950,0.554531,0.568927,0.682367,0.572524,0.611640,0.644524,0.533164,0.584726,0.584332,0.668961,0.549644,0.687175,0.568088,0.668350,0.590142,0.611304,0.641021,0.587771,0.649966,0.668371,0.663113,0.655347,0.588922,0.565207,0.634437,0.621365,0.628248,0.588715,0.595614,0.643852,0.624849,0.588848,0.595274,0.632091,0.661053,0.657754,0.602628,0.591641,0.593558,0.626379,0.640926,0.687455,0.639639,0.600487,0.609194,0.589381,0.605747,0.608501,0.630723,0.628901,0.602585,0.627208,0.654176,0.653809,0.619774,0.638903,0.632677,0.587661,0.611131,0.646209,0.583597,0.664524,0.575309,0.680474,0.657427,0.648221,0.611110,0.625220,0.623860,0.647008,0.652445,0.618628,0.599718,0.598441,0.637182,0.577671,0.601986,0.543040,0.617259,0.661369,0.592829,0.655253,0.552029,0.621330,0.591545,0.611904,0.608402,0.612250,0.690262,0.615792,#
16,0.672313,0.667690,0.640606,0.655866,0.585827,0.643934,0.679921,0.602562,0.592991,0.627770,0.660846,0.610593,0.583688,0.576264,0.579685,0.629447,1.000000,0.661898,0.707537,0.657048,0.706149,0.546618,0.582277,0.620756,0.627490,0.669821,0.628175,0.601701,0.528707,0.585808,0.696805,0.679732,0.639505,0.573771,0.641793,0.663132,0.677197,0.692612,0.624737,0.672197,0.622089,0.590370,0.590993,0.584351,0.620237,0.632226,0.671904,0.638988,0.644518,0.689440,0.604649,0.619455,0.591160,0.601661,0.634908,0.706659,0.574372,0.677904,0.623098,0.609462,0.641470,0.624613,0.646921,0.611355,0.644609,0.624433,0.703821,0.651521,0.681629,0.630711,0.687406,0.654773,0.671595,0.612874,0.652627,0.615981,0.621611,0.681167,0.614941,0.671742,0.720428,0.631577,0.685369,0.653214,0.623641,0.621419,0.592004,0.564132,0.592566,0.599814,0.528918,0.621281,0.626212,0.588986,0.609584,0.669114,0.607857,0.624329,0.618006,0.636573,0.664994,0.648775,0.632312,0.651876,0.656453,0.609729,0.643914,0.602552,0.741744,0.642134,0.612908,0.616028,0.664191,0.612709,0.623395,0.679912,0.670200,0.634908,0.588653,0.537051,0.519089,0.625631,0.609573,0.647132,0.642124,0.612167,0.621671,0.572143,0.632151,0.578181,0.672380,0.658055,0.652377,0.617898,0.621789,0.663681,0.610028,0.616235,0.616078,0.571082,0.607679,0.622912,0.626892,0.615739,0.607299,0.614374,0.688382,0.621844,0.607546,0.580776,0.604673,0.638082,0.534646,0.586946,0.665101,0.591410,0.578127,0.626327,0.551582,0.629450,0.642526,0.581421,0.700942,0.639165,0.684389,0.657760,0.614966,0.615902,0.610385,0.663283,0.558227,0.658951,0.611108,0.679802,0.656164,0.619386,0.602445,0.695693,0.636649,0.670113,0.659193,0.598752,0.599750,0.613951,0.565493,0.572715,0.661764,0.607281,0.658029,0.648370,0.624909,0.646165,0.597390,0.645307,0.657322,0.654068,0.667148,0.668962,0.653192,0.626507,#
17,0.688910,0.670567,0.695210,0.646018,0.633989,0.660108,0.713111,0.673361,0.645964,0.707426,0.663735,0.672129,0.638970,0.693161,0.646788,0.652710,0.661898,1.000000,0.667067,0.693515,0.661792,0.646556,0.633034,0.625608,0.718793,0.672628,0.657288,0.659556,0.598579,0.625858,0.709577,0.710279,0.633859,0.601252,0.602282,0.637598,0.661490,0.731530,0.694734,0.721093,0.689861,0.663245,0.605745,0.635349,0.634083,0.667341,0.710959,0.692519,0.716343,0.724942,0.633885,0.593907,0.636314,0.607782,0.695473,0.693996,0.664895,0.679988,0.671688,0.689534,0.644549,0.616927,0.715276,0.634439,0.643985,0.660226,0.789528,0.642298,0.683076,0.616816,0.709624,0.681281,0.698256,0.701367,0.718532,0.639484,0.656407,0.732181,0.686333,0.689568,0.696760,0.690665,0.724441,0.729035,0.630745,0.628473,0.661163,0.636484,0.639793,0.660518,0.642577,0.620941,0.665753,0.660517,0.657190,0.679344,0.623032,0.606927,0.677224,0.713504,0.658046,0.630025,0.631629,0.620722,0.669784,0.641225,0.620800,0.637592,0.672450,0.705257,0.679423,0.591665,0.710224,0.635665,0.689728,0.670239,0.575040,0.637630,0.662994,0.680198,0.629201,0.660569,0.626036,0.662208,0.628827,0.644732,0.626574,0.686096,0.662651,0.646440,0.659094,0.736033,0.701922,0.666706,0.673223,0.649450,0.678445,0.673596,0.640098,0.686775,0.663932,0.647647,0.689383,0.687562,0.721962,0.664402,0.649037,0.609661,0.633065,0.659625,0.672903,0.652271,0.634323,0.652226,0.642314,0.657091,0.694367,0.625802,0.623263,0.683387,0.657727,0.657220,0.714628,0.634541,0.670368,0.654107,0.615135,0.580196,0.653376,0.624878,0.668231,0.655035,0.671268,0.658176,0.724626,0.635237,0.656079,0.688303,0.660431,0.711451,0.690596,0.672249,0.645931,0.645459,0.649295,0.610661,0.699402,0.676321,0.628618,0.637145,0.655515,0.672416,0.612374,0.647891,0.608217,0.663592,0.668902,0.667875,0.699262,0.567897,#
18,0.672435,0.712400,0.662812,0.663293,0.574986,0.686682,0.676102,0.658855,0.579493,0.608108,0.709929,0.680384,0.689961,0.704265,0.546788,0.643910,0.707537,0.667067,1.000000,0.654000,0.671025,0.666140,0.626144,0.611949,0.621033,0.698140,0.665764,0.640273,0.605860,0.651507,0.628519,0.711722,0.666107,0.685709,0.678588,0.709620,0.660264,0.726370,0.655785,0.680060,0.705474,0.614339,0.653875,0.577431,0.664635,0.654960,0.713561,0.721632,0.720798,0.677264,0.629095,0.633805,0.663879,0.575025,0.692162,0.683428,0.628993,0.679348,0.672033,0.730668,0.641449,0.646920,0.649950,0.635302,0.707538,0.619142,0.724265,0.617699,0.652119,0.669132,0.676389,0.665664,0.691175,0.658129,0.716117,0.634445,0.635314,0.700489,0.648658,0.620538,0.699244,0.619036,0.709563,0.671958,0.696905,0.716436,0.546078,0.635681,0.691393,0.627988,0.628688,0.629522,0.646823,0.680357,0.650617,0.631262,0.633156,0.664763,0.676638,0.671012,0.679040,0.622047,0.647077,0.670382,0.696570,0.666373,0.614665,0.676158,0.707871,0.691759,0.692982,0.604218,0.676540,0.619030,0.615494,0.666236,0.622461,0.621122,0.686585,0.645996,0.634862,0.671088,0.593821,0.672928,0.657963,0.627121,0.699189,0.625397,0.688231,0.611817,0.645609,0.683796,0.670677,0.613596,0.638001,0.651919,0.672286,0.666739,0.647134,0.610783,0.632981,0.673193,0.608573,0.669790,0.676948,0.655271,0.677931,0.604607,0.659874,0.619695,0.640685,0.638260,0.677545,0.632670,0.675271,0.703334,0.659949,0.648447,0.573457,0.616660,0.706876,0.669749,0.726314,0.661072,0.688811,0.635102,0.741707,0.622624,0.592885,0.665920,0.657685,0.665875,0.662290,0.704279,0.682356,0.638559,0.645499,0.691823,0.649015,0.693328,0.686555,0.637706,0.633199,0.612099,0.629667,0.604480,0.647438,0.649608,0.603988,0.682672,0.644429,0.691852,0.579595,0.706773,0.675641,0.636907,0.653420,0.732067,0.696488,0.655894,#
19,0.666219,0.673009,0.672282,0.639815,0.637843,0.720539,0.612075,0.649657,0.668074,0.610592,0.638216,0.640826,0.593811,0.640513,0.635433,0.592882,0.657048,0.693515,0.654000,1.000000,0.659428,0.603073,0.571318,0.633647,0.660724,0.643861,0.646694,0.639114,0.537910,0.634090,0.686730,0.710220,0.684373,0.610705,0.640863,0.725750,0.651945,0.691907,0.665875,0.675016,0.672105,0.645779,0.596844,0.622223,0.596604,0.665265,0.700909,0.645757,0.691382,0.681959,0.636115,0.604615,0.644369,0.601280,0.660209,0.657473,0.643016,0.650735,0.636648,0.619752,0.599668,0.596354,0.681350,0.647866,0.660699,0.653623,0.724906,0.620302,0.711827,0.653814,0.682080,0.653474,0.698677,0.632333,0.651241,0.635037,0.587776,0.677247,0.609560,0.614901,0.723260,0.589442,0.700038,0.651033,0.645858,0.594053,0.593000,0.620340,0.689217,0.620135,0.616860,0.635685,0.561496,0.645882,0.608688,0.597227,0.609990,0.669050,0.640328,0.686356,0.635130,0.623201,0.647370,0.636930,0.664491,0.575265,0.624773,0.592800,0.657500,0.621230,0.637984,0.574117,0.667047,0.580235,0.596417,0.628489,0.628506,0.635059,0.667727,0.578624,0.642291,0.620672,0.607118,0.715765,0.611801,0.651267,0.626314,0.640587,0.701106,0.660047,0.673835,0.728895,0.666055,0.662528,0.617178,0.650609,0.572629,0.656202,0.628278,0.576636,0.652579,0.633199,0.578705,0.611475,0.667108,0.607298,0.607050,0.573870,0.647434,0.626341,0.605739,0.620349,0.616853,0.627296,0.682093,0.604617,0.695144,0.626691,0.601251,0.630734,0.658000,0.679511,0.637144,0.683718,0.709619,0.681622,0.597157,0.634342,0.592781,0.613284,0.609471,0.688969,0.656173,0.679828,0.707357,0.559338,0.640853,0.665713,0.660589,0.627685,0.631653,0.648015,0.658200,0.623792,0.609113,0.593494,0.622685,0.638651,0.644902,0.687491,0.642225,0.654931,0.575633,0.670184,0.648713,0.607264,0.642933,0.634053,0.657306,0.576388,#
20,0.659922,0.739797,0.635469,0.689720,0.641925,0.642285,0.640780,0.670859,0.656220,0.686564,0.652646,0.635707,0.652635,0.675418,0.590744,0.588995,0.706149,0.661792,0.671025,0.659428,1.000000,0.649426,0.595763,0.689668,0.672224,0.701416,0.625583,0.666374,0.596608,0.619767,0.704369,0.671533,0.684841,0.662401,0.652778,0.698881,0.634967,0.666984,0.634530,0.707233,0.677210,0.676857,0.597782,0.616860,0.705511,0.623629,0.704005,0.680840,0.679522,0.682091,0.658801,0.664963,0.610875,0.609606,0.678124,0.650203,0.568895,0.657184,0.675985,0.661988,0.645685,0.632890,0.710440,0.635348,0.659314,0.710085,0.748708,0.647111,0.680913,0.611808,0.676386,0.703746,0.718880,0.671537,0.635916,0.609522,0.666912,0.701128,0.683701,0.690051,0.688201,0.671812,0.701998,0.646529,0.625482,0.678777,0.637559,0.662718,0.685571,0.687531,0.637123,0.640498,0.623620,0.665227,0.643914,0.661166,0.602640,0.584273,0.649402,0.644574,0.732581,0.653317,0.658512,0.704854,0.691932,0.632077,0.695801,0.638350,0.697374,0.726376,0.644405,0.669420,0.634360,0.567109,0.645999,0.656838,0.641198,0.650279,0.589386,0.568858,0.610915,0.671759,0.614218,0.706775,0.633183,0.670053,0.609092,0.616478,0.638130,0.660956,0.651776,0.676835,0.716853,0.680648,0.665383,0.664165,0.587232,0.692461,0.669216,0.655134,0.647291,0.627918,0.626218,0.648102,0.675839,0.630959,0.689141,0.622238,0.600400,0.640618,0.651234,0.638281,0.622094,0.619681,0.673097,0.644967,0.626210,0.713749,0.603572,0.653594,0.701296,0.670511,0.684365,0.660760,0.703237,0.658445,0.628427,0.639764,0.602248,0.618115,0.668962,0.607602,0.660250,0.682761,0.681684,0.628160,0.631651,0.697856,0.633278,0.705182,0.675940,0.656548,0.645880,0.605285,0.612813,0.668565,0.661132,0.616347,0.651684,0.648470,0.630682,0.673938,0.666668,0.675486,0.686430,0.655466,0.690908,0.703461,0.679440,0.616355,#
21,0.635983,0.759186,0.670446,0.681425,0.644468,0.646488,0.643237,0.634162,0.658998,0.651094,0.663178,0.646830,0.610568,0.637462,0.634449,0.656617,0.546618,0.646556,0.666140,0.603073,0.649426,1.000000,0.610750,0.704294,0.605135,0.633731,0.669542,0.617061,0.657874,0.594072,0.633023,0.601894,0.680031,0.696184,0.666568,0.716654,0.645239,0.656813,0.646353,0.658623,0.633189,0.669827,0.614176,0.652562,0.645471,0.673542,0.684416,0.679748,0.702345,0.702646,0.582483,0.653621,0.628937,0.593727,0.695236,0.670110,0.620723,0.641487,0.722446,0.625071,0.644612,0.608370,0.615808,0.624297,0.654876,0.637242,0.714845,0.597709,0.680201,0.692659,0.642574,0.735305,0.723797,0.678585,0.703936,0.680631,0.639614,0.678045,0.659395,0.637028,0.624137,0.614930,0.736531,0.660913,0.688042,0.640619,0.579847,0.674680,0.659136,0.671111,0.630921,0.608303,0.676681,0.689988,0.655788,0.664922,0.646929,0.607722,0.619427,0.645643,0.700632,0.655124,0.556921,0.657374,0.636239,0.677530,0.613522,0.675918,0.620077,0.702593,0.660657,0.608221,0.663824,0.625208,0.559129,0.581821,0.586122,0.722032,0.630899,0.692274,0.628123,0.636124,0.592394,0.653974,0.600644,0.600485,0.649639,0.611547,0.668148,0.670503,0.658866,0.699273,0.614505,0.661560,0.688072,0.604750,0.586556,0.622181,0.631778,0.669603,0.673867,0.625258,0.547464,0.680596,0.667674,0.630498,0.628625,0.584074,0.600504,0.686524,0.649550,0.674300,0.654600,0.630781,0.608694,0.611393,0.673569,0.673282,0.575652,0.654316,0.624795,0.677970,0.700451,0.658342,0.682475,0.662198,0.650921,0.572711,0.574526,0.631936,0.680876,0.615404,0.665695,0.651212,0.658356,0.651689,0.549378,0.654573,0.630085,0.673720,0.667897,0.674903,0.621238,0.613789,0.620377,0.672496,0.668425,0.591062,0.578748,0.656658,0.621045,0.641801,0.647018,0.633065,0.643348,0.597233,0.640747,0.683314,0.640063,0.665625,#
