0,1.000000,0.585146,0.587904,0.609123,0.593699,0.618293,0.624764,0.599149,0.610713,0.553891,0.629814,0.585481,0.589115,0.599936,0.601568,0.679575,0.669401,0.677963,0.662955,0.615232,0.642428,0.556204,0.646424,0.695087,0.557247,0.595526,0.603877,0.583339,0.569892,0.628106,0.559075,0.661487,0.602741,0.632909,0.637019,0.576897,0.588501,0.635774,0.652708,0.637177,0.638773,0.607195,0.664037,0.547360,0.664641,0.610040,0.572145,0.660184,0.634706,0.648330,0.628624,0.649353,0.628389,0.623761,0.646751,0.653326,0.650210,0.671882,0.626028,0.616244,0.643225,0.616997,0.674748,0.611521,0.638389,0.546547,0.605996,0.604343,0.587234,0.582807,0.598596,0.600016,0.655127,0.676105,0.580808,0.545835,0.658847,0.591007,0.645991,0.610207,0.601840,0.619733,0.642580,0.631880,0.636929,0.627104,0.691653,0.660776,0.632916,0.653482,0.594375,0.578488,0.636801,0.609394,0.613469,0.638026,0.623415,0.554832,0.604009,0.643079,0.638569,0.586862,0.612457,0.639662,0.579497,0.684354,0.605099,0.646766,0.639056,0.513035,0.597594,0.625250,0.590714,0.629772,0.641682,0.655349,0.617860,0.585653,0.605145,0.627538,0.569464,0.658631,0.657577,0.666486,0.693708,0.630095,0.614658,0.572339,0.570236,0.617936,0.620328,0.592331,0.560931,0.576845,0.625607,0.639244,0.607028,0.649470,0.548713,0.658650,0.641466,0.575379,0.543549,0.615959,0.572674,0.504787,0.634838,0.543228,0.637013,0.566379,0.581583,0.651952,0.616782,0.528631,0.633277,0.633898,0.679449,0.658178,0.656420,0.576777,0.629553,0.634368,0.650881,0.563000,0.621601,0.638762,0.584803,0.625199,0.651988,0.619967,0.589149,0.591793,0.644102,0.626672,0.598274,0.656839,0.676791,0.665920,0.590106,0.538078,0.620964,0.610182,0.591299,0.587031,0.618120,0.578965,0.574707,0.644680,0.627922,0.567989,0.526558,0.645373,0.560409,0.622317,0.636255,0.607806,0.578676,0.675226,0.629104,0.608026,#
1,0.585146,1.000000,0.603656,0.602271,0.569479,0.597473,0.576541,0.623471,0.683614,0.571142,0.619362,0.602046,0.572177,0.561241,0.545680,0.593503,0.601619,0.593506,0.585228,0.577958,0.608361,0.650557,0.579588,0.536138,0.595762,0.540277,0.589603,0.656174,0.490880,0.580526,0.617369,0.588864,0.547839,0.614184,0.513229,0.626241,0.579527,0.618601,0.643214,0.560985,0.578539,0.528058,0.620853,0.545392,0.608111,0.571478,0.636861,0.573171,0.628551,0.518576,0.579819,0.617994,0.636499,0.584338,0.631752,0.587561,0.581383,0.559377,0.538131,0.530324,0.596155,0.570474,0.582320,0.577350,0.571510,0.604538,0.592846,0.605473,0.597478,0.626790,0.578495,0.608946,0.673930,0.551293,0.597580,0.567324,0.556027,0.527562,0.638210,0.559591,0.607189,0.595695,0.572016,0.578751,0.655479,0.567441,0.634407,0.654354,0.621812,0.553575,0.558471,0.550457,0.581958,0.615561,0.612508,0.562791,0.572553,0.549144,0.587373,0.581060,0.638126,0.539674,0.576695,0.582352,0.522805,0.650162,0.565877,0.624788,0.616741,0.566919,0.575620,0.566692,0.548673,0.609742,0.563940,0.617485,0.604207,0.575401,0.534004,0.557553,0.532039,0.601882,0.568332,0.611693,0.612609,0.557395,0.582908,0.576634,0.597035,0.630095,0.517650,0.662581,0.543382,0.572249,0.640621,0.578612,0.625745,0.624081,0.587626,0.636897,0.648779,0.571721,0.613236,0.657918,0.622247,0.525338,0.549637,0.552979,0.630663,0.516305,0.624226,0.643553,0.579281,0.477104,0.656942,0.607271,0.574363,0.603762,0.500033,0.489251,0.548796,0.621856,0.637049,0.630088,0.596714,0.498086,0.564878,0.494241,0.541839,0.575663,0.617997,0.603359,0.606758,0.552100,0.571629,0.616099,0.600421,0.660172,0.527465,0.531579,0.592015,0.546882,0.543610,0.603934,0.603988,0.639828,0.568502,0.487181,0.633093,0.610634,0.591594,0.624225,0.546320,0.577990,0.610394,0.500229,0.520792,0.657289,0.540494,0.606080,#
2,0.587904,0.603656,1.000000,0.587278,0.594316,0.601615,0.614164,0.605195,0.636676,0.566120,0.625564,0.583806,0.547584,0.630460,0.535338,0.609763,0.538178,0.604734,0.579864,0.594754,0.613983,0.591912,0.513358,0.620129,0.564419,0.588338,0.650233,0.639346,0.576445,0.593331,0.594756,0.592032,0.586319,0.559493,0.556801,0.572185,0.595406,0.595723,0.645302,0.521538,0.569757,0.573560,0.644331,0.527132,0.593850,0.591120,0.621099,0.545166,0.565807,0.582769,0.611775,0.676330,0.619665,0.579120,0.635936,0.593879,0.616194,0.561197,0.620016,0.595426,0.697840,0.589892,0.570121,0.635514,0.628448,0.590918,0.547122,0.590567,0.581218,0.588571,0.561971,0.613794,0.581804,0.596279,0.634509,0.576592,0.553841,0.525099,0.602430,0.604616,0.624698,0.599436,0.627721,0.515937,0.649339,0.606198,0.594306,0.676748,0.568832,0.533717,0.574316,0.587593,0.660943,0.654868,0.608676,0.633873,0.593651,0.545666,0.661274,0.577152,0.587090,0.567877,0.567388,0.594903,0.478075,0.662540,0.614803,0.618936,0.599890,0.531584,0.626844,0.565224,0.625219,0.591897,0.561328,0.591525,0.598751,0.599805,0.524506,0.596015,0.559257,0.556346,0.540353,0.649577,0.623546,0.529757,0.618880,0.607542,0.583369,0.622450,0.559332,0.634062,0.616336,0.651121,0.650817,0.581281,0.618522,0.631425,0.644729,0.597607,0.577610,0.608789,0.526351,0.525255,0.606330,0.559513,0.502909,0.537597,0.569364,0.541705,0.630618,0.626553,0.644253,0.588686,0.593054,0.575273,0.610231,0.512271,0.598426,0.526022,0.495037,0.573702,0.625504,0.599633,0.542194,0.600621,0.594359,0.498382,0.571301,0.584608,0.571318,0.634591,0.629590,0.535602,0.605855,0.591124,0.587003,0.648200,0.500428,0.500067,0.579278,0.633368,0.457928,0.658407,0.574854,0.633467,0.551149,0.524495,0.616562,0.567287,0.563276,0.605134,0.680011,0.607173,0.602440,0.554720,0.494230,0.622831,0.586977,0.622412,#
3,0.609123,0.602271,0.587278,1.000000,0.632131,0.597423,0.593052,0.605536,0.709523,0.609327,0.636337,0.587296,0.558564,0.605216,0.597502,0.628624,0.612700,0.662460,0.676511,0.623735,0.639917,0.609016,0.609281,0.631179,0.617049,0.610206,0.644175,0.635911,0.595661,0.633945,0.620913,0.650169,0.671566,0.636582,0.543341,0.613196,0.589104,0.674544,0.644023,0.641054,0.599018,0.629908,0.664500,0.640194,0.597684,0.661232,0.587436,0.605901,0.598842,0.538569,0.631603,0.630063,0.658587,0.536861,0.586195,0.657485,0.593961,0.592615,0.606427,0.645499,0.619786,0.571391,0.583198,0.620971,0.718379,0.573828,0.530964,0.561621,0.504257,0.613697,0.559162,0.626328,0.652307,0.578320,0.584582,0.569160,0.566114,0.564299,0.583630,0.572712,0.665272,0.604430,0.667805,0.553532,0.663482,0.623934,0.647544,0.605887,0.629849,0.598908,0.638407,0.603000,0.622165,0.637773,0.629767,0.609463,0.587163,0.511391,0.648725,0.551586,0.603369,0.565030,0.600276,0.553906,0.652707,0.603542,0.601406,0.634952,0.579888,0.567896,0.614445,0.536236,0.570845,0.624830,0.588468,0.636510,0.559610,0.617746,0.557465,0.582166,0.571233,0.644630,0.592320,0.610013,0.605879,0.633686,0.618597,0.658942,0.552679,0.586442,0.626678,0.647129,0.590332,0.624918,0.630469,0.653335,0.617587,0.627934,0.583797,0.605391,0.557545,0.669933,0.635355,0.529043,0.605661,0.610125,0.617444,0.674383,0.605513,0.606244,0.602171,0.618876,0.582523,0.602556,0.668702,0.555757,0.601925,0.587812,0.669348,0.544155,0.586290,0.588429,0.632451,0.605214,0.578415,0.575219,0.612958,0.555339,0.600329,0.562153,0.622494,0.590053,0.617241,0.562342,0.590610,0.622831,0.655547,0.647837,0.537389,0.575204,0.549334,0.666677,0.568273,0.563219,0.560190,0.623114,0.579639,0.541069,0.637183,0.665836,0.617332,0.609203,0.608083,0.563832,0.639451,0.582071,0.595382,0.622966,0.569030,0.565199,#
4,0.593699,0.569479,0.594316,0.632131,1.000000,0.671233,0.592055,0.614428,0.631979,0.591591,0.540036,0.616054,0.582133,0.616523,0.566554,0.620967,0.628746,0.675997,0.640552,0.684629,0.706423,0.574032,0.571543,0.640472,0.575493,0.617916,0.615448,0.575399,0.589689,0.592095,0.639000,0.623633,0.635441,0.576574,0.551243,0.601054,0.666354,0.629284,0.609439,0.616884,0.620122,0.593520,0.592502,0.575421,0.616111,0.674200,0.632237,0.622165,0.638367,0.561316,0.603521,0.603949,0.652668,0.585033,0.673590,0.668685,0.573828,0.609111,0.643977,0.607884,0.588877,0.606957,0.595244,0.580856,0.622554,0.580956,0.561123,0.592360,0.545363,0.607382,0.607514,0.651981,0.627641,0.629753,0.586591,0.494322,0.558228,0.596071,0.618264,0.643333,0.616263,0.612806,0.618594,0.533806,0.673185,0.586897,0.598767,0.596820,0.601237,0.598328,0.641101,0.536005,0.626690,0.623386,0.622430,0.623621,0.594624,0.525862,0.538273,0.573518,0.618553,0.585251,0.648300,0.596845,0.552867,0.665416,0.587114,0.621299,0.652587,0.605306,0.589794,0.614472,0.601334,0.686688,0.593283,0.569584,0.643166,0.625604,0.532069,0.562172,0.536038,0.616697,0.635808,0.601449,0.638698,0.589298,0.604525,0.619058,0.668751,0.615424,0.648001,0.604958,0.597138,0.658096,0.688736,0.621570,0.608210,0.611215,0.608461,0.579986,0.580251,0.585439,0.644994,0.559238,0.605655,0.576130,0.609545,0.634213,0.581612,0.589628,0.622526,0.694465,0.591559,0.607261,0.712364,0.615392,0.684955,0.569884,0.571520,0.554834,0.583193,0.556818,0.662351,0.502447,0.529408,0.551939,0.538038,0.523500,0.595974,0.593621,0.563359,0.622107,0.704310,0.607201,0.640053,0.659413,0.671212,0.677195,0.565051,0.585609,0.589115,0.553797,0.594574,0.569104,0.652280,0.665781,0.506078,0.638462,0.627969,0.643068,0.497805,0.603252,0.565600,0.617271,0.603113,0.571301,0.584690,0.612083,0.655637,0.599362,#
5,0.618293,0.597473,0.601615,0.597423,0.671233,1.000000,0.553140,0.645863,0.644383,0.577608,0.620762,0.585424,0.556608,0.564061,0.590876,0.647485,0.615338,0.637795,0.539785,0.673242,0.616779,0.587717,0.599066,0.608735,0.607598,0.584525,0.680010,0.638693,0.585551,0.591085,0.672245,0.649337,0.644355,0.611675,0.553176,0.633092,0.611642,0.607079,0.606405,0.592309,0.671351,0.572025,0.593126,0.589784,0.643742,0.677359,0.635374,0.585812,0.676976,0.504833,0.641085,0.644257,0.605566,0.595832,0.593272,0.687381,0.608157,0.586272,0.734181,0.618048,0.609170,0.637953,0.636455,0.654420,0.674145,0.589698,0.555001,0.603978,0.586820,0.538474,0.606115,0.614318,0.671377,0.623944,0.562485,0.581604,0.626795,0.568383,0.617512,0.607099,0.663480,0.597496,0.655406,0.558558,0.600959,0.602892,0.654855,0.662349,0.633800,0.531468,0.537286,0.592808,0.683158,0.702560,0.610730,0.620124,0.598560,0.585963,0.647349,0.591410,0.608433,0.598197,0.607914,0.636315,0.561282,0.701725,0.619941,0.627368,0.599241,0.582210,0.581260,0.645479,0.557060,0.607137,0.552266,0.587012,0.641053,0.626144,0.497799,0.609812,0.537781,0.637081,0.582377,0.640659,0.572349,0.572558,0.624410,0.574614,0.607082,0.635693,0.664541,0.651314,0.647103,0.670657,0.664135,0.639364,0.650941,0.628925,0.567637,0.582705,0.599731,0.580745,0.631324,0.610229,0.643474,0.547038,0.577222,0.592378,0.630378,0.572739,0.655397,0.652788,0.610565,0.571169,0.642231,0.581083,0.664653,0.604713,0.619928,0.540494,0.611930,0.594150,0.659436,0.581193,0.605089,0.573212,0.505660,0.631148,0.629860,0.615449,0.681642,0.632993,0.647726,0.579758,0.610397,0.620534,0.627302,0.657628,0.585617,0.590018,0.650819,0.581715,0.624103,0.604350,0.632919,0.661027,0.617000,0.567520,0.594977,0.599870,0.528971,0.644172,0.576588,0.576387,0.576925,0.533239,0.538958,0.627213,0.608542,0.619123,#
6,0.624764,0.576541,0.614164,0.593052,0.592055,0.553140,1.000000,0.574337,0.610678,0.526582,0.572472,0.572960,0.594879,0.656515,0.502184,0.580480,0.605238,0.638243,0.621323,0.535161,0.685950,0.581034,0.499719,0.598972,0.573313,0.589177,0.603551,0.601381,0.520579,0.630027,0.590318,0.606680,0.573328,0.595709,0.566809,0.589067,0.545786,0.585265,0.571944,0.619628,0.578346,0.591250,0.623405,0.549593,0.663022,0.563883,0.593257,0.513075,0.666435,0.575372,0.625984,0.643306,0.628279,0.521976,0.607026,0.629290,0.569375,0.619671,0.641696,0.599986,0.634261,0.547751,0.590276,0.575330,0.671187,0.602460,0.613429,0.573056,0.580647,0.574039,0.567254,0.606666,0.581349,0.664467,0.595442,0.533152,0.579629,0.557947,0.613080,0.549153,0.585681,0.599182,0.608104,0.554836,0.560753,0.620397,0.606047,0.589103,0.592926,0.564065,0.562882,0.524869,0.569082,0.594719,0.586414,0.578390,0.646702,0.554074,0.582941,0.610550,0.597359,0.596730,0.640121,0.599603,0.509764,0.596249,0.647322,0.544070,0.611189,0.544173,0.539246,0.578594,0.518689,0.562266,0.573100,0.551673,0.664980,0.597314,0.542806,0.551513,0.592463,0.613301,0.554901,0.658201,0.657137,0.626784,0.571762,0.595676,0.481005,0.564047,0.579368,0.593989,0.588579,0.572386,0.612870,0.613409,0.612880,0.588177,0.638664,0.634458,0.599164,0.623593,0.543739,0.539562,0.541967,0.574659,0.576111,0.551765,0.575886,0.507325,0.671350,0.615202,0.584108,0.483257,0.625777,0.580542,0.586610,0.625337,0.634992,0.534343,0.542140,0.601229,0.617563,0.606335,0.595105,0.578707,0.588361,0.499912,0.570633,0.584015,0.598183,0.589675,0.565361,0.521725,0.602679,0.619805,0.602598,0.609601,0.587163,0.519771,0.595260,0.536139,0.604480,0.610057,0.580338,0.631538,0.511074,0.609249,0.546361,0.590854,0.507390,0.622822,0.560979,0.620249,0.596165,0.538076,0.584799,0.645177,0.626418,0.589727,#
7,0.599149,0.623471,0.605195,0.605536,0.614428,0.645863,0.574337,1.000000,0.719485,0.574591,0.644373,0.638008,0.598313,0.628149,0.640689,0.591260,0.653621,0.651823,0.619473,0.597821,0.629631,0.590134,0.665595,0.651632,0.652445,0.634777,0.615438,0.667527,0.588602,0.628145,0.564272,0.624140,0.610994,0.618227,0.539204,0.597558,0.634262,0.582648,0.652244,0.594593,0.634062,0.559562,0.619931,0.635591,0.650495,0.640142,0.627078,0.614897,0.590102,0.551222,0.691734,0.638224,0.628538,0.645014,0.617999,0.612285,0.606216,0.682335,0.618505,0.606260,0.580100,0.622943,0.648243,0.597630,0.664604,0.639148,0.629899,0.607012,0.621763,0.662814,0.610933,0.526323,0.703839,0.615975,0.588595,0.574915,0.581000,0.564653,0.631198,0.639913,0.650336,0.626145,0.643414,0.565641,0.645389,0.620246,0.692101,0.634103,0.595507,0.591423,0.591985,0.627921,0.619833,0.652968,0.655777,0.562748,0.615079,0.617464,0.608424,0.620754,0.636880,0.564045,0.601722,0.614962,0.572275,0.658254,0.601064,0.618273,0.584669,0.527013,0.658438,0.583776,0.618044,0.634558,0.657531,0.634237,0.605271,0.557121,0.509405,0.669009,0.592025,0.642987,0.575713,0.683134,0.690222,0.605196,0.628286,0.652684,0.560129,0.563329,0.597453,0.588395,0.648757,0.573506,0.705992,0.687397,0.585351,0.664304,0.580086,0.659007,0.612978,0.594532,0.630647,0.546931,0.614626,0.584964,0.621376,0.555095,0.628233,0.601578,0.624685,0.644126,0.635629,0.597677,0.643124,0.668863,0.637563,0.640038,0.629288,0.574601,0.613547,0.566222,0.706992,0.544784,0.558353,0.608917,0.631540,0.532686,0.594793,0.585762,0.672826,0.663956,0.639153,0.612440,0.626956,0.635092,0.615501,0.638182,0.516557,0.613294,0.638088,0.595049,0.587466,0.613156,0.568707,0.677874,0.549636,0.510067,0.604479,0.661431,0.614172,0.610784,0.580243,0.552304,0.615214,0.546120,0.563252,0.653705,0.630934,0.598343,#
8,0.610713,0.683614,0.636676,0.709523,0.631979,0.644383,0.610678,0.719485,1.000000,0.635160,0.619921,0.649894,0.631203,0.614967,0.641898,0.683833,0.595066,0.669951,0.623499,0.619459,0.617106,0.666905,0.655779,0.645206,0.554739,0.624064,0.611747,0.692782,0.578432,0.664986,0.579069,0.644500,0.590098,0.621260,0.550516,0.638377,0.629464,0.626540,0.626952,0.622119,0.616410,0.640879,0.683339,0.587404,0.673285,0.614245,0.578145,0.592244,0.659971,0.585645,0.665257,0.688161,0.621030,0.663708,0.632802,0.696447,0.609620,0.688311,0.614222,0.641799,0.660892,0.612571,0.660939,0.610789,0.671027,0.679746,0.620221,0.618071,0.661879,0.673984,0.604127,0.590500,0.687039,0.671069,0.631066,0.586744,0.606870,0.604430,0.619312,0.658795,0.650670,0.629175,0.633188,0.588078,0.666326,0.651157,0.619266,0.635666,0.580672,0.601794,0.608058,0.633274,0.672946,0.615026,0.714119,0.632154,0.638390,0.579722,0.666437,0.586758,0.644360,0.582675,0.661387,0.653285,0.596005,0.645274,0.656519,0.666452,0.584844,0.614533,0.632725,0.600891,0.611927,0.631952,0.666906,0.669829,0.625771,0.566189,0.586611,0.694178,0.602670,0.613127,0.629049,0.646061,0.644285,0.660834,0.639314,0.686997,0.580302,0.645414,0.590392,0.580454,0.649841,0.665518,0.722810,0.645714,0.601916,0.645213,0.568784,0.634533,0.635962,0.654107,0.687307,0.591736,0.600597,0.567952,0.644139,0.572615,0.660052,0.587464,0.654652,0.643468,0.627004,0.665872,0.679780,0.675470,0.670160,0.676504,0.640634,0.627292,0.593024,0.611260,0.690726,0.629518,0.634765,0.585592,0.606619,0.541082,0.631472,0.657997,0.657911,0.637325,0.648448,0.578495,0.679672,0.637067,0.607055,0.697957,0.566254,0.553581,0.629131,0.632308,0.554273,0.658771,0.624276,0.667925,0.579247,0.549071,0.641791,0.643434,0.599533,0.638720,0.656739,0.597210,0.641712,0.567100,0.615510,0.625484,0.636247,0.613819,#
9,0.553891,0.571142,0.566120,0.609327,0.591591,0.577608,0.526582,0.574591,0.635160,1.000000,0.597620,0.495331,0.581032,0.607195,0.612693,0.583639,0.581227,0.565009,0.588064,0.615821,0.659362,0.571429,0.598599,0.619519,0.532038,0.528350,0.596529,0.657783,0.530369,0.649607,0.578605,0.559916,0.557486,0.630121,0.616122,0.585723,0.554468,0.596996,0.587741,0.560739,0.635115,0.590166,0.611475,0.515631,0.614777,0.611604,0.554294,0.538983,0.544341,0.517256,0.570476,0.591144,0.534289,0.547297,0.538362,0.608082,0.544205,0.603416,0.616277,0.566221,0.612085,0.587947,0.625639,0.632855,0.618859,0.644963,0.556697,0.582327,0.587388,0.535088,0.603376,0.572266,0.578675,0.583393,0.577083,0.548739,0.484173,0.567845,0.622866,0.647391,0.579413,0.603168,0.521665,0.528017,0.640760,0.556045,0.576709,0.638029,0.518738,0.443265,0.564279,0.612920,0.642902,0.572628,0.634649,0.592266,0.576733,0.584490,0.599019,0.479893,0.571375,0.561671,0.626778,0.592349,0.623781,0.640028,0.583856,0.521969,0.608765,0.574224,0.603861,0.558727,0.628073,0.661313,0.515324,0.626158,0.500891,0.557750,0.528500,0.543650,0.545169,0.617715,0.556053,0.613200,0.567399,0.567500,0.562554,0.572710,0.596550,0.585540,0.531555,0.582603,0.593307,0.643912,0.630376,0.560436,0.565434,0.607072,0.534186,0.581335,0.534653,0.639017,0.622267,0.580824,0.527616,0.571827,0.579376,0.582141,0.575538,0.573324,0.544066,0.548380,0.613172,0.587708,0.645643,0.582575,0.582949,0.629911,0.610068,0.526295,0.579610,0.576975,0.602566,0.634982,0.579541,0.528677,0.536455,0.511189,0.647697,0.546222,0.612691,0.627302,0.582236,0.584633,0.591621,0.678211,0.561379,0.646735,0.554270,0.547209,0.574562,0.543281,0.589102,0.589199,0.578080,0.672893,0.504418,0.512209,0.661822,0.576939,0.562272,0.611284,0.555811,0.565960,0.552576,0.523831,0.523997,0.596564,0.566232,0.554000,#
10,0.629814,0.619362,0.625564,0.636337,0.540036,0.620762,0.572472,0.644373,0.619921,0.597620,1.000000,0.571708,0.549326,0.586893,0.549352,0.607931,0.591204,0.600582,0.622228,0.601247,0.613222,0.527621,0.581168,0.643721,0.546432,0.561357,0.587295,0.703615,0.535595,0.654502,0.572868,0.605615,0.604030,0.608065,0.618846,0.621151,0.583800,0.618267,0.642702,0.565824,0.649907,0.571783,0.588032,0.542339,0.633187,0.656904,0.628649,0.613694,0.651217,0.638006,0.591909,0.630562,0.624711,0.568062,0.584380,0.620010,0.602958,0.607662,0.596159,0.614928,0.637755,0.640387,0.644961,0.671939,0.692381,0.559316,0.601494,0.529143,0.571719,0.589998,0.568322,0.633166,0.657558,0.579034,0.539657,0.607366,0.564024,0.603074,0.602984,0.568640,0.709956,0.624849,0.614182,0.590545,0.637878,0.560541,0.656454,0.674359,0.597126,0.602989,0.558389,0.634336,0.661074,0.646109,0.607555,0.665704,0.581481,0.548127,0.675123,0.622984,0.580196,0.536145,0.624177,0.634463,0.655182,0.599208,0.562413,0.624512,0.586310,0.549482,0.597401,0.599662,0.581398,0.606629,0.585719,0.668173,0.583564,0.556569,0.559444,0.617418,0.593449,0.663044,0.507149,0.614900,0.548846,0.585202,0.666842,0.639929,0.584714,0.558941,0.555303,0.590168,0.568437,0.585935,0.660169,0.610368,0.576146,0.642792,0.566396,0.636611,0.680235,0.571539,0.575056,0.583788,0.567910,0.488584,0.535767,0.540933,0.628816,0.541934,0.629158,0.646612,0.639254,0.534213,0.631508,0.590640,0.669611,0.627794,0.639506,0.557529,0.655732,0.559416,0.653160,0.614989,0.604656,0.559056,0.644105,0.542278,0.619612,0.643379,0.643493,0.604467,0.543324,0.550719,0.612558,0.606969,0.646814,0.689845,0.497722,0.603585,0.605041,0.559022,0.632124,0.556192,0.589530,0.639036,0.512202,0.514559,0.588022,0.657171,0.620896,0.574254,0.588308,0.574157,0.640051,0.576819,0.529284,0.669393,0.616751,0.642971,#
11,0.585481,0.602046,0.583806,0.587296,0.616054,0.585424,0.572960,0.638008,0.649894,0.495331,0.571708,1.000000,0.600316,0.598571,0.524170,0.573830,0.601415,0.659210,0.608917,0.511458,0.594299,0.594692,0.539337,0.550205,0.570184,0.595575,0.520401,0.619535,0.548270,0.583459,0.580021,0.588831,0.594172,0.576865,0.509182,0.577443,0.636785,0.578303,0.559483,0.610691,0.565578,0.582975,0.639407,0.564534,0.588432,0.607874,0.605337,0.575418,0.597036,0.553202,0.594666,0.618914,0.591759,0.595844,0.594452,0.577662,0.485823,0.631336,0.581212,0.562596,0.550010,0.541905,0.631060,0.564942,0.621961,0.601433,0.582313,0.594136,0.611065,0.635120,0.570552,0.577253,0.625318,0.587315,0.551163,0.476112,0.598514,0.553590,0.573102,0.515149,0.612525,0.574700,0.617148,0.521415,0.615239,0.553327,0.550584,0.589196,0.570478,0.508077,0.543257,0.609005,0.623013,0.615469,0.621062,0.620823,0.576591,0.529022,0.616987,0.581901,0.564893,0.573480,0.571900,0.597852,0.551747,0.649376,0.560090,0.633331,0.610754,0.597608,0.645704,0.591293,0.601119,0.609102,0.488069,0.634058,0.565491,0.588453,0.487003,0.619880,0.493481,0.617348,0.579908,0.596624,0.612521,0.567116,0.567606,0.566971,0.588661,0.561978,0.592598,0.563364,0.612349,0.613579,0.641964,0.584128,0.556286,0.628268,0.542508,0.605033,0.604687,0.523375,0.586192,0.600161,0.637669,0.488356,0.617414,0.555555,0.551549,0.557136,0.590505,0.625972,0.594213,0.565258,0.639053,0.580060,0.638541,0.545904,0.627366,0.495809,0.539488,0.598680,0.632775,0.544669,0.595376,0.463144,0.602496,0.485608,0.574473,0.640805,0.589591,0.594553,0.602774,0.559675,0.582964,0.610156,0.576030,0.617297,0.490978,0.578213,0.598495,0.526524,0.581474,0.543722,0.588454,0.575591,0.506878,0.598496,0.589214,0.629192,0.575418,0.569432,0.635332,0.605617,0.618554,0.559998,0.556260,0.599492,0.576879,0.544572,#
12,0.589115,0.572177,0.547584,0.558564,0.582133,0.556608,0.594879,0.598313,0.631203,0.581032,0.549326,0.600316,1.000000,0.633117,0.642819,0.564686,0.641641,0.650781,0.638167,0.620198,0.621342,0.566651,0.612308,0.640249,0.539199,0.574170,0.568541,0.647755,0.605149,0.577435,0.536212,0.597843,0.603701,0.597571,0.576880,0.622887,0.603022,0.600273,0.605074,0.614044,0.539091,0.527076,0.598632,0.641297,0.625546,0.622270,0.619118,0.524927,0.608853,0.554086,0.667223,0.584668,0.582023,0.598049,0.661149,0.599869,0.546887,0.616145,0.557113,0.514658,0.576037,0.631655,0.547583,0.621422,0.696228,0.607355,0.558052,0.549370,0.620243,0.590809,0.576447,0.564288,0.653032,0.592939,0.629967,0.584052,0.602427,0.514827,0.609175,0.605543,0.630314,0.579356,0.583260,0.585103,0.562989,0.603208,0.591454,0.635584,0.622002,0.534007,0.580462,0.571027,0.606333,0.547356,0.601900,0.644256,0.684309,0.583342,0.569684,0.524211,0.564215,0.600427,0.629873,0.624042,0.553721,0.594893,0.573859,0.543010,0.601779,0.563946,0.612138,0.552058,0.575438,0.585608,0.649751,0.591173,0.585720,0.518227,0.583057,0.566081,0.583224,0.617212,0.591754,0.655466,0.635757,0.554772,0.587951,0.526771,0.522199,0.577886,0.554664,0.560190,0.521507,0.587637,0.609850,0.574903,0.582577,0.627545,0.604930,0.574011,0.661643,0.646753,0.583620,0.581118,0.551479,0.550958,0.611549,0.543730,0.586739,0.642449,0.574807,0.650539,0.600833,0.499146,0.587644,0.685020,0.634306,0.593392,0.620904,0.549852,0.569061,0.645389,0.643091,0.571265,0.664930,0.482510,0.606463,0.592077,0.550551,0.564958,0.629207,0.633827,0.602511,0.589168,0.600524,0.589871,0.665970,0.691286,0.528214,0.479393,0.585197,0.597010,0.607531,0.572742,0.535823,0.611733,0.544949,0.637884,0.588865,0.550098,0.562503,0.555449,0.580186,0.601279,0.554653,0.596196,0.561372,0.636530,0.634358,0.475883,#
13,0.599936,0.561241,0.630460,0.605216,0.616523,0.564061,0.656515,0.628149,0.614967,0.607195,0.586893,0.598571,0.633117,1.000000,0.596401,0.598338,0.631351,0.670241,0.658329,0.633402,0.691029,0.591831,0.623910,0.634875,0.570295,0.624012,0.605117,0.687270,0.604737,0.658118,0.560077,0.629963,0.655717,0.661047,0.556638,0.597834,0.633492,0.667600,0.625277,0.638312,0.668741,0.614444,0.637439,0.587503,0.716214,0.658519,0.618640,0.607053,0.669220,0.577068,0.652600,0.686047,0.594715,0.624541,0.647162,0.668819,0.589916,0.656450,0.626521,0.629867,0.673627,0.647128,0.635169,0.690166,0.675754,0.626049,0.640062,0.599619,0.646615,0.602738,0.569521,0.625877,0.574620,0.661088,0.676681,0.610438,0.625972,0.587452,0.686590,0.661383,0.643089,0.645856,0.653268,0.622209,0.620331,0.635619,0.596492,0.613389,0.665116,0.579703,0.597579,0.615260,0.647342,0.675423,0.656124,0.577806,0.633735,0.557529,0.605395,0.676582,0.620829,0.631366,0.654040,0.729326,0.592582,0.700500,0.622407,0.650934,0.657233,0.599804,0.631973,0.620343,0.664241,0.664234,0.648064,0.667056,0.612540,0.669211,0.590046,0.666977,0.616417,0.647647,0.593139,0.635455,0.664708,0.576873,0.627987,0.568944,0.597580,0.601479,0.567707,0.624022,0.598871,0.612658,0.696047,0.616721,0.615437,0.654488,0.662162,0.633365,0.562007,0.658029,0.695365,0.635951,0.562496,0.617313,0.631159,0.601600,0.624585,0.604535,0.625558,0.671159,0.609142,0.648919,0.633730,0.653745,0.630808,0.631995,0.693763,0.581031,0.616028,0.667198,0.646931,0.640479,0.620116,0.586799,0.609932,0.555299,0.667037,0.585315,0.639454,0.682419,0.674002,0.614968,0.682403,0.658121,0.660316,0.735400,0.605787,0.545288,0.594676,0.642627,0.627386,0.624957,0.673301,0.685630,0.595644,0.628797,0.558132,0.619077,0.598252,0.645102,0.640598,0.672845,0.633785,0.554960,0.620187,0.641765,0.660110,0.574003,#
14,0.601568,0.545680,0.535338,0.597502,0.566554,0.590876,0.502184,0.640689,0.641898,0.612693,0.549352,0.524170,0.642819,0.596401,1.000000,0.622525,0.597582,0.572551,0.592117,0.626465,0.630950,0.544021,0.555416,0.661555,0.535579,0.487890,0.610805,0.627407,0.573858,0.609018,0.545335,0.640576,0.575371,0.576085,0.569793,0.552263,0.564874,0.600764,0.608755,0.551605,0.543846,0.539522,0.622053,0.545101,0.630393,0.641977,0.573427,0.512824,0.514566,0.544111,0.599738,0.546995,0.566748,0.646411,0.598931,0.599841,0.579046,0.571114,0.587768,0.533615,0.607548,0.638480,0.600336,0.592678,0.591461,0.510080,0.551419,0.574672,0.553328,0.618081,0.571270,0.544643,0.603186,0.557943,0.651856,0.550614,0.595356,0.554290,0.584721,0.520119,0.623640,0.625870,0.603808,0.613132,0.596460,0.591359,0.564201,0.626728,0.585128,0.476184,0.521714,0.532218,0.617293,0.640460,0.635752,0.603934,0.677875,0.551754,0.563864,0.483693,0.617259,0.598267,0.629846,0.575460,0.597452,0.600329,0.572018,0.539608,0.552244,0.534220,0.589486,0.511231,0.618354,0.600720,0.564847,0.590030,0.568936,0.516595,0.533154,0.578560,0.598187,0.633471,0.535841,0.594217,0.657620,0.475447,0.569076,0.623174,0.521482,0.608756,0.518291,0.558193,0.541496,0.588490,0.608026,0.587353,0.529637,0.615870,0.553701,0.597724,0.575448,0.604126,0.534212,0.585745,0.500267,0.612797,0.629530,0.547887,0.537207,0.505938,0.610519,0.584753,0.513408,0.543993,0.650802,0.609690,0.601537,0.574299,0.558175,0.540924,0.540892,0.530887,0.637629,0.544349,0.542839,0.485064,0.535105,0.507842,0.551807,0.624368,0.594565,0.581059,0.614604,0.568540,0.571249,0.602609,0.616984,0.652225,0.533079,0.473783,0.568926,0.629903,0.584834,0.565214,0.570862,0.574189,0.567691,0.479693,0.551179,0.601369,0.475089,0.565096,0.605947,0.577804,0.555643,0.534394,0.527802,0.565041,0.567395,0.477427,#
15,0.679575,0.593503,0.609763,0.628624,0.620967,0.647485,0.580480,0.591260,0.683833,0.583639,0.607931,0.573830,0.564686,0.598338,0.622525,1.000000,0.642421,0.660521,0.633290,0.614976,0.606554,0.596653,0.599386,0.660755,0.581780,0.603181,0.604484,0.610990,0.573950,0.662930,0.594158,0.661775,0.586096,0.640380,0.550603,0.671609,0.639965,0.604687,0.677641,0.561404,0.590717,0.596993,0.624588,0.563030,0.669933,0.622237,0.574223,0.652887,0.643542,0.632440,0.566561,0.683675,0.621440,0.596129,0.619272,0.617559,0.598868,0.599823,0.617062,0.593375,0.641954,0.589244,0.621198,0.643579,0.606772,0.647360,0.560086,0.602147,0.550596,0.525511,0.609311,0.572078,0.579837,0.562403,0.601575,0.537789,0.592921,0.572051,0.604151,0.594365,0.669553,0.616857,0.548263,0.635422,0.684294,0.636978,0.583239,0.688679,0.590940,0.557001,0.571956,0.557157,0.612631,0.614633,0.606871,0.581861,0.626935,0.528701,0.574299,0.562138,0.678979,0.563317,0.637029,0.614171,0.547534,0.650504,0.628156,0.626970,0.555893,0.619444,0.545903,0.571893,0.600655,0.614112,0.548284,0.591997,0.581868,0.578157,0.576232,0.565145,0.604085,0.608680,0.592253,0.626922,0.589261,0.589796,0.644568,0.618880,0.580423,0.669751,0.543700,0.566411,0.572600,0.592405,0.641097,0.573906,0.543943,0.575332,0.622137,0.593258,0.574148,0.588459,0.592928,0.550970,0.588829,0.532943,0.585836,0.578655,0.631834,0.544753,0.613181,0.589237,0.662296,0.600327,0.620245,0.622241,0.677002,0.604784,0.607603,0.575175,0.562639,0.604283,0.699810,0.523395,0.611310,0.598291,0.634128,0.607018,0.657449,0.551483,0.547343,0.656491,0.560481,0.605846,0.620283,0.646651,0.653061,0.667222,0.546966,0.563832,0.617293,0.587898,0.577120,0.638901,0.587215,0.644263,0.515290,0.574590,0.540599,0.622588,0.518876,0.606951,0.619885,0.582057,0.581617,0.542050,0.603186,0.658336,0.643840,0.546931,#
16,0.669401,0.601619,0.538178,0.612700,0.628746,0.615338,0.605238,0.653621,0.595066,0.581227,0.591204,0.601415,0.641641,0.631351,0.597582,0.642421,1.000000,0.650091,0.618764,0.656534,0.682352,0.620125,0.543811,0.624607,0.558569,0.638908,0.640744,0.557283,0.536245,0.657015,0.593624,0.655245,0.651327,0.648255,0.596778,0.628921,0.627541,0.601933,0.626477,0.595297,0.604108,0.596359,0.619642,0.589534,0.628152,0.675516,0.571566,0.598771,0.609794,0.602073,0.605113,0.620959,0.646488,0.674439,0.627945,0.645962,0.542196,0.621536,0.628942,0.557893,0.574348,0.661569,0.623094,0.638257,0.666479,0.575228,0.562501,0.642957,0.634704,0.671434,0.560180,0.614660,0.682502,0.594321,0.595596,0.583252,0.559816,0.594726,0.627735,0.665280,0.661411,0.640809,0.606501,0.622723,0.636711,0.614556,0.674513,0.611008,0.628441,0.587390,0.574447,0.578392,0.650546,0.624837,0.628759,0.644146,0.656723,0.523793,0.617989,0.611993,0.598599,0.540344,0.622646,0.613030,0.575676,0.686056,0.656090,0.623830,0.640853,0.597087,0.614601,0.627721,0.649242,0.646036,0.621838,0.637801,0.657960,0.638613,0.558690,0.559941,0.604350,0.684319,0.613239,0.677265,0.670804,0.597096,0.624630,0.559533,0.559211,0.607675,0.616266,0.579004,0.676315,0.518682,0.704830,0.669894,0.581250,0.628879,0.586815,0.634435,0.586981,0.633570,0.628706,0.614912,0.598396,0.544662,0.594482,0.585359,0.619938,0.649182,0.543777,0.699281,0.581243,0.561943,0.685238,0.643301,0.644401,0.599659,0.641049,0.584745,0.557707,0.621919,0.708775,0.602036,0.596443,0.607144,0.635442,0.617580,0.638356,0.559059,0.627055,0.655585,0.589172,0.561453,0.612761,0.652770,0.580857,0.674158,0.572019,0.529326,0.606860,0.584518,0.607500,0.576836,0.631905,0.688143,0.610381,0.627069,0.585171,0.613499,0.653180,0.555411,0.571329,0.607017,0.598431,0.611420,0.572209,0.622063,0.627387,0.561746,#
17,0.677963,0.593506,0.604734,0.662460,0.675997,0.637795,0.638243,0.651823,0.669951,0.565009,0.600582,0.659210,0.650781,0.670241,0.572551,0.660521,0.650091,1.000000,0.634076,0.657887,0.679487,0.594588,0.592348,0.691182,0.653715,0.646917,0.643255,0.634622,0.573888,0.640811,0.626604,0.631307,0.630920,0.587781,0.565404,0.682157,0.593511,0.653178,0.692576,0.633373,0.673014,0.648133,0.655834,0.617585,0.639007,0.639199,0.624633,0.669173,0.652166,0.607980,0.665687,0.630893,0.632930,0.579078,0.651008,0.691424,0.626613,0.619091,0.641100,0.555350,0.619133,0.635404,0.591632,0.654715,0.663309,0.696292,0.659760,0.654056,0.627199,0.631136,0.590090,0.663143,0.630831,0.593906,0.588543,0.593389,0.616857,0.593091,0.607641,0.669026,0.659422,0.635311,0.678277,0.618172,0.619373,0.596687,0.690445,0.645701,0.644632,0.599439,0.619180,0.564988,0.682126,0.644453,0.598284,0.672677,0.647950,0.573144,0.590033,0.641753,0.655981,0.528164,0.637401,0.655806,0.571982,0.635066,0.643257,0.635773,0.598652,0.588094,0.645053,0.630478,0.613541,0.678094,0.650613,0.604665,0.608224,0.603322,0.571285,0.617679,0.604804,0.667068,0.611404,0.662179,0.702406,0.655491,0.648253,0.589004,0.572330,0.628558,0.682241,0.671523,0.657002,0.607504,0.634592,0.637397,0.625907,0.670337,0.652223,0.685187,0.663323,0.634006,0.687700,0.621671,0.630685,0.609665,0.615184,0.636373,0.616926,0.535617,0.647007,0.635569,0.603064,0.600965,0.708215,0.712653,0.705392,0.644284,0.655644,0.589309,0.601044,0.614752,0.723428,0.610743,0.640606,0.589466,0.565530,0.563140,0.636195,0.586184,0.679944,0.617989,0.640034,0.602005,0.661595,0.630212,0.654711,0.680834,0.541593,0.640720,0.646062,0.666402,0.637742,0.642012,0.637198,0.655756,0.596366,0.656812,0.610889,0.596113,0.596936,0.651558,0.660569,0.644312,0.662512,0.636978,0.585764,0.679231,0.615722,0.600525,#
18,0.662955,0.585228,0.579864,0.676511,0.640552,0.539785,0.621323,0.619473,0.623499,0.588064,0.622228,0.608917,0.638167,0.658329,0.592117,0.633290,0.618764,0.634076,1.000000,0.637068,0.660313,0.628148,0.616603,0.638694,0.592861,0.613771,0.594318,0.655566,0.589119,0.608604,0.527784,0.591145,0.642794,0.641734,0.612780,0.679095,0.610729,0.637643,0.628495,0.668663,0.667932,0.553471,0.617956,0.557225,0.695705,0.618458,0.607626,0.631711,0.598828,0.586447,0.600055,0.645765,0.663428,0.567832,0.643093,0.666006,0.568546,0.662725,0.597062,0.627989,0.628587,0.576221,0.626730,0.602075,0.701116,0.584006,0.596879,0.604712,0.544112,0.625758,0.593126,0.590818,0.609853,0.562163,0.638912,0.570266,0.624365,0.598381,0.655584,0.602954,0.608222,0.598435,0.646315,0.631764,0.613070,0.599489,0.638877,0.624616,0.627815,0.601618,0.626095,0.548895,0.637874,0.638016,0.694571,0.642856,0.661228,0.590763,0.637007,0.613894,0.647756,0.570561,0.644558,0.630591,0.635038,0.679753,0.587396,0.584770,0.622315,0.567038,0.657962,0.606629,0.671367,0.649611,0.573059,0.592552,0.593082,0.527221,0.571642,0.615339,0.594833,0.668163,0.618379,0.598047,0.629630,0.547739,0.618677,0.622640,0.650705,0.552088,0.587619,0.643560,0.556827,0.629700,0.662906,0.614394,0.652924,0.661870,0.576822,0.640147,0.578197,0.639011,0.611430,0.630217,0.590661,0.626811,0.609436,0.546896,0.592575,0.563479,0.593736,0.687337,0.603198,0.574523,0.646364,0.654629,0.650250,0.657444,0.629528,0.609274,0.617200,0.617115,0.687464,0.601146,0.614430,0.635056,0.664543,0.570170,0.607374,0.639519,0.577073,0.653383,0.641415,0.606737,0.573922,0.677641,0.648241,0.684209,0.567551,0.582301,0.589402,0.588417,0.612971,0.586751,0.618276,0.624347,0.630962,0.579343,0.600299,0.604123,0.580406,0.623354,0.602401,0.659053,0.647942,0.567933,0.590068,0.649968,0.669572,0.559222,#
19,0.615232,0.577958,0.594754,0.623735,0.684629,0.673242,0.535161,0.597821,0.619459,0.615821,0.601247,0.511458,0.620198,0.633402,0.626465,0.614976,0.656534,0.657887,0.637068,1.000000,0.637125,0.552317,0.562686,0.595042,0.548623,0.575942,0.639955,0.610172,0.592187,0.631205,0.627633,0.652852,0.590977,0.585523,0.540582,0.638172,0.596112,0.584268,0.630644,0.585080,0.635746,0.560863,0.587906,0.535376,0.605999,0.642430,0.665676,0.608879,0.608191,0.551290,0.570734,0.588655,0.585960,0.581060,0.604840,0.612775,0.629972,0.574018,0.608986,0.548727,0.636452,0.654531,0.651829,0.657455,0.675422,0.572538,0.559191,0.588080,0.533548,0.588639,0.607743,0.578953,0.615045,0.617554,0.622775,0.563729,0.566519,0.560763,0.643430,0.610295,0.632216,0.588115,0.655104,0.555184,0.590580,0.593835,0.613055,0.686867,0.618831,0.473489,0.594302,0.561019,0.655333,0.596310,0.594267,0.622763,0.642397,0.546410,0.534031,0.579387,0.609219,0.585437,0.641054,0.611627,0.600414,0.657724,0.597778,0.618985,0.586246,0.502410,0.544701,0.551020,0.639139,0.635351,0.610443,0.551289,0.650596,0.616661,0.548816,0.515834,0.569033,0.664168,0.581061,0.672930,0.680452,0.556010,0.658876,0.580589,0.613818,0.667176,0.576925,0.602678,0.593466,0.600640,0.670888,0.601322,0.585812,0.639676,0.575375,0.596974,0.564380,0.589414,0.610749,0.595563,0.567938,0.578770,0.555494,0.542477,0.613463,0.576936,0.591093,0.690027,0.583280,0.580621,0.679868,0.605394,0.648833,0.612009,0.622668,0.591679,0.615771,0.573848,0.640466,0.542666,0.630194,0.550067,0.532914,0.596470,0.630872,0.554684,0.621547,0.672404,0.663304,0.577791,0.600665,0.609003,0.634499,0.706205,0.577473,0.492399,0.519038,0.613375,0.614640,0.675771,0.644585,0.620692,0.546916,0.591025,0.616434,0.594485,0.605666,0.635688,0.568521,0.606239,0.573950,0.633254,0.496644,0.602654,0.636471,0.562358,#
20,0.642428,0.608361,0.613983,0.639917,0.706423,0.616779,0.685950,0.629631,0.617106,0.659362,0.613222,0.594299,0.621342,0.691029,0.630950,0.606554,0.682352,0.679487,0.660313,0.637125,1.000000,0.648335,0.557437,0.650254,0.621295,0.677571,0.664504,0.642052,0.604307,0.647619,0.587057,0.609885,0.644607,0.662718,0.608246,0.688584,0.666723,0.650726,0.678502,0.665789,0.654940,0.693654,0.613530,0.603049,0.721878,0.659632,0.681276,0.603275,0.612440,0.606041,0.602558,0.672560,0.619947,0.660492,0.673750,0.690983,0.647117,0.679080,0.644027,0.595568,0.663665,0.642579,0.691204,0.631802,0.685515,0.618533,0.630566,0.623662,0.660419,0.657707,0.658708,0.655865,0.617437,0.638604,0.643989,0.547364,0.588282,0.648287,0.662248,0.652544,0.632747,0.709571,0.668408,0.613034,0.625682,0.626537,0.678636,0.629136,0.663952,0.617402,0.651178,0.627271,0.652288,0.697022,0.724940,0.615833,0.603486,0.595167,0.646801,0.602324,0.679207,0.612973,0.718607,0.648366,0.649513,0.634661,0.662916,0.673494,0.638510,0.669261,0.667052,0.689994,0.645553,0.594502,0.646648,0.633941,0.669217,0.692525,0.561637,0.650702,0.637437,0.682427,0.607622,0.714966,0.671813,0.655848,0.649638,0.617065,0.650690,0.629802,0.661029,0.618621,0.634457,0.690404,0.698103,0.576064,0.628114,0.655515,0.653458,0.698799,0.636365,0.644183,0.635201,0.653114,0.623566,0.601206,0.633663,0.600784,0.619700,0.654019,0.683701,0.676964,0.637368,0.626137,0.705335,0.666371,0.664027,0.625344,0.628567,0.661148,0.618332,0.672313,0.683811,0.646971,0.682569,0.519746,0.568913,0.584703,0.659096,0.630508,0.670283,0.632204,0.704555,0.605896,0.619071,0.677257,0.610210,0.700987,0.639710,0.612827,0.613558,0.624009,0.614683,0.618872,0.630712,0.664526,0.595405,0.664682,0.606511,0.643269,0.524154,0.617853,0.598836,0.692348,0.632805,0.558821,0.627973,0.659969,0.682338,0.626630,#
21,0.556204,0.650557,0.591912,0.609016,0.574032,0.587717,0.581034,0.590134,0.666905,0.571429,0.527621,0.594692,0.566651,0.591831,0.544021,0.596653,0.620125,0.594588,0.628148,0.552317,0.648335,1.000000,0.539125,0.597333,0.536137,0.524596,0.620906,0.604132,0.546585,0.593664,0.567570,0.590278,0.597305,0.584261,0.559999,0.656891,0.635983,0.661183,0.646325,0.552822,0.585694,0.611132,0.569971,0.570638,0.625825,0.596428,0.566241,0.623345,0.564944,0.503634,0.569027,0.619006,0.542169,0.539750,0.583321,0.622090,0.574603,0.584024,0.584681,0.501637,0.620301,0.549262,0.604293,0.546065,0.682619,0.598847,0.568865,0.597274,0.598444,0.614205,0.591690,0.631059,0.646635,0.620821,0.595219,0.536664,0.515353,0.539320,0.597397,0.591703,0.577465,0.617605,0.598864,0.491378,0.643437,0.561873,0.617299,0.609354,0.591271,0.611624,0.528608,0.491424,0.578693,0.592027,0.629932,0.581745,0.623759,0.543143,0.546573,0.558568,0.670729,0.595267,0.607518,0.568369,0.540675,0.647680,0.559548,0.540083,0.605437,0.610222,0.634783,0.605630,0.561188,0.615143,0.538702,0.579989,0.638385,0.602722,0.506619,0.597748,0.540745,0.644143,0.567543,0.620700,0.604481,0.519078,0.592508,0.591124,0.600971,0.559979,0.596391,0.629118,0.629145,0.578698,0.636632,0.532615,0.564635,0.568485,0.558761,0.639735,0.618477,0.626810,0.599961,0.589311,0.571205,0.592353,0.604500,0.572222,0.553917,0.579234,0.624605,0.608288,0.564570,0.572292,0.651639,0.623726,0.592707,0.573254,0.575503,0.555376,0.581158,0.632471,0.675692,0.622288,0.643029,0.521023,0.578968,0.572436,0.561415,0.638816,0.570612,0.564637,0.597160,0.515238,0.574089,0.645467,0.557213,0.648926,0.515517,0.543453,0.546824,0.591309,0.508425,0.627308,0.565452,0.635032,0.576293,0.526997,0.543620,0.617651,0.584133,0.553579,0.606344,0.624598,0.633971,0.547913,0.590706,0.637810,0.618052,0.555738,#
