0,1.000000,0.825379,0.843382,0.823614,0.800825,0.837284,0.832277,0.833199,0.823598,0.805231,0.826208,0.845488,0.810755,0.814524,0.826625,0.818926,0.846795,0.855665,0.837142,0.828429,0.838616,0.797887,0.826906,0.865395,0.788111,0.811531,0.819535,0.825655,0.806318,0.840581,0.813148,0.848651,0.820799,0.813103,0.836024,0.826167,0.806043,0.820527,0.827561,0.833858,0.830732,0.799473,0.857918,0.804488,0.830935,0.798514,0.836244,0.860905,0.830418,0.847519,0.821956,0.840399,0.844480,0.844221,0.839104,0.841881,0.823936,0.850633,0.815422,0.822031,0.840181,0.816578,0.837926,0.839069,0.841843,0.823953,0.852745,0.831564,0.809343,0.805737,0.814845,0.806922,0.865829,0.844886,0.818699,0.805538,0.856658,0.829080,0.839112,0.821119,0.855428,0.824724,0.836034,0.839992,0.842274,0.855952,0.838011,0.838623,0.808204,0.829178,0.809844,0.817866,0.840567,0.824751,0.827594,0.827427,0.805864,0.799591,0.834973,0.847374,0.832485,0.827360,0.810964,0.836761,0.811596,0.825438,0.821298,0.852611,0.840685,0.799693,0.829548,0.824505,0.834338,0.808457,0.814342,0.852108,0.798508,0.817153,0.815430,0.805169,0.803630,0.880673,0.842618,0.855869,0.845321,0.824002,0.821470,0.800167,0.774724,0.823279,0.806884,0.842896,0.831436,0.796943,0.836482,0.834284,0.815613,0.827269,0.800521,0.841524,0.819616,0.817347,0.784158,0.842832,0.838166,0.755329,0.817633,0.794337,0.841111,0.817022,0.814839,0.828080,0.840420,0.794836,0.820093,0.807230,0.835137,0.837639,0.853359,0.823598,0.847740,0.851193,0.818628,0.821734,0.810599,0.832748,0.841442,0.804257,0.837252,0.822079,0.834244,0.822108,0.826612,0.855446,0.851313,0.821147,0.843128,0.854635,0.823993,0.812453,0.810794,0.851829,0.805421,0.813218,0.819370,0.802273,0.798406,0.828848,0.818915,0.814670,0.806960,0.837223,0.817075,0.827933,0.820250,0.839529,0.804975,0.839246,0.823620,0.818298,#
1,0.825379,1.000000,0.811931,0.824100,0.813015,0.847050,0.788375,0.825422,0.842383,0.819489,0.830373,0.832518,0.808240,0.809176,0.813879,0.807103,0.814281,0.820355,0.815217,0.832925,0.829161,0.846732,0.839830,0.829324,0.805062,0.785508,0.821964,0.835616,0.793688,0.799882,0.845060,0.839224,0.827120,0.847490,0.805967,0.832068,0.792390,0.824343,0.845011,0.832608,0.819440,0.798991,0.813448,0.809642,0.803112,0.816593,0.855702,0.830183,0.855870,0.829596,0.816773,0.857282,0.837991,0.812203,0.848731,0.835979,0.809370,0.825927,0.811858,0.810428,0.795969,0.807558,0.793222,0.801727,0.830732,0.835389,0.857004,0.847759,0.837238,0.834459,0.824553,0.825774,0.878976,0.800640,0.835942,0.827412,0.806012,0.820735,0.840652,0.806605,0.843617,0.829473,0.851905,0.843193,0.847241,0.825799,0.816850,0.839642,0.833206,0.820516,0.807909,0.813648,0.826699,0.830053,0.810458,0.806199,0.810644,0.806851,0.815103,0.825777,0.838591,0.821782,0.799454,0.818572,0.796173,0.825037,0.810771,0.846004,0.823067,0.789515,0.809747,0.813189,0.813590,0.815852,0.799964,0.836949,0.823986,0.831950,0.808937,0.771296,0.821114,0.847422,0.816048,0.840876,0.814599,0.803834,0.818366,0.817292,0.826930,0.841949,0.792911,0.857283,0.812033,0.809733,0.850250,0.816506,0.821672,0.820833,0.819510,0.802488,0.838625,0.819215,0.816902,0.839476,0.819547,0.787771,0.804219,0.786170,0.842336,0.809494,0.850220,0.847920,0.824716,0.777560,0.856929,0.807167,0.827285,0.838057,0.801649,0.800105,0.805871,0.840372,0.820551,0.846146,0.827799,0.782636,0.823108,0.789923,0.804083,0.818461,0.825643,0.814215,0.813924,0.834754,0.830106,0.813903,0.826990,0.848347,0.797660,0.815970,0.810389,0.805070,0.814427,0.803048,0.819325,0.854570,0.807165,0.755924,0.827088,0.825672,0.830639,0.825073,0.799900,0.804640,0.828475,0.781662,0.792798,0.857419,0.805287,0.826859,#
2,0.843382,0.811931,1.000000,0.829576,0.816944,0.832222,0.808229,0.833637,0.837078,0.818434,0.817071,0.807410,0.768218,0.826909,0.810022,0.800433,0.804618,0.829973,0.806029,0.830528,0.825967,0.804719,0.811225,0.851540,0.789131,0.798326,0.851045,0.833946,0.823955,0.831899,0.827991,0.824025,0.832708,0.820661,0.810101,0.823865,0.818142,0.817810,0.850752,0.817480,0.809032,0.810313,0.835492,0.796055,0.794495,0.809925,0.856961,0.802945,0.800898,0.835492,0.814510,0.839796,0.835442,0.843625,0.857513,0.840447,0.832748,0.814801,0.812505,0.820442,0.858855,0.823212,0.813425,0.830698,0.839179,0.828178,0.831701,0.813013,0.809993,0.822098,0.839925,0.807950,0.846622,0.827769,0.848668,0.809597,0.824803,0.819861,0.825873,0.846045,0.847600,0.832816,0.864941,0.806952,0.861056,0.847762,0.828468,0.855159,0.814384,0.814200,0.833491,0.837328,0.846197,0.818977,0.842957,0.808204,0.798859,0.795070,0.862366,0.828470,0.845232,0.811426,0.795319,0.815167,0.800588,0.854994,0.848236,0.839834,0.834134,0.787903,0.826227,0.796665,0.852604,0.804424,0.798527,0.814008,0.798402,0.826844,0.822310,0.774098,0.798738,0.816905,0.801529,0.850819,0.830254,0.792529,0.814920,0.811392,0.810570,0.844534,0.832501,0.857176,0.849193,0.846523,0.840531,0.821339,0.818265,0.818317,0.813443,0.795769,0.819052,0.841268,0.777673,0.806166,0.814767,0.811615,0.792456,0.791157,0.820678,0.826666,0.828515,0.828396,0.828496,0.819978,0.814843,0.810854,0.821518,0.792158,0.825067,0.797051,0.788757,0.796257,0.825610,0.817629,0.794271,0.821301,0.837463,0.772966,0.814513,0.805163,0.822008,0.823255,0.827310,0.811792,0.827410,0.814235,0.806811,0.851675,0.804566,0.784344,0.799777,0.855317,0.784923,0.836552,0.803744,0.816340,0.796696,0.778059,0.814363,0.813289,0.811975,0.822359,0.848361,0.827813,0.804754,0.828187,0.787525,0.834502,0.796110,0.823980,#
3,0.823614,0.824100,0.829576,1.000000,0.830455,0.821456,0.809138,0.826508,0.845773,0.828584,0.821318,0.830201,0.804651,0.809218,0.814772,0.820356,0.814832,0.821921,0.849771,0.812720,0.829134,0.848916,0.814287,0.830872,0.818394,0.824918,0.843377,0.839159,0.820202,0.823361,0.836577,0.860077,0.831810,0.850844,0.827447,0.828632,0.804210,0.833826,0.817800,0.838427,0.822272,0.820788,0.823949,0.815837,0.814578,0.846363,0.843352,0.831935,0.829615,0.821956,0.830563,0.812388,0.844717,0.811811,0.836031,0.847857,0.807199,0.839731,0.854416,0.829785,0.812267,0.808037,0.798294,0.829430,0.870602,0.810281,0.817638,0.802778,0.776447,0.828365,0.814620,0.834891,0.861897,0.825288,0.817654,0.798175,0.819234,0.822302,0.817793,0.840502,0.853127,0.812067,0.849996,0.834924,0.836600,0.839407,0.833279,0.828850,0.812714,0.831956,0.828026,0.828159,0.849488,0.839032,0.831590,0.829190,0.793444,0.788753,0.816412,0.810214,0.819748,0.811338,0.784016,0.805157,0.852918,0.822258,0.831718,0.846865,0.816646,0.807431,0.821257,0.789689,0.814459,0.820741,0.805528,0.836152,0.792702,0.815459,0.827859,0.769750,0.793173,0.850132,0.808656,0.812288,0.810252,0.814836,0.829717,0.834494,0.792247,0.819306,0.804465,0.856234,0.809035,0.832781,0.847772,0.851471,0.833720,0.796739,0.791053,0.802964,0.803051,0.841022,0.824596,0.806351,0.806234,0.833013,0.798503,0.827886,0.822975,0.816972,0.816818,0.814532,0.821779,0.813187,0.833898,0.784908,0.838572,0.810948,0.829122,0.815704,0.817143,0.818769,0.798063,0.839049,0.809687,0.811906,0.830365,0.779940,0.836879,0.818776,0.832247,0.824680,0.815700,0.839037,0.807422,0.827409,0.820668,0.845377,0.812336,0.808142,0.783904,0.848714,0.786993,0.816186,0.799846,0.821656,0.796695,0.780604,0.834446,0.845788,0.807672,0.807979,0.813921,0.818015,0.821678,0.823247,0.817451,0.830856,0.802797,0.822487,#
4,0.800825,0.813015,0.816944,0.830455,1.000000,0.835027,0.821563,0.822209,0.798378,0.806844,0.791505,0.838919,0.791449,0.822285,0.801782,0.823275,0.829067,0.842480,0.822230,0.854477,0.852926,0.817135,0.813199,0.846521,0.782416,0.795525,0.830039,0.809733,0.808721,0.808494,0.857325,0.828713,0.861858,0.814658,0.800707,0.812587,0.809481,0.815669,0.827613,0.841253,0.816216,0.792244,0.813866,0.824263,0.818639,0.831204,0.842744,0.816302,0.823843,0.815228,0.809966,0.818793,0.835470,0.815769,0.838563,0.829467,0.795007,0.821033,0.847465,0.831666,0.796127,0.829092,0.813911,0.804647,0.848549,0.827990,0.823626,0.812164,0.787222,0.815835,0.829200,0.838857,0.842662,0.812906,0.821454,0.794105,0.813403,0.827256,0.832354,0.830333,0.813451,0.816778,0.849158,0.801302,0.842135,0.814552,0.812971,0.808052,0.824255,0.825627,0.804857,0.799107,0.818165,0.818994,0.815459,0.817505,0.804365,0.782896,0.798164,0.823202,0.852301,0.830701,0.806069,0.810664,0.814237,0.822760,0.826600,0.822034,0.826056,0.812642,0.802100,0.803883,0.831724,0.846195,0.798630,0.815273,0.814415,0.841338,0.783068,0.771759,0.798331,0.837556,0.840645,0.827460,0.814343,0.805064,0.810189,0.811166,0.845791,0.835921,0.842246,0.831896,0.803177,0.831616,0.858930,0.837403,0.814828,0.803836,0.800890,0.774688,0.779543,0.840764,0.820635,0.814990,0.809025,0.794231,0.824198,0.767054,0.808414,0.848124,0.814958,0.866786,0.805670,0.790620,0.851669,0.807492,0.847714,0.792119,0.827854,0.802704,0.793548,0.816470,0.842314,0.808343,0.794684,0.792734,0.801087,0.781347,0.810721,0.826271,0.802974,0.824030,0.833133,0.818659,0.844520,0.825527,0.825871,0.850746,0.802796,0.793557,0.820905,0.825619,0.817596,0.798876,0.845529,0.828967,0.775267,0.821760,0.791841,0.808110,0.777125,0.788291,0.781510,0.824870,0.811585,0.803079,0.806232,0.813748,0.832485,0.808342,#
5,0.837284,0.847050,0.832222,0.821456,0.835027,1.000000,0.785834,0.840106,0.830860,0.811799,0.818371,0.814552,0.793656,0.812353,0.810089,0.822004,0.831705,0.839270,0.805444,0.863031,0.833990,0.798853,0.815707,0.845248,0.813963,0.825974,0.859937,0.847361,0.796493,0.824011,0.852778,0.856178,0.848192,0.846464,0.802566,0.849702,0.811536,0.802768,0.831516,0.826497,0.833087,0.804255,0.791649,0.828513,0.832482,0.840300,0.860772,0.859679,0.853209,0.817995,0.835793,0.816722,0.836463,0.849090,0.809092,0.888947,0.834209,0.828345,0.867216,0.843885,0.796340,0.830646,0.826820,0.844690,0.839393,0.816171,0.828642,0.836152,0.823730,0.813820,0.843138,0.820703,0.876715,0.810616,0.827107,0.821296,0.838256,0.858991,0.827373,0.836815,0.870437,0.833676,0.861589,0.840498,0.816363,0.851734,0.838391,0.844186,0.843937,0.815804,0.803229,0.811185,0.848519,0.848022,0.814620,0.780625,0.820425,0.824084,0.865866,0.821674,0.857133,0.833661,0.846403,0.835624,0.823621,0.842103,0.833940,0.850118,0.809773,0.815005,0.804991,0.841804,0.819018,0.797179,0.792649,0.814625,0.839847,0.838471,0.811917,0.777299,0.799233,0.856226,0.827681,0.865093,0.804434,0.811463,0.854510,0.803461,0.809624,0.829025,0.837425,0.870749,0.853948,0.854629,0.840917,0.820008,0.826769,0.834517,0.811098,0.788607,0.825279,0.819247,0.826443,0.840536,0.866850,0.783852,0.792550,0.808356,0.846109,0.848316,0.848366,0.839301,0.819080,0.806937,0.832318,0.797977,0.864921,0.828921,0.838460,0.811194,0.826866,0.835923,0.835743,0.823694,0.841436,0.798453,0.785146,0.832916,0.829944,0.816209,0.868856,0.835932,0.819502,0.831264,0.832049,0.816324,0.822469,0.863092,0.834554,0.831553,0.838860,0.833149,0.801206,0.811520,0.831109,0.840702,0.804572,0.802823,0.822228,0.838499,0.798124,0.843484,0.790304,0.830625,0.786396,0.822801,0.793800,0.838923,0.828298,0.820458,#
6,0.832277,0.788375,0.808229,0.809138,0.821563,0.785834,1.000000,0.792167,0.822946,0.796412,0.794767,0.805921,0.801044,0.825610,0.767288,0.820186,0.820874,0.843639,0.807272,0.796486,0.851563,0.804182,0.776419,0.819332,0.799669,0.803531,0.812512,0.808459,0.799366,0.835425,0.813764,0.827888,0.830763,0.817027,0.806547,0.831172,0.799897,0.794872,0.802871,0.831978,0.815521,0.811695,0.836308,0.802360,0.833507,0.775766,0.829887,0.800419,0.848549,0.837556,0.819364,0.838680,0.834229,0.779792,0.842988,0.822523,0.822898,0.838575,0.836345,0.780275,0.825314,0.799750,0.801249,0.801833,0.861002,0.808886,0.855597,0.813453,0.806873,0.791795,0.816514,0.828140,0.828925,0.830782,0.800917,0.804033,0.818941,0.811451,0.827326,0.798332,0.836934,0.823977,0.817579,0.825997,0.811543,0.817058,0.811792,0.811211,0.819796,0.824448,0.790398,0.803486,0.788738,0.809791,0.805921,0.795536,0.824236,0.802950,0.805187,0.820977,0.828845,0.818278,0.821223,0.807807,0.812061,0.775464,0.822185,0.805544,0.805153,0.770930,0.779271,0.792694,0.783111,0.794558,0.785810,0.788767,0.805887,0.814312,0.787923,0.791048,0.802517,0.827353,0.796043,0.850785,0.828280,0.830756,0.788592,0.805980,0.762861,0.810437,0.817866,0.825368,0.807456,0.783345,0.826666,0.815776,0.824696,0.787520,0.831080,0.818884,0.816005,0.831255,0.778231,0.800799,0.800719,0.808826,0.797824,0.788253,0.809540,0.802576,0.820002,0.839785,0.778095,0.764477,0.802617,0.780157,0.820514,0.786878,0.825232,0.819686,0.804037,0.821053,0.794668,0.813314,0.809651,0.807381,0.840430,0.743565,0.814239,0.801816,0.828914,0.816622,0.771834,0.781417,0.814443,0.824837,0.809120,0.833404,0.804116,0.797910,0.812794,0.812744,0.816111,0.821461,0.807675,0.811682,0.776921,0.800240,0.771023,0.801421,0.773202,0.810056,0.783751,0.812402,0.814531,0.816444,0.810313,0.834556,0.806876,0.798687,#
7,0.833199,0.825422,0.833637,0.826508,0.822209,0.840106,0.792167,1.000000,0.871063,0.811201,0.823022,0.817795,0.804021,0.831608,0.839879,0.790703,0.833197,0.835064,0.832615,0.828394,0.846754,0.810722,0.854597,0.833270,0.820647,0.831164,0.833070,0.839200,0.818868,0.840469,0.798347,0.843389,0.817829,0.836574,0.809132,0.828304,0.825326,0.817256,0.839138,0.827911,0.818994,0.819489,0.819790,0.829868,0.823011,0.826276,0.851546,0.848847,0.828291,0.818604,0.839513,0.832167,0.842075,0.859533,0.840582,0.835931,0.816259,0.838248,0.827667,0.842235,0.787260,0.830203,0.828328,0.827487,0.852176,0.839177,0.849547,0.821629,0.833538,0.825921,0.834530,0.783977,0.876910,0.836530,0.849626,0.808998,0.833582,0.823355,0.828866,0.821307,0.864186,0.830703,0.854015,0.827845,0.835634,0.834944,0.855775,0.831858,0.818160,0.833490,0.805208,0.838793,0.838519,0.824095,0.842922,0.802878,0.824819,0.838560,0.846694,0.830951,0.844478,0.809889,0.810251,0.820795,0.823872,0.827640,0.826661,0.839926,0.825079,0.798682,0.857110,0.814263,0.839657,0.817933,0.818717,0.829098,0.808568,0.802788,0.811439,0.821023,0.821480,0.842609,0.812263,0.856975,0.855674,0.816670,0.826925,0.833439,0.793025,0.805363,0.825720,0.839742,0.851547,0.806026,0.854701,0.859128,0.825797,0.838284,0.796541,0.811563,0.814706,0.831502,0.840932,0.817819,0.829952,0.810953,0.819456,0.777060,0.843677,0.828505,0.814118,0.837741,0.831548,0.805606,0.825146,0.838880,0.842155,0.833169,0.835029,0.827008,0.835211,0.797729,0.852324,0.808793,0.812239,0.813667,0.835726,0.785296,0.803996,0.800853,0.859219,0.836904,0.822095,0.839513,0.833521,0.814004,0.818180,0.837366,0.820640,0.822242,0.828737,0.823392,0.813631,0.815954,0.809309,0.843853,0.800274,0.778156,0.820607,0.851673,0.825601,0.824977,0.803737,0.798366,0.825573,0.823807,0.806729,0.860195,0.836333,0.821976,#
8,0.823598,0.842383,0.837078,0.845773,0.798378,0.830860,0.822946,0.871063,1.000000,0.838886,0.809516,0.831141,0.810909,0.845533,0.829559,0.838916,0.807173,0.858928,0.808755,0.847322,0.839866,0.850420,0.829871,0.827097,0.806236,0.830593,0.840658,0.842643,0.826674,0.841204,0.830669,0.850259,0.833951,0.828918,0.791356,0.849544,0.822723,0.829690,0.823379,0.831988,0.815162,0.822734,0.864415,0.815073,0.821585,0.809280,0.837015,0.841510,0.845993,0.835932,0.854544,0.848544,0.812232,0.857323,0.834364,0.863316,0.833098,0.846395,0.818036,0.822252,0.833299,0.826073,0.863589,0.833512,0.856676,0.847589,0.846313,0.845102,0.852246,0.830692,0.838405,0.820626,0.867988,0.847630,0.836573,0.813819,0.828919,0.838950,0.834050,0.831065,0.863653,0.834876,0.840057,0.831591,0.847069,0.840426,0.824878,0.849716,0.812551,0.821053,0.827331,0.825684,0.840025,0.834231,0.839773,0.816403,0.824951,0.827912,0.861027,0.833384,0.852394,0.807160,0.832844,0.850430,0.815631,0.837035,0.836986,0.846056,0.810195,0.822552,0.818332,0.824727,0.840076,0.806475,0.812668,0.846716,0.810984,0.813572,0.826244,0.828335,0.809430,0.838521,0.826343,0.851038,0.827949,0.845924,0.813623,0.827536,0.813566,0.834485,0.810532,0.843993,0.852763,0.832129,0.867210,0.836813,0.828461,0.811090,0.808294,0.825057,0.813205,0.847197,0.849692,0.814956,0.828090,0.798935,0.816598,0.803292,0.845021,0.833369,0.827650,0.844209,0.816599,0.851875,0.832591,0.823602,0.837868,0.844697,0.847859,0.845944,0.817042,0.802539,0.852407,0.837851,0.818021,0.809439,0.823592,0.797715,0.837009,0.817990,0.852080,0.844598,0.813151,0.830294,0.853180,0.820244,0.827067,0.858667,0.823194,0.800646,0.820535,0.843941,0.800087,0.848813,0.841395,0.830891,0.836850,0.798532,0.814326,0.843568,0.836883,0.831359,0.845698,0.822635,0.816582,0.819198,0.806331,0.837680,0.834459,0.843289,#
9,0.805231,0.819489,0.818434,0.828584,0.806844,0.811799,0.796412,0.811201,0.838886,1.000000,0.798387,0.793612,0.803549,0.814921,0.827446,0.822172,0.806532,0.818803,0.826058,0.813247,0.845071,0.800990,0.819373,0.849825,0.791976,0.781657,0.819833,0.853029,0.792248,0.830384,0.802141,0.843519,0.831914,0.825402,0.804995,0.823272,0.804377,0.795678,0.828279,0.826574,0.831236,0.802459,0.809550,0.795050,0.829030,0.793658,0.821454,0.819845,0.800520,0.804500,0.807907,0.802006,0.791722,0.806126,0.824037,0.834887,0.819581,0.850558,0.810586,0.811384,0.814072,0.802864,0.816588,0.807788,0.825453,0.842163,0.839302,0.830818,0.830593,0.794192,0.828677,0.792656,0.835269,0.804908,0.823162,0.802031,0.813459,0.845991,0.827991,0.853262,0.825188,0.823680,0.820148,0.844745,0.835180,0.808587,0.813209,0.858615,0.808133,0.781745,0.804166,0.813525,0.828748,0.807203,0.820271,0.781182,0.801430,0.811150,0.828407,0.798189,0.847747,0.817974,0.830706,0.817187,0.828281,0.825911,0.812471,0.824370,0.833530,0.821059,0.822723,0.813271,0.842028,0.816394,0.775339,0.837091,0.760921,0.790880,0.773767,0.774352,0.786243,0.831166,0.814202,0.839896,0.817082,0.808595,0.813412,0.796319,0.822853,0.813478,0.805659,0.834028,0.822953,0.834259,0.838807,0.804568,0.807073,0.793403,0.786866,0.799357,0.812131,0.850608,0.822198,0.831136,0.808580,0.809808,0.805020,0.793195,0.816183,0.808409,0.796214,0.801698,0.812399,0.807187,0.824445,0.803890,0.813307,0.815144,0.821958,0.817026,0.820039,0.817917,0.824835,0.822990,0.811087,0.815528,0.788544,0.782182,0.846735,0.799033,0.836275,0.838751,0.797719,0.799479,0.824421,0.847685,0.814209,0.848557,0.792692,0.822481,0.820582,0.806247,0.806202,0.804217,0.808582,0.842915,0.771193,0.774909,0.843852,0.787224,0.802220,0.817707,0.787310,0.784841,0.781366,0.796198,0.810708,0.826247,0.794453,0.789731,#
10,0.826208,0.830373,0.817071,0.821318,0.791505,0.818371,0.794767,0.823022,0.809516,0.798387,1.000000,0.812636,0.756155,0.794904,0.778776,0.802855,0.818087,0.796570,0.803426,0.811122,0.820280,0.771419,0.817626,0.850372,0.779747,0.788953,0.818291,0.843704,0.784279,0.824557,0.808267,0.821289,0.818189,0.830327,0.807392,0.825586,0.803185,0.808893,0.818426,0.802210,0.826886,0.785478,0.800706,0.776275,0.814846,0.817232,0.852410,0.829072,0.832357,0.856327,0.792141,0.836129,0.822032,0.784257,0.826300,0.841077,0.812225,0.830277,0.794363,0.812222,0.808552,0.814950,0.839933,0.827687,0.838932,0.780566,0.836983,0.790862,0.816829,0.800093,0.825661,0.816855,0.859482,0.774251,0.809369,0.825311,0.803838,0.838668,0.813587,0.801022,0.859874,0.815962,0.824776,0.809301,0.821456,0.799416,0.819535,0.813735,0.808775,0.845068,0.790081,0.837990,0.840303,0.799792,0.796884,0.806904,0.762875,0.804997,0.834576,0.830797,0.815200,0.798548,0.795404,0.830212,0.845530,0.794788,0.819359,0.814452,0.804347,0.787628,0.786633,0.794061,0.827321,0.796955,0.779196,0.837405,0.780108,0.808870,0.805094,0.782465,0.795332,0.838787,0.776394,0.832832,0.773387,0.801792,0.824356,0.808085,0.809119,0.814072,0.776465,0.820765,0.795377,0.803440,0.838114,0.850594,0.791040,0.799786,0.797689,0.818083,0.837712,0.815634,0.769071,0.803700,0.782543,0.774079,0.801496,0.773503,0.823022,0.805905,0.796561,0.810927,0.814814,0.784745,0.819313,0.777230,0.854220,0.826468,0.807076,0.787439,0.834865,0.786886,0.808500,0.818142,0.801434,0.783068,0.820732,0.780124,0.824570,0.832131,0.813422,0.811982,0.768899,0.803570,0.831419,0.799734,0.807099,0.838152,0.773386,0.817698,0.784826,0.789655,0.810465,0.793979,0.780182,0.822427,0.777742,0.775733,0.769985,0.817431,0.804112,0.788198,0.797050,0.808768,0.815403,0.807914,0.792208,0.836167,0.799679,0.822264,#
11,0.845488,0.832518,0.807410,0.830201,0.838919,0.814552,0.805921,0.817795,0.831141,0.793612,0.812636,1.000000,0.818432,0.820995,0.816302,0.805334,0.825852,0.861320,0.849478,0.811510,0.829458,0.809119,0.830374,0.826513,0.802192,0.815455,0.804012,0.819510,0.818854,0.802650,0.824079,0.846360,0.842616,0.838660,0.789759,0.829393,0.842463,0.839849,0.809931,0.843901,0.822883,0.800194,0.830265,0.805813,0.811291,0.798614,0.873225,0.842225,0.820156,0.843474,0.811133,0.827228,0.849259,0.828818,0.845350,0.840197,0.792316,0.854013,0.816231,0.822692,0.788723,0.804124,0.849896,0.807680,0.841441,0.819232,0.837630,0.823200,0.839185,0.831901,0.839779,0.813156,0.848542,0.827185,0.846646,0.782642,0.843124,0.841590,0.807373,0.782488,0.837797,0.824487,0.845697,0.819921,0.859487,0.820430,0.800252,0.813496,0.809024,0.799368,0.827867,0.827854,0.826762,0.809799,0.811295,0.832804,0.789891,0.803867,0.815256,0.828726,0.816257,0.831511,0.825864,0.823833,0.839508,0.831008,0.824988,0.847575,0.844707,0.811762,0.835147,0.838903,0.840490,0.787719,0.769871,0.829069,0.807952,0.820780,0.797682,0.821424,0.779069,0.838815,0.819442,0.839342,0.828052,0.807070,0.827968,0.806940,0.813037,0.842002,0.827478,0.834506,0.835158,0.827181,0.838368,0.823857,0.826699,0.813830,0.815666,0.824143,0.815939,0.813717,0.818105,0.837943,0.836753,0.777146,0.824098,0.798979,0.822100,0.835576,0.814990,0.815076,0.811519,0.836322,0.848790,0.795739,0.841348,0.808129,0.818974,0.804137,0.826046,0.828519,0.837337,0.813536,0.827034,0.782804,0.839042,0.773065,0.829580,0.847571,0.837598,0.806150,0.829963,0.852723,0.824277,0.815531,0.833402,0.838160,0.793353,0.831028,0.820696,0.805262,0.840663,0.797119,0.838047,0.806786,0.793707,0.820960,0.800151,0.817295,0.823914,0.821796,0.819315,0.818056,0.814586,0.810704,0.811961,0.833741,0.808678,0.808854,#
12,0.810755,0.808240,0.768218,0.804651,0.791449,0.793656,0.801044,0.804021,0.810909,0.803549,0.756155,0.818432,1.000000,0.814786,0.813051,0.781433,0.806412,0.827366,0.825934,0.800899,0.818144,0.775574,0.817420,0.834187,0.779330,0.801067,0.797574,0.811411,0.814501,0.788616,0.789103,0.815014,0.817634,0.819211,0.798024,0.809317,0.794549,0.799127,0.800706,0.813455,0.757226,0.752566,0.795691,0.815562,0.809899,0.805122,0.840012,0.795084,0.809904,0.799638,0.848445,0.783894,0.792265,0.806738,0.825406,0.824162,0.786419,0.813168,0.796158,0.778878,0.776508,0.799829,0.786231,0.786734,0.836740,0.816966,0.798325,0.794591,0.825074,0.803274,0.809008,0.785635,0.836960,0.792988,0.824840,0.798564,0.816030,0.804209,0.807707,0.808286,0.826946,0.801849,0.812785,0.814690,0.780154,0.814857,0.777894,0.803258,0.797716,0.774698,0.794319,0.781620,0.822360,0.770515,0.779538,0.810513,0.834484,0.798809,0.778113,0.786369,0.771238,0.815689,0.801591,0.832953,0.772453,0.789559,0.784040,0.792184,0.814103,0.794828,0.803343,0.784905,0.805909,0.773695,0.818353,0.801552,0.769766,0.775003,0.791521,0.763746,0.776557,0.830321,0.790753,0.834708,0.815003,0.805665,0.800762,0.754797,0.757405,0.791739,0.769775,0.799169,0.779550,0.792789,0.803292,0.798056,0.793074,0.812221,0.798580,0.762699,0.812038,0.829035,0.796800,0.811816,0.781352,0.797543,0.809699,0.764488,0.810149,0.828907,0.793855,0.798739,0.810836,0.759229,0.814123,0.826999,0.825242,0.807464,0.820804,0.783058,0.799728,0.823533,0.814536,0.800841,0.828778,0.751708,0.789114,0.813049,0.772215,0.781745,0.819448,0.801903,0.792004,0.803115,0.801411,0.785681,0.829064,0.837856,0.775996,0.764465,0.789516,0.814725,0.792509,0.772203,0.755415,0.810518,0.774010,0.811313,0.802951,0.789917,0.770597,0.784811,0.764624,0.788640,0.766937,0.807876,0.781774,0.817798,0.820089,0.755300,#
13,0.814524,0.809176,0.826909,0.809218,0.822285,0.812353,0.825610,0.831608,0.845533,0.814921,0.794904,0.820995,0.814786,1.000000,0.800067,0.796200,0.799432,0.860579,0.837799,0.820304,0.836642,0.810346,0.847594,0.825790,0.799072,0.816203,0.810926,0.848208,0.829601,0.857570,0.792319,0.830451,0.856971,0.846699,0.769390,0.818785,0.812072,0.831281,0.823491,0.839130,0.848402,0.813947,0.833686,0.812161,0.846569,0.822204,0.835389,0.837311,0.854395,0.834817,0.835529,0.854146,0.814465,0.828247,0.855762,0.866135,0.826102,0.850797,0.821944,0.828369,0.815408,0.813308,0.817898,0.830688,0.861140,0.824516,0.841605,0.824250,0.850865,0.806978,0.806655,0.811713,0.835963,0.845386,0.848312,0.809615,0.823731,0.840859,0.846515,0.832981,0.845523,0.828052,0.863459,0.834873,0.825821,0.837619,0.798411,0.807520,0.843525,0.820005,0.807963,0.815602,0.839268,0.831684,0.818261,0.790774,0.816078,0.805000,0.825700,0.850341,0.834520,0.821285,0.830068,0.852399,0.827093,0.855477,0.815741,0.840827,0.820005,0.802044,0.827312,0.827342,0.832221,0.823807,0.820008,0.833481,0.785788,0.841206,0.832002,0.808530,0.809856,0.837737,0.800840,0.812031,0.815835,0.796920,0.831223,0.788991,0.803244,0.814036,0.820275,0.823316,0.822236,0.819093,0.855061,0.824796,0.805096,0.828097,0.853491,0.799856,0.808730,0.857980,0.851676,0.811141,0.793008,0.804877,0.834214,0.799043,0.841197,0.820408,0.826574,0.849563,0.806670,0.811716,0.832929,0.820206,0.836541,0.810116,0.847906,0.801835,0.838620,0.818784,0.829499,0.832504,0.824057,0.805860,0.829668,0.793521,0.840461,0.804749,0.836951,0.839083,0.843952,0.826125,0.852229,0.829643,0.832682,0.872167,0.820809,0.822338,0.808914,0.828385,0.844331,0.809777,0.829899,0.840401,0.793998,0.814448,0.777642,0.808591,0.831885,0.819459,0.823737,0.832667,0.833109,0.803210,0.813463,0.836042,0.832933,0.795261,#
14,0.826625,0.813879,0.810022,0.814772,0.801782,0.810089,0.767288,0.839879,0.829559,0.827446,0.778776,0.816302,0.813051,0.800067,1.000000,0.808214,0.801155,0.798404,0.799587,0.808406,0.820465,0.798798,0.812764,0.848342,0.796066,0.760659,0.821764,0.813468,0.815644,0.820396,0.816139,0.821851,0.805686,0.801928,0.808525,0.815460,0.777974,0.811077,0.830357,0.788826,0.786863,0.772593,0.809828,0.806878,0.812239,0.804917,0.818722,0.805980,0.777683,0.795567,0.796713,0.812113,0.798233,0.843401,0.816212,0.817893,0.790154,0.812718,0.815244,0.790509,0.791538,0.823156,0.813300,0.814967,0.807598,0.789456,0.799078,0.798859,0.809243,0.816944,0.798333,0.773137,0.842355,0.810649,0.832376,0.785433,0.832257,0.828502,0.796618,0.787144,0.831865,0.820543,0.837949,0.830693,0.814928,0.809738,0.789007,0.817256,0.809825,0.760595,0.772078,0.772405,0.835524,0.837118,0.809508,0.803395,0.831739,0.799709,0.814994,0.786587,0.820691,0.809306,0.820249,0.783426,0.807781,0.800420,0.791863,0.796532,0.800360,0.797996,0.816059,0.808055,0.821676,0.794134,0.767731,0.817274,0.780814,0.771812,0.791165,0.772716,0.803560,0.834177,0.794807,0.823071,0.824557,0.763463,0.811484,0.827050,0.761939,0.813203,0.783319,0.826261,0.802448,0.800957,0.822670,0.820990,0.800661,0.804685,0.799973,0.781970,0.793125,0.820750,0.777259,0.817934,0.781665,0.821851,0.820000,0.769624,0.819099,0.785933,0.810259,0.805292,0.796992,0.794484,0.829304,0.801197,0.814106,0.804697,0.782448,0.790998,0.801695,0.791698,0.816801,0.790387,0.794251,0.783186,0.793374,0.765327,0.782788,0.825591,0.807232,0.793565,0.818561,0.822113,0.826430,0.814772,0.809012,0.828027,0.787881,0.780832,0.807752,0.834697,0.797145,0.792503,0.796218,0.802218,0.788538,0.761728,0.783976,0.790423,0.766361,0.783171,0.815253,0.812093,0.785060,0.787729,0.793693,0.802493,0.791542,0.754830,#
15,0.818926,0.807103,0.800433,0.820356,0.823275,0.822004,0.820186,0.790703,0.838916,0.822172,0.802855,0.805334,0.781433,0.796200,0.808214,1.000000,0.797005,0.838096,0.806670,0.803685,0.811755,0.819006,0.815015,0.827223,0.796013,0.780824,0.797461,0.803828,0.815478,0.820875,0.822314,0.840828,0.828829,0.838144,0.764692,0.844515,0.811554,0.819647,0.820186,0.789963,0.789169,0.775058,0.816918,0.797475,0.836118,0.793680,0.827091,0.825770,0.826835,0.824983,0.800818,0.845667,0.788399,0.801035,0.820442,0.807886,0.820472,0.807117,0.815482,0.795285,0.825711,0.810796,0.811375,0.824815,0.821986,0.834205,0.813856,0.808932,0.798539,0.766408,0.817711,0.784645,0.803137,0.797330,0.817238,0.800209,0.824952,0.814125,0.825961,0.798377,0.839228,0.805999,0.802871,0.821770,0.846159,0.807261,0.779024,0.833870,0.799860,0.785843,0.784156,0.799346,0.826794,0.819900,0.780467,0.802135,0.789981,0.791371,0.806575,0.813000,0.832596,0.803653,0.829176,0.825514,0.798817,0.797856,0.808088,0.823653,0.792957,0.818790,0.775641,0.789843,0.823564,0.798909,0.770254,0.797592,0.777055,0.802311,0.786586,0.810579,0.780270,0.823323,0.801419,0.829127,0.790962,0.807574,0.823681,0.786676,0.790793,0.847031,0.790915,0.803951,0.794227,0.782145,0.823489,0.815236,0.805697,0.765972,0.785807,0.798630,0.791989,0.812597,0.790219,0.802014,0.803052,0.794723,0.782203,0.780319,0.809794,0.798465,0.815914,0.809940,0.822062,0.798078,0.807584,0.783163,0.845513,0.802024,0.808384,0.817064,0.783055,0.814904,0.835196,0.786149,0.804076,0.792520,0.813443,0.794820,0.824172,0.796443,0.792700,0.828346,0.752153,0.825137,0.807128,0.842611,0.817109,0.839860,0.800011,0.805541,0.806282,0.816091,0.799032,0.823254,0.812680,0.795671,0.754454,0.780106,0.755892,0.798715,0.772209,0.811639,0.797870,0.781938,0.781763,0.796448,0.813530,0.809922,0.818676,0.803193,#
16,0.846795,0.814281,0.804618,0.814832,0.829067,0.831705,0.820874,0.833197,0.807173,0.806532,0.818087,0.825852,0.806412,0.799432,0.801155,0.797005,1.000000,0.832038,0.827170,0.832726,0.881716,0.804757,0.778420,0.840312,0.815197,0.821976,0.837499,0.792830,0.792263,0.824939,0.815971,0.853763,0.846022,0.823661,0.800467,0.828720,0.840796,0.817377,0.821238,0.832013,0.810163,0.807541,0.816234,0.809700,0.821367,0.820789,0.828149,0.823228,0.827269,0.840605,0.796812,0.821703,0.833898,0.844122,0.846968,0.846104,0.766803,0.836636,0.818639,0.785735,0.809553,0.837786,0.813535,0.802282,0.821334,0.802499,0.839312,0.816351,0.832776,0.835962,0.814818,0.791368,0.856277,0.815068,0.825520,0.789826,0.815534,0.834110,0.814271,0.836469,0.861339,0.829199,0.841829,0.847285,0.830914,0.825267,0.830428,0.811498,0.825760,0.831791,0.791083,0.804897,0.842379,0.803699,0.822357,0.838030,0.817895,0.818249,0.844018,0.824160,0.823603,0.810884,0.810922,0.843655,0.795520,0.849604,0.844273,0.815846,0.846274,0.808767,0.828285,0.828089,0.831322,0.799253,0.818355,0.846818,0.845376,0.832691,0.805731,0.749869,0.800062,0.839724,0.821725,0.846296,0.837560,0.816132,0.817777,0.774357,0.807333,0.810980,0.843621,0.827752,0.820604,0.784078,0.848987,0.857586,0.810464,0.796666,0.794282,0.809885,0.817700,0.830577,0.823709,0.821370,0.795398,0.785856,0.832762,0.803032,0.836024,0.832054,0.790439,0.847416,0.791702,0.789987,0.866818,0.806388,0.846579,0.814793,0.810859,0.815273,0.812324,0.809074,0.843851,0.804567,0.817590,0.812874,0.821893,0.807210,0.815053,0.804884,0.825007,0.836877,0.817816,0.820078,0.812676,0.828485,0.806175,0.868955,0.822079,0.807451,0.803168,0.799818,0.811759,0.801935,0.802929,0.835487,0.805509,0.822681,0.811501,0.816948,0.816249,0.804378,0.818162,0.812574,0.812326,0.824172,0.815217,0.836786,0.810944,0.817693,#
17,0.855665,0.820355,0.829973,0.821921,0.842480,0.839270,0.843639,0.835064,0.858928,0.818803,0.796570,0.861320,0.827366,0.860579,0.798404,0.838096,0.832038,1.000000,0.824201,0.835844,0.847316,0.827309,0.835549,0.849408,0.835553,0.840284,0.845448,0.833559,0.823304,0.851483,0.835058,0.862698,0.837460,0.828519,0.795266,0.861713,0.816974,0.844519,0.845427,0.855651,0.840420,0.825266,0.845025,0.827668,0.825793,0.825173,0.849653,0.877037,0.848555,0.847474,0.846762,0.835413,0.839610,0.831188,0.848387,0.851413,0.822937,0.833100,0.825254,0.811988,0.812513,0.824883,0.826633,0.833104,0.851888,0.866387,0.872398,0.844843,0.825883,0.819284,0.831900,0.823524,0.837975,0.823768,0.843594,0.805499,0.855344,0.850673,0.842946,0.844903,0.856203,0.844919,0.857290,0.845936,0.836663,0.829795,0.843818,0.841705,0.835478,0.830189,0.832490,0.798143,0.850105,0.833944,0.824072,0.850632,0.829237,0.803156,0.823110,0.841520,0.857416,0.804245,0.828539,0.843009,0.810365,0.832407,0.835984,0.838436,0.826529,0.837092,0.832592,0.821454,0.827022,0.822633,0.829640,0.816096,0.792771,0.830156,0.820398,0.812591,0.823784,0.852589,0.838937,0.845419,0.831392,0.836963,0.834042,0.803796,0.803424,0.829889,0.856757,0.867222,0.860335,0.811122,0.837138,0.861773,0.844423,0.825956,0.845380,0.850154,0.842774,0.853898,0.867380,0.838385,0.847564,0.813313,0.830676,0.821423,0.856489,0.820337,0.842465,0.834406,0.827874,0.822446,0.849302,0.847383,0.873123,0.829449,0.842831,0.813971,0.820900,0.830911,0.862388,0.824700,0.837170,0.809589,0.808901,0.782972,0.849258,0.809816,0.854864,0.823692,0.835328,0.833570,0.862087,0.822654,0.847141,0.870320,0.818568,0.854981,0.840498,0.860027,0.830875,0.852197,0.850216,0.830715,0.812276,0.853600,0.787833,0.813465,0.828717,0.840385,0.831893,0.846147,0.838723,0.857047,0.808681,0.863006,0.823859,0.803896,#
18,0.837142,0.815217,0.806029,0.849771,0.822230,0.805444,0.807272,0.832615,0.808755,0.826058,0.803426,0.849478,0.825934,0.837799,0.799587,0.806670,0.827170,0.824201,1.000000,0.829059,0.825496,0.820755,0.834661,0.814466,0.805489,0.830161,0.824464,0.835516,0.815079,0.840476,0.778006,0.850358,0.836799,0.838913,0.814213,0.846705,0.815706,0.818013,0.823110,0.838620,0.826187,0.783468,0.817920,0.794153,0.852131,0.802914,0.840220,0.841923,0.812863,0.811906,0.803513,0.815575,0.846957,0.799996,0.844693,0.840895,0.805271,0.839601,0.806884,0.835262,0.820135,0.796767,0.820188,0.806702,0.858044,0.800286,0.822085,0.792946,0.778309,0.816129,0.820616,0.784092,0.850498,0.809345,0.853013,0.781836,0.848278,0.818534,0.822699,0.820138,0.836388,0.810682,0.843792,0.830557,0.836339,0.823649,0.810385,0.824026,0.823699,0.797315,0.820032,0.789698,0.841282,0.816079,0.826227,0.799473,0.823953,0.816592,0.818853,0.828767,0.835253,0.803373,0.821335,0.837512,0.823604,0.826888,0.812638,0.819461,0.816688,0.806501,0.850647,0.787499,0.850922,0.822679,0.770926,0.806889,0.797172,0.811156,0.803317,0.781731,0.809298,0.859286,0.806927,0.820209,0.824903,0.787605,0.828797,0.802237,0.830312,0.797289,0.800478,0.837169,0.819682,0.809953,0.835837,0.840665,0.824988,0.823384,0.798077,0.806663,0.804857,0.846963,0.814620,0.847760,0.808816,0.812326,0.821842,0.784642,0.830312,0.811071,0.800744,0.833352,0.832468,0.788829,0.832965,0.818922,0.837343,0.841495,0.817743,0.812729,0.834267,0.819036,0.854370,0.816575,0.812333,0.809388,0.863449,0.789741,0.809897,0.810856,0.818095,0.834916,0.832506,0.833275,0.811097,0.828807,0.822778,0.859275,0.800188,0.841155,0.803249,0.821332,0.806639,0.805698,0.807552,0.832515,0.811028,0.795619,0.796461,0.821550,0.819396,0.817565,0.789552,0.845165,0.822837,0.816878,0.798407,0.848228,0.817971,0.796317,#
19,0.828429,0.832925,0.830528,0.812720,0.854477,0.863031,0.796486,0.828394,0.847322,0.813247,0.811122,0.811510,0.800899,0.820304,0.808406,0.803685,0.832726,0.835844,0.829059,1.000000,0.839002,0.793034,0.812958,0.836640,0.813694,0.793312,0.836796,0.803111,0.806594,0.839119,0.837449,0.851072,0.833427,0.816401,0.776483,0.845410,0.805618,0.803098,0.829942,0.821962,0.832837,0.794050,0.816244,0.809143,0.814644,0.822725,0.860364,0.835138,0.842246,0.805542,0.792961,0.823261,0.822948,0.824112,0.829064,0.826350,0.830539,0.819540,0.813504,0.793164,0.810196,0.824116,0.847728,0.823354,0.840893,0.821437,0.825102,0.808938,0.806686,0.804378,0.828972,0.794243,0.851593,0.815574,0.827885,0.799279,0.817259,0.822442,0.835179,0.817609,0.839472,0.797304,0.863430,0.813359,0.814372,0.815149,0.812397,0.842515,0.844439,0.783954,0.800794,0.801721,0.830729,0.820190,0.804896,0.804986,0.827010,0.821869,0.821109,0.826873,0.836229,0.805368,0.817820,0.822119,0.809686,0.823438,0.838244,0.820144,0.810574,0.774932,0.806724,0.799396,0.821406,0.810238,0.803623,0.818546,0.829386,0.823282,0.803390,0.746078,0.811398,0.843746,0.804763,0.852885,0.834602,0.806118,0.838342,0.802920,0.836911,0.853599,0.813466,0.844678,0.819899,0.823952,0.853655,0.837511,0.815322,0.816867,0.804310,0.790175,0.809082,0.831958,0.809807,0.807999,0.813075,0.787042,0.794978,0.768913,0.845200,0.828602,0.811407,0.849907,0.814356,0.801714,0.846975,0.807556,0.853698,0.824055,0.833783,0.824365,0.816629,0.821126,0.829170,0.794504,0.828480,0.798214,0.793696,0.820334,0.815081,0.798947,0.816719,0.835958,0.835300,0.831500,0.839498,0.807134,0.825519,0.866976,0.813889,0.794437,0.778877,0.841348,0.822373,0.838468,0.830762,0.813634,0.786689,0.808163,0.811480,0.815235,0.817437,0.827062,0.793015,0.838424,0.814368,0.832325,0.776316,0.813597,0.815336,0.801420,#
20,0.838616,0.829161,0.825967,0.829134,0.852926,0.833990,0.851563,0.846754,0.839866,0.845071,0.820280,0.829458,0.818144,0.836642,0.820465,0.811755,0.881716,0.847316,0.825496,0.839002,1.000000,0.827926,0.813459,0.853813,0.824455,0.844741,0.851082,0.835791,0.812183,0.846055,0.832558,0.848426,0.842560,0.864217,0.834134,0.853867,0.844056,0.823571,0.855843,0.855490,0.832394,0.852149,0.822924,0.844195,0.855398,0.819797,0.859052,0.826548,0.824027,0.828171,0.821616,0.855140,0.827325,0.851930,0.856184,0.850966,0.812748,0.854305,0.841210,0.824056,0.838230,0.825393,0.855201,0.818447,0.864458,0.833934,0.864126,0.819884,0.831306,0.824732,0.843640,0.824627,0.841024,0.831174,0.845784,0.786490,0.817986,0.845770,0.840831,0.851871,0.863812,0.857701,0.858582,0.850930,0.821826,0.834805,0.842958,0.836909,0.839683,0.850589,0.831940,0.829190,0.848322,0.852176,0.847559,0.815981,0.810798,0.814641,0.841530,0.837721,0.866754,0.831799,0.836870,0.851171,0.842522,0.819840,0.858090,0.845486,0.828074,0.850196,0.835337,0.844331,0.823920,0.791338,0.836184,0.835640,0.839345,0.853207,0.791875,0.791605,0.845622,0.853805,0.817698,0.871423,0.825654,0.830253,0.822010,0.800043,0.831585,0.842058,0.855549,0.839232,0.851144,0.845070,0.859065,0.837790,0.804017,0.830145,0.838116,0.841012,0.821557,0.838081,0.834376,0.838842,0.833829,0.803317,0.834422,0.806472,0.830514,0.861588,0.840301,0.856358,0.824426,0.819115,0.861669,0.819082,0.838677,0.829159,0.850782,0.829075,0.826849,0.833087,0.838039,0.826605,0.852315,0.782388,0.814009,0.807672,0.826040,0.821817,0.842231,0.834046,0.848970,0.830762,0.827880,0.825175,0.821326,0.869842,0.828617,0.835364,0.826931,0.821475,0.836309,0.811938,0.816799,0.850123,0.802293,0.834874,0.805575,0.829011,0.793011,0.813903,0.825474,0.849470,0.832463,0.803778,0.821470,0.851678,0.848985,0.831629,#
21,0.797887,0.846732,0.804719,0.848916,0.817135,0.798853,0.804182,0.810722,0.850420,0.800990,0.771419,0.809119,0.775574,0.810346,0.798798,0.819006,0.804757,0.827309,0.820755,0.793034,0.827926,1.000000,0.821292,0.831318,0.767035,0.791422,0.829827,0.795196,0.819418,0.802691,0.810184,0.809326,0.845007,0.835629,0.804505,0.845192,0.815377,0.817764,0.824653,0.809531,0.797247,0.823319,0.803418,0.807324,0.817158,0.808021,0.809330,0.818742,0.812119,0.795769,0.795847,0.825731,0.806866,0.798738,0.842345,0.821672,0.803248,0.813753,0.833448,0.778806,0.808442,0.803296,0.782160,0.789734,0.847974,0.813864,0.819701,0.816504,0.801401,0.815365,0.820852,0.820459,0.840703,0.825410,0.854238,0.798105,0.806748,0.811217,0.817306,0.823648,0.820648,0.795911,0.840146,0.815786,0.849439,0.813890,0.794045,0.826889,0.825257,0.820848,0.775129,0.772330,0.827556,0.812540,0.820724,0.807592,0.812902,0.776523,0.800287,0.832904,0.825724,0.822427,0.786719,0.817858,0.792133,0.834924,0.798169,0.813317,0.801284,0.828389,0.833124,0.784215,0.817635,0.820330,0.753932,0.789859,0.812361,0.829336,0.780371,0.790393,0.803953,0.826254,0.805298,0.820702,0.813722,0.775560,0.813156,0.818693,0.790979,0.826086,0.828151,0.845359,0.827044,0.804812,0.841551,0.806377,0.781131,0.758541,0.797154,0.821480,0.813706,0.833596,0.795202,0.816496,0.800110,0.795722,0.802719,0.769763,0.807484,0.808385,0.824253,0.827888,0.796109,0.812524,0.817775,0.820510,0.816571,0.799787,0.804349,0.811669,0.805572,0.823550,0.830328,0.828663,0.837273,0.780432,0.826678,0.782125,0.780961,0.797847,0.822242,0.812379,0.793975,0.797213,0.811421,0.811314,0.765277,0.834165,0.796748,0.798545,0.792724,0.836934,0.795361,0.808497,0.814876,0.831078,0.794424,0.769039,0.759180,0.812697,0.808214,0.788058,0.801987,0.812221,0.811084,0.793911,0.822056,0.826558,0.777794,0.798129,#
