0,1.000000,0.374460,0.414486,0.311303,0.374792,0.342046,0.363828,0.290853,0.346042,0.356219,0.426220,0.370862,0.354173,0.323897,0.419773,0.399067,0.390899,0.476914,0.368282,0.360100,0.428365,0.448684,0.365160,0.435654,0.396867,0.327462,0.402547,0.439119,0.448256,0.407441,0.332295,0.321442,0.390891,0.335636,0.266457,0.351924,0.396803,0.370403,0.411413,0.458745,0.298869,0.392098,0.279176,0.382146,0.338204,0.373315,0.448384,0.407946,0.436110,0.422530,0.469118,0.262746,0.353081,0.320885,0.409254,0.355134,0.404808,0.386282,0.275982,0.309233,0.357947,0.258063,0.405840,0.351442,0.399276,0.268895,0.373777,0.394799,0.379247,0.379501,0.497187,0.393797,0.427441,0.403250,0.345193,0.273653,0.288390,0.405914,0.394846,0.317192,0.424599,0.346094,0.388866,0.418553,0.408580,0.392710,0.413184,0.358987,0.472352,0.370059,0.403894,0.330511,0.325556,0.361331,0.404716,0.398219,0.402549,0.376440,0.360864,0.346162,0.410038,0.442641,0.336870,0.411242,0.319003,0.399433,0.391332,0.377458,0.358884,0.280907,0.305395,0.416669,0.328353,0.423483,0.273441,0.409823,0.447732,0.290970,0.418494,0.342400,0.479129,0.346277,0.341445,0.336471,0.345953,0.459969,0.297448,0.294639,0.366654,0.449608,0.382473,0.478411,0.391815,0.332448,0.390433,0.275265,0.429467,0.366016,0.403459,0.504551,0.357001,0.351579,0.363045,0.290726,0.404832,0.386439,0.362478,0.250813,0.405290,0.341236,0.385987,0.287171,0.385834,0.304665,0.353502,0.283581,0.242178,0.271787,0.405794,0.439968,0.387724,0.384745,0.224729,0.376294,0.439161,0.203438,0.258938,0.313704,0.385625,0.325784,0.478407,0.205457,0.434548,0.501515,0.343857,0.337156,0.400198,0.328524,0.389636,0.349357,0.376978,0.466633,0.301632,0.289187,0.305350,0.409730,0.401083,0.495627,0.436751,0.217777,0.305334,0.393626,0.263113,0.244346,0.359811,0.272503,0.300536,0.348831,0.407071,0.419600,#
1,0.374460,1.000000,0.293665,0.360620,0.442066,0.306124,0.381389,0.341820,0.276180,0.300056,0.431527,0.386780,0.341081,0.411390,0.346001,0.247505,0.284435,0.378340,0.383703,0.369263,0.330266,0.447989,0.262951,0.373486,0.392411,0.395036,0.468063,0.469782,0.372148,0.317619,0.392888,0.372486,0.401984,0.351954,0.259514,0.249289,0.354250,0.371413,0.368994,0.318813,0.302798,0.358903,0.394449,0.355581,0.345808,0.372932,0.488622,0.422856,0.322929,0.297503,0.463683,0.212296,0.447798,0.343853,0.344184,0.310508,0.403738,0.384838,0.369369,0.388332,0.326347,0.325562,0.357009,0.376308,0.354070,0.335445,0.279317,0.392369,0.406288,0.348929,0.393371,0.309424,0.453713,0.263841,0.419039,0.217767,0.362079,0.343905,0.464994,0.396459,0.391496,0.453789,0.447614,0.421063,0.331749,0.253252,0.393337,0.323803,0.424716,0.433042,0.405433,0.433562,0.300737,0.345293,0.294175,0.337778,0.304883,0.322136,0.263680,0.268918,0.324891,0.316757,0.388939,0.389979,0.314868,0.345726,0.370882,0.415020,0.288705,0.392936,0.438803,0.363282,0.334805,0.423624,0.360113,0.427926,0.448488,0.273861,0.380090,0.340904,0.332493,0.390421,0.370087,0.381144,0.383285,0.407969,0.341325,0.322923,0.303642,0.382054,0.370051,0.394676,0.287911,0.334124,0.478600,0.394989,0.331411,0.373836,0.421981,0.455114,0.412074,0.227747,0.240420,0.250794,0.418231,0.338785,0.354135,0.170801,0.327870,0.335311,0.300177,0.348390,0.321866,0.247973,0.387398,0.310646,0.293514,0.315236,0.311807,0.238998,0.238761,0.424058,0.279716,0.351452,0.374842,0.275639,0.247229,0.344798,0.351337,0.430887,0.426562,0.359071,0.310039,0.359954,0.379197,0.295034,0.234842,0.401295,0.372499,0.305198,0.323768,0.332104,0.314034,0.330322,0.389603,0.443516,0.295750,0.463969,0.309586,0.291649,0.428491,0.372306,0.217693,0.298693,0.380621,0.345054,0.228633,0.347335,0.272873,0.345175,#
2,0.414486,0.293665,1.000000,0.404966,0.278687,0.321920,0.336231,0.312295,0.192116,0.229696,0.209375,0.351668,0.337010,0.366407,0.300666,0.329925,0.291027,0.350057,0.389375,0.323346,0.350747,0.418813,0.320976,0.394119,0.405386,0.354737,0.401719,0.335569,0.321926,0.297020,0.353031,0.298922,0.350868,0.234726,0.207518,0.300838,0.366879,0.323046,0.294572,0.329186,0.391559,0.390667,0.335441,0.259484,0.244846,0.406861,0.359301,0.385161,0.299872,0.346631,0.412514,0.357287,0.377320,0.298358,0.252991,0.341363,0.235089,0.352953,0.266135,0.328278,0.200853,0.311359,0.306430,0.416686,0.438985,0.391625,0.351430,0.276053,0.356696,0.421165,0.285972,0.254988,0.269734,0.315325,0.388440,0.342386,0.284125,0.380114,0.332601,0.382411,0.445855,0.252125,0.321136,0.339326,0.270716,0.321671,0.428935,0.360003,0.300122,0.362002,0.297032,0.340268,0.335643,0.299786,0.320089,0.315386,0.362744,0.286415,0.351353,0.261186,0.363532,0.373624,0.342409,0.348178,0.339800,0.293657,0.271055,0.302324,0.266416,0.318049,0.399425,0.390551,0.305349,0.315330,0.209066,0.357370,0.327717,0.315096,0.184238,0.212915,0.348481,0.328552,0.321529,0.268587,0.336859,0.279794,0.299467,0.284622,0.322621,0.325479,0.285698,0.420669,0.326563,0.269570,0.339806,0.381003,0.325350,0.356542,0.235969,0.275767,0.222458,0.248774,0.353858,0.219397,0.470578,0.287286,0.312850,0.199201,0.411574,0.279073,0.343469,0.333951,0.336567,0.282469,0.206613,0.184081,0.240616,0.265403,0.345106,0.328786,0.398615,0.423091,0.263912,0.397510,0.355068,0.140536,0.300557,0.327102,0.248854,0.314380,0.273069,0.385800,0.293210,0.340414,0.417818,0.332395,0.453851,0.313274,0.351595,0.327527,0.359112,0.288523,0.164028,0.306606,0.223297,0.387618,0.331681,0.338380,0.362637,0.114087,0.284961,0.326135,0.369884,0.234220,0.355371,0.227488,0.262901,0.261331,0.417406,0.356602,#
3,0.311303,0.360620,0.404966,1.000000,0.365032,0.250082,0.356253,0.332362,0.305494,0.279927,0.325716,0.355412,0.300178,0.355111,0.310625,0.281581,0.270838,0.395935,0.333150,0.368141,0.339756,0.358371,0.336787,0.435700,0.399715,0.374969,0.377811,0.320268,0.373133,0.286063,0.395859,0.422525,0.400694,0.388102,0.149376,0.303428,0.427564,0.441315,0.429661,0.280702,0.379322,0.376144,0.402579,0.355696,0.284490,0.456159,0.456632,0.412521,0.277390,0.360002,0.467248,0.296556,0.345292,0.298518,0.212940,0.415802,0.309603,0.335204,0.273614,0.401699,0.284727,0.257536,0.322931,0.392702,0.401570,0.405029,0.269445,0.414045,0.340549,0.368771,0.400345,0.252728,0.326530,0.351465,0.396860,0.357690,0.267941,0.425301,0.387426,0.335831,0.408443,0.369410,0.365195,0.405317,0.364679,0.317888,0.377182,0.296735,0.396979,0.432545,0.346276,0.377648,0.312776,0.425215,0.245645,0.347338,0.374044,0.232883,0.405050,0.265970,0.406468,0.348731,0.409414,0.375538,0.406176,0.335674,0.313516,0.372588,0.254122,0.295814,0.381930,0.340247,0.298072,0.370614,0.238058,0.337656,0.409833,0.286450,0.304521,0.305596,0.429729,0.332416,0.361500,0.406863,0.369105,0.352266,0.343757,0.284609,0.264273,0.408281,0.335387,0.393852,0.426366,0.421126,0.387485,0.337819,0.284835,0.300031,0.426991,0.379109,0.359348,0.277515,0.334955,0.277317,0.406604,0.238370,0.363503,0.326036,0.381901,0.323621,0.344350,0.272576,0.264001,0.317134,0.296944,0.242096,0.303982,0.310789,0.265762,0.428790,0.422047,0.364884,0.394759,0.541396,0.400510,0.255284,0.344183,0.266141,0.267679,0.380185,0.412427,0.277916,0.301859,0.310380,0.334841,0.260627,0.302196,0.279669,0.289590,0.323442,0.353445,0.461923,0.396717,0.342258,0.220766,0.352405,0.266088,0.415154,0.265066,0.229693,0.338930,0.367742,0.385027,0.268409,0.251861,0.349872,0.346569,0.331446,0.380173,0.359160,#
4,0.374792,0.442066,0.278687,0.365032,1.000000,0.284766,0.396151,0.296983,0.319411,0.269483,0.289713,0.241537,0.373891,0.344212,0.229465,0.270977,0.170971,0.324483,0.385679,0.407059,0.347752,0.339542,0.323904,0.378536,0.335516,0.416166,0.308478,0.389503,0.387879,0.184993,0.292955,0.275344,0.407838,0.211039,0.214265,0.270821,0.327862,0.387973,0.242456,0.321349,0.362778,0.398749,0.294249,0.303726,0.425559,0.335757,0.435329,0.403363,0.322978,0.415990,0.348066,0.172480,0.355103,0.375842,0.341333,0.332502,0.296694,0.347356,0.290686,0.312222,0.350588,0.261550,0.285559,0.250903,0.285525,0.210513,0.337811,0.270062,0.295620,0.323287,0.374150,0.295234,0.301546,0.313964,0.314996,0.090736,0.254546,0.361306,0.276473,0.249410,0.448236,0.413314,0.291209,0.323924,0.372560,0.273209,0.293513,0.303767,0.414476,0.414837,0.386941,0.327725,0.156043,0.356687,0.184405,0.395630,0.284523,0.427348,0.365968,0.280909,0.357122,0.260842,0.366806,0.395675,0.355840,0.241570,0.244186,0.302930,0.264928,0.342346,0.458770,0.293213,0.322263,0.499305,0.303495,0.218406,0.350258,0.110691,0.344152,0.205656,0.332589,0.376288,0.361856,0.268555,0.365802,0.364015,0.311191,0.290722,0.156174,0.240110,0.272820,0.356821,0.287601,0.291899,0.399147,0.300206,0.312532,0.205779,0.263611,0.388752,0.386031,0.160203,0.248935,0.304556,0.340046,0.308022,0.346683,0.217271,0.310249,0.337610,0.329907,0.282337,0.294420,0.306160,0.185177,0.217247,0.426306,0.291136,0.244673,0.336869,0.304067,0.285875,0.183836,0.377384,0.269616,0.335959,0.219775,0.190072,0.281067,0.341907,0.341774,0.209510,0.271945,0.310933,0.338406,0.213532,0.308733,0.222856,0.318996,0.253161,0.214294,0.257668,0.290648,0.289012,0.280233,0.279242,0.251004,0.465274,0.313645,0.251302,0.323279,0.305483,0.282666,0.208804,0.217352,0.328800,0.330738,0.445220,0.311302,0.279120,#
5,0.342046,0.306124,0.321920,0.250082,0.284766,1.000000,0.257186,0.274981,0.227039,0.363744,0.251755,0.281121,0.335149,0.228092,0.304510,0.282298,0.255868,0.353917,0.297433,0.192452,0.308479,0.325768,0.287274,0.435578,0.287798,0.299036,0.325828,0.358841,0.368376,0.269370,0.240084,0.413513,0.377059,0.232220,0.197903,0.191008,0.410750,0.267705,0.315576,0.349540,0.304212,0.331013,0.135637,0.352051,0.213336,0.347590,0.328542,0.226743,0.352674,0.372217,0.344007,0.205164,0.290551,0.182343,0.300775,0.280307,0.159194,0.366098,0.297900,0.263164,0.283852,0.319613,0.305086,0.278044,0.311265,0.289648,0.325091,0.307335,0.258534,0.232556,0.400782,0.266246,0.358000,0.423822,0.273659,0.166070,0.292278,0.264058,0.285897,0.305517,0.364779,0.327251,0.368843,0.203215,0.257185,0.312279,0.228049,0.272460,0.318166,0.290816,0.258254,0.363557,0.183530,0.297592,0.195309,0.280353,0.255246,0.184506,0.264709,0.140540,0.360283,0.374507,0.296131,0.344968,0.247887,0.262293,0.195125,0.303246,0.239662,0.204517,0.398365,0.239644,0.296494,0.289750,0.259658,0.238720,0.348487,0.307267,0.246652,0.286139,0.202254,0.288010,0.248018,0.253980,0.295114,0.269534,0.133059,0.168471,0.373822,0.393786,0.250176,0.401653,0.223007,0.273332,0.406161,0.296169,0.190133,0.249699,0.266276,0.272768,0.330184,0.310281,0.227203,0.320169,0.297884,0.239429,0.272528,0.223355,0.201635,0.228469,0.348048,0.194798,0.328250,0.360979,0.212860,0.274137,0.295245,0.228455,0.419167,0.168814,0.306102,0.241544,0.258423,0.250260,0.250733,0.080230,0.200365,0.300025,0.351820,0.351092,0.228795,0.264668,0.360222,0.271864,0.179834,0.231595,0.235209,0.218606,0.323685,0.213818,0.294633,0.329692,0.319973,0.205014,0.244018,0.389264,0.304987,0.291650,0.249443,0.234683,0.311746,0.259313,0.274875,0.250785,0.306886,0.245050,0.231659,0.358872,0.251147,0.368170,#
6,0.363828,0.381389,0.336231,0.356253,0.396151,0.257186,1.000000,0.343667,0.259215,0.281785,0.348425,0.270260,0.252041,0.362286,0.270392,0.286598,0.332653,0.324474,0.347163,0.392667,0.362042,0.360580,0.293652,0.286649,0.297080,0.268221,0.333410,0.377890,0.382898,0.302928,0.263476,0.361394,0.358430,0.271892,0.150464,0.195296,0.269282,0.332889,0.363773,0.331091,0.324028,0.333235,0.270650,0.387460,0.286422,0.339386,0.419403,0.442091,0.323121,0.392950,0.335380,0.323030,0.392762,0.334375,0.216520,0.368188,0.339251,0.373482,0.322441,0.441435,0.236321,0.266685,0.253527,0.352187,0.302790,0.424146,0.347169,0.349433,0.337061,0.332837,0.321176,0.314838,0.346602,0.281991,0.377247,0.300992,0.272801,0.353845,0.326828,0.328340,0.357483,0.376745,0.426550,0.323025,0.323512,0.388013,0.308085,0.379753,0.377002,0.389840,0.412089,0.309097,0.234109,0.398979,0.302361,0.438596,0.334004,0.299585,0.401640,0.285003,0.389463,0.386061,0.245430,0.328702,0.214855,0.453270,0.287796,0.277356,0.329424,0.319438,0.349034,0.310526,0.359086,0.344187,0.290250,0.340763,0.378450,0.299036,0.376106,0.304188,0.311234,0.435346,0.232752,0.280002,0.370706,0.301781,0.198803,0.389438,0.189771,0.412116,0.297278,0.290114,0.382927,0.170572,0.489566,0.358581,0.293793,0.425820,0.339063,0.324503,0.228705,0.172985,0.212181,0.365801,0.250414,0.331760,0.334145,0.206056,0.307799,0.232466,0.397170,0.249095,0.320571,0.320691,0.326860,0.272411,0.228185,0.290624,0.342181,0.299379,0.283192,0.353509,0.321367,0.398791,0.370727,0.253613,0.262431,0.267562,0.385928,0.436994,0.264241,0.282058,0.323688,0.290275,0.360297,0.286458,0.291452,0.296928,0.375181,0.235095,0.127638,0.232216,0.320118,0.361697,0.334165,0.321580,0.299846,0.335179,0.356600,0.281300,0.295796,0.283468,0.356950,0.290372,0.239978,0.277399,0.315994,0.304201,0.257922,0.369647,#
7,0.290853,0.341820,0.312295,0.332362,0.296983,0.274981,0.343667,1.000000,0.240556,0.383773,0.347995,0.448430,0.283177,0.351102,0.270687,0.324985,0.277649,0.462336,0.344467,0.407462,0.389885,0.391715,0.439042,0.308510,0.438168,0.281257,0.379154,0.476548,0.343355,0.286778,0.392852,0.381387,0.462564,0.284955,0.231332,0.325209,0.305879,0.309837,0.380547,0.340954,0.293012,0.337463,0.386026,0.282472,0.362782,0.445198,0.321264,0.401960,0.413700,0.375831,0.451935,0.236767,0.303410,0.368732,0.362372,0.345054,0.392055,0.424064,0.309802,0.385516,0.324770,0.231959,0.329087,0.358967,0.450271,0.320446,0.343898,0.356583,0.333520,0.463547,0.390741,0.251800,0.438271,0.425496,0.330210,0.309620,0.328414,0.381727,0.360156,0.477104,0.380360,0.388667,0.463126,0.387404,0.321863,0.352283,0.441569,0.287678,0.390570,0.478809,0.404072,0.343861,0.325231,0.335343,0.257093,0.381530,0.311176,0.294700,0.271542,0.196114,0.397128,0.320518,0.351143,0.347757,0.243153,0.433112,0.400096,0.321705,0.373210,0.290109,0.327602,0.313133,0.255916,0.369312,0.390513,0.402307,0.321917,0.282943,0.321732,0.360144,0.375186,0.410165,0.244026,0.411167,0.455591,0.373377,0.346661,0.385084,0.275333,0.369329,0.302818,0.393153,0.358212,0.298115,0.519797,0.347706,0.236536,0.504285,0.380110,0.428644,0.459466,0.395114,0.150630,0.276271,0.375149,0.326999,0.389813,0.256042,0.325847,0.257738,0.425660,0.458803,0.255921,0.270925,0.239107,0.390402,0.382765,0.348266,0.351631,0.348711,0.323922,0.375510,0.326269,0.395396,0.344285,0.242662,0.423831,0.282690,0.414648,0.390125,0.382447,0.307829,0.326802,0.269922,0.327182,0.260159,0.310886,0.340144,0.194801,0.413917,0.327126,0.395564,0.278618,0.339651,0.147278,0.368764,0.328978,0.389906,0.255647,0.393014,0.380569,0.322807,0.311142,0.346656,0.216310,0.340357,0.339651,0.373595,0.382941,0.372371,#
8,0.346042,0.276180,0.192116,0.305494,0.319411,0.227039,0.259215,0.240556,1.000000,0.218105,0.340371,0.282225,0.309782,0.274164,0.345787,0.253053,0.217719,0.229323,0.193054,0.300487,0.344291,0.227718,0.240436,0.318209,0.265376,0.238931,0.235717,0.356619,0.200753,0.279182,0.147556,0.310219,0.247105,0.222980,0.186888,0.223565,0.302704,0.262677,0.252062,0.371800,0.249119,0.220943,0.170883,0.285667,0.384819,0.336657,0.304844,0.319322,0.203204,0.244141,0.255270,0.313264,0.236996,0.406381,0.219881,0.291370,0.260563,0.278479,0.186717,0.321661,0.267473,0.108482,0.345539,0.264232,0.300651,0.247505,0.289921,0.262381,0.404626,0.300282,0.232263,0.310938,0.280160,0.202004,0.249455,0.172159,0.187956,0.261441,0.286403,0.142236,0.280596,0.279420,0.319820,0.211820,0.325836,0.303069,0.277070,0.227621,0.330681,0.311856,0.330203,0.324016,0.239099,0.243743,0.330886,0.424910,0.287493,0.242274,0.234224,0.145675,0.295152,0.188295,0.231265,0.276442,0.279658,0.179590,0.306615,0.278335,0.114150,0.323943,0.230683,0.239313,0.168246,0.321267,0.141346,0.319938,0.353288,0.219937,0.161788,0.331728,0.319997,0.207737,0.250111,0.238791,0.279406,0.355363,0.130955,0.312293,0.199183,0.331292,0.274037,0.288903,0.235846,0.245525,0.376293,0.269847,0.227390,0.334423,0.379587,0.298161,0.306498,0.252863,0.304690,0.172039,0.268667,0.175554,0.306922,0.314243,0.229161,0.263059,0.338165,0.211250,0.270902,0.276797,0.315371,0.295607,0.300232,0.159511,0.281686,0.321082,0.166876,0.267214,0.143401,0.350899,0.249513,0.142762,0.276376,0.183675,0.242706,0.273965,0.365370,0.054962,0.185895,0.325966,0.305851,0.217116,0.198671,0.244413,0.264908,0.257886,0.275541,0.262179,0.075821,0.233522,0.269205,0.239818,0.125666,0.203534,0.287134,0.209400,0.258294,0.244464,0.253320,0.218140,0.239721,0.222354,0.281657,0.106760,0.212805,0.253524,#
9,0.356219,0.300056,0.229696,0.279927,0.269483,0.363744,0.281785,0.383773,0.218105,1.000000,0.397017,0.320932,0.255879,0.298322,0.324695,0.336584,0.250429,0.266576,0.215359,0.399317,0.274073,0.326187,0.316701,0.333499,0.293878,0.315855,0.389875,0.460219,0.376011,0.208146,0.415952,0.402678,0.287678,0.328537,0.297206,0.268961,0.234613,0.364854,0.318913,0.288279,0.337881,0.398916,0.240881,0.166652,0.320058,0.458241,0.350504,0.380391,0.296585,0.284672,0.378382,0.303171,0.292087,0.297719,0.259587,0.339607,0.391487,0.359419,0.264988,0.312676,0.273553,0.300080,0.389496,0.328741,0.338967,0.343197,0.220170,0.352620,0.392482,0.223430,0.354943,0.296136,0.301157,0.339108,0.377985,0.262208,0.340641,0.266480,0.430727,0.360137,0.331278,0.376727,0.385478,0.300999,0.384043,0.422352,0.430367,0.237186,0.286337,0.333071,0.264266,0.426426,0.267273,0.322395,0.287602,0.369818,0.409499,0.280162,0.315742,0.247822,0.381417,0.371080,0.387143,0.295337,0.360577,0.331119,0.328765,0.297419,0.329681,0.251747,0.254480,0.273370,0.259457,0.389055,0.229857,0.390404,0.374111,0.371723,0.445795,0.253001,0.410362,0.398110,0.261082,0.368028,0.371038,0.410308,0.146410,0.345539,0.227309,0.342346,0.290975,0.368657,0.252139,0.346059,0.447175,0.295039,0.329403,0.374885,0.329335,0.312489,0.265436,0.305391,0.220415,0.200185,0.315643,0.180199,0.372475,0.257347,0.243544,0.388988,0.354267,0.284785,0.442629,0.334155,0.279547,0.349757,0.342667,0.328610,0.440125,0.275143,0.330128,0.264315,0.137275,0.433386,0.311768,0.240401,0.298393,0.288242,0.451525,0.355972,0.293175,0.324422,0.351355,0.347935,0.242164,0.248232,0.271527,0.164688,0.222137,0.362023,0.258321,0.380012,0.348166,0.354785,0.239259,0.368712,0.338138,0.430750,0.365515,0.231564,0.330119,0.369562,0.223903,0.325057,0.231348,0.318907,0.268871,0.247706,0.329367,0.380860,#
10,0.426220,0.431527,0.209375,0.325716,0.289713,0.251755,0.348425,0.347995,0.340371,0.397017,1.000000,0.287124,0.223146,0.356629,0.339042,0.272260,0.306466,0.337442,0.424603,0.352320,0.284169,0.347675,0.229201,0.270639,0.299467,0.207469,0.387764,0.419994,0.357578,0.347785,0.363425,0.325603,0.349991,0.301362,0.233995,0.297645,0.224110,0.341389,0.422756,0.322339,0.218994,0.251092,0.276721,0.236267,0.275886,0.378362,0.313911,0.407307,0.365508,0.347334,0.305634,0.308628,0.290856,0.333948,0.256299,0.319991,0.299166,0.336930,0.224808,0.332197,0.283092,0.281003,0.310641,0.382361,0.386508,0.357796,0.333599,0.280954,0.349522,0.300156,0.355810,0.259078,0.293007,0.327332,0.312892,0.346761,0.383604,0.248335,0.346616,0.276277,0.283973,0.340197,0.410089,0.354382,0.371201,0.309363,0.417184,0.214970,0.382412,0.370783,0.259611,0.331663,0.353143,0.278489,0.271450,0.328267,0.400157,0.186115,0.386648,0.320619,0.362451,0.307764,0.336248,0.320978,0.324372,0.271252,0.370155,0.325442,0.268582,0.285468,0.233826,0.338108,0.226845,0.386869,0.372652,0.439570,0.365663,0.170768,0.285575,0.240374,0.319291,0.311669,0.304128,0.352307,0.366113,0.350150,0.161930,0.306313,0.220963,0.436111,0.338728,0.325708,0.287709,0.229816,0.443266,0.330181,0.291578,0.396637,0.240452,0.424257,0.359207,0.211902,0.361155,0.189925,0.294265,0.267472,0.257926,0.242170,0.221049,0.346338,0.292688,0.368618,0.331225,0.319784,0.378231,0.331550,0.336032,0.207146,0.361045,0.373051,0.271897,0.277099,0.300071,0.376884,0.290876,0.205423,0.275869,0.217387,0.289064,0.423960,0.356927,0.257654,0.322867,0.344829,0.336764,0.124397,0.253568,0.274154,0.336555,0.397529,0.341675,0.330065,0.369709,0.291170,0.281928,0.345744,0.250570,0.334739,0.309590,0.247479,0.323473,0.312542,0.270959,0.254600,0.316044,0.348244,0.274367,0.367024,0.367326,0.397805,#
11,0.370862,0.386780,0.351668,0.355412,0.241537,0.281121,0.270260,0.448430,0.282225,0.320932,0.287124,1.000000,0.397559,0.254328,0.184227,0.348571,0.329650,0.408043,0.337085,0.191647,0.319525,0.374059,0.262959,0.368771,0.420524,0.344879,0.301022,0.464559,0.189898,0.380464,0.371568,0.395037,0.339324,0.301393,0.191756,0.240869,0.353414,0.340378,0.311109,0.274666,0.303804,0.383690,0.358024,0.423934,0.270089,0.418514,0.311321,0.407251,0.322784,0.245127,0.435215,0.257485,0.286120,0.359214,0.212933,0.281621,0.464379,0.359973,0.317146,0.312299,0.257783,0.331209,0.380319,0.382745,0.397421,0.331795,0.346781,0.364809,0.337643,0.339315,0.285511,0.207327,0.384309,0.336247,0.344750,0.312885,0.261023,0.296871,0.460119,0.332243,0.398031,0.194950,0.372215,0.403979,0.419870,0.295250,0.452369,0.297715,0.368053,0.316531,0.418232,0.366788,0.342948,0.447593,0.272040,0.318084,0.254873,0.298470,0.320854,0.339299,0.412460,0.318150,0.322408,0.293202,0.331206,0.416109,0.376698,0.296975,0.344879,0.345637,0.321716,0.309596,0.307692,0.358848,0.164600,0.531740,0.359149,0.214203,0.334216,0.288617,0.323713,0.394572,0.339972,0.326761,0.390864,0.331070,0.359791,0.422419,0.339328,0.390971,0.320927,0.463050,0.248229,0.294579,0.386969,0.301851,0.223050,0.445930,0.299781,0.383309,0.295875,0.350792,0.297101,0.299866,0.370627,0.306607,0.380553,0.230890,0.300373,0.271757,0.319322,0.448373,0.326907,0.349805,0.354413,0.266093,0.250835,0.226216,0.298853,0.290618,0.328656,0.288838,0.198125,0.329740,0.382370,0.215171,0.414613,0.318335,0.456051,0.314651,0.382918,0.194833,0.302883,0.298493,0.309437,0.328478,0.407968,0.270508,0.197832,0.251756,0.374583,0.355241,0.272605,0.321578,0.150627,0.380171,0.306295,0.318877,0.319136,0.254312,0.195998,0.290849,0.376780,0.104563,0.274630,0.244004,0.368093,0.247651,0.259362,0.368759,#
12,0.354173,0.341081,0.337010,0.300178,0.373891,0.335149,0.252041,0.283177,0.309782,0.255879,0.223146,0.397559,1.000000,0.282850,0.346512,0.334515,0.357979,0.317488,0.401324,0.431911,0.380154,0.266908,0.327183,0.361480,0.374268,0.323527,0.310147,0.416667,0.410850,0.411084,0.288108,0.452712,0.386547,0.313590,0.280727,0.252099,0.424339,0.328636,0.319609,0.321001,0.421525,0.294455,0.408548,0.348034,0.356551,0.462885,0.353628,0.321497,0.362808,0.310390,0.435665,0.232386,0.297761,0.376908,0.304043,0.327427,0.347040,0.391259,0.318313,0.376252,0.307519,0.328066,0.315399,0.335609,0.380022,0.317830,0.322836,0.261962,0.336378,0.250626,0.294203,0.321530,0.256877,0.286742,0.406819,0.318315,0.285786,0.339179,0.319206,0.315078,0.402623,0.333678,0.390217,0.356150,0.396869,0.429099,0.330765,0.355849,0.432942,0.374531,0.398891,0.397217,0.255173,0.402397,0.314443,0.260910,0.400990,0.331535,0.243265,0.220365,0.361488,0.370482,0.328377,0.330837,0.402561,0.339275,0.343783,0.246459,0.275890,0.406772,0.381927,0.239956,0.311465,0.428915,0.219074,0.349261,0.377603,0.378931,0.283792,0.302651,0.315800,0.419076,0.404843,0.396064,0.314538,0.357801,0.302261,0.298350,0.326093,0.276177,0.316449,0.429026,0.300260,0.225405,0.327617,0.320618,0.305326,0.382990,0.338099,0.353304,0.431888,0.353108,0.241968,0.240625,0.247220,0.343389,0.373949,0.250173,0.348030,0.238367,0.361319,0.471685,0.246465,0.322786,0.312567,0.228139,0.329305,0.137158,0.302064,0.231926,0.348044,0.355614,0.217259,0.423880,0.279305,0.246691,0.342248,0.173102,0.374553,0.395679,0.290809,0.248193,0.356090,0.329253,0.406106,0.187205,0.325386,0.343342,0.156769,0.349987,0.371569,0.347894,0.338150,0.346318,0.314440,0.378843,0.326103,0.394197,0.270636,0.176566,0.327265,0.384387,0.297085,0.279377,0.226193,0.281346,0.410462,0.283060,0.388064,0.324460,#
13,0.323897,0.411390,0.366407,0.355111,0.344212,0.228092,0.362286,0.351102,0.274164,0.298322,0.356629,0.254328,0.282850,1.000000,0.373679,0.339400,0.289295,0.295499,0.345035,0.400245,0.336097,0.355046,0.276286,0.267755,0.427174,0.394876,0.436129,0.400512,0.315607,0.236141,0.374455,0.311239,0.386452,0.322986,0.212743,0.298518,0.288410,0.393093,0.272749,0.334821,0.289062,0.327441,0.412085,0.293996,0.318480,0.345483,0.447427,0.381931,0.374392,0.313139,0.439358,0.287261,0.378725,0.317970,0.327412,0.482379,0.314876,0.320989,0.307879,0.416491,0.359131,0.320197,0.450742,0.362099,0.317365,0.302204,0.489000,0.368701,0.485258,0.410760,0.242243,0.346756,0.383192,0.289319,0.415416,0.244939,0.364668,0.380645,0.405554,0.320399,0.328193,0.448456,0.400608,0.468716,0.476077,0.304622,0.480751,0.381699,0.369786,0.435357,0.387640,0.361887,0.310787,0.399665,0.319321,0.359908,0.343155,0.250669,0.247108,0.280194,0.446770,0.400952,0.359884,0.348200,0.334127,0.411066,0.354346,0.315968,0.364012,0.318583,0.356620,0.294500,0.404983,0.410926,0.304158,0.338814,0.428280,0.289819,0.285467,0.315187,0.382034,0.436992,0.264022,0.376570,0.393618,0.301699,0.280472,0.287455,0.433911,0.357937,0.305445,0.336527,0.302634,0.320100,0.456830,0.316206,0.348401,0.413260,0.445553,0.403985,0.346326,0.274995,0.319719,0.316687,0.405727,0.422055,0.353749,0.287030,0.177702,0.352480,0.421022,0.256968,0.341478,0.375124,0.395542,0.316857,0.247583,0.333932,0.348513,0.284477,0.256442,0.451990,0.230015,0.455480,0.349220,0.308448,0.247451,0.267345,0.412840,0.423341,0.392744,0.400391,0.374136,0.301597,0.341598,0.344099,0.330070,0.266958,0.365752,0.264657,0.358183,0.316866,0.314255,0.378691,0.248884,0.363209,0.369824,0.445126,0.366972,0.351497,0.263189,0.369652,0.339879,0.270638,0.259329,0.337793,0.258581,0.325427,0.365637,0.384760,#
14,0.419773,0.346001,0.300666,0.310625,0.229465,0.304510,0.270392,0.270687,0.345787,0.324695,0.339042,0.184227,0.346512,0.373679,1.000000,0.401664,0.294747,0.330058,0.336038,0.410105,0.324593,0.282805,0.306331,0.413971,0.319659,0.267601,0.393382,0.342053,0.360537,0.289403,0.214410,0.277388,0.286590,0.239247,0.233130,0.334833,0.342261,0.391005,0.364386,0.385177,0.397204,0.321928,0.348761,0.281098,0.318993,0.440722,0.428188,0.317508,0.311683,0.236122,0.430627,0.261653,0.335080,0.333101,0.400233,0.344977,0.331789,0.302846,0.215009,0.348599,0.376081,0.369770,0.293383,0.316133,0.375998,0.305369,0.364948,0.350039,0.366245,0.325978,0.290072,0.304247,0.224041,0.425121,0.263867,0.213689,0.281706,0.362395,0.325508,0.336804,0.373841,0.244311,0.418857,0.391576,0.356236,0.377732,0.220721,0.257917,0.358138,0.360289,0.393776,0.353778,0.319113,0.345425,0.342867,0.220321,0.361390,0.290573,0.324865,0.224395,0.307999,0.362273,0.362806,0.317463,0.261724,0.321211,0.429449,0.412044,0.309700,0.341228,0.203373,0.236027,0.333964,0.279451,0.282664,0.352951,0.306848,0.354873,0.301883,0.279255,0.400604,0.369106,0.243393,0.312415,0.309642,0.270190,0.237036,0.244013,0.217899,0.371705,0.177720,0.382841,0.328001,0.182081,0.289316,0.283055,0.299955,0.342381,0.316813,0.315759,0.417881,0.334389,0.303665,0.204286,0.281558,0.269006,0.334532,0.166775,0.181751,0.273041,0.355406,0.241291,0.190470,0.327027,0.280188,0.209874,0.286200,0.268237,0.323630,0.212835,0.260757,0.341309,0.210042,0.295825,0.360365,0.157243,0.272208,0.252792,0.243991,0.387057,0.453204,0.295672,0.332122,0.378726,0.379484,0.199275,0.398636,0.322227,0.362128,0.403708,0.341271,0.413274,0.270094,0.345272,0.319311,0.357994,0.325639,0.300679,0.236168,0.222435,0.293692,0.349219,0.278975,0.400648,0.234240,0.181871,0.158479,0.299290,0.351802,0.371114,#
15,0.399067,0.247505,0.329925,0.281581,0.270977,0.282298,0.286598,0.324985,0.253053,0.336584,0.272260,0.348571,0.334515,0.339400,0.401664,1.000000,0.319065,0.461384,0.392364,0.293448,0.290844,0.330798,0.286511,0.427026,0.421851,0.350913,0.405264,0.393361,0.421538,0.204873,0.347561,0.366130,0.357613,0.386318,0.197372,0.243235,0.312207,0.364932,0.389065,0.364571,0.433574,0.359010,0.341938,0.294204,0.452102,0.376146,0.318518,0.362974,0.257628,0.329669,0.413793,0.244428,0.368797,0.326527,0.332429,0.260683,0.360273,0.385134,0.286461,0.401871,0.248503,0.261719,0.304962,0.265005,0.273810,0.305647,0.410072,0.419885,0.387848,0.292203,0.290744,0.395053,0.302223,0.279074,0.372060,0.294066,0.244998,0.429806,0.338517,0.304302,0.491769,0.249268,0.345991,0.427060,0.344328,0.323425,0.395017,0.249250,0.455187,0.425548,0.352762,0.279943,0.342771,0.461358,0.316167,0.259087,0.396024,0.268081,0.389378,0.257349,0.408559,0.352877,0.367464,0.318363,0.262790,0.335858,0.301267,0.269473,0.308033,0.429366,0.274145,0.410552,0.265827,0.295301,0.217050,0.442693,0.382101,0.228202,0.311934,0.324794,0.376697,0.404732,0.238081,0.413877,0.288783,0.252154,0.262271,0.295246,0.305483,0.283165,0.266337,0.454220,0.262829,0.320274,0.388172,0.369267,0.342737,0.282803,0.364850,0.246209,0.294687,0.338918,0.367854,0.210788,0.398616,0.316618,0.432991,0.239372,0.348407,0.320401,0.417099,0.268005,0.330636,0.484979,0.216690,0.424226,0.259820,0.300279,0.364825,0.317797,0.249198,0.327913,0.263967,0.384171,0.328393,0.284678,0.332032,0.294040,0.299299,0.383712,0.286020,0.229716,0.408015,0.248308,0.382335,0.151101,0.410210,0.253083,0.194731,0.398668,0.352141,0.401714,0.239874,0.315233,0.260401,0.346957,0.270453,0.372485,0.311036,0.226076,0.117138,0.426540,0.259064,0.308512,0.221697,0.255693,0.275819,0.314499,0.250596,0.306953,#
16,0.390899,0.284435,0.291027,0.270838,0.170971,0.255868,0.332653,0.277649,0.217719,0.250429,0.306466,0.329650,0.357979,0.289295,0.294747,0.319065,1.000000,0.346093,0.308205,0.296778,0.503846,0.353010,0.438656,0.217795,0.236998,0.327088,0.352459,0.268196,0.284262,0.299688,0.267909,0.429340,0.220364,0.324134,0.186048,0.246116,0.346028,0.299272,0.317370,0.294523,0.203715,0.280972,0.283409,0.323382,0.294007,0.348804,0.339851,0.342392,0.295812,0.193030,0.251967,0.313216,0.438155,0.253242,0.266939,0.266191,0.253508,0.281227,0.199610,0.199209,0.234911,0.356391,0.308699,0.372895,0.400384,0.264023,0.308503,0.459821,0.260267,0.341802,0.207782,0.346511,0.344039,0.199765,0.332693,0.458535,0.255380,0.364198,0.365074,0.291122,0.246150,0.261362,0.309837,0.288724,0.305244,0.379856,0.433146,0.266038,0.327188,0.300900,0.361289,0.328182,0.245499,0.277705,0.239410,0.283973,0.326345,0.199362,0.347239,0.262642,0.314511,0.287140,0.174451,0.256102,0.255633,0.329704,0.246076,0.217467,0.242824,0.290618,0.328222,0.292876,0.269944,0.258369,0.307468,0.459348,0.347418,0.243282,0.179888,0.268755,0.288662,0.343328,0.297056,0.305123,0.329020,0.196524,0.227881,0.173467,0.263647,0.385048,0.202599,0.321692,0.388115,0.110849,0.431541,0.301451,0.141890,0.375806,0.314228,0.362140,0.181428,0.296748,0.173847,0.280205,0.315077,0.277787,0.177306,0.209012,0.234797,0.157406,0.279491,0.309775,0.231402,0.255624,0.311293,0.275249,0.200551,0.189430,0.335360,0.249924,0.217636,0.400101,0.358857,0.401550,0.259039,0.143448,0.299601,0.263896,0.266429,0.300465,0.249799,0.128514,0.314858,0.197775,0.306032,0.301942,0.240718,0.219062,0.215904,0.283284,0.317402,0.335350,0.258818,0.197677,0.155993,0.230262,0.402372,0.317442,0.263156,0.210697,0.279286,0.146600,0.175565,0.233485,0.297407,0.305161,0.201579,0.300182,0.216795,0.332510,#
17,0.476914,0.378340,0.350057,0.395935,0.324483,0.353917,0.324474,0.462336,0.229323,0.266576,0.337442,0.408043,0.317488,0.295499,0.330058,0.461384,0.346093,1.000000,0.354124,0.398643,0.413308,0.380924,0.355651,0.422341,0.430417,0.357184,0.311868,0.376538,0.383671,0.333761,0.371998,0.453174,0.514560,0.314085,0.161444,0.297322,0.315796,0.472904,0.377631,0.266410,0.352234,0.298922,0.273083,0.404846,0.314249,0.396633,0.423593,0.357895,0.385056,0.382135,0.436580,0.186955,0.277751,0.376247,0.345574,0.365491,0.417550,0.456814,0.301507,0.398093,0.316874,0.374877,0.336101,0.336295,0.353723,0.414472,0.443848,0.447532,0.384371,0.442167,0.413807,0.377222,0.431561,0.361811,0.380946,0.400760,0.277928,0.428899,0.327550,0.388046,0.440183,0.390866,0.547947,0.437364,0.410848,0.309959,0.398236,0.371957,0.498958,0.492996,0.392079,0.320612,0.330783,0.383742,0.254809,0.283468,0.347221,0.434340,0.387066,0.362953,0.400087,0.350435,0.355080,0.370005,0.310795,0.402252,0.307990,0.495658,0.241986,0.280030,0.364452,0.360715,0.303169,0.412377,0.247949,0.468823,0.384149,0.278129,0.335138,0.387140,0.333950,0.367943,0.287934,0.363352,0.457925,0.374981,0.308927,0.319118,0.222292,0.300392,0.251608,0.438077,0.377002,0.423325,0.434685,0.377118,0.400843,0.356073,0.387778,0.437168,0.401846,0.360112,0.294751,0.273224,0.433010,0.342793,0.274985,0.215551,0.317315,0.208636,0.453185,0.265591,0.311984,0.434773,0.330807,0.360853,0.302793,0.305360,0.479835,0.401162,0.435461,0.390205,0.306608,0.350209,0.389769,0.318036,0.297714,0.377527,0.289720,0.352211,0.447417,0.315556,0.355772,0.367157,0.406802,0.172314,0.396402,0.322781,0.202942,0.441397,0.363501,0.503068,0.348169,0.231240,0.229382,0.369244,0.345553,0.426689,0.416205,0.336588,0.327348,0.439640,0.235471,0.260874,0.369494,0.353200,0.396773,0.254033,0.307290,0.402028,#
18,0.368282,0.383703,0.389375,0.333150,0.385679,0.297433,0.347163,0.344467,0.193054,0.215359,0.424603,0.337085,0.401324,0.345035,0.336038,0.392364,0.308205,0.354124,1.000000,0.356927,0.323190,0.323872,0.225715,0.405747,0.393899,0.370865,0.451378,0.437248,0.438183,0.299565,0.395925,0.342343,0.437083,0.235543,0.286684,0.349693,0.463057,0.380581,0.344621,0.386124,0.370845,0.331745,0.347133,0.297949,0.315843,0.361292,0.358425,0.409159,0.294349,0.341777,0.435194,0.190066,0.415342,0.458457,0.292925,0.288544,0.342230,0.425284,0.231108,0.297318,0.305133,0.306099,0.333230,0.423988,0.296036,0.432735,0.411501,0.433353,0.316875,0.207438,0.237976,0.294666,0.300301,0.294520,0.309859,0.231894,0.230486,0.411778,0.423361,0.424223,0.466109,0.314476,0.407536,0.432281,0.356625,0.243779,0.414468,0.297214,0.429795,0.353882,0.421271,0.306197,0.317010,0.394051,0.294918,0.303866,0.453596,0.326988,0.266565,0.367185,0.318466,0.401622,0.444709,0.376030,0.379371,0.336133,0.289902,0.327313,0.328384,0.392947,0.424773,0.466467,0.249852,0.398802,0.303850,0.336984,0.338806,0.266344,0.313971,0.307466,0.302705,0.448231,0.344769,0.346552,0.381419,0.321085,0.304858,0.303112,0.383803,0.342715,0.346781,0.425787,0.316864,0.257498,0.461082,0.192451,0.279692,0.424929,0.345119,0.421556,0.403895,0.206218,0.227716,0.209505,0.399588,0.318279,0.258897,0.144641,0.282067,0.261862,0.338324,0.351921,0.330920,0.307508,0.301620,0.403709,0.410684,0.389503,0.298474,0.434301,0.351374,0.377260,0.264021,0.352218,0.318342,0.272472,0.413020,0.342299,0.332930,0.423856,0.238552,0.311594,0.395342,0.257102,0.344562,0.214008,0.298067,0.368545,0.398851,0.355353,0.340744,0.395055,0.359457,0.302947,0.396696,0.366016,0.377225,0.476579,0.326323,0.267779,0.295481,0.384706,0.332806,0.297919,0.325199,0.232286,0.358724,0.391461,0.435898,0.388155,#
19,0.360100,0.369263,0.323346,0.368141,0.407059,0.192452,0.392667,0.407462,0.300487,0.399317,0.352320,0.191647,0.431911,0.400245,0.410105,0.293448,0.296778,0.398643,0.356927,1.000000,0.327096,0.402808,0.333729,0.392127,0.321327,0.450951,0.393420,0.394204,0.370668,0.416619,0.320415,0.407786,0.373872,0.312475,0.283889,0.360073,0.231720,0.386988,0.480308,0.354663,0.348433,0.315388,0.282533,0.250989,0.375728,0.458911,0.446282,0.533737,0.348611,0.373400,0.377191,0.293033,0.283771,0.462858,0.358277,0.351109,0.384708,0.356677,0.243021,0.399174,0.369779,0.283017,0.349322,0.358294,0.403287,0.366857,0.303158,0.390774,0.387205,0.395313,0.380903,0.364081,0.420470,0.275620,0.409159,0.339975,0.334980,0.458583,0.420358,0.305837,0.404980,0.390664,0.467426,0.302389,0.466608,0.315917,0.400537,0.328174,0.478018,0.442251,0.336021,0.428252,0.332760,0.351777,0.308483,0.351854,0.386735,0.385439,0.248557,0.269239,0.407705,0.380374,0.398559,0.387854,0.376344,0.359895,0.400285,0.494049,0.288250,0.253210,0.395595,0.349014,0.347822,0.437697,0.345792,0.359808,0.452376,0.429618,0.370997,0.240281,0.444729,0.502973,0.334406,0.415557,0.525844,0.390113,0.334758,0.370604,0.168336,0.356409,0.263086,0.319333,0.427710,0.294788,0.394718,0.362964,0.363594,0.412858,0.391051,0.430511,0.432730,0.315555,0.265745,0.236133,0.406257,0.348194,0.290046,0.383066,0.404207,0.197139,0.350704,0.364312,0.316346,0.398164,0.303161,0.309206,0.341532,0.319157,0.385084,0.244332,0.367748,0.404068,0.356090,0.400063,0.345075,0.257182,0.314093,0.318825,0.341956,0.365766,0.463603,0.344308,0.361065,0.327187,0.391886,0.233357,0.327202,0.347019,0.227208,0.391254,0.281203,0.448913,0.297679,0.376701,0.321943,0.362225,0.370665,0.472591,0.334398,0.241402,0.418027,0.380103,0.301900,0.407980,0.288180,0.390623,0.374914,0.427180,0.421249,0.441375,#
20,0.428365,0.330266,0.350747,0.339756,0.347752,0.308479,0.362042,0.389885,0.344291,0.274073,0.284169,0.319525,0.380154,0.336097,0.324593,0.290844,0.503846,0.413308,0.323190,0.327096,1.000000,0.370233,0.388730,0.335559,0.426936,0.344759,0.386392,0.431483,0.358519,0.361067,0.323149,0.350444,0.355034,0.283918,0.273050,0.256499,0.349276,0.322647,0.273523,0.361449,0.306631,0.465005,0.336880,0.345720,0.345043,0.439046,0.375268,0.415878,0.384977,0.297196,0.319788,0.364341,0.500751,0.338326,0.309293,0.308323,0.378628,0.333098,0.254668,0.374287,0.391563,0.233559,0.435102,0.386412,0.465534,0.263152,0.339771,0.386746,0.429243,0.416236,0.344517,0.344184,0.466987,0.363749,0.330993,0.313300,0.376815,0.392822,0.321095,0.402675,0.282522,0.271249,0.439950,0.346596,0.317075,0.426105,0.397914,0.364779,0.450895,0.432751,0.394227,0.433054,0.348431,0.385000,0.306707,0.303891,0.399438,0.358300,0.274122,0.189902,0.318404,0.339911,0.334794,0.410172,0.253008,0.396254,0.323038,0.333576,0.290277,0.393732,0.402588,0.268217,0.355320,0.398822,0.301144,0.456520,0.499084,0.254249,0.195361,0.270673,0.335202,0.402177,0.333404,0.338357,0.448882,0.358268,0.404623,0.415803,0.282533,0.440176,0.253640,0.439726,0.361164,0.228851,0.452915,0.337330,0.348104,0.461143,0.428788,0.425447,0.370158,0.365248,0.157683,0.258361,0.430651,0.245210,0.241494,0.315818,0.312389,0.306392,0.377269,0.378524,0.220650,0.256888,0.325322,0.332445,0.276107,0.206148,0.353788,0.377107,0.365173,0.397190,0.315710,0.367321,0.427391,0.205880,0.260785,0.333753,0.307649,0.318164,0.373782,0.253737,0.290998,0.347777,0.330579,0.362640,0.260619,0.210993,0.376536,0.464320,0.369345,0.363923,0.274359,0.376251,0.323510,0.271951,0.274891,0.388761,0.354400,0.314554,0.370775,0.373475,0.349020,0.276065,0.388198,0.365886,0.287409,0.344525,0.301839,0.322579,#
21,0.448684,0.447989,0.418813,0.358371,0.339542,0.325768,0.360580,0.391715,0.227718,0.326187,0.347675,0.374059,0.266908,0.355046,0.282805,0.330798,0.353010,0.380924,0.323872,0.402808,0.370233,1.000000,0.324048,0.430669,0.437081,0.287499,0.411606,0.444403,0.393989,0.361869,0.360872,0.391459,0.363730,0.399859,0.232873,0.327546,0.400438,0.398109,0.411319,0.304639,0.360934,0.417466,0.246633,0.312139,0.411928,0.373227,0.473204,0.426318,0.289481,0.383584,0.421208,0.260648,0.393197,0.353720,0.290570,0.287709,0.434106,0.382458,0.322646,0.370285,0.262052,0.263262,0.397681,0.367658,0.491269,0.349024,0.356143,0.376403,0.430416,0.468432,0.490233,0.352341,0.454256,0.329555,0.341752,0.321544,0.325283,0.322601,0.331485,0.376795,0.459384,0.361555,0.389485,0.287698,0.427200,0.334275,0.396979,0.315578,0.433523,0.467830,0.315069,0.318831,0.344159,0.314686,0.398164,0.411348,0.366122,0.376308,0.325469,0.360545,0.458414,0.330858,0.294303,0.392455,0.356196,0.448347,0.344946,0.390878,0.315580,0.310892,0.345185,0.360533,0.403298,0.395892,0.269030,0.429004,0.480733,0.266426,0.388886,0.404957,0.371492,0.471425,0.204826,0.461261,0.370001,0.385266,0.359157,0.362686,0.296911,0.320648,0.329740,0.335206,0.435850,0.330572,0.420453,0.280007,0.386818,0.394578,0.378639,0.432815,0.317859,0.367660,0.282756,0.221834,0.392429,0.373902,0.302980,0.333676,0.305222,0.253153,0.369508,0.377204,0.335889,0.396859,0.354042,0.289787,0.273512,0.316478,0.317359,0.347113,0.469782,0.327736,0.274471,0.379542,0.393573,0.196244,0.209453,0.390265,0.270015,0.398680,0.364258,0.305217,0.405194,0.365604,0.334941,0.297435,0.428333,0.276519,0.322856,0.411376,0.285886,0.410056,0.189287,0.352330,0.260907,0.372246,0.333003,0.380259,0.444486,0.233937,0.395615,0.388170,0.347326,0.220212,0.423762,0.372056,0.351368,0.330741,0.343292,0.399360,#
