0,1.000000,0.810733,0.818336,0.810407,0.779607,0.827329,0.803751,0.812321,0.817335,0.780119,0.801144,0.829531,0.783168,0.803994,0.814134,0.815673,0.839324,0.851518,0.818833,0.823007,0.822685,0.787053,0.837737,0.847828,0.757697,0.793241,0.808909,0.800397,0.787567,0.810395,0.800913,0.827891,0.813830,0.800688,0.833763,0.811879,0.793254,0.807957,0.818238,0.828497,0.824904,0.792386,0.847745,0.781698,0.817931,0.779603,0.809437,0.843531,0.816756,0.836395,0.815676,0.836287,0.821996,0.831220,0.843630,0.835608,0.822581,0.845974,0.809732,0.815092,0.826605,0.805363,0.829148,0.828158,0.835040,0.806259,0.842881,0.817004,0.808012,0.787272,0.787958,0.790471,0.852275,0.834920,0.810623,0.779662,0.847963,0.817244,0.823933,0.800716,0.833854,0.798602,0.823547,0.821402,0.832380,0.837729,0.828043,0.821765,0.799361,0.809180,0.786792,0.823979,0.828902,0.812105,0.810685,0.820435,0.810041,0.766352,0.823235,0.847191,0.822237,0.802916,0.825745,0.835924,0.795831,0.826287,0.814720,0.838159,0.815921,0.760672,0.811171,0.810836,0.808312,0.802637,0.809995,0.842047,0.808222,0.785461,0.791884,0.800418,0.774447,0.852492,0.833540,0.845748,0.839435,0.815202,0.795911,0.788359,0.760527,0.810941,0.804729,0.807248,0.818328,0.786087,0.827912,0.817976,0.801181,0.811366,0.776565,0.823750,0.807935,0.804979,0.772598,0.824759,0.813389,0.730297,0.789758,0.770816,0.818621,0.808544,0.807063,0.826859,0.801801,0.776031,0.811075,0.807305,0.840516,0.826562,0.847151,0.806834,0.834981,0.832415,0.810818,0.806740,0.797509,0.818082,0.821225,0.801575,0.827008,0.808686,0.810878,0.814006,0.816634,0.835830,0.815683,0.807539,0.828219,0.828414,0.805971,0.790940,0.789756,0.828460,0.793647,0.781662,0.796717,0.798189,0.773268,0.825617,0.801654,0.790483,0.802760,0.838017,0.812577,0.808751,0.806499,0.823106,0.788863,0.828728,0.815806,0.795378,#
1,0.810733,1.000000,0.796014,0.807774,0.798874,0.824472,0.784031,0.809873,0.829446,0.803508,0.815038,0.815364,0.786725,0.785603,0.786462,0.812336,0.790440,0.799619,0.785278,0.812064,0.801661,0.836615,0.822522,0.803825,0.784822,0.758196,0.797195,0.831020,0.775577,0.771318,0.833670,0.822273,0.804521,0.821699,0.783470,0.812272,0.775514,0.813467,0.831056,0.809455,0.807040,0.774951,0.810165,0.786438,0.787735,0.785658,0.837325,0.800408,0.830009,0.806219,0.802406,0.836468,0.821641,0.788520,0.838167,0.816969,0.794609,0.813245,0.805708,0.793535,0.791014,0.791636,0.769889,0.784808,0.822778,0.829049,0.837844,0.833029,0.808718,0.812725,0.804214,0.810462,0.859548,0.792853,0.812575,0.804020,0.793612,0.793566,0.829153,0.793426,0.827272,0.800073,0.818194,0.822806,0.833754,0.806739,0.807218,0.835241,0.812050,0.788075,0.778282,0.815569,0.811968,0.818290,0.793145,0.794054,0.797354,0.778639,0.785307,0.810952,0.819896,0.808433,0.791845,0.792946,0.759138,0.813301,0.788595,0.827748,0.801815,0.761053,0.792641,0.790877,0.787092,0.804605,0.785822,0.816596,0.808781,0.799110,0.770571,0.762052,0.799376,0.825445,0.801887,0.825616,0.797896,0.782117,0.797838,0.798266,0.807474,0.833898,0.770989,0.839057,0.790662,0.791439,0.838063,0.796264,0.803104,0.800457,0.797597,0.792686,0.817007,0.811344,0.797764,0.833753,0.813208,0.758521,0.767842,0.761140,0.823317,0.776805,0.839434,0.831974,0.802390,0.744518,0.827201,0.791344,0.814232,0.817931,0.783031,0.771500,0.788101,0.835738,0.803614,0.840204,0.800840,0.772372,0.812803,0.758511,0.788377,0.800770,0.806914,0.806975,0.797402,0.822677,0.809435,0.793884,0.801294,0.824863,0.776842,0.799428,0.795199,0.796413,0.802866,0.783449,0.810172,0.837175,0.779663,0.731375,0.810326,0.811630,0.817149,0.810166,0.792105,0.778898,0.807018,0.753300,0.774956,0.843910,0.785373,0.816947,#
2,0.818336,0.796014,1.000000,0.791468,0.796028,0.806927,0.785036,0.815486,0.805873,0.776141,0.801642,0.787902,0.747856,0.804599,0.788322,0.786425,0.771956,0.799743,0.767044,0.805876,0.797023,0.789050,0.786442,0.817953,0.752349,0.775989,0.835049,0.811067,0.809389,0.803075,0.811716,0.784600,0.800603,0.777200,0.793487,0.796243,0.790651,0.797039,0.829258,0.766369,0.791019,0.778953,0.816867,0.752917,0.782142,0.784552,0.832602,0.770903,0.774798,0.807851,0.785519,0.827920,0.816675,0.808108,0.843406,0.813254,0.807614,0.779987,0.803894,0.788251,0.846169,0.792742,0.772952,0.815458,0.816475,0.809335,0.796318,0.796399,0.788881,0.781216,0.809399,0.794076,0.821252,0.808538,0.818786,0.783581,0.793280,0.781043,0.794176,0.806943,0.825778,0.792261,0.822401,0.769191,0.842540,0.821651,0.790085,0.826449,0.769135,0.759026,0.780987,0.824266,0.836670,0.809002,0.801405,0.803437,0.784819,0.759571,0.825260,0.809091,0.799757,0.785851,0.779307,0.805438,0.743284,0.826159,0.825525,0.821998,0.796162,0.757004,0.810695,0.769211,0.827634,0.793957,0.766791,0.790196,0.781209,0.797541,0.771596,0.764606,0.776264,0.784577,0.769519,0.823549,0.805544,0.761118,0.797691,0.778294,0.773731,0.816115,0.795448,0.826658,0.824959,0.816252,0.817849,0.785088,0.794778,0.804642,0.806132,0.771762,0.785453,0.822395,0.734008,0.783344,0.801349,0.768911,0.754387,0.758183,0.783853,0.786052,0.815925,0.812823,0.803235,0.789265,0.790829,0.793563,0.804825,0.743722,0.802453,0.750416,0.745740,0.772864,0.808803,0.807815,0.775510,0.801424,0.817769,0.740935,0.777404,0.780758,0.805111,0.805030,0.804906,0.782495,0.813358,0.779766,0.757950,0.819919,0.765840,0.753630,0.770046,0.836810,0.757484,0.808293,0.779415,0.801208,0.763952,0.755302,0.793633,0.791840,0.796334,0.799587,0.841540,0.796154,0.783935,0.788811,0.747921,0.813645,0.783883,0.810095,#
3,0.810407,0.807774,0.791468,1.000000,0.802131,0.807987,0.785446,0.805741,0.837865,0.803035,0.799715,0.802525,0.793072,0.793570,0.796639,0.817234,0.793158,0.813696,0.826746,0.799329,0.797157,0.832208,0.812832,0.810701,0.786689,0.800369,0.821745,0.813001,0.798008,0.799745,0.815983,0.820726,0.827453,0.838062,0.793776,0.817625,0.780660,0.825444,0.794087,0.813525,0.795600,0.802132,0.816448,0.796102,0.792161,0.828544,0.804001,0.803340,0.815948,0.795851,0.825557,0.793633,0.823369,0.782379,0.815287,0.833014,0.800148,0.810681,0.839376,0.803150,0.798267,0.790738,0.774525,0.817756,0.866464,0.795668,0.791518,0.799097,0.753892,0.809871,0.782089,0.814606,0.844929,0.795025,0.792935,0.777158,0.793607,0.789765,0.794831,0.812139,0.834266,0.771080,0.831438,0.789808,0.823834,0.820024,0.808800,0.802185,0.794963,0.797031,0.805936,0.833481,0.831919,0.824054,0.810180,0.809920,0.780013,0.753776,0.807508,0.788968,0.780528,0.782927,0.783321,0.770249,0.814827,0.794419,0.813186,0.834482,0.782567,0.763339,0.810232,0.757906,0.788309,0.809835,0.783001,0.810253,0.776233,0.786353,0.791180,0.766560,0.772994,0.823329,0.797397,0.795380,0.792045,0.793914,0.819357,0.815094,0.770831,0.794340,0.783920,0.827453,0.783569,0.821509,0.832139,0.826945,0.808110,0.777217,0.763640,0.781400,0.773347,0.827519,0.793431,0.764020,0.785642,0.808892,0.772606,0.806829,0.790818,0.795798,0.803431,0.793555,0.779461,0.782685,0.805123,0.779616,0.824011,0.784929,0.824152,0.780565,0.785897,0.810651,0.775699,0.814462,0.795912,0.786046,0.819590,0.768165,0.809876,0.794856,0.796764,0.808170,0.794612,0.827447,0.788754,0.816657,0.797169,0.813520,0.792103,0.798979,0.746281,0.836846,0.777853,0.769883,0.777383,0.791341,0.773051,0.758321,0.802203,0.823084,0.805472,0.787531,0.793885,0.791943,0.796409,0.798692,0.780706,0.799327,0.777134,0.795380,#
4,0.779607,0.798874,0.796028,0.802131,1.000000,0.839099,0.794226,0.803107,0.785842,0.794470,0.772671,0.815761,0.764799,0.810277,0.776912,0.801355,0.806298,0.824516,0.795837,0.846597,0.824669,0.800758,0.787052,0.821201,0.762745,0.774103,0.811536,0.787423,0.800788,0.789388,0.835413,0.808043,0.831165,0.797164,0.772639,0.801636,0.799778,0.796529,0.815656,0.815411,0.798552,0.778707,0.796145,0.787046,0.791360,0.824713,0.823681,0.809197,0.807741,0.792544,0.803101,0.803377,0.823490,0.781299,0.838760,0.841602,0.791295,0.798448,0.821040,0.816174,0.779200,0.808271,0.786202,0.790849,0.835599,0.805188,0.792687,0.801636,0.775437,0.796278,0.804342,0.828925,0.829059,0.804181,0.789881,0.762254,0.786772,0.816170,0.803953,0.816384,0.801557,0.790446,0.829016,0.772625,0.829476,0.791985,0.788820,0.785343,0.800502,0.793248,0.788394,0.787076,0.808876,0.801463,0.788200,0.791354,0.792677,0.753073,0.767428,0.804321,0.820205,0.815667,0.813544,0.788476,0.778153,0.808989,0.804314,0.813095,0.810962,0.790484,0.782239,0.788747,0.805186,0.842668,0.769023,0.782081,0.808846,0.819171,0.761764,0.752256,0.755866,0.815345,0.823348,0.810026,0.802737,0.786581,0.779569,0.794951,0.826482,0.813290,0.833223,0.805215,0.801545,0.815406,0.844017,0.818921,0.783202,0.796471,0.783940,0.748714,0.768570,0.821711,0.806011,0.791826,0.800999,0.769708,0.797170,0.765425,0.786224,0.814919,0.810707,0.848868,0.793392,0.777223,0.845544,0.795924,0.845489,0.778074,0.802441,0.761969,0.782520,0.803353,0.829145,0.787091,0.766045,0.771108,0.779170,0.756615,0.803380,0.796544,0.772941,0.809280,0.824981,0.794429,0.832792,0.809271,0.806755,0.829166,0.780974,0.786880,0.788620,0.802964,0.808419,0.769970,0.810117,0.821841,0.740776,0.810639,0.790145,0.801477,0.770276,0.770280,0.770710,0.803199,0.795370,0.790528,0.790343,0.800589,0.808551,0.798166,#
5,0.827329,0.824472,0.806927,0.807987,0.839099,1.000000,0.774299,0.829920,0.819330,0.782771,0.793445,0.798605,0.770507,0.779148,0.790937,0.822660,0.797046,0.827115,0.772547,0.839727,0.804489,0.794960,0.810030,0.808176,0.777629,0.789871,0.846953,0.840280,0.800777,0.788342,0.849205,0.821872,0.830894,0.809446,0.773251,0.834317,0.792880,0.795124,0.819276,0.798899,0.826380,0.774720,0.794259,0.810597,0.818331,0.814108,0.840321,0.822928,0.828893,0.773813,0.827496,0.804978,0.817590,0.813068,0.802321,0.868392,0.820470,0.805110,0.867933,0.829051,0.785923,0.818468,0.801535,0.845244,0.839400,0.813746,0.788995,0.817237,0.802837,0.788560,0.812909,0.803101,0.854294,0.805380,0.795183,0.798668,0.823741,0.828824,0.815786,0.807238,0.847842,0.799201,0.836037,0.802213,0.807118,0.827464,0.826665,0.825063,0.811547,0.768307,0.774411,0.819785,0.845697,0.847457,0.791734,0.786973,0.799766,0.786332,0.835314,0.820008,0.821570,0.813326,0.839876,0.813672,0.787393,0.823211,0.810124,0.838682,0.787262,0.800000,0.793655,0.833166,0.795560,0.793851,0.773254,0.790529,0.829134,0.802463,0.752244,0.794806,0.759556,0.833307,0.813781,0.856168,0.781219,0.792138,0.834329,0.778271,0.781018,0.811788,0.841125,0.844577,0.837890,0.840290,0.829141,0.800379,0.818566,0.810789,0.789726,0.777640,0.785490,0.801245,0.798926,0.821102,0.856631,0.763031,0.765341,0.775425,0.811424,0.819582,0.830503,0.824750,0.796976,0.768497,0.801378,0.792252,0.843874,0.812508,0.820775,0.783845,0.801021,0.824747,0.826849,0.815480,0.813991,0.787367,0.775238,0.815363,0.804367,0.806564,0.855142,0.825082,0.814644,0.804814,0.809838,0.789640,0.789158,0.832771,0.822023,0.814045,0.823594,0.823146,0.812223,0.784332,0.816758,0.816798,0.782492,0.801066,0.800931,0.809717,0.787706,0.827050,0.788705,0.794010,0.775165,0.781196,0.769932,0.823618,0.818000,0.814216,#
6,0.803751,0.784031,0.785036,0.785446,0.794226,0.774299,1.000000,0.776062,0.806603,0.764170,0.780183,0.794249,0.784505,0.817807,0.736461,0.795539,0.801682,0.822004,0.777505,0.768991,0.825858,0.781148,0.760144,0.793639,0.783364,0.790450,0.781215,0.795447,0.773603,0.812777,0.803157,0.796545,0.808861,0.792949,0.783340,0.798747,0.776032,0.777510,0.779786,0.793191,0.793232,0.789265,0.811488,0.779300,0.825242,0.744927,0.809154,0.773111,0.836458,0.809850,0.795822,0.817597,0.809274,0.740146,0.832507,0.808811,0.804891,0.825857,0.827677,0.767510,0.809045,0.769363,0.774182,0.776947,0.850648,0.797661,0.829114,0.792162,0.785964,0.761690,0.793095,0.809657,0.810565,0.821997,0.778896,0.765154,0.800215,0.778358,0.806965,0.768528,0.827929,0.782398,0.792203,0.788986,0.781469,0.789705,0.789386,0.797435,0.793688,0.785119,0.759835,0.792028,0.774956,0.793368,0.768771,0.763037,0.807259,0.773134,0.780391,0.807095,0.788707,0.790378,0.815808,0.790892,0.754674,0.758469,0.808655,0.789293,0.784120,0.734651,0.765748,0.776581,0.754632,0.766087,0.759787,0.760924,0.802862,0.783739,0.752414,0.755800,0.780806,0.797069,0.787245,0.828172,0.801908,0.803134,0.766006,0.783288,0.735170,0.773607,0.789324,0.803378,0.786909,0.758759,0.800993,0.796658,0.790198,0.774598,0.805773,0.800890,0.789315,0.807863,0.752554,0.774215,0.776159,0.782048,0.778116,0.762401,0.784314,0.750735,0.810596,0.815044,0.759757,0.724688,0.782670,0.760549,0.820113,0.755513,0.794676,0.764304,0.776365,0.802785,0.774521,0.792265,0.791101,0.795425,0.812378,0.719803,0.784938,0.770440,0.808542,0.798665,0.759719,0.766509,0.801669,0.802194,0.773270,0.799374,0.777678,0.770913,0.781728,0.780910,0.802402,0.782375,0.775343,0.793917,0.733715,0.778990,0.751719,0.787334,0.763166,0.784209,0.772439,0.791153,0.794206,0.789021,0.787591,0.819396,0.787403,0.784043,#
7,0.812321,0.809873,0.815486,0.805741,0.803107,0.829920,0.776062,1.000000,0.858825,0.787336,0.804009,0.794019,0.787742,0.807518,0.812989,0.778501,0.802286,0.809501,0.789630,0.804151,0.811465,0.792315,0.842651,0.811997,0.785474,0.815357,0.815194,0.821218,0.803218,0.810918,0.777005,0.821287,0.796108,0.806373,0.776005,0.809602,0.807544,0.786588,0.825006,0.797369,0.800664,0.787796,0.805171,0.798978,0.810415,0.798989,0.826491,0.825910,0.802509,0.791638,0.834549,0.809236,0.817749,0.832048,0.819299,0.822770,0.794647,0.819277,0.815217,0.809757,0.778047,0.802424,0.798214,0.807396,0.834579,0.823219,0.817055,0.813619,0.821026,0.808262,0.809735,0.764083,0.861995,0.815771,0.816643,0.784599,0.812242,0.793710,0.811510,0.796652,0.835519,0.799650,0.824169,0.791483,0.819894,0.809667,0.840253,0.813442,0.791550,0.789349,0.771995,0.830995,0.815039,0.814298,0.817948,0.771993,0.808291,0.797243,0.819859,0.808584,0.812765,0.786009,0.804722,0.798172,0.776459,0.814410,0.795266,0.826754,0.789222,0.769155,0.834731,0.786530,0.818757,0.816557,0.788138,0.804130,0.794738,0.780166,0.761915,0.808751,0.787740,0.811628,0.795775,0.850101,0.843449,0.797875,0.816458,0.812770,0.765904,0.777467,0.803048,0.804651,0.825256,0.792805,0.839793,0.832999,0.801118,0.812059,0.784862,0.789403,0.792397,0.815104,0.806275,0.787347,0.814429,0.781447,0.793328,0.743420,0.818732,0.811775,0.797752,0.821265,0.810630,0.772022,0.786647,0.830932,0.823330,0.800054,0.827777,0.790646,0.806310,0.779467,0.839399,0.788879,0.787412,0.796399,0.821228,0.769908,0.786243,0.775376,0.840687,0.833227,0.801514,0.809511,0.811713,0.784791,0.785914,0.812320,0.789894,0.805395,0.801934,0.811137,0.786738,0.786250,0.788942,0.825361,0.764157,0.758221,0.803851,0.827900,0.811143,0.807805,0.785481,0.772204,0.793341,0.795979,0.783797,0.836635,0.813973,0.804561,#
8,0.817335,0.829446,0.805873,0.837865,0.785842,0.819330,0.806603,0.858825,1.000000,0.812361,0.790639,0.808644,0.799062,0.816547,0.804790,0.829307,0.789788,0.836078,0.781349,0.832785,0.811537,0.838414,0.825172,0.805629,0.782243,0.816794,0.819343,0.828823,0.805300,0.822647,0.814077,0.817027,0.810292,0.816922,0.782124,0.829715,0.806048,0.816887,0.806518,0.804448,0.801824,0.808567,0.852038,0.778012,0.806052,0.782491,0.813368,0.824261,0.828818,0.816272,0.836117,0.833743,0.787800,0.829975,0.824504,0.857728,0.809245,0.820469,0.811584,0.803060,0.819198,0.801750,0.839818,0.816431,0.852223,0.839685,0.822388,0.832619,0.827697,0.807206,0.811266,0.811334,0.854094,0.837995,0.811214,0.782114,0.808224,0.807180,0.807812,0.815786,0.842786,0.808206,0.812060,0.797566,0.831068,0.815632,0.799677,0.821427,0.781447,0.795651,0.792884,0.815875,0.822251,0.819776,0.819579,0.803384,0.806406,0.790004,0.827472,0.812236,0.828453,0.792269,0.819725,0.825437,0.785847,0.813949,0.821509,0.830340,0.782995,0.788558,0.790672,0.804486,0.811960,0.794856,0.802588,0.826267,0.796044,0.778603,0.788216,0.809584,0.780522,0.818297,0.814896,0.832771,0.800508,0.819398,0.799625,0.808416,0.779205,0.818665,0.783792,0.811653,0.832771,0.814604,0.856617,0.818514,0.799024,0.802025,0.787021,0.807106,0.784945,0.836590,0.837023,0.803233,0.813742,0.780674,0.795696,0.777694,0.823182,0.802383,0.810467,0.824479,0.787644,0.826805,0.815546,0.807419,0.834934,0.823799,0.836515,0.807932,0.796418,0.797077,0.836320,0.821385,0.804762,0.794475,0.805549,0.774369,0.823583,0.802816,0.834005,0.828469,0.806515,0.810161,0.830619,0.808695,0.792176,0.830292,0.797784,0.780084,0.800445,0.824572,0.780506,0.815452,0.808758,0.822509,0.803351,0.780282,0.808509,0.829368,0.828165,0.822174,0.835419,0.799148,0.803821,0.797231,0.780159,0.824056,0.817324,0.825589,#
9,0.780119,0.803508,0.776141,0.803035,0.794470,0.782771,0.764170,0.787336,0.812361,1.000000,0.790387,0.768327,0.791355,0.788875,0.811005,0.813338,0.795359,0.799188,0.799794,0.798590,0.833318,0.790885,0.801966,0.821348,0.759366,0.755227,0.789015,0.835113,0.763057,0.822553,0.790693,0.782707,0.801168,0.808714,0.791190,0.806568,0.774788,0.797705,0.811103,0.778235,0.818007,0.782995,0.791252,0.755701,0.811861,0.775041,0.797934,0.788048,0.780330,0.777884,0.775913,0.791464,0.767452,0.776094,0.801275,0.828860,0.786203,0.824041,0.796885,0.782600,0.790740,0.789240,0.794613,0.801016,0.810673,0.833709,0.810908,0.814020,0.803193,0.762869,0.806543,0.785642,0.810974,0.786711,0.780354,0.774908,0.771403,0.806918,0.792942,0.831613,0.811391,0.794812,0.788801,0.797224,0.820370,0.768055,0.776937,0.834520,0.773551,0.724303,0.764263,0.808163,0.823336,0.787454,0.802590,0.777841,0.786370,0.800621,0.800965,0.767060,0.802676,0.788164,0.831182,0.788827,0.798215,0.788846,0.794532,0.800811,0.807873,0.782561,0.819528,0.802555,0.826909,0.807314,0.754800,0.812348,0.737255,0.764361,0.740830,0.768641,0.763473,0.827880,0.810373,0.813817,0.789600,0.764651,0.788574,0.774948,0.797909,0.790125,0.776553,0.810547,0.799939,0.809765,0.812946,0.762701,0.784152,0.787648,0.753982,0.776983,0.760592,0.828723,0.805914,0.813912,0.791887,0.789330,0.782296,0.769647,0.784607,0.778766,0.778657,0.789667,0.776434,0.781683,0.809558,0.787776,0.805918,0.795743,0.796138,0.779567,0.792803,0.811721,0.804270,0.815359,0.810574,0.780130,0.769915,0.748040,0.818061,0.780040,0.826026,0.814755,0.781666,0.788562,0.813179,0.840695,0.771209,0.822845,0.778215,0.799441,0.791916,0.777352,0.794191,0.760490,0.778073,0.821697,0.737066,0.749896,0.827392,0.772922,0.799213,0.793480,0.780844,0.761138,0.772849,0.768116,0.775926,0.800274,0.769010,0.765220,#
10,0.801144,0.815038,0.801642,0.799715,0.772671,0.793445,0.780183,0.804009,0.790639,0.790387,1.000000,0.783884,0.744387,0.780813,0.758305,0.806193,0.795041,0.779385,0.780999,0.797726,0.802940,0.766595,0.796432,0.824093,0.744248,0.759286,0.798040,0.830067,0.768550,0.809980,0.792251,0.791014,0.806931,0.810845,0.792171,0.813763,0.784044,0.795425,0.801406,0.775447,0.811582,0.767436,0.796481,0.739416,0.799747,0.801302,0.837828,0.794556,0.815425,0.845905,0.778536,0.819274,0.803349,0.760864,0.812530,0.825518,0.793585,0.804957,0.787696,0.788812,0.800733,0.797705,0.818397,0.819301,0.833006,0.763362,0.821485,0.777002,0.797085,0.772276,0.799525,0.814396,0.841515,0.757048,0.779706,0.807634,0.788093,0.814576,0.793001,0.779711,0.854332,0.785821,0.792839,0.786573,0.811141,0.776952,0.800382,0.808802,0.784734,0.808540,0.753734,0.834732,0.835080,0.797015,0.773490,0.805796,0.765688,0.783785,0.812372,0.815494,0.785895,0.780025,0.797532,0.814294,0.825841,0.775604,0.802420,0.800763,0.770206,0.761333,0.780358,0.769231,0.806557,0.804424,0.760440,0.819222,0.765840,0.779102,0.776602,0.773715,0.774882,0.826983,0.749031,0.805719,0.754440,0.771543,0.806205,0.793079,0.789704,0.795600,0.763740,0.794506,0.778798,0.782148,0.823722,0.817962,0.772541,0.789911,0.779334,0.804333,0.820135,0.796091,0.751635,0.789972,0.770623,0.740267,0.757817,0.756993,0.797170,0.778048,0.793607,0.810611,0.791459,0.752635,0.796638,0.770904,0.838161,0.795365,0.793184,0.755783,0.811729,0.773575,0.795456,0.816449,0.796416,0.761200,0.814312,0.746952,0.812288,0.814364,0.802434,0.811296,0.742611,0.784881,0.811136,0.777364,0.772879,0.820513,0.752773,0.793125,0.759829,0.780883,0.810289,0.759083,0.769858,0.802652,0.745976,0.751198,0.753240,0.808106,0.800676,0.772032,0.795831,0.777069,0.792792,0.786352,0.763889,0.815761,0.783668,0.813806,#
11,0.829531,0.815364,0.787902,0.802525,0.815761,0.798605,0.794249,0.794019,0.808644,0.768327,0.783884,1.000000,0.795518,0.807247,0.783433,0.786595,0.797297,0.837162,0.815954,0.786697,0.802455,0.801740,0.807529,0.798336,0.776286,0.796132,0.779641,0.799877,0.799417,0.783291,0.806574,0.820233,0.828830,0.805292,0.771367,0.805301,0.830997,0.813849,0.787540,0.817496,0.802289,0.782356,0.820487,0.769537,0.797315,0.780569,0.858290,0.823301,0.804411,0.821342,0.797292,0.809320,0.815515,0.794751,0.821113,0.818496,0.764370,0.835686,0.799659,0.788927,0.786251,0.768686,0.821155,0.787641,0.828914,0.811106,0.817329,0.820290,0.824713,0.808053,0.819259,0.791712,0.834354,0.809574,0.815904,0.757717,0.833913,0.813641,0.794387,0.756471,0.817728,0.803126,0.828971,0.779319,0.840046,0.803909,0.774849,0.793826,0.777585,0.756060,0.788500,0.831068,0.812534,0.803135,0.788359,0.815356,0.787926,0.772329,0.794882,0.809107,0.783529,0.817630,0.822174,0.800166,0.797404,0.816415,0.794724,0.834980,0.812116,0.784538,0.822420,0.812462,0.817734,0.792799,0.740539,0.818421,0.794378,0.796739,0.757366,0.809178,0.749376,0.815566,0.799702,0.816249,0.801749,0.791816,0.809757,0.781310,0.799246,0.811077,0.802960,0.809146,0.815406,0.805098,0.820192,0.789409,0.794773,0.800205,0.793105,0.800259,0.791595,0.792250,0.786217,0.815180,0.823801,0.766102,0.804285,0.774182,0.793755,0.799639,0.808983,0.808863,0.782507,0.792825,0.832441,0.779823,0.837897,0.765932,0.811642,0.760400,0.793601,0.817680,0.811895,0.794162,0.815263,0.762289,0.817734,0.753492,0.815392,0.828031,0.811046,0.804093,0.815317,0.829259,0.799898,0.797538,0.790098,0.812932,0.773657,0.812112,0.797865,0.789624,0.822277,0.756154,0.816106,0.787050,0.750407,0.805151,0.786121,0.819253,0.807536,0.797080,0.812475,0.802076,0.792965,0.790319,0.785663,0.815366,0.785996,0.792164,#
12,0.783168,0.786725,0.747856,0.793072,0.764799,0.770507,0.784505,0.787742,0.799062,0.791355,0.744387,0.795518,1.000000,0.792235,0.801208,0.776603,0.796290,0.822954,0.804668,0.792476,0.795802,0.761148,0.801276,0.806784,0.755526,0.772032,0.781568,0.803527,0.795925,0.758939,0.772651,0.790776,0.806059,0.801450,0.771811,0.802357,0.777807,0.796424,0.782936,0.793531,0.741394,0.730872,0.792992,0.796078,0.796958,0.777988,0.822963,0.753083,0.791757,0.772937,0.831459,0.764924,0.775515,0.787038,0.825873,0.804646,0.767952,0.798841,0.773121,0.753337,0.760616,0.803764,0.757467,0.793531,0.831130,0.800715,0.785129,0.769459,0.803531,0.786095,0.788429,0.772715,0.824493,0.781349,0.813530,0.779187,0.797102,0.767158,0.787473,0.791587,0.811600,0.770385,0.795072,0.795996,0.766564,0.796618,0.761342,0.798835,0.781720,0.736339,0.766286,0.783040,0.800871,0.751194,0.762462,0.796992,0.834953,0.789692,0.767247,0.773002,0.743302,0.797829,0.806543,0.821746,0.744511,0.769057,0.766706,0.771974,0.785426,0.762823,0.799807,0.767770,0.778733,0.758924,0.802202,0.779396,0.769997,0.740512,0.768784,0.762491,0.753522,0.805608,0.781470,0.824347,0.798988,0.775120,0.780206,0.730170,0.734335,0.780417,0.754459,0.777592,0.756076,0.782481,0.792685,0.770163,0.776109,0.787739,0.781718,0.750695,0.795832,0.819389,0.777166,0.787857,0.771018,0.758737,0.771833,0.744444,0.784967,0.817710,0.781157,0.795264,0.787085,0.730690,0.778740,0.826631,0.814929,0.786946,0.802062,0.763212,0.776932,0.815675,0.808051,0.788930,0.824873,0.727873,0.786791,0.786025,0.752561,0.758062,0.802828,0.804465,0.776865,0.789097,0.775059,0.759583,0.811382,0.823248,0.768028,0.735327,0.771254,0.802548,0.789399,0.745109,0.736171,0.779757,0.741662,0.798554,0.777988,0.759623,0.761057,0.769457,0.765490,0.774528,0.753144,0.786484,0.757778,0.799915,0.796735,0.739339,#
13,0.803994,0.785603,0.804599,0.793570,0.810277,0.779148,0.817807,0.807518,0.816547,0.788875,0.780813,0.807247,0.792235,1.000000,0.783065,0.781731,0.786493,0.838972,0.811748,0.799515,0.826734,0.788295,0.824586,0.802378,0.769944,0.792134,0.785785,0.831268,0.808827,0.827718,0.772141,0.800654,0.837379,0.810723,0.755312,0.788855,0.793904,0.819351,0.798665,0.817722,0.841177,0.791374,0.825055,0.769059,0.844428,0.804040,0.824147,0.806342,0.830515,0.799888,0.816108,0.839047,0.796933,0.804514,0.834062,0.843595,0.805541,0.835506,0.815647,0.802252,0.808625,0.803344,0.793631,0.820058,0.844582,0.815930,0.822222,0.806422,0.827221,0.782364,0.791800,0.797799,0.801239,0.823851,0.819125,0.792990,0.806731,0.812026,0.830193,0.816464,0.826219,0.810522,0.836990,0.807292,0.811189,0.818723,0.783518,0.785263,0.818852,0.785038,0.767544,0.816281,0.827210,0.814451,0.815700,0.780009,0.794863,0.778757,0.800449,0.841434,0.805836,0.806612,0.818293,0.839088,0.786322,0.836052,0.803437,0.821926,0.802094,0.775815,0.805135,0.811380,0.826732,0.812277,0.807638,0.828744,0.765261,0.822539,0.797748,0.813936,0.796347,0.823256,0.793494,0.795006,0.794833,0.778759,0.805988,0.767646,0.785872,0.800058,0.783508,0.810578,0.799755,0.797630,0.843401,0.795822,0.800334,0.806227,0.825034,0.791572,0.764346,0.847060,0.832508,0.806978,0.776041,0.785282,0.810710,0.764462,0.816256,0.793417,0.807624,0.835391,0.781125,0.792101,0.800099,0.803039,0.829621,0.784473,0.831310,0.783950,0.808658,0.820584,0.805165,0.824072,0.809090,0.799641,0.809535,0.770273,0.821670,0.786873,0.822587,0.834168,0.826120,0.808101,0.848800,0.806726,0.801292,0.850371,0.811869,0.784097,0.785485,0.823617,0.811478,0.784731,0.824339,0.824948,0.779645,0.795112,0.753687,0.795239,0.807995,0.794547,0.812706,0.826120,0.814855,0.780099,0.804297,0.811567,0.811168,0.775829,#
14,0.814134,0.786462,0.788322,0.796639,0.776912,0.790937,0.736461,0.812989,0.804790,0.811005,0.758305,0.783433,0.801208,0.783065,1.000000,0.802352,0.783227,0.782784,0.788475,0.802640,0.801973,0.773666,0.798621,0.826503,0.760947,0.728330,0.803429,0.795584,0.793566,0.782726,0.797600,0.795266,0.796555,0.780825,0.802677,0.797317,0.756255,0.791437,0.807764,0.773113,0.772115,0.754977,0.809138,0.766505,0.795626,0.782235,0.799379,0.766600,0.750135,0.781906,0.786314,0.783167,0.767830,0.826675,0.805830,0.801802,0.780923,0.793867,0.802179,0.754844,0.786348,0.813668,0.787488,0.805089,0.802770,0.764922,0.788195,0.793958,0.787360,0.791639,0.768377,0.757122,0.815640,0.781298,0.811132,0.766565,0.809922,0.800343,0.779413,0.765503,0.810778,0.795051,0.813622,0.812447,0.797318,0.795526,0.769959,0.801278,0.787374,0.716015,0.735042,0.775891,0.823068,0.821491,0.802230,0.800850,0.834670,0.767904,0.794248,0.766889,0.799321,0.789639,0.816194,0.765601,0.794278,0.787477,0.772272,0.775295,0.767327,0.753259,0.800474,0.779239,0.799637,0.788946,0.752810,0.793377,0.763368,0.727010,0.760673,0.762018,0.782837,0.819487,0.779319,0.800337,0.811378,0.740253,0.784111,0.810216,0.738465,0.799241,0.759747,0.797477,0.774326,0.788549,0.817319,0.785931,0.778709,0.786850,0.771389,0.755777,0.767920,0.808368,0.761848,0.799093,0.761034,0.803899,0.782800,0.738138,0.784216,0.752655,0.801537,0.791041,0.754643,0.764190,0.808059,0.794179,0.811145,0.773576,0.770504,0.769700,0.785040,0.779340,0.801377,0.787312,0.773355,0.761577,0.778354,0.747739,0.772209,0.807518,0.783557,0.784023,0.794534,0.808845,0.796049,0.798194,0.785866,0.803959,0.772442,0.744561,0.785704,0.823681,0.781681,0.753573,0.783828,0.779901,0.764103,0.735091,0.758891,0.768250,0.752512,0.764932,0.801505,0.788013,0.768909,0.766323,0.765102,0.772540,0.771285,0.732235,#
15,0.815673,0.812336,0.786425,0.817234,0.801355,0.822660,0.795539,0.778501,0.829307,0.813338,0.806193,0.786595,0.776603,0.781731,0.802352,1.000000,0.806570,0.815413,0.787142,0.804331,0.792759,0.803670,0.802915,0.814745,0.779434,0.771682,0.786502,0.797489,0.776855,0.817638,0.811010,0.827329,0.810057,0.825243,0.763782,0.834981,0.807801,0.805403,0.812176,0.769563,0.783484,0.762968,0.800133,0.770041,0.828752,0.780605,0.816321,0.824961,0.820888,0.818008,0.779497,0.836880,0.785933,0.784097,0.821159,0.816078,0.803260,0.803628,0.801682,0.781613,0.815306,0.803540,0.787230,0.831587,0.808918,0.813474,0.802371,0.804378,0.781300,0.753276,0.811990,0.785268,0.801631,0.786680,0.797422,0.764053,0.805916,0.798050,0.801638,0.789901,0.839569,0.788925,0.781054,0.808325,0.836535,0.807695,0.768562,0.832769,0.776460,0.764117,0.756052,0.785913,0.807620,0.795270,0.761391,0.783858,0.795529,0.774915,0.776815,0.795412,0.828045,0.790463,0.827834,0.824457,0.781471,0.788072,0.808413,0.825218,0.769014,0.791269,0.762058,0.773369,0.797489,0.794801,0.757569,0.786745,0.781240,0.785233,0.767964,0.772812,0.764002,0.804039,0.793605,0.816651,0.781085,0.794279,0.811967,0.793129,0.783000,0.834562,0.762791,0.786149,0.771270,0.773241,0.817704,0.787171,0.777385,0.763260,0.772452,0.776165,0.780112,0.801391,0.780619,0.792102,0.793685,0.773460,0.769758,0.762583,0.801989,0.777387,0.813441,0.799432,0.799996,0.777223,0.800049,0.780096,0.858222,0.787054,0.803051,0.782764,0.780937,0.808852,0.827829,0.776881,0.806166,0.788166,0.796714,0.782401,0.832343,0.767499,0.781211,0.832668,0.746577,0.814123,0.796528,0.827793,0.797824,0.814055,0.779625,0.784700,0.793281,0.798490,0.774483,0.802334,0.782042,0.794941,0.727275,0.766336,0.744588,0.789524,0.765021,0.797805,0.800825,0.777798,0.771702,0.785860,0.801880,0.813156,0.796341,0.797080,#
16,0.839324,0.790440,0.771956,0.793158,0.806298,0.797046,0.801682,0.802286,0.789788,0.795359,0.795041,0.797297,0.796290,0.786493,0.783227,0.806570,1.000000,0.818155,0.799777,0.810678,0.856132,0.789562,0.761838,0.811445,0.768014,0.791523,0.814274,0.761590,0.776023,0.804640,0.795981,0.828600,0.829895,0.798736,0.777211,0.811064,0.824552,0.802722,0.801213,0.806336,0.783684,0.776466,0.806687,0.782953,0.795399,0.803579,0.799298,0.790130,0.804512,0.818242,0.784959,0.794789,0.815405,0.830507,0.825781,0.832197,0.749518,0.813700,0.802783,0.752705,0.795410,0.821051,0.789339,0.790261,0.810146,0.780624,0.808855,0.806987,0.818717,0.815218,0.781946,0.784003,0.826475,0.788472,0.797641,0.766135,0.796716,0.810650,0.786549,0.811538,0.841599,0.799093,0.804265,0.817455,0.829561,0.805579,0.813950,0.795407,0.803313,0.785982,0.755379,0.796154,0.826172,0.790837,0.808734,0.820299,0.802258,0.768694,0.817686,0.806155,0.782803,0.787176,0.809556,0.820547,0.765073,0.829186,0.824921,0.806536,0.823008,0.773693,0.812576,0.800383,0.811259,0.804433,0.797270,0.825576,0.822937,0.795512,0.756664,0.742424,0.778461,0.827883,0.802730,0.833149,0.827043,0.793335,0.796743,0.764679,0.777295,0.793881,0.816026,0.789168,0.801188,0.759535,0.834171,0.828778,0.788714,0.783062,0.769091,0.794727,0.786850,0.807806,0.800138,0.803816,0.777680,0.757015,0.801216,0.774681,0.802430,0.809435,0.770174,0.831548,0.754867,0.759670,0.835373,0.805904,0.820277,0.789505,0.794671,0.785790,0.779406,0.799239,0.828477,0.790785,0.798520,0.785186,0.809671,0.775688,0.803361,0.772633,0.806710,0.819986,0.787959,0.794716,0.801803,0.805212,0.771239,0.832145,0.798459,0.780551,0.768202,0.790009,0.801008,0.756012,0.796834,0.813752,0.787547,0.800656,0.778459,0.789227,0.818045,0.784848,0.794994,0.784454,0.775619,0.810476,0.796101,0.807044,0.786157,0.794398,#
17,0.851518,0.799619,0.799743,0.813696,0.824516,0.827115,0.822004,0.809501,0.836078,0.799188,0.779385,0.837162,0.822954,0.838972,0.782784,0.815413,0.818155,1.000000,0.807252,0.825540,0.833543,0.806624,0.822465,0.835921,0.806193,0.815729,0.832667,0.813689,0.795902,0.815985,0.818292,0.825466,0.822757,0.802049,0.791560,0.843101,0.795553,0.826735,0.829827,0.838081,0.838962,0.815295,0.840339,0.788575,0.818455,0.803113,0.822598,0.861282,0.838270,0.825370,0.830989,0.818223,0.823238,0.794651,0.837117,0.843529,0.806015,0.812846,0.820989,0.771959,0.807802,0.809471,0.790901,0.823992,0.841966,0.860398,0.841812,0.843461,0.812192,0.797219,0.804686,0.821304,0.819183,0.801371,0.805495,0.782294,0.832714,0.811518,0.817851,0.825256,0.834992,0.817240,0.836442,0.814300,0.814414,0.809938,0.831966,0.822375,0.806525,0.787100,0.794194,0.794939,0.847234,0.820612,0.808100,0.849024,0.826873,0.765761,0.792755,0.827151,0.832293,0.775307,0.823102,0.826906,0.785069,0.812055,0.824247,0.827362,0.796499,0.794488,0.815172,0.794569,0.803659,0.825027,0.810565,0.795736,0.782563,0.807079,0.783290,0.800318,0.795417,0.835175,0.821834,0.828505,0.824711,0.825350,0.810879,0.789345,0.783735,0.811623,0.837168,0.831584,0.828478,0.797572,0.821553,0.823251,0.831202,0.808495,0.820938,0.828583,0.816984,0.838358,0.847038,0.820917,0.823399,0.792614,0.802711,0.795507,0.822882,0.787167,0.830067,0.814144,0.794695,0.783412,0.835613,0.841515,0.872326,0.808167,0.839024,0.784936,0.801506,0.825792,0.846442,0.819118,0.820991,0.802120,0.791861,0.775508,0.840293,0.786238,0.849848,0.814126,0.814435,0.815270,0.838244,0.802942,0.814424,0.839352,0.791244,0.825001,0.812763,0.850875,0.813628,0.816601,0.820924,0.816067,0.797537,0.843519,0.786597,0.795808,0.810200,0.825267,0.833274,0.823614,0.826660,0.832113,0.788800,0.854310,0.803461,0.788482,#
18,0.818833,0.785278,0.767044,0.826746,0.795837,0.772547,0.777505,0.789630,0.781349,0.799794,0.780999,0.815954,0.804668,0.811748,0.788475,0.787142,0.799777,0.807252,1.000000,0.816820,0.799410,0.793121,0.815337,0.792283,0.756636,0.796674,0.792251,0.810733,0.789316,0.787960,0.752317,0.808045,0.824798,0.814123,0.800798,0.825893,0.788588,0.794047,0.789003,0.824996,0.811561,0.750522,0.810586,0.746123,0.829872,0.774374,0.803312,0.788996,0.780808,0.791884,0.781996,0.789367,0.815013,0.761657,0.826658,0.826245,0.784620,0.808925,0.788198,0.801950,0.800218,0.774893,0.799172,0.786310,0.842107,0.777815,0.799214,0.786450,0.746047,0.790638,0.793898,0.758027,0.811727,0.765288,0.824539,0.762683,0.823751,0.776335,0.796429,0.791147,0.802743,0.778756,0.815573,0.799248,0.812701,0.792876,0.780912,0.791019,0.792678,0.746959,0.789007,0.781533,0.818598,0.788747,0.806801,0.795324,0.806999,0.781654,0.798835,0.809179,0.798940,0.782439,0.810980,0.811475,0.805453,0.806470,0.787403,0.785255,0.788162,0.754745,0.829452,0.751593,0.828151,0.807304,0.742522,0.780523,0.776274,0.761514,0.769302,0.775571,0.779337,0.829182,0.784461,0.787507,0.799373,0.756572,0.793307,0.780067,0.802704,0.776694,0.767877,0.806452,0.782889,0.794604,0.814011,0.802304,0.807869,0.797354,0.757388,0.786123,0.762118,0.830523,0.796122,0.829300,0.773900,0.794057,0.781412,0.747459,0.791755,0.777458,0.780273,0.813656,0.788552,0.764782,0.801827,0.810933,0.820949,0.806175,0.796414,0.779701,0.808447,0.805334,0.832990,0.799659,0.793046,0.793401,0.841383,0.756276,0.788656,0.798594,0.785117,0.817943,0.805742,0.810329,0.771638,0.805585,0.794948,0.831102,0.783369,0.792881,0.768926,0.799829,0.789247,0.765434,0.789058,0.799777,0.795673,0.763898,0.764993,0.784448,0.798808,0.793407,0.775080,0.816100,0.804325,0.790315,0.756655,0.813285,0.794389,0.767693,#
19,0.823007,0.812064,0.805876,0.799329,0.846597,0.839727,0.768991,0.804151,0.832785,0.798590,0.797726,0.786697,0.792476,0.799515,0.802640,0.804331,0.810678,0.825540,0.816820,1.000000,0.815026,0.777268,0.803863,0.809735,0.777051,0.764110,0.821853,0.793297,0.797470,0.816061,0.826194,0.822833,0.808811,0.788959,0.764857,0.833486,0.787845,0.781980,0.816598,0.807473,0.816639,0.765470,0.815536,0.769303,0.797808,0.805606,0.851779,0.797619,0.815795,0.784062,0.784829,0.803638,0.797962,0.802607,0.821107,0.824325,0.819591,0.801620,0.806721,0.761775,0.804448,0.816764,0.832544,0.820408,0.842164,0.799428,0.803086,0.798287,0.781324,0.780718,0.802789,0.783280,0.823031,0.797207,0.801564,0.771496,0.792598,0.797300,0.815337,0.796571,0.829147,0.775363,0.836992,0.785260,0.805097,0.799080,0.790781,0.832014,0.813627,0.730756,0.777761,0.797163,0.830659,0.813686,0.792093,0.810104,0.815152,0.787756,0.786413,0.811866,0.805231,0.783762,0.812095,0.807331,0.795648,0.808692,0.813253,0.808002,0.784476,0.744163,0.779473,0.781190,0.810746,0.814194,0.789257,0.793334,0.808857,0.788327,0.768811,0.739782,0.773306,0.840197,0.790600,0.838911,0.823464,0.779714,0.812330,0.786437,0.817898,0.838469,0.802529,0.819258,0.802096,0.808072,0.848190,0.810808,0.802204,0.805691,0.771427,0.770144,0.770679,0.813137,0.802469,0.798267,0.785369,0.771946,0.766379,0.743424,0.817681,0.794244,0.802100,0.842761,0.785748,0.770056,0.822960,0.803210,0.845897,0.802131,0.813582,0.796766,0.806273,0.800140,0.818375,0.788272,0.811434,0.781797,0.781137,0.790237,0.811836,0.787390,0.805870,0.827032,0.821332,0.805170,0.819125,0.783139,0.801291,0.844548,0.801692,0.764611,0.753041,0.823789,0.816047,0.813957,0.818870,0.789587,0.768392,0.793905,0.790196,0.801420,0.817744,0.805402,0.790314,0.811987,0.797641,0.811279,0.753661,0.794042,0.807385,0.790113,#
20,0.822685,0.801661,0.797023,0.797157,0.824669,0.804489,0.825858,0.811465,0.811537,0.833318,0.802940,0.802455,0.795802,0.826734,0.801973,0.792759,0.856132,0.833543,0.799410,0.815026,1.000000,0.811259,0.784017,0.831336,0.784501,0.822996,0.829359,0.809733,0.797115,0.809815,0.805013,0.810629,0.816833,0.827022,0.821826,0.834772,0.824959,0.810059,0.838216,0.829922,0.818593,0.827795,0.806973,0.801461,0.837891,0.808679,0.839195,0.795547,0.797540,0.798939,0.806393,0.836414,0.796633,0.826679,0.840222,0.839610,0.800494,0.840858,0.817374,0.787064,0.829102,0.805119,0.830339,0.808297,0.846134,0.816043,0.833872,0.813945,0.823098,0.802848,0.824209,0.815095,0.808792,0.810704,0.809771,0.758788,0.787217,0.818178,0.816227,0.833225,0.844609,0.834228,0.832905,0.810523,0.803497,0.811391,0.828427,0.812278,0.817581,0.796785,0.801760,0.827239,0.837148,0.839888,0.838029,0.792154,0.789718,0.783418,0.823493,0.818125,0.829989,0.806132,0.841346,0.824801,0.810206,0.789618,0.826785,0.824306,0.801449,0.821529,0.821649,0.827183,0.810000,0.787510,0.808297,0.815831,0.819412,0.831288,0.759467,0.795406,0.816156,0.843909,0.809377,0.854771,0.807477,0.815275,0.783201,0.781553,0.814555,0.820821,0.825001,0.805380,0.832162,0.827308,0.839071,0.797583,0.789219,0.811190,0.806462,0.824699,0.791040,0.812347,0.809847,0.825521,0.814201,0.781097,0.798525,0.785413,0.792989,0.839848,0.826640,0.832757,0.795220,0.802549,0.832249,0.811741,0.823780,0.806480,0.826630,0.810290,0.795424,0.830088,0.817168,0.815812,0.831853,0.753358,0.792526,0.774808,0.817656,0.796255,0.824793,0.813333,0.826406,0.805308,0.809378,0.800778,0.785472,0.840718,0.814229,0.807176,0.786225,0.811828,0.804551,0.781100,0.798911,0.826606,0.789280,0.815831,0.790980,0.811374,0.778412,0.787840,0.817778,0.841611,0.808198,0.787253,0.805841,0.824991,0.831738,0.811386,#
21,0.787053,0.836615,0.789050,0.832208,0.800758,0.794960,0.781148,0.792315,0.838414,0.790885,0.766595,0.801740,0.761148,0.788295,0.773666,0.803670,0.789562,0.806624,0.793121,0.777268,0.811259,1.000000,0.802990,0.810859,0.742938,0.772876,0.809807,0.787396,0.795317,0.782229,0.805596,0.783381,0.819191,0.808137,0.804077,0.822425,0.800411,0.807802,0.811839,0.779760,0.791873,0.806826,0.790840,0.774245,0.810459,0.791304,0.798867,0.803569,0.800263,0.780780,0.785149,0.817142,0.775108,0.775799,0.833595,0.815799,0.795074,0.809690,0.823147,0.760936,0.800341,0.786112,0.770713,0.768413,0.840223,0.806588,0.803537,0.809604,0.791387,0.797189,0.807869,0.806065,0.833901,0.821143,0.831090,0.768796,0.788113,0.790295,0.806809,0.819501,0.806799,0.777909,0.817969,0.770949,0.831515,0.797500,0.781775,0.810360,0.807193,0.793818,0.749956,0.776437,0.816241,0.797223,0.806805,0.784554,0.807458,0.755782,0.772111,0.814075,0.805025,0.796921,0.794984,0.802643,0.762247,0.827645,0.779778,0.789113,0.775538,0.800231,0.823475,0.781251,0.798500,0.808091,0.744789,0.782954,0.810394,0.807485,0.745636,0.779830,0.775877,0.817322,0.795753,0.807693,0.800429,0.759153,0.793728,0.805131,0.777415,0.809262,0.802826,0.822624,0.809091,0.786882,0.828515,0.786654,0.761083,0.747285,0.776319,0.794345,0.804414,0.827170,0.778748,0.808875,0.791199,0.789859,0.796808,0.759827,0.793066,0.800588,0.813238,0.802059,0.780642,0.797222,0.815712,0.813295,0.819098,0.781010,0.784521,0.787046,0.791964,0.818417,0.817199,0.827593,0.826892,0.765398,0.803058,0.768377,0.770267,0.791788,0.806091,0.796416,0.784795,0.780282,0.793446,0.804695,0.736859,0.820441,0.769014,0.781638,0.772692,0.821352,0.769131,0.795827,0.790015,0.826111,0.770277,0.751889,0.757138,0.807415,0.798747,0.765160,0.792479,0.810160,0.807977,0.773064,0.795793,0.820593,0.768319,0.782325,#
