0,1.000000,0.079069,0.179006,0.138407,0.197155,0.142414,0.153310,0.066423,0.178449,0.103508,0.216953,0.128397,0.126869,0.140949,0.252279,0.248118,0.245109,0.266711,0.253716,0.272861,0.143841,0.141696,0.252755,0.345795,0.114722,0.111105,0.160144,0.016600,0.151917,0.212700,0.053989,0.258018,0.166089,0.194559,0.301525,0.107510,0.123175,0.066379,0.251378,0.180931,0.207704,0.122778,0.301830,0.031475,0.158857,0.112737,0.113236,0.290462,0.237933,0.320290,0.178951,0.179609,0.191083,0.214846,0.210453,0.245293,0.217302,0.179563,0.115839,0.101998,0.140311,0.211738,0.301011,0.059962,0.152386,0.050568,0.114532,0.212149,0.119142,0.149624,0.179281,0.130526,0.187936,0.285044,0.155037,0.022852,0.312409,0.210425,0.189644,0.084843,0.093893,0.137046,0.171266,0.223232,0.241190,0.171743,0.303697,0.281427,0.253186,0.200525,0.148011,0.077589,0.228578,0.103292,0.196962,0.267200,0.262825,0.089095,0.195614,0.239079,0.216011,0.191807,0.114042,0.253731,0.181541,0.188309,0.235773,0.201826,0.232013,-0.041137,0.077767,0.226218,0.063801,0.251860,0.221792,0.184361,0.204675,0.117520,0.138589,0.187419,0.166385,0.242233,0.298721,0.163480,0.248976,0.235928,0.177605,0.051054,0.152295,0.247814,0.208219,0.122980,0.155616,0.145270,0.189858,0.231082,0.203127,0.142442,0.040653,0.171117,0.199485,0.129865,0.124301,0.102481,0.096358,0.027874,0.208230,0.138306,0.222462,0.144365,0.087887,0.200432,0.177215,0.094965,0.184021,0.241346,0.233734,0.211413,0.237389,0.199737,0.205787,0.209976,0.141891,0.070941,0.162791,0.230862,0.115629,0.229383,0.272064,0.156256,0.144377,0.084660,0.186132,0.214502,0.046651,0.238767,0.303726,0.232758,0.191877,0.029556,0.198711,0.243106,0.156374,0.107288,0.144990,-0.017314,0.163916,0.300761,0.251151,0.043529,0.048015,0.198723,0.105864,0.214643,0.254305,0.217894,0.091853,0.224195,0.183704,0.220215,#
1,0.079069,1.000000,0.111065,0.114642,0.095592,0.122556,0.121906,0.177543,0.315769,0.135167,0.267301,0.199158,0.149336,0.088019,0.083901,0.015472,0.118709,0.117744,0.079220,0.196363,0.012822,0.223146,0.148228,0.009706,0.106282,0.083030,0.095404,0.241094,-0.016475,0.113178,0.135941,0.146339,0.034489,0.193601,-0.016326,0.149020,0.125062,0.067563,0.253049,0.135017,0.087508,0.023183,0.197193,0.083312,0.056988,0.103945,0.304855,0.093811,0.186750,0.050249,0.069789,0.100612,0.174224,0.179240,0.134197,0.102210,0.099931,-0.034511,-0.024328,0.062159,0.113431,0.132649,0.129695,0.037163,0.014262,0.215594,0.106444,0.197092,0.123969,0.261878,0.199213,0.165047,0.262412,0.043782,0.182809,0.143918,0.142047,0.081070,0.232292,0.024198,0.170753,0.071890,0.084592,0.111970,0.265212,-0.030697,0.179351,0.222951,0.168421,0.054125,0.073389,0.160201,0.036840,0.141099,0.173905,0.126632,0.029512,0.109346,0.117516,0.098249,0.180484,0.046534,0.087649,0.094567,0.079200,0.161767,0.138769,0.245202,0.108541,0.115771,0.101198,0.111457,0.037120,0.174744,0.138263,0.267996,0.139109,0.009927,0.059480,0.071895,0.025458,0.180387,0.146002,0.135952,0.159889,0.100070,0.136972,0.100681,0.175152,0.166781,0.022860,0.179068,0.068274,0.126086,0.217478,0.180797,0.163754,0.199701,0.172346,0.153482,0.209968,0.062741,0.153078,0.223427,0.226200,0.086163,0.049913,0.010323,0.109169,-0.035869,0.154075,0.164390,0.071715,-0.001180,0.239782,0.171856,0.081643,0.074692,-0.063918,-0.032597,0.109943,0.212293,0.157114,0.199376,0.083135,0.072060,0.083946,-0.021253,0.107735,0.191064,0.149696,0.208667,0.064199,0.093359,0.115453,0.204245,0.094351,0.208529,0.089890,0.036324,0.121644,0.062070,0.176800,0.036160,0.132015,0.154922,0.098821,0.008392,0.218561,0.211063,0.263865,0.177731,-0.048024,0.103340,0.203552,0.003734,0.010827,0.195396,0.032177,0.252866,#
2,0.179006,0.111065,1.000000,0.162174,0.237904,0.139399,0.197420,0.148503,0.188014,0.147014,0.189975,0.208469,0.090147,0.307975,0.142788,0.214198,0.014520,0.123409,0.137982,0.177876,0.215578,0.211892,0.061598,0.166805,0.153012,0.187037,0.242488,0.162543,0.116322,0.147929,0.083454,0.081517,0.148900,0.106882,0.164318,0.058790,0.152021,0.062491,0.179596,0.088709,0.165592,0.106890,0.334111,0.091404,0.127867,0.117872,0.209929,0.073385,0.087645,0.136285,0.182879,0.244303,0.236016,0.140989,0.110828,0.132180,0.179164,-0.016253,0.229223,0.229820,0.356958,0.151835,0.035694,0.188949,0.184272,0.171306,0.089833,0.214967,0.159769,0.176240,0.187494,0.230773,0.046350,0.244409,0.223961,0.094306,0.145900,0.143395,0.135728,0.049653,0.233267,0.074862,0.187044,0.034352,0.242919,0.168232,0.169068,0.298307,0.095930,0.057209,0.142522,0.183199,0.278709,0.236975,0.191307,0.231208,0.206984,0.103139,0.297215,0.100641,0.164706,0.142431,0.064543,0.212413,0.066696,0.159758,0.212064,0.210008,0.118161,0.066515,0.217649,0.169143,0.253582,0.127349,0.081942,0.228788,0.209419,0.157453,-0.022637,0.151774,0.107267,0.060972,0.097819,0.175478,0.190934,0.041857,0.207461,0.122920,0.195733,0.155884,0.118392,0.195085,0.192919,0.210253,0.246561,0.141957,0.255652,0.167731,0.202429,0.091595,0.056573,0.225342,0.099214,0.026683,0.270120,0.137867,-0.026758,0.106879,0.187391,0.114242,0.181854,0.182578,0.247160,0.259813,0.077036,0.079129,0.117715,0.000907,0.180737,0.132707,0.064628,0.177823,0.157248,0.157219,0.091022,0.186050,0.116564,-0.008155,0.109835,0.176501,0.101573,0.262587,0.194416,0.107106,0.194358,0.194592,0.201983,0.169374,0.061967,0.057211,0.121228,0.323647,-0.001473,0.295160,0.108108,0.178606,0.153245,0.052993,0.219143,0.066533,0.147127,0.188487,0.286428,0.169336,0.183786,0.109701,-0.004512,0.126226,0.164516,0.289971,#
3,0.138407,0.114642,0.162174,1.000000,0.234436,0.160288,0.248628,0.144260,0.355943,0.163841,0.255371,0.206863,0.151033,0.133679,0.219032,0.113807,0.105068,0.180315,0.319856,0.238537,0.155459,0.220808,0.221259,0.249745,0.177156,0.235731,0.246064,0.233401,0.178572,0.227676,0.170973,0.260265,0.335002,0.266286,0.135917,0.162672,0.193544,0.251292,0.303954,0.227468,0.152610,0.295675,0.323555,0.323233,0.116065,0.197239,0.155221,0.188350,0.073582,0.147655,0.212951,0.175448,0.314524,0.033587,0.113928,0.287262,0.210914,0.087938,0.196509,0.263394,0.173052,0.161403,0.137305,0.131750,0.358886,0.094710,0.080223,0.142912,0.000594,0.240255,0.176467,0.207241,0.276969,0.132754,0.151905,0.202901,0.174373,0.184810,0.153307,0.051110,0.312169,0.196267,0.226142,0.088318,0.311210,0.180845,0.166017,0.216022,0.230468,0.151320,0.318759,0.252513,0.185963,0.240272,0.240291,0.257855,0.138797,0.099143,0.299611,0.158683,0.190132,0.150626,0.111272,0.079159,0.385951,0.074233,0.197319,0.223114,0.097042,0.115967,0.202878,0.068857,0.182232,0.173689,0.083122,0.161105,0.170329,0.136336,0.171157,0.160141,0.179566,0.225158,0.214411,0.166126,0.142180,0.207613,0.190433,0.317235,0.087356,0.152861,0.284024,0.245732,0.175521,0.235971,0.188389,0.227021,0.134247,0.130860,0.162777,0.192545,0.102927,0.300533,0.271337,0.061349,0.109539,0.216846,0.212142,0.323294,0.178513,0.195813,0.138392,0.127616,0.134812,0.269777,0.221932,0.091069,0.087502,0.124896,0.261659,0.184274,0.188554,0.172004,0.138126,0.217360,0.133286,0.162310,0.223932,0.078760,0.146806,0.177285,0.223155,0.054423,0.119491,0.069948,0.035234,0.232713,0.250210,0.241911,0.136754,0.138539,0.083031,0.357327,0.191426,0.084758,0.105028,0.113860,0.202196,0.146481,0.163200,0.249243,0.284428,0.145501,0.259468,0.164667,0.245968,0.253153,0.226161,0.188474,0.102586,0.201575,#
4,0.197155,0.095592,0.237904,0.234436,1.000000,0.267167,0.129095,0.257059,0.305808,0.219464,0.071249,0.228095,0.252267,0.191497,0.201918,0.158531,0.158814,0.212479,0.231390,0.416009,0.355527,0.179533,0.253479,0.335919,0.131410,0.290514,0.226770,0.074721,0.225627,0.152235,0.179903,0.232322,0.277194,0.201355,0.151990,0.195051,0.343833,0.094233,0.244206,0.196192,0.222421,0.292164,0.245413,0.199944,0.246719,0.185964,0.346837,0.245954,0.167379,0.130191,0.162156,0.210126,0.246126,0.228261,0.283258,0.333030,0.225604,0.176477,0.259937,0.186960,0.188802,0.257471,0.196268,0.019689,0.237211,0.128498,0.120462,0.231893,0.073250,0.217080,0.224223,0.220047,0.272253,0.248685,0.202749,0.037489,0.197116,0.265250,0.294131,0.201543,0.236047,0.263391,0.157062,0.077946,0.381290,0.173457,0.179858,0.227944,0.191868,0.184708,0.313943,0.198231,0.186028,0.130334,0.231448,0.311186,0.209679,0.195345,0.150509,0.178528,0.179731,0.112260,0.234613,0.190425,0.173474,0.192424,0.195518,0.265428,0.215036,0.254505,0.283883,0.219925,0.254091,0.341605,0.184607,0.124481,0.254852,0.146121,0.064444,0.179076,0.110701,0.228797,0.286687,0.087951,0.303867,0.122984,0.243481,0.243897,0.308818,0.191550,0.269453,0.096771,0.215030,0.281243,0.345790,0.229532,0.158874,0.157189,0.240087,0.137425,0.204716,0.154136,0.287628,0.067358,0.202015,0.218779,0.236911,0.252119,0.145097,0.186990,0.158467,0.246826,0.194712,0.351603,0.287949,0.201240,0.356637,0.125144,0.099929,0.232473,0.232373,0.174130,0.178437,0.063813,-0.012957,0.247187,0.028562,0.108981,0.149885,0.240988,0.083948,0.170495,0.348674,0.233156,0.186817,0.268921,0.326023,0.291085,0.195039,0.167619,0.076909,0.135055,0.238442,0.155534,0.242733,0.187473,0.069829,0.270927,0.242960,0.330074,0.114623,0.165536,0.141896,0.149489,0.226151,0.287165,0.179868,0.177246,0.303887,0.356651,#
5,0.142414,0.122556,0.139399,0.160288,0.267167,1.000000,0.082112,0.225657,0.268704,0.165933,0.264676,0.165753,0.180880,0.036247,0.227188,0.162479,0.120940,0.181411,-0.023751,0.294635,0.126095,0.036475,0.167045,0.198071,0.166913,0.162275,0.257518,0.182350,0.186116,0.164955,0.232063,0.255413,0.252975,0.191575,0.106344,0.173266,0.219312,0.059319,0.214417,0.099768,0.294017,0.158937,0.148434,0.212678,0.095137,0.238389,0.281877,0.057666,0.266651,0.056538,0.144664,0.188430,0.135920,0.177074,0.029563,0.350748,0.181129,0.006513,0.318399,0.164796,0.126614,0.265227,0.198436,0.128830,0.259326,0.155025,0.084682,0.192643,0.111563,0.056567,0.203071,0.192389,0.240785,0.186588,0.085966,0.166329,0.272472,0.175462,0.221790,0.140878,0.263200,0.131430,0.246642,0.040755,0.140322,0.179031,0.221174,0.262161,0.146782,-0.008688,0.089515,0.221224,0.317620,0.311664,0.190921,0.214862,0.109622,0.172416,0.286757,0.130588,0.145502,0.165679,0.077072,0.150166,0.169417,0.209574,0.157842,0.213607,0.097555,0.113871,0.155252,0.243473,0.114719,0.142104,0.111017,0.108555,0.147406,0.090738,0.027637,0.169177,0.049447,0.239919,0.150787,0.180197,0.039951,0.080470,0.158318,0.108202,0.194335,0.209947,0.312328,0.178846,0.246343,0.243011,0.278683,0.298580,0.200803,0.190335,0.112985,0.063414,0.180421,0.105662,0.190651,0.229721,0.242123,0.144476,0.135184,0.114712,0.110301,0.128866,0.222048,0.089927,0.155137,0.211009,0.204672,0.123444,0.279542,0.088854,0.203235,0.097452,0.233185,0.147579,0.191799,0.132557,0.123008,0.160626,-0.018960,0.200173,0.268611,0.237958,0.284210,0.200185,0.097502,0.167939,0.140145,0.172215,0.194857,0.206668,0.207112,0.111554,0.219218,0.120744,0.353650,0.146643,0.171429,0.211435,0.232518,0.092417,0.063381,0.163881,0.080911,0.200209,0.093784,0.131770,0.104127,0.087233,0.049823,0.211296,0.136922,0.293952,#
6,0.153310,0.121906,0.197420,0.248628,0.129095,0.082112,1.000000,0.126441,0.220978,0.053772,0.127868,0.133088,0.197017,0.267506,0.091981,0.098132,0.148350,0.183844,0.179044,0.096196,0.267282,0.180681,0.013115,0.124539,0.106735,0.148500,0.126826,0.167924,0.141447,0.252222,0.093694,0.180551,0.096550,0.225190,0.152737,0.094193,0.069637,0.114085,0.103736,0.213191,0.065626,0.147441,0.197403,0.167331,0.209002,0.081627,0.147862,0.008565,0.209859,0.118684,0.140536,0.211034,0.248134,0.088368,0.135112,0.152278,0.090441,0.108639,0.254845,0.223796,0.165569,0.120847,0.124055,0.077909,0.266987,0.212888,0.224053,0.158685,0.119053,0.114217,0.131159,0.151858,0.087319,0.280114,0.197317,0.137771,0.181534,0.148528,0.194456,0.018602,0.132254,0.131104,0.229540,0.064090,0.115698,0.200536,0.114056,0.162683,0.157300,0.132920,0.119601,0.133961,0.031321,0.083965,0.150434,0.155192,0.216340,0.143700,0.207506,0.219240,0.143623,0.193861,0.164492,0.049474,0.007043,0.100104,0.142214,0.052278,0.132563,0.091626,0.099893,0.097457,0.064524,0.027182,0.200730,0.113713,0.318696,0.088874,0.182235,0.188139,0.184972,0.173818,0.111030,0.199983,0.236530,0.228879,0.084605,0.187349,-0.027840,0.122139,0.117247,0.109553,0.150755,0.085322,0.180227,0.216072,0.159593,0.114691,0.257998,0.198372,0.136468,0.203280,0.052236,0.058860,0.054300,0.139276,0.129677,0.087934,0.101624,-0.050229,0.267774,0.141169,0.150581,0.086762,0.153162,0.124537,0.096793,0.211634,0.186621,0.041829,0.103288,0.181907,0.240043,0.199763,0.129415,0.202210,0.121173,0.069284,0.168927,0.115744,0.134397,0.085679,0.099395,0.037566,0.123723,0.171404,0.164985,0.175674,0.270216,-0.017451,0.136935,0.110483,0.256339,0.221403,0.145462,0.156503,0.068158,0.202550,0.032400,0.161228,0.069269,0.123673,0.113573,0.241929,0.120202,0.089320,0.139910,0.191515,0.130972,0.230141,#
7,0.066423,0.177543,0.148503,0.144260,0.257059,0.225657,0.126441,1.000000,0.371988,0.214150,0.216867,0.333261,0.149830,0.188901,0.355076,0.131590,0.262837,0.314199,0.186356,0.227798,0.189283,0.256322,0.301222,0.216104,0.251959,0.209914,0.219949,0.297133,0.144597,0.205924,0.069386,0.163034,0.197160,0.197818,0.104028,0.112753,0.166936,0.040016,0.283279,0.163501,0.248421,0.162705,0.214752,0.254944,0.284967,0.308064,0.237194,0.212454,0.157049,0.103640,0.204319,0.150728,0.135837,0.256309,0.164710,0.166937,0.178080,0.288363,0.217129,0.143196,0.180179,0.257940,0.191757,0.078788,0.288236,0.224785,0.187625,0.195772,0.177116,0.352398,0.225150,0.067095,0.338364,0.243139,0.228552,0.138669,0.141167,0.199356,0.261400,0.244670,0.260635,0.211915,0.267693,0.076926,0.229998,0.176070,0.231936,0.188702,0.196154,0.224788,0.106187,0.212626,0.244795,0.246462,0.227472,0.105638,0.169668,0.299423,0.188968,0.192613,0.226584,0.113763,0.166702,0.174458,0.103301,0.262598,0.280480,0.196107,0.142455,0.153036,0.231313,0.154154,0.161787,0.247789,0.328394,0.212813,0.118821,0.011516,0.059980,0.373096,0.155694,0.255737,0.171833,0.262188,0.299937,0.161960,0.260232,0.316033,0.171006,0.099141,0.166782,0.122393,0.263242,0.124359,0.385562,0.336167,0.130760,0.279076,0.159602,0.191620,0.247486,0.188765,0.175991,0.051158,0.212092,0.196278,0.252858,0.110576,0.177382,0.171846,0.220988,0.238922,0.200060,0.253974,0.137981,0.316981,0.210886,0.189368,0.244396,0.194291,0.203296,0.067996,0.349679,0.040472,0.058901,0.298673,0.226640,0.105734,0.148695,0.151990,0.246783,0.260550,0.221979,0.170357,0.215647,0.241515,0.174994,0.217825,0.060922,0.211134,0.320115,0.190992,0.211697,0.201867,0.045451,0.206506,0.108660,0.063976,0.235378,0.313630,0.300595,0.167339,0.148579,0.100325,0.174602,0.183953,0.129058,0.208927,0.192959,0.218941,#
8,0.178449,0.315769,0.188014,0.355943,0.305808,0.268704,0.220978,0.371988,1.000000,0.291489,0.263763,0.249648,0.234957,0.200731,0.317312,0.177586,0.090367,0.239598,0.177736,0.245913,0.110822,0.258306,0.255884,0.271030,0.036728,0.265729,0.191191,0.323941,0.128051,0.256301,0.055812,0.243152,0.185266,0.182280,0.132957,0.160648,0.257433,0.085067,0.198689,0.188943,0.233909,0.258902,0.290881,0.210388,0.195311,0.180266,0.143303,0.149774,0.273568,0.207271,0.226142,0.348235,0.165758,0.324550,0.159417,0.379726,0.207246,0.289654,0.128951,0.286551,0.269991,0.251292,0.294490,0.001671,0.227473,0.323433,0.175751,0.246980,0.272656,0.304463,0.239036,0.173465,0.300875,0.241188,0.192043,0.217217,0.192811,0.244989,0.267318,0.154922,0.273599,0.259626,0.205429,0.119293,0.341422,0.226724,0.204457,0.245623,0.114358,0.234114,0.199636,0.271585,0.237886,0.164032,0.445297,0.279576,0.209557,0.197179,0.324422,0.157789,0.193476,0.171360,0.175425,0.249696,0.263694,0.188216,0.263007,0.273213,0.109655,0.189625,0.221816,0.183335,0.147601,0.266638,0.290794,0.299263,0.169820,0.124527,0.118357,0.339443,0.221681,0.216317,0.304550,0.197409,0.194832,0.291356,0.196122,0.289243,0.136233,0.267882,0.196124,0.051376,0.294653,0.326504,0.403258,0.301341,0.175847,0.231688,0.174892,0.216656,0.193418,0.286882,0.314217,0.101342,0.153282,0.168447,0.316517,0.186747,0.176165,0.139710,0.282649,0.149493,0.198940,0.332148,0.359023,0.337836,0.247275,0.264068,0.222582,0.256744,0.175891,0.150525,0.223325,0.256496,0.172670,0.223426,0.225079,0.038219,0.263843,0.275018,0.253281,0.261986,0.160501,0.153213,0.289706,0.230676,0.148470,0.287886,0.262021,0.116931,0.244462,0.258319,0.121990,0.249672,0.204857,0.258717,0.137552,0.138042,0.260461,0.303585,0.277313,0.154821,0.266022,0.140050,0.291432,0.183578,0.173694,0.160101,0.136818,0.257048,#
9,0.103508,0.135167,0.147014,0.163841,0.219464,0.165933,0.053772,0.214150,0.291489,1.000000,0.256980,0.066988,0.146782,0.219003,0.240800,0.173501,0.088578,0.111497,0.127051,0.321007,0.216658,0.167925,0.207022,0.219788,0.055649,0.078464,0.257821,0.267326,0.123294,0.215232,0.185664,0.137877,0.125832,0.294073,0.302836,0.163467,0.067898,0.137128,0.204430,0.045598,0.324776,0.164070,0.206276,0.041868,0.227784,0.112501,0.162016,0.118810,0.084799,0.101671,0.049290,0.219106,0.063420,0.119441,0.148939,0.261424,0.130475,0.210495,0.234466,0.128901,0.239055,0.168201,0.255162,0.111176,0.268098,0.296578,0.120560,0.170671,0.187722,0.084463,0.324900,0.185055,0.130368,0.191829,0.205849,0.115218,0.032506,0.165617,0.259458,0.216288,0.105917,0.206407,0.080715,0.074031,0.344843,0.139843,0.130458,0.257210,0.023390,-0.062384,0.137967,0.221598,0.257873,0.074492,0.230512,0.179136,0.161607,0.315474,0.281405,0.023734,0.119297,0.195766,0.281591,0.132376,0.339381,0.206755,0.190086,0.036410,0.280335,0.144093,0.151407,0.191140,0.268958,0.298540,0.115506,0.182960,0.061907,0.090157,0.117641,0.114008,0.218958,0.228775,0.181886,0.224774,0.132694,0.140029,0.055676,0.165271,0.265208,0.208148,0.201541,0.097661,0.143701,0.310246,0.254776,0.221861,0.179039,0.211882,0.157705,0.064059,0.003067,0.267889,0.244154,0.121241,0.114875,0.196433,0.223224,0.186339,0.098443,0.279762,0.108587,-0.007689,0.318107,0.265508,0.220299,0.264606,0.173429,0.264651,0.276303,0.157496,0.174963,0.157089,0.136398,0.321182,0.143908,0.150080,0.129972,0.087343,0.353282,0.134004,0.257414,0.296184,0.120664,0.204925,0.172488,0.311946,0.137580,0.175991,0.181343,0.157227,0.117383,0.112588,0.209280,0.189048,0.110279,0.259487,0.024372,0.115399,0.376901,0.121645,0.215094,0.199418,0.107930,0.159698,0.122369,0.176174,0.112194,0.100458,0.117218,0.173096,#
10,0.216953,0.267301,0.189975,0.255371,0.071249,0.264676,0.127868,0.216867,0.263763,0.256980,1.000000,0.135048,-0.025005,0.157701,0.140177,0.165626,0.120035,0.135027,0.163874,0.208004,0.097133,0.131293,0.065505,0.179072,0.038232,0.050620,0.130653,0.358555,0.088166,0.245676,0.169706,0.212737,0.169587,0.228694,0.199929,0.126472,0.120643,0.151072,0.271076,0.105831,0.279638,0.117160,0.110475,0.072176,0.152742,0.222326,0.225291,0.175424,0.255339,0.271348,0.020364,0.182762,0.202108,0.129565,0.061915,0.222817,0.110959,0.035807,0.104920,0.181780,0.097879,0.226602,0.228647,0.254937,0.331782,0.191398,0.150652,0.059453,0.104371,0.159113,0.158146,0.249940,0.242452,0.190066,0.088376,0.170325,0.128942,0.152318,0.116134,0.083730,0.308905,0.117474,0.248410,0.121666,0.274295,0.063900,0.205387,0.280327,0.135439,0.169468,0.096076,0.280113,0.225853,0.232163,0.244965,0.280005,0.075251,0.093788,0.322895,0.208656,0.113528,0.139536,0.166451,0.123103,0.324147,-0.022832,0.129534,0.231381,0.109977,0.109845,0.036320,0.178494,0.108953,0.174269,0.255651,0.295584,0.149072,0.036660,0.152288,0.185385,0.147689,0.326560,0.038969,0.148860,0.016871,0.172204,0.213908,0.218521,0.180289,0.094293,0.165728,0.102342,0.087708,0.176027,0.242245,0.157738,0.103930,0.266713,0.107453,0.060330,0.263844,0.018948,0.169326,0.106512,0.077013,0.054390,0.050399,0.050700,0.142339,0.127093,0.220424,0.188450,0.335122,0.170658,0.168060,0.151934,0.253363,0.066456,0.249120,0.132129,0.236130,0.078256,0.267987,0.200226,0.099233,0.152851,0.254500,0.141986,0.256003,0.250918,0.222036,0.148594,0.058786,0.146728,0.141300,0.126204,0.180677,0.276030,0.059476,0.165030,0.127425,0.122972,0.261741,0.080115,0.111909,0.163183,0.040560,0.006447,0.140884,0.245855,0.288042,0.097736,0.126644,0.106226,0.282136,0.119491,0.012558,0.203459,0.146111,0.277879,#
11,0.128397,0.199158,0.208469,0.206863,0.228095,0.165753,0.133088,0.333261,0.249648,0.066988,0.135048,1.000000,0.183086,0.124689,0.120889,0.077295,0.116153,0.294411,0.225972,0.043149,0.107376,0.212853,0.112550,0.116973,0.186273,0.260678,0.049128,0.262923,0.056228,0.196823,0.187020,0.156898,0.169536,0.180224,0.159645,0.091429,0.276967,0.054703,0.128095,0.264427,0.114818,0.247176,0.294039,0.231553,0.092358,0.237827,0.260914,0.106281,0.153316,0.163288,0.195033,0.183119,0.198625,0.275878,0.088311,0.082254,0.053539,0.257163,0.203746,0.113737,0.069470,0.131730,0.301182,0.069976,0.179769,0.229943,0.192120,0.246212,0.175441,0.254751,0.160101,0.108177,0.234726,0.158821,0.093432,0.078353,0.145884,0.133509,0.132990,0.032520,0.235335,0.170459,0.188619,0.074964,0.227998,0.040721,0.079711,0.170658,0.192201,0.038965,0.117624,0.295271,0.253500,0.302143,0.195668,0.311927,0.130001,0.154685,0.189697,0.133614,0.108737,0.185492,0.091313,0.190053,0.173446,0.309357,0.230786,0.280786,0.252921,0.159832,0.311956,0.188515,0.200242,0.208258,-0.040608,0.295338,0.104585,0.214074,0.020922,0.247306,0.038841,0.188557,0.263142,0.115304,0.222069,0.150629,0.143182,0.222068,0.227897,0.150944,0.118615,0.221536,0.292902,0.269722,0.226353,0.153868,0.069133,0.271794,0.088355,0.211356,0.178085,0.104456,0.177249,0.133784,0.262114,0.052830,0.260173,0.125710,0.055955,0.114797,0.167833,0.235005,0.140208,0.245106,0.243886,0.179738,0.150908,0.043341,0.197420,0.111994,0.109254,0.198423,0.168472,0.029452,0.167530,0.040449,0.257145,0.076539,0.228365,0.262041,0.149008,0.094897,0.063427,0.114736,0.105187,0.207535,0.118014,0.181160,0.074804,0.181280,0.274298,0.116405,0.186760,0.102035,0.131313,0.105875,0.065566,0.210413,0.200429,0.257018,0.239241,0.118902,0.288341,0.203957,0.267119,0.170041,0.151952,0.192029,0.122788,0.177535,#
12,0.126869,0.149336,0.090147,0.151033,0.252267,0.180880,0.197017,0.149830,0.234957,0.146782,-0.025005,0.183086,1.000000,0.154905,0.272048,0.058768,0.325375,0.207578,0.226803,0.287237,0.165653,0.166727,0.220547,0.243917,0.027755,0.157990,0.145384,0.182999,0.190556,0.136686,0.035488,0.228122,0.227348,0.173904,0.190727,0.208262,0.182728,0.048514,0.147463,0.193746,0.077687,0.056406,0.193517,0.357322,0.186849,0.177303,0.234456,-0.004673,0.163407,0.098781,0.271878,0.163362,0.177965,0.193304,0.205601,0.168995,0.077279,0.198121,0.149782,0.034676,0.029422,0.252800,0.048486,0.142109,0.283606,0.196781,0.124026,0.153032,0.164336,0.151863,0.152725,0.142275,0.201984,0.146392,0.280731,0.204162,0.208884,0.064066,0.175507,0.068200,0.177647,0.193730,0.096422,0.122924,0.113352,0.160332,0.138570,0.264440,0.271920,0.084916,0.155882,0.150707,0.070880,0.117682,0.189392,0.254582,0.356754,0.243527,0.154816,0.049578,0.122479,0.224170,0.169090,0.177684,0.194720,0.094771,0.189782,0.084968,0.092386,0.090764,0.288704,0.066684,0.133970,0.212163,0.228511,0.064242,0.264595,0.046929,0.161248,0.049147,0.182673,0.188268,0.292571,0.232624,0.240847,0.093545,0.121933,0.041658,0.051321,0.125839,0.159542,0.098062,0.124537,0.155694,0.197760,0.107288,0.207671,0.205526,0.230707,0.066440,0.194031,0.217573,0.220180,0.065280,0.118056,0.177842,0.118378,0.161038,0.058753,0.206562,0.090014,0.275619,0.147473,0.152811,0.103939,0.274391,0.152953,0.033000,0.170592,0.135102,0.142460,0.293954,0.253488,0.192608,0.243638,0.095191,0.258233,0.139434,0.081233,0.128839,0.220640,0.176449,0.094281,0.182841,0.145322,0.132223,0.222704,0.295474,0.204132,0.088049,0.175215,0.177083,0.234843,0.145904,0.041203,0.176367,0.149282,0.306268,0.156456,0.084729,0.130152,0.047978,0.130610,0.164196,0.109208,0.141605,0.152006,0.231961,0.196168,0.086558,#
13,0.140949,0.088019,0.307975,0.133679,0.191497,0.036247,0.267506,0.188901,0.200731,0.219003,0.157701,0.124689,0.154905,1.000000,0.228102,0.100484,0.264159,0.187936,0.274444,0.260267,0.260201,0.237272,0.194539,0.226406,0.044144,0.253093,0.258458,0.291097,0.225096,0.261522,0.128594,0.247410,0.253528,0.256211,0.232662,0.096976,0.162867,0.150298,0.160157,0.232410,0.219180,0.262744,0.282164,0.139517,0.295700,0.201339,0.203956,0.190559,0.277592,0.147250,0.123006,0.303623,0.228344,0.244973,0.214348,0.216843,0.071836,0.183016,0.153252,0.197972,0.223004,0.288674,0.209483,0.154291,0.261510,0.198695,0.314576,0.219824,0.284662,0.185205,0.146594,0.202024,0.046190,0.218057,0.308685,0.194424,0.256987,0.233689,0.295231,0.157632,0.163497,0.234803,0.267157,0.205862,0.270809,0.165526,0.138873,0.246258,0.269112,0.144160,0.176697,0.178562,0.230964,0.278251,0.257257,0.119249,0.241759,0.170304,0.208092,0.338795,0.216989,0.246569,0.142284,0.346498,0.204481,0.264437,0.181272,0.190243,0.252603,0.172859,0.212604,0.167865,0.358400,0.281275,0.250691,0.250796,0.237967,0.249846,0.104674,0.307230,0.191856,0.240511,0.192584,0.137988,0.273172,0.022629,0.139385,0.026654,0.208462,0.157843,0.117654,0.198006,0.122471,0.162392,0.357238,0.182269,0.182261,0.177399,0.322041,0.224084,-0.068537,0.207759,0.367179,0.157158,0.103904,0.245241,0.234189,0.222364,0.124417,0.156982,0.171532,0.239045,0.231511,0.339023,0.212422,0.332558,0.079465,0.188784,0.251733,0.249205,0.164883,0.255627,0.206616,0.293727,0.122378,0.197564,0.207112,0.103000,0.257145,0.136972,0.197841,0.273694,0.167052,0.165993,0.218310,0.263980,0.189799,0.310953,0.242066,0.094777,0.164375,0.297462,0.235719,0.244750,0.224151,0.214740,0.216003,0.225880,0.058656,0.158383,0.300575,0.199715,0.232770,0.254347,0.229077,0.178589,0.122718,0.138760,0.235835,0.220540,#
14,0.252279,0.083901,0.142788,0.219032,0.201918,0.227188,0.091981,0.355076,0.317312,0.240800,0.140177,0.120889,0.272048,0.228102,1.000000,0.292992,0.241547,0.207051,0.233541,0.313654,0.223671,0.145751,0.208977,0.310549,0.106518,0.060801,0.287038,0.255034,0.271603,0.222073,0.103930,0.295092,0.180128,0.164507,0.232460,0.124659,0.213145,0.201462,0.199334,0.234134,0.204515,0.093002,0.339002,0.149644,0.235465,0.304208,0.167090,0.097068,0.093103,0.164643,0.211327,0.145782,0.233498,0.302050,0.253268,0.269693,0.208352,0.155529,0.184996,0.185858,0.267428,0.313619,0.227326,0.198880,0.176280,0.134628,0.166779,0.259706,0.136246,0.299202,0.271313,0.136969,0.220880,0.235848,0.328040,0.208199,0.375287,0.209507,0.181342,0.087156,0.278272,0.284942,0.275706,0.253219,0.190731,0.247707,0.149006,0.331992,0.185612,0.078781,0.173209,0.194702,0.236906,0.291101,0.289110,0.266028,0.429825,0.245431,0.234279,0.064984,0.216799,0.229657,0.273211,0.196406,0.264474,0.182405,0.248717,0.151116,0.069771,0.131601,0.156537,0.071131,0.210596,0.267064,0.198134,0.241835,0.266063,0.114279,0.161758,0.236097,0.287883,0.282516,0.200718,0.213619,0.340776,0.078371,0.173876,0.299306,0.153224,0.335595,0.162429,0.182495,0.188884,0.214462,0.254630,0.233670,0.141751,0.243257,0.150208,0.190662,0.129787,0.270524,0.209699,0.176971,0.146371,0.371601,0.247911,0.171696,0.080410,0.137106,0.284825,0.203307,0.091315,0.239196,0.311621,0.297739,0.301341,0.173886,0.180123,0.210993,0.128019,0.167467,0.258913,0.187949,0.188063,0.176116,0.202296,0.083405,0.219116,0.326335,0.280514,0.248380,0.196940,0.243501,0.186049,0.262428,0.242288,0.284710,0.248651,0.095737,0.253382,0.340784,0.240257,0.120149,0.209648,0.132532,0.194402,0.035607,0.156997,0.278674,0.083054,0.190987,0.280806,0.250099,0.185016,0.158205,0.112083,0.117992,0.226269,0.104717,#
15,0.248118,0.015472,0.214198,0.113807,0.158531,0.162479,0.098132,0.131590,0.177586,0.173501,0.165626,0.077295,0.058768,0.100484,0.292992,1.000000,0.196515,0.246894,0.144930,0.178112,0.106235,0.140104,0.170919,0.295638,0.088041,0.215864,0.155499,0.143941,0.170661,0.264767,0.070189,0.192002,0.095251,0.216501,0.123208,0.135394,0.153839,0.052330,0.218265,0.080819,0.129346,0.152103,0.225676,0.137190,0.235902,0.146590,0.080756,0.167571,0.102355,0.232292,-0.037591,0.274185,0.145516,0.137741,0.172473,0.121303,0.179643,0.040708,0.151371,0.184916,0.211078,0.128048,0.211866,0.123088,0.144550,0.179570,0.088065,0.156174,0.057244,-0.006125,0.246616,0.062062,0.033668,0.158389,0.134584,0.130373,0.112117,0.194680,0.083869,0.114999,0.325531,0.114222,-0.005439,0.243619,0.247023,0.180609,0.063356,0.333702,0.124922,0.092938,0.104269,0.115717,0.144386,0.167094,0.103453,0.128539,0.245248,0.092719,0.119657,0.080521,0.208024,0.078891,0.128911,0.161250,0.051274,0.154199,0.229279,0.118111,0.038289,0.223535,0.003076,0.195284,0.114926,0.145086,-0.007140,0.177510,0.081270,0.012889,0.056430,0.109512,0.181031,0.145241,0.130065,0.143048,0.078887,0.063819,0.208550,0.191411,0.099348,0.278364,0.017550,0.054598,0.095265,0.095426,0.179274,0.134634,0.016990,-0.001356,0.097956,0.068166,-0.014338,0.131270,0.117436,0.007075,0.174241,0.097583,0.088912,0.167934,0.238992,0.030967,0.166079,0.009679,0.210937,0.272602,0.048382,0.206207,0.199766,0.135170,0.110721,0.193827,0.093350,0.105696,0.285364,-0.008314,0.137073,0.221240,0.194084,0.217828,0.218146,0.025760,-0.015497,0.191275,0.005182,0.073030,0.123393,0.164576,0.251958,0.146522,0.065499,0.171814,0.205812,0.148194,0.134826,0.224805,0.099821,0.111204,-0.022975,0.161428,0.014674,0.141495,0.027709,0.153272,0.156900,0.085297,0.077301,0.121099,0.149561,0.206299,0.143842,0.067597,#
16,0.245109,0.118709,0.014520,0.105068,0.158814,0.120940,0.148350,0.262837,0.090367,0.088578,0.120035,0.116153,0.325375,0.264159,0.241547,0.196515,1.000000,0.174019,0.133502,0.358793,0.253190,0.214329,0.117941,0.144123,0.007076,0.254524,0.222837,-0.006355,0.101466,0.252399,0.037430,0.291719,0.171737,0.335691,0.178521,0.155259,0.191936,0.020108,0.264490,0.142647,0.080807,0.115940,0.238950,0.180329,0.162059,0.277234,0.087950,0.093085,0.161492,0.125597,0.098724,0.149482,0.272511,0.313587,0.187051,0.150929,0.053950,0.127441,0.196628,0.047343,0.048211,0.316466,0.226207,0.148882,0.232533,0.129908,0.062188,0.327869,0.191779,0.229241,0.029699,0.151987,0.279488,0.126040,0.142168,0.169786,0.159873,0.288124,0.218469,0.170384,0.144427,0.149178,0.124974,0.233394,0.211633,0.177477,0.251568,0.181493,0.211126,0.107015,0.143340,0.200291,0.160953,0.090704,0.185667,0.166185,0.279643,0.141638,0.180947,0.195762,0.048405,0.063621,0.049682,0.131592,0.105250,0.233456,0.195757,0.110466,0.095363,0.128184,0.226902,0.208822,0.214123,0.143825,0.274423,0.321484,0.231719,0.111680,0.095768,0.243388,0.255622,0.308786,0.209237,0.224351,0.317665,0.098754,0.176013,0.083653,0.094696,0.181067,0.136733,0.032298,0.289569,-0.076143,0.304703,0.263156,0.055933,0.178477,0.131708,0.200076,0.067868,0.164157,0.177043,0.125487,0.193191,0.097712,0.161839,0.130905,0.231381,0.240328,0.006191,0.272118,0.059258,0.154223,0.239683,0.248540,0.159451,0.159935,0.177930,0.201067,0.111889,0.243887,0.292276,0.186571,0.128993,0.182804,0.181991,0.181158,0.128250,0.061682,0.143946,0.244549,0.086609,0.082418,0.138855,0.155553,0.100858,0.189813,0.242581,0.033726,0.099117,0.181557,0.210785,0.000962,0.161357,0.226239,0.210064,0.234439,0.160074,0.174326,0.269952,-0.019284,0.039771,0.125658,0.155883,0.188333,0.064301,0.120996,0.081025,0.147258,#
17,0.266711,0.117744,0.123409,0.180315,0.212479,0.181411,0.183844,0.314199,0.239598,0.111497,0.135027,0.294411,0.207578,0.187936,0.207051,0.246894,0.174019,1.000000,0.163451,0.248480,0.285084,0.153253,0.158492,0.311465,0.170342,0.229056,0.209796,0.135883,0.108207,0.204085,0.159728,0.135480,0.215438,0.170780,0.178324,0.240852,0.050898,0.110139,0.309035,0.162221,0.282468,0.240615,0.236566,0.224348,0.162941,0.194507,0.192801,0.202835,0.141840,0.189936,0.210852,0.182853,0.153542,0.150119,0.181367,0.243798,0.236746,0.109671,0.221827,0.067906,0.189578,0.269343,0.124048,0.087571,0.193935,0.279892,0.220906,0.281820,0.152188,0.187593,0.118265,0.220692,0.126796,0.126544,0.118684,0.191379,0.110084,0.161774,0.143710,0.200446,0.217092,0.174356,0.294560,0.157459,0.153622,0.080832,0.256803,0.183350,0.234956,0.194844,0.174507,0.123083,0.263457,0.218420,0.112056,0.284151,0.191594,0.201408,0.150538,0.158423,0.130619,-0.028166,0.133212,0.227243,0.101535,0.184125,0.254445,0.187321,0.142319,0.081876,0.234039,0.264652,0.101876,0.303000,0.202950,0.156112,0.058063,0.129871,0.052851,0.222898,0.109814,0.282901,0.216763,0.177963,0.344458,0.208227,0.189037,0.150332,0.100876,0.155026,0.267932,0.201653,0.242958,0.154107,0.180842,0.258852,0.151315,0.263765,0.241665,0.257568,0.173147,0.224629,0.261705,0.135310,0.201652,0.208126,0.160143,0.200300,0.116201,0.029717,0.206424,0.046224,0.059572,0.241292,0.265045,0.358037,0.253788,0.158533,0.261770,0.180685,0.174075,0.182321,0.338666,0.181257,0.153219,0.250038,0.128240,0.190863,0.240419,0.093977,0.289115,0.115796,0.119999,0.097654,0.185997,0.093512,0.248991,0.192293,0.079924,0.317131,0.154609,0.307955,0.236672,0.217649,0.146305,0.104093,0.125729,0.246367,0.163769,0.181873,0.204724,0.202049,0.234141,0.178077,0.302496,0.244112,0.084231,0.223727,0.090081,0.194783,#
18,0.253716,0.079220,0.137982,0.319856,0.231390,-0.023751,0.179044,0.186356,0.177736,0.127051,0.163874,0.225972,0.226803,0.274444,0.233541,0.144930,0.133502,0.163451,1.000000,0.222935,0.208083,0.217333,0.215386,0.256398,0.180278,0.165532,0.092391,0.296578,0.131894,0.168860,-0.003747,0.091413,0.188033,0.223330,0.267906,0.210960,0.256132,0.156112,0.170788,0.323054,0.211888,0.135731,0.224925,0.181340,0.290902,0.116070,0.181427,0.153010,0.077395,0.181155,0.137830,0.168829,0.293798,0.129287,0.147604,0.222970,0.144608,0.190742,0.117847,0.161905,0.135867,0.127479,0.249725,0.069329,0.285596,0.138015,0.196135,0.251541,-0.035774,0.110110,0.143400,0.056352,0.128461,0.110375,0.201448,0.171774,0.204422,0.216610,0.216427,0.115377,0.116775,0.088406,0.229815,0.240098,0.190202,0.076417,0.213401,0.184047,0.207964,0.107540,0.279193,0.141914,0.113339,0.240138,0.265276,0.264431,0.319774,0.211567,0.161183,0.249454,0.194049,0.162511,0.181970,0.178774,0.316554,0.209106,0.129497,0.092755,0.161838,0.097752,0.274812,0.162947,0.287122,0.233950,0.065146,0.154796,0.114026,-0.061971,0.092406,0.247460,0.173873,0.270084,0.191913,0.009527,0.226762,0.017260,0.173215,0.178261,0.295270,0.085561,0.104650,0.267017,0.071954,0.202607,0.215641,0.108480,0.150287,0.222686,0.076491,0.168127,0.047085,0.164782,0.233714,0.165217,0.127885,0.274652,0.170612,0.102232,0.105527,0.134750,0.112627,0.295781,0.130679,0.233887,0.132095,0.273586,0.221223,0.192372,0.130867,0.345337,0.217849,0.140597,0.216053,0.172042,0.165166,0.281457,0.275851,0.176419,0.139760,0.223900,0.081304,0.209119,0.215370,0.110439,0.004840,0.256709,0.211615,0.261115,0.164040,0.102796,0.145445,0.190825,0.221746,0.115419,0.171880,0.047125,0.295793,0.140531,0.114345,0.162264,0.196050,0.191459,0.192744,0.202590,0.258202,0.151500,0.081706,0.206482,0.246815,0.118662,#
19,0.272861,0.196363,0.177876,0.238537,0.416009,0.294635,0.096196,0.227798,0.245913,0.321007,0.208004,0.043149,0.287237,0.260267,0.313654,0.178112,0.358793,0.248480,0.222935,1.000000,0.250123,0.203180,0.237952,0.268107,0.075972,0.260629,0.315605,0.164122,0.189885,0.268350,0.209387,0.291104,0.162315,0.233784,0.151071,0.227745,0.197430,0.047227,0.303308,0.202562,0.267705,0.161264,0.173659,0.165383,0.210644,0.261444,0.320874,0.278031,0.221032,0.192631,0.120001,0.220784,0.151441,0.272051,0.235073,0.259711,0.247778,0.094921,0.281214,0.132301,0.285189,0.412616,0.300887,0.217281,0.386381,0.137773,0.147472,0.302567,0.082293,0.221084,0.283023,0.177128,0.246535,0.201872,0.277957,0.315664,0.193432,0.285512,0.399124,0.134930,0.225949,0.184450,0.254323,0.189330,0.266759,0.183086,0.217617,0.352166,0.284522,0.062545,0.174735,0.243433,0.290206,0.175875,0.220438,0.292083,0.292625,0.256218,0.142801,0.187807,0.207711,0.164859,0.234612,0.269069,0.287868,0.299037,0.219317,0.293085,0.119903,0.021943,0.164278,0.207742,0.260346,0.313858,0.261386,0.138236,0.308792,0.232450,0.143460,0.068889,0.215478,0.341298,0.347105,0.285099,0.381144,0.108211,0.328133,0.209823,0.181861,0.283230,0.144759,0.108115,0.246696,0.225615,0.342944,0.227020,0.189640,0.292263,0.200204,0.192469,0.089034,0.225973,0.235162,0.121583,0.202056,0.212314,0.176237,0.155708,0.285115,0.144900,0.211938,0.333548,0.173593,0.259250,0.299107,0.272565,0.245737,0.192312,0.250389,0.270269,0.330916,0.244629,0.259944,0.182474,0.248163,0.266430,0.088284,0.207841,0.303178,0.172093,0.208815,0.272555,0.272140,0.244880,0.214711,0.212726,0.263167,0.350953,0.243958,0.144300,0.037639,0.344161,0.308322,0.263705,0.290814,0.174427,0.201248,0.259156,0.246924,0.219498,0.367757,0.255738,0.077578,0.239494,0.189518,0.353390,0.099994,0.180519,0.253696,0.267933,#
20,0.143841,0.012822,0.215578,0.155459,0.355527,0.126095,0.267282,0.189283,0.110822,0.216658,0.097133,0.107376,0.165653,0.260201,0.223671,0.106235,0.253190,0.285084,0.208083,0.250123,1.000000,0.217168,0.148326,0.183561,0.167810,0.256940,0.235117,0.093037,0.165550,0.227978,0.016895,0.097952,0.169933,0.226750,0.172690,0.230299,0.248489,0.020322,0.223285,0.209169,0.211927,0.339457,0.111669,0.116198,0.322335,0.183703,0.291373,0.066324,0.101993,0.123255,0.006104,0.217768,0.172316,0.215065,0.214831,0.188688,0.208364,0.217792,0.216572,0.052752,0.244061,0.239664,0.296620,0.037202,0.193269,0.130969,0.138741,0.189206,0.226596,0.261043,0.281281,0.221871,0.066578,0.157835,0.172239,0.012457,0.172677,0.301726,0.201769,0.090664,0.144126,0.235549,0.264586,0.132376,0.173207,0.144085,0.232345,0.160268,0.294773,0.143498,0.213735,0.219148,0.206808,0.242010,0.305370,0.148199,0.195144,0.261773,0.222294,0.063209,0.219122,0.087444,0.277704,0.187284,0.188847,0.106537,0.148397,0.190603,0.089651,0.271309,0.232143,0.246718,0.168416,0.134830,0.222291,0.203014,0.279137,0.199949,0.005706,0.303223,0.224398,0.261161,0.145493,0.171472,0.190595,0.144874,0.235182,0.111781,0.290831,0.198434,0.247355,0.165641,0.180556,0.241409,0.283295,0.142746,0.206198,0.103836,0.247868,0.183868,0.162553,0.206011,0.183989,0.149352,0.212747,0.161576,0.106519,0.165899,0.156493,0.277197,0.263749,0.173605,0.070755,0.320979,0.163145,0.225176,0.210282,0.100463,0.187104,0.312184,0.156850,0.254773,0.267446,0.231478,0.234463,0.058760,0.050849,0.191274,0.244636,0.128561,0.261223,0.152736,0.191370,0.038229,0.057572,0.200650,0.051788,0.147606,0.335738,0.134776,0.161938,0.180268,0.151522,0.148489,0.134198,-0.015201,0.164400,0.271718,0.111493,0.286502,0.037198,0.161947,0.144173,0.259128,0.191095,0.129059,0.098854,0.191032,0.221400,0.212870,#
21,0.141696,0.223146,0.211892,0.220808,0.179533,0.036475,0.180681,0.256322,0.258306,0.167925,0.131293,0.212853,0.166727,0.237272,0.145751,0.140104,0.214329,0.153253,0.217333,0.203180,0.217168,1.000000,0.128109,0.141985,0.088848,0.107332,0.249701,0.163300,0.221366,0.176117,0.130742,0.216625,0.202300,0.220139,0.137101,0.221749,0.316370,0.216532,0.313063,0.172140,0.163660,0.253550,0.174958,0.178198,0.188627,0.223502,0.190190,0.284816,0.149088,0.063263,0.163836,0.198341,0.059693,0.089061,0.137661,0.170228,0.202446,0.151438,0.152577,0.074851,0.184474,0.113878,0.270990,0.147809,0.361432,0.223591,0.079917,0.260013,0.173158,0.209490,0.295095,0.251154,0.268593,0.313441,0.202904,0.180695,0.110149,0.165559,0.162718,0.200150,0.186902,0.146671,0.201419,-0.006807,0.275523,0.078245,0.266910,0.171145,0.160071,0.264460,0.097049,0.091170,0.132627,0.170911,0.295736,0.215783,0.233545,0.136015,0.038968,0.179718,0.279524,0.226163,0.215843,0.136216,0.174273,0.238719,0.192263,0.074138,0.154332,0.182960,0.261165,0.236544,0.091851,0.211360,0.152268,0.281800,0.311245,0.132333,0.068831,0.261923,0.176206,0.313539,0.198093,0.230444,0.220021,0.065319,0.197098,0.205776,0.197864,0.126887,0.184139,0.201983,0.346724,0.207903,0.228046,0.114234,0.100040,0.139109,0.144152,0.282758,0.171837,0.254121,0.198031,0.132579,0.157632,0.254017,0.224340,0.187515,0.152403,0.148453,0.212805,0.146102,0.106688,0.198630,0.270156,0.262271,0.095886,0.099316,0.096612,0.179600,0.215514,0.261513,0.255283,0.176587,0.247331,0.094489,0.153409,0.194689,0.170477,0.295617,0.156559,0.150582,0.163044,0.091509,0.127543,0.315330,0.125408,0.259491,0.089785,0.120938,0.117906,0.275685,0.069414,0.213316,0.121127,0.155736,0.163436,0.160229,0.167194,0.237235,0.302098,0.083918,0.198565,0.224857,0.284034,0.196772,0.199017,0.205795,0.252952,0.186074,#
