0,1.000000,0.282384,0.391615,0.312443,0.372323,0.363410,0.267474,0.236574,0.352359,0.339913,0.392690,0.322587,0.279414,0.261088,0.456648,0.412050,0.341786,0.482035,0.393605,0.387530,0.383311,0.379548,0.392552,0.492533,0.339119,0.300803,0.461037,0.378194,0.415103,0.348490,0.247841,0.323845,0.353850,0.287734,0.291528,0.463622,0.374323,0.351907,0.449050,0.461352,0.311280,0.427545,0.274264,0.352984,0.293110,0.391019,0.412344,0.426931,0.343552,0.438751,0.435877,0.293571,0.321991,0.283942,0.430999,0.348077,0.373209,0.369027,0.309478,0.329835,0.371596,0.333689,0.403917,0.360502,0.390555,0.300475,0.366805,0.379777,0.366967,0.385815,0.412520,0.342068,0.442231,0.380114,0.283067,0.176626,0.344583,0.420736,0.371790,0.253304,0.401155,0.314975,0.373247,0.346305,0.415338,0.330391,0.412167,0.293670,0.461991,0.374339,0.344272,0.304523,0.330772,0.368723,0.421841,0.398736,0.471363,0.297729,0.329036,0.377607,0.434888,0.418745,0.309968,0.391241,0.381762,0.345684,0.418432,0.329672,0.297750,0.249585,0.299537,0.301965,0.283245,0.365831,0.292622,0.364049,0.405017,0.231860,0.312344,0.351559,0.445166,0.323230,0.315919,0.349014,0.354804,0.407793,0.298127,0.267850,0.288172,0.448502,0.385854,0.413042,0.371414,0.315635,0.361577,0.352274,0.416852,0.353944,0.287491,0.441878,0.380157,0.329028,0.354194,0.326705,0.373708,0.345769,0.298264,0.242965,0.372882,0.356397,0.300593,0.323704,0.347632,0.320443,0.322765,0.311735,0.298138,0.247951,0.428840,0.421263,0.309061,0.434479,0.206026,0.268250,0.404964,0.235800,0.253481,0.309459,0.382332,0.309690,0.398968,0.154947,0.478757,0.394674,0.231824,0.381509,0.439648,0.369572,0.378628,0.315462,0.380048,0.430061,0.242467,0.196343,0.268476,0.388464,0.413654,0.494382,0.427506,0.255653,0.363608,0.411036,0.274650,0.224281,0.405952,0.229063,0.194931,0.347202,0.469086,0.360514,#
1,0.282384,1.000000,0.299141,0.314381,0.414099,0.339443,0.398955,0.306080,0.333881,0.251205,0.448863,0.392531,0.291575,0.369465,0.292629,0.255155,0.225197,0.363766,0.298393,0.327960,0.285013,0.376988,0.228472,0.322727,0.373147,0.323183,0.414168,0.446103,0.267367,0.312225,0.343836,0.297150,0.349830,0.292167,0.201417,0.349715,0.274079,0.332215,0.446016,0.310286,0.312395,0.275233,0.362581,0.306191,0.303121,0.376166,0.458728,0.376478,0.233738,0.230182,0.435668,0.212276,0.425372,0.328915,0.279526,0.339419,0.317979,0.303500,0.394548,0.329187,0.264076,0.317359,0.354320,0.338825,0.284554,0.338003,0.260752,0.380461,0.389193,0.323027,0.304252,0.325710,0.447757,0.249499,0.369559,0.168670,0.314616,0.368197,0.386907,0.266275,0.342974,0.445326,0.368800,0.356930,0.327529,0.126421,0.401768,0.313341,0.351968,0.384498,0.352576,0.399211,0.273551,0.387051,0.271966,0.335841,0.315771,0.280739,0.230790,0.248374,0.320951,0.295934,0.341270,0.311969,0.279056,0.300228,0.299992,0.375306,0.249893,0.349593,0.405703,0.317660,0.248560,0.312926,0.357777,0.427887,0.416851,0.199350,0.317419,0.342792,0.224005,0.334839,0.321795,0.359261,0.272389,0.316999,0.303868,0.292662,0.275003,0.324821,0.349275,0.336957,0.234592,0.334493,0.479558,0.375626,0.343507,0.362533,0.313226,0.366203,0.376382,0.228045,0.267170,0.289375,0.409728,0.316840,0.291016,0.166004,0.334368,0.332048,0.302041,0.303234,0.267978,0.182514,0.341175,0.316165,0.312794,0.274040,0.273683,0.142024,0.190588,0.403021,0.287968,0.330602,0.367785,0.230910,0.225907,0.277068,0.332729,0.427357,0.352478,0.314091,0.340342,0.213885,0.326522,0.280824,0.210214,0.377482,0.345490,0.260339,0.277724,0.262627,0.339692,0.243038,0.364439,0.320367,0.247850,0.326570,0.311120,0.377021,0.423984,0.359430,0.187807,0.247312,0.367820,0.287097,0.105274,0.341187,0.232105,0.352694,#
2,0.391615,0.299141,1.000000,0.312349,0.312646,0.294830,0.349711,0.336427,0.220345,0.232647,0.346304,0.457483,0.313615,0.345677,0.285372,0.333293,0.265879,0.291343,0.299541,0.301435,0.388253,0.406057,0.236765,0.329734,0.385673,0.352091,0.411235,0.342070,0.284708,0.323979,0.221390,0.246362,0.231218,0.176666,0.205075,0.356828,0.326962,0.233181,0.339483,0.235253,0.378186,0.359601,0.314901,0.245343,0.249957,0.390469,0.328813,0.373931,0.241096,0.324366,0.368856,0.408861,0.328176,0.270208,0.206846,0.276126,0.207397,0.294666,0.306273,0.331516,0.243993,0.294648,0.320236,0.325649,0.394262,0.367238,0.300309,0.238085,0.369880,0.390573,0.251547,0.262751,0.289124,0.325747,0.323445,0.301635,0.262242,0.368751,0.331162,0.266685,0.390592,0.201435,0.233242,0.271044,0.294359,0.211985,0.401095,0.295600,0.283228,0.259604,0.244671,0.352800,0.362577,0.330531,0.274742,0.306808,0.339726,0.284103,0.345624,0.252036,0.355447,0.338295,0.258831,0.336793,0.246085,0.279054,0.260431,0.332117,0.233981,0.375353,0.371315,0.348033,0.335321,0.330505,0.302308,0.422643,0.315311,0.215034,0.087681,0.240438,0.336359,0.318413,0.246652,0.275691,0.318563,0.221478,0.341920,0.268418,0.282864,0.302631,0.265361,0.382341,0.313885,0.193815,0.363919,0.373296,0.279295,0.358911,0.183926,0.174791,0.215289,0.251526,0.323918,0.218705,0.477029,0.266407,0.163979,0.231192,0.382823,0.253128,0.307301,0.409737,0.366691,0.285421,0.251712,0.212384,0.223351,0.175908,0.293772,0.272934,0.320749,0.364579,0.289946,0.363800,0.351119,0.232801,0.302807,0.270714,0.190317,0.258944,0.213112,0.333325,0.265513,0.238291,0.341822,0.253433,0.421297,0.352462,0.235918,0.312896,0.385069,0.266292,0.182667,0.357673,0.173885,0.356212,0.228316,0.247601,0.381136,0.214652,0.281658,0.341117,0.412686,0.169365,0.346244,0.174078,0.170328,0.277195,0.405983,0.356017,#
3,0.312443,0.314381,0.312349,1.000000,0.331866,0.274410,0.309873,0.299077,0.336178,0.252110,0.352494,0.368547,0.268707,0.299776,0.324737,0.303273,0.289926,0.390679,0.309742,0.328861,0.280309,0.295192,0.324549,0.439439,0.349459,0.311283,0.317080,0.260242,0.316583,0.306887,0.266244,0.384715,0.395752,0.404904,0.129631,0.373547,0.350475,0.458332,0.422106,0.271589,0.321974,0.388186,0.295187,0.336050,0.234248,0.392697,0.340733,0.350323,0.188087,0.351066,0.382394,0.319998,0.327610,0.216874,0.192579,0.391892,0.267371,0.305318,0.315718,0.357477,0.274284,0.283155,0.321995,0.322419,0.360966,0.389502,0.251443,0.320369,0.281902,0.383973,0.308131,0.218952,0.351958,0.240307,0.320112,0.301017,0.293427,0.359578,0.384135,0.193763,0.369976,0.353799,0.320845,0.270041,0.430257,0.245188,0.380271,0.206174,0.368133,0.373016,0.279062,0.349253,0.379836,0.396618,0.253295,0.338128,0.371010,0.210822,0.381175,0.274292,0.403845,0.247263,0.361364,0.330656,0.346858,0.299954,0.318366,0.316845,0.165832,0.247759,0.326399,0.305230,0.282398,0.293777,0.232559,0.270645,0.350360,0.202857,0.201217,0.308361,0.383083,0.290985,0.311067,0.456177,0.311128,0.281514,0.339334,0.274905,0.234440,0.377176,0.308252,0.350805,0.378714,0.369437,0.353024,0.333939,0.264306,0.257408,0.322184,0.278289,0.371359,0.288109,0.310588,0.267975,0.346372,0.239219,0.346482,0.312470,0.272586,0.324536,0.271668,0.297240,0.251155,0.258490,0.314367,0.249116,0.267692,0.335375,0.222174,0.365731,0.349019,0.358200,0.376685,0.399990,0.336356,0.286001,0.293847,0.263210,0.220600,0.286571,0.340182,0.221325,0.274799,0.195450,0.255626,0.311344,0.321245,0.317100,0.252737,0.297655,0.299116,0.413134,0.383676,0.239290,0.133228,0.312166,0.230269,0.335044,0.221969,0.245828,0.286519,0.350531,0.359994,0.206692,0.255610,0.302877,0.272275,0.305616,0.317302,0.276878,#
4,0.372323,0.414099,0.312646,0.331866,1.000000,0.313056,0.309119,0.285264,0.348295,0.243887,0.314902,0.260065,0.252887,0.272390,0.244568,0.308676,0.171042,0.336880,0.337535,0.414948,0.323194,0.300965,0.308408,0.396931,0.320634,0.384959,0.293489,0.343035,0.407801,0.211199,0.231219,0.258303,0.326079,0.243216,0.233877,0.368319,0.367516,0.335677,0.270420,0.294166,0.368004,0.464545,0.260344,0.190367,0.401862,0.289624,0.416846,0.368641,0.233511,0.368249,0.325681,0.218083,0.281265,0.289244,0.344346,0.364970,0.279024,0.283454,0.346057,0.293867,0.267810,0.299378,0.235577,0.218700,0.292367,0.222228,0.352702,0.265934,0.277342,0.323779,0.295191,0.336650,0.338503,0.321226,0.240149,0.068024,0.267747,0.418622,0.301941,0.188790,0.417565,0.363554,0.250456,0.248154,0.419662,0.185759,0.335021,0.296854,0.337777,0.424065,0.353761,0.300012,0.260250,0.349873,0.204086,0.411025,0.325051,0.364965,0.295171,0.266661,0.276426,0.205217,0.338638,0.371845,0.313806,0.274944,0.197304,0.330475,0.285336,0.338197,0.422517,0.321328,0.317383,0.476574,0.287617,0.236566,0.296602,0.077481,0.241778,0.202202,0.325186,0.309881,0.290230,0.275628,0.373024,0.272045,0.346451,0.277114,0.220494,0.265268,0.374766,0.294854,0.296748,0.228011,0.360251,0.346278,0.311555,0.212511,0.265350,0.303206,0.419787,0.147543,0.258295,0.242865,0.352106,0.327588,0.293712,0.233903,0.306134,0.308551,0.299260,0.321754,0.300134,0.358783,0.301971,0.202385,0.397180,0.281673,0.287672,0.347652,0.278187,0.322988,0.183682,0.300357,0.206232,0.315318,0.218834,0.196993,0.211841,0.286740,0.266582,0.159619,0.314890,0.243170,0.363392,0.288582,0.355035,0.337831,0.300126,0.271308,0.199499,0.213017,0.354795,0.247944,0.212894,0.306149,0.144599,0.420934,0.355847,0.306845,0.298043,0.356129,0.248625,0.125804,0.254288,0.275776,0.276003,0.412129,0.279605,0.357228,#
5,0.363410,0.339443,0.294830,0.274410,0.313056,1.000000,0.298635,0.290889,0.312602,0.381982,0.336511,0.278574,0.329716,0.206476,0.369386,0.272992,0.267276,0.322542,0.253069,0.253189,0.355942,0.326492,0.280953,0.387725,0.343504,0.248346,0.328532,0.373592,0.353663,0.293897,0.223631,0.332203,0.348963,0.213048,0.190543,0.306401,0.401140,0.182372,0.386222,0.359458,0.341893,0.369020,0.205828,0.361518,0.244758,0.353405,0.342873,0.200269,0.293418,0.320323,0.386687,0.281228,0.299537,0.115834,0.298662,0.320784,0.171316,0.321990,0.399060,0.277615,0.242169,0.287323,0.323545,0.269371,0.363247,0.309281,0.336213,0.290430,0.302821,0.260152,0.348820,0.272243,0.364345,0.433608,0.248509,0.178748,0.311146,0.294710,0.332567,0.288952,0.300219,0.297015,0.416395,0.145268,0.231820,0.259002,0.268472,0.236584,0.326180,0.225264,0.229288,0.393417,0.295473,0.414778,0.229256,0.333171,0.295710,0.209836,0.277553,0.137027,0.299612,0.313107,0.266057,0.302487,0.202968,0.285878,0.206337,0.349784,0.211996,0.247442,0.402475,0.284397,0.342919,0.260128,0.298956,0.269726,0.397844,0.294788,0.182341,0.284646,0.155570,0.319259,0.213278,0.342128,0.239213,0.224010,0.122938,0.122471,0.422909,0.383150,0.339903,0.352431,0.314494,0.278647,0.457430,0.359633,0.233780,0.308950,0.183334,0.189094,0.335950,0.302307,0.235189,0.277597,0.302034,0.227235,0.265720,0.269003,0.182988,0.302618,0.336333,0.234709,0.353836,0.356530,0.245028,0.290889,0.313451,0.160869,0.411694,0.201910,0.311218,0.274048,0.315488,0.274579,0.300782,0.110056,0.183591,0.288264,0.336928,0.390657,0.299308,0.260406,0.378186,0.225408,0.178897,0.287737,0.296352,0.282927,0.347077,0.258653,0.290419,0.289292,0.394761,0.210564,0.237670,0.351448,0.294600,0.261042,0.280872,0.262416,0.353533,0.320454,0.282786,0.228213,0.403536,0.191457,0.122495,0.414009,0.263236,0.414864,#
6,0.267474,0.398955,0.349711,0.309873,0.309119,0.298635,1.000000,0.318881,0.278261,0.201015,0.321531,0.270074,0.163077,0.305605,0.230437,0.271713,0.268959,0.289622,0.299098,0.293686,0.293565,0.311009,0.220900,0.255432,0.236436,0.248496,0.268463,0.363150,0.346493,0.269342,0.182894,0.321572,0.281448,0.204332,0.123841,0.208952,0.216637,0.295070,0.339356,0.254191,0.300593,0.281329,0.188422,0.324086,0.195049,0.254851,0.318650,0.385261,0.246805,0.323636,0.238565,0.276316,0.335198,0.252749,0.188196,0.280191,0.236135,0.316724,0.345472,0.367602,0.228194,0.274725,0.249798,0.263427,0.264838,0.466541,0.274118,0.295117,0.283413,0.286375,0.281913,0.267667,0.357214,0.236707,0.342673,0.198483,0.306137,0.326544,0.326139,0.224382,0.330549,0.307064,0.348775,0.234730,0.309215,0.272726,0.268836,0.357358,0.286950,0.332508,0.297351,0.258716,0.234974,0.345860,0.225304,0.349231,0.305343,0.233892,0.356284,0.290638,0.311801,0.361326,0.234904,0.255491,0.082502,0.414138,0.217777,0.229639,0.300919,0.276913,0.357019,0.273291,0.264304,0.209392,0.249507,0.318826,0.340995,0.186095,0.244862,0.254668,0.262490,0.335536,0.172288,0.227781,0.254741,0.169751,0.224826,0.306834,0.129481,0.358063,0.265393,0.241075,0.307548,0.139700,0.391632,0.326834,0.233313,0.319792,0.264583,0.272825,0.235847,0.157319,0.127209,0.332687,0.185082,0.274252,0.238902,0.142876,0.271593,0.144156,0.336892,0.192001,0.323394,0.243879,0.290028,0.220702,0.225436,0.254945,0.306615,0.217320,0.161252,0.329424,0.310568,0.301935,0.300679,0.222957,0.154443,0.253363,0.275510,0.362764,0.149980,0.197779,0.311290,0.207490,0.302772,0.317559,0.236375,0.338403,0.338803,0.170983,0.101949,0.171522,0.303927,0.307810,0.250047,0.309045,0.219530,0.280172,0.325728,0.343370,0.271308,0.255482,0.309146,0.242671,0.200894,0.219485,0.232876,0.291284,0.222948,0.344305,#
7,0.236574,0.306080,0.336427,0.299077,0.285264,0.290889,0.318881,1.000000,0.298419,0.328063,0.391468,0.453122,0.199336,0.334068,0.306493,0.378322,0.241708,0.417137,0.267615,0.349527,0.321310,0.310217,0.409183,0.284370,0.435292,0.232227,0.355468,0.436634,0.323863,0.297539,0.277958,0.311761,0.396481,0.195799,0.188376,0.357777,0.213032,0.234384,0.405001,0.334635,0.303366,0.294373,0.327731,0.246822,0.328956,0.378967,0.271075,0.343509,0.302733,0.324791,0.401891,0.302945,0.274660,0.285739,0.296757,0.272757,0.273000,0.396534,0.359560,0.339249,0.309760,0.220011,0.314092,0.307359,0.412620,0.319637,0.340414,0.302344,0.297539,0.433159,0.254721,0.221782,0.417231,0.341862,0.263821,0.229892,0.270537,0.360032,0.329444,0.385844,0.340465,0.323005,0.389383,0.260652,0.348535,0.244169,0.400203,0.176590,0.322280,0.362760,0.313092,0.324590,0.338776,0.388237,0.188015,0.341590,0.287186,0.237716,0.221163,0.167569,0.384781,0.250070,0.285068,0.279178,0.179709,0.380837,0.365838,0.227350,0.277665,0.302988,0.307495,0.317128,0.222504,0.351945,0.393610,0.326679,0.250856,0.212928,0.188265,0.369143,0.309358,0.347719,0.227184,0.395587,0.390208,0.278373,0.338318,0.378973,0.247565,0.299807,0.232119,0.295079,0.355333,0.288547,0.490294,0.328956,0.160932,0.451982,0.265404,0.324594,0.424904,0.325470,0.148180,0.233070,0.322192,0.232395,0.310563,0.228142,0.237465,0.275256,0.332374,0.423785,0.246223,0.221847,0.184548,0.347669,0.361981,0.303543,0.370657,0.349224,0.240625,0.377939,0.316499,0.268755,0.257204,0.259333,0.388089,0.233274,0.324720,0.348987,0.290663,0.257978,0.331836,0.164140,0.309193,0.239611,0.278145,0.341315,0.146065,0.393916,0.274761,0.334262,0.266827,0.281341,0.103686,0.332094,0.220093,0.284601,0.226324,0.365009,0.358641,0.310207,0.346533,0.287017,0.222886,0.248350,0.218034,0.347960,0.360825,0.328841,#
8,0.352359,0.333881,0.220345,0.336178,0.348295,0.312602,0.278261,0.298419,1.000000,0.309655,0.413215,0.300797,0.286562,0.223709,0.412086,0.368542,0.190836,0.258889,0.233816,0.314420,0.289244,0.280255,0.256065,0.363208,0.281332,0.223660,0.254500,0.363490,0.217400,0.330539,0.119169,0.336920,0.238811,0.251601,0.251885,0.354225,0.328400,0.241193,0.375462,0.358088,0.311756,0.277217,0.120323,0.232757,0.410040,0.387483,0.277526,0.286108,0.192593,0.314557,0.265039,0.360267,0.241239,0.389499,0.276272,0.337923,0.274320,0.291493,0.303744,0.356419,0.301223,0.177432,0.375399,0.189518,0.358428,0.397754,0.325480,0.284778,0.407642,0.314083,0.206607,0.285200,0.315854,0.222599,0.269317,0.171378,0.236922,0.263126,0.308441,0.173807,0.358277,0.313836,0.328769,0.152466,0.415415,0.213567,0.320661,0.208407,0.334392,0.324553,0.254366,0.317611,0.310637,0.283836,0.348161,0.435525,0.379882,0.219565,0.294754,0.217618,0.330412,0.167410,0.278623,0.283684,0.324401,0.187348,0.334482,0.213221,0.111289,0.273422,0.222475,0.254008,0.146706,0.314952,0.249381,0.369894,0.322802,0.147410,0.153353,0.366788,0.323714,0.278764,0.231843,0.327941,0.299716,0.355248,0.217863,0.373505,0.160415,0.344015,0.268985,0.190217,0.295336,0.252528,0.367239,0.383707,0.239254,0.320813,0.312802,0.264927,0.373397,0.268408,0.361467,0.171701,0.247063,0.226330,0.270683,0.305170,0.278215,0.281907,0.343558,0.272996,0.269916,0.309622,0.401140,0.331552,0.297806,0.286919,0.259288,0.338833,0.165867,0.310794,0.181591,0.332022,0.287183,0.276378,0.257074,0.184869,0.252057,0.317991,0.300773,0.114302,0.232470,0.249963,0.250413,0.287080,0.207629,0.335330,0.277146,0.277649,0.263334,0.243071,0.168648,0.286209,0.220245,0.319404,0.123687,0.212548,0.354688,0.247678,0.318846,0.308084,0.272378,0.191959,0.301296,0.185780,0.203567,0.155886,0.244181,0.253507,#
9,0.339913,0.251205,0.232647,0.252110,0.243887,0.381982,0.201015,0.328063,0.309655,1.000000,0.431756,0.261716,0.207097,0.308285,0.353545,0.371716,0.266109,0.262522,0.159608,0.390750,0.280094,0.260804,0.273865,0.306353,0.265262,0.255324,0.359651,0.425492,0.286924,0.315363,0.354971,0.310560,0.210771,0.275739,0.327738,0.344387,0.164587,0.360960,0.333444,0.259353,0.365718,0.359637,0.204890,0.123264,0.278277,0.421791,0.339142,0.293304,0.224196,0.257118,0.385085,0.352255,0.282876,0.228574,0.206865,0.382671,0.319844,0.301121,0.283612,0.227747,0.251028,0.303917,0.403731,0.334893,0.350699,0.341309,0.200528,0.297505,0.354957,0.231055,0.348349,0.357954,0.301208,0.323088,0.281589,0.240896,0.282780,0.273371,0.428548,0.348823,0.275943,0.374798,0.279555,0.206364,0.386597,0.315670,0.420805,0.227367,0.181440,0.200189,0.165284,0.399027,0.311665,0.303411,0.304444,0.338816,0.425375,0.316853,0.269275,0.142313,0.283245,0.278992,0.413225,0.238703,0.308175,0.277963,0.289301,0.235914,0.300080,0.175584,0.268566,0.267511,0.275127,0.383618,0.260561,0.323963,0.291593,0.307581,0.412010,0.225504,0.360116,0.436614,0.208165,0.349224,0.283355,0.297433,0.074734,0.334486,0.248696,0.357854,0.269478,0.302463,0.265501,0.321037,0.389510,0.256147,0.332189,0.411486,0.236091,0.182287,0.254604,0.319893,0.256488,0.225180,0.247133,0.184375,0.298562,0.295009,0.214227,0.422706,0.281259,0.235921,0.441154,0.330255,0.285592,0.318807,0.335057,0.282261,0.422126,0.259608,0.264077,0.273590,0.168998,0.410962,0.304984,0.184103,0.226435,0.224026,0.443868,0.285398,0.298844,0.260213,0.323236,0.278968,0.207776,0.302940,0.290681,0.209975,0.237540,0.347671,0.197644,0.307789,0.362153,0.253349,0.160371,0.307965,0.279168,0.311562,0.414227,0.250449,0.333202,0.317802,0.251835,0.262839,0.248905,0.264767,0.166156,0.215303,0.278392,0.331247,#
10,0.392690,0.448863,0.346304,0.352494,0.314902,0.336511,0.321531,0.391468,0.413215,0.431756,1.000000,0.277081,0.220742,0.372527,0.374950,0.323090,0.298149,0.366455,0.405419,0.366313,0.290779,0.308799,0.267155,0.319828,0.307764,0.216569,0.394807,0.417741,0.280458,0.389753,0.331596,0.325091,0.327706,0.262775,0.288144,0.401876,0.242129,0.346191,0.473112,0.319775,0.291997,0.269468,0.298853,0.156635,0.267923,0.388438,0.389686,0.350458,0.332735,0.374255,0.324503,0.344566,0.302385,0.350470,0.263529,0.359711,0.250413,0.306241,0.345276,0.298106,0.272155,0.341434,0.307065,0.427986,0.412455,0.411609,0.373015,0.318528,0.345335,0.333979,0.331876,0.336973,0.344231,0.326543,0.277940,0.299360,0.334499,0.274734,0.340035,0.240880,0.331005,0.372178,0.377776,0.288376,0.402333,0.221933,0.439478,0.279670,0.329808,0.316136,0.198822,0.302184,0.399809,0.331672,0.296016,0.368359,0.442437,0.210017,0.335816,0.290568,0.289603,0.291961,0.307192,0.332174,0.343024,0.239506,0.338228,0.360847,0.229620,0.245776,0.266763,0.358079,0.269930,0.348388,0.415405,0.462363,0.339827,0.130455,0.236210,0.292555,0.315343,0.333612,0.248754,0.375297,0.307633,0.250401,0.202891,0.330154,0.273261,0.443105,0.362402,0.297387,0.327701,0.249012,0.406197,0.308182,0.270350,0.452051,0.208729,0.314720,0.382114,0.266166,0.379527,0.250936,0.303637,0.265411,0.157267,0.240623,0.240121,0.360700,0.337985,0.376345,0.354033,0.295447,0.381336,0.333015,0.364348,0.164602,0.354957,0.363467,0.253239,0.331048,0.363799,0.404142,0.360293,0.213097,0.290375,0.179103,0.272119,0.366417,0.322904,0.274590,0.359856,0.267707,0.311843,0.183147,0.270090,0.380311,0.349539,0.361450,0.341986,0.297363,0.390344,0.217677,0.252721,0.325661,0.214759,0.211736,0.348970,0.340781,0.395198,0.335180,0.274884,0.226205,0.357984,0.278499,0.180046,0.351596,0.403189,0.442520,#
11,0.322587,0.392531,0.457483,0.368547,0.260065,0.278574,0.270074,0.453122,0.300797,0.261716,0.277081,1.000000,0.275415,0.305682,0.218460,0.328323,0.295775,0.391825,0.259141,0.156206,0.306706,0.361514,0.259702,0.365908,0.441937,0.387058,0.271882,0.445069,0.146873,0.346843,0.361146,0.353965,0.314227,0.245716,0.236689,0.339850,0.304693,0.263691,0.349960,0.319286,0.338162,0.410970,0.386861,0.390741,0.232085,0.437389,0.312980,0.354496,0.234802,0.225898,0.406160,0.322180,0.276494,0.391714,0.221184,0.258437,0.326523,0.359864,0.360620,0.293246,0.242351,0.301971,0.383666,0.357773,0.412282,0.389241,0.354621,0.386129,0.356800,0.396187,0.225602,0.231899,0.411165,0.306258,0.268320,0.220714,0.273890,0.305120,0.445732,0.258703,0.353114,0.196764,0.378245,0.318840,0.375151,0.204325,0.416934,0.328554,0.339222,0.279466,0.326468,0.397358,0.406022,0.511947,0.290139,0.313436,0.269192,0.266424,0.332344,0.361043,0.386042,0.338804,0.304125,0.266514,0.259149,0.390827,0.328719,0.334579,0.330447,0.330510,0.387676,0.319520,0.363864,0.341083,0.118288,0.531856,0.331501,0.202974,0.210223,0.333613,0.303578,0.355923,0.325194,0.367319,0.319554,0.245311,0.314909,0.435572,0.343165,0.302390,0.259376,0.466612,0.340679,0.320004,0.321131,0.308167,0.136626,0.462832,0.177011,0.352185,0.309025,0.267966,0.237795,0.330555,0.375325,0.263193,0.388541,0.195269,0.260805,0.261277,0.293097,0.443283,0.292729,0.247393,0.342793,0.266899,0.295735,0.160963,0.321335,0.305497,0.257172,0.403635,0.193459,0.287860,0.376514,0.218044,0.382244,0.321029,0.401405,0.329428,0.359456,0.185600,0.297449,0.208297,0.288577,0.367731,0.396757,0.288089,0.237833,0.271516,0.415654,0.306328,0.321804,0.246285,0.140521,0.370901,0.242328,0.304475,0.334972,0.366243,0.269433,0.243835,0.388144,0.156614,0.401089,0.236201,0.236679,0.266402,0.270337,0.330585,#
12,0.279414,0.291575,0.313615,0.268707,0.252887,0.329716,0.163077,0.199336,0.286562,0.207097,0.220742,0.275415,1.000000,0.238731,0.365958,0.310527,0.337088,0.300262,0.350866,0.393227,0.306786,0.195661,0.266784,0.318129,0.306073,0.223638,0.267338,0.383281,0.281436,0.326271,0.132927,0.372352,0.329468,0.253015,0.239257,0.336162,0.335424,0.224131,0.312466,0.236080,0.380334,0.261996,0.306085,0.328188,0.300611,0.388147,0.302945,0.160499,0.278170,0.230952,0.372615,0.199510,0.253778,0.288872,0.243002,0.267653,0.223664,0.320138,0.270906,0.243335,0.236058,0.339601,0.242940,0.344637,0.383350,0.270896,0.291451,0.223640,0.277847,0.228607,0.194610,0.314877,0.271765,0.234847,0.321866,0.265549,0.277048,0.210784,0.260403,0.186355,0.307374,0.237443,0.263738,0.300819,0.308265,0.326185,0.295816,0.323925,0.345350,0.292494,0.304648,0.307899,0.232857,0.358479,0.246799,0.223833,0.408449,0.245873,0.233600,0.132965,0.336993,0.283373,0.286166,0.232162,0.360092,0.257480,0.289050,0.230473,0.150509,0.284871,0.357322,0.129712,0.314214,0.344616,0.189262,0.253031,0.302444,0.257044,0.218921,0.232080,0.282189,0.371230,0.349557,0.331896,0.224726,0.159756,0.292355,0.230045,0.215877,0.197593,0.266293,0.297899,0.234701,0.198788,0.282885,0.269902,0.272752,0.301525,0.198999,0.255559,0.366078,0.286468,0.178170,0.232999,0.170845,0.234690,0.274510,0.213153,0.248040,0.240484,0.257015,0.421513,0.254935,0.239528,0.232899,0.250490,0.251557,0.026339,0.252100,0.188976,0.202289,0.380176,0.229595,0.391237,0.308116,0.181141,0.325314,0.143758,0.309151,0.328111,0.288214,0.200233,0.285491,0.284476,0.300003,0.199178,0.358145,0.359085,0.167914,0.306202,0.289524,0.275337,0.328755,0.218305,0.251322,0.276071,0.270541,0.341611,0.271801,0.164689,0.408191,0.338624,0.298636,0.219551,0.230249,0.232157,0.222969,0.222516,0.331285,0.261651,#
13,0.261088,0.369465,0.345677,0.299776,0.272390,0.206476,0.305605,0.334068,0.223709,0.308285,0.372527,0.305682,0.238731,1.000000,0.411583,0.349963,0.303075,0.281555,0.337596,0.401558,0.311519,0.282641,0.207520,0.297831,0.383061,0.399581,0.390588,0.377167,0.282328,0.237040,0.322380,0.301206,0.339872,0.293626,0.237770,0.335216,0.284943,0.354353,0.288783,0.300626,0.279034,0.316642,0.360872,0.223050,0.307642,0.396954,0.407389,0.344832,0.310604,0.276523,0.376227,0.312119,0.334655,0.303044,0.284765,0.425374,0.261664,0.332254,0.365688,0.386487,0.344727,0.324263,0.438874,0.330657,0.317170,0.338772,0.490378,0.342193,0.472053,0.365002,0.196816,0.302781,0.372634,0.244452,0.389119,0.219132,0.342532,0.412475,0.425292,0.278270,0.380662,0.456815,0.361110,0.432592,0.459096,0.258418,0.466258,0.376037,0.385593,0.408568,0.308153,0.356184,0.370534,0.385749,0.311177,0.299777,0.361610,0.220796,0.258799,0.320544,0.401616,0.358236,0.339992,0.321521,0.294487,0.374382,0.349719,0.309713,0.360746,0.324874,0.326046,0.278126,0.419558,0.369991,0.318650,0.378755,0.400057,0.264690,0.229724,0.322598,0.397094,0.412463,0.260572,0.378420,0.335235,0.279037,0.222033,0.287898,0.422009,0.343839,0.265684,0.303560,0.289210,0.260797,0.446799,0.345226,0.359204,0.386315,0.388226,0.353959,0.286412,0.276957,0.348380,0.290812,0.380571,0.415684,0.280311,0.299127,0.126293,0.323600,0.379766,0.290512,0.343353,0.410961,0.376566,0.327780,0.248656,0.319736,0.338859,0.326164,0.206525,0.468074,0.200800,0.423854,0.356668,0.321626,0.244034,0.231101,0.357004,0.367217,0.342444,0.405053,0.359129,0.270144,0.345813,0.329317,0.291823,0.312204,0.366395,0.187378,0.301900,0.332166,0.331829,0.383162,0.248955,0.388938,0.335651,0.365088,0.337047,0.396639,0.247692,0.401103,0.326639,0.272040,0.232581,0.312500,0.250283,0.309605,0.353035,0.339574,#
14,0.456648,0.292629,0.285372,0.324737,0.244568,0.369386,0.230437,0.306493,0.412086,0.353545,0.374950,0.218460,0.365958,0.411583,1.000000,0.466322,0.310554,0.389593,0.360667,0.458718,0.323753,0.223963,0.344551,0.444390,0.318901,0.273960,0.422812,0.372466,0.323270,0.310707,0.190629,0.307203,0.276845,0.208653,0.302704,0.410536,0.368606,0.380447,0.392365,0.413390,0.433887,0.328826,0.356998,0.269484,0.321494,0.485785,0.400775,0.284338,0.315356,0.304449,0.464563,0.267208,0.341896,0.337518,0.444064,0.384709,0.350735,0.308637,0.312252,0.335416,0.342694,0.426242,0.323175,0.339361,0.373404,0.303412,0.399319,0.371409,0.350100,0.357733,0.275202,0.342331,0.256235,0.400894,0.269732,0.226453,0.293524,0.353144,0.340768,0.311415,0.415486,0.301913,0.403196,0.353738,0.398273,0.349969,0.279452,0.230129,0.370421,0.317792,0.384507,0.346944,0.377124,0.404618,0.373147,0.277004,0.398234,0.304049,0.320969,0.241872,0.356662,0.351411,0.328382,0.369201,0.349787,0.337749,0.456833,0.443153,0.249949,0.313255,0.194352,0.189036,0.367833,0.299831,0.349915,0.379333,0.268633,0.281640,0.323660,0.346859,0.465366,0.404133,0.227547,0.327273,0.343812,0.270962,0.288979,0.269374,0.196806,0.404235,0.216640,0.390152,0.348549,0.191877,0.305307,0.322563,0.300236,0.362028,0.248103,0.262987,0.434287,0.415541,0.388315,0.249424,0.271819,0.332833,0.262557,0.214900,0.169583,0.282141,0.401857,0.307697,0.237902,0.351012,0.335080,0.236295,0.356213,0.250867,0.312735,0.236855,0.266916,0.367460,0.282363,0.289353,0.415625,0.232065,0.307356,0.225187,0.288591,0.346671,0.416595,0.311552,0.367668,0.350912,0.323183,0.257305,0.420038,0.383832,0.369631,0.334704,0.328811,0.382354,0.305485,0.317708,0.302745,0.348438,0.294765,0.213267,0.279246,0.319427,0.338313,0.392395,0.325090,0.359543,0.278352,0.177609,0.125057,0.292828,0.376351,0.361208,#
15,0.412050,0.255155,0.333293,0.303273,0.308676,0.272992,0.271713,0.378322,0.368542,0.371716,0.323090,0.328323,0.310527,0.349963,0.466322,1.000000,0.363013,0.458053,0.385455,0.344588,0.285376,0.308935,0.364706,0.450514,0.379412,0.395898,0.413882,0.415256,0.362146,0.319395,0.260007,0.388573,0.295929,0.350854,0.305561,0.325167,0.329548,0.346204,0.411863,0.340096,0.425178,0.377142,0.337937,0.329302,0.426922,0.421979,0.279576,0.354366,0.194390,0.411016,0.408851,0.306394,0.381502,0.347938,0.349769,0.271432,0.317702,0.422654,0.351202,0.391646,0.306484,0.271551,0.402164,0.310721,0.348608,0.336533,0.387954,0.422696,0.355265,0.329004,0.328608,0.418056,0.344652,0.306346,0.376804,0.250126,0.246625,0.424616,0.336985,0.296961,0.505302,0.281039,0.305543,0.418532,0.381125,0.289718,0.392942,0.303536,0.396958,0.392365,0.310830,0.291366,0.359745,0.434115,0.305629,0.301200,0.467744,0.234843,0.325392,0.230518,0.421516,0.323676,0.376056,0.342018,0.261405,0.302532,0.325127,0.277847,0.255378,0.395010,0.287585,0.351422,0.300499,0.300931,0.317677,0.436923,0.349660,0.165158,0.294648,0.309475,0.402701,0.441985,0.244945,0.454517,0.335112,0.248928,0.285833,0.353929,0.273559,0.325989,0.272281,0.392861,0.312331,0.304621,0.406804,0.399911,0.281741,0.292804,0.290376,0.207406,0.310378,0.368639,0.387280,0.240537,0.369466,0.297870,0.359055,0.261747,0.398449,0.333054,0.376972,0.284323,0.324443,0.518911,0.239916,0.440419,0.320762,0.318940,0.358996,0.330771,0.232492,0.330689,0.299223,0.385312,0.334805,0.328151,0.282633,0.250095,0.357702,0.335598,0.264123,0.237208,0.358319,0.237771,0.372668,0.228008,0.409349,0.302261,0.178455,0.389216,0.413015,0.356812,0.253517,0.365968,0.247787,0.387434,0.204881,0.369189,0.310636,0.288307,0.221967,0.426898,0.293093,0.278509,0.266293,0.240893,0.218965,0.338055,0.274822,0.258999,#
16,0.341786,0.225197,0.265879,0.289926,0.171042,0.267276,0.268959,0.241708,0.190836,0.266109,0.298149,0.295775,0.337088,0.303075,0.310554,0.363013,1.000000,0.343717,0.265492,0.318672,0.426465,0.272858,0.381709,0.264870,0.191364,0.326341,0.328194,0.229560,0.211683,0.315425,0.227447,0.384509,0.163570,0.328265,0.203651,0.339799,0.274438,0.234244,0.344922,0.284822,0.229342,0.331673,0.259013,0.313209,0.277035,0.394840,0.279281,0.303379,0.232435,0.219510,0.205504,0.332789,0.425852,0.271619,0.268213,0.254857,0.176779,0.305370,0.288755,0.169484,0.175411,0.418856,0.327282,0.400008,0.410444,0.303499,0.311607,0.411740,0.206194,0.338682,0.148623,0.404674,0.324190,0.188638,0.285280,0.396764,0.220252,0.377791,0.348922,0.245755,0.238858,0.256414,0.263794,0.269067,0.285898,0.311820,0.438028,0.237828,0.366694,0.218077,0.287605,0.306431,0.247314,0.256938,0.267535,0.221787,0.383389,0.109745,0.309784,0.255969,0.304283,0.276037,0.164987,0.235126,0.258635,0.282773,0.324058,0.200703,0.176850,0.263670,0.286532,0.251063,0.297884,0.293681,0.299821,0.427533,0.306719,0.246884,0.148306,0.308189,0.315189,0.339210,0.303396,0.355658,0.352066,0.085724,0.203549,0.183444,0.188254,0.344918,0.162864,0.303980,0.415185,0.090114,0.395461,0.368403,0.141188,0.348458,0.228487,0.327323,0.166505,0.258440,0.197589,0.290249,0.288121,0.248466,0.160476,0.237108,0.224649,0.195043,0.200281,0.316271,0.195226,0.250954,0.286935,0.295000,0.224467,0.147707,0.306199,0.261909,0.152291,0.407711,0.319906,0.389898,0.311114,0.177560,0.301930,0.262440,0.256720,0.224904,0.158447,0.107309,0.287466,0.135398,0.245135,0.317587,0.213683,0.228828,0.258292,0.200150,0.232385,0.310260,0.300413,0.099395,0.116066,0.236499,0.380948,0.297151,0.275323,0.234198,0.348715,0.131174,0.137892,0.232925,0.329261,0.341892,0.111565,0.258024,0.212249,0.227237,#
17,0.482035,0.363766,0.291343,0.390679,0.336880,0.322542,0.289622,0.417137,0.258889,0.262522,0.366455,0.391825,0.300262,0.281555,0.389593,0.458053,0.343717,1.000000,0.330510,0.418927,0.419977,0.331129,0.350981,0.469557,0.401675,0.329661,0.351956,0.348409,0.352489,0.336150,0.304272,0.416089,0.493842,0.274296,0.243896,0.389625,0.237062,0.468467,0.394930,0.265419,0.351245,0.373419,0.272895,0.397655,0.323575,0.408673,0.414269,0.345705,0.350420,0.388050,0.411907,0.241749,0.247865,0.313469,0.326978,0.324099,0.401391,0.476363,0.341725,0.394098,0.298535,0.383088,0.305429,0.361770,0.358420,0.423438,0.440991,0.441968,0.365617,0.467299,0.352287,0.394296,0.447138,0.303878,0.326174,0.367794,0.288425,0.398944,0.328526,0.349405,0.385339,0.356233,0.522795,0.367264,0.418791,0.227095,0.385411,0.315708,0.479213,0.390579,0.340443,0.298156,0.386146,0.366324,0.268250,0.334984,0.369992,0.408089,0.377494,0.337277,0.363049,0.281485,0.312463,0.356913,0.289683,0.382336,0.344432,0.432074,0.204992,0.229704,0.352939,0.324372,0.358711,0.409898,0.255223,0.420346,0.355760,0.246295,0.293472,0.375988,0.308232,0.415934,0.263772,0.415540,0.500623,0.293559,0.312326,0.346381,0.219133,0.326575,0.260808,0.389121,0.448931,0.389915,0.432292,0.417210,0.406741,0.366243,0.291763,0.374423,0.413028,0.350254,0.286949,0.296583,0.385409,0.336225,0.219566,0.266272,0.260380,0.234609,0.365095,0.284264,0.287761,0.416948,0.366892,0.372120,0.328353,0.290076,0.485979,0.370823,0.370718,0.437480,0.281001,0.300035,0.351097,0.306269,0.267080,0.358906,0.313048,0.296761,0.450593,0.262472,0.351249,0.307314,0.402476,0.230931,0.403385,0.343400,0.209725,0.413301,0.337848,0.470650,0.343156,0.212051,0.193727,0.343652,0.320033,0.374191,0.438343,0.344391,0.355378,0.458531,0.303953,0.229992,0.443067,0.330147,0.300574,0.271988,0.302850,0.354415,#
18,0.393605,0.298393,0.299541,0.309742,0.337535,0.253069,0.299098,0.267615,0.233816,0.159608,0.405419,0.259141,0.350866,0.337596,0.360667,0.385455,0.265492,0.330510,1.000000,0.357464,0.310570,0.265797,0.184008,0.445865,0.345747,0.334155,0.354680,0.386313,0.334718,0.252324,0.275980,0.253539,0.397297,0.230573,0.311418,0.394934,0.386621,0.323436,0.316368,0.402308,0.347266,0.354553,0.299118,0.281599,0.275533,0.329670,0.261639,0.301849,0.211384,0.346680,0.385124,0.195973,0.358857,0.346049,0.266893,0.257567,0.304128,0.381722,0.286426,0.248974,0.221732,0.306917,0.356732,0.364427,0.300020,0.366653,0.412142,0.374934,0.249433,0.217644,0.161600,0.308837,0.281919,0.207185,0.288160,0.219733,0.255912,0.373635,0.380572,0.340801,0.385459,0.270920,0.336033,0.373373,0.305451,0.155204,0.427867,0.205775,0.400387,0.312495,0.374179,0.237575,0.334518,0.354567,0.288073,0.331891,0.464921,0.293741,0.271454,0.327156,0.283205,0.363491,0.381523,0.306483,0.376422,0.326724,0.291161,0.306545,0.278013,0.318686,0.365067,0.422434,0.282808,0.336279,0.295822,0.308013,0.284105,0.120148,0.316723,0.351598,0.301493,0.366157,0.265216,0.267197,0.301626,0.223304,0.277476,0.291537,0.327849,0.313840,0.319146,0.405496,0.270040,0.234446,0.397680,0.219480,0.274423,0.406876,0.212475,0.347855,0.364474,0.201568,0.248984,0.233266,0.311480,0.337303,0.181622,0.187519,0.219459,0.274594,0.287418,0.351107,0.306013,0.297718,0.303690,0.390661,0.423159,0.288227,0.236243,0.402699,0.296803,0.354161,0.280369,0.318031,0.323740,0.321246,0.329796,0.288739,0.272855,0.372987,0.167959,0.235051,0.358981,0.245160,0.229434,0.300480,0.361535,0.408750,0.439434,0.244381,0.285351,0.328011,0.362610,0.203238,0.360613,0.288270,0.354742,0.385549,0.311292,0.279549,0.313877,0.396945,0.316681,0.259909,0.326524,0.256278,0.228490,0.338608,0.400566,0.310406,#
19,0.387530,0.327960,0.301435,0.328861,0.414948,0.253189,0.293686,0.349527,0.314420,0.390750,0.366313,0.156206,0.393227,0.401558,0.458718,0.344588,0.318672,0.418927,0.357464,1.000000,0.301230,0.332797,0.302229,0.384696,0.307013,0.418685,0.370065,0.370967,0.337780,0.430556,0.272425,0.353629,0.338758,0.237107,0.338423,0.424507,0.207943,0.306598,0.488651,0.331691,0.393613,0.322104,0.211015,0.202563,0.309321,0.421328,0.434165,0.411355,0.266247,0.388843,0.376748,0.327134,0.286655,0.414529,0.323448,0.393478,0.311393,0.313074,0.331236,0.309044,0.307349,0.335665,0.371363,0.370629,0.404888,0.345238,0.348343,0.375424,0.327533,0.365120,0.346076,0.381512,0.401322,0.213629,0.374393,0.357157,0.296747,0.449128,0.437163,0.257926,0.441694,0.426211,0.412412,0.250801,0.470352,0.244080,0.406449,0.303955,0.414818,0.304437,0.268097,0.345925,0.406384,0.346188,0.305814,0.403704,0.433747,0.394211,0.193371,0.221195,0.332994,0.307656,0.350334,0.381039,0.387695,0.389860,0.354910,0.459844,0.188609,0.168884,0.340828,0.303479,0.384771,0.432054,0.408148,0.324415,0.395416,0.345309,0.359932,0.202072,0.425608,0.497695,0.292764,0.413924,0.476634,0.302255,0.329625,0.320256,0.163428,0.339489,0.245605,0.239389,0.428832,0.263090,0.387162,0.367483,0.337267,0.440160,0.334505,0.339115,0.380209,0.380677,0.275926,0.281899,0.356891,0.355606,0.204619,0.405656,0.353236,0.239238,0.313431,0.375987,0.329638,0.415247,0.343846,0.289796,0.327774,0.237417,0.347845,0.248962,0.396363,0.380535,0.396547,0.352588,0.381692,0.273293,0.283431,0.295305,0.338802,0.296535,0.378450,0.305393,0.362326,0.262296,0.316034,0.269698,0.374014,0.384096,0.284086,0.323815,0.217434,0.401447,0.296031,0.298684,0.282400,0.377126,0.321190,0.345417,0.383834,0.282465,0.418856,0.436565,0.280898,0.360675,0.297541,0.307673,0.285588,0.389815,0.412477,0.434915,#
20,0.383311,0.285013,0.388253,0.280309,0.323194,0.355942,0.293565,0.321310,0.289244,0.280094,0.290779,0.306706,0.306786,0.311519,0.323753,0.285376,0.426465,0.419977,0.310570,0.301230,1.000000,0.294626,0.282628,0.371877,0.382780,0.318214,0.311774,0.373051,0.313635,0.307025,0.233177,0.295200,0.309170,0.229698,0.245501,0.342632,0.304227,0.285346,0.328931,0.353451,0.349668,0.480359,0.246381,0.234837,0.321947,0.448979,0.347051,0.337274,0.300393,0.261115,0.222014,0.361431,0.428388,0.313373,0.332175,0.308869,0.324776,0.326526,0.313207,0.302876,0.310716,0.280855,0.380295,0.363188,0.381569,0.260887,0.368734,0.363223,0.417489,0.398496,0.260490,0.358320,0.464452,0.363823,0.237712,0.251262,0.370449,0.411085,0.310190,0.298103,0.261128,0.273087,0.441931,0.264584,0.326004,0.311285,0.448167,0.298720,0.458177,0.360344,0.316006,0.410134,0.373697,0.410546,0.332603,0.279915,0.439044,0.307197,0.297046,0.180429,0.314178,0.285480,0.318744,0.359444,0.280846,0.363861,0.306699,0.298512,0.253428,0.360982,0.402882,0.326423,0.330818,0.364568,0.269813,0.459069,0.433648,0.262569,0.148505,0.351416,0.301930,0.362148,0.286875,0.312926,0.364122,0.228318,0.350028,0.402411,0.289681,0.369156,0.248421,0.422810,0.322125,0.179097,0.377790,0.284021,0.379091,0.413185,0.289790,0.327177,0.349835,0.337918,0.184835,0.287382,0.379120,0.236314,0.190746,0.279487,0.231545,0.299475,0.354453,0.372370,0.170747,0.254425,0.310056,0.335759,0.240124,0.169622,0.308073,0.390433,0.299279,0.399934,0.255224,0.305031,0.431295,0.206990,0.185012,0.327758,0.284833,0.288389,0.320619,0.221259,0.280910,0.286829,0.249599,0.374065,0.219841,0.278234,0.420556,0.361093,0.271768,0.329447,0.275823,0.276166,0.264073,0.197135,0.309163,0.296814,0.376537,0.362121,0.338577,0.392355,0.320492,0.235060,0.378725,0.332107,0.245930,0.316419,0.325848,0.287558,#
21,0.379548,0.376988,0.406057,0.295192,0.300965,0.326492,0.311009,0.310217,0.280255,0.260804,0.308799,0.361514,0.195661,0.282641,0.223963,0.308935,0.272858,0.331129,0.265797,0.332797,0.294626,1.000000,0.265821,0.383807,0.338737,0.256188,0.356397,0.427478,0.333303,0.333255,0.273178,0.355522,0.268860,0.309866,0.223927,0.372447,0.371979,0.360547,0.429339,0.279918,0.309055,0.387742,0.196341,0.324748,0.329768,0.375998,0.401807,0.416955,0.158575,0.375720,0.352267,0.261692,0.307687,0.282974,0.288143,0.261000,0.314468,0.335429,0.268773,0.273153,0.232585,0.230919,0.436598,0.347852,0.432982,0.341725,0.307962,0.342379,0.403408,0.447754,0.460820,0.294022,0.481098,0.342357,0.260508,0.218618,0.309661,0.317722,0.287976,0.244640,0.415783,0.329279,0.286840,0.185192,0.407010,0.207361,0.401359,0.264577,0.359781,0.405870,0.248025,0.310489,0.285065,0.303434,0.328890,0.356424,0.384966,0.298667,0.246339,0.318100,0.493934,0.283801,0.269216,0.311752,0.286525,0.365422,0.274613,0.321654,0.248571,0.294769,0.371510,0.322217,0.289657,0.320465,0.244732,0.392272,0.446408,0.219027,0.272023,0.357640,0.256673,0.395475,0.172682,0.420178,0.276266,0.258276,0.281133,0.322361,0.194938,0.238951,0.296256,0.287637,0.369423,0.287575,0.350150,0.283695,0.377448,0.297591,0.216333,0.378778,0.342137,0.344577,0.303495,0.228543,0.330423,0.312285,0.298776,0.354702,0.312512,0.268607,0.276766,0.293434,0.315234,0.376965,0.288603,0.300864,0.276280,0.280407,0.282362,0.283401,0.382816,0.323203,0.231781,0.298857,0.340901,0.145676,0.097216,0.346132,0.258254,0.423016,0.268180,0.227657,0.369062,0.264386,0.271593,0.342751,0.348014,0.285851,0.271709,0.357244,0.267082,0.319176,0.197816,0.300761,0.195238,0.272152,0.281041,0.378342,0.421625,0.288308,0.391199,0.303325,0.328964,0.179298,0.419378,0.362345,0.242897,0.324974,0.326331,0.333891,#
