0,1.000000,0.734855,0.740433,0.723248,0.667188,0.744122,0.704745,0.728979,0.710003,0.690836,0.705614,0.739063,0.736231,0.677053,0.728297,0.676475,0.709399,0.730499,0.710775,0.727160,0.705328,0.686826,0.706933,0.720121,0.689500,0.717272,0.748511,0.739001,0.670713,0.709158,0.711461,0.695663,0.698177,0.659272,0.735711,0.722186,0.724694,0.726125,0.729993,0.756514,0.712464,0.704067,0.725205,0.738840,0.699364,0.687353,0.757636,0.712967,0.707912,0.763113,0.742275,0.699639,0.726253,0.747643,0.710141,0.752259,0.700639,0.748357,0.722817,0.730747,0.751161,0.659269,0.725595,0.709813,0.712429,0.730961,0.741242,0.746505,0.711699,0.692283,0.726441,0.746887,0.787827,0.715150,0.737126,0.732100,0.695550,0.730623,0.710202,0.714929,0.785645,0.735430,0.736015,0.731730,0.694229,0.759204,0.684185,0.657490,0.668226,0.717034,0.699950,0.702829,0.651742,0.733367,0.704535,0.727366,0.684771,0.684691,0.716186,0.737166,0.713013,0.718007,0.692494,0.703645,0.747953,0.673531,0.658257,0.736614,0.731659,0.709457,0.741096,0.677796,0.748184,0.666690,0.692225,0.774008,0.675470,0.708631,0.717336,0.688535,0.662366,0.785318,0.720524,0.771298,0.687484,0.695299,0.690672,0.717031,0.688859,0.680661,0.712537,0.731829,0.717258,0.686164,0.707101,0.680969,0.707241,0.769415,0.701106,0.688869,0.687255,0.717424,0.639413,0.734854,0.744119,0.671154,0.720672,0.649029,0.728861,0.717378,0.718205,0.678941,0.705349,0.678876,0.701757,0.679926,0.702739,0.722664,0.720443,0.738901,0.732107,0.754601,0.697315,0.723224,0.744251,0.722292,0.736520,0.700759,0.711378,0.725938,0.726836,0.680931,0.744906,0.753672,0.776208,0.646969,0.688154,0.730655,0.725215,0.713687,0.702218,0.732973,0.650203,0.676957,0.716530,0.674561,0.722041,0.714711,0.701788,0.747474,0.693080,0.733604,0.708451,0.707691,0.691863,0.672584,0.706728,0.725485,0.749702,0.709746,#
1,0.734855,1.000000,0.768411,0.769924,0.710285,0.778802,0.711987,0.717315,0.730509,0.723816,0.751454,0.703839,0.734534,0.757141,0.699904,0.717352,0.720941,0.727053,0.742503,0.736938,0.783736,0.792092,0.736850,0.767214,0.720407,0.696809,0.776737,0.760797,0.688280,0.688509,0.768147,0.771929,0.750772,0.743701,0.749194,0.771365,0.685274,0.774952,0.739316,0.753487,0.740822,0.715358,0.701625,0.719731,0.728750,0.760666,0.773015,0.740782,0.754452,0.771303,0.728057,0.772984,0.739187,0.721517,0.771068,0.766611,0.706970,0.753717,0.763871,0.729270,0.729528,0.717503,0.695116,0.695769,0.721525,0.737309,0.797230,0.744300,0.778863,0.765013,0.747110,0.774674,0.822070,0.739264,0.751259,0.745203,0.725703,0.771342,0.749946,0.733657,0.776807,0.748487,0.806770,0.751893,0.759530,0.737841,0.691616,0.703517,0.746755,0.744316,0.721242,0.707505,0.736703,0.742819,0.690884,0.690363,0.715609,0.706162,0.725392,0.755470,0.757956,0.768301,0.725348,0.752689,0.746919,0.714693,0.701143,0.767516,0.730818,0.724520,0.742018,0.720961,0.730998,0.701382,0.704910,0.738744,0.741117,0.791344,0.716498,0.688307,0.738955,0.751057,0.677991,0.768203,0.674207,0.703645,0.744612,0.727497,0.757209,0.754503,0.705478,0.773071,0.712472,0.760694,0.757053,0.702626,0.686299,0.720404,0.756007,0.683806,0.738107,0.716094,0.686315,0.726124,0.721205,0.716815,0.752953,0.657619,0.713933,0.727688,0.754269,0.749364,0.717332,0.718713,0.751788,0.703660,0.722869,0.730709,0.689181,0.728292,0.720036,0.754125,0.771862,0.774719,0.739191,0.701033,0.739410,0.745395,0.666258,0.717011,0.757765,0.668931,0.749076,0.751933,0.783652,0.702647,0.723172,0.789213,0.723214,0.726721,0.743560,0.718847,0.694427,0.696675,0.708647,0.754468,0.746537,0.647089,0.740588,0.731300,0.715752,0.755466,0.722230,0.769942,0.756835,0.695142,0.734980,0.730778,0.749120,0.713517,#
2,0.740433,0.768411,1.000000,0.726751,0.649807,0.753072,0.730520,0.733530,0.713823,0.720485,0.737631,0.687112,0.697124,0.706982,0.705747,0.703318,0.689024,0.742782,0.692620,0.731681,0.698795,0.727497,0.641171,0.733889,0.692832,0.656175,0.759161,0.764798,0.733462,0.723780,0.776126,0.731786,0.733939,0.714227,0.743293,0.733095,0.728422,0.729283,0.750971,0.761887,0.743705,0.744622,0.710831,0.693143,0.688423,0.724933,0.795175,0.707597,0.724069,0.809327,0.709307,0.708153,0.703207,0.746726,0.790908,0.746673,0.751906,0.717520,0.706584,0.713287,0.743605,0.731486,0.709940,0.755558,0.710011,0.713975,0.805814,0.682392,0.778641,0.744165,0.740562,0.757678,0.773263,0.743985,0.737397,0.752053,0.727184,0.776642,0.731678,0.775943,0.756153,0.753207,0.773010,0.768312,0.767125,0.778327,0.692020,0.779673,0.732364,0.719687,0.744713,0.714186,0.722893,0.714721,0.730233,0.726466,0.693504,0.704743,0.771236,0.707430,0.737311,0.697698,0.676658,0.705259,0.728881,0.752512,0.728643,0.715081,0.760048,0.717837,0.734127,0.679152,0.756698,0.666028,0.706971,0.714957,0.678732,0.745047,0.733936,0.664507,0.697720,0.737040,0.690264,0.745567,0.702749,0.705649,0.699425,0.722407,0.712463,0.762465,0.742648,0.797626,0.778941,0.772776,0.737882,0.709752,0.665962,0.707704,0.735728,0.695256,0.737124,0.710749,0.666186,0.684746,0.739395,0.759981,0.721502,0.701080,0.700251,0.702969,0.752920,0.719214,0.697134,0.751050,0.712103,0.726222,0.706496,0.686568,0.674324,0.685575,0.698201,0.642130,0.714042,0.749025,0.695295,0.732740,0.774222,0.699170,0.674512,0.702533,0.723541,0.659364,0.733369,0.721841,0.775504,0.721424,0.718225,0.757824,0.717953,0.701878,0.725865,0.756616,0.695707,0.752585,0.695302,0.709197,0.716871,0.686387,0.738517,0.709312,0.688462,0.760066,0.767426,0.741974,0.708052,0.739796,0.732325,0.751623,0.721402,0.718473,#
3,0.723248,0.769924,0.726751,1.000000,0.703861,0.736066,0.682522,0.700759,0.714714,0.709041,0.697167,0.695125,0.721483,0.708717,0.663021,0.687559,0.697925,0.690989,0.695014,0.695807,0.729079,0.732503,0.661799,0.671911,0.724915,0.738656,0.724385,0.739053,0.677362,0.671262,0.713620,0.750175,0.712663,0.721388,0.717570,0.714218,0.668926,0.723723,0.665939,0.769100,0.716596,0.703060,0.677821,0.690652,0.708306,0.730961,0.760048,0.718771,0.759784,0.738922,0.721564,0.694107,0.719361,0.688154,0.744743,0.722156,0.637242,0.714271,0.777762,0.735457,0.689493,0.703999,0.667889,0.701781,0.738343,0.740763,0.723148,0.715490,0.694025,0.714155,0.678095,0.749258,0.780085,0.743172,0.713722,0.718615,0.679117,0.722011,0.719269,0.743957,0.763543,0.687155,0.731977,0.716859,0.706581,0.736575,0.673519,0.689766,0.708769,0.716402,0.662777,0.701949,0.715336,0.726138,0.710682,0.702487,0.665516,0.661396,0.672088,0.730147,0.701817,0.681872,0.656140,0.681601,0.724389,0.679467,0.692484,0.739248,0.691014,0.688656,0.689133,0.701126,0.703775,0.688506,0.696905,0.734683,0.698960,0.710401,0.701163,0.645227,0.647914,0.715578,0.642424,0.725224,0.661608,0.690941,0.718666,0.712776,0.682384,0.732710,0.683022,0.738007,0.691723,0.752856,0.737079,0.699211,0.703452,0.692515,0.705130,0.674987,0.689531,0.687803,0.647456,0.661828,0.675607,0.744871,0.686214,0.679007,0.686438,0.648037,0.690595,0.687179,0.676983,0.709323,0.700580,0.651685,0.730158,0.703547,0.645934,0.721473,0.738250,0.736826,0.698247,0.770213,0.719507,0.705185,0.716741,0.683824,0.679317,0.687708,0.714620,0.683171,0.700368,0.726659,0.707409,0.697708,0.695476,0.702131,0.726415,0.697149,0.688746,0.740097,0.656826,0.708709,0.672251,0.702665,0.690653,0.610074,0.737940,0.734597,0.669077,0.694245,0.710514,0.703294,0.708020,0.693014,0.714693,0.718225,0.697553,0.715105,#
4,0.667188,0.710285,0.649807,0.703861,1.000000,0.729694,0.709051,0.645506,0.630079,0.672381,0.671536,0.674900,0.632290,0.677166,0.643930,0.667056,0.645833,0.699628,0.626281,0.705573,0.704933,0.695362,0.670490,0.699464,0.665306,0.649357,0.672707,0.689298,0.666642,0.666918,0.743389,0.675785,0.688187,0.627922,0.675995,0.701314,0.646395,0.680768,0.666575,0.744281,0.665540,0.657462,0.650649,0.675446,0.688775,0.666142,0.730134,0.663136,0.707710,0.701962,0.720343,0.679368,0.660921,0.601848,0.697326,0.706320,0.636079,0.696391,0.743024,0.684271,0.624451,0.667618,0.688534,0.648405,0.717640,0.745098,0.730462,0.654589,0.673292,0.681087,0.692999,0.734672,0.691651,0.684202,0.689161,0.683078,0.667079,0.704070,0.698767,0.681116,0.661599,0.679796,0.727166,0.647068,0.697188,0.642425,0.603101,0.657203,0.702596,0.719807,0.630763,0.624243,0.631667,0.674671,0.660280,0.669553,0.671581,0.618528,0.626123,0.645666,0.687512,0.724225,0.663357,0.666905,0.677237,0.615097,0.681992,0.678852,0.695014,0.698516,0.619896,0.655867,0.712449,0.725199,0.648058,0.671392,0.638627,0.751473,0.646607,0.615142,0.645197,0.673155,0.671376,0.685108,0.646900,0.680520,0.664869,0.648320,0.728956,0.690283,0.718977,0.715572,0.652401,0.681466,0.728523,0.672111,0.655686,0.723938,0.660715,0.634150,0.643713,0.710618,0.670556,0.692637,0.659934,0.669223,0.684158,0.606252,0.656366,0.671740,0.681456,0.733643,0.629501,0.595980,0.724089,0.637968,0.721845,0.687466,0.671415,0.661136,0.638118,0.698745,0.703147,0.706024,0.711751,0.657282,0.688244,0.646190,0.636273,0.649707,0.641205,0.657271,0.682453,0.682725,0.714030,0.663166,0.681418,0.711764,0.681158,0.707417,0.729570,0.657764,0.680175,0.655273,0.721752,0.689924,0.686477,0.694919,0.674266,0.681118,0.655829,0.645494,0.677004,0.682837,0.669163,0.585833,0.648955,0.705424,0.702709,0.622887,#
5,0.744122,0.778802,0.753072,0.736066,0.729694,1.000000,0.697553,0.721101,0.719630,0.712149,0.687778,0.679095,0.693578,0.686569,0.698904,0.685674,0.701028,0.709324,0.715163,0.760158,0.709595,0.702210,0.660477,0.706670,0.721766,0.745082,0.757951,0.760295,0.661925,0.709671,0.743226,0.731777,0.725530,0.731647,0.733641,0.738900,0.712139,0.706356,0.699385,0.758483,0.700042,0.706158,0.687703,0.695380,0.723349,0.736308,0.732372,0.736779,0.732790,0.753884,0.743761,0.681337,0.685098,0.716425,0.752987,0.796884,0.690102,0.723945,0.756658,0.742976,0.677976,0.669604,0.722535,0.748818,0.701480,0.715586,0.739441,0.700491,0.730893,0.743609,0.755557,0.766274,0.766653,0.732745,0.734899,0.716176,0.684703,0.762974,0.717332,0.727687,0.742153,0.729267,0.763907,0.718437,0.713200,0.711863,0.667915,0.689492,0.743439,0.705025,0.721874,0.663309,0.677955,0.732475,0.700402,0.633294,0.737634,0.695696,0.748787,0.658207,0.753849,0.722528,0.760138,0.728658,0.718292,0.687035,0.712030,0.722149,0.683171,0.731826,0.702686,0.705077,0.738172,0.663521,0.645778,0.699421,0.754646,0.756379,0.710606,0.676256,0.665942,0.728063,0.683903,0.766371,0.675610,0.702995,0.744941,0.681346,0.727812,0.695681,0.712209,0.780617,0.746028,0.764375,0.739010,0.667552,0.653151,0.728386,0.687384,0.689371,0.697603,0.671093,0.682079,0.705309,0.796017,0.710974,0.701339,0.692860,0.697394,0.752204,0.763042,0.730445,0.729067,0.690465,0.752781,0.657986,0.725856,0.700109,0.686818,0.699003,0.703855,0.747956,0.717447,0.730578,0.735858,0.676734,0.661278,0.735819,0.694299,0.700090,0.738538,0.710694,0.718227,0.725154,0.738898,0.726549,0.722717,0.735591,0.745713,0.729460,0.748367,0.692301,0.632772,0.686226,0.699836,0.727067,0.742334,0.686440,0.759117,0.749325,0.658359,0.754573,0.710243,0.746269,0.682851,0.670953,0.687042,0.745848,0.727495,0.707900,#
6,0.704745,0.711987,0.730520,0.682522,0.709051,0.697553,1.000000,0.658657,0.706595,0.729720,0.747210,0.706261,0.694792,0.710709,0.618946,0.772954,0.730037,0.761181,0.708727,0.675170,0.716305,0.686592,0.632508,0.689441,0.716815,0.713813,0.714784,0.730567,0.678660,0.691317,0.734787,0.741636,0.707897,0.724447,0.711916,0.726290,0.711248,0.720985,0.664402,0.735353,0.726622,0.740866,0.732582,0.730636,0.696195,0.662150,0.763584,0.706395,0.748801,0.766867,0.710682,0.703047,0.689070,0.616870,0.734135,0.716443,0.704492,0.749125,0.749417,0.700399,0.718238,0.722519,0.686063,0.669025,0.751978,0.714107,0.779112,0.712603,0.737160,0.676227,0.732298,0.781985,0.734441,0.715966,0.698540,0.722772,0.741276,0.775192,0.751782,0.714011,0.715095,0.742129,0.722424,0.788922,0.714700,0.677241,0.676360,0.687014,0.722390,0.706751,0.678520,0.699498,0.662525,0.727771,0.699039,0.709125,0.717721,0.694419,0.690615,0.680317,0.733683,0.739347,0.702465,0.706572,0.762314,0.650437,0.734528,0.710669,0.752255,0.706070,0.654756,0.666638,0.717710,0.711500,0.663304,0.742388,0.662267,0.735347,0.653753,0.684267,0.673172,0.729924,0.631671,0.736842,0.688996,0.688001,0.684245,0.688004,0.688612,0.691357,0.735481,0.742106,0.702515,0.694522,0.728325,0.682147,0.719921,0.701318,0.735650,0.728024,0.715132,0.695325,0.667078,0.701539,0.718875,0.743167,0.705335,0.685656,0.670435,0.696546,0.724101,0.740209,0.655095,0.691068,0.684599,0.678067,0.692773,0.636999,0.668988,0.734466,0.698132,0.693655,0.693856,0.721233,0.706075,0.708205,0.744819,0.669149,0.679114,0.708960,0.686558,0.725926,0.665034,0.667959,0.729938,0.733432,0.704376,0.732535,0.720910,0.700813,0.736551,0.708486,0.702111,0.708220,0.682457,0.686063,0.723636,0.672226,0.711012,0.706091,0.666915,0.726856,0.696886,0.713685,0.711640,0.707420,0.725334,0.723332,0.725945,0.699969,#
7,0.728979,0.717315,0.733530,0.700759,0.645506,0.721101,0.658657,1.000000,0.721514,0.652435,0.679299,0.663390,0.706162,0.699796,0.686399,0.661631,0.652517,0.719255,0.693237,0.703850,0.719275,0.673665,0.707108,0.660911,0.677114,0.719582,0.702982,0.686310,0.682813,0.710696,0.698068,0.700262,0.693534,0.686906,0.709763,0.708375,0.674536,0.710157,0.722631,0.733610,0.714139,0.723330,0.646615,0.659836,0.669037,0.696783,0.736850,0.739996,0.746388,0.728071,0.682300,0.707582,0.702649,0.693710,0.737194,0.685367,0.697744,0.666116,0.733909,0.764446,0.653075,0.712226,0.718156,0.695947,0.721239,0.700569,0.773408,0.658737,0.689852,0.657357,0.730645,0.685214,0.740819,0.733517,0.706450,0.692642,0.682384,0.722663,0.674429,0.688115,0.759541,0.678163,0.744499,0.704644,0.701956,0.733491,0.663010,0.688398,0.677795,0.702404,0.698010,0.689650,0.686162,0.693601,0.702831,0.703043,0.701488,0.724765,0.729798,0.682317,0.714887,0.670251,0.637616,0.650373,0.723011,0.661334,0.663094,0.730155,0.716927,0.654396,0.731459,0.662862,0.746105,0.682451,0.698922,0.724125,0.639922,0.687357,0.684887,0.709926,0.673395,0.705080,0.672541,0.709982,0.679974,0.705651,0.652471,0.710299,0.664957,0.701072,0.667773,0.736946,0.717603,0.642566,0.711571,0.683519,0.656246,0.738037,0.684728,0.665706,0.670493,0.659056,0.668713,0.664274,0.728439,0.692086,0.707211,0.624523,0.649799,0.677106,0.659978,0.708090,0.685947,0.648716,0.704715,0.731037,0.699681,0.701165,0.666025,0.664162,0.711022,0.667320,0.734324,0.684532,0.700919,0.679252,0.708340,0.671210,0.606693,0.637861,0.717061,0.651596,0.696789,0.736179,0.731507,0.639695,0.659914,0.673556,0.707253,0.695996,0.708957,0.678261,0.660577,0.683257,0.686856,0.692801,0.724888,0.653935,0.719068,0.734523,0.707500,0.713295,0.681648,0.680429,0.687845,0.649353,0.697004,0.738649,0.739741,0.660835,#
8,0.710003,0.730509,0.713823,0.714714,0.630079,0.719630,0.706595,0.721514,1.000000,0.694510,0.701178,0.727320,0.711651,0.726800,0.678506,0.715189,0.655551,0.706942,0.631733,0.724409,0.722984,0.708250,0.645854,0.685797,0.705635,0.700645,0.715229,0.684976,0.674364,0.679319,0.728913,0.709538,0.686990,0.678612,0.686658,0.777134,0.681479,0.718097,0.666828,0.709355,0.684483,0.676555,0.751493,0.704627,0.678314,0.652617,0.717625,0.662978,0.744759,0.737758,0.707498,0.707172,0.695751,0.691683,0.708650,0.717579,0.692777,0.698288,0.707198,0.685234,0.701608,0.721551,0.726104,0.720037,0.710025,0.723760,0.766819,0.720941,0.746202,0.680275,0.705207,0.763892,0.774524,0.711508,0.713895,0.688067,0.681612,0.732532,0.700210,0.714729,0.731358,0.688910,0.714935,0.709099,0.718513,0.701098,0.674689,0.706269,0.677248,0.651437,0.700194,0.682330,0.657243,0.670833,0.655710,0.658230,0.714930,0.708424,0.770593,0.719632,0.698056,0.644198,0.724365,0.723546,0.666093,0.688752,0.698716,0.694168,0.657931,0.733813,0.665364,0.659688,0.719831,0.662034,0.624346,0.721430,0.689490,0.688616,0.672171,0.702947,0.658990,0.677613,0.669906,0.743339,0.662178,0.685869,0.624310,0.684847,0.718999,0.726218,0.655057,0.750824,0.713441,0.674267,0.695563,0.700636,0.674658,0.699800,0.710619,0.670325,0.696695,0.670691,0.673786,0.613149,0.724810,0.671305,0.676450,0.679939,0.662941,0.719349,0.685743,0.729633,0.663244,0.745496,0.697392,0.675534,0.708364,0.704093,0.727635,0.673037,0.711980,0.664069,0.696459,0.693898,0.676124,0.672813,0.692507,0.726123,0.687975,0.641020,0.679493,0.693925,0.635384,0.704205,0.748635,0.674139,0.675269,0.711351,0.698400,0.674383,0.723908,0.698403,0.675712,0.691284,0.663114,0.651533,0.754756,0.652029,0.675603,0.735750,0.722124,0.729438,0.725940,0.706894,0.670506,0.614959,0.647523,0.697477,0.699918,0.733981,#
9,0.690836,0.723816,0.720485,0.709041,0.672381,0.712149,0.729720,0.652435,0.694510,1.000000,0.706050,0.670137,0.707645,0.708763,0.697979,0.694719,0.668572,0.731876,0.649624,0.670320,0.723258,0.693117,0.636705,0.692820,0.702206,0.657705,0.728635,0.761676,0.633564,0.704466,0.701358,0.706148,0.696030,0.699806,0.705604,0.728440,0.689777,0.696168,0.686644,0.752305,0.682564,0.729629,0.660100,0.671217,0.705500,0.680569,0.713661,0.711350,0.749691,0.750407,0.714384,0.678650,0.626826,0.638881,0.699670,0.710309,0.725151,0.753515,0.667290,0.719681,0.696468,0.699709,0.694761,0.664962,0.683269,0.747498,0.753202,0.698859,0.749668,0.677149,0.711229,0.740740,0.729197,0.710616,0.709042,0.722071,0.721735,0.773913,0.697428,0.762748,0.735648,0.703894,0.721613,0.754668,0.721308,0.697521,0.684788,0.727402,0.717956,0.696562,0.720715,0.650925,0.699759,0.676895,0.714556,0.672085,0.653526,0.657244,0.702770,0.705124,0.747282,0.738307,0.708937,0.688046,0.718768,0.687784,0.672292,0.748008,0.738581,0.724858,0.684829,0.707712,0.723370,0.660820,0.667405,0.763096,0.612383,0.727859,0.700487,0.692478,0.611087,0.716665,0.665763,0.715443,0.692658,0.698075,0.688756,0.680989,0.717881,0.671885,0.657776,0.755580,0.702585,0.693292,0.724117,0.630644,0.668583,0.704729,0.685957,0.674781,0.749366,0.737408,0.719336,0.729405,0.745599,0.758233,0.688564,0.706894,0.686318,0.684901,0.675984,0.701716,0.687534,0.693085,0.671457,0.680582,0.682983,0.728422,0.698623,0.728872,0.696372,0.723044,0.737485,0.740259,0.697279,0.716723,0.663241,0.712744,0.709487,0.679419,0.694869,0.679922,0.695311,0.663505,0.730312,0.740300,0.719731,0.740848,0.673692,0.737966,0.736194,0.727477,0.723573,0.674310,0.710053,0.718400,0.708804,0.677393,0.725128,0.693994,0.658570,0.700972,0.659572,0.686783,0.658844,0.671044,0.709291,0.718612,0.713439,0.647087,#
10,0.705614,0.751454,0.737631,0.697167,0.671536,0.687778,0.747210,0.679299,0.701178,0.706050,1.000000,0.726908,0.708335,0.716038,0.644895,0.721098,0.716527,0.705662,0.727567,0.684649,0.706555,0.715027,0.665941,0.740024,0.682760,0.710838,0.712344,0.762333,0.710141,0.703268,0.724630,0.699874,0.706539,0.726142,0.711274,0.721973,0.735747,0.722355,0.682069,0.711592,0.724667,0.681928,0.700133,0.682286,0.691386,0.729943,0.800837,0.709198,0.731045,0.776538,0.684316,0.731009,0.692144,0.648761,0.726630,0.751877,0.726925,0.769926,0.685173,0.736169,0.718218,0.722261,0.755695,0.726812,0.730563,0.687264,0.778983,0.682175,0.765187,0.685679,0.769436,0.765493,0.768238,0.671078,0.729839,0.770338,0.686767,0.760468,0.754555,0.694100,0.760943,0.688453,0.742613,0.711301,0.708570,0.691932,0.717546,0.672375,0.709834,0.762733,0.668942,0.723689,0.737931,0.680749,0.672964,0.704780,0.699531,0.728524,0.703747,0.712277,0.722005,0.697245,0.700407,0.733284,0.715863,0.715889,0.729948,0.682227,0.712132,0.726688,0.719661,0.673855,0.764706,0.703529,0.672581,0.748348,0.640834,0.728388,0.680735,0.678405,0.692285,0.749804,0.629899,0.730287,0.644895,0.691822,0.721497,0.679651,0.739223,0.725756,0.696342,0.754397,0.696989,0.720670,0.754226,0.750860,0.659696,0.693094,0.740951,0.733968,0.738326,0.711315,0.694023,0.726574,0.722263,0.734512,0.709075,0.674385,0.688925,0.729596,0.698423,0.705841,0.696593,0.697971,0.730058,0.674329,0.719769,0.727678,0.674989,0.682310,0.720393,0.680924,0.716215,0.741836,0.711221,0.696365,0.735718,0.692659,0.695964,0.717391,0.665983,0.723936,0.663362,0.697954,0.766657,0.719234,0.682289,0.726530,0.683724,0.730089,0.701739,0.667306,0.708566,0.694404,0.647918,0.709829,0.731685,0.702535,0.678553,0.734139,0.694614,0.698871,0.704374,0.769474,0.702187,0.669686,0.712737,0.726430,0.732651,0.731582,#
11,0.739063,0.703839,0.687112,0.695125,0.674900,0.679095,0.706261,0.663390,0.727320,0.670137,0.726908,1.000000,0.710983,0.730459,0.705662,0.692520,0.659908,0.727320,0.720372,0.696156,0.689404,0.698696,0.694242,0.717309,0.694750,0.690365,0.692625,0.701559,0.677943,0.656252,0.751504,0.728016,0.726721,0.703447,0.664246,0.727292,0.727685,0.756780,0.683784,0.703824,0.716839,0.672136,0.681678,0.680250,0.674471,0.637925,0.758800,0.719495,0.732827,0.749787,0.661785,0.660477,0.716151,0.665572,0.725302,0.708138,0.659028,0.756449,0.727628,0.762988,0.661223,0.682161,0.745961,0.675472,0.708759,0.689713,0.758168,0.728444,0.728194,0.720476,0.684846,0.717776,0.760963,0.712625,0.781493,0.730456,0.728746,0.754770,0.697595,0.668100,0.710068,0.676965,0.749194,0.719558,0.709488,0.673701,0.639274,0.685438,0.683437,0.670437,0.694715,0.688580,0.661575,0.710404,0.635350,0.699820,0.677601,0.703890,0.702666,0.700838,0.692617,0.717946,0.719005,0.693352,0.720277,0.692802,0.703994,0.720815,0.728760,0.705719,0.706939,0.707013,0.732134,0.662711,0.651771,0.705193,0.676852,0.712331,0.681205,0.718515,0.660604,0.684850,0.669969,0.769541,0.655410,0.670660,0.693840,0.723404,0.752789,0.729934,0.711593,0.715436,0.735827,0.706555,0.740796,0.717850,0.700270,0.716715,0.708111,0.684872,0.690488,0.637286,0.703233,0.722293,0.718356,0.674697,0.713646,0.653772,0.643129,0.674874,0.705078,0.679000,0.690924,0.736556,0.696558,0.660253,0.721640,0.673330,0.667359,0.702325,0.709807,0.718951,0.733566,0.730830,0.749210,0.704062,0.739052,0.679440,0.677162,0.711767,0.704905,0.671393,0.715341,0.743042,0.735667,0.699737,0.681706,0.690773,0.697708,0.721928,0.703056,0.666803,0.716169,0.668205,0.692309,0.638012,0.724312,0.700804,0.654573,0.683179,0.706739,0.743089,0.704066,0.710051,0.690560,0.647180,0.685713,0.736272,0.729665,0.656747,#
12,0.736231,0.734534,0.697124,0.721483,0.632290,0.693578,0.694792,0.706162,0.711651,0.707645,0.708335,0.710983,1.000000,0.705301,0.680857,0.659102,0.647718,0.699724,0.725933,0.669453,0.719383,0.667940,0.689874,0.701215,0.713018,0.704084,0.687203,0.700505,0.681099,0.662531,0.712073,0.668893,0.686205,0.727805,0.747819,0.738054,0.687385,0.717188,0.665523,0.697477,0.657466,0.645622,0.649671,0.686653,0.709805,0.690913,0.785959,0.703336,0.735219,0.763182,0.740640,0.654193,0.669247,0.676954,0.747099,0.726509,0.677413,0.686960,0.724140,0.705955,0.666889,0.689646,0.715902,0.656756,0.704598,0.717330,0.717804,0.685169,0.749942,0.697053,0.709731,0.737724,0.758514,0.715510,0.722557,0.724510,0.680427,0.758551,0.712015,0.744120,0.740533,0.708873,0.743043,0.705245,0.689719,0.715673,0.616354,0.701558,0.663351,0.672648,0.733257,0.676503,0.711149,0.701582,0.638991,0.700512,0.717518,0.658452,0.680634,0.658880,0.693885,0.724221,0.692229,0.693752,0.692747,0.665726,0.672035,0.716868,0.727582,0.705241,0.700811,0.688142,0.711007,0.642529,0.717315,0.717941,0.599454,0.687996,0.704024,0.693939,0.660399,0.723160,0.669673,0.738554,0.664502,0.757120,0.695852,0.669688,0.687606,0.692590,0.610338,0.687122,0.687634,0.672821,0.684702,0.670874,0.640652,0.689513,0.680458,0.618993,0.712709,0.667779,0.631434,0.713972,0.652618,0.685452,0.721901,0.645200,0.664224,0.727871,0.714788,0.660072,0.693044,0.657565,0.682459,0.715286,0.728763,0.747549,0.730040,0.667853,0.706572,0.710804,0.712989,0.704279,0.743270,0.635742,0.674354,0.728448,0.661869,0.691701,0.719547,0.625271,0.726337,0.679708,0.729604,0.658769,0.735104,0.734762,0.640973,0.666051,0.699335,0.715693,0.677484,0.656223,0.628916,0.661826,0.692591,0.671774,0.727081,0.681281,0.648334,0.701794,0.639361,0.685800,0.655773,0.696308,0.684019,0.718610,0.733613,0.655535,#
13,0.677053,0.757141,0.706982,0.708717,0.677166,0.686569,0.710709,0.699796,0.726800,0.708763,0.716038,0.730459,0.705301,1.000000,0.674894,0.683941,0.640387,0.756902,0.721648,0.691197,0.718776,0.696768,0.728175,0.710578,0.699769,0.733109,0.690243,0.755116,0.696464,0.743722,0.698280,0.715753,0.719981,0.742101,0.637538,0.711341,0.713330,0.761186,0.693393,0.742246,0.782808,0.701054,0.717494,0.673475,0.744183,0.727103,0.730685,0.733631,0.772635,0.755306,0.703823,0.740734,0.679240,0.660206,0.754458,0.747748,0.734132,0.749366,0.749266,0.728624,0.695626,0.722183,0.690519,0.702275,0.745327,0.743737,0.779341,0.728725,0.748342,0.699373,0.675515,0.744322,0.763812,0.746646,0.736415,0.738514,0.730396,0.757247,0.744745,0.710886,0.732956,0.707344,0.761344,0.761690,0.692792,0.747788,0.628215,0.702093,0.767243,0.695866,0.688285,0.735752,0.714995,0.722558,0.677947,0.685326,0.695059,0.688200,0.692536,0.737880,0.731911,0.708193,0.737645,0.726380,0.736133,0.729991,0.694390,0.740399,0.695797,0.708882,0.696078,0.698252,0.734978,0.701662,0.709614,0.737881,0.655015,0.740592,0.706740,0.657000,0.702177,0.719075,0.677966,0.710685,0.660063,0.689505,0.710965,0.692232,0.722223,0.711954,0.707811,0.701656,0.700980,0.718343,0.725474,0.719287,0.688608,0.734238,0.779817,0.674714,0.720323,0.715604,0.721347,0.691588,0.694082,0.714511,0.716075,0.685491,0.709088,0.675306,0.742524,0.715817,0.680644,0.733357,0.686279,0.681266,0.736029,0.677337,0.698455,0.700904,0.727747,0.701461,0.734212,0.735390,0.735060,0.705560,0.751381,0.728573,0.693418,0.687348,0.699267,0.696377,0.720724,0.745456,0.774006,0.735806,0.726532,0.738829,0.707991,0.724533,0.734311,0.699223,0.747204,0.688953,0.701167,0.708184,0.691319,0.674181,0.679728,0.727021,0.737682,0.730108,0.726043,0.722466,0.720065,0.670306,0.708546,0.785322,0.740267,0.676959,#
14,0.728297,0.699904,0.705747,0.663021,0.643930,0.698904,0.618946,0.686399,0.678506,0.697979,0.644895,0.705662,0.680857,0.674894,1.000000,0.636204,0.622909,0.680724,0.593700,0.690927,0.644940,0.677884,0.657704,0.728994,0.660183,0.617274,0.706701,0.708003,0.634587,0.674824,0.764516,0.657843,0.668529,0.642547,0.688542,0.690788,0.660005,0.686650,0.713454,0.662586,0.676979,0.666312,0.651258,0.650488,0.649058,0.693430,0.712910,0.644150,0.679383,0.675654,0.650043,0.681372,0.646408,0.671755,0.684507,0.700439,0.688125,0.667930,0.716112,0.646446,0.661023,0.683484,0.699508,0.664046,0.667088,0.663867,0.716093,0.654987,0.713898,0.668763,0.677014,0.676750,0.740113,0.685910,0.726119,0.710430,0.642421,0.698912,0.630050,0.659117,0.700211,0.665526,0.738781,0.719351,0.677855,0.688794,0.612213,0.671893,0.689136,0.653137,0.676638,0.617291,0.684313,0.745935,0.667471,0.647071,0.664923,0.651887,0.646456,0.639427,0.666243,0.678505,0.693852,0.631828,0.680241,0.657601,0.659460,0.631747,0.723106,0.677881,0.652708,0.701011,0.735320,0.634619,0.608556,0.673697,0.603377,0.641724,0.646721,0.667782,0.662810,0.678679,0.661690,0.715591,0.676037,0.565906,0.646445,0.693596,0.645602,0.671213,0.644821,0.720305,0.658302,0.678575,0.679075,0.628484,0.700182,0.692051,0.671180,0.663012,0.682170,0.689613,0.610796,0.731694,0.692920,0.696409,0.721223,0.622633,0.660277,0.633865,0.719935,0.649454,0.660329,0.644060,0.684681,0.630495,0.669503,0.655019,0.627471,0.677382,0.669658,0.654757,0.668853,0.655979,0.722899,0.659721,0.636649,0.671298,0.610692,0.673968,0.664985,0.591989,0.673071,0.700705,0.723087,0.666641,0.631769,0.680037,0.668251,0.674729,0.675256,0.675135,0.670950,0.641778,0.664368,0.672982,0.705586,0.621244,0.674764,0.673562,0.652153,0.689528,0.695460,0.673084,0.587189,0.603231,0.647966,0.682461,0.651175,0.598575,#
15,0.676475,0.717352,0.703318,0.687559,0.667056,0.685674,0.772954,0.661631,0.715189,0.694719,0.721098,0.692520,0.659102,0.683941,0.636204,1.000000,0.685258,0.712495,0.694656,0.662164,0.653620,0.708073,0.631113,0.711814,0.708203,0.680655,0.662275,0.713861,0.660299,0.618809,0.741263,0.726912,0.712427,0.754796,0.668247,0.702697,0.706721,0.736809,0.656468,0.680014,0.672421,0.659115,0.701771,0.667838,0.693002,0.690283,0.756387,0.700399,0.725282,0.750030,0.685411,0.691475,0.641127,0.673046,0.699732,0.709430,0.713126,0.694376,0.691214,0.706695,0.713496,0.701663,0.697042,0.703195,0.706203,0.667437,0.730839,0.707676,0.694426,0.655988,0.710968,0.706331,0.675172,0.700335,0.729175,0.680966,0.684804,0.719217,0.739992,0.690823,0.686550,0.682873,0.706475,0.732728,0.726335,0.704578,0.607550,0.672288,0.676261,0.637503,0.636171,0.681785,0.682005,0.707969,0.618463,0.671497,0.663720,0.692835,0.677739,0.669374,0.706609,0.715393,0.689945,0.719406,0.704711,0.653785,0.671615,0.696295,0.683502,0.729219,0.635535,0.628675,0.738337,0.647272,0.672998,0.708895,0.620770,0.674414,0.662221,0.718152,0.630421,0.717420,0.631882,0.718619,0.632071,0.655994,0.685472,0.657485,0.703107,0.727171,0.710919,0.703610,0.663608,0.627710,0.708774,0.678201,0.692354,0.649602,0.685183,0.705048,0.686575,0.654395,0.668509,0.682686,0.710027,0.721919,0.660642,0.643018,0.665623,0.689604,0.712332,0.746698,0.694094,0.680428,0.689539,0.660365,0.673956,0.645848,0.698004,0.686630,0.664693,0.687986,0.703695,0.717914,0.683006,0.671479,0.700710,0.669875,0.684249,0.697072,0.625807,0.706597,0.642501,0.725996,0.729258,0.722801,0.680924,0.692381,0.695931,0.691765,0.708690,0.674414,0.666932,0.676917,0.706243,0.647271,0.660468,0.613601,0.679045,0.713296,0.662191,0.734713,0.655617,0.690423,0.657625,0.639100,0.690206,0.689173,0.738706,0.674973,#
16,0.709399,0.720941,0.689024,0.697925,0.645833,0.701028,0.730037,0.652517,0.655551,0.668572,0.716527,0.659908,0.647718,0.640387,0.622909,0.685258,1.000000,0.706655,0.734945,0.695071,0.746146,0.604904,0.628301,0.656712,0.670775,0.714030,0.684385,0.671409,0.601928,0.646369,0.726168,0.718571,0.686561,0.637337,0.680968,0.706156,0.711262,0.724588,0.665703,0.724257,0.681531,0.660468,0.653834,0.642105,0.678036,0.686948,0.714088,0.674723,0.694389,0.739024,0.658187,0.674771,0.656233,0.669595,0.685855,0.739242,0.627554,0.716834,0.684555,0.660660,0.690193,0.700316,0.688942,0.653894,0.690192,0.681988,0.742222,0.698638,0.725334,0.681982,0.711779,0.716382,0.712051,0.678763,0.690380,0.669472,0.670397,0.723101,0.672961,0.728612,0.760493,0.685149,0.729713,0.689829,0.682917,0.677987,0.640557,0.614665,0.658053,0.656834,0.588070,0.671881,0.681914,0.652282,0.664169,0.707220,0.670302,0.669127,0.674499,0.684200,0.703553,0.692793,0.694078,0.709000,0.696804,0.669733,0.696495,0.671284,0.759775,0.685681,0.672650,0.671469,0.713351,0.669566,0.677249,0.735618,0.720146,0.693229,0.638113,0.593912,0.585974,0.674426,0.647420,0.683902,0.676319,0.656959,0.654957,0.634964,0.681705,0.644849,0.696856,0.700503,0.697011,0.671293,0.681753,0.701767,0.663607,0.665418,0.676053,0.626523,0.661605,0.668470,0.686089,0.666880,0.645585,0.654310,0.725683,0.669674,0.662478,0.641959,0.663865,0.694253,0.584545,0.653991,0.724673,0.646077,0.649317,0.665232,0.624331,0.675178,0.685915,0.643682,0.738742,0.690580,0.722295,0.694666,0.675346,0.692720,0.666568,0.703379,0.618873,0.690737,0.657931,0.705490,0.710668,0.675583,0.646403,0.738355,0.688705,0.706258,0.702541,0.643419,0.665324,0.680122,0.631362,0.627222,0.707095,0.662604,0.697645,0.696194,0.674824,0.697173,0.667731,0.700745,0.694524,0.684836,0.700258,0.699012,0.703369,0.669253,#
17,0.730499,0.727053,0.742782,0.690989,0.699628,0.709324,0.761181,0.719255,0.706942,0.731876,0.705662,0.727320,0.699724,0.756902,0.680724,0.712495,0.706655,1.000000,0.700914,0.743987,0.700072,0.695353,0.689333,0.689292,0.751912,0.712533,0.701532,0.741549,0.676079,0.708775,0.739539,0.752812,0.674072,0.670670,0.660976,0.697597,0.708294,0.779205,0.737300,0.766552,0.729340,0.715995,0.674686,0.699062,0.704667,0.710387,0.750177,0.743296,0.751474,0.781643,0.687383,0.668961,0.704362,0.665700,0.751204,0.735625,0.719382,0.704356,0.721838,0.705639,0.698000,0.688384,0.746000,0.681310,0.703067,0.726363,0.814910,0.689660,0.733000,0.683157,0.738657,0.734710,0.727959,0.746390,0.757005,0.701598,0.699121,0.779131,0.750302,0.738809,0.721049,0.732102,0.769428,0.770545,0.694050,0.688667,0.684513,0.695140,0.693753,0.703092,0.715405,0.679736,0.709872,0.719648,0.708650,0.733852,0.685387,0.667339,0.715180,0.768751,0.712326,0.696076,0.694469,0.674070,0.700525,0.720102,0.679419,0.700218,0.705682,0.732274,0.717397,0.651208,0.770962,0.694460,0.740142,0.722874,0.636077,0.721544,0.711579,0.702794,0.682682,0.712557,0.673818,0.712764,0.660919,0.683863,0.671528,0.714293,0.731056,0.694318,0.707255,0.778088,0.739771,0.690122,0.714796,0.695794,0.716388,0.720863,0.708254,0.732731,0.731309,0.703448,0.750578,0.712954,0.741488,0.702509,0.680574,0.655062,0.694090,0.693232,0.727392,0.713239,0.675920,0.726752,0.703933,0.723108,0.744646,0.666322,0.692546,0.713796,0.702172,0.701421,0.757141,0.711467,0.712121,0.684288,0.670783,0.660511,0.696312,0.664775,0.706154,0.676918,0.712626,0.705258,0.775857,0.683946,0.707097,0.746106,0.717255,0.740395,0.712072,0.720755,0.697380,0.714518,0.695673,0.656012,0.737240,0.722143,0.678231,0.682375,0.713649,0.736580,0.694930,0.701660,0.670643,0.697762,0.712233,0.724164,0.737944,0.628652,#
18,0.710775,0.742503,0.692620,0.695014,0.626281,0.715163,0.708727,0.693237,0.631733,0.649624,0.727567,0.720372,0.725933,0.721648,0.593700,0.694656,0.734945,0.700914,1.000000,0.699615,0.708780,0.711506,0.664217,0.660780,0.655101,0.723593,0.698375,0.680018,0.658378,0.699757,0.666855,0.743042,0.709467,0.726872,0.719863,0.751696,0.686678,0.755859,0.694572,0.718005,0.728744,0.655158,0.690650,0.626634,0.712092,0.674961,0.749022,0.751107,0.744674,0.711640,0.665410,0.679198,0.700217,0.617406,0.732983,0.713826,0.668910,0.708612,0.705341,0.755369,0.686570,0.677390,0.687457,0.664929,0.735668,0.655426,0.753501,0.658262,0.688636,0.700884,0.705219,0.704969,0.724961,0.693359,0.743037,0.677351,0.667621,0.735604,0.683799,0.662819,0.721807,0.650682,0.737068,0.700531,0.722252,0.758480,0.581006,0.674281,0.719689,0.652711,0.673327,0.665836,0.686979,0.719876,0.684019,0.666345,0.677711,0.697827,0.705608,0.701578,0.707925,0.672619,0.687073,0.700205,0.727694,0.707906,0.660446,0.712218,0.746735,0.723938,0.717367,0.649647,0.720726,0.657932,0.657888,0.698869,0.660429,0.668172,0.718402,0.677940,0.663243,0.702794,0.641555,0.703397,0.691325,0.658603,0.736578,0.660653,0.724403,0.658084,0.680728,0.728626,0.707689,0.647766,0.681804,0.692520,0.699135,0.691257,0.679841,0.655447,0.683174,0.709923,0.647449,0.692671,0.706762,0.683710,0.712054,0.643183,0.691831,0.663103,0.696016,0.687768,0.705354,0.681814,0.699491,0.732067,0.692574,0.683251,0.616267,0.654237,0.729194,0.690949,0.759491,0.702685,0.721553,0.664181,0.763910,0.672873,0.629048,0.697923,0.686298,0.695791,0.696785,0.738653,0.713264,0.673272,0.681941,0.727726,0.689235,0.725482,0.714796,0.677729,0.665020,0.656495,0.670776,0.644179,0.690534,0.681171,0.651018,0.714190,0.673160,0.722832,0.637775,0.734123,0.714913,0.687061,0.686853,0.757362,0.722003,0.691170,#
19,0.727160,0.736938,0.731681,0.695807,0.705573,0.760158,0.675170,0.703850,0.724409,0.670320,0.684649,0.696156,0.669453,0.691197,0.690927,0.662164,0.695071,0.743987,0.699615,1.000000,0.720038,0.661085,0.629534,0.684584,0.707659,0.681878,0.709832,0.708388,0.623091,0.706297,0.739207,0.757313,0.727764,0.673076,0.691098,0.764970,0.689934,0.737496,0.711234,0.728965,0.725556,0.704496,0.667205,0.673460,0.668149,0.703188,0.748455,0.691538,0.740971,0.736575,0.697520,0.666489,0.697230,0.678464,0.717049,0.700513,0.708732,0.695693,0.700459,0.684308,0.659735,0.661608,0.726475,0.693017,0.706429,0.691887,0.777750,0.676878,0.752276,0.706146,0.712928,0.718375,0.743407,0.700681,0.698799,0.691239,0.656405,0.718816,0.673729,0.682894,0.760329,0.659068,0.754762,0.699308,0.705050,0.688422,0.645306,0.678702,0.743931,0.684260,0.660062,0.678703,0.634783,0.703115,0.672357,0.653408,0.685370,0.706120,0.704994,0.729246,0.688203,0.677323,0.707914,0.689618,0.714857,0.638427,0.689189,0.659824,0.700414,0.667757,0.697555,0.649283,0.720028,0.654098,0.667742,0.698403,0.696217,0.703041,0.720627,0.634928,0.695471,0.667176,0.661912,0.752331,0.670937,0.681263,0.672261,0.706265,0.746766,0.718838,0.707442,0.767649,0.727507,0.718243,0.692700,0.708373,0.644459,0.705939,0.699075,0.644774,0.710992,0.699393,0.635907,0.657250,0.717211,0.657187,0.675944,0.622103,0.691342,0.691475,0.688570,0.705170,0.659331,0.695501,0.737259,0.666830,0.750688,0.674526,0.671267,0.682674,0.709219,0.717054,0.681591,0.732834,0.748328,0.706407,0.660227,0.712190,0.654034,0.673132,0.660798,0.719917,0.714113,0.720308,0.764854,0.639387,0.690325,0.719778,0.710455,0.674215,0.691071,0.705275,0.707678,0.695536,0.664230,0.656962,0.684732,0.696280,0.696783,0.730587,0.679214,0.713826,0.673772,0.721648,0.697825,0.656091,0.696430,0.675275,0.713809,0.642589,#
20,0.705328,0.783736,0.698795,0.729079,0.704933,0.709595,0.716305,0.719275,0.722984,0.723258,0.706555,0.689404,0.719383,0.718776,0.644940,0.653620,0.746146,0.700072,0.708780,0.720038,1.000000,0.698433,0.644500,0.733644,0.710519,0.734428,0.685109,0.734467,0.672791,0.696645,0.739147,0.726372,0.729922,0.720093,0.704820,0.753236,0.682368,0.705288,0.680678,0.757709,0.729600,0.738160,0.665877,0.678774,0.754169,0.681991,0.749493,0.716400,0.728924,0.733559,0.718558,0.732456,0.684722,0.676637,0.734386,0.698906,0.638862,0.711227,0.733991,0.706426,0.706768,0.706016,0.754453,0.681845,0.714055,0.764849,0.790112,0.698057,0.728545,0.674536,0.708870,0.755227,0.765061,0.728984,0.684336,0.675605,0.708266,0.741381,0.737098,0.741776,0.730639,0.730149,0.752816,0.712153,0.689793,0.726693,0.676108,0.717879,0.736167,0.730480,0.694137,0.707711,0.679796,0.724068,0.698875,0.710626,0.673528,0.654423,0.704737,0.695340,0.769944,0.714232,0.729663,0.747351,0.729716,0.694489,0.746913,0.711701,0.724189,0.759290,0.688467,0.712706,0.699008,0.639739,0.710265,0.713018,0.710016,0.735358,0.645848,0.627740,0.675920,0.720725,0.674768,0.756284,0.675670,0.710731,0.666734,0.674827,0.693597,0.726459,0.699765,0.733999,0.764291,0.725891,0.715592,0.704522,0.659422,0.747662,0.725824,0.704264,0.716010,0.685784,0.686161,0.701047,0.718796,0.672147,0.725029,0.673950,0.669403,0.703741,0.712155,0.713304,0.666499,0.702412,0.732150,0.701973,0.699837,0.745541,0.683023,0.698727,0.745006,0.714191,0.723409,0.731747,0.749795,0.686220,0.680170,0.720043,0.661641,0.672355,0.714058,0.653670,0.709681,0.717560,0.740894,0.690230,0.683101,0.750696,0.700996,0.740307,0.725029,0.703978,0.702162,0.678227,0.674098,0.718168,0.711510,0.675832,0.710003,0.704930,0.677189,0.740435,0.729452,0.743760,0.728481,0.690859,0.727667,0.739712,0.729972,0.674677,#
21,0.686826,0.792092,0.727497,0.732503,0.695362,0.702210,0.686592,0.673665,0.708250,0.693117,0.715027,0.698696,0.667940,0.696768,0.677884,0.708073,0.604904,0.695353,0.711506,0.661085,0.698433,1.000000,0.672532,0.727962,0.645340,0.685580,0.726325,0.689789,0.705927,0.665866,0.682544,0.654782,0.719068,0.749446,0.716142,0.750352,0.685404,0.713922,0.686210,0.707669,0.688904,0.726827,0.677943,0.698871,0.712624,0.723530,0.720441,0.717085,0.738149,0.745309,0.653910,0.724850,0.686662,0.665024,0.736224,0.721144,0.677613,0.676556,0.770858,0.683545,0.695179,0.687965,0.667179,0.679164,0.709162,0.688331,0.752133,0.661917,0.711282,0.737163,0.682301,0.784892,0.744612,0.735304,0.753888,0.732776,0.682596,0.731147,0.720829,0.693960,0.668009,0.655709,0.769266,0.710356,0.748086,0.703877,0.617110,0.718735,0.720111,0.702939,0.669332,0.658084,0.714290,0.723523,0.714451,0.714010,0.698303,0.644754,0.684292,0.693126,0.725078,0.707883,0.622971,0.704282,0.680972,0.736598,0.671066,0.725363,0.665588,0.743967,0.714461,0.668476,0.716138,0.681122,0.608172,0.658589,0.662527,0.764058,0.684976,0.710381,0.695104,0.679859,0.634422,0.697867,0.643092,0.638391,0.693892,0.668771,0.723115,0.721296,0.706155,0.736539,0.671308,0.707272,0.741473,0.650131,0.632565,0.671839,0.690241,0.717549,0.707729,0.682215,0.621570,0.710715,0.700652,0.685493,0.671834,0.634988,0.666657,0.725373,0.700051,0.719392,0.686939,0.690150,0.680740,0.669009,0.733085,0.700206,0.644571,0.698991,0.669550,0.721066,0.726071,0.716509,0.727174,0.693066,0.710837,0.661632,0.627491,0.684099,0.718581,0.650265,0.705911,0.689364,0.713064,0.695184,0.618650,0.698632,0.684268,0.703435,0.705289,0.727399,0.682220,0.689686,0.685525,0.726710,0.695619,0.632262,0.639617,0.706025,0.677682,0.701685,0.708631,0.682469,0.688674,0.630286,0.692469,0.733786,0.679399,0.702151,#
