0,1.000000,0.839259,0.844964,0.818014,0.796108,0.846716,0.837944,0.843916,0.833881,0.812117,0.830685,0.849348,0.825481,0.808649,0.837887,0.814120,0.843675,0.857185,0.831163,0.831549,0.829524,0.805917,0.831419,0.839821,0.800017,0.804858,0.830555,0.831877,0.816189,0.837453,0.825410,0.837425,0.808055,0.807931,0.849638,0.820159,0.808929,0.825371,0.849511,0.860978,0.839353,0.800793,0.840713,0.816833,0.835688,0.793532,0.852674,0.834646,0.828009,0.849576,0.830740,0.819117,0.853682,0.838302,0.829947,0.856332,0.837803,0.855559,0.829761,0.825253,0.848294,0.808525,0.839015,0.827308,0.839425,0.843451,0.849591,0.852173,0.820513,0.800929,0.835488,0.843720,0.864741,0.844426,0.837225,0.825408,0.841996,0.834643,0.836780,0.826708,0.872884,0.836978,0.843133,0.845197,0.838870,0.870231,0.838885,0.820524,0.797257,0.823259,0.797345,0.816906,0.832731,0.829902,0.820849,0.823692,0.800893,0.818554,0.848946,0.846742,0.837301,0.821794,0.810017,0.820807,0.828391,0.811740,0.800237,0.842032,0.839597,0.793503,0.836915,0.827546,0.840176,0.809889,0.824262,0.860185,0.810597,0.819391,0.821649,0.824726,0.799228,0.879063,0.835345,0.862583,0.820814,0.817028,0.815283,0.820500,0.807108,0.823905,0.810955,0.843061,0.832682,0.809359,0.845648,0.836714,0.832737,0.835169,0.821228,0.831439,0.802455,0.822435,0.802716,0.865876,0.840053,0.762729,0.825060,0.789264,0.838377,0.809358,0.831671,0.829193,0.824762,0.790280,0.823562,0.803486,0.827950,0.841010,0.862714,0.832131,0.845842,0.846579,0.828747,0.832965,0.829771,0.839072,0.849162,0.819467,0.825429,0.823492,0.834645,0.824230,0.831560,0.852254,0.863448,0.810812,0.830332,0.858309,0.835317,0.820635,0.823059,0.844912,0.803822,0.816959,0.816578,0.803246,0.821325,0.834554,0.815826,0.836978,0.808245,0.833228,0.808156,0.833468,0.805379,0.812532,0.799925,0.848513,0.836720,0.828132,#
1,0.839259,1.000000,0.819584,0.847080,0.817420,0.853220,0.798175,0.831719,0.850536,0.826547,0.825575,0.829922,0.833086,0.827625,0.838401,0.809192,0.828662,0.823299,0.828006,0.837999,0.839665,0.864776,0.860305,0.846853,0.821022,0.806276,0.851082,0.846921,0.826950,0.799155,0.856432,0.853291,0.827694,0.847700,0.822398,0.843271,0.800658,0.851691,0.855138,0.852413,0.831696,0.798542,0.809970,0.824655,0.816139,0.814973,0.849621,0.835541,0.853373,0.848208,0.818107,0.849014,0.839326,0.811763,0.847208,0.838023,0.833132,0.845392,0.839113,0.812145,0.810135,0.832312,0.784052,0.797066,0.832711,0.840061,0.858986,0.855664,0.842142,0.853453,0.836928,0.847588,0.894398,0.803057,0.841619,0.834051,0.836024,0.839068,0.838306,0.820221,0.858245,0.831078,0.867116,0.864364,0.853144,0.841632,0.829644,0.828418,0.839091,0.829366,0.811378,0.816162,0.842736,0.840375,0.805490,0.813951,0.814103,0.826745,0.828903,0.835555,0.845220,0.834708,0.810610,0.825636,0.824924,0.817595,0.805534,0.855724,0.831745,0.804435,0.825964,0.824576,0.822282,0.826770,0.803968,0.834941,0.840453,0.847290,0.808653,0.780659,0.851818,0.847767,0.810835,0.844338,0.808245,0.794533,0.825046,0.833968,0.833871,0.848960,0.805651,0.854153,0.812944,0.824192,0.837660,0.834158,0.822263,0.827695,0.847632,0.804800,0.846845,0.821490,0.822827,0.840384,0.814905,0.813073,0.825768,0.797540,0.843058,0.798051,0.845308,0.851582,0.831949,0.787687,0.859225,0.801625,0.851238,0.837936,0.817295,0.815751,0.835649,0.855236,0.833169,0.853619,0.832577,0.811403,0.838216,0.834666,0.787561,0.818836,0.834864,0.812383,0.824478,0.855858,0.839062,0.823924,0.830896,0.875018,0.805284,0.804190,0.834350,0.820521,0.818322,0.816758,0.781652,0.851959,0.823002,0.785447,0.828332,0.830903,0.842793,0.821254,0.805690,0.822473,0.848430,0.779683,0.814086,0.854643,0.826093,0.831341,#
2,0.844964,0.819584,1.000000,0.821242,0.803760,0.841345,0.819979,0.839948,0.831308,0.807063,0.801623,0.799953,0.798543,0.822308,0.821497,0.790876,0.810393,0.832972,0.806450,0.832560,0.819844,0.808986,0.794822,0.836902,0.802722,0.791016,0.854598,0.839840,0.843042,0.827524,0.828593,0.825921,0.838337,0.816248,0.816924,0.816635,0.815662,0.819812,0.856078,0.841585,0.823862,0.809811,0.810764,0.810236,0.802519,0.817417,0.861632,0.792825,0.812172,0.861986,0.811012,0.814683,0.831989,0.848506,0.858887,0.832994,0.838398,0.823961,0.814001,0.806296,0.853860,0.832818,0.805901,0.830603,0.824242,0.827981,0.841152,0.817028,0.828658,0.829017,0.847066,0.812679,0.852704,0.829506,0.845602,0.823929,0.831992,0.836569,0.822970,0.853983,0.842098,0.849697,0.862287,0.841764,0.848009,0.838411,0.827093,0.855387,0.807286,0.805093,0.833878,0.811771,0.845471,0.805800,0.832912,0.811388,0.801948,0.807393,0.863559,0.835525,0.832074,0.795174,0.798248,0.815019,0.794306,0.845348,0.832727,0.816669,0.835202,0.785940,0.834490,0.790354,0.850771,0.791436,0.809376,0.796163,0.805109,0.827200,0.816732,0.773198,0.816125,0.823972,0.795047,0.853973,0.812219,0.786618,0.817966,0.812755,0.821397,0.838195,0.831518,0.855822,0.844868,0.844841,0.839955,0.820788,0.826983,0.818080,0.836604,0.810441,0.814774,0.826617,0.773805,0.799429,0.805826,0.828629,0.812895,0.779955,0.834188,0.814159,0.830970,0.831731,0.820422,0.819549,0.803480,0.819798,0.823498,0.802818,0.811698,0.800539,0.812819,0.799286,0.819334,0.819954,0.786212,0.826582,0.844484,0.806489,0.793222,0.799552,0.835351,0.806290,0.825115,0.807285,0.841206,0.820369,0.804285,0.849051,0.819724,0.792261,0.801763,0.859925,0.787644,0.847435,0.778847,0.822687,0.816641,0.801391,0.811817,0.810516,0.815242,0.819780,0.845866,0.829322,0.807543,0.811514,0.804006,0.836147,0.801055,0.829449,#
3,0.818014,0.847080,0.821242,1.000000,0.824260,0.817212,0.814276,0.821449,0.830624,0.813084,0.801198,0.819891,0.819723,0.802615,0.796491,0.805015,0.812099,0.814848,0.827459,0.814149,0.823414,0.832352,0.800877,0.796420,0.823717,0.818029,0.836456,0.832141,0.812490,0.800570,0.815867,0.843995,0.807182,0.831669,0.815250,0.813962,0.782554,0.821171,0.803602,0.854380,0.831264,0.808275,0.812753,0.807099,0.812115,0.828629,0.845939,0.816958,0.848029,0.816856,0.819893,0.781782,0.834819,0.805076,0.826017,0.832740,0.793315,0.827270,0.860043,0.813941,0.813190,0.804586,0.781373,0.806328,0.848694,0.823921,0.816759,0.809187,0.786918,0.819520,0.808759,0.838906,0.863765,0.816287,0.807993,0.797476,0.808680,0.817961,0.821383,0.829278,0.844075,0.809001,0.833988,0.842046,0.833027,0.833339,0.818913,0.804165,0.792179,0.805053,0.800966,0.813629,0.830729,0.823217,0.810543,0.823290,0.782477,0.795172,0.815353,0.824364,0.804168,0.796953,0.778031,0.788185,0.830089,0.806958,0.808677,0.835989,0.806841,0.790608,0.798723,0.802918,0.807931,0.803047,0.803891,0.825646,0.799291,0.813754,0.806077,0.764979,0.786898,0.833034,0.786664,0.816736,0.788317,0.796869,0.815783,0.828232,0.811623,0.821813,0.799193,0.838843,0.794904,0.830035,0.841923,0.833216,0.856487,0.789618,0.803419,0.792678,0.793663,0.817568,0.807036,0.791563,0.785113,0.837203,0.788688,0.802618,0.824882,0.783857,0.799403,0.825166,0.804388,0.783505,0.823452,0.764799,0.834081,0.815567,0.810060,0.816286,0.833834,0.824503,0.793778,0.842071,0.805482,0.819399,0.824033,0.788143,0.803673,0.795061,0.831514,0.816855,0.802963,0.822678,0.808678,0.819931,0.805452,0.832781,0.820249,0.789548,0.785245,0.834250,0.792081,0.811761,0.777047,0.812914,0.795899,0.766544,0.830160,0.850410,0.808361,0.811779,0.800316,0.800300,0.814474,0.808711,0.806062,0.822506,0.796258,0.828747,#
4,0.796108,0.817420,0.803760,0.824260,1.000000,0.835882,0.820284,0.803819,0.794652,0.804293,0.783624,0.815244,0.798370,0.797048,0.785389,0.798736,0.803833,0.822470,0.798575,0.838836,0.829614,0.820052,0.797904,0.816289,0.789269,0.762951,0.815455,0.794669,0.824100,0.802927,0.839136,0.818400,0.827272,0.787718,0.797196,0.809246,0.773438,0.794435,0.803823,0.838893,0.812650,0.762222,0.804371,0.826330,0.800226,0.793835,0.840890,0.801898,0.816860,0.809925,0.817470,0.795163,0.821142,0.779355,0.823125,0.823143,0.790016,0.812031,0.840315,0.802823,0.784352,0.812784,0.802000,0.780908,0.835279,0.838088,0.819143,0.787877,0.797155,0.806065,0.820685,0.831638,0.827182,0.798688,0.799137,0.797106,0.795777,0.829379,0.823871,0.823267,0.800772,0.813763,0.837390,0.786846,0.833632,0.797975,0.799503,0.781422,0.804616,0.804650,0.781098,0.773886,0.795949,0.803152,0.786857,0.803587,0.809235,0.785831,0.797365,0.811256,0.819769,0.826405,0.792812,0.788214,0.798169,0.791164,0.814287,0.806883,0.810547,0.804585,0.797856,0.803135,0.830144,0.836579,0.784169,0.796159,0.786442,0.854301,0.771227,0.766087,0.795102,0.812500,0.827339,0.815778,0.785634,0.794931,0.785878,0.796443,0.845320,0.823811,0.833565,0.828315,0.790071,0.812774,0.844332,0.818647,0.817419,0.811278,0.795643,0.767573,0.762606,0.827105,0.798280,0.804339,0.783314,0.777905,0.811620,0.749020,0.799934,0.819900,0.793179,0.854805,0.769908,0.751720,0.834175,0.781273,0.839188,0.807029,0.820613,0.786894,0.772997,0.815563,0.833037,0.807218,0.799108,0.790033,0.796169,0.776862,0.770733,0.797237,0.810155,0.804128,0.815522,0.785874,0.832648,0.809267,0.806827,0.840218,0.796787,0.786716,0.812706,0.807918,0.805085,0.795346,0.830846,0.817496,0.784379,0.823359,0.789971,0.794086,0.787345,0.778178,0.791078,0.807001,0.787136,0.752453,0.787422,0.792750,0.813586,0.796311,#
5,0.846716,0.853220,0.841345,0.817212,0.835882,1.000000,0.797491,0.833230,0.831041,0.800589,0.799272,0.822758,0.798621,0.786886,0.817872,0.810489,0.815924,0.830666,0.809740,0.857567,0.819677,0.798676,0.798467,0.823263,0.816007,0.816213,0.851877,0.840231,0.799731,0.822934,0.851121,0.852769,0.827897,0.840394,0.814418,0.837796,0.808362,0.801384,0.834033,0.841202,0.837830,0.786346,0.784938,0.814165,0.822516,0.831154,0.852613,0.839265,0.837427,0.826294,0.822860,0.795007,0.827636,0.843238,0.820883,0.873720,0.829410,0.836397,0.857480,0.826468,0.803371,0.819952,0.820647,0.836272,0.830739,0.815390,0.826417,0.828961,0.822685,0.827130,0.856044,0.830648,0.864558,0.817444,0.824626,0.808079,0.824709,0.852651,0.819521,0.824404,0.853797,0.830355,0.849128,0.826158,0.827489,0.830348,0.823378,0.829807,0.834646,0.807104,0.794159,0.791808,0.832889,0.839172,0.789096,0.760589,0.820865,0.811050,0.845503,0.806661,0.854324,0.826303,0.849836,0.824617,0.820633,0.828156,0.825895,0.832125,0.802926,0.818496,0.806492,0.835998,0.826710,0.782482,0.765839,0.800278,0.841886,0.836468,0.783793,0.784899,0.802507,0.833789,0.826660,0.867532,0.800351,0.806635,0.836752,0.808239,0.834339,0.823145,0.823261,0.864602,0.843288,0.851815,0.838922,0.807226,0.812229,0.824436,0.798508,0.792877,0.806174,0.787119,0.822606,0.827201,0.851786,0.769421,0.791815,0.779863,0.828028,0.824559,0.846070,0.837946,0.814603,0.797790,0.823710,0.780290,0.854029,0.833120,0.826288,0.824191,0.825226,0.844234,0.815560,0.817506,0.832418,0.795867,0.785916,0.826214,0.799288,0.794112,0.851050,0.812393,0.812531,0.812585,0.829289,0.815194,0.814504,0.851219,0.826414,0.822917,0.837150,0.830287,0.785383,0.810772,0.811201,0.831376,0.798929,0.804133,0.825558,0.837411,0.801668,0.834142,0.795067,0.836936,0.794000,0.802988,0.785074,0.838728,0.823722,0.820080,#
6,0.837944,0.798175,0.819979,0.814276,0.820284,0.797491,1.000000,0.792216,0.823539,0.797565,0.804875,0.816846,0.801978,0.828101,0.774249,0.817229,0.832251,0.846085,0.816803,0.808484,0.842899,0.792979,0.772966,0.802859,0.818065,0.806422,0.820045,0.818764,0.808462,0.826325,0.831285,0.838323,0.822297,0.821166,0.811351,0.828543,0.800545,0.813892,0.814083,0.836790,0.821071,0.806855,0.834091,0.816186,0.831084,0.777492,0.833213,0.802793,0.850525,0.842608,0.814536,0.823417,0.846938,0.773727,0.828982,0.821470,0.830671,0.848482,0.846923,0.785851,0.829328,0.809213,0.785952,0.797171,0.861897,0.811088,0.865422,0.816207,0.817040,0.800785,0.828047,0.844452,0.833333,0.825794,0.800837,0.819600,0.832960,0.837067,0.836844,0.815052,0.832752,0.827514,0.830067,0.853659,0.815595,0.819536,0.823656,0.803347,0.813974,0.808259,0.784084,0.800221,0.781636,0.811435,0.789884,0.802250,0.816936,0.817926,0.818832,0.822005,0.833053,0.815636,0.822845,0.799244,0.824475,0.772082,0.823031,0.811731,0.818806,0.768955,0.784385,0.785158,0.793112,0.813000,0.797635,0.793783,0.799303,0.836590,0.792235,0.797151,0.808110,0.812225,0.793536,0.840542,0.825702,0.802907,0.782742,0.822455,0.800221,0.811943,0.819999,0.833744,0.811049,0.786811,0.824564,0.832097,0.831555,0.806133,0.842094,0.821566,0.817478,0.812697,0.766623,0.802783,0.798462,0.817343,0.811423,0.799121,0.802616,0.793267,0.805210,0.845511,0.777320,0.774095,0.796337,0.780165,0.816983,0.779158,0.827542,0.820722,0.825524,0.815449,0.790983,0.820882,0.810479,0.825135,0.846316,0.768891,0.803132,0.797051,0.833757,0.819151,0.778300,0.788727,0.820926,0.821165,0.811162,0.850092,0.801889,0.802594,0.826523,0.814544,0.818808,0.828382,0.781111,0.795833,0.799241,0.800596,0.776266,0.809675,0.790065,0.817603,0.784927,0.811535,0.819571,0.809147,0.810567,0.826243,0.820850,0.819115,#
7,0.843916,0.831719,0.839948,0.821449,0.803819,0.833230,0.792216,1.000000,0.841340,0.799943,0.799428,0.798848,0.824242,0.820031,0.828322,0.783749,0.823399,0.835518,0.830201,0.821314,0.825798,0.799279,0.844166,0.813368,0.821306,0.831344,0.831770,0.832016,0.818903,0.830139,0.798298,0.834442,0.804496,0.812374,0.814843,0.819461,0.805535,0.813232,0.839172,0.824685,0.842046,0.803729,0.804426,0.823780,0.817041,0.815848,0.844253,0.836493,0.834525,0.811656,0.820495,0.801636,0.832047,0.839862,0.842359,0.826439,0.826070,0.830575,0.831784,0.839022,0.782062,0.822724,0.822914,0.804715,0.837078,0.841080,0.855256,0.820613,0.828284,0.800291,0.838228,0.784086,0.864937,0.828592,0.838064,0.815810,0.826982,0.819574,0.808752,0.814360,0.859583,0.824234,0.852266,0.828658,0.835133,0.824931,0.848506,0.819277,0.817924,0.817015,0.804307,0.826193,0.832875,0.810083,0.833573,0.811132,0.817136,0.843193,0.847544,0.829630,0.839187,0.798368,0.797496,0.796130,0.825147,0.801307,0.814344,0.837730,0.827507,0.776307,0.858587,0.809684,0.850171,0.805962,0.802817,0.818461,0.809325,0.811881,0.796187,0.809453,0.828281,0.818456,0.807561,0.851277,0.825346,0.805443,0.799211,0.832176,0.802109,0.818988,0.810818,0.839525,0.831054,0.791507,0.839432,0.854213,0.844333,0.834362,0.800694,0.808632,0.809182,0.824693,0.833576,0.814896,0.822113,0.806026,0.832987,0.745796,0.824514,0.805465,0.798241,0.845322,0.826691,0.764060,0.813502,0.821453,0.837186,0.832754,0.826012,0.809078,0.844721,0.803763,0.866216,0.804662,0.822055,0.808086,0.834713,0.802016,0.772992,0.785775,0.857269,0.814856,0.808473,0.828031,0.824938,0.805425,0.811039,0.816319,0.815851,0.797979,0.814839,0.820594,0.804189,0.821292,0.788014,0.825584,0.820325,0.792044,0.828233,0.836004,0.823974,0.809762,0.789120,0.808811,0.818591,0.796436,0.817345,0.858745,0.829208,0.813178,#
8,0.833881,0.850536,0.831308,0.830624,0.794652,0.831041,0.823539,0.841340,1.000000,0.829953,0.812583,0.831092,0.824266,0.830871,0.813588,0.825388,0.817610,0.840522,0.791979,0.837139,0.830321,0.826134,0.810601,0.813538,0.819181,0.820823,0.840191,0.824366,0.832988,0.815316,0.825643,0.839150,0.815339,0.811768,0.805683,0.853507,0.816074,0.823572,0.816188,0.842305,0.828378,0.789918,0.865373,0.816256,0.806691,0.787171,0.820813,0.812606,0.835430,0.824953,0.833853,0.817097,0.820237,0.834694,0.822874,0.844259,0.820725,0.844083,0.813727,0.794112,0.822711,0.817580,0.838761,0.822875,0.851589,0.858285,0.841008,0.850701,0.859344,0.818817,0.828108,0.845377,0.869148,0.830062,0.821675,0.805106,0.821297,0.847381,0.835134,0.830387,0.843467,0.821464,0.835041,0.843425,0.848829,0.833167,0.817701,0.833848,0.790891,0.804786,0.815586,0.807658,0.809638,0.811536,0.804166,0.805233,0.818053,0.846960,0.868284,0.838934,0.837971,0.780044,0.831210,0.847742,0.796679,0.824966,0.830923,0.836026,0.805410,0.816581,0.816120,0.826291,0.838532,0.807629,0.786203,0.829769,0.819991,0.817361,0.799296,0.824652,0.807128,0.808334,0.813558,0.854382,0.811601,0.830011,0.799456,0.806551,0.838358,0.827913,0.797060,0.843677,0.834860,0.817751,0.849766,0.835323,0.834656,0.813886,0.811893,0.823079,0.805725,0.822555,0.825049,0.799811,0.824532,0.786227,0.814312,0.795410,0.828791,0.814568,0.798552,0.860760,0.783835,0.831936,0.831910,0.777783,0.837759,0.843512,0.850488,0.823057,0.836725,0.799049,0.834298,0.816751,0.800512,0.806727,0.826764,0.827124,0.821571,0.785592,0.838115,0.841785,0.790246,0.822281,0.854241,0.818483,0.818703,0.861201,0.817367,0.793484,0.821624,0.820587,0.804942,0.824920,0.808284,0.814188,0.843431,0.808566,0.821800,0.836204,0.836409,0.831144,0.830266,0.820067,0.801319,0.792545,0.786301,0.832850,0.814167,0.854400,#
9,0.812117,0.826547,0.807063,0.813084,0.804293,0.800589,0.797565,0.799943,0.829953,1.000000,0.783294,0.783524,0.806757,0.807912,0.828310,0.795782,0.814636,0.812714,0.807104,0.800013,0.836983,0.797184,0.797325,0.824996,0.795524,0.771799,0.818351,0.851288,0.796941,0.808701,0.787933,0.836813,0.807320,0.818185,0.798185,0.816280,0.789239,0.787708,0.817792,0.833405,0.817667,0.789979,0.793156,0.794507,0.823416,0.768504,0.818405,0.793454,0.797776,0.807843,0.797499,0.773143,0.781795,0.800109,0.800632,0.818434,0.811902,0.853368,0.795322,0.804774,0.808542,0.803406,0.802787,0.782130,0.798124,0.847698,0.832063,0.830719,0.838001,0.802532,0.824379,0.809591,0.837214,0.798101,0.804655,0.789959,0.810129,0.849037,0.815342,0.843532,0.820428,0.818467,0.811350,0.852631,0.835072,0.805115,0.809210,0.844267,0.792989,0.776204,0.789812,0.792162,0.825659,0.797171,0.803790,0.779052,0.783795,0.805046,0.832376,0.817509,0.825486,0.820349,0.821082,0.801772,0.814003,0.820436,0.790964,0.813282,0.841508,0.820141,0.811282,0.826392,0.836735,0.807877,0.772331,0.831904,0.760540,0.794225,0.765085,0.778001,0.788491,0.816442,0.811508,0.833541,0.813636,0.779808,0.801604,0.784740,0.836282,0.799442,0.792544,0.834192,0.802337,0.823937,0.834945,0.798531,0.814954,0.795493,0.797540,0.794642,0.809140,0.849554,0.813110,0.830597,0.797444,0.810929,0.808420,0.795372,0.820373,0.788930,0.769270,0.808562,0.794673,0.785033,0.811101,0.790794,0.801222,0.816092,0.813643,0.814445,0.815256,0.824915,0.820870,0.811343,0.809283,0.818301,0.784439,0.801306,0.807993,0.786001,0.826412,0.813083,0.788580,0.779314,0.824346,0.833460,0.803869,0.851233,0.800003,0.809560,0.825761,0.802959,0.801543,0.788688,0.784879,0.823034,0.773691,0.782842,0.834503,0.792930,0.799698,0.807041,0.774781,0.782091,0.772937,0.769638,0.800154,0.807769,0.788192,0.792418,#
10,0.830685,0.825575,0.801623,0.801198,0.783624,0.799272,0.804875,0.799428,0.812583,0.783294,1.000000,0.809093,0.782918,0.790355,0.766791,0.792716,0.816466,0.790788,0.804773,0.795603,0.807486,0.784289,0.795593,0.829616,0.774975,0.788206,0.810794,0.839799,0.798673,0.814417,0.803892,0.798586,0.792295,0.814306,0.813974,0.806471,0.794478,0.819952,0.806189,0.806718,0.820885,0.761994,0.788063,0.780727,0.801391,0.796709,0.855919,0.810500,0.822152,0.855472,0.776942,0.809121,0.814793,0.771647,0.815398,0.838535,0.818015,0.846769,0.776602,0.795267,0.806040,0.812018,0.831531,0.820382,0.824232,0.784272,0.830302,0.790425,0.821040,0.799408,0.833996,0.827850,0.853355,0.762669,0.800075,0.831660,0.792867,0.829634,0.818113,0.790597,0.847621,0.804155,0.818252,0.810622,0.808287,0.809973,0.826585,0.800237,0.790384,0.831651,0.766164,0.810633,0.828950,0.785444,0.768983,0.800856,0.777381,0.818458,0.824298,0.825928,0.807399,0.779529,0.797243,0.819933,0.827713,0.785506,0.802073,0.797446,0.799168,0.791173,0.795183,0.773641,0.816571,0.794778,0.769842,0.820507,0.770517,0.798673,0.794147,0.772096,0.793534,0.821803,0.767724,0.827241,0.756032,0.791950,0.811298,0.807466,0.811704,0.794827,0.782459,0.820170,0.791223,0.789399,0.831269,0.854170,0.805548,0.784774,0.815519,0.814278,0.825982,0.801403,0.773481,0.806919,0.757106,0.781543,0.811474,0.779001,0.816108,0.801577,0.785142,0.802539,0.801965,0.789133,0.814979,0.778370,0.829332,0.826141,0.807304,0.783042,0.835314,0.795961,0.793601,0.807264,0.789278,0.791608,0.823650,0.788178,0.804701,0.806252,0.799459,0.815136,0.761886,0.794691,0.824696,0.798126,0.786726,0.831052,0.775319,0.820454,0.787272,0.785091,0.803059,0.785928,0.741892,0.807396,0.803547,0.796691,0.759526,0.812821,0.802937,0.774941,0.779847,0.809519,0.810071,0.779013,0.778886,0.820015,0.808068,0.820054,#
11,0.849348,0.829922,0.799953,0.819891,0.815244,0.822758,0.816846,0.798848,0.831092,0.783524,0.809093,1.000000,0.829549,0.799575,0.810355,0.803958,0.823228,0.849236,0.847232,0.824424,0.805778,0.788409,0.821700,0.803035,0.816414,0.799663,0.808252,0.813886,0.829359,0.796024,0.832936,0.835901,0.832742,0.816698,0.784049,0.810702,0.828215,0.832673,0.805239,0.837278,0.836886,0.778189,0.821274,0.797826,0.800248,0.782059,0.862689,0.828030,0.817409,0.842312,0.798046,0.787588,0.856146,0.806559,0.830957,0.833885,0.797638,0.859910,0.824540,0.815159,0.782643,0.796677,0.840767,0.799841,0.834873,0.820947,0.830239,0.823156,0.840074,0.809004,0.839734,0.807208,0.831423,0.817687,0.845988,0.795397,0.838257,0.854554,0.824658,0.789747,0.825306,0.808920,0.838447,0.823011,0.846569,0.809051,0.795170,0.787631,0.796049,0.778214,0.792863,0.815382,0.805727,0.793963,0.776038,0.834350,0.798774,0.828572,0.811800,0.814712,0.804450,0.804375,0.824120,0.815602,0.831144,0.811497,0.818386,0.840776,0.838130,0.802325,0.841973,0.828703,0.831050,0.789786,0.764191,0.820737,0.804094,0.820043,0.783733,0.818165,0.780211,0.815911,0.804755,0.841018,0.808323,0.802618,0.821339,0.816856,0.826665,0.835355,0.830364,0.827018,0.837043,0.814620,0.830816,0.827089,0.849123,0.804800,0.816520,0.812882,0.796631,0.789639,0.811328,0.823661,0.820874,0.774379,0.832643,0.787873,0.817586,0.807649,0.798462,0.814884,0.802988,0.834573,0.839980,0.781956,0.833362,0.803615,0.812454,0.791201,0.830035,0.821720,0.827517,0.808017,0.835787,0.791545,0.840960,0.783515,0.813255,0.827839,0.839835,0.824232,0.818882,0.846645,0.819577,0.816102,0.814143,0.832020,0.798838,0.818534,0.814325,0.789648,0.826372,0.800670,0.812488,0.784177,0.813918,0.835678,0.791705,0.790283,0.840120,0.820405,0.805063,0.803450,0.799128,0.790559,0.797103,0.818293,0.812872,0.805270,#
12,0.825481,0.833086,0.798543,0.819723,0.798370,0.798621,0.801978,0.824242,0.824266,0.806757,0.782918,0.829549,1.000000,0.810874,0.827439,0.778734,0.809597,0.822015,0.835356,0.811185,0.825433,0.778462,0.822753,0.814485,0.800239,0.808272,0.793113,0.813435,0.826623,0.787003,0.811846,0.812730,0.813490,0.826042,0.819585,0.819809,0.808563,0.810179,0.820879,0.825690,0.771057,0.750721,0.786930,0.813459,0.811610,0.807432,0.849017,0.799577,0.821986,0.825596,0.841392,0.775309,0.805987,0.799475,0.831401,0.820801,0.807748,0.820182,0.820822,0.789307,0.774591,0.801826,0.808432,0.776005,0.835727,0.820303,0.813566,0.800173,0.837463,0.807612,0.822711,0.815160,0.839555,0.801070,0.833716,0.806312,0.821625,0.821981,0.815290,0.814036,0.831445,0.809064,0.842880,0.822555,0.799463,0.819200,0.791853,0.812367,0.798091,0.786297,0.807102,0.790508,0.816149,0.782690,0.770512,0.820225,0.823341,0.799179,0.796884,0.784019,0.794669,0.820419,0.802417,0.810031,0.787050,0.799867,0.795047,0.806249,0.831872,0.801052,0.817124,0.795146,0.823942,0.779483,0.822935,0.812114,0.764627,0.793838,0.792818,0.782256,0.784205,0.822359,0.795120,0.839762,0.813578,0.819658,0.802054,0.778919,0.797643,0.813500,0.754542,0.801856,0.786800,0.799095,0.795205,0.811180,0.793216,0.827180,0.793903,0.763455,0.810086,0.812644,0.798150,0.815435,0.785336,0.795998,0.813911,0.755934,0.806670,0.819959,0.801841,0.810376,0.806549,0.757054,0.812610,0.811138,0.836536,0.833296,0.835447,0.786586,0.809688,0.829523,0.820440,0.796063,0.837154,0.774118,0.795601,0.816393,0.776425,0.790067,0.830942,0.789452,0.801734,0.815449,0.806381,0.792519,0.830288,0.850105,0.764568,0.762119,0.800259,0.827785,0.803157,0.794188,0.739285,0.794586,0.784556,0.814519,0.819409,0.808953,0.791528,0.797351,0.761746,0.801142,0.777544,0.794367,0.783107,0.829182,0.823545,0.781902,#
13,0.808649,0.827625,0.822308,0.802615,0.797048,0.786886,0.828101,0.820031,0.830871,0.807912,0.790355,0.799575,0.810874,1.000000,0.780630,0.789741,0.798665,0.844581,0.835494,0.812979,0.824546,0.791651,0.842572,0.812020,0.796631,0.810065,0.802912,0.826925,0.823666,0.839425,0.783582,0.816260,0.829219,0.830843,0.756558,0.808523,0.798010,0.832986,0.825846,0.835812,0.857884,0.790612,0.827571,0.785841,0.832917,0.813342,0.811752,0.821964,0.850098,0.837262,0.806223,0.828517,0.818526,0.808970,0.846999,0.848235,0.820814,0.836157,0.813419,0.811930,0.815156,0.815914,0.792598,0.805257,0.853358,0.825079,0.837008,0.815908,0.840237,0.806171,0.806284,0.822095,0.829488,0.832989,0.825694,0.798614,0.819732,0.823266,0.844770,0.818490,0.823082,0.815129,0.850383,0.838131,0.819596,0.829940,0.778692,0.793718,0.834420,0.799824,0.792538,0.814210,0.815237,0.802048,0.795551,0.781695,0.809954,0.799411,0.814759,0.844107,0.830465,0.804844,0.824884,0.832342,0.813241,0.834133,0.807052,0.837138,0.802138,0.786902,0.819441,0.812817,0.815267,0.802917,0.801582,0.823516,0.786116,0.831556,0.811779,0.779666,0.806103,0.809754,0.789445,0.804109,0.799709,0.789817,0.814703,0.796348,0.812575,0.804834,0.801006,0.803423,0.801871,0.805299,0.838242,0.822267,0.812301,0.809328,0.850047,0.795178,0.809412,0.828338,0.821421,0.780873,0.774023,0.790353,0.829177,0.781805,0.821518,0.804940,0.806746,0.844020,0.790692,0.806203,0.807544,0.796041,0.826965,0.792900,0.837709,0.794992,0.840856,0.806841,0.827483,0.817079,0.811434,0.807215,0.825006,0.809493,0.813066,0.787341,0.825905,0.828344,0.824594,0.827549,0.858841,0.828402,0.815516,0.858621,0.811338,0.797036,0.806235,0.811259,0.827591,0.794643,0.789515,0.814870,0.786455,0.806017,0.781033,0.809685,0.827911,0.809989,0.804980,0.824840,0.815096,0.786719,0.796920,0.842784,0.819347,0.797718,#
14,0.837887,0.838401,0.821497,0.796491,0.785389,0.817872,0.774249,0.828322,0.813588,0.828310,0.766791,0.810355,0.827439,0.780630,1.000000,0.791657,0.812256,0.796595,0.782324,0.801700,0.805986,0.780017,0.802578,0.830136,0.791162,0.751021,0.818251,0.805766,0.806298,0.807986,0.837049,0.803411,0.795944,0.780945,0.814770,0.807947,0.764628,0.806469,0.835020,0.805018,0.805882,0.764281,0.807203,0.801657,0.796487,0.789288,0.819618,0.776701,0.793129,0.797185,0.782455,0.794457,0.784366,0.822789,0.811376,0.804990,0.793000,0.799114,0.818759,0.771965,0.791238,0.817039,0.802225,0.798832,0.800766,0.804081,0.797252,0.805526,0.826081,0.802264,0.812369,0.795654,0.847116,0.801181,0.826402,0.793913,0.814049,0.827865,0.796148,0.789977,0.826897,0.810938,0.843644,0.827126,0.824276,0.815788,0.787298,0.806665,0.809650,0.753045,0.773943,0.758420,0.811520,0.834007,0.795904,0.795978,0.811218,0.795163,0.818647,0.788907,0.805068,0.794994,0.816654,0.762234,0.808080,0.803847,0.782958,0.787319,0.823731,0.788389,0.818407,0.815406,0.837554,0.783052,0.754441,0.805325,0.781765,0.778546,0.782457,0.781086,0.793917,0.806726,0.795752,0.830263,0.816280,0.741529,0.792370,0.817365,0.772731,0.810015,0.765468,0.828957,0.782714,0.792407,0.816842,0.803148,0.826870,0.809527,0.798553,0.786194,0.784406,0.812336,0.765057,0.811764,0.786692,0.798539,0.821025,0.748967,0.805563,0.762153,0.813326,0.807348,0.782359,0.772907,0.817582,0.783799,0.804938,0.812164,0.776306,0.784160,0.806811,0.778869,0.815038,0.776399,0.810465,0.789796,0.786517,0.786715,0.759977,0.801998,0.809412,0.779326,0.801273,0.819643,0.827987,0.814285,0.796683,0.821492,0.782906,0.771344,0.806779,0.819166,0.800149,0.776212,0.782288,0.794354,0.799484,0.770969,0.791040,0.783453,0.782191,0.795204,0.802475,0.810264,0.774919,0.763385,0.783810,0.812121,0.768651,0.755726,#
15,0.814120,0.809192,0.790876,0.805015,0.798736,0.810489,0.817229,0.783749,0.825388,0.795782,0.792716,0.803958,0.778734,0.789741,0.791657,1.000000,0.796140,0.829567,0.797846,0.801031,0.791022,0.801184,0.785973,0.809953,0.796452,0.781934,0.781813,0.796338,0.798896,0.802755,0.823393,0.828347,0.787526,0.832008,0.768934,0.824700,0.805149,0.829097,0.812550,0.794492,0.781237,0.756768,0.811300,0.788966,0.813180,0.784166,0.822506,0.801384,0.814234,0.815479,0.785983,0.808300,0.790414,0.787746,0.805960,0.797024,0.819199,0.802296,0.796948,0.787105,0.824723,0.812189,0.794459,0.800909,0.815318,0.809660,0.807942,0.814265,0.786696,0.771137,0.816179,0.790500,0.803494,0.795031,0.803000,0.794260,0.804737,0.816400,0.821759,0.791501,0.813396,0.809020,0.812680,0.836510,0.832082,0.803458,0.756561,0.802651,0.779719,0.744226,0.758208,0.784774,0.806991,0.804646,0.741021,0.788286,0.781089,0.805644,0.804290,0.808400,0.815729,0.776123,0.817147,0.796896,0.794517,0.788774,0.791468,0.814918,0.775578,0.807789,0.771246,0.764433,0.813508,0.789749,0.777364,0.782854,0.767539,0.798504,0.773914,0.811596,0.769853,0.796644,0.788350,0.823353,0.761652,0.774143,0.799200,0.776060,0.819030,0.833928,0.796752,0.789722,0.769948,0.757945,0.813986,0.816402,0.816830,0.768532,0.779794,0.796281,0.772968,0.772407,0.773747,0.788490,0.788821,0.773747,0.778133,0.769173,0.804068,0.773008,0.814122,0.818851,0.806182,0.799535,0.794955,0.778114,0.816173,0.776843,0.808482,0.802210,0.791136,0.811596,0.826538,0.786430,0.804448,0.780455,0.808812,0.781941,0.799000,0.774299,0.770447,0.814586,0.749005,0.819789,0.799434,0.825945,0.785390,0.819616,0.800469,0.791944,0.805548,0.809841,0.773420,0.803650,0.798890,0.767944,0.749493,0.760367,0.754056,0.798518,0.770395,0.813768,0.775909,0.782776,0.770190,0.774796,0.788617,0.809017,0.821199,0.813399,#
16,0.843675,0.828662,0.810393,0.812099,0.803833,0.815924,0.832251,0.823399,0.817610,0.814636,0.816466,0.823228,0.809597,0.798665,0.812256,0.796140,1.000000,0.842176,0.837431,0.831719,0.869602,0.793054,0.787976,0.817916,0.811420,0.824729,0.834907,0.800563,0.788606,0.807008,0.831587,0.839137,0.820934,0.804679,0.807687,0.822923,0.836163,0.836124,0.839444,0.840812,0.821131,0.796463,0.809706,0.793990,0.812537,0.811148,0.823729,0.803878,0.832970,0.838534,0.785934,0.810011,0.827196,0.830209,0.828477,0.837913,0.780812,0.830639,0.825177,0.791412,0.825224,0.828887,0.807890,0.786973,0.826541,0.819458,0.848061,0.820910,0.840252,0.823920,0.830630,0.821918,0.853414,0.810876,0.827112,0.803336,0.814852,0.836149,0.811070,0.840460,0.861951,0.824058,0.845972,0.830415,0.832246,0.818507,0.834278,0.779842,0.796684,0.816131,0.777231,0.810854,0.827189,0.800989,0.805576,0.831339,0.799704,0.814451,0.847907,0.822343,0.836276,0.810431,0.810224,0.817804,0.813647,0.839297,0.822582,0.811023,0.846401,0.795861,0.828269,0.818548,0.836173,0.802671,0.819064,0.839755,0.849522,0.830751,0.793453,0.752875,0.785712,0.811588,0.810220,0.840375,0.826029,0.796148,0.783518,0.793993,0.835181,0.802310,0.830005,0.820881,0.816435,0.799686,0.842047,0.853913,0.830115,0.793842,0.797979,0.785723,0.811347,0.807299,0.817362,0.818289,0.788310,0.778210,0.833506,0.792557,0.813839,0.807596,0.793114,0.833717,0.777895,0.786679,0.849594,0.795798,0.836572,0.808011,0.814191,0.814372,0.819677,0.802567,0.851120,0.803581,0.825069,0.827794,0.816107,0.819254,0.814553,0.795560,0.805741,0.831946,0.810307,0.825395,0.824907,0.811000,0.789464,0.874926,0.811503,0.802863,0.814027,0.798156,0.807938,0.812960,0.771557,0.803601,0.815776,0.809573,0.813770,0.817328,0.822883,0.803495,0.810072,0.816694,0.811897,0.801605,0.814405,0.839015,0.820345,0.815786,#
17,0.857185,0.823299,0.832972,0.814848,0.822470,0.830666,0.846085,0.835518,0.840522,0.812714,0.790788,0.849236,0.822015,0.844581,0.796595,0.829567,0.842176,1.000000,0.823146,0.850621,0.834467,0.806284,0.828866,0.807064,0.855662,0.835689,0.831112,0.835037,0.818226,0.830563,0.831475,0.851634,0.797006,0.810888,0.798026,0.833271,0.807628,0.839727,0.854307,0.867420,0.839425,0.822704,0.831363,0.817732,0.821580,0.809655,0.832222,0.851182,0.859079,0.858890,0.827790,0.791783,0.826343,0.820220,0.849270,0.840706,0.841815,0.832539,0.831042,0.813265,0.813232,0.818950,0.830033,0.800053,0.831124,0.851505,0.874913,0.845249,0.824952,0.810106,0.838407,0.810061,0.829726,0.833528,0.840523,0.802943,0.828157,0.850263,0.843402,0.842875,0.853758,0.829164,0.856701,0.853775,0.833986,0.823981,0.834689,0.821353,0.818513,0.797088,0.798451,0.796461,0.833471,0.831787,0.801524,0.835957,0.812546,0.803464,0.821597,0.840434,0.846682,0.788669,0.823689,0.807786,0.808871,0.820918,0.812927,0.827576,0.812765,0.826220,0.840465,0.802915,0.830342,0.825579,0.830982,0.810345,0.783311,0.830666,0.809083,0.817619,0.808087,0.835790,0.826932,0.826086,0.803950,0.812581,0.812575,0.816175,0.834341,0.827696,0.844670,0.854063,0.840106,0.807089,0.833879,0.851909,0.850071,0.825822,0.830703,0.839279,0.826347,0.828687,0.857637,0.825044,0.828861,0.786498,0.817447,0.785068,0.846686,0.791842,0.819526,0.838718,0.813073,0.808114,0.825523,0.832423,0.868732,0.816645,0.828354,0.821272,0.839547,0.823665,0.870098,0.805091,0.834291,0.807681,0.795700,0.786835,0.815535,0.804304,0.838848,0.814298,0.825625,0.823931,0.860449,0.798636,0.828233,0.855915,0.821080,0.844769,0.828777,0.855022,0.823247,0.853074,0.823385,0.798818,0.815303,0.845844,0.792994,0.806256,0.841755,0.823068,0.808964,0.822745,0.823816,0.832888,0.804568,0.849019,0.833503,0.800722,#
18,0.831163,0.828006,0.806450,0.827459,0.798575,0.809740,0.816803,0.830201,0.791979,0.807104,0.804773,0.847232,0.835356,0.835494,0.782324,0.797846,0.837431,0.823146,1.000000,0.835028,0.809844,0.820141,0.813975,0.795174,0.801774,0.828803,0.820905,0.825493,0.806112,0.834645,0.791757,0.830325,0.818212,0.838479,0.807662,0.832114,0.801600,0.837534,0.819272,0.834587,0.836899,0.768486,0.814405,0.793159,0.831966,0.794062,0.854478,0.844939,0.825845,0.809344,0.775099,0.795297,0.835021,0.790658,0.825117,0.831188,0.809821,0.828295,0.819959,0.833787,0.815153,0.810030,0.797574,0.783746,0.850799,0.797822,0.821316,0.811168,0.783828,0.811953,0.832300,0.791229,0.848633,0.804130,0.847970,0.793586,0.828549,0.821693,0.826417,0.816193,0.819062,0.804071,0.850538,0.836555,0.845222,0.830090,0.794816,0.814998,0.806829,0.779963,0.805753,0.792081,0.832252,0.816282,0.810734,0.793121,0.802543,0.825400,0.817248,0.826683,0.832612,0.794807,0.814659,0.808398,0.815935,0.839948,0.800389,0.827843,0.829522,0.799180,0.837458,0.789437,0.840423,0.808377,0.782130,0.803480,0.799075,0.811031,0.811525,0.784596,0.806098,0.822034,0.795414,0.820761,0.825694,0.773727,0.822214,0.790379,0.841414,0.789415,0.816894,0.831663,0.808307,0.789882,0.833163,0.842555,0.847803,0.809867,0.810099,0.798986,0.787014,0.825922,0.800388,0.833310,0.791531,0.804965,0.820915,0.763338,0.836386,0.802136,0.813785,0.828133,0.832183,0.790327,0.830603,0.819139,0.813124,0.827181,0.818188,0.801620,0.841570,0.809213,0.848120,0.809788,0.831166,0.811189,0.864101,0.798198,0.786430,0.793786,0.828504,0.833037,0.831114,0.826084,0.810951,0.819024,0.794117,0.860173,0.791256,0.826136,0.810222,0.819437,0.798454,0.801214,0.777422,0.811599,0.804963,0.788205,0.774889,0.813820,0.830081,0.821576,0.767543,0.837750,0.816248,0.792724,0.772983,0.859373,0.823916,0.817107,#
19,0.831549,0.837999,0.832560,0.814149,0.838836,0.857567,0.808484,0.821314,0.837139,0.800013,0.795603,0.824424,0.811185,0.812979,0.801700,0.801031,0.831719,0.850621,0.835028,1.000000,0.826878,0.799078,0.801247,0.812312,0.812740,0.786311,0.832776,0.811704,0.811661,0.830634,0.831819,0.854413,0.816846,0.806943,0.793953,0.835383,0.798289,0.820033,0.829231,0.843877,0.842985,0.789693,0.805937,0.800234,0.808272,0.812536,0.855347,0.822284,0.836964,0.798991,0.777037,0.793150,0.816502,0.818714,0.827680,0.804821,0.833496,0.823932,0.814819,0.780785,0.821182,0.799620,0.831377,0.804654,0.835509,0.839384,0.826588,0.824455,0.823658,0.799301,0.830465,0.815731,0.852077,0.811646,0.825906,0.799702,0.800478,0.825852,0.815481,0.809999,0.836033,0.791922,0.855052,0.819236,0.820492,0.796485,0.813397,0.826233,0.826922,0.782084,0.784741,0.801532,0.820274,0.811723,0.796028,0.789532,0.809690,0.814417,0.822577,0.841808,0.840847,0.805371,0.810905,0.816156,0.812992,0.807898,0.825646,0.801706,0.810917,0.766125,0.813056,0.800232,0.832628,0.818126,0.798882,0.810813,0.829586,0.821573,0.794548,0.756060,0.814646,0.823392,0.797501,0.851199,0.821102,0.800399,0.809428,0.815499,0.861351,0.843497,0.816106,0.855469,0.823659,0.827633,0.841323,0.845278,0.826324,0.805953,0.817236,0.794426,0.795942,0.808581,0.806705,0.813129,0.802337,0.775763,0.790142,0.746125,0.842533,0.814866,0.802873,0.843447,0.789011,0.783734,0.836351,0.803304,0.842398,0.828011,0.837810,0.828245,0.821951,0.832924,0.823580,0.812442,0.825663,0.807663,0.786706,0.822626,0.791435,0.785006,0.802702,0.835097,0.824363,0.815008,0.845655,0.803084,0.814589,0.873059,0.805184,0.791467,0.789251,0.844664,0.817819,0.845846,0.808797,0.796893,0.791463,0.798502,0.808517,0.821178,0.824918,0.817641,0.795251,0.847779,0.805677,0.814076,0.789567,0.802273,0.811651,0.793754,#
20,0.829524,0.839665,0.819844,0.823414,0.829614,0.819677,0.842899,0.825798,0.830321,0.836983,0.807486,0.805778,0.825433,0.824546,0.805986,0.791022,0.869602,0.834467,0.809844,0.826878,1.000000,0.808595,0.794954,0.831022,0.822553,0.828189,0.831405,0.829479,0.809031,0.827787,0.824837,0.834223,0.825986,0.846812,0.816185,0.844320,0.813002,0.808948,0.831164,0.851471,0.839663,0.828593,0.803482,0.812802,0.843863,0.794890,0.846575,0.813355,0.832567,0.834627,0.805220,0.825122,0.820897,0.835176,0.834229,0.821423,0.799360,0.829887,0.829029,0.797436,0.825331,0.810339,0.838144,0.801105,0.842455,0.833108,0.856102,0.803803,0.840985,0.811372,0.835713,0.821545,0.836643,0.822468,0.817510,0.783172,0.815678,0.839932,0.844182,0.839273,0.838812,0.853426,0.846255,0.837650,0.806594,0.818607,0.837206,0.819361,0.822308,0.844189,0.822664,0.809428,0.826034,0.830110,0.811063,0.816026,0.800086,0.799813,0.833154,0.832187,0.841499,0.809520,0.829243,0.835045,0.816426,0.807467,0.854241,0.826756,0.820185,0.844548,0.816186,0.837279,0.818561,0.770514,0.826729,0.811026,0.810594,0.838681,0.769179,0.766335,0.835943,0.833211,0.805416,0.862610,0.808106,0.823808,0.799635,0.789718,0.825058,0.831659,0.827343,0.828551,0.847979,0.834252,0.832458,0.829978,0.814040,0.826096,0.831731,0.834978,0.809422,0.810220,0.809978,0.820167,0.814171,0.782040,0.822257,0.790456,0.824000,0.830714,0.826993,0.843074,0.812050,0.796106,0.829083,0.797622,0.829636,0.832497,0.841602,0.814644,0.824443,0.831564,0.826467,0.820089,0.841980,0.792515,0.803581,0.814294,0.803703,0.783823,0.837739,0.812590,0.827503,0.820563,0.822439,0.819751,0.801562,0.865730,0.817671,0.809369,0.820828,0.811988,0.826019,0.809834,0.777412,0.827730,0.807698,0.824020,0.797822,0.813161,0.796616,0.812856,0.820994,0.839690,0.820085,0.786708,0.809356,0.832779,0.827834,0.817067,#
21,0.805917,0.864776,0.808986,0.832352,0.820052,0.798676,0.792979,0.799279,0.826134,0.797184,0.784289,0.788409,0.778462,0.791651,0.780017,0.801184,0.793054,0.806284,0.820141,0.799078,0.808595,1.000000,0.808117,0.809068,0.768533,0.774563,0.821084,0.774408,0.809401,0.781026,0.785251,0.792434,0.812355,0.826401,0.801649,0.832463,0.802628,0.810417,0.814930,0.806621,0.806958,0.800585,0.798137,0.802805,0.813110,0.791389,0.819143,0.818977,0.815216,0.798432,0.771873,0.805289,0.805041,0.776047,0.830877,0.808746,0.795376,0.804892,0.840754,0.771440,0.798003,0.805448,0.766484,0.773272,0.831270,0.806856,0.826370,0.800949,0.800322,0.808679,0.805274,0.820892,0.824117,0.814005,0.832294,0.799592,0.793877,0.810884,0.805947,0.815224,0.794839,0.786341,0.833676,0.828946,0.841670,0.802724,0.785295,0.824425,0.817262,0.795980,0.757766,0.755442,0.817465,0.799057,0.799174,0.792130,0.800196,0.773388,0.796689,0.819995,0.803130,0.806893,0.776618,0.798272,0.772400,0.827921,0.779081,0.809349,0.797226,0.816722,0.825082,0.779401,0.808620,0.805547,0.753896,0.771899,0.799785,0.831618,0.784687,0.773911,0.801193,0.805305,0.776794,0.805004,0.790168,0.753017,0.803838,0.803713,0.801254,0.824628,0.814182,0.832494,0.788065,0.790126,0.830857,0.790460,0.783124,0.759363,0.791691,0.810087,0.795843,0.811776,0.764836,0.792007,0.777980,0.786891,0.784441,0.742194,0.788710,0.795415,0.794754,0.833270,0.778443,0.781158,0.802057,0.794916,0.821718,0.798593,0.791054,0.792813,0.808828,0.822388,0.811418,0.803882,0.819343,0.782389,0.818735,0.788082,0.740857,0.794366,0.825861,0.787691,0.798235,0.785252,0.801753,0.799006,0.752234,0.820844,0.801295,0.782121,0.782993,0.825390,0.800234,0.794586,0.769643,0.820928,0.788965,0.753339,0.761661,0.803914,0.801274,0.789112,0.782790,0.785769,0.789818,0.760871,0.793882,0.813731,0.760240,0.825512,#
