0,1.000000,0.632659,0.648883,0.667873,0.627717,0.675051,0.667190,0.649840,0.656669,0.620503,0.689273,0.652061,0.640312,0.652774,0.633091,0.717741,0.727458,0.722672,0.705594,0.672011,0.687085,0.605240,0.692441,0.727653,0.610318,0.663979,0.647763,0.633086,0.626011,0.679798,0.616927,0.703757,0.659230,0.680780,0.689669,0.652376,0.627008,0.687792,0.688111,0.667649,0.693618,0.647132,0.700367,0.604323,0.710206,0.651214,0.638893,0.696118,0.671069,0.699815,0.665487,0.680676,0.665311,0.668954,0.690866,0.702893,0.690665,0.708529,0.673137,0.660470,0.688314,0.664559,0.719987,0.690283,0.688219,0.612652,0.670278,0.644342,0.651049,0.646954,0.645126,0.645252,0.698307,0.718174,0.633234,0.614512,0.716744,0.649574,0.696275,0.658837,0.656965,0.650023,0.669924,0.670712,0.690860,0.683695,0.736890,0.698272,0.667160,0.694343,0.649149,0.650662,0.682769,0.660460,0.653724,0.686997,0.666754,0.598434,0.661164,0.698113,0.669665,0.644237,0.670245,0.691969,0.641261,0.711971,0.660263,0.685534,0.684033,0.571727,0.641022,0.676026,0.649061,0.686245,0.687706,0.711335,0.656002,0.642889,0.648766,0.666319,0.593472,0.688375,0.709520,0.726077,0.732064,0.667102,0.668807,0.621584,0.616597,0.676833,0.666275,0.655934,0.624191,0.632991,0.671583,0.693286,0.662351,0.686742,0.618362,0.708445,0.682706,0.622885,0.584715,0.677574,0.626943,0.566839,0.651326,0.617003,0.694263,0.629854,0.627347,0.689144,0.670145,0.581397,0.672233,0.683520,0.720096,0.687023,0.693030,0.622788,0.684051,0.690702,0.682899,0.637359,0.650084,0.679773,0.646807,0.647311,0.699634,0.662589,0.637684,0.664450,0.697128,0.684525,0.649342,0.696265,0.700298,0.712563,0.636596,0.593921,0.679032,0.669722,0.633891,0.654519,0.647658,0.633287,0.621616,0.695939,0.669656,0.623523,0.593757,0.697349,0.626192,0.673577,0.665648,0.668373,0.626278,0.707677,0.681982,0.647592,#
1,0.632659,1.000000,0.639919,0.648327,0.607739,0.651310,0.616159,0.668168,0.719374,0.626847,0.661033,0.639587,0.611179,0.613481,0.598994,0.630404,0.645085,0.625114,0.625223,0.628773,0.648437,0.706392,0.631386,0.589134,0.638342,0.582379,0.636426,0.689644,0.555691,0.628324,0.651803,0.642043,0.591000,0.654530,0.557270,0.665552,0.612754,0.670630,0.670534,0.607991,0.635183,0.571576,0.661029,0.589808,0.651638,0.633160,0.677643,0.616771,0.669742,0.584929,0.622520,0.651391,0.691007,0.637892,0.649318,0.634186,0.625161,0.607463,0.606454,0.560046,0.639452,0.618926,0.616549,0.624128,0.635418,0.658382,0.639800,0.647218,0.645781,0.676235,0.623287,0.661137,0.720336,0.615495,0.640598,0.613251,0.602186,0.581830,0.693399,0.600286,0.648949,0.638805,0.617721,0.624487,0.691349,0.617908,0.675496,0.694104,0.652583,0.615200,0.607900,0.618860,0.631405,0.660565,0.658057,0.627571,0.612216,0.604024,0.625104,0.623676,0.669363,0.586651,0.616947,0.630879,0.576325,0.683545,0.627209,0.663066,0.654892,0.600541,0.624703,0.609091,0.589467,0.667670,0.606841,0.664690,0.651369,0.615978,0.595380,0.589820,0.586052,0.628975,0.599818,0.655301,0.652186,0.591618,0.627208,0.610065,0.648417,0.677660,0.564410,0.704604,0.586260,0.625946,0.686531,0.630497,0.675239,0.660258,0.636205,0.681580,0.701914,0.632300,0.645976,0.685991,0.654800,0.572524,0.591029,0.598518,0.660641,0.568326,0.684643,0.676755,0.600442,0.500706,0.686117,0.634979,0.636921,0.647943,0.554564,0.548384,0.605257,0.670871,0.673875,0.680265,0.640366,0.556217,0.631400,0.545028,0.601512,0.632413,0.651719,0.652330,0.650448,0.611818,0.617461,0.663231,0.646268,0.701066,0.580922,0.593373,0.633444,0.600025,0.595532,0.654765,0.642764,0.680993,0.620407,0.519729,0.677056,0.669402,0.637641,0.657672,0.586198,0.629918,0.646608,0.558105,0.558947,0.689420,0.572939,0.660816,#
2,0.648883,0.639919,1.000000,0.644739,0.633069,0.660105,0.660853,0.649274,0.680625,0.619759,0.683183,0.642439,0.597127,0.671725,0.581848,0.659623,0.601905,0.654556,0.636534,0.643155,0.657202,0.644750,0.569858,0.666681,0.617800,0.643780,0.691990,0.681935,0.630999,0.653572,0.645479,0.645026,0.639706,0.611957,0.603419,0.634793,0.639864,0.653093,0.683143,0.566454,0.630555,0.624572,0.686721,0.584646,0.647825,0.641315,0.674729,0.599218,0.614002,0.644973,0.653210,0.701215,0.670382,0.629266,0.670674,0.651061,0.658775,0.612438,0.663755,0.633509,0.732829,0.633477,0.621645,0.691459,0.676706,0.648404,0.608937,0.631706,0.635659,0.647499,0.619089,0.657404,0.645446,0.656556,0.679779,0.631427,0.616891,0.593830,0.658300,0.648649,0.675741,0.631162,0.666110,0.576739,0.697260,0.658551,0.641005,0.715195,0.612418,0.603388,0.627328,0.656733,0.693985,0.702143,0.656893,0.683482,0.637395,0.595368,0.707149,0.631286,0.631050,0.627698,0.628692,0.650754,0.541023,0.697102,0.667247,0.662317,0.649686,0.578703,0.672104,0.621188,0.675769,0.648371,0.618530,0.645408,0.637342,0.643934,0.579767,0.637222,0.591746,0.598255,0.601251,0.703139,0.671999,0.574787,0.662514,0.649163,0.644965,0.668296,0.618996,0.687289,0.659919,0.698411,0.688824,0.637404,0.669699,0.671052,0.690186,0.657993,0.630901,0.657084,0.564258,0.579806,0.653421,0.611619,0.542829,0.609738,0.625825,0.602012,0.678905,0.660145,0.680697,0.626421,0.632530,0.632492,0.664221,0.556756,0.639997,0.584254,0.563557,0.625288,0.659799,0.656820,0.586955,0.649100,0.655217,0.535820,0.630355,0.640163,0.621689,0.685886,0.682909,0.593005,0.655660,0.632236,0.631141,0.690816,0.558760,0.555890,0.627690,0.679267,0.516908,0.709026,0.606044,0.671107,0.606597,0.582949,0.661894,0.623462,0.609419,0.660981,0.725046,0.654092,0.638948,0.616938,0.552955,0.660430,0.637778,0.661830,#
3,0.667873,0.648327,0.644739,1.000000,0.670169,0.671045,0.651665,0.665333,0.746486,0.679486,0.696874,0.652366,0.614244,0.668918,0.648312,0.673900,0.674082,0.698913,0.722558,0.681432,0.684490,0.673111,0.673554,0.682076,0.670066,0.667576,0.700096,0.682291,0.660986,0.697226,0.678068,0.702403,0.717556,0.686709,0.605876,0.685655,0.633869,0.735073,0.676058,0.684823,0.666678,0.679010,0.713329,0.688419,0.653589,0.715931,0.656349,0.651547,0.653269,0.620542,0.682124,0.665930,0.720440,0.605129,0.624413,0.711329,0.640568,0.648218,0.683865,0.680263,0.673921,0.630195,0.634871,0.693535,0.766533,0.644803,0.605149,0.619025,0.580752,0.688148,0.622397,0.675830,0.715817,0.657251,0.645701,0.636167,0.638872,0.632611,0.658936,0.625131,0.714350,0.644469,0.708526,0.612295,0.717288,0.691035,0.697258,0.665936,0.665694,0.669427,0.698512,0.679752,0.680098,0.699076,0.681437,0.678631,0.636925,0.572664,0.698293,0.616047,0.652563,0.637610,0.662472,0.629924,0.702355,0.653540,0.676755,0.679136,0.634764,0.616088,0.663813,0.596453,0.630291,0.705541,0.645023,0.698234,0.621179,0.665361,0.624660,0.621104,0.624215,0.679501,0.643958,0.683562,0.661568,0.671050,0.672677,0.697832,0.622295,0.660820,0.678291,0.715380,0.639485,0.688430,0.688848,0.714474,0.681577,0.671616,0.648401,0.676714,0.628936,0.720034,0.669810,0.593603,0.652966,0.670115,0.653695,0.726119,0.658813,0.665274,0.676511,0.666209,0.624800,0.633247,0.705236,0.611506,0.669448,0.639940,0.718611,0.605303,0.653067,0.657802,0.670071,0.678987,0.620542,0.628612,0.689367,0.588970,0.671743,0.633221,0.673779,0.666284,0.681812,0.642296,0.650485,0.675711,0.698750,0.703125,0.604955,0.640367,0.609859,0.720356,0.629632,0.641658,0.609960,0.681704,0.644917,0.596231,0.683587,0.729631,0.675244,0.671473,0.665825,0.635736,0.671870,0.654633,0.647754,0.664148,0.625403,0.627496,#
4,0.627717,0.607739,0.633069,0.670169,1.000000,0.704929,0.630561,0.647479,0.666589,0.646020,0.587326,0.652011,0.613945,0.659108,0.602690,0.651208,0.674119,0.705477,0.664546,0.720182,0.733365,0.620359,0.611148,0.671219,0.616636,0.657226,0.646895,0.613786,0.634529,0.629994,0.673531,0.658614,0.669178,0.611389,0.593537,0.644952,0.688881,0.667115,0.636975,0.644754,0.662998,0.627087,0.626962,0.618001,0.654428,0.706638,0.665486,0.656232,0.667621,0.610857,0.632158,0.633687,0.683054,0.624104,0.697614,0.696121,0.617171,0.645965,0.685216,0.628262,0.631952,0.649282,0.628431,0.628183,0.669384,0.626718,0.607451,0.625566,0.593276,0.648392,0.640402,0.691969,0.663330,0.669953,0.618572,0.545836,0.604659,0.637983,0.667122,0.677415,0.653195,0.642260,0.648161,0.575644,0.705671,0.631516,0.641958,0.634418,0.632064,0.640016,0.673384,0.591939,0.654161,0.657907,0.656964,0.668149,0.625702,0.569213,0.581775,0.617370,0.650084,0.627540,0.675616,0.637751,0.603892,0.693317,0.629681,0.654069,0.684223,0.630617,0.623557,0.649353,0.636289,0.721185,0.630148,0.619256,0.670041,0.664197,0.575049,0.591661,0.570220,0.638559,0.666995,0.639456,0.666940,0.615486,0.641983,0.652262,0.698537,0.660201,0.675786,0.644153,0.629737,0.684747,0.720584,0.661757,0.651021,0.641566,0.653050,0.620416,0.624652,0.630620,0.671644,0.602627,0.636414,0.615875,0.637793,0.661913,0.623001,0.633056,0.658406,0.723346,0.619324,0.629330,0.735601,0.637999,0.719037,0.596916,0.607056,0.597467,0.628578,0.608436,0.685900,0.562457,0.569481,0.598610,0.590163,0.554476,0.641580,0.628914,0.603221,0.670054,0.731244,0.648588,0.672933,0.699869,0.695737,0.710930,0.599071,0.625402,0.634265,0.601703,0.634574,0.618673,0.678690,0.693232,0.550157,0.665921,0.663896,0.675645,0.554119,0.632571,0.602782,0.653829,0.633827,0.616207,0.618694,0.643512,0.676023,0.637954,#
5,0.675051,0.651310,0.660105,0.671045,0.704929,1.000000,0.604801,0.690357,0.695114,0.619854,0.685120,0.653165,0.606926,0.614681,0.623651,0.696795,0.675483,0.699858,0.605726,0.719870,0.667335,0.634713,0.650442,0.652714,0.658415,0.661008,0.716133,0.681832,0.641597,0.648619,0.708778,0.701395,0.698696,0.662452,0.599495,0.691833,0.649143,0.662385,0.657077,0.627859,0.723368,0.619351,0.640996,0.646006,0.690367,0.717533,0.694987,0.640962,0.714154,0.578365,0.673856,0.678580,0.661228,0.645075,0.641084,0.739611,0.658049,0.638299,0.759111,0.663360,0.654535,0.677935,0.686016,0.716996,0.721126,0.646588,0.616388,0.644177,0.652872,0.609011,0.648172,0.660033,0.725724,0.667487,0.618812,0.644679,0.686087,0.635409,0.662117,0.657080,0.720782,0.634026,0.696388,0.620313,0.657591,0.651069,0.701374,0.699381,0.683854,0.597951,0.593850,0.664987,0.725716,0.747472,0.656120,0.666444,0.647426,0.629675,0.704988,0.652291,0.639514,0.649775,0.670041,0.683020,0.613675,0.726958,0.675704,0.676241,0.646653,0.635605,0.639155,0.705304,0.623836,0.661607,0.613356,0.653094,0.678999,0.674031,0.552542,0.653945,0.571511,0.667671,0.650201,0.701674,0.633191,0.614290,0.677711,0.623118,0.650839,0.686465,0.713287,0.708252,0.700990,0.722431,0.705173,0.694516,0.695755,0.669672,0.638410,0.648781,0.649141,0.635711,0.668082,0.667159,0.698241,0.597312,0.604337,0.664068,0.685640,0.626587,0.689485,0.689025,0.661407,0.614729,0.677950,0.646586,0.707457,0.640358,0.651839,0.606161,0.666611,0.647565,0.699730,0.651065,0.642113,0.623550,0.582621,0.658981,0.671343,0.664700,0.722303,0.692674,0.702273,0.637235,0.660159,0.657777,0.666090,0.707569,0.638005,0.641483,0.702566,0.645522,0.660372,0.656688,0.657101,0.708113,0.655929,0.625402,0.648422,0.653321,0.596075,0.690258,0.642303,0.632242,0.625579,0.604071,0.587602,0.665293,0.658410,0.659617,#
6,0.667190,0.616159,0.660853,0.651665,0.630561,0.604801,1.000000,0.607707,0.658265,0.584292,0.636868,0.624941,0.619531,0.695397,0.544186,0.627689,0.670166,0.683633,0.651134,0.590367,0.714909,0.635836,0.545410,0.635370,0.632077,0.637949,0.631051,0.647311,0.594092,0.673331,0.636995,0.649560,0.626005,0.626484,0.599359,0.636563,0.587610,0.634802,0.609756,0.638001,0.640748,0.636730,0.658537,0.618724,0.706917,0.618754,0.640184,0.575261,0.691592,0.641036,0.643347,0.664929,0.676016,0.569095,0.638638,0.670607,0.630254,0.666724,0.684691,0.611978,0.685479,0.600820,0.629883,0.630586,0.718407,0.650404,0.656805,0.605195,0.630207,0.628448,0.608610,0.657508,0.643961,0.699969,0.624869,0.588564,0.634582,0.630187,0.673624,0.603651,0.642420,0.622578,0.644936,0.613284,0.620511,0.659880,0.652756,0.632361,0.632572,0.633082,0.599077,0.602086,0.598247,0.638123,0.635345,0.631027,0.670567,0.600452,0.635826,0.659626,0.644293,0.649126,0.674030,0.642744,0.572062,0.634507,0.689372,0.594899,0.656574,0.570226,0.585038,0.629634,0.579243,0.608253,0.628096,0.616818,0.678835,0.641501,0.581390,0.587246,0.618663,0.631345,0.609172,0.696881,0.685891,0.643788,0.614048,0.641944,0.534697,0.618801,0.627329,0.648285,0.619480,0.616200,0.656632,0.665466,0.659945,0.622053,0.691071,0.678458,0.648249,0.677172,0.576971,0.584485,0.585928,0.614047,0.615712,0.609341,0.633051,0.571093,0.686888,0.652427,0.611782,0.523802,0.655285,0.615801,0.633904,0.629231,0.652139,0.599542,0.602858,0.649573,0.640486,0.662248,0.641035,0.637334,0.645590,0.523525,0.628579,0.622126,0.647482,0.653974,0.623075,0.568304,0.646037,0.670711,0.633147,0.659703,0.615933,0.568207,0.645063,0.594673,0.650582,0.657707,0.600645,0.658964,0.558296,0.650649,0.600993,0.628976,0.570299,0.651132,0.610141,0.653722,0.634116,0.599542,0.628742,0.674524,0.650125,0.628356,#
7,0.649840,0.668168,0.649274,0.665333,0.647479,0.690357,0.607707,1.000000,0.752587,0.613260,0.690310,0.685287,0.639501,0.667480,0.671457,0.635393,0.692444,0.695141,0.667866,0.648337,0.671361,0.636573,0.709743,0.688567,0.686431,0.690888,0.660036,0.697467,0.635598,0.672332,0.602490,0.675829,0.656731,0.664123,0.582010,0.651065,0.659978,0.637660,0.687608,0.633188,0.683163,0.599285,0.660397,0.670146,0.685136,0.685191,0.679597,0.655372,0.635496,0.609293,0.721721,0.669945,0.680808,0.688376,0.648477,0.666793,0.644195,0.714728,0.663432,0.646719,0.617895,0.659271,0.684388,0.656638,0.709564,0.684903,0.673037,0.646585,0.675340,0.709550,0.647109,0.576713,0.746789,0.662046,0.638758,0.629268,0.634389,0.616708,0.668792,0.674585,0.696939,0.661803,0.683290,0.616753,0.683893,0.662079,0.726342,0.670528,0.639729,0.641399,0.640048,0.685415,0.674279,0.699657,0.690175,0.615725,0.656499,0.656477,0.656858,0.665452,0.655241,0.608945,0.654235,0.659189,0.613313,0.682899,0.657636,0.659905,0.623040,0.581845,0.703596,0.638883,0.661900,0.688665,0.692236,0.683819,0.652312,0.602537,0.566552,0.696507,0.627406,0.667851,0.625772,0.726478,0.729863,0.638752,0.675048,0.679305,0.606237,0.619746,0.643102,0.649010,0.694379,0.636940,0.739264,0.727888,0.633412,0.695768,0.637873,0.706479,0.660432,0.643525,0.664143,0.599569,0.662916,0.626066,0.641144,0.618224,0.666684,0.640692,0.673422,0.675634,0.669412,0.621575,0.672206,0.709193,0.684124,0.680126,0.664171,0.626848,0.660139,0.618685,0.741126,0.612566,0.594222,0.646333,0.685421,0.573309,0.635514,0.640097,0.703029,0.707750,0.684672,0.667477,0.667098,0.665250,0.656403,0.683295,0.578322,0.663939,0.680163,0.649246,0.624243,0.658038,0.603043,0.722444,0.595205,0.555741,0.649997,0.710320,0.663493,0.653357,0.631185,0.610581,0.653431,0.605666,0.597242,0.682899,0.666081,0.644370,#
8,0.656669,0.719374,0.680625,0.746486,0.666589,0.695114,0.658265,0.752587,1.000000,0.692582,0.669837,0.697483,0.667973,0.667282,0.677740,0.717135,0.651044,0.707309,0.665987,0.667792,0.657683,0.709984,0.700071,0.683329,0.607398,0.677048,0.659598,0.726077,0.633676,0.711625,0.633070,0.685470,0.640382,0.662206,0.603993,0.697056,0.663952,0.678082,0.658779,0.657224,0.668192,0.682885,0.722864,0.637399,0.710566,0.661162,0.634160,0.634049,0.698291,0.643639,0.702557,0.714855,0.671933,0.703116,0.667255,0.733301,0.649884,0.724722,0.673039,0.672305,0.702240,0.658321,0.696779,0.671618,0.714009,0.722465,0.669623,0.659885,0.704747,0.723254,0.649577,0.635102,0.729901,0.723335,0.673241,0.641356,0.663890,0.655383,0.674920,0.696738,0.694964,0.659100,0.672051,0.635676,0.710410,0.703684,0.665587,0.683161,0.621586,0.656191,0.658952,0.685959,0.708059,0.668440,0.747229,0.683065,0.674569,0.622532,0.709123,0.638632,0.682868,0.643161,0.704902,0.705209,0.643694,0.685286,0.705104,0.701867,0.629750,0.650290,0.670866,0.647228,0.658625,0.693623,0.705647,0.716412,0.665512,0.614288,0.634646,0.717636,0.640454,0.646039,0.674193,0.696027,0.685544,0.689866,0.682320,0.720417,0.631882,0.700123,0.637858,0.642649,0.683003,0.708496,0.758709,0.696041,0.654182,0.679695,0.626763,0.686434,0.682347,0.695153,0.714324,0.646230,0.643203,0.622930,0.672867,0.627453,0.700836,0.638514,0.704440,0.684064,0.662576,0.690204,0.711282,0.707154,0.713663,0.704008,0.680492,0.669783,0.645711,0.666452,0.715868,0.683863,0.665800,0.629626,0.663683,0.567617,0.684577,0.702072,0.701131,0.695490,0.696725,0.639472,0.719100,0.680204,0.645986,0.737358,0.616214,0.606470,0.675505,0.681109,0.606655,0.710963,0.660053,0.708554,0.631270,0.599959,0.680088,0.690821,0.653372,0.683703,0.700131,0.650427,0.672450,0.629562,0.659809,0.660923,0.674583,0.657055,#
9,0.620503,0.626847,0.619759,0.679486,0.646020,0.619854,0.584292,0.613260,0.692582,1.000000,0.655722,0.560370,0.614806,0.642601,0.650374,0.646332,0.632744,0.643365,0.644505,0.656676,0.703754,0.621109,0.632822,0.664278,0.593307,0.599967,0.638646,0.701562,0.588390,0.697294,0.621034,0.618932,0.617595,0.667614,0.639522,0.628399,0.605459,0.641914,0.649370,0.596933,0.683279,0.645877,0.661337,0.582330,0.663580,0.661809,0.609352,0.608638,0.597188,0.577164,0.606869,0.632134,0.603569,0.592617,0.588640,0.665200,0.605859,0.656700,0.643521,0.606792,0.655087,0.626984,0.670884,0.668714,0.666499,0.682945,0.596595,0.622388,0.637241,0.587251,0.644842,0.622741,0.647935,0.627967,0.620718,0.600777,0.545834,0.631680,0.659420,0.693734,0.648182,0.640021,0.589471,0.604535,0.685463,0.593035,0.622325,0.680616,0.594287,0.521312,0.602461,0.665475,0.671294,0.630995,0.685444,0.631951,0.623213,0.631970,0.661617,0.541195,0.616722,0.614786,0.678286,0.634633,0.659051,0.682195,0.630447,0.585883,0.653921,0.616541,0.663644,0.630106,0.683223,0.690100,0.579130,0.672447,0.542894,0.603023,0.569322,0.595583,0.582408,0.654673,0.627683,0.654350,0.625744,0.605663,0.610071,0.623538,0.648552,0.624873,0.600493,0.635136,0.636696,0.693101,0.668530,0.613557,0.609139,0.650360,0.596768,0.638156,0.586897,0.690483,0.662889,0.627844,0.592985,0.610594,0.623541,0.641878,0.629377,0.615328,0.578469,0.593263,0.654573,0.627537,0.682267,0.643387,0.629861,0.650683,0.633905,0.601720,0.627483,0.614293,0.651039,0.675412,0.634175,0.587285,0.590829,0.552418,0.682595,0.601290,0.667702,0.668571,0.637548,0.613852,0.639480,0.707371,0.617291,0.691655,0.601941,0.590001,0.623386,0.596372,0.629871,0.623642,0.604074,0.705992,0.550904,0.571452,0.713815,0.616215,0.610699,0.648755,0.614906,0.606966,0.616230,0.581902,0.575551,0.640437,0.606181,0.596866,#
10,0.689273,0.661033,0.683183,0.696874,0.587326,0.685120,0.636868,0.690310,0.669837,0.655722,1.000000,0.646591,0.604705,0.644032,0.593240,0.661939,0.661791,0.656603,0.679012,0.658368,0.661116,0.593351,0.639750,0.687409,0.611586,0.634590,0.640766,0.740310,0.609336,0.714090,0.635207,0.662448,0.664483,0.660374,0.665347,0.692623,0.630350,0.681924,0.679981,0.606795,0.709153,0.627615,0.641425,0.610598,0.686457,0.702726,0.693544,0.662003,0.691641,0.702343,0.636788,0.660272,0.683644,0.625187,0.629806,0.683277,0.651125,0.659606,0.657602,0.654813,0.687482,0.683602,0.693069,0.739897,0.736227,0.629838,0.665911,0.582764,0.640013,0.664473,0.627704,0.675592,0.718914,0.645675,0.605230,0.670105,0.641352,0.671904,0.667195,0.624430,0.756512,0.652422,0.655509,0.647722,0.697318,0.628652,0.702013,0.716822,0.639575,0.671360,0.622414,0.708246,0.704164,0.702446,0.658641,0.716059,0.631201,0.599029,0.727105,0.680994,0.628673,0.612102,0.687922,0.694033,0.702206,0.642794,0.638440,0.670508,0.642492,0.602008,0.648449,0.659221,0.648122,0.675694,0.647808,0.724099,0.630006,0.613030,0.614888,0.656278,0.624089,0.692121,0.584129,0.692145,0.614489,0.626053,0.711699,0.682733,0.645447,0.629931,0.622095,0.668089,0.626103,0.653994,0.704867,0.676658,0.641165,0.681647,0.637472,0.702822,0.723939,0.630299,0.610934,0.643917,0.626680,0.558867,0.572559,0.628930,0.687387,0.611761,0.679235,0.683213,0.682232,0.583275,0.668953,0.653202,0.718358,0.659733,0.676674,0.619130,0.710325,0.625935,0.683471,0.686045,0.640281,0.614573,0.709317,0.568210,0.679887,0.694829,0.692249,0.678276,0.623004,0.621781,0.667914,0.652793,0.682096,0.735398,0.566050,0.654230,0.660109,0.628528,0.675645,0.631745,0.620764,0.687217,0.577071,0.586052,0.640299,0.708851,0.673006,0.643726,0.656836,0.636921,0.671331,0.650569,0.591499,0.701276,0.672011,0.682169,#
11,0.652061,0.639587,0.642439,0.652366,0.652011,0.653165,0.624941,0.685287,0.697483,0.560370,0.646591,1.000000,0.650329,0.646809,0.576783,0.630495,0.663268,0.702253,0.665417,0.579566,0.646247,0.655860,0.599963,0.611238,0.626173,0.651089,0.577793,0.668131,0.614142,0.647121,0.630235,0.652381,0.649615,0.635589,0.563075,0.640667,0.675970,0.646462,0.608699,0.651787,0.637882,0.629713,0.681308,0.618820,0.650783,0.664577,0.669496,0.630407,0.643510,0.629381,0.638664,0.652672,0.651728,0.653118,0.631455,0.644590,0.550919,0.677251,0.636017,0.606443,0.608074,0.597249,0.678975,0.639880,0.683981,0.668437,0.648918,0.637044,0.671515,0.693142,0.629731,0.635060,0.688638,0.650665,0.613444,0.550232,0.657829,0.624937,0.640639,0.573506,0.668859,0.617011,0.655506,0.582978,0.672158,0.613814,0.609725,0.636146,0.610920,0.587619,0.604143,0.690521,0.673353,0.667672,0.671495,0.681415,0.627236,0.589064,0.669540,0.640857,0.607403,0.628523,0.635204,0.653577,0.617030,0.681355,0.630390,0.678170,0.664495,0.641909,0.695292,0.648058,0.657423,0.666503,0.558751,0.689676,0.615846,0.639823,0.556423,0.662432,0.536387,0.651935,0.634434,0.668669,0.665646,0.611421,0.625171,0.613320,0.651137,0.620382,0.649156,0.636016,0.668433,0.672988,0.686928,0.645643,0.623784,0.672465,0.610546,0.669329,0.663434,0.593211,0.620287,0.644904,0.684068,0.548209,0.644405,0.632883,0.614570,0.622283,0.647625,0.659070,0.636547,0.604837,0.675404,0.640347,0.698872,0.596211,0.670842,0.563138,0.611830,0.653483,0.673024,0.622441,0.640138,0.536384,0.674152,0.537600,0.637403,0.694082,0.634347,0.657456,0.663592,0.622352,0.639356,0.655134,0.623768,0.670577,0.556495,0.634627,0.650239,0.595329,0.628547,0.615629,0.619828,0.628054,0.569642,0.644339,0.645215,0.686930,0.624583,0.632429,0.687421,0.658340,0.655921,0.624541,0.604304,0.643193,0.631671,0.603039,#
12,0.640312,0.611179,0.597127,0.614244,0.613945,0.606926,0.619531,0.639501,0.667973,0.614806,0.604705,0.650329,1.000000,0.660570,0.667977,0.612043,0.675790,0.695451,0.685068,0.657808,0.658980,0.603534,0.650541,0.676166,0.579869,0.632880,0.612510,0.678570,0.636384,0.625848,0.577786,0.643287,0.647013,0.642524,0.615873,0.670838,0.636287,0.643876,0.646684,0.645186,0.589580,0.568682,0.636811,0.667040,0.662052,0.654007,0.665886,0.570325,0.645489,0.600787,0.699086,0.615971,0.621666,0.637739,0.693186,0.650011,0.584189,0.648253,0.588393,0.567432,0.607687,0.658189,0.596765,0.671779,0.723852,0.650638,0.607842,0.587794,0.664033,0.636052,0.618777,0.599807,0.690303,0.636386,0.672365,0.630721,0.648266,0.565976,0.639768,0.639925,0.672686,0.610591,0.619228,0.626809,0.607936,0.643043,0.629569,0.665748,0.659879,0.580655,0.625868,0.626630,0.647802,0.599093,0.637122,0.677112,0.716546,0.618057,0.620109,0.575662,0.589148,0.639731,0.678100,0.663988,0.594976,0.622905,0.617805,0.586986,0.638093,0.612046,0.655916,0.605797,0.624291,0.630766,0.683884,0.633363,0.622463,0.563607,0.622872,0.607917,0.601357,0.649987,0.642997,0.697585,0.679012,0.595041,0.632196,0.565552,0.574098,0.617265,0.605453,0.611936,0.580663,0.638066,0.640871,0.618577,0.624067,0.662055,0.646696,0.625536,0.689864,0.674948,0.614192,0.628795,0.605020,0.593287,0.624340,0.606382,0.630349,0.676111,0.619092,0.673142,0.645262,0.542999,0.621108,0.729140,0.672785,0.629686,0.653788,0.592809,0.614368,0.676308,0.677473,0.620260,0.685235,0.526603,0.648920,0.624252,0.590132,0.613561,0.661240,0.670375,0.647344,0.632383,0.640076,0.612312,0.696447,0.718388,0.579129,0.529169,0.626635,0.640076,0.631992,0.618848,0.564472,0.649911,0.587145,0.676339,0.628280,0.598012,0.600781,0.609745,0.632522,0.641605,0.591923,0.640558,0.598447,0.665929,0.676228,0.520852,#
13,0.652774,0.613481,0.671725,0.668918,0.659108,0.614681,0.695397,0.667480,0.667282,0.642601,0.644032,0.646809,0.660570,1.000000,0.636838,0.646275,0.678761,0.717886,0.696308,0.677954,0.726848,0.647351,0.664941,0.674868,0.625137,0.675728,0.645999,0.721075,0.659886,0.699335,0.600914,0.681660,0.697949,0.693626,0.588233,0.640897,0.665567,0.709762,0.666792,0.669934,0.717045,0.657217,0.678957,0.642282,0.749474,0.709349,0.666500,0.659976,0.707481,0.637234,0.680648,0.714602,0.661213,0.667950,0.673816,0.713273,0.643371,0.701223,0.673621,0.653716,0.710518,0.685695,0.670138,0.722604,0.725847,0.671572,0.676041,0.638577,0.692694,0.655251,0.610140,0.675391,0.644964,0.703305,0.707921,0.656168,0.670679,0.646013,0.726868,0.699570,0.696051,0.679975,0.701820,0.678833,0.665186,0.671064,0.642972,0.656701,0.711701,0.643917,0.636404,0.674964,0.684262,0.719274,0.699497,0.630775,0.669665,0.609179,0.656125,0.715069,0.655585,0.673226,0.693299,0.758377,0.633807,0.729898,0.675245,0.695637,0.692591,0.633721,0.682232,0.673457,0.703672,0.705843,0.690532,0.713349,0.651990,0.703209,0.634545,0.695221,0.656359,0.670089,0.642632,0.677704,0.705315,0.607861,0.669981,0.612233,0.642971,0.650839,0.620970,0.676645,0.638593,0.665591,0.734257,0.668488,0.660497,0.687586,0.711659,0.683503,0.621038,0.711333,0.724599,0.672142,0.613914,0.652089,0.667266,0.652104,0.665570,0.645069,0.665559,0.704793,0.636241,0.665145,0.665485,0.688970,0.679556,0.659490,0.715894,0.645530,0.664218,0.706387,0.685950,0.690543,0.665721,0.639318,0.667312,0.593703,0.705296,0.638005,0.681968,0.723953,0.715658,0.656871,0.717855,0.697129,0.702084,0.771476,0.649515,0.601616,0.641811,0.688619,0.668659,0.663664,0.696517,0.722312,0.637251,0.660524,0.615675,0.667763,0.650777,0.672869,0.679706,0.709646,0.680042,0.612076,0.653950,0.675997,0.680569,0.624833,#
14,0.633091,0.598994,0.581848,0.648312,0.602690,0.623651,0.544186,0.671457,0.677740,0.650374,0.593240,0.576783,0.667977,0.636838,1.000000,0.656158,0.643785,0.626006,0.626058,0.666687,0.666642,0.577934,0.596937,0.684058,0.578605,0.557668,0.642940,0.658327,0.613468,0.642220,0.584588,0.672690,0.620695,0.610502,0.608761,0.604437,0.592742,0.634690,0.644858,0.579237,0.589922,0.577015,0.655878,0.592411,0.659793,0.670812,0.615567,0.556655,0.554770,0.585139,0.626339,0.583819,0.605460,0.674151,0.639142,0.638936,0.619615,0.610713,0.625226,0.571757,0.641380,0.672807,0.636530,0.640654,0.631469,0.552446,0.591188,0.608898,0.601784,0.655346,0.597776,0.583907,0.640447,0.590683,0.677607,0.599419,0.641349,0.597617,0.618117,0.566034,0.666788,0.652585,0.641138,0.652476,0.634523,0.629541,0.608876,0.660190,0.632185,0.521798,0.562212,0.577193,0.649956,0.678628,0.663645,0.635956,0.705653,0.584122,0.613063,0.537861,0.641088,0.638486,0.666390,0.614898,0.632871,0.631195,0.611826,0.582415,0.585960,0.576043,0.626359,0.565494,0.656880,0.641921,0.604133,0.637761,0.602201,0.563886,0.565910,0.609387,0.623319,0.655720,0.589803,0.631737,0.689541,0.511121,0.613243,0.658052,0.549764,0.654748,0.560763,0.603147,0.584551,0.626992,0.645551,0.632076,0.569851,0.644703,0.608335,0.635918,0.610161,0.638996,0.575297,0.639464,0.550278,0.648235,0.650675,0.590748,0.584880,0.547760,0.636236,0.625973,0.559491,0.577236,0.679266,0.642997,0.631490,0.598491,0.585250,0.587797,0.582853,0.580670,0.668264,0.595130,0.574153,0.525851,0.577367,0.531710,0.586925,0.653231,0.636622,0.632560,0.652484,0.612606,0.608417,0.637387,0.645100,0.689409,0.572634,0.522250,0.619673,0.671728,0.618132,0.604356,0.600517,0.618789,0.598032,0.529279,0.591521,0.632119,0.540034,0.596274,0.645939,0.618269,0.596010,0.584982,0.564927,0.597656,0.600045,0.517921,#
15,0.717741,0.630404,0.659623,0.673900,0.651208,0.696795,0.627689,0.635393,0.717135,0.646332,0.661939,0.630495,0.612043,0.646275,0.656158,1.000000,0.695422,0.698582,0.673524,0.663188,0.649173,0.643243,0.643521,0.697159,0.628188,0.655494,0.645531,0.654535,0.624911,0.706931,0.645009,0.699020,0.635978,0.680441,0.604985,0.724648,0.674124,0.656089,0.706246,0.598687,0.645412,0.637923,0.663075,0.612095,0.712440,0.660750,0.630231,0.687531,0.676700,0.682534,0.607801,0.708151,0.657380,0.640710,0.658203,0.663594,0.641657,0.641557,0.662089,0.630016,0.684741,0.636022,0.665488,0.702205,0.656599,0.696605,0.622528,0.639532,0.607977,0.589492,0.655598,0.618847,0.629695,0.618411,0.645881,0.597366,0.649926,0.627523,0.660429,0.639031,0.707998,0.645366,0.583498,0.671459,0.726275,0.688492,0.633927,0.722676,0.623852,0.611330,0.623611,0.624972,0.650629,0.659311,0.648097,0.636265,0.664098,0.574967,0.626091,0.618217,0.709584,0.619924,0.682290,0.665680,0.608767,0.682868,0.672936,0.663721,0.607756,0.655418,0.590453,0.619927,0.649712,0.665639,0.601259,0.646663,0.619066,0.628617,0.621816,0.605804,0.626251,0.641879,0.641651,0.681352,0.633991,0.626678,0.686151,0.659021,0.630233,0.713223,0.594540,0.623968,0.622029,0.638216,0.679926,0.628457,0.603003,0.617389,0.670884,0.645752,0.622406,0.633086,0.623731,0.606906,0.631895,0.587755,0.611871,0.635321,0.681123,0.605946,0.657122,0.628132,0.699857,0.638427,0.657232,0.663754,0.717960,0.635325,0.648810,0.617118,0.620554,0.656787,0.722085,0.591993,0.643824,0.644083,0.682439,0.632549,0.705286,0.599954,0.595775,0.709307,0.617783,0.656447,0.664634,0.686294,0.680891,0.706524,0.592182,0.609169,0.666390,0.640234,0.620712,0.695399,0.618398,0.678751,0.568697,0.625695,0.588866,0.664747,0.574695,0.657715,0.668293,0.630855,0.613312,0.602712,0.646869,0.690741,0.686717,0.591685,#
16,0.727458,0.645085,0.601905,0.674082,0.674119,0.675483,0.670166,0.692444,0.651044,0.632744,0.661791,0.663268,0.675790,0.678761,0.643785,0.695422,1.000000,0.702984,0.675563,0.697266,0.718613,0.678107,0.599593,0.674153,0.624230,0.692648,0.690181,0.615065,0.608311,0.718047,0.652546,0.704190,0.702432,0.687443,0.635846,0.687128,0.675434,0.664049,0.670185,0.634293,0.665174,0.658279,0.675015,0.652436,0.680654,0.724381,0.636600,0.656007,0.661106,0.670167,0.650417,0.653454,0.712272,0.714540,0.664640,0.701418,0.600538,0.675146,0.682779,0.597374,0.633144,0.699855,0.668849,0.692029,0.712239,0.635058,0.619577,0.683580,0.681889,0.725732,0.622572,0.661345,0.745750,0.664377,0.647686,0.640789,0.628960,0.664035,0.687472,0.707203,0.717843,0.668310,0.662289,0.685983,0.692906,0.669013,0.712243,0.668352,0.678390,0.666117,0.629785,0.652305,0.684354,0.687302,0.684425,0.695943,0.694181,0.580836,0.677834,0.664647,0.655512,0.617490,0.681890,0.673783,0.623937,0.729638,0.711104,0.674246,0.688992,0.633506,0.666556,0.683023,0.703105,0.703134,0.679642,0.690593,0.691424,0.676750,0.612059,0.605677,0.644819,0.715769,0.673325,0.728380,0.719133,0.634560,0.667767,0.614615,0.632435,0.662521,0.679585,0.651665,0.703358,0.594427,0.741928,0.721119,0.640242,0.670734,0.646505,0.699400,0.646994,0.687696,0.659366,0.662234,0.650359,0.603626,0.639122,0.654841,0.672742,0.696590,0.606121,0.732270,0.621758,0.601668,0.717150,0.693510,0.698020,0.630595,0.677094,0.649487,0.621440,0.669579,0.734144,0.662443,0.643640,0.659636,0.697153,0.639204,0.697300,0.626947,0.684109,0.709474,0.657149,0.616060,0.667797,0.691959,0.635510,0.719490,0.626658,0.585118,0.652692,0.640488,0.659086,0.638549,0.660623,0.722323,0.666671,0.678849,0.640143,0.667841,0.693189,0.620318,0.636689,0.658181,0.643713,0.674709,0.632912,0.662594,0.671676,0.613335,#
17,0.722672,0.625114,0.654556,0.698913,0.705477,0.699858,0.683633,0.695141,0.707309,0.643365,0.656603,0.702253,0.695451,0.717886,0.626006,0.698582,0.702984,1.000000,0.676462,0.704982,0.717076,0.656852,0.643118,0.736726,0.695472,0.683279,0.689212,0.680684,0.631405,0.694179,0.679953,0.678133,0.674033,0.638287,0.623968,0.734722,0.638657,0.708030,0.719007,0.675942,0.722491,0.689821,0.697124,0.659360,0.692467,0.686796,0.674772,0.705088,0.691270,0.670438,0.709476,0.663837,0.675796,0.635125,0.682287,0.729326,0.669353,0.662964,0.696409,0.592461,0.671356,0.684844,0.638679,0.710225,0.716832,0.750932,0.717808,0.694428,0.675513,0.685652,0.650137,0.711336,0.678717,0.664126,0.640177,0.645817,0.669646,0.647635,0.679303,0.707579,0.696898,0.670919,0.705136,0.656937,0.673031,0.660868,0.733176,0.692080,0.668203,0.658252,0.673388,0.639285,0.714058,0.688388,0.649292,0.732670,0.685995,0.626732,0.635582,0.688306,0.699263,0.592473,0.681793,0.710791,0.639646,0.676957,0.693927,0.673723,0.653175,0.624822,0.682837,0.667547,0.658863,0.731534,0.694360,0.657797,0.650852,0.652621,0.631420,0.654991,0.639488,0.702014,0.650169,0.713110,0.736967,0.691727,0.690473,0.632961,0.638712,0.680992,0.720743,0.716174,0.695660,0.654371,0.680879,0.685678,0.686089,0.709868,0.695400,0.729449,0.713970,0.683346,0.711667,0.665773,0.666077,0.663842,0.649449,0.682483,0.665858,0.604768,0.707537,0.672706,0.640006,0.635992,0.742656,0.740221,0.758542,0.682054,0.707780,0.630741,0.661319,0.671733,0.747491,0.669411,0.680692,0.645684,0.633816,0.604205,0.701039,0.641523,0.715594,0.676907,0.689584,0.659575,0.707419,0.681636,0.691992,0.721560,0.592153,0.684020,0.690840,0.710150,0.685278,0.708982,0.674748,0.689867,0.655544,0.694410,0.656667,0.653681,0.640433,0.703582,0.701945,0.691445,0.688287,0.686917,0.635509,0.716509,0.662728,0.651702,#
18,0.705594,0.625223,0.636534,0.722558,0.664546,0.605726,0.651134,0.667866,0.665987,0.644505,0.679012,0.665417,0.685068,0.696308,0.626058,0.673524,0.675563,0.676462,1.000000,0.688369,0.701873,0.669250,0.664982,0.679354,0.634573,0.671035,0.636583,0.693074,0.636406,0.658163,0.579014,0.644945,0.687823,0.690520,0.662551,0.732181,0.643331,0.688278,0.665134,0.698874,0.716759,0.591128,0.653595,0.602135,0.736071,0.658976,0.667181,0.668005,0.636722,0.644121,0.638861,0.675683,0.691664,0.621757,0.679251,0.712724,0.614120,0.695136,0.640593,0.669793,0.668038,0.623542,0.674532,0.675979,0.744872,0.646800,0.661220,0.641493,0.612846,0.678650,0.639350,0.637828,0.657099,0.614264,0.685596,0.630231,0.678078,0.649729,0.700220,0.646154,0.656618,0.634400,0.668561,0.664914,0.663685,0.652669,0.686394,0.658611,0.655452,0.645851,0.674991,0.628619,0.686348,0.679252,0.723218,0.691836,0.699572,0.632702,0.682233,0.666996,0.667416,0.617094,0.693604,0.677092,0.690231,0.699472,0.642413,0.627113,0.666684,0.619615,0.696906,0.655839,0.713036,0.697356,0.622202,0.651404,0.636047,0.586677,0.622850,0.655254,0.613280,0.694637,0.665466,0.666160,0.673913,0.592769,0.670359,0.657574,0.690017,0.610429,0.633261,0.693379,0.625398,0.677607,0.699511,0.665354,0.701201,0.697650,0.636556,0.688895,0.627401,0.678717,0.642312,0.679777,0.640458,0.669229,0.622331,0.618052,0.648123,0.623435,0.641290,0.711764,0.652530,0.615852,0.680234,0.700917,0.697488,0.693098,0.670592,0.646695,0.671759,0.669635,0.718504,0.665977,0.643558,0.676059,0.713804,0.608785,0.654882,0.680885,0.615746,0.707012,0.688917,0.664735,0.624117,0.708319,0.675583,0.723113,0.617207,0.633066,0.644932,0.646540,0.646574,0.650396,0.645213,0.669087,0.669854,0.627046,0.645192,0.657072,0.630905,0.675478,0.656067,0.702585,0.673928,0.625960,0.626384,0.683343,0.713948,0.606298,#
19,0.672011,0.628773,0.643155,0.681432,0.720182,0.719870,0.590367,0.648337,0.667792,0.656676,0.658368,0.579566,0.657808,0.677954,0.666687,0.663188,0.697266,0.704982,0.688369,1.000000,0.678026,0.611069,0.620498,0.643636,0.604727,0.638811,0.690026,0.652820,0.646291,0.685718,0.670627,0.701726,0.643600,0.634187,0.584641,0.690913,0.636830,0.644033,0.671428,0.627645,0.686339,0.615045,0.642271,0.593242,0.650804,0.693286,0.713558,0.657036,0.658786,0.616124,0.619565,0.626775,0.656714,0.633157,0.639944,0.669923,0.669451,0.627002,0.663819,0.593736,0.675710,0.690600,0.689408,0.705144,0.718324,0.627467,0.610630,0.635428,0.595854,0.652017,0.654346,0.625331,0.681600,0.676983,0.671359,0.620909,0.627136,0.620996,0.688532,0.652688,0.687004,0.626520,0.704713,0.618245,0.643074,0.645279,0.656696,0.729840,0.668543,0.553656,0.646639,0.629025,0.698939,0.659491,0.645450,0.673023,0.682314,0.596533,0.597495,0.630925,0.648624,0.643636,0.693204,0.666091,0.638115,0.696792,0.659657,0.665880,0.630549,0.555795,0.605128,0.612421,0.685939,0.696250,0.659051,0.613334,0.692568,0.654795,0.603813,0.561267,0.616580,0.694700,0.637169,0.719374,0.726327,0.596942,0.700446,0.623503,0.669330,0.713629,0.635203,0.666550,0.636680,0.664081,0.712550,0.658787,0.637965,0.677703,0.633271,0.661265,0.623182,0.643845,0.647796,0.645399,0.623068,0.628807,0.595689,0.610483,0.656932,0.622824,0.651000,0.723226,0.622034,0.609966,0.709877,0.656718,0.698597,0.652580,0.662009,0.649413,0.664867,0.626742,0.680098,0.609374,0.666422,0.598335,0.605920,0.627379,0.678962,0.620569,0.669883,0.718091,0.712345,0.635939,0.650465,0.647367,0.682502,0.745265,0.634780,0.557625,0.573372,0.664707,0.658202,0.717423,0.676812,0.672698,0.603487,0.635314,0.663597,0.654894,0.655581,0.681957,0.626561,0.659582,0.620883,0.687495,0.551664,0.641517,0.673821,0.614921,#
20,0.687085,0.648437,0.657202,0.684490,0.733365,0.667335,0.714909,0.671361,0.657683,0.703754,0.661116,0.646247,0.658980,0.726848,0.666642,0.649173,0.718613,0.717076,0.701873,0.678026,1.000000,0.689292,0.609940,0.688507,0.661308,0.723041,0.707080,0.677883,0.648576,0.694414,0.634375,0.655161,0.685694,0.698909,0.651172,0.735646,0.697777,0.695553,0.708745,0.697273,0.696139,0.728563,0.658452,0.644193,0.750723,0.697534,0.720854,0.643279,0.655000,0.655186,0.645668,0.699384,0.668466,0.698765,0.703366,0.729219,0.678988,0.712645,0.687645,0.633776,0.697241,0.678494,0.723062,0.682860,0.721633,0.665121,0.674505,0.663167,0.700322,0.703825,0.698211,0.689753,0.668203,0.691491,0.685315,0.602426,0.642164,0.688010,0.703504,0.686755,0.677605,0.732477,0.704529,0.657397,0.669637,0.675373,0.713180,0.673031,0.699837,0.665513,0.695337,0.676940,0.689049,0.739729,0.755414,0.662911,0.643609,0.634674,0.689881,0.647661,0.708479,0.664795,0.755190,0.696308,0.686198,0.671916,0.705443,0.707383,0.674952,0.701208,0.703968,0.726992,0.686859,0.654660,0.685348,0.678342,0.702941,0.723387,0.610414,0.680212,0.667616,0.710890,0.655190,0.750073,0.711360,0.686344,0.688750,0.653500,0.697912,0.677490,0.702012,0.670113,0.670821,0.730542,0.730663,0.629430,0.672607,0.689148,0.694492,0.739848,0.678605,0.682066,0.665181,0.698130,0.665300,0.648704,0.659491,0.651159,0.660940,0.692077,0.730163,0.708392,0.672166,0.653870,0.732107,0.703844,0.706133,0.659803,0.667857,0.697984,0.663546,0.712065,0.711967,0.691825,0.708022,0.565938,0.626603,0.612308,0.702123,0.678555,0.708133,0.680731,0.742183,0.656724,0.662534,0.706284,0.650947,0.734644,0.681694,0.654103,0.655719,0.668662,0.653783,0.668942,0.662487,0.702530,0.643689,0.700877,0.647190,0.687725,0.577970,0.665406,0.648180,0.730254,0.664997,0.616753,0.667616,0.690437,0.715464,0.664960,#
21,0.605240,0.706392,0.644750,0.673111,0.620359,0.634713,0.635836,0.636573,0.709984,0.621109,0.593351,0.655860,0.603534,0.647351,0.577934,0.643243,0.678107,0.656852,0.669250,0.611069,0.689292,1.000000,0.596906,0.632376,0.596088,0.606681,0.663714,0.646962,0.608626,0.644749,0.619799,0.637983,0.653814,0.625917,0.606806,0.714086,0.666569,0.702207,0.684363,0.586811,0.642605,0.657239,0.621782,0.634128,0.664319,0.644375,0.625142,0.668528,0.613575,0.569021,0.606094,0.655998,0.608070,0.587170,0.631153,0.672466,0.625605,0.636733,0.644260,0.549329,0.666604,0.601792,0.648383,0.617237,0.722818,0.642823,0.616582,0.639671,0.653778,0.671090,0.626028,0.670507,0.698998,0.662962,0.636224,0.601875,0.588377,0.603494,0.644518,0.642706,0.641686,0.647555,0.650219,0.558768,0.690981,0.616362,0.666900,0.658815,0.648907,0.662551,0.581551,0.559560,0.628088,0.652256,0.669616,0.627859,0.662642,0.584158,0.613335,0.618967,0.703782,0.654291,0.660931,0.624667,0.585789,0.687259,0.621590,0.594739,0.643666,0.650866,0.676031,0.663692,0.619412,0.674793,0.595365,0.646032,0.674432,0.650270,0.551434,0.630940,0.584967,0.669875,0.632473,0.672456,0.652713,0.557727,0.644570,0.640087,0.634781,0.629896,0.645507,0.686118,0.666185,0.635354,0.685391,0.603782,0.614127,0.607999,0.628631,0.691161,0.662386,0.671864,0.643350,0.654143,0.625091,0.641012,0.638220,0.629045,0.612808,0.624957,0.659860,0.659942,0.612781,0.608371,0.685791,0.665246,0.634131,0.602756,0.607311,0.617868,0.631702,0.685915,0.706586,0.680019,0.673627,0.568302,0.634852,0.588240,0.611307,0.678804,0.631352,0.637976,0.654422,0.581378,0.623622,0.687500,0.598976,0.700246,0.570397,0.597884,0.609985,0.650706,0.564077,0.672456,0.603014,0.687565,0.617837,0.586534,0.594937,0.661690,0.654989,0.598821,0.660133,0.674133,0.676436,0.616921,0.636757,0.671030,0.654216,0.600378,#
