0,1.000000,0.015742,0.158495,0.105436,0.147089,0.102484,0.130907,0.032027,0.110454,0.091575,0.172987,0.042618,0.097440,0.094187,0.219905,0.210744,0.227218,0.242183,0.227753,0.272262,0.126705,0.099393,0.227985,0.309373,0.113742,0.038670,0.141455,-0.012899,0.146369,0.247170,0.007588,0.226305,0.104897,0.167359,0.210604,0.120690,0.078886,0.024005,0.234393,0.185784,0.168139,0.080199,0.251001,0.021663,0.142376,0.076761,0.071230,0.208403,0.223186,0.278273,0.124704,0.093844,0.158580,0.220041,0.231775,0.205463,0.189826,0.155596,0.064387,0.037033,0.157236,0.186784,0.261789,0.021629,0.105785,0.059598,0.100735,0.133416,0.101301,0.116497,0.139681,0.078091,0.158387,0.203854,0.093010,-0.003770,0.271505,0.181351,0.150304,0.066261,0.086103,0.073416,0.117800,0.204486,0.257107,0.138505,0.238480,0.256108,0.230901,0.154278,0.082642,0.044068,0.183415,0.120532,0.207260,0.233665,0.259417,0.065104,0.137660,0.218218,0.204042,0.179467,0.094792,0.234574,0.152272,0.200413,0.231493,0.133963,0.211161,-0.074423,-0.016830,0.185169,0.025129,0.222798,0.175566,0.125811,0.136685,0.099323,0.142922,0.142270,0.185535,0.202407,0.241630,0.187814,0.186533,0.194498,0.158190,-0.013765,0.131723,0.241912,0.187977,0.095931,0.139069,0.090465,0.143926,0.177279,0.179099,0.095873,0.024708,0.186602,0.203732,0.094011,0.087349,0.121128,0.060133,0.034884,0.173108,0.112726,0.176867,0.065891,0.032585,0.160108,0.193352,0.069077,0.139208,0.194200,0.189513,0.179633,0.196639,0.178842,0.215457,0.229204,0.096230,0.060077,0.115391,0.196424,0.105481,0.208674,0.214768,0.120574,0.101194,0.063021,0.184630,0.182541,0.043535,0.202102,0.293606,0.188411,0.141730,0.024564,0.103772,0.216672,0.126350,0.071942,0.107782,-0.026730,0.159770,0.309549,0.207411,0.008910,0.033948,0.167281,0.076292,0.226070,0.267964,0.158052,0.030653,0.181690,0.185360,0.177168,#
1,0.015742,1.000000,0.075231,0.061658,0.077821,0.053936,0.132196,0.117158,0.250641,0.073587,0.224570,0.198516,0.111782,0.009158,-0.022715,-0.019457,0.089271,0.085925,-0.032448,0.133343,-0.030451,0.144702,0.098995,0.007398,0.098427,0.085600,0.044282,0.171438,-0.117929,0.064600,0.127280,0.061962,-0.041490,0.132076,-0.051456,0.102561,0.073000,0.030889,0.187312,0.087034,-0.014070,0.017332,0.166474,0.038562,-0.008591,0.027754,0.270303,0.091133,0.102706,0.057692,0.096775,0.069710,0.120929,0.113145,0.070546,0.086990,0.057400,-0.090252,-0.091508,0.027332,0.036653,0.083302,0.113830,-0.051021,-0.015978,0.155307,0.051055,0.151653,0.133174,0.248044,0.164114,0.134847,0.249033,-0.011416,0.181834,0.097662,0.108438,0.046653,0.239686,-0.015961,0.079596,0.085667,-0.001558,0.084572,0.172124,-0.111071,0.159984,0.145363,0.130865,0.036039,0.052458,0.122026,-0.053928,0.065066,0.008972,0.103420,-0.021904,0.012409,0.029680,0.059449,0.171631,0.003029,-0.016719,0.034771,-0.009280,0.084691,0.133975,0.234760,0.106839,0.106554,0.059345,0.065236,-0.045884,0.122781,0.167367,0.246973,0.083360,-0.006320,-0.032409,-0.008394,-0.066892,0.118763,0.137601,0.087573,0.124782,0.073843,0.099716,0.079602,0.113076,0.153784,-0.037369,0.119236,0.015399,0.098012,0.176042,0.167635,0.080465,0.155668,0.142508,0.087169,0.136866,-0.019599,0.117087,0.176563,0.173817,0.035505,0.019430,-0.028637,0.086227,-0.074123,0.121687,0.111954,-0.001500,-0.089568,0.239491,0.168212,0.024813,0.042496,-0.095055,-0.081161,0.018376,0.216773,0.139291,0.197810,0.068347,0.077081,0.026617,-0.079407,0.057619,0.173937,0.087571,0.156405,0.019697,0.065883,0.027003,0.124720,0.078046,0.131405,0.061263,-0.023270,0.088535,-0.027369,0.146408,-0.026408,0.075428,0.074391,0.028093,-0.043522,0.192696,0.140645,0.165196,0.109384,-0.080836,0.050960,0.136426,-0.014934,-0.011008,0.214209,0.022153,0.220000,#
2,0.158495,0.075231,1.000000,0.149343,0.196944,0.084569,0.208929,0.147674,0.102296,0.126060,0.166269,0.160595,0.061591,0.271130,0.068054,0.186432,-0.002003,0.079422,0.074128,0.175996,0.238302,0.158827,0.039394,0.163898,0.154957,0.159012,0.238364,0.134339,0.073652,0.213607,0.042705,-0.019198,0.100079,0.043734,0.116460,0.079007,0.084008,-0.041303,0.141989,0.063957,0.098812,0.126522,0.288066,0.072870,0.090212,0.100083,0.151616,0.068276,0.020330,0.138245,0.204694,0.186553,0.165506,0.111837,0.061166,0.142029,0.159800,-0.056064,0.173692,0.178760,0.322522,0.081217,0.017133,0.140017,0.187073,0.159710,0.045681,0.147652,0.166870,0.186216,0.165844,0.174223,0.010405,0.172789,0.228568,0.078471,0.124937,0.115872,0.154995,0.064447,0.192702,0.068747,0.118498,0.040135,0.197517,0.081011,0.168218,0.250903,0.077088,0.048038,0.110402,0.137282,0.243147,0.220389,0.074125,0.194688,0.201877,0.011819,0.221095,0.100497,0.196241,0.135766,0.029180,0.204839,-0.004882,0.144609,0.222312,0.207851,0.152920,0.083300,0.115798,0.151237,0.182734,0.079641,0.150461,0.175595,0.126744,0.167960,-0.125211,0.082708,0.115732,0.019884,0.027878,0.174766,0.115337,-0.008735,0.182874,0.069333,0.161074,0.206038,0.086950,0.178076,0.163512,0.181279,0.275312,0.144549,0.185000,0.140100,0.183084,0.052428,0.037534,0.147799,0.081285,0.034193,0.239262,0.141495,-0.025187,0.083329,0.165173,0.056709,0.120830,0.168497,0.192591,0.185242,0.080899,0.065933,0.075507,-0.021141,0.158001,0.103297,0.039753,0.257153,0.146604,0.179752,0.086572,0.162457,0.111280,-0.026422,0.036363,0.151687,0.038790,0.251077,0.198909,0.048401,0.159816,0.130404,0.168528,0.124400,0.009091,0.028911,0.084259,0.217868,0.008833,0.286851,0.038597,0.123926,0.112405,0.039498,0.154621,0.015921,0.050034,0.179885,0.281829,0.161838,0.138994,0.056740,-0.028860,0.138041,0.197877,0.238612,#
3,0.105436,0.061658,0.149343,1.000000,0.174644,0.097649,0.221424,0.073907,0.252848,0.113812,0.240452,0.157203,0.118974,0.061543,0.097086,0.072298,0.083706,0.144399,0.275240,0.209171,0.147448,0.144420,0.153280,0.261563,0.143780,0.176639,0.224493,0.160888,0.117084,0.259040,0.142249,0.169893,0.315496,0.195122,0.067437,0.178336,0.130347,0.140717,0.273592,0.154223,0.092576,0.260067,0.234273,0.299407,0.076700,0.160278,0.109984,0.135218,0.000638,0.123197,0.199245,0.101733,0.209260,0.025821,0.024343,0.272307,0.173584,0.066555,0.134843,0.168106,0.142567,0.067768,0.117577,0.076591,0.322231,0.076069,0.035797,0.060474,-0.084199,0.208119,0.138501,0.154331,0.205354,0.038295,0.120251,0.175923,0.146065,0.104741,0.163444,0.059329,0.279557,0.153534,0.149675,0.069146,0.234698,0.101396,0.163509,0.138103,0.149232,0.136383,0.263340,0.174492,0.112337,0.176487,0.104061,0.199083,0.116128,0.001193,0.223677,0.153237,0.183741,0.123435,0.077475,0.098181,0.341711,0.052180,0.187704,0.181785,0.119713,0.141231,0.100027,0.039074,0.080453,0.105336,0.091663,0.099742,0.097847,0.093385,0.058449,0.082488,0.127437,0.137785,0.131151,0.137907,0.041028,0.130727,0.183390,0.239238,0.054703,0.190288,0.236829,0.223567,0.144664,0.194283,0.155638,0.197584,-0.012894,0.075216,0.156432,0.139338,0.078826,0.238452,0.217391,0.095874,0.064551,0.207133,0.177280,0.292710,0.145514,0.116426,0.057163,0.080348,0.066490,0.170559,0.216592,0.051906,0.077709,0.065732,0.207557,0.166225,0.144016,0.211201,0.118381,0.199967,0.106420,0.137631,0.189295,0.054763,0.088062,0.115118,0.160333,0.044064,0.101378,0.004233,0.003715,0.162067,0.208917,0.196927,0.057690,0.131425,0.043840,0.275861,0.179762,0.031232,0.043738,0.058396,0.133264,0.110426,0.079064,0.201719,0.203617,0.166979,0.219067,0.115823,0.198743,0.188243,0.185055,0.197982,0.128655,0.154542,#
4,0.147089,0.077821,0.196944,0.174644,1.000000,0.231237,0.026346,0.159355,0.237874,0.166301,0.036123,0.143643,0.192342,0.099343,0.109250,0.104107,0.096500,0.120442,0.193095,0.353497,0.342493,0.116814,0.192710,0.258279,0.073803,0.223011,0.143364,0.002871,0.172513,0.101101,0.118697,0.158717,0.214336,0.158330,0.087519,0.228030,0.301189,0.019620,0.206397,0.128988,0.117552,0.231789,0.157557,0.144652,0.270547,0.154606,0.307441,0.189264,0.087956,0.096735,0.088917,0.110479,0.194132,0.187880,0.229796,0.246874,0.173976,0.058488,0.199153,0.132342,0.169487,0.185423,0.133116,-0.022538,0.190848,0.054947,0.022626,0.174577,0.009055,0.147968,0.220781,0.179003,0.234969,0.166582,0.134528,-0.004168,0.114941,0.202214,0.210502,0.160203,0.205965,0.216825,0.077046,0.032097,0.295037,0.090498,0.160330,0.140882,0.143978,0.126855,0.277525,0.114687,0.129495,0.085663,0.146657,0.252334,0.136807,0.143791,0.084832,0.157889,0.140299,0.085747,0.151930,0.164037,0.110408,0.127042,0.096611,0.194533,0.173885,0.245215,0.220087,0.193064,0.194986,0.275071,0.161687,0.043127,0.190021,0.075872,-0.020440,0.084583,0.043653,0.139346,0.194046,0.022210,0.211692,0.029044,0.189826,0.139021,0.286365,0.155408,0.223389,0.062330,0.170456,0.234606,0.269166,0.185313,0.051584,0.090483,0.194551,0.055936,0.144628,0.041647,0.220256,0.066669,0.174855,0.197614,0.174010,0.203531,0.153433,0.118177,0.081594,0.174498,0.173171,0.253343,0.256330,0.094150,0.299247,0.132705,0.017253,0.176090,0.150788,0.175070,0.079361,0.050348,-0.084385,0.179062,-0.015637,0.055171,0.078151,0.166653,0.016594,0.124349,0.324008,0.197584,0.162015,0.203083,0.241433,0.245536,0.135856,0.136056,-0.000437,0.048151,0.166152,0.050393,0.201442,0.107760,-0.019306,0.218558,0.174558,0.283878,0.066467,0.118239,0.067642,0.132684,0.175545,0.238802,0.130799,0.140014,0.203176,0.284871,#
5,0.102484,0.053936,0.084569,0.097649,0.231237,1.000000,0.043185,0.163018,0.217746,0.159640,0.215233,0.076315,0.139398,0.008106,0.164075,0.135056,0.064760,0.126829,-0.067073,0.252347,0.076513,-0.027822,0.129761,0.150001,0.160709,0.115188,0.209757,0.137975,0.152806,0.147407,0.184716,0.197229,0.240516,0.164789,0.067372,0.156970,0.144384,-0.015453,0.191693,0.080502,0.196805,0.112769,0.085472,0.207339,0.118819,0.152950,0.212622,0.049567,0.181117,0.070849,0.116978,0.129784,0.075267,0.126758,0.015510,0.307431,0.128782,-0.062186,0.253074,0.119409,0.104824,0.213206,0.131911,0.062561,0.198546,0.115175,0.035670,0.141142,0.141823,-0.025577,0.151368,0.146518,0.193407,0.155667,0.030143,0.106917,0.191483,0.181609,0.171314,0.129442,0.235176,0.133112,0.169558,0.060974,0.101745,0.099536,0.165166,0.137074,0.146345,-0.047164,0.058052,0.133303,0.282653,0.231602,0.067574,0.181445,0.022436,0.137458,0.245744,0.098269,0.116544,0.186588,-0.005921,0.137989,0.099686,0.150577,0.143606,0.214610,0.069292,0.111748,0.070273,0.208938,0.076467,0.078065,0.162724,0.061365,0.117008,0.069349,0.014508,0.102237,0.037542,0.179774,0.099025,0.157658,-0.028583,0.031988,0.086795,0.029622,0.116713,0.130730,0.281000,0.129548,0.210265,0.208818,0.218275,0.249875,0.130208,0.128013,0.091279,-0.034415,0.144393,0.066457,0.195877,0.220559,0.204781,0.094863,0.080127,0.097488,0.073074,0.092921,0.184918,-0.015937,0.134905,0.177283,0.112663,0.111229,0.230792,0.124750,0.154222,0.045744,0.155038,0.128633,0.164046,0.145848,0.084710,0.119304,-0.041775,0.145425,0.230083,0.197200,0.237942,0.166418,0.113016,0.131658,0.044101,0.130795,0.193221,0.130604,0.206038,0.051943,0.194320,0.047029,0.303688,0.082978,0.110910,0.189869,0.158886,0.053841,0.006368,0.102399,0.035070,0.150666,0.079937,0.121749,0.120215,0.038397,0.012703,0.211334,0.097052,0.274503,#
6,0.130907,0.132196,0.208929,0.221424,0.026346,0.043185,1.000000,0.065231,0.165262,0.007248,0.134852,0.090824,0.141803,0.210630,0.018308,0.064120,0.095245,0.102437,0.121434,0.061230,0.248072,0.118797,-0.050505,0.071826,0.051343,0.083519,0.064832,0.105778,0.089822,0.217498,0.043969,0.096418,0.059165,0.167804,0.085898,0.099634,-0.023067,0.055999,0.073197,0.167072,-0.033084,0.112538,0.104497,0.099907,0.163447,0.100239,0.129192,-0.047331,0.189719,0.076655,0.110390,0.141364,0.235275,0.096367,0.045083,0.125948,0.117017,0.055455,0.211431,0.187991,0.119955,-0.000700,0.077758,0.093268,0.255996,0.161520,0.133890,0.111015,0.034451,0.078228,0.103009,0.141404,0.066606,0.199659,0.154256,0.148094,0.160278,0.082139,0.205371,0.023903,0.116737,0.083532,0.196447,0.044227,0.050528,0.123141,0.134912,0.164939,0.080451,0.096076,0.087063,0.101199,0.014104,0.067062,0.057398,0.089951,0.177443,0.051928,0.145076,0.220744,0.118036,0.167851,0.129746,-0.001152,-0.087365,0.082933,0.073170,0.016076,0.109497,0.072872,0.022556,0.089742,-0.028668,-0.060493,0.171307,0.068568,0.279656,0.039426,0.106984,0.088244,0.165405,0.134560,-0.011174,0.143039,0.125281,0.174496,0.030771,0.124053,-0.002827,0.166659,0.073644,0.079209,0.112446,0.017899,0.154459,0.199018,0.030349,0.105547,0.212531,0.138522,0.099519,0.103149,0.001404,0.072523,0.003848,0.137738,0.084974,0.062186,0.110663,-0.103997,0.192983,0.090628,0.097272,-0.001940,0.155829,0.018910,0.058091,0.185477,0.178513,-0.006419,0.078951,0.211354,0.149308,0.188425,0.130136,0.167058,0.094033,0.062189,0.124425,0.076892,0.109364,0.078307,0.077129,-0.019073,0.130731,0.078834,0.093336,0.158716,0.212478,-0.051441,0.055799,0.053846,0.196100,0.161025,0.105512,0.088703,0.022363,0.127704,-0.025457,0.162848,-0.010242,0.078684,0.035066,0.224094,0.062964,0.019106,0.094652,0.170856,0.090929,0.196669,#
7,0.032027,0.117158,0.147674,0.073907,0.159355,0.163018,0.065231,1.000000,0.289035,0.163793,0.177766,0.229743,0.067528,0.122897,0.272046,0.085311,0.183727,0.227092,0.102923,0.189083,0.102869,0.160206,0.241052,0.148637,0.222572,0.137588,0.166165,0.221178,0.092112,0.176531,-0.006903,0.043449,0.113176,0.128997,-0.023652,0.099346,0.055934,-0.045489,0.269671,0.123162,0.088151,0.070787,0.104435,0.213251,0.246604,0.216497,0.165132,0.165318,0.047402,0.087183,0.165996,0.037247,0.056962,0.237495,0.108556,0.108525,0.113467,0.179173,0.131063,0.066318,0.153056,0.136200,0.068474,0.030392,0.215092,0.163783,0.075571,0.088174,0.159328,0.313747,0.151854,-0.012428,0.327698,0.120597,0.125164,0.076855,0.037399,0.156544,0.228879,0.231257,0.235220,0.177842,0.134460,0.071634,0.177315,0.047100,0.160990,0.080262,0.128705,0.174961,0.043584,0.108499,0.187325,0.202900,0.056828,0.010792,0.103378,0.202462,0.094842,0.175424,0.175410,0.104266,0.067796,0.123502,-0.020406,0.220097,0.238528,0.147810,0.104656,0.114915,0.101149,0.096373,0.071487,0.134602,0.359751,0.127122,0.022852,-0.039517,0.018088,0.258999,0.147523,0.190873,0.056811,0.238205,0.192638,0.080818,0.175739,0.213482,0.102792,0.099140,0.107065,0.060066,0.236347,0.035969,0.308326,0.257423,-0.017653,0.208226,0.091549,0.072773,0.200384,0.094316,0.155108,0.056149,0.138111,0.172297,0.196868,0.077186,0.148920,0.087980,0.126662,0.132732,0.137460,0.161096,0.047562,0.212125,0.160882,0.175244,0.177415,0.127907,0.141662,0.093760,0.272249,0.027531,0.008414,0.253355,0.185596,0.045336,0.054815,0.090480,0.167566,0.221769,0.199348,0.081661,0.147208,0.087631,0.143635,0.133410,-0.010235,0.155877,0.231709,0.087749,0.140895,0.137043,-0.062207,0.130362,0.005394,-0.012378,0.144393,0.288116,0.215950,0.075007,0.106373,0.112445,0.144890,0.072997,0.045217,0.190986,0.175724,0.167601,#
8,0.110454,0.250641,0.102296,0.252848,0.237874,0.217746,0.165262,0.289035,1.000000,0.250143,0.193956,0.163514,0.143045,0.104092,0.245716,0.145014,-0.001737,0.150602,0.091454,0.190188,0.061573,0.161645,0.182518,0.234389,0.015037,0.197282,0.113934,0.241558,0.017009,0.209288,-0.022656,0.137274,0.121512,0.093050,0.050518,0.158613,0.166006,0.012195,0.142221,0.130234,0.097529,0.219352,0.170295,0.129750,0.185398,0.083619,0.075488,0.101843,0.172547,0.176109,0.177671,0.260575,0.067429,0.310515,0.090267,0.322781,0.161750,0.182255,0.049992,0.200919,0.221132,0.167109,0.227514,-0.089717,0.162049,0.277353,0.098118,0.133761,0.256764,0.226141,0.182248,0.105941,0.244557,0.122225,0.108563,0.153863,0.121809,0.180452,0.219557,0.132223,0.213321,0.218150,0.099289,0.098522,0.266931,0.134907,0.145916,0.133682,0.053201,0.204704,0.136331,0.172569,0.138312,0.094955,0.324146,0.213639,0.129223,0.078703,0.222098,0.097804,0.173443,0.150520,0.079448,0.206945,0.160560,0.131145,0.221165,0.258057,0.071722,0.178208,0.123957,0.132917,0.055844,0.167279,0.283575,0.228160,0.090320,0.059154,0.050715,0.225719,0.176132,0.126134,0.227988,0.145096,0.096121,0.223993,0.154648,0.197548,0.063993,0.257034,0.123042,-0.022103,0.267465,0.261229,0.323355,0.231250,0.032925,0.144068,0.115392,0.107995,0.151940,0.184496,0.275464,0.084670,0.090107,0.116983,0.243556,0.143497,0.138365,0.058006,0.193897,0.019567,0.134919,0.243117,0.323543,0.271120,0.210611,0.243054,0.146321,0.184937,0.081696,0.149741,0.144275,0.227533,0.146272,0.178868,0.154448,-0.025337,0.200411,0.217885,0.148810,0.249567,0.126299,0.117651,0.231226,0.128073,0.103181,0.198028,0.221003,0.073296,0.158655,0.164169,0.036566,0.147672,0.115028,0.187403,0.046906,0.079100,0.203590,0.235000,0.185869,0.082004,0.183008,0.109032,0.232226,0.085800,0.089247,0.129761,0.089870,0.171268,#
9,0.091575,0.073587,0.126060,0.113812,0.166301,0.159640,0.007248,0.163793,0.250143,1.000000,0.241040,0.046963,0.108142,0.131996,0.220409,0.169817,0.022760,0.049068,0.044700,0.315073,0.141559,0.074921,0.158825,0.208842,0.016460,0.055130,0.239429,0.188186,0.070645,0.134475,0.162648,0.079071,0.065049,0.204933,0.255087,0.139605,0.007522,0.135130,0.170928,0.001459,0.232490,0.117713,0.144605,-0.003249,0.132639,0.076609,0.148692,0.061006,0.019763,0.081067,0.034797,0.159369,0.026720,0.137533,0.072884,0.261519,0.102482,0.166658,0.200224,0.099362,0.193047,0.079086,0.236577,0.048382,0.207747,0.251046,0.040391,0.108807,0.138082,0.055901,0.279671,0.168680,0.127370,0.097681,0.144252,0.105021,-0.014740,0.120914,0.263730,0.197423,0.063479,0.192709,-0.003309,0.050597,0.303745,0.091302,0.104309,0.208799,-0.066698,-0.112663,0.069125,0.170924,0.204656,0.041681,0.132045,0.130813,0.134239,0.222888,0.230463,-0.030518,0.075150,0.178269,0.263086,0.061060,0.270799,0.169876,0.158291,0.006470,0.254723,0.103340,0.096511,0.165010,0.198869,0.205951,0.077159,0.157622,0.018564,0.067291,0.111642,0.015028,0.184927,0.228733,0.138575,0.200084,0.084166,0.130836,0.012673,0.129123,0.238576,0.260289,0.164881,0.027600,0.124569,0.282652,0.172242,0.159953,0.099934,0.174857,0.088556,-0.015618,-0.004534,0.225825,0.201226,0.091593,0.045083,0.160776,0.183645,0.158138,0.040461,0.269513,0.054868,-0.082459,0.252505,0.215289,0.212037,0.187703,0.155652,0.195970,0.266263,0.084002,0.140685,0.129708,0.071228,0.284135,0.135319,0.114065,0.051835,0.031581,0.303562,0.115656,0.229270,0.273658,0.100444,0.167582,0.129056,0.214250,0.129207,0.093313,0.125938,0.086669,0.040563,0.063482,0.157471,0.148243,0.044596,0.199938,-0.020720,0.052615,0.347382,0.099901,0.131238,0.129197,0.035879,0.138355,0.059119,0.108040,0.066978,0.083490,0.104687,0.152012,#
10,0.172987,0.224570,0.166269,0.240452,0.036123,0.215233,0.134852,0.177766,0.193956,0.241040,1.000000,0.100273,-0.081532,0.111801,0.082315,0.146862,0.089743,0.101792,0.091443,0.157919,0.039723,0.024528,-0.012721,0.169203,0.023115,-0.000668,0.109515,0.278520,-0.011533,0.212446,0.149866,0.134654,0.156161,0.151921,0.154217,0.119601,0.036634,0.091817,0.228923,0.075138,0.208750,0.073255,0.039894,0.018828,0.094694,0.158223,0.193334,0.148917,0.203829,0.276163,0.022371,0.119706,0.121117,0.125041,-0.007659,0.239079,0.100035,0.010865,0.062586,0.135288,0.062574,0.169790,0.189449,0.203665,0.320954,0.150429,0.111761,-0.003039,0.060318,0.115940,0.106439,0.214326,0.210404,0.134190,0.066162,0.152258,0.115427,0.100207,0.136884,0.085314,0.274552,0.101773,0.179270,0.124582,0.241177,0.017008,0.190691,0.219013,0.044564,0.154893,0.056300,0.215236,0.145721,0.174687,0.121395,0.252347,0.063001,0.032874,0.280220,0.163002,0.108161,0.112590,0.137406,0.077098,0.266494,-0.051308,0.154114,0.219299,0.133801,0.091010,-0.047806,0.165252,0.006352,0.125972,0.265938,0.284489,0.097695,-0.009155,0.098337,0.107414,0.110543,0.277565,-0.010510,0.112506,-0.043064,0.124844,0.197933,0.200860,0.133881,0.113818,0.111986,0.040811,0.066007,0.108930,0.208101,0.135413,-0.003975,0.229670,0.090942,-0.034261,0.249332,-0.019671,0.151658,0.113821,0.015444,0.030479,0.024249,0.016292,0.090712,0.063804,0.156138,0.141897,0.248775,0.108983,0.156862,0.139722,0.236934,0.010361,0.241063,0.106417,0.215143,0.098119,0.269544,0.176366,0.084769,0.175966,0.214880,0.134167,0.238827,0.213459,0.167874,0.157273,0.011400,0.148092,0.094395,0.061509,0.175101,0.233404,0.011880,0.159521,0.079695,0.066436,0.229686,0.033728,0.096073,0.099987,-0.005268,-0.037168,0.121672,0.211358,0.213585,0.085187,0.090878,0.065465,0.245639,0.056267,-0.031821,0.203227,0.199829,0.256946,#
11,0.042618,0.198516,0.160595,0.157203,0.143643,0.076315,0.090824,0.229743,0.163514,0.046963,0.100273,1.000000,0.150476,0.025305,-0.011367,0.031464,0.067271,0.236643,0.172733,0.034374,0.084446,0.109727,0.007867,0.040790,0.162748,0.188030,-0.060943,0.206018,-0.071047,0.164848,0.168381,0.097889,0.132594,0.145866,0.107248,0.103327,0.180016,-0.015796,0.118210,0.244557,0.036619,0.180588,0.206824,0.159798,0.078443,0.217033,0.224695,0.047721,0.107813,0.088859,0.123715,0.118490,0.156586,0.269529,0.012182,-0.000286,0.067184,0.237567,0.129703,-0.000567,-0.005938,0.077883,0.227543,0.034386,0.128196,0.218750,0.142889,0.199302,0.151213,0.174697,0.105468,0.055997,0.182421,0.045263,0.027635,0.037666,0.075656,0.085614,0.131127,0.046305,0.182346,0.097165,0.143654,0.063218,0.160143,-0.022458,0.103171,0.122324,0.164334,-0.016004,0.068367,0.295897,0.245167,0.262222,0.109038,0.241990,0.054235,0.091977,0.101965,0.154755,0.070874,0.149242,-0.001876,0.179450,0.096254,0.253353,0.192564,0.292768,0.204173,0.140074,0.187524,0.160687,0.134691,0.118927,-0.019827,0.255180,0.051514,0.180202,-0.047871,0.135235,0.012593,0.151868,0.186596,0.090955,0.082986,0.057236,0.110693,0.115438,0.224724,0.138897,0.070708,0.210222,0.202451,0.203221,0.141686,0.099431,-0.111812,0.227394,0.004391,0.175536,0.147525,0.024324,0.170505,0.150971,0.213325,0.035062,0.145774,0.062298,0.062685,0.026755,0.104857,0.184518,0.115307,0.158506,0.202599,0.163458,0.101585,0.004430,0.152958,0.057976,0.052338,0.214232,0.077517,0.012819,0.139348,0.046394,0.224039,0.053382,0.164772,0.193742,0.106245,0.106952,0.008161,0.012099,0.068427,0.140685,0.102902,0.171947,0.023530,0.175044,0.172455,0.053308,0.151013,0.033272,0.065568,0.069400,-0.015732,0.166064,0.168912,0.211058,0.166517,0.051560,0.205588,0.226482,0.257758,0.089508,0.091023,0.152172,0.066116,0.131117,#
12,0.097440,0.111782,0.061591,0.118974,0.192342,0.139398,0.141803,0.067528,0.143045,0.108142,-0.081532,0.150476,1.000000,0.046966,0.209199,0.052174,0.323463,0.182000,0.203993,0.286876,0.144123,0.080286,0.200233,0.201180,0.023683,0.101875,0.129003,0.136306,0.157639,0.163605,-0.007258,0.204931,0.179583,0.157822,0.165902,0.250024,0.159803,-0.007229,0.145337,0.172724,0.042363,0.021479,0.143048,0.317073,0.199355,0.161752,0.204627,-0.065710,0.105751,0.065274,0.242457,0.093212,0.132320,0.191693,0.157823,0.120242,0.034455,0.124119,0.100148,-0.045344,0.012374,0.252769,0.002208,0.088961,0.227764,0.198684,0.099381,0.113510,0.113700,0.110486,0.160800,0.111014,0.163734,0.033766,0.247766,0.214227,0.184650,0.001331,0.135710,0.019366,0.173698,0.168428,0.041985,0.076766,0.042693,0.150851,0.113872,0.197676,0.231691,0.014302,0.079911,0.100630,0.012251,0.109897,0.159513,0.226680,0.337128,0.202043,0.098716,0.032897,0.102380,0.196542,0.120321,0.187190,0.175019,0.074431,0.154208,0.064521,0.075366,0.096692,0.244902,0.030558,0.112261,0.144289,0.183056,0.051857,0.208867,0.048178,0.099368,-0.007232,0.138918,0.163129,0.241549,0.210485,0.208577,0.030159,0.155463,-0.051216,0.025882,0.141750,0.132150,0.132793,0.086118,0.147888,0.085768,0.084412,0.167734,0.146688,0.202820,0.038401,0.164922,0.158029,0.170766,0.069006,0.078327,0.186662,0.082836,0.128634,0.069763,0.128448,0.066226,0.253522,0.149737,0.091604,0.084471,0.240932,0.120749,-0.013555,0.101914,0.087478,0.064763,0.295004,0.219964,0.206438,0.180759,0.061560,0.246356,0.068364,0.006297,0.063763,0.174102,0.174619,0.105994,0.131521,0.136687,0.103148,0.191684,0.252670,0.091219,0.087639,0.143272,0.130356,0.248761,0.104137,0.026687,0.160519,0.079606,0.277474,0.093491,-0.004650,0.101615,0.040929,0.070572,0.162131,0.091172,0.072603,0.120465,0.192123,0.140634,0.015784,#
13,0.094187,0.009158,0.271130,0.061543,0.099343,0.008106,0.210630,0.122897,0.104092,0.131996,0.111801,0.025305,0.046966,1.000000,0.170031,0.061550,0.184694,0.055539,0.165829,0.185949,0.154336,0.124420,0.090305,0.198636,-0.019444,0.226528,0.176580,0.177803,0.136071,0.106580,0.071380,0.120807,0.205443,0.108673,0.141332,0.055752,0.017080,0.086572,0.063755,0.148604,-0.007001,0.171720,0.193079,0.096701,0.163677,0.150786,0.126922,0.117425,0.164446,0.134498,0.099179,0.167175,0.150128,0.206100,0.124914,0.205755,0.025642,0.110842,0.058452,0.172044,0.145892,0.120401,0.143534,0.048698,0.188654,0.070797,0.222944,0.094863,0.246000,0.111920,0.053819,0.098575,-0.000184,0.104380,0.255859,0.155933,0.145768,0.168981,0.262905,0.122593,0.107553,0.195196,0.134494,0.219328,0.155570,0.040306,0.112208,0.106157,0.202385,0.084029,0.109850,0.069357,0.152289,0.196229,0.041257,0.031119,0.191175,0.014943,0.131506,0.282396,0.165268,0.216667,0.063841,0.262246,0.031476,0.189173,0.128441,0.146316,0.207132,0.110354,0.054655,0.147421,0.226130,0.141475,0.266860,0.162221,0.194738,0.189190,0.046037,0.160388,0.164320,0.179353,0.055244,0.076909,0.139680,-0.045431,0.016537,-0.075285,0.164587,0.170684,0.036784,0.073072,0.044904,0.053809,0.313265,0.098757,0.012576,0.090529,0.250885,0.128901,-0.100047,0.097145,0.312187,0.134918,0.025219,0.204864,0.178340,0.155268,0.037464,0.101260,0.064234,0.120440,0.111236,0.231571,0.186159,0.260419,-0.042553,0.148354,0.241609,0.113554,0.087454,0.239956,0.105184,0.230114,0.091754,0.131634,0.115144,0.020302,0.143990,0.105962,0.108746,0.215856,0.155542,0.100732,0.139673,0.092587,0.109806,0.191005,0.202823,-0.045621,0.042169,0.182272,0.114047,0.134532,0.103167,0.116244,0.165826,0.138514,-0.032414,0.107087,0.151290,0.114772,0.157624,0.169109,0.143200,0.090736,0.059723,0.120954,0.171064,0.141794,#
14,0.219905,-0.022715,0.068054,0.097086,0.109250,0.164075,0.018308,0.272046,0.245716,0.220409,0.082315,-0.011367,0.209199,0.170031,1.000000,0.265954,0.134487,0.091530,0.180991,0.290142,0.175572,0.050789,0.143345,0.251472,0.070392,-0.043871,0.213473,0.195653,0.212231,0.165036,0.022605,0.196336,0.121834,0.074855,0.159973,0.091338,0.068161,0.140781,0.142790,0.211849,0.045636,0.035607,0.230180,0.096359,0.232392,0.223436,0.085727,0.060414,-0.002802,0.168742,0.174683,0.023902,0.183215,0.289763,0.190025,0.186587,0.183037,0.046807,0.118474,0.095494,0.212024,0.232370,0.125499,0.127016,0.088412,0.064316,0.081409,0.150198,0.124753,0.195107,0.157089,0.109518,0.161250,0.146276,0.217066,0.133499,0.297146,0.184906,0.153562,0.099921,0.242669,0.260797,0.169897,0.258109,0.154808,0.152510,0.104097,0.222225,0.156340,0.046912,0.099704,0.098090,0.196754,0.226284,0.147881,0.194336,0.317784,0.109173,0.136447,0.017314,0.148196,0.247870,0.206688,0.162733,0.152898,0.091153,0.209210,0.148332,-0.037069,0.121087,0.045294,0.012971,0.146722,0.152200,0.236441,0.158412,0.212828,0.073339,0.153351,0.090474,0.286279,0.242698,0.101744,0.162175,0.246865,0.023198,0.086874,0.200429,0.090318,0.299393,0.115810,0.098458,0.135558,0.150824,0.144921,0.110572,-0.000144,0.173571,0.066288,0.056227,0.146726,0.161758,0.184406,0.128410,0.033702,0.289537,0.158139,0.148226,0.029594,0.103783,0.189977,0.071531,0.039211,0.172041,0.196769,0.214525,0.259994,0.182598,0.108159,0.133979,0.046248,0.116252,0.151192,0.169839,0.173132,0.114476,0.132256,0.019361,0.121230,0.298130,0.214534,0.210513,0.207209,0.151921,0.087040,0.144310,0.234948,0.199227,0.249764,0.017999,0.176899,0.257897,0.149028,0.041671,0.084098,0.067779,0.083799,-0.051879,0.075966,0.230794,0.005437,0.056593,0.179643,0.274862,0.175792,0.046697,0.037894,0.086614,0.201884,0.075040,#
15,0.210744,-0.019457,0.186432,0.072298,0.104107,0.135056,0.064120,0.085311,0.145014,0.169817,0.146862,0.031464,0.052174,0.061550,0.265954,1.000000,0.140342,0.196924,0.103521,0.186047,0.064705,0.076170,0.141613,0.244405,0.065474,0.196042,0.132646,0.110997,0.151646,0.253107,0.021969,0.164475,0.071395,0.175292,0.109487,0.124376,0.100906,-0.001198,0.195715,0.067054,0.037008,0.129802,0.188873,0.125880,0.221246,0.130080,0.038546,0.164703,0.033641,0.223642,-0.056326,0.255525,0.120085,0.112938,0.121313,0.105142,0.151641,0.007820,0.094759,0.167785,0.179798,0.069402,0.194725,0.065624,0.085465,0.165170,0.033034,0.130034,0.065820,-0.050450,0.220432,0.048433,-0.001883,0.112352,0.108172,0.117378,0.056427,0.209368,0.063654,0.104593,0.285944,0.120817,-0.062190,0.256881,0.215073,0.132367,0.051880,0.265610,0.123034,0.067373,0.060568,0.064755,0.135093,0.126191,0.018182,0.092513,0.194526,0.039592,0.080247,0.056861,0.200256,0.092552,0.097772,0.136040,-0.006992,0.096494,0.206378,0.151093,0.016248,0.216272,-0.074261,0.181650,0.081090,0.065628,0.030003,0.163392,0.062308,0.030232,0.050761,0.052892,0.185336,0.147942,0.102599,0.132360,0.032778,0.044424,0.163494,0.136423,0.055450,0.262863,-0.013905,0.027677,0.049924,0.088149,0.120820,0.097639,-0.046755,-0.033815,0.046778,-0.010142,-0.029632,0.110111,0.117534,-0.015336,0.138406,0.061699,0.049924,0.150068,0.203594,0.019341,0.153419,-0.041423,0.188162,0.251499,-0.008824,0.200305,0.164429,0.136364,0.089235,0.133281,0.042481,0.095098,0.254729,0.003907,0.128998,0.180654,0.178734,0.160033,0.175048,0.000134,-0.035794,0.174395,0.032499,0.013934,0.056641,0.129739,0.258063,0.093903,0.033020,0.101813,0.190324,0.091607,0.119819,0.208767,0.040764,0.076878,-0.083695,0.123216,-0.038064,0.100007,-0.031254,0.110570,0.121173,0.097167,0.061571,0.076671,0.139928,0.198847,0.108233,0.047795,#
16,0.227218,0.089271,-0.002003,0.083706,0.096500,0.064760,0.095245,0.183727,-0.001737,0.022760,0.089743,0.067271,0.323463,0.184694,0.134487,0.140342,1.000000,0.126174,0.105458,0.326454,0.263875,0.174596,0.067045,0.116703,-0.034938,0.211504,0.166486,-0.046067,0.084526,0.274619,0.002316,0.250956,0.102358,0.323331,0.112304,0.157835,0.175184,-0.061719,0.217233,0.076602,0.024170,0.083920,0.174962,0.162939,0.145895,0.274621,0.049730,0.027397,0.098636,0.080606,0.065799,0.083129,0.232081,0.274311,0.138852,0.079755,-0.006683,0.070857,0.140185,-0.018247,0.023751,0.260224,0.224493,0.112618,0.179997,0.112251,0.013345,0.268219,0.145811,0.197612,0.022417,0.124310,0.241127,0.057581,0.099138,0.130858,0.102956,0.239789,0.176777,0.125655,0.108863,0.099187,0.059155,0.182279,0.130929,0.110387,0.233669,0.132812,0.181025,0.063203,0.110423,0.153778,0.117040,0.062247,0.115474,0.119423,0.241851,0.076282,0.118285,0.201967,0.015527,0.042836,-0.024106,0.131000,0.073947,0.190624,0.142775,0.047096,0.082795,0.137819,0.170610,0.178187,0.163958,0.087151,0.251562,0.252325,0.162868,0.079225,0.012241,0.199616,0.189423,0.229056,0.162470,0.197196,0.238843,0.035594,0.149468,-0.016202,0.073970,0.167109,0.101242,0.023583,0.247105,-0.101751,0.263328,0.233144,-0.037034,0.139215,0.104741,0.184954,0.015053,0.079847,0.098232,0.126800,0.170105,0.081469,0.124667,0.096254,0.240551,0.179065,-0.048027,0.239408,0.063515,0.051491,0.213588,0.184852,0.107747,0.143569,0.102680,0.177497,0.047678,0.264016,0.238264,0.198789,0.083459,0.125497,0.158507,0.121076,0.056076,0.009036,0.097786,0.181808,0.087554,0.007139,0.123558,0.087674,0.047772,0.151544,0.187193,0.005731,0.055384,0.103352,0.198246,-0.062770,0.095716,0.172943,0.153742,0.204181,0.080208,0.111530,0.236307,-0.049404,-0.005566,0.108087,0.103708,0.166154,0.027151,0.114912,0.027330,0.085028,#
17,0.242183,0.085925,0.079422,0.144399,0.120442,0.126829,0.102437,0.227092,0.150602,0.049068,0.101792,0.236643,0.182000,0.055539,0.091530,0.196924,0.126174,1.000000,0.080078,0.202724,0.238034,0.069448,0.091065,0.239633,0.117013,0.162677,0.137574,0.029015,0.029740,0.165566,0.105065,0.060769,0.161376,0.085883,0.120542,0.265684,-0.012351,0.031542,0.286366,0.107892,0.173514,0.168331,0.121814,0.177392,0.124920,0.189454,0.154599,0.120931,0.070768,0.129433,0.144865,0.107140,0.101323,0.131268,0.118320,0.207936,0.205735,0.066838,0.125127,-0.000751,0.159315,0.169780,0.073283,0.035214,0.135205,0.246816,0.131661,0.249576,0.070846,0.126031,0.123125,0.186876,0.071127,0.012064,0.067641,0.187642,0.034916,0.098535,0.094358,0.179162,0.144800,0.123540,0.251855,0.117820,0.067316,-0.005246,0.237303,0.131733,0.152919,0.140913,0.107152,0.042794,0.194739,0.162804,0.021313,0.214680,0.142133,0.162306,0.064723,0.119975,0.113259,-0.052099,0.074391,0.175847,0.028853,0.139668,0.191822,0.115876,0.131120,0.044869,0.127750,0.237770,-0.010045,0.229343,0.171363,0.106620,-0.019467,0.072629,-0.019166,0.137276,0.050371,0.198997,0.134535,0.151487,0.251724,0.146595,0.120570,0.055205,0.063930,0.143507,0.213295,0.148095,0.188253,0.093638,0.096864,0.239694,0.031006,0.220945,0.188168,0.202875,0.101928,0.173853,0.194911,0.151378,0.169756,0.177414,0.074520,0.141612,0.074982,-0.049354,0.146909,-0.024310,0.020997,0.159585,0.249583,0.303354,0.204345,0.115556,0.227322,0.129379,0.121864,0.197471,0.270432,0.151660,0.097742,0.195305,0.105744,0.154406,0.185038,0.010121,0.266409,0.077923,0.082416,0.067608,0.163758,0.002103,0.192441,0.120072,-0.011290,0.272990,0.058806,0.259633,0.164776,0.120987,0.091581,0.033427,0.088053,0.191174,0.112805,0.133582,0.140237,0.171904,0.171993,0.145957,0.249860,0.195360,0.023055,0.198129,0.009871,0.109866,#
18,0.227753,-0.032448,0.074128,0.275240,0.193095,-0.067073,0.121434,0.102923,0.091454,0.044700,0.091443,0.172733,0.203993,0.165829,0.180991,0.103521,0.105458,0.080078,1.000000,0.176176,0.171352,0.140468,0.134266,0.271379,0.153791,0.112289,0.014034,0.230179,0.068262,0.102190,-0.021273,0.013518,0.158733,0.146468,0.221583,0.214192,0.189808,0.087280,0.103016,0.256644,0.113135,0.074350,0.128635,0.140563,0.252785,0.054327,0.138423,0.067623,-0.025173,0.169490,0.128316,0.027098,0.216680,0.143827,0.092278,0.151574,0.083606,0.113078,0.079983,0.085711,0.076874,0.034335,0.202386,0.008026,0.216271,0.081152,0.171245,0.153087,-0.094034,0.024170,0.082487,-0.000421,0.083294,0.038987,0.117404,0.114735,0.122749,0.143303,0.185025,0.085835,0.119479,0.035709,0.137460,0.203420,0.116728,0.021460,0.184605,0.080136,0.138671,0.064254,0.237793,0.025801,0.031600,0.167416,0.151008,0.206637,0.266317,0.108661,0.107649,0.215373,0.127037,0.171332,0.132254,0.164991,0.256897,0.164257,0.111392,0.037631,0.129855,0.101439,0.173302,0.149033,0.202598,0.151835,0.068182,0.072132,0.059236,-0.135060,0.053197,0.151293,0.119038,0.201869,0.143979,-0.041588,0.147287,-0.038009,0.142095,0.104761,0.237741,0.072828,0.072696,0.210256,0.036480,0.144399,0.141359,0.029289,0.039284,0.170089,0.016937,0.098913,0.061675,0.090344,0.150761,0.137301,0.071487,0.225608,0.101451,0.048749,0.069678,0.054553,0.017733,0.217064,0.089322,0.107273,0.081502,0.201135,0.183502,0.143977,0.044330,0.288202,0.150684,0.096217,0.166718,0.112253,0.113121,0.240674,0.199325,0.100245,0.025329,0.160589,-0.012608,0.165799,0.219175,0.049828,-0.039923,0.171800,0.196838,0.190018,0.137130,0.057806,0.077663,0.094680,0.158299,0.045172,0.075403,0.006513,0.252850,0.087067,0.051110,0.087389,0.143496,0.152398,0.129203,0.155707,0.211702,0.084277,0.026680,0.203400,0.213937,0.051618,#
19,0.272262,0.133343,0.175996,0.209171,0.353497,0.252347,0.061230,0.189083,0.190188,0.315073,0.157919,0.034374,0.286876,0.185949,0.290142,0.186047,0.326454,0.202724,0.176176,1.000000,0.186490,0.111894,0.231281,0.227937,0.073114,0.215000,0.300896,0.085706,0.171514,0.287089,0.156190,0.242209,0.168829,0.187229,0.134068,0.235499,0.130584,-0.027545,0.308703,0.215963,0.178080,0.155620,0.092034,0.122329,0.184492,0.257932,0.295567,0.248567,0.158127,0.183676,0.133692,0.165112,0.135423,0.310122,0.187148,0.272725,0.254354,0.058551,0.214292,0.096787,0.243764,0.317383,0.262626,0.205082,0.333751,0.133349,0.083463,0.297133,0.055935,0.181586,0.264467,0.180678,0.237737,0.120347,0.241595,0.342864,0.167901,0.278111,0.419278,0.138349,0.237548,0.202701,0.219708,0.199260,0.263486,0.128430,0.177849,0.320227,0.216230,0.007026,0.127345,0.166192,0.272133,0.134271,0.133463,0.262874,0.248547,0.203438,0.083064,0.152167,0.198895,0.202601,0.218757,0.224573,0.222379,0.315910,0.220615,0.311134,0.146999,0.022605,0.088773,0.198176,0.212340,0.245418,0.254785,0.166881,0.281896,0.245323,0.141208,-0.009704,0.233775,0.348174,0.314733,0.260019,0.357753,0.089796,0.303169,0.178699,0.149297,0.307050,0.117451,0.090586,0.230519,0.199307,0.284866,0.222151,0.128352,0.299708,0.158835,0.094657,0.064058,0.213388,0.236372,0.117905,0.150419,0.200632,0.141507,0.166955,0.253976,0.109705,0.181225,0.275089,0.149955,0.238061,0.261239,0.237870,0.233859,0.153477,0.245181,0.223151,0.294075,0.251440,0.236597,0.194228,0.237150,0.226974,0.097031,0.153685,0.261824,0.125066,0.188772,0.291914,0.319067,0.216475,0.176701,0.186611,0.289578,0.294125,0.157568,0.092460,-0.006970,0.306822,0.272621,0.239531,0.278980,0.170805,0.168619,0.194138,0.218567,0.184290,0.312915,0.232024,0.055383,0.233322,0.205347,0.284456,0.072118,0.176833,0.243731,0.252834,#
20,0.126705,-0.030451,0.238302,0.147448,0.342493,0.076513,0.248072,0.102869,0.061573,0.141559,0.039723,0.084446,0.144123,0.154336,0.175572,0.064705,0.263875,0.238034,0.171352,0.186490,1.000000,0.132732,0.078890,0.177342,0.143196,0.236014,0.147274,-0.019621,0.099783,0.128333,0.035378,0.036540,0.142251,0.215183,0.123854,0.233275,0.208434,0.007999,0.221817,0.186969,0.132053,0.278449,0.048740,0.029918,0.268517,0.132358,0.307768,-0.021796,0.044293,0.110871,0.008989,0.114330,0.166955,0.262084,0.190594,0.141259,0.195742,0.145293,0.193326,0.025990,0.188246,0.150964,0.204572,0.081095,0.161184,0.053745,0.071791,0.178191,0.184679,0.228981,0.259125,0.203132,0.119231,0.105170,0.091313,-0.009070,0.116024,0.248194,0.217148,0.046010,0.191167,0.210528,0.211705,0.088649,0.126430,0.109634,0.204047,0.149564,0.181563,0.068375,0.234099,0.163375,0.168325,0.202273,0.227789,0.100443,0.177424,0.235070,0.211609,0.056783,0.133451,0.078832,0.202130,0.112359,0.125940,0.110589,0.134656,0.106658,0.078593,0.236566,0.170086,0.249735,0.090732,0.081317,0.201919,0.196771,0.245790,0.121727,-0.009512,0.227363,0.166660,0.228085,0.119950,0.111012,0.130279,0.104466,0.200412,0.096553,0.277379,0.202781,0.235770,0.123577,0.165389,0.161087,0.222304,0.120988,0.122306,0.108204,0.193949,0.119065,0.107917,0.168907,0.145056,0.146760,0.168333,0.170659,0.041815,0.143376,0.192379,0.206260,0.205164,0.114668,0.033078,0.213966,0.145406,0.123772,0.181551,0.041782,0.155695,0.302398,0.117720,0.244174,0.222710,0.203727,0.180406,0.071024,0.000611,0.152983,0.189743,0.055953,0.223264,0.130137,0.140889,0.011790,0.055000,0.103710,0.055302,0.122614,0.306328,0.124395,0.057723,0.151861,0.060451,0.095231,0.135318,-0.052004,0.155277,0.203777,0.114391,0.284442,-0.009450,0.096396,0.133956,0.235695,0.175793,0.082160,0.048671,0.188599,0.188081,0.188293,#
21,0.099393,0.144702,0.158827,0.144420,0.116814,-0.027822,0.118797,0.160206,0.161645,0.074921,0.024528,0.109727,0.080286,0.124420,0.050789,0.076170,0.174596,0.069448,0.140468,0.111894,0.132732,1.000000,0.064217,0.095124,0.072296,0.064332,0.149873,0.054076,0.150995,0.093890,0.095623,0.127632,0.116631,0.174829,0.049760,0.231323,0.277668,0.185982,0.300539,0.117728,-0.005963,0.160790,0.083331,0.122904,0.167496,0.112172,0.130161,0.207654,0.022074,0.032454,0.101746,0.075440,-0.025747,0.052711,0.150508,0.080102,0.111370,0.033979,0.053190,0.009963,0.143155,-0.000712,0.166427,0.100654,0.295249,0.143519,-0.010900,0.188635,0.185447,0.151684,0.272210,0.138574,0.266569,0.224127,0.106945,0.113753,-0.028658,0.105942,0.058315,0.125145,0.154043,0.096438,0.086799,-0.045028,0.186123,-0.032205,0.165045,0.041575,0.101947,0.188795,0.068939,-0.032746,0.018324,0.090435,0.171731,0.143493,0.185456,0.085277,-0.058708,0.138507,0.234965,0.214820,0.079171,0.059335,0.070067,0.213278,0.132266,-0.027678,0.134359,0.127097,0.134965,0.177950,0.003215,0.129045,0.134444,0.209360,0.237954,0.053566,0.037145,0.166321,0.116257,0.213139,0.114026,0.206526,0.136767,-0.021203,0.116227,0.131921,0.100027,0.065378,0.127761,0.128812,0.325417,0.109926,0.126061,0.047340,0.003774,0.051703,0.086104,0.229641,0.071321,0.195352,0.144564,0.128446,0.137022,0.246666,0.134219,0.126600,0.126571,0.039063,0.138245,0.013180,0.072209,0.081595,0.227437,0.171581,0.013230,0.074128,0.011861,0.101963,0.118870,0.258868,0.201673,0.135260,0.157382,0.027184,0.103405,0.121411,0.077586,0.203438,0.044923,0.086974,0.115246,0.076291,0.059550,0.221772,0.081650,0.149694,0.032771,0.051754,-0.020960,0.193460,-0.057727,0.096125,0.048356,0.110341,0.122840,0.117857,0.113615,0.167094,0.233754,0.006756,0.200893,0.174924,0.256546,0.142170,0.124582,0.182156,0.149689,0.068936,#
