0,1.000000,0.204317,0.340211,0.318901,0.342883,0.306919,0.189380,0.132231,0.306157,0.297755,0.347144,0.260843,0.188910,0.189316,0.436576,0.335064,0.291424,0.435467,0.365482,0.372282,0.333948,0.341901,0.309121,0.447722,0.250536,0.323618,0.392365,0.294807,0.369383,0.348320,0.225784,0.267645,0.294494,0.253927,0.272506,0.431153,0.325063,0.323707,0.411265,0.412391,0.301724,0.368656,0.192366,0.304713,0.238586,0.375040,0.321818,0.391130,0.249575,0.378556,0.358802,0.282806,0.274615,0.254313,0.372489,0.342023,0.354187,0.319624,0.263077,0.313030,0.358781,0.290350,0.368747,0.309947,0.344664,0.242243,0.328391,0.320456,0.306947,0.332526,0.363386,0.317049,0.380559,0.285200,0.250432,0.059279,0.313695,0.386369,0.342144,0.193685,0.336146,0.248070,0.314710,0.277586,0.394097,0.242749,0.381598,0.206170,0.458530,0.311125,0.293658,0.209515,0.300377,0.334509,0.370187,0.367625,0.434923,0.255916,0.313608,0.366268,0.375400,0.356863,0.257422,0.364419,0.331525,0.293313,0.385723,0.339970,0.242222,0.173885,0.202185,0.265698,0.248300,0.332281,0.265183,0.296371,0.340238,0.211988,0.267683,0.306340,0.411951,0.289101,0.297431,0.314902,0.298071,0.369080,0.279818,0.182107,0.228624,0.378101,0.366811,0.337692,0.345878,0.285636,0.283008,0.307456,0.338038,0.305191,0.236116,0.366758,0.329928,0.259493,0.313199,0.313752,0.319994,0.345151,0.208896,0.275765,0.308546,0.305605,0.219874,0.269726,0.288627,0.274359,0.277106,0.271465,0.275026,0.249544,0.379169,0.341105,0.292293,0.419213,0.184970,0.187455,0.324226,0.201150,0.226221,0.311049,0.313112,0.257931,0.328956,0.100444,0.425933,0.337305,0.157999,0.343695,0.369467,0.323847,0.298143,0.237139,0.359875,0.416201,0.189305,0.203925,0.226555,0.289776,0.356693,0.461066,0.396732,0.168315,0.300211,0.379803,0.231795,0.229807,0.392022,0.209259,0.110195,0.331579,0.456381,0.336507,#
1,0.204317,1.000000,0.287579,0.321242,0.355834,0.335702,0.390786,0.296211,0.337526,0.228250,0.434299,0.381463,0.259309,0.357982,0.231561,0.204766,0.197623,0.339666,0.253891,0.299584,0.269908,0.373099,0.202130,0.278708,0.326545,0.335724,0.339778,0.430984,0.213119,0.328547,0.327526,0.259606,0.325100,0.303764,0.178990,0.318989,0.261206,0.314955,0.432854,0.291391,0.306519,0.276059,0.338683,0.306198,0.266072,0.371212,0.425683,0.312621,0.244029,0.173791,0.404310,0.256672,0.414327,0.315814,0.274229,0.404469,0.292133,0.262570,0.346509,0.326062,0.272256,0.313793,0.347785,0.326055,0.279354,0.371920,0.261029,0.372964,0.394952,0.299569,0.314642,0.296258,0.432676,0.222142,0.363070,0.166294,0.290422,0.340636,0.409946,0.261184,0.297687,0.458259,0.345979,0.294788,0.316636,0.118861,0.400120,0.300082,0.337270,0.354681,0.327154,0.377490,0.246779,0.373571,0.258773,0.310711,0.284610,0.256721,0.221058,0.262642,0.318638,0.267840,0.306379,0.318117,0.263055,0.313930,0.309065,0.389877,0.248744,0.296148,0.337881,0.316078,0.252330,0.287468,0.371296,0.399265,0.364603,0.202915,0.282676,0.339201,0.193761,0.319923,0.349627,0.352434,0.289380,0.308261,0.291190,0.275708,0.278686,0.335020,0.281976,0.335330,0.270298,0.332013,0.468604,0.344242,0.338076,0.370668,0.290941,0.353483,0.344675,0.226787,0.249673,0.319762,0.387318,0.319834,0.247495,0.202520,0.307759,0.311516,0.337300,0.265457,0.206811,0.180851,0.342245,0.333207,0.246010,0.259661,0.235587,0.121682,0.144005,0.392870,0.308288,0.336695,0.373252,0.229722,0.210871,0.240341,0.312979,0.397773,0.361407,0.357152,0.303726,0.206719,0.333328,0.296604,0.166613,0.381830,0.311243,0.229567,0.278795,0.244983,0.329326,0.251842,0.370647,0.317083,0.261060,0.242466,0.277098,0.360615,0.415145,0.360533,0.220858,0.256553,0.328336,0.285381,0.105910,0.355061,0.238780,0.310282,#
2,0.340211,0.287579,1.000000,0.346276,0.301686,0.288494,0.324695,0.278031,0.222379,0.229803,0.352714,0.412492,0.206647,0.289554,0.208492,0.315324,0.224336,0.260525,0.259935,0.315013,0.365616,0.413701,0.186319,0.311534,0.357596,0.385414,0.385892,0.291591,0.236198,0.359342,0.242900,0.213422,0.231237,0.197948,0.195725,0.341840,0.295615,0.217883,0.308029,0.213224,0.391256,0.351536,0.248894,0.223808,0.223407,0.361751,0.270623,0.340294,0.188218,0.286436,0.308626,0.426174,0.322713,0.258678,0.189021,0.288915,0.238481,0.243700,0.276705,0.334941,0.230466,0.256569,0.298767,0.297889,0.394373,0.363332,0.311318,0.220206,0.318798,0.345878,0.273334,0.274237,0.253323,0.270486,0.337190,0.251523,0.246250,0.351343,0.339523,0.264320,0.398879,0.190449,0.216322,0.184923,0.324238,0.207584,0.390616,0.272096,0.295985,0.243243,0.239713,0.326150,0.349829,0.310221,0.227108,0.320456,0.309535,0.305854,0.345867,0.268942,0.348051,0.316023,0.211530,0.334282,0.237354,0.253184,0.312393,0.383504,0.243688,0.325504,0.332145,0.359812,0.336119,0.310330,0.281951,0.420914,0.277105,0.268012,0.063728,0.228740,0.307808,0.318084,0.262068,0.253631,0.299213,0.248121,0.344928,0.236031,0.242856,0.318749,0.242372,0.375160,0.303054,0.180900,0.343627,0.393943,0.242952,0.325064,0.168402,0.163952,0.215506,0.241589,0.281848,0.230149,0.459818,0.254274,0.114073,0.278149,0.359034,0.200179,0.268969,0.380403,0.335322,0.267049,0.253900,0.206450,0.205362,0.150185,0.284823,0.233248,0.273153,0.347751,0.338362,0.333456,0.360079,0.225738,0.289477,0.285347,0.156902,0.244913,0.208506,0.363506,0.208829,0.206727,0.292044,0.248865,0.369377,0.350041,0.180059,0.249558,0.355809,0.265251,0.168988,0.364940,0.190077,0.316067,0.206842,0.190165,0.349983,0.139308,0.274947,0.332450,0.405335,0.217622,0.333502,0.175949,0.121071,0.324968,0.392428,0.329557,#
3,0.318901,0.321242,0.346276,1.000000,0.349574,0.286881,0.307131,0.301512,0.371962,0.299760,0.407077,0.400502,0.238633,0.311798,0.308018,0.352585,0.268156,0.419870,0.335176,0.332204,0.306880,0.330516,0.367502,0.477490,0.390924,0.353202,0.346539,0.294319,0.342636,0.345297,0.337089,0.408194,0.457363,0.404614,0.151592,0.394343,0.357090,0.457670,0.452849,0.274239,0.375407,0.405384,0.292671,0.348626,0.257810,0.400534,0.329691,0.381183,0.167844,0.362480,0.385884,0.355253,0.335070,0.243230,0.246671,0.415936,0.308017,0.304647,0.335370,0.363110,0.286008,0.266181,0.333384,0.316260,0.427651,0.370372,0.343493,0.315234,0.279716,0.380608,0.343904,0.260077,0.367931,0.232742,0.368750,0.343518,0.311920,0.386625,0.395264,0.205543,0.420062,0.370771,0.363101,0.242012,0.422911,0.256961,0.412439,0.227359,0.408516,0.393067,0.351438,0.347300,0.352455,0.382663,0.285430,0.382089,0.406512,0.232642,0.408951,0.327587,0.436355,0.269765,0.357913,0.331888,0.413089,0.286639,0.380005,0.377405,0.205312,0.269483,0.349151,0.292503,0.317335,0.318091,0.229195,0.326823,0.334027,0.243474,0.200399,0.294766,0.391365,0.310702,0.308517,0.464634,0.303396,0.290384,0.362722,0.335468,0.212629,0.391503,0.343158,0.404561,0.400010,0.374189,0.352769,0.381227,0.247287,0.290301,0.333704,0.296462,0.369783,0.346026,0.325574,0.302997,0.402521,0.264356,0.370565,0.359212,0.256308,0.325688,0.279026,0.274311,0.249372,0.302986,0.328921,0.259656,0.288857,0.324874,0.292526,0.339018,0.339135,0.388703,0.402361,0.415058,0.353137,0.275409,0.345491,0.323836,0.264343,0.304881,0.355158,0.240336,0.268857,0.222228,0.292649,0.318520,0.384396,0.372160,0.222743,0.308283,0.286805,0.412544,0.403936,0.275989,0.184425,0.281934,0.239707,0.351158,0.234164,0.251280,0.289794,0.389328,0.390733,0.254987,0.305266,0.320148,0.297845,0.357042,0.312642,0.256285,#
4,0.342883,0.355834,0.301686,0.349574,1.000000,0.307610,0.277035,0.264801,0.338756,0.214590,0.291691,0.270545,0.244484,0.288781,0.221267,0.248721,0.152574,0.324979,0.296141,0.399575,0.357681,0.281098,0.284776,0.379029,0.274515,0.408641,0.251182,0.335149,0.368119,0.236137,0.200146,0.241730,0.290602,0.233193,0.230460,0.338000,0.362257,0.307321,0.281114,0.276839,0.339598,0.444390,0.222096,0.179063,0.392509,0.305287,0.380059,0.341933,0.218142,0.337984,0.303908,0.255377,0.247791,0.291108,0.342944,0.451842,0.243611,0.268598,0.313175,0.300418,0.325118,0.320583,0.221263,0.196668,0.249902,0.204300,0.325089,0.274791,0.290964,0.296535,0.277861,0.309361,0.368458,0.295870,0.210023,0.049179,0.258003,0.395435,0.290129,0.189524,0.378608,0.344392,0.248700,0.194916,0.415910,0.162630,0.346718,0.261373,0.329676,0.408607,0.343013,0.266260,0.247049,0.368646,0.199396,0.382775,0.313063,0.334788,0.275854,0.262349,0.274412,0.164753,0.331441,0.387191,0.290860,0.293002,0.180799,0.343218,0.263660,0.326090,0.382761,0.321988,0.310001,0.455203,0.311420,0.211442,0.272131,0.085464,0.193093,0.196490,0.303744,0.290101,0.324108,0.242920,0.398375,0.229157,0.329374,0.199593,0.246127,0.263588,0.351654,0.270761,0.330492,0.244836,0.353829,0.310535,0.279238,0.227262,0.215948,0.293498,0.399396,0.143858,0.254480,0.254303,0.351119,0.361378,0.262387,0.281246,0.289152,0.289355,0.297617,0.307497,0.284182,0.368205,0.313364,0.218657,0.351478,0.275053,0.273615,0.270656,0.309472,0.323407,0.177006,0.271352,0.183275,0.301098,0.207977,0.201332,0.192011,0.291680,0.197656,0.187142,0.293614,0.219912,0.355591,0.287482,0.325449,0.354367,0.248988,0.262967,0.201533,0.224927,0.369333,0.254803,0.221301,0.265315,0.122380,0.406486,0.316442,0.274803,0.258360,0.343297,0.257604,0.171931,0.266799,0.301043,0.241379,0.423042,0.295051,0.363124,#
5,0.306919,0.335702,0.288494,0.286881,0.307610,1.000000,0.255789,0.233389,0.312714,0.352186,0.305436,0.271649,0.271881,0.191141,0.337169,0.233732,0.206506,0.307016,0.225356,0.235578,0.326421,0.328143,0.231000,0.360359,0.300047,0.299797,0.280420,0.352747,0.312273,0.291082,0.250060,0.293787,0.338229,0.218803,0.181552,0.293884,0.392155,0.177698,0.333959,0.332947,0.336923,0.371983,0.163685,0.359393,0.222333,0.335021,0.303930,0.170586,0.250101,0.295296,0.362983,0.292564,0.266464,0.120272,0.279698,0.331075,0.163885,0.283068,0.371449,0.277218,0.240877,0.281663,0.321120,0.225604,0.371649,0.288908,0.355394,0.256982,0.278782,0.243848,0.358857,0.265785,0.346643,0.395306,0.246351,0.134262,0.298024,0.278802,0.330955,0.265829,0.268014,0.292395,0.398326,0.082607,0.230938,0.226532,0.239642,0.212155,0.326203,0.186148,0.215309,0.339729,0.268197,0.392922,0.204583,0.327578,0.256940,0.217419,0.286786,0.148686,0.275361,0.292143,0.249012,0.292422,0.204019,0.263313,0.213038,0.391448,0.211862,0.245916,0.339553,0.276843,0.324843,0.222638,0.291128,0.250859,0.353322,0.293850,0.159642,0.245922,0.140237,0.305276,0.200544,0.330281,0.206494,0.211882,0.140003,0.099309,0.404142,0.351977,0.335302,0.343459,0.321981,0.262936,0.428212,0.344183,0.191912,0.302142,0.163353,0.130944,0.311520,0.284017,0.248871,0.292124,0.294432,0.234381,0.252589,0.281031,0.149474,0.274201,0.340940,0.189465,0.323114,0.357015,0.239654,0.271487,0.290560,0.175654,0.386819,0.152763,0.300502,0.278533,0.295813,0.250748,0.300074,0.099380,0.195945,0.285838,0.310377,0.354064,0.306608,0.258282,0.337170,0.213541,0.169167,0.275596,0.280712,0.287094,0.311788,0.224132,0.289557,0.268887,0.402971,0.246813,0.254518,0.327312,0.248235,0.213476,0.244033,0.216812,0.330171,0.330369,0.268628,0.236889,0.427133,0.166103,0.093749,0.422279,0.258928,0.382544,#
6,0.189380,0.390786,0.324695,0.307131,0.277035,0.255789,1.000000,0.254866,0.258176,0.152358,0.236556,0.260153,0.141641,0.295233,0.180451,0.236970,0.198956,0.274262,0.284706,0.253254,0.261547,0.306574,0.151871,0.216698,0.176452,0.286179,0.224906,0.305602,0.308713,0.276422,0.159095,0.256240,0.243272,0.184603,0.119031,0.177550,0.164372,0.269958,0.292765,0.245372,0.303374,0.258061,0.147818,0.297038,0.191210,0.225426,0.268509,0.347987,0.201280,0.245403,0.202127,0.279921,0.288413,0.234382,0.153184,0.300637,0.211005,0.286810,0.291429,0.368998,0.254131,0.230110,0.230333,0.227108,0.239005,0.459412,0.250114,0.266793,0.273008,0.234867,0.251460,0.257059,0.367552,0.169556,0.341781,0.163776,0.276005,0.291463,0.332459,0.210142,0.288274,0.271268,0.295884,0.157176,0.287160,0.247650,0.250161,0.318598,0.268697,0.297962,0.276765,0.193964,0.215743,0.330457,0.217358,0.303924,0.278887,0.240866,0.291707,0.292031,0.284425,0.326247,0.224275,0.249082,0.065344,0.360634,0.172663,0.227138,0.257392,0.253991,0.299620,0.280434,0.249168,0.160302,0.256314,0.297532,0.301248,0.129599,0.223261,0.215461,0.230669,0.316071,0.192060,0.198544,0.225675,0.181175,0.200687,0.287477,0.124423,0.335901,0.244594,0.216973,0.317664,0.122398,0.368822,0.268525,0.213185,0.287878,0.265524,0.239805,0.193174,0.118042,0.113431,0.329935,0.171495,0.298432,0.213891,0.173356,0.234967,0.098600,0.353142,0.127623,0.297818,0.213128,0.291130,0.226060,0.158796,0.272713,0.255228,0.152666,0.134109,0.336223,0.296098,0.233873,0.282677,0.232370,0.159809,0.263261,0.239068,0.302787,0.111126,0.232439,0.236975,0.167100,0.274064,0.315079,0.190543,0.308465,0.310621,0.124584,0.120883,0.163813,0.294169,0.318757,0.283200,0.289143,0.207095,0.244117,0.301022,0.286032,0.208243,0.219891,0.282019,0.253469,0.190288,0.186848,0.205953,0.287734,0.195581,0.314187,#
7,0.132231,0.296211,0.278031,0.301512,0.264801,0.233389,0.254866,1.000000,0.265115,0.272510,0.319818,0.422366,0.107223,0.286747,0.265454,0.283520,0.133655,0.352797,0.225183,0.312931,0.249348,0.280005,0.311249,0.219502,0.353834,0.229058,0.274312,0.399467,0.254991,0.246597,0.252554,0.225100,0.331555,0.196833,0.134350,0.325932,0.175907,0.212451,0.333882,0.296569,0.273972,0.267937,0.265252,0.204469,0.273734,0.325375,0.220378,0.274161,0.278048,0.287424,0.386714,0.301208,0.214352,0.254000,0.211398,0.254518,0.205682,0.314092,0.294401,0.307295,0.276123,0.153383,0.315662,0.227035,0.376748,0.286779,0.307110,0.223341,0.251820,0.398062,0.228998,0.133565,0.397803,0.255044,0.210089,0.154834,0.218003,0.332931,0.288436,0.357241,0.285072,0.294288,0.337782,0.180907,0.322505,0.150841,0.312790,0.116452,0.254645,0.286134,0.247331,0.248667,0.283714,0.332217,0.134775,0.295112,0.196678,0.218565,0.199940,0.131436,0.321384,0.179018,0.250132,0.264780,0.138518,0.348900,0.333641,0.194951,0.245377,0.260419,0.216744,0.287650,0.144425,0.281777,0.393556,0.250485,0.173225,0.159310,0.158478,0.324909,0.256652,0.313717,0.203466,0.341444,0.328283,0.235835,0.343008,0.320181,0.232131,0.219221,0.172228,0.239178,0.343224,0.247426,0.440227,0.256984,0.096421,0.423936,0.228321,0.258861,0.363969,0.213451,0.134680,0.198867,0.307748,0.204109,0.272607,0.195770,0.199426,0.239526,0.298611,0.351998,0.163483,0.162671,0.107431,0.295321,0.281658,0.340961,0.293112,0.307702,0.223160,0.340018,0.260653,0.227618,0.183173,0.238199,0.388423,0.182833,0.267075,0.282993,0.264442,0.229964,0.235082,0.134478,0.303200,0.204398,0.201309,0.273076,0.075382,0.356560,0.230532,0.263807,0.236983,0.288562,0.083653,0.310782,0.098018,0.195862,0.160799,0.332353,0.308154,0.282908,0.326360,0.244150,0.228224,0.182934,0.162196,0.331104,0.319753,0.273802,#
8,0.306157,0.337526,0.222379,0.371962,0.338756,0.312714,0.258176,0.265115,1.000000,0.284507,0.366720,0.326135,0.266426,0.270599,0.396679,0.354611,0.108245,0.260390,0.213096,0.303373,0.289660,0.298763,0.248507,0.359290,0.226262,0.306538,0.237099,0.377123,0.207396,0.349902,0.184899,0.304249,0.237335,0.278241,0.239865,0.366043,0.310682,0.243697,0.319971,0.327224,0.294146,0.327451,0.109191,0.236301,0.423359,0.356809,0.283089,0.258970,0.202398,0.271919,0.280259,0.402524,0.188165,0.414541,0.280705,0.396171,0.292487,0.296017,0.275114,0.390841,0.343664,0.200439,0.400304,0.177377,0.381080,0.379390,0.349547,0.271116,0.417181,0.315707,0.254683,0.256414,0.352669,0.222968,0.274515,0.183271,0.262055,0.283170,0.331688,0.178186,0.345391,0.357492,0.334473,0.076068,0.391278,0.208084,0.300211,0.205136,0.316589,0.298002,0.266201,0.272245,0.312941,0.286960,0.357582,0.424892,0.387588,0.262701,0.285945,0.238546,0.338505,0.192941,0.281389,0.307753,0.346710,0.187595,0.339852,0.281304,0.142520,0.323281,0.172442,0.266904,0.146518,0.270815,0.297530,0.401851,0.286899,0.166509,0.122639,0.348432,0.325436,0.277730,0.250644,0.330272,0.306606,0.345189,0.233948,0.376958,0.151989,0.359094,0.259802,0.226198,0.346968,0.260318,0.369758,0.366261,0.240177,0.330393,0.325757,0.236112,0.339082,0.295903,0.412587,0.192719,0.274288,0.276025,0.316093,0.322594,0.276778,0.255199,0.399112,0.225702,0.257517,0.334215,0.435763,0.352361,0.251546,0.308594,0.254014,0.303849,0.184997,0.332734,0.176110,0.315082,0.340843,0.282138,0.311354,0.192466,0.285451,0.294949,0.318148,0.145391,0.207394,0.270742,0.279884,0.262956,0.215042,0.354105,0.273449,0.267873,0.288815,0.270312,0.226444,0.347213,0.276752,0.330545,0.124056,0.176286,0.291889,0.206115,0.310211,0.310467,0.289620,0.238532,0.368629,0.165940,0.215486,0.172582,0.281024,0.205102,#
9,0.297755,0.228250,0.229803,0.299760,0.214590,0.352186,0.152358,0.272510,0.284507,1.000000,0.426765,0.261340,0.148346,0.278841,0.329486,0.335223,0.191223,0.219058,0.155124,0.347398,0.278596,0.243811,0.236541,0.295690,0.217293,0.272272,0.341926,0.403339,0.268611,0.277440,0.354166,0.271978,0.183011,0.260537,0.314747,0.337526,0.145743,0.330164,0.309835,0.226211,0.367715,0.338993,0.164175,0.090008,0.232847,0.398840,0.271202,0.254419,0.181275,0.205479,0.353922,0.373703,0.253121,0.188330,0.199569,0.392691,0.292790,0.241734,0.252524,0.219140,0.248856,0.276907,0.395417,0.283780,0.356991,0.297745,0.198621,0.241971,0.305326,0.197561,0.345840,0.313131,0.301117,0.284757,0.250157,0.216125,0.251007,0.254230,0.400214,0.308499,0.236680,0.368846,0.258074,0.137798,0.350105,0.257743,0.382842,0.216470,0.150357,0.152262,0.174465,0.378526,0.269636,0.252621,0.292719,0.323308,0.409047,0.305601,0.253608,0.129555,0.257536,0.257611,0.403257,0.225672,0.329608,0.246879,0.302311,0.244636,0.278220,0.166177,0.237440,0.235693,0.267407,0.347331,0.239392,0.319720,0.230443,0.276348,0.369644,0.162283,0.333532,0.406183,0.225082,0.321072,0.240141,0.281600,0.078405,0.343343,0.238715,0.320866,0.242222,0.311367,0.263690,0.314287,0.330669,0.224254,0.285265,0.418369,0.209446,0.163242,0.203526,0.313179,0.249798,0.218631,0.266153,0.181399,0.272068,0.296737,0.139752,0.420481,0.258126,0.151662,0.392162,0.301923,0.255706,0.282988,0.294443,0.287612,0.400185,0.187780,0.251063,0.246617,0.146856,0.387386,0.282503,0.146867,0.274575,0.226321,0.451872,0.240796,0.278280,0.243272,0.261406,0.288295,0.227795,0.292378,0.283226,0.183222,0.188233,0.320187,0.152738,0.267171,0.369053,0.275188,0.179778,0.281781,0.229346,0.274653,0.394229,0.219945,0.295758,0.276699,0.277759,0.253771,0.257876,0.211873,0.159063,0.194665,0.241305,0.274112,#
10,0.347144,0.434299,0.352714,0.407077,0.291691,0.305436,0.236556,0.319818,0.366720,0.426765,1.000000,0.270935,0.123697,0.341697,0.348930,0.286612,0.211423,0.335025,0.398733,0.344175,0.251273,0.282224,0.181321,0.300180,0.270747,0.245752,0.359979,0.362386,0.241937,0.344741,0.336649,0.291290,0.301450,0.280932,0.250202,0.411977,0.223332,0.317496,0.425417,0.297295,0.291123,0.243275,0.249570,0.125115,0.229728,0.364360,0.310203,0.337628,0.281793,0.346995,0.299728,0.344198,0.276638,0.307623,0.204260,0.345894,0.222846,0.230632,0.330366,0.284380,0.258568,0.317757,0.299015,0.361687,0.388644,0.352555,0.369322,0.271329,0.324247,0.270273,0.316217,0.318977,0.346861,0.250532,0.238909,0.235627,0.289325,0.240898,0.304204,0.224767,0.328788,0.333391,0.357400,0.237520,0.408235,0.147546,0.393729,0.247177,0.324438,0.282382,0.207896,0.273940,0.351180,0.304551,0.278987,0.355402,0.366110,0.169855,0.335360,0.258564,0.278177,0.255517,0.295662,0.294565,0.364714,0.184683,0.340749,0.396711,0.187250,0.228329,0.231760,0.341046,0.244710,0.319705,0.383015,0.446911,0.259236,0.136670,0.201002,0.237253,0.280985,0.310992,0.260774,0.302206,0.247768,0.235670,0.204070,0.303447,0.283979,0.414189,0.345023,0.297193,0.306182,0.227348,0.351583,0.294634,0.208670,0.446172,0.150846,0.283448,0.351077,0.210038,0.340132,0.256523,0.344924,0.215418,0.123693,0.209535,0.188692,0.325650,0.323853,0.297542,0.339494,0.252240,0.352942,0.267743,0.330826,0.172540,0.338524,0.304022,0.273748,0.287764,0.320095,0.364529,0.332986,0.204399,0.320842,0.196931,0.259615,0.340223,0.305606,0.257993,0.272717,0.273890,0.311351,0.174382,0.230987,0.352489,0.281969,0.322100,0.297918,0.261545,0.386296,0.233122,0.274214,0.295397,0.114770,0.174350,0.327522,0.296429,0.356143,0.297494,0.257630,0.210457,0.358840,0.235488,0.122700,0.347539,0.353513,0.408542,#
11,0.260843,0.381463,0.412492,0.400502,0.270545,0.271649,0.260153,0.422366,0.326135,0.261340,0.270935,1.000000,0.221632,0.272489,0.184146,0.274786,0.251609,0.370053,0.223901,0.147998,0.285828,0.369858,0.196877,0.344771,0.396167,0.416300,0.224150,0.441946,0.097129,0.375445,0.341489,0.332156,0.294387,0.275963,0.204300,0.325882,0.286142,0.248626,0.322193,0.325188,0.345061,0.408888,0.352347,0.390282,0.200725,0.424670,0.307610,0.316264,0.234988,0.209322,0.396133,0.368274,0.260373,0.411430,0.187319,0.306771,0.281801,0.302653,0.317952,0.273666,0.235909,0.275883,0.385537,0.310101,0.387081,0.412559,0.348826,0.376542,0.346235,0.371994,0.251926,0.214218,0.398590,0.239663,0.262460,0.201273,0.254215,0.303911,0.407538,0.256047,0.368979,0.226545,0.371094,0.251283,0.395938,0.155003,0.384485,0.306522,0.316422,0.247120,0.308100,0.357474,0.380523,0.515020,0.252937,0.334482,0.241971,0.263017,0.359416,0.385935,0.351459,0.300966,0.280010,0.302389,0.230865,0.382107,0.348924,0.343634,0.353222,0.291225,0.337533,0.306445,0.348268,0.306455,0.140314,0.498879,0.299564,0.230891,0.190847,0.331206,0.269123,0.363259,0.335328,0.330097,0.301702,0.221925,0.304419,0.361549,0.316903,0.280589,0.217637,0.450743,0.340556,0.316923,0.301073,0.301569,0.082245,0.459294,0.178704,0.342483,0.285979,0.234059,0.238038,0.343131,0.385550,0.263739,0.360535,0.215030,0.245095,0.242620,0.263062,0.422182,0.261516,0.245181,0.321109,0.254859,0.251115,0.163850,0.301832,0.284720,0.270334,0.388450,0.209730,0.298693,0.337883,0.222579,0.394802,0.312555,0.363659,0.336253,0.335583,0.180940,0.244307,0.187424,0.315231,0.346334,0.346091,0.271907,0.169874,0.253910,0.375300,0.269935,0.310662,0.233597,0.141545,0.352561,0.206976,0.237228,0.275548,0.322780,0.239506,0.249502,0.417935,0.198095,0.404479,0.242842,0.208013,0.315348,0.269197,0.312141,#
12,0.188910,0.259309,0.206647,0.238633,0.244484,0.271881,0.141641,0.107223,0.266426,0.148346,0.123697,0.221632,1.000000,0.180715,0.305246,0.243463,0.259021,0.256787,0.325638,0.351175,0.270481,0.186632,0.173840,0.267881,0.210970,0.236083,0.223088,0.326430,0.230550,0.340060,0.056095,0.300377,0.267718,0.216518,0.223004,0.279614,0.249697,0.170671,0.234357,0.244749,0.371237,0.229986,0.248438,0.274445,0.306070,0.324074,0.266788,0.088401,0.241712,0.150186,0.335858,0.212801,0.199962,0.266802,0.206817,0.276946,0.166215,0.255056,0.179648,0.208950,0.243059,0.252101,0.214589,0.290633,0.338344,0.267267,0.235394,0.188612,0.231203,0.184309,0.148554,0.282472,0.273127,0.134833,0.312153,0.235753,0.237073,0.166867,0.210277,0.136860,0.264574,0.221326,0.180629,0.192403,0.275764,0.277768,0.231127,0.271615,0.292548,0.232893,0.233838,0.219561,0.206041,0.315979,0.195047,0.187681,0.398775,0.283291,0.130238,0.147660,0.237764,0.219050,0.265149,0.261492,0.315071,0.175280,0.224923,0.167138,0.114030,0.239627,0.289783,0.104371,0.272568,0.253865,0.203539,0.198922,0.285571,0.170767,0.204867,0.195837,0.221892,0.344350,0.346335,0.279429,0.156631,0.155345,0.246568,0.165028,0.146564,0.145675,0.218992,0.241496,0.203468,0.174388,0.249334,0.179228,0.220926,0.238778,0.244989,0.229886,0.312627,0.215271,0.171622,0.193690,0.122706,0.263216,0.234273,0.251765,0.185323,0.195545,0.191170,0.364960,0.201127,0.185755,0.194201,0.263982,0.167179,0.030590,0.167091,0.129460,0.162670,0.372605,0.213787,0.316628,0.236113,0.164789,0.325697,0.147918,0.229987,0.266926,0.212872,0.225881,0.202603,0.213022,0.264374,0.140397,0.277994,0.286197,0.135296,0.270056,0.264639,0.225528,0.302979,0.187950,0.254077,0.254750,0.247826,0.278696,0.196961,0.066088,0.313986,0.293746,0.283108,0.230299,0.200145,0.192512,0.179242,0.236397,0.275195,0.211447,#
13,0.189316,0.357982,0.289554,0.311798,0.288781,0.191141,0.295233,0.286747,0.270599,0.278841,0.341697,0.272489,0.180715,1.000000,0.394839,0.291155,0.242813,0.237107,0.300910,0.406038,0.293910,0.284274,0.150039,0.264282,0.311000,0.448600,0.353585,0.369607,0.245900,0.261316,0.314311,0.259205,0.308743,0.304896,0.214980,0.316054,0.266191,0.355386,0.217617,0.286335,0.265959,0.339761,0.320996,0.215080,0.291415,0.364628,0.405531,0.302704,0.312277,0.238902,0.365836,0.357627,0.291859,0.324365,0.254586,0.464253,0.237495,0.299487,0.308077,0.394545,0.339924,0.310828,0.451920,0.287420,0.302333,0.333239,0.499400,0.331625,0.443910,0.363872,0.223668,0.275215,0.361344,0.193836,0.396652,0.194414,0.336351,0.413412,0.419307,0.256975,0.379781,0.500426,0.340944,0.365137,0.458880,0.216218,0.418035,0.341003,0.353693,0.354926,0.279215,0.292679,0.365851,0.382560,0.266315,0.305543,0.356064,0.248181,0.272023,0.355202,0.350633,0.342845,0.321044,0.349589,0.266611,0.366631,0.357125,0.319839,0.385587,0.312858,0.256273,0.276890,0.401755,0.328600,0.348471,0.357074,0.375074,0.269663,0.207901,0.320618,0.373442,0.416338,0.269277,0.376514,0.317725,0.248762,0.223037,0.228513,0.380441,0.328399,0.238598,0.270427,0.284079,0.254745,0.436472,0.337478,0.319276,0.369705,0.412327,0.320701,0.249081,0.249869,0.376794,0.291009,0.362707,0.435732,0.260919,0.330055,0.107685,0.302244,0.348583,0.265894,0.300703,0.416694,0.370634,0.338348,0.207598,0.333399,0.302148,0.302505,0.211285,0.463437,0.216283,0.408368,0.331846,0.330696,0.258938,0.210061,0.324975,0.347290,0.334188,0.405720,0.329573,0.249166,0.353835,0.282960,0.227200,0.286485,0.332862,0.146024,0.284596,0.311120,0.337568,0.396813,0.259714,0.378497,0.316435,0.304996,0.268153,0.333087,0.225107,0.402896,0.342356,0.295528,0.259380,0.298367,0.230517,0.327977,0.373168,0.306979,#
14,0.436576,0.231561,0.208492,0.308018,0.221267,0.337169,0.180451,0.265454,0.396679,0.329486,0.348930,0.184146,0.305246,0.394839,1.000000,0.430626,0.269572,0.354966,0.342710,0.466600,0.316750,0.203087,0.319337,0.432922,0.264342,0.275611,0.393608,0.366503,0.300579,0.335166,0.168384,0.286905,0.236098,0.165110,0.298193,0.363694,0.319266,0.350979,0.354505,0.392918,0.409450,0.312021,0.302017,0.213696,0.349136,0.450062,0.356175,0.268105,0.271482,0.289188,0.453035,0.278146,0.306843,0.329323,0.444074,0.393443,0.376374,0.289211,0.274490,0.315604,0.360901,0.396354,0.321009,0.332108,0.371776,0.239765,0.387110,0.351860,0.322849,0.349852,0.219920,0.309643,0.276922,0.346551,0.267302,0.191764,0.292289,0.341185,0.317293,0.270390,0.379174,0.262512,0.378219,0.290229,0.371466,0.329596,0.239105,0.183103,0.363592,0.284280,0.331282,0.290388,0.364211,0.361944,0.349209,0.250964,0.398281,0.324184,0.247663,0.263926,0.309224,0.326247,0.307260,0.379242,0.339035,0.298449,0.419296,0.430639,0.229047,0.300541,0.135565,0.143650,0.331635,0.231316,0.354894,0.360743,0.253595,0.257715,0.324141,0.338857,0.441526,0.386965,0.170084,0.281901,0.302081,0.237359,0.281707,0.237371,0.119511,0.391237,0.190929,0.344913,0.337393,0.174445,0.299609,0.260246,0.243961,0.330641,0.242665,0.233118,0.393744,0.365299,0.400315,0.224190,0.227341,0.366139,0.243627,0.254923,0.114211,0.231707,0.319810,0.264541,0.193172,0.334188,0.316230,0.253964,0.332717,0.239601,0.284716,0.188320,0.252590,0.379513,0.246506,0.224082,0.357952,0.179861,0.293596,0.262145,0.254860,0.342230,0.358405,0.343497,0.353061,0.315644,0.262756,0.191221,0.391048,0.370897,0.366147,0.321258,0.295904,0.363776,0.306537,0.341768,0.286026,0.303219,0.240092,0.181157,0.222203,0.265302,0.279656,0.387578,0.307850,0.366274,0.295372,0.165295,0.061004,0.309932,0.340943,0.324368,#
15,0.335064,0.204766,0.315324,0.352585,0.248721,0.233732,0.236970,0.283520,0.354611,0.335223,0.286612,0.274786,0.243463,0.291155,0.430626,1.000000,0.295397,0.396629,0.342264,0.303889,0.275178,0.286730,0.296675,0.414729,0.296316,0.428343,0.368946,0.352319,0.314445,0.312132,0.225439,0.326254,0.237931,0.347332,0.286783,0.295123,0.261894,0.283267,0.378771,0.284242,0.418069,0.357434,0.270008,0.272342,0.353229,0.382354,0.179498,0.274264,0.140722,0.351938,0.328942,0.355647,0.352940,0.297971,0.343987,0.342074,0.269410,0.342371,0.311065,0.401245,0.317591,0.218068,0.383746,0.242898,0.305021,0.329286,0.354903,0.368419,0.293064,0.278674,0.334260,0.354108,0.310853,0.256005,0.320516,0.216109,0.210168,0.381391,0.299575,0.243051,0.442205,0.266440,0.243219,0.296328,0.361430,0.228794,0.330772,0.279799,0.380485,0.344042,0.286336,0.251206,0.316324,0.396914,0.261033,0.290646,0.454215,0.227118,0.279185,0.219363,0.366187,0.268898,0.330683,0.369550,0.235427,0.273095,0.328738,0.291266,0.228259,0.373843,0.210816,0.321922,0.281186,0.216212,0.309304,0.420976,0.296047,0.126288,0.239960,0.251070,0.379469,0.394612,0.265378,0.406802,0.281470,0.252952,0.262910,0.322251,0.217010,0.302918,0.189306,0.395929,0.311573,0.288060,0.349698,0.342438,0.214642,0.260406,0.262692,0.159901,0.255609,0.369990,0.369338,0.226666,0.342498,0.298403,0.316814,0.301475,0.316042,0.287371,0.338663,0.193223,0.275239,0.471985,0.197419,0.422844,0.240893,0.293674,0.285159,0.245873,0.183077,0.308221,0.304881,0.316664,0.319413,0.286618,0.320198,0.259616,0.322410,0.290318,0.206721,0.237071,0.262291,0.201151,0.361966,0.211971,0.342183,0.254844,0.120878,0.340292,0.362138,0.322683,0.239772,0.382229,0.230738,0.347029,0.170776,0.306561,0.248919,0.218788,0.163595,0.369001,0.328229,0.309855,0.236165,0.194238,0.169476,0.337010,0.255774,0.166226,#
16,0.291424,0.197623,0.224336,0.268156,0.152574,0.206506,0.198956,0.133655,0.108245,0.191223,0.211423,0.251609,0.259021,0.242813,0.269572,0.295397,1.000000,0.283365,0.221867,0.284221,0.387846,0.229341,0.271677,0.202161,0.105406,0.317309,0.286467,0.134579,0.136154,0.252928,0.162880,0.318903,0.080848,0.326244,0.168798,0.312863,0.230489,0.192811,0.244050,0.258137,0.179954,0.292044,0.189774,0.264397,0.231119,0.337878,0.201847,0.267390,0.176433,0.173833,0.157223,0.304431,0.388588,0.210331,0.194890,0.206165,0.115012,0.214867,0.232232,0.135501,0.146204,0.386002,0.304173,0.329002,0.351287,0.246046,0.255813,0.375122,0.140211,0.300281,0.097988,0.365818,0.322373,0.101631,0.225942,0.330482,0.157093,0.313215,0.288770,0.199493,0.185336,0.200874,0.185095,0.208878,0.279550,0.247423,0.352319,0.187312,0.328898,0.151543,0.227903,0.257396,0.206237,0.208335,0.209823,0.175295,0.295525,0.100206,0.259576,0.221757,0.230282,0.216513,0.138395,0.204884,0.224924,0.224834,0.270257,0.158727,0.119567,0.251850,0.231193,0.232207,0.230184,0.214378,0.260784,0.370703,0.265522,0.182497,0.128656,0.255623,0.273078,0.291563,0.304501,0.280590,0.270797,0.065067,0.191060,0.108940,0.173490,0.292830,0.122245,0.248383,0.353078,0.038701,0.339237,0.311724,0.072856,0.293706,0.195634,0.279577,0.121245,0.159339,0.159125,0.245221,0.257957,0.199288,0.106706,0.197066,0.175828,0.143430,0.136172,0.254286,0.159350,0.162764,0.236080,0.237342,0.159074,0.153987,0.217906,0.196416,0.133066,0.363281,0.260462,0.309502,0.261545,0.151596,0.290533,0.239272,0.178495,0.150469,0.110106,0.079700,0.196634,0.088311,0.189457,0.283230,0.124225,0.143101,0.224512,0.139749,0.188733,0.252608,0.280432,0.076483,0.100038,0.222566,0.279647,0.252020,0.224036,0.159490,0.285674,0.054860,0.075877,0.179423,0.298817,0.280536,0.021010,0.220744,0.138044,0.178182,#
17,0.435467,0.339666,0.260525,0.419870,0.324979,0.307016,0.274262,0.352797,0.260390,0.219058,0.335025,0.370053,0.256787,0.237107,0.354966,0.396629,0.283365,1.000000,0.292159,0.374708,0.394790,0.323664,0.269665,0.443586,0.304679,0.338218,0.296934,0.285995,0.305641,0.356475,0.290755,0.365781,0.453802,0.253655,0.219691,0.369249,0.203406,0.444384,0.389971,0.220843,0.354597,0.332740,0.217494,0.368669,0.251546,0.404075,0.383936,0.272401,0.325915,0.315151,0.365818,0.269298,0.230355,0.293422,0.288850,0.366092,0.339637,0.406295,0.295591,0.369706,0.324483,0.323253,0.295262,0.313871,0.319739,0.434025,0.417120,0.396411,0.340880,0.426759,0.356556,0.357190,0.420876,0.233993,0.292601,0.343985,0.285858,0.379666,0.278650,0.326898,0.325331,0.365694,0.490768,0.274785,0.398182,0.156360,0.369679,0.263661,0.438565,0.356315,0.319716,0.225491,0.377046,0.343747,0.226970,0.323066,0.363447,0.374986,0.351861,0.334897,0.315849,0.229658,0.257937,0.381408,0.248135,0.365523,0.336371,0.416296,0.198780,0.183571,0.280285,0.287630,0.328258,0.368847,0.282812,0.382067,0.308546,0.216024,0.249509,0.349573,0.275995,0.384920,0.288207,0.375036,0.475335,0.273816,0.282664,0.285715,0.196105,0.281589,0.231274,0.388520,0.454384,0.363416,0.361103,0.372235,0.385300,0.346830,0.279474,0.344974,0.371307,0.300535,0.265305,0.277907,0.379298,0.372432,0.152563,0.310878,0.243619,0.227866,0.343976,0.219187,0.225025,0.357516,0.319222,0.353289,0.263173,0.316311,0.444935,0.298160,0.327597,0.407133,0.314224,0.289911,0.328973,0.279351,0.285334,0.327041,0.258283,0.264481,0.398516,0.245704,0.268007,0.283221,0.382854,0.227215,0.362234,0.304035,0.147861,0.380784,0.328472,0.449640,0.321750,0.213665,0.172696,0.303872,0.279181,0.288671,0.383485,0.306912,0.289104,0.441251,0.318484,0.266468,0.450485,0.305348,0.263495,0.289465,0.272199,0.309884,#
18,0.365482,0.253891,0.259935,0.335176,0.296141,0.225356,0.284706,0.225183,0.213096,0.155124,0.398733,0.223901,0.325638,0.300910,0.342710,0.342264,0.221867,0.292159,1.000000,0.323747,0.321001,0.246404,0.154988,0.429332,0.315287,0.321858,0.327360,0.374919,0.315813,0.223658,0.218023,0.223921,0.362405,0.221402,0.284696,0.381595,0.328744,0.262160,0.296243,0.387495,0.339230,0.324115,0.272759,0.235311,0.244092,0.301464,0.190668,0.260609,0.198821,0.330087,0.356826,0.227785,0.344543,0.298336,0.279057,0.308906,0.254442,0.325165,0.241011,0.230950,0.225025,0.273711,0.347130,0.326603,0.269963,0.354654,0.391187,0.348368,0.222008,0.180598,0.141060,0.256851,0.282887,0.160706,0.243812,0.223212,0.217955,0.356684,0.326698,0.303563,0.356340,0.259518,0.308331,0.313211,0.270131,0.106344,0.388250,0.196247,0.372843,0.287008,0.340482,0.235617,0.293942,0.317982,0.279657,0.326184,0.455226,0.278027,0.229140,0.321635,0.240710,0.323498,0.364085,0.328825,0.371324,0.296031,0.282857,0.282699,0.250062,0.297701,0.355895,0.366425,0.272220,0.288633,0.272884,0.275185,0.247424,0.091390,0.291363,0.309733,0.272778,0.332031,0.262107,0.215891,0.272645,0.216047,0.253367,0.265512,0.288042,0.294783,0.250694,0.391581,0.255721,0.227132,0.369956,0.166079,0.224294,0.387453,0.200914,0.346670,0.320656,0.194700,0.227978,0.225237,0.320054,0.312922,0.150514,0.189276,0.139929,0.242529,0.239621,0.285482,0.276198,0.277956,0.264768,0.370554,0.370470,0.264581,0.206071,0.357838,0.278067,0.345062,0.258243,0.290956,0.263716,0.283972,0.354238,0.289117,0.254628,0.364625,0.109314,0.241862,0.320999,0.224122,0.241752,0.284911,0.322408,0.382474,0.399763,0.232275,0.211670,0.280843,0.347657,0.190814,0.335020,0.257163,0.335053,0.360836,0.277189,0.244290,0.273766,0.362794,0.364706,0.261050,0.287762,0.242287,0.203965,0.341558,0.375849,0.252549,#
19,0.372282,0.299584,0.315013,0.332204,0.399575,0.235578,0.253254,0.312931,0.303373,0.347398,0.344175,0.147998,0.351175,0.406038,0.466600,0.303889,0.284221,0.374708,0.323747,1.000000,0.309830,0.303002,0.283504,0.360364,0.271253,0.431236,0.347994,0.359716,0.312808,0.409785,0.274241,0.323860,0.307704,0.223340,0.331417,0.417781,0.211036,0.297236,0.454697,0.271437,0.353617,0.329704,0.173582,0.185219,0.263257,0.402914,0.389840,0.397570,0.247802,0.382138,0.357502,0.339134,0.245272,0.397210,0.314685,0.413831,0.297623,0.292298,0.315478,0.327934,0.305749,0.356819,0.377668,0.341552,0.397017,0.286829,0.357448,0.349358,0.292722,0.371136,0.350586,0.331250,0.402921,0.215069,0.341894,0.350335,0.286147,0.424643,0.434386,0.226602,0.403482,0.414496,0.399022,0.214437,0.447034,0.212649,0.361191,0.286219,0.404022,0.257749,0.263356,0.327070,0.384396,0.328554,0.293197,0.385422,0.410946,0.387205,0.200001,0.213414,0.314862,0.302221,0.335667,0.361994,0.391072,0.407136,0.347750,0.467593,0.179973,0.197807,0.304819,0.289794,0.359938,0.406792,0.392530,0.318915,0.366353,0.326699,0.337767,0.169873,0.430824,0.469409,0.294590,0.407525,0.458935,0.263430,0.349941,0.308868,0.160101,0.326120,0.232154,0.225927,0.422253,0.249555,0.361296,0.352581,0.305013,0.439526,0.287836,0.291133,0.348899,0.385609,0.292689,0.269685,0.341278,0.346560,0.199334,0.406748,0.335472,0.219500,0.299447,0.349791,0.305908,0.403756,0.332866,0.267516,0.304923,0.232447,0.315971,0.194584,0.387930,0.371166,0.371487,0.308759,0.380573,0.246463,0.292131,0.275971,0.335657,0.267200,0.369974,0.286722,0.345554,0.266441,0.305439,0.252187,0.367538,0.382137,0.270908,0.294915,0.202606,0.388508,0.312990,0.332056,0.274064,0.359713,0.273484,0.334346,0.354117,0.263720,0.412348,0.420947,0.277726,0.334224,0.317272,0.271423,0.261879,0.348669,0.425863,0.392106,#
20,0.333948,0.269908,0.365616,0.306880,0.357681,0.326421,0.261547,0.249348,0.289660,0.278596,0.251273,0.285828,0.270481,0.293910,0.316750,0.275178,0.387846,0.394790,0.321001,0.309830,1.000000,0.301175,0.230393,0.376143,0.381628,0.370678,0.306228,0.364303,0.293191,0.334823,0.225307,0.244010,0.297185,0.251924,0.250048,0.334986,0.284925,0.302858,0.293729,0.359307,0.365601,0.471359,0.212476,0.217976,0.343219,0.421896,0.342725,0.316302,0.248208,0.257557,0.207703,0.355652,0.372278,0.353452,0.290179,0.304874,0.320002,0.328805,0.276662,0.295279,0.286931,0.263014,0.366543,0.333705,0.366007,0.244732,0.350043,0.326200,0.380381,0.350564,0.277830,0.369050,0.464858,0.296907,0.262019,0.202529,0.330604,0.423444,0.303198,0.309372,0.291111,0.249802,0.432613,0.217006,0.349973,0.284144,0.407652,0.280311,0.448339,0.344590,0.335271,0.370680,0.353130,0.413535,0.314247,0.271889,0.416416,0.330892,0.313913,0.172972,0.304000,0.262342,0.327019,0.364905,0.268316,0.310583,0.301448,0.301453,0.243268,0.347251,0.369635,0.350706,0.317859,0.351825,0.266788,0.455932,0.412733,0.264645,0.146850,0.325979,0.279686,0.387389,0.288476,0.294594,0.348300,0.223589,0.354346,0.354052,0.287959,0.340669,0.255986,0.382428,0.315785,0.172884,0.381565,0.279691,0.340045,0.387408,0.281389,0.307826,0.338694,0.303232,0.204505,0.277604,0.383677,0.250729,0.191873,0.284778,0.223868,0.291345,0.325922,0.350720,0.163753,0.255148,0.315447,0.317518,0.234323,0.180546,0.281656,0.377767,0.331750,0.404804,0.253535,0.265890,0.396533,0.242937,0.196073,0.356467,0.264742,0.278287,0.291921,0.209140,0.210804,0.258442,0.249537,0.360225,0.174473,0.268498,0.369785,0.329894,0.246474,0.312490,0.267930,0.280247,0.296859,0.167461,0.275486,0.283722,0.358596,0.301347,0.301109,0.389626,0.282393,0.263773,0.402375,0.311528,0.224048,0.329278,0.332805,0.295526,#
21,0.341901,0.373099,0.413701,0.330516,0.281098,0.328143,0.306574,0.280005,0.298763,0.243811,0.282224,0.369858,0.186632,0.284274,0.203087,0.286730,0.229341,0.323664,0.246404,0.303002,0.301175,1.000000,0.238969,0.373995,0.299562,0.289119,0.339786,0.404019,0.310435,0.356452,0.276561,0.321186,0.257235,0.316005,0.218274,0.372533,0.357648,0.347087,0.437785,0.262970,0.320317,0.381756,0.172087,0.321187,0.303524,0.375524,0.385011,0.378233,0.155692,0.319253,0.331604,0.299430,0.282400,0.278117,0.286041,0.319807,0.286771,0.312038,0.239072,0.288990,0.264121,0.208731,0.433048,0.328073,0.424773,0.354234,0.312560,0.327823,0.403890,0.420099,0.476737,0.272933,0.494072,0.329600,0.250227,0.227492,0.303856,0.306816,0.295561,0.253890,0.403311,0.341738,0.276785,0.114917,0.390613,0.187621,0.406625,0.246577,0.342631,0.387087,0.264963,0.284457,0.274712,0.307179,0.335593,0.343586,0.389762,0.293889,0.235727,0.322451,0.502478,0.267985,0.251632,0.326409,0.285627,0.365208,0.282959,0.333588,0.246356,0.282471,0.344572,0.332421,0.294877,0.304607,0.271681,0.394419,0.417383,0.212919,0.235909,0.347805,0.240470,0.387935,0.225278,0.416539,0.279703,0.259236,0.266901,0.306568,0.210142,0.240847,0.280042,0.301849,0.399750,0.289740,0.327845,0.270141,0.378491,0.302328,0.210563,0.377260,0.319504,0.362167,0.296575,0.235262,0.349572,0.339472,0.282184,0.400363,0.307155,0.263388,0.307860,0.256023,0.290777,0.368746,0.292653,0.310950,0.223192,0.290818,0.269727,0.230815,0.359269,0.317026,0.263090,0.285079,0.352967,0.151655,0.128475,0.336333,0.257434,0.402594,0.247855,0.247523,0.325197,0.259978,0.290258,0.355890,0.336819,0.278573,0.230891,0.336200,0.282994,0.330054,0.204076,0.309705,0.225362,0.259729,0.288499,0.344544,0.397854,0.267297,0.368746,0.285146,0.351088,0.218676,0.422195,0.356353,0.245265,0.336705,0.332379,0.310318,#
