0,1.000000,0.210398,0.304148,0.292000,0.313451,0.312492,0.165865,0.150522,0.293699,0.254647,0.372802,0.224713,0.171756,0.193027,0.423426,0.348690,0.307000,0.413025,0.379433,0.371720,0.330447,0.322645,0.287197,0.429853,0.241874,0.276264,0.397623,0.265408,0.354417,0.321673,0.198538,0.244518,0.276291,0.272253,0.251775,0.423567,0.327523,0.283502,0.396309,0.408238,0.289578,0.337228,0.200848,0.312471,0.248971,0.351981,0.290538,0.411275,0.243259,0.384240,0.342629,0.250775,0.303777,0.271767,0.341459,0.325675,0.336304,0.316934,0.245310,0.294807,0.352573,0.261940,0.343132,0.302747,0.327817,0.230970,0.315444,0.320749,0.299569,0.307204,0.288240,0.308845,0.378827,0.277272,0.235206,0.044145,0.330551,0.380833,0.302370,0.177155,0.312566,0.245188,0.287900,0.294817,0.369968,0.222024,0.375975,0.230304,0.446307,0.301390,0.298352,0.195778,0.310182,0.333380,0.366611,0.351783,0.424281,0.215600,0.328313,0.343534,0.351486,0.368632,0.215835,0.370650,0.301054,0.286211,0.392863,0.324565,0.251193,0.156182,0.196359,0.272139,0.241476,0.327763,0.274941,0.290442,0.336925,0.198439,0.227343,0.279914,0.413104,0.310904,0.310948,0.322388,0.276352,0.365927,0.298698,0.166175,0.214738,0.359267,0.344659,0.305010,0.322119,0.254388,0.267525,0.293972,0.312609,0.306606,0.209670,0.360039,0.342232,0.267272,0.275652,0.267772,0.309099,0.336799,0.224442,0.228892,0.300173,0.269691,0.185573,0.258021,0.269468,0.265972,0.258939,0.276664,0.274589,0.250132,0.341749,0.306405,0.278158,0.419398,0.167457,0.183039,0.316371,0.228416,0.201068,0.301880,0.290729,0.297088,0.315434,0.083161,0.399153,0.298098,0.152732,0.316157,0.350694,0.332256,0.294549,0.241936,0.332941,0.423824,0.186630,0.216694,0.221514,0.272267,0.323768,0.471127,0.369239,0.159763,0.291857,0.391467,0.216122,0.222557,0.405259,0.210394,0.098426,0.327964,0.431402,0.338905,#
1,0.210398,1.000000,0.279061,0.316361,0.341571,0.318963,0.372327,0.287137,0.334922,0.207225,0.437444,0.379242,0.247513,0.343774,0.206462,0.190529,0.220320,0.331745,0.246901,0.282224,0.261889,0.344475,0.189825,0.256805,0.325450,0.314548,0.340692,0.426567,0.207272,0.328635,0.327428,0.257070,0.327299,0.307278,0.166033,0.309814,0.237958,0.293605,0.400634,0.282856,0.283303,0.269275,0.331833,0.304475,0.255652,0.360820,0.414017,0.323150,0.228907,0.173991,0.388701,0.254722,0.416306,0.324019,0.259848,0.393557,0.268627,0.244117,0.328798,0.313599,0.261998,0.290772,0.334638,0.316623,0.273956,0.366687,0.242942,0.354124,0.390031,0.282261,0.282100,0.288531,0.413629,0.209378,0.351439,0.178267,0.272777,0.335613,0.414250,0.256942,0.290950,0.449875,0.332926,0.301635,0.314132,0.093402,0.385465,0.280162,0.317630,0.359180,0.316895,0.368332,0.247705,0.353353,0.245234,0.300059,0.269774,0.252621,0.230659,0.260267,0.294647,0.272402,0.296405,0.309506,0.246353,0.299336,0.301973,0.381413,0.256461,0.282883,0.333952,0.309978,0.225760,0.284043,0.362359,0.398334,0.338590,0.192104,0.265461,0.332533,0.206511,0.314280,0.350130,0.341887,0.279326,0.287924,0.281712,0.262920,0.261162,0.336342,0.253859,0.330180,0.255398,0.316989,0.454101,0.345866,0.332451,0.359063,0.272918,0.345696,0.329413,0.209660,0.227251,0.306880,0.385740,0.308602,0.241697,0.181336,0.302604,0.293749,0.305814,0.276328,0.177863,0.145751,0.335748,0.315762,0.235989,0.263066,0.221607,0.108748,0.126433,0.390061,0.296663,0.329651,0.364312,0.229128,0.190332,0.233667,0.295687,0.392843,0.351228,0.342637,0.283185,0.189625,0.316079,0.280282,0.152534,0.384461,0.304810,0.210155,0.264276,0.251495,0.323594,0.233842,0.364073,0.307855,0.255623,0.246505,0.284650,0.344482,0.400941,0.349812,0.209959,0.235329,0.322773,0.278570,0.092396,0.330427,0.226369,0.295338,#
2,0.304148,0.279061,1.000000,0.338654,0.311347,0.278806,0.313406,0.300397,0.214033,0.223071,0.347830,0.399495,0.198441,0.299367,0.199461,0.306294,0.221282,0.252493,0.264956,0.316483,0.382546,0.407950,0.196202,0.297677,0.321685,0.385069,0.394950,0.262014,0.219869,0.334247,0.243744,0.188718,0.218532,0.217129,0.183481,0.320835,0.288171,0.213448,0.331296,0.206542,0.390377,0.331667,0.261333,0.232029,0.219307,0.351605,0.258269,0.341222,0.174563,0.268289,0.290562,0.416539,0.314152,0.251064,0.165033,0.285214,0.245046,0.239211,0.280502,0.314988,0.250511,0.235180,0.272552,0.290714,0.391992,0.352096,0.289285,0.211668,0.301147,0.338359,0.262409,0.272144,0.252981,0.241388,0.347262,0.245268,0.250185,0.323107,0.317535,0.263623,0.377447,0.172888,0.208003,0.171841,0.313034,0.234472,0.402499,0.286458,0.301711,0.214247,0.230856,0.307501,0.350928,0.312335,0.245328,0.282319,0.297125,0.275625,0.304763,0.224910,0.349139,0.296847,0.198918,0.331995,0.248418,0.266750,0.310091,0.374662,0.254993,0.315353,0.317436,0.332702,0.347487,0.309551,0.277654,0.406781,0.268115,0.253946,0.044450,0.212991,0.290522,0.316273,0.245937,0.254804,0.285140,0.220746,0.362480,0.239945,0.221782,0.318842,0.232070,0.348360,0.293264,0.177422,0.339929,0.371714,0.226601,0.307559,0.165302,0.155953,0.207975,0.244077,0.288650,0.223409,0.444939,0.251341,0.115712,0.275567,0.320868,0.190347,0.261506,0.344197,0.343944,0.286589,0.256345,0.211885,0.196160,0.138318,0.272586,0.227848,0.253637,0.327424,0.324491,0.337995,0.337936,0.236570,0.261827,0.254406,0.146630,0.239971,0.181189,0.362306,0.227798,0.196280,0.268201,0.249033,0.358785,0.337591,0.170201,0.241058,0.343166,0.249232,0.160366,0.369337,0.164479,0.317263,0.193828,0.184519,0.332592,0.149878,0.245825,0.318581,0.385914,0.215271,0.344646,0.188885,0.099480,0.320262,0.382667,0.316925,#
3,0.292000,0.316361,0.338654,1.000000,0.332105,0.276482,0.297646,0.314809,0.362578,0.284621,0.403167,0.388908,0.225493,0.328665,0.298115,0.325488,0.289069,0.407502,0.333317,0.321911,0.310404,0.316563,0.357182,0.476788,0.361603,0.354623,0.368037,0.272995,0.329904,0.346391,0.338490,0.396740,0.454406,0.412696,0.145960,0.380865,0.332388,0.452758,0.451498,0.252113,0.375971,0.404918,0.311602,0.366615,0.249365,0.388735,0.318857,0.383465,0.161802,0.353628,0.381268,0.338189,0.332728,0.239281,0.228619,0.414770,0.322883,0.301130,0.336382,0.342701,0.287857,0.255774,0.306141,0.301611,0.418773,0.352467,0.315242,0.314192,0.270007,0.375809,0.315126,0.255456,0.378015,0.223992,0.368097,0.346692,0.314324,0.380044,0.375177,0.218736,0.401233,0.357774,0.359155,0.240739,0.414370,0.272402,0.418892,0.237106,0.420996,0.380304,0.349761,0.335393,0.356671,0.391671,0.294558,0.350687,0.397599,0.214382,0.378908,0.292105,0.410557,0.249346,0.342977,0.333616,0.421272,0.299413,0.379835,0.364565,0.223562,0.261373,0.341741,0.260345,0.322657,0.327540,0.241407,0.313781,0.319919,0.229218,0.213349,0.288336,0.381227,0.316079,0.304113,0.460308,0.282507,0.259022,0.377330,0.320667,0.182719,0.386746,0.338759,0.396129,0.402343,0.350886,0.344423,0.374468,0.229441,0.288153,0.337504,0.303533,0.357735,0.352620,0.320283,0.299831,0.386036,0.250445,0.373157,0.353881,0.230885,0.323171,0.270933,0.243184,0.241745,0.323181,0.335651,0.270992,0.278867,0.320946,0.286898,0.333696,0.318521,0.381056,0.379532,0.408431,0.333358,0.278639,0.322708,0.301285,0.240829,0.303800,0.334451,0.238523,0.279043,0.200006,0.264892,0.318595,0.371063,0.368604,0.211456,0.293374,0.285500,0.407773,0.394737,0.257758,0.167835,0.278069,0.244170,0.336491,0.226376,0.252162,0.283605,0.378325,0.376571,0.255303,0.313514,0.315328,0.292559,0.351162,0.294617,0.246611,#
4,0.313451,0.341571,0.311347,0.332105,1.000000,0.291818,0.271770,0.276410,0.326295,0.218233,0.283581,0.260126,0.233935,0.293176,0.221209,0.251429,0.139011,0.321906,0.305053,0.403824,0.378010,0.268490,0.306129,0.356823,0.229074,0.412126,0.257440,0.300961,0.344523,0.197383,0.198866,0.212185,0.279331,0.247987,0.202891,0.316381,0.364655,0.295832,0.313805,0.273097,0.338319,0.420540,0.229447,0.182289,0.384576,0.285872,0.379792,0.344810,0.205892,0.310579,0.275545,0.261772,0.230237,0.279831,0.327032,0.445917,0.244967,0.255889,0.316143,0.280787,0.349548,0.294852,0.199027,0.199205,0.251220,0.206859,0.309855,0.255474,0.270703,0.279431,0.281482,0.305366,0.365623,0.250477,0.225051,0.039350,0.263416,0.351953,0.274734,0.183277,0.362090,0.324094,0.237325,0.173482,0.405223,0.193180,0.353277,0.274933,0.326917,0.368084,0.322311,0.239732,0.236676,0.356442,0.228835,0.341829,0.294279,0.302711,0.230387,0.227230,0.287753,0.158907,0.321744,0.371929,0.302139,0.299139,0.175644,0.336324,0.268807,0.307941,0.364169,0.299253,0.316600,0.438860,0.294153,0.206319,0.255786,0.077257,0.155743,0.179194,0.282667,0.279668,0.294109,0.236540,0.387198,0.203688,0.341490,0.215974,0.227671,0.270654,0.328606,0.233700,0.312884,0.252651,0.355235,0.280450,0.266679,0.195427,0.220465,0.278003,0.390707,0.128458,0.263621,0.257551,0.340885,0.366560,0.250886,0.274437,0.239544,0.273869,0.283933,0.262307,0.295942,0.372663,0.313972,0.211377,0.342091,0.253008,0.255909,0.271429,0.291661,0.296215,0.172483,0.275411,0.157101,0.312540,0.175609,0.168882,0.198243,0.280669,0.168937,0.189116,0.325434,0.221647,0.332222,0.284440,0.317153,0.334202,0.242379,0.252851,0.180036,0.189876,0.363510,0.273482,0.187507,0.264871,0.105936,0.400358,0.295949,0.289840,0.205468,0.318559,0.236803,0.167385,0.274829,0.316025,0.207572,0.411446,0.290823,0.345581,#
5,0.312492,0.318963,0.278806,0.276482,0.291818,1.000000,0.208370,0.244129,0.299333,0.314218,0.317646,0.255042,0.238548,0.187492,0.298870,0.230028,0.266628,0.291903,0.226397,0.213889,0.314586,0.247041,0.236134,0.314485,0.269237,0.261954,0.314464,0.320419,0.285975,0.291894,0.250411,0.289420,0.354830,0.239668,0.140603,0.272634,0.350920,0.129253,0.298887,0.301164,0.298875,0.372452,0.164597,0.389773,0.209401,0.287688,0.278585,0.218648,0.238133,0.283102,0.326392,0.303474,0.269070,0.144510,0.243690,0.326310,0.143097,0.243806,0.356520,0.250952,0.242426,0.225624,0.276324,0.213973,0.361915,0.288941,0.314307,0.210143,0.277712,0.199998,0.271269,0.247593,0.326564,0.355955,0.240090,0.158691,0.281729,0.297336,0.320022,0.277487,0.251168,0.264327,0.378743,0.134692,0.220255,0.221038,0.256767,0.201286,0.309011,0.198004,0.206570,0.310685,0.271901,0.370465,0.219411,0.277155,0.217192,0.206834,0.317675,0.144508,0.225105,0.306514,0.216062,0.290655,0.188212,0.265082,0.209652,0.376684,0.270276,0.213683,0.336638,0.265019,0.307688,0.230229,0.329878,0.270313,0.274494,0.283522,0.158222,0.231084,0.148664,0.326695,0.203206,0.288020,0.176540,0.149916,0.141550,0.094178,0.344962,0.358226,0.266266,0.334705,0.306863,0.233722,0.401437,0.363939,0.185546,0.295324,0.142368,0.124528,0.277532,0.255071,0.216304,0.276138,0.320505,0.234641,0.229308,0.256327,0.127404,0.244565,0.266066,0.178344,0.282445,0.314391,0.233578,0.251875,0.284206,0.179452,0.360327,0.133999,0.273518,0.268749,0.265779,0.232681,0.264906,0.157976,0.131663,0.264182,0.288614,0.361725,0.272099,0.252319,0.328312,0.188344,0.116294,0.254677,0.273334,0.314869,0.300518,0.183676,0.269843,0.253748,0.418619,0.223886,0.226386,0.315828,0.271706,0.219863,0.250764,0.197002,0.289779,0.296729,0.243913,0.195700,0.422017,0.205201,0.073790,0.361694,0.226341,0.362260,#
6,0.165865,0.372327,0.313406,0.297646,0.271770,0.208370,1.000000,0.240414,0.256402,0.129046,0.226912,0.247818,0.137282,0.256355,0.144166,0.209225,0.183811,0.258825,0.267997,0.231355,0.265619,0.306601,0.122509,0.188250,0.174693,0.249198,0.184895,0.289306,0.312676,0.255800,0.153973,0.233307,0.215044,0.185691,0.121062,0.155631,0.147301,0.261482,0.264810,0.253533,0.266670,0.215589,0.124020,0.261963,0.175398,0.223740,0.222357,0.324402,0.157010,0.247376,0.167054,0.249633,0.284173,0.224763,0.124271,0.266903,0.167110,0.277446,0.260548,0.343973,0.243117,0.204918,0.212671,0.207359,0.231976,0.437468,0.231479,0.252533,0.242253,0.227254,0.242915,0.253826,0.317050,0.158562,0.326165,0.161357,0.246035,0.243799,0.320612,0.180931,0.266361,0.260472,0.270663,0.125205,0.276412,0.203387,0.216942,0.277888,0.234168,0.276540,0.252863,0.180831,0.214446,0.298150,0.174087,0.299591,0.270667,0.210559,0.264669,0.256588,0.281338,0.311466,0.216317,0.228798,0.041147,0.331852,0.153302,0.206503,0.225132,0.243318,0.278662,0.267654,0.207547,0.142305,0.200512,0.262428,0.313486,0.101260,0.162299,0.192370,0.241430,0.281183,0.181591,0.209794,0.215900,0.173909,0.183518,0.266475,0.129823,0.328671,0.237800,0.185541,0.284227,0.107460,0.342166,0.238152,0.184731,0.254412,0.223376,0.210231,0.179487,0.104033,0.095928,0.294086,0.137437,0.267017,0.226436,0.141628,0.215739,0.066315,0.350455,0.134654,0.276565,0.181549,0.273379,0.200921,0.133386,0.268237,0.236439,0.131892,0.107674,0.319651,0.290167,0.237245,0.274657,0.187152,0.155878,0.249761,0.206551,0.279254,0.088789,0.176042,0.194574,0.137314,0.268221,0.291233,0.154162,0.281668,0.296994,0.109321,0.088899,0.181148,0.253488,0.307724,0.276425,0.278026,0.154948,0.247124,0.292820,0.267789,0.194633,0.196182,0.265158,0.236445,0.185000,0.150361,0.180907,0.281257,0.189049,0.285254,#
7,0.150522,0.287137,0.300397,0.314809,0.276410,0.244129,0.240414,1.000000,0.266044,0.281167,0.315369,0.435937,0.096724,0.303381,0.267329,0.274731,0.170053,0.364440,0.228563,0.312114,0.252579,0.246174,0.335746,0.217911,0.329739,0.251430,0.314172,0.398701,0.247604,0.262673,0.272408,0.235881,0.358399,0.209626,0.122562,0.321139,0.151572,0.211796,0.340448,0.279914,0.276851,0.297000,0.277774,0.237079,0.264857,0.317621,0.239702,0.300092,0.287100,0.272220,0.388953,0.331244,0.200938,0.258811,0.213459,0.273999,0.227130,0.299648,0.309529,0.309402,0.291281,0.139569,0.305164,0.228089,0.384365,0.294551,0.288757,0.203384,0.260074,0.393665,0.224126,0.132035,0.418725,0.229524,0.225837,0.177961,0.215091,0.348044,0.306303,0.383733,0.291133,0.277452,0.351601,0.202850,0.334935,0.185096,0.340123,0.118817,0.271110,0.294948,0.246826,0.237678,0.286110,0.337270,0.169662,0.267898,0.184394,0.236524,0.198616,0.136861,0.307662,0.177318,0.256142,0.270646,0.162453,0.368797,0.336795,0.200186,0.288784,0.252971,0.219935,0.266796,0.159343,0.296871,0.419470,0.270283,0.124969,0.163370,0.193504,0.337385,0.257086,0.325040,0.197095,0.318155,0.324408,0.195325,0.350089,0.329448,0.193386,0.240608,0.147772,0.256253,0.359586,0.252087,0.445782,0.280215,0.113098,0.424405,0.249883,0.271776,0.345033,0.203994,0.147479,0.231168,0.332151,0.218021,0.253779,0.220895,0.185746,0.253298,0.271322,0.340046,0.163818,0.166220,0.125319,0.296053,0.283689,0.341895,0.305520,0.325477,0.218006,0.335587,0.247917,0.221938,0.163941,0.268168,0.356803,0.168902,0.274005,0.271831,0.252096,0.251591,0.271787,0.150414,0.266974,0.220302,0.218007,0.288834,0.073870,0.335940,0.244025,0.252693,0.255624,0.269068,0.064237,0.320934,0.146233,0.196413,0.183215,0.335560,0.285295,0.270821,0.318962,0.232750,0.230458,0.217301,0.157237,0.302776,0.317743,0.269448,#
8,0.293699,0.334922,0.214033,0.362578,0.326295,0.299333,0.256402,0.266044,1.000000,0.273087,0.370314,0.318355,0.250897,0.283286,0.397435,0.342354,0.127325,0.249633,0.217931,0.295464,0.293686,0.278278,0.246663,0.343368,0.195169,0.305491,0.257861,0.358564,0.188410,0.342904,0.181434,0.292171,0.237274,0.283150,0.220084,0.358859,0.300154,0.227266,0.317652,0.309552,0.294827,0.326293,0.123016,0.251193,0.419746,0.336423,0.276926,0.272388,0.201235,0.266163,0.264020,0.404036,0.187274,0.416580,0.270748,0.395316,0.298414,0.287133,0.270895,0.376374,0.346464,0.185317,0.384014,0.171879,0.375973,0.377265,0.333246,0.262012,0.413740,0.299530,0.221608,0.252366,0.356944,0.209768,0.272926,0.183562,0.267065,0.275535,0.319735,0.185760,0.335072,0.349154,0.326168,0.079617,0.386669,0.214824,0.299828,0.214973,0.318931,0.286718,0.259355,0.257752,0.309852,0.282213,0.372633,0.400881,0.375433,0.247439,0.268773,0.219868,0.317774,0.193453,0.263294,0.301287,0.350428,0.191252,0.339571,0.271869,0.157953,0.312348,0.168216,0.249488,0.140045,0.272086,0.301725,0.402840,0.267978,0.158321,0.121066,0.342827,0.322289,0.281520,0.244476,0.316337,0.289778,0.324040,0.243974,0.370296,0.129641,0.360094,0.243184,0.209501,0.342735,0.239588,0.367531,0.357321,0.226271,0.320514,0.332826,0.240012,0.328119,0.284437,0.400422,0.189205,0.265798,0.272251,0.308199,0.304426,0.251921,0.242816,0.383781,0.198274,0.247092,0.334524,0.443140,0.352304,0.245601,0.302875,0.240276,0.301337,0.164615,0.327995,0.161539,0.307381,0.325018,0.292691,0.288760,0.175189,0.275051,0.299795,0.299480,0.147322,0.219332,0.254466,0.260330,0.255536,0.202136,0.352611,0.270943,0.253440,0.277955,0.249156,0.227437,0.343888,0.260967,0.322904,0.122333,0.166002,0.286913,0.208913,0.289839,0.289353,0.280484,0.237032,0.375888,0.168893,0.205484,0.158379,0.267748,0.196199,#
9,0.254647,0.207225,0.223071,0.284621,0.218233,0.314218,0.129046,0.281167,0.273087,1.000000,0.425302,0.239176,0.130459,0.264379,0.299944,0.314349,0.192705,0.198925,0.151145,0.333167,0.297519,0.220059,0.228535,0.253231,0.175812,0.238956,0.335942,0.364468,0.249952,0.248781,0.353135,0.237214,0.158678,0.278774,0.299809,0.308723,0.124663,0.314196,0.308387,0.217767,0.337405,0.298981,0.162485,0.082630,0.218192,0.379523,0.225092,0.253850,0.142556,0.193853,0.312039,0.352554,0.247258,0.183201,0.158850,0.370772,0.270831,0.224492,0.233542,0.173122,0.260068,0.237152,0.360071,0.268336,0.351652,0.278839,0.161637,0.218698,0.275273,0.174776,0.314509,0.309277,0.261901,0.253794,0.248151,0.213594,0.234567,0.211087,0.373550,0.296095,0.200815,0.348984,0.230688,0.118960,0.334796,0.252904,0.377127,0.197411,0.131465,0.117899,0.149651,0.354251,0.269375,0.227202,0.287837,0.279352,0.390120,0.260033,0.217903,0.070472,0.246608,0.243844,0.385255,0.209363,0.325892,0.242342,0.291210,0.220599,0.279954,0.142258,0.213955,0.207971,0.245119,0.339786,0.214249,0.294627,0.219347,0.249670,0.319229,0.132382,0.331248,0.391278,0.208058,0.319749,0.215107,0.248650,0.081704,0.334121,0.219818,0.319383,0.219224,0.268176,0.232730,0.297440,0.305684,0.192615,0.252856,0.384662,0.177844,0.139771,0.180493,0.300161,0.239530,0.184498,0.240767,0.160398,0.276337,0.265979,0.088892,0.393082,0.243167,0.117924,0.379649,0.292087,0.248175,0.270093,0.273384,0.276565,0.375824,0.168940,0.214195,0.221372,0.126819,0.391817,0.253786,0.143687,0.242123,0.191837,0.426852,0.227452,0.239441,0.205109,0.253347,0.258090,0.196951,0.274349,0.249664,0.165397,0.171305,0.300286,0.116905,0.255599,0.344179,0.274764,0.150561,0.272884,0.191907,0.272193,0.378488,0.216159,0.258768,0.234291,0.249422,0.237575,0.265991,0.206970,0.123696,0.173651,0.224449,0.241684,#
10,0.372802,0.437444,0.347830,0.403167,0.283581,0.317646,0.226912,0.315369,0.370314,0.425302,1.000000,0.274051,0.122316,0.340676,0.354593,0.296749,0.220811,0.338392,0.399491,0.346460,0.238320,0.269597,0.181932,0.307622,0.288510,0.242270,0.362258,0.375724,0.243811,0.341945,0.332114,0.301426,0.310850,0.281233,0.242393,0.417608,0.223890,0.301968,0.406917,0.299730,0.296697,0.251025,0.244071,0.127348,0.234503,0.369600,0.325486,0.347888,0.290678,0.346376,0.307114,0.357780,0.281799,0.316638,0.207693,0.348619,0.213556,0.224110,0.327864,0.300145,0.250093,0.314523,0.307996,0.364510,0.388083,0.360615,0.377414,0.264787,0.332299,0.263617,0.311104,0.314087,0.355528,0.243501,0.233433,0.241309,0.292362,0.250239,0.318923,0.221106,0.340700,0.334811,0.358117,0.250886,0.411014,0.134242,0.384076,0.253396,0.313272,0.294178,0.211530,0.276327,0.351341,0.301481,0.278032,0.369487,0.364164,0.183140,0.351622,0.281369,0.273057,0.267410,0.296923,0.296217,0.348073,0.176528,0.342005,0.402868,0.193256,0.226140,0.237677,0.352089,0.243216,0.314981,0.381768,0.458740,0.241071,0.143165,0.195550,0.238868,0.289037,0.316147,0.266517,0.302090,0.253464,0.237256,0.199067,0.305251,0.278367,0.415468,0.326325,0.305242,0.304671,0.230867,0.356241,0.304530,0.220138,0.449294,0.150660,0.281426,0.358214,0.208743,0.327039,0.260235,0.356978,0.222138,0.121263,0.209646,0.202778,0.322758,0.297635,0.318472,0.335202,0.231857,0.346824,0.260550,0.337223,0.177737,0.334919,0.301633,0.285855,0.291391,0.321800,0.361645,0.338119,0.215157,0.317437,0.204366,0.268010,0.348378,0.316074,0.269713,0.263528,0.282022,0.314448,0.168345,0.240795,0.360417,0.284784,0.328813,0.296041,0.272133,0.396660,0.231342,0.277353,0.292778,0.121659,0.184442,0.335852,0.289592,0.350307,0.318614,0.261031,0.201150,0.352513,0.240312,0.123928,0.338278,0.351796,0.417442,#
11,0.224713,0.379242,0.399495,0.388908,0.260126,0.255042,0.247818,0.435937,0.318355,0.239176,0.274051,1.000000,0.212302,0.273221,0.162729,0.263121,0.255683,0.354901,0.224129,0.137183,0.293462,0.363964,0.183207,0.328245,0.379778,0.399793,0.222387,0.422624,0.080322,0.356083,0.334621,0.310881,0.277507,0.288522,0.194885,0.309705,0.277197,0.233747,0.319338,0.319911,0.335267,0.385972,0.361853,0.391186,0.196869,0.417008,0.282054,0.315965,0.218586,0.204290,0.381304,0.345785,0.265154,0.411991,0.157797,0.292027,0.272718,0.300053,0.307955,0.248538,0.237608,0.255854,0.363739,0.298659,0.379395,0.398295,0.330175,0.375783,0.330507,0.362637,0.216072,0.209695,0.391375,0.226798,0.257806,0.195938,0.254235,0.280739,0.383624,0.248276,0.346670,0.215710,0.356434,0.241912,0.382370,0.151105,0.379701,0.313611,0.310371,0.225964,0.301598,0.346190,0.385440,0.515615,0.248631,0.310865,0.229466,0.230282,0.336747,0.350267,0.339455,0.290495,0.259712,0.298642,0.222788,0.380588,0.346939,0.329662,0.352076,0.281730,0.326987,0.290279,0.343491,0.303927,0.132414,0.483548,0.299745,0.213768,0.161997,0.314026,0.263582,0.362035,0.332208,0.337304,0.285223,0.204456,0.316457,0.350381,0.304786,0.271264,0.207355,0.426325,0.323998,0.298725,0.288156,0.281340,0.052340,0.447934,0.158944,0.334832,0.282747,0.235574,0.224651,0.320655,0.364823,0.248720,0.374711,0.189254,0.219295,0.221622,0.253035,0.407203,0.252511,0.247981,0.316001,0.256312,0.240081,0.157544,0.282020,0.267501,0.249594,0.378119,0.194511,0.300010,0.323891,0.222178,0.380361,0.293823,0.343641,0.341906,0.317033,0.160940,0.234445,0.157217,0.303075,0.334052,0.326012,0.263229,0.159333,0.247977,0.358168,0.266962,0.295619,0.233934,0.126223,0.345674,0.180057,0.232488,0.256140,0.322698,0.224824,0.234261,0.405125,0.193148,0.414770,0.234412,0.192632,0.313054,0.252319,0.300645,#
12,0.171756,0.247513,0.198441,0.225493,0.233935,0.238548,0.137282,0.096724,0.250897,0.130459,0.122316,0.212302,1.000000,0.179919,0.293382,0.220589,0.278781,0.243101,0.327612,0.335767,0.277366,0.157362,0.167567,0.233086,0.172748,0.226789,0.237900,0.299013,0.210669,0.331978,0.053118,0.282715,0.265131,0.217942,0.199989,0.266447,0.231840,0.151642,0.224002,0.223930,0.363604,0.219119,0.259753,0.282036,0.292318,0.297176,0.247749,0.098281,0.230006,0.144453,0.308288,0.209244,0.193741,0.266164,0.191073,0.265957,0.159083,0.239050,0.164610,0.174985,0.245116,0.231922,0.186026,0.283142,0.333636,0.261765,0.210270,0.168677,0.217803,0.159788,0.108386,0.278528,0.254247,0.117440,0.308497,0.238459,0.229854,0.148948,0.193773,0.140174,0.247663,0.206446,0.162004,0.184277,0.269877,0.273887,0.221509,0.267104,0.286516,0.216204,0.216536,0.198763,0.197988,0.297380,0.200680,0.148949,0.383479,0.263002,0.108668,0.121067,0.212727,0.219494,0.244936,0.244492,0.318134,0.171058,0.217392,0.149513,0.123423,0.221332,0.282381,0.080829,0.251998,0.250641,0.195748,0.192249,0.266018,0.157092,0.192223,0.183688,0.222366,0.336475,0.335556,0.257869,0.131861,0.124310,0.249355,0.153196,0.124546,0.146667,0.198098,0.217160,0.188869,0.146654,0.234573,0.163345,0.199496,0.215145,0.240788,0.228089,0.290289,0.188100,0.154893,0.185252,0.106470,0.251966,0.218970,0.221179,0.148962,0.174444,0.176650,0.341126,0.179776,0.170933,0.198326,0.251578,0.152046,0.019310,0.147965,0.123217,0.131585,0.365823,0.199248,0.307756,0.212689,0.166331,0.301357,0.126434,0.211440,0.260230,0.183225,0.216738,0.210026,0.189033,0.238807,0.125528,0.256791,0.277857,0.128044,0.245753,0.245589,0.198965,0.295837,0.180432,0.233578,0.243184,0.237191,0.267749,0.192187,0.062106,0.285848,0.253445,0.270671,0.222689,0.203885,0.186140,0.159992,0.216733,0.262433,0.190097,#
13,0.193027,0.343774,0.299367,0.328665,0.293176,0.187492,0.256355,0.303381,0.283286,0.264379,0.340676,0.273221,0.179919,1.000000,0.367493,0.273948,0.269724,0.237409,0.288843,0.397038,0.293457,0.257681,0.146106,0.259839,0.318971,0.434202,0.353313,0.372123,0.255501,0.274733,0.332680,0.266124,0.313746,0.327581,0.226098,0.301616,0.230487,0.354497,0.194379,0.289242,0.230294,0.337361,0.309827,0.217986,0.283187,0.376599,0.390124,0.309488,0.289033,0.236199,0.359744,0.352778,0.291293,0.332515,0.232143,0.462015,0.218812,0.288043,0.302497,0.391214,0.341266,0.284124,0.440586,0.272247,0.305880,0.318872,0.479063,0.314633,0.439544,0.367795,0.203917,0.272002,0.341537,0.178252,0.397937,0.222015,0.311526,0.413373,0.429546,0.260201,0.372811,0.488260,0.341215,0.377886,0.465422,0.206291,0.428229,0.313149,0.344547,0.366600,0.276840,0.287426,0.385492,0.376750,0.251457,0.295222,0.350695,0.251009,0.281509,0.342855,0.338429,0.329439,0.328320,0.358743,0.259091,0.369248,0.354702,0.315242,0.407223,0.309929,0.248342,0.263336,0.394902,0.339877,0.349909,0.349962,0.349020,0.256105,0.201188,0.319291,0.391153,0.415539,0.275020,0.384643,0.316708,0.216831,0.217916,0.220921,0.357586,0.337497,0.217676,0.279150,0.278516,0.254828,0.417934,0.353497,0.323847,0.369088,0.393448,0.311578,0.233717,0.257314,0.377966,0.279533,0.372800,0.425394,0.274731,0.346055,0.105223,0.300562,0.321740,0.290732,0.285776,0.403093,0.367635,0.332929,0.197915,0.347933,0.305514,0.297224,0.200432,0.457323,0.199503,0.415239,0.321855,0.328918,0.238917,0.198397,0.304381,0.331922,0.325587,0.380868,0.307869,0.244345,0.328288,0.282110,0.223090,0.297222,0.320965,0.125894,0.285168,0.351552,0.326739,0.368161,0.252212,0.388212,0.326930,0.321514,0.286396,0.315738,0.222837,0.410781,0.327770,0.269016,0.257392,0.305072,0.221583,0.301951,0.368887,0.289751,#
14,0.423426,0.206462,0.199461,0.298115,0.221209,0.298870,0.144166,0.267329,0.397435,0.299944,0.354593,0.162729,0.293382,0.367493,1.000000,0.413734,0.287310,0.340529,0.338285,0.450712,0.329218,0.162626,0.306129,0.394873,0.245402,0.223933,0.383411,0.335332,0.292952,0.317755,0.167339,0.263204,0.218306,0.183568,0.286971,0.339585,0.293891,0.328805,0.328607,0.396189,0.364523,0.271965,0.290349,0.201188,0.337495,0.438161,0.305276,0.275491,0.227544,0.289163,0.413397,0.258817,0.309330,0.338277,0.413403,0.367727,0.336988,0.266214,0.244810,0.276881,0.365984,0.353652,0.285634,0.316603,0.370522,0.221296,0.357470,0.323218,0.297352,0.328485,0.167171,0.305790,0.215520,0.321730,0.258888,0.202888,0.262345,0.307545,0.298987,0.253896,0.354869,0.241793,0.351732,0.285512,0.363248,0.300385,0.226658,0.138505,0.332922,0.268408,0.310015,0.267379,0.373383,0.326440,0.329683,0.214587,0.380032,0.290252,0.240472,0.225104,0.292551,0.326695,0.289359,0.367035,0.321298,0.282521,0.410761,0.414229,0.234908,0.279681,0.112171,0.126537,0.293561,0.223135,0.328269,0.342595,0.232982,0.230997,0.266902,0.315625,0.464138,0.373272,0.162051,0.278318,0.284337,0.203147,0.277433,0.222708,0.098203,0.396743,0.153551,0.312315,0.302963,0.151581,0.262169,0.242188,0.215226,0.298700,0.195848,0.204998,0.376382,0.350502,0.382800,0.179397,0.212353,0.346778,0.249244,0.217836,0.075946,0.191408,0.290906,0.265887,0.155971,0.296889,0.304539,0.227045,0.313685,0.239136,0.256494,0.163623,0.218328,0.364126,0.229937,0.225121,0.338190,0.174287,0.263826,0.239584,0.218521,0.331246,0.329018,0.295611,0.323519,0.285040,0.233952,0.161342,0.363225,0.365263,0.355351,0.298696,0.261055,0.379225,0.281460,0.334446,0.267633,0.294547,0.204106,0.189609,0.214235,0.247547,0.247710,0.355645,0.283025,0.340568,0.298934,0.159012,0.022027,0.279270,0.327866,0.289529,#
15,0.348690,0.190529,0.306294,0.325488,0.251429,0.230028,0.209225,0.274731,0.342354,0.314349,0.296749,0.263121,0.220589,0.273948,0.413734,1.000000,0.309576,0.388455,0.348162,0.295890,0.267605,0.230736,0.307374,0.373228,0.281565,0.397149,0.372262,0.326399,0.290430,0.280644,0.212638,0.313525,0.242228,0.354592,0.239109,0.281370,0.257209,0.233122,0.354780,0.275252,0.395701,0.339803,0.256634,0.272169,0.347254,0.347450,0.164810,0.306997,0.129118,0.337553,0.289027,0.378549,0.350497,0.312968,0.324139,0.330035,0.232399,0.306722,0.291138,0.392336,0.318589,0.169928,0.366003,0.245509,0.300311,0.343630,0.343997,0.323899,0.287467,0.234812,0.287529,0.338193,0.282890,0.210955,0.311958,0.219777,0.200394,0.367755,0.299610,0.226917,0.439843,0.248732,0.217629,0.312255,0.352052,0.207185,0.320008,0.273593,0.344004,0.339132,0.267653,0.225146,0.304738,0.358668,0.270242,0.264720,0.421195,0.213728,0.299940,0.232290,0.350697,0.297094,0.308162,0.352107,0.209470,0.252817,0.319604,0.284089,0.248580,0.343205,0.206388,0.332129,0.257332,0.198764,0.307787,0.438270,0.241252,0.124533,0.192852,0.231467,0.385276,0.393881,0.255839,0.379760,0.269731,0.227230,0.254052,0.329614,0.192141,0.308387,0.125286,0.370710,0.281427,0.283852,0.335728,0.338290,0.212714,0.235258,0.246333,0.138525,0.239362,0.332627,0.337173,0.210865,0.360506,0.309018,0.292755,0.269634,0.296838,0.249657,0.274100,0.191797,0.248622,0.410811,0.180957,0.386442,0.238951,0.285045,0.250181,0.230613,0.171527,0.293526,0.298887,0.306651,0.298932,0.321606,0.277388,0.247538,0.326181,0.296461,0.185960,0.235305,0.251904,0.194170,0.340695,0.184598,0.338322,0.263781,0.119948,0.322800,0.326151,0.300574,0.254744,0.388756,0.207640,0.331259,0.161070,0.319665,0.244276,0.206583,0.108979,0.348766,0.312553,0.275417,0.227169,0.221863,0.140111,0.290671,0.240207,0.149529,#
16,0.307000,0.220320,0.221282,0.289069,0.139011,0.266628,0.183811,0.170053,0.127325,0.192705,0.220811,0.255683,0.278781,0.269724,0.287310,0.309576,1.000000,0.293168,0.222289,0.304160,0.365738,0.247352,0.266548,0.261728,0.146323,0.335170,0.297701,0.171365,0.157002,0.275569,0.166034,0.349432,0.093680,0.336258,0.198606,0.326633,0.229633,0.205403,0.244732,0.266899,0.209173,0.321248,0.197934,0.282408,0.253188,0.378199,0.234056,0.268897,0.205321,0.177401,0.211396,0.298476,0.405250,0.219559,0.204279,0.229752,0.140290,0.237729,0.256779,0.176241,0.138462,0.412709,0.323801,0.327662,0.350424,0.241267,0.268507,0.407585,0.164480,0.329169,0.101064,0.365073,0.382429,0.122501,0.228667,0.338242,0.178975,0.352819,0.299452,0.213435,0.199406,0.212162,0.212325,0.240159,0.282666,0.259433,0.374306,0.224951,0.351810,0.181103,0.264990,0.283561,0.230908,0.256967,0.211632,0.207498,0.317363,0.132005,0.287724,0.240895,0.228999,0.203290,0.152700,0.243868,0.219516,0.245039,0.288269,0.175214,0.139303,0.276054,0.245397,0.243012,0.275660,0.234935,0.299609,0.379366,0.268950,0.196489,0.172302,0.272095,0.269307,0.324404,0.329973,0.311548,0.286982,0.077457,0.205146,0.111422,0.167078,0.284472,0.139636,0.289786,0.382675,0.049981,0.359524,0.344555,0.098483,0.343369,0.213166,0.297975,0.152416,0.216132,0.168858,0.258224,0.279700,0.206970,0.137539,0.242575,0.222779,0.175290,0.130878,0.285437,0.180061,0.199301,0.235871,0.274507,0.180618,0.174503,0.239445,0.193712,0.164962,0.376599,0.256476,0.315937,0.282767,0.170707,0.305558,0.255129,0.187162,0.176563,0.141877,0.107451,0.188820,0.104728,0.203413,0.303017,0.154872,0.170104,0.226244,0.169660,0.223411,0.301624,0.297439,0.064991,0.123218,0.237350,0.312829,0.262345,0.233207,0.158746,0.332267,0.124410,0.086813,0.189491,0.300889,0.289329,0.055212,0.239211,0.135446,0.213365,#
17,0.413025,0.331745,0.252493,0.407502,0.321906,0.291903,0.258825,0.364440,0.249633,0.198925,0.338392,0.354901,0.243101,0.237409,0.340529,0.388455,0.293168,1.000000,0.296185,0.369129,0.404024,0.302430,0.267149,0.423736,0.276027,0.320318,0.304157,0.254913,0.289010,0.335223,0.285970,0.345192,0.445565,0.268661,0.200166,0.351412,0.191076,0.426006,0.390313,0.209619,0.342331,0.311099,0.224163,0.374530,0.245637,0.386780,0.366695,0.282162,0.312848,0.305730,0.342243,0.257269,0.229832,0.295237,0.263621,0.356084,0.331749,0.396777,0.287090,0.347312,0.332645,0.296594,0.266698,0.306012,0.313807,0.426909,0.397170,0.384282,0.326510,0.411042,0.324429,0.352955,0.413048,0.208812,0.292660,0.343524,0.285201,0.357638,0.255189,0.322548,0.304406,0.352298,0.477770,0.270465,0.386926,0.159760,0.370925,0.267688,0.432172,0.337095,0.309207,0.205050,0.378572,0.333843,0.233758,0.289238,0.346872,0.348018,0.331490,0.303184,0.302748,0.225024,0.236653,0.375830,0.244376,0.366649,0.333079,0.404752,0.211298,0.165721,0.268330,0.270887,0.322481,0.365597,0.278518,0.373847,0.292648,0.200986,0.220944,0.332623,0.270486,0.385225,0.279314,0.372627,0.461936,0.247949,0.293985,0.281385,0.174039,0.279168,0.208404,0.362011,0.439722,0.350054,0.349476,0.356046,0.367960,0.329486,0.268409,0.336243,0.363765,0.293767,0.253446,0.260122,0.368038,0.366007,0.149886,0.290206,0.211306,0.204911,0.323050,0.192221,0.213657,0.353974,0.316124,0.349890,0.252999,0.308925,0.426434,0.285609,0.307220,0.393168,0.300397,0.289198,0.308301,0.290208,0.255744,0.304533,0.241401,0.266300,0.376106,0.234056,0.268767,0.263074,0.362525,0.213993,0.346582,0.299051,0.137945,0.371495,0.308097,0.443231,0.314184,0.215111,0.150719,0.296818,0.261335,0.287096,0.370728,0.307968,0.260677,0.428151,0.300327,0.256794,0.459286,0.309284,0.242688,0.274309,0.255745,0.294626,#
18,0.379433,0.246901,0.264956,0.333317,0.305053,0.226397,0.267997,0.228563,0.217931,0.151145,0.399491,0.224129,0.327612,0.288843,0.338285,0.348162,0.222289,0.296185,1.000000,0.325827,0.319477,0.232516,0.161507,0.432214,0.323575,0.312552,0.320799,0.377219,0.318078,0.211826,0.219803,0.223221,0.363662,0.231428,0.277938,0.377014,0.326542,0.251411,0.289426,0.397532,0.331931,0.317268,0.262103,0.229117,0.243903,0.305132,0.186548,0.267530,0.188576,0.323664,0.351466,0.236409,0.342699,0.302784,0.272696,0.305693,0.236624,0.315962,0.236214,0.233971,0.228828,0.256526,0.348809,0.326768,0.273363,0.358277,0.391656,0.334582,0.218140,0.173361,0.136684,0.253997,0.272412,0.140406,0.244389,0.229249,0.209578,0.344640,0.336966,0.293522,0.359959,0.252793,0.303941,0.312458,0.271343,0.097899,0.383246,0.187353,0.357502,0.286442,0.334681,0.229766,0.296212,0.306554,0.277227,0.327449,0.450916,0.279381,0.234045,0.325411,0.246161,0.326816,0.369745,0.326778,0.359400,0.288210,0.279733,0.285009,0.253778,0.291831,0.351925,0.369861,0.267188,0.281696,0.263082,0.278619,0.230518,0.087914,0.263647,0.304828,0.279487,0.327698,0.258711,0.218757,0.277504,0.208587,0.248283,0.271764,0.281131,0.300496,0.229300,0.388760,0.244750,0.238268,0.367921,0.166876,0.229576,0.377229,0.190526,0.334005,0.322234,0.190187,0.224761,0.221273,0.328977,0.316660,0.151010,0.190391,0.137235,0.233692,0.215951,0.300148,0.273936,0.256705,0.256803,0.358931,0.370604,0.264743,0.198656,0.355603,0.281143,0.337054,0.259053,0.295404,0.260138,0.287319,0.344317,0.284977,0.258159,0.360078,0.104450,0.235569,0.313321,0.231092,0.235445,0.278790,0.326878,0.381843,0.397908,0.231343,0.201427,0.293025,0.347674,0.192297,0.328503,0.258492,0.327231,0.374501,0.281507,0.238542,0.255326,0.375002,0.359176,0.246267,0.285001,0.250447,0.190698,0.328106,0.377462,0.245751,#
19,0.371720,0.282224,0.316483,0.321911,0.403824,0.213889,0.231355,0.312114,0.295464,0.333167,0.346460,0.137183,0.335767,0.397038,0.450712,0.295890,0.304160,0.369129,0.325827,1.000000,0.316908,0.262398,0.289853,0.325476,0.242956,0.415615,0.357464,0.333600,0.296988,0.394278,0.276391,0.309295,0.309195,0.237187,0.305305,0.401920,0.191231,0.271680,0.443279,0.260667,0.328879,0.314778,0.169522,0.189894,0.250617,0.380596,0.374168,0.417225,0.227751,0.372603,0.322888,0.348312,0.238771,0.404446,0.293505,0.404865,0.277285,0.267116,0.302011,0.305059,0.314497,0.320869,0.354319,0.337182,0.397112,0.287168,0.334648,0.317711,0.279933,0.345847,0.319803,0.325431,0.378113,0.180309,0.341674,0.361464,0.271557,0.405420,0.433962,0.223281,0.393217,0.396607,0.383095,0.218743,0.445252,0.206500,0.359582,0.271657,0.386906,0.246430,0.244359,0.304038,0.382352,0.301642,0.300509,0.353133,0.388942,0.372382,0.195264,0.196894,0.299883,0.308582,0.321805,0.349394,0.385612,0.400863,0.340494,0.459578,0.200505,0.173540,0.294945,0.277347,0.340974,0.401455,0.384155,0.320532,0.329384,0.316442,0.306463,0.153206,0.439065,0.463667,0.283319,0.391659,0.448567,0.228279,0.349925,0.309545,0.132736,0.335631,0.191162,0.201758,0.403838,0.239201,0.344770,0.345211,0.295440,0.414311,0.273551,0.277387,0.327733,0.362084,0.279143,0.258833,0.344429,0.344931,0.183916,0.388303,0.305945,0.193381,0.263440,0.339517,0.286021,0.374272,0.329923,0.245537,0.294631,0.226517,0.295963,0.186287,0.368853,0.357015,0.360739,0.304637,0.358139,0.262490,0.255678,0.255574,0.325118,0.258759,0.344821,0.272301,0.346821,0.254005,0.275348,0.236181,0.356087,0.381750,0.263987,0.270150,0.177894,0.378361,0.310949,0.328497,0.249412,0.353975,0.265240,0.340393,0.356403,0.256800,0.370745,0.393997,0.259242,0.311697,0.317993,0.283922,0.234505,0.315606,0.416953,0.370836,#
20,0.330447,0.261889,0.382546,0.310404,0.378010,0.314586,0.265619,0.252579,0.293686,0.297519,0.238320,0.293462,0.277366,0.293457,0.329218,0.267605,0.365738,0.404024,0.319477,0.316908,1.000000,0.315180,0.243664,0.389226,0.371599,0.392675,0.301283,0.364724,0.294887,0.318247,0.234330,0.236575,0.292118,0.256603,0.253254,0.328046,0.288033,0.316611,0.316707,0.369734,0.376593,0.468389,0.212352,0.210330,0.338804,0.439343,0.357857,0.303246,0.241718,0.244244,0.206055,0.363071,0.353692,0.337378,0.296043,0.307516,0.326560,0.331263,0.284759,0.297229,0.301367,0.264237,0.372858,0.334498,0.372854,0.243819,0.350508,0.324579,0.369334,0.360157,0.321331,0.372620,0.473402,0.276547,0.273879,0.199237,0.330421,0.390238,0.312082,0.304782,0.291076,0.242249,0.438588,0.188905,0.355319,0.299536,0.405148,0.281393,0.450336,0.323813,0.324303,0.365539,0.348197,0.412622,0.323187,0.265982,0.419245,0.328371,0.272463,0.156402,0.326558,0.246446,0.343333,0.357911,0.282698,0.313412,0.296686,0.305674,0.233267,0.348281,0.358933,0.333047,0.326207,0.344444,0.242071,0.443777,0.416530,0.261729,0.132082,0.326280,0.271653,0.367509,0.269192,0.306027,0.355397,0.218819,0.356185,0.362096,0.287577,0.349298,0.261089,0.374791,0.314428,0.192871,0.390734,0.263654,0.343183,0.367902,0.291958,0.300740,0.340215,0.305647,0.225668,0.295176,0.373324,0.253269,0.193307,0.302619,0.203915,0.298969,0.334496,0.339819,0.182062,0.266896,0.320762,0.315597,0.229432,0.171295,0.289288,0.390329,0.333010,0.389974,0.257340,0.274876,0.391336,0.227644,0.194514,0.341582,0.273808,0.257388,0.287997,0.208677,0.234009,0.276033,0.243403,0.370025,0.177374,0.250216,0.366203,0.332123,0.245555,0.311687,0.257795,0.283750,0.283578,0.176741,0.265644,0.282849,0.359287,0.311759,0.281310,0.394778,0.276950,0.267216,0.404739,0.306753,0.208457,0.335177,0.344416,0.288762,#
21,0.322645,0.344475,0.407950,0.316563,0.268490,0.247041,0.306601,0.246174,0.278278,0.220059,0.269597,0.363964,0.157362,0.257681,0.162626,0.230736,0.247352,0.302430,0.232516,0.262398,0.315180,1.000000,0.215572,0.318753,0.250289,0.266457,0.339210,0.365413,0.291348,0.348270,0.280799,0.290506,0.241636,0.309972,0.195752,0.350209,0.323942,0.331812,0.410342,0.238248,0.279558,0.358049,0.168863,0.310151,0.269099,0.343119,0.340124,0.373541,0.110127,0.319150,0.274991,0.284048,0.265140,0.267302,0.262712,0.288295,0.260132,0.285529,0.201740,0.228031,0.259361,0.174037,0.401294,0.308342,0.420397,0.335844,0.272232,0.296821,0.373695,0.396370,0.454374,0.268588,0.442308,0.311992,0.235666,0.233591,0.269651,0.259435,0.276706,0.248963,0.377259,0.320371,0.243829,0.081739,0.387241,0.158710,0.372006,0.196125,0.319334,0.359615,0.224643,0.253463,0.260265,0.258448,0.318039,0.297806,0.367184,0.257648,0.187859,0.277523,0.474434,0.259540,0.227012,0.288474,0.286038,0.344292,0.260720,0.304292,0.235355,0.255314,0.324553,0.292117,0.236378,0.294345,0.225038,0.367934,0.404969,0.180782,0.200649,0.331238,0.251079,0.350497,0.200897,0.392238,0.248469,0.218432,0.254324,0.278639,0.190826,0.243361,0.258975,0.262097,0.372260,0.250110,0.292534,0.235408,0.341498,0.250566,0.180295,0.366535,0.273604,0.316894,0.273534,0.212260,0.308108,0.306150,0.261542,0.352440,0.252265,0.227910,0.302713,0.226560,0.249796,0.334082,0.295854,0.277269,0.186603,0.277836,0.247150,0.224537,0.311630,0.300667,0.243006,0.271576,0.322194,0.115571,0.096303,0.308820,0.214731,0.369949,0.200020,0.198959,0.319924,0.217634,0.251767,0.332054,0.290348,0.250037,0.215284,0.291592,0.248810,0.306868,0.165431,0.287363,0.196294,0.238985,0.254258,0.327860,0.401832,0.254306,0.330918,0.202089,0.330988,0.199434,0.425062,0.318961,0.210267,0.310884,0.321101,0.264322,#
