0,1.000000,0.375231,0.413673,0.321325,0.352642,0.331644,0.352222,0.287148,0.349773,0.349301,0.415072,0.352825,0.334362,0.321319,0.421679,0.387012,0.377817,0.474140,0.351231,0.339649,0.437801,0.464261,0.359669,0.429586,0.396253,0.318454,0.390727,0.419664,0.443382,0.391632,0.308201,0.298644,0.381731,0.336516,0.246767,0.339588,0.373762,0.358868,0.399000,0.443979,0.307018,0.383254,0.274939,0.374044,0.315276,0.365153,0.449550,0.405810,0.424146,0.409475,0.462591,0.269371,0.350121,0.314066,0.390087,0.342131,0.386390,0.370678,0.289869,0.309315,0.359136,0.257574,0.410424,0.328599,0.390803,0.276588,0.365622,0.391537,0.387886,0.381764,0.498193,0.411386,0.424179,0.389580,0.332990,0.263961,0.283374,0.398468,0.380858,0.311643,0.406468,0.340841,0.387035,0.407736,0.398534,0.385341,0.396257,0.344256,0.468124,0.375912,0.400087,0.318902,0.321399,0.349193,0.402994,0.383903,0.400151,0.370626,0.357324,0.352664,0.396086,0.442038,0.333630,0.385739,0.311380,0.399393,0.385520,0.387435,0.350840,0.282135,0.288536,0.408733,0.333418,0.404954,0.274144,0.417339,0.451792,0.275937,0.410509,0.355062,0.451167,0.333740,0.330528,0.324418,0.328677,0.456469,0.297962,0.286116,0.360384,0.442847,0.365969,0.472262,0.369889,0.346282,0.377312,0.263877,0.425855,0.347093,0.407647,0.502982,0.345459,0.334824,0.343938,0.295469,0.405752,0.371979,0.346705,0.237579,0.399916,0.346141,0.369915,0.279317,0.377110,0.294039,0.342361,0.274485,0.235264,0.260388,0.393279,0.438247,0.375985,0.372656,0.230336,0.379107,0.424669,0.193478,0.234263,0.308189,0.353041,0.313610,0.462875,0.186782,0.423148,0.485799,0.329224,0.344469,0.424672,0.337362,0.388371,0.342163,0.381997,0.457010,0.266603,0.279897,0.296671,0.414063,0.391145,0.499070,0.428973,0.216960,0.315375,0.408847,0.243432,0.249468,0.349202,0.273562,0.273134,0.332735,0.397840,0.409305,#
1,0.375231,1.000000,0.294260,0.378146,0.414677,0.301049,0.392021,0.335555,0.274752,0.292231,0.425903,0.380777,0.330228,0.393637,0.333252,0.228754,0.274743,0.366870,0.388400,0.344314,0.342579,0.458060,0.243778,0.351063,0.393576,0.379081,0.459260,0.450058,0.361078,0.301924,0.372371,0.353687,0.391635,0.357429,0.214224,0.233398,0.330301,0.375180,0.367551,0.301430,0.297391,0.317176,0.400831,0.342337,0.324911,0.354505,0.490789,0.430653,0.308435,0.278143,0.459668,0.193530,0.447870,0.342582,0.330134,0.306148,0.392800,0.369212,0.348350,0.371994,0.338895,0.323597,0.357420,0.349266,0.323757,0.332806,0.260145,0.382276,0.403901,0.356727,0.396893,0.308446,0.447002,0.257353,0.398581,0.214874,0.358308,0.345951,0.446784,0.383967,0.366171,0.451834,0.443909,0.424085,0.334648,0.235200,0.382300,0.309282,0.423266,0.431262,0.407223,0.418768,0.272476,0.340426,0.280638,0.332950,0.289862,0.312143,0.267910,0.282734,0.316381,0.329259,0.383283,0.376396,0.314582,0.341560,0.377941,0.416423,0.295105,0.388920,0.420671,0.364589,0.302954,0.394817,0.365595,0.441694,0.449440,0.255131,0.374637,0.343133,0.294320,0.398457,0.349673,0.373974,0.358642,0.400495,0.339812,0.306254,0.299528,0.370567,0.365258,0.389725,0.254697,0.338944,0.460208,0.376551,0.331316,0.361800,0.416466,0.441638,0.421244,0.238059,0.228476,0.253765,0.410963,0.332678,0.349468,0.140450,0.318234,0.329590,0.298572,0.338594,0.307352,0.220671,0.379021,0.300714,0.278808,0.310731,0.278991,0.217055,0.231642,0.405608,0.282694,0.356605,0.348625,0.274992,0.202053,0.343087,0.325254,0.420134,0.408295,0.335533,0.291622,0.332539,0.363020,0.291066,0.240877,0.406175,0.363145,0.286177,0.325671,0.327628,0.283873,0.320683,0.369372,0.422032,0.305675,0.469001,0.304021,0.300638,0.424858,0.374369,0.193986,0.290115,0.353918,0.350892,0.220360,0.334893,0.251457,0.338111,#
2,0.413673,0.294260,1.000000,0.425140,0.265276,0.326000,0.335382,0.316369,0.199178,0.229641,0.200505,0.356086,0.336596,0.369880,0.299521,0.327727,0.302094,0.354323,0.397242,0.319120,0.358085,0.426313,0.319870,0.387628,0.400968,0.361679,0.401773,0.329402,0.326525,0.291492,0.340525,0.295791,0.339282,0.233569,0.192907,0.294483,0.358442,0.326252,0.289295,0.317974,0.398074,0.367799,0.345530,0.258272,0.230716,0.401184,0.357030,0.396304,0.291845,0.335743,0.413785,0.355728,0.382640,0.303484,0.244685,0.339765,0.215588,0.343604,0.264372,0.320175,0.221385,0.310308,0.319783,0.401491,0.437851,0.403974,0.340485,0.286170,0.361009,0.426695,0.294281,0.264762,0.276928,0.310994,0.379508,0.344458,0.274145,0.385697,0.328623,0.386503,0.438845,0.254247,0.318065,0.343836,0.269354,0.316256,0.425569,0.356121,0.300882,0.360534,0.304434,0.333959,0.323474,0.301864,0.315303,0.315303,0.363775,0.286443,0.351190,0.273726,0.363483,0.384259,0.342432,0.343302,0.348276,0.290908,0.272686,0.319406,0.268129,0.333095,0.393528,0.381056,0.297339,0.306427,0.217440,0.375098,0.331366,0.315896,0.172194,0.227717,0.339995,0.342221,0.319675,0.267392,0.336570,0.283551,0.299227,0.281223,0.316003,0.324398,0.283629,0.412653,0.313483,0.276368,0.336214,0.375847,0.322247,0.352865,0.236523,0.271115,0.220302,0.254646,0.349838,0.223961,0.467787,0.282221,0.297205,0.193051,0.407109,0.284839,0.336669,0.328809,0.346863,0.279703,0.204544,0.182564,0.237820,0.265356,0.341769,0.330533,0.396448,0.419836,0.273629,0.406312,0.341326,0.143436,0.285725,0.327819,0.233843,0.306067,0.260595,0.373805,0.284603,0.327411,0.411069,0.335115,0.466386,0.322491,0.340591,0.322939,0.363316,0.287601,0.151344,0.309888,0.217825,0.391018,0.325625,0.353107,0.374518,0.133176,0.295128,0.340853,0.369512,0.233554,0.346390,0.232818,0.263440,0.253029,0.412557,0.346274,#
3,0.321325,0.378146,0.425140,1.000000,0.355345,0.242909,0.378443,0.340264,0.313141,0.293120,0.345557,0.362379,0.300880,0.358668,0.323487,0.292735,0.272132,0.385194,0.339917,0.368326,0.341238,0.374931,0.325320,0.444264,0.429053,0.376737,0.376464,0.320551,0.372225,0.295939,0.407824,0.419897,0.409648,0.420942,0.138741,0.319235,0.415625,0.448357,0.434621,0.281844,0.383030,0.386115,0.395395,0.375346,0.295295,0.475851,0.448979,0.417974,0.291714,0.367795,0.458376,0.295699,0.367654,0.310821,0.203378,0.423303,0.315269,0.359655,0.286399,0.415504,0.296076,0.249791,0.330594,0.397081,0.389340,0.408612,0.282935,0.400893,0.352998,0.390091,0.413515,0.257472,0.321112,0.365105,0.405178,0.376537,0.287213,0.439757,0.397292,0.344159,0.413334,0.387235,0.374540,0.422075,0.374402,0.338198,0.382105,0.289058,0.413276,0.447556,0.352938,0.390867,0.323322,0.419326,0.263885,0.340142,0.391409,0.235745,0.421297,0.284966,0.405568,0.361693,0.421390,0.392928,0.405609,0.351894,0.343751,0.372924,0.257601,0.295601,0.361764,0.365479,0.303978,0.380574,0.233199,0.344153,0.425470,0.291601,0.326862,0.309974,0.420917,0.334488,0.370135,0.431039,0.353894,0.359883,0.335464,0.281598,0.282091,0.410762,0.327829,0.420230,0.431179,0.426072,0.397418,0.353936,0.304964,0.304739,0.444114,0.391605,0.370911,0.285770,0.358631,0.283957,0.430653,0.251231,0.396270,0.329677,0.387621,0.337406,0.348222,0.278591,0.250779,0.310394,0.311231,0.244487,0.317365,0.318442,0.251719,0.429863,0.437220,0.374312,0.397335,0.546434,0.395695,0.257400,0.334189,0.271961,0.264096,0.385550,0.414215,0.300460,0.285450,0.313672,0.351587,0.280244,0.317950,0.291599,0.304781,0.307398,0.359384,0.469912,0.397162,0.341149,0.224239,0.368338,0.281881,0.417807,0.266177,0.230566,0.337685,0.372649,0.371673,0.281743,0.263049,0.368875,0.347256,0.339632,0.383502,0.353179,#
4,0.352642,0.414677,0.265276,0.355345,1.000000,0.275541,0.362000,0.288232,0.316105,0.258415,0.271286,0.220967,0.359539,0.342087,0.230435,0.263815,0.157853,0.325946,0.362506,0.397205,0.339066,0.333386,0.329805,0.379733,0.320314,0.401905,0.297567,0.379948,0.383304,0.171086,0.279685,0.263352,0.399233,0.191289,0.224740,0.261088,0.320977,0.366842,0.222658,0.312622,0.369117,0.416275,0.284333,0.291945,0.416036,0.329939,0.425773,0.385341,0.312227,0.410627,0.339841,0.190261,0.329969,0.358071,0.330325,0.315444,0.278457,0.336166,0.314706,0.318093,0.327511,0.259284,0.278828,0.242726,0.291821,0.212037,0.337018,0.272527,0.295281,0.302077,0.358052,0.308004,0.298001,0.295987,0.310974,0.072514,0.243484,0.338350,0.265256,0.241062,0.439806,0.395907,0.281922,0.296445,0.351494,0.267920,0.278390,0.296230,0.398259,0.412724,0.371616,0.319002,0.166103,0.346879,0.181642,0.384345,0.278761,0.422018,0.348617,0.261846,0.345704,0.237332,0.357855,0.377547,0.344346,0.233580,0.214567,0.305110,0.243926,0.337382,0.457450,0.271272,0.344654,0.490448,0.296922,0.204117,0.340119,0.102878,0.329566,0.209602,0.325296,0.356553,0.353699,0.247232,0.364978,0.354174,0.309399,0.290264,0.141290,0.232750,0.256641,0.342218,0.282891,0.295783,0.389524,0.292418,0.296437,0.188467,0.260069,0.385802,0.355494,0.126580,0.227929,0.300867,0.333958,0.289649,0.327417,0.220047,0.303852,0.335597,0.308864,0.276224,0.294166,0.309814,0.169367,0.209795,0.421774,0.276272,0.253754,0.343321,0.287921,0.276710,0.182522,0.366837,0.268747,0.322915,0.222017,0.178630,0.266203,0.331685,0.332534,0.202413,0.271435,0.307096,0.327125,0.213070,0.321365,0.216966,0.315681,0.258675,0.209527,0.241345,0.277032,0.282036,0.279399,0.281241,0.219412,0.454483,0.302675,0.239554,0.330775,0.311695,0.279539,0.212551,0.216912,0.311645,0.312079,0.433881,0.310124,0.266710,#
5,0.331644,0.301049,0.326000,0.242909,0.275541,1.000000,0.246008,0.273051,0.229517,0.363662,0.249574,0.267679,0.322804,0.230256,0.313784,0.283309,0.243960,0.348487,0.279431,0.185265,0.305499,0.333942,0.285817,0.443793,0.295088,0.291964,0.316650,0.351063,0.364893,0.265128,0.234557,0.403346,0.377903,0.238939,0.199766,0.192489,0.399419,0.253841,0.305011,0.345569,0.312357,0.352274,0.119773,0.355548,0.208533,0.356176,0.320438,0.215599,0.354302,0.374140,0.332603,0.218629,0.287667,0.176212,0.286990,0.271917,0.149204,0.372302,0.324760,0.276794,0.273576,0.315122,0.304471,0.275288,0.310153,0.292514,0.334458,0.299853,0.266646,0.232670,0.398334,0.278923,0.351939,0.420562,0.275768,0.163936,0.298315,0.257096,0.283777,0.303598,0.361881,0.325855,0.370005,0.191807,0.246674,0.321002,0.217136,0.262249,0.316432,0.299997,0.250666,0.365840,0.198410,0.284578,0.204950,0.264612,0.264712,0.182002,0.262761,0.140536,0.350069,0.365006,0.297405,0.337132,0.236560,0.267353,0.192716,0.303872,0.226789,0.199446,0.386168,0.239179,0.318437,0.289652,0.251418,0.232004,0.352254,0.301445,0.249127,0.291406,0.195483,0.269667,0.249177,0.252556,0.284209,0.267544,0.128182,0.166266,0.377476,0.391503,0.232357,0.408948,0.222458,0.281090,0.404861,0.300650,0.190299,0.238818,0.275637,0.278601,0.316336,0.290871,0.223519,0.322541,0.308656,0.232050,0.275060,0.229279,0.200709,0.236125,0.336185,0.194047,0.317884,0.360407,0.208822,0.270224,0.300803,0.220969,0.415183,0.180135,0.302987,0.240209,0.259096,0.246581,0.248407,0.068465,0.199654,0.296110,0.339340,0.348438,0.222187,0.273821,0.352019,0.271571,0.178806,0.243878,0.254517,0.221508,0.333509,0.209535,0.296253,0.322821,0.306791,0.197926,0.246040,0.399745,0.294353,0.284991,0.239862,0.223608,0.316516,0.266602,0.263565,0.263445,0.313699,0.245516,0.209769,0.355260,0.253449,0.359191,#
6,0.352222,0.392021,0.335382,0.378443,0.362000,0.246008,1.000000,0.339759,0.263495,0.272953,0.332340,0.253638,0.228720,0.355356,0.264841,0.270103,0.323211,0.315515,0.336251,0.365025,0.376551,0.379858,0.278736,0.269916,0.293758,0.263328,0.318681,0.350492,0.374932,0.280549,0.227611,0.333969,0.341901,0.275669,0.112819,0.174824,0.235214,0.326729,0.350767,0.305422,0.328866,0.296447,0.272146,0.375751,0.251642,0.322546,0.421068,0.448454,0.302591,0.368661,0.326126,0.315825,0.398924,0.331896,0.188958,0.356105,0.313521,0.348662,0.319665,0.430037,0.255120,0.265140,0.264132,0.315623,0.286647,0.432674,0.326622,0.343117,0.343555,0.344158,0.328972,0.327536,0.342229,0.265190,0.355457,0.294590,0.263184,0.353770,0.306820,0.323063,0.329562,0.373906,0.422534,0.319578,0.316972,0.371238,0.285504,0.359313,0.373969,0.392212,0.412522,0.290525,0.211549,0.386557,0.291590,0.424740,0.329251,0.289373,0.401357,0.303553,0.372651,0.397733,0.240366,0.295369,0.209937,0.449498,0.290998,0.291067,0.327218,0.325338,0.325181,0.299563,0.343189,0.314425,0.295937,0.360249,0.384242,0.280800,0.361690,0.318648,0.275347,0.433944,0.218062,0.268866,0.345433,0.297744,0.198009,0.373170,0.178397,0.400276,0.279177,0.274367,0.346229,0.183739,0.470686,0.340580,0.289438,0.404078,0.339565,0.313543,0.225615,0.163702,0.188608,0.371827,0.244884,0.314466,0.310381,0.180818,0.296038,0.236734,0.382294,0.236680,0.308871,0.298679,0.314424,0.260442,0.215579,0.280399,0.318038,0.291177,0.269433,0.336230,0.329273,0.406533,0.342077,0.247394,0.220727,0.262798,0.341737,0.420390,0.236569,0.252320,0.301883,0.258307,0.338498,0.290054,0.312982,0.310103,0.364362,0.217893,0.132660,0.220392,0.275127,0.351259,0.316640,0.324947,0.296473,0.344914,0.352592,0.291288,0.303665,0.299765,0.330525,0.289182,0.217132,0.285512,0.290152,0.282675,0.240058,0.354462,#
7,0.287148,0.335555,0.316369,0.340264,0.288232,0.273051,0.339759,1.000000,0.249157,0.389443,0.347284,0.454529,0.282518,0.362005,0.279110,0.335680,0.291536,0.463313,0.346066,0.411709,0.386002,0.396607,0.438538,0.315344,0.440265,0.295732,0.377517,0.475995,0.348703,0.289826,0.390278,0.382421,0.454492,0.291164,0.231556,0.330458,0.298274,0.307804,0.371711,0.334048,0.302793,0.337679,0.383841,0.293439,0.361180,0.453843,0.308175,0.405571,0.416243,0.373923,0.444612,0.244591,0.314936,0.374766,0.352516,0.343278,0.375517,0.430303,0.323606,0.388293,0.336870,0.223461,0.342265,0.353782,0.457460,0.335146,0.344946,0.362102,0.341122,0.468964,0.398362,0.262529,0.441758,0.425422,0.330684,0.319289,0.325032,0.388335,0.365051,0.485269,0.384413,0.394073,0.460455,0.391694,0.317201,0.362571,0.439863,0.282592,0.394360,0.480088,0.408248,0.345826,0.329653,0.331822,0.264942,0.375240,0.328813,0.296778,0.272458,0.209411,0.395358,0.326720,0.355271,0.352093,0.246812,0.435221,0.404631,0.335345,0.367943,0.304572,0.315500,0.306382,0.266465,0.375144,0.389189,0.410038,0.327846,0.293347,0.319761,0.372301,0.379983,0.416080,0.255086,0.419190,0.456299,0.379797,0.338543,0.384535,0.273744,0.370238,0.293956,0.392813,0.361060,0.301237,0.524750,0.355215,0.237727,0.505080,0.386685,0.432209,0.450163,0.394821,0.157502,0.279007,0.381813,0.326191,0.386996,0.267070,0.324062,0.270589,0.414600,0.456783,0.265266,0.278732,0.243230,0.390790,0.390053,0.349214,0.356571,0.363526,0.327437,0.381376,0.332535,0.399766,0.336910,0.242943,0.423592,0.281893,0.409888,0.383884,0.374901,0.313118,0.315356,0.268007,0.330040,0.271562,0.326970,0.347267,0.190252,0.407219,0.328391,0.395422,0.277947,0.343193,0.150570,0.388535,0.317160,0.398008,0.268730,0.403565,0.388034,0.336491,0.314952,0.353495,0.223349,0.346298,0.339654,0.371106,0.388573,0.355643,#
8,0.349773,0.274752,0.199178,0.313141,0.316105,0.229517,0.263495,0.249157,1.000000,0.227229,0.346528,0.293865,0.316830,0.284643,0.352423,0.265460,0.233827,0.231602,0.201328,0.309267,0.341220,0.232714,0.241613,0.324668,0.270454,0.253735,0.238236,0.361581,0.208557,0.287041,0.149419,0.316862,0.243779,0.232057,0.187493,0.232328,0.301056,0.267235,0.250440,0.370602,0.255978,0.221015,0.171318,0.298398,0.391262,0.347521,0.294089,0.326533,0.209203,0.245999,0.252335,0.315662,0.251209,0.415051,0.216774,0.295439,0.251583,0.288752,0.194718,0.324399,0.281076,0.102642,0.356030,0.264802,0.308614,0.260181,0.293364,0.268565,0.410326,0.310140,0.242501,0.316832,0.285293,0.207713,0.253375,0.186965,0.187576,0.272855,0.295107,0.157064,0.288498,0.288366,0.320556,0.222851,0.328071,0.314533,0.280992,0.226721,0.338006,0.313918,0.337842,0.330195,0.243661,0.245169,0.339191,0.426307,0.302982,0.246863,0.238818,0.158930,0.298641,0.199042,0.237649,0.289377,0.286520,0.184374,0.317120,0.289542,0.114751,0.335699,0.223811,0.239599,0.174556,0.330621,0.142473,0.329369,0.359227,0.232853,0.163947,0.340212,0.327381,0.218098,0.261345,0.251884,0.283879,0.362973,0.125144,0.313375,0.201513,0.334978,0.272256,0.293707,0.243242,0.247318,0.384647,0.279357,0.232437,0.340481,0.386122,0.303017,0.305318,0.260416,0.319090,0.175078,0.277001,0.180713,0.311768,0.321949,0.230006,0.273713,0.335672,0.212779,0.280704,0.282673,0.323571,0.298539,0.308883,0.165292,0.285992,0.331219,0.175278,0.276525,0.149988,0.356225,0.245798,0.147594,0.280986,0.186386,0.245242,0.272674,0.363922,0.062385,0.178354,0.328152,0.313529,0.227281,0.209378,0.251982,0.263334,0.252852,0.278045,0.266380,0.081492,0.239930,0.272693,0.257794,0.123058,0.214006,0.300877,0.221774,0.263813,0.254929,0.259622,0.223769,0.246926,0.231136,0.290910,0.108739,0.221050,0.243353,#
9,0.349301,0.292231,0.229641,0.293120,0.258415,0.363662,0.272953,0.389443,0.227229,1.000000,0.390901,0.323904,0.253091,0.310627,0.330365,0.344508,0.266232,0.270481,0.213191,0.401773,0.273501,0.331631,0.319447,0.337156,0.288530,0.331092,0.387201,0.457045,0.382983,0.206575,0.407210,0.402085,0.274749,0.328772,0.294349,0.268739,0.225453,0.362192,0.307274,0.277142,0.349307,0.392580,0.241319,0.174246,0.311225,0.461414,0.338649,0.385800,0.292940,0.277756,0.372699,0.311204,0.301898,0.303126,0.247818,0.335234,0.368420,0.355863,0.277539,0.311317,0.290422,0.293653,0.403630,0.317074,0.352429,0.360572,0.215286,0.362735,0.399598,0.231924,0.362416,0.309719,0.307550,0.334272,0.373956,0.269140,0.331578,0.272636,0.432052,0.370723,0.331267,0.379179,0.381317,0.302717,0.377388,0.426990,0.425643,0.231612,0.287457,0.332627,0.269300,0.423926,0.267638,0.319317,0.290947,0.364285,0.421917,0.281479,0.313146,0.259805,0.379117,0.377084,0.388905,0.290515,0.365674,0.330103,0.328612,0.315869,0.323895,0.270683,0.244275,0.258937,0.267672,0.389957,0.231956,0.402489,0.378013,0.379107,0.437804,0.269587,0.412448,0.405423,0.268900,0.370605,0.374334,0.415866,0.141414,0.344636,0.219789,0.342670,0.281550,0.360210,0.250394,0.351387,0.448987,0.297304,0.326176,0.370887,0.334159,0.313256,0.253183,0.301876,0.219830,0.203502,0.317394,0.173169,0.358348,0.265359,0.239250,0.399467,0.339475,0.280665,0.455138,0.341042,0.279569,0.349165,0.346905,0.327794,0.445094,0.292597,0.329881,0.268123,0.146585,0.438911,0.301350,0.240446,0.300256,0.286599,0.442273,0.346453,0.281510,0.321595,0.340751,0.341223,0.238577,0.257301,0.289350,0.175093,0.212176,0.358304,0.260939,0.377408,0.343568,0.358775,0.239829,0.388229,0.321695,0.441440,0.379248,0.247006,0.341533,0.386866,0.229345,0.330652,0.234039,0.323227,0.264656,0.239640,0.334002,0.363430,#
10,0.415072,0.425903,0.200505,0.345557,0.271286,0.249574,0.332340,0.347284,0.346528,0.390901,1.000000,0.275332,0.207896,0.358680,0.337339,0.262417,0.306646,0.343345,0.418785,0.338873,0.294405,0.357500,0.230837,0.261783,0.284530,0.209219,0.382345,0.406499,0.359401,0.332346,0.338168,0.312297,0.334398,0.290228,0.219669,0.281335,0.207243,0.334236,0.411714,0.305498,0.229177,0.229630,0.283988,0.224286,0.248401,0.364886,0.316092,0.412112,0.349110,0.330323,0.304684,0.316196,0.286388,0.329646,0.240437,0.308710,0.272349,0.312893,0.231607,0.325473,0.293108,0.284238,0.321551,0.359171,0.389152,0.372285,0.318384,0.291416,0.355546,0.298854,0.358120,0.276295,0.298325,0.311494,0.298243,0.336427,0.370907,0.242276,0.333542,0.275538,0.266848,0.332408,0.406458,0.344854,0.361231,0.295816,0.404589,0.204606,0.375213,0.370519,0.259459,0.317186,0.342412,0.274185,0.262138,0.322177,0.395509,0.180957,0.380066,0.326897,0.354937,0.310405,0.331912,0.294217,0.326350,0.264331,0.357010,0.344953,0.262246,0.298424,0.226776,0.317186,0.226941,0.367833,0.383507,0.455367,0.366708,0.161911,0.264108,0.257900,0.302843,0.311904,0.295718,0.336682,0.363541,0.348999,0.164953,0.302083,0.204518,0.432827,0.330414,0.304974,0.265324,0.241856,0.432194,0.316482,0.279751,0.382572,0.237933,0.418157,0.346609,0.198851,0.339982,0.194394,0.284774,0.249268,0.223373,0.230225,0.211721,0.350392,0.275395,0.361417,0.339438,0.316005,0.366900,0.326141,0.328294,0.196407,0.360612,0.375716,0.257297,0.265719,0.311086,0.384191,0.275577,0.200942,0.256553,0.212201,0.259504,0.412306,0.339187,0.231502,0.316827,0.326208,0.318530,0.124101,0.273806,0.282890,0.324917,0.399172,0.346629,0.320977,0.344738,0.289455,0.273832,0.350745,0.232437,0.345276,0.314326,0.260289,0.339762,0.332804,0.265044,0.254998,0.302102,0.346265,0.258106,0.351003,0.360028,0.387836,#
11,0.352825,0.380777,0.356086,0.362379,0.220967,0.267679,0.253638,0.454529,0.293865,0.323904,0.275332,1.000000,0.380927,0.269831,0.198411,0.357686,0.332716,0.407229,0.315938,0.186008,0.319603,0.390530,0.264427,0.379059,0.424560,0.355252,0.287743,0.451844,0.192202,0.374059,0.354477,0.380732,0.327699,0.309534,0.194188,0.240625,0.331252,0.325120,0.290541,0.258216,0.322254,0.395429,0.346850,0.433503,0.252497,0.428564,0.297966,0.404423,0.318149,0.236404,0.420649,0.278751,0.297893,0.359832,0.185174,0.267901,0.438635,0.355991,0.352831,0.322995,0.267735,0.323704,0.396336,0.367690,0.411739,0.352774,0.349193,0.365593,0.353980,0.349912,0.293840,0.231136,0.383783,0.324444,0.343048,0.317182,0.256943,0.297342,0.460201,0.343525,0.394731,0.196218,0.370646,0.397049,0.406133,0.308044,0.437794,0.282235,0.368375,0.325287,0.417574,0.364957,0.357156,0.433223,0.283445,0.295671,0.282024,0.297803,0.318811,0.353159,0.399255,0.320233,0.326697,0.271020,0.324660,0.421722,0.377984,0.314879,0.329795,0.358434,0.299725,0.295785,0.335455,0.358950,0.157905,0.540287,0.368753,0.218588,0.326803,0.309555,0.322736,0.380667,0.348888,0.328381,0.382648,0.336395,0.353391,0.421573,0.334811,0.388907,0.295296,0.459968,0.243882,0.307965,0.387278,0.306895,0.220377,0.432395,0.313303,0.389945,0.274174,0.326439,0.290719,0.306792,0.382240,0.293224,0.365098,0.244998,0.296913,0.290775,0.293288,0.446182,0.327836,0.358241,0.351776,0.261824,0.259321,0.217608,0.306600,0.318940,0.324039,0.290483,0.207072,0.333974,0.371810,0.205458,0.413984,0.313807,0.428280,0.302491,0.367089,0.193572,0.286405,0.290816,0.304800,0.348870,0.443821,0.284155,0.195901,0.245022,0.380644,0.345399,0.247724,0.319090,0.151672,0.415889,0.285293,0.324229,0.323794,0.257363,0.211079,0.315020,0.370186,0.119504,0.281578,0.251191,0.341079,0.232663,0.266233,0.347968,#
12,0.334362,0.330228,0.336596,0.300880,0.359539,0.322804,0.228720,0.282518,0.316830,0.253091,0.207896,0.380927,1.000000,0.291213,0.357623,0.336373,0.350730,0.315908,0.378540,0.423444,0.379999,0.277743,0.330180,0.369090,0.373890,0.323872,0.296999,0.403551,0.410987,0.402620,0.269496,0.438762,0.378643,0.314222,0.283358,0.247729,0.407385,0.309714,0.299780,0.307854,0.437823,0.309187,0.398886,0.350352,0.342647,0.469168,0.344739,0.311864,0.356547,0.303349,0.424049,0.252987,0.296175,0.370952,0.282270,0.312697,0.324594,0.385964,0.352648,0.388568,0.304305,0.323775,0.322717,0.322688,0.389482,0.331351,0.324905,0.260545,0.348474,0.251373,0.294041,0.344168,0.252837,0.271147,0.406119,0.313018,0.282109,0.330863,0.312737,0.317520,0.396395,0.329039,0.388340,0.340522,0.380500,0.436577,0.313199,0.343982,0.428984,0.383009,0.392651,0.393886,0.268735,0.387925,0.322452,0.238929,0.414020,0.329461,0.235973,0.224206,0.346888,0.362778,0.328374,0.307147,0.393731,0.341767,0.334966,0.257781,0.257885,0.411746,0.367347,0.223706,0.339133,0.425248,0.212231,0.349018,0.381943,0.374738,0.274336,0.317924,0.308888,0.401344,0.406270,0.390084,0.306112,0.357883,0.299046,0.296708,0.319598,0.271327,0.293220,0.424330,0.294229,0.236842,0.322836,0.321276,0.299843,0.366786,0.347669,0.357236,0.409682,0.324927,0.227823,0.244085,0.252466,0.328676,0.358994,0.258326,0.345539,0.250326,0.338015,0.470252,0.242579,0.328126,0.304518,0.221852,0.333928,0.122991,0.308016,0.252646,0.339068,0.353025,0.222130,0.424401,0.271875,0.234584,0.340192,0.164651,0.347856,0.386262,0.276153,0.245877,0.346138,0.323023,0.401092,0.200307,0.355237,0.351538,0.154871,0.348477,0.375543,0.335546,0.315144,0.341584,0.315625,0.402186,0.303132,0.393516,0.266541,0.170992,0.340625,0.403690,0.288188,0.293633,0.229156,0.281036,0.385452,0.268923,0.391892,0.307956,#
13,0.321319,0.393637,0.369880,0.358668,0.342087,0.230256,0.355356,0.362005,0.284643,0.310627,0.358680,0.269831,0.291213,1.000000,0.385895,0.363296,0.317260,0.301358,0.351652,0.418472,0.323256,0.352792,0.283707,0.284614,0.425950,0.418869,0.437014,0.408608,0.328568,0.249632,0.380217,0.323061,0.375602,0.328358,0.229750,0.312958,0.289254,0.391661,0.262785,0.331240,0.301513,0.337244,0.406300,0.315573,0.325604,0.364301,0.421085,0.385673,0.382519,0.316914,0.429168,0.299126,0.392460,0.330073,0.320273,0.482355,0.293978,0.334960,0.327431,0.420677,0.373943,0.305540,0.464977,0.364970,0.344096,0.322824,0.493799,0.380063,0.490124,0.417177,0.254290,0.355851,0.390265,0.293732,0.421485,0.264885,0.358440,0.391304,0.419706,0.341273,0.344872,0.455254,0.395475,0.475021,0.469144,0.326701,0.483467,0.380043,0.375332,0.432617,0.393841,0.370283,0.323847,0.397748,0.333236,0.354679,0.372423,0.257977,0.247693,0.290943,0.449055,0.405052,0.365890,0.365521,0.341314,0.412561,0.360914,0.332886,0.355625,0.340249,0.346182,0.284509,0.421291,0.430096,0.299245,0.346350,0.431401,0.314694,0.283956,0.328978,0.406569,0.447449,0.287626,0.392850,0.405591,0.314449,0.266806,0.292252,0.430880,0.362782,0.298042,0.336480,0.320828,0.317812,0.470331,0.333405,0.349457,0.419013,0.452230,0.410843,0.332177,0.274650,0.339264,0.316442,0.414891,0.425451,0.350635,0.314237,0.178617,0.367911,0.406739,0.257577,0.361538,0.393554,0.404798,0.321462,0.265044,0.338842,0.367463,0.315309,0.267078,0.466069,0.237855,0.457239,0.346479,0.311380,0.275026,0.267316,0.419185,0.417296,0.388344,0.417283,0.361838,0.308826,0.352861,0.357493,0.343700,0.274151,0.359103,0.261826,0.356758,0.319466,0.330797,0.388130,0.259279,0.395286,0.350088,0.453486,0.388825,0.366133,0.272094,0.383754,0.357176,0.280263,0.277598,0.343498,0.266073,0.326763,0.381420,0.361782,#
14,0.421679,0.333252,0.299521,0.323487,0.230435,0.313784,0.264841,0.279110,0.352423,0.330365,0.337339,0.198411,0.357623,0.385895,1.000000,0.411468,0.317513,0.340598,0.349681,0.422146,0.321820,0.281103,0.314959,0.417939,0.312004,0.287438,0.399712,0.349781,0.372442,0.295961,0.213154,0.289842,0.276844,0.234457,0.238601,0.338990,0.348089,0.396041,0.360585,0.382709,0.405240,0.315284,0.357487,0.288315,0.320758,0.445210,0.417021,0.327119,0.313611,0.234581,0.433712,0.267499,0.340315,0.341301,0.402160,0.348021,0.315714,0.304923,0.220101,0.345407,0.389917,0.365271,0.308326,0.314837,0.392275,0.321751,0.362677,0.368468,0.369471,0.328406,0.296842,0.312482,0.236734,0.427870,0.264403,0.223223,0.271458,0.370003,0.333490,0.349591,0.382107,0.248478,0.415233,0.397600,0.354719,0.382520,0.224530,0.262681,0.360245,0.355731,0.402174,0.355587,0.318822,0.353608,0.345050,0.225298,0.370928,0.295830,0.322729,0.231498,0.315280,0.368226,0.365672,0.329280,0.274176,0.318891,0.426367,0.429532,0.309793,0.361222,0.205159,0.222393,0.337207,0.287975,0.288274,0.365117,0.308752,0.368833,0.294478,0.292460,0.413038,0.388689,0.255003,0.318378,0.325777,0.279491,0.233666,0.248459,0.211828,0.376537,0.179860,0.376889,0.334191,0.183171,0.297633,0.288274,0.296639,0.349242,0.318151,0.316991,0.410124,0.343892,0.311780,0.206016,0.280818,0.270324,0.324678,0.180015,0.180549,0.281509,0.349650,0.240059,0.214761,0.338565,0.284731,0.214511,0.291570,0.273328,0.337766,0.229894,0.265502,0.349768,0.219327,0.303099,0.356861,0.164017,0.283412,0.253991,0.249564,0.382739,0.450983,0.296298,0.329701,0.379578,0.382234,0.203620,0.406403,0.327222,0.351726,0.405570,0.342095,0.417471,0.282975,0.355969,0.322955,0.369983,0.311735,0.314913,0.258387,0.242932,0.304120,0.362763,0.296674,0.401671,0.239402,0.184749,0.170406,0.299618,0.359619,0.359061,#
15,0.387012,0.228754,0.327727,0.292735,0.263815,0.283309,0.270103,0.335680,0.265460,0.344508,0.262417,0.357686,0.336373,0.363296,0.411468,1.000000,0.349252,0.467103,0.391668,0.309871,0.280747,0.330133,0.296323,0.436800,0.409997,0.380100,0.402363,0.394426,0.433762,0.210758,0.339280,0.371809,0.337444,0.381982,0.214328,0.250415,0.307441,0.357588,0.369971,0.352425,0.446712,0.359172,0.338583,0.310298,0.446556,0.387522,0.293353,0.366789,0.257789,0.324211,0.402331,0.261051,0.381006,0.334892,0.318277,0.255864,0.325203,0.385305,0.307682,0.400358,0.271508,0.247959,0.328370,0.257407,0.308663,0.332917,0.406542,0.435642,0.395139,0.300033,0.301124,0.409219,0.312016,0.274229,0.371185,0.308052,0.228986,0.436091,0.348391,0.327047,0.499551,0.254236,0.336833,0.427986,0.330778,0.339311,0.390026,0.245835,0.454220,0.418941,0.358285,0.280836,0.350386,0.456416,0.324290,0.249835,0.422906,0.273431,0.381192,0.270500,0.406322,0.358497,0.369890,0.321119,0.271040,0.332640,0.300666,0.295402,0.295493,0.454611,0.262971,0.385641,0.285920,0.309724,0.215587,0.451984,0.384120,0.253841,0.296956,0.345449,0.399940,0.412492,0.260052,0.420236,0.303960,0.264832,0.250114,0.298284,0.294586,0.286450,0.253244,0.440472,0.274428,0.320994,0.397846,0.378999,0.335521,0.281034,0.369730,0.250543,0.272468,0.330958,0.375512,0.213010,0.400986,0.310190,0.410808,0.267432,0.342107,0.337877,0.393257,0.263264,0.356393,0.501369,0.221651,0.424411,0.273084,0.300846,0.387857,0.352056,0.253102,0.340477,0.274288,0.388453,0.319795,0.285330,0.354013,0.290311,0.291525,0.370144,0.273050,0.233599,0.393191,0.248118,0.383130,0.166421,0.428758,0.262819,0.180410,0.394411,0.350184,0.397747,0.246052,0.325179,0.267514,0.384645,0.241026,0.385938,0.337605,0.247923,0.134864,0.446952,0.279300,0.316168,0.235101,0.259987,0.275321,0.306959,0.267630,0.278963,#
16,0.377817,0.274743,0.302094,0.272132,0.157853,0.243960,0.323211,0.291536,0.233827,0.266232,0.306646,0.332716,0.350730,0.317260,0.317513,0.349252,1.000000,0.342148,0.296918,0.311626,0.486678,0.361875,0.437798,0.241743,0.245749,0.356462,0.343235,0.266054,0.294576,0.308573,0.263820,0.425870,0.209121,0.342045,0.203335,0.263752,0.328607,0.288067,0.296302,0.283070,0.224095,0.302403,0.263911,0.352246,0.293605,0.375865,0.308484,0.341065,0.304208,0.195716,0.229379,0.333422,0.460574,0.266840,0.242181,0.259979,0.223274,0.295983,0.239386,0.214651,0.256405,0.334467,0.332536,0.368244,0.425889,0.291597,0.318878,0.458965,0.278218,0.360851,0.226041,0.363956,0.343287,0.199467,0.339373,0.477587,0.254201,0.376621,0.378821,0.317554,0.261025,0.275342,0.306902,0.295385,0.292275,0.410612,0.424888,0.253121,0.335609,0.308295,0.363819,0.336790,0.270045,0.260838,0.263817,0.261253,0.373265,0.205231,0.348115,0.283797,0.305039,0.295974,0.187002,0.258454,0.253434,0.338141,0.263674,0.237743,0.226315,0.312459,0.299692,0.283727,0.305031,0.282043,0.294438,0.463273,0.360110,0.270025,0.180508,0.289581,0.313619,0.336078,0.324609,0.327078,0.329110,0.213283,0.209115,0.176560,0.263873,0.386009,0.175287,0.323707,0.404199,0.117407,0.444968,0.324180,0.149541,0.370550,0.332477,0.374621,0.161302,0.278920,0.193258,0.282860,0.335663,0.275508,0.168591,0.247386,0.234401,0.188298,0.253562,0.308123,0.241395,0.279304,0.320658,0.276879,0.225446,0.191135,0.352778,0.296099,0.227452,0.416359,0.365014,0.403862,0.251303,0.140548,0.325345,0.260771,0.249204,0.290161,0.238001,0.150601,0.291231,0.203777,0.317065,0.329006,0.272296,0.234493,0.215488,0.271300,0.318380,0.331604,0.257755,0.203636,0.168672,0.291297,0.378107,0.324469,0.282739,0.220265,0.290522,0.172905,0.184832,0.254303,0.320866,0.318410,0.183343,0.295395,0.239541,0.300116,#
17,0.474140,0.366870,0.354323,0.385194,0.325946,0.348487,0.315515,0.463313,0.231602,0.270481,0.343345,0.407229,0.315908,0.301358,0.340598,0.467103,0.342148,1.000000,0.347430,0.402820,0.403573,0.380676,0.358287,0.434918,0.439345,0.354886,0.308997,0.380160,0.383806,0.339560,0.382421,0.455377,0.519081,0.320262,0.174932,0.307637,0.314615,0.466852,0.372607,0.268946,0.358231,0.326540,0.260932,0.413482,0.324546,0.411746,0.410399,0.348426,0.394432,0.391351,0.428767,0.200305,0.275925,0.374309,0.341421,0.363789,0.417096,0.475228,0.326206,0.413579,0.305362,0.368038,0.334606,0.345821,0.357877,0.415082,0.459514,0.445155,0.390226,0.437336,0.410089,0.384901,0.428873,0.364193,0.391161,0.402691,0.284216,0.423998,0.334264,0.389595,0.447815,0.391973,0.549310,0.432448,0.405442,0.325408,0.399571,0.369848,0.500031,0.499775,0.387149,0.328679,0.351205,0.378079,0.268638,0.275480,0.357771,0.436136,0.386218,0.355674,0.398379,0.339642,0.358799,0.380059,0.305059,0.408880,0.306763,0.493902,0.231303,0.277452,0.357926,0.364980,0.326716,0.423588,0.238575,0.457434,0.385716,0.282546,0.344062,0.388774,0.338975,0.359218,0.295620,0.369789,0.457468,0.375807,0.302094,0.322126,0.226633,0.301393,0.241501,0.450446,0.390225,0.424759,0.441125,0.388559,0.403847,0.357234,0.396424,0.446700,0.389382,0.349367,0.304136,0.272439,0.446503,0.345159,0.285558,0.231314,0.320421,0.216903,0.447396,0.268679,0.309732,0.439706,0.334489,0.362288,0.313355,0.304117,0.481784,0.410814,0.439722,0.396583,0.305466,0.345173,0.394932,0.312866,0.308132,0.375643,0.293627,0.353479,0.451617,0.336340,0.351970,0.377562,0.417883,0.183449,0.408154,0.322503,0.211498,0.440289,0.362544,0.502835,0.355292,0.230425,0.237222,0.380077,0.334367,0.419698,0.411967,0.327943,0.329518,0.442597,0.235996,0.272534,0.383427,0.351820,0.396619,0.256694,0.315736,0.393649,#
18,0.351231,0.388400,0.397242,0.339917,0.362506,0.279431,0.336251,0.346066,0.201328,0.213191,0.418785,0.315938,0.378540,0.351652,0.349681,0.391668,0.296918,0.347430,1.000000,0.340388,0.330434,0.346647,0.219837,0.412543,0.404503,0.368275,0.438330,0.418299,0.436296,0.285634,0.376698,0.316673,0.433794,0.247154,0.276224,0.347006,0.437075,0.365298,0.327078,0.371568,0.388216,0.341847,0.335236,0.302012,0.295176,0.366802,0.354812,0.404887,0.286259,0.332841,0.421467,0.206821,0.423552,0.457234,0.263813,0.272828,0.321863,0.421324,0.264003,0.310185,0.308964,0.302989,0.344207,0.407412,0.297081,0.448222,0.416136,0.427381,0.334250,0.218959,0.244354,0.319819,0.293064,0.280391,0.304790,0.229381,0.232029,0.409430,0.416710,0.427072,0.455670,0.315608,0.410908,0.423718,0.344007,0.250112,0.395763,0.277367,0.431353,0.369302,0.418405,0.300829,0.328799,0.375580,0.304807,0.278056,0.469907,0.323593,0.266845,0.381434,0.298791,0.403436,0.450318,0.348369,0.368747,0.343793,0.292866,0.339776,0.315211,0.397228,0.402264,0.466953,0.273131,0.390382,0.299806,0.343983,0.350393,0.258016,0.310741,0.325923,0.284052,0.429813,0.344848,0.344159,0.361914,0.322045,0.302956,0.297421,0.384839,0.337246,0.319442,0.427546,0.303557,0.275488,0.456430,0.189972,0.280823,0.406428,0.360411,0.429221,0.390163,0.174007,0.211973,0.216876,0.414544,0.303932,0.243584,0.146185,0.278419,0.277560,0.316168,0.350025,0.318117,0.304494,0.294637,0.399038,0.417080,0.380841,0.293036,0.450005,0.343914,0.373206,0.271668,0.356851,0.305553,0.260509,0.397024,0.338849,0.291607,0.416242,0.218390,0.309354,0.380443,0.243352,0.337843,0.233157,0.335516,0.384774,0.407860,0.347315,0.349257,0.384478,0.323457,0.293781,0.396869,0.393436,0.366712,0.480172,0.318800,0.263029,0.308936,0.407505,0.311935,0.315701,0.326780,0.240037,0.322268,0.378760,0.436701,0.374658,#
19,0.339649,0.344314,0.319120,0.368326,0.397205,0.185265,0.365025,0.411709,0.309267,0.401773,0.338873,0.186008,0.423444,0.418472,0.422146,0.309871,0.311626,0.402820,0.340388,1.000000,0.315547,0.402344,0.343446,0.404788,0.311042,0.465370,0.385289,0.389326,0.377867,0.414893,0.308096,0.404898,0.357057,0.306826,0.301063,0.362918,0.221888,0.369655,0.456860,0.342397,0.365363,0.330809,0.271019,0.261979,0.367010,0.468878,0.422361,0.525570,0.345278,0.368693,0.362845,0.316136,0.287794,0.461044,0.340177,0.338772,0.351841,0.353845,0.276639,0.406456,0.373414,0.270789,0.363398,0.349760,0.429460,0.387296,0.305000,0.401302,0.395939,0.393580,0.382417,0.383730,0.423595,0.263633,0.409494,0.342933,0.322253,0.454255,0.423249,0.320047,0.409936,0.387442,0.458550,0.292275,0.446514,0.330018,0.389210,0.319838,0.472240,0.441131,0.333128,0.426775,0.348665,0.340436,0.318419,0.335399,0.410394,0.386546,0.238174,0.272928,0.398784,0.373705,0.398746,0.378956,0.373569,0.357912,0.388709,0.510983,0.268417,0.272201,0.382334,0.324044,0.378344,0.445823,0.338440,0.361140,0.452551,0.440652,0.356955,0.258924,0.457738,0.495428,0.348272,0.415010,0.531626,0.394765,0.323353,0.372465,0.156061,0.355300,0.241630,0.305255,0.434575,0.299489,0.398717,0.370201,0.353954,0.403267,0.397387,0.434272,0.401257,0.290814,0.263166,0.237127,0.410391,0.335481,0.263897,0.404651,0.398849,0.214719,0.322130,0.358780,0.331843,0.416292,0.300279,0.307621,0.351622,0.312399,0.406008,0.280646,0.363259,0.410201,0.362581,0.398654,0.339825,0.249789,0.334405,0.311165,0.325954,0.352257,0.450579,0.349614,0.350144,0.327015,0.390173,0.247633,0.351928,0.352364,0.218568,0.390375,0.280192,0.438925,0.292549,0.379194,0.327903,0.397300,0.335426,0.475185,0.346677,0.248125,0.432139,0.400126,0.312038,0.419563,0.300401,0.387330,0.360283,0.415833,0.433165,0.414779,#
20,0.437801,0.342579,0.358085,0.341238,0.339066,0.305499,0.376551,0.386002,0.341220,0.273501,0.294405,0.319603,0.379999,0.323256,0.321820,0.280747,0.486678,0.403573,0.330434,0.315547,1.000000,0.377080,0.374073,0.328337,0.441841,0.328922,0.384736,0.428009,0.350162,0.359782,0.326893,0.343940,0.360970,0.296870,0.247565,0.256512,0.340511,0.328500,0.279975,0.361543,0.300670,0.457492,0.337083,0.343279,0.348465,0.437720,0.377250,0.418011,0.387855,0.296632,0.317730,0.351522,0.496637,0.338103,0.307422,0.311810,0.388333,0.341623,0.247431,0.375212,0.386818,0.232634,0.427214,0.384632,0.435665,0.254955,0.340863,0.374746,0.428955,0.418503,0.345300,0.340078,0.460551,0.369404,0.328811,0.313530,0.387921,0.393793,0.317261,0.392176,0.273912,0.276159,0.443800,0.351900,0.324812,0.422662,0.400361,0.359267,0.455096,0.438590,0.394039,0.434600,0.342115,0.384039,0.307167,0.304000,0.386455,0.354267,0.282032,0.194638,0.316768,0.342627,0.335964,0.419288,0.250729,0.401445,0.333944,0.326195,0.296347,0.381159,0.393478,0.284930,0.341859,0.390068,0.301091,0.455664,0.501064,0.242899,0.205771,0.265758,0.310893,0.406608,0.323618,0.342832,0.431721,0.354071,0.402665,0.408366,0.291576,0.436291,0.253692,0.455072,0.350669,0.231040,0.447990,0.334982,0.356365,0.463080,0.430864,0.424478,0.381839,0.377111,0.161677,0.259170,0.437005,0.250897,0.261142,0.296782,0.312559,0.302855,0.386109,0.379285,0.204474,0.238095,0.327349,0.329086,0.272589,0.207761,0.327191,0.355226,0.368135,0.390604,0.313560,0.367496,0.419900,0.206049,0.234581,0.335665,0.306364,0.320288,0.373365,0.256894,0.281966,0.341745,0.333539,0.363836,0.261401,0.212849,0.384729,0.451515,0.370150,0.366879,0.266670,0.369434,0.316805,0.258106,0.289511,0.385956,0.343274,0.310312,0.363932,0.367754,0.330433,0.275805,0.380984,0.371143,0.290653,0.347261,0.291325,0.323873,#
21,0.464261,0.458060,0.426313,0.374931,0.333386,0.333942,0.379858,0.396607,0.232714,0.331631,0.357500,0.390530,0.277743,0.352792,0.281103,0.330133,0.361875,0.380676,0.346647,0.402344,0.377080,1.000000,0.316215,0.423841,0.446234,0.292688,0.418162,0.448357,0.396670,0.366987,0.365535,0.397504,0.363655,0.411145,0.211473,0.330356,0.398817,0.414165,0.420267,0.303867,0.359621,0.395230,0.258680,0.316363,0.416786,0.373658,0.472858,0.441922,0.293166,0.381944,0.426059,0.247817,0.404008,0.364640,0.293324,0.297455,0.435697,0.390569,0.308741,0.363500,0.281519,0.262368,0.404219,0.364297,0.474875,0.352516,0.352042,0.379441,0.431304,0.477774,0.498251,0.350520,0.459376,0.339994,0.338915,0.332472,0.328604,0.336557,0.334602,0.379906,0.457716,0.371592,0.392797,0.305664,0.440005,0.333541,0.405482,0.316378,0.442689,0.468437,0.327363,0.321645,0.331148,0.323047,0.397049,0.421543,0.362921,0.378154,0.335137,0.372561,0.466983,0.347863,0.299599,0.410714,0.368489,0.451617,0.361112,0.397674,0.328751,0.318903,0.340902,0.370891,0.382298,0.393400,0.277878,0.444069,0.486298,0.269027,0.396653,0.408596,0.361382,0.496946,0.206211,0.472103,0.367331,0.390065,0.357813,0.358737,0.302986,0.323097,0.339345,0.343592,0.428844,0.332214,0.423177,0.281558,0.395168,0.403615,0.380862,0.431871,0.334054,0.394254,0.295059,0.226384,0.396043,0.384919,0.315311,0.320472,0.305588,0.256098,0.379246,0.377964,0.339586,0.384438,0.362402,0.292299,0.273244,0.325516,0.303402,0.335636,0.478968,0.329383,0.280558,0.389148,0.383948,0.206195,0.194300,0.396012,0.274911,0.400574,0.363275,0.304640,0.396353,0.359395,0.339477,0.299435,0.429207,0.284665,0.320394,0.401550,0.289767,0.419309,0.192402,0.356874,0.256891,0.365123,0.346176,0.393632,0.452717,0.251490,0.395758,0.391215,0.345151,0.217977,0.416905,0.382253,0.372163,0.336010,0.338277,0.397295,#
