0,1.000000,0.851524,0.850640,0.820428,0.798210,0.840349,0.843747,0.840896,0.838785,0.816370,0.838066,0.855701,0.819934,0.815825,0.828596,0.826783,0.850240,0.861036,0.834277,0.837980,0.839616,0.805574,0.830261,0.845544,0.804776,0.819861,0.828735,0.836572,0.806357,0.835826,0.823202,0.843813,0.815472,0.813876,0.845418,0.826016,0.818365,0.815619,0.843895,0.854992,0.841780,0.810578,0.850460,0.812464,0.836515,0.803304,0.853414,0.841649,0.840100,0.857310,0.835516,0.827138,0.857577,0.854189,0.835716,0.854673,0.834549,0.859575,0.828901,0.824674,0.844440,0.814966,0.839846,0.836183,0.834680,0.839807,0.860447,0.851072,0.832277,0.806312,0.830237,0.820885,0.867425,0.849738,0.834364,0.825515,0.852006,0.837595,0.845282,0.832454,0.871707,0.836822,0.845194,0.853173,0.839889,0.868160,0.845953,0.833069,0.805406,0.822615,0.808110,0.819545,0.837811,0.823580,0.827379,0.833572,0.809784,0.819688,0.842773,0.858733,0.829032,0.821361,0.819914,0.836416,0.815399,0.821614,0.806413,0.853163,0.848551,0.803253,0.840515,0.829514,0.841404,0.813260,0.832562,0.863098,0.806743,0.822791,0.815462,0.817835,0.805979,0.884222,0.841464,0.863904,0.834074,0.825590,0.816178,0.817839,0.797804,0.819433,0.810408,0.842381,0.839630,0.812881,0.846966,0.831648,0.839602,0.841473,0.807090,0.849674,0.812418,0.825664,0.796423,0.855420,0.843595,0.760195,0.833369,0.790587,0.847362,0.809509,0.826156,0.838314,0.830873,0.792871,0.825295,0.812186,0.830729,0.850044,0.862302,0.840289,0.857757,0.852155,0.827867,0.832297,0.825679,0.844863,0.852081,0.822342,0.836327,0.830940,0.839128,0.831433,0.830322,0.857104,0.867316,0.822312,0.842496,0.856808,0.842804,0.816261,0.808327,0.847969,0.816635,0.817348,0.822795,0.807275,0.820796,0.832236,0.824009,0.835423,0.809332,0.841519,0.812968,0.838042,0.821627,0.826563,0.808890,0.842382,0.838257,0.837760,#
1,0.851524,1.000000,0.820948,0.846044,0.824510,0.843423,0.796855,0.834111,0.855746,0.833540,0.834132,0.833241,0.823405,0.820681,0.836415,0.816662,0.829758,0.826090,0.830814,0.843610,0.842509,0.857379,0.855228,0.847071,0.817870,0.808227,0.846734,0.846765,0.812832,0.803731,0.857709,0.852879,0.820746,0.843268,0.823541,0.843712,0.804727,0.839875,0.858178,0.846805,0.825320,0.808819,0.817790,0.818167,0.815384,0.816608,0.861440,0.837871,0.857471,0.856631,0.833603,0.859045,0.841341,0.817063,0.855243,0.839530,0.836000,0.851555,0.830420,0.817808,0.816493,0.829377,0.798129,0.801851,0.833906,0.841286,0.859832,0.847244,0.843015,0.852692,0.831395,0.835145,0.893907,0.808886,0.838530,0.833698,0.837405,0.834397,0.842251,0.820023,0.862420,0.831953,0.864044,0.863704,0.855535,0.842004,0.830285,0.836524,0.843164,0.828616,0.816379,0.815970,0.838883,0.838404,0.814480,0.817038,0.820909,0.821086,0.829526,0.833127,0.840726,0.837632,0.810980,0.824194,0.817989,0.825409,0.815739,0.859837,0.834120,0.808969,0.837058,0.820301,0.823664,0.825897,0.806193,0.842888,0.833619,0.849377,0.815086,0.778153,0.842441,0.850326,0.820133,0.849343,0.816453,0.807050,0.817667,0.831257,0.830598,0.843968,0.805811,0.850656,0.817773,0.820836,0.845322,0.830304,0.823621,0.837601,0.825181,0.813884,0.852410,0.832270,0.822230,0.836865,0.820789,0.798266,0.826413,0.794389,0.842234,0.800938,0.840576,0.859323,0.837153,0.786961,0.857869,0.811380,0.850806,0.853595,0.815646,0.820218,0.831612,0.855871,0.833327,0.849488,0.840094,0.815503,0.837636,0.821880,0.800933,0.829750,0.833021,0.809744,0.828867,0.858564,0.840802,0.824118,0.835875,0.864803,0.809663,0.810931,0.823060,0.824936,0.821424,0.812607,0.808551,0.846371,0.819124,0.781665,0.845654,0.834813,0.843627,0.832112,0.809303,0.827576,0.852884,0.787229,0.808469,0.855431,0.821317,0.840337,#
2,0.850640,0.820948,1.000000,0.828817,0.812974,0.831289,0.808387,0.844453,0.835972,0.826100,0.803471,0.799333,0.784529,0.823051,0.823718,0.798424,0.806635,0.835316,0.810479,0.834924,0.829046,0.806860,0.810313,0.841816,0.793931,0.796145,0.854217,0.846675,0.831002,0.819234,0.835630,0.831419,0.832586,0.821507,0.814126,0.817371,0.816522,0.819649,0.865495,0.831648,0.813307,0.818966,0.817100,0.801959,0.803339,0.814920,0.868886,0.790648,0.812917,0.855983,0.825894,0.821685,0.831465,0.846308,0.857604,0.839762,0.845580,0.825897,0.811642,0.818973,0.863437,0.823211,0.815848,0.833917,0.831155,0.826635,0.835188,0.810780,0.823004,0.830246,0.847599,0.802861,0.854097,0.827312,0.849528,0.820720,0.834973,0.825581,0.826543,0.851376,0.851907,0.842583,0.866327,0.834290,0.849850,0.851668,0.832399,0.857933,0.815996,0.802789,0.831544,0.816695,0.848780,0.806767,0.851985,0.804705,0.800787,0.800418,0.863457,0.830698,0.836426,0.798169,0.799422,0.811255,0.801614,0.861624,0.839386,0.827638,0.836127,0.785573,0.838053,0.788023,0.855640,0.799469,0.808380,0.805388,0.795955,0.829771,0.823329,0.776742,0.801164,0.825248,0.799125,0.861962,0.819572,0.787277,0.812379,0.819397,0.814642,0.842927,0.824257,0.849824,0.848351,0.850905,0.848639,0.823399,0.832285,0.824727,0.820373,0.811360,0.814051,0.842586,0.789056,0.807357,0.816697,0.815949,0.812812,0.790667,0.825605,0.817777,0.826292,0.834845,0.825785,0.821831,0.807887,0.821072,0.823711,0.810350,0.820350,0.803596,0.802232,0.792149,0.828448,0.826757,0.791795,0.826781,0.833674,0.786015,0.810431,0.807886,0.830152,0.802255,0.835410,0.818114,0.838983,0.823533,0.810392,0.840380,0.821091,0.791046,0.795492,0.858311,0.779699,0.844083,0.799601,0.821793,0.812375,0.796440,0.820073,0.821572,0.812673,0.819415,0.845050,0.832115,0.808911,0.823206,0.794990,0.830631,0.797719,0.828391,#
3,0.820428,0.846044,0.828817,1.000000,0.834859,0.822452,0.807742,0.835486,0.846645,0.824065,0.807902,0.827416,0.813605,0.807947,0.809887,0.809470,0.814891,0.819679,0.833367,0.818659,0.835392,0.845259,0.809184,0.806324,0.828429,0.824984,0.844206,0.836784,0.818250,0.808790,0.835681,0.850796,0.813715,0.848128,0.827900,0.824070,0.792297,0.828685,0.816781,0.852019,0.823963,0.825315,0.817110,0.821586,0.818018,0.834862,0.856737,0.820499,0.846568,0.821217,0.839663,0.788549,0.839432,0.808370,0.834385,0.844879,0.812539,0.839852,0.862104,0.823619,0.819516,0.803289,0.796069,0.814626,0.857000,0.821637,0.816591,0.811289,0.788785,0.830846,0.817092,0.833691,0.870322,0.826563,0.821838,0.803561,0.819084,0.828152,0.831053,0.841171,0.854392,0.816266,0.844966,0.852682,0.835454,0.848150,0.828402,0.818281,0.802536,0.815175,0.809710,0.819589,0.839515,0.837893,0.831293,0.822980,0.786903,0.804339,0.819002,0.816300,0.810412,0.804646,0.784545,0.792948,0.844729,0.827468,0.823249,0.846862,0.813481,0.801064,0.811117,0.799445,0.817049,0.817871,0.812533,0.838103,0.799614,0.823540,0.823129,0.777324,0.788156,0.845878,0.798365,0.829822,0.801128,0.808948,0.820699,0.835838,0.812845,0.826454,0.807407,0.842907,0.810541,0.831925,0.851950,0.847076,0.851839,0.803804,0.799146,0.805616,0.794052,0.840640,0.819751,0.804515,0.797491,0.835726,0.800160,0.816845,0.831436,0.795916,0.809154,0.827549,0.812299,0.800272,0.836673,0.779551,0.836709,0.827344,0.824461,0.823001,0.827346,0.820320,0.801791,0.848203,0.818993,0.821571,0.827130,0.778668,0.818663,0.809878,0.842838,0.817893,0.817106,0.833045,0.810605,0.833787,0.817033,0.836995,0.823139,0.796984,0.794399,0.846321,0.789139,0.812642,0.798837,0.814875,0.806112,0.770062,0.843578,0.859270,0.816833,0.816393,0.807563,0.810346,0.824724,0.818416,0.807912,0.827751,0.803924,0.836330,#
4,0.798210,0.824510,0.812974,0.834859,1.000000,0.831926,0.823639,0.816991,0.806416,0.817369,0.786798,0.827050,0.793342,0.815620,0.797853,0.826993,0.812161,0.832281,0.817018,0.847557,0.847066,0.821664,0.806358,0.828365,0.789395,0.789766,0.830491,0.799965,0.819411,0.793940,0.848496,0.830874,0.843233,0.807502,0.793949,0.815664,0.790096,0.806684,0.820187,0.840341,0.816551,0.787070,0.805521,0.828576,0.816435,0.818277,0.844809,0.811051,0.821288,0.808784,0.819386,0.809579,0.842664,0.794110,0.831704,0.831250,0.800258,0.824762,0.844934,0.821368,0.804977,0.822231,0.805473,0.788296,0.841755,0.842974,0.824225,0.801014,0.795249,0.819794,0.831186,0.833885,0.840093,0.797688,0.818029,0.799367,0.816148,0.820390,0.835848,0.828955,0.809246,0.825064,0.837138,0.811494,0.836611,0.817263,0.798116,0.794806,0.815970,0.808752,0.792820,0.783138,0.806495,0.805042,0.809296,0.814570,0.814838,0.791535,0.795642,0.821941,0.838845,0.819965,0.801566,0.803527,0.806163,0.804734,0.819889,0.823531,0.812707,0.811313,0.794796,0.804172,0.827568,0.839977,0.796640,0.818933,0.801606,0.851226,0.777320,0.766880,0.798971,0.825422,0.830806,0.832891,0.796017,0.802855,0.801816,0.821429,0.846317,0.839161,0.839809,0.823644,0.802697,0.825474,0.855309,0.832550,0.823494,0.805882,0.805848,0.780655,0.774028,0.840695,0.814725,0.811388,0.793210,0.794755,0.829842,0.767170,0.799829,0.829039,0.802467,0.862920,0.802562,0.781261,0.845414,0.796535,0.844200,0.803101,0.819580,0.810547,0.788221,0.813284,0.844123,0.816129,0.800943,0.800955,0.805551,0.791795,0.790347,0.815638,0.816037,0.812226,0.826944,0.809871,0.848207,0.830155,0.821130,0.843222,0.812816,0.791596,0.818122,0.807104,0.806049,0.794138,0.834855,0.827362,0.789952,0.817354,0.791149,0.813752,0.776109,0.784601,0.795148,0.822233,0.806659,0.778178,0.792958,0.805831,0.830966,0.807667,#
5,0.840349,0.843423,0.831289,0.822452,0.831926,1.000000,0.782475,0.838694,0.824375,0.807793,0.804040,0.813251,0.787170,0.800015,0.811784,0.822692,0.820644,0.839305,0.800366,0.859828,0.829787,0.790891,0.810125,0.838547,0.814126,0.824382,0.865597,0.848550,0.797271,0.816328,0.847236,0.862755,0.840443,0.848352,0.795956,0.838723,0.805000,0.796671,0.833546,0.829303,0.833272,0.808221,0.780224,0.820585,0.832762,0.832227,0.855293,0.845959,0.842624,0.823203,0.837591,0.794339,0.831834,0.850658,0.811473,0.880617,0.830237,0.830348,0.860312,0.841935,0.799235,0.823479,0.820518,0.842518,0.829575,0.816500,0.818572,0.830410,0.822222,0.819408,0.840046,0.820714,0.873662,0.807170,0.823489,0.809705,0.836266,0.857657,0.826883,0.827378,0.863614,0.832845,0.848952,0.842574,0.812675,0.839048,0.827583,0.834479,0.839531,0.812670,0.801286,0.803504,0.846114,0.839189,0.811199,0.767355,0.817389,0.824507,0.860357,0.821308,0.848111,0.828690,0.841429,0.835432,0.818369,0.833314,0.832373,0.842491,0.803021,0.818154,0.807729,0.841386,0.820061,0.792475,0.783371,0.813537,0.833638,0.836476,0.795774,0.785009,0.797727,0.850833,0.819645,0.868596,0.794896,0.805831,0.847272,0.813989,0.809720,0.818748,0.826046,0.866194,0.852497,0.853882,0.841315,0.821264,0.822202,0.832180,0.802989,0.795859,0.811250,0.807874,0.826336,0.830900,0.863216,0.775360,0.793791,0.792974,0.840578,0.827666,0.836540,0.837629,0.813088,0.802484,0.821389,0.789888,0.866472,0.828500,0.832273,0.821743,0.828095,0.840168,0.826709,0.826007,0.840291,0.806632,0.777490,0.833009,0.811682,0.811401,0.858216,0.821358,0.811176,0.824414,0.833211,0.818342,0.824930,0.859146,0.836253,0.820401,0.836902,0.831685,0.791562,0.806558,0.825161,0.836289,0.805204,0.810712,0.823517,0.841643,0.796029,0.837912,0.794825,0.836503,0.788476,0.821630,0.789460,0.829462,0.821879,0.817679,#
6,0.843747,0.796855,0.808387,0.807742,0.823639,0.782475,1.000000,0.786869,0.820766,0.803189,0.804239,0.810423,0.800415,0.825143,0.770066,0.819237,0.830403,0.845431,0.809721,0.807329,0.851758,0.793748,0.775113,0.807229,0.811878,0.804846,0.819655,0.815968,0.798059,0.824212,0.824953,0.836167,0.813172,0.814070,0.810662,0.827894,0.800324,0.804650,0.810650,0.835248,0.813985,0.809287,0.836010,0.807734,0.832174,0.772975,0.839326,0.796219,0.847068,0.846304,0.825999,0.827607,0.844951,0.781669,0.830693,0.820762,0.825479,0.849385,0.839921,0.779252,0.833998,0.807134,0.787244,0.798768,0.859949,0.811375,0.857426,0.817427,0.814389,0.800779,0.819757,0.832182,0.833109,0.826418,0.795640,0.816750,0.833154,0.817249,0.830499,0.805502,0.837696,0.825349,0.821433,0.849133,0.817247,0.823864,0.814825,0.801968,0.818543,0.806728,0.778355,0.798397,0.785197,0.802709,0.801122,0.798966,0.819682,0.809766,0.812558,0.821752,0.820766,0.817777,0.820204,0.801110,0.813364,0.774613,0.822701,0.812970,0.808448,0.773222,0.786609,0.784468,0.781956,0.805391,0.790564,0.794587,0.802747,0.826678,0.793138,0.790122,0.806787,0.812814,0.791012,0.847658,0.827191,0.814482,0.774015,0.807425,0.782851,0.807303,0.824729,0.822096,0.806259,0.781531,0.827848,0.826306,0.827613,0.801319,0.830767,0.820022,0.818711,0.828870,0.774001,0.798680,0.795258,0.807079,0.808169,0.789744,0.805798,0.795778,0.806737,0.852610,0.777866,0.762307,0.799651,0.777772,0.818927,0.782957,0.826536,0.820393,0.820871,0.815016,0.797017,0.818367,0.818750,0.818633,0.846182,0.765337,0.804636,0.803608,0.830168,0.812557,0.779894,0.791112,0.823731,0.816614,0.806311,0.839992,0.811581,0.801302,0.815393,0.812595,0.813989,0.821344,0.797959,0.798756,0.783427,0.800273,0.776825,0.809894,0.778259,0.813850,0.779253,0.813370,0.812082,0.807836,0.800041,0.824619,0.812761,0.816274,#
7,0.840896,0.834111,0.844453,0.835486,0.816991,0.838694,0.786869,1.000000,0.858527,0.807637,0.808387,0.806701,0.823937,0.827552,0.836983,0.789501,0.830798,0.841067,0.833272,0.833069,0.851942,0.815776,0.848340,0.828555,0.827502,0.845600,0.842093,0.835580,0.818885,0.834395,0.812943,0.838605,0.817232,0.831342,0.813832,0.826285,0.814355,0.812643,0.844937,0.833421,0.828816,0.823980,0.808648,0.829676,0.825362,0.825294,0.857631,0.844821,0.833100,0.824924,0.835143,0.805688,0.838627,0.860331,0.847636,0.842294,0.828746,0.833828,0.836507,0.841847,0.792544,0.826405,0.823084,0.822492,0.838885,0.836880,0.847623,0.821482,0.832092,0.815587,0.846631,0.785182,0.877489,0.839207,0.848787,0.819837,0.845742,0.828782,0.829067,0.820443,0.868527,0.832766,0.855330,0.844530,0.826063,0.847909,0.860384,0.837999,0.829960,0.830332,0.813455,0.828964,0.841397,0.820835,0.848111,0.813282,0.825355,0.851303,0.844452,0.828251,0.839431,0.805131,0.807768,0.811662,0.828305,0.825312,0.828265,0.845994,0.830016,0.796304,0.865335,0.804085,0.851181,0.813877,0.817676,0.833475,0.809546,0.810507,0.810796,0.806931,0.831541,0.841423,0.809087,0.861453,0.842223,0.825854,0.814811,0.839807,0.793732,0.813355,0.826096,0.839180,0.846146,0.799587,0.849444,0.863697,0.838792,0.844381,0.803325,0.824441,0.811572,0.845792,0.836572,0.823639,0.833942,0.815327,0.836916,0.772364,0.840001,0.815745,0.807646,0.841092,0.839883,0.788703,0.822534,0.841719,0.846932,0.836565,0.836253,0.816915,0.844052,0.799923,0.866656,0.814443,0.829008,0.820311,0.841581,0.803353,0.794292,0.800882,0.868127,0.819460,0.821669,0.844708,0.828684,0.827454,0.821002,0.825228,0.830540,0.804539,0.825461,0.835381,0.809097,0.822470,0.803969,0.833471,0.826306,0.792088,0.834322,0.850248,0.824464,0.821311,0.794710,0.817993,0.830161,0.823147,0.810095,0.860398,0.837581,0.822548,#
8,0.838785,0.855746,0.835972,0.846645,0.806416,0.824375,0.820766,0.858527,1.000000,0.840307,0.819057,0.837371,0.813888,0.838517,0.822348,0.836234,0.826719,0.854533,0.804542,0.845100,0.843744,0.841358,0.817921,0.824785,0.824433,0.830697,0.841110,0.830854,0.831759,0.817361,0.827608,0.853361,0.817148,0.825803,0.798665,0.854275,0.820994,0.829029,0.829698,0.848154,0.815321,0.810510,0.869308,0.824570,0.809277,0.796952,0.832128,0.825897,0.840442,0.831946,0.856395,0.822393,0.827372,0.852040,0.832555,0.857627,0.832442,0.846478,0.815900,0.809283,0.839930,0.819886,0.848206,0.826250,0.854277,0.859304,0.843906,0.851440,0.856771,0.837299,0.834149,0.833098,0.877611,0.843087,0.825398,0.805884,0.830974,0.845632,0.843149,0.834626,0.855424,0.828659,0.834620,0.856983,0.850371,0.844736,0.819791,0.839919,0.802719,0.810628,0.819781,0.814067,0.825797,0.817963,0.828797,0.812114,0.824580,0.844286,0.870109,0.844769,0.844801,0.798185,0.832295,0.851590,0.805601,0.837849,0.835468,0.851511,0.800217,0.823288,0.829539,0.815742,0.840909,0.819023,0.798234,0.844553,0.818122,0.825737,0.811237,0.828055,0.805097,0.826678,0.821330,0.857083,0.819733,0.839196,0.806917,0.823322,0.839497,0.825497,0.814143,0.842618,0.843856,0.828352,0.866069,0.843647,0.839195,0.827263,0.806673,0.835592,0.815238,0.839873,0.829396,0.809678,0.835492,0.787094,0.818864,0.809282,0.839591,0.822873,0.799135,0.859611,0.793624,0.838754,0.834978,0.803350,0.841070,0.845728,0.854960,0.839943,0.833909,0.802810,0.847145,0.833658,0.815039,0.807221,0.831999,0.816926,0.834786,0.811370,0.847249,0.841854,0.807110,0.836563,0.859304,0.831567,0.825955,0.856654,0.835276,0.802774,0.823974,0.838784,0.797603,0.827493,0.832068,0.818197,0.841390,0.801716,0.837411,0.853929,0.836168,0.837740,0.841827,0.829456,0.810472,0.809845,0.786774,0.836027,0.824235,0.860243,#
9,0.816370,0.833540,0.826100,0.824065,0.817369,0.807793,0.803189,0.807637,0.840307,1.000000,0.796116,0.797427,0.803177,0.813749,0.831219,0.809435,0.815586,0.823488,0.818206,0.812726,0.852917,0.805941,0.806611,0.833324,0.797306,0.786697,0.830117,0.854864,0.796989,0.815641,0.809605,0.838229,0.820447,0.833685,0.809293,0.823515,0.800214,0.799309,0.832532,0.838870,0.828198,0.811047,0.797783,0.803264,0.828455,0.784748,0.832161,0.804504,0.803220,0.816785,0.808330,0.793869,0.790238,0.809682,0.817996,0.824763,0.828882,0.864397,0.805718,0.812610,0.817247,0.808808,0.814293,0.801791,0.813376,0.852176,0.846450,0.833367,0.839450,0.807446,0.835642,0.809108,0.844446,0.802983,0.817147,0.800663,0.820785,0.849786,0.829386,0.856473,0.826411,0.826947,0.817908,0.860918,0.838464,0.821018,0.819108,0.857251,0.804830,0.780921,0.804307,0.799594,0.828117,0.803415,0.823266,0.784158,0.794070,0.809321,0.831275,0.812547,0.841257,0.820247,0.826092,0.810160,0.825113,0.838106,0.809937,0.826283,0.846452,0.830994,0.824138,0.826146,0.839932,0.813147,0.777799,0.843397,0.767618,0.804815,0.776899,0.784903,0.792373,0.825560,0.814307,0.849856,0.820952,0.796001,0.813687,0.796321,0.836000,0.807739,0.811413,0.838335,0.818135,0.832636,0.844706,0.804702,0.821555,0.799522,0.796158,0.810333,0.819954,0.863814,0.821417,0.834488,0.806382,0.811825,0.821753,0.798947,0.821592,0.795785,0.785892,0.809585,0.810277,0.800754,0.825409,0.808062,0.808850,0.826361,0.822118,0.829826,0.824906,0.827402,0.823496,0.818519,0.820652,0.826553,0.794090,0.803258,0.829313,0.797584,0.840399,0.820674,0.802671,0.801607,0.831418,0.850810,0.813538,0.852244,0.810505,0.820479,0.827663,0.813271,0.818120,0.795452,0.799535,0.833788,0.777398,0.785376,0.847672,0.806009,0.807913,0.823468,0.783149,0.792872,0.795561,0.784002,0.801688,0.822703,0.802120,0.807189,#
10,0.838066,0.834132,0.803471,0.807902,0.786798,0.804040,0.804239,0.808387,0.819057,0.796116,1.000000,0.811938,0.774803,0.796733,0.771033,0.806366,0.822017,0.797530,0.811439,0.806374,0.813603,0.785055,0.805507,0.834347,0.781130,0.796301,0.820572,0.845645,0.795918,0.812456,0.812222,0.811488,0.799801,0.825246,0.809943,0.816664,0.804077,0.819236,0.814201,0.800409,0.820911,0.783316,0.794782,0.787632,0.811087,0.805323,0.863468,0.818805,0.831279,0.859711,0.793690,0.815806,0.825221,0.781011,0.822040,0.846145,0.823219,0.854830,0.778903,0.812640,0.810560,0.816778,0.843164,0.827178,0.831890,0.790224,0.838062,0.795841,0.825427,0.804455,0.828055,0.820799,0.858758,0.769169,0.803797,0.834379,0.806847,0.835214,0.826506,0.800794,0.858667,0.810662,0.821320,0.825504,0.809315,0.811635,0.825085,0.814310,0.798225,0.835724,0.775808,0.819976,0.838883,0.787100,0.794209,0.808499,0.779029,0.824252,0.834187,0.833550,0.813276,0.790694,0.796964,0.826880,0.828928,0.797921,0.813892,0.817452,0.805257,0.794251,0.803144,0.783747,0.814720,0.803161,0.780801,0.834982,0.777344,0.808678,0.803634,0.776735,0.797748,0.832797,0.776129,0.838589,0.767218,0.805348,0.815813,0.815492,0.810582,0.798729,0.782772,0.821201,0.800310,0.793326,0.842001,0.861671,0.813799,0.794575,0.808636,0.821665,0.832822,0.817852,0.774815,0.806326,0.773778,0.782151,0.822932,0.783279,0.823388,0.807214,0.785829,0.813476,0.804163,0.792276,0.821714,0.785252,0.837876,0.833824,0.813936,0.789429,0.837119,0.796255,0.805461,0.811214,0.803477,0.799543,0.822423,0.790726,0.820126,0.830672,0.813135,0.818891,0.767189,0.806851,0.837520,0.806626,0.801988,0.832728,0.786262,0.825661,0.788164,0.792293,0.807649,0.787025,0.763730,0.808227,0.806560,0.798626,0.771143,0.820732,0.807141,0.784920,0.785304,0.818805,0.815104,0.790323,0.784343,0.826444,0.809976,0.830490,#
11,0.855701,0.833241,0.799333,0.827416,0.827050,0.813251,0.810423,0.806701,0.837371,0.797427,0.811938,1.000000,0.825871,0.809877,0.816847,0.816483,0.827543,0.854521,0.855359,0.827587,0.824177,0.796163,0.829491,0.812454,0.818089,0.807384,0.810182,0.821112,0.827827,0.796840,0.829148,0.848072,0.829379,0.826953,0.788985,0.819016,0.834585,0.835306,0.811651,0.839465,0.828951,0.790168,0.823245,0.798869,0.809274,0.787305,0.871879,0.833844,0.818790,0.848339,0.820153,0.795903,0.864839,0.816940,0.837453,0.839885,0.804377,0.867128,0.820169,0.823400,0.800918,0.794398,0.850384,0.803315,0.839637,0.825276,0.829457,0.827678,0.841075,0.823980,0.838063,0.804030,0.843285,0.824263,0.847565,0.793161,0.846696,0.845416,0.822252,0.790542,0.835001,0.817277,0.837261,0.832265,0.855141,0.820089,0.794855,0.795536,0.802618,0.787612,0.799855,0.821381,0.822081,0.796157,0.799184,0.838557,0.803462,0.825043,0.815191,0.822284,0.806645,0.814053,0.828268,0.824774,0.830871,0.822759,0.823324,0.848988,0.832451,0.810819,0.845462,0.829038,0.832533,0.793915,0.770656,0.828784,0.806403,0.818557,0.793918,0.816507,0.780198,0.828172,0.813053,0.848234,0.812541,0.815164,0.815729,0.819903,0.822490,0.838052,0.831742,0.825633,0.843344,0.825676,0.842682,0.839023,0.849705,0.812583,0.811069,0.818723,0.805738,0.810017,0.824483,0.833083,0.826923,0.771287,0.837745,0.799208,0.826389,0.821156,0.799282,0.824145,0.813037,0.831475,0.845078,0.791244,0.839000,0.810055,0.820267,0.802618,0.829649,0.827333,0.840468,0.818083,0.845474,0.795711,0.839650,0.777979,0.825013,0.846956,0.838336,0.821015,0.829496,0.854852,0.824667,0.822770,0.820685,0.832904,0.811113,0.824816,0.814183,0.799454,0.821845,0.800801,0.830655,0.789328,0.815729,0.832873,0.803373,0.804735,0.829919,0.819561,0.810002,0.818753,0.798127,0.802653,0.799065,0.819288,0.816725,0.808133,#
12,0.819934,0.823405,0.784529,0.813605,0.793342,0.787170,0.800415,0.823937,0.813888,0.803177,0.774803,0.825871,1.000000,0.817461,0.818996,0.785664,0.815065,0.833088,0.825720,0.805393,0.830441,0.780133,0.820821,0.823943,0.793988,0.816521,0.798828,0.808103,0.818545,0.782872,0.794641,0.816823,0.809947,0.820798,0.807381,0.810262,0.800409,0.802929,0.815670,0.826952,0.762969,0.757399,0.788136,0.813972,0.810529,0.809337,0.846724,0.799310,0.819385,0.821037,0.845603,0.771378,0.801736,0.814452,0.825434,0.824447,0.801137,0.813789,0.822410,0.780564,0.777415,0.805511,0.795721,0.772406,0.822975,0.815954,0.801202,0.805539,0.833743,0.809597,0.811989,0.796460,0.842268,0.796649,0.829107,0.804896,0.822821,0.805816,0.805933,0.806963,0.831403,0.804850,0.831997,0.830186,0.792191,0.823405,0.786567,0.803590,0.806004,0.780795,0.798522,0.787745,0.824190,0.777945,0.780334,0.818299,0.826452,0.799253,0.785917,0.794703,0.776895,0.815244,0.799816,0.819394,0.777687,0.795670,0.781298,0.806926,0.819926,0.803228,0.813601,0.785524,0.810202,0.775556,0.829885,0.812462,0.767575,0.780766,0.790139,0.777299,0.786790,0.827868,0.785149,0.836443,0.806379,0.814969,0.797439,0.769747,0.769306,0.801026,0.770175,0.793445,0.781292,0.794291,0.795235,0.802278,0.795682,0.819831,0.796047,0.768373,0.813572,0.821778,0.803699,0.810009,0.779962,0.800889,0.814100,0.757178,0.811664,0.818837,0.796325,0.810541,0.809918,0.751821,0.811578,0.819746,0.834983,0.823096,0.828053,0.790553,0.812506,0.829727,0.824940,0.798832,0.837673,0.768497,0.796185,0.820521,0.767591,0.794301,0.827591,0.790646,0.799721,0.816677,0.806670,0.792297,0.825939,0.839448,0.782527,0.756248,0.791766,0.825244,0.796474,0.781555,0.744984,0.801026,0.776083,0.813738,0.810990,0.804853,0.772650,0.792457,0.756220,0.796994,0.771848,0.799548,0.777786,0.821987,0.819267,0.777403,#
13,0.815825,0.820681,0.823051,0.807947,0.815620,0.800015,0.825143,0.827552,0.838517,0.813749,0.796733,0.809877,0.817461,1.000000,0.798343,0.799623,0.807041,0.856688,0.843009,0.811108,0.835000,0.805014,0.849335,0.822651,0.804104,0.813864,0.810481,0.836310,0.837007,0.852013,0.793282,0.829719,0.838754,0.840061,0.773569,0.819082,0.801016,0.837900,0.831752,0.840646,0.856714,0.800195,0.833836,0.807194,0.839090,0.815512,0.829902,0.834622,0.852929,0.838200,0.829243,0.838716,0.821150,0.818010,0.854762,0.862547,0.834179,0.845597,0.826993,0.816941,0.819530,0.810559,0.803828,0.820440,0.855521,0.833798,0.835331,0.820011,0.850772,0.813542,0.805884,0.814195,0.838326,0.837287,0.838574,0.811208,0.829368,0.834805,0.843451,0.829380,0.835610,0.820731,0.857929,0.847558,0.828794,0.841801,0.796530,0.803759,0.842120,0.815570,0.801919,0.817246,0.831941,0.824979,0.815743,0.786830,0.816555,0.807256,0.822899,0.846281,0.828922,0.819136,0.830858,0.840538,0.822944,0.846808,0.810469,0.842224,0.809680,0.800643,0.833330,0.812330,0.828825,0.820896,0.809473,0.831590,0.781656,0.841619,0.827516,0.799069,0.809406,0.819975,0.800452,0.809532,0.805033,0.796384,0.814878,0.799418,0.806909,0.810455,0.812889,0.813610,0.817573,0.812298,0.847319,0.829919,0.812058,0.824611,0.853591,0.802652,0.811122,0.847695,0.838220,0.797833,0.784146,0.798398,0.837076,0.794185,0.827773,0.816631,0.810351,0.849574,0.799811,0.806026,0.821526,0.807995,0.834681,0.810752,0.844069,0.802902,0.842951,0.811880,0.834200,0.825272,0.825722,0.812181,0.828489,0.804975,0.825215,0.798389,0.835094,0.835426,0.836144,0.830365,0.852861,0.835061,0.827055,0.868202,0.818253,0.812556,0.812011,0.822420,0.830313,0.802308,0.807191,0.824106,0.799906,0.816809,0.790357,0.813822,0.831309,0.815794,0.816985,0.829245,0.821995,0.795864,0.805937,0.838421,0.823881,0.805567,#
14,0.828596,0.836415,0.823718,0.809887,0.797853,0.811784,0.770066,0.836983,0.822348,0.831219,0.771033,0.816847,0.818996,0.798343,1.000000,0.804334,0.814016,0.805909,0.791923,0.801237,0.829797,0.800357,0.806482,0.837904,0.799561,0.767224,0.818015,0.809992,0.813487,0.807297,0.829181,0.818458,0.807519,0.803708,0.813039,0.814765,0.778786,0.811910,0.837516,0.814561,0.794320,0.782220,0.800618,0.812552,0.810993,0.801703,0.819424,0.788683,0.792486,0.801593,0.795115,0.794246,0.799955,0.841290,0.818634,0.813972,0.800122,0.805818,0.817334,0.782239,0.803319,0.815106,0.806741,0.804738,0.798926,0.805414,0.801766,0.811269,0.824395,0.819527,0.818182,0.791810,0.855534,0.808942,0.831252,0.790182,0.831150,0.825302,0.802429,0.795570,0.830512,0.825602,0.839015,0.849275,0.822035,0.823589,0.789728,0.815564,0.815289,0.765768,0.783087,0.763872,0.829496,0.837452,0.815713,0.804086,0.816601,0.799895,0.816347,0.800434,0.809123,0.805469,0.820592,0.779351,0.808105,0.807326,0.785868,0.795802,0.809941,0.800358,0.820180,0.809059,0.831174,0.792732,0.765342,0.818145,0.785033,0.782032,0.782041,0.778322,0.802506,0.831713,0.798925,0.830097,0.816706,0.752057,0.801333,0.831267,0.776142,0.811017,0.776189,0.830520,0.794083,0.806786,0.825544,0.820987,0.819205,0.812897,0.802361,0.802737,0.795501,0.824545,0.774933,0.822474,0.790592,0.811131,0.829677,0.766158,0.822821,0.774722,0.812518,0.807478,0.792216,0.784619,0.819005,0.801427,0.811356,0.807958,0.781682,0.797214,0.810907,0.784839,0.826198,0.793113,0.810364,0.790544,0.793343,0.789908,0.766233,0.824536,0.819243,0.783846,0.811070,0.828444,0.832835,0.830303,0.809116,0.827553,0.800699,0.775317,0.812622,0.830243,0.796010,0.782097,0.788023,0.801720,0.804685,0.766804,0.799712,0.801551,0.769170,0.792352,0.810312,0.822112,0.782742,0.782345,0.793270,0.810164,0.786125,0.761421,#
15,0.826783,0.816662,0.798424,0.809470,0.826993,0.822692,0.819237,0.789501,0.836234,0.809435,0.806366,0.816483,0.785664,0.799623,0.804334,1.000000,0.800412,0.838303,0.803921,0.812427,0.812566,0.812692,0.808267,0.812713,0.805757,0.789390,0.789517,0.808730,0.810746,0.808314,0.829897,0.842902,0.814649,0.840369,0.769018,0.840081,0.819485,0.824692,0.822845,0.800609,0.785331,0.777678,0.819246,0.802279,0.833986,0.791544,0.837382,0.816634,0.829215,0.820974,0.805086,0.819410,0.800097,0.810732,0.816471,0.814793,0.815305,0.814025,0.810111,0.795053,0.831186,0.811724,0.804865,0.826398,0.819521,0.831269,0.814865,0.820407,0.810219,0.776708,0.817666,0.782333,0.808273,0.795745,0.815004,0.807193,0.833725,0.824900,0.834263,0.801725,0.829972,0.811632,0.816013,0.846117,0.838738,0.812265,0.780059,0.824532,0.796289,0.765911,0.767443,0.787301,0.827497,0.814388,0.777294,0.794547,0.789524,0.808161,0.811126,0.818979,0.823664,0.797502,0.828141,0.825688,0.788744,0.799541,0.802843,0.830911,0.788168,0.821622,0.784388,0.778675,0.821155,0.808868,0.775310,0.798769,0.774204,0.811786,0.775444,0.819372,0.784509,0.811992,0.790877,0.833236,0.783683,0.794345,0.811599,0.785741,0.815705,0.842639,0.796199,0.793935,0.791349,0.776226,0.824820,0.820378,0.815211,0.777576,0.786167,0.800773,0.780838,0.794568,0.787444,0.796553,0.805359,0.792295,0.789642,0.776873,0.818469,0.790389,0.811493,0.831783,0.805869,0.798298,0.808125,0.780282,0.839312,0.800909,0.814039,0.809478,0.802770,0.812882,0.836436,0.793099,0.810940,0.794513,0.814399,0.791786,0.816531,0.798614,0.792157,0.825761,0.763730,0.829234,0.807721,0.841280,0.811774,0.833493,0.813675,0.804866,0.810529,0.817316,0.792755,0.817634,0.809091,0.789399,0.761442,0.774809,0.760648,0.809876,0.773397,0.821160,0.784508,0.789244,0.780013,0.793465,0.804014,0.803874,0.825496,0.823616,#
16,0.850240,0.829758,0.806635,0.814891,0.812161,0.820644,0.830403,0.830798,0.826719,0.815586,0.822017,0.827543,0.815065,0.807041,0.814016,0.800412,1.000000,0.848128,0.829620,0.835555,0.877693,0.806072,0.790422,0.830142,0.818585,0.831391,0.844645,0.800465,0.792818,0.819302,0.834902,0.844910,0.831618,0.809529,0.812489,0.827431,0.842752,0.827333,0.837988,0.842249,0.819753,0.813873,0.816849,0.808041,0.823580,0.819252,0.832047,0.807173,0.839941,0.845626,0.805753,0.812812,0.832479,0.846994,0.833867,0.847492,0.785735,0.841055,0.829534,0.787771,0.824218,0.835985,0.810055,0.793499,0.821872,0.818413,0.840689,0.828476,0.850110,0.831174,0.826992,0.806946,0.860820,0.821332,0.832283,0.810968,0.825987,0.842574,0.818957,0.844174,0.867448,0.828306,0.849609,0.852320,0.832947,0.834615,0.844135,0.793717,0.811284,0.826603,0.784467,0.810209,0.837876,0.811305,0.820663,0.838191,0.810953,0.825083,0.843287,0.828317,0.817434,0.814533,0.818728,0.838342,0.807224,0.845261,0.828082,0.818035,0.853402,0.811109,0.837603,0.817679,0.836291,0.810216,0.832648,0.849556,0.851461,0.828902,0.804612,0.755051,0.796453,0.833146,0.816784,0.846820,0.839426,0.809820,0.793052,0.788196,0.815865,0.800013,0.841786,0.821484,0.825095,0.795147,0.844637,0.856663,0.826324,0.802631,0.798396,0.802582,0.813881,0.833194,0.828459,0.817676,0.794589,0.789185,0.841047,0.796705,0.838253,0.818822,0.798153,0.844979,0.785905,0.795169,0.859081,0.806908,0.846024,0.820520,0.819943,0.819952,0.826527,0.805281,0.851939,0.803471,0.831971,0.831808,0.828848,0.827627,0.814121,0.809301,0.819553,0.838811,0.817762,0.830936,0.827900,0.820856,0.802843,0.879779,0.825370,0.801641,0.812809,0.810588,0.814530,0.805714,0.789018,0.814950,0.822403,0.821514,0.820635,0.817510,0.820511,0.809271,0.810240,0.819267,0.818544,0.816595,0.821574,0.834925,0.820201,0.823671,#
17,0.861036,0.826090,0.835316,0.819679,0.832281,0.839305,0.845431,0.841067,0.854533,0.823488,0.797530,0.854521,0.833088,0.856688,0.805909,0.838303,0.848128,1.000000,0.825325,0.857939,0.858333,0.810845,0.842517,0.819809,0.858289,0.849414,0.853084,0.842382,0.820700,0.835067,0.843570,0.856524,0.812504,0.822686,0.807507,0.846833,0.817601,0.839967,0.859575,0.871968,0.843515,0.840463,0.836280,0.823594,0.838328,0.819667,0.846284,0.855632,0.860444,0.866033,0.840897,0.804373,0.836600,0.835853,0.853751,0.852050,0.842295,0.843565,0.839184,0.815216,0.820740,0.824168,0.829976,0.820339,0.839878,0.859502,0.871263,0.855611,0.835978,0.815723,0.838942,0.815130,0.845412,0.833596,0.854676,0.813752,0.850469,0.852178,0.850433,0.849748,0.866348,0.835093,0.862017,0.865997,0.834631,0.842783,0.846021,0.839277,0.832491,0.813499,0.807878,0.804803,0.844119,0.837999,0.824942,0.836169,0.819737,0.815195,0.823372,0.845528,0.848824,0.790072,0.834308,0.830415,0.809436,0.838971,0.827700,0.836334,0.822790,0.841477,0.844214,0.815221,0.832206,0.829536,0.839554,0.824378,0.798556,0.825590,0.819051,0.820073,0.821881,0.849272,0.826444,0.847933,0.818474,0.834172,0.819279,0.815231,0.818473,0.832163,0.849749,0.855860,0.854655,0.813913,0.841205,0.860555,0.851208,0.827400,0.840123,0.846229,0.833494,0.854464,0.873032,0.832538,0.838526,0.802059,0.831184,0.799805,0.855789,0.806730,0.829660,0.850139,0.826090,0.816428,0.842434,0.837081,0.882945,0.828195,0.838678,0.826116,0.849567,0.822504,0.876966,0.808607,0.843879,0.825983,0.801570,0.800992,0.832327,0.816797,0.848228,0.822171,0.832551,0.839832,0.868377,0.815029,0.839029,0.865695,0.834206,0.851547,0.838227,0.858255,0.838421,0.852549,0.834004,0.814712,0.825983,0.855620,0.793194,0.816624,0.839252,0.830467,0.808955,0.834106,0.830044,0.847736,0.806661,0.855858,0.836151,0.808922,#
18,0.834277,0.830814,0.810479,0.833367,0.817018,0.800366,0.809721,0.833272,0.804542,0.818206,0.811439,0.855359,0.825720,0.843009,0.791923,0.803921,0.829620,0.825325,1.000000,0.829697,0.827556,0.823343,0.822308,0.794858,0.801680,0.834061,0.816840,0.833699,0.805830,0.836347,0.785432,0.840151,0.823166,0.842924,0.811010,0.837857,0.812136,0.829827,0.825010,0.836611,0.824186,0.783160,0.812983,0.792345,0.845961,0.796429,0.857332,0.847746,0.828002,0.810410,0.792525,0.801939,0.844190,0.801261,0.829466,0.837174,0.813809,0.838004,0.811183,0.840135,0.825549,0.796544,0.809722,0.791906,0.848298,0.808984,0.822378,0.806252,0.787716,0.814972,0.830957,0.787452,0.851927,0.803011,0.851278,0.791613,0.845016,0.815079,0.826387,0.815666,0.826238,0.808615,0.849875,0.842578,0.848036,0.831710,0.807270,0.824620,0.815439,0.791689,0.809953,0.794191,0.838697,0.821289,0.828442,0.793285,0.809966,0.821606,0.819496,0.833059,0.834075,0.804468,0.819625,0.820814,0.807657,0.838199,0.809220,0.827411,0.824423,0.806119,0.844405,0.789363,0.843693,0.819146,0.781613,0.817804,0.794412,0.816897,0.803813,0.783923,0.804911,0.838499,0.802643,0.822006,0.827797,0.779495,0.814787,0.800663,0.844716,0.795015,0.805221,0.836472,0.820844,0.802959,0.838619,0.848282,0.839957,0.818994,0.800531,0.810131,0.800703,0.837607,0.818558,0.847182,0.798035,0.809358,0.826729,0.774479,0.842017,0.813434,0.799803,0.839121,0.832914,0.789795,0.827644,0.824844,0.819852,0.844164,0.817640,0.803163,0.838728,0.813963,0.856816,0.818978,0.826422,0.817989,0.859543,0.788033,0.791744,0.811593,0.825101,0.834064,0.839516,0.828053,0.810022,0.824240,0.809870,0.859516,0.797779,0.830732,0.809682,0.823780,0.802090,0.805127,0.794406,0.815170,0.815454,0.786059,0.792962,0.829265,0.820805,0.819547,0.775360,0.844742,0.818098,0.803519,0.782036,0.848156,0.825546,0.819237,#
19,0.837980,0.843610,0.834924,0.818659,0.847557,0.859828,0.807329,0.833069,0.845100,0.812726,0.806374,0.827587,0.805393,0.811108,0.801237,0.812427,0.835555,0.857939,0.829697,1.000000,0.835777,0.800097,0.808184,0.823495,0.812352,0.800343,0.839317,0.809838,0.802475,0.827305,0.844758,0.854531,0.824494,0.815532,0.783607,0.835651,0.809330,0.810371,0.840959,0.837775,0.838221,0.807077,0.814567,0.803457,0.815855,0.822197,0.864973,0.824780,0.844910,0.807041,0.789465,0.799150,0.820649,0.828181,0.831239,0.817059,0.834107,0.830294,0.818218,0.794256,0.823750,0.811049,0.838370,0.812232,0.836928,0.836875,0.824187,0.822516,0.826036,0.802636,0.834912,0.805501,0.855168,0.812548,0.832873,0.803288,0.811287,0.828252,0.837332,0.814453,0.845133,0.796903,0.857933,0.831843,0.815464,0.814331,0.821214,0.839680,0.836879,0.782558,0.790792,0.803457,0.822493,0.812432,0.812528,0.797628,0.815610,0.824062,0.821937,0.841986,0.837576,0.807400,0.815581,0.822795,0.813082,0.821277,0.836488,0.819684,0.822422,0.775337,0.820104,0.801759,0.830241,0.822454,0.810491,0.826781,0.827837,0.825228,0.801904,0.754439,0.811405,0.836501,0.800546,0.860300,0.837202,0.812106,0.824237,0.823568,0.848152,0.841452,0.821411,0.848857,0.829934,0.825185,0.848448,0.845829,0.830911,0.813251,0.807740,0.806591,0.797471,0.825318,0.810612,0.809299,0.816793,0.779699,0.795168,0.757016,0.849068,0.817772,0.807223,0.847715,0.802799,0.801008,0.840270,0.812907,0.850215,0.834287,0.840346,0.832445,0.823225,0.824523,0.828117,0.813105,0.832068,0.815178,0.792790,0.823893,0.807693,0.798337,0.815607,0.839892,0.832053,0.830084,0.853106,0.813719,0.830576,0.869199,0.814670,0.791203,0.785135,0.844004,0.821793,0.842235,0.827203,0.801412,0.790788,0.805471,0.818318,0.826792,0.822086,0.827760,0.793340,0.847825,0.815457,0.834687,0.784243,0.805472,0.814653,0.804940,#
20,0.839616,0.842509,0.829046,0.835392,0.847066,0.829787,0.851758,0.851942,0.843744,0.852917,0.813603,0.824177,0.830441,0.835000,0.829797,0.812566,0.877693,0.858333,0.827556,0.835777,1.000000,0.827569,0.813230,0.840422,0.829944,0.840073,0.852245,0.832005,0.822881,0.836985,0.843976,0.852548,0.835735,0.863936,0.828176,0.851763,0.826424,0.828241,0.861993,0.862212,0.843981,0.852008,0.815455,0.843617,0.857131,0.814953,0.864592,0.826434,0.840250,0.834097,0.828975,0.839797,0.832771,0.841462,0.851022,0.845257,0.825907,0.851746,0.845596,0.817607,0.848245,0.818578,0.857373,0.806139,0.858219,0.848694,0.864002,0.820020,0.842426,0.829262,0.848808,0.825329,0.847412,0.828943,0.841674,0.799492,0.828643,0.842762,0.848817,0.855822,0.857611,0.864265,0.855180,0.863401,0.821156,0.835277,0.841409,0.829183,0.840166,0.850327,0.826772,0.818215,0.843394,0.850639,0.849804,0.823866,0.808370,0.813329,0.839434,0.836353,0.858890,0.825201,0.833473,0.841739,0.843185,0.820033,0.859412,0.849226,0.827814,0.850146,0.832937,0.838044,0.826081,0.789999,0.842054,0.837636,0.831146,0.855700,0.789923,0.792358,0.846483,0.848424,0.817520,0.879980,0.816324,0.832230,0.810503,0.813910,0.834634,0.848019,0.848049,0.834755,0.857294,0.841635,0.854425,0.843822,0.824523,0.832257,0.843596,0.845960,0.819492,0.839131,0.837975,0.834956,0.827441,0.805872,0.845486,0.803003,0.828265,0.845821,0.839648,0.856215,0.829936,0.810925,0.851102,0.816571,0.838467,0.842719,0.847742,0.834705,0.828446,0.832697,0.847892,0.834734,0.866836,0.797814,0.816414,0.816708,0.813362,0.814728,0.856760,0.822064,0.848897,0.838607,0.837294,0.833997,0.820356,0.865593,0.836650,0.827870,0.833645,0.824718,0.822809,0.813841,0.803495,0.838407,0.819925,0.836607,0.814108,0.829618,0.799476,0.820664,0.831444,0.850197,0.832327,0.798221,0.816955,0.852118,0.842022,0.833458,#
21,0.805574,0.857379,0.806860,0.845259,0.821664,0.790891,0.793748,0.815776,0.841358,0.805941,0.785055,0.796163,0.780133,0.805014,0.800357,0.812692,0.806072,0.810845,0.823343,0.800097,0.827569,1.000000,0.805780,0.822252,0.780024,0.790254,0.832455,0.785564,0.817443,0.781093,0.798067,0.801867,0.819756,0.832780,0.805129,0.842184,0.809408,0.815605,0.826512,0.811403,0.795785,0.812100,0.794926,0.814324,0.813030,0.799283,0.819713,0.818858,0.816772,0.800102,0.793755,0.813710,0.813289,0.786480,0.827277,0.818871,0.811562,0.811895,0.839188,0.775649,0.804559,0.808112,0.767204,0.776504,0.833966,0.810183,0.822396,0.809378,0.798048,0.820748,0.812351,0.807605,0.839465,0.819181,0.847643,0.802357,0.811449,0.809832,0.813681,0.819495,0.814791,0.793204,0.842298,0.837311,0.844436,0.817136,0.786594,0.822684,0.820151,0.806059,0.761614,0.768442,0.828819,0.805712,0.812531,0.797859,0.804492,0.784156,0.800357,0.831368,0.812868,0.813884,0.784705,0.802926,0.785058,0.832184,0.791248,0.816222,0.792790,0.822214,0.833212,0.776389,0.814862,0.819283,0.760032,0.790031,0.806378,0.832686,0.782233,0.781634,0.810224,0.814751,0.789420,0.818118,0.797981,0.767897,0.807305,0.816654,0.800394,0.827551,0.825531,0.835123,0.811094,0.791700,0.837439,0.803879,0.781777,0.765930,0.799781,0.818439,0.805308,0.827643,0.782602,0.816200,0.785741,0.793919,0.797300,0.764048,0.800140,0.802590,0.801487,0.838615,0.791529,0.795393,0.810147,0.811541,0.817653,0.805623,0.794831,0.810803,0.811504,0.822136,0.831632,0.822417,0.833694,0.785866,0.831280,0.789379,0.759025,0.794519,0.826451,0.794131,0.809022,0.796321,0.807542,0.811012,0.752750,0.824154,0.806752,0.789407,0.788269,0.834846,0.788081,0.801944,0.795433,0.823404,0.794894,0.755658,0.768477,0.823431,0.804048,0.782102,0.801300,0.797968,0.802683,0.766064,0.806421,0.815822,0.775579,0.817669,#
