0,1.000000,0.341613,0.390109,0.304794,0.369341,0.361291,0.284444,0.294643,0.313105,0.347278,0.390507,0.330670,0.294906,0.281404,0.408860,0.334154,0.338675,0.483852,0.353754,0.336171,0.441005,0.422749,0.353269,0.429479,0.364491,0.315656,0.385640,0.377587,0.432474,0.356722,0.266856,0.287326,0.382466,0.323027,0.254281,0.396732,0.385722,0.351270,0.452009,0.424195,0.309831,0.396140,0.262697,0.323149,0.302636,0.409344,0.442736,0.401222,0.378534,0.426863,0.466901,0.267991,0.348797,0.275908,0.427629,0.356935,0.386796,0.375084,0.343663,0.290638,0.339616,0.285703,0.406474,0.329066,0.380941,0.300425,0.325445,0.372321,0.397179,0.366076,0.495099,0.381092,0.430769,0.396491,0.303077,0.251759,0.270997,0.411106,0.367511,0.301273,0.401236,0.370052,0.402070,0.385257,0.380967,0.320414,0.405601,0.343399,0.479179,0.351263,0.378488,0.309249,0.330299,0.357458,0.413927,0.349475,0.406866,0.338795,0.326729,0.372131,0.391729,0.412173,0.316358,0.362158,0.312020,0.364433,0.378858,0.358725,0.334509,0.255838,0.261363,0.376597,0.332717,0.371399,0.293504,0.389822,0.430741,0.268827,0.408143,0.355068,0.433843,0.316964,0.302122,0.346294,0.329556,0.473625,0.277208,0.266035,0.334175,0.441530,0.402908,0.441743,0.365473,0.325635,0.354893,0.291925,0.437045,0.331701,0.356938,0.483682,0.372322,0.350189,0.352175,0.281450,0.385762,0.386941,0.317764,0.203320,0.395035,0.352817,0.360031,0.298879,0.370530,0.310915,0.326658,0.281706,0.216260,0.261497,0.368553,0.431824,0.350547,0.384287,0.209315,0.344206,0.449452,0.200783,0.215027,0.310195,0.393709,0.280036,0.444002,0.185183,0.413834,0.450238,0.258662,0.362522,0.426616,0.372498,0.392823,0.325708,0.331842,0.436308,0.271649,0.263897,0.271649,0.397950,0.418065,0.493099,0.420916,0.258856,0.310492,0.416734,0.204910,0.242642,0.378082,0.234025,0.269894,0.327889,0.420713,0.392004,#
1,0.341613,1.000000,0.325499,0.358636,0.432113,0.364304,0.409183,0.362966,0.293955,0.286403,0.425594,0.387540,0.323024,0.399520,0.285433,0.228790,0.224677,0.391375,0.357872,0.331216,0.330699,0.430892,0.256863,0.369504,0.398903,0.399155,0.447403,0.456920,0.320499,0.295104,0.365060,0.350431,0.399866,0.320235,0.213611,0.329057,0.343357,0.376471,0.423055,0.306735,0.310601,0.339475,0.388544,0.330821,0.345720,0.396163,0.474284,0.427303,0.295769,0.294368,0.488352,0.185329,0.446981,0.345373,0.358181,0.359967,0.383324,0.388049,0.392188,0.350812,0.335888,0.341568,0.390033,0.358980,0.321624,0.363877,0.240162,0.404130,0.396725,0.366669,0.402587,0.332571,0.454425,0.318455,0.365877,0.177937,0.337241,0.355880,0.441599,0.365727,0.391698,0.430885,0.400883,0.405345,0.327717,0.153706,0.426590,0.363062,0.416029,0.432938,0.404588,0.400743,0.293238,0.376024,0.285033,0.335623,0.310229,0.301182,0.242888,0.268960,0.345895,0.333350,0.382177,0.351549,0.304125,0.342457,0.376062,0.436179,0.293476,0.383203,0.434453,0.336690,0.296828,0.387279,0.361627,0.435540,0.423309,0.255626,0.400678,0.345911,0.269883,0.387530,0.369481,0.386305,0.345754,0.403911,0.336635,0.316625,0.284663,0.340196,0.379862,0.394445,0.264544,0.357594,0.460781,0.398818,0.356429,0.370389,0.374323,0.442486,0.437130,0.250204,0.254677,0.280961,0.437841,0.319371,0.323360,0.156937,0.364954,0.325045,0.349989,0.320153,0.315631,0.224347,0.367878,0.308178,0.309158,0.315718,0.256577,0.183670,0.227397,0.434637,0.301496,0.379152,0.391482,0.322458,0.230892,0.355532,0.359247,0.421993,0.409391,0.356236,0.318368,0.321187,0.343851,0.301611,0.226345,0.414338,0.384668,0.311931,0.314053,0.329599,0.336043,0.290137,0.340671,0.398460,0.292141,0.444595,0.338935,0.368793,0.453010,0.347845,0.186288,0.291879,0.354631,0.347677,0.219347,0.313624,0.252442,0.365351,#
2,0.390109,0.325499,1.000000,0.386077,0.269044,0.326457,0.333562,0.338833,0.148130,0.217360,0.250345,0.388195,0.354456,0.348395,0.304333,0.321071,0.261198,0.319169,0.378896,0.340235,0.379243,0.448024,0.288415,0.400947,0.386064,0.396467,0.424701,0.326276,0.319119,0.298892,0.284537,0.311000,0.307895,0.208199,0.210316,0.389842,0.343936,0.293998,0.342269,0.295161,0.381532,0.384700,0.331181,0.198609,0.280825,0.429672,0.356648,0.396714,0.275060,0.340457,0.420049,0.344134,0.365642,0.292747,0.278122,0.327115,0.240962,0.366455,0.295596,0.334140,0.255216,0.337550,0.308857,0.363963,0.444052,0.385765,0.326748,0.262090,0.358859,0.406092,0.320633,0.266367,0.280735,0.356340,0.348886,0.332029,0.243072,0.420179,0.346458,0.380422,0.438471,0.195313,0.273344,0.341612,0.275349,0.264848,0.436214,0.372366,0.307060,0.354018,0.271177,0.295382,0.318954,0.292752,0.324023,0.307888,0.405797,0.288150,0.346871,0.267314,0.368821,0.357339,0.327426,0.345168,0.324700,0.305573,0.301407,0.318117,0.277700,0.344785,0.363511,0.367600,0.314344,0.308577,0.252635,0.401777,0.325405,0.322912,0.191075,0.226993,0.321328,0.366605,0.292435,0.313662,0.346346,0.283211,0.338951,0.301480,0.321566,0.322272,0.307855,0.401473,0.324550,0.253408,0.344607,0.391104,0.369009,0.365585,0.251535,0.249609,0.247408,0.268496,0.337356,0.214876,0.464172,0.272761,0.227696,0.215561,0.423389,0.275558,0.351472,0.380578,0.321154,0.301813,0.230114,0.203959,0.221102,0.257135,0.335201,0.302429,0.398558,0.408976,0.275615,0.418216,0.362094,0.196319,0.313659,0.353060,0.244336,0.291788,0.256721,0.372440,0.287835,0.301917,0.375232,0.291043,0.477568,0.360367,0.335886,0.344320,0.361088,0.297480,0.206318,0.371695,0.182840,0.388675,0.291672,0.351442,0.378862,0.145494,0.307540,0.338261,0.403844,0.224240,0.337980,0.197604,0.271966,0.263530,0.432387,0.358336,#
3,0.304794,0.358636,0.386077,1.000000,0.381721,0.305918,0.338340,0.328299,0.276404,0.314785,0.337560,0.353517,0.276722,0.319267,0.313790,0.246264,0.229770,0.394318,0.345542,0.363931,0.327414,0.346422,0.305787,0.461425,0.395608,0.348395,0.335904,0.278117,0.358359,0.292001,0.364441,0.378762,0.422199,0.428046,0.122788,0.339912,0.391899,0.448287,0.463849,0.265062,0.374203,0.421046,0.376961,0.333008,0.287232,0.492480,0.424805,0.399290,0.271875,0.360182,0.446644,0.311031,0.342085,0.234887,0.215684,0.412844,0.299062,0.337289,0.330983,0.395800,0.290661,0.272381,0.318737,0.373133,0.397896,0.414533,0.253483,0.384564,0.321439,0.377430,0.386908,0.244335,0.318612,0.355102,0.351489,0.354139,0.250349,0.430850,0.403843,0.328189,0.413468,0.369799,0.391990,0.345384,0.370928,0.271017,0.382768,0.251558,0.416596,0.417861,0.340655,0.383718,0.337846,0.399742,0.259351,0.319160,0.363778,0.223686,0.414364,0.268026,0.388742,0.304887,0.415308,0.317886,0.380294,0.324031,0.362666,0.347718,0.265737,0.250862,0.331353,0.366015,0.322457,0.375628,0.248052,0.300346,0.394328,0.291728,0.303298,0.323600,0.390137,0.302887,0.336199,0.414941,0.340354,0.328044,0.320285,0.294721,0.259023,0.406990,0.368714,0.406561,0.406366,0.410132,0.369183,0.367591,0.328021,0.297432,0.386506,0.367501,0.377987,0.288236,0.352484,0.274811,0.410386,0.291611,0.387890,0.318052,0.352110,0.339387,0.322126,0.287274,0.272963,0.324328,0.323318,0.245593,0.272510,0.353150,0.220373,0.402025,0.422497,0.374034,0.381761,0.509822,0.380103,0.279067,0.298896,0.306551,0.246618,0.363066,0.364708,0.285253,0.284219,0.300464,0.289300,0.301181,0.317020,0.322122,0.331677,0.292271,0.288036,0.445825,0.434030,0.313464,0.176534,0.360310,0.292709,0.406117,0.282751,0.228154,0.328715,0.380729,0.345305,0.256738,0.254966,0.351299,0.335217,0.309360,0.362566,0.326840,#
4,0.369341,0.432113,0.269044,0.381721,1.000000,0.316281,0.336072,0.308564,0.343441,0.318626,0.341157,0.209139,0.342733,0.295283,0.250402,0.270642,0.158967,0.339732,0.361648,0.446871,0.354248,0.327845,0.326228,0.412503,0.298068,0.385344,0.285028,0.345525,0.375286,0.220378,0.240974,0.246532,0.379251,0.212746,0.244413,0.340434,0.327310,0.362511,0.284986,0.289830,0.378267,0.465354,0.279870,0.206225,0.415983,0.361398,0.459166,0.380102,0.290213,0.437515,0.380277,0.218256,0.302770,0.304494,0.335189,0.371721,0.326388,0.315081,0.344238,0.323371,0.340921,0.281357,0.271703,0.247485,0.320327,0.241602,0.336053,0.277593,0.288325,0.304704,0.365622,0.342881,0.326644,0.312084,0.291014,0.104359,0.245267,0.395072,0.315163,0.245315,0.455343,0.416270,0.288764,0.294516,0.416144,0.239238,0.299321,0.292767,0.379092,0.453921,0.398308,0.307546,0.204426,0.363599,0.189010,0.432823,0.305332,0.392427,0.325938,0.259712,0.289984,0.217215,0.370511,0.347456,0.322570,0.241104,0.214888,0.334066,0.268881,0.353926,0.414749,0.338816,0.395996,0.500642,0.353880,0.229984,0.342601,0.144169,0.358144,0.197972,0.294168,0.376294,0.351004,0.294186,0.382525,0.330377,0.349734,0.286494,0.181825,0.250083,0.374324,0.335359,0.342152,0.294529,0.404377,0.363173,0.336142,0.240034,0.273688,0.351307,0.392407,0.160763,0.284691,0.291837,0.357463,0.322782,0.294719,0.254486,0.333447,0.372722,0.340168,0.331775,0.343111,0.379323,0.225511,0.201954,0.399850,0.283235,0.228652,0.326588,0.298756,0.279550,0.218822,0.396772,0.285955,0.366899,0.213904,0.208558,0.258731,0.308923,0.348081,0.211120,0.297152,0.292672,0.338491,0.275233,0.348252,0.322671,0.350278,0.280259,0.205197,0.245662,0.329618,0.300586,0.259020,0.301176,0.217991,0.454074,0.360942,0.290197,0.358156,0.335453,0.264845,0.187027,0.237938,0.306743,0.320415,0.434646,0.303143,0.327614,#
5,0.361291,0.364304,0.326457,0.305918,0.316281,1.000000,0.255166,0.349533,0.265391,0.409626,0.328480,0.304721,0.345792,0.234061,0.360962,0.260037,0.269488,0.380344,0.304515,0.251836,0.401582,0.378780,0.301381,0.482040,0.322977,0.343457,0.363659,0.376687,0.394961,0.314394,0.234481,0.371223,0.404968,0.267812,0.250911,0.324998,0.435275,0.284159,0.402948,0.383629,0.378413,0.425221,0.187857,0.313784,0.255506,0.414811,0.352960,0.262510,0.367725,0.395411,0.423521,0.295937,0.300190,0.186068,0.350003,0.342227,0.221104,0.394257,0.370083,0.320350,0.322428,0.332358,0.356374,0.295124,0.382181,0.348791,0.348086,0.340974,0.327215,0.312955,0.430695,0.313707,0.389009,0.481579,0.266805,0.204560,0.324599,0.329693,0.348443,0.374178,0.366419,0.353725,0.430218,0.198436,0.289088,0.310839,0.289535,0.289717,0.361576,0.346469,0.294640,0.397239,0.284290,0.361479,0.275362,0.334371,0.304436,0.231567,0.319359,0.163868,0.345030,0.371593,0.354121,0.327794,0.243309,0.296862,0.222924,0.367506,0.286901,0.266150,0.424718,0.309353,0.390840,0.316072,0.318095,0.307772,0.401831,0.367465,0.305227,0.319869,0.194321,0.377314,0.289441,0.354770,0.343034,0.300304,0.186220,0.188643,0.471583,0.436960,0.367866,0.420313,0.343337,0.318874,0.468823,0.376513,0.293185,0.299839,0.266150,0.292866,0.394045,0.306080,0.254262,0.316770,0.342620,0.275413,0.286208,0.292793,0.260309,0.311172,0.387076,0.260894,0.359321,0.422222,0.260989,0.301566,0.329918,0.260656,0.428335,0.245855,0.333559,0.320920,0.322483,0.315494,0.338149,0.129922,0.215115,0.350248,0.383478,0.402956,0.326902,0.300920,0.391665,0.296669,0.197978,0.328786,0.309660,0.329418,0.400858,0.301494,0.320870,0.374858,0.384336,0.281977,0.246664,0.422675,0.355715,0.337037,0.334940,0.300578,0.375261,0.301888,0.304751,0.299028,0.385907,0.272634,0.240537,0.416658,0.285943,0.433453,#
6,0.284444,0.409183,0.333562,0.338340,0.336072,0.255166,1.000000,0.322300,0.222525,0.245508,0.311120,0.241171,0.187755,0.307176,0.210577,0.233650,0.243699,0.284347,0.305760,0.303306,0.311147,0.329063,0.215437,0.284717,0.268047,0.253259,0.261765,0.340081,0.318985,0.240857,0.199494,0.308557,0.305256,0.217230,0.089743,0.184171,0.213340,0.283615,0.346897,0.244852,0.297838,0.293983,0.219637,0.340453,0.210142,0.298980,0.369248,0.414227,0.252468,0.355204,0.288190,0.246593,0.363181,0.259676,0.171159,0.304783,0.252202,0.329349,0.367613,0.389800,0.238254,0.253542,0.248528,0.275416,0.258018,0.467056,0.260575,0.328686,0.284900,0.280958,0.311279,0.281537,0.323108,0.253561,0.318909,0.221317,0.280557,0.325752,0.325967,0.277237,0.347872,0.318923,0.384086,0.273284,0.269069,0.262739,0.272666,0.364427,0.347496,0.346877,0.362626,0.261650,0.203864,0.368893,0.227209,0.367915,0.284735,0.251372,0.362651,0.280500,0.322390,0.369624,0.231807,0.229319,0.114464,0.411930,0.249089,0.244004,0.307770,0.271063,0.313519,0.257761,0.318853,0.250950,0.273649,0.315983,0.355148,0.255001,0.327899,0.244966,0.251800,0.358277,0.206718,0.245343,0.275212,0.216944,0.205225,0.329005,0.152797,0.320296,0.279226,0.253087,0.321158,0.176889,0.389260,0.343798,0.256119,0.361349,0.284017,0.293613,0.221317,0.164026,0.136104,0.345383,0.195564,0.268476,0.267337,0.136775,0.285798,0.189476,0.361028,0.208593,0.324780,0.242820,0.272355,0.215369,0.201306,0.252202,0.264426,0.212759,0.204923,0.318942,0.291820,0.357250,0.331097,0.260992,0.162892,0.261913,0.291007,0.381426,0.167511,0.230888,0.289007,0.256927,0.286320,0.289085,0.238897,0.325039,0.360997,0.177013,0.093865,0.186033,0.272743,0.328091,0.260039,0.295851,0.262927,0.304175,0.338284,0.319098,0.276497,0.276433,0.291206,0.270003,0.167670,0.248100,0.260552,0.263152,0.222783,0.346727,#
7,0.294643,0.362966,0.338833,0.328299,0.308564,0.349533,0.322300,1.000000,0.220023,0.392669,0.366920,0.468932,0.276602,0.365389,0.281281,0.322263,0.240201,0.480572,0.334951,0.394116,0.371446,0.390730,0.402016,0.345843,0.428672,0.291853,0.359934,0.477289,0.370888,0.280721,0.377554,0.345123,0.445397,0.249605,0.217635,0.350032,0.267508,0.291801,0.381223,0.350676,0.325854,0.346111,0.372017,0.263462,0.349364,0.442066,0.318251,0.378061,0.416950,0.362211,0.459178,0.245457,0.284732,0.355418,0.370280,0.328983,0.350230,0.448143,0.355307,0.365260,0.352840,0.252313,0.359775,0.350648,0.446535,0.350760,0.347171,0.367139,0.329563,0.441829,0.399225,0.279155,0.437759,0.446566,0.309229,0.274932,0.295709,0.395012,0.403511,0.469366,0.415684,0.375707,0.458187,0.358111,0.331384,0.302872,0.435764,0.261265,0.401401,0.427928,0.391437,0.335790,0.351944,0.350147,0.243437,0.386669,0.303350,0.289590,0.257033,0.198415,0.403532,0.315201,0.381374,0.325550,0.230430,0.423745,0.414161,0.307468,0.353955,0.300443,0.320878,0.338768,0.286987,0.411314,0.412778,0.397641,0.314414,0.297254,0.329736,0.390899,0.344632,0.416327,0.292350,0.412383,0.452829,0.335027,0.348777,0.374711,0.283401,0.342874,0.317273,0.406858,0.372758,0.325767,0.509150,0.346325,0.255766,0.497757,0.357789,0.435473,0.453210,0.385315,0.153854,0.312827,0.377721,0.306437,0.383658,0.257781,0.314282,0.277652,0.409416,0.451875,0.285454,0.260338,0.250192,0.391550,0.377495,0.354981,0.336871,0.364695,0.318569,0.373291,0.320505,0.390806,0.354994,0.277631,0.398690,0.332753,0.395778,0.382151,0.344443,0.302502,0.337016,0.289449,0.297217,0.259101,0.293569,0.366449,0.228695,0.396805,0.298769,0.399328,0.298816,0.373983,0.105758,0.407404,0.321455,0.404266,0.311751,0.398946,0.398351,0.342973,0.322063,0.347318,0.209557,0.335711,0.326818,0.354139,0.390886,0.361572,#
8,0.313105,0.293955,0.148130,0.276404,0.343441,0.265391,0.222525,0.220023,1.000000,0.241253,0.362426,0.273523,0.283214,0.210011,0.341234,0.222909,0.152096,0.193897,0.173599,0.285884,0.282030,0.204986,0.158856,0.329414,0.227206,0.227184,0.170613,0.326381,0.168281,0.291291,0.077353,0.269681,0.200909,0.241712,0.164570,0.285398,0.280461,0.219129,0.294906,0.331956,0.253712,0.241523,0.106640,0.228653,0.371799,0.352444,0.271711,0.277615,0.166613,0.227238,0.204101,0.303106,0.205012,0.355802,0.237484,0.302630,0.208457,0.255469,0.233770,0.313242,0.266318,0.110699,0.339082,0.199916,0.322300,0.312204,0.241817,0.218139,0.373333,0.256981,0.212480,0.278478,0.287585,0.220051,0.205032,0.152263,0.183438,0.266416,0.276294,0.134474,0.280472,0.281801,0.307026,0.185747,0.328104,0.187152,0.265824,0.195612,0.323589,0.277193,0.290180,0.295503,0.240941,0.217618,0.301943,0.398765,0.302661,0.193507,0.223750,0.165424,0.257596,0.144478,0.252157,0.209616,0.239849,0.136918,0.323464,0.226826,0.112041,0.283607,0.170275,0.226486,0.161626,0.313415,0.191878,0.308162,0.326296,0.205606,0.161043,0.321677,0.273404,0.209118,0.218700,0.254225,0.258990,0.284760,0.126457,0.304900,0.147083,0.283939,0.287370,0.227955,0.223814,0.207941,0.326703,0.311176,0.222462,0.315420,0.322773,0.275165,0.308536,0.237920,0.300217,0.148309,0.213927,0.179617,0.273573,0.308791,0.234787,0.265604,0.284859,0.209646,0.265663,0.256328,0.315864,0.289880,0.231078,0.194631,0.232445,0.282813,0.129949,0.237203,0.102998,0.320773,0.245639,0.166123,0.232728,0.199640,0.222953,0.257093,0.313901,0.041892,0.164262,0.304998,0.217820,0.233709,0.173157,0.291598,0.272028,0.235139,0.220159,0.227947,0.121454,0.224733,0.191701,0.241993,0.127345,0.212406,0.327937,0.228835,0.258998,0.271457,0.234137,0.197592,0.226468,0.190036,0.233207,0.094266,0.197747,0.209909,#
9,0.347278,0.286403,0.217360,0.314785,0.318626,0.409626,0.245508,0.392669,0.241253,1.000000,0.417389,0.274106,0.250208,0.282578,0.317427,0.342912,0.226819,0.293813,0.198018,0.421166,0.276320,0.301575,0.302128,0.351862,0.263963,0.315115,0.374627,0.428526,0.348272,0.236957,0.399754,0.338516,0.257030,0.330227,0.289478,0.348056,0.197549,0.364595,0.360505,0.281379,0.366006,0.416209,0.269168,0.144883,0.306615,0.463510,0.335363,0.373403,0.262350,0.296850,0.427948,0.318708,0.285753,0.271625,0.274382,0.392931,0.382312,0.335223,0.314688,0.304578,0.268189,0.320543,0.428913,0.320680,0.357518,0.365928,0.185961,0.351025,0.368980,0.240403,0.361292,0.370892,0.302320,0.375868,0.319511,0.231349,0.291221,0.305672,0.447493,0.375636,0.328770,0.361540,0.362813,0.276362,0.381459,0.357464,0.450400,0.246166,0.291210,0.309070,0.278783,0.416722,0.276764,0.330444,0.307347,0.364056,0.416486,0.281041,0.274078,0.212215,0.360393,0.367934,0.413191,0.249407,0.360921,0.311022,0.334114,0.304210,0.331951,0.274219,0.251249,0.281170,0.286249,0.415367,0.258139,0.371770,0.350758,0.394617,0.458830,0.274979,0.368046,0.422001,0.280088,0.398527,0.398460,0.372133,0.136014,0.341651,0.241275,0.337973,0.342810,0.359572,0.282710,0.374381,0.429083,0.337144,0.353355,0.385373,0.302187,0.283135,0.287692,0.301891,0.258026,0.201591,0.310357,0.172963,0.356392,0.295308,0.274115,0.434937,0.348607,0.274630,0.454163,0.363046,0.298885,0.343566,0.342018,0.339354,0.402521,0.278034,0.326205,0.265741,0.158245,0.463570,0.331622,0.290583,0.292693,0.303066,0.469147,0.330894,0.277534,0.305161,0.358862,0.320389,0.199602,0.269073,0.298376,0.206119,0.243083,0.377323,0.237612,0.378944,0.399877,0.354076,0.198706,0.361499,0.327312,0.418523,0.425373,0.264513,0.359606,0.371242,0.206387,0.313609,0.247610,0.325955,0.237887,0.225489,0.304812,0.383417,#
10,0.390507,0.425594,0.250345,0.337560,0.341157,0.328480,0.311120,0.366920,0.362426,0.417389,1.000000,0.232326,0.225844,0.342308,0.309735,0.262499,0.262116,0.358870,0.413974,0.361984,0.283144,0.305424,0.245087,0.304891,0.259283,0.240385,0.374211,0.408034,0.331134,0.321539,0.338395,0.332277,0.326275,0.252891,0.246860,0.359022,0.233955,0.337433,0.448281,0.305593,0.242866,0.283453,0.293001,0.178005,0.241330,0.420843,0.342702,0.409724,0.334113,0.382210,0.340841,0.284499,0.285989,0.304042,0.286197,0.353513,0.276367,0.330870,0.300041,0.290218,0.290383,0.320973,0.324085,0.400877,0.393127,0.384356,0.292636,0.314652,0.339831,0.298739,0.362196,0.304685,0.327777,0.324248,0.275121,0.312908,0.342342,0.270477,0.337206,0.244397,0.327283,0.344264,0.375192,0.343314,0.381189,0.239872,0.436604,0.259829,0.352059,0.345910,0.262126,0.283477,0.363067,0.286486,0.247428,0.368385,0.427274,0.182007,0.301513,0.303990,0.320005,0.310341,0.319653,0.295272,0.311807,0.257005,0.342337,0.347598,0.243601,0.295690,0.243217,0.323725,0.258970,0.361886,0.382684,0.430066,0.354491,0.182116,0.285138,0.244726,0.273457,0.295842,0.295185,0.350518,0.371651,0.313361,0.175041,0.312924,0.220487,0.418381,0.408109,0.335999,0.288617,0.254985,0.413330,0.343828,0.288026,0.386069,0.230754,0.400092,0.398545,0.241092,0.368335,0.214161,0.304640,0.243946,0.181275,0.255266,0.263375,0.360577,0.330606,0.362996,0.374242,0.323444,0.376937,0.318014,0.352456,0.208778,0.338107,0.346292,0.282109,0.275418,0.345537,0.424145,0.307529,0.223404,0.272630,0.235999,0.283061,0.360094,0.299897,0.254102,0.342999,0.303618,0.298660,0.178827,0.251818,0.341113,0.352385,0.391539,0.361245,0.313543,0.389968,0.283492,0.253702,0.344101,0.236192,0.321037,0.335529,0.328870,0.376501,0.321926,0.245890,0.241910,0.321976,0.342130,0.237648,0.332873,0.370923,0.420396,#
11,0.330670,0.387540,0.388195,0.353517,0.209139,0.304721,0.241171,0.468932,0.273523,0.274106,0.232326,1.000000,0.352917,0.288778,0.167448,0.291640,0.271331,0.396928,0.274226,0.136363,0.294753,0.356999,0.251150,0.376446,0.433378,0.382235,0.271428,0.459585,0.175717,0.355148,0.361227,0.363820,0.333411,0.249829,0.203489,0.268437,0.357921,0.292181,0.310264,0.308644,0.339412,0.419027,0.360853,0.397804,0.231096,0.460770,0.290764,0.397186,0.319953,0.224957,0.454141,0.279391,0.275617,0.359273,0.242769,0.281771,0.401089,0.336331,0.371298,0.300211,0.271056,0.306806,0.411280,0.354495,0.413954,0.392577,0.336854,0.361624,0.360187,0.363457,0.282866,0.207683,0.372065,0.348088,0.328893,0.281121,0.259418,0.295821,0.456518,0.329614,0.416129,0.215822,0.372393,0.360005,0.372591,0.235393,0.446554,0.294889,0.362707,0.321412,0.385162,0.360544,0.376791,0.486624,0.276907,0.290978,0.265272,0.289638,0.309266,0.362097,0.377042,0.332015,0.349200,0.241226,0.243144,0.394816,0.351002,0.323346,0.325644,0.357693,0.319402,0.289824,0.347986,0.339026,0.174324,0.550555,0.371069,0.235073,0.320977,0.303762,0.272815,0.370426,0.374409,0.351093,0.338502,0.311626,0.350244,0.395280,0.346982,0.315538,0.301600,0.493559,0.293715,0.330471,0.352991,0.350405,0.233142,0.407354,0.248057,0.408552,0.311674,0.307372,0.261675,0.322349,0.354076,0.275113,0.387951,0.251882,0.339906,0.271334,0.313007,0.413509,0.336412,0.292687,0.301714,0.249273,0.283319,0.214929,0.275766,0.319481,0.293669,0.319444,0.208362,0.330212,0.427506,0.226230,0.370836,0.351849,0.417088,0.323736,0.338571,0.211939,0.302054,0.270210,0.275942,0.384025,0.394881,0.303918,0.250681,0.260107,0.388007,0.329301,0.269508,0.298772,0.105509,0.405296,0.311220,0.342559,0.345045,0.319039,0.218192,0.276329,0.356186,0.148865,0.282460,0.257014,0.314461,0.233233,0.262137,0.340337,#
12,0.294906,0.323024,0.354456,0.276722,0.342733,0.345792,0.187755,0.276602,0.283214,0.250208,0.225844,0.352917,1.000000,0.232519,0.345692,0.321327,0.299039,0.325356,0.362975,0.393431,0.349311,0.255565,0.290899,0.385698,0.349606,0.292846,0.262032,0.402697,0.352300,0.346979,0.188726,0.414325,0.358142,0.310566,0.259201,0.341405,0.398584,0.275558,0.356866,0.286468,0.429441,0.343131,0.349916,0.327547,0.325013,0.484284,0.312675,0.274112,0.339433,0.289186,0.404645,0.254878,0.286630,0.323736,0.311627,0.323882,0.287970,0.370272,0.360970,0.301958,0.295181,0.346079,0.296574,0.326879,0.399712,0.326488,0.316838,0.308727,0.330094,0.251292,0.252669,0.331395,0.268124,0.295499,0.387532,0.318719,0.260702,0.295474,0.276148,0.277949,0.373551,0.298913,0.339278,0.331368,0.363107,0.379566,0.344178,0.336561,0.392569,0.395689,0.391153,0.361908,0.252613,0.389791,0.312036,0.258510,0.431965,0.299563,0.260527,0.190182,0.386962,0.356166,0.314123,0.253660,0.399485,0.320067,0.308179,0.261598,0.243947,0.370554,0.341084,0.193879,0.329211,0.378839,0.219096,0.338744,0.346510,0.330284,0.314731,0.310509,0.285272,0.363664,0.375654,0.341850,0.293326,0.296682,0.287153,0.283889,0.264813,0.237277,0.306568,0.364499,0.262860,0.248801,0.315100,0.315536,0.345732,0.323840,0.283617,0.351636,0.430396,0.312803,0.219725,0.229730,0.229341,0.287223,0.318924,0.261506,0.328758,0.273453,0.333740,0.472177,0.256751,0.338546,0.285212,0.232069,0.281370,0.116137,0.267746,0.231744,0.316245,0.360271,0.248518,0.421316,0.325407,0.253988,0.329852,0.186426,0.361971,0.391559,0.273707,0.257610,0.331328,0.343098,0.349342,0.219705,0.377530,0.426187,0.199663,0.337204,0.342710,0.319351,0.369276,0.324468,0.274630,0.363582,0.293363,0.396328,0.308116,0.211978,0.364089,0.408364,0.288190,0.252682,0.205156,0.294007,0.324567,0.263196,0.372668,0.340970,#
13,0.281404,0.399520,0.348395,0.319267,0.295283,0.234061,0.307176,0.365389,0.210011,0.282578,0.342308,0.288778,0.232519,1.000000,0.381752,0.328674,0.287813,0.280438,0.330876,0.391482,0.307016,0.309512,0.232883,0.287694,0.394339,0.419886,0.432157,0.372823,0.290303,0.211207,0.322539,0.325340,0.362089,0.274096,0.239476,0.341252,0.289024,0.338789,0.291737,0.286938,0.289807,0.341119,0.357376,0.240115,0.317323,0.382753,0.404580,0.366780,0.333817,0.305523,0.405177,0.268767,0.375878,0.293860,0.322374,0.433483,0.286011,0.357116,0.364700,0.385320,0.362405,0.310913,0.428267,0.343918,0.319449,0.322766,0.462271,0.364842,0.462358,0.384017,0.248913,0.304624,0.377672,0.251366,0.382603,0.218882,0.347508,0.412602,0.442680,0.313804,0.352428,0.445886,0.355710,0.461024,0.444874,0.263560,0.468108,0.354677,0.379278,0.415358,0.334342,0.341902,0.342883,0.364896,0.294189,0.324073,0.353743,0.205649,0.227588,0.314716,0.440606,0.360165,0.340952,0.328492,0.284329,0.396642,0.359586,0.333844,0.349872,0.319453,0.297311,0.258121,0.429255,0.388491,0.309740,0.340449,0.402103,0.298633,0.264171,0.309112,0.395788,0.410582,0.257748,0.391108,0.368622,0.313641,0.259946,0.286412,0.427503,0.334841,0.309910,0.309238,0.302927,0.292404,0.449646,0.335524,0.363493,0.393343,0.416902,0.377769,0.318240,0.291635,0.325500,0.293842,0.386776,0.417915,0.283609,0.266081,0.140435,0.324488,0.395441,0.292295,0.353494,0.390674,0.382679,0.297181,0.238007,0.330098,0.341402,0.298415,0.219755,0.457229,0.220166,0.442442,0.324817,0.316748,0.238919,0.287514,0.389174,0.367082,0.372538,0.404881,0.350900,0.284011,0.310600,0.342491,0.307470,0.300135,0.378493,0.230098,0.309277,0.310684,0.311877,0.384510,0.226630,0.411484,0.356617,0.430346,0.344929,0.395822,0.254838,0.386734,0.330273,0.270094,0.238167,0.319076,0.285999,0.319116,0.368671,0.355096,#
14,0.408860,0.285433,0.304333,0.313790,0.250402,0.360962,0.210577,0.281281,0.341234,0.317427,0.309735,0.167448,0.345692,0.381752,1.000000,0.387289,0.276315,0.368044,0.347769,0.430174,0.322677,0.218424,0.332178,0.442247,0.291873,0.288127,0.402500,0.313181,0.346772,0.253517,0.188694,0.287817,0.289637,0.217084,0.257379,0.383574,0.344015,0.388373,0.383001,0.402524,0.402314,0.341794,0.366050,0.247659,0.334239,0.484745,0.418385,0.316893,0.297340,0.255018,0.460019,0.261918,0.328121,0.305743,0.433472,0.360312,0.338835,0.320058,0.267546,0.305951,0.371509,0.394615,0.290705,0.341890,0.378520,0.302776,0.345275,0.376887,0.357941,0.330624,0.284691,0.334583,0.234746,0.409483,0.240831,0.213564,0.216747,0.376055,0.314973,0.313923,0.385750,0.250365,0.393311,0.391980,0.346622,0.358256,0.242629,0.269502,0.357054,0.331488,0.394746,0.334365,0.322271,0.351234,0.354948,0.231923,0.371094,0.275888,0.287265,0.222465,0.318457,0.362251,0.329113,0.334520,0.277573,0.303103,0.434093,0.429301,0.295622,0.349038,0.181851,0.192560,0.355615,0.285924,0.275065,0.336999,0.271223,0.356986,0.317904,0.318512,0.397115,0.360882,0.237829,0.307723,0.342485,0.285117,0.203633,0.256382,0.197341,0.386706,0.214590,0.388652,0.327100,0.185194,0.280129,0.301221,0.323220,0.345427,0.295685,0.301787,0.440730,0.370094,0.339968,0.221749,0.279329,0.280255,0.288425,0.175482,0.174599,0.276924,0.377972,0.248855,0.216536,0.356189,0.289510,0.205145,0.300531,0.266592,0.317062,0.218149,0.260953,0.356633,0.233342,0.309833,0.372108,0.185706,0.295212,0.273147,0.269584,0.327952,0.424205,0.300110,0.333021,0.347692,0.354206,0.208248,0.409669,0.345448,0.378724,0.379020,0.302586,0.409894,0.307829,0.323960,0.310597,0.353228,0.320333,0.286678,0.258765,0.271915,0.312593,0.344172,0.274121,0.380931,0.245335,0.188600,0.159704,0.264648,0.355089,0.357979,#
15,0.334154,0.228790,0.321071,0.246264,0.270642,0.260037,0.233650,0.322263,0.222909,0.342912,0.262499,0.291640,0.321327,0.328674,0.387289,1.000000,0.320354,0.415971,0.361715,0.304452,0.244048,0.294863,0.260773,0.399787,0.358533,0.369651,0.365622,0.372271,0.364069,0.210715,0.295707,0.360582,0.270846,0.353007,0.196818,0.288972,0.310277,0.335768,0.386417,0.303911,0.415205,0.351195,0.324384,0.264933,0.419072,0.389691,0.267970,0.349776,0.194137,0.327886,0.387889,0.215322,0.379602,0.306397,0.322108,0.260934,0.302106,0.380060,0.334435,0.390697,0.235831,0.260677,0.319760,0.256396,0.298800,0.318703,0.357274,0.402784,0.353734,0.263812,0.279777,0.390389,0.297885,0.282084,0.342614,0.277683,0.210457,0.422897,0.305421,0.290793,0.485991,0.239866,0.285023,0.429150,0.314024,0.281534,0.387679,0.270896,0.415162,0.381863,0.318594,0.238564,0.298999,0.433760,0.306785,0.241317,0.437473,0.244327,0.306510,0.225851,0.363851,0.344926,0.349638,0.294792,0.238538,0.307825,0.287682,0.251679,0.262038,0.427942,0.245438,0.350838,0.270601,0.264209,0.226975,0.419794,0.360149,0.222703,0.291245,0.293306,0.385110,0.387827,0.206445,0.422738,0.302983,0.198652,0.250019,0.284429,0.280161,0.248112,0.267418,0.409648,0.262288,0.291946,0.365948,0.367242,0.306151,0.248944,0.331433,0.212879,0.273831,0.327330,0.347592,0.173491,0.377964,0.269692,0.364157,0.239564,0.366762,0.331039,0.370015,0.255615,0.320539,0.479410,0.186659,0.417327,0.243279,0.283183,0.345710,0.308389,0.236055,0.292984,0.261753,0.390672,0.354590,0.271067,0.324701,0.261152,0.302919,0.313258,0.235424,0.235021,0.364433,0.220503,0.337564,0.172974,0.417544,0.275598,0.175860,0.377450,0.345943,0.366857,0.249383,0.325827,0.249178,0.348277,0.236251,0.353410,0.294001,0.278920,0.150455,0.437970,0.241267,0.290350,0.223441,0.241102,0.220469,0.289732,0.244813,0.261349,#
16,0.338675,0.224677,0.261198,0.229770,0.158967,0.269488,0.243699,0.240201,0.152096,0.226819,0.262116,0.271331,0.299039,0.287813,0.276315,0.320354,1.000000,0.318937,0.244084,0.271416,0.433904,0.281487,0.385784,0.227297,0.176237,0.317704,0.290857,0.195874,0.203114,0.286655,0.210407,0.374479,0.154486,0.323328,0.175823,0.301410,0.281917,0.227747,0.318772,0.277873,0.201064,0.306792,0.234615,0.302145,0.253931,0.368240,0.270626,0.292174,0.242681,0.174257,0.218297,0.302965,0.428276,0.207410,0.256050,0.245356,0.184319,0.281727,0.281073,0.152209,0.192180,0.366643,0.320970,0.351009,0.397191,0.282237,0.254481,0.410906,0.209256,0.311978,0.184206,0.373685,0.299619,0.179943,0.281484,0.417255,0.178002,0.375861,0.348063,0.256958,0.222540,0.248007,0.229149,0.270115,0.256847,0.302237,0.422720,0.228749,0.321560,0.227016,0.294212,0.292923,0.233365,0.213516,0.237127,0.203402,0.329223,0.136874,0.278969,0.240781,0.281892,0.270141,0.159270,0.204323,0.201831,0.277000,0.263637,0.162233,0.195329,0.259328,0.246859,0.234797,0.299460,0.263156,0.304319,0.414377,0.286478,0.215524,0.175073,0.293206,0.263973,0.292557,0.284642,0.302821,0.319615,0.118016,0.158066,0.155830,0.216332,0.339833,0.158218,0.296439,0.381288,0.093535,0.362898,0.335378,0.147559,0.330734,0.252785,0.336826,0.150438,0.260078,0.184327,0.272048,0.266369,0.250940,0.136679,0.204759,0.226099,0.176921,0.211631,0.281946,0.192314,0.239352,0.286362,0.248199,0.171443,0.178522,0.277301,0.249793,0.159778,0.370045,0.330394,0.385040,0.268091,0.152792,0.266628,0.274458,0.235744,0.198749,0.132775,0.101760,0.275566,0.140511,0.206763,0.297046,0.219147,0.212413,0.244896,0.217489,0.229951,0.295852,0.285683,0.131063,0.088931,0.241481,0.386904,0.285721,0.259311,0.216248,0.286312,0.109719,0.114154,0.220945,0.282272,0.323504,0.109367,0.236142,0.172388,0.245285,#
17,0.483852,0.391375,0.319169,0.394318,0.339732,0.380344,0.284347,0.480572,0.193897,0.293813,0.358870,0.396928,0.325356,0.280438,0.368044,0.415971,0.318937,1.000000,0.365373,0.428115,0.446299,0.372771,0.351302,0.478172,0.421749,0.391151,0.315970,0.361914,0.405229,0.321214,0.357103,0.409619,0.522366,0.326266,0.213525,0.369811,0.299428,0.478150,0.412191,0.277267,0.383462,0.379571,0.289790,0.366117,0.353064,0.435032,0.405751,0.359291,0.403968,0.395870,0.452481,0.218255,0.257441,0.322898,0.377795,0.348483,0.451761,0.505184,0.382971,0.423039,0.319986,0.387039,0.337348,0.336435,0.384972,0.431097,0.427456,0.448532,0.398012,0.456133,0.414636,0.390027,0.442075,0.367178,0.377553,0.410043,0.266197,0.439943,0.345088,0.415624,0.441068,0.374353,0.578504,0.404495,0.399544,0.280084,0.412713,0.359931,0.519954,0.445220,0.368306,0.310804,0.389924,0.366805,0.278853,0.310629,0.360004,0.448977,0.395660,0.351105,0.353104,0.314630,0.359321,0.364171,0.293787,0.407476,0.327815,0.474344,0.251799,0.268365,0.358690,0.381108,0.370041,0.430036,0.254669,0.460708,0.393738,0.291137,0.360852,0.412648,0.323987,0.396032,0.281610,0.412271,0.499275,0.358442,0.331629,0.346968,0.270555,0.334115,0.312100,0.442553,0.435399,0.422958,0.436926,0.399968,0.433345,0.366634,0.370413,0.434617,0.427501,0.362160,0.288167,0.261689,0.422006,0.371328,0.249909,0.247361,0.329387,0.232552,0.442707,0.295260,0.312350,0.445245,0.378213,0.361704,0.306212,0.332410,0.478749,0.418009,0.443991,0.405119,0.312827,0.353705,0.429625,0.336531,0.290233,0.413425,0.302743,0.317737,0.465503,0.324063,0.358565,0.382020,0.378095,0.219046,0.405776,0.361343,0.240912,0.444742,0.336693,0.522792,0.391480,0.288513,0.206481,0.391293,0.383813,0.415355,0.442718,0.346656,0.348349,0.467432,0.249824,0.272812,0.410880,0.349987,0.382798,0.274851,0.327333,0.397127,#
18,0.353754,0.357872,0.378896,0.345542,0.361648,0.304515,0.305760,0.334951,0.173599,0.198018,0.413974,0.274226,0.362975,0.330876,0.347769,0.361715,0.244084,0.365373,1.000000,0.337405,0.329524,0.295495,0.212509,0.463359,0.385816,0.365602,0.411270,0.367426,0.388856,0.232563,0.305709,0.273472,0.440432,0.271548,0.297348,0.413680,0.407210,0.345907,0.367497,0.384454,0.380784,0.409905,0.311370,0.270156,0.328217,0.388726,0.326194,0.389873,0.292651,0.334534,0.430238,0.218928,0.385216,0.368951,0.285432,0.274198,0.343544,0.407779,0.302859,0.257274,0.299535,0.313217,0.316270,0.399772,0.315995,0.438047,0.393705,0.451669,0.309592,0.223870,0.217619,0.348310,0.288911,0.275701,0.302640,0.255477,0.194280,0.396482,0.386754,0.392387,0.415111,0.278595,0.377463,0.414481,0.331416,0.189392,0.422865,0.253360,0.413283,0.366529,0.403412,0.263533,0.319151,0.356146,0.309038,0.314025,0.465883,0.282320,0.296683,0.340804,0.285059,0.405295,0.414368,0.310273,0.340351,0.330430,0.297889,0.338681,0.337808,0.351292,0.349274,0.440640,0.307258,0.373245,0.293602,0.340505,0.312953,0.219579,0.354157,0.355364,0.273381,0.384865,0.306320,0.323743,0.372415,0.282676,0.295097,0.316622,0.373494,0.343598,0.334096,0.404740,0.299425,0.276929,0.447029,0.229946,0.334501,0.401244,0.312683,0.414888,0.416002,0.174506,0.229702,0.212822,0.374608,0.318072,0.200296,0.160292,0.272839,0.273946,0.327744,0.353604,0.315751,0.324360,0.316469,0.382338,0.400768,0.371425,0.249481,0.410314,0.309773,0.364187,0.288086,0.359726,0.336745,0.321590,0.373903,0.365903,0.285026,0.367607,0.191484,0.291970,0.370742,0.231069,0.284860,0.256547,0.340954,0.408026,0.458316,0.319309,0.296594,0.377902,0.385279,0.250343,0.356706,0.367307,0.380406,0.457595,0.356772,0.290288,0.315662,0.394055,0.293674,0.279030,0.303046,0.279353,0.284966,0.355762,0.405894,0.386703,#
19,0.336171,0.331216,0.340235,0.363931,0.446871,0.251836,0.303306,0.394116,0.285884,0.421166,0.361984,0.136363,0.393431,0.391482,0.430174,0.304452,0.271416,0.428115,0.337405,1.000000,0.301860,0.339825,0.316371,0.431069,0.258667,0.446953,0.365361,0.346138,0.369973,0.389330,0.259300,0.367303,0.344671,0.276545,0.302026,0.423105,0.198761,0.351834,0.490356,0.326874,0.383842,0.362174,0.247082,0.193398,0.349286,0.484604,0.439891,0.492998,0.306308,0.392632,0.382276,0.312235,0.271744,0.416975,0.360284,0.368478,0.346573,0.346483,0.313258,0.354891,0.367524,0.312679,0.349532,0.366213,0.410610,0.376853,0.296176,0.412461,0.369935,0.361492,0.376267,0.418193,0.417607,0.271118,0.386143,0.323689,0.279311,0.479753,0.439447,0.293012,0.435833,0.390907,0.428452,0.293558,0.471970,0.263119,0.394410,0.304902,0.443353,0.404298,0.320616,0.399742,0.368429,0.339748,0.294337,0.374057,0.417498,0.347073,0.187682,0.252809,0.371900,0.351872,0.396640,0.352017,0.369508,0.330406,0.367996,0.501089,0.250139,0.254177,0.351851,0.348970,0.404547,0.452143,0.364590,0.323963,0.413364,0.437984,0.370451,0.259735,0.418877,0.465136,0.348595,0.412244,0.537847,0.348495,0.317714,0.355735,0.152032,0.338457,0.289129,0.289257,0.446556,0.304099,0.385041,0.385856,0.370767,0.401447,0.370137,0.396734,0.413262,0.301988,0.308250,0.246003,0.400997,0.314972,0.223077,0.396118,0.396721,0.238618,0.335495,0.360097,0.347209,0.449434,0.309310,0.295403,0.329100,0.301228,0.363286,0.265317,0.350861,0.376379,0.363889,0.407149,0.345271,0.295394,0.301851,0.332299,0.336090,0.299222,0.422580,0.341544,0.353231,0.311008,0.355977,0.251955,0.341278,0.394466,0.252941,0.364164,0.243123,0.428518,0.311657,0.375735,0.301333,0.402588,0.352505,0.453157,0.377877,0.269800,0.436492,0.402900,0.276612,0.377304,0.290651,0.368145,0.342134,0.387381,0.424282,0.441974,#
20,0.441005,0.330699,0.379243,0.327414,0.354248,0.401582,0.311147,0.371446,0.282030,0.276320,0.283144,0.294753,0.349311,0.307016,0.322677,0.244048,0.433904,0.446299,0.329524,0.301860,1.000000,0.327359,0.345298,0.363973,0.407979,0.342924,0.354307,0.388915,0.332438,0.304377,0.257857,0.320434,0.368525,0.237495,0.262448,0.311222,0.332689,0.303296,0.339188,0.354118,0.336571,0.486343,0.282214,0.298491,0.345377,0.471842,0.388793,0.378095,0.356103,0.290864,0.308620,0.356707,0.470780,0.284761,0.356941,0.311715,0.364503,0.357612,0.301840,0.308367,0.376462,0.249543,0.400943,0.390997,0.430078,0.271647,0.319013,0.392544,0.421368,0.404879,0.336804,0.338991,0.469371,0.384100,0.289053,0.288754,0.353984,0.408916,0.350169,0.360137,0.287036,0.284917,0.442195,0.323124,0.323422,0.345072,0.438536,0.320805,0.458463,0.397226,0.366274,0.407238,0.377689,0.400139,0.276596,0.322245,0.389106,0.316998,0.280550,0.189755,0.338196,0.311792,0.326325,0.356278,0.232459,0.376381,0.327239,0.306192,0.276023,0.374050,0.377919,0.310473,0.369286,0.382509,0.333509,0.452972,0.459559,0.264541,0.225581,0.301921,0.272437,0.368739,0.330119,0.313374,0.416565,0.331769,0.363927,0.394656,0.287806,0.400809,0.283422,0.437239,0.321889,0.222081,0.423022,0.352315,0.398659,0.423632,0.355031,0.394678,0.389094,0.373404,0.189679,0.282313,0.404115,0.242543,0.219122,0.272995,0.280506,0.328550,0.380450,0.377084,0.210535,0.258198,0.313295,0.318902,0.214716,0.221415,0.278337,0.371277,0.345128,0.384101,0.314798,0.372031,0.413358,0.260583,0.184975,0.389801,0.324035,0.289523,0.351659,0.246965,0.296563,0.320671,0.257975,0.373800,0.238590,0.249891,0.437226,0.423898,0.325025,0.368911,0.284427,0.354126,0.275458,0.261748,0.333383,0.384055,0.386660,0.329581,0.354011,0.390500,0.315226,0.272457,0.368813,0.352956,0.280354,0.328356,0.303124,0.334443,#
21,0.422749,0.430892,0.448024,0.346422,0.327845,0.378780,0.329063,0.390730,0.204986,0.301575,0.305424,0.356999,0.255565,0.309512,0.218424,0.294863,0.281487,0.372771,0.295495,0.339825,0.327359,1.000000,0.292859,0.411985,0.416824,0.285677,0.392433,0.441290,0.343957,0.318347,0.334698,0.397079,0.321298,0.347631,0.197023,0.377074,0.410142,0.390938,0.460651,0.284727,0.343428,0.402212,0.214702,0.310374,0.367622,0.391346,0.453019,0.421573,0.261990,0.379927,0.428695,0.215330,0.393118,0.342088,0.331084,0.301589,0.369836,0.369959,0.314056,0.301845,0.241588,0.269257,0.403996,0.357562,0.448927,0.362191,0.312045,0.371437,0.424037,0.474528,0.486175,0.322169,0.476790,0.387492,0.300393,0.274441,0.313219,0.320896,0.320919,0.342695,0.465372,0.375246,0.354151,0.247136,0.394568,0.233972,0.434465,0.319455,0.429002,0.469388,0.303079,0.290782,0.298950,0.336272,0.375134,0.371542,0.354998,0.344492,0.289648,0.336521,0.491036,0.339740,0.292382,0.355974,0.338516,0.405269,0.304177,0.381352,0.284580,0.294866,0.340668,0.354608,0.352927,0.338490,0.281492,0.427309,0.470983,0.264353,0.386964,0.386838,0.299596,0.441928,0.200134,0.462418,0.311788,0.332857,0.329791,0.317796,0.260896,0.250374,0.331838,0.320484,0.408735,0.342221,0.364874,0.300147,0.393004,0.343228,0.316422,0.407032,0.357542,0.390497,0.281723,0.226710,0.355819,0.345561,0.320304,0.322003,0.317314,0.282683,0.362420,0.340967,0.342272,0.342312,0.314674,0.292195,0.254939,0.312946,0.248564,0.309650,0.442453,0.339555,0.269918,0.354510,0.429691,0.209269,0.157723,0.410450,0.297121,0.406784,0.310663,0.297633,0.404710,0.320892,0.258791,0.318855,0.388497,0.310657,0.333009,0.386969,0.272428,0.384376,0.217762,0.326797,0.190413,0.325387,0.315043,0.396869,0.466166,0.303590,0.396508,0.360592,0.314217,0.223946,0.410848,0.366276,0.332368,0.335970,0.336144,0.389406,#
