0,1.000000,0.392622,0.420956,0.303888,0.340828,0.349249,0.369363,0.294991,0.354527,0.318908,0.432070,0.408848,0.325063,0.288509,0.433395,0.366793,0.379197,0.450771,0.386761,0.315635,0.425462,0.491105,0.359389,0.404678,0.388680,0.283622,0.395011,0.431204,0.415660,0.364989,0.313059,0.280720,0.362461,0.280066,0.252525,0.343449,0.430393,0.371722,0.358691,0.452769,0.254562,0.406134,0.305272,0.360116,0.319768,0.327172,0.422801,0.368187,0.461716,0.358854,0.474635,0.312820,0.351342,0.326281,0.418996,0.326501,0.383885,0.376712,0.265579,0.306872,0.355987,0.260921,0.368295,0.379011,0.418479,0.236593,0.376350,0.365565,0.336268,0.377665,0.475559,0.398117,0.443698,0.394155,0.347416,0.332131,0.298868,0.412982,0.388624,0.269952,0.425763,0.309758,0.388440,0.398066,0.379962,0.400015,0.383054,0.329556,0.448903,0.362016,0.361479,0.294237,0.310967,0.337029,0.394672,0.380533,0.402958,0.339208,0.409238,0.343193,0.359998,0.406949,0.339689,0.416722,0.255608,0.358462,0.379989,0.386612,0.332876,0.303762,0.304298,0.382255,0.333823,0.406395,0.273245,0.412288,0.421521,0.281531,0.412879,0.364878,0.462601,0.322748,0.301577,0.295436,0.325244,0.470135,0.284080,0.313918,0.328046,0.403019,0.380213,0.443845,0.368220,0.325560,0.381295,0.275148,0.387293,0.351695,0.367716,0.473118,0.345472,0.385708,0.388926,0.296319,0.390798,0.369140,0.356212,0.296353,0.379161,0.326116,0.413518,0.328907,0.352359,0.304088,0.340599,0.242030,0.239112,0.255303,0.401651,0.427094,0.390838,0.357927,0.264664,0.358686,0.398754,0.234821,0.241423,0.311394,0.348084,0.327784,0.477950,0.178777,0.415602,0.449173,0.352340,0.320741,0.387548,0.297230,0.396381,0.338493,0.338367,0.471648,0.271552,0.231951,0.313581,0.395380,0.384249,0.469096,0.414789,0.222368,0.349597,0.376307,0.272342,0.246237,0.391121,0.298102,0.309901,0.288110,0.393019,0.390133,#
1,0.392622,1.000000,0.316276,0.310535,0.383844,0.370000,0.397318,0.383459,0.267099,0.306735,0.474742,0.427696,0.356797,0.412580,0.386193,0.368334,0.328100,0.324254,0.440915,0.345843,0.343222,0.480421,0.299126,0.374893,0.456922,0.398475,0.449380,0.469363,0.385220,0.282292,0.389836,0.361314,0.414820,0.315970,0.353129,0.296604,0.373293,0.390913,0.396173,0.354375,0.337205,0.383761,0.455336,0.306637,0.312852,0.353069,0.471612,0.415396,0.389512,0.324289,0.467633,0.305162,0.440230,0.359705,0.375494,0.326217,0.394119,0.335967,0.402617,0.441777,0.347811,0.322804,0.332552,0.434226,0.380321,0.347169,0.290673,0.401377,0.383961,0.349639,0.399954,0.276096,0.447514,0.299723,0.410190,0.316620,0.442142,0.350485,0.438361,0.387965,0.389795,0.437627,0.472676,0.466164,0.330626,0.284802,0.345119,0.352710,0.440907,0.414601,0.343604,0.444838,0.337103,0.362241,0.279317,0.332792,0.317239,0.246836,0.380202,0.305217,0.294943,0.301809,0.377944,0.350786,0.234341,0.320339,0.342894,0.439124,0.279762,0.376230,0.422882,0.393534,0.381969,0.447064,0.385215,0.418550,0.411117,0.284365,0.439837,0.386315,0.339493,0.367546,0.378383,0.410099,0.376591,0.426480,0.386613,0.400571,0.269891,0.371833,0.404555,0.394786,0.277975,0.352517,0.467242,0.399041,0.275848,0.357156,0.409807,0.407183,0.416819,0.307178,0.246059,0.307922,0.417399,0.371750,0.418269,0.238720,0.376412,0.312728,0.312087,0.451905,0.406271,0.234958,0.308417,0.366781,0.297800,0.287151,0.348016,0.271040,0.275424,0.414780,0.338516,0.358066,0.361948,0.381560,0.213162,0.408548,0.321830,0.417295,0.424939,0.333086,0.317650,0.359440,0.459853,0.317643,0.337176,0.390309,0.440297,0.355789,0.379446,0.377113,0.363547,0.298462,0.450861,0.434994,0.298237,0.448283,0.311828,0.285267,0.507338,0.352874,0.251896,0.346075,0.401287,0.405487,0.222781,0.375765,0.320574,0.335575,#
2,0.420956,0.316276,1.000000,0.379532,0.311011,0.342229,0.337325,0.327668,0.212895,0.207359,0.262678,0.349564,0.329338,0.346331,0.380246,0.410685,0.363998,0.336990,0.401140,0.368990,0.388746,0.453287,0.428622,0.389248,0.459445,0.374180,0.407844,0.296617,0.317098,0.342367,0.389134,0.329287,0.356165,0.293893,0.314786,0.326208,0.371196,0.366799,0.348514,0.374942,0.416315,0.385244,0.365973,0.277834,0.246016,0.422776,0.376310,0.428059,0.319606,0.322931,0.415269,0.393165,0.412764,0.291951,0.307034,0.414432,0.301866,0.370948,0.292438,0.369859,0.190273,0.346321,0.335761,0.449684,0.444200,0.386901,0.346900,0.308041,0.356679,0.457762,0.329548,0.232715,0.332915,0.357663,0.359441,0.416128,0.315465,0.404773,0.346031,0.358394,0.463435,0.291647,0.333083,0.367162,0.270733,0.424709,0.417766,0.390403,0.300972,0.367774,0.298876,0.306369,0.359453,0.297348,0.316304,0.305315,0.382917,0.276950,0.371515,0.286148,0.365225,0.394895,0.354614,0.353713,0.398064,0.310363,0.359418,0.356003,0.266449,0.403026,0.360468,0.350747,0.348150,0.322780,0.269025,0.367902,0.319810,0.386744,0.240985,0.287147,0.364645,0.303522,0.313834,0.250202,0.332552,0.315722,0.347702,0.311921,0.292996,0.307783,0.279957,0.460167,0.317323,0.260098,0.346283,0.375456,0.345452,0.362998,0.290809,0.266237,0.241644,0.286256,0.396925,0.286032,0.485083,0.356988,0.330027,0.293252,0.466950,0.343153,0.353019,0.421461,0.325707,0.321190,0.247250,0.235581,0.225752,0.261327,0.350930,0.304924,0.426034,0.441237,0.354891,0.351014,0.362405,0.204338,0.300228,0.375414,0.280265,0.361297,0.387986,0.367753,0.305656,0.354254,0.474924,0.357594,0.470369,0.347564,0.394678,0.363855,0.393958,0.335305,0.232451,0.210914,0.308778,0.397845,0.397738,0.346755,0.357947,0.261723,0.333316,0.333271,0.398401,0.285377,0.357882,0.288963,0.315630,0.235988,0.454263,0.367545,#
3,0.303888,0.310535,0.379532,1.000000,0.275670,0.267390,0.321515,0.343994,0.277978,0.187465,0.261285,0.364465,0.288851,0.283663,0.212039,0.238301,0.259422,0.351809,0.296683,0.311567,0.327197,0.341558,0.344408,0.399579,0.366463,0.330586,0.328892,0.299256,0.330855,0.274588,0.326843,0.376961,0.305822,0.390306,0.164608,0.275906,0.399247,0.429404,0.369711,0.256173,0.331269,0.356697,0.370044,0.276512,0.287344,0.424801,0.413313,0.372816,0.279439,0.348881,0.445117,0.300317,0.305494,0.294158,0.234138,0.390553,0.320948,0.351121,0.271109,0.315068,0.253082,0.230528,0.325150,0.411926,0.374057,0.334049,0.272322,0.390517,0.221322,0.327747,0.414195,0.235501,0.274807,0.324650,0.372283,0.335760,0.268871,0.392975,0.345742,0.377919,0.362994,0.323837,0.338629,0.345129,0.310205,0.290159,0.388720,0.285755,0.352272,0.398821,0.337979,0.302832,0.284108,0.430424,0.214758,0.307471,0.329574,0.243582,0.353605,0.242394,0.307935,0.346782,0.341992,0.266686,0.344782,0.275502,0.299601,0.366423,0.240364,0.270376,0.352922,0.310671,0.279358,0.344489,0.221518,0.303056,0.361389,0.243674,0.311816,0.296841,0.385647,0.313796,0.369321,0.342271,0.313777,0.319644,0.291665,0.243554,0.267812,0.402592,0.294422,0.351454,0.378633,0.415626,0.318709,0.337352,0.243507,0.227431,0.374777,0.382390,0.332904,0.250771,0.365849,0.283930,0.399595,0.206124,0.322519,0.308308,0.359330,0.306220,0.282026,0.260773,0.220042,0.280869,0.217591,0.201947,0.318662,0.237740,0.174786,0.358747,0.405019,0.335253,0.360789,0.451078,0.354610,0.313180,0.232978,0.269874,0.261058,0.399786,0.361580,0.240542,0.299124,0.312407,0.344813,0.264208,0.258229,0.280396,0.326237,0.310729,0.389153,0.426705,0.358399,0.297969,0.283193,0.288391,0.246308,0.415277,0.223500,0.204388,0.352865,0.320065,0.356152,0.334860,0.227742,0.333747,0.321781,0.287525,0.341882,0.288294,#
4,0.340828,0.383844,0.311011,0.275670,1.000000,0.246399,0.402734,0.255067,0.343923,0.266477,0.395607,0.265749,0.353834,0.315887,0.271584,0.335841,0.251714,0.325997,0.400664,0.427793,0.323283,0.396348,0.308555,0.372850,0.395890,0.431302,0.352487,0.360108,0.341891,0.222139,0.343660,0.346981,0.438528,0.269153,0.323949,0.277086,0.246702,0.433050,0.322770,0.335397,0.359852,0.383667,0.321506,0.350911,0.365529,0.288536,0.388594,0.422976,0.360601,0.371113,0.395903,0.204043,0.358022,0.380157,0.349086,0.363529,0.270895,0.305768,0.290567,0.393939,0.351165,0.279702,0.251957,0.300105,0.329229,0.288116,0.379399,0.314489,0.332483,0.330288,0.328322,0.344641,0.321514,0.280502,0.307923,0.211622,0.231780,0.360619,0.258370,0.243259,0.462854,0.379778,0.282738,0.367665,0.354520,0.340455,0.291979,0.324606,0.394082,0.401346,0.320323,0.355619,0.237640,0.342198,0.204766,0.356771,0.309069,0.428785,0.439743,0.290315,0.333231,0.234998,0.323274,0.395628,0.381664,0.284260,0.313726,0.379344,0.272854,0.429970,0.419890,0.240355,0.373206,0.466346,0.265661,0.246151,0.329546,0.169350,0.382665,0.340820,0.351269,0.343268,0.379613,0.278452,0.377402,0.346798,0.318795,0.310052,0.152298,0.206149,0.284045,0.391941,0.331540,0.273498,0.421876,0.315056,0.290653,0.236343,0.254251,0.313607,0.338194,0.189231,0.289997,0.303645,0.313841,0.329740,0.388103,0.241837,0.349344,0.327982,0.343488,0.361197,0.335600,0.364614,0.245010,0.294870,0.386655,0.320539,0.254501,0.339876,0.280052,0.330725,0.280440,0.345667,0.274491,0.368989,0.301252,0.244251,0.332909,0.356915,0.412334,0.254664,0.279475,0.207681,0.405172,0.167399,0.354372,0.224616,0.255845,0.257849,0.248246,0.319445,0.260979,0.240188,0.306900,0.287511,0.312497,0.452332,0.360354,0.270145,0.328125,0.298918,0.353483,0.289900,0.295039,0.347487,0.327467,0.405649,0.325326,0.309941,#
5,0.349249,0.370000,0.342229,0.267390,0.246399,1.000000,0.285855,0.307127,0.275760,0.318374,0.271376,0.313266,0.296516,0.211066,0.312518,0.335753,0.314927,0.347382,0.341212,0.207950,0.341254,0.379943,0.339167,0.429743,0.309612,0.286964,0.335724,0.355304,0.378895,0.289654,0.241722,0.395111,0.333078,0.243505,0.282897,0.210374,0.447410,0.325151,0.338533,0.366788,0.311262,0.345484,0.209404,0.324408,0.206555,0.357678,0.339179,0.243525,0.370683,0.368793,0.363110,0.253698,0.344188,0.247666,0.313702,0.351684,0.191163,0.404571,0.336047,0.313471,0.331767,0.327349,0.330301,0.326494,0.339376,0.274136,0.330563,0.338307,0.220576,0.293128,0.423208,0.241487,0.357546,0.440607,0.300086,0.286162,0.318735,0.331540,0.376080,0.303672,0.364464,0.286870,0.391725,0.186943,0.197296,0.365970,0.246862,0.308800,0.285909,0.305724,0.250345,0.306461,0.224835,0.285285,0.193485,0.300711,0.317897,0.169513,0.294405,0.178206,0.333331,0.340648,0.350643,0.333746,0.262396,0.241908,0.236623,0.335503,0.242032,0.292754,0.377482,0.252014,0.351949,0.319504,0.308483,0.250321,0.379247,0.304563,0.312030,0.346066,0.234269,0.257388,0.233628,0.272149,0.320516,0.274487,0.194266,0.210448,0.353687,0.385633,0.268331,0.409206,0.210300,0.276747,0.378568,0.329623,0.221445,0.234836,0.306219,0.294283,0.375033,0.343039,0.265594,0.318036,0.307046,0.280378,0.287081,0.293906,0.307208,0.262578,0.313339,0.245316,0.270947,0.329542,0.195203,0.266302,0.302159,0.258216,0.403721,0.193535,0.350408,0.263342,0.303911,0.228911,0.297948,0.192182,0.204086,0.324911,0.377965,0.390924,0.234482,0.245982,0.357279,0.271369,0.287704,0.276856,0.272304,0.285995,0.388600,0.254876,0.360869,0.371722,0.392153,0.171899,0.354041,0.380163,0.312522,0.313688,0.201531,0.295931,0.381471,0.273890,0.232728,0.313994,0.330580,0.274866,0.300213,0.367894,0.278211,0.384591,#
6,0.369363,0.397318,0.337325,0.321515,0.402734,0.285855,1.000000,0.392594,0.288633,0.276602,0.417590,0.356419,0.296192,0.412278,0.260588,0.333404,0.374248,0.345290,0.386179,0.415835,0.378614,0.372512,0.367333,0.356585,0.406365,0.328102,0.323440,0.361045,0.378150,0.323085,0.311096,0.332158,0.375048,0.322719,0.234434,0.256252,0.302886,0.362607,0.337414,0.376587,0.379600,0.376922,0.310870,0.402289,0.329053,0.294607,0.448765,0.483974,0.341240,0.396305,0.352300,0.404808,0.387615,0.367057,0.319033,0.402456,0.371003,0.422297,0.370587,0.406723,0.237170,0.316515,0.280740,0.407684,0.296807,0.443517,0.386482,0.333905,0.337952,0.340707,0.366488,0.347006,0.364522,0.365909,0.362541,0.331776,0.345027,0.356130,0.362223,0.353651,0.379871,0.440120,0.450942,0.342404,0.373622,0.415289,0.324784,0.421203,0.450521,0.401966,0.379213,0.315448,0.277476,0.442422,0.279721,0.434057,0.331863,0.347658,0.435504,0.306640,0.360212,0.368329,0.255440,0.335686,0.213952,0.453993,0.343947,0.364275,0.317037,0.366328,0.381704,0.329726,0.385749,0.384749,0.322366,0.350322,0.391916,0.311018,0.413898,0.362342,0.322825,0.442870,0.307012,0.296603,0.347601,0.371217,0.266418,0.437335,0.213713,0.352405,0.350601,0.353171,0.400464,0.228545,0.510840,0.374356,0.268374,0.461128,0.365379,0.330478,0.288735,0.196293,0.278387,0.454648,0.287337,0.376259,0.371907,0.280196,0.323262,0.271613,0.422543,0.358136,0.352090,0.329292,0.314345,0.248630,0.303313,0.267745,0.324910,0.292198,0.334150,0.338692,0.340232,0.393634,0.364436,0.337164,0.218291,0.300676,0.406087,0.461295,0.321307,0.317111,0.347274,0.331764,0.399902,0.339647,0.355954,0.310617,0.418779,0.292712,0.205877,0.228557,0.346886,0.328229,0.423626,0.293131,0.351632,0.367664,0.365684,0.350925,0.341592,0.268143,0.367002,0.322440,0.257836,0.348194,0.333529,0.338022,0.237209,0.342837,#
7,0.294991,0.383459,0.327668,0.343994,0.255067,0.307127,0.392594,1.000000,0.288393,0.400348,0.353128,0.470421,0.330629,0.394788,0.270154,0.332311,0.318534,0.403789,0.378122,0.402538,0.415845,0.388734,0.507034,0.326041,0.463755,0.299233,0.402239,0.470809,0.335144,0.307708,0.413453,0.416107,0.425841,0.325434,0.330090,0.367017,0.337822,0.363682,0.333758,0.409506,0.328230,0.367783,0.424216,0.226554,0.409982,0.448997,0.340023,0.446123,0.429964,0.385648,0.459994,0.332349,0.330649,0.399211,0.387921,0.427730,0.405826,0.423697,0.328388,0.393676,0.352295,0.234107,0.345892,0.419571,0.460772,0.308360,0.351774,0.401299,0.344908,0.497938,0.412254,0.258120,0.416385,0.506880,0.411706,0.342285,0.426849,0.423883,0.448198,0.449819,0.355477,0.390251,0.474346,0.405269,0.319982,0.404801,0.428987,0.361224,0.436123,0.470773,0.358163,0.298255,0.378422,0.339472,0.275678,0.395473,0.367416,0.269738,0.304079,0.214406,0.407065,0.343679,0.379833,0.358919,0.220875,0.448261,0.444505,0.400364,0.398666,0.349331,0.346403,0.345630,0.297104,0.386507,0.414786,0.354954,0.365340,0.333956,0.400052,0.426223,0.381949,0.404895,0.306164,0.409453,0.468567,0.423921,0.414383,0.464586,0.277083,0.384839,0.319312,0.393415,0.340708,0.353485,0.496879,0.418089,0.263184,0.455441,0.442105,0.427594,0.464115,0.467768,0.196659,0.343137,0.432355,0.353423,0.418220,0.303307,0.386655,0.268819,0.452991,0.523629,0.311766,0.241375,0.228321,0.383158,0.402580,0.340182,0.358918,0.376187,0.394461,0.348522,0.348243,0.419309,0.427773,0.301430,0.354898,0.313981,0.459793,0.399575,0.416653,0.360043,0.344306,0.292857,0.409824,0.323709,0.395298,0.358366,0.331713,0.423226,0.404118,0.399681,0.305177,0.302949,0.277355,0.370629,0.361270,0.418923,0.305457,0.430044,0.383598,0.366152,0.321583,0.369187,0.214541,0.363500,0.403622,0.419353,0.368655,0.339771,#
8,0.354527,0.267099,0.212895,0.277978,0.343923,0.275760,0.288633,0.288393,1.000000,0.194678,0.385771,0.312857,0.323377,0.361552,0.367163,0.294246,0.301016,0.307461,0.265036,0.389524,0.336340,0.301593,0.321745,0.373270,0.335797,0.337614,0.286281,0.389190,0.313434,0.372012,0.226199,0.348218,0.332843,0.360026,0.291623,0.262527,0.332865,0.402343,0.349536,0.463331,0.324862,0.268403,0.186355,0.353592,0.358265,0.326017,0.379289,0.397500,0.278816,0.292386,0.294387,0.382745,0.252143,0.474896,0.334613,0.411596,0.289903,0.304100,0.252288,0.368147,0.304635,0.208111,0.376511,0.350365,0.335483,0.297523,0.331517,0.377089,0.422078,0.348934,0.273063,0.425255,0.325225,0.304410,0.233773,0.237701,0.263592,0.279506,0.362186,0.204742,0.321994,0.352449,0.373162,0.255280,0.319838,0.354208,0.317748,0.326287,0.390940,0.361287,0.335883,0.305835,0.261389,0.304847,0.333157,0.420179,0.367132,0.322539,0.270177,0.215136,0.303935,0.210819,0.233171,0.269337,0.298746,0.281454,0.375467,0.380756,0.207023,0.383253,0.283677,0.346846,0.269432,0.336352,0.241817,0.368720,0.454036,0.293629,0.202893,0.406980,0.331163,0.263476,0.358042,0.290365,0.372972,0.401859,0.207499,0.339263,0.318058,0.319726,0.369806,0.390571,0.324897,0.308444,0.412700,0.323815,0.258322,0.409804,0.463755,0.358746,0.320835,0.313421,0.381934,0.258106,0.381146,0.293038,0.324005,0.411946,0.306849,0.279766,0.370430,0.317605,0.300409,0.295145,0.366512,0.313656,0.340045,0.196072,0.290717,0.355189,0.269031,0.296743,0.241772,0.418800,0.314525,0.272254,0.302381,0.282777,0.348552,0.348826,0.399132,0.130685,0.240365,0.390439,0.390128,0.345478,0.290787,0.324119,0.317526,0.330973,0.410713,0.292474,0.140725,0.236441,0.384841,0.294687,0.284447,0.279900,0.298712,0.289076,0.360455,0.318416,0.279256,0.279821,0.294533,0.273244,0.332387,0.200374,0.231553,0.302824,#
9,0.318908,0.306735,0.207359,0.187465,0.266477,0.318374,0.276602,0.400348,0.194678,1.000000,0.425799,0.335723,0.279734,0.317786,0.332249,0.355266,0.304024,0.240834,0.226660,0.383722,0.261997,0.344169,0.343478,0.329206,0.318159,0.273711,0.355014,0.438863,0.297730,0.209967,0.422057,0.368565,0.294230,0.317287,0.299644,0.303130,0.197680,0.348400,0.293148,0.285004,0.320470,0.372672,0.212094,0.167800,0.366513,0.403917,0.341153,0.368352,0.323473,0.246119,0.378181,0.330310,0.280519,0.285102,0.314193,0.373434,0.397318,0.343557,0.265228,0.288424,0.239716,0.309251,0.358162,0.354383,0.337122,0.347637,0.233637,0.391431,0.372578,0.263588,0.353254,0.303050,0.282900,0.356953,0.340940,0.325034,0.397086,0.220152,0.437686,0.349740,0.329140,0.338461,0.395721,0.304629,0.352261,0.452898,0.399682,0.268488,0.318514,0.314246,0.223970,0.381793,0.256336,0.309566,0.253454,0.357505,0.400353,0.260447,0.294335,0.290684,0.372060,0.315882,0.403199,0.221427,0.304821,0.292970,0.342465,0.358503,0.307825,0.237249,0.266677,0.290013,0.336889,0.353487,0.286597,0.343360,0.406532,0.388976,0.451274,0.292116,0.443772,0.408878,0.311354,0.326919,0.342260,0.364094,0.203568,0.380608,0.216938,0.263066,0.289759,0.403384,0.251539,0.293860,0.424152,0.274155,0.283587,0.370708,0.325996,0.330577,0.299573,0.318996,0.248015,0.260980,0.347128,0.214358,0.396633,0.263877,0.231797,0.360916,0.396314,0.342577,0.377896,0.322329,0.256536,0.329773,0.347828,0.316482,0.393092,0.274317,0.339018,0.215187,0.157127,0.404794,0.328871,0.320501,0.252860,0.268124,0.463833,0.383816,0.312708,0.347632,0.330621,0.357563,0.338842,0.277283,0.302598,0.146177,0.234701,0.406216,0.278803,0.338775,0.312109,0.354644,0.313327,0.336827,0.388147,0.413850,0.350396,0.240171,0.358016,0.299909,0.196673,0.331369,0.250016,0.330256,0.281178,0.209664,0.293220,0.298636,#
10,0.432070,0.474742,0.262678,0.261285,0.395607,0.271376,0.417590,0.353128,0.385771,0.425799,1.000000,0.363529,0.264154,0.406592,0.380949,0.399293,0.394144,0.354557,0.468722,0.393386,0.369744,0.424764,0.328278,0.332930,0.395587,0.299014,0.457124,0.409937,0.353983,0.367793,0.405664,0.360484,0.344251,0.406037,0.324177,0.368682,0.242993,0.421599,0.424810,0.365389,0.280538,0.284810,0.331808,0.269105,0.354549,0.350815,0.383198,0.454397,0.441014,0.369959,0.323204,0.390911,0.356900,0.392672,0.386349,0.431377,0.349533,0.372592,0.292922,0.345095,0.307538,0.319491,0.363857,0.429247,0.363695,0.380219,0.367712,0.348948,0.396079,0.331402,0.373982,0.324102,0.333490,0.357384,0.339939,0.410236,0.431609,0.264341,0.416319,0.319340,0.341397,0.415787,0.414255,0.392537,0.370629,0.400922,0.401768,0.256476,0.428874,0.381094,0.232585,0.355325,0.412899,0.316331,0.305132,0.344019,0.411110,0.277173,0.407909,0.352691,0.415797,0.320116,0.338280,0.356976,0.332448,0.333846,0.476684,0.427502,0.327283,0.392267,0.266753,0.338460,0.334190,0.400384,0.376571,0.452818,0.406881,0.252420,0.327550,0.357325,0.340891,0.345909,0.349380,0.388060,0.392499,0.364390,0.278153,0.386251,0.253690,0.380437,0.356868,0.406494,0.345059,0.282591,0.477237,0.370516,0.316492,0.441232,0.314590,0.451156,0.372171,0.293481,0.446237,0.273962,0.346898,0.345205,0.306385,0.320567,0.281985,0.393148,0.339667,0.450966,0.360439,0.372870,0.402074,0.392134,0.358419,0.239856,0.325101,0.415542,0.313088,0.327399,0.343473,0.395924,0.346866,0.311718,0.258991,0.294481,0.361898,0.483724,0.460935,0.345215,0.382045,0.389017,0.431192,0.186818,0.348963,0.304305,0.422859,0.444574,0.374766,0.325753,0.370277,0.272944,0.417888,0.373012,0.328039,0.396710,0.348691,0.297162,0.344937,0.363056,0.294001,0.356955,0.367732,0.388718,0.325134,0.389454,0.374707,0.411919,#
11,0.408848,0.427696,0.349564,0.364465,0.265749,0.313266,0.356419,0.470421,0.312857,0.335723,0.363529,1.000000,0.423180,0.317700,0.238137,0.417895,0.371785,0.439482,0.417321,0.268596,0.404569,0.435417,0.360438,0.423747,0.505007,0.451973,0.326954,0.480725,0.252078,0.420569,0.430843,0.415764,0.364908,0.386191,0.338923,0.309953,0.430820,0.460327,0.334632,0.350582,0.379079,0.420097,0.404402,0.417298,0.320624,0.419723,0.423099,0.478436,0.378779,0.282767,0.456213,0.383899,0.339635,0.422806,0.310136,0.400945,0.515851,0.394950,0.378843,0.346125,0.327234,0.382402,0.446425,0.465965,0.419066,0.352409,0.376261,0.418452,0.347446,0.379634,0.360295,0.260128,0.402045,0.465549,0.402783,0.419342,0.355002,0.366499,0.538429,0.348972,0.431379,0.292422,0.405451,0.441522,0.425233,0.375792,0.475563,0.352395,0.432582,0.370030,0.418201,0.347757,0.408485,0.472162,0.263910,0.331565,0.315519,0.359076,0.317617,0.363464,0.466324,0.364522,0.397371,0.312743,0.344568,0.480739,0.453208,0.396929,0.374588,0.415733,0.335256,0.318605,0.386332,0.418785,0.257844,0.520999,0.446701,0.272358,0.395689,0.390460,0.361933,0.453220,0.392100,0.385743,0.438595,0.395909,0.481232,0.505629,0.337034,0.356764,0.390472,0.552384,0.295161,0.326423,0.392299,0.342991,0.222395,0.475975,0.389542,0.409156,0.313410,0.419980,0.353280,0.406242,0.423657,0.394786,0.439195,0.330720,0.381381,0.365268,0.372909,0.511332,0.352130,0.357864,0.435801,0.292750,0.307069,0.252584,0.321067,0.371219,0.418647,0.332536,0.286815,0.385714,0.475384,0.357785,0.350827,0.379343,0.524367,0.402865,0.463862,0.261211,0.376171,0.373875,0.383542,0.433331,0.491177,0.328599,0.354318,0.304166,0.421359,0.375454,0.366146,0.318065,0.336681,0.433606,0.376868,0.416818,0.349248,0.356414,0.265964,0.367243,0.385211,0.222647,0.316407,0.324620,0.433388,0.321277,0.320238,0.406357,#
12,0.325063,0.356797,0.329338,0.288851,0.353834,0.296516,0.296192,0.330629,0.323377,0.279734,0.264154,0.423180,1.000000,0.319288,0.313725,0.336003,0.373496,0.306369,0.405993,0.404903,0.401764,0.269522,0.365101,0.379384,0.431993,0.344430,0.330972,0.439652,0.360697,0.393956,0.326998,0.453018,0.386660,0.342620,0.307381,0.296472,0.410925,0.360450,0.301375,0.334447,0.389826,0.302306,0.405881,0.326508,0.404220,0.433573,0.370666,0.316152,0.371680,0.283230,0.450482,0.272420,0.308661,0.390859,0.319859,0.359373,0.377775,0.395590,0.341040,0.355229,0.292056,0.342310,0.339973,0.381179,0.370053,0.372088,0.377996,0.278580,0.324703,0.284137,0.305209,0.338924,0.254685,0.300331,0.416475,0.344302,0.316705,0.342694,0.331769,0.314608,0.403761,0.349185,0.394767,0.354563,0.401941,0.470354,0.315367,0.365046,0.440279,0.371866,0.376139,0.369394,0.283349,0.394762,0.318068,0.221121,0.404297,0.357748,0.259508,0.226842,0.342205,0.381870,0.296921,0.348463,0.365934,0.349931,0.349935,0.299711,0.236220,0.398988,0.402480,0.225756,0.375495,0.435498,0.266503,0.346306,0.408787,0.409829,0.309531,0.379577,0.299744,0.434488,0.425316,0.375016,0.288003,0.432840,0.305796,0.334413,0.313146,0.248553,0.325319,0.447406,0.296455,0.213488,0.351813,0.331174,0.291896,0.388472,0.387806,0.348026,0.391429,0.367172,0.283084,0.303513,0.315999,0.337887,0.393551,0.304131,0.351117,0.289327,0.415568,0.475660,0.254000,0.316545,0.352571,0.241987,0.342780,0.162898,0.300929,0.223536,0.399891,0.363122,0.273587,0.440651,0.354966,0.296977,0.299434,0.163117,0.368232,0.440857,0.322074,0.275615,0.344648,0.325140,0.431120,0.219187,0.329258,0.302539,0.220494,0.388059,0.397822,0.366908,0.356781,0.297616,0.351803,0.383785,0.344318,0.376851,0.306729,0.223905,0.361714,0.394508,0.304967,0.337112,0.229697,0.269881,0.424396,0.237860,0.368209,0.287321,#
13,0.288509,0.412580,0.346331,0.283663,0.315887,0.211066,0.412278,0.394788,0.361552,0.317786,0.406592,0.317700,0.319288,1.000000,0.369219,0.390398,0.373291,0.278172,0.364878,0.360162,0.321131,0.369048,0.372941,0.292611,0.483687,0.405631,0.403364,0.381838,0.301483,0.258263,0.371674,0.274191,0.394224,0.335749,0.243280,0.325109,0.295255,0.396814,0.246853,0.349626,0.306182,0.324638,0.478600,0.286409,0.358159,0.301497,0.468857,0.366960,0.400539,0.311641,0.455936,0.356450,0.355726,0.339522,0.390945,0.497668,0.345498,0.321641,0.375287,0.374931,0.310925,0.334615,0.473302,0.398333,0.276113,0.329219,0.436902,0.398477,0.494878,0.415595,0.261200,0.335494,0.364441,0.387985,0.369688,0.264582,0.374659,0.374468,0.412383,0.311208,0.353924,0.448633,0.431297,0.470397,0.461049,0.381327,0.460657,0.407422,0.407712,0.402191,0.362919,0.378878,0.360504,0.353835,0.325890,0.370843,0.352058,0.276024,0.307233,0.299675,0.459479,0.345320,0.340190,0.301887,0.298542,0.424651,0.362346,0.333734,0.330615,0.361158,0.344487,0.343446,0.456658,0.414252,0.351485,0.359468,0.429182,0.335366,0.340404,0.429561,0.405284,0.434369,0.287255,0.378747,0.361931,0.357710,0.299223,0.381492,0.427542,0.291727,0.332197,0.369823,0.338921,0.347482,0.478857,0.310587,0.331703,0.411341,0.472355,0.404562,0.345959,0.307831,0.333046,0.364586,0.438105,0.436236,0.401302,0.331384,0.204102,0.371327,0.438098,0.303706,0.337746,0.329304,0.402280,0.337435,0.289261,0.310622,0.335376,0.279267,0.295501,0.397209,0.227933,0.494369,0.424047,0.364112,0.220606,0.261586,0.392753,0.458680,0.399097,0.431083,0.363419,0.315720,0.411448,0.353028,0.373106,0.235568,0.465373,0.313179,0.422292,0.281385,0.287186,0.350723,0.296159,0.359429,0.382762,0.433766,0.391056,0.383390,0.329396,0.338662,0.333916,0.311399,0.319193,0.390273,0.334202,0.304941,0.356338,0.365929,#
14,0.433395,0.386193,0.380246,0.212039,0.271584,0.312518,0.260588,0.270154,0.367163,0.332249,0.380949,0.238137,0.313725,0.369219,1.000000,0.437976,0.328519,0.307796,0.413734,0.371572,0.315748,0.360747,0.354980,0.374747,0.350761,0.250117,0.385765,0.321326,0.375562,0.316370,0.253131,0.232930,0.302610,0.238941,0.287195,0.368342,0.398768,0.411369,0.411371,0.405322,0.410986,0.343851,0.413304,0.303411,0.312667,0.367326,0.436006,0.348633,0.366253,0.234251,0.440696,0.321857,0.298888,0.323551,0.397564,0.358359,0.349419,0.301069,0.270888,0.373562,0.358498,0.408763,0.285540,0.367453,0.370392,0.308282,0.311018,0.381808,0.396577,0.345833,0.261274,0.333710,0.230279,0.451962,0.235678,0.290058,0.292838,0.408442,0.379938,0.288556,0.364667,0.194740,0.433042,0.421907,0.295318,0.403863,0.215608,0.280092,0.378547,0.394023,0.389372,0.368209,0.344274,0.330958,0.335075,0.272348,0.402954,0.301349,0.415050,0.257643,0.298667,0.303418,0.392222,0.294165,0.239859,0.350071,0.399357,0.397303,0.309475,0.359371,0.224046,0.315637,0.354578,0.259632,0.316633,0.381233,0.299234,0.353836,0.342878,0.362456,0.401072,0.312877,0.262559,0.357430,0.308526,0.295865,0.307516,0.337792,0.239850,0.311585,0.191824,0.418925,0.332338,0.197467,0.325548,0.274673,0.350685,0.345735,0.328899,0.317628,0.402339,0.348423,0.366189,0.237312,0.327268,0.335723,0.328897,0.211024,0.282479,0.267030,0.357252,0.284600,0.205955,0.343936,0.252797,0.243212,0.310698,0.281389,0.331484,0.258530,0.298628,0.375039,0.254043,0.285208,0.351982,0.246068,0.341686,0.305288,0.275410,0.403764,0.396646,0.344397,0.334437,0.399635,0.459925,0.229311,0.439070,0.338381,0.382353,0.396856,0.376372,0.418079,0.278372,0.349914,0.335284,0.395131,0.367931,0.327928,0.246379,0.222102,0.308622,0.365389,0.320723,0.410203,0.312529,0.215629,0.201175,0.311716,0.390761,0.404571,#
15,0.366793,0.368334,0.410685,0.238301,0.335841,0.335753,0.333404,0.332311,0.294246,0.355266,0.399293,0.417895,0.336003,0.390398,0.437976,1.000000,0.401837,0.467919,0.444439,0.359272,0.364799,0.418888,0.367506,0.418198,0.506758,0.351530,0.413629,0.378662,0.357850,0.287221,0.394033,0.382419,0.319326,0.406081,0.324865,0.269412,0.350649,0.380872,0.428706,0.389939,0.483048,0.340420,0.384192,0.311026,0.439038,0.366351,0.376374,0.448268,0.332339,0.290813,0.421913,0.324817,0.416803,0.346184,0.363123,0.330385,0.400580,0.422082,0.350971,0.444216,0.304202,0.284350,0.296335,0.367852,0.337531,0.314955,0.443936,0.443794,0.414104,0.354636,0.262840,0.360844,0.366856,0.349036,0.402362,0.389324,0.303999,0.459030,0.418799,0.343457,0.543535,0.294895,0.399059,0.414342,0.344047,0.419907,0.384420,0.257368,0.448806,0.420611,0.312082,0.269064,0.391688,0.477095,0.306388,0.313872,0.419136,0.333739,0.458649,0.311558,0.404850,0.290590,0.452234,0.348106,0.341898,0.354573,0.384335,0.335790,0.348826,0.478489,0.299049,0.391019,0.365073,0.322202,0.304391,0.484617,0.438735,0.322524,0.323705,0.408018,0.407875,0.373351,0.255105,0.397807,0.372322,0.266620,0.383568,0.392582,0.341364,0.251006,0.241128,0.494566,0.329862,0.332570,0.437423,0.383486,0.401732,0.321019,0.378075,0.279065,0.354915,0.372693,0.483275,0.271991,0.418420,0.402895,0.442210,0.334210,0.387409,0.361314,0.431949,0.381478,0.305698,0.521630,0.248022,0.462717,0.284956,0.312770,0.334177,0.365139,0.319512,0.376777,0.297454,0.351354,0.343965,0.384642,0.300095,0.356191,0.352057,0.445739,0.408408,0.290174,0.435061,0.283965,0.470109,0.231834,0.480888,0.271400,0.269995,0.389332,0.326115,0.381631,0.272534,0.272488,0.397695,0.419431,0.295194,0.360889,0.312509,0.267128,0.197702,0.486035,0.296737,0.392889,0.326542,0.353857,0.318345,0.315955,0.289161,0.363180,#
16,0.379197,0.328100,0.363998,0.259422,0.251714,0.314927,0.374248,0.318534,0.301016,0.304024,0.394144,0.371785,0.373496,0.373291,0.328519,0.401837,1.000000,0.365324,0.328031,0.340466,0.547925,0.382969,0.482941,0.274071,0.333160,0.360168,0.395142,0.273891,0.329492,0.296008,0.329138,0.453859,0.244934,0.377951,0.267119,0.290374,0.385823,0.333366,0.348620,0.360950,0.234502,0.306872,0.354099,0.297280,0.312028,0.368705,0.377612,0.361564,0.384498,0.257892,0.274748,0.358859,0.448844,0.318201,0.347260,0.352516,0.268079,0.312301,0.283201,0.251173,0.268495,0.386148,0.342510,0.443321,0.440576,0.310004,0.357098,0.502918,0.318157,0.408067,0.234723,0.343105,0.334671,0.307161,0.389780,0.486062,0.327175,0.397622,0.461525,0.317312,0.287511,0.285977,0.337896,0.315074,0.344601,0.475056,0.429853,0.349996,0.381739,0.276397,0.308684,0.329000,0.316235,0.300795,0.288134,0.337790,0.352476,0.276372,0.434295,0.309164,0.338376,0.282696,0.232938,0.286032,0.303546,0.387727,0.298100,0.275534,0.316439,0.362330,0.333092,0.331716,0.355406,0.302348,0.364806,0.493335,0.431309,0.321650,0.253523,0.381842,0.283660,0.342091,0.328557,0.313022,0.382112,0.282540,0.327272,0.300876,0.307884,0.360937,0.204004,0.378127,0.393431,0.216982,0.456093,0.331154,0.221687,0.355946,0.371271,0.393562,0.245893,0.326947,0.268289,0.310754,0.382847,0.331216,0.236568,0.308600,0.298692,0.197545,0.336320,0.391120,0.284295,0.285929,0.323426,0.329302,0.262522,0.213314,0.334498,0.293309,0.308702,0.394960,0.361128,0.409309,0.340301,0.230797,0.284633,0.328559,0.290335,0.338877,0.343356,0.214046,0.356650,0.262077,0.413428,0.330459,0.375419,0.242538,0.309335,0.331202,0.381488,0.353209,0.274592,0.176847,0.281084,0.331805,0.389563,0.333836,0.313769,0.266825,0.336752,0.235317,0.247519,0.339474,0.364013,0.341734,0.286683,0.342595,0.234031,0.387680,#
17,0.450771,0.324254,0.336990,0.351809,0.325997,0.347382,0.345290,0.403789,0.307461,0.240834,0.354557,0.439482,0.306369,0.278172,0.307796,0.467919,0.365324,1.000000,0.355705,0.400475,0.388777,0.386365,0.428972,0.453783,0.448765,0.364594,0.312694,0.335588,0.428289,0.360825,0.373697,0.468245,0.523079,0.402114,0.224398,0.267684,0.334368,0.518760,0.360733,0.300305,0.358990,0.298624,0.324070,0.419164,0.311402,0.371200,0.436230,0.370239,0.439548,0.377945,0.424710,0.285267,0.268282,0.403203,0.405670,0.381759,0.373202,0.479827,0.322237,0.406014,0.325966,0.395750,0.335078,0.380848,0.333699,0.385349,0.371121,0.482985,0.397597,0.412923,0.414499,0.385717,0.420788,0.408385,0.388412,0.411314,0.302950,0.425346,0.338136,0.378960,0.443269,0.402412,0.540822,0.450987,0.381682,0.353429,0.377828,0.378438,0.521800,0.473798,0.383641,0.299725,0.361341,0.371381,0.281205,0.286418,0.362207,0.462288,0.398858,0.338113,0.380781,0.309482,0.371247,0.333420,0.303061,0.437287,0.368689,0.531715,0.281173,0.361324,0.341106,0.333529,0.309001,0.386757,0.244877,0.456275,0.403500,0.329243,0.332715,0.463886,0.336107,0.330177,0.340868,0.356268,0.450552,0.433066,0.321186,0.401102,0.217516,0.254792,0.268120,0.454077,0.413184,0.469254,0.417592,0.368947,0.387146,0.322268,0.409908,0.426541,0.367421,0.365794,0.359055,0.296352,0.432021,0.338048,0.309755,0.253714,0.360325,0.228858,0.452903,0.303554,0.311338,0.449505,0.316852,0.354468,0.326219,0.295587,0.441985,0.403669,0.438482,0.360478,0.325851,0.355173,0.378107,0.403761,0.252356,0.410873,0.345982,0.382446,0.486464,0.319855,0.369588,0.361618,0.422412,0.201687,0.454936,0.355781,0.277692,0.413284,0.392034,0.496831,0.303754,0.157926,0.311020,0.376384,0.379210,0.486963,0.422092,0.340038,0.305991,0.444031,0.235046,0.288695,0.450554,0.380632,0.443920,0.261806,0.279811,0.385488,#
18,0.386761,0.440915,0.401140,0.296683,0.400664,0.341212,0.386179,0.378122,0.265036,0.226660,0.468722,0.417321,0.405993,0.364878,0.413734,0.444439,0.328031,0.355705,1.000000,0.371777,0.352062,0.356874,0.248639,0.416300,0.478426,0.409661,0.472512,0.422635,0.422807,0.301172,0.420571,0.384630,0.444774,0.264886,0.350108,0.373486,0.491522,0.381990,0.352082,0.402558,0.398873,0.355857,0.410766,0.302291,0.318557,0.346365,0.387856,0.404171,0.315795,0.303476,0.446688,0.246828,0.445266,0.496839,0.344610,0.318467,0.397724,0.439834,0.273062,0.343159,0.304042,0.328830,0.343668,0.464766,0.303099,0.433101,0.440860,0.445895,0.341337,0.246522,0.267880,0.298680,0.332014,0.389642,0.311923,0.266547,0.308583,0.436595,0.447758,0.419934,0.495247,0.347332,0.427390,0.475676,0.395135,0.327550,0.399573,0.338451,0.488589,0.348463,0.374714,0.335882,0.391975,0.418381,0.305659,0.288694,0.460082,0.320328,0.315768,0.371292,0.342913,0.397794,0.458236,0.416622,0.374762,0.341030,0.357282,0.392345,0.338156,0.425732,0.413257,0.411975,0.292766,0.427163,0.314083,0.359646,0.349049,0.328877,0.358427,0.361123,0.320073,0.463431,0.336409,0.326976,0.427758,0.371845,0.345656,0.336878,0.354213,0.340816,0.375058,0.452271,0.317870,0.272390,0.493371,0.233560,0.225529,0.433094,0.366805,0.392070,0.449917,0.263300,0.297101,0.269379,0.384123,0.321595,0.308272,0.215124,0.278672,0.294114,0.399623,0.428299,0.372554,0.312856,0.291946,0.456382,0.434821,0.352178,0.313891,0.434236,0.374499,0.377227,0.308124,0.366940,0.352601,0.351118,0.405326,0.380489,0.354546,0.428638,0.326203,0.325755,0.395246,0.248692,0.400542,0.247026,0.348532,0.385247,0.475687,0.362545,0.347848,0.396895,0.379881,0.250489,0.496814,0.371543,0.406457,0.489357,0.339869,0.352609,0.361120,0.412504,0.361827,0.334345,0.362979,0.309653,0.348875,0.393058,0.436288,0.420041,#
19,0.315635,0.345843,0.368990,0.311567,0.427793,0.207950,0.415835,0.402538,0.389524,0.383722,0.393386,0.268596,0.404903,0.360162,0.371572,0.359272,0.340466,0.400475,0.371777,1.000000,0.334064,0.436111,0.388219,0.415670,0.390907,0.416663,0.373850,0.357864,0.380144,0.435198,0.321343,0.396065,0.337492,0.350666,0.288483,0.330687,0.233884,0.405842,0.461255,0.363771,0.342859,0.286680,0.337786,0.310168,0.375726,0.424610,0.409719,0.495891,0.370012,0.339295,0.392561,0.339572,0.259140,0.491548,0.395401,0.386519,0.362243,0.424508,0.301537,0.400783,0.317037,0.295557,0.333212,0.375034,0.391212,0.359379,0.272034,0.394621,0.408043,0.385466,0.368345,0.351365,0.416463,0.271506,0.390137,0.368710,0.353337,0.455301,0.398144,0.322800,0.417741,0.349910,0.458981,0.318906,0.452010,0.371513,0.395652,0.345851,0.454023,0.407204,0.329396,0.410968,0.352414,0.351372,0.314855,0.366430,0.394413,0.453869,0.346376,0.246846,0.353899,0.289276,0.378245,0.329271,0.403854,0.384986,0.440502,0.490350,0.287885,0.370014,0.384749,0.328098,0.327270,0.425596,0.354766,0.373027,0.430671,0.455175,0.405490,0.363397,0.427013,0.439047,0.356995,0.374144,0.481472,0.454752,0.313347,0.436049,0.174562,0.302923,0.263879,0.337033,0.451423,0.375386,0.414988,0.337302,0.396541,0.386760,0.397621,0.406736,0.392663,0.300918,0.338769,0.201736,0.417647,0.352855,0.300691,0.423610,0.456477,0.226496,0.324042,0.398843,0.333558,0.440746,0.283244,0.325567,0.377156,0.313228,0.316297,0.209519,0.400099,0.403232,0.408112,0.357177,0.285056,0.339456,0.303106,0.330273,0.375905,0.395450,0.488284,0.362361,0.361951,0.293395,0.436513,0.228090,0.363318,0.334035,0.220964,0.416138,0.333368,0.445007,0.233535,0.306672,0.384856,0.360972,0.398268,0.473046,0.349703,0.280963,0.425304,0.327557,0.354092,0.458673,0.375516,0.389323,0.454149,0.367847,0.415352,0.430048,#
20,0.425462,0.343222,0.388746,0.327197,0.323283,0.341254,0.378614,0.415845,0.336340,0.261997,0.369744,0.404569,0.401764,0.321131,0.315748,0.364799,0.547925,0.388777,0.352062,0.334064,1.000000,0.436471,0.431459,0.337454,0.463703,0.331199,0.372928,0.438075,0.315859,0.370764,0.334114,0.354129,0.292259,0.339155,0.377472,0.285760,0.327963,0.384479,0.290034,0.394065,0.316441,0.462919,0.395720,0.355193,0.366325,0.443393,0.346577,0.442101,0.429453,0.297322,0.351585,0.420085,0.484590,0.361660,0.328809,0.339254,0.399975,0.360449,0.293118,0.395360,0.404306,0.257111,0.432295,0.465770,0.502788,0.273887,0.386817,0.377648,0.391028,0.422175,0.332220,0.322005,0.477651,0.375529,0.363221,0.415059,0.415972,0.396588,0.316495,0.425555,0.298053,0.270044,0.451633,0.379389,0.315284,0.461341,0.400309,0.386635,0.422506,0.415859,0.367710,0.421143,0.396252,0.407186,0.275818,0.330763,0.409754,0.377969,0.358756,0.228821,0.272435,0.339247,0.334203,0.352091,0.273374,0.379840,0.373853,0.353832,0.291447,0.474302,0.389817,0.243039,0.379322,0.422492,0.320073,0.463014,0.471667,0.266948,0.267365,0.361312,0.325169,0.370586,0.346560,0.320674,0.412324,0.361940,0.427528,0.447843,0.271010,0.408604,0.250137,0.442329,0.359771,0.277266,0.448930,0.355102,0.352432,0.420903,0.422917,0.397059,0.336006,0.386065,0.228318,0.315470,0.433734,0.274880,0.271877,0.356720,0.349651,0.359639,0.377190,0.462491,0.284095,0.292204,0.349088,0.350219,0.278475,0.194662,0.356547,0.347004,0.385267,0.423217,0.366978,0.315661,0.400555,0.316799,0.228411,0.365799,0.339585,0.368513,0.439723,0.261871,0.317619,0.330644,0.388229,0.363808,0.304906,0.222734,0.417060,0.455732,0.421798,0.408787,0.298006,0.347158,0.404461,0.295681,0.303654,0.405461,0.386676,0.355950,0.412634,0.361331,0.427179,0.383298,0.399380,0.415924,0.337235,0.321611,0.352284,0.303013,#
21,0.491105,0.480421,0.453287,0.341558,0.396348,0.379943,0.372512,0.388734,0.301593,0.344169,0.424764,0.435417,0.269522,0.369048,0.360747,0.418888,0.382969,0.386365,0.356874,0.436111,0.436471,1.000000,0.361389,0.474496,0.479819,0.341252,0.445225,0.446506,0.397062,0.377367,0.398609,0.427545,0.344543,0.471917,0.355717,0.345432,0.427427,0.482079,0.425236,0.354262,0.387455,0.448532,0.339327,0.336774,0.410682,0.375507,0.490793,0.460019,0.404020,0.397785,0.455225,0.311696,0.431298,0.434818,0.392091,0.335838,0.449429,0.406677,0.376051,0.426633,0.306614,0.317831,0.409787,0.409977,0.493127,0.359321,0.370377,0.423881,0.434289,0.497570,0.509963,0.329573,0.472920,0.378365,0.415390,0.394879,0.396045,0.364619,0.406520,0.389488,0.494020,0.366556,0.395693,0.352199,0.420831,0.392646,0.381506,0.368912,0.463000,0.493969,0.317404,0.375987,0.405130,0.343425,0.417113,0.422779,0.379400,0.404350,0.413050,0.381580,0.448533,0.312963,0.339316,0.398566,0.376931,0.485333,0.388891,0.441716,0.357003,0.408373,0.343578,0.312869,0.446930,0.438477,0.269972,0.463801,0.523962,0.283727,0.442868,0.490689,0.397080,0.452429,0.219110,0.490052,0.395238,0.439589,0.432124,0.439340,0.301322,0.326855,0.390808,0.369664,0.419235,0.398508,0.419009,0.330790,0.394729,0.357636,0.428512,0.449473,0.325272,0.406992,0.377722,0.266485,0.415195,0.408008,0.337797,0.405269,0.382427,0.321851,0.384284,0.452836,0.372766,0.441506,0.376455,0.329577,0.291861,0.335287,0.350681,0.364049,0.485708,0.364315,0.332338,0.371100,0.423703,0.297062,0.224679,0.452448,0.317948,0.427196,0.466012,0.334378,0.433099,0.369138,0.392583,0.320062,0.465970,0.349699,0.410430,0.419126,0.373619,0.464018,0.259394,0.343550,0.389621,0.417225,0.402565,0.435167,0.480593,0.302225,0.424367,0.454911,0.399028,0.323542,0.469680,0.429158,0.369811,0.379960,0.353659,0.455361,#
