0,1.000000,0.609338,0.634529,0.642653,0.616395,0.661063,0.663816,0.631732,0.639732,0.616325,0.673677,0.634914,0.625668,0.639443,0.622653,0.707411,0.716046,0.705108,0.692169,0.654506,0.671558,0.591129,0.676986,0.718297,0.597168,0.639627,0.632465,0.622964,0.610280,0.667798,0.611270,0.687502,0.643669,0.665366,0.681577,0.637725,0.622683,0.673417,0.674420,0.654535,0.677472,0.640710,0.689788,0.590336,0.702337,0.634479,0.618990,0.684441,0.657278,0.687179,0.652737,0.667269,0.648232,0.653525,0.682697,0.686734,0.678689,0.696876,0.657171,0.643858,0.682012,0.653364,0.708664,0.673605,0.671987,0.596429,0.657822,0.630529,0.629400,0.629252,0.636794,0.631963,0.682904,0.704443,0.616257,0.595290,0.704375,0.635315,0.689184,0.646648,0.637857,0.633872,0.655150,0.656680,0.680024,0.673140,0.724441,0.688801,0.650422,0.682767,0.633999,0.631784,0.665770,0.644432,0.643079,0.674676,0.651789,0.584475,0.644999,0.683745,0.671535,0.636457,0.654620,0.680879,0.635170,0.707523,0.642719,0.671404,0.677622,0.547307,0.621527,0.656130,0.634663,0.670045,0.677621,0.694116,0.638632,0.628986,0.633102,0.655947,0.575528,0.682273,0.696069,0.712490,0.719107,0.656253,0.650159,0.613726,0.605608,0.660886,0.655005,0.637703,0.599512,0.612817,0.655789,0.677425,0.650021,0.676175,0.593950,0.694536,0.668447,0.605433,0.565247,0.663692,0.606301,0.554279,0.646792,0.596425,0.683254,0.621366,0.606340,0.678021,0.656572,0.575961,0.663422,0.667508,0.708090,0.671490,0.681686,0.602944,0.671037,0.676673,0.664431,0.616093,0.643364,0.672680,0.628717,0.632989,0.691830,0.646354,0.627798,0.647933,0.683836,0.668590,0.636811,0.688676,0.688767,0.697121,0.618020,0.570571,0.662045,0.650874,0.623896,0.643035,0.635396,0.611597,0.609450,0.690933,0.654838,0.603841,0.567845,0.685630,0.610183,0.657175,0.649687,0.653018,0.623217,0.699347,0.671216,0.631155,#
1,0.609338,1.000000,0.625194,0.628217,0.592829,0.621977,0.604858,0.642577,0.706698,0.609641,0.641454,0.618948,0.588266,0.590961,0.574822,0.615171,0.633446,0.612491,0.599243,0.608077,0.631830,0.684894,0.601709,0.564448,0.623763,0.559576,0.605802,0.678414,0.531962,0.601868,0.636846,0.618640,0.572373,0.631501,0.535934,0.642447,0.600226,0.644054,0.659141,0.581161,0.613528,0.553632,0.639128,0.576286,0.639005,0.607110,0.655237,0.603729,0.647145,0.558461,0.592746,0.635886,0.663107,0.612298,0.643206,0.609956,0.616255,0.588864,0.571202,0.535027,0.627641,0.602792,0.600413,0.599287,0.615119,0.636110,0.619741,0.623723,0.623974,0.649156,0.599791,0.647899,0.697901,0.576998,0.613152,0.591236,0.579850,0.563601,0.674254,0.587205,0.630248,0.619029,0.595331,0.606629,0.675639,0.591763,0.661129,0.672574,0.639272,0.589306,0.577244,0.592470,0.603084,0.634289,0.640080,0.600710,0.591110,0.584211,0.607830,0.606924,0.660424,0.564551,0.591706,0.603107,0.566452,0.668229,0.596135,0.647574,0.642941,0.576789,0.601900,0.589953,0.571144,0.631191,0.590594,0.645063,0.623406,0.603266,0.563472,0.576641,0.554281,0.612056,0.585591,0.628788,0.629636,0.571631,0.605394,0.601135,0.618220,0.654721,0.543026,0.680583,0.562700,0.595748,0.665815,0.606052,0.654397,0.643540,0.616593,0.655931,0.679500,0.611958,0.629900,0.671701,0.636862,0.547571,0.577770,0.572476,0.650888,0.552128,0.640545,0.662748,0.586553,0.494105,0.674315,0.614105,0.609087,0.616779,0.522361,0.525943,0.583423,0.650799,0.655006,0.658621,0.632385,0.544685,0.600655,0.524004,0.576216,0.599508,0.638062,0.632415,0.628154,0.578840,0.596250,0.651869,0.622565,0.683517,0.548073,0.563423,0.618940,0.576647,0.575216,0.631169,0.619519,0.657777,0.591592,0.508166,0.662335,0.637629,0.617382,0.629644,0.564265,0.601170,0.633292,0.530135,0.544708,0.677457,0.550571,0.636308,#
2,0.634529,0.625194,1.000000,0.628735,0.622659,0.642550,0.653907,0.633928,0.669303,0.608613,0.670908,0.628461,0.581336,0.658742,0.565633,0.649140,0.590399,0.642399,0.620910,0.629179,0.645009,0.629552,0.549614,0.653208,0.606283,0.628091,0.675483,0.673414,0.617368,0.637580,0.635465,0.630399,0.627155,0.595856,0.590428,0.619191,0.631895,0.636712,0.673309,0.547969,0.615694,0.613621,0.673556,0.573121,0.638308,0.625823,0.661296,0.587741,0.597657,0.630048,0.635432,0.691319,0.654943,0.612979,0.664472,0.636615,0.650411,0.599131,0.645360,0.619104,0.726592,0.622239,0.609656,0.679058,0.664194,0.633772,0.594693,0.616334,0.620352,0.631130,0.603674,0.647089,0.629808,0.632745,0.665044,0.617057,0.602216,0.580454,0.645369,0.639132,0.663395,0.617220,0.653097,0.562151,0.686720,0.642978,0.628650,0.702407,0.599463,0.586552,0.609162,0.642356,0.685373,0.688530,0.644849,0.668636,0.623749,0.581464,0.697015,0.618421,0.624966,0.614100,0.613160,0.633913,0.532192,0.687471,0.652338,0.650721,0.641017,0.560939,0.658988,0.606228,0.664969,0.628113,0.607129,0.631063,0.620885,0.633801,0.559370,0.627738,0.572119,0.586419,0.588837,0.690690,0.658494,0.560669,0.649285,0.642580,0.625186,0.654206,0.605958,0.674508,0.645638,0.686711,0.676136,0.622440,0.656545,0.660053,0.677164,0.642365,0.614808,0.644024,0.548770,0.565667,0.639963,0.596567,0.532781,0.593336,0.615791,0.591353,0.652387,0.649567,0.671223,0.622521,0.622541,0.618048,0.648150,0.534570,0.621813,0.568471,0.547415,0.610233,0.646150,0.642815,0.578685,0.641954,0.639340,0.520446,0.614840,0.621092,0.611291,0.673940,0.670015,0.573775,0.642638,0.622758,0.615751,0.678712,0.537750,0.535739,0.614843,0.666665,0.501252,0.695364,0.590096,0.659067,0.587804,0.575313,0.650432,0.605176,0.592799,0.643697,0.714822,0.638463,0.626956,0.601080,0.543540,0.650875,0.624691,0.647268,#
3,0.642653,0.628217,0.628735,1.000000,0.656567,0.637311,0.640506,0.634510,0.733667,0.661644,0.676407,0.629701,0.587748,0.645468,0.622058,0.659211,0.663336,0.690096,0.698014,0.660971,0.668166,0.646542,0.640850,0.658163,0.655206,0.647660,0.667237,0.669860,0.639686,0.669733,0.661906,0.679056,0.703202,0.662027,0.583447,0.659671,0.620417,0.707120,0.664634,0.657493,0.643637,0.662727,0.690683,0.678426,0.639958,0.690533,0.628183,0.639324,0.625689,0.592098,0.650403,0.649641,0.688601,0.573226,0.617937,0.688200,0.632954,0.629145,0.646875,0.658593,0.662731,0.612862,0.617830,0.669189,0.750949,0.618156,0.580421,0.590291,0.551191,0.656179,0.595295,0.662229,0.688219,0.614138,0.613339,0.612241,0.615201,0.614678,0.635985,0.612064,0.697633,0.622183,0.687383,0.591839,0.700655,0.663789,0.682732,0.639816,0.652471,0.641975,0.667451,0.652904,0.649876,0.670394,0.661859,0.650194,0.614158,0.548594,0.682820,0.597140,0.642241,0.613916,0.635815,0.597654,0.696736,0.635044,0.642934,0.662985,0.620640,0.589555,0.639908,0.574754,0.612099,0.664168,0.628770,0.677826,0.585112,0.653954,0.588849,0.608075,0.589160,0.662127,0.630444,0.653867,0.635541,0.652185,0.650485,0.691674,0.586859,0.632638,0.658907,0.686400,0.616476,0.657077,0.664389,0.691655,0.657752,0.653427,0.627658,0.645669,0.597984,0.701880,0.653262,0.573353,0.632683,0.645589,0.641174,0.704311,0.648594,0.651160,0.624176,0.650031,0.610961,0.631137,0.692938,0.586222,0.638289,0.601451,0.687841,0.583341,0.630514,0.633746,0.648248,0.653141,0.611324,0.618940,0.656516,0.567725,0.644960,0.594323,0.659725,0.644507,0.657672,0.605039,0.627706,0.663460,0.673780,0.683017,0.567733,0.608816,0.593290,0.700905,0.607714,0.613718,0.581481,0.653162,0.612479,0.586798,0.667532,0.695495,0.654519,0.639760,0.644963,0.601661,0.658823,0.627864,0.634306,0.649815,0.602149,0.596943,#
4,0.616395,0.592829,0.622659,0.656567,1.000000,0.694167,0.624551,0.637036,0.656261,0.638204,0.574039,0.641390,0.602253,0.649016,0.591051,0.642186,0.664911,0.693637,0.654340,0.711618,0.725082,0.608595,0.599036,0.661235,0.606775,0.643289,0.634115,0.604964,0.623766,0.617837,0.666510,0.648233,0.659353,0.598914,0.583333,0.633860,0.683462,0.656159,0.626388,0.633328,0.652379,0.618776,0.615985,0.608254,0.646663,0.698117,0.655873,0.646884,0.657232,0.598613,0.618953,0.623154,0.674845,0.612041,0.691221,0.687481,0.607490,0.636105,0.674057,0.616526,0.624636,0.640232,0.617907,0.616351,0.658923,0.615091,0.596241,0.614014,0.578765,0.637481,0.629419,0.683737,0.653697,0.652710,0.606174,0.531053,0.592583,0.627685,0.657555,0.669125,0.641440,0.631341,0.637556,0.563445,0.697577,0.619634,0.631283,0.623397,0.620172,0.628362,0.662042,0.578534,0.648373,0.647120,0.647695,0.656991,0.614332,0.557665,0.568684,0.605712,0.646115,0.617474,0.665936,0.625124,0.597119,0.685922,0.618646,0.643975,0.677783,0.618464,0.611279,0.636636,0.626055,0.712479,0.621125,0.606342,0.660858,0.655218,0.560180,0.582078,0.555562,0.630264,0.657115,0.628552,0.656818,0.605261,0.630222,0.646119,0.684770,0.650125,0.667038,0.634358,0.615859,0.677932,0.712984,0.651379,0.640607,0.632064,0.640066,0.608283,0.612506,0.619450,0.661449,0.591049,0.624076,0.604825,0.631426,0.651692,0.613454,0.624954,0.639853,0.716125,0.608872,0.625157,0.729558,0.626504,0.709723,0.583736,0.593290,0.584059,0.617723,0.596350,0.675739,0.547316,0.561794,0.590863,0.576744,0.541705,0.630468,0.615611,0.593899,0.660044,0.723523,0.639050,0.663643,0.693234,0.686431,0.702094,0.586362,0.614370,0.622310,0.588288,0.625030,0.606717,0.668760,0.687408,0.535493,0.660468,0.653978,0.668173,0.537075,0.619552,0.590876,0.643403,0.622450,0.604277,0.612258,0.635022,0.666992,0.626427,#
5,0.661063,0.621977,0.642550,0.637311,0.694167,1.000000,0.600730,0.671669,0.674933,0.619211,0.665566,0.632107,0.589550,0.599107,0.615259,0.683314,0.657597,0.674235,0.585295,0.699990,0.646585,0.622359,0.629492,0.640870,0.644491,0.628484,0.704669,0.671789,0.623798,0.636452,0.707551,0.680684,0.680653,0.642964,0.589002,0.678001,0.646630,0.646066,0.637492,0.612800,0.704230,0.613717,0.628458,0.629321,0.680551,0.701628,0.674142,0.623497,0.701005,0.559172,0.663779,0.661496,0.641849,0.626621,0.627740,0.720999,0.640697,0.621442,0.748122,0.642919,0.646204,0.665025,0.670003,0.697592,0.701997,0.630223,0.600405,0.629817,0.624723,0.587294,0.643058,0.643766,0.708785,0.657704,0.599807,0.622938,0.669730,0.617214,0.656130,0.641466,0.698875,0.613809,0.679822,0.601155,0.644025,0.641472,0.683370,0.690963,0.662325,0.582753,0.576860,0.642976,0.706221,0.734585,0.645589,0.653717,0.628570,0.615834,0.685929,0.631481,0.644574,0.644626,0.651608,0.673291,0.605275,0.725110,0.656658,0.657937,0.638708,0.609203,0.615203,0.680192,0.605071,0.644708,0.598984,0.627206,0.660233,0.657079,0.532828,0.639911,0.552635,0.662076,0.629910,0.683377,0.612707,0.600625,0.654621,0.613364,0.645701,0.668317,0.702377,0.690352,0.672594,0.705041,0.687931,0.674972,0.684149,0.657044,0.607741,0.629731,0.632252,0.615168,0.647369,0.649270,0.675439,0.587233,0.599932,0.641576,0.670592,0.617580,0.675439,0.675581,0.643511,0.608179,0.668085,0.624545,0.694774,0.620180,0.641538,0.580574,0.650542,0.628964,0.676695,0.625451,0.633322,0.612841,0.558299,0.642054,0.666392,0.649225,0.713890,0.673808,0.687133,0.615176,0.646777,0.647501,0.652618,0.687238,0.617154,0.616796,0.680366,0.619881,0.651461,0.646660,0.645353,0.685919,0.648015,0.617071,0.628515,0.633838,0.563286,0.680471,0.624203,0.611205,0.602698,0.583442,0.585895,0.654018,0.646158,0.641913,#
6,0.663816,0.604858,0.653907,0.640506,0.624551,0.600730,1.000000,0.604962,0.650340,0.581233,0.630797,0.618701,0.614454,0.692255,0.539037,0.621028,0.662030,0.670425,0.648089,0.582216,0.708864,0.631665,0.541243,0.631217,0.625935,0.626347,0.627837,0.641866,0.587477,0.670325,0.633944,0.645696,0.618039,0.622130,0.594687,0.632815,0.584325,0.632133,0.599879,0.634255,0.634835,0.633062,0.654828,0.610216,0.702672,0.614979,0.637239,0.565887,0.689036,0.636989,0.639331,0.658450,0.678744,0.563565,0.630751,0.667707,0.619977,0.661178,0.684673,0.605543,0.681563,0.594097,0.622830,0.626124,0.714066,0.646503,0.652384,0.600538,0.623420,0.627237,0.604696,0.650692,0.642647,0.694500,0.621838,0.581121,0.629313,0.623151,0.670380,0.595367,0.634568,0.616336,0.640088,0.606068,0.615027,0.656277,0.645153,0.628432,0.622110,0.629206,0.595058,0.597400,0.599994,0.635614,0.630722,0.627381,0.665586,0.594875,0.627766,0.651866,0.643576,0.645697,0.671355,0.638871,0.566305,0.631306,0.692429,0.586759,0.652278,0.561444,0.577675,0.618919,0.570934,0.608232,0.622345,0.609120,0.680195,0.632945,0.577094,0.579531,0.615049,0.627384,0.599286,0.698164,0.683441,0.638999,0.606835,0.636631,0.529216,0.614724,0.622269,0.648946,0.609141,0.616328,0.653408,0.662226,0.656300,0.616631,0.682432,0.678402,0.645315,0.672172,0.567095,0.576216,0.576078,0.609663,0.612421,0.603930,0.624689,0.565620,0.684235,0.646548,0.602426,0.517884,0.650464,0.609133,0.630560,0.629357,0.648221,0.590200,0.596874,0.645256,0.633647,0.659730,0.635795,0.631527,0.646057,0.514573,0.624423,0.620015,0.642439,0.648477,0.618132,0.566243,0.641532,0.665933,0.629093,0.654209,0.614134,0.563575,0.634479,0.586593,0.646616,0.654209,0.595963,0.660649,0.552912,0.645797,0.592816,0.632432,0.558549,0.647591,0.603930,0.652749,0.624253,0.594218,0.626444,0.669643,0.645847,0.624588,#
7,0.631732,0.642577,0.633928,0.634510,0.637036,0.671669,0.604962,1.000000,0.739123,0.610089,0.671300,0.665696,0.621000,0.651657,0.660736,0.621610,0.680945,0.678059,0.646527,0.625199,0.653246,0.619942,0.686150,0.675505,0.675929,0.663696,0.638682,0.690910,0.616609,0.656374,0.597483,0.651624,0.639214,0.641944,0.568784,0.631505,0.659245,0.613555,0.674521,0.613756,0.661719,0.591399,0.645524,0.659301,0.678294,0.663780,0.654622,0.642985,0.614749,0.587265,0.707678,0.654861,0.654304,0.668248,0.642352,0.641405,0.633328,0.702592,0.638665,0.624577,0.610539,0.647602,0.671426,0.630944,0.691009,0.667626,0.658543,0.628555,0.648323,0.687304,0.637769,0.559232,0.726898,0.642393,0.614307,0.605722,0.614422,0.599037,0.660476,0.664126,0.676544,0.642378,0.665369,0.597744,0.671727,0.648211,0.713081,0.657781,0.621126,0.623318,0.618186,0.661347,0.642667,0.679401,0.680308,0.595093,0.637608,0.643111,0.638475,0.648252,0.661523,0.599151,0.631777,0.643078,0.608770,0.679419,0.629326,0.643377,0.615936,0.550724,0.682625,0.613808,0.646616,0.660909,0.682697,0.659997,0.624878,0.587273,0.538828,0.688567,0.603595,0.662058,0.609157,0.704787,0.712567,0.625241,0.651901,0.676305,0.592376,0.593851,0.628937,0.620057,0.668470,0.605455,0.722356,0.708361,0.616289,0.684827,0.609689,0.685093,0.639297,0.622766,0.646052,0.580042,0.640292,0.612944,0.638936,0.589789,0.656340,0.633197,0.644092,0.663617,0.656626,0.621751,0.664350,0.690605,0.665106,0.653751,0.647897,0.603535,0.643134,0.596316,0.722179,0.580811,0.587479,0.640552,0.659760,0.552930,0.624971,0.614212,0.696788,0.690055,0.666391,0.639097,0.652969,0.658094,0.638797,0.662222,0.545371,0.635723,0.662730,0.623403,0.612264,0.643976,0.584940,0.697110,0.578498,0.548323,0.632133,0.684127,0.636039,0.635775,0.612077,0.581124,0.636393,0.581307,0.595530,0.674898,0.652807,0.621396,#
8,0.639732,0.706698,0.669303,0.733667,0.656261,0.674933,0.650340,0.739123,1.000000,0.680851,0.654928,0.683586,0.652395,0.651601,0.661442,0.707340,0.640413,0.696926,0.648074,0.652703,0.644022,0.694001,0.683094,0.667742,0.594084,0.661345,0.637762,0.717903,0.617581,0.694373,0.621095,0.669867,0.626333,0.645047,0.588794,0.680798,0.655374,0.658894,0.647929,0.638954,0.652503,0.671615,0.708566,0.626983,0.701846,0.642836,0.614932,0.622837,0.682230,0.625860,0.682692,0.704218,0.651848,0.687034,0.661274,0.720433,0.641469,0.713672,0.650264,0.657418,0.694245,0.646411,0.685796,0.655070,0.701061,0.708220,0.655177,0.642514,0.690544,0.706695,0.632289,0.622682,0.715064,0.696432,0.654127,0.624946,0.648641,0.642596,0.659814,0.688084,0.681435,0.644052,0.656751,0.621410,0.698823,0.686387,0.652764,0.666509,0.608370,0.637977,0.638082,0.669712,0.695250,0.649535,0.736003,0.664925,0.660186,0.607335,0.697548,0.624632,0.676312,0.627486,0.689802,0.686670,0.636830,0.673481,0.687795,0.690338,0.619393,0.633656,0.655060,0.631884,0.645825,0.669938,0.695601,0.703235,0.646207,0.602598,0.612536,0.709901,0.619007,0.633220,0.663427,0.679419,0.669972,0.677147,0.667401,0.715405,0.608363,0.684554,0.623049,0.622226,0.667650,0.692774,0.746462,0.680926,0.637543,0.667202,0.609150,0.668184,0.664758,0.681493,0.703262,0.633113,0.627462,0.605141,0.664415,0.608710,0.692844,0.627430,0.672952,0.672607,0.652250,0.688199,0.702157,0.693700,0.695963,0.685466,0.659841,0.655736,0.629901,0.650718,0.702947,0.668077,0.659049,0.621258,0.643550,0.551086,0.667394,0.681483,0.691495,0.681486,0.681663,0.617740,0.706299,0.671297,0.628026,0.725200,0.593768,0.585140,0.663576,0.665953,0.591077,0.694858,0.642932,0.694634,0.609256,0.591978,0.667890,0.671318,0.636826,0.663560,0.686989,0.630364,0.660847,0.611055,0.650786,0.649938,0.660425,0.638561,#
9,0.616325,0.609641,0.608613,0.661644,0.638204,0.619211,0.581233,0.610089,0.680851,1.000000,0.647779,0.549777,0.609117,0.638120,0.649168,0.637637,0.619216,0.622225,0.640931,0.646736,0.692874,0.618510,0.632878,0.661557,0.584649,0.580336,0.638609,0.694958,0.580038,0.696393,0.620055,0.611227,0.605934,0.662939,0.636313,0.625060,0.603211,0.640763,0.635315,0.593680,0.675683,0.643864,0.658628,0.569657,0.656495,0.658755,0.602639,0.596017,0.592511,0.571908,0.606186,0.621698,0.603757,0.587941,0.576131,0.659328,0.590151,0.648696,0.645193,0.597590,0.649215,0.619031,0.661210,0.662952,0.657098,0.679597,0.590582,0.618858,0.626114,0.585329,0.644752,0.612389,0.646329,0.628665,0.618309,0.591179,0.536749,0.621856,0.658256,0.682918,0.635683,0.631802,0.581841,0.594611,0.679689,0.591603,0.610524,0.679372,0.578129,0.517114,0.600718,0.661077,0.675312,0.628610,0.681602,0.629885,0.615135,0.626295,0.650159,0.527174,0.619026,0.613938,0.674615,0.633785,0.651999,0.681046,0.631165,0.574123,0.648939,0.605739,0.655725,0.613877,0.674062,0.697478,0.570807,0.662228,0.538623,0.589898,0.567216,0.584853,0.580249,0.652155,0.613226,0.652906,0.619908,0.599711,0.599078,0.615606,0.649575,0.620227,0.594339,0.634646,0.620853,0.696217,0.664026,0.606789,0.605282,0.644331,0.579349,0.636677,0.582694,0.683412,0.651048,0.617382,0.579087,0.608513,0.620850,0.635029,0.616762,0.609914,0.581013,0.584358,0.641593,0.619206,0.675970,0.634388,0.628329,0.653017,0.633621,0.588040,0.620948,0.607334,0.640123,0.670256,0.626474,0.578368,0.589620,0.541974,0.682643,0.601034,0.661557,0.660543,0.632488,0.614909,0.634576,0.701169,0.613883,0.683471,0.600292,0.584567,0.606925,0.584716,0.626554,0.621726,0.601085,0.707007,0.550324,0.563743,0.704289,0.620872,0.594421,0.648402,0.607024,0.604378,0.600889,0.575570,0.574822,0.633267,0.601179,0.592498,#
10,0.673677,0.641454,0.670908,0.676407,0.574039,0.665566,0.630797,0.671300,0.654928,0.647779,1.000000,0.628152,0.585919,0.627537,0.576505,0.650047,0.650186,0.641535,0.660860,0.640325,0.645306,0.574277,0.616245,0.672892,0.598078,0.611710,0.618868,0.733704,0.591174,0.698669,0.626552,0.642618,0.649989,0.641529,0.653790,0.676100,0.623583,0.662748,0.668296,0.586476,0.693419,0.617452,0.625202,0.597959,0.677670,0.685474,0.675064,0.650694,0.675519,0.686662,0.616809,0.646562,0.662250,0.604006,0.622485,0.664598,0.641545,0.645421,0.633987,0.636908,0.680698,0.672764,0.681517,0.724628,0.722408,0.611042,0.651258,0.562244,0.617898,0.642897,0.613186,0.664066,0.701419,0.620816,0.581937,0.652993,0.624209,0.658859,0.654896,0.612535,0.743629,0.635497,0.638284,0.632437,0.685634,0.610892,0.689340,0.703471,0.624481,0.654378,0.600455,0.690572,0.685883,0.684715,0.645593,0.700189,0.613781,0.582913,0.714713,0.667099,0.626371,0.598745,0.670853,0.677204,0.698243,0.633422,0.614279,0.656337,0.633762,0.578909,0.628557,0.640782,0.633914,0.650393,0.635640,0.708193,0.606083,0.600035,0.591648,0.646731,0.601677,0.683207,0.568207,0.672780,0.593531,0.611731,0.695431,0.677679,0.627083,0.608687,0.606981,0.646862,0.603207,0.630933,0.688534,0.658060,0.624448,0.669564,0.616076,0.684278,0.708244,0.612365,0.593505,0.628986,0.607000,0.540819,0.563994,0.607155,0.678250,0.601193,0.648917,0.671845,0.671174,0.579807,0.659321,0.635058,0.701752,0.636717,0.658530,0.600038,0.696834,0.606959,0.665898,0.666669,0.633863,0.606522,0.690347,0.550121,0.666171,0.673804,0.683306,0.662098,0.603685,0.595897,0.653643,0.643625,0.665866,0.721201,0.538097,0.632236,0.645147,0.607286,0.663917,0.614598,0.602977,0.667217,0.556732,0.578567,0.624503,0.688566,0.653137,0.624150,0.641181,0.614256,0.657717,0.631872,0.584589,0.692734,0.658420,0.664319,#
11,0.634914,0.618948,0.628461,0.629701,0.641390,0.632107,0.618701,0.665696,0.683586,0.549777,0.628152,1.000000,0.633547,0.630337,0.559594,0.617324,0.651623,0.689020,0.646302,0.557206,0.630036,0.638907,0.573538,0.593493,0.613206,0.629182,0.552749,0.658850,0.596278,0.628645,0.621181,0.631890,0.634181,0.615291,0.547585,0.621805,0.670724,0.625078,0.594384,0.633638,0.618099,0.619631,0.666326,0.606662,0.640930,0.644931,0.649410,0.618044,0.624950,0.610060,0.618694,0.638624,0.627928,0.633198,0.624244,0.623480,0.537926,0.664098,0.611005,0.586123,0.598543,0.582954,0.666834,0.618743,0.667313,0.651390,0.633586,0.618827,0.651497,0.673486,0.615079,0.621894,0.669192,0.625786,0.590593,0.526988,0.641272,0.609870,0.627348,0.559843,0.651208,0.598446,0.638065,0.565064,0.659238,0.595628,0.593255,0.619910,0.594546,0.567159,0.581000,0.671664,0.652096,0.647758,0.658983,0.664244,0.609437,0.572593,0.654545,0.625189,0.604491,0.615346,0.615160,0.635150,0.610416,0.672852,0.605508,0.664332,0.656458,0.621260,0.678171,0.629121,0.643609,0.640335,0.543332,0.671938,0.590984,0.627743,0.530227,0.652677,0.509527,0.641750,0.620430,0.647778,0.647360,0.596304,0.604194,0.606105,0.632508,0.598491,0.635209,0.612224,0.648009,0.651520,0.669804,0.625163,0.606199,0.659820,0.588030,0.648508,0.644522,0.573262,0.603290,0.629999,0.667341,0.529891,0.637905,0.611290,0.602918,0.612019,0.615860,0.646690,0.623882,0.601758,0.666238,0.621358,0.681034,0.568391,0.652149,0.541299,0.593891,0.635965,0.654729,0.599045,0.633842,0.525526,0.652367,0.518128,0.622279,0.673089,0.623526,0.640035,0.646208,0.596348,0.623933,0.646015,0.604791,0.652745,0.527910,0.611147,0.635061,0.572311,0.615136,0.597994,0.601865,0.603051,0.548718,0.638622,0.629914,0.664840,0.602008,0.612355,0.673001,0.636748,0.641857,0.604381,0.597623,0.632454,0.616200,0.580807,#
12,0.625668,0.588266,0.581336,0.587748,0.602253,0.589550,0.614454,0.621000,0.652395,0.609117,0.585919,0.633547,1.000000,0.647379,0.657933,0.598797,0.663251,0.678194,0.670463,0.640282,0.643178,0.589073,0.632349,0.664332,0.565817,0.608399,0.594893,0.669848,0.621237,0.611332,0.570623,0.624540,0.631738,0.625209,0.605062,0.657010,0.631518,0.627132,0.632250,0.630767,0.568907,0.559584,0.623566,0.655526,0.653172,0.637289,0.648046,0.554971,0.630188,0.583565,0.686547,0.600782,0.601772,0.620823,0.685755,0.631225,0.570062,0.634788,0.567957,0.546935,0.598931,0.647099,0.581349,0.654611,0.710068,0.635920,0.592942,0.571205,0.644079,0.617701,0.608728,0.585292,0.674652,0.619296,0.656901,0.612955,0.633165,0.548964,0.630141,0.627780,0.655334,0.593090,0.602390,0.611663,0.594109,0.630422,0.613782,0.654323,0.643946,0.564089,0.608963,0.607087,0.628627,0.579930,0.625852,0.663700,0.703977,0.604683,0.602894,0.557131,0.588488,0.630869,0.662778,0.650935,0.587578,0.615757,0.597625,0.569790,0.630368,0.590783,0.637763,0.584118,0.609326,0.610636,0.673970,0.612966,0.602879,0.547896,0.605563,0.595978,0.583063,0.642236,0.628188,0.682270,0.663967,0.581575,0.612428,0.556443,0.560821,0.598428,0.591904,0.591093,0.554648,0.618613,0.623561,0.599192,0.609774,0.650572,0.625067,0.606857,0.675768,0.660125,0.596531,0.613460,0.584180,0.580772,0.618815,0.585518,0.617834,0.668678,0.596102,0.661596,0.631673,0.536956,0.610647,0.715742,0.658093,0.610467,0.640018,0.572399,0.598621,0.661791,0.659780,0.598695,0.679477,0.515501,0.630998,0.609594,0.578692,0.594445,0.652215,0.654561,0.631666,0.613000,0.627009,0.602396,0.684415,0.703805,0.557162,0.502405,0.608602,0.620468,0.621438,0.605528,0.548542,0.630015,0.572720,0.671040,0.612332,0.576099,0.576642,0.594276,0.617222,0.623448,0.573801,0.623996,0.593915,0.656516,0.664994,0.498294,#
13,0.639443,0.590961,0.658742,0.645468,0.649016,0.599107,0.692255,0.651657,0.651601,0.638120,0.627537,0.630337,0.647379,1.000000,0.626533,0.634179,0.666057,0.700852,0.683225,0.661702,0.713634,0.635091,0.649284,0.663971,0.612903,0.653503,0.631296,0.713943,0.646358,0.688224,0.594701,0.665779,0.684596,0.679620,0.577141,0.626504,0.661704,0.697407,0.652799,0.657179,0.702937,0.650696,0.667939,0.629816,0.743011,0.696456,0.649929,0.647404,0.695861,0.622460,0.668745,0.702961,0.645428,0.653554,0.665221,0.698742,0.630389,0.689778,0.658648,0.637941,0.704449,0.675501,0.657541,0.708705,0.712148,0.658531,0.664412,0.625128,0.674785,0.639349,0.600811,0.663572,0.627994,0.689257,0.695396,0.640030,0.656984,0.632487,0.720280,0.689093,0.680052,0.666063,0.689055,0.665767,0.653953,0.660502,0.627920,0.646079,0.697346,0.630949,0.621320,0.659125,0.670029,0.707168,0.690847,0.616749,0.655493,0.596203,0.640573,0.702017,0.656269,0.665735,0.679528,0.749375,0.627282,0.725510,0.660218,0.682518,0.686283,0.614134,0.666189,0.654614,0.691844,0.692105,0.680785,0.697618,0.635689,0.691754,0.618953,0.685777,0.641881,0.663180,0.627653,0.662508,0.692015,0.595521,0.652777,0.604246,0.632164,0.634731,0.608424,0.661500,0.615990,0.649774,0.722177,0.652561,0.648537,0.677466,0.693062,0.669510,0.604920,0.698399,0.711598,0.658684,0.593925,0.642094,0.662986,0.634568,0.653869,0.637024,0.646710,0.694796,0.622211,0.661639,0.656581,0.674330,0.666614,0.643714,0.705187,0.627736,0.650929,0.693690,0.669258,0.674374,0.659182,0.631239,0.651973,0.578080,0.697519,0.621830,0.673525,0.711126,0.703894,0.640760,0.708257,0.689569,0.690816,0.759640,0.633289,0.580624,0.624193,0.671892,0.659658,0.652916,0.686002,0.709114,0.625596,0.654304,0.599566,0.652983,0.629301,0.660733,0.666680,0.696407,0.665129,0.595385,0.650910,0.666826,0.670186,0.608624,#
14,0.622653,0.574822,0.565633,0.622058,0.591051,0.615259,0.539037,0.660736,0.661442,0.649168,0.576505,0.559594,0.657933,0.626533,1.000000,0.643990,0.627587,0.601645,0.614107,0.650714,0.650317,0.568472,0.583703,0.676800,0.565484,0.528994,0.634809,0.649032,0.600098,0.634346,0.581012,0.658490,0.604194,0.596083,0.601028,0.593168,0.588771,0.624565,0.627686,0.568683,0.572315,0.571360,0.647750,0.576851,0.650337,0.659860,0.599991,0.540067,0.541546,0.572507,0.619039,0.567850,0.594053,0.664090,0.626005,0.623287,0.602466,0.597302,0.616229,0.554710,0.633549,0.662420,0.622362,0.625568,0.614905,0.538797,0.579279,0.598454,0.580409,0.645735,0.593246,0.568904,0.628254,0.583973,0.668508,0.582722,0.628435,0.582390,0.612717,0.550451,0.649047,0.638488,0.628177,0.638800,0.623501,0.623041,0.592230,0.653583,0.612992,0.510010,0.551166,0.560054,0.638531,0.669502,0.655740,0.627290,0.694008,0.572922,0.595598,0.518486,0.643466,0.634115,0.654563,0.607583,0.625037,0.627428,0.599805,0.565696,0.577669,0.555713,0.609510,0.541659,0.642989,0.635103,0.592285,0.619186,0.589245,0.546731,0.554675,0.596158,0.613526,0.650812,0.571254,0.619241,0.678177,0.498449,0.594972,0.649538,0.545499,0.642637,0.548875,0.589838,0.559130,0.614938,0.632735,0.617419,0.558721,0.634293,0.584118,0.625082,0.598461,0.624434,0.556268,0.624610,0.528122,0.641958,0.646782,0.573251,0.569212,0.538601,0.628557,0.613481,0.541714,0.568984,0.670742,0.627381,0.622155,0.586950,0.577580,0.567694,0.569338,0.566013,0.651193,0.576769,0.564521,0.514153,0.563885,0.515256,0.582110,0.645090,0.627205,0.617270,0.640855,0.600998,0.597612,0.628140,0.635881,0.674551,0.558600,0.501980,0.599177,0.654908,0.610561,0.596594,0.591313,0.603089,0.591991,0.519594,0.574615,0.624092,0.513822,0.588406,0.633065,0.605918,0.576674,0.570889,0.562437,0.586860,0.589682,0.502128,#
15,0.707411,0.615171,0.649140,0.659211,0.642186,0.683314,0.621028,0.621610,0.707340,0.637637,0.650047,0.617324,0.598797,0.634179,0.643990,1.000000,0.686530,0.686558,0.661483,0.651087,0.637157,0.629989,0.630258,0.686308,0.617707,0.640556,0.630189,0.645929,0.612220,0.694899,0.636493,0.688583,0.624076,0.669155,0.593570,0.714469,0.667893,0.642385,0.697208,0.583446,0.632261,0.628909,0.651432,0.601518,0.705421,0.647944,0.616270,0.678669,0.664747,0.670943,0.591860,0.698949,0.644326,0.627242,0.651405,0.651363,0.632173,0.630414,0.646782,0.616835,0.677969,0.625674,0.655135,0.692130,0.644325,0.685878,0.610120,0.626539,0.592392,0.572770,0.643311,0.607849,0.615800,0.597834,0.631782,0.582702,0.637985,0.615905,0.649371,0.629457,0.697414,0.633227,0.568945,0.660867,0.717833,0.676135,0.621782,0.712194,0.611226,0.596829,0.608039,0.610841,0.640883,0.646098,0.637455,0.622167,0.652750,0.562014,0.613322,0.605575,0.705781,0.608451,0.670941,0.651843,0.601871,0.674471,0.661328,0.652690,0.598990,0.642509,0.574711,0.605073,0.638624,0.650388,0.590230,0.633153,0.604510,0.618141,0.606195,0.595831,0.610992,0.632454,0.630442,0.670183,0.620590,0.615602,0.674813,0.652657,0.613723,0.703132,0.582062,0.609933,0.606333,0.625134,0.668542,0.614511,0.589427,0.605880,0.657416,0.632043,0.607972,0.620365,0.611016,0.594631,0.618368,0.574135,0.604357,0.621804,0.672758,0.596657,0.634832,0.617376,0.690908,0.634626,0.648658,0.651843,0.706348,0.621026,0.633696,0.603154,0.607761,0.644617,0.712151,0.576023,0.637160,0.636809,0.671066,0.620980,0.693367,0.582537,0.585609,0.699219,0.604108,0.643889,0.653832,0.678789,0.669064,0.696188,0.575749,0.594488,0.654383,0.626655,0.609642,0.683594,0.605019,0.669278,0.552056,0.619086,0.575216,0.653017,0.556946,0.643312,0.657281,0.616481,0.600836,0.588202,0.640401,0.682658,0.676510,0.576016,#
16,0.716046,0.633446,0.590399,0.663336,0.664911,0.657597,0.662030,0.680945,0.640413,0.619216,0.650186,0.651623,0.663251,0.666057,0.627587,0.686530,1.000000,0.694315,0.662245,0.687427,0.710009,0.663388,0.583146,0.660145,0.613256,0.682515,0.672667,0.604684,0.594813,0.703229,0.640542,0.694301,0.693269,0.676095,0.622923,0.673553,0.666603,0.648553,0.661446,0.618081,0.653616,0.646620,0.660939,0.643738,0.671891,0.713376,0.623433,0.647244,0.647143,0.656582,0.631163,0.642904,0.700982,0.702681,0.658634,0.691480,0.591906,0.664846,0.665060,0.583194,0.623831,0.690618,0.659162,0.681655,0.702919,0.620522,0.605968,0.669671,0.672219,0.714328,0.605307,0.651744,0.737183,0.637969,0.632047,0.628579,0.615637,0.654045,0.673317,0.699807,0.708950,0.656869,0.649930,0.676024,0.682364,0.652576,0.703839,0.652880,0.669203,0.650629,0.611612,0.639578,0.678433,0.673647,0.672492,0.680804,0.683524,0.566640,0.668115,0.654424,0.646676,0.601871,0.669882,0.656397,0.616832,0.718369,0.700384,0.664261,0.680317,0.620915,0.655376,0.673058,0.694133,0.686054,0.670105,0.680665,0.679413,0.668778,0.592882,0.596019,0.627426,0.704832,0.664751,0.718950,0.708869,0.622086,0.656887,0.607023,0.609471,0.649289,0.668106,0.638801,0.694304,0.578207,0.732708,0.711665,0.625814,0.659689,0.634750,0.686382,0.631928,0.677088,0.649064,0.652044,0.639232,0.587015,0.629464,0.642814,0.664973,0.687572,0.575822,0.723850,0.611884,0.596940,0.708749,0.683262,0.682977,0.613994,0.658166,0.638483,0.608174,0.657405,0.726075,0.651176,0.636605,0.652622,0.684921,0.628029,0.680640,0.607293,0.674774,0.699792,0.643927,0.600022,0.655253,0.683876,0.620204,0.710577,0.610702,0.569254,0.642657,0.628511,0.646435,0.621862,0.645712,0.716945,0.646992,0.672841,0.629317,0.654061,0.683425,0.600910,0.624322,0.644063,0.633894,0.662139,0.622777,0.653081,0.659021,0.597253,#
17,0.705108,0.612491,0.642399,0.690096,0.693637,0.674235,0.670425,0.678059,0.696926,0.622225,0.641535,0.689020,0.678194,0.700852,0.601645,0.686558,0.694315,1.000000,0.657563,0.692920,0.706696,0.634318,0.622631,0.717904,0.683214,0.673510,0.663446,0.668453,0.614416,0.671091,0.661557,0.663443,0.662020,0.620081,0.604842,0.716671,0.623430,0.687132,0.710827,0.654182,0.710337,0.672499,0.677344,0.649324,0.680462,0.668802,0.659476,0.696130,0.672102,0.651148,0.682899,0.651199,0.654890,0.614353,0.675955,0.717175,0.662330,0.648484,0.670136,0.574803,0.659193,0.671754,0.625554,0.696954,0.704775,0.734636,0.702165,0.674560,0.663791,0.665483,0.624814,0.700696,0.660774,0.625880,0.617430,0.630384,0.653751,0.634371,0.657346,0.698526,0.685829,0.656249,0.690063,0.643290,0.657599,0.636028,0.723430,0.669706,0.658218,0.635775,0.648584,0.621730,0.705900,0.668014,0.631073,0.711352,0.671476,0.609260,0.622571,0.677040,0.683460,0.568634,0.664894,0.685646,0.629858,0.657885,0.675213,0.661405,0.639442,0.609808,0.669151,0.656692,0.646014,0.705197,0.681490,0.644554,0.630602,0.642749,0.604883,0.644373,0.614302,0.684575,0.640164,0.697278,0.722311,0.676088,0.677970,0.623012,0.605052,0.663552,0.705504,0.700797,0.685883,0.635820,0.664557,0.670366,0.666738,0.695331,0.685497,0.711354,0.694970,0.669185,0.701280,0.653463,0.653930,0.641156,0.634656,0.667827,0.656586,0.589030,0.667310,0.659231,0.629471,0.630341,0.731402,0.728685,0.738019,0.660543,0.680463,0.617389,0.644720,0.655359,0.737877,0.655241,0.671547,0.635818,0.611397,0.589232,0.675680,0.613949,0.702910,0.662624,0.672441,0.638965,0.690845,0.669626,0.671917,0.709554,0.567952,0.669391,0.681688,0.698626,0.666914,0.686607,0.653312,0.677946,0.626277,0.685783,0.643900,0.630586,0.628067,0.677484,0.687742,0.672652,0.679055,0.669603,0.618901,0.704656,0.644550,0.631584,#
18,0.692169,0.599243,0.620910,0.698014,0.654340,0.585295,0.648089,0.646527,0.648074,0.640931,0.660860,0.646302,0.670463,0.683225,0.614107,0.661483,0.662245,0.657563,1.000000,0.669442,0.686081,0.655503,0.642456,0.666616,0.621474,0.644907,0.617141,0.685198,0.619009,0.643032,0.572162,0.622030,0.672315,0.672620,0.652772,0.718885,0.640151,0.670484,0.650472,0.684426,0.699696,0.582544,0.639719,0.587470,0.729855,0.638975,0.645114,0.655347,0.618640,0.626157,0.622510,0.661200,0.671090,0.600726,0.672008,0.693733,0.600541,0.682181,0.618547,0.651137,0.661382,0.610014,0.661080,0.655012,0.729711,0.629306,0.646784,0.625019,0.585139,0.658279,0.629637,0.623430,0.634652,0.594982,0.667358,0.609150,0.662141,0.634401,0.692833,0.633692,0.635547,0.615188,0.651508,0.649398,0.650859,0.639336,0.671208,0.646019,0.638127,0.629787,0.657715,0.604411,0.663038,0.660691,0.714307,0.677130,0.684416,0.618798,0.665936,0.650465,0.670726,0.607594,0.676221,0.663143,0.686569,0.695127,0.618281,0.609452,0.660083,0.594538,0.677861,0.633411,0.700504,0.676039,0.609252,0.627963,0.612242,0.570474,0.602038,0.644680,0.592058,0.688838,0.650348,0.644153,0.655641,0.577839,0.649128,0.651501,0.679148,0.587577,0.619324,0.672917,0.597589,0.655275,0.682262,0.644546,0.688615,0.686728,0.610574,0.669801,0.607409,0.661638,0.623705,0.664877,0.618183,0.658173,0.617886,0.593657,0.635996,0.614528,0.615331,0.700958,0.638217,0.613159,0.671853,0.683499,0.681727,0.672676,0.655988,0.625974,0.656356,0.652087,0.699967,0.642585,0.637089,0.669834,0.695136,0.591252,0.644797,0.661587,0.604772,0.690482,0.672723,0.641807,0.608869,0.701761,0.660596,0.706329,0.592349,0.607418,0.626012,0.623425,0.635787,0.636949,0.630643,0.644324,0.657084,0.621135,0.627962,0.633208,0.604201,0.660816,0.639720,0.683838,0.657643,0.605495,0.624023,0.674288,0.703316,0.584222,#
19,0.654506,0.608077,0.629179,0.660971,0.711618,0.699990,0.582216,0.625199,0.652703,0.646736,0.640325,0.557206,0.640282,0.661702,0.650714,0.651087,0.687427,0.692920,0.669442,1.000000,0.663346,0.590854,0.593992,0.625737,0.590274,0.616937,0.668213,0.642340,0.629236,0.667241,0.661585,0.683816,0.628137,0.612813,0.568663,0.673067,0.629447,0.620681,0.659827,0.606742,0.668765,0.603217,0.624202,0.580076,0.640326,0.674233,0.695446,0.645720,0.639611,0.594856,0.596551,0.611451,0.631498,0.611003,0.633375,0.649661,0.661184,0.610936,0.638149,0.572163,0.667787,0.679355,0.677361,0.687014,0.703453,0.607447,0.592651,0.615670,0.570701,0.627901,0.638585,0.611675,0.660278,0.649804,0.650020,0.600806,0.608348,0.605552,0.675091,0.641963,0.670416,0.607885,0.688959,0.601359,0.628190,0.626279,0.642067,0.715199,0.655182,0.529982,0.623475,0.605614,0.679061,0.637504,0.630841,0.653447,0.666626,0.579451,0.579209,0.614883,0.644966,0.629170,0.675304,0.646035,0.632103,0.687337,0.635235,0.651442,0.620726,0.529772,0.582382,0.592159,0.673243,0.669265,0.647145,0.591035,0.671157,0.643398,0.578125,0.547816,0.591738,0.684683,0.624018,0.700491,0.710394,0.580573,0.683464,0.616326,0.648293,0.696273,0.619778,0.643362,0.614837,0.640290,0.695894,0.638502,0.619872,0.664540,0.612177,0.638546,0.600705,0.625878,0.631902,0.630387,0.603023,0.611585,0.586755,0.586776,0.646965,0.611878,0.615754,0.712886,0.608881,0.607389,0.701303,0.638171,0.678903,0.626733,0.640661,0.631649,0.648577,0.606732,0.662076,0.584401,0.660716,0.589573,0.577815,0.611522,0.662915,0.593186,0.659847,0.703363,0.696375,0.609245,0.634464,0.637339,0.664692,0.731181,0.609609,0.527487,0.555223,0.645451,0.644361,0.701901,0.659661,0.650594,0.581167,0.629264,0.648825,0.627729,0.635151,0.661629,0.608652,0.636742,0.605579,0.669292,0.541986,0.630027,0.659010,0.591934,#
20,0.671558,0.631830,0.645009,0.668166,0.725082,0.646585,0.708864,0.653246,0.644022,0.692874,0.645306,0.630036,0.643178,0.713634,0.650317,0.637157,0.710009,0.706696,0.686081,0.663346,1.000000,0.672979,0.587119,0.673182,0.649647,0.709044,0.687532,0.668451,0.633253,0.677059,0.622899,0.637707,0.673334,0.683785,0.637644,0.721506,0.690550,0.677513,0.699339,0.680882,0.681804,0.719104,0.642219,0.633590,0.743465,0.681418,0.706736,0.632213,0.637554,0.638040,0.624609,0.688184,0.648417,0.682418,0.698174,0.715674,0.671075,0.701259,0.666145,0.616895,0.689407,0.667423,0.713052,0.667003,0.708760,0.648354,0.660292,0.645903,0.685639,0.686178,0.682716,0.679223,0.649759,0.664802,0.667315,0.583965,0.626179,0.676164,0.689691,0.677698,0.663070,0.720413,0.690850,0.643983,0.656641,0.657741,0.702086,0.656508,0.689106,0.647976,0.676434,0.660031,0.674647,0.724575,0.744948,0.644429,0.628036,0.619958,0.677442,0.634141,0.703461,0.650137,0.742834,0.678103,0.680621,0.660527,0.688099,0.696032,0.665937,0.686824,0.689815,0.714763,0.675115,0.628853,0.674814,0.663063,0.686002,0.715067,0.587379,0.671297,0.647493,0.700394,0.643529,0.736497,0.697025,0.673864,0.674055,0.646527,0.676496,0.660469,0.689797,0.651484,0.654385,0.716181,0.717043,0.610680,0.656898,0.676796,0.679685,0.724670,0.661012,0.667926,0.651787,0.686409,0.650313,0.632136,0.650962,0.633488,0.651590,0.682880,0.700300,0.698191,0.661979,0.651264,0.724142,0.689985,0.688534,0.638546,0.647520,0.684673,0.648680,0.698552,0.698465,0.676216,0.702529,0.556078,0.604392,0.597468,0.686050,0.657114,0.698988,0.666382,0.729207,0.636344,0.647794,0.698146,0.633439,0.722349,0.663279,0.635642,0.642709,0.652730,0.640170,0.651973,0.645795,0.687900,0.622751,0.695723,0.633364,0.668105,0.557156,0.645276,0.633104,0.714871,0.652827,0.597674,0.659414,0.680849,0.702882,0.647216,#
21,0.591129,0.684894,0.629552,0.646542,0.608595,0.622359,0.631665,0.619942,0.694001,0.618510,0.574277,0.638907,0.589073,0.635091,0.568472,0.629989,0.663388,0.634318,0.655503,0.590854,0.672979,1.000000,0.578143,0.621226,0.582457,0.578247,0.652286,0.636988,0.592648,0.633957,0.615813,0.619098,0.637419,0.609154,0.597529,0.703563,0.663553,0.690904,0.668513,0.573001,0.624123,0.652045,0.610289,0.619861,0.654637,0.628894,0.606182,0.654275,0.598975,0.552804,0.595002,0.641160,0.590874,0.570003,0.619355,0.655458,0.609816,0.622495,0.630994,0.528540,0.659101,0.588609,0.634206,0.597704,0.707837,0.629408,0.603145,0.627536,0.632242,0.657500,0.619837,0.657285,0.685884,0.652901,0.621643,0.582669,0.571569,0.587630,0.637967,0.628815,0.621359,0.631602,0.635433,0.540606,0.680401,0.606392,0.650960,0.650127,0.629856,0.651545,0.566833,0.537364,0.608951,0.638136,0.660650,0.615485,0.647828,0.570957,0.594786,0.600883,0.706889,0.648676,0.645900,0.614060,0.577564,0.683346,0.604744,0.576888,0.636136,0.630993,0.658619,0.641915,0.603896,0.662798,0.582356,0.625398,0.660421,0.635163,0.535020,0.618219,0.569848,0.664235,0.615185,0.657734,0.637413,0.544257,0.625093,0.631973,0.627916,0.613526,0.634235,0.672245,0.642663,0.618451,0.671317,0.584528,0.601748,0.595114,0.603951,0.678677,0.649153,0.656753,0.625409,0.638602,0.603868,0.632405,0.634068,0.609883,0.597931,0.616605,0.646191,0.647868,0.596062,0.601920,0.677070,0.648571,0.621187,0.585716,0.596469,0.597305,0.617404,0.672397,0.689145,0.662423,0.666126,0.557368,0.619132,0.571528,0.604542,0.667079,0.621326,0.620632,0.640492,0.562022,0.611323,0.679105,0.585366,0.684139,0.550996,0.577152,0.588952,0.630921,0.553589,0.663648,0.591040,0.671551,0.608906,0.578092,0.576637,0.648776,0.631572,0.587081,0.646153,0.660102,0.658890,0.600743,0.634773,0.661492,0.643813,0.583789,#
