0,1.000000,0.687409,0.698219,0.690132,0.667760,0.718629,0.694222,0.694548,0.701176,0.672185,0.736199,0.686005,0.666111,0.685958,0.685505,0.741070,0.777760,0.758961,0.726547,0.714938,0.741786,0.633757,0.726021,0.769816,0.640941,0.690234,0.686694,0.677230,0.651886,0.705725,0.662552,0.742161,0.688704,0.699788,0.718372,0.692815,0.667562,0.721140,0.730142,0.726655,0.719936,0.674379,0.734053,0.665133,0.717290,0.680934,0.686634,0.743813,0.697910,0.741068,0.696953,0.726646,0.701916,0.706656,0.730562,0.730154,0.702942,0.746661,0.700142,0.698590,0.728268,0.699976,0.754409,0.704091,0.705335,0.663815,0.731090,0.696534,0.700644,0.671953,0.680643,0.671654,0.738992,0.734247,0.674582,0.642261,0.750583,0.706224,0.728847,0.688647,0.718335,0.701803,0.708658,0.712631,0.735135,0.725678,0.766033,0.737341,0.696145,0.732430,0.673503,0.706596,0.729215,0.691339,0.716828,0.719769,0.702599,0.632558,0.707971,0.730126,0.713425,0.697527,0.710768,0.724409,0.680776,0.750667,0.700919,0.722375,0.719217,0.622467,0.692832,0.707536,0.684802,0.729235,0.736656,0.745943,0.690353,0.667444,0.673939,0.678097,0.646004,0.729934,0.750913,0.761766,0.756819,0.693202,0.691159,0.649598,0.652490,0.717703,0.707119,0.695884,0.679464,0.668411,0.716389,0.742853,0.695668,0.718372,0.674025,0.746396,0.722839,0.661169,0.647633,0.715149,0.683666,0.603574,0.694025,0.659476,0.716374,0.689968,0.669053,0.727228,0.700292,0.636076,0.714324,0.712672,0.733736,0.736671,0.729810,0.660981,0.715052,0.726032,0.705501,0.664837,0.688332,0.705319,0.677167,0.672707,0.730396,0.705297,0.677424,0.702408,0.734635,0.724672,0.705875,0.708756,0.734984,0.752889,0.678331,0.649849,0.693397,0.705526,0.659781,0.691818,0.674516,0.663553,0.666886,0.734501,0.707395,0.665511,0.654299,0.732898,0.694328,0.701408,0.702038,0.708088,0.676259,0.743289,0.731814,0.691372,#
1,0.687409,1.000000,0.682115,0.673288,0.648506,0.696917,0.663819,0.715484,0.761299,0.672711,0.704463,0.679743,0.641045,0.648876,0.645046,0.665514,0.695608,0.675658,0.670636,0.669339,0.704661,0.725629,0.685394,0.646168,0.672784,0.620544,0.671977,0.719384,0.588469,0.652257,0.691712,0.685419,0.627473,0.693902,0.599996,0.705420,0.652250,0.700203,0.713886,0.675967,0.674059,0.612190,0.688659,0.652680,0.670897,0.663120,0.714406,0.672004,0.704619,0.632782,0.653864,0.696382,0.720714,0.683177,0.695380,0.676209,0.647279,0.668601,0.648797,0.607907,0.679320,0.654097,0.666221,0.647124,0.662349,0.699746,0.708668,0.693894,0.696244,0.699854,0.654584,0.691994,0.754355,0.654278,0.679183,0.640741,0.652494,0.647367,0.720263,0.641096,0.694403,0.688864,0.665287,0.681972,0.731999,0.672944,0.710135,0.728619,0.690232,0.658645,0.648831,0.663835,0.681844,0.693042,0.706301,0.674759,0.661791,0.648662,0.670961,0.682291,0.704426,0.631953,0.659213,0.678437,0.617972,0.718598,0.673879,0.710729,0.700815,0.642479,0.678958,0.659132,0.636307,0.704033,0.660564,0.708264,0.685880,0.647174,0.625373,0.615542,0.641095,0.679656,0.650152,0.698949,0.692773,0.631323,0.663945,0.643880,0.684379,0.710401,0.613153,0.738129,0.645823,0.662414,0.731164,0.676227,0.711912,0.698383,0.679024,0.707581,0.734439,0.666566,0.685430,0.717970,0.695778,0.616177,0.640229,0.643440,0.695544,0.618294,0.723316,0.719229,0.638979,0.557481,0.719791,0.679283,0.675278,0.709305,0.607185,0.604687,0.646466,0.708283,0.704316,0.703493,0.680905,0.611027,0.677353,0.584627,0.628702,0.669171,0.694711,0.679373,0.690249,0.674855,0.669880,0.695306,0.675228,0.741051,0.625437,0.649475,0.658740,0.632589,0.641678,0.691737,0.674026,0.706359,0.665375,0.573595,0.720283,0.711261,0.680129,0.707108,0.642428,0.656948,0.686121,0.601995,0.621439,0.734277,0.634268,0.708129,#
2,0.698219,0.682115,1.000000,0.670582,0.669678,0.700135,0.696293,0.695826,0.718368,0.668867,0.724300,0.679934,0.630346,0.703853,0.630245,0.693530,0.663152,0.698962,0.676224,0.684404,0.704336,0.673522,0.622432,0.713958,0.643103,0.673774,0.718474,0.715142,0.663535,0.681441,0.684314,0.687443,0.671403,0.650332,0.642113,0.681885,0.677684,0.690006,0.727509,0.632731,0.665178,0.657238,0.720624,0.645245,0.671825,0.673875,0.709247,0.655480,0.651464,0.686113,0.685574,0.734010,0.708520,0.673593,0.708444,0.689420,0.681170,0.667741,0.694293,0.673657,0.763908,0.669460,0.670183,0.714449,0.698182,0.690410,0.671823,0.675449,0.685255,0.674195,0.654745,0.688042,0.689112,0.685926,0.713245,0.661958,0.661237,0.647631,0.691551,0.682910,0.719463,0.678072,0.704702,0.632731,0.733934,0.703096,0.673851,0.744145,0.648207,0.647864,0.658620,0.701363,0.733240,0.729822,0.704176,0.721919,0.683915,0.640298,0.741719,0.678163,0.671890,0.673421,0.667911,0.694862,0.586983,0.730079,0.706485,0.702944,0.694421,0.627119,0.717590,0.663371,0.711474,0.693829,0.665428,0.690198,0.668703,0.673952,0.615875,0.660760,0.638294,0.648625,0.646305,0.743438,0.708407,0.613183,0.691812,0.675777,0.681626,0.704449,0.663648,0.720755,0.709572,0.725765,0.729905,0.683845,0.703978,0.706518,0.724597,0.692370,0.668407,0.695011,0.616248,0.625068,0.694202,0.648741,0.596553,0.648620,0.666565,0.656890,0.713273,0.702640,0.714468,0.667701,0.674829,0.668763,0.690843,0.616604,0.685826,0.630437,0.612263,0.668391,0.690569,0.685346,0.634928,0.689448,0.698562,0.580213,0.662212,0.674403,0.664122,0.712220,0.719163,0.645129,0.697477,0.659219,0.664408,0.730499,0.604909,0.611917,0.658471,0.713783,0.574978,0.742163,0.641587,0.697226,0.649752,0.632280,0.700944,0.668417,0.662212,0.700588,0.763933,0.683754,0.676748,0.662229,0.613957,0.702162,0.687678,0.704790,#
3,0.690132,0.673288,0.670582,1.000000,0.693977,0.700147,0.678183,0.688945,0.769753,0.703037,0.716213,0.676022,0.635140,0.688772,0.673122,0.694070,0.694445,0.721741,0.747698,0.702732,0.707797,0.690532,0.703349,0.707929,0.691476,0.687541,0.718329,0.702850,0.678232,0.711585,0.703541,0.722879,0.735059,0.712270,0.631595,0.701588,0.657175,0.750120,0.698929,0.713789,0.689662,0.697207,0.727836,0.714801,0.666741,0.732478,0.680298,0.677150,0.677403,0.646459,0.702672,0.690463,0.730562,0.634727,0.656923,0.733039,0.657181,0.680041,0.709928,0.701777,0.695757,0.653332,0.665211,0.707895,0.781296,0.669863,0.647107,0.650631,0.613647,0.705120,0.644466,0.695883,0.738210,0.680145,0.670371,0.655177,0.669296,0.671758,0.680210,0.650618,0.730580,0.670476,0.730132,0.644655,0.740160,0.718033,0.715798,0.690533,0.689386,0.691558,0.719578,0.699734,0.704442,0.718230,0.703907,0.705421,0.662085,0.602958,0.721232,0.651641,0.675322,0.660585,0.685306,0.657648,0.721643,0.676723,0.701404,0.706297,0.661671,0.641160,0.686766,0.627998,0.658693,0.721360,0.673472,0.719653,0.644956,0.685005,0.646080,0.638143,0.651898,0.706729,0.675247,0.705948,0.683126,0.692422,0.694226,0.719602,0.645591,0.683619,0.698500,0.733979,0.670482,0.708959,0.713227,0.734929,0.705352,0.692903,0.672789,0.694575,0.653889,0.737675,0.693856,0.620333,0.677542,0.690483,0.678325,0.745038,0.682451,0.690649,0.703935,0.691454,0.647648,0.658245,0.723504,0.640835,0.698458,0.676184,0.733637,0.640064,0.676363,0.678967,0.690190,0.695740,0.648017,0.660934,0.715272,0.613094,0.685298,0.656799,0.699178,0.688565,0.702872,0.678836,0.678556,0.699306,0.719360,0.723949,0.631708,0.669236,0.628781,0.740272,0.649976,0.666816,0.635193,0.700542,0.671235,0.623023,0.706273,0.750974,0.691494,0.703209,0.687168,0.656506,0.701287,0.679428,0.674862,0.692574,0.654545,0.660289,#
4,0.667760,0.648506,0.669678,0.693977,1.000000,0.734203,0.660257,0.682672,0.694839,0.687422,0.631605,0.682464,0.643689,0.690267,0.641492,0.682821,0.717053,0.735864,0.694339,0.749628,0.755068,0.652512,0.649421,0.707997,0.633942,0.681787,0.672700,0.649675,0.667385,0.660757,0.707073,0.693022,0.696043,0.645478,0.629043,0.682879,0.716990,0.702477,0.680013,0.685493,0.689118,0.654348,0.667637,0.663568,0.677179,0.733968,0.694917,0.694146,0.693385,0.649195,0.667247,0.663665,0.715128,0.661307,0.724025,0.724988,0.643176,0.685891,0.709763,0.661964,0.669216,0.681777,0.669683,0.659231,0.690418,0.663674,0.652315,0.661574,0.636486,0.673181,0.671548,0.716743,0.704158,0.692793,0.652355,0.582543,0.641383,0.672735,0.697677,0.705483,0.691541,0.677037,0.681050,0.617456,0.733962,0.667684,0.667245,0.665457,0.657595,0.674535,0.692720,0.636745,0.688866,0.686220,0.692520,0.701972,0.665374,0.610920,0.622311,0.653771,0.684785,0.667938,0.703771,0.675753,0.639877,0.721210,0.665217,0.685089,0.716735,0.670252,0.664676,0.679526,0.670705,0.754889,0.664499,0.658492,0.693506,0.691172,0.611171,0.617205,0.606817,0.675496,0.696898,0.680640,0.695112,0.645211,0.667356,0.673628,0.725319,0.692996,0.708352,0.675637,0.675933,0.709304,0.749290,0.700052,0.681147,0.673927,0.683933,0.655704,0.655955,0.671764,0.707930,0.640587,0.672796,0.648022,0.672984,0.689380,0.662217,0.684299,0.686675,0.753388,0.657149,0.663748,0.764081,0.664308,0.735643,0.636633,0.650263,0.632107,0.667795,0.646233,0.711021,0.597716,0.614898,0.637255,0.633924,0.594184,0.672355,0.659185,0.639871,0.696927,0.756357,0.680768,0.701946,0.718166,0.723812,0.740622,0.634391,0.661725,0.664688,0.642156,0.670102,0.658495,0.705736,0.716580,0.591622,0.700687,0.693293,0.708166,0.607100,0.663438,0.646055,0.684854,0.668706,0.662651,0.660287,0.677467,0.710860,0.676480,#
5,0.718629,0.696917,0.700135,0.700147,0.734203,1.000000,0.641269,0.727456,0.735332,0.663257,0.726535,0.689805,0.644366,0.654763,0.674348,0.728937,0.723463,0.737899,0.651975,0.754731,0.711394,0.670911,0.691201,0.707903,0.683533,0.688886,0.747316,0.723423,0.677649,0.680769,0.738917,0.734724,0.726368,0.693824,0.639332,0.732689,0.683623,0.702941,0.710688,0.686406,0.755966,0.654948,0.683107,0.692055,0.713572,0.748388,0.732078,0.691931,0.737759,0.629929,0.706583,0.718590,0.698736,0.690255,0.680382,0.772918,0.687875,0.691567,0.776654,0.699935,0.696057,0.717452,0.717881,0.738981,0.740074,0.692316,0.674817,0.683201,0.699852,0.640608,0.684392,0.690094,0.765120,0.694921,0.658595,0.681433,0.717252,0.681331,0.700541,0.692899,0.762969,0.681629,0.726950,0.674989,0.696520,0.698526,0.735064,0.733640,0.713069,0.647622,0.629500,0.715255,0.760364,0.776025,0.709979,0.701530,0.690309,0.670857,0.737726,0.694532,0.687885,0.694099,0.708610,0.718951,0.657062,0.759829,0.713280,0.708564,0.684579,0.685291,0.687295,0.742331,0.661349,0.706975,0.659921,0.695672,0.711736,0.699136,0.602884,0.676711,0.618988,0.704466,0.699957,0.747249,0.672201,0.651039,0.711911,0.655984,0.685026,0.722050,0.750313,0.744688,0.738918,0.752102,0.742090,0.732770,0.723678,0.710028,0.688148,0.688953,0.689070,0.672830,0.710138,0.709110,0.736450,0.631816,0.650515,0.698462,0.717101,0.682425,0.725674,0.731501,0.696340,0.661265,0.720816,0.687100,0.727943,0.685597,0.692591,0.646365,0.702564,0.695175,0.729644,0.679886,0.680083,0.661088,0.634698,0.686401,0.701415,0.703472,0.752762,0.727412,0.738108,0.679930,0.704770,0.681335,0.704854,0.744187,0.680341,0.684702,0.726525,0.697929,0.692575,0.687830,0.683215,0.735672,0.692530,0.667960,0.691950,0.701507,0.650402,0.727989,0.699630,0.670721,0.657701,0.649858,0.643578,0.703649,0.707384,0.697217,#
6,0.694222,0.663819,0.696293,0.678183,0.660257,0.641269,1.000000,0.652397,0.696712,0.635048,0.671398,0.663930,0.653942,0.719297,0.595365,0.661062,0.710968,0.713808,0.683300,0.637596,0.745899,0.673121,0.588503,0.676590,0.655709,0.678833,0.676891,0.683688,0.625197,0.696960,0.661810,0.692575,0.650592,0.657236,0.637984,0.681559,0.633773,0.661358,0.661518,0.672044,0.662486,0.675662,0.690435,0.659010,0.730759,0.650450,0.679658,0.622143,0.721395,0.670829,0.680334,0.694188,0.708744,0.608922,0.678003,0.697576,0.661136,0.704512,0.713187,0.642895,0.717253,0.640269,0.666462,0.651020,0.734647,0.685393,0.692434,0.640828,0.670273,0.647558,0.644275,0.687340,0.685607,0.726831,0.665181,0.622838,0.675583,0.667914,0.705262,0.636868,0.693610,0.664244,0.683281,0.660768,0.659630,0.690029,0.680950,0.672367,0.672769,0.661628,0.634800,0.644891,0.632598,0.669265,0.673236,0.660871,0.707237,0.638116,0.667780,0.691874,0.681867,0.699903,0.697302,0.678112,0.615559,0.664595,0.708382,0.641680,0.694091,0.611116,0.636329,0.664978,0.614589,0.656619,0.654826,0.655551,0.700043,0.666131,0.615901,0.617983,0.662909,0.667042,0.652817,0.733950,0.721368,0.675273,0.646422,0.678369,0.582264,0.668077,0.670774,0.687322,0.665033,0.644446,0.688042,0.702130,0.693393,0.664879,0.726002,0.704820,0.676051,0.702967,0.630736,0.634612,0.631115,0.656651,0.654334,0.643154,0.666876,0.619477,0.708531,0.683472,0.650143,0.574764,0.686955,0.648987,0.662169,0.653536,0.678836,0.632210,0.646185,0.697637,0.675132,0.682259,0.680550,0.670625,0.684741,0.557842,0.649692,0.655717,0.677279,0.686656,0.666557,0.610218,0.683778,0.684159,0.673408,0.694148,0.660988,0.615327,0.670219,0.638061,0.680600,0.686062,0.634998,0.686817,0.605061,0.674194,0.643767,0.670747,0.628553,0.679227,0.647672,0.689336,0.675175,0.645291,0.671802,0.704838,0.682151,0.665356,#
7,0.694548,0.715484,0.695826,0.688945,0.682672,0.727456,0.652397,1.000000,0.780002,0.676298,0.729802,0.721852,0.672647,0.699125,0.712694,0.673622,0.748145,0.732347,0.695218,0.697748,0.718727,0.672779,0.739977,0.727977,0.698207,0.729063,0.700100,0.730467,0.667297,0.701679,0.640762,0.725451,0.683204,0.692542,0.628319,0.704714,0.707983,0.671219,0.734527,0.677910,0.698859,0.642727,0.702229,0.718632,0.713023,0.713013,0.717228,0.703635,0.677564,0.651614,0.755203,0.701150,0.727097,0.720364,0.692842,0.696010,0.671450,0.751060,0.697503,0.683105,0.665845,0.694370,0.730691,0.681072,0.726062,0.721320,0.717267,0.687542,0.719373,0.724410,0.685306,0.619370,0.781257,0.692735,0.684432,0.660475,0.685553,0.663613,0.703912,0.702576,0.749998,0.705570,0.726881,0.665165,0.725563,0.695563,0.743934,0.709154,0.679807,0.673832,0.668978,0.727133,0.709481,0.724926,0.728658,0.657818,0.704296,0.692791,0.697409,0.698021,0.693161,0.677700,0.684215,0.703635,0.655355,0.714046,0.687788,0.708877,0.678888,0.627830,0.749647,0.672905,0.696642,0.739313,0.721080,0.724112,0.675067,0.638715,0.597794,0.719587,0.675844,0.710914,0.666249,0.764300,0.766922,0.671427,0.697488,0.708553,0.655416,0.678335,0.691737,0.689949,0.745294,0.664804,0.770594,0.768753,0.677605,0.731069,0.678150,0.738401,0.690301,0.685104,0.718024,0.652429,0.706872,0.672655,0.685709,0.654146,0.705833,0.694095,0.698791,0.708496,0.710940,0.666465,0.707973,0.728703,0.707557,0.707266,0.705419,0.663725,0.706301,0.672132,0.765376,0.645171,0.650432,0.682719,0.720533,0.616146,0.667915,0.673216,0.732974,0.734457,0.728207,0.703182,0.707379,0.677736,0.694621,0.725427,0.631197,0.708669,0.708026,0.684799,0.672851,0.703053,0.646793,0.743578,0.645501,0.605507,0.688623,0.743762,0.723985,0.682346,0.675937,0.651470,0.702554,0.663307,0.654053,0.718901,0.703798,0.689301,#
8,0.701176,0.761299,0.718368,0.769753,0.694839,0.735332,0.696712,0.780002,1.000000,0.742875,0.708934,0.732264,0.695648,0.698525,0.713099,0.745871,0.710241,0.742399,0.691184,0.711098,0.699886,0.743381,0.742290,0.716656,0.635282,0.708935,0.698316,0.752498,0.664914,0.733428,0.680627,0.729460,0.671296,0.704338,0.645931,0.731756,0.701274,0.713354,0.706546,0.695909,0.694944,0.717579,0.755533,0.691348,0.725002,0.695449,0.676324,0.679512,0.725102,0.681896,0.741508,0.742347,0.705842,0.734828,0.701221,0.759754,0.674197,0.759770,0.711204,0.697563,0.738079,0.695305,0.739059,0.699623,0.734504,0.751990,0.705739,0.702985,0.737560,0.739207,0.677988,0.669704,0.782098,0.752529,0.706304,0.670939,0.702640,0.690736,0.707369,0.730129,0.739210,0.702944,0.710425,0.677657,0.743847,0.733931,0.697255,0.718503,0.655246,0.689517,0.685561,0.721006,0.740964,0.700919,0.770614,0.719969,0.714985,0.665376,0.741115,0.686320,0.720449,0.688245,0.731119,0.741423,0.687653,0.716394,0.733221,0.736750,0.678023,0.685495,0.717650,0.681285,0.697963,0.736382,0.731794,0.749562,0.696390,0.646472,0.663285,0.730666,0.684299,0.690411,0.700183,0.737357,0.712873,0.720980,0.707330,0.735994,0.670542,0.732769,0.678093,0.681306,0.738904,0.732574,0.784225,0.742263,0.691252,0.717230,0.666209,0.708896,0.712607,0.735161,0.755657,0.687099,0.690144,0.671504,0.707273,0.670838,0.741019,0.699592,0.720331,0.721415,0.701513,0.728818,0.742503,0.730647,0.730518,0.738249,0.713936,0.694307,0.693655,0.705785,0.745074,0.708210,0.713244,0.679284,0.709471,0.606234,0.705964,0.732658,0.733585,0.720886,0.729608,0.681161,0.748122,0.702643,0.682057,0.770639,0.655367,0.652018,0.702351,0.712706,0.643477,0.745764,0.694435,0.737066,0.676394,0.641871,0.718069,0.719536,0.703484,0.709089,0.728565,0.687095,0.715121,0.685855,0.701366,0.701557,0.715898,0.707378,#
9,0.672185,0.672711,0.668867,0.703037,0.687422,0.663257,0.635048,0.676298,0.742875,1.000000,0.702579,0.613033,0.653745,0.679986,0.699362,0.685650,0.687691,0.692916,0.695112,0.700058,0.752287,0.654508,0.677454,0.722051,0.625093,0.646532,0.679574,0.739847,0.627073,0.723940,0.652061,0.669720,0.651483,0.697003,0.677752,0.688818,0.656316,0.674879,0.704225,0.665133,0.712767,0.682746,0.698280,0.642586,0.698656,0.692396,0.656127,0.669186,0.647623,0.626899,0.643605,0.677581,0.659430,0.645516,0.646440,0.705479,0.640696,0.714877,0.677154,0.657678,0.697233,0.666210,0.713916,0.689993,0.691092,0.727181,0.672454,0.665294,0.695621,0.621742,0.686233,0.661538,0.682582,0.664512,0.670092,0.638446,0.607730,0.691437,0.696476,0.723378,0.703904,0.689814,0.645238,0.669650,0.729253,0.650452,0.658991,0.718939,0.645956,0.576085,0.646334,0.714126,0.713638,0.667797,0.737868,0.675995,0.678681,0.675458,0.703903,0.597485,0.660900,0.675274,0.714270,0.685100,0.692594,0.718110,0.673952,0.647305,0.703587,0.666047,0.716230,0.679229,0.717287,0.734831,0.634332,0.719173,0.583254,0.639816,0.610558,0.634740,0.638740,0.700163,0.686060,0.704353,0.684330,0.644658,0.651076,0.669914,0.692508,0.680162,0.656401,0.681726,0.686397,0.723511,0.717932,0.661116,0.656784,0.694619,0.648584,0.682386,0.630838,0.719724,0.708735,0.676710,0.641776,0.650865,0.675707,0.675161,0.668356,0.659206,0.632985,0.643342,0.694393,0.671551,0.721118,0.686991,0.672014,0.696246,0.682441,0.658003,0.670081,0.671273,0.687902,0.703434,0.677605,0.629955,0.641003,0.596329,0.708916,0.641063,0.707709,0.702286,0.689375,0.669381,0.692263,0.727005,0.657483,0.734477,0.655144,0.649830,0.657899,0.643592,0.684757,0.667231,0.643570,0.729663,0.604540,0.620300,0.752311,0.675098,0.670622,0.697777,0.674693,0.644029,0.661063,0.627278,0.643277,0.687209,0.659507,0.643949,#
10,0.736199,0.704463,0.724300,0.716213,0.631605,0.726535,0.671398,0.729802,0.708934,0.702579,1.000000,0.681692,0.635296,0.678706,0.643014,0.694139,0.717399,0.700585,0.706748,0.700276,0.711584,0.623480,0.680718,0.730267,0.637664,0.666794,0.674326,0.768269,0.639884,0.738021,0.676775,0.705493,0.694111,0.687448,0.697850,0.728064,0.671257,0.714906,0.720039,0.667424,0.732484,0.657204,0.682052,0.668149,0.703536,0.727387,0.728057,0.710107,0.720762,0.738524,0.672013,0.700905,0.719949,0.667216,0.675819,0.714078,0.670624,0.703864,0.689547,0.694055,0.724988,0.713843,0.735714,0.755432,0.752188,0.674206,0.722930,0.638071,0.688570,0.689547,0.665077,0.702135,0.753658,0.673312,0.649007,0.693676,0.686801,0.721839,0.701119,0.658186,0.793138,0.697229,0.697293,0.689346,0.738754,0.674339,0.729035,0.748890,0.672592,0.707996,0.650865,0.748687,0.743814,0.727704,0.709760,0.749365,0.674438,0.636727,0.763032,0.715970,0.669998,0.665818,0.722251,0.730124,0.730728,0.685704,0.680834,0.711653,0.687236,0.645729,0.695769,0.692325,0.685676,0.718815,0.696427,0.757904,0.662138,0.646074,0.642109,0.676109,0.667118,0.733282,0.632958,0.730259,0.658318,0.657150,0.730339,0.706274,0.680475,0.675510,0.666582,0.702931,0.680680,0.684862,0.744512,0.723692,0.679784,0.712328,0.679890,0.738572,0.753422,0.671013,0.664064,0.682551,0.675394,0.598928,0.624146,0.665709,0.717563,0.667651,0.714447,0.720024,0.714276,0.630722,0.707736,0.683535,0.739779,0.708569,0.718010,0.661501,0.741246,0.666305,0.708366,0.711812,0.681914,0.652644,0.737052,0.608909,0.712116,0.725980,0.726029,0.709814,0.668489,0.669146,0.713044,0.674774,0.714504,0.770871,0.612763,0.698969,0.684151,0.663696,0.706505,0.676799,0.655855,0.711030,0.625558,0.637853,0.678388,0.740295,0.717894,0.684315,0.708311,0.667961,0.710954,0.693694,0.644790,0.737734,0.716706,0.722360,#
11,0.686005,0.679743,0.679934,0.676022,0.682464,0.689805,0.663930,0.721852,0.732264,0.613033,0.681692,1.000000,0.677940,0.674612,0.620948,0.662649,0.703823,0.732677,0.696501,0.624874,0.688870,0.684199,0.641209,0.653492,0.651322,0.686769,0.621554,0.698631,0.641054,0.671211,0.660569,0.693240,0.674048,0.667144,0.603295,0.680777,0.710741,0.671556,0.654146,0.690288,0.661545,0.664256,0.708223,0.663793,0.675241,0.689966,0.702882,0.671322,0.679062,0.661768,0.672457,0.684671,0.685530,0.685554,0.673618,0.674869,0.581767,0.715455,0.670970,0.640904,0.646776,0.632258,0.715299,0.660087,0.704209,0.700781,0.693738,0.673548,0.707886,0.709733,0.661224,0.666213,0.722104,0.681453,0.653787,0.582431,0.698430,0.670130,0.671919,0.608864,0.710462,0.658889,0.694315,0.631469,0.708433,0.651650,0.641099,0.673790,0.650855,0.621504,0.638604,0.721057,0.703587,0.694349,0.705340,0.711901,0.668069,0.626919,0.701778,0.678475,0.643885,0.675690,0.664347,0.689908,0.652130,0.707746,0.660690,0.718228,0.702901,0.673923,0.731271,0.681888,0.688668,0.703804,0.600340,0.721845,0.642975,0.666421,0.585768,0.685183,0.589470,0.690043,0.674008,0.704682,0.702379,0.644206,0.654308,0.648892,0.685179,0.665010,0.686489,0.672697,0.710327,0.697107,0.719129,0.684963,0.662281,0.705549,0.649343,0.695806,0.690588,0.628114,0.665516,0.682820,0.716799,0.594439,0.680666,0.664875,0.650223,0.662600,0.677428,0.690285,0.670760,0.644256,0.703786,0.671334,0.726957,0.635561,0.699267,0.605411,0.651642,0.693030,0.701466,0.647811,0.678998,0.581148,0.707905,0.573465,0.659163,0.718628,0.668643,0.686114,0.700362,0.665217,0.678736,0.675401,0.658766,0.705292,0.602927,0.675889,0.674081,0.629522,0.663661,0.653218,0.653437,0.656112,0.614765,0.672828,0.681606,0.720444,0.670296,0.667748,0.715749,0.687372,0.697016,0.664902,0.650052,0.680585,0.668021,0.646218,#
12,0.666111,0.641045,0.630346,0.635140,0.643689,0.644366,0.653942,0.672647,0.695648,0.653745,0.635296,0.677940,1.000000,0.683153,0.690386,0.640105,0.702816,0.720790,0.710986,0.685138,0.686534,0.627896,0.683370,0.700655,0.601973,0.662084,0.637572,0.698546,0.658116,0.647712,0.611643,0.675735,0.669766,0.673418,0.644606,0.696403,0.667423,0.665260,0.674620,0.675463,0.612346,0.598374,0.661561,0.701030,0.681214,0.675472,0.688660,0.606922,0.676620,0.627725,0.722802,0.640946,0.651149,0.665416,0.722796,0.675334,0.605478,0.681129,0.624833,0.600238,0.637646,0.679087,0.639454,0.691515,0.741721,0.675957,0.649140,0.623470,0.692523,0.656522,0.644554,0.629293,0.715753,0.663740,0.699282,0.651206,0.684498,0.609523,0.663139,0.664781,0.696762,0.640909,0.655250,0.657802,0.643645,0.671386,0.648333,0.690446,0.687186,0.606958,0.651765,0.651502,0.675138,0.624504,0.660882,0.708378,0.741662,0.649864,0.651973,0.613884,0.614499,0.670985,0.697569,0.695756,0.622353,0.647748,0.646727,0.629743,0.674156,0.638211,0.685432,0.635914,0.656385,0.660957,0.706584,0.664514,0.641846,0.595164,0.641012,0.631639,0.634155,0.683966,0.669823,0.720954,0.706165,0.622594,0.654074,0.595527,0.608951,0.650593,0.635959,0.639345,0.625462,0.659988,0.672461,0.652216,0.657949,0.685646,0.666962,0.648576,0.707266,0.702306,0.648042,0.655728,0.634698,0.628280,0.655048,0.633988,0.663648,0.703155,0.647660,0.697036,0.673744,0.576092,0.645905,0.746992,0.703536,0.663092,0.681129,0.630910,0.647979,0.698943,0.699843,0.644613,0.715166,0.569778,0.679734,0.653367,0.612206,0.635140,0.689862,0.689735,0.675560,0.669410,0.667275,0.638186,0.716662,0.740868,0.610500,0.572110,0.651072,0.660128,0.664824,0.655425,0.600431,0.670943,0.621742,0.698634,0.655685,0.628481,0.634986,0.642114,0.653522,0.664034,0.635205,0.673762,0.634449,0.696058,0.698843,0.566796,#
13,0.685958,0.648876,0.703853,0.688772,0.690267,0.654763,0.719297,0.699125,0.698525,0.679986,0.678706,0.674612,0.683153,1.000000,0.669422,0.674527,0.712200,0.744870,0.721570,0.707716,0.751187,0.669236,0.695031,0.707286,0.644911,0.700058,0.669798,0.745179,0.683503,0.722406,0.636863,0.711952,0.720940,0.716308,0.621223,0.671966,0.695411,0.733383,0.696676,0.705838,0.735362,0.678179,0.707654,0.681341,0.763271,0.730369,0.693733,0.693224,0.732800,0.669111,0.707135,0.737043,0.690980,0.697200,0.707922,0.736616,0.663047,0.731309,0.701215,0.686336,0.736538,0.709075,0.707632,0.741078,0.744338,0.701156,0.717610,0.674601,0.722890,0.679308,0.643022,0.699389,0.676470,0.722643,0.734366,0.678569,0.705910,0.688711,0.749406,0.721067,0.724654,0.707089,0.730900,0.705972,0.700714,0.702069,0.666034,0.686450,0.733543,0.673316,0.659813,0.706079,0.714494,0.738792,0.729283,0.667036,0.699140,0.640393,0.690925,0.739093,0.682733,0.706972,0.718485,0.781538,0.660902,0.753293,0.705413,0.726777,0.721927,0.665390,0.710279,0.699405,0.730503,0.733706,0.721647,0.740274,0.673637,0.726271,0.657409,0.713564,0.683159,0.704775,0.677129,0.706690,0.731254,0.634995,0.690134,0.641191,0.672012,0.685729,0.654733,0.702006,0.678098,0.690133,0.761574,0.703268,0.691610,0.709866,0.733567,0.713830,0.651558,0.738866,0.754017,0.699217,0.649410,0.676274,0.698380,0.677388,0.694671,0.682493,0.698336,0.730429,0.667148,0.691759,0.694574,0.710975,0.707788,0.695437,0.743070,0.682259,0.693931,0.728282,0.707126,0.714066,0.697064,0.670402,0.694550,0.627409,0.729157,0.665037,0.710713,0.747899,0.741628,0.691269,0.744738,0.716995,0.727699,0.792592,0.678707,0.640820,0.666264,0.714599,0.695904,0.698798,0.722521,0.740355,0.668977,0.692210,0.645329,0.696782,0.683620,0.704938,0.709915,0.730834,0.716067,0.650393,0.686963,0.706550,0.709328,0.662078,#
14,0.685505,0.645046,0.630245,0.673122,0.641492,0.674348,0.595365,0.712694,0.713099,0.699362,0.643014,0.620948,0.690386,0.669422,1.000000,0.688013,0.698213,0.672743,0.659068,0.704386,0.713304,0.608534,0.650909,0.720523,0.611971,0.597017,0.674444,0.687036,0.641329,0.666872,0.636137,0.713970,0.654275,0.653832,0.646808,0.646578,0.634980,0.669479,0.685886,0.638992,0.626070,0.614378,0.687922,0.654547,0.675497,0.698336,0.656203,0.614167,0.598283,0.630707,0.662304,0.629394,0.645491,0.710228,0.681553,0.674999,0.639244,0.661557,0.667548,0.613762,0.680894,0.701386,0.688031,0.667034,0.658879,0.599632,0.653410,0.660941,0.650593,0.679777,0.629702,0.620995,0.687884,0.629626,0.710165,0.625544,0.686305,0.652925,0.651202,0.607802,0.708053,0.696571,0.684830,0.694484,0.680195,0.674065,0.645336,0.695994,0.665769,0.569761,0.599158,0.622727,0.695113,0.707223,0.702156,0.682199,0.741456,0.627988,0.659575,0.598748,0.676374,0.677835,0.699582,0.662598,0.669501,0.669639,0.656228,0.636144,0.640122,0.615471,0.676908,0.610000,0.697734,0.683106,0.652785,0.681174,0.637858,0.601153,0.591461,0.630929,0.668608,0.703364,0.627880,0.674015,0.719490,0.555096,0.643012,0.680213,0.595040,0.688822,0.605880,0.642727,0.648346,0.659256,0.690377,0.682098,0.616774,0.679698,0.646841,0.665148,0.649022,0.679509,0.625137,0.673483,0.603668,0.686212,0.689428,0.635535,0.630614,0.606650,0.669826,0.669368,0.603979,0.622678,0.711754,0.675722,0.663672,0.658888,0.633413,0.632125,0.629984,0.621029,0.697014,0.627789,0.625741,0.583596,0.623338,0.575269,0.618468,0.685493,0.678735,0.659584,0.688836,0.667204,0.654543,0.668667,0.673877,0.729303,0.612862,0.581332,0.647503,0.694162,0.657594,0.652268,0.638935,0.649642,0.644841,0.582671,0.637124,0.666764,0.596579,0.640815,0.685501,0.647405,0.645605,0.634403,0.619132,0.649206,0.652311,0.582344,#
15,0.741070,0.665514,0.693530,0.694070,0.682821,0.728937,0.661062,0.673622,0.745871,0.685650,0.694139,0.662649,0.640105,0.674527,0.688013,1.000000,0.727557,0.727848,0.702092,0.695899,0.684910,0.667848,0.676537,0.728038,0.648628,0.685395,0.673169,0.684337,0.651161,0.728825,0.675326,0.729981,0.663105,0.705816,0.638277,0.749728,0.705747,0.681952,0.735027,0.641404,0.668025,0.664055,0.692771,0.655164,0.731303,0.685352,0.662381,0.718450,0.707305,0.708934,0.641272,0.731209,0.689107,0.672543,0.695104,0.691246,0.663657,0.678759,0.692231,0.663944,0.713850,0.664137,0.703860,0.721325,0.679851,0.724258,0.669403,0.674722,0.648668,0.617014,0.685208,0.649066,0.663455,0.647205,0.679743,0.624536,0.689085,0.671549,0.688628,0.666023,0.737385,0.677953,0.626791,0.702392,0.756047,0.717662,0.657907,0.747698,0.656645,0.642258,0.650785,0.660687,0.683276,0.684118,0.682647,0.672036,0.696948,0.610898,0.663203,0.652535,0.732548,0.662521,0.707461,0.699257,0.639620,0.709361,0.701777,0.701347,0.649320,0.685168,0.632627,0.651878,0.681186,0.699676,0.639372,0.680968,0.643316,0.657919,0.645669,0.632643,0.659791,0.679928,0.677187,0.711462,0.670287,0.654235,0.706930,0.687896,0.663321,0.745178,0.632996,0.656073,0.665269,0.664531,0.712985,0.667475,0.641200,0.648798,0.697745,0.677762,0.652021,0.666506,0.664520,0.642346,0.666303,0.622151,0.649157,0.663133,0.710298,0.646138,0.689300,0.660284,0.726712,0.668797,0.686427,0.688898,0.745542,0.671432,0.682230,0.656432,0.656012,0.687429,0.742522,0.622361,0.679163,0.676241,0.711170,0.662963,0.726262,0.630029,0.632503,0.733710,0.655463,0.691979,0.697463,0.706064,0.708685,0.735305,0.628886,0.649183,0.689837,0.669026,0.655915,0.727286,0.652063,0.700669,0.608723,0.658937,0.623360,0.696382,0.620050,0.690641,0.697976,0.658922,0.656674,0.643048,0.682829,0.720758,0.714217,0.632939,#
16,0.777760,0.695608,0.663152,0.694445,0.717053,0.723463,0.710968,0.748145,0.710241,0.687691,0.717399,0.703823,0.702816,0.712200,0.698213,0.727557,1.000000,0.750045,0.714978,0.739261,0.778654,0.697161,0.652679,0.733121,0.656658,0.726937,0.725407,0.664253,0.639064,0.740807,0.688449,0.749261,0.728393,0.709530,0.675937,0.736459,0.720020,0.695398,0.719169,0.709486,0.696099,0.690213,0.711043,0.713302,0.705077,0.743934,0.686569,0.718207,0.705767,0.715946,0.682521,0.706550,0.753768,0.752726,0.721285,0.735279,0.628214,0.730968,0.715518,0.655905,0.683860,0.729041,0.721195,0.705670,0.730708,0.689358,0.707285,0.731800,0.739483,0.745147,0.668083,0.693678,0.769633,0.695578,0.697573,0.667730,0.689738,0.733986,0.722061,0.732627,0.771635,0.721970,0.715212,0.739212,0.745849,0.722047,0.742905,0.714668,0.720769,0.708182,0.669125,0.709533,0.735013,0.716378,0.748322,0.736234,0.738730,0.625564,0.728262,0.708570,0.697590,0.684661,0.723061,0.721034,0.662805,0.766885,0.750596,0.731315,0.737342,0.679540,0.724092,0.724113,0.736902,0.748019,0.736501,0.738289,0.718459,0.704916,0.639378,0.638718,0.699513,0.761884,0.729909,0.766886,0.766055,0.669661,0.697504,0.659502,0.677716,0.717208,0.726682,0.697645,0.750626,0.638304,0.787664,0.764869,0.688258,0.709910,0.698202,0.742667,0.692191,0.717142,0.713671,0.706384,0.701978,0.643212,0.693925,0.691515,0.703305,0.735597,0.663819,0.766657,0.665457,0.654356,0.753538,0.730190,0.733201,0.695274,0.725213,0.704530,0.665304,0.716087,0.756206,0.691754,0.688071,0.693623,0.726408,0.673964,0.728048,0.671166,0.725535,0.740805,0.710560,0.679908,0.728517,0.711178,0.675997,0.765631,0.678292,0.654878,0.677801,0.675945,0.704953,0.687675,0.694727,0.741427,0.711036,0.722268,0.689059,0.716589,0.744022,0.678933,0.705808,0.686274,0.693129,0.710540,0.695637,0.713379,0.724650,0.666328,#
17,0.758961,0.675658,0.698962,0.721741,0.735864,0.737899,0.713808,0.732347,0.742399,0.692916,0.700585,0.732677,0.720790,0.744870,0.672743,0.727848,0.750045,1.000000,0.703528,0.743622,0.756592,0.686740,0.681259,0.771711,0.714606,0.714961,0.723860,0.717043,0.660773,0.721712,0.714239,0.720907,0.701992,0.667730,0.662611,0.765546,0.680895,0.737243,0.756373,0.719273,0.742790,0.717279,0.732263,0.705843,0.712797,0.714816,0.713512,0.744219,0.721770,0.708090,0.741660,0.702018,0.712555,0.673604,0.722430,0.754326,0.692154,0.703612,0.726248,0.635390,0.711246,0.717724,0.685587,0.729232,0.736392,0.780139,0.760036,0.733133,0.716590,0.707639,0.686321,0.736098,0.720712,0.692323,0.681358,0.673985,0.712192,0.695896,0.714017,0.733324,0.744686,0.712334,0.741084,0.696727,0.716114,0.698726,0.757583,0.729359,0.701273,0.693489,0.698541,0.687087,0.748103,0.716426,0.697690,0.761212,0.721345,0.661262,0.680204,0.719882,0.734639,0.652153,0.714209,0.743255,0.678158,0.713768,0.725041,0.714458,0.695452,0.665046,0.724535,0.699265,0.694012,0.768609,0.730762,0.698161,0.680596,0.681372,0.659671,0.677569,0.681698,0.739809,0.692845,0.749373,0.765841,0.718321,0.713172,0.665287,0.675663,0.724339,0.754716,0.748040,0.739647,0.684768,0.719706,0.731130,0.720250,0.740321,0.732609,0.761813,0.743986,0.717205,0.755647,0.705816,0.710200,0.695797,0.690281,0.713677,0.698864,0.660898,0.736701,0.708095,0.678127,0.678171,0.772375,0.761991,0.778046,0.719463,0.740295,0.667993,0.700206,0.710983,0.768824,0.696163,0.718868,0.679809,0.669550,0.639124,0.729372,0.679485,0.745003,0.711851,0.728087,0.698528,0.746536,0.699414,0.728663,0.756949,0.638632,0.723374,0.712738,0.742869,0.712066,0.742478,0.705586,0.716146,0.695494,0.727937,0.693143,0.691199,0.691394,0.734340,0.742117,0.722271,0.728872,0.728799,0.680564,0.749153,0.704129,0.693803,#
18,0.726547,0.670636,0.676224,0.747698,0.694339,0.651975,0.683300,0.695218,0.691184,0.695112,0.706748,0.696501,0.710986,0.721570,0.659068,0.702092,0.714978,0.703528,1.000000,0.726398,0.726994,0.702816,0.694335,0.698386,0.656651,0.709621,0.675391,0.720265,0.661416,0.688413,0.621124,0.689938,0.713002,0.719598,0.697082,0.751682,0.684348,0.713049,0.694679,0.711376,0.727936,0.627575,0.688968,0.643446,0.754777,0.687982,0.700826,0.693932,0.671826,0.671721,0.683313,0.698550,0.718427,0.646689,0.714903,0.730586,0.640468,0.714252,0.682711,0.693227,0.701619,0.656140,0.717702,0.702177,0.769058,0.674003,0.683474,0.681098,0.642564,0.699000,0.671389,0.669326,0.701782,0.647581,0.719298,0.655596,0.719695,0.683544,0.730415,0.673895,0.697132,0.666231,0.706185,0.684402,0.701762,0.672399,0.706891,0.695919,0.687724,0.667190,0.696606,0.658933,0.710280,0.704396,0.738579,0.721399,0.725301,0.661022,0.715030,0.691535,0.696251,0.667552,0.714080,0.706747,0.723011,0.724133,0.665401,0.668818,0.702730,0.645029,0.724758,0.675938,0.742393,0.732482,0.648848,0.680864,0.659306,0.620834,0.641068,0.679706,0.650284,0.729504,0.689818,0.695085,0.701724,0.624924,0.687572,0.686364,0.720239,0.657898,0.666987,0.721122,0.674452,0.699245,0.723352,0.710160,0.735408,0.723329,0.665012,0.716483,0.656088,0.715241,0.692253,0.713440,0.680800,0.708328,0.654566,0.652029,0.684796,0.671116,0.661210,0.731683,0.687913,0.651398,0.705470,0.715240,0.725275,0.712074,0.694844,0.672100,0.711759,0.698949,0.743458,0.692614,0.687169,0.709862,0.737454,0.641614,0.682782,0.708267,0.647463,0.738995,0.721170,0.691807,0.656926,0.726363,0.714389,0.750060,0.652902,0.666830,0.671567,0.673114,0.667086,0.691875,0.684851,0.698665,0.706448,0.656790,0.671237,0.677757,0.673085,0.695372,0.673191,0.736138,0.727553,0.678084,0.654426,0.712420,0.731512,0.650919,#
19,0.714938,0.669339,0.684404,0.702732,0.749628,0.754731,0.637596,0.697748,0.711098,0.700058,0.700276,0.624874,0.685138,0.707716,0.704386,0.695899,0.739261,0.743622,0.726398,1.000000,0.724135,0.639862,0.668651,0.692270,0.634536,0.673126,0.717868,0.686534,0.674265,0.708241,0.704038,0.737761,0.673890,0.671021,0.624709,0.730301,0.676617,0.675813,0.713983,0.685714,0.714957,0.649899,0.675694,0.651738,0.675932,0.718296,0.743456,0.704197,0.696059,0.657519,0.652963,0.668367,0.695565,0.676179,0.685017,0.705896,0.690640,0.681387,0.697811,0.638369,0.711273,0.718387,0.731004,0.723786,0.737737,0.670798,0.676857,0.678579,0.650677,0.677695,0.686073,0.660069,0.716077,0.707088,0.707581,0.649852,0.674365,0.676806,0.716655,0.685444,0.726991,0.673505,0.741915,0.671088,0.687726,0.691618,0.686990,0.758038,0.703533,0.599832,0.680436,0.672623,0.736734,0.689947,0.692076,0.713430,0.723926,0.640688,0.644580,0.679685,0.683457,0.686863,0.724372,0.709225,0.671394,0.727934,0.699099,0.711962,0.679498,0.602482,0.659443,0.657500,0.720988,0.732440,0.701541,0.661736,0.717109,0.684211,0.633706,0.593867,0.662920,0.735039,0.681418,0.754903,0.760463,0.633741,0.727596,0.657490,0.704609,0.746836,0.677139,0.702190,0.687922,0.694306,0.751978,0.699939,0.678422,0.711914,0.672295,0.693076,0.659666,0.679249,0.688692,0.682660,0.664890,0.665844,0.643856,0.648399,0.693348,0.666652,0.690694,0.756766,0.660754,0.651368,0.740378,0.693060,0.730705,0.702350,0.702812,0.694929,0.701208,0.669066,0.709435,0.641304,0.704878,0.644366,0.651444,0.661576,0.701642,0.654722,0.708216,0.740530,0.746153,0.688281,0.694507,0.675641,0.709447,0.777864,0.674001,0.615214,0.607734,0.694782,0.700668,0.750102,0.706968,0.697678,0.647754,0.674953,0.702924,0.697505,0.699117,0.723392,0.674269,0.686103,0.664317,0.721334,0.613093,0.686955,0.716103,0.663117,#
20,0.741786,0.704661,0.704336,0.707797,0.755068,0.711394,0.745899,0.718727,0.699886,0.752287,0.711584,0.688870,0.686534,0.751187,0.713304,0.684910,0.778654,0.756592,0.726994,0.724135,1.000000,0.717997,0.664552,0.735260,0.685236,0.747658,0.744234,0.713733,0.676185,0.714742,0.679810,0.707588,0.710355,0.729374,0.689341,0.773222,0.732368,0.728860,0.759030,0.748580,0.722141,0.756358,0.698594,0.705292,0.756226,0.725511,0.758858,0.702181,0.686597,0.700583,0.685473,0.738555,0.709427,0.735574,0.738468,0.756100,0.696879,0.757559,0.718103,0.669918,0.737280,0.715468,0.760177,0.700770,0.733630,0.708871,0.728202,0.710437,0.744456,0.717114,0.723493,0.716096,0.725144,0.719611,0.720504,0.635480,0.687361,0.730317,0.734310,0.719373,0.739062,0.775880,0.741658,0.710544,0.713963,0.718021,0.745329,0.714936,0.728319,0.705423,0.718926,0.725856,0.732416,0.764037,0.793904,0.701678,0.693635,0.676083,0.728523,0.698659,0.749145,0.716845,0.779284,0.735391,0.726416,0.711413,0.736626,0.745142,0.721228,0.736659,0.756099,0.757146,0.721388,0.709150,0.724549,0.721911,0.731284,0.739401,0.642536,0.691745,0.716542,0.750819,0.695332,0.790398,0.742097,0.716203,0.713877,0.675208,0.729837,0.717990,0.741776,0.712473,0.730515,0.752120,0.765186,0.690258,0.707667,0.729800,0.738510,0.761522,0.715408,0.717530,0.717252,0.738116,0.717338,0.690863,0.702326,0.694106,0.698897,0.749625,0.747794,0.747904,0.709137,0.702955,0.765291,0.731931,0.718110,0.708812,0.708842,0.721922,0.707925,0.754058,0.739065,0.710943,0.747997,0.619812,0.675697,0.644662,0.722163,0.716649,0.740502,0.709002,0.774451,0.704312,0.711442,0.718246,0.688935,0.773731,0.720426,0.703655,0.679156,0.704806,0.688253,0.705763,0.691078,0.727135,0.691398,0.735705,0.696614,0.724680,0.651433,0.699518,0.704570,0.755639,0.703162,0.672320,0.719176,0.732198,0.762366,0.714309,#
21,0.633757,0.725629,0.673522,0.690532,0.652512,0.670911,0.673121,0.672779,0.743381,0.654508,0.623480,0.684199,0.627896,0.669236,0.608534,0.667848,0.697161,0.686740,0.702816,0.639862,0.717997,1.000000,0.635839,0.663479,0.625462,0.640539,0.687820,0.669523,0.627975,0.662607,0.646900,0.669991,0.676063,0.657604,0.635452,0.733445,0.694926,0.713835,0.706498,0.627174,0.664846,0.681660,0.640646,0.669917,0.684082,0.663607,0.652810,0.694261,0.651322,0.597330,0.631865,0.682004,0.635113,0.619467,0.672134,0.698257,0.645313,0.674162,0.679973,0.585469,0.689881,0.624474,0.684771,0.634844,0.743447,0.669692,0.665690,0.671566,0.685127,0.690646,0.651062,0.695676,0.716862,0.691640,0.668497,0.621775,0.633764,0.653760,0.666481,0.667431,0.667271,0.675333,0.685854,0.600832,0.722321,0.651206,0.685894,0.687161,0.683756,0.682337,0.617529,0.587929,0.658120,0.674613,0.692970,0.663076,0.691833,0.616965,0.646725,0.657861,0.718870,0.682308,0.683327,0.659287,0.611347,0.706970,0.651695,0.642432,0.678446,0.671971,0.702530,0.695306,0.652147,0.694900,0.630388,0.676393,0.692024,0.675446,0.570246,0.655770,0.623882,0.703551,0.668881,0.695386,0.686651,0.589289,0.670264,0.675161,0.664216,0.663482,0.672073,0.709721,0.698133,0.659819,0.715644,0.634517,0.651093,0.636139,0.652957,0.708621,0.683777,0.692443,0.672412,0.678336,0.651465,0.670861,0.668967,0.655508,0.642676,0.644717,0.693888,0.684553,0.639984,0.635661,0.703521,0.694741,0.677758,0.644171,0.635299,0.662475,0.659528,0.708546,0.727954,0.698930,0.700923,0.608369,0.664189,0.616391,0.627526,0.696506,0.664158,0.660723,0.683642,0.630727,0.657697,0.714513,0.624529,0.724441,0.604463,0.637626,0.631994,0.667641,0.602107,0.701267,0.635670,0.706179,0.650719,0.613341,0.627799,0.691776,0.677243,0.640945,0.678768,0.691812,0.715423,0.643135,0.670375,0.703991,0.678895,0.638566,#
