0,1.000000,0.821046,0.808535,0.794517,0.751804,0.822375,0.803183,0.813836,0.806377,0.771066,0.801640,0.822151,0.812650,0.771766,0.794694,0.777370,0.808632,0.812289,0.796842,0.811537,0.802957,0.777039,0.808273,0.797341,0.763769,0.783163,0.808838,0.804799,0.770856,0.814580,0.793960,0.795930,0.780911,0.774145,0.822380,0.800665,0.787197,0.803374,0.813950,0.840221,0.805637,0.778390,0.802757,0.788831,0.797563,0.767163,0.835721,0.808319,0.804171,0.830333,0.820355,0.785901,0.821028,0.816802,0.789458,0.828184,0.794803,0.828703,0.796429,0.787212,0.829333,0.780603,0.807511,0.801999,0.818921,0.808945,0.829731,0.815251,0.792350,0.775643,0.813334,0.816024,0.839169,0.809466,0.807773,0.798331,0.810494,0.795051,0.804482,0.800688,0.847367,0.812470,0.816454,0.812041,0.807534,0.842544,0.797461,0.781146,0.763228,0.812331,0.771456,0.780741,0.769762,0.806500,0.785277,0.801171,0.774073,0.777749,0.804348,0.814402,0.812641,0.799676,0.783788,0.799638,0.799607,0.782605,0.755587,0.825097,0.794655,0.761901,0.811376,0.787648,0.803113,0.759196,0.789965,0.842382,0.783720,0.787564,0.798083,0.784385,0.776991,0.859126,0.806074,0.841102,0.787401,0.794881,0.786274,0.792223,0.781370,0.785630,0.792901,0.812166,0.799088,0.769741,0.811689,0.801479,0.794771,0.828568,0.796272,0.784028,0.759057,0.782147,0.761407,0.823069,0.808677,0.753656,0.791571,0.765057,0.798828,0.797704,0.800525,0.802340,0.794559,0.778609,0.794536,0.771347,0.800803,0.812759,0.830401,0.819233,0.819974,0.830164,0.791725,0.799427,0.825475,0.806613,0.823500,0.788266,0.790087,0.786572,0.804729,0.778087,0.810171,0.825394,0.842727,0.754405,0.790638,0.834051,0.794235,0.799374,0.800051,0.812265,0.768389,0.788356,0.784393,0.774530,0.806855,0.803060,0.785958,0.797776,0.776077,0.807329,0.774317,0.800755,0.779773,0.781769,0.760652,0.818080,0.808283,0.797219,#
1,0.821046,1.000000,0.818566,0.838449,0.799013,0.850576,0.796896,0.821455,0.822774,0.809340,0.820721,0.802733,0.822781,0.830172,0.813175,0.797352,0.818080,0.803522,0.827158,0.827156,0.848098,0.859154,0.840141,0.834126,0.799989,0.795192,0.847398,0.825112,0.802030,0.797294,0.831111,0.840884,0.817932,0.828123,0.814094,0.841979,0.778501,0.849753,0.841422,0.839996,0.812597,0.791651,0.794984,0.797043,0.795061,0.821810,0.842983,0.824631,0.841925,0.833237,0.807720,0.842550,0.827394,0.802625,0.841221,0.822269,0.790064,0.825538,0.832785,0.794278,0.797642,0.820422,0.765646,0.783089,0.818089,0.823073,0.847261,0.831686,0.834866,0.840530,0.817707,0.832025,0.877182,0.799899,0.832382,0.828694,0.825236,0.827139,0.828362,0.818297,0.845070,0.821928,0.875384,0.830295,0.834589,0.823715,0.806576,0.808868,0.826773,0.822027,0.806767,0.791397,0.815679,0.828314,0.793000,0.791621,0.806819,0.812225,0.805996,0.833624,0.840917,0.833931,0.804707,0.818193,0.808926,0.804200,0.784025,0.848573,0.803355,0.780338,0.824902,0.807494,0.812751,0.797567,0.802098,0.808784,0.837815,0.842380,0.792635,0.775084,0.844605,0.825732,0.778903,0.834203,0.782955,0.791323,0.821259,0.813942,0.819393,0.823120,0.799186,0.837288,0.795112,0.808969,0.840611,0.804637,0.794150,0.810402,0.832262,0.772471,0.820874,0.805390,0.803386,0.816472,0.797766,0.805352,0.820145,0.780770,0.825812,0.806683,0.826102,0.842802,0.817969,0.795622,0.835590,0.782172,0.832188,0.826481,0.787238,0.808869,0.809542,0.834233,0.840052,0.834168,0.818774,0.796746,0.828370,0.820101,0.763698,0.788833,0.832241,0.787800,0.811294,0.833235,0.838344,0.798827,0.811955,0.863819,0.786655,0.792469,0.827155,0.809665,0.793652,0.786066,0.787314,0.839648,0.823865,0.752636,0.807104,0.804993,0.815688,0.813426,0.788472,0.828840,0.846044,0.773212,0.796229,0.824186,0.812630,0.813633,#
2,0.808535,0.818566,1.000000,0.795475,0.750068,0.817829,0.796994,0.804624,0.798493,0.778969,0.796257,0.768937,0.763888,0.791340,0.780164,0.775139,0.780565,0.808854,0.790032,0.815579,0.789152,0.787562,0.754225,0.808789,0.767249,0.763983,0.824108,0.820235,0.811185,0.803856,0.810973,0.803948,0.803379,0.789972,0.793338,0.798457,0.793638,0.799351,0.829715,0.825548,0.807002,0.790070,0.772663,0.770542,0.759830,0.789470,0.848577,0.771807,0.796103,0.845252,0.789483,0.786771,0.789625,0.818023,0.829484,0.817747,0.808549,0.794045,0.782678,0.785361,0.826100,0.799176,0.776556,0.813426,0.791086,0.799258,0.841696,0.785504,0.818502,0.816948,0.813384,0.790787,0.823530,0.811913,0.813169,0.800962,0.804313,0.817184,0.808427,0.830167,0.821818,0.819976,0.844857,0.828932,0.826069,0.829011,0.787041,0.841366,0.774564,0.793716,0.809569,0.782730,0.809481,0.804437,0.808157,0.783256,0.771441,0.779332,0.825551,0.801450,0.817548,0.767136,0.770114,0.786963,0.763661,0.820353,0.804993,0.791613,0.807522,0.761740,0.801450,0.763432,0.828172,0.753582,0.783338,0.766579,0.770275,0.797142,0.783058,0.740036,0.806226,0.798168,0.754916,0.824371,0.779245,0.774905,0.796026,0.788118,0.796896,0.813121,0.814917,0.832497,0.826918,0.824673,0.806035,0.801966,0.778778,0.801771,0.822419,0.775566,0.782226,0.795990,0.752384,0.775951,0.784970,0.820766,0.787979,0.776672,0.801011,0.778804,0.816130,0.805725,0.786175,0.806090,0.772744,0.785036,0.797737,0.772729,0.760317,0.778835,0.768162,0.759244,0.795996,0.799541,0.778963,0.809910,0.833139,0.775514,0.750457,0.767992,0.796697,0.768891,0.785172,0.785927,0.824933,0.791382,0.785983,0.825024,0.788487,0.772499,0.788777,0.825350,0.763475,0.838453,0.753575,0.791486,0.803056,0.774240,0.797008,0.774987,0.772274,0.811452,0.815350,0.807401,0.786501,0.795691,0.779994,0.815517,0.782132,0.811195,#
3,0.794517,0.838449,0.795475,1.000000,0.792207,0.805970,0.769999,0.791592,0.796696,0.798698,0.791119,0.786491,0.802573,0.778103,0.762458,0.784463,0.784672,0.769427,0.790270,0.786328,0.794740,0.814795,0.773758,0.769327,0.800369,0.804692,0.816446,0.813333,0.778165,0.785105,0.785890,0.828018,0.786084,0.807649,0.798694,0.794843,0.753625,0.799989,0.757303,0.832539,0.804740,0.777020,0.770610,0.777403,0.778277,0.816691,0.829132,0.803674,0.824677,0.798735,0.795992,0.761898,0.801256,0.773251,0.806304,0.810906,0.738862,0.799598,0.838282,0.792891,0.790045,0.785085,0.751060,0.791876,0.821847,0.811699,0.791872,0.790786,0.774315,0.797262,0.766415,0.812478,0.848890,0.796525,0.786808,0.785343,0.778261,0.800763,0.795429,0.820191,0.824484,0.789358,0.816622,0.798376,0.809282,0.812132,0.784206,0.791042,0.768057,0.799210,0.760573,0.789154,0.799019,0.813183,0.779038,0.794216,0.751192,0.769147,0.772270,0.805061,0.801551,0.782836,0.748543,0.771960,0.804709,0.776460,0.780046,0.823116,0.777572,0.762601,0.771011,0.789425,0.788456,0.772113,0.776185,0.807756,0.784927,0.777914,0.777083,0.742594,0.764600,0.808474,0.748613,0.808492,0.758194,0.778762,0.801908,0.804699,0.780147,0.788642,0.781138,0.809671,0.774349,0.809053,0.824003,0.791444,0.814847,0.771318,0.776888,0.765281,0.771842,0.783232,0.767585,0.774925,0.750270,0.815225,0.777304,0.773658,0.795392,0.755030,0.770812,0.794415,0.779505,0.781030,0.784144,0.736145,0.822467,0.801914,0.768889,0.808044,0.813066,0.808308,0.783514,0.828135,0.790556,0.796966,0.806827,0.761155,0.769752,0.762775,0.803519,0.782164,0.772060,0.797801,0.785174,0.787260,0.786193,0.807039,0.790906,0.769661,0.765876,0.819761,0.762606,0.788704,0.762380,0.801696,0.776852,0.715439,0.817448,0.811964,0.772222,0.790039,0.770005,0.772129,0.796826,0.799571,0.775433,0.802577,0.774734,0.806957,#
4,0.751804,0.799013,0.750068,0.792207,1.000000,0.809459,0.783309,0.760558,0.764264,0.764180,0.765148,0.776704,0.757632,0.757581,0.745729,0.772102,0.757368,0.779752,0.750706,0.800239,0.797765,0.788796,0.761563,0.785336,0.748867,0.742442,0.775407,0.767093,0.774870,0.774320,0.815976,0.767205,0.785075,0.750633,0.758624,0.793582,0.740926,0.769756,0.751292,0.812037,0.773356,0.737722,0.754309,0.781452,0.760375,0.754122,0.814458,0.770222,0.785705,0.784832,0.785449,0.759787,0.782677,0.711852,0.788024,0.791567,0.736771,0.784217,0.805219,0.764075,0.746797,0.765811,0.765762,0.758613,0.794069,0.823178,0.807340,0.740669,0.765719,0.779841,0.773593,0.807154,0.797937,0.762864,0.751525,0.764473,0.761732,0.792073,0.788883,0.790239,0.760907,0.784191,0.813085,0.751603,0.795043,0.750366,0.740822,0.742737,0.763513,0.795764,0.744509,0.734849,0.742244,0.790676,0.739918,0.771116,0.772411,0.733865,0.744145,0.760178,0.795591,0.795484,0.766293,0.763309,0.755146,0.736327,0.787589,0.787495,0.781683,0.780250,0.743635,0.756023,0.794487,0.805092,0.752617,0.763829,0.753735,0.815126,0.731242,0.714587,0.777464,0.774716,0.787497,0.788177,0.736847,0.777150,0.747844,0.753953,0.825929,0.787322,0.815871,0.800137,0.749452,0.769768,0.813454,0.780791,0.771984,0.799556,0.767596,0.735635,0.730341,0.792572,0.757347,0.775743,0.742129,0.767403,0.776978,0.732710,0.759711,0.785247,0.765917,0.821495,0.737339,0.725417,0.800938,0.755495,0.816254,0.782030,0.772324,0.755154,0.732879,0.781992,0.800301,0.776244,0.786572,0.754890,0.773074,0.743987,0.727556,0.747150,0.770051,0.759577,0.762107,0.753929,0.800898,0.764633,0.775028,0.804495,0.758671,0.764840,0.802230,0.770906,0.770654,0.752159,0.799099,0.788759,0.768979,0.775763,0.754072,0.751623,0.754515,0.747341,0.753610,0.763721,0.758521,0.720102,0.744473,0.773541,0.782106,0.759940,#
5,0.822375,0.850576,0.817829,0.805970,0.809459,1.000000,0.778967,0.809310,0.805233,0.770153,0.789553,0.798132,0.781125,0.763083,0.795806,0.784768,0.781417,0.801139,0.792976,0.835648,0.802568,0.786205,0.764325,0.792763,0.792667,0.801776,0.828531,0.824516,0.763025,0.812139,0.824165,0.823662,0.801717,0.823619,0.806719,0.825654,0.788359,0.791524,0.794815,0.822736,0.806641,0.779979,0.755911,0.777117,0.798306,0.813263,0.828239,0.825881,0.817083,0.810741,0.810503,0.766774,0.797873,0.804957,0.805806,0.855280,0.785653,0.812258,0.832877,0.805860,0.778357,0.787456,0.800050,0.828057,0.803530,0.794180,0.813681,0.789286,0.789264,0.816479,0.839815,0.820262,0.852639,0.805672,0.800930,0.784290,0.815520,0.828696,0.799197,0.803433,0.836710,0.820092,0.847511,0.803537,0.811497,0.797049,0.782843,0.805154,0.800918,0.805084,0.799834,0.752378,0.786136,0.822152,0.769579,0.737427,0.806369,0.779173,0.823042,0.767284,0.839314,0.809786,0.842349,0.808312,0.789496,0.795715,0.804768,0.816535,0.765910,0.793938,0.777192,0.801276,0.802908,0.755886,0.745523,0.778324,0.820121,0.827790,0.789560,0.770738,0.790755,0.810420,0.785200,0.856637,0.752928,0.793072,0.816553,0.787774,0.821877,0.782501,0.804164,0.848470,0.819977,0.829354,0.830245,0.780079,0.777413,0.817183,0.780267,0.768075,0.775211,0.755459,0.787898,0.803748,0.833324,0.766959,0.781178,0.784529,0.789070,0.820513,0.835182,0.816407,0.799458,0.788171,0.807907,0.753321,0.834239,0.805692,0.792601,0.809226,0.795407,0.832127,0.803048,0.799217,0.820528,0.780283,0.775914,0.806225,0.772076,0.757384,0.825900,0.787650,0.787270,0.788955,0.813516,0.793870,0.788559,0.838564,0.807617,0.815582,0.818489,0.806116,0.752967,0.775134,0.786265,0.815826,0.801149,0.773651,0.807276,0.818094,0.758480,0.821664,0.771312,0.824278,0.780680,0.791671,0.759884,0.814081,0.798303,0.797959,#
6,0.803183,0.796896,0.796994,0.769999,0.783309,0.778967,1.000000,0.766675,0.793038,0.778043,0.799213,0.787292,0.783072,0.792192,0.726315,0.799037,0.813131,0.820643,0.795130,0.782250,0.808295,0.763939,0.740580,0.774694,0.775196,0.778493,0.783399,0.791617,0.777095,0.789531,0.804282,0.818088,0.794458,0.798764,0.798723,0.796257,0.776464,0.793524,0.774179,0.820453,0.790267,0.788873,0.794423,0.784993,0.785428,0.745690,0.819121,0.777672,0.820970,0.821436,0.798653,0.794837,0.799651,0.713490,0.801482,0.799824,0.784529,0.814043,0.812958,0.764061,0.785213,0.795208,0.762067,0.768974,0.835757,0.795265,0.846656,0.785551,0.798577,0.772170,0.800467,0.832129,0.804072,0.799993,0.775871,0.787510,0.825219,0.813758,0.813173,0.782268,0.801666,0.799364,0.805461,0.835564,0.792316,0.784820,0.780748,0.779867,0.786058,0.796286,0.747986,0.763122,0.744090,0.795733,0.764866,0.787870,0.796727,0.779100,0.777268,0.780050,0.812098,0.798561,0.789421,0.785112,0.792891,0.744350,0.790940,0.790404,0.806162,0.741958,0.745558,0.747907,0.775203,0.788227,0.766990,0.788096,0.768440,0.797118,0.749703,0.767930,0.777601,0.793317,0.734355,0.816387,0.791378,0.787284,0.751616,0.781432,0.770190,0.777440,0.804301,0.810518,0.792743,0.756922,0.801644,0.806246,0.806490,0.789328,0.825187,0.783330,0.790729,0.778501,0.744690,0.780831,0.770956,0.802323,0.786713,0.788817,0.764640,0.767767,0.788062,0.820079,0.740132,0.763730,0.762454,0.756498,0.794341,0.739944,0.764943,0.798486,0.784738,0.791992,0.777408,0.787917,0.790492,0.805749,0.819828,0.747478,0.759203,0.762361,0.789682,0.792933,0.725825,0.758848,0.797644,0.794589,0.791869,0.820403,0.783292,0.769050,0.811048,0.789173,0.790590,0.796403,0.749402,0.772176,0.789964,0.766890,0.762280,0.771078,0.746138,0.799553,0.748166,0.779995,0.791685,0.787197,0.780606,0.796007,0.794985,0.783432,#
7,0.813836,0.821455,0.804624,0.791592,0.760558,0.809310,0.766675,1.000000,0.819085,0.763492,0.769849,0.775339,0.796711,0.787087,0.784399,0.761723,0.789232,0.803246,0.816562,0.800546,0.809699,0.777188,0.812352,0.771174,0.784053,0.810560,0.795790,0.800290,0.785169,0.817265,0.767025,0.800844,0.773506,0.786929,0.793982,0.800417,0.768661,0.798727,0.813578,0.803969,0.809851,0.793587,0.768006,0.769781,0.771944,0.796233,0.820085,0.806377,0.818643,0.793940,0.800341,0.774150,0.791860,0.800110,0.806970,0.789835,0.777502,0.795453,0.808649,0.810855,0.760890,0.788342,0.786740,0.776409,0.818230,0.813917,0.845843,0.784602,0.786971,0.772935,0.819213,0.756499,0.833488,0.798501,0.799283,0.770067,0.801005,0.783353,0.780962,0.777801,0.830575,0.788667,0.838754,0.794522,0.806293,0.800040,0.803392,0.787574,0.772820,0.796737,0.790314,0.783165,0.782113,0.782292,0.808064,0.792426,0.802534,0.814976,0.816046,0.802137,0.815053,0.767260,0.762540,0.763041,0.790623,0.773201,0.773116,0.816488,0.792603,0.741602,0.822097,0.774268,0.822956,0.771304,0.779592,0.793684,0.778449,0.774765,0.772239,0.788267,0.796174,0.795472,0.772233,0.819982,0.791716,0.784978,0.777568,0.802574,0.779892,0.783677,0.793776,0.812394,0.797999,0.750049,0.800336,0.821398,0.798527,0.823408,0.774335,0.772764,0.764142,0.785196,0.801143,0.777062,0.805969,0.804496,0.792060,0.729820,0.774723,0.770849,0.762132,0.810656,0.787733,0.740949,0.792837,0.800464,0.803728,0.803977,0.776685,0.781044,0.808653,0.774104,0.836907,0.771183,0.805148,0.784571,0.811548,0.771500,0.729028,0.733293,0.816986,0.789271,0.768917,0.803934,0.803952,0.756248,0.776474,0.792314,0.783743,0.773075,0.798335,0.781730,0.766948,0.791810,0.771095,0.799098,0.808336,0.764074,0.809778,0.819123,0.798694,0.807020,0.758230,0.779928,0.797440,0.772386,0.781060,0.832168,0.796728,0.794606,#
8,0.806377,0.822774,0.798493,0.796696,0.764264,0.805233,0.793038,0.819085,1.000000,0.805945,0.785789,0.812230,0.805603,0.807057,0.790762,0.800175,0.779077,0.796084,0.760758,0.817135,0.807133,0.793892,0.779415,0.779134,0.784544,0.799109,0.809597,0.794876,0.788795,0.783968,0.798720,0.803320,0.788615,0.781901,0.791091,0.839577,0.785972,0.801577,0.771582,0.803662,0.801458,0.768216,0.839199,0.780645,0.775061,0.763152,0.807535,0.771562,0.816560,0.806480,0.808468,0.779820,0.793873,0.800912,0.781141,0.811650,0.780219,0.811241,0.792401,0.756810,0.784353,0.801785,0.810672,0.804029,0.820433,0.830515,0.831158,0.827181,0.825850,0.790308,0.806871,0.823011,0.841708,0.797091,0.796964,0.769415,0.805117,0.815108,0.801225,0.810462,0.810740,0.798874,0.814302,0.808789,0.820101,0.792639,0.779607,0.808371,0.760510,0.773674,0.788435,0.773289,0.772716,0.788596,0.760293,0.775863,0.799224,0.816554,0.851864,0.815063,0.800504,0.750781,0.811099,0.826767,0.754316,0.788938,0.791258,0.814286,0.765105,0.797303,0.774421,0.781435,0.812943,0.764675,0.753342,0.803497,0.786690,0.779076,0.763971,0.800978,0.776403,0.778848,0.782756,0.836061,0.773315,0.804360,0.754553,0.779998,0.820081,0.798733,0.772927,0.818836,0.801880,0.778450,0.811598,0.812446,0.808514,0.797571,0.795564,0.786594,0.765686,0.787329,0.789069,0.755393,0.791791,0.780297,0.780950,0.767275,0.790305,0.798884,0.770730,0.832909,0.756272,0.816983,0.800599,0.754532,0.808000,0.818491,0.824288,0.787972,0.809459,0.770141,0.804477,0.777309,0.785153,0.784614,0.803943,0.802875,0.788566,0.743380,0.799206,0.817396,0.747518,0.797222,0.829830,0.783004,0.794756,0.830407,0.788823,0.764174,0.807916,0.802460,0.780951,0.779413,0.774006,0.776561,0.828223,0.768147,0.787956,0.811847,0.816796,0.807648,0.797083,0.789356,0.777704,0.752802,0.737241,0.800722,0.777805,0.831902,#
9,0.771066,0.809340,0.778969,0.798698,0.764180,0.770153,0.778043,0.763492,0.805945,1.000000,0.774913,0.755048,0.794306,0.795470,0.793908,0.770187,0.783462,0.794321,0.766613,0.769551,0.820086,0.774467,0.745598,0.781015,0.762158,0.751031,0.792410,0.836683,0.737905,0.792054,0.745778,0.799328,0.788849,0.772807,0.770766,0.796236,0.765978,0.774001,0.773642,0.807987,0.791899,0.785687,0.747650,0.765869,0.783970,0.755440,0.791546,0.774108,0.791467,0.798332,0.777976,0.754384,0.749864,0.757162,0.772945,0.789600,0.765984,0.830241,0.750057,0.783867,0.787697,0.772435,0.776275,0.763882,0.762824,0.826625,0.827038,0.785355,0.814219,0.780072,0.788435,0.778099,0.808714,0.777648,0.774706,0.771254,0.790177,0.819007,0.783746,0.828287,0.796297,0.808594,0.799291,0.824339,0.802667,0.772906,0.779391,0.806226,0.761680,0.784630,0.786556,0.755289,0.796420,0.776520,0.784795,0.752890,0.747898,0.757090,0.793818,0.806879,0.810111,0.794217,0.793145,0.780145,0.782428,0.787759,0.769807,0.811817,0.800243,0.786193,0.790770,0.796543,0.812069,0.757139,0.758631,0.817026,0.731340,0.777920,0.751150,0.754636,0.753727,0.785551,0.766983,0.815232,0.776581,0.771394,0.792109,0.760301,0.807389,0.754317,0.763327,0.809450,0.772524,0.791887,0.809987,0.749650,0.780454,0.783592,0.771027,0.778522,0.792584,0.828750,0.786209,0.800354,0.779839,0.821135,0.787738,0.788005,0.777800,0.785856,0.741649,0.785900,0.769796,0.780138,0.772234,0.769367,0.770305,0.791414,0.781055,0.804604,0.779226,0.816249,0.805431,0.789287,0.783260,0.800667,0.759367,0.788945,0.782243,0.752548,0.793217,0.787578,0.755547,0.744876,0.802598,0.802428,0.792479,0.825890,0.771057,0.785356,0.797050,0.793066,0.776114,0.762459,0.757557,0.803493,0.778982,0.750458,0.816425,0.751337,0.760229,0.790435,0.751684,0.754826,0.738761,0.751859,0.770362,0.783412,0.752312,0.770996,#
10,0.801640,0.820721,0.796257,0.791119,0.765148,0.789553,0.799213,0.769849,0.785789,0.774913,1.000000,0.804166,0.774569,0.781922,0.744873,0.785920,0.802284,0.778470,0.809138,0.792844,0.797971,0.774387,0.769856,0.817173,0.749238,0.772832,0.791892,0.828125,0.787083,0.808079,0.796548,0.786864,0.787007,0.798580,0.804340,0.797873,0.795723,0.805867,0.782707,0.800269,0.810103,0.751289,0.771573,0.748928,0.778668,0.801743,0.855465,0.795355,0.809544,0.835081,0.767992,0.795958,0.796287,0.746505,0.799101,0.830334,0.799297,0.831618,0.769232,0.782256,0.793291,0.804019,0.822518,0.810247,0.814101,0.769032,0.826774,0.764016,0.815808,0.779618,0.832817,0.821391,0.830994,0.760544,0.782553,0.821883,0.785624,0.827928,0.812174,0.773246,0.833265,0.781581,0.820866,0.798977,0.797759,0.790732,0.806439,0.788332,0.774846,0.827212,0.758143,0.798695,0.802525,0.776990,0.756404,0.793604,0.767928,0.811845,0.797489,0.814539,0.800744,0.780942,0.789391,0.810491,0.795893,0.776847,0.793250,0.782581,0.781668,0.777457,0.778579,0.766646,0.814159,0.779429,0.762432,0.803377,0.750146,0.785166,0.772425,0.757533,0.784296,0.805047,0.737577,0.808225,0.734578,0.792043,0.799103,0.790654,0.808634,0.776022,0.775192,0.814889,0.784059,0.781656,0.827977,0.834993,0.782921,0.771571,0.808609,0.795746,0.807088,0.785859,0.772130,0.799109,0.755008,0.782952,0.803671,0.778503,0.791305,0.791273,0.784577,0.786621,0.774107,0.790054,0.801858,0.752395,0.817311,0.811433,0.785802,0.774900,0.806816,0.772576,0.785553,0.799001,0.790064,0.791610,0.806704,0.787722,0.784661,0.776514,0.773211,0.802965,0.736806,0.772294,0.825049,0.788520,0.770091,0.815751,0.760048,0.808984,0.774823,0.767174,0.785998,0.773679,0.731022,0.789923,0.803905,0.780085,0.749141,0.800790,0.775114,0.775561,0.765652,0.812308,0.791765,0.778997,0.766769,0.799459,0.798526,0.815602,#
11,0.822151,0.802733,0.768937,0.786491,0.776704,0.798132,0.787292,0.775339,0.812230,0.755048,0.804166,1.000000,0.807858,0.791291,0.791214,0.795058,0.791558,0.817964,0.825420,0.794912,0.781801,0.762098,0.798651,0.782205,0.782746,0.781801,0.778322,0.795823,0.793121,0.764544,0.816893,0.814051,0.809561,0.781378,0.765900,0.800134,0.796307,0.808672,0.756604,0.803440,0.819668,0.758472,0.784610,0.754250,0.777257,0.756058,0.838984,0.814436,0.797746,0.823217,0.762638,0.757776,0.820040,0.759227,0.812597,0.803067,0.751013,0.841102,0.793664,0.798658,0.750920,0.776689,0.825426,0.789788,0.798946,0.795050,0.820733,0.793686,0.814082,0.785554,0.801190,0.778795,0.814587,0.806821,0.823074,0.784066,0.803873,0.837271,0.805107,0.778806,0.799231,0.778637,0.818541,0.800005,0.806240,0.779283,0.748651,0.771438,0.765136,0.769080,0.766694,0.779518,0.766827,0.784092,0.736778,0.804085,0.781564,0.798436,0.782236,0.790008,0.792846,0.784858,0.797883,0.802731,0.797419,0.766776,0.793044,0.817648,0.799013,0.768376,0.805149,0.810148,0.809089,0.748435,0.751349,0.782443,0.776600,0.789258,0.758999,0.811765,0.769375,0.783747,0.768157,0.837078,0.766121,0.785884,0.801822,0.804930,0.815238,0.797771,0.802669,0.800985,0.820464,0.782422,0.815426,0.799317,0.809372,0.792947,0.789970,0.786924,0.767870,0.755806,0.782205,0.814348,0.795479,0.763265,0.829457,0.769301,0.771761,0.781280,0.776789,0.785882,0.781657,0.817808,0.800044,0.761799,0.809864,0.782749,0.769464,0.778942,0.804510,0.789849,0.816082,0.787141,0.826587,0.782662,0.822825,0.760706,0.780966,0.791861,0.808495,0.794940,0.786594,0.832940,0.802466,0.790625,0.803229,0.804219,0.772105,0.801290,0.801425,0.758096,0.801081,0.781746,0.790301,0.747503,0.800885,0.799359,0.759836,0.759823,0.795324,0.805360,0.764277,0.782154,0.776861,0.787888,0.753790,0.808021,0.787876,0.771547,#
12,0.812650,0.822781,0.763888,0.802573,0.757632,0.781125,0.783072,0.796711,0.805603,0.794306,0.774569,0.807858,1.000000,0.789777,0.802747,0.765537,0.779930,0.790318,0.814789,0.788983,0.807568,0.756243,0.789681,0.789352,0.784719,0.799358,0.770648,0.791240,0.781660,0.784462,0.780782,0.783714,0.774015,0.807970,0.812738,0.808842,0.778329,0.797197,0.790373,0.796687,0.742566,0.726127,0.754355,0.779356,0.783830,0.772676,0.834583,0.780319,0.805680,0.816477,0.817778,0.752022,0.767756,0.768833,0.809222,0.803250,0.762047,0.788795,0.792242,0.774744,0.747462,0.765005,0.786674,0.763043,0.801957,0.811850,0.806428,0.783029,0.820326,0.794267,0.787463,0.788044,0.824343,0.787507,0.808395,0.793909,0.798929,0.806589,0.793407,0.804999,0.815774,0.793381,0.824589,0.797594,0.773688,0.801676,0.754520,0.797023,0.763486,0.772977,0.793640,0.752754,0.783073,0.777557,0.736665,0.788504,0.799405,0.774878,0.767519,0.751484,0.778430,0.793103,0.788149,0.785847,0.757381,0.764656,0.764489,0.788308,0.790812,0.776900,0.782084,0.768130,0.802424,0.743845,0.805661,0.784905,0.740930,0.774616,0.778078,0.768473,0.775650,0.803409,0.765968,0.820108,0.783041,0.819390,0.783723,0.764629,0.774992,0.786367,0.736509,0.767164,0.767145,0.763870,0.776737,0.798417,0.751154,0.796664,0.773328,0.729870,0.786110,0.777615,0.759054,0.804909,0.748251,0.776620,0.807689,0.748602,0.767080,0.799599,0.781252,0.776497,0.790415,0.737354,0.783871,0.783214,0.819248,0.818889,0.808539,0.764602,0.779862,0.807368,0.811943,0.782633,0.830956,0.757295,0.786603,0.791306,0.754969,0.757839,0.810196,0.757753,0.767262,0.792404,0.782910,0.759457,0.821738,0.832461,0.736237,0.752761,0.792585,0.796818,0.782784,0.766412,0.725086,0.772165,0.772999,0.782454,0.797004,0.778525,0.748288,0.786941,0.722256,0.776312,0.766373,0.777748,0.757243,0.808799,0.803003,0.764314,#
13,0.771766,0.830172,0.791340,0.778103,0.757581,0.763083,0.792192,0.787087,0.807057,0.795470,0.781922,0.791291,0.789777,1.000000,0.753954,0.771940,0.760173,0.813932,0.815385,0.784369,0.801662,0.777728,0.818386,0.787407,0.772171,0.802038,0.766163,0.810609,0.788065,0.821591,0.765039,0.791769,0.800713,0.813113,0.732496,0.792625,0.784565,0.816419,0.792514,0.810872,0.845096,0.763867,0.792231,0.741488,0.807528,0.792465,0.805181,0.801763,0.839503,0.819975,0.778950,0.807535,0.784684,0.764458,0.822410,0.827510,0.795331,0.820094,0.795738,0.790355,0.788005,0.790806,0.764689,0.789768,0.821263,0.812385,0.839665,0.791355,0.826477,0.791013,0.770324,0.803823,0.810599,0.817837,0.807329,0.773550,0.796049,0.810507,0.824767,0.788658,0.793765,0.791549,0.833281,0.820136,0.794469,0.814260,0.733298,0.781570,0.814498,0.794557,0.761316,0.791166,0.787565,0.802973,0.762926,0.755943,0.781985,0.770628,0.786422,0.814676,0.814376,0.790412,0.804435,0.811410,0.785769,0.805257,0.776320,0.827430,0.769165,0.771523,0.777359,0.788594,0.796228,0.775230,0.778248,0.803789,0.752801,0.793481,0.778780,0.746304,0.802503,0.792757,0.759768,0.793687,0.773552,0.772223,0.791444,0.778792,0.801481,0.780844,0.780469,0.780327,0.781454,0.778638,0.797821,0.804794,0.779097,0.805182,0.844599,0.772618,0.787379,0.799934,0.798371,0.770920,0.747070,0.791576,0.802511,0.769466,0.796823,0.766137,0.797999,0.819093,0.763417,0.801879,0.773867,0.770482,0.815072,0.768947,0.805861,0.775637,0.805667,0.790482,0.803684,0.798301,0.811264,0.786191,0.811874,0.793178,0.780599,0.758560,0.793078,0.795216,0.777740,0.815349,0.831914,0.806233,0.803438,0.834326,0.780858,0.779387,0.797968,0.776723,0.816812,0.778446,0.758596,0.790969,0.775637,0.771484,0.758676,0.781667,0.801420,0.807751,0.782246,0.796192,0.798153,0.760455,0.770936,0.841844,0.792705,0.777924,#
14,0.794694,0.813175,0.780164,0.762458,0.745729,0.795806,0.726315,0.784399,0.790762,0.793908,0.744873,0.791214,0.802747,0.753954,1.000000,0.752060,0.770345,0.778200,0.738707,0.772942,0.763167,0.761023,0.773142,0.797823,0.742103,0.720539,0.778214,0.787690,0.743675,0.785163,0.819092,0.756959,0.755201,0.742146,0.776083,0.781962,0.746204,0.784610,0.800464,0.755057,0.780939,0.734473,0.762354,0.765060,0.756806,0.758367,0.794970,0.746202,0.760651,0.763465,0.753670,0.754813,0.759722,0.777019,0.762458,0.786332,0.766662,0.775523,0.786132,0.722253,0.766876,0.774877,0.775561,0.764319,0.763640,0.783432,0.788996,0.757234,0.803950,0.769877,0.775194,0.756566,0.816080,0.771190,0.793610,0.769283,0.760630,0.794663,0.751573,0.760921,0.793442,0.773788,0.817285,0.814110,0.782413,0.777970,0.744193,0.768341,0.777817,0.750162,0.759206,0.722854,0.776024,0.811132,0.769386,0.764955,0.767566,0.759963,0.767780,0.748401,0.771704,0.761471,0.785541,0.741014,0.759374,0.773393,0.760667,0.762207,0.789020,0.766671,0.771167,0.783248,0.802480,0.730685,0.721693,0.767021,0.743696,0.744977,0.733912,0.750080,0.791948,0.764093,0.753860,0.807826,0.772029,0.708738,0.756614,0.786170,0.748646,0.773435,0.738231,0.797840,0.767605,0.761643,0.770325,0.761738,0.793627,0.781436,0.768749,0.759180,0.757567,0.777634,0.737791,0.802026,0.768376,0.786441,0.797710,0.730220,0.756334,0.732322,0.789416,0.771813,0.757733,0.757340,0.794333,0.742233,0.783698,0.761410,0.744223,0.762481,0.766060,0.748141,0.788447,0.754954,0.801705,0.752407,0.746705,0.764243,0.721667,0.760905,0.767609,0.731185,0.750784,0.786422,0.796355,0.769495,0.749976,0.794991,0.747422,0.769098,0.775512,0.774013,0.760394,0.756483,0.744613,0.771744,0.801609,0.746861,0.746956,0.745505,0.743227,0.765022,0.771754,0.769131,0.734590,0.734673,0.742033,0.784181,0.730377,0.735795,#
15,0.777370,0.797352,0.775139,0.784463,0.772102,0.784768,0.799037,0.761723,0.800175,0.770187,0.785920,0.795058,0.765537,0.771940,0.752060,1.000000,0.773456,0.795671,0.794877,0.786717,0.768650,0.781345,0.753627,0.781163,0.760489,0.764734,0.746877,0.773255,0.770754,0.766508,0.804387,0.805991,0.775887,0.810467,0.755457,0.805492,0.785297,0.817979,0.772582,0.774214,0.761901,0.734705,0.776059,0.758061,0.786020,0.764101,0.823602,0.775076,0.801396,0.797150,0.766302,0.775380,0.757084,0.756916,0.780531,0.775640,0.787562,0.783983,0.770144,0.767964,0.791280,0.804582,0.771940,0.781530,0.795869,0.783375,0.801091,0.785844,0.768939,0.755149,0.792693,0.769892,0.770940,0.769545,0.789489,0.774800,0.798672,0.792786,0.806566,0.768187,0.787932,0.783022,0.803891,0.812584,0.813209,0.777659,0.709719,0.779569,0.762321,0.731119,0.733575,0.754865,0.777082,0.784947,0.710597,0.771222,0.757784,0.779157,0.769807,0.783072,0.795785,0.769279,0.793682,0.788392,0.769313,0.766010,0.760270,0.796505,0.755212,0.793632,0.743079,0.720976,0.802246,0.754035,0.756643,0.771716,0.732255,0.772137,0.740851,0.795597,0.742265,0.778631,0.749500,0.804803,0.726017,0.752701,0.769982,0.753074,0.799996,0.813319,0.783555,0.771975,0.747899,0.730387,0.787682,0.797041,0.797854,0.766763,0.771890,0.769219,0.744309,0.750143,0.758901,0.756212,0.763364,0.779294,0.757808,0.757413,0.773632,0.762301,0.796404,0.803764,0.780442,0.804218,0.766511,0.758804,0.788073,0.748120,0.770766,0.782443,0.763131,0.786987,0.807875,0.762850,0.796858,0.765353,0.789299,0.766759,0.766728,0.740357,0.726351,0.791756,0.711287,0.802132,0.788364,0.802375,0.767910,0.790405,0.771518,0.776774,0.788296,0.794138,0.752108,0.777236,0.777572,0.741075,0.750324,0.724422,0.728414,0.766362,0.754067,0.801492,0.753605,0.765491,0.760559,0.749379,0.756098,0.785298,0.803789,0.797006,#
16,0.808632,0.818080,0.780565,0.784672,0.757368,0.781417,0.813131,0.789232,0.779077,0.783462,0.802284,0.791558,0.779930,0.760173,0.770345,0.773456,1.000000,0.796878,0.823777,0.803905,0.843783,0.759435,0.745767,0.783107,0.764402,0.802082,0.794454,0.766428,0.749935,0.777007,0.812285,0.813491,0.790437,0.775818,0.785781,0.804467,0.810346,0.813555,0.794215,0.820824,0.788927,0.767318,0.761117,0.756686,0.769768,0.782803,0.808178,0.768527,0.803305,0.819801,0.757634,0.770997,0.785161,0.787987,0.796909,0.813080,0.727512,0.799427,0.786603,0.764370,0.794065,0.798140,0.770039,0.764084,0.800062,0.778443,0.836390,0.789370,0.817436,0.809162,0.800532,0.793434,0.819265,0.778119,0.791178,0.764408,0.795561,0.802378,0.778679,0.815524,0.835787,0.799710,0.832099,0.799934,0.804053,0.786869,0.782398,0.748854,0.757495,0.796966,0.735382,0.772544,0.790534,0.777518,0.768318,0.800911,0.776684,0.784961,0.798355,0.788121,0.814677,0.783918,0.779602,0.795918,0.780058,0.800260,0.790314,0.786896,0.833584,0.771665,0.798897,0.786440,0.816859,0.773598,0.787254,0.824117,0.821896,0.790222,0.748415,0.712617,0.748366,0.787330,0.761888,0.806810,0.789307,0.773334,0.743142,0.759273,0.799941,0.761889,0.811812,0.792354,0.792955,0.764818,0.804375,0.825979,0.786436,0.776854,0.775197,0.747256,0.769407,0.775474,0.789497,0.780053,0.752107,0.763955,0.808931,0.783185,0.780803,0.769497,0.768774,0.795325,0.735097,0.771204,0.822103,0.765677,0.802718,0.777127,0.754564,0.784007,0.782290,0.761585,0.829796,0.773973,0.822160,0.810617,0.797384,0.791402,0.764407,0.755060,0.753288,0.798376,0.764027,0.799018,0.811735,0.773838,0.758347,0.849443,0.774785,0.775495,0.796086,0.769018,0.779630,0.778512,0.745017,0.770681,0.799264,0.763868,0.787677,0.779327,0.794513,0.796073,0.766649,0.795453,0.793752,0.773024,0.774846,0.806682,0.797572,0.784070,#
17,0.812289,0.803522,0.808854,0.769427,0.779752,0.801139,0.820643,0.803246,0.796084,0.794321,0.778470,0.817964,0.790318,0.813932,0.778200,0.795671,0.796878,1.000000,0.805137,0.826203,0.793860,0.785834,0.783117,0.774952,0.814914,0.796969,0.781753,0.807519,0.773273,0.796704,0.801019,0.819155,0.750898,0.769516,0.766642,0.789486,0.778031,0.823781,0.811547,0.828514,0.803136,0.789792,0.778787,0.771624,0.790200,0.794596,0.820949,0.822828,0.821820,0.826533,0.797634,0.753812,0.796412,0.766498,0.815030,0.817231,0.794096,0.792209,0.803249,0.765038,0.787598,0.782377,0.808629,0.776263,0.785951,0.820238,0.856828,0.790809,0.796171,0.769742,0.820899,0.790748,0.798829,0.821699,0.815041,0.763094,0.801506,0.826694,0.819925,0.813351,0.808649,0.798074,0.842772,0.837777,0.796639,0.784393,0.799047,0.791607,0.768134,0.786765,0.774336,0.758534,0.798053,0.800364,0.779767,0.802230,0.784235,0.758961,0.780967,0.827245,0.815275,0.774359,0.798852,0.775176,0.759996,0.798562,0.775663,0.797297,0.766493,0.786340,0.798753,0.759696,0.821572,0.792205,0.808299,0.775691,0.749012,0.792491,0.774813,0.781952,0.785820,0.796431,0.767898,0.802333,0.770988,0.780989,0.774178,0.792273,0.800911,0.783131,0.808914,0.830676,0.812559,0.769518,0.798405,0.812043,0.820157,0.809418,0.791995,0.806769,0.799863,0.795212,0.835949,0.803317,0.803318,0.784045,0.777899,0.748012,0.803898,0.766511,0.813924,0.803789,0.777443,0.806130,0.781256,0.807562,0.842623,0.782967,0.789188,0.804591,0.790443,0.789679,0.854788,0.771872,0.810314,0.781155,0.765590,0.766840,0.776455,0.748513,0.799234,0.775828,0.780474,0.779217,0.832150,0.772693,0.791926,0.827146,0.784289,0.819355,0.798273,0.827538,0.788838,0.812422,0.786032,0.758033,0.817407,0.803203,0.761600,0.759868,0.792581,0.812897,0.761259,0.798241,0.781788,0.812739,0.767732,0.814272,0.790046,0.745752,#
18,0.796842,0.827158,0.790032,0.790270,0.750706,0.792976,0.795130,0.816562,0.760758,0.766613,0.809138,0.825420,0.814789,0.815385,0.738707,0.794877,0.823777,0.805137,1.000000,0.804504,0.799906,0.803317,0.782561,0.766281,0.764498,0.818419,0.788342,0.800451,0.780438,0.817916,0.762383,0.824205,0.796613,0.819072,0.787258,0.831327,0.782308,0.828553,0.800111,0.818461,0.820685,0.756471,0.789724,0.744883,0.790074,0.785213,0.836347,0.829379,0.821151,0.795760,0.758461,0.777482,0.800489,0.742761,0.804405,0.805277,0.774034,0.804721,0.799803,0.820289,0.784833,0.784341,0.769424,0.762573,0.824752,0.775728,0.822423,0.777235,0.765451,0.795156,0.789762,0.772717,0.815940,0.782202,0.821043,0.764103,0.803328,0.798798,0.811719,0.784943,0.802940,0.770858,0.838167,0.811656,0.823287,0.822390,0.749622,0.796656,0.782312,0.772407,0.779529,0.759215,0.800623,0.819418,0.792129,0.777581,0.782133,0.798556,0.798878,0.794234,0.818784,0.764230,0.789364,0.793876,0.792107,0.813940,0.776552,0.814395,0.810856,0.784904,0.816340,0.766127,0.811518,0.771436,0.772170,0.775907,0.771456,0.770023,0.778981,0.767485,0.792475,0.799216,0.755509,0.807554,0.790502,0.762356,0.823226,0.752096,0.828884,0.759057,0.797863,0.805537,0.783574,0.762902,0.804239,0.816816,0.804596,0.798706,0.792421,0.768037,0.753516,0.804084,0.779232,0.816195,0.787706,0.793051,0.792706,0.745620,0.813527,0.775926,0.785879,0.809411,0.813586,0.784305,0.800679,0.801968,0.795252,0.798111,0.752515,0.771485,0.801243,0.781393,0.843380,0.774928,0.814019,0.787021,0.853415,0.770865,0.743182,0.762833,0.794443,0.807517,0.789266,0.816286,0.797392,0.784526,0.785397,0.837246,0.772857,0.797729,0.804257,0.787767,0.769758,0.784267,0.755019,0.788577,0.791224,0.776026,0.757752,0.796678,0.790031,0.814507,0.741154,0.814654,0.797328,0.781556,0.751074,0.846678,0.801353,0.798110,#
19,0.811537,0.827156,0.815579,0.786328,0.800239,0.835648,0.782250,0.800546,0.817135,0.769551,0.792844,0.794912,0.788983,0.784369,0.772942,0.786717,0.803905,0.826203,0.804504,1.000000,0.809311,0.774453,0.768472,0.776985,0.786621,0.774037,0.809119,0.781578,0.766075,0.806334,0.808098,0.836561,0.802022,0.784127,0.780838,0.841978,0.778790,0.810348,0.799084,0.815437,0.819740,0.782554,0.774289,0.771866,0.766952,0.800416,0.841299,0.800559,0.821456,0.799613,0.781384,0.756318,0.791165,0.786038,0.793200,0.799806,0.813457,0.800909,0.783545,0.760523,0.797386,0.769134,0.804767,0.799041,0.812562,0.810896,0.839286,0.787309,0.818918,0.792435,0.808789,0.791686,0.823770,0.788828,0.782791,0.767607,0.776849,0.798157,0.787907,0.799527,0.835919,0.781824,0.841466,0.800038,0.817323,0.774352,0.783618,0.789038,0.801079,0.778601,0.766456,0.773703,0.776395,0.812530,0.762945,0.761612,0.790919,0.802370,0.803999,0.815047,0.821192,0.776412,0.807270,0.797323,0.782491,0.769595,0.810044,0.786894,0.783170,0.748550,0.799070,0.767162,0.800303,0.772748,0.780368,0.782488,0.800342,0.793615,0.780966,0.745847,0.810116,0.794886,0.759119,0.844003,0.774967,0.790190,0.789079,0.795885,0.851519,0.814565,0.808584,0.830997,0.801760,0.795295,0.802493,0.825065,0.778112,0.790691,0.803594,0.758411,0.768286,0.787750,0.770757,0.783183,0.787159,0.756342,0.767742,0.731729,0.807890,0.789822,0.777332,0.830013,0.775223,0.786532,0.813571,0.773006,0.839284,0.795359,0.801911,0.796461,0.801115,0.815090,0.814933,0.795908,0.828700,0.794965,0.774830,0.801088,0.749195,0.764920,0.769071,0.818821,0.796158,0.788118,0.838543,0.772970,0.799257,0.841523,0.787517,0.770790,0.779724,0.821259,0.810404,0.817513,0.770590,0.772190,0.782220,0.790046,0.792217,0.801253,0.780268,0.798737,0.749984,0.818963,0.795731,0.796092,0.776585,0.783837,0.791037,0.774586,#
20,0.802957,0.848098,0.789152,0.794740,0.797765,0.802568,0.808295,0.809699,0.807133,0.820086,0.797971,0.781801,0.807568,0.801662,0.763167,0.768650,0.843783,0.793860,0.799906,0.809311,1.000000,0.792191,0.771254,0.819457,0.791701,0.817077,0.797184,0.811523,0.792223,0.802134,0.799951,0.807789,0.807777,0.826089,0.795589,0.822740,0.777271,0.794250,0.793463,0.841662,0.818704,0.809887,0.759549,0.768879,0.811811,0.777986,0.831242,0.796841,0.817016,0.816617,0.780781,0.805718,0.780035,0.797188,0.816490,0.785889,0.741323,0.806590,0.803212,0.777201,0.804793,0.791487,0.815682,0.782813,0.814802,0.826042,0.845636,0.773684,0.817742,0.789866,0.810354,0.804370,0.819837,0.804265,0.792315,0.748483,0.799349,0.817035,0.833680,0.821522,0.812049,0.824448,0.838469,0.807255,0.776670,0.790888,0.791102,0.796261,0.795970,0.843301,0.795825,0.784864,0.780543,0.808860,0.785793,0.797499,0.772812,0.765417,0.800915,0.808473,0.847952,0.801469,0.797682,0.830159,0.793499,0.785400,0.825273,0.808996,0.800929,0.823619,0.781123,0.813963,0.803420,0.744359,0.804302,0.808533,0.790595,0.804114,0.738366,0.739984,0.808158,0.810017,0.764396,0.847507,0.775863,0.804453,0.784771,0.762619,0.800848,0.797870,0.802796,0.812219,0.823125,0.810127,0.814132,0.795036,0.773414,0.836621,0.812194,0.814220,0.785317,0.779727,0.780107,0.806353,0.793523,0.776312,0.804043,0.778350,0.785088,0.802213,0.794085,0.819324,0.789359,0.786699,0.807857,0.790219,0.811396,0.821282,0.797671,0.802072,0.802719,0.809287,0.809975,0.800778,0.829434,0.773950,0.779738,0.796049,0.770282,0.736640,0.800093,0.789862,0.801220,0.801191,0.814485,0.786404,0.778170,0.850633,0.786874,0.795121,0.806778,0.781593,0.791885,0.784444,0.759931,0.813088,0.807475,0.791908,0.787446,0.781229,0.777728,0.806823,0.804972,0.820235,0.804620,0.776287,0.784498,0.821041,0.802787,0.795935,#
21,0.777039,0.859154,0.787562,0.814795,0.788796,0.786205,0.763939,0.777188,0.793892,0.774467,0.774387,0.762098,0.756243,0.777728,0.761023,0.781345,0.759435,0.785834,0.803317,0.774453,0.792191,1.000000,0.783955,0.790738,0.744222,0.756872,0.796502,0.751847,0.778898,0.769184,0.759780,0.776332,0.783808,0.805592,0.788896,0.823375,0.777705,0.791228,0.791822,0.782797,0.788067,0.787965,0.770796,0.751108,0.783969,0.789698,0.795015,0.809738,0.800925,0.784248,0.749122,0.787852,0.779474,0.746430,0.810790,0.790839,0.762329,0.782904,0.831143,0.752028,0.774127,0.782707,0.736238,0.753059,0.805183,0.796129,0.820037,0.770282,0.779541,0.786705,0.765882,0.805657,0.803569,0.794107,0.812027,0.791685,0.771807,0.792648,0.791198,0.791979,0.777765,0.767071,0.825248,0.798311,0.825179,0.784806,0.738185,0.809723,0.796830,0.786691,0.738647,0.724933,0.790106,0.795263,0.778477,0.772801,0.780544,0.748804,0.770445,0.798365,0.794941,0.785694,0.749761,0.774959,0.739536,0.799242,0.750870,0.799630,0.761611,0.797623,0.793085,0.761252,0.783139,0.781825,0.734470,0.743237,0.775423,0.812994,0.764868,0.767302,0.786271,0.769739,0.742536,0.787130,0.759843,0.744182,0.791972,0.773589,0.785346,0.797505,0.794707,0.804687,0.755579,0.764269,0.813328,0.759361,0.735174,0.747351,0.778958,0.791454,0.765972,0.777537,0.740982,0.779409,0.763057,0.777104,0.764663,0.734620,0.757936,0.773219,0.768564,0.813030,0.759000,0.766483,0.772695,0.770267,0.806710,0.769195,0.755937,0.773488,0.774089,0.807869,0.800272,0.783172,0.803148,0.771413,0.793609,0.754479,0.708922,0.767118,0.800023,0.761017,0.766966,0.763038,0.781134,0.773331,0.731335,0.799943,0.773981,0.770251,0.772571,0.805082,0.782564,0.770301,0.755369,0.804246,0.778786,0.718332,0.738704,0.779077,0.760322,0.775356,0.763998,0.772271,0.781707,0.748220,0.775349,0.801148,0.736856,0.809666,#
