0,1.000000,0.804092,0.814350,0.804750,0.773576,0.821596,0.801057,0.805240,0.816781,0.778038,0.800551,0.820842,0.775345,0.801726,0.808667,0.816598,0.839198,0.848518,0.813577,0.819601,0.823253,0.776134,0.833385,0.848580,0.759405,0.786375,0.800913,0.787932,0.779925,0.805964,0.788661,0.824586,0.807257,0.797119,0.828380,0.803790,0.786554,0.809051,0.813464,0.816145,0.821903,0.787006,0.840553,0.778895,0.816970,0.777471,0.809075,0.838476,0.810572,0.832761,0.809882,0.834589,0.814621,0.818282,0.837004,0.831515,0.818834,0.843935,0.803791,0.809623,0.823347,0.800870,0.822787,0.824291,0.827705,0.798602,0.840763,0.813600,0.807957,0.782361,0.786443,0.786341,0.847209,0.830873,0.805677,0.775575,0.844145,0.814187,0.820083,0.787516,0.829644,0.794611,0.817852,0.815788,0.829538,0.832969,0.827244,0.816587,0.790215,0.808057,0.782497,0.817847,0.819946,0.805714,0.803848,0.819717,0.804483,0.763938,0.818549,0.831945,0.814100,0.800443,0.820652,0.830871,0.790052,0.823603,0.806495,0.830536,0.809245,0.754040,0.801670,0.812555,0.808918,0.798158,0.809756,0.836908,0.801574,0.783777,0.785524,0.797546,0.768510,0.839131,0.830567,0.840932,0.833870,0.810952,0.789223,0.781109,0.756869,0.813324,0.807683,0.801004,0.812019,0.775705,0.822263,0.813619,0.794768,0.809052,0.772982,0.822823,0.803397,0.798110,0.771941,0.820038,0.806835,0.724847,0.787926,0.770532,0.815049,0.802422,0.801126,0.827948,0.795682,0.769080,0.808327,0.799570,0.834858,0.815827,0.843440,0.799041,0.829747,0.820329,0.804687,0.798873,0.785904,0.816989,0.812999,0.797731,0.825809,0.797586,0.803279,0.810046,0.810866,0.830149,0.808159,0.803362,0.836244,0.826007,0.798521,0.782801,0.786772,0.821789,0.786855,0.779471,0.791893,0.792718,0.769555,0.819477,0.796991,0.785650,0.794707,0.834145,0.811622,0.800844,0.803472,0.818188,0.788611,0.822686,0.811522,0.791860,#
1,0.804092,1.000000,0.795229,0.800370,0.787415,0.818294,0.780451,0.807635,0.827340,0.797346,0.812580,0.811610,0.780631,0.783993,0.779692,0.811416,0.789253,0.796713,0.780721,0.803284,0.798407,0.834164,0.816952,0.796336,0.782757,0.751687,0.791164,0.828253,0.768370,0.766648,0.821652,0.817265,0.799534,0.821320,0.776070,0.806738,0.772127,0.809243,0.824632,0.801673,0.806617,0.770584,0.801134,0.779654,0.785430,0.788939,0.830263,0.793811,0.828749,0.801191,0.793805,0.834151,0.815848,0.781510,0.837391,0.811267,0.784326,0.812141,0.798985,0.783261,0.787924,0.788938,0.765155,0.779281,0.818339,0.827608,0.833328,0.829757,0.805967,0.806729,0.798719,0.801902,0.856125,0.782634,0.803566,0.795551,0.790946,0.782259,0.818822,0.782868,0.820186,0.793367,0.809749,0.819131,0.826493,0.798586,0.801222,0.832744,0.809007,0.783235,0.768016,0.807322,0.806545,0.812180,0.791038,0.796705,0.791059,0.776234,0.787737,0.797836,0.815316,0.804382,0.785396,0.785742,0.756387,0.814252,0.783724,0.826381,0.795272,0.757606,0.789059,0.782089,0.788002,0.805001,0.786154,0.810846,0.803202,0.794734,0.769467,0.761650,0.793518,0.816658,0.802735,0.818028,0.793056,0.774468,0.793883,0.794047,0.805092,0.830133,0.774650,0.832080,0.782329,0.787565,0.835661,0.787966,0.801183,0.795368,0.787765,0.795135,0.813157,0.800696,0.791635,0.832512,0.810304,0.750727,0.768041,0.762611,0.825450,0.764679,0.834654,0.834679,0.793738,0.724769,0.818046,0.788423,0.813101,0.812319,0.781549,0.768811,0.786118,0.829735,0.801374,0.836466,0.793979,0.762248,0.813949,0.753280,0.781803,0.799135,0.803375,0.804017,0.789009,0.821389,0.803067,0.793150,0.801943,0.821662,0.770608,0.799423,0.790133,0.789912,0.799619,0.786611,0.800084,0.833018,0.777284,0.722104,0.804205,0.804344,0.818097,0.803923,0.796488,0.775325,0.801615,0.750486,0.776726,0.840643,0.777984,0.809107,#
2,0.814350,0.795229,1.000000,0.786394,0.789383,0.804851,0.784675,0.809371,0.807191,0.773787,0.801984,0.784751,0.747252,0.803655,0.783726,0.787673,0.772384,0.794682,0.763443,0.801399,0.799402,0.784748,0.780626,0.821702,0.760097,0.772899,0.832068,0.805203,0.801692,0.798768,0.801807,0.785913,0.793009,0.775111,0.791403,0.794737,0.789871,0.798617,0.831691,0.757769,0.788247,0.775567,0.810463,0.754611,0.780502,0.782973,0.834449,0.768429,0.771532,0.803226,0.782997,0.827117,0.813872,0.799487,0.840418,0.811325,0.806397,0.779050,0.799233,0.784955,0.845425,0.789870,0.771258,0.815031,0.815459,0.805144,0.795870,0.797224,0.795069,0.782123,0.807839,0.788193,0.819342,0.807641,0.816274,0.781966,0.790415,0.779675,0.790172,0.795644,0.824111,0.791864,0.816830,0.764759,0.841519,0.815265,0.793214,0.823217,0.763483,0.762748,0.782262,0.821041,0.829964,0.807680,0.798106,0.802391,0.781499,0.759261,0.822883,0.794279,0.799118,0.789057,0.778760,0.800115,0.738863,0.823845,0.822160,0.818351,0.792594,0.752638,0.805313,0.772396,0.826606,0.787633,0.766242,0.790816,0.780177,0.795618,0.767854,0.763724,0.772419,0.775690,0.766456,0.822172,0.798361,0.757550,0.794468,0.775854,0.770836,0.819553,0.796921,0.825491,0.822475,0.810911,0.814901,0.780905,0.792506,0.802017,0.804267,0.771498,0.782769,0.816132,0.733820,0.778404,0.796748,0.765933,0.751593,0.760028,0.780345,0.784385,0.813256,0.813950,0.800504,0.782978,0.788681,0.790302,0.799281,0.737598,0.801241,0.745614,0.741461,0.768726,0.806186,0.804667,0.772630,0.797719,0.812497,0.741158,0.777913,0.775563,0.800833,0.803079,0.803058,0.779634,0.806436,0.779454,0.766460,0.820046,0.762883,0.748281,0.770823,0.832419,0.756493,0.806028,0.775458,0.797695,0.762231,0.755404,0.790522,0.792965,0.792195,0.796414,0.842743,0.793497,0.786492,0.788243,0.746350,0.810792,0.782956,0.810980,#
3,0.804750,0.800370,0.786394,1.000000,0.795217,0.798532,0.784115,0.798937,0.841374,0.804096,0.802065,0.795684,0.784431,0.793171,0.788987,0.821780,0.795599,0.810261,0.819441,0.796060,0.800353,0.818209,0.806464,0.811564,0.794483,0.790590,0.814603,0.799592,0.790086,0.797691,0.808815,0.818454,0.823735,0.838029,0.783948,0.808039,0.774312,0.830482,0.783488,0.798840,0.795475,0.794732,0.811967,0.794089,0.793675,0.827681,0.805791,0.793927,0.811049,0.790140,0.817940,0.793964,0.813916,0.768291,0.808036,0.829871,0.795375,0.811441,0.833006,0.795638,0.795105,0.785808,0.766760,0.813902,0.859699,0.787683,0.790061,0.796316,0.754748,0.807929,0.783249,0.813270,0.836621,0.786889,0.784678,0.772429,0.788599,0.784986,0.790295,0.798731,0.831769,0.766373,0.824846,0.781855,0.821160,0.814998,0.809434,0.798059,0.784721,0.797406,0.799421,0.827524,0.825139,0.815054,0.800758,0.809533,0.770610,0.755022,0.803617,0.773650,0.771309,0.781118,0.778245,0.766507,0.810228,0.791823,0.804368,0.824608,0.775059,0.754328,0.797820,0.760375,0.790369,0.807375,0.784400,0.803943,0.767753,0.786530,0.783534,0.765102,0.764794,0.808616,0.796227,0.786488,0.782636,0.791921,0.809631,0.809339,0.767833,0.801805,0.790399,0.819824,0.777251,0.809551,0.823724,0.822891,0.801171,0.777145,0.760733,0.785353,0.767924,0.821481,0.795904,0.756793,0.778301,0.806837,0.773225,0.811345,0.788299,0.785871,0.796560,0.797983,0.769021,0.773169,0.803661,0.767433,0.818467,0.770249,0.823336,0.771615,0.779761,0.794151,0.767921,0.803883,0.781281,0.787447,0.812282,0.764548,0.809797,0.783025,0.789421,0.806960,0.785891,0.823454,0.780191,0.813962,0.811253,0.812451,0.781666,0.789944,0.742878,0.829289,0.771149,0.767444,0.771425,0.785993,0.772257,0.747583,0.797483,0.817676,0.794443,0.782018,0.796954,0.783024,0.793455,0.794866,0.782009,0.792275,0.771525,0.791038,#
4,0.773576,0.787415,0.789383,0.795217,1.000000,0.830846,0.789223,0.792207,0.782654,0.792385,0.770679,0.800438,0.752746,0.805987,0.768645,0.801180,0.803632,0.819353,0.788950,0.844147,0.824337,0.785548,0.780692,0.819477,0.760161,0.764134,0.798986,0.768369,0.791678,0.782183,0.819310,0.802612,0.822391,0.790333,0.762555,0.788802,0.789189,0.797567,0.807734,0.796361,0.791854,0.771785,0.784052,0.781990,0.788900,0.821058,0.823354,0.800362,0.796980,0.787243,0.793854,0.798848,0.812215,0.760816,0.827469,0.835085,0.784684,0.792353,0.813559,0.808901,0.772851,0.801510,0.774890,0.784008,0.824027,0.793179,0.787040,0.794796,0.772000,0.786951,0.803161,0.826067,0.820466,0.798607,0.783586,0.757562,0.779395,0.812596,0.800231,0.799474,0.793801,0.783777,0.822657,0.763350,0.826178,0.785552,0.786687,0.775976,0.786781,0.790045,0.782540,0.776995,0.794827,0.792233,0.777243,0.789446,0.785104,0.747214,0.757864,0.782962,0.806469,0.810273,0.803650,0.779892,0.768644,0.803752,0.791208,0.800421,0.800411,0.782109,0.766835,0.790834,0.806014,0.836714,0.767544,0.772725,0.798877,0.817985,0.751304,0.745587,0.747958,0.793993,0.816918,0.800971,0.794290,0.779306,0.769581,0.783489,0.822998,0.814537,0.835705,0.795942,0.790928,0.800938,0.836229,0.814206,0.773639,0.792601,0.780077,0.742614,0.760821,0.814609,0.805921,0.783809,0.790591,0.763842,0.793178,0.762305,0.778853,0.808660,0.802413,0.848264,0.785109,0.772907,0.843274,0.784547,0.836162,0.760020,0.793779,0.748755,0.772909,0.783260,0.820084,0.774888,0.748232,0.771463,0.764844,0.748505,0.800346,0.779121,0.759873,0.801820,0.816581,0.783828,0.822806,0.802318,0.813829,0.824583,0.769084,0.773881,0.783414,0.792663,0.797776,0.765386,0.805189,0.814270,0.733312,0.800709,0.783707,0.794316,0.756804,0.763302,0.765588,0.790829,0.788476,0.780901,0.789226,0.790291,0.803166,0.793262,#
5,0.821596,0.818294,0.804851,0.798532,0.830846,1.000000,0.772013,0.826378,0.820284,0.780118,0.793803,0.793492,0.762810,0.778500,0.783285,0.825681,0.798598,0.824964,0.765685,0.834791,0.805180,0.785754,0.803630,0.804676,0.780303,0.781638,0.841718,0.832910,0.793371,0.785214,0.840471,0.818986,0.827039,0.809326,0.763325,0.827377,0.788886,0.795623,0.810206,0.786374,0.827597,0.768504,0.786730,0.806642,0.819298,0.816213,0.838388,0.815514,0.826568,0.767466,0.819108,0.804296,0.809178,0.803423,0.798074,0.865334,0.813304,0.805494,0.862879,0.820834,0.782925,0.815818,0.796315,0.841912,0.833954,0.809390,0.785362,0.814782,0.803148,0.783525,0.811750,0.798170,0.848153,0.796249,0.785787,0.792297,0.821147,0.821801,0.808328,0.794683,0.843295,0.794119,0.828452,0.796354,0.801579,0.821256,0.825010,0.822344,0.805164,0.766177,0.764133,0.811973,0.840439,0.840468,0.785697,0.788861,0.792111,0.786913,0.836371,0.806175,0.815612,0.811414,0.835936,0.809379,0.783865,0.823642,0.803487,0.833413,0.779822,0.795060,0.784957,0.831882,0.798282,0.792918,0.774790,0.784096,0.823449,0.801080,0.747273,0.795307,0.751524,0.821221,0.814732,0.849365,0.773171,0.787388,0.828226,0.772638,0.778691,0.813971,0.848719,0.837058,0.832277,0.833332,0.823082,0.793693,0.815130,0.809402,0.783654,0.781742,0.780835,0.791642,0.797562,0.818071,0.853753,0.757427,0.766321,0.779146,0.812041,0.809298,0.824981,0.829858,0.786932,0.753093,0.795382,0.784888,0.841747,0.802539,0.820533,0.778479,0.797737,0.813079,0.823393,0.807443,0.803742,0.783539,0.771647,0.812706,0.801407,0.800663,0.851662,0.824021,0.806098,0.802197,0.802556,0.788644,0.797140,0.831641,0.814736,0.810245,0.821199,0.815974,0.808485,0.785575,0.809379,0.812194,0.781597,0.792408,0.795201,0.802377,0.782068,0.822163,0.793517,0.788478,0.769807,0.778395,0.772133,0.818733,0.812771,0.808205,#
6,0.801057,0.780451,0.784675,0.784115,0.789223,0.772013,1.000000,0.772398,0.804632,0.759828,0.778250,0.788127,0.780800,0.816460,0.732589,0.794679,0.800192,0.820431,0.776606,0.763997,0.824705,0.779468,0.757032,0.791418,0.782630,0.789293,0.776040,0.790798,0.768938,0.808704,0.789832,0.793880,0.803232,0.790755,0.781466,0.795628,0.772811,0.775224,0.779560,0.786388,0.790116,0.788451,0.802870,0.777053,0.823634,0.746688,0.806004,0.771043,0.833572,0.808300,0.793070,0.814997,0.806908,0.730916,0.830528,0.805487,0.800990,0.823556,0.825439,0.762831,0.807271,0.767542,0.770705,0.774316,0.847739,0.794810,0.826216,0.789704,0.784976,0.756665,0.789571,0.804127,0.810201,0.820047,0.775944,0.761459,0.798785,0.774056,0.801956,0.759155,0.823685,0.779109,0.788115,0.786859,0.777903,0.784853,0.787011,0.793833,0.790430,0.783380,0.757906,0.787224,0.767771,0.791705,0.767804,0.765152,0.806008,0.769686,0.779979,0.793475,0.784299,0.788547,0.811850,0.784036,0.751720,0.757933,0.805236,0.788044,0.779127,0.733035,0.762870,0.773792,0.755508,0.763850,0.759737,0.757666,0.799885,0.781256,0.751279,0.754030,0.778712,0.788158,0.785659,0.826198,0.800080,0.797582,0.765460,0.779405,0.733163,0.770186,0.791314,0.800802,0.781011,0.755577,0.800923,0.792934,0.788393,0.770105,0.800960,0.798801,0.786635,0.801884,0.749112,0.772447,0.772827,0.777707,0.776607,0.761939,0.783507,0.746767,0.808206,0.815305,0.756633,0.716035,0.777491,0.759537,0.818100,0.750263,0.791456,0.761380,0.774097,0.798579,0.772497,0.790700,0.786700,0.789794,0.809729,0.716136,0.782209,0.766087,0.804518,0.794977,0.755821,0.763193,0.796632,0.800511,0.774538,0.797319,0.775208,0.769216,0.779217,0.777234,0.799205,0.783947,0.770247,0.790429,0.730088,0.776404,0.747909,0.785498,0.763014,0.781046,0.772526,0.788059,0.792179,0.786206,0.788645,0.816714,0.784281,0.781345,#
7,0.805240,0.807635,0.809371,0.798937,0.792207,0.826378,0.772398,1.000000,0.859264,0.783342,0.801231,0.791844,0.781147,0.804417,0.807111,0.776004,0.801019,0.803930,0.779721,0.796604,0.809090,0.781001,0.836157,0.813324,0.795929,0.808623,0.812476,0.814318,0.796712,0.807945,0.774171,0.815270,0.791348,0.803895,0.769830,0.803806,0.801053,0.783958,0.821887,0.792405,0.799221,0.778231,0.803230,0.798247,0.807304,0.793493,0.825694,0.821119,0.798768,0.783680,0.833067,0.807655,0.814087,0.827335,0.814174,0.819909,0.792216,0.818735,0.809420,0.806286,0.772561,0.796870,0.793506,0.802497,0.828262,0.818691,0.816129,0.811079,0.821370,0.811678,0.806238,0.756852,0.857481,0.808371,0.809967,0.777229,0.806789,0.789808,0.805069,0.789977,0.834924,0.797519,0.817482,0.785446,0.814072,0.802729,0.835632,0.810444,0.785933,0.786000,0.768598,0.828743,0.811474,0.807435,0.811264,0.764384,0.801164,0.798659,0.815715,0.801304,0.808444,0.785108,0.805190,0.795603,0.771538,0.809909,0.790370,0.820671,0.786036,0.761739,0.830290,0.784031,0.812616,0.812944,0.782975,0.798507,0.787560,0.774387,0.754907,0.806128,0.780440,0.807319,0.793003,0.848769,0.838430,0.796810,0.810525,0.809694,0.759620,0.781188,0.801347,0.801951,0.824842,0.786994,0.834324,0.827209,0.791801,0.810070,0.781167,0.791742,0.787551,0.809022,0.803694,0.781628,0.810040,0.777385,0.790999,0.742954,0.815522,0.801149,0.792657,0.820439,0.806134,0.759277,0.782970,0.822974,0.819244,0.795174,0.826920,0.784922,0.801597,0.773854,0.833989,0.783289,0.778893,0.789122,0.816683,0.767384,0.783153,0.766789,0.837683,0.832511,0.798550,0.805994,0.806618,0.777473,0.792609,0.808874,0.784091,0.799911,0.799261,0.806062,0.780246,0.781596,0.783417,0.821720,0.762661,0.751309,0.798346,0.826072,0.804325,0.802255,0.784798,0.765377,0.793255,0.792485,0.779112,0.832962,0.805739,0.801427,#
8,0.816781,0.827340,0.807191,0.841374,0.782654,0.820284,0.804632,0.859264,1.000000,0.809238,0.788778,0.802823,0.794811,0.815636,0.804634,0.828280,0.788202,0.837113,0.781929,0.829825,0.809387,0.838706,0.825905,0.803423,0.779996,0.817849,0.816061,0.826037,0.804398,0.820095,0.802562,0.813144,0.807138,0.815773,0.781973,0.827575,0.802169,0.814181,0.808355,0.800569,0.799913,0.809406,0.845594,0.775596,0.804826,0.786109,0.810066,0.825109,0.826735,0.816906,0.836640,0.831763,0.786898,0.824460,0.823801,0.856405,0.806692,0.818416,0.811374,0.801337,0.818154,0.801561,0.837382,0.814402,0.849096,0.838996,0.819757,0.830273,0.824926,0.803433,0.808346,0.807328,0.856785,0.836959,0.810525,0.778793,0.808240,0.804629,0.804045,0.811215,0.840146,0.805723,0.810919,0.797473,0.828739,0.813539,0.795451,0.819494,0.779953,0.792190,0.792977,0.813420,0.817787,0.819702,0.821607,0.806437,0.806991,0.786692,0.828876,0.801977,0.823825,0.789506,0.816333,0.820669,0.785049,0.815666,0.819699,0.831880,0.779429,0.790066,0.791448,0.800687,0.813578,0.795980,0.803147,0.822935,0.792906,0.776547,0.789539,0.808615,0.780221,0.812183,0.814672,0.832771,0.802506,0.815087,0.802708,0.805476,0.778749,0.815522,0.785915,0.811226,0.829032,0.815909,0.860317,0.816662,0.797300,0.798650,0.782718,0.805066,0.783379,0.833576,0.834372,0.804307,0.812905,0.777286,0.795676,0.776816,0.824433,0.799231,0.809426,0.824907,0.787584,0.821514,0.811759,0.808856,0.835673,0.822179,0.834070,0.806821,0.795771,0.794103,0.836326,0.822928,0.800495,0.789109,0.804834,0.771293,0.821230,0.799362,0.831681,0.825782,0.805740,0.808020,0.828973,0.806358,0.791656,0.828392,0.797005,0.780569,0.797982,0.824678,0.776488,0.819623,0.805669,0.820900,0.800880,0.777251,0.807033,0.829098,0.831631,0.820876,0.835435,0.796603,0.801584,0.794243,0.782272,0.822670,0.813992,0.824289,#
9,0.778038,0.797346,0.773787,0.804096,0.792385,0.780118,0.759828,0.783342,0.809238,1.000000,0.787839,0.756955,0.782314,0.785848,0.809214,0.811457,0.792428,0.798051,0.797411,0.796198,0.830583,0.783554,0.801159,0.819942,0.755886,0.751388,0.781667,0.825402,0.759990,0.818915,0.778043,0.776228,0.796597,0.804533,0.788286,0.799240,0.765836,0.795787,0.810018,0.768609,0.814000,0.780458,0.782887,0.751428,0.810001,0.774801,0.795607,0.784914,0.773603,0.776868,0.772519,0.787951,0.762429,0.764310,0.795261,0.825347,0.782920,0.819734,0.794762,0.779612,0.786919,0.786121,0.787401,0.796429,0.802396,0.828390,0.807146,0.808751,0.797932,0.755879,0.804390,0.782851,0.809257,0.783446,0.778275,0.771298,0.768043,0.805080,0.790204,0.824838,0.807110,0.790667,0.786823,0.794320,0.817732,0.765189,0.771625,0.830027,0.767010,0.718554,0.762408,0.804213,0.815774,0.783298,0.799215,0.777792,0.784175,0.796129,0.796864,0.753609,0.792493,0.782788,0.825285,0.783164,0.794114,0.787281,0.787778,0.796198,0.802419,0.780447,0.815643,0.800619,0.827593,0.806307,0.753289,0.805248,0.729366,0.762133,0.736812,0.764113,0.760839,0.816953,0.807188,0.811349,0.789260,0.759049,0.787339,0.767559,0.796134,0.788242,0.777460,0.808164,0.793859,0.805717,0.811938,0.759578,0.777560,0.784261,0.750174,0.772242,0.756257,0.826017,0.803820,0.812227,0.787319,0.785781,0.780364,0.766139,0.781927,0.773788,0.774600,0.788075,0.774589,0.778483,0.806898,0.783721,0.802558,0.787775,0.789973,0.773210,0.788484,0.802306,0.799740,0.812633,0.799975,0.777468,0.762961,0.741999,0.815279,0.769065,0.819820,0.809787,0.778227,0.782042,0.809257,0.834065,0.771965,0.819051,0.773007,0.794581,0.787501,0.773832,0.785491,0.760489,0.774863,0.818350,0.731699,0.742420,0.824875,0.769132,0.795764,0.790534,0.776810,0.753030,0.767632,0.760764,0.776030,0.795311,0.763364,0.761700,#
10,0.800551,0.812580,0.801984,0.802065,0.770679,0.793803,0.778250,0.801231,0.788778,0.787839,1.000000,0.776372,0.740493,0.779338,0.757019,0.805620,0.793603,0.778525,0.781727,0.795477,0.802055,0.765054,0.796309,0.824332,0.742276,0.759232,0.793269,0.824844,0.765754,0.806423,0.778903,0.788537,0.801959,0.808461,0.792433,0.811278,0.780013,0.794400,0.804332,0.768744,0.808236,0.767865,0.788041,0.737647,0.798455,0.803483,0.836908,0.794785,0.811834,0.846924,0.777463,0.816944,0.802051,0.751361,0.809920,0.823607,0.791724,0.801906,0.786665,0.787226,0.799357,0.796801,0.815171,0.818001,0.829818,0.759839,0.819362,0.774626,0.795942,0.767879,0.797454,0.810935,0.843729,0.756649,0.779447,0.806639,0.787221,0.813998,0.790506,0.771917,0.851885,0.783759,0.791320,0.785713,0.809874,0.774126,0.798775,0.805395,0.781593,0.807144,0.754530,0.832519,0.828644,0.797107,0.773371,0.808218,0.765870,0.780137,0.811321,0.802392,0.780711,0.778202,0.793568,0.808675,0.824033,0.775723,0.799040,0.799927,0.765593,0.761442,0.778592,0.768461,0.808255,0.803242,0.760809,0.816893,0.763035,0.777825,0.776161,0.771892,0.774619,0.818801,0.746551,0.805041,0.753726,0.766467,0.808571,0.789120,0.789308,0.793301,0.765356,0.793867,0.773458,0.780467,0.825693,0.816801,0.770418,0.786461,0.776199,0.800563,0.818751,0.792528,0.749692,0.789310,0.767680,0.736769,0.756289,0.755685,0.796283,0.776999,0.792103,0.810419,0.792040,0.749282,0.794147,0.771030,0.836533,0.791432,0.789262,0.752617,0.809968,0.768719,0.794006,0.816921,0.791989,0.757735,0.810582,0.744043,0.811165,0.808651,0.798131,0.807566,0.740276,0.781209,0.807710,0.775086,0.774229,0.819058,0.750922,0.791298,0.757829,0.778949,0.806359,0.760747,0.767204,0.800309,0.742261,0.749199,0.751087,0.808548,0.801339,0.770267,0.794247,0.773556,0.791413,0.782880,0.765263,0.813525,0.781819,0.813771,#
11,0.820842,0.811610,0.784751,0.795684,0.800438,0.793492,0.788127,0.791844,0.802823,0.756955,0.776372,1.000000,0.789516,0.802655,0.776051,0.779852,0.792462,0.832352,0.809755,0.773044,0.794060,0.800008,0.799615,0.789317,0.774524,0.791397,0.775149,0.799903,0.792507,0.777127,0.795943,0.811452,0.822950,0.802437,0.765262,0.801216,0.826508,0.803458,0.782243,0.815418,0.799468,0.776035,0.812279,0.761906,0.790773,0.780247,0.847510,0.818394,0.802416,0.813810,0.791270,0.803676,0.812157,0.792024,0.820230,0.811948,0.753772,0.832470,0.792437,0.779591,0.780472,0.763906,0.817579,0.780535,0.824207,0.809774,0.810451,0.815109,0.819174,0.803913,0.808900,0.778252,0.831059,0.798227,0.805896,0.745123,0.829872,0.801673,0.779969,0.748533,0.810224,0.796066,0.819387,0.774314,0.829279,0.793335,0.763599,0.789750,0.775743,0.747507,0.780334,0.824249,0.808389,0.797021,0.786794,0.812673,0.780807,0.767816,0.796274,0.799521,0.779867,0.812432,0.818165,0.791914,0.794885,0.814386,0.791872,0.835298,0.806774,0.781294,0.823338,0.798280,0.811767,0.790947,0.735219,0.811650,0.787982,0.786969,0.755971,0.806794,0.741375,0.812457,0.798263,0.810524,0.797484,0.783460,0.807539,0.777578,0.792957,0.802526,0.800115,0.803344,0.809139,0.805492,0.817820,0.778677,0.790359,0.791725,0.780581,0.800183,0.785760,0.779907,0.775042,0.812378,0.821126,0.756668,0.801518,0.772198,0.793306,0.785946,0.803145,0.806047,0.774792,0.770822,0.820452,0.777584,0.836930,0.763942,0.809490,0.758651,0.790981,0.817583,0.809148,0.791580,0.811473,0.744884,0.819740,0.747891,0.806330,0.827805,0.808414,0.799691,0.809583,0.827534,0.793644,0.792865,0.784267,0.806779,0.769194,0.813390,0.790769,0.784283,0.817867,0.756222,0.804387,0.780770,0.746049,0.798518,0.777689,0.813162,0.809909,0.788793,0.813662,0.799282,0.787699,0.787378,0.782463,0.811546,0.775185,0.782808,#
12,0.775345,0.780631,0.747252,0.784431,0.752746,0.762810,0.780800,0.781147,0.794811,0.782314,0.740493,0.789516,1.000000,0.789678,0.793695,0.774773,0.793712,0.817629,0.803903,0.782116,0.793521,0.763064,0.793530,0.798510,0.748793,0.768344,0.772838,0.800865,0.784981,0.749824,0.749685,0.789982,0.794855,0.798561,0.765411,0.799648,0.778304,0.791298,0.778460,0.781928,0.735914,0.729223,0.776513,0.790189,0.792694,0.782163,0.813848,0.747104,0.788647,0.766578,0.822447,0.758744,0.767453,0.776074,0.824489,0.796853,0.754875,0.794697,0.764069,0.740313,0.757843,0.801078,0.754365,0.789919,0.830194,0.797531,0.777160,0.766327,0.804145,0.775941,0.780289,0.759853,0.821191,0.774575,0.805265,0.772111,0.794415,0.754713,0.774762,0.774385,0.800574,0.762141,0.783469,0.790770,0.758731,0.784820,0.759652,0.792706,0.776883,0.735347,0.757609,0.770980,0.789896,0.746978,0.761738,0.801925,0.830885,0.783641,0.769152,0.750140,0.740577,0.795102,0.798244,0.809036,0.740368,0.768222,0.760789,0.770333,0.775655,0.760207,0.795214,0.760125,0.780464,0.753212,0.803273,0.777328,0.768053,0.735010,0.768416,0.761658,0.747411,0.792102,0.779089,0.815194,0.790564,0.762604,0.777087,0.724432,0.730759,0.770376,0.757210,0.767036,0.743190,0.777137,0.789666,0.760535,0.778247,0.778227,0.768999,0.747914,0.790658,0.804812,0.769762,0.783455,0.764941,0.749101,0.768760,0.744977,0.783972,0.812427,0.774379,0.795581,0.777356,0.712246,0.766096,0.827746,0.810290,0.780192,0.798510,0.760533,0.773767,0.810524,0.806814,0.783654,0.823274,0.715970,0.785264,0.781878,0.745637,0.758339,0.796636,0.797902,0.766817,0.786167,0.763615,0.762830,0.809533,0.820334,0.763414,0.733785,0.766747,0.793889,0.789537,0.746700,0.722934,0.772155,0.736257,0.796025,0.770529,0.752807,0.762437,0.761846,0.768662,0.773411,0.747381,0.785228,0.759020,0.794483,0.793824,0.730616,#
13,0.801726,0.783993,0.803655,0.793171,0.805987,0.778500,0.816460,0.804417,0.815636,0.785848,0.779338,0.802655,0.789678,1.000000,0.780763,0.780771,0.785387,0.837234,0.810595,0.795543,0.826052,0.785862,0.822650,0.803183,0.772766,0.791344,0.782112,0.827069,0.805179,0.824439,0.761431,0.798492,0.832625,0.808769,0.753994,0.786835,0.790787,0.818273,0.800976,0.813272,0.838707,0.789926,0.818873,0.768749,0.842916,0.804440,0.823207,0.806267,0.827947,0.797838,0.816281,0.837389,0.795624,0.797492,0.831942,0.842163,0.804248,0.833752,0.813773,0.800701,0.807015,0.801693,0.791269,0.818725,0.842150,0.813333,0.820861,0.805279,0.828232,0.780839,0.789058,0.792706,0.801357,0.823206,0.818184,0.790677,0.805081,0.811021,0.827047,0.809580,0.824178,0.809471,0.834590,0.805736,0.808946,0.814791,0.782175,0.781999,0.816366,0.784460,0.768482,0.813997,0.821770,0.814076,0.815209,0.780160,0.793738,0.776554,0.798978,0.830087,0.802844,0.806695,0.816760,0.834482,0.783883,0.835422,0.800651,0.820897,0.798958,0.774518,0.803616,0.810989,0.826153,0.809984,0.806822,0.827146,0.762723,0.820290,0.796637,0.812541,0.794890,0.817086,0.791472,0.794189,0.792652,0.774836,0.806639,0.764503,0.784077,0.799471,0.784031,0.810253,0.796386,0.795841,0.844215,0.792918,0.797532,0.802997,0.822484,0.789579,0.761920,0.843251,0.831062,0.805337,0.772989,0.782225,0.809088,0.763960,0.814863,0.791021,0.805884,0.835274,0.780234,0.786602,0.797321,0.802186,0.827323,0.781312,0.829138,0.781159,0.806643,0.818595,0.803444,0.824035,0.805879,0.794617,0.806193,0.768904,0.820749,0.782018,0.819300,0.831749,0.826186,0.805326,0.845541,0.804237,0.804565,0.849418,0.811131,0.781842,0.784418,0.821873,0.808486,0.784864,0.821904,0.822761,0.777219,0.794195,0.750650,0.795752,0.807653,0.792236,0.812129,0.823465,0.815517,0.777687,0.804251,0.809382,0.808679,0.774952,#
14,0.808667,0.779692,0.783726,0.788987,0.768645,0.783285,0.732589,0.807111,0.804634,0.809214,0.757019,0.776051,0.793695,0.780763,1.000000,0.803289,0.782988,0.778131,0.781401,0.797673,0.801999,0.761864,0.792411,0.826380,0.764581,0.718435,0.796447,0.784488,0.786206,0.778714,0.788175,0.790976,0.790689,0.777783,0.795510,0.788800,0.749460,0.791757,0.801051,0.760185,0.769531,0.747579,0.802820,0.762776,0.794698,0.780098,0.798216,0.758160,0.743667,0.775990,0.778841,0.781170,0.758636,0.815924,0.799371,0.796944,0.775097,0.792213,0.795394,0.746603,0.782217,0.809423,0.780800,0.800386,0.795097,0.757324,0.785267,0.790284,0.787068,0.788455,0.766288,0.751798,0.808545,0.773843,0.804599,0.760726,0.805441,0.795496,0.773276,0.752310,0.806420,0.790870,0.806749,0.806505,0.792712,0.788970,0.767383,0.796708,0.778899,0.712845,0.727190,0.768402,0.815899,0.814339,0.794855,0.799294,0.828913,0.766981,0.790230,0.751788,0.791481,0.787204,0.812260,0.759912,0.789290,0.784355,0.763817,0.766330,0.760088,0.745833,0.791176,0.778812,0.799511,0.785381,0.751484,0.786866,0.755535,0.723598,0.753945,0.759340,0.776057,0.807373,0.776690,0.793485,0.804853,0.734955,0.776176,0.804437,0.733990,0.802270,0.762390,0.790450,0.767601,0.778736,0.810804,0.780102,0.771772,0.784503,0.767133,0.756212,0.762382,0.801111,0.760299,0.793813,0.753959,0.800230,0.781710,0.738470,0.781124,0.742799,0.795339,0.792461,0.745491,0.753800,0.804696,0.785524,0.805789,0.762211,0.767141,0.761922,0.779518,0.766301,0.795353,0.778804,0.761273,0.758348,0.771263,0.743073,0.769235,0.797735,0.776507,0.780802,0.787577,0.804074,0.788362,0.794001,0.793922,0.801166,0.763654,0.736074,0.782500,0.817133,0.775178,0.750983,0.777621,0.774158,0.761363,0.725541,0.752485,0.761679,0.743315,0.758627,0.802191,0.780178,0.764850,0.761169,0.764437,0.765515,0.765063,0.725642,#
15,0.816598,0.811416,0.787673,0.821780,0.801180,0.825681,0.794679,0.776004,0.828280,0.811457,0.805620,0.779852,0.774773,0.780771,0.803289,1.000000,0.805552,0.815601,0.789697,0.803038,0.792707,0.804601,0.804110,0.816215,0.778803,0.773902,0.782800,0.793447,0.774940,0.814224,0.797866,0.826390,0.805334,0.823347,0.765491,0.834672,0.805139,0.804888,0.818136,0.764306,0.780042,0.765035,0.792244,0.770490,0.827760,0.783478,0.816019,0.827950,0.817997,0.819704,0.780511,0.835058,0.786103,0.776041,0.819757,0.814920,0.803226,0.800851,0.802321,0.781573,0.815005,0.803632,0.785167,0.831652,0.807132,0.811604,0.800767,0.803377,0.781506,0.749598,0.810282,0.781986,0.804896,0.789010,0.799551,0.764085,0.806361,0.798792,0.800520,0.783235,0.837842,0.788087,0.780747,0.809074,0.836837,0.806161,0.768508,0.830193,0.774296,0.764089,0.759456,0.783942,0.801236,0.797582,0.762709,0.786995,0.798024,0.771305,0.776253,0.782328,0.824791,0.790191,0.825479,0.819048,0.779894,0.788844,0.806461,0.826271,0.765752,0.793231,0.761563,0.773831,0.799471,0.793448,0.758559,0.786054,0.780348,0.784687,0.768773,0.771411,0.765165,0.796713,0.791808,0.818150,0.782042,0.790055,0.816365,0.790264,0.783407,0.832887,0.764345,0.787136,0.766870,0.772864,0.821405,0.786794,0.776647,0.759975,0.770292,0.771848,0.779233,0.798897,0.779699,0.792416,0.792017,0.771492,0.768445,0.761502,0.801489,0.778993,0.813518,0.799058,0.802907,0.776330,0.798379,0.782353,0.857359,0.784869,0.799498,0.780864,0.779662,0.807233,0.827886,0.778181,0.804218,0.785254,0.793410,0.781098,0.832454,0.763052,0.777463,0.829448,0.746528,0.811459,0.793693,0.826175,0.799492,0.813453,0.780130,0.783921,0.793043,0.798268,0.771955,0.804900,0.780921,0.793515,0.723861,0.766962,0.743583,0.791827,0.766826,0.797619,0.799368,0.775763,0.771618,0.783333,0.803731,0.812010,0.796153,0.798545,#
16,0.839198,0.789253,0.772384,0.795599,0.803632,0.798598,0.800192,0.801019,0.788202,0.792428,0.793603,0.792462,0.793712,0.785387,0.782988,0.805552,1.000000,0.818010,0.800760,0.807751,0.855026,0.789522,0.761209,0.811724,0.768367,0.792787,0.811893,0.758451,0.774174,0.801778,0.785124,0.826212,0.826304,0.797184,0.778162,0.810099,0.821616,0.800920,0.805261,0.803548,0.781126,0.776779,0.800246,0.782667,0.794074,0.806088,0.797513,0.791332,0.802348,0.818679,0.785580,0.792754,0.816126,0.825165,0.824911,0.831169,0.747305,0.811895,0.802699,0.751122,0.794338,0.820958,0.787238,0.789092,0.807871,0.779077,0.807123,0.805774,0.818150,0.813744,0.779129,0.779552,0.829403,0.788240,0.797807,0.764073,0.796463,0.809865,0.783360,0.806860,0.840074,0.798037,0.803146,0.817871,0.828069,0.803285,0.811638,0.793058,0.802243,0.784372,0.756823,0.794305,0.821576,0.791562,0.810384,0.822241,0.803421,0.765902,0.817870,0.795597,0.779540,0.786229,0.807622,0.815970,0.763729,0.830031,0.823857,0.807560,0.820929,0.774613,0.813835,0.798665,0.811962,0.804089,0.797208,0.824019,0.821291,0.793536,0.757158,0.741179,0.778525,0.823074,0.801766,0.834577,0.828843,0.789536,0.799972,0.762043,0.776719,0.791841,0.817199,0.789633,0.798235,0.759476,0.837389,0.827562,0.787071,0.779843,0.765783,0.792287,0.785565,0.804827,0.798091,0.804261,0.776074,0.754019,0.800461,0.773881,0.802519,0.808249,0.769186,0.831528,0.755319,0.754957,0.833271,0.807401,0.819873,0.788258,0.792029,0.784516,0.778512,0.798335,0.828432,0.792070,0.796198,0.780230,0.808023,0.774209,0.802046,0.769006,0.804280,0.817650,0.788311,0.792666,0.799424,0.802903,0.772272,0.831085,0.798846,0.780395,0.766684,0.789566,0.798087,0.758002,0.794761,0.812441,0.785219,0.800373,0.776980,0.790240,0.820602,0.783541,0.794447,0.782509,0.775005,0.808498,0.797287,0.806021,0.783774,0.794284,#
17,0.848518,0.796713,0.794682,0.810261,0.819353,0.824964,0.820431,0.803930,0.837113,0.798051,0.778525,0.832352,0.817629,0.837234,0.778131,0.815601,0.818010,1.000000,0.800871,0.822248,0.834168,0.796206,0.818223,0.840227,0.815683,0.811038,0.829083,0.804048,0.790277,0.813204,0.813267,0.822155,0.818229,0.799284,0.787683,0.838279,0.789202,0.828148,0.829433,0.831636,0.837056,0.809248,0.837783,0.789441,0.817144,0.798850,0.824869,0.859398,0.834001,0.821225,0.830421,0.817536,0.819928,0.785442,0.831320,0.842121,0.806061,0.811713,0.817248,0.769121,0.804262,0.805274,0.785841,0.821169,0.836043,0.855440,0.842386,0.842233,0.813917,0.798978,0.804064,0.818414,0.815099,0.797947,0.802329,0.778948,0.828888,0.811794,0.815687,0.817855,0.835027,0.816897,0.832966,0.809983,0.812140,0.805439,0.831044,0.818960,0.800055,0.786418,0.794807,0.792114,0.842153,0.816306,0.801661,0.844879,0.822904,0.765796,0.787031,0.817184,0.827172,0.775255,0.823083,0.824611,0.780158,0.808284,0.819059,0.820911,0.793159,0.789011,0.808776,0.797183,0.800766,0.821110,0.807992,0.791540,0.776785,0.804898,0.776954,0.797491,0.790904,0.827963,0.818814,0.827587,0.820232,0.825125,0.806368,0.785031,0.779978,0.817312,0.837682,0.831103,0.827532,0.790743,0.817044,0.820314,0.823479,0.807713,0.820998,0.828870,0.813713,0.835284,0.848185,0.816711,0.818820,0.790561,0.800814,0.795562,0.819146,0.781395,0.826998,0.813990,0.792161,0.778214,0.836108,0.834830,0.868282,0.801647,0.836904,0.778130,0.796589,0.819345,0.841491,0.814869,0.812699,0.799943,0.784228,0.773774,0.840897,0.775729,0.845601,0.812377,0.813032,0.810751,0.833913,0.797088,0.823765,0.837702,0.786099,0.818446,0.812135,0.847672,0.807603,0.813328,0.819337,0.812902,0.796094,0.840240,0.783010,0.795061,0.802938,0.822461,0.831906,0.817162,0.828023,0.828508,0.786065,0.851155,0.798631,0.787726,#
18,0.813577,0.780721,0.763443,0.819441,0.788950,0.765685,0.776606,0.779721,0.781929,0.797411,0.781727,0.809755,0.803903,0.810595,0.781401,0.789697,0.800760,0.800871,1.000000,0.812284,0.803227,0.787554,0.808190,0.793450,0.761027,0.791983,0.784291,0.801360,0.777543,0.781368,0.735149,0.811140,0.814575,0.811385,0.795695,0.822866,0.788088,0.796891,0.786725,0.811432,0.807449,0.746802,0.799491,0.745777,0.828952,0.773404,0.804086,0.784209,0.775750,0.786064,0.774767,0.787001,0.807788,0.746601,0.821352,0.822259,0.779047,0.807199,0.780091,0.795034,0.798584,0.770948,0.796029,0.784909,0.840435,0.770510,0.797123,0.786345,0.752611,0.787301,0.792168,0.750853,0.806818,0.762748,0.820317,0.760820,0.820376,0.772553,0.791253,0.772873,0.797291,0.775620,0.806910,0.793217,0.810865,0.783662,0.786471,0.784998,0.784132,0.752032,0.787022,0.773036,0.807340,0.785294,0.801605,0.796340,0.802341,0.780021,0.795364,0.787345,0.796491,0.784769,0.807351,0.803206,0.799954,0.803444,0.779965,0.777936,0.780678,0.748450,0.819800,0.755868,0.829769,0.798897,0.743500,0.780764,0.774724,0.760207,0.763699,0.774532,0.773814,0.814451,0.780349,0.780635,0.788286,0.749898,0.786832,0.775116,0.800268,0.778208,0.771356,0.800116,0.775026,0.783833,0.808270,0.797210,0.806545,0.793409,0.752852,0.784857,0.757435,0.821287,0.797210,0.823269,0.765968,0.789774,0.778099,0.749739,0.787104,0.776031,0.774466,0.815641,0.781454,0.757261,0.798391,0.806508,0.812905,0.796440,0.793508,0.773105,0.803225,0.796454,0.829312,0.792127,0.788096,0.791270,0.833676,0.755137,0.788789,0.791961,0.777389,0.813990,0.799682,0.805940,0.759917,0.807216,0.805020,0.831202,0.778053,0.785377,0.769077,0.790595,0.788476,0.761974,0.783283,0.794060,0.792920,0.762789,0.759732,0.782717,0.792301,0.788765,0.776534,0.812521,0.805027,0.788909,0.756300,0.807754,0.794932,0.765703,#
19,0.819601,0.803284,0.801399,0.796060,0.844147,0.834791,0.763997,0.796604,0.829825,0.796198,0.795477,0.773044,0.782116,0.795543,0.797673,0.803038,0.807751,0.822248,0.812284,1.000000,0.813316,0.765628,0.800309,0.807734,0.774271,0.757034,0.812155,0.778343,0.791333,0.810508,0.811674,0.817006,0.801440,0.783106,0.757660,0.823869,0.777916,0.781097,0.812030,0.793180,0.811072,0.760314,0.805355,0.764254,0.795387,0.803475,0.850949,0.791412,0.807007,0.780689,0.778084,0.799295,0.789566,0.786445,0.812128,0.818841,0.815349,0.796123,0.801554,0.755205,0.799478,0.811818,0.823543,0.814825,0.832201,0.790135,0.798284,0.791846,0.776900,0.772386,0.800791,0.779650,0.817673,0.792820,0.797707,0.767288,0.787179,0.794076,0.811995,0.783724,0.823352,0.769496,0.833347,0.778863,0.801665,0.794627,0.787048,0.825216,0.803771,0.725841,0.773820,0.789775,0.819753,0.807293,0.784744,0.809016,0.810752,0.782423,0.779409,0.794418,0.792916,0.777884,0.803816,0.800115,0.788665,0.805169,0.803526,0.799046,0.775568,0.737729,0.769042,0.780896,0.811170,0.810153,0.787865,0.785148,0.800193,0.786206,0.761602,0.733727,0.768132,0.824073,0.785061,0.833832,0.819460,0.772968,0.807416,0.776821,0.815038,0.838511,0.803686,0.813633,0.793415,0.798354,0.844030,0.806986,0.794177,0.802045,0.767426,0.764305,0.764491,0.807748,0.801095,0.793097,0.777393,0.766986,0.762881,0.739726,0.812738,0.788556,0.795885,0.841455,0.780483,0.765925,0.820071,0.795479,0.839557,0.789342,0.806063,0.787294,0.799235,0.784977,0.811327,0.780155,0.797692,0.780473,0.770277,0.783574,0.808825,0.773015,0.796127,0.820676,0.815605,0.796470,0.811728,0.776179,0.805304,0.840420,0.793469,0.754960,0.747621,0.817443,0.806232,0.812074,0.815097,0.783175,0.762045,0.785351,0.785222,0.796256,0.809893,0.800763,0.785585,0.801862,0.791684,0.802861,0.752728,0.785923,0.801841,0.785994,#
20,0.823253,0.798407,0.799402,0.800353,0.824337,0.805180,0.824705,0.809090,0.809387,0.830583,0.802055,0.794060,0.793521,0.826052,0.801999,0.792707,0.855026,0.834168,0.803227,0.813316,1.000000,0.813515,0.784714,0.829997,0.779541,0.825567,0.824418,0.805702,0.794883,0.805595,0.787644,0.809846,0.811251,0.824848,0.823387,0.833553,0.822583,0.808960,0.842766,0.823431,0.814849,0.831359,0.795856,0.800155,0.837144,0.813832,0.837018,0.796710,0.794293,0.800609,0.805414,0.833694,0.795100,0.817143,0.839130,0.837352,0.797252,0.837626,0.817370,0.784598,0.829056,0.805569,0.827956,0.807588,0.844314,0.814068,0.830845,0.812121,0.822110,0.796224,0.821855,0.811196,0.811624,0.812205,0.810816,0.757942,0.787728,0.816658,0.813626,0.824971,0.840320,0.831957,0.832340,0.810788,0.802527,0.808963,0.827924,0.808741,0.815366,0.795984,0.803548,0.823722,0.829476,0.842062,0.841115,0.798042,0.791677,0.778321,0.824369,0.802223,0.825661,0.804221,0.836183,0.817475,0.808839,0.791440,0.823986,0.825601,0.796537,0.824259,0.821766,0.826237,0.814193,0.786574,0.810684,0.814535,0.818503,0.830997,0.760910,0.794382,0.817882,0.834162,0.807899,0.854622,0.808690,0.808818,0.786768,0.777317,0.815493,0.816213,0.828324,0.804143,0.825871,0.827258,0.843112,0.796244,0.790153,0.806929,0.802439,0.819995,0.789766,0.808115,0.807922,0.826546,0.812110,0.777715,0.797645,0.784392,0.793162,0.841500,0.826046,0.833201,0.795736,0.800179,0.828901,0.815109,0.822627,0.802707,0.822442,0.808741,0.794368,0.826650,0.817530,0.816975,0.829311,0.749830,0.789836,0.772120,0.816158,0.792540,0.820478,0.808760,0.825746,0.802109,0.805481,0.800852,0.785113,0.839945,0.814357,0.807173,0.784621,0.810663,0.802276,0.785111,0.796044,0.824516,0.785144,0.815802,0.789873,0.811704,0.781350,0.786745,0.817134,0.839988,0.806204,0.784416,0.809389,0.823027,0.831701,0.810853,#
21,0.776134,0.834164,0.784748,0.818209,0.785548,0.785754,0.779468,0.781001,0.838706,0.783554,0.765054,0.800008,0.763064,0.785862,0.761864,0.804601,0.789522,0.796206,0.787554,0.765628,0.813515,1.000000,0.789765,0.808988,0.748245,0.765754,0.802576,0.782110,0.778382,0.772969,0.787651,0.787131,0.805462,0.805575,0.796737,0.821309,0.803846,0.807177,0.807984,0.765701,0.787013,0.801755,0.777086,0.773113,0.806546,0.789894,0.794857,0.796999,0.797177,0.769487,0.774487,0.813519,0.765072,0.763663,0.830050,0.809196,0.784953,0.808061,0.811403,0.747665,0.797848,0.780750,0.769394,0.766045,0.841251,0.801060,0.799550,0.810529,0.800718,0.794278,0.801666,0.792752,0.827321,0.815513,0.821356,0.762765,0.782769,0.780679,0.794928,0.798491,0.798351,0.772711,0.802792,0.761821,0.825509,0.782017,0.786761,0.804009,0.799729,0.800050,0.742338,0.764262,0.804750,0.792506,0.801659,0.784327,0.799339,0.753745,0.770549,0.790042,0.807086,0.800539,0.791461,0.790930,0.755873,0.823442,0.773049,0.782991,0.766380,0.793079,0.813650,0.781096,0.796976,0.796808,0.744157,0.784650,0.810795,0.802551,0.739921,0.779772,0.766695,0.804090,0.791725,0.797822,0.783813,0.749703,0.784798,0.802064,0.771904,0.807652,0.804944,0.813216,0.800202,0.775711,0.820643,0.775973,0.761781,0.738938,0.766418,0.795021,0.798845,0.810941,0.775326,0.799965,0.782611,0.781681,0.792058,0.763725,0.788285,0.795806,0.805818,0.803455,0.768017,0.779673,0.806754,0.809291,0.809707,0.772323,0.783170,0.782101,0.786343,0.813621,0.813641,0.819431,0.826766,0.755297,0.797659,0.768021,0.767239,0.790780,0.799474,0.791876,0.774710,0.777397,0.778649,0.809128,0.744030,0.819796,0.763078,0.775483,0.772046,0.809376,0.771765,0.791497,0.778158,0.818491,0.767281,0.751569,0.748295,0.804339,0.793644,0.756198,0.797037,0.809293,0.808944,0.774258,0.793680,0.814736,0.767121,0.777083,#
