0,1.000000,0.050651,0.157913,0.101052,0.174218,0.093707,0.121212,-0.000833,0.167540,0.087462,0.147743,0.043679,0.073837,0.094124,0.221226,0.220552,0.171435,0.214951,0.182141,0.264111,0.110972,0.116052,0.181137,0.326759,0.111094,0.049079,0.146436,-0.010845,0.133979,0.239153,0.003365,0.200967,0.118369,0.173629,0.202177,0.112610,0.069040,0.056094,0.237342,0.197183,0.189637,0.081939,0.238681,-0.004945,0.080232,0.079315,0.069986,0.200067,0.177067,0.268949,0.113689,0.101622,0.076916,0.223695,0.227766,0.207572,0.210408,0.175169,-0.000862,0.052363,0.210176,0.161219,0.221131,0.049593,0.102661,0.073995,0.146304,0.136675,0.143883,0.145944,0.115512,0.078303,0.175724,0.210706,0.123306,-0.046612,0.233358,0.166105,0.081962,0.078244,0.130425,0.008554,0.087190,0.145661,0.304453,0.095402,0.193437,0.210818,0.227939,0.167958,0.045230,-0.003592,0.177865,0.095780,0.157792,0.153350,0.216899,0.052820,0.149299,0.250395,0.218103,0.145860,0.099117,0.226870,0.108577,0.204853,0.212641,0.160068,0.221730,-0.050248,-0.003645,0.153863,0.020242,0.216802,0.114491,0.106083,0.106102,0.072454,0.117917,0.153378,0.232256,0.173087,0.188472,0.151748,0.200929,0.229641,0.151670,-0.015037,0.095334,0.236955,0.176410,0.070429,0.120686,0.068587,0.142073,0.121292,0.187897,0.055354,0.027376,0.177289,0.228615,0.095156,0.080936,0.146512,0.091342,0.043131,0.166326,0.108718,0.150549,0.053613,0.003010,0.139121,0.189332,0.041612,0.155784,0.145259,0.124233,0.121287,0.148613,0.175108,0.206374,0.258546,0.089738,0.031227,0.103714,0.207949,0.108548,0.170030,0.196924,0.115975,0.136357,0.036315,0.172976,0.194784,-0.000069,0.246825,0.318747,0.198709,0.140198,0.007555,0.148752,0.181227,0.118335,0.088823,0.098266,0.040943,0.154459,0.273353,0.207316,-0.003360,0.016778,0.195429,0.091174,0.143356,0.231743,0.090877,0.039228,0.168397,0.222778,0.196885,#
1,0.050651,1.000000,0.083977,0.119012,0.083625,0.128278,0.189933,0.147935,0.295028,0.092981,0.258204,0.229356,0.126862,0.049229,0.036090,0.027751,0.160916,0.092465,0.004929,0.129762,0.026826,0.147945,0.083165,0.066237,0.114814,0.118765,0.077365,0.182607,-0.082922,0.114676,0.206885,0.129956,-0.008923,0.178675,0.012015,0.111243,0.123714,0.006349,0.250118,0.154366,0.029797,0.012659,0.196630,0.104901,0.068606,0.097876,0.337711,0.118008,0.098839,0.053175,0.139878,0.142233,0.203169,0.177229,0.058556,0.135027,0.090315,-0.032866,-0.026402,0.051669,0.068791,0.119680,0.185466,-0.014169,0.078899,0.224740,0.099455,0.221149,0.166414,0.236009,0.128680,0.160789,0.290363,0.003064,0.212278,0.128773,0.116969,0.087106,0.295475,0.071572,0.085024,0.183825,0.081176,0.108236,0.208519,-0.060463,0.192674,0.209313,0.178493,0.081442,0.107468,0.120520,0.005164,0.122256,0.092266,0.169362,0.056159,0.025616,0.075017,0.075414,0.176072,0.036312,0.061107,0.094609,0.035550,0.182022,0.191136,0.247254,0.182466,0.107645,0.118752,0.134156,0.026189,0.134557,0.195202,0.306765,0.136018,0.052809,0.011701,0.025831,0.014436,0.156962,0.203915,0.170409,0.163862,0.115175,0.093665,0.129475,0.185830,0.198254,0.020091,0.192430,0.116161,0.124169,0.237363,0.245766,0.149077,0.231610,0.152339,0.160261,0.158465,0.039311,0.128068,0.187366,0.213656,0.074350,0.047485,0.085357,0.114029,0.017378,0.142729,0.133442,0.017927,-0.071642,0.321576,0.150517,0.055565,0.089514,-0.068925,-0.025079,0.003101,0.235768,0.146442,0.205566,0.148808,0.085472,0.104543,0.006020,0.112802,0.178713,0.098027,0.190310,0.088170,0.103238,0.034629,0.215169,0.095108,0.204383,0.091653,-0.011147,0.126701,-0.017991,0.213206,0.035414,0.134910,0.151853,0.044543,-0.052637,0.193791,0.184464,0.198902,0.154842,-0.023887,0.093949,0.139959,0.018779,0.027020,0.266596,0.024260,0.251641,#
2,0.157913,0.083977,1.000000,0.156205,0.224439,0.105866,0.177855,0.206848,0.135930,0.114729,0.221360,0.216532,0.058189,0.326202,0.043121,0.154922,0.042679,0.070533,0.116738,0.178393,0.276800,0.221186,0.038537,0.137120,0.136842,0.273962,0.225469,0.131858,0.036359,0.226380,0.028286,0.016174,0.120976,0.091846,0.108746,0.127564,0.158401,-0.031989,0.136804,0.037867,0.138134,0.090575,0.247190,0.059690,0.019356,0.151183,0.156388,0.102759,0.047768,0.139963,0.180853,0.213430,0.138189,0.133036,0.066038,0.168598,0.103259,0.025660,0.139519,0.184348,0.288404,0.062243,0.099070,0.138462,0.228444,0.182912,0.087794,0.094577,0.195224,0.211566,0.138508,0.150134,0.070568,0.238217,0.247537,0.091020,0.131187,0.109412,0.131084,0.095421,0.201516,0.051727,0.136158,-0.039862,0.210885,0.045437,0.162950,0.211893,0.068541,0.065489,0.071839,0.182334,0.256982,0.177507,0.102811,0.158033,0.202310,0.057442,0.193851,0.123554,0.257362,0.092105,0.039465,0.218525,0.029997,0.183844,0.210549,0.231788,0.193512,0.128881,0.164711,0.127889,0.222413,0.139912,0.112843,0.212153,0.104520,0.132757,-0.154104,0.092389,0.095007,0.043332,0.018289,0.174728,0.113898,0.036873,0.226107,0.108488,0.173705,0.191417,0.058301,0.157293,0.144935,0.095828,0.244580,0.142957,0.207469,0.168926,0.119744,0.004276,0.085589,0.122385,0.106349,0.077650,0.236780,0.132174,0.000298,0.081933,0.192163,0.037522,0.073740,0.235496,0.220491,0.131903,0.108855,0.049671,0.029970,-0.009983,0.124479,0.146764,0.070015,0.317856,0.160481,0.187916,0.092259,0.188965,0.081887,0.027546,-0.002859,0.123171,0.072027,0.272316,0.183853,0.064104,0.141833,0.124679,0.207553,0.128574,-0.000530,0.061519,0.196352,0.136946,0.027162,0.268655,0.034244,0.115791,0.137735,0.032712,0.145918,0.012723,0.057677,0.169910,0.284158,0.127645,0.139295,0.017161,-0.023521,0.159843,0.256211,0.245599,#
3,0.101052,0.119012,0.156205,1.000000,0.218824,0.161054,0.208958,0.112110,0.302757,0.129971,0.225317,0.242278,0.131228,0.115656,0.120046,0.108820,0.147314,0.182432,0.250078,0.201403,0.194979,0.167692,0.160981,0.309184,0.157783,0.205790,0.224164,0.169743,0.124126,0.308270,0.189261,0.202935,0.309701,0.234049,0.001079,0.167437,0.232478,0.208085,0.283428,0.131646,0.138030,0.258384,0.225696,0.290072,0.024531,0.187186,0.125548,0.191749,0.008549,0.125555,0.158730,0.161623,0.175125,0.067237,0.064226,0.291656,0.154163,0.114024,0.124201,0.144367,0.215754,0.026236,0.165411,0.074129,0.349512,0.154202,0.142313,0.057277,-0.000440,0.284408,0.127585,0.159840,0.284592,0.077148,0.207507,0.216750,0.176025,0.155032,0.166833,0.086558,0.261427,0.184826,0.180793,-0.009794,0.255836,0.099352,0.156284,0.166881,0.184879,0.138313,0.231559,0.192250,0.168385,0.190156,0.111645,0.208898,0.142203,0.041224,0.217764,0.156769,0.251775,0.097780,0.153102,0.117941,0.328108,0.106048,0.225191,0.196305,0.181772,0.154356,0.138166,0.062177,0.177269,0.141976,0.099105,0.164804,0.161492,0.106657,0.039168,0.118148,0.160246,0.152528,0.169160,0.229881,0.101763,0.120174,0.225486,0.244742,0.132646,0.235537,0.217923,0.289552,0.238008,0.189325,0.197595,0.219061,0.041848,0.109355,0.150749,0.097401,0.141803,0.262276,0.195948,0.149660,0.104741,0.160296,0.264394,0.333820,0.150215,0.160148,0.005677,0.072059,0.095878,0.138541,0.287115,0.033981,0.030514,0.078532,0.213873,0.231341,0.151965,0.238684,0.180424,0.214214,0.102832,0.146498,0.161543,0.094035,0.082400,0.136872,0.181134,0.067125,0.120332,0.052181,0.035182,0.244252,0.213895,0.219922,0.054831,0.136494,0.100281,0.254228,0.224611,0.070927,0.025896,0.118281,0.128788,0.098760,0.113585,0.167725,0.130857,0.228822,0.286577,0.065807,0.214231,0.173723,0.195429,0.230381,0.190686,0.175089,#
4,0.174218,0.083625,0.224439,0.218824,1.000000,0.272087,0.041648,0.144527,0.281469,0.181237,0.030823,0.171528,0.173232,0.135081,0.115074,0.164921,0.114825,0.157259,0.167105,0.346419,0.335412,0.160591,0.170702,0.313428,0.073017,0.268702,0.153292,0.034332,0.166249,0.114994,0.108692,0.163144,0.224250,0.182166,0.072776,0.189094,0.336672,0.093617,0.197657,0.117058,0.141199,0.263197,0.215203,0.157626,0.226170,0.174595,0.319513,0.182021,0.098368,0.129815,0.080721,0.106662,0.160575,0.239498,0.233433,0.251649,0.172886,0.097495,0.171585,0.164187,0.235017,0.189965,0.119980,-0.016787,0.201076,0.113837,0.107467,0.168773,0.080809,0.197451,0.222458,0.187230,0.266079,0.182000,0.186343,0.039681,0.116629,0.286564,0.191798,0.178290,0.243263,0.196666,0.078056,-0.011674,0.351749,0.117073,0.169836,0.175986,0.202352,0.111524,0.256924,0.060861,0.162925,0.137750,0.148887,0.226343,0.143765,0.134377,0.136753,0.182570,0.166448,0.090378,0.179818,0.184641,0.124726,0.191776,0.094083,0.229771,0.199084,0.261033,0.236258,0.204128,0.290110,0.334782,0.140660,0.069158,0.188547,0.056617,-0.032855,0.090739,0.091674,0.144569,0.173626,0.091307,0.265936,0.015311,0.221700,0.134794,0.267530,0.206405,0.208073,0.076271,0.237516,0.239530,0.263151,0.199436,0.136213,0.031570,0.182714,0.095551,0.163719,0.089017,0.183705,0.087916,0.234919,0.199829,0.199323,0.192139,0.143568,0.152065,0.067810,0.154321,0.197694,0.287941,0.278943,0.053355,0.258749,0.106035,0.040307,0.212187,0.171538,0.202062,0.129943,0.101516,-0.086705,0.207498,0.005440,0.077126,0.066460,0.190915,0.073512,0.157674,0.324032,0.208236,0.186630,0.257902,0.276710,0.252441,0.137088,0.111401,0.043415,0.056396,0.213089,0.105001,0.144503,0.197140,-0.018665,0.221420,0.165893,0.251926,0.049615,0.127122,0.101757,0.092544,0.134555,0.230733,0.178800,0.165161,0.228576,0.365493,#
5,0.093707,0.128278,0.105866,0.161054,0.272087,1.000000,0.106228,0.204762,0.267466,0.205491,0.247024,0.120737,0.179032,0.137659,0.127588,0.198750,0.139339,0.196340,0.016636,0.240184,0.177041,0.021410,0.158387,0.237571,0.214058,0.152568,0.255128,0.181314,0.180726,0.198095,0.238137,0.250136,0.275857,0.244838,0.077711,0.178367,0.220204,0.078533,0.186759,0.146207,0.198770,0.156121,0.086720,0.256951,0.141346,0.188097,0.271216,0.103084,0.187431,0.156164,0.090033,0.190120,0.150541,0.141330,0.053696,0.285319,0.113109,0.024574,0.268219,0.132485,0.156942,0.188190,0.199317,0.037428,0.221501,0.213512,0.166603,0.156683,0.194029,0.038578,0.190619,0.145727,0.302757,0.216697,0.147214,0.198138,0.233012,0.267699,0.211353,0.171898,0.241637,0.194627,0.218419,-0.000190,0.124796,0.122652,0.180741,0.188199,0.218319,0.009754,0.043381,0.207676,0.280669,0.298674,0.125504,0.213718,0.075649,0.175516,0.267849,0.128267,0.187258,0.207345,0.084048,0.207591,0.123202,0.205059,0.171490,0.248760,0.133755,0.163107,0.150328,0.219154,0.134136,0.155319,0.184419,0.116488,0.191396,0.117953,0.042879,0.077109,0.033429,0.212098,0.116249,0.262792,0.056370,0.080599,0.126596,0.037991,0.227898,0.205291,0.273435,0.207614,0.278707,0.189877,0.288267,0.329152,0.175602,0.165386,0.127784,-0.039882,0.227111,0.123914,0.196919,0.244526,0.268774,0.093385,0.115064,0.141882,0.077649,0.145082,0.227988,0.043599,0.200130,0.205290,0.151139,0.204602,0.224888,0.103553,0.217309,0.131348,0.189669,0.206744,0.210748,0.152892,0.138381,0.162846,0.023440,0.216296,0.236358,0.222802,0.247714,0.206917,0.125784,0.127733,0.067524,0.215841,0.200731,0.212557,0.221885,0.095845,0.215737,0.077367,0.385517,0.170152,0.121143,0.228698,0.160729,0.127768,0.077062,0.103854,0.078071,0.198380,0.147746,0.154880,0.180236,0.118950,0.093166,0.281674,0.134777,0.276496,#
6,0.121212,0.189933,0.177855,0.208958,0.041648,0.106228,1.000000,0.055129,0.224099,0.023822,0.089622,0.114881,0.123263,0.234082,0.020707,0.086304,0.143016,0.105209,0.074668,0.037960,0.258445,0.147654,-0.084635,0.072890,0.019562,0.115737,0.088539,0.074705,0.096976,0.227755,0.107168,0.113415,0.095237,0.176880,0.022256,0.075563,0.035920,0.093525,0.108303,0.200878,-0.013107,0.077334,0.064746,0.069067,0.164580,0.164839,0.130377,-0.009166,0.112294,0.098963,0.033031,0.174653,0.192618,0.130816,0.035214,0.133494,0.087520,0.107695,0.155672,0.157893,0.215204,-0.039608,0.114155,0.118274,0.256777,0.230575,0.183418,0.131704,0.126603,0.115743,0.074460,0.168219,0.133895,0.201294,0.225892,0.165388,0.163892,0.116259,0.188912,0.084906,0.106143,0.052685,0.213049,-0.065840,0.084422,0.107578,0.099447,0.115694,0.093545,0.061045,0.042962,0.093596,0.020571,0.052373,0.022243,0.040919,0.233231,0.054236,0.111965,0.223366,0.136837,0.172915,0.180313,0.054597,-0.141756,0.168089,0.084156,0.028819,0.130804,0.074925,0.121383,0.130292,0.012855,-0.084016,0.104471,0.113707,0.334359,0.044789,0.091099,0.103321,0.178260,0.134756,-0.030134,0.170613,0.145279,0.184729,0.026957,0.139114,0.069437,0.180456,0.065668,0.115485,0.175500,0.005880,0.211973,0.179086,0.009119,0.114588,0.231685,0.109226,0.130815,0.102967,-0.003251,0.113290,0.025466,0.070540,0.142834,0.099873,0.092596,-0.070416,0.161495,0.027922,0.082271,-0.064570,0.233552,0.003598,-0.010523,0.173514,0.160580,0.030832,0.021449,0.244234,0.192704,0.183079,0.137558,0.180961,0.062084,0.068132,0.113646,0.100228,0.068054,0.041706,0.045247,0.039582,0.107982,0.175218,0.027983,0.197891,0.193693,-0.061993,0.091265,0.005180,0.241605,0.206445,0.159321,0.130448,0.004455,0.093989,-0.007339,0.178252,-0.045716,0.153223,0.083770,0.176879,0.057376,-0.020811,0.098595,0.166042,0.125313,0.149813,#
7,-0.000833,0.147935,0.206848,0.112110,0.144527,0.204762,0.055129,1.000000,0.313528,0.184792,0.171577,0.255561,0.056264,0.173649,0.257165,0.089402,0.151286,0.222057,0.072772,0.159784,0.115970,0.194491,0.213387,0.159862,0.236520,0.165165,0.175535,0.260501,0.042910,0.202450,0.057040,0.109069,0.117216,0.129312,-0.002658,0.109720,0.034080,-0.042583,0.236000,0.129174,0.085097,0.091591,0.115903,0.223936,0.191583,0.188920,0.167172,0.160010,0.083274,0.101230,0.163075,0.115657,0.016888,0.233918,0.107931,0.159688,0.115359,0.172981,0.137241,0.054519,0.195389,0.093859,0.121763,0.023421,0.226352,0.178652,0.118519,0.112483,0.132038,0.334674,0.134741,-0.002817,0.345406,0.150643,0.160953,0.101284,0.030198,0.156945,0.222989,0.265447,0.216222,0.134545,0.150150,0.062024,0.239212,0.044426,0.134898,0.149469,0.136015,0.173214,0.011031,0.065100,0.197453,0.171133,0.076523,-0.018701,0.030104,0.155446,0.093898,0.162728,0.201119,0.067349,0.054439,0.077619,0.002164,0.255475,0.262186,0.114193,0.153991,0.119341,0.116943,0.059485,0.109630,0.105712,0.321599,0.167394,0.009085,-0.047753,-0.003340,0.262118,0.131169,0.153319,0.068923,0.264359,0.223875,0.058180,0.194673,0.218381,0.121639,0.123807,0.118557,0.090883,0.263534,0.061827,0.313710,0.277066,-0.035726,0.269578,0.055571,0.087729,0.238491,0.131174,0.112240,0.032841,0.160925,0.180481,0.194496,0.156570,0.145647,0.135045,0.052960,0.191238,0.109750,0.133216,0.074986,0.194805,0.157455,0.116110,0.135044,0.187324,0.153373,0.119247,0.195037,0.065547,0.001134,0.261157,0.186568,0.040262,0.054175,0.069418,0.183023,0.204987,0.202564,0.102825,0.165887,0.131440,0.156797,0.130063,-0.018135,0.125846,0.257887,0.087995,0.127872,0.168120,-0.088469,0.197550,0.013559,-0.088100,0.129045,0.263876,0.178356,0.049047,0.153811,0.039636,0.136116,0.085664,0.056170,0.209407,0.156072,0.179122,#
8,0.167540,0.295028,0.135930,0.302757,0.281469,0.267466,0.224099,0.313528,1.000000,0.244984,0.215917,0.222500,0.197348,0.188123,0.287273,0.181200,0.086242,0.184189,0.126103,0.230391,0.207364,0.184783,0.203820,0.329063,0.085274,0.257769,0.153512,0.233248,0.039219,0.273004,0.053155,0.195893,0.159562,0.175845,0.075708,0.208223,0.259039,0.072299,0.220651,0.230291,0.183404,0.217836,0.175819,0.179756,0.220604,0.185364,0.145353,0.187537,0.146191,0.217453,0.161084,0.340471,0.077126,0.356739,0.109196,0.345232,0.146925,0.277631,0.137640,0.246977,0.268038,0.131196,0.277969,-0.054407,0.304552,0.343815,0.201885,0.177246,0.311394,0.248641,0.158590,0.113357,0.362161,0.169054,0.198260,0.171812,0.119332,0.185752,0.206362,0.209205,0.227916,0.290953,0.233073,0.071135,0.331329,0.187616,0.140086,0.188774,0.132635,0.301183,0.169537,0.227940,0.173903,0.176598,0.380032,0.273532,0.201018,0.147948,0.214604,0.124186,0.238714,0.107479,0.143959,0.239111,0.198048,0.194942,0.300297,0.269329,0.154203,0.208830,0.174319,0.218617,0.098537,0.220690,0.301316,0.287516,0.161017,0.117678,0.038389,0.247018,0.294891,0.173741,0.246817,0.218773,0.229515,0.284475,0.186737,0.284784,0.162775,0.284719,0.165881,0.075202,0.341412,0.182861,0.360991,0.291144,0.101267,0.254119,0.172889,0.123482,0.170570,0.226930,0.263739,0.179981,0.170480,0.169210,0.290745,0.271898,0.176232,0.140344,0.224186,0.107411,0.163407,0.225811,0.414084,0.260953,0.162973,0.265150,0.115353,0.244570,0.085838,0.237045,0.186074,0.180996,0.194600,0.219455,0.217880,0.045144,0.227901,0.207701,0.227927,0.259334,0.177592,0.186436,0.200746,0.277181,0.127114,0.291299,0.221158,0.121278,0.241413,0.140844,0.112177,0.246583,0.170590,0.236595,0.026403,0.045812,0.245730,0.232389,0.221947,0.161348,0.224426,0.097024,0.239053,0.094974,0.122128,0.156422,0.142007,0.184935,#
9,0.087462,0.092981,0.114729,0.129971,0.181237,0.205491,0.023822,0.184792,0.244984,1.000000,0.257209,0.032232,0.100446,0.149504,0.233260,0.190611,0.062132,0.028812,0.068520,0.302672,0.159649,0.091819,0.155534,0.199022,0.004023,0.089508,0.239170,0.171329,0.099298,0.146635,0.165327,0.122613,0.092610,0.221838,0.250526,0.135872,0.029146,0.137828,0.156052,0.000363,0.262785,0.107353,0.149167,-0.002410,0.137158,0.119679,0.154406,0.063328,0.034661,0.077757,0.025600,0.199455,0.028931,0.162632,0.075807,0.243675,0.097547,0.201328,0.188043,0.078027,0.196063,0.068304,0.260356,0.028154,0.208556,0.239736,0.077591,0.099289,0.139987,0.054404,0.262720,0.172582,0.164023,0.122080,0.158831,0.133948,-0.004620,0.117757,0.259663,0.206351,0.049960,0.233163,-0.006591,0.026365,0.273652,0.102323,0.116414,0.196228,-0.050367,-0.103070,-0.005417,0.185244,0.187353,0.051791,0.150492,0.106555,0.182369,0.243921,0.249585,-0.026850,0.100645,0.178561,0.263472,0.101898,0.256332,0.182052,0.163722,0.042918,0.238230,0.120633,0.136438,0.157510,0.212865,0.249835,0.069102,0.185247,0.070206,0.073590,0.117734,-0.012116,0.141337,0.242212,0.150779,0.214342,0.099113,0.111423,-0.000465,0.141284,0.216674,0.262685,0.161325,0.025925,0.143030,0.249152,0.190272,0.169605,0.119806,0.201245,0.057671,-0.035500,0.021367,0.210270,0.188694,0.105064,0.029608,0.120689,0.173724,0.126357,0.041282,0.251858,0.073656,-0.046211,0.257333,0.220269,0.207474,0.188675,0.156668,0.145843,0.303362,0.105038,0.134448,0.122251,0.041402,0.287672,0.156206,0.100392,0.062608,0.092211,0.273688,0.131955,0.185689,0.271912,0.087808,0.144330,0.089468,0.216011,0.142381,0.109749,0.131765,0.091085,0.078299,0.050729,0.208603,0.159991,0.048748,0.180465,0.030655,0.058194,0.326857,0.116520,0.115607,0.158459,0.081255,0.153128,0.071140,0.097578,0.087271,0.095655,0.113171,0.192064,#
10,0.147743,0.258204,0.221360,0.225317,0.030823,0.247024,0.089622,0.171577,0.215917,0.257209,1.000000,0.090777,-0.101644,0.139871,0.136535,0.137086,0.097769,0.077795,0.085221,0.150791,0.063881,0.047586,-0.034111,0.185349,0.067694,-0.010452,0.154799,0.293923,-0.022870,0.238469,0.177568,0.147934,0.125022,0.157898,0.142614,0.154129,0.012245,0.083976,0.208427,0.052567,0.205496,0.079551,0.046309,-0.018754,0.051783,0.145750,0.173484,0.146029,0.173100,0.225096,0.014439,0.184343,0.104414,0.150499,0.030505,0.263114,0.071730,0.015073,0.055507,0.071955,0.072908,0.137321,0.210797,0.181515,0.279111,0.189851,0.123193,0.002392,0.050986,0.112181,0.055141,0.199115,0.182432,0.126061,0.102550,0.180337,0.116527,0.071033,0.129883,0.135443,0.243802,0.134587,0.178543,0.093624,0.223438,0.004675,0.183122,0.260562,0.028065,0.127273,0.025138,0.156558,0.200224,0.115560,0.138117,0.252915,0.087645,0.005777,0.272962,0.159182,0.100253,0.087169,0.153029,0.050247,0.290613,-0.008848,0.195322,0.239645,0.168957,0.093959,-0.001736,0.194489,0.050449,0.101309,0.255196,0.310216,0.091565,0.026290,0.094696,0.056942,0.087051,0.221482,0.028429,0.135410,-0.001490,0.063738,0.158105,0.233055,0.128076,0.151703,0.142505,0.069421,0.113685,0.056958,0.216732,0.162612,0.020843,0.321189,0.066537,-0.012244,0.227065,0.020179,0.145699,0.069204,0.033217,0.005057,0.011283,0.092843,0.048737,0.103060,0.106071,0.138610,0.224572,0.066393,0.170958,0.097753,0.232547,-0.022927,0.196350,0.143222,0.184613,0.094268,0.201297,0.197639,0.100300,0.165852,0.193528,0.146176,0.236429,0.172559,0.139994,0.128390,0.021664,0.165973,0.080421,0.086662,0.184516,0.216660,0.057335,0.157423,0.116276,0.031923,0.272378,0.041613,0.113527,0.102988,0.016914,-0.116817,0.092937,0.168638,0.157467,0.118558,0.128067,0.037784,0.229898,0.018883,-0.026964,0.233561,0.208307,0.324338,#
11,0.043679,0.229356,0.216532,0.242278,0.171528,0.120737,0.114881,0.255561,0.222500,0.032232,0.090777,1.000000,0.125132,0.095336,0.009873,0.059195,0.041357,0.254175,0.126110,0.024423,0.092164,0.160922,-0.031069,0.073158,0.192733,0.240001,-0.037946,0.256445,-0.088485,0.225844,0.183580,0.172088,0.116590,0.175808,0.103749,0.113607,0.190699,0.012396,0.116993,0.197017,0.122214,0.191067,0.272231,0.201807,0.024705,0.198141,0.241201,0.067986,0.163497,0.103624,0.147349,0.200744,0.109569,0.297620,-0.002077,0.086892,0.105441,0.225018,0.136251,0.018990,0.071178,0.051985,0.231968,0.052491,0.187067,0.234788,0.205625,0.247872,0.137725,0.241858,0.099759,0.082774,0.240000,0.076590,0.093643,0.052829,0.112330,0.108760,0.157416,0.077490,0.179483,0.080153,0.200621,0.043264,0.241999,-0.017124,0.136578,0.219765,0.252814,0.030806,0.060139,0.210894,0.302112,0.284263,0.123382,0.220734,-0.018865,0.081956,0.143936,0.183376,0.145066,0.101694,0.030954,0.161970,0.096721,0.272274,0.244434,0.256968,0.248668,0.173296,0.201787,0.144867,0.177498,0.151604,-0.024673,0.315742,0.065552,0.127605,-0.090272,0.179904,0.077616,0.168408,0.195557,0.123015,0.182999,0.023698,0.123030,0.133759,0.216847,0.204623,0.085002,0.247020,0.258926,0.244925,0.135190,0.145477,-0.069027,0.296961,-0.015161,0.206229,0.165709,0.044473,0.127557,0.174020,0.208882,0.079154,0.184302,0.137816,0.112246,0.082625,0.022510,0.250757,0.090061,0.155530,0.277323,0.066117,0.086610,-0.013361,0.141427,0.146117,0.122342,0.244346,0.033784,0.044050,0.128278,0.092497,0.254670,0.065850,0.175364,0.189979,0.195395,0.128017,0.055848,0.024662,0.092016,0.199433,0.199102,0.180784,0.029899,0.127192,0.245500,0.092364,0.157629,0.054495,0.018048,0.166377,0.012240,0.059146,0.140486,0.183141,0.109337,0.037718,0.287977,0.091849,0.233938,0.094725,0.111339,0.191088,0.105696,0.246929,#
12,0.073837,0.126862,0.058189,0.131228,0.173232,0.179032,0.123263,0.056264,0.197348,0.100446,-0.101644,0.125132,1.000000,0.044419,0.216145,0.081774,0.347194,0.150469,0.139776,0.273134,0.134649,0.116263,0.169499,0.173277,-0.011451,0.161983,0.127351,0.098831,0.108405,0.130077,0.005014,0.216236,0.196412,0.147349,0.148355,0.219023,0.180819,-0.024751,0.131266,0.201399,0.068103,0.011792,0.175657,0.292919,0.212228,0.186749,0.194249,-0.093609,0.114274,0.078366,0.196626,0.126539,0.051602,0.213425,0.130326,0.139504,0.005408,0.145853,0.082024,-0.051717,0.058916,0.217579,0.016511,0.105381,0.254676,0.173892,0.105365,0.129575,0.129839,0.128049,0.116449,0.116955,0.179556,0.040808,0.267648,0.212375,0.163793,-0.017024,0.094606,0.041338,0.173304,0.137277,0.038470,0.043535,0.117623,0.152457,0.109818,0.195968,0.240387,0.004052,0.020836,0.041192,-0.003190,0.101897,0.131404,0.190170,0.314193,0.170593,0.081873,0.013909,0.120567,0.139729,0.092238,0.185735,0.157008,0.101781,0.168422,0.027730,0.047512,0.107746,0.249022,0.030115,0.116628,0.110164,0.120952,0.083011,0.206309,0.017194,0.070096,0.021029,0.157501,0.137151,0.221975,0.198161,0.232727,-0.012303,0.127354,-0.031854,0.003456,0.121560,0.113936,0.130065,0.096614,0.112191,0.088761,0.052587,0.133998,0.168567,0.194949,0.057800,0.142212,0.132831,0.139305,0.096013,0.083920,0.188829,0.067844,0.175517,0.071162,0.133932,0.018623,0.252842,0.108344,0.058837,0.110745,0.188439,0.085317,-0.068591,0.036494,0.121959,0.042485,0.332359,0.185772,0.215235,0.151970,0.072030,0.235473,0.071806,0.004674,0.064836,0.151549,0.148162,0.057361,0.141990,0.106211,0.148874,0.155022,0.224637,0.055019,0.047683,0.165071,0.099516,0.227171,0.110829,0.046340,0.173406,0.071491,0.208272,0.068261,0.005477,0.098634,0.032695,0.088353,0.100745,0.056437,0.034874,0.110991,0.164241,0.146089,0.015731,#
13,0.094124,0.049229,0.326202,0.115656,0.135081,0.137659,0.234082,0.173649,0.188123,0.149504,0.139871,0.095336,0.044419,1.000000,0.224658,0.091625,0.233516,0.065404,0.151977,0.194983,0.226859,0.141256,0.037268,0.212509,-0.009335,0.237825,0.218787,0.211364,0.126204,0.155927,0.144662,0.181679,0.231700,0.147182,0.120667,0.066963,0.065746,0.079308,0.062081,0.164173,0.027302,0.202455,0.212402,0.124308,0.081279,0.181341,0.165591,0.098056,0.182481,0.103871,0.130637,0.188308,0.152608,0.285584,0.121606,0.262722,0.043120,0.167280,0.074306,0.188559,0.191949,0.131257,0.245279,0.086751,0.201681,0.150504,0.319970,0.134084,0.309319,0.182988,0.034959,0.092776,0.123153,0.163511,0.295795,0.181451,0.215644,0.188419,0.257466,0.201006,0.155954,0.294879,0.182897,0.198376,0.218903,-0.004540,0.174336,0.205738,0.233733,0.148825,0.086209,0.092252,0.234988,0.221815,0.082953,0.052383,0.217499,0.057941,0.193545,0.261276,0.223682,0.215200,0.186660,0.242914,0.069452,0.230317,0.164088,0.176029,0.255093,0.117814,0.097182,0.158708,0.318589,0.159761,0.294039,0.222213,0.249515,0.237266,0.032250,0.208449,0.217985,0.165484,0.126260,0.213671,0.205019,-0.018485,0.041027,-0.013674,0.229859,0.255203,0.052830,0.154459,0.147559,0.095962,0.347365,0.181945,0.127327,0.167094,0.247736,0.165712,-0.023357,0.103612,0.310549,0.182590,0.125898,0.247568,0.225317,0.232611,0.061002,0.172793,0.039104,0.154120,0.154788,0.219141,0.262897,0.206962,-0.039303,0.177012,0.237757,0.207874,0.114313,0.331286,0.133755,0.279984,0.129074,0.154962,0.081307,0.073628,0.175679,0.149677,0.161212,0.260425,0.193500,0.136290,0.176896,0.199493,0.155129,0.207942,0.264453,-0.072703,0.134346,0.156388,0.156228,0.161374,0.099772,0.202386,0.204172,0.122482,0.042774,0.112413,0.105088,0.164942,0.246408,0.167164,0.135572,0.096105,0.095017,0.133502,0.244358,0.216903,#
14,0.221226,0.036090,0.043121,0.120046,0.115074,0.127588,0.020707,0.257165,0.287273,0.233260,0.136535,0.009873,0.216145,0.224658,1.000000,0.282179,0.129539,0.069721,0.209153,0.263037,0.155703,0.073738,0.146653,0.272916,0.084432,0.030828,0.177160,0.183795,0.199686,0.166427,0.015626,0.181978,0.098887,0.116956,0.198614,0.144775,0.116705,0.180281,0.145158,0.221449,0.047580,0.018805,0.170015,0.056813,0.182592,0.214491,0.131174,0.043033,0.007032,0.138046,0.172965,0.092221,0.173159,0.259027,0.267343,0.185395,0.167487,0.094070,0.081625,0.051554,0.201865,0.225107,0.135717,0.099266,0.135819,0.043270,0.123017,0.129477,0.105695,0.205057,0.106536,0.125294,0.163754,0.198413,0.218238,0.156340,0.240047,0.147200,0.099349,0.108898,0.225696,0.218410,0.121836,0.199645,0.159165,0.161925,0.021646,0.166040,0.113246,0.055185,0.073089,0.082490,0.173798,0.145857,0.181619,0.113828,0.253270,0.094935,0.139788,0.076944,0.164349,0.192257,0.144992,0.189270,0.159855,0.120972,0.208645,0.185258,0.042352,0.174998,0.048778,-0.019571,0.166869,0.160315,0.181779,0.153709,0.152795,0.075414,0.157482,0.111411,0.307253,0.222514,0.089917,0.116990,0.162179,0.058614,0.105683,0.173939,0.040054,0.269022,0.095168,0.065529,0.096364,0.045994,0.169821,0.075349,-0.016299,0.159508,0.030317,0.000822,0.188884,0.182821,0.229584,0.108088,0.006034,0.293613,0.130593,0.119667,0.017990,0.053422,0.151302,0.064332,0.051509,0.151159,0.170952,0.202404,0.208472,0.132180,0.053378,0.148938,0.028154,0.127870,0.127086,0.124345,0.145827,0.109129,0.185380,0.061146,0.085672,0.215017,0.197469,0.216066,0.202545,0.166703,0.019421,0.131329,0.300436,0.233887,0.226624,0.056233,0.200614,0.215196,0.120832,0.064151,0.080397,0.104368,0.106202,-0.062892,0.012426,0.192902,-0.011274,0.100889,0.172566,0.210139,0.216237,-0.033378,0.011644,0.135874,0.215314,0.065787,#
15,0.220552,0.027751,0.154922,0.108820,0.164921,0.198750,0.086304,0.089402,0.181200,0.190611,0.137086,0.059195,0.081774,0.091625,0.282179,1.000000,0.205213,0.253938,0.112416,0.183166,0.124556,0.031224,0.165074,0.263108,0.042593,0.226983,0.131414,0.098410,0.158322,0.270682,0.071553,0.195797,0.064839,0.194793,0.074840,0.123818,0.105017,0.063527,0.213990,0.081542,0.083046,0.091349,0.140868,0.129340,0.169731,0.120407,0.010068,0.146697,0.050994,0.182144,-0.095129,0.284775,0.105633,0.126474,0.139386,0.120132,0.136151,0.058779,0.121295,0.166745,0.221881,0.057326,0.211364,0.035821,0.103341,0.220844,0.103904,0.127102,0.108677,-0.002137,0.207339,0.111593,0.114750,0.122409,0.121730,0.171016,0.075678,0.224039,0.064744,0.139037,0.254637,0.165594,0.012792,0.230035,0.188572,0.101643,0.089559,0.270577,0.155583,0.093339,0.054805,0.087968,0.139803,0.164264,0.071276,0.083432,0.262778,0.064667,0.113813,0.091791,0.216025,0.102161,0.141721,0.166920,0.016204,0.115705,0.214908,0.148556,0.045262,0.204584,-0.018227,0.200656,0.113362,0.084530,0.106397,0.189572,0.109125,0.010937,0.010899,0.013473,0.212922,0.200582,0.171735,0.186342,0.097020,0.047476,0.135895,0.170328,0.130759,0.269187,-0.008414,0.146541,0.094926,0.165560,0.168196,0.179221,0.000234,0.032619,0.009747,-0.050538,0.025247,0.143430,0.129460,0.078540,0.159592,0.024544,0.136114,0.160788,0.216968,0.040913,0.135756,-0.053234,0.152634,0.262731,0.050035,0.253038,0.163808,0.167217,0.092633,0.193412,0.041168,0.108482,0.320010,0.055863,0.128620,0.198442,0.163035,0.157934,0.174452,0.014403,0.004340,0.181812,0.059154,0.055133,0.091355,0.158400,0.259980,0.146346,0.015195,0.088113,0.213353,0.080441,0.159302,0.280030,0.033777,0.107973,-0.037312,0.135129,-0.017730,0.087987,-0.125618,0.124315,0.155795,0.116078,0.079238,0.143214,0.126941,0.194290,0.130751,0.015289,#
16,0.171435,0.160916,0.042679,0.147314,0.114825,0.139339,0.143016,0.151286,0.086242,0.062132,0.097769,0.041357,0.347194,0.233516,0.129539,0.205213,1.000000,0.107709,0.093936,0.281079,0.283506,0.127352,0.090011,0.185820,0.019988,0.203762,0.200788,-0.021860,0.055909,0.269277,0.069678,0.253566,0.074506,0.329586,0.128235,0.127975,0.144231,0.010688,0.188080,0.142322,-0.012314,0.147138,0.183133,0.141293,0.144122,0.223664,0.077846,-0.018573,0.102450,0.076862,0.058809,0.147759,0.238997,0.234019,0.213670,0.061224,-0.040377,0.113619,0.169820,-0.006175,0.075797,0.232740,0.200782,0.072824,0.166311,0.142781,0.115157,0.297199,0.127575,0.214827,0.001121,0.141529,0.287581,0.077431,0.161843,0.200144,0.069177,0.233876,0.134298,0.154940,0.105622,0.124023,0.031832,0.159684,0.163330,0.142158,0.214262,0.194312,0.191489,0.109463,0.078069,0.143041,0.115193,0.089568,0.132410,0.070659,0.182967,0.045806,0.157735,0.190341,0.030001,0.041026,-0.008825,0.135518,0.106599,0.156029,0.172244,0.044725,0.112716,0.195495,0.141301,0.151276,0.167948,0.069371,0.284654,0.239579,0.159154,0.087329,0.018419,0.161997,0.216321,0.185679,0.179569,0.265073,0.271767,0.011879,0.128189,-0.042863,0.089599,0.215092,0.109006,0.092132,0.262098,-0.081424,0.342512,0.269479,-0.004697,0.140233,0.099777,0.161635,0.031652,0.144839,0.079064,0.125871,0.232580,0.086279,0.082880,0.153874,0.179425,0.207780,-0.046657,0.218428,0.085273,0.087362,0.171279,0.210270,0.084997,0.055179,0.084331,0.218833,0.036712,0.289063,0.216808,0.189431,0.067383,0.128995,0.223730,0.128385,0.050923,-0.012544,0.070308,0.184405,0.090598,0.002673,0.116752,0.148963,0.066888,0.180791,0.186575,-0.011303,0.060670,0.099812,0.208781,0.032980,0.045122,0.229312,0.132160,0.170206,0.080587,0.069892,0.185889,-0.016561,0.007405,0.106420,0.116767,0.203156,0.036711,0.115091,0.021858,0.097091,#
17,0.214951,0.092465,0.070533,0.182432,0.157259,0.196340,0.105209,0.222057,0.184189,0.028812,0.077795,0.254175,0.150469,0.065404,0.069721,0.253938,0.107709,1.000000,0.020628,0.170168,0.239834,0.083203,0.056172,0.218311,0.052789,0.170832,0.083531,0.045936,-0.022622,0.175963,0.090460,0.113703,0.205207,0.100971,0.077555,0.201016,-0.008060,0.086022,0.248875,0.065709,0.227765,0.183529,0.104322,0.159935,0.048600,0.205143,0.139694,0.097558,0.130537,0.084956,0.154356,0.156138,0.005183,0.170535,0.098412,0.199143,0.182256,0.090028,0.083648,0.021751,0.187906,0.101145,0.104012,0.040021,0.131371,0.242719,0.212998,0.227646,0.105652,0.173589,0.056301,0.155953,0.135902,0.058395,0.121217,0.201467,0.051947,0.118983,0.024909,0.191303,0.156874,0.123134,0.175595,0.048391,0.084119,-0.058644,0.214755,0.123718,0.161041,0.136199,-0.029762,0.013431,0.181842,0.165379,-0.011840,0.149854,0.148669,0.178247,0.071401,0.094008,0.169576,-0.084588,0.126249,0.175216,-0.010570,0.135930,0.167220,0.161412,0.109495,0.031088,0.151792,0.156127,0.020327,0.266412,0.130100,0.125696,0.036906,0.032656,-0.027861,0.118918,0.071104,0.190684,0.092670,0.208649,0.293510,0.127091,0.160813,0.054456,0.045355,0.147304,0.184865,0.157851,0.233163,0.102760,0.097779,0.235144,0.099468,0.163121,0.121724,0.198762,0.155318,0.157029,0.138644,0.163574,0.206092,0.138257,0.065165,0.112550,0.028093,-0.029782,0.119448,-0.040881,0.015828,0.152272,0.239869,0.226922,0.158491,0.025787,0.228010,0.173594,0.081547,0.195447,0.246707,0.157420,0.127262,0.187894,0.063758,0.156701,0.126272,0.070273,0.246310,0.026990,0.043516,0.063999,0.122129,0.045015,0.201997,0.098965,-0.036483,0.248567,0.127014,0.197087,0.197047,0.148852,0.003532,0.118405,0.121480,0.132556,0.110467,0.130638,0.041604,0.191855,0.208248,0.099813,0.247853,0.156245,0.035478,0.163677,0.041725,0.176344,#
18,0.182141,0.004929,0.116738,0.250078,0.167105,0.016636,0.074668,0.072772,0.126103,0.068520,0.085221,0.126110,0.139776,0.151977,0.209153,0.112416,0.093936,0.020628,1.000000,0.156212,0.166653,0.150507,0.043702,0.243285,0.171019,0.088557,0.100517,0.249237,0.062794,0.102143,0.031577,0.015506,0.169121,0.107569,0.196271,0.211457,0.152899,0.059243,0.065963,0.264989,0.061741,0.098757,0.136155,0.102218,0.198836,0.063998,0.100457,0.011202,-0.102764,0.151315,0.091760,0.021505,0.188041,0.177500,0.103004,0.167953,0.096511,0.108852,0.010655,0.036575,0.136766,0.036465,0.227262,0.032425,0.104374,0.131631,0.192386,0.187634,-0.060774,0.017120,0.082446,0.008279,0.089757,0.028401,0.128708,0.121272,0.138033,0.127299,0.166058,0.151776,0.152587,0.029330,0.118842,0.163465,0.140402,-0.050010,0.201728,0.094173,0.098226,0.047055,0.183878,-0.005395,0.094090,0.120687,0.130118,0.171434,0.268597,0.065557,0.118386,0.195221,0.092059,0.203883,0.174593,0.142873,0.232052,0.196457,0.102477,0.054006,0.113296,0.107779,0.240937,0.184327,0.225930,0.087363,0.010016,0.071642,0.047198,-0.109118,0.030616,0.125141,0.065222,0.111195,0.153230,-0.015077,0.142165,-0.075037,0.079603,0.117033,0.235929,0.140745,0.080643,0.207509,0.071333,0.158525,0.184299,0.018486,0.036980,0.217829,0.023933,0.113067,0.077577,0.077929,0.155900,0.116159,0.112956,0.214690,0.069331,0.072302,0.003901,0.086513,-0.008235,0.190124,0.102795,0.079926,0.096733,0.178700,0.169842,0.100210,-0.004590,0.310283,0.128975,0.132415,0.137053,0.142366,0.105370,0.237363,0.160016,0.083706,0.039427,0.169717,-0.065136,0.143645,0.184362,0.071751,-0.031552,0.220939,0.169833,0.164872,0.200946,-0.000040,0.105998,0.078352,0.188560,0.050874,0.110059,0.019871,0.283977,0.022986,0.065908,0.091161,0.127514,0.192124,0.186443,0.133297,0.159515,0.032295,0.039041,0.189391,0.239115,0.083982,#
19,0.264111,0.129762,0.178393,0.201403,0.346419,0.240184,0.037960,0.159784,0.230391,0.302672,0.150791,0.024423,0.273134,0.194983,0.263037,0.183166,0.281079,0.170168,0.156212,1.000000,0.174899,0.140747,0.200293,0.214334,0.028905,0.244396,0.278636,0.086445,0.119178,0.274667,0.108528,0.234166,0.159355,0.174559,0.138047,0.240667,0.119524,-0.004970,0.283060,0.185784,0.184906,0.147365,0.057180,0.083959,0.141806,0.256884,0.269570,0.258965,0.137831,0.179706,0.101279,0.182846,0.047232,0.329264,0.178594,0.277315,0.194990,0.090653,0.166642,0.115057,0.239353,0.256447,0.241839,0.209359,0.321774,0.136345,0.097251,0.271010,0.064779,0.178520,0.212435,0.145916,0.229183,0.127417,0.273712,0.326517,0.138407,0.252054,0.342111,0.151054,0.238930,0.129836,0.178110,0.132613,0.277231,0.104409,0.126691,0.275038,0.205204,-0.020573,0.070271,0.111961,0.263507,0.089735,0.086972,0.185499,0.233013,0.189576,0.050738,0.159198,0.209138,0.164456,0.212658,0.218162,0.222708,0.327388,0.205601,0.319689,0.137895,0.037364,0.109933,0.177495,0.211930,0.257049,0.173661,0.151781,0.243618,0.191452,0.124185,-0.028024,0.231750,0.340536,0.241076,0.228131,0.374850,0.094272,0.311778,0.199942,0.111715,0.279417,0.100497,0.048096,0.212492,0.125085,0.245108,0.172505,0.148718,0.277374,0.121579,0.087561,0.053475,0.218793,0.224543,0.112431,0.171438,0.190547,0.120609,0.178898,0.204261,0.105690,0.131863,0.265847,0.131667,0.209930,0.244883,0.179712,0.167815,0.100980,0.198287,0.220415,0.273520,0.258832,0.208628,0.177087,0.230120,0.231597,0.084379,0.124860,0.217730,0.112608,0.168367,0.234062,0.281772,0.238991,0.111123,0.181190,0.284084,0.274777,0.144240,0.097380,0.075312,0.252393,0.254742,0.255684,0.247086,0.180284,0.139750,0.120051,0.195270,0.162654,0.313543,0.217843,0.036598,0.163184,0.162646,0.209248,0.070855,0.153527,0.262748,0.289103,#
20,0.110972,0.026826,0.276800,0.194979,0.335412,0.177041,0.258445,0.115970,0.207364,0.159649,0.063881,0.092164,0.134649,0.226859,0.155703,0.124556,0.283506,0.239834,0.166653,0.174899,1.000000,0.173845,0.078546,0.228513,0.153168,0.295781,0.179183,0.054408,0.074208,0.179792,0.071742,0.104985,0.200175,0.246046,0.139350,0.215219,0.242833,0.084333,0.212070,0.234978,0.135694,0.307773,0.055161,0.034050,0.263517,0.219491,0.293233,0.007973,0.038397,0.172647,-0.035579,0.204840,0.109970,0.312349,0.214709,0.136003,0.149291,0.212731,0.191178,0.064788,0.224997,0.097916,0.258433,0.058659,0.188217,0.145232,0.168646,0.168991,0.247476,0.233520,0.255918,0.178694,0.223121,0.154426,0.162505,0.060382,0.098977,0.270929,0.171635,0.123547,0.203218,0.207542,0.233569,0.017795,0.195730,0.138750,0.166241,0.163879,0.207943,0.101499,0.150693,0.184375,0.188125,0.235956,0.259115,0.082565,0.191412,0.244197,0.199792,0.042613,0.176872,0.063820,0.199283,0.146516,0.131826,0.168647,0.174814,0.150644,0.079290,0.266304,0.259903,0.260007,0.122363,0.144530,0.153672,0.241732,0.263695,0.130427,-0.022981,0.180581,0.144342,0.198251,0.074644,0.174664,0.223999,0.118627,0.231698,0.143196,0.283484,0.234509,0.221739,0.130402,0.223294,0.090588,0.261370,0.154541,0.144497,0.138275,0.184825,0.120450,0.155457,0.201021,0.105908,0.171215,0.212369,0.138305,0.025550,0.177418,0.156371,0.237910,0.220785,0.172692,0.068842,0.213699,0.183008,0.150912,0.120118,-0.031711,0.136798,0.340291,0.094394,0.297392,0.201076,0.183883,0.206094,0.081083,0.035545,0.190187,0.143751,0.044264,0.212123,0.100578,0.108122,0.054489,0.053626,0.216384,0.043959,0.156058,0.310560,0.133525,0.139938,0.119683,0.149952,0.207059,0.120897,0.008909,0.137792,0.144901,0.127889,0.270674,0.022647,0.141548,0.183083,0.205344,0.167125,0.073545,0.088940,0.174736,0.188058,0.223447,#
21,0.116052,0.147945,0.221186,0.167692,0.160591,0.021410,0.147654,0.194491,0.184783,0.091819,0.047586,0.160922,0.116263,0.141256,0.073738,0.031224,0.127352,0.083203,0.150507,0.140747,0.173845,1.000000,0.037813,0.102574,0.054331,0.046553,0.167244,0.101423,0.181404,0.121444,0.101880,0.146104,0.139577,0.228228,0.060552,0.275630,0.269043,0.189788,0.263016,0.081952,0.010050,0.155697,0.061571,0.123671,0.078568,0.128475,0.176508,0.208609,0.009810,0.042212,0.151048,0.068049,-0.015762,0.101659,0.134526,0.097982,0.088927,0.095579,0.002926,0.021346,0.123485,0.008723,0.184689,0.070925,0.275669,0.206586,0.027566,0.177075,0.226589,0.212991,0.261222,0.103639,0.316561,0.248356,0.123179,0.118477,0.020956,0.104243,0.015264,0.147043,0.179638,0.092046,0.072990,-0.092231,0.182044,-0.014845,0.182951,0.044454,0.159068,0.204758,0.017942,-0.041571,0.048890,0.060438,0.136365,0.071513,0.202423,0.136315,0.011875,0.151288,0.283138,0.227769,0.152175,0.074623,0.098057,0.203293,0.137659,0.070287,0.163507,0.154237,0.176786,0.109721,0.072803,0.218937,0.105468,0.232846,0.260239,0.019337,0.035129,0.158790,0.088628,0.228852,0.098559,0.235846,0.191078,0.015569,0.165682,0.187569,0.082255,0.116865,0.126884,0.125564,0.297551,0.094203,0.110120,0.073064,0.084334,0.052434,0.033525,0.219195,0.120702,0.215466,0.154953,0.132133,0.160771,0.214192,0.155140,0.110592,0.148297,0.026901,0.100053,0.039213,0.064144,0.067646,0.258033,0.138284,-0.024153,0.045235,0.088584,0.124297,0.164521,0.297751,0.171274,0.153492,0.195534,0.029843,0.064452,0.135404,0.014078,0.218605,0.069161,0.098583,0.166458,0.077772,0.039271,0.214293,0.152120,0.168736,0.091431,0.093728,0.097413,0.165665,-0.015990,0.125380,0.010701,0.130527,0.148590,0.147449,0.158621,0.150984,0.197843,0.035510,0.255960,0.161332,0.258475,0.142565,0.141567,0.194094,0.182676,0.157250,#
