0,1.000000,0.427670,0.385208,0.289899,0.329336,0.401539,0.410225,0.277736,0.340733,0.380866,0.399970,0.415265,0.350502,0.339479,0.413912,0.338527,0.417206,0.437296,0.396717,0.335000,0.401068,0.438515,0.308060,0.394432,0.280188,0.312124,0.413233,0.431720,0.337543,0.360589,0.328988,0.270211,0.387547,0.282214,0.255401,0.427876,0.387278,0.355815,0.267290,0.416096,0.223655,0.404447,0.322058,0.419784,0.314780,0.344647,0.380634,0.361052,0.431909,0.353039,0.478396,0.340764,0.310197,0.291803,0.435258,0.290998,0.355554,0.428796,0.313970,0.279089,0.376380,0.303691,0.351275,0.388368,0.361326,0.215221,0.364021,0.315297,0.280831,0.395570,0.444422,0.388292,0.357796,0.406296,0.355704,0.328475,0.334510,0.435210,0.396828,0.286279,0.437404,0.342603,0.379782,0.400755,0.324685,0.429887,0.392737,0.244840,0.436095,0.349819,0.403064,0.310643,0.333501,0.306083,0.292236,0.410089,0.338401,0.328575,0.423900,0.377174,0.380476,0.395836,0.339982,0.374275,0.321808,0.389102,0.343701,0.430636,0.346254,0.383401,0.272372,0.375761,0.381241,0.316079,0.322214,0.361796,0.349343,0.271706,0.419407,0.351122,0.439436,0.277173,0.209401,0.278069,0.291028,0.430594,0.333128,0.380638,0.362294,0.410505,0.389035,0.406460,0.328529,0.273184,0.403409,0.268793,0.338907,0.349603,0.347289,0.435185,0.315334,0.369431,0.450218,0.391061,0.357742,0.448938,0.364162,0.266738,0.369815,0.273444,0.366075,0.255410,0.273446,0.322690,0.349767,0.202966,0.284478,0.322036,0.409050,0.329747,0.428605,0.417337,0.359524,0.380185,0.385354,0.279359,0.199383,0.339742,0.401594,0.375177,0.444636,0.173426,0.442573,0.404847,0.372791,0.280420,0.326243,0.360873,0.430976,0.296938,0.341535,0.424067,0.338329,0.218747,0.289990,0.400054,0.387951,0.483672,0.345667,0.286746,0.391648,0.364993,0.218747,0.227996,0.362445,0.301745,0.386092,0.374035,0.357983,0.425329,#
1,0.427670,1.000000,0.390032,0.294748,0.405418,0.388242,0.428948,0.354870,0.264139,0.394524,0.466893,0.445889,0.381943,0.451757,0.407641,0.299118,0.330023,0.299088,0.529292,0.296986,0.350460,0.424977,0.292512,0.364703,0.466107,0.398710,0.422348,0.472525,0.379929,0.265158,0.396065,0.379365,0.407673,0.355056,0.393829,0.337138,0.324788,0.339771,0.281711,0.360448,0.342101,0.376804,0.472517,0.329221,0.357188,0.307326,0.419697,0.426108,0.389424,0.360604,0.467960,0.342580,0.433460,0.357063,0.369265,0.305141,0.333724,0.408641,0.486443,0.411130,0.440639,0.364710,0.408096,0.371012,0.348645,0.282434,0.335261,0.408173,0.363963,0.261141,0.394241,0.289723,0.365904,0.394203,0.429968,0.241048,0.446021,0.356307,0.461958,0.355787,0.351186,0.445956,0.418597,0.509604,0.291020,0.386921,0.343393,0.334325,0.429931,0.442565,0.409684,0.460232,0.397111,0.394091,0.290632,0.464993,0.369218,0.299199,0.448405,0.348126,0.375036,0.291925,0.344042,0.351419,0.315555,0.271900,0.401101,0.462715,0.323192,0.392905,0.404031,0.385098,0.469102,0.371605,0.429781,0.320949,0.428420,0.292812,0.469009,0.364126,0.317455,0.347149,0.303933,0.388467,0.411614,0.425970,0.439238,0.373922,0.388424,0.375971,0.453885,0.398590,0.281839,0.318990,0.458786,0.339751,0.324186,0.342168,0.377500,0.359856,0.414382,0.377380,0.279202,0.342478,0.413572,0.394325,0.434096,0.320765,0.460146,0.347333,0.393557,0.401893,0.414194,0.256783,0.290309,0.361341,0.392928,0.481134,0.417504,0.312402,0.308740,0.432612,0.367415,0.344905,0.344991,0.412989,0.268859,0.415099,0.359044,0.461869,0.458887,0.286801,0.266124,0.298729,0.508006,0.389777,0.294162,0.451596,0.464256,0.356939,0.435095,0.311715,0.427035,0.394395,0.505727,0.387518,0.368500,0.492155,0.287875,0.320270,0.467619,0.406821,0.250194,0.348838,0.409710,0.399621,0.306474,0.430276,0.370733,0.292708,#
2,0.385208,0.390032,1.000000,0.388602,0.381856,0.440537,0.362100,0.305421,0.274945,0.331218,0.274687,0.394254,0.367054,0.371384,0.402079,0.343460,0.420214,0.364463,0.466059,0.367411,0.379212,0.418961,0.414980,0.399310,0.426229,0.411126,0.414372,0.300260,0.302844,0.280929,0.413870,0.439045,0.359057,0.336651,0.385562,0.358956,0.347871,0.381062,0.285856,0.364268,0.395594,0.393570,0.378292,0.343891,0.313072,0.406386,0.357146,0.423213,0.318043,0.328053,0.406089,0.410726,0.419163,0.370560,0.379661,0.403330,0.242004,0.453176,0.360414,0.351544,0.187011,0.394181,0.415271,0.428361,0.409544,0.342774,0.353037,0.342565,0.340066,0.373958,0.336410,0.250872,0.275163,0.395123,0.377720,0.435246,0.332554,0.391577,0.393030,0.361484,0.386887,0.326516,0.322523,0.410767,0.329060,0.450489,0.391111,0.334776,0.347630,0.410059,0.323804,0.305405,0.366603,0.336067,0.343698,0.375079,0.330358,0.304111,0.401855,0.326979,0.392035,0.452566,0.356400,0.299184,0.474122,0.297166,0.347279,0.401303,0.324461,0.452532,0.439390,0.387552,0.411508,0.320028,0.287866,0.332202,0.268523,0.397948,0.288589,0.301219,0.341435,0.287033,0.305600,0.295718,0.338643,0.339221,0.414234,0.369376,0.377949,0.278252,0.340069,0.442316,0.316231,0.299438,0.312418,0.356557,0.338992,0.429886,0.330258,0.314144,0.275207,0.313440,0.418706,0.371846,0.471482,0.368833,0.315178,0.294664,0.465982,0.376010,0.352385,0.378524,0.339376,0.362053,0.249148,0.283201,0.320762,0.407120,0.366441,0.307573,0.450058,0.422621,0.428339,0.366164,0.322262,0.309312,0.267963,0.381144,0.373598,0.426899,0.439646,0.357804,0.290775,0.333352,0.453062,0.383623,0.427999,0.436997,0.439626,0.381786,0.412571,0.324691,0.281978,0.223543,0.317661,0.415595,0.466561,0.405940,0.348605,0.285743,0.403730,0.344112,0.366857,0.348104,0.366804,0.312169,0.415618,0.263174,0.494562,0.397678,#
3,0.289899,0.294748,0.388602,1.000000,0.272779,0.277230,0.253013,0.347664,0.244728,0.285524,0.238561,0.319469,0.228708,0.282462,0.191712,0.113741,0.290331,0.276660,0.238439,0.274261,0.304491,0.331771,0.359286,0.314063,0.297793,0.364513,0.293238,0.261924,0.268299,0.218687,0.307676,0.316511,0.282983,0.419216,0.210120,0.266479,0.257197,0.354044,0.246398,0.205193,0.287190,0.326637,0.411101,0.232906,0.331735,0.385725,0.385786,0.335347,0.240875,0.329637,0.414132,0.250584,0.257678,0.299669,0.233745,0.336429,0.228924,0.402606,0.310445,0.248504,0.244012,0.258635,0.320004,0.327640,0.342399,0.247639,0.211434,0.319798,0.188020,0.269868,0.371609,0.177526,0.179716,0.331171,0.349783,0.229632,0.175787,0.354186,0.297894,0.341375,0.268099,0.317502,0.235203,0.349865,0.234678,0.264551,0.387989,0.215940,0.298106,0.333131,0.306007,0.236062,0.280797,0.352361,0.191413,0.303343,0.233193,0.165264,0.369598,0.192907,0.239229,0.300241,0.313435,0.212171,0.365505,0.238932,0.313175,0.323469,0.273979,0.311199,0.364856,0.302746,0.239652,0.308625,0.275058,0.209719,0.229343,0.277671,0.209074,0.276857,0.279704,0.262314,0.352484,0.294980,0.248048,0.330127,0.362905,0.212002,0.376841,0.311411,0.313433,0.268415,0.313660,0.449075,0.258528,0.336614,0.263648,0.229671,0.266742,0.298810,0.246837,0.239146,0.391611,0.330902,0.401471,0.260069,0.316538,0.307474,0.379138,0.373231,0.306974,0.159942,0.236938,0.282470,0.248482,0.206129,0.310060,0.365255,0.207562,0.316933,0.375520,0.310404,0.415547,0.425458,0.305514,0.396771,0.255217,0.238951,0.348356,0.392863,0.380516,0.206928,0.279564,0.256559,0.368172,0.246155,0.199842,0.291986,0.266471,0.298191,0.428554,0.363592,0.361538,0.289638,0.227882,0.262537,0.222963,0.415536,0.226821,0.233830,0.390621,0.290589,0.225226,0.311212,0.244110,0.289337,0.362940,0.309444,0.347648,0.296027,#
4,0.329336,0.405418,0.381856,0.272779,1.000000,0.246576,0.429603,0.293514,0.310989,0.379481,0.419864,0.280289,0.336791,0.350688,0.311738,0.309269,0.272037,0.360439,0.418474,0.389786,0.292379,0.405398,0.300876,0.362602,0.388431,0.443220,0.368804,0.377345,0.344734,0.254231,0.392643,0.334097,0.411723,0.359492,0.384337,0.323014,0.185774,0.484987,0.276069,0.343363,0.379976,0.396895,0.435006,0.370953,0.330563,0.298815,0.369448,0.444907,0.396038,0.408908,0.422098,0.274775,0.374918,0.412691,0.344516,0.361251,0.193944,0.381952,0.319336,0.424415,0.380672,0.305588,0.319208,0.305825,0.321535,0.293939,0.369971,0.333392,0.337008,0.351300,0.330534,0.361336,0.275060,0.273690,0.411493,0.277296,0.244885,0.367402,0.271322,0.261155,0.451246,0.458921,0.270419,0.429975,0.311256,0.365185,0.303437,0.296363,0.404572,0.367435,0.319222,0.349750,0.287378,0.382952,0.199809,0.380485,0.295917,0.414256,0.424578,0.338406,0.378906,0.279789,0.284428,0.409910,0.452290,0.272494,0.326485,0.332823,0.388244,0.509513,0.417116,0.248925,0.387767,0.421387,0.314620,0.282502,0.253253,0.279226,0.397231,0.376979,0.302306,0.363337,0.339476,0.331154,0.336487,0.392556,0.397207,0.372861,0.269355,0.227423,0.320118,0.435658,0.319627,0.281931,0.347549,0.391156,0.298716,0.283496,0.230365,0.278164,0.310494,0.260303,0.364436,0.407017,0.335855,0.403875,0.410768,0.252944,0.393059,0.433413,0.330933,0.376976,0.360267,0.383042,0.308320,0.313329,0.384173,0.409292,0.316966,0.343314,0.342178,0.392754,0.387341,0.358412,0.330157,0.417639,0.352668,0.309989,0.402645,0.427794,0.470906,0.306297,0.229692,0.178689,0.377592,0.216844,0.337366,0.318350,0.245377,0.302897,0.314087,0.377998,0.291164,0.274323,0.369088,0.312966,0.309385,0.453368,0.350422,0.295158,0.367651,0.310090,0.386099,0.341381,0.361491,0.356675,0.411462,0.435912,0.442016,0.349837,#
5,0.401539,0.388242,0.440537,0.277230,0.246576,1.000000,0.299815,0.342635,0.276292,0.366399,0.276191,0.411314,0.292680,0.264483,0.325873,0.414767,0.393327,0.407254,0.374021,0.321917,0.355561,0.373364,0.355917,0.460290,0.270143,0.411465,0.380187,0.298810,0.316165,0.326936,0.246837,0.450818,0.291674,0.330098,0.327339,0.305124,0.467446,0.353522,0.303442,0.431438,0.342364,0.351886,0.338362,0.382416,0.295014,0.431157,0.274949,0.270340,0.407848,0.359510,0.441365,0.307104,0.423243,0.257660,0.394854,0.386025,0.285997,0.503584,0.332988,0.281506,0.373395,0.363260,0.401986,0.380574,0.384588,0.287836,0.340601,0.398538,0.220513,0.283411,0.467821,0.268845,0.417369,0.452141,0.382049,0.337406,0.372664,0.411872,0.394374,0.341550,0.375093,0.336918,0.342512,0.268075,0.256601,0.387103,0.264590,0.331149,0.362115,0.299332,0.326624,0.387531,0.274819,0.376237,0.248471,0.375312,0.365681,0.232033,0.367407,0.246205,0.401346,0.393536,0.414057,0.281967,0.318329,0.317536,0.338541,0.375861,0.341116,0.376851,0.425181,0.381937,0.371446,0.306935,0.332709,0.377723,0.425410,0.366240,0.292470,0.410263,0.278866,0.268164,0.297670,0.246246,0.395080,0.297678,0.357972,0.283997,0.386727,0.422221,0.340613,0.424048,0.247192,0.242067,0.424386,0.320784,0.264148,0.320389,0.339477,0.298886,0.365344,0.349908,0.391101,0.376580,0.308689,0.357223,0.315724,0.300002,0.367573,0.278117,0.325572,0.292895,0.293529,0.390107,0.241529,0.246508,0.314269,0.347994,0.334324,0.316497,0.451119,0.344850,0.434904,0.235314,0.301179,0.258701,0.162369,0.374237,0.362695,0.412268,0.286856,0.329945,0.398497,0.303708,0.347782,0.291276,0.285715,0.418579,0.349976,0.291983,0.388077,0.420626,0.429474,0.286693,0.329406,0.382168,0.343862,0.334095,0.386882,0.306017,0.490518,0.284782,0.250294,0.411808,0.362639,0.354754,0.433260,0.345392,0.439113,0.425113,#
6,0.410225,0.428948,0.362100,0.253013,0.429603,0.299815,1.000000,0.302043,0.261238,0.392866,0.375211,0.362013,0.313595,0.399497,0.276868,0.274915,0.333156,0.341240,0.407750,0.428194,0.329674,0.360223,0.344864,0.362827,0.395151,0.310516,0.302585,0.353230,0.290419,0.271184,0.341056,0.315878,0.316900,0.299406,0.280484,0.279473,0.233549,0.311490,0.207375,0.372571,0.380570,0.384501,0.363064,0.383830,0.400880,0.238153,0.416262,0.475247,0.380731,0.431840,0.317390,0.408877,0.409614,0.361549,0.298453,0.351439,0.300461,0.443507,0.315590,0.334783,0.296099,0.325066,0.309746,0.374154,0.199285,0.354840,0.290466,0.234293,0.272912,0.248137,0.380127,0.357499,0.319053,0.403190,0.372457,0.302210,0.344812,0.376889,0.362500,0.352382,0.361058,0.414009,0.373658,0.336221,0.297312,0.443496,0.367511,0.360390,0.407820,0.361690,0.373066,0.313786,0.354827,0.449258,0.254776,0.437708,0.300904,0.290514,0.454190,0.265468,0.404933,0.385837,0.212464,0.421708,0.296094,0.444886,0.372298,0.371191,0.279286,0.365295,0.361532,0.310316,0.337169,0.355401,0.339157,0.276336,0.282876,0.357232,0.346169,0.270337,0.295723,0.454799,0.244526,0.270522,0.290953,0.325915,0.307128,0.449599,0.305854,0.366109,0.305596,0.406244,0.377139,0.239866,0.522617,0.338170,0.279936,0.428155,0.333378,0.198323,0.317649,0.206970,0.392861,0.520235,0.262236,0.402131,0.276443,0.263108,0.321816,0.304342,0.412174,0.290543,0.371518,0.336175,0.351590,0.213282,0.321736,0.382097,0.306580,0.321521,0.360294,0.375292,0.328907,0.418121,0.358280,0.324467,0.189602,0.268748,0.335646,0.437342,0.345375,0.338817,0.289384,0.293295,0.433229,0.299220,0.295280,0.330858,0.347769,0.309910,0.200267,0.224852,0.359816,0.282529,0.345520,0.271877,0.309654,0.357239,0.377417,0.337556,0.449337,0.283609,0.317957,0.272045,0.352866,0.398457,0.378883,0.367492,0.344794,0.291999,#
7,0.277736,0.354870,0.305421,0.347664,0.293514,0.342635,0.302043,1.000000,0.248841,0.384680,0.298141,0.412787,0.355989,0.365706,0.229534,0.242127,0.321215,0.336984,0.375972,0.378063,0.319871,0.331978,0.455045,0.298061,0.468377,0.397428,0.342541,0.428487,0.270333,0.268084,0.397601,0.394643,0.398525,0.354218,0.317772,0.368723,0.315236,0.320593,0.300822,0.302512,0.250720,0.320156,0.508102,0.284919,0.332000,0.418658,0.325868,0.395197,0.416641,0.396861,0.435178,0.279558,0.335014,0.395628,0.362772,0.439593,0.340682,0.380748,0.313017,0.363461,0.260569,0.206402,0.379197,0.316290,0.374136,0.274617,0.341184,0.425706,0.297678,0.502969,0.346324,0.245211,0.364406,0.402378,0.416570,0.340823,0.427496,0.353942,0.407986,0.427913,0.282651,0.368061,0.354835,0.434826,0.317531,0.399578,0.423738,0.407450,0.399914,0.367492,0.390536,0.278794,0.317538,0.354563,0.336440,0.391953,0.319000,0.264444,0.307387,0.225286,0.398662,0.332306,0.289191,0.354908,0.299041,0.322819,0.331231,0.326625,0.369475,0.336202,0.423744,0.370943,0.316531,0.351645,0.387644,0.335351,0.314048,0.373444,0.390467,0.367543,0.310411,0.402000,0.318101,0.407191,0.445644,0.419784,0.383115,0.355299,0.348569,0.314397,0.365520,0.306846,0.301432,0.314338,0.420243,0.437337,0.279710,0.376397,0.423278,0.387162,0.408258,0.507319,0.289526,0.370905,0.442466,0.369743,0.397784,0.296539,0.412832,0.353404,0.348017,0.490222,0.331431,0.237210,0.301585,0.390211,0.364748,0.404746,0.347955,0.343113,0.452125,0.349413,0.365661,0.423231,0.376233,0.320361,0.352345,0.301212,0.452617,0.353163,0.368404,0.350619,0.296924,0.305016,0.381048,0.359436,0.325797,0.405598,0.336975,0.415426,0.351204,0.408428,0.251059,0.237573,0.316359,0.369265,0.382370,0.446909,0.311912,0.342086,0.400163,0.300986,0.244731,0.388979,0.254045,0.291498,0.427427,0.388611,0.389965,0.393548,#
8,0.340733,0.264139,0.274945,0.244728,0.310989,0.276292,0.261238,0.248841,1.000000,0.254751,0.333286,0.332486,0.319457,0.303285,0.325958,0.296405,0.319978,0.249079,0.228721,0.339761,0.244732,0.291118,0.275259,0.307043,0.257405,0.379953,0.247964,0.372744,0.198085,0.410503,0.232783,0.347495,0.280557,0.397316,0.304862,0.265470,0.266276,0.419318,0.190362,0.473186,0.272647,0.286173,0.277651,0.354314,0.316339,0.255090,0.332182,0.347579,0.226507,0.266985,0.297381,0.377167,0.264222,0.394188,0.365842,0.315706,0.218414,0.300984,0.289335,0.360132,0.333002,0.157663,0.426510,0.378745,0.282811,0.209776,0.268723,0.386189,0.343623,0.324300,0.216015,0.363245,0.214019,0.343461,0.256444,0.201502,0.270503,0.229772,0.340292,0.191365,0.295189,0.270127,0.281613,0.250691,0.214609,0.334758,0.269209,0.247633,0.381193,0.311057,0.319456,0.232243,0.248593,0.333544,0.220430,0.457278,0.372385,0.284532,0.244478,0.235240,0.371341,0.198102,0.170452,0.198904,0.302969,0.228959,0.390273,0.322307,0.262282,0.391483,0.274212,0.330493,0.290660,0.230999,0.270997,0.336405,0.415210,0.273623,0.158309,0.380941,0.305004,0.233980,0.293907,0.221649,0.318407,0.348345,0.266994,0.303690,0.371275,0.288071,0.364898,0.339751,0.258939,0.221156,0.409472,0.360170,0.233637,0.357434,0.378133,0.287731,0.253060,0.282507,0.412383,0.308389,0.400597,0.337325,0.349810,0.429362,0.355790,0.312110,0.276783,0.270866,0.273597,0.302911,0.288424,0.222009,0.338927,0.246866,0.287459,0.317158,0.290967,0.284729,0.334379,0.388002,0.229612,0.290134,0.268331,0.258764,0.287151,0.383891,0.377552,0.099148,0.204423,0.343093,0.349892,0.334450,0.237806,0.303351,0.251687,0.373389,0.386569,0.210989,0.157035,0.240433,0.375955,0.252974,0.274242,0.290977,0.282976,0.218775,0.361328,0.304523,0.162692,0.262413,0.262934,0.274109,0.338465,0.237773,0.306763,0.308810,#
9,0.380866,0.394524,0.331218,0.285524,0.379481,0.366399,0.392866,0.384680,0.254751,1.000000,0.423481,0.420838,0.410645,0.364360,0.379266,0.347787,0.336608,0.251295,0.392531,0.398866,0.380784,0.359349,0.388718,0.380650,0.364814,0.399633,0.401703,0.518468,0.338284,0.274775,0.423261,0.404201,0.319988,0.393639,0.326372,0.388838,0.273176,0.348868,0.227107,0.356925,0.290129,0.430171,0.334939,0.247710,0.381800,0.436142,0.313058,0.438864,0.412429,0.296456,0.443434,0.349518,0.399045,0.341519,0.336221,0.335404,0.358746,0.396595,0.277038,0.357592,0.301809,0.325013,0.437860,0.368637,0.331276,0.363541,0.242181,0.457762,0.341840,0.288632,0.363104,0.312808,0.260130,0.423509,0.409908,0.305526,0.460104,0.369249,0.466108,0.459421,0.403323,0.403032,0.441564,0.376624,0.417331,0.439029,0.416020,0.306798,0.448919,0.308591,0.328858,0.475682,0.320468,0.437569,0.349301,0.469761,0.462791,0.262506,0.385744,0.326910,0.438091,0.341736,0.401835,0.263271,0.372409,0.322852,0.384183,0.415957,0.295536,0.342240,0.362847,0.353077,0.417748,0.357528,0.347322,0.390844,0.432537,0.420119,0.437017,0.317818,0.486527,0.480556,0.323447,0.355847,0.385596,0.413999,0.334070,0.484721,0.325043,0.216595,0.343786,0.460049,0.345126,0.323878,0.532262,0.303104,0.284544,0.327094,0.360847,0.420699,0.308901,0.296180,0.353160,0.385813,0.339278,0.291370,0.419156,0.295672,0.295917,0.311294,0.368332,0.392721,0.380759,0.361303,0.358830,0.328531,0.367082,0.412687,0.327006,0.370103,0.386116,0.298907,0.311847,0.442490,0.402449,0.346672,0.272786,0.294002,0.437344,0.451234,0.357982,0.356405,0.349839,0.332600,0.368777,0.373880,0.287112,0.288379,0.352996,0.402339,0.349170,0.389459,0.423803,0.367951,0.324861,0.379825,0.443639,0.408485,0.361973,0.331146,0.429570,0.293286,0.249929,0.336550,0.362819,0.346418,0.319970,0.366712,0.387483,0.352173,#
10,0.399970,0.466893,0.274687,0.238561,0.419864,0.276191,0.375211,0.298141,0.333286,0.423481,1.000000,0.414632,0.309331,0.392943,0.325231,0.297818,0.456300,0.343396,0.454856,0.414109,0.336829,0.373533,0.364381,0.312318,0.381542,0.339586,0.369743,0.365193,0.218624,0.260077,0.354602,0.323658,0.316441,0.378205,0.322902,0.367097,0.155346,0.321864,0.290119,0.289967,0.190069,0.278118,0.350514,0.264868,0.335198,0.313225,0.351728,0.407486,0.402342,0.371615,0.312356,0.364108,0.316586,0.367680,0.350978,0.346868,0.310597,0.332961,0.340752,0.263844,0.388948,0.345509,0.381784,0.371867,0.304748,0.215845,0.350851,0.342211,0.323723,0.284416,0.305078,0.252071,0.241808,0.372574,0.349865,0.294032,0.387886,0.284177,0.375603,0.259739,0.325576,0.449038,0.313001,0.385116,0.309039,0.369981,0.305687,0.227728,0.416868,0.325613,0.243815,0.374155,0.398709,0.325188,0.246497,0.385436,0.388765,0.228263,0.429032,0.308757,0.431993,0.256258,0.262290,0.348304,0.318806,0.316284,0.470434,0.408845,0.311914,0.364887,0.265499,0.346196,0.368804,0.405607,0.337959,0.383711,0.406186,0.270965,0.255730,0.268873,0.302863,0.284805,0.354425,0.298406,0.388842,0.326277,0.311263,0.327291,0.330174,0.348997,0.350524,0.360295,0.307538,0.229631,0.463597,0.323904,0.314902,0.324005,0.245341,0.447980,0.290698,0.274472,0.431801,0.325589,0.374090,0.322392,0.254542,0.303841,0.360553,0.362334,0.374980,0.388740,0.336969,0.411185,0.341590,0.374965,0.298319,0.293853,0.295147,0.441350,0.287300,0.352211,0.323600,0.391662,0.305866,0.320935,0.264661,0.170657,0.310633,0.469201,0.435730,0.302626,0.345963,0.341855,0.453651,0.194732,0.347950,0.334022,0.387452,0.417980,0.380858,0.284349,0.380541,0.279632,0.425380,0.338439,0.350239,0.407144,0.259465,0.267633,0.359924,0.373722,0.265076,0.300418,0.343677,0.397875,0.351365,0.390761,0.319384,0.378518,#
11,0.415265,0.445889,0.394254,0.319469,0.280289,0.411314,0.362013,0.412787,0.332486,0.420838,0.414632,1.000000,0.406371,0.388101,0.246849,0.393575,0.460041,0.399556,0.401206,0.278982,0.376480,0.425441,0.370362,0.394237,0.434500,0.475117,0.321901,0.425701,0.259330,0.377519,0.382827,0.457239,0.315205,0.449173,0.309191,0.342076,0.377856,0.441135,0.222389,0.364738,0.399075,0.399042,0.465024,0.377205,0.372666,0.388694,0.373073,0.481560,0.385313,0.273550,0.426650,0.429094,0.356184,0.440480,0.387489,0.413381,0.424026,0.395721,0.365711,0.313021,0.356739,0.380200,0.432400,0.412437,0.426430,0.248657,0.355632,0.356507,0.359284,0.360019,0.371877,0.272176,0.325926,0.478630,0.471534,0.347733,0.403445,0.386771,0.543929,0.332535,0.408455,0.312097,0.344052,0.449653,0.373406,0.424913,0.450026,0.317595,0.431058,0.345936,0.424055,0.365235,0.399758,0.384235,0.310994,0.390395,0.343021,0.302431,0.434541,0.370414,0.476979,0.360593,0.356972,0.198247,0.362030,0.384913,0.408274,0.399704,0.352957,0.464695,0.332814,0.371645,0.426544,0.397350,0.347274,0.478569,0.425329,0.270021,0.353086,0.404709,0.410026,0.445681,0.342694,0.296285,0.415365,0.358094,0.510688,0.445818,0.423992,0.341784,0.471710,0.502222,0.248215,0.263095,0.436036,0.352895,0.295021,0.379871,0.376000,0.356997,0.334268,0.410189,0.394282,0.463938,0.413600,0.430091,0.447219,0.333347,0.449794,0.377066,0.423475,0.457390,0.387266,0.330529,0.428623,0.290777,0.338983,0.348680,0.335602,0.385861,0.471346,0.374226,0.383560,0.451709,0.417498,0.411027,0.271038,0.320116,0.469249,0.450792,0.461449,0.306506,0.456136,0.343604,0.403085,0.432477,0.420101,0.367796,0.350482,0.313222,0.408513,0.361139,0.423667,0.388346,0.378648,0.480910,0.393513,0.395297,0.352553,0.339716,0.296561,0.322384,0.317789,0.197881,0.330387,0.387536,0.466324,0.352148,0.394317,0.423105,#
12,0.350502,0.381943,0.367054,0.228708,0.336791,0.292680,0.313595,0.355989,0.319457,0.410645,0.309331,0.406371,1.000000,0.357944,0.316890,0.333893,0.346857,0.318482,0.494736,0.359500,0.391594,0.291230,0.320321,0.371564,0.392552,0.353028,0.320567,0.481838,0.338810,0.361050,0.385829,0.392519,0.393130,0.331653,0.319484,0.276052,0.342758,0.335711,0.158503,0.326648,0.401818,0.313561,0.474636,0.327387,0.323358,0.378522,0.259519,0.369014,0.461509,0.340844,0.377882,0.215745,0.276092,0.321943,0.323595,0.291906,0.332520,0.457774,0.343843,0.375025,0.386346,0.327780,0.373264,0.357002,0.337478,0.291848,0.325975,0.322043,0.319331,0.260621,0.273486,0.348289,0.219710,0.351562,0.414031,0.273065,0.354123,0.334329,0.326501,0.323446,0.401256,0.338265,0.356578,0.396139,0.402207,0.441386,0.328285,0.309205,0.410921,0.363298,0.421876,0.332299,0.314435,0.412403,0.290225,0.319683,0.376002,0.357089,0.284353,0.269070,0.384290,0.360291,0.271561,0.385906,0.366600,0.316627,0.407352,0.343960,0.356369,0.463148,0.339740,0.262111,0.365194,0.339887,0.342219,0.338788,0.381634,0.401725,0.263037,0.348695,0.265932,0.476654,0.317648,0.362925,0.257399,0.428638,0.341194,0.387546,0.375319,0.249723,0.359426,0.408379,0.266303,0.171995,0.384689,0.368853,0.295834,0.368658,0.355570,0.286679,0.412571,0.405906,0.317936,0.337102,0.356243,0.363892,0.432099,0.242351,0.377570,0.327662,0.400888,0.468036,0.290403,0.303070,0.401802,0.247403,0.343564,0.281048,0.324882,0.210059,0.415615,0.337915,0.308763,0.419907,0.361204,0.360951,0.319809,0.182586,0.414014,0.456183,0.324384,0.311875,0.329736,0.304778,0.376385,0.307748,0.294795,0.278568,0.236864,0.279505,0.389897,0.284233,0.338142,0.378292,0.321639,0.398071,0.388176,0.381865,0.247298,0.226806,0.396039,0.408552,0.304179,0.364656,0.329011,0.322540,0.401539,0.245008,0.380027,0.284061,#
13,0.339479,0.451757,0.371384,0.282462,0.350688,0.264483,0.399497,0.365706,0.303285,0.364360,0.392943,0.388101,0.357944,1.000000,0.344906,0.353491,0.409300,0.332757,0.391818,0.340302,0.360651,0.362036,0.389461,0.283401,0.502459,0.394234,0.404229,0.358459,0.284965,0.241747,0.341266,0.261672,0.347778,0.376654,0.249098,0.398713,0.277399,0.368947,0.191879,0.373581,0.286645,0.323386,0.522843,0.293124,0.378943,0.299211,0.408108,0.392420,0.455933,0.291085,0.471883,0.358210,0.322721,0.356556,0.403679,0.438897,0.324626,0.344657,0.363458,0.336677,0.363142,0.368562,0.517799,0.379882,0.290212,0.268858,0.403404,0.392866,0.417988,0.418978,0.330713,0.409784,0.309474,0.481557,0.456183,0.257757,0.357184,0.395178,0.414056,0.325250,0.298034,0.467951,0.485527,0.398450,0.478851,0.368425,0.416879,0.398321,0.425568,0.453298,0.351559,0.404312,0.466473,0.418888,0.392629,0.434672,0.293721,0.333496,0.365540,0.335965,0.470736,0.346472,0.321289,0.307537,0.361510,0.353676,0.329378,0.419481,0.299999,0.354095,0.347294,0.367588,0.478895,0.403595,0.344331,0.311228,0.405750,0.302406,0.361917,0.423009,0.397710,0.357018,0.245063,0.369696,0.331140,0.399132,0.352681,0.473790,0.505729,0.257788,0.329356,0.333312,0.381302,0.312674,0.456276,0.331361,0.347040,0.334933,0.430456,0.376844,0.354130,0.307725,0.351066,0.412694,0.367719,0.467204,0.373838,0.298937,0.261269,0.334822,0.405240,0.234236,0.378636,0.318176,0.424560,0.287446,0.370813,0.310187,0.327702,0.293105,0.385537,0.403980,0.274989,0.466322,0.427737,0.443526,0.206252,0.300176,0.459232,0.469823,0.433296,0.386974,0.340799,0.379930,0.431798,0.369366,0.403842,0.343035,0.409458,0.275855,0.416456,0.251864,0.309822,0.332398,0.350931,0.327342,0.428203,0.449495,0.366033,0.412278,0.378707,0.320334,0.271003,0.350633,0.319498,0.395340,0.390325,0.319244,0.361906,0.381613,#
14,0.413912,0.407641,0.402079,0.191712,0.311738,0.325873,0.276868,0.229534,0.325958,0.379266,0.325231,0.246849,0.316890,0.344906,1.000000,0.369439,0.310371,0.301541,0.372216,0.364372,0.262166,0.337140,0.312664,0.300811,0.345715,0.336108,0.395056,0.264883,0.295883,0.318906,0.252938,0.212764,0.261659,0.316984,0.293958,0.363817,0.344058,0.359603,0.345067,0.364112,0.331238,0.361756,0.407135,0.338287,0.290238,0.297210,0.399541,0.319213,0.353907,0.210211,0.390555,0.284814,0.288575,0.297807,0.379072,0.346200,0.255257,0.405139,0.326267,0.299686,0.304050,0.388510,0.315726,0.347252,0.343702,0.238246,0.274866,0.354631,0.333042,0.320243,0.218466,0.293438,0.175282,0.373636,0.202904,0.270938,0.273931,0.415684,0.389800,0.272929,0.293389,0.189515,0.400661,0.414242,0.286064,0.326597,0.178937,0.267305,0.363785,0.316046,0.311483,0.382981,0.358033,0.304376,0.265911,0.344060,0.340381,0.272373,0.394891,0.250824,0.331279,0.269087,0.304728,0.211435,0.276307,0.298411,0.368099,0.379569,0.321181,0.353036,0.292305,0.365420,0.380927,0.150504,0.330097,0.380166,0.241213,0.313204,0.274447,0.286106,0.385472,0.272131,0.280482,0.318300,0.258657,0.272587,0.330519,0.338881,0.278142,0.265524,0.140193,0.324784,0.331627,0.161371,0.271038,0.298316,0.305737,0.305254,0.312880,0.245303,0.319604,0.382009,0.436041,0.329185,0.217885,0.298094,0.386773,0.187955,0.319611,0.252415,0.246351,0.220889,0.176337,0.366646,0.263834,0.190316,0.224413,0.310335,0.294038,0.207917,0.328999,0.348390,0.340187,0.259616,0.278404,0.241612,0.314122,0.306990,0.325387,0.335728,0.359629,0.310074,0.329042,0.338726,0.404956,0.215974,0.376480,0.336420,0.338779,0.346294,0.377486,0.344449,0.263880,0.399924,0.328782,0.335879,0.389504,0.394764,0.287379,0.188594,0.357489,0.314084,0.279084,0.406733,0.353271,0.223228,0.237634,0.286641,0.386588,0.433403,#
15,0.338527,0.299118,0.343460,0.113741,0.309269,0.414767,0.274915,0.242127,0.296405,0.347787,0.297818,0.393575,0.333893,0.353491,0.369439,1.000000,0.388148,0.405121,0.401744,0.328440,0.209029,0.378113,0.282369,0.313060,0.388388,0.291144,0.368862,0.264929,0.254451,0.281078,0.325570,0.339743,0.260269,0.354405,0.342941,0.336166,0.363605,0.363568,0.280910,0.377836,0.491687,0.314326,0.399107,0.327289,0.373715,0.301840,0.300861,0.414951,0.330559,0.302069,0.430030,0.297512,0.384092,0.350641,0.338374,0.332068,0.290030,0.382631,0.306703,0.349096,0.204782,0.305272,0.239396,0.306290,0.248647,0.289263,0.405532,0.345184,0.361385,0.321258,0.197766,0.322861,0.261179,0.236058,0.403366,0.390938,0.348970,0.373191,0.393188,0.232810,0.398945,0.326057,0.250884,0.318569,0.341948,0.400523,0.328268,0.178193,0.353003,0.284461,0.245903,0.244188,0.285463,0.402473,0.293132,0.312829,0.342658,0.238140,0.436348,0.313188,0.395182,0.313788,0.372932,0.257950,0.378971,0.247224,0.294935,0.245052,0.327416,0.485650,0.300727,0.381749,0.285905,0.264444,0.271292,0.411897,0.331432,0.344336,0.269268,0.351734,0.331764,0.205448,0.195197,0.298363,0.225344,0.250219,0.406918,0.349649,0.356517,0.165091,0.206145,0.389499,0.261715,0.263283,0.383514,0.355738,0.338870,0.319974,0.292666,0.178494,0.334752,0.335126,0.485256,0.296692,0.254973,0.388867,0.448958,0.204897,0.292739,0.341487,0.323864,0.336994,0.262460,0.463604,0.214387,0.345664,0.273777,0.316279,0.249857,0.267096,0.293609,0.361293,0.245510,0.379769,0.264407,0.384122,0.197022,0.304520,0.398895,0.425669,0.353827,0.249672,0.367853,0.287911,0.369480,0.154226,0.337026,0.296664,0.244422,0.227582,0.196957,0.356844,0.297930,0.218710,0.333927,0.413342,0.228009,0.298307,0.274134,0.254260,0.244406,0.345803,0.185676,0.414078,0.278831,0.319903,0.318880,0.298109,0.339121,0.387081,#
16,0.417206,0.330023,0.420214,0.290331,0.272037,0.393327,0.333156,0.321215,0.319978,0.336608,0.456300,0.460041,0.346857,0.409300,0.310371,0.388148,1.000000,0.389404,0.392942,0.265021,0.502407,0.378428,0.466160,0.336248,0.372821,0.334219,0.347722,0.228202,0.202214,0.241952,0.303495,0.373988,0.243423,0.356547,0.276343,0.293744,0.335814,0.306646,0.239997,0.359602,0.283898,0.282622,0.403051,0.353914,0.309919,0.309193,0.387704,0.398071,0.363584,0.297617,0.276649,0.354171,0.410830,0.343970,0.318931,0.344855,0.259871,0.364519,0.287088,0.229987,0.252605,0.355087,0.334269,0.435684,0.405965,0.237647,0.345098,0.436121,0.357987,0.379028,0.297213,0.305776,0.310907,0.374438,0.412744,0.436464,0.306645,0.328359,0.464646,0.267188,0.277087,0.358533,0.335551,0.343068,0.340554,0.499089,0.432312,0.300449,0.378491,0.308121,0.309146,0.294471,0.357688,0.314968,0.315252,0.383196,0.328414,0.256361,0.504722,0.325353,0.392821,0.303383,0.255244,0.296534,0.313363,0.331095,0.330361,0.381615,0.382001,0.410022,0.290375,0.384191,0.424279,0.302497,0.381592,0.427253,0.472813,0.344742,0.256046,0.323688,0.304513,0.273866,0.341542,0.281719,0.349265,0.327407,0.392864,0.295873,0.390262,0.387207,0.277709,0.378087,0.335297,0.251292,0.396472,0.304747,0.229661,0.327271,0.316744,0.325905,0.252894,0.341349,0.311246,0.368169,0.366350,0.360927,0.214551,0.237060,0.276408,0.258177,0.322120,0.363113,0.332142,0.309910,0.278238,0.399509,0.318524,0.255918,0.388115,0.289400,0.357965,0.349725,0.406982,0.382484,0.285084,0.320795,0.269566,0.320494,0.396046,0.333287,0.413139,0.212114,0.368237,0.276914,0.370447,0.319703,0.411262,0.339931,0.265296,0.322995,0.352616,0.341047,0.285382,0.244586,0.283386,0.309004,0.431689,0.372062,0.246610,0.276754,0.327843,0.315687,0.250958,0.319012,0.346558,0.357522,0.400393,0.318139,0.309290,0.423650,#
17,0.437296,0.299088,0.364463,0.276660,0.360439,0.407254,0.341240,0.336984,0.249079,0.251295,0.343396,0.399556,0.318482,0.332757,0.301541,0.405121,0.389404,1.000000,0.418149,0.384864,0.252568,0.418516,0.370040,0.465468,0.410894,0.364473,0.294379,0.316038,0.367677,0.319610,0.375471,0.438770,0.453305,0.383140,0.250348,0.310216,0.284323,0.511846,0.244969,0.336408,0.330385,0.265787,0.446848,0.440481,0.255266,0.298494,0.359447,0.374591,0.457418,0.407923,0.427650,0.275335,0.312038,0.374307,0.379832,0.383534,0.260071,0.454754,0.344805,0.327561,0.329072,0.407043,0.310601,0.342454,0.283820,0.335209,0.379899,0.496734,0.412652,0.428346,0.458496,0.382062,0.364666,0.426246,0.407470,0.375687,0.339600,0.433410,0.361400,0.274239,0.437210,0.412996,0.417448,0.437718,0.346208,0.391045,0.356146,0.307381,0.507065,0.415137,0.398006,0.307547,0.354743,0.328440,0.205538,0.351651,0.345189,0.391096,0.379171,0.355271,0.440043,0.324262,0.255589,0.291017,0.357527,0.314535,0.313984,0.528959,0.317712,0.392768,0.310130,0.272178,0.373942,0.305422,0.278513,0.358184,0.397404,0.310490,0.338122,0.364918,0.335611,0.314526,0.226309,0.265384,0.376972,0.351603,0.369672,0.349476,0.305021,0.247616,0.308189,0.409430,0.379451,0.350942,0.391658,0.348015,0.396243,0.235685,0.372034,0.336268,0.417706,0.344739,0.418144,0.327189,0.405689,0.377127,0.350280,0.233829,0.364479,0.217950,0.456063,0.274444,0.306831,0.409354,0.306589,0.277279,0.333320,0.370768,0.433469,0.396506,0.438777,0.429489,0.319729,0.357125,0.377259,0.390058,0.250513,0.319403,0.317849,0.426581,0.443390,0.315194,0.351965,0.342167,0.378963,0.185221,0.372912,0.324773,0.266681,0.337499,0.401848,0.435288,0.280051,0.187381,0.333425,0.421932,0.451948,0.456832,0.377903,0.303227,0.298710,0.416659,0.160352,0.304257,0.431198,0.343274,0.444949,0.241548,0.344865,0.418137,#
18,0.396717,0.529292,0.466059,0.238439,0.418474,0.374021,0.407750,0.375972,0.228721,0.392531,0.454856,0.401206,0.494736,0.391818,0.372216,0.401744,0.392942,0.418149,1.000000,0.443065,0.335215,0.383836,0.267134,0.405589,0.392900,0.446434,0.463647,0.374354,0.432492,0.322884,0.444327,0.416286,0.416710,0.351198,0.334650,0.442399,0.386200,0.402673,0.265610,0.351991,0.428495,0.336557,0.529995,0.339390,0.312601,0.329597,0.346913,0.464826,0.412557,0.308933,0.437169,0.369387,0.442493,0.490066,0.366575,0.307367,0.329651,0.468662,0.310928,0.329344,0.387745,0.352191,0.403522,0.475156,0.317460,0.407203,0.382755,0.432514,0.333051,0.290607,0.333280,0.385168,0.300115,0.405532,0.447027,0.310703,0.394968,0.457872,0.480629,0.423244,0.504163,0.413894,0.433124,0.433405,0.354838,0.371339,0.380833,0.351545,0.465802,0.356319,0.385997,0.356247,0.433634,0.394344,0.323172,0.341411,0.439630,0.318703,0.362424,0.407479,0.405348,0.399600,0.380710,0.412694,0.405649,0.288945,0.384483,0.414993,0.361171,0.480375,0.363088,0.384656,0.306294,0.423615,0.368502,0.342252,0.294975,0.394930,0.389491,0.360746,0.284004,0.414992,0.291662,0.416014,0.388984,0.415562,0.370294,0.393915,0.390995,0.338576,0.420739,0.357230,0.313263,0.247317,0.506249,0.386438,0.334290,0.411214,0.367271,0.356565,0.412107,0.309902,0.340790,0.331338,0.415144,0.399961,0.315500,0.208251,0.343637,0.325087,0.427692,0.391185,0.453701,0.360708,0.317801,0.419000,0.494049,0.430064,0.411234,0.331365,0.446038,0.477868,0.389254,0.395788,0.363184,0.398545,0.439158,0.401018,0.449838,0.469723,0.351404,0.320183,0.309392,0.251971,0.458987,0.243690,0.307719,0.428043,0.412402,0.368301,0.332447,0.425647,0.386871,0.318024,0.541051,0.433964,0.463520,0.540807,0.328845,0.347014,0.395996,0.358050,0.311152,0.399264,0.402014,0.363804,0.443428,0.371727,0.447213,0.498197,#
19,0.335000,0.296986,0.367411,0.274261,0.389786,0.321917,0.428194,0.378063,0.339761,0.398866,0.414109,0.278982,0.359500,0.340302,0.364372,0.328440,0.265021,0.384864,0.443065,1.000000,0.282499,0.347039,0.330254,0.374397,0.342175,0.396515,0.358226,0.344001,0.268101,0.446461,0.305667,0.350495,0.320319,0.355754,0.344880,0.332312,0.195187,0.406125,0.320365,0.348811,0.363549,0.267711,0.380803,0.350340,0.326334,0.367915,0.360627,0.424769,0.377847,0.396940,0.370317,0.286053,0.256437,0.422694,0.349800,0.382920,0.299485,0.421420,0.251251,0.408531,0.351518,0.282077,0.335909,0.282959,0.319781,0.290264,0.274790,0.317443,0.342155,0.321555,0.362161,0.276476,0.409744,0.327346,0.372205,0.257838,0.356247,0.403415,0.361382,0.346979,0.404120,0.349937,0.407203,0.243631,0.368069,0.424581,0.351313,0.277117,0.408113,0.330366,0.340866,0.404542,0.336243,0.354649,0.314124,0.398248,0.381570,0.385801,0.367400,0.270673,0.359751,0.270382,0.334104,0.267212,0.430607,0.319009,0.483925,0.482236,0.334505,0.429931,0.346346,0.316784,0.347767,0.364148,0.335937,0.305662,0.386240,0.457271,0.341860,0.319995,0.350208,0.420707,0.275276,0.351886,0.449530,0.410276,0.363368,0.430325,0.264666,0.253823,0.336409,0.351181,0.389339,0.282419,0.428178,0.297466,0.388884,0.309649,0.306253,0.338937,0.384133,0.269629,0.362913,0.274776,0.407246,0.423522,0.311471,0.403828,0.419955,0.233369,0.259165,0.367551,0.348256,0.466608,0.279044,0.281587,0.373958,0.397458,0.312088,0.231267,0.390243,0.378303,0.425281,0.299856,0.262932,0.303845,0.320703,0.298625,0.321729,0.403539,0.529987,0.340077,0.293825,0.263247,0.420309,0.219453,0.273808,0.409789,0.191321,0.352738,0.339681,0.357098,0.269918,0.384134,0.378870,0.349502,0.371891,0.362274,0.340192,0.264846,0.424802,0.312177,0.344015,0.462977,0.349942,0.333045,0.501971,0.418720,0.510965,0.407814,#
20,0.401068,0.350460,0.379212,0.304491,0.292379,0.355561,0.329674,0.319871,0.244732,0.380784,0.336829,0.376480,0.391594,0.360651,0.262166,0.209029,0.502407,0.252568,0.335215,0.282499,1.000000,0.388814,0.384694,0.293292,0.388943,0.328827,0.411916,0.403641,0.258846,0.275020,0.295964,0.288034,0.256785,0.282077,0.377614,0.326294,0.261168,0.323558,0.167813,0.349898,0.211915,0.414330,0.478340,0.351242,0.273700,0.367551,0.227312,0.468688,0.428672,0.310983,0.346034,0.366466,0.408013,0.330674,0.334129,0.276763,0.349439,0.366302,0.212028,0.349035,0.374253,0.178849,0.386914,0.359725,0.436494,0.134347,0.352164,0.315598,0.284271,0.383686,0.322186,0.270457,0.395944,0.436136,0.441703,0.401845,0.406088,0.335946,0.272740,0.417005,0.218533,0.301430,0.372306,0.314055,0.306371,0.410283,0.358620,0.370211,0.373674,0.322821,0.405198,0.394811,0.402976,0.377219,0.243024,0.361443,0.270225,0.323977,0.373191,0.266027,0.274369,0.334525,0.238255,0.250302,0.310331,0.301459,0.353342,0.376665,0.300547,0.454069,0.370300,0.174328,0.429216,0.308584,0.315540,0.333354,0.404508,0.241888,0.255159,0.287326,0.257863,0.335579,0.305412,0.364867,0.343919,0.397789,0.444910,0.470521,0.300139,0.316711,0.276454,0.331698,0.303244,0.228955,0.377875,0.273728,0.289982,0.362957,0.350282,0.369073,0.291630,0.317990,0.252172,0.325279,0.319900,0.311562,0.287857,0.269033,0.283298,0.283139,0.260690,0.442576,0.292824,0.287773,0.358077,0.299883,0.241597,0.256448,0.259362,0.299204,0.393900,0.456470,0.353291,0.274621,0.379169,0.308487,0.194135,0.330478,0.387511,0.353968,0.418709,0.223055,0.274552,0.342696,0.354996,0.351729,0.254894,0.304350,0.389277,0.378567,0.368298,0.294042,0.325365,0.316156,0.379749,0.311185,0.300578,0.355260,0.359595,0.283529,0.403229,0.277970,0.348339,0.389717,0.348658,0.390311,0.367148,0.278322,0.345696,0.297832,#
21,0.438515,0.424977,0.418961,0.331771,0.405398,0.373364,0.360223,0.331978,0.291118,0.359349,0.373533,0.425441,0.291230,0.362036,0.337140,0.378113,0.378428,0.418516,0.383836,0.347039,0.388814,1.000000,0.307337,0.447032,0.435067,0.345406,0.340113,0.396713,0.276897,0.348341,0.366620,0.313171,0.304131,0.448938,0.380075,0.343083,0.331337,0.451947,0.273122,0.294400,0.386169,0.445161,0.383571,0.363205,0.379805,0.239963,0.441478,0.402343,0.391674,0.374190,0.373120,0.289104,0.434849,0.424468,0.349700,0.333053,0.375910,0.439188,0.357390,0.374144,0.324079,0.318052,0.397630,0.341110,0.436207,0.291637,0.363967,0.367610,0.422359,0.448313,0.448312,0.284819,0.334559,0.329093,0.393849,0.336286,0.367851,0.323365,0.392445,0.324281,0.421597,0.380677,0.304782,0.334065,0.356553,0.402755,0.326931,0.343714,0.405085,0.429648,0.275891,0.327617,0.363490,0.300670,0.333101,0.390403,0.351489,0.370446,0.484967,0.401108,0.448582,0.302654,0.263626,0.366236,0.360588,0.385029,0.307776,0.390941,0.391985,0.424715,0.315148,0.336986,0.451576,0.373757,0.268910,0.376519,0.461502,0.243591,0.405950,0.434553,0.300425,0.338736,0.206509,0.380255,0.321488,0.420518,0.472532,0.406966,0.375474,0.290521,0.379421,0.274353,0.331619,0.348133,0.341792,0.327591,0.375238,0.289499,0.325510,0.290165,0.271981,0.428402,0.408015,0.345593,0.405170,0.372775,0.350051,0.369064,0.325495,0.363644,0.332550,0.387655,0.334609,0.469740,0.335424,0.338897,0.349060,0.355356,0.383030,0.355456,0.490430,0.326587,0.368444,0.448494,0.384726,0.330766,0.220109,0.384999,0.353001,0.401527,0.462245,0.295220,0.414308,0.297584,0.356574,0.259562,0.416743,0.288142,0.400045,0.378847,0.333550,0.388740,0.259555,0.321940,0.402221,0.378786,0.350799,0.455851,0.381476,0.341574,0.411460,0.445752,0.328915,0.337150,0.449621,0.383644,0.378133,0.352264,0.380239,0.451226,#
