0,1.000000,0.092668,0.208432,0.152643,0.205900,0.162834,0.178097,0.081258,0.202623,0.091512,0.224182,0.155045,0.148210,0.147242,0.244457,0.271144,0.263263,0.271384,0.276819,0.289463,0.169737,0.170169,0.245741,0.340133,0.127756,0.145353,0.186618,0.042468,0.201698,0.216612,0.067934,0.269652,0.179840,0.217432,0.305961,0.134705,0.136296,0.071252,0.275131,0.193041,0.215407,0.147050,0.321615,0.038692,0.182908,0.115263,0.139912,0.321734,0.256516,0.340410,0.186996,0.200146,0.205405,0.236559,0.228671,0.254724,0.220574,0.194841,0.134039,0.122959,0.178460,0.241481,0.312658,0.100122,0.174404,0.069497,0.124509,0.209086,0.123140,0.177119,0.195299,0.148807,0.213713,0.298210,0.172273,0.009300,0.351319,0.215643,0.222142,0.110936,0.103984,0.155266,0.194430,0.226581,0.264651,0.201441,0.314405,0.307281,0.256997,0.226601,0.163900,0.108517,0.253387,0.106407,0.217255,0.289564,0.264400,0.116760,0.231739,0.237351,0.227265,0.193471,0.147554,0.277108,0.188748,0.203239,0.257503,0.231010,0.233246,-0.000815,0.095121,0.236465,0.079685,0.256456,0.244758,0.200816,0.248541,0.108018,0.177941,0.208338,0.193926,0.261447,0.317868,0.186226,0.257750,0.256254,0.188141,0.060433,0.185085,0.268476,0.220460,0.108037,0.184616,0.173581,0.220821,0.241814,0.218341,0.160181,0.067610,0.198686,0.218613,0.139287,0.128638,0.136913,0.111320,0.041825,0.217456,0.125374,0.238864,0.175438,0.096319,0.213334,0.212581,0.102538,0.209489,0.268264,0.253122,0.216905,0.253308,0.208593,0.212541,0.237519,0.160494,0.097282,0.185921,0.250039,0.143778,0.251251,0.290261,0.179927,0.149472,0.104742,0.203972,0.231240,0.056949,0.262043,0.314725,0.266111,0.208497,0.033205,0.207663,0.266800,0.153469,0.110998,0.163049,-0.016791,0.165712,0.318170,0.268567,0.065051,0.073412,0.206531,0.137122,0.233221,0.267233,0.236795,0.111148,0.235971,0.211336,0.252293,#
1,0.092668,1.000000,0.127153,0.134446,0.103519,0.135114,0.152606,0.193893,0.331325,0.135087,0.254020,0.231585,0.158945,0.093938,0.078811,0.041892,0.127494,0.141478,0.095130,0.213564,0.038855,0.249263,0.136369,0.007032,0.115208,0.117905,0.110114,0.254601,0.015617,0.126611,0.144427,0.157168,0.051294,0.206207,-0.015623,0.158956,0.148282,0.076161,0.275136,0.142196,0.096260,0.036642,0.204804,0.095202,0.089778,0.114085,0.320000,0.125285,0.198946,0.078103,0.088119,0.115666,0.167180,0.195552,0.149220,0.102322,0.113363,-0.022514,0.002305,0.067528,0.132068,0.142145,0.136686,0.071519,0.036073,0.219308,0.122664,0.192738,0.128585,0.262489,0.215315,0.170643,0.275066,0.059394,0.203168,0.148772,0.149963,0.090999,0.241496,0.048159,0.189521,0.093448,0.110985,0.121380,0.288494,-0.009392,0.183143,0.234322,0.170500,0.074631,0.093203,0.180681,0.065694,0.153057,0.189605,0.142087,0.033861,0.132291,0.133183,0.103110,0.183142,0.066717,0.109788,0.116714,0.088490,0.182199,0.160987,0.254281,0.112781,0.132700,0.096942,0.129599,0.040052,0.181593,0.152345,0.277421,0.164273,0.015592,0.087822,0.083265,0.032202,0.189813,0.170666,0.161066,0.173821,0.114538,0.131911,0.132147,0.196081,0.183164,0.025999,0.167194,0.075573,0.151726,0.235645,0.172415,0.165605,0.215969,0.193068,0.176780,0.223018,0.071517,0.164206,0.255897,0.237732,0.091295,0.064947,0.010799,0.132051,-0.008952,0.160040,0.181889,0.088863,0.017887,0.245524,0.184711,0.084331,0.071414,-0.048086,-0.021743,0.110039,0.233942,0.159658,0.204236,0.106264,0.077583,0.091874,0.018698,0.143446,0.199822,0.152163,0.209083,0.079872,0.097270,0.122823,0.217906,0.111781,0.233492,0.102044,0.012836,0.135422,0.086769,0.171694,0.057896,0.149326,0.154252,0.113969,0.013815,0.220092,0.228396,0.282703,0.203874,-0.028207,0.128927,0.217362,0.027647,0.050178,0.198748,0.028362,0.261505,#
2,0.208432,0.127153,1.000000,0.176734,0.240910,0.156612,0.217116,0.159543,0.217783,0.141616,0.195354,0.251216,0.127758,0.312001,0.136063,0.247146,0.033909,0.146336,0.178966,0.204203,0.248362,0.234016,0.057470,0.173239,0.171795,0.235024,0.270958,0.195060,0.161445,0.162059,0.106671,0.093814,0.165022,0.133851,0.173811,0.093603,0.174379,0.072440,0.214950,0.104905,0.179527,0.124482,0.361625,0.116206,0.166539,0.120027,0.243343,0.102684,0.109551,0.174217,0.211397,0.269282,0.243430,0.170447,0.143385,0.143516,0.198123,0.011309,0.252271,0.240832,0.384476,0.172286,0.063282,0.228402,0.212540,0.192678,0.108411,0.208167,0.169067,0.204829,0.207581,0.246283,0.069986,0.257026,0.259828,0.086059,0.185988,0.154337,0.176640,0.084901,0.242465,0.103944,0.221032,0.053824,0.278115,0.197657,0.178971,0.335701,0.111475,0.084013,0.170541,0.212873,0.304061,0.250654,0.215575,0.255927,0.222894,0.151214,0.329295,0.108708,0.176013,0.164727,0.113279,0.248876,0.084543,0.188466,0.246345,0.241207,0.132743,0.108756,0.228040,0.188017,0.266823,0.146634,0.110638,0.245711,0.259324,0.157675,0.025968,0.165945,0.130994,0.094845,0.134504,0.206959,0.212276,0.081939,0.218711,0.144319,0.239941,0.185226,0.133478,0.185104,0.220584,0.246438,0.265059,0.145532,0.265770,0.194126,0.229083,0.108401,0.078369,0.232211,0.111790,0.069993,0.291965,0.156845,-0.021794,0.097867,0.206774,0.162983,0.190510,0.210951,0.276931,0.272157,0.108966,0.123093,0.143833,-0.000945,0.204861,0.160088,0.077635,0.219445,0.183096,0.193925,0.127285,0.209428,0.154317,0.044422,0.148669,0.206247,0.112402,0.278615,0.206943,0.121159,0.208402,0.214663,0.222051,0.204358,0.081248,0.073966,0.140268,0.345729,0.000136,0.297705,0.136696,0.180246,0.153751,0.078802,0.235444,0.099251,0.171241,0.224599,0.306287,0.195319,0.207952,0.138193,0.043457,0.136070,0.199976,0.314347,#
3,0.152643,0.134446,0.176734,1.000000,0.252853,0.183419,0.257334,0.139172,0.378092,0.175158,0.241533,0.218079,0.184319,0.148814,0.230855,0.132675,0.124030,0.201450,0.328188,0.256807,0.182082,0.230169,0.227844,0.268066,0.187474,0.258691,0.254116,0.260791,0.201612,0.248091,0.193028,0.273574,0.341345,0.280854,0.144206,0.189142,0.208183,0.263884,0.318289,0.249361,0.173479,0.310567,0.344448,0.342497,0.154894,0.198626,0.178488,0.193274,0.100970,0.164877,0.240277,0.200415,0.322373,0.061013,0.126489,0.312675,0.214288,0.102476,0.215704,0.264080,0.186754,0.179875,0.158974,0.151317,0.375606,0.131605,0.096631,0.127187,0.010570,0.248756,0.175838,0.221730,0.277553,0.157931,0.181468,0.192754,0.205515,0.190592,0.158406,0.076856,0.310380,0.211814,0.239578,0.102807,0.313231,0.207675,0.171808,0.237954,0.249859,0.162148,0.341060,0.265536,0.201794,0.256408,0.244913,0.266448,0.173778,0.119607,0.305258,0.163249,0.206270,0.173982,0.145341,0.097676,0.391052,0.085955,0.223518,0.242761,0.103239,0.147739,0.203401,0.094362,0.188571,0.200390,0.102423,0.178728,0.184577,0.146244,0.179803,0.158973,0.176044,0.234575,0.229597,0.176684,0.174092,0.235261,0.208714,0.324901,0.115839,0.169694,0.288274,0.263097,0.188751,0.246289,0.189317,0.219829,0.153575,0.144320,0.174563,0.192221,0.111372,0.305425,0.287907,0.070522,0.140154,0.246000,0.213433,0.322583,0.185271,0.229354,0.154596,0.148613,0.155166,0.292638,0.220370,0.105131,0.123785,0.128780,0.282537,0.217113,0.197847,0.189762,0.148813,0.248826,0.143424,0.179162,0.235073,0.113292,0.168901,0.202427,0.218709,0.075444,0.144607,0.081963,0.069029,0.235791,0.253888,0.257423,0.144258,0.160790,0.095718,0.371352,0.196314,0.085466,0.119101,0.126677,0.210208,0.162588,0.174485,0.263651,0.290657,0.182165,0.263089,0.176981,0.264452,0.261018,0.257487,0.193020,0.128223,0.204312,#
4,0.205900,0.103519,0.240910,0.252853,1.000000,0.278007,0.152208,0.262661,0.325959,0.235428,0.046723,0.259283,0.270176,0.201693,0.205985,0.179935,0.164193,0.249604,0.239237,0.430247,0.375465,0.195883,0.247915,0.350223,0.139943,0.320591,0.229513,0.099381,0.231148,0.177277,0.195624,0.241899,0.289878,0.209586,0.152302,0.205041,0.369899,0.109992,0.264493,0.207894,0.237816,0.296448,0.252907,0.225586,0.281426,0.195563,0.362181,0.261010,0.182166,0.158020,0.198260,0.227274,0.229994,0.245029,0.294841,0.340592,0.246330,0.186399,0.286292,0.177814,0.190513,0.255037,0.209027,0.047551,0.256405,0.142870,0.144168,0.216637,0.083224,0.205932,0.230716,0.221538,0.268590,0.263835,0.236504,0.048297,0.192087,0.276316,0.282764,0.223038,0.249737,0.283697,0.182017,0.098162,0.394610,0.187661,0.177743,0.236656,0.204873,0.192491,0.338152,0.210596,0.208382,0.154765,0.238268,0.314962,0.235440,0.219423,0.148148,0.188719,0.183425,0.152925,0.254599,0.208720,0.183638,0.214422,0.221691,0.266418,0.225279,0.266876,0.264858,0.245334,0.249278,0.362677,0.193383,0.136268,0.254676,0.166756,0.077157,0.173478,0.094362,0.231861,0.310348,0.110658,0.329018,0.143918,0.240665,0.281875,0.324195,0.205197,0.265101,0.104366,0.208544,0.298475,0.341670,0.204023,0.160007,0.173695,0.254228,0.141279,0.208815,0.159767,0.307761,0.090512,0.226251,0.233522,0.246555,0.261359,0.163955,0.212693,0.170095,0.273035,0.196979,0.377061,0.276330,0.203782,0.366862,0.115839,0.117705,0.260505,0.232717,0.194644,0.176485,0.074263,0.007382,0.247362,0.030230,0.155444,0.192946,0.250547,0.082076,0.169043,0.360913,0.229552,0.208446,0.267531,0.340601,0.302691,0.199887,0.156944,0.096467,0.154449,0.237274,0.179650,0.258778,0.195574,0.091080,0.270700,0.237417,0.346741,0.127234,0.219086,0.142678,0.173677,0.244788,0.304242,0.234976,0.173953,0.294289,0.342165,#
5,0.162834,0.135114,0.156612,0.183419,0.278007,1.000000,0.111567,0.234956,0.298487,0.178043,0.241862,0.208071,0.209844,0.050400,0.227370,0.194579,0.132643,0.221866,0.004728,0.319037,0.163924,0.061853,0.160281,0.211485,0.180803,0.211077,0.271583,0.213906,0.210442,0.191295,0.252722,0.268185,0.270190,0.208594,0.111243,0.194313,0.251406,0.076821,0.245963,0.117344,0.311093,0.170813,0.168506,0.241850,0.148767,0.247218,0.309461,0.082333,0.285382,0.095685,0.185243,0.214551,0.125991,0.204282,0.054927,0.360011,0.203872,0.026791,0.348187,0.162377,0.145753,0.270628,0.218128,0.165943,0.285932,0.175766,0.112085,0.178244,0.123295,0.062715,0.216676,0.200723,0.246376,0.208256,0.130431,0.171455,0.282030,0.189350,0.230348,0.173995,0.277632,0.161558,0.279190,0.064575,0.168362,0.203045,0.222777,0.283723,0.162838,0.012095,0.125958,0.243150,0.345207,0.335861,0.207086,0.230476,0.138190,0.210133,0.295031,0.142265,0.153546,0.207210,0.118239,0.181065,0.183406,0.238621,0.195488,0.228576,0.110894,0.144344,0.145213,0.272434,0.118221,0.168199,0.130081,0.126381,0.176066,0.109202,0.057652,0.170821,0.047325,0.253193,0.185929,0.210253,0.077372,0.113300,0.160299,0.146839,0.228683,0.232801,0.312570,0.181031,0.251053,0.272015,0.283784,0.277274,0.206415,0.214272,0.138650,0.073901,0.192318,0.115253,0.213357,0.262506,0.271582,0.164736,0.145057,0.120646,0.135307,0.171671,0.235287,0.124171,0.171831,0.242729,0.207999,0.144378,0.297410,0.080168,0.226262,0.132054,0.237220,0.181653,0.199226,0.154186,0.152019,0.171071,-0.000679,0.253270,0.316869,0.257372,0.284658,0.205668,0.119341,0.170938,0.165298,0.180655,0.215681,0.233783,0.218339,0.105242,0.240844,0.149492,0.350846,0.169342,0.196430,0.218971,0.249141,0.103438,0.067926,0.191777,0.102439,0.257732,0.105404,0.163443,0.131921,0.115183,0.115991,0.211917,0.142695,0.294130,#
6,0.178097,0.152606,0.217116,0.257334,0.152208,0.111567,1.000000,0.112450,0.258985,0.074478,0.121818,0.149985,0.255343,0.288646,0.112343,0.123673,0.171805,0.213384,0.205283,0.126084,0.303616,0.182328,0.030232,0.159740,0.125606,0.186892,0.145688,0.213614,0.168111,0.282614,0.131561,0.197040,0.105423,0.248008,0.170341,0.138237,0.087632,0.133856,0.129839,0.246607,0.097852,0.164740,0.239300,0.203523,0.256408,0.078864,0.183423,0.000634,0.242671,0.144511,0.187727,0.250227,0.265630,0.124132,0.157295,0.193537,0.098593,0.132624,0.278729,0.223775,0.184933,0.140926,0.164255,0.100036,0.294866,0.269542,0.244201,0.137809,0.136733,0.137814,0.129719,0.175501,0.085756,0.308670,0.245867,0.123034,0.229928,0.157905,0.206855,0.053434,0.122447,0.153862,0.248446,0.090501,0.124111,0.235483,0.123525,0.206203,0.194647,0.142901,0.160293,0.152832,0.050621,0.110722,0.159314,0.169877,0.275505,0.180888,0.224714,0.231039,0.170430,0.231483,0.216348,0.079088,0.020520,0.118556,0.184022,0.087608,0.150257,0.139650,0.107639,0.130296,0.079279,0.073434,0.224929,0.138903,0.333725,0.106488,0.191254,0.181024,0.182907,0.197026,0.135111,0.213105,0.282732,0.277041,0.118137,0.189097,0.020046,0.147170,0.130923,0.143555,0.175128,0.103586,0.171232,0.210652,0.188076,0.135645,0.270794,0.184325,0.144385,0.210686,0.080054,0.063791,0.102302,0.187257,0.120502,0.089719,0.104989,0.013403,0.290744,0.175799,0.176728,0.125508,0.160115,0.151897,0.156385,0.214745,0.221447,0.099047,0.122688,0.212069,0.265570,0.257781,0.145745,0.231538,0.151409,0.116387,0.196450,0.157879,0.134424,0.119886,0.127710,0.053836,0.173043,0.173612,0.172188,0.194342,0.278250,0.031750,0.155327,0.132753,0.270788,0.212581,0.167340,0.179827,0.072553,0.230923,0.052888,0.185950,0.077101,0.183173,0.111703,0.254890,0.152649,0.100643,0.187941,0.199264,0.183591,0.234793,#
7,0.081258,0.193893,0.159543,0.139172,0.262661,0.234956,0.112450,1.000000,0.376229,0.216579,0.228464,0.337658,0.181225,0.195330,0.364681,0.138285,0.274875,0.314020,0.204462,0.235374,0.199525,0.248897,0.318738,0.235215,0.262898,0.216797,0.231330,0.313900,0.154630,0.211920,0.087075,0.165925,0.196164,0.208978,0.117090,0.136613,0.164392,0.044945,0.288313,0.177077,0.259339,0.169751,0.240373,0.271968,0.284144,0.301048,0.251084,0.202992,0.168044,0.109862,0.219933,0.166555,0.156409,0.266721,0.176442,0.188016,0.182637,0.301417,0.216839,0.149594,0.191643,0.272301,0.215356,0.082317,0.294907,0.253791,0.189698,0.191381,0.185482,0.372769,0.224320,0.081656,0.339890,0.248222,0.247214,0.126022,0.175935,0.201721,0.273633,0.251973,0.251756,0.215454,0.270334,0.087760,0.233408,0.188709,0.239741,0.215143,0.217679,0.226270,0.118389,0.216901,0.243365,0.253953,0.231131,0.113870,0.194477,0.317409,0.203064,0.197990,0.241530,0.119761,0.188233,0.186077,0.110137,0.268624,0.290198,0.215693,0.153568,0.174329,0.247385,0.157874,0.175288,0.268774,0.338461,0.222806,0.133077,0.011714,0.064928,0.373489,0.165961,0.271724,0.177930,0.262571,0.310241,0.185911,0.288063,0.306749,0.188914,0.110433,0.179566,0.139023,0.282947,0.128461,0.384176,0.347328,0.147654,0.286712,0.162013,0.181218,0.251042,0.190523,0.180055,0.047516,0.229727,0.219493,0.242052,0.104974,0.170967,0.194881,0.228800,0.250829,0.214127,0.257721,0.149830,0.332625,0.245728,0.195214,0.257857,0.219403,0.218490,0.082416,0.371593,0.077397,0.065701,0.319326,0.250023,0.112747,0.145815,0.174349,0.252187,0.286074,0.226011,0.182129,0.232710,0.244395,0.176263,0.219486,0.065101,0.267454,0.325535,0.193563,0.222070,0.183497,0.053943,0.217166,0.096343,0.084266,0.253156,0.322693,0.300385,0.183441,0.148268,0.097953,0.186072,0.184605,0.133602,0.216290,0.237721,0.228263,#
8,0.202623,0.331325,0.217783,0.378092,0.325959,0.298487,0.258985,0.376229,1.000000,0.294049,0.235841,0.285829,0.269511,0.217547,0.314933,0.217326,0.118471,0.277427,0.201095,0.279303,0.162761,0.292129,0.243290,0.276739,0.056976,0.317786,0.213080,0.359199,0.185287,0.282757,0.085005,0.264878,0.207128,0.211225,0.138253,0.196749,0.289649,0.104612,0.238311,0.216015,0.257048,0.283953,0.314690,0.233680,0.259949,0.188942,0.183854,0.186244,0.306644,0.246060,0.262884,0.377920,0.163636,0.357363,0.182788,0.396619,0.214609,0.304913,0.172779,0.288216,0.297899,0.275893,0.313097,0.062773,0.264727,0.354775,0.203201,0.221769,0.278352,0.309982,0.249349,0.191526,0.312305,0.276849,0.235157,0.204923,0.230860,0.254400,0.279675,0.198586,0.284061,0.290127,0.241357,0.137584,0.360788,0.268759,0.210780,0.275112,0.130287,0.261335,0.239954,0.303429,0.277025,0.186344,0.454392,0.300033,0.240853,0.233460,0.343436,0.162652,0.209071,0.207482,0.226915,0.282412,0.271138,0.213700,0.306553,0.300106,0.114841,0.235372,0.214687,0.222730,0.154270,0.290872,0.316032,0.319723,0.215946,0.135373,0.158778,0.343128,0.222226,0.232067,0.336659,0.230075,0.236759,0.324908,0.202436,0.318766,0.185440,0.295307,0.200751,0.053169,0.307564,0.356095,0.415751,0.281107,0.194070,0.255281,0.206324,0.237486,0.211953,0.294890,0.334707,0.143506,0.192541,0.198132,0.327608,0.183157,0.203867,0.195897,0.298097,0.183368,0.233672,0.362956,0.358298,0.352271,0.278418,0.260110,0.253198,0.290163,0.181368,0.192121,0.230544,0.284467,0.200923,0.239575,0.239746,0.110940,0.314224,0.304079,0.244517,0.276568,0.199529,0.166655,0.319453,0.245618,0.165822,0.327935,0.276334,0.106693,0.263293,0.296093,0.119086,0.268532,0.230586,0.263877,0.161319,0.156359,0.268137,0.328811,0.299975,0.209320,0.286005,0.176496,0.317322,0.211520,0.238148,0.166984,0.152930,0.270473,#
9,0.091512,0.135087,0.141616,0.175158,0.235428,0.178043,0.074478,0.216579,0.294049,1.000000,0.225038,0.055906,0.135333,0.224399,0.247818,0.168492,0.095650,0.121441,0.102109,0.318405,0.214567,0.181618,0.201059,0.217750,0.049018,0.074759,0.239482,0.262400,0.126868,0.222741,0.181947,0.149719,0.129494,0.288993,0.294089,0.156234,0.075973,0.141754,0.199267,0.054164,0.327063,0.174048,0.191747,0.034654,0.233386,0.122316,0.154339,0.129192,0.097409,0.096722,0.048128,0.216840,0.053224,0.122098,0.133055,0.267851,0.118219,0.201045,0.240506,0.123547,0.225828,0.174716,0.243289,0.113117,0.266391,0.300715,0.126130,0.158628,0.184557,0.062569,0.315245,0.181880,0.126835,0.207211,0.198692,0.117537,0.025156,0.164753,0.224739,0.215522,0.111908,0.206611,0.076580,0.067705,0.325104,0.147026,0.128070,0.232321,0.017170,-0.056760,0.141266,0.220078,0.262276,0.075370,0.220777,0.171286,0.165847,0.291269,0.256916,0.019356,0.120361,0.200941,0.267187,0.120524,0.329672,0.197952,0.187077,0.029352,0.267123,0.139803,0.134559,0.200892,0.255789,0.296857,0.114522,0.184716,0.043993,0.095984,0.108041,0.112120,0.197587,0.206754,0.176366,0.219460,0.141173,0.129803,0.047532,0.174776,0.247575,0.201743,0.189462,0.102204,0.127930,0.297845,0.257942,0.206201,0.182810,0.204838,0.156400,0.074463,0.003452,0.269862,0.251536,0.117861,0.117414,0.198826,0.239449,0.192494,0.105319,0.264870,0.114854,-0.010268,0.309738,0.274714,0.193518,0.233947,0.172508,0.270677,0.273562,0.154881,0.166089,0.143122,0.114799,0.303766,0.131761,0.138900,0.101993,0.093541,0.356259,0.127957,0.240337,0.291134,0.141459,0.203455,0.181175,0.305816,0.131018,0.178722,0.178646,0.126444,0.115809,0.119875,0.205024,0.207756,0.104635,0.261880,0.047768,0.105158,0.364522,0.115382,0.214586,0.201900,0.109804,0.163243,0.120676,0.172734,0.119995,0.097862,0.088142,0.157267,#
10,0.224182,0.254020,0.195354,0.241533,0.046723,0.241862,0.121818,0.228464,0.235841,0.225038,1.000000,0.153993,-0.028701,0.141053,0.116641,0.166260,0.110801,0.112716,0.185518,0.196694,0.086635,0.130538,0.059053,0.162447,0.044102,0.053191,0.146951,0.336526,0.093808,0.218084,0.159317,0.195995,0.166565,0.225193,0.200092,0.121848,0.109599,0.136376,0.268047,0.086970,0.257536,0.110281,0.113261,0.068277,0.116629,0.212326,0.221146,0.187446,0.230723,0.271229,0.005910,0.168878,0.210572,0.118015,0.076291,0.198905,0.124889,0.042404,0.090419,0.194690,0.113244,0.224474,0.225570,0.252037,0.315493,0.165157,0.137711,0.079272,0.099821,0.179443,0.175119,0.245491,0.256908,0.160772,0.080479,0.168299,0.134566,0.150192,0.149728,0.075944,0.311434,0.113026,0.250523,0.118631,0.295697,0.053363,0.207934,0.286416,0.127550,0.173050,0.079082,0.277146,0.218836,0.217104,0.254413,0.284665,0.044078,0.110264,0.334957,0.205165,0.104135,0.117710,0.157236,0.131461,0.325911,-0.012094,0.117089,0.232905,0.117220,0.103541,0.056994,0.151151,0.119664,0.154698,0.251536,0.283082,0.170522,0.017038,0.171066,0.200340,0.177311,0.337546,0.045702,0.156274,-0.009449,0.165714,0.211057,0.218072,0.181484,0.097292,0.174505,0.072440,0.104543,0.185851,0.258076,0.178000,0.093922,0.267103,0.112369,0.074012,0.266344,0.018092,0.144889,0.126531,0.057788,0.034475,0.044702,0.035240,0.142428,0.118692,0.201962,0.180870,0.332351,0.135850,0.195630,0.174587,0.235172,0.063659,0.234775,0.111794,0.236520,0.090711,0.280394,0.199499,0.115182,0.157852,0.272252,0.123307,0.239893,0.242090,0.236836,0.145976,0.033217,0.147471,0.107595,0.140522,0.189905,0.270650,0.065541,0.181086,0.124658,0.115810,0.254510,0.068320,0.116371,0.145326,0.017366,0.015301,0.148757,0.246251,0.290598,0.072522,0.141584,0.105360,0.269410,0.127338,-0.006971,0.205730,0.164070,0.296907,#
11,0.155045,0.231585,0.251216,0.218079,0.259283,0.208071,0.149985,0.337658,0.285829,0.055906,0.153993,1.000000,0.221622,0.143595,0.131224,0.101877,0.158544,0.287778,0.245531,0.070127,0.139842,0.240626,0.122249,0.120933,0.202172,0.280176,0.082190,0.295617,0.134592,0.205982,0.208793,0.184113,0.179976,0.217513,0.175688,0.141195,0.278032,0.061053,0.152635,0.297768,0.136796,0.291978,0.333339,0.231842,0.126586,0.236671,0.288687,0.131342,0.197428,0.175740,0.196687,0.217128,0.241186,0.309993,0.102241,0.122349,0.028392,0.275591,0.217307,0.147066,0.122795,0.193060,0.324876,0.106810,0.207510,0.282579,0.196388,0.237875,0.180517,0.298658,0.165294,0.144351,0.266719,0.197511,0.106143,0.039256,0.234538,0.134876,0.171915,0.064595,0.230411,0.184761,0.199209,0.071114,0.232444,0.097113,0.104731,0.211958,0.206622,0.073371,0.138906,0.328327,0.276367,0.299193,0.213211,0.340000,0.152535,0.169250,0.240048,0.126639,0.141071,0.172702,0.139279,0.212772,0.175988,0.310744,0.258654,0.331464,0.247220,0.214058,0.346051,0.205478,0.224704,0.224330,0.000692,0.323867,0.161815,0.197319,0.061706,0.273696,0.081985,0.212347,0.274080,0.125680,0.244957,0.184393,0.180500,0.198505,0.262731,0.179082,0.142589,0.226334,0.340509,0.285815,0.264604,0.185622,0.111779,0.284448,0.110392,0.239283,0.203802,0.117290,0.184980,0.149150,0.286317,0.089842,0.268277,0.106068,0.063147,0.159504,0.186627,0.242554,0.199936,0.253982,0.271555,0.213000,0.207604,0.069796,0.227520,0.131146,0.126976,0.223218,0.195939,0.080301,0.177782,0.079648,0.292080,0.095242,0.229076,0.305553,0.146344,0.143608,0.106653,0.152670,0.135152,0.237817,0.116046,0.224342,0.097677,0.220702,0.277958,0.151124,0.193351,0.085326,0.145279,0.115521,0.066411,0.247979,0.239039,0.271251,0.258444,0.111921,0.325811,0.213183,0.284897,0.179131,0.149197,0.216992,0.185164,0.224643,#
12,0.148210,0.158945,0.127758,0.184319,0.270176,0.209844,0.255343,0.181225,0.269511,0.135333,-0.028701,0.221622,1.000000,0.164845,0.261179,0.098280,0.348340,0.229217,0.243914,0.313403,0.200001,0.221947,0.199247,0.227605,0.039978,0.203958,0.172581,0.204188,0.257309,0.149327,0.043319,0.252554,0.253172,0.202321,0.190272,0.228655,0.212408,0.057014,0.186630,0.207830,0.089728,0.092340,0.206007,0.359997,0.227378,0.193915,0.260817,0.058580,0.193263,0.134569,0.279556,0.185853,0.178860,0.223093,0.223457,0.173445,0.078875,0.211297,0.183955,0.058516,0.076747,0.288923,0.051223,0.199713,0.312889,0.205929,0.143018,0.149842,0.166015,0.166412,0.178803,0.158140,0.238306,0.177051,0.295426,0.198287,0.241408,0.075997,0.204044,0.104498,0.205582,0.222181,0.133068,0.123532,0.146739,0.200133,0.152002,0.281419,0.264557,0.128014,0.178206,0.192329,0.119759,0.122770,0.217569,0.284817,0.349385,0.264807,0.193945,0.047625,0.131515,0.232606,0.201257,0.208149,0.201817,0.116312,0.220510,0.115614,0.085405,0.126077,0.292016,0.093726,0.141659,0.210912,0.257303,0.086310,0.312499,0.040554,0.214048,0.081773,0.208203,0.202328,0.323712,0.268978,0.255560,0.111174,0.115037,0.075024,0.089310,0.155179,0.166766,0.068320,0.147386,0.195568,0.247006,0.111198,0.219870,0.226909,0.266451,0.119758,0.222478,0.232529,0.230931,0.122320,0.131139,0.182633,0.150904,0.152426,0.096739,0.234350,0.100793,0.290825,0.189727,0.168869,0.127577,0.293685,0.158662,0.039924,0.190506,0.135945,0.141786,0.324592,0.256353,0.197927,0.272232,0.108332,0.268229,0.183335,0.126619,0.148490,0.219755,0.184748,0.129516,0.199958,0.151494,0.166823,0.243080,0.346446,0.227925,0.043759,0.189184,0.220154,0.223736,0.177222,0.064936,0.170502,0.174277,0.317177,0.168363,0.109385,0.167744,0.060116,0.177797,0.202186,0.127169,0.174778,0.187699,0.244732,0.192764,0.125408,#
13,0.147242,0.093938,0.312001,0.148814,0.201693,0.050400,0.288646,0.195330,0.217547,0.224399,0.141053,0.143595,0.164845,1.000000,0.229262,0.116618,0.270646,0.208772,0.276539,0.272006,0.274660,0.254063,0.188960,0.230616,0.049715,0.271069,0.260311,0.301799,0.237708,0.274130,0.137523,0.256826,0.263074,0.263119,0.231737,0.106908,0.180719,0.158790,0.175530,0.241122,0.228096,0.271806,0.286004,0.150974,0.312819,0.208414,0.216019,0.208568,0.288816,0.164104,0.141254,0.312972,0.221365,0.256704,0.220592,0.223481,0.078506,0.188297,0.171854,0.196987,0.228364,0.295274,0.215962,0.172751,0.273903,0.208886,0.326484,0.209756,0.287751,0.181208,0.152430,0.205822,0.051915,0.231571,0.324795,0.197359,0.259778,0.239865,0.288291,0.173448,0.173975,0.248080,0.280744,0.214652,0.279642,0.179066,0.140062,0.250001,0.274844,0.155659,0.193074,0.190750,0.247666,0.289499,0.262604,0.126839,0.254096,0.182892,0.208891,0.342130,0.220886,0.266090,0.157759,0.354180,0.209293,0.275770,0.197836,0.195005,0.255201,0.185299,0.203734,0.184516,0.355789,0.291520,0.258070,0.258660,0.240186,0.257735,0.117110,0.308738,0.184856,0.241555,0.207946,0.153016,0.286981,0.036097,0.137670,0.047347,0.220557,0.168718,0.117024,0.198538,0.123428,0.175412,0.364059,0.170261,0.187049,0.187265,0.331516,0.236010,-0.059355,0.212925,0.376709,0.174980,0.119690,0.253795,0.244947,0.224933,0.138931,0.172879,0.178857,0.252434,0.237767,0.351911,0.207754,0.329297,0.088073,0.187939,0.261100,0.263041,0.164507,0.266292,0.204101,0.298141,0.133962,0.199781,0.204553,0.131663,0.281351,0.145679,0.194837,0.275385,0.181798,0.168603,0.230395,0.267939,0.199024,0.322765,0.247069,0.081173,0.175097,0.310149,0.233100,0.262078,0.233792,0.218196,0.229509,0.227195,0.059342,0.170006,0.309822,0.225823,0.240137,0.269866,0.239826,0.191452,0.154146,0.139481,0.230976,0.218656,#
14,0.244457,0.078811,0.136063,0.230855,0.205985,0.227370,0.112343,0.364681,0.314933,0.247818,0.116641,0.131224,0.261179,0.229262,1.000000,0.292806,0.238135,0.223350,0.220828,0.312980,0.222968,0.157791,0.200290,0.310883,0.103750,0.068442,0.275065,0.250214,0.260377,0.229225,0.101437,0.298211,0.186327,0.160117,0.225969,0.114943,0.226761,0.206022,0.200768,0.232312,0.205227,0.093554,0.324326,0.153242,0.239115,0.314363,0.164880,0.110101,0.094993,0.169937,0.219404,0.143348,0.216367,0.298213,0.247789,0.264924,0.217031,0.151796,0.194573,0.177823,0.254034,0.307311,0.220449,0.202003,0.178410,0.127562,0.176045,0.254433,0.136246,0.274722,0.273639,0.129642,0.216963,0.238847,0.330403,0.222821,0.348960,0.213911,0.160489,0.090546,0.292397,0.289010,0.280552,0.257390,0.191401,0.243190,0.143712,0.312391,0.182093,0.080775,0.177823,0.194603,0.245331,0.298798,0.286408,0.260267,0.429825,0.240895,0.215144,0.067244,0.211532,0.244911,0.261516,0.192715,0.264474,0.188023,0.247565,0.137895,0.067973,0.123493,0.138451,0.081261,0.199938,0.267064,0.193561,0.240268,0.242948,0.124623,0.157698,0.233555,0.267238,0.269211,0.205455,0.220286,0.340529,0.072532,0.160298,0.328361,0.146730,0.330866,0.152477,0.180638,0.171107,0.215538,0.255541,0.215111,0.134727,0.243899,0.153264,0.200787,0.128895,0.272635,0.216891,0.186191,0.147225,0.366365,0.262121,0.180723,0.092287,0.130438,0.285674,0.208164,0.082298,0.247195,0.291612,0.277642,0.290379,0.170378,0.177763,0.210993,0.120342,0.164134,0.242363,0.170472,0.189149,0.163844,0.181153,0.097810,0.236490,0.314324,0.274452,0.235584,0.202269,0.235734,0.186228,0.258626,0.248352,0.282932,0.247153,0.064077,0.258059,0.341874,0.235509,0.143844,0.210529,0.132532,0.211442,0.024564,0.144465,0.279243,0.087900,0.206372,0.279939,0.259969,0.185429,0.165054,0.132840,0.112779,0.196429,0.091187,#
15,0.271144,0.041892,0.247146,0.132675,0.179935,0.194579,0.123673,0.138285,0.217326,0.168492,0.166260,0.101877,0.098280,0.116618,0.292806,1.000000,0.224295,0.261325,0.172607,0.206656,0.145881,0.168934,0.169486,0.299372,0.105354,0.254352,0.183809,0.180777,0.228841,0.278852,0.094696,0.212021,0.111876,0.245108,0.133136,0.175814,0.171277,0.063974,0.249127,0.108978,0.150753,0.183605,0.258020,0.151559,0.274462,0.148629,0.117815,0.196193,0.139023,0.258378,-0.012537,0.303798,0.163420,0.173788,0.193063,0.147774,0.177367,0.063803,0.178122,0.201586,0.249522,0.166476,0.234024,0.165431,0.176775,0.217597,0.105168,0.143169,0.066566,0.029975,0.255691,0.088803,0.059629,0.190178,0.164749,0.108593,0.172437,0.201090,0.119904,0.151012,0.327347,0.139130,0.025080,0.251472,0.265090,0.223745,0.079732,0.365344,0.139419,0.124043,0.135283,0.150969,0.176259,0.177029,0.125045,0.156731,0.267612,0.125228,0.161552,0.082068,0.228309,0.092570,0.178056,0.192170,0.061558,0.171380,0.263760,0.159993,0.041580,0.267244,0.021661,0.219186,0.131417,0.165552,0.030290,0.201701,0.137617,0.011347,0.098291,0.127226,0.202668,0.169173,0.157371,0.166694,0.111775,0.102595,0.227544,0.196551,0.145009,0.303694,0.035487,0.054219,0.130680,0.126490,0.205124,0.142955,0.045094,0.023355,0.125265,0.090298,0.010980,0.141795,0.132198,0.040625,0.203078,0.127893,0.097337,0.155021,0.254387,0.085332,0.181789,0.035266,0.252338,0.289094,0.074863,0.235770,0.239105,0.144017,0.141639,0.220140,0.106084,0.142278,0.302521,0.035014,0.160229,0.247664,0.222906,0.254097,0.244358,0.066534,-0.013382,0.220330,0.042210,0.096561,0.151253,0.187073,0.260001,0.189142,0.085624,0.188562,0.217721,0.182385,0.135257,0.224246,0.122589,0.118388,-0.011446,0.187714,0.041066,0.165752,0.053792,0.178489,0.184897,0.109066,0.103426,0.141899,0.181944,0.218838,0.183277,0.103383,#
16,0.263263,0.127494,0.033909,0.124030,0.164193,0.132643,0.171805,0.274875,0.118471,0.095650,0.110801,0.158544,0.348340,0.270646,0.238135,0.224295,1.000000,0.205927,0.160682,0.378003,0.280046,0.234310,0.111263,0.153553,0.022210,0.294549,0.239841,0.022795,0.124804,0.269943,0.056271,0.299478,0.188472,0.347680,0.183086,0.173316,0.219382,0.033511,0.291945,0.153564,0.095055,0.124481,0.255723,0.206554,0.197867,0.283907,0.117180,0.116794,0.175501,0.160587,0.132316,0.170675,0.266251,0.331200,0.210555,0.156506,0.077462,0.145237,0.223341,0.049843,0.069761,0.321219,0.244654,0.181374,0.254934,0.142866,0.085162,0.319646,0.201786,0.235870,0.047198,0.160245,0.287034,0.140155,0.179267,0.176311,0.170532,0.300362,0.233779,0.195946,0.159615,0.174909,0.157783,0.254421,0.241712,0.195459,0.254197,0.206169,0.224184,0.124510,0.170995,0.220172,0.188001,0.111558,0.203323,0.182574,0.297416,0.179719,0.197161,0.206508,0.054505,0.097337,0.085457,0.161583,0.120559,0.261510,0.225201,0.126786,0.110301,0.152810,0.221963,0.229573,0.218905,0.163194,0.287783,0.332861,0.255418,0.124165,0.123237,0.248178,0.254690,0.324189,0.240659,0.252791,0.337118,0.126616,0.177144,0.118180,0.129934,0.202447,0.141930,0.028693,0.296108,-0.040455,0.313479,0.250316,0.059598,0.201683,0.155495,0.212180,0.080997,0.172093,0.192509,0.160273,0.215786,0.111052,0.170062,0.133927,0.252917,0.271360,0.016758,0.300700,0.077010,0.177461,0.248641,0.268097,0.172047,0.151749,0.196643,0.226793,0.117736,0.273849,0.302235,0.205511,0.158253,0.192831,0.197575,0.225272,0.171671,0.080592,0.150539,0.248487,0.099745,0.085665,0.154328,0.165975,0.122607,0.213791,0.252664,0.029596,0.119069,0.203586,0.209918,0.018421,0.184984,0.230059,0.220487,0.243608,0.164737,0.200409,0.287494,0.028500,0.052878,0.153625,0.177952,0.214023,0.117635,0.123296,0.090504,0.156828,#
17,0.271384,0.141478,0.146336,0.201450,0.249604,0.221866,0.213384,0.314020,0.277427,0.121441,0.112716,0.287778,0.229217,0.208772,0.223350,0.261325,0.205927,1.000000,0.157106,0.269722,0.309386,0.182386,0.158812,0.318221,0.175546,0.246659,0.214490,0.165044,0.159936,0.226328,0.176770,0.165033,0.226629,0.193422,0.181636,0.268128,0.068287,0.124380,0.322756,0.194557,0.304040,0.275515,0.252656,0.226483,0.209308,0.202627,0.211327,0.224525,0.184321,0.199794,0.223159,0.210200,0.165205,0.181524,0.178950,0.277749,0.216342,0.117971,0.245408,0.079032,0.210618,0.307894,0.134457,0.117671,0.218144,0.322683,0.234870,0.257909,0.156257,0.191468,0.113255,0.239811,0.138908,0.172072,0.134038,0.170785,0.156266,0.164928,0.139933,0.226918,0.218469,0.190419,0.299815,0.156449,0.144066,0.127712,0.266421,0.194305,0.243373,0.216486,0.200829,0.148530,0.286625,0.225046,0.117138,0.294296,0.221416,0.198342,0.164367,0.153181,0.153645,-0.015220,0.165545,0.234767,0.098869,0.183498,0.279152,0.212933,0.130040,0.121238,0.233166,0.292420,0.105709,0.320499,0.226255,0.180094,0.081146,0.132670,0.071196,0.230565,0.111179,0.278317,0.225565,0.184855,0.373647,0.227637,0.204031,0.149810,0.123462,0.172174,0.269264,0.215156,0.255789,0.161863,0.200211,0.254040,0.181902,0.269552,0.254117,0.277406,0.186115,0.234971,0.281052,0.143802,0.228954,0.239660,0.177400,0.197912,0.129536,0.065659,0.227654,0.058515,0.095226,0.269151,0.254891,0.349703,0.292682,0.176417,0.284627,0.202147,0.178153,0.192223,0.333024,0.203349,0.152559,0.263405,0.127976,0.219286,0.258088,0.123000,0.269932,0.141892,0.169145,0.118363,0.222829,0.106354,0.244391,0.223969,0.092992,0.315672,0.161004,0.335367,0.237034,0.226893,0.154098,0.117747,0.150576,0.259540,0.176616,0.189986,0.217068,0.218963,0.252721,0.193024,0.316417,0.249093,0.110517,0.232903,0.102131,0.204217,#
18,0.276819,0.095130,0.178966,0.328188,0.239237,0.004728,0.205283,0.204462,0.201095,0.102109,0.185518,0.245531,0.243914,0.276539,0.220828,0.172607,0.160682,0.157106,1.000000,0.240068,0.230002,0.250362,0.206411,0.241248,0.192787,0.194657,0.128945,0.311382,0.200665,0.164896,0.008288,0.108357,0.200581,0.251098,0.273251,0.240020,0.259442,0.153326,0.198344,0.331964,0.216228,0.168950,0.250232,0.177080,0.298301,0.116338,0.206333,0.194243,0.103879,0.201498,0.132405,0.189171,0.318123,0.155590,0.167211,0.233337,0.137319,0.206151,0.131843,0.193692,0.187513,0.173124,0.259409,0.114061,0.302787,0.156658,0.197208,0.251310,-0.032448,0.152180,0.163557,0.082295,0.167752,0.130703,0.207665,0.145237,0.265216,0.218449,0.261133,0.141141,0.124865,0.105433,0.249165,0.233786,0.216097,0.116949,0.230813,0.218572,0.206096,0.144153,0.284562,0.177648,0.142930,0.230441,0.288035,0.293062,0.308643,0.233438,0.214374,0.240781,0.208517,0.146423,0.213821,0.205715,0.318904,0.219430,0.153169,0.136434,0.157475,0.138346,0.300847,0.168968,0.304352,0.230012,0.099233,0.173323,0.179887,-0.081629,0.144754,0.278606,0.219495,0.292820,0.210492,0.035464,0.228190,0.042645,0.187999,0.175745,0.323081,0.114366,0.125106,0.240156,0.116764,0.230661,0.261572,0.137037,0.171480,0.237545,0.105756,0.207247,0.076496,0.174349,0.227434,0.202402,0.136190,0.282313,0.181924,0.079526,0.124012,0.166146,0.118509,0.298655,0.181494,0.225555,0.171607,0.306624,0.243278,0.205831,0.149871,0.341115,0.225668,0.172232,0.238038,0.199947,0.188074,0.305518,0.306478,0.191918,0.151330,0.249920,0.087828,0.234776,0.234888,0.137365,0.009929,0.289311,0.220254,0.301059,0.186070,0.110511,0.150111,0.219648,0.215863,0.111160,0.187877,0.042603,0.287839,0.167317,0.143147,0.179562,0.222239,0.177451,0.235933,0.218580,0.266565,0.171229,0.083463,0.224096,0.285171,0.171639,#
19,0.289463,0.213564,0.204203,0.256807,0.430247,0.319037,0.126084,0.235374,0.279303,0.318405,0.196694,0.070127,0.313403,0.272006,0.312980,0.206656,0.378003,0.269722,0.240068,1.000000,0.280511,0.231012,0.231803,0.272017,0.090196,0.296004,0.330799,0.195311,0.235435,0.284423,0.227781,0.307769,0.178422,0.256584,0.156806,0.255791,0.218999,0.060806,0.328099,0.223830,0.283714,0.187101,0.197970,0.180147,0.251354,0.265830,0.344420,0.304996,0.250001,0.219206,0.144268,0.247111,0.158676,0.299273,0.250524,0.278771,0.249980,0.112543,0.305040,0.143708,0.310342,0.437100,0.316163,0.252846,0.407710,0.168791,0.165816,0.285876,0.090442,0.235341,0.291038,0.194477,0.262312,0.230066,0.304131,0.301061,0.231851,0.291388,0.406395,0.167421,0.234054,0.207599,0.277479,0.198767,0.283111,0.218950,0.226159,0.373109,0.294083,0.090345,0.202701,0.269848,0.317097,0.188815,0.235768,0.309808,0.312501,0.280396,0.170949,0.189089,0.222731,0.184486,0.270333,0.292484,0.293464,0.313924,0.251354,0.317558,0.121901,0.065812,0.168620,0.232419,0.267425,0.329929,0.283946,0.159729,0.335795,0.233376,0.175215,0.083177,0.224166,0.351903,0.368090,0.305808,0.402120,0.139296,0.337641,0.226296,0.216194,0.304325,0.153219,0.107095,0.265095,0.250197,0.361240,0.223343,0.208239,0.308450,0.223254,0.212954,0.108574,0.234722,0.249950,0.151711,0.227750,0.234776,0.187550,0.149702,0.302162,0.185655,0.225670,0.351605,0.206212,0.279915,0.306064,0.289573,0.273790,0.195688,0.273027,0.292702,0.334937,0.271390,0.268778,0.210275,0.266781,0.282290,0.108911,0.246859,0.332714,0.199594,0.205190,0.290275,0.299152,0.258734,0.237854,0.229322,0.273395,0.380185,0.257431,0.145111,0.053453,0.369521,0.304524,0.272819,0.307196,0.180071,0.213849,0.274803,0.259416,0.239849,0.383831,0.285195,0.101881,0.262070,0.210738,0.369390,0.140648,0.188949,0.273086,0.285148,#
20,0.169737,0.038855,0.248362,0.182082,0.375465,0.163924,0.303616,0.199525,0.162761,0.214567,0.086635,0.139842,0.200001,0.274660,0.222968,0.145881,0.280046,0.309386,0.230002,0.280511,1.000000,0.254254,0.139345,0.186812,0.182604,0.303008,0.258089,0.135639,0.230037,0.248847,0.043935,0.125811,0.190299,0.256652,0.177909,0.265548,0.273875,0.037560,0.258636,0.235034,0.233604,0.368182,0.143518,0.133266,0.368117,0.190435,0.322446,0.107223,0.144523,0.159342,0.037529,0.251269,0.179638,0.252809,0.233863,0.212814,0.207382,0.235580,0.250432,0.070386,0.280939,0.274440,0.312932,0.094775,0.229091,0.169763,0.160922,0.169804,0.231259,0.276915,0.290303,0.242802,0.092977,0.196973,0.205923,-0.003431,0.224055,0.307230,0.225632,0.134459,0.155224,0.262969,0.293188,0.143058,0.195834,0.193409,0.242011,0.195332,0.303302,0.178118,0.247237,0.255589,0.245686,0.253873,0.321708,0.177081,0.219566,0.289680,0.255509,0.065914,0.236761,0.111967,0.320905,0.219813,0.196133,0.128779,0.193585,0.227212,0.090272,0.314096,0.234464,0.277006,0.178554,0.156701,0.253234,0.228163,0.320789,0.199215,0.055745,0.315154,0.236851,0.276532,0.178918,0.201233,0.226059,0.181640,0.244700,0.131372,0.328855,0.228838,0.253691,0.160795,0.206979,0.272501,0.308776,0.140458,0.228266,0.129477,0.276107,0.211589,0.185056,0.216915,0.203696,0.187612,0.244353,0.190393,0.123466,0.156992,0.181858,0.321509,0.278645,0.200130,0.118918,0.343636,0.179029,0.249742,0.244183,0.106794,0.218574,0.336107,0.163937,0.288310,0.276358,0.262612,0.257337,0.085156,0.077551,0.242635,0.284738,0.164937,0.252900,0.176926,0.230529,0.061134,0.091837,0.222456,0.067994,0.197443,0.349745,0.129452,0.178864,0.221524,0.147371,0.162480,0.159628,-0.004587,0.182125,0.289779,0.130514,0.309424,0.069288,0.198088,0.175870,0.286786,0.217554,0.155796,0.149903,0.200954,0.243771,0.238844,#
21,0.170169,0.249263,0.234016,0.230169,0.195883,0.061853,0.182328,0.248897,0.292129,0.181618,0.130538,0.240626,0.221947,0.254063,0.157791,0.168934,0.234310,0.182386,0.250362,0.231012,0.254254,1.000000,0.140175,0.171453,0.110320,0.153034,0.271560,0.207137,0.247581,0.202589,0.165848,0.229859,0.212313,0.243225,0.153725,0.261304,0.334761,0.233046,0.339111,0.200017,0.190341,0.267980,0.216489,0.214431,0.233383,0.221160,0.227300,0.285541,0.176932,0.096006,0.209456,0.234445,0.074021,0.123963,0.165826,0.201307,0.218990,0.177266,0.178066,0.078663,0.207973,0.131875,0.309408,0.174499,0.387125,0.270185,0.101868,0.243072,0.189784,0.234985,0.300296,0.272086,0.271223,0.334755,0.251984,0.168652,0.156996,0.176441,0.186269,0.232156,0.183066,0.171465,0.227365,0.020259,0.293857,0.113481,0.275385,0.216906,0.193916,0.275765,0.136064,0.113842,0.153453,0.197096,0.308574,0.233689,0.282070,0.180811,0.069195,0.191652,0.301011,0.262099,0.265229,0.170050,0.190649,0.262884,0.232846,0.109886,0.174808,0.227041,0.269345,0.263480,0.107774,0.251561,0.177054,0.303680,0.335995,0.146323,0.090613,0.259243,0.181066,0.339635,0.226642,0.249965,0.259191,0.114854,0.226668,0.214696,0.242015,0.154978,0.198893,0.225076,0.369243,0.232184,0.224667,0.111270,0.123184,0.163875,0.163010,0.274777,0.182390,0.260715,0.219847,0.147569,0.199867,0.293772,0.216695,0.185784,0.160514,0.205596,0.231574,0.181595,0.135518,0.229267,0.282062,0.292822,0.146293,0.097962,0.130512,0.230795,0.233710,0.295130,0.283026,0.231350,0.270728,0.124511,0.188354,0.239889,0.202581,0.332588,0.162073,0.180627,0.183452,0.105643,0.167771,0.320237,0.138370,0.280037,0.101752,0.169779,0.138284,0.295982,0.079989,0.206840,0.146632,0.172760,0.164175,0.188058,0.187764,0.265061,0.312694,0.141922,0.201590,0.242132,0.314387,0.213394,0.247273,0.213610,0.303034,0.197869,#
