0,1.000000,0.837794,0.844658,0.822297,0.799967,0.844214,0.836608,0.835252,0.824655,0.805362,0.828151,0.847656,0.814449,0.818232,0.827845,0.821690,0.846835,0.857915,0.835184,0.834208,0.841478,0.802409,0.832051,0.862347,0.795571,0.816754,0.820168,0.825225,0.803428,0.842298,0.817506,0.847655,0.821511,0.809661,0.839299,0.829502,0.807438,0.819809,0.836003,0.838207,0.837783,0.802780,0.858391,0.804460,0.834658,0.801199,0.839205,0.859222,0.838274,0.847034,0.826904,0.835117,0.847847,0.849152,0.842790,0.850329,0.832588,0.850089,0.824628,0.820579,0.850788,0.816934,0.840719,0.835263,0.842353,0.824245,0.855868,0.836982,0.820426,0.802634,0.825144,0.810230,0.865715,0.846112,0.830788,0.816471,0.856503,0.835871,0.841195,0.826437,0.858274,0.829928,0.845469,0.843638,0.841865,0.865279,0.840629,0.840628,0.803121,0.824164,0.805466,0.821488,0.837908,0.828349,0.832601,0.825328,0.812455,0.809348,0.837708,0.849602,0.834680,0.824305,0.818969,0.835926,0.809480,0.825197,0.814804,0.853385,0.837859,0.797877,0.831686,0.824442,0.835857,0.809767,0.820496,0.853120,0.803930,0.822361,0.813821,0.808586,0.801024,0.882221,0.840307,0.860187,0.840447,0.825865,0.818451,0.801065,0.783230,0.826475,0.808951,0.835229,0.832969,0.805137,0.839777,0.833507,0.829379,0.831897,0.803603,0.847003,0.819489,0.816149,0.785511,0.845149,0.839924,0.761368,0.819484,0.790551,0.849595,0.818242,0.822617,0.833563,0.838869,0.796293,0.824015,0.805999,0.835678,0.846534,0.857572,0.820493,0.854714,0.850462,0.829273,0.828881,0.817788,0.834863,0.841324,0.805554,0.840432,0.829788,0.838062,0.825667,0.829011,0.855870,0.850272,0.824150,0.843184,0.851999,0.828340,0.811699,0.811666,0.850322,0.810549,0.817845,0.823883,0.801126,0.804614,0.828544,0.819670,0.826452,0.807239,0.837502,0.809851,0.830233,0.821794,0.835357,0.804690,0.848101,0.831342,0.827268,#
1,0.837794,1.000000,0.816514,0.835981,0.820448,0.845966,0.795660,0.830242,0.846739,0.821980,0.831169,0.841517,0.819099,0.816704,0.820797,0.815545,0.821500,0.831480,0.823754,0.837388,0.835891,0.854822,0.845475,0.842745,0.812639,0.801430,0.829705,0.836663,0.796546,0.800045,0.845653,0.848714,0.824636,0.846670,0.810430,0.837341,0.798585,0.841878,0.843963,0.842503,0.820486,0.811651,0.826560,0.814092,0.809123,0.809756,0.857842,0.841807,0.864463,0.832790,0.826441,0.860491,0.839092,0.812838,0.852767,0.835092,0.821832,0.839394,0.817432,0.815268,0.813805,0.815221,0.795684,0.792753,0.839075,0.842737,0.859848,0.849893,0.844667,0.844989,0.826648,0.827003,0.886666,0.807010,0.838672,0.835476,0.819095,0.824268,0.851114,0.817228,0.850036,0.831959,0.857247,0.850016,0.851476,0.834453,0.817594,0.840216,0.833427,0.826009,0.807145,0.816328,0.825043,0.837386,0.814554,0.807422,0.809005,0.815883,0.823397,0.837077,0.843186,0.833862,0.802984,0.828147,0.809756,0.825570,0.819835,0.856653,0.830587,0.799002,0.821813,0.822095,0.820344,0.829807,0.806706,0.840540,0.826201,0.837658,0.812612,0.779599,0.833540,0.848081,0.817874,0.845848,0.819625,0.811795,0.817609,0.823978,0.830109,0.847725,0.799311,0.850609,0.820066,0.812849,0.841793,0.828072,0.828255,0.830022,0.824404,0.812169,0.845172,0.821025,0.816418,0.836502,0.817534,0.792184,0.809433,0.790910,0.843367,0.804747,0.848396,0.855000,0.830771,0.783291,0.860307,0.810754,0.836145,0.844407,0.808205,0.810674,0.813480,0.855351,0.829469,0.850053,0.834051,0.811759,0.829229,0.797163,0.809144,0.817760,0.838204,0.822152,0.825027,0.851348,0.837799,0.819974,0.831974,0.857117,0.803146,0.811984,0.825205,0.819088,0.818046,0.803532,0.818006,0.849807,0.810210,0.756075,0.836123,0.831760,0.839927,0.832135,0.812808,0.812666,0.836392,0.782727,0.803454,0.855023,0.812017,0.828602,#
2,0.844658,0.816514,1.000000,0.826395,0.812993,0.832760,0.809177,0.831108,0.836036,0.814677,0.814180,0.806722,0.771136,0.825599,0.807902,0.803955,0.801870,0.836178,0.800884,0.825491,0.822739,0.811336,0.809441,0.850434,0.787802,0.800501,0.847842,0.828571,0.819481,0.828557,0.825673,0.828335,0.834303,0.817396,0.808331,0.822539,0.816533,0.821449,0.853184,0.814514,0.805736,0.813537,0.830461,0.797331,0.792948,0.810647,0.854812,0.802280,0.803082,0.834171,0.817271,0.833622,0.834059,0.844690,0.858351,0.843035,0.838418,0.812923,0.809423,0.816932,0.865306,0.820184,0.813493,0.825679,0.836719,0.827100,0.831875,0.814471,0.817136,0.821709,0.846985,0.812185,0.844409,0.825730,0.852710,0.814158,0.822382,0.814785,0.829299,0.844506,0.842542,0.835851,0.864837,0.808468,0.860576,0.849989,0.823439,0.856227,0.807124,0.811081,0.835343,0.831356,0.842067,0.815163,0.844492,0.800491,0.801010,0.798772,0.861710,0.830121,0.847504,0.806765,0.795255,0.814316,0.793336,0.853389,0.843457,0.836849,0.831873,0.788457,0.827080,0.791698,0.850340,0.804771,0.797236,0.809863,0.795686,0.827972,0.817813,0.775185,0.794735,0.819275,0.799130,0.851884,0.825985,0.795497,0.813645,0.811051,0.808084,0.844184,0.826619,0.851260,0.849060,0.848443,0.840444,0.824103,0.826247,0.815049,0.811017,0.804299,0.818219,0.834157,0.780427,0.805736,0.812632,0.815036,0.792406,0.787430,0.822728,0.825008,0.831099,0.826513,0.824188,0.821740,0.814512,0.808806,0.820582,0.799311,0.824521,0.790586,0.787726,0.797316,0.826422,0.819722,0.789916,0.823322,0.829917,0.772469,0.818191,0.806309,0.823220,0.819415,0.823486,0.809296,0.827047,0.817244,0.809268,0.847435,0.803564,0.786559,0.799463,0.854842,0.785230,0.839701,0.801378,0.817535,0.800300,0.783306,0.812333,0.817638,0.806177,0.817863,0.845661,0.830377,0.807385,0.819247,0.783709,0.837271,0.793837,0.822694,#
3,0.822297,0.835981,0.826395,1.000000,0.834675,0.823113,0.814425,0.827073,0.849621,0.830782,0.821282,0.834714,0.809642,0.815270,0.817204,0.822083,0.816561,0.823495,0.850347,0.817243,0.836019,0.852884,0.820236,0.830885,0.826613,0.830690,0.846660,0.837040,0.823435,0.822474,0.838415,0.858289,0.825941,0.845992,0.829555,0.835852,0.800152,0.837274,0.819339,0.847222,0.827756,0.823846,0.831245,0.813295,0.817652,0.838410,0.844407,0.836598,0.838638,0.817525,0.838456,0.812212,0.846870,0.809319,0.836379,0.850123,0.817172,0.844877,0.860617,0.824662,0.824805,0.810584,0.799592,0.815058,0.872913,0.817377,0.820247,0.806750,0.786591,0.829207,0.819227,0.834858,0.868362,0.824092,0.824572,0.808739,0.821517,0.829203,0.821122,0.848921,0.856412,0.816785,0.857432,0.839752,0.836469,0.847989,0.831410,0.825836,0.805156,0.828010,0.818633,0.830413,0.839060,0.842992,0.834363,0.831334,0.798869,0.796017,0.820049,0.816479,0.820050,0.815490,0.792581,0.806719,0.855582,0.818308,0.828726,0.851869,0.813738,0.808334,0.821947,0.797725,0.814791,0.822203,0.809400,0.839615,0.798451,0.825579,0.826081,0.773947,0.794086,0.845509,0.806452,0.819535,0.808615,0.815218,0.823737,0.835676,0.801019,0.825224,0.812415,0.842836,0.813545,0.838423,0.843466,0.851933,0.848929,0.802769,0.798105,0.808102,0.806094,0.843198,0.820846,0.803761,0.802339,0.838275,0.804184,0.826234,0.827834,0.812548,0.816421,0.820507,0.821698,0.813331,0.837792,0.783257,0.839702,0.821119,0.834513,0.816990,0.826141,0.822045,0.808586,0.846489,0.819294,0.821573,0.835592,0.784205,0.838481,0.820458,0.841049,0.830073,0.822083,0.842627,0.811348,0.829971,0.816941,0.845697,0.817846,0.801042,0.788991,0.846745,0.790233,0.814485,0.800864,0.812119,0.799576,0.774406,0.837132,0.853911,0.813632,0.813985,0.813498,0.819026,0.825439,0.818810,0.819159,0.834795,0.810288,0.830243,#
4,0.799967,0.820448,0.812993,0.834675,1.000000,0.836203,0.824895,0.817883,0.810194,0.816446,0.793524,0.837681,0.798216,0.827469,0.807127,0.829477,0.824260,0.844512,0.822194,0.849503,0.856586,0.825637,0.815103,0.846690,0.788990,0.795330,0.831412,0.803016,0.817129,0.805204,0.853506,0.834448,0.857970,0.812137,0.795846,0.820537,0.800416,0.820868,0.823680,0.844381,0.817474,0.793428,0.817091,0.828863,0.819911,0.821880,0.841128,0.825552,0.832830,0.807562,0.823425,0.821221,0.840650,0.803143,0.836035,0.832882,0.808023,0.823798,0.842421,0.823509,0.811742,0.828173,0.815354,0.788020,0.852230,0.839827,0.826674,0.812618,0.796870,0.820068,0.836040,0.837147,0.849175,0.808021,0.824939,0.803743,0.813232,0.821034,0.841497,0.840282,0.810671,0.824203,0.850980,0.803153,0.842459,0.818825,0.799862,0.801536,0.813392,0.825093,0.800618,0.792520,0.806671,0.820481,0.814378,0.817237,0.813981,0.790806,0.801653,0.825906,0.849603,0.827852,0.811374,0.814014,0.809816,0.815838,0.827158,0.826734,0.818463,0.817441,0.798477,0.808498,0.827690,0.846388,0.799110,0.816950,0.812025,0.851442,0.776002,0.773821,0.796623,0.836401,0.840507,0.834627,0.808654,0.806654,0.809671,0.810740,0.846676,0.842307,0.842416,0.820152,0.808942,0.836050,0.855740,0.841393,0.831762,0.806189,0.803602,0.783003,0.783476,0.841896,0.823132,0.811611,0.801226,0.800524,0.827951,0.768938,0.810011,0.843093,0.812753,0.867229,0.808883,0.794528,0.852027,0.801348,0.848678,0.804072,0.830665,0.801428,0.797658,0.819081,0.850325,0.814592,0.799887,0.803463,0.802900,0.786910,0.810651,0.822453,0.815214,0.826278,0.834698,0.818427,0.849826,0.830108,0.823643,0.851128,0.806080,0.795478,0.824524,0.818422,0.813890,0.793340,0.839913,0.824841,0.783833,0.819764,0.791808,0.808098,0.780361,0.792345,0.793019,0.824956,0.816319,0.789929,0.799865,0.818355,0.833583,0.809727,#
5,0.844214,0.845966,0.832760,0.823113,0.836203,1.000000,0.786870,0.839293,0.826181,0.809140,0.818355,0.821932,0.796330,0.813657,0.812443,0.824404,0.828649,0.848055,0.808798,0.860439,0.835491,0.802673,0.815038,0.850405,0.815266,0.831891,0.864384,0.847577,0.797596,0.825052,0.852835,0.864713,0.850103,0.851806,0.796913,0.846681,0.812285,0.812349,0.830208,0.826547,0.833822,0.810216,0.793990,0.827538,0.833956,0.838499,0.861455,0.864693,0.853340,0.821583,0.838905,0.812872,0.837643,0.855391,0.813666,0.885988,0.837179,0.833780,0.861753,0.845176,0.801973,0.833587,0.829824,0.844006,0.838165,0.814195,0.827116,0.837841,0.826225,0.821283,0.845044,0.825640,0.876267,0.811530,0.826340,0.822882,0.840383,0.856749,0.832714,0.836298,0.867209,0.836532,0.861680,0.841527,0.816300,0.849539,0.834882,0.849411,0.845884,0.822986,0.810101,0.808859,0.849480,0.849570,0.818115,0.782325,0.821290,0.822436,0.867563,0.824936,0.861624,0.838695,0.844720,0.838340,0.823786,0.842181,0.841815,0.853493,0.813643,0.822097,0.809553,0.840529,0.819941,0.800166,0.790985,0.816568,0.835124,0.838819,0.809493,0.782243,0.805147,0.857683,0.831588,0.865984,0.805064,0.813878,0.856349,0.807231,0.809692,0.828604,0.832842,0.869599,0.857973,0.854769,0.840413,0.829849,0.831731,0.835269,0.810447,0.799222,0.825705,0.816420,0.830136,0.840864,0.868476,0.787256,0.797306,0.806339,0.841857,0.847896,0.846481,0.839959,0.822861,0.808813,0.832933,0.800071,0.863245,0.830244,0.840662,0.816658,0.826959,0.847304,0.836041,0.825410,0.840847,0.812560,0.785157,0.833491,0.832395,0.816899,0.870313,0.835986,0.821499,0.838783,0.834454,0.818393,0.827362,0.863815,0.834908,0.829847,0.842637,0.841610,0.803045,0.811372,0.830711,0.837279,0.807394,0.811113,0.822535,0.845057,0.798771,0.844115,0.796577,0.837146,0.792296,0.822438,0.793260,0.840040,0.828125,0.824115,#
6,0.836608,0.795660,0.809177,0.814425,0.824895,0.786870,1.000000,0.792741,0.827480,0.801467,0.797376,0.810354,0.805356,0.829010,0.773634,0.822950,0.823181,0.850139,0.811357,0.800326,0.854146,0.809501,0.779269,0.826123,0.807343,0.808707,0.819885,0.808527,0.801084,0.835661,0.812946,0.832304,0.828771,0.816110,0.807585,0.834610,0.798679,0.804029,0.805904,0.836078,0.820363,0.815876,0.841249,0.804237,0.835289,0.772137,0.832304,0.806826,0.854585,0.839301,0.828532,0.841043,0.836359,0.779600,0.841363,0.822599,0.830551,0.843655,0.837719,0.781030,0.835889,0.804273,0.801025,0.794760,0.864730,0.815214,0.858526,0.814091,0.812967,0.796477,0.820465,0.831541,0.832828,0.831773,0.805189,0.813689,0.825192,0.815730,0.832118,0.806454,0.838927,0.828801,0.821298,0.829230,0.814877,0.821764,0.811091,0.810731,0.813273,0.824952,0.789668,0.804359,0.784688,0.814389,0.807952,0.797431,0.826433,0.807871,0.809342,0.826725,0.831268,0.822787,0.827068,0.812124,0.817912,0.775658,0.825476,0.809538,0.806625,0.773915,0.782070,0.797759,0.785358,0.799824,0.790622,0.791288,0.809480,0.818919,0.790388,0.794702,0.805320,0.827119,0.796917,0.854680,0.831647,0.833643,0.788042,0.807530,0.769526,0.814034,0.820689,0.819636,0.810651,0.788044,0.826475,0.822356,0.834882,0.794406,0.835329,0.824282,0.820102,0.834226,0.778436,0.800443,0.798909,0.815127,0.802469,0.791561,0.813704,0.800667,0.818837,0.844285,0.782142,0.767959,0.807520,0.781716,0.824001,0.795033,0.828215,0.821923,0.808474,0.828356,0.800908,0.818337,0.815365,0.821488,0.844441,0.749025,0.819285,0.803127,0.835241,0.819330,0.779596,0.788235,0.820437,0.828972,0.809801,0.838249,0.808990,0.795718,0.818834,0.819251,0.818629,0.820496,0.810529,0.807030,0.779898,0.799075,0.775785,0.806440,0.777482,0.813301,0.791150,0.815380,0.820041,0.811516,0.811646,0.836627,0.811718,0.804014,#
7,0.835252,0.830242,0.831108,0.827073,0.817883,0.839293,0.792741,1.000000,0.864737,0.802473,0.816450,0.819308,0.809875,0.831945,0.836164,0.794683,0.831339,0.840566,0.828779,0.828413,0.845327,0.813717,0.857572,0.831215,0.820528,0.838368,0.830170,0.835163,0.812215,0.837752,0.800072,0.844606,0.813915,0.829267,0.809794,0.826014,0.826488,0.822475,0.838142,0.829835,0.816851,0.824691,0.820242,0.825721,0.823940,0.823284,0.849595,0.849819,0.832450,0.815980,0.841182,0.821308,0.839645,0.860717,0.844041,0.837358,0.823327,0.839560,0.831814,0.838340,0.796558,0.827701,0.827903,0.817674,0.848603,0.835148,0.846176,0.825892,0.839884,0.825368,0.837254,0.781284,0.876127,0.836855,0.853492,0.815195,0.833701,0.821251,0.831693,0.822013,0.863754,0.830195,0.856989,0.832086,0.831009,0.839875,0.853961,0.829895,0.816233,0.829961,0.798844,0.837268,0.833352,0.823192,0.844570,0.798119,0.822019,0.843197,0.846739,0.831861,0.844924,0.810246,0.809700,0.819285,0.823655,0.821441,0.821617,0.840994,0.824612,0.798714,0.861596,0.810589,0.839849,0.820943,0.819713,0.826240,0.806023,0.804565,0.808444,0.821632,0.824350,0.841754,0.808013,0.857204,0.847607,0.819734,0.819373,0.836539,0.791878,0.807640,0.824005,0.825800,0.854100,0.807059,0.845893,0.861785,0.834031,0.835878,0.794807,0.816351,0.811227,0.823273,0.839294,0.813971,0.825663,0.812189,0.817956,0.768629,0.842394,0.822281,0.814826,0.839002,0.827876,0.803410,0.822687,0.837280,0.841972,0.837500,0.835837,0.825831,0.837743,0.799933,0.857872,0.813301,0.812552,0.823741,0.829395,0.782457,0.803575,0.800495,0.862128,0.839711,0.822815,0.842697,0.830471,0.814760,0.818308,0.832292,0.818970,0.814530,0.831237,0.823520,0.812743,0.820009,0.804206,0.838155,0.802182,0.776318,0.821191,0.857260,0.825723,0.824578,0.797184,0.799419,0.825939,0.822113,0.809546,0.858525,0.836651,0.821680,#
8,0.824655,0.846739,0.836036,0.849621,0.810194,0.826181,0.827480,0.864737,1.000000,0.840559,0.811701,0.836792,0.810915,0.848895,0.832593,0.838787,0.809563,0.859179,0.810493,0.841069,0.846179,0.859338,0.826563,0.833216,0.813122,0.839069,0.841002,0.835020,0.830915,0.832979,0.822600,0.851866,0.829380,0.829328,0.792858,0.858204,0.817943,0.834894,0.821801,0.839712,0.811603,0.827858,0.869620,0.817778,0.819585,0.795626,0.832293,0.843260,0.846331,0.830282,0.857367,0.855008,0.812144,0.854269,0.833061,0.860950,0.836600,0.852668,0.812883,0.819076,0.840638,0.829768,0.861827,0.819427,0.861926,0.853662,0.850746,0.837898,0.854955,0.838464,0.837780,0.824821,0.874007,0.844429,0.835805,0.813458,0.833123,0.840557,0.836836,0.835965,0.858810,0.837608,0.845906,0.830626,0.850014,0.846427,0.817163,0.847776,0.799956,0.818804,0.825588,0.819265,0.828242,0.834490,0.839043,0.809638,0.826790,0.830976,0.861599,0.844588,0.851721,0.810941,0.833333,0.855770,0.815763,0.836675,0.836754,0.851003,0.805565,0.829056,0.820763,0.834201,0.836889,0.809483,0.810112,0.847497,0.812397,0.822534,0.816859,0.836262,0.808697,0.833401,0.821236,0.853706,0.831503,0.843807,0.813095,0.824155,0.815935,0.835865,0.811722,0.836300,0.849050,0.832538,0.860484,0.835586,0.829125,0.818531,0.812751,0.832911,0.821322,0.845610,0.842958,0.806788,0.822955,0.802326,0.822386,0.810347,0.846965,0.825490,0.824878,0.848006,0.811781,0.854523,0.836803,0.816507,0.840467,0.850095,0.850074,0.844394,0.820347,0.813061,0.852743,0.832650,0.818570,0.819160,0.829548,0.804993,0.840048,0.816461,0.856332,0.836104,0.816152,0.834884,0.857723,0.823106,0.825492,0.861270,0.828852,0.799551,0.826398,0.846956,0.803535,0.835811,0.839863,0.825511,0.833437,0.796670,0.816494,0.850155,0.835414,0.833728,0.852316,0.829975,0.824355,0.804869,0.804415,0.838378,0.835471,0.845158,#
9,0.805362,0.821980,0.814677,0.830782,0.816446,0.809140,0.801467,0.802473,0.840559,1.000000,0.800133,0.805085,0.798283,0.817325,0.827940,0.817269,0.807173,0.819145,0.829391,0.805178,0.851708,0.809476,0.812578,0.855127,0.793366,0.787248,0.821242,0.849467,0.800581,0.825137,0.797798,0.846120,0.830464,0.830878,0.798723,0.829537,0.797448,0.799778,0.825349,0.830720,0.829421,0.806978,0.815357,0.793837,0.826298,0.780703,0.818242,0.821717,0.799294,0.800905,0.807709,0.808958,0.788506,0.807527,0.823288,0.827117,0.820090,0.858788,0.802910,0.808826,0.818747,0.807339,0.817817,0.798506,0.829413,0.846350,0.840497,0.825819,0.833149,0.800079,0.829594,0.804228,0.841466,0.798867,0.820146,0.795357,0.811953,0.849919,0.828625,0.851649,0.820857,0.825498,0.819819,0.842204,0.840695,0.810203,0.804959,0.864234,0.796743,0.784878,0.807732,0.808966,0.817413,0.807151,0.823840,0.779316,0.804943,0.805549,0.830259,0.810359,0.851843,0.825194,0.831345,0.819962,0.824048,0.831090,0.816879,0.828398,0.833261,0.828281,0.822107,0.823699,0.838085,0.814506,0.768830,0.841649,0.762922,0.800186,0.765278,0.782439,0.781384,0.823798,0.815091,0.843271,0.826544,0.803312,0.816088,0.792637,0.825863,0.809646,0.807016,0.836689,0.821845,0.835502,0.839525,0.806465,0.809466,0.798384,0.792173,0.813379,0.819917,0.852506,0.818516,0.828906,0.809344,0.810918,0.815150,0.799211,0.816226,0.807828,0.790794,0.799979,0.809905,0.811388,0.829605,0.801457,0.809550,0.819130,0.826482,0.819178,0.822377,0.829532,0.818469,0.820126,0.810682,0.822052,0.796781,0.791343,0.852064,0.799809,0.838778,0.830648,0.795970,0.804091,0.831011,0.847719,0.814370,0.851526,0.796643,0.822117,0.823302,0.809076,0.813982,0.792396,0.811250,0.833817,0.768039,0.781404,0.842327,0.797454,0.801245,0.818115,0.795859,0.793606,0.789945,0.785923,0.805799,0.829200,0.796557,0.794198,#
10,0.828151,0.831169,0.814180,0.821282,0.793524,0.818355,0.797376,0.816450,0.811701,0.800133,1.000000,0.816208,0.758202,0.796239,0.777901,0.805740,0.814016,0.800468,0.802575,0.800781,0.821416,0.780846,0.813463,0.852385,0.777163,0.791344,0.815158,0.838066,0.788040,0.819916,0.805220,0.828801,0.819350,0.831378,0.799140,0.826899,0.798700,0.814439,0.813851,0.800976,0.822234,0.790002,0.800589,0.779302,0.813560,0.810861,0.848791,0.832813,0.833957,0.852889,0.795366,0.835235,0.819998,0.779790,0.827326,0.838972,0.818692,0.833780,0.786484,0.808178,0.818393,0.813685,0.841624,0.819173,0.839705,0.785362,0.836402,0.790274,0.823436,0.803530,0.831856,0.822511,0.861238,0.768996,0.809062,0.823761,0.800194,0.831628,0.820224,0.800319,0.853709,0.818328,0.821655,0.808677,0.823834,0.800114,0.807911,0.815940,0.800930,0.847950,0.793302,0.829866,0.832917,0.797096,0.798861,0.801178,0.767389,0.805356,0.836359,0.835603,0.817910,0.798044,0.794282,0.831579,0.837055,0.794646,0.821550,0.816139,0.802747,0.794347,0.786714,0.795534,0.823557,0.797463,0.774248,0.837192,0.774983,0.814484,0.796071,0.785523,0.791380,0.838146,0.777767,0.835600,0.772359,0.801889,0.826805,0.806627,0.804963,0.812802,0.772480,0.819354,0.798425,0.805280,0.837190,0.855984,0.797954,0.798231,0.796405,0.831752,0.840159,0.811993,0.772409,0.802896,0.780538,0.774843,0.805290,0.773415,0.821150,0.805080,0.794351,0.806130,0.814081,0.789307,0.818708,0.774028,0.851535,0.832058,0.809154,0.786349,0.833837,0.792758,0.806739,0.818708,0.797904,0.790924,0.818106,0.784909,0.826989,0.830633,0.818704,0.808558,0.763143,0.804709,0.834674,0.802188,0.810090,0.837466,0.772421,0.821961,0.787296,0.787107,0.811629,0.789746,0.775444,0.820483,0.781649,0.784302,0.767228,0.821100,0.801094,0.785489,0.804613,0.813965,0.820246,0.796713,0.786275,0.838592,0.798030,0.819645,#
11,0.847656,0.841517,0.806722,0.834714,0.837681,0.821932,0.810354,0.819308,0.836792,0.805085,0.816208,1.000000,0.826357,0.826500,0.824102,0.811168,0.824109,0.866683,0.854160,0.819741,0.832900,0.811015,0.837263,0.828476,0.811026,0.814402,0.813203,0.822320,0.822254,0.808486,0.829573,0.851450,0.841370,0.835728,0.786477,0.831488,0.839590,0.846541,0.812220,0.846333,0.834833,0.801225,0.835125,0.807994,0.818001,0.798340,0.879696,0.852071,0.834561,0.844098,0.826672,0.825783,0.855768,0.823607,0.844124,0.843633,0.807077,0.856980,0.823388,0.821104,0.807114,0.806221,0.851219,0.799696,0.844893,0.828203,0.839028,0.829881,0.849139,0.831060,0.849766,0.812403,0.851297,0.827171,0.855244,0.799414,0.845968,0.844284,0.816444,0.795495,0.843761,0.831608,0.847910,0.824496,0.860187,0.824668,0.797957,0.810657,0.805289,0.801433,0.823288,0.832058,0.823784,0.817812,0.814174,0.841023,0.798420,0.812272,0.821583,0.827812,0.817313,0.832658,0.836968,0.824995,0.843386,0.827326,0.829498,0.851435,0.844846,0.811642,0.833215,0.840498,0.842934,0.791843,0.778945,0.832917,0.810985,0.826953,0.802247,0.820068,0.780931,0.840109,0.824561,0.846802,0.824675,0.810590,0.826529,0.809912,0.822174,0.847610,0.832392,0.827190,0.844284,0.836009,0.842089,0.833052,0.849232,0.819700,0.820158,0.828880,0.816245,0.820806,0.823415,0.842588,0.835262,0.784616,0.827341,0.797188,0.826303,0.837806,0.815010,0.818449,0.822943,0.838162,0.851119,0.798262,0.842550,0.818282,0.823743,0.808557,0.832755,0.829412,0.850683,0.827473,0.839706,0.798609,0.842687,0.777216,0.830820,0.849450,0.848883,0.819907,0.837382,0.857657,0.829496,0.819685,0.832954,0.842131,0.797056,0.829436,0.825442,0.804138,0.840720,0.800853,0.840158,0.800802,0.804833,0.818801,0.802633,0.819447,0.831391,0.825658,0.827557,0.815644,0.816342,0.808886,0.811212,0.840093,0.817949,0.816452,#
12,0.814449,0.819099,0.771136,0.809642,0.798216,0.796330,0.805356,0.809875,0.810915,0.798283,0.758202,0.826357,1.000000,0.820510,0.815671,0.786384,0.809204,0.833574,0.826841,0.806086,0.825290,0.782817,0.824131,0.836016,0.789681,0.814461,0.801139,0.811091,0.814206,0.789404,0.792585,0.816811,0.816491,0.820512,0.805614,0.815582,0.797975,0.805203,0.806889,0.823886,0.761761,0.761446,0.802321,0.813867,0.813855,0.803554,0.841722,0.798162,0.814444,0.801150,0.852362,0.781465,0.797909,0.815784,0.832839,0.831305,0.792835,0.818858,0.802842,0.779001,0.783682,0.804726,0.791234,0.781492,0.837941,0.816148,0.802652,0.799702,0.831345,0.810732,0.812067,0.788533,0.842484,0.798141,0.832079,0.807706,0.822122,0.811579,0.810650,0.814193,0.828943,0.807955,0.827009,0.821104,0.779683,0.824729,0.782175,0.805916,0.799026,0.774310,0.793024,0.785033,0.820588,0.775475,0.785252,0.810888,0.837032,0.806523,0.781492,0.794227,0.775081,0.820497,0.805605,0.836750,0.778035,0.788034,0.782661,0.799725,0.813769,0.800106,0.811627,0.789656,0.809152,0.778376,0.821559,0.805149,0.774264,0.783291,0.789665,0.773354,0.784786,0.831553,0.788231,0.839002,0.812994,0.809732,0.797887,0.761738,0.765828,0.799360,0.774426,0.788119,0.782997,0.797189,0.799239,0.800108,0.802005,0.818249,0.803566,0.769493,0.814501,0.825938,0.795426,0.808418,0.781803,0.805708,0.815094,0.763896,0.814663,0.824398,0.799737,0.809832,0.808422,0.760816,0.819264,0.826034,0.829452,0.814776,0.826286,0.785950,0.808207,0.832583,0.824470,0.804889,0.834389,0.761491,0.793091,0.813343,0.776439,0.787677,0.823698,0.803393,0.800738,0.809907,0.802852,0.790487,0.830255,0.836697,0.783565,0.759457,0.795341,0.820687,0.797113,0.774634,0.758449,0.808068,0.776587,0.809754,0.808172,0.804559,0.774803,0.792771,0.760903,0.796607,0.774602,0.808701,0.787627,0.822537,0.824980,0.766104,#
13,0.818232,0.816704,0.825599,0.815270,0.827469,0.813657,0.829010,0.831945,0.848895,0.817325,0.796239,0.826500,0.820510,1.000000,0.804850,0.801701,0.799453,0.867985,0.839917,0.820302,0.841501,0.817635,0.850069,0.829597,0.805583,0.821522,0.816171,0.846414,0.834361,0.857561,0.793556,0.836822,0.855595,0.848010,0.769846,0.824002,0.808575,0.840100,0.823927,0.844118,0.851366,0.818630,0.838070,0.812984,0.848436,0.817512,0.836728,0.845133,0.859736,0.834769,0.844860,0.853591,0.819375,0.828139,0.857314,0.867444,0.834077,0.856058,0.820873,0.825385,0.825066,0.816724,0.820642,0.822051,0.862846,0.830248,0.843996,0.827373,0.856581,0.814439,0.811227,0.814825,0.842397,0.845163,0.851097,0.818293,0.827317,0.840922,0.852541,0.839400,0.844543,0.834890,0.867566,0.839190,0.826968,0.841149,0.794317,0.807481,0.839935,0.822745,0.808738,0.813960,0.833954,0.834348,0.821168,0.794486,0.821537,0.808841,0.828889,0.855055,0.836985,0.825762,0.833936,0.855912,0.828845,0.852164,0.819188,0.845945,0.819810,0.808317,0.829066,0.831040,0.832265,0.826173,0.820911,0.836500,0.786649,0.848471,0.830157,0.813159,0.814150,0.838415,0.803030,0.818904,0.815890,0.800862,0.830781,0.793760,0.807369,0.820448,0.822616,0.815146,0.827923,0.822836,0.853129,0.832233,0.818972,0.830956,0.856833,0.808616,0.812334,0.858287,0.853200,0.809999,0.790614,0.812491,0.840469,0.799903,0.842236,0.817629,0.825581,0.853655,0.809802,0.814097,0.836244,0.820275,0.838581,0.819218,0.851603,0.804829,0.842681,0.827488,0.835567,0.838640,0.828369,0.818266,0.832302,0.796802,0.844023,0.805317,0.844297,0.841224,0.849395,0.830900,0.857358,0.834429,0.833944,0.873160,0.825171,0.819993,0.814114,0.831143,0.844854,0.809388,0.829488,0.835791,0.798737,0.816104,0.781145,0.814682,0.834802,0.824938,0.829816,0.836762,0.840089,0.799935,0.813624,0.839455,0.834855,0.801056,#
14,0.827845,0.820797,0.807902,0.817204,0.807127,0.812443,0.773634,0.836164,0.832593,0.827940,0.777901,0.824102,0.815671,0.804850,1.000000,0.811319,0.801250,0.800981,0.799240,0.801522,0.826555,0.810588,0.812799,0.849391,0.796165,0.768911,0.817679,0.809129,0.820703,0.816416,0.817067,0.826782,0.806844,0.802885,0.805717,0.821875,0.776016,0.815157,0.828659,0.794205,0.783557,0.780351,0.814004,0.808708,0.813421,0.797925,0.816163,0.809264,0.782423,0.790019,0.798579,0.812112,0.796731,0.843924,0.821710,0.819166,0.799078,0.819639,0.814480,0.786575,0.803648,0.823857,0.818190,0.805090,0.810803,0.794947,0.800666,0.801461,0.819881,0.820385,0.806635,0.780382,0.849271,0.807456,0.836586,0.784265,0.829343,0.828319,0.802771,0.788166,0.830131,0.823469,0.841042,0.833186,0.818575,0.817148,0.781154,0.822305,0.803289,0.761691,0.772019,0.768734,0.826819,0.836930,0.815595,0.798242,0.837593,0.803579,0.819134,0.796410,0.825281,0.811941,0.822140,0.785470,0.800734,0.802773,0.791067,0.802131,0.799539,0.805902,0.819621,0.814381,0.820231,0.795630,0.764682,0.820791,0.780801,0.783406,0.781877,0.779698,0.800430,0.832387,0.795169,0.828758,0.824846,0.763530,0.812861,0.827471,0.761713,0.814057,0.784552,0.824121,0.806708,0.806013,0.821073,0.823301,0.809492,0.806103,0.802572,0.798143,0.798041,0.818345,0.778956,0.817821,0.782068,0.823611,0.826776,0.769743,0.821231,0.785783,0.811701,0.804023,0.793577,0.799816,0.831801,0.798576,0.813039,0.813435,0.788813,0.791428,0.807183,0.798376,0.818714,0.793305,0.794776,0.789971,0.794538,0.772842,0.786493,0.828195,0.815101,0.792707,0.814577,0.825276,0.829893,0.817946,0.811985,0.827310,0.790111,0.783958,0.811910,0.832452,0.803352,0.789879,0.794463,0.799759,0.792455,0.769221,0.783710,0.801295,0.767041,0.783853,0.818263,0.820245,0.791463,0.779621,0.791963,0.807981,0.794622,0.755671,#
15,0.821690,0.815545,0.803955,0.822083,0.829477,0.824404,0.822950,0.794683,0.838787,0.817269,0.805740,0.811168,0.786384,0.801701,0.811319,1.000000,0.797110,0.842099,0.806666,0.805219,0.817989,0.825388,0.819527,0.828032,0.806114,0.793148,0.798630,0.801002,0.815047,0.819713,0.822588,0.843072,0.828878,0.840558,0.770328,0.849354,0.814330,0.823276,0.825262,0.799069,0.791344,0.782282,0.820432,0.798708,0.838515,0.791815,0.827177,0.826693,0.829185,0.824723,0.804992,0.841854,0.794901,0.808162,0.827612,0.816605,0.824842,0.810634,0.817467,0.794632,0.830951,0.814111,0.816206,0.820453,0.823010,0.832143,0.818240,0.811012,0.804900,0.774908,0.821017,0.786739,0.807814,0.801173,0.823884,0.806841,0.829349,0.817239,0.829317,0.803759,0.837356,0.812153,0.817009,0.824535,0.843360,0.816097,0.779614,0.835647,0.800049,0.785137,0.784602,0.798879,0.825347,0.823089,0.784295,0.799297,0.794845,0.800131,0.808371,0.818685,0.833937,0.804391,0.830765,0.829622,0.799679,0.795673,0.806284,0.829565,0.789489,0.824687,0.783270,0.792534,0.824803,0.802283,0.772346,0.799990,0.778368,0.808463,0.780128,0.819651,0.786736,0.825449,0.798036,0.832124,0.786308,0.810396,0.822400,0.790541,0.796436,0.851912,0.790394,0.793711,0.795302,0.785839,0.819737,0.815329,0.811057,0.771988,0.788476,0.804732,0.794323,0.807627,0.790303,0.797689,0.802716,0.802083,0.786481,0.779723,0.813249,0.794103,0.822345,0.819801,0.818740,0.799767,0.811394,0.779105,0.848651,0.808094,0.812907,0.817268,0.789702,0.823166,0.844183,0.786727,0.807965,0.799900,0.815306,0.795512,0.825675,0.801336,0.796451,0.825697,0.758275,0.829691,0.806955,0.845818,0.818777,0.837781,0.806469,0.803388,0.810368,0.819976,0.801974,0.821533,0.813452,0.796372,0.758469,0.780479,0.759680,0.811963,0.773112,0.816676,0.795354,0.790531,0.788300,0.792746,0.814504,0.815695,0.821866,0.811979,#
16,0.846835,0.821500,0.801870,0.816561,0.824260,0.828649,0.823181,0.831339,0.809563,0.807173,0.814016,0.824109,0.809204,0.799453,0.801250,0.797110,1.000000,0.835278,0.825300,0.837023,0.877795,0.807228,0.779547,0.842971,0.817911,0.824236,0.839513,0.789737,0.785627,0.821149,0.812682,0.851350,0.838962,0.811764,0.803407,0.828701,0.838049,0.822595,0.823541,0.832994,0.811383,0.809285,0.818051,0.807790,0.820071,0.815611,0.827448,0.823143,0.834158,0.838266,0.802442,0.819869,0.828560,0.839607,0.840111,0.842699,0.775911,0.837156,0.824774,0.783501,0.821359,0.836954,0.806668,0.789321,0.823331,0.806639,0.839457,0.815216,0.838665,0.830463,0.817816,0.791049,0.855153,0.813575,0.830026,0.799677,0.818955,0.838168,0.814913,0.841158,0.864060,0.828408,0.841122,0.849399,0.831938,0.831064,0.830267,0.805795,0.811802,0.823110,0.780861,0.805348,0.833124,0.804306,0.821508,0.832534,0.813930,0.823265,0.844751,0.827660,0.823213,0.811442,0.816074,0.842257,0.800312,0.846484,0.837971,0.813791,0.845447,0.801707,0.827933,0.828062,0.831222,0.803524,0.823852,0.842241,0.849626,0.832450,0.809420,0.748113,0.796215,0.835319,0.815601,0.847249,0.838080,0.817659,0.809333,0.772528,0.811203,0.810923,0.845644,0.816379,0.819568,0.787103,0.844132,0.858494,0.819697,0.800021,0.796655,0.810407,0.818141,0.829881,0.817436,0.818562,0.789193,0.787616,0.830534,0.801578,0.841209,0.826221,0.787894,0.847720,0.789381,0.789243,0.867740,0.806222,0.847858,0.821920,0.810193,0.811073,0.814843,0.808029,0.847253,0.809363,0.820508,0.822285,0.820700,0.807687,0.818961,0.803759,0.829174,0.838795,0.821541,0.822254,0.814589,0.829560,0.802651,0.869821,0.822563,0.800388,0.806635,0.801798,0.812726,0.803118,0.803183,0.826719,0.803933,0.814198,0.813932,0.817856,0.816813,0.801967,0.816173,0.809324,0.812009,0.815889,0.817075,0.834264,0.814874,0.816975,#
17,0.857915,0.831480,0.836178,0.823495,0.844512,0.848055,0.850139,0.840566,0.859179,0.819145,0.800468,0.866683,0.833574,0.867985,0.800981,0.842099,0.835278,1.000000,0.826900,0.846195,0.854566,0.831016,0.844775,0.849223,0.847342,0.854402,0.846085,0.834823,0.818182,0.853348,0.842121,0.860811,0.836469,0.824387,0.800772,0.866355,0.826766,0.844472,0.852253,0.866051,0.848002,0.833877,0.853399,0.829416,0.834022,0.824569,0.853061,0.875871,0.859570,0.845853,0.849869,0.830813,0.842425,0.836545,0.856538,0.860613,0.834655,0.837820,0.842244,0.815339,0.830449,0.827951,0.831629,0.828189,0.856483,0.865447,0.875327,0.849742,0.838663,0.817467,0.841283,0.822160,0.840706,0.829177,0.857669,0.814264,0.859982,0.861719,0.847591,0.854247,0.865481,0.846035,0.872616,0.849101,0.835775,0.845546,0.849497,0.844705,0.834888,0.826372,0.823930,0.806717,0.850326,0.843738,0.830415,0.846109,0.832695,0.819815,0.830183,0.846619,0.858646,0.804395,0.836487,0.845232,0.814177,0.833860,0.832640,0.846209,0.825282,0.838112,0.842514,0.826131,0.833246,0.831305,0.840495,0.819870,0.799361,0.835054,0.816982,0.820062,0.827022,0.852144,0.835045,0.848395,0.824445,0.838220,0.830135,0.804989,0.814481,0.832774,0.859865,0.859707,0.862611,0.820114,0.834469,0.859274,0.851520,0.838017,0.848490,0.855329,0.843337,0.852744,0.866176,0.838452,0.851048,0.815577,0.830442,0.818171,0.864676,0.820262,0.852340,0.844073,0.828197,0.824946,0.852351,0.844586,0.876984,0.834748,0.850720,0.817584,0.833049,0.832820,0.879661,0.828584,0.849793,0.822817,0.813418,0.787710,0.848017,0.818558,0.862365,0.832407,0.840788,0.843362,0.858750,0.824183,0.847961,0.871615,0.824391,0.852193,0.847637,0.863094,0.838571,0.853451,0.853863,0.828485,0.819142,0.849598,0.791735,0.829257,0.834254,0.842545,0.827042,0.851720,0.838360,0.855008,0.814331,0.870786,0.838618,0.813115,#
18,0.835184,0.823754,0.800884,0.850347,0.822194,0.808798,0.811357,0.828779,0.810493,0.829391,0.802575,0.854160,0.826841,0.839917,0.799240,0.806666,0.825300,0.826900,1.000000,0.828012,0.828729,0.825780,0.835056,0.812894,0.806831,0.830223,0.825863,0.834553,0.818844,0.840772,0.780820,0.852164,0.836146,0.837508,0.809462,0.848920,0.809436,0.820425,0.823711,0.840097,0.830416,0.785183,0.819641,0.791743,0.853037,0.798848,0.841363,0.845290,0.819393,0.808742,0.808942,0.813419,0.846833,0.798471,0.844509,0.840267,0.813124,0.842683,0.808488,0.830235,0.830046,0.796779,0.821731,0.797547,0.858181,0.805297,0.821922,0.797354,0.787537,0.814280,0.828752,0.790037,0.853693,0.804638,0.857791,0.787302,0.844187,0.821275,0.825680,0.822448,0.836400,0.814996,0.843582,0.833282,0.838272,0.826787,0.805371,0.826303,0.815360,0.796965,0.817842,0.789411,0.832564,0.816943,0.830810,0.801538,0.830386,0.817002,0.821457,0.832399,0.838632,0.805365,0.827626,0.835664,0.818956,0.826833,0.811471,0.820571,0.815931,0.807231,0.847632,0.791005,0.848888,0.820340,0.770661,0.810170,0.799435,0.819097,0.800832,0.782694,0.803816,0.856515,0.809137,0.826441,0.825335,0.786633,0.827396,0.802257,0.835527,0.798280,0.803906,0.833279,0.824239,0.816158,0.839154,0.844619,0.841402,0.824004,0.802013,0.816976,0.806334,0.849065,0.816404,0.850745,0.808565,0.816470,0.828033,0.782240,0.833295,0.812863,0.799444,0.831539,0.833464,0.790573,0.835813,0.819474,0.833448,0.850244,0.822181,0.812382,0.838738,0.820741,0.856532,0.825136,0.816734,0.813407,0.864796,0.793618,0.813957,0.813469,0.824202,0.837805,0.831460,0.833300,0.814924,0.830737,0.821997,0.858149,0.801740,0.839717,0.803448,0.817038,0.810778,0.806102,0.809386,0.824972,0.815110,0.799017,0.795257,0.828932,0.820633,0.817778,0.790350,0.846434,0.826296,0.811665,0.794872,0.854163,0.822276,0.801585,#
19,0.834208,0.837388,0.825491,0.817243,0.849503,0.860439,0.800326,0.828413,0.841069,0.805178,0.800781,0.819741,0.806086,0.820302,0.801522,0.805219,0.837023,0.846195,0.828012,1.000000,0.838214,0.799809,0.814144,0.840233,0.806176,0.802588,0.834774,0.802296,0.802836,0.836807,0.840592,0.855358,0.830822,0.809377,0.776785,0.842451,0.806669,0.814517,0.826850,0.823607,0.828408,0.803665,0.820233,0.803293,0.814756,0.818272,0.859292,0.839259,0.846874,0.805452,0.792273,0.816369,0.813189,0.826968,0.832309,0.819355,0.838559,0.828043,0.818708,0.791222,0.821018,0.823941,0.846476,0.813307,0.839897,0.821299,0.820696,0.815539,0.815454,0.803119,0.832821,0.799990,0.855778,0.814561,0.829457,0.800665,0.816888,0.823909,0.838366,0.813996,0.842876,0.794182,0.858830,0.821604,0.817129,0.819858,0.811790,0.846908,0.840896,0.784230,0.797302,0.802377,0.823096,0.817761,0.811494,0.801912,0.821326,0.820601,0.824164,0.835092,0.843711,0.815292,0.817587,0.820695,0.811819,0.824382,0.837270,0.821764,0.819699,0.776457,0.813202,0.801002,0.823231,0.814944,0.802704,0.818229,0.830358,0.826535,0.806222,0.746796,0.812186,0.840852,0.804922,0.855699,0.838947,0.810058,0.832597,0.807716,0.834293,0.851642,0.817181,0.839782,0.826474,0.825511,0.847019,0.846131,0.824922,0.812966,0.805546,0.803450,0.810056,0.827439,0.808469,0.808860,0.812266,0.785521,0.798683,0.763090,0.844390,0.826521,0.807406,0.845501,0.811193,0.802148,0.846868,0.813649,0.852237,0.830696,0.836931,0.827119,0.820286,0.827728,0.826595,0.802725,0.826255,0.811849,0.789534,0.822058,0.821730,0.798597,0.822945,0.840832,0.833785,0.838537,0.842216,0.808706,0.829140,0.866270,0.810948,0.787282,0.784532,0.846454,0.827942,0.846135,0.828552,0.804506,0.785192,0.813239,0.814265,0.822204,0.820622,0.825495,0.789819,0.841987,0.818217,0.835088,0.783832,0.809771,0.816517,0.797571,#
20,0.841478,0.835891,0.822739,0.836019,0.856586,0.835491,0.854146,0.845327,0.846179,0.851708,0.821416,0.832900,0.825290,0.841501,0.826555,0.817989,0.877795,0.854566,0.828729,0.838214,1.000000,0.834280,0.817335,0.857206,0.830201,0.845370,0.857609,0.833831,0.820594,0.846887,0.832957,0.856173,0.840164,0.864356,0.829366,0.857842,0.836753,0.833459,0.853181,0.858730,0.836839,0.853831,0.827863,0.845337,0.857631,0.813534,0.860680,0.838481,0.833073,0.826553,0.835359,0.855473,0.833109,0.845910,0.855271,0.851602,0.823935,0.859449,0.838385,0.818978,0.850661,0.827774,0.856597,0.806677,0.866811,0.843449,0.865227,0.823657,0.838283,0.831235,0.848734,0.825646,0.848276,0.828964,0.847871,0.797917,0.820562,0.842947,0.849593,0.860307,0.862715,0.865046,0.859376,0.854648,0.823251,0.836457,0.834782,0.833833,0.834653,0.854201,0.831213,0.826304,0.841073,0.855018,0.848581,0.822488,0.818505,0.818243,0.845074,0.840674,0.867497,0.835480,0.842245,0.854403,0.843623,0.814773,0.863300,0.850830,0.826945,0.855179,0.833693,0.847852,0.823198,0.793846,0.837151,0.839131,0.837742,0.861577,0.791225,0.793749,0.848628,0.853882,0.821993,0.878281,0.824395,0.833634,0.821734,0.804349,0.834755,0.848709,0.857778,0.830025,0.858872,0.849080,0.857599,0.847548,0.823199,0.832173,0.841863,0.848909,0.824470,0.841419,0.837874,0.838162,0.828958,0.811214,0.840796,0.807054,0.830448,0.858662,0.836389,0.858166,0.831278,0.821589,0.863443,0.819265,0.839948,0.839166,0.854313,0.832555,0.830810,0.840145,0.845069,0.836080,0.857831,0.797663,0.817270,0.811470,0.828558,0.819552,0.852724,0.839765,0.854384,0.834713,0.835459,0.830376,0.821534,0.871911,0.831898,0.833213,0.831869,0.820926,0.834228,0.811070,0.814622,0.843550,0.809617,0.835462,0.807815,0.830708,0.798952,0.819974,0.836499,0.850330,0.838841,0.799288,0.819355,0.854679,0.850728,0.835941,#
21,0.802409,0.854822,0.811336,0.852884,0.825637,0.802673,0.809501,0.813717,0.859338,0.809476,0.780846,0.811015,0.782817,0.817635,0.810588,0.825388,0.807228,0.831016,0.825780,0.799809,0.834280,1.000000,0.825876,0.838281,0.784343,0.799670,0.838448,0.794091,0.820996,0.803391,0.807960,0.813890,0.843696,0.836583,0.809654,0.852875,0.816996,0.824312,0.831608,0.818630,0.804816,0.827283,0.810594,0.815012,0.821592,0.805436,0.812746,0.823774,0.820679,0.796790,0.809040,0.831259,0.816318,0.798657,0.842225,0.830186,0.812949,0.817434,0.836009,0.781403,0.821366,0.809583,0.784784,0.784014,0.855009,0.821705,0.828386,0.814822,0.808547,0.823294,0.825708,0.820357,0.844297,0.829842,0.861478,0.811808,0.817503,0.816298,0.824538,0.837690,0.822951,0.804910,0.852510,0.817404,0.850817,0.823258,0.794462,0.823856,0.819360,0.819557,0.774276,0.773879,0.826557,0.820884,0.820666,0.807297,0.819304,0.790776,0.805581,0.838097,0.824917,0.821987,0.795097,0.826139,0.799347,0.833175,0.800947,0.820198,0.797084,0.831965,0.837053,0.790896,0.820512,0.827864,0.763537,0.792834,0.816815,0.834334,0.779688,0.798081,0.809559,0.829108,0.803379,0.825678,0.812518,0.780690,0.814064,0.819226,0.801302,0.833553,0.829255,0.836184,0.827201,0.810727,0.841314,0.809216,0.790296,0.772286,0.802619,0.823244,0.819326,0.836360,0.795595,0.813202,0.797764,0.805639,0.805688,0.777045,0.815467,0.804702,0.829000,0.839862,0.800630,0.816826,0.824104,0.816565,0.824998,0.808432,0.808521,0.813058,0.811861,0.830930,0.843878,0.829660,0.846148,0.795081,0.833583,0.787538,0.784166,0.801228,0.829613,0.813816,0.805771,0.804513,0.816425,0.817585,0.766481,0.840157,0.806430,0.799761,0.800973,0.843854,0.796891,0.803930,0.818179,0.831847,0.800601,0.764366,0.765926,0.819285,0.811446,0.794708,0.810894,0.817273,0.817070,0.784974,0.821946,0.832406,0.785942,0.807469,#
