0,1.000000,0.185980,0.290002,0.247584,0.272506,0.216092,0.194823,0.114343,0.276522,0.207427,0.269315,0.187515,0.184328,0.059714,0.349422,0.319336,0.311161,0.366061,0.319324,0.388422,0.280298,0.246254,0.242090,0.380827,0.231011,0.217166,0.301199,0.189942,0.259504,0.303810,0.156894,0.245062,0.189098,0.197259,0.183656,0.319167,0.250341,0.186795,0.347322,0.327646,0.251651,0.286985,0.222878,0.277591,0.134152,0.241458,0.186703,0.319711,0.227074,0.357560,0.232576,0.238994,0.225464,0.254799,0.318167,0.248153,0.309783,0.277225,0.193687,0.231125,0.316710,0.227787,0.282141,0.181131,0.233167,0.180099,0.239157,0.235740,0.211160,0.278333,0.263049,0.185028,0.354969,0.275753,0.166656,0.017202,0.318610,0.327063,0.252570,0.110521,0.233903,0.143274,0.205738,0.277359,0.343901,0.207514,0.338022,0.220914,0.398255,0.171052,0.253948,0.110638,0.255222,0.242754,0.289512,0.349380,0.366580,0.156033,0.249779,0.297670,0.299026,0.286618,0.169821,0.306112,0.242111,0.243230,0.360056,0.262163,0.229468,0.112603,0.139478,0.208855,0.230923,0.271716,0.226072,0.224190,0.272874,0.194967,0.162487,0.132357,0.326931,0.280950,0.320062,0.249020,0.284604,0.331559,0.267201,0.110214,0.162479,0.268411,0.285903,0.226284,0.297269,0.188121,0.230105,0.214240,0.274283,0.210837,0.128570,0.311091,0.274768,0.239861,0.192747,0.201570,0.256528,0.253861,0.166076,0.167595,0.317300,0.187387,0.106064,0.245899,0.256133,0.165470,0.232738,0.250069,0.207391,0.204019,0.260694,0.279439,0.270012,0.381085,0.141291,0.103313,0.244465,0.204461,0.218050,0.267810,0.279933,0.247491,0.283539,0.011322,0.332261,0.283012,0.086079,0.299628,0.363006,0.278390,0.208283,0.151630,0.222577,0.346783,0.118077,0.136667,0.214580,0.188068,0.261165,0.370656,0.328752,0.108481,0.250129,0.330625,0.176046,0.206449,0.381613,0.176212,0.098398,0.237698,0.390532,0.310126,#
1,0.185980,1.000000,0.272932,0.302439,0.318121,0.250009,0.375314,0.277035,0.335524,0.224570,0.408255,0.360893,0.222880,0.220342,0.160696,0.151860,0.211537,0.281089,0.191558,0.301103,0.201420,0.300416,0.170878,0.244099,0.300962,0.277000,0.274584,0.378670,0.108412,0.303829,0.320770,0.260058,0.225575,0.264471,0.131017,0.233666,0.169144,0.195932,0.382087,0.224525,0.222930,0.253441,0.336819,0.253293,0.215323,0.304521,0.394732,0.269114,0.215726,0.207390,0.310095,0.255086,0.358549,0.287567,0.248205,0.325294,0.239363,0.203774,0.297925,0.279438,0.249301,0.262179,0.306828,0.233921,0.224040,0.324065,0.222227,0.301268,0.316829,0.275706,0.305243,0.232270,0.406888,0.224621,0.279580,0.160718,0.290283,0.299374,0.383207,0.219126,0.211650,0.415123,0.272877,0.300748,0.304124,0.082637,0.349354,0.285437,0.284278,0.253243,0.259891,0.330564,0.186901,0.299691,0.198188,0.282553,0.250274,0.190914,0.202959,0.199869,0.307885,0.198095,0.243002,0.229025,0.198247,0.248277,0.278740,0.343192,0.226585,0.259927,0.313780,0.261729,0.187697,0.243352,0.327282,0.374808,0.303786,0.178757,0.260874,0.203164,0.124952,0.301005,0.339603,0.307248,0.274114,0.269232,0.220481,0.252950,0.257597,0.261036,0.196989,0.276926,0.245612,0.287436,0.416691,0.300993,0.275575,0.329576,0.191111,0.325519,0.278487,0.172428,0.169806,0.250720,0.364201,0.223021,0.195874,0.166319,0.307509,0.224034,0.275757,0.251347,0.180568,0.083207,0.305225,0.331587,0.208599,0.240416,0.141122,0.100696,0.099377,0.335475,0.276596,0.285719,0.321200,0.221465,0.196429,0.169350,0.263535,0.388206,0.297563,0.262740,0.227555,0.178603,0.286338,0.275670,0.184291,0.306626,0.257775,0.160819,0.215249,0.212088,0.297814,0.168461,0.348958,0.219067,0.207913,0.115277,0.290265,0.320951,0.364375,0.332138,0.161195,0.239100,0.289364,0.243383,0.060506,0.307064,0.185909,0.291816,#
2,0.290002,0.272932,1.000000,0.319983,0.319481,0.253282,0.323116,0.291655,0.212098,0.249359,0.341767,0.424472,0.208601,0.297318,0.190028,0.314299,0.230152,0.244456,0.241292,0.314015,0.399937,0.385294,0.188010,0.272100,0.310374,0.388073,0.381104,0.277619,0.182906,0.335589,0.234688,0.195390,0.172431,0.198633,0.186629,0.287003,0.289929,0.190535,0.313232,0.197082,0.370032,0.341818,0.283640,0.202102,0.211003,0.353200,0.250187,0.308833,0.150841,0.282179,0.295065,0.418244,0.305867,0.239606,0.173819,0.268192,0.248998,0.221979,0.247782,0.334674,0.249853,0.230847,0.287328,0.257167,0.383465,0.331467,0.263482,0.194713,0.295080,0.346150,0.264066,0.263377,0.237249,0.237162,0.336681,0.228965,0.276525,0.295280,0.291898,0.216373,0.355580,0.131002,0.198741,0.176317,0.331853,0.226389,0.408191,0.286306,0.289856,0.198316,0.218014,0.303720,0.332032,0.313251,0.240116,0.275729,0.314319,0.242085,0.302708,0.229859,0.337837,0.280225,0.170175,0.320711,0.227667,0.301778,0.334918,0.357323,0.249814,0.323960,0.290922,0.299277,0.373324,0.262944,0.263958,0.387341,0.264731,0.258459,0.049416,0.164984,0.265109,0.315557,0.251609,0.259693,0.272777,0.208429,0.347212,0.236604,0.239631,0.297054,0.201379,0.352927,0.293851,0.193716,0.363073,0.322077,0.241277,0.295087,0.117838,0.150705,0.211333,0.235492,0.270019,0.192236,0.430332,0.223271,0.130022,0.217098,0.303082,0.208044,0.247789,0.381974,0.337903,0.268565,0.224028,0.218380,0.164417,0.121157,0.250960,0.217411,0.219617,0.343485,0.305801,0.309078,0.290400,0.230566,0.218914,0.213717,0.157536,0.237730,0.181637,0.336719,0.207390,0.213571,0.255223,0.244021,0.356544,0.273733,0.145675,0.233159,0.335360,0.260446,0.150069,0.353102,0.154586,0.296520,0.171026,0.121058,0.370688,0.157229,0.236038,0.312330,0.397885,0.207770,0.320054,0.145441,0.076181,0.311535,0.346537,0.330608,#
3,0.247584,0.302439,0.319983,1.000000,0.323015,0.243199,0.319180,0.335205,0.357332,0.275313,0.330535,0.395119,0.194244,0.277366,0.289629,0.288540,0.300121,0.379370,0.303647,0.315324,0.325120,0.291498,0.299241,0.446037,0.355512,0.328926,0.320647,0.236154,0.294732,0.347339,0.331481,0.370834,0.416899,0.372361,0.116434,0.353505,0.319413,0.432909,0.447123,0.248746,0.313585,0.423482,0.298844,0.384175,0.199080,0.323603,0.273774,0.342295,0.127117,0.328873,0.355824,0.312954,0.323593,0.206772,0.231636,0.409305,0.298231,0.281250,0.284081,0.347109,0.265725,0.207899,0.288677,0.237638,0.406067,0.337437,0.275610,0.282335,0.200352,0.380580,0.294518,0.222827,0.379573,0.239973,0.336398,0.301900,0.336207,0.347829,0.349019,0.208564,0.370398,0.321571,0.333235,0.236953,0.390752,0.243282,0.384105,0.214268,0.367584,0.369150,0.332944,0.318580,0.318813,0.395135,0.261982,0.349383,0.342708,0.206019,0.356597,0.218933,0.395418,0.213789,0.299448,0.281967,0.396016,0.292394,0.380412,0.324467,0.219322,0.240149,0.304299,0.215118,0.300528,0.298373,0.235811,0.304991,0.311229,0.241750,0.222575,0.211735,0.341584,0.330117,0.290475,0.418234,0.279746,0.244899,0.383738,0.329168,0.187256,0.332683,0.321372,0.369079,0.385977,0.313431,0.338543,0.383911,0.160588,0.261739,0.307975,0.276636,0.331756,0.369455,0.258906,0.314855,0.355918,0.219912,0.356028,0.359738,0.232083,0.279564,0.213062,0.214943,0.218787,0.273763,0.288232,0.256196,0.239581,0.292762,0.289012,0.297987,0.287177,0.362730,0.390838,0.372851,0.320552,0.271730,0.340204,0.290541,0.237052,0.285456,0.338018,0.199987,0.225277,0.167129,0.221678,0.346506,0.342430,0.354355,0.155825,0.284613,0.284940,0.386449,0.337126,0.242683,0.154985,0.220097,0.229199,0.270768,0.197762,0.251637,0.269649,0.353496,0.367612,0.257108,0.283319,0.298172,0.268660,0.357720,0.279007,0.248206,#
4,0.272506,0.318121,0.319481,0.323015,1.000000,0.307099,0.277250,0.284728,0.332160,0.209444,0.239880,0.267690,0.273302,0.259495,0.219645,0.267226,0.185670,0.305959,0.267239,0.449516,0.393318,0.258795,0.277873,0.368591,0.260390,0.405542,0.218484,0.258226,0.334619,0.219726,0.226742,0.264544,0.291572,0.268309,0.154749,0.303473,0.378152,0.274589,0.323583,0.243749,0.327011,0.414901,0.218619,0.213324,0.391666,0.306397,0.398668,0.313185,0.221988,0.303104,0.221813,0.287238,0.231276,0.311727,0.344319,0.419804,0.260668,0.257334,0.335599,0.297321,0.353841,0.313268,0.215165,0.135523,0.245153,0.220881,0.278785,0.248913,0.233223,0.279047,0.341011,0.293015,0.378472,0.230661,0.248062,0.070617,0.280643,0.352586,0.309626,0.182828,0.344733,0.339149,0.180379,0.178468,0.439950,0.207526,0.334490,0.313390,0.341695,0.348578,0.313267,0.203498,0.268985,0.335795,0.229408,0.362567,0.292671,0.270619,0.228786,0.222871,0.311446,0.171101,0.281748,0.342862,0.278151,0.287462,0.170509,0.325975,0.214275,0.308138,0.378293,0.274503,0.312074,0.434778,0.263448,0.193799,0.297569,0.105702,0.152436,0.074946,0.225990,0.305496,0.312188,0.246810,0.376629,0.195738,0.372401,0.237537,0.269090,0.286363,0.332223,0.205261,0.353658,0.259958,0.377872,0.324018,0.204884,0.140855,0.236297,0.233317,0.360389,0.134155,0.251415,0.251905,0.373568,0.369067,0.208436,0.263965,0.275499,0.283879,0.281024,0.246741,0.328043,0.399386,0.291575,0.237504,0.357335,0.257588,0.193998,0.280165,0.288978,0.267590,0.185503,0.242935,0.124453,0.294751,0.192026,0.211007,0.199793,0.274611,0.185503,0.196813,0.342680,0.228282,0.339305,0.301008,0.370961,0.352185,0.193595,0.215624,0.194320,0.150655,0.320866,0.267459,0.192473,0.256165,0.088564,0.328312,0.323299,0.317499,0.168736,0.283452,0.240468,0.205324,0.259099,0.329113,0.224516,0.388453,0.320467,0.352629,#
5,0.216092,0.250009,0.253282,0.243199,0.307099,1.000000,0.216464,0.249850,0.280000,0.314176,0.253501,0.228691,0.324582,0.162366,0.274202,0.226682,0.284677,0.287978,0.152103,0.255841,0.320525,0.196567,0.260166,0.328428,0.279924,0.247173,0.318955,0.323393,0.305140,0.277536,0.269332,0.323962,0.363827,0.247316,0.099511,0.232907,0.338634,0.093318,0.284134,0.275554,0.311947,0.342677,0.148972,0.420721,0.205972,0.285358,0.259480,0.165494,0.216465,0.270025,0.292760,0.297062,0.233170,0.162856,0.214550,0.316473,0.151441,0.221948,0.388565,0.239769,0.221740,0.283950,0.267840,0.171814,0.356110,0.275783,0.250940,0.211474,0.237275,0.164226,0.283507,0.252635,0.334708,0.294774,0.250248,0.205297,0.294846,0.294134,0.330785,0.289039,0.233789,0.251846,0.339405,0.142014,0.188484,0.223223,0.247410,0.225091,0.326737,0.131160,0.176895,0.290242,0.295985,0.337416,0.213846,0.271650,0.208058,0.241549,0.317989,0.172879,0.226634,0.300545,0.169398,0.274680,0.185412,0.264595,0.224355,0.355859,0.227857,0.223694,0.321630,0.282293,0.288930,0.208404,0.299957,0.218864,0.300725,0.288691,0.140705,0.154769,0.123596,0.327014,0.183047,0.294795,0.146553,0.130975,0.196321,0.069493,0.313976,0.320907,0.280413,0.345344,0.338030,0.243322,0.416787,0.362647,0.177291,0.230290,0.180335,0.060356,0.238302,0.249078,0.206235,0.255542,0.329241,0.226849,0.197122,0.192101,0.159255,0.253347,0.266652,0.183371,0.265236,0.277155,0.234683,0.257446,0.289527,0.144762,0.324654,0.101409,0.256772,0.261592,0.275714,0.201382,0.244469,0.134614,0.104757,0.299427,0.286552,0.339625,0.309131,0.265039,0.301588,0.207972,0.140739,0.271177,0.306526,0.313793,0.270688,0.145274,0.282546,0.220099,0.380021,0.223001,0.220998,0.311482,0.225114,0.175797,0.245561,0.210517,0.246418,0.241810,0.234071,0.198775,0.341873,0.178982,0.071192,0.345643,0.216361,0.319742,#
6,0.194823,0.375314,0.323116,0.319180,0.277250,0.216464,1.000000,0.245794,0.276594,0.134456,0.240561,0.263800,0.141566,0.267893,0.123291,0.230021,0.207887,0.276014,0.246809,0.268882,0.243918,0.309388,0.121363,0.178650,0.177744,0.273204,0.212045,0.273307,0.268536,0.277867,0.183773,0.221242,0.196560,0.196212,0.083226,0.153531,0.168414,0.248621,0.284048,0.275874,0.231347,0.217476,0.146793,0.223113,0.197012,0.222641,0.253626,0.299576,0.184205,0.291705,0.176912,0.277865,0.233622,0.223766,0.127270,0.259992,0.146553,0.257998,0.300164,0.336016,0.267082,0.203347,0.233516,0.185301,0.258292,0.456152,0.250608,0.277806,0.261672,0.235273,0.278520,0.240220,0.318553,0.174164,0.295611,0.175234,0.261056,0.272278,0.335025,0.162492,0.283040,0.250238,0.296291,0.140487,0.317625,0.204504,0.227199,0.277719,0.226664,0.247331,0.254424,0.165031,0.200122,0.263974,0.196386,0.288129,0.268209,0.215552,0.259552,0.279327,0.281817,0.307231,0.214243,0.216458,0.031428,0.329196,0.171589,0.220731,0.221024,0.236825,0.290616,0.295353,0.208233,0.112431,0.224384,0.247236,0.355264,0.097556,0.184588,0.165959,0.239267,0.290568,0.190692,0.223987,0.226216,0.212215,0.175432,0.243082,0.146699,0.329140,0.233522,0.187675,0.312669,0.116131,0.354758,0.219586,0.180787,0.231554,0.194583,0.221695,0.190194,0.113095,0.088331,0.285119,0.169046,0.248248,0.221770,0.138039,0.246340,0.067540,0.368280,0.149117,0.274452,0.173144,0.292014,0.217288,0.119686,0.281139,0.233298,0.145313,0.107056,0.335884,0.296722,0.240125,0.274394,0.197992,0.162260,0.243182,0.215621,0.248986,0.106332,0.163484,0.199943,0.130560,0.271659,0.264350,0.174138,0.271067,0.301541,0.090735,0.107375,0.184246,0.237637,0.317130,0.309137,0.291021,0.143768,0.255327,0.300165,0.303197,0.196788,0.222458,0.271917,0.263167,0.168415,0.146228,0.193986,0.308383,0.200552,0.304559,#
7,0.114343,0.277035,0.291655,0.335205,0.284728,0.249850,0.245794,1.000000,0.310845,0.292001,0.328909,0.428867,0.169255,0.287992,0.282545,0.250691,0.218299,0.359434,0.203251,0.329405,0.281444,0.271213,0.321243,0.252350,0.377600,0.266127,0.317953,0.373087,0.256291,0.241984,0.292915,0.266354,0.334056,0.247878,0.098624,0.317055,0.164463,0.179433,0.350729,0.278057,0.231960,0.307036,0.249251,0.280026,0.265623,0.350453,0.277592,0.298421,0.266820,0.310144,0.405772,0.303306,0.212177,0.304807,0.199288,0.303061,0.251068,0.313180,0.288992,0.318854,0.304525,0.185329,0.293248,0.188652,0.373312,0.278327,0.261053,0.201612,0.249225,0.443912,0.283197,0.135010,0.444622,0.233058,0.268838,0.216406,0.245523,0.349701,0.338020,0.391459,0.314890,0.311483,0.326704,0.253002,0.337132,0.226966,0.322408,0.140224,0.301112,0.331379,0.213124,0.231750,0.305681,0.341252,0.188177,0.267597,0.212682,0.245647,0.195423,0.155869,0.321543,0.211889,0.239809,0.273985,0.171961,0.374267,0.352387,0.221959,0.263021,0.276513,0.253866,0.205585,0.163678,0.279443,0.434305,0.306420,0.160596,0.178406,0.182888,0.292371,0.282128,0.354259,0.212098,0.357937,0.334745,0.241062,0.355636,0.349928,0.208540,0.202925,0.186271,0.245082,0.384754,0.247813,0.464939,0.307949,0.097837,0.421766,0.266981,0.270269,0.336352,0.219502,0.142440,0.219532,0.351680,0.259964,0.264559,0.248307,0.233547,0.275229,0.281020,0.342147,0.196556,0.226927,0.109258,0.351732,0.298509,0.316490,0.263717,0.338302,0.202754,0.306573,0.266689,0.234148,0.169116,0.270705,0.350023,0.175988,0.264080,0.289810,0.271946,0.248779,0.316606,0.190586,0.307752,0.240362,0.236639,0.254963,0.078900,0.344449,0.272304,0.276547,0.234514,0.252298,0.084520,0.302171,0.149682,0.148371,0.233638,0.349419,0.279314,0.237078,0.315632,0.240492,0.228041,0.219011,0.121096,0.309288,0.329525,0.281791,#
8,0.276522,0.335524,0.212098,0.357332,0.332160,0.280000,0.276594,0.310845,1.000000,0.258182,0.305380,0.322760,0.249423,0.247266,0.392799,0.312645,0.161059,0.229952,0.214379,0.305851,0.288349,0.257733,0.200458,0.327770,0.193948,0.279718,0.239899,0.313823,0.175432,0.337096,0.182860,0.275287,0.210573,0.267809,0.187750,0.349175,0.336103,0.187101,0.315243,0.314501,0.231510,0.338536,0.117499,0.263529,0.380813,0.295395,0.250057,0.239789,0.194753,0.255699,0.243458,0.384912,0.172097,0.420609,0.267352,0.397967,0.282315,0.295648,0.233477,0.363048,0.361747,0.164075,0.369631,0.099298,0.364152,0.370330,0.306948,0.251156,0.373542,0.315801,0.229354,0.232292,0.365051,0.237411,0.253692,0.175053,0.265697,0.262664,0.312478,0.191435,0.315380,0.318846,0.291155,0.102307,0.361658,0.208620,0.258902,0.210767,0.303539,0.279047,0.240470,0.237925,0.276503,0.269703,0.351175,0.385505,0.342396,0.259963,0.229473,0.186773,0.308494,0.175041,0.251111,0.275786,0.319063,0.197373,0.342508,0.254552,0.162589,0.292767,0.148379,0.221924,0.132628,0.245733,0.327225,0.407063,0.269549,0.176214,0.121175,0.276583,0.314001,0.284384,0.266185,0.294686,0.317270,0.349888,0.257229,0.354381,0.157208,0.317799,0.240402,0.196399,0.339912,0.225266,0.392714,0.372032,0.170804,0.289452,0.301812,0.221326,0.299647,0.277793,0.356283,0.208885,0.261911,0.258126,0.289777,0.310397,0.273111,0.224408,0.328735,0.181092,0.230412,0.308894,0.413505,0.364260,0.222834,0.298716,0.234566,0.297524,0.134760,0.297756,0.176955,0.282456,0.307016,0.290628,0.296754,0.163286,0.269964,0.273920,0.291382,0.133344,0.221222,0.235696,0.250038,0.276381,0.192411,0.342064,0.254286,0.237869,0.286888,0.245518,0.162867,0.336555,0.270118,0.270806,0.100708,0.093205,0.290135,0.241024,0.286935,0.257379,0.265456,0.236779,0.345139,0.185416,0.162006,0.173547,0.264131,0.218826,#
9,0.207427,0.224570,0.249359,0.275313,0.209444,0.314176,0.134456,0.292001,0.258182,1.000000,0.381806,0.213026,0.167989,0.178235,0.260522,0.304825,0.155815,0.181684,0.140669,0.355566,0.243370,0.153648,0.233361,0.243580,0.176446,0.164088,0.306745,0.282069,0.219372,0.224819,0.373547,0.256324,0.166279,0.243926,0.229650,0.270449,0.096689,0.252117,0.279275,0.149557,0.349431,0.292552,0.170390,0.092360,0.154138,0.342155,0.171857,0.216216,0.158476,0.175394,0.261234,0.349802,0.199454,0.209287,0.191765,0.309159,0.256515,0.233091,0.232747,0.153714,0.257532,0.216170,0.338457,0.196259,0.335425,0.287175,0.146459,0.153011,0.189023,0.108667,0.330399,0.267639,0.270586,0.211207,0.218952,0.231432,0.198414,0.206899,0.365076,0.300432,0.185403,0.325458,0.137850,0.111102,0.291407,0.199421,0.327620,0.220941,0.129780,0.027504,0.126914,0.318823,0.233265,0.162216,0.229638,0.237298,0.350398,0.255237,0.175850,0.043701,0.241804,0.218773,0.369889,0.177681,0.312038,0.163726,0.250107,0.172919,0.246493,0.126901,0.227923,0.233391,0.218225,0.354584,0.164990,0.273766,0.214977,0.249816,0.289948,0.030685,0.250251,0.359697,0.182276,0.315466,0.185783,0.233111,0.074506,0.292107,0.208925,0.265931,0.179181,0.241018,0.216385,0.250076,0.280606,0.203294,0.187504,0.338003,0.163607,0.078844,0.148959,0.322064,0.217160,0.179017,0.268111,0.141479,0.208816,0.246660,0.134075,0.335134,0.187761,0.082716,0.373125,0.231516,0.238768,0.288794,0.278890,0.282497,0.343270,0.151560,0.224012,0.193410,0.153016,0.348515,0.237843,0.140569,0.225495,0.194495,0.391487,0.206312,0.224686,0.216664,0.248455,0.227422,0.189956,0.298180,0.305758,0.189792,0.099756,0.215768,0.112290,0.185984,0.322016,0.232373,0.159413,0.231748,0.165345,0.182888,0.343497,0.247645,0.231531,0.213332,0.194934,0.256370,0.220084,0.211553,0.120131,0.183569,0.226328,0.223027,#
10,0.269315,0.408255,0.341767,0.330535,0.239880,0.253501,0.240561,0.328909,0.305380,0.381806,1.000000,0.227822,0.115114,0.226028,0.289454,0.179890,0.208454,0.275501,0.331072,0.331490,0.209389,0.176471,0.094552,0.238759,0.259977,0.200167,0.273882,0.317497,0.160328,0.287939,0.291558,0.286863,0.262472,0.185802,0.173260,0.316446,0.162738,0.245479,0.354798,0.197156,0.241810,0.222780,0.192304,0.122504,0.128958,0.263857,0.276253,0.254778,0.251538,0.315676,0.214077,0.312042,0.220186,0.259176,0.185630,0.305874,0.152593,0.189673,0.254763,0.291604,0.164851,0.289072,0.269331,0.273297,0.338604,0.321355,0.309040,0.155983,0.206767,0.226416,0.236942,0.267075,0.337403,0.206541,0.192897,0.211892,0.270154,0.178032,0.258174,0.196029,0.249926,0.309826,0.285221,0.198619,0.349062,0.076226,0.305373,0.209549,0.256975,0.222698,0.153527,0.209686,0.290609,0.225805,0.213196,0.365394,0.272585,0.134057,0.299055,0.167224,0.212123,0.196897,0.206730,0.208409,0.305289,0.119941,0.318341,0.344708,0.170573,0.197624,0.186750,0.261800,0.190137,0.252448,0.355319,0.407921,0.194355,0.131706,0.178262,0.099927,0.182130,0.320522,0.188528,0.267013,0.221721,0.174537,0.192314,0.280069,0.231123,0.287258,0.298935,0.233289,0.268713,0.151116,0.287065,0.283516,0.146862,0.443195,0.103298,0.203881,0.310111,0.215761,0.218236,0.190917,0.274320,0.160558,0.016133,0.136584,0.197707,0.270132,0.214377,0.283381,0.329121,0.176308,0.262213,0.233597,0.321650,0.079888,0.304249,0.221694,0.254714,0.269846,0.326595,0.266785,0.285981,0.205413,0.325510,0.190134,0.251694,0.324527,0.312821,0.190173,0.155585,0.230695,0.241120,0.158119,0.228502,0.308889,0.170364,0.250224,0.226054,0.185057,0.358409,0.142211,0.229285,0.211946,0.115646,0.060473,0.260921,0.231621,0.322529,0.264663,0.225920,0.191579,0.334045,0.160258,0.082982,0.318651,0.301550,0.402342,#
11,0.187515,0.360893,0.424472,0.395119,0.267690,0.228691,0.263800,0.428867,0.322760,0.213026,0.227822,1.000000,0.211491,0.241513,0.156355,0.231191,0.269251,0.330789,0.228932,0.139213,0.295114,0.345102,0.140004,0.279608,0.374716,0.381642,0.188673,0.403849,0.064468,0.354672,0.293229,0.335796,0.261660,0.314254,0.176345,0.295206,0.304594,0.223588,0.314391,0.297494,0.286381,0.371150,0.340347,0.378948,0.173145,0.386711,0.269638,0.277285,0.213709,0.173813,0.333771,0.342419,0.268780,0.413174,0.145048,0.271872,0.271574,0.301921,0.302186,0.242233,0.246419,0.217929,0.351152,0.251745,0.359022,0.414314,0.296637,0.366593,0.291235,0.358274,0.210338,0.213062,0.375934,0.244982,0.262791,0.208602,0.243840,0.276118,0.354664,0.256781,0.319895,0.203994,0.319681,0.240059,0.374454,0.145609,0.363620,0.328079,0.305218,0.203633,0.284758,0.314632,0.367777,0.490396,0.240738,0.306534,0.198799,0.217352,0.318535,0.324845,0.319531,0.254654,0.253413,0.264196,0.199488,0.374422,0.328319,0.313363,0.327458,0.247346,0.325399,0.249637,0.332375,0.285452,0.148813,0.465552,0.292725,0.229888,0.141732,0.261784,0.244418,0.371739,0.359213,0.315594,0.299527,0.206157,0.303116,0.333136,0.323569,0.264900,0.194897,0.409020,0.328177,0.304049,0.294066,0.282740,0.021633,0.407237,0.125829,0.321195,0.263494,0.211292,0.183066,0.310317,0.344802,0.225101,0.355869,0.166666,0.220975,0.221259,0.219650,0.397640,0.236940,0.226065,0.304181,0.255295,0.232430,0.148196,0.263642,0.263345,0.238757,0.389919,0.189302,0.265370,0.270302,0.224130,0.390681,0.282294,0.338454,0.327131,0.294218,0.125977,0.239140,0.139966,0.265922,0.310123,0.335143,0.274877,0.145489,0.219706,0.333440,0.242227,0.254603,0.212092,0.135387,0.307540,0.158231,0.169076,0.248916,0.326853,0.226972,0.202315,0.404982,0.206724,0.392827,0.230580,0.181487,0.281106,0.256462,0.317008,#
12,0.184328,0.222880,0.208601,0.194244,0.273302,0.324582,0.141566,0.169255,0.249423,0.167989,0.115114,0.211491,1.000000,0.128999,0.295176,0.204193,0.327647,0.231923,0.253726,0.362081,0.291490,0.176263,0.210484,0.301622,0.162585,0.200607,0.286863,0.290857,0.235145,0.289398,0.101115,0.295734,0.289177,0.188408,0.192560,0.293853,0.263511,0.084886,0.234855,0.252494,0.354782,0.202371,0.251913,0.327273,0.322578,0.348460,0.283789,0.090449,0.227646,0.180724,0.322146,0.213553,0.177781,0.301414,0.163694,0.246254,0.148289,0.210188,0.227566,0.112474,0.234307,0.289786,0.167756,0.250594,0.385493,0.214229,0.186655,0.207877,0.247957,0.127691,0.143717,0.238827,0.268070,0.120270,0.306244,0.271523,0.272617,0.164249,0.218745,0.151598,0.250189,0.159789,0.158973,0.181020,0.252963,0.297916,0.230309,0.281946,0.326177,0.161025,0.159568,0.221986,0.214435,0.325209,0.218844,0.178767,0.412921,0.288912,0.169982,0.147426,0.220443,0.247832,0.247780,0.267079,0.311932,0.195270,0.228696,0.178613,0.130147,0.238319,0.308378,0.140785,0.225543,0.230440,0.220806,0.178645,0.286187,0.133836,0.191160,0.116910,0.259488,0.319711,0.322638,0.311994,0.193362,0.113448,0.273723,0.125773,0.096322,0.148008,0.220724,0.229376,0.204791,0.162602,0.247761,0.168975,0.186599,0.216496,0.236062,0.213799,0.252785,0.173395,0.188387,0.197888,0.158705,0.239662,0.182696,0.176074,0.214230,0.208364,0.187149,0.357822,0.164815,0.156957,0.177407,0.271600,0.163778,0.049099,0.152202,0.162180,0.143126,0.362776,0.209025,0.283704,0.238014,0.115619,0.273920,0.131492,0.187472,0.217954,0.188684,0.224299,0.204877,0.194930,0.253772,0.171554,0.250751,0.271893,0.141730,0.212708,0.239352,0.241151,0.274684,0.196617,0.208596,0.232948,0.173333,0.254506,0.175238,0.046940,0.280284,0.216885,0.243865,0.203505,0.152067,0.188732,0.132512,0.252797,0.270104,0.140560,#
13,0.059714,0.220342,0.297318,0.277366,0.259495,0.162366,0.267893,0.287992,0.247266,0.178235,0.226028,0.241513,0.128999,1.000000,0.300882,0.182196,0.243588,0.162906,0.221130,0.327047,0.257647,0.233765,0.120980,0.221474,0.231842,0.325939,0.324806,0.274965,0.206814,0.224876,0.261193,0.251910,0.285354,0.235071,0.160162,0.225974,0.149638,0.269010,0.099243,0.215367,0.164011,0.306429,0.259759,0.219755,0.215614,0.258757,0.283232,0.244020,0.215510,0.185065,0.234789,0.282778,0.237836,0.321737,0.160225,0.387521,0.161098,0.260407,0.253246,0.296276,0.294516,0.183841,0.355112,0.128536,0.246287,0.252359,0.418762,0.237902,0.406607,0.265189,0.129246,0.148004,0.271406,0.131837,0.315777,0.230858,0.308484,0.349584,0.331917,0.212750,0.299557,0.354131,0.211626,0.351422,0.355715,0.159256,0.349471,0.256783,0.284686,0.283947,0.206336,0.250239,0.333095,0.381117,0.177031,0.294695,0.231401,0.208717,0.267689,0.254254,0.308792,0.272740,0.284679,0.342880,0.218879,0.335880,0.292704,0.245993,0.353727,0.237064,0.190397,0.222113,0.333791,0.265433,0.331072,0.302968,0.278444,0.258526,0.131155,0.203405,0.367987,0.326841,0.247148,0.333171,0.296392,0.143377,0.194205,0.136799,0.307572,0.301412,0.178286,0.234791,0.227325,0.195055,0.389413,0.310206,0.238845,0.250912,0.342643,0.226851,0.110406,0.191848,0.374052,0.297169,0.324912,0.386879,0.231246,0.298445,0.115324,0.260245,0.204205,0.242395,0.207966,0.318710,0.302166,0.296929,0.142512,0.324929,0.237471,0.300899,0.177821,0.364387,0.186131,0.385030,0.274576,0.201652,0.176733,0.134668,0.243829,0.254806,0.267425,0.348299,0.215302,0.161819,0.246339,0.243583,0.164738,0.241674,0.272119,0.054788,0.212749,0.284778,0.238595,0.294701,0.188830,0.285632,0.257926,0.192633,0.153525,0.251310,0.196919,0.278819,0.255276,0.201899,0.179305,0.279056,0.202921,0.245815,0.341392,0.229588,#
14,0.349422,0.160696,0.190028,0.289629,0.219645,0.274202,0.123291,0.282545,0.392799,0.260522,0.289454,0.156355,0.295176,0.300882,1.000000,0.382590,0.275942,0.290286,0.308452,0.418698,0.309209,0.168998,0.284343,0.377809,0.267835,0.163615,0.336505,0.279346,0.289593,0.287709,0.156385,0.301247,0.198573,0.183555,0.258127,0.299597,0.273193,0.288469,0.304514,0.369333,0.295629,0.243817,0.241786,0.238456,0.316742,0.395921,0.264896,0.228253,0.185716,0.264004,0.348613,0.239418,0.284274,0.340445,0.406693,0.316876,0.339820,0.233568,0.246276,0.239937,0.347946,0.298536,0.245664,0.236245,0.332807,0.197188,0.310721,0.291666,0.209719,0.316699,0.192901,0.257741,0.216155,0.320169,0.256960,0.191753,0.287169,0.295015,0.258384,0.225738,0.316712,0.227058,0.288477,0.300459,0.343101,0.289673,0.171183,0.140119,0.299930,0.220393,0.249805,0.224786,0.368724,0.315206,0.306486,0.197093,0.336472,0.250452,0.236476,0.189020,0.302562,0.322448,0.237473,0.303860,0.313225,0.217742,0.359219,0.363072,0.148599,0.264088,0.103751,0.087522,0.259123,0.227426,0.286178,0.328838,0.218558,0.224641,0.233655,0.231717,0.417884,0.386039,0.155814,0.253537,0.262308,0.163780,0.250419,0.239240,0.123357,0.364092,0.124633,0.269062,0.306946,0.130777,0.235229,0.276254,0.112717,0.245181,0.201962,0.155517,0.318963,0.340939,0.373663,0.195630,0.196870,0.349814,0.196862,0.205847,0.123677,0.158411,0.259348,0.220303,0.147726,0.256007,0.280866,0.241679,0.291833,0.197102,0.187565,0.160475,0.188818,0.325395,0.250401,0.199348,0.300982,0.139220,0.277120,0.208486,0.168769,0.323045,0.310172,0.253982,0.299616,0.256442,0.187524,0.172731,0.380745,0.364906,0.312245,0.238903,0.263483,0.352124,0.209735,0.308680,0.234763,0.233347,0.178099,0.080684,0.161325,0.256400,0.192536,0.280676,0.268697,0.345500,0.260211,0.123390,0.031557,0.242124,0.335620,0.244572,#
15,0.319336,0.151860,0.314299,0.288540,0.267226,0.226682,0.230021,0.250691,0.312645,0.304825,0.179890,0.231191,0.204193,0.182196,0.382590,1.000000,0.342666,0.346903,0.303059,0.318701,0.232335,0.183705,0.258471,0.356829,0.244308,0.345287,0.332977,0.270033,0.271880,0.281287,0.184575,0.329671,0.227691,0.336538,0.202527,0.252129,0.267503,0.179793,0.338176,0.231157,0.358108,0.306892,0.228722,0.276197,0.316055,0.269348,0.111634,0.238301,0.140529,0.290594,0.170503,0.397701,0.309972,0.277090,0.284444,0.270316,0.196008,0.272933,0.326809,0.338349,0.288935,0.137992,0.334737,0.157447,0.272528,0.343864,0.297141,0.333410,0.219799,0.180556,0.275330,0.297154,0.263952,0.231391,0.266880,0.225547,0.184922,0.361832,0.261876,0.240235,0.363288,0.192316,0.151374,0.289879,0.329311,0.206346,0.284441,0.273958,0.313445,0.241936,0.228261,0.185068,0.279802,0.310577,0.240232,0.281506,0.367251,0.204652,0.286490,0.169596,0.333337,0.223579,0.282871,0.285096,0.149987,0.221698,0.275202,0.249282,0.229921,0.286108,0.157890,0.338135,0.209451,0.176340,0.312376,0.381426,0.217702,0.131648,0.183003,0.104723,0.343670,0.384130,0.277426,0.326506,0.298436,0.196377,0.263239,0.278834,0.182254,0.296796,0.107971,0.334729,0.284568,0.286579,0.319782,0.338417,0.137181,0.153195,0.206729,0.071814,0.149147,0.288195,0.283389,0.207022,0.336121,0.234720,0.211037,0.227631,0.321174,0.205578,0.227811,0.136924,0.213579,0.327862,0.149691,0.358420,0.228656,0.280535,0.232205,0.225256,0.171086,0.261827,0.298139,0.244608,0.250364,0.296833,0.314259,0.256462,0.315666,0.230224,0.144822,0.193806,0.204008,0.139646,0.274619,0.162901,0.349536,0.293007,0.069649,0.249052,0.267387,0.248097,0.184614,0.383769,0.185319,0.267644,0.086282,0.248236,0.178105,0.175227,0.079608,0.289312,0.284058,0.284064,0.171399,0.225880,0.132586,0.240510,0.239400,0.132389,#
16,0.311161,0.211537,0.230152,0.300121,0.185670,0.284677,0.207887,0.218299,0.161059,0.155815,0.208454,0.269251,0.327647,0.243588,0.275942,0.342666,1.000000,0.293130,0.186850,0.357406,0.367406,0.231828,0.245087,0.269297,0.182419,0.344818,0.321532,0.113756,0.153469,0.301003,0.181858,0.358464,0.120999,0.346126,0.150750,0.302338,0.281626,0.172610,0.276098,0.276933,0.192077,0.289878,0.232823,0.290470,0.239287,0.381602,0.233809,0.223716,0.234438,0.200181,0.202281,0.310114,0.385499,0.282195,0.232252,0.217207,0.141723,0.232481,0.285879,0.129896,0.179793,0.421698,0.306415,0.267823,0.334808,0.245079,0.223760,0.413498,0.175071,0.326322,0.130634,0.307703,0.383861,0.137696,0.247426,0.349325,0.189060,0.374730,0.340626,0.189788,0.224188,0.179436,0.190697,0.267002,0.285397,0.286565,0.374381,0.256720,0.359824,0.138742,0.259523,0.232455,0.244752,0.218526,0.218943,0.217652,0.306716,0.157467,0.270235,0.285863,0.189810,0.217169,0.183763,0.259176,0.214858,0.249818,0.306144,0.201570,0.131541,0.283485,0.264255,0.251807,0.286391,0.220375,0.313448,0.359112,0.289335,0.193292,0.152492,0.198552,0.282144,0.333050,0.348118,0.322401,0.342180,0.123845,0.261917,0.097652,0.161685,0.294654,0.152160,0.271546,0.404620,0.028346,0.377591,0.348596,0.099773,0.269794,0.212193,0.277586,0.139965,0.220794,0.168712,0.253268,0.329339,0.216842,0.123484,0.197355,0.298246,0.224749,0.139543,0.307562,0.188982,0.214994,0.246700,0.288568,0.178107,0.187615,0.209751,0.240825,0.162956,0.374156,0.272348,0.288417,0.264541,0.159292,0.324564,0.270302,0.197501,0.133485,0.173790,0.137129,0.199278,0.121092,0.212780,0.314143,0.201921,0.191997,0.221617,0.119112,0.206109,0.289166,0.251591,0.074604,0.162778,0.249894,0.277453,0.258792,0.212307,0.210220,0.307660,0.115979,0.094918,0.180347,0.272925,0.307530,0.087660,0.238527,0.140737,0.198227,#
17,0.366061,0.281089,0.244456,0.379370,0.305959,0.287978,0.276014,0.359434,0.229952,0.181684,0.275501,0.330789,0.231923,0.162906,0.290286,0.346903,0.293130,1.000000,0.237285,0.370622,0.394631,0.270056,0.257179,0.416578,0.233516,0.290917,0.294543,0.225596,0.257394,0.313510,0.270580,0.331125,0.430953,0.226711,0.161959,0.322358,0.154268,0.381489,0.381727,0.182278,0.327994,0.287360,0.199722,0.372336,0.219081,0.335780,0.338892,0.239005,0.289016,0.295334,0.283712,0.240913,0.190211,0.279729,0.227890,0.333366,0.299070,0.374988,0.285678,0.298065,0.310158,0.281494,0.234675,0.262151,0.311891,0.405153,0.361656,0.364250,0.291362,0.360998,0.295897,0.321680,0.400218,0.190795,0.245118,0.360271,0.286799,0.336296,0.234746,0.349472,0.262366,0.306290,0.447363,0.239721,0.334158,0.139987,0.351454,0.255968,0.418163,0.261810,0.276142,0.179436,0.352511,0.309019,0.205908,0.296305,0.294671,0.357380,0.322762,0.250654,0.289032,0.184648,0.204286,0.346079,0.220970,0.355325,0.327863,0.385816,0.191454,0.129401,0.250880,0.270773,0.273918,0.328578,0.277045,0.334957,0.280678,0.199796,0.209699,0.257396,0.245453,0.362617,0.250978,0.339806,0.456999,0.219370,0.297375,0.236611,0.137528,0.237841,0.203612,0.346733,0.435424,0.328134,0.330433,0.342936,0.334217,0.276209,0.247318,0.290426,0.313931,0.270009,0.221800,0.255140,0.357999,0.321251,0.097473,0.262671,0.219917,0.174709,0.278534,0.161319,0.175742,0.294807,0.296838,0.329750,0.243783,0.295119,0.423197,0.261990,0.296158,0.362918,0.299175,0.259558,0.299547,0.250707,0.249834,0.306859,0.227208,0.228893,0.368413,0.209882,0.205225,0.233675,0.336220,0.216731,0.339710,0.287139,0.097664,0.348886,0.271034,0.406675,0.267495,0.187094,0.133314,0.255335,0.224676,0.236915,0.329309,0.284921,0.245249,0.386390,0.269814,0.248651,0.414853,0.302557,0.229312,0.270358,0.239268,0.263198,#
18,0.319324,0.191558,0.241292,0.303647,0.267239,0.152103,0.246809,0.203251,0.214379,0.140669,0.331072,0.228932,0.253726,0.221130,0.308452,0.303059,0.186850,0.237285,1.000000,0.275387,0.286252,0.225702,0.132892,0.381054,0.276856,0.260308,0.246262,0.358902,0.236519,0.181130,0.195025,0.199616,0.280318,0.167695,0.253563,0.328094,0.254925,0.197080,0.238870,0.374442,0.249573,0.312349,0.224601,0.189839,0.216507,0.227235,0.116894,0.211973,0.115367,0.310127,0.288954,0.208352,0.304241,0.248630,0.238127,0.254343,0.201146,0.277863,0.173815,0.202168,0.200343,0.169764,0.331406,0.246827,0.242519,0.307593,0.367670,0.275542,0.153303,0.155741,0.124222,0.184806,0.233309,0.139981,0.157114,0.192966,0.237394,0.279710,0.265099,0.246939,0.286238,0.176165,0.249363,0.294289,0.248038,0.051560,0.341555,0.137586,0.284778,0.223875,0.289021,0.197587,0.239612,0.302783,0.235243,0.317913,0.394318,0.200656,0.204778,0.237465,0.267282,0.284227,0.300791,0.259289,0.324659,0.256605,0.247646,0.211448,0.195519,0.250285,0.308004,0.306771,0.233764,0.218677,0.219253,0.252579,0.186875,0.084633,0.251982,0.223609,0.203858,0.300216,0.246775,0.154819,0.234999,0.150631,0.180740,0.271119,0.301102,0.250860,0.163210,0.349987,0.225466,0.222087,0.345721,0.128923,0.129507,0.334120,0.117120,0.301970,0.262085,0.155738,0.190503,0.219468,0.275217,0.254259,0.117227,0.183258,0.109420,0.166241,0.132554,0.273208,0.249502,0.190482,0.200327,0.343549,0.303151,0.227370,0.124754,0.329544,0.239114,0.270238,0.234967,0.277808,0.211199,0.223260,0.319578,0.210673,0.228957,0.346493,0.058692,0.148392,0.240374,0.178875,0.171624,0.262639,0.291102,0.296571,0.339305,0.222456,0.180034,0.256859,0.273106,0.135393,0.284817,0.169039,0.301196,0.248379,0.253339,0.210962,0.219880,0.306663,0.340504,0.242818,0.257216,0.200117,0.178344,0.295052,0.358202,0.227077,#
19,0.388422,0.301103,0.314015,0.315324,0.449516,0.255841,0.268882,0.329405,0.305851,0.355566,0.331490,0.139213,0.362081,0.327047,0.418698,0.318701,0.357406,0.370622,0.275387,1.000000,0.319389,0.220927,0.276229,0.360740,0.235365,0.390368,0.367659,0.274655,0.280329,0.411602,0.291839,0.321690,0.296266,0.228844,0.278638,0.390199,0.214972,0.203891,0.457559,0.252534,0.307768,0.316751,0.208164,0.205997,0.246909,0.379270,0.372384,0.384213,0.260995,0.396710,0.291882,0.346722,0.218836,0.419958,0.300393,0.367626,0.270004,0.256834,0.320271,0.288378,0.330004,0.343218,0.330387,0.270850,0.373053,0.286111,0.300321,0.342988,0.278868,0.327435,0.351509,0.293294,0.380339,0.188540,0.315752,0.368765,0.290189,0.408779,0.451529,0.206850,0.378792,0.345692,0.342578,0.256750,0.436021,0.227932,0.344477,0.304450,0.388770,0.194240,0.232482,0.294570,0.367388,0.279303,0.290324,0.358678,0.400504,0.392294,0.207418,0.217838,0.290048,0.263277,0.324859,0.350102,0.346889,0.404563,0.350318,0.473424,0.211486,0.170526,0.269168,0.294780,0.321492,0.372485,0.393330,0.308056,0.335174,0.317204,0.314721,0.047285,0.433652,0.436762,0.312579,0.395010,0.475042,0.267485,0.395388,0.278304,0.134023,0.340132,0.196998,0.203016,0.413704,0.232608,0.380901,0.331632,0.295473,0.351287,0.232111,0.262118,0.297055,0.336319,0.255522,0.245329,0.375037,0.302860,0.174087,0.346393,0.348238,0.215139,0.274396,0.350341,0.273417,0.341729,0.317611,0.262081,0.303400,0.249240,0.273415,0.228331,0.365753,0.331106,0.354718,0.256605,0.337069,0.249832,0.246238,0.258526,0.321410,0.221696,0.335823,0.276813,0.354520,0.276163,0.291782,0.237929,0.385783,0.382222,0.273909,0.243638,0.174675,0.366667,0.292013,0.323198,0.271905,0.321713,0.185317,0.295640,0.370777,0.270441,0.359143,0.387540,0.215965,0.294100,0.252183,0.299596,0.202133,0.318027,0.400081,0.382992,#
20,0.280298,0.201420,0.399937,0.325120,0.393318,0.320525,0.243918,0.281444,0.288349,0.243370,0.209389,0.295114,0.291490,0.257647,0.309209,0.232335,0.367406,0.394631,0.286252,0.319389,1.000000,0.297110,0.232892,0.369759,0.359781,0.411616,0.344403,0.316308,0.277314,0.307435,0.222528,0.251402,0.310921,0.274418,0.197974,0.276243,0.335313,0.301185,0.313467,0.348181,0.336131,0.450775,0.164923,0.187626,0.361743,0.407834,0.376440,0.240566,0.233618,0.280683,0.154894,0.362424,0.287250,0.334790,0.296003,0.286869,0.304296,0.321233,0.324021,0.251795,0.321506,0.245884,0.381201,0.280677,0.376383,0.248925,0.330230,0.320262,0.341087,0.341375,0.318161,0.378041,0.463163,0.260523,0.260028,0.232841,0.331821,0.419216,0.293476,0.290107,0.259259,0.246164,0.412132,0.202592,0.331145,0.298560,0.373273,0.264034,0.449107,0.271430,0.299840,0.312573,0.335411,0.367152,0.347567,0.242245,0.372758,0.335185,0.261612,0.144370,0.317557,0.240339,0.323585,0.330584,0.290881,0.275305,0.300145,0.300679,0.172862,0.339731,0.373514,0.335270,0.295218,0.314108,0.253396,0.409438,0.442137,0.255762,0.140552,0.269684,0.260033,0.380221,0.232051,0.321032,0.341070,0.229843,0.368757,0.332990,0.306098,0.329938,0.264954,0.375541,0.355201,0.197242,0.380505,0.289486,0.302242,0.315297,0.304231,0.253543,0.311691,0.300305,0.221892,0.284969,0.380581,0.251721,0.149103,0.240481,0.261167,0.339209,0.325495,0.331041,0.171672,0.269818,0.316440,0.340736,0.246928,0.125192,0.247916,0.413865,0.301609,0.388740,0.288879,0.259589,0.360205,0.203270,0.189049,0.329039,0.263083,0.225575,0.309617,0.172238,0.202379,0.236663,0.214293,0.349812,0.234852,0.230931,0.348937,0.268544,0.254770,0.289827,0.204989,0.260651,0.274154,0.151027,0.282170,0.235576,0.290255,0.365292,0.246922,0.369132,0.282497,0.270988,0.374046,0.263963,0.231780,0.362944,0.342927,0.273297,#
21,0.246254,0.300416,0.385294,0.291498,0.258795,0.196567,0.309388,0.271213,0.257733,0.153648,0.176471,0.345102,0.176263,0.233765,0.168998,0.183705,0.231828,0.270056,0.225702,0.220927,0.297110,1.000000,0.174781,0.261526,0.259186,0.230322,0.302485,0.359949,0.306249,0.300512,0.249126,0.283465,0.241092,0.285132,0.172013,0.294885,0.341124,0.310834,0.373114,0.211574,0.230116,0.329412,0.129045,0.341168,0.204274,0.262111,0.253907,0.318930,0.061808,0.267336,0.257012,0.233833,0.240301,0.252279,0.255106,0.281879,0.246441,0.276477,0.158159,0.198619,0.240106,0.135980,0.364387,0.248783,0.371365,0.312761,0.203938,0.259329,0.299776,0.400186,0.404760,0.223590,0.433044,0.310359,0.235016,0.200877,0.258681,0.236105,0.226124,0.233951,0.359772,0.292092,0.207395,0.099923,0.334817,0.132976,0.337054,0.165259,0.272106,0.344165,0.194089,0.202394,0.227323,0.225497,0.279243,0.269152,0.302052,0.280546,0.129486,0.260742,0.421186,0.228779,0.212664,0.258180,0.281398,0.316070,0.237771,0.253792,0.232193,0.251604,0.285915,0.254797,0.229934,0.282685,0.207748,0.339109,0.352364,0.170385,0.163904,0.304247,0.226230,0.351312,0.181695,0.343468,0.247055,0.194903,0.267410,0.259257,0.163545,0.166613,0.227503,0.239657,0.358064,0.212723,0.261823,0.235047,0.303536,0.213331,0.177616,0.331708,0.233962,0.328309,0.232952,0.212591,0.248818,0.303120,0.235134,0.298821,0.269312,0.201641,0.246850,0.225787,0.220563,0.265168,0.291147,0.255066,0.134842,0.210561,0.238164,0.190987,0.283693,0.321230,0.258356,0.227198,0.285621,0.105769,0.106869,0.286303,0.200769,0.345287,0.209574,0.167583,0.286720,0.185611,0.198530,0.361782,0.281729,0.255152,0.167248,0.241111,0.226216,0.281403,0.082328,0.273961,0.172334,0.194977,0.240528,0.278720,0.327955,0.268137,0.295204,0.136469,0.331664,0.172395,0.392182,0.276051,0.212406,0.288305,0.297087,0.217027,#
