0,1.000000,0.082844,0.162947,0.116714,0.203119,0.139217,0.136132,0.008466,0.186560,0.095822,0.191320,0.073625,0.082613,0.057428,0.252762,0.230732,0.186664,0.290071,0.205681,0.303615,0.117712,0.124475,0.188671,0.372017,0.112976,0.078637,0.152663,-0.001989,0.147974,0.276300,0.007733,0.200811,0.121055,0.178397,0.192133,0.136941,0.079213,0.086325,0.252492,0.210321,0.216433,0.080946,0.250110,0.042528,0.073720,0.110928,0.105943,0.245529,0.218945,0.259300,0.134422,0.087071,0.059753,0.191493,0.235773,0.213676,0.247136,0.191756,0.063118,0.052869,0.229232,0.155384,0.181510,0.084937,0.139482,0.120445,0.157982,0.182450,0.139693,0.141650,0.127059,0.069241,0.193048,0.246111,0.092213,-0.070874,0.213810,0.203525,0.090330,0.099620,0.181010,0.050825,0.104380,0.196132,0.347268,0.092652,0.199324,0.203648,0.233534,0.170212,0.065101,0.018328,0.215439,0.115386,0.189191,0.156560,0.274062,0.074895,0.144168,0.291401,0.219873,0.160751,0.090944,0.228516,0.126342,0.188684,0.245438,0.186408,0.166102,-0.066714,0.012647,0.157691,0.052527,0.221947,0.109251,0.102663,0.115292,0.109256,0.112519,0.131551,0.259524,0.178051,0.206844,0.172327,0.192463,0.255385,0.180095,0.005955,0.075244,0.266492,0.187491,0.087321,0.192162,0.046983,0.158981,0.159242,0.225517,0.084246,0.011202,0.237165,0.275628,0.121113,0.104257,0.170469,0.123806,0.058216,0.153054,0.115925,0.199904,0.026499,0.020083,0.103126,0.192396,0.066284,0.169633,0.121357,0.120831,0.121075,0.194658,0.172778,0.240631,0.291385,0.151786,0.019580,0.131961,0.186560,0.118729,0.222913,0.189802,0.100962,0.177355,0.040150,0.186376,0.161092,0.037709,0.258292,0.342479,0.214946,0.159285,0.057621,0.159347,0.226821,0.132460,0.109184,0.160942,0.040679,0.170466,0.284127,0.231433,-0.009075,0.043161,0.183128,0.119323,0.152556,0.232150,0.135304,0.059214,0.179646,0.255071,0.208741,#
1,0.082844,1.000000,0.095171,0.144476,0.132442,0.166610,0.222849,0.155076,0.313317,0.097603,0.291109,0.254946,0.142156,0.039685,0.077255,0.057074,0.174602,0.155169,0.039216,0.177285,0.034465,0.163019,0.104257,0.115703,0.130046,0.148548,0.085428,0.199182,-0.053050,0.146859,0.208830,0.129196,0.003869,0.187565,0.030224,0.135133,0.133421,0.029617,0.276384,0.152872,0.078921,0.015132,0.216934,0.144352,0.096287,0.111546,0.370068,0.176059,0.138649,0.069884,0.169102,0.154110,0.194568,0.150394,0.079042,0.142149,0.127683,0.015099,0.048180,0.060749,0.101637,0.137424,0.184865,0.006568,0.116018,0.276586,0.132046,0.260401,0.178423,0.241921,0.129808,0.164588,0.302142,0.040910,0.205195,0.111697,0.090233,0.127021,0.293438,0.075551,0.144369,0.224011,0.093267,0.174030,0.259313,-0.058197,0.201498,0.217769,0.178670,0.099473,0.145638,0.144651,0.066728,0.152828,0.133086,0.190805,0.112136,0.056888,0.082504,0.093051,0.200949,0.046672,0.078358,0.112261,0.047442,0.168687,0.228183,0.273291,0.144433,0.106502,0.147578,0.154521,0.050594,0.155799,0.198927,0.306596,0.163937,0.093957,0.033573,0.032081,0.045446,0.174522,0.227744,0.189320,0.167924,0.127300,0.119572,0.147107,0.163988,0.242083,0.068505,0.200516,0.176758,0.118349,0.254806,0.282930,0.188479,0.246513,0.136530,0.191083,0.212139,0.050983,0.164327,0.207350,0.231751,0.098783,0.037097,0.092194,0.163078,0.015031,0.156849,0.105347,0.055803,-0.043259,0.341311,0.130500,0.064258,0.098444,-0.027917,-0.003191,0.035642,0.270610,0.201488,0.196754,0.189870,0.098521,0.119876,0.059552,0.116642,0.192495,0.126886,0.196093,0.113150,0.078066,0.077127,0.234162,0.129759,0.223532,0.123357,0.027753,0.136033,0.034073,0.223884,0.075128,0.196509,0.158973,0.068258,-0.041873,0.216634,0.202963,0.241277,0.160179,0.013094,0.118998,0.133817,0.063058,0.042140,0.288368,0.067354,0.266033,#
2,0.162947,0.095171,1.000000,0.217939,0.269200,0.127263,0.199556,0.211157,0.154830,0.141787,0.243699,0.261047,0.097695,0.299509,0.049344,0.179201,0.070190,0.085336,0.142870,0.199826,0.282297,0.241334,0.049279,0.135729,0.130171,0.268626,0.262281,0.119642,0.029555,0.245769,0.025666,0.045181,0.132520,0.133965,0.147390,0.193499,0.152513,-0.004261,0.137429,0.060613,0.180791,0.107440,0.269514,0.085411,0.051898,0.182318,0.160407,0.148746,0.032939,0.135092,0.212152,0.240679,0.145675,0.105300,0.063017,0.184296,0.113976,0.061394,0.206293,0.210951,0.273152,0.097841,0.133817,0.176021,0.245512,0.215174,0.090931,0.100434,0.173282,0.197132,0.140442,0.161166,0.096836,0.217313,0.268747,0.106901,0.139214,0.153190,0.143475,0.102510,0.243703,0.041488,0.115465,-0.007004,0.201219,0.098082,0.191392,0.229106,0.058212,0.022340,0.077438,0.188552,0.245897,0.180098,0.096259,0.198668,0.201617,0.088155,0.208143,0.098268,0.250540,0.107495,0.070183,0.240004,0.056543,0.184060,0.230630,0.213385,0.195369,0.164409,0.160666,0.136942,0.234762,0.169701,0.110339,0.240824,0.121298,0.136407,-0.142369,0.100045,0.098218,0.082770,0.096155,0.160597,0.127925,0.059871,0.277921,0.108194,0.189635,0.196142,0.085078,0.164977,0.181593,0.131941,0.263575,0.148569,0.200372,0.174513,0.093131,0.015677,0.111459,0.141772,0.144534,0.122080,0.263419,0.141998,0.017808,0.098650,0.227217,0.083137,0.113530,0.250641,0.239677,0.139108,0.095907,0.048918,0.047502,-0.000756,0.154377,0.179254,0.070927,0.315240,0.211516,0.226460,0.124417,0.220886,0.109198,0.028870,0.014616,0.135766,0.063612,0.304303,0.183902,0.056037,0.143772,0.121637,0.220581,0.135216,0.009979,0.078683,0.225350,0.172132,0.058672,0.284897,0.072181,0.133847,0.154500,0.048477,0.170562,0.037562,0.064674,0.185547,0.275182,0.122565,0.143447,0.071143,-0.032661,0.156950,0.270732,0.251437,#
3,0.116714,0.144476,0.217939,1.000000,0.256641,0.174716,0.253854,0.138091,0.314843,0.141375,0.246738,0.256435,0.135302,0.164400,0.122839,0.123181,0.185637,0.200805,0.254182,0.196054,0.226135,0.175293,0.182194,0.336688,0.150542,0.244009,0.201682,0.154184,0.177173,0.288193,0.191117,0.204897,0.314182,0.262308,0.002378,0.205645,0.270682,0.219381,0.325401,0.156194,0.189557,0.275136,0.211540,0.301950,0.050259,0.198999,0.162465,0.216739,0.046587,0.158120,0.181947,0.199515,0.188503,0.089346,0.082319,0.300152,0.179444,0.165781,0.165754,0.174461,0.230908,0.062562,0.162815,0.088280,0.371595,0.183975,0.169883,0.093506,0.025614,0.299427,0.134506,0.146896,0.292384,0.117367,0.223203,0.219102,0.166369,0.146111,0.202616,0.058084,0.280325,0.229624,0.208664,0.056160,0.299373,0.079893,0.169798,0.194727,0.213295,0.164036,0.259763,0.193957,0.205492,0.219543,0.168988,0.229807,0.197536,0.049125,0.250039,0.174251,0.302585,0.105348,0.156361,0.162695,0.305054,0.125191,0.274995,0.203481,0.127791,0.145929,0.176365,0.092048,0.192605,0.165029,0.099523,0.170688,0.171508,0.161123,0.054265,0.075623,0.174718,0.180885,0.195771,0.243304,0.102948,0.124575,0.259418,0.252441,0.154538,0.262289,0.245877,0.269055,0.266132,0.181946,0.230520,0.271017,0.070625,0.144433,0.183502,0.128742,0.165184,0.267201,0.223977,0.158594,0.106912,0.178607,0.220124,0.321676,0.175733,0.193725,0.044998,0.070774,0.115301,0.167075,0.318185,0.061457,0.025655,0.086799,0.260848,0.241608,0.178992,0.252849,0.225621,0.245048,0.148867,0.175537,0.186162,0.143078,0.102056,0.137561,0.186271,0.111215,0.131181,0.034853,0.087118,0.281319,0.235178,0.238534,0.050416,0.143462,0.127888,0.262661,0.264434,0.114763,0.023107,0.128584,0.146352,0.109862,0.128698,0.148713,0.160396,0.221312,0.311085,0.089847,0.185605,0.163897,0.210181,0.243198,0.220273,0.174471,#
4,0.203119,0.132442,0.269200,0.256641,1.000000,0.285060,0.108615,0.162395,0.298633,0.193708,0.075259,0.193280,0.196664,0.184805,0.138494,0.181537,0.167378,0.181631,0.186327,0.339854,0.361098,0.175873,0.199962,0.342672,0.084237,0.293682,0.139803,0.042353,0.213983,0.113915,0.118534,0.179287,0.246818,0.227112,0.088066,0.224580,0.358296,0.122241,0.254121,0.141752,0.209455,0.283552,0.230060,0.171206,0.272586,0.191668,0.343319,0.223858,0.125155,0.170559,0.118730,0.164377,0.167647,0.242143,0.251048,0.272361,0.196165,0.168756,0.252671,0.206833,0.248841,0.234581,0.138549,0.000881,0.226590,0.156533,0.142722,0.193095,0.112419,0.221351,0.220955,0.200455,0.274050,0.205987,0.217878,0.055130,0.117477,0.296291,0.223429,0.150374,0.287484,0.240679,0.109390,0.070804,0.389296,0.126825,0.187340,0.219004,0.219891,0.146655,0.285535,0.072461,0.192822,0.172929,0.200888,0.262546,0.186389,0.159980,0.172078,0.180047,0.220001,0.101576,0.191783,0.227233,0.130485,0.219619,0.127238,0.234265,0.155244,0.259925,0.267864,0.230562,0.311109,0.358672,0.153512,0.098041,0.214263,0.111479,0.014352,0.078285,0.110462,0.185104,0.219897,0.101527,0.278904,0.024515,0.258857,0.143859,0.269561,0.237782,0.250232,0.077740,0.271770,0.250312,0.306619,0.245123,0.162430,0.061413,0.201794,0.117461,0.203433,0.098862,0.233525,0.119072,0.240132,0.226676,0.159865,0.195615,0.183233,0.197186,0.120294,0.153378,0.232083,0.311071,0.311628,0.064537,0.253327,0.115741,0.096323,0.241143,0.190728,0.222272,0.182878,0.153944,-0.022182,0.245846,0.057741,0.124322,0.098791,0.207299,0.070271,0.190963,0.344374,0.202848,0.236514,0.281161,0.307761,0.273064,0.151056,0.116364,0.078193,0.079890,0.253360,0.145339,0.145438,0.212257,0.019079,0.237952,0.193240,0.250405,0.095441,0.140070,0.142938,0.124275,0.121062,0.228770,0.182606,0.200411,0.262190,0.366960,#
5,0.139217,0.166610,0.127263,0.174716,0.285060,1.000000,0.148435,0.214040,0.275688,0.217551,0.279038,0.134039,0.194070,0.158707,0.164047,0.194681,0.178899,0.235137,0.039785,0.250918,0.207522,0.034986,0.182163,0.276009,0.230385,0.179303,0.249003,0.196539,0.209742,0.212727,0.247319,0.259275,0.301041,0.268763,0.069221,0.185135,0.236272,0.105902,0.227909,0.174230,0.220824,0.171676,0.110546,0.269621,0.164987,0.209819,0.291590,0.125894,0.218929,0.178010,0.111042,0.206266,0.138436,0.142382,0.076493,0.305367,0.138330,0.062028,0.325094,0.165995,0.174982,0.195669,0.183072,0.057434,0.245542,0.231650,0.186987,0.185736,0.214938,0.065236,0.210750,0.165090,0.309272,0.255515,0.162533,0.200189,0.241463,0.283621,0.231687,0.178575,0.269331,0.228742,0.250815,0.048436,0.168641,0.126315,0.192017,0.206478,0.244617,0.042751,0.064954,0.222102,0.296600,0.318399,0.163459,0.220331,0.118698,0.189650,0.290687,0.155334,0.205218,0.224503,0.073350,0.219484,0.145879,0.228574,0.186868,0.262496,0.105090,0.150577,0.168039,0.225876,0.162721,0.154942,0.198728,0.138351,0.211103,0.151441,0.071305,0.080153,0.053825,0.218839,0.131796,0.274637,0.075045,0.094278,0.146770,0.050918,0.213970,0.232605,0.275939,0.235411,0.311168,0.189633,0.317231,0.351888,0.203511,0.186008,0.141649,0.002971,0.260356,0.145219,0.220700,0.264767,0.282672,0.113003,0.091647,0.147502,0.111095,0.151081,0.242566,0.032402,0.210395,0.224238,0.180188,0.192796,0.216449,0.110169,0.254894,0.147822,0.216277,0.238889,0.226077,0.165354,0.162728,0.162224,0.061390,0.256587,0.248754,0.223371,0.264853,0.218114,0.151791,0.132139,0.106512,0.228174,0.231915,0.231078,0.243093,0.114439,0.232192,0.100520,0.401125,0.182353,0.129607,0.236418,0.181682,0.153165,0.105484,0.097785,0.102180,0.201640,0.180709,0.179977,0.195432,0.121469,0.106964,0.305768,0.166841,0.284447,#
6,0.136132,0.222849,0.199556,0.253854,0.108615,0.148435,1.000000,0.101934,0.241393,0.034468,0.123858,0.136757,0.106871,0.224026,0.059589,0.119838,0.145257,0.156487,0.120809,0.079885,0.246783,0.164352,-0.059814,0.113900,0.047958,0.140397,0.103755,0.107315,0.117789,0.265614,0.129369,0.121348,0.092171,0.179877,0.039207,0.103053,0.051381,0.118369,0.132969,0.163041,0.069177,0.045301,0.100522,0.096958,0.195807,0.155536,0.160589,0.095250,0.125394,0.106559,0.066071,0.178356,0.180628,0.117165,0.023952,0.142702,0.131434,0.140745,0.213011,0.157267,0.238147,0.000529,0.140246,0.133324,0.282673,0.262961,0.205751,0.181783,0.116590,0.116565,0.089619,0.131275,0.165076,0.221502,0.235816,0.138213,0.150954,0.147974,0.184806,0.081553,0.179084,0.081747,0.209540,0.014938,0.159277,0.139994,0.136472,0.157775,0.075012,0.101785,0.084271,0.085892,0.075189,0.095424,0.062538,0.068965,0.266317,0.081606,0.127474,0.265857,0.177204,0.172226,0.211338,0.073948,-0.148414,0.151584,0.126743,0.058130,0.105362,0.076645,0.166970,0.173483,0.049458,-0.031740,0.104901,0.102726,0.341138,0.057593,0.110922,0.095589,0.206161,0.173386,0.023131,0.192760,0.148928,0.171453,0.051977,0.184048,0.061207,0.227696,0.135062,0.085191,0.211015,-0.003286,0.240342,0.222367,0.068473,0.132091,0.224219,0.137824,0.149568,0.111954,0.035727,0.114385,0.047729,0.123779,0.137449,0.105677,0.147717,-0.084492,0.192307,0.014547,0.123291,-0.038329,0.266652,0.013315,-0.004195,0.177634,0.171965,0.057217,0.031619,0.256627,0.269153,0.182125,0.180732,0.201517,0.073481,0.124649,0.099302,0.116341,0.064161,0.074300,0.083384,0.021516,0.146828,0.213419,0.078524,0.208764,0.204550,-0.041316,0.101706,0.052725,0.241766,0.233712,0.219055,0.143745,0.052050,0.078435,0.016013,0.226139,0.044666,0.154896,0.104439,0.203046,0.060362,0.044657,0.134217,0.209849,0.156238,0.183470,#
7,0.008466,0.155076,0.211157,0.138091,0.162395,0.214040,0.101934,1.000000,0.324096,0.187897,0.192243,0.290289,0.093485,0.182651,0.249696,0.102081,0.177659,0.229065,0.057834,0.157769,0.131131,0.194344,0.218198,0.165736,0.214906,0.168097,0.180502,0.238886,0.054349,0.199724,0.049825,0.129420,0.124551,0.152059,0.007051,0.144101,0.028582,-0.028527,0.243696,0.178825,0.091658,0.124229,0.115414,0.250581,0.195169,0.232822,0.174836,0.157462,0.097209,0.111050,0.176360,0.142104,0.026750,0.216855,0.126896,0.175180,0.123661,0.189117,0.177984,0.066855,0.186675,0.106951,0.115840,0.059645,0.238799,0.207415,0.122254,0.098050,0.143611,0.338804,0.114619,0.026606,0.352864,0.143616,0.163845,0.121412,0.027966,0.181783,0.235709,0.265965,0.223335,0.143999,0.154156,0.078184,0.216809,0.049298,0.124177,0.144581,0.146680,0.150667,0.007958,0.092057,0.190738,0.161215,0.072483,0.013681,0.040626,0.174291,0.086018,0.135084,0.204617,0.079884,0.054235,0.092100,0.024299,0.255873,0.272036,0.102974,0.126887,0.128127,0.099882,0.047143,0.110807,0.112373,0.323528,0.188422,0.018340,-0.011987,-0.001152,0.254940,0.134358,0.170901,0.094255,0.260624,0.225103,0.087218,0.220596,0.203895,0.133251,0.123884,0.116937,0.116661,0.293952,0.072878,0.323007,0.285446,-0.046435,0.282616,0.049971,0.095125,0.267373,0.138323,0.134731,0.072439,0.176989,0.164488,0.191860,0.173537,0.155993,0.168072,0.076026,0.195678,0.113328,0.138275,0.069480,0.180488,0.164492,0.120594,0.168678,0.192500,0.171109,0.128874,0.208682,0.100148,0.017556,0.269947,0.210500,0.030916,0.083395,0.069697,0.192438,0.200047,0.189214,0.098891,0.170363,0.134379,0.151743,0.141121,-0.016175,0.142884,0.281567,0.090940,0.164553,0.186567,-0.078108,0.195560,0.007010,-0.063557,0.139875,0.248304,0.151002,0.055778,0.157447,0.027091,0.125473,0.092274,0.042161,0.202587,0.170241,0.169529,#
8,0.186560,0.313317,0.154830,0.314843,0.298633,0.275688,0.241393,0.324096,1.000000,0.231439,0.221717,0.248084,0.228614,0.209452,0.312749,0.225304,0.090231,0.209420,0.165017,0.256304,0.196472,0.194459,0.214715,0.352954,0.103610,0.257305,0.169584,0.252057,0.074732,0.286883,0.077294,0.220508,0.192999,0.204499,0.071199,0.221887,0.280561,0.089431,0.247844,0.235777,0.214297,0.222184,0.178389,0.211417,0.242114,0.199791,0.149448,0.208092,0.159864,0.218385,0.187570,0.329244,0.053529,0.359647,0.124268,0.351629,0.145275,0.299255,0.148940,0.279653,0.271872,0.139349,0.304951,-0.017059,0.327132,0.375526,0.225664,0.194627,0.356385,0.269566,0.152405,0.154065,0.343298,0.172762,0.225594,0.153169,0.131564,0.217913,0.241110,0.183208,0.266838,0.285817,0.248853,0.091123,0.360279,0.176797,0.125008,0.201186,0.157612,0.287588,0.201103,0.233639,0.213462,0.198332,0.385844,0.305806,0.238583,0.177071,0.237290,0.112687,0.273925,0.102010,0.147616,0.222175,0.229459,0.249678,0.328840,0.271706,0.132751,0.201844,0.156795,0.203496,0.082333,0.230873,0.302114,0.309793,0.167523,0.155737,0.063430,0.269979,0.279876,0.204477,0.257956,0.228093,0.231625,0.275454,0.216491,0.300964,0.168707,0.291816,0.169585,0.089357,0.345025,0.190518,0.381372,0.316085,0.128368,0.254280,0.194060,0.128026,0.208476,0.207349,0.284742,0.177560,0.161654,0.176720,0.296092,0.277568,0.201524,0.163169,0.243287,0.104456,0.183625,0.248128,0.408333,0.260621,0.150126,0.286862,0.130640,0.249717,0.097921,0.256162,0.187716,0.193944,0.222177,0.227747,0.244862,0.072988,0.248856,0.224388,0.227402,0.269077,0.189390,0.199042,0.231079,0.270487,0.167519,0.323717,0.212604,0.148091,0.241441,0.165949,0.114688,0.268097,0.201079,0.256898,0.036242,0.058441,0.252967,0.217553,0.237844,0.163794,0.242827,0.125460,0.218050,0.112955,0.142746,0.150337,0.179438,0.222382,#
9,0.095822,0.097603,0.141787,0.141375,0.193708,0.217551,0.034468,0.187897,0.231439,1.000000,0.278047,0.044649,0.090910,0.174589,0.226893,0.197740,0.051198,0.046112,0.033252,0.290986,0.146827,0.066587,0.160704,0.212077,-0.015692,0.079472,0.226814,0.159460,0.127886,0.148422,0.166899,0.134076,0.073215,0.198450,0.228926,0.115770,0.023098,0.143537,0.172908,0.015382,0.266029,0.091512,0.151257,0.006578,0.104672,0.143558,0.166861,0.079717,0.049773,0.090741,0.019878,0.202616,0.025837,0.144656,0.069808,0.244573,0.129881,0.162739,0.177360,0.041118,0.181477,0.076775,0.235511,0.069712,0.210881,0.228369,0.069795,0.075432,0.144262,0.057021,0.250311,0.173442,0.163943,0.111872,0.159065,0.130092,-0.013144,0.114415,0.254830,0.184513,0.062207,0.257073,-0.005469,0.034474,0.259543,0.100234,0.104429,0.207051,-0.055223,-0.075945,-0.009741,0.202723,0.183583,0.040578,0.147966,0.115241,0.189009,0.247278,0.216003,-0.018831,0.116720,0.174451,0.233541,0.106110,0.257319,0.153390,0.153819,0.049025,0.182647,0.090279,0.127554,0.146170,0.232847,0.271272,0.065503,0.166781,0.043863,0.108129,0.112210,-0.051983,0.142455,0.254484,0.143290,0.224056,0.071576,0.109060,-0.016670,0.141775,0.213709,0.254240,0.171229,0.017886,0.163305,0.217313,0.188193,0.179707,0.131247,0.208546,0.054903,-0.023706,0.042560,0.203789,0.187023,0.122269,0.034837,0.112648,0.159457,0.155485,0.054805,0.228108,0.080546,-0.052763,0.251505,0.219857,0.218426,0.157383,0.143379,0.134560,0.305653,0.083068,0.149624,0.110735,0.072221,0.288846,0.146324,0.081829,0.072197,0.079450,0.281004,0.094545,0.173779,0.250523,0.079977,0.147664,0.091334,0.239406,0.153841,0.111626,0.105862,0.095520,0.090266,0.032203,0.215451,0.155777,0.051172,0.144626,0.043169,0.072136,0.326052,0.099293,0.112465,0.144072,0.092600,0.139922,0.047745,0.088486,0.096495,0.115925,0.123838,0.188547,#
10,0.191320,0.291109,0.243699,0.246738,0.075259,0.279038,0.123858,0.192243,0.221717,0.278047,1.000000,0.116946,-0.087409,0.139334,0.171421,0.139478,0.137247,0.137670,0.116128,0.181011,0.094703,0.063148,0.004687,0.225908,0.080163,0.032176,0.155567,0.288695,0.018178,0.254590,0.185435,0.156772,0.140526,0.180040,0.135686,0.178592,0.035339,0.114378,0.247086,0.083570,0.240733,0.078625,0.066193,0.012564,0.081464,0.170731,0.213640,0.194196,0.212626,0.242547,0.047299,0.201529,0.096294,0.146675,0.047489,0.275830,0.118394,0.058256,0.113394,0.105571,0.086987,0.155591,0.196154,0.219171,0.313191,0.209918,0.147603,0.053660,0.057959,0.127092,0.093326,0.191148,0.202619,0.180677,0.115689,0.170313,0.114946,0.090097,0.155997,0.137395,0.285301,0.171124,0.203266,0.149852,0.271333,0.014327,0.213162,0.278907,0.056721,0.148890,0.060232,0.165340,0.231601,0.144895,0.185128,0.258487,0.149133,0.020615,0.297056,0.196850,0.119969,0.111864,0.141431,0.083040,0.293259,0.010076,0.233124,0.250936,0.123940,0.082161,0.036515,0.213523,0.090063,0.110517,0.259092,0.315931,0.110518,0.061571,0.117964,0.046447,0.107485,0.234841,0.068352,0.147055,0.018328,0.073956,0.190333,0.245845,0.124249,0.198329,0.166238,0.088068,0.175408,0.045611,0.244292,0.199790,0.066078,0.342808,0.077826,0.048540,0.266720,0.055223,0.171453,0.096042,0.057818,0.032137,-0.011191,0.092160,0.106995,0.110911,0.124466,0.121865,0.235842,0.088337,0.198271,0.094309,0.222320,-0.009473,0.240891,0.163693,0.218848,0.134221,0.250446,0.201736,0.141053,0.168639,0.225863,0.197866,0.237666,0.169680,0.161364,0.161975,0.046773,0.154189,0.122327,0.120450,0.225903,0.232475,0.075741,0.183231,0.147844,0.074906,0.299874,0.068511,0.142742,0.111894,0.044839,-0.085979,0.126380,0.165771,0.193787,0.105037,0.149137,0.065462,0.240525,0.044920,0.003368,0.262797,0.247397,0.325702,#
11,0.073625,0.254946,0.261047,0.256435,0.193280,0.134039,0.136757,0.290289,0.248084,0.044649,0.116946,1.000000,0.129860,0.130935,0.041741,0.069150,0.085298,0.281778,0.155308,0.022158,0.117786,0.178540,-0.018373,0.122362,0.213084,0.265973,-0.052200,0.285062,-0.073714,0.234043,0.201242,0.189150,0.147328,0.217470,0.092164,0.135763,0.227747,0.045013,0.158426,0.204110,0.175127,0.212473,0.287196,0.208928,0.049528,0.207215,0.246417,0.093456,0.178403,0.116171,0.168450,0.208943,0.097019,0.323382,0.010560,0.119317,0.110904,0.270586,0.194153,0.059722,0.096543,0.070273,0.226302,0.047605,0.201856,0.257367,0.220331,0.283245,0.164610,0.266278,0.108918,0.085987,0.246529,0.104474,0.106944,0.051564,0.136227,0.122858,0.189157,0.078465,0.211860,0.113232,0.240891,0.096885,0.303073,-0.020215,0.145296,0.253101,0.274875,0.067360,0.075776,0.202900,0.318442,0.316619,0.167322,0.233861,0.020842,0.101309,0.184649,0.219216,0.188123,0.109403,0.037809,0.175476,0.113363,0.321045,0.267946,0.269677,0.226463,0.164120,0.219398,0.160728,0.198557,0.167190,-0.016571,0.344446,0.073190,0.157890,-0.069244,0.164338,0.097449,0.189466,0.217911,0.143418,0.193075,0.032256,0.159532,0.155730,0.219669,0.217892,0.098716,0.244344,0.267413,0.257395,0.185112,0.185423,-0.035463,0.322604,0.020761,0.233497,0.173715,0.057752,0.159874,0.175342,0.218108,0.112888,0.156134,0.136201,0.131171,0.098611,0.069472,0.248142,0.104218,0.191476,0.306816,0.093628,0.078055,-0.011205,0.183930,0.160400,0.134910,0.260355,0.058148,0.079086,0.156565,0.106778,0.283614,0.123517,0.191897,0.192447,0.197935,0.160864,0.089201,0.028013,0.142098,0.207644,0.228900,0.202825,0.038775,0.133232,0.254745,0.107215,0.174590,0.071857,0.005936,0.191274,0.042581,0.066786,0.161632,0.165334,0.140557,0.049043,0.328322,0.121062,0.236858,0.088464,0.127441,0.204098,0.128755,0.271131,#
12,0.082613,0.142156,0.097695,0.135302,0.196664,0.194070,0.106871,0.093485,0.228614,0.090910,-0.087409,0.129860,1.000000,0.052220,0.232188,0.120127,0.335385,0.183794,0.168392,0.298754,0.109503,0.124517,0.160752,0.217167,0.000310,0.160173,0.127692,0.126526,0.127137,0.155939,0.013840,0.217212,0.201983,0.158797,0.140037,0.225342,0.213861,-0.012500,0.158648,0.171870,0.120533,-0.006283,0.170940,0.304452,0.197268,0.177996,0.204601,-0.056250,0.124072,0.067924,0.209848,0.102266,0.036598,0.220820,0.120627,0.133641,0.014786,0.152570,0.090093,-0.062550,0.080308,0.220409,0.022574,0.105750,0.270543,0.204057,0.116015,0.159033,0.148593,0.130434,0.110751,0.106023,0.173246,0.039517,0.267352,0.183765,0.161646,-0.003375,0.117597,0.014802,0.216368,0.163483,0.045042,0.072245,0.171828,0.136100,0.104621,0.215135,0.242703,0.017895,0.041046,0.029706,0.036782,0.128156,0.160037,0.197238,0.354350,0.189015,0.088916,0.041656,0.160603,0.121061,0.094577,0.184496,0.158297,0.120485,0.195401,0.052803,0.012892,0.086313,0.252750,0.036214,0.123649,0.145717,0.116990,0.078280,0.196035,0.045975,0.066532,-0.004008,0.166214,0.158391,0.227140,0.225182,0.209766,-0.015882,0.148846,-0.008462,0.002605,0.121595,0.135582,0.095722,0.110896,0.096570,0.113311,0.093860,0.165242,0.179114,0.195285,0.083172,0.161515,0.118389,0.153023,0.082774,0.079043,0.211979,0.067964,0.188148,0.103920,0.112872,0.045461,0.239564,0.120682,0.089199,0.123531,0.191627,0.073258,-0.067317,0.054417,0.109024,0.048671,0.328349,0.221200,0.202892,0.168593,0.075192,0.231158,0.117238,0.003187,0.048277,0.152721,0.165374,0.075705,0.127950,0.139332,0.147864,0.188722,0.248395,0.041562,0.063363,0.154359,0.123569,0.200749,0.122972,0.070979,0.180445,0.096129,0.196171,0.074863,-0.013198,0.127845,0.029312,0.130330,0.121767,0.020493,0.042230,0.128891,0.151737,0.169111,0.055610,#
13,0.057428,0.039685,0.299509,0.164400,0.184805,0.158707,0.224026,0.182651,0.209452,0.174589,0.139334,0.130935,0.052220,1.000000,0.218478,0.125827,0.237547,0.071245,0.186515,0.216453,0.220341,0.163093,0.037881,0.192036,-0.014883,0.256303,0.265899,0.213102,0.100915,0.170529,0.147985,0.191747,0.222420,0.160485,0.177887,0.147688,0.051202,0.085718,0.017344,0.140368,0.067606,0.216276,0.232796,0.164863,0.121394,0.178808,0.163717,0.164966,0.165206,0.085917,0.159441,0.198462,0.164541,0.269766,0.115994,0.267281,0.041775,0.214849,0.131373,0.200639,0.198375,0.160443,0.298973,0.087784,0.208389,0.201033,0.330739,0.160171,0.279025,0.153476,0.019427,0.064642,0.160312,0.148955,0.293548,0.179420,0.197858,0.238447,0.234915,0.230583,0.180826,0.271730,0.149740,0.242145,0.230224,0.035338,0.200775,0.209520,0.201036,0.104812,0.102163,0.089854,0.261590,0.237505,0.074786,0.094239,0.201844,0.084290,0.212732,0.245447,0.227325,0.223067,0.265700,0.248587,0.064500,0.200084,0.212892,0.168415,0.288508,0.177405,0.112096,0.191206,0.300445,0.188668,0.283196,0.229658,0.269894,0.223821,0.025654,0.232454,0.237693,0.197142,0.196402,0.207419,0.221379,-0.016617,0.079436,0.008067,0.249148,0.282541,0.091812,0.138006,0.157663,0.138254,0.350483,0.190931,0.133212,0.174011,0.224017,0.151889,-0.040255,0.109392,0.346159,0.189800,0.153287,0.273769,0.254442,0.219737,0.070692,0.209067,0.066751,0.161428,0.186113,0.226981,0.253227,0.241129,-0.003184,0.190253,0.234812,0.248782,0.101795,0.332481,0.174860,0.299489,0.169498,0.196574,0.069123,0.082766,0.172838,0.196570,0.163516,0.301267,0.196337,0.112979,0.176064,0.216009,0.147187,0.199506,0.287257,-0.057266,0.140160,0.197022,0.173621,0.202495,0.172642,0.237874,0.209904,0.096058,0.044492,0.180016,0.144510,0.188980,0.211706,0.160148,0.143106,0.199682,0.097077,0.128223,0.240920,0.223306,#
14,0.252762,0.077255,0.049344,0.122839,0.138494,0.164047,0.059589,0.249696,0.312749,0.226893,0.171421,0.041741,0.232188,0.218478,1.000000,0.295604,0.149597,0.153081,0.237427,0.293762,0.175157,0.084834,0.164127,0.320176,0.099355,0.082615,0.180499,0.201422,0.225061,0.193414,0.035828,0.186760,0.121875,0.126082,0.183831,0.164283,0.130827,0.199139,0.163407,0.239534,0.069158,0.037246,0.183166,0.117495,0.197950,0.240211,0.159928,0.076009,0.067451,0.145061,0.196230,0.084856,0.145081,0.241455,0.299880,0.206707,0.189307,0.132761,0.141802,0.081381,0.235140,0.208611,0.111572,0.130832,0.174002,0.108962,0.154648,0.176779,0.145831,0.222773,0.107507,0.148135,0.169765,0.252039,0.198576,0.129133,0.220976,0.193596,0.109854,0.135862,0.255936,0.246620,0.164316,0.250667,0.222141,0.136572,0.008864,0.152418,0.137393,0.062390,0.108109,0.116795,0.237017,0.174159,0.215111,0.135211,0.311681,0.121059,0.152187,0.107975,0.188170,0.206717,0.146558,0.174948,0.186661,0.144226,0.252910,0.212969,0.002997,0.161701,0.060085,-0.015482,0.161136,0.147146,0.182025,0.164118,0.174655,0.125460,0.165641,0.130409,0.328086,0.222685,0.092534,0.141425,0.169408,0.076742,0.131170,0.198722,0.024414,0.315122,0.100182,0.108994,0.154827,0.038741,0.189554,0.120656,0.036934,0.186164,0.047611,0.051237,0.237857,0.193175,0.253114,0.116837,0.031918,0.299954,0.114694,0.108729,0.053569,0.047020,0.156963,0.030240,0.070995,0.177936,0.191195,0.193802,0.204545,0.145293,0.094682,0.156161,0.071205,0.190753,0.142918,0.117187,0.182886,0.097404,0.202649,0.119541,0.095066,0.234110,0.247162,0.209840,0.219523,0.150258,0.069780,0.154258,0.321241,0.259434,0.252995,0.110263,0.202092,0.252439,0.143457,0.105700,0.142722,0.120360,0.106542,-0.044385,0.035820,0.187280,0.024206,0.101834,0.195223,0.231102,0.227120,0.006274,0.039591,0.153736,0.252014,0.087497,#
15,0.230732,0.057074,0.179201,0.123181,0.181537,0.194681,0.119838,0.102081,0.225304,0.197740,0.139478,0.069150,0.120127,0.125827,0.295604,1.000000,0.233739,0.254108,0.153553,0.192880,0.136307,0.059813,0.164731,0.286522,0.063883,0.232659,0.136144,0.127208,0.171479,0.272269,0.080898,0.207556,0.109455,0.250858,0.091213,0.156112,0.138254,0.080010,0.245799,0.082600,0.128224,0.126734,0.143520,0.139107,0.205485,0.121370,0.011370,0.147866,0.053264,0.187127,-0.061264,0.294516,0.101870,0.146002,0.157828,0.137041,0.111779,0.123088,0.173532,0.215776,0.245608,0.075607,0.242165,0.018748,0.119904,0.266365,0.130075,0.148416,0.152725,0.020677,0.197520,0.149510,0.104807,0.122923,0.144554,0.177453,0.092627,0.246608,0.105655,0.123734,0.278488,0.177212,0.039503,0.250304,0.227554,0.094281,0.082986,0.288476,0.173669,0.086757,0.077081,0.087116,0.163103,0.191955,0.100766,0.114174,0.285621,0.095482,0.159506,0.074974,0.252172,0.098074,0.167274,0.172860,0.043809,0.182059,0.237515,0.152198,0.051410,0.217440,-0.013778,0.204002,0.102720,0.100355,0.117338,0.231295,0.136296,0.041702,0.040279,0.035046,0.215398,0.221505,0.193210,0.195065,0.109909,0.060187,0.179642,0.174781,0.138709,0.263001,0.007550,0.150080,0.097728,0.203117,0.208882,0.207985,0.009144,0.042997,0.032528,-0.042765,0.052686,0.133171,0.166175,0.082460,0.150081,0.043257,0.133377,0.160018,0.224494,0.086611,0.174262,-0.045926,0.175332,0.290278,0.062388,0.270219,0.164389,0.184284,0.124323,0.211531,0.042606,0.127630,0.304316,0.091084,0.161391,0.230149,0.185298,0.194902,0.204167,0.048565,0.009294,0.208321,0.082585,0.060133,0.130957,0.137320,0.276798,0.177571,0.033270,0.093929,0.209149,0.102966,0.162086,0.301483,0.033062,0.147233,-0.023345,0.138412,0.001038,0.077340,-0.104043,0.151842,0.194379,0.148478,0.063218,0.137307,0.120020,0.175199,0.151825,0.048937,#
16,0.186664,0.174602,0.070190,0.185637,0.167378,0.178899,0.145257,0.177659,0.090231,0.051198,0.137247,0.085298,0.335385,0.237547,0.149597,0.233739,1.000000,0.159738,0.093344,0.287055,0.277629,0.109180,0.123218,0.214159,0.010312,0.229090,0.205447,-0.038888,0.103753,0.280688,0.098063,0.285505,0.059344,0.314001,0.102132,0.148762,0.152141,0.037565,0.202309,0.165214,0.036040,0.117346,0.193680,0.190385,0.145233,0.261341,0.104334,0.055908,0.134200,0.090131,0.080330,0.151667,0.216468,0.219848,0.210810,0.087422,0.018669,0.097705,0.172201,-0.007102,0.058717,0.253257,0.193361,0.159384,0.193996,0.152516,0.124017,0.317036,0.134723,0.220707,0.005218,0.119445,0.309050,0.103421,0.169774,0.173333,0.065035,0.253617,0.142167,0.144798,0.151645,0.135850,0.050885,0.203349,0.195693,0.152430,0.223126,0.215359,0.205037,0.130778,0.106319,0.152625,0.154080,0.103518,0.145706,0.112146,0.220207,0.059882,0.148084,0.225575,0.070333,0.050845,-0.022814,0.141104,0.109673,0.150323,0.215512,0.049771,0.038497,0.170958,0.146573,0.155044,0.184697,0.098084,0.271905,0.221668,0.130174,0.129277,0.018732,0.133489,0.218453,0.227874,0.212648,0.275065,0.261676,-0.006271,0.145804,0.000592,0.105513,0.256567,0.136873,0.087138,0.304358,-0.120284,0.353751,0.303421,0.050413,0.165907,0.125149,0.194595,0.060319,0.153544,0.099452,0.135227,0.254086,0.099479,0.066150,0.162037,0.216853,0.201795,-0.017861,0.211793,0.097629,0.102824,0.188966,0.213055,0.070355,0.060486,0.102319,0.219356,0.066542,0.297782,0.273180,0.206506,0.099327,0.119861,0.254544,0.147755,0.051171,-0.016504,0.063775,0.198751,0.091233,0.000396,0.144877,0.211022,0.108512,0.193372,0.153095,0.024108,0.095316,0.111367,0.243023,0.060510,0.090912,0.215314,0.153234,0.184440,0.090940,0.076949,0.228876,-0.048470,-0.005425,0.105005,0.119078,0.256474,0.087509,0.155087,0.060849,0.107999,#
17,0.290071,0.155169,0.085336,0.200805,0.181631,0.235137,0.156487,0.229065,0.209420,0.046112,0.137670,0.281778,0.183794,0.071245,0.153081,0.254108,0.159738,1.000000,0.081124,0.213458,0.273738,0.104120,0.105699,0.282789,0.091423,0.209584,0.096243,0.075845,0.029120,0.214743,0.123952,0.147252,0.256520,0.141461,0.048627,0.204522,0.022771,0.135754,0.300143,0.120772,0.247819,0.191889,0.142952,0.203742,0.094309,0.249375,0.172381,0.136886,0.185696,0.107325,0.190323,0.158898,-0.031814,0.164678,0.135171,0.239943,0.216904,0.135300,0.150082,0.096434,0.202936,0.102472,0.088955,0.108087,0.186131,0.268929,0.243463,0.277785,0.154227,0.214832,0.103533,0.198976,0.143980,0.136477,0.149908,0.181072,0.080289,0.165948,0.076572,0.207197,0.219361,0.153615,0.235407,0.104840,0.161794,-0.051361,0.222036,0.140366,0.215934,0.157792,0.019712,0.043429,0.224520,0.199327,0.040167,0.170284,0.226314,0.201475,0.111076,0.140326,0.186615,-0.040045,0.096480,0.171146,0.054933,0.205188,0.199113,0.179532,0.066720,0.009135,0.156565,0.148193,0.056529,0.240379,0.149695,0.163435,0.068278,0.082182,0.022379,0.153057,0.086328,0.202567,0.117930,0.221970,0.321623,0.138390,0.198372,0.089293,0.033293,0.206104,0.176228,0.224948,0.295364,0.097894,0.147814,0.267848,0.158631,0.188126,0.152139,0.256199,0.229824,0.190127,0.172300,0.189963,0.225235,0.160375,0.049593,0.117559,0.097833,-0.013930,0.134477,-0.057133,0.039587,0.180947,0.262562,0.205359,0.133712,0.054439,0.277241,0.195837,0.132310,0.262918,0.255024,0.164588,0.168203,0.167749,0.132958,0.218737,0.143680,0.093806,0.277736,0.045450,0.084014,0.082186,0.178517,0.069721,0.265066,0.144642,0.001788,0.291379,0.157356,0.243369,0.226311,0.166579,0.044033,0.140644,0.143645,0.179533,0.155646,0.116228,0.082442,0.179842,0.237364,0.143305,0.285061,0.179653,0.079862,0.203512,0.112252,0.205143,#
18,0.205681,0.039216,0.142870,0.254182,0.186327,0.039785,0.120809,0.057834,0.165017,0.033252,0.116128,0.155308,0.168392,0.186515,0.237427,0.153553,0.093344,0.081124,1.000000,0.177963,0.161519,0.144113,0.047237,0.293180,0.172082,0.104666,0.093688,0.268911,0.099110,0.122450,0.045826,0.032869,0.186790,0.109499,0.181622,0.210109,0.165542,0.072942,0.096277,0.285622,0.081329,0.118405,0.139863,0.152259,0.190845,0.099683,0.119306,0.022535,-0.056102,0.166170,0.107851,0.020678,0.171155,0.158046,0.136191,0.185877,0.112042,0.116264,0.041148,0.034194,0.161905,0.034849,0.210442,0.068778,0.130985,0.191893,0.216570,0.189679,0.005299,0.042667,0.039718,0.057296,0.076653,0.041261,0.115830,0.105716,0.124534,0.168295,0.177666,0.142578,0.184893,0.068910,0.151153,0.197159,0.173199,-0.090610,0.156750,0.088128,0.114168,0.061612,0.206362,0.037498,0.146060,0.133708,0.146643,0.206142,0.313470,0.100001,0.102176,0.191064,0.138335,0.198976,0.166564,0.128550,0.266060,0.217656,0.120964,0.083878,0.057259,0.084047,0.221517,0.162731,0.214673,0.100504,0.013886,0.080267,0.054998,-0.035572,0.037947,0.130065,0.078402,0.129374,0.135875,0.013131,0.123228,-0.061896,0.089687,0.130290,0.221907,0.160956,0.089268,0.235439,0.114526,0.144675,0.201716,0.060406,0.067855,0.233431,0.037457,0.128342,0.140358,0.059589,0.183939,0.130462,0.119273,0.207776,0.060707,0.094392,0.026979,0.077001,0.011091,0.165703,0.120860,0.107112,0.114939,0.153192,0.163249,0.107585,0.024224,0.296422,0.159657,0.169941,0.146049,0.149054,0.126592,0.225789,0.179031,0.107648,0.067958,0.175906,-0.037640,0.106591,0.192100,0.068145,0.009090,0.232175,0.191308,0.201403,0.206185,0.040388,0.104950,0.089318,0.197275,0.084454,0.153190,0.014847,0.284673,0.039700,0.073645,0.071738,0.131944,0.202404,0.229779,0.146393,0.131495,0.033740,0.048811,0.195936,0.273677,0.110220,#
19,0.303615,0.177285,0.199826,0.196054,0.339854,0.250918,0.079885,0.157769,0.256304,0.290986,0.181011,0.022158,0.298754,0.216453,0.293762,0.192880,0.287055,0.213458,0.177963,1.000000,0.169325,0.158175,0.187137,0.272944,0.054407,0.224957,0.266139,0.134505,0.131438,0.309959,0.097704,0.218584,0.188707,0.195540,0.140167,0.210794,0.135149,0.014787,0.335448,0.176007,0.207313,0.163139,0.078127,0.083309,0.129989,0.254712,0.286636,0.255907,0.161785,0.185407,0.112283,0.175946,0.041666,0.304230,0.191999,0.265616,0.198973,0.115537,0.231780,0.102404,0.278102,0.244887,0.217290,0.186297,0.334895,0.180809,0.116552,0.278873,0.098926,0.197332,0.195930,0.189731,0.209055,0.127470,0.267315,0.320040,0.130194,0.273241,0.350439,0.135004,0.280383,0.191518,0.186707,0.155580,0.307690,0.088216,0.110409,0.281517,0.204669,0.016523,0.081021,0.135909,0.275625,0.108764,0.122164,0.173207,0.272060,0.215979,0.043360,0.164178,0.220670,0.153476,0.193822,0.219773,0.251476,0.324910,0.184802,0.355187,0.109191,0.012824,0.113399,0.169892,0.241107,0.270847,0.195452,0.170585,0.271071,0.230891,0.146350,-0.027247,0.254690,0.325585,0.220086,0.254591,0.359224,0.125555,0.306873,0.181461,0.066520,0.260505,0.118925,0.063492,0.245950,0.118751,0.269702,0.198143,0.159731,0.273855,0.086868,0.115767,0.126345,0.209258,0.243415,0.139784,0.170871,0.201315,0.113067,0.216515,0.238016,0.072677,0.140878,0.230473,0.147970,0.229488,0.263910,0.118882,0.158210,0.095243,0.230595,0.209149,0.285914,0.276842,0.225464,0.154209,0.228247,0.220338,0.092564,0.166201,0.230864,0.093274,0.192101,0.203430,0.310120,0.224065,0.142375,0.144188,0.308968,0.300078,0.179774,0.110208,0.061561,0.277047,0.220693,0.246095,0.259298,0.173402,0.166931,0.134384,0.218431,0.134220,0.304234,0.239689,0.127656,0.191507,0.129526,0.181432,0.049615,0.155161,0.285986,0.315622,#
20,0.117712,0.034465,0.282297,0.226135,0.361098,0.207522,0.246783,0.131131,0.196472,0.146827,0.094703,0.117786,0.109503,0.220341,0.175157,0.136307,0.277629,0.273738,0.161519,0.169325,1.000000,0.154289,0.101193,0.242065,0.154337,0.310441,0.184130,0.058120,0.087673,0.196858,0.100401,0.132126,0.183344,0.216248,0.114768,0.217113,0.232542,0.105699,0.205345,0.237675,0.157869,0.284676,0.083958,0.070004,0.259507,0.242929,0.296279,0.073244,0.051631,0.176320,-0.026556,0.194161,0.081588,0.293546,0.207661,0.161773,0.189759,0.184583,0.199717,0.049751,0.211800,0.108201,0.244202,0.116113,0.194901,0.140530,0.163921,0.172816,0.241246,0.237141,0.257759,0.157880,0.245752,0.166083,0.160015,0.035431,0.099406,0.295558,0.148104,0.138791,0.227544,0.207345,0.243900,0.057563,0.217625,0.163051,0.170229,0.179020,0.200663,0.136897,0.160332,0.192694,0.205677,0.241631,0.255175,0.108670,0.192205,0.255902,0.182209,0.079490,0.194940,0.070755,0.192691,0.131002,0.141554,0.150817,0.189479,0.156956,0.034455,0.250445,0.258068,0.261145,0.138619,0.161075,0.143785,0.223701,0.234305,0.143997,-0.026152,0.169935,0.153157,0.221109,0.093241,0.182743,0.218239,0.099728,0.220818,0.183106,0.278264,0.264760,0.236861,0.132244,0.242459,0.063619,0.264669,0.167343,0.187014,0.152129,0.196608,0.135357,0.151412,0.208374,0.117337,0.172320,0.238786,0.154873,0.014161,0.184737,0.169332,0.211551,0.233665,0.164376,0.075402,0.218224,0.198459,0.148876,0.113329,-0.040017,0.130058,0.344033,0.106934,0.299151,0.228449,0.190939,0.213015,0.060828,0.053743,0.196225,0.133289,0.044320,0.200709,0.089426,0.115756,0.061455,0.065596,0.263323,0.069154,0.152198,0.291883,0.154581,0.154735,0.119377,0.167258,0.213399,0.159321,-0.008260,0.158159,0.146862,0.130783,0.293325,0.066986,0.126347,0.164508,0.195324,0.189330,0.125748,0.129434,0.219034,0.199759,0.230599,#
21,0.124475,0.163019,0.241334,0.175293,0.175873,0.034986,0.164352,0.194344,0.194459,0.066587,0.063148,0.178540,0.124517,0.163093,0.084834,0.059813,0.109180,0.104120,0.144113,0.158175,0.154289,1.000000,0.041627,0.124873,0.052103,0.040727,0.166749,0.108177,0.214143,0.134185,0.107499,0.153200,0.137687,0.213719,0.053623,0.262443,0.272237,0.189625,0.281395,0.082894,0.023634,0.147949,0.063805,0.144209,0.066315,0.140729,0.191549,0.225933,0.029501,0.052566,0.155939,0.067389,-0.021498,0.084215,0.140789,0.095848,0.108172,0.079629,-0.002034,-0.001772,0.127445,0.015433,0.184106,0.101162,0.287737,0.224932,0.038694,0.169157,0.252521,0.224595,0.243166,0.123948,0.308114,0.240792,0.124976,0.106053,0.006818,0.118625,0.016737,0.123668,0.201092,0.112056,0.074146,-0.075081,0.187227,-0.030545,0.164076,0.048116,0.160932,0.223638,0.034035,-0.020656,0.075230,0.063083,0.139699,0.091071,0.222024,0.152135,-0.013333,0.144879,0.304531,0.217177,0.140809,0.069814,0.107014,0.191111,0.142761,0.087253,0.126100,0.137216,0.167530,0.099569,0.074606,0.237568,0.108030,0.226152,0.255855,0.056822,0.038946,0.153361,0.089878,0.241623,0.088728,0.251336,0.173805,0.011215,0.155605,0.192589,0.073522,0.122015,0.142456,0.126507,0.311917,0.073104,0.111341,0.091842,0.102042,0.052569,0.029841,0.216239,0.155345,0.196493,0.163493,0.140355,0.158854,0.210448,0.156628,0.134847,0.164457,0.010834,0.102767,0.027808,0.076692,0.074220,0.266571,0.110450,-0.031857,0.047482,0.088461,0.112053,0.178735,0.299686,0.185713,0.146670,0.198991,0.024953,0.070728,0.135451,0.023292,0.206635,0.070559,0.073348,0.168013,0.077676,0.051852,0.225090,0.171324,0.184365,0.082621,0.109440,0.096917,0.167916,-0.018729,0.136218,0.036734,0.113429,0.156499,0.155198,0.158907,0.144789,0.204469,0.032664,0.277042,0.165301,0.227880,0.148849,0.149527,0.201901,0.201999,0.171607,#
