0,1.000000,0.789460,0.788308,0.762998,0.720524,0.789020,0.756949,0.786239,0.767406,0.755282,0.752236,0.792186,0.786663,0.740801,0.773320,0.744677,0.768089,0.785610,0.770247,0.783015,0.765537,0.751647,0.770987,0.769350,0.740387,0.769374,0.784706,0.779581,0.738248,0.770599,0.752441,0.756859,0.742910,0.726205,0.791928,0.769833,0.766413,0.768550,0.785190,0.812037,0.766370,0.760100,0.788197,0.771741,0.754033,0.745856,0.805360,0.756260,0.762011,0.814236,0.791538,0.749776,0.779549,0.797364,0.778773,0.792861,0.749831,0.789393,0.756144,0.768485,0.798798,0.730446,0.769395,0.759461,0.765767,0.778727,0.796525,0.797509,0.772666,0.746502,0.784447,0.781067,0.812492,0.771089,0.786757,0.765492,0.754149,0.758836,0.776247,0.774162,0.820486,0.788576,0.789333,0.793847,0.760654,0.798855,0.765072,0.726612,0.728247,0.771314,0.749942,0.748037,0.727881,0.782946,0.754527,0.766344,0.746042,0.748636,0.762342,0.775245,0.772105,0.756097,0.744189,0.757932,0.773347,0.734438,0.716373,0.790228,0.762069,0.756515,0.792567,0.744948,0.790170,0.728938,0.755817,0.816929,0.739933,0.760975,0.756757,0.735906,0.731241,0.830344,0.769692,0.811458,0.754387,0.751732,0.751823,0.746610,0.749771,0.754352,0.765834,0.776563,0.761097,0.736835,0.770099,0.755874,0.760856,0.804662,0.765007,0.756386,0.735992,0.769080,0.713629,0.798546,0.789591,0.733877,0.772320,0.710636,0.781315,0.778930,0.767768,0.744080,0.775891,0.743924,0.767901,0.742697,0.766192,0.772583,0.785547,0.784010,0.780510,0.798377,0.758591,0.760002,0.798338,0.773838,0.792791,0.758962,0.757825,0.756916,0.774341,0.740368,0.795508,0.800324,0.816982,0.709908,0.749409,0.795128,0.772761,0.761257,0.767586,0.775562,0.721172,0.742274,0.749905,0.745537,0.779029,0.764228,0.760302,0.778436,0.753278,0.782789,0.757847,0.766746,0.753186,0.724898,0.728378,0.789587,0.784248,0.765990,#
1,0.789460,1.000000,0.798340,0.812751,0.771654,0.822617,0.765002,0.778298,0.790938,0.786946,0.797603,0.770269,0.791720,0.804844,0.771465,0.786218,0.790358,0.777889,0.805398,0.804272,0.827626,0.839336,0.808857,0.811656,0.768828,0.760390,0.821686,0.810287,0.761286,0.764955,0.804642,0.825251,0.793074,0.800353,0.794683,0.813918,0.748644,0.824524,0.814245,0.800664,0.785388,0.767464,0.762011,0.772932,0.774705,0.792005,0.820605,0.779405,0.817841,0.813855,0.787776,0.816150,0.796938,0.781837,0.819208,0.797916,0.756117,0.799419,0.795374,0.777201,0.786910,0.781643,0.739542,0.753153,0.785125,0.791380,0.840354,0.803318,0.821598,0.815147,0.798214,0.801964,0.849567,0.774016,0.804802,0.791021,0.787280,0.795104,0.800796,0.784377,0.825161,0.804406,0.855498,0.810637,0.804957,0.789705,0.768185,0.769713,0.816153,0.793934,0.770012,0.761104,0.785984,0.799216,0.758417,0.749686,0.770834,0.779135,0.774139,0.799403,0.803747,0.807668,0.778503,0.798799,0.788566,0.771506,0.751889,0.814410,0.774423,0.780725,0.788548,0.774439,0.795279,0.764522,0.758484,0.794171,0.809387,0.826843,0.754714,0.734290,0.820435,0.805431,0.730904,0.812111,0.749553,0.754520,0.801005,0.780227,0.802179,0.808334,0.756291,0.809661,0.760030,0.787337,0.809529,0.768662,0.752680,0.780194,0.806613,0.749403,0.791774,0.776891,0.764446,0.784970,0.780647,0.779045,0.797570,0.734196,0.782492,0.782955,0.803644,0.809873,0.792560,0.768843,0.807597,0.767414,0.804606,0.782523,0.754386,0.775994,0.771588,0.816176,0.814245,0.815011,0.795768,0.759810,0.798417,0.796163,0.720723,0.752423,0.796658,0.753104,0.787461,0.806015,0.817212,0.767264,0.781563,0.847394,0.769902,0.769840,0.797985,0.769558,0.763486,0.756861,0.752844,0.805858,0.802454,0.715071,0.785403,0.777974,0.780577,0.797770,0.771677,0.809170,0.827209,0.735085,0.765834,0.794588,0.788082,0.778820,#
2,0.788308,0.798340,1.000000,0.767325,0.721215,0.788381,0.772261,0.790223,0.772329,0.764057,0.770238,0.753703,0.741221,0.760878,0.753852,0.755185,0.751858,0.792333,0.760746,0.792742,0.758088,0.772826,0.722444,0.777993,0.752721,0.736083,0.800149,0.808646,0.787584,0.769679,0.803032,0.786061,0.780982,0.769895,0.769707,0.778175,0.783056,0.767244,0.814413,0.803598,0.797224,0.789144,0.752703,0.739995,0.726931,0.762004,0.835094,0.740300,0.787268,0.837246,0.767042,0.766042,0.764381,0.806948,0.826405,0.782879,0.778008,0.772704,0.751236,0.773531,0.794467,0.770922,0.751726,0.792215,0.770367,0.770314,0.844819,0.768919,0.806029,0.788788,0.799610,0.765069,0.803342,0.789894,0.785754,0.771125,0.775039,0.793295,0.786502,0.813778,0.802501,0.806369,0.826275,0.813474,0.809612,0.810217,0.756644,0.817328,0.784454,0.774406,0.781510,0.761663,0.786854,0.780053,0.794484,0.756189,0.750709,0.757657,0.807263,0.771690,0.783413,0.739527,0.739050,0.755151,0.755629,0.793733,0.777653,0.765218,0.792097,0.756915,0.784637,0.747894,0.815549,0.720736,0.754703,0.756812,0.732862,0.788388,0.756970,0.714546,0.788831,0.781600,0.723937,0.802244,0.758237,0.742425,0.760639,0.772280,0.773424,0.801639,0.786903,0.813048,0.808574,0.798412,0.780810,0.767981,0.744409,0.779363,0.793684,0.757843,0.774222,0.773550,0.729470,0.744954,0.789201,0.796533,0.769517,0.751460,0.766875,0.762453,0.793255,0.771139,0.761355,0.786417,0.760895,0.775655,0.775672,0.741629,0.729643,0.745186,0.744213,0.722416,0.765609,0.770916,0.764628,0.778806,0.818716,0.748500,0.720357,0.735081,0.769516,0.742462,0.769766,0.764330,0.809412,0.765614,0.759222,0.811775,0.772250,0.756462,0.766513,0.801535,0.746474,0.809984,0.741710,0.764620,0.769650,0.744035,0.788845,0.756704,0.754496,0.788495,0.797868,0.783846,0.771411,0.771293,0.757686,0.788831,0.759738,0.781079,#
3,0.762998,0.812751,0.767325,1.000000,0.754808,0.780878,0.737125,0.756618,0.760853,0.758394,0.751580,0.749528,0.782670,0.742185,0.721727,0.758160,0.755858,0.743373,0.760889,0.749152,0.768453,0.783354,0.725740,0.724658,0.773687,0.776267,0.773173,0.790181,0.743053,0.735952,0.759078,0.796481,0.750143,0.776508,0.771824,0.761575,0.716415,0.761546,0.712270,0.800007,0.765749,0.756320,0.737200,0.747589,0.751603,0.785404,0.805763,0.759363,0.795059,0.774860,0.777097,0.741615,0.769139,0.735134,0.790772,0.773767,0.699306,0.760809,0.812166,0.770390,0.754287,0.749933,0.715526,0.756679,0.781107,0.785746,0.766444,0.764225,0.744837,0.752228,0.737351,0.778139,0.820277,0.771513,0.749185,0.752467,0.736033,0.764059,0.765865,0.794253,0.811288,0.755156,0.785175,0.772531,0.765915,0.782296,0.746570,0.744843,0.754412,0.755766,0.707191,0.754032,0.758635,0.771921,0.747509,0.761127,0.722019,0.723751,0.719131,0.766768,0.766539,0.734816,0.717024,0.733922,0.777583,0.734919,0.745553,0.784619,0.738423,0.739839,0.734235,0.748587,0.758238,0.737865,0.737588,0.780513,0.751170,0.757172,0.734492,0.699196,0.727611,0.774324,0.698801,0.777011,0.717980,0.744334,0.770514,0.767410,0.738868,0.776928,0.736411,0.781347,0.739627,0.776338,0.779589,0.750018,0.776189,0.740092,0.753271,0.725866,0.748961,0.754261,0.717823,0.731932,0.733887,0.794561,0.747510,0.741121,0.755353,0.720851,0.745593,0.747543,0.748221,0.750602,0.752603,0.717241,0.796131,0.765168,0.714335,0.769542,0.778688,0.777943,0.750027,0.801790,0.761005,0.755605,0.770714,0.728242,0.730339,0.725151,0.762457,0.741602,0.742251,0.764541,0.745685,0.752420,0.751030,0.765097,0.763292,0.739672,0.741643,0.784626,0.726445,0.766155,0.722931,0.762668,0.744600,0.667015,0.781939,0.781471,0.735036,0.754856,0.745696,0.738841,0.772871,0.765060,0.747333,0.765975,0.743855,0.768868,#
4,0.720524,0.771654,0.721215,0.754808,1.000000,0.788434,0.764228,0.723430,0.712231,0.730624,0.738989,0.739599,0.722101,0.721895,0.717326,0.758924,0.723047,0.765449,0.709296,0.770735,0.761165,0.752947,0.730628,0.753402,0.733418,0.706198,0.740740,0.749590,0.739513,0.733336,0.797208,0.739481,0.750107,0.714067,0.738318,0.754119,0.713384,0.731313,0.716814,0.787352,0.744209,0.714487,0.710377,0.748959,0.733169,0.725128,0.794151,0.732100,0.759268,0.766335,0.761416,0.728406,0.739154,0.673660,0.764702,0.756996,0.706233,0.757741,0.781798,0.735245,0.712097,0.742331,0.743367,0.724519,0.767841,0.791434,0.783026,0.712433,0.740875,0.732710,0.762089,0.767982,0.753565,0.735466,0.728604,0.733518,0.728045,0.761149,0.762582,0.756609,0.739125,0.760985,0.783824,0.729634,0.756300,0.707609,0.705056,0.713230,0.753286,0.767633,0.704705,0.699289,0.710368,0.751052,0.708016,0.745531,0.743047,0.699808,0.696524,0.717080,0.760820,0.769862,0.732878,0.735170,0.735054,0.686667,0.756097,0.740388,0.751268,0.762677,0.698071,0.714983,0.770970,0.779242,0.724159,0.740164,0.703559,0.799098,0.688979,0.676310,0.742006,0.749741,0.750359,0.758703,0.700679,0.744842,0.725547,0.723371,0.793861,0.758486,0.782256,0.770840,0.713405,0.736291,0.783750,0.727938,0.733613,0.774354,0.737846,0.707278,0.706819,0.765357,0.720648,0.753411,0.726161,0.735232,0.749039,0.691751,0.723023,0.752200,0.739017,0.788188,0.712658,0.683828,0.782283,0.725784,0.783743,0.750148,0.739219,0.721704,0.693164,0.748586,0.763599,0.755091,0.755629,0.716968,0.749679,0.709812,0.694825,0.709705,0.723220,0.726175,0.742361,0.722644,0.772053,0.729005,0.744112,0.777309,0.732246,0.749630,0.779800,0.723619,0.746580,0.717433,0.770254,0.760033,0.745540,0.747520,0.728125,0.730254,0.728651,0.708082,0.732334,0.741069,0.736049,0.677303,0.708708,0.743973,0.758444,0.711468,#
5,0.789020,0.822617,0.788381,0.780878,0.788434,1.000000,0.740604,0.774679,0.773302,0.744833,0.747755,0.753436,0.751788,0.730285,0.752150,0.749034,0.753230,0.766344,0.764840,0.804105,0.768012,0.751665,0.722573,0.756331,0.766650,0.782155,0.805111,0.798598,0.728083,0.767176,0.789419,0.790541,0.771060,0.781509,0.767782,0.790665,0.751519,0.750952,0.749038,0.789231,0.771197,0.761962,0.736425,0.748421,0.762526,0.792101,0.796666,0.779555,0.776833,0.790488,0.786246,0.728539,0.760330,0.771856,0.796333,0.828925,0.739654,0.774568,0.800269,0.789757,0.739452,0.738593,0.767354,0.791265,0.757654,0.764965,0.787432,0.759009,0.768719,0.779399,0.811540,0.783006,0.819197,0.776925,0.768433,0.745624,0.751149,0.798799,0.771217,0.788104,0.804285,0.792024,0.819162,0.778587,0.766735,0.757705,0.746867,0.752733,0.779261,0.760682,0.774825,0.718735,0.745471,0.790034,0.745231,0.691538,0.781084,0.744152,0.787014,0.723936,0.807047,0.764855,0.812844,0.771228,0.764354,0.743960,0.775189,0.770790,0.730356,0.780407,0.753157,0.763393,0.790439,0.721818,0.708366,0.749196,0.795624,0.801799,0.746403,0.722375,0.748626,0.785534,0.732804,0.821270,0.718793,0.756224,0.787474,0.743142,0.796320,0.750833,0.769220,0.813149,0.785554,0.802901,0.793019,0.730616,0.731211,0.778298,0.746826,0.732904,0.742353,0.731172,0.737162,0.768335,0.822557,0.747013,0.758101,0.742462,0.761723,0.805366,0.806658,0.769605,0.776429,0.751424,0.786035,0.727356,0.798662,0.760355,0.741960,0.763248,0.756584,0.802579,0.770036,0.761170,0.785720,0.731182,0.734714,0.777190,0.733903,0.725055,0.787432,0.756620,0.764306,0.755788,0.788484,0.758109,0.766466,0.800122,0.781967,0.778733,0.784930,0.755536,0.700622,0.738834,0.754817,0.791728,0.776783,0.724810,0.791097,0.795630,0.728708,0.791133,0.746747,0.788988,0.747162,0.747212,0.728514,0.777395,0.768721,0.772922,#
6,0.756949,0.765002,0.772261,0.737125,0.764228,0.740604,1.000000,0.722370,0.752832,0.764841,0.775939,0.753773,0.747046,0.765653,0.679389,0.795466,0.778972,0.799986,0.765104,0.749705,0.772071,0.740280,0.710178,0.735502,0.763857,0.755705,0.750179,0.758331,0.738765,0.750708,0.777078,0.798920,0.751975,0.758734,0.762064,0.769529,0.760748,0.748797,0.737154,0.786355,0.766557,0.780715,0.769705,0.755558,0.751814,0.716843,0.791379,0.736400,0.792236,0.793983,0.764486,0.751730,0.754891,0.673515,0.786450,0.760658,0.743983,0.784475,0.779922,0.748699,0.768184,0.764090,0.729442,0.727434,0.803342,0.761931,0.825477,0.764026,0.784402,0.723495,0.777969,0.800846,0.766168,0.762905,0.749880,0.755344,0.782593,0.783025,0.788320,0.758049,0.769079,0.786860,0.770776,0.815355,0.770624,0.731189,0.734593,0.745994,0.776062,0.755854,0.717742,0.736037,0.723562,0.770885,0.737466,0.742895,0.767048,0.749396,0.742393,0.728122,0.779014,0.771614,0.754647,0.746425,0.780008,0.706806,0.763992,0.749775,0.785517,0.742685,0.713457,0.712717,0.759482,0.763420,0.724658,0.773183,0.722000,0.780423,0.695573,0.724830,0.733245,0.777297,0.682806,0.776573,0.756840,0.735739,0.731725,0.739087,0.741753,0.744532,0.768890,0.772322,0.749011,0.721819,0.774242,0.751884,0.768905,0.748916,0.790815,0.758484,0.759166,0.751070,0.721796,0.748073,0.758129,0.774072,0.755427,0.742373,0.731997,0.746162,0.753113,0.779075,0.718496,0.739682,0.745765,0.734296,0.754506,0.688797,0.719998,0.766031,0.752877,0.758609,0.739057,0.752061,0.763991,0.769668,0.794929,0.714333,0.718741,0.730918,0.730875,0.762867,0.702335,0.729392,0.770415,0.767238,0.757034,0.787343,0.764269,0.748855,0.772062,0.750807,0.760931,0.754238,0.716045,0.740627,0.764883,0.720332,0.755235,0.749826,0.726554,0.777365,0.731713,0.761139,0.770791,0.742259,0.753348,0.773279,0.766702,0.752297,#
7,0.786239,0.778298,0.790223,0.756618,0.723430,0.774679,0.722370,1.000000,0.775726,0.737961,0.731986,0.733737,0.769729,0.751684,0.751002,0.738847,0.744606,0.785909,0.784542,0.781762,0.780448,0.743653,0.779995,0.722659,0.750123,0.784008,0.763371,0.768707,0.755350,0.778733,0.746077,0.763032,0.737603,0.753981,0.772066,0.770566,0.738111,0.756859,0.779662,0.771429,0.780923,0.783495,0.724535,0.723531,0.736058,0.758714,0.798844,0.773383,0.801920,0.775352,0.773985,0.754244,0.764652,0.767259,0.795052,0.745918,0.746171,0.740877,0.780957,0.796267,0.726833,0.763746,0.763451,0.743599,0.782599,0.777990,0.821191,0.753378,0.749223,0.723898,0.796951,0.711935,0.792539,0.780838,0.761027,0.724232,0.755386,0.754611,0.744006,0.757991,0.808548,0.758844,0.809230,0.775202,0.776582,0.776293,0.743323,0.756032,0.749473,0.768855,0.745656,0.744121,0.752985,0.760243,0.779072,0.765071,0.766787,0.779743,0.776493,0.750208,0.785793,0.725440,0.721697,0.726585,0.770733,0.723316,0.735130,0.793668,0.762982,0.714610,0.785359,0.742004,0.795717,0.738865,0.740361,0.776921,0.716848,0.746270,0.722874,0.755052,0.758420,0.767072,0.727263,0.784692,0.758447,0.761190,0.741228,0.771815,0.737056,0.756161,0.737797,0.781762,0.769941,0.697159,0.758209,0.760197,0.753192,0.793796,0.744927,0.746280,0.730703,0.752333,0.752583,0.740413,0.787723,0.773498,0.769056,0.694915,0.740566,0.741664,0.737548,0.774870,0.753832,0.716107,0.768640,0.792063,0.778228,0.775754,0.745642,0.733993,0.772012,0.731297,0.797365,0.736035,0.777960,0.747607,0.768899,0.745230,0.684199,0.687093,0.779476,0.753161,0.751601,0.768761,0.775196,0.718289,0.735898,0.761782,0.757027,0.757200,0.767545,0.757656,0.730914,0.763937,0.744272,0.769135,0.786513,0.725264,0.772929,0.785562,0.776838,0.775000,0.741290,0.736368,0.768925,0.733108,0.739425,0.797902,0.775454,0.743870,#
8,0.767406,0.790938,0.772329,0.760853,0.712231,0.773302,0.752832,0.775726,1.000000,0.769461,0.746991,0.777955,0.775686,0.764984,0.742296,0.779423,0.743113,0.764713,0.722962,0.780078,0.786519,0.758558,0.727834,0.734955,0.748989,0.766195,0.762082,0.753038,0.743127,0.732065,0.768165,0.767657,0.743661,0.741903,0.758231,0.820409,0.744427,0.759275,0.722906,0.757420,0.753508,0.740068,0.807232,0.751502,0.740960,0.715290,0.776783,0.718389,0.779702,0.780822,0.782411,0.751689,0.754066,0.764815,0.757888,0.776811,0.741354,0.769962,0.751295,0.727763,0.762412,0.767925,0.784572,0.767489,0.769255,0.801877,0.803107,0.801279,0.799588,0.740767,0.780650,0.789834,0.811070,0.762246,0.762437,0.722455,0.756387,0.779831,0.757639,0.779191,0.789184,0.758565,0.777609,0.779227,0.783964,0.757775,0.740214,0.764338,0.731621,0.714169,0.737378,0.735440,0.728739,0.745088,0.725897,0.729456,0.770240,0.778997,0.813562,0.772437,0.767643,0.701606,0.784795,0.797535,0.724360,0.748113,0.762327,0.772719,0.717821,0.780987,0.733092,0.732649,0.775607,0.725459,0.700052,0.774622,0.746803,0.750333,0.710578,0.758676,0.736667,0.740766,0.732866,0.802650,0.729158,0.766432,0.713572,0.736258,0.783382,0.780320,0.722040,0.784239,0.767841,0.733578,0.762303,0.770961,0.762116,0.764721,0.768859,0.742059,0.738171,0.753858,0.742884,0.701674,0.776379,0.744338,0.749166,0.728648,0.741645,0.769027,0.743164,0.795154,0.724248,0.795254,0.761741,0.738608,0.773196,0.780922,0.791488,0.744387,0.765748,0.731378,0.773535,0.746068,0.753815,0.736191,0.756520,0.772802,0.752612,0.702278,0.749454,0.772344,0.711836,0.755122,0.790623,0.740408,0.750214,0.787829,0.759517,0.741035,0.781282,0.772639,0.745085,0.751592,0.732868,0.723220,0.800950,0.725342,0.744067,0.778611,0.779455,0.773297,0.774391,0.762649,0.754335,0.704784,0.703222,0.758599,0.742964,0.801682,#
9,0.755282,0.786946,0.764057,0.758394,0.730624,0.744833,0.764841,0.737961,0.769461,1.000000,0.743894,0.732418,0.775934,0.755047,0.775114,0.754239,0.742912,0.792674,0.737181,0.742440,0.784383,0.749488,0.707578,0.745121,0.760661,0.723906,0.765307,0.810911,0.710142,0.757090,0.729282,0.776575,0.761256,0.746382,0.749509,0.779088,0.740701,0.748452,0.745629,0.788739,0.769558,0.775162,0.712401,0.739672,0.753283,0.720273,0.772802,0.747495,0.782708,0.785891,0.760398,0.735435,0.716232,0.717236,0.759534,0.757567,0.747874,0.805575,0.722309,0.763219,0.764899,0.767366,0.745423,0.722051,0.735417,0.805905,0.805329,0.776934,0.789397,0.737256,0.771389,0.758671,0.785486,0.750010,0.757195,0.755789,0.772693,0.804279,0.757717,0.813276,0.785407,0.784091,0.776249,0.809651,0.776849,0.749505,0.753690,0.774980,0.761301,0.755768,0.759439,0.714027,0.767471,0.751008,0.767234,0.733019,0.728671,0.732183,0.757445,0.776233,0.794029,0.764819,0.767215,0.750928,0.762315,0.761867,0.742132,0.796560,0.780070,0.761522,0.766676,0.765089,0.783262,0.730387,0.733852,0.793405,0.675852,0.763174,0.721948,0.737113,0.725033,0.763828,0.731789,0.792227,0.751498,0.748601,0.756575,0.735245,0.782751,0.732846,0.726495,0.796368,0.749319,0.753230,0.775526,0.702424,0.748973,0.771933,0.756745,0.746295,0.788177,0.809378,0.765815,0.786947,0.790505,0.799017,0.757484,0.767962,0.748019,0.759004,0.728450,0.757682,0.747016,0.756727,0.749635,0.746749,0.745226,0.775884,0.752040,0.777236,0.753624,0.791318,0.780582,0.773484,0.763046,0.774699,0.731826,0.760034,0.757778,0.721581,0.764247,0.753103,0.744805,0.715019,0.771567,0.779224,0.766546,0.803581,0.738720,0.770068,0.781080,0.778003,0.760092,0.724388,0.743800,0.774066,0.758600,0.722135,0.780116,0.721294,0.733132,0.749851,0.729150,0.734250,0.724473,0.720646,0.750110,0.755229,0.737566,0.728032,#
10,0.752236,0.797603,0.770238,0.751580,0.738989,0.747755,0.775939,0.731986,0.746991,0.743894,1.000000,0.772687,0.752857,0.747520,0.698838,0.773932,0.772615,0.751144,0.785371,0.751666,0.763848,0.751387,0.728635,0.779389,0.729013,0.749140,0.749626,0.792922,0.758765,0.771902,0.769939,0.764992,0.747688,0.763980,0.769764,0.773583,0.768601,0.772286,0.739122,0.754555,0.774735,0.730224,0.743784,0.727430,0.745041,0.774478,0.835246,0.755404,0.770609,0.804075,0.747289,0.762274,0.762312,0.700316,0.784693,0.794590,0.769057,0.801507,0.727426,0.772200,0.763187,0.777191,0.794430,0.768520,0.781336,0.736678,0.815270,0.740799,0.809649,0.734556,0.812012,0.787149,0.809119,0.723238,0.761068,0.801613,0.749519,0.798718,0.786304,0.748170,0.813240,0.754889,0.789867,0.764965,0.770546,0.748552,0.771630,0.738559,0.769348,0.790740,0.721345,0.764826,0.775270,0.736544,0.721979,0.751956,0.743348,0.782353,0.756930,0.770827,0.769470,0.742542,0.761108,0.772421,0.763344,0.757284,0.770101,0.733166,0.751903,0.770744,0.752584,0.724958,0.804532,0.748369,0.721967,0.781698,0.712712,0.767737,0.729026,0.714472,0.748051,0.790625,0.683817,0.770987,0.699900,0.741008,0.771479,0.744169,0.789218,0.768034,0.734232,0.784862,0.745070,0.754388,0.798107,0.802047,0.735875,0.739461,0.792242,0.760151,0.787456,0.764127,0.747790,0.767448,0.755378,0.766991,0.766555,0.735032,0.746320,0.773643,0.753029,0.747269,0.745545,0.759786,0.784310,0.731943,0.785378,0.771559,0.727928,0.736001,0.781780,0.740738,0.754644,0.774538,0.763579,0.753695,0.781782,0.751804,0.741515,0.742133,0.717709,0.769451,0.706554,0.743510,0.795839,0.755089,0.740256,0.776788,0.728132,0.775365,0.741086,0.717083,0.761559,0.732833,0.694529,0.762223,0.777804,0.736849,0.719712,0.777416,0.750706,0.743445,0.743834,0.794918,0.765906,0.733432,0.751713,0.767574,0.778422,0.782859,#
11,0.792186,0.770269,0.753703,0.749528,0.739599,0.753436,0.753773,0.733737,0.777955,0.732418,0.772687,1.000000,0.779540,0.764205,0.763216,0.771105,0.742159,0.787160,0.798020,0.771049,0.758397,0.746085,0.762231,0.756787,0.750257,0.758430,0.752569,0.760643,0.762957,0.732073,0.784806,0.786727,0.779308,0.759967,0.747879,0.777855,0.772431,0.785732,0.724994,0.766227,0.778880,0.730072,0.747778,0.743801,0.742728,0.715080,0.811091,0.770262,0.767859,0.796739,0.740318,0.716773,0.783628,0.732577,0.789168,0.769590,0.718793,0.810154,0.756519,0.785308,0.728410,0.748020,0.806379,0.756284,0.763763,0.765613,0.805830,0.779449,0.797802,0.775410,0.772748,0.756619,0.802730,0.770387,0.814625,0.764931,0.787599,0.798915,0.758546,0.740791,0.771016,0.746711,0.798087,0.772427,0.777972,0.739927,0.714135,0.736562,0.736651,0.725336,0.746506,0.751892,0.739976,0.771600,0.692467,0.773283,0.748524,0.780927,0.750359,0.755668,0.768677,0.749040,0.773439,0.772262,0.772159,0.750856,0.769730,0.784024,0.765601,0.753542,0.770372,0.767665,0.785114,0.720571,0.712908,0.756656,0.737959,0.764573,0.717477,0.781147,0.731828,0.757683,0.742816,0.819942,0.730273,0.742261,0.768692,0.768698,0.806526,0.788695,0.772739,0.769273,0.791200,0.764004,0.790481,0.777890,0.787381,0.770543,0.775113,0.755569,0.745780,0.731876,0.755542,0.791600,0.776801,0.739721,0.789327,0.732456,0.729017,0.755472,0.757075,0.747719,0.759310,0.797936,0.763773,0.732205,0.773412,0.750680,0.732995,0.761102,0.771093,0.773186,0.794670,0.769514,0.811373,0.764978,0.795107,0.733581,0.747870,0.762711,0.772952,0.751039,0.768948,0.793489,0.775751,0.760637,0.763680,0.768874,0.752049,0.778109,0.771737,0.738816,0.778492,0.740591,0.756536,0.709475,0.772785,0.771106,0.725138,0.727964,0.770207,0.792166,0.752499,0.759898,0.755258,0.736609,0.731252,0.782056,0.771739,0.733949,#
12,0.786663,0.791720,0.741221,0.782670,0.722101,0.751788,0.747046,0.769729,0.775686,0.775934,0.752857,0.779540,1.000000,0.762792,0.762793,0.735916,0.738551,0.766786,0.793795,0.764947,0.782505,0.729800,0.769630,0.750989,0.762523,0.775417,0.742908,0.767109,0.753196,0.746630,0.761455,0.747355,0.743471,0.779432,0.789527,0.783750,0.754951,0.760178,0.753234,0.768552,0.716141,0.709520,0.722772,0.747451,0.762746,0.742550,0.811974,0.742063,0.788884,0.802819,0.793052,0.720054,0.736733,0.737280,0.796890,0.768247,0.725528,0.742020,0.764360,0.751545,0.726946,0.738452,0.761454,0.730318,0.768425,0.787521,0.773206,0.760361,0.791674,0.758818,0.763561,0.763251,0.796356,0.758339,0.777798,0.765009,0.759615,0.778197,0.765327,0.794317,0.790201,0.768891,0.800237,0.772386,0.746801,0.776125,0.703175,0.768938,0.742977,0.734330,0.772379,0.733249,0.769651,0.764755,0.717742,0.765072,0.772938,0.751764,0.738922,0.706594,0.752790,0.754901,0.755038,0.754088,0.742624,0.727754,0.728736,0.769154,0.766329,0.757257,0.759831,0.741028,0.774922,0.712236,0.775947,0.767438,0.693106,0.753021,0.732299,0.736692,0.746973,0.781117,0.726380,0.787919,0.747386,0.800160,0.758808,0.729572,0.747426,0.755729,0.683312,0.729945,0.739194,0.720408,0.741972,0.752055,0.714367,0.760532,0.744201,0.696064,0.756719,0.743043,0.721979,0.778507,0.729553,0.743412,0.778527,0.722267,0.745532,0.781761,0.757629,0.734361,0.767410,0.718643,0.764622,0.764548,0.796723,0.795429,0.781194,0.723114,0.750952,0.774568,0.782200,0.751235,0.808639,0.720771,0.751972,0.773669,0.720205,0.726663,0.769536,0.719332,0.757589,0.756550,0.761120,0.731563,0.793931,0.807135,0.702942,0.737515,0.762055,0.774586,0.746623,0.732380,0.693884,0.738822,0.747480,0.748077,0.775204,0.748719,0.728224,0.756650,0.700363,0.740585,0.748550,0.735525,0.719319,0.787974,0.779445,0.730170,#
13,0.740801,0.804844,0.760878,0.742185,0.721895,0.730285,0.765653,0.751684,0.764984,0.755047,0.747520,0.764205,0.762792,1.000000,0.722742,0.741360,0.718841,0.792936,0.784396,0.750469,0.769879,0.750802,0.787478,0.750798,0.752713,0.773063,0.720760,0.791593,0.758246,0.776807,0.737052,0.760274,0.765369,0.786322,0.698878,0.750753,0.762970,0.780334,0.757314,0.782208,0.816067,0.747358,0.757772,0.706111,0.786807,0.764353,0.779693,0.754038,0.812536,0.798105,0.758906,0.781652,0.738510,0.726327,0.807602,0.789312,0.764098,0.787798,0.769783,0.764528,0.750976,0.762949,0.735902,0.750897,0.785117,0.785068,0.820245,0.778281,0.806530,0.751535,0.741273,0.769296,0.781265,0.784187,0.785606,0.757185,0.772186,0.766256,0.795398,0.757106,0.771314,0.762934,0.803949,0.798517,0.749454,0.776360,0.695312,0.744479,0.812574,0.752642,0.721928,0.767737,0.761445,0.769708,0.732386,0.726708,0.755825,0.738370,0.740590,0.781738,0.784393,0.744484,0.778524,0.778585,0.760326,0.774888,0.740279,0.786281,0.732789,0.745004,0.742860,0.744548,0.771485,0.749378,0.752469,0.773875,0.712365,0.779589,0.733694,0.708289,0.768716,0.765638,0.718494,0.763379,0.732582,0.731352,0.766734,0.738226,0.769803,0.759748,0.745372,0.744025,0.742136,0.743575,0.764956,0.770307,0.748750,0.775566,0.827235,0.735997,0.767370,0.771318,0.764823,0.744073,0.734899,0.761602,0.762358,0.735682,0.763421,0.732919,0.775159,0.770696,0.739933,0.769866,0.748062,0.738010,0.783989,0.733155,0.751320,0.743827,0.773209,0.758208,0.772724,0.769872,0.784876,0.756666,0.790506,0.766961,0.742440,0.720445,0.746927,0.756900,0.760223,0.780857,0.805939,0.778728,0.772931,0.794918,0.751857,0.752074,0.773108,0.735537,0.791452,0.741830,0.720201,0.757284,0.744257,0.728469,0.730256,0.753649,0.781479,0.775176,0.765942,0.770537,0.777942,0.710392,0.740918,0.823132,0.770209,0.735529,#
14,0.773320,0.771465,0.753852,0.721727,0.717326,0.752150,0.679389,0.751002,0.742296,0.775114,0.698838,0.763216,0.762793,0.722742,1.000000,0.723397,0.719532,0.741953,0.692080,0.760989,0.722243,0.734480,0.730397,0.772703,0.713241,0.687758,0.746519,0.767515,0.707338,0.735024,0.794879,0.726557,0.724105,0.710813,0.751906,0.742414,0.726850,0.740045,0.772811,0.723058,0.740676,0.722448,0.717950,0.719943,0.709995,0.733129,0.768078,0.698826,0.727964,0.734943,0.719218,0.722364,0.715769,0.742843,0.746661,0.750204,0.732570,0.728271,0.750270,0.695279,0.725025,0.739619,0.746857,0.723048,0.727334,0.740569,0.763301,0.736755,0.772785,0.739096,0.734705,0.714308,0.784358,0.730109,0.769737,0.746310,0.726578,0.744749,0.702391,0.728330,0.757356,0.746992,0.790316,0.792364,0.741414,0.743031,0.700453,0.740538,0.755273,0.716198,0.730337,0.683698,0.738655,0.796552,0.735571,0.727549,0.726263,0.734377,0.720247,0.695959,0.733581,0.726877,0.749168,0.711321,0.737778,0.723161,0.725070,0.713330,0.766645,0.738349,0.722642,0.748072,0.782913,0.702912,0.690999,0.733560,0.687717,0.709161,0.688227,0.708789,0.740766,0.735033,0.724740,0.775560,0.733555,0.660008,0.717908,0.744035,0.723311,0.735280,0.709729,0.762574,0.717796,0.726768,0.743387,0.711344,0.763096,0.747900,0.733121,0.727898,0.732735,0.754088,0.692344,0.784115,0.746306,0.759998,0.772499,0.685012,0.727709,0.700090,0.764696,0.726553,0.729023,0.717185,0.767111,0.705875,0.743047,0.728748,0.706363,0.733096,0.724971,0.716598,0.742964,0.717979,0.779937,0.730171,0.711090,0.731534,0.682099,0.717927,0.734533,0.692122,0.734609,0.752609,0.765385,0.738161,0.711662,0.759498,0.719092,0.728248,0.736076,0.741297,0.735736,0.700732,0.715913,0.744860,0.762788,0.691610,0.729388,0.719915,0.721161,0.736134,0.751794,0.731234,0.685521,0.674855,0.705031,0.750752,0.708301,0.685748,#
15,0.744677,0.786218,0.755185,0.758160,0.758924,0.749034,0.795466,0.738847,0.779423,0.754239,0.773932,0.771105,0.735916,0.741360,0.723397,1.000000,0.756157,0.772464,0.776502,0.762508,0.742207,0.756353,0.729861,0.759624,0.750498,0.743147,0.724874,0.766628,0.740045,0.729483,0.798201,0.801691,0.763070,0.789483,0.731191,0.778636,0.760453,0.792195,0.734885,0.743076,0.742572,0.724085,0.755467,0.743272,0.759169,0.749244,0.814155,0.750416,0.776773,0.793339,0.762940,0.741687,0.744777,0.736171,0.761965,0.762448,0.762205,0.757332,0.738328,0.754861,0.768502,0.785143,0.765776,0.759815,0.789818,0.749941,0.795011,0.773021,0.762772,0.724328,0.779478,0.738266,0.746459,0.755154,0.781535,0.738234,0.766506,0.766998,0.787629,0.755804,0.763256,0.757772,0.785037,0.793131,0.796553,0.770038,0.689167,0.756572,0.756577,0.708950,0.712907,0.743574,0.757121,0.773892,0.702638,0.751354,0.735963,0.769228,0.745546,0.747627,0.767185,0.757799,0.766410,0.778729,0.762765,0.721745,0.741146,0.762171,0.741229,0.787157,0.710376,0.697869,0.796057,0.726160,0.738537,0.760660,0.697433,0.747221,0.708530,0.766809,0.717966,0.781815,0.714629,0.777189,0.707276,0.729083,0.749335,0.729057,0.786106,0.785844,0.763453,0.747389,0.727068,0.700111,0.780242,0.768157,0.770579,0.740150,0.756216,0.748466,0.736107,0.732796,0.729484,0.744776,0.767533,0.771979,0.741643,0.720715,0.742303,0.756024,0.771076,0.792319,0.761610,0.771959,0.762261,0.734793,0.765578,0.720498,0.754763,0.746863,0.742117,0.767165,0.778816,0.761568,0.771815,0.747686,0.773462,0.733726,0.743869,0.716241,0.699560,0.775406,0.708317,0.785969,0.774561,0.776804,0.757551,0.770275,0.748409,0.754714,0.765244,0.745461,0.737600,0.736317,0.766588,0.724998,0.726133,0.683017,0.726490,0.763110,0.745333,0.783227,0.724416,0.745541,0.744058,0.713711,0.740949,0.754185,0.797113,0.765159,#
16,0.768089,0.790358,0.751858,0.755858,0.723047,0.753230,0.778972,0.744606,0.743113,0.742912,0.772615,0.742159,0.738551,0.718841,0.719532,0.756157,1.000000,0.771649,0.799126,0.771415,0.813951,0.710036,0.707295,0.740168,0.740770,0.769800,0.751411,0.736403,0.693278,0.735444,0.779343,0.782145,0.752027,0.725852,0.744213,0.766357,0.779667,0.772188,0.754410,0.785970,0.754551,0.738504,0.725542,0.719269,0.734350,0.747737,0.776532,0.732499,0.763433,0.791192,0.727892,0.737609,0.748246,0.756193,0.759732,0.785653,0.689890,0.767654,0.752535,0.735942,0.768153,0.768900,0.737428,0.727927,0.757459,0.747541,0.807198,0.760924,0.791207,0.755449,0.773967,0.757386,0.775798,0.750165,0.749890,0.723840,0.750688,0.761749,0.756122,0.786186,0.817159,0.768125,0.805586,0.769227,0.767428,0.745307,0.742554,0.710621,0.734241,0.745863,0.688191,0.734599,0.753486,0.734836,0.737234,0.761153,0.737099,0.739931,0.754455,0.738234,0.778366,0.743061,0.749185,0.763921,0.747626,0.752591,0.757667,0.741142,0.804362,0.755679,0.751877,0.746864,0.790408,0.744201,0.745135,0.794401,0.786287,0.759493,0.696600,0.661555,0.697521,0.753445,0.716553,0.762360,0.748161,0.734488,0.718773,0.712427,0.766722,0.727877,0.771976,0.759651,0.752281,0.729518,0.764696,0.777329,0.738515,0.738932,0.747844,0.701489,0.728393,0.745377,0.752529,0.737947,0.725055,0.727394,0.777807,0.735403,0.742099,0.732214,0.737462,0.759384,0.700439,0.740795,0.798868,0.741238,0.756763,0.735080,0.706246,0.740029,0.747270,0.727000,0.797520,0.740943,0.785633,0.768051,0.755391,0.755083,0.720952,0.729705,0.693046,0.764341,0.739592,0.769869,0.782652,0.737709,0.719070,0.809417,0.742800,0.750451,0.764141,0.722941,0.740952,0.749424,0.696100,0.725612,0.777700,0.720263,0.762022,0.748877,0.759021,0.767470,0.734116,0.776444,0.761901,0.741091,0.740835,0.764674,0.760577,0.739377,#
17,0.785610,0.777889,0.792333,0.743373,0.765449,0.766344,0.799986,0.785909,0.764713,0.792674,0.751144,0.787160,0.766786,0.792936,0.741953,0.772464,0.771649,1.000000,0.782290,0.811940,0.762415,0.766267,0.761268,0.746614,0.798987,0.775209,0.766723,0.792252,0.744719,0.774069,0.774867,0.801014,0.722527,0.741035,0.744281,0.760571,0.764863,0.797784,0.790048,0.808273,0.788496,0.778018,0.757734,0.743890,0.762104,0.777404,0.798879,0.790668,0.800154,0.811011,0.766582,0.721107,0.769953,0.744706,0.805232,0.785844,0.765435,0.760145,0.770452,0.746065,0.762341,0.746915,0.784855,0.749104,0.766438,0.795560,0.853367,0.764810,0.783640,0.743706,0.805756,0.753180,0.769801,0.801647,0.794021,0.724752,0.762699,0.799697,0.801551,0.797106,0.781139,0.788192,0.822421,0.819544,0.770461,0.751969,0.760829,0.759284,0.748202,0.770163,0.757708,0.731329,0.776469,0.778320,0.759178,0.779634,0.753736,0.743095,0.760371,0.802639,0.782538,0.739221,0.761890,0.744091,0.740537,0.763920,0.743604,0.766913,0.747280,0.777897,0.774862,0.738342,0.816395,0.764544,0.784813,0.767489,0.704936,0.769087,0.743227,0.753727,0.756850,0.781467,0.734270,0.777126,0.749515,0.754611,0.751994,0.763732,0.787095,0.760313,0.773271,0.807629,0.788867,0.739126,0.772502,0.773101,0.790787,0.780470,0.761916,0.795350,0.773850,0.781433,0.811406,0.779880,0.795684,0.765120,0.754888,0.717456,0.776557,0.751267,0.781135,0.775414,0.750592,0.778225,0.764298,0.790926,0.820781,0.740867,0.766495,0.769820,0.764476,0.764111,0.827483,0.748064,0.789140,0.748409,0.739782,0.737057,0.745218,0.709080,0.768165,0.759272,0.768319,0.752982,0.819111,0.742645,0.769748,0.816468,0.767071,0.794613,0.770161,0.789078,0.767246,0.784730,0.765257,0.732129,0.790514,0.778734,0.747943,0.746441,0.780359,0.794768,0.740048,0.764302,0.747693,0.783667,0.737338,0.784057,0.772007,0.707618,#
18,0.770247,0.805398,0.760746,0.760889,0.709296,0.764840,0.765104,0.784542,0.722962,0.737181,0.785371,0.798020,0.793795,0.784396,0.692080,0.776502,0.799126,0.782290,1.000000,0.775228,0.775878,0.783009,0.744141,0.729906,0.733137,0.793555,0.755322,0.768405,0.744649,0.779922,0.732274,0.799669,0.762662,0.795286,0.765434,0.807083,0.753892,0.798399,0.765575,0.781692,0.795478,0.734736,0.764644,0.714048,0.763983,0.749771,0.813527,0.786078,0.799887,0.774544,0.732780,0.747999,0.767195,0.714180,0.789887,0.771968,0.730124,0.775190,0.763310,0.803389,0.766688,0.744386,0.744824,0.729366,0.794847,0.740566,0.809940,0.746753,0.743901,0.757485,0.770925,0.736529,0.785023,0.752528,0.792071,0.718924,0.753737,0.769240,0.773434,0.752439,0.779588,0.743212,0.808004,0.789641,0.795162,0.799184,0.708318,0.755908,0.774611,0.732878,0.739143,0.730559,0.775506,0.792015,0.765603,0.738299,0.755432,0.771097,0.766781,0.762363,0.782313,0.725670,0.757615,0.763024,0.777152,0.778820,0.741906,0.783220,0.782289,0.776532,0.788060,0.728475,0.787404,0.729443,0.730579,0.765858,0.734675,0.748321,0.741951,0.731649,0.767159,0.777271,0.708855,0.781505,0.755658,0.731849,0.795656,0.722047,0.801546,0.737913,0.752656,0.773377,0.755504,0.718228,0.759889,0.782654,0.767086,0.766742,0.756893,0.744013,0.730121,0.775100,0.738730,0.776817,0.777237,0.764641,0.768535,0.709656,0.769480,0.753131,0.761933,0.764178,0.794048,0.755509,0.777657,0.793575,0.772820,0.756049,0.717990,0.724982,0.767467,0.750818,0.823365,0.746506,0.794194,0.746334,0.827051,0.744625,0.702689,0.724832,0.757979,0.773076,0.766059,0.789481,0.771106,0.750309,0.751458,0.812092,0.752626,0.784578,0.779928,0.752781,0.738651,0.753582,0.728576,0.748529,0.758130,0.745326,0.726010,0.768804,0.758003,0.788952,0.715027,0.792588,0.789971,0.747018,0.723404,0.821047,0.775926,0.770331,#
19,0.783015,0.804272,0.792742,0.749152,0.770735,0.804105,0.749705,0.781762,0.780078,0.742440,0.751666,0.771049,0.764947,0.750469,0.760989,0.762508,0.771415,0.811940,0.775228,1.000000,0.779673,0.746454,0.722525,0.743555,0.766480,0.750053,0.775346,0.771391,0.734271,0.755906,0.792689,0.810851,0.775512,0.754260,0.758061,0.813747,0.759374,0.774314,0.770067,0.784008,0.791354,0.771210,0.745177,0.747597,0.727680,0.780293,0.825733,0.758387,0.797181,0.789667,0.762567,0.731452,0.761434,0.769211,0.779923,0.760820,0.778669,0.762243,0.747272,0.735837,0.749946,0.726702,0.781845,0.771033,0.775301,0.772206,0.823656,0.767134,0.802853,0.761561,0.794693,0.750998,0.795312,0.763668,0.756580,0.721756,0.732516,0.764432,0.758227,0.767901,0.821060,0.750775,0.819662,0.784265,0.775961,0.741460,0.753879,0.749123,0.794867,0.750783,0.724465,0.744112,0.737060,0.786738,0.731867,0.731564,0.771910,0.775433,0.760553,0.775900,0.775979,0.743760,0.776998,0.766926,0.763297,0.714794,0.775898,0.748872,0.752112,0.738694,0.767006,0.734743,0.779675,0.737499,0.748633,0.758390,0.755927,0.776417,0.744760,0.701488,0.786081,0.761467,0.722131,0.823842,0.744006,0.761136,0.751830,0.768988,0.820479,0.795151,0.782244,0.809531,0.780056,0.761173,0.765127,0.787406,0.743169,0.770990,0.778360,0.735321,0.767992,0.768570,0.723991,0.755274,0.774685,0.734618,0.753698,0.683903,0.778258,0.769104,0.746443,0.785014,0.747759,0.750714,0.799175,0.752822,0.825461,0.764057,0.764114,0.756464,0.764470,0.778798,0.780341,0.768873,0.808398,0.768687,0.744378,0.773406,0.716648,0.725797,0.746460,0.790337,0.781209,0.763256,0.812741,0.732220,0.760546,0.815356,0.766649,0.743135,0.761623,0.782428,0.788291,0.779945,0.743988,0.743717,0.743816,0.756714,0.765566,0.785388,0.760300,0.771446,0.723895,0.789218,0.782234,0.754079,0.748361,0.748178,0.769770,0.725180,#
20,0.765537,0.827626,0.758088,0.768453,0.761165,0.768012,0.772071,0.780448,0.786519,0.784383,0.763848,0.758397,0.782505,0.769879,0.722243,0.742207,0.813951,0.762415,0.775878,0.779673,1.000000,0.769932,0.732362,0.782652,0.767429,0.791476,0.751821,0.788919,0.751643,0.752907,0.782715,0.778533,0.783244,0.798197,0.755805,0.797963,0.745715,0.758264,0.760264,0.809101,0.786945,0.795956,0.729207,0.743929,0.786058,0.735242,0.811739,0.765175,0.793444,0.795165,0.776041,0.781606,0.753949,0.768980,0.795530,0.751671,0.697043,0.772206,0.776851,0.762011,0.774530,0.765163,0.798163,0.750767,0.775041,0.809305,0.832541,0.762091,0.795440,0.751429,0.779626,0.790193,0.800882,0.776602,0.752490,0.717296,0.769692,0.780032,0.807238,0.801597,0.785316,0.788309,0.818123,0.779787,0.750296,0.768458,0.758668,0.768230,0.793471,0.799321,0.758343,0.765451,0.755184,0.794813,0.764780,0.766538,0.740673,0.725840,0.760463,0.762572,0.821973,0.766101,0.776823,0.803391,0.772066,0.755228,0.799008,0.780243,0.768677,0.812903,0.747448,0.779302,0.775513,0.716082,0.769913,0.780065,0.760506,0.786817,0.681820,0.703060,0.779377,0.787428,0.729758,0.814741,0.739417,0.769419,0.744050,0.731332,0.775845,0.781673,0.768002,0.783433,0.796831,0.779125,0.785929,0.765909,0.733218,0.808878,0.794052,0.777979,0.764395,0.747664,0.746032,0.773297,0.786780,0.742053,0.770626,0.739953,0.742337,0.781166,0.774267,0.785353,0.758705,0.767056,0.787585,0.774203,0.780411,0.800381,0.753313,0.767299,0.780044,0.782625,0.788441,0.772677,0.806290,0.741823,0.745833,0.769022,0.726064,0.709921,0.764471,0.744335,0.787315,0.765043,0.796535,0.755217,0.744737,0.813199,0.757003,0.780677,0.780101,0.759687,0.761612,0.750067,0.730891,0.781895,0.782260,0.749694,0.765585,0.744869,0.750122,0.784510,0.782809,0.800181,0.792111,0.738585,0.762259,0.789258,0.775751,0.759602,#
21,0.751647,0.839336,0.772826,0.783354,0.752947,0.751665,0.740280,0.743653,0.758558,0.749488,0.751387,0.746085,0.729800,0.750802,0.734480,0.756353,0.710036,0.766267,0.783009,0.746454,0.769932,1.000000,0.750947,0.765482,0.714282,0.728561,0.774652,0.733457,0.756722,0.731009,0.743440,0.747717,0.764022,0.787095,0.777589,0.799457,0.749187,0.768993,0.758501,0.745318,0.763256,0.769454,0.738276,0.735984,0.769677,0.758920,0.773890,0.765215,0.789343,0.775860,0.735755,0.757929,0.751449,0.719607,0.794637,0.762074,0.729007,0.741526,0.803134,0.730610,0.759182,0.756924,0.713622,0.719930,0.776561,0.763500,0.802335,0.751326,0.755080,0.771091,0.745977,0.791315,0.783097,0.768846,0.797340,0.765649,0.746193,0.766351,0.756454,0.766685,0.752945,0.735626,0.807945,0.780114,0.797057,0.760033,0.701961,0.776271,0.786126,0.759347,0.707496,0.703695,0.771822,0.789584,0.755753,0.752606,0.757693,0.724081,0.742308,0.766423,0.769042,0.757889,0.721529,0.752436,0.721146,0.777525,0.717750,0.779309,0.730119,0.788684,0.770887,0.724306,0.755651,0.751969,0.698223,0.718495,0.738183,0.802577,0.726913,0.736400,0.770890,0.745322,0.700552,0.767749,0.729054,0.711791,0.758264,0.745440,0.766153,0.779205,0.758487,0.777491,0.735669,0.735532,0.787362,0.730386,0.707894,0.721457,0.762577,0.773991,0.753604,0.743537,0.699996,0.764218,0.749295,0.755434,0.733431,0.698376,0.726567,0.751755,0.753101,0.774433,0.733947,0.746829,0.743557,0.745724,0.790932,0.743738,0.720722,0.747270,0.739777,0.781090,0.777254,0.764572,0.783551,0.752371,0.769746,0.734914,0.673676,0.733102,0.776045,0.715607,0.752958,0.722368,0.759738,0.745456,0.691186,0.777551,0.751102,0.755844,0.746863,0.783811,0.752103,0.731235,0.729883,0.777861,0.758125,0.684623,0.701328,0.747504,0.734335,0.751922,0.752519,0.742493,0.780828,0.696426,0.746290,0.787483,0.717429,0.775836,#
