0,1.000000,0.825349,0.844202,0.823193,0.802761,0.837336,0.833763,0.832902,0.821370,0.805108,0.826634,0.847641,0.810389,0.816466,0.826015,0.818574,0.845929,0.856244,0.837451,0.828192,0.842119,0.797982,0.827648,0.864549,0.788621,0.816882,0.818881,0.824445,0.806435,0.838408,0.812930,0.847864,0.819694,0.811156,0.834576,0.826989,0.808512,0.819896,0.827216,0.837283,0.829272,0.802026,0.860961,0.804620,0.831430,0.796319,0.835391,0.860429,0.830812,0.846501,0.821613,0.838688,0.843344,0.843295,0.841274,0.842525,0.824613,0.852521,0.819664,0.822410,0.843134,0.816827,0.838762,0.835414,0.842398,0.822033,0.852072,0.830765,0.811591,0.805157,0.815505,0.806726,0.866342,0.844846,0.820284,0.805258,0.855929,0.831601,0.839010,0.821010,0.857096,0.824084,0.839583,0.839421,0.841695,0.859760,0.838039,0.839210,0.803238,0.826635,0.807698,0.819260,0.837372,0.825753,0.829041,0.825394,0.805621,0.802349,0.836481,0.848059,0.832241,0.827618,0.810994,0.836768,0.810943,0.827465,0.819149,0.855541,0.840281,0.800790,0.832370,0.827496,0.834783,0.809507,0.814587,0.853520,0.798838,0.818857,0.815329,0.808134,0.802236,0.880015,0.840650,0.855702,0.843873,0.823302,0.820895,0.799195,0.775337,0.822730,0.807234,0.842955,0.830622,0.797916,0.835072,0.833548,0.814985,0.830027,0.800372,0.843511,0.819305,0.816914,0.781398,0.841556,0.838596,0.754331,0.817625,0.793245,0.840704,0.816031,0.816562,0.828487,0.838130,0.795641,0.819817,0.806319,0.834232,0.836092,0.855829,0.823540,0.851187,0.851257,0.820152,0.821028,0.812071,0.833256,0.843357,0.806885,0.836031,0.823354,0.835229,0.821632,0.826012,0.857374,0.850305,0.820535,0.842635,0.854322,0.824341,0.812668,0.811898,0.851339,0.808956,0.812283,0.819145,0.801997,0.797153,0.826912,0.818557,0.820257,0.807923,0.837150,0.816446,0.830220,0.819825,0.836891,0.805684,0.840013,0.827835,0.817795,#
1,0.825349,1.000000,0.811782,0.826171,0.815813,0.843410,0.791355,0.824932,0.844586,0.820890,0.829695,0.832812,0.809146,0.810709,0.814370,0.807837,0.817165,0.823655,0.814545,0.832625,0.831291,0.849121,0.839497,0.831422,0.805892,0.790050,0.822928,0.832954,0.794716,0.795899,0.841299,0.838953,0.824786,0.842882,0.808899,0.835240,0.792423,0.827268,0.846036,0.836283,0.816638,0.801252,0.816514,0.811311,0.801770,0.813770,0.854167,0.830772,0.856727,0.828844,0.819710,0.859358,0.836019,0.808491,0.846633,0.835809,0.811248,0.827762,0.814854,0.809891,0.799254,0.808364,0.790945,0.794924,0.833252,0.837720,0.858782,0.845311,0.839327,0.834841,0.824425,0.826891,0.880902,0.800626,0.836830,0.830802,0.808345,0.823302,0.840504,0.808481,0.844812,0.830570,0.853836,0.844673,0.849274,0.830646,0.817102,0.836996,0.823076,0.815269,0.805155,0.813107,0.820362,0.829125,0.810254,0.803431,0.809577,0.809835,0.816093,0.829144,0.838624,0.822871,0.800938,0.820186,0.798476,0.826432,0.806612,0.847165,0.822754,0.789173,0.811376,0.817547,0.813468,0.817696,0.800955,0.836387,0.826436,0.834579,0.812579,0.773728,0.818625,0.846878,0.812289,0.842102,0.817276,0.805792,0.816802,0.816336,0.827142,0.843674,0.795934,0.854734,0.810067,0.810458,0.848062,0.816638,0.823190,0.823374,0.821556,0.803282,0.841026,0.820232,0.812676,0.836732,0.816510,0.789706,0.805120,0.789119,0.844620,0.806072,0.850154,0.848720,0.820685,0.779443,0.858419,0.807424,0.829531,0.840490,0.802817,0.796973,0.808480,0.840542,0.820381,0.846400,0.827589,0.782576,0.824995,0.793282,0.807169,0.817857,0.827548,0.811704,0.815615,0.834853,0.832737,0.815852,0.825906,0.849813,0.799564,0.816232,0.812445,0.805811,0.816916,0.803039,0.819545,0.854496,0.803991,0.751613,0.829011,0.827724,0.831195,0.825739,0.801088,0.805772,0.830170,0.776250,0.794985,0.856064,0.807270,0.824286,#
2,0.844202,0.811782,1.000000,0.829594,0.817404,0.831655,0.808734,0.834009,0.835024,0.818891,0.817448,0.808427,0.768853,0.827620,0.811077,0.801093,0.803761,0.834034,0.806379,0.831062,0.827426,0.804172,0.811716,0.852009,0.789679,0.800861,0.853645,0.833758,0.824465,0.831404,0.827285,0.825432,0.832667,0.819682,0.808849,0.823273,0.819086,0.819987,0.851473,0.818632,0.808844,0.811402,0.836707,0.796399,0.794694,0.810411,0.857455,0.804211,0.801426,0.837215,0.817118,0.837953,0.835829,0.842886,0.857904,0.840867,0.833050,0.815657,0.814498,0.820684,0.859663,0.823660,0.813431,0.828856,0.838714,0.826797,0.831468,0.812920,0.810800,0.822925,0.840298,0.808529,0.846214,0.828122,0.849179,0.812662,0.825211,0.820838,0.826315,0.846291,0.848234,0.834545,0.866266,0.807549,0.860453,0.848772,0.828851,0.854935,0.810174,0.812907,0.834137,0.837847,0.844547,0.819367,0.843553,0.809086,0.798942,0.796250,0.862872,0.827639,0.845626,0.811912,0.795869,0.815578,0.801351,0.855604,0.847654,0.841121,0.834661,0.788524,0.827507,0.797480,0.852997,0.804836,0.799073,0.814475,0.798095,0.827197,0.825894,0.775620,0.798693,0.818154,0.801137,0.851236,0.829962,0.793932,0.814985,0.811969,0.811063,0.845511,0.832170,0.856991,0.849222,0.846922,0.841169,0.824066,0.820662,0.819473,0.813567,0.796695,0.818490,0.841938,0.776949,0.806000,0.814357,0.813744,0.792960,0.790608,0.820157,0.825956,0.829105,0.828746,0.828170,0.820389,0.815197,0.812345,0.821367,0.791992,0.826119,0.796535,0.790360,0.796889,0.826294,0.818910,0.794925,0.821598,0.838138,0.774099,0.815202,0.805664,0.822335,0.822904,0.828432,0.812595,0.828106,0.815160,0.806983,0.851856,0.804995,0.784771,0.800239,0.856479,0.786731,0.838442,0.804374,0.817034,0.796271,0.776934,0.814496,0.815965,0.812641,0.822945,0.849436,0.828816,0.805416,0.826813,0.788088,0.834707,0.798131,0.823651,#
3,0.823193,0.826171,0.829594,1.000000,0.833313,0.818680,0.811896,0.825848,0.847210,0.829556,0.821027,0.831161,0.805188,0.811054,0.814646,0.820535,0.817278,0.823719,0.849208,0.812327,0.832174,0.851064,0.814416,0.832240,0.819162,0.829975,0.843270,0.836396,0.820821,0.819136,0.833608,0.859013,0.829326,0.846394,0.829491,0.831922,0.804874,0.835282,0.818358,0.842728,0.819424,0.823263,0.827551,0.817239,0.813576,0.843044,0.841552,0.831695,0.830654,0.820382,0.832074,0.814516,0.842354,0.808392,0.835246,0.847857,0.809020,0.841984,0.857982,0.829309,0.815947,0.808654,0.796737,0.822468,0.872689,0.812236,0.819490,0.800559,0.779453,0.828329,0.814682,0.835526,0.864225,0.825009,0.818972,0.799952,0.820558,0.825351,0.817640,0.841656,0.854702,0.812266,0.852875,0.835816,0.838247,0.844846,0.833268,0.827036,0.803179,0.826820,0.824603,0.828132,0.843206,0.838508,0.831834,0.825786,0.792516,0.792451,0.817643,0.814045,0.819670,0.812310,0.785191,0.806485,0.854008,0.824032,0.827517,0.848813,0.816006,0.807500,0.823428,0.794773,0.814471,0.822560,0.806276,0.836129,0.795552,0.818504,0.830007,0.772832,0.790689,0.848818,0.804646,0.813397,0.812084,0.815714,0.828086,0.833066,0.792863,0.820301,0.806920,0.854262,0.807101,0.833487,0.845005,0.850463,0.833997,0.799972,0.793073,0.804221,0.805459,0.841495,0.820073,0.803571,0.803972,0.833745,0.799030,0.829633,0.825231,0.813729,0.817540,0.815523,0.817376,0.814714,0.835279,0.784343,0.840126,0.812858,0.830696,0.813243,0.820338,0.818761,0.798652,0.838492,0.810076,0.811770,0.832598,0.783836,0.838394,0.818796,0.834295,0.822351,0.816371,0.839819,0.809227,0.828482,0.819442,0.846585,0.813898,0.808317,0.786266,0.848688,0.790561,0.815295,0.800000,0.821461,0.793772,0.776203,0.835784,0.849164,0.808504,0.808324,0.814247,0.819714,0.822715,0.817697,0.819335,0.829962,0.805939,0.820142,#
4,0.802761,0.815813,0.817404,0.833313,1.000000,0.832437,0.823884,0.823148,0.801768,0.809568,0.792040,0.839124,0.793794,0.823634,0.804282,0.825212,0.831563,0.849324,0.822516,0.855513,0.854217,0.819814,0.813719,0.849975,0.784249,0.798621,0.833954,0.808861,0.810667,0.807038,0.854301,0.831046,0.861040,0.811963,0.803928,0.815361,0.809217,0.821082,0.830161,0.843666,0.815539,0.794211,0.816299,0.826547,0.817792,0.831584,0.843333,0.819090,0.825619,0.817517,0.815619,0.821701,0.835806,0.813427,0.836498,0.830035,0.797426,0.822849,0.849302,0.832072,0.798666,0.830595,0.812048,0.800589,0.850714,0.831035,0.826545,0.811566,0.789516,0.818173,0.829693,0.841047,0.844926,0.813993,0.822620,0.800518,0.816977,0.829290,0.833556,0.832739,0.814958,0.820399,0.850538,0.804488,0.844817,0.818068,0.814448,0.806316,0.816120,0.822714,0.805099,0.799283,0.814558,0.818829,0.815713,0.818132,0.804542,0.785672,0.799427,0.825767,0.853575,0.832671,0.808420,0.813301,0.818026,0.824063,0.824838,0.823061,0.827417,0.812717,0.803541,0.807011,0.832300,0.847918,0.800667,0.815265,0.817186,0.843556,0.789871,0.773748,0.797993,0.839601,0.839363,0.829871,0.818372,0.809333,0.810279,0.812352,0.846510,0.839343,0.844590,0.830483,0.803052,0.832439,0.859189,0.841227,0.819080,0.806019,0.803717,0.775729,0.782694,0.843118,0.819202,0.814372,0.806797,0.798855,0.825864,0.770918,0.811295,0.846078,0.815405,0.868085,0.804369,0.792677,0.854173,0.810233,0.850446,0.796225,0.828626,0.800455,0.795772,0.817911,0.842322,0.811123,0.795157,0.793474,0.803223,0.784265,0.815462,0.826125,0.805381,0.822759,0.836735,0.819092,0.848656,0.829097,0.826062,0.853162,0.805248,0.794798,0.823055,0.828359,0.819438,0.801764,0.846992,0.830686,0.773827,0.819088,0.795060,0.809296,0.778677,0.790354,0.784679,0.825751,0.814796,0.799981,0.808444,0.813314,0.833620,0.807174,#
5,0.837336,0.843410,0.831655,0.818680,0.832437,1.000000,0.783581,0.839675,0.824476,0.810275,0.817939,0.814178,0.792827,0.811202,0.810424,0.821367,0.826477,0.842917,0.805024,0.862716,0.833377,0.794463,0.815198,0.843241,0.812804,0.825319,0.862544,0.847470,0.795519,0.824765,0.852648,0.857677,0.848489,0.846653,0.797080,0.844439,0.811632,0.803324,0.830787,0.824255,0.833671,0.803123,0.790096,0.826486,0.832247,0.842393,0.861274,0.860509,0.851545,0.820090,0.837251,0.811000,0.837291,0.848991,0.809531,0.888176,0.832124,0.826684,0.866466,0.843455,0.794707,0.829594,0.826736,0.845082,0.835406,0.810758,0.825442,0.836205,0.821935,0.813621,0.842376,0.819526,0.872486,0.810137,0.826016,0.823527,0.836215,0.856988,0.826870,0.834575,0.868965,0.834491,0.860932,0.839093,0.812958,0.848372,0.837636,0.844130,0.842553,0.815902,0.804967,0.810814,0.848965,0.847670,0.814278,0.782729,0.820098,0.822069,0.864744,0.816364,0.856509,0.832218,0.844821,0.833568,0.822109,0.840848,0.834554,0.849777,0.809659,0.814704,0.804402,0.838115,0.818255,0.795240,0.791514,0.814288,0.835664,0.835328,0.814457,0.776698,0.799596,0.857767,0.828434,0.863392,0.801127,0.811615,0.854393,0.803943,0.808741,0.828088,0.833611,0.870594,0.854146,0.853637,0.842284,0.823481,0.828832,0.832892,0.808285,0.788113,0.820960,0.818227,0.827307,0.840995,0.866831,0.784916,0.791482,0.804007,0.841647,0.848157,0.847877,0.837857,0.820176,0.805259,0.830089,0.799239,0.861438,0.825193,0.837893,0.811120,0.826041,0.835230,0.835267,0.824784,0.841029,0.797904,0.783695,0.830552,0.827803,0.815953,0.866352,0.835915,0.819206,0.830849,0.830169,0.815117,0.822330,0.860886,0.832405,0.830684,0.836513,0.833366,0.800537,0.813348,0.830554,0.840306,0.804607,0.802872,0.819790,0.839775,0.797311,0.842559,0.790142,0.829862,0.785041,0.823024,0.791651,0.838630,0.828381,0.820419,#
6,0.833763,0.791355,0.808734,0.811896,0.823884,0.783581,1.000000,0.793092,0.825577,0.798925,0.795351,0.806557,0.803149,0.826973,0.769660,0.821984,0.823240,0.849894,0.807724,0.797557,0.853089,0.806848,0.777310,0.822565,0.801335,0.806799,0.815980,0.807468,0.801195,0.833610,0.811178,0.829680,0.829957,0.814289,0.809315,0.833534,0.799948,0.799711,0.805227,0.834652,0.814670,0.813658,0.838593,0.804625,0.832645,0.775717,0.830288,0.802973,0.849959,0.839413,0.824467,0.841005,0.834182,0.777520,0.841122,0.823102,0.824888,0.840238,0.838424,0.780972,0.827596,0.801309,0.799676,0.797650,0.862870,0.811885,0.857942,0.812622,0.809115,0.793925,0.817077,0.830151,0.831263,0.831600,0.802421,0.809854,0.822036,0.813738,0.828270,0.800919,0.838242,0.827091,0.819487,0.828637,0.814294,0.820561,0.813099,0.809513,0.811837,0.821338,0.790384,0.803593,0.784940,0.809642,0.806207,0.795834,0.824211,0.805411,0.806397,0.823499,0.829952,0.820042,0.823320,0.810087,0.815409,0.777273,0.820271,0.806785,0.806374,0.771390,0.780946,0.796185,0.783974,0.796726,0.787631,0.789062,0.808437,0.816857,0.793964,0.792971,0.801983,0.829135,0.794631,0.852726,0.831646,0.834401,0.788656,0.806910,0.764182,0.813602,0.820344,0.824058,0.807161,0.784692,0.826807,0.818950,0.828514,0.789969,0.833309,0.819644,0.818524,0.833373,0.776607,0.800064,0.798720,0.812852,0.799620,0.791423,0.812131,0.800627,0.820387,0.841327,0.776541,0.766789,0.805321,0.782619,0.823330,0.790533,0.826192,0.817358,0.806192,0.822277,0.795160,0.815659,0.809965,0.808085,0.842041,0.747006,0.818364,0.801831,0.830808,0.815270,0.775262,0.782142,0.818400,0.828109,0.809268,0.835723,0.806377,0.799003,0.814949,0.815150,0.818156,0.823876,0.809171,0.813142,0.775428,0.797599,0.774138,0.803106,0.774598,0.811737,0.786503,0.813537,0.817353,0.813095,0.812491,0.833917,0.808417,0.797427,#
7,0.832902,0.824932,0.834009,0.825848,0.823148,0.839675,0.793092,1.000000,0.868000,0.810924,0.823169,0.819284,0.803741,0.832766,0.839669,0.790403,0.831851,0.836491,0.832671,0.828165,0.849109,0.810108,0.854952,0.832668,0.820817,0.834870,0.833486,0.838332,0.818786,0.838918,0.797875,0.843234,0.817021,0.834889,0.807372,0.828142,0.826981,0.817330,0.838873,0.830050,0.817904,0.821138,0.821875,0.829721,0.823152,0.825271,0.851073,0.848759,0.828315,0.818399,0.840055,0.830017,0.841365,0.858566,0.841903,0.836218,0.816478,0.839278,0.830543,0.842360,0.789492,0.830092,0.828635,0.824560,0.851827,0.836929,0.848515,0.820912,0.834797,0.825689,0.834888,0.783754,0.876434,0.836443,0.850506,0.809787,0.832885,0.824887,0.828845,0.821121,0.865145,0.830732,0.856328,0.827391,0.834819,0.837329,0.855599,0.832056,0.813608,0.831493,0.804012,0.839520,0.835826,0.824732,0.843699,0.801660,0.824485,0.840074,0.847515,0.830582,0.844368,0.809992,0.810098,0.820579,0.823360,0.828821,0.825063,0.841986,0.824828,0.799331,0.858987,0.815963,0.839831,0.818383,0.818691,0.829913,0.808069,0.803548,0.812295,0.822878,0.820578,0.842412,0.810620,0.856657,0.854153,0.816581,0.826386,0.833046,0.793389,0.805076,0.825216,0.839509,0.850973,0.806590,0.853933,0.859947,0.826228,0.839974,0.796190,0.812737,0.813979,0.831307,0.839276,0.816873,0.829768,0.811163,0.819391,0.775865,0.842608,0.827593,0.815112,0.837854,0.829870,0.806002,0.824689,0.838944,0.841116,0.831757,0.836699,0.826704,0.837544,0.797712,0.853222,0.808514,0.813222,0.813802,0.836871,0.786926,0.803194,0.801563,0.859446,0.836425,0.821881,0.840743,0.832711,0.813502,0.817741,0.836964,0.820637,0.822283,0.829125,0.823153,0.816111,0.815784,0.809144,0.843817,0.799322,0.776392,0.820065,0.855792,0.826136,0.824805,0.803417,0.799906,0.825078,0.821428,0.806920,0.860495,0.839271,0.821266,#
8,0.821370,0.844586,0.835024,0.847210,0.801768,0.824476,0.825577,0.868000,1.000000,0.839000,0.807187,0.830110,0.810448,0.845932,0.827824,0.837662,0.811199,0.859242,0.806257,0.844881,0.841588,0.853475,0.827944,0.828431,0.806033,0.835215,0.838366,0.836833,0.826060,0.833202,0.824032,0.846734,0.828572,0.820628,0.795675,0.853794,0.820967,0.830649,0.822941,0.836510,0.809219,0.824406,0.867040,0.815974,0.817937,0.802286,0.832684,0.839469,0.846151,0.831409,0.855037,0.851609,0.807075,0.850085,0.830132,0.861178,0.834091,0.847715,0.821091,0.819894,0.836348,0.825350,0.858258,0.821786,0.859422,0.850509,0.848079,0.839692,0.853808,0.829162,0.836503,0.820628,0.870603,0.845246,0.836487,0.814704,0.830195,0.841511,0.832030,0.832050,0.863937,0.833593,0.841822,0.832074,0.849110,0.846757,0.823365,0.844503,0.797507,0.811860,0.820436,0.823388,0.829119,0.831355,0.837795,0.809179,0.821624,0.830855,0.860394,0.838342,0.850284,0.807413,0.833002,0.851011,0.816875,0.837502,0.828917,0.846253,0.807579,0.820334,0.819137,0.830248,0.838089,0.808139,0.812374,0.844329,0.814298,0.817114,0.827371,0.829719,0.803967,0.834764,0.818637,0.851162,0.830433,0.845678,0.809636,0.823792,0.812590,0.834816,0.813686,0.838899,0.847783,0.831390,0.861229,0.832914,0.826891,0.813787,0.810265,0.824427,0.816518,0.846586,0.841199,0.809074,0.822452,0.798488,0.816052,0.806573,0.847704,0.826787,0.826232,0.843896,0.808335,0.852092,0.833600,0.820827,0.839835,0.847037,0.847543,0.839793,0.819348,0.801223,0.850546,0.835283,0.816280,0.807538,0.825192,0.801600,0.838945,0.815687,0.853374,0.839143,0.813162,0.829255,0.854652,0.821023,0.823541,0.859240,0.824358,0.799422,0.822278,0.842256,0.802866,0.845440,0.839664,0.829120,0.830453,0.790589,0.815983,0.844563,0.836019,0.830399,0.844603,0.822764,0.817257,0.809536,0.808075,0.834187,0.835674,0.837734,#
9,0.805108,0.820890,0.818891,0.829556,0.809568,0.810275,0.798925,0.810924,0.839000,1.000000,0.798490,0.795347,0.804058,0.816949,0.827418,0.822392,0.808025,0.820301,0.825956,0.813283,0.848241,0.802786,0.819904,0.850449,0.792995,0.787065,0.819906,0.851180,0.792955,0.827269,0.800624,0.842920,0.830398,0.822326,0.806091,0.825817,0.805927,0.796680,0.828759,0.830477,0.829200,0.805161,0.813138,0.796208,0.828828,0.791104,0.820283,0.819842,0.801762,0.803328,0.809091,0.802848,0.790005,0.803828,0.824390,0.835222,0.821048,0.852655,0.814710,0.811564,0.817529,0.803488,0.816194,0.802484,0.827412,0.842445,0.840198,0.829388,0.832967,0.794242,0.829142,0.793475,0.837229,0.804947,0.824758,0.803436,0.814317,0.848784,0.828136,0.854052,0.827036,0.823925,0.823532,0.845380,0.836137,0.813749,0.813513,0.857962,0.800752,0.777881,0.801641,0.814207,0.824060,0.807594,0.821196,0.778294,0.800946,0.814498,0.829751,0.801082,0.847849,0.818877,0.831507,0.818217,0.829103,0.827844,0.809295,0.826988,0.833101,0.821720,0.825255,0.817288,0.842329,0.817996,0.776245,0.837703,0.763098,0.793635,0.775186,0.777459,0.784426,0.830374,0.811189,0.840614,0.817840,0.809153,0.812531,0.795451,0.823498,0.814189,0.807353,0.833092,0.821572,0.835306,0.836920,0.803920,0.807330,0.796506,0.788274,0.801121,0.813697,0.850914,0.819015,0.829214,0.807514,0.810486,0.805566,0.794207,0.817604,0.806413,0.797558,0.802597,0.809173,0.808567,0.825496,0.803539,0.814188,0.815926,0.824173,0.815660,0.823439,0.818253,0.825966,0.822695,0.812082,0.815926,0.791185,0.785685,0.847486,0.799736,0.837920,0.837416,0.798145,0.800987,0.825305,0.848343,0.813613,0.849256,0.794087,0.822847,0.822337,0.806322,0.809727,0.803688,0.808757,0.842994,0.769281,0.771882,0.844813,0.791747,0.803296,0.818146,0.787578,0.787033,0.782166,0.792133,0.812364,0.826167,0.797983,0.788455,#
10,0.826634,0.829695,0.817448,0.821027,0.792040,0.817939,0.795351,0.823169,0.807187,0.798490,1.000000,0.813673,0.756509,0.795759,0.779293,0.803249,0.816649,0.799577,0.803693,0.811295,0.821975,0.770827,0.818066,0.850350,0.780097,0.791676,0.820009,0.843426,0.784617,0.823858,0.807819,0.822184,0.817868,0.829253,0.805621,0.824742,0.804330,0.810363,0.818729,0.803551,0.826565,0.786736,0.802104,0.776341,0.814992,0.817497,0.852631,0.829886,0.832544,0.857668,0.793936,0.833984,0.822074,0.783422,0.826939,0.841445,0.812282,0.831044,0.796555,0.812532,0.809897,0.815179,0.839946,0.825643,0.838343,0.779083,0.836357,0.790634,0.817591,0.800615,0.826025,0.817034,0.858721,0.774429,0.810025,0.827829,0.803853,0.839551,0.813814,0.800955,0.860472,0.817029,0.826375,0.809551,0.820921,0.800915,0.819826,0.813694,0.804721,0.843710,0.790046,0.838513,0.838600,0.800181,0.797562,0.807326,0.762981,0.805998,0.835191,0.829719,0.815502,0.798810,0.795588,0.830202,0.845724,0.795684,0.818532,0.815916,0.804554,0.788071,0.788105,0.794989,0.827556,0.797344,0.779532,0.837951,0.779604,0.809236,0.807629,0.783933,0.795085,0.839647,0.775557,0.832923,0.772943,0.802657,0.824290,0.808462,0.809395,0.814518,0.776243,0.820570,0.795181,0.804065,0.838290,0.852904,0.792585,0.801101,0.797505,0.818916,0.836613,0.815930,0.768065,0.803358,0.782267,0.775474,0.801696,0.772645,0.822052,0.805221,0.797360,0.811115,0.814176,0.785247,0.819234,0.778171,0.853348,0.825650,0.808363,0.787012,0.836413,0.787134,0.809215,0.819039,0.802176,0.783334,0.821494,0.781186,0.824579,0.832707,0.813625,0.811672,0.769624,0.804531,0.831492,0.800217,0.807116,0.838144,0.773687,0.818065,0.785318,0.790232,0.812034,0.795067,0.780403,0.822691,0.777151,0.774449,0.770028,0.820497,0.804598,0.788549,0.797604,0.809853,0.815546,0.806306,0.792527,0.836335,0.801887,0.821833,#
11,0.847641,0.832812,0.808427,0.831161,0.839124,0.814178,0.806557,0.819284,0.830110,0.795347,0.813673,1.000000,0.820254,0.821802,0.818908,0.807255,0.825054,0.868525,0.850442,0.813097,0.830359,0.808779,0.831323,0.828440,0.803351,0.816926,0.808755,0.820474,0.820202,0.803656,0.823528,0.849866,0.843750,0.838700,0.789458,0.828507,0.842968,0.844241,0.812182,0.844225,0.824089,0.801263,0.830996,0.807033,0.811718,0.801337,0.875100,0.845379,0.821086,0.847408,0.816296,0.826349,0.851341,0.828745,0.845304,0.841046,0.793359,0.854587,0.817422,0.823596,0.789710,0.805423,0.849793,0.807235,0.841152,0.818893,0.838188,0.824064,0.839733,0.834116,0.840598,0.814847,0.848246,0.828491,0.847341,0.788352,0.844921,0.842062,0.808699,0.783910,0.838390,0.828197,0.846652,0.821787,0.859764,0.820735,0.801647,0.813357,0.805658,0.799346,0.830663,0.828410,0.826608,0.810431,0.812164,0.836174,0.790975,0.804614,0.816142,0.827657,0.817736,0.832763,0.827124,0.824976,0.841632,0.831684,0.825879,0.848508,0.846502,0.812580,0.836009,0.838577,0.841310,0.788738,0.771286,0.829708,0.808043,0.820999,0.803880,0.822432,0.780373,0.842206,0.820724,0.840729,0.829223,0.810551,0.829076,0.809075,0.814064,0.844396,0.827422,0.834773,0.836386,0.827986,0.840658,0.829238,0.831439,0.814645,0.816459,0.824958,0.815858,0.815525,0.819395,0.839064,0.836483,0.781509,0.825517,0.799421,0.821934,0.835689,0.815708,0.816195,0.813108,0.837169,0.849737,0.799236,0.841943,0.809198,0.819737,0.803802,0.827043,0.829933,0.838062,0.816792,0.827659,0.783924,0.839633,0.774092,0.832032,0.848174,0.838086,0.806587,0.832944,0.853341,0.826693,0.817877,0.834723,0.839216,0.794405,0.832199,0.821415,0.808075,0.841569,0.800983,0.839614,0.808616,0.794153,0.820974,0.801438,0.818851,0.824769,0.823359,0.821919,0.818956,0.816627,0.810671,0.812691,0.834202,0.809946,0.809267,#
12,0.810389,0.809146,0.768853,0.805188,0.793794,0.792827,0.803149,0.803741,0.810448,0.804058,0.756509,0.820254,1.000000,0.816755,0.812815,0.781476,0.807113,0.828606,0.825953,0.800766,0.821520,0.776901,0.818037,0.834297,0.780184,0.806260,0.797304,0.809955,0.815077,0.785746,0.788022,0.814393,0.816235,0.816636,0.798270,0.811211,0.796326,0.799644,0.800910,0.817178,0.755271,0.755415,0.799300,0.816239,0.810037,0.802738,0.838987,0.794812,0.810712,0.798438,0.849242,0.784097,0.790673,0.805041,0.826533,0.824594,0.787725,0.815343,0.800350,0.779176,0.780001,0.800405,0.786258,0.781857,0.838178,0.816687,0.798868,0.793400,0.827318,0.803236,0.809594,0.786129,0.838371,0.793117,0.826280,0.799493,0.816285,0.806951,0.807833,0.809018,0.828848,0.801737,0.816237,0.814985,0.780997,0.819488,0.778139,0.803195,0.791340,0.771303,0.791951,0.782585,0.818284,0.771197,0.780605,0.808074,0.834245,0.801722,0.779753,0.788659,0.771345,0.816358,0.802175,0.833540,0.772830,0.791606,0.781291,0.794943,0.813780,0.795622,0.806031,0.788846,0.806336,0.775219,0.818915,0.802493,0.771163,0.777565,0.792546,0.766838,0.774913,0.829518,0.788004,0.835109,0.815084,0.805761,0.800015,0.753837,0.758325,0.792004,0.771147,0.798639,0.778313,0.793954,0.801467,0.797417,0.793094,0.815163,0.799382,0.764512,0.812773,0.829242,0.793764,0.810127,0.780826,0.797773,0.810033,0.765028,0.810931,0.827221,0.795342,0.799421,0.807970,0.760560,0.814616,0.826591,0.825512,0.807463,0.823029,0.782230,0.803232,0.823764,0.815753,0.800324,0.829916,0.752105,0.791415,0.815978,0.772541,0.782693,0.820905,0.800931,0.792120,0.804772,0.801638,0.785961,0.828429,0.838212,0.777078,0.764879,0.791152,0.814570,0.795923,0.771379,0.755618,0.810533,0.772281,0.808544,0.803618,0.794664,0.771712,0.785119,0.764667,0.790856,0.767399,0.804383,0.783240,0.818014,0.823723,0.754170,#
13,0.816466,0.810709,0.827620,0.811054,0.823634,0.811202,0.826973,0.832766,0.845932,0.816949,0.795759,0.821802,0.816755,1.000000,0.802660,0.798123,0.800602,0.867204,0.838470,0.821734,0.838183,0.811427,0.848284,0.828237,0.800576,0.818629,0.815118,0.848269,0.831007,0.857507,0.791190,0.833150,0.857357,0.845505,0.770843,0.819690,0.812563,0.835955,0.825686,0.840731,0.848675,0.815495,0.835279,0.813747,0.846451,0.823645,0.836518,0.840087,0.855681,0.837772,0.840546,0.854493,0.815606,0.827297,0.854989,0.866837,0.827422,0.851942,0.823770,0.829108,0.817122,0.814817,0.817157,0.828740,0.861866,0.825644,0.843161,0.824439,0.852053,0.809111,0.807531,0.813599,0.836961,0.846455,0.849299,0.815334,0.826157,0.842207,0.847737,0.834704,0.846570,0.831405,0.864762,0.837143,0.827297,0.839357,0.799962,0.806835,0.838228,0.818706,0.809506,0.816191,0.837481,0.832048,0.818990,0.792444,0.816707,0.806695,0.826855,0.850605,0.835883,0.822739,0.831750,0.853943,0.829823,0.856504,0.815431,0.842005,0.821656,0.802593,0.828515,0.828855,0.832994,0.825143,0.821545,0.834002,0.787399,0.842325,0.838197,0.809981,0.810341,0.840402,0.800860,0.814006,0.818169,0.800433,0.831875,0.790701,0.804481,0.816815,0.821568,0.823057,0.822710,0.820185,0.856382,0.829199,0.809379,0.829596,0.854843,0.800961,0.810000,0.859915,0.851687,0.811542,0.792225,0.809072,0.835693,0.800683,0.842135,0.819634,0.827220,0.850804,0.806853,0.813156,0.834597,0.823305,0.838263,0.812230,0.848821,0.800836,0.840178,0.820225,0.830075,0.835358,0.824692,0.806820,0.831057,0.795223,0.843521,0.805266,0.838318,0.838722,0.847047,0.827025,0.855273,0.832328,0.833514,0.873626,0.822273,0.823521,0.810490,0.831074,0.845768,0.812984,0.831394,0.841970,0.793576,0.813356,0.779847,0.810444,0.832977,0.821061,0.826475,0.833755,0.835359,0.801767,0.814885,0.836248,0.834350,0.795061,#
14,0.826015,0.814370,0.811077,0.814646,0.804282,0.810424,0.769660,0.839669,0.827824,0.827418,0.779293,0.818908,0.812815,0.802660,1.000000,0.807936,0.801480,0.797617,0.799964,0.808327,0.824822,0.799549,0.813882,0.847633,0.796851,0.767091,0.820588,0.812194,0.815964,0.817835,0.816247,0.820562,0.804638,0.799944,0.807802,0.817288,0.780935,0.810119,0.829955,0.793373,0.785038,0.775806,0.813969,0.807226,0.813136,0.802215,0.817511,0.804910,0.778593,0.793622,0.795677,0.811032,0.796556,0.842434,0.818922,0.818744,0.791325,0.815254,0.820392,0.790996,0.795434,0.823635,0.814681,0.810712,0.809087,0.788167,0.798899,0.797856,0.812085,0.816394,0.799348,0.773105,0.843638,0.810676,0.834523,0.784481,0.831483,0.831710,0.796686,0.787408,0.834218,0.819579,0.842167,0.830258,0.814957,0.815156,0.789111,0.818372,0.804669,0.757424,0.769010,0.774041,0.831958,0.838513,0.811380,0.800445,0.831752,0.803322,0.816941,0.788816,0.820659,0.809832,0.820557,0.783691,0.807114,0.803005,0.789315,0.800343,0.799635,0.799606,0.819581,0.812201,0.822307,0.795684,0.768180,0.819119,0.781741,0.774446,0.790164,0.776430,0.802067,0.832889,0.792121,0.823165,0.823360,0.762372,0.810962,0.826041,0.762899,0.812604,0.784245,0.826504,0.801385,0.802515,0.820688,0.819386,0.799413,0.808203,0.800350,0.784367,0.793575,0.820438,0.774086,0.816451,0.782218,0.820877,0.820160,0.769109,0.819330,0.784731,0.812471,0.805879,0.793838,0.795682,0.829332,0.799938,0.813670,0.803469,0.785602,0.791193,0.806053,0.791674,0.818926,0.788960,0.796151,0.783672,0.796101,0.768840,0.781549,0.827301,0.808816,0.793247,0.817777,0.824708,0.825307,0.814128,0.808526,0.828067,0.788649,0.781287,0.809506,0.834045,0.801507,0.790973,0.796162,0.801979,0.787227,0.759328,0.784005,0.796958,0.767739,0.783165,0.814566,0.815153,0.784604,0.784500,0.795018,0.803379,0.796554,0.754203,#
15,0.818574,0.807837,0.801093,0.820535,0.825212,0.821367,0.821984,0.790403,0.837662,0.822392,0.803249,0.807255,0.781476,0.798123,0.807936,1.000000,0.797407,0.839157,0.806802,0.803640,0.815151,0.819644,0.815603,0.827123,0.796724,0.786068,0.796959,0.802411,0.815953,0.818389,0.821564,0.840124,0.827762,0.835861,0.764814,0.845745,0.813511,0.820000,0.820159,0.793753,0.787471,0.777775,0.820225,0.798089,0.836258,0.791323,0.826080,0.825545,0.827589,0.823900,0.801206,0.844725,0.786972,0.799538,0.821723,0.808410,0.821455,0.809151,0.819554,0.795523,0.828837,0.811126,0.811666,0.820556,0.823078,0.833234,0.813983,0.807929,0.800876,0.766153,0.818230,0.784913,0.804486,0.797430,0.818859,0.800680,0.824776,0.816744,0.826038,0.798853,0.840963,0.805752,0.806221,0.821774,0.846145,0.811656,0.779062,0.833955,0.793952,0.782714,0.781822,0.800491,0.822901,0.820610,0.781592,0.799870,0.789715,0.794388,0.808029,0.814545,0.832604,0.804214,0.829463,0.825869,0.798728,0.799753,0.805548,0.826465,0.792443,0.819769,0.778431,0.793338,0.823902,0.800270,0.770794,0.798744,0.777976,0.804435,0.787083,0.813302,0.778776,0.822534,0.798946,0.829424,0.790684,0.807442,0.823093,0.785786,0.791532,0.847035,0.791877,0.803571,0.793138,0.783238,0.821839,0.814606,0.805519,0.768993,0.786329,0.800371,0.792617,0.812606,0.787391,0.800485,0.802808,0.794608,0.782466,0.780190,0.810239,0.797064,0.817412,0.810593,0.819378,0.799116,0.807924,0.782417,0.845228,0.801581,0.810687,0.816525,0.786589,0.814948,0.836446,0.785420,0.805330,0.792929,0.815587,0.797643,0.823927,0.797458,0.794117,0.827555,0.751989,0.826933,0.806917,0.842584,0.816585,0.840193,0.800801,0.805927,0.807654,0.815894,0.802509,0.822633,0.812649,0.795603,0.752840,0.777606,0.756407,0.803737,0.773197,0.811794,0.797717,0.784312,0.781880,0.793172,0.814519,0.810377,0.822454,0.802243,#
16,0.845929,0.817165,0.803761,0.817278,0.831563,0.826477,0.823240,0.831851,0.811199,0.808025,0.816649,0.825054,0.807113,0.800602,0.801480,0.797407,1.000000,0.835335,0.825530,0.831700,0.882374,0.808270,0.777762,0.842601,0.815617,0.825532,0.837922,0.789114,0.792959,0.819336,0.810591,0.852583,0.842252,0.817472,0.804404,0.832518,0.838992,0.820486,0.822113,0.835480,0.806230,0.809157,0.818988,0.811364,0.818504,0.816682,0.825748,0.823323,0.828072,0.838994,0.800039,0.825204,0.830817,0.838590,0.843024,0.844906,0.768994,0.837956,0.820900,0.784630,0.812449,0.837839,0.809601,0.793569,0.824349,0.806391,0.841749,0.812783,0.834451,0.835913,0.813891,0.792550,0.858780,0.814259,0.825787,0.793359,0.818039,0.836237,0.813669,0.838070,0.861621,0.830099,0.843079,0.848553,0.833382,0.830336,0.829840,0.807420,0.812960,0.824880,0.787269,0.803487,0.834184,0.801873,0.820990,0.833978,0.815743,0.820900,0.843929,0.828320,0.823149,0.811786,0.812087,0.844964,0.798094,0.850003,0.838645,0.816415,0.844922,0.807203,0.828752,0.832281,0.830305,0.801141,0.818789,0.845010,0.847904,0.835443,0.809492,0.752046,0.796582,0.838311,0.816434,0.847348,0.840786,0.818030,0.815240,0.772971,0.807109,0.812986,0.846126,0.823984,0.817560,0.784380,0.845466,0.856959,0.811542,0.799097,0.796778,0.809736,0.820825,0.831295,0.818006,0.817487,0.791000,0.787736,0.832837,0.806577,0.838830,0.827095,0.789834,0.847653,0.786349,0.791525,0.868087,0.806165,0.848938,0.818128,0.811066,0.810487,0.814230,0.808807,0.842517,0.804485,0.816432,0.811838,0.823439,0.810137,0.818702,0.803298,0.826755,0.832815,0.819430,0.819426,0.816017,0.830526,0.804228,0.870030,0.823589,0.807215,0.805179,0.800297,0.813806,0.801343,0.802753,0.835057,0.800944,0.816590,0.813710,0.817717,0.816202,0.804832,0.819052,0.812951,0.814265,0.816845,0.817034,0.834216,0.811937,0.813675,#
17,0.856244,0.823655,0.834034,0.823719,0.849324,0.842917,0.849894,0.836491,0.859242,0.820301,0.799577,0.868525,0.828606,0.867204,0.797617,0.839157,0.835335,1.000000,0.826994,0.837408,0.856991,0.831282,0.839569,0.849684,0.838743,0.852937,0.842994,0.833636,0.825800,0.849516,0.838603,0.861427,0.837840,0.827941,0.797021,0.867971,0.824650,0.842852,0.846046,0.865652,0.839630,0.833034,0.854295,0.830333,0.829799,0.821474,0.849459,0.876555,0.852105,0.844951,0.844654,0.836599,0.838504,0.832436,0.855993,0.855135,0.827041,0.839919,0.836078,0.815022,0.821306,0.827486,0.831667,0.828946,0.856966,0.866528,0.874229,0.845717,0.833066,0.819374,0.835894,0.825201,0.843301,0.825752,0.849413,0.802487,0.855721,0.858683,0.844993,0.847276,0.862619,0.843685,0.866874,0.846829,0.838914,0.841316,0.846005,0.846515,0.832069,0.828197,0.828937,0.803371,0.847127,0.838682,0.829663,0.846635,0.831305,0.811333,0.828619,0.848130,0.859151,0.806931,0.830781,0.845503,0.810097,0.838968,0.834072,0.847074,0.826956,0.842257,0.840862,0.831030,0.830388,0.827268,0.832240,0.821599,0.796703,0.836681,0.817394,0.820883,0.823076,0.850968,0.836708,0.847410,0.830965,0.835868,0.835098,0.802946,0.807094,0.829881,0.860732,0.870672,0.861011,0.815697,0.835084,0.858511,0.842284,0.834333,0.848077,0.856774,0.846120,0.855137,0.864992,0.837888,0.851858,0.811159,0.832846,0.822554,0.859661,0.821333,0.848619,0.837618,0.824631,0.826748,0.851200,0.845831,0.874532,0.829368,0.850618,0.817312,0.830304,0.832919,0.868402,0.823280,0.842859,0.812692,0.815556,0.790991,0.848271,0.815118,0.859978,0.825633,0.834632,0.840107,0.861329,0.822590,0.848580,0.872509,0.821865,0.858028,0.845645,0.859917,0.840413,0.850161,0.851929,0.831902,0.812937,0.853108,0.789516,0.826286,0.833188,0.842369,0.831601,0.853539,0.839536,0.855140,0.813005,0.867395,0.834441,0.805566,#
18,0.837451,0.814545,0.806379,0.849208,0.822516,0.805024,0.807724,0.832671,0.806257,0.825956,0.803693,0.850442,0.825953,0.838470,0.799964,0.806802,0.825530,0.826994,1.000000,0.829128,0.827337,0.819591,0.834906,0.814238,0.805684,0.832836,0.825985,0.835144,0.815246,0.839734,0.777436,0.851211,0.836559,0.837800,0.812209,0.845576,0.816862,0.819110,0.823250,0.839824,0.825749,0.784727,0.819353,0.794161,0.852244,0.802760,0.840293,0.842724,0.813027,0.812615,0.805077,0.813356,0.846962,0.799268,0.845529,0.841211,0.805405,0.840297,0.809057,0.835364,0.821413,0.796923,0.820375,0.804450,0.857103,0.798289,0.821271,0.792509,0.779379,0.816381,0.820807,0.784196,0.849755,0.809537,0.853632,0.783784,0.847991,0.819387,0.822824,0.819865,0.836931,0.811520,0.845342,0.830454,0.835453,0.824919,0.810583,0.824131,0.819665,0.795715,0.820151,0.790285,0.839494,0.816564,0.826839,0.799622,0.823845,0.817642,0.819492,0.827666,0.835300,0.803505,0.821330,0.837361,0.823641,0.827642,0.811680,0.821070,0.816911,0.807030,0.851904,0.788366,0.851064,0.822871,0.771161,0.807482,0.796546,0.811322,0.805521,0.783190,0.808965,0.860200,0.806089,0.820201,0.823852,0.788207,0.828642,0.802314,0.830618,0.797558,0.799824,0.836958,0.819420,0.810377,0.835856,0.842644,0.826619,0.824438,0.797755,0.807654,0.803773,0.847087,0.813839,0.847434,0.808544,0.813632,0.821893,0.783375,0.829173,0.810344,0.801520,0.833382,0.831922,0.789101,0.832691,0.819841,0.836413,0.840266,0.819012,0.812433,0.835845,0.819147,0.854990,0.817131,0.812902,0.809551,0.863981,0.790702,0.809697,0.811462,0.818341,0.834575,0.832955,0.834171,0.810986,0.828803,0.822702,0.858928,0.800109,0.841249,0.803444,0.821923,0.808384,0.806495,0.807630,0.832792,0.810409,0.794303,0.796084,0.824710,0.819926,0.817608,0.789903,0.846271,0.822786,0.815349,0.798465,0.848505,0.820310,0.795945,#
19,0.828192,0.832625,0.831062,0.812327,0.855513,0.862716,0.797557,0.828165,0.844881,0.813283,0.811295,0.813097,0.800766,0.821734,0.808327,0.803640,0.831700,0.837408,0.829128,1.000000,0.841669,0.792783,0.813501,0.836176,0.813937,0.797433,0.837230,0.802190,0.806848,0.837542,0.836995,0.850971,0.832728,0.814684,0.775381,0.845311,0.807257,0.803342,0.829809,0.824375,0.831850,0.795932,0.818665,0.809139,0.814802,0.821514,0.859832,0.835072,0.842583,0.805220,0.793441,0.821495,0.822044,0.822989,0.830441,0.826813,0.830967,0.820920,0.816755,0.793443,0.812377,0.824324,0.848163,0.820082,0.841051,0.819620,0.824538,0.808129,0.808227,0.804207,0.829369,0.794180,0.851728,0.815602,0.829037,0.800198,0.816783,0.824158,0.835158,0.817648,0.840619,0.797249,0.865863,0.813118,0.814037,0.818170,0.812367,0.842733,0.839786,0.781637,0.799530,0.802531,0.827959,0.820739,0.805779,0.803727,0.826930,0.823809,0.822201,0.826936,0.836118,0.805558,0.817953,0.822096,0.809491,0.824743,0.836552,0.822486,0.810270,0.775799,0.808883,0.801495,0.821629,0.810972,0.803805,0.819421,0.829045,0.824226,0.804377,0.748368,0.810385,0.843682,0.803087,0.852747,0.833638,0.806105,0.837938,0.802360,0.837295,0.853579,0.813483,0.844549,0.819185,0.824702,0.852989,0.838015,0.815703,0.818949,0.804179,0.791651,0.808735,0.831787,0.807948,0.806950,0.813004,0.787338,0.794987,0.768219,0.844519,0.827509,0.812630,0.850059,0.812416,0.802225,0.846669,0.807365,0.852966,0.822907,0.835691,0.824056,0.819207,0.821128,0.830163,0.794223,0.829522,0.798532,0.795164,0.822113,0.814447,0.799849,0.817389,0.835324,0.835212,0.832821,0.838964,0.806914,0.825231,0.866689,0.814179,0.794709,0.779741,0.841393,0.824872,0.838473,0.830765,0.813573,0.785674,0.806414,0.811211,0.819593,0.818195,0.827060,0.792813,0.840127,0.814233,0.829986,0.776909,0.813915,0.818488,0.800804,#
20,0.842119,0.831291,0.827426,0.832174,0.854217,0.833377,0.853089,0.849109,0.841588,0.848241,0.821975,0.830359,0.821520,0.838183,0.824822,0.815151,0.882374,0.856991,0.827337,0.841669,1.000000,0.829479,0.815133,0.857841,0.826743,0.846317,0.857885,0.837166,0.814928,0.847665,0.831765,0.853271,0.844143,0.864390,0.835702,0.854374,0.844357,0.830530,0.859508,0.856679,0.834423,0.853371,0.824460,0.846745,0.855901,0.823734,0.861933,0.831531,0.826291,0.833504,0.829386,0.856584,0.830274,0.851882,0.855432,0.852601,0.814978,0.855703,0.842571,0.825776,0.839720,0.828048,0.854718,0.818329,0.865535,0.836308,0.866588,0.821306,0.832788,0.828610,0.845096,0.827845,0.842438,0.833532,0.847167,0.795118,0.822053,0.847199,0.843318,0.854570,0.865087,0.863274,0.859677,0.854530,0.824546,0.836085,0.845410,0.836578,0.835487,0.850818,0.835980,0.830184,0.848346,0.852958,0.848497,0.820581,0.812569,0.816344,0.842958,0.838286,0.869292,0.834324,0.839734,0.853897,0.846895,0.821415,0.859461,0.846547,0.831125,0.851061,0.836590,0.845184,0.825718,0.793744,0.838646,0.836420,0.840979,0.854595,0.801022,0.793266,0.847676,0.858654,0.819592,0.874392,0.829629,0.836002,0.823866,0.803434,0.833367,0.846538,0.857127,0.839664,0.853054,0.846523,0.862412,0.845094,0.810831,0.831717,0.840692,0.842184,0.823434,0.841571,0.836288,0.840722,0.833264,0.809916,0.837169,0.809227,0.832365,0.861830,0.841268,0.858410,0.826733,0.821212,0.864448,0.824449,0.841681,0.832691,0.851815,0.828736,0.828179,0.835717,0.838974,0.831670,0.853172,0.784349,0.815807,0.809290,0.831240,0.822675,0.843999,0.834751,0.853888,0.831803,0.832879,0.829682,0.823349,0.872539,0.830999,0.837480,0.828790,0.825980,0.837594,0.817671,0.819755,0.853165,0.803133,0.835095,0.808643,0.830152,0.795007,0.816789,0.829993,0.850480,0.836378,0.803846,0.823572,0.852378,0.850069,0.832354,#
21,0.797982,0.849121,0.804172,0.851064,0.819814,0.794463,0.806848,0.810108,0.853475,0.802786,0.770827,0.808779,0.776901,0.811427,0.799549,0.819644,0.808270,0.831282,0.819591,0.792783,0.829479,1.000000,0.820548,0.833959,0.768347,0.795301,0.831010,0.792093,0.820074,0.798103,0.805504,0.809074,0.841895,0.829981,0.808262,0.848408,0.814154,0.821317,0.825866,0.813243,0.794010,0.824897,0.806382,0.809085,0.814756,0.804803,0.807633,0.819438,0.813457,0.794867,0.799496,0.829024,0.804561,0.794243,0.838755,0.821100,0.805201,0.815440,0.835502,0.778153,0.811215,0.803981,0.778857,0.781938,0.850548,0.817431,0.822480,0.813559,0.803588,0.815942,0.820166,0.821693,0.843328,0.824970,0.854405,0.802308,0.809564,0.813701,0.816979,0.825586,0.821743,0.797466,0.841503,0.817850,0.851848,0.818927,0.794336,0.823250,0.813539,0.814752,0.772096,0.771540,0.820227,0.811051,0.819828,0.804575,0.811243,0.779681,0.800937,0.836541,0.825535,0.823364,0.788443,0.819767,0.794977,0.835623,0.793490,0.813983,0.800778,0.827102,0.833687,0.788967,0.817039,0.822019,0.755406,0.788913,0.815520,0.831955,0.784772,0.792065,0.801059,0.825706,0.800969,0.822392,0.817360,0.778313,0.811164,0.817520,0.791216,0.828226,0.830866,0.842013,0.824585,0.805095,0.838984,0.806593,0.783062,0.761545,0.799755,0.821371,0.816817,0.834628,0.790525,0.813343,0.796105,0.798214,0.803484,0.773812,0.810717,0.804228,0.823674,0.828788,0.791554,0.813873,0.819985,0.820751,0.819501,0.803586,0.804813,0.807392,0.807518,0.823530,0.829417,0.829008,0.836112,0.780000,0.828335,0.785485,0.785148,0.796717,0.824109,0.809094,0.796211,0.797039,0.815071,0.813912,0.764119,0.835938,0.798767,0.798507,0.794936,0.837549,0.797536,0.808546,0.815022,0.831088,0.790554,0.763940,0.762334,0.813620,0.808594,0.788973,0.803382,0.812735,0.813252,0.787527,0.823909,0.824516,0.779350,0.794883,#
