0,1.000000,0.675515,0.669020,0.667189,0.584897,0.677924,0.626327,0.672366,0.630083,0.643433,0.641683,0.679422,0.663570,0.599743,0.685406,0.604903,0.658137,0.672876,0.654021,0.651463,0.643124,0.623828,0.643614,0.659697,0.643219,0.663127,0.697059,0.654046,0.577672,0.613453,0.655191,0.613817,0.628488,0.576280,0.672287,0.648660,0.680677,0.673808,0.668204,0.702965,0.636600,0.644855,0.670049,0.678292,0.621340,0.628016,0.701012,0.662059,0.640467,0.712762,0.674441,0.604473,0.649518,0.685889,0.637342,0.698400,0.632571,0.696581,0.655912,0.678867,0.699265,0.571630,0.654799,0.664647,0.652952,0.680160,0.681961,0.692162,0.659757,0.619925,0.692501,0.666485,0.735464,0.642976,0.674218,0.656223,0.641846,0.668321,0.647461,0.648383,0.747674,0.671669,0.667155,0.677323,0.643439,0.701972,0.637482,0.578246,0.588985,0.662516,0.631648,0.617551,0.585991,0.677856,0.628472,0.671890,0.603576,0.613085,0.658297,0.674282,0.653394,0.649152,0.608363,0.643565,0.688956,0.588961,0.583477,0.653531,0.677543,0.669414,0.688360,0.618457,0.675081,0.570782,0.616415,0.729217,0.592088,0.607141,0.658757,0.638388,0.596865,0.717543,0.662122,0.721036,0.645262,0.647047,0.628024,0.638650,0.623250,0.600881,0.640431,0.654495,0.664788,0.633472,0.637777,0.611278,0.633647,0.709354,0.636578,0.636649,0.611089,0.659060,0.547148,0.686691,0.702428,0.608599,0.666159,0.571916,0.658289,0.658786,0.649374,0.580220,0.669138,0.572716,0.627239,0.613123,0.621872,0.674081,0.654783,0.684657,0.682293,0.725286,0.641511,0.645079,0.684435,0.692705,0.674779,0.599989,0.658929,0.676172,0.671986,0.634549,0.683318,0.700676,0.724625,0.575614,0.605532,0.663316,0.677046,0.664647,0.639954,0.676072,0.580002,0.596107,0.639566,0.626874,0.651590,0.654007,0.627478,0.685097,0.628590,0.660257,0.644674,0.625737,0.624634,0.606019,0.633739,0.660491,0.700278,0.655027,#
1,0.675515,1.000000,0.709857,0.713083,0.636186,0.720305,0.653040,0.650426,0.654502,0.676253,0.698385,0.640428,0.682060,0.698937,0.635769,0.651511,0.656081,0.657056,0.702749,0.660835,0.729603,0.750387,0.676884,0.724192,0.676453,0.625213,0.722302,0.685793,0.586008,0.604668,0.718657,0.718775,0.699939,0.668143,0.693709,0.726451,0.611043,0.724835,0.684324,0.708014,0.673062,0.644488,0.630345,0.671608,0.662816,0.715654,0.726804,0.689417,0.693721,0.719444,0.664341,0.693612,0.683890,0.647762,0.704867,0.708128,0.630639,0.710990,0.719878,0.675007,0.659801,0.651124,0.628515,0.640936,0.675520,0.684435,0.750205,0.689810,0.727732,0.701594,0.693263,0.721843,0.781426,0.674123,0.687708,0.679605,0.657681,0.711666,0.689115,0.674466,0.730435,0.696796,0.760385,0.690767,0.706027,0.679788,0.642531,0.627574,0.675254,0.698814,0.678867,0.638231,0.676317,0.689752,0.622886,0.626950,0.665807,0.631872,0.648348,0.699623,0.703905,0.703441,0.666885,0.697293,0.702428,0.652136,0.624787,0.699248,0.688943,0.655847,0.686877,0.677793,0.666982,0.610061,0.641816,0.675721,0.672940,0.725639,0.658683,0.628848,0.685316,0.710302,0.611129,0.721856,0.616322,0.643295,0.695025,0.663547,0.710462,0.689182,0.643029,0.716478,0.648679,0.738336,0.688297,0.637029,0.614994,0.647320,0.696087,0.618919,0.675761,0.667862,0.604356,0.672918,0.680516,0.657778,0.700838,0.605843,0.622983,0.683310,0.681238,0.687300,0.664934,0.641580,0.683191,0.637631,0.655395,0.692585,0.615576,0.670078,0.652334,0.706258,0.721347,0.703286,0.682803,0.658946,0.688548,0.659957,0.594567,0.673267,0.720199,0.613520,0.700433,0.712880,0.728805,0.631733,0.647182,0.742430,0.648362,0.685232,0.681354,0.652371,0.626517,0.631503,0.622262,0.708851,0.687724,0.585414,0.663969,0.667482,0.645565,0.673884,0.639017,0.726878,0.705072,0.646083,0.658053,0.657595,0.694848,0.651016,#
2,0.669020,0.709857,1.000000,0.665831,0.551608,0.698557,0.654644,0.665081,0.627960,0.670404,0.697604,0.613609,0.624269,0.631264,0.636056,0.619777,0.637254,0.697971,0.669417,0.671614,0.635728,0.670334,0.573991,0.660137,0.652730,0.608045,0.717077,0.691412,0.639771,0.632065,0.712495,0.652330,0.682782,0.660411,0.697704,0.685330,0.678459,0.673037,0.692134,0.701244,0.694004,0.683644,0.636626,0.611795,0.609700,0.674064,0.750043,0.635594,0.665631,0.760586,0.635524,0.629621,0.639166,0.671226,0.731246,0.679688,0.678661,0.681979,0.634713,0.674348,0.676821,0.678162,0.657170,0.701482,0.644242,0.649671,0.761092,0.623560,0.727150,0.683723,0.722313,0.702454,0.740852,0.689640,0.680348,0.699770,0.675522,0.739888,0.673227,0.728663,0.725118,0.696916,0.707711,0.704983,0.702898,0.709130,0.668198,0.712029,0.674005,0.649638,0.705394,0.666533,0.652144,0.637576,0.681256,0.655377,0.610094,0.642840,0.728130,0.656431,0.668896,0.619515,0.601522,0.660433,0.683332,0.694379,0.670701,0.639094,0.737982,0.679738,0.683061,0.610313,0.692260,0.585810,0.626206,0.652630,0.597093,0.637415,0.677724,0.623394,0.634217,0.698319,0.620015,0.675166,0.650877,0.685237,0.646121,0.653635,0.652214,0.693489,0.679022,0.753866,0.714703,0.722382,0.666522,0.644830,0.585470,0.635970,0.655287,0.607813,0.660244,0.638403,0.604950,0.647449,0.683137,0.720698,0.677859,0.648924,0.643281,0.635560,0.651250,0.619543,0.648692,0.665575,0.631902,0.670472,0.636163,0.643209,0.585526,0.643330,0.642527,0.590395,0.661439,0.668171,0.632579,0.712216,0.715237,0.602906,0.592782,0.644066,0.688336,0.614541,0.674333,0.646935,0.702730,0.626599,0.663197,0.697445,0.644884,0.654794,0.669384,0.709206,0.647341,0.691967,0.636789,0.646465,0.641605,0.631783,0.690577,0.651651,0.634594,0.681646,0.645958,0.692270,0.653774,0.706101,0.669188,0.702198,0.670537,0.643326,#
3,0.667189,0.713083,0.665831,1.000000,0.639892,0.662597,0.596335,0.630607,0.636831,0.652936,0.615723,0.625728,0.643938,0.641323,0.618799,0.606409,0.636017,0.630706,0.641780,0.622224,0.673476,0.674016,0.599162,0.606740,0.686679,0.680870,0.665898,0.671248,0.592957,0.579051,0.658766,0.677469,0.629505,0.662042,0.660669,0.640384,0.610189,0.684754,0.583242,0.709800,0.640958,0.645959,0.620132,0.605752,0.628526,0.675360,0.703688,0.657917,0.699204,0.679777,0.657764,0.614871,0.641896,0.590793,0.691179,0.649644,0.569803,0.654874,0.713199,0.683669,0.636545,0.620598,0.579805,0.645548,0.677564,0.684056,0.662147,0.649370,0.637754,0.646976,0.636254,0.660735,0.731284,0.670954,0.636219,0.654194,0.631611,0.651416,0.663649,0.684263,0.714354,0.623675,0.665511,0.679374,0.648749,0.677075,0.623556,0.627200,0.629790,0.658995,0.591378,0.630787,0.658951,0.654760,0.643335,0.639785,0.583106,0.594661,0.616238,0.677263,0.639974,0.616922,0.563131,0.609630,0.653524,0.597411,0.633983,0.655801,0.626395,0.637503,0.601503,0.634805,0.621835,0.605905,0.615040,0.680417,0.626365,0.632799,0.636576,0.584419,0.585756,0.623733,0.569264,0.667817,0.611643,0.648523,0.669519,0.632661,0.620502,0.642972,0.610309,0.663599,0.637359,0.687788,0.666348,0.636955,0.641283,0.620411,0.644698,0.607476,0.611843,0.627582,0.557900,0.604753,0.622118,0.695574,0.624553,0.593149,0.604002,0.567577,0.611088,0.590453,0.633210,0.615300,0.616883,0.592494,0.652917,0.643246,0.569281,0.663832,0.700779,0.692493,0.629228,0.714918,0.650822,0.652336,0.620394,0.567005,0.606471,0.626315,0.646253,0.623954,0.633505,0.652096,0.637061,0.622993,0.615332,0.634438,0.680116,0.639298,0.630153,0.690530,0.590801,0.646858,0.576658,0.652240,0.591257,0.530968,0.683979,0.669267,0.586778,0.628717,0.634831,0.625710,0.648653,0.621769,0.660924,0.660405,0.638045,0.658505,#
4,0.584897,0.636186,0.551608,0.639892,1.000000,0.652044,0.625721,0.556419,0.524226,0.604560,0.577224,0.599235,0.529416,0.586539,0.582359,0.590675,0.562464,0.614028,0.540204,0.618713,0.620836,0.636358,0.595305,0.638021,0.613663,0.558753,0.595352,0.603862,0.555654,0.568020,0.690540,0.583677,0.608189,0.531325,0.595229,0.623177,0.564139,0.622023,0.581626,0.685792,0.561574,0.572417,0.582984,0.599135,0.611555,0.594377,0.665303,0.593647,0.609381,0.632165,0.645179,0.578149,0.568819,0.478800,0.616823,0.623115,0.548181,0.627112,0.667000,0.609509,0.549136,0.580222,0.604982,0.581650,0.660848,0.692850,0.659095,0.571850,0.606604,0.594978,0.639124,0.639559,0.613108,0.585611,0.599093,0.604269,0.595203,0.621002,0.632725,0.607020,0.587795,0.598560,0.648657,0.570176,0.636601,0.557413,0.538392,0.575901,0.606061,0.655410,0.568637,0.517094,0.552931,0.603121,0.564219,0.593506,0.599698,0.524080,0.536219,0.560415,0.612589,0.660970,0.571986,0.582434,0.589509,0.526396,0.612141,0.573602,0.626757,0.628679,0.513667,0.591799,0.634252,0.626672,0.555374,0.596310,0.531801,0.677542,0.564869,0.535709,0.564175,0.579376,0.595851,0.616277,0.584642,0.609505,0.598343,0.544660,0.673938,0.596317,0.652108,0.633877,0.578321,0.618470,0.640191,0.589205,0.566009,0.637104,0.577146,0.559843,0.555103,0.654401,0.574260,0.625934,0.596255,0.592390,0.602775,0.521491,0.548621,0.597485,0.593346,0.648884,0.564331,0.475536,0.635991,0.560953,0.635521,0.624629,0.589430,0.580954,0.552235,0.639782,0.628674,0.626946,0.635840,0.599424,0.596096,0.520809,0.544453,0.580845,0.555485,0.588426,0.602020,0.613240,0.637513,0.576410,0.579588,0.634470,0.615475,0.648908,0.664805,0.576471,0.608568,0.576407,0.622164,0.634648,0.585152,0.624290,0.584518,0.602334,0.568331,0.545097,0.589771,0.600632,0.594805,0.502474,0.559228,0.622825,0.637698,0.543224,#
5,0.677924,0.720305,0.698557,0.662597,0.652044,1.000000,0.630711,0.644200,0.637173,0.648463,0.623358,0.605314,0.628767,0.627744,0.628467,0.614179,0.631049,0.648492,0.675948,0.711038,0.629728,0.638443,0.593814,0.659743,0.692646,0.686804,0.708092,0.695097,0.575723,0.623358,0.671039,0.652650,0.650563,0.666448,0.675322,0.694301,0.656490,0.648667,0.624743,0.700957,0.623294,0.650341,0.623786,0.637802,0.639482,0.671647,0.671705,0.700300,0.656890,0.708218,0.674922,0.599947,0.624349,0.618503,0.696758,0.737981,0.606440,0.661961,0.701666,0.672612,0.616227,0.592435,0.652711,0.683272,0.639375,0.665438,0.673378,0.632708,0.674832,0.683224,0.736759,0.696929,0.712279,0.660360,0.686393,0.647489,0.608167,0.720379,0.649257,0.654454,0.692103,0.646674,0.692545,0.657928,0.648227,0.631272,0.596074,0.623681,0.678076,0.625701,0.691997,0.599940,0.591908,0.669075,0.617816,0.559187,0.667702,0.623142,0.673713,0.596762,0.690722,0.651877,0.698584,0.663043,0.655507,0.616196,0.651419,0.656848,0.635913,0.673880,0.614079,0.632390,0.682438,0.576164,0.558503,0.619467,0.691062,0.697147,0.639881,0.618861,0.600854,0.672448,0.610365,0.715106,0.610051,0.660678,0.705578,0.591532,0.677672,0.620685,0.649672,0.723108,0.685840,0.703166,0.664869,0.571428,0.573111,0.670339,0.616378,0.603634,0.624058,0.601207,0.609376,0.648363,0.753253,0.646033,0.637664,0.645175,0.633376,0.692245,0.673455,0.635873,0.692162,0.594688,0.684317,0.599353,0.658972,0.643529,0.606949,0.628623,0.639483,0.703120,0.665677,0.659165,0.669068,0.634404,0.586126,0.634450,0.614322,0.629428,0.689191,0.666583,0.656258,0.662362,0.671386,0.643377,0.656531,0.680465,0.682968,0.692038,0.674762,0.630685,0.556592,0.612875,0.623549,0.669498,0.663802,0.639197,0.707011,0.691102,0.601813,0.688187,0.595069,0.692504,0.623750,0.608651,0.607007,0.703101,0.659138,0.645022,#
6,0.626327,0.653040,0.654644,0.596335,0.625721,0.630711,1.000000,0.589316,0.625554,0.675809,0.697879,0.635054,0.616490,0.647253,0.532831,0.741816,0.664349,0.694235,0.654557,0.591815,0.619551,0.627240,0.549708,0.631901,0.690528,0.643932,0.663370,0.659896,0.588405,0.603066,0.672373,0.676745,0.646009,0.646164,0.625349,0.662879,0.652577,0.652862,0.590031,0.671577,0.659017,0.668364,0.688026,0.680201,0.620488,0.581090,0.707060,0.679005,0.666999,0.728410,0.622620,0.600504,0.611212,0.519964,0.657235,0.640772,0.620121,0.686084,0.678759,0.618749,0.651382,0.664500,0.624061,0.600071,0.697255,0.651953,0.721728,0.651181,0.690146,0.601047,0.710657,0.716428,0.668821,0.637689,0.651255,0.640904,0.681362,0.727938,0.692238,0.638878,0.673938,0.655539,0.634181,0.710835,0.665929,0.598697,0.627494,0.617560,0.652112,0.643575,0.640678,0.610866,0.585774,0.682852,0.600179,0.642270,0.648201,0.611050,0.598112,0.618271,0.671915,0.662864,0.624310,0.643515,0.705870,0.577377,0.677453,0.641543,0.712663,0.638821,0.580094,0.603578,0.656389,0.633312,0.590035,0.675640,0.556926,0.647647,0.577564,0.640183,0.582359,0.678228,0.545578,0.672284,0.629252,0.607112,0.611158,0.608524,0.615924,0.629546,0.670051,0.667367,0.624400,0.637964,0.654537,0.582729,0.653565,0.610680,0.677926,0.663957,0.650998,0.624645,0.584478,0.633444,0.653775,0.684078,0.643366,0.645457,0.598545,0.628090,0.635385,0.664316,0.600098,0.596682,0.601689,0.607960,0.606992,0.572891,0.568863,0.676325,0.614223,0.642329,0.641908,0.632088,0.628081,0.678082,0.707614,0.566747,0.598684,0.642410,0.616337,0.687823,0.586687,0.613459,0.664454,0.675767,0.634004,0.663583,0.649385,0.652748,0.662022,0.641367,0.631605,0.618814,0.601816,0.622025,0.671404,0.610899,0.628906,0.643881,0.630304,0.638857,0.601305,0.650120,0.655701,0.658906,0.652275,0.657778,0.671779,0.653487,#
7,0.672366,0.650426,0.665081,0.630607,0.556419,0.644200,0.589316,1.000000,0.654915,0.610984,0.610651,0.578133,0.639595,0.623496,0.630687,0.571816,0.585941,0.656142,0.640520,0.633920,0.654493,0.620563,0.645071,0.607077,0.633487,0.659037,0.630628,0.582590,0.587401,0.646691,0.630006,0.628251,0.633249,0.593083,0.646741,0.658038,0.609313,0.657792,0.672153,0.686450,0.636624,0.660794,0.565105,0.593926,0.589886,0.639262,0.681174,0.698670,0.684005,0.670852,0.606028,0.621082,0.629150,0.600580,0.682366,0.617888,0.621720,0.616466,0.684687,0.709912,0.583829,0.630125,0.649378,0.639479,0.662729,0.654369,0.718564,0.585351,0.616115,0.566385,0.689344,0.606077,0.683893,0.661101,0.640074,0.621088,0.608720,0.655176,0.603060,0.615369,0.704057,0.612803,0.683792,0.654311,0.640332,0.667820,0.609146,0.615348,0.594196,0.637830,0.648729,0.608934,0.621437,0.633773,0.641268,0.644830,0.641663,0.675532,0.654378,0.601732,0.652910,0.600274,0.546219,0.587650,0.663368,0.594531,0.584854,0.648589,0.669285,0.594275,0.680343,0.604607,0.668500,0.575007,0.640428,0.654844,0.550762,0.598676,0.619303,0.665096,0.606122,0.639963,0.623435,0.644365,0.636088,0.640789,0.598470,0.620881,0.589724,0.628520,0.606108,0.683457,0.670313,0.594476,0.625878,0.627428,0.562219,0.684913,0.617982,0.605392,0.594229,0.603073,0.580825,0.607838,0.689215,0.625897,0.646659,0.556792,0.556878,0.640691,0.568785,0.635426,0.623677,0.558412,0.612292,0.674455,0.624727,0.653339,0.594879,0.605604,0.650622,0.603642,0.671919,0.601832,0.641395,0.642990,0.642250,0.552438,0.534480,0.572211,0.669649,0.604035,0.630050,0.690618,0.669110,0.560165,0.563913,0.608113,0.648459,0.648718,0.640476,0.619119,0.593874,0.614028,0.607532,0.634748,0.658959,0.589637,0.639334,0.657246,0.618861,0.638559,0.588313,0.607649,0.635600,0.595398,0.613600,0.675332,0.682466,0.589856,#
8,0.630083,0.654502,0.627960,0.636831,0.524226,0.637173,0.625554,0.654915,1.000000,0.634417,0.625439,0.659715,0.631280,0.649161,0.610202,0.641956,0.578145,0.633172,0.561126,0.656533,0.643179,0.650485,0.568132,0.629684,0.662955,0.632119,0.637285,0.584061,0.561202,0.592190,0.662139,0.632424,0.624931,0.586989,0.610601,0.736674,0.610682,0.656758,0.599365,0.633118,0.590682,0.577051,0.688784,0.635168,0.592584,0.570921,0.652304,0.594973,0.670471,0.668594,0.622394,0.616239,0.618430,0.582906,0.628457,0.643280,0.605077,0.643050,0.620536,0.606037,0.632551,0.638306,0.665518,0.660159,0.644030,0.663879,0.701209,0.650636,0.686426,0.594517,0.660080,0.690573,0.727299,0.618741,0.642425,0.613451,0.599737,0.668664,0.623465,0.632226,0.672421,0.613084,0.635825,0.637980,0.641085,0.606587,0.623965,0.631297,0.576652,0.562944,0.660082,0.608576,0.572743,0.592886,0.568245,0.578842,0.645347,0.650600,0.693194,0.655367,0.629653,0.557588,0.648037,0.659419,0.591144,0.617976,0.621391,0.602769,0.595205,0.671788,0.576294,0.588163,0.644076,0.555782,0.531413,0.637491,0.589856,0.588587,0.594890,0.651030,0.568699,0.614949,0.600913,0.687260,0.596852,0.621074,0.560110,0.588301,0.651994,0.646196,0.586895,0.698831,0.639511,0.600786,0.591016,0.636239,0.583391,0.616844,0.627700,0.589238,0.619019,0.597242,0.586150,0.534412,0.672388,0.595306,0.599780,0.628696,0.570793,0.656671,0.584998,0.647143,0.596729,0.673637,0.592741,0.598310,0.620984,0.655601,0.650489,0.604959,0.642704,0.586261,0.627739,0.603648,0.600540,0.624829,0.603791,0.621360,0.606671,0.561477,0.615015,0.643077,0.547645,0.649076,0.669658,0.579852,0.588239,0.638132,0.620097,0.616900,0.649855,0.629093,0.596646,0.603857,0.572302,0.567689,0.690319,0.577387,0.596122,0.665539,0.654831,0.644733,0.615950,0.636976,0.605237,0.558764,0.552622,0.627520,0.632365,0.675220,#
9,0.643433,0.676253,0.670404,0.652936,0.604560,0.648463,0.675809,0.610984,0.634417,1.000000,0.662522,0.599924,0.640949,0.660219,0.658656,0.630673,0.616343,0.694375,0.595993,0.597183,0.674766,0.636728,0.571897,0.647745,0.665965,0.603203,0.673546,0.692726,0.551041,0.643566,0.659134,0.657008,0.648550,0.617997,0.637511,0.668635,0.649625,0.640716,0.649232,0.702274,0.625629,0.667493,0.594214,0.606314,0.635496,0.634874,0.660863,0.672140,0.721013,0.704791,0.653735,0.590361,0.542971,0.572917,0.636062,0.668802,0.674757,0.717728,0.601703,0.670200,0.636125,0.626875,0.638710,0.624944,0.620973,0.701376,0.707951,0.638392,0.708166,0.617878,0.669355,0.688860,0.682027,0.651157,0.659055,0.655983,0.680411,0.725140,0.637349,0.704532,0.696899,0.668866,0.680721,0.713501,0.677551,0.632982,0.648334,0.677754,0.666101,0.670182,0.660242,0.574658,0.656156,0.623130,0.668276,0.621444,0.585602,0.609972,0.636962,0.646442,0.720202,0.673876,0.638303,0.643663,0.676749,0.621424,0.600553,0.690267,0.687944,0.684238,0.648696,0.663521,0.651861,0.594058,0.615929,0.711779,0.528183,0.656537,0.652132,0.655923,0.543119,0.668977,0.613131,0.668922,0.657528,0.642951,0.631828,0.619905,0.650982,0.608867,0.602798,0.705356,0.655206,0.657221,0.669425,0.587726,0.604376,0.658112,0.638259,0.629056,0.692933,0.689761,0.660973,0.690171,0.716098,0.722374,0.645534,0.663110,0.621726,0.638371,0.615743,0.645575,0.640698,0.624579,0.607141,0.615875,0.615700,0.692083,0.639952,0.687874,0.651780,0.680598,0.693102,0.672021,0.644820,0.686475,0.605390,0.633537,0.676252,0.628064,0.650345,0.639107,0.645975,0.619621,0.683301,0.714474,0.667494,0.694585,0.610974,0.699557,0.690264,0.679062,0.670217,0.596808,0.655835,0.666229,0.672762,0.626073,0.662587,0.623376,0.589735,0.635370,0.598198,0.620748,0.600158,0.621664,0.650927,0.669782,0.672690,0.596125,#
10,0.641683,0.698385,0.697604,0.615723,0.577224,0.623358,0.697879,0.610651,0.625439,0.662522,1.000000,0.645801,0.653865,0.658500,0.580095,0.649473,0.646138,0.644226,0.695576,0.621296,0.634389,0.646674,0.599821,0.689453,0.652382,0.643094,0.673054,0.689764,0.637448,0.639426,0.656537,0.624883,0.637393,0.634899,0.633509,0.662355,0.680335,0.661062,0.616966,0.640556,0.669417,0.616595,0.648391,0.612476,0.604970,0.670708,0.742185,0.669491,0.667514,0.730532,0.614786,0.661261,0.618836,0.567650,0.655934,0.692736,0.661281,0.727535,0.629096,0.681475,0.657888,0.661829,0.699860,0.669649,0.663786,0.621831,0.730698,0.621679,0.698998,0.613811,0.753012,0.715270,0.713710,0.599187,0.696617,0.705366,0.617991,0.710230,0.694033,0.613874,0.718634,0.615320,0.674965,0.658910,0.660940,0.625170,0.667541,0.611464,0.658642,0.710842,0.603699,0.656424,0.667701,0.610002,0.601302,0.646517,0.627681,0.662147,0.626092,0.641715,0.653071,0.612586,0.629814,0.676713,0.662703,0.648078,0.671879,0.611215,0.662924,0.673593,0.667116,0.612236,0.698887,0.636473,0.612366,0.690405,0.572977,0.650926,0.613115,0.634627,0.640676,0.703814,0.562315,0.670631,0.599162,0.609725,0.673637,0.606292,0.668371,0.676727,0.637731,0.688470,0.641079,0.682363,0.696191,0.684254,0.585633,0.648003,0.695204,0.668060,0.661750,0.658590,0.613646,0.678200,0.673274,0.676907,0.665478,0.627574,0.636758,0.688912,0.597226,0.632141,0.635423,0.610698,0.667967,0.609776,0.667123,0.675789,0.602953,0.625607,0.665609,0.619496,0.643942,0.667004,0.644591,0.652942,0.693373,0.598181,0.630355,0.663949,0.609880,0.689057,0.600039,0.637778,0.720276,0.660285,0.617629,0.665430,0.604941,0.681302,0.629115,0.621280,0.651277,0.627313,0.580355,0.652221,0.670697,0.651984,0.608937,0.667402,0.625984,0.622943,0.602867,0.721370,0.645074,0.607481,0.635979,0.670963,0.674462,0.691568,#
11,0.679422,0.640428,0.613609,0.625728,0.599235,0.605314,0.635054,0.578133,0.659715,0.599924,0.645801,1.000000,0.642310,0.666103,0.659294,0.636170,0.594878,0.657511,0.664877,0.626308,0.619574,0.636057,0.630920,0.657603,0.648821,0.632279,0.646437,0.627476,0.583533,0.564541,0.703929,0.670597,0.670351,0.642212,0.585236,0.673581,0.664639,0.702034,0.623743,0.627068,0.643741,0.584544,0.635824,0.608548,0.611684,0.560889,0.697197,0.663273,0.672992,0.689493,0.580011,0.578946,0.648779,0.589591,0.642246,0.644351,0.585555,0.713688,0.656810,0.713336,0.597520,0.601592,0.691697,0.625198,0.656651,0.620016,0.704941,0.678676,0.670728,0.664453,0.642386,0.647183,0.714308,0.636282,0.726961,0.677746,0.678044,0.701368,0.640190,0.595740,0.643462,0.608122,0.706997,0.659633,0.650785,0.598802,0.602957,0.628109,0.610523,0.591597,0.643800,0.612854,0.583923,0.650317,0.547743,0.636408,0.612662,0.633014,0.632119,0.631512,0.635165,0.656612,0.660114,0.614999,0.661040,0.616856,0.650894,0.635353,0.671025,0.644849,0.642007,0.670484,0.665710,0.587309,0.575531,0.654182,0.600574,0.627314,0.610229,0.656124,0.584827,0.630003,0.607431,0.735112,0.626149,0.597972,0.642379,0.657630,0.704964,0.661099,0.668406,0.654137,0.680796,0.657094,0.666893,0.666605,0.624394,0.669345,0.632716,0.632763,0.617725,0.570747,0.634583,0.663478,0.664757,0.604998,0.653681,0.590283,0.569825,0.591748,0.633370,0.604723,0.629905,0.666508,0.622386,0.587684,0.655409,0.624550,0.596458,0.643348,0.655912,0.662308,0.668010,0.677053,0.692162,0.662347,0.664038,0.602163,0.594152,0.666375,0.654533,0.608753,0.651651,0.698919,0.671884,0.628800,0.614962,0.609646,0.636407,0.657589,0.639666,0.618613,0.655032,0.588504,0.612748,0.570145,0.665466,0.617877,0.583789,0.619156,0.645162,0.676930,0.636474,0.629394,0.624688,0.601185,0.603699,0.667886,0.683260,0.609979,#
12,0.663570,0.682060,0.624269,0.643938,0.529416,0.628767,0.616490,0.639595,0.631280,0.640949,0.653865,0.642310,1.000000,0.643459,0.610761,0.600367,0.561806,0.613212,0.665409,0.570363,0.629257,0.591407,0.614692,0.632765,0.677149,0.633487,0.633497,0.628855,0.578335,0.568613,0.648836,0.586796,0.621043,0.643002,0.660679,0.663672,0.614779,0.643218,0.594534,0.622747,0.573721,0.548935,0.591134,0.626062,0.641073,0.633179,0.726101,0.656428,0.658974,0.716705,0.668408,0.540747,0.590320,0.615986,0.656603,0.656674,0.591213,0.612594,0.654432,0.633520,0.584234,0.637628,0.655050,0.600219,0.649505,0.656766,0.644878,0.619235,0.701067,0.631200,0.661415,0.673378,0.693399,0.643913,0.665317,0.645843,0.607272,0.701299,0.647864,0.682921,0.698907,0.636898,0.675567,0.614942,0.642967,0.647322,0.563383,0.633986,0.582994,0.615886,0.695223,0.584718,0.645224,0.650009,0.539170,0.636616,0.659514,0.562441,0.588333,0.579780,0.628427,0.636850,0.626615,0.622186,0.626040,0.593407,0.595393,0.646120,0.662677,0.627128,0.644958,0.645658,0.646230,0.548665,0.658077,0.660638,0.486933,0.584420,0.639165,0.636538,0.582424,0.682038,0.583989,0.687190,0.606543,0.683958,0.617809,0.596370,0.618679,0.628579,0.520938,0.595171,0.607430,0.627379,0.599840,0.580316,0.555945,0.604775,0.609497,0.540680,0.638448,0.596371,0.537295,0.648886,0.578140,0.613156,0.658155,0.602098,0.584909,0.661023,0.626439,0.570184,0.635210,0.561802,0.615831,0.647902,0.664410,0.705861,0.661533,0.589795,0.629750,0.662125,0.648953,0.614217,0.673910,0.584294,0.622813,0.660442,0.581844,0.634985,0.668359,0.555968,0.665249,0.627565,0.668760,0.589429,0.669792,0.658780,0.545975,0.598782,0.618240,0.649358,0.606203,0.570356,0.533124,0.594656,0.628379,0.602789,0.645021,0.613169,0.592108,0.604175,0.546670,0.617537,0.571561,0.637602,0.590074,0.638171,0.686122,0.601097,#
13,0.599743,0.698937,0.631264,0.641323,0.586539,0.627744,0.647253,0.623496,0.649161,0.660219,0.658500,0.666103,0.643459,1.000000,0.626417,0.608283,0.556432,0.678601,0.685955,0.624349,0.659120,0.627971,0.665333,0.638319,0.661108,0.673747,0.643784,0.675766,0.600650,0.664718,0.626047,0.633960,0.660892,0.671198,0.560347,0.641848,0.648699,0.708214,0.611451,0.686027,0.734692,0.642683,0.672736,0.599192,0.675954,0.672962,0.663594,0.672080,0.716109,0.687821,0.643157,0.665719,0.591559,0.570535,0.684250,0.676608,0.676200,0.718692,0.700519,0.692675,0.628817,0.665738,0.624123,0.651693,0.695555,0.688918,0.740696,0.688959,0.696098,0.621587,0.640503,0.673734,0.728909,0.691297,0.673324,0.664636,0.676567,0.698107,0.676166,0.651900,0.698177,0.643552,0.677145,0.728167,0.636837,0.696447,0.580455,0.634759,0.710658,0.628234,0.624865,0.681512,0.647671,0.664208,0.595473,0.605081,0.619530,0.612786,0.633038,0.665200,0.660547,0.639456,0.697971,0.657143,0.687216,0.656374,0.631403,0.668467,0.654141,0.661335,0.608949,0.636816,0.680738,0.613415,0.639953,0.686587,0.578767,0.636451,0.645452,0.620403,0.657221,0.659358,0.627277,0.655670,0.619053,0.639098,0.663742,0.618745,0.663184,0.642925,0.634853,0.620571,0.637148,0.681275,0.658253,0.637481,0.637826,0.674039,0.713586,0.597322,0.654604,0.656476,0.637339,0.653536,0.649867,0.654213,0.666739,0.626310,0.639430,0.618141,0.646363,0.628256,0.640182,0.637244,0.597588,0.605542,0.673734,0.626860,0.622230,0.646409,0.677951,0.656432,0.675957,0.660482,0.678732,0.660771,0.688004,0.631458,0.611735,0.650287,0.641003,0.666661,0.666848,0.688964,0.714901,0.667530,0.664361,0.668636,0.645051,0.674357,0.691354,0.636565,0.699548,0.626876,0.616690,0.665361,0.610723,0.606564,0.617578,0.684205,0.666874,0.646617,0.622448,0.680526,0.656036,0.612056,0.628890,0.722054,0.690355,0.624777,#
14,0.685406,0.635769,0.636056,0.618799,0.582359,0.628467,0.532831,0.630687,0.610202,0.658656,0.580095,0.659294,0.610761,0.626417,1.000000,0.555658,0.577754,0.652409,0.553486,0.636942,0.593452,0.636289,0.616644,0.688219,0.614565,0.574247,0.641524,0.634842,0.556896,0.591714,0.725663,0.587652,0.607916,0.597101,0.656606,0.652074,0.618770,0.652316,0.662207,0.605452,0.617323,0.610664,0.572428,0.580874,0.578936,0.645730,0.675735,0.586318,0.630319,0.618242,0.581090,0.618026,0.584311,0.578781,0.640822,0.650304,0.626289,0.622885,0.659856,0.596946,0.605778,0.605356,0.647957,0.601935,0.607680,0.609751,0.662975,0.593200,0.669313,0.602729,0.643879,0.603158,0.702228,0.622680,0.677014,0.665231,0.590765,0.652098,0.568049,0.595682,0.653322,0.598308,0.693106,0.670652,0.603711,0.619818,0.559741,0.602479,0.625290,0.585114,0.626517,0.556260,0.632883,0.684220,0.618013,0.586129,0.592269,0.602072,0.591433,0.598294,0.606466,0.627177,0.614908,0.585940,0.628622,0.593712,0.599444,0.547402,0.700904,0.646484,0.592303,0.639095,0.671718,0.560048,0.519825,0.608211,0.519169,0.557468,0.588041,0.621870,0.601151,0.608807,0.603008,0.653027,0.623074,0.538151,0.601080,0.627064,0.591047,0.586064,0.583721,0.675654,0.599623,0.610444,0.614516,0.576605,0.638646,0.633152,0.607058,0.599519,0.615726,0.634281,0.556935,0.700579,0.647166,0.661465,0.681370,0.550786,0.591422,0.569986,0.660378,0.555561,0.622528,0.557464,0.608452,0.577761,0.594308,0.606791,0.550022,0.638140,0.623689,0.612018,0.627389,0.582594,0.683203,0.631079,0.553389,0.570562,0.547484,0.612219,0.613602,0.540001,0.613244,0.640289,0.658545,0.587288,0.563974,0.631548,0.615934,0.641869,0.623396,0.620399,0.624440,0.567799,0.604807,0.620533,0.638960,0.567540,0.619376,0.611151,0.603377,0.629527,0.607980,0.602452,0.532865,0.549584,0.599975,0.647646,0.588671,0.506781,#
15,0.604903,0.651511,0.619777,0.606409,0.590675,0.614179,0.741816,0.571816,0.641956,0.630673,0.649473,0.636170,0.600367,0.608283,0.555658,1.000000,0.628920,0.652768,0.651516,0.591016,0.588052,0.653179,0.550220,0.658995,0.662308,0.627679,0.596061,0.624583,0.569892,0.506082,0.677061,0.671499,0.661390,0.711809,0.605300,0.673443,0.638699,0.663824,0.592852,0.610005,0.597215,0.575351,0.632582,0.610256,0.621677,0.614024,0.710787,0.635898,0.682601,0.690604,0.604446,0.612026,0.579619,0.584569,0.617368,0.641999,0.635007,0.655465,0.628329,0.649414,0.652101,0.617103,0.639124,0.635016,0.654665,0.595178,0.675413,0.651024,0.628935,0.579219,0.666200,0.647218,0.629541,0.629462,0.660201,0.618267,0.615688,0.664548,0.675327,0.624983,0.617444,0.615322,0.657117,0.662057,0.641426,0.627672,0.557979,0.598234,0.601226,0.548209,0.590631,0.631375,0.602623,0.649910,0.532517,0.598314,0.599906,0.624973,0.589611,0.604081,0.649991,0.647178,0.634531,0.653667,0.661601,0.563565,0.605200,0.618501,0.640502,0.672238,0.552092,0.565759,0.680598,0.575431,0.608613,0.641249,0.529625,0.580203,0.581714,0.666852,0.545814,0.688672,0.565741,0.665945,0.586991,0.614785,0.638178,0.584236,0.649366,0.663137,0.660406,0.656421,0.585600,0.561161,0.632796,0.620355,0.626935,0.589913,0.592304,0.640845,0.624085,0.585666,0.600543,0.628839,0.658558,0.657627,0.601926,0.588657,0.592032,0.623551,0.639190,0.691872,0.637005,0.599299,0.607469,0.587004,0.604088,0.606615,0.628079,0.627638,0.600105,0.625116,0.654869,0.650907,0.619571,0.636406,0.625600,0.584606,0.608092,0.643391,0.580124,0.660842,0.572865,0.676602,0.655188,0.644409,0.614340,0.627806,0.620598,0.645516,0.647463,0.615799,0.594723,0.592384,0.635974,0.574100,0.605436,0.540383,0.613898,0.658098,0.592648,0.650929,0.548050,0.620526,0.589899,0.609846,0.599611,0.611318,0.688969,0.613578,#
16,0.658137,0.656081,0.637254,0.636017,0.562464,0.631049,0.664349,0.585941,0.578145,0.616343,0.646138,0.594878,0.561806,0.556432,0.577754,0.628920,1.000000,0.645787,0.692464,0.642323,0.692272,0.532423,0.565194,0.611361,0.625706,0.653741,0.623082,0.585816,0.504910,0.570706,0.688738,0.664017,0.630399,0.549208,0.621635,0.645390,0.664139,0.682653,0.611912,0.659990,0.601241,0.582209,0.595513,0.568360,0.606044,0.624784,0.657132,0.629273,0.624624,0.679559,0.587300,0.601932,0.570379,0.585293,0.620422,0.694363,0.560323,0.664305,0.605944,0.593369,0.640824,0.615253,0.629995,0.606008,0.630422,0.616546,0.692006,0.639483,0.675825,0.617927,0.683642,0.638068,0.655028,0.594719,0.638952,0.598387,0.604679,0.671402,0.600213,0.655409,0.714774,0.618250,0.669414,0.646894,0.625083,0.607596,0.579923,0.553283,0.575204,0.584505,0.514340,0.601634,0.619117,0.578056,0.588525,0.662100,0.593826,0.608131,0.598703,0.614147,0.652358,0.634997,0.618401,0.635895,0.640959,0.596792,0.635360,0.586850,0.729827,0.630479,0.593693,0.612325,0.653845,0.591628,0.605006,0.672771,0.656483,0.619193,0.573173,0.524316,0.506176,0.605548,0.592246,0.642737,0.638892,0.589339,0.613860,0.549475,0.616921,0.565335,0.661102,0.642210,0.648291,0.612190,0.607099,0.648472,0.589767,0.596650,0.605829,0.562787,0.587930,0.611776,0.605778,0.600434,0.599629,0.596131,0.674488,0.618454,0.589341,0.567658,0.590721,0.619194,0.524683,0.569005,0.651379,0.575161,0.560691,0.609992,0.537383,0.612786,0.629102,0.567189,0.686605,0.623969,0.670477,0.647094,0.597322,0.598554,0.593418,0.658131,0.540355,0.647553,0.594974,0.669123,0.645163,0.613140,0.581222,0.680308,0.630701,0.657238,0.642377,0.588503,0.588543,0.604271,0.548233,0.562540,0.641930,0.589255,0.649276,0.632573,0.607149,0.634008,0.587500,0.629981,0.642550,0.641330,0.645555,0.653858,0.641998,0.626522,#
17,0.672876,0.657056,0.697971,0.630706,0.614028,0.648492,0.694235,0.656142,0.633172,0.694375,0.644226,0.657511,0.613212,0.678601,0.652409,0.652768,0.645787,1.000000,0.645974,0.679436,0.644800,0.637659,0.619096,0.614328,0.721696,0.656674,0.654004,0.649835,0.577620,0.611287,0.704795,0.694000,0.622913,0.579291,0.580564,0.614576,0.643589,0.727440,0.681212,0.710189,0.673220,0.658987,0.617578,0.617060,0.620557,0.663133,0.698053,0.681113,0.695803,0.715061,0.619396,0.578586,0.615031,0.585975,0.685709,0.678201,0.655482,0.664840,0.652304,0.677782,0.649654,0.608795,0.699694,0.628508,0.626716,0.651202,0.780138,0.629493,0.679379,0.601595,0.705446,0.664304,0.683404,0.684045,0.703450,0.626069,0.643316,0.721550,0.674320,0.677621,0.691858,0.680530,0.709663,0.727965,0.631985,0.615825,0.653673,0.629550,0.620828,0.647394,0.631474,0.600776,0.662278,0.648619,0.638338,0.669765,0.611082,0.589052,0.664001,0.696932,0.642873,0.618837,0.615210,0.602307,0.652535,0.630334,0.615224,0.622593,0.655519,0.694752,0.657844,0.586348,0.701296,0.613650,0.667981,0.664401,0.556572,0.624280,0.647765,0.670409,0.620197,0.636066,0.605782,0.657074,0.625084,0.624257,0.618407,0.671036,0.647797,0.629765,0.648914,0.722688,0.700451,0.659125,0.659979,0.633550,0.662971,0.654905,0.629499,0.679921,0.641228,0.634859,0.671124,0.676515,0.717160,0.649065,0.630957,0.605220,0.611244,0.646515,0.660850,0.629399,0.626773,0.635494,0.625038,0.643021,0.678894,0.604750,0.609193,0.669521,0.644902,0.644033,0.696226,0.621440,0.654093,0.640784,0.589784,0.556320,0.632957,0.618415,0.650009,0.638953,0.656851,0.642242,0.713394,0.626287,0.635298,0.671128,0.655775,0.697861,0.678437,0.663437,0.638650,0.640893,0.632874,0.600226,0.674155,0.657154,0.619865,0.623608,0.636266,0.664109,0.599965,0.631555,0.590059,0.649192,0.653344,0.651766,0.688608,0.567458,#
18,0.654021,0.702749,0.669417,0.641780,0.540204,0.675948,0.654557,0.640520,0.561126,0.595993,0.695576,0.664877,0.665409,0.685955,0.553486,0.651516,0.692464,0.645974,1.000000,0.635319,0.650090,0.657720,0.608442,0.603422,0.626614,0.678601,0.667723,0.627384,0.577333,0.637241,0.621958,0.691283,0.660081,0.658957,0.651901,0.684179,0.644192,0.723796,0.643116,0.666654,0.682154,0.611067,0.674409,0.557075,0.651090,0.652812,0.697738,0.717782,0.693420,0.667417,0.609563,0.615294,0.638418,0.553639,0.680285,0.667398,0.617384,0.662665,0.652255,0.719116,0.651802,0.641358,0.626282,0.635686,0.693880,0.613825,0.712069,0.602607,0.650716,0.657015,0.678327,0.642576,0.670655,0.635677,0.704204,0.615798,0.617251,0.692373,0.633549,0.600903,0.697732,0.604176,0.688362,0.672550,0.710774,0.707308,0.532997,0.630184,0.674808,0.611348,0.617241,0.602027,0.645576,0.674619,0.622887,0.625268,0.619747,0.646542,0.658718,0.638810,0.665187,0.607856,0.631525,0.649823,0.678278,0.656261,0.609497,0.661651,0.689799,0.682964,0.671442,0.605393,0.667844,0.585857,0.590092,0.662947,0.603085,0.602864,0.673230,0.638121,0.627521,0.645382,0.569721,0.675218,0.661953,0.593126,0.698501,0.599607,0.672594,0.600666,0.634099,0.664093,0.673580,0.611922,0.621120,0.631783,0.650119,0.641444,0.639652,0.606811,0.607019,0.664932,0.571598,0.655928,0.675540,0.634206,0.658387,0.606288,0.638377,0.607318,0.626883,0.609450,0.676081,0.611349,0.658829,0.690081,0.642194,0.628091,0.557743,0.594682,0.695766,0.658400,0.707893,0.646044,0.671081,0.623747,0.727531,0.600392,0.570144,0.665685,0.640690,0.655198,0.645410,0.695803,0.673017,0.637371,0.616228,0.668112,0.648137,0.679900,0.670204,0.630504,0.625646,0.606993,0.611366,0.596930,0.612689,0.627563,0.595140,0.667274,0.620474,0.683980,0.569948,0.690788,0.658078,0.620707,0.629532,0.716422,0.687356,0.665721,#
19,0.651463,0.660835,0.671614,0.622224,0.618713,0.711038,0.591815,0.633920,0.656533,0.597183,0.621296,0.626308,0.570363,0.624349,0.636942,0.591016,0.642323,0.679436,0.635319,1.000000,0.643820,0.591636,0.555075,0.623864,0.660583,0.627191,0.642436,0.626647,0.515284,0.620849,0.679878,0.695861,0.675971,0.590026,0.622062,0.711529,0.636723,0.684364,0.653578,0.663059,0.655494,0.640107,0.604116,0.606034,0.582230,0.659938,0.688086,0.635067,0.673600,0.671378,0.621361,0.588680,0.626131,0.582973,0.647898,0.642460,0.632363,0.635927,0.618958,0.605131,0.600691,0.586928,0.666091,0.642686,0.646259,0.645799,0.714023,0.607335,0.707774,0.641358,0.677417,0.636920,0.684405,0.614277,0.636307,0.620379,0.571576,0.666350,0.595150,0.599055,0.718243,0.575607,0.685265,0.645984,0.647371,0.580025,0.582468,0.612166,0.675104,0.606210,0.605525,0.617688,0.553852,0.635226,0.588364,0.587051,0.597070,0.654743,0.624244,0.668765,0.620686,0.610530,0.633559,0.620696,0.649068,0.562171,0.617329,0.577308,0.641784,0.608789,0.618432,0.568808,0.657090,0.557555,0.574708,0.620555,0.613179,0.620773,0.654803,0.566629,0.633715,0.598554,0.588759,0.712788,0.607430,0.632383,0.618628,0.622766,0.688813,0.646937,0.663678,0.716575,0.662946,0.656374,0.602716,0.635349,0.552666,0.638656,0.617950,0.567871,0.633298,0.621478,0.555140,0.597321,0.660864,0.589981,0.589256,0.569047,0.629482,0.613779,0.591950,0.599480,0.609071,0.611019,0.668396,0.589085,0.681855,0.608943,0.587865,0.615041,0.645564,0.668280,0.618447,0.671791,0.696500,0.670969,0.575937,0.616179,0.573297,0.606664,0.592146,0.676632,0.642162,0.667231,0.697273,0.550329,0.621738,0.648932,0.655535,0.612585,0.615988,0.638995,0.649656,0.616316,0.593222,0.583411,0.598168,0.621037,0.636241,0.674787,0.624544,0.644759,0.564215,0.656047,0.633871,0.592243,0.623884,0.617842,0.646050,0.575386,#
20,0.643124,0.729603,0.635728,0.673476,0.620836,0.629728,0.619551,0.654493,0.643179,0.674766,0.634389,0.619574,0.629257,0.659120,0.593452,0.588052,0.692272,0.644800,0.650090,0.643820,1.000000,0.639644,0.579355,0.681648,0.673522,0.685993,0.621566,0.655226,0.574764,0.604849,0.698736,0.653072,0.676643,0.642173,0.632106,0.679879,0.617318,0.659586,0.620110,0.695870,0.658691,0.672671,0.607810,0.599182,0.694623,0.617551,0.690287,0.670743,0.657382,0.671197,0.644184,0.650579,0.588279,0.589966,0.666278,0.633405,0.555465,0.641388,0.658295,0.648334,0.649708,0.624780,0.694961,0.630554,0.643512,0.704002,0.737980,0.634499,0.676866,0.596868,0.672375,0.687532,0.704256,0.653460,0.618932,0.593119,0.652999,0.690427,0.671266,0.676389,0.682835,0.660290,0.685289,0.642543,0.627697,0.667252,0.628492,0.656118,0.669609,0.675372,0.625898,0.620552,0.618284,0.655052,0.623264,0.652416,0.588795,0.564979,0.633203,0.621679,0.721200,0.641454,0.644172,0.689971,0.676030,0.620424,0.690992,0.623425,0.681649,0.717199,0.622593,0.667279,0.622793,0.539973,0.624008,0.650248,0.625247,0.636031,0.572047,0.556061,0.601177,0.649798,0.594114,0.704302,0.630033,0.649697,0.600744,0.596282,0.622133,0.647347,0.640813,0.660440,0.716144,0.675242,0.651568,0.648305,0.566070,0.674649,0.660417,0.648573,0.625577,0.615567,0.602345,0.634599,0.670113,0.612933,0.673206,0.619051,0.578239,0.628009,0.638553,0.615613,0.614728,0.601505,0.657753,0.630011,0.608260,0.697933,0.589235,0.637650,0.690029,0.658369,0.665669,0.647545,0.688577,0.646262,0.606617,0.619851,0.581517,0.611723,0.652226,0.591803,0.645413,0.669673,0.669967,0.621038,0.609288,0.680692,0.628071,0.691947,0.661494,0.647886,0.637680,0.598271,0.595389,0.660908,0.635123,0.595354,0.643440,0.633927,0.610454,0.664363,0.657409,0.660319,0.671863,0.641234,0.672902,0.688780,0.668390,0.617537,#
21,0.623828,0.750387,0.670334,0.674016,0.636358,0.638443,0.627240,0.620563,0.650485,0.636728,0.646674,0.636057,0.591407,0.627971,0.636289,0.653179,0.532423,0.637659,0.657720,0.591636,0.639644,1.000000,0.602117,0.695465,0.602734,0.624322,0.665405,0.610310,0.648870,0.582568,0.627765,0.589302,0.670977,0.690339,0.659171,0.709250,0.630285,0.652336,0.633563,0.649737,0.624438,0.665647,0.620406,0.637827,0.636857,0.669428,0.676175,0.667434,0.692863,0.693996,0.572828,0.646212,0.616317,0.574514,0.689217,0.657613,0.613482,0.630413,0.710186,0.616281,0.646369,0.601834,0.603724,0.616347,0.642632,0.627001,0.706393,0.587767,0.675967,0.683094,0.634782,0.728105,0.717460,0.666997,0.690571,0.673787,0.631657,0.667060,0.650738,0.629570,0.618045,0.606221,0.730294,0.657301,0.685075,0.632887,0.572900,0.669717,0.646116,0.663036,0.622051,0.598116,0.673081,0.678474,0.647198,0.654501,0.639321,0.596257,0.611354,0.638763,0.690728,0.648651,0.542704,0.647776,0.624274,0.670961,0.608983,0.666999,0.608438,0.694115,0.644827,0.601441,0.655735,0.614444,0.537869,0.575019,0.574738,0.716301,0.618729,0.683579,0.620704,0.617984,0.576844,0.646862,0.594175,0.590861,0.642044,0.602417,0.659027,0.653800,0.651875,0.690862,0.609738,0.651293,0.679656,0.594518,0.576489,0.610643,0.622233,0.660831,0.658016,0.613644,0.534605,0.673507,0.660743,0.621173,0.616352,0.577454,0.583792,0.675785,0.639970,0.661086,0.647622,0.619840,0.595719,0.600977,0.661569,0.659037,0.562845,0.645500,0.615638,0.668241,0.687228,0.650806,0.672569,0.650570,0.627899,0.553926,0.556027,0.625413,0.666226,0.599648,0.656307,0.635898,0.646489,0.640722,0.533972,0.645737,0.624178,0.662029,0.660644,0.666980,0.615611,0.609798,0.608119,0.664364,0.652415,0.574912,0.570883,0.649261,0.607920,0.635686,0.635763,0.622804,0.633251,0.585021,0.631924,0.674561,0.630214,0.663916,#
