0,1.000000,0.369363,0.415054,0.314239,0.379540,0.374926,0.346370,0.280810,0.345383,0.350775,0.407747,0.343294,0.323824,0.321561,0.411707,0.360557,0.349412,0.485623,0.363157,0.351692,0.448144,0.450885,0.363438,0.451994,0.398808,0.330511,0.364127,0.394154,0.429822,0.376120,0.282822,0.297388,0.385382,0.331746,0.260536,0.349418,0.377344,0.363639,0.413770,0.448682,0.315440,0.399944,0.260527,0.352354,0.330304,0.387041,0.456137,0.402216,0.412175,0.412334,0.466818,0.276093,0.318452,0.269838,0.409806,0.353703,0.403652,0.387553,0.354765,0.319966,0.355153,0.258179,0.410354,0.336226,0.401601,0.313071,0.340526,0.380139,0.396037,0.364417,0.492838,0.407735,0.434219,0.398505,0.338283,0.281140,0.290242,0.398980,0.378846,0.283043,0.397325,0.364340,0.419082,0.404719,0.400114,0.353437,0.413237,0.350462,0.479552,0.361158,0.394424,0.313789,0.316798,0.383581,0.419244,0.382326,0.404701,0.351722,0.353038,0.356470,0.385832,0.446718,0.319527,0.374542,0.301982,0.394350,0.406397,0.355495,0.344830,0.282805,0.281504,0.403291,0.350845,0.406242,0.295596,0.420016,0.443255,0.280741,0.437750,0.372590,0.456718,0.330591,0.327868,0.324072,0.343817,0.464775,0.292526,0.281983,0.359633,0.444635,0.411544,0.469951,0.366859,0.332912,0.360616,0.298225,0.433023,0.346809,0.375498,0.508708,0.363346,0.334673,0.352865,0.311553,0.403025,0.404039,0.330995,0.217917,0.402283,0.354098,0.374685,0.295077,0.380869,0.297349,0.346740,0.268091,0.219217,0.265282,0.377042,0.436898,0.370571,0.380277,0.224393,0.371291,0.445710,0.216635,0.226269,0.320561,0.371727,0.293598,0.449833,0.196606,0.431161,0.472414,0.297236,0.366915,0.425129,0.356997,0.409895,0.328687,0.356259,0.447496,0.279560,0.261167,0.286201,0.404988,0.411471,0.499097,0.443423,0.237982,0.321164,0.427198,0.233911,0.251885,0.373960,0.273200,0.270598,0.316166,0.413072,0.401030,#
1,0.369363,1.000000,0.314366,0.370230,0.428431,0.354370,0.401742,0.329135,0.303252,0.273776,0.400053,0.383930,0.338037,0.417060,0.296682,0.232719,0.246861,0.376284,0.376618,0.327319,0.335115,0.444207,0.261522,0.369571,0.395480,0.394357,0.450037,0.447092,0.329210,0.287101,0.364386,0.359468,0.386055,0.348323,0.228731,0.274536,0.345845,0.383703,0.388521,0.327945,0.300022,0.340394,0.387991,0.352516,0.331473,0.376075,0.483955,0.437781,0.321918,0.288847,0.490849,0.189876,0.436475,0.344092,0.348237,0.335321,0.388725,0.388851,0.381055,0.366362,0.329671,0.336875,0.395421,0.368401,0.328160,0.357968,0.243824,0.388298,0.414166,0.352526,0.394163,0.322738,0.452879,0.287475,0.403328,0.200815,0.345129,0.347550,0.428028,0.352156,0.370293,0.460532,0.416230,0.415872,0.331491,0.179682,0.412936,0.335289,0.431216,0.430566,0.401347,0.406144,0.265313,0.369124,0.299178,0.335805,0.287325,0.288253,0.244892,0.255284,0.335192,0.359602,0.378013,0.368401,0.315861,0.333855,0.392109,0.422676,0.288019,0.385791,0.425777,0.351968,0.305281,0.392748,0.366259,0.442865,0.445643,0.241370,0.396090,0.367856,0.286076,0.388709,0.366956,0.379028,0.351996,0.390242,0.338445,0.328263,0.289885,0.361196,0.369475,0.406440,0.262136,0.354979,0.451905,0.398129,0.344871,0.364539,0.387024,0.443038,0.428504,0.234389,0.254766,0.286599,0.419782,0.345300,0.355337,0.147680,0.353719,0.335254,0.325270,0.323009,0.304734,0.195535,0.374675,0.309496,0.309505,0.320719,0.266835,0.200226,0.226644,0.428632,0.287296,0.360692,0.406214,0.287005,0.218403,0.356729,0.347314,0.423070,0.385878,0.335742,0.310251,0.321223,0.340608,0.316506,0.210586,0.389797,0.387001,0.288173,0.314166,0.314942,0.323084,0.283262,0.344611,0.411858,0.305315,0.467885,0.314294,0.337364,0.455056,0.349431,0.175486,0.305742,0.369282,0.377154,0.218247,0.310614,0.254458,0.334346,#
2,0.415054,0.314366,1.000000,0.407425,0.277195,0.349508,0.345307,0.329436,0.190191,0.236267,0.219512,0.398214,0.357576,0.379510,0.310247,0.330562,0.315777,0.340516,0.409704,0.344899,0.385694,0.456220,0.338822,0.402958,0.400670,0.391591,0.410379,0.329324,0.335003,0.294176,0.297004,0.343641,0.338544,0.234399,0.219049,0.325846,0.384066,0.330941,0.312481,0.313645,0.387843,0.390963,0.317850,0.231208,0.271326,0.441245,0.375325,0.412375,0.306957,0.342372,0.407523,0.367716,0.376639,0.300779,0.263549,0.335989,0.242428,0.377483,0.293463,0.342568,0.256566,0.323299,0.315470,0.402856,0.458259,0.397198,0.349680,0.286544,0.385395,0.416283,0.304980,0.246913,0.301471,0.323922,0.390791,0.375399,0.272959,0.401916,0.326775,0.368711,0.448399,0.263202,0.320850,0.350159,0.299117,0.320800,0.434984,0.363577,0.310459,0.380588,0.300009,0.317155,0.323756,0.314499,0.337011,0.340180,0.403674,0.281773,0.357751,0.283644,0.375761,0.378898,0.319660,0.352971,0.353657,0.316694,0.313291,0.336239,0.273114,0.347262,0.372446,0.386764,0.321814,0.308080,0.247144,0.406134,0.348057,0.325546,0.188434,0.250949,0.355474,0.353773,0.299528,0.283341,0.345004,0.313244,0.328803,0.320994,0.317474,0.347082,0.314049,0.417078,0.313090,0.249027,0.373212,0.382986,0.350325,0.368638,0.249131,0.270964,0.229072,0.269169,0.355568,0.239397,0.492744,0.320255,0.261046,0.200184,0.409212,0.281857,0.356765,0.380239,0.347942,0.298893,0.229179,0.210906,0.232675,0.282289,0.364057,0.332911,0.422393,0.430615,0.287382,0.414839,0.360500,0.152791,0.321309,0.346760,0.240815,0.309253,0.259241,0.391116,0.291226,0.321921,0.409364,0.345445,0.481371,0.350853,0.347387,0.335889,0.366902,0.287093,0.180416,0.334439,0.220119,0.413718,0.319930,0.371571,0.360537,0.152909,0.318337,0.365043,0.393147,0.240110,0.362685,0.229575,0.294598,0.253355,0.440180,0.348317,#
3,0.314239,0.370230,0.407425,1.000000,0.386925,0.295241,0.356880,0.321645,0.298305,0.319441,0.341132,0.334902,0.300778,0.320886,0.317146,0.271846,0.241394,0.391847,0.354758,0.375766,0.325353,0.356162,0.316613,0.470338,0.409839,0.361214,0.340191,0.289730,0.353406,0.280477,0.374494,0.400921,0.405999,0.435993,0.141957,0.324796,0.398799,0.450153,0.445370,0.264210,0.377661,0.412403,0.371477,0.351357,0.292932,0.483196,0.440642,0.400718,0.287539,0.369962,0.441232,0.292589,0.342676,0.243943,0.214346,0.423074,0.313094,0.351773,0.334293,0.405180,0.282187,0.258228,0.309358,0.389736,0.403083,0.419729,0.250653,0.390091,0.328422,0.371829,0.390854,0.250053,0.337602,0.351154,0.388523,0.379865,0.276750,0.425014,0.385121,0.323360,0.412246,0.388003,0.389182,0.392073,0.373807,0.292053,0.381975,0.271096,0.413254,0.423778,0.349185,0.375426,0.318322,0.402562,0.252587,0.337042,0.390779,0.216587,0.412321,0.270323,0.382181,0.340273,0.410524,0.350963,0.403128,0.338954,0.362733,0.337110,0.258241,0.263436,0.342651,0.364692,0.310538,0.377778,0.241736,0.313720,0.405233,0.286337,0.334252,0.320332,0.408949,0.314534,0.341374,0.409387,0.358382,0.325273,0.328811,0.297193,0.261638,0.418270,0.367587,0.403048,0.402647,0.409287,0.371927,0.365044,0.301648,0.292999,0.415466,0.376252,0.378321,0.288991,0.362173,0.283957,0.413506,0.285656,0.375010,0.325744,0.370328,0.342147,0.327395,0.287939,0.262215,0.308772,0.329830,0.234563,0.275709,0.349995,0.230126,0.408614,0.438063,0.362699,0.388668,0.532176,0.383942,0.262307,0.329667,0.286302,0.260132,0.365244,0.381023,0.294966,0.285260,0.303392,0.305412,0.304564,0.316016,0.316334,0.316190,0.281398,0.323398,0.451856,0.419657,0.317485,0.189392,0.363088,0.293599,0.405626,0.282466,0.222315,0.335900,0.397866,0.356308,0.260365,0.267921,0.364274,0.322457,0.321691,0.372840,0.336929,#
4,0.379540,0.428431,0.277195,0.386925,1.000000,0.302188,0.344211,0.275066,0.343627,0.310343,0.316564,0.191876,0.355677,0.318989,0.264617,0.287581,0.190297,0.343672,0.403860,0.439431,0.353972,0.318272,0.330272,0.421555,0.295562,0.380224,0.281499,0.344626,0.372856,0.182054,0.238335,0.255864,0.386333,0.237131,0.248797,0.284978,0.328301,0.377412,0.244610,0.290142,0.374007,0.461041,0.268147,0.245689,0.407936,0.338927,0.446379,0.385399,0.303511,0.437844,0.357392,0.206092,0.317942,0.297542,0.313601,0.339727,0.318548,0.328054,0.352114,0.313747,0.334225,0.282817,0.273771,0.276461,0.322688,0.235887,0.336602,0.297321,0.289286,0.285068,0.348574,0.329046,0.315351,0.263999,0.332993,0.124695,0.260656,0.367219,0.289014,0.226222,0.446701,0.425380,0.294052,0.321964,0.404928,0.261235,0.285337,0.278479,0.385351,0.430537,0.393419,0.315754,0.184783,0.344227,0.187342,0.442000,0.286594,0.384287,0.336278,0.243146,0.294665,0.244230,0.357652,0.358654,0.346639,0.237901,0.230759,0.319074,0.262125,0.331171,0.420416,0.321439,0.391419,0.486764,0.328236,0.207698,0.348862,0.106951,0.349588,0.208285,0.343505,0.348007,0.342107,0.253973,0.387035,0.319681,0.341062,0.304108,0.173188,0.267796,0.342798,0.337436,0.310757,0.294056,0.406130,0.330444,0.313942,0.222160,0.270484,0.358394,0.364987,0.150435,0.279252,0.289771,0.347420,0.325564,0.300959,0.219224,0.302148,0.359867,0.321084,0.323414,0.334844,0.358152,0.215362,0.198755,0.406778,0.285880,0.243680,0.335522,0.297314,0.267863,0.205638,0.383852,0.283439,0.331395,0.205477,0.191277,0.250442,0.298241,0.334439,0.198858,0.271238,0.323631,0.343210,0.281576,0.338142,0.281739,0.347690,0.241682,0.202132,0.234919,0.299837,0.280777,0.282574,0.311112,0.248939,0.451711,0.319407,0.257146,0.351156,0.348642,0.249494,0.186701,0.237137,0.334995,0.320714,0.422068,0.306361,0.306707,#
5,0.374926,0.354370,0.349508,0.295241,0.302188,1.000000,0.269478,0.305339,0.284373,0.404043,0.307293,0.298454,0.356012,0.252588,0.367711,0.285425,0.299903,0.389341,0.347891,0.236355,0.384338,0.378940,0.312446,0.492168,0.331227,0.324612,0.346624,0.374265,0.401267,0.271354,0.226484,0.390873,0.407674,0.296763,0.246580,0.253781,0.436118,0.299395,0.349880,0.377363,0.367121,0.406294,0.150611,0.353375,0.242558,0.385081,0.345995,0.257177,0.387993,0.391612,0.381083,0.286618,0.302924,0.173986,0.314234,0.317799,0.208659,0.402959,0.367550,0.311202,0.318355,0.330201,0.353051,0.324412,0.379911,0.354032,0.360812,0.362454,0.336092,0.276844,0.407160,0.293478,0.387868,0.438584,0.327523,0.245407,0.354828,0.283242,0.307575,0.341441,0.356876,0.376188,0.439832,0.231607,0.293186,0.340578,0.261865,0.271444,0.353799,0.342224,0.300847,0.403000,0.252682,0.354672,0.267267,0.347165,0.291642,0.198248,0.336198,0.162590,0.359499,0.406055,0.334958,0.346451,0.282148,0.296264,0.231803,0.347239,0.270939,0.237541,0.414641,0.289443,0.371445,0.308320,0.293987,0.291164,0.408615,0.322908,0.309665,0.327996,0.240970,0.339215,0.287918,0.299793,0.339248,0.293441,0.178902,0.193136,0.436334,0.452438,0.325283,0.408886,0.298534,0.312929,0.475571,0.343469,0.255896,0.285149,0.270847,0.308778,0.355594,0.291998,0.258982,0.330584,0.349173,0.280528,0.285449,0.252365,0.225026,0.289173,0.369459,0.250495,0.359143,0.402071,0.254863,0.298930,0.327492,0.253758,0.447426,0.240019,0.332958,0.307253,0.304204,0.282706,0.332049,0.090615,0.220793,0.323190,0.371252,0.404814,0.307022,0.300153,0.367695,0.332128,0.218189,0.335864,0.302994,0.293742,0.386408,0.252522,0.315813,0.352345,0.344330,0.250015,0.271107,0.434546,0.365388,0.337245,0.303296,0.267260,0.366852,0.325524,0.292717,0.289965,0.386821,0.295270,0.240477,0.396446,0.299685,0.418036,#
6,0.346370,0.401742,0.345307,0.356880,0.344211,0.269478,1.000000,0.310787,0.252144,0.263024,0.303720,0.234593,0.202899,0.339309,0.234859,0.267159,0.297924,0.303969,0.313632,0.329033,0.339270,0.365945,0.247913,0.272998,0.278978,0.252124,0.272517,0.330433,0.322493,0.261793,0.203212,0.323434,0.301114,0.244670,0.110572,0.152247,0.238339,0.304846,0.344234,0.280644,0.319787,0.292044,0.222153,0.366089,0.213521,0.301984,0.408499,0.431926,0.279820,0.352498,0.307561,0.285567,0.366961,0.294558,0.175043,0.335073,0.285066,0.354699,0.346578,0.416078,0.216045,0.246190,0.256179,0.312834,0.276566,0.452708,0.284611,0.323426,0.315457,0.313800,0.313360,0.303241,0.344828,0.251885,0.345838,0.259628,0.281192,0.344974,0.313288,0.284827,0.326252,0.386755,0.404810,0.303923,0.298115,0.318910,0.289233,0.347193,0.373486,0.379686,0.385669,0.271558,0.187440,0.383395,0.257649,0.396966,0.299721,0.239980,0.377672,0.284631,0.357258,0.404624,0.237482,0.248799,0.167991,0.430630,0.282004,0.262545,0.309003,0.316034,0.315707,0.305823,0.332847,0.288508,0.305723,0.359052,0.371732,0.268097,0.363367,0.299529,0.264007,0.402703,0.221562,0.239629,0.312641,0.249228,0.185649,0.356790,0.172314,0.364592,0.285443,0.261483,0.325698,0.174816,0.421870,0.350774,0.265673,0.368674,0.294430,0.294285,0.205264,0.149955,0.182660,0.371260,0.215319,0.308473,0.301546,0.145801,0.292548,0.237475,0.353762,0.224490,0.308821,0.255616,0.288845,0.224482,0.185295,0.280773,0.282261,0.275218,0.235604,0.321146,0.310264,0.394424,0.348120,0.235569,0.179011,0.267274,0.318856,0.402326,0.203799,0.233904,0.307719,0.250834,0.309868,0.310933,0.270237,0.307104,0.385024,0.183289,0.111855,0.198714,0.260706,0.320925,0.283324,0.323877,0.293487,0.335629,0.343345,0.302383,0.300945,0.305976,0.298409,0.295279,0.197860,0.294840,0.273506,0.270998,0.218216,0.343481,#
7,0.280810,0.329135,0.329436,0.321645,0.275066,0.305339,0.310787,1.000000,0.216016,0.372698,0.318505,0.432872,0.256227,0.351464,0.270475,0.309761,0.252246,0.464017,0.330474,0.378238,0.350546,0.361746,0.421786,0.326214,0.426572,0.282816,0.351426,0.458051,0.334831,0.247745,0.372311,0.357451,0.446842,0.263452,0.227325,0.313681,0.280991,0.281162,0.359969,0.338776,0.305654,0.342579,0.359605,0.273487,0.339614,0.445454,0.298275,0.379787,0.417307,0.361084,0.435940,0.227912,0.293041,0.345113,0.363310,0.324504,0.345868,0.429241,0.341440,0.351160,0.317782,0.216837,0.319257,0.349403,0.441323,0.338778,0.326852,0.360220,0.315900,0.451113,0.377063,0.248298,0.438806,0.411164,0.331787,0.300810,0.317382,0.367751,0.352298,0.465450,0.391676,0.397624,0.450950,0.380323,0.295499,0.320545,0.424090,0.261144,0.382068,0.450060,0.380797,0.328416,0.325371,0.321282,0.230781,0.371950,0.311197,0.265154,0.258916,0.205349,0.377798,0.327037,0.351855,0.327539,0.220418,0.415256,0.391881,0.308590,0.352127,0.276176,0.304132,0.298974,0.261125,0.362989,0.385255,0.383466,0.303277,0.274154,0.321178,0.373710,0.359638,0.387513,0.251311,0.390172,0.441459,0.340208,0.324630,0.375496,0.254003,0.343432,0.285180,0.385587,0.347585,0.303290,0.501279,0.348167,0.217688,0.475515,0.350157,0.432008,0.443789,0.386786,0.144588,0.288684,0.349350,0.313880,0.379639,0.247274,0.312172,0.250633,0.398012,0.441909,0.266037,0.236050,0.223080,0.368132,0.374580,0.349332,0.332430,0.355496,0.304205,0.361241,0.317428,0.385439,0.336770,0.238304,0.399801,0.297852,0.398942,0.367578,0.344382,0.307603,0.313442,0.264810,0.296173,0.269504,0.291626,0.348899,0.212797,0.377114,0.306188,0.382436,0.264752,0.320834,0.114557,0.390870,0.334413,0.387692,0.272192,0.405502,0.379263,0.337994,0.296307,0.340537,0.200332,0.350425,0.305470,0.357793,0.367336,0.344059,#
8,0.345383,0.303252,0.190191,0.298305,0.343627,0.284373,0.252144,0.216016,1.000000,0.259510,0.350156,0.274536,0.305973,0.257775,0.356732,0.247783,0.206998,0.220035,0.214958,0.301916,0.303705,0.219610,0.204379,0.342036,0.249078,0.245701,0.169423,0.341761,0.176048,0.293155,0.102700,0.291584,0.229753,0.258538,0.181261,0.234486,0.308781,0.256923,0.269921,0.352044,0.269999,0.250840,0.117558,0.269951,0.378055,0.355882,0.282642,0.298248,0.198204,0.232642,0.204868,0.315530,0.223044,0.365186,0.229968,0.303783,0.220786,0.284236,0.249047,0.324002,0.268695,0.103289,0.350599,0.248103,0.345861,0.318491,0.258102,0.250853,0.384708,0.278809,0.207145,0.284118,0.297561,0.194769,0.240988,0.186736,0.204545,0.254245,0.272377,0.132959,0.292399,0.311743,0.338781,0.209287,0.339067,0.241408,0.280904,0.203616,0.334838,0.279714,0.310426,0.312794,0.251433,0.232205,0.316329,0.437183,0.305296,0.209341,0.241935,0.162471,0.267873,0.181155,0.251268,0.221797,0.262365,0.164916,0.350517,0.242194,0.119026,0.296820,0.204723,0.246779,0.179504,0.323433,0.180126,0.317495,0.343858,0.216062,0.169928,0.345948,0.319756,0.206718,0.232523,0.227078,0.275353,0.304887,0.122579,0.336098,0.176607,0.309933,0.294670,0.261706,0.216143,0.214201,0.351575,0.294849,0.214801,0.319059,0.321960,0.295362,0.291330,0.238975,0.311409,0.169926,0.244881,0.208099,0.293234,0.297760,0.230891,0.271716,0.296317,0.207933,0.278856,0.252396,0.317510,0.288795,0.244971,0.221301,0.260324,0.315862,0.167158,0.251998,0.125441,0.349190,0.247009,0.142116,0.242384,0.202691,0.225874,0.263284,0.332165,0.063530,0.171732,0.337354,0.259562,0.273567,0.188783,0.269037,0.293190,0.233172,0.244655,0.241354,0.106702,0.211151,0.231339,0.266983,0.169807,0.218023,0.313057,0.220411,0.272398,0.299234,0.239078,0.216947,0.244886,0.230794,0.249143,0.089399,0.207543,0.211887,#
9,0.350775,0.273776,0.236267,0.319441,0.310343,0.404043,0.263024,0.372698,0.259510,1.000000,0.388443,0.274085,0.253145,0.296245,0.317295,0.346617,0.252523,0.297487,0.232880,0.409181,0.261694,0.296693,0.326128,0.360263,0.275765,0.306062,0.360624,0.428556,0.353087,0.206783,0.400323,0.362892,0.273881,0.357156,0.290062,0.288709,0.217837,0.378847,0.321807,0.281897,0.354471,0.417321,0.248118,0.174653,0.295550,0.457845,0.330698,0.378471,0.284931,0.299028,0.399794,0.316262,0.292096,0.259358,0.251354,0.377420,0.370214,0.332689,0.316312,0.301252,0.267962,0.310058,0.422276,0.339058,0.362497,0.380154,0.195539,0.368125,0.377879,0.226809,0.341707,0.342466,0.307012,0.337009,0.369126,0.269255,0.325000,0.270272,0.421103,0.355823,0.330231,0.390022,0.384843,0.293118,0.380388,0.382265,0.434544,0.238401,0.283280,0.322446,0.286932,0.428590,0.261230,0.329514,0.303986,0.370773,0.408494,0.263332,0.288319,0.221515,0.354917,0.390642,0.397939,0.260577,0.372767,0.309890,0.333465,0.299966,0.327069,0.248654,0.245691,0.264169,0.277061,0.393691,0.234927,0.358089,0.362453,0.371474,0.448213,0.274282,0.405887,0.388631,0.270888,0.364034,0.386633,0.373384,0.133409,0.348315,0.216830,0.347196,0.321425,0.361311,0.257151,0.367930,0.433870,0.327042,0.323755,0.378596,0.303981,0.301654,0.269351,0.300644,0.254929,0.208384,0.315082,0.193300,0.370690,0.269521,0.255079,0.417119,0.343137,0.268404,0.470951,0.343756,0.289797,0.340040,0.350877,0.340495,0.419692,0.272578,0.325940,0.268803,0.150054,0.437951,0.326325,0.254634,0.293979,0.285076,0.457736,0.334910,0.255982,0.314186,0.342950,0.340924,0.220186,0.295524,0.291070,0.187358,0.236100,0.348999,0.238536,0.358215,0.373189,0.317409,0.219153,0.370650,0.339469,0.424745,0.399957,0.258075,0.352495,0.384136,0.191408,0.311387,0.252429,0.344265,0.241588,0.213964,0.314403,0.369026,#
10,0.407747,0.400053,0.219512,0.341132,0.316564,0.307293,0.303720,0.318505,0.350156,0.388443,1.000000,0.234178,0.204017,0.350028,0.315135,0.263258,0.264882,0.351095,0.417834,0.336767,0.262759,0.306363,0.224920,0.297986,0.253442,0.198150,0.352484,0.376038,0.321645,0.305245,0.306515,0.314817,0.320565,0.288287,0.227587,0.307197,0.202644,0.323374,0.418567,0.313981,0.217387,0.272714,0.256782,0.196547,0.230919,0.383155,0.325024,0.395869,0.345999,0.353652,0.315547,0.299392,0.258433,0.282068,0.252659,0.320787,0.266435,0.309977,0.274685,0.283442,0.279364,0.313289,0.313350,0.382485,0.383084,0.370824,0.302056,0.296835,0.332557,0.266196,0.338476,0.295503,0.302025,0.296691,0.302029,0.331690,0.338694,0.242957,0.315754,0.212651,0.280392,0.343466,0.370888,0.345399,0.376455,0.245193,0.413609,0.204494,0.354018,0.353227,0.248122,0.286928,0.324401,0.267433,0.251780,0.342473,0.389706,0.139028,0.329214,0.291467,0.332638,0.320534,0.306700,0.284953,0.314926,0.238760,0.356037,0.330589,0.243507,0.267883,0.195238,0.312965,0.250560,0.362153,0.385288,0.422138,0.341594,0.134408,0.281014,0.266915,0.288563,0.264010,0.279879,0.310813,0.362054,0.297512,0.155955,0.312387,0.181085,0.425651,0.362382,0.317312,0.254558,0.246013,0.402727,0.338359,0.286121,0.376644,0.217864,0.403482,0.364902,0.209447,0.369473,0.214357,0.274436,0.259667,0.204122,0.226057,0.219278,0.354297,0.292501,0.359145,0.358996,0.309024,0.374547,0.315180,0.326738,0.194192,0.330421,0.343438,0.247897,0.251988,0.315440,0.382650,0.301531,0.213876,0.244110,0.230691,0.251726,0.361822,0.267521,0.224739,0.322131,0.308277,0.281921,0.155327,0.245287,0.305562,0.358604,0.361711,0.316358,0.291493,0.380162,0.239557,0.245260,0.340860,0.228936,0.332981,0.317378,0.282955,0.358902,0.313766,0.227243,0.227334,0.296069,0.368219,0.231827,0.308247,0.344828,0.387897,#
11,0.343294,0.383930,0.398214,0.334902,0.191876,0.298454,0.234593,0.432872,0.274536,0.274085,0.234178,1.000000,0.359655,0.295935,0.179751,0.330051,0.293489,0.409629,0.296473,0.130262,0.289082,0.356993,0.236753,0.375636,0.427213,0.362672,0.266580,0.456439,0.168533,0.326843,0.343179,0.360762,0.318101,0.263224,0.196561,0.240780,0.340241,0.294727,0.284342,0.296091,0.343412,0.389370,0.327403,0.426761,0.224288,0.425276,0.285748,0.381622,0.317729,0.216752,0.429029,0.270534,0.280337,0.370817,0.218302,0.270667,0.397496,0.358271,0.365939,0.284200,0.254994,0.312787,0.409777,0.379577,0.402543,0.378489,0.342509,0.376297,0.359606,0.332619,0.269555,0.211526,0.365980,0.328894,0.357296,0.295916,0.261525,0.273318,0.437751,0.310860,0.396301,0.218477,0.354262,0.405915,0.374402,0.248232,0.438307,0.279744,0.362751,0.298078,0.383178,0.355579,0.357384,0.474735,0.270618,0.300498,0.264289,0.263152,0.316292,0.349099,0.408145,0.355581,0.339545,0.254490,0.296981,0.395784,0.363896,0.301804,0.307920,0.351743,0.312928,0.278039,0.325668,0.343991,0.161531,0.536753,0.357181,0.197364,0.342032,0.319955,0.303556,0.365864,0.378862,0.308405,0.356162,0.302296,0.334200,0.400454,0.324172,0.332035,0.263271,0.464434,0.251644,0.328808,0.361648,0.308734,0.214863,0.393397,0.248189,0.406538,0.270104,0.288883,0.279207,0.330109,0.354144,0.254921,0.373647,0.219960,0.309610,0.271781,0.292150,0.409203,0.312326,0.289733,0.298559,0.249175,0.264447,0.207487,0.281483,0.332208,0.294746,0.293133,0.195225,0.328039,0.422094,0.203623,0.387769,0.330799,0.433335,0.318804,0.350609,0.199069,0.284463,0.294439,0.276740,0.353789,0.398845,0.267297,0.236531,0.227275,0.378152,0.329661,0.235834,0.289814,0.121266,0.410454,0.324299,0.333457,0.328597,0.277095,0.213990,0.297343,0.353733,0.136977,0.277037,0.270116,0.309350,0.217487,0.263218,0.337944,#
12,0.323824,0.338037,0.357576,0.300778,0.355677,0.356012,0.202899,0.256227,0.305973,0.253145,0.204017,0.359655,1.000000,0.268708,0.354135,0.317555,0.321538,0.308478,0.390704,0.399700,0.370315,0.279857,0.304133,0.398762,0.351648,0.317147,0.270359,0.413607,0.377499,0.354050,0.216238,0.429405,0.350747,0.323594,0.284051,0.283201,0.412113,0.302751,0.316005,0.318298,0.425660,0.359391,0.371582,0.346071,0.311393,0.470455,0.333113,0.300954,0.372743,0.294792,0.420283,0.258249,0.279831,0.323579,0.308899,0.295956,0.296173,0.380437,0.368221,0.332022,0.310088,0.340465,0.321785,0.345413,0.415859,0.337411,0.318817,0.302328,0.357210,0.246798,0.254547,0.320686,0.276012,0.267335,0.419407,0.331095,0.274067,0.294648,0.282563,0.269269,0.380967,0.329258,0.375259,0.324235,0.376100,0.396420,0.338348,0.326906,0.410920,0.375672,0.393756,0.370671,0.249862,0.398808,0.330716,0.280688,0.405550,0.317623,0.248076,0.174318,0.350050,0.379363,0.318079,0.276257,0.391272,0.318554,0.328668,0.252391,0.240553,0.384902,0.363691,0.232517,0.358731,0.388543,0.220146,0.350618,0.392170,0.346581,0.296927,0.325576,0.303142,0.376012,0.386726,0.350218,0.299743,0.281271,0.308541,0.302001,0.306306,0.257958,0.331607,0.409856,0.288274,0.254350,0.305729,0.315748,0.332501,0.328356,0.304177,0.357536,0.435705,0.305404,0.209007,0.244198,0.234408,0.320117,0.356853,0.263514,0.331818,0.286592,0.327788,0.469574,0.270444,0.300486,0.300147,0.237226,0.304533,0.136496,0.289096,0.257830,0.335398,0.372310,0.246422,0.413077,0.348369,0.215721,0.317649,0.202705,0.341645,0.390491,0.242748,0.245985,0.336541,0.352807,0.358039,0.268379,0.344518,0.411870,0.209284,0.325975,0.361121,0.310136,0.365807,0.342133,0.283913,0.385691,0.313003,0.421580,0.288797,0.194013,0.374944,0.406482,0.288952,0.281856,0.241629,0.319022,0.333669,0.263929,0.388804,0.315604,#
13,0.321561,0.417060,0.379510,0.320886,0.318989,0.252588,0.339309,0.351464,0.257775,0.296245,0.350028,0.295935,0.268708,1.000000,0.385101,0.355479,0.308510,0.286413,0.343035,0.409785,0.314635,0.347684,0.260694,0.303799,0.420103,0.430404,0.425152,0.387511,0.307728,0.224527,0.338923,0.353184,0.350988,0.285652,0.257470,0.301865,0.308391,0.355524,0.257838,0.312109,0.296680,0.339818,0.351470,0.261895,0.326088,0.373099,0.439421,0.374067,0.370682,0.308331,0.408896,0.275639,0.355711,0.305578,0.316776,0.445546,0.307377,0.372341,0.362588,0.415030,0.370157,0.293144,0.432594,0.363498,0.338535,0.336095,0.475463,0.365074,0.483706,0.380932,0.254326,0.318452,0.403400,0.252159,0.425821,0.259284,0.373314,0.409254,0.438597,0.301295,0.356469,0.479682,0.379952,0.488221,0.474770,0.304879,0.468428,0.362264,0.382913,0.435277,0.359441,0.343027,0.324639,0.393806,0.303210,0.357244,0.369002,0.206262,0.238216,0.318930,0.434420,0.400386,0.343595,0.360384,0.304918,0.417502,0.374295,0.331010,0.344710,0.352890,0.311041,0.293487,0.436909,0.417840,0.323263,0.377573,0.430946,0.309741,0.299725,0.326082,0.408499,0.437736,0.285278,0.384917,0.386669,0.318891,0.277703,0.294143,0.440799,0.350720,0.326297,0.332183,0.312995,0.293712,0.457827,0.344307,0.347937,0.404896,0.447596,0.396909,0.317591,0.283834,0.342877,0.325767,0.411146,0.440750,0.296328,0.281693,0.164217,0.342453,0.405576,0.298783,0.362893,0.376471,0.403295,0.292533,0.241654,0.335819,0.360008,0.316738,0.252382,0.457810,0.232220,0.458711,0.337353,0.302258,0.265783,0.285994,0.387256,0.385623,0.380638,0.414588,0.370458,0.295374,0.344192,0.365812,0.309352,0.298024,0.379252,0.228865,0.344944,0.311689,0.305952,0.388694,0.242417,0.428063,0.349200,0.451920,0.364284,0.382845,0.274238,0.408361,0.350368,0.285189,0.266191,0.343170,0.288331,0.323403,0.383504,0.361694,#
14,0.411707,0.296682,0.310247,0.317146,0.264617,0.367711,0.234859,0.270475,0.356732,0.317295,0.315135,0.179751,0.354135,0.385101,1.000000,0.391801,0.273039,0.361139,0.353547,0.432498,0.319876,0.233588,0.326992,0.457037,0.303335,0.289600,0.396752,0.322078,0.359463,0.257264,0.194061,0.299241,0.286419,0.227286,0.259384,0.366820,0.340389,0.389203,0.365559,0.408616,0.400167,0.346380,0.357071,0.256293,0.334143,0.474254,0.432766,0.317470,0.315376,0.255711,0.460032,0.262449,0.312580,0.303592,0.427388,0.355468,0.339549,0.320295,0.272285,0.318625,0.387808,0.387784,0.294412,0.337518,0.382627,0.319344,0.351775,0.374442,0.368013,0.311920,0.287259,0.332055,0.243415,0.414376,0.268504,0.230308,0.235241,0.374490,0.320194,0.302929,0.390217,0.259196,0.404389,0.401123,0.359679,0.358349,0.235298,0.271527,0.357310,0.338209,0.400774,0.338001,0.316185,0.366073,0.357095,0.236502,0.369898,0.275734,0.290877,0.226485,0.306517,0.376300,0.332267,0.349199,0.275943,0.306431,0.434922,0.420135,0.295369,0.353889,0.182128,0.202346,0.361725,0.293077,0.281408,0.344720,0.287064,0.359589,0.324790,0.318445,0.405278,0.367957,0.248083,0.306261,0.342350,0.275397,0.222158,0.254399,0.195911,0.387311,0.220490,0.395889,0.333886,0.187454,0.274914,0.311410,0.316578,0.354358,0.314266,0.316245,0.444313,0.366115,0.338089,0.234690,0.282907,0.293496,0.301066,0.179210,0.179780,0.278248,0.382926,0.251721,0.230672,0.343833,0.300494,0.204816,0.304726,0.263183,0.322929,0.213801,0.263578,0.360067,0.228522,0.299516,0.379304,0.183220,0.301845,0.276234,0.257924,0.338091,0.410695,0.300768,0.340240,0.355327,0.358017,0.215842,0.396689,0.354395,0.377732,0.376726,0.307684,0.404457,0.311337,0.326083,0.308871,0.358064,0.310060,0.302269,0.268704,0.265757,0.317145,0.346352,0.282291,0.381959,0.251917,0.195122,0.161218,0.264077,0.363889,0.359744,#
15,0.360557,0.232719,0.330562,0.271846,0.287581,0.285425,0.267159,0.309761,0.247783,0.346617,0.263258,0.330051,0.317555,0.355479,0.391801,1.000000,0.334731,0.426730,0.373286,0.305514,0.247076,0.319403,0.274489,0.417656,0.379582,0.357909,0.346898,0.374708,0.382536,0.228630,0.296820,0.367947,0.295957,0.380116,0.188691,0.249269,0.311966,0.350270,0.370130,0.329935,0.417661,0.367337,0.308056,0.285124,0.424423,0.387060,0.282662,0.355270,0.226962,0.317580,0.388147,0.248379,0.359960,0.300235,0.305855,0.260053,0.304114,0.378142,0.336373,0.406918,0.258962,0.253430,0.331176,0.257838,0.314161,0.339040,0.385476,0.407987,0.368758,0.260505,0.275862,0.390793,0.303022,0.283010,0.373220,0.307777,0.227702,0.421400,0.320398,0.276263,0.487656,0.261906,0.319630,0.424227,0.342403,0.304337,0.388434,0.255081,0.422707,0.409739,0.337073,0.260306,0.300709,0.464397,0.323945,0.252547,0.422489,0.243103,0.336237,0.236275,0.371309,0.358265,0.357507,0.293517,0.237045,0.317087,0.307549,0.262624,0.274381,0.433603,0.239021,0.377767,0.291464,0.284619,0.241602,0.434796,0.372019,0.226729,0.294444,0.317840,0.403096,0.387194,0.223662,0.406315,0.298217,0.210657,0.259864,0.294603,0.274382,0.257371,0.275108,0.427472,0.264789,0.298056,0.376911,0.385107,0.317978,0.268302,0.334261,0.241761,0.265678,0.318477,0.357214,0.201013,0.395318,0.313281,0.407798,0.236981,0.356042,0.339333,0.377865,0.261761,0.353413,0.482169,0.201266,0.423837,0.243284,0.293049,0.358696,0.318570,0.241383,0.310887,0.261995,0.378069,0.358410,0.275601,0.318773,0.280864,0.279369,0.338092,0.221644,0.242619,0.379453,0.243013,0.356280,0.194749,0.420875,0.279968,0.201104,0.383229,0.332033,0.363174,0.259853,0.303413,0.257378,0.364448,0.233710,0.384302,0.311843,0.271472,0.158053,0.444676,0.249216,0.294421,0.226883,0.264847,0.240442,0.275152,0.247046,0.257513,#
16,0.349412,0.246861,0.315777,0.241394,0.190297,0.299903,0.297924,0.252246,0.206998,0.252523,0.264882,0.293489,0.321538,0.308510,0.273039,0.334731,1.000000,0.335122,0.272732,0.287335,0.435607,0.303143,0.423919,0.255067,0.216679,0.337695,0.281426,0.229076,0.231062,0.292899,0.241093,0.416942,0.182792,0.331988,0.189777,0.267397,0.323057,0.260589,0.295250,0.290447,0.211381,0.320850,0.230507,0.323172,0.262285,0.387004,0.300982,0.308379,0.279367,0.193987,0.213725,0.307731,0.428888,0.214776,0.252302,0.267374,0.192631,0.296190,0.300878,0.177337,0.217972,0.349265,0.327807,0.377477,0.417335,0.321785,0.276468,0.437779,0.237259,0.318128,0.188605,0.363823,0.335767,0.176900,0.330437,0.455464,0.228584,0.364362,0.347708,0.250576,0.263339,0.291543,0.274430,0.290958,0.287852,0.339537,0.427736,0.261674,0.315031,0.261574,0.329816,0.308150,0.245074,0.255928,0.239320,0.245595,0.353726,0.150531,0.289262,0.268893,0.274086,0.301445,0.162056,0.232489,0.213697,0.304197,0.265359,0.178640,0.197830,0.273781,0.275593,0.253294,0.307841,0.269593,0.301856,0.429488,0.318830,0.232934,0.191785,0.289192,0.291919,0.294394,0.307356,0.293478,0.319765,0.143541,0.184367,0.166216,0.225027,0.347269,0.186084,0.325083,0.390022,0.099566,0.382250,0.346952,0.125822,0.349422,0.278076,0.372297,0.161041,0.274844,0.195250,0.301904,0.313580,0.282911,0.148580,0.213958,0.249067,0.173746,0.246771,0.286390,0.239124,0.235479,0.296841,0.247788,0.198444,0.192588,0.307724,0.254226,0.198740,0.397679,0.349120,0.394140,0.273021,0.138803,0.298472,0.270994,0.233046,0.224254,0.139362,0.147202,0.294550,0.169887,0.258247,0.346081,0.225664,0.234724,0.247789,0.221864,0.269325,0.293328,0.278851,0.126424,0.121334,0.263937,0.387013,0.303319,0.275716,0.242611,0.304006,0.143838,0.133003,0.233279,0.310055,0.332307,0.128036,0.240892,0.207925,0.265648,#
17,0.485623,0.376284,0.340516,0.391847,0.343672,0.389341,0.303969,0.464017,0.220035,0.297487,0.351095,0.409629,0.308478,0.286413,0.361139,0.426730,0.335122,1.000000,0.371680,0.420070,0.427506,0.378048,0.366853,0.478472,0.436961,0.364367,0.290046,0.355371,0.404900,0.310386,0.344924,0.421571,0.536489,0.344498,0.198793,0.331413,0.306572,0.479385,0.389337,0.275294,0.379704,0.370353,0.247910,0.380960,0.349058,0.428968,0.412654,0.348681,0.415626,0.384876,0.422766,0.232935,0.249592,0.319451,0.351698,0.360695,0.439812,0.499045,0.371943,0.415586,0.319401,0.367532,0.324121,0.343985,0.383046,0.441342,0.445748,0.458713,0.403007,0.441137,0.397314,0.375020,0.451092,0.357475,0.410720,0.444767,0.291230,0.416536,0.322331,0.393528,0.436267,0.402927,0.587457,0.420362,0.414384,0.306751,0.401569,0.350166,0.502098,0.476406,0.384814,0.318159,0.378165,0.383199,0.273901,0.318384,0.365127,0.422493,0.415732,0.371448,0.369957,0.328118,0.347607,0.365168,0.315222,0.412040,0.323882,0.476179,0.246626,0.258492,0.339582,0.376967,0.354986,0.422648,0.252666,0.458379,0.384985,0.272473,0.371897,0.416488,0.342437,0.377255,0.284149,0.371165,0.488771,0.373249,0.322188,0.342895,0.231911,0.337046,0.295911,0.423340,0.407128,0.412380,0.451899,0.397232,0.417329,0.368776,0.366809,0.452483,0.398815,0.352637,0.305950,0.280568,0.441005,0.392183,0.257307,0.230167,0.312682,0.223638,0.444578,0.292756,0.329620,0.448542,0.372578,0.357138,0.293189,0.329891,0.484498,0.415651,0.442575,0.407331,0.310332,0.337054,0.413983,0.321235,0.304082,0.397515,0.294027,0.335603,0.466296,0.341463,0.356718,0.393206,0.396633,0.230328,0.415883,0.360685,0.240216,0.433243,0.325606,0.508450,0.370036,0.244824,0.221102,0.395194,0.374210,0.423658,0.448617,0.343289,0.345796,0.481342,0.246781,0.260620,0.404558,0.356829,0.388225,0.258897,0.326179,0.399069,#
18,0.363157,0.376618,0.409704,0.354758,0.403860,0.347891,0.313632,0.330474,0.214958,0.232880,0.417834,0.296473,0.390704,0.343035,0.353547,0.373286,0.272732,0.371680,1.000000,0.356315,0.349136,0.321494,0.233078,0.475646,0.386171,0.378529,0.420766,0.392158,0.430687,0.240963,0.325112,0.307543,0.439244,0.273021,0.308592,0.399053,0.434844,0.377034,0.355484,0.388937,0.399414,0.411529,0.313012,0.277597,0.306647,0.396876,0.368750,0.402081,0.311185,0.352106,0.438955,0.229007,0.394793,0.396020,0.288187,0.287893,0.340129,0.434343,0.313472,0.275466,0.323009,0.329359,0.345701,0.433118,0.325700,0.461921,0.407992,0.462805,0.353752,0.214986,0.228991,0.333554,0.319981,0.275818,0.331903,0.272659,0.217086,0.409279,0.400786,0.390295,0.451943,0.332633,0.411008,0.419722,0.371541,0.211979,0.422084,0.265219,0.421368,0.357019,0.425214,0.276245,0.343299,0.389798,0.319412,0.343597,0.473179,0.295481,0.271869,0.352070,0.283600,0.414542,0.425700,0.338482,0.381895,0.333768,0.300433,0.337458,0.316080,0.374943,0.377280,0.480233,0.320986,0.382940,0.309488,0.346967,0.349517,0.242417,0.349402,0.361683,0.283534,0.413574,0.337801,0.334393,0.382489,0.287769,0.318371,0.320937,0.386112,0.361533,0.379880,0.421573,0.320408,0.282717,0.457196,0.223701,0.322703,0.413983,0.335178,0.419714,0.417892,0.184122,0.248730,0.241828,0.411771,0.339482,0.218838,0.160818,0.282550,0.304926,0.341716,0.364634,0.349483,0.321072,0.330407,0.399857,0.415885,0.389516,0.280131,0.441988,0.346639,0.391202,0.294223,0.357315,0.357409,0.281031,0.397027,0.371064,0.298427,0.384844,0.187976,0.305569,0.386896,0.250914,0.305195,0.300218,0.328297,0.430182,0.449599,0.322020,0.316356,0.372890,0.375008,0.281422,0.371430,0.397191,0.390913,0.486115,0.362607,0.295219,0.341632,0.415475,0.302200,0.298636,0.351145,0.270875,0.310084,0.359166,0.446315,0.393683,#
19,0.351692,0.327319,0.344899,0.375766,0.439431,0.236355,0.329033,0.378238,0.301916,0.409181,0.336767,0.130262,0.399700,0.409785,0.432498,0.305514,0.287335,0.420070,0.356315,1.000000,0.294994,0.343432,0.336737,0.441493,0.276823,0.447924,0.354372,0.345235,0.366875,0.379836,0.267493,0.384842,0.353386,0.302932,0.312215,0.368811,0.212078,0.359483,0.455860,0.343268,0.371001,0.372327,0.243402,0.220921,0.351965,0.476263,0.438493,0.503072,0.336339,0.390440,0.371416,0.311247,0.263528,0.403968,0.347193,0.350732,0.350335,0.339896,0.314859,0.366814,0.367918,0.290463,0.341513,0.370462,0.422926,0.386496,0.299394,0.413885,0.373233,0.358206,0.364454,0.406760,0.420587,0.238878,0.430844,0.357212,0.307518,0.460047,0.422796,0.277230,0.426466,0.408859,0.447701,0.307827,0.466897,0.292577,0.385371,0.299733,0.443135,0.421589,0.324358,0.408236,0.347737,0.338475,0.298363,0.379268,0.408338,0.341626,0.207378,0.252023,0.352776,0.380963,0.386000,0.364441,0.357141,0.335445,0.376351,0.498203,0.257522,0.243181,0.348816,0.343888,0.409151,0.442938,0.351386,0.329481,0.429145,0.429621,0.370155,0.264780,0.449012,0.449673,0.339885,0.393344,0.535298,0.345212,0.322211,0.367709,0.151126,0.347427,0.272680,0.307595,0.439897,0.300163,0.381551,0.394596,0.351035,0.399800,0.380127,0.416258,0.409542,0.297636,0.298680,0.250735,0.391161,0.341462,0.242435,0.391899,0.394289,0.219645,0.331404,0.356526,0.353611,0.423358,0.309653,0.284238,0.338351,0.301892,0.374152,0.260862,0.349399,0.376352,0.360197,0.397335,0.345344,0.275362,0.296969,0.326275,0.316126,0.301158,0.406033,0.343245,0.346472,0.320179,0.370300,0.275504,0.332421,0.378837,0.256695,0.346602,0.255333,0.417843,0.300241,0.347014,0.312951,0.407098,0.361793,0.463486,0.361210,0.260230,0.432207,0.405879,0.271515,0.382245,0.291702,0.399264,0.338487,0.384230,0.420304,0.427352,#
20,0.448144,0.335115,0.385694,0.325353,0.353972,0.384338,0.339270,0.350546,0.303705,0.261694,0.262759,0.289082,0.370315,0.314635,0.319876,0.247076,0.435607,0.427506,0.349136,0.294994,1.000000,0.336749,0.355912,0.379640,0.424046,0.350296,0.348230,0.395498,0.338702,0.286340,0.268657,0.346953,0.358223,0.258284,0.278710,0.258038,0.340144,0.307026,0.292421,0.364120,0.317501,0.492470,0.276723,0.320239,0.342988,0.455964,0.393735,0.385466,0.388296,0.295319,0.293522,0.341014,0.456623,0.269567,0.345697,0.290263,0.368161,0.350167,0.303776,0.325529,0.382506,0.232820,0.393872,0.391412,0.438351,0.286372,0.317795,0.387884,0.431149,0.382985,0.329550,0.324926,0.480354,0.358979,0.343655,0.321818,0.390758,0.386368,0.325754,0.340662,0.281413,0.302063,0.457178,0.345684,0.322326,0.362550,0.420782,0.322104,0.455808,0.408784,0.368665,0.408028,0.347496,0.401272,0.272984,0.325611,0.385518,0.307153,0.286681,0.190125,0.309329,0.347917,0.315330,0.384455,0.222468,0.377878,0.327304,0.288094,0.274355,0.366846,0.374810,0.302988,0.367459,0.375704,0.321779,0.459826,0.485696,0.246729,0.230878,0.294671,0.293963,0.355424,0.326338,0.303682,0.413429,0.314256,0.384964,0.395752,0.283274,0.405774,0.268128,0.450425,0.319490,0.217263,0.409395,0.361980,0.367791,0.422348,0.384105,0.413341,0.394494,0.370885,0.174673,0.289181,0.391954,0.256891,0.226627,0.273339,0.286928,0.311082,0.375943,0.375561,0.212989,0.219482,0.319933,0.307280,0.228567,0.211369,0.290115,0.358360,0.343212,0.378078,0.304241,0.351296,0.421479,0.237491,0.187134,0.378198,0.303819,0.291496,0.323213,0.247735,0.288513,0.326478,0.270142,0.390657,0.217136,0.236870,0.425958,0.400121,0.346989,0.349177,0.271883,0.343921,0.279930,0.265928,0.325531,0.395832,0.375230,0.318706,0.350399,0.393463,0.315264,0.276879,0.377161,0.373892,0.269080,0.333033,0.315277,0.319296,#
21,0.450885,0.444207,0.456220,0.356162,0.318272,0.378940,0.365945,0.361746,0.219610,0.296693,0.306363,0.356993,0.279857,0.347684,0.233588,0.319403,0.303143,0.378048,0.321494,0.343432,0.336749,1.000000,0.295954,0.428003,0.430736,0.290901,0.379434,0.447442,0.340069,0.316592,0.337959,0.394448,0.325595,0.364969,0.202643,0.324404,0.395537,0.402454,0.423193,0.305756,0.344598,0.401880,0.212199,0.348070,0.380421,0.362046,0.449721,0.423349,0.288882,0.367675,0.422178,0.217330,0.379651,0.333321,0.311225,0.277418,0.377710,0.385176,0.323822,0.313547,0.246634,0.256236,0.410977,0.371903,0.460275,0.360946,0.319826,0.383039,0.418907,0.460519,0.477825,0.338093,0.465577,0.367349,0.333701,0.293962,0.321213,0.301573,0.321457,0.323846,0.451192,0.365803,0.363376,0.268756,0.396656,0.263671,0.435968,0.310746,0.437867,0.452380,0.306277,0.297662,0.284178,0.337638,0.383413,0.392663,0.338061,0.350004,0.312723,0.310753,0.489203,0.372335,0.289237,0.363172,0.340295,0.419250,0.336785,0.370405,0.290935,0.299274,0.352618,0.364512,0.364877,0.358183,0.269932,0.432895,0.476204,0.256192,0.398929,0.408311,0.338730,0.439125,0.211670,0.429808,0.324515,0.322437,0.330341,0.338246,0.279790,0.265108,0.317297,0.343582,0.393767,0.348668,0.366211,0.283850,0.388682,0.343203,0.321697,0.423236,0.336428,0.372207,0.278592,0.242714,0.355770,0.355358,0.334165,0.310405,0.302802,0.277562,0.357580,0.332849,0.338533,0.324052,0.323559,0.284205,0.255191,0.316465,0.260153,0.321150,0.447933,0.329202,0.269471,0.366325,0.427481,0.205577,0.152967,0.416020,0.279375,0.404564,0.308483,0.287215,0.403310,0.353001,0.278984,0.317638,0.383340,0.273961,0.348433,0.372555,0.280465,0.392560,0.211479,0.317257,0.209935,0.334889,0.332252,0.397966,0.458781,0.265365,0.396854,0.370588,0.322101,0.230140,0.402263,0.402916,0.331310,0.318478,0.329093,0.382221,#
