0,1.000000,0.112438,0.216566,0.141150,0.205486,0.162834,0.183193,0.091251,0.212058,0.093168,0.214017,0.151584,0.147475,0.128525,0.230140,0.270421,0.285833,0.272915,0.269301,0.309682,0.159622,0.194828,0.265897,0.349790,0.109125,0.145353,0.204896,0.038516,0.197881,0.215511,0.090204,0.301806,0.185776,0.224043,0.305615,0.157879,0.122735,0.063358,0.290485,0.191909,0.209908,0.160583,0.322241,0.025918,0.193068,0.123152,0.136578,0.320275,0.256967,0.337996,0.183504,0.204215,0.209960,0.244755,0.241526,0.243000,0.220574,0.217616,0.147409,0.133975,0.171149,0.262018,0.316758,0.112088,0.173293,0.071251,0.127665,0.220559,0.133720,0.210926,0.200529,0.157810,0.219215,0.287225,0.184141,0.025592,0.362953,0.226835,0.225685,0.112303,0.092014,0.166472,0.197496,0.223361,0.290298,0.188670,0.306819,0.324018,0.262955,0.241285,0.163900,0.108517,0.258589,0.103938,0.233357,0.299133,0.257134,0.135335,0.229175,0.231015,0.236378,0.196554,0.157963,0.271504,0.189518,0.215729,0.269814,0.220772,0.243125,-0.009259,0.110573,0.246959,0.094607,0.267838,0.261857,0.210597,0.257759,0.127819,0.176909,0.210630,0.187665,0.255503,0.337530,0.198558,0.269452,0.261845,0.188141,0.064025,0.192029,0.276070,0.222279,0.112599,0.191659,0.193434,0.228811,0.258233,0.222149,0.171469,0.069206,0.213468,0.215551,0.131678,0.131804,0.144520,0.099111,0.037153,0.223446,0.127456,0.240645,0.169243,0.108612,0.212048,0.221785,0.102538,0.223569,0.267148,0.233890,0.214706,0.258198,0.198166,0.208637,0.236384,0.184627,0.105792,0.188365,0.261956,0.156243,0.259363,0.285323,0.179927,0.156221,0.090271,0.218979,0.227218,0.059308,0.271995,0.299386,0.260214,0.192169,0.052770,0.218834,0.271738,0.152560,0.127050,0.159863,-0.015775,0.185333,0.324032,0.277220,0.065051,0.096328,0.221760,0.146883,0.229145,0.288277,0.253109,0.109096,0.232512,0.213549,0.275555,#
1,0.112438,1.000000,0.183202,0.147977,0.139623,0.156722,0.172883,0.221334,0.346895,0.185345,0.273441,0.226355,0.166513,0.079755,0.100733,0.085074,0.147966,0.178759,0.110657,0.222092,0.041460,0.272715,0.187011,0.029153,0.132929,0.132642,0.163891,0.286044,0.059990,0.164106,0.198828,0.183668,0.061750,0.207256,0.040387,0.191495,0.172072,0.129723,0.296725,0.136558,0.160854,0.076474,0.224365,0.073497,0.089934,0.142105,0.306358,0.146992,0.226635,0.110177,0.116579,0.151326,0.204216,0.197653,0.207522,0.122977,0.118559,0.036340,-0.024618,0.084753,0.145072,0.157034,0.122224,0.115193,0.069915,0.254293,0.145451,0.196736,0.156030,0.295681,0.230263,0.216784,0.293364,0.076099,0.239443,0.182956,0.160208,0.120328,0.240566,0.098034,0.207621,0.133051,0.156916,0.131007,0.284327,0.005832,0.190634,0.266484,0.175420,0.103074,0.120295,0.178200,0.125905,0.171826,0.213220,0.169065,0.061317,0.141827,0.149698,0.124010,0.232694,0.113156,0.129469,0.125874,0.109890,0.195770,0.192958,0.245159,0.158870,0.137131,0.105398,0.107719,0.043173,0.219776,0.174085,0.267707,0.194758,0.075711,0.128071,0.084284,0.041750,0.181106,0.208261,0.186779,0.168994,0.160975,0.124170,0.146904,0.238117,0.230307,0.060851,0.227150,0.097607,0.164564,0.246490,0.196048,0.220453,0.225518,0.183162,0.169777,0.244587,0.095306,0.214467,0.285346,0.249795,0.124501,0.074883,0.045454,0.145618,0.039584,0.196766,0.206139,0.151014,0.036045,0.263071,0.227502,0.108919,0.077903,-0.026508,0.003955,0.097693,0.232608,0.204012,0.235422,0.126540,0.096030,0.136175,0.051546,0.160518,0.201567,0.201254,0.235342,0.105161,0.112464,0.138181,0.236625,0.149150,0.265298,0.078580,0.068899,0.188165,0.100371,0.186545,0.100110,0.158843,0.180101,0.151234,0.011754,0.271652,0.230764,0.318369,0.234396,0.013484,0.137623,0.212412,0.056271,0.062033,0.215837,0.078071,0.269848,#
2,0.216566,0.183202,1.000000,0.191072,0.292887,0.189952,0.248280,0.188461,0.251559,0.164960,0.206181,0.261359,0.152816,0.287019,0.129805,0.275108,0.105255,0.189662,0.204790,0.250525,0.255869,0.274008,0.114955,0.205017,0.181248,0.282714,0.322263,0.223715,0.186670,0.200818,0.173549,0.166355,0.186100,0.140529,0.220361,0.152726,0.188486,0.082795,0.260076,0.132621,0.182906,0.172823,0.383725,0.112104,0.183046,0.170103,0.246727,0.124704,0.158660,0.217023,0.231209,0.284932,0.292255,0.198728,0.195597,0.152376,0.207652,0.068696,0.259363,0.252952,0.384390,0.216805,0.071075,0.264003,0.225927,0.232305,0.138729,0.248130,0.191435,0.276215,0.230396,0.277934,0.106297,0.245371,0.286708,0.135178,0.211687,0.201830,0.200765,0.143527,0.241544,0.140126,0.251382,0.071378,0.325866,0.182429,0.184271,0.386049,0.128648,0.130110,0.200207,0.224239,0.347055,0.268074,0.234661,0.298036,0.244853,0.183956,0.338299,0.115733,0.228151,0.187133,0.125127,0.250566,0.106511,0.224967,0.283341,0.248643,0.176422,0.111489,0.271430,0.191303,0.278663,0.199497,0.140436,0.265871,0.296264,0.207029,0.064548,0.173151,0.131618,0.093556,0.195536,0.233037,0.234952,0.127482,0.234157,0.173987,0.275897,0.234521,0.150394,0.228413,0.261441,0.284491,0.300345,0.190572,0.294583,0.238280,0.231635,0.138068,0.106119,0.248024,0.154960,0.103537,0.296505,0.167281,0.005612,0.135402,0.231621,0.176040,0.233299,0.236020,0.311062,0.278676,0.169922,0.164707,0.154233,0.008247,0.229667,0.157567,0.077343,0.239512,0.249359,0.235832,0.151894,0.242390,0.203685,0.076133,0.182676,0.211077,0.137647,0.264317,0.232157,0.137185,0.225928,0.247430,0.237412,0.232037,0.078542,0.113723,0.207615,0.355094,0.031192,0.328552,0.153836,0.200148,0.200683,0.101998,0.262450,0.125494,0.228053,0.258544,0.341176,0.217142,0.239726,0.179219,0.038498,0.173098,0.234271,0.366088,#
3,0.141150,0.147977,0.191072,1.000000,0.281879,0.183374,0.261716,0.155305,0.386207,0.215220,0.266909,0.210151,0.218315,0.163710,0.235371,0.147279,0.136694,0.227804,0.335417,0.281458,0.194516,0.239117,0.280324,0.278710,0.220478,0.274112,0.283951,0.272411,0.251839,0.278924,0.226244,0.290350,0.349557,0.287608,0.159663,0.232652,0.227656,0.286668,0.336498,0.252666,0.213041,0.313399,0.355502,0.345294,0.141584,0.252609,0.202295,0.216272,0.137353,0.197879,0.273486,0.201599,0.335002,0.070191,0.169721,0.321643,0.215644,0.147966,0.224067,0.284283,0.185358,0.198160,0.162978,0.199651,0.399697,0.175741,0.114069,0.128631,0.028991,0.274324,0.180103,0.248367,0.281746,0.152488,0.206847,0.216424,0.223505,0.219773,0.159666,0.121365,0.319679,0.256704,0.268636,0.116577,0.292097,0.223544,0.193025,0.257749,0.258480,0.194888,0.332776,0.273661,0.258339,0.262843,0.265429,0.292491,0.192742,0.135065,0.309765,0.156814,0.216531,0.216183,0.179101,0.119467,0.409283,0.109029,0.246546,0.259720,0.134457,0.151908,0.222550,0.110794,0.194235,0.207314,0.133801,0.192829,0.191014,0.177401,0.223892,0.149739,0.197317,0.232695,0.266522,0.181947,0.170958,0.269491,0.224611,0.342516,0.153225,0.200613,0.297752,0.287034,0.219373,0.262682,0.192914,0.240237,0.204226,0.172652,0.170690,0.178043,0.121475,0.346328,0.306884,0.099755,0.181808,0.258177,0.223623,0.356133,0.206054,0.248609,0.190182,0.175675,0.181250,0.281379,0.233853,0.137982,0.138614,0.141114,0.285703,0.228694,0.218667,0.183725,0.173440,0.263455,0.158377,0.181696,0.250310,0.112167,0.185821,0.202783,0.242889,0.099721,0.185187,0.072585,0.104151,0.246947,0.283811,0.283459,0.127939,0.224077,0.137487,0.371175,0.225896,0.105818,0.132016,0.164829,0.222683,0.184600,0.215957,0.274121,0.300854,0.206913,0.260649,0.160385,0.259313,0.261368,0.304307,0.195557,0.160408,0.221653,#
4,0.205486,0.139623,0.292887,0.281879,1.000000,0.295672,0.177584,0.292143,0.345543,0.306270,0.102152,0.247441,0.308067,0.205855,0.227112,0.226738,0.194375,0.303439,0.264760,0.449574,0.384306,0.217367,0.327673,0.365785,0.199417,0.352559,0.297154,0.149194,0.307644,0.243643,0.269895,0.273458,0.300131,0.210346,0.211017,0.267623,0.404387,0.171239,0.298962,0.212866,0.316626,0.323086,0.281199,0.215125,0.259376,0.274681,0.370148,0.295728,0.244498,0.219438,0.254580,0.248656,0.281153,0.253019,0.368494,0.361172,0.247604,0.261585,0.264383,0.202417,0.199746,0.277439,0.198271,0.132361,0.301597,0.226296,0.179926,0.222616,0.117678,0.256830,0.244849,0.279424,0.287911,0.266908,0.281138,0.106295,0.212991,0.321900,0.282642,0.300343,0.272518,0.346790,0.246362,0.123984,0.362159,0.209988,0.205113,0.282354,0.214005,0.241964,0.348850,0.217242,0.305913,0.180922,0.264449,0.356519,0.274882,0.233444,0.168509,0.198013,0.235558,0.224635,0.288495,0.232279,0.220687,0.243681,0.265136,0.281969,0.282487,0.270959,0.286483,0.235589,0.244783,0.388945,0.230872,0.142862,0.280520,0.234400,0.159279,0.162487,0.123264,0.222801,0.365387,0.134441,0.315135,0.216225,0.250417,0.311004,0.382624,0.271162,0.293137,0.186730,0.255493,0.315655,0.349922,0.240265,0.249474,0.212982,0.237612,0.121927,0.238612,0.230044,0.363788,0.145103,0.281805,0.267586,0.259466,0.319872,0.197196,0.264705,0.233310,0.315014,0.263315,0.369647,0.305697,0.268766,0.398339,0.132752,0.138774,0.285516,0.239851,0.191734,0.233403,0.126839,0.045388,0.257842,0.091278,0.174521,0.229747,0.248031,0.142692,0.209919,0.402696,0.232834,0.250424,0.290206,0.394516,0.353875,0.176664,0.249462,0.185105,0.164113,0.277398,0.220991,0.277397,0.252365,0.133898,0.284509,0.308711,0.357306,0.176707,0.260066,0.173703,0.171189,0.229495,0.315367,0.278202,0.198821,0.352145,0.358816,#
5,0.162834,0.156722,0.189952,0.183374,0.295672,1.000000,0.120160,0.257885,0.313783,0.218981,0.255449,0.194716,0.225492,0.041198,0.228103,0.213109,0.150746,0.247068,0.001006,0.341602,0.158519,0.093769,0.220952,0.228939,0.187383,0.211077,0.315465,0.223216,0.247956,0.219451,0.296832,0.302258,0.278941,0.218860,0.136100,0.240017,0.255836,0.104153,0.272355,0.103484,0.357935,0.193156,0.181075,0.222712,0.146802,0.281526,0.312826,0.101846,0.306212,0.122448,0.209203,0.231369,0.147858,0.208618,0.111638,0.361312,0.203872,0.087815,0.352483,0.188784,0.142344,0.293553,0.213918,0.212004,0.310467,0.206373,0.127112,0.178360,0.149078,0.111467,0.225314,0.237919,0.255036,0.203354,0.166351,0.202995,0.300939,0.218201,0.226012,0.202760,0.279799,0.206873,0.311178,0.070001,0.161760,0.210629,0.231452,0.314974,0.172786,0.048493,0.125958,0.243150,0.392693,0.340450,0.240335,0.257351,0.148696,0.231066,0.300031,0.139307,0.183777,0.248783,0.152354,0.190875,0.201084,0.258124,0.227069,0.222194,0.150107,0.140164,0.160173,0.278727,0.132662,0.191959,0.165996,0.131758,0.193770,0.158817,0.096738,0.165286,0.058969,0.244210,0.231925,0.229761,0.076145,0.154851,0.160299,0.159973,0.265719,0.269068,0.331418,0.217559,0.271803,0.294094,0.288043,0.303698,0.256581,0.231679,0.132990,0.066380,0.198215,0.142613,0.241739,0.290447,0.283369,0.179919,0.155073,0.151055,0.148784,0.194220,0.269597,0.144281,0.214342,0.242729,0.220849,0.175342,0.294386,0.086232,0.234303,0.139972,0.241191,0.167735,0.238872,0.175653,0.165978,0.182455,0.033814,0.267696,0.319820,0.257372,0.321881,0.221698,0.160424,0.163319,0.186202,0.198754,0.234641,0.254693,0.179487,0.173482,0.281004,0.158267,0.365481,0.202613,0.200199,0.243047,0.279360,0.112100,0.118423,0.191777,0.138524,0.290941,0.122195,0.142933,0.135573,0.136318,0.148690,0.204317,0.175963,0.313623,#
6,0.183193,0.172883,0.248280,0.261716,0.177584,0.120160,1.000000,0.133763,0.272751,0.111890,0.137819,0.142927,0.265928,0.276348,0.118536,0.146632,0.190407,0.237305,0.210439,0.142665,0.301319,0.204974,0.080373,0.175617,0.137458,0.195400,0.186321,0.229742,0.199526,0.304623,0.173929,0.223821,0.114176,0.253120,0.197360,0.173910,0.101116,0.163922,0.153013,0.243047,0.136932,0.187160,0.251974,0.188569,0.254155,0.112700,0.184481,0.020533,0.263402,0.168303,0.208351,0.267075,0.285496,0.129386,0.201626,0.200864,0.101305,0.178317,0.273650,0.241580,0.187937,0.159304,0.158980,0.138819,0.315343,0.292645,0.257886,0.141932,0.158049,0.174783,0.140291,0.207943,0.099658,0.311739,0.273583,0.151433,0.243005,0.182805,0.206901,0.090274,0.130687,0.189050,0.276931,0.097977,0.121529,0.241994,0.132287,0.233912,0.201563,0.169599,0.169430,0.153668,0.102664,0.120939,0.182672,0.193681,0.287070,0.194666,0.232266,0.236316,0.199922,0.265150,0.238854,0.088942,0.039140,0.135493,0.210251,0.086456,0.183567,0.140094,0.120032,0.127520,0.087403,0.100618,0.248977,0.141105,0.348517,0.148504,0.220355,0.178152,0.190177,0.190458,0.172151,0.229880,0.282054,0.306967,0.118602,0.201503,0.057605,0.182867,0.150809,0.181892,0.194052,0.120574,0.179494,0.232565,0.229676,0.151648,0.265455,0.180059,0.155976,0.228126,0.114084,0.090870,0.120114,0.204953,0.129391,0.117632,0.118440,0.039565,0.316976,0.193860,0.215441,0.130439,0.176303,0.182311,0.164153,0.219259,0.230986,0.110511,0.122614,0.207231,0.296063,0.276948,0.159762,0.242644,0.179899,0.133195,0.206141,0.159086,0.168349,0.135653,0.156612,0.055538,0.188761,0.189297,0.193917,0.216485,0.259168,0.083883,0.194724,0.141308,0.282980,0.239892,0.173353,0.200990,0.101809,0.235824,0.095202,0.189575,0.110343,0.210181,0.131806,0.252153,0.154826,0.119935,0.206689,0.204277,0.213909,0.249338,#
7,0.091251,0.221334,0.188461,0.155305,0.292143,0.257885,0.133763,1.000000,0.392311,0.236327,0.240719,0.346706,0.196139,0.189542,0.372604,0.162830,0.306901,0.335279,0.225407,0.257806,0.210146,0.266053,0.342967,0.251263,0.272646,0.248639,0.259680,0.335887,0.175171,0.235286,0.125868,0.196963,0.208199,0.210959,0.150019,0.165664,0.182409,0.063278,0.309362,0.195946,0.281510,0.195192,0.258473,0.271465,0.289180,0.319646,0.254212,0.217069,0.195744,0.139418,0.235967,0.181446,0.189111,0.282096,0.207136,0.201148,0.191019,0.325138,0.216777,0.157451,0.200769,0.292849,0.217554,0.109339,0.306896,0.276360,0.208149,0.213484,0.199522,0.399598,0.238658,0.107901,0.357683,0.252930,0.264255,0.151862,0.189587,0.226241,0.287883,0.279330,0.261135,0.235562,0.290720,0.100569,0.253665,0.188883,0.246125,0.243345,0.225502,0.247586,0.140931,0.225336,0.270273,0.269021,0.241665,0.140379,0.214484,0.329985,0.215193,0.209329,0.268636,0.139881,0.195428,0.192901,0.125887,0.287175,0.309387,0.225088,0.179882,0.180322,0.269586,0.156351,0.180064,0.293181,0.351021,0.233247,0.157211,0.045325,0.091474,0.376291,0.170411,0.272090,0.207481,0.276209,0.320398,0.211173,0.297398,0.322118,0.213465,0.142602,0.193719,0.172442,0.304347,0.148283,0.403999,0.366351,0.173490,0.309072,0.163369,0.193031,0.269692,0.205421,0.208603,0.070542,0.240079,0.233500,0.253790,0.129577,0.188048,0.213962,0.252120,0.267655,0.240123,0.265338,0.182393,0.353514,0.263334,0.200654,0.272911,0.227601,0.216085,0.097208,0.395115,0.106827,0.083475,0.334779,0.275005,0.129541,0.170379,0.179535,0.271207,0.290656,0.240233,0.197710,0.245402,0.261790,0.195956,0.240435,0.070245,0.290360,0.351598,0.202404,0.236978,0.204203,0.068760,0.232321,0.121619,0.096386,0.273531,0.337244,0.323145,0.202288,0.173019,0.117060,0.198441,0.203203,0.133015,0.244835,0.260823,0.254114,#
8,0.212058,0.346895,0.251559,0.386207,0.345543,0.313783,0.272751,0.392311,1.000000,0.326634,0.252239,0.284173,0.277678,0.208009,0.329249,0.243339,0.137404,0.300612,0.214472,0.291322,0.167151,0.307578,0.279126,0.289594,0.077426,0.333186,0.247738,0.379505,0.214229,0.305969,0.127929,0.284964,0.214452,0.212827,0.172832,0.223621,0.305480,0.139503,0.257378,0.218168,0.303618,0.304515,0.328649,0.221766,0.257780,0.213050,0.183073,0.202887,0.325860,0.267116,0.281151,0.395537,0.191408,0.362035,0.223341,0.408077,0.217760,0.339551,0.160141,0.299943,0.306022,0.288884,0.305536,0.098049,0.285221,0.374676,0.219568,0.228722,0.295318,0.334473,0.260343,0.223103,0.325884,0.286515,0.259681,0.229167,0.240703,0.274836,0.282765,0.230077,0.295979,0.316290,0.271153,0.146575,0.360876,0.276628,0.218582,0.298570,0.136400,0.281575,0.256908,0.304127,0.311874,0.200500,0.469830,0.318819,0.258457,0.242233,0.352881,0.174701,0.240520,0.239639,0.242588,0.288023,0.285628,0.227264,0.326857,0.298515,0.148099,0.238522,0.225798,0.213319,0.156929,0.312965,0.332312,0.318682,0.235511,0.174087,0.188646,0.340975,0.227639,0.227311,0.361452,0.245704,0.236403,0.351771,0.202373,0.329708,0.216799,0.324117,0.221501,0.098732,0.322279,0.366630,0.424591,0.298610,0.233007,0.268131,0.200837,0.234020,0.228274,0.306354,0.364285,0.168211,0.207161,0.219402,0.334155,0.206529,0.216183,0.227341,0.321848,0.202937,0.271088,0.369909,0.374054,0.377218,0.295363,0.263815,0.265242,0.305194,0.176659,0.194077,0.260018,0.305300,0.215372,0.250708,0.265949,0.129655,0.327670,0.304965,0.276414,0.294549,0.219938,0.177038,0.330019,0.259664,0.193084,0.348873,0.268321,0.148944,0.295343,0.302737,0.135354,0.292087,0.238673,0.282059,0.185766,0.159381,0.304185,0.333802,0.323062,0.231909,0.305751,0.184068,0.316644,0.227119,0.248373,0.182956,0.185973,0.282837,#
9,0.093168,0.185345,0.164960,0.215220,0.306270,0.218981,0.111890,0.236327,0.326634,1.000000,0.252864,0.083418,0.184327,0.239435,0.252683,0.196920,0.163131,0.168799,0.151706,0.371292,0.252468,0.201110,0.239250,0.244928,0.100521,0.154048,0.275195,0.299523,0.166912,0.266891,0.226709,0.201974,0.157225,0.293547,0.328169,0.209036,0.115518,0.145011,0.241281,0.109881,0.327427,0.204826,0.227816,0.068159,0.242704,0.192631,0.189083,0.158611,0.159063,0.155291,0.089851,0.218802,0.113325,0.162559,0.168980,0.290183,0.137319,0.228255,0.263220,0.132467,0.238680,0.217638,0.264933,0.154226,0.282984,0.348583,0.161435,0.209499,0.196044,0.118837,0.336633,0.205201,0.161679,0.201881,0.215690,0.157798,0.055913,0.215023,0.263594,0.276605,0.128581,0.237688,0.108963,0.097712,0.366790,0.145239,0.151370,0.277476,0.038422,-0.009390,0.171088,0.249613,0.307629,0.105846,0.225946,0.220258,0.205800,0.318097,0.276080,0.027651,0.155332,0.219193,0.274563,0.141634,0.353647,0.239693,0.218844,0.079183,0.294909,0.156183,0.190908,0.221255,0.262072,0.328351,0.137397,0.222952,0.078879,0.125052,0.150569,0.121678,0.212104,0.220129,0.225610,0.230895,0.169429,0.167897,0.091539,0.217713,0.281094,0.240574,0.197037,0.139424,0.185859,0.334032,0.301670,0.244899,0.210677,0.265990,0.168067,0.102652,0.041306,0.312611,0.282764,0.147131,0.163753,0.208941,0.266339,0.239299,0.145725,0.274830,0.159492,0.033534,0.323070,0.276756,0.259654,0.270225,0.209313,0.284800,0.298858,0.160475,0.187094,0.183646,0.164592,0.342619,0.159611,0.168044,0.141402,0.104154,0.406829,0.140669,0.247225,0.289485,0.166798,0.225549,0.217129,0.335410,0.167053,0.217085,0.221905,0.152954,0.176057,0.132599,0.245028,0.224590,0.137305,0.294130,0.077023,0.147215,0.377511,0.161108,0.248348,0.225439,0.138293,0.201782,0.149436,0.195105,0.127828,0.156336,0.125573,0.216550,#
10,0.214017,0.273441,0.206181,0.266909,0.102152,0.255449,0.137819,0.240719,0.252239,0.252864,1.000000,0.160585,0.018687,0.160290,0.122759,0.183326,0.140786,0.146998,0.211025,0.229343,0.113233,0.138888,0.105099,0.177372,0.091832,0.096614,0.177329,0.354924,0.142097,0.252589,0.191875,0.219193,0.180940,0.228415,0.219310,0.164613,0.139399,0.149585,0.290248,0.112136,0.280570,0.123830,0.136272,0.087727,0.110137,0.268235,0.248877,0.210370,0.269081,0.306148,0.048035,0.166849,0.238483,0.138325,0.113269,0.214580,0.132433,0.077064,0.102512,0.207102,0.118193,0.246752,0.235636,0.288419,0.334420,0.211287,0.159566,0.099468,0.111721,0.208623,0.184513,0.264891,0.268771,0.155811,0.100318,0.193058,0.154690,0.185034,0.165093,0.128407,0.322219,0.150872,0.274526,0.138016,0.292856,0.065390,0.228514,0.307648,0.139144,0.204216,0.086460,0.291818,0.265739,0.231537,0.262619,0.313623,0.074839,0.126959,0.342466,0.202839,0.121669,0.148579,0.177570,0.152645,0.344569,0.019461,0.141478,0.263120,0.143670,0.113929,0.089984,0.168021,0.122823,0.169181,0.272736,0.304603,0.182001,0.045755,0.211683,0.195718,0.195795,0.340126,0.087378,0.159670,-0.001135,0.198487,0.237518,0.245401,0.212739,0.130733,0.181435,0.103172,0.145857,0.206105,0.274196,0.201468,0.134129,0.304223,0.114764,0.073830,0.282531,0.075724,0.169851,0.151454,0.106936,0.047848,0.062671,0.082832,0.169929,0.133942,0.234111,0.210144,0.343363,0.129606,0.226848,0.204875,0.259410,0.077920,0.244066,0.121503,0.256540,0.103764,0.299988,0.222202,0.133544,0.166958,0.287776,0.121904,0.269523,0.244809,0.249008,0.160708,0.066126,0.150646,0.142464,0.158417,0.222253,0.298085,0.076411,0.224111,0.166905,0.119849,0.285244,0.083635,0.136768,0.181416,0.034894,0.046764,0.175768,0.269703,0.301175,0.094864,0.148815,0.110530,0.272343,0.133449,0.027902,0.230942,0.193533,0.324902,#
11,0.151584,0.226355,0.261359,0.210151,0.247441,0.194716,0.142927,0.346706,0.284173,0.083418,0.160585,1.000000,0.222752,0.138236,0.134484,0.105922,0.145573,0.289467,0.230953,0.067921,0.128112,0.250196,0.154529,0.122538,0.197602,0.258607,0.101343,0.291262,0.156505,0.211628,0.221792,0.186314,0.178772,0.224356,0.175879,0.157605,0.274542,0.083296,0.156341,0.277619,0.176573,0.290849,0.331087,0.214784,0.118147,0.242598,0.287347,0.137922,0.196239,0.176026,0.206142,0.225898,0.234128,0.303092,0.128752,0.120055,0.021726,0.306052,0.215830,0.164731,0.117678,0.194165,0.319872,0.130856,0.223328,0.284165,0.195824,0.222020,0.195086,0.306087,0.162714,0.163487,0.261082,0.199356,0.125489,0.047838,0.240183,0.139361,0.156780,0.069065,0.231943,0.209933,0.214791,0.067669,0.208755,0.108368,0.109022,0.214875,0.207926,0.085322,0.126765,0.322906,0.296064,0.295945,0.235602,0.342995,0.149262,0.174201,0.239040,0.122098,0.145515,0.201483,0.165512,0.218218,0.182506,0.312091,0.268412,0.319183,0.262269,0.209266,0.341973,0.208122,0.232865,0.222076,0.018988,0.321664,0.160044,0.218737,0.079863,0.267346,0.089563,0.204309,0.287411,0.132184,0.235622,0.200866,0.171203,0.195807,0.276615,0.191314,0.153788,0.238501,0.338240,0.289873,0.252891,0.190571,0.143594,0.279488,0.102700,0.223277,0.197914,0.126906,0.193731,0.161973,0.286626,0.099541,0.267648,0.115827,0.062653,0.176148,0.198682,0.245689,0.222263,0.251622,0.257975,0.221265,0.200733,0.071295,0.223958,0.139560,0.128925,0.202969,0.201658,0.080011,0.179473,0.075302,0.294568,0.098087,0.216873,0.304055,0.171555,0.162665,0.131455,0.139920,0.142330,0.238382,0.124865,0.229358,0.058695,0.266962,0.281585,0.151864,0.196267,0.100934,0.140074,0.127383,0.076584,0.246124,0.271988,0.260368,0.261789,0.127761,0.321359,0.188922,0.277393,0.180878,0.180052,0.195573,0.198475,0.218468,#
12,0.147475,0.166513,0.152816,0.218315,0.308067,0.225492,0.265928,0.196139,0.277678,0.184327,0.018687,0.222752,1.000000,0.188007,0.289398,0.129523,0.348967,0.260309,0.270848,0.321594,0.224047,0.215230,0.237203,0.234382,0.101485,0.235448,0.200087,0.238009,0.307830,0.191705,0.081450,0.247588,0.259997,0.201599,0.219046,0.253613,0.253948,0.103148,0.199555,0.222441,0.152019,0.104475,0.226392,0.367878,0.207753,0.242131,0.278982,0.089545,0.230374,0.173165,0.315931,0.195276,0.206805,0.228709,0.258891,0.203765,0.086337,0.240099,0.170781,0.070852,0.092514,0.291459,0.050832,0.240551,0.342908,0.256035,0.165382,0.152304,0.177906,0.173755,0.186318,0.189769,0.248722,0.193133,0.313054,0.217853,0.248829,0.105175,0.209438,0.160520,0.234148,0.259239,0.172554,0.144305,0.115309,0.227347,0.178533,0.290640,0.268036,0.152097,0.190050,0.202486,0.177261,0.143620,0.224509,0.304811,0.377983,0.263206,0.209303,0.061414,0.152535,0.275491,0.221585,0.230845,0.226801,0.132751,0.237531,0.144513,0.117309,0.141813,0.301074,0.091334,0.133045,0.219444,0.270836,0.090987,0.316535,0.072239,0.260447,0.075698,0.230401,0.205343,0.340748,0.267946,0.244382,0.151799,0.132232,0.102501,0.130030,0.188596,0.186361,0.116579,0.177582,0.198616,0.252594,0.125967,0.270801,0.248148,0.257361,0.099422,0.245980,0.280866,0.265880,0.151588,0.184917,0.211241,0.160404,0.195379,0.121237,0.274642,0.135657,0.318893,0.221157,0.168761,0.144590,0.328011,0.204466,0.057219,0.198824,0.165411,0.156981,0.330269,0.264578,0.220409,0.287439,0.110091,0.283788,0.183395,0.158881,0.152023,0.249621,0.225583,0.156288,0.209656,0.184754,0.176832,0.291927,0.379894,0.240712,0.096117,0.224946,0.221076,0.254111,0.190616,0.087613,0.212831,0.179884,0.328383,0.209717,0.127981,0.177792,0.079417,0.185754,0.211392,0.107863,0.171136,0.225347,0.270161,0.231574,0.130601,#
13,0.128525,0.079755,0.287019,0.163710,0.205855,0.041198,0.276348,0.189542,0.208009,0.239435,0.160290,0.138236,0.188007,1.000000,0.237421,0.111939,0.251037,0.208264,0.279444,0.272331,0.286401,0.230389,0.199364,0.221363,0.086571,0.274505,0.246011,0.298875,0.262618,0.278879,0.128881,0.232314,0.260671,0.261029,0.214982,0.115406,0.195919,0.168013,0.168518,0.245392,0.254897,0.245532,0.282466,0.168368,0.288161,0.232768,0.237820,0.216645,0.291425,0.172550,0.162194,0.293939,0.210229,0.253366,0.217206,0.231219,0.077238,0.188606,0.178110,0.200930,0.225499,0.286075,0.219730,0.189190,0.283932,0.223001,0.322233,0.198711,0.280747,0.161569,0.143775,0.203485,0.044334,0.230873,0.319342,0.190366,0.259898,0.239542,0.283076,0.181079,0.183650,0.261796,0.281675,0.220460,0.240082,0.197647,0.157121,0.232092,0.271625,0.159649,0.174112,0.195780,0.258286,0.286183,0.259563,0.130576,0.259835,0.176415,0.206872,0.331142,0.194466,0.280958,0.174067,0.365001,0.217197,0.274934,0.191546,0.215566,0.248707,0.189993,0.203500,0.198536,0.345312,0.262522,0.262476,0.264557,0.219482,0.243640,0.140020,0.294255,0.202197,0.243653,0.204518,0.136458,0.274106,0.047433,0.152547,0.058296,0.223210,0.163276,0.113196,0.192911,0.134199,0.169426,0.349744,0.164225,0.203993,0.195223,0.324506,0.212677,-0.055663,0.243307,0.364004,0.178703,0.153789,0.255948,0.242261,0.240281,0.147553,0.179585,0.182324,0.259598,0.227137,0.332065,0.196955,0.325126,0.105509,0.195169,0.249870,0.272053,0.187352,0.260559,0.180934,0.285964,0.135357,0.182332,0.188312,0.109113,0.285169,0.143327,0.193925,0.297508,0.197825,0.156907,0.247571,0.256828,0.217149,0.326459,0.257964,0.108506,0.168599,0.298336,0.247743,0.246838,0.237799,0.236877,0.207175,0.240338,0.073274,0.175824,0.280022,0.220491,0.213039,0.257896,0.219254,0.166570,0.195090,0.137325,0.233057,0.211081,#
14,0.230140,0.100733,0.129805,0.235371,0.227112,0.228103,0.118536,0.372604,0.329249,0.252683,0.122759,0.134484,0.289398,0.237421,1.000000,0.287273,0.270366,0.234700,0.225982,0.354721,0.233856,0.175406,0.232958,0.325097,0.114091,0.089224,0.290189,0.246352,0.278023,0.242779,0.121533,0.335184,0.201360,0.172057,0.220250,0.155878,0.225876,0.188889,0.225639,0.251618,0.190431,0.098633,0.333934,0.168008,0.244618,0.351162,0.192148,0.121769,0.118330,0.191474,0.234549,0.130967,0.225630,0.321178,0.261164,0.259859,0.222533,0.175608,0.232222,0.194590,0.246683,0.339199,0.240724,0.227353,0.184300,0.145698,0.185324,0.277205,0.143468,0.310466,0.279327,0.135631,0.223395,0.218627,0.341161,0.240031,0.373593,0.239856,0.174254,0.109591,0.286152,0.313620,0.285350,0.266895,0.210649,0.238207,0.154623,0.333030,0.195879,0.109759,0.167972,0.209969,0.269340,0.300416,0.303164,0.285600,0.433806,0.268392,0.215406,0.048470,0.207853,0.255179,0.284378,0.203570,0.275776,0.214469,0.264078,0.157766,0.080975,0.122329,0.171927,0.115442,0.218126,0.270221,0.221546,0.273756,0.246945,0.136284,0.175666,0.234606,0.278015,0.274797,0.239581,0.223483,0.361222,0.088530,0.186308,0.347206,0.161149,0.339068,0.146001,0.176398,0.200696,0.245163,0.270489,0.239803,0.147961,0.280049,0.162435,0.216177,0.129131,0.294856,0.213957,0.197988,0.164800,0.359090,0.277555,0.203469,0.110935,0.115321,0.304660,0.220155,0.080148,0.235449,0.317967,0.281484,0.282518,0.177991,0.183366,0.200236,0.144925,0.169811,0.261594,0.179911,0.197694,0.174456,0.188498,0.091625,0.249457,0.319832,0.272168,0.226544,0.232946,0.226903,0.208495,0.273127,0.247310,0.288392,0.251219,0.095075,0.274626,0.346559,0.256443,0.151204,0.219813,0.148255,0.222773,0.054777,0.154028,0.298124,0.102256,0.224083,0.274851,0.254286,0.209150,0.174117,0.157964,0.115154,0.202714,0.128381,#
15,0.270421,0.085074,0.275108,0.147279,0.226738,0.213109,0.146632,0.162830,0.243339,0.196920,0.183326,0.105922,0.129523,0.111939,0.287273,1.000000,0.270926,0.293665,0.189644,0.247850,0.156827,0.201862,0.224466,0.322511,0.125660,0.288760,0.232512,0.201969,0.260860,0.309715,0.151235,0.264502,0.130993,0.252850,0.167025,0.229386,0.185590,0.075468,0.285669,0.126390,0.163816,0.214174,0.278987,0.151059,0.279898,0.201808,0.134051,0.216570,0.180786,0.293191,0.021398,0.312328,0.202359,0.195928,0.239122,0.155179,0.185188,0.116673,0.190730,0.220386,0.249666,0.203947,0.240506,0.209593,0.196375,0.254780,0.129750,0.169807,0.089543,0.094788,0.270874,0.123531,0.084905,0.179044,0.194641,0.148718,0.197916,0.241173,0.136054,0.197074,0.327654,0.180128,0.061991,0.263330,0.289199,0.219713,0.093709,0.404510,0.154421,0.165653,0.149346,0.163272,0.231135,0.190829,0.148552,0.197765,0.285470,0.154547,0.172515,0.081842,0.261049,0.124319,0.199135,0.202641,0.085054,0.204170,0.296000,0.173575,0.084030,0.267242,0.060575,0.231767,0.145864,0.200487,0.063931,0.223526,0.166768,0.060538,0.137067,0.129508,0.210035,0.167599,0.211698,0.186816,0.127510,0.144445,0.244567,0.222578,0.184703,0.339458,0.050793,0.094932,0.171505,0.161731,0.229691,0.181314,0.088953,0.066706,0.128269,0.104965,0.031537,0.174965,0.165769,0.073025,0.223832,0.138264,0.117332,0.192279,0.276661,0.099093,0.222485,0.065707,0.283123,0.288643,0.119442,0.267519,0.246349,0.152135,0.160330,0.220287,0.115784,0.151845,0.347865,0.072912,0.180388,0.268854,0.257230,0.267404,0.268437,0.072627,0.013460,0.219982,0.079153,0.101476,0.177602,0.213702,0.277710,0.216190,0.075346,0.237995,0.269361,0.193511,0.162974,0.252581,0.137604,0.147359,0.029991,0.211320,0.078218,0.185609,0.100611,0.211983,0.209022,0.112961,0.125083,0.169467,0.196469,0.239287,0.215763,0.147125,#
16,0.285833,0.147966,0.105255,0.136694,0.194375,0.150746,0.190407,0.306901,0.137404,0.163131,0.140786,0.145573,0.348967,0.251037,0.270366,0.270926,1.000000,0.244383,0.170261,0.378112,0.274754,0.260968,0.173221,0.172574,0.046409,0.296086,0.296943,0.063161,0.174966,0.307323,0.122962,0.316886,0.193975,0.349911,0.238202,0.206360,0.245535,0.106450,0.312646,0.134074,0.188027,0.163733,0.275547,0.173192,0.191872,0.302759,0.102722,0.142474,0.204902,0.188918,0.164382,0.215570,0.299710,0.325977,0.280394,0.179944,0.080731,0.210989,0.186400,0.072299,0.085186,0.328632,0.221772,0.230167,0.294534,0.187784,0.108344,0.312308,0.234858,0.268443,0.064481,0.218392,0.305243,0.165820,0.225973,0.213114,0.179294,0.323280,0.225027,0.240157,0.184508,0.221658,0.213021,0.261896,0.221492,0.218917,0.264242,0.240161,0.228848,0.153125,0.197634,0.212749,0.252064,0.132287,0.235349,0.207680,0.321606,0.185875,0.215235,0.232579,0.116722,0.158642,0.113923,0.172696,0.144927,0.271298,0.260217,0.112438,0.164716,0.157942,0.219568,0.200209,0.219724,0.204637,0.313662,0.314670,0.285032,0.191375,0.171045,0.244697,0.264426,0.312391,0.278959,0.281949,0.324125,0.181813,0.160534,0.130532,0.183299,0.257264,0.185809,0.108315,0.308255,-0.031390,0.317088,0.271683,0.134876,0.203157,0.141216,0.193371,0.105745,0.193811,0.253308,0.199818,0.233312,0.154904,0.175836,0.166023,0.262668,0.334638,0.062636,0.324788,0.155444,0.197587,0.257133,0.317574,0.199176,0.158533,0.213308,0.261208,0.101463,0.263495,0.342238,0.238834,0.180061,0.206562,0.242708,0.259360,0.183811,0.082693,0.216872,0.291658,0.130560,0.099336,0.170620,0.185505,0.170147,0.253438,0.218173,0.101262,0.178469,0.217434,0.223969,0.069056,0.192477,0.260632,0.259337,0.231113,0.234940,0.195819,0.327249,0.068018,0.093964,0.154513,0.162405,0.238275,0.138995,0.132278,0.147355,0.154142,#
17,0.272915,0.178759,0.189662,0.227804,0.303439,0.247068,0.237305,0.335279,0.300612,0.168799,0.146998,0.289467,0.260309,0.208264,0.234700,0.293665,0.244383,1.000000,0.186842,0.300622,0.323205,0.205492,0.217895,0.336504,0.213447,0.288136,0.265381,0.202657,0.211603,0.272088,0.234616,0.205563,0.241837,0.196266,0.226752,0.315095,0.105472,0.159359,0.352755,0.213183,0.346838,0.303024,0.278802,0.225884,0.204537,0.259707,0.224698,0.250687,0.234022,0.245935,0.259769,0.226489,0.213356,0.199638,0.236016,0.295999,0.223048,0.172205,0.239801,0.097429,0.219359,0.332982,0.135626,0.172275,0.247451,0.368610,0.261582,0.278013,0.178906,0.239976,0.132890,0.278238,0.164950,0.174293,0.168397,0.210818,0.177308,0.208284,0.154976,0.284056,0.234177,0.236107,0.338206,0.175948,0.149443,0.137867,0.281613,0.237814,0.252607,0.254789,0.222100,0.161106,0.345985,0.245956,0.137596,0.330688,0.253091,0.216279,0.181693,0.163127,0.197981,0.034952,0.186466,0.249578,0.128915,0.213108,0.310910,0.231163,0.175864,0.130322,0.262255,0.289754,0.110512,0.349180,0.252291,0.192922,0.114535,0.182887,0.127020,0.227595,0.127802,0.274067,0.274005,0.202802,0.375371,0.274047,0.220322,0.180788,0.174358,0.223326,0.287551,0.266346,0.293821,0.187901,0.223348,0.285301,0.236533,0.304513,0.248500,0.276841,0.213599,0.275236,0.322680,0.179969,0.264190,0.261548,0.194080,0.242873,0.159274,0.101135,0.271491,0.099462,0.144685,0.270800,0.292954,0.387616,0.319491,0.186303,0.300559,0.217142,0.184121,0.203367,0.372256,0.241349,0.177270,0.279654,0.171936,0.233820,0.290613,0.128532,0.302176,0.160924,0.202751,0.131648,0.251917,0.135367,0.283084,0.264399,0.090281,0.367970,0.224683,0.340124,0.267665,0.256335,0.175022,0.159497,0.183899,0.276725,0.221947,0.211817,0.254746,0.250407,0.277450,0.205453,0.318505,0.266816,0.133512,0.264115,0.152412,0.236108,#
18,0.269301,0.110657,0.204790,0.335417,0.264760,0.001006,0.210439,0.225407,0.214472,0.151706,0.211025,0.230953,0.270848,0.279444,0.225982,0.189644,0.170261,0.186842,1.000000,0.263016,0.232887,0.270191,0.270805,0.255435,0.216131,0.198124,0.175146,0.321791,0.253523,0.200545,0.059888,0.134426,0.210365,0.261651,0.289455,0.288227,0.273126,0.185252,0.223108,0.324108,0.269189,0.182279,0.262852,0.167674,0.287212,0.171403,0.222336,0.218388,0.137657,0.230607,0.168071,0.199120,0.332054,0.159323,0.220494,0.240208,0.137319,0.263639,0.134837,0.222167,0.184735,0.193254,0.258213,0.169585,0.334145,0.198274,0.212323,0.247462,-0.008120,0.189805,0.169187,0.121195,0.173898,0.126179,0.242193,0.175886,0.284661,0.248245,0.256251,0.179234,0.133057,0.159467,0.284799,0.243159,0.192210,0.134313,0.248998,0.245460,0.216336,0.180279,0.277533,0.181523,0.209317,0.236262,0.319547,0.320756,0.322168,0.251284,0.220339,0.235517,0.227923,0.196918,0.255264,0.223780,0.340160,0.239693,0.183479,0.142931,0.194938,0.138346,0.315355,0.180672,0.314889,0.242862,0.137397,0.182361,0.190872,-0.031053,0.192215,0.268918,0.238728,0.286672,0.255062,0.049879,0.223091,0.089710,0.195044,0.193606,0.360566,0.154598,0.143273,0.274541,0.145784,0.249905,0.261572,0.162369,0.230934,0.258890,0.099225,0.191078,0.084056,0.217033,0.255804,0.233898,0.171036,0.300046,0.192087,0.121451,0.142192,0.192233,0.159492,0.322056,0.220836,0.219504,0.181241,0.336225,0.249725,0.216185,0.155590,0.355319,0.241672,0.156420,0.267502,0.218187,0.202910,0.309536,0.327339,0.197899,0.160495,0.249920,0.125474,0.262020,0.281799,0.124862,0.043392,0.303285,0.250881,0.327145,0.151089,0.188021,0.195282,0.225027,0.241948,0.140612,0.196091,0.081975,0.309249,0.182945,0.197594,0.183361,0.244681,0.210648,0.240834,0.194499,0.262161,0.181515,0.134756,0.216852,0.318283,0.185626,#
19,0.309682,0.222092,0.250525,0.281458,0.449574,0.341602,0.142665,0.257806,0.291322,0.371292,0.229343,0.067921,0.321594,0.272331,0.354721,0.247850,0.378112,0.300622,0.263016,1.000000,0.291135,0.237725,0.267595,0.283214,0.126245,0.311911,0.361688,0.235177,0.276184,0.317067,0.262858,0.305877,0.184669,0.257306,0.202156,0.271198,0.255634,0.125488,0.338645,0.224147,0.372155,0.210671,0.218455,0.169663,0.241696,0.283292,0.339860,0.327086,0.274434,0.244325,0.176138,0.280736,0.189771,0.298240,0.295759,0.310254,0.256875,0.151705,0.275737,0.155784,0.332699,0.437211,0.302933,0.286560,0.441736,0.209726,0.186980,0.283532,0.112221,0.243766,0.303975,0.236661,0.278834,0.263125,0.334057,0.322591,0.236043,0.307493,0.407635,0.209206,0.266583,0.240695,0.319603,0.212342,0.260069,0.247860,0.242276,0.386139,0.297584,0.108549,0.229536,0.270577,0.356504,0.211908,0.252221,0.324972,0.341556,0.277764,0.191585,0.218176,0.259839,0.232154,0.289030,0.306960,0.315099,0.320170,0.272784,0.319838,0.159381,0.079434,0.166282,0.208971,0.260418,0.351945,0.296726,0.146236,0.354889,0.272870,0.215306,0.081631,0.239001,0.352105,0.384635,0.321658,0.392202,0.180332,0.332971,0.240225,0.254447,0.339408,0.188271,0.167979,0.277688,0.249596,0.367566,0.234620,0.263390,0.311927,0.214434,0.195110,0.135844,0.258785,0.298263,0.181808,0.254490,0.275716,0.193298,0.178462,0.314442,0.244233,0.253827,0.375956,0.260097,0.298079,0.314004,0.330444,0.316400,0.206224,0.287096,0.330736,0.327627,0.275736,0.287766,0.237055,0.284788,0.288770,0.141730,0.267592,0.352640,0.204356,0.254748,0.337285,0.317808,0.280322,0.254204,0.241415,0.319778,0.414903,0.257790,0.192225,0.097538,0.379322,0.319991,0.299977,0.320664,0.211419,0.232718,0.269345,0.310095,0.245104,0.400785,0.306096,0.129979,0.281311,0.191384,0.376515,0.160397,0.212405,0.315002,0.278967,#
20,0.159622,0.041460,0.255869,0.194516,0.384306,0.158519,0.301319,0.210146,0.167151,0.252468,0.113233,0.128112,0.224047,0.286401,0.233856,0.156827,0.274754,0.323205,0.232887,0.291135,1.000000,0.255091,0.182081,0.191095,0.211234,0.305772,0.276661,0.146341,0.271958,0.271245,0.071808,0.128353,0.194708,0.261457,0.185875,0.291914,0.289768,0.065334,0.267926,0.230583,0.282708,0.361840,0.152401,0.133298,0.350364,0.229009,0.337487,0.127280,0.167102,0.180672,0.070483,0.252673,0.187003,0.252354,0.263572,0.222680,0.206349,0.268336,0.252148,0.088674,0.280563,0.280240,0.311542,0.135194,0.254411,0.201311,0.170940,0.160739,0.243022,0.284732,0.289391,0.264060,0.093320,0.198608,0.226386,0.016121,0.233810,0.321385,0.220184,0.162328,0.167168,0.298450,0.315854,0.152119,0.162512,0.213661,0.258878,0.204232,0.307092,0.199139,0.237339,0.258410,0.286431,0.257504,0.339146,0.194213,0.232465,0.295179,0.259927,0.061745,0.238245,0.151617,0.351280,0.236746,0.213426,0.140643,0.208324,0.238326,0.114204,0.317058,0.239848,0.286505,0.180128,0.156162,0.276052,0.233611,0.316953,0.220919,0.096745,0.303917,0.255320,0.273596,0.202783,0.201954,0.216089,0.209952,0.252834,0.145461,0.351316,0.247891,0.264232,0.183532,0.224069,0.278286,0.303283,0.151883,0.271176,0.144280,0.269519,0.190373,0.190796,0.253452,0.220747,0.208363,0.274353,0.205583,0.128564,0.187606,0.195375,0.344093,0.300092,0.218647,0.142712,0.334464,0.178977,0.269799,0.257876,0.116996,0.217614,0.351375,0.181186,0.277889,0.280827,0.268505,0.266023,0.081840,0.089953,0.237072,0.291204,0.164115,0.277324,0.206179,0.263070,0.051444,0.118663,0.226642,0.100891,0.219608,0.339149,0.185831,0.201505,0.221211,0.170209,0.174704,0.167034,0.030706,0.187211,0.301914,0.169579,0.312567,0.077479,0.214849,0.170648,0.271489,0.203216,0.151577,0.196790,0.196686,0.266519,0.240504,#
21,0.194828,0.272715,0.274008,0.239117,0.217367,0.093769,0.204974,0.266053,0.307578,0.201110,0.138888,0.250196,0.215230,0.230389,0.175406,0.201862,0.260968,0.205492,0.270191,0.237725,0.255091,1.000000,0.157663,0.186564,0.112857,0.176766,0.296443,0.237173,0.248353,0.219335,0.198743,0.252476,0.219068,0.240619,0.195977,0.269817,0.346325,0.266228,0.352484,0.211239,0.223481,0.297577,0.233445,0.200025,0.242231,0.216943,0.209331,0.291301,0.193167,0.115043,0.214588,0.263555,0.110593,0.132669,0.195573,0.217403,0.226296,0.199443,0.157496,0.081023,0.223786,0.144819,0.299586,0.185634,0.394187,0.280706,0.120129,0.260580,0.204841,0.258584,0.315349,0.295836,0.292490,0.353034,0.269476,0.190686,0.161855,0.191418,0.196972,0.252658,0.196932,0.180360,0.249112,0.029094,0.318626,0.113491,0.271060,0.241770,0.196848,0.284375,0.172095,0.114478,0.171570,0.215220,0.315256,0.246931,0.297422,0.186766,0.085533,0.216877,0.337374,0.274866,0.260675,0.167850,0.198747,0.270555,0.250562,0.104107,0.199848,0.231279,0.278248,0.239104,0.108486,0.285024,0.180606,0.296720,0.361125,0.178678,0.104374,0.267170,0.175057,0.335132,0.243458,0.269618,0.265646,0.138775,0.219505,0.222852,0.260905,0.185115,0.221169,0.263122,0.372913,0.241181,0.245064,0.129187,0.144699,0.171387,0.160290,0.287043,0.204884,0.248818,0.253533,0.165204,0.193718,0.314596,0.223522,0.192615,0.168123,0.236551,0.247307,0.193508,0.174670,0.250543,0.306257,0.314414,0.167416,0.099783,0.150363,0.244640,0.210848,0.311314,0.310318,0.256906,0.281816,0.145351,0.219735,0.266082,0.220397,0.335311,0.190243,0.188545,0.183265,0.132437,0.166927,0.334270,0.156390,0.295175,0.106895,0.180239,0.170845,0.306115,0.085057,0.231441,0.154657,0.177772,0.191747,0.180068,0.208288,0.271601,0.339420,0.158817,0.238072,0.275285,0.321919,0.236628,0.222647,0.245402,0.324124,0.211076,#
