0,1.000000,0.451784,0.388890,0.284142,0.350375,0.373920,0.379548,0.285129,0.377562,0.404996,0.419622,0.422281,0.369428,0.314372,0.422548,0.349684,0.426999,0.484931,0.395005,0.316648,0.411284,0.465420,0.339312,0.410555,0.314163,0.265907,0.388192,0.445560,0.385565,0.350125,0.357412,0.290597,0.379643,0.275062,0.286176,0.423789,0.409186,0.408938,0.282492,0.409783,0.251093,0.421690,0.332107,0.402986,0.331753,0.353295,0.396302,0.374082,0.451044,0.353488,0.490645,0.355357,0.335237,0.327134,0.471602,0.302746,0.385910,0.416641,0.306198,0.301213,0.427150,0.334981,0.383517,0.397402,0.399366,0.222713,0.405815,0.353018,0.295809,0.392796,0.455469,0.422037,0.386800,0.433536,0.348554,0.356655,0.363517,0.435443,0.384021,0.291244,0.469591,0.345558,0.406392,0.395587,0.335583,0.461899,0.405176,0.278854,0.440293,0.365871,0.417003,0.297868,0.334215,0.347230,0.349173,0.421920,0.362819,0.369326,0.416354,0.372515,0.383148,0.402092,0.362173,0.405943,0.326674,0.371984,0.397774,0.413914,0.347862,0.353306,0.266130,0.367109,0.400390,0.374073,0.305902,0.355844,0.362978,0.303035,0.440913,0.369358,0.442263,0.297691,0.266080,0.320305,0.316909,0.459237,0.314678,0.373289,0.359792,0.416925,0.409927,0.406471,0.354863,0.319067,0.387908,0.284824,0.390233,0.344031,0.380731,0.472558,0.332438,0.377706,0.412776,0.365797,0.373058,0.421004,0.367490,0.280703,0.384820,0.302661,0.414728,0.275928,0.320084,0.328614,0.321014,0.249491,0.306932,0.361316,0.406793,0.369955,0.421899,0.423249,0.302098,0.384531,0.392488,0.289971,0.222109,0.342154,0.409227,0.396292,0.483687,0.174278,0.429328,0.439851,0.411688,0.317791,0.366336,0.371244,0.403669,0.343816,0.351600,0.471112,0.338385,0.201668,0.318392,0.413433,0.414122,0.510514,0.378039,0.253982,0.423585,0.378268,0.243545,0.250425,0.343277,0.314767,0.376826,0.327237,0.350148,0.423584,#
1,0.451784,1.000000,0.362689,0.258970,0.431384,0.404322,0.428678,0.341277,0.305104,0.391096,0.469064,0.439433,0.400972,0.480756,0.376151,0.353117,0.379448,0.351531,0.510003,0.313907,0.376993,0.479755,0.300177,0.414668,0.462486,0.382588,0.411024,0.444701,0.385366,0.267713,0.427890,0.383901,0.412873,0.359275,0.390792,0.360190,0.336778,0.384665,0.289001,0.392596,0.336899,0.397447,0.497387,0.301326,0.364174,0.332434,0.433201,0.435422,0.418787,0.359318,0.474648,0.374065,0.472955,0.359813,0.390547,0.294421,0.370392,0.415820,0.443618,0.423957,0.474803,0.375588,0.407377,0.418159,0.344417,0.316352,0.358612,0.442476,0.369372,0.325778,0.429170,0.335038,0.400361,0.399892,0.449006,0.253333,0.482086,0.432029,0.465520,0.367110,0.376268,0.491690,0.441915,0.482103,0.291477,0.394467,0.347031,0.361733,0.425750,0.488057,0.390404,0.461016,0.407601,0.391398,0.292785,0.468425,0.364038,0.302814,0.453227,0.334089,0.378643,0.293987,0.345420,0.394576,0.305971,0.284999,0.383790,0.471602,0.335270,0.372658,0.391554,0.393179,0.480280,0.402120,0.422010,0.368307,0.439665,0.299892,0.483431,0.394835,0.340981,0.363907,0.337051,0.390819,0.400284,0.410705,0.463748,0.360792,0.412926,0.372865,0.426375,0.410691,0.277168,0.340877,0.478598,0.388481,0.366156,0.321491,0.394548,0.410463,0.427803,0.378698,0.272747,0.337920,0.436758,0.395031,0.424629,0.324090,0.454235,0.314079,0.421452,0.403688,0.405608,0.252759,0.286120,0.369281,0.381292,0.456433,0.417030,0.310390,0.309300,0.435830,0.337567,0.388597,0.383800,0.425817,0.255901,0.407973,0.334742,0.471360,0.432786,0.290740,0.308807,0.365729,0.503348,0.384345,0.332971,0.428453,0.418240,0.378749,0.397112,0.371766,0.404977,0.354421,0.514007,0.382135,0.367652,0.488156,0.304664,0.322051,0.504725,0.411740,0.259963,0.324026,0.401412,0.443653,0.278189,0.394329,0.338475,0.380501,#
2,0.388890,0.362689,1.000000,0.380273,0.364128,0.424094,0.366484,0.323616,0.295709,0.331857,0.287692,0.373693,0.360436,0.381289,0.391206,0.366367,0.414185,0.384234,0.406861,0.338022,0.371375,0.441306,0.409749,0.399302,0.411304,0.355520,0.414171,0.284527,0.330221,0.308467,0.409371,0.386191,0.341981,0.339297,0.354272,0.340285,0.344018,0.407775,0.274384,0.353835,0.416188,0.407962,0.382912,0.288154,0.278428,0.401031,0.329953,0.418959,0.323382,0.329126,0.398915,0.413259,0.419357,0.337920,0.361849,0.400253,0.238150,0.454588,0.298692,0.373901,0.229074,0.371612,0.376680,0.452295,0.425601,0.341750,0.342840,0.336359,0.352733,0.405516,0.341108,0.276805,0.293008,0.399423,0.377211,0.419037,0.337484,0.409951,0.385503,0.361266,0.418961,0.352309,0.330765,0.377907,0.275927,0.439819,0.399082,0.342998,0.323862,0.417858,0.310118,0.298811,0.374964,0.332976,0.334011,0.370307,0.332276,0.269397,0.401194,0.321585,0.394562,0.436406,0.350325,0.312757,0.447045,0.280765,0.342803,0.380233,0.337958,0.425280,0.390492,0.366624,0.391648,0.318523,0.309340,0.319852,0.251834,0.393265,0.269537,0.307519,0.375784,0.299056,0.310195,0.285797,0.304379,0.314039,0.387082,0.355315,0.380504,0.304244,0.324479,0.451117,0.298556,0.285414,0.348289,0.382206,0.372183,0.383433,0.327558,0.322281,0.284604,0.294009,0.410380,0.373752,0.463560,0.376131,0.345984,0.288206,0.446026,0.365466,0.360315,0.374929,0.338192,0.351736,0.228666,0.282493,0.282627,0.386421,0.371546,0.313069,0.445824,0.416903,0.398743,0.386824,0.324320,0.293675,0.280753,0.366308,0.333878,0.429369,0.423672,0.388960,0.324266,0.334182,0.433125,0.365446,0.457021,0.418475,0.377369,0.381092,0.393619,0.327170,0.271032,0.254759,0.309301,0.396482,0.455461,0.380062,0.345619,0.273499,0.387669,0.331417,0.396867,0.316405,0.322782,0.322323,0.387679,0.231750,0.480997,0.405244,#
3,0.284142,0.258970,0.380273,1.000000,0.279940,0.237222,0.233610,0.366576,0.258463,0.276828,0.234896,0.308454,0.199630,0.281376,0.151238,0.130840,0.269555,0.340027,0.225846,0.233013,0.286285,0.331855,0.295380,0.307830,0.298651,0.320690,0.283249,0.228817,0.296001,0.190605,0.291681,0.290934,0.243847,0.366376,0.192759,0.261733,0.292093,0.386229,0.249965,0.208913,0.246763,0.315174,0.422820,0.168443,0.286639,0.404525,0.339166,0.349753,0.259854,0.300041,0.412086,0.260297,0.247085,0.320834,0.236973,0.337636,0.236715,0.374214,0.264972,0.235243,0.281139,0.230651,0.304186,0.335530,0.332412,0.222985,0.208740,0.367703,0.138328,0.297451,0.371124,0.226367,0.136898,0.326038,0.358078,0.282137,0.210553,0.369923,0.260888,0.348375,0.285677,0.304662,0.260409,0.352050,0.238674,0.268949,0.377456,0.218850,0.262143,0.352641,0.303748,0.208293,0.268189,0.362360,0.184391,0.293327,0.217819,0.182043,0.319564,0.189408,0.219179,0.281957,0.300895,0.240606,0.343188,0.179047,0.296260,0.305200,0.261380,0.258516,0.324581,0.261954,0.229798,0.300106,0.232234,0.220516,0.220739,0.262288,0.239814,0.281398,0.301662,0.285608,0.325012,0.299375,0.216803,0.283733,0.291322,0.186202,0.339175,0.301311,0.310353,0.204276,0.309744,0.428342,0.268229,0.362941,0.260523,0.206136,0.318550,0.338303,0.283457,0.217801,0.358548,0.312317,0.360705,0.229353,0.318779,0.284359,0.365007,0.342383,0.314944,0.163254,0.216829,0.237334,0.209227,0.189381,0.330952,0.339230,0.197948,0.326135,0.368576,0.328841,0.341590,0.417095,0.309296,0.380505,0.205994,0.250910,0.332783,0.393059,0.339293,0.208701,0.240861,0.313384,0.334436,0.267121,0.243746,0.268543,0.239858,0.281915,0.367538,0.381218,0.312020,0.263914,0.249650,0.224448,0.216024,0.402318,0.203926,0.188298,0.361995,0.298891,0.274862,0.288967,0.169958,0.303157,0.318833,0.259757,0.305202,0.317274,#
4,0.350375,0.431384,0.364128,0.279940,1.000000,0.274211,0.419134,0.289230,0.352975,0.363955,0.435404,0.280607,0.357465,0.341522,0.317198,0.305034,0.334927,0.390889,0.415711,0.401903,0.317003,0.451701,0.314369,0.382890,0.406336,0.433308,0.346591,0.374701,0.363508,0.241946,0.407262,0.351752,0.428090,0.355404,0.405738,0.335819,0.181659,0.480532,0.316236,0.372985,0.345224,0.392608,0.433108,0.358557,0.360204,0.326712,0.379804,0.448232,0.419025,0.423673,0.417347,0.265452,0.410175,0.418145,0.379344,0.358043,0.222230,0.393698,0.318126,0.412454,0.415603,0.348452,0.335655,0.319808,0.324394,0.312974,0.410131,0.387512,0.347820,0.372291,0.337561,0.373672,0.325107,0.323971,0.378376,0.259155,0.288563,0.401985,0.268118,0.277169,0.469434,0.432505,0.259403,0.408833,0.334677,0.408686,0.312602,0.330427,0.412584,0.394745,0.343887,0.368663,0.307121,0.390363,0.253861,0.413261,0.295898,0.413853,0.459855,0.293235,0.375352,0.267522,0.285724,0.417695,0.440976,0.259533,0.354241,0.374028,0.355984,0.476913,0.432682,0.259516,0.423188,0.456009,0.314515,0.284547,0.297008,0.257362,0.412816,0.393254,0.321845,0.393941,0.345595,0.336143,0.368239,0.398996,0.415867,0.348743,0.268626,0.223896,0.333749,0.429682,0.368403,0.309989,0.370468,0.387478,0.330201,0.265979,0.257985,0.332455,0.365077,0.257834,0.361106,0.386771,0.349657,0.376155,0.410436,0.248307,0.410563,0.403786,0.372681,0.380593,0.373431,0.377801,0.311326,0.334288,0.378431,0.453993,0.302763,0.323759,0.325979,0.376140,0.359993,0.359125,0.318414,0.437477,0.359876,0.262827,0.424779,0.425324,0.472034,0.305792,0.271112,0.244639,0.408954,0.233663,0.354213,0.312995,0.248139,0.317325,0.325428,0.389139,0.272037,0.234836,0.352711,0.340444,0.363807,0.483316,0.393073,0.266771,0.392395,0.298918,0.385716,0.340259,0.354984,0.360421,0.358141,0.408935,0.390101,0.389839,#
5,0.373920,0.404322,0.424094,0.237222,0.274211,1.000000,0.267922,0.323801,0.328060,0.334622,0.269545,0.379785,0.282178,0.259349,0.309017,0.408776,0.410636,0.405199,0.387738,0.262828,0.368107,0.402289,0.344550,0.482918,0.276215,0.365577,0.326787,0.304257,0.346863,0.310181,0.254246,0.476517,0.291704,0.304721,0.352450,0.272193,0.463920,0.381157,0.294944,0.431977,0.302094,0.356555,0.326547,0.358155,0.262180,0.395429,0.263471,0.273308,0.393510,0.343537,0.402135,0.318812,0.431103,0.292936,0.349349,0.353078,0.280660,0.443170,0.295052,0.306969,0.403741,0.366073,0.403151,0.384638,0.365489,0.256232,0.355311,0.399768,0.228136,0.239042,0.453346,0.280664,0.404689,0.490591,0.324093,0.318079,0.329649,0.377297,0.377436,0.301596,0.402882,0.321530,0.382754,0.252974,0.194184,0.383412,0.298873,0.309998,0.378348,0.302212,0.306962,0.344592,0.253987,0.339038,0.223025,0.358909,0.353711,0.226604,0.367905,0.225345,0.391856,0.363756,0.407598,0.317793,0.274532,0.257554,0.323610,0.387394,0.288027,0.372785,0.388818,0.325025,0.403471,0.313963,0.306671,0.376676,0.470712,0.319602,0.297514,0.436309,0.286922,0.276226,0.323339,0.236899,0.400942,0.298951,0.315652,0.239670,0.342748,0.389375,0.345059,0.383838,0.260244,0.258756,0.436642,0.335797,0.260656,0.272075,0.327427,0.333559,0.378002,0.330158,0.326103,0.340708,0.345072,0.302787,0.299058,0.328892,0.336188,0.288042,0.335162,0.268419,0.326473,0.395579,0.191539,0.276966,0.328036,0.362239,0.351045,0.285318,0.439740,0.303883,0.392409,0.218331,0.278401,0.259611,0.146225,0.333126,0.351073,0.415836,0.256465,0.320276,0.397480,0.309335,0.330530,0.325185,0.298528,0.400270,0.359490,0.300881,0.401758,0.439739,0.432001,0.249140,0.316395,0.383137,0.340787,0.357179,0.355319,0.301369,0.459414,0.273850,0.277758,0.351188,0.345496,0.355497,0.365499,0.335118,0.365570,0.426931,#
6,0.379548,0.428678,0.366484,0.233610,0.419134,0.267922,1.000000,0.302902,0.262110,0.329707,0.386374,0.356835,0.293743,0.418607,0.217353,0.306230,0.377271,0.393854,0.395821,0.385071,0.336920,0.411465,0.325007,0.372718,0.394283,0.269460,0.282596,0.312496,0.327514,0.277820,0.307697,0.289690,0.298511,0.272082,0.272541,0.239474,0.237921,0.324001,0.207073,0.345018,0.345461,0.372540,0.357087,0.343797,0.352514,0.231711,0.409514,0.463381,0.393765,0.404637,0.299346,0.425454,0.388137,0.366903,0.263191,0.325502,0.315639,0.419140,0.294615,0.339409,0.299865,0.322543,0.290872,0.392527,0.233462,0.329724,0.304053,0.286130,0.293331,0.262032,0.399596,0.398579,0.322958,0.432296,0.333372,0.281783,0.320711,0.364380,0.345644,0.302013,0.373575,0.412662,0.414072,0.313947,0.309896,0.434208,0.359708,0.362995,0.383943,0.377649,0.340146,0.321143,0.361782,0.432330,0.258699,0.444195,0.283262,0.288798,0.447366,0.250172,0.394762,0.351100,0.183325,0.404730,0.238944,0.382766,0.366524,0.365375,0.268143,0.346725,0.307064,0.267330,0.364253,0.377617,0.303408,0.282513,0.346022,0.285906,0.346143,0.305759,0.288847,0.405026,0.240354,0.260423,0.255363,0.318199,0.280490,0.447139,0.273725,0.340068,0.322298,0.316754,0.390914,0.226926,0.508302,0.384162,0.262241,0.414261,0.326440,0.246965,0.299865,0.191085,0.326521,0.496260,0.247614,0.346174,0.289111,0.249827,0.307709,0.259514,0.421604,0.281027,0.359500,0.329608,0.316379,0.231523,0.301696,0.330016,0.316656,0.272254,0.337341,0.343103,0.289974,0.385358,0.374103,0.311088,0.153583,0.231334,0.387852,0.430243,0.339460,0.321063,0.260373,0.296701,0.381688,0.316787,0.329764,0.288824,0.326043,0.254968,0.188043,0.218874,0.308105,0.293636,0.355801,0.264961,0.355433,0.350753,0.338813,0.359131,0.397381,0.256914,0.350138,0.247395,0.283388,0.372163,0.320900,0.331419,0.244475,0.309293,#
7,0.285129,0.341277,0.323616,0.366576,0.289230,0.323801,0.302902,1.000000,0.288890,0.390171,0.310902,0.407012,0.327509,0.379496,0.224999,0.274921,0.336474,0.365550,0.353729,0.373052,0.329148,0.393459,0.460373,0.318232,0.455047,0.355033,0.336832,0.406101,0.312297,0.280116,0.402858,0.388639,0.414077,0.346708,0.320249,0.361447,0.312435,0.344971,0.316660,0.274951,0.260641,0.327863,0.499610,0.247692,0.322364,0.422258,0.334030,0.436618,0.401677,0.409906,0.445202,0.295186,0.326318,0.391560,0.370844,0.416310,0.370326,0.366025,0.296344,0.389276,0.290882,0.200832,0.369493,0.358654,0.401812,0.255555,0.358068,0.430615,0.319637,0.509867,0.360514,0.257847,0.406963,0.427403,0.395265,0.351719,0.407347,0.376386,0.399536,0.420531,0.337815,0.402816,0.375423,0.412629,0.313614,0.406048,0.445265,0.392600,0.384556,0.401459,0.369651,0.254705,0.351586,0.348540,0.340929,0.381932,0.309051,0.253290,0.325075,0.216153,0.380822,0.341813,0.309132,0.385741,0.280807,0.315557,0.343834,0.326818,0.372876,0.307779,0.374938,0.369918,0.328010,0.365231,0.404585,0.328498,0.338525,0.383901,0.396906,0.394200,0.348162,0.412268,0.357360,0.427126,0.428984,0.410458,0.365076,0.363963,0.350745,0.330988,0.362186,0.286989,0.308958,0.359966,0.446417,0.443470,0.306989,0.350608,0.423377,0.423146,0.416683,0.500525,0.275412,0.371161,0.453870,0.344766,0.422711,0.316536,0.415365,0.333938,0.366791,0.484682,0.325274,0.235201,0.265096,0.413980,0.334742,0.404449,0.333376,0.315937,0.435513,0.336379,0.326923,0.415552,0.402461,0.314527,0.334438,0.286341,0.455766,0.343786,0.383037,0.348448,0.328346,0.300897,0.372480,0.362579,0.350383,0.407738,0.282302,0.401045,0.370518,0.432427,0.247261,0.257866,0.301908,0.361986,0.407265,0.443515,0.310339,0.339117,0.412560,0.304034,0.277099,0.378216,0.225839,0.290983,0.416444,0.334624,0.351480,0.425567,#
8,0.377562,0.305104,0.295709,0.258463,0.352975,0.328060,0.262110,0.288890,1.000000,0.272021,0.340438,0.352063,0.341159,0.344457,0.354575,0.366634,0.387200,0.321736,0.258007,0.380536,0.307056,0.347261,0.330075,0.366478,0.313183,0.378449,0.243776,0.373919,0.274768,0.417951,0.272325,0.384005,0.316359,0.425000,0.345195,0.293413,0.285221,0.450131,0.237883,0.483943,0.308174,0.299758,0.314049,0.383608,0.369870,0.331187,0.375851,0.401031,0.273236,0.290001,0.333616,0.410011,0.308064,0.442005,0.403966,0.339539,0.263630,0.328264,0.319885,0.401246,0.383398,0.222644,0.450639,0.414142,0.314713,0.272741,0.343378,0.429567,0.392600,0.359186,0.252860,0.416534,0.290269,0.394076,0.259999,0.239760,0.336605,0.292472,0.351096,0.230558,0.342366,0.319183,0.332640,0.270869,0.267711,0.400431,0.326314,0.282050,0.407431,0.378067,0.370333,0.253143,0.301549,0.376453,0.278739,0.482299,0.385060,0.328806,0.291555,0.226462,0.382760,0.232025,0.240469,0.265994,0.314444,0.262528,0.440506,0.371018,0.270063,0.399739,0.296544,0.355931,0.326672,0.296509,0.294904,0.376952,0.454658,0.315653,0.222646,0.425498,0.347251,0.257024,0.347557,0.278041,0.350178,0.396617,0.304212,0.322289,0.378769,0.314262,0.371083,0.381704,0.313206,0.291548,0.441739,0.394598,0.302190,0.402733,0.432976,0.352387,0.290195,0.338375,0.410838,0.315583,0.440931,0.357450,0.354829,0.446825,0.395678,0.336382,0.338796,0.294924,0.296376,0.312469,0.318536,0.265738,0.376050,0.321626,0.320998,0.314833,0.295959,0.300648,0.322166,0.400499,0.294157,0.319473,0.296770,0.298153,0.324973,0.417144,0.413430,0.114266,0.238428,0.408658,0.404296,0.382369,0.274056,0.352665,0.264743,0.392038,0.415087,0.286381,0.157972,0.249517,0.378073,0.289632,0.329668,0.348879,0.319725,0.226570,0.399960,0.337466,0.212326,0.297703,0.282864,0.304067,0.358534,0.232523,0.306134,0.371747,#
9,0.404996,0.391096,0.331857,0.276828,0.363955,0.334622,0.329707,0.390171,0.272021,1.000000,0.447272,0.405836,0.406146,0.384332,0.385576,0.373111,0.343846,0.308040,0.384669,0.386533,0.377018,0.391227,0.398442,0.415283,0.398451,0.329875,0.399499,0.492075,0.371178,0.256909,0.431919,0.377383,0.316256,0.364801,0.351966,0.398405,0.280512,0.386759,0.267702,0.328293,0.332723,0.398642,0.351253,0.219942,0.387271,0.441837,0.321911,0.466100,0.435564,0.280664,0.468587,0.374178,0.375209,0.335494,0.387699,0.360048,0.417847,0.426270,0.263814,0.367550,0.335872,0.331242,0.457790,0.384879,0.377660,0.371504,0.269826,0.486238,0.364372,0.301583,0.361953,0.356463,0.279768,0.471597,0.430174,0.332446,0.491644,0.374763,0.448276,0.451816,0.408234,0.414798,0.455963,0.384317,0.425104,0.486551,0.441138,0.322964,0.446381,0.344045,0.348861,0.443393,0.362760,0.446342,0.387817,0.470105,0.468952,0.308645,0.389392,0.346636,0.434861,0.369630,0.450762,0.304585,0.366702,0.301412,0.421241,0.439659,0.311176,0.295301,0.327990,0.349709,0.437137,0.401012,0.343271,0.379040,0.451090,0.447136,0.480793,0.336815,0.508189,0.496008,0.352989,0.386228,0.382185,0.455729,0.314490,0.470007,0.324975,0.253651,0.369671,0.446177,0.385635,0.333897,0.476148,0.296971,0.317921,0.309193,0.387972,0.418552,0.327691,0.308985,0.350275,0.358815,0.346163,0.300000,0.395510,0.295653,0.304692,0.342583,0.394611,0.405987,0.396925,0.345783,0.328775,0.370701,0.408037,0.437352,0.325494,0.398106,0.386932,0.289989,0.255410,0.436268,0.428124,0.369188,0.276208,0.314924,0.454949,0.450958,0.405302,0.377836,0.359607,0.396196,0.376749,0.392689,0.335994,0.309896,0.287877,0.436887,0.354720,0.414850,0.397067,0.346474,0.329736,0.385339,0.479547,0.437432,0.405367,0.295999,0.416440,0.336310,0.258622,0.317947,0.315065,0.351866,0.335566,0.284960,0.375428,0.354398,#
10,0.419622,0.469064,0.287692,0.234896,0.435404,0.269545,0.386374,0.310902,0.340438,0.447272,1.000000,0.392103,0.293848,0.411390,0.317811,0.363855,0.452945,0.357371,0.445025,0.413051,0.344048,0.365618,0.334477,0.316623,0.384122,0.298033,0.408275,0.365716,0.256778,0.314563,0.367343,0.326252,0.303110,0.375624,0.351038,0.402619,0.181240,0.367541,0.297536,0.303756,0.203281,0.278549,0.348859,0.251789,0.337386,0.338647,0.353419,0.426910,0.421499,0.381065,0.344047,0.390110,0.324685,0.390745,0.356697,0.369600,0.319669,0.362802,0.329187,0.279049,0.415678,0.347397,0.372474,0.378230,0.308092,0.259639,0.363217,0.336341,0.304896,0.287243,0.304082,0.329013,0.242397,0.411539,0.371458,0.337118,0.406425,0.286906,0.390293,0.274702,0.323998,0.481401,0.340283,0.372410,0.313090,0.419104,0.368035,0.247500,0.395606,0.341803,0.246611,0.373214,0.402964,0.336095,0.278024,0.392514,0.386535,0.249767,0.447382,0.319505,0.439526,0.264731,0.313480,0.371874,0.365520,0.293428,0.455464,0.408038,0.288917,0.376239,0.259012,0.314611,0.367331,0.417808,0.329936,0.402981,0.405884,0.269836,0.279214,0.294002,0.323376,0.293672,0.341966,0.336546,0.395019,0.343140,0.309691,0.328941,0.335478,0.349911,0.362837,0.375505,0.335020,0.235585,0.454847,0.346262,0.317320,0.349929,0.261867,0.445219,0.331412,0.285243,0.434301,0.320910,0.350482,0.348740,0.243946,0.327295,0.342961,0.374092,0.364388,0.417185,0.344293,0.410209,0.332435,0.366031,0.347161,0.327001,0.312613,0.439779,0.317157,0.348767,0.286847,0.411369,0.318975,0.342023,0.232159,0.207388,0.328482,0.482840,0.441589,0.323011,0.355117,0.400005,0.452572,0.213509,0.358475,0.374905,0.360202,0.437381,0.353861,0.326582,0.399831,0.278347,0.435717,0.310885,0.358914,0.410024,0.314458,0.268449,0.345951,0.370919,0.300118,0.284994,0.326693,0.441640,0.361255,0.381461,0.363803,0.400301,#
11,0.422281,0.439433,0.373693,0.308454,0.280607,0.379785,0.356835,0.407012,0.352063,0.405836,0.392103,1.000000,0.388455,0.377195,0.209901,0.432394,0.460615,0.450471,0.388178,0.267992,0.399789,0.438875,0.362341,0.406640,0.452863,0.451551,0.285642,0.394694,0.261735,0.397656,0.390882,0.449223,0.328165,0.418506,0.331295,0.314380,0.407221,0.452896,0.255299,0.345999,0.357901,0.389405,0.438451,0.374587,0.356415,0.400448,0.385520,0.503809,0.383824,0.274261,0.431096,0.441074,0.341004,0.452037,0.370139,0.384913,0.494149,0.379813,0.342568,0.303787,0.369505,0.375958,0.444325,0.434658,0.415850,0.220636,0.391401,0.398037,0.348024,0.350653,0.389697,0.306789,0.335277,0.486748,0.457188,0.389487,0.371914,0.409080,0.551660,0.316490,0.403609,0.322122,0.389907,0.455542,0.403114,0.428365,0.471404,0.333269,0.412168,0.369622,0.418546,0.359527,0.399505,0.403542,0.315856,0.386776,0.309275,0.339447,0.409010,0.358275,0.468158,0.362462,0.376196,0.250266,0.361626,0.413435,0.393715,0.385719,0.337380,0.419899,0.291385,0.341803,0.423724,0.416267,0.307247,0.484569,0.440945,0.277176,0.375244,0.427695,0.377978,0.450994,0.376234,0.337404,0.404338,0.351865,0.470214,0.464158,0.417511,0.331909,0.441620,0.482934,0.247047,0.305148,0.420143,0.355323,0.272178,0.408350,0.396750,0.395295,0.330867,0.425173,0.376826,0.480579,0.409273,0.397098,0.414723,0.369330,0.457233,0.366178,0.438537,0.446693,0.360096,0.335421,0.427376,0.310903,0.336383,0.352589,0.337780,0.361536,0.462257,0.372838,0.322719,0.436355,0.443333,0.424046,0.259734,0.353350,0.518526,0.424441,0.468062,0.259467,0.393441,0.396147,0.392047,0.430825,0.459877,0.366039,0.310008,0.309583,0.395243,0.393136,0.406765,0.345394,0.393130,0.450152,0.417354,0.395537,0.359394,0.346959,0.296007,0.342376,0.330415,0.200163,0.319795,0.406286,0.458201,0.300953,0.316663,0.448170,#
12,0.369428,0.400972,0.360436,0.199630,0.357465,0.282178,0.293743,0.327509,0.341159,0.406146,0.293848,0.388455,1.000000,0.331896,0.284943,0.357249,0.376997,0.348646,0.478253,0.356684,0.415538,0.296587,0.365623,0.391710,0.389026,0.319246,0.291571,0.474068,0.351095,0.374156,0.415392,0.432222,0.364638,0.331848,0.339370,0.294473,0.341592,0.360537,0.157176,0.335808,0.394034,0.325972,0.472858,0.341631,0.337583,0.392764,0.290640,0.358806,0.452140,0.332071,0.397761,0.249499,0.317378,0.358236,0.348921,0.269869,0.344400,0.432822,0.339736,0.382769,0.391580,0.348753,0.399347,0.366521,0.333422,0.324538,0.355138,0.312002,0.318351,0.271719,0.288259,0.389712,0.245426,0.357090,0.403674,0.302527,0.371758,0.358131,0.309851,0.317217,0.399787,0.361403,0.379042,0.368875,0.406002,0.462463,0.337256,0.336801,0.413314,0.370090,0.395661,0.320687,0.296266,0.430474,0.317223,0.305737,0.383044,0.382987,0.276496,0.224807,0.372313,0.368827,0.294583,0.404124,0.382497,0.322147,0.415948,0.319876,0.339160,0.464876,0.344942,0.242164,0.384630,0.389579,0.306653,0.365155,0.381029,0.424013,0.262259,0.360369,0.244276,0.485222,0.349762,0.387997,0.276584,0.453879,0.360001,0.362339,0.382317,0.211987,0.354707,0.424309,0.268122,0.236794,0.359181,0.391722,0.341318,0.388041,0.364217,0.316995,0.391897,0.405342,0.277905,0.308333,0.378732,0.346534,0.390447,0.262087,0.365736,0.314222,0.424669,0.486364,0.301951,0.311088,0.376384,0.264238,0.353700,0.298060,0.316495,0.219705,0.410347,0.326524,0.281631,0.436919,0.371324,0.373467,0.312918,0.180037,0.402730,0.464366,0.339170,0.277898,0.311016,0.325471,0.413463,0.310255,0.278588,0.268049,0.199711,0.347857,0.382326,0.342912,0.348958,0.315734,0.316912,0.398626,0.395054,0.394667,0.277483,0.208991,0.429642,0.404054,0.290186,0.352219,0.339681,0.327261,0.399191,0.191741,0.383041,0.315960,#
13,0.314372,0.480756,0.381289,0.281376,0.341522,0.259349,0.418607,0.379496,0.344457,0.384332,0.411390,0.377195,0.331896,1.000000,0.361573,0.350154,0.379808,0.328978,0.370751,0.335166,0.355978,0.371594,0.402705,0.296083,0.487062,0.371569,0.390567,0.370336,0.319239,0.229113,0.366759,0.277686,0.380324,0.371950,0.259950,0.385015,0.246900,0.375975,0.209765,0.345784,0.260690,0.334543,0.502467,0.279180,0.379074,0.300398,0.399307,0.403768,0.424717,0.295175,0.462606,0.367752,0.325138,0.382538,0.396132,0.435569,0.307588,0.334758,0.349383,0.335218,0.373121,0.328565,0.521817,0.391792,0.270153,0.251111,0.418828,0.371714,0.416579,0.415247,0.299887,0.389531,0.308367,0.486667,0.431027,0.266358,0.360411,0.398866,0.405143,0.360249,0.346519,0.455985,0.465394,0.408973,0.430597,0.362777,0.436625,0.392317,0.427811,0.450496,0.362175,0.388254,0.462269,0.401093,0.371479,0.426634,0.295288,0.314314,0.369772,0.293521,0.467535,0.340840,0.325334,0.335535,0.340905,0.347213,0.355090,0.428770,0.282708,0.335493,0.324709,0.364570,0.487550,0.387993,0.367948,0.297122,0.424460,0.317284,0.353198,0.414102,0.422056,0.416847,0.237868,0.387476,0.346159,0.379294,0.328943,0.437492,0.502421,0.256013,0.336593,0.343874,0.380996,0.348959,0.491350,0.322639,0.356593,0.315626,0.456289,0.378885,0.366133,0.321069,0.356617,0.426338,0.385619,0.452956,0.374134,0.320736,0.249294,0.328199,0.430047,0.224651,0.357551,0.321786,0.394896,0.319956,0.362763,0.344716,0.320287,0.273994,0.372444,0.387663,0.262309,0.450098,0.433035,0.421376,0.191846,0.263661,0.445290,0.471254,0.436132,0.409740,0.358906,0.346040,0.453330,0.384252,0.407653,0.339822,0.393717,0.315470,0.429264,0.267140,0.328308,0.330092,0.338942,0.345690,0.431648,0.442167,0.389387,0.389613,0.362929,0.340552,0.302662,0.312461,0.325820,0.390087,0.372704,0.292146,0.358935,0.394828,#
14,0.422548,0.376151,0.391206,0.151238,0.317198,0.309017,0.217353,0.224999,0.354575,0.385576,0.317811,0.209901,0.284943,0.361573,1.000000,0.393684,0.314287,0.315061,0.395564,0.313477,0.277684,0.342089,0.299741,0.330011,0.352302,0.262053,0.337929,0.247044,0.309336,0.273792,0.253789,0.189301,0.233577,0.262068,0.322355,0.345308,0.322435,0.385186,0.319305,0.345657,0.350093,0.317662,0.422705,0.314329,0.283464,0.271904,0.375366,0.347997,0.333275,0.198480,0.392698,0.300262,0.285600,0.301471,0.386884,0.333016,0.276621,0.342173,0.274414,0.304859,0.351431,0.363095,0.299414,0.341231,0.331879,0.229254,0.289290,0.326282,0.335254,0.274072,0.199791,0.312847,0.192010,0.431150,0.170523,0.272637,0.275420,0.398619,0.340554,0.247392,0.338181,0.194901,0.409537,0.395546,0.246461,0.367677,0.213677,0.230380,0.354221,0.330720,0.321073,0.294243,0.354206,0.297148,0.242997,0.290684,0.337553,0.260619,0.422022,0.246468,0.289887,0.284658,0.336443,0.268826,0.242453,0.244646,0.362704,0.396543,0.280946,0.325037,0.227733,0.304628,0.372536,0.186480,0.304761,0.343890,0.249896,0.318474,0.296641,0.297912,0.413101,0.288841,0.297286,0.316202,0.239850,0.284912,0.297606,0.292684,0.234227,0.254658,0.143086,0.313060,0.334044,0.193325,0.264906,0.264054,0.336614,0.241625,0.309537,0.253484,0.355279,0.355063,0.398023,0.269677,0.250973,0.292293,0.346370,0.178606,0.291030,0.272409,0.242959,0.219835,0.189303,0.339914,0.199446,0.220213,0.280081,0.332927,0.281428,0.210886,0.288164,0.320811,0.264043,0.261513,0.289923,0.240961,0.288527,0.300653,0.287033,0.329343,0.351227,0.310531,0.328694,0.378746,0.397856,0.218899,0.381535,0.341336,0.312466,0.367139,0.371291,0.371449,0.230421,0.348530,0.285255,0.310379,0.371951,0.403064,0.263042,0.144873,0.341501,0.320423,0.285882,0.385831,0.303764,0.207901,0.204697,0.222966,0.366342,0.433772,#
15,0.349684,0.353117,0.366367,0.130840,0.305034,0.408776,0.306230,0.274921,0.366634,0.373111,0.363855,0.432394,0.357249,0.350154,0.393684,1.000000,0.412629,0.447837,0.414165,0.305600,0.257254,0.420627,0.333283,0.357947,0.446419,0.255817,0.318072,0.284789,0.264934,0.255857,0.358827,0.371477,0.292968,0.346220,0.364787,0.291443,0.339954,0.375901,0.336468,0.383161,0.513495,0.316975,0.386900,0.350399,0.394351,0.315238,0.319134,0.461312,0.336165,0.312804,0.394623,0.326242,0.398795,0.386229,0.339532,0.321661,0.347825,0.393741,0.293954,0.384577,0.271932,0.318617,0.273621,0.348575,0.254326,0.247767,0.460542,0.382049,0.426176,0.284693,0.200490,0.326308,0.301476,0.289682,0.381577,0.413704,0.354324,0.392486,0.419524,0.248482,0.477819,0.317728,0.314915,0.353817,0.300426,0.434414,0.402210,0.197702,0.389445,0.316331,0.289444,0.240640,0.324079,0.407570,0.322120,0.329122,0.344467,0.272066,0.469252,0.280159,0.422336,0.332644,0.397284,0.326774,0.349988,0.275719,0.367526,0.303057,0.328483,0.461830,0.283400,0.372258,0.335806,0.285315,0.284749,0.425594,0.385231,0.383416,0.310418,0.383403,0.360217,0.300455,0.259052,0.329565,0.250606,0.281874,0.370945,0.353805,0.329482,0.212232,0.228899,0.401279,0.288127,0.312800,0.433770,0.350462,0.382079,0.291983,0.351797,0.199527,0.385977,0.365261,0.498144,0.353458,0.332743,0.362974,0.441408,0.236051,0.320593,0.389981,0.371528,0.365587,0.326408,0.505021,0.219834,0.434451,0.277902,0.372018,0.299508,0.301498,0.305211,0.357737,0.253081,0.349974,0.282920,0.403861,0.266160,0.301506,0.415635,0.423064,0.410864,0.270021,0.397900,0.320084,0.410376,0.218229,0.395985,0.315617,0.256925,0.296573,0.246323,0.399354,0.303396,0.233431,0.348522,0.477967,0.281850,0.332572,0.290981,0.221678,0.244793,0.427400,0.207962,0.373070,0.299753,0.345885,0.320053,0.293101,0.279732,0.398959,#
16,0.426999,0.379448,0.414185,0.269555,0.334927,0.410636,0.377271,0.336474,0.387200,0.343846,0.452945,0.460615,0.376997,0.379808,0.314287,0.412629,1.000000,0.417773,0.376340,0.287690,0.508961,0.402957,0.479082,0.339031,0.388403,0.341492,0.354757,0.267523,0.275159,0.263664,0.354342,0.451507,0.279913,0.391311,0.292803,0.330418,0.375474,0.347435,0.268111,0.403795,0.242391,0.359592,0.398436,0.340977,0.326312,0.355347,0.400109,0.403108,0.388004,0.321741,0.273444,0.349564,0.469625,0.414429,0.328402,0.344710,0.238684,0.360537,0.304184,0.263832,0.296462,0.403777,0.367496,0.455743,0.391016,0.267968,0.387368,0.467732,0.337392,0.422902,0.309116,0.334474,0.321324,0.355852,0.398876,0.471366,0.347151,0.371512,0.477317,0.317821,0.308013,0.361527,0.344738,0.348276,0.347444,0.505042,0.445630,0.340474,0.401233,0.335408,0.314295,0.330080,0.347095,0.346228,0.350265,0.429241,0.340247,0.276647,0.487014,0.288252,0.419047,0.286081,0.265521,0.334312,0.337860,0.355754,0.355213,0.363247,0.366315,0.415363,0.338054,0.421056,0.442385,0.309394,0.395806,0.461773,0.474242,0.353053,0.272115,0.331450,0.324908,0.333093,0.362215,0.316168,0.401862,0.305422,0.390575,0.289459,0.404591,0.374902,0.274811,0.409564,0.359512,0.296553,0.457972,0.361943,0.274900,0.365477,0.371302,0.403174,0.293017,0.362488,0.295469,0.386595,0.373160,0.335338,0.250905,0.272161,0.292863,0.248566,0.386174,0.360417,0.355677,0.317533,0.295550,0.392571,0.303903,0.314294,0.390330,0.290084,0.376652,0.371130,0.387123,0.403067,0.264763,0.327038,0.279753,0.314038,0.381604,0.368841,0.390924,0.220835,0.382828,0.301388,0.425099,0.362389,0.427171,0.342566,0.281963,0.356490,0.342283,0.384012,0.326368,0.231160,0.311944,0.332842,0.442956,0.403016,0.292200,0.262547,0.385420,0.309126,0.299832,0.318708,0.384355,0.397751,0.369624,0.335047,0.303455,0.458249,#
17,0.484931,0.351531,0.384234,0.340027,0.390889,0.405199,0.393854,0.365550,0.321736,0.308040,0.357371,0.450471,0.348646,0.328978,0.315061,0.447837,0.417773,1.000000,0.399131,0.426268,0.332328,0.457478,0.436464,0.505917,0.447775,0.351953,0.285243,0.331885,0.402150,0.388513,0.440055,0.487076,0.502015,0.421704,0.302406,0.315230,0.312804,0.556965,0.310437,0.341399,0.378506,0.307274,0.433512,0.473474,0.313071,0.360288,0.442911,0.431067,0.480865,0.453828,0.445413,0.337871,0.361290,0.433930,0.390647,0.391974,0.350457,0.510099,0.346198,0.381295,0.392389,0.444294,0.358815,0.393791,0.306770,0.379589,0.449125,0.520279,0.451317,0.421669,0.492815,0.435508,0.443934,0.452842,0.403789,0.425403,0.350583,0.475799,0.424367,0.323157,0.478121,0.476057,0.500496,0.442348,0.363429,0.436968,0.463864,0.368987,0.511581,0.462129,0.428892,0.338829,0.383176,0.372624,0.284191,0.374551,0.353968,0.449458,0.407500,0.340416,0.468131,0.352941,0.344378,0.372220,0.406911,0.397882,0.363019,0.533561,0.329056,0.392779,0.326800,0.267405,0.382138,0.370357,0.293350,0.412522,0.422462,0.381389,0.367573,0.418512,0.346536,0.361089,0.344036,0.359936,0.422123,0.405266,0.392704,0.417670,0.338510,0.307112,0.292098,0.475820,0.407800,0.458567,0.435036,0.380118,0.432739,0.298972,0.409354,0.404485,0.427449,0.425251,0.418787,0.383703,0.468430,0.387216,0.347010,0.315658,0.395691,0.286577,0.510288,0.298005,0.348185,0.469086,0.352589,0.347342,0.353232,0.441952,0.495077,0.413015,0.468345,0.444329,0.318565,0.384040,0.442083,0.435008,0.314908,0.391940,0.385021,0.440917,0.520798,0.317980,0.361552,0.389010,0.446120,0.247581,0.418029,0.383566,0.246170,0.396134,0.441517,0.543609,0.333037,0.220993,0.363790,0.437420,0.488964,0.500465,0.433436,0.340976,0.355770,0.459754,0.209528,0.330325,0.491384,0.414980,0.487120,0.248696,0.365921,0.475574,#
18,0.395005,0.510003,0.406861,0.225846,0.415711,0.387738,0.395821,0.353729,0.258007,0.384669,0.445025,0.388178,0.478253,0.370751,0.395564,0.414165,0.376340,0.399131,1.000000,0.415160,0.337372,0.385311,0.231426,0.400706,0.393220,0.428456,0.436657,0.386986,0.409691,0.297230,0.448320,0.411229,0.441393,0.329754,0.354856,0.434419,0.388241,0.408128,0.256643,0.347956,0.386310,0.319316,0.499109,0.330272,0.327424,0.312430,0.334745,0.441773,0.391224,0.332296,0.422487,0.323495,0.426886,0.486012,0.361477,0.269514,0.334647,0.451430,0.308230,0.302851,0.398519,0.348160,0.396963,0.457101,0.293414,0.374439,0.414193,0.413011,0.313225,0.240711,0.315505,0.368330,0.292570,0.425013,0.409676,0.294383,0.351666,0.458267,0.460083,0.431849,0.519478,0.381090,0.401697,0.428436,0.349382,0.384804,0.384966,0.323392,0.461945,0.349706,0.386789,0.332213,0.415645,0.387772,0.328310,0.349268,0.412194,0.305788,0.381578,0.375262,0.383112,0.400229,0.371353,0.432540,0.414702,0.279276,0.379929,0.409242,0.319707,0.460685,0.349933,0.392828,0.308964,0.411069,0.352675,0.302954,0.314173,0.353273,0.400688,0.345256,0.276306,0.444563,0.287851,0.406984,0.398008,0.398137,0.357109,0.375018,0.388074,0.305404,0.414430,0.351554,0.318150,0.249129,0.478761,0.331907,0.317903,0.383029,0.369967,0.344414,0.469464,0.290399,0.332542,0.325819,0.403673,0.354580,0.296883,0.211045,0.331942,0.312760,0.409876,0.370919,0.437719,0.351473,0.296530,0.410467,0.465322,0.450882,0.369313,0.306442,0.425230,0.433779,0.353294,0.372000,0.341090,0.386419,0.409592,0.368904,0.446969,0.451575,0.331274,0.312020,0.317576,0.282675,0.451894,0.242512,0.321487,0.413478,0.423954,0.362232,0.338375,0.410036,0.375310,0.280728,0.521544,0.431372,0.461008,0.524317,0.347605,0.323053,0.423205,0.355288,0.279787,0.384346,0.395061,0.366511,0.409111,0.350466,0.397448,0.481284,#
19,0.316648,0.313907,0.338022,0.233013,0.401903,0.262828,0.385071,0.373052,0.380536,0.386533,0.413051,0.267992,0.356684,0.335166,0.313477,0.305600,0.287690,0.426268,0.415160,1.000000,0.272748,0.385777,0.335484,0.400360,0.351824,0.352729,0.327322,0.300605,0.296686,0.413520,0.319980,0.377348,0.326233,0.312623,0.344604,0.340264,0.184108,0.392346,0.374848,0.340444,0.298834,0.252473,0.383105,0.313473,0.310842,0.384219,0.367039,0.453082,0.395247,0.374025,0.356814,0.290394,0.248325,0.450935,0.359245,0.372014,0.345855,0.406863,0.241827,0.412257,0.362690,0.297202,0.373054,0.300906,0.311197,0.266656,0.279029,0.389315,0.327393,0.362039,0.349752,0.280510,0.401569,0.314980,0.353443,0.293466,0.392094,0.414304,0.349844,0.334432,0.393409,0.339478,0.411546,0.248451,0.382349,0.414837,0.358932,0.299333,0.405780,0.368603,0.334071,0.371639,0.351243,0.335865,0.309852,0.397376,0.370401,0.431944,0.325461,0.250586,0.339650,0.247647,0.355144,0.305101,0.391640,0.305734,0.504696,0.504363,0.323855,0.357650,0.327595,0.319437,0.371720,0.380460,0.324706,0.332385,0.401511,0.466204,0.370890,0.334476,0.368923,0.452491,0.324351,0.366733,0.462913,0.405324,0.324988,0.416162,0.232116,0.265644,0.315094,0.286618,0.426336,0.327986,0.427386,0.314879,0.371777,0.311136,0.341722,0.397572,0.376040,0.280877,0.320695,0.239811,0.411290,0.372094,0.300949,0.419314,0.421896,0.207971,0.305884,0.350664,0.327409,0.427615,0.261591,0.311739,0.382042,0.408475,0.310782,0.212777,0.387276,0.379596,0.364602,0.288321,0.267999,0.323138,0.312044,0.289648,0.326897,0.393990,0.511065,0.313717,0.284837,0.293604,0.418911,0.254675,0.298303,0.398368,0.139266,0.363992,0.332852,0.384341,0.246311,0.334542,0.384962,0.337210,0.394537,0.416393,0.323332,0.237722,0.405010,0.337368,0.363801,0.418620,0.338984,0.341623,0.466372,0.348421,0.447908,0.452231,#
20,0.411284,0.376993,0.371375,0.286285,0.317003,0.368107,0.336920,0.329148,0.307056,0.377018,0.344048,0.399789,0.415538,0.355978,0.277684,0.257254,0.508961,0.332328,0.337372,0.272748,1.000000,0.406203,0.408944,0.321140,0.409544,0.311670,0.393302,0.411595,0.305388,0.292500,0.327293,0.327912,0.285200,0.296929,0.393831,0.329027,0.303552,0.374391,0.199892,0.355905,0.236030,0.434848,0.482565,0.336421,0.278791,0.401290,0.264512,0.458020,0.441337,0.325176,0.342135,0.390022,0.447026,0.388098,0.330020,0.257758,0.366135,0.376278,0.212610,0.384016,0.404870,0.206738,0.415365,0.383809,0.441591,0.179566,0.392331,0.346915,0.304506,0.390026,0.339567,0.318277,0.410005,0.439529,0.403412,0.405743,0.407736,0.371323,0.263292,0.442594,0.270204,0.323690,0.435446,0.327306,0.303580,0.442232,0.387334,0.385792,0.393300,0.362011,0.407953,0.418340,0.411869,0.395369,0.278800,0.375159,0.290040,0.340407,0.372601,0.235108,0.284476,0.341688,0.272921,0.296062,0.308794,0.313390,0.375372,0.369081,0.301070,0.469825,0.370247,0.169719,0.429874,0.337795,0.299741,0.357572,0.440745,0.241435,0.273455,0.301585,0.281807,0.371459,0.337104,0.381206,0.365698,0.404803,0.456349,0.496275,0.311525,0.311224,0.268472,0.346648,0.315553,0.277056,0.412204,0.309369,0.331808,0.368996,0.382086,0.423480,0.328315,0.342962,0.213806,0.329518,0.368727,0.297679,0.307338,0.282519,0.275914,0.307531,0.327523,0.426508,0.316099,0.318256,0.370121,0.328530,0.248589,0.270437,0.292362,0.308005,0.378784,0.442327,0.347440,0.281456,0.392628,0.316658,0.213474,0.356925,0.411716,0.374865,0.433844,0.262259,0.267927,0.356899,0.393266,0.392602,0.291425,0.283532,0.391357,0.392451,0.390723,0.338034,0.328299,0.325311,0.381621,0.347778,0.330620,0.389768,0.352501,0.293742,0.433455,0.292874,0.363407,0.381443,0.353538,0.395548,0.342575,0.280723,0.310713,0.315887,#
21,0.465420,0.479755,0.441306,0.331855,0.451701,0.402289,0.411465,0.393459,0.347261,0.391227,0.365618,0.438875,0.296587,0.371594,0.342089,0.420627,0.402957,0.457478,0.385311,0.385777,0.406203,1.000000,0.343683,0.458403,0.490539,0.363978,0.361281,0.424685,0.370713,0.352961,0.406513,0.401612,0.340793,0.482821,0.409464,0.385727,0.390566,0.489963,0.348253,0.339052,0.396976,0.486074,0.391086,0.377128,0.423087,0.331496,0.447482,0.487303,0.405564,0.392850,0.404032,0.321479,0.475990,0.464073,0.428445,0.343393,0.379444,0.457180,0.396355,0.427995,0.366080,0.357071,0.422423,0.389480,0.434459,0.323522,0.416694,0.413505,0.442011,0.473220,0.475681,0.315344,0.385434,0.360914,0.419123,0.420403,0.412989,0.398315,0.391670,0.380768,0.461048,0.418035,0.347538,0.357865,0.387278,0.456844,0.360904,0.362979,0.444974,0.478076,0.324411,0.354046,0.431585,0.341487,0.399834,0.432600,0.345495,0.408878,0.495234,0.395833,0.456292,0.338216,0.305436,0.425468,0.392944,0.431697,0.350448,0.422133,0.379993,0.416913,0.357969,0.371728,0.498804,0.383043,0.297370,0.413645,0.476900,0.317677,0.471172,0.462062,0.368620,0.424160,0.246364,0.451908,0.370243,0.443270,0.448336,0.434028,0.380521,0.301290,0.400797,0.318880,0.374295,0.410695,0.415820,0.368880,0.429593,0.334166,0.412681,0.379159,0.324133,0.452187,0.435694,0.387510,0.430661,0.376343,0.369368,0.409356,0.387149,0.378523,0.395163,0.426715,0.386668,0.458604,0.358315,0.349508,0.352675,0.458768,0.380277,0.358223,0.493567,0.360821,0.334028,0.433529,0.397945,0.345080,0.233822,0.408976,0.352420,0.429181,0.471993,0.302513,0.462931,0.354312,0.414272,0.329603,0.433732,0.356666,0.410270,0.388831,0.348808,0.449731,0.290322,0.330903,0.401229,0.424608,0.411574,0.493226,0.444828,0.301962,0.468971,0.467866,0.399856,0.334792,0.475877,0.451884,0.405978,0.350179,0.348412,0.465322,#
