0,1.000000,0.826593,0.841321,0.826132,0.792509,0.837609,0.832214,0.832463,0.829567,0.802920,0.827638,0.849920,0.810430,0.813751,0.832580,0.821091,0.850573,0.860170,0.838743,0.838242,0.835426,0.800410,0.830147,0.866260,0.786324,0.815343,0.815512,0.827067,0.800764,0.843584,0.816360,0.851224,0.826508,0.812296,0.835930,0.834079,0.809606,0.819217,0.829120,0.838851,0.835939,0.801828,0.859159,0.807891,0.830568,0.800937,0.829917,0.859988,0.827219,0.849608,0.821465,0.846446,0.841672,0.842071,0.843345,0.847830,0.820792,0.855401,0.818668,0.823131,0.840132,0.820111,0.847421,0.841662,0.844509,0.822588,0.856265,0.835891,0.808967,0.807516,0.819354,0.804191,0.867185,0.844528,0.823518,0.805744,0.855646,0.831689,0.843043,0.822075,0.853625,0.826525,0.840165,0.842593,0.844876,0.857906,0.836806,0.840497,0.809864,0.829280,0.807024,0.821890,0.839994,0.828655,0.826862,0.830791,0.811338,0.807880,0.838583,0.843141,0.835966,0.827267,0.818211,0.842308,0.815219,0.830237,0.820516,0.850103,0.835384,0.784788,0.830612,0.819110,0.831988,0.811611,0.815318,0.853590,0.805815,0.815048,0.817672,0.804575,0.804032,0.873205,0.840910,0.860667,0.847823,0.826063,0.825391,0.805930,0.779279,0.824229,0.809459,0.844921,0.831540,0.802113,0.838366,0.832365,0.813956,0.832287,0.797211,0.843933,0.823420,0.823059,0.783417,0.842533,0.840492,0.758593,0.818205,0.789880,0.843558,0.826364,0.821579,0.835067,0.828798,0.796056,0.820654,0.811523,0.844379,0.838239,0.855627,0.822648,0.851440,0.851096,0.821870,0.820052,0.809500,0.834154,0.841701,0.802476,0.840561,0.823709,0.832153,0.825787,0.829706,0.854757,0.840252,0.822874,0.845469,0.854613,0.828498,0.813898,0.814498,0.850824,0.809688,0.815157,0.815405,0.800653,0.797616,0.827566,0.815663,0.812173,0.810227,0.838459,0.824795,0.839086,0.824114,0.835513,0.802067,0.840856,0.827086,0.816005,#
1,0.826593,1.000000,0.808461,0.822840,0.808339,0.844394,0.788410,0.822169,0.840224,0.814493,0.828302,0.829184,0.810642,0.805516,0.809856,0.805501,0.813945,0.816654,0.812440,0.834569,0.825059,0.844991,0.837430,0.827748,0.799635,0.782208,0.817893,0.832891,0.787465,0.797229,0.842949,0.835978,0.825486,0.845253,0.803990,0.830172,0.790480,0.821796,0.841787,0.829072,0.819725,0.799429,0.812030,0.805034,0.801669,0.815556,0.854693,0.826050,0.850486,0.823090,0.815052,0.855473,0.833908,0.807084,0.848148,0.833750,0.806031,0.822864,0.811594,0.804689,0.796547,0.807943,0.788737,0.798765,0.832279,0.834824,0.856557,0.850621,0.833210,0.831717,0.822135,0.824741,0.877433,0.798178,0.833738,0.824804,0.803889,0.814896,0.840410,0.805225,0.840246,0.827408,0.847988,0.841665,0.845803,0.825805,0.815376,0.835741,0.830454,0.818038,0.802272,0.818709,0.823849,0.828442,0.811426,0.801329,0.809688,0.807199,0.811471,0.820987,0.835291,0.822521,0.797994,0.819907,0.793332,0.821107,0.806858,0.842801,0.818961,0.777008,0.808472,0.806421,0.810795,0.815915,0.798268,0.833459,0.823382,0.828460,0.806000,0.767308,0.820691,0.844975,0.814470,0.838684,0.812231,0.801488,0.816335,0.816135,0.826152,0.840098,0.787978,0.855739,0.808652,0.809390,0.851696,0.811956,0.817324,0.817838,0.815623,0.799399,0.838080,0.819973,0.812036,0.835948,0.820073,0.789904,0.802901,0.780131,0.839722,0.808448,0.848848,0.844685,0.815209,0.771324,0.856228,0.806468,0.832037,0.837849,0.800163,0.796708,0.800705,0.842473,0.817806,0.846522,0.821543,0.780757,0.823940,0.785863,0.803672,0.814999,0.820649,0.814860,0.812562,0.834353,0.822460,0.812702,0.824431,0.846520,0.795557,0.811119,0.808093,0.806297,0.811282,0.798169,0.813687,0.850997,0.801082,0.749477,0.826735,0.823920,0.828894,0.824163,0.798536,0.807167,0.828664,0.778190,0.787288,0.854725,0.802535,0.823743,#
2,0.841321,0.808461,1.000000,0.824482,0.812918,0.828143,0.805486,0.829857,0.833102,0.810396,0.809503,0.801904,0.770117,0.823817,0.802922,0.795672,0.798311,0.824281,0.796668,0.825269,0.818633,0.801158,0.806335,0.846076,0.782270,0.793157,0.847713,0.829294,0.824030,0.827311,0.823425,0.820423,0.826599,0.815387,0.799375,0.817819,0.815229,0.810654,0.846590,0.806795,0.804747,0.806287,0.831302,0.794404,0.790417,0.806908,0.854926,0.799000,0.795276,0.822276,0.811183,0.835698,0.832292,0.834734,0.857093,0.836908,0.828089,0.808862,0.809391,0.812564,0.857976,0.817470,0.802214,0.825851,0.836414,0.824255,0.822235,0.814601,0.808456,0.818144,0.833802,0.805769,0.843551,0.825636,0.842676,0.804360,0.820093,0.811563,0.821538,0.840621,0.841208,0.827394,0.858123,0.803082,0.857181,0.845215,0.823131,0.848062,0.808725,0.806854,0.828292,0.836582,0.843400,0.818789,0.839166,0.796986,0.792263,0.787262,0.856364,0.822498,0.836777,0.811065,0.788503,0.813687,0.790505,0.850167,0.843143,0.840199,0.830304,0.780578,0.824628,0.788245,0.849292,0.802817,0.791498,0.805326,0.793710,0.822558,0.813601,0.766234,0.793808,0.810658,0.796094,0.845106,0.826676,0.789371,0.808503,0.807846,0.803583,0.839443,0.826669,0.852589,0.845349,0.841686,0.838472,0.815385,0.809972,0.812635,0.811494,0.791365,0.816915,0.836140,0.768921,0.798817,0.812316,0.809136,0.790414,0.782855,0.811415,0.817588,0.822719,0.822129,0.821286,0.812420,0.810893,0.808962,0.817430,0.786650,0.820057,0.788089,0.779341,0.794818,0.820368,0.811345,0.783492,0.817882,0.835352,0.766959,0.811967,0.794836,0.816557,0.819141,0.824597,0.806607,0.822877,0.807324,0.798393,0.846145,0.798535,0.779002,0.793242,0.855239,0.783242,0.828129,0.794846,0.811471,0.785131,0.773738,0.812689,0.808934,0.809088,0.819625,0.846066,0.821264,0.800057,0.823066,0.782216,0.830426,0.791094,0.819795,#
3,0.826132,0.822840,0.824482,1.000000,0.819176,0.819088,0.807651,0.823299,0.845034,0.826086,0.819034,0.830323,0.810258,0.808657,0.817218,0.819245,0.813366,0.823510,0.847468,0.817886,0.823203,0.849258,0.815416,0.828032,0.814784,0.824766,0.836725,0.841042,0.817397,0.826145,0.835863,0.860769,0.833373,0.845808,0.823785,0.831345,0.805127,0.828939,0.814557,0.836886,0.822256,0.818609,0.822382,0.816848,0.809221,0.849186,0.836814,0.831046,0.827554,0.818164,0.826798,0.810327,0.840908,0.808122,0.838401,0.850147,0.800164,0.841273,0.853524,0.823847,0.811425,0.805050,0.795041,0.831619,0.870653,0.806545,0.814444,0.809318,0.776598,0.826470,0.814459,0.835785,0.862328,0.825049,0.815726,0.795483,0.814943,0.815339,0.819824,0.835427,0.850405,0.809302,0.852488,0.833792,0.837620,0.841109,0.827394,0.828270,0.810506,0.825886,0.819726,0.828323,0.848571,0.845666,0.828888,0.826640,0.794533,0.787760,0.815138,0.802429,0.814645,0.811263,0.783171,0.802861,0.853366,0.821322,0.827405,0.848333,0.809456,0.791252,0.823761,0.780658,0.810419,0.825432,0.803890,0.833537,0.792502,0.809958,0.824197,0.760120,0.790311,0.847181,0.804128,0.812198,0.806243,0.814503,0.830021,0.837833,0.788623,0.815242,0.801309,0.852644,0.806646,0.834326,0.848365,0.843350,0.824482,0.802625,0.787206,0.802663,0.803201,0.840881,0.818992,0.803450,0.804334,0.834072,0.798041,0.820352,0.815378,0.813719,0.818243,0.815699,0.808661,0.806453,0.832311,0.789814,0.841676,0.804850,0.829344,0.808200,0.817166,0.820227,0.796346,0.833437,0.807668,0.810935,0.830020,0.775613,0.840062,0.811706,0.831947,0.823220,0.816018,0.836234,0.798581,0.823655,0.812225,0.839008,0.814210,0.806815,0.784307,0.849060,0.793135,0.806955,0.789607,0.815544,0.788316,0.776709,0.832842,0.843763,0.811789,0.806601,0.819551,0.820131,0.821315,0.818299,0.814986,0.830837,0.801290,0.816367,#
4,0.792509,0.808339,0.812918,0.819176,1.000000,0.832548,0.819089,0.816732,0.792395,0.795863,0.777589,0.830887,0.784903,0.820144,0.789970,0.813338,0.818170,0.833885,0.805909,0.848912,0.841883,0.813463,0.802577,0.836669,0.774564,0.790382,0.825785,0.801466,0.812946,0.801455,0.848803,0.827622,0.855354,0.806559,0.781851,0.806026,0.808255,0.806907,0.822869,0.827349,0.813272,0.785796,0.805677,0.824505,0.810477,0.828166,0.833798,0.815825,0.818049,0.798207,0.802993,0.815301,0.833154,0.801757,0.841803,0.824814,0.787357,0.813879,0.837521,0.824875,0.789857,0.816717,0.797207,0.799261,0.838619,0.822365,0.807381,0.812400,0.788287,0.810812,0.822411,0.835040,0.839357,0.812485,0.812042,0.786944,0.807065,0.819480,0.826252,0.822684,0.801059,0.807004,0.841081,0.800017,0.836739,0.806893,0.804425,0.794993,0.819852,0.818589,0.798303,0.791479,0.808851,0.817624,0.802893,0.798931,0.795452,0.771778,0.788451,0.816735,0.842351,0.833055,0.800559,0.802488,0.798695,0.816231,0.819755,0.821968,0.821406,0.810765,0.801918,0.794731,0.821382,0.843480,0.785592,0.803944,0.811907,0.835803,0.771024,0.761926,0.789141,0.819774,0.830388,0.818597,0.807293,0.805043,0.800607,0.807534,0.835718,0.829062,0.836415,0.823711,0.798876,0.824766,0.853333,0.831671,0.802171,0.794435,0.805180,0.769859,0.780721,0.833673,0.808715,0.802279,0.810267,0.784915,0.817049,0.758022,0.795290,0.836286,0.808916,0.859005,0.799908,0.785899,0.845141,0.805002,0.837880,0.784719,0.820544,0.791376,0.780691,0.814508,0.835839,0.797028,0.779573,0.787440,0.794558,0.772088,0.806510,0.808601,0.791240,0.816287,0.832346,0.810591,0.838200,0.814121,0.814264,0.842156,0.795750,0.792040,0.811804,0.826053,0.817344,0.789110,0.833219,0.826896,0.758690,0.819441,0.789748,0.797377,0.769959,0.786799,0.779235,0.814432,0.804366,0.798667,0.801868,0.807743,0.823056,0.802917,#
5,0.837609,0.844394,0.828143,0.819088,0.832548,1.000000,0.781520,0.839045,0.828291,0.801469,0.810394,0.812944,0.796864,0.806033,0.804859,0.819166,0.825990,0.835723,0.795809,0.857771,0.824690,0.794360,0.815123,0.839225,0.810471,0.823014,0.856866,0.845044,0.797281,0.820400,0.851746,0.854448,0.841999,0.840979,0.790108,0.846018,0.808668,0.791586,0.828630,0.815709,0.828534,0.799339,0.787598,0.831553,0.830464,0.836435,0.858008,0.858724,0.847631,0.804588,0.834129,0.812654,0.834694,0.837827,0.807035,0.887003,0.828117,0.824483,0.869107,0.834934,0.796249,0.824510,0.817338,0.840941,0.839072,0.810243,0.818152,0.838513,0.822062,0.809959,0.835154,0.816562,0.874497,0.807249,0.820395,0.816525,0.832225,0.852542,0.824160,0.829063,0.862647,0.828182,0.856530,0.836880,0.812256,0.850226,0.831677,0.839166,0.836333,0.805929,0.796195,0.809940,0.849291,0.850200,0.810099,0.774790,0.814619,0.815113,0.858659,0.813018,0.849519,0.831208,0.837660,0.837941,0.812742,0.840424,0.827684,0.852900,0.804853,0.806164,0.800133,0.831571,0.815105,0.797745,0.785144,0.803670,0.835769,0.834415,0.799966,0.768151,0.793683,0.849360,0.821806,0.862411,0.802079,0.809281,0.850800,0.799896,0.803298,0.822354,0.834695,0.865995,0.849740,0.850641,0.840782,0.814199,0.816558,0.831758,0.807764,0.784343,0.821975,0.812905,0.816813,0.832205,0.862503,0.782534,0.794781,0.796389,0.836249,0.839302,0.842813,0.837067,0.809158,0.794024,0.830169,0.794540,0.863357,0.823860,0.836360,0.799024,0.822076,0.830325,0.831984,0.814248,0.828654,0.795703,0.782841,0.832776,0.827735,0.806781,0.866492,0.833179,0.816241,0.824175,0.827472,0.808720,0.814861,0.855655,0.827845,0.829611,0.836025,0.828673,0.802568,0.801162,0.820512,0.835606,0.791975,0.801083,0.818188,0.834929,0.796268,0.839239,0.786378,0.823233,0.782432,0.812700,0.789359,0.837464,0.825781,0.816909,#
6,0.832214,0.788410,0.805486,0.807651,0.819089,0.781520,1.000000,0.789343,0.823833,0.793258,0.791848,0.806197,0.808863,0.827717,0.767475,0.820307,0.818902,0.844726,0.801773,0.791899,0.849939,0.804634,0.775870,0.816150,0.795232,0.800712,0.810605,0.807409,0.802483,0.834914,0.815103,0.826992,0.826331,0.815472,0.798101,0.827464,0.798506,0.789833,0.800120,0.824588,0.810844,0.808692,0.835243,0.807113,0.835169,0.775499,0.832345,0.795801,0.848602,0.826724,0.818731,0.838531,0.833241,0.776233,0.843380,0.823978,0.820958,0.837252,0.837803,0.775260,0.825684,0.798574,0.796806,0.799418,0.860816,0.806018,0.848863,0.815447,0.810426,0.791664,0.814170,0.828437,0.827852,0.830701,0.799057,0.802408,0.816258,0.806546,0.824279,0.793085,0.835980,0.823034,0.814056,0.823960,0.810048,0.817173,0.807844,0.809772,0.818321,0.817607,0.789119,0.802584,0.791566,0.814523,0.805784,0.786784,0.820532,0.799191,0.803938,0.818588,0.821560,0.817032,0.820231,0.812450,0.804870,0.772904,0.820971,0.809386,0.803704,0.766584,0.779922,0.790091,0.785695,0.793780,0.782434,0.784822,0.804965,0.813820,0.782720,0.787428,0.800205,0.827498,0.794975,0.848332,0.829639,0.828458,0.783445,0.805162,0.758118,0.807783,0.813977,0.824934,0.806108,0.778842,0.824583,0.811867,0.822921,0.786287,0.828130,0.818955,0.813961,0.826250,0.775775,0.799204,0.796668,0.808092,0.800606,0.783770,0.802687,0.796664,0.816977,0.839373,0.773597,0.759282,0.800951,0.782566,0.817486,0.783361,0.819914,0.814508,0.797219,0.820000,0.792134,0.808264,0.805487,0.805509,0.839845,0.738932,0.814261,0.795623,0.830708,0.813921,0.769039,0.777987,0.815785,0.820178,0.804173,0.831587,0.801511,0.792264,0.807489,0.811839,0.818939,0.814795,0.804589,0.807758,0.769402,0.800459,0.769459,0.801581,0.776081,0.807726,0.785385,0.807637,0.811233,0.812706,0.808567,0.833388,0.807885,0.796155,#
7,0.832463,0.822169,0.829857,0.823299,0.816732,0.839045,0.789343,1.000000,0.869975,0.801156,0.815225,0.815421,0.802468,0.825625,0.834768,0.786385,0.828140,0.831080,0.823991,0.827501,0.836772,0.807081,0.852693,0.827647,0.816996,0.829710,0.828460,0.836331,0.817449,0.837376,0.794663,0.842555,0.814737,0.830413,0.798634,0.827533,0.824535,0.808267,0.836890,0.820518,0.818057,0.816599,0.815813,0.831047,0.818496,0.823483,0.844302,0.849156,0.821365,0.808846,0.836729,0.830234,0.839375,0.848396,0.841511,0.833840,0.809259,0.835625,0.826609,0.835232,0.785874,0.823959,0.820999,0.825100,0.850740,0.834240,0.841571,0.824513,0.831274,0.822290,0.828883,0.779293,0.875304,0.834208,0.844644,0.803993,0.828025,0.817639,0.827458,0.815441,0.855289,0.825002,0.850413,0.826137,0.832567,0.832834,0.849962,0.825830,0.812051,0.827036,0.797299,0.838384,0.835172,0.825051,0.836683,0.797737,0.821314,0.833756,0.840092,0.822334,0.839486,0.809090,0.804325,0.819892,0.815788,0.826354,0.820077,0.839667,0.819119,0.787196,0.854150,0.802805,0.832474,0.819143,0.811521,0.819965,0.806362,0.796914,0.801934,0.813797,0.816403,0.831510,0.804729,0.855001,0.853342,0.816573,0.824755,0.832217,0.787909,0.799150,0.823738,0.834222,0.847710,0.804155,0.854646,0.854321,0.815006,0.836005,0.794991,0.808261,0.814664,0.828939,0.831105,0.808852,0.828576,0.809148,0.818628,0.765595,0.835978,0.822903,0.811118,0.835804,0.820263,0.796389,0.822267,0.836544,0.842456,0.828899,0.834369,0.816974,0.831860,0.793985,0.849700,0.800384,0.800049,0.811577,0.833356,0.783042,0.802574,0.791627,0.853152,0.835128,0.821185,0.833425,0.824120,0.807764,0.811359,0.829446,0.816181,0.822555,0.827257,0.820601,0.814811,0.808431,0.797365,0.840133,0.788851,0.774822,0.816879,0.845773,0.822465,0.822659,0.802139,0.794931,0.823535,0.815532,0.801979,0.858588,0.832607,0.817662,#
8,0.829567,0.840224,0.833102,0.845034,0.792395,0.828291,0.823833,0.869975,1.000000,0.832179,0.804469,0.824643,0.817471,0.841479,0.823348,0.837232,0.802584,0.853208,0.806489,0.848181,0.833069,0.849189,0.829326,0.826194,0.798878,0.828541,0.836134,0.841418,0.821870,0.839229,0.824752,0.845803,0.833736,0.823918,0.791415,0.846617,0.821330,0.825416,0.818713,0.827660,0.815358,0.822379,0.864010,0.808125,0.816666,0.808771,0.834228,0.839818,0.838667,0.831018,0.854671,0.842526,0.807686,0.850605,0.834108,0.859709,0.829024,0.841278,0.818545,0.814988,0.836764,0.821153,0.855050,0.830256,0.860887,0.847069,0.844975,0.854014,0.846825,0.826313,0.833296,0.821698,0.866943,0.846240,0.830494,0.808378,0.826683,0.830898,0.834885,0.828664,0.859976,0.830491,0.833830,0.827698,0.845674,0.844225,0.823123,0.843144,0.805617,0.818354,0.819242,0.831139,0.836144,0.834758,0.839883,0.813042,0.823172,0.822707,0.852864,0.826456,0.848461,0.810336,0.824915,0.847486,0.814660,0.830707,0.829612,0.845419,0.804604,0.809478,0.817366,0.813428,0.835027,0.810681,0.811997,0.840048,0.804279,0.806828,0.818968,0.820809,0.808372,0.837307,0.823527,0.845943,0.822466,0.846110,0.813362,0.827937,0.809287,0.829856,0.804865,0.838162,0.848158,0.833103,0.871695,0.831011,0.818805,0.810549,0.805513,0.820720,0.811774,0.848400,0.843698,0.811024,0.828430,0.804536,0.816194,0.793862,0.839556,0.827125,0.824641,0.836970,0.803408,0.842182,0.831493,0.824332,0.841214,0.841778,0.851054,0.839529,0.813461,0.807372,0.849674,0.838740,0.809730,0.809466,0.826313,0.793993,0.839149,0.813235,0.846385,0.844828,0.813239,0.829647,0.844184,0.819052,0.820695,0.852472,0.819134,0.797404,0.819339,0.848600,0.797683,0.841117,0.833765,0.825647,0.830020,0.790861,0.815706,0.842010,0.836512,0.830475,0.843316,0.821248,0.816103,0.815678,0.799519,0.835179,0.832170,0.840367,#
9,0.802920,0.814493,0.810396,0.826086,0.795863,0.801469,0.793258,0.801156,0.832179,1.000000,0.798391,0.788212,0.813805,0.814882,0.825884,0.819747,0.806521,0.816892,0.822147,0.810774,0.844450,0.796931,0.813772,0.844783,0.783821,0.771562,0.811485,0.850310,0.784131,0.828456,0.799695,0.836590,0.824408,0.820741,0.801550,0.815802,0.797700,0.792373,0.818062,0.818303,0.822986,0.798634,0.805500,0.787984,0.827344,0.793409,0.823978,0.807862,0.799293,0.791618,0.800983,0.792673,0.783289,0.806242,0.817231,0.831245,0.813832,0.846602,0.806154,0.799367,0.811180,0.805788,0.808640,0.804678,0.823393,0.839483,0.835060,0.829362,0.828031,0.788309,0.825860,0.795686,0.830570,0.800873,0.818879,0.798453,0.808645,0.831144,0.823897,0.846961,0.825620,0.821214,0.816787,0.837785,0.832212,0.806164,0.807022,0.857485,0.804703,0.771264,0.795124,0.814918,0.828736,0.807421,0.824594,0.768672,0.797293,0.809970,0.828033,0.792197,0.834763,0.813401,0.831039,0.817392,0.824249,0.816446,0.809452,0.821703,0.827406,0.805260,0.823413,0.809754,0.844625,0.813141,0.773640,0.835462,0.755300,0.785765,0.771256,0.766621,0.783970,0.839459,0.813897,0.835169,0.811450,0.798441,0.804763,0.791551,0.816447,0.808614,0.792807,0.830563,0.818349,0.828230,0.835005,0.792272,0.802080,0.790356,0.774964,0.794995,0.803717,0.844901,0.817779,0.828932,0.801574,0.808646,0.802111,0.788686,0.805908,0.800806,0.789629,0.795873,0.803161,0.798511,0.820805,0.805048,0.813160,0.809374,0.811350,0.813243,0.807832,0.819438,0.817248,0.820922,0.811765,0.808544,0.787547,0.772204,0.844310,0.789938,0.837356,0.834395,0.789543,0.798287,0.822296,0.841948,0.803322,0.845870,0.791476,0.806491,0.812395,0.805707,0.803261,0.789768,0.801692,0.831741,0.760562,0.766265,0.843022,0.789304,0.803809,0.811858,0.786569,0.783266,0.776166,0.793038,0.805686,0.819652,0.788798,0.780589,#
10,0.827638,0.828302,0.809503,0.819034,0.777589,0.810394,0.791848,0.815225,0.804469,0.798391,1.000000,0.808161,0.766988,0.797583,0.780287,0.800874,0.815573,0.795968,0.802348,0.812098,0.817650,0.771705,0.815509,0.847949,0.770260,0.784002,0.809716,0.843449,0.779204,0.825896,0.804628,0.816992,0.817102,0.825429,0.806524,0.822022,0.800801,0.806095,0.810772,0.798603,0.822533,0.780744,0.797862,0.771826,0.808774,0.820115,0.850006,0.821198,0.831063,0.850669,0.786496,0.830503,0.815185,0.784154,0.825212,0.841389,0.806025,0.827655,0.790391,0.805386,0.806454,0.812543,0.834740,0.826470,0.837312,0.776768,0.833660,0.795992,0.816639,0.796480,0.825547,0.820509,0.857352,0.772392,0.806040,0.821425,0.799646,0.828329,0.812365,0.794832,0.860829,0.813119,0.822920,0.803835,0.820794,0.801025,0.813822,0.811445,0.806839,0.838509,0.781897,0.837169,0.838439,0.804918,0.796321,0.798081,0.760846,0.802756,0.833476,0.825187,0.805914,0.797601,0.794418,0.826259,0.846424,0.787028,0.814513,0.814406,0.796883,0.772235,0.790526,0.787942,0.826514,0.798292,0.779124,0.836485,0.775658,0.802532,0.802213,0.772414,0.792785,0.842501,0.773874,0.827414,0.765995,0.796983,0.819855,0.809577,0.802940,0.809344,0.766773,0.816273,0.791017,0.801091,0.835189,0.840137,0.783667,0.802877,0.789965,0.816330,0.834641,0.812296,0.766101,0.804313,0.777705,0.775186,0.798651,0.768054,0.813958,0.799229,0.794820,0.806209,0.803324,0.778133,0.815242,0.783673,0.852955,0.818952,0.802028,0.781302,0.828234,0.791706,0.803693,0.815609,0.803347,0.779575,0.820103,0.769092,0.826917,0.824902,0.813295,0.806967,0.765779,0.802033,0.825823,0.795448,0.796156,0.832688,0.773534,0.808516,0.778995,0.791922,0.812599,0.781071,0.773301,0.813460,0.770183,0.768321,0.769414,0.817051,0.809264,0.784958,0.801365,0.807636,0.811460,0.805889,0.787147,0.832375,0.797529,0.814147,#
11,0.849920,0.829184,0.801904,0.830323,0.830887,0.812944,0.806197,0.815421,0.824643,0.788212,0.808161,1.000000,0.825635,0.816128,0.812041,0.802553,0.822718,0.858567,0.845458,0.814308,0.821113,0.805576,0.830424,0.822636,0.799094,0.813060,0.796959,0.821105,0.815241,0.802847,0.820162,0.844905,0.841629,0.831716,0.785862,0.829127,0.842107,0.833241,0.804703,0.838351,0.822302,0.798284,0.828022,0.801912,0.804939,0.799722,0.868941,0.843432,0.815481,0.835392,0.807516,0.820039,0.846082,0.821495,0.845726,0.837067,0.783992,0.852691,0.815306,0.811190,0.789961,0.798906,0.839115,0.808447,0.843661,0.816297,0.832927,0.831375,0.836211,0.826544,0.834749,0.815309,0.848464,0.825993,0.840286,0.777779,0.838822,0.829835,0.809294,0.775563,0.832463,0.819209,0.845551,0.816592,0.859432,0.822469,0.793914,0.809842,0.801940,0.791717,0.815415,0.831498,0.825039,0.814064,0.809906,0.829966,0.788774,0.797897,0.808161,0.818869,0.808602,0.833542,0.818928,0.819661,0.837885,0.826862,0.817889,0.849701,0.838309,0.794337,0.835573,0.826851,0.834605,0.794256,0.766610,0.821976,0.802676,0.813863,0.788832,0.810288,0.775850,0.837938,0.814367,0.837916,0.821670,0.806182,0.828271,0.807063,0.806840,0.836008,0.822640,0.827219,0.831023,0.828387,0.842448,0.813923,0.812524,0.817029,0.812943,0.820875,0.814674,0.812676,0.807487,0.831240,0.835756,0.780318,0.824457,0.787887,0.811103,0.826953,0.812004,0.811395,0.797018,0.822698,0.848559,0.796464,0.845796,0.801507,0.821201,0.793284,0.824483,0.831186,0.833759,0.808873,0.820264,0.781264,0.840960,0.771333,0.831900,0.838213,0.835626,0.804794,0.829412,0.850538,0.815277,0.810836,0.822265,0.828793,0.791541,0.829774,0.822015,0.806869,0.844267,0.782767,0.824326,0.799175,0.780766,0.815476,0.800776,0.816232,0.824832,0.820062,0.819024,0.817185,0.814490,0.804760,0.808877,0.833031,0.803186,0.802465,#
12,0.810430,0.810642,0.770117,0.810258,0.784903,0.796864,0.808863,0.802468,0.817471,0.813805,0.766988,0.825635,1.000000,0.821568,0.821891,0.785750,0.820089,0.837092,0.828790,0.818262,0.824435,0.779272,0.817511,0.835628,0.785610,0.802669,0.796488,0.817472,0.810943,0.797111,0.797197,0.822738,0.822595,0.822866,0.800256,0.820401,0.800644,0.806352,0.801899,0.819107,0.764821,0.761613,0.799503,0.818774,0.816257,0.814538,0.842349,0.796596,0.817807,0.797727,0.845875,0.790393,0.792313,0.814646,0.831657,0.832517,0.786800,0.824631,0.795815,0.777325,0.777705,0.816103,0.794642,0.798553,0.839296,0.823075,0.805480,0.797709,0.831836,0.806772,0.820390,0.793265,0.843149,0.798971,0.833547,0.806637,0.819559,0.801559,0.815886,0.813289,0.831829,0.808911,0.827124,0.823086,0.788641,0.815561,0.779321,0.813783,0.807648,0.776116,0.791413,0.792193,0.826899,0.777520,0.789121,0.808632,0.844814,0.817187,0.793332,0.787952,0.771906,0.819370,0.822611,0.843366,0.779217,0.795228,0.793073,0.793189,0.813753,0.781569,0.813574,0.790335,0.810993,0.779282,0.821843,0.812194,0.784645,0.779023,0.804161,0.768738,0.782245,0.835843,0.795662,0.847052,0.818961,0.806945,0.803587,0.761124,0.764187,0.798245,0.770016,0.806297,0.787083,0.799990,0.808166,0.795231,0.796084,0.817663,0.798572,0.769843,0.818797,0.837697,0.797295,0.812915,0.789945,0.799402,0.809987,0.770145,0.812425,0.841138,0.802629,0.810050,0.808664,0.766406,0.819532,0.834443,0.841756,0.813838,0.819004,0.791387,0.800349,0.830130,0.818118,0.804822,0.837886,0.752675,0.793965,0.813342,0.777993,0.779927,0.825259,0.809743,0.795173,0.810761,0.800223,0.788913,0.829409,0.846083,0.790801,0.762998,0.795480,0.820106,0.800118,0.773019,0.752169,0.810799,0.770985,0.812644,0.808607,0.796485,0.777281,0.791362,0.778265,0.808298,0.775206,0.813477,0.788281,0.821363,0.818675,0.753733,#
13,0.813751,0.805516,0.823817,0.808657,0.820144,0.806033,0.827717,0.825625,0.841479,0.814882,0.797583,0.816128,0.821568,1.000000,0.795503,0.795728,0.803908,0.857362,0.836357,0.820364,0.838847,0.806427,0.842054,0.824778,0.793699,0.807991,0.807550,0.844601,0.820231,0.854191,0.790924,0.823925,0.851281,0.847183,0.770466,0.812768,0.806884,0.832921,0.816764,0.833649,0.846241,0.817112,0.833068,0.802979,0.851641,0.821100,0.842610,0.827461,0.851676,0.824006,0.833444,0.849378,0.808510,0.828584,0.850543,0.862189,0.825653,0.847159,0.821364,0.820072,0.816711,0.822490,0.813492,0.826999,0.864004,0.827212,0.843974,0.822893,0.845894,0.802844,0.804652,0.813859,0.832765,0.842698,0.847222,0.808780,0.823774,0.831233,0.844676,0.833999,0.846451,0.828665,0.859004,0.831497,0.823811,0.836248,0.798931,0.806026,0.842539,0.817235,0.803036,0.825313,0.839209,0.826525,0.827659,0.781333,0.814710,0.809226,0.826289,0.849212,0.827914,0.820523,0.833592,0.859386,0.823410,0.848707,0.815953,0.835208,0.818356,0.789916,0.826770,0.826775,0.836311,0.820263,0.820665,0.833639,0.784199,0.840756,0.834262,0.809781,0.812447,0.845836,0.804666,0.809795,0.814483,0.789102,0.825535,0.783646,0.802967,0.813744,0.810895,0.824038,0.819797,0.816323,0.856266,0.819735,0.805993,0.820395,0.845968,0.796044,0.803504,0.858629,0.849569,0.809515,0.792427,0.807463,0.832909,0.798061,0.839695,0.820667,0.821641,0.844729,0.801129,0.807259,0.833129,0.818295,0.843924,0.812412,0.840761,0.804417,0.827224,0.822708,0.824681,0.838100,0.822341,0.801621,0.832464,0.788342,0.837786,0.802266,0.835032,0.841442,0.838689,0.829899,0.850814,0.830115,0.831179,0.876647,0.820151,0.808698,0.803876,0.831017,0.836236,0.804282,0.828204,0.834653,0.788143,0.807187,0.779628,0.812128,0.829630,0.817405,0.820246,0.838300,0.832994,0.803570,0.808757,0.830577,0.828743,0.791373,#
14,0.832580,0.809856,0.802922,0.817218,0.789970,0.804859,0.767475,0.834768,0.823348,0.825884,0.780287,0.812041,0.821891,0.795503,1.000000,0.808134,0.803242,0.796202,0.802916,0.815026,0.816986,0.795857,0.813140,0.848683,0.789730,0.756389,0.813004,0.814480,0.802386,0.821153,0.813160,0.815948,0.806796,0.796862,0.814754,0.815204,0.774698,0.809278,0.823664,0.789118,0.786574,0.772995,0.809227,0.796586,0.808162,0.806363,0.816093,0.799786,0.771731,0.793955,0.793057,0.804343,0.790103,0.842090,0.812432,0.814719,0.783865,0.810740,0.815963,0.780628,0.793143,0.826180,0.809927,0.814687,0.812740,0.788568,0.803535,0.805254,0.800558,0.811441,0.796622,0.775763,0.840557,0.806842,0.829684,0.781602,0.829489,0.817304,0.799514,0.784752,0.831604,0.818868,0.837497,0.825532,0.815128,0.813512,0.786270,0.816441,0.804925,0.756052,0.759121,0.780206,0.833326,0.837738,0.814546,0.803729,0.834330,0.801741,0.811926,0.777648,0.816159,0.808923,0.818635,0.780710,0.813440,0.794010,0.785775,0.791770,0.791897,0.773704,0.815717,0.797824,0.818878,0.798308,0.770990,0.815726,0.776164,0.764096,0.789318,0.764009,0.804722,0.840208,0.794119,0.822039,0.818570,0.758411,0.812729,0.827687,0.759942,0.809465,0.775606,0.821962,0.797063,0.803639,0.826622,0.810878,0.792286,0.808065,0.789998,0.777548,0.788525,0.824004,0.771765,0.816909,0.779005,0.828718,0.818874,0.761372,0.814543,0.784451,0.809364,0.801622,0.779414,0.782683,0.829081,0.803051,0.824246,0.800767,0.783796,0.786946,0.800202,0.797058,0.813390,0.792967,0.793977,0.781361,0.796611,0.760444,0.785273,0.823755,0.805282,0.794854,0.816091,0.823729,0.814568,0.815622,0.802204,0.823296,0.788974,0.772779,0.808851,0.837139,0.794832,0.781966,0.787603,0.792274,0.782499,0.750599,0.784064,0.791936,0.768610,0.780089,0.815139,0.819596,0.786455,0.783829,0.787078,0.799443,0.788294,0.746850,#
15,0.821091,0.805501,0.795672,0.819245,0.813338,0.819166,0.820307,0.786385,0.837232,0.819747,0.800874,0.802553,0.785750,0.795728,0.808134,1.000000,0.795632,0.837430,0.805317,0.808756,0.806867,0.819379,0.813964,0.825669,0.790545,0.779369,0.790882,0.803885,0.810906,0.821995,0.819461,0.839825,0.830583,0.834276,0.763865,0.845974,0.812174,0.817349,0.816549,0.788745,0.790026,0.773917,0.815437,0.794697,0.831779,0.795997,0.821720,0.823530,0.823564,0.821714,0.797289,0.844042,0.783537,0.797876,0.822352,0.808141,0.815399,0.806429,0.813428,0.790197,0.825202,0.808946,0.807944,0.825490,0.822134,0.832716,0.812574,0.814948,0.797022,0.763304,0.817973,0.786020,0.802465,0.796797,0.815360,0.797183,0.822467,0.807619,0.827667,0.795341,0.836879,0.803460,0.802751,0.820692,0.846746,0.808815,0.774851,0.831326,0.798175,0.782276,0.776130,0.801311,0.823329,0.823228,0.778613,0.798094,0.790720,0.791784,0.804531,0.806951,0.828836,0.805404,0.830621,0.823087,0.800055,0.794349,0.803708,0.822635,0.786286,0.804501,0.778110,0.781989,0.819365,0.802293,0.769490,0.795641,0.776283,0.796807,0.784071,0.804204,0.778617,0.820756,0.798113,0.827550,0.786134,0.807201,0.823306,0.789219,0.787964,0.844563,0.786310,0.800101,0.791419,0.783412,0.824194,0.808004,0.798120,0.768991,0.782480,0.797449,0.792561,0.813854,0.785407,0.799776,0.803646,0.796605,0.779696,0.774209,0.804339,0.796446,0.817211,0.808138,0.810409,0.793403,0.805710,0.787170,0.849367,0.797769,0.808167,0.812556,0.780867,0.818974,0.833507,0.784023,0.801961,0.791534,0.813925,0.788841,0.826948,0.790724,0.789290,0.827669,0.752329,0.824383,0.797692,0.840868,0.810665,0.835499,0.801412,0.802818,0.805201,0.818794,0.801372,0.816539,0.804787,0.790275,0.747459,0.774544,0.755600,0.796531,0.774226,0.811627,0.801933,0.784886,0.781416,0.794067,0.809670,0.808201,0.816489,0.797624,#
16,0.850573,0.813945,0.798311,0.813366,0.818170,0.825990,0.818902,0.828140,0.802584,0.806521,0.815573,0.822718,0.820089,0.803908,0.803242,0.795632,1.000000,0.832630,0.825509,0.832847,0.879651,0.806988,0.778225,0.838224,0.807597,0.819289,0.831333,0.794650,0.792675,0.827830,0.812850,0.852232,0.845913,0.818900,0.798097,0.825653,0.840738,0.813577,0.815318,0.827601,0.805723,0.802655,0.814355,0.809615,0.815287,0.825123,0.826394,0.818786,0.827694,0.834825,0.792930,0.816040,0.830195,0.843684,0.848838,0.847682,0.760279,0.834716,0.816254,0.778765,0.809318,0.833207,0.805224,0.802047,0.820540,0.799061,0.833878,0.824811,0.836137,0.834418,0.813838,0.797017,0.856160,0.815949,0.821738,0.785537,0.811987,0.824131,0.813836,0.830051,0.862804,0.826487,0.840680,0.843630,0.831383,0.828934,0.824778,0.809204,0.824060,0.824601,0.783903,0.802650,0.842664,0.812813,0.821224,0.829751,0.815819,0.813058,0.842063,0.819135,0.813969,0.812210,0.807629,0.839866,0.796277,0.844135,0.840050,0.820742,0.841435,0.797597,0.834332,0.822560,0.831428,0.803359,0.818250,0.845024,0.842086,0.827807,0.800539,0.737020,0.797357,0.843881,0.819518,0.841182,0.832315,0.814052,0.814408,0.777094,0.799744,0.805857,0.836654,0.822944,0.817705,0.781921,0.847811,0.848454,0.801998,0.801877,0.789687,0.809265,0.815769,0.826595,0.821246,0.822520,0.790827,0.787879,0.832964,0.797618,0.825563,0.822565,0.788415,0.843938,0.781312,0.782125,0.864603,0.814994,0.843333,0.806163,0.807940,0.807497,0.807288,0.815006,0.840550,0.800637,0.818861,0.811621,0.822336,0.798327,0.819510,0.795987,0.827027,0.831971,0.817120,0.818207,0.809787,0.823727,0.793698,0.862985,0.822239,0.801504,0.798223,0.803775,0.817950,0.787799,0.795932,0.828343,0.797341,0.818953,0.812694,0.817470,0.823750,0.802302,0.823907,0.808016,0.808553,0.822824,0.812574,0.835196,0.810288,0.811075,#
17,0.860170,0.816654,0.824281,0.823510,0.833885,0.835723,0.844726,0.831080,0.853208,0.816892,0.795968,0.858567,0.837092,0.857362,0.796202,0.837430,0.832630,1.000000,0.823286,0.839773,0.843036,0.824146,0.835347,0.847468,0.831881,0.836402,0.838653,0.835156,0.815769,0.852425,0.832963,0.859511,0.836011,0.823113,0.795787,0.861024,0.814593,0.840930,0.839333,0.851919,0.839124,0.825275,0.843875,0.821515,0.822442,0.826942,0.848494,0.874118,0.845192,0.840422,0.843401,0.827844,0.834420,0.828213,0.846062,0.848577,0.816728,0.831623,0.825303,0.800378,0.814241,0.825738,0.818675,0.833816,0.855554,0.865704,0.872012,0.851033,0.821260,0.813940,0.828855,0.827093,0.837022,0.821621,0.839164,0.802400,0.852158,0.838264,0.845042,0.840988,0.854584,0.842446,0.857538,0.841910,0.836715,0.832202,0.839890,0.841014,0.830513,0.823716,0.820962,0.804089,0.850049,0.836751,0.827765,0.847635,0.829735,0.801251,0.819458,0.833475,0.850347,0.804453,0.825225,0.842287,0.811546,0.827085,0.831203,0.838075,0.820003,0.817726,0.833141,0.812084,0.824878,0.827442,0.829683,0.812356,0.787834,0.824482,0.816167,0.803606,0.823519,0.857708,0.837534,0.844703,0.825819,0.833422,0.833710,0.803103,0.799339,0.825328,0.850280,0.863004,0.856857,0.811989,0.840923,0.852310,0.835004,0.828552,0.839020,0.847129,0.839562,0.854492,0.860423,0.834879,0.845704,0.818022,0.831076,0.813317,0.848599,0.814579,0.839975,0.831282,0.814116,0.809957,0.849530,0.848987,0.880796,0.825242,0.842919,0.807583,0.817828,0.834924,0.858800,0.824106,0.834693,0.807559,0.811679,0.780064,0.851442,0.803101,0.854856,0.823897,0.832878,0.833643,0.854863,0.820261,0.838275,0.865252,0.818833,0.848969,0.841025,0.862204,0.831631,0.840319,0.840006,0.822092,0.802300,0.846856,0.788813,0.815261,0.830726,0.838106,0.831917,0.849444,0.839562,0.853193,0.805014,0.861368,0.819419,0.797124,#
18,0.838743,0.812440,0.796668,0.847468,0.805909,0.795809,0.801773,0.823991,0.806489,0.822147,0.802348,0.845458,0.828790,0.836357,0.802916,0.805317,0.825509,0.823286,1.000000,0.832676,0.821089,0.821244,0.833495,0.814099,0.792493,0.827141,0.813639,0.832228,0.802143,0.839549,0.773788,0.843565,0.838972,0.834120,0.818020,0.845576,0.812547,0.815312,0.816513,0.841110,0.824240,0.779477,0.815537,0.787640,0.845497,0.802350,0.832398,0.830246,0.805137,0.814079,0.798712,0.812547,0.836343,0.798826,0.842048,0.841545,0.798598,0.836396,0.805259,0.833123,0.816447,0.795106,0.824584,0.802194,0.857251,0.794909,0.824462,0.795895,0.771571,0.813039,0.821731,0.780951,0.845540,0.803943,0.853224,0.775526,0.843885,0.813836,0.821197,0.816833,0.835643,0.808476,0.839545,0.824146,0.834217,0.825208,0.806203,0.820315,0.821292,0.793885,0.813419,0.788903,0.835153,0.816278,0.823909,0.797058,0.824058,0.819512,0.816810,0.821452,0.832451,0.799455,0.822559,0.834589,0.828080,0.821048,0.805608,0.811772,0.805931,0.786006,0.849514,0.778441,0.846977,0.820646,0.773026,0.806558,0.795320,0.802550,0.802548,0.774441,0.806965,0.856354,0.803687,0.814791,0.819653,0.782434,0.826700,0.804572,0.829464,0.793291,0.793436,0.834073,0.813209,0.809532,0.831558,0.831662,0.821403,0.825514,0.785814,0.803447,0.800828,0.847531,0.814553,0.849619,0.803817,0.814288,0.816884,0.777780,0.828262,0.814026,0.802087,0.830445,0.814904,0.785425,0.827395,0.823190,0.839187,0.835038,0.814689,0.808926,0.831026,0.820731,0.851487,0.815492,0.812462,0.806442,0.860540,0.777013,0.810896,0.811062,0.812604,0.831597,0.829947,0.830798,0.796334,0.828212,0.819081,0.854857,0.799644,0.831622,0.798294,0.820054,0.803742,0.800049,0.803939,0.823473,0.810133,0.785323,0.790471,0.816727,0.821770,0.813039,0.793300,0.850445,0.819972,0.811715,0.787664,0.842553,0.819306,0.787542,#
19,0.838242,0.834569,0.825269,0.817886,0.848912,0.857771,0.791899,0.827501,0.848181,0.810774,0.812098,0.814308,0.818262,0.820364,0.815026,0.808756,0.832847,0.839773,0.832676,1.000000,0.837733,0.794939,0.821223,0.838574,0.807462,0.792517,0.832626,0.806952,0.803889,0.842439,0.841609,0.847515,0.833667,0.814521,0.779405,0.843781,0.803256,0.797337,0.827395,0.820959,0.827918,0.790311,0.818470,0.812277,0.814897,0.823646,0.863909,0.828658,0.839922,0.804197,0.795069,0.820117,0.819433,0.823877,0.826336,0.829203,0.827692,0.818664,0.822786,0.788354,0.814694,0.824696,0.850121,0.821239,0.848538,0.818017,0.825249,0.816933,0.805072,0.804515,0.827044,0.795693,0.850794,0.812621,0.827939,0.796538,0.814251,0.817594,0.835753,0.812685,0.842952,0.797976,0.861405,0.806381,0.814652,0.823152,0.809537,0.845118,0.840112,0.776296,0.797218,0.804284,0.837746,0.828939,0.809008,0.807870,0.826696,0.818563,0.818625,0.821322,0.832111,0.801930,0.811351,0.828137,0.812533,0.822198,0.834134,0.824515,0.806016,0.760559,0.805611,0.792109,0.826947,0.814290,0.807479,0.815939,0.824735,0.820406,0.798005,0.737238,0.811955,0.852824,0.806298,0.851328,0.836114,0.802247,0.839564,0.805309,0.836451,0.850952,0.810624,0.844168,0.815654,0.823836,0.855824,0.831722,0.812623,0.824569,0.793414,0.789222,0.802673,0.829621,0.811247,0.812817,0.803667,0.795378,0.802907,0.760094,0.841023,0.825479,0.810275,0.851492,0.801616,0.790242,0.847594,0.813214,0.856549,0.818996,0.835159,0.817506,0.817993,0.821611,0.829193,0.792484,0.828590,0.799204,0.796397,0.818341,0.819414,0.800972,0.823238,0.835689,0.833338,0.829588,0.837263,0.806939,0.822475,0.863659,0.811859,0.788156,0.778096,0.839724,0.826664,0.829845,0.829736,0.805398,0.784632,0.805415,0.808431,0.819284,0.826511,0.821852,0.795080,0.837270,0.813422,0.825146,0.771040,0.814357,0.823230,0.797927,#
20,0.835426,0.825059,0.818633,0.823203,0.841883,0.824690,0.849939,0.836772,0.833069,0.844450,0.817650,0.821113,0.824435,0.838847,0.816986,0.806867,0.879651,0.843036,0.821089,0.837733,1.000000,0.826281,0.805553,0.849484,0.813627,0.836906,0.843362,0.831298,0.805887,0.843561,0.826176,0.842125,0.838014,0.860035,0.830766,0.846947,0.840135,0.822066,0.846676,0.848800,0.827308,0.849082,0.818251,0.836846,0.850795,0.820472,0.858059,0.816198,0.821248,0.818073,0.814467,0.848446,0.819239,0.850791,0.853889,0.847857,0.807276,0.848900,0.833611,0.816186,0.834541,0.823939,0.846711,0.814383,0.860040,0.831720,0.859660,0.820806,0.829744,0.819701,0.842329,0.827384,0.836816,0.829196,0.841311,0.781114,0.814264,0.833747,0.836852,0.847301,0.862938,0.854061,0.853233,0.845962,0.818817,0.832480,0.838056,0.831369,0.838359,0.844789,0.824823,0.828501,0.843189,0.851687,0.847632,0.800781,0.806654,0.812757,0.839595,0.833494,0.856112,0.831460,0.838210,0.846796,0.839211,0.808956,0.854436,0.841955,0.821776,0.838717,0.838739,0.840800,0.822233,0.788474,0.833936,0.833899,0.836442,0.847835,0.789456,0.783815,0.843010,0.855626,0.815478,0.864112,0.817944,0.823888,0.813277,0.797634,0.824635,0.837889,0.843656,0.834756,0.847148,0.840031,0.854309,0.827321,0.798106,0.825957,0.831626,0.837588,0.817554,0.834043,0.830556,0.836877,0.831725,0.801261,0.828095,0.803392,0.821580,0.855496,0.836089,0.848082,0.815818,0.815320,0.856540,0.822342,0.835626,0.823116,0.841438,0.825857,0.813974,0.838277,0.830948,0.825661,0.851610,0.776343,0.811875,0.794251,0.824916,0.811945,0.837891,0.828407,0.844651,0.829970,0.822652,0.819961,0.810593,0.866860,0.827410,0.822644,0.817341,0.824753,0.833082,0.800115,0.810600,0.842000,0.793389,0.826521,0.805941,0.827234,0.793193,0.810962,0.826679,0.848093,0.827078,0.803653,0.815335,0.844474,0.843215,0.823342,#
21,0.800410,0.844991,0.801158,0.849258,0.813463,0.794360,0.804634,0.807081,0.849189,0.796931,0.771705,0.805576,0.779272,0.806427,0.795857,0.819379,0.806988,0.824146,0.821244,0.794939,0.826281,1.000000,0.819689,0.832080,0.760261,0.787678,0.826317,0.792087,0.809893,0.799791,0.808541,0.803909,0.843982,0.835056,0.806837,0.843147,0.812719,0.817261,0.820973,0.808117,0.797592,0.825870,0.803362,0.800710,0.818476,0.806340,0.810247,0.811526,0.805463,0.791713,0.795181,0.823380,0.801190,0.795953,0.839889,0.819218,0.801694,0.810430,0.835744,0.773839,0.810240,0.807620,0.781585,0.785587,0.852149,0.814273,0.823294,0.818324,0.794337,0.812841,0.819378,0.818948,0.838196,0.822183,0.854356,0.795625,0.806018,0.806488,0.817024,0.825060,0.819428,0.795341,0.835275,0.812810,0.848106,0.815139,0.794726,0.823991,0.822985,0.820297,0.770232,0.779776,0.825336,0.808873,0.825394,0.804797,0.813067,0.779487,0.797718,0.829499,0.824189,0.822216,0.786553,0.822127,0.791431,0.830936,0.794997,0.807356,0.797239,0.815479,0.830922,0.778367,0.817352,0.819076,0.755069,0.787911,0.812094,0.826613,0.779726,0.789848,0.805550,0.827304,0.806336,0.818812,0.812862,0.771463,0.811795,0.817222,0.792334,0.825601,0.823614,0.845773,0.823647,0.804941,0.843585,0.802890,0.779782,0.755270,0.790144,0.818459,0.811113,0.836458,0.793016,0.815484,0.800032,0.799978,0.801959,0.764960,0.807980,0.811550,0.822953,0.824631,0.785716,0.808545,0.817401,0.819467,0.824083,0.800798,0.802865,0.811899,0.800516,0.826125,0.828443,0.832548,0.832725,0.778835,0.828740,0.777972,0.780121,0.798891,0.817417,0.814831,0.791680,0.798466,0.803496,0.813194,0.764935,0.835015,0.795083,0.790717,0.790584,0.838327,0.789073,0.806265,0.812744,0.826871,0.791734,0.761566,0.758271,0.812561,0.806516,0.786119,0.799800,0.818293,0.812097,0.791287,0.815399,0.822873,0.776740,0.795243,#
