0,1.000000,0.785989,0.783607,0.756123,0.714269,0.780763,0.751154,0.779375,0.759588,0.745378,0.745532,0.783355,0.784027,0.731409,0.767926,0.735733,0.762657,0.779136,0.766741,0.777651,0.761315,0.750408,0.763502,0.765369,0.735216,0.756683,0.783009,0.775303,0.732200,0.763539,0.744051,0.749635,0.738406,0.716767,0.789221,0.766108,0.760340,0.761092,0.778498,0.797063,0.765153,0.756001,0.777226,0.765367,0.749830,0.740413,0.801965,0.748995,0.757123,0.806144,0.793556,0.742035,0.776003,0.795161,0.773231,0.789584,0.738980,0.783610,0.751988,0.761270,0.793609,0.727149,0.764557,0.755315,0.759131,0.774557,0.792009,0.785038,0.769548,0.742240,0.779581,0.778625,0.810661,0.763474,0.782428,0.755984,0.747445,0.754061,0.770938,0.766863,0.815320,0.782303,0.784149,0.779299,0.755122,0.792368,0.749344,0.715906,0.720489,0.769175,0.747641,0.741736,0.718168,0.774544,0.748222,0.761288,0.740882,0.737298,0.756610,0.773534,0.767721,0.751162,0.738352,0.753324,0.769009,0.729746,0.710740,0.786421,0.757760,0.750369,0.786374,0.740537,0.783089,0.724357,0.738259,0.809714,0.729553,0.752070,0.751529,0.732758,0.726516,0.824514,0.765395,0.811143,0.749746,0.748797,0.748829,0.743005,0.748094,0.743096,0.764195,0.778668,0.760190,0.731947,0.762310,0.746196,0.756757,0.801614,0.755960,0.751765,0.732573,0.766080,0.700104,0.789312,0.783068,0.728796,0.767731,0.704032,0.777041,0.771718,0.765023,0.737749,0.766149,0.739119,0.759233,0.739555,0.762259,0.768700,0.774845,0.779507,0.780540,0.796586,0.752120,0.757081,0.794082,0.768797,0.783457,0.747834,0.754501,0.749313,0.768914,0.734813,0.796285,0.791430,0.816011,0.701180,0.742691,0.789723,0.765420,0.746581,0.757579,0.773094,0.711784,0.731603,0.747384,0.737173,0.774523,0.757599,0.752863,0.770867,0.747360,0.779372,0.753442,0.761936,0.745529,0.720604,0.730059,0.778416,0.776725,0.761631,#
1,0.785989,1.000000,0.794968,0.808577,0.767594,0.817369,0.760746,0.773341,0.785771,0.780363,0.793403,0.763953,0.789476,0.799184,0.767496,0.780573,0.786848,0.773194,0.802732,0.800773,0.825589,0.839114,0.804037,0.809299,0.764955,0.751284,0.822251,0.808442,0.757009,0.759840,0.799997,0.821198,0.789795,0.794874,0.792504,0.811437,0.743961,0.820359,0.810166,0.789900,0.784404,0.764439,0.753949,0.768868,0.771331,0.788669,0.818129,0.774890,0.815268,0.808441,0.790040,0.812071,0.792304,0.780356,0.815825,0.795071,0.748525,0.795634,0.792361,0.772317,0.783101,0.779544,0.735062,0.749215,0.780764,0.788383,0.837772,0.794624,0.818207,0.812663,0.794585,0.800677,0.849156,0.768710,0.802147,0.784677,0.783043,0.792548,0.797209,0.779268,0.821670,0.800217,0.853232,0.800293,0.801559,0.785048,0.756752,0.762671,0.811940,0.791758,0.769727,0.756856,0.779496,0.793605,0.753979,0.745414,0.767241,0.771874,0.770013,0.797715,0.800717,0.805075,0.774543,0.795657,0.785171,0.768217,0.747782,0.812135,0.771428,0.776670,0.784661,0.772302,0.790466,0.760694,0.745835,0.789456,0.802790,0.821621,0.751760,0.730326,0.817636,0.801313,0.726924,0.812043,0.745558,0.752934,0.799247,0.776996,0.801311,0.800870,0.756553,0.812135,0.759408,0.784259,0.804647,0.761843,0.749028,0.777794,0.800952,0.746733,0.789175,0.773183,0.755186,0.778705,0.776544,0.776167,0.794450,0.729352,0.778983,0.777859,0.802316,0.806144,0.785894,0.765484,0.802161,0.765019,0.801640,0.779278,0.746668,0.773164,0.771126,0.814153,0.810970,0.813022,0.792367,0.755739,0.791956,0.788968,0.717138,0.747509,0.793123,0.748908,0.789282,0.800082,0.816261,0.761636,0.777246,0.844337,0.764797,0.759487,0.791427,0.768680,0.757431,0.749499,0.751781,0.800736,0.799943,0.709650,0.780651,0.773179,0.776660,0.794266,0.768447,0.806360,0.823504,0.730333,0.766986,0.786841,0.783819,0.775638,#
2,0.783607,0.794968,1.000000,0.762686,0.716671,0.784040,0.767482,0.786075,0.768119,0.759648,0.765790,0.748110,0.734893,0.755178,0.749922,0.749219,0.748428,0.788157,0.754799,0.788737,0.756158,0.772220,0.717011,0.775757,0.747708,0.727861,0.803755,0.805157,0.784137,0.764828,0.798228,0.784189,0.776688,0.764246,0.767328,0.774943,0.778506,0.766399,0.810428,0.794673,0.796808,0.786604,0.745285,0.737388,0.722006,0.756973,0.832724,0.737183,0.786317,0.833049,0.770521,0.760981,0.757391,0.806542,0.823914,0.777575,0.771990,0.769247,0.747478,0.768916,0.790099,0.769187,0.746925,0.787858,0.767035,0.767242,0.842023,0.763276,0.801139,0.785440,0.795865,0.764724,0.803810,0.785686,0.783791,0.766784,0.770266,0.792420,0.782757,0.810303,0.799446,0.802312,0.822692,0.805594,0.805730,0.806133,0.747725,0.811974,0.780070,0.771414,0.783963,0.758156,0.782673,0.775610,0.791282,0.751114,0.745201,0.750575,0.803805,0.769253,0.778605,0.737551,0.733684,0.749656,0.750260,0.790663,0.773463,0.762878,0.789544,0.753293,0.782152,0.747828,0.811575,0.715064,0.744982,0.753947,0.727844,0.783048,0.756143,0.709152,0.784678,0.777176,0.719727,0.802555,0.753937,0.741828,0.758846,0.767777,0.772531,0.795975,0.789781,0.816868,0.809093,0.796227,0.776479,0.762092,0.739959,0.775203,0.788894,0.757014,0.770951,0.768304,0.721451,0.740785,0.787519,0.795243,0.764510,0.747000,0.761971,0.757460,0.792619,0.767766,0.755210,0.783714,0.754888,0.773176,0.771046,0.737211,0.722811,0.743510,0.743490,0.718397,0.760455,0.768340,0.759924,0.774320,0.813472,0.741345,0.716181,0.732283,0.765364,0.737526,0.773273,0.758052,0.808583,0.760888,0.754994,0.808197,0.768649,0.749141,0.762064,0.802876,0.740295,0.804205,0.741950,0.759879,0.768646,0.739547,0.785972,0.750819,0.749217,0.782644,0.794788,0.780810,0.766101,0.765666,0.759032,0.782243,0.754088,0.778226,#
3,0.756123,0.808577,0.762686,1.000000,0.751214,0.778252,0.731521,0.752978,0.757980,0.756289,0.747425,0.745461,0.775574,0.737745,0.717504,0.753784,0.752995,0.738936,0.753016,0.744606,0.767021,0.782046,0.721617,0.721944,0.768239,0.771412,0.778439,0.785814,0.739458,0.731205,0.754363,0.797127,0.744097,0.772504,0.768989,0.757378,0.710742,0.763768,0.707021,0.794743,0.763977,0.753059,0.731846,0.746715,0.746542,0.780319,0.802460,0.758208,0.795032,0.771168,0.780092,0.736763,0.759135,0.733797,0.788407,0.766695,0.694495,0.757889,0.808578,0.766586,0.749036,0.747315,0.709714,0.750310,0.779151,0.782444,0.761823,0.762294,0.736469,0.747746,0.732299,0.777845,0.820962,0.768483,0.747448,0.750302,0.730903,0.764270,0.761928,0.791691,0.808896,0.750894,0.780557,0.767873,0.760774,0.778328,0.741419,0.740290,0.750469,0.750595,0.710456,0.751215,0.756650,0.769062,0.744474,0.755608,0.715177,0.718272,0.714527,0.763007,0.760233,0.734071,0.711059,0.726780,0.771729,0.730498,0.740126,0.782872,0.735091,0.736634,0.732694,0.750227,0.754302,0.731258,0.732045,0.779945,0.749063,0.752969,0.735204,0.691587,0.721272,0.770479,0.693802,0.776319,0.712261,0.744300,0.768493,0.761414,0.736484,0.773734,0.740247,0.784111,0.738787,0.774247,0.776612,0.745769,0.771396,0.734174,0.749707,0.726069,0.744328,0.746371,0.712508,0.730173,0.733754,0.794394,0.741219,0.736716,0.749196,0.716237,0.744538,0.744739,0.743843,0.747314,0.747987,0.713018,0.790544,0.760353,0.709761,0.769017,0.776700,0.772880,0.744919,0.798653,0.755711,0.750331,0.766709,0.722860,0.725230,0.724555,0.758342,0.736703,0.746095,0.759905,0.743025,0.748956,0.747699,0.760950,0.761069,0.736021,0.739799,0.786857,0.721502,0.761681,0.723776,0.759437,0.744834,0.662482,0.780854,0.777619,0.729509,0.745841,0.741444,0.735420,0.768445,0.757187,0.746573,0.761473,0.739340,0.765832,#
4,0.714269,0.767594,0.716671,0.751214,1.000000,0.785495,0.760376,0.719510,0.708817,0.727642,0.735207,0.735649,0.715803,0.717473,0.713578,0.755032,0.719920,0.761877,0.702485,0.767258,0.759261,0.751156,0.726762,0.750943,0.728514,0.700485,0.744049,0.745964,0.736108,0.729319,0.794513,0.738548,0.745092,0.709473,0.735343,0.750259,0.708710,0.731678,0.712469,0.781362,0.742252,0.710989,0.705197,0.747289,0.728668,0.720354,0.791211,0.729834,0.758276,0.762731,0.763215,0.724138,0.730445,0.671517,0.762154,0.751682,0.701474,0.754854,0.778303,0.731570,0.707323,0.739764,0.738949,0.718870,0.765419,0.788575,0.779533,0.708758,0.733813,0.728496,0.758335,0.767227,0.753143,0.732015,0.726313,0.730471,0.723764,0.760568,0.759131,0.753404,0.735941,0.757318,0.780637,0.723714,0.752243,0.702887,0.698788,0.708453,0.749879,0.763371,0.706541,0.695868,0.707069,0.747591,0.704529,0.740970,0.738267,0.694354,0.692202,0.713153,0.755966,0.768820,0.728301,0.729693,0.729990,0.682160,0.751917,0.738057,0.748252,0.759935,0.695805,0.715339,0.767600,0.774649,0.717434,0.738312,0.700113,0.795692,0.688362,0.669474,0.737014,0.746014,0.746812,0.757726,0.695676,0.744336,0.723218,0.717788,0.792029,0.754440,0.784698,0.772934,0.712092,0.733671,0.780616,0.723494,0.729078,0.771573,0.733991,0.706506,0.702166,0.758705,0.715109,0.750844,0.724803,0.733768,0.743990,0.687246,0.717534,0.748490,0.737511,0.785830,0.707930,0.680028,0.778825,0.722180,0.779010,0.745866,0.734780,0.720253,0.690469,0.743984,0.760158,0.751848,0.751334,0.712034,0.745603,0.704654,0.689778,0.707762,0.719087,0.721842,0.744895,0.717903,0.769723,0.725311,0.740883,0.773964,0.729169,0.744564,0.777022,0.724315,0.742573,0.712644,0.770599,0.756817,0.744949,0.744122,0.725857,0.726429,0.724002,0.700352,0.728614,0.737999,0.731970,0.669574,0.707564,0.739199,0.755921,0.707940,#
5,0.780763,0.817369,0.784040,0.778252,0.785495,1.000000,0.736423,0.772364,0.771585,0.744157,0.744794,0.751581,0.744705,0.727714,0.748775,0.746772,0.750443,0.763561,0.757362,0.800557,0.765837,0.747962,0.719678,0.753275,0.761218,0.780660,0.809219,0.796135,0.724579,0.764550,0.787969,0.791413,0.764850,0.779774,0.763313,0.785983,0.747794,0.753590,0.746149,0.787394,0.767176,0.757944,0.734558,0.747847,0.756792,0.788124,0.792203,0.779043,0.776332,0.788664,0.786008,0.725484,0.747631,0.769299,0.794188,0.823306,0.737662,0.772083,0.795687,0.787411,0.735193,0.734905,0.762367,0.784581,0.755955,0.760913,0.783210,0.758889,0.758294,0.774411,0.807940,0.781618,0.818124,0.775042,0.766380,0.744870,0.747868,0.798881,0.767801,0.786216,0.802081,0.789419,0.816349,0.776770,0.762497,0.754839,0.744967,0.750857,0.776822,0.753129,0.777398,0.716000,0.744849,0.788503,0.742484,0.685557,0.776594,0.742622,0.784038,0.717492,0.801532,0.764015,0.809610,0.764896,0.758582,0.739078,0.770345,0.768069,0.726360,0.778182,0.752286,0.764758,0.788254,0.714256,0.706384,0.749049,0.795016,0.800019,0.747213,0.712998,0.742163,0.782893,0.728150,0.818563,0.712989,0.755185,0.784202,0.735252,0.792415,0.749660,0.771767,0.813051,0.782825,0.800656,0.791165,0.728328,0.725500,0.775238,0.745091,0.733019,0.736078,0.720456,0.735423,0.767883,0.823238,0.746239,0.752157,0.738663,0.755632,0.803176,0.804801,0.767441,0.774563,0.747842,0.784555,0.721800,0.792419,0.754663,0.740339,0.762192,0.751324,0.795207,0.767347,0.756107,0.780984,0.726136,0.732517,0.775617,0.727662,0.725243,0.783958,0.752264,0.766106,0.754213,0.783824,0.756309,0.763970,0.797187,0.780629,0.777736,0.784838,0.756692,0.697779,0.736709,0.754817,0.790196,0.776953,0.721967,0.790809,0.795435,0.724119,0.782198,0.742215,0.786006,0.744675,0.737732,0.723924,0.775769,0.769255,0.769553,#
6,0.751154,0.760746,0.767482,0.731521,0.760376,0.736423,1.000000,0.716971,0.748847,0.761750,0.771434,0.748213,0.738079,0.759784,0.674052,0.789858,0.776283,0.795527,0.756921,0.744365,0.771150,0.740237,0.704429,0.733272,0.757980,0.747729,0.756292,0.751082,0.734383,0.744746,0.770447,0.799366,0.746022,0.752393,0.759977,0.766030,0.754711,0.750631,0.730918,0.777532,0.766409,0.778357,0.762275,0.754290,0.746829,0.708746,0.788467,0.734394,0.792721,0.789011,0.769784,0.745324,0.746551,0.672063,0.784032,0.752745,0.737652,0.781562,0.776345,0.743457,0.762384,0.762818,0.723285,0.720579,0.801279,0.758768,0.822096,0.760512,0.778546,0.718693,0.773215,0.801948,0.767523,0.758694,0.748363,0.751804,0.777096,0.783749,0.784424,0.753979,0.765508,0.782144,0.764736,0.808565,0.764649,0.724646,0.726701,0.739228,0.771571,0.752360,0.721856,0.732467,0.720155,0.766584,0.733503,0.736325,0.760009,0.741260,0.737503,0.725416,0.772663,0.771272,0.748277,0.739172,0.773848,0.702080,0.758731,0.748011,0.783317,0.739190,0.711196,0.714099,0.754283,0.757720,0.716046,0.772048,0.718029,0.774861,0.695665,0.718939,0.727049,0.772471,0.677437,0.777625,0.751743,0.736463,0.729965,0.733409,0.741036,0.739089,0.773954,0.777668,0.749810,0.719101,0.769886,0.745637,0.764545,0.741320,0.786409,0.759257,0.755769,0.744590,0.713852,0.745303,0.757850,0.773772,0.748777,0.737123,0.724678,0.740587,0.752920,0.776294,0.711641,0.736405,0.738666,0.731301,0.748409,0.682683,0.713194,0.765553,0.753000,0.754949,0.731421,0.749285,0.758539,0.764177,0.789343,0.705953,0.714083,0.729507,0.725612,0.757935,0.707267,0.721298,0.769534,0.762931,0.753087,0.782996,0.761316,0.743049,0.769272,0.753655,0.754627,0.746675,0.717624,0.735843,0.765580,0.715694,0.753246,0.741877,0.719414,0.769378,0.727363,0.758112,0.764341,0.734666,0.755963,0.766418,0.759355,0.749224,#
7,0.779375,0.773341,0.786075,0.752978,0.719510,0.772364,0.716971,1.000000,0.773200,0.736086,0.727937,0.729987,0.762778,0.747806,0.747314,0.734414,0.741653,0.782327,0.777509,0.777761,0.779040,0.741575,0.776752,0.719874,0.744363,0.780002,0.768253,0.764237,0.751876,0.774949,0.741796,0.763465,0.731387,0.750015,0.768850,0.766257,0.733080,0.758991,0.775968,0.766489,0.778764,0.780510,0.719774,0.722297,0.730585,0.753338,0.795179,0.772406,0.802017,0.772014,0.776192,0.750051,0.754151,0.765867,0.792773,0.738421,0.742375,0.737803,0.776659,0.793309,0.721505,0.761110,0.758485,0.737039,0.780552,0.774720,0.817730,0.751636,0.740652,0.718987,0.793127,0.710776,0.792651,0.777948,0.759183,0.722039,0.751011,0.754645,0.739868,0.754971,0.806176,0.754919,0.805662,0.771023,0.771944,0.772546,0.738651,0.752290,0.745725,0.763517,0.748892,0.741272,0.751141,0.757308,0.776376,0.759854,0.761282,0.776004,0.772949,0.745742,0.780089,0.724568,0.716161,0.719332,0.764922,0.718734,0.729654,0.791741,0.759921,0.711378,0.784319,0.743277,0.792658,0.732127,0.735523,0.776363,0.714539,0.742291,0.723435,0.747751,0.752646,0.763365,0.722730,0.783681,0.753455,0.761107,0.738486,0.765567,0.734149,0.753109,0.741160,0.783771,0.768861,0.694113,0.755004,0.756349,0.748032,0.790003,0.741569,0.746544,0.725498,0.743969,0.748203,0.738695,0.787940,0.772846,0.763252,0.689770,0.734109,0.737714,0.736022,0.772513,0.749960,0.712172,0.764661,0.788610,0.772328,0.771075,0.741899,0.733052,0.769268,0.725197,0.793902,0.731876,0.773320,0.742373,0.765297,0.740910,0.678170,0.686325,0.775783,0.748437,0.755089,0.764817,0.772330,0.714846,0.732523,0.757784,0.754664,0.754114,0.766033,0.759413,0.726511,0.759976,0.745068,0.766227,0.786968,0.721574,0.771835,0.782726,0.772490,0.766535,0.736982,0.732749,0.764918,0.724430,0.737946,0.794339,0.772925,0.740286,#
8,0.759588,0.785771,0.768119,0.757980,0.708817,0.771585,0.748847,0.773200,1.000000,0.768383,0.743851,0.775856,0.769872,0.762736,0.738968,0.777194,0.740493,0.761740,0.715122,0.776470,0.784663,0.755322,0.725046,0.731991,0.743726,0.764053,0.766027,0.749873,0.739886,0.728720,0.766143,0.768147,0.737482,0.739216,0.754196,0.816344,0.740888,0.761344,0.719443,0.754702,0.750012,0.736211,0.805720,0.750605,0.735468,0.710135,0.772569,0.717380,0.779217,0.778822,0.782769,0.748893,0.742479,0.762596,0.755326,0.770800,0.738921,0.767497,0.746490,0.724635,0.758530,0.764692,0.780365,0.761134,0.767727,0.798542,0.799580,0.800454,0.790304,0.735838,0.776928,0.788594,0.810281,0.760087,0.760492,0.721173,0.753240,0.779632,0.754077,0.777105,0.786756,0.755558,0.774264,0.776782,0.780433,0.754706,0.737580,0.762197,0.728588,0.707113,0.740016,0.733022,0.727771,0.742958,0.723180,0.724220,0.766080,0.777460,0.810855,0.766919,0.761993,0.700440,0.781179,0.792205,0.718383,0.743672,0.757533,0.770261,0.714012,0.778819,0.731804,0.733621,0.773183,0.718550,0.697213,0.774249,0.745762,0.747884,0.710923,0.750357,0.730432,0.737580,0.728556,0.800278,0.723728,0.765669,0.710200,0.729036,0.780042,0.778740,0.724475,0.784477,0.765393,0.731002,0.760017,0.768758,0.757054,0.761772,0.766831,0.741961,0.732478,0.744372,0.740493,0.700765,0.776681,0.743367,0.743536,0.724652,0.735714,0.766527,0.741069,0.793223,0.721659,0.792183,0.759644,0.733708,0.767054,0.775977,0.789765,0.743271,0.761211,0.724327,0.771137,0.741431,0.748993,0.731336,0.754378,0.770880,0.746983,0.702045,0.745731,0.768476,0.713718,0.752971,0.786500,0.738233,0.747387,0.784917,0.757689,0.739248,0.780500,0.773717,0.742563,0.749381,0.732739,0.720726,0.801173,0.722300,0.743137,0.777964,0.775888,0.764930,0.770531,0.759486,0.751864,0.695439,0.699321,0.756436,0.742439,0.798878,#
9,0.745378,0.780363,0.759648,0.756289,0.727642,0.744157,0.761750,0.736086,0.768383,1.000000,0.741630,0.731752,0.769881,0.754342,0.771861,0.753617,0.740336,0.790968,0.729176,0.738528,0.781778,0.744060,0.705775,0.741738,0.754995,0.724496,0.768572,0.810108,0.707094,0.755211,0.728684,0.777651,0.754348,0.745784,0.743990,0.773625,0.737803,0.751391,0.743540,0.789617,0.763956,0.770673,0.712662,0.739118,0.747281,0.716043,0.767716,0.747305,0.781921,0.785200,0.757721,0.733652,0.701554,0.713537,0.757199,0.750559,0.747759,0.803412,0.716435,0.761435,0.761706,0.762789,0.740283,0.714134,0.734046,0.801700,0.801342,0.777975,0.777140,0.731423,0.767507,0.756296,0.783117,0.748707,0.754795,0.756011,0.770726,0.803777,0.754212,0.812283,0.782994,0.782080,0.773738,0.810025,0.773330,0.747446,0.754207,0.774960,0.759475,0.746531,0.761411,0.711862,0.767794,0.750197,0.764970,0.727934,0.724018,0.733029,0.754337,0.768275,0.788303,0.763766,0.763688,0.744367,0.756685,0.756747,0.736735,0.793404,0.775972,0.759392,0.765849,0.766093,0.781839,0.722510,0.734249,0.793673,0.676288,0.762311,0.722536,0.726427,0.717796,0.761686,0.726773,0.787275,0.745647,0.746759,0.751987,0.726387,0.777012,0.732976,0.728132,0.793517,0.744931,0.750225,0.774319,0.701778,0.743089,0.770186,0.756031,0.746039,0.781153,0.797457,0.766366,0.787438,0.791031,0.797932,0.751978,0.764809,0.742056,0.757446,0.725373,0.755727,0.746668,0.752709,0.749214,0.740370,0.737743,0.769811,0.752196,0.775926,0.745802,0.782107,0.779652,0.767494,0.758158,0.770496,0.731526,0.760557,0.750652,0.722142,0.760768,0.748749,0.745074,0.715107,0.764795,0.778277,0.764311,0.800990,0.737558,0.770786,0.781656,0.778187,0.759519,0.724440,0.742791,0.773016,0.758262,0.719914,0.779998,0.722230,0.729461,0.739835,0.724057,0.730734,0.723384,0.710060,0.742626,0.755541,0.740110,0.723916,#
10,0.745532,0.793403,0.765790,0.747425,0.735207,0.744794,0.771434,0.727937,0.743851,0.741630,1.000000,0.769000,0.745234,0.743081,0.694506,0.769779,0.769990,0.746693,0.778492,0.747089,0.762224,0.749936,0.724517,0.777264,0.723070,0.743804,0.754598,0.788808,0.755273,0.767872,0.765607,0.765234,0.741852,0.759675,0.766897,0.769734,0.764134,0.774387,0.734394,0.748456,0.773273,0.726728,0.738551,0.726084,0.739899,0.769310,0.832528,0.754080,0.770483,0.800744,0.749992,0.757837,0.752698,0.698525,0.782258,0.788370,0.764976,0.799147,0.722728,0.768594,0.758235,0.775244,0.790063,0.762469,0.779322,0.732798,0.811621,0.738426,0.802395,0.729813,0.808450,0.787016,0.809746,0.719475,0.759494,0.799655,0.744732,0.798989,0.782781,0.744741,0.810897,0.750648,0.785666,0.759728,0.765808,0.743963,0.766238,0.733961,0.765803,0.786316,0.724782,0.762142,0.773187,0.732945,0.718593,0.746439,0.737086,0.777674,0.752999,0.767037,0.763305,0.741834,0.756209,0.766379,0.757422,0.753358,0.765291,0.730686,0.748859,0.768143,0.751132,0.726295,0.801345,0.742215,0.716126,0.780968,0.710079,0.763623,0.729574,0.707266,0.742317,0.787069,0.678559,0.770235,0.694082,0.740983,0.769613,0.737941,0.787419,0.764340,0.737784,0.787809,0.744454,0.752081,0.795319,0.798299,0.730630,0.733718,0.789079,0.760572,0.783588,0.756613,0.742742,0.765710,0.755222,0.766327,0.760728,0.730608,0.740031,0.769899,0.751964,0.744270,0.740995,0.756731,0.780268,0.727950,0.779865,0.767051,0.723336,0.734926,0.779936,0.735360,0.749545,0.771246,0.758509,0.748546,0.777826,0.746855,0.736634,0.741288,0.712935,0.765179,0.710121,0.738330,0.793790,0.751756,0.736588,0.772934,0.725235,0.771435,0.738986,0.718732,0.757184,0.727601,0.694936,0.758903,0.778246,0.733141,0.717924,0.773619,0.745451,0.734587,0.739710,0.792393,0.761335,0.725395,0.751320,0.762891,0.775059,0.780124,#
11,0.783355,0.763953,0.748110,0.745461,0.735649,0.751581,0.748213,0.729987,0.775856,0.731752,0.769000,1.000000,0.770724,0.760718,0.759209,0.767535,0.738985,0.783510,0.789179,0.766316,0.756389,0.742873,0.758972,0.753766,0.743421,0.755137,0.758452,0.754872,0.759435,0.727320,0.781420,0.788391,0.772374,0.756433,0.743365,0.772607,0.767620,0.789655,0.720335,0.763039,0.775707,0.725624,0.744212,0.743280,0.736159,0.707695,0.806557,0.769986,0.767789,0.794020,0.741408,0.711767,0.770768,0.730095,0.786533,0.760717,0.715596,0.807648,0.750964,0.782074,0.722431,0.744358,0.800917,0.748101,0.761867,0.761301,0.801121,0.779611,0.787182,0.769993,0.767592,0.755598,0.802391,0.767791,0.813345,0.764108,0.783441,0.799487,0.754151,0.737956,0.767959,0.742303,0.793272,0.769989,0.772556,0.735328,0.711529,0.733222,0.732732,0.717637,0.750394,0.749150,0.739197,0.769343,0.688817,0.767172,0.741230,0.777906,0.746234,0.749616,0.761146,0.748550,0.768103,0.764601,0.764846,0.745695,0.763737,0.781619,0.761913,0.750685,0.769562,0.769751,0.781924,0.711975,0.710320,0.756976,0.737230,0.761359,0.718878,0.772020,0.723989,0.753651,0.737686,0.818062,0.723631,0.741729,0.765461,0.760647,0.803179,0.786985,0.776809,0.770473,0.789389,0.761357,0.787996,0.774910,0.781721,0.764947,0.772913,0.756271,0.739343,0.720765,0.752710,0.791524,0.777827,0.739063,0.782538,0.727506,0.721006,0.751676,0.755363,0.745119,0.756177,0.794477,0.760033,0.726794,0.765914,0.744217,0.730140,0.760416,0.766638,0.765805,0.790589,0.764647,0.805924,0.759207,0.792410,0.729923,0.741346,0.763181,0.768479,0.745597,0.772248,0.790598,0.771465,0.758078,0.760500,0.764393,0.750192,0.777015,0.771634,0.740944,0.775279,0.736974,0.757326,0.706359,0.773621,0.767883,0.724526,0.723660,0.764800,0.781671,0.747470,0.756179,0.750926,0.725878,0.728044,0.779331,0.769165,0.729820,#
12,0.784027,0.789476,0.734893,0.775574,0.715803,0.744705,0.738079,0.762778,0.769872,0.769881,0.745234,0.770724,1.000000,0.752551,0.758007,0.724005,0.734252,0.758603,0.785990,0.758599,0.782433,0.732803,0.762259,0.749545,0.756060,0.761147,0.750282,0.755994,0.747839,0.737057,0.749134,0.745810,0.737803,0.769198,0.790149,0.781670,0.745724,0.760754,0.744141,0.752022,0.718429,0.706174,0.707526,0.744952,0.758604,0.732465,0.810668,0.738164,0.789310,0.794317,0.804249,0.708719,0.732045,0.738626,0.793947,0.759646,0.713710,0.737016,0.761346,0.743374,0.717259,0.738325,0.755320,0.724110,0.764161,0.785395,0.768242,0.752817,0.790142,0.755595,0.757089,0.765556,0.800589,0.751361,0.776979,0.758705,0.750087,0.778984,0.759868,0.788508,0.786281,0.761010,0.792180,0.758936,0.737889,0.767186,0.687998,0.757772,0.734735,0.734202,0.778793,0.728202,0.763765,0.757380,0.711675,0.757745,0.763601,0.736436,0.732298,0.706694,0.744683,0.754317,0.746522,0.746325,0.734395,0.723605,0.721938,0.768375,0.764357,0.752592,0.757147,0.742933,0.766937,0.705819,0.760992,0.764581,0.684846,0.742517,0.732393,0.734262,0.741707,0.774099,0.721671,0.793125,0.742297,0.803714,0.759383,0.725731,0.749922,0.745982,0.688767,0.739627,0.743203,0.717325,0.734140,0.741032,0.708978,0.749233,0.735272,0.695525,0.755258,0.740299,0.707306,0.773367,0.727334,0.742622,0.771355,0.714776,0.737651,0.773963,0.759250,0.729257,0.756547,0.714803,0.752747,0.764120,0.792393,0.792661,0.770504,0.721890,0.756196,0.775354,0.771765,0.750403,0.803528,0.712735,0.740659,0.760513,0.717337,0.723204,0.763923,0.711854,0.766665,0.742742,0.764023,0.723093,0.789001,0.801736,0.696294,0.726262,0.756019,0.779277,0.735243,0.718268,0.696196,0.730908,0.748018,0.741836,0.771581,0.733684,0.718321,0.748680,0.695085,0.736969,0.736360,0.729780,0.727888,0.775881,0.764507,0.726565,#
13,0.731409,0.799184,0.755178,0.737745,0.717473,0.727714,0.759784,0.747806,0.762736,0.754342,0.743081,0.760718,0.752551,1.000000,0.718005,0.736528,0.715469,0.788969,0.774689,0.744888,0.768233,0.748398,0.784224,0.747890,0.745443,0.769282,0.727215,0.785555,0.754301,0.772240,0.731555,0.762074,0.757904,0.782552,0.694207,0.745247,0.757361,0.784520,0.752632,0.778118,0.813915,0.743220,0.753406,0.705329,0.780847,0.757387,0.774907,0.753481,0.813336,0.794959,0.761309,0.777181,0.725314,0.724328,0.805406,0.780554,0.760996,0.785179,0.764626,0.760576,0.744868,0.759919,0.729164,0.742661,0.783400,0.781089,0.815716,0.778404,0.796632,0.745840,0.735443,0.769002,0.781524,0.781505,0.784279,0.756139,0.766936,0.767094,0.791201,0.754199,0.768157,0.758156,0.798865,0.795491,0.742963,0.771805,0.691897,0.740320,0.809429,0.745670,0.726454,0.765275,0.760837,0.767314,0.728982,0.719233,0.748147,0.733474,0.735832,0.776657,0.776801,0.744140,0.772632,0.770516,0.752527,0.770089,0.733564,0.784172,0.728795,0.741720,0.742048,0.747091,0.767486,0.741293,0.749295,0.774206,0.711229,0.775864,0.735228,0.698707,0.761540,0.761331,0.712914,0.761904,0.725790,0.731308,0.764011,0.730021,0.766869,0.757419,0.749999,0.746069,0.740730,0.740962,0.761851,0.766636,0.742487,0.768959,0.825151,0.737013,0.761611,0.761365,0.761168,0.743654,0.735864,0.761333,0.754769,0.730412,0.755665,0.728433,0.774024,0.768089,0.735869,0.766146,0.743168,0.732901,0.776551,0.726557,0.748039,0.743196,0.769798,0.751304,0.767112,0.765300,0.778879,0.750186,0.787135,0.762738,0.736164,0.720889,0.741797,0.751258,0.764533,0.776606,0.802593,0.775885,0.769638,0.790557,0.749807,0.750418,0.772959,0.738132,0.787812,0.737115,0.721343,0.754207,0.745184,0.724598,0.729602,0.748491,0.775776,0.764217,0.761066,0.767126,0.773009,0.699292,0.739020,0.820146,0.766157,0.731389,#
14,0.767926,0.767496,0.749922,0.717504,0.713578,0.748775,0.674052,0.747314,0.738968,0.771861,0.694506,0.759209,0.758007,0.718005,1.000000,0.718657,0.716180,0.738061,0.684972,0.757232,0.719887,0.732825,0.726357,0.770588,0.708134,0.681480,0.749702,0.764466,0.703337,0.730911,0.791929,0.725158,0.718988,0.706035,0.749065,0.738631,0.722385,0.739921,0.769272,0.716068,0.738809,0.719058,0.712362,0.717751,0.705061,0.728553,0.764839,0.696163,0.726575,0.730741,0.720901,0.717750,0.707148,0.741259,0.743703,0.744806,0.727703,0.725001,0.746418,0.690862,0.720468,0.737176,0.742608,0.717518,0.724419,0.737071,0.759580,0.732680,0.766408,0.735031,0.730392,0.713168,0.784233,0.726402,0.767769,0.743028,0.722000,0.743693,0.698101,0.724586,0.754381,0.742989,0.787042,0.786488,0.737045,0.738816,0.693822,0.735767,0.751726,0.711624,0.732213,0.680066,0.735356,0.793511,0.732396,0.722592,0.721315,0.729220,0.716112,0.692019,0.728368,0.725334,0.745064,0.705389,0.732770,0.719184,0.720326,0.710670,0.763803,0.735113,0.720295,0.748213,0.779557,0.697070,0.683652,0.731474,0.683820,0.704273,0.687393,0.702636,0.735867,0.731122,0.720698,0.774638,0.728932,0.658666,0.715279,0.739027,0.720959,0.730583,0.711876,0.764602,0.716597,0.724002,0.739721,0.706477,0.759069,0.744288,0.729147,0.727105,0.728624,0.747621,0.686289,0.781199,0.744864,0.758782,0.768108,0.680275,0.722507,0.695445,0.763526,0.723440,0.724328,0.713786,0.763244,0.702063,0.737780,0.724243,0.701318,0.731422,0.722658,0.711875,0.739034,0.714500,0.776014,0.725595,0.706283,0.726582,0.677137,0.715839,0.730431,0.687333,0.737212,0.748164,0.762951,0.734348,0.707817,0.755721,0.715799,0.722739,0.732712,0.742076,0.731245,0.695185,0.715692,0.741236,0.762142,0.687482,0.726965,0.715613,0.716513,0.729237,0.748380,0.728024,0.680310,0.667465,0.704139,0.745693,0.704183,0.681910,#
15,0.735733,0.780573,0.749219,0.753784,0.755032,0.746772,0.789858,0.734414,0.777194,0.753617,0.769779,0.767535,0.724005,0.736528,0.718657,1.000000,0.753363,0.767716,0.766033,0.756976,0.740834,0.755015,0.725486,0.757361,0.742979,0.738011,0.732671,0.758777,0.735857,0.723398,0.793180,0.804376,0.755652,0.785218,0.727393,0.773973,0.754097,0.797535,0.729340,0.737694,0.740622,0.719897,0.750104,0.743305,0.752860,0.741191,0.810356,0.750277,0.777780,0.789748,0.767086,0.735725,0.732131,0.735013,0.759337,0.752413,0.758457,0.754362,0.732690,0.750494,0.762257,0.782989,0.759521,0.751701,0.788569,0.745630,0.790255,0.773512,0.752906,0.718443,0.774143,0.738270,0.747312,0.752061,0.780586,0.737048,0.760733,0.768447,0.783448,0.752711,0.759996,0.752644,0.778866,0.789751,0.790552,0.764797,0.685128,0.751982,0.752234,0.702255,0.718381,0.740653,0.756550,0.771238,0.698780,0.743937,0.726814,0.763848,0.740822,0.742954,0.758771,0.758301,0.759754,0.770446,0.754593,0.716265,0.734335,0.760238,0.737537,0.784669,0.709508,0.700807,0.792233,0.717622,0.734862,0.761318,0.696090,0.742544,0.710620,0.758462,0.709812,0.777500,0.709076,0.776805,0.700077,0.729838,0.747040,0.720730,0.784314,0.783699,0.769616,0.751039,0.726434,0.697168,0.777247,0.764014,0.764694,0.731376,0.753144,0.750236,0.730268,0.722705,0.724754,0.744679,0.769395,0.772515,0.733008,0.715082,0.733806,0.751405,0.770766,0.790348,0.757528,0.768702,0.756913,0.730065,0.757677,0.713760,0.751075,0.746898,0.739585,0.761131,0.772659,0.757459,0.765301,0.740904,0.769406,0.728058,0.737962,0.716855,0.693540,0.769974,0.713550,0.780900,0.771872,0.773894,0.753972,0.765317,0.746395,0.753267,0.765310,0.749247,0.732235,0.730683,0.769129,0.721491,0.727451,0.678240,0.725992,0.757182,0.738278,0.771977,0.719008,0.741885,0.737489,0.702597,0.740489,0.749687,0.792266,0.761890,#
16,0.762657,0.786848,0.748428,0.752995,0.719920,0.750443,0.776283,0.741653,0.740493,0.740336,0.769990,0.738985,0.734252,0.715469,0.716180,0.753363,1.000000,0.768964,0.795358,0.768434,0.812577,0.707770,0.704037,0.737601,0.736573,0.766050,0.754042,0.734039,0.689873,0.732234,0.777262,0.781123,0.747659,0.722636,0.741080,0.762965,0.777240,0.772117,0.751561,0.781276,0.752195,0.735409,0.721776,0.717553,0.730235,0.744573,0.773483,0.730667,0.762312,0.788660,0.728727,0.734686,0.739850,0.754588,0.757314,0.781875,0.685830,0.765114,0.749036,0.732860,0.765157,0.766694,0.733450,0.722821,0.755102,0.744496,0.804403,0.757607,0.784723,0.751927,0.771086,0.756281,0.775163,0.747457,0.747814,0.720949,0.747826,0.760964,0.752985,0.783813,0.815306,0.765501,0.803643,0.764405,0.764481,0.742394,0.737312,0.706803,0.731108,0.741077,0.689659,0.731834,0.751099,0.731807,0.734591,0.757746,0.733567,0.736701,0.751578,0.734179,0.774727,0.741710,0.745861,0.759885,0.743539,0.749355,0.753978,0.738823,0.801982,0.753103,0.750066,0.747037,0.788024,0.739450,0.739256,0.792954,0.783623,0.756525,0.695870,0.654764,0.692316,0.750681,0.712869,0.760814,0.744260,0.733457,0.716132,0.706974,0.764349,0.724212,0.773876,0.760690,0.750904,0.727115,0.762100,0.774387,0.734561,0.736606,0.744775,0.700708,0.724264,0.738569,0.748380,0.735559,0.723924,0.725986,0.774400,0.732066,0.737861,0.729025,0.735771,0.757097,0.696503,0.737859,0.796947,0.737640,0.752225,0.730895,0.702497,0.738641,0.744346,0.721928,0.796035,0.737551,0.782563,0.764770,0.752301,0.751927,0.716604,0.728023,0.689192,0.761277,0.741416,0.767430,0.779912,0.734753,0.715946,0.807200,0.740461,0.745983,0.761697,0.723427,0.737840,0.746292,0.695626,0.722616,0.777071,0.717143,0.760233,0.747312,0.756076,0.761670,0.730702,0.773985,0.759781,0.734787,0.739154,0.761245,0.760019,0.736559,#
17,0.779136,0.773194,0.788157,0.738936,0.761877,0.763561,0.795527,0.782327,0.761740,0.790968,0.746693,0.783510,0.758603,0.788969,0.738061,0.767716,0.768964,1.000000,0.774518,0.808129,0.761213,0.765315,0.757414,0.744241,0.794005,0.769793,0.772651,0.787269,0.740789,0.769445,0.769898,0.802077,0.715774,0.735891,0.741414,0.756367,0.759585,0.800431,0.785883,0.802398,0.787525,0.775122,0.752108,0.743032,0.756922,0.771829,0.795528,0.789846,0.800563,0.807588,0.770304,0.715316,0.760219,0.743695,0.803237,0.778638,0.761111,0.757113,0.766391,0.741712,0.757044,0.744582,0.779949,0.742421,0.764249,0.792607,0.850364,0.762686,0.776138,0.739042,0.801753,0.753246,0.770496,0.798876,0.792925,0.722202,0.757662,0.800452,0.798062,0.794265,0.778223,0.784226,0.818434,0.814741,0.765033,0.746768,0.755387,0.754488,0.743854,0.765598,0.761917,0.728275,0.774749,0.775148,0.755987,0.774172,0.747154,0.737056,0.756213,0.799624,0.776255,0.738611,0.756307,0.736806,0.733490,0.759902,0.737915,0.765055,0.744080,0.775128,0.773963,0.740155,0.812980,0.758467,0.778890,0.766870,0.702106,0.764498,0.744373,0.746963,0.750883,0.777466,0.729891,0.777023,0.744173,0.755124,0.749914,0.757683,0.785770,0.756512,0.777852,0.811675,0.788933,0.736578,0.769013,0.768617,0.786367,0.775071,0.758181,0.796402,0.769857,0.774072,0.806600,0.778455,0.796354,0.764793,0.748189,0.712354,0.770546,0.746806,0.780721,0.773089,0.745809,0.775331,0.759339,0.787853,0.815553,0.735564,0.762006,0.769438,0.763012,0.759279,0.823773,0.744502,0.784151,0.742872,0.734800,0.731197,0.740349,0.708176,0.763941,0.754454,0.772937,0.747419,0.817659,0.738776,0.766514,0.813017,0.764581,0.790793,0.768464,0.792122,0.762570,0.779849,0.766802,0.728223,0.791376,0.775651,0.746514,0.740723,0.775405,0.786548,0.735611,0.761391,0.742026,0.776240,0.737310,0.779178,0.767162,0.703633,#
18,0.766741,0.802732,0.754799,0.753016,0.702485,0.757362,0.756921,0.777509,0.715122,0.729176,0.778492,0.789179,0.785990,0.774689,0.684972,0.766033,0.795358,0.774518,1.000000,0.768911,0.774357,0.785583,0.735714,0.727002,0.725755,0.779795,0.760362,0.758468,0.738662,0.771506,0.719773,0.797120,0.757401,0.785581,0.764439,0.804944,0.744901,0.797213,0.756996,0.765535,0.798120,0.731226,0.750935,0.709739,0.759383,0.740770,0.811386,0.782028,0.799163,0.765269,0.740206,0.737956,0.762845,0.713764,0.785996,0.764103,0.718325,0.770308,0.759580,0.796315,0.758754,0.743065,0.738156,0.723047,0.790171,0.736482,0.805544,0.737552,0.740452,0.753642,0.764507,0.736773,0.787219,0.744960,0.790341,0.710626,0.744524,0.768249,0.767797,0.745057,0.774515,0.734608,0.800745,0.775982,0.788164,0.791241,0.692736,0.744257,0.767013,0.731739,0.742440,0.724819,0.768475,0.784688,0.760054,0.730345,0.746305,0.757070,0.760448,0.762593,0.775676,0.723109,0.749503,0.755891,0.770348,0.775325,0.735331,0.781728,0.779636,0.771520,0.784833,0.728431,0.779692,0.723541,0.714224,0.761533,0.726340,0.737766,0.740557,0.728606,0.762160,0.769774,0.703145,0.784785,0.750480,0.732333,0.795838,0.717532,0.803762,0.726988,0.757098,0.781679,0.758267,0.714187,0.751898,0.772311,0.762830,0.757003,0.747858,0.742899,0.727173,0.772580,0.724641,0.770409,0.774396,0.762938,0.761377,0.701726,0.762645,0.744335,0.762377,0.759077,0.783929,0.751861,0.766500,0.792917,0.767570,0.751755,0.705587,0.722577,0.771288,0.749802,0.815206,0.744648,0.788490,0.739173,0.817744,0.730776,0.698702,0.719953,0.751698,0.767179,0.772843,0.777331,0.772576,0.741990,0.745061,0.806600,0.746549,0.772659,0.772886,0.754969,0.727356,0.740480,0.729998,0.740522,0.757102,0.738513,0.720423,0.755842,0.749623,0.782402,0.709846,0.789523,0.779745,0.741452,0.730052,0.809527,0.762225,0.766899,#
19,0.777651,0.800773,0.788737,0.744606,0.767258,0.800557,0.744365,0.777761,0.776470,0.738528,0.747089,0.766316,0.758599,0.744888,0.757232,0.756976,0.768434,0.808129,0.768911,1.000000,0.778117,0.745532,0.717432,0.741019,0.761421,0.742849,0.779634,0.766561,0.730253,0.750961,0.788006,0.810148,0.770630,0.748790,0.755407,0.810796,0.754289,0.774762,0.765414,0.775897,0.790653,0.768447,0.738196,0.745588,0.722773,0.775283,0.823160,0.756043,0.796696,0.785200,0.765921,0.725557,0.753586,0.768249,0.777121,0.754455,0.773411,0.758832,0.743175,0.730841,0.744719,0.724170,0.777580,0.765703,0.772421,0.769013,0.820511,0.762774,0.797116,0.757651,0.790730,0.750511,0.795909,0.759677,0.754572,0.717760,0.726898,0.763849,0.754183,0.764003,0.818453,0.746024,0.816028,0.777188,0.771200,0.735952,0.746072,0.743083,0.790945,0.746952,0.726984,0.740791,0.733312,0.782953,0.727948,0.725663,0.766626,0.769048,0.756559,0.773274,0.770527,0.742331,0.772179,0.761389,0.757853,0.710415,0.771424,0.746693,0.749069,0.735017,0.764981,0.735302,0.775367,0.731774,0.740181,0.756425,0.751980,0.771539,0.744588,0.695207,0.781593,0.756886,0.717694,0.824442,0.739106,0.761214,0.749905,0.764150,0.819938,0.790332,0.785713,0.813225,0.780160,0.758560,0.760800,0.782242,0.738527,0.766304,0.773908,0.734886,0.764527,0.762445,0.716723,0.752064,0.773594,0.733159,0.747915,0.678238,0.773187,0.764516,0.745568,0.782098,0.742027,0.747398,0.794401,0.749814,0.821262,0.759836,0.758346,0.755197,0.763681,0.775171,0.775630,0.766085,0.804324,0.763978,0.738488,0.767251,0.712106,0.723662,0.741871,0.786349,0.785313,0.757145,0.811664,0.727496,0.756747,0.811840,0.763428,0.736897,0.758070,0.784323,0.783542,0.774245,0.744627,0.739136,0.743164,0.752832,0.763068,0.780698,0.755063,0.764490,0.719575,0.786617,0.777421,0.747464,0.749233,0.741793,0.764738,0.721403,#
20,0.761315,0.825589,0.756158,0.767021,0.759261,0.765837,0.771150,0.779040,0.784663,0.781778,0.762224,0.756389,0.782433,0.768233,0.719887,0.740834,0.812577,0.761213,0.774357,0.778117,1.000000,0.768118,0.730220,0.780962,0.765278,0.789009,0.753156,0.790622,0.749615,0.751739,0.782710,0.776946,0.780720,0.797374,0.753348,0.795713,0.744648,0.757005,0.758875,0.805450,0.785005,0.794089,0.726899,0.742253,0.783836,0.734094,0.810003,0.763370,0.792403,0.793777,0.776326,0.780884,0.747174,0.767530,0.794041,0.749679,0.694236,0.770418,0.774629,0.760550,0.773595,0.763202,0.796610,0.747657,0.773220,0.807753,0.831401,0.758118,0.790147,0.748816,0.778082,0.789311,0.800060,0.774802,0.750803,0.714750,0.768718,0.778947,0.805841,0.800135,0.783753,0.787191,0.818388,0.775542,0.748858,0.767337,0.753736,0.766312,0.792176,0.795644,0.758844,0.763825,0.752517,0.792967,0.762923,0.764889,0.739807,0.724234,0.758856,0.759212,0.821145,0.764662,0.775836,0.801940,0.770443,0.752829,0.797439,0.778625,0.766697,0.811454,0.745848,0.778695,0.773915,0.712361,0.763733,0.778296,0.757780,0.785456,0.680689,0.697851,0.776766,0.786196,0.727231,0.813542,0.736809,0.768501,0.741982,0.727450,0.773718,0.778826,0.768647,0.783721,0.795431,0.777398,0.784350,0.764088,0.730411,0.811100,0.792143,0.777076,0.761381,0.742251,0.742884,0.770758,0.785349,0.740610,0.769019,0.737975,0.740145,0.779785,0.772803,0.783736,0.756555,0.764983,0.787050,0.771649,0.777917,0.798307,0.750665,0.765962,0.777491,0.778771,0.789124,0.770214,0.804960,0.739956,0.743722,0.767472,0.722615,0.707900,0.762593,0.742220,0.788260,0.764343,0.794057,0.753329,0.742800,0.812231,0.755018,0.775670,0.777448,0.759515,0.760307,0.748413,0.730375,0.780125,0.781348,0.747782,0.763649,0.745789,0.748726,0.781560,0.780737,0.798736,0.792471,0.734071,0.760215,0.787016,0.778380,0.757736,#
21,0.750408,0.839114,0.772220,0.782046,0.751156,0.747962,0.740237,0.741575,0.755322,0.744060,0.749936,0.742873,0.732803,0.748398,0.732825,0.755015,0.707770,0.765315,0.785583,0.745532,0.768118,1.000000,0.748720,0.763679,0.713453,0.723871,0.772570,0.736317,0.755053,0.729936,0.743214,0.742952,0.763814,0.785405,0.776376,0.798545,0.749346,0.763499,0.757563,0.738408,0.762075,0.768145,0.734885,0.732634,0.769062,0.760379,0.772726,0.761427,0.786738,0.773685,0.735695,0.757404,0.749158,0.717999,0.792934,0.764125,0.724607,0.739371,0.802572,0.728670,0.759202,0.755506,0.712675,0.719147,0.773599,0.762137,0.802082,0.743196,0.752869,0.770143,0.745183,0.789741,0.781594,0.766200,0.795492,0.760621,0.745909,0.763622,0.755303,0.764033,0.751036,0.734345,0.809616,0.772421,0.798139,0.759285,0.693241,0.773480,0.784573,0.757877,0.705305,0.701015,0.766582,0.786359,0.753694,0.752877,0.759806,0.721371,0.740851,0.764849,0.769863,0.755235,0.721245,0.752947,0.721220,0.776360,0.716789,0.777774,0.728317,0.786857,0.767722,0.721224,0.753976,0.751225,0.688091,0.714041,0.732466,0.800762,0.723751,0.734577,0.770292,0.743789,0.699006,0.766669,0.727849,0.709997,0.756863,0.744384,0.764973,0.773841,0.756762,0.777649,0.734459,0.733466,0.784882,0.727001,0.706481,0.724625,0.759264,0.771413,0.752266,0.741567,0.694133,0.758867,0.745140,0.752649,0.733659,0.696822,0.726497,0.749949,0.751442,0.772338,0.730539,0.745283,0.742199,0.744308,0.790956,0.742813,0.716127,0.744765,0.738608,0.779724,0.778976,0.763098,0.783620,0.752169,0.767087,0.731850,0.671683,0.728524,0.775122,0.714456,0.752378,0.720572,0.758416,0.742427,0.688733,0.776937,0.747711,0.746844,0.740971,0.781797,0.750386,0.728576,0.727936,0.775059,0.755177,0.681814,0.697083,0.749148,0.734311,0.752486,0.751256,0.740728,0.781555,0.694870,0.745521,0.783529,0.719126,0.774481,#
