0,1.000000,0.751286,0.759293,0.734169,0.690189,0.761009,0.720951,0.746928,0.730416,0.708616,0.725323,0.752033,0.751411,0.689639,0.743999,0.697881,0.725150,0.744104,0.730277,0.744222,0.723843,0.716027,0.722095,0.742159,0.706754,0.735096,0.755891,0.755414,0.693298,0.726820,0.728237,0.709532,0.712210,0.680966,0.758977,0.736781,0.741049,0.739894,0.744918,0.772038,0.728235,0.723212,0.737307,0.751887,0.718030,0.703768,0.770096,0.728571,0.728053,0.781697,0.758755,0.714033,0.745527,0.763867,0.733681,0.767898,0.718494,0.767170,0.732875,0.744268,0.771722,0.681166,0.740480,0.724300,0.728595,0.742924,0.758282,0.763435,0.734893,0.707228,0.744790,0.759426,0.798410,0.736365,0.747251,0.746208,0.712794,0.738838,0.732101,0.733155,0.797988,0.751215,0.751656,0.745051,0.720885,0.771088,0.705370,0.678010,0.684321,0.730920,0.718523,0.717725,0.676536,0.750885,0.723492,0.745179,0.706463,0.701938,0.736750,0.751311,0.732132,0.736828,0.709265,0.721665,0.754985,0.691801,0.680643,0.753276,0.746430,0.725604,0.761076,0.700871,0.763434,0.687513,0.715627,0.787988,0.694376,0.724354,0.733156,0.704364,0.684697,0.798138,0.739249,0.783957,0.705315,0.717919,0.711657,0.731940,0.717211,0.697503,0.729829,0.746354,0.731911,0.705990,0.732575,0.705848,0.726274,0.781512,0.725722,0.707402,0.701499,0.735720,0.661808,0.753336,0.759045,0.691781,0.733859,0.670148,0.744606,0.744938,0.733709,0.698847,0.728478,0.704862,0.729624,0.700268,0.724644,0.738457,0.740892,0.754148,0.750860,0.772154,0.711630,0.735832,0.759872,0.741394,0.749501,0.715384,0.729470,0.738591,0.743255,0.699865,0.764867,0.772748,0.790501,0.666342,0.710493,0.751056,0.739435,0.728040,0.717246,0.746053,0.670493,0.697583,0.723468,0.696004,0.742165,0.730054,0.722120,0.761310,0.713071,0.750927,0.724484,0.725665,0.712610,0.682492,0.722972,0.738384,0.765030,0.731564,#
1,0.751286,1.000000,0.780860,0.782840,0.738803,0.793058,0.728941,0.735001,0.750188,0.740779,0.768416,0.727424,0.748503,0.766802,0.719307,0.735961,0.741577,0.744137,0.762741,0.760015,0.804071,0.810546,0.750536,0.788491,0.740227,0.719394,0.789281,0.780038,0.705820,0.714145,0.785061,0.787818,0.762601,0.761841,0.767566,0.784092,0.709095,0.789956,0.762455,0.766129,0.758582,0.734885,0.717763,0.733363,0.745198,0.773575,0.786612,0.753609,0.779168,0.787072,0.752857,0.783965,0.759278,0.741941,0.790773,0.778239,0.723288,0.772260,0.775561,0.750433,0.746715,0.738643,0.706554,0.707351,0.739596,0.752300,0.813577,0.767902,0.792843,0.779335,0.765107,0.779454,0.834049,0.759301,0.760676,0.756324,0.751997,0.777108,0.766203,0.751041,0.798138,0.767145,0.821577,0.767931,0.778773,0.755223,0.713889,0.727613,0.766349,0.761994,0.742328,0.723147,0.750528,0.761252,0.718549,0.707384,0.728428,0.722678,0.744893,0.768258,0.772938,0.784358,0.746396,0.764160,0.758662,0.728293,0.718652,0.780258,0.747796,0.743226,0.758062,0.743580,0.752508,0.715820,0.723941,0.756981,0.765985,0.802702,0.739256,0.699036,0.759565,0.765770,0.692511,0.785779,0.696283,0.722572,0.761091,0.753154,0.776953,0.765640,0.725091,0.785859,0.731944,0.770094,0.773578,0.724095,0.711843,0.735442,0.771267,0.700433,0.753968,0.739262,0.715581,0.744251,0.737872,0.734544,0.763967,0.677682,0.737199,0.746495,0.774738,0.763491,0.735895,0.739645,0.771423,0.723796,0.753060,0.748222,0.709175,0.749122,0.744199,0.774602,0.779849,0.788534,0.760003,0.721819,0.758379,0.761534,0.682834,0.730345,0.771455,0.695854,0.763418,0.766966,0.797394,0.715083,0.742766,0.811392,0.735680,0.746509,0.753901,0.740665,0.717066,0.717858,0.722643,0.774194,0.767049,0.667774,0.757424,0.757551,0.735909,0.768203,0.732901,0.783910,0.783789,0.707624,0.750315,0.746716,0.764518,0.735118,#
2,0.759293,0.780860,1.000000,0.737572,0.691439,0.766086,0.747219,0.757657,0.735703,0.742612,0.757055,0.716352,0.707524,0.725466,0.725640,0.729268,0.712917,0.762266,0.718926,0.757104,0.727038,0.757728,0.664396,0.760819,0.712527,0.692864,0.771947,0.790394,0.758767,0.742409,0.791150,0.744234,0.749466,0.737110,0.755825,0.754018,0.760476,0.747439,0.780609,0.769355,0.765914,0.764953,0.722144,0.709810,0.705525,0.740535,0.818389,0.725358,0.762379,0.822836,0.737051,0.726317,0.727246,0.782829,0.802648,0.755884,0.767741,0.744639,0.721000,0.737741,0.765016,0.748916,0.724487,0.760181,0.736138,0.739853,0.819334,0.730498,0.785803,0.758469,0.767246,0.754456,0.791101,0.771241,0.749761,0.755580,0.755744,0.776114,0.760609,0.791802,0.776085,0.775372,0.796215,0.790812,0.790382,0.784353,0.722385,0.801186,0.756406,0.740483,0.769012,0.727675,0.752053,0.748422,0.774380,0.737012,0.720839,0.721009,0.791709,0.734585,0.758224,0.722202,0.709075,0.727635,0.733324,0.767346,0.758376,0.742209,0.772460,0.737600,0.755984,0.717096,0.778889,0.686927,0.725361,0.732660,0.711426,0.766629,0.747855,0.674449,0.733771,0.754736,0.695628,0.773191,0.722881,0.726909,0.728222,0.753027,0.745584,0.776845,0.760166,0.799359,0.793224,0.780839,0.759694,0.742131,0.699068,0.734296,0.759899,0.724378,0.748627,0.735060,0.703249,0.708613,0.752388,0.777944,0.733344,0.706550,0.732552,0.721795,0.774662,0.740699,0.717603,0.767681,0.736490,0.747496,0.743966,0.715227,0.704396,0.713638,0.724909,0.676243,0.739230,0.759398,0.727523,0.755376,0.788699,0.730681,0.693412,0.716619,0.746956,0.699865,0.753892,0.734050,0.793203,0.743256,0.736694,0.793851,0.735301,0.730021,0.738034,0.783298,0.717609,0.779517,0.717350,0.738356,0.735242,0.706011,0.757514,0.740314,0.717057,0.767453,0.777776,0.767680,0.742661,0.746320,0.755513,0.766464,0.739601,0.741079,#
3,0.734169,0.782840,0.737572,1.000000,0.731664,0.759558,0.699079,0.721928,0.734454,0.722957,0.725570,0.718988,0.742560,0.707375,0.686477,0.715253,0.719930,0.719807,0.716391,0.720160,0.742923,0.757613,0.678335,0.693242,0.744478,0.752281,0.749538,0.759505,0.698711,0.700724,0.735456,0.768757,0.721812,0.741691,0.745716,0.734077,0.683717,0.740180,0.678928,0.781912,0.736778,0.725941,0.700897,0.717180,0.725640,0.756733,0.772087,0.744720,0.772818,0.749826,0.742417,0.703743,0.737834,0.704857,0.765638,0.742553,0.665878,0.735287,0.792418,0.744916,0.714382,0.722319,0.684193,0.726908,0.752874,0.756627,0.736664,0.731401,0.708823,0.725751,0.698145,0.757903,0.799502,0.754952,0.716885,0.728755,0.705167,0.741919,0.733860,0.771929,0.788339,0.706507,0.745728,0.733689,0.727655,0.756698,0.702325,0.710279,0.718333,0.731071,0.684692,0.720626,0.735191,0.745987,0.717347,0.731308,0.683746,0.688583,0.689254,0.742593,0.722420,0.705139,0.685339,0.696308,0.745831,0.691731,0.713109,0.754746,0.709304,0.712186,0.706398,0.721779,0.725915,0.711856,0.720680,0.753277,0.717176,0.724681,0.712752,0.664667,0.675858,0.743219,0.666291,0.745138,0.681029,0.721342,0.740549,0.737256,0.711360,0.742429,0.710466,0.757085,0.712097,0.770501,0.759660,0.722186,0.726439,0.705705,0.724902,0.693511,0.705506,0.709537,0.679690,0.693202,0.703272,0.760233,0.705300,0.704883,0.713009,0.678598,0.714424,0.708506,0.703050,0.732013,0.721354,0.679943,0.757291,0.722076,0.675229,0.742990,0.754366,0.751888,0.721610,0.780024,0.737846,0.726690,0.734999,0.700532,0.698036,0.700053,0.733498,0.699917,0.723817,0.741174,0.725347,0.711806,0.719993,0.731077,0.739011,0.724264,0.702737,0.761925,0.683214,0.730369,0.701023,0.726125,0.711975,0.634793,0.754294,0.761621,0.692741,0.719567,0.717733,0.716039,0.736798,0.722177,0.730774,0.730596,0.716555,0.740862,#
4,0.690189,0.738803,0.691439,0.731664,1.000000,0.766908,0.736453,0.687912,0.669782,0.702343,0.712865,0.703457,0.673019,0.688841,0.677200,0.710501,0.684555,0.743545,0.668661,0.745699,0.728473,0.730089,0.695282,0.723122,0.705647,0.675305,0.714808,0.724884,0.702367,0.706460,0.778007,0.703864,0.706026,0.667773,0.718046,0.731527,0.673825,0.705322,0.679212,0.760959,0.705009,0.687306,0.680947,0.716211,0.719395,0.702075,0.761369,0.704520,0.735559,0.736508,0.747401,0.691918,0.697028,0.631423,0.736704,0.732526,0.679578,0.737672,0.761000,0.699253,0.670376,0.709510,0.714707,0.684516,0.744978,0.769156,0.759735,0.678523,0.707036,0.698830,0.728000,0.748850,0.727341,0.710634,0.701638,0.707572,0.695019,0.729118,0.727355,0.727576,0.705234,0.712308,0.749713,0.679169,0.729111,0.669401,0.652097,0.681524,0.722735,0.744725,0.668578,0.657651,0.676595,0.711834,0.677731,0.719535,0.712690,0.654583,0.657123,0.685578,0.724217,0.750107,0.705230,0.698007,0.705727,0.637047,0.721152,0.708849,0.725004,0.730853,0.662180,0.685157,0.731846,0.755958,0.689662,0.709417,0.664804,0.772409,0.666050,0.644527,0.682755,0.717410,0.719679,0.722614,0.677011,0.719194,0.699211,0.688250,0.764800,0.716905,0.757131,0.750533,0.685656,0.714939,0.756795,0.705479,0.689836,0.742435,0.699990,0.672613,0.666580,0.735341,0.697222,0.723539,0.698532,0.711485,0.710069,0.653053,0.687674,0.713638,0.711790,0.759662,0.664780,0.646468,0.752196,0.687512,0.745897,0.716034,0.711636,0.688926,0.668089,0.714339,0.737471,0.731061,0.736755,0.688175,0.712593,0.680116,0.666633,0.679321,0.688187,0.687974,0.717774,0.693916,0.746749,0.694658,0.721846,0.748546,0.701855,0.736575,0.751488,0.697757,0.712899,0.689878,0.750376,0.724943,0.716549,0.725202,0.695193,0.711694,0.688998,0.685236,0.703645,0.709174,0.703063,0.637147,0.685078,0.721388,0.732015,0.678543,#
5,0.761009,0.793058,0.766086,0.759558,0.766908,1.000000,0.717365,0.746108,0.738317,0.729542,0.720350,0.712953,0.715517,0.694874,0.722435,0.719379,0.730276,0.742037,0.739280,0.784768,0.734177,0.728757,0.684055,0.726205,0.744171,0.769255,0.786447,0.785507,0.696521,0.736752,0.767924,0.755366,0.738632,0.754218,0.755372,0.761164,0.736593,0.727041,0.721037,0.769655,0.728509,0.730936,0.711319,0.722824,0.741963,0.765372,0.760707,0.762518,0.759636,0.763684,0.770579,0.697662,0.709508,0.745305,0.767700,0.809331,0.719860,0.753481,0.771284,0.760388,0.707746,0.694150,0.737755,0.768667,0.728996,0.745274,0.755025,0.734983,0.736607,0.756101,0.781074,0.765526,0.791371,0.751534,0.741682,0.722242,0.723231,0.777149,0.738386,0.761131,0.778486,0.751784,0.782351,0.743390,0.735568,0.732451,0.705245,0.717682,0.760720,0.725269,0.744240,0.686341,0.712546,0.764355,0.723096,0.665015,0.756396,0.724135,0.762702,0.685173,0.774817,0.746450,0.790287,0.746658,0.740861,0.702509,0.741638,0.747282,0.704199,0.755545,0.724087,0.733809,0.763099,0.689998,0.676220,0.723797,0.779291,0.776015,0.722588,0.692219,0.703144,0.758877,0.697499,0.792456,0.698801,0.735563,0.769650,0.720473,0.756145,0.713799,0.740098,0.793401,0.768368,0.776901,0.763591,0.701829,0.690080,0.745399,0.714400,0.714127,0.714307,0.699193,0.723096,0.738896,0.811820,0.735103,0.720756,0.710836,0.734944,0.771389,0.784548,0.753457,0.749899,0.712448,0.766872,0.691465,0.761070,0.729059,0.717901,0.729362,0.728235,0.771006,0.747682,0.743262,0.763447,0.704505,0.692541,0.756968,0.712018,0.715528,0.762856,0.737522,0.741198,0.737174,0.757852,0.746032,0.750080,0.779736,0.761632,0.764397,0.760334,0.732376,0.670459,0.719843,0.737103,0.754589,0.756790,0.710503,0.776548,0.783488,0.688673,0.770056,0.715828,0.765239,0.728240,0.707675,0.714075,0.761539,0.746795,0.738006,#
6,0.720951,0.728941,0.747219,0.699079,0.736453,0.717365,1.000000,0.681058,0.721275,0.740680,0.759075,0.723129,0.712112,0.724905,0.640529,0.780637,0.744962,0.768434,0.730849,0.701366,0.743478,0.705702,0.655373,0.709450,0.732526,0.735070,0.729383,0.738177,0.705329,0.712413,0.751420,0.761605,0.721275,0.735642,0.738749,0.737548,0.733839,0.733448,0.689648,0.758000,0.737566,0.754324,0.745748,0.742063,0.718740,0.681981,0.775485,0.720130,0.765551,0.777284,0.737320,0.719432,0.714115,0.646412,0.755163,0.732849,0.722362,0.765717,0.751412,0.723910,0.738097,0.744074,0.699944,0.688491,0.770693,0.728641,0.799489,0.734733,0.757700,0.698584,0.756419,0.789084,0.747991,0.743549,0.711196,0.736140,0.764454,0.779594,0.764809,0.724687,0.743400,0.761013,0.739789,0.793275,0.743474,0.700531,0.694962,0.713081,0.745614,0.720959,0.701673,0.716044,0.684423,0.745192,0.715611,0.722391,0.730353,0.714090,0.714539,0.691061,0.751186,0.754250,0.716691,0.722096,0.771197,0.670014,0.745024,0.725375,0.766491,0.721290,0.681214,0.689393,0.739695,0.724808,0.689710,0.754136,0.689326,0.750331,0.682289,0.696661,0.684877,0.745627,0.646016,0.750515,0.712224,0.711261,0.698330,0.711960,0.709046,0.709854,0.750912,0.755470,0.724819,0.702600,0.751552,0.708471,0.747000,0.714042,0.757412,0.732350,0.735655,0.721291,0.690852,0.717954,0.730706,0.754088,0.722198,0.703177,0.696997,0.719563,0.736997,0.753380,0.679783,0.714804,0.710442,0.700489,0.719600,0.660138,0.686328,0.750682,0.729297,0.720279,0.704268,0.729941,0.730533,0.730182,0.767702,0.686813,0.692639,0.721891,0.702973,0.743996,0.683256,0.695609,0.745638,0.743709,0.732669,0.758241,0.734939,0.721019,0.748968,0.728213,0.730851,0.727123,0.698656,0.702276,0.742138,0.688775,0.734482,0.725442,0.689003,0.738664,0.703059,0.732692,0.737581,0.717036,0.739556,0.740595,0.746245,0.715311,#
7,0.746928,0.735001,0.757657,0.721928,0.687912,0.746108,0.681058,1.000000,0.749482,0.684907,0.710366,0.697012,0.722742,0.711936,0.712928,0.697441,0.688672,0.754662,0.728386,0.741106,0.746440,0.711166,0.723037,0.694102,0.710428,0.748681,0.734827,0.726715,0.708939,0.742466,0.727172,0.720155,0.709901,0.720242,0.733343,0.737025,0.709994,0.732776,0.748159,0.738423,0.748769,0.748847,0.671333,0.688894,0.691049,0.721358,0.765510,0.764575,0.780882,0.746544,0.716507,0.718243,0.731358,0.730774,0.759007,0.703078,0.722796,0.704001,0.757011,0.781672,0.689234,0.737064,0.730337,0.708767,0.747111,0.731101,0.790899,0.705756,0.702243,0.678209,0.759146,0.682533,0.769949,0.759931,0.713628,0.701996,0.718494,0.734903,0.705369,0.724292,0.788276,0.712932,0.771232,0.737714,0.734759,0.748024,0.704701,0.718996,0.705754,0.731164,0.730437,0.708265,0.720187,0.733204,0.742976,0.727043,0.729849,0.744950,0.754873,0.719620,0.742497,0.698352,0.684792,0.677201,0.736432,0.679248,0.702619,0.755594,0.738259,0.686684,0.756378,0.704253,0.770502,0.707420,0.720797,0.748593,0.676999,0.711063,0.701366,0.716857,0.715792,0.734049,0.692686,0.747233,0.705119,0.733339,0.689746,0.751352,0.703567,0.718717,0.703442,0.749936,0.739570,0.668243,0.735936,0.718738,0.694602,0.760553,0.713030,0.701166,0.686960,0.690899,0.708674,0.690220,0.751738,0.725911,0.722580,0.647261,0.688746,0.701022,0.699052,0.730104,0.709653,0.684539,0.730422,0.763970,0.741238,0.727829,0.703337,0.696389,0.736522,0.693834,0.763977,0.703020,0.733036,0.708703,0.727554,0.714761,0.631672,0.658884,0.748227,0.696899,0.725176,0.739365,0.757919,0.668114,0.688773,0.718599,0.724623,0.728469,0.721241,0.721643,0.687886,0.718083,0.718110,0.730478,0.749302,0.678649,0.736769,0.768861,0.738319,0.734400,0.702386,0.710617,0.726835,0.683764,0.725147,0.751023,0.757799,0.699588,#
8,0.730416,0.750188,0.735703,0.734454,0.669782,0.738317,0.721275,0.749482,1.000000,0.715989,0.729311,0.747137,0.729307,0.736793,0.702242,0.741195,0.685421,0.734853,0.665112,0.743474,0.748368,0.736023,0.670575,0.705423,0.721503,0.729752,0.735900,0.715634,0.706964,0.703860,0.750327,0.730532,0.708584,0.702486,0.714378,0.796831,0.712447,0.737497,0.685281,0.721401,0.714993,0.701939,0.772629,0.725414,0.702460,0.681042,0.744620,0.693468,0.761188,0.745998,0.733550,0.725413,0.718392,0.722903,0.718208,0.739164,0.719068,0.736117,0.723727,0.704727,0.737256,0.747512,0.747251,0.733342,0.736480,0.758424,0.778191,0.755685,0.752384,0.691617,0.738305,0.764800,0.792114,0.731163,0.721399,0.699660,0.717097,0.750481,0.723535,0.748835,0.765089,0.714841,0.736057,0.736930,0.749942,0.724543,0.708112,0.731979,0.691581,0.669496,0.713405,0.699346,0.696787,0.711944,0.681911,0.683451,0.740320,0.741889,0.787052,0.745540,0.723010,0.670996,0.757917,0.749725,0.687825,0.713404,0.728016,0.727677,0.682706,0.754179,0.697830,0.691291,0.745673,0.693509,0.661793,0.743810,0.714520,0.713372,0.682352,0.720364,0.697569,0.710444,0.692318,0.768934,0.685441,0.727290,0.659951,0.713150,0.744931,0.746616,0.682998,0.758563,0.735677,0.699665,0.734498,0.736579,0.707400,0.724422,0.741102,0.700865,0.703347,0.699875,0.709471,0.651816,0.744057,0.705257,0.699420,0.693406,0.697977,0.740291,0.710262,0.755622,0.689189,0.768446,0.720120,0.704535,0.737396,0.730055,0.759685,0.700815,0.732843,0.693580,0.728944,0.708408,0.707454,0.700220,0.719164,0.747177,0.708057,0.664068,0.710174,0.719361,0.671733,0.723706,0.767299,0.698818,0.707001,0.756516,0.729226,0.705557,0.740023,0.733181,0.708147,0.719571,0.697080,0.679883,0.768007,0.673199,0.706503,0.758624,0.746315,0.748605,0.739517,0.733553,0.716592,0.649432,0.675669,0.716096,0.716680,0.762672,#
9,0.708616,0.740779,0.742612,0.722957,0.702343,0.729542,0.740680,0.684907,0.715989,1.000000,0.728970,0.688833,0.721470,0.718869,0.717479,0.718329,0.692169,0.752802,0.680364,0.692277,0.744475,0.723526,0.657186,0.714890,0.716480,0.686312,0.740710,0.784396,0.661953,0.725067,0.720386,0.720526,0.714228,0.720825,0.730458,0.749220,0.717033,0.714616,0.702210,0.759459,0.710450,0.749040,0.682218,0.690886,0.724513,0.699346,0.735448,0.733154,0.765464,0.761230,0.735610,0.694695,0.653376,0.671011,0.712420,0.729467,0.743144,0.781967,0.686113,0.733921,0.729286,0.724056,0.714508,0.676932,0.706873,0.773023,0.764908,0.731390,0.759603,0.686894,0.737823,0.742601,0.746829,0.730465,0.715200,0.732697,0.745447,0.783612,0.721019,0.786410,0.758932,0.726290,0.740618,0.776128,0.752247,0.716037,0.712889,0.747344,0.726756,0.710290,0.732051,0.666783,0.730284,0.712037,0.738784,0.693711,0.683086,0.687075,0.724984,0.731818,0.765183,0.756499,0.737734,0.713835,0.728907,0.709779,0.700764,0.773325,0.755933,0.742391,0.714228,0.734181,0.744805,0.689485,0.696734,0.779549,0.638251,0.745499,0.708858,0.707170,0.650187,0.739673,0.689834,0.739506,0.711008,0.731747,0.717247,0.704315,0.744053,0.692723,0.682043,0.760628,0.720363,0.717196,0.756939,0.668121,0.696271,0.728211,0.715048,0.704248,0.750364,0.758656,0.743656,0.753177,0.761388,0.783067,0.706864,0.718195,0.711676,0.707872,0.699763,0.725096,0.710612,0.720684,0.698793,0.706460,0.710322,0.746895,0.729944,0.747406,0.715613,0.744817,0.760185,0.751391,0.722352,0.737871,0.683073,0.734451,0.727253,0.697848,0.721198,0.705330,0.725758,0.681442,0.749492,0.756999,0.742404,0.772820,0.701707,0.754979,0.749403,0.751550,0.743278,0.699513,0.728385,0.739386,0.726819,0.693353,0.749868,0.714063,0.685396,0.721182,0.681172,0.712475,0.695098,0.690217,0.728941,0.731691,0.726959,0.679076,#
10,0.725323,0.768416,0.757055,0.725570,0.712865,0.720350,0.759075,0.710366,0.729311,0.728970,1.000000,0.753952,0.730386,0.726874,0.674180,0.741153,0.739264,0.734147,0.761087,0.726053,0.739969,0.741018,0.688487,0.767225,0.711127,0.737936,0.742161,0.780126,0.729361,0.742326,0.749977,0.731588,0.723404,0.745569,0.748528,0.747001,0.762602,0.745408,0.709305,0.734886,0.750341,0.707424,0.726707,0.709564,0.717658,0.752889,0.813027,0.737691,0.757242,0.788054,0.724121,0.745144,0.726902,0.676049,0.754592,0.772310,0.748119,0.789404,0.709204,0.760907,0.743286,0.753415,0.768920,0.746188,0.757043,0.717189,0.803634,0.715576,0.784079,0.709732,0.792086,0.771409,0.791448,0.705695,0.738119,0.785878,0.721817,0.779875,0.768382,0.719322,0.796412,0.719983,0.765460,0.734535,0.745748,0.728760,0.741540,0.707538,0.737228,0.779614,0.701464,0.745971,0.757594,0.709668,0.699672,0.729535,0.716799,0.756789,0.733068,0.732131,0.745051,0.720345,0.730945,0.749909,0.737514,0.732261,0.747191,0.705495,0.737267,0.751632,0.746444,0.705954,0.792211,0.727316,0.699217,0.766335,0.677713,0.746600,0.713266,0.693813,0.714681,0.772122,0.659953,0.754786,0.677044,0.724021,0.743206,0.719930,0.763414,0.746133,0.725997,0.772545,0.729729,0.736900,0.778458,0.777651,0.700351,0.716243,0.760721,0.747393,0.761344,0.746698,0.726567,0.745315,0.747846,0.756778,0.736297,0.702755,0.721997,0.751896,0.729681,0.725203,0.725153,0.733144,0.758965,0.708590,0.760491,0.748815,0.700406,0.708636,0.757158,0.711358,0.739838,0.758160,0.743278,0.725247,0.760786,0.721154,0.713361,0.735802,0.694569,0.751991,0.688756,0.723750,0.786123,0.734820,0.715076,0.757155,0.706261,0.756912,0.719545,0.704566,0.739749,0.721432,0.684098,0.734248,0.761865,0.721763,0.709644,0.765948,0.724176,0.723092,0.717383,0.786696,0.737242,0.704075,0.733799,0.746999,0.756896,0.755001,#
11,0.752033,0.727424,0.716352,0.718988,0.703457,0.712953,0.723129,0.697012,0.747137,0.688833,0.753952,1.000000,0.739782,0.735022,0.726758,0.723896,0.683434,0.755757,0.746536,0.728884,0.711433,0.723900,0.718869,0.730983,0.715562,0.712418,0.723600,0.717676,0.718217,0.686567,0.775271,0.751246,0.738117,0.720167,0.706234,0.748850,0.745827,0.768306,0.690478,0.728604,0.738280,0.692768,0.705136,0.715752,0.702841,0.674125,0.781684,0.750645,0.747718,0.765538,0.690555,0.676739,0.743627,0.687236,0.749708,0.732082,0.697293,0.783015,0.731293,0.769877,0.698327,0.715696,0.769108,0.713405,0.737140,0.718222,0.778818,0.744838,0.752427,0.731855,0.719181,0.730330,0.780214,0.736383,0.785771,0.745839,0.747319,0.773820,0.718740,0.702771,0.746622,0.702124,0.761576,0.734830,0.739779,0.699996,0.674540,0.705527,0.699900,0.683465,0.717936,0.714251,0.703749,0.738907,0.642971,0.737423,0.711542,0.735706,0.722399,0.720684,0.721420,0.738947,0.744333,0.719704,0.739267,0.709467,0.734011,0.745249,0.747302,0.728637,0.739079,0.726439,0.748270,0.696117,0.691485,0.725558,0.695329,0.734880,0.694566,0.741123,0.683307,0.722894,0.705880,0.787725,0.680244,0.711737,0.717990,0.746189,0.781371,0.754479,0.741105,0.738706,0.762838,0.728256,0.770589,0.749511,0.731506,0.732638,0.742361,0.707837,0.708595,0.665950,0.722760,0.750593,0.742327,0.703152,0.740591,0.685220,0.676652,0.710883,0.719690,0.705803,0.721281,0.767154,0.722533,0.695983,0.742374,0.701128,0.699535,0.720831,0.736813,0.738858,0.760489,0.741017,0.771568,0.729082,0.760866,0.695770,0.699686,0.732085,0.736906,0.691661,0.741407,0.763285,0.755975,0.727018,0.721710,0.728622,0.718519,0.749029,0.725107,0.700749,0.749114,0.699243,0.727771,0.662436,0.740831,0.723409,0.682436,0.705170,0.730385,0.764504,0.713727,0.730660,0.720290,0.688220,0.713305,0.749790,0.754230,0.693143,#
12,0.751411,0.748503,0.707524,0.742560,0.673019,0.715517,0.712112,0.722742,0.729307,0.721470,0.730386,0.739782,1.000000,0.713040,0.701533,0.684575,0.671954,0.720601,0.743763,0.698530,0.741562,0.693007,0.708152,0.723713,0.731364,0.726918,0.713624,0.721166,0.703726,0.690598,0.732620,0.695351,0.699190,0.744460,0.767235,0.754175,0.708088,0.735246,0.692342,0.717201,0.679172,0.670709,0.670776,0.707670,0.726214,0.716890,0.799110,0.723383,0.760836,0.773647,0.766309,0.671973,0.692653,0.701287,0.766132,0.742025,0.699062,0.705889,0.738875,0.727732,0.685904,0.707661,0.726873,0.680717,0.725579,0.735599,0.735804,0.713283,0.760666,0.716260,0.729339,0.745128,0.778209,0.736028,0.732702,0.732851,0.712352,0.769608,0.728481,0.762165,0.767903,0.728070,0.760508,0.722757,0.709989,0.737190,0.645768,0.726871,0.687970,0.692655,0.754274,0.696954,0.728665,0.723054,0.664165,0.718830,0.726863,0.681426,0.698952,0.673768,0.712698,0.744994,0.715695,0.706188,0.712867,0.679444,0.692626,0.733090,0.741930,0.726337,0.714788,0.713036,0.736301,0.662078,0.735229,0.734527,0.633164,0.707338,0.725066,0.706613,0.685229,0.743719,0.678591,0.757712,0.686180,0.775151,0.716411,0.702603,0.713842,0.706593,0.639148,0.705665,0.711263,0.685678,0.705540,0.696046,0.672509,0.705024,0.699090,0.637610,0.734018,0.694273,0.669626,0.738926,0.675217,0.699494,0.738207,0.665696,0.697351,0.747075,0.736994,0.681134,0.714948,0.677183,0.702705,0.731982,0.763249,0.766558,0.745563,0.695516,0.732982,0.736489,0.729915,0.717755,0.765872,0.662545,0.700364,0.741931,0.678875,0.703751,0.733965,0.653397,0.740416,0.700396,0.743987,0.675840,0.755036,0.764640,0.657588,0.698436,0.712666,0.741037,0.705428,0.684413,0.661066,0.687663,0.712947,0.692661,0.745940,0.717648,0.673730,0.716984,0.646095,0.702835,0.692047,0.717102,0.703530,0.736867,0.751740,0.677497,#
13,0.689639,0.766802,0.725466,0.707375,0.688841,0.694874,0.724905,0.711936,0.736793,0.718869,0.726874,0.735022,0.713040,1.000000,0.685689,0.696519,0.657904,0.756861,0.731448,0.701354,0.732632,0.715457,0.737604,0.725070,0.710761,0.745315,0.691776,0.764443,0.715330,0.745319,0.709955,0.717875,0.728350,0.753419,0.650271,0.715240,0.728065,0.764274,0.710728,0.749043,0.784876,0.711627,0.717577,0.677755,0.754339,0.728844,0.743238,0.731823,0.787553,0.773366,0.714163,0.749197,0.692797,0.684294,0.768960,0.751561,0.741914,0.765472,0.744342,0.740156,0.712478,0.734311,0.698492,0.703636,0.752766,0.744044,0.790394,0.743439,0.765007,0.710010,0.695383,0.747956,0.765731,0.761322,0.746268,0.744570,0.740426,0.745664,0.762508,0.718311,0.739890,0.719798,0.771229,0.765216,0.709635,0.744065,0.647743,0.713064,0.777256,0.708964,0.702902,0.739309,0.728551,0.736119,0.700417,0.692686,0.712317,0.691023,0.708623,0.746866,0.744558,0.719972,0.742182,0.738404,0.731889,0.741182,0.709110,0.749593,0.704970,0.715594,0.713397,0.712845,0.741333,0.707250,0.726559,0.749109,0.671368,0.749779,0.718669,0.664547,0.716089,0.726475,0.683883,0.723042,0.673710,0.698725,0.721076,0.701984,0.739859,0.720495,0.715821,0.710005,0.706717,0.723667,0.739702,0.733290,0.700752,0.740319,0.796183,0.687780,0.726002,0.724301,0.730905,0.702696,0.698587,0.725466,0.715085,0.693531,0.718532,0.696328,0.746320,0.726377,0.693541,0.745620,0.705574,0.694403,0.744186,0.691207,0.712832,0.712084,0.739479,0.715022,0.732081,0.741518,0.744523,0.717318,0.758690,0.736186,0.704362,0.695625,0.711192,0.711261,0.733167,0.754325,0.783593,0.742766,0.739812,0.755519,0.713468,0.729025,0.740121,0.706781,0.755982,0.701844,0.694175,0.722075,0.702696,0.686395,0.689664,0.732574,0.746427,0.735101,0.735668,0.737192,0.733488,0.661234,0.719519,0.789518,0.749103,0.694383,#
14,0.743999,0.719307,0.725640,0.686477,0.677200,0.722435,0.640529,0.712928,0.702242,0.717479,0.674180,0.726758,0.701533,0.685689,1.000000,0.664394,0.654734,0.708608,0.628604,0.717108,0.673033,0.706776,0.676906,0.749945,0.687271,0.646039,0.729795,0.733659,0.661186,0.703187,0.783432,0.682005,0.685516,0.671115,0.716320,0.712710,0.685802,0.706885,0.732447,0.679157,0.703910,0.691863,0.675044,0.674359,0.673031,0.716584,0.733009,0.672542,0.703702,0.692723,0.680026,0.695160,0.673662,0.698708,0.708587,0.720330,0.710455,0.698496,0.734912,0.669279,0.691609,0.707681,0.713613,0.682381,0.690914,0.689185,0.735293,0.685342,0.729574,0.687097,0.704380,0.684204,0.761382,0.709619,0.733278,0.723042,0.676279,0.714765,0.654931,0.690811,0.731974,0.692461,0.757857,0.739467,0.708249,0.710979,0.647370,0.698910,0.708039,0.677966,0.699921,0.639532,0.708918,0.769370,0.690451,0.673492,0.686582,0.678513,0.672638,0.666222,0.692158,0.701421,0.721632,0.654646,0.700592,0.676729,0.684667,0.658471,0.742448,0.701625,0.679774,0.726374,0.758068,0.660168,0.639464,0.698400,0.634387,0.663284,0.667080,0.682667,0.691835,0.705811,0.682379,0.739804,0.698813,0.604761,0.674097,0.722757,0.675413,0.688672,0.674714,0.737182,0.681873,0.699202,0.708000,0.661090,0.727179,0.709828,0.697542,0.684961,0.698006,0.715188,0.646768,0.753988,0.715412,0.721340,0.736027,0.647061,0.689871,0.662182,0.743300,0.672856,0.685762,0.674671,0.709779,0.664363,0.702329,0.679250,0.659419,0.703175,0.694674,0.679135,0.693300,0.673645,0.745463,0.686565,0.662990,0.697738,0.632600,0.690158,0.690928,0.625873,0.699935,0.717093,0.743899,0.683949,0.662799,0.714727,0.688446,0.701730,0.690296,0.705671,0.698085,0.670373,0.688502,0.701093,0.728183,0.644445,0.697573,0.703571,0.679666,0.712540,0.709677,0.696153,0.627559,0.634607,0.671493,0.699452,0.673951,0.633527,#
15,0.697881,0.735961,0.729268,0.715253,0.710501,0.719379,0.780637,0.697441,0.741195,0.718329,0.741153,0.723896,0.684575,0.696519,0.664394,1.000000,0.705495,0.742431,0.732012,0.710438,0.690235,0.731623,0.659983,0.735947,0.728129,0.712381,0.698582,0.731372,0.692699,0.663766,0.765297,0.756278,0.728057,0.765093,0.710394,0.732215,0.739053,0.756127,0.679397,0.705493,0.703319,0.681583,0.726669,0.701762,0.719463,0.717472,0.778909,0.733360,0.752571,0.761504,0.725776,0.708718,0.682262,0.696965,0.724303,0.730782,0.740972,0.721737,0.703680,0.728893,0.740748,0.739495,0.720043,0.729495,0.741019,0.706525,0.759221,0.741724,0.715388,0.676861,0.743888,0.711292,0.705241,0.733983,0.736043,0.699439,0.716069,0.743298,0.755631,0.716374,0.729951,0.714788,0.729746,0.754203,0.762240,0.740160,0.643111,0.704068,0.705225,0.656770,0.671945,0.708909,0.717343,0.737848,0.648153,0.702745,0.692691,0.728264,0.707060,0.695259,0.731617,0.736446,0.724546,0.742401,0.722403,0.672738,0.701971,0.723047,0.708791,0.753370,0.674098,0.664007,0.763270,0.680216,0.702591,0.725738,0.657084,0.701132,0.689890,0.733263,0.658343,0.746147,0.667614,0.745067,0.664407,0.695189,0.710923,0.699714,0.732885,0.754506,0.739529,0.721446,0.704169,0.648995,0.736434,0.716026,0.733549,0.679891,0.713180,0.725673,0.710555,0.693902,0.698994,0.705432,0.735310,0.746877,0.697583,0.670980,0.703424,0.712898,0.737398,0.765493,0.722786,0.718024,0.719057,0.696901,0.715665,0.677114,0.722894,0.708535,0.707832,0.719376,0.736572,0.732100,0.720740,0.701573,0.727220,0.697925,0.702900,0.720595,0.664779,0.736472,0.668777,0.749675,0.750645,0.746905,0.717408,0.731213,0.720180,0.724595,0.729536,0.714619,0.704553,0.709361,0.745898,0.672711,0.689994,0.639331,0.712360,0.742971,0.695004,0.751823,0.669283,0.715856,0.696077,0.683625,0.718384,0.711157,0.763503,0.704178,#
16,0.725150,0.741577,0.712917,0.719930,0.684555,0.730276,0.744962,0.688672,0.685421,0.692169,0.739264,0.683434,0.671954,0.657904,0.654734,0.705495,1.000000,0.731070,0.762394,0.723805,0.771832,0.651466,0.649913,0.694476,0.704888,0.739714,0.709674,0.699265,0.633413,0.680376,0.746865,0.739279,0.703135,0.672713,0.717884,0.727021,0.735457,0.743712,0.700514,0.748023,0.706548,0.695151,0.678155,0.667612,0.704103,0.713920,0.729057,0.702455,0.721083,0.753008,0.692450,0.691267,0.688729,0.710013,0.723045,0.762474,0.653343,0.738704,0.716829,0.691001,0.722190,0.715706,0.701283,0.678845,0.712699,0.698103,0.765158,0.729535,0.749657,0.713977,0.736170,0.728382,0.740767,0.718672,0.702933,0.686600,0.703515,0.736091,0.700512,0.749211,0.784816,0.716753,0.756882,0.710929,0.727625,0.703017,0.675894,0.656342,0.687540,0.691706,0.630965,0.692199,0.704834,0.684810,0.692971,0.726355,0.690390,0.691329,0.712686,0.705707,0.731787,0.719534,0.714407,0.724084,0.716403,0.693459,0.716148,0.693960,0.776950,0.709749,0.700433,0.709915,0.747726,0.692875,0.702709,0.753141,0.747630,0.709739,0.669000,0.612483,0.616725,0.700670,0.661678,0.710508,0.704278,0.689686,0.684535,0.673475,0.717306,0.661837,0.726793,0.721784,0.715824,0.694881,0.716718,0.734913,0.699985,0.687543,0.706523,0.647842,0.689230,0.701095,0.719274,0.689750,0.675632,0.678835,0.739214,0.693276,0.695202,0.680575,0.696253,0.714070,0.625405,0.690502,0.762918,0.685299,0.693941,0.688684,0.658432,0.706320,0.717641,0.675407,0.752235,0.702970,0.748323,0.728496,0.699068,0.726663,0.687352,0.711715,0.645161,0.722529,0.692031,0.733204,0.738019,0.689790,0.678582,0.762130,0.706319,0.732016,0.715462,0.677110,0.691261,0.709379,0.654596,0.665072,0.740129,0.682563,0.724922,0.728385,0.708012,0.726750,0.688256,0.725814,0.720214,0.704083,0.717265,0.717512,0.730242,0.692704,#
17,0.744104,0.744137,0.762266,0.719807,0.743545,0.742037,0.768434,0.754662,0.734853,0.752802,0.734147,0.755757,0.720601,0.756861,0.708608,0.742431,0.731070,1.000000,0.736728,0.779344,0.728229,0.732262,0.709230,0.718958,0.772758,0.742406,0.738057,0.767384,0.707783,0.744993,0.762766,0.773808,0.690074,0.699802,0.701888,0.730520,0.737651,0.794407,0.755144,0.778906,0.758895,0.742869,0.702098,0.732099,0.726350,0.741892,0.772800,0.776571,0.776711,0.785650,0.724482,0.683806,0.736306,0.703208,0.771785,0.756085,0.746161,0.733366,0.745849,0.725169,0.732204,0.714258,0.759962,0.710151,0.734497,0.757655,0.827055,0.730728,0.743451,0.702840,0.766189,0.733193,0.760651,0.774887,0.755679,0.710837,0.732082,0.796196,0.769662,0.769463,0.759129,0.760333,0.789619,0.792341,0.735123,0.717817,0.722806,0.727470,0.716074,0.724565,0.745690,0.703866,0.745417,0.755126,0.733957,0.760129,0.713953,0.703071,0.742798,0.789127,0.740516,0.723173,0.732428,0.698385,0.721362,0.733403,0.715403,0.729893,0.727025,0.757448,0.744929,0.694480,0.796928,0.725527,0.761583,0.740577,0.671168,0.741853,0.725375,0.715431,0.716669,0.746043,0.697376,0.745388,0.688590,0.724585,0.707574,0.753968,0.766103,0.715491,0.741615,0.787665,0.764715,0.713865,0.746189,0.736124,0.754476,0.745316,0.736120,0.756136,0.746759,0.736045,0.781516,0.738788,0.767483,0.731128,0.708841,0.678625,0.732923,0.720911,0.756904,0.736377,0.708787,0.758275,0.734547,0.758118,0.785519,0.697115,0.727233,0.740732,0.733982,0.729559,0.789207,0.721602,0.746158,0.717773,0.695916,0.700911,0.714956,0.682398,0.737484,0.714901,0.741881,0.722436,0.795183,0.710025,0.737396,0.782434,0.737676,0.773135,0.726985,0.760909,0.726458,0.748269,0.738359,0.692448,0.761133,0.739131,0.708477,0.722791,0.746045,0.759285,0.707822,0.727298,0.709801,0.739208,0.737634,0.738820,0.760159,0.666001,#
18,0.730277,0.762741,0.718926,0.716391,0.668661,0.739280,0.730849,0.728386,0.665112,0.680364,0.761087,0.746536,0.743763,0.731448,0.628604,0.732012,0.762394,0.736728,1.000000,0.724144,0.729653,0.755207,0.685499,0.693954,0.685615,0.752404,0.725257,0.723846,0.692877,0.724057,0.695709,0.755751,0.727625,0.759580,0.742793,0.776816,0.715020,0.775401,0.718841,0.728557,0.759314,0.692313,0.712213,0.660245,0.731028,0.706657,0.776598,0.776972,0.774150,0.732198,0.692764,0.697430,0.723209,0.666384,0.753488,0.736127,0.699120,0.743893,0.734904,0.769934,0.724543,0.696399,0.708595,0.687510,0.757392,0.688978,0.765763,0.702491,0.702290,0.716484,0.733977,0.712459,0.755983,0.719645,0.751664,0.687849,0.701254,0.749888,0.720320,0.707453,0.747516,0.682412,0.763095,0.734193,0.752017,0.767416,0.633312,0.703077,0.733381,0.683705,0.701717,0.686041,0.725904,0.758822,0.720348,0.696462,0.712407,0.722479,0.731278,0.736033,0.737497,0.706040,0.724427,0.725888,0.743374,0.728780,0.702947,0.745455,0.763839,0.749022,0.741901,0.692900,0.748702,0.690875,0.687816,0.726552,0.688523,0.695349,0.723184,0.696380,0.711393,0.735879,0.660966,0.739253,0.711354,0.696922,0.772235,0.696521,0.765295,0.678053,0.713241,0.743325,0.724406,0.682466,0.718809,0.730191,0.727657,0.719607,0.714461,0.696705,0.694813,0.732781,0.690268,0.729351,0.734046,0.716475,0.726617,0.661951,0.725896,0.697662,0.727672,0.719169,0.733379,0.709981,0.729770,0.759935,0.730635,0.713269,0.664734,0.690535,0.745106,0.717615,0.788563,0.718840,0.748419,0.697175,0.778187,0.709554,0.658876,0.712887,0.718588,0.728711,0.734427,0.750153,0.741071,0.701858,0.707200,0.767935,0.713741,0.755676,0.730369,0.716154,0.688702,0.695580,0.701369,0.687250,0.714512,0.705886,0.677372,0.748149,0.707214,0.749045,0.664951,0.759969,0.750993,0.712719,0.715478,0.769942,0.741255,0.727124,#
19,0.744222,0.760015,0.757104,0.720160,0.745699,0.784768,0.701366,0.741106,0.743474,0.692277,0.726053,0.728884,0.698530,0.701354,0.717108,0.710438,0.723805,0.779344,0.724144,1.000000,0.738757,0.703336,0.663113,0.705450,0.730446,0.716448,0.745608,0.739089,0.685657,0.726067,0.765349,0.772871,0.740511,0.703757,0.720713,0.788895,0.718046,0.752177,0.728016,0.747935,0.751942,0.733571,0.688956,0.714250,0.693892,0.744495,0.787043,0.730658,0.770301,0.752152,0.723242,0.688255,0.722543,0.726086,0.736822,0.723860,0.749606,0.734237,0.714470,0.699981,0.703592,0.683295,0.751816,0.734407,0.740162,0.726722,0.789884,0.718950,0.762766,0.721824,0.751659,0.725099,0.773691,0.730495,0.711608,0.696148,0.690208,0.735832,0.713226,0.727777,0.791269,0.689781,0.775320,0.726560,0.734319,0.700164,0.696662,0.705053,0.758691,0.704965,0.694787,0.704452,0.696343,0.748919,0.695892,0.693654,0.728988,0.735704,0.725749,0.755521,0.725171,0.712132,0.743047,0.720993,0.733825,0.662045,0.739792,0.701422,0.716465,0.697533,0.727955,0.690289,0.744425,0.691901,0.706399,0.721698,0.719088,0.735335,0.718421,0.662307,0.735480,0.715275,0.677261,0.784637,0.693134,0.725263,0.713019,0.739248,0.791621,0.742142,0.742778,0.782079,0.749764,0.741735,0.731240,0.752310,0.686414,0.730214,0.742884,0.686599,0.725751,0.721472,0.678962,0.704811,0.741774,0.688950,0.699662,0.642960,0.735670,0.730291,0.709900,0.739874,0.694592,0.719886,0.760116,0.706411,0.780255,0.714689,0.716492,0.716930,0.731713,0.744882,0.728632,0.737814,0.777662,0.738373,0.689834,0.737839,0.683256,0.690631,0.702142,0.748156,0.748864,0.735407,0.786984,0.682661,0.727051,0.774167,0.731669,0.721972,0.713295,0.748698,0.741612,0.740789,0.714612,0.695185,0.697835,0.724948,0.720791,0.763008,0.713758,0.736088,0.684686,0.750800,0.737673,0.700405,0.732184,0.694132,0.741063,0.683861,#
20,0.723843,0.804071,0.727038,0.742923,0.728473,0.734177,0.743478,0.746440,0.748368,0.744475,0.739969,0.711433,0.741562,0.732632,0.673033,0.690235,0.771832,0.728229,0.729653,0.738757,1.000000,0.741089,0.666146,0.761215,0.738717,0.755869,0.707512,0.766654,0.705756,0.715290,0.761658,0.737349,0.744890,0.753914,0.728146,0.770549,0.703278,0.724397,0.705497,0.772207,0.752237,0.766684,0.682867,0.703613,0.772134,0.709298,0.773050,0.738234,0.758077,0.763285,0.735895,0.747156,0.707074,0.715012,0.765686,0.720928,0.669515,0.742032,0.755550,0.723872,0.739418,0.721145,0.769489,0.705241,0.732102,0.773874,0.805302,0.725185,0.753502,0.696835,0.733877,0.770974,0.787930,0.753125,0.702209,0.690841,0.730225,0.748149,0.770671,0.771983,0.748414,0.751688,0.775713,0.734864,0.717830,0.731568,0.713451,0.738130,0.751440,0.757590,0.722539,0.725220,0.712224,0.753315,0.726622,0.737487,0.706678,0.671753,0.730328,0.723551,0.794918,0.742918,0.750484,0.766956,0.743409,0.715271,0.775654,0.737012,0.741653,0.778538,0.713255,0.743046,0.721968,0.666787,0.737495,0.740522,0.730071,0.754663,0.659427,0.650327,0.712153,0.747937,0.691632,0.781607,0.696209,0.735620,0.700881,0.700758,0.735464,0.739246,0.728234,0.756534,0.772669,0.752394,0.745230,0.733590,0.684074,0.763866,0.758303,0.733218,0.731075,0.703928,0.715666,0.731975,0.742187,0.699564,0.732594,0.697255,0.696668,0.743526,0.735214,0.739182,0.697093,0.728422,0.762818,0.730528,0.726917,0.767250,0.719257,0.727895,0.758834,0.733997,0.743239,0.747563,0.767234,0.714631,0.698143,0.744566,0.689466,0.687021,0.738952,0.683594,0.742837,0.732011,0.766958,0.712956,0.708256,0.778896,0.716128,0.761821,0.740421,0.727946,0.719964,0.709748,0.688273,0.752464,0.734984,0.702153,0.726391,0.731986,0.706002,0.766076,0.751459,0.766113,0.751656,0.703064,0.749676,0.752735,0.751691,0.710136,#
21,0.716027,0.810546,0.757728,0.757613,0.730089,0.728757,0.705702,0.711166,0.736023,0.723526,0.741018,0.723900,0.693007,0.715457,0.706776,0.731623,0.651466,0.732262,0.755207,0.703336,0.741089,1.000000,0.696550,0.748243,0.681267,0.717759,0.757070,0.726115,0.726798,0.708966,0.719071,0.690842,0.743480,0.773736,0.747449,0.775581,0.727482,0.740346,0.710623,0.715713,0.731329,0.746965,0.712014,0.719556,0.742390,0.742072,0.750300,0.743391,0.761785,0.760809,0.697330,0.738870,0.721295,0.692588,0.752993,0.740938,0.705157,0.725219,0.787241,0.713949,0.732719,0.736724,0.687672,0.685060,0.740865,0.731616,0.779935,0.703049,0.724522,0.750059,0.725137,0.777578,0.769093,0.757672,0.760110,0.752428,0.730829,0.751443,0.736925,0.731295,0.723874,0.696513,0.793211,0.744634,0.783488,0.740193,0.656945,0.751576,0.747104,0.728257,0.692977,0.680331,0.742562,0.761794,0.745304,0.738482,0.723299,0.686340,0.714121,0.730425,0.751836,0.726911,0.678090,0.733440,0.708386,0.758243,0.699067,0.753129,0.702902,0.770864,0.752871,0.699110,0.745324,0.708166,0.649243,0.696205,0.702166,0.783205,0.714778,0.722084,0.731165,0.712503,0.674662,0.735234,0.679237,0.681105,0.719838,0.715676,0.737504,0.747001,0.736073,0.753546,0.708095,0.726870,0.770781,0.686593,0.676537,0.699071,0.718278,0.742647,0.720264,0.721229,0.663067,0.732518,0.725706,0.732012,0.698609,0.663298,0.701745,0.737962,0.735433,0.741224,0.706781,0.730591,0.702572,0.712723,0.764748,0.726350,0.680697,0.724846,0.704680,0.745258,0.753943,0.743106,0.760618,0.718982,0.745213,0.703068,0.646515,0.715504,0.754360,0.691146,0.732951,0.701992,0.742204,0.713524,0.662412,0.747714,0.716335,0.730958,0.722585,0.767984,0.723366,0.714989,0.717836,0.754233,0.723920,0.657360,0.670722,0.736507,0.708117,0.725541,0.730304,0.714627,0.742879,0.669504,0.720790,0.754471,0.701125,0.743899,#
