0,1.000000,0.843394,0.848753,0.822008,0.802501,0.839033,0.842446,0.835348,0.830729,0.811507,0.833515,0.850235,0.814419,0.812038,0.824532,0.824679,0.846161,0.860129,0.832075,0.836738,0.838151,0.802705,0.830494,0.845101,0.804105,0.818964,0.828551,0.830807,0.805749,0.835679,0.818705,0.844850,0.809087,0.809723,0.845029,0.828290,0.811760,0.814375,0.841868,0.846247,0.839619,0.801190,0.853767,0.809220,0.835352,0.804340,0.842561,0.844780,0.827450,0.851867,0.827432,0.821524,0.853503,0.850454,0.842967,0.853268,0.831366,0.858183,0.820903,0.822969,0.846506,0.813501,0.834718,0.834576,0.833763,0.832707,0.856964,0.845712,0.824654,0.803051,0.826599,0.819226,0.863440,0.842540,0.832927,0.818958,0.852379,0.836631,0.841989,0.826917,0.865394,0.830575,0.842510,0.852836,0.839419,0.866497,0.845397,0.834078,0.798685,0.819125,0.801921,0.817452,0.835971,0.821687,0.828878,0.827579,0.818074,0.818749,0.841533,0.852866,0.833385,0.819521,0.816465,0.831280,0.809214,0.819285,0.813035,0.854074,0.841824,0.801579,0.837334,0.823837,0.839357,0.816172,0.822718,0.863876,0.802891,0.823611,0.815968,0.809484,0.803354,0.878526,0.841205,0.860902,0.836276,0.828493,0.817959,0.811416,0.798916,0.821630,0.813321,0.840566,0.835131,0.807084,0.843356,0.832113,0.833798,0.833652,0.805824,0.848472,0.814759,0.822502,0.788536,0.849530,0.842180,0.760683,0.822563,0.789414,0.842774,0.810648,0.810583,0.836960,0.830431,0.793498,0.828444,0.802769,0.830003,0.847940,0.860009,0.823553,0.858437,0.850076,0.827868,0.830152,0.819105,0.841076,0.847774,0.811500,0.832746,0.829625,0.829496,0.828656,0.825709,0.849375,0.856271,0.822625,0.843150,0.855115,0.833921,0.817506,0.809188,0.844133,0.815296,0.816850,0.820505,0.798194,0.815695,0.830329,0.821025,0.830128,0.808709,0.835678,0.810400,0.835401,0.817786,0.826918,0.799273,0.841133,0.836233,0.837786,#
1,0.843394,1.000000,0.818591,0.845602,0.826698,0.845483,0.800678,0.837784,0.858264,0.832821,0.829539,0.836015,0.825795,0.824219,0.837104,0.817797,0.828216,0.831701,0.833510,0.845658,0.843308,0.860702,0.855829,0.843653,0.817271,0.811822,0.844921,0.852376,0.813242,0.806253,0.859307,0.853971,0.822712,0.847683,0.821577,0.843987,0.807081,0.844012,0.856766,0.850867,0.827156,0.815887,0.823873,0.823027,0.819870,0.815320,0.865382,0.840935,0.862755,0.858725,0.836178,0.862063,0.837563,0.820788,0.861497,0.843980,0.833295,0.855395,0.827209,0.820115,0.816423,0.831898,0.802701,0.803466,0.837972,0.845480,0.862998,0.848174,0.847914,0.856563,0.835046,0.832697,0.897052,0.812751,0.842593,0.840320,0.837270,0.832439,0.847619,0.821330,0.865269,0.836683,0.866146,0.862428,0.856354,0.843675,0.828866,0.843610,0.840860,0.827219,0.815730,0.815193,0.832058,0.842638,0.820653,0.817607,0.825421,0.825107,0.831643,0.836067,0.843946,0.839725,0.814416,0.826790,0.819408,0.832741,0.820950,0.861738,0.837023,0.808228,0.834652,0.823917,0.825634,0.827823,0.812136,0.846734,0.834076,0.849233,0.817621,0.784440,0.839166,0.853992,0.822027,0.848160,0.818845,0.806954,0.818361,0.834352,0.832335,0.848413,0.803531,0.855325,0.822489,0.822653,0.850798,0.830718,0.823878,0.840411,0.833102,0.815493,0.851661,0.832797,0.826627,0.838320,0.819169,0.803995,0.830274,0.795389,0.844446,0.803945,0.843710,0.860787,0.838517,0.794350,0.863180,0.815478,0.845086,0.851423,0.812869,0.822332,0.834218,0.855235,0.833533,0.852666,0.845024,0.821443,0.838172,0.817310,0.804050,0.831611,0.836797,0.812945,0.828286,0.859502,0.845684,0.823703,0.840866,0.866072,0.811497,0.819475,0.829037,0.823727,0.824795,0.811219,0.816161,0.850029,0.823755,0.777332,0.841481,0.839395,0.850270,0.834895,0.814997,0.824518,0.848345,0.790389,0.812300,0.858141,0.822726,0.838083,#
2,0.848753,0.818591,1.000000,0.829355,0.816365,0.830957,0.808227,0.842265,0.832284,0.823497,0.799854,0.796779,0.781719,0.821710,0.822110,0.797418,0.804132,0.833572,0.808785,0.833820,0.827846,0.805441,0.812183,0.844438,0.793480,0.795008,0.853297,0.842906,0.830830,0.821131,0.833305,0.833873,0.830910,0.819896,0.812455,0.822443,0.814564,0.818823,0.864452,0.827932,0.811967,0.813340,0.821382,0.801034,0.802602,0.816604,0.861876,0.792904,0.805536,0.852957,0.823109,0.820719,0.830056,0.844108,0.862095,0.839946,0.844839,0.824726,0.806601,0.817933,0.863359,0.823851,0.812943,0.833615,0.831703,0.823693,0.833453,0.809042,0.818940,0.829273,0.845779,0.802111,0.851963,0.823839,0.848438,0.816880,0.835683,0.824317,0.824755,0.850457,0.849001,0.840074,0.864296,0.833356,0.849449,0.851438,0.829523,0.859630,0.812038,0.801643,0.829940,0.814396,0.846349,0.805375,0.852563,0.802114,0.807810,0.801542,0.865616,0.828208,0.840377,0.798365,0.797800,0.808735,0.799178,0.860122,0.843356,0.828196,0.833398,0.785444,0.836485,0.785716,0.854657,0.799816,0.802715,0.806425,0.794751,0.831230,0.824425,0.772101,0.799881,0.822304,0.802695,0.859449,0.820242,0.790051,0.817106,0.815393,0.816227,0.846246,0.824061,0.848742,0.846821,0.850601,0.846884,0.822889,0.830665,0.822743,0.819775,0.812656,0.818271,0.841916,0.784975,0.805187,0.817854,0.815095,0.809888,0.791512,0.821092,0.819615,0.816659,0.834911,0.824864,0.821484,0.812647,0.815719,0.821501,0.809373,0.818742,0.794055,0.802108,0.790783,0.828048,0.825794,0.788253,0.824364,0.832665,0.778855,0.812221,0.806155,0.826509,0.802686,0.833701,0.815520,0.832854,0.822351,0.811392,0.839082,0.818073,0.792531,0.795643,0.854958,0.780656,0.844203,0.799079,0.819508,0.809619,0.795623,0.818268,0.819480,0.812213,0.816190,0.845105,0.831104,0.804770,0.822627,0.790780,0.831567,0.798062,0.828898,#
3,0.822008,0.845602,0.829355,1.000000,0.834371,0.821644,0.805667,0.833452,0.842081,0.824740,0.807691,0.825987,0.811271,0.804564,0.812746,0.809067,0.818319,0.816336,0.832843,0.818489,0.834966,0.840368,0.810412,0.812450,0.828108,0.823582,0.843366,0.832765,0.817924,0.809494,0.835645,0.852158,0.816453,0.845814,0.827382,0.829527,0.794918,0.825930,0.817169,0.852905,0.823560,0.819099,0.817680,0.818555,0.815292,0.835617,0.848302,0.820309,0.840653,0.822670,0.837937,0.788357,0.841950,0.804744,0.834161,0.842847,0.815823,0.837397,0.860833,0.822140,0.816795,0.803156,0.794623,0.813898,0.855465,0.818194,0.814748,0.812734,0.784515,0.828979,0.815258,0.834117,0.869952,0.825615,0.819113,0.800045,0.818083,0.825482,0.827433,0.843445,0.852734,0.812912,0.844637,0.852380,0.834763,0.846837,0.824599,0.817081,0.802289,0.821805,0.812885,0.818710,0.837814,0.834782,0.829006,0.824973,0.788505,0.802547,0.821551,0.815164,0.810805,0.804480,0.783245,0.792915,0.846040,0.825130,0.823022,0.846234,0.814321,0.802214,0.813695,0.796767,0.816383,0.816455,0.807769,0.837417,0.800037,0.823978,0.822856,0.773798,0.789489,0.846301,0.802541,0.825948,0.797310,0.810048,0.826126,0.833609,0.811570,0.827272,0.803600,0.841795,0.807564,0.835685,0.848870,0.846637,0.852846,0.804182,0.795297,0.807077,0.798078,0.840777,0.818616,0.805433,0.800939,0.831102,0.800560,0.817675,0.825793,0.795997,0.800566,0.826490,0.811894,0.794422,0.836569,0.775982,0.835821,0.825262,0.823487,0.816792,0.826196,0.818871,0.800234,0.844646,0.817526,0.819104,0.828291,0.778890,0.822705,0.810596,0.840041,0.817881,0.818130,0.835046,0.805546,0.833568,0.815726,0.835975,0.825531,0.795256,0.789677,0.842154,0.788874,0.812856,0.794370,0.814064,0.803009,0.772263,0.845551,0.856519,0.815020,0.815493,0.806218,0.810097,0.818354,0.815634,0.805851,0.827373,0.802134,0.835207,#
4,0.802501,0.826698,0.816365,0.834371,1.000000,0.834152,0.826839,0.819119,0.809047,0.819355,0.785796,0.831234,0.798566,0.818426,0.806557,0.827344,0.818207,0.839253,0.819079,0.851238,0.851160,0.824282,0.809984,0.833826,0.790247,0.794918,0.834024,0.804851,0.820597,0.798169,0.854799,0.830536,0.850555,0.809320,0.798507,0.820976,0.798233,0.810906,0.824352,0.847234,0.819778,0.788443,0.808087,0.830798,0.820419,0.821755,0.844076,0.812411,0.823438,0.812565,0.823654,0.810389,0.843255,0.797967,0.835324,0.833269,0.806145,0.829399,0.840888,0.825309,0.808652,0.824706,0.810957,0.792257,0.843657,0.843748,0.827390,0.808477,0.797436,0.821333,0.834558,0.838239,0.845631,0.802140,0.822271,0.803438,0.819605,0.824159,0.838519,0.836488,0.812059,0.826070,0.845440,0.814200,0.836227,0.820652,0.804116,0.795022,0.815211,0.819230,0.797068,0.782683,0.810872,0.809773,0.813858,0.818911,0.818611,0.795212,0.799853,0.824554,0.841176,0.822461,0.805422,0.809019,0.810165,0.810179,0.823020,0.825147,0.819927,0.815088,0.801088,0.807401,0.830531,0.844103,0.800328,0.819488,0.807080,0.853277,0.779484,0.770840,0.802667,0.832778,0.836740,0.836581,0.799702,0.804720,0.807728,0.820090,0.849300,0.839567,0.842132,0.824291,0.805099,0.832763,0.856845,0.835509,0.831581,0.808114,0.809192,0.783952,0.778310,0.844925,0.821689,0.814937,0.800147,0.799810,0.832906,0.771599,0.806320,0.830587,0.803771,0.865483,0.805057,0.785352,0.848472,0.801449,0.843789,0.807836,0.824628,0.805349,0.792254,0.817846,0.847405,0.819214,0.805700,0.806132,0.807701,0.790284,0.795282,0.820392,0.815165,0.815516,0.834231,0.813013,0.846474,0.835430,0.823619,0.847617,0.816854,0.793855,0.821719,0.812114,0.808765,0.796628,0.836246,0.826865,0.793883,0.822293,0.795094,0.813802,0.781039,0.792122,0.794911,0.827972,0.810202,0.782916,0.796895,0.808483,0.834641,0.811976,#
5,0.839033,0.845483,0.830957,0.821644,0.834152,1.000000,0.784443,0.839924,0.825616,0.807623,0.801337,0.814811,0.788688,0.801987,0.814451,0.822735,0.821810,0.840489,0.800396,0.860331,0.830406,0.792547,0.812957,0.842333,0.813692,0.825453,0.865072,0.849205,0.797409,0.819611,0.848827,0.864367,0.843969,0.849365,0.795363,0.844139,0.808622,0.798023,0.833942,0.832147,0.833867,0.808122,0.784763,0.822071,0.833742,0.833984,0.853526,0.847294,0.841945,0.823424,0.839801,0.796820,0.831889,0.851133,0.814191,0.881824,0.831924,0.831441,0.856948,0.842722,0.798894,0.825592,0.821985,0.843848,0.831433,0.817689,0.819730,0.833345,0.822703,0.820801,0.841043,0.821485,0.875102,0.808710,0.824608,0.810738,0.837371,0.857064,0.827980,0.831442,0.864526,0.834129,0.850451,0.842157,0.811952,0.840651,0.826091,0.836151,0.837542,0.816198,0.803099,0.801262,0.844291,0.840133,0.812947,0.768607,0.822133,0.826961,0.864002,0.822619,0.850750,0.830609,0.842495,0.837209,0.820043,0.835085,0.834364,0.842973,0.805788,0.819677,0.808683,0.842403,0.820743,0.792911,0.784174,0.814702,0.835503,0.837806,0.797366,0.786163,0.797884,0.853292,0.825316,0.867857,0.795852,0.807452,0.852662,0.812766,0.812162,0.821676,0.824318,0.866167,0.853776,0.858411,0.842315,0.821121,0.825595,0.834649,0.804887,0.798860,0.815290,0.809857,0.828409,0.832516,0.866550,0.776819,0.797782,0.795524,0.839841,0.829384,0.834278,0.839309,0.812964,0.803785,0.826339,0.791110,0.863316,0.829140,0.832451,0.818143,0.828921,0.840764,0.826977,0.827178,0.841637,0.808092,0.779146,0.830026,0.817025,0.811851,0.858603,0.824291,0.813615,0.826494,0.832245,0.817891,0.826688,0.859772,0.838552,0.822846,0.837739,0.830951,0.794304,0.807019,0.826673,0.838329,0.806384,0.811523,0.823325,0.842150,0.797976,0.839664,0.796800,0.837811,0.786734,0.822246,0.791249,0.831812,0.824067,0.818847,#
6,0.842446,0.800678,0.808227,0.805667,0.826839,0.784443,1.000000,0.790198,0.825098,0.802307,0.799461,0.813935,0.804518,0.829352,0.774307,0.818388,0.831215,0.849907,0.809451,0.807862,0.853074,0.798347,0.779361,0.810330,0.810501,0.807621,0.820045,0.819941,0.797637,0.828701,0.828756,0.836203,0.818331,0.816331,0.810944,0.833092,0.805940,0.808148,0.811696,0.840145,0.815126,0.811420,0.840065,0.811466,0.835216,0.776060,0.841085,0.797190,0.849038,0.845909,0.831090,0.829816,0.843098,0.786095,0.833335,0.824116,0.827507,0.852250,0.833667,0.782220,0.835142,0.810088,0.791269,0.801786,0.862166,0.814646,0.859559,0.822710,0.817272,0.803209,0.822546,0.833895,0.836219,0.829395,0.799363,0.820143,0.835615,0.819499,0.833656,0.812205,0.839810,0.828588,0.825850,0.848461,0.815110,0.827053,0.816716,0.803147,0.814756,0.810706,0.779916,0.794630,0.785986,0.806482,0.805026,0.800480,0.824963,0.814827,0.817231,0.823998,0.823930,0.820260,0.822648,0.804508,0.815224,0.779289,0.824432,0.813188,0.813482,0.775674,0.787846,0.788762,0.783336,0.806844,0.794465,0.795285,0.806515,0.828056,0.794824,0.793764,0.807032,0.817563,0.798229,0.850150,0.830454,0.815539,0.780252,0.804960,0.787944,0.809691,0.824929,0.821231,0.810907,0.787928,0.830102,0.826135,0.834221,0.804786,0.834628,0.822881,0.822297,0.832096,0.779453,0.801023,0.800370,0.811506,0.813661,0.793530,0.810077,0.797626,0.809400,0.855432,0.777596,0.768538,0.806909,0.782912,0.814218,0.787117,0.829046,0.816397,0.822628,0.817851,0.799092,0.822102,0.821827,0.822362,0.846901,0.759461,0.810254,0.803919,0.831209,0.816640,0.785362,0.793181,0.823952,0.817204,0.808962,0.841946,0.814020,0.804501,0.819829,0.815616,0.817428,0.821558,0.802754,0.801847,0.787409,0.801614,0.776593,0.810903,0.781997,0.818603,0.781193,0.817672,0.814057,0.810778,0.804064,0.827781,0.817817,0.819554,#
7,0.835348,0.837784,0.842265,0.833452,0.819119,0.839924,0.790198,1.000000,0.861481,0.806647,0.803536,0.809704,0.826501,0.830992,0.838663,0.789570,0.829961,0.844608,0.833844,0.833628,0.852208,0.819370,0.850115,0.828469,0.825951,0.847397,0.840267,0.839632,0.818306,0.837377,0.815274,0.839350,0.820634,0.834461,0.811994,0.829427,0.818218,0.815673,0.844104,0.837831,0.829636,0.828110,0.813816,0.833360,0.828231,0.825238,0.860247,0.846014,0.837090,0.825295,0.839151,0.809581,0.835967,0.862609,0.850793,0.845636,0.827981,0.836496,0.832066,0.843197,0.792279,0.828864,0.826446,0.824099,0.841889,0.840554,0.849958,0.824493,0.835677,0.818809,0.848999,0.784587,0.879929,0.842224,0.851220,0.824397,0.845989,0.827843,0.832865,0.824492,0.870620,0.836748,0.857137,0.842795,0.825066,0.849623,0.858524,0.841654,0.826948,0.831234,0.813968,0.825958,0.836782,0.824011,0.851528,0.814155,0.829548,0.854690,0.847616,0.830777,0.842043,0.807515,0.810366,0.814145,0.829915,0.830104,0.830551,0.846327,0.833641,0.796775,0.864077,0.807911,0.851778,0.814194,0.821998,0.835288,0.811271,0.811092,0.812415,0.811208,0.829442,0.845025,0.813886,0.860871,0.843455,0.825768,0.818265,0.839927,0.796926,0.816858,0.823207,0.840544,0.849796,0.803937,0.852724,0.862641,0.841756,0.847789,0.808954,0.826518,0.813295,0.847143,0.840704,0.825657,0.835165,0.818953,0.842136,0.774817,0.841499,0.817570,0.811144,0.842995,0.839463,0.794020,0.828734,0.845059,0.840771,0.836526,0.834969,0.817030,0.845115,0.800749,0.866104,0.817806,0.832629,0.824312,0.842321,0.798456,0.799504,0.801022,0.870552,0.823067,0.823425,0.846629,0.831742,0.826060,0.824256,0.826348,0.832942,0.810039,0.829360,0.834875,0.812483,0.821255,0.809751,0.837559,0.829701,0.790056,0.831428,0.852689,0.828597,0.824451,0.798823,0.818049,0.827696,0.824679,0.814133,0.862731,0.839902,0.822515,#
8,0.830729,0.858264,0.832284,0.842081,0.809047,0.825616,0.825098,0.861481,1.000000,0.836823,0.810340,0.841005,0.818764,0.844031,0.823820,0.834051,0.823552,0.861808,0.804417,0.844816,0.844009,0.847162,0.819524,0.820974,0.820919,0.834001,0.839113,0.838203,0.829565,0.820903,0.830860,0.850855,0.820554,0.829661,0.796906,0.854409,0.824838,0.833981,0.828001,0.853170,0.815949,0.817988,0.873082,0.830143,0.814671,0.796723,0.839151,0.826346,0.847018,0.830306,0.861090,0.825092,0.820517,0.856734,0.836688,0.861550,0.829505,0.850871,0.807295,0.812244,0.840285,0.822178,0.852669,0.828235,0.857231,0.863564,0.847180,0.854424,0.861891,0.840212,0.837797,0.831392,0.880576,0.846469,0.830504,0.813492,0.832042,0.845709,0.848967,0.838779,0.857983,0.834296,0.838815,0.853923,0.846918,0.847081,0.821494,0.842880,0.796329,0.809259,0.817410,0.808590,0.821815,0.823619,0.834773,0.811215,0.829011,0.849330,0.871224,0.847174,0.846962,0.800777,0.835303,0.854097,0.806312,0.845113,0.837776,0.850758,0.805213,0.822360,0.826604,0.821129,0.841258,0.820351,0.806113,0.845059,0.820030,0.825079,0.812119,0.834325,0.801504,0.831612,0.824943,0.858844,0.824518,0.836988,0.808327,0.821941,0.842899,0.827513,0.813303,0.843034,0.849422,0.831691,0.870203,0.842090,0.843419,0.829898,0.815600,0.836166,0.814522,0.841342,0.835711,0.810832,0.835542,0.795434,0.824401,0.810811,0.845830,0.823886,0.807418,0.861722,0.792776,0.847311,0.842077,0.810744,0.831987,0.846945,0.853984,0.838203,0.835814,0.804978,0.847521,0.838768,0.820114,0.813992,0.830800,0.807022,0.837280,0.810874,0.849390,0.844949,0.809889,0.836106,0.862403,0.830530,0.829999,0.857897,0.835685,0.809458,0.831967,0.841005,0.801621,0.824784,0.840122,0.821763,0.846579,0.797983,0.832192,0.855864,0.842137,0.842754,0.844240,0.830171,0.812099,0.813889,0.792719,0.838814,0.828813,0.859862,#
9,0.811507,0.832821,0.823497,0.824740,0.819355,0.807623,0.802307,0.806647,0.836823,1.000000,0.793173,0.794770,0.799496,0.811888,0.828590,0.809510,0.812987,0.819670,0.817433,0.811277,0.851049,0.803746,0.807919,0.835163,0.796879,0.784725,0.827189,0.851132,0.796791,0.816846,0.806211,0.841919,0.818624,0.833087,0.805528,0.827899,0.798039,0.797568,0.830222,0.835760,0.826902,0.807244,0.802463,0.802400,0.826740,0.784851,0.826754,0.807037,0.797634,0.814547,0.805712,0.795046,0.789417,0.807030,0.821620,0.825232,0.827018,0.862367,0.803242,0.810664,0.814688,0.809622,0.811353,0.800829,0.814170,0.849993,0.844788,0.830706,0.836199,0.807547,0.834028,0.806554,0.842084,0.800196,0.815116,0.797671,0.819789,0.845800,0.827733,0.854849,0.824530,0.825751,0.813452,0.859324,0.839031,0.820084,0.812640,0.860993,0.802440,0.777941,0.803262,0.798045,0.821829,0.801115,0.823144,0.782022,0.799711,0.809690,0.833573,0.810886,0.844632,0.820525,0.824542,0.807576,0.823571,0.836447,0.812938,0.826896,0.843575,0.830220,0.821077,0.823728,0.838864,0.811993,0.773128,0.845556,0.765270,0.805455,0.778187,0.781241,0.789974,0.822516,0.817131,0.844871,0.819150,0.797944,0.817644,0.794932,0.835896,0.812387,0.807648,0.838962,0.817217,0.832273,0.843855,0.803114,0.818230,0.799599,0.795861,0.811895,0.823508,0.862328,0.817204,0.833356,0.805730,0.809181,0.820862,0.798941,0.814315,0.797899,0.777715,0.809101,0.809246,0.798988,0.829531,0.802814,0.805692,0.822710,0.817770,0.824746,0.823919,0.824187,0.821431,0.816845,0.817971,0.824128,0.793909,0.798990,0.832200,0.795617,0.839487,0.821338,0.799043,0.800604,0.828213,0.847828,0.814649,0.850161,0.809316,0.823060,0.825930,0.807253,0.819096,0.794454,0.799129,0.834355,0.774818,0.782615,0.845065,0.805859,0.807317,0.819083,0.785633,0.789168,0.787711,0.781789,0.798464,0.823852,0.800544,0.805096,#
10,0.833515,0.829539,0.799854,0.807691,0.785796,0.801337,0.799461,0.803536,0.810340,0.793173,1.000000,0.805890,0.767278,0.790031,0.765978,0.804785,0.819299,0.790063,0.809336,0.803669,0.809520,0.778153,0.803820,0.835198,0.779531,0.791759,0.816232,0.837664,0.794335,0.810114,0.806176,0.813303,0.795215,0.821131,0.805080,0.818673,0.799235,0.813790,0.810315,0.793961,0.817706,0.774777,0.795809,0.782549,0.805878,0.802944,0.851646,0.819485,0.820609,0.857959,0.786406,0.813289,0.824326,0.774107,0.823434,0.842602,0.820349,0.849539,0.775975,0.807826,0.805505,0.814418,0.837078,0.823154,0.829181,0.783974,0.833190,0.789955,0.817553,0.801200,0.823127,0.816495,0.853951,0.763152,0.798464,0.827367,0.802825,0.828240,0.820785,0.795286,0.853440,0.804798,0.814417,0.822415,0.808588,0.807358,0.816099,0.815305,0.795348,0.834002,0.773191,0.818574,0.830966,0.781090,0.790585,0.805362,0.781362,0.819928,0.833477,0.828867,0.813658,0.787991,0.792259,0.821767,0.825559,0.792600,0.815242,0.816204,0.799038,0.791281,0.799271,0.777106,0.811523,0.800076,0.771285,0.834999,0.772279,0.807052,0.802560,0.768722,0.794397,0.826828,0.775460,0.829794,0.761499,0.805537,0.817268,0.812648,0.806627,0.800527,0.776595,0.820117,0.794635,0.789717,0.837564,0.859528,0.806399,0.791012,0.803710,0.820508,0.834216,0.813246,0.766762,0.802575,0.770583,0.775389,0.817289,0.780456,0.811773,0.806785,0.771476,0.809553,0.802061,0.785158,0.820922,0.775265,0.835268,0.826480,0.806829,0.781268,0.833947,0.790161,0.800612,0.805363,0.797707,0.793578,0.820337,0.786943,0.819864,0.828607,0.808213,0.815682,0.760506,0.803723,0.829881,0.802176,0.800063,0.828133,0.782656,0.824952,0.781985,0.782512,0.805082,0.784479,0.758532,0.804681,0.799784,0.794868,0.767167,0.817237,0.803611,0.777105,0.784479,0.811705,0.803008,0.784918,0.776811,0.824191,0.803839,0.825104,#
11,0.850235,0.836015,0.796779,0.825987,0.831234,0.814811,0.813935,0.809704,0.841005,0.794770,0.805890,1.000000,0.827715,0.814662,0.816607,0.816018,0.824490,0.857022,0.854491,0.826820,0.824102,0.800918,0.832766,0.813148,0.816815,0.808933,0.808663,0.823811,0.827379,0.801921,0.829994,0.849955,0.831102,0.829637,0.786668,0.824181,0.836419,0.837932,0.810325,0.841030,0.828895,0.793126,0.830100,0.803321,0.812357,0.789427,0.873447,0.836155,0.820224,0.845605,0.824106,0.799651,0.861683,0.820116,0.842017,0.843943,0.802737,0.868885,0.814210,0.824800,0.801669,0.797784,0.851910,0.805596,0.843267,0.828809,0.831517,0.829538,0.843672,0.826706,0.840016,0.803657,0.844315,0.825573,0.849930,0.796043,0.848644,0.845677,0.825898,0.794207,0.836720,0.821627,0.837823,0.830632,0.853715,0.822927,0.793597,0.799813,0.797833,0.785405,0.798681,0.817340,0.818788,0.799029,0.803333,0.837362,0.811446,0.830505,0.819659,0.823795,0.811757,0.816679,0.829911,0.825632,0.830952,0.826015,0.826626,0.849597,0.834145,0.811515,0.842712,0.832062,0.832859,0.794626,0.773460,0.830914,0.807862,0.820194,0.796220,0.818681,0.778117,0.829598,0.819205,0.849198,0.816324,0.817055,0.820889,0.818016,0.827029,0.842648,0.830972,0.825636,0.847853,0.828788,0.845358,0.837847,0.852270,0.815617,0.816381,0.821635,0.809544,0.811978,0.826299,0.833573,0.828883,0.775862,0.841889,0.801935,0.827477,0.824030,0.800814,0.827284,0.811837,0.837089,0.853471,0.793709,0.833144,0.811885,0.820019,0.799835,0.830948,0.828151,0.841091,0.821998,0.846847,0.798391,0.839859,0.769542,0.829878,0.845434,0.840532,0.825118,0.830690,0.854871,0.825772,0.820808,0.824330,0.833399,0.811351,0.829918,0.819528,0.800043,0.825766,0.800457,0.836303,0.793831,0.818461,0.830908,0.799845,0.807113,0.833221,0.821027,0.813848,0.820014,0.797763,0.804972,0.801622,0.823098,0.821133,0.810253,#
12,0.814419,0.825795,0.781719,0.811271,0.798566,0.788688,0.804518,0.826501,0.818764,0.799496,0.767278,0.827715,1.000000,0.823037,0.818895,0.784474,0.811117,0.837037,0.823934,0.804066,0.830355,0.786276,0.824435,0.824033,0.792062,0.818307,0.797671,0.811523,0.817319,0.788696,0.796016,0.817805,0.811719,0.823356,0.805510,0.815364,0.802539,0.806601,0.814396,0.828426,0.763122,0.760944,0.795431,0.818473,0.814150,0.811597,0.849496,0.801237,0.820758,0.816437,0.849523,0.774822,0.797339,0.818585,0.830063,0.828760,0.799390,0.816729,0.813979,0.782893,0.779444,0.808739,0.797791,0.775447,0.826799,0.819780,0.803624,0.808168,0.836574,0.812177,0.814175,0.796581,0.843219,0.797983,0.832189,0.807750,0.825670,0.807879,0.810043,0.811146,0.832709,0.809466,0.833472,0.828250,0.789698,0.826637,0.787198,0.806500,0.799397,0.778213,0.796364,0.782322,0.822274,0.781948,0.785282,0.816184,0.834647,0.806035,0.790687,0.796143,0.782594,0.817629,0.801697,0.820295,0.777183,0.799473,0.784645,0.807236,0.821697,0.804009,0.810562,0.789882,0.810212,0.776632,0.832034,0.813752,0.769830,0.782728,0.792107,0.780183,0.784353,0.829505,0.791979,0.839023,0.811877,0.816526,0.802824,0.766392,0.775850,0.805292,0.771584,0.792247,0.787734,0.797675,0.798378,0.800979,0.800231,0.822011,0.802096,0.771603,0.817144,0.823938,0.806162,0.810060,0.782973,0.806491,0.818192,0.760778,0.814923,0.821187,0.798797,0.814197,0.808143,0.761122,0.821438,0.822518,0.828291,0.826171,0.828765,0.785839,0.814082,0.831380,0.826253,0.803836,0.838685,0.771841,0.795818,0.809729,0.772643,0.791756,0.828953,0.795416,0.802184,0.815778,0.807287,0.790546,0.829411,0.840107,0.781815,0.761906,0.798864,0.827080,0.800798,0.781164,0.753278,0.804308,0.779897,0.812026,0.807124,0.806265,0.776325,0.795023,0.759971,0.799966,0.774510,0.802796,0.780873,0.825681,0.825020,0.781260,#
13,0.812038,0.824219,0.821710,0.804564,0.818426,0.801987,0.829352,0.830992,0.844031,0.811888,0.790031,0.814662,0.823037,1.000000,0.802853,0.798325,0.806910,0.864230,0.842641,0.812062,0.836741,0.811465,0.851147,0.822094,0.801733,0.818036,0.810704,0.843031,0.835270,0.855274,0.798708,0.827669,0.843856,0.842972,0.774216,0.821716,0.807232,0.842594,0.832017,0.846954,0.857362,0.806169,0.837671,0.812644,0.843733,0.816605,0.835494,0.834535,0.858204,0.837737,0.835387,0.840407,0.816372,0.823623,0.857815,0.865630,0.834422,0.850182,0.818797,0.820373,0.821513,0.813313,0.809668,0.823428,0.858121,0.838175,0.838935,0.825724,0.855063,0.816377,0.810211,0.815125,0.842761,0.841286,0.843324,0.817808,0.831736,0.837064,0.848482,0.835707,0.838722,0.825677,0.863783,0.846206,0.825685,0.844829,0.800689,0.805415,0.836456,0.818489,0.801957,0.812275,0.831232,0.830531,0.821355,0.787828,0.821142,0.813273,0.826039,0.848814,0.831345,0.821531,0.834321,0.844328,0.824470,0.853295,0.812626,0.841822,0.816074,0.801913,0.833369,0.817671,0.830112,0.822922,0.816276,0.831586,0.786045,0.841506,0.828129,0.805435,0.808086,0.826315,0.806155,0.814124,0.810306,0.795939,0.818040,0.797522,0.811903,0.811985,0.813563,0.813459,0.823219,0.817987,0.850823,0.829530,0.819389,0.827386,0.859789,0.804635,0.812373,0.850398,0.845185,0.800163,0.788042,0.806034,0.842232,0.797232,0.835206,0.817691,0.817209,0.852470,0.799560,0.814508,0.828397,0.815372,0.827803,0.814754,0.845935,0.800523,0.845261,0.815291,0.836152,0.830460,0.830669,0.818575,0.828243,0.797015,0.828972,0.799184,0.836397,0.838937,0.841010,0.831212,0.854397,0.835927,0.830329,0.870375,0.820238,0.817269,0.819546,0.826699,0.833347,0.801700,0.814434,0.826481,0.805868,0.816035,0.788441,0.815694,0.836814,0.822478,0.818555,0.832785,0.825182,0.800695,0.811660,0.841007,0.829380,0.808634,#
14,0.824532,0.837104,0.822110,0.812746,0.806557,0.814451,0.774307,0.838663,0.823820,0.828590,0.765978,0.816607,0.818895,0.802853,1.000000,0.805569,0.809186,0.807379,0.791422,0.800577,0.830347,0.804696,0.812047,0.840154,0.800925,0.768479,0.818358,0.809848,0.815500,0.813671,0.827790,0.824579,0.805568,0.806338,0.811824,0.822622,0.776193,0.814959,0.836905,0.810951,0.794374,0.781444,0.811052,0.816430,0.814296,0.806413,0.819077,0.794929,0.788365,0.795931,0.795976,0.797277,0.797839,0.843840,0.827953,0.819342,0.797741,0.807779,0.812270,0.783908,0.806741,0.819471,0.805891,0.807797,0.804059,0.807434,0.803287,0.810226,0.824914,0.822468,0.819594,0.792071,0.854830,0.807046,0.834021,0.789637,0.835600,0.827479,0.805355,0.795945,0.830430,0.828632,0.837512,0.849795,0.823519,0.827212,0.788695,0.822424,0.810595,0.759403,0.779755,0.761473,0.827747,0.839743,0.820934,0.800852,0.830244,0.806709,0.821885,0.800307,0.818391,0.809004,0.821733,0.777685,0.806218,0.809059,0.793893,0.799089,0.807624,0.802057,0.816312,0.810802,0.832113,0.795720,0.762982,0.823113,0.785365,0.786374,0.786714,0.776954,0.801105,0.829319,0.805754,0.831716,0.823296,0.758151,0.808778,0.829184,0.783154,0.819544,0.779655,0.831560,0.798923,0.806922,0.827944,0.822104,0.819073,0.813876,0.807608,0.807137,0.802445,0.826193,0.772007,0.821335,0.792626,0.815711,0.829723,0.769780,0.821614,0.780323,0.807466,0.811700,0.792276,0.792038,0.831008,0.799117,0.809136,0.810479,0.781664,0.790013,0.813657,0.786005,0.828824,0.797404,0.808786,0.791069,0.793456,0.779469,0.770410,0.822839,0.819800,0.788374,0.810040,0.826166,0.830944,0.829524,0.814666,0.828109,0.797170,0.782306,0.819318,0.829931,0.801184,0.783780,0.794539,0.803807,0.805690,0.765208,0.796510,0.803400,0.771979,0.790219,0.815537,0.823419,0.782787,0.785663,0.791559,0.815338,0.791316,0.765575,#
15,0.824679,0.817797,0.797418,0.809067,0.827344,0.822735,0.818388,0.789570,0.834051,0.809510,0.804785,0.816018,0.784474,0.798325,0.805569,1.000000,0.801421,0.836352,0.804044,0.812336,0.811878,0.810554,0.809541,0.816107,0.805300,0.788742,0.787667,0.807061,0.810569,0.809544,0.829589,0.845005,0.816534,0.840066,0.766921,0.844436,0.821455,0.823498,0.822334,0.801697,0.785126,0.775765,0.821820,0.801679,0.832677,0.791704,0.833013,0.817577,0.826512,0.822048,0.805018,0.820685,0.800799,0.808946,0.817988,0.814947,0.816350,0.812957,0.808538,0.794317,0.828402,0.812494,0.804429,0.825976,0.819908,0.830069,0.814314,0.821238,0.808527,0.777201,0.817183,0.781491,0.808320,0.795833,0.813870,0.806141,0.832678,0.821787,0.833024,0.803413,0.829752,0.811101,0.815020,0.845042,0.838610,0.811939,0.775588,0.826326,0.795539,0.768242,0.769141,0.786092,0.823278,0.813012,0.777091,0.795701,0.792432,0.808108,0.813965,0.819044,0.825177,0.798138,0.827772,0.825826,0.789910,0.799373,0.804071,0.831003,0.789025,0.821818,0.784632,0.777925,0.820979,0.807754,0.773450,0.799793,0.774366,0.812198,0.776267,0.817798,0.784146,0.812599,0.794734,0.829527,0.781322,0.795397,0.815878,0.785143,0.815288,0.845015,0.792098,0.794352,0.790937,0.779230,0.824491,0.819602,0.815484,0.779468,0.785786,0.802631,0.783972,0.794769,0.787127,0.797640,0.806980,0.790142,0.791821,0.777739,0.813934,0.791609,0.806109,0.831500,0.805448,0.795795,0.810613,0.778392,0.836702,0.798697,0.811750,0.806459,0.802233,0.811171,0.834655,0.791936,0.810897,0.793850,0.815488,0.790713,0.820803,0.798870,0.792562,0.826783,0.763584,0.831186,0.806018,0.839962,0.812367,0.832700,0.815834,0.806332,0.808344,0.813334,0.793774,0.817165,0.807949,0.791256,0.760656,0.774537,0.759876,0.809987,0.773671,0.820454,0.786094,0.787825,0.774005,0.791731,0.803615,0.804954,0.824203,0.821970,#
16,0.846161,0.828216,0.804132,0.818319,0.818207,0.821810,0.831215,0.829961,0.823552,0.812987,0.819299,0.824490,0.811117,0.806910,0.809186,0.801421,1.000000,0.845332,0.829397,0.834742,0.877155,0.805737,0.793680,0.832351,0.820115,0.830678,0.843554,0.796087,0.794163,0.822809,0.830758,0.851572,0.827762,0.809667,0.809767,0.834110,0.838441,0.827037,0.836156,0.836264,0.818830,0.809181,0.825129,0.808485,0.823499,0.821814,0.826588,0.812825,0.831777,0.841559,0.802384,0.814086,0.832022,0.845530,0.841870,0.850093,0.782213,0.840067,0.826689,0.786694,0.824890,0.838544,0.806040,0.793703,0.824685,0.816860,0.839733,0.824529,0.846873,0.832364,0.825841,0.805249,0.858000,0.817097,0.831813,0.806967,0.827606,0.841029,0.818443,0.841331,0.865363,0.827860,0.844897,0.852141,0.835205,0.835453,0.839426,0.799825,0.808041,0.821583,0.781178,0.809584,0.833339,0.809915,0.822727,0.834946,0.822038,0.827877,0.847110,0.826309,0.824698,0.816253,0.817564,0.834983,0.804143,0.844031,0.835458,0.820776,0.848603,0.811195,0.833665,0.815530,0.836058,0.811402,0.826124,0.854349,0.849651,0.832117,0.808159,0.749774,0.794302,0.828084,0.820978,0.843905,0.841514,0.815185,0.798760,0.785993,0.819039,0.807715,0.842291,0.822549,0.825669,0.792595,0.844735,0.857427,0.821798,0.801602,0.799593,0.805438,0.820051,0.832198,0.822089,0.815299,0.794185,0.788898,0.838124,0.798049,0.831461,0.823512,0.787448,0.846348,0.785441,0.796812,0.867095,0.799963,0.845206,0.818811,0.816820,0.812268,0.827310,0.803309,0.852045,0.803626,0.828026,0.829371,0.828740,0.820789,0.816901,0.806959,0.818382,0.840693,0.813324,0.828273,0.823626,0.818528,0.806185,0.878740,0.821416,0.806690,0.814390,0.805463,0.817320,0.806582,0.791004,0.815195,0.819833,0.819418,0.817408,0.817905,0.820989,0.803477,0.814395,0.816611,0.812641,0.816563,0.816461,0.837978,0.820739,0.824296,#
17,0.860129,0.831701,0.833572,0.816336,0.839253,0.840489,0.849907,0.844608,0.861808,0.819670,0.790063,0.857022,0.837037,0.864230,0.807379,0.836352,0.845332,1.000000,0.820815,0.854247,0.858207,0.817388,0.850000,0.827281,0.856206,0.849579,0.852248,0.843334,0.819499,0.844276,0.845506,0.859334,0.817416,0.824870,0.805527,0.858977,0.822635,0.842219,0.859388,0.874275,0.842500,0.839965,0.844468,0.828371,0.840718,0.826284,0.848954,0.856392,0.859157,0.858984,0.849393,0.809732,0.835491,0.840323,0.855018,0.856843,0.844563,0.844729,0.830343,0.817474,0.822515,0.829121,0.830812,0.824931,0.844092,0.863916,0.872842,0.861482,0.838205,0.818178,0.840632,0.818426,0.845412,0.834571,0.856570,0.813618,0.856193,0.856747,0.852743,0.859255,0.868032,0.840702,0.862953,0.864040,0.830181,0.848192,0.845744,0.838818,0.825400,0.813538,0.808492,0.796643,0.846511,0.839923,0.826895,0.835408,0.831113,0.824710,0.832672,0.847080,0.855355,0.794591,0.835702,0.831669,0.810228,0.839002,0.827745,0.835371,0.826038,0.845435,0.843158,0.820397,0.831639,0.828265,0.840143,0.824141,0.803420,0.829639,0.821364,0.820775,0.822257,0.850794,0.839878,0.853536,0.824645,0.838596,0.831756,0.807842,0.827574,0.836907,0.851198,0.850335,0.861767,0.822107,0.841877,0.858001,0.860956,0.832988,0.842895,0.852222,0.842999,0.859637,0.875164,0.834221,0.847707,0.805446,0.840107,0.806615,0.857497,0.809981,0.831562,0.855771,0.821926,0.823106,0.855487,0.840162,0.876386,0.835757,0.843426,0.819089,0.849531,0.826359,0.878953,0.814413,0.843164,0.826582,0.803334,0.789751,0.842421,0.811382,0.851139,0.829872,0.839076,0.841334,0.866246,0.811516,0.841145,0.866142,0.835676,0.852938,0.843370,0.862418,0.844283,0.853803,0.839578,0.821246,0.828507,0.858625,0.791542,0.817003,0.839113,0.833298,0.811531,0.842917,0.834992,0.850053,0.811101,0.861459,0.846452,0.817336,#
18,0.832075,0.833510,0.808785,0.832843,0.819079,0.800396,0.809451,0.833844,0.804417,0.817433,0.809336,0.854491,0.823934,0.842641,0.791422,0.804044,0.829397,0.820815,1.000000,0.827823,0.825951,0.821817,0.825616,0.800561,0.801297,0.831991,0.814030,0.830363,0.805617,0.839693,0.783761,0.844426,0.824949,0.843057,0.807610,0.845844,0.813777,0.827857,0.823857,0.836598,0.823320,0.780075,0.817891,0.792415,0.844149,0.798344,0.852972,0.849223,0.823716,0.808492,0.794036,0.805463,0.846348,0.799650,0.830243,0.838096,0.814757,0.835716,0.809474,0.838895,0.822364,0.798674,0.807801,0.792368,0.849403,0.809260,0.821581,0.807013,0.786161,0.815504,0.830072,0.786981,0.850614,0.802264,0.849142,0.788884,0.845170,0.812630,0.824790,0.818416,0.826085,0.809474,0.846636,0.840858,0.847437,0.832326,0.800741,0.826622,0.814046,0.792228,0.812034,0.791545,0.834752,0.818810,0.826993,0.793635,0.815373,0.823439,0.824840,0.833049,0.837394,0.806069,0.818753,0.820044,0.808607,0.835854,0.809517,0.827323,0.824398,0.807387,0.843830,0.789126,0.842943,0.816379,0.778395,0.819100,0.794827,0.818365,0.805188,0.781462,0.804618,0.837445,0.809489,0.819063,0.825499,0.782245,0.822583,0.798768,0.845890,0.799628,0.800674,0.835564,0.821710,0.806953,0.837613,0.846407,0.841207,0.822373,0.799213,0.813671,0.806832,0.838525,0.816603,0.848549,0.801468,0.805787,0.830691,0.776752,0.835269,0.815463,0.794377,0.839942,0.831141,0.787438,0.833072,0.821900,0.816221,0.842876,0.815696,0.800075,0.837138,0.812419,0.855095,0.818045,0.824865,0.815544,0.861754,0.785432,0.798907,0.809174,0.826935,0.837058,0.839619,0.830559,0.807899,0.820402,0.810280,0.857797,0.800032,0.831893,0.807285,0.819420,0.804478,0.805111,0.794117,0.819502,0.813815,0.786167,0.791702,0.829541,0.819202,0.817393,0.778117,0.844332,0.811844,0.801065,0.782047,0.850497,0.826535,0.819481,#
19,0.836738,0.845658,0.833820,0.818489,0.851238,0.860331,0.807862,0.833628,0.844816,0.811277,0.803669,0.826820,0.804066,0.812062,0.800577,0.812336,0.834742,0.854247,0.827823,1.000000,0.834691,0.800012,0.812575,0.830016,0.812270,0.798613,0.837642,0.806488,0.802498,0.831821,0.843418,0.859199,0.825921,0.815591,0.780657,0.844723,0.810510,0.809226,0.840268,0.836828,0.837458,0.803095,0.820398,0.803905,0.814714,0.825551,0.860525,0.826906,0.839376,0.803559,0.791084,0.802231,0.822159,0.827145,0.833332,0.818666,0.835491,0.828509,0.815185,0.793472,0.822325,0.813541,0.836251,0.813352,0.838626,0.836792,0.823430,0.823486,0.823817,0.803290,0.834101,0.806091,0.853536,0.811085,0.831446,0.799869,0.812976,0.827539,0.836010,0.817590,0.844539,0.797878,0.855300,0.830651,0.814537,0.815824,0.816217,0.841504,0.834703,0.782489,0.791848,0.800342,0.820264,0.810638,0.811970,0.797236,0.823118,0.827147,0.827866,0.841653,0.842278,0.809416,0.814806,0.821740,0.813310,0.818890,0.838091,0.819903,0.821964,0.777101,0.819199,0.801557,0.829649,0.820676,0.806459,0.828108,0.828677,0.827873,0.803750,0.751453,0.811501,0.835060,0.808502,0.858749,0.836810,0.816108,0.833149,0.820237,0.850961,0.846363,0.819205,0.847154,0.831393,0.829032,0.847296,0.844449,0.832848,0.815928,0.806841,0.810718,0.804743,0.826770,0.808217,0.809822,0.821197,0.777550,0.798646,0.760087,0.843418,0.820417,0.800969,0.849422,0.800628,0.800140,0.847201,0.809606,0.847449,0.834800,0.839969,0.826733,0.822185,0.823903,0.827468,0.813162,0.829747,0.812719,0.794370,0.819702,0.814743,0.795242,0.816544,0.843425,0.832861,0.831546,0.849555,0.810426,0.831607,0.868122,0.815653,0.792447,0.784527,0.841131,0.824668,0.843178,0.827108,0.804935,0.789178,0.806543,0.817565,0.826503,0.820597,0.825731,0.795846,0.849141,0.811536,0.833300,0.783504,0.808509,0.817251,0.807073,#
20,0.838151,0.843308,0.827846,0.834966,0.851160,0.830406,0.853074,0.852208,0.844009,0.851049,0.809520,0.824102,0.830355,0.836741,0.830347,0.811878,0.877155,0.858207,0.825951,0.834691,1.000000,0.828689,0.817019,0.844760,0.829283,0.840180,0.851529,0.830754,0.822812,0.841256,0.843898,0.855143,0.837187,0.863932,0.826886,0.858811,0.827849,0.828757,0.861686,0.861804,0.843514,0.848918,0.820892,0.844665,0.857698,0.818134,0.861431,0.828466,0.836257,0.830870,0.830446,0.841179,0.832066,0.841771,0.854460,0.847139,0.826732,0.851836,0.840290,0.818077,0.848625,0.820839,0.856685,0.807790,0.860124,0.848578,0.863903,0.821597,0.841108,0.829865,0.848776,0.826152,0.846921,0.828027,0.842059,0.798044,0.830961,0.843446,0.848943,0.858968,0.857042,0.864463,0.855025,0.862829,0.819728,0.837200,0.839790,0.830501,0.836287,0.851715,0.826850,0.814813,0.842497,0.850689,0.851174,0.822870,0.816090,0.817017,0.843935,0.835924,0.863316,0.827031,0.833489,0.841521,0.842983,0.819814,0.862231,0.849617,0.828149,0.851589,0.832282,0.838357,0.825770,0.790206,0.839376,0.838680,0.832439,0.857852,0.791766,0.790740,0.846377,0.848256,0.824117,0.879891,0.818531,0.835258,0.817644,0.809959,0.838273,0.851762,0.847928,0.833056,0.858769,0.844780,0.854114,0.843100,0.827250,0.833381,0.844365,0.848902,0.825234,0.840688,0.837109,0.834873,0.831407,0.806720,0.846973,0.805925,0.826548,0.847978,0.834626,0.858184,0.828696,0.813005,0.857622,0.815152,0.835176,0.844233,0.848248,0.827473,0.828981,0.833381,0.848473,0.836117,0.865612,0.797381,0.816894,0.810040,0.818330,0.812947,0.855791,0.825064,0.850483,0.838501,0.833836,0.832661,0.822115,0.865529,0.836366,0.829982,0.835272,0.824195,0.825521,0.814543,0.805470,0.839324,0.819618,0.837506,0.812839,0.829037,0.799927,0.820370,0.832753,0.852202,0.831002,0.799105,0.816414,0.854649,0.845051,0.836186,#
21,0.802705,0.860702,0.805441,0.840368,0.824282,0.792547,0.798347,0.819370,0.847162,0.803746,0.778153,0.800918,0.786276,0.811465,0.804696,0.810554,0.805737,0.817388,0.821817,0.800012,0.828689,1.000000,0.809219,0.823575,0.777547,0.793666,0.831710,0.791972,0.815384,0.786932,0.802906,0.800656,0.825513,0.835289,0.804678,0.846178,0.815823,0.819841,0.826548,0.818039,0.796736,0.816425,0.799706,0.819020,0.817125,0.801474,0.824977,0.818305,0.821906,0.798570,0.801753,0.816528,0.809522,0.792355,0.828899,0.822682,0.812762,0.815971,0.830442,0.779303,0.805928,0.810917,0.772758,0.780417,0.836738,0.815168,0.825565,0.815859,0.803131,0.822938,0.815868,0.809030,0.843028,0.823091,0.851020,0.807619,0.814299,0.812650,0.818466,0.827331,0.817978,0.798839,0.847398,0.835416,0.840169,0.821015,0.789683,0.822582,0.814457,0.809291,0.762730,0.762895,0.828683,0.810484,0.816772,0.798942,0.809419,0.791147,0.805090,0.833888,0.815559,0.816235,0.788175,0.807046,0.787309,0.837141,0.792074,0.815453,0.799364,0.823674,0.833354,0.782645,0.815652,0.819746,0.767234,0.789948,0.810570,0.833041,0.783364,0.787406,0.809314,0.820668,0.796970,0.822525,0.802818,0.768450,0.812507,0.813166,0.805796,0.828476,0.825093,0.833001,0.817057,0.798976,0.840231,0.802763,0.791032,0.770984,0.805691,0.820749,0.807856,0.831286,0.789998,0.818360,0.791062,0.799948,0.804905,0.768333,0.806892,0.803621,0.808015,0.841929,0.789982,0.802815,0.817861,0.818359,0.810295,0.810359,0.798064,0.807634,0.813241,0.825252,0.833182,0.827179,0.837594,0.791310,0.831264,0.781272,0.765629,0.793974,0.828378,0.799210,0.815068,0.798271,0.809610,0.810744,0.756690,0.826380,0.809338,0.792887,0.795139,0.838779,0.792233,0.801211,0.801975,0.826778,0.800115,0.756622,0.767007,0.824390,0.808044,0.788953,0.802742,0.803247,0.806488,0.770401,0.812214,0.819125,0.783109,0.821017,#
