0,1.000000,0.192637,0.283776,0.258525,0.274166,0.213767,0.189505,0.129042,0.284548,0.196311,0.315689,0.197594,0.187172,0.077778,0.355904,0.328123,0.293596,0.377562,0.331535,0.369264,0.295526,0.256605,0.255535,0.389060,0.235060,0.231788,0.309578,0.196213,0.262167,0.304716,0.156598,0.237975,0.201533,0.190790,0.188250,0.320834,0.244108,0.195331,0.348569,0.328632,0.267997,0.301853,0.228030,0.281063,0.142204,0.268805,0.190853,0.342840,0.214241,0.374647,0.271556,0.211903,0.249821,0.271865,0.338724,0.265958,0.318902,0.301611,0.155869,0.254890,0.327101,0.233402,0.278815,0.194012,0.224725,0.172681,0.245619,0.219291,0.239338,0.293329,0.259664,0.179461,0.351624,0.253943,0.182383,0.009818,0.319509,0.316983,0.262190,0.091077,0.261401,0.148523,0.205067,0.293047,0.334775,0.203845,0.336744,0.215925,0.403147,0.222186,0.271581,0.115862,0.257686,0.262940,0.289624,0.344164,0.382820,0.154897,0.248922,0.311298,0.297712,0.307635,0.183115,0.344190,0.260159,0.248099,0.368864,0.273945,0.236529,0.137201,0.147406,0.191384,0.243905,0.270286,0.215346,0.251061,0.259628,0.192000,0.156030,0.167409,0.338045,0.269398,0.309368,0.269302,0.270459,0.344098,0.276566,0.129625,0.157758,0.274359,0.283370,0.233034,0.288234,0.170194,0.234498,0.210132,0.293174,0.233958,0.134020,0.324295,0.295561,0.255547,0.217213,0.200549,0.259615,0.280585,0.204759,0.176362,0.312117,0.214362,0.114548,0.271013,0.271762,0.211744,0.228351,0.258930,0.209046,0.203838,0.253680,0.292089,0.268548,0.383486,0.139282,0.118152,0.253683,0.197077,0.190686,0.256417,0.281380,0.266852,0.290081,0.030282,0.342894,0.298481,0.112364,0.309686,0.360943,0.258485,0.213912,0.185084,0.231437,0.355688,0.138362,0.125954,0.215645,0.203400,0.285104,0.380240,0.340650,0.115013,0.254367,0.339903,0.173963,0.183457,0.401645,0.174478,0.099536,0.251582,0.378541,0.315112,#
1,0.192637,1.000000,0.268914,0.326918,0.310534,0.238068,0.374546,0.282970,0.352527,0.197232,0.451274,0.367798,0.217353,0.247341,0.155905,0.169791,0.192650,0.301736,0.220069,0.281103,0.217708,0.313099,0.171639,0.238887,0.305519,0.299852,0.286024,0.376731,0.104222,0.319434,0.312066,0.244131,0.237648,0.268799,0.124381,0.240114,0.164516,0.218316,0.389620,0.227259,0.239056,0.270539,0.343069,0.245086,0.217981,0.321050,0.395772,0.294627,0.210525,0.221763,0.343447,0.228311,0.379066,0.308566,0.269692,0.352888,0.247810,0.239373,0.256587,0.304565,0.271418,0.255506,0.303788,0.251150,0.212497,0.332367,0.234021,0.283904,0.350436,0.294621,0.298933,0.228366,0.399786,0.203083,0.291346,0.158913,0.278212,0.293003,0.395147,0.206230,0.252600,0.418422,0.269154,0.316669,0.296289,0.079162,0.348344,0.277322,0.285364,0.314044,0.293161,0.327250,0.188451,0.307615,0.199549,0.275292,0.253348,0.194593,0.185005,0.212711,0.301335,0.219592,0.264098,0.272721,0.217583,0.251267,0.289845,0.358257,0.232194,0.270563,0.322075,0.240735,0.203131,0.239833,0.325859,0.402555,0.296276,0.185395,0.249674,0.248416,0.145211,0.288376,0.337635,0.316812,0.258065,0.300496,0.231832,0.265847,0.255013,0.275328,0.202231,0.280757,0.237872,0.263983,0.427639,0.298535,0.298207,0.337352,0.196463,0.340970,0.305867,0.193111,0.189290,0.254934,0.369428,0.256819,0.241608,0.195196,0.298370,0.247886,0.278826,0.270656,0.194934,0.139127,0.309887,0.335712,0.210113,0.244306,0.134562,0.115825,0.103711,0.331132,0.274227,0.312324,0.330320,0.218758,0.177707,0.168914,0.272121,0.401813,0.306441,0.286978,0.252180,0.192336,0.312996,0.267547,0.181235,0.297416,0.266056,0.205738,0.224014,0.208426,0.310871,0.156980,0.367542,0.240810,0.242702,0.142956,0.304457,0.330355,0.377104,0.346157,0.163195,0.221592,0.319072,0.258780,0.070583,0.316091,0.186097,0.311796,#
2,0.283776,0.268914,1.000000,0.331705,0.307286,0.249289,0.324497,0.285000,0.220105,0.225373,0.337428,0.404309,0.216433,0.304738,0.179145,0.302133,0.223945,0.249288,0.258280,0.314600,0.391586,0.385092,0.185040,0.263096,0.310587,0.386265,0.375859,0.264380,0.187029,0.345398,0.223018,0.199583,0.183278,0.217481,0.169599,0.302362,0.293162,0.200992,0.313872,0.184635,0.375017,0.333767,0.272345,0.200464,0.203471,0.351545,0.251782,0.313897,0.161821,0.266111,0.280416,0.418612,0.305934,0.248495,0.160790,0.278602,0.250153,0.242919,0.250133,0.334262,0.255635,0.231510,0.276636,0.264407,0.378825,0.348106,0.268317,0.192679,0.297160,0.343428,0.265111,0.268960,0.235961,0.231699,0.343199,0.251381,0.246999,0.301295,0.294679,0.238096,0.357401,0.145559,0.186642,0.172012,0.323258,0.226816,0.407204,0.292325,0.304230,0.213460,0.228198,0.294454,0.333423,0.285997,0.238583,0.269233,0.308853,0.250751,0.284005,0.228016,0.336952,0.275756,0.182169,0.324932,0.228133,0.289817,0.319394,0.360810,0.245530,0.308572,0.302310,0.301215,0.367371,0.268127,0.273434,0.385695,0.264347,0.268482,0.029896,0.181262,0.268812,0.311131,0.264287,0.257202,0.270014,0.225523,0.340249,0.222542,0.235337,0.300522,0.212050,0.348094,0.292618,0.190145,0.366481,0.324618,0.242354,0.289602,0.124034,0.151914,0.212708,0.231941,0.265940,0.191184,0.429573,0.229530,0.127115,0.243055,0.298337,0.200321,0.242409,0.369711,0.338066,0.284823,0.237100,0.217452,0.172987,0.129980,0.248677,0.213769,0.235506,0.342586,0.304088,0.319908,0.289221,0.237452,0.225236,0.229936,0.156457,0.235493,0.173560,0.346125,0.230379,0.209905,0.264811,0.224552,0.357588,0.293192,0.152486,0.241068,0.324409,0.243915,0.150252,0.349742,0.173306,0.296275,0.180265,0.133849,0.374391,0.152142,0.249212,0.305618,0.391614,0.214546,0.332145,0.171669,0.080000,0.295876,0.360517,0.343621,#
3,0.258525,0.326918,0.331705,1.000000,0.329885,0.255959,0.313350,0.347505,0.368714,0.258816,0.373281,0.390252,0.233399,0.303130,0.307566,0.310406,0.284847,0.397387,0.334251,0.317403,0.335758,0.300444,0.327432,0.457640,0.383605,0.335583,0.326074,0.244152,0.319450,0.350743,0.341886,0.394492,0.444628,0.394513,0.120988,0.376178,0.329300,0.444735,0.453359,0.248622,0.343062,0.423311,0.309143,0.401557,0.209736,0.372208,0.290832,0.370498,0.141324,0.331828,0.383750,0.310956,0.348603,0.248631,0.258722,0.420460,0.324774,0.310845,0.287777,0.373799,0.284624,0.232359,0.289849,0.263815,0.405253,0.350794,0.292079,0.281665,0.218402,0.389890,0.317340,0.234863,0.392727,0.221184,0.376746,0.315337,0.323847,0.363808,0.370220,0.213947,0.406156,0.349626,0.333723,0.255189,0.399078,0.243408,0.397376,0.244421,0.403451,0.405772,0.348402,0.321097,0.339034,0.389620,0.266425,0.336575,0.378047,0.215250,0.358035,0.262791,0.402401,0.244604,0.320838,0.316424,0.414834,0.282789,0.374266,0.338516,0.217922,0.267369,0.335807,0.225296,0.318385,0.327573,0.224536,0.327501,0.315158,0.240642,0.200010,0.251395,0.346705,0.331910,0.298108,0.448766,0.272511,0.260193,0.382649,0.340178,0.189273,0.346302,0.320671,0.377604,0.386181,0.310903,0.345161,0.391916,0.187278,0.286319,0.328708,0.294057,0.359605,0.385173,0.288390,0.315054,0.380874,0.258891,0.364751,0.374708,0.239034,0.295054,0.237103,0.238904,0.241193,0.312057,0.311556,0.276538,0.254695,0.309105,0.283362,0.309434,0.305542,0.391245,0.394056,0.384853,0.328945,0.291240,0.328126,0.300019,0.231162,0.311514,0.341543,0.234005,0.273627,0.195964,0.259206,0.359173,0.364229,0.377510,0.172418,0.295467,0.299898,0.392671,0.361724,0.246783,0.177764,0.247696,0.246928,0.289427,0.226542,0.266038,0.275423,0.369563,0.366794,0.259989,0.301023,0.315442,0.276699,0.360503,0.294769,0.252218,#
4,0.274166,0.310534,0.307286,0.329885,1.000000,0.296364,0.281862,0.288137,0.338679,0.197445,0.269284,0.273237,0.250959,0.257867,0.211347,0.265508,0.173364,0.312094,0.274235,0.426897,0.406296,0.267133,0.273364,0.369248,0.243633,0.416209,0.226534,0.254586,0.326612,0.230117,0.206917,0.241965,0.287861,0.253106,0.157281,0.298939,0.366779,0.282620,0.325424,0.242809,0.330995,0.430280,0.218447,0.204162,0.390385,0.304525,0.390139,0.328513,0.205277,0.314606,0.237713,0.255726,0.249129,0.310857,0.347955,0.437612,0.257978,0.278209,0.289725,0.306281,0.360624,0.301423,0.203427,0.139188,0.226881,0.213168,0.276055,0.233334,0.260121,0.287753,0.321209,0.282324,0.364683,0.217230,0.242464,0.057504,0.276965,0.331996,0.306514,0.164317,0.348177,0.323267,0.170061,0.188670,0.416449,0.205865,0.324578,0.293900,0.328530,0.387491,0.331521,0.205692,0.259708,0.350628,0.225232,0.363486,0.288061,0.270293,0.220788,0.212521,0.303400,0.174308,0.290480,0.371151,0.284513,0.297818,0.180595,0.334582,0.224217,0.308819,0.363486,0.248213,0.312255,0.419242,0.265184,0.215637,0.276365,0.109965,0.150588,0.099150,0.244503,0.288035,0.306289,0.245861,0.366537,0.214155,0.383733,0.246136,0.259611,0.293628,0.335961,0.206132,0.338478,0.238760,0.385954,0.314286,0.219577,0.141468,0.227675,0.240296,0.363532,0.136381,0.258276,0.254729,0.360616,0.378291,0.248151,0.279660,0.261631,0.305323,0.275115,0.255701,0.329017,0.436824,0.276772,0.231695,0.353939,0.254475,0.190443,0.291084,0.280860,0.247300,0.177441,0.258371,0.128253,0.275773,0.170432,0.197658,0.206172,0.279521,0.183778,0.202632,0.336952,0.232743,0.348746,0.294433,0.354084,0.324350,0.201636,0.256630,0.189774,0.149054,0.327324,0.253683,0.192364,0.254350,0.106785,0.337363,0.324886,0.308128,0.179158,0.283979,0.233611,0.173386,0.275813,0.334864,0.216750,0.390803,0.302537,0.368468,#
5,0.213767,0.238068,0.249289,0.255959,0.296364,1.000000,0.223845,0.246682,0.284150,0.288738,0.279214,0.232472,0.297216,0.157524,0.261479,0.218822,0.281512,0.290612,0.159040,0.232046,0.334557,0.204368,0.236687,0.310632,0.267749,0.266297,0.324570,0.310393,0.288446,0.305372,0.234772,0.307023,0.358607,0.244184,0.094744,0.220575,0.332275,0.113241,0.292403,0.270557,0.304513,0.350618,0.145537,0.408162,0.199694,0.267205,0.256720,0.167859,0.206599,0.276752,0.287683,0.273972,0.242716,0.158816,0.221734,0.331671,0.145056,0.235747,0.354991,0.244153,0.228001,0.257984,0.254259,0.171156,0.334370,0.282115,0.243632,0.193296,0.255217,0.172348,0.256299,0.247466,0.317394,0.294553,0.248507,0.192264,0.285167,0.281547,0.323008,0.271634,0.237603,0.247148,0.330092,0.142956,0.169472,0.223265,0.235505,0.204672,0.306690,0.168870,0.196540,0.278684,0.286211,0.333705,0.216115,0.274272,0.187546,0.236222,0.309075,0.150969,0.203409,0.294332,0.178816,0.288023,0.191303,0.266037,0.228526,0.365763,0.227985,0.212672,0.313870,0.247322,0.284401,0.191428,0.311932,0.230956,0.286013,0.297791,0.139049,0.171138,0.138987,0.327127,0.174240,0.288794,0.138083,0.152322,0.203881,0.075789,0.307282,0.330630,0.289127,0.337766,0.325677,0.216059,0.416970,0.358678,0.192196,0.222327,0.172148,0.065146,0.248133,0.250846,0.198599,0.253554,0.311133,0.238020,0.227736,0.206559,0.147469,0.276295,0.265037,0.180879,0.266165,0.316830,0.222077,0.247252,0.291549,0.133829,0.324225,0.108473,0.249099,0.247904,0.271100,0.212692,0.240611,0.125229,0.102649,0.292590,0.298128,0.340662,0.306687,0.261574,0.291503,0.204677,0.131323,0.245039,0.295345,0.297417,0.274996,0.173868,0.266832,0.206559,0.385585,0.205623,0.228303,0.310724,0.254099,0.193942,0.233208,0.200799,0.259430,0.247973,0.235946,0.175133,0.367970,0.178890,0.075845,0.338969,0.201764,0.340711,#
6,0.189505,0.374546,0.324497,0.313350,0.281862,0.223845,1.000000,0.256486,0.268571,0.133433,0.263488,0.248715,0.146081,0.244134,0.125778,0.207038,0.198951,0.270193,0.250953,0.243045,0.257921,0.312858,0.128984,0.196657,0.163755,0.259384,0.210961,0.269960,0.286700,0.259436,0.162485,0.230829,0.206011,0.188321,0.099433,0.158648,0.161812,0.237808,0.273899,0.255659,0.244476,0.220731,0.129894,0.240770,0.194741,0.238573,0.253558,0.320840,0.170279,0.290395,0.176904,0.246958,0.262447,0.229104,0.119623,0.262094,0.155251,0.277315,0.276276,0.338713,0.257665,0.213288,0.209038,0.187747,0.240134,0.438021,0.241267,0.270034,0.271268,0.231152,0.264938,0.238272,0.311072,0.159116,0.309491,0.181426,0.253348,0.257124,0.324416,0.165664,0.274359,0.247427,0.273876,0.145287,0.286013,0.211100,0.217228,0.277841,0.242000,0.274473,0.246616,0.178645,0.199826,0.280261,0.188661,0.294125,0.284864,0.216447,0.271436,0.272849,0.279671,0.302493,0.223062,0.242275,0.036636,0.331043,0.160914,0.229585,0.230477,0.241674,0.288116,0.277858,0.199204,0.113739,0.224327,0.262115,0.322854,0.095485,0.169611,0.175307,0.256017,0.270477,0.187575,0.238831,0.227880,0.208754,0.179995,0.244490,0.126961,0.329542,0.239859,0.188294,0.294751,0.108457,0.350644,0.213919,0.195785,0.253902,0.191438,0.224383,0.183118,0.101988,0.098889,0.277552,0.154230,0.253557,0.233911,0.135966,0.237537,0.085914,0.368288,0.154785,0.275721,0.195650,0.274916,0.219605,0.136449,0.281278,0.229845,0.159109,0.115190,0.329525,0.287561,0.237078,0.272750,0.183035,0.139045,0.233199,0.203694,0.260550,0.087198,0.164240,0.210927,0.141605,0.279956,0.269634,0.165027,0.261157,0.315235,0.110093,0.091298,0.191395,0.256612,0.300799,0.290408,0.273442,0.140802,0.245449,0.302391,0.267292,0.207830,0.206818,0.249528,0.232504,0.174144,0.147497,0.169414,0.298727,0.189237,0.303832,#
7,0.129042,0.282970,0.285000,0.347505,0.288137,0.246682,0.256486,1.000000,0.326705,0.292661,0.323877,0.444602,0.153293,0.296908,0.285209,0.277934,0.226859,0.370221,0.207591,0.346131,0.285282,0.275547,0.318313,0.247966,0.378499,0.280030,0.329524,0.376882,0.247229,0.296305,0.294150,0.256210,0.325768,0.252593,0.098141,0.319552,0.168588,0.198513,0.373429,0.300657,0.230460,0.317355,0.276498,0.268764,0.266750,0.339461,0.271556,0.293344,0.276668,0.313920,0.397713,0.321761,0.202483,0.301144,0.215746,0.313143,0.251419,0.311656,0.292479,0.318344,0.322120,0.170896,0.300415,0.192430,0.373289,0.297285,0.266447,0.214716,0.258802,0.450107,0.289143,0.137230,0.450354,0.249505,0.258013,0.200111,0.250271,0.356275,0.344080,0.379508,0.312912,0.299783,0.336656,0.259608,0.347920,0.226395,0.331802,0.142162,0.285676,0.331458,0.235732,0.229135,0.305834,0.334703,0.193993,0.266361,0.206363,0.253201,0.191226,0.156692,0.325005,0.209576,0.245163,0.270941,0.174129,0.382849,0.365260,0.224313,0.264317,0.271099,0.242235,0.220737,0.173079,0.282134,0.440721,0.308545,0.173098,0.189522,0.194287,0.293985,0.285074,0.369806,0.224918,0.347060,0.333958,0.263538,0.365509,0.355823,0.222285,0.219728,0.187847,0.252447,0.389128,0.246740,0.488632,0.312684,0.103205,0.409412,0.266904,0.275527,0.342794,0.222546,0.140258,0.237726,0.360733,0.259298,0.279325,0.265899,0.235748,0.279008,0.289320,0.339497,0.192179,0.229663,0.119394,0.348662,0.289540,0.328074,0.272733,0.340648,0.192940,0.303534,0.272817,0.249646,0.175060,0.276513,0.365939,0.178231,0.281931,0.286063,0.278833,0.258516,0.303868,0.192369,0.308959,0.236749,0.239514,0.257590,0.083614,0.359982,0.282654,0.273625,0.230099,0.270269,0.106429,0.307245,0.157469,0.166377,0.240958,0.371217,0.281379,0.256406,0.329905,0.238655,0.231716,0.234816,0.135795,0.311321,0.326519,0.301369,#
8,0.284548,0.352527,0.220105,0.368714,0.338679,0.284150,0.268571,0.326705,1.000000,0.242880,0.350509,0.331016,0.270721,0.258767,0.411080,0.326652,0.151360,0.241241,0.227928,0.303210,0.301881,0.267469,0.212540,0.329075,0.220033,0.298052,0.246141,0.319511,0.181956,0.349766,0.186736,0.290880,0.228933,0.278565,0.192772,0.349494,0.342385,0.206314,0.325790,0.316257,0.243369,0.340021,0.129712,0.271452,0.390639,0.328068,0.269651,0.252369,0.196628,0.271607,0.271795,0.383950,0.189180,0.436346,0.300773,0.404886,0.298716,0.306744,0.230450,0.383895,0.370751,0.174572,0.372335,0.114143,0.360850,0.374923,0.313512,0.243667,0.382387,0.330427,0.237904,0.237758,0.372126,0.227097,0.288034,0.168465,0.269463,0.272393,0.323255,0.171779,0.338841,0.341143,0.299326,0.117142,0.372976,0.206894,0.267748,0.225870,0.316807,0.309853,0.252439,0.233298,0.289241,0.270172,0.361032,0.377569,0.365494,0.255002,0.239183,0.213781,0.305079,0.201344,0.260546,0.294785,0.340602,0.189693,0.345543,0.265416,0.157356,0.320273,0.172079,0.216708,0.148757,0.261728,0.314038,0.418336,0.272552,0.168482,0.114712,0.300160,0.313708,0.300888,0.257001,0.325639,0.309872,0.356701,0.259071,0.376474,0.160349,0.323895,0.235479,0.198442,0.339830,0.214559,0.388366,0.378359,0.191707,0.317651,0.315433,0.236765,0.328372,0.301339,0.374517,0.202413,0.274601,0.288268,0.302250,0.308895,0.282807,0.251516,0.355249,0.203568,0.251953,0.348265,0.418216,0.378981,0.229806,0.297812,0.228573,0.306627,0.138794,0.328703,0.183192,0.286324,0.310189,0.305919,0.292321,0.160549,0.269389,0.297106,0.303371,0.145285,0.238084,0.253971,0.264649,0.286056,0.212059,0.343296,0.253983,0.241626,0.295758,0.254745,0.187566,0.336685,0.278009,0.291807,0.129540,0.112544,0.298010,0.252463,0.285154,0.280950,0.276206,0.232978,0.365202,0.175444,0.178814,0.183305,0.264137,0.217102,#
9,0.196311,0.197232,0.225373,0.258816,0.197445,0.288738,0.133433,0.292661,0.242880,1.000000,0.394953,0.219583,0.112156,0.141764,0.243624,0.275277,0.148251,0.164537,0.115364,0.315498,0.254179,0.154730,0.201951,0.226166,0.137570,0.174538,0.306739,0.268988,0.185669,0.234478,0.332365,0.219328,0.138689,0.200477,0.233889,0.231169,0.070413,0.253261,0.272455,0.139956,0.322689,0.299704,0.156764,0.066703,0.144392,0.308014,0.156697,0.203738,0.120504,0.190901,0.250735,0.309078,0.196128,0.175320,0.191236,0.310545,0.232891,0.224027,0.169470,0.144657,0.242337,0.180073,0.316491,0.174446,0.303863,0.257812,0.120238,0.122703,0.200073,0.109977,0.281492,0.243560,0.237461,0.204936,0.193282,0.188301,0.206695,0.166231,0.334744,0.252537,0.157301,0.290911,0.122778,0.105028,0.254549,0.193594,0.299751,0.173959,0.079451,0.051167,0.126290,0.310184,0.205500,0.178272,0.224251,0.243060,0.321642,0.233458,0.174607,-0.001629,0.212809,0.200764,0.353941,0.181164,0.307347,0.171162,0.258201,0.169983,0.249378,0.116857,0.188961,0.178233,0.200134,0.313707,0.164253,0.274810,0.177465,0.244006,0.302639,0.024481,0.257677,0.349808,0.149579,0.304135,0.173586,0.231564,0.081283,0.302759,0.190402,0.255445,0.173823,0.226001,0.189012,0.216213,0.265254,0.181635,0.190130,0.340754,0.136334,0.072864,0.139257,0.309441,0.201179,0.166486,0.222679,0.132888,0.238781,0.232524,0.114270,0.362570,0.173509,0.079723,0.363993,0.257081,0.190959,0.268142,0.265221,0.252560,0.336824,0.154580,0.191315,0.160373,0.137400,0.343774,0.226560,0.104467,0.206756,0.157311,0.398188,0.198222,0.215400,0.183295,0.196986,0.212462,0.161078,0.280643,0.272412,0.127334,0.090825,0.241961,0.085754,0.179933,0.318140,0.202848,0.130627,0.208129,0.182954,0.177592,0.311501,0.216393,0.229531,0.204593,0.187134,0.203884,0.230914,0.178078,0.107358,0.179880,0.179392,0.225533,#
10,0.315689,0.451274,0.337428,0.373281,0.269284,0.279214,0.263488,0.323877,0.350509,0.394953,1.000000,0.256768,0.143471,0.280148,0.320582,0.273526,0.204958,0.325781,0.382460,0.356628,0.239995,0.194630,0.139234,0.281864,0.292896,0.209015,0.306267,0.346108,0.204201,0.350142,0.321704,0.296162,0.287630,0.225121,0.197897,0.364606,0.183604,0.267543,0.389238,0.246130,0.298177,0.261351,0.259657,0.142835,0.149899,0.317138,0.268081,0.309818,0.278926,0.323982,0.269361,0.329042,0.268910,0.316652,0.240823,0.332074,0.201239,0.231981,0.255026,0.329342,0.225135,0.305786,0.282913,0.316062,0.342406,0.354919,0.339304,0.190824,0.255200,0.246659,0.283657,0.284201,0.363890,0.206647,0.218977,0.210898,0.276585,0.204542,0.304317,0.200454,0.314879,0.307060,0.299972,0.249021,0.370386,0.087040,0.340304,0.257274,0.288877,0.279239,0.210777,0.242091,0.318895,0.265711,0.217074,0.353916,0.327942,0.173789,0.305981,0.240074,0.240561,0.231524,0.256728,0.269547,0.327015,0.149436,0.341184,0.364932,0.190930,0.227039,0.203137,0.315061,0.235286,0.298762,0.344191,0.449498,0.216608,0.155296,0.175447,0.158124,0.214910,0.311062,0.235067,0.276155,0.220095,0.225033,0.225526,0.298374,0.253634,0.342497,0.303804,0.275981,0.275191,0.161182,0.347982,0.299452,0.191013,0.434412,0.130625,0.239919,0.349186,0.230406,0.266272,0.236242,0.334037,0.206342,0.092807,0.185537,0.203864,0.285339,0.248069,0.313224,0.333569,0.198922,0.310260,0.254642,0.325928,0.138726,0.317412,0.256962,0.266071,0.277506,0.335729,0.309283,0.316198,0.226314,0.308351,0.208628,0.266076,0.349333,0.322820,0.269736,0.221308,0.281701,0.306898,0.194361,0.252816,0.349772,0.219651,0.302239,0.277013,0.209821,0.382185,0.185667,0.281230,0.250164,0.113487,0.103485,0.330672,0.293997,0.332841,0.306672,0.232406,0.188254,0.333142,0.224264,0.096698,0.335676,0.316243,0.431741,#
11,0.197594,0.367798,0.404309,0.390252,0.273237,0.232472,0.248715,0.444602,0.331016,0.219583,0.256768,1.000000,0.217141,0.261100,0.167410,0.254471,0.252622,0.341782,0.229803,0.132653,0.297878,0.349474,0.165378,0.292941,0.374462,0.392273,0.198864,0.419831,0.062818,0.358434,0.319646,0.319958,0.265628,0.288523,0.177889,0.294605,0.296072,0.222063,0.312708,0.313066,0.297713,0.385926,0.353117,0.379773,0.186931,0.414560,0.268754,0.291237,0.199427,0.198932,0.377266,0.331509,0.269235,0.415721,0.171815,0.286238,0.275318,0.310825,0.277467,0.261417,0.257602,0.234073,0.360994,0.258390,0.364903,0.394422,0.307844,0.360151,0.313155,0.371581,0.220220,0.201633,0.379306,0.224883,0.260218,0.189608,0.258497,0.265458,0.366366,0.227985,0.333987,0.196415,0.330130,0.256543,0.377833,0.135926,0.367199,0.320654,0.304099,0.230496,0.296756,0.322224,0.366601,0.501294,0.240042,0.296326,0.216052,0.216359,0.318208,0.343180,0.333329,0.281280,0.249754,0.292539,0.213001,0.381063,0.346393,0.313205,0.335022,0.278579,0.317904,0.259412,0.347501,0.279500,0.128328,0.475796,0.289040,0.222372,0.147649,0.281715,0.242203,0.362820,0.344721,0.334286,0.281410,0.210563,0.309531,0.349542,0.326546,0.260892,0.182036,0.420679,0.325728,0.299258,0.307432,0.276493,0.032648,0.434610,0.130698,0.328371,0.278563,0.231765,0.211004,0.317186,0.355829,0.241582,0.375906,0.169203,0.218756,0.236342,0.224999,0.424411,0.251387,0.251910,0.298369,0.265928,0.215853,0.149788,0.257094,0.267527,0.227700,0.391608,0.189452,0.279141,0.285258,0.213079,0.358741,0.264984,0.341995,0.340022,0.310311,0.141063,0.238172,0.154768,0.294271,0.337324,0.331942,0.241563,0.136608,0.245749,0.355596,0.259381,0.259777,0.216420,0.133752,0.319374,0.175010,0.173728,0.266179,0.343119,0.217173,0.214933,0.405057,0.190566,0.399092,0.222149,0.183604,0.307632,0.244353,0.312701,#
12,0.187172,0.217353,0.216433,0.233399,0.250959,0.297216,0.146081,0.153293,0.270721,0.112156,0.143471,0.217141,1.000000,0.163257,0.277794,0.219602,0.322633,0.250894,0.282631,0.363267,0.296097,0.186165,0.179844,0.261468,0.179091,0.238282,0.294125,0.271294,0.211338,0.342821,0.075052,0.281047,0.294370,0.219976,0.163429,0.295410,0.269169,0.131321,0.256860,0.254644,0.351041,0.203726,0.261667,0.299564,0.316507,0.331574,0.290502,0.089403,0.242917,0.180100,0.322364,0.212604,0.179315,0.314050,0.183737,0.271561,0.147098,0.233734,0.211242,0.127450,0.261822,0.258980,0.170805,0.264286,0.374389,0.256849,0.196893,0.192641,0.265641,0.144506,0.132144,0.244445,0.258391,0.117886,0.316216,0.274900,0.243235,0.175820,0.230171,0.147184,0.285126,0.180975,0.159766,0.182433,0.261413,0.293500,0.231931,0.278282,0.314100,0.202915,0.202037,0.190071,0.214172,0.287874,0.230435,0.167064,0.387401,0.292038,0.133002,0.145399,0.195602,0.253755,0.268018,0.276006,0.325957,0.181545,0.232838,0.190911,0.116227,0.221354,0.324990,0.113057,0.234759,0.228210,0.236680,0.190054,0.302598,0.149289,0.180216,0.155069,0.267509,0.336993,0.331394,0.301840,0.179822,0.158461,0.275034,0.127711,0.102275,0.166702,0.232416,0.217513,0.206899,0.131966,0.250174,0.174529,0.202302,0.189325,0.243554,0.224943,0.285471,0.195836,0.180026,0.200044,0.164135,0.267042,0.206610,0.216746,0.210685,0.218376,0.189582,0.352171,0.173478,0.205233,0.198629,0.264931,0.164995,0.048150,0.148193,0.162001,0.147204,0.366956,0.214062,0.312863,0.236910,0.134942,0.299815,0.149244,0.206417,0.216094,0.203421,0.242045,0.223248,0.190761,0.255570,0.124648,0.257819,0.291210,0.144931,0.236043,0.238659,0.210076,0.273326,0.189787,0.255207,0.261209,0.220885,0.301113,0.171897,0.071077,0.298001,0.243468,0.264513,0.214036,0.188629,0.212281,0.168029,0.244107,0.284939,0.172670,#
13,0.077778,0.247341,0.304738,0.303130,0.257867,0.157524,0.244134,0.296908,0.258767,0.141764,0.280148,0.261100,0.163257,1.000000,0.319782,0.228398,0.227427,0.187261,0.241962,0.340643,0.260324,0.241915,0.132787,0.200827,0.286496,0.361038,0.327013,0.279546,0.200212,0.251425,0.282677,0.266773,0.306386,0.264492,0.146535,0.224506,0.166581,0.306209,0.123529,0.230071,0.175142,0.298948,0.287731,0.212869,0.229238,0.298555,0.310943,0.242914,0.230942,0.204453,0.280674,0.301726,0.233007,0.350029,0.223167,0.391944,0.182907,0.263024,0.268780,0.325434,0.317019,0.192756,0.375619,0.152351,0.252827,0.277990,0.432227,0.227513,0.405023,0.288529,0.158266,0.158479,0.285546,0.120487,0.356441,0.217488,0.305665,0.376019,0.355942,0.181578,0.347968,0.392346,0.239528,0.359261,0.396203,0.146304,0.367240,0.281312,0.295183,0.309085,0.232321,0.223360,0.350201,0.347152,0.196790,0.266562,0.251039,0.198189,0.260274,0.302103,0.299521,0.312899,0.289261,0.346870,0.249818,0.307193,0.299264,0.253385,0.326298,0.272620,0.231862,0.231540,0.359475,0.289956,0.302305,0.308146,0.308555,0.243994,0.123246,0.240631,0.344700,0.364356,0.233221,0.364816,0.273699,0.161359,0.188119,0.168199,0.322435,0.305661,0.162978,0.232053,0.239821,0.179389,0.379298,0.320660,0.254729,0.268592,0.365571,0.245846,0.173652,0.243994,0.390720,0.288171,0.357200,0.423815,0.237982,0.298625,0.135901,0.279634,0.242733,0.268630,0.240269,0.361728,0.328404,0.314541,0.141544,0.321012,0.224603,0.297609,0.179365,0.416065,0.202113,0.389456,0.277680,0.241873,0.186317,0.142608,0.247655,0.277943,0.301762,0.363380,0.241002,0.182557,0.264524,0.246677,0.205198,0.259426,0.253650,0.047216,0.242564,0.283051,0.256069,0.302856,0.222815,0.333176,0.303749,0.231207,0.167088,0.297141,0.184156,0.325678,0.286808,0.224445,0.207405,0.265198,0.249874,0.260259,0.350716,0.225546,#
14,0.355904,0.155905,0.179145,0.307566,0.211347,0.261479,0.125778,0.285209,0.411080,0.243624,0.320582,0.167410,0.277794,0.319782,1.000000,0.392800,0.262672,0.307483,0.325029,0.403380,0.320610,0.179320,0.284086,0.375544,0.260387,0.183821,0.348747,0.278802,0.279572,0.308963,0.147927,0.274994,0.200846,0.177592,0.250858,0.303414,0.264643,0.304906,0.310339,0.376982,0.305499,0.264791,0.248985,0.226015,0.318140,0.400425,0.257241,0.249128,0.175607,0.277886,0.374159,0.213201,0.299018,0.348843,0.416191,0.345089,0.339674,0.263208,0.200012,0.257558,0.366821,0.288096,0.243638,0.246453,0.323303,0.200292,0.319428,0.278939,0.244603,0.332823,0.180916,0.249089,0.205155,0.306978,0.251337,0.184300,0.279747,0.281892,0.267420,0.211749,0.338670,0.218505,0.284702,0.314330,0.330929,0.285668,0.166861,0.120926,0.290241,0.270829,0.281530,0.224478,0.363852,0.326344,0.305813,0.194018,0.331551,0.255924,0.218289,0.189907,0.299390,0.333667,0.252139,0.340156,0.324355,0.228362,0.374504,0.374377,0.158429,0.267510,0.100852,0.061853,0.269198,0.214224,0.288949,0.353389,0.209663,0.234919,0.231417,0.266142,0.434029,0.371347,0.152721,0.251810,0.248048,0.193783,0.263910,0.247923,0.121002,0.375599,0.129562,0.275203,0.298997,0.107169,0.250447,0.270669,0.129920,0.244028,0.200079,0.167375,0.334179,0.350133,0.386438,0.204784,0.196656,0.368072,0.242269,0.234885,0.109859,0.176491,0.253664,0.235135,0.154548,0.300104,0.279134,0.239962,0.286141,0.199912,0.184106,0.171307,0.185154,0.308094,0.246671,0.226983,0.311688,0.126873,0.258904,0.204035,0.181058,0.329815,0.317379,0.272507,0.306766,0.262451,0.208851,0.163979,0.369264,0.344257,0.316612,0.287654,0.270761,0.349208,0.214014,0.302513,0.249338,0.245652,0.205282,0.101610,0.172545,0.265331,0.205209,0.289253,0.268629,0.322289,0.284100,0.137733,0.035653,0.252954,0.328631,0.266768,#
15,0.328123,0.169791,0.302133,0.310406,0.265508,0.218822,0.207038,0.277934,0.326652,0.275277,0.273526,0.254471,0.219602,0.228398,0.392800,1.000000,0.303155,0.372336,0.328366,0.288155,0.254487,0.202252,0.283007,0.358747,0.269486,0.378193,0.344863,0.283261,0.267887,0.270442,0.202014,0.313811,0.253750,0.325631,0.199485,0.252324,0.258893,0.200830,0.338444,0.239192,0.381759,0.328395,0.242018,0.274662,0.331151,0.327419,0.128332,0.276130,0.123979,0.327099,0.263333,0.357765,0.340465,0.315266,0.336833,0.300469,0.217076,0.310310,0.269533,0.384035,0.313710,0.149799,0.342898,0.184659,0.267026,0.331354,0.315602,0.297800,0.265997,0.216361,0.278415,0.283998,0.261714,0.184446,0.298350,0.208152,0.191405,0.351158,0.288352,0.197266,0.422605,0.212731,0.164636,0.319065,0.333164,0.191722,0.287451,0.266503,0.321772,0.325786,0.262731,0.184346,0.287240,0.335153,0.244210,0.262141,0.393350,0.197397,0.275991,0.216636,0.327566,0.279140,0.297903,0.350381,0.190064,0.221606,0.297469,0.266982,0.233898,0.336917,0.184681,0.313666,0.242936,0.178215,0.281027,0.419461,0.211454,0.120250,0.171996,0.175696,0.349275,0.370725,0.248659,0.366272,0.264940,0.217837,0.272589,0.314183,0.181573,0.299958,0.098453,0.341178,0.275342,0.253098,0.320654,0.330366,0.172990,0.193851,0.223097,0.103418,0.208263,0.333822,0.329151,0.201739,0.353146,0.293961,0.272242,0.239335,0.314912,0.249307,0.246296,0.193214,0.250651,0.408078,0.154806,0.376379,0.223478,0.274761,0.213360,0.243363,0.169891,0.279793,0.296090,0.269783,0.266699,0.292977,0.266325,0.239058,0.315677,0.267482,0.179420,0.226081,0.239177,0.172810,0.321961,0.182080,0.354190,0.261204,0.073182,0.294693,0.296052,0.263371,0.215635,0.368340,0.196310,0.309480,0.142165,0.275219,0.203570,0.204904,0.081396,0.318674,0.289615,0.258244,0.210197,0.213013,0.151171,0.275374,0.231925,0.135391,#
16,0.293596,0.192650,0.223945,0.284847,0.173364,0.281512,0.198951,0.226859,0.151360,0.148251,0.204958,0.252622,0.322633,0.227427,0.262672,0.303155,1.000000,0.281297,0.175796,0.337832,0.359318,0.230336,0.246200,0.268952,0.158444,0.338741,0.313157,0.105127,0.146163,0.277651,0.170923,0.349322,0.118324,0.319338,0.141449,0.297969,0.268256,0.158790,0.256413,0.255737,0.186487,0.287385,0.202747,0.291871,0.233370,0.377694,0.230721,0.225025,0.215287,0.199101,0.196644,0.286027,0.375454,0.266471,0.203487,0.222548,0.128453,0.241773,0.263323,0.124572,0.163620,0.434571,0.291011,0.257421,0.329796,0.222643,0.216579,0.402943,0.177995,0.321715,0.110928,0.296325,0.373195,0.119397,0.236746,0.355589,0.176929,0.354348,0.327532,0.192576,0.205313,0.170854,0.173189,0.255674,0.258093,0.283559,0.358869,0.234851,0.359623,0.146925,0.248078,0.232023,0.232134,0.215731,0.210280,0.219522,0.296849,0.152476,0.261449,0.261370,0.188575,0.210961,0.172855,0.265544,0.208740,0.247240,0.296697,0.198396,0.136753,0.278709,0.254290,0.235025,0.271903,0.199177,0.315471,0.355009,0.265694,0.190466,0.143320,0.197265,0.281877,0.315389,0.336157,0.327337,0.336976,0.116031,0.256290,0.088657,0.144909,0.275178,0.153496,0.264475,0.395107,0.019039,0.370781,0.337666,0.091236,0.287681,0.202578,0.268007,0.122587,0.211125,0.165902,0.243381,0.305715,0.207469,0.119062,0.198185,0.287046,0.224159,0.119155,0.305453,0.189514,0.229138,0.224318,0.284461,0.175006,0.175987,0.201268,0.233783,0.163730,0.359610,0.263130,0.287851,0.262096,0.136410,0.307857,0.261082,0.190260,0.129766,0.161780,0.121803,0.188442,0.108070,0.213071,0.310612,0.182823,0.162367,0.209621,0.130377,0.188566,0.284836,0.245106,0.051269,0.141580,0.230855,0.283647,0.243958,0.200649,0.177352,0.311377,0.091346,0.078209,0.162823,0.280453,0.302239,0.069636,0.235143,0.131435,0.193482,#
17,0.377562,0.301736,0.249288,0.397387,0.312094,0.290612,0.270193,0.370221,0.241241,0.164537,0.325781,0.341782,0.250894,0.187261,0.307483,0.372336,0.281297,1.000000,0.259308,0.368685,0.407769,0.280321,0.271417,0.417787,0.262085,0.310656,0.303611,0.233512,0.265486,0.333465,0.276098,0.342329,0.446254,0.243323,0.167388,0.327751,0.162202,0.402297,0.395727,0.191867,0.343640,0.294199,0.220787,0.377360,0.229730,0.370240,0.353181,0.257643,0.293130,0.309995,0.317094,0.237114,0.212750,0.306483,0.268956,0.344336,0.318639,0.389730,0.278654,0.324171,0.328251,0.290527,0.241446,0.279865,0.306773,0.414506,0.370755,0.359511,0.308576,0.376022,0.308350,0.326470,0.406657,0.178300,0.278452,0.348845,0.288254,0.346469,0.252328,0.326887,0.299137,0.326446,0.452679,0.258013,0.346964,0.138672,0.362435,0.273952,0.430200,0.302213,0.297166,0.177219,0.365474,0.311286,0.215137,0.284988,0.319167,0.355580,0.327830,0.282836,0.285470,0.213947,0.221939,0.370361,0.245210,0.347947,0.334251,0.396564,0.188221,0.158967,0.272484,0.270582,0.293056,0.346493,0.263319,0.353858,0.286015,0.196159,0.201161,0.289262,0.250462,0.374837,0.247173,0.365675,0.443870,0.235695,0.302109,0.260796,0.144039,0.253454,0.200391,0.351193,0.432309,0.315506,0.333575,0.348927,0.355511,0.295748,0.262381,0.308692,0.347713,0.294507,0.246324,0.254831,0.375763,0.354474,0.129813,0.269594,0.227100,0.203031,0.305063,0.187508,0.197366,0.336247,0.309270,0.343532,0.249647,0.300442,0.416694,0.274724,0.297473,0.388923,0.304387,0.270825,0.305878,0.266837,0.242529,0.304080,0.229772,0.253447,0.379282,0.232064,0.230993,0.256902,0.356956,0.226009,0.358149,0.293961,0.108996,0.360519,0.286509,0.412998,0.291349,0.190021,0.153134,0.282509,0.252581,0.261462,0.344318,0.305066,0.246021,0.412342,0.280886,0.243111,0.433197,0.302835,0.246982,0.279940,0.241576,0.268045,#
18,0.331535,0.220069,0.258280,0.334251,0.274235,0.159040,0.250953,0.207591,0.227928,0.115364,0.382460,0.229803,0.282631,0.241962,0.325029,0.328366,0.175796,0.259308,1.000000,0.273238,0.307294,0.236518,0.145715,0.383177,0.310006,0.270449,0.254979,0.355947,0.261898,0.200050,0.186472,0.228284,0.308676,0.210795,0.259873,0.346207,0.268097,0.225029,0.257510,0.369281,0.277720,0.311859,0.243333,0.203782,0.222609,0.267902,0.136710,0.242879,0.135246,0.309108,0.307493,0.204826,0.338626,0.290592,0.274660,0.263902,0.234482,0.305045,0.174341,0.234175,0.225446,0.176884,0.322240,0.273606,0.229156,0.332292,0.374231,0.274414,0.172893,0.170034,0.140646,0.202383,0.242315,0.129419,0.210860,0.201787,0.223381,0.299787,0.283496,0.245397,0.329896,0.212802,0.247574,0.311029,0.256701,0.060679,0.353726,0.174372,0.314693,0.275002,0.311159,0.196747,0.261617,0.297967,0.242043,0.305346,0.424658,0.207747,0.210858,0.277071,0.258073,0.304593,0.330432,0.291671,0.346097,0.244697,0.241887,0.232688,0.188643,0.268738,0.339566,0.305157,0.251217,0.254390,0.213228,0.279335,0.192096,0.089420,0.226471,0.263959,0.220372,0.308042,0.258061,0.181877,0.231041,0.175908,0.187578,0.286339,0.298963,0.279446,0.170265,0.352085,0.222515,0.209128,0.347423,0.144180,0.169805,0.345236,0.141863,0.321512,0.299343,0.176107,0.214725,0.218575,0.298303,0.296311,0.148304,0.200701,0.118432,0.193832,0.166658,0.287166,0.266248,0.235632,0.227780,0.355811,0.322643,0.243341,0.124017,0.344736,0.256279,0.300368,0.240373,0.288581,0.214915,0.249874,0.316843,0.221854,0.224545,0.370015,0.068122,0.185807,0.288942,0.211868,0.200009,0.261231,0.315573,0.332723,0.359281,0.234280,0.189543,0.258200,0.305721,0.137769,0.311992,0.199785,0.319639,0.277672,0.276394,0.227137,0.231068,0.331680,0.341240,0.239898,0.277474,0.220328,0.193759,0.286990,0.366922,0.238149,#
19,0.369264,0.281103,0.314600,0.317403,0.426897,0.232046,0.243045,0.346131,0.303210,0.315498,0.356628,0.132653,0.363267,0.340643,0.403380,0.288155,0.337832,0.368685,0.273238,1.000000,0.309176,0.225793,0.268068,0.330961,0.235516,0.419677,0.360164,0.259954,0.251323,0.397785,0.287041,0.305213,0.302737,0.215461,0.244647,0.376673,0.202991,0.217043,0.447606,0.230679,0.295939,0.310227,0.177644,0.187806,0.245330,0.382965,0.389332,0.377081,0.244987,0.408840,0.311437,0.324005,0.205769,0.414197,0.296418,0.387325,0.254578,0.272883,0.293158,0.298979,0.325277,0.346415,0.332535,0.267700,0.374071,0.278554,0.305249,0.308349,0.286483,0.343005,0.336439,0.281358,0.368183,0.159309,0.321148,0.375571,0.271044,0.399963,0.451262,0.193317,0.387182,0.364224,0.340182,0.245982,0.430477,0.213658,0.331689,0.276853,0.384927,0.223166,0.238566,0.267897,0.359384,0.252031,0.295174,0.348636,0.379988,0.379193,0.176645,0.205243,0.277147,0.280875,0.313006,0.359855,0.359001,0.386471,0.349298,0.476661,0.202228,0.176300,0.283993,0.261810,0.320387,0.349516,0.391492,0.307130,0.330877,0.311235,0.302395,0.072723,0.423368,0.442322,0.282780,0.415042,0.457119,0.273363,0.383582,0.281518,0.123859,0.315183,0.192435,0.183893,0.413166,0.208093,0.361194,0.324287,0.289865,0.378432,0.233904,0.259952,0.309622,0.362230,0.256433,0.224062,0.360672,0.319448,0.172930,0.357456,0.344270,0.224375,0.262865,0.361492,0.295953,0.396356,0.305799,0.263916,0.295284,0.224850,0.255601,0.214214,0.368300,0.338737,0.353499,0.265374,0.335994,0.244586,0.236527,0.254197,0.323654,0.224561,0.349965,0.263053,0.349591,0.259556,0.295828,0.216326,0.381431,0.350885,0.241908,0.252995,0.167014,0.352120,0.286778,0.297077,0.269246,0.334080,0.234588,0.306355,0.352765,0.258715,0.361133,0.385467,0.221403,0.293953,0.288348,0.281628,0.217407,0.325507,0.402004,0.383375,#
20,0.295526,0.217708,0.391586,0.335758,0.406296,0.334557,0.257921,0.285282,0.301881,0.254179,0.239995,0.297878,0.296097,0.260324,0.320610,0.254487,0.359318,0.407769,0.307294,0.309176,1.000000,0.304154,0.254631,0.399679,0.352183,0.400548,0.356653,0.326534,0.302899,0.323074,0.219335,0.253720,0.319838,0.274306,0.219348,0.297249,0.332979,0.298948,0.320331,0.354901,0.363643,0.466879,0.182208,0.204191,0.363894,0.431287,0.364918,0.278334,0.231300,0.285151,0.179007,0.344974,0.322806,0.352169,0.305371,0.299975,0.322183,0.347339,0.299574,0.268359,0.335722,0.254813,0.365260,0.295693,0.363586,0.247515,0.333872,0.329137,0.367326,0.342895,0.323050,0.378347,0.464149,0.250888,0.269620,0.230395,0.331323,0.409739,0.302309,0.288462,0.276417,0.234441,0.398541,0.226281,0.313673,0.304031,0.376954,0.275660,0.462387,0.310488,0.316357,0.336507,0.341209,0.395600,0.339503,0.245622,0.401408,0.350551,0.272285,0.166157,0.326958,0.247254,0.345004,0.369504,0.298380,0.292886,0.304687,0.313251,0.190955,0.350154,0.364746,0.343558,0.303521,0.326362,0.250606,0.434760,0.420909,0.263892,0.134880,0.291754,0.285217,0.356804,0.248444,0.328610,0.339468,0.248087,0.384309,0.339687,0.299931,0.353041,0.271537,0.392791,0.342352,0.195380,0.404659,0.288638,0.323988,0.324243,0.304647,0.267257,0.316238,0.289542,0.245984,0.300631,0.387797,0.267769,0.192844,0.258075,0.253464,0.355211,0.333671,0.343473,0.172763,0.288987,0.318631,0.345220,0.256079,0.147949,0.252633,0.432074,0.304891,0.376525,0.284154,0.275959,0.370659,0.194416,0.163162,0.323037,0.262549,0.242256,0.296876,0.204025,0.228777,0.262146,0.245665,0.367036,0.231089,0.233594,0.374020,0.308712,0.261775,0.304490,0.227010,0.265996,0.279115,0.154017,0.273768,0.240974,0.319026,0.362451,0.258857,0.369498,0.266913,0.240399,0.373611,0.290631,0.213787,0.363388,0.333347,0.287499,#
21,0.256605,0.313099,0.385092,0.300444,0.267133,0.204368,0.312858,0.275547,0.267469,0.154730,0.194630,0.349474,0.186165,0.241915,0.179320,0.202252,0.230336,0.280321,0.236518,0.225793,0.304154,1.000000,0.187284,0.272123,0.267301,0.235495,0.309521,0.366671,0.316595,0.322297,0.254731,0.290596,0.249502,0.290054,0.178074,0.305668,0.345760,0.318764,0.383002,0.220314,0.243498,0.335832,0.144033,0.349257,0.210466,0.279260,0.256626,0.329861,0.067602,0.271670,0.267735,0.237508,0.249106,0.263936,0.268454,0.289856,0.257798,0.286894,0.157348,0.210609,0.252117,0.143131,0.363682,0.258648,0.370880,0.319468,0.211078,0.267435,0.310528,0.404465,0.415861,0.228608,0.440852,0.310819,0.245833,0.198935,0.260181,0.241834,0.236235,0.230268,0.364778,0.294039,0.210775,0.113105,0.338131,0.134774,0.345395,0.178017,0.281657,0.357097,0.206834,0.209236,0.235978,0.231155,0.281739,0.266689,0.318374,0.287728,0.134707,0.275372,0.430380,0.238143,0.223058,0.272296,0.289616,0.319266,0.242433,0.260471,0.235938,0.262137,0.289174,0.268243,0.239315,0.294767,0.204693,0.348014,0.353445,0.174234,0.161844,0.314701,0.232963,0.355661,0.189696,0.354474,0.246191,0.206361,0.273598,0.267359,0.168007,0.179102,0.228416,0.249197,0.358313,0.214081,0.274099,0.239410,0.312347,0.221142,0.184858,0.339692,0.244991,0.330752,0.245357,0.220757,0.260636,0.312689,0.247543,0.308823,0.272320,0.211521,0.259402,0.235442,0.226593,0.279750,0.298868,0.262548,0.139007,0.221980,0.240920,0.200555,0.285876,0.329246,0.261407,0.236593,0.292704,0.112522,0.102896,0.287204,0.204208,0.354718,0.212073,0.183524,0.295379,0.198781,0.214422,0.372907,0.289201,0.260905,0.176069,0.254184,0.235546,0.288672,0.094994,0.283256,0.182731,0.203341,0.246608,0.287555,0.342365,0.277535,0.298143,0.149128,0.333409,0.167810,0.397289,0.287498,0.215273,0.291647,0.297290,0.225016,#
