0,1.000000,0.064173,0.144325,0.102225,0.168721,0.103755,0.125108,0.012261,0.141457,0.085107,0.200698,0.081733,0.113393,0.093546,0.195796,0.216263,0.226266,0.250952,0.223520,0.253367,0.144564,0.120583,0.234504,0.314591,0.093094,0.073050,0.122575,-0.001104,0.120342,0.205408,0.031272,0.238426,0.110393,0.177334,0.275917,0.104520,0.102257,0.052780,0.232243,0.166093,0.183953,0.101589,0.270908,0.015868,0.169092,0.092472,0.091409,0.258736,0.228514,0.299088,0.139464,0.153476,0.183696,0.187410,0.199616,0.198132,0.202948,0.154657,0.080154,0.062334,0.130358,0.213276,0.285195,0.022187,0.128767,0.033511,0.088879,0.189839,0.102018,0.119559,0.165682,0.121745,0.161892,0.251959,0.125096,-0.002991,0.287245,0.191326,0.156665,0.070423,0.047708,0.108513,0.149435,0.189235,0.213364,0.150475,0.296027,0.260583,0.246338,0.183503,0.115076,0.076694,0.200178,0.086821,0.185831,0.246986,0.227318,0.068128,0.151811,0.231578,0.196933,0.166180,0.070437,0.244772,0.166811,0.145997,0.203365,0.159999,0.188833,-0.054388,0.052090,0.189894,0.044694,0.232459,0.200138,0.152648,0.170984,0.101441,0.110379,0.159824,0.125135,0.205011,0.276147,0.153806,0.214771,0.212900,0.157851,0.006203,0.141933,0.212574,0.190017,0.098716,0.121286,0.131197,0.140011,0.203467,0.174616,0.109246,0.020381,0.171324,0.179480,0.084113,0.087200,0.086822,0.066781,-0.001332,0.169349,0.110226,0.217626,0.123354,0.067330,0.177623,0.184317,0.068816,0.158457,0.215556,0.203678,0.208812,0.208300,0.189776,0.174957,0.195289,0.096601,0.068299,0.135561,0.214468,0.097739,0.214137,0.243552,0.134562,0.132505,0.049187,0.161411,0.192905,0.023977,0.210893,0.281504,0.205919,0.175899,0.017132,0.159806,0.228102,0.129650,0.065689,0.117519,-0.047450,0.131856,0.289523,0.229202,0.009929,0.037594,0.152029,0.062593,0.219897,0.241960,0.206875,0.068279,0.200105,0.149629,0.196045,#
1,0.064173,1.000000,0.099942,0.107571,0.092506,0.104844,0.143137,0.170860,0.301410,0.140772,0.273361,0.208279,0.137718,0.101753,0.058183,0.009819,0.097147,0.128659,0.062793,0.210668,0.037454,0.217730,0.138293,0.029846,0.108314,0.081849,0.107202,0.241258,-0.025047,0.148052,0.132255,0.135504,0.021464,0.184030,-0.039576,0.133774,0.125998,0.053707,0.251227,0.118471,0.094102,0.038858,0.182745,0.087522,0.059158,0.082082,0.306389,0.108163,0.180185,0.037217,0.062621,0.129033,0.148475,0.172783,0.114470,0.101570,0.096874,-0.012249,-0.034196,0.030936,0.108853,0.121826,0.151698,0.016495,0.002504,0.237439,0.103180,0.175784,0.133067,0.272281,0.177162,0.164874,0.242449,0.031313,0.179494,0.120688,0.153792,0.084082,0.245063,0.037817,0.137480,0.065545,0.073131,0.118923,0.268344,-0.056646,0.177189,0.215553,0.178514,0.077741,0.068777,0.163430,0.024609,0.129378,0.137975,0.119535,0.021631,0.083948,0.082721,0.102259,0.199470,0.035713,0.082530,0.106630,0.075573,0.159180,0.143222,0.263849,0.121810,0.130672,0.105519,0.091308,0.029466,0.168197,0.138125,0.258236,0.131185,0.018923,0.047935,0.068697,0.018009,0.170667,0.154391,0.146417,0.160673,0.091889,0.150533,0.089906,0.163600,0.176523,0.008354,0.174457,0.075842,0.133411,0.220419,0.164492,0.138780,0.193210,0.186471,0.145886,0.206077,0.061709,0.158578,0.226528,0.224164,0.080648,0.041024,0.015245,0.092627,-0.033689,0.147947,0.148945,0.058128,-0.001518,0.236747,0.181833,0.108709,0.061454,-0.073810,-0.024769,0.108810,0.227551,0.172100,0.206119,0.111792,0.070623,0.064281,-0.012179,0.124242,0.195488,0.140433,0.209644,0.055469,0.079172,0.088958,0.201159,0.112545,0.202480,0.092994,0.038644,0.125865,0.049382,0.196232,0.039575,0.110069,0.140849,0.078631,0.022054,0.201436,0.208413,0.236090,0.179178,-0.055752,0.104182,0.193810,-0.001048,0.000620,0.210952,0.070981,0.265734,#
2,0.144325,0.099942,1.000000,0.151784,0.210806,0.110630,0.204090,0.119870,0.156141,0.152320,0.207804,0.180070,0.057009,0.315815,0.093604,0.202149,-0.031532,0.113193,0.117168,0.192877,0.241121,0.191039,0.030462,0.172698,0.135691,0.172311,0.242113,0.153918,0.091498,0.174977,0.067382,0.049933,0.125935,0.081741,0.134177,0.053149,0.125539,0.029170,0.186174,0.055344,0.152071,0.101844,0.306702,0.091423,0.136929,0.091497,0.197465,0.081327,0.072679,0.118672,0.153430,0.260288,0.195033,0.123044,0.069622,0.113656,0.180621,0.001682,0.205230,0.184410,0.346379,0.121921,0.040374,0.162157,0.165386,0.178639,0.061875,0.186080,0.162631,0.173140,0.148428,0.213799,0.000216,0.213429,0.205226,0.065243,0.135075,0.138047,0.138853,0.071605,0.193081,0.055763,0.162995,0.048534,0.222350,0.126074,0.186532,0.263229,0.105270,0.073916,0.129224,0.181406,0.272592,0.209287,0.126157,0.203347,0.184661,0.061905,0.253091,0.115591,0.174180,0.121770,0.041603,0.232490,0.043745,0.135425,0.191832,0.229388,0.109201,0.078545,0.191919,0.140980,0.233445,0.090259,0.097684,0.203278,0.198299,0.161701,-0.053122,0.127664,0.099153,0.046125,0.056032,0.181483,0.156724,0.006135,0.208864,0.081953,0.182985,0.167342,0.097416,0.182478,0.185044,0.205049,0.231383,0.106682,0.196558,0.143855,0.204461,0.071623,0.049308,0.210349,0.105469,0.036155,0.259646,0.133790,-0.064682,0.097243,0.172726,0.108264,0.161050,0.149022,0.220235,0.247350,0.064614,0.080043,0.135211,-0.008300,0.166422,0.124695,0.048055,0.190981,0.154775,0.166375,0.115062,0.175319,0.086805,0.000965,0.111201,0.160718,0.089060,0.266398,0.178525,0.065327,0.154506,0.173467,0.201694,0.155458,0.055191,0.046476,0.105756,0.298396,-0.002423,0.289228,0.070221,0.154095,0.109725,0.055485,0.175760,0.058574,0.096705,0.181449,0.271260,0.171370,0.175716,0.087099,-0.020514,0.131203,0.187511,0.299753,#
3,0.102225,0.107571,0.151784,1.000000,0.204188,0.127976,0.264105,0.119238,0.328614,0.174184,0.281485,0.186904,0.118239,0.147082,0.169206,0.101713,0.059836,0.178504,0.291305,0.259256,0.179773,0.194190,0.193330,0.260833,0.158384,0.222966,0.252523,0.220095,0.151937,0.264797,0.157272,0.231566,0.316400,0.239235,0.104578,0.158463,0.169805,0.218147,0.317594,0.196763,0.143380,0.299901,0.293094,0.323233,0.120353,0.174821,0.148512,0.199904,0.064791,0.126904,0.184845,0.203503,0.271700,0.019867,0.066669,0.284036,0.221836,0.120240,0.168929,0.217291,0.158527,0.125406,0.151589,0.107131,0.345549,0.107727,0.048363,0.119874,0.000594,0.246319,0.136144,0.193365,0.239297,0.095182,0.135963,0.182939,0.173891,0.181419,0.169424,0.080810,0.267716,0.181145,0.207502,0.107210,0.295370,0.136715,0.188857,0.187041,0.233122,0.174055,0.308267,0.255101,0.180885,0.209985,0.170225,0.229062,0.121183,0.061227,0.249722,0.176012,0.207300,0.125899,0.095064,0.097404,0.368386,0.054068,0.179172,0.247814,0.099946,0.128740,0.177382,0.037802,0.155206,0.139000,0.097295,0.143639,0.160416,0.144750,0.143776,0.140065,0.172486,0.217589,0.180971,0.175638,0.107687,0.176448,0.196105,0.292454,0.075622,0.177135,0.262246,0.232094,0.170603,0.230193,0.175368,0.199916,0.064492,0.113875,0.168855,0.171236,0.092780,0.297294,0.282515,0.077384,0.097650,0.219091,0.185114,0.320466,0.159406,0.193032,0.119112,0.094728,0.101321,0.262016,0.218298,0.099164,0.116652,0.106567,0.258423,0.182005,0.182559,0.192507,0.144546,0.228958,0.166186,0.156336,0.197468,0.097341,0.160359,0.159533,0.218824,0.070097,0.098193,0.031530,-0.010220,0.216805,0.256871,0.231212,0.123941,0.131122,0.066174,0.336254,0.198385,0.081608,0.075385,0.087121,0.162915,0.151773,0.118979,0.249243,0.225952,0.145501,0.248750,0.164667,0.238256,0.232143,0.214514,0.198183,0.139179,0.219278,#
4,0.168721,0.092506,0.210806,0.204188,1.000000,0.245740,0.078693,0.208906,0.281329,0.206321,0.066001,0.152816,0.224779,0.156054,0.150685,0.130507,0.126464,0.166733,0.221951,0.404720,0.357828,0.156112,0.226061,0.295836,0.097081,0.255218,0.180046,0.059577,0.193506,0.122721,0.155743,0.201999,0.238522,0.182372,0.128003,0.217431,0.304770,0.066854,0.238576,0.171219,0.178835,0.253355,0.212570,0.190546,0.272252,0.172916,0.318314,0.219217,0.145407,0.119923,0.109812,0.160531,0.229933,0.199489,0.264453,0.278581,0.215811,0.133914,0.226374,0.149706,0.176333,0.242671,0.158360,-0.017565,0.212494,0.091560,0.081923,0.208810,0.057522,0.176071,0.203159,0.189360,0.248112,0.207064,0.164293,0.014033,0.141984,0.245719,0.250571,0.198573,0.220459,0.235034,0.122505,0.063630,0.343320,0.141120,0.199542,0.170617,0.197900,0.161941,0.290580,0.184326,0.179189,0.103008,0.199194,0.277785,0.160423,0.169187,0.119139,0.189199,0.147155,0.089567,0.190869,0.200596,0.140940,0.137994,0.141358,0.236658,0.150534,0.248578,0.233051,0.197328,0.235649,0.302764,0.199923,0.078431,0.235926,0.124376,0.029558,0.132292,0.090179,0.205315,0.223149,0.070205,0.247375,0.077286,0.213653,0.184811,0.307347,0.160328,0.259833,0.075091,0.170429,0.260182,0.300168,0.192739,0.103020,0.112340,0.211408,0.124939,0.200554,0.095368,0.263010,0.061053,0.178672,0.202284,0.189258,0.216879,0.151854,0.163340,0.127077,0.214764,0.191522,0.316599,0.260468,0.170989,0.317049,0.143812,0.063944,0.197987,0.191360,0.154263,0.121547,0.062095,-0.051366,0.221557,0.002205,0.088738,0.097105,0.211533,0.065376,0.146036,0.340569,0.186256,0.164945,0.231784,0.284448,0.271631,0.184087,0.143393,0.028579,0.099047,0.202116,0.109831,0.208904,0.165570,0.013845,0.250660,0.203888,0.306398,0.092624,0.122394,0.095772,0.157247,0.226967,0.261524,0.162016,0.148399,0.244414,0.331566,#
5,0.103755,0.104844,0.110630,0.127976,0.245740,1.000000,0.058002,0.201692,0.246331,0.157550,0.256544,0.110318,0.144658,0.047189,0.208242,0.152255,0.082491,0.141504,-0.016577,0.291905,0.140224,0.027663,0.139202,0.197820,0.154911,0.147574,0.237528,0.187307,0.175806,0.155800,0.215367,0.228488,0.239772,0.177078,0.083876,0.172986,0.184473,0.030258,0.198760,0.062398,0.269237,0.139880,0.121181,0.216188,0.113533,0.209215,0.249381,0.061173,0.227743,0.054304,0.118015,0.162060,0.092737,0.150028,0.002917,0.310179,0.153894,-0.026207,0.309237,0.127933,0.113000,0.240087,0.179936,0.099404,0.231924,0.137305,0.071721,0.142550,0.123911,0.027400,0.163037,0.152984,0.205725,0.165965,0.052794,0.126209,0.232089,0.165218,0.188826,0.144891,0.255159,0.109555,0.206252,0.053293,0.103746,0.141548,0.226813,0.192358,0.176382,-0.003829,0.077999,0.192686,0.316040,0.286525,0.130919,0.185186,0.070528,0.124387,0.269492,0.140531,0.127379,0.159506,0.048090,0.177783,0.139659,0.171969,0.128393,0.223676,0.058656,0.126723,0.114374,0.230344,0.107632,0.098270,0.143707,0.053532,0.139739,0.079750,0.006523,0.133840,0.052294,0.221895,0.108265,0.171252,-0.007440,0.046080,0.143367,0.048402,0.174839,0.190874,0.301832,0.172209,0.230022,0.233069,0.261582,0.252395,0.153112,0.147778,0.097754,0.039292,0.189703,0.062599,0.184955,0.225225,0.234236,0.128368,0.107839,0.098244,0.106246,0.118561,0.192565,0.046687,0.135398,0.177678,0.171832,0.108507,0.265553,0.107786,0.161752,0.062166,0.197522,0.134211,0.168034,0.130711,0.122716,0.131081,-0.056009,0.178055,0.234926,0.227359,0.248392,0.186052,0.104120,0.113970,0.104988,0.138996,0.175289,0.189359,0.221178,0.090837,0.214359,0.070328,0.349619,0.127628,0.114442,0.196372,0.185939,0.088255,0.010692,0.141811,0.048131,0.182578,0.067993,0.133984,0.095422,0.057308,0.032734,0.206756,0.113353,0.276937,#
6,0.125108,0.143137,0.204090,0.264105,0.078693,0.058002,1.000000,0.097768,0.210150,0.059559,0.158715,0.087842,0.171832,0.249537,0.046288,0.082544,0.121452,0.163008,0.160417,0.101781,0.259328,0.147642,-0.015913,0.086616,0.067978,0.122658,0.107379,0.145174,0.105604,0.247391,0.079189,0.155135,0.079629,0.202585,0.141327,0.122959,0.025850,0.085543,0.133466,0.198918,0.032490,0.111240,0.175140,0.156716,0.215842,0.089014,0.140545,-0.007338,0.214045,0.107961,0.100054,0.200031,0.235471,0.081750,0.096117,0.141110,0.118721,0.119935,0.219400,0.202233,0.153989,0.085228,0.106476,0.072439,0.264541,0.197060,0.178032,0.174922,0.097132,0.105305,0.116506,0.133672,0.069716,0.241147,0.182273,0.158055,0.160525,0.135087,0.193789,0.040323,0.120321,0.114788,0.224021,0.073220,0.085318,0.174726,0.160518,0.138038,0.139928,0.118282,0.105454,0.139458,0.042804,0.056169,0.112828,0.119494,0.199975,0.138594,0.188133,0.241861,0.136583,0.171126,0.146755,0.052769,-0.021694,0.078437,0.101260,0.046981,0.108758,0.080358,0.044048,0.084044,0.030452,-0.016178,0.215163,0.114968,0.318457,0.083804,0.157018,0.160589,0.182888,0.181095,0.036054,0.197371,0.189804,0.193638,0.066495,0.159509,-0.021426,0.136535,0.105950,0.094495,0.121830,0.059950,0.152340,0.211780,0.101428,0.105533,0.243922,0.184202,0.124572,0.194293,0.056676,0.079038,0.038964,0.153661,0.089319,0.059573,0.103648,-0.067506,0.253751,0.124036,0.127342,0.067063,0.158465,0.118228,0.087233,0.206501,0.199529,0.021969,0.093211,0.188312,0.222538,0.210602,0.122808,0.197133,0.117013,0.082832,0.157198,0.078122,0.150379,0.101484,0.078375,0.003065,0.108060,0.154376,0.135195,0.173123,0.239890,-0.035939,0.096329,0.100751,0.232742,0.204535,0.148290,0.143087,0.037264,0.181458,-0.000883,0.166585,0.032103,0.115942,0.095824,0.245042,0.131653,0.062318,0.137441,0.176884,0.107550,0.233297,#
7,0.012261,0.170860,0.119870,0.119238,0.208906,0.201692,0.097768,1.000000,0.343615,0.213211,0.231644,0.268140,0.100435,0.188110,0.308671,0.109555,0.213748,0.276243,0.176530,0.234510,0.205447,0.231443,0.265135,0.197507,0.223514,0.180531,0.193037,0.292031,0.110078,0.205644,0.041183,0.119175,0.167683,0.169650,0.067605,0.124041,0.111686,-0.006326,0.289065,0.119466,0.211234,0.128708,0.172555,0.255732,0.311365,0.286306,0.205426,0.210128,0.126413,0.090179,0.153732,0.127303,0.084839,0.229192,0.117346,0.116677,0.171840,0.270091,0.182252,0.082731,0.161694,0.221202,0.171506,0.039058,0.261919,0.207927,0.149294,0.153783,0.177826,0.329581,0.178056,0.023132,0.297514,0.196242,0.191183,0.105113,0.092297,0.184755,0.237329,0.265089,0.234803,0.183211,0.227954,0.090592,0.182754,0.121272,0.264719,0.111943,0.215356,0.229659,0.084195,0.196451,0.247015,0.208686,0.149423,0.052480,0.120580,0.254355,0.144284,0.217017,0.213858,0.089464,0.126752,0.204718,0.060208,0.215499,0.235408,0.205111,0.093744,0.162558,0.169698,0.125492,0.135318,0.189290,0.364610,0.162944,0.104488,-0.002386,0.019985,0.333860,0.150798,0.240030,0.090913,0.259209,0.238958,0.108035,0.243638,0.252227,0.157005,0.093600,0.146553,0.104539,0.234633,0.101563,0.356422,0.290604,0.041308,0.237152,0.140392,0.164971,0.249089,0.142860,0.173894,0.057718,0.195661,0.188416,0.206769,0.079637,0.173070,0.155079,0.185493,0.191102,0.172367,0.217265,0.109335,0.305871,0.199930,0.202156,0.214873,0.158716,0.166030,0.063108,0.323653,0.045077,0.058372,0.274300,0.192984,0.098017,0.114408,0.120026,0.226287,0.257978,0.213214,0.101711,0.172225,0.201675,0.142510,0.198124,0.053108,0.187481,0.296138,0.142214,0.194256,0.174430,-0.016876,0.180617,0.037656,0.048509,0.173338,0.299183,0.251228,0.143941,0.110992,0.104710,0.171398,0.144426,0.109342,0.199791,0.168515,0.211236,#
8,0.141457,0.301410,0.156141,0.328614,0.281329,0.246331,0.210150,0.343615,1.000000,0.289260,0.266432,0.201769,0.200854,0.202455,0.277241,0.160127,0.042290,0.214649,0.165739,0.250919,0.133739,0.244535,0.227819,0.273361,0.016672,0.247236,0.173531,0.325180,0.103987,0.269811,0.032264,0.212637,0.154039,0.160703,0.098438,0.156966,0.227874,0.051587,0.189016,0.152404,0.212550,0.252031,0.258184,0.213149,0.215673,0.145481,0.114535,0.151340,0.246231,0.195154,0.192986,0.342891,0.120838,0.300258,0.126196,0.344678,0.189996,0.272317,0.103339,0.240808,0.258751,0.229556,0.291954,-0.043944,0.199494,0.323007,0.155431,0.199709,0.283370,0.286172,0.197469,0.144887,0.260099,0.210039,0.160188,0.175818,0.162583,0.236950,0.247409,0.164782,0.238890,0.237749,0.167445,0.124738,0.313696,0.184452,0.213368,0.187877,0.136787,0.249027,0.182379,0.258935,0.226714,0.133748,0.388851,0.250729,0.171614,0.148216,0.285389,0.169384,0.188139,0.154352,0.141888,0.276290,0.240013,0.146349,0.236628,0.282837,0.074951,0.204613,0.188937,0.153326,0.132291,0.228383,0.311148,0.253268,0.152775,0.118120,0.089352,0.312456,0.210443,0.191725,0.273012,0.196594,0.150836,0.260881,0.187907,0.239000,0.115869,0.256715,0.177267,0.034437,0.280507,0.322811,0.384221,0.256132,0.113235,0.191649,0.166418,0.198312,0.193050,0.251340,0.308106,0.099000,0.137417,0.150578,0.288676,0.171907,0.166122,0.128276,0.257402,0.104078,0.180909,0.309110,0.335326,0.330650,0.246954,0.272398,0.186894,0.237489,0.143581,0.148884,0.202515,0.262596,0.181526,0.200968,0.190935,0.027551,0.244776,0.263712,0.226681,0.248873,0.152363,0.099907,0.252037,0.198616,0.133305,0.268967,0.269200,0.100315,0.231486,0.217997,0.114990,0.230713,0.149937,0.235305,0.080774,0.138212,0.211375,0.284092,0.238184,0.130845,0.239005,0.144821,0.282076,0.158133,0.153650,0.157680,0.130968,0.251164,#
9,0.085107,0.140772,0.152320,0.174184,0.206321,0.157550,0.059559,0.213211,0.289260,1.000000,0.272543,0.056994,0.131520,0.226400,0.230428,0.172526,0.071081,0.108926,0.119085,0.330056,0.223292,0.154880,0.195955,0.224604,0.043651,0.075015,0.263839,0.260092,0.112207,0.227611,0.182591,0.125875,0.127327,0.282195,0.298233,0.169647,0.053346,0.120093,0.218260,0.032880,0.322680,0.161521,0.198121,0.042517,0.227898,0.110834,0.162062,0.126133,0.083836,0.096097,0.037383,0.230216,0.044701,0.119816,0.124125,0.269315,0.142289,0.223043,0.224716,0.114675,0.232921,0.144699,0.260074,0.110544,0.266645,0.300776,0.104062,0.173040,0.185727,0.090586,0.312070,0.176411,0.119875,0.179413,0.203927,0.118714,0.032623,0.164975,0.268668,0.231190,0.097429,0.203713,0.075844,0.088762,0.342820,0.123281,0.150960,0.246572,0.022574,-0.054875,0.137288,0.221486,0.263489,0.059269,0.198355,0.165769,0.160673,0.309214,0.272767,0.036783,0.126592,0.187024,0.283405,0.140939,0.330444,0.207934,0.184102,0.053261,0.289190,0.148333,0.136134,0.187166,0.254832,0.285508,0.127097,0.184973,0.065164,0.095238,0.107842,0.106265,0.222694,0.235712,0.166030,0.228183,0.119490,0.125717,0.057561,0.158585,0.265390,0.222823,0.194790,0.094269,0.143544,0.306090,0.257057,0.218927,0.150928,0.212722,0.159740,0.051925,0.001607,0.274208,0.253778,0.133655,0.113528,0.205696,0.216135,0.184549,0.093081,0.279767,0.101357,-0.019444,0.294410,0.264242,0.224744,0.270376,0.186732,0.254525,0.283054,0.153374,0.177296,0.167396,0.144118,0.326150,0.158961,0.149503,0.123437,0.098952,0.359676,0.124088,0.259986,0.307640,0.113194,0.191297,0.159191,0.311206,0.138456,0.177393,0.171733,0.152977,0.110983,0.104917,0.211840,0.193214,0.107369,0.253576,0.008788,0.114892,0.366515,0.129598,0.187061,0.207320,0.108597,0.158168,0.125078,0.164542,0.112069,0.105328,0.132196,0.183146,#
10,0.200698,0.273361,0.207804,0.281485,0.066001,0.256544,0.158715,0.231644,0.266432,0.272543,1.000000,0.158369,-0.034857,0.183834,0.135626,0.174195,0.105859,0.151980,0.151271,0.231584,0.110323,0.119814,0.059689,0.204580,0.034867,0.061517,0.158989,0.347318,0.084065,0.278673,0.173587,0.206853,0.184273,0.216226,0.195917,0.126002,0.119441,0.135420,0.293386,0.098107,0.291998,0.132257,0.108752,0.077037,0.144449,0.224501,0.239494,0.196250,0.260968,0.262123,0.023390,0.223066,0.181535,0.142659,0.033556,0.256389,0.135517,0.083741,0.101054,0.174421,0.093832,0.196532,0.252885,0.264176,0.338186,0.212937,0.139403,0.071305,0.106365,0.185633,0.144196,0.249593,0.237597,0.185741,0.099898,0.181681,0.154159,0.160887,0.153082,0.113312,0.297854,0.124778,0.254810,0.147255,0.285325,0.049944,0.226447,0.287521,0.129371,0.191477,0.106043,0.286070,0.234974,0.219020,0.207410,0.274856,0.093050,0.089173,0.312693,0.221397,0.141036,0.133194,0.183524,0.131328,0.321358,-0.002740,0.140486,0.261833,0.147624,0.121113,0.034345,0.177425,0.096020,0.169337,0.259138,0.315855,0.159859,0.055101,0.148805,0.193351,0.159629,0.342243,0.035721,0.162146,0.019240,0.167727,0.230422,0.233951,0.181712,0.135207,0.159292,0.104155,0.106210,0.178636,0.262374,0.166234,0.077464,0.284073,0.124625,0.048044,0.256204,0.049817,0.196601,0.128220,0.084929,0.077072,0.053620,0.064086,0.129511,0.136445,0.221900,0.187623,0.299891,0.184488,0.187536,0.174323,0.291781,0.046314,0.271996,0.143328,0.255894,0.106426,0.302246,0.209434,0.138692,0.164197,0.251019,0.168046,0.287927,0.247973,0.233528,0.179789,0.051511,0.144795,0.127487,0.137349,0.203663,0.285472,0.050660,0.169267,0.134816,0.126229,0.281120,0.103141,0.122461,0.159188,0.038429,0.018190,0.132627,0.266040,0.249077,0.125686,0.144894,0.102668,0.283580,0.115364,0.019690,0.221568,0.199148,0.303627,#
11,0.081733,0.208279,0.180070,0.186904,0.152816,0.110318,0.087842,0.268140,0.201769,0.056994,0.158369,1.000000,0.139515,0.079765,0.010875,0.030177,0.055260,0.261290,0.191645,0.035105,0.108143,0.166962,0.059818,0.049993,0.134259,0.208680,-0.009912,0.239487,-0.013844,0.194980,0.155065,0.104677,0.103746,0.142254,0.116175,0.116579,0.221334,0.004602,0.141892,0.234930,0.055564,0.201152,0.243008,0.220583,0.116382,0.227225,0.236079,0.071184,0.143083,0.137719,0.114199,0.152550,0.167131,0.248233,0.033128,0.010935,0.062896,0.252995,0.138260,0.034804,0.044546,0.095854,0.279987,0.019199,0.149927,0.207451,0.125715,0.230103,0.151882,0.223302,0.121275,0.075136,0.187922,0.075888,0.038859,0.056543,0.090546,0.104190,0.101245,0.045997,0.183448,0.128211,0.153569,0.064582,0.168883,-0.026965,0.121832,0.106175,0.188558,0.013007,0.074281,0.306476,0.248819,0.268845,0.132268,0.260740,0.063538,0.117185,0.119809,0.158498,0.084946,0.143000,0.023977,0.205588,0.131142,0.252522,0.157560,0.259847,0.190699,0.151568,0.243941,0.141564,0.157343,0.142023,-0.031281,0.262920,0.070827,0.203581,-0.042096,0.192813,0.001672,0.161155,0.159700,0.106313,0.126834,0.081707,0.110624,0.143136,0.229463,0.140530,0.088348,0.193345,0.242878,0.244444,0.154524,0.103884,-0.045052,0.231837,0.053528,0.200243,0.159433,0.039945,0.157526,0.145155,0.231942,0.036736,0.187076,0.073302,0.050135,0.083006,0.129195,0.189784,0.123524,0.206701,0.225270,0.154935,0.121091,0.042773,0.177141,0.078487,0.063020,0.199473,0.107613,0.036338,0.148592,0.007896,0.236545,0.076254,0.192509,0.215718,0.147839,0.080770,0.023268,0.043701,0.057005,0.158892,0.059073,0.152240,0.037108,0.156851,0.211034,0.079633,0.143236,0.043725,0.088992,0.061670,-0.017451,0.186345,0.137614,0.238069,0.192237,0.067501,0.239790,0.220527,0.274898,0.130636,0.128257,0.163719,0.069609,0.164563,#
12,0.113393,0.137718,0.057009,0.118239,0.224779,0.144658,0.171832,0.100435,0.200854,0.131520,-0.034857,0.139515,1.000000,0.113431,0.218212,0.026887,0.306291,0.190803,0.198479,0.271472,0.168310,0.145411,0.200584,0.213552,0.003857,0.122376,0.110937,0.166684,0.160639,0.130578,0.012423,0.207452,0.176840,0.156189,0.163578,0.209614,0.161454,0.032553,0.132831,0.178020,0.050614,0.033619,0.160322,0.346565,0.198648,0.159324,0.214926,-0.033957,0.153515,0.077506,0.236419,0.139742,0.166573,0.166638,0.192272,0.122947,0.065619,0.175872,0.115759,-0.009216,0.017972,0.250715,0.029281,0.108309,0.263445,0.183111,0.097373,0.128928,0.149376,0.123409,0.136160,0.132097,0.174801,0.108484,0.254322,0.184776,0.182481,0.044017,0.145611,0.057713,0.135127,0.167555,0.072431,0.096178,0.081082,0.137168,0.135285,0.240809,0.267873,0.068997,0.125437,0.149287,0.044621,0.100086,0.172856,0.232805,0.326183,0.225512,0.110787,0.044803,0.104806,0.200093,0.129237,0.172285,0.178847,0.050821,0.155537,0.051125,0.047978,0.080462,0.269567,0.028667,0.114645,0.189239,0.212485,0.030282,0.234120,0.031867,0.133406,0.016654,0.146419,0.154148,0.267234,0.224932,0.205265,0.064597,0.102737,-0.004980,0.039588,0.097089,0.140887,0.074263,0.091142,0.141529,0.150787,0.076133,0.175018,0.174483,0.213964,0.064145,0.176184,0.175976,0.187786,0.052643,0.090615,0.152583,0.076306,0.134262,0.052347,0.188454,0.068510,0.253869,0.151532,0.128257,0.078701,0.251771,0.126812,0.031194,0.143140,0.123756,0.112158,0.281967,0.213941,0.191421,0.220938,0.077297,0.242673,0.127017,0.052458,0.106562,0.209385,0.144864,0.070444,0.157838,0.123550,0.101850,0.198947,0.271278,0.189349,0.075322,0.137335,0.159685,0.212053,0.107892,0.008850,0.149928,0.115107,0.296670,0.128881,0.054820,0.116161,0.003602,0.090288,0.169393,0.096921,0.128127,0.130709,0.210731,0.165963,0.065508,#
13,0.093546,0.101753,0.315815,0.147082,0.156054,0.047189,0.249537,0.188110,0.202455,0.226400,0.183834,0.079765,0.113431,1.000000,0.231313,0.106582,0.230295,0.146607,0.285865,0.270400,0.254801,0.219213,0.167331,0.221569,0.018735,0.249147,0.251995,0.285588,0.212390,0.244686,0.119054,0.220007,0.274487,0.236645,0.230471,0.121610,0.114800,0.114063,0.182789,0.201428,0.188965,0.229947,0.272082,0.141996,0.300617,0.200450,0.184566,0.203040,0.250723,0.154598,0.102472,0.284159,0.188380,0.240315,0.169974,0.210290,0.082489,0.172131,0.140735,0.183058,0.207372,0.232970,0.189174,0.158854,0.251638,0.176681,0.285515,0.212647,0.284202,0.176544,0.114160,0.157930,0.027877,0.197036,0.292876,0.198339,0.223982,0.226477,0.286222,0.183104,0.187385,0.225327,0.243003,0.240708,0.242973,0.131858,0.183693,0.186318,0.276899,0.145977,0.181566,0.154569,0.260767,0.245673,0.188723,0.083505,0.228062,0.144348,0.215705,0.362613,0.205457,0.242074,0.140073,0.369408,0.169743,0.252853,0.153581,0.219619,0.238378,0.179117,0.153967,0.179147,0.337690,0.232762,0.297912,0.234790,0.255787,0.244054,0.090818,0.278172,0.222606,0.260381,0.130001,0.131715,0.236250,-0.014977,0.125248,-0.013792,0.206451,0.176668,0.114013,0.198414,0.109909,0.142199,0.359424,0.161760,0.124430,0.162687,0.305271,0.187629,-0.052239,0.200205,0.386082,0.178034,0.108987,0.262964,0.215437,0.207570,0.127117,0.150581,0.146786,0.211348,0.185958,0.313415,0.208127,0.329829,0.079553,0.199231,0.249183,0.207886,0.150858,0.253227,0.203614,0.294464,0.132848,0.179881,0.191199,0.104698,0.237090,0.113067,0.188135,0.296648,0.174088,0.116677,0.196697,0.246072,0.166430,0.315013,0.236078,0.071748,0.158742,0.259822,0.225254,0.245737,0.204268,0.212632,0.183290,0.210713,0.017037,0.169181,0.251501,0.214889,0.232782,0.248320,0.239648,0.140454,0.125048,0.138742,0.219118,0.222131,#
14,0.195796,0.058183,0.093604,0.169206,0.150685,0.208242,0.046288,0.308671,0.277241,0.230428,0.135626,0.010875,0.218212,0.231313,1.000000,0.273956,0.182642,0.144580,0.236933,0.313221,0.248223,0.125075,0.162381,0.299904,0.075905,0.020414,0.249184,0.260140,0.247572,0.210484,0.069555,0.250760,0.143298,0.136556,0.195638,0.129812,0.151441,0.157232,0.181881,0.180222,0.155265,0.049799,0.297107,0.151828,0.272261,0.264845,0.113467,0.092105,0.037225,0.157397,0.157126,0.100219,0.173094,0.260851,0.213620,0.195448,0.176144,0.104084,0.153737,0.117729,0.250070,0.281814,0.196430,0.149132,0.130126,0.102986,0.136271,0.188504,0.147829,0.255633,0.213317,0.078216,0.159663,0.190245,0.279982,0.149528,0.313805,0.191119,0.129521,0.094700,0.254588,0.250913,0.215224,0.265880,0.126789,0.188197,0.165993,0.228505,0.227669,0.079836,0.149528,0.159475,0.234145,0.251849,0.201070,0.215250,0.377052,0.175941,0.190654,0.082563,0.189789,0.214820,0.225026,0.238988,0.219479,0.110154,0.193948,0.159752,-0.006478,0.147379,0.081422,0.034785,0.195216,0.198286,0.246925,0.159834,0.251708,0.094551,0.124196,0.176845,0.285746,0.253808,0.117275,0.202337,0.273872,0.013535,0.146449,0.208655,0.125994,0.309732,0.140346,0.167373,0.149624,0.195260,0.212091,0.155543,0.048078,0.175030,0.122396,0.159084,0.138730,0.201471,0.197650,0.173860,0.125231,0.352502,0.196568,0.138560,0.074265,0.115707,0.239983,0.136513,0.064567,0.184752,0.265529,0.274952,0.277594,0.204990,0.117236,0.159380,0.065321,0.149192,0.212566,0.190090,0.181947,0.131765,0.152061,0.053861,0.163651,0.305675,0.235232,0.227288,0.199039,0.158772,0.129891,0.207607,0.203519,0.257366,0.264509,0.061025,0.232168,0.273416,0.221268,0.078483,0.123365,0.099718,0.110229,0.019887,0.073479,0.246161,0.029766,0.153347,0.236070,0.261478,0.174458,0.110416,0.082915,0.102575,0.183313,0.077945,#
15,0.216263,0.009819,0.202149,0.101713,0.130507,0.152255,0.082544,0.109555,0.160127,0.172526,0.174195,0.030177,0.026887,0.106582,0.273956,1.000000,0.166023,0.220659,0.142215,0.182269,0.113489,0.124847,0.147278,0.292829,0.069295,0.202769,0.142078,0.140054,0.154406,0.263407,0.055615,0.167551,0.084539,0.200381,0.105890,0.143235,0.121061,0.024456,0.220193,0.052688,0.105699,0.133500,0.205127,0.136924,0.248303,0.130933,0.059892,0.169960,0.080545,0.228431,-0.069947,0.261739,0.112960,0.121854,0.142529,0.095409,0.174102,0.030437,0.133940,0.156281,0.199700,0.099890,0.200218,0.105450,0.126836,0.167844,0.065796,0.131235,0.058828,-0.022451,0.217820,0.033966,0.002104,0.133325,0.112502,0.112426,0.083811,0.186698,0.069244,0.126601,0.318271,0.097659,-0.034129,0.254512,0.222104,0.149131,0.081745,0.288797,0.137031,0.095893,0.094727,0.101302,0.147995,0.142493,0.050897,0.099601,0.223218,0.060416,0.098423,0.094740,0.200123,0.067339,0.110104,0.179784,0.024903,0.128408,0.205918,0.128980,0.012487,0.230763,-0.041276,0.184419,0.099935,0.108362,0.020323,0.149060,0.076931,0.006678,0.035899,0.080831,0.182859,0.139130,0.084729,0.138702,0.036867,0.030752,0.197850,0.152767,0.089499,0.274580,0.005289,0.045812,0.078210,0.082416,0.163181,0.103417,-0.037722,-0.030464,0.085965,0.047646,-0.012694,0.106979,0.119232,0.013155,0.166879,0.094255,0.060641,0.153580,0.236883,0.021071,0.143852,-0.023696,0.188477,0.251200,0.031762,0.198654,0.195078,0.142180,0.092032,0.169896,0.071029,0.103357,0.273244,-0.006298,0.141160,0.204711,0.173451,0.211356,0.198919,0.006889,-0.032400,0.191486,0.002198,0.029418,0.095633,0.141422,0.237525,0.136682,0.063852,0.156274,0.193992,0.115991,0.125882,0.213535,0.065773,0.097090,-0.066976,0.155061,-0.028060,0.133127,-0.006994,0.144621,0.140652,0.086049,0.074825,0.095169,0.140483,0.202696,0.131697,0.063387,#
16,0.226266,0.097147,-0.031532,0.059836,0.126464,0.082491,0.121452,0.213748,0.042290,0.071081,0.105859,0.055260,0.306291,0.230295,0.182642,0.166023,1.000000,0.150406,0.108226,0.347438,0.269064,0.196566,0.089650,0.116616,-0.017070,0.221485,0.188395,-0.019752,0.068945,0.252657,0.009988,0.267537,0.116991,0.320020,0.143498,0.150336,0.166574,-0.002855,0.243684,0.116077,0.049529,0.095641,0.201186,0.171924,0.179371,0.250622,0.056766,0.069583,0.141170,0.104449,0.051206,0.123651,0.251324,0.283055,0.169567,0.092863,0.031554,0.099863,0.164422,-0.008910,0.033437,0.314353,0.211419,0.104732,0.203195,0.115521,0.035409,0.292036,0.185710,0.197986,-0.003607,0.134399,0.244117,0.084997,0.105338,0.131768,0.124322,0.272783,0.183463,0.161015,0.094437,0.117824,0.089984,0.210361,0.176398,0.145235,0.246971,0.138147,0.220503,0.098841,0.111546,0.192513,0.132553,0.066203,0.152578,0.136556,0.238553,0.104546,0.128947,0.193925,0.028378,0.036802,-0.000605,0.136404,0.082377,0.185567,0.158432,0.084038,0.044307,0.126884,0.201568,0.168879,0.198998,0.110256,0.267222,0.278669,0.199516,0.095890,0.062759,0.211476,0.220502,0.270782,0.173977,0.217747,0.281672,0.064144,0.158273,0.023130,0.076096,0.148401,0.115272,0.007200,0.261365,-0.095700,0.260299,0.221887,0.004151,0.135103,0.114130,0.195401,0.053545,0.111206,0.145047,0.111015,0.166576,0.064984,0.117982,0.103501,0.226141,0.223254,-0.025313,0.240559,0.059543,0.123106,0.207060,0.225325,0.134557,0.164902,0.136884,0.185306,0.071607,0.231644,0.252562,0.186456,0.111151,0.159567,0.153727,0.164260,0.094408,0.039184,0.120181,0.209006,0.066523,0.040241,0.104708,0.117211,0.073234,0.159138,0.238065,0.016687,0.062360,0.150809,0.191950,-0.043924,0.113357,0.197241,0.165566,0.229214,0.119340,0.138843,0.250927,-0.068982,-0.008937,0.132215,0.139692,0.171523,0.036198,0.101300,0.049109,0.124220,#
17,0.250952,0.128659,0.113193,0.178504,0.166733,0.141504,0.163008,0.276243,0.214649,0.108926,0.151980,0.261290,0.190803,0.146607,0.144580,0.220659,0.150406,1.000000,0.127984,0.244079,0.278499,0.116759,0.134348,0.270198,0.134753,0.193029,0.182779,0.107008,0.064718,0.202795,0.141788,0.109609,0.174486,0.145731,0.157094,0.260977,0.017003,0.088312,0.324399,0.150319,0.257953,0.213037,0.206611,0.207613,0.168429,0.197526,0.185592,0.174078,0.150201,0.168122,0.165622,0.170283,0.146804,0.136961,0.151842,0.221517,0.257433,0.118633,0.177585,0.030302,0.178651,0.250363,0.108109,0.068986,0.184216,0.268511,0.175719,0.295132,0.123434,0.172886,0.107162,0.214833,0.105622,0.076149,0.097104,0.203081,0.090567,0.143540,0.134963,0.207515,0.181715,0.151941,0.290033,0.142066,0.124713,0.054105,0.284376,0.171718,0.210065,0.175621,0.147776,0.135829,0.254075,0.197710,0.090166,0.255541,0.166025,0.199073,0.108816,0.167068,0.121499,-0.062640,0.101330,0.217568,0.080956,0.156352,0.216067,0.157661,0.111289,0.063947,0.197454,0.237335,0.067155,0.277259,0.191752,0.152581,0.035752,0.121381,0.019767,0.197198,0.082743,0.270553,0.161922,0.174005,0.305349,0.175991,0.171408,0.120019,0.105198,0.152611,0.251749,0.178321,0.210040,0.131842,0.136202,0.252738,0.100971,0.252870,0.225826,0.254307,0.148975,0.203958,0.244458,0.142810,0.177152,0.206104,0.113536,0.170829,0.113848,0.009251,0.191843,0.026430,0.051170,0.225356,0.263201,0.344944,0.237362,0.146041,0.266347,0.172757,0.160516,0.183739,0.309235,0.188833,0.136098,0.245049,0.121959,0.200104,0.227508,0.056908,0.304012,0.110841,0.085663,0.073328,0.171325,0.070861,0.221908,0.177717,0.043045,0.307157,0.103147,0.307757,0.208049,0.186924,0.146176,0.079254,0.097385,0.226358,0.140025,0.172736,0.178165,0.174330,0.206215,0.182157,0.305659,0.227135,0.071486,0.201255,0.062928,0.189262,#
18,0.223520,0.062793,0.117168,0.291305,0.221951,-0.016577,0.160417,0.176530,0.165739,0.119085,0.151271,0.191645,0.198479,0.285865,0.236933,0.142215,0.108226,0.127984,1.000000,0.217684,0.218783,0.218055,0.197254,0.264525,0.176878,0.161069,0.078354,0.304105,0.131572,0.154866,-0.014428,0.072168,0.187089,0.215610,0.257435,0.208348,0.231856,0.136328,0.152851,0.295439,0.192346,0.122058,0.212512,0.186234,0.302755,0.091320,0.153062,0.160206,0.041026,0.185379,0.126848,0.143367,0.260514,0.109213,0.131593,0.190938,0.115234,0.149344,0.117577,0.142823,0.125980,0.109086,0.232959,0.050392,0.263328,0.121643,0.196233,0.209926,-0.018903,0.087591,0.111865,0.022173,0.103753,0.103721,0.179501,0.138889,0.169808,0.210273,0.185618,0.114488,0.121694,0.075114,0.195823,0.247711,0.166108,0.050595,0.211165,0.124810,0.235405,0.113360,0.275767,0.111588,0.115349,0.221074,0.219983,0.246044,0.296757,0.174420,0.158392,0.253116,0.176797,0.165173,0.167397,0.201832,0.294464,0.183590,0.113601,0.106884,0.134959,0.110181,0.250342,0.160518,0.287823,0.204631,0.097162,0.110437,0.113214,-0.070860,0.083271,0.223754,0.181961,0.258648,0.171903,0.001466,0.207687,-0.004734,0.160965,0.139137,0.277065,0.069246,0.098790,0.265206,0.062340,0.195496,0.210212,0.069463,0.121899,0.190209,0.064450,0.145876,0.061232,0.133139,0.229232,0.158288,0.126282,0.259978,0.159842,0.093426,0.104057,0.128646,0.089361,0.267006,0.114424,0.206930,0.104555,0.260460,0.207605,0.210605,0.094696,0.312400,0.188954,0.125490,0.200958,0.165528,0.164027,0.255769,0.249872,0.151953,0.109124,0.220670,0.046724,0.195602,0.227448,0.068689,-0.020931,0.233753,0.198472,0.249493,0.181907,0.086493,0.151783,0.147775,0.219474,0.106247,0.125385,0.039688,0.265537,0.139013,0.078062,0.145190,0.175245,0.181576,0.178876,0.201116,0.250429,0.128910,0.071168,0.204609,0.227793,0.103429,#
19,0.253367,0.210668,0.192877,0.259256,0.404720,0.291905,0.101781,0.234510,0.250919,0.330056,0.231584,0.035105,0.271472,0.270400,0.313221,0.182269,0.347438,0.244079,0.217684,1.000000,0.249948,0.188892,0.228082,0.271625,0.061815,0.261884,0.324660,0.156170,0.180341,0.275702,0.208997,0.281450,0.174571,0.222679,0.151252,0.241704,0.181920,0.030193,0.323889,0.192952,0.263363,0.153851,0.170653,0.165190,0.208493,0.269858,0.323661,0.285074,0.221648,0.191082,0.113307,0.230877,0.136581,0.279182,0.207495,0.275808,0.265929,0.115156,0.272217,0.126368,0.278568,0.379685,0.303623,0.227532,0.390604,0.138920,0.128816,0.318040,0.078721,0.230767,0.272865,0.166460,0.245249,0.191031,0.280662,0.333820,0.195234,0.285382,0.410407,0.156122,0.231076,0.185206,0.255697,0.207587,0.264733,0.169770,0.246295,0.343768,0.276313,0.068562,0.178691,0.243131,0.304548,0.161691,0.189226,0.280016,0.300080,0.255411,0.140930,0.203275,0.215198,0.159002,0.242263,0.275535,0.277408,0.308379,0.214923,0.307158,0.130848,0.025777,0.144690,0.211824,0.244865,0.300012,0.274465,0.149065,0.317900,0.237123,0.136772,0.062494,0.227572,0.357532,0.335917,0.287551,0.379480,0.093826,0.329340,0.209644,0.186811,0.302796,0.141279,0.107488,0.248677,0.218464,0.351347,0.232484,0.162313,0.300794,0.201201,0.177326,0.088774,0.239959,0.252167,0.139951,0.204475,0.229778,0.170639,0.153888,0.282197,0.145414,0.207066,0.330551,0.147763,0.259046,0.309993,0.280684,0.259264,0.182966,0.266397,0.262995,0.338584,0.255571,0.272603,0.189746,0.262397,0.268193,0.086485,0.220687,0.311334,0.159882,0.218317,0.293283,0.265150,0.233800,0.207445,0.214899,0.264645,0.358943,0.230575,0.139430,0.031776,0.339342,0.310258,0.271958,0.300026,0.172919,0.196180,0.255928,0.237287,0.234519,0.337049,0.271077,0.084987,0.236393,0.197721,0.340247,0.105131,0.185275,0.268266,0.280099,#
20,0.144564,0.037454,0.241121,0.179773,0.357828,0.140224,0.259328,0.205447,0.133739,0.223292,0.110323,0.108143,0.168310,0.254801,0.248223,0.113489,0.269064,0.278499,0.218783,0.249948,1.000000,0.214986,0.153235,0.169417,0.158664,0.262577,0.234956,0.088008,0.165446,0.208096,0.020791,0.102398,0.190160,0.231729,0.194651,0.260243,0.243219,0.019202,0.243992,0.220550,0.206354,0.328255,0.125601,0.113311,0.324033,0.213359,0.300324,0.060879,0.111334,0.134309,0.004520,0.203757,0.188022,0.232051,0.214371,0.204123,0.228446,0.212844,0.218747,0.074209,0.248530,0.228532,0.286764,0.061090,0.208487,0.117084,0.129180,0.227826,0.217293,0.265427,0.301873,0.217584,0.087988,0.161877,0.182117,0.047693,0.169009,0.303138,0.203246,0.095519,0.180468,0.244982,0.280845,0.140040,0.176606,0.156346,0.260265,0.166474,0.282567,0.128575,0.222850,0.220372,0.230580,0.246191,0.320223,0.147912,0.209761,0.290790,0.258831,0.073367,0.211912,0.091840,0.293912,0.183739,0.187409,0.118530,0.145741,0.184182,0.087790,0.263555,0.221143,0.271556,0.165044,0.133897,0.233051,0.230098,0.296416,0.198506,0.008548,0.309465,0.240390,0.287155,0.131564,0.168607,0.193081,0.144850,0.229217,0.123821,0.311072,0.205723,0.259909,0.171839,0.177231,0.234552,0.294243,0.167472,0.216395,0.120198,0.241979,0.182258,0.165748,0.220621,0.192112,0.162381,0.221408,0.182149,0.109080,0.160691,0.171866,0.278199,0.271213,0.189640,0.065281,0.325978,0.178905,0.227008,0.199092,0.106601,0.210477,0.304328,0.165967,0.253290,0.269887,0.235656,0.223119,0.063232,0.067213,0.196120,0.240081,0.119295,0.280952,0.168926,0.196104,0.041159,0.075138,0.211899,0.036093,0.162871,0.325247,0.131205,0.156337,0.191575,0.139603,0.152822,0.163859,-0.004574,0.182297,0.260531,0.124357,0.304218,0.040910,0.173708,0.156538,0.260499,0.211468,0.124797,0.111483,0.184911,0.201460,0.213800,#
21,0.120583,0.217730,0.191039,0.194190,0.156112,0.027663,0.147642,0.231443,0.244535,0.154880,0.119814,0.166962,0.145411,0.219213,0.125075,0.124847,0.196566,0.116759,0.218055,0.188892,0.214986,1.000000,0.108893,0.117733,0.071635,0.085208,0.219949,0.160268,0.207864,0.151203,0.115201,0.198289,0.182388,0.210488,0.124782,0.231184,0.290631,0.201853,0.299228,0.153217,0.134386,0.229248,0.156066,0.173641,0.202511,0.212319,0.163970,0.270000,0.125235,0.060275,0.137996,0.159253,0.042127,0.066323,0.125372,0.128032,0.183680,0.110961,0.135642,0.051631,0.175156,0.102830,0.244914,0.129468,0.344604,0.198944,0.063291,0.237830,0.170041,0.179574,0.279980,0.224445,0.253802,0.297890,0.177715,0.163778,0.069023,0.151063,0.125984,0.191456,0.184738,0.127131,0.175185,-0.012267,0.248187,0.057128,0.271437,0.124388,0.170415,0.252232,0.081194,0.071757,0.128253,0.154840,0.273496,0.194250,0.203861,0.113082,0.025089,0.182628,0.254321,0.218982,0.189578,0.144563,0.152332,0.206725,0.163001,0.058913,0.110993,0.179861,0.230733,0.227327,0.083149,0.182852,0.164898,0.249460,0.301496,0.115148,0.051233,0.235041,0.167805,0.298251,0.162603,0.217929,0.187485,0.037873,0.175652,0.166610,0.189952,0.100243,0.177273,0.192821,0.324409,0.193453,0.201075,0.083309,0.070057,0.107152,0.122377,0.271120,0.172974,0.216592,0.179461,0.124074,0.144965,0.238222,0.200626,0.165529,0.156362,0.133294,0.192194,0.121056,0.102384,0.168834,0.245442,0.240388,0.063668,0.116292,0.066180,0.150136,0.184446,0.241606,0.221470,0.172404,0.224409,0.070803,0.137329,0.172436,0.131784,0.282182,0.135692,0.130185,0.161882,0.054816,0.112191,0.291374,0.094188,0.245815,0.089990,0.102479,0.098022,0.247314,0.045513,0.187356,0.088098,0.143959,0.132876,0.145819,0.139727,0.216251,0.291856,0.056817,0.173542,0.228218,0.281887,0.176583,0.186910,0.188948,0.210591,0.162212,#
