0,1.000000,0.041230,0.163144,0.095561,0.158079,0.091115,0.121802,-0.005364,0.119910,0.121245,0.195469,0.029652,0.074899,0.094243,0.230083,0.210631,0.185426,0.220667,0.231360,0.263964,0.115732,0.127706,0.192027,0.329392,0.141077,0.040952,0.163411,0.001249,0.122879,0.244524,0.012374,0.196349,0.120603,0.168853,0.226902,0.133025,0.068833,0.069090,0.241574,0.188210,0.160255,0.091460,0.233704,-0.003150,0.083890,0.084436,0.073784,0.199861,0.184711,0.255458,0.123253,0.112509,0.130025,0.190848,0.237364,0.207979,0.200831,0.180849,-0.001125,0.030624,0.187914,0.176519,0.229481,0.060569,0.109002,0.095632,0.119721,0.125942,0.115880,0.117557,0.123804,0.077644,0.143928,0.203681,0.107874,-0.017340,0.241444,0.165668,0.110493,0.085660,0.111655,0.038095,0.075602,0.171176,0.279144,0.096481,0.193595,0.214136,0.198295,0.155382,0.065274,0.027656,0.190601,0.076843,0.189134,0.187476,0.238790,0.057233,0.131185,0.245856,0.203579,0.157165,0.103785,0.219673,0.136999,0.210813,0.190418,0.154558,0.221567,-0.036845,-0.001380,0.170247,0.023608,0.189435,0.115730,0.106868,0.092190,0.067191,0.143730,0.112090,0.211946,0.187965,0.212274,0.171760,0.187382,0.228024,0.165781,-0.023136,0.114070,0.237360,0.197196,0.076721,0.117984,0.071086,0.141359,0.139089,0.172945,0.073885,0.014384,0.186310,0.211855,0.128329,0.084909,0.121345,0.092904,0.035566,0.145446,0.127703,0.115771,0.055891,-0.000690,0.122491,0.208703,0.041568,0.126434,0.182486,0.155410,0.137049,0.171731,0.167377,0.207285,0.240125,0.077500,0.024451,0.123694,0.209182,0.112524,0.176756,0.213598,0.109648,0.122347,0.059909,0.185496,0.196338,-0.000028,0.208697,0.312130,0.197966,0.152081,0.049058,0.123031,0.190223,0.136579,0.092032,0.105954,0.030341,0.155612,0.289651,0.191213,0.000692,-0.001644,0.174738,0.070409,0.191618,0.252910,0.120882,0.010368,0.199340,0.208628,0.195790,#
1,0.041230,1.000000,0.068449,0.085754,0.062623,0.084926,0.171314,0.140173,0.279045,0.086310,0.237840,0.210900,0.118996,0.034914,0.022117,0.015548,0.133165,0.105009,-0.015329,0.123139,-0.003045,0.136747,0.075307,0.045895,0.102975,0.100141,0.053925,0.194621,-0.080694,0.117984,0.167120,0.106148,-0.029349,0.163486,-0.009022,0.108416,0.133111,0.000834,0.246576,0.110021,0.013805,-0.005241,0.181033,0.068055,0.040766,0.065529,0.309644,0.128793,0.099475,0.044164,0.125509,0.133793,0.170182,0.167694,0.056855,0.112411,0.098073,-0.065438,-0.060579,0.023429,0.052214,0.097766,0.163699,-0.031223,0.042866,0.197107,0.077036,0.196467,0.167933,0.242191,0.146643,0.146332,0.270711,-0.005745,0.192330,0.112479,0.132339,0.074093,0.289151,0.044622,0.057015,0.158256,0.052473,0.096392,0.192850,-0.081177,0.176883,0.180418,0.172358,0.050649,0.093527,0.099606,-0.014090,0.091300,0.058404,0.151941,0.031317,0.031564,0.053700,0.066485,0.179483,0.017735,0.030434,0.091012,-0.011633,0.162845,0.190885,0.238376,0.141016,0.096576,0.115017,0.106604,-0.004305,0.138238,0.185548,0.301038,0.129622,0.041524,0.001336,0.046285,-0.013992,0.142993,0.177990,0.127334,0.144462,0.102477,0.109910,0.093172,0.152824,0.167371,-0.007776,0.156456,0.096966,0.098488,0.210477,0.218924,0.113619,0.224585,0.159643,0.138745,0.163513,0.017244,0.129475,0.171902,0.165155,0.043678,0.058150,0.032836,0.128041,-0.027306,0.114655,0.114090,-0.002666,-0.094770,0.307462,0.156384,0.041424,0.088178,-0.064290,-0.047233,-0.000625,0.220030,0.134136,0.184300,0.126832,0.065388,0.064101,-0.016209,0.080870,0.146944,0.080422,0.163072,0.073428,0.088273,0.029538,0.188652,0.082021,0.181632,0.085894,-0.013368,0.094363,-0.001675,0.190647,0.003914,0.126306,0.127259,0.039950,-0.047512,0.189892,0.164682,0.185980,0.162759,-0.032733,0.058950,0.158146,-0.008217,-0.007455,0.251423,0.026650,0.246267,#
2,0.163144,0.068449,1.000000,0.148280,0.229881,0.082958,0.174467,0.183444,0.112814,0.119339,0.208226,0.219608,0.055871,0.310990,0.040639,0.168726,0.028649,0.068102,0.110534,0.167115,0.258588,0.217501,0.046308,0.156195,0.117980,0.256686,0.213169,0.120859,0.048450,0.220619,0.034576,-0.012323,0.116651,0.092867,0.119751,0.115937,0.151714,-0.007099,0.149322,0.052205,0.125503,0.087035,0.243140,0.058303,0.024164,0.141896,0.171978,0.103169,0.026205,0.125995,0.200557,0.210382,0.151589,0.110922,0.082195,0.153511,0.119905,0.011261,0.135286,0.192526,0.290120,0.075615,0.087634,0.128805,0.224968,0.180221,0.085948,0.080215,0.208987,0.198261,0.125849,0.160644,0.036319,0.225397,0.242884,0.090074,0.101862,0.118634,0.120910,0.089701,0.189168,0.037002,0.111884,-0.043303,0.207184,0.062695,0.114661,0.191405,0.053544,0.041879,0.073037,0.188115,0.245017,0.160992,0.099355,0.161146,0.208514,0.042808,0.183422,0.120700,0.230522,0.101247,0.023788,0.206947,0.020594,0.187742,0.182822,0.235132,0.214645,0.114902,0.140581,0.113000,0.226956,0.132249,0.112243,0.192741,0.106320,0.147872,-0.144579,0.063150,0.105130,0.037238,0.013754,0.169019,0.074498,0.026429,0.241034,0.095306,0.167002,0.182690,0.059712,0.158023,0.145497,0.116293,0.252522,0.123256,0.199929,0.125121,0.111691,-0.006490,0.078887,0.132262,0.110980,0.062057,0.235912,0.129957,-0.000700,0.063441,0.166130,0.023526,0.084936,0.215599,0.221509,0.137611,0.093650,0.054667,0.015277,-0.006447,0.121980,0.119076,0.052065,0.289323,0.172158,0.175438,0.092763,0.162046,0.084734,0.024841,-0.020823,0.117707,0.063226,0.280102,0.195018,0.064634,0.159071,0.106634,0.206704,0.120448,-0.028553,0.070215,0.165581,0.132458,0.018313,0.267899,0.020953,0.120336,0.116260,0.055020,0.135189,0.016015,0.050507,0.175730,0.265790,0.142057,0.142265,0.021763,-0.030782,0.173087,0.228782,0.224277,#
3,0.095561,0.085754,0.148280,1.000000,0.203656,0.146824,0.198899,0.091240,0.259872,0.135980,0.225163,0.220953,0.107043,0.094705,0.126457,0.091659,0.133982,0.175116,0.249547,0.188220,0.171822,0.182408,0.154967,0.276154,0.140863,0.206103,0.212670,0.162395,0.108188,0.300853,0.194915,0.202263,0.325301,0.211683,0.011870,0.166873,0.205414,0.214467,0.295784,0.123519,0.134287,0.241677,0.218102,0.290430,0.027490,0.203551,0.120238,0.191349,0.001156,0.097236,0.176352,0.167087,0.186127,0.036766,0.036971,0.301498,0.148426,0.102852,0.111619,0.138751,0.205438,0.039066,0.160491,0.094382,0.356129,0.147857,0.096606,0.052361,-0.029457,0.253333,0.111609,0.176674,0.249375,0.050779,0.179348,0.220795,0.166339,0.138985,0.169557,0.099516,0.237299,0.163643,0.164936,0.001622,0.242997,0.100676,0.140298,0.138099,0.162304,0.111436,0.224762,0.185286,0.151968,0.163005,0.112166,0.204225,0.160330,0.031026,0.196319,0.142849,0.223901,0.102567,0.131305,0.111941,0.322764,0.111147,0.187390,0.180303,0.160828,0.148265,0.148661,0.054330,0.158732,0.102110,0.069329,0.164655,0.158006,0.073753,0.039808,0.070215,0.150944,0.168128,0.158713,0.210801,0.078398,0.098678,0.233244,0.247238,0.121201,0.210287,0.242628,0.283022,0.223025,0.221124,0.179274,0.210647,-0.002307,0.098981,0.120477,0.106129,0.102522,0.259373,0.194168,0.132742,0.075026,0.151445,0.245655,0.337039,0.125967,0.146233,-0.012350,0.039132,0.064548,0.126521,0.275659,0.027656,0.033187,0.076592,0.219441,0.211712,0.123943,0.201907,0.147057,0.203369,0.114312,0.146299,0.153494,0.078786,0.066373,0.134740,0.166046,0.059911,0.121311,0.058933,0.024834,0.198661,0.200272,0.206673,0.032973,0.148349,0.076510,0.252285,0.222110,0.065722,0.025272,0.117419,0.130560,0.076154,0.070147,0.187343,0.100470,0.198929,0.270210,0.071194,0.216486,0.186392,0.162277,0.225813,0.154629,0.161019,#
4,0.158079,0.062623,0.229881,0.203656,1.000000,0.254461,0.028816,0.143540,0.243081,0.195440,0.048188,0.152562,0.163280,0.121499,0.119735,0.143568,0.093561,0.160646,0.186115,0.351095,0.327128,0.166232,0.164861,0.273651,0.068798,0.248996,0.136948,0.054987,0.141478,0.126334,0.087086,0.166386,0.225144,0.147417,0.079214,0.211417,0.335117,0.089560,0.188929,0.068636,0.112988,0.265564,0.190205,0.140374,0.203756,0.168363,0.297343,0.184636,0.113885,0.091789,0.086228,0.118300,0.160066,0.224318,0.231707,0.259366,0.161231,0.075904,0.159908,0.132489,0.202273,0.180685,0.127408,-0.002494,0.186393,0.097492,0.060906,0.151022,0.039697,0.175612,0.224965,0.173482,0.232208,0.180753,0.154604,0.046088,0.142301,0.257480,0.199048,0.172354,0.212764,0.199267,0.043195,0.008094,0.321473,0.087122,0.169809,0.160477,0.158809,0.085739,0.245157,0.064584,0.172421,0.092623,0.146721,0.239461,0.147716,0.139707,0.108201,0.162411,0.160218,0.080416,0.171144,0.167885,0.117174,0.180860,0.075918,0.214663,0.157846,0.257708,0.245002,0.201656,0.274464,0.300053,0.115773,0.069004,0.180383,0.036210,-0.027598,0.077351,0.053433,0.147329,0.169383,0.080730,0.245582,0.001768,0.246973,0.125138,0.257307,0.177668,0.217140,0.047253,0.226679,0.233118,0.238344,0.192948,0.101126,0.051075,0.169106,0.097655,0.151664,0.084026,0.184014,0.054954,0.208282,0.184956,0.179423,0.186689,0.120223,0.132277,0.032135,0.134536,0.191611,0.272632,0.247888,0.066090,0.282707,0.109029,0.051175,0.202551,0.154075,0.174349,0.090399,0.083217,-0.084402,0.198382,-0.026041,0.060099,0.050417,0.181186,0.036799,0.139774,0.317223,0.220801,0.166089,0.203365,0.262940,0.230596,0.153788,0.138312,0.019208,0.063610,0.200514,0.087914,0.143589,0.176606,-0.014060,0.207923,0.148172,0.252504,0.013369,0.110100,0.094050,0.094648,0.163012,0.218077,0.132650,0.160130,0.223648,0.378147,#
5,0.091115,0.084926,0.082958,0.146824,0.254461,1.000000,0.096546,0.178171,0.233877,0.180920,0.209416,0.086757,0.144224,0.076495,0.140154,0.177333,0.098093,0.169735,-0.030888,0.225727,0.133854,0.003240,0.124584,0.170005,0.154248,0.138012,0.213440,0.162361,0.161414,0.186410,0.213240,0.242535,0.281248,0.196092,0.057896,0.152319,0.196390,0.062739,0.195250,0.109382,0.207057,0.121098,0.063085,0.230872,0.102135,0.185711,0.241888,0.086606,0.186374,0.092323,0.113192,0.176604,0.097025,0.131251,0.012882,0.286621,0.121652,0.002199,0.240342,0.136420,0.140328,0.188375,0.185185,0.059180,0.208196,0.164583,0.131248,0.138685,0.184525,0.014729,0.161236,0.152917,0.282288,0.198874,0.088604,0.167326,0.233568,0.223866,0.175416,0.169202,0.218823,0.170172,0.182249,0.006870,0.111841,0.092893,0.165540,0.140160,0.190142,-0.015134,0.007452,0.185382,0.257966,0.264147,0.090358,0.176252,0.070263,0.176656,0.253252,0.091316,0.166897,0.197744,0.060488,0.184067,0.075861,0.173719,0.130730,0.229522,0.074085,0.135616,0.139532,0.182607,0.094289,0.121766,0.157139,0.104638,0.199522,0.077405,0.017783,0.072345,0.041977,0.212708,0.091851,0.227715,0.020357,0.054128,0.141077,0.033778,0.176898,0.156949,0.273647,0.173966,0.260502,0.225413,0.253436,0.295341,0.150945,0.139332,0.090086,-0.049092,0.201968,0.075694,0.185632,0.251011,0.227828,0.075529,0.110420,0.092324,0.070047,0.101899,0.197579,0.000864,0.153968,0.180561,0.131876,0.152759,0.204283,0.103938,0.207771,0.097301,0.153559,0.163157,0.176540,0.131257,0.127621,0.136076,-0.032008,0.188467,0.191645,0.223490,0.226892,0.176195,0.113395,0.130904,0.048114,0.168790,0.188605,0.175415,0.198105,0.073823,0.207517,0.061624,0.348172,0.139822,0.096550,0.226786,0.169090,0.081521,0.044064,0.119930,0.012153,0.185695,0.130702,0.128772,0.170755,0.086033,0.032911,0.227050,0.119167,0.277746,#
6,0.121802,0.171314,0.174467,0.198899,0.028816,0.096546,1.000000,0.048775,0.187773,0.042869,0.116788,0.106127,0.129629,0.209100,0.039473,0.070255,0.144121,0.107328,0.109190,0.041536,0.265096,0.135779,-0.083179,0.067864,0.035496,0.095396,0.086607,0.073249,0.080811,0.228585,0.103141,0.097492,0.090227,0.157339,0.033200,0.083895,0.043433,0.097801,0.115222,0.182564,-0.034470,0.080682,0.050216,0.066468,0.138282,0.159014,0.128724,-0.018286,0.124546,0.056524,0.052887,0.166637,0.219249,0.104002,0.034241,0.126772,0.087082,0.121989,0.158311,0.155365,0.192110,-0.030707,0.113669,0.137489,0.262305,0.235054,0.175308,0.113537,0.108950,0.095676,0.075751,0.161256,0.121022,0.197814,0.196110,0.175358,0.174552,0.103487,0.191681,0.082608,0.095124,0.095117,0.201470,-0.024718,0.058688,0.094350,0.104310,0.113592,0.056391,0.063205,0.058448,0.128233,0.023289,0.039827,0.043478,0.068963,0.248719,0.074396,0.099513,0.205214,0.128755,0.174386,0.197589,0.031382,-0.121634,0.150292,0.054457,0.020369,0.119980,0.076374,0.095412,0.133767,0.015027,-0.107112,0.118924,0.104752,0.328071,0.040145,0.102368,0.092132,0.193619,0.152933,-0.002062,0.198169,0.133353,0.192593,0.055166,0.131106,0.079744,0.170210,0.079691,0.119221,0.177118,0.017453,0.202586,0.190486,0.022457,0.124533,0.216710,0.110730,0.125109,0.119695,-0.010246,0.112250,0.041855,0.072207,0.138688,0.099068,0.068036,-0.074655,0.158945,0.006342,0.102367,-0.066635,0.207403,0.022538,0.009497,0.203446,0.176627,0.015646,0.027411,0.223466,0.197879,0.174784,0.146907,0.170583,0.046351,0.064535,0.120539,0.104973,0.067754,0.068409,0.061767,0.042704,0.109515,0.138963,0.023108,0.194144,0.198708,-0.032852,0.078617,0.007791,0.235047,0.204828,0.148653,0.130715,0.005655,0.115482,-0.005031,0.179920,-0.088160,0.138248,0.057793,0.217645,0.069634,-0.006014,0.061667,0.169088,0.126600,0.152547,#
7,-0.005364,0.140173,0.183444,0.091240,0.143540,0.178171,0.048775,1.000000,0.287006,0.184659,0.156219,0.230650,0.041923,0.145625,0.264500,0.085746,0.149233,0.222372,0.063744,0.145667,0.089383,0.171735,0.209824,0.155375,0.237061,0.158416,0.169764,0.248177,0.046721,0.190672,0.035660,0.059290,0.096116,0.118490,-0.023892,0.088675,0.037881,-0.030739,0.258034,0.111775,0.075763,0.071442,0.114846,0.194783,0.169876,0.167002,0.158549,0.153558,0.074717,0.062234,0.173584,0.093520,0.012367,0.208235,0.111871,0.130811,0.129854,0.168098,0.114628,0.052238,0.188589,0.110044,0.092627,0.015399,0.204670,0.164997,0.111964,0.084264,0.146410,0.329359,0.139590,0.004889,0.329144,0.132241,0.130455,0.095948,0.028916,0.156612,0.218158,0.260538,0.204377,0.147326,0.129537,0.061483,0.233311,0.034567,0.125585,0.119709,0.122327,0.159077,0.018611,0.070253,0.183877,0.157704,0.069330,-0.025591,0.030786,0.165793,0.081085,0.152441,0.182673,0.067815,0.036796,0.070321,-0.022344,0.238129,0.234661,0.108434,0.134082,0.118343,0.092676,0.042597,0.088350,0.105009,0.350795,0.151961,-0.000283,-0.054787,-0.011783,0.256210,0.149381,0.155430,0.072916,0.251341,0.197914,0.043052,0.205738,0.188142,0.099718,0.101116,0.108115,0.081664,0.259269,0.073496,0.308248,0.272560,-0.043108,0.244406,0.047347,0.071473,0.225959,0.121308,0.122091,0.038122,0.138485,0.172487,0.210963,0.108247,0.143752,0.100562,0.049494,0.153630,0.106184,0.127646,0.047483,0.195387,0.143769,0.142965,0.135032,0.162955,0.152403,0.088122,0.214672,0.050496,-0.015835,0.243092,0.157925,0.031831,0.030076,0.046501,0.185881,0.220853,0.209008,0.082509,0.191536,0.091842,0.156258,0.113128,-0.045950,0.118108,0.227178,0.090760,0.116067,0.146394,-0.104670,0.191450,0.008045,-0.069710,0.118177,0.261340,0.145802,0.054328,0.118675,0.046071,0.141489,0.087330,0.017059,0.203136,0.157355,0.174098,#
8,0.119910,0.279045,0.112814,0.259872,0.243081,0.233877,0.187773,0.287006,1.000000,0.254972,0.199100,0.161912,0.151114,0.118596,0.287877,0.172465,0.036801,0.145008,0.094122,0.190543,0.146152,0.175540,0.179488,0.283853,0.031356,0.230659,0.127246,0.239055,0.035659,0.260289,0.025775,0.152833,0.147052,0.140013,0.075299,0.176071,0.236714,0.047311,0.213085,0.186093,0.136308,0.193731,0.151215,0.115551,0.209841,0.167140,0.109573,0.166601,0.131756,0.156968,0.173381,0.353078,0.057111,0.329423,0.108163,0.316587,0.162400,0.235702,0.066914,0.210661,0.228337,0.132036,0.264615,-0.081445,0.243293,0.322656,0.138305,0.135776,0.312287,0.207907,0.149321,0.109087,0.287107,0.126955,0.135250,0.162915,0.099121,0.148288,0.195914,0.198529,0.174608,0.275935,0.148100,0.063400,0.294638,0.176059,0.088176,0.106602,0.067993,0.240759,0.111712,0.218843,0.148964,0.087970,0.355056,0.244830,0.179959,0.128477,0.175594,0.082032,0.192163,0.107173,0.093628,0.224693,0.139514,0.168619,0.249312,0.267474,0.090349,0.200154,0.169251,0.160190,0.055992,0.187146,0.269957,0.274705,0.147862,0.089345,0.045649,0.203377,0.222196,0.140108,0.233660,0.168999,0.148999,0.237177,0.185852,0.249552,0.092981,0.240127,0.141968,0.013873,0.307429,0.189094,0.348878,0.237401,0.031345,0.221476,0.122047,0.096086,0.157272,0.201690,0.270308,0.130664,0.090221,0.100858,0.258844,0.204241,0.129800,0.070896,0.194101,0.044984,0.134875,0.202379,0.374711,0.263902,0.147365,0.244781,0.119723,0.189710,0.048631,0.154194,0.123907,0.144838,0.193591,0.150198,0.157340,0.024310,0.174986,0.169142,0.146297,0.237269,0.163655,0.153534,0.203203,0.192832,0.092926,0.227165,0.206345,0.121190,0.190190,0.129345,0.090286,0.197544,0.155300,0.191976,0.024943,0.030409,0.200078,0.251588,0.177498,0.154047,0.200675,0.103738,0.245937,0.067770,0.053700,0.145622,0.093004,0.175869,#
9,0.121245,0.086310,0.119339,0.135980,0.195440,0.180920,0.042869,0.184659,0.254972,1.000000,0.257884,0.058974,0.125813,0.168725,0.235038,0.191341,0.059739,0.071506,0.085851,0.322677,0.166768,0.095041,0.174598,0.226162,0.022759,0.084844,0.229601,0.175414,0.102348,0.162372,0.157666,0.117721,0.090936,0.227227,0.249675,0.158006,0.050611,0.172283,0.180429,0.003383,0.272982,0.111136,0.146724,0.018513,0.126560,0.110169,0.169936,0.091506,0.037352,0.088496,0.038782,0.193941,0.039751,0.154322,0.080964,0.248708,0.106621,0.202278,0.209262,0.093114,0.209740,0.070353,0.254761,0.039308,0.234618,0.243253,0.090423,0.096461,0.145760,0.067694,0.271826,0.178298,0.173270,0.132272,0.169162,0.136245,0.006817,0.137284,0.262719,0.196414,0.049256,0.227631,0.011255,0.038008,0.283742,0.112000,0.108921,0.209533,-0.043348,-0.100131,0.035291,0.195086,0.183908,0.065532,0.159800,0.132604,0.198711,0.254132,0.248750,-0.012142,0.111372,0.175874,0.264770,0.099393,0.266467,0.190291,0.167757,0.039890,0.258683,0.112617,0.122342,0.172275,0.218484,0.257044,0.086526,0.182015,0.077593,0.087067,0.116042,0.004216,0.195387,0.262979,0.149728,0.220305,0.108356,0.132708,0.043699,0.136416,0.238853,0.261473,0.171190,0.037647,0.160211,0.256526,0.185779,0.182476,0.126421,0.196656,0.085894,-0.032042,0.023373,0.226345,0.194549,0.115815,0.048230,0.146273,0.207551,0.130557,0.056782,0.258701,0.081089,-0.056574,0.262685,0.226022,0.215594,0.202277,0.159798,0.178172,0.312588,0.105155,0.138521,0.126314,0.074153,0.286410,0.153270,0.119223,0.074688,0.081757,0.280351,0.138390,0.225963,0.284649,0.104976,0.166125,0.100294,0.224880,0.152096,0.134936,0.124210,0.111040,0.062506,0.074504,0.198934,0.174955,0.045815,0.204264,0.014567,0.086928,0.340927,0.105096,0.114744,0.164470,0.070928,0.147809,0.097132,0.108748,0.085964,0.107802,0.123356,0.181725,#
10,0.195469,0.237840,0.208226,0.225163,0.048188,0.209416,0.116788,0.156219,0.199100,0.257884,1.000000,0.102239,-0.091148,0.106929,0.144328,0.123239,0.064702,0.107272,0.062815,0.162671,0.045564,0.047762,-0.038992,0.198718,0.044829,-0.016666,0.126994,0.278021,-0.005278,0.243485,0.171428,0.132044,0.141973,0.155213,0.140684,0.144314,0.020601,0.101587,0.259380,0.051130,0.241785,0.050411,0.045493,-0.011366,0.035457,0.149884,0.191017,0.171203,0.172536,0.236876,0.040373,0.165944,0.092394,0.136007,-0.013964,0.262462,0.113674,0.018029,0.041791,0.106781,0.097048,0.145879,0.180942,0.200592,0.319987,0.176209,0.119233,-0.006025,0.073783,0.126872,0.066145,0.228416,0.197195,0.110244,0.081350,0.147016,0.111013,0.084676,0.120183,0.122822,0.246691,0.104868,0.195640,0.113592,0.253751,0.028127,0.158433,0.236961,0.049202,0.119438,0.044317,0.161929,0.154724,0.124357,0.118392,0.244653,0.098339,0.024955,0.277346,0.164114,0.105781,0.084068,0.141251,0.047992,0.265150,-0.016317,0.169272,0.240943,0.166373,0.077682,-0.025616,0.169519,0.036107,0.118857,0.264563,0.313020,0.116657,0.000303,0.079059,0.079147,0.150320,0.267511,0.011997,0.114402,0.002516,0.079996,0.214394,0.229048,0.119602,0.119248,0.148586,0.064304,0.110325,0.100847,0.198743,0.146573,0.004998,0.291873,0.072008,-0.018808,0.229136,0.020241,0.132961,0.105669,0.019640,-0.000266,0.061036,0.054160,0.083783,0.080936,0.102171,0.124556,0.195576,0.059450,0.195958,0.090682,0.215387,0.003211,0.225224,0.114043,0.192391,0.064147,0.223277,0.188592,0.095769,0.164376,0.176000,0.117873,0.219156,0.188013,0.189723,0.138320,0.050231,0.172727,0.096387,0.075994,0.192633,0.238176,0.006258,0.161098,0.095955,0.055545,0.249983,0.040964,0.098319,0.139861,0.005464,-0.095714,0.096163,0.186823,0.127713,0.115226,0.110631,0.016769,0.237218,0.034784,-0.058568,0.223004,0.201390,0.305938,#
11,0.029652,0.210900,0.219608,0.220953,0.152562,0.086757,0.106127,0.230650,0.161912,0.058974,0.102239,1.000000,0.122017,0.075692,0.009857,0.066267,0.027137,0.250725,0.151075,0.006753,0.067971,0.157211,-0.017131,0.088907,0.190692,0.209021,-0.054058,0.261477,-0.088497,0.224297,0.188454,0.133742,0.102725,0.167644,0.127410,0.113866,0.188164,0.041400,0.123056,0.193131,0.075215,0.196513,0.255179,0.188273,0.020292,0.180402,0.252040,0.066764,0.148329,0.062823,0.170954,0.203883,0.150934,0.254175,0.029251,0.061851,0.113744,0.205464,0.125690,-0.000957,0.038857,0.067214,0.225993,0.043946,0.173023,0.240563,0.185404,0.217386,0.129523,0.207898,0.097114,0.082785,0.177114,0.055941,0.069393,0.069876,0.091105,0.109487,0.161548,0.068112,0.145447,0.087565,0.153762,0.053454,0.205552,-0.012775,0.086413,0.190077,0.206765,-0.011408,0.066408,0.237403,0.301067,0.244677,0.133608,0.247530,-0.002035,0.071195,0.114303,0.171486,0.103472,0.113170,0.015375,0.140396,0.097741,0.273238,0.200639,0.256775,0.261470,0.165075,0.173807,0.131684,0.181923,0.121759,-0.031038,0.292540,0.053277,0.145810,-0.063236,0.128286,0.051828,0.158766,0.205034,0.128535,0.120267,0.007016,0.150232,0.104901,0.214480,0.185508,0.090030,0.243009,0.255758,0.253986,0.136103,0.129022,-0.091614,0.266890,-0.031641,0.193430,0.156338,0.071811,0.135954,0.131666,0.203746,0.061900,0.165644,0.118803,0.056697,0.060346,0.024076,0.212295,0.107676,0.157242,0.232008,0.100050,0.090203,-0.002142,0.152005,0.105644,0.104092,0.187269,0.027220,0.019766,0.136789,0.057535,0.250432,0.064225,0.162049,0.172249,0.163566,0.144945,0.070006,0.019330,0.107028,0.139143,0.187727,0.159565,0.013479,0.162555,0.192018,0.094254,0.155447,0.045581,0.004865,0.154025,-0.009169,0.099817,0.122978,0.182482,0.085771,0.035345,0.254081,0.135761,0.255762,0.105265,0.081985,0.223603,0.069909,0.227466,#
12,0.074899,0.118996,0.055871,0.107043,0.163280,0.144224,0.129629,0.041923,0.151114,0.125813,-0.091148,0.122017,1.000000,0.033634,0.217263,0.079709,0.345941,0.168785,0.173742,0.272156,0.129208,0.102893,0.180958,0.198415,0.012358,0.131080,0.121501,0.104895,0.111738,0.134442,-0.005481,0.178133,0.176240,0.142150,0.157860,0.226899,0.198251,0.001486,0.141381,0.184848,0.032258,0.017427,0.159548,0.278424,0.190950,0.158156,0.200397,-0.084380,0.114292,0.050503,0.208510,0.117142,0.087305,0.175230,0.154646,0.112812,0.016308,0.141511,0.077567,-0.065003,0.034890,0.223627,0.003108,0.099454,0.245462,0.179316,0.099948,0.098102,0.128217,0.112977,0.132419,0.108460,0.147266,0.032917,0.248843,0.224923,0.165522,-0.009452,0.104831,0.024261,0.152271,0.163955,0.015050,0.066207,0.087003,0.152918,0.087059,0.184160,0.209667,-0.014766,0.046940,0.078202,-0.008619,0.081456,0.144505,0.222156,0.319848,0.181978,0.061427,0.008633,0.106077,0.141676,0.092837,0.165454,0.164222,0.093815,0.139459,0.025325,0.053618,0.105415,0.210672,0.025589,0.120955,0.101264,0.142203,0.064474,0.196393,0.034995,0.089022,0.009297,0.161768,0.144478,0.239050,0.213023,0.201963,-0.005066,0.165181,-0.062626,0.014312,0.105213,0.109925,0.128875,0.098467,0.107129,0.082664,0.054041,0.135047,0.154411,0.199173,0.046112,0.146976,0.160334,0.141931,0.078520,0.091430,0.182591,0.075155,0.154276,0.045772,0.118422,0.021166,0.226498,0.136096,0.059749,0.071313,0.226258,0.095142,-0.032381,0.057277,0.094722,0.050637,0.301736,0.207436,0.197168,0.152482,0.052887,0.222309,0.067849,0.001512,0.050732,0.149566,0.175135,0.077426,0.135154,0.123733,0.104969,0.149942,0.220088,0.049069,0.083185,0.121003,0.112741,0.220796,0.104549,0.034962,0.166777,0.053484,0.256143,0.077334,-0.007336,0.073440,0.036480,0.053416,0.137430,0.084833,0.048828,0.081180,0.189989,0.141098,0.004327,#
13,0.094243,0.034914,0.310990,0.094705,0.121499,0.076495,0.209100,0.145625,0.118596,0.168725,0.106929,0.075692,0.033634,1.000000,0.200523,0.084292,0.207911,0.106914,0.148821,0.178110,0.182261,0.172339,0.058730,0.221239,-0.006810,0.238345,0.205395,0.219887,0.147798,0.154360,0.137062,0.149366,0.235156,0.151827,0.128802,0.074067,0.059577,0.115243,0.092284,0.154073,0.014942,0.176126,0.210537,0.116049,0.106014,0.175146,0.169099,0.145619,0.157181,0.126785,0.129342,0.196017,0.174753,0.236713,0.110009,0.246780,0.055076,0.124845,0.039532,0.162841,0.193308,0.136724,0.209966,0.067371,0.197074,0.149163,0.266134,0.118028,0.305210,0.165829,0.063172,0.117288,0.053986,0.125573,0.288565,0.184148,0.198226,0.211566,0.283836,0.189281,0.108843,0.224537,0.164267,0.177065,0.205406,0.027457,0.123113,0.149617,0.240994,0.080593,0.104413,0.073366,0.190845,0.185250,0.062173,0.052022,0.219387,0.038663,0.154258,0.273810,0.194645,0.218686,0.122026,0.261942,0.023519,0.255306,0.129981,0.166946,0.246886,0.114563,0.119056,0.136640,0.290769,0.149417,0.261880,0.222104,0.242716,0.213896,0.038669,0.160641,0.179904,0.180509,0.088199,0.148309,0.171700,-0.044384,0.069899,-0.050518,0.214603,0.215144,0.059877,0.132892,0.120459,0.108048,0.326662,0.156018,0.033011,0.127548,0.250308,0.157034,-0.048541,0.120976,0.324374,0.143241,0.054640,0.214198,0.231836,0.200468,0.061768,0.131300,0.020117,0.110259,0.109741,0.203731,0.249737,0.242113,-0.052157,0.169091,0.262646,0.168400,0.097560,0.281616,0.109998,0.254281,0.126896,0.152660,0.077815,0.048842,0.144265,0.110827,0.155390,0.244764,0.198034,0.124241,0.190924,0.138016,0.135724,0.202068,0.225425,-0.041862,0.056075,0.195007,0.159364,0.147340,0.107436,0.191504,0.183594,0.139345,-0.000828,0.111276,0.116200,0.150912,0.221698,0.143907,0.167078,0.122941,0.066302,0.168104,0.192548,0.173419,#
14,0.230083,0.022117,0.040639,0.126457,0.119735,0.140154,0.039473,0.264500,0.287877,0.235038,0.144328,0.009857,0.217263,0.200523,1.000000,0.260345,0.129973,0.062246,0.214345,0.269425,0.169329,0.078588,0.132447,0.257341,0.080765,0.032095,0.182624,0.173458,0.192532,0.164367,0.025404,0.200139,0.118709,0.108355,0.207043,0.143271,0.109945,0.161856,0.152806,0.222372,0.058944,0.014048,0.171802,0.069491,0.178805,0.233146,0.133664,0.033724,0.020040,0.133897,0.181790,0.089483,0.181191,0.256747,0.231206,0.195725,0.171505,0.116037,0.083592,0.065359,0.206482,0.229595,0.138421,0.122400,0.160242,0.049463,0.115359,0.138171,0.096538,0.200220,0.100520,0.129900,0.184993,0.194418,0.203425,0.149261,0.242697,0.138322,0.099651,0.115223,0.234956,0.230444,0.136801,0.223411,0.166990,0.167898,0.036689,0.172338,0.115944,0.068890,0.072722,0.094719,0.168928,0.159275,0.188798,0.111452,0.259366,0.106320,0.144778,0.068085,0.173030,0.193427,0.160446,0.181044,0.171167,0.109597,0.197575,0.179420,0.031153,0.179335,0.045896,-0.020967,0.167359,0.154239,0.180032,0.160629,0.161071,0.047812,0.155699,0.113589,0.331512,0.241906,0.102494,0.130597,0.184577,0.071265,0.112373,0.188929,0.046090,0.272189,0.108476,0.072523,0.093432,0.063852,0.163110,0.083127,-0.009988,0.177401,0.013887,0.012113,0.181157,0.184602,0.209393,0.127237,0.016652,0.297455,0.132425,0.133566,0.021513,0.064564,0.147831,0.074919,0.045274,0.148215,0.185278,0.189382,0.218580,0.137889,0.070074,0.149722,0.037001,0.128500,0.117156,0.127855,0.158395,0.112731,0.177576,0.056079,0.095338,0.233744,0.209409,0.227376,0.213122,0.169191,0.011219,0.138123,0.299933,0.242949,0.226779,0.061223,0.216796,0.209880,0.119594,0.070552,0.079172,0.117639,0.117350,-0.065138,0.009956,0.210440,-0.035922,0.078150,0.173899,0.225860,0.201534,-0.014721,-0.002339,0.122848,0.211497,0.067886,#
15,0.210631,0.015548,0.168726,0.091659,0.143568,0.177333,0.070255,0.085746,0.172465,0.191341,0.123239,0.066267,0.079709,0.084292,0.260345,1.000000,0.169808,0.238064,0.095908,0.177769,0.104772,0.046708,0.160062,0.253730,0.003642,0.198720,0.105914,0.114636,0.163940,0.280262,0.068766,0.211771,0.071890,0.188074,0.095491,0.128908,0.093219,0.055786,0.194087,0.071384,0.060818,0.093330,0.118189,0.123701,0.177935,0.114386,0.006245,0.154366,0.040863,0.194652,-0.093231,0.302591,0.092766,0.125590,0.142518,0.119078,0.141666,0.018576,0.106342,0.146479,0.211344,0.033463,0.219133,0.023449,0.088347,0.209301,0.077505,0.120937,0.097980,-0.011296,0.195596,0.097810,0.080465,0.118445,0.121630,0.161269,0.058513,0.212339,0.054519,0.118110,0.231337,0.114747,-0.023702,0.214223,0.173015,0.109770,0.037772,0.252544,0.141811,0.055697,0.022379,0.072145,0.130671,0.126012,0.043523,0.074907,0.242754,0.038355,0.094492,0.083768,0.208628,0.093918,0.116461,0.155276,-0.012361,0.117786,0.214464,0.146978,0.040972,0.181995,-0.012437,0.173621,0.111975,0.067515,0.059631,0.182587,0.111482,0.013624,0.022061,0.000836,0.170722,0.171106,0.139541,0.157170,0.064754,0.035938,0.146360,0.163507,0.112644,0.254605,-0.018781,0.119347,0.079884,0.152195,0.160199,0.137242,-0.041994,0.016214,0.002670,-0.060889,0.034523,0.139286,0.119012,0.034973,0.134449,-0.003763,0.115176,0.153255,0.194435,0.026968,0.118194,-0.055654,0.134965,0.252293,0.037428,0.252572,0.156330,0.127619,0.096738,0.174613,0.015399,0.079594,0.288818,0.036389,0.133339,0.163853,0.155769,0.146014,0.152233,0.008211,-0.038151,0.144502,0.048175,0.062127,0.071589,0.148906,0.244031,0.126482,0.011886,0.101927,0.194437,0.080021,0.144940,0.272152,0.027559,0.092368,-0.050134,0.125036,-0.027820,0.087085,-0.115878,0.121482,0.171072,0.097928,0.087441,0.118628,0.128647,0.196628,0.096450,-0.002728,#
16,0.185426,0.133165,0.028649,0.133982,0.093561,0.098093,0.144121,0.149233,0.036801,0.059739,0.064702,0.027137,0.345941,0.207911,0.129973,0.169808,1.000000,0.128717,0.077610,0.292080,0.266200,0.145641,0.074190,0.141322,-0.006368,0.197339,0.171084,-0.018468,0.047157,0.284036,0.042809,0.270458,0.093223,0.306047,0.127797,0.138224,0.141357,-0.000338,0.205960,0.099942,-0.005211,0.119822,0.167760,0.136560,0.125201,0.232505,0.055562,0.005394,0.115616,0.070890,0.065207,0.150639,0.213789,0.224800,0.161355,0.070629,-0.033573,0.093896,0.143921,-0.020088,0.068990,0.217709,0.187772,0.095774,0.180439,0.115730,0.061405,0.298337,0.106055,0.216390,0.014224,0.146605,0.281286,0.060629,0.128716,0.177355,0.088643,0.215019,0.136448,0.143091,0.074769,0.079227,0.021608,0.179229,0.157040,0.138407,0.208117,0.159706,0.193165,0.081477,0.069969,0.126243,0.080303,0.059228,0.100815,0.053610,0.180702,0.057001,0.135763,0.180199,0.035835,0.022797,-0.037056,0.133446,0.061925,0.145672,0.156785,0.021989,0.058947,0.184037,0.158407,0.123727,0.134573,0.050964,0.249294,0.254837,0.171322,0.035003,0.002840,0.177811,0.214497,0.219176,0.149456,0.223442,0.283033,0.008527,0.169243,-0.051329,0.064234,0.168576,0.117186,0.056120,0.241819,-0.068504,0.303300,0.249099,-0.067110,0.147181,0.092440,0.167038,0.020647,0.128660,0.059981,0.126016,0.183397,0.059130,0.095531,0.127900,0.206362,0.179848,-0.097933,0.211802,0.031757,0.057108,0.173067,0.205437,0.083237,0.054348,0.112561,0.200974,0.025200,0.267149,0.177177,0.171984,0.066601,0.130307,0.188171,0.089308,0.018559,-0.015987,0.070946,0.154446,0.089385,0.007643,0.093997,0.104246,0.048038,0.174877,0.173496,0.000105,0.039620,0.126209,0.181053,0.014684,0.041366,0.234291,0.141325,0.147348,0.060137,0.080636,0.153005,-0.044538,0.003161,0.067193,0.134734,0.200728,-0.017142,0.090600,0.003401,0.085746,#
17,0.220667,0.105009,0.068102,0.175116,0.160646,0.169735,0.107328,0.222372,0.145008,0.071506,0.107272,0.250725,0.168785,0.106914,0.062246,0.238064,0.128717,1.000000,0.081419,0.177353,0.246272,0.109096,0.095213,0.257369,0.124733,0.180413,0.111948,0.066624,-0.007894,0.184245,0.093146,0.092175,0.199398,0.126318,0.088934,0.232411,0.018074,0.126367,0.272092,0.063586,0.212397,0.183666,0.115193,0.171258,0.070958,0.198317,0.155085,0.140619,0.130345,0.124187,0.139870,0.159770,0.074432,0.125794,0.102627,0.188579,0.175392,0.095484,0.088000,0.003667,0.190192,0.114334,0.085819,0.034330,0.150474,0.277901,0.192156,0.218123,0.094126,0.168703,0.106349,0.165345,0.115768,0.047351,0.135465,0.232013,0.069375,0.160416,0.084254,0.186830,0.140424,0.126133,0.200995,0.058812,0.074095,-0.028217,0.214597,0.128223,0.176150,0.116962,0.039363,0.037009,0.174335,0.177296,0.020918,0.189323,0.168854,0.184843,0.053566,0.123300,0.169514,-0.071943,0.111158,0.195427,0.010884,0.164030,0.161912,0.155808,0.125638,0.060664,0.163614,0.183456,0.023525,0.269812,0.147120,0.136578,0.023845,0.030878,-0.006863,0.093032,0.059741,0.223951,0.103813,0.201552,0.304596,0.136405,0.184333,0.029498,0.086160,0.146227,0.195589,0.174461,0.229701,0.090525,0.094051,0.264486,0.062301,0.177844,0.148689,0.201544,0.137706,0.205026,0.154435,0.147981,0.190547,0.135768,0.084181,0.127023,0.040996,-0.025803,0.124580,-0.056577,0.027372,0.154186,0.231689,0.288594,0.181445,0.059483,0.260910,0.171920,0.108662,0.191678,0.266314,0.153115,0.133543,0.218668,0.087741,0.154681,0.148923,0.046348,0.274960,0.061671,0.066039,0.057476,0.143431,0.011657,0.196553,0.129859,-0.038443,0.286252,0.076086,0.239888,0.228166,0.158586,0.029024,0.117485,0.108603,0.179762,0.102422,0.114824,0.064894,0.174479,0.183123,0.118064,0.281700,0.210608,0.026096,0.217093,0.036878,0.153715,#
18,0.231360,-0.015329,0.110534,0.249547,0.186115,-0.030888,0.109190,0.063744,0.094122,0.085851,0.062815,0.151075,0.173742,0.148821,0.214345,0.095908,0.077610,0.081419,1.000000,0.179112,0.169477,0.159685,0.063985,0.275218,0.187339,0.082268,0.081812,0.240332,0.075120,0.115114,0.025424,-0.004142,0.178790,0.108136,0.201940,0.229224,0.175334,0.100081,0.114991,0.266649,0.078986,0.087202,0.133199,0.129674,0.184707,0.063475,0.125565,0.052756,-0.095644,0.165188,0.116499,0.007777,0.211366,0.146739,0.077083,0.167487,0.123447,0.120728,0.021011,0.061774,0.154959,0.043740,0.199871,0.055810,0.159103,0.135122,0.190870,0.181067,-0.054467,0.028186,0.109326,0.028162,0.096534,0.020953,0.121434,0.109720,0.144994,0.154573,0.177279,0.137907,0.145554,0.020777,0.146441,0.192330,0.150365,-0.024126,0.184256,0.082813,0.115560,0.042729,0.233583,0.023085,0.058785,0.137455,0.135910,0.197679,0.291231,0.093660,0.109118,0.208123,0.102397,0.201153,0.172610,0.139713,0.230224,0.201334,0.078785,0.047495,0.128200,0.100521,0.215107,0.184267,0.225250,0.097299,0.023986,0.070292,0.062916,-0.115043,0.028465,0.140259,0.130077,0.172162,0.153047,-0.010002,0.159891,-0.040691,0.150478,0.106837,0.258701,0.115126,0.102484,0.219066,0.079886,0.187891,0.163833,0.029522,0.029080,0.200342,0.049744,0.117117,0.076236,0.110599,0.146934,0.140834,0.123674,0.231123,0.122496,0.063684,0.032106,0.081717,-0.007686,0.176142,0.093462,0.080542,0.105229,0.202189,0.171468,0.148723,0.032650,0.292267,0.143817,0.112268,0.169560,0.132126,0.107740,0.252572,0.160394,0.057470,0.039465,0.180907,-0.000848,0.170762,0.221618,0.087142,-0.015049,0.209818,0.175220,0.200507,0.168454,0.035747,0.074146,0.117939,0.170226,0.067561,0.103046,0.058851,0.261804,0.073310,0.079225,0.091854,0.104731,0.181796,0.161160,0.133702,0.185626,0.070095,0.015891,0.202422,0.234268,0.057040,#
19,0.263964,0.123139,0.167115,0.188220,0.351095,0.225727,0.041536,0.145667,0.190543,0.322677,0.162671,0.006753,0.272156,0.178110,0.269425,0.177769,0.292080,0.177353,0.179112,1.000000,0.169558,0.135209,0.206024,0.227894,0.048541,0.236149,0.290376,0.080549,0.124974,0.268939,0.109253,0.204128,0.151593,0.175516,0.143527,0.237491,0.124529,0.011362,0.301737,0.181187,0.168622,0.142438,0.056713,0.073655,0.136569,0.248641,0.276814,0.255320,0.134988,0.160886,0.113293,0.174184,0.081806,0.296958,0.183456,0.258157,0.205932,0.097609,0.157345,0.111008,0.231103,0.277857,0.226686,0.206616,0.317438,0.147186,0.085682,0.254395,0.064534,0.162204,0.221505,0.153914,0.207493,0.110061,0.255925,0.341017,0.136093,0.262151,0.354436,0.150177,0.228497,0.153664,0.168769,0.147454,0.266428,0.112704,0.117531,0.264444,0.191920,-0.035831,0.090009,0.136092,0.258933,0.080029,0.100916,0.200758,0.244574,0.197805,0.036171,0.155643,0.192556,0.174244,0.208481,0.212950,0.230126,0.320989,0.174581,0.319520,0.136863,0.046590,0.091861,0.176325,0.209578,0.253374,0.193424,0.143171,0.237146,0.187611,0.136111,-0.053363,0.239977,0.348641,0.260439,0.234874,0.361752,0.091152,0.326589,0.178348,0.114955,0.275126,0.105007,0.051764,0.209467,0.135046,0.245432,0.179012,0.143493,0.268809,0.114031,0.082822,0.044236,0.237276,0.230475,0.108493,0.166873,0.184399,0.124706,0.164304,0.188783,0.092678,0.138043,0.244594,0.143417,0.212273,0.226685,0.203548,0.174303,0.126618,0.216363,0.201838,0.280883,0.235548,0.223743,0.168893,0.234337,0.220475,0.074634,0.126089,0.219917,0.099858,0.172226,0.264155,0.299056,0.225428,0.132215,0.148575,0.283135,0.273786,0.132241,0.115750,0.041822,0.258742,0.264916,0.250832,0.243043,0.177801,0.134429,0.149818,0.185718,0.164998,0.290157,0.211061,0.002853,0.198678,0.172930,0.235245,0.043112,0.171872,0.253575,0.280483,#
20,0.115732,-0.003045,0.258588,0.171822,0.327128,0.133854,0.265096,0.089383,0.146152,0.166768,0.045564,0.067971,0.129208,0.182261,0.169329,0.104772,0.266200,0.246272,0.169477,0.169558,1.000000,0.154625,0.069558,0.211764,0.144492,0.272112,0.155324,0.041801,0.066469,0.175786,0.044952,0.061779,0.189112,0.217787,0.132411,0.207432,0.248502,0.094596,0.235153,0.202890,0.119684,0.291262,0.034451,0.009025,0.226156,0.200418,0.284397,0.005305,0.040710,0.117917,-0.011017,0.186264,0.108878,0.279507,0.204422,0.114473,0.166686,0.207639,0.170501,0.060461,0.205561,0.105296,0.236217,0.071872,0.183528,0.122299,0.146154,0.136927,0.246215,0.217090,0.258952,0.181903,0.193616,0.135542,0.112532,0.047313,0.106459,0.257778,0.163682,0.110248,0.178279,0.221890,0.207196,0.044754,0.172568,0.124799,0.150908,0.125707,0.175358,0.080046,0.156839,0.202618,0.166389,0.209665,0.254683,0.087971,0.200874,0.264170,0.178151,0.018503,0.158907,0.058756,0.190521,0.123162,0.111395,0.143911,0.128378,0.137005,0.045770,0.257196,0.227270,0.240350,0.100737,0.125513,0.162417,0.226632,0.264236,0.112968,-0.027465,0.176174,0.165304,0.217916,0.078932,0.168701,0.194931,0.113623,0.272726,0.116597,0.265323,0.196400,0.222214,0.112870,0.214748,0.111588,0.235903,0.142665,0.134459,0.114557,0.170737,0.109610,0.145520,0.197000,0.100084,0.174628,0.194305,0.125523,0.036683,0.131595,0.145101,0.204044,0.207777,0.129069,0.060460,0.201411,0.148281,0.155933,0.116176,0.003341,0.152240,0.309469,0.088671,0.254490,0.203775,0.162480,0.200716,0.059072,-0.008345,0.170851,0.118482,0.033250,0.212916,0.110894,0.121623,0.046220,0.060146,0.156991,0.033530,0.138067,0.293867,0.146574,0.101770,0.126672,0.120025,0.187044,0.100178,0.005777,0.132688,0.163452,0.118518,0.273951,-0.038708,0.134282,0.144683,0.221452,0.182293,0.073862,0.026588,0.163646,0.182745,0.216149,#
21,0.127706,0.136747,0.217501,0.182408,0.166232,0.003240,0.135779,0.171735,0.175540,0.095041,0.047762,0.157211,0.102893,0.172339,0.078588,0.046708,0.145641,0.109096,0.159685,0.135209,0.154625,1.000000,0.064850,0.110500,0.074010,0.064931,0.163405,0.098510,0.172079,0.119970,0.099967,0.125081,0.128994,0.229031,0.049432,0.286784,0.261990,0.241670,0.289718,0.095238,0.014367,0.152102,0.067836,0.131589,0.085210,0.123512,0.183694,0.226227,-0.008714,0.025234,0.164070,0.067922,0.000860,0.079540,0.156107,0.105759,0.076147,0.082767,0.018359,0.024868,0.128675,0.035879,0.177595,0.075125,0.278945,0.207921,0.022775,0.171647,0.223924,0.201264,0.250179,0.128700,0.289780,0.244813,0.128823,0.142990,0.019016,0.118584,0.024788,0.163959,0.170493,0.081945,0.075355,-0.106694,0.181882,-0.016919,0.175526,0.040853,0.154329,0.193676,0.056104,-0.046661,0.049785,0.056207,0.154793,0.090308,0.229697,0.125973,-0.000094,0.163012,0.257122,0.237694,0.130287,0.082405,0.108343,0.227368,0.125870,0.061777,0.181868,0.152175,0.182384,0.138580,0.063511,0.199762,0.121289,0.226684,0.251007,0.033418,0.030781,0.120154,0.125274,0.232926,0.092672,0.225553,0.168442,-0.001722,0.173354,0.180839,0.092368,0.112025,0.153964,0.141528,0.312134,0.120602,0.112348,0.091531,0.069173,0.029175,0.043718,0.224170,0.079799,0.219213,0.189858,0.122835,0.153345,0.246091,0.160769,0.114948,0.137969,0.018719,0.113778,-0.002861,0.057299,0.074412,0.249068,0.139432,-0.028047,0.071651,0.069199,0.124039,0.139061,0.295457,0.199587,0.154576,0.189838,0.059181,0.087539,0.136733,0.009364,0.203661,0.086835,0.106238,0.165715,0.096721,0.056450,0.191104,0.159220,0.173593,0.075047,0.099330,0.066864,0.173691,-0.012359,0.131617,0.015276,0.138703,0.133935,0.144669,0.133017,0.142600,0.201606,0.040192,0.231559,0.157975,0.280736,0.154832,0.134714,0.208465,0.176605,0.148336,#
