0,1.000000,0.225183,0.310137,0.276483,0.311772,0.280790,0.172241,0.162389,0.299560,0.236859,0.370498,0.214681,0.164490,0.120122,0.381252,0.339974,0.318179,0.389314,0.344507,0.381175,0.308113,0.290777,0.272078,0.404567,0.226954,0.258909,0.345061,0.217738,0.282030,0.300887,0.196410,0.230209,0.247245,0.215541,0.212381,0.386748,0.294277,0.218741,0.386113,0.377347,0.261645,0.306778,0.221482,0.290859,0.219088,0.333241,0.261765,0.374562,0.246361,0.387231,0.319590,0.234814,0.281858,0.280548,0.340705,0.283642,0.306318,0.304275,0.222027,0.261291,0.353101,0.255147,0.307316,0.239543,0.294588,0.195860,0.291163,0.279828,0.303889,0.301611,0.281355,0.213082,0.353751,0.275579,0.194960,0.032077,0.334605,0.354026,0.301811,0.138722,0.302505,0.181461,0.255895,0.295244,0.358590,0.213309,0.371028,0.235138,0.427722,0.244465,0.283476,0.153123,0.273297,0.287125,0.332926,0.362712,0.404061,0.186308,0.296849,0.330836,0.317811,0.329671,0.220932,0.373632,0.271239,0.260495,0.374694,0.320951,0.259921,0.147377,0.184652,0.249286,0.226386,0.287187,0.258930,0.273247,0.289670,0.176249,0.193128,0.214231,0.377594,0.276295,0.324326,0.306401,0.312367,0.359931,0.285116,0.148065,0.180310,0.335426,0.298232,0.257463,0.306204,0.203912,0.246168,0.235956,0.305545,0.279573,0.132786,0.358526,0.319806,0.262354,0.255582,0.232559,0.304964,0.279407,0.199871,0.206588,0.314691,0.252527,0.161045,0.289812,0.277628,0.243863,0.251942,0.261029,0.228270,0.259445,0.297032,0.321243,0.302098,0.403824,0.134846,0.135578,0.292692,0.198842,0.207388,0.273463,0.279957,0.266949,0.294177,0.048407,0.378586,0.290280,0.139709,0.305971,0.343040,0.301557,0.258080,0.221572,0.259174,0.387481,0.159535,0.173951,0.233146,0.246323,0.279514,0.440878,0.343718,0.120011,0.284393,0.379059,0.175199,0.207630,0.398666,0.206331,0.111559,0.297740,0.417908,0.318426,#
1,0.225183,1.000000,0.284119,0.317240,0.353479,0.310878,0.383464,0.318983,0.354828,0.216327,0.453845,0.371545,0.256645,0.291318,0.176939,0.188786,0.248900,0.326721,0.213838,0.320119,0.255454,0.310431,0.182139,0.255761,0.319785,0.327034,0.319004,0.401046,0.151262,0.325818,0.341530,0.246509,0.299962,0.280430,0.135975,0.286204,0.223543,0.241641,0.417105,0.270309,0.261006,0.263162,0.349874,0.292998,0.248564,0.363984,0.419667,0.300657,0.242447,0.210236,0.384616,0.244636,0.400975,0.334938,0.268551,0.383760,0.247461,0.246084,0.315850,0.306738,0.280082,0.316220,0.321245,0.279411,0.260210,0.350075,0.232577,0.338332,0.397913,0.298364,0.294322,0.248225,0.412354,0.211346,0.328101,0.181936,0.286144,0.327048,0.438879,0.247427,0.293982,0.427579,0.312945,0.321196,0.306536,0.097518,0.387091,0.299508,0.318913,0.325188,0.311938,0.342934,0.221959,0.313187,0.234390,0.307987,0.270873,0.255897,0.215048,0.258254,0.283420,0.241389,0.299820,0.316433,0.228714,0.290929,0.315396,0.397833,0.275379,0.287829,0.333007,0.297268,0.209037,0.251444,0.367074,0.396674,0.324847,0.181165,0.262504,0.275013,0.191960,0.305342,0.357584,0.349517,0.311911,0.316890,0.292689,0.259476,0.244479,0.311320,0.237618,0.307958,0.260506,0.284372,0.455743,0.316293,0.341861,0.353390,0.220043,0.352761,0.325148,0.215562,0.205115,0.273814,0.397780,0.266746,0.232285,0.180256,0.319716,0.297605,0.309552,0.308076,0.198026,0.154236,0.335675,0.323043,0.221919,0.274304,0.194074,0.126180,0.144912,0.379175,0.277303,0.298421,0.359938,0.227237,0.200521,0.225667,0.297314,0.384345,0.347797,0.324562,0.277448,0.203734,0.332975,0.281689,0.168387,0.355451,0.291047,0.215177,0.234146,0.231443,0.316427,0.209117,0.388203,0.293975,0.228440,0.228693,0.295852,0.329218,0.400509,0.365501,0.176881,0.233666,0.309815,0.284080,0.086199,0.335840,0.219731,0.302169,#
2,0.310137,0.284119,1.000000,0.346804,0.313268,0.273303,0.311595,0.300963,0.219435,0.234454,0.359513,0.396831,0.205142,0.301434,0.195309,0.307043,0.228171,0.259069,0.261140,0.315804,0.373087,0.399022,0.194967,0.299315,0.321769,0.396986,0.394883,0.262861,0.208092,0.330564,0.246545,0.187877,0.205995,0.221214,0.179192,0.316839,0.297281,0.199537,0.328208,0.198868,0.385985,0.335417,0.258988,0.224454,0.222047,0.351064,0.259536,0.336431,0.180421,0.280748,0.300239,0.416997,0.302062,0.244682,0.159176,0.286774,0.241790,0.238861,0.281215,0.317689,0.255058,0.242435,0.270658,0.287852,0.382905,0.350840,0.292100,0.221669,0.308414,0.357444,0.268841,0.260183,0.249835,0.243564,0.342156,0.247973,0.254583,0.326368,0.314175,0.253775,0.374763,0.170753,0.210428,0.198747,0.320439,0.243744,0.410946,0.283147,0.299966,0.216998,0.229301,0.305650,0.344317,0.299561,0.248024,0.277892,0.307979,0.277572,0.296117,0.238491,0.344461,0.283372,0.199710,0.335250,0.242559,0.266234,0.311930,0.380678,0.263077,0.318824,0.308804,0.328696,0.349466,0.299960,0.283025,0.406600,0.258112,0.251204,0.050079,0.207421,0.294685,0.312858,0.254217,0.259476,0.284387,0.239326,0.355015,0.233899,0.218989,0.307212,0.228025,0.347764,0.299995,0.182735,0.345022,0.349539,0.237459,0.312421,0.145532,0.164087,0.207555,0.245099,0.283371,0.207515,0.440239,0.239739,0.122201,0.270121,0.326602,0.192647,0.274456,0.361690,0.345769,0.284603,0.265172,0.217616,0.191390,0.132259,0.267105,0.235648,0.259097,0.332521,0.319407,0.336275,0.329461,0.244181,0.259610,0.244762,0.148753,0.236347,0.181153,0.356063,0.239013,0.202440,0.270847,0.237896,0.361377,0.323919,0.172589,0.242835,0.328760,0.255379,0.162186,0.368026,0.169987,0.314460,0.183015,0.182024,0.338981,0.145319,0.247500,0.321353,0.383513,0.212241,0.340494,0.181728,0.092981,0.311746,0.377115,0.330449,#
3,0.276483,0.317240,0.346804,1.000000,0.325241,0.292764,0.304833,0.333498,0.359390,0.263666,0.392821,0.389834,0.224950,0.299950,0.286984,0.312659,0.290378,0.407805,0.320642,0.323199,0.322099,0.307014,0.347897,0.479059,0.361833,0.338742,0.357983,0.237667,0.313484,0.352726,0.343675,0.389290,0.451991,0.394061,0.116314,0.380710,0.328553,0.441353,0.453396,0.246932,0.367838,0.420572,0.311542,0.387777,0.232071,0.382482,0.315275,0.379522,0.158529,0.347553,0.375859,0.324079,0.330912,0.249684,0.246653,0.405603,0.311373,0.302163,0.323022,0.350331,0.279847,0.243554,0.296130,0.282374,0.426271,0.354004,0.311296,0.298766,0.253282,0.363656,0.315423,0.239338,0.381605,0.207900,0.363295,0.340973,0.317621,0.374161,0.372694,0.215651,0.409091,0.343985,0.337443,0.238373,0.394083,0.247674,0.402007,0.239186,0.420649,0.390393,0.347591,0.332979,0.345206,0.389111,0.282802,0.344085,0.383015,0.212668,0.379072,0.273333,0.403774,0.250085,0.321696,0.331265,0.415296,0.288285,0.374119,0.356173,0.211364,0.256903,0.348837,0.257272,0.302179,0.320198,0.234974,0.319383,0.332698,0.231117,0.211592,0.259380,0.363280,0.312472,0.286242,0.470383,0.267730,0.259999,0.379908,0.318453,0.178152,0.365756,0.338845,0.385660,0.389512,0.324148,0.342890,0.380539,0.207822,0.281764,0.329385,0.293147,0.361427,0.374907,0.305349,0.309085,0.399376,0.253642,0.359890,0.366914,0.244416,0.312530,0.255269,0.233793,0.232209,0.321124,0.313593,0.272552,0.276532,0.327358,0.286619,0.319573,0.321780,0.369509,0.389811,0.389579,0.342995,0.274045,0.314277,0.312235,0.225662,0.296650,0.336987,0.244256,0.275303,0.187675,0.262812,0.329402,0.358397,0.372432,0.189219,0.288257,0.292359,0.393763,0.390437,0.245447,0.175146,0.265587,0.241404,0.324216,0.215612,0.248696,0.288879,0.378878,0.358442,0.257501,0.297667,0.321200,0.279467,0.364063,0.298530,0.251705,#
4,0.311772,0.353479,0.313268,0.325241,1.000000,0.314653,0.273288,0.287371,0.320240,0.224553,0.294939,0.261162,0.223380,0.264545,0.216690,0.263761,0.155372,0.319859,0.291495,0.425449,0.389111,0.243877,0.285433,0.370493,0.221847,0.424698,0.233923,0.286078,0.333069,0.209682,0.222205,0.219157,0.307045,0.241118,0.185602,0.319238,0.373267,0.288708,0.338095,0.258110,0.351460,0.431513,0.216674,0.202352,0.403803,0.311937,0.396182,0.347779,0.225142,0.312995,0.267863,0.258279,0.261898,0.284337,0.359363,0.441758,0.239230,0.276845,0.311694,0.317958,0.361207,0.313741,0.218985,0.187661,0.254555,0.222455,0.308684,0.254172,0.268707,0.280469,0.294884,0.312377,0.367186,0.220793,0.229531,0.042338,0.273118,0.347543,0.316340,0.200419,0.355153,0.346539,0.205176,0.186038,0.403774,0.187490,0.344449,0.298530,0.332709,0.376573,0.344509,0.226166,0.243926,0.351261,0.228301,0.363281,0.293753,0.299522,0.237122,0.210859,0.304627,0.154177,0.306541,0.376551,0.288508,0.287131,0.184347,0.345987,0.266511,0.313822,0.357412,0.293478,0.289188,0.441302,0.272896,0.217451,0.264013,0.088878,0.183092,0.138558,0.247426,0.280139,0.288683,0.242753,0.373181,0.209729,0.386085,0.246689,0.249541,0.296745,0.327596,0.223891,0.329727,0.241648,0.362192,0.316683,0.241364,0.192653,0.219993,0.261777,0.379797,0.144617,0.258439,0.257015,0.357975,0.353029,0.235293,0.280020,0.240590,0.296958,0.294147,0.266371,0.322883,0.407630,0.301213,0.213247,0.362429,0.269374,0.239479,0.280415,0.301843,0.285419,0.167953,0.245432,0.159219,0.299916,0.182382,0.204629,0.206321,0.292387,0.182697,0.198732,0.332253,0.223051,0.349627,0.308318,0.347578,0.356082,0.219921,0.267625,0.191905,0.156144,0.355906,0.272145,0.194442,0.272873,0.107165,0.382532,0.308242,0.296483,0.193501,0.331853,0.217004,0.182622,0.268176,0.334154,0.213806,0.420915,0.306332,0.362098,#
5,0.280790,0.310878,0.273303,0.292764,0.314653,1.000000,0.206478,0.265681,0.313185,0.335932,0.339998,0.254981,0.240984,0.171850,0.303077,0.230139,0.264779,0.299807,0.211685,0.227114,0.329862,0.235414,0.252777,0.320369,0.264708,0.285230,0.324605,0.335829,0.286234,0.300567,0.263383,0.300274,0.357099,0.264438,0.141353,0.271863,0.341880,0.133501,0.328259,0.309370,0.291894,0.382542,0.144751,0.404652,0.253414,0.303715,0.300156,0.220502,0.222087,0.305727,0.327338,0.288564,0.284382,0.143714,0.252510,0.346028,0.146665,0.251546,0.366385,0.282233,0.263813,0.242882,0.290071,0.221644,0.372118,0.301596,0.311498,0.219878,0.275838,0.209944,0.283094,0.290385,0.335581,0.333921,0.242481,0.175493,0.313076,0.304674,0.340738,0.300402,0.259637,0.297178,0.363221,0.165156,0.203513,0.215095,0.262267,0.222851,0.316367,0.199010,0.215364,0.311183,0.277077,0.368217,0.237858,0.279620,0.218980,0.235770,0.338687,0.141188,0.257348,0.299547,0.198148,0.292668,0.206933,0.254292,0.233142,0.384973,0.249411,0.223220,0.334927,0.267899,0.270995,0.228481,0.327744,0.281365,0.290787,0.288444,0.184990,0.219816,0.148326,0.341460,0.189753,0.298635,0.152409,0.169128,0.174595,0.126673,0.361846,0.361329,0.275474,0.354405,0.333067,0.238377,0.416571,0.389468,0.186603,0.294396,0.154344,0.123917,0.281494,0.262110,0.222219,0.283040,0.329605,0.231103,0.237514,0.268748,0.127535,0.271006,0.291993,0.190361,0.286552,0.327893,0.246947,0.264918,0.301146,0.173530,0.349271,0.129410,0.267681,0.269027,0.266623,0.235781,0.277168,0.154959,0.126054,0.274379,0.291440,0.394085,0.292630,0.243462,0.322221,0.203781,0.148209,0.263756,0.297738,0.316246,0.307109,0.225234,0.305131,0.240243,0.416182,0.226148,0.242241,0.319108,0.275803,0.212378,0.265853,0.212605,0.284564,0.309713,0.231505,0.208039,0.391116,0.195403,0.074128,0.384388,0.236399,0.369453,#
6,0.172241,0.383464,0.311595,0.304833,0.273288,0.206478,1.000000,0.256850,0.267643,0.135458,0.240353,0.243070,0.150412,0.240895,0.132569,0.203539,0.197627,0.266903,0.255847,0.240587,0.256452,0.290853,0.119779,0.187601,0.176085,0.255571,0.184535,0.274858,0.290202,0.253587,0.161733,0.227087,0.192831,0.181689,0.105380,0.144356,0.146042,0.236329,0.264605,0.246561,0.244631,0.221836,0.129973,0.255647,0.172683,0.219617,0.226424,0.312521,0.163520,0.269052,0.175467,0.237489,0.263626,0.221217,0.119557,0.266548,0.157183,0.275692,0.256530,0.346178,0.248308,0.215020,0.204200,0.187838,0.219319,0.432949,0.231084,0.257876,0.246652,0.246411,0.252484,0.237619,0.317867,0.162300,0.314153,0.165012,0.252627,0.245726,0.319270,0.165398,0.268757,0.252874,0.269352,0.154855,0.276020,0.207486,0.212470,0.276340,0.229961,0.275422,0.247172,0.176938,0.196472,0.276706,0.173782,0.289428,0.277555,0.219180,0.254506,0.268401,0.273738,0.292114,0.213576,0.232257,0.033623,0.330290,0.158723,0.215179,0.235603,0.245996,0.270393,0.261135,0.202023,0.120406,0.213189,0.265201,0.307915,0.096293,0.167524,0.175448,0.244480,0.277013,0.187776,0.222202,0.221429,0.203706,0.183564,0.257166,0.123512,0.302959,0.233311,0.183292,0.287913,0.098049,0.349838,0.213874,0.197039,0.258210,0.194295,0.221364,0.182413,0.110318,0.080895,0.273797,0.135398,0.251608,0.232760,0.140869,0.228728,0.066364,0.362175,0.155108,0.277030,0.179058,0.277429,0.212337,0.123998,0.262953,0.228282,0.137541,0.113930,0.321058,0.285811,0.227051,0.271869,0.197488,0.150909,0.236472,0.205806,0.273684,0.091550,0.159670,0.202226,0.145258,0.276178,0.278705,0.155401,0.258295,0.300484,0.113325,0.090486,0.183930,0.256111,0.297919,0.289018,0.266963,0.139536,0.241938,0.299763,0.262299,0.201102,0.205549,0.249307,0.232197,0.172691,0.140437,0.164190,0.282672,0.181017,0.301591,#
7,0.162389,0.318983,0.300963,0.333498,0.287371,0.265681,0.256850,1.000000,0.293822,0.312690,0.343630,0.433657,0.126175,0.297869,0.264860,0.272452,0.199134,0.382112,0.215504,0.347842,0.266455,0.233970,0.341341,0.243153,0.339044,0.287057,0.341947,0.410428,0.238844,0.281870,0.295744,0.233441,0.338763,0.230640,0.119463,0.325189,0.165263,0.202150,0.375761,0.298057,0.271700,0.319302,0.286816,0.245122,0.280026,0.339120,0.281861,0.306106,0.296721,0.315159,0.409017,0.331789,0.201444,0.270293,0.224569,0.306746,0.227653,0.309034,0.314293,0.327877,0.314809,0.183759,0.319799,0.241415,0.400310,0.306733,0.298015,0.223613,0.268660,0.420785,0.248547,0.174101,0.444815,0.235488,0.233351,0.196332,0.234092,0.364409,0.341334,0.407420,0.308645,0.308621,0.358175,0.235338,0.330161,0.197023,0.351631,0.145068,0.297878,0.305634,0.251545,0.249726,0.283504,0.325825,0.191012,0.263429,0.211517,0.273667,0.208286,0.149885,0.320101,0.177876,0.254193,0.276140,0.171609,0.385227,0.374267,0.231469,0.301921,0.268780,0.234973,0.273139,0.148613,0.289549,0.444552,0.291183,0.162972,0.170541,0.224060,0.322173,0.277694,0.348453,0.194469,0.348117,0.326251,0.247105,0.363826,0.336342,0.201883,0.218930,0.176014,0.275435,0.375890,0.255174,0.471383,0.293095,0.141117,0.443801,0.250173,0.287145,0.363826,0.219501,0.135292,0.222290,0.357184,0.220689,0.266554,0.242250,0.202004,0.273572,0.300493,0.351071,0.174748,0.191308,0.134273,0.325275,0.306256,0.345617,0.315851,0.319290,0.211850,0.338257,0.257196,0.227726,0.192766,0.297774,0.357962,0.183912,0.285425,0.293138,0.272466,0.256484,0.286116,0.180890,0.307399,0.235259,0.236423,0.276158,0.096452,0.358853,0.271066,0.267679,0.274310,0.274843,0.103737,0.324680,0.154445,0.207285,0.227400,0.354101,0.299834,0.306802,0.312606,0.243685,0.216237,0.227308,0.126607,0.342002,0.314508,0.300805,#
8,0.299560,0.354828,0.219435,0.359390,0.320240,0.313185,0.267643,0.293822,1.000000,0.268157,0.371413,0.316405,0.264792,0.262565,0.386532,0.330695,0.145147,0.259574,0.205165,0.309948,0.298743,0.264929,0.233573,0.352345,0.201213,0.303378,0.260408,0.331770,0.168709,0.351626,0.195364,0.279305,0.223451,0.270665,0.196136,0.359587,0.311684,0.206991,0.321062,0.307510,0.278929,0.347699,0.135108,0.261835,0.399473,0.333910,0.287460,0.266940,0.213581,0.279276,0.272845,0.395848,0.173123,0.425577,0.282684,0.396353,0.286792,0.290152,0.258668,0.385080,0.343533,0.192636,0.379211,0.150615,0.379788,0.380437,0.337494,0.260691,0.406518,0.306945,0.232038,0.243487,0.368326,0.207468,0.267113,0.181557,0.266073,0.277259,0.323831,0.180052,0.344974,0.343434,0.318748,0.092191,0.377875,0.205065,0.283186,0.216352,0.322925,0.301237,0.256709,0.261595,0.293934,0.270025,0.368679,0.386645,0.378945,0.256656,0.261380,0.217540,0.307254,0.187811,0.250557,0.301500,0.339081,0.189669,0.344925,0.277246,0.167235,0.313447,0.170617,0.246790,0.130592,0.259069,0.314225,0.412066,0.285996,0.160032,0.130721,0.319336,0.318866,0.283395,0.236224,0.337818,0.287801,0.351064,0.249950,0.360096,0.125398,0.326610,0.250992,0.204880,0.334857,0.219556,0.377342,0.352140,0.225210,0.329191,0.317379,0.243161,0.338417,0.305638,0.376667,0.183486,0.279468,0.274573,0.303551,0.316564,0.270857,0.235810,0.383707,0.198115,0.242483,0.338310,0.428642,0.365418,0.248190,0.306942,0.247237,0.293585,0.167036,0.321571,0.171869,0.290526,0.335585,0.309676,0.282419,0.181586,0.269369,0.290737,0.303418,0.150270,0.230909,0.255611,0.270776,0.256681,0.193957,0.342476,0.265695,0.248626,0.285632,0.250296,0.233601,0.337338,0.275725,0.312460,0.117498,0.160480,0.297205,0.210589,0.303177,0.304064,0.261540,0.237746,0.364230,0.173886,0.174492,0.182278,0.263997,0.219646,#
9,0.236859,0.216327,0.234454,0.263666,0.224553,0.335932,0.135458,0.312690,0.268157,1.000000,0.414655,0.235702,0.125977,0.196024,0.277568,0.298630,0.199653,0.191768,0.120530,0.341633,0.309623,0.196459,0.205924,0.240923,0.169227,0.202156,0.303734,0.295604,0.207402,0.251088,0.366203,0.225338,0.156297,0.230092,0.253209,0.298167,0.095001,0.282368,0.302201,0.195616,0.309550,0.316648,0.164906,0.108500,0.192833,0.366566,0.210475,0.231342,0.142340,0.187164,0.296434,0.323891,0.239507,0.192382,0.185417,0.340107,0.247150,0.225978,0.206823,0.189854,0.247463,0.217046,0.339974,0.209385,0.346727,0.275643,0.145310,0.179343,0.252811,0.151171,0.318095,0.264353,0.256647,0.229042,0.224079,0.200381,0.240186,0.191291,0.370599,0.277911,0.207727,0.313003,0.179435,0.115020,0.305921,0.213586,0.339971,0.197772,0.105494,0.106586,0.145618,0.342417,0.241772,0.208552,0.263052,0.273820,0.358113,0.250945,0.213588,0.030110,0.234640,0.225846,0.357847,0.208858,0.309606,0.208852,0.273814,0.205824,0.267841,0.132070,0.206618,0.196092,0.211394,0.320818,0.198380,0.300080,0.222539,0.249727,0.315000,0.069000,0.289763,0.377302,0.191015,0.333677,0.206336,0.252020,0.100687,0.333769,0.212001,0.295980,0.200654,0.240841,0.211799,0.242704,0.300462,0.193861,0.215910,0.371859,0.141174,0.121206,0.176493,0.334447,0.213531,0.189849,0.252516,0.147238,0.248543,0.278520,0.110370,0.379253,0.215019,0.112479,0.377449,0.290121,0.206870,0.269103,0.259123,0.285683,0.364140,0.159644,0.231239,0.198183,0.129022,0.349356,0.258147,0.122793,0.228623,0.197709,0.409044,0.209506,0.239909,0.198736,0.242723,0.237553,0.191316,0.273820,0.236329,0.162589,0.122931,0.291831,0.124526,0.215511,0.329408,0.245736,0.160765,0.247126,0.173070,0.239342,0.357148,0.199966,0.263998,0.232784,0.202484,0.238585,0.242546,0.206179,0.110291,0.189716,0.230966,0.246305,#
10,0.370498,0.453845,0.359513,0.392821,0.294939,0.339998,0.240353,0.343630,0.371413,0.414655,1.000000,0.275442,0.124655,0.301130,0.339771,0.289618,0.235319,0.339940,0.383400,0.367460,0.253740,0.251323,0.162987,0.314288,0.288594,0.232112,0.345810,0.338374,0.217473,0.352987,0.348472,0.293415,0.314734,0.253824,0.209684,0.418584,0.221309,0.281077,0.418592,0.291167,0.288032,0.270550,0.250809,0.151345,0.221993,0.373805,0.333249,0.343563,0.302888,0.349579,0.302134,0.347527,0.286902,0.332629,0.237496,0.338331,0.198070,0.233637,0.313011,0.319249,0.249840,0.317463,0.304153,0.341734,0.394904,0.365226,0.376278,0.247816,0.321528,0.256448,0.320278,0.296493,0.364090,0.226467,0.225641,0.235702,0.297041,0.243336,0.336046,0.222320,0.350378,0.325006,0.330554,0.253676,0.397145,0.110596,0.364655,0.266386,0.315758,0.300350,0.217944,0.269161,0.340071,0.292829,0.265907,0.372879,0.353008,0.184245,0.349900,0.261751,0.269892,0.265675,0.278938,0.299907,0.334898,0.162875,0.342499,0.404755,0.193443,0.227211,0.242505,0.349428,0.220487,0.306513,0.376501,0.468795,0.256946,0.146797,0.202717,0.193853,0.261711,0.314028,0.254746,0.318060,0.252669,0.249331,0.225482,0.310372,0.278387,0.400263,0.327183,0.289874,0.298179,0.194055,0.360922,0.318833,0.198413,0.448613,0.133445,0.272590,0.362153,0.234535,0.307484,0.263468,0.379262,0.218937,0.099788,0.224514,0.221679,0.320369,0.287438,0.317252,0.340235,0.245798,0.321667,0.266538,0.342339,0.192571,0.332083,0.297037,0.295887,0.277403,0.328245,0.330796,0.348668,0.212489,0.315828,0.224035,0.259633,0.342961,0.321612,0.279786,0.265507,0.276578,0.323747,0.180127,0.241963,0.367553,0.260859,0.326096,0.300398,0.248383,0.394227,0.217768,0.291457,0.283394,0.115372,0.166188,0.338019,0.289026,0.355750,0.330986,0.233207,0.208091,0.341629,0.254258,0.109762,0.359574,0.359233,0.434572,#
11,0.214681,0.371545,0.396831,0.389834,0.261162,0.254981,0.243070,0.433657,0.316405,0.235702,0.275442,1.000000,0.211454,0.259438,0.154989,0.256814,0.253688,0.356471,0.213934,0.133466,0.288209,0.352522,0.178579,0.322465,0.375725,0.398407,0.212071,0.421867,0.062867,0.351357,0.334111,0.308464,0.268249,0.284178,0.181384,0.302662,0.273773,0.219126,0.312444,0.309390,0.321907,0.390545,0.351497,0.391793,0.196217,0.410143,0.275494,0.306212,0.214580,0.206783,0.381486,0.333079,0.254592,0.407360,0.156301,0.283653,0.264766,0.297399,0.303109,0.254992,0.234475,0.249796,0.357192,0.285421,0.370411,0.395845,0.326474,0.378342,0.326257,0.366524,0.217617,0.194800,0.384569,0.217029,0.246484,0.193146,0.259136,0.276415,0.373064,0.235955,0.343839,0.206106,0.347176,0.260145,0.376589,0.141621,0.374236,0.309122,0.300258,0.226339,0.297745,0.340916,0.376332,0.506626,0.244563,0.303207,0.221183,0.228656,0.331190,0.352154,0.334796,0.276618,0.247730,0.297795,0.216139,0.371402,0.340146,0.325152,0.344701,0.278753,0.316891,0.283508,0.331684,0.292142,0.127364,0.481179,0.291276,0.210435,0.162176,0.300896,0.253655,0.354502,0.328220,0.337894,0.271609,0.210946,0.312639,0.345313,0.301563,0.258949,0.197782,0.421570,0.324052,0.295158,0.286733,0.268404,0.044051,0.445753,0.140410,0.332664,0.278038,0.240582,0.216667,0.312879,0.358600,0.238975,0.375290,0.186149,0.223899,0.217996,0.254439,0.415131,0.248592,0.242102,0.314822,0.255691,0.231927,0.148972,0.271613,0.265973,0.253330,0.376121,0.190314,0.288632,0.316527,0.218062,0.372237,0.286957,0.338067,0.336855,0.315245,0.146913,0.234694,0.152543,0.299052,0.326520,0.322432,0.252984,0.148313,0.248197,0.349886,0.258843,0.290633,0.223450,0.127796,0.336747,0.168001,0.220858,0.247928,0.316134,0.222645,0.230480,0.394032,0.189166,0.402189,0.223735,0.186922,0.306802,0.249482,0.306359,#
12,0.164490,0.256645,0.205142,0.224950,0.223380,0.240984,0.150412,0.126175,0.264792,0.125977,0.124655,0.211454,1.000000,0.149011,0.278192,0.208194,0.286227,0.240941,0.308786,0.345731,0.283010,0.148176,0.171184,0.231220,0.174476,0.226949,0.237610,0.290934,0.184079,0.335749,0.061064,0.273156,0.244763,0.203365,0.183535,0.257036,0.218242,0.128487,0.237111,0.229813,0.355973,0.219176,0.271817,0.286216,0.278535,0.293713,0.251262,0.087626,0.223954,0.159703,0.306777,0.201284,0.185102,0.282301,0.196655,0.265948,0.148290,0.234792,0.156949,0.166135,0.250130,0.236149,0.174778,0.273751,0.340688,0.253657,0.203461,0.153252,0.214657,0.157454,0.111672,0.263485,0.262206,0.118424,0.300855,0.241222,0.240606,0.145006,0.202320,0.142456,0.258715,0.191885,0.150181,0.184231,0.250364,0.265691,0.220503,0.278320,0.293065,0.200684,0.207251,0.193556,0.182801,0.283677,0.195242,0.145020,0.381991,0.269024,0.108642,0.111287,0.205813,0.217076,0.239735,0.243522,0.317041,0.168588,0.227148,0.153744,0.122724,0.221385,0.296906,0.079834,0.236419,0.235035,0.204185,0.196918,0.273520,0.152400,0.185663,0.156688,0.220567,0.339718,0.325317,0.267204,0.141455,0.137570,0.243435,0.148846,0.111981,0.121021,0.196841,0.212232,0.182018,0.119022,0.236941,0.155776,0.203735,0.212906,0.222595,0.230720,0.295714,0.197986,0.141832,0.181973,0.121607,0.243777,0.212843,0.229570,0.162667,0.169680,0.170540,0.346842,0.172782,0.164260,0.194025,0.258108,0.144013,0.025017,0.142610,0.114763,0.131707,0.359051,0.200257,0.299151,0.226143,0.166809,0.301733,0.123212,0.204339,0.259964,0.186029,0.214665,0.199350,0.193585,0.245562,0.132691,0.248457,0.264004,0.121821,0.247448,0.238861,0.191640,0.293485,0.167614,0.251946,0.232831,0.230891,0.262503,0.195192,0.058583,0.293873,0.261011,0.257235,0.223062,0.190152,0.189502,0.146796,0.231216,0.257889,0.188296,#
13,0.120122,0.291318,0.301434,0.299950,0.264545,0.171850,0.240895,0.297869,0.262565,0.196024,0.301130,0.259438,0.149011,1.000000,0.343540,0.238911,0.233561,0.203493,0.257461,0.347010,0.286754,0.244141,0.136072,0.200845,0.297945,0.373280,0.301407,0.317733,0.206131,0.247661,0.307694,0.255766,0.299387,0.270209,0.180430,0.267219,0.157167,0.324097,0.145103,0.259504,0.173001,0.317732,0.290482,0.233734,0.251417,0.324607,0.327235,0.268268,0.240872,0.193640,0.317581,0.304575,0.267239,0.331591,0.226822,0.410204,0.186421,0.260710,0.275015,0.370225,0.310414,0.210508,0.393266,0.198322,0.277507,0.289315,0.453271,0.253306,0.410484,0.318895,0.170291,0.188069,0.301394,0.139104,0.360452,0.199482,0.323344,0.379872,0.371258,0.212723,0.368950,0.419789,0.282636,0.368331,0.417697,0.140147,0.394694,0.293202,0.294601,0.335114,0.248386,0.256784,0.352796,0.361690,0.207817,0.276420,0.277603,0.215757,0.277302,0.301635,0.316477,0.302396,0.288375,0.347463,0.250413,0.314936,0.304787,0.262940,0.356195,0.281611,0.226694,0.242829,0.354582,0.308956,0.308469,0.328687,0.314327,0.239675,0.149918,0.279041,0.344259,0.380180,0.246121,0.362521,0.278633,0.165279,0.184850,0.200599,0.332602,0.309593,0.161128,0.242682,0.237965,0.188786,0.380975,0.320926,0.274560,0.322001,0.356659,0.282848,0.206171,0.267894,0.375536,0.294027,0.352272,0.410268,0.241956,0.337792,0.104482,0.258595,0.269533,0.284181,0.249334,0.350311,0.343951,0.303107,0.134901,0.333300,0.264799,0.273155,0.208403,0.439816,0.186573,0.382488,0.306419,0.274989,0.207276,0.160738,0.256597,0.306091,0.308694,0.355947,0.258433,0.198339,0.278009,0.255429,0.177170,0.282741,0.266245,0.099797,0.264582,0.297672,0.280967,0.327109,0.237621,0.349993,0.298418,0.272179,0.204677,0.274646,0.208591,0.365300,0.283332,0.252708,0.213702,0.271087,0.239054,0.271779,0.370446,0.241087,#
14,0.381252,0.176939,0.195309,0.286984,0.216690,0.303077,0.132569,0.264860,0.386532,0.277568,0.339771,0.154989,0.278192,0.343540,1.000000,0.399397,0.266242,0.329893,0.322885,0.423214,0.332618,0.151852,0.306493,0.376470,0.231650,0.197752,0.362973,0.320108,0.279769,0.309921,0.158401,0.261951,0.218060,0.165229,0.270490,0.328920,0.267268,0.320643,0.317890,0.385736,0.349165,0.268672,0.266678,0.217106,0.337613,0.422064,0.283065,0.260739,0.200293,0.271324,0.394309,0.230461,0.307549,0.334067,0.417061,0.349305,0.327236,0.257923,0.234756,0.280272,0.354941,0.324223,0.269204,0.297499,0.364918,0.214535,0.342660,0.303531,0.276448,0.305685,0.156154,0.289044,0.198826,0.293891,0.243302,0.195665,0.273101,0.292257,0.277390,0.244627,0.350382,0.222346,0.319720,0.285980,0.333917,0.269929,0.203206,0.132014,0.313837,0.261120,0.301886,0.255360,0.363332,0.321918,0.318162,0.205335,0.350643,0.281285,0.246035,0.200466,0.292481,0.317459,0.260291,0.359013,0.322257,0.253123,0.392596,0.391999,0.198867,0.267748,0.097720,0.116354,0.259772,0.211222,0.303156,0.335443,0.224210,0.226674,0.256409,0.295853,0.441401,0.361213,0.138816,0.268499,0.247854,0.181756,0.272855,0.224796,0.095582,0.387919,0.134211,0.303204,0.293577,0.124112,0.248077,0.243414,0.185207,0.276012,0.186302,0.184230,0.364984,0.357941,0.382159,0.189987,0.203522,0.341531,0.235344,0.216892,0.073348,0.180530,0.275172,0.258247,0.140423,0.279949,0.293134,0.213807,0.299856,0.227073,0.236543,0.146367,0.217491,0.351424,0.226943,0.206259,0.332680,0.145811,0.245239,0.233697,0.195873,0.329841,0.326393,0.284546,0.303283,0.266621,0.218347,0.151615,0.350847,0.366193,0.333231,0.300555,0.266346,0.351065,0.259751,0.319689,0.259539,0.278340,0.193984,0.162189,0.182602,0.235477,0.236949,0.335856,0.260533,0.337564,0.270443,0.139260,0.025470,0.273795,0.330712,0.272930,#
15,0.339974,0.188786,0.307043,0.312659,0.263761,0.230139,0.203539,0.272452,0.330695,0.298630,0.289618,0.256814,0.208194,0.238911,0.399397,1.000000,0.307603,0.380402,0.335079,0.291910,0.262546,0.209994,0.289698,0.363583,0.270290,0.383614,0.338191,0.295825,0.264490,0.272710,0.214086,0.310054,0.246178,0.330162,0.213553,0.269840,0.247166,0.210212,0.343674,0.249585,0.387361,0.340427,0.246676,0.276723,0.340045,0.339405,0.148980,0.291484,0.132415,0.326278,0.274675,0.364161,0.349112,0.309622,0.335566,0.304295,0.216927,0.307699,0.277855,0.398523,0.311415,0.156944,0.355460,0.209077,0.282526,0.337610,0.334542,0.308478,0.279103,0.225958,0.285597,0.298813,0.266548,0.190459,0.296230,0.208145,0.201036,0.353395,0.294270,0.207497,0.429660,0.226241,0.185024,0.321691,0.345240,0.190225,0.301116,0.271152,0.327073,0.335721,0.269410,0.204847,0.291105,0.344068,0.252583,0.268423,0.405450,0.196290,0.289370,0.217612,0.341641,0.278235,0.293257,0.353153,0.190705,0.227736,0.299777,0.274311,0.240431,0.336872,0.188037,0.319284,0.238428,0.184319,0.284521,0.431399,0.222366,0.119875,0.187397,0.195118,0.352017,0.374233,0.253910,0.372613,0.261222,0.219894,0.264230,0.328347,0.189183,0.307037,0.101025,0.346792,0.276143,0.262651,0.325248,0.327966,0.186883,0.218054,0.217827,0.124446,0.224729,0.340552,0.327212,0.203108,0.355567,0.289412,0.276016,0.261753,0.302253,0.243089,0.262787,0.197900,0.254655,0.409514,0.162442,0.374525,0.225432,0.286299,0.226655,0.236070,0.186273,0.281693,0.287377,0.274028,0.282467,0.302659,0.270741,0.246900,0.316505,0.282547,0.179212,0.224860,0.248298,0.178714,0.328834,0.174511,0.338382,0.263368,0.085512,0.313593,0.305641,0.270548,0.238288,0.373048,0.203041,0.319390,0.141132,0.296679,0.223106,0.190551,0.098938,0.338663,0.287214,0.272043,0.216083,0.217997,0.146486,0.277953,0.243059,0.148067,#
16,0.318179,0.248900,0.228171,0.290378,0.155372,0.264779,0.197627,0.199134,0.145147,0.199653,0.235319,0.253688,0.286227,0.233561,0.266242,0.307603,1.000000,0.291987,0.200806,0.331689,0.361352,0.224912,0.259330,0.263920,0.146328,0.346165,0.283619,0.143094,0.118371,0.276610,0.181373,0.340372,0.081360,0.318808,0.176612,0.312865,0.224019,0.170141,0.260067,0.259240,0.195372,0.320380,0.215015,0.277124,0.246446,0.382772,0.243537,0.255911,0.218778,0.203477,0.212362,0.294429,0.396668,0.231267,0.214700,0.224430,0.126931,0.240823,0.248362,0.178353,0.152834,0.430044,0.317244,0.305542,0.342982,0.233731,0.263161,0.400861,0.172747,0.342060,0.114644,0.333645,0.384481,0.125964,0.214856,0.339243,0.189343,0.348830,0.321305,0.208386,0.205339,0.199620,0.199029,0.255705,0.279432,0.262496,0.377601,0.241080,0.356668,0.161391,0.264137,0.268107,0.214164,0.230826,0.205093,0.215520,0.321757,0.137303,0.275274,0.240402,0.222217,0.184241,0.157245,0.251169,0.206881,0.242147,0.299092,0.191387,0.157435,0.281084,0.248157,0.235986,0.265060,0.214269,0.305282,0.381064,0.263435,0.190448,0.174470,0.231324,0.258791,0.319285,0.336058,0.320143,0.309657,0.105085,0.217279,0.113092,0.157964,0.266536,0.131414,0.274484,0.384706,0.022759,0.364206,0.324663,0.106289,0.342882,0.176547,0.304495,0.153715,0.223005,0.152917,0.236675,0.292852,0.180748,0.130815,0.242810,0.239388,0.180107,0.134991,0.307961,0.195221,0.206951,0.234544,0.282168,0.173631,0.186680,0.223673,0.204557,0.178281,0.370639,0.245975,0.294031,0.283042,0.172137,0.312476,0.252573,0.190367,0.173675,0.144705,0.097243,0.188754,0.116015,0.219447,0.309516,0.166518,0.154688,0.217352,0.173371,0.203607,0.289955,0.295153,0.048610,0.147549,0.228922,0.295452,0.251886,0.243985,0.152253,0.334470,0.142927,0.062436,0.190474,0.294128,0.297960,0.049552,0.247741,0.133689,0.222743,#
17,0.389314,0.326721,0.259069,0.407805,0.319859,0.299807,0.266903,0.382112,0.259574,0.191768,0.339940,0.356471,0.240941,0.203493,0.329893,0.380402,0.291987,1.000000,0.277051,0.374354,0.416876,0.294334,0.275553,0.420403,0.272377,0.319999,0.296270,0.246597,0.268062,0.339584,0.290183,0.344913,0.438773,0.257021,0.185127,0.344456,0.165353,0.413128,0.407490,0.212961,0.338006,0.309966,0.224872,0.387981,0.248106,0.387028,0.366729,0.275904,0.297989,0.311447,0.332041,0.246177,0.235377,0.310825,0.276195,0.354728,0.325037,0.395404,0.283640,0.344325,0.340724,0.294150,0.259019,0.297659,0.322281,0.422796,0.388624,0.370598,0.320530,0.402551,0.324333,0.344157,0.416563,0.196893,0.286638,0.347555,0.304484,0.352204,0.264716,0.334188,0.313413,0.345005,0.462044,0.269829,0.363584,0.141130,0.374294,0.285124,0.438332,0.322068,0.305572,0.195491,0.372946,0.327284,0.228725,0.293552,0.335507,0.351498,0.339315,0.286840,0.306640,0.222461,0.224524,0.375848,0.249566,0.359050,0.339919,0.403630,0.194698,0.165100,0.280149,0.270799,0.295421,0.357675,0.272527,0.376960,0.298147,0.199111,0.215991,0.305905,0.258285,0.388554,0.265632,0.374656,0.451175,0.245328,0.297220,0.288435,0.168969,0.268590,0.202143,0.357880,0.439889,0.329379,0.348935,0.360276,0.361760,0.320264,0.259367,0.330051,0.363892,0.303915,0.250967,0.267612,0.383345,0.358871,0.138520,0.298983,0.219144,0.206242,0.318456,0.196556,0.209351,0.348764,0.316524,0.350649,0.248056,0.315690,0.418490,0.274841,0.308781,0.386469,0.300139,0.279000,0.319555,0.278044,0.255334,0.308434,0.233140,0.276010,0.381439,0.231029,0.250364,0.263698,0.366568,0.228344,0.346072,0.297836,0.123056,0.382566,0.306367,0.426507,0.304755,0.203341,0.165604,0.291032,0.257162,0.274370,0.368013,0.305688,0.261207,0.429257,0.285722,0.261364,0.443438,0.312165,0.245174,0.287438,0.260156,0.285289,#
18,0.344507,0.213838,0.261140,0.320642,0.291495,0.211685,0.255847,0.215504,0.205165,0.120530,0.383400,0.213934,0.308786,0.257461,0.322885,0.335079,0.200806,0.277051,1.000000,0.294659,0.310215,0.220937,0.158716,0.405670,0.307478,0.284773,0.287863,0.368528,0.292745,0.192182,0.202349,0.218968,0.354236,0.203490,0.261077,0.357800,0.295189,0.230508,0.267943,0.380199,0.313715,0.298642,0.244945,0.229249,0.233623,0.279419,0.149033,0.244240,0.161633,0.301997,0.326999,0.210893,0.332759,0.297225,0.266991,0.274923,0.221067,0.301236,0.222987,0.218175,0.214369,0.220659,0.323951,0.298849,0.253407,0.340015,0.372655,0.308599,0.201987,0.146900,0.119070,0.206799,0.244572,0.118546,0.219520,0.218485,0.215498,0.323726,0.306347,0.271264,0.349078,0.214004,0.274252,0.310067,0.245781,0.067646,0.373421,0.175916,0.332337,0.262795,0.321039,0.206831,0.278328,0.292244,0.256531,0.323105,0.423663,0.256045,0.227684,0.307262,0.233407,0.309003,0.353278,0.319504,0.354300,0.257005,0.251592,0.258821,0.223625,0.276673,0.340053,0.358173,0.242059,0.263554,0.233535,0.261312,0.199423,0.074374,0.237120,0.282152,0.250158,0.303383,0.247150,0.196929,0.255680,0.178622,0.229820,0.261902,0.265962,0.290855,0.195883,0.368506,0.229417,0.212107,0.343588,0.143117,0.204454,0.350331,0.161628,0.317901,0.302333,0.186625,0.223127,0.219741,0.311812,0.296089,0.133104,0.175721,0.133381,0.215684,0.191763,0.302469,0.258007,0.227105,0.250186,0.337208,0.341206,0.253699,0.167351,0.346889,0.287021,0.325363,0.244559,0.275338,0.242259,0.253302,0.332732,0.264553,0.236173,0.347046,0.090735,0.213187,0.288560,0.209390,0.207110,0.266056,0.310524,0.373544,0.374148,0.221960,0.178435,0.261181,0.322098,0.165792,0.316676,0.237842,0.307890,0.350184,0.241157,0.212705,0.241021,0.345739,0.340292,0.235030,0.264010,0.229957,0.205895,0.299922,0.374741,0.217321,#
19,0.381175,0.320119,0.315804,0.323199,0.425449,0.227114,0.240587,0.347842,0.309948,0.341633,0.367460,0.133466,0.345731,0.347010,0.423214,0.291910,0.331689,0.374354,0.294659,1.000000,0.312448,0.224718,0.270925,0.330522,0.240555,0.425815,0.340046,0.282634,0.249420,0.393764,0.299951,0.298944,0.290285,0.218139,0.269385,0.383865,0.188692,0.227220,0.454113,0.242445,0.296882,0.327690,0.180968,0.193485,0.253723,0.385269,0.389253,0.394994,0.248964,0.403474,0.327634,0.326175,0.225727,0.402205,0.306419,0.396796,0.256189,0.275492,0.288109,0.327745,0.327402,0.346703,0.347020,0.295356,0.378643,0.286274,0.329532,0.313290,0.282963,0.368088,0.338405,0.302132,0.380619,0.173650,0.319520,0.360630,0.282901,0.400795,0.455192,0.209553,0.393521,0.389113,0.357383,0.258610,0.437533,0.205546,0.343432,0.283789,0.382463,0.238143,0.248789,0.287254,0.354838,0.264852,0.294154,0.349899,0.391169,0.380127,0.184854,0.198133,0.296840,0.271810,0.310068,0.355638,0.361569,0.385849,0.351062,0.473942,0.221016,0.183320,0.280134,0.263572,0.316745,0.369244,0.389777,0.328610,0.326855,0.309112,0.321753,0.099924,0.418470,0.452582,0.288177,0.409313,0.454099,0.275139,0.373545,0.310596,0.135103,0.311009,0.183784,0.189644,0.410940,0.211759,0.359582,0.330004,0.297365,0.413426,0.227287,0.284182,0.327212,0.374235,0.249447,0.229545,0.353756,0.312069,0.178298,0.387248,0.325465,0.204561,0.276458,0.365483,0.304829,0.387429,0.318375,0.262752,0.291438,0.231179,0.272506,0.201355,0.379117,0.346854,0.347206,0.267290,0.354234,0.269438,0.253141,0.254743,0.325265,0.255113,0.348745,0.254008,0.355479,0.264710,0.301758,0.226245,0.369825,0.356681,0.248686,0.278985,0.182166,0.359594,0.308534,0.305570,0.275875,0.337334,0.240860,0.319556,0.370478,0.251268,0.371262,0.414039,0.218035,0.310946,0.296601,0.282506,0.210857,0.333495,0.408668,0.397274,#
20,0.308113,0.255454,0.373087,0.322099,0.389111,0.329862,0.256452,0.266455,0.298743,0.309623,0.253740,0.288209,0.283010,0.286754,0.332618,0.262546,0.361352,0.416876,0.310215,0.312448,1.000000,0.301829,0.249436,0.391393,0.367938,0.404213,0.309173,0.363134,0.293988,0.320153,0.242963,0.241108,0.286971,0.275140,0.248197,0.326404,0.287361,0.313965,0.321695,0.366906,0.357982,0.485556,0.189522,0.223374,0.363563,0.440988,0.367926,0.297724,0.232641,0.261593,0.211908,0.341973,0.348073,0.323815,0.294637,0.316537,0.325847,0.333844,0.287981,0.327488,0.307978,0.269025,0.377490,0.333895,0.369162,0.254881,0.351252,0.340939,0.364166,0.375080,0.331531,0.395145,0.474555,0.259995,0.267897,0.207528,0.348207,0.397264,0.309303,0.305042,0.293293,0.260845,0.430212,0.228675,0.345423,0.293576,0.399799,0.280012,0.446917,0.340786,0.325808,0.369678,0.342918,0.405956,0.335996,0.252576,0.423871,0.347552,0.282158,0.160128,0.342544,0.227683,0.321557,0.357433,0.289134,0.300031,0.304012,0.308056,0.219814,0.351924,0.344030,0.330559,0.301933,0.336621,0.244869,0.450607,0.422683,0.264535,0.154954,0.322609,0.271741,0.371438,0.258900,0.319146,0.321272,0.242954,0.366216,0.371586,0.300787,0.339265,0.265468,0.390015,0.331015,0.197992,0.404412,0.271008,0.343998,0.369856,0.290633,0.301037,0.343271,0.315500,0.221473,0.292960,0.368181,0.251273,0.203575,0.308516,0.206886,0.310538,0.355672,0.349249,0.181417,0.271646,0.326143,0.327344,0.236616,0.153692,0.281644,0.383485,0.328991,0.391690,0.260017,0.272480,0.391751,0.231354,0.177647,0.340081,0.270262,0.272350,0.301386,0.192308,0.239303,0.282285,0.257981,0.358684,0.187979,0.241334,0.371211,0.354897,0.279196,0.308969,0.258074,0.281584,0.289997,0.168138,0.262743,0.274272,0.365483,0.318596,0.279871,0.400437,0.259962,0.270217,0.376661,0.287467,0.194877,0.347751,0.345985,0.306218,#
21,0.290777,0.310431,0.399022,0.307014,0.243877,0.235414,0.290853,0.233970,0.264929,0.196459,0.251323,0.352522,0.148176,0.244141,0.151852,0.209994,0.224912,0.294334,0.220937,0.224718,0.301829,1.000000,0.213658,0.294776,0.239293,0.238312,0.325840,0.355910,0.278338,0.332144,0.261989,0.281572,0.222041,0.298334,0.180647,0.336185,0.307141,0.318780,0.381050,0.223380,0.251217,0.351898,0.150039,0.308475,0.253505,0.312645,0.309551,0.356306,0.083850,0.300480,0.262797,0.257603,0.239802,0.252331,0.245809,0.267336,0.247756,0.267704,0.188790,0.217094,0.238746,0.138660,0.378103,0.289639,0.404783,0.322440,0.258620,0.285073,0.356040,0.383250,0.439218,0.239125,0.421703,0.297658,0.214462,0.224252,0.267773,0.245004,0.233227,0.222372,0.368656,0.292599,0.226687,0.083995,0.366482,0.134345,0.356094,0.171845,0.294120,0.358695,0.205071,0.245283,0.240023,0.246204,0.305424,0.273178,0.345184,0.245399,0.179783,0.269425,0.457791,0.241941,0.203357,0.275835,0.281208,0.322697,0.235443,0.277909,0.208656,0.238816,0.308073,0.280654,0.218463,0.276341,0.210217,0.354042,0.385723,0.170556,0.182863,0.327820,0.238824,0.332568,0.185150,0.380716,0.215794,0.204822,0.225502,0.259697,0.176319,0.216457,0.240132,0.252830,0.354692,0.238068,0.275129,0.207208,0.327995,0.232671,0.160119,0.356142,0.262328,0.317002,0.265166,0.209136,0.285241,0.299575,0.256459,0.342171,0.249841,0.204772,0.287550,0.220166,0.222269,0.301303,0.288045,0.264558,0.159968,0.255363,0.233807,0.207288,0.305882,0.291931,0.238510,0.260934,0.308163,0.098007,0.071131,0.285053,0.190687,0.353716,0.188434,0.178223,0.308381,0.198209,0.225362,0.309367,0.262891,0.230961,0.200184,0.279326,0.241282,0.296506,0.147624,0.270060,0.183178,0.215690,0.238923,0.311815,0.371925,0.235775,0.324217,0.176765,0.315576,0.185033,0.402374,0.292657,0.203117,0.288532,0.310293,0.249956,#
