0,1.000000,0.285023,0.395513,0.307767,0.375787,0.369718,0.260559,0.250759,0.369383,0.341326,0.402142,0.335492,0.292863,0.260321,0.461140,0.421958,0.345655,0.488368,0.393695,0.389357,0.387112,0.381654,0.400356,0.499386,0.337554,0.305495,0.456832,0.387084,0.422071,0.360397,0.258449,0.333220,0.359917,0.291627,0.302429,0.461318,0.382203,0.364525,0.449209,0.469650,0.316417,0.436510,0.277707,0.354913,0.296772,0.400263,0.403417,0.435489,0.354962,0.446876,0.430978,0.309677,0.326143,0.291430,0.441227,0.353043,0.383073,0.372984,0.321446,0.330782,0.381266,0.341227,0.412750,0.358292,0.398523,0.306074,0.377188,0.382151,0.371789,0.390489,0.417262,0.338546,0.446089,0.383622,0.300151,0.188805,0.347984,0.427119,0.377730,0.260281,0.408477,0.324132,0.376292,0.347714,0.432660,0.341842,0.417191,0.293712,0.466192,0.387485,0.348583,0.311680,0.339700,0.374138,0.431803,0.407355,0.474295,0.309314,0.326981,0.386198,0.433693,0.425755,0.312890,0.399497,0.379466,0.350167,0.421772,0.335768,0.307204,0.264276,0.300919,0.317776,0.277556,0.360928,0.297662,0.377254,0.413625,0.236607,0.318900,0.365385,0.449311,0.323264,0.315090,0.350752,0.358307,0.423320,0.298202,0.264028,0.290367,0.458024,0.386438,0.423368,0.375642,0.314194,0.368714,0.358942,0.426676,0.361453,0.298894,0.449707,0.390953,0.340615,0.357564,0.334167,0.376537,0.353362,0.303349,0.256848,0.376020,0.363835,0.307668,0.331016,0.350524,0.332602,0.324240,0.313083,0.305172,0.249544,0.433558,0.424652,0.320685,0.423485,0.211020,0.270165,0.412932,0.249260,0.253144,0.315970,0.391418,0.309731,0.405158,0.156599,0.485673,0.398600,0.248260,0.390454,0.446121,0.384094,0.381130,0.320767,0.387845,0.439285,0.249344,0.208379,0.276144,0.400346,0.422034,0.499195,0.423437,0.264020,0.351594,0.419260,0.274390,0.231025,0.406595,0.237100,0.211393,0.357621,0.475496,0.367014,#
1,0.285023,1.000000,0.291468,0.306708,0.411763,0.340714,0.389306,0.296881,0.326116,0.245983,0.443902,0.386788,0.300315,0.366004,0.286661,0.245473,0.227281,0.362952,0.301431,0.333065,0.281855,0.373521,0.216606,0.322539,0.369697,0.321361,0.413078,0.446337,0.265232,0.306397,0.358208,0.293582,0.350719,0.289178,0.198614,0.345366,0.270485,0.324598,0.440610,0.307084,0.312362,0.271906,0.363426,0.311069,0.299930,0.372150,0.456809,0.373970,0.232416,0.225538,0.434179,0.204797,0.427798,0.327110,0.275648,0.343432,0.313030,0.300903,0.388375,0.323098,0.260169,0.319482,0.351082,0.347812,0.285042,0.333124,0.259481,0.377131,0.384269,0.317137,0.303776,0.319754,0.446920,0.251648,0.359598,0.174320,0.321183,0.371032,0.387916,0.266306,0.341307,0.443036,0.365954,0.365962,0.318635,0.131468,0.402844,0.316235,0.355447,0.377523,0.351226,0.393243,0.273264,0.382007,0.269191,0.345262,0.318221,0.283855,0.224862,0.242423,0.311743,0.293813,0.342400,0.312658,0.274238,0.303056,0.302833,0.375073,0.249488,0.342682,0.405491,0.309558,0.244086,0.310076,0.351701,0.420408,0.420728,0.206355,0.317868,0.334994,0.223446,0.332964,0.318162,0.354260,0.269113,0.308224,0.296087,0.279517,0.274406,0.320663,0.352974,0.340196,0.225117,0.326581,0.480319,0.376233,0.347691,0.374047,0.319382,0.364890,0.372981,0.236700,0.255936,0.300373,0.411144,0.319887,0.303702,0.171999,0.331873,0.335206,0.296504,0.305430,0.269325,0.175048,0.340825,0.320182,0.310153,0.263365,0.273270,0.130270,0.197962,0.393928,0.286222,0.335582,0.376342,0.222359,0.227272,0.286362,0.332384,0.425442,0.352956,0.308387,0.341261,0.216946,0.318845,0.281796,0.211770,0.369484,0.355856,0.258410,0.273403,0.265242,0.336520,0.236972,0.365343,0.315536,0.264291,0.335695,0.314327,0.374270,0.417794,0.359696,0.180276,0.251730,0.366284,0.293388,0.106940,0.338028,0.230515,0.348377,#
2,0.395513,0.291468,1.000000,0.300907,0.307024,0.297155,0.335145,0.314428,0.195336,0.223093,0.332536,0.446472,0.326856,0.340991,0.274738,0.316185,0.269130,0.288752,0.305908,0.309277,0.383527,0.400839,0.214665,0.327970,0.380530,0.348867,0.411751,0.343336,0.280003,0.312356,0.242309,0.237909,0.232025,0.170025,0.198674,0.351240,0.320167,0.224591,0.328383,0.228079,0.377410,0.352052,0.317070,0.253119,0.244237,0.382582,0.329391,0.369014,0.237400,0.315785,0.367828,0.392855,0.332556,0.266189,0.200421,0.281911,0.196982,0.290313,0.289925,0.321440,0.234900,0.297917,0.313830,0.341877,0.394429,0.357895,0.296340,0.230981,0.360192,0.380665,0.249618,0.253472,0.287530,0.329555,0.307978,0.308441,0.272314,0.374028,0.332268,0.266398,0.386414,0.197626,0.226611,0.285449,0.274023,0.216103,0.402678,0.300741,0.288821,0.245210,0.241385,0.338714,0.360942,0.320144,0.268490,0.322058,0.343916,0.289210,0.337777,0.239530,0.339837,0.334170,0.261030,0.337471,0.238884,0.284190,0.264368,0.331251,0.231626,0.361892,0.371456,0.330383,0.331370,0.327775,0.289138,0.409644,0.322802,0.226348,0.086006,0.219690,0.334583,0.316337,0.240867,0.266380,0.312424,0.202961,0.328680,0.247023,0.281811,0.293856,0.271430,0.387043,0.298864,0.178346,0.365768,0.374722,0.287270,0.376956,0.194072,0.171779,0.210601,0.263903,0.305559,0.235311,0.480763,0.270293,0.182623,0.238144,0.378977,0.258460,0.296794,0.413605,0.369904,0.270511,0.251279,0.218565,0.216354,0.152787,0.293342,0.255785,0.329911,0.353276,0.286578,0.372485,0.364092,0.215363,0.306779,0.285427,0.189595,0.255036,0.212958,0.323491,0.266156,0.242637,0.327541,0.254115,0.423862,0.337076,0.251447,0.309488,0.376813,0.270045,0.175216,0.346387,0.174626,0.346391,0.253378,0.261110,0.389941,0.208500,0.277083,0.340969,0.403707,0.175946,0.344130,0.183115,0.168585,0.270316,0.402780,0.347634,#
3,0.307767,0.306708,0.300907,1.000000,0.324113,0.268551,0.303289,0.279421,0.317116,0.244318,0.338282,0.346983,0.264811,0.295806,0.314448,0.287890,0.287852,0.380774,0.312588,0.332279,0.272254,0.288176,0.310891,0.428512,0.345336,0.304113,0.317322,0.250600,0.305704,0.287395,0.273630,0.370130,0.389386,0.397885,0.114430,0.369447,0.337504,0.424425,0.415593,0.257115,0.315633,0.373910,0.292756,0.339704,0.226245,0.376687,0.343835,0.335718,0.172078,0.337222,0.382198,0.293945,0.326243,0.206272,0.172776,0.391136,0.251350,0.297606,0.297302,0.349477,0.258268,0.277633,0.308224,0.335556,0.351150,0.379549,0.236502,0.312923,0.270320,0.374543,0.301713,0.213400,0.345971,0.238592,0.289329,0.295505,0.296974,0.354619,0.377853,0.186612,0.358726,0.341682,0.313866,0.278791,0.406253,0.234483,0.374332,0.208103,0.367353,0.352307,0.272678,0.335977,0.368123,0.385729,0.233737,0.339587,0.369236,0.201435,0.376665,0.259784,0.395943,0.236358,0.359326,0.320365,0.342421,0.298496,0.316195,0.309660,0.155551,0.225863,0.323639,0.282707,0.281421,0.293269,0.219565,0.249235,0.344178,0.206949,0.195034,0.289017,0.376877,0.287471,0.306886,0.449319,0.303232,0.253052,0.330676,0.263962,0.231051,0.359617,0.310655,0.336177,0.368201,0.361959,0.346183,0.326767,0.255372,0.263340,0.316643,0.267692,0.353528,0.284317,0.298633,0.274098,0.344117,0.234080,0.357942,0.302458,0.265560,0.319572,0.258906,0.291011,0.249076,0.239985,0.311928,0.251980,0.257175,0.324244,0.215496,0.355800,0.342392,0.355236,0.370054,0.403638,0.336817,0.265504,0.295545,0.268498,0.209154,0.282648,0.333391,0.212456,0.265133,0.194104,0.230369,0.300532,0.314457,0.292023,0.262113,0.290670,0.285458,0.401153,0.373293,0.221485,0.126878,0.290831,0.243181,0.339948,0.227938,0.234476,0.288139,0.339855,0.352515,0.205650,0.251440,0.302548,0.254386,0.289291,0.306785,0.265073,#
4,0.375787,0.411763,0.307024,0.324113,1.000000,0.316075,0.298350,0.279513,0.345118,0.239433,0.310988,0.259221,0.263845,0.268522,0.240111,0.303630,0.173672,0.338436,0.340216,0.419817,0.321251,0.297835,0.301094,0.398212,0.316963,0.384260,0.291356,0.345925,0.407302,0.209606,0.245393,0.257227,0.328096,0.241105,0.234226,0.363987,0.366583,0.333066,0.263898,0.293966,0.368486,0.463702,0.261908,0.194685,0.400485,0.288493,0.413167,0.368578,0.235922,0.366533,0.322588,0.215605,0.284428,0.289211,0.343428,0.368840,0.277214,0.282454,0.342314,0.288206,0.266628,0.303302,0.235507,0.225075,0.294694,0.218070,0.353182,0.262830,0.273486,0.320244,0.295821,0.330601,0.338815,0.323864,0.238297,0.076322,0.273412,0.422783,0.304156,0.190289,0.417593,0.364187,0.248026,0.255523,0.416461,0.193079,0.337146,0.298709,0.341670,0.421597,0.353331,0.294636,0.262753,0.346569,0.206579,0.420803,0.327891,0.370058,0.289762,0.263195,0.267185,0.205771,0.340589,0.374475,0.309165,0.278211,0.200685,0.331424,0.286836,0.335018,0.422361,0.317780,0.312358,0.472759,0.282368,0.234854,0.303454,0.084212,0.243559,0.195974,0.325846,0.308022,0.287169,0.271368,0.371219,0.268454,0.339922,0.264710,0.219612,0.264922,0.378017,0.301876,0.290291,0.219516,0.362407,0.348199,0.318913,0.223597,0.274111,0.304659,0.418712,0.158768,0.248813,0.253731,0.353730,0.331806,0.305518,0.241280,0.304391,0.313503,0.296249,0.325625,0.301895,0.355841,0.302272,0.205259,0.396288,0.272545,0.288328,0.341168,0.286422,0.312584,0.182829,0.304884,0.216024,0.311650,0.219821,0.206043,0.214707,0.284391,0.268992,0.153591,0.317915,0.246789,0.360039,0.291609,0.358042,0.334761,0.309198,0.271138,0.197271,0.219239,0.353215,0.245448,0.216083,0.305051,0.158960,0.430020,0.357843,0.306499,0.290156,0.358299,0.242283,0.131467,0.252674,0.282726,0.278236,0.411191,0.279818,0.355166,#
5,0.369718,0.340714,0.297155,0.268551,0.316075,1.000000,0.290180,0.304397,0.326387,0.382527,0.344148,0.291706,0.342684,0.204680,0.372608,0.280005,0.270998,0.330553,0.254184,0.255293,0.358744,0.328047,0.284711,0.395501,0.341056,0.252363,0.323994,0.382414,0.360446,0.305634,0.235239,0.340727,0.355037,0.216139,0.202666,0.303127,0.408406,0.202298,0.385609,0.368255,0.346586,0.377884,0.209424,0.363393,0.248001,0.362796,0.333697,0.211943,0.305709,0.328361,0.381368,0.296638,0.303319,0.124480,0.312831,0.325581,0.181315,0.325697,0.409968,0.277474,0.252723,0.295095,0.332548,0.267409,0.371308,0.313619,0.346910,0.291910,0.306352,0.263396,0.353336,0.267839,0.368029,0.436624,0.266044,0.191349,0.314875,0.302783,0.338871,0.295478,0.308250,0.306296,0.418212,0.147264,0.247525,0.272784,0.274667,0.237142,0.331591,0.238431,0.233940,0.399582,0.304925,0.419382,0.244347,0.343253,0.299821,0.223956,0.274581,0.144831,0.296130,0.320926,0.269015,0.311813,0.200269,0.290840,0.211167,0.355550,0.222065,0.261770,0.402914,0.299304,0.336047,0.254530,0.302919,0.283318,0.407100,0.299410,0.189375,0.296312,0.161482,0.318766,0.211970,0.342976,0.242461,0.241441,0.120949,0.114689,0.423384,0.393234,0.340602,0.365635,0.317004,0.276207,0.463161,0.366768,0.248895,0.317308,0.197283,0.199473,0.347856,0.315277,0.234905,0.285859,0.305144,0.236461,0.271296,0.283036,0.185914,0.310970,0.342548,0.243130,0.356499,0.367518,0.246519,0.292251,0.319553,0.159029,0.415937,0.201459,0.323016,0.263005,0.319478,0.276903,0.310423,0.121800,0.183231,0.294868,0.346360,0.389711,0.305931,0.260574,0.386864,0.230539,0.195642,0.298508,0.303958,0.297946,0.349927,0.263418,0.298087,0.301599,0.399918,0.220870,0.245077,0.363196,0.304134,0.267452,0.277657,0.269866,0.340550,0.329703,0.281493,0.234630,0.403592,0.199669,0.140910,0.422940,0.270974,0.420547,#
6,0.260559,0.389306,0.335145,0.303289,0.298350,0.290180,1.000000,0.291176,0.248734,0.190622,0.301364,0.242411,0.157638,0.300593,0.215751,0.249164,0.265653,0.275456,0.301985,0.297509,0.283174,0.301592,0.198955,0.241548,0.230298,0.238233,0.268940,0.349513,0.331551,0.243194,0.190914,0.302002,0.273488,0.193894,0.103670,0.202477,0.199100,0.258320,0.328749,0.234315,0.292172,0.261654,0.184880,0.328294,0.184413,0.233704,0.323807,0.365813,0.224390,0.305013,0.238654,0.242143,0.332886,0.238112,0.160945,0.278229,0.214584,0.306227,0.320522,0.357536,0.206710,0.267175,0.231209,0.279823,0.251590,0.453368,0.253896,0.284899,0.268203,0.271976,0.272784,0.261331,0.348928,0.233778,0.302034,0.190778,0.310305,0.319390,0.317866,0.214798,0.315594,0.290562,0.339376,0.244789,0.274342,0.257204,0.260832,0.360511,0.284481,0.303911,0.288443,0.238958,0.219533,0.330742,0.199706,0.349949,0.302370,0.220632,0.350336,0.271163,0.299646,0.346251,0.231821,0.242158,0.074892,0.412028,0.214696,0.219411,0.285912,0.247328,0.353450,0.241162,0.263650,0.208863,0.231965,0.289278,0.332212,0.190512,0.235359,0.226966,0.253343,0.331238,0.165851,0.215986,0.244038,0.132691,0.211451,0.293437,0.124157,0.334323,0.268101,0.225242,0.291875,0.126452,0.382636,0.317383,0.221483,0.326625,0.257400,0.257970,0.213410,0.152118,0.106365,0.339746,0.181105,0.267021,0.252048,0.131125,0.261981,0.137565,0.320390,0.183733,0.320511,0.218472,0.286408,0.223372,0.211170,0.237259,0.297579,0.200417,0.153974,0.326317,0.301108,0.305752,0.300181,0.194162,0.155864,0.259139,0.259745,0.358682,0.140812,0.185618,0.298024,0.205034,0.269369,0.303120,0.227395,0.304773,0.351054,0.160607,0.082659,0.158159,0.289262,0.284779,0.240672,0.280921,0.234511,0.285925,0.334404,0.327839,0.275032,0.241717,0.299231,0.241082,0.195569,0.218545,0.209333,0.269649,0.208318,0.328567,#
7,0.250759,0.296881,0.314428,0.279421,0.279513,0.304397,0.291176,1.000000,0.256188,0.317228,0.369882,0.450148,0.238212,0.329814,0.291564,0.350322,0.254527,0.425549,0.283870,0.372508,0.316726,0.302688,0.375859,0.291228,0.432169,0.229518,0.360558,0.453580,0.324380,0.285859,0.327761,0.305749,0.409794,0.188051,0.184551,0.351419,0.206023,0.237873,0.388973,0.332501,0.308342,0.289513,0.339464,0.266966,0.325033,0.375764,0.274231,0.346540,0.309520,0.317353,0.406153,0.284200,0.288880,0.285991,0.298683,0.290786,0.263120,0.398093,0.335632,0.324455,0.303101,0.233999,0.311021,0.341978,0.426291,0.305336,0.347450,0.295887,0.282390,0.421160,0.257472,0.205471,0.425725,0.357726,0.253857,0.254065,0.295940,0.380368,0.340761,0.396819,0.341587,0.327163,0.386857,0.292094,0.319557,0.266197,0.413473,0.188908,0.342566,0.347343,0.315656,0.300251,0.347562,0.376063,0.190751,0.381032,0.301712,0.261465,0.206043,0.146841,0.358147,0.249878,0.295407,0.290833,0.166840,0.400806,0.383196,0.231973,0.283358,0.288387,0.312209,0.288732,0.215859,0.352259,0.375584,0.314369,0.276408,0.239454,0.193182,0.337965,0.313725,0.349368,0.219467,0.386160,0.387030,0.256776,0.314607,0.341984,0.249874,0.293670,0.247758,0.324868,0.329440,0.263990,0.506907,0.341317,0.190081,0.498774,0.297135,0.330345,0.431097,0.363423,0.103673,0.271889,0.334060,0.248722,0.355982,0.253758,0.233223,0.294422,0.318502,0.442933,0.256111,0.196723,0.185894,0.368455,0.359539,0.265042,0.379387,0.319990,0.271012,0.359854,0.317014,0.289626,0.290803,0.232080,0.403812,0.267040,0.335585,0.349779,0.300329,0.239665,0.345252,0.176672,0.297184,0.252139,0.290917,0.325294,0.177195,0.397363,0.264649,0.355524,0.260584,0.267764,0.109544,0.328702,0.272109,0.317991,0.243015,0.363685,0.354231,0.320775,0.331401,0.308799,0.220553,0.274257,0.228561,0.347151,0.364765,0.318712,#
8,0.369383,0.326116,0.195336,0.317116,0.345118,0.326387,0.248734,0.256188,1.000000,0.298062,0.394665,0.298023,0.326498,0.215407,0.401095,0.342263,0.201935,0.263762,0.247199,0.334331,0.283821,0.271750,0.216872,0.372593,0.272290,0.221760,0.254514,0.379167,0.216998,0.323173,0.162336,0.333163,0.247742,0.246705,0.251823,0.346717,0.326345,0.249312,0.358439,0.358328,0.317215,0.273781,0.125258,0.251147,0.408725,0.386387,0.277737,0.289415,0.200971,0.308312,0.262988,0.347351,0.253861,0.393225,0.281762,0.356166,0.266729,0.289715,0.280922,0.341600,0.296349,0.191314,0.375149,0.216155,0.371147,0.386606,0.333708,0.277303,0.396744,0.298462,0.208936,0.270629,0.320776,0.234415,0.264372,0.194850,0.259322,0.281136,0.318852,0.179410,0.360721,0.319041,0.323947,0.178401,0.393941,0.236274,0.331144,0.219706,0.353820,0.311425,0.254759,0.294850,0.319841,0.269172,0.355300,0.475235,0.395294,0.244315,0.281909,0.201746,0.301576,0.166954,0.288029,0.296360,0.315368,0.201153,0.349746,0.218590,0.115217,0.262029,0.224050,0.228166,0.136679,0.311444,0.227316,0.361887,0.349517,0.169914,0.158189,0.339072,0.328267,0.276923,0.224177,0.315940,0.293598,0.339909,0.190682,0.335837,0.160177,0.341581,0.283844,0.221304,0.268369,0.227030,0.379846,0.397516,0.270400,0.360048,0.344972,0.270520,0.380796,0.304810,0.328836,0.206870,0.256110,0.242639,0.310959,0.332560,0.275423,0.301409,0.331578,0.287918,0.279346,0.291565,0.408105,0.349336,0.293844,0.250067,0.265145,0.309812,0.196040,0.288662,0.178457,0.352494,0.320527,0.253816,0.266584,0.215387,0.262321,0.316358,0.310619,0.092516,0.244885,0.264514,0.242514,0.301176,0.219565,0.324034,0.309976,0.278110,0.254999,0.264675,0.161161,0.275964,0.229855,0.319316,0.169667,0.242244,0.371834,0.244998,0.310405,0.318971,0.254530,0.210551,0.301007,0.209561,0.216720,0.153426,0.246183,0.241948,#
9,0.341326,0.245983,0.223093,0.244318,0.239433,0.382527,0.190622,0.317228,0.298062,1.000000,0.424438,0.253327,0.214331,0.304933,0.347029,0.362821,0.267624,0.259592,0.162874,0.396250,0.276171,0.256154,0.261656,0.304225,0.260654,0.252452,0.359067,0.423731,0.282992,0.306512,0.368849,0.304485,0.210649,0.272002,0.321549,0.340062,0.158931,0.347088,0.326663,0.253671,0.364409,0.353643,0.205328,0.127688,0.274319,0.414947,0.338775,0.288512,0.220174,0.250687,0.383726,0.340064,0.284939,0.224530,0.200683,0.385966,0.312797,0.297226,0.272893,0.220417,0.244409,0.304872,0.398357,0.345834,0.348862,0.335129,0.197262,0.292700,0.348505,0.223131,0.346984,0.352449,0.299294,0.324710,0.268609,0.244435,0.289305,0.275227,0.428011,0.347743,0.271919,0.370688,0.275180,0.215394,0.374576,0.315125,0.420873,0.229862,0.184483,0.189785,0.162676,0.391254,0.308525,0.296754,0.297692,0.346964,0.427360,0.317464,0.264184,0.133377,0.273067,0.275012,0.414513,0.238166,0.303587,0.281016,0.290890,0.234043,0.297389,0.165829,0.267572,0.255673,0.271690,0.381866,0.251432,0.314075,0.294715,0.315005,0.410922,0.212570,0.358355,0.434989,0.204350,0.343738,0.279396,0.284182,0.063360,0.322582,0.247582,0.350560,0.273206,0.302771,0.255507,0.312533,0.389212,0.255721,0.334363,0.422882,0.240664,0.179621,0.249430,0.325407,0.244809,0.235684,0.248162,0.186517,0.311546,0.296917,0.210123,0.424314,0.274487,0.237014,0.442399,0.321449,0.285149,0.323120,0.330485,0.270523,0.420998,0.248727,0.268281,0.265370,0.165614,0.415980,0.312406,0.172176,0.228307,0.232967,0.440491,0.283171,0.298237,0.253168,0.322127,0.281432,0.197549,0.301489,0.290823,0.198827,0.248117,0.345123,0.190488,0.307802,0.357558,0.245039,0.159906,0.299359,0.295870,0.320504,0.419303,0.245792,0.329164,0.316175,0.244334,0.266906,0.246593,0.270076,0.163525,0.209363,0.274926,0.325290,#
10,0.402142,0.443902,0.332536,0.338282,0.310988,0.344148,0.301364,0.369882,0.394665,0.424438,1.000000,0.274161,0.245321,0.367548,0.365638,0.304921,0.305546,0.369313,0.415035,0.378524,0.286479,0.302459,0.242727,0.324008,0.300856,0.214179,0.394709,0.426061,0.279761,0.384190,0.362581,0.321448,0.333714,0.258976,0.287559,0.395469,0.238697,0.346546,0.462286,0.318095,0.293636,0.266451,0.303566,0.166960,0.263156,0.385888,0.388179,0.351351,0.336934,0.369566,0.321763,0.334668,0.310436,0.350714,0.265583,0.370241,0.244432,0.304407,0.331308,0.286280,0.267463,0.351136,0.304611,0.447933,0.418531,0.403452,0.376376,0.313084,0.336070,0.323403,0.333576,0.326634,0.345913,0.334404,0.272911,0.314459,0.349483,0.285259,0.345878,0.244479,0.330751,0.374489,0.373598,0.306933,0.387505,0.235855,0.445424,0.286728,0.340230,0.306650,0.198053,0.286817,0.403906,0.322027,0.298473,0.391690,0.450967,0.225078,0.326392,0.281125,0.269175,0.292099,0.312087,0.339128,0.335708,0.248333,0.346315,0.364588,0.232687,0.237139,0.267690,0.343328,0.263483,0.344537,0.403983,0.455299,0.355327,0.145018,0.240104,0.273514,0.316889,0.331512,0.242604,0.366738,0.302732,0.239068,0.184418,0.303545,0.273475,0.440170,0.372154,0.315297,0.310174,0.231548,0.412673,0.314718,0.289109,0.477857,0.228564,0.318041,0.384706,0.288894,0.359022,0.274740,0.308548,0.275723,0.180877,0.257382,0.236584,0.372270,0.329172,0.385543,0.360186,0.283262,0.383609,0.342831,0.361841,0.136804,0.358504,0.344826,0.272503,0.314733,0.363386,0.416508,0.381092,0.197180,0.295658,0.198742,0.277820,0.364387,0.328239,0.263122,0.367314,0.276279,0.305283,0.191010,0.277393,0.371784,0.370780,0.361056,0.336775,0.309865,0.387744,0.209823,0.258470,0.323665,0.247152,0.230485,0.358305,0.339038,0.387224,0.341227,0.262300,0.238378,0.356889,0.294193,0.188021,0.350394,0.404327,0.437152,#
11,0.335492,0.386788,0.446472,0.346983,0.259221,0.291706,0.242411,0.450148,0.298023,0.253327,0.274161,1.000000,0.310771,0.295865,0.213796,0.321353,0.303269,0.402212,0.261871,0.163704,0.305157,0.355803,0.243532,0.378570,0.429108,0.387809,0.262792,0.460495,0.157916,0.358623,0.389526,0.361974,0.324208,0.245202,0.251990,0.327757,0.313084,0.296633,0.335564,0.330877,0.342802,0.419586,0.389829,0.395633,0.231657,0.446498,0.296547,0.368126,0.259249,0.232807,0.393232,0.337186,0.284086,0.398465,0.248057,0.268957,0.334824,0.360565,0.362413,0.282073,0.254144,0.316632,0.392531,0.359665,0.426329,0.384853,0.372524,0.381266,0.352109,0.389345,0.232442,0.216656,0.414281,0.313326,0.295034,0.246014,0.284115,0.321106,0.453284,0.269160,0.361384,0.212056,0.375164,0.327184,0.384185,0.235358,0.424531,0.329038,0.349719,0.290469,0.329384,0.391294,0.419612,0.507039,0.314173,0.339031,0.276954,0.294976,0.318213,0.362267,0.363802,0.348079,0.308393,0.284316,0.247293,0.398582,0.335781,0.342395,0.344126,0.343727,0.384836,0.326745,0.347492,0.327186,0.112108,0.542032,0.355010,0.216178,0.220505,0.331964,0.309206,0.350051,0.316659,0.358691,0.317625,0.264443,0.297986,0.405675,0.341836,0.315573,0.262152,0.495785,0.327740,0.301723,0.332448,0.321006,0.173860,0.482670,0.208182,0.364917,0.329229,0.300213,0.217941,0.351770,0.378541,0.280068,0.405732,0.228253,0.260444,0.279225,0.293025,0.454933,0.296987,0.251922,0.341974,0.270648,0.299987,0.139841,0.327882,0.288246,0.286930,0.373192,0.196873,0.293821,0.398531,0.223547,0.379573,0.338213,0.417263,0.323159,0.368817,0.175616,0.315200,0.217797,0.308163,0.385479,0.408380,0.305110,0.249389,0.274774,0.419884,0.331933,0.324603,0.255423,0.154893,0.388242,0.268866,0.320501,0.330482,0.372881,0.245323,0.261530,0.374685,0.171870,0.395957,0.254546,0.265836,0.281848,0.280831,0.330528,#
12,0.292863,0.300315,0.326856,0.264811,0.263845,0.342684,0.157638,0.238212,0.326498,0.214331,0.245321,0.310771,1.000000,0.239604,0.378586,0.336280,0.342608,0.319342,0.347547,0.390726,0.317129,0.204686,0.287102,0.337502,0.305724,0.235483,0.260849,0.401849,0.300790,0.358370,0.143792,0.395440,0.341915,0.264375,0.267368,0.334756,0.356031,0.270150,0.318167,0.262266,0.390742,0.288027,0.311096,0.326979,0.310567,0.413146,0.286054,0.188931,0.308864,0.254555,0.363596,0.244385,0.260162,0.307396,0.280083,0.275484,0.251017,0.330858,0.303755,0.250455,0.263816,0.352818,0.268466,0.329400,0.401179,0.286707,0.319151,0.232855,0.292843,0.242933,0.208468,0.311701,0.282713,0.242024,0.366315,0.284400,0.278227,0.226610,0.274185,0.202269,0.326933,0.260709,0.273502,0.294644,0.353398,0.350514,0.308439,0.320818,0.351682,0.328288,0.315232,0.328902,0.256313,0.374038,0.282212,0.237803,0.412663,0.271286,0.233817,0.158276,0.340181,0.303156,0.291609,0.254220,0.358032,0.264437,0.295575,0.245283,0.174997,0.322307,0.359059,0.172171,0.304784,0.335095,0.206957,0.290327,0.320994,0.258798,0.234000,0.266811,0.294581,0.371451,0.349491,0.339329,0.236817,0.209929,0.298702,0.231825,0.221279,0.228917,0.264718,0.326423,0.249057,0.203356,0.297814,0.285226,0.298135,0.307004,0.220611,0.277262,0.394240,0.306173,0.190860,0.239252,0.178310,0.250757,0.272461,0.240522,0.257876,0.256255,0.277593,0.433212,0.260484,0.271817,0.236961,0.249575,0.269046,0.038057,0.264218,0.200695,0.225352,0.364218,0.241286,0.389097,0.320224,0.216880,0.320992,0.149730,0.331816,0.329098,0.302625,0.209000,0.306364,0.291082,0.340542,0.224302,0.372303,0.399059,0.164565,0.318322,0.311994,0.300466,0.345067,0.248364,0.266922,0.311695,0.272378,0.344278,0.260345,0.186699,0.384781,0.358205,0.302905,0.228627,0.234281,0.242609,0.257568,0.251955,0.349459,0.280084,#
13,0.260321,0.366004,0.340991,0.295806,0.268522,0.204680,0.300593,0.329814,0.215407,0.304933,0.367548,0.295865,0.239604,1.000000,0.407784,0.345115,0.302739,0.277654,0.339350,0.404362,0.308337,0.279185,0.199782,0.294118,0.381205,0.396524,0.390261,0.372709,0.277473,0.228608,0.329241,0.294810,0.338115,0.290551,0.231399,0.332424,0.279367,0.337165,0.284688,0.294264,0.276785,0.310690,0.360703,0.225253,0.304480,0.390067,0.407451,0.338235,0.302699,0.270832,0.375660,0.300872,0.334783,0.298694,0.274416,0.425943,0.255146,0.329218,0.359499,0.383018,0.337512,0.322752,0.432715,0.338546,0.313521,0.334737,0.481730,0.338512,0.468570,0.360859,0.194272,0.299731,0.370492,0.244545,0.371665,0.218375,0.345978,0.410589,0.423381,0.275359,0.375886,0.450608,0.358025,0.438715,0.450251,0.254541,0.464023,0.377797,0.386288,0.399451,0.305566,0.351143,0.365505,0.381242,0.301473,0.303106,0.361308,0.218215,0.256005,0.314733,0.397483,0.353256,0.339439,0.317765,0.291285,0.374935,0.349743,0.306673,0.356222,0.314895,0.324731,0.269377,0.417710,0.368972,0.313377,0.368238,0.397410,0.268422,0.227696,0.316695,0.394539,0.411263,0.257972,0.375230,0.331642,0.266383,0.216913,0.281471,0.420895,0.335938,0.267804,0.297489,0.283549,0.255807,0.444150,0.342686,0.354682,0.392379,0.386320,0.349150,0.278982,0.276909,0.344076,0.296868,0.379955,0.413899,0.288226,0.295628,0.123062,0.322565,0.375150,0.288527,0.342993,0.404756,0.375785,0.329734,0.244768,0.314700,0.336384,0.321730,0.206821,0.464064,0.198040,0.426646,0.358615,0.314390,0.244992,0.235728,0.351522,0.365718,0.340061,0.401816,0.354946,0.270528,0.333281,0.324788,0.289718,0.301020,0.373892,0.184408,0.296168,0.327757,0.327356,0.375999,0.247215,0.377622,0.346515,0.369778,0.340456,0.392057,0.245773,0.396219,0.322609,0.273132,0.230930,0.313722,0.242625,0.302697,0.348673,0.334900,#
14,0.461140,0.286661,0.274738,0.314448,0.240111,0.372608,0.215751,0.291564,0.401095,0.347029,0.365638,0.213796,0.378586,0.407784,1.000000,0.457701,0.314173,0.389353,0.365862,0.466217,0.319964,0.218370,0.330799,0.444579,0.313208,0.271554,0.421883,0.375375,0.320902,0.304189,0.209650,0.302680,0.278942,0.204326,0.299504,0.405404,0.365118,0.373344,0.383370,0.410222,0.434525,0.324561,0.359459,0.276455,0.317553,0.481273,0.398996,0.282587,0.314499,0.299555,0.462794,0.257816,0.345688,0.335802,0.438763,0.390269,0.345560,0.305453,0.301526,0.327237,0.337821,0.430145,0.319599,0.351767,0.375267,0.295878,0.398190,0.367128,0.343034,0.350169,0.275211,0.334695,0.255597,0.404868,0.262289,0.234244,0.302153,0.358649,0.343137,0.312570,0.413713,0.300658,0.399561,0.366053,0.386774,0.355141,0.281284,0.233986,0.376638,0.309686,0.383302,0.336835,0.377693,0.397759,0.369915,0.290842,0.401989,0.310668,0.313792,0.233913,0.343839,0.349814,0.330687,0.371180,0.343884,0.342556,0.461554,0.444174,0.250342,0.305072,0.193513,0.176075,0.363576,0.296389,0.341220,0.371792,0.276862,0.291288,0.324476,0.335189,0.465575,0.402445,0.222605,0.320481,0.339569,0.260531,0.277293,0.250618,0.195368,0.399442,0.221095,0.395878,0.337479,0.178524,0.307467,0.324823,0.309308,0.378070,0.258549,0.262903,0.431798,0.427258,0.375108,0.264303,0.273739,0.337855,0.279066,0.223504,0.165427,0.287702,0.395880,0.311444,0.240362,0.342435,0.335543,0.241432,0.352861,0.234422,0.313399,0.222376,0.276924,0.355621,0.280326,0.296205,0.427733,0.220707,0.310004,0.237707,0.289856,0.344048,0.418585,0.303401,0.370013,0.355770,0.315300,0.260340,0.423113,0.374555,0.383996,0.333291,0.323082,0.386480,0.301428,0.311124,0.305143,0.343482,0.316811,0.225265,0.284101,0.316348,0.331617,0.393621,0.316799,0.366367,0.276283,0.186265,0.128207,0.289688,0.375164,0.355406,#
15,0.421958,0.245473,0.316185,0.287890,0.303630,0.280005,0.249164,0.350322,0.342263,0.362821,0.304921,0.321353,0.336280,0.345115,0.457701,1.000000,0.372194,0.460848,0.396454,0.358095,0.279232,0.301670,0.339759,0.454679,0.373223,0.395090,0.415178,0.422811,0.360620,0.309478,0.292309,0.383076,0.300960,0.347390,0.302277,0.317843,0.324623,0.342875,0.399017,0.336122,0.428754,0.372922,0.343917,0.343319,0.423680,0.417275,0.279646,0.353203,0.195817,0.404536,0.408513,0.291106,0.391120,0.346884,0.347445,0.281671,0.309611,0.421276,0.332479,0.379817,0.299389,0.280327,0.398727,0.333455,0.353799,0.325020,0.389477,0.417802,0.344155,0.316204,0.330467,0.408786,0.345691,0.314945,0.365293,0.265202,0.262286,0.436734,0.342307,0.300402,0.505567,0.281143,0.300094,0.442199,0.359926,0.302116,0.398919,0.312301,0.409550,0.379721,0.310556,0.271953,0.363168,0.424361,0.304759,0.325742,0.478386,0.248805,0.315014,0.216472,0.401966,0.322975,0.382221,0.348242,0.252251,0.312933,0.333575,0.280296,0.256757,0.383672,0.288159,0.331578,0.295606,0.297927,0.301436,0.426370,0.366324,0.181263,0.297901,0.285591,0.404511,0.442280,0.238420,0.446684,0.329573,0.231357,0.266825,0.325526,0.273971,0.319434,0.281979,0.409033,0.291357,0.285945,0.413563,0.406550,0.300180,0.319941,0.310116,0.207731,0.310663,0.392477,0.363902,0.266315,0.376065,0.308462,0.390315,0.277142,0.396492,0.344970,0.366301,0.292483,0.330732,0.507374,0.240951,0.453772,0.315654,0.292085,0.362053,0.308434,0.251938,0.314145,0.297480,0.399702,0.356840,0.309653,0.289035,0.272448,0.362231,0.333073,0.268554,0.222632,0.365144,0.246258,0.361686,0.234306,0.417615,0.288650,0.200047,0.389324,0.406476,0.368434,0.246876,0.355992,0.252805,0.382313,0.240071,0.392187,0.321763,0.284095,0.214129,0.432149,0.279486,0.291690,0.263541,0.257440,0.223982,0.334155,0.274023,0.248654,#
16,0.345655,0.227281,0.269130,0.287852,0.173672,0.270998,0.265653,0.254527,0.201935,0.267624,0.305546,0.303269,0.342608,0.302739,0.314173,0.372194,1.000000,0.348398,0.265875,0.319984,0.429250,0.275025,0.390374,0.270058,0.190914,0.329326,0.326146,0.236158,0.216952,0.323036,0.233884,0.389980,0.168236,0.331429,0.210790,0.338996,0.279488,0.242114,0.346495,0.290749,0.233219,0.338003,0.261420,0.314152,0.279555,0.400342,0.274503,0.309192,0.239492,0.225233,0.202878,0.342153,0.427939,0.276265,0.275537,0.258153,0.183959,0.308189,0.298013,0.170166,0.182826,0.422103,0.333411,0.399060,0.414074,0.308265,0.317286,0.413678,0.209897,0.343125,0.152241,0.403608,0.327053,0.191685,0.293787,0.400323,0.221959,0.381533,0.352593,0.249747,0.244683,0.262264,0.265938,0.269926,0.297958,0.317307,0.440706,0.238115,0.369831,0.227097,0.290976,0.312639,0.252611,0.261459,0.274299,0.227671,0.385302,0.118792,0.309174,0.262266,0.304772,0.280760,0.167214,0.241164,0.257401,0.285383,0.326140,0.204811,0.183442,0.272660,0.287834,0.261983,0.294150,0.290418,0.304210,0.434626,0.311682,0.249477,0.152831,0.319502,0.318245,0.339865,0.303349,0.357730,0.354998,0.098424,0.204480,0.181606,0.189887,0.351249,0.163379,0.309740,0.420815,0.089068,0.399373,0.371840,0.150394,0.352668,0.234607,0.332655,0.174826,0.264897,0.199960,0.294665,0.290159,0.253168,0.163537,0.244309,0.227096,0.200397,0.204947,0.319707,0.197482,0.259440,0.287869,0.295527,0.229006,0.149024,0.309024,0.265070,0.160401,0.401435,0.322719,0.391014,0.315982,0.186677,0.301473,0.266062,0.262368,0.225041,0.163526,0.108180,0.292885,0.138711,0.254408,0.322612,0.218294,0.238824,0.259795,0.203986,0.237945,0.315983,0.305055,0.107389,0.121512,0.244948,0.386352,0.300549,0.273283,0.239694,0.340555,0.138481,0.138036,0.236217,0.330442,0.345466,0.122236,0.265072,0.217046,0.232478,#
17,0.488368,0.362952,0.288752,0.380774,0.338436,0.330553,0.275456,0.425549,0.263762,0.259592,0.369313,0.402212,0.319342,0.277654,0.389353,0.460848,0.348398,1.000000,0.332426,0.422191,0.420835,0.330661,0.348879,0.476732,0.396883,0.332285,0.346973,0.359362,0.358685,0.345653,0.321357,0.422166,0.498968,0.276145,0.254478,0.384024,0.244102,0.477800,0.389684,0.274291,0.355194,0.380592,0.276109,0.401120,0.324848,0.416166,0.404201,0.354799,0.362912,0.393458,0.405483,0.254698,0.253543,0.319718,0.340909,0.330414,0.407985,0.477853,0.347680,0.390075,0.306452,0.391530,0.313532,0.362744,0.367805,0.424417,0.450321,0.441020,0.366284,0.467030,0.356404,0.386329,0.449870,0.308911,0.340314,0.379975,0.294600,0.407876,0.334933,0.355686,0.391516,0.364620,0.522568,0.372035,0.429021,0.244832,0.391511,0.316614,0.484633,0.399229,0.343276,0.298768,0.395131,0.367285,0.283137,0.349745,0.374591,0.421325,0.371644,0.341378,0.353949,0.288886,0.315749,0.366576,0.283953,0.388049,0.349301,0.437191,0.215623,0.241275,0.353149,0.333814,0.350067,0.402664,0.254864,0.429943,0.368856,0.254408,0.299616,0.382205,0.312722,0.413704,0.260597,0.413100,0.501137,0.307126,0.305962,0.333653,0.220724,0.336211,0.262727,0.405694,0.446418,0.382714,0.439087,0.423942,0.422230,0.379353,0.307705,0.382907,0.423469,0.367244,0.280404,0.309552,0.388185,0.345700,0.230257,0.283713,0.262068,0.246156,0.368070,0.293177,0.291189,0.423706,0.367750,0.374464,0.332904,0.282662,0.489678,0.365560,0.385442,0.421319,0.283867,0.303821,0.364435,0.313214,0.267083,0.369141,0.324333,0.294842,0.456289,0.259087,0.361472,0.313022,0.412982,0.243912,0.411489,0.354759,0.216894,0.416273,0.343099,0.481923,0.346796,0.220343,0.202945,0.354963,0.336023,0.383362,0.435757,0.350019,0.340592,0.466300,0.298932,0.239002,0.441328,0.340634,0.315812,0.282215,0.309895,0.357390,#
18,0.393695,0.301431,0.305908,0.312588,0.340216,0.254184,0.301985,0.283870,0.247199,0.162874,0.415035,0.261871,0.347547,0.339350,0.365862,0.396454,0.265875,0.332426,1.000000,0.357464,0.314001,0.268737,0.192884,0.446036,0.347757,0.336619,0.354680,0.386013,0.336612,0.256628,0.275980,0.256854,0.398046,0.233280,0.313575,0.396700,0.389156,0.318455,0.321005,0.404463,0.348906,0.357842,0.300085,0.281599,0.278285,0.332585,0.259956,0.303625,0.212240,0.350219,0.385124,0.201862,0.359325,0.347881,0.266961,0.258135,0.308201,0.383816,0.295256,0.252904,0.225601,0.307314,0.359804,0.363763,0.300827,0.372054,0.410887,0.377717,0.253729,0.222744,0.164086,0.310860,0.283720,0.207978,0.288242,0.219932,0.255912,0.373476,0.381336,0.342146,0.387531,0.272806,0.339365,0.373252,0.315143,0.156054,0.428599,0.205775,0.400478,0.318254,0.376541,0.244744,0.335295,0.360084,0.287899,0.331170,0.465261,0.292250,0.273625,0.332883,0.288791,0.365507,0.382331,0.307346,0.378095,0.327601,0.291764,0.307657,0.279490,0.323125,0.366187,0.433228,0.282808,0.336279,0.301892,0.312114,0.283165,0.120148,0.318077,0.364513,0.303758,0.367584,0.266980,0.270485,0.305218,0.229160,0.282629,0.298150,0.329087,0.316821,0.319146,0.399414,0.277223,0.238744,0.398222,0.220432,0.272524,0.406876,0.212283,0.349015,0.364275,0.200824,0.257183,0.233266,0.312732,0.337361,0.181294,0.187534,0.221518,0.274943,0.292519,0.351013,0.306817,0.305487,0.305298,0.390661,0.426770,0.296969,0.237982,0.412243,0.295829,0.354161,0.282594,0.318031,0.323232,0.330099,0.329796,0.288739,0.273316,0.374584,0.169700,0.238906,0.359220,0.245856,0.233112,0.300606,0.361921,0.412223,0.439924,0.247112,0.289608,0.326291,0.365539,0.208312,0.361318,0.289957,0.355767,0.385549,0.310282,0.282487,0.311472,0.396798,0.320612,0.260322,0.328054,0.256428,0.227981,0.340038,0.401858,0.314816,#
19,0.389357,0.333065,0.309277,0.332279,0.419817,0.255293,0.297509,0.372508,0.334331,0.396250,0.378524,0.163704,0.390726,0.404362,0.466217,0.358095,0.319984,0.422191,0.357464,1.000000,0.305732,0.337285,0.316646,0.387626,0.309465,0.422175,0.370065,0.372673,0.342044,0.437103,0.272425,0.359812,0.341165,0.241321,0.343229,0.427319,0.213119,0.306621,0.495967,0.336534,0.397011,0.327866,0.213070,0.202563,0.313609,0.426177,0.431198,0.414861,0.269193,0.394954,0.376748,0.336513,0.287758,0.418422,0.326148,0.394671,0.317927,0.316707,0.343946,0.314350,0.313321,0.337293,0.376613,0.368515,0.406622,0.352905,0.351169,0.379621,0.334542,0.372952,0.349148,0.384214,0.403868,0.215412,0.376726,0.357439,0.296747,0.449828,0.439108,0.260645,0.445980,0.429065,0.416853,0.249354,0.485825,0.245307,0.408630,0.303955,0.415380,0.313819,0.271554,0.357048,0.408071,0.353643,0.308487,0.403466,0.434652,0.392463,0.195875,0.228890,0.340160,0.311880,0.351683,0.382590,0.389881,0.391091,0.355896,0.462026,0.192739,0.178048,0.342874,0.317261,0.384771,0.432054,0.417839,0.332070,0.394838,0.345309,0.363121,0.215974,0.428633,0.500148,0.295617,0.419415,0.481599,0.311731,0.336863,0.328886,0.165278,0.344952,0.245605,0.239362,0.440075,0.268600,0.389791,0.369228,0.335975,0.440160,0.334286,0.342775,0.382848,0.379005,0.286654,0.281899,0.358111,0.356929,0.203421,0.403992,0.356804,0.241619,0.321348,0.377173,0.331366,0.426928,0.345953,0.289796,0.333262,0.247266,0.350717,0.258211,0.395112,0.380535,0.400153,0.352588,0.381384,0.285412,0.283431,0.295305,0.341122,0.299051,0.380778,0.311182,0.364370,0.263892,0.322463,0.272560,0.375865,0.392190,0.283137,0.327512,0.224013,0.400970,0.301247,0.306365,0.285050,0.380896,0.320993,0.345417,0.381878,0.287885,0.415035,0.438376,0.285524,0.361735,0.300154,0.308110,0.286944,0.394214,0.416033,0.441623,#
20,0.387112,0.281855,0.383527,0.272254,0.321251,0.358744,0.283174,0.316726,0.283821,0.276171,0.286479,0.305157,0.317129,0.308337,0.319964,0.279232,0.429250,0.420835,0.314001,0.305732,1.000000,0.292324,0.274524,0.373483,0.379371,0.317837,0.309907,0.375879,0.313541,0.305318,0.247922,0.294061,0.311678,0.228021,0.245847,0.338220,0.303619,0.284263,0.323204,0.352477,0.351048,0.479350,0.248698,0.239674,0.320207,0.447660,0.343841,0.337922,0.301848,0.259309,0.219042,0.358168,0.431590,0.313481,0.331358,0.313447,0.323473,0.325455,0.309332,0.297643,0.309983,0.285366,0.379698,0.370545,0.383489,0.257131,0.369019,0.360838,0.414648,0.395072,0.261578,0.352856,0.464589,0.367155,0.236412,0.258593,0.376651,0.415658,0.312808,0.299893,0.261749,0.274547,0.440418,0.272698,0.321751,0.316823,0.450424,0.301513,0.462544,0.357601,0.315967,0.406508,0.375086,0.407734,0.332602,0.290895,0.441910,0.313012,0.291713,0.177057,0.305117,0.286057,0.320801,0.362365,0.276111,0.368265,0.310169,0.299995,0.255395,0.358625,0.402735,0.322940,0.326590,0.361311,0.264521,0.455705,0.439797,0.270108,0.151039,0.347806,0.302462,0.360419,0.283906,0.308703,0.362082,0.225249,0.343293,0.392369,0.289648,0.368235,0.251843,0.426431,0.315521,0.170496,0.380318,0.286673,0.385591,0.424469,0.298331,0.328777,0.350359,0.347588,0.174052,0.298853,0.380837,0.241481,0.202072,0.287010,0.230056,0.304960,0.351928,0.375946,0.172667,0.251012,0.310450,0.339743,0.239233,0.157746,0.309132,0.384079,0.307882,0.390241,0.254885,0.309397,0.440440,0.202651,0.186407,0.337478,0.287386,0.286154,0.322778,0.216125,0.284972,0.290583,0.247547,0.377028,0.224014,0.275698,0.430789,0.361420,0.269918,0.334313,0.274836,0.274320,0.267088,0.197871,0.325630,0.306124,0.379109,0.361923,0.331692,0.394428,0.314956,0.240822,0.377488,0.339685,0.248977,0.316152,0.326117,0.285430,#
21,0.381654,0.373521,0.400839,0.288176,0.297835,0.328047,0.301592,0.302688,0.271750,0.256154,0.302459,0.355803,0.204686,0.279185,0.218370,0.301670,0.275025,0.330661,0.268737,0.337285,0.292324,1.000000,0.256482,0.383071,0.335057,0.254352,0.355361,0.427756,0.331143,0.327817,0.286545,0.351496,0.270167,0.307246,0.221445,0.368708,0.369094,0.351662,0.424795,0.277167,0.308991,0.384616,0.197465,0.329574,0.327474,0.372359,0.400161,0.414335,0.158049,0.371908,0.350342,0.254556,0.309867,0.281139,0.284134,0.264274,0.310135,0.333633,0.261942,0.267202,0.228806,0.233550,0.433058,0.357209,0.432304,0.337249,0.305855,0.339130,0.398951,0.443862,0.460387,0.288966,0.480655,0.344556,0.253166,0.223989,0.315971,0.320763,0.288900,0.245184,0.413919,0.327833,0.283897,0.193023,0.399646,0.211099,0.402203,0.267399,0.363510,0.400031,0.247070,0.303824,0.284494,0.298584,0.324675,0.365456,0.387353,0.301359,0.240684,0.312954,0.487991,0.281680,0.270245,0.312510,0.282285,0.368613,0.277335,0.321363,0.248502,0.288638,0.371301,0.315039,0.285890,0.317597,0.237909,0.385915,0.449392,0.225921,0.272444,0.351395,0.256206,0.394037,0.169397,0.416581,0.273339,0.250455,0.273943,0.311612,0.194406,0.235122,0.299758,0.291070,0.363367,0.279961,0.351401,0.284844,0.380605,0.308302,0.222717,0.377713,0.338796,0.351249,0.294636,0.238878,0.331696,0.314980,0.310580,0.357529,0.310618,0.272092,0.272059,0.295379,0.316692,0.371452,0.288245,0.304313,0.273667,0.270476,0.282419,0.275042,0.387408,0.314699,0.230067,0.303137,0.348866,0.137798,0.098501,0.355193,0.258191,0.421833,0.269140,0.221847,0.369778,0.267404,0.265587,0.343270,0.349531,0.278812,0.281343,0.355666,0.262991,0.320960,0.194444,0.295607,0.196408,0.267604,0.296612,0.386679,0.425324,0.286088,0.386208,0.303557,0.323314,0.184004,0.418289,0.368144,0.241923,0.321701,0.325012,0.330274,#
